axis_00,axis_01,axis_02,axis_10,axis_11,axis_12,axis_20,axis_21,axis_22,location_x,location_y,location_z,dbh,dbh_approximation,score,reconstructed,number_clusters
0.68283527858046444,0.71799191143451691,-0.13499480523541266,-0.70841017023969843,0.69588684226606112,0.11788355891272596,0.17858055052804503,0.015136640168065815,0.98380885800927886,-17.132791360300928,-9.3946241823775303,-3.9665121882492991,,0.1741581319283616,0.2777777777777778,0,2
0.88581712078062802,0.44352051871752968,-0.13644624585693624,-0.4116726983213666,0.88680993119990703,0.20998508371315489,0.21413457915227768,-0.12983718805392053,0.96813670863650625,-2.0785882640329985,7.6272418811845624,-3.6390527667267403,,0.3843207091765889,0.1744186046511628,1,2
-0.54138903433484309,-0.82498143979957927,-0.16218365357889838,0.82707569051935248,-0.55724363118594966,0.073656891426628623,-0.15114137637961084,-0.094261123953149964,0.98400768536488914,-3.972907961752743,5.5621767792314101,-3.6975812856963954,0.1548636173573996,0.09518063528532016,0.4383561643835616,1,5
-0.0050676502167276592,-0.969631690441219,-0.2445172873507854,0.99626746655912501,-0.025966397605868392,0.08232181528148029,-0.086171074016430343,-0.2431874402338238,0.96614409635176945,14.777337622843692,-11.155619183955439,-0.39529071080688616,0.5291818907392954,0.3993655024812737,0.7837837837837838,1,5
0.62811232868273537,0.76872027637973217,-0.12059867013951993,-0.76185730520949857,0.63907517458865226,0.10562370815023185,0.15826670229607132,0.025535424553996128,0.98706615433676725,-9.1032764612895694,8.9466061678852586,-4.5554077398125354,,0.152585766305854,0.4589041095890411,1,5
-0.98523014166933687,0.08982449790372686,-0.1457845242903488,-0.099009074713596129,-0.9934524149230004,0.057004406917510804,-0.13970959548498263,0.070596450760664869,0.98767270392039341,-1.9377123231193305,22.110546663666419,-4.8161903778929842,,0.2973616674687051,0.797979797979798,1,5
0.099847449049184384,-0.92309566849436619,-0.37138238208793545,0.99303862472106141,0.069008082166564538,0.095457710048978878,-0.062488212732264826,-0.37832825879470255,0.92355993409572246,8.9845619938783425,6.3426003656827916,-2.4031140093064907,,0.1471589691013998,0.1904761904761905,0,3
0.62623398268028296,-0.75626933007492025,-0.18944049019262757,0.77889856672219882,0.61745169989674131,0.10986546797210142,0.033882468837081132,-0.21635641585739054,0.97572633439035983,4.4217160119482939,18.493696658889093,-3.7635074113279501,,0.08440993221840172,0.2413793103448276,0,3
0.82117481511447121,-0.54621904846203717,-0.16527756689563844,0.56516839082596138,0.81853733903997816,0.10286551710143849,0.079098754939054702,-0.17788022850946633,0.98086798870822201,-4.6939147185362797,17.632361212696711,-4.7637493617160338,,0.09357119847852251,0.3666666666666666,1,3
-0.96189065934537554,-0.18252046967967536,-0.20359920827947753,0.22054264524781034,-0.95804007137085911,-0.1830851257607175,-0.16163941688591249,-0.22101018029862335,0.9617833431252345,-5.6972086828326942,-7.8346558059519582,-2.8358394285305795,,0.4960076416309132,0.1666666666666667,0,1
-0.94784224439313003,0.29467318907840628,-0.12150222788968841,-0.29578475903429219,-0.95521032874495038,-0.0091980531630868473,-0.11877060270463261,0.027220203844333588,0.99254854009053517,9.0074072466973902,9.6194144394698249,-2.6043953713364481,,0.2167723705174922,0.4807692307692308,1,5
-0.87442786114984383,-0.41435365703026522,-0.25236275983305123,0.44979453311948941,-0.88733295513274268,-0.10161252241340019,-0.1818262731860539,-0.20236421037584332,0.96228266779477623,-11.627313994709414,9.6637748215146519,-4.9477398690436409,,0.2990162504686383,0.3080808080808081,1,5
0.076907381559721988,0.99163217949142235,-0.10368642755307955,-0.9925277241781385,0.086025110525627099,0.086535525056586654,0.094731047705558638,0.096256433323421708,0.9908383963313403,3.4710724914175843,20.221810373375533,-4.029066801826751,,0.08170443344227243,0.4,0,2
0.74981738657057884,-0.58886295659259325,-0.30168577220262971,0.65936916360732678,0.70282563109918583,0.26696149226771604,0.054828759608820429,-0.39909466373663915,0.91526895309340495,12.526294009692347,19.32865867380217,-2.9310617249227486,,0.1333843781767964,0.2222222222222222,0,4
0.70048596694532506,0.70499741981972441,-0.11089656514159679,-0.69508283162516116,0.70918823744405679,0.11794872212508319,0.16180008434058638,-0.0055391261516291052,0.98680801110897753,15.632243286422645,17.539415862626633,-2.4840537234253528,,0.1496015319124624,0.4615384615384616,0,4
-0.63127382389502318,0.77420171330032428,0.045881002471600707,-0.77529136680043087,-0.62839290556299765,-0.063605446329809218,-0.02041214907049789,-0.075723598441549494,0.99691989688710092,-9.7883449505534923,22.037844530655232,-5.7226333270795031,,0.1104651310102356,0.2307692307692308,0,2
-0.92981172955458036,0.35889887050653813,-0.081496922223184082,-0.36321286123607749,-0.93057750955490548,0.045846659019957908,-0.059384888780079192,0.072229491620262945,0.99561856929491666,-4.4953305476453345,11.00897451762776,-4.2201596352130979,,0.08588047259567137,0.4787234042553192,0,4
0.16578939754840588,-0.95955225454397264,-0.22753757153515602,0.98351479349723991,0.14399110284776453,0.109385617303036,-0.072197829833163155,-0.24192154327439327,0.96760603567108738,16.617287663465707,-8.5815792125606389,-0.40701828436455423,0.2911655296988055,0.1292157377420803,0.1904761904761905,1,5
0.60185282973467591,0.79073842079936252,-0.11182987620530467,-0.78439286441242384,0.61161841795668115,0.10320244703997858,0.15000335196000247,0.025605872137011564,0.98835385045684265,9.1415098061811602,-16.074489122587973,-0.61625034433958159,0.2010547517021074,0.1461438481657162,0.3478260869565217,1,5
-0.91828858533665503,-0.36085032957604263,-0.16288988208377531,0.35905226075531604,-0.93239899935174475,0.041395411030223463,-0.16681591077262778,-0.020473046981973102,0.98577548471260545,10.697484158177726,2.0252550145308708,-1.840455267069206,,0.08575391642642438,0.3225806451612903,0,1
0.98546309120834952,0.098480453573607671,-0.13843444704993335,-0.075457335677564907,0.98378601619989037,0.16269992262442054,0.15221263534453239,-0.14988887414843585,0.97691588125487416,4.0811611880635645,-26.78496677069003,-0.60370742504039454,,0.3064841885635405,0.3,0,3
-0.77043339730097415,0.62725956635509772,-0.11392022094121396,-0.63517111210921484,-0.77056651510386953,0.052772190996984082,-0.054681246010157447,0.11301629181978061,0.99208733442075758,-9.0324489327916169,16.160683693996155,-5.1588217595152521,,0.1099665857721935,0.6,0,4
0.95123180221990078,0.28029913087822322,-0.12880394277503129,-0.25646195021828821,0.9506296479389712,0.17472990742760874,0.17142148796377049,-0.1331753343841913,0.97615521500217739,-22.901121395990465,-16.539838767385053,-4.1510917674487766,,0.2275621159199377,0.6956521739130435,0,3
-0.31216274255738341,0.94735641511564139,0.07120565215132249,-0.94983620284734926,-0.31273015735521004,-0.0033221139529031898,0.019120928836835437,-0.068670746463307619,0.99745612367692171,-4.9352175048916109,-14.428221782044227,-2.1928000595295787,,0.3453609979034492,0.1304347826086956,0,5
-0.5984497529363737,0.79971671962689106,-0.048073501636543198,-0.80094406052589084,-0.59860432064853808,0.012707446997754611,-0.018614647960462433,0.046108954120729274,0.99876296448717061,4.8266557324433936,12.885353018701805,-3.3250357407160824,,0.1391218274839409,0.4423076923076923,0,5
0.043351973132460288,-0.9423060633178455,-0.3319335618161392,0.99419333826604661,0.0079365133245622426,0.10731550635236441,-0.098489657187634513,-0.33465847485261047,0.93717847427071665,2.7664915297365233,-20.031289893434298,-0.9415913734899195,,0.3834548528015169,0.5555555555555556,0,4
-0.0083617947624432375,0.99940947460183349,-0.03332840326867955,-0.99632467008145631,-0.0054853444292977793,0.085481359275403623,0.085248062590474419,0.033920687973284472,0.99578218238327165,-2.2971568722378199,-15.492357414445832,-1.7962839240579569,0.4450482857682336,0.2913884858508503,0.44,1,5
0.89556577902185819,-0.41200961679095538,-0.16795836125880181,0.43408698049826766,0.89192354201571489,0.12665262950305345,0.097623915137985628,-0.18633429869433943,0.97762421222227303,18.790793786536039,-9.0200564925991955,-0.1736745934367277,0.549514967219156,0.4446008247280625,0.9041095890410958,1,5
0.12660863310914836,-0.8904322049931982,-0.43715070894736646,0.9898529337638533,0.084750797033561184,0.11405468829149282,-0.064509096578130254,-0.44715521993277479,0.8921271129976639,-17.740141752084128,-3.3322312682382935,-4.5988140478506985,,0.5169833806308763,0.1428571428571428,0,1
0.80086272227977373,0.58438483753518644,-0.13081766593852684,-0.5729347029889168,0.81126771955182408,0.1165783570144332,0.17425477374703954,-0.018413279777289116,0.98452842770242632,-1.0476202628236149,16.947688039387408,-4.3209974753625335,,0.1902655771643895,0.3611111111111111,0,2
-0.35644305291383721,0.9312049239503899,0.076195404323437563,-0.93396576655647712,-0.35735830032001448,-0.0017297667363745414,0.025618292879022318,-0.071780462543362039,0.9970914041686576,-18.674503659546204,-18.39269023216049,-3.4667451301006227,,0.2301131272695287,0.2857142857142857,0,1
0.93628424770728469,-0.26896835728676577,-0.22589340467057339,0.32384126241291505,0.91006946504169983,0.25865112711435101,0.13600972117467952,-0.31532458130817131,0.93918675681081298,30.193864473285728,2.4634259323141845,-0.12858369238827691,,0.5140293114694752,0.5476190476190477,0,5
0.27966996230206403,0.95781934496155108,-0.066081878025585947,-0.95234146088785832,0.28548349827870123,0.10744726187546684,0.12178035169904257,0.032882740578927996,0.99201223344880041,-19.517283280627307,-2.7218474294189479,-4.8724506508596539,,0.07441602401507326,0.3571428571428572,0,1
0.57850472123965457,-0.78249243886540809,-0.23029952371183049,0.81560671356027359,0.55867824699793256,0.15054668753156769,0.01086168950209933,-0.27492580717310527,0.96140408999097637,9.7187956446351489,7.8547810506990627,-2.4122180254424936,,0.2608437000024629,0.40625,1,5
-0.42375200890430248,-0.8697296335954583,-0.25299130300363704,0.89514301263019025,-0.44478573432470936,0.029742855958632169,-0.13839516569922142,-0.21385980217689127,0.96701125284246114,-11.649132610138517,13.432629201748068,-5.2513254094377357,,0.07951164793884299,0.25,0,1
0.61281179992429502,0.78059618059828118,-0.12300935211975451,-0.77425820743652751,0.62424492333352255,0.10412734467708154,0.15806937113407307,0.031430534957269975,0.98692765458344467,-1.6295767085047239,1.946095294308126,-3.1003399378426955,,0.2225508699563074,0.8014226437462952,1,5
-0.88656948760888632,-0.41977732468094486,-0.19437474456478529,0.4309519348203959,-0.90221116073373142,-0.017188697508833679,-0.16815163845610925,-0.099005146993485268,0.98077673675170551,-21.944350049239429,-12.806491734941,-4.2660361992899931,,0.1993200892996812,0.1724137931034483,0,1
0.8707423036832338,0.47376325738797903,-0.13174299421809293,-0.46122741489844132,0.87976054840837925,0.1152850780035736,0.17052012292547161,-0.039620113746941611,0.98455732908965898,-5.489782398946347,-5.2285782036934547,-3.069747341649137,,0.1973288626390061,0.7286135693215339,1,5
0.82299686866711863,0.56520458135772444,-0.056744474412557006,-0.54260457000445095,0.81176546420670215,0.21590996209430091,0.16809650434914619,-0.14690341157889183,0.97476302396637948,17.133253962410709,-6.683561894808201,-0.56757468761153607,,0.1530653481537365,0.2857142857142857,0,1
-0.68457901797611143,0.72500349476722525,-0.075640602338780352,-0.72746196746149161,-0.68610572667174685,0.0076169367392715731,-0.04637514467814477,0.06024005647029821,0.99710605331255353,-13.893334964130579,-5.2621237672833168,-3.9636220983062085,,0.3442728098086333,0.4565217391304348,0,4
0.98938710251682294,-0.010180471363304969,-0.14494660870881099,0.032035125769265149,0.98827968435134506,0.1492548699887257,0.14172830377278775,-0.15231422619448581,0.97811730605713243,10.57280301766491,5.7324694279054942,-2.1870713823553736,,0.1629817275978355,0.3,1,5
0.79962336382331833,0.59342023818812084,-0.091950513520233354,-0.5783254715283983,0.80224023923922905,0.14815615926055722,0.16168526528207908,-0.065291802350202752,0.98468007775953581,-0.77357970911035157,-26.570279458296479,-1.0260611868084657,,0.1541890820222037,0.2666666666666667,0,5
0.93910808309333993,0.31574732017927681,-0.13557152381070903,-0.30024966543587889,0.9458806087954984,0.12312600176363893,0.16711118057866481,-0.074923318828400476,0.98308715260720536,16.694102026366686,-7.5606072625086869,-0.50901937090885452,0.1661210863258198,0.1260801790502417,0.3529411764705883,1,6
-0.98579087683989874,-0.069412097690450869,-0.15296505428833698,0.070334473425970351,-0.99752327138375185,-0.00062039966784744834,-0.15254313811874345,-0.011370300878503659,0.98823140370604345,-13.380795470251702,14.486623926569443,-5.5521146761063962,,0.08879248150399854,0.2954545454545455,0,2
-0.62914642781568875,-0.75044920728786402,-0.20248644312095176,0.76120384873452518,-0.64757400371559015,0.034879942424065037,-0.15730058181234988,-0.13218886864171567,0.97866369605126302,5.8823370407463651,6.5261337866512825,-2.7416404343887222,,0.07306827703788851,0.2,0,5
0.77578378359430467,-0.59113368467110339,-0.22072717992868651,0.62937928402067367,0.74995249414650467,0.20360003283168179,0.045180061506493042,-0.29687071827750572,0.95384827864376232,3.5326072576292473,-12.775857609762861,-1.4081575183118378,,0.251638920697293,0.7719298245614035,0,4
-0.48975706814623127,0.86475436120335825,-0.11107614046491288,-0.87114712205591005,-0.49051665242818382,0.022273424172200296,-0.035223655893649272,0.10767222701524107,0.99356227061773317,4.9820752985609609,8.2105650472912295,-2.9504945577435637,,0.1444436935871333,0.4576271186440678,0,5
-0.34929137313190239,0.93691157489926358,0.013864972968332117,-0.93675343879252682,-0.34950499186012224,0.018418891802495514,0.022102750191012915,-0.0065545010975889342,0.99973421815468344,29.932548860836192,-6.378189548650731,0.4477206699814843,0.4844524815571179,0.3104057781151685,0.3846153846153846,1,4
0.26467191690062208,0.96045464430664995,-0.086461856526082057,-0.95661997517475006,0.2728172473473699,0.10222021642739944,0.12176616730771567,0.055656318415707173,0.99099716181208053,-2.4471675524783834,10.469448549109398,-3.9561293402931428,,0.09817051540717356,0.45,0,5
-0.98307427759874655,-0.096787605921389255,-0.15555424797705653,0.095267954025723439,-0.99530283881133041,0.017212669457649678,-0.15648955766904826,0.0021019976478407619,0.98767737644760956,-9.970310301560211,-6.4987279549469061,-3.4298189996248833,,0.08649604414312599,0.2325581395348837,1,5
0.53229238088209807,0.83901261497675084,-0.11279473908272999,-0.83328565864928239,0.54277699350783992,0.10501498182650247,0.14933128387681535,0.038091563744007413,0.98805323764827446,-18.631947502873597,-17.303691546800753,-3.526999569103578,,0.1755723025868186,0.4347826086956522,0,1
0.0038755942955892779,0.99681051889282923,-0.07971053376728833,-0.99616386010675684,0.010817001522261054,0.086836376566936463,0.087421642549562015,0.079068210443119444,0.99302853660469426,-5.2758472833795702,20.04091573937691,-5.0514259579248471,,0.1351773461520739,0.2068965517241379,0,2
0.93954107083460048,0.33258296187504649,-0.081554581020289799,-0.29976806058619926,0.91393379142386244,0.2736131114292476,0.16553454644684429,-0.23262329712224972,0.95837608253159812,18.738528627313205,-4.9694151277838801,-0.60662946139495255,,0.1706784792781172,0.4444444444444444,1,5
-0.88327287113008757,0.46627498730738548,-0.049159651515358053,-0.46313653447792685,-0.88401459450191722,-0.063425130188189155,-0.073031401173671961,-0.033254066204155802,0.99677509074188941,12.253480351240178,13.373649768703277,-2.5250867053569608,0.3965002111325417,0.4140294833684328,0.5161290322580645,1,5
-0.8758964718274409,0.46234576810564509,-0.13799188872916782,-0.47264372174613078,-0.8796763648090361,0.052701095722258832,-0.097022074468690434,0.11138170366429853,0.98903024885724888,-7.968836499020199,-10.093158902105051,-2.9470082214808273,,0.1124569619396261,0.5185185185185185,1,5
0.97215286344642415,0.20140918693336174,-0.11980463059397822,-0.18062726274689678,0.96969672521551697,0.16450548033079171,0.14930707299214244,-0.13828449126761522,0.97907343822073689,-7.8890941794631253,-22.849337008933187,-1.9161141475958072,0.3764303632896092,0.3282340577611895,0.2,1,5
0.77800270922494086,0.61510262666656079,-0.12790833869044868,-0.60591123057944185,0.78843113136582599,0.10605626691011996,0.16608240453569834,-0.0050109640890549758,0.98609914569608048,-2.1528991007841709,5.9840017564220318,-3.5523125742961228,,0.09523316296523313,0.4241379310344828,0,5
-0.075682153024582782,-0.96150819295117962,-0.26414807703506293,0.99300610594086991,-0.096750023375915109,0.067663184531251058,-0.090615038915810769,-0.257179757882532,0.96210575658696118,6.2069927111298293,10.192421491871091,-2.9422477201229289,,0.1568003708392812,0.359375,1,4
0.93143899272284358,-0.30152979509304828,-0.20371839756536453,0.33934166330208843,0.92188286563330324,0.18702731778834353,0.13141019132026108,-0.2433346763674967,0.96099926997594509,-9.725319984745644,-12.822430207697622,-2.8430587363917708,,0.3635731989256052,0.3636363636363636,0,2
0.49721203021030097,0.86442538809649017,-0.074491243971246096,-0.85612426402756203,0.5027426196727488,0.11958721883147656,0.14082415118656516,0.0043135575589786221,0.99002522779157975,6.6350402762698097,18.40074844412413,-3.5219871127575675,,0.1194759019139117,0.5,0,3
0.62463105248233675,-0.75130499566260311,-0.21301843058107417,0.78043356204053593,0.61019521004866306,0.13632777000445748,0.027559091340763876,-0.25140129101912673,0.96749051021619181,-0.84787057740044869,19.971058605067213,-4.4949683053376237,,0.09572736656903565,0.3076923076923077,0,3
-0.96658516504847902,0.23675410891622409,-0.098288405315634306,-0.23960043548128535,-0.97070338136954448,0.018071433670630008,-0.091130401213777856,0.04101752441357559,0.9949938756925083,8.9000632550702434,21.712629657188689,-3.4964830462090997,,0.1765912305603141,0.5,0,4
0.84400220052933417,0.53018890152975706,-0.0809939145634513,-0.50921364539105474,0.83954366166414707,0.18938823486982939,0.16840946781340749,-0.11860088049515573,0.97855612117884117,-17.893765489486032,13.379323034950199,-6.0209266008356899,,0.159980313237806,0.6222222222222222,1,1
0.95825095632062474,-0.2201869733422131,-0.18240833720256447,0.25920102045453614,0.93826235057022445,0.22908206498494096,0.12070598869126596,-0.26679853499004302,0.95616348289465192,7.3382315755886474,21.797457390702863,-3.6828613424804009,,0.1584473005928552,0.3,0,1
-0.77033898683629454,0.6367167427310183,-0.034199925234339866,-0.63488874807974305,-0.77088985582082004,-0.05143061106279407,-0.059111106585551271,-0.017905857102033466,0.99809080616929535,-0.52226174102279965,18.409175075193254,-4.3943049242958478,,0.1239057914631357,0.3333333333333333,0,5
0.90636586804352315,-0.39262801648638257,-0.15602613215638167,0.4143224859500384,0.89828485119432533,0.14635984336890276,0.082690935911331503,-0.19730070142997089,0.97684934474736196,-11.344266266629177,-18.649635137600285,-2.5688476396156097,,0.0987814491029068,0.75,0,4
0.79334093990031751,0.60486072638581345,-0.068946753035278849,-0.58563590162278878,0.78920246190913856,0.18490555656069033,0.16625505649015568,-0.10631545415687005,0.98033477975581096,-7.4701064014947489,24.56053091319173,-5.6549016969185431,,0.1846520414560881,0.25,0,4
-0.91146966449498823,-0.34616886485161691,-0.22223898783232462,0.37373004721827335,-0.92258491151853983,-0.095723209539560053,-0.17189794213899215,-0.17030618909972237,0.97028186597643307,-11.362203606082838,-7.2132039854192627,-3.5380332946724451,,0.2051330136110742,0.3720930232558139,0,4
0.28394626931544192,-0.9146737003672557,-0.28765697974899901,0.95881091565601839,0.26851433186975665,0.092637366107888974,-0.0074929407252043992,-0.30211268665352614,0.95324277096775223,12.94784396013296,10.086435019107979,-2.2611336895210106,,0.1258107935090902,0.25,0,4
0.39652698732778419,0.91210853051194629,-0.10404026570558417,-0.91014069805373821,0.40540893112544246,0.085366904066970492,0.12004273433658674,0.060840998767801066,0.99090267675586141,-4.8590095806647389,16.571809673469787,-4.7066284015433428,,0.1250849599007725,0.4262295081967213,1,5
-0.92964277146159979,-0.33155738407757457,-0.1607296442254286,0.32754268702565659,-0.94342368576129243,0.051648207331834756,-0.16876049788149436,-0.0046314369492845078,0.98564620637761113,10.091238355297184,13.428802176953159,-2.7621779562686983,,0.115689792637959,0.4375,0,5
0.66969977674803782,0.74210642357595191,0.027933225931493819,-0.72615205017849227,0.64649486636091769,0.23398202450306568,0.15558087621942032,-0.17698147885101007,0.97183956860096443,-12.24881926105545,-9.0039408334839646,-3.4897451184415664,,0.3570576864619243,0.3518518518518519,0,4
-0.58018199915124324,0.80887735582566356,-0.095426783941147342,-0.81424203062693867,-0.57888548899560133,0.043606263206598134,-0.019969061605057681,0.1030000672951574,0.99448088102074994,-16.172398202507598,-8.1837361565157494,-3.9741400088134142,,0.1246098485667235,0.103448275862069,0,3
0.22461569288789895,0.97128736941620308,-0.078413242000575215,-0.96676346739410757,0.23220742310369921,0.10699584462801102,0.12213184932936601,0.05177411194884271,0.99116257632706117,1.9386874403214356,-8.1232465645743872,-1.961925483527416,,0.1401643884882715,0.3829787234042553,0,2
-0.019935799278681124,-0.97983514488425738,-0.19881059518236363,0.99588388206539014,-0.037046681125406364,0.08272144135567179,-0.088418648199842631,-0.19634314927503327,0.97654058307029601,2.2087834179397019,-13.33793699417793,-1.5245860262536812,,0.1271127325794378,0.4347826086956522,1,5
0.98864933528553745,-0.01261116808229016,-0.14971122295628014,0.038542942871256029,0.98441196097094075,0.17160283404469126,0.14521340638621455,-0.17542533892498821,0.97372430239198871,6.8099830439421805,27.751926784202617,-4.2076543568040927,,0.319449114474761,0.4166666666666667,1,4
-0.28987015493540474,0.95702193817677172,0.0091816733823031522,-0.95653231233425573,-0.29001551978568901,0.030609373464963788,0.031956669698287386,9.017655729251827e-05,0.99948925113278864,2.8304162461407807,15.710990396166185,-3.8098773076044776,,0.1442880267153048,0.15625,0,2
0.066003197699175467,0.99148769669425418,0.11223067850372832,-0.99343289264533641,0.054761145067235839,0.10046046387134369,0.093459433466097919,-0.11812435944735862,0.98859090123334059,20.075856528693436,-7.5231087015476996,-0.24650006424259377,,0.390739086888694,0.2608695652173913,0,1
-0.94826355825613928,0.28718560384929726,-0.1353538068364564,-0.29377679686523189,-0.95536788101098102,0.031103143831339084,-0.1203803044813003,0.069257785658387555,0.99030901309575459,5.4577597610101876,17.998215285228419,-3.6172118855840494,,0.09126498473134299,0.2857142857142857,0,3
0.92170173786272847,0.38418522136484101,-0.0535501830592039,-0.35030644133246125,0.88369356813799904,0.31043690952030556,0.16658722514590663,-0.26737126494142865,0.94908445519975082,21.678428771109857,-4.7485552564216551,-0.28954659776460706,,0.4604350541363709,0.1724137931034483,0,1
-0.50699734817585773,0.86186424127625505,0.011988267262266704,-0.8619472010010536,-0.50693445370397294,-0.0080300893084499052,-0.00084358111375336571,-0.014404487396562776,0.99989589413785729,21.896590456062153,3.6202010287098152,-0.92267866245801211,0.4501604029393547,0.3489124447365287,0.55,1,5
-0.82254564738584812,0.56284116685821228,-0.081415470620048669,-0.56611124179903682,-0.82401038411606975,0.02291176068401456,-0.05419151110045,0.064936182198951128,0.9964168667611345,-13.151554943561107,11.640743956868159,-5.2801062661350677,,0.147577094907359,0.3,0,2
0.93820053119439417,0.32524623454972423,-0.1182989863768185,-0.30642783931972967,0.93953263254495467,0.15290654555312375,0.1608780362771714,-0.10720689947187789,0.98113451582809397,10.736963232273633,16.269804333266865,-2.932276182173946,,0.08263960280403695,0.3571428571428572,1,4
0.19282253962432894,-0.95633868457785576,-0.21962647516344949,0.97941665362191221,0.17396746101434163,0.10236376857208387,-0.059686571528944063,-0.23484386917294794,0.97019888182320657,20.704041156974846,-6.5462346449003972,-0.28411951347258829,,0.08718309098277424,0.5384615384615384,0,4
0.69421788539871032,0.71216590719438655,-0.10431322170529363,-0.70306276578879001,0.70198924552524977,0.1136391065096245,0.15415665718339358,-0.0055515580592473534,0.98803082201374415,-10.11172655809477,25.301469150818562,-6.0356910617198656,,0.09842811254744133,0.4736842105263158,0,2
0.94675232992931257,0.30339759779148617,-0.10774935465130207,-0.26916363249078729,0.92948923239229331,0.25219180361611365,0.17666625234543504,-0.20976096996614887,0.96165969592214795,-3.6028883641400022,-11.465005676009021,-2.300100817726944,,0.3337122707398858,0.5,0,5
-0.91603917214100161,0.37924739758219334,-0.13055131761251598,-0.38685988141088773,-0.92135654667703648,0.03796769745614402,-0.10588516070717398,0.085284965395439241,0.99071429151875889,-2.8647148815761749,8.8396804703601077,-3.8411181101758434,,0.06814867932096605,0.2823529411764706,0,5
0.70114930861059344,0.71110479462687803,-0.052149957752185762,-0.69706431789010559,0.69901239968302364,0.15963396196857632,0.14996994285286291,-0.075575367336511767,0.98579783936295096,-4.6849153281224822,-12.973479582095319,-2.3376116389445647,,0.642727376446073,0.7777777777777778,1,5
-0.056179826374998361,-0.97801702138878377,-0.20081467322455962,0.99408926392164854,-0.073507696850763846,0.079894642244715097,-0.092899744155674882,-0.1951392435608682,0.97636587054152113,5.6950409321517412,-6.0538998488040718,-1.7247844287187786,0.1866170705471403,0.1569905018115118,0.6618705035971223,1,5
-0.63943564662976893,0.76705264282200636,-0.05246233848148843,-0.76578287772559217,-0.64148835868391341,-0.04548922790431284,-0.068546611889145653,0.011087326674885116,0.99758630362777356,-5.236840757804571,-15.689510454845276,-2.1218847431504959,,0.1579105769270966,0.4814814814814815,0,3
0.66569375550994769,0.73945612249810144,-0.10028193643491273,-0.71906404093757581,0.67157199386203736,0.17871195284785157,0.19949618769687624,-0.046858296599869474,0.97877759022883881,-2.1652687373235144,-12.470007425728443,-2.0834075744928988,0.6963459770067284,0.2457701947267005,0.3225806451612903,1,5
0.33495334078053574,0.94140473721680507,-0.039539603509872671,-0.93538961504222184,0.33727611898244886,0.10625952962112407,0.11336898857767029,0.0013929500696580979,0.99355197756281521,-6.2850351777591325,28.655170599803782,-5.7846860315286914,,0.1306462148334805,0.2173913043478261,0,2
0.1652224884876736,0.98158188478498243,-0.095908981643543861,-0.98093887725628881,0.17363733280746524,0.087229557735208241,0.10227633345555132,0.079668564173521722,0.99156062421690472,13.450530697549503,1.680444758784986,-1.5965450426608816,,0.07982251708084773,0.3636363636363636,0,5
-0.10642706892173445,-0.95270954255769458,-0.28463627056339369,0.98817453723567406,-0.13312183514005688,0.07608982171095692,-0.11038280192036302,-0.27317229824499523,0.95561107806039891,-1.5392759837855055,-27.900386898693338,-0.98891598137313186,0.6250524689596066,0.4573116300253693,0.7037037037037037,1,5
0.86659163811761231,0.48609933390321219,-0.11281121541533708,-0.46814161129375709,0.87021125112174325,0.15354416366770146,0.17280730459074062,-0.080248464159649202,0.98168111904024069,2.6122720075341448,-9.854432864680561,-1.7445203958594999,0.5428937777841224,0.3051139339481058,0.2857142857142857,1,5
0.56665907459727949,0.82339648343026539,0.03026093606001978,-0.80827167211862716,0.54836892780708157,0.21444911533105185,0.15998249037664775,-0.14597859463080606,0.97626628164784091,1.9888986356343656,20.5123496035927,-4.1995083604586219,,0.3020510973128512,0.2352941176470588,0,5
-0.13107381475639762,-0.96460767705090378,-0.22880490479809623,0.9871268773577343,-0.14832603405143172,0.0598323960789044,-0.091652512694278543,-0.21801701079740063,0.9716318232333645,-8.6216431211028883,-14.067695580973814,-2.6276501079135901,,0.4476214938513404,0.25,0,3
-0.7530803317964605,-0.63019505320075053,-0.18900848865232717,0.63612611784737783,-0.77077426233467339,0.035363805152509337,-0.16796897348545553,-0.093601450008767906,0.98133846989838303,3.1639523288614755,12.263926742619789,-3.432025538566382,,0.1403504834467814,0.3947368421052632,1,5
-0.052446060496707005,0.99190509158479734,-0.11564471465022441,-0.99626876556924437,-0.044022017155228861,0.07423347463724958,0.068541647846474998,0.11910647041089253,0.9905128425299442,-6.6783905830053492,5.7090595109912154,-4.0384977687523982,,0.0854304715791936,0.3416149068322981,0,5
-0.99395779404216267,0.012285317002518528,-0.10907325359126759,-0.0043738851344300679,-0.99736040712534091,-0.072478185874128007,-0.10967576209750332,-0.071563183865179347,0.99138788469670658,3.1203315506948255,-31.743545942224323,-0.47942776545394722,,0.4076748017738369,0.3235294117647059,0,4
0.38257816122953098,-0.87311320599273368,-0.30217094511438702,0.9238407537147415,0.35713932057300912,0.13773077897270505,-0.012337435957678835,-0.33185062184925945,0.94325126687020722,-1.483479880216745,-18.257332332752092,-1.4616352602892666,,0.2119916868709328,0.2631578947368421,0,5
-0.69246587643595214,-0.67244874305225089,-0.26134976169730395,0.70275584710122141,-0.71064010415657397,-0.033538958382447713,-0.16317239146630907,-0.20688965738234166,0.96466130861115396,-3.5940295528848725,-8.5243337228027425,-2.5283183892107628,,0.3588632949492614,0.4126984126984127,0,4
-0.15162428816410442,0.98763295866858669,-0.039890026200340663,-0.98666680577613031,-0.14881425445039684,0.065900926032199131,0.059149722047169992,0.049350345732403766,0.99702851200847609,-6.6186952513940449,-5.4897671397134191,-3.1839619744009475,,0.1162861315455513,0.2049689440993789,1,5
0.23621156650713343,0.97016713378537067,-0.054587804232497442,-0.96470978666389728,0.24086862343733192,0.10638295802572424,0.11635773873337446,0.027532503810664233,0.99282568352695855,-15.978213086594835,-18.674367676444284,-3.110472763248417,,0.08992379470924801,0.1333333333333333,0,1
0.75923060710481949,-0.62880796829430075,-0.16783749356101249,0.64805882203975007,0.75417316801226408,0.10603110782595294,0.059905328742115287,-0.18927063073794856,0.98009590343412845,7.2917709946892124,5.2925795833325511,-2.4709600646824379,,0.09344128279669293,0.28125,0,5
0.80842982342122771,-0.5669699856778887,-0.15807041451055673,0.58518322285542135,0.80308410346117709,0.11232327655700411,0.063259910620128909,-0.18330564123445237,0.98101846343479249,11.501432291894456,0.96743016423727202,-1.6867100742633501,0.4880932345001938,0.3591342789077275,0.8992248062015504,1,4
0.74608604929770073,0.66521554145098738,-0.029049792691494603,-0.64398637210912102,0.73198931544745505,0.22242570581769305,0.16922517419427235,-0.14724104550985759,0.97451675969994611,-4.0840155497400366,29.247370028771059,-5.5846444139795537,,0.227309488080099,0.4642857142857143,0,5
-0.77402625976754313,-0.58685740393649177,-0.23765886609842651,0.61085309155776457,-0.79090327312549902,-0.036476199002828211,-0.16655884763226964,-0.17340818897703239,0.97066356183340718,-9.3036263960575152,-9.9624938238447225,-3.0941927694892266,,0.0885696427987462,0.2857142857142857,0,1
-0.91663271901576904,-0.35477540347476177,-0.18417076727612991,0.36454771085763643,-0.93094642890717438,-0.021064496515137331,-0.16397995285465689,-0.086447438332776197,0.98266851759252249,0.12153005780674653,-14.369653531764946,-1.7223168489962601,,0.304711758876853,0.2678571428571428,0,2
-0.94379271245897234,0.3118273491968977,-0.10963129207563453,-0.30023912887147469,-0.94747341987057132,-0.11022968807568462,-0.13824536666317253,-0.071118372672614075,0.98784128060360266,10.277695683487435,14.781449854624094,-2.8286970586373146,,0.5347133124084633,0.7377049180327869,0,4
0.55268126883566304,0.83328819292750345,0.013198583477713424,-0.81831918640823764,0.53961840306714259,0.19790322945173797,0.15778822590536368,-0.12017806205328556,0.98013269977424744,10.680807296673118,19.101026017518898,-3.1459492819456241,,0.3607483784300853,0.5666666666666667,0,4
-0.98740298349863054,-0.059889985625275692,-0.14645319320454289,0.051745700227228644,-0.99692748362412376,0.058804548317848683,-0.14952501692357939,0.050485463419450503,0.98746822090502073,-3.6945469992251709,2.8895186162296183,-3.4431840405734548,,0.1522302419398827,0.667017913593256,1,4
-0.039733303208557294,0.99565953310379052,-0.084162692184120882,-0.99616422030956708,-0.03289952312100957,0.081083090428538979,0.077962239521253654,0.087061561655832898,0.9931476092157091,1.9819108528361717,27.089301597402113,-4.6839430961547759,,0.1305453159573628,0.7368421052631579,0,1
0.21943947539397737,0.9728815480708547,-0.073128722551907013,-0.96953170810822997,0.22582022293079068,0.094939422202930918,0.10887875647505552,0.050067158285104781,0.99279338034139841,10.527635655248433,3.7376722915794902,-2.0139382259084182,,0.09214038163783338,0.3,0,3
-0.95391803641741046,-0.21490055946987691,-0.20942332567573307,0.24057202024622221,-0.96485812834616347,-0.10570664708989566,-0.17934738044421361,-0.1512168697727552,0.97209463295706267,-12.389153931205607,-2.8485531998925788,-4.021421381168067,,0.5130990239268746,0.2834645669291339,0,3
-0.40399569885861231,-0.84756496720952978,-0.34412367204662109,0.90250929904625177,-0.43066872036240494,0.0011909812978211974,-0.14921273551136524,-0.3100936627222774,0.93892357511178604,-5.9509900593364797,-10.415522626169333,-2.6825315364911102,,0.1807236522918911,0.2,0,4
0.6859029093310206,-0.70223827606711009,-0.19078417805870693,0.7267622919001886,0.67431948879786163,0.13080442691047145,0.036793614163711678,-0.2283738834755086,0.9728779981596295,6.2711464664394621,13.913548842704619,-3.2475342335101933,,0.07829410095764086,0.2727272727272727,0,5
-0.95318851561134377,-0.25978838118524389,-0.15473089771533549,0.25542584683066222,-0.96564673241167776,0.047791473648432628,-0.16183105535552286,0.0060320132460200257,0.98680004273343935,-5.6739916751919868,6.3301112319432002,-3.9641525620654923,,0.08105981882316821,0.2920962199312715,0,5
-0.98252472086090903,-0.10210139581617887,-0.15562929630882225,0.10333874207883401,-0.99464621076430859,0.00014070453124622839,-0.1548104559865239,-0.01594429003088128,0.98781552039470122,6.6816877183295826,3.1072678628953385,-2.3507933348286083,,0.07549328923151329,0.2727272727272727,0,5
-0.98790079915422158,0.04911359781338398,-0.14710494736845625,-0.04477780660619949,-0.9984634762506942,-0.032644059626793634,-0.14848218433869068,-0.02566205570886761,0.98858206529898507,-5.0478336856723978,-26.583503975080241,-1.3675782815030773,0.499819336567255,0.4250530622331523,0.6470588235294118,1,6
-0.97698678834267727,-0.11775672188984744,-0.17784872744447025,0.14391531015992104,-0.97932737912189038,-0.14214875308571032,-0.15743315694425394,-0.16447260851584267,0.97373690601854046,-12.157386573805752,20.991519362762755,-5.9421908987808614,,0.1003939441981059,0.4285714285714285,0,1
-0.9208919136396122,0.36707821025204779,-0.13119325802543572,-0.37495950344350243,-0.9261514881002707,0.040605318211509353,-0.10659950361318427,0.086585268076094846,0.99052487963786928,2.6782602927842309,14.531753104588644,-3.7050980898919201,,0.1024777517132255,0.5161290322580645,0,5
0.26424452432816176,0.96147167938009959,-0.075809241604137934,-0.9561905587614008,0.27143793799937682,0.10964059991721307,0.12599383595296826,0.043516152916560441,0.99107613115098236,-13.299663261550615,-4.4142880668079361,-3.9658804655561188,,0.09509921893828065,0.4705882352941176,0,3
0.96957362562317162,0.19888475878325315,-0.14272994506992667,-0.18542596068526468,0.97732615876239515,0.10222911768516474,0.15982552236699799,-0.072652819095116908,0.98446806463066527,-16.129635449516222,-2.0444361520146019,-4.5272976914302685,,0.06615319347026878,0.2592592592592592,0,1
-0.96346058890467956,-0.2117762160388727,-0.16399551197427703,0.21172774765798763,-0.97716328649410333,0.017979777521390971,-0.1640580826997686,-0.017399593337197733,0.98629721669108283,9.2744461904601696,2.7559912638134159,-2.0522362564582912,,0.1128321068919249,0.375,0,3
0.28070522545590526,-0.93983330114884733,-0.19472529998284885,0.95893012882034756,0.26601397078649341,0.098435640837021582,-0.040713443017531568,-0.21435935575118667,0.97590598018435948,4.1721340339816022,-13.302563706619727,-1.3160866819555086,0.5435091066900624,0.4473532804798396,0.896,1,6
-0.64345727905727712,-0.74517812478411116,-0.17513506893664127,0.74870819684067813,-0.66029723138914953,0.058682213688690844,-0.15936990309273119,-0.09336556411793781,0.98279403001094467,1.1321098305508648,3.4025888146859695,-2.9668709634318566,,0.07036918384674407,0.31875,0,5
0.96266037181395281,-0.19023892849868318,-0.19259843878572017,0.2415960539386561,0.92470950041429223,0.29418308341035099,0.12213253153969196,-0.32972941926255911,0.93614216591951638,-10.418015223602094,15.271700048971811,-5.2286458952706765,,0.1305361677401262,0.1333333333333333,1,4
-0.62516805330893943,0.77967109310251848,-0.035747611140278406,-0.78027830431127942,-0.62540956841239648,0.005351594092949101,-0.018184414838725078,0.031238731064904133,0.99934652085171616,19.458555532634861,8.1523146693966115,-1.4519238280055111,,0.2207966868528167,0.1764705882352941,0,5
-0.40817876025186228,0.9126061694026929,0.023239605147198493,-0.91275937384515193,-0.40843272820839788,0.0072823063690199462,0.016137693052604336,-0.018239684657084584,0.99970340039761352,-5.9674052969700835,9.0977148400458852,-4.212271054609956,,0.1198188738494552,0.1923076923076923,0,1
-0.034868786045898943,0.99462733033754069,-0.097471234245306279,-0.99642377908631152,-0.027088348056813663,0.080036703273607457,0.076966357787281989,0.099913438261181681,0.99201486109019066,-4.7749756632492266,-19.160904266069608,-1.8012097733832,0.3812030979265076,0.3323318257636088,0.703125,1,5
0.6158093398458353,-0.76471572782384878,-0.18970691230811168,0.7875852355182329,0.60421065825633535,0.12099164121184153,0.022098727391545701,-0.22391814591114922,0.97435738319129461,-10.57380489566129,13.901905414346782,-5.1471205378179148,,0.09810454842444846,0.4375,0,2
0.94152959301961858,0.31174939772545307,-0.12780586248732209,-0.29514116193187145,0.94608603269445846,0.13346502640753619,0.16252298299568527,-0.087940501239626989,0.98277807680061069,13.039861154781498,7.4682904457843735,-2.0424992010670557,0.3696253224732955,0.2873860065760048,0.5882352941176471,1,5
-0.097495648410519817,0.99255993928233455,-0.072933980234599488,-0.99268996575676305,-0.091746273065616987,0.078417174550003924,0.071142325143678242,0.080046163620862587,0.99424915451949636,14.433475126661856,6.47911680054768,-1.8349335827592392,,0.0996943352038786,0.3181818181818182,0,5
-0.21777569869148011,-0.95561157731535162,-0.19844459771005082,0.96916943521866228,-0.23574567560448828,0.071655999551489255,-0.11525775851272359,-0.17672150331708264,0.97748921189339666,0.80267709693978084,-8.43940405766865,-2.0473038995023178,,0.0922333689061027,0.4,0,5
-0.52628160677838276,0.85006638566253645,0.020366893071746595,-0.85028402808346137,-0.52592591859202453,-0.02046948312240959,-0.0066889425866232212,-0.028090356348174493,0.99958300802249822,4.6959935052266788,10.210632491905859,-3.1040970858677159,,0.2618084107382348,0.2,0,1
0.26531217082663927,0.96386337144850598,-0.024017768238881149,-0.94717812996885709,0.26521269667711206,0.18032142310317417,0.18017503189941747,-0.025092363403523148,0.98331446200026507,15.455892999290677,-7.3670063218464481,-0.64302335280252398,,0.5745462739191802,0.3571428571428572,0,2
-0.95635983936205193,0.25494029743651303,-0.14276309886792862,-0.26640980994506303,-0.96148004494891437,0.067690001699438965,-0.12000696154984924,0.10276948918826555,0.98743949752456106,-3.4351624819060267,4.2072193683899508,-3.5193259676857278,,0.2723694832136841,0.9574898785425101,1,5
