axis_00,axis_01,axis_02,axis_10,axis_11,axis_12,axis_20,axis_21,axis_22,location_x,location_y,location_z,dbh,dbh_approximation,score,reconstructed,number_clusters
-0.15476061773224548,0.97999593032359555,0.12512844500082293,-0.98083905171084829,-0.16757987733288301,0.09935662711696204,0.11833809968939414,-0.107354372348247,0.98715304431461715,-15.542222813522779,14.591895329195436,-4.9472953128401631,,0.2030556494956583,0.5714285714285714,0,2
0.17121029224699932,-0.90454667417391932,-0.3904898847212287,0.98421729474934583,0.13902070925723845,0.10949684522347301,-0.044758826447706415,-0.40307388483814688,0.91407225689028992,-0.75641219790703196,-11.139166320652524,0.99995947230802762,,0.4228714744161302,0.25,0,4
-0.48716624757901483,-0.80641857305076303,-0.3351986459676613,0.85137994200710976,-0.52402994811884485,0.023341118707789103,-0.19447684069768431,-0.27401039854963927,0.94185830140149818,-3.305514742462567,-8.34033853368698,0.15039735959224254,,0.08150506659493796,0.2222222222222222,0,5
0.63681845617220467,-0.74776510812654495,-0.18790848024223925,0.77087085192525784,0.61280915033928418,0.17384784989315574,-0.014845320154130179,-0.25556268962613188,0.9666785029887548,-4.5288216388998217,-4.8479881078070077,-0.65957859459433199,0.1854261321079167,0.1625890808168041,0.4148936170212766,1,6
0.15706430027626936,-0.97471513126155507,-0.15893778175278231,0.98036708084865554,0.1344571530652576,0.1442278086149521,-0.11921070575670314,-0.17847040897402305,0.97669704655723888,2.0991655473331368,-5.8061920379977128,0.34198070945098219,0.1518476148412964,0.1415377724722005,0.6776859504132231,1,5
-0.98853850343957828,0.037317834490168851,-0.14628399244757995,-0.043969525615747886,-0.99812831501627408,0.042503500795818848,-0.14442405628760513,0.048448384820739397,0.9883291182463948,-16.614358486826031,-8.7765882845208942,-1.5569069082721854,,0.8804326588801752,0.5,0,1
-0.77208531075826381,0.63505015038476098,-0.024404495643392442,-0.63551122019816542,-0.77169529784302404,0.024735729000897506,-0.0031244061123398368,0.034607423817143247,0.99939609980386968,-9.9057189932467917,11.606911609645213,-3.7888870696898937,,0.249277898838823,0.1224489795918367,0,4
0.96140566477917033,0.25516296610771461,-0.10291262535585635,-0.20643374954447943,0.9162610113142462,0.34329413946993287,0.18189077706010462,-0.30880029124420838,0.93357277453231402,0.033729642345217206,-6.7919746130641458,0.29228540250923601,,0.224755375795329,0.4651162790697674,0,5
-0.75153541367897225,0.64624226987563349,-0.13253471474434722,-0.65925487657492543,-0.74304238395539624,0.11519992776934061,-0.024031847589320456,0.17395098238259665,0.98446103327128864,-11.418056074307403,12.229018742793075,-4.0940494065602504,,0.08516837495476474,0.3833333333333334,0,3
0.38762749633842675,-0.90841456535085963,-0.15661386126652732,0.91886392515108362,0.36718241923139794,0.14445123074353172,-0.073715745525268134,-0.1999000962125482,0.97703937504886007,9.383189023642668,1.3750229282352,0.25718992434147758,,0.07135141869056799,0.186046511627907,0,2
-0.058507620681446042,-0.95473716130145625,-0.29163986550578996,0.98729108276810473,-0.09857980288165584,0.12465287943083707,-0.14776053670984329,-0.28064029520696615,0.94837115545411199,2.359475975473897,19.386343712278567,-3.0552114379433291,,0.3585876851406448,0.2,0,5
-0.82840955632771907,-0.53320779230393911,-0.17154316428022198,0.5346601857461134,-0.84404353231862372,0.04158126175372414,-0.1669613511051079,-0.057270985476590229,0.98429870540385089,-14.174972789634785,6.8314657299136963,-3.8530891619480436,0.5238727644278479,0.2604443201449499,0.3297872340425532,1,4
0.87133163212734888,0.47239364878185042,-0.13276079031423271,-0.44598150246854323,0.8752371700015541,0.18724421407234607,0.20465015590072433,-0.10394294992080733,0.97330066107630331,-9.3336830973509457,15.383930484953963,-4.2106399988150356,0.1994296209016787,0.1636139948638753,0.3636363636363636,1,5
-0.72818958997686012,0.6700635507045638,-0.14406512092288842,-0.68526331733967527,-0.71561134181667796,0.13533142049043359,-0.012413982356897847,0.19726947427447467,0.98027070116448789,8.1643290065256338,1.7499127519340585,0.026285087203617174,,0.08000152239609956,0.2121212121212121,0,2
-0.80789019027329523,0.58154059265580482,-0.09551952446339769,-0.58809549910904735,-0.80603209504450957,0.066752870244197141,-0.038172298697601262,0.11010359145683377,0.99318682772197842,8.1784165766721983,-8.1176483912816231,1.6806262137904371,0.3967983226222943,0.3917169337710801,0.6979166666666666,1,5
0.9697431806789838,-0.18031238891178375,-0.16457705165524597,0.2077562632879523,0.96356191519463263,0.16848077234829695,0.12820100854219094,-0.19757499333513148,0.97186862456681233,-13.731212669930107,16.724888727037843,-4.9736719739930884,,0.1062987528117175,0.4736842105263158,0,2
-0.54981218200656168,0.83454652813197938,-0.035194557818531778,-0.83506539568945315,-0.54820394680084061,0.046240865411418017,0.019296358184887539,0.054813548460571043,0.99831013491097043,-10.427718335581055,-13.260310052927332,0.037258261986207825,,0.1743753354146116,0.3157894736842105,0,5
0.9436625463343854,-0.28507519209228199,-0.16802718083468632,0.31488174496935778,0.92969454814762387,0.19109561436526218,0.10173733498945303,-0.23323846594876491,0.96708289855167551,-16.391690796623561,4.6655985947783636,-3.8198187559889738,,0.08317498601498079,0.3243243243243243,0,3
0.28837445009079599,-0.93113120946274075,-0.22323719963143343,0.95459657875446979,0.26137489289224441,0.14292843382556414,-0.074736526311382334,-0.25431837552568076,0.9642285079299856,-5.6981545633368809,-6.6226060584042559,-0.47449369939015262,0.4846845985771736,0.489335870929208,0.8656387665198237,1,5
-0.18165863657313833,-0.96585515347381012,-0.18472672320612618,0.96857702511755905,-0.20819404597761501,0.13606537264819052,-0.16987844528605944,-0.15420460994261809,0.97332535778106466,-12.888940472505638,9.8600113636529656,-4.0188904133725103,0.1462842797312332,0.1243965492975285,0.3981481481481481,1,5
-0.97239746446020414,-0.14674105558573947,-0.18141177943273085,0.14436510421875781,-0.98917475270262489,0.026306373744944409,-0.18330817710968075,-0.00060927931559006255,0.98305530921888729,-2.9205566878505627,-11.42280652738121,0.74804411760382084,,0.1299054846285446,0.3076923076923077,0,5
0.66106242953270888,0.74975288072243107,-0.029446257974982355,-0.72191379840731595,0.64623424501130899,0.24743033008058077,0.20454078304688827,-0.14230923519954755,0.96845813004356884,5.0337431663771293,13.98755032489529,-1.9921146177391673,,0.4145491314992275,0.2857142857142857,0,1
0.95447452425698953,-0.26824507574130252,-0.13047207319935139,0.29333009621420425,0.9235010239087631,0.24719084427711321,0.054183366445429336,-0.27420874927691358,0.96014255432234197,-13.230239330412475,-7.8832952533425269,-1.3095053059290611,,0.1955254359370846,0.2631578947368421,0,3
-0.12512158978997939,0.98334349875216553,-0.13183380154678209,-0.98495769904442265,-0.10715283141932527,0.13556032536083817,0.11917599951979749,0.1468122412493926,0.98195888251890939,-11.156373036644849,15.701708159703514,-4.4655821875451007,0.5387332786589178,0.5963160173533325,0.961038961038961,1,5
0.76956048367046226,0.63457910926360461,-0.071316309909400549,-0.60324415392888631,0.75906828923550751,0.24476891760944894,0.20945919106953878,-0.14534333959039655,0.96695509767165733,-19.198054894909845,4.4070480749898708,-4.1281212264664724,,0.1010792533948747,0.2,0,3
0.2609186748025597,-0.93162798494320853,-0.25296391602347668,0.96029141856784317,0.22365991249612452,0.16678319749658424,-0.098802006883640173,-0.2864359286348036,0.95299140721356035,-12.397276012480857,14.74959900628709,-4.5563461373525103,,0.09141105187272917,0.2631578947368421,0,3
-0.45062535495939687,0.88187704431917868,-0.13867107907054127,-0.89112430800779752,-0.43509955133461925,0.12878605555741812,0.053237741737821406,0.18160743137681265,0.98192896062972634,-11.295461833004444,-12.709958289874828,-0.1485806480021151,,0.09241798995759122,0.4137931034482759,1,5
0.29881846090640363,-0.91375025550745637,-0.27525987354060144,0.95060528333433469,0.25961658015080374,0.17014354706438828,-0.084006682581675984,-0.31250552294457312,0.94619404743993274,-15.1049508827777,9.809251468690185,-4.3319378300902276,,0.09803416824941029,0.4193548387096774,0,6
0.53852249463155033,-0.78053284885476748,-0.3174302988601963,0.84061062507892403,0.47171931655655336,0.26618539289720472,-0.058028439408906472,-0.41018210376134107,0.91015566908836421,4.9451470767487926,-24.614766137942052,4.0031090724578418,,0.3384284704336594,0.5,0,5
0.92948927948935989,-0.28019514508981663,-0.23987571778412334,0.34641087013348842,0.88649555685095793,0.30679820197789637,0.12668539129556808,-0.36826119582655897,0.9210507604256577,-6.028304000822625,20.118278270184796,-4.3261724351580426,,0.2782503625913181,0.5217391304347826,0,2
-0.7683466981951238,-0.61604342088370578,-0.17359105667790881,0.60602447656073422,-0.78748435715412357,0.11226184145489959,-0.20585841052028858,-0.01894441404367786,0.97839839737941225,10.738820954880234,0.3497594587900093,0.62253490907083453,0.3504637074657352,0.4042804293846757,0.976,1,4
-0.16392939696549796,-0.96358194405060127,-0.21127467881928486,0.97435071026681919,-0.19162933154422421,0.11797835688997507,-0.15416823996229806,-0.18651551246901038,0.97028043234693206,24.957737559442315,-2.6668716816467088,3.1536166646199462,0.6855842695556781,0.452791816197962,0.9310344827586207,1,5
0.81657297842524212,-0.55531561094513948,-0.15758535194096263,0.57575801650242098,0.80309966964066137,0.15340673732356011,0.041367588024061104,-0.21599882607016263,0.97551690390140577,-5.7910610647422232,10.392157501108915,-3.1000026114103902,0.5162173970288514,0.4828502533044621,0.9208494208494209,1,5
0.56476833513888169,0.82518354642509073,0.010432752933211147,-0.78937485040478839,0.53648709718677701,0.29844419930788241,0.24067420545806978,-0.17678718636093307,0.95437006321746654,7.070235400436351,-2.7855631748231833,0.56863797095560442,,0.5107071520518316,0.6373626373626373,0,2
0.68540189870741786,0.71821098928927418,-0.11998838323933254,-0.70049852270765145,0.69533734095115052,0.16064806865748946,0.19881161166457173,-0.026056806080290928,0.97969127071962314,3.8578121647300163,-4.3981309243695748,0.34909757549535475,,0.08239745965720706,0.2142857142857143,0,2
0.96029688937176994,0.24425755539662275,-0.13478920911767214,-0.2155957744890161,0.95638264531248451,0.19710580348527143,0.17705464208933658,-0.1602201060315431,0.97107217617325281,-2.1451281141323451,8.3063691366607575,-2.3187413493516118,,0.0950129875067791,0.3085106382978723,0,5
0.38233260976636319,0.92278494142954637,0.047851095913380541,-0.90748983105594694,0.36523430450053351,0.20752375610050353,0.1740229353829307,-0.12276748220469923,0.97705893541476196,2.5813274295378186,4.1669918563350627,-1.1464427363259411,0.4642522186058554,0.2119153354312481,0.4166666666666667,1,2
0.96054228613244474,0.24381093650832319,-0.13384597039280174,-0.21432181055666719,0.9555387807549155,0.2025137032230683,0.17727007099668124,-0.16583686475673415,0.9700894063005161,-16.050034844140182,-13.2995224598319,-0.72326157335991637,,0.07149065321877926,0.4,0,1
0.69186655242210882,-0.6926439801500035,-0.20387493813979612,0.72202327203215788,0.66439546333687616,0.19303124861367096,0.0017516516550688793,-0.28075431440912496,0.95977807156505734,-30.681407493943677,2.2759269669168924,-5.2894014850751541,,0.09380159844999461,0.2727272727272727,0,1
-0.9717091365101389,-0.15773549097839526,-0.17578642981903969,0.16237654685282055,-0.98665287921052802,-0.012245528887231657,-0.17150863259577739,-0.040442685758723174,0.98435216163411088,-12.266801365265806,-0.38570881834069443,-2.4254680886936755,,0.1999853255397873,0.2068965517241379,0,1
-0.46547122771466354,0.88504572115584157,0.0055324166094103885,-0.88336322502049303,-0.46495542075705304,0.059041251596027106,0.054826534189181014,0.02259487048796735,0.99824021306318556,-18.36013054053452,13.689666776733812,-5.2429504895160548,,0.2709739459675645,0.5185185185185185,0,4
-0.26662010367169248,0.95507948336780868,-0.12937117440904367,-0.95907276178087553,-0.24963024229961212,0.1336569479654526,0.0953580511970476,0.15971199885830786,0.98254715891532862,-0.4431502054037495,11.25931279607348,-2.4405215384633081,0.1640346856706456,0.1429550237683596,0.7017543859649122,1,5
-0.93271500238097449,-0.30036150761315605,-0.19956374690261536,0.30644651585793847,-0.95188778706058219,0.00041684941919615555,-0.190087498936646,-0.060766813222843816,0.97988475708052059,-1.1560324155121646,2.1065148504044733,-1.3891316315800428,0.5759323601472814,0.3893210827651656,0.2765151515151515,1,4
0.793405208650798,0.59342146726620237,-0.13549589319758426,-0.57191800283734129,0.80296687799751087,0.16779151012335877,0.20836979847456377,-0.0556341174690319,0.97646652377698617,-4.6735616554053303,19.118952834151713,-4.0096175873477389,,0.141455207244513,0.6129032258064516,0,4
-0.97840664190718007,-0.1278947244569176,-0.16236804651163445,0.12295388990427368,-0.99159929482236298,0.040164405450594444,-0.16614085599070105,0.019333338146351076,0.98591249003488934,4.070977496918311,3.1878786610323018,-0.80876518062993741,0.6082710303569897,0.3886481892400437,0.2363636363636364,1,2
0.55786973301684228,-0.80742714399665705,-0.19194470068517352,0.82870332687139459,0.52938086522223393,0.181677449257863,-0.045079452259333963,-0.26041756214580197,0.9644431223820501,-6.3952334008520939,-10.401235838956957,0.10856785728679443,,0.6282445808594725,0.7926829268292683,0,4
-0.81452954215423234,-0.54442250726890629,-0.20036406498435905,0.54873254864742893,-0.83511499418595658,0.038412713269028127,-0.18823978063341334,-0.078657994284303034,0.97896818381511086,-17.939565466217726,9.5396264944547795,-4.6497037503049752,,0.1646688667791703,0.2173913043478261,0,2
0.60284030089429264,0.79152147754214597,-0.10038586657083333,-0.77277633790015099,0.61054806476395196,0.17334299003601153,0.19849509615935187,-0.02692231792568377,0.97973204785706491,-10.491435922670135,10.300351138806846,-3.7494348900844816,,0.08126029630358791,0.1975308641975309,0,5
0.93048382250069228,0.36431210739568354,-0.038425830757663225,-0.32543015513529411,0.87019540993014843,0.36993940404493192,0.16821138544438369,-0.33171770670468725,0.92826089698180447,16.288286050599108,-3.8108071126239009,2.0653686735066392,,0.6399729678349674,0.1568627450980392,0,3
-0.21473500055766534,-0.95285096438631145,-0.21439197560444009,0.96109674187270366,-0.24520324183211362,0.12715511376541216,-0.17372948021902432,-0.17874677581175377,0.96843567563350819,-15.453413975486914,13.338283054824641,-4.7717225275366202,0.3271497316344962,0.3180818052079161,0.8440366972477065,1,5
0.36595645227675122,-0.902357223935499,-0.22765613422096773,0.92717090179006312,0.33244022029811637,0.17273569058518989,-0.080187242818397134,-0.27428988377182473,0.95829800466745396,-8.3667789392164238,21.69173878604305,-4.8804549009355487,,0.1229367225807812,0.2258064516129032,0,4
0.50987704180977256,0.85346394215603749,-0.10781790980534313,-0.83705623954649688,0.52112505894733596,0.16662990359900715,0.19839922900957696,0.0052888918133146097,0.9801070214786719,-0.56997874037890295,-4.0087105932617746,-0.30183359126489873,0.2243671569622208,0.1603179286254128,0.6402877697841727,1,5
-0.68281769037749918,-0.66953421009367275,-0.2923763725436444,0.69332634025261108,-0.72001490146572633,0.029616339733689653,-0.23034449769738025,-0.18248967965762561,0.9558446156143785,-23.219964836489087,1.3430310714739713,-4.1558038083589892,,0.4676233670344788,0.3207547169811321,0,3
0.21274131479790442,0.96967811895083122,-0.12027251808304816,-0.9619622888512952,0.2294397667393861,0.14827659379198529,0.1713758670467819,0.084153069264016042,0.98160510039802151,-6.8515999129384335,-0.71150470943563604,-1.6811881023898825,0.7675713338204857,0.7344204473146732,0.988621997471555,1,5
0.69763209865214593,0.70579757943246113,-0.12312283215342899,-0.68622741041841517,0.70764807588451606,0.16830371917274459,0.20591599287243001,-0.032923814545414445,0.97801565749999153,-2.5556328887728617,9.5459650953999855,-2.5242227226562011,0.5776940240886458,0.5487979100766118,0.9511041009463722,1,5
-0.19755271885208092,0.98016845771640126,-0.015579402170875981,-0.97564939275673324,-0.19504729804942886,0.10032354627421537,0.095295255325582945,0.03501922359888187,0.99483288460472741,-7.2604401098381617,-9.8532281104488444,-0.120478230379121,,0.4048483400659372,0.6814159292035398,0,4
0.13857881227506424,-0.94278382572474162,-0.30324012059793848,0.98303900921539455,0.093808440788866049,0.15758896788029472,-0.12012584713227739,-0.31993535970345865,0.93979314025064609,-2.0039478834473794,4.2775829203930504,-1.8062305982818641,0.678906667500112,0.8869503757026452,0.7624703087885986,1,1
-0.43478538885268037,0.90041588828820951,0.014590879287356927,-0.89834262726343883,-0.43480005817104583,0.062685193274626849,0.062786859147800717,0.014146997300126122,0.99792668707963916,-10.340312766614394,14.296142309769637,-4.2083967480463649,,0.1054734201614113,0.2142857142857143,0,1
0.19681577466737302,-0.95361802049120969,-0.22776352174242043,0.97430770305382985,0.16429119699102046,0.15405486802184851,-0.1094899566720771,-0.25223218189930852,0.96145248234234737,-11.977070779049697,-14.84075166733647,0.099483178226210126,0.5855073994298913,0.5568477331611327,0.8904109589041096,1,5
-0.82256080369364182,0.55113054338124468,-0.14017434993309011,-0.5668127991321289,-0.81451024970519692,0.12367822712659952,-0.046010596245553058,0.18118547755676179,0.98237205159535002,0.44037820288205998,-13.682830360852815,1.6362060817971913,0.4689643745001104,0.4416946768549143,0.8974358974358975,1,5
0.60275120054354758,0.79329775338862663,-0.085846751318094647,-0.77169183504326344,0.60691042937038642,0.19013532667291105,0.20293521619195048,-0.048357059360673561,0.97799738897356747,8.9218073095458514,15.103115563249675,-1.5837119028755906,0.5672175548488743,0.5194350398839059,0.5846153846153846,1,5
-0.98042676873143586,-0.11557212448880085,-0.15939396223188812,0.10749151337775641,-0.99248649228919239,0.058447730283164766,-0.1649512828279765,0.040170221117627115,0.98548334721027409,-3.4581052291424923,15.692106466173639,-3.4266247631852624,,0.1055311274866561,0.4,0,1
0.60522323115408594,-0.75842224044765638,-0.2418688604714643,0.79575022910211324,0.56797220394685877,0.21021215099913079,-0.022054780781988966,-0.31969247838837933,0.94726464407078614,-14.076944704349673,-3.1184383564372506,-2.1845628104062556,,0.1236916037393046,0.3448275862068966,0,1
-0.96776700111431246,0.21547385139525491,-0.13037657350577472,-0.21239246953423876,-0.9764737366847871,-0.037262319439303374,-0.13533835538884961,-0.0083702407220344888,0.99076408323621479,5.4054097986801262,-2.062482465728702,0.15247964708380843,,0.4689637505749587,0.3824884792626728,0,4
0.62147094625895494,-0.76257937718000091,-0.17957326208475805,0.7832485245743549,0.5997492252443879,0.16377611416459026,-0.017193362326652938,-0.24243258922537317,0.97001589057777082,-15.29970281946073,16.113278430462575,-5.1427285019178459,,0.06866688776929636,0.3846153846153846,0,2
-0.58996237813485941,0.79813878841372687,-0.12214281319393759,-0.80702314325183522,-0.57807268747726426,0.1206051999241354,0.025652263864791757,0.16972460759206631,0.98515761121575363,-2.7254963676555031,6.6231869528723601,-2.1831793667383725,,0.07467484146488648,0.319327731092437,0,5
-0.6977806100081726,0.70809483467543888,-0.10818468192210162,-0.71631035832268763,-0.69004950214826377,0.10359128894147608,-0.0013003292835843988,0.14977780106176261,0.98871882729765881,-0.18924113483792498,-19.440268390914721,2.4354341847487455,0.3831829645764903,0.3310811119800445,0.6666666666666666,1,5
0.91368243794409221,0.38273980171531868,-0.13672836858333254,-0.3600886522723008,0.91832526261406544,0.16436202283230264,0.18846900301444575,-0.10094035975627814,0.97687792414150421,10.747368103419129,4.1077150830951448,0.082057131227620303,0.4747470540494884,0.4768557995528869,0.7804878048780488,1,4
-0.98930710737126204,-0.0082177563510333358,-0.14561564402653779,0.026661733069189592,-0.99177722085251563,-0.12516827149006021,-0.14338967638730341,-0.12771222603422588,0.98139135314456949,7.2813682784119402,6.4523256187529858,-0.75645589250933121,0.8681998620394101,0.4053653079903248,0.28125,1,3
0.45347867211750337,-0.85922820844896786,-0.23682056443671248,0.89081049404121149,0.42844866803929388,0.15128913563573301,-0.028526437572860514,-0.27956864033888351,0.95970183791554198,-1.0451584383110337,-18.924942170110864,2.2894690629439385,,0.1820719830521777,0.2307692307692308,0,5
0.14163933790953193,-0.88452520492332976,-0.44446986378368919,0.9834425840022224,0.074458229064613232,0.1652169969936296,-0.11304415919268394,-0.4605118174161259,0.88042596741152257,-0.86005192759784221,-14.514593176540307,1.5347320900621868,,0.3910183140791208,0.1666666666666667,0,3
0.97509706450303069,-0.1626877425105821,-0.15072628581100894,0.19999851573682301,0.93875688494723364,0.28059954502321122,0.095845232018286527,-0.30375682609774529,0.94791638982474813,2.8836444436883348,-9.6071350190809568,1.1770845081022558,,0.3438131907269697,0.680672268907563,0,2
0.95555024104230901,0.24559242331324907,-0.16311988982067871,-0.1858806230334997,0.93129476234290143,0.31327058529864477,0.22884958122020344,-0.26902495654456182,0.93554980729597359,-8.3015065911112895,9.8095380174127627,-3.367181186723915,,0.07967494124664386,0.36,0,4
0.99001861999725438,0.019275451840507281,-0.13961228103242465,0.0076225074447950876,0.98183022697036326,0.18960828776079131,0.1407303429932098,-0.18877993104053531,0.97188327910163386,5.070958417346799,-4.2880631607664004,0.50310945401069673,0.1903110456276099,0.1839865541002769,0.6344086021505376,1,5
-0.61717533109189349,-0.7562246522539201,-0.2172990704422087,0.75121125477227835,-0.64847133723855432,0.12315265114279339,-0.23404328957496129,-0.087230729123843373,0.9683049821732056,-4.5604237900919307,6.747451906949828,-2.4965681996644329,0.4077967523119549,0.2870480499247963,0.6918604651162791,1,5
-0.43190543213479193,0.90191520698146399,0.0025801372136105638,-0.89968645222712806,-0.43103576312042818,0.069082983361698963,0.063419124650387779,0.027516001286022777,0.9976075803149278,-15.806753187960503,-3.9813040622437588,-2.28694544459553,,0.4318349976822597,0.1805555555555556,0,1
0.45871762133419303,0.88241650753673118,0.10449522048485804,-0.86702564943490068,0.41873809870713052,0.27004615885645655,0.19453705842201169,-0.21447496804479632,0.95716029012004822,-15.388152997669854,-5.6824970776139816,-1.9170213741164361,,0.4561522914203615,0.3684210526315789,0,1
0.76522507474713219,0.63250905344398489,-0.11984524308306757,-0.61044910052954593,0.77205171281228047,0.17688427970368473,0.20440763351918517,-0.062196865315041434,0.97690791239710417,-13.789261323514957,-4.0293907001140408,-2.0102787055708373,,0.1376993130940776,0.4210526315789473,0,1
-0.16393035890238275,-0.94477846607669025,-0.28376132130350701,0.97035291017461556,-0.20622435136858089,0.12604263809625094,-0.17760086471014255,-0.25468640902173056,0.95057496596208824,1.127090312851238,18.741235472444945,-3.1404352928249777,0.9035875938253035,0.8107783011487525,0.7235772357723578,1,5
-0.1235721443294179,0.9880378801930354,0.092255473818538269,-0.98492398591325592,-0.1334593244637029,0.11006066820820654,0.1210564625229663,-0.07726419621885415,0.98963406209774352,15.051097938731772,-2.7492394897053414,1.7595533668778616,0.3902606245687721,0.3668570020871785,0.2435897435897436,1,5
0.83492100221184651,-0.51596471311392833,-0.19153938207801705,0.55022302985684124,0.79055596041881759,0.268841758031447,0.0127097396009739,-0.329851009195884,0.94394744252618923,-20.538105218744761,7.6230940067788424,-4.751427645405327,,0.3060653775992558,0.1333333333333333,0,3
-0.72407466960666567,-0.6540535521215135,-0.21892880987030627,0.67116355182078469,-0.74129139189872273,-0.0051535428748675071,-0.15891934917217251,-0.15066858748287551,0.97572722479420881,-9.6854440939528086,-6.6421176060484397,-1.0032153934690418,0.2797491106391279,0.2452328666497283,0.2708333333333333,1,4
0.64739594224690511,0.75538973850775382,-0.10131553148175862,-0.73553331573881209,0.65406520902420351,0.17660533339170584,0.19967282088584992,-0.039812627410334256,0.97905348132682457,11.695260513674626,-8.0659118832022827,2.1879690799591405,0.1490330685337305,0.1392953875760839,0.4444444444444444,1,5
0.63161979731790507,0.77078810158856381,-0.083319470027044762,-0.74689995764908801,0.63378663031323446,0.20113418530917865,0.20783860300694931,-0.064809024724141143,0.97601378341416178,15.563458670063723,-7.8084277049016846,2.686927124419844,0.3009069666916521,0.2564672967739966,0.7142857142857143,1,5
-0.96340287445922612,-0.20609743670584021,-0.17140229889643507,0.19383367752086988,-0.97729018577657567,0.085629423935474944,-0.18515778931072829,0.049272095227096843,0.98147279824226186,8.3340915458470946,-10.856802732369568,2.2063937961209956,0.1982470393473387,0.122388426489579,0.25,1,6
0.64217058560271856,0.75586537529650488,-0.12761063205914588,-0.73643964688659913,0.65453564078794801,0.17099631993657319,0.21277590436936725,-0.015831278096965905,0.97697276581981229,-4.1761320323156284,11.911203302072172,-3.0573725439717179,0.1481828474107144,0.1345815883796626,0.5342465753424658,1,5
-0.55590588734093893,0.8232654580556652,-0.11490269793211697,-0.83029467239319577,-0.54333097602857205,0.12410563034494025,0.039741683597440992,0.16439414849755196,0.98559381213794439,9.5578224833364089,-13.20879855981557,2.7954289104295871,0.3894325954085182,0.3686660229331751,0.5098039215686274,1,5
-0.30798108335204372,0.94654285648667846,-0.095938903117249952,-0.94757308372271409,-0.2961543370225368,0.11999108161429312,0.085163978896760598,0.12786410558394068,0.98812846695239542,-10.171189948365109,-16.021742717958638,0.5413305162581693,,0.1152417963427221,0.4,0,4
-0.55073223133435834,0.82528917813084812,-0.12486705662258661,-0.83420474750758444,-0.53916534952120909,0.11577203942005884,0.028221421035910989,0.16792408503779838,0.98539588646337073,-8.3004241866231911,18.317765078667346,-4.4688501884737741,0.1891595054544286,0.1242678729085992,0.5531914893617021,1,5
-0.28215452898521104,0.95904002837570712,-0.025120623922536379,-0.95062073887902931,-0.27595772530117069,0.14201248064762714,0.12926342323419548,0.063949650661496341,0.98954606239126153,-15.083516241015495,12.305109200006346,-4.5982109397199551,,0.151442792140748,0.1304347826086956,0,2
0.93021309608020919,0.33993860600058046,-0.13836668685508346,-0.31660316552121687,0.93392157670230158,0.1659907351385331,0.18565029346277778,-0.11059942459284253,0.97637172010301254,6.6826496413873606,4.2979041229250701,-0.56225404967959369,0.2087630490073883,0.1426732260456474,0.8,1,4
-0.38363096872338337,-0.87721525644246046,-0.28865320663548572,0.90205283127588654,-0.42290270719392148,0.086336491909333027,-0.19780791041694115,-0.22725909027504726,0.95353308094886913,-16.980719222401611,7.3934945495261015,-4.2407882914074211,,0.169131021128185,0.12,0,4
-0.32766171189080162,0.94214785908586873,-0.070676829164186258,-0.9416476232149924,-0.31955404789204001,0.10575899096231614,0.07705554006263797,0.10120584022538436,0.99187691859924276,6.3931188751529735,-10.765316508221346,1.872416301397835,0.2435192509982147,0.2468019810256908,0.5405405405405406,1,9
-0.58320293184905347,0.81092212617385562,-0.047745633981998138,-0.81146113952366627,-0.57886218716424909,0.080308077516374254,0.037485454854149856,0.08557963281702255,0.99562591726073602,-5.3495974935390134,-17.191192583213816,1.4440057568413036,,0.2825657730516227,0.2352941176470588,0,6
0.85546288400402903,-0.49012985147236698,-0.16720042699462734,0.51470039525972422,0.84033613333156154,0.17005495034501103,0.057155552757310213,-0.23153382412303433,0.97114640043402867,-5.1916339704302716,5.7283778101474034,-2.4710118403194041,,0.07138884532621892,0.2447552447552448,0,5
-0.01003210812404611,0.99965518117924257,-0.024266758087636061,-0.9849361801836688,-0.0056890542570198653,0.1728246383675211,0.17262699027611877,0.0256350034748795,0.98465362885892616,-1.9140848211976871,-2.1204734248277992,-0.86194025044580969,,0.1404364065282941,0.198019801980198,0,3
-0.27284078400770756,0.95705313344364951,-0.098016357551951358,-0.95656423916057509,-0.25899722153278137,0.13381067071594008,0.10267795742616774,0.13026795079370748,0.98614780740759067,6.3938148404636985,1.9464112413519596,-0.26019562910158234,0.6582676647437125,0.5580403303421213,0.952191235059761,1,5
0.53386007264013158,-0.82461779791229672,-0.18707995672157945,0.84462807514735094,0.50959245754501103,0.16406992986564081,-0.03996044936626568,-0.24560336842052966,0.96854640978475337,4.0776163246418289,19.297546452494213,-2.7621121762024465,,0.3462188263475974,0.5833333333333334,0,1
0.85351746328226896,-0.45992711047972762,-0.24489792346602154,0.51807778168416196,0.79930317335456369,0.30448292101617486,0.055707737320937617,-0.38675766328683508,0.92049723404879846,-27.694836757759532,6.6247737087189584,-5.5545605714966939,,0.30068769792276,0.1333333333333333,0,1
0.66091840480043662,-0.69931903844607946,-0.27228614482359487,0.75042466448038303,0.61244612679163879,0.24854087132184743,-0.0070487683711072642,-0.36859547507364926,0.9295631719359797,-17.29857435746748,-10.648916002322796,-1.3473338993243174,,0.2541525444938481,0.3939393939393939,0,1
-0.90242869604671105,0.42820081655576042,-0.047607869647922393,-0.42371593777173266,-0.90208387419916003,-0.08191146432615859,-0.078020847404105503,-0.05374704280994811,0.99550188485985869,-3.8940783474263454,-9.9596298236262921,0.30421478328959989,,0.08435120197982084,0.3478260869565217,0,5
0.41827134396309895,-0.86761765741112884,-0.26886554886732522,0.90644929663355323,0.37970533598759504,0.18486084078323289,-0.058298846059243271,-0.32103497998033248,0.94527127650066034,12.953693166665062,-3.1137829931838161,1.5213309655341627,,0.2177889545861499,0.3448275862068966,0,8
-0.06350743489477996,-0.97716269777039977,-0.2027803437198982,0.98642595451106863,-0.092293726764851897,0.13581496333903043,-0.1514286696105219,-0.19140253416799269,0.96975998470449276,-22.084904636612755,1.8329829478744737,-4.0974704651422735,,0.06447008314956459,0.2857142857142857,0,1
0.98842395322936105,0.056543835904790368,-0.14078665882680161,-0.0060626168279223425,0.94193412393558729,0.33574298331148411,0.15159595429839109,-0.33100287126680605,0.93137305407311954,-10.499065989382814,13.125517241245145,-4.0550770770017186,,0.7175780488082983,0.1940298507462687,0,1
0.3399000043755509,0.93904134879452161,-0.051665581189676624,-0.91989312886283925,0.34339074034505468,0.18941866570169888,0.1956134415024624,-0.016856592165729826,0.98053619861998043,13.543967945582095,-13.443313207505968,3.4331439804806312,,0.1690291039982,0.3846153846153846,0,6
0.91423562881574039,-0.348771808222058,-0.20623152230782663,0.39671460569258488,0.87402177850962848,0.28054135581236939,0.082405925964486912,-0.33829595989367284,0.93742472064990556,9.5018801093358789,-3.9897454049622634,1.1658830951031165,,0.1971707901915299,0.4736842105263158,0,1
0.27915908063972283,-0.91289523486041857,-0.29781285711923999,0.96009468182861279,0.25986715222823903,0.10337922962180723,-0.016982627028756515,-0.31478779099883353,0.94901013536066903,-24.82731579751006,16.685590747372231,-6.5160979468852265,,0.2320711953055247,0.2727272727272727,0,2
-0.77272819674951254,-0.55745956646744554,-0.30352918426763281,0.59396959802335358,-0.8036767680723953,-0.036107742724864535,-0.22381074722234057,-0.20818857849228214,0.95213773437099969,8.9332076768337672,9.1841575693243023,-0.81592325560806989,,0.4716776775641382,0.4166666666666667,0,4
0.8298700195783234,-0.49894148518652975,-0.24974616106145475,0.55689890182493096,0.76823740346991709,0.31571332733349505,0.034341865867476715,-0.40108438796550144,0.91539715423365842,-10.40359019317146,7.2427023608188854,-3.3736766321214104,,0.2077203937956182,0.4487179487179487,0,5
-0.85712425042782692,0.5055862297121978,-0.09859302031046828,-0.5123926820897774,-0.85647299992836456,0.062511916740344106,-0.052837095580471533,0.10409882189108689,0.99316246234516325,-15.256353635755032,19.534590861795564,-5.5415484581363694,,0.1433364883850238,0.2592592592592592,0,2
-0.924018138035265,0.37991264033372296,-0.043091371485511287,-0.3722213183001758,-0.91957968709260374,-0.12579542634590757,-0.087417222472017761,-0.10019772852379814,0.99111989406627776,1.6309469520781441,-13.232196832964789,1.6687459889247751,,0.4466841529107097,0.4634146341463415,0,1
0.81242112424861646,0.5781067544658447,-0.075924286730809684,-0.54092985811959449,0.79589084559121492,0.27194236613447392,0.21763916345485718,-0.17986200917666983,0.95931374022558513,-2.9798142291520024,-12.919192558797411,0.98521204559495068,,0.1928700448788657,0.3636363636363636,0,4
0.78010838478726741,0.62102103814528142,-0.075919550614837683,-0.58420470694885418,0.76648302176217098,0.26684946642093055,0.22391017923132744,-0.16381894741234623,0.96074324567248792,3.6443249162056568,-13.998275494825961,2.0738752927059947,0.6085187129763285,0.2762426353014186,0.1428571428571428,1,6
0.052016560466125586,-0.97919775636701489,-0.19612758949999254,0.98956820436107196,0.024119319068509764,0.14203178294055965,-0.13434673927891488,-0.20146963139261234,0.97023756950122653,-10.774713069857132,4.2843578803215259,-3.0025165348201992,0.2182560469204942,0.1334660455465136,0.7703549060542797,1,3
0.21940062730087537,-0.92439866072567278,-0.31201038570625439,0.96961872757256284,0.17113660140184997,0.17479069426370764,-0.10817988667283307,-0.34088030114573581,0.93386173088431357,8.8157251694285872,-2.9196323607795156,0.87018239186447832,0.5729201675186689,0.5652226651655553,0.1136363636363636,1,3
-0.84595372801547097,-0.50028390051973592,-0.1846031119387895,0.49551662934349433,-0.86539480222306797,0.074532585688126776,-0.19704202622990924,-0.028422793072725414,0.97998295124617141,-12.630433247106973,-19.123370875336512,0.69481865504175588,,0.1186603775656691,0.3333333333333333,0,4
0.78337806615507699,-0.57875572026203814,-0.22662881928629741,0.62080893105564749,0.74632852503564018,0.23997917376237024,0.030250232869781572,-0.32868761610698854,0.94395411669700802,9.9401030659274916,-2.9596533793202453,1.0512593403731796,,0.2482161724622269,0.45,0,1
0.0049762133724513737,0.99996111714553837,0.0072802127385418686,-0.98974656392978411,0.0038858593805519586,0.14278178905609634,0.14274794740961028,-0.0079160781906931679,0.98972741662359809,1.9167762052366832,3.3011210621218057,-1.1273237511340795,0.6690466440234579,0.8739106514094239,0.8675,1,2
0.8913246486004377,0.43376425307084066,-0.13186714357717486,-0.40887760195835815,0.89475925078041951,0.17951320218759884,0.19585575665292546,-0.10608702041606702,0.9748774623947114,10.281277275767474,15.490647892379204,-1.394267876166901,,0.0938877861349097,0.4,0,4
-0.9437338898952603,-0.26804752002861393,-0.19369272590799774,0.27220384916986712,-0.96222480113157038,0.0053382192178618093,-0.18780684109017182,-0.047686047160774708,0.98104772123781592,-8.2807466086792214,-7.4488214494213185,-0.73014390567417797,,0.1542307213280303,0.131578947368421,0,3
0.97424767732736806,-0.14584915724493971,-0.17195780457185067,0.18291175631098788,0.9571590977983252,0.2244766154973106,0.13185125189189406,-0.25014892530818222,0.95918755337092609,15.11013745278099,-13.346509544778563,3.6011246071296519,0.3073736620945963,0.2764795137962415,0.3846153846153846,1,4
0.52786118258943071,0.84931834650146032,0.0045736431117414308,-0.84108813934434756,0.52198245127788778,0.1417923214147751,0.11803945852786334,-0.078693499438983558,0.98988586179240667,4.9586159630259443,-5.8858386088335806,0.7659108450576313,,0.281171639156825,0.1538461538461539,0,2
0.26234856223365227,0.94782318441211999,0.18111996848719611,-0.94872548689600888,0.21904922362302476,0.22789775809357979,0.17633259031689286,-0.23162177946172835,0.9566912609986129,-1.650354139087097,6.1809341825994979,-1.9872980160669254,,0.5582163842844793,0.3705882352941177,0,1
-0.31122751714007379,-0.90149511276952554,-0.30073907998044752,0.92140387956163106,-0.3637345741165145,0.13679199655335444,-0.2327065175357152,-0.23452872157784607,0.94384530271197586,15.37779368431004,-10.907749906895548,3.2038538159589924,,0.2152480429778786,0.2380952380952381,0,4
0.79303992618542096,-0.55460630624088714,-0.25199111205291047,0.60824624737719524,0.74368091585792007,0.2774440447014237,0.033528764179176038,-0.37329685300919063,0.92710586316021792,-6.8813992609304879,-11.24365890089596,0.15189724516115038,,0.08771790020669673,0.3043478260869565,0,1
0.27908350413753791,-0.90697677455471237,-0.31544496847571546,0.9574601293972459,0.23772772965729858,0.16357147418360202,-0.073365511876652745,-0.34767608052657084,0.93473998774887113,11.058228913072771,6.2742492967301295,-0.14570567808663298,0.2745603919191721,0.2380712388203196,0.2142857142857143,1,8
-0.035825392672136393,0.99846109595921839,0.042331797691615242,-0.98995229722517109,-0.041254287186373723,0.1352498909698292,0.13678812250518579,-0.037061079917627957,0.98990680667265118,-18.566809982487108,8.2230404563709119,-4.5711110529544223,,0.1929991698045278,0.3076923076923077,0,1
0.03767200890348666,0.98226770830473775,0.1836599274935459,-0.98830565103418322,0.0094472368033402428,0.15219293627064628,0.14775912790442086,-0.18724555786063529,0.97113662333493767,-12.465221515930844,-2.8956654179382171,-2.0660829675071404,,0.310111584680121,0.1388888888888889,0,1
-0.70219606478590668,0.71107063588220665,0.036044935639595176,-0.71169749023667561,-0.70244893407652864,-0.0072233929400706094,0.020183384007767664,-0.030725328327362262,0.999324064159956,2.7726146988724203,14.933311000430567,-2.4130611379194278,,0.5005418168796316,0.5897435897435898,0,3
0.46872639334724603,0.88190589512365569,0.050374202979573977,-0.8614905701074359,0.44378068794754555,0.24676445980077591,0.19526793335222395,-0.15906191609227996,0.96776533366999906,-12.856745733876149,-9.7433409544995406,-0.92550776385648414,,0.1712608983965381,0.5833333333333334,0,1
0.9769679120362591,-0.15128345446168795,-0.15048925296396243,0.18866067440029896,0.94190075664569484,0.27790306685082172,0.099703805275111856,-0.29989378292389851,0.94874805410986573,-3.9653248909345336,-14.21970505324172,1.0588358982356714,0.5555270771512717,0.1817981842714487,0.4074074074074074,1,4
0.71953165803239727,-0.64035108108634264,-0.26874650889025692,0.69442678590975693,0.66720253065752522,0.26946655097662381,0.006755153602465501,-0.38051448860161075,0.92475028622004785,10.244115963995137,-11.067937693175434,2.4916993535001701,,0.08005956288367544,0.4,0,4
-0.80092890677935435,-0.54545974913161777,-0.24695454715898763,0.56224930750981739,-0.82696216514471288,0.0030485445542449063,-0.20588492535870348,-0.13640835566944173,0.96902226910097378,4.9667009174846655,17.518171115418479,-2.3930466810014437,,0.1099196707611697,0.4444444444444444,0,2
0.29205857657302919,-0.9324823197300558,-0.21255237293662557,0.95194073479289132,0.26198967042899546,0.15865134739571815,-0.092253050313290744,-0.24867274876705053,0.96418423484753835,-17.458185838201562,19.613296102099895,-5.9076673480656741,,0.1434918879999207,0.44,0,1
-0.12890093650596823,0.99087315689668731,-0.039432670585154282,-0.98457982236724662,-0.12313733607449288,0.12425687044086578,0.11826716346968442,0.05484143876732582,0.99146623474466544,6.7258571870548138,-21.689818022051529,3.7662074934918537,,0.1533629529480646,0.3636363636363636,1,4
0.85801315279079138,0.50491674830978051,-0.094193985552599599,-0.48281585037891095,0.85542548976467458,0.1874462218444391,0.17522067304086722,-0.1153529745483121,0.97774813065633681,-10.998160291475665,27.224990182884603,-6.0220300330299352,,0.333798545640212,0.3571428571428572,0,3
-0.90695179362448874,-0.38870746011728657,-0.1623112888572166,0.38787488478136656,-0.92092372442087089,0.038112564262108503,-0.16429095470282071,-0.028390213947060136,0.98600328496150347,3.9214587993080965,-9.4356130174161308,1.2927788841991785,0.5418543729677469,0.5878681384655494,0.7692307692307693,1,4
