axis_00,axis_01,axis_02,axis_10,axis_11,axis_12,axis_20,axis_21,axis_22,location_x,location_y,location_z,dbh,dbh_approximation,score,reconstructed,number_clusters
0.46540167974339924,0.86027373963535125,-0.20815948065324996,-0.86551094154111174,0.49154158431764028,0.096320719261865445,0.18518122627480746,0.13533648355233865,0.97334061338004729,-10.714291949746269,18.865407740766148,-5.3704704800914893,,0.07304370751978835,0.2631578947368421,0,1
-0.90320542777988289,-0.33120746165887238,-0.27298639631022786,0.34274851397206829,-0.9394096545286299,0.0057408316765494892,-0.25834746253620777,-0.088380531339690538,0.96200076417912261,19.055203232558142,3.3999863423703442,3.9997987618995823,,0.09287232857944808,0.3529411764705883,0,5
-0.85527061609602828,-0.42417208546733881,-0.29764108445073251,0.464347126120915,-0.88230732552816471,-0.0769124813185946,-0.22998678158965258,-0.20398976746303904,0.95157461875798677,-7.682157827187198,14.013778722686951,-4.2363355800911595,,0.2357663276291687,0.2831858407079646,0,5
-0.9259818396795404,-0.27715350354456308,-0.25640508586349636,0.27421011592146227,-0.96047540697339995,0.047914558597768206,-0.25955046698095408,-0.025940857199687327,0.96538107865117861,25.953141876870678,-14.527941738566778,6.9216118061844938,0.3362391543930735,0.3276744730587918,0.8235294117647058,1,5
0.78665784957906049,0.60228347731993015,-0.1357351857222813,-0.54552913430207317,0.78103107869386057,0.30395463105854503,0.28908025066282184,-0.16506079807670446,0.94296741280650964,8.3511039930192936,17.147729942806418,0.38394227318042373,,0.2974400037064594,0.1304347826086956,0,4
-0.61759775309187759,-0.7147325350953756,-0.32822312327440079,0.75615786306591004,-0.6543856780073779,0.0021611437761645427,-0.21632915083146162,-0.24685377796372193,0.94459775079426089,-3.7559094401621538,27.229953259426981,-3.7068740569382221,,0.2136740285128299,0.3461538461538461,0,3
-0.72311940039784739,0.68350675397179417,-0.099583382364719503,-0.67865979510480423,-0.7298946353613085,-0.081698860329177822,-0.12852709938593421,0.0085052069770614244,0.99166952467932312,4.9535640309891038,4.5900619784572232,0.0097305899709955266,,0.4224658163254615,0.7723076923076924,0,3
-0.96281007127519413,-0.096209589363879841,-0.25246877344632013,0.097389424777687361,-0.99521539668004821,0.0078494682906374569,-0.25201600463567175,-0.017030241495884342,0.96757320357793353,4.3272071675007888,12.448534718117394,-0.51846728287918953,,0.0694486516284499,0.4210526315789473,0,4
-0.726718259207775,-0.63498160061316788,-0.26206666826736835,0.64468944594726707,-0.76216664656972299,0.058970510773326761,-0.23718366305086352,-0.12609666823275076,0.96324635490738941,2.7634810054966081,14.051662382850266,-1.0734512027788281,0.7069840882469675,0.6445955254969975,0.9357798165137615,1,5
-0.69055869447296514,-0.61846994695369029,-0.37499815226597172,0.68776842083862344,-0.72195921473882618,-0.075825401751941066,-0.22383763933918657,-0.3102737774430776,0.92391931154525797,-1.4086112553979038,9.2516440469619372,-2.1204880938954824,,0.09707388648241522,0.28,0,5
-0.67964069650825676,-0.63612077888552943,-0.36529286650554504,0.70593522183833879,-0.70253104361543095,-0.090031079770642619,-0.19935893814380654,-0.3190618865152649,0.92652875095999754,-6.7856932965795371,-34.655645093182137,-1.1027926729010282,,0.5426865209938208,0.1904761904761905,0,3
0.94080649855936715,-0.044975243469470717,-0.33594695971734373,0.12208679390598434,0.96959317112311971,0.2120940764499836,0.31619289527473959,-0.24055417266444504,0.91769043963174379,-27.67508331327171,12.811846144592002,-10.704418533789188,,0.5165034339223955,0.25,0,2
0.69824327896520444,0.70431605451265689,-0.12804381568683712,-0.67798782588006379,0.70804599780987632,0.19749271617920994,0.22975820189569948,-0.05108581350180965,0.97190606970041837,-20.672634183973727,17.146670158628226,-8.4997504165061262,,0.08255263959662537,0.25,0,1
-0.11071070076766006,-0.8996829103438807,-0.42227218896192814,0.985103297893272,-0.15559254208413836,0.07322877390476526,-0.13158507975957326,-0.40787451707965322,0.90350636140633034,-15.94159658930977,-23.076750837747646,-4.5953586079745286,,0.2890923374030113,0.5263157894736842,0,5
-0.090019122271905602,-0.9383208378730814,-0.33384212262468349,0.99196687106240544,-0.11438450837166661,0.054017691169038998,-0.088872292307880116,-0.32629770066264735,0.94107997864273596,-17.025174388232998,-27.355759467032346,-4.5575940364569201,,0.2445638083684602,0.7368421052631579,0,3
-0.56842362968879645,0.81456886111689653,-0.11563800288026321,-0.81988565789668033,-0.57252080863569954,-0.0027261060969274034,-0.068425764056683686,0.093260356946810716,0.99328768271604573,10.263436195480761,17.762447201669971,0.85090080715464189,,0.4601364499182587,0.2692307692307692,0,5
-0.24012266089812048,-0.89553509914916674,-0.37464382273714247,0.95357641001676918,-0.28986002282543849,0.081689640880393322,-0.18175020765528038,-0.3376359775846311,0.92356310485950766,12.890035839206654,3.2300234182210708,2.3719399419995795,,0.1771689502502266,0.391304347826087,0,6
-0.87356780580162863,0.42943365008243356,-0.22905464161157496,-0.44884228799946085,-0.89280456529379082,0.037955351321985568,-0.18820172467418578,0.13596598239061267,0.97267330716033262,-21.435289830895645,15.263271982230039,-8.6758155529909757,0.2611585135348299,0.1861471353638386,0.3448275862068966,1,5
-0.87847447772495235,0.429388864020879,-0.20954187037613919,-0.43882077450368051,-0.89857310551338632,-0.0016437493781459734,-0.18899449687718808,0.090507333972929815,0.97779829343645841,-7.4903033550558744,-23.68068636353668,-2.0765085797952598,,0.08621080478381972,0.4,0,1
-0.85805704640757474,0.47633390726943575,-0.1919482062842518,-0.4799690383665145,-0.87676621473321947,-0.030178252300382596,-0.18266862708147871,0.066234533951820898,0.98094095601741138,4.4911005679518654,11.596997619570558,-0.50034029699697491,,0.08054156445859116,0.16,0,6
0.55634867202468563,0.82625791523872849,-0.088170361469826417,-0.80662738536777878,0.56249984674097608,0.1815108360157065,0.19957057977345008,-0.029862684436090726,0.97942830455687824,-4.1341151322624583,10.906071029021279,-3.0515515909950901,,0.4247058289121637,0.2252747252747253,0,4
0.9628703799187438,0.11422424527038502,-0.24460877594139074,-0.071518626617027986,0.98163297502082092,0.17686658361201851,0.26031849247018307,-0.15280551084363389,0.95335447674716878,11.08144267940685,-28.879953793089719,3.507923555513428,,0.2533312448597015,0.1428571428571428,0,4
0.28968225744999238,-0.89047088913548489,-0.3509213377965722,0.95711631643500361,0.27086442522685961,0.10276585016635455,0.0035421084917115018,-0.36564198165525597,0.93074883546456888,10.931529492875017,-25.732025867830302,3.2692798149678945,,0.7564799427628321,0.6451612903225806,0,5
0.7629707989875365,0.63189062499875781,-0.1363444092399739,-0.5933073478143267,0.76824951482133497,0.24037278133414119,0.25663583327713202,-0.10250327319388605,0.96105729697177245,2.5283892931148588,-23.989474814813487,0.79550542908979804,,0.1190771779481797,0.2222222222222222,0,4
-0.96443662187366219,-0.089250260306519752,-0.2487898579607638,0.081091571577247695,-0.99578415406789733,0.042872783049550736,-0.25156740529736898,0.021173321480112525,0.96760814953649965,-14.505265176729468,14.9760422029763,-6.3660952663110875,0.1486926001305904,0.1528921351165156,0.7555555555555555,1,5
-0.84473544853301052,-0.42565326826341421,-0.32440918175725098,0.47828292631293734,-0.87240953083820572,-0.10073258112545855,-0.24014050967978848,-0.24025175487254555,0.94053794707677552,-14.155179366353812,18.282559293711952,-6.4701537714592749,,0.1427470864744154,0.2727272727272727,0,5
0.55740967259593877,-0.74730389638210404,-0.36170615608337919,0.82661653792691336,0.54018623094471263,0.15780980680385365,0.077456801652353635,-0.38695700323145915,0.91883878973839384,-11.32816053530278,22.235679522182586,-5.791175338662514,,0.1953368612781342,0.1,0,1
0.0068071633318831232,-0.86456163439037015,-0.50248068904946463,0.99656281533544278,-0.035621667425988393,0.074790720684378281,-0.08256038770542129,-0.5012626827822354,0.86134749389075649,-0.42075604814577383,33.591105093776939,-3.1108133587374045,,0.3835784012747538,0.2173913043478261,0,2
-0.66670260920311186,-0.68355559438468427,-0.29708480315755736,0.71060842470318897,-0.70320273998764049,0.023271725649980313,-0.22481836584811268,-0.19559564376354793,0.95456746567128947,-6.0003345117505438,14.83605636157186,-3.7176737323547182,0.2659484915103126,0.4403892491424152,0.4511627906976744,1,5
0.3749555941476363,-0.87103858866655881,-0.3173327582698689,0.9267799730002626,0.36035411659174926,0.10594240086487237,0.022072246442676458,-0.33382134100316313,0.94237791157678585,-6.0610722244849899,-32.1412119058039,-1.1301439069461028,,0.2314443777047033,0.4545454545454545,0,4
0.027448941697715456,0.99518476242246179,-0.094094868307595836,-0.99460862416220785,0.036606674555116972,0.097023894583634168,0.10000120170195868,0.090924364282430531,0.99082416181580901,3.2701883269472614,7.9812092006879141,-0.61675802123904522,,0.4342569717216412,0.4083333333333333,0,2
-0.13911416129466966,-0.92279632265770706,-0.35929680908225686,0.98343263867450292,-0.17132085114896969,0.059240283180409734,-0.11622175061916461,-0.34510304671359188,0.93134117907027558,-3.9921389104950253,-21.238346176908575,-1.2447309618313624,,0.3690929219141832,0.8461538461538461,0,4
-0.74159016225940677,0.66745412073302879,-0.067446482165976956,-0.66540085877821198,-0.74462800173312582,-0.052638732622940193,-0.085356478238525935,0.0058425808878346756,0.99633334575898069,0.17005684938369706,11.17441182041469,-1.7481250421081513,0.6913200487723657,0.3229588659304309,0.3698630136986301,1,4
-0.46774332779106209,-0.75437573658661783,-0.4605794473881154,0.84597287032485269,-0.53304387925325891,0.013932891479099326,-0.25601969061241009,-0.38312070009337268,0.88750912512418212,-11.389597314011352,-22.893053493929916,-3.2841245249413924,,0.7644683944035202,0.25,0,2
0.95283973659927357,0.22060154511093888,-0.20840200251459137,-0.14800124331258563,0.93731241603484983,0.31550129433148066,0.26493785749747856,-0.26977841470654601,0.92575781855897221,-23.332666465794439,19.840578075441989,-9.5090808342367428,,0.5153673654555386,0.1578947368421053,0,4
-0.95023946445562901,-0.17072277987478324,-0.26057377577742774,0.18775252437676479,-0.98132936807119431,-0.041733211608290341,-0.24858388882071847,-0.088579928837272504,0.96455152606066208,-3.394637684314568,8.7043668341615614,-2.6829060542849907,0.4561131270109667,0.2822175768865322,0.4641509433962264,1,4
-0.71701492737686123,0.67462859908530071,-0.17540195898267918,-0.6850713589075238,-0.72847464401809681,-0.0013878859133502285,-0.12871218715939761,0.11916772347793751,0.98449592510976536,6.4504232918764037,13.255291482534245,0.021273614802182785,,0.09638113645313766,0.28,1,5
0.70773223599291313,-0.59229003084271781,-0.38510725973526461,0.69490018741859905,0.68190664300369774,0.22829161121912422,0.12739235323231873,-0.42918043943283407,0.89418976663020022,-15.772077784438082,20.690908486496724,-7.0818743931420354,,0.3358851596785329,0.2666666666666667,0,5
-0.92828884919909183,0.29319536911392258,-0.2287275409363205,-0.30931143551721801,-0.95022970512743155,0.037281944044161297,-0.20641281043312998,0.10535645696199607,0.97277631995516389,-18.056829692251004,-24.256160764352348,-5.0535568724269453,0.3163456612808179,0.2628480777862781,0.7931034482758621,1,4
0.71734037737332024,-0.63020387989139914,-0.29709569629957544,0.68512177733508794,0.71554067724695036,0.13641733550464177,0.12661332161788058,-0.30140439441853317,0.94505262171695215,19.662348237613511,4.0230047690428483,4.1567168023509371,,0.1139013914120662,0.3333333333333333,0,5
-0.88581530085246252,0.43285017198556169,-0.16724826273456814,-0.42071851947158517,-0.90120159766511521,-0.10407501015844986,-0.1957732876295919,-0.021826794952848141,0.98040624787523034,-11.826052805636055,10.415198014059163,-5.359875259192858,,0.1645332903370591,0.3561643835616438,1,5
0.39778743437531733,-0.81913374827800733,-0.41326149044536326,0.91349363686996254,0.39553743896344773,0.095286461663366351,0.085408035050514489,-0.41541549900100905,0.9056132898420558,-5.0223132307906679,-24.530581142501479,-1.2863799420153261,,0.1651196950609974,0.15625,0,3
0.93118930052896498,-0.21991630262697076,-0.29072892257094085,0.29548845749957459,0.92240822489459828,0.2486958747774459,0.21347847213454466,-0.31748997855944944,0.92391939878401808,-19.818647541292357,-22.735597259718077,-5.74926903338846,,0.2814743243355272,0.4347826086956522,0,1
-0.5281036877109001,0.84682508546857016,-0.063196278745642723,-0.84568271748077639,-0.53121749291602749,-0.051271011052441161,-0.076988547073426297,0.026367590734827331,0.9966832564954442,-28.176126005213217,10.069651786879191,-10.730592148144149,,0.6721375682209439,0.2365591397849462,0,5
0.91388056348545155,-0.29280288592954684,-0.28122728472685921,0.35052899176300195,0.91855448032348663,0.1827213523681957,0.20482124308070812,-0.26556380903462318,0.94208498646029559,-16.414096705429607,9.027714501365578,-6.736663219179456,,0.07032977556894734,0.3684210526315789,0,1
-0.50601659641102981,0.84605515471661863,-0.1677434926726927,-0.85853159916991773,-0.5127473947845016,0.0036881388868111307,-0.082889669943479058,0.14587934850122969,0.98582377649228781,5.2936749111206414,14.634536097544114,-0.39066896975012588,,0.1395441310302739,0.4,0,5
0.55642129793128947,-0.77534778472545107,-0.29871583809666874,0.82731063387742643,0.55035849526388358,0.11252840425512581,0.077152150208470716,-0.30974399011475562,0.94768465551891257,-18.693165371296878,15.468109646605923,-7.8025466600418545,,0.1011323192236664,0.391304347826087,0,1
0.22750697723951407,-0.92619963050003096,-0.30065731284794306,0.97361609720675957,0.21075282015340932,0.087492537151821981,-0.017671178999077858,-0.31262996219011291,0.94971060653958783,-10.429695235912018,23.011814041524978,-5.4786685701919371,,0.09810079739174248,0.375,0,1
-0.90789168019170485,0.36821671484263929,-0.20037252293959062,-0.36768163062503845,-0.92903512645099917,-0.041278957364351401,-0.2013527142593193,0.036196474008798885,0.97884978404744749,19.746193035744998,7.8273519477946474,3.954871768403553,,0.1424498689437214,0.2857142857142857,0,3
0.44519636064735107,0.87345091615740456,-0.19718949650056644,-0.87688391748577588,0.46986247914383,0.10150786150646128,0.18131408031687715,0.12772136765869246,0.97509612681121871,2.9321589430764927,15.467395205333222,-1.1400844908120731,0.2116274372861155,0.1193989610581024,0.2608695652173913,1,2
0.44347150404971197,0.87405895835930669,-0.19837833149749737,-0.87765611405164223,0.46837771922583993,0.10169590749175461,0.18180420942227282,0.1290087184830733,0.9748353604541119,3.3006441645890168,13.127453349671033,-0.9466086382828981,,0.07664655770180794,0.2777777777777778,0,5
0.45492406149451203,-0.82461449651936991,-0.33623656910491079,0.88912402235520838,0.44179607299412266,0.11947678752738849,0.050025704834917438,-0.35330887622175011,0.93416822191653026,-0.56074483887725368,13.328611048256244,-2.0627466523952762,0.3045225171101784,0.1644551867019335,0.2307692307692308,1,5
0.57694544517314605,0.78991973232096524,-0.20775170224076395,-0.790213811787707,0.6041669843137728,0.10268586429077635,0.20663030986257225,0.10492412284682763,0.9727768724075021,-3.7363456372758788,-23.088571061552621,-1.0195950438639074,0.8579278564070714,0.8805384280022942,1,1,2
-0.31028666245056657,-0.88932408566805177,-0.3358941168820484,0.9385024546876779,-0.34285385477492919,0.040796774519243302,-0.15144414696676267,-0.3025787582046281,0.94101581571876591,1.8060590359018904,10.067470829257662,-1.2006645197196451,0.8876921274282584,0.9010497806309269,0.8402366863905325,1,5
-0.091224959618049661,-0.95040525966815514,-0.29733457440699762,0.99079497329077382,-0.11661144313711047,0.068753852482704422,-0.10001663683816935,-0.28832553429168511,0.95229462805950693,13.336204895803437,11.092610576357854,2.0580150923138838,,0.092880083058955,0.375,0,5
-0.94089913234400713,-0.18279107578575773,-0.28512496447589042,0.22071453112001013,-0.96947030844990389,-0.1068289136260431,-0.25689281521048141,-0.16344645498490273,0.95251841863876818,6.7627045150279939,10.729057999725367,0.22219007176600644,0.2868366473572014,0.1964445559739701,0.4838709677419355,1,5
-0.96748397719705903,0.0014342146689305453,-0.2529282445581012,0.033716911939522747,-0.99032794773380606,-0.13458724228770166,-0.25067493635427879,-0.13873895979727349,0.95807806431320985,-23.067698407623055,10.856622398701155,-9.0432390541756824,,0.08475725555350347,0.24,0,5
-0.96894028665109644,-0.0078961324928307017,-0.24716871160433254,-0.00074136538704135124,-0.99939286495703472,0.034833200403236488,-0.24729369438352647,0.033934533511230103,0.96834615512920863,-8.5010713433343899,12.589831825000548,-4.4461392681962648,,0.09512397684911718,0.5411764705882353,0,5
0.65472447006425116,0.73606768566995462,-0.17187271572754823,-0.72425348402847411,0.67598105099146288,0.13603863264931138,0.21631634051014872,0.035411591505526634,0.9756809212111015,12.916297119972828,-25.90288187161736,3.8455107356190359,,0.1718780600232734,0.2142857142857143,0,5
0.22285321143327985,-0.85953349516392485,-0.4599332743400521,0.9748498125792765,0.19548841077075532,0.1070145979223147,-0.0020710065244025828,-0.47221441310660167,0.8814812868044134,-1.8928460920983532,10.803926370606536,-2.2947800672391878,0.3393151420040015,0.1920063970360329,0.2982456140350877,1,5
-0.96770943950624888,0.069392266763653718,-0.24232860748146284,-0.076958441123245597,-0.99679406105101864,0.021886027353078204,-0.24003299571180411,0.039828547134205958,0.96994734279897732,-6.5328725148270426,20.819761545250032,-4.2050050251540414,,0.0861007496221895,0.21875,0,3
-0.72827103116523828,0.64548515338056811,-0.2301526057440697,-0.67301168615299944,-0.73696872685375825,0.062708579485168239,-0.12913781579002068,0.20056423510889365,0.97113202610570282,-14.148297710360765,-25.411089664161825,-3.8125640197035704,0.3391813688917637,0.2693997933918115,0.7804878048780488,1,4
0.93602267742903644,0.27877489818234347,-0.21481644136797864,-0.24022189159595173,0.95215599552161745,0.18892433138772777,0.2572061238319201,-0.12523384660570469,0.95820743762908545,-13.168705008367859,-20.878058920716011,-4.0375266243694474,0.2188124884843975,0.1834333885690225,0.3043478260869565,1,5
-0.96740938766783957,0.078365981880755706,-0.24078589978651244,-0.069836787752581828,-0.99659782598397206,-0.04376752586588438,-0.2433965893938044,-0.025525401620446465,0.96959092102988365,-9.403951979710131,26.309756519965333,-5.310843999406206,,0.2504786603005845,0.5666666666666667,0,5
0.93364642890922045,-0.24661019852586299,-0.25978405603134103,0.27871782501223924,0.95571828833728723,0.094440072840367206,0.22499048825563114,-0.16058008382324854,0.96103762510830537,-19.29064520527875,-23.776964525629236,-5.5275044303535044,,0.0921925422428181,0.5294117647058824,0,2
-0.80841867217830465,-0.49865183643536182,-0.31273886310004256,0.53061430014182931,-0.84736488984518976,-0.020523351155346634,-0.25476992553765621,-0.1825351732606349,0.94961739430375136,8.3595288977965456,10.902464769033507,0.65082338089515768,0.4061191701925735,0.3020791589393923,0.4166666666666667,1,5
-0.71216026270758803,0.68948192870054015,-0.13206979297190741,-0.69031132260913719,-0.72199325648949642,-0.046861663023372989,-0.12766376971515106,0.057796259213512544,0.99013208933103525,16.844590252825345,2.7804003617435473,3.495365852575957,,0.1172816633588388,0.3157894736842105,0,2
0.9654932242461024,0.012257006171638603,-0.26013957740907717,0.056968094781817809,0.96476003278659106,0.25689047338222765,0.25412097534795253,-0.26284566752625693,0.93077101638957438,8.7344692604637881,7.3535563050538384,1.0055792686028835,,0.1913282950615877,0.3846153846153846,0,4
-0.76066341043933849,-0.56063352270934108,-0.32723268362636038,0.60317337919893121,-0.79674855934885747,-0.037062215277324721,-0.23994384894082457,-0.22556991463853343,0.94421669280172549,-3.1730163026339731,6.4459277701025517,-2.5464756757182188,0.3003001579765378,0.5264215244728391,0.5975395430579965,1,2
0.46568002357468397,-0.7829608665663218,-0.41244926605486554,0.88332059117054673,0.43954665598075826,0.16292166961534041,0.053729404031675324,-0.44019429646674024,0.89629355263805932,8.5952732447637494,-24.49425826370565,2.5940220716003775,,0.2894475068114199,0.1428571428571428,0,5
-0.61835592866701949,0.77984137530304543,-0.097382620871498154,-0.78128599834649304,-0.6233942403611159,-0.031173865212876066,-0.085018434883683228,0.056807133795338013,0.99475867187971134,-22.280868191989562,12.386291803138377,-8.8286757608249182,,0.2317383655988003,0.3333333333333333,0,5
-0.50121904773970527,0.85439085054822017,-0.13709755899501916,-0.86349067256193368,-0.50413971453921058,0.015066738959168194,-0.05624344034145979,0.12593419997686545,0.99044295781975489,11.975071462349792,5.4652502545129416,1.9795825992739871,,0.092070556155625,0.2666666666666667,0,5
0.68293850064755235,-0.61644135448620629,-0.3919120574982129,0.71762138291631083,0.66639138612055004,0.20234147198637156,0.13643516817357931,-0.41943125418063604,0.89747583137480857,-18.64654616806888,10.565209768585468,-7.5448587956696223,0.4053170898310133,0.4074418406396673,0.4285714285714285,1,4
0.96943251621032167,0.018057949293673471,-0.24469267864288896,0.016034579905248661,0.99049329457650326,0.13662329832882478,0.244833594021301,-0.13637061217979468,0.9599268552198762,-14.783657486447945,22.198185379423442,-6.8204744599723188,,0.07657475921944301,0.2,0,1
0.3576290589572147,0.90654682506066242,-0.22421933494194948,-0.91961430501796715,0.38365347362423363,0.084377379565741484,0.16251457225645577,0.17601950502285987,0.97087905923230677,-13.365928137446172,14.361097117954184,-6.0272537644944748,,0.09612018489455933,0.4461538461538462,0,5
-0.96472597075472755,0.11750501582393111,-0.23557668095031481,-0.10596960506128961,-0.99249111993798267,-0.061088621259636065,-0.24098598331542648,-0.033969811604815936,0.96993391926719963,-3.9588924248692483,25.562100590216151,-3.5933241132651186,,0.1045398600811223,0.24,0,3
-0.91746943687721927,-0.26433388754100329,-0.29728341409109477,0.31567284344016167,-0.93852500216522183,-0.13971927649817181,-0.24207537733235135,-0.22203246656340522,0.94451103512937806,10.065219309552747,6.0136062322249186,1.37883875978973,0.7012217273954685,0.5943938225631505,0.2686567164179104,1,5
0.95503339275005195,-0.1000418687291546,-0.27911080816318018,0.16926347640678513,0.95684737390765762,0.2362053737761034,0.24343601682375324,-0.27282728519559341,0.93075462833433587,-3.4259705580542685,9.8083736480865298,-2.7755192852383708,0.3635051498236209,0.1971009061975698,0.24,1,4
-0.37891872365894902,0.91427479835533998,-0.14325569431256571,-0.92522735855125604,-0.37750821712325217,0.037972108088553391,-0.019363260286901014,0.14693243037779569,0.9889569884754017,14.041629561767461,4.3792426423380455,2.6696139283748352,,0.1405550222693907,0.3478260869565217,0,4
-0.82165889011436144,-0.50496941736037615,-0.264353089308142,0.51199402510812331,-0.85770141369770736,0.047014925231646625,-0.25047711781641585,-0.0967169709599984,0.96327931617921958,-7.7711821969910551,17.987574168247463,-4.4693717040650887,0.3498668566565173,0.2440144864274637,0.7628865979381443,1,5
-0.73008072436494631,-0.57224109967315828,-0.37352678586094723,0.64075332450378786,-0.76323399728856134,-0.083120650384051711,-0.23752328948568133,-0.30002331447369029,0.92388781663366593,-24.480272621913599,11.609377771736192,-9.6404001540768078,,0.1034115733362016,0.325,0,4
0.61973641643417599,-0.69379990274286019,-0.36683575220979064,0.77879475548892729,0.60143062246052825,0.17821317344596865,0.096981972388001048,-0.39613495341958765,0.91305618431233104,-13.469936569623496,22.1959810920122,-6.42503731532058,,0.731658961180279,0.4666666666666667,0,1
-0.072578963384157633,0.98442040902419048,-0.16015227869351628,-0.99491826008106998,-0.060226154349329375,0.080687459307790421,0.069785025838905265,0.16519463862043285,0.98378899238593187,26.841440630347581,-9.7648283037939869,6.8909295273003028,0.38431468740269,0.2790434267817788,0.375,1,5
0.83180428653952709,-0.47319768388773503,-0.29014751568426772,0.52767000194997571,0.83631348629660585,0.14880901075046016,0.1722382011534663,-0.27688211318483735,0.94534136557209725,4.2129646178875415,-24.83380853049103,1.3506718864536238,,0.2312874797814764,0.4358974358974359,0,5
-0.92737517833101546,0.32368778168480794,-0.18762062414213979,-0.31207794853184956,-0.94585365620070927,-0.089264859221888385,-0.20635559758744165,-0.024229755255047527,0.97817702196719547,2.5834785135934899,27.716197219868533,-1.7407353988618122,,0.4530127831623911,0.62,0,4
-0.51491569961634209,-0.80939495723196242,-0.28238559718243939,0.83337064006569961,-0.54983309004273295,0.056364433560059046,-0.20088603377313091,-0.20630893412920775,0.95764368380591902,-21.846021463585572,-21.357379915395494,-6.3804032063902554,0.4367415474466133,0.3848875972112376,0.9354838709677419,1,3
-0.86459459147407647,-0.40392962966560403,-0.29885957684501629,0.46935002592543357,-0.86159025315385218,-0.19332043046216124,-0.17940664858797484,-0.3074135487392976,0.93451065509920328,17.050837832918553,-0.40784998001360973,3.7080477138954695,,0.5563162271968732,0.2156862745098039,0,2
0.19849424824593903,0.96974545722113847,-0.14210482613987876,-0.97622300665949646,0.20850641163414291,0.059276619135596197,0.087112999500491853,0.12695993268121644,0.98807514937458518,-10.317535802009617,-22.097219495505602,-2.948415206536084,,0.2966878635087331,0.3333333333333333,0,5
0.27726198785959538,0.9377876205988025,-0.20899801132972809,-0.94901445458598876,0.30126319123533823,0.092801156208083949,0.14999118332423023,0.17261190068571616,0.97350283855090047,-5.8383044610064818,19.000146319087634,-3.9128471588118452,,0.1070020349127868,0.3846153846153846,0,3
-0.19550075263553912,-0.84635472613388751,-0.4954423611983248,0.97438088940683976,-0.22490397570210618,-0.00028995193426157028,-0.11118155457482816,-0.4828062543756243,0.86864076732450568,12.264204170988332,-23.649953973003452,3.5320194344996048,,0.3718401458709354,0.125,0,4
-0.95024003595339901,-0.14318656571226074,-0.27666131184322085,0.17445575778157066,-0.98037621769875027,-0.091802289446130031,-0.25808731593811707,-0.13549936963034745,0.95657245317939066,7.4324739186462665,9.4360627559791332,0.45707027649884785,,0.1109463095651223,0.4864864864864865,0,5
-0.94838637117481184,0.22424526880533877,-0.22422611442089196,-0.22657844530868543,-0.97386774015743183,-0.015615146562028205,-0.22186820207359292,0.03599561221976838,0.9744120364658645,6.4548872050787587,5.0191056572520818,0.44464383184299483,,0.07025256017416148,0.1777777777777778,0,5
-0.89884456673017021,0.38812527684872106,-0.20356132818086267,-0.37374551627860497,-0.92139726391262633,-0.10649587370394112,-0.22889459128885564,-0.019643103762654865,0.97325300644451029,-32.801599749508085,14.192796084421566,-12.484792504217067,,0.259466975818157,0.3529411764705883,0,2
-0.9579350722676816,0.16185108183860217,-0.236990769075896,-0.13303804735411257,-0.98214661847078999,-0.13299961572349214,-0.25428581414564894,-0.095876207340850714,0.96236504383223409,-19.361430657625366,9.0915199602785144,-7.7395815917795945,0.5304557366589312,0.5449239560220581,0.4656084656084656,1,7
0.90736664421575552,-0.34852854198217836,-0.23497580383608571,0.40670451059820262,0.86917354237950861,0.28129840789903504,0.10619422782672452,-0.35080651170015692,0.93040721048638275,-20.386335583778322,18.919015668054936,-8.4769111074513432,,0.2663082691169489,0.391304347826087,0,2
0.96696552289821225,-0.058371995582478645,-0.24813380998547191,0.090042327282695442,0.98889181173905483,0.11825973098635954,0.23847443641552679,-0.13669562833964111,0.96148023815839689,-12.583411558016152,-26.686304040398102,-3.2774467575710489,,0.1000713083262097,0.3333333333333333,0,1
-0.12684882881848386,0.97365012273655493,-0.18951203951852311,-0.99131009126893155,-0.11772519373108876,0.05869481842002898,0.034837875591969131,0.19531056616596279,0.98012249498119852,-13.026058601231311,15.501428013356779,-5.9641541679235992,,0.07934650736028824,0.3333333333333333,0,5
-0.1676238981877668,0.97067115444066721,-0.17233612126643308,-0.98428575555169429,-0.15493402111767665,0.084717179593853262,0.055531794265690881,0.1838286132165744,0.98138843522251862,-11.09447948539801,-34.930329771330555,-2.3473200310162543,,0.1629746918838424,0.2105263157894737,0,2
-0.87365253935151888,0.46112261849003849,-0.15523263574884547,-0.46266730645775156,-0.8860824146902323,-0.02822973453394138,-0.15056627783063603,0.04715808619545845,0.98747451151237819,11.988489989305416,4.1806898119454479,2.0680336987217007,,0.2700300808583734,0.208955223880597,0,5
-0.55565885171281137,0.83060024692082801,-0.036694281955897495,-0.83071210296038323,-0.55645966255110457,-0.01643307483851213,-0.034068203773270488,0.021351200635326559,0.99919141495666008,-16.767263606829658,9.8022064283445332,-6.89602455395974,0.6640770383718646,0.6452723726997707,0.6069364161849711,1,4
-0.79853861820266214,0.56529316343378289,-0.20683257628819016,-0.58188966518972718,-0.81288774618602877,0.024858190722299178,-0.154079501506108,0.14020396383706674,0.97806050719779303,-12.394790909668863,-28.469850807674945,-3.1723418581534339,,0.1298130139397953,0.3333333333333333,0,3
0.75728348993026795,-0.59643446547320433,-0.26605947507037703,0.63708908235218642,0.76426837567097428,0.10005673938769677,0.14366355497021671,-0.24527490361824955,0.95874970906299395,-11.579403009920075,-21.850279721469747,-3.3783891423400205,,0.08673642111155784,0.3214285714285715,0,5
-0.27614424135254828,0.95813948273154037,0.075584982627249553,-0.96110633163026526,-0.2756426049311132,-0.017198071025692364,0.0043562906285107717,-0.077394353655330234,0.99699104146137318,7.6343119275731626,8.47288870715483,0.59385182814514847,,0.09069703561913681,1,0,1
0.95804829138864644,-0.14028307922054256,-0.24992824780664405,0.16884037652738965,0.98089376469539757,0.096645484301029108,0.2315953337642743,-0.13478902056953365,0.96342904321622003,-14.972286202673969,-21.911562243528586,-4.3455104475098096,0.4547798264962045,0.4393112986803126,0.9596774193548387,1,5
-0.48477653576536794,0.85654243060995761,-0.17699371439719341,-0.87261536015584917,-0.48740341880710719,0.031310390531285065,-0.059448663495546901,0.16962597648924568,0.98371382246498063,-11.090729826517927,27.340119633119802,-5.8975644035156884,,0.1653279756771891,0.2857142857142857,0,3
-0.67838955704087345,0.69868262910067502,-0.22722278206829627,-0.72590075097478612,-0.68513042920743661,0.060534244096011082,-0.11338301738853665,0.20600698718005353,0.9719595735424742,-3.7554351063787998,-23.003494110177638,-1.0293549434843521,0.7339708584592842,0.7533738886277485,0.9689922480620154,1,4
0.57953765308513938,-0.72656788465038824,-0.36910055222287164,0.81057191559961805,0.56077599989792459,0.16882964070224266,0.084316536324343577,-0.39702567540795508,0.91392632896154313,-8.8287080573839596,-22.650253013189154,-2.5473917195569085,,0.3566244263816918,0.4333333333333333,0,1
-0.45873884358526645,-0.7432126501791233,-0.48702528681761043,0.86767526311840193,-0.49283750198092369,-0.065198423398224153,-0.19156803271543943,-0.45248884323806954,0.8709509375312765,1.0862710218509803,-19.667831808812842,0.10549462308287315,,0.5394449761033936,0.4210526315789473,0,2
-0.86600985684897414,0.44994560563094338,-0.21811895794227204,-0.46236075017613965,-0.88666673917845829,0.0066805936260876742,-0.19039292144661349,0.10663510495162117,0.97589932362666409,8.1806384808386241,4.3549314172107483,0.99348958020143308,0.4915524945705249,0.4271154929180073,0.4593023255813953,1,5
-0.93456718981204079,0.31200539439792147,-0.17098772351669567,-0.31643498980849777,-0.94861313676713921,-0.0014191468227088791,-0.16264398221797294,0.052780210490354133,0.98527213724375318,22.070930167213398,4.5724802034892233,4.7730775193927988,,0.3166880681562795,0.1818181818181818,0,2
0.35809040772970163,-0.86666681914260268,-0.34736131691542665,0.93350197521405065,0.33972524173818675,0.11472062760200093,0.018582845945718979,-0.36534283176651239,0.93068753785219649,-24.980581434824533,20.834746587906594,-10.06222828354367,,0.1616065480094022,0.4545454545454545,0,1
0.072581281272661821,-0.9018227414044776,-0.42596678355774659,0.99585935123563663,0.042090123601731803,0.080576510545743774,-0.054736735062991732,-0.43005135109763859,0.90114356528454453,25.801157195247299,2.4987634744702762,5.9085973695135801,,0.4151446302678475,0.7419354838709677,0,4
-0.87725925460491561,0.45428265394146594,-0.15505957093300443,-0.4342131794059112,-0.88871660120380513,-0.14711124217736629,-0.20463410038465968,-0.061725789364383152,0.97689037864394279,0.42760478230359561,-22.62731959195148,0.12066808194285977,,0.5241620024029723,0.4615384615384616,0,2
-0.79978035254127877,0.58779315934424348,-0.12186299486333518,-0.57886960563376788,-0.80892828588827959,-0.10268888919087768,-0.15893825015506696,-0.011585772221263741,0.98722054401216908,11.042479785180969,7.4853308085002084,1.5903463464799863,,0.7459903939137342,0.5901639344262295,0,2
-0.97256185181091737,0.085477455124141025,-0.21637247761122369,-0.082430704655093487,-0.99632941713401724,-0.02308400925866598,-0.21755142686772666,-0.0046148909943669481,0.97603794979955882,-10.867082845019928,17.088578900721028,-5.4067039651304745,0.1441179468092847,0.1420291563241559,0.2352941176470588,1,5
0.11150783590943843,0.97280868497282202,-0.2030006526399448,-0.98927220763303236,0.12806245085688964,0.070288746506068478,0.094374264159575935,0.1929851577763857,0.9766525621439609,-2.7189083203309212,-23.196587140477625,-0.78749270331619581,,0.1094251159164671,0.1904761904761905,0,2
0.29023753331024155,-0.8408088297977746,-0.45694932540937389,0.95694484365909604,0.2528486198334241,0.14256276387121364,-0.0043290243997171447,-0.47865236569187453,0.87799383389937158,14.392673079307301,6.3990802817523074,2.6576126620539435,,0.6946411271986356,0.1818181818181818,0,3
0.79802690502110962,0.57779768473541648,-0.17118088204242388,-0.55047749287332071,0.81453056173926752,0.18306964202897644,0.24520927531872283,-0.051863277057149257,0.96808192411105443,22.828700448583195,16.618673166061168,4.2691017976565275,,0.1425363688625404,0.4,0,1
0.92030090816497956,-0.23644578539492331,-0.31167231028709103,0.3317866773705852,0.89384599738545201,0.30159067239786197,0.20727720364309751,-0.380962889960407,0.90105684466792302,-2.089028625965947,-21.208842513936652,-0.62453207067214134,,0.3970997186600272,0.3888888888888889,0,3
-0.63800259059797049,-0.72569292917328587,-0.25753148727519592,0.7381966400364266,-0.67157758097602394,0.063633901100920959,-0.21913104533408442,-0.14951028485789089,0.96417231846413398,-28.941186590636903,15.516997480783306,-11.247052009547263,,0.1702558179694754,0.55,0,1
-0.14299749913251325,0.98672855584010433,0.076931608143532296,-0.98890195806311609,-0.14561216592855758,0.029496007738854309,0.040306731209354997,-0.071859962589034029,0.99659997651812182,14.305734219475069,16.419252240549291,2.0008114082689246,,0.3507348742992056,0.25,0,1
0.42392780058957713,0.90550043584737805,-0.018819685637404139,-0.88826257820076926,0.41973537339378419,0.18657922845295943,0.17684686046239187,-0.06237929946855475,0.98225964538018473,13.362790782029332,-28.303567585372864,4.1070365392167787,,0.7055617950954444,0.3125,0,3
-0.63598271613216173,-0.61385136537378981,-0.46766706748486364,0.74004683843562991,-0.65693365654645131,-0.14411400979064429,-0.21876165500970871,-0.43774955411198674,0.87207721342331257,-16.238411209173638,19.618649158466567,-7.1903064533295407,,0.3406787714457331,0.1428571428571428,0,1
0.75668219378105361,-0.5446455901977999,-0.36165347875111248,0.63346582493156678,0.74761015672814268,0.19949962957532241,0.1617192204361034,-0.38005293662200701,0.91071766157603806,-3.3526463576740801,-27.942925880717411,-0.57724678003553487,,0.5327781231694003,0.5652173913043478,0,3
0.92224866865543353,0.36090559830763352,-0.13858045415386541,-0.29380869490721145,0.88729646268427798,0.3555016710296745,0.25126449005023366,-0.28714480043730306,0.92434518423672207,11.196991386144074,9.678995716194299,1.5184017889273183,,0.2833971921514651,0.5,0,2
-0.96239471046617919,-0.073954376426624197,-0.26139466611633327,0.10422267808907482,-0.98911388652770726,-0.1038814365033324,-0.25086660726103283,-0.12721819714727917,0.95962569561050004,15.66500247882626,7.180892644383543,2.8888575471204612,,0.2225732344815705,0.4117647058823529,0,4
0.83235486305802231,0.53006671945438699,-0.16190940328012959,-0.48473207546357194,0.83785489850736017,0.2510656967090521,0.26873815687475738,-0.13049307251378425,0.95433294036487759,15.25837013275069,-25.639749710661849,4.5067007186886689,,0.3737193231260832,0.4117647058823529,0,3
-0.96340233071339854,-0.061442360701541895,-0.26092294933066784,0.068774257718019968,-0.99745027604453662,-0.019053826230297961,-0.25908695577224267,-0.036301282761090348,0.96517157346172,9.3942934322196692,-31.427981686172021,3.1744088764042098,,0.2143692430065945,0.1,0,4
-0.94202151755711772,0.23535082116071243,-0.23917661139493462,-0.25058703543489441,-0.96746205719814049,0.034975785250552484,-0.22316271671436555,0.092882500294297801,0.97034593986255424,0.49046636346708106,13.149338212267756,-1.7059514422942947,,0.08401261475112204,0.4615384615384616,0,2
-0.29143587846466423,-0.87161672170270366,-0.3941439067038342,0.93660980123891069,-0.34377431829237393,0.067685288695710347,-0.19449218227665974,-0.34943312454723724,0.91655293491560941,6.1593305402591199,8.1804418803167831,0.18476365537980285,,0.1992582975451362,0.1621621621621622,0,3
0.67948753510541227,-0.64096862285202161,-0.35700968355992352,0.72428188633803525,0.66367211977860552,0.18696274107744701,0.1171001227966532,-0.38561449914099194,0.91519889602930216,20.375272431184012,-28.543442029968308,6.0859916965541041,,0.4052133047576155,0.5909090909090909,0,5
-0.62286425859522432,-0.64482784170835905,-0.44298664756667405,0.75182142630454818,-0.64995601328701702,-0.11100326004870979,-0.21634384279201516,-0.40218681647933968,0.88962975800958766,11.629961592262994,-26.167250825693728,3.4942022057307298,,0.4723823854845949,0.25,0,1
0.9704487277438385,0.089501059529607421,-0.22409557595687135,-0.018855095043758308,0.95395798393242759,0.29934703987590761,0.24056964108393866,-0.28627561061790618,0.92745486281224987,9.1651593304953174,-26.333501837960146,2.8615317822065722,,0.2254403399964452,0.2666666666666667,0,3
-0.9354326590706733,-0.19773831490730362,-0.2930278129488546,0.24346157300497648,-0.96136561439075452,-0.12846251568854233,-0.25630490204814943,-0.19150904491617751,0.9474344741993409,-0.73435515769706206,7.213597499118773,-1.7587349985994603,,0.1119949381807866,0.2615384615384616,0,1
0.12778341443968133,0.98850466322542463,0.080807980891290127,-0.9858162469367121,0.11765196472522443,0.11968434514133545,0.10880131556995259,-0.09495549472192219,0.98951792694845253,-13.538455901658416,25.537919419933441,-6.5704734050062701,,0.6433089612301989,0.2777777777777778,0,1
-0.82278743673160237,-0.47433876371877692,-0.31308716228932332,0.5133401700996183,-0.85665772170016163,-0.051180246322023164,-0.24393176037312964,-0.2028306808281975,0.94834435264625028,-26.869989409562944,22.090812599713576,-10.701622225748535,,0.2110384458099144,0.25,0,2
0.78305859793905497,-0.50353149664084107,-0.36506884841678344,0.60307527728267185,0.75823110062310484,0.24776159504310533,0.15205078797609042,-0.41417584422381548,0.89740677952494885,-13.134789329772492,-27.443322384897449,-3.3914377501046378,,0.2790665207397539,0.1,0,1
0.4423215862224405,0.89682307507835635,-0.00774508674358292,-0.8785396971806092,0.43500815048502239,0.19732184240322775,0.18033195734386157,-0.080475344165785098,0.98030816794614684,-4.7109783074895928,7.0790636809476162,-3.0071645793597983,,0.1061678788321326,0.3958333333333333,0,1
