axis_00,axis_01,axis_02,axis_10,axis_11,axis_12,axis_20,axis_21,axis_22,location_x,location_y,location_z,dbh,dbh_approximation,score,reconstructed,number_clusters
-0.94580041237233214,0.21365812011620841,-0.24456448569801351,-0.14554910114331773,-0.9521057310954566,-0.26890544057634408,-0.29030507937805411,-0.2187347355213464,0.93159974042702909,-13.244843888606887,-6.9893970600095239,-6.2178049243797879,,0.2677895095408645,0.1111111111111111,0,1
0.28128375495424413,-0.87798329601476022,-0.38733032558515051,0.95824966735468375,0.27858352960867749,0.064411117405378568,0.051351964066421479,-0.38927695661293532,0.91968822262584826,-8.9747708034253098,-15.516803621365428,-4.3136486055914967,0.339601046881044,0.3043273161776938,0.8673469387755102,1,4
-0.9410511456613232,-0.21571771383159086,-0.26055442653845479,0.25603808694648372,-0.95762506059602348,-0.13190428860066555,-0.22105935692093184,-0.19084053882164212,0.95640611115779151,-25.395017194344199,11.220520223993562,-12.152473655598122,,0.6116296828410057,0.6962025316455697,0,2
-0.38664937107149755,0.91568862342579305,-0.10962029364397703,-0.9197637359691867,-0.39156440740176995,-0.026683044281069965,-0.067356765406454244,0.090507788530474878,0.99361532112246698,-8.3484050098576663,-26.515153443461596,-3.6703204276063595,,0.3190441994723152,0.5,0,3
-0.037097596589557844,-0.91970041106220035,-0.39086432712553743,0.99905695733770916,-0.042963619465940912,0.0062708370658068344,-0.022560237640559287,-0.3902630924061441,0.92042694136101655,5.1653879929780411,13.604700846147354,-0.6333989809730961,,0.1240475956896625,0.2,0,4
0.91215464813229463,0.33952606697485899,-0.22955597952401996,-0.29862986295415062,0.93420928566030981,0.19512359041909416,0.28070287287919571,-0.10943061925547502,0.95353596509346661,17.908821272957997,2.6777991637799814,4.1981335106221085,,0.4019624705896801,0.3846153846153846,1,3
0.8388801250663448,0.48655833651519159,-0.24401049349616549,-0.46925533683016635,0.87362402386963756,0.12876526617931294,0.27582524290767862,0.0064846037189349439,0.96118592649368717,-9.9499018260670358,-3.4337217306930956,-5.0927209588137954,0.6562875671351053,0.3924468806136098,0.3282828282828283,1,1
0.87748798030326114,-0.33896425908192312,-0.33929054730179115,0.40710953300817193,0.90041696798124315,0.15333333592319698,0.25352844526240886,-0.27267657551852648,0.92810064788594882,-8.4985248203852919,10.627278745139112,-5.4707852257577425,0.3612510331516089,0.1792670862659561,0.1111111111111111,1,5
0.77397633791234033,-0.52275874456373439,-0.35732887279640851,0.59639107397541591,0.79144055632286903,0.13393854071848982,0.21278701848151679,-0.31677301146009446,0.92432491255848481,-40.176400546318241,7.1818827545289468,-18.030265158736235,0.4833423665093336,0.3669942006021142,0.639344262295082,1,3
-0.045979042192663931,-0.94460249134687979,-0.32498009326774607,0.9979493176704487,-0.057937306180038679,0.027210805090748059,-0.044531865446345895,-0.32306253557766207,0.94532931355480598,-2.561318472150826,4.8955649771269583,-2.8983637263054844,0.2696100647914839,0.2412352855782415,0.8302687411598303,1,5
-0.35405879596906975,-0.86678211000093031,-0.3511853396417165,0.92430922079674394,-0.38151912288768658,0.0097787126518225406,-0.1424599359365615,-0.32114160841184297,0.93625489798430728,8.7006650583953391,9.4866492827618973,0.77134070457849324,,0.08890021414686437,0.2692307692307692,0,7
-0.9470694289782674,-0.083615195705463302,-0.30994837593043817,0.11747698444681645,-0.98878503185202127,-0.092213442136603624,-0.29876186975593383,-0.12374433252692979,0.94627093654375971,-33.236810321161677,10.915635279505794,-15.530647185846446,,0.1683874384648384,0.2105263157894737,0,1
0.27750860544183781,-0.86154453495226646,-0.42512349758583029,0.95977086407267764,0.26831121170949196,0.082758577490014598,0.042765200606485657,-0.43098736404315541,0.90134401293414068,-5.502514547716399,10.46831967832259,-4.3323009976748592,,0.1847027971814108,0.2830188679245283,1,5
0.78905397026099933,0.5584670544492748,-0.25594605117114971,-0.53919591485962859,0.82923637738760536,0.14708771470034332,0.29438341905420279,0.021944919955014255,0.955435410205277,-21.75751944580902,15.398902236758355,-11.023084584313018,,0.2013554511495195,0.1333333333333333,0,2
-0.49495693764662235,-0.77345838630653707,-0.39595423286986714,0.85249998887154665,-0.52041929283759802,-0.049066573310425875,-0.16811126925191644,-0.36183681998174544,0.9169584051940457,3.169966334037408,12.109613356811167,-1.2111488287495482,,0.1047581021030434,0.2,0,3
-0.34886150028719148,-0.86640746085827802,-0.35725868133115912,0.92618033489594997,-0.3769544964233113,0.0097619095607215829,-0.14312805758967639,-0.32748041070475753,0.93395446341631005,-31.775652282837584,2.242313800614796,-13.981460324646688,,0.1266891569410495,0.2941176470588235,0,4
0.31324084125295631,-0.84429309343646453,-0.43479805398210397,0.94535342098305031,0.3208369419332166,0.058056576945119252,0.090482511054805037,-0.42922351877131132,0.89865459778871115,-18.86523129892473,24.523913183672505,-10.291306333773941,,0.4531719088982477,0.1111111111111111,0,4
-0.65938780842105926,-0.65387805446754044,-0.37101375714576518,0.71865980900324133,-0.69313010741293457,-0.055666265557864865,-0.22076185591967049,-0.30333833269713573,0.92695742021272209,12.154788139891378,10.760675817012864,1.8741608163024093,,0.3397489143412871,0.6,0,4
0.35329844801328053,-0.87527737073085465,-0.33025706793025572,0.93173551548514877,0.36089998612007951,0.040250828589621972,0.083959131814424784,-0.32193279470257247,0.94303241719463704,-4.782677860443501,-16.582514427513388,-2.7244794251458813,0.7301747922432665,0.8095074980842586,0.934156378600823,1,5
0.04944117177406724,-0.93755769744022921,-0.34429803151366323,0.9985217696321117,0.038605627023551088,0.038260699586855712,-0.022579772017545477,-0.34568073352834511,0.93808047861734234,9.639536724440779,-5.5291499090596892,1.8596909683728144,,0.2684898257768741,0.125,0,5
0.233204058516399,0.95039934915704094,-0.20580802757267203,-0.96472468712325743,0.25270240593213389,0.073809024455314648,0.12215623253200823,0.18133552094938515,0.97580494141790552,4.0579766884628787,4.0092069332541049,-0.56127001945025046,0.6104490431844739,0.2276750494520288,0.1948051948051948,1,3
0.91405713093282503,0.2967552146624251,-0.27647043957991091,-0.28063462391690347,0.95488802098597092,0.097124019874145567,0.29282037027821245,-0.011189725115174961,0.95610199288672981,-22.710383585435533,22.969764360254462,-11.753506824915219,,0.1855438903541022,0.8333333333333334,0,2
-0.95928195147029438,-0.14181964427870195,-0.24426486869790814,0.16507590516428633,-0.98323723384855533,-0.077424075764795666,-0.22919005894134117,-0.11459376279057981,0.96661273859388019,-16.305606138619488,7.1716785019280884,-8.2644863381238487,,0.2081472002634685,0.2264150943396226,0,5
0.044556860136387058,-0.93849717622927886,-0.34239996557309371,0.998862734667888,0.036030514475611543,0.03122561958410661,-0.016968308889663514,-0.34340188152701212,0.93903526252060021,-1.89686557628862,7.533970804670937,-2.85954433719616,,0.07487738486392306,0.336734693877551,0,4
-0.75766966762392973,-0.5238724334210898,-0.38922274890364461,0.58972294997893315,-0.80503056502746384,-0.064440915881971067,-0.2795773900564717,-0.2783585150000415,0.91888683748119038,6.2793741302511803,7.9405709412055847,0.022829201222519913,0.2674624703076273,0.2600806172249676,0.2745098039215687,1,5
0.8987753144049403,-0.27929896476438648,-0.33792754030685629,0.34795130096982524,0.92336230931653407,0.16227118625018683,0.2667073796686289,-0.26342766372417814,0.92707768801493373,-13.688599626665322,22.378158378007356,-8.1062013130533561,,0.2040368160175458,0.4137931034482759,0,2
0.83015304107257726,0.47844798473256478,-0.28624020385560722,-0.48445029450932386,0.87312457407438282,0.054418657620870739,0.27595985314494853,0.093493336943204566,0.95661128751413105,-7.9085893143469246,8.4886070201214903,-5.1909969141599239,,0.09579342846153542,0.2692307692307692,0,5
0.83505443064312723,-0.43716614661072672,-0.33402074504559037,0.49252679053810516,0.86455747123131965,0.099788473985424633,0.24515598802704411,-0.24784297285909662,0.93726858601942342,-7.0896942763697224,2.4158884927869484,-4.3941542257791379,0.5278755759710484,0.1789794603434163,0.1634615384615385,1,1
0.089846382945606693,-0.88981925969676667,-0.44738050085390335,0.9959524398552061,0.079133551301906357,0.042621809027905182,-0.0025228987403525904,-0.44939911674484473,0.8933275260792648,19.462543618219151,22.98148974684548,3.9831957542138894,,0.3079564860396385,0.2857142857142857,0,1
-0.92004965562511187,-0.036488360870862553,-0.39009900115877183,0.094720147708835606,-0.98683469330161555,-0.13109302694775102,-0.38017985849085967,-0.15756232930895991,0.91139310266240559,-4.1521662933448491,22.705796216374679,-4.4420620921713372,,0.3401786797160861,0.3488372093023256,0,4
0.50797843452071245,-0.78942704999438462,-0.34461985258984917,0.84728840612547363,0.52998695864318424,0.034873779742127492,0.15511372249817498,-0.30970753365927495,0.93809433251003516,18.550146747156834,0.80181125764788663,4.4746650939603558,,0.1843869390654788,0.5714285714285714,0,2
-0.55816021325057397,0.82922849042803282,-0.02893591205613167,-0.82141003457893125,-0.55715228814919493,-0.12192982778285144,-0.11722939664228151,-0.044288130154282075,0.99211684296272529,-7.4002130011164642,-6.4300545450048281,-3.9160984689982485,,0.5084514468844087,0.2134387351778656,0,2
0.13440417320040721,0.95698607945436531,-0.25712479840901797,-0.98751696435594005,0.15086086886442324,0.04529065416507505,0.082132596059932839,0.24782784745874401,0.96531631846168509,-5.5100363468313134,15.84361583061766,-4.608091163580454,,0.08019096073898091,0.2777777777777778,0,5
-0.0085739937624071828,-0.92464180408008689,-0.38074140932985379,0.99856605889926509,-0.02803783221158818,0.045603793474487203,-0.052842337621939614,-0.37980444193347174,0.92355631839225283,12.415171866048887,4.9978559519341745,2.2783464933265365,,0.140650504241611,0.2,1,3
0.40603352226697204,0.89200155816818238,-0.19867057915305608,-0.9007632728645858,0.42731425224443204,0.077640556972899608,0.15415026777062837,0.14743049228133348,0.97698615388956644,-24.409403461860592,13.609714779425946,-11.807902870407952,,0.192088990339189,0.1764705882352941,0,1
-0.78859636865392579,0.58915700251873571,-0.17609597874164973,-0.56820221647896385,-0.80765525708793029,-0.15760465375940486,-0.2350787283746319,-0.024228332203588051,0.9716743175490431,-2.633233428730867,-18.920842633187316,-1.8993215773524978,,0.491854152309026,0.4090909090909091,0,5
0.75786128137216635,-0.52541559139860228,-0.38676185762326065,0.61919881741838689,0.76600690928365867,0.17270274878347455,0.20552153829856679,-0.37036721135240092,0.90586369065684336,-7.9841775884619866,3.5400643742619229,-4.8243585963762063,0.3394359551804576,0.5885434396306209,0.6821480406386067,1,3
-0.83283834758984487,-0.41710030436067808,-0.36387858261519956,0.504702581622268,-0.84216897267350344,-0.1898070746043839,-0.22727866351163467,-0.34172907041732042,0.9119022159991057,3.5372767357513171,-10.628215214182068,0.048771818290927568,,0.4730416342692649,0.4166666666666667,0,3
0.76372625989960541,0.60167741283419707,-0.23389418724052849,-0.59260139253755129,0.79715384320558658,0.11562586140270825,0.25601911940774125,0.050299514388415463,0.96536219593993555,2.3895873115643216,11.675277872466927,-1.5194898760211217,,0.1101678062778646,0.2173913043478261,0,3
-0.93184694579371952,0.21728823394792038,-0.29059782002401258,-0.22133033695895452,-0.9750076779606518,-0.019310874123462003,-0.2875311314563177,0.046323334352897289,0.95665040486997033,-25.147578678921711,8.6256575480617208,-11.819416474431479,0.2392234208566862,0.1822416672839718,0.5833333333333334,1,5
-0.62964255783829126,-0.70208098421731524,-0.33261470346227778,0.7461834188280515,-0.66569954088233463,-0.0073774477381429292,-0.21624188961654509,-0.25283673164612364,0.94303395077036933,20.120962510730259,5.4298428652845443,4.8279480959267582,0.2426581154872682,0.199392104101867,0.5277777777777778,1,5
0.082383988152409035,0.99494247167999161,-0.057466133882586611,-0.99433820979419041,0.08594338611757539,0.062492070904466249,0.067114849619046416,0.051992426659591383,0.9963896750421789,-1.7727235348255583,14.444489291091694,-3.1726146149755907,0.840680541729477,0.5334750036043528,0.1818181818181818,1,3
0.014170368737818101,-0.91777926791943099,-0.39683802240600219,0.99872733425348714,-0.0062209350586096435,0.050050092726383638,-0.048403641027894864,-0.39704220851726707,0.91652308873861621,-29.04196870590987,10.283693140567014,-13.515093175162985,,0.2574264515842453,0.8378378378378378,0,4
0.38196715766290268,-0.84305293547361926,-0.37863285443320172,0.92001111181094219,0.385719847559583,0.069280252186348396,0.087639286916970774,-0.37480921438502962,0.92295038230706616,18.597692089152396,-8.2377768926035717,4.9531101048391371,,0.2502395054572361,0.5454545454545454,1,5
0.62136862108709456,-0.7012174374029212,-0.34956421757726164,0.76507471383072079,0.63924187869959015,0.077656311871346168,0.16900212716165353,-0.31569593915459093,0.93368857496283941,9.5363186658647461,5.0890862314925025,1.3017361992307603,,0.531726915846838,0.9363957597173145,1,5
-0.906433521110386,0.31741950069637048,-0.27860928266138912,-0.32100167341110419,-0.94646961185002587,-0.033958791376194904,-0.27447440222122305,0.058652659122395888,0.95980397379005167,1.8517685788754203,13.289271967233985,-1.8136263321198751,,0.1271768774902196,0.4,0,5
-0.87987496705148815,-0.34748500555500872,-0.32415152825581273,0.3958929918631745,-0.91331155883020076,-0.095554882139921846,-0.26284744881730909,-0.21240566711268652,0.94116685621023,0.29146130682784882,16.377600659176764,-2.5086120455449294,,0.1366974778161917,0.2222222222222222,0,5
-0.93766509656696995,-0.078214002251581011,-0.33862477247219208,0.17928694617079741,-0.94354922403718411,-0.27851580341441484,-0.297725305630549,-0.3218655490583251,0.89875592388399794,-22.032160834505468,8.9560889428363932,-10.718439737435023,,0.1931692514563659,0.2631578947368421,0,1
-0.054104422054249153,-0.94375289816243968,-0.3261950010717054,0.99773797203625914,-0.064147192227365396,0.020101663769879267,-0.039895496878062861,-0.32436954995705075,0.94508874947779986,6.8827857412343789,5.0115077434498714,0.37233443059031845,,0.07348260317154537,0.1944444444444444,0,3
-0.5954710583104178,0.75448498485998405,-0.27598301820130228,-0.78870101834749484,-0.6143782663445253,0.022137061709276495,-0.1528558875944776,0.23085006706588818,0.96090755235005798,1.4098919121952251,7.9945611708343138,-1.6316525015043271,,0.07271011650826301,0.1818181818181818,0,2
-0.52429414206586089,-0.7638197521337512,-0.37642401470384124,0.83151239524998899,-0.55452912741797389,-0.032933013689716767,-0.18358319405939472,-0.33026782025410129,0.92586196474612548,-12.041609123568483,19.541437656828592,-7.4054962547194823,,0.2394105771853006,0.6666666666666666,0,3
-0.41014040262933188,0.89164590583606107,-0.19170922966002027,-0.90608843236791115,-0.42230757385550821,-0.025691745626453818,-0.10386819946504074,0.1631682924776236,0.98111543942077772,-6.8296831642504827,16.340358595914012,-5.2111379733929866,0.2377150522842125,0.1949342852814041,0.6,1,5
0.89922440788073477,-0.30847080723430098,-0.3102276992077922,0.34447254747163103,0.93637260802559275,0.067416637247451922,0.26969265527623593,-0.16748761155252129,0.94826882879618335,-4.9913896764273478,21.229896195236421,-4.7292406475094406,,0.1057675873831121,0.3333333333333333,0,1
0.87834583074093586,-0.34436491967443383,-0.33154396950877985,0.39736452367100306,0.91152421821499952,0.10594826537161299,0.26572549171604665,-0.22480302868324012,0.93747189896396943,-13.397406873474132,24.951075388591171,-8.1979513369910268,,0.1691307403078676,0.375,0,5
-0.91186863460388179,-0.27285073744199884,-0.30667257507480283,0.28943329211710289,-0.95715573899447559,-0.0090144730404102362,-0.29107380960833462,-0.096981268228961887,0.95177238401457864,-6.9266587974201856,12.043226630122605,-4.9644866210578886,0.1655011885748152,0.1294133251134186,0.5,1,5
0.75833019074856478,-0.57669314526056137,-0.30390843688309582,0.61512683408152302,0.7873721941473919,0.040792228136798774,0.21576445442215042,-0.21787621277460062,0.95182753485855265,-1.5789617945558527,5.48655062826374,-2.663789586869981,0.3078796856453809,0.2952551132756934,0.9314024390243902,1,5
0.95605044205914702,0.084500018963182849,-0.28076199713232525,-0.038695900230443503,0.98555875746911914,0.16485315550902388,0.29063753980493573,-0.14674359396971506,0.94551369005688479,-25.731156185837001,9.8494894763633951,-12.152976715002826,,0.2728250138738127,0.4,0,3
-0.74125983107766891,-0.50270388521090104,-0.44477260102727789,0.62374393191223887,-0.76067099623175927,-0.17978638128190583,-0.24794630514158786,-0.41069263359067876,0.87741335212144256,-7.3937010578134155,-13.332231806964522,-3.7792936560552799,,0.285688438658915,0.1875,0,2
0.53021177646100781,-0.75732861121837425,-0.38122020766495429,0.84658137846920534,0.49761173294290922,0.18889820768534371,0.046641630881032278,-0.42288998317246018,0.90497990055092059,-17.409617041232153,10.470045079476259,-8.9434678331706223,,0.1928368815544709,0.2666666666666667,0,2
-0.96107432760035849,0.13316596775667125,-0.24208048632417301,-0.084110283508777334,-0.97561139382827644,-0.20275075447583679,-0.26317598111452345,-0.17449708669166136,0.94883569162449366,8.3036449157884569,12.061885277234056,0.54997414929621957,,0.5849313050320886,0.2,0,5
-0.098246730214078579,-0.88396529572609228,-0.4571137013414982,0.99273825013455286,-0.11909583707833202,0.016939548707037507,-0.069414312083523375,-0.45213000071051884,0.88924693743384808,1.8969000501533373,9.6185268430219182,-1.5877930406304011,,0.195204769452388,0.3461538461538461,0,4
-0.23141334805098901,-0.89169510711061228,-0.38900860954331867,0.96755061278871735,-0.25265221689062367,0.0035593528107783238,-0.1014577450765098,-0.3755618367928879,0.92122724270873757,-16.344827309783589,11.563655124258961,-8.5116964875820784,,0.08329549529940304,0.25,0,3
-0.91780637275614574,-0.19906563302718006,-0.34351759179945324,0.25216550700095269,-0.96057428770075937,-0.11708797925975276,-0.30666597334422385,-0.19408738123759584,0.93181868903621645,-11.938789569572478,6.6513534771474863,-6.5473951811486986,,0.3187001067902454,0.1785714285714286,0,5
0.7456856501019351,0.62559477180816669,-0.22931221667922863,-0.62732144406364232,0.77516023687761371,0.074795808584091461,0.22454557900337352,0.088078309759720363,0.97047488081861777,0.41332219472558906,12.353398733111611,-2.2487762853208553,,0.1359921504507023,0.2727272727272727,1,5
0.77462094396951597,-0.54716427888315999,-0.31713348148381831,0.59406084707998186,0.80153067565098035,0.068119644428736456,0.21691957756364572,-0.24116348791795642,0.94593132359852383,-10.538378971728438,16.777667257392643,-6.5771611864923463,0.190211264374307,0.1895206814873569,0.5217391304347826,1,5
0.95364012915779439,0.045523870185149959,-0.29748627078113993,-0.022199195891915529,0.99644073476611217,0.081320709542660879,0.30012947166457421,-0.070946735951240694,0.95125646431244171,-6.8734246615828685,20.420752262845504,-5.4412003211178677,0.1966447705862345,0.2108379781403463,0.72,1,5
0.28247866360338891,0.95354424555109452,-0.10468608496470294,-0.95208514573563086,0.29202236924407804,0.090866996927585889,0.11721638058908793,0.074002078602354082,0.99034540059724874,-6.7659931751803883,-24.239720776890845,-3.1371894107707035,,0.5444665392086463,0.2173913043478261,0,1
-0.93492084628868033,-0.18902250162499373,-0.30032233525711372,0.20127556303134658,-0.97948261385499524,-0.010097370063541692,-0.29225187578743,-0.06988778888486076,0.95378432471052554,-13.837010808222828,12.09665657901529,-7.6452721525064309,0.4491802777638381,0.4487272883646405,0.8942307692307693,1,5
-0.80111651569309905,-0.5073598951550059,-0.31748742506129307,0.53402888534692927,-0.8454587074745793,0.0035670114284665185,-0.2702322665761166,-0.16668986395013843,0.94825577317378862,-4.1954209181281907,3.387954396454258,-3.4188538230753873,0.187299121909737,0.1143028385916677,0.5291375291375291,1,2
-0.94416201761043406,-0.13018049831182693,-0.30267329310839508,0.13271891964982427,-0.99107788526184526,0.012260249259040009,-0.30156885261707561,-0.028594810791378763,0.95301551085332692,12.233012768063922,3.703097315153923,2.2637810084202523,,0.07645593409256887,0.375,0,5
0.10947276221453685,-0.93242248900984948,-0.34438933828125023,0.99398920003244262,0.1023126342049029,0.038956322990240072,-0.0010883712535931468,-0.34658393914134522,0.93801833061901507,-8.7321939361024423,19.016438218344014,-6.015998528119967,0.7865178636546708,0.6613909536975242,0.9105691056910569,1,5
0.50624603625615616,0.83800700967244635,-0.20361532976368341,-0.84570417412099086,0.52863463163364122,0.073006000519793487,0.16881765502832458,0.13523933591010887,0.97632521291490226,18.905682192258755,6.6029604613229509,4.3979701807039859,,0.2847378252691521,0.2413793103448276,1,5
0.63436951150177556,-0.653716366011592,-0.41258966987262058,0.7526082923545786,0.64415562607443411,0.13654408693085249,0.17651085279983403,-0.39713781261075309,0.90062504775218377,-3.3425392748208975,4.7027817267918977,-3.1861433984263514,,0.07380217093906226,0.3043478260869565,0,5
0.42261788195909128,0.90136436371104467,-0.09453258528251389,-0.89102344193608574,0.43229947833824034,0.13854380877129469,0.16574483934283848,0.025679658492072051,0.98583426769967175,-5.6164618865952383,-6.8571642448488888,-3.2223398530610594,,0.7229169392774325,0.2173913043478261,0,5
0.7404986744780252,0.61122234131579456,-0.27940823640817558,-0.62402041290438448,0.77968842621048873,0.051811990041435246,0.24952001397669515,0.13598973310456408,0.95877346391899088,-2.8137499750723225,5.9284160699965041,-3.1543010477633984,,0.0719252487057479,0.2321428571428572,0,5
0.90489137315447354,-0.19757786408120398,-0.37700741427154844,0.3171375419884469,0.90372759012053794,0.28757646342572918,0.28389325855351988,-0.37978866554971463,0.8804346581477982,6.8969352714622074,14.173884228007513,-0.087094973850535051,,0.4814204383598138,0.3725490196078431,0,4
-0.92886789140353632,-0.22897257706909349,-0.29116318323216178,0.25158314317043151,-0.96691472139430379,-0.042211889598329687,-0.27186460305091875,-0.11246101769641488,0.95574167906744156,-18.645209726413078,8.4466920244770023,-9.2232058427660757,,0.1499706801974296,0.1764705882352941,0,3
0.45297485574380431,-0.81196183667517718,-0.36814637828851815,0.88627005004415671,0.45488147969912701,0.087225213221069645,0.096639424970392046,-0.36578793748537652,0.925667330271295,-13.58825435129407,18.086687271926905,-7.8651748289989794,,0.1770692323320123,0.4375,0,3
0.79515444136133961,-0.51799818377768392,-0.31528922592812486,0.56153191432543026,0.82525182426784582,0.060343481309995166,0.22893519514778196,-0.22502734977245076,0.94707516506190459,-6.2771133341942011,6.7088733966367959,-4.4861244871262977,0.1451454043873853,0.1131617231492606,0.467948717948718,1,5
-0.36427777763358737,-0.83995515356293149,-0.40221516719960426,0.91926609813602755,-0.39348766106514016,-0.010830577419873743,-0.14916950606641138,-0.37368810603571045,0.91548110732409183,6.2431754000554882,9.3346260504506073,-0.0051139984692214722,,0.1461227995022458,0.1428571428571428,0,3
-0.95021362226759243,0.15141264978167795,-0.27233854215515207,-0.074967446684898353,-0.95941761849513985,-0.2718413420704493,-0.30244661346202822,-0.23789082119158589,0.92300271028754044,5.9607307176172268,11.456111213612186,-0.20710380599999975,,0.5018614816906598,0.2380952380952381,0,3
0.40328955623624135,0.88512019003069942,-0.23220633718913505,-0.90198155213033882,0.42727771497452044,0.062153309668092904,0.15422974242123585,0.18438005175769789,0.97067872288750034,8.894500314009262,6.5774390129806184,0.98773447568084172,,0.2111237562720836,0.5714285714285714,0,3
0.094521751926592679,-0.93431170687829568,-0.3436964835474639,0.99551043115132143,0.090429591587266017,0.027954792688729711,0.0049618425647406988,-0.3447957705012123,0.93866461356697461,-14.570884264004224,10.578297927693828,-7.8229271217696574,,0.07924531912172131,0.4,0,5
-0.76461979014484538,-0.50424471029169238,-0.40136498185778419,0.58921890777146757,-0.79925638260501441,-0.11836517050950998,-0.26110851239178517,-0.32699618806339897,0.90823776498698572,11.000851078549079,-15.422936445181596,2.6657465930929893,,0.6789408583040422,0.5,0,4
0.89893617538729209,-0.27247238264900192,-0.34303433249988685,0.33741258743682384,0.93004982666710811,0.14546499838679225,0.2794038267799045,-0.24650785101099221,0.92799104573842028,-0.89312146842585771,12.770299397351488,-2.7847389784437593,,0.1653048675317061,0.1578947368421053,0,4
0.47734406931611506,-0.7219846773255979,-0.50087999081195478,0.87041838552010731,0.46665051859383022,0.15687296658340807,0.12047602930584041,-0.51085753317648297,0.85118159470205701,-34.489620568336001,4.0425457209204119,-15.340811884106499,,0.2542874723007605,0.25,0,3
-0.78333541806631246,-0.51938135769051608,-0.34150933821263535,0.56122649007577008,-0.82714134446737642,-0.029360230072903122,-0.26722733699999257,-0.21466299531185698,0.93941968725572023,-5.7625474930509508,14.68312297556419,-4.5950676392047027,,0.06958533489874953,0.25,0,2
-0.24618524295994898,-0.90008118027857464,-0.35950896380629954,0.96338126003296698,-0.2679079778879549,0.011039166693204358,-0.10625146571245099,-0.34362651861041726,0.93307633221598807,2.4901577285307956,12.500644441251119,-1.5001760473418819,,0.1246896126163719,0.3,0,1
0.5480644942834253,0.80935099192815119,-0.21113095929013087,-0.81372860884855858,0.57433668067059596,0.089348354084848369,0.19357443335121222,0.12283464129145102,0.9733655991720469,4.4922206894709671,10.573470126227903,-0.63032596869507584,,0.1344902006065248,0.3,0,4
-0.82101511140942107,-0.4136231153484688,-0.39350998117811958,0.49776690780936733,-0.85616274483519539,-0.13861262513265574,-0.27957519977150624,-0.30967930638919444,0.90881045046094788,-21.94266805439737,6.9463008617572441,-10.475983364288821,,0.3836241164048824,0.1818181818181818,0,3
-0.37809068586634897,0.89883461457108305,-0.22168393922421567,-0.9208636380871118,-0.3897627731442922,-0.0097540104490020201,-0.095171389136032097,0.20045277827888272,0.97506978743585049,-8.3074249888219729,16.657056089326396,-5.6928976380562428,0.3820410619043296,0.3317068757659709,0.7364341085271318,1,5
0.35311339079341397,-0.80988509383238116,-0.46839840737399213,0.93202523676815408,0.34811567223041717,0.10071959479084025,0.081485527976714975,-0.47212457417050346,0.87775765174373555,6.000171234465264,2.3764448880579327,0.23533863576017311,,0.2219642926777167,0.1911764705882353,0,1
-0.16577793194014659,-0.92498025505128811,-0.34194912640172392,0.98373998531785367,-0.17940339792083659,0.0083703107043376114,-0.069089207322687668,-0.33500141578762321,0.93968118681381019,-16.240951602860076,9.5446746567882084,-8.5165151010654938,,0.1001804474372308,0.2340425531914894,0,5
0.59489289777828636,0.77186640729131262,-0.2243316506161217,-0.76589912544957384,0.6290097371751302,0.13321141157742844,0.24392820625858394,0.092568892367114519,0.96536523158719301,3.7651881423330509,13.662188048203339,-1.1314231984325878,,0.1557034724966275,0.2857142857142857,0,3
0.82434693277170801,-0.46223153277435092,-0.32679373393465216,0.51238051811222007,0.85467979452862164,0.083598166747646752,0.24066229261961888,-0.23635663505302432,0.94139109937234999,-9.778572177754473,9.7792552154731798,-5.9152272534584345,,0.07718719126738231,0.3846153846153846,0,5
-0.83850025929726624,-0.4411311389903681,-0.31987596560460352,0.47587463973955862,-0.87879625092333402,-0.035503191628893128,-0.26544423597276007,-0.1819902952801416,0.94679400611362374,8.3664286912874886,1.4303981243005603,1.1394663103913778,0.3988545311062154,0.4157158244607251,0.8773584905660378,1,5
-0.6255048789074269,-0.68794990983020066,-0.36806054940406702,0.74976495870103566,-0.66051769470891575,-0.039609111078806804,-0.21586142121055196,-0.30073459485240073,0.9289577763773349,-11.152120717851041,-5.4408235366282147,-5.517613426718885,0.6046774903282652,0.5382110958604069,0.4055555555555556,1,2
-0.52635179802378917,-0.70304362402162446,-0.47820858152030826,0.82824835940408004,-0.55110778483682277,-0.10141432165478996,-0.19224577982773791,-0.44945508364550907,0.87237130163917831,-6.6396335370030863,10.165637689390344,-4.73751848207593,,0.1888967336418318,0.28125,0,4
-0.82580257553356662,-0.42386257305010799,-0.37200890501367084,0.49382940165771366,-0.86205186894608876,-0.11401358386148749,-0.27236488081342858,-0.2778616461728709,0.9212004544536383,10.578915568382497,2.6157756186343404,1.8227695358359,,0.1743183174291399,0.34375,0,3
0.1680206904465143,0.98169296948128437,-0.089710430011751802,-0.97812502544687374,0.17734524920921657,0.1087202703154868,0.12263964357591836,0.069480761754154866,0.99001613197444061,-1.7946908962490686,13.437576023189767,-3.1245691881464253,,0.3202645383763617,0.2058823529411765,0,2
-0.43165331293601994,0.87421651240346931,-0.22230813496692506,-0.89399454338486584,-0.44744977801059743,-0.023716082230250176,-0.12020471633610375,0.18850513414594677,0.9746879708764109,-27.131739860296705,15.673655808195134,-13.069589529782563,,0.1744712115258168,0.45,0,2
0.58605286621667674,0.7671152197845521,-0.26091431078826832,-0.78359245214424156,0.61851993446180276,0.058446211305291963,0.20621568063993947,0.17019791493513187,0.96359107655163623,9.8669595128949936,8.0237255369555545,1.2861891096805473,,0.1245063608516793,0.2051282051282051,0,5
0.86960584463427948,-0.32581404304849609,-0.37098636677146951,0.43705761217742389,0.85751727347746987,0.27137569774306641,0.22970920446440785,-0.39813230846059233,0.88810154055950719,-11.720989191983733,9.8511781643910066,-6.7015561831928165,,0.2031888221561042,0.1621621621621622,0,3
0.27183760057776563,0.93401849336458109,-0.23176231998554148,-0.95566922706007318,0.29032072744463683,0.049093825135339497,0.11313994591887312,0.20814256957425667,0.97153282156008502,-3.5752587526369215,15.230125801917046,-3.8360840527359454,0.6483954644170862,0.2447895316121019,0.7142857142857143,1,5
-0.80573461778589683,-0.49594667415633736,-0.32377248507969597,0.52716158841435545,-0.84970224295090024,-0.010332377493239869,-0.26998589852410448,-0.17900557174981094,0.94607854847293482,7.3836849948174148,15.441531966581842,0.090054048599377559,0.5944729506058268,0.5014826732903291,0.7073170731707317,1,5
-0.84499641112986457,-0.42347685655714196,-0.32657069240538078,0.46369081078735097,-0.88441412768621996,-0.052938480714800555,-0.26640551264757512,-0.19616065535551158,0.94368909081406616,1.356315657378516,-14.316453475491347,-0.61173665778169639,0.4900878968413649,0.3784158415846645,0.2580645161290323,1,5
0.038494145253045377,0.99548734031805364,-0.086736128849088587,-0.99835058581464031,0.042013983802583102,0.039127138517933285,0.04259470137003786,0.085086899294336271,0.99546266177274256,-27.183268678569441,9.1991582688503062,-12.670078902957721,,0.2822819165268867,0.3125,0,1
-0.39103699743537279,-0.81683770430190805,-0.42410639168434683,0.91264887816706797,-0.40371529822727475,-0.063921695516113625,-0.11900458737847164,-0.41205597047980158,0.90335363251321943,-13.020654070920267,5.1379271214597253,-6.8555423244538094,0.4164520665402124,0.2659629229240356,0.2622950819672131,1,5
-0.65191503498584036,-0.66245410325172693,-0.36900047187552493,0.72578290818405844,-0.68606176675528863,-0.05058084997804884,-0.21964962405453942,-0.30078865218216166,0.92805184627322279,-9.8201381952732341,15.156588982045163,-6.1234818069509069,,0.1541159492862234,0.2631578947368421,0,6
0.36705747256197546,0.91138339325143758,-0.18614274721812152,-0.92197009661199847,0.38300940723234361,0.057227047143728726,0.12345020368422421,0.15061243134955221,0.98085470011276377,5.1679235974357045,-14.644119078706419,0.65854661035032713,,0.3998130349332695,0.1111111111111111,0,4
-0.83190449110219677,-0.43155934934847151,-0.3488430100688793,0.5114584293212574,-0.84017926736120252,-0.1803027281341659,-0.21527933658441278,-0.32841334730232008,0.91967357282541207,-23.475827389735166,0.0043566191711213106,-10.697402776924129,,0.5017839456354335,0.2222222222222222,0,4
0.95664294598489397,-0.0058116684592068356,-0.29120525133840719,0.03251780528631764,0.99568150320989246,0.086953645726051187,0.28944233663496044,-0.092652947472871852,0.95270066919672347,12.102270619883898,-3.8376661214904924,2.5409073790284009,0.6039140042535678,0.4429015470306421,0.5837837837837838,1,5
-0.68754850252650945,-0.64668215092319459,-0.33027148279998869,0.68658454918479317,-0.72702709476371907,-0.0057671743635023505,-0.23638678790124273,-0.23072450922425883,0.94386836335844859,-8.542730872079483,1.4460979318818483,-4.9808403863908701,0.4421302295313616,0.4121392209348448,0.9635993011065812,1,5
0.51123807264097587,0.81915970304142249,-0.26002502570988667,-0.84086211060805693,0.53931081335430908,0.045768521309698482,0.17772603643277182,0.19524658130733194,0.96451657759817455,8.6676393489116972,10.492367942456788,0.77821567310928419,,0.08182622035139653,0.2727272727272727,0,5
-0.95017304958908022,0.22613126522352819,-0.21455961111773586,-0.21637775773748949,-0.97392306435830822,-0.068224120862196827,-0.22439216071664364,-0.018398793420484151,0.9743252242498841,-27.441883557165998,3.010474553725953,-12.409658966673627,,0.1537711290489353,0.1904761904761905,0,3
0.049513846771874967,-0.93350662829993958,-0.355124983488811,0.99864580624446275,0.040588276092206756,0.03254451588530665,-0.015966610416662218,-0.35625547962654525,0.93425216113630782,15.174228576445039,15.634713688036172,2.7962846989705672,,0.1073121877196304,0.7333333333333333,0,4
-0.26534025600414923,-0.88352396248949794,-0.38597921738159663,0.95621160629725555,-0.2924285614734492,0.012037458909295286,-0.12350673069139299,-0.36588378502118196,0.92242893673848869,13.259528100833558,7.7076857174316009,2.4111829955596527,,0.2966570685517066,0.1666666666666667,0,3
0.55588032450289271,-0.74271219637976071,-0.37333049457459333,0.81347605817944579,0.57844593157558144,0.060473192511137169,0.17103732808773034,-0.3373112770015399,0.92572530202441861,-4.0540537365243967,-13.824869863446292,-2.4292318644128201,0.267236212880011,0.1670776920504181,0.5652173913043478,1,5
0.35636627397002257,-0.78880592209666256,-0.50078767560909154,0.93069340028841174,0.34702805208434051,0.11567768032832854,0.082540132277077363,-0.50730340855525724,0.85780555968815031,7.0641795768269464,12.000581018117193,0.15877546013700575,,0.2668698996818752,0.3333333333333333,0,1
0.91461507817594689,0.34078394982805588,-0.2175903451736666,-0.2780238493198588,0.92081209397186958,0.27351019506502777,0.29356770595992804,-0.18966124310129936,0.93693469083106062,-21.956813987690509,19.119975842578075,-11.223528370375742,,0.2658606925904597,0.2,0,1
-0.85298430472607834,-0.40885304634701636,-0.32443329419733524,0.44510740666104681,-0.89444058785306602,-0.043074718066877342,-0.27257507667878933,-0.18114972065622331,0.94492730211362097,-20.039611256562761,10.910093183150508,-10.013037402508246,,0.08053896291697689,0.375,0,3
0.85526723692814444,0.47334120495975218,-0.21086976341938563,-0.45444429969139849,0.88068447376250425,0.13369830272541228,0.24899464234254556,-0.018519215990732415,0.96832778888339111,-8.4409904661389543,-14.319364157166488,-4.1861821033971651,,0.09871200743987291,0.2,0,3
-0.507507678289842,-0.78867349734010805,-0.34703036044441021,0.84200421943079873,-0.53944377849342462,-0.0054133451274917628,-0.18293400705605969,-0.29494834198221925,0.93783827210471338,-21.528808134196911,12.326711030561396,-10.655206090640739,,0.08123006815189079,0.4545454545454545,0,2
0.89227392718411225,-0.31096663264532082,-0.32733315177151179,0.36414144867131654,0.92427228413068419,0.11455020797625351,0.26692366741635432,-0.22140573201495464,0.93793990084862355,-1.6326400111287225,-9.417634203267502,-1.7898311544003158,,0.59327752719635,0.3687943262411347,0,1
0.68755374665890623,-0.60489373419906267,-0.40171310133229693,0.70006293467845859,0.69910053913918035,0.14550025314304396,0.19282565427007634,-0.38126369680579231,0.904132877708413,-23.884680859825995,17.202970139141854,-11.97557912965263,,0.1235401726948191,0.1764705882352941,0,1
0.85737794909030063,0.43289142329265429,-0.27840270841600895,-0.43038641968912617,0.8996516869369654,0.073446388193342177,0.28225977779500333,0.056849431229624027,0.95765210802670053,11.712478555099997,7.9830118001104706,1.9475796827259706,,0.09124695755369627,0.1785714285714286,0,5
-0.44526495103045993,-0.7689145696864943,-0.45881315141098145,0.88690801655571294,-0.449140300361839,-0.10801463215735885,-0.1230174522295695,-0.45502019198570887,0.88194292974785815,-10.323350971519396,20.012248889031209,-6.6973343842010804,,0.2284768001240925,0.1538461538461539,0,2
-0.33642690203914305,-0.88383342125267006,-0.32504680133966041,0.93158527242840294,-0.36283342778372618,0.022378200937731234,-0.13771644701647964,-0.29528018416329815,0.94543312458451834,-11.307587152700355,-26.077986572002089,-4.7552849589493551,,0.3439907066931607,0.5769230769230769,1,3
0.91775314967487598,-0.24653117265414395,-0.31137041794559939,0.28430184719668455,0.95525277788935592,0.081636940261269053,0.27731140608059668,-0.16344574403893705,0.94677551342076904,15.041066732620967,-4.0344095463046257,3.5198053597052432,,0.1019983774301612,0.2666666666666667,0,1
-0.88628088855988918,-0.24711966110067726,-0.3917117047919032,0.361570807107507,-0.89771521602933158,-0.25174181686210939,-0.28943520522064803,-0.36474547839129723,0.88497909465251468,-1.9550805396249764,-15.394624704710854,-1.7362892862000374,,0.5779445248384011,0.3793103448275862,0,3
-0.29335443895343111,0.91333241282241906,-0.28243065845317739,-0.9539789210948878,-0.29888464620387845,0.024334879704167998,-0.062188353032955244,0.27657163981789634,0.95897900748425569,8.7827730119802325,2.8035091671959647,1.1870350084412904,,0.0787749341304122,0.3076923076923077,0,1
-0.60129157390413135,-0.66958100422906519,-0.43601573587141318,0.75697968537340465,-0.6520496274955826,-0.042579798201191087,-0.25579327411774272,-0.35565792843471028,0.89893116469374723,-8.2386530320986697,-11.576555014700267,-4.0627585041510059,,0.688751943845166,0.3404255319148936,0,2
0.54547298607656169,-0.76476690908762934,-0.34291514435100701,0.82511181617874874,0.56182532279443054,0.059521403454052567,0.14713841192198973,-0.3154106552282071,0.93747874978880863,19.244653377179837,-4.2625766243345922,4.8593096368403188,,0.105505789604468,0.2777777777777778,0,4
0.93878853192143996,0.23231795292012095,-0.25437071585343884,-0.17303557630520236,0.95648194741674319,0.23494887443569487,0.2978838392150755,-0.17655212549521415,0.93813355409430288,-12.537321340803864,-12.866707586970941,-5.6532491117863497,,0.4775239785242565,0.1538461538461539,0,1
0.90721041502410427,0.320912935554097,-0.2720002769591302,-0.27518692098784142,0.94176235153886045,0.19327656800871268,0.31818457126174893,-0.10049159675339568,0.94268765643394803,5.2524262378746451,-11.872413529091425,0.6531587160973491,,0.1968943728372848,0.2272727272727273,0,4
-0.15205011735223325,-0.83909916284420083,-0.52229623464786179,0.98693099954918984,-0.15743041452969236,-0.034392829337630416,-0.053366318422861152,-0.52069977865865413,0.85207028851076561,-3.7660199854938559,-10.257946106007248,-2.4996173538336204,,0.6310689020678983,0.3863636363636364,0,2
0.29028248067714335,-0.87675311593854577,-0.38345802261000461,0.95498199750107604,0.29104065240740845,0.057486721032990136,0.061200211280506463,-0.38288289637736628,0.92176744453300186,23.103047699968869,-8.6770348341069834,6.3240210231766794,,0.09482306156446529,0.2222222222222222,0,1
-0.043453552218508572,-0.87928381892006369,-0.47431187480911996,0.99895739372832049,-0.044891849338636422,-0.0082974320412327902,-0.013996939491012316,-0.47417790717019509,0.88031778241529324,-4.2550321523866845,17.249756111107427,-4.2612259990487571,,0.305784839447091,0.1764705882352941,0,3
