axis_00,axis_01,axis_02,axis_10,axis_11,axis_12,axis_20,axis_21,axis_22,location_x,location_y,location_z,dbh,dbh_approximation,score,reconstructed,number_clusters
-0.85283067757049691,0.50823044971565867,-0.11992349801630947,-0.51361775096222562,-0.85784988896087389,0.017040361097194673,-0.09421592907334618,0.076127380039226186,0.99263688260975402,3.9394505759362133,0.43653563293083469,-1.2894286251393674,,0.07535621155418028,0.2105263157894737,0,5
-0.070985261914725553,-0.96878101799363003,-0.2375382743183147,0.99446684230830129,-0.087222888003124527,0.058547991919018771,-0.07743895751011165,-0.23206789304774481,0.96961213940220792,-23.896055315222718,10.615952603984091,-5.5559205835737711,0.6277374243631261,0.5661939874146646,0.968609865470852,1,5
-0.60624316993982075,0.79358321687598055,-0.051912395380000878,-0.79420072781773554,-0.6075282724612695,-0.012433909039639014,-0.041405589418558382,0.033690889762624562,0.998574234151826,-19.517572780440325,12.265858037230833,-5.2180398870083069,,0.1242206413404177,0.32,0,1
0.36831754090809338,0.92647188684879933,0.077408216219212581,-0.92416317293101069,0.35577926866020487,0.13908106193762007,0.10131445532351913,-0.12276381743182761,0.98725094392057333,3.4036490859661925,-8.862529298941535,-0.47839171790842522,,0.5073873997638376,0.58,0,4
-0.44275765120523902,0.89308016694583625,0.079834063577004899,-0.89655258454115594,-0.43970289931703549,-0.053430548235689442,-0.012614493719267497,-0.095232220073828783,0.99537515480748084,-1.5758361377317462,-0.72129714496756803,-1.8941093655707486,0.8550147775395504,0.5268072392530347,0.1228813559322034,1,1
0.2055119168403495,-0.89899949098957865,-0.38673604336431294,0.97832366966395234,0.17844491429021386,0.10507240331893042,-0.025448956989688895,-0.39994665614858765,0.91618503743714352,-17.703277964050908,-0.1526135931470311,-3.9932011836163319,,0.1152742996918655,0.3333333333333333,0,1
0.63314793959606475,-0.73946073422725223,-0.22873895409691636,0.77267672271805599,0.62128418728936419,0.13029443884478975,0.045764273783625888,-0.25923692090496525,0.96472889978727705,-8.7918595665752033,8.3395187281952854,-3.5991304100263126,,0.2145275542893052,0.3770491803278688,0,6
-0.79928008198425926,0.59679904792642846,-0.070585033380633849,-0.5967081400767088,-0.80207843698810666,-0.024689602769409239,-0.071349464675157279,0.022384756260118186,0.99720016876138973,-14.999830089545899,12.912869510560453,-4.8168419259305963,0.1617540221609234,0.1459880738110098,0.3265306122448979,1,4
-0.3465077833832062,0.93255805549774462,0.10133029744909851,-0.93804132492422054,-0.34485700000864022,-0.033942926795630365,0.0032907125778439184,-0.1068134947996101,0.99427362860503521,-18.736357461930524,-3.7828143990155385,-3.8045842416900681,,0.4860898382582183,0.3,0,1
0.057688492619914877,-0.91288583723159611,-0.40411815846508209,0.99809268200914381,0.043826675649403353,0.043476667550711917,-0.021978078601988041,-0.4058554800461478,0.9136729685054028,-10.446395729886035,19.095416217934947,-5.0007781036791776,,0.4404006171757177,0.2727272727272727,0,2
0.12484377408940936,0.99147456788675936,0.037312374688264323,-0.99059007131861032,0.12243026238683151,0.061173045182359269,0.056083354715136834,-0.044598341736622089,0.99742951893266152,-14.819118893582118,8.4448214426464059,-4.3646928676077676,,0.2100411897944108,0.2105263157894737,0,4
0.77329781892678351,-0.59055542126424687,-0.23076996697683147,0.62972664057077754,0.75775264145171062,0.17104178591326291,0.073856898110621988,-0.27758823604101729,0.95785694642421082,6.1751175422544682,-4.7142399888722855,-0.48751319955741768,,0.1050539973417947,0.2307692307692308,0,5
0.84064158833400771,-0.47860291278621098,-0.25349747895360225,0.5341129831892889,0.81013023700213793,0.24168640897555391,0.089694153387586795,-0.33856794143482449,0.9366571987022092,-11.497247558904247,1.5515269867771757,-3.3733234019103637,,0.1022666389931605,0.3192771084337349,0,2
-0.55299082865473081,0.82322062532284979,-0.12848714125083691,-0.83255151574682162,-0.5519823798434399,0.046620016838738308,-0.032544078592369255,0.13275260594591151,0.9906147730390179,-0.30629548026912229,-1.8008799877455532,-1.5810716240111753,0.5937141190246726,0.4559899032185181,0.9660842754367934,1,5
0.63116283293621855,0.77329894948080025,-0.060350750217542888,-0.76365092881221652,0.63314790035828361,0.12633683230213627,0.13590709048525834,-0.033652206521863487,0.99014988347827593,-12.684605377779633,-17.769854935913894,-1.9847754055883473,,0.1412518342027554,0.2777777777777778,0,2
0.74787662445410619,0.65600167158134404,-0.10169740152832137,-0.64504575614571913,0.75432032742141186,0.12213441823355597,0.15683279973757802,-0.025741999171286955,0.98728963450708629,-2.0596657897868735,-12.344585563963507,-0.96134221452204749,,0.132469654251806,0.3333333333333333,0,5
0.71511668025763542,-0.67584696990532278,-0.17843488136318189,0.69662987536286047,0.71010134395531033,0.10228830854397647,0.057575605678314594,-0.1974511447995573,0.97862050614531881,1.3829459399910922,-9.4156102981885947,-0.73096263256221494,,0.2634090085238784,0.5,1,5
-0.81853574355916348,0.56444675950097289,-0.10676653129562269,-0.56830336251703184,-0.82278862235955674,0.0070831537819274933,-0.083848223999577878,0.066473593287216179,0.99425888818134434,-10.522188316959756,5.3071022750545458,-3.5675197890754857,,0.06439409934026924,0.2168141592920354,0,5
0.18343726129702426,-0.92064243872176643,-0.34462772841471534,0.9822607583254217,0.15778148908229964,0.1013351092018,-0.038917525895357498,-0.35710292875781863,0.93325394424603059,-7.5250365981956486,-13.519439178227341,-1.5957721944106713,,0.4631971322880932,0.4915254237288136,0,5
-0.97367300822677283,-0.1256064105347004,-0.19022066839124976,0.15410630159384137,-0.97761023039911155,-0.14328114051773522,-0.167964641694892,-0.16882318280255032,0.97122943328995226,-0.45722339639821563,-7.6883362894357568,-1.1233964061603225,,0.298261453940156,0.2727272727272727,0,4
-0.18303708238196562,-0.96732214840421482,-0.1754573671287481,0.97984296030252893,-0.19402968649616914,0.047542127674048106,-0.08003249101880186,-0.16321869367463146,0.98333842517033399,-9.1938894974840846,-5.7680128756300837,-2.4273514492745334,,0.4002825845107263,0.1395348837209302,1,2
0.86706613159691404,0.48880766079385579,-0.096246528180522248,-0.47272021291177235,0.86821766281861934,0.15077695538252828,0.15726386661345246,-0.085235912143973802,0.98387139176762983,10.859415607959361,-2.4510389819640541,-0.13754847577172047,0.11257396168762,0.1251697925962797,0.3333333333333333,1,5
0.9251030533418747,-0.32675940512990981,-0.19342345218894164,0.35944401673920157,0.91779735840726751,0.16866537205671478,0.12241053683375804,-0.2255577532690663,0.96650885169887713,-3.1386544243541716,-10.540580495159364,-1.2578041983224846,,0.1549237751502277,0.3,1,3
0.87863963368794296,0.45789190096406313,-0.13537873224489938,-0.45352438319408178,0.88898938727927479,0.063352215061900446,0.14935872241401568,0.0057337890036567802,0.98876645154582188,-17.977605963598791,20.083497885175511,-5.7149020480023136,,0.1387164851809012,0.2,0,1
0.8284639640904542,-0.48504930495179888,-0.27995469628014308,0.55342188167660711,0.78568079620280218,0.27645959444311957,0.085858494542205163,-0.38396986632274599,0.91934512598427276,25.578914452115821,-7.8487834794597005,2.2607301297138385,,0.2522792784065918,0.1666666666666667,0,5
-0.94085328130909762,-0.28922827329898843,-0.17647126954376843,0.31290053005088159,-0.94150605855889302,-0.12513832342961662,-0.12995522822795907,-0.17295475599527113,0.97631874458848489,-12.503261396155835,6.5189370515181793,-3.9425281737937756,,0.2834815223000045,0.7022653721682848,0,5
0.57395571306680671,0.8125208258313108,0.1019055789855408,-0.80924767824621313,0.54375368496415499,0.22237384140455024,0.12527184316951251,-0.21009958990513855,0.96962112581698923,13.2660007558556,-2.762775438422278,0.1968343736337155,,0.5967185563002244,0.3035714285714285,0,2
0.49011388108558107,0.86759170467771918,-0.084101233888916313,-0.8637674582156798,0.49636427147183537,0.086765708283041032,0.11702205644600762,0.030118830997291089,0.99267250104176041,-6.5486186648914266,0.92592779253912416,-2.6403052864014405,,0.07317502320035127,0.3275862068965517,0,2
-0.90628260822313356,0.40652262004583806,-0.11572032415846881,-0.41021139163068587,-0.91194612364376682,0.0089934280184361965,-0.10187466912186753,0.055620382614414939,0.99324112119320518,-11.430546719588712,6.0411217067135983,-3.7751896147999058,,0.100331923568714,0.1596244131455399,0,5
0.17853708294117573,0.97798931281744483,0.10798802725172091,-0.97893320868375922,0.16550648590874084,0.11957163567610654,0.099067062896683544,-0.12706103705307339,0.9869352612567972,-26.05106309000827,9.5583893854587174,-5.7123540254642027,,0.1627543403021673,0.4,0,2
0.61109126437935846,0.79152511853557361,-0.0074466990327152821,-0.78084616241454274,0.60433590119810299,0.15829525945384168,0.12979498157370839,-0.090918123882554797,0.98736374123620618,-5.7449897945575081,-5.0136974091932638,-2.0395039193822169,0.5016866392360022,0.3265348615375201,0.2456140350877193,1,1
0.9830642032811483,-0.1243711727225963,-0.13459785890870093,0.1396947954121989,0.98394112736564843,0.11110905459574393,0.11861760561545812,-0.12802995459665767,0.98465130597792461,-14.108473069669575,-0.9215525216349344,-3.4542421035698267,,0.8071190538349962,0.9604743083003953,1,2
-0.36916611306399238,0.92516741345767695,0.088213593290692768,-0.92924931580807391,-0.36596684030499999,-0.050635766681283431,-0.014563311280424282,-0.10066543037809252,0.99481374190917926,-5.1438179063632923,3.1415304584274928,-2.6865149919364848,,0.3876378260786539,0.2239336492890995,0,2
-0.78358765975838185,0.62125293187995245,-0.0059307760830508609,-0.61663243413739344,-0.77885454494662298,-0.11467361939776545,-0.075860534167492444,-0.08619972416750285,0.99338551776703021,-12.894354708807029,8.4104443391300983,-4.1215827227826702,,0.06997276144808173,0.4210526315789473,0,4
-0.25443755654770095,-0.9442770170942999,-0.20881198434363557,0.96293346384440737,-0.26736347953517742,0.035719938682114039,-0.08955821585229734,-0.19198355345793042,0.97730324934230051,-20.921820178436622,-4.1849254778378864,-4.0354385006899935,,0.1118481951732882,0.2857142857142857,0,1
0.19102228939465329,0.97763560014559692,0.087972258595448757,-0.97833076508247319,0.18233015096497041,0.098105199363918885,0.079871140267110674,-0.10480624684173323,0.99128010752530582,-14.840501926781569,7.5880390703327789,-4.2781313868908777,0.30931998012354,0.2295285315088519,0.2528735632183908,1,2
-0.276921029398013,0.96088862674548536,-0.002791141042678847,-0.95956199703852241,-0.27638355427157529,0.053412589973282069,0.050552124748497809,0.017469342271144394,0.99856862796906742,-16.683454171847931,13.700321461859261,-5.0831546285050031,,0.4630944409529549,0.4,0,3
0.42656886855428316,-0.84477649709306946,-0.32309699834489469,0.90439474657402774,0.40252228709434013,0.14158372350535328,0.010447140738857262,-0.3526024366783414,0.93571490257389678,5.8924164853513741,5.5545623090025993,-1.4839806698644282,,0.1669584325122482,0.125,0,3
0.90369344528909523,-0.35363387460259782,-0.24141507756368424,0.41522678857434919,0.86141361248274884,0.29249496111839896,0.10452210766990074,-0.36456778651298183,0.9252920933658012,4.4724147581462681,-4.6568089270717055,-0.72023769449836461,,0.132229344959704,0.5,0,1
-0.22489924544236944,-0.96176122626399085,-0.15631913847842177,0.97046525543202733,-0.23546400173095225,0.05247753698578634,-0.087278390216027901,-0.13990013418159877,0.9863115304290363,-13.026831243887681,-5.321416905099813,-2.9570658561551304,,0.1001814094950811,0.3055555555555556,0,4
-0.98095926416410328,0.14680685770436472,-0.12714821501535464,-0.13500932693819592,-0.98609048089759688,-0.096943515114940912,-0.13961161731860222,-0.077931444322018026,0.98713488758911128,1.3702557717634933,14.904504202968241,-2.8830947532435003,,0.4099202046471971,0.3684210526315789,0,2
0.7340207006609496,-0.66115238841325008,-0.15521317694275516,0.67721432943360194,0.72972167384892628,0.094271049240567298,0.050934889918452741,-0.17430948915815106,0.98337268569877345,-25.642861982637083,10.621760522268662,-5.7422891082384746,,0.0905717009956692,0.3478260869565217,0,3
0.58014382025327094,0.81076635179934553,-0.078045311274423018,-0.80459218916107522,0.58535029930908344,0.099982179610949642,0.12674603332227055,0.0047906042153005373,0.99192363271994044,-15.002514376031908,17.488928285125148,-5.2393050263936587,,0.07320507920134758,0.5,0,1
-0.80629512102603884,-0.56577204294185934,-0.17259830020888983,0.57286594606880714,-0.81958287056652446,0.010417586506671597,-0.14735258954050792,-0.090476039365837813,0.98493720645347527,-19.310667825234098,9.3951674988621541,-4.9948371717619757,,0.09134082972974526,0.3125,0,4
-0.66915805301496845,0.7408075685561718,0.058580256529903757,-0.74087451243294178,-0.65893614872524375,-0.13003118368450686,-0.057727436392648948,-0.1304120327003456,0.98977787650285254,4.4722742861488127,1.7241070414379742,-1.3108998040949755,,0.3623462920679394,0.15,0,2
-0.89231359744606031,-0.41850432240942925,-0.16920572075876567,0.42222560459010405,-0.90636453354278268,0.015128488499963873,-0.15969340199704532,-0.057943631750150118,0.98546463807597462,3.6009609569756167,3.8696692930856966,-1.5708297438750145,,0.1123674080578218,0.1777777777777778,0,3
0.98559240203134624,0.11731840353910261,-0.12183599324139431,-0.095725602519446715,0.98077705118455671,0.1700381865699995,0.13944255476851275,-0.15592552087699227,0.97787678459960825,14.303380021780072,-4.8992578410355492,0.55850870746451142,0.4661281636235779,0.2287173448543814,0.1428571428571428,1,4
0.4794001583946762,-0.86215970977233136,-0.16387837861185492,0.87737570837058043,0.47503697450761623,0.067466578480565101,0.019681323440852997,-0.17612639693112794,0.98417078691235138,-26.06502028351186,7.746128639516118,-5.5900465849653855,,0.2391220384848037,0.6981132075471698,1,3
0.55531494605287834,-0.80151435571697216,-0.22181083893691353,0.83085032731131547,0.54631185985657771,0.10597681532641126,0.036235953098687997,-0.2431421176177738,0.96931360577646675,12.277222554800518,-5.3153772820166401,0.31881105757514761,,0.09512905747173563,0.4,0,5
0.59243773699162283,0.79959158231454586,-0.098340374617777435,-0.79537509536150086,0.59993433338370572,0.086355389560418258,0.12804680967102408,0.027057293271296266,0.99139896984710596,-15.947691405388587,-8.4153825489367868,-3.0936007889574517,,0.08378343167781069,0.1612903225806452,0,2
0.97613473199659939,0.19071320758685489,-0.1038723131631359,-0.15940119165477507,0.95405484983360178,0.25371362519191076,0.14748642340556284,-0.23110131103244957,0.96168598770602765,-7.8941737886494678,-9.8466395202864732,-1.918664345676478,,0.1090882608853057,0.2631578947368421,0,5
-0.98135066112928093,-0.091386090951824428,-0.16911375544782792,0.12550404913790125,-0.9709792911314683,-0.20358769570831617,-0.14560087070863997,-0.22101538085476219,0.96434049374404562,-1.0598850264494406,19.052845486790421,-3.5167934253079851,,0.2847927170743639,0.3571428571428572,0,1
0.78156181092319421,0.61528177790664562,-0.10290514798830967,-0.60663752554532968,0.78807089264354702,0.10457141468032084,0.14543743777548432,-0.019302899886847663,0.98917912925276663,-1.0279151658231229,-5.7609681198536293,-1.3686375051585704,,0.1330837953844179,0.4468085106382979,0,5
-0.84716594078044893,-0.49582382048499651,-0.19096755698610052,0.51027847276785354,-0.85940026085384236,-0.032358489984161951,-0.14807345815940309,-0.1248596439367427,0.98106285237221458,-1.6005558216478226,9.2245153968901192,-2.8059245034642344,,0.0831892577820717,0.2162162162162162,0,1
0.16561783796322649,-0.88355300964243688,-0.43806941333557892,0.98600019237007552,0.13963783137536909,0.091131205933852474,-0.019348188405139591,-0.44702947911807306,0.89430995320686402,-6.9158282715962676,-4.1528446947440347,-2.238600273175186,,0.5754565875811538,0.2604166666666667,0,2
0.5600075113279146,-0.72814345773476918,-0.39521980240667226,0.82782995317009522,0.51079287866755407,0.23192284005011254,0.033002361895969341,-0.45705332299477558,0.888826813304324,-10.87306692713894,-9.1164097728116413,-2.370078191470081,,0.4934564067853512,0.1176470588235294,0,1
-0.49537878522987233,0.86120795863662847,-0.11366930599378687,-0.86844904855998217,-0.49398848568038745,0.042090688643228867,-0.019902492292166323,0.11956683485034908,0.99262664824415803,10.193765833238299,-3.7708487496040557,-0.084757754781979347,,0.07281412131051559,0.5714285714285714,0,5
-0.24375750653297204,0.96772748932756825,-0.063920140868035061,-0.9695367467110686,-0.24151465960674454,0.040855427692721415,0.024099269402722612,0.071931742609223845,0.99711837292242056,2.1083156316636722,-10.640663032430425,-0.53061673951406496,,0.256568849365973,0.2666666666666667,1,6
-0.97047221001077022,-0.181529040886588,-0.15884236497738086,0.19070874449927297,-0.98063905597048273,-0.044465904655499065,-0.14769517381527039,-0.073445552759281926,0.98630212734818778,-12.610377242750939,-15.883102787509534,-2.1091353747086816,,0.1681050103296947,0.5,0,1
-0.94039306229540653,0.33194352715912845,-0.073989074624740261,-0.32181960785791713,-0.93890703744725312,-0.1220070286098289,-0.10996830627432988,-0.090923428274456111,0.98976759989705454,6.8788319453605311,3.2103896999883723,-1.1003253068800878,,0.09472179194427284,0.2162162162162162,0,5
-0.98563987751020177,0.098078843312775707,-0.13745752928124436,-0.091596216905221309,-0.99439896970136898,-0.052733500789434402,-0.14185966625622606,-0.039385651591481559,0.98910292969861757,-16.187240708752785,10.124021134385435,-4.6578055857632661,,0.3176457899922537,0.3278688524590164,0,5
0.76218150367399973,0.63716823806801182,-0.11443772041833125,-0.62884768418530212,0.7706980473643994,0.10283535327640198,0.15372034852946764,-0.0064153087225423365,0.98809356756431299,9.2944408736381252,-4.3218654484224803,-0.1201271790868251,0.7034623490536185,0.3514073719761343,0.4454976303317535,1,5
0.91264832110454097,0.38900977916791357,-0.12547682533756011,-0.37147723498222834,0.91745368830278262,0.14241977990987725,0.17052186333435285,-0.083367388896082875,0.98182084546704773,-3.7944315315824007,-4.4253017225444493,-1.8498291075127113,,0.1001774908776072,0.2,0,5
0.55924014102579378,0.8289756978797862,-0.0070538634926326288,-0.81807493232463324,0.55322354866714019,0.15715314283266543,0.1341784996469183,-0.082115756861023792,0.98754905331717269,-21.839535906155778,6.7844037380556808,-5.0573665451022487,,0.2294325817404092,0.28,0,3
0.91612880956598308,0.39192109219596788,-0.084296273791525142,-0.37323029179319073,0.91060775456524801,0.17746173281473412,0.14631183674325757,-0.13111588316278919,0.98051082177161997,-10.759473407253758,-15.523229337004167,-1.867995605539944,,0.372190392066895,0.8833333333333333,1,5
-0.75767360397913752,0.65074225080352088,0.049651111291005884,-0.64877187336337216,-0.74274339342998963,-0.16561191940401981,-0.070892638305011454,-0.15769202432358526,0.98494033286229266,-16.807400088245252,-1.9001933004374458,-3.7277546260880863,,0.4614544261200226,0.3611111111111111,0,1
0.49535402440525927,-0.82133461558785403,-0.28290252692873874,0.86848749495635902,0.46118787716742632,0.1817559161574416,-0.018811209688424823,-0.33573083145721783,0.94177011377464237,-19.926256243830284,10.418074231721732,-5.1216260995096938,0.5375465295062349,0.238274810323028,0.2307692307692308,1,3
0.28224218318177535,-0.93065243450917567,-0.23286347110469865,0.9592449413138654,0.27029945619844636,0.08238535393249162,-0.013729260597090724,-0.24662572883007947,0.96901354855465682,9.3150630591102725,-8.822720622177739,0.25290538143352809,,0.1025290810062962,0.5789473684210527,0,5
-0.36842835766239418,0.92820105707265088,-0.051993681533493832,-0.92965534363319868,-0.36777801320647574,0.021915178670004799,0.0012195591137558362,0.056410377158043076,0.99840692206357273,-19.044514058411266,14.070449064311134,-5.3096457146052645,0.6385585034984567,0.5810855740714385,0.7692307692307693,1,5
0.25609198588379095,0.96449983305674036,-0.064474543810850382,-0.9625774585571002,0.2605624310492467,0.074510776425033037,0.088665275299018714,0.042980129818646927,0.99513374849661407,11.716388352606947,-1.0517852920727693,-0.19221322288316686,0.1191872250481606,0.1457574036322606,0.2692307692307692,1,5
0.99171907924289548,-0.0019262824479533279,-0.12841167120459179,0.03687260135401367,0.96206021003882736,0.270334170110693,0.12301901940356005,-0.27283042663159801,0.95416449272073023,8.4533971926476088,-2.0576293509272485,-0.44938890486305633,0.3041136148117176,0.2925081633871416,0.4222222222222222,1,6
0.95512820291734368,-0.243500950201438,-0.16863393265556223,0.27102092217661417,0.94816469209217125,0.16592581599104517,0.11948964697588474,-0.20418375038370046,0.97161269050214827,-3.0129946942711601,-12.021368341694538,-1.1156403583056667,0.1067141116260683,0.1142624013440028,0.6086956521739131,1,5
-0.94869843210335236,0.28597379422290531,-0.13487132364738286,-0.28564619717688261,-0.95807814869225982,-0.022192589682106672,-0.13556376714678328,0.017471405672359802,0.9906145643088462,-19.051904093027495,-10.485368212198278,-3.3260854053880511,,0.22271194953924,0.7222222222222222,1,3
0.8188773635216352,-0.54890439737713181,-0.16776121736534852,0.56848005092559417,0.81595371287718543,0.10511883818597727,0.079185195658594637,-0.18144834246138339,0.98020722493079326,3.7862955656374786,-6.8797190479140369,-0.6255738470454818,0.1695514500700723,0.1515730285641734,0.3636363636363636,1,5
-0.879486886858168,-0.40090512780893295,-0.25647201473265974,0.44790683915091156,-0.87941058551985862,-0.16129626628492361,-0.16087970439544519,-0.25673352054634541,0.95299822672527124,-0.25450890289971873,-4.0419845173448854,-1.3639632168679081,0.8515421259646211,0.446027440028147,0.25,1,4
-0.75276074281882588,0.65659955125799718,-0.047204802283734693,-0.65457518260784442,-0.75419265547717529,-0.052199317411188433,-0.069875563573804977,-0.0083945048742390237,0.99752039473043341,-17.680970823823571,15.034408982156497,-5.2563936062321099,,0.4024418668636291,0.25,0,1
0.67973918350731766,0.73218363098307171,-0.043148266769936286,-0.72070788392961538,0.67768954015615845,0.1460035383291442,0.13614252989606232,-0.068147029894040478,0.98834265003090893,-9.4837747585443406,-21.989887153962105,-1.2455751974664104,,0.1319234431955077,0.2352941176470588,0,1
-0.91798471633400713,-0.36538951682339715,-0.15425485915437809,0.36711404727117797,-0.92999799638183744,0.018193488448986678,-0.15010441989944143,-0.039927781322440209,0.98786357125127344,6.0911596049145542,1.500582592998088,-1.0986812812746543,,0.1668664792291158,0.4,0,1
-0.96357453785394298,-0.20778806859875895,-0.16836932187176754,0.22407739203931995,-0.97093214112661674,-0.08414332834004852,-0.14599120650374187,-0.11880612726320937,0.98212609768211567,11.920393650234905,-2.2157796866387987,-0.033314043158668837,,0.1483824019085496,0.2272727272727273,0,5
-0.22766088330834905,0.96862117059669361,-0.099717350963375972,-0.97351265039859347,-0.22419586390963833,0.044825596702288903,0.021062804304451659,0.10728113756714983,0.99400559143152212,-3.412910278971327,-15.09505956972178,-0.92536418189711644,,0.08374970175254393,0.3333333333333333,0,3
0.98749631811514682,0.11631925914342985,-0.1063994908885994,-0.066010283218601917,0.91803046525872201,0.39097660718546245,0.14315608341397679,-0.37906449953692456,0.91422997160035846,0.09204866178162148,17.177780106782851,-3.2263414623051214,,0.2666398629384718,0.3571428571428572,0,1
0.96157663293576578,-0.18636522052975665,-0.20158964152160966,0.21734099807220553,0.96537994870059762,0.14423746116668026,0.16772975153172276,-0.18250906614118442,0.96879160361110661,-8.7527143688685047,14.186230626512957,-4.2420943491504435,,0.6886744760047376,0.2166666666666667,0,2
-0.42676190870081915,0.88895368418998066,0.16623964824040707,-0.90430317609427813,-0.41732951217353875,-0.089843441467906543,-0.010489946989132699,-0.1886728004616898,0.98198397918607039,-0.48606225364169747,18.088750912849257,-3.3662909324391159,,0.6259579833682323,0.3529411764705883,0,2
-0.49235397537158893,-0.82280209900698265,-0.28387368459492213,0.86241857228767882,-0.50521973456590397,-0.031420152425470513,-0.11756602021449519,-0.26028777473185732,0.95834675625060861,-6.9058544789800314,-7.2702570865845262,-1.9929217994280646,,0.2252224995956457,0.3888888888888889,0,1
-0.60970477252271571,-0.7400111150329588,-0.28397823858651677,0.7765793010668488,-0.62943667717859964,-0.027093515402916254,-0.15869681634345389,-0.23705066768528768,0.9584478605706267,2.047521469906401,-2.4656095845883725,-1.2079791960960282,0.4406776830762001,0.2514350984830295,0.2361111111111111,1,5
-0.60365005106097847,0.79684515624703534,-0.025385287465690104,-0.79670196832612339,-0.60410944912085884,-0.017825463477081367,-0.029539626256243456,0.0094641665523139736,0.99951880424137651,3.5268597062606166,-1.225354747930244,-1.1173091779200222,,0.3213510626781553,0.3191489361702128,0,5
-0.95365777601587609,0.27096896877118692,-0.13081538215183985,-0.27598721764810791,-0.96091989501184683,0.021540916073278522,-0.11986618346851771,0.056646035461447676,0.99117270176654437,-7.5456194623551918,-0.27858400097820113,-2.6980294851919138,,0.32136769708598,0.906441717791411,1,3
-0.31671200096758034,0.93872342391425689,0.13598471177969138,-0.94848732565635607,-0.3146503566111275,-0.036972234903281276,0.0080809351169708783,-0.14068932610253135,0.99002081392688424,-13.485649262723149,13.56608022978552,-4.6696770097785079,,0.2831265326806228,0.1621621621621622,0,1
0.75604231211384731,0.65406399411429417,0.024501303981695938,-0.64892864775105918,0.74417143509515393,0.15843132681512168,0.085391055863764345,-0.1356803846975487,0.98706595564166622,-15.732555946725958,-1.3555116361785253,-3.6642064714489453,,0.2824045970484623,0.1818181818181818,0,2
-0.92251997854676304,-0.35328971880443577,-0.15538102770017559,0.35556477350779864,-0.93454911832521048,0.013843311667356884,-0.15010190212794688,-0.042477288339235725,0.98775761143760232,-16.887148836466302,-5.4772453131342909,-3.4184322951861557,,0.1712756972141118,0.1333333333333333,0,1
0.21020905047935809,0.97135945897123654,-0.11078337674793019,-0.9740642615529993,0.21779261697181426,0.061361146972486985,0.083731532063955616,0.095011459622909522,0.99194851332039768,-0.49188374470191409,-9.7643234057610435,-0.95589535107145673,,0.122763589758713,0.3846153846153846,1,5
0.9540603897972042,0.28943492194642478,-0.077435124961959839,-0.25980901296177256,0.92792275649172618,0.26731747935484246,0.14922482837596687,-0.23491867516794868,0.96049214814776052,9.3915392300692755,-13.334221532292599,0.60327702800929695,,0.5218317026160855,0.4375,0,1
0.48078830102317449,-0.84641133003116298,-0.2289770075665388,0.87662875080433389,0.46968241352466439,0.10450102242982687,0.019095624171061112,-0.25097069713519043,0.9678063165308407,-5.7795547206744571,-5.7888536715508554,-1.9591112111901472,,0.1028957909062381,0.3333333333333333,0,1
-0.27620936002000074,0.94319357597016473,0.18464633136338143,-0.96098813770635949,-0.27393120021899758,-0.038255675843506268,0.014497883466413669,-0.18800950985307469,0.98206019957016977,-16.549748499156898,19.694127272759893,-5.5715059944882093,,0.3527805547188968,0.2941176470588235,0,1
-0.60814481611053151,-0.77589975534266942,-0.16774818120347787,0.7826291046392283,-0.62139436479829646,0.036888046417816886,-0.13285920069565771,-0.10885133465469685,0.98513949252600941,7.4412328986300897,-6.6887396416445997,-0.15744871181190981,,0.1138937398612288,0.2093023255813954,0,4
-0.98940819470930252,0.096026272537466914,-0.10885944710790346,-0.085380941096612192,-0.99146108136035427,-0.098564796175983224,-0.11739471512608714,-0.088226295005040367,0.98915853215253002,13.012847911639387,6.7612432319189928,-0.69899514023172515,0.720044374630605,0.3387835156137619,0.3,1,5
0.7599142728128131,-0.56842093841439345,-0.31532195411590597,0.64609465630435425,0.71375274417803347,0.27040472494630063,0.07135820254414571,-0.40921223949245039,0.90964462840124627,-25.41915535475561,8.5812001142719279,-5.5684654919034609,,0.2772654636133283,0.2727272727272727,0,1
-0.44084349761942226,0.89757044947719455,0.004929384543937927,-0.89749982316121868,-0.44072031006704998,-0.016114456862867148,-0.012291380404840513,-0.011528075282141606,0.99985800264239177,5.9410276863806191,2.5158111133797019,-1.1877002751411718,,0.5769580412799509,0.2413793103448276,0,1
-0.015604426168778381,-0.96504116424941699,-0.26163343285611151,0.99651735584493417,-0.036446397910945991,0.074998797184607752,-0.081912522753020314,-0.2595519435169909,0.96224899440466483,0.7326179404126798,11.126458034955155,-2.6983012750896247,,0.303997475098838,0.15,0,2
-0.92575814992420391,-0.28305997309110109,-0.25069682782711933,0.34705364915110309,-0.89926529905150099,-0.26622487962757663,-0.1500853505836536,-0.33346510095582671,0.93073917613083301,0.99917558736983814,2.6268675427702353,-1.7993011218618546,,0.5888525280547662,0.3551020408163265,0,1
0.86528677944611032,-0.48154760351593606,-0.13925047527329157,0.50014584225800662,0.84800704329255927,0.17532310457621073,0.033658962963939505,-0.22135031076163114,0.97461331518603911,6.223435223249659,6.9318686321143614,-1.5684318548439138,0.4627392650942788,0.3088666652114216,0.4523809523809524,1,2
-0.59797094921307548,0.80051364044445361,0.040108046070361177,-0.79976500037474585,-0.5926082815105449,-0.095871626984744995,-0.05297818487638848,-0.089405459271162557,0.99458532855643722,-7.0849353571924354,13.450265390352902,-3.9894089390507967,,0.539173267225771,0.4137931034482759,0,2
0.63106890700339391,0.76473468509924625,-0.13012646164288966,-0.7611502002942454,0.64280280057909711,0.086341949014943825,0.14967433716429615,0.044558062949663579,0.98773081951541941,-6.6494133829056468,9.6437315621550841,-3.4766410679677473,0.2824844036987659,0.227697573974805,0.6264591439688716,1,5
-0.55150732244413514,-0.77251621270907633,-0.31473540377931325,0.827655270779038,-0.55381926326313391,-0.090944908545548375,-0.10405011312910387,-0.31064919884059927,0.94481249421116142,11.90050379210529,-9.6727349580000599,0.66009726793982026,,0.2679791019245881,0.3076923076923077,0,3
-0.97935365495632665,-0.10399951435927189,-0.17335085675219511,0.13295305583622993,-0.97732677212713637,-0.16479036812678294,-0.15228231501882539,-0.18443557546359635,0.97097559960892899,-1.6777008083821843,-2.5171425822675069,-1.7475835133770175,,0.2010860513970614,0.3230769230769231,0,4
-0.94281107111621976,-0.2565085815768639,-0.21286294125119912,0.29929837622592248,-0.93255848721028622,-0.20187904775035045,-0.14672343428781989,-0.25404333392058831,0.95599906815922153,-7.1437557223085797,8.2749435704787349,-3.3850401253953035,0.6001670244909183,0.4822020349858969,0.3806818181818182,1,2
0.76849103974473876,-0.6129802750410005,-0.18351213649976889,0.63615734859759254,0.76275762267885983,0.1162094525870213,0.068741178760125754,-0.20604851723793938,0.97612430503840786,13.858942277187234,-8.7156306096954221,0.81935001480352565,,0.1336729299745489,0.1875,0,3
0.10703231670654452,0.97856080871845319,0.17596257221556522,-0.99176404736358803,0.092557588170560812,0.088527776596076579,0.070343141367342335,-0.18398868582697395,0.98040808133666368,-17.980254292558769,11.051873159455036,-4.9504796413319045,,0.685398359051248,0.4042553191489361,0,1
0.9901996404637774,0.011941040065427502,-0.13914770421232991,-0.0015261106438034431,0.99720372020952575,0.07471553644714661,0.13965078951337542,-0.073770942534563552,0.98744898856895535,8.1603578507914509,3.0409932156343253,-0.94539346150890347,0.1927519737187625,0.1467185101196181,0.6666666666666666,1,4
-0.81576253727784931,0.57796261243598679,-0.022151780970714876,-0.5671516729616688,-0.80684151255757197,-0.16536551475621908,-0.11344806137958179,-0.12233557225916952,0.98598354201742922,-16.192993154985214,11.812494420084068,-4.8185631208999409,,0.4464194660663976,0.3469387755102041,0,2
0.9436892631975522,-0.25155748678875023,-0.21487067125643192,0.30981450868059984,0.89977922336476523,0.30726587739626943,0.11604113381323225,-0.3565335608910169,0.92704815151194375,-28.323394429018336,10.442570163995931,-6.0465304165581681,,0.2264461195764836,0.25,0,1
-0.4691808600356735,-0.85643113648171065,-0.21539505342702725,0.8755788971677233,-0.48290403724817732,0.012856346446981099,-0.11502571630178889,-0.18256341165210815,0.97644236149155461,-1.7553160869007531,5.5522757737280148,-2.4437287535151295,,0.2134354850601096,0.186046511627907,0,1
0.59506410602317183,-0.77724140044472334,-0.20443706894193403,0.80293465509157458,0.58589708568408105,0.10963824442171323,0.034563700262241433,-0.22939139134158099,0.9727203813031553,-6.3340390979701198,-14.506378144774823,-1.3635395636796166,,0.1408776106543756,0.4375,0,3
-0.29682229790388137,0.95485271331811628,0.012362011814033217,-0.95486651534298228,-0.2969292932119228,0.0079330138924422876,0.011245503270607094,-0.0094493757306364796,0.99989211815799972,-11.386739143687665,-4.3730473795063212,-2.8025903542857535,,0.08219883268372591,0.1904761904761905,0,1
0.95409296276159783,0.29175735114380402,-0.067707211302393155,-0.26154780217573748,0.92174684055814582,0.28631365510243661,0.14594302170997128,-0.25546117116819683,0.95574066798454038,-8.5185245396829963,12.213620858224019,-3.9800660818657367,0.5540831471545881,0.4629345970016878,0.4411764705882353,1,3
0.5598020887130235,0.82794716928441736,-0.033542604944409721,-0.81919172024809184,0.55906575376153145,0.12794689698473632,0.12468579289360901,-0.044147115930392285,0.99121364256426603,-15.225207252223838,-7.6088325706190458,-3.0562138641095489,,0.0971372577206638,0.4615384615384616,0,1
0.55728948264953093,-0.7628223665866336,-0.32791838857158834,0.82962810643155893,0.52766134921854357,0.18245740752201159,0.033847267940052252,-0.37373190601825113,0.9269189958550641,12.124046806632856,-7.1944184709471042,0.48172279719103339,,0.1266220089664493,0.1428571428571428,0,3
0.90685506748346401,-0.38127713484296227,-0.17955955286618688,0.4078770391813013,0.90124807000915863,0.14624717848034824,0.10606699528250391,-0.20586321368984087,0.97281556821477388,-3.9356954024801696,-12.29354193279527,-1.200686820841242,0.8845364309552219,0.5024564868548357,0.3846153846153846,1,2
-0.14205022997456493,0.98744108434480415,-0.069150828716164112,-0.98814528142489311,-0.13734827201512531,0.068588300548854259,0.058229159034748845,0.078074048969027796,0.99524560180675492,10.153477192811449,3.4914776207501226,-0.7601559932919687,0.6832328494187518,0.5536889313744205,0.2857142857142857,1,3
0.86581558313180873,0.49956491902697486,0.028253631336489327,-0.47769670108044948,0.80847247009635581,0.34377045666134948,0.14889337723008991,-0.31113848488071855,0.93862857693719781,19.400024071471812,-0.84297707451534798,0.80414408112738278,,0.559972920945647,0.28,0,1
-0.75672967234268473,0.64243981694513275,-0.12095984705528488,-0.64989396161747348,-0.75931158627391082,0.032920413170911947,-0.070696829131719194,0.10352292767161271,0.99211136562233726,-12.487697316133136,-0.63172183794278991,-3.3011790026375047,,0.07055238299528675,0.3928571428571428,0,1
0.81620243568641715,-0.5218580052177102,-0.24794718463767976,0.57258962619056697,0.78793412655571482,0.22649709090367723,0.077166728312831445,-0.32683946303816186,0.94192423338738818,-14.774071044629789,9.9888358092602179,-4.4830227457718603,,0.159543306896126,0.24,0,2
-0.26134973377512227,-0.92606989813347595,-0.27219636372796546,0.9591930183855002,-0.28069771484814143,0.034022732981718325,-0.1079123261550157,-0.2521970195107105,0.9616400538734482,15.158482712269828,10.150375460214313,-0.771024261056379,0.276637808625753,0.23286470173785,0.6923076923076923,1,4
0.60896362773563772,0.78599437841531672,-0.10665897615565252,-0.77899807835143353,0.61796007655717133,0.10624188301338142,0.14941651187143201,0.018389694966890736,0.98860332039660848,35.964271874156957,-14.02965938378065,4.1977665422165797,,0.1724503964372034,0.5,0,3
-0.021396207405724024,0.99971870188633705,0.010233250087289326,-0.98801838507697581,-0.022708405995194803,0.15265647397684284,0.15284591279630716,-0.0068443696462973146,0.98822633113351555,16.539518601062934,-9.4119173152626399,1.2119667592849941,,0.3551445035799977,0.1,0,2
0.4039522262817789,0.90124305593067455,0.15679143158582726,-0.90760995297231672,0.37343741969592248,0.19180371955840678,0.11430998271184753,-0.21978500337281923,0.96882804467295758,-18.013710307534929,7.9019817712889733,-4.7229780753835087,,0.4646150128012787,0.3482142857142857,0,2
0.91922476342526072,-0.34171386918890517,-0.19559515819601087,0.38259493240422099,0.89253380762666756,0.23875619351558905,0.092988988618999041,-0.29430432182927863,0.95117717284858405,20.556856485798704,0.059580205344330103,0.85020469312958058,,0.3475681886511249,0.3076923076923077,0,3
-0.08775520566090074,-0.92817967485502595,-0.36163727001711432,0.9938364536249098,-0.10626466271402964,0.031574117636692448,-0.067735716765050663,-0.35663750874563344,0.93178407371559691,18.164067408045774,-1.1495026524273722,0.66153114755001063,,0.4118587862000362,0.1904761904761905,0,1
-0.95107871392766963,-0.25743165421865977,-0.17081634383141972,0.27188833382319677,-0.9599891486949701,-0.067063912193903494,-0.14671746264346047,-0.11022603047443094,0.98301790846419157,18.855996296536748,-6.7985996684215877,1.3046755445479843,,0.08179847202789679,0.125,0,3
0.28793595307894049,-0.94400970606128809,-0.16105453047525325,0.95747276436117024,0.28054999164403799,0.067361767309879972,-0.018406314978901845,-0.17360120117848304,0.98464401207659136,12.418458126777814,-16.10294868235021,1.1920884135626941,0.4097203053836469,0.2387379295193142,0.40625,1,3
-0.0088996865963849418,-0.95752646574352318,-0.28820802032421278,0.99736124023079276,-0.029267203862162611,0.066437845113941491,-0.072051037909107038,-0.2868562325953653,0.95526025236969447,25.988427419949168,-14.845902066892618,2.9145101895839569,,0.4949642267036213,0.1363636363636364,0,3
-0.98967693047836036,-0.07863959713119148,-0.11981396847604034,0.08626209144933579,-0.99447535355486694,-0.059813232237621403,-0.1144483501747408,-0.069531179588506464,0.99099293146183109,8.4672799702400336,-12.705153779894184,0.44857621958808019,,0.1622690643799259,0.2058823529411765,0,3
-0.69939041254849899,0.71473893054217208,-0.001145426851882433,-0.71434841748915856,-0.69905952108689651,-0.031970680450908485,-0.023651411500704902,-0.02154175353102529,0.99948815079961462,10.755014750244694,9.159046156930355,-1.2521676773751031,,0.2213345541389205,0.5,0,3
-0.47869105118239375,0.87133029969217091,-0.10788135314430437,-0.87622356184410688,-0.48188736396330373,-0.0041034280455027354,-0.055562102076156326,0.092563909224111299,0.99415530754607384,15.816309626766687,3.8187921679523829,-0.073935892814349605,0.4414635732208751,0.4263137442084994,0.2432432432432433,1,3
-0.45944601104134958,0.88245568510172478,-0.10090256076947973,-0.88816105722731686,-0.45758769816079325,0.042230734267382344,-0.0089050189807640522,0.1090204674524607,0.99399961685777316,16.769503611080065,-5.6307895856520886,0.93197007111742847,,0.08651854099645023,0.4166666666666667,0,3
-0.9150903759090433,0.39754261001923175,-0.067597907791166922,-0.39127711907869039,-0.91590173812269149,-0.089589185671672164,-0.097528559940801327,-0.055532686977400783,0.99368219299378813,-16.387666525690179,7.1716367734643063,-4.4455051352996477,,0.1810428746817983,0.1714285714285714,0,2
0.45092029291490893,0.89254565068092651,0.0057576807912970204,-0.88538330790054609,0.44646659819324908,0.12947576911852862,0.11299242243893753,-0.063481006201143955,0.9915658698861467,4.4367673047295231,-2.7468503714770147,-0.89918196603634404,,0.2241400212124506,0.2971014492753623,0,1
0.70146860193736638,0.71231033817908529,0.023575042295496691,-0.69719825402329738,0.67897364064611843,0.2300204119086437,0.14783908509897878,-0.17778857508555898,0.97290021455755893,-11.122275737713904,11.961066487594206,-4.2421100023881655,,0.359276936440012,0.3823529411764706,0,3
