axis_00,axis_01,axis_02,axis_10,axis_11,axis_12,axis_20,axis_21,axis_22,location_x,location_y,location_z,dbh,dbh_approximation,score,reconstructed,number_clusters
0.66499142946694112,0.73996207054731289,-0.10120539949453258,-0.71840201924003988,0.67080508367046643,0.18417132913049269,0.20416889451468292,-0.049766192070445726,0.97766987712594478,0.58423468733363093,-5.5189376809912716,-0.18563221438591396,,0.3061410330685069,0.25,0,2
-0.9821872797848441,0.1032093501535355,-0.15702221966885599,-0.11665998152604937,-0.99002638927091124,0.078982259131690172,-0.14730443353542141,0.095893579493564432,0.98443172707543358,-15.011749597523924,7.5751714868663074,-4.7711780616345596,0.1756371390969088,0.1681640138222834,0.3833333333333334,1,5
-0.93336738557416454,0.35311196935315703,-0.064321541072842436,-0.34323184239048349,-0.93052223280798785,-0.12775083803745563,-0.1049629740226742,-0.097161264656101434,0.98971837546584096,-9.1395669876076084,-5.9750530196081302,-1.7239193454671264,,0.08813997998665672,0.55,0,2
-0.87258597579962294,0.47544705121486053,-0.11199918003678751,-0.48122636174495165,-0.87607554376227903,0.030213082983093147,-0.083755021339236568,0.080260470424238492,0.99324888788648669,-6.1744977194923223,-4.7054046435128161,-1.432637068969433,,0.2777622545380948,0.1666666666666667,0,5
-0.96077957637316336,0.26503453786800479,-0.081604530274360584,-0.24935322804219473,-0.95442637151236032,-0.16399167365048925,-0.12134897316888651,-0.13721149769186425,0.98308058246107854,-28.662780268640894,2.9907485135714076,-6.3689619337410761,,0.1926251197639358,0.2631578947368421,0,1
-0.55192624046686511,0.82595160889751729,-0.11481012517942633,-0.83363306959981209,-0.54306286379147772,0.10069077038236753,0.020816588426249626,0.15128339542131636,0.98827121981573962,5.193483760967978,1.9057485768088576,-0.49912929832863934,,0.08238348332480099,0.1875,0,5
-0.1607030254935809,-0.93591631440375933,-0.31342493523983267,0.9750510620769548,-0.19980824366618338,0.096706215444707019,-0.15313381057040432,-0.29006433458100106,0.9446759856502488,-9.8963115780953963,14.910629558127802,-4.9880191872818855,,0.3747432793860675,0.2,0,1
-0.98703487327205885,0.042351246847702424,-0.15481773424015613,-0.053261514734378776,-0.99632933212777575,0.067015468289189889,-0.15141126111690048,0.074392431283463456,0.98566748763197232,-12.866437198312276,-9.7242115591967035,-1.7573224611335378,,0.06480280729218421,0.2608695652173913,0,2
0.79159650051247565,0.59570763674107896,-0.13604187555587688,-0.56916391184748483,0.7998398521899297,0.19054829387653932,0.22232278746649126,-0.073407236544839716,0.97220571680893708,-4.0221307190483842,10.005877937335883,-3.2738255970786621,,0.07658064427158702,0.3333333333333333,0,5
-0.093647076268270485,0.99560480032834497,-0.0011430964804912788,-0.99020242234677691,-0.093019350504955245,0.10414683485451767,0.10358275862798128,0.010884943490678605,0.9945612751963675,-11.350407827504444,11.649268754137911,-4.7746966426773785,,0.08930000363655086,0.2954545454545455,0,5
0.260241072555081,0.96452078957709331,-0.044432315142949277,-0.95164909895481486,0.26400313145426463,0.15705521016773719,0.16321328565368351,0.0014117563258485427,0.98658979841178485,-10.750041907072648,-17.997511163867511,-0.012219774638356455,,0.1591378626595843,0.3333333333333333,0,3
-0.74779899516782089,-0.63954311401886221,-0.17827301572884,0.63325009342923033,-0.76773038445437825,0.097899826135721693,-0.19947677057208829,-0.039682012254801523,0.97909874675925379,-17.927424763991734,12.131329723505356,-5.8746180381018283,0.6539896915963315,0.5549191239061939,0.9078947368421053,1,5
0.8914311037843583,-0.40434179374753887,-0.20459301316228637,0.45020413610526966,0.84167429206630096,0.29816207322259969,0.051641292000767808,-0.35789956678335583,0.93233099114894691,4.145483988783746,-4.8888759772620052,0.33501138560003529,,0.2680375041488207,0.3333333333333333,0,3
-0.7574621254065308,0.64268400157081984,-0.11492781516908501,-0.65187546193370138,-0.75424460992540077,0.078571308549644489,-0.036187162134443999,0.13443341297236441,0.99026165571189162,-29.753092269939142,1.0681405842986633,-6.2843870510625637,,0.7344553410689838,0.3939393939393939,0,1
-0.78812949574108115,-0.55380468008178418,-0.26861175376818841,0.58532368232681087,-0.80933187191002887,-0.048765848890297399,-0.19038929815063593,-0.19565862472715451,0.96201331473092755,-8.3798749774498162,14.97424918954467,-4.7476434837590675,,0.3891696778579158,0.1764705882352941,0,3
-0.8867920109095041,0.44133424781981062,-0.13720062349858653,-0.45452400513217239,-0.88657938890665855,0.085935533538262582,-0.083712950883886139,0.13856792149418576,0.98680852904050942,-1.4297764501691637,-5.8219158247270331,-0.45014523989131711,0.1656356020493894,0.1321341031965965,0.4495412844036697,1,5
-0.34356147764043032,0.93189603909077423,-0.11634123692160807,-0.93715142587958988,-0.33215907047950255,0.10685296846622622,0.060932060964450724,0.14573991980620321,0.98744476287107086,-3.5417638924052306,12.074161757178205,-3.4545629781561376,0.1476459612456705,0.1515625469750892,0.5,1,5
0.89160932334617338,0.4507576625119189,-0.043015627497112394,-0.40810902815167505,0.84111889824621788,0.35491692007308528,0.19616277848581434,-0.29889216901729032,0.93390772329864868,-4.1884598207908237,5.5430377795777446,-2.5832387657624225,0.5696787025440013,0.2635951135298443,0.2162162162162162,1,1
0.94034588831048149,-0.30118423237647618,-0.15823295644512056,0.32761835630607128,0.92702814556285396,0.18244185360164406,0.091737794549895349,-0.22339846799404947,0.97040058818460739,-24.611750444729775,4.220453074099062,-5.9037213680471794,,0.1999254933616949,0.4230769230769231,0,2
0.41677917710733936,0.90517852783981356,-0.083348366915479977,-0.8903456398015358,0.42498715553038202,0.16331123452043714,0.18324780821642422,0.0061441331319647043,0.98304755246729214,-8.2631851693152161,-14.123116424481205,-0.24840774102501809,,0.07128166426591089,0.2,0,4
-0.26036272666874249,-0.90315852468913471,-0.34134429809645911,0.95112026960744755,-0.30073028315484401,0.070224849842947468,-0.16607673920051208,-0.30637554744945622,0.93731133601465189,-20.779662250622241,4.79453966079297,-5.3414115945665825,,0.7738707464943968,0.5909090909090909,0,2
0.87979958662068869,-0.44121241849655946,-0.17687365305913505,0.46834765457889732,0.86821369068452159,0.16387636119467974,0.081259841450204845,-0.22701671540302931,0.97049484753661031,10.056267184232563,-5.6811588257447223,1.5700367568810598,,0.1272880081516791,0.28,1,5
-0.66340605819779253,0.74634213011697137,-0.053533417217006912,-0.74810463442649755,-0.66011312415538037,0.067750418946461666,0.015226880706987553,0.084994635891251336,0.99626505206880034,-26.609442714858353,10.74786889857989,-7.0564303673835882,0.5913074918396471,0.3982623833823749,0.9148936170212766,1,4
-0.13950571565244749,0.98372117817259852,-0.11327311647083553,-0.98459387193706016,-0.12562426780273397,0.12162833010042212,0.10541851186717038,0.12849586356666895,0.98609114710657908,-7.00340903197075,-8.575385714683172,-0.93016393007222131,,0.06994333839691128,0.2280701754385965,0,5
-0.96735968585744159,0.23692227347379641,-0.089905920326750668,-0.22929750920354017,-0.9694185858884391,-0.087465751052121329,-0.10787905473651901,-0.063995637867489491,0.99210214589178691,-29.459548327524146,-0.84195772953115322,-6.0007552172339294,,0.4257328104566299,0.2368421052631579,0,2
-0.00088340093441217459,-0.91233588919934272,-0.40944162573147602,0.99144630306812254,-0.054236255122932626,0.11871249623688826,-0.13051225128447572,-0.40583451542357163,0.90457995686151083,-8.7897220987985101,-16.531131595911816,0.055126033396127996,,0.5009425555330462,0.3529411764705883,0,2
0.73309764860142668,-0.64673656843325356,-0.21047481717830438,0.6792870820001452,0.71159526259199957,0.17944704646316406,0.03371791575392926,-0.27452503220618069,0.96098861015592063,-19.811460078997694,15.906444521004852,-6.7281183739416877,0.7854097234487376,0.7119259051027313,0.9736842105263158,1,5
0.63369588537902044,-0.74777365735326995,-0.19815166469706044,0.77357963250906436,0.61322072709060971,0.15979640807479856,0.0020191634017383709,-0.25454841825275781,0.96705792264175072,-7.8802595971020475,7.9626177727155634,-3.6295742677879539,,0.074425947800094,0.2903225806451613,0,5
-0.98701714612207958,-0.04917173651537237,-0.15290288940725871,0.047724571985593586,-0.99877432897605545,0.013122690548154374,-0.15336074624824145,0.0056550956219605817,0.98815408788492565,-33.741571342958721,3.4774948947598179,-7.2732400817068124,0.444796501147686,0.2834624536119522,0.8571428571428571,1,2
-0.76376015944447628,0.63618333811013861,-0.10927570249780459,-0.64414938637012709,-0.76210727238727083,0.065299872996987626,-0.041737116387413058,0.12026331812100881,0.99186427873484184,2.3844677853665264,10.74800123634459,-2.2603319767223757,0.3656110173432319,0.1026692057935616,0.4736842105263158,1,5
0.50771675091775037,0.85517412763856226,-0.10440743390749319,-0.84127232254239137,0.51824987957287116,0.1538763843051813,0.18570024276143035,0.0097094665316502411,0.98255846955690995,-27.865426552899482,-2.8163713045652123,-5.4817816166108502,0.6160994921672522,0.5662921148250969,0.9090909090909091,1,4
-0.10622244569382258,-0.94744502280835063,-0.30176931717208683,0.98304783995015455,-0.14567539236296129,0.11133563863037466,-0.14944476036368423,-0.284827331581051,0.94685777959747452,-8.1352938406789903,-17.402731504527232,0.3545167181192847,,0.5765412217527321,0.1818181818181818,0,2
-0.88629167941903819,-0.37302864585879886,-0.27447529645003049,0.41924942663481962,-0.8980330036762838,-0.13329156978041484,-0.19676630112637758,-0.23320881989518116,0.95231122489664111,-14.917106474975197,-10.963462474545338,-1.8975422685444849,,0.3413209173569748,0.1428571428571428,0,1
-0.58870760751478346,-0.78891179238065656,-0.17618608542379674,0.78348865316881522,-0.61052150179687537,0.11579734970803907,-0.19891928817974758,-0.069869018072603886,0.97752209034048654,-13.507782702837963,12.842569911606608,-5.2523423438355774,0.6869243547921139,0.6421863090711476,0.9554655870445344,1,5
0.71176589582854577,0.69602084140434173,-0.094574298126814393,-0.67276656785172251,0.71421950925149047,0.19306899747389158,0.20192685486680836,-0.073793501985961199,0.97661664144547844,-48.675698258585179,4.2293214634501597,-9.7076338078675377,,0.5423930503074517,0.625,0,1
-0.97209998116810914,-0.17775437720080872,-0.15305230478145901,0.16637305534144978,-0.98245192242460633,0.084310299374088557,-0.16535305582091589,0.056494260860286992,0.9846150341227462,10.610073186840726,6.3235013741506902,-0.07659562351878943,,0.1027387839108535,0.1707317073170732,0,4
-0.64667718000416952,0.76004126798457372,-0.064388631156884896,-0.76275972171868567,-0.64464181019439803,0.051327804092167327,-0.0024963544398390516,0.082305573989201825,0.99660401399192633,14.059989786555191,8.6595215645581884,0.14491671592827229,,0.1093560058412879,0.4545454545454545,0,4
-0.87179205391087822,0.46903692932095953,-0.14136114625673232,-0.48408236339193927,-0.86908366049871277,0.10177355504762758,-0.075119106695477958,0.15715581436053569,0.98471273467034526,-11.444066405313036,-2.6630817289656012,-2.6899288001476389,0.9242573373452747,0.8834291639242843,0.9961104628549202,1,2
-0.27988518022567044,-0.94371535254488448,-0.17625441628829919,0.94516222538421113,-0.30305526770901192,0.12176153916810263,-0.16832306317557982,-0.13250976599822456,0.97678478096164356,-13.178731767192632,17.148963468486908,-5.8049136040736808,,0.07450419888559787,0.3181818181818182,0,1
-0.97020694513280314,0.18523677496108784,-0.1561596004672427,-0.19230114922964991,-0.98083728964869166,0.031280652799521656,-0.14737283203165205,0.060378377227477568,0.98723639516700679,-1.4567489250492973,-12.974733582852146,0.80272451013033086,0.3869421938765599,0.192433998587528,0.35,1,5
0.95074042286442351,-0.22001153490887818,-0.21837484479357028,0.28752297609279309,0.8891717415827185,0.35595526711863357,0.11585847638528447,-0.40120884646003785,0.90862988888319418,-9.597005433757051,-7.3305279254257405,-1.5895604577614195,,0.747489430663867,0.331578947368421,0,2
-0.98563462422686821,0.091769504660923026,-0.14178415122801605,-0.083057988268298272,-0.99434370678409612,-0.066196399929954436,-0.14705698932721067,-0.053469157400804879,0.98768177623000819,-23.213888787892142,5.4441689169584793,-5.8396242748457095,,0.6008913697186632,0.4166666666666667,0,1
0.25646225448417448,0.96442606461057334,0.064105209809015379,-0.95064671221335661,0.23970272030678466,0.19701125459085966,0.17463659577199636,-0.11146735745181523,0.97830316755077429,-8.1288997601116311,12.289058065999621,-4.2995775227580211,,0.2202673824300745,0.2105263157894737,0,4
0.22949278689944372,0.97312225092354054,-0.019134929281993441,-0.95814907881987643,0.22933079533967668,0.17134097310769572,0.1711239419769989,-0.020987402563722245,0.98502595164588391,-4.2240808204685125,-1.3239594861344093,-1.6621269039232793,,0.314836033800081,0.4272030651340996,0,4
0.83763361029728933,0.53038129996264438,-0.1306354146097595,-0.50812748418812093,0.84434776613841145,0.16995090358608059,0.2004405016781271,-0.07597714437256603,0.97675538330741274,-5.1492160809609357,-17.073521796119955,0.77734900606085588,0.3985282937695225,0.2375630694176652,0.3888888888888889,1,5
0.41832981757003934,0.90743917200350988,-0.039424774513037129,-0.89033836603130778,0.41826123667745624,0.17987532311506205,0.17971576921494836,-0.040145821782985508,0.98289905651030618,-11.404624659147821,12.999105153351421,-5.0034968321454381,,0.1303022017787764,0.5555555555555556,0,5
-0.021991546135823204,-0.97962630174991305,-0.19962134359417771,0.99156604302235396,-0.046880701566821191,0.12082624775103543,-0.12772295887407209,-0.1952805897686492,0.97239515477816996,7.2704959710942783,2.0602829234110271,-0.12744656355547454,,0.1211958878448103,0.5421686746987951,0,5
0.4378504057495255,0.89518841299108176,-0.083214947163869665,-0.88542941979486633,0.44541613575979822,0.13273736688113302,0.15589023300612295,0.015561852438537884,0.98765179289159344,-14.155942242617243,-13.586882061238354,-1.3633214068556057,,0.2720160734937975,0.5641025641025641,0,4
-0.2600075789356589,-0.94243928414750433,-0.21024807868695913,0.95074083246823193,-0.28792192308634246,0.11486007001511463,-0.1687836733029347,-0.17002694463467552,0.97087739170534093,12.908356846331415,-10.127993064501734,2.8882483102335703,0.9726109139048353,0.7745052551079514,0.9294117647058824,1,5
-0.9429844712990455,0.30479587335353303,-0.13371522903363472,-0.31297728905506134,-0.94871076761743334,0.044644103109883523,-0.11324973918117835,0.083948525856017225,0.99001370777479514,-8.1810609646045389,-5.2045204795179805,-1.7393472284527265,,0.06809450238848727,0.303030303030303,0,5
-0.68906458400463411,0.72465926280373338,0.007678014279256809,-0.72411070666556054,-0.68803853392835623,-0.047609456224824105,-0.029217863762186796,-0.038365722493786024,0.99883651704105525,16.485742221811869,-8.1554058048962563,3.2225394023471932,,0.573281299595979,0.4242424242424243,0,4
-0.52759917697495617,-0.81267186743687148,-0.24739350098985674,0.8247122069673305,-0.5598350606694048,0.08021521379613715,-0.20368820322842751,-0.16170695941100702,0.96558892658502615,2.1453561404463701,-19.763441615750647,2.5761586941039898,0.5955785668943722,0.4383376990901383,0.48,1,5
0.83219551259937652,0.55446860397719222,0.0038982063882710615,-0.51682759219563235,0.77311563760070956,0.36767030182286226,0.20084787465822801,-0.30798827591457595,0.92994803787332148,-26.668852154698055,1.1388604419133495,-5.815568736513975,,0.464695283626978,0.2203389830508475,0,1
-0.98718758514228411,-0.026405480974080426,-0.15736398036232513,0.01229260632110407,-0.99586677648879529,0.089990306787184671,-0.15908979719259539,0.086902900183738099,0.9834319103877377,1.2843105302949247,-7.9638612940729212,0.39561495983183659,0.190744270681109,0.1520284322400504,0.6125,1,5
-0.25624815521750433,0.9596226267146053,-0.11602283070579467,-0.96288895021066012,-0.24289256653887273,0.11767782578876529,0.084745221162243159,0.14187182742714988,0.98625079572725416,-33.245590547918034,6.4828886041508778,-7.6135017157149543,,0.1556063557064957,0.4705882352941176,0,1
0.95173147285131587,0.27041899886341825,-0.14519217829474423,-0.24657010740408927,0.95531753355696736,0.16300795138081337,0.18278508067947474,-0.11933974665776836,0.97588300484671764,-5.3078448080272711,-12.60112182077498,-0.0047707660384613392,,0.1022926116506915,0.2857142857142857,0,5
0.67400917587813713,0.73250954226062259,-0.095610675811897666,-0.71059871601133662,0.6782679069015759,0.18708851186108433,0.20189377314596493,-0.058158550226845865,0.97767913315177035,3.1923012916211921,-12.174069277442127,1.4716442106989598,0.9094200182468515,0.1078599527299314,0.2727272727272727,1,5
0.97864598544232417,0.13450615229351717,-0.15543529255872623,-0.096866152017438839,0.96873406391384298,0.22841029312687824,0.18129805230878268,-0.20847639772445509,0.96107679600585394,11.461433380406692,0.012950075825183552,0.93898756307025855,,0.2646904465855226,0.5454545454545454,0,5
-0.93630046518960008,-0.25304336288130258,-0.24353746197959031,0.29619766309707707,-0.94155286155632167,-0.16045296279886201,-0.18870183693215462,-0.22236741082457176,0.95652723502345027,-26.001209319071759,4.3191912637585768,-6.1104129616372784,,0.3716085284401744,0.2727272727272727,0,1
0.65975519591197629,-0.72012975484732944,-0.21479343018508981,0.75144346867699108,0.63504086832374262,0.17904136097930232,0.0074695950254174519,-0.2795285884165592,0.96010831337302982,-22.054963826114918,2.303216650663062,-5.1983213427299573,,0.06386159216024975,0.1304347826086956,0,2
-0.79028303292431001,0.60188742634176939,-0.11482270630687134,-0.6118414305547446,-0.78529841459623329,0.094638596192912289,-0.033208308127285063,0.14504456571799734,0.98886767680362564,12.377934859337437,-2.3652696662221331,1.4635530844082487,0.6530793049965121,0.3744534966721389,0.8021978021978022,1,5
-0.18886094746375592,0.98094407160562613,0.04560998689836581,-0.9769013405981527,-0.19240545796562195,0.092972632976439165,0.099976563556789827,-0.026997557793547435,0.99462345569193145,10.395203386632714,4.5207453129285575,0.10229266596212554,0.3800760834584427,0.1938818747551435,0.3125,1,8
0.37667006427885208,0.91610481194785776,-0.13737407398103418,-0.9096714845951871,0.39381123610398627,0.13194885536691872,0.17497843521575762,0.075264093990638159,0.98169132794642444,-8.5641894136090961,-3.6850299179937682,-2.0524492318674463,0.235903126047182,0.1976427338599501,0.8173455978975033,1,4
-0.80511568443329606,0.57923300675430467,-0.12758471133280028,-0.59062212881586906,-0.80267202920585035,0.082964537505943306,-0.054352880627593601,0.14215040420952599,0.98835167169917404,1.3954167223188088,8.4844396294047257,-2.0409030330146525,,0.09771930097938837,0.1379310344827586,0,5
-0.85933110851484151,-0.44574558624222227,-0.25072079747047665,0.47914282838560696,-0.87311451139059215,-0.089962214322508088,-0.17880770661605999,-0.19743840139330976,0.96387026186617031,-0.50021478514054618,-16.127001530320261,1.4548892177801662,,0.4307321726514933,0.148936170212766,0,5
0.89400865028245102,0.43397611055961915,-0.11141484947570612,-0.40293152135918536,0.88747840357760277,0.2236700075524676,0.19594571267399927,-0.15507036675939637,0.96827602419856673,-7.0766843345303689,-12.941057593498877,-0.23959014802010542,,0.1375669536896944,0.15625,0,4
0.9608896550780146,0.22540143962614559,-0.16088897345224426,-0.17032233000401112,0.93910852528580124,0.29843840509816061,0.21836065274233965,-0.25936339130646435,0.94077056532607906,1.9072120347370138,-11.734879941345799,1.1989752909552076,,0.437753642956107,0.1818181818181818,0,5
0.42119222515156374,-0.8838598382720968,-0.20344261048634182,0.90554604266582195,0.39724367309837627,0.14894236736261424,-0.050827886874666793,-0.24696001796431222,0.967691725418236,-28.280703363239251,16.798745116149981,-8.1503437130199679,,0.702113998742516,0.7608695652173914,0,1
-0.59446678361783389,0.79248352670188948,-0.13630518361825197,-0.80405406742977326,-0.58364254988029185,0.11339502025605566,0.010310180634093193,0.17700631026991392,0.98415571242559252,-9.1514237713689965,9.5851828916568493,-4.0752051340191233,0.5315904921656848,0.4734589590816324,0.9456521739130435,1,5
-0.29885521333421566,0.94623640727263914,-0.12378296738537914,-0.95138342415384336,-0.28529454237141183,0.11608877783143451,0.074532823026301015,0.15245879982754718,0.98549539453356905,-0.67837629981539371,7.9465643244747151,-2.3943049320823602,,0.06908014112102212,0.2413793103448276,0,5
-0.14585522155756844,0.98515827160579661,0.090495492877120318,-0.98372923285315961,-0.15412387931380084,0.092318071120446335,0.10489542780563614,-0.075557989067638012,0.99160876333034076,11.549882919605476,-6.7469528653175415,2.0451727124238901,,0.3652479250279668,0.125,0,4
0.84743889770495695,-0.45712518519519235,-0.26997014597334634,0.52675471876615887,0.78736853337443313,0.3202815307028809,0.066157243852761199,-0.41362707565155432,0.90803957037881933,-28.033642132258468,14.367530108756416,-7.8494824209490623,,0.60403620476147,0.5,0,2
0.90954924803836235,0.39609882081035397,-0.12580099183033855,-0.3603674249076374,0.9024588787062191,0.23601544718461237,0.20701566235019089,-0.16933309303547614,0.96357190657716407,-19.216363355764667,4.8683418324314784,-5.102201594352854,1.015807870849419,0.7946948278109782,0.7717391304347826,1,2
0.0216144472206217,-0.97660970514934675,-0.21393059500561212,0.99234119970578438,-0.0050736933893694635,0.12342285445523413,-0.12162137574388067,-0.2149598600750823,0.96902038137423552,11.643225538426993,14.375371390262767,-1.1170508610711709,0.7696262476672816,0.636828698755862,0.2307692307692308,1,3
-0.90536703143932185,0.41618559785994941,-0.084262011112407623,-0.41747067853606068,-0.90868670676569663,-0.0025887274779882708,-0.077645160476311245,0.032833170441958277,0.99644027014836056,-1.6246778361326968,11.677206368476897,-3.0588341283336145,,0.3162187763185643,0.4545454545454545,0,4
0.96135237562056641,-0.2256863601868081,-0.15769361659345638,0.25676123021454611,0.94165136988834497,0.21763815898439473,0.099374446148929735,-0.2497165681588511,0.96320628893272875,-15.10035405958576,4.9429371684965115,-4.3791546010379108,0.4467073857715532,0.3488988682659764,0.2941176470588235,1,5
-0.35878379549812373,0.93340248424557148,-0.0058301365470870828,-0.93121167524526682,-0.35749826489587549,0.070991594455565465,0.064179466925689252,0.030899724928153002,0.99745987539574754,-0.21145482743155858,6.9734989322967129,-2.1629548856239484,,0.2867311311950186,0.1764705882352941,0,1
0.020497715392893141,0.99931058513993931,-0.030954774929646763,-0.99093796121741229,0.024417377597147672,0.13208235570869248,0.13274713059780693,0.027966875022988464,0.99075529431817733,-26.1308840629816,5.4281143707079451,-6.2929605680176586,,0.1024920745656345,0.3333333333333333,0,1
-0.9217990335132048,-0.34592506134479972,-0.17499255340647787,0.33687174585440632,-0.93814545996420362,0.080003267393013999,-0.19184360468654338,0.014796887583218161,0.98131395763981855,-6.2041579026970934,-12.428275037950071,-0.23747105334393998,,0.1509634755206151,0.5901639344262295,0,5
0.63589090668061088,0.77163957637335234,-0.014666934760362143,-0.74560538946394761,0.61912199782327759,0.24649656186979466,0.19928712452947522,-0.14580917661679479,0.96903267540940363,-13.371725704344289,-4.5259179627979487,-2.7162468868538663,0.4598903013725739,0.4540906764123685,0.5263157894736842,1,1
-0.1831343183835189,0.98306811313180942,-0.0062374973881902766,-0.97814570530943168,-0.18157459026975351,0.10129978950168482,0.098452021893501468,0.024652649184922073,0.99483639171134397,-12.527423363194723,-10.563004199491523,-1.5359800530621683,,0.320143646513773,0.2,0,1
0.29955352323000933,0.94878769519041395,-0.10034737752303723,-0.94164989775413777,0.31093323418869662,0.1289030408352724,0.15350295365272598,0.05587873774719624,0.98656698195696257,-20.583491166335413,2.2074834425602319,-4.9389312666547616,,0.1010544147374189,0.2857142857142857,1,4
-0.98650063326945869,0.075376579114207407,-0.14537837487053343,-0.073621669728880942,-0.99713406118893877,-0.017421646397124336,-0.1462749134516555,-0.0064834665029199125,0.98922273243027381,-1.2557003796838133,-17.158396390163752,1.5132017016052342,,0.1676765120035575,0.2,0,4
0.63378450063680791,-0.7088298471172374,-0.30964084773864325,0.7735095182060332,0.58103746341547358,0.25313729743438207,0.00048166089979449533,-0.39994463859822665,0.91653917213576375,-7.3129137793690742,-20.380722663052083,0.96350353177494874,,0.5317974044217268,0.4117647058823529,0,1
0.085339708554768065,0.98642114318831586,-0.14032270812254072,-0.9861083155261704,0.10376378948925802,0.12970530459841678,0.1425044707857489,0.12730437644435283,0.9815732634623805,-12.791565037580945,-8.5784120536352191,-1.9339517207901928,,0.07139215494535886,0.3548387096774194,0,1
-0.8616270689869,0.48953458158485008,-0.13399510222986358,-0.50195917063662876,-0.86096581835693486,0.08230948083157226,-0.075071865587805667,0.13818014710341356,0.98755782713907292,-7.983436448381183,-6.5445996446417256,-1.4739071885771666,0.1849562267911186,0.1483855091266294,0.5339366515837104,1,5
-0.016385372846090668,0.99444273535701055,-0.1039959886359165,-0.99151870070670856,-0.0027489594474000532,0.1299350198015804,0.12892705575469848,0.10524300127620664,0.9860536116138926,-33.594734215390524,1.1532573564645605,-6.9922396319280065,0.2507242604137929,0.1987484450744434,0.53125,1,3
0.16180316508670331,0.98682302080889583,0.00024772874325849567,-0.97457544418306818,0.15975556874783173,0.15710143808836399,0.1549917396615067,-0.025660940272368125,0.98758244049853239,-5.5803934449169343,-1.2149742835233914,-1.8660592776321037,,0.07369369236456902,0.291044776119403,0,4
-0.89127699424820639,0.43455797071253394,-0.12955573941005813,-0.4452594927597569,-0.89276845434882679,0.068618299504801861,-0.085844648238585425,0.11884383454690076,0.98919504616581155,13.658554596987578,4.1532538550440048,0.79595344335570206,,0.08889185021024676,0.45,0,5
-0.32085998905470897,-0.84332624490384533,-0.43110290196215639,0.93118136484428471,-0.36405504731903326,0.019109900268518887,-0.17306106780714237,-0.395303386246459,0.90210038223666411,-7.9658862014936345,-13.116923829697464,-0.38466821140247914,,0.3134634474666492,0.1739130434782609,0,1
0.69938754556857985,0.71159277379558417,-0.067028243192438469,-0.6857116057371595,0.69447916981074798,0.21794099306083065,0.20163495446207819,-0.10646317194636537,0.97365750557277286,-42.859458178913577,3.984847927149155,-8.8203901211482219,,0.1073418374416044,0.3,0,1
0.43443035980553801,-0.86833091409018348,-0.23931503528725337,0.89900713423473266,0.40171730339595413,0.17438285680461385,-0.055285034813104851,-0.29090313127842338,0.9551538792980554,-33.758558083268696,7.9510635080797352,-7.8972535716744501,,0.3662301611176825,0.8823529411764706,0,3
0.53081607917455487,0.846097777528382,-0.048506091898708158,-0.82527340414195727,0.52907379168530355,0.19749615532379902,0.19276436005055175,-0.064803347238158324,0.97910286879419983,0.57791262262281662,14.112196089301465,-3.0209734425718309,,0.3122900785339099,0.6470588235294118,0,5
-0.70104910513467178,0.70284736983622942,-0.12056420241585653,-0.71269330418682297,-0.69635010590991131,0.084645048092166525,-0.024462345699985275,0.1452656350055003,0.98909023295617693,5.6136447601691719,-11.124876002550497,1.7500496345179712,0.1561060870119194,0.1347427981478314,0.55,1,5
0.32991801970374518,0.94332756653997196,0.035877604163800127,-0.93593531007130826,0.32189970394267098,0.14284843703500946,0.1232038783337743,-0.080707390042027372,0.98909409135638882,-10.694796497078013,-19.447688382915562,0.21628575090656579,,0.2477140019239088,0.5454545454545454,0,5
0.6070597303604971,0.79144392580351397,-0.071379241263575255,-0.76676503650657801,0.6069739310113651,0.20893545860786319,0.20868603826252569,-0.072105196631959037,0.97532096155725034,7.2376171830108476,-12.514773501571311,2.2959761623471713,0.08532594994187916,0.1556143999980702,0.3,1,5
-0.16354584115267065,-0.9547014847275922,-0.24859169917878732,0.9784190895303031,-0.1892234027986755,0.083009572194919529,-0.12628872904720678,-0.2296509936669586,0.96504485803687901,-6.5466020713266424,-3.2194759996092626,-1.7348526074183623,0.6151650549003785,0.3742155605151457,0.7018633540372671,1,5
0.78925382868495153,0.60799649959094137,-0.086131587651158581,-0.57929510281540764,0.78373097366710642,0.2240155011799351,0.203704633624847,-0.12690948506700978,0.97077206636768998,-10.035157544069085,-1.6779160027307238,-2.5780095535121919,,0.07277506862849235,0.2175925925925926,0,4
-0.03335719059172014,0.99318505364359921,-0.11167249909798535,-0.9911475114915701,-0.018506536972342853,0.13146907831638727,0.12850645236678485,0.11506935868533028,0.98501022045045328,-14.641000825441902,6.7282924665819674,-4.5691839893928901,,0.07616030586992475,0.3617021276595745,0,3
-0.42371312685614715,-0.87697280524310794,-0.22668454952603317,0.88537431229081787,-0.45382300605622311,0.10078197413057015,-0.19125771426362961,-0.15799803175396626,0.96873995927520429,16.701020606866575,5.5545728139701804,1.131488418874518,,0.1116077962542366,0.2258064516129032,0,4
-0.40771930622483349,0.91291993100727131,-0.018497753950672442,-0.91152292945336721,-0.40573545418843354,0.067116989617068398,0.053767242929987864,0.044226019311995095,0.9975736277606394,18.511144979633634,4.3504432309041965,1.6602326455514036,,0.570426638891441,0.4285714285714285,0,1
-0.74277706843255187,0.65991979972175219,-0.1130844133642861,-0.66878798221222935,-0.739281447514478,0.07864843424627864,-0.031699549827041422,0.13404775005981587,0.99046773760918738,5.6677752858993928,3.4534749886356257,-0.62201499878558497,,0.1059028725912195,0.3164556962025317,0,5
0.4100315852885108,0.91094933852657045,-0.045226117496365618,-0.89363801814611066,0.41116924259792037,0.17986368856816273,0.18244229660274203,-0.033334015351547411,0.98265133787669612,-27.37510042410651,5.3602668462472236,-6.5030023003544919,,0.218943509995162,0.28,0,1
0.62232674654567943,0.77521216989999087,-0.10842283971938974,-0.75906890578649577,0.6314943253620029,0.15820655265721573,0.1911120530002261,-0.016155762889311011,0.98143526252295521,-28.799550020717305,-1.5359369634942059,-5.7560474842061931,,0.1014166167478514,0.3478260869565217,0,2
-0.09550265844609096,0.99538064608531829,0.0098291214513219292,-0.98770523654505038,-0.095984686889126952,0.12339086507632432,0.12376432414559829,0.0020758809146439803,0.99230946926209096,-11.396015766931367,-12.112051960183226,-1.0857014151721518,,0.1863800617217453,0.3181818181818182,0,5
-0.98761330143069492,0.050151935336982,-0.14867666333059243,-0.022513979102107617,-0.98303238485630806,-0.18204518963353319,-0.15528389350526034,-0.17644294745235459,0.97198497864533484,17.282498998555017,-10.803090843134884,3.8169249741768079,,0.2439825466396229,0.4285714285714285,0,1
0.8468461183053958,-0.49919606674803074,-0.1834528246018034,0.5280353717365982,0.83036211656915127,0.17798146409610491,0.06348462889611127,-0.24759249243483974,0.96678211587918184,11.625527006986923,-1.0353723899067822,1.1581906766854475,,0.09723945289426705,0.2758620689655172,0,5
0.9037852228988168,-0.37090968432864752,-0.21353753052089361,0.41898526754173926,0.86857055325938137,0.26464417543878049,0.087313323454761185,-0.32865057444331031,0.94040692440313778,-2.3017659139379689,-14.804099039678546,0.93071324601462135,,0.1780505166257418,0.375,0,4
-0.36934151998297149,0.92418892390224494,-0.09727113936352344,-0.92686061137701026,-0.3587814375658715,0.11047754131949412,0.067203040812913908,0.13096073073473727,0.98910719252815082,-4.8547109387886138,-4.4385977880308634,-1.2314390409207243,,0.06865914251247793,0.2079207920792079,0,5
0.25631493489182111,0.96620889228901152,-0.027258587876895335,-0.95159280951432257,0.25718580002269459,0.1683050478961485,0.16962835562499495,-0.017200021172298279,0.9853579959789398,-5.650543479283165,2.6811753970459571,-2.4775778475676677,0.4191113080821592,0.2213280215649756,0.4770642201834863,1,6
0.43574819736740872,-0.84975382850449666,-0.29671861996343701,0.89880824579440532,0.39337348949134171,0.19339347211679939,-0.047615604406955336,-0.35096399916139293,0.93517753689318484,-16.650157786433205,14.352146096066566,-5.9714205890486989,,0.2988428587431875,0.1333333333333333,0,1
-0.80034220096130981,-0.52186696117516429,-0.29513935046721085,0.56729504721139878,-0.81845287112192111,-0.091165932023438992,-0.19398116086317393,-0.24039503444556615,0.95109491463475482,-5.0126888581753475,-10.80864052128806,-0.27793150098419561,,0.5432003257855146,0.1022727272727273,0,4
-0.21436217105604904,0.97414317083451574,-0.071371859556927333,-0.97336187057893087,-0.20696192783108758,0.098658143766876982,0.081335899350921725,0.090619220615255069,0.99255862715099152,-20.022112003489124,3.4273761839784087,-5.0230898563338942,0.1602482848618261,0.1083652949790778,0.3783783783783784,1,4
-0.87362151953581224,-0.42516859455516298,-0.23667933329280585,0.42956925122613154,-0.90234177935578352,0.03534928047443324,-0.22859505463802191,-0.070788271860718593,0.97094455122937562,8.299844652751684,7.2781948204219331,-0.67288672218135226,,0.5650191671948329,0.6458333333333334,0,2
-0.6852680076011507,0.71879158023216538,-0.1172451361280997,-0.72815370461786288,-0.6793278968826526,0.09113611231710006,-0.01414002155699782,0.14782514232815525,0.98891242639883381,-21.942955627571127,6.4719731162207204,-5.7646634049002783,0.222527962623333,0.2001844262554137,0.5957446808510638,1,2
-0.75670713122783195,0.64785817669051171,-0.08760194315305278,-0.65263886180840402,-0.75642698047007284,0.043367490985293279,-0.03816848970520037,0.089988922163643029,0.99521111342340329,0.07109603908983661,18.743072992935581,-3.8779996360998661,0.257035305028632,0.1630020789425094,0.3529411764705883,1,5
-0.72546933443380224,0.67500173905636485,-0.13441315808751805,-0.68774538095060633,-0.71848400960768866,0.10386057442150533,-0.026467636412843012,0.167789690413156,0.98546744442106027,-12.001222024981461,-9.2140325088438662,-1.7029349522974031,0.2173256309262046,0.09088702423862831,0.6923076923076923,1,3
-0.71130350105921847,0.69509338672025989,-0.10436720327123285,-0.70252300709411053,-0.70782114201991153,0.073828554185205564,-0.022555573243613541,0.12583487055418566,0.9917947526924431,-1.090592746849582,-4.1076019651746458,-0.68653085772201972,0.3108335094874232,0.2654724363998215,0.72782874617737,1,3
0.94988568431242004,0.2900692641241111,-0.11652042202474333,-0.24852713202691809,0.92686479779820585,0.28134660340755474,0.18960867961357275,-0.23828862459838435,0.95250568502356425,0.64507268927536721,-4.5580836578950876,-0.36524375692730271,,0.1748900810157514,0.44,0,3
-0.66047858715854657,-0.65041805888475568,-0.37513248937093702,0.72395174146649055,-0.68416287003744003,-0.088402733497151761,-0.19915298625098601,-0.3299659314819019,0.92274621219953801,-3.308881133949467,-7.4919122742076745,-0.50904663609441247,0.1854826472404716,0.1412109161325491,0.293103448275862,1,5
-0.58667182524390182,0.80561584778630813,0.08245771801679834,-0.80973881049283458,-0.58504432859592759,-0.0452348577912094,0.011799501965731821,-0.093307231087893017,0.99556744240662687,-16.653814876881953,8.1651669943034069,-5.1173867426853485,,0.1812672849542885,0.3125,0,1
-0.2746421845185113,0.96142951340021299,0.014998708142040925,-0.96145284845303181,-0.2747997247348688,0.0096711678297790853,0.013419787049407819,-0.011764440006665223,0.99984074095171682,-10.901765581726316,-9.696592390062122,-1.4129881011502945,,0.238562291638265,0.1764705882352941,0,2
-0.4740511958220609,-0.86031374944593808,-0.18744523534607843,0.86015991316169349,-0.49797680251951953,0.11019994529084008,-0.18814990706705881,-0.10899246151320756,0.97607389874125294,-0.13423961319903197,-6.9311776002576515,-0.063170843584725717,,0.0775745698074005,0.3818181818181818,0,2
-0.92452714027600824,0.35509912801927884,-0.13839861333486517,-0.36711962513494112,-0.92728777329949252,0.073215888508227189,-0.10233644382059637,0.11849892307196974,0.98766657202566943,20.020528676831866,1.9806856241676336,2.2493463625277017,,0.111291809241654,0.45,0,3
0.93926531071522401,0.32000993661890137,-0.12399321171822496,-0.28712355639151743,0.93064155174763663,0.22686199665399776,0.18799132813010536,-0.17748223185975023,0.96600171734938489,14.950376738053611,5.41672130226471,0.79642789847765583,,0.3932456164016295,0.2307692307692308,0,1
-0.012183854403609208,-0.97178147264461989,-0.23556808594656012,0.99063743365225543,-0.04376690940887825,0.12931331210540015,-0.13597436794758502,-0.23178702954533356,0.9632163537834092,-13.482983594585889,-19.23758296681719,-0.30375485983359335,,0.1455740746665604,0.5454545454545454,0,2
0.75033425241166918,0.65770458477019422,-0.066507058498237459,-0.61639520491928834,0.73244194338634394,0.2891120041107676,0.23886284979110936,-0.17593600751609204,0.95498223033152163,6.4743220028844677,-7.6629235261423592,1.1906737461463377,,0.2017680944529948,0.25,0,4
0.9376587281097295,0.31422152051728741,-0.14852927537509023,-0.28322653986798124,0.93850519666407395,0.19746068709730508,0.20144189413837485,-0.1430833039817469,0.96899346303657374,3.3308307223749352,20.643795155012409,-3.5926293631565915,,0.1525118286867815,0.4444444444444444,0,3
-0.92995142584555568,0.3357521173614072,-0.14986948073291079,-0.35217099776778088,-0.93051037500606681,0.10062817864454091,-0.10566898267261862,0.14635900277538036,0.98357160817478495,6.1022436533573368,-12.435403524109852,2.1021963910668426,,0.07930910063090277,0.3043478260869565,0,4
0.2738109743586149,0.95496832647265861,0.11429368204233879,-0.94711238700883937,0.24704646093464352,0.20480764759668077,0.1673489668184551,-0.16432754356369186,0.97210636338371847,-3.9379226361003652,-19.179097474942882,1.3814447674980543,,0.3748624049190288,0.2727272727272727,0,3
0.20615939183748422,0.97850297003354947,-0.0054993447537918421,-0.96548653004466867,0.20432471839220231,0.16151523072531621,0.1591667850385361,-0.0279883384549643,0.98685489685719574,-12.582222393291488,15.400930866488533,-5.4925014651758808,,0.8417452246452741,0.3137254901960784,0,1
-0.43804697818025107,0.89314658023361382,-0.10200015256925257,-0.89700980504228867,-0.42682297654227069,0.11487191281419203,0.059061447367515375,0.14181443125647109,0.98812975490178268,1.3391789930819169,-13.094207937620249,1.3046846104572785,0.175957948401624,0.1716216084558325,0.3478260869565217,1,5
-0.41575181893818697,0.90947697125314464,-0.001436596601881186,-0.90798925148643694,-0.41498035151866747,0.057851767808284403,0.052018691205079452,0.025356391968313987,0.99832415033978816,-5.8526259461451602,10.433148127128298,-3.6243870203829203,,0.150971875603773,0.15,0,1
-0.9201960450262654,0.38193816573338379,-0.085804873254594877,-0.38029833530690177,-0.92418787478366826,-0.03535460741750502,-0.092803097366511836,9.8280540897793217e-05,0.99568447585573838,-12.262744023507764,8.2166974906725923,-4.3826680444123758,0.3974491384395423,0.3057269838559485,0.2307692307692308,1,4
-0.6500696408819826,0.74673719745494527,-0.14068766804771859,-0.75981211805307602,-0.64115298578759339,0.10774225761210662,-0.0097471669355553448,0.1769361657570013,0.9841740628486112,6.0121285269894269,6.0194602111799309,-0.89332317645363135,0.5485246131901526,0.1632257934745976,0.7428571428571429,1,4
-0.71697913973148764,0.68347212468640073,-0.13713777002180499,-0.69668661276202937,-0.70928647936090261,0.10742650415044991,-0.023846945046830759,0.17256461100838014,0.98470948926039104,-5.7794202696819461,8.426768935892385,-3.3336940963512181,0.6497297776421952,0.5947375449344616,0.9668769716088328,1,1
-0.18654742597947221,0.97816546515093328,-0.091609937487649978,-0.97749182441872429,-0.1754454954021582,0.1171691569383537,0.098538272031665999,0.11140556956072308,0.98887765068074185,-16.423845933786385,11.954629262071993,-5.5860799095332059,,0.08644514573586196,0.3125,0,2
