axis_00,axis_01,axis_02,axis_10,axis_11,axis_12,axis_20,axis_21,axis_22,location_x,location_y,location_z,dbh,dbh_approximation,score,reconstructed,number_clusters
-0.67647650067740062,-0.73403146904546035,0.059810922766852639,0.72377406283855672,-0.67763536379748035,-0.13023601534608484,0.1361273300752929,-0.044812009350399633,0.98967733823936377,-16.726689419736829,-24.246679916755213,-2.2912915303762431,0.7328516780198809,0.7218282048551315,1,1,5
-0.56947312387200277,-0.82180249010145057,0.018466955637548799,0.81256944943536458,-0.56618586034051832,-0.13843576631339727,0.12422258664096801,-0.063829764322954549,0.99019922750661904,-13.393677016221426,-10.947968835792567,-1.512312806860062,0.1347157642877735,0.1453166365674178,0.2317073170731707,1,5
0.24116108046557397,-0.96598655678968914,-0.093334374001628126,0.96642301910041717,0.24782856169882461,-0.067878952254177782,0.088701079032388622,-0.073830726042012379,0.9933182483326265,6.1296485431845458,-4.5007165677597429,-1.9434386422266994,,0.3448977867474792,0.28125,0,4
0.22134592578748885,0.96479907473959137,0.142016641697045,-0.96715019097877752,0.2358471509000015,-0.094850564057707309,-0.12500595676603879,-0.116356636226643,0.98530941535084648,3.6630580919376197,-7.9507792688728776,-2.0421153597024895,0.6645318929228221,0.6097934371982046,0.9859375,1,5
-0.99811723024180032,0.028101461639775449,0.054518827464877934,-0.043317454551653443,-0.95225692559342145,-0.30220910937715129,0.043423413334310088,-0.30400173603628272,0.95168132883929391,15.248101078756847,9.5867775367497128,-1.3786396819059814,0.2015968869139106,0.1973385807009552,0.3478260869565217,1,5
0.063503762370341388,-0.99684485715839,0.047619354486188467,0.99208837194259092,0.057879010274551362,-0.11140324243907271,0.10829558818858524,0.054317132900296196,0.99263372633231683,-15.016769810410574,-14.893211478939852,-1.6888844194323405,0.4193363681906856,0.3847474663020408,0.9516129032258065,1,5
0.65098746476507396,-0.75772102888749415,0.045542980802958315,0.75792765011449603,0.64550425130812916,-0.094180352170978449,0.041964245622426212,0.09582851310966288,0.99451289492119299,-13.837609066290605,9.1545880363154826,0.19801741764266972,0.1846692453821156,0.1399901464399214,0.5,1,5
-0.76087898052921166,0.62653806696309156,0.16885860249031037,-0.64879687363004568,-0.73005750987549223,-0.2146593791155533,-0.011215781591424615,-0.27288474292372766,0.96198135289762521,-5.344643168633489,-21.522898102682692,-2.5986308893550549,0.1741820468329244,0.2354926532421605,0.4444444444444444,1,7
-0.33203325095277547,0.90841993061081261,0.2540219477343979,-0.94083128981427266,-0.29959766381872355,-0.15835947695283392,-0.067752522965150455,-0.29157240867991796,0.95414628130515067,1.1056155600217887,-8.9273275160347101,-1.9562148192583326,0.2129374975475154,0.1826570538033781,0.2,1,6
0.99797359071976488,0.0074050157028526607,0.063197135760585069,-0.0022445452303800754,0.99668387475181419,-0.081340124332468011,-0.063589891041030189,0.081033447120020002,0.99468080619123189,-2.7558022475597066,-4.3168244914135494,-1.5041427282698334,0.1684132921728311,0.1468844167492852,0.7565104166666666,1,5
0.95955014136395878,0.26170378620332535,0.10380103320897577,-0.26458218552307999,0.96425020335010203,0.014758470216037042,-0.096227819845599666,-0.041625396408098682,0.9944885786481571,-16.125937265779534,-11.017552319034783,-1.3864055541695499,0.5450205978783303,0.2344293984626669,0.6385542168674698,1,5
-0.70030174562479586,0.6971708848322381,0.15339564015022394,-0.71310261332430069,-0.67341845548094381,-0.19491599905526485,-0.032590304461844202,-0.24588684625228185,0.96875049981674344,1.5208299892881889,-20.173696329720567,-2.8960121832894132,,0.6811298289239331,0.3333333333333333,0,1
-0.56436250323118631,-0.82545663424392635,-0.010784708123937137,0.81206377709676003,-0.55276132181449089,-0.18710249339129983,0.14848362493545783,-0.11435150234512088,0.98228119550230664,26.372573268742034,-1.6484086890667826,-3.0289522456169924,0.4265733737846403,0.4067797908878858,0.5263157894736842,1,5
-0.90692798897168692,-0.41609504471473285,0.065928268471241142,0.38359122199732792,-0.88030898993598361,-0.2791305369257997,0.17418208066953464,-0.2278617914476514,0.95798726858549577,-25.70579236935292,-4.0254576593283478,-0.36667546148997177,0.3718239967222925,0.3016664320140076,0.6,1,3
-0.34758239810887875,-0.92563101246241064,-0.14964526485223012,0.93048675545310466,-0.32081705236888813,-0.17683556439724804,0.1156757297415324,-0.20070786650540459,0.97279775794952039,-12.050512082118171,5.5890235337585485,-0.42839023147218219,0.4253836049510331,0.2848387516039448,0.125,1,3
0.80303261153171235,0.58776046085291178,0.098368010422746177,-0.58312016972669145,0.80903289031287184,-0.073733642592197987,-0.12292067553699526,0.0018501486351699156,0.9924147744141838,-6.940166323606185,4.9139957417805418,-0.55175081999685915,,0.09888106607346417,0.2906976744186047,0,5
-0.99261664036930275,-0.11225145974463671,0.045954488868404357,0.096521208997018021,-0.96044797167667761,-0.26119599904269136,0.073456527795098273,-0.25483191222324153,0.96419128550144739,7.2127752713987627,18.788453200805453,0.31385510613035961,0.3149372540774812,0.2884521042064067,0.4571428571428571,1,5
0.36022050288207469,0.92039242021928569,0.15204927525730294,-0.92236630309342349,0.3757897497169318,-0.089568224976587327,-0.13957647445452936,-0.1079808168637918,0.98430612665383355,-31.244401294702175,-8.7288570338636333,-0.48310124269164118,0.340516739645241,0.3231610000922709,0.8888888888888888,1,2
0.1198148056074342,0.9872958805430212,0.1043611834928721,-0.98549322465283884,0.131001205188405,-0.10789711952843976,-0.12019782244534104,-0.089919566847075041,0.98866928493679451,-3.3792894783206613,4.171088386653242,-0.74546464613585395,,0.09550609031376862,0.456953642384106,0,5
-0.047502896270617934,-0.99791975174379099,0.0435849047895542,0.99265492044184667,-0.052022714325202855,-0.10922383493006731,0.11126402728867563,0.038076321695378272,0.9930611813768857,-6.4043501059444408,7.3050658865107589,-0.36903125796906816,0.2631945461589278,0.1925681068900722,0.5555555555555556,1,4
-0.94514467610393382,0.30139159389635967,0.12595494575840468,-0.32541462525286002,-0.90228280867414057,-0.28282689907900543,0.028405332315106068,-0.30829991939622198,0.95086502554061403,8.0920478845431756,-22.34657295333421,-3.4666080547817293,,0.6912057132245327,0.7045454545454546,0,1
0.16260408370575533,-0.98341714353912013,-0.080315837513970742,0.98216094501765649,0.16911177281069897,-0.082225825498123628,0.094444640103274455,-0.065512823860534336,0.99337217590668536,-17.384812485667315,-16.870028738636016,-1.7263960623054402,,0.4743454351695151,0.2363636363636364,0,3
0.62710462671961287,-0.77257484379187946,-0.099337293534739746,0.77738228644040763,0.62879268624108253,0.017220292053480184,0.049158599202359946,-0.088021977197038276,0.99490480130250913,-9.5091451306241055,-6.2617758185459742,-1.324194663837168,,0.2190795127417408,0.2579185520361991,0,2
0.81785360533159834,-0.57535766955866752,-0.0088900127179372679,0.57524365622548246,0.81788564258341989,-0.012562309829219244,0.014498835071998437,0.0051602069653622898,0.999881571010102,11.119174860660682,-17.168944182604392,-3.223449713549714,0.3276562930252376,0.3500160947370364,0.2051282051282051,1,5
-0.90084023190259888,0.39139203866115713,0.18788067664966224,-0.43395590944984996,-0.82471740720294329,-0.3626616424575505,0.013005584924379662,-0.4082321279971946,0.91278550844744288,10.455819684443746,6.056746803309232,-1.3652710257253926,,0.09118832812099942,0.3181818181818182,0,1
-0.98451582366824253,0.15116760970195028,0.088752164614963519,-0.16910743543404394,-0.95237157099780667,-0.25375394782365723,0.046165660698873054,-0.26483342789793252,0.96318844845651452,5.1207656230342744,-13.708837952543538,-2.5731888197990651,,0.1564369876980884,0.2413793103448276,0,5
-0.52954057372126884,0.84254689398002969,0.098496254890999835,-0.84631262088486436,-0.51682347274057083,-0.12902885628946326,-0.057807685595775912,-0.15168463821026729,0.98673706833030195,5.8120949592863891,-12.47443112854471,-2.5138494369928472,,0.09103939950558892,0.4666666666666667,0,5
-0.90642995487142353,-0.42185505523830724,0.020568161844806591,0.40801967119750293,-0.88720351175823053,-0.21538309274347767,0.10910859190582126,-0.18683747240248302,0.97631300005611987,-18.32594465291016,4.7447038469518601,-0.0067215439974732715,0.5144110417583063,0.4794654325498514,0.21875,1,5
0.82639642633342103,-0.56296088670132327,-0.011999441145815254,0.56303550461023233,0.82642369542423066,0.0038595582209553234,0.0077438421764058161,-0.0099456365215981543,0.99992055545554648,15.821292895074796,-5.1517656962124354,-2.6076627067080946,0.7072002813165708,0.6478146716423931,0.8793103448275862,1,5
-0.87752028986384223,0.47284328613363819,0.079858422446347124,-0.47948300672209976,-0.86772111563484955,-0.1309813412137226,0.0073611916162955376,-0.15322954101527886,0.98816320545658554,12.67462427876751,5.0809994407128221,-1.6172599254722262,0.3023728276043966,0.2875218780290313,0.7311827956989247,1,5
0.65575810113364319,-0.75447597973339331,0.027336949407955915,0.75372380238157166,0.65216491767929508,-0.081125519239153621,0.043379056249098068,0.073803225903025432,0.99632893229356889,-14.003535748923154,-5.1423767551771489,-1.1141159496903628,,0.09904669317816413,0.4102564102564102,0,2
-0.29677841554377743,0.93779764658288145,0.18016144462934827,-0.95113442380651858,-0.27344529882449448,-0.14342585680770703,-0.085240130910076192,-0.21392345036108512,0.97312428675274643,-13.53253867415498,-13.885209376264426,-1.709478825743497,,0.08778452474586353,0.1923076923076923,0,5
0.99534206186040508,0.06560430734295486,0.070641735182031387,-0.06706651353995173,0.99757647217684431,0.018527409986200696,-0.06925505507233809,-0.023178805345669545,0.99732967484662483,7.6354851043979295,-10.666057364039666,-2.4866839390750393,,0.1015703891119667,0.1578947368421053,0,3
0.081106996626212111,-0.99586918099580879,-0.04081947379637238,0.98977509322595514,0.08529663491261967,-0.11432300250664879,0.11733251862901251,-0.031129703103633732,0.99260466534106717,-17.803192344381713,-22.933583802946462,-2.1403724449291013,0.4066371372797942,0.3515817178333936,0.3617021276595745,1,5
0.9700618539731527,0.2308661887017594,0.075371097779546023,-0.22450196784314189,0.97082497634151932,-0.084248037045655741,-0.092622167436997221,0.064804847240101673,0.99359019010528704,12.695519305303465,-28.418303020262119,-4.2863011954463435,,0.3102649630935581,0.5,0,1
0.13526648876466385,0.94762328629991499,0.28933213488900339,-0.98630474808027035,0.15659605286267286,-0.051774705621045275,-0.094371186977773955,-0.27836627577704232,0.95582754489417476,-24.089273455121504,-28.337217463932156,-2.3131528902963252,,0.2367011853237134,0.3478260869565217,0,4
0.96846160027090245,-0.24895494698366807,-0.010176599288624461,0.24610381084387015,0.94939291262109338,0.19515637768969044,-0.038923554422056673,-0.1915059577067918,0.9807193406239918,-1.8244935128801942,-5.6343402334998753,-1.6438099574723188,,0.08757492361332389,0.2424242424242424,0,5
-0.98850032856511783,-0.14164558494573398,0.052949303036339032,0.12358310971402132,-0.95849435487138201,-0.25693537450710252,0.087145369470014902,-0.24743706259385165,0.96497698658302744,-6.2230308128667557,17.061880654296306,0.72104875206491947,0.5468211355303513,0.5377218072937791,0.9183673469387755,1,5
-0.37783468555605321,0.91830038853099971,0.11817506849827485,-0.92262437201620406,-0.36274662930781654,-0.1310692606507024,-0.077493345214041401,-0.15855371124521531,0.98430457791168746,-14.274825393981157,-25.483291224571648,-2.4601517096085521,0.2669928336739288,0.359597794140313,0.9259259259259259,1,5
-0.96169609275111312,-0.27015010368692532,0.046470922792486165,0.25558240698525442,-0.94496907553731302,-0.20423290508088845,0.099087125434465545,-0.18453283652536992,0.97781868146248596,19.459393692322461,2.3548496127965106,-2.3223632022516276,0.7311025293299224,0.6893155508016574,0.810126582278481,1,4
-0.50553667695025839,-0.85533854189989988,-0.11326361727688355,0.8515212418770991,-0.47344635922315742,-0.2253000656245375,0.13908358238905794,-0.21034382253560799,0.96768343657982281,-6.300747675908938,0.31372617668508168,-0.91428125516916958,,0.5558310354119539,0.3816326530612245,0,5
0.91487330554261015,0.39520796225531024,0.082568161996881426,-0.39471821523755468,0.91851756352314207,-0.02286954435904261,-0.084878533005804238,-0.011668421894843694,0.99632298104844819,-22.563036096018468,-19.981023168109157,-1.6662011214815202,0.5188728620852427,0.4816616650106101,0.7341772151898734,1,5
-0.46552888969145473,-0.8845563086875895,-0.02903428359072947,0.87459462460743509,-0.45476725749001434,-0.16813977555233875,0.13552525768439319,-0.10366715138363056,0.9853354891881152,-12.348010095374558,13.089516551384763,0.68502833801449126,,0.07993340731727767,0.1578947368421053,0,3
-0.96789399505423612,-0.24606272085006833,0.051325936385145259,0.23314351455192303,-0.95515405158509259,-0.18255092265710512,0.093943152812367856,-0.16472363263492112,0.98185579842012849,2.2031222707680858,-11.522182880506573,-2.219560163599827,,0.08551270528408203,0.3492063492063492,0,5
0.68771034749730531,0.71379177628083068,0.13249821907856421,-0.71494620264213937,0.6975843771085577,-0.047201315041533819,-0.12612059813020096,-0.062268265817522789,0.99005871431918524,14.740640317052254,-21.516969071727537,-3.8046662789661791,,0.2698048330701303,0.625,0,4
0.99453468205281659,-0.089613901885099365,0.053573452222450357,0.086127824268061981,0.9942147186996706,0.064180144965444025,-0.059014947945018451,-0.059215215188862927,0.99649926954774237,-16.52261766814722,7.4388053015356386,0.18163671016465696,,0.06517305510016255,0.3125,0,1
0.99978410740947843,0.0091340110843644087,0.018663022610013347,-0.0092157122914869136,0.99994830446530492,0.004296398948068025,-0.018622814459465994,-0.0044674644342327105,0.99981659945368773,8.7156073305235378,-22.370083888366032,-3.4977231019156574,0.3255507321207435,0.337178199365922,0.358974358974359,1,5
0.65311610900872896,0.74317519802150589,0.14536152585534304,-0.74602231950950282,0.66440421133070071,-0.044919291620539481,-0.12996171338882659,-0.079105429723408449,0.98835837834325846,10.618681851351703,-22.750846962255288,-3.6507041614995601,,0.1299339568218595,0.3333333333333333,0,1
0.74681327912950479,-0.66227459707800507,0.060516809078163987,0.66461498526956442,0.74001754352129889,-0.10325190863049404,0.023597615790025048,0.11733027463476421,0.99281254987190704,0.43388145636853426,-7.7803968801962737,-1.8462564861753539,0.2415481349276524,0.1762188210313806,0.7859778597785978,1,5
0.98382291033382918,0.16306100172816829,0.074186190208685582,-0.15767509549478392,0.98475399985720657,-0.073471926788007874,-0.085035553523121893,0.060586050214863248,0.99453420512136093,-1.8422338448974311,-3.9374955532946432,-1.5126902894772039,,0.07301270404181634,0.3571428571428572,0,5
-0.99152612847092669,0.092040893538719692,0.09167557186104093,-0.11758109882852499,-0.93589044904153917,-0.33208997664955658,0.055232433929091711,-0.34005520332648992,0.93878210301051634,-22.716839193111252,-26.004483987835641,-2.1560054990084345,,0.2873211731843938,0.375,0,1
0.99300585001059338,-0.096673448541737497,0.067776295205528345,0.097912895573677022,0.99507886485943819,-0.015202552102523382,-0.065973075759108976,0.021732396487726149,0.99758471129913706,20.419964967500036,3.3997618639817917,-2.3103591231671077,0.6053855967519488,0.6130037240389232,0.7692307692307693,1,5
0.4204270407630642,-0.90192342897130906,-0.098869771254155275,0.9059931580946754,0.42321441213313776,-0.0081215053062580252,0.049168088033294005,-0.086160835856198728,0.9950672386747097,8.2250372233817597,10.458531684307136,-0.78841812289672486,0.5511876474383569,0.2387777718752273,0.5,1,5
0.66102390151889012,-0.7503290761898459,0.0073265984492467528,0.75029172740939876,0.6607916766231523,-0.020412836318924876,0.01047498934437107,0.018990458911122568,0.99976479087262304,-30.340565499240267,-28.64326842701475,-2.1217407264561174,,0.4161654877734682,0.9,0,2
0.96807770080534783,0.22904802769055504,0.10179669058715915,-0.23198984925523325,0.9725533852981022,0.017905937220247848,-0.094901396438436411,-0.040950137438939077,0.99464406256598481,9.5222528320439572,-13.292708244999398,-2.8378525796255101,,0.1288095222967114,0.2631578947368421,0,4
-0.99395296547199574,-0.086345962695671602,0.067837136994300107,0.074256103773681553,-0.98365578875616966,-0.164034509475385,0.080892110133052961,-0.15800526564844483,0.98411930300425809,-24.334318415626942,-0.18630082891419403,-0.0083279452446388368,,0.1218788951851977,0.2941176470588235,0,2
0.70582154836649946,0.70189972290460367,0.095669853391541201,-0.69718112412116817,0.71221891385667924,-0.081747776201911523,-0.12551662053554036,-0.0089998739576707763,0.99205069438919524,-15.794030026632987,-19.089021211969552,-1.9485743618176219,0.5634932008448604,0.2367291280149136,0.6046511627906976,1,5
0.43957786038394758,-0.89493890576358603,-0.076522281793902233,0.89799944899537654,0.43969998144483347,0.016152892044855385,0.019190994353354932,-0.075817420610883576,0.99693702131460715,3.8997813391648579,-3.2292699439737742,-1.7338085233145379,,0.1521680105759246,0.2954545454545455,0,4
0.10515205144234044,0.95880266722231788,0.26389484914419525,-0.9872541130007163,0.13252709632028875,-0.088124259452677878,-0.11946699310117984,-0.25126482855402404,0.96051737282106486,-11.05850334016966,3.190606155399708,-0.64815001860639632,,0.5846820261382488,0.2,1,1
0.41042823603754491,0.89438352487062933,0.17783917876299341,-0.90275953632904338,0.42604859776653436,-0.059226783705843569,-0.12873959231750817,-0.1362376701986513,0.98227563066013379,-16.7393148236727,5.1471654680615018,-0.1166937471000538,,0.1072730006057132,0.282051282051282,0,3
0.88066288079169697,-0.47345430969082208,0.016550136883310036,0.47371998371728569,0.88042963242418781,-0.020809598177389199,-0.0047188369927234648,0.026166371253897654,0.99964646430267501,-2.2354827215694382,3.4311996246276402,-0.86896141369921953,,0.0820272824516127,0.2444444444444444,0,5
-0.83126749775871411,-0.55444770851712721,0.039775440790412987,0.54182317689297188,-0.82416644153196128,-0.16485545679215619,0.12418531375155521,-0.11548772736810568,0.98551539443875602,-16.470608520239942,-11.777155736705627,-1.4169772435854568,0.3700177787374893,0.2742250513734787,0.7831858407079646,1,4
-0.86073419229991333,0.49911424184475495,0.10010806058230659,-0.50905295919885962,-0.84341478201176756,-0.1718039295677681,-0.0013171699585193188,-0.19883782102954592,0.98003152295807427,0.42226138577310368,19.284527382448978,0.71830234490862865,0.2780217195104717,0.188352611788471,0.5416666666666666,1,5
-0.59461910455061906,-0.8023813743956979,0.051110180260798485,0.79308274020783998,-0.59579694530494098,-0.12667188776411792,0.13209045267483904,-0.034786922660285588,0.99062706520869093,4.1110717736276969,-10.461226820720606,-2.2571399654333093,0.1913506337486421,0.1393660086786228,0.4742268041237113,1,5
0.74719384480694406,-0.65575855829821217,-0.10808363197666755,0.66406835365496242,0.74319137302390448,0.081730072414213248,0.026731628394196995,-0.13284312658732031,0.9907765256413279,-7.7747098659823317,8.7067816084419789,-0.19427686220911428,,0.1922089013552438,0.2105263157894737,0,7
0.28462604423568594,-0.95768708899381139,-0.042701926388719169,0.9547818220194898,0.28719124134333962,-0.076895144429395018,0.085905106273674023,-0.018884662301292956,0.99612433071674222,0.51447657829952009,-12.318668422612228,-2.1553115276239518,0.2912502764136369,0.2315711076816616,0.2321428571428572,1,5
-0.7479870276312961,-0.66243730219591668,-0.041136688669548324,0.6495203148399703,-0.71783552780399673,-0.25067013310832337,0.13652387009415515,-0.21421712275575486,0.96719814785428604,7.367523087000623,-24.37371487937628,-3.6232764751844893,,0.1907019538988118,0.5384615384615384,0,5
-0.59332739146961011,0.77778892028431279,0.20738129620298421,-0.80182821708037688,-0.54835950275652579,-0.23743076049728523,-0.07095151038259459,-0.30715834877075648,0.94900981657454431,-24.444644802846533,6.3087565405338557,0.84104710099201541,,0.3251154176547956,0.2307692307692308,0,3
-0.22866061582288408,-0.97056440350347051,-0.075624476351596248,0.96492968665340129,-0.21567240961407436,-0.14965330449485215,0.12893805716881795,-0.10719211903499574,0.98584219174790788,8.6217796735682146,-7.0920077488482143,-2.2868817408831177,,0.1902284631036053,0.3928571428571428,0,2
-0.51147376094143082,-0.85090429214544405,-0.11981851892294614,0.84923323670111794,-0.47926450501413748,-0.22160425067154421,0.13113924489095907,-0.21509862817325012,0.96774742500686339,-14.903456430706571,12.42725036800848,0.78803624183057963,,0.4628133307792272,0.1363636363636364,0,5
0.57540268489787783,-0.81780902846389458,0.01000715620214738,0.8165748826451722,0.57375996451899669,-0.0632847860720301,0.046013163826632189,0.04458582822041432,0.99794533551520903,23.986544818696583,-2.7191493234134105,-2.9486532649566883,0.4103261504352222,0.4180936913146496,0.4137931034482759,1,6
0.67250188915644971,-0.73988329752505499,-0.017717650082805958,0.73915668213450825,0.67266177942328231,-0.034256820620253654,0.037264035435136851,0.0099416571331871206,0.99925600079085564,-2.3794935404208424,-7.0941885925365487,-1.7027353854398022,,0.212052723579033,0.4563106796116505,0,5
0.91962112059139633,0.37136625387093342,0.12800039081227438,-0.37806982704711734,0.92522744649967292,0.031896365314229659,-0.10658424104335645,-0.077725656829424464,0.99126107652406448,15.937192822753287,13.974329796232009,-0.91636351833205909,,0.1697117988038754,0.25,0,1
0.3409397454659896,0.91216580566148664,0.22740631685051824,-0.93078639500993965,0.36148132231025704,-0.054478807670781448,-0.13189684160732601,-0.19309271504321496,0.97227487192216022,-19.156504987879199,7.1542971379778653,0.41000373614639957,0.6512101422275632,0.5039451402368404,0.8878504672897196,1,4
-0.9931179904926597,0.093669078275293485,0.070304770356500956,-0.10390335107471461,-0.98166051894354756,-0.15983341072169921,0.054043969092471625,-0.16603833690610034,0.98463725304407923,-6.6474877035841775,-11.99135305819375,-1.8762155876832141,0.2657134072799324,0.2542338483575241,0.8839779005524862,1,5
-0.29747444945471802,-0.93202354256479181,-0.20698083975718368,0.94482249266446894,-0.25623513720402735,-0.20409314495429354,0.13718385209970343,-0.25627264888592743,0.95682021307875686,13.905841649436475,6.5669969055754596,-1.5699943964624528,,0.352708316894843,0.2,0,3
0.33696981513608398,-0.94032848292801241,-0.047261907298097969,0.93727345246161664,0.33978840487475609,-0.077860870938799356,0.089273842741494344,-0.018060567736627568,0.995843359617965,6.642417826217125,19.899551459994818,0.51251233873461333,0.4935215244054362,0.3919851530185685,0.3,1,3
-0.73744537542462452,-0.67523980958394558,-0.015017250676146269,0.65466727190200791,-0.70915655840448166,-0.26173983031302761,0.16608757137490973,-0.20285012996038956,0.96502162846738127,-27.435322010689301,-5.0672023100222372,-0.37356498934362525,0.4217566542036446,0.4067308860219224,0.6666666666666666,1,4
-0.28751579686076034,-0.95576859443848761,0.061976289341962781,0.94921648949065407,-0.29298080518094782,-0.11467477436019602,0.12776041106133093,0.025858106670835292,0.99146791964482583,-26.681148937452399,-3.2616576783877758,-0.18958455913983674,,0.06768845543710718,0.3333333333333333,0,1
-0.92991538635428628,-0.36625233277609048,0.033415609490613639,0.35653743999466675,-0.92006342882048231,-0.16237099750000242,0.090213236853616915,-0.13907737300930079,0.98616380800211079,-1.8684355936181245,-10.02733390382749,-1.9085926184998867,,0.152105728309142,0.382716049382716,0,5
-0.95609183020180055,0.28048155326300866,0.084961817898052586,-0.29092753962834828,-0.94332000962851226,-0.1597138883136342,0.035349383405764045,-0.17741887642986062,0.98350036267364882,-21.704002370771747,3.6925699936261536,0.19128822045165,,0.1389049642231902,0.7708333333333334,0,3
0.27795377572041324,0.94855710967129381,0.15159521184657171,-0.95223548669317204,0.2928562732524016,-0.08650306988154903,-0.1264487107288314,-0.12031048544809143,0.98465024787802735,-0.38072907565130004,-5.6275922257548716,-1.7064537410863503,0.1523409455028556,0.1212649219368013,0.567741935483871,1,5
0.33944804104939935,0.93463627892129675,0.10597194700427988,-0.93276154223915186,0.34900428659156307,-0.090287946373556083,-0.12137105399297361,-0.068198490194920899,0.99026159836063976,-3.5302836124922194,-10.133620193938045,-1.8710561272494615,0.2515334706799549,0.2132620104166863,0.692063492063492,1,6
-0.51632572911233521,0.8423813257369106,0.15427716456541016,-0.85474161796140091,-0.49571986142920133,-0.1538784764330034,-0.053146100339954025,-0.21131852979410151,0.97597129618873391,-4.4817115840715571,17.722158923418107,0.71771235154867041,0.3407132443485782,0.2803491970502172,0.6086956521739131,1,5
0.43356685784740517,-0.89285471864479726,-0.12177943656483894,0.8983120567742795,0.4389130813663068,-0.019767540552620956,0.071100129608136109,-0.10082538568860229,0.99236032426253962,-17.278532820338718,-19.916880890210152,-1.9407531180684328,0.1878674104281839,0.1284990247324546,0.3157894736842105,1,5
0.67840118291818574,0.72042054039897563,0.14410440654766507,-0.72261401289471883,0.68970660561250152,-0.046192927409650537,-0.132668094820865,-0.072794526894059436,0.98848375478349315,1.8495414056558734,-1.9662232636577803,-1.5251010444757613,0.208928464020855,0.158650747702409,0.6666666666666666,1,4
-0.99440417136893955,-0.071650476204466171,0.0776308780301109,0.051111570993738378,-0.96941891560951932,-0.24003035926527319,0.092455131142650859,-0.23471935437483063,0.96765638188731962,-20.002513562224124,3.7740104956391072,0.023212088353738003,0.2509992294198936,0.2925822983933189,0.6666666666666666,1,5
0.35924633341019985,-0.92851315154889902,-0.093837089320049888,0.92852122887726884,0.36571896031398743,-0.064015385581147,0.093757130158588137,-0.064132436937851575,0.99352736805627961,9.309969573612829,6.745104396302275,-1.2428447868268406,0.4640516265820826,0.4017281251893822,0.7358490566037735,1,5
0.42726574916982885,-0.90350976394746119,-0.033377927406416451,0.90117803598263102,0.4285610901820554,-0.06491178201571679,0.072952909803740654,-0.0023448738923913756,0.99733262982697801,-10.314548978618152,-6.8439749664669485,-1.3326448527793604,0.1790145089436799,0.1627990402793165,0.2950819672131147,1,5
0.81012721495802231,0.55612545323979323,0.18552190124940315,-0.5548882066097256,0.82949987083636256,-0.063474738659574384,-0.18919031093002944,-0.051521301820638639,0.98058787556695093,-14.864246261537186,-7.6293874630997278,-1.214384114885166,,0.1574333394874964,0.3611111111111111,0,2
0.99187090170267178,0.0913901749932364,0.088543493664046222,-0.091274104857600458,0.99581134222799839,-0.0053673524681237192,-0.088663138552462287,-0.0027580073928365413,0.99605785035671934,14.624087966645792,-11.684114986792508,-2.9923564571356502,,0.1470433538025542,0.1428571428571428,0,5
-0.92471569521881758,-0.37706814708841879,0.052158369101080349,0.36595807631691452,-0.91833053143198673,-0.15081021655798882,0.10476435173474485,-0.12036879783046212,0.98718578956265746,-11.55474258521666,-4.2126166291093678,-1.1310250658404475,0.3865781215734747,0.3493616161338167,0.8119918699186992,1,5
0.98847991419961367,-0.032716007351019157,0.14777388837996008,0.013684251558571574,0.99167794283826183,0.12801405761616788,-0.15073221448385404,-0.12451714962639435,0.98070142192499754,0.76227064959331747,-13.654448484472569,-2.2906871089135712,,0.5911346967884432,0.2608695652173913,0,2
0.96973795449190714,-0.24187948610429921,0.0332056293385911,0.23984233648270867,0.96921400818008929,0.05567638617943254,-0.045650336782623882,-0.046027389122198004,0.99789655085195461,-8.2616995879898916,6.3571904122794667,-0.40602352387138935,0.2282119569250106,0.2255110808986708,0.5234375,1,5
0.65832422323289119,0.70318295013841736,0.26859440749844704,-0.73874075534063854,0.67203849646656222,0.05124798206470934,-0.14446907455768049,-0.23215942346067703,0.96188912489686296,-16.099978885194833,-19.754603682648423,-1.9825676709925941,,0.1897576603582405,0.2903225806451613,0,2
0.35535612291928559,0.92526690429992897,0.13267698259682864,-0.92526738920762353,0.36834365640605027,-0.090571569790578926,-0.1326736008883517,-0.090576523407819326,0.98701246650418284,-2.9262193544492616,-16.171920510571134,-2.3033391687293459,,0.073193692423007,0.2592592592592592,0,5
0.89785558331266202,0.42277744698622693,0.12294137559864993,-0.42651746311934974,0.90446775426348502,0.0045754947058242448,-0.10926209392334708,-0.0565447771007812,0.99240338724437538,-4.0731901663384686,10.566009585747665,-0.11089770764218518,0.5499921574860447,0.5646712875134365,0.4305555555555556,1,3
0.52367006638267355,0.84283470881806022,0.12409397723637271,-0.84240051561223273,0.53401099072849034,-0.072066865322561291,-0.12700800317700539,-0.066797570260836214,0.98964996424808616,8.3590750355564634,-4.4584103236059427,-2.0935589914828152,0.3612601977648049,0.2268285924636493,0.25,1,5
0.44877446673988108,0.87053345337308585,0.20192321451647441,-0.88716007437647049,0.46116756668382486,-0.016476585546074271,-0.10746385641075944,-0.17174394311663774,0.97926275205793378,-22.30549981151125,-17.887188502427154,-1.5257085634427709,,0.3307737456526559,0.125,0,3
-0.9965161636019283,-0.061216011676537646,0.056640406023555946,0.041178475905975225,-0.95173731494767644,-0.30413881116728453,0.072524952962110062,-0.30074687571212783,0.95094239991034069,-15.347227859546926,6.4820514501319737,-0.065857504069003536,,0.495256847570664,0.3333333333333333,0,3
0.66840369885317497,0.73981407708732205,0.076887103618412708,-0.73244242689940275,0.6726669844244515,-0.10510575313953106,-0.129478131887618,0.013937697397675185,0.99148431856189423,3.8145414263454702,3.5123467823083989,-1.2296051573745541,,0.07589316493980899,0.425531914893617,0,5
-0.98181947553467686,0.16996544676317438,0.084511918493231281,-0.18390004303994734,-0.9620319947957594,-0.20168097371640561,0.047024372730719022,-0.21355605328785801,0.97579840155300313,-20.688792291004649,-0.50060062146150563,-0.3924710758635726,,0.07648705516749901,0.2222222222222222,0,1
0.42183051866282972,0.89167421687335757,0.16424403942893381,-0.89759780442121428,0.43626694875032435,-0.063161150451035306,-0.12797341529733608,-0.12078178832658101,0.9843955325913305,-12.924587020477873,9.6885262053295058,0.22495699108652728,,0.1162670178959917,0.3157894736842105,0,4
0.78021968928268826,0.60922675833450812,0.14177444545775145,-0.61282844379982571,0.78991417924080698,-0.021837763260161718,-0.12529379444134495,-0.069845159914984842,0.98965808171860092,5.7884454689066516,-24.576693950633693,-3.5632903563651972,,0.2069159631662958,0.16,0,5
0.76867348727380291,0.60233278598103512,0.21525864650382162,-0.62642407489605845,0.77694089051121906,0.062894602648028819,-0.12935976326876134,-0.1831886120476944,0.97452962195260728,-8.2675915138798235,-20.78843385310925,-2.4187664298930147,0.6655488187411328,0.4415589491686863,0.5,1,5
0.8303349240336394,0.53674649681518338,0.14982360323620433,-0.54447691270363929,0.8386756741023631,0.012961682053723896,-0.11869627400540005,-0.092338030223610534,0.98862777763507115,5.6761794007191861,-7.8584432591759326,-2.1629743088528546,0.3014780872471218,0.2817770885911494,0.575,1,5
0.97376097923865723,-0.22730588205553923,0.011026844295829671,0.22466974909442883,0.9679235808202431,0.11246086223199966,-0.036236158102337872,-0.10703260099180838,0.99359496937681346,-1.218668149248181,-6.3647156291540581,-1.722681946792034,,0.6870479824951727,0.3699324324324325,0,5
-0.82587857302369427,0.55762117018581092,0.083565622004224627,-0.5629124665354317,-0.80686882890636447,-0.17914309352656685,-0.032467485879609723,-0.19499057284873683,0.98026758533615621,-2.922349819769277,-12.546169207309882,-2.0472185148635322,0.1590855462391459,0.1393068419400789,0.4036697247706422,1,5
0.85720817218652712,0.50150864830157682,0.11697531882990728,-0.49817379507222398,0.86511306509021346,-0.058328848038975055,-0.13044929834986049,-0.0082740732980428125,0.99142045584660377,-6.6512586132664957,1.7026509722822196,-0.79852177417304959,0.3180808667010682,0.3486478638311083,0.7129521586931156,1,5
0.46138308597397992,0.88199506928274818,0.095970546200628296,-0.87738309910945944,0.46964812511833171,-0.098130199072030008,-0.13162273881897227,-0.038927321173640624,0.99053526857554974,5.9240275896439929,3.6677381564797784,-1.3122270901494364,0.2813422331801102,0.2710566084370884,0.88,1,5
0.39061459713005908,-0.91652403157323825,-0.086046127499484232,0.9175696830591612,0.39516435422550256,-0.043715098996235005,0.074068301179591525,-0.061877562155255021,0.99533163019271631,6.3722474903148889,4.587903826388974,-1.2683381830938327,,0.08964332786424947,0.4042553191489361,0,5
-0.50599115125936722,-0.86098606316658788,0.051729622849199151,0.85253602589163968,-0.50833017722754537,-0.12158435539452339,0.13097816384462543,-0.017419240876473334,0.99123220823537495,-1.3869573252045031,-15.759316251391979,-2.3291454265146627,0.117931478495991,0.1168047713470161,0.525,1,5
0.97659071050138724,0.19519203935879564,0.090391658538544542,-0.19813994385039169,0.97986023084041385,0.024788922290687646,-0.083732591106200113,-0.042118829379797371,0.99559773874708879,7.7805781012997315,3.2157167811355567,-1.4619903155220424,,0.07139934205761035,0.2631578947368421,0,3
-0.53349596771582197,-0.84236221562935576,-0.076209908220392308,0.83542627094915445,-0.51073711142075673,-0.20300381480546334,0.13207951483461741,-0.17196947606358384,0.97620771409750084,5.4425044838193903,-2.9777854177227914,-1.7954490982064251,,0.2244618986279548,0.2604166666666667,0,2
0.66382230222547434,-0.74742308621325293,-0.026432579585203363,0.74749902180144967,0.66420361564675179,-0.0088752108515203782,0.024190152416799286,-0.013866764483435677,0.99961119910133767,-4.1493472943918288,9.456644465040652,-0.22706354253646505,,0.1560500666783146,0.296875,0,5
-0.70930277241963224,0.65846295978708813,0.25162692150533311,-0.70422378657358287,-0.64625509425390826,-0.29397825017309909,-0.030958608847758154,-0.38572125134519059,0.92209580890431986,9.4474979548510696,-18.851553473122411,-3.2511742860242752,,0.1991942484435242,0.1363636363636364,0,1
0.53016809227652684,-0.84606243715129859,-0.05567895808537255,0.84557859733749319,0.53242816731894282,-0.03894974159284792,0.06259895891008134,-0.026431025084098517,0.99768871460810737,-16.489704678639928,13.001114399123365,1.0091663915481333,,0.1718016902097507,0.25,0,3
0.96482427705926666,-0.26197014224047227,-0.022039940371267892,0.26271410485141056,0.95764893448779709,0.1178550694137009,-0.0097679838853486894,-0.11949963535045986,0.99278619231026866,9.6359090958174924,-6.821814259562915,-2.3232312441757692,,0.2375916765662363,0.3666666666666666,0,4
-0.55363536582584827,-0.83271119989619768,-0.0089408765965488367,0.82253266381662071,-0.54512761476640692,-0.16209842865932689,0.13010725829719871,-0.097097585894416569,0.98673408786352534,9.905770676605977,-17.569643988025398,-3.1878510281996584,0.3435997653740058,0.2858738911387475,0.5813953488372093,1,5
0.94603832880443728,-0.32385515505631735,0.011371850172911086,0.32280948897617268,0.94489597625016686,0.054457578840652582,-0.028381583110334639,-0.04784801573411588,0.99845132737177433,-20.908763589871192,24.339700625857454,2.9474403761045722,,0.3610287904733925,0.45,0,2
0.93263950570714416,-0.35749939141164966,0.048762050147992196,0.35985625265159021,0.93145934588372858,-0.053730479184656274,-0.026211253726027416,0.067658496186051117,0.99736417524992005,-7.2897350942407444,2.6148520124569061,-0.728492019718882,0.427769951499324,0.4157161217189792,0.7115384615384616,1,5
-0.82872825575578568,-0.55925974422149938,0.020928846248068757,0.54586876119526773,-0.81600203459722287,-0.19017879767296891,0.12343732686313344,-0.14618213990257251,0.98152636658950143,-3.7783480353490493,-23.76730040602488,-2.8690709176526035,,0.1629347144474372,0.2916666666666667,0,4
0.69131214860877044,-0.72251018825898572,0.0081572696345095456,0.72030106056010546,0.68821931383187218,-0.086721152118582431,0.057042925432629399,0.065827075969937171,0.99619922742759415,-11.545101942587433,11.665461930174862,0.42090666540961724,0.1717189217230796,0.1240919422499821,0.4210526315789473,1,5
-0.11800909718735124,0.95981834386152565,0.2546028274940097,-0.98825920217107843,-0.088461616037739624,-0.12457243600481942,-0.097044331649043677,-0.26631426787708862,0.9589885861781049,4.1614744757848756,-12.155865318233344,-2.386263448749776,0.1143786256218466,0.1424060276583974,0.2857142857142857,1,5
-0.88736947302335067,-0.46056838909625797,-0.021264461233215768,0.44539306405518608,-0.84438562440141252,-0.29772123840225101,0.11916558579469917,-0.2736597819730095,0.95441599258011778,-26.914232199519095,-22.331915534882665,-1.6908007938689544,0.3942935082168794,0.2370885446119378,0.3076923076923077,1,4
-0.72775636503017516,0.67864012260862094,0.099087118960151405,-0.68540407626838185,-0.7145424718023996,-0.14017955708734431,-0.024329516903412486,-0.16993128015840334,0.98515553829381375,3.2402633730985997,-14.685765425959449,-2.5325022561347175,,0.07917911680748514,0.4736842105263158,0,5
-0.68256308833226798,-0.72948796690185747,-0.044214664894261686,0.71942273275558499,-0.66003546776420652,-0.21629635430994351,0.12860234072832277,-0.17944494263890762,0.97532607394681936,27.221176909316789,3.3120198937217125,-2.8096320764077665,,0.483988138594563,0.5853658536585366,0,3
0.82116575023339133,0.52690946572347108,0.21921045954661547,-0.55821215708575145,0.82147665685065252,0.11651304618431654,-0.11868444854025639,-0.21804246646119704,0.9686957646723835,-35.589736535016868,-12.591025737751096,-0.55576241021344719,,0.5633328865810725,0.4074074074074074,0,2
-0.092292898349114402,0.92806435844241286,0.36080267114198517,-0.990060193498287,-0.046911231735162248,-0.13259015644920025,-0.10612650076419898,-0.36945349223679202,0.92316915184032466,-18.388448238007253,-11.642165201459232,-1.3257908514775079,,0.2580708016362494,0.1428571428571428,0,1
-0.99656035329078974,-0.035781689705751588,0.074747126571796954,0.017105951366563385,-0.97137457114551728,-0.23693633946634218,0.081085440596840141,-0.23484274145407655,0.96864546564238485,0.44716492483347492,9.1956304043406814,-0.46392083124978906,0.67519258528377,0.6953862597211264,0.7392344497607656,1,4
-0.95563484281353595,-0.29363452128944606,0.023255431792732952,0.278966326339528,-0.92758100939791732,-0.24853824609699268,0.094550705811096605,-0.23102432536739334,0.9683428758033823,10.245489973030631,20.544364319769841,0.39151097986288735,,0.2954698428459465,0.5,0,4
0.4238586621948689,-0.89901613770731192,-0.11006279400507642,0.90431553984745938,0.42684594949874483,-0.0039924662695470549,0.050569149417156477,-0.097839253565952064,0.99391661702020218,7.2908681997004576,-15.150873660776112,-2.8455684788462117,,0.1803679620404064,0.1666666666666667,0,5
-0.86764996292319552,0.4897182979235789,0.085787706101800837,-0.49716155041863386,-0.85590731105230788,-0.14231327300201913,0.0037329110244555758,-0.16612845501610998,0.98609705496428823,-4.6384097476671027,7.2083962695760295,-0.41878346487955498,,0.0779086198988069,0.3220338983050847,0,5
0.54535606527836988,-0.83807600315469943,0.014675660132987375,0.8371247225335795,0.54368164979118283,-0.060269914579461528,0.042531882008352978,0.045153921386542749,0.99807422689710079,-6.9855792185208632,6.1422666590120514,-0.45139265855896971,0.216919680618329,0.164580059764604,0.417910447761194,1,5
-0.99482775590894112,-0.003867126389704577,0.10150261773307261,-0.038603781380650647,-0.9099024779587368,-0.41302206801533692,0.093954691933373705,-0.41480420192909895,0.9050469545419555,-29.842953899233805,-7.8808738403348775,-0.50973542889663526,,0.4937472836055349,0.3846153846153846,0,2
