axis_00,axis_01,axis_02,axis_10,axis_11,axis_12,axis_20,axis_21,axis_22,location_x,location_y,location_z,dbh,dbh_approximation,score,reconstructed,number_clusters
0.82642149446757529,-0.36920330099050763,-0.42510755817756385,0.51472154300328499,0.80142306999477753,0.30460268555687797,0.22823068735447388,-0.47054222490426673,0.8523501439736173,12.6425254680984,-23.586107587696151,8.6674281031488043,0.3805348699840206,0.2996724703731403,0.3,1,5
-0.85803858619747908,-0.36971351663530672,-0.35648520335826889,0.36209162698073832,-0.92772715458110422,0.090619977506563587,-0.36422443392319703,-0.051324869897575828,0.92989586484902942,-6.7048411435767763,-15.748576401213288,-0.075195514543951292,,0.07096759728041249,0.1363636363636364,0,5
-0.66565522870228766,-0.61920644031616756,-0.416517107418514,0.66607436838042766,-0.74466990414463341,0.042563712806065669,-0.33652347954922834,-0.24909861126108926,0.90813095398179078,-7.9928343474327281,11.697698981392852,-5.0221426628079868,0.2108276023325084,0.1350881359517093,0.2388059701492537,1,5
-0.8704447742882806,-0.32650217020606226,-0.36840497793183546,0.33168319504632637,-0.94200170816106332,0.051176556600649278,-0.3637473753006133,-0.077647373892299074,0.92825574724293769,-7.3167801619870971,-12.02450357019524,-1.0195190753494578,0.8633296905992625,0.5951986046008805,0.6045454545454545,1,6
-0.93861269244384538,0.10961408555917326,-0.32709473525317279,-0.14454829048754422,-0.98589157298947749,0.084401410091680076,-0.31322835966822277,0.1265012195805309,0.94121487246228452,-18.152674133850923,6.4134147360354481,-7.3644592579655672,,0.1384699379307005,0.2698412698412698,0,2
0.85889569897486218,-0.28872643811527449,-0.42300735480101287,0.4544593971050791,0.81049334224764746,0.36954999466259808,0.23614579112355866,-0.50964456840577133,0.82734368869842989,25.603187323969042,14.579362694885706,6.2527367181141624,,0.1586407419202973,0.5,0,1
0.91627857764338128,-0.17527484013903921,-0.36015593645816435,0.28935807491408505,0.91139887218640181,0.29261578949087902,0.27695752857403577,-0.37233160783311148,0.88581245259624419,-20.426272790384786,3.0374016407189082,-7.6595438114294376,,0.3099646961063396,0.2380952380952381,0,3
-0.59364690923306385,-0.70148731982081225,-0.39433347218901366,0.73516591790817498,-0.67204969239678303,0.088770964259826141,-0.3272833944829166,-0.23720192048126962,0.91466979211939492,-19.153824912151428,-1.0719918604036638,-6.5541184325453878,0.3033443510023743,0.1766882031526942,0.6451612903225806,1,3
0.54573252204978284,0.77954883583605417,-0.30737538438176171,-0.77944521908049325,0.6069076038601835,0.155332903240918,0.30763804190923,0.15481205677641202,0.93882483043798548,14.83562008986585,-6.8068873013480156,6.0299798570822984,0.6777371264777118,0.4956218975203227,0.2631578947368421,1,5
-0.26029592839442472,0.96534006363464242,-0.019094271474630525,-0.9638524962528574,-0.25862832865175744,0.064029314270355742,0.05687174279392114,0.035070631027413035,0.9977653309826513,-28.747100316389659,25.69578212257364,-13.792047098292873,,0.3611636805975244,0.1764705882352941,0,1
-0.92704806290333808,-0.16820944667492913,-0.33509322750017267,0.13615931665341868,-0.98373892202210023,0.11712546173770252,-0.34934585950837088,0.062954867548984064,0.93487654537711429,-5.8643503486985118,-2.8976157588160776,-2.3175609347876978,,0.08598375811561766,0.3878787878787879,0,4
-0.2700614841425461,0.91845504580457005,-0.28897599142290747,-0.96127935791093166,-0.24009494443574675,0.13526423662869685,0.054852446044582025,0.31431631598204152,0.94773227373051161,-3.527110177669889,24.803247826071829,-5.5006002821642515,0.1463870630367912,0.1278868563405311,0.2608695652173913,1,4
-0.42617767234626247,-0.82351525551891747,-0.37442651551557304,0.85781493114365126,-0.49931396420342017,0.12181588179904287,-0.28727362479095525,-0.26927344666542508,0.91922014524290541,-0.84537535673036235,17.294170652135186,-3.6303279424305575,0.2228032239997679,0.1296927245563598,0.4047619047619048,1,5
0.91549518287449494,-0.18275904758764341,-0.35842391195127227,0.29038703367123059,0.91676470274894439,0.27425872906666809,0.27846712698130005,-0.35516420191018411,0.89236452690158174,-1.9039551070884997,-9.8935793469085205,0.36527087464141716,0.3158984465946085,0.1657786765623236,0.1964285714285714,1,5
-0.94135190114004996,0.13330893846384678,-0.3099763299764261,-0.11696657729623694,-0.99060809968380548,-0.070812517512381434,-0.31650500472443605,-0.030402627624601962,0.94810350817719435,-2.7183445308683085,-29.054571433935362,3.7562369713948454,,0.2525859526300104,0.1904761904761905,0,2
0.73934375018179277,-0.4528304739960699,-0.49831253334390152,0.65342315924956085,0.66114611610946539,0.36867870579908929,0.16250844292972985,-0.59818924678889307,0.78470416782548769,8.5608001703380534,8.7573762835182638,0.61514158124839702,,0.1816378696140837,0.4857142857142857,0,1
-0.56121915846166448,0.76736644134306597,-0.31013190883245245,-0.82450478541606154,-0.55106726195620759,0.12851743705078775,-0.072283573525357289,0.32783169081186775,0.94196680806588762,-8.8450487586574926,21.966602401888121,-6.6400307952412341,,0.09444896067899533,0.28,0,1
-0.55707618261442826,0.77239945236727492,-0.30506591541250599,-0.82712019098562573,-0.54896223122259857,0.120468495279922,-0.074419865813092428,0.31943630769503978,0.94468096672819757,2.6124218490790243,-4.38377419000886,0.60379607469108865,0.2791505863590812,0.229455306922172,0.7580071174377224,1,4
0.51410793760494067,0.80756432805334388,-0.28902056076920679,-0.80048239089025719,0.57277356718085848,0.17651737198795228,0.30809247047958327,0.14060688743680722,0.94090846145580054,-16.027323755168236,6.1326392011953432,-6.6727380857910523,,0.1011322678449833,0.3333333333333333,0,1
0.84612952131382813,-0.40362042053172681,-0.34807382735710635,0.48049567823130568,0.86026741537673534,0.17048131053599233,0.23062683356944869,-0.31149723942729246,0.921835524085998,-1.2366244303496083,-3.1211060690311294,-0.96332582469616623,0.3022303976457987,0.2809771879310744,0.8408551068883611,1,5
0.27832785530838428,0.91394158811472903,-0.29537159388431633,-0.92802808979477969,0.33516023513222615,0.16257761634973819,0.2475832577362348,0.22886325677232963,0.94144789563112607,4.3686322584519557,-8.5951555146867733,2.120467072810134,,0.119260261983473,0.392156862745098,0,5
-0.47168541898847799,0.85440757426689851,-0.21794623774917415,-0.88104125183305171,-0.46669943833352773,0.077187737546969809,-0.035765599143788622,0.22842795646445124,0.97290363891978626,-0.62232618849153987,-4.2357723965543936,-0.54930866233269682,0.2992811665358329,0.2410121099388096,0.5358490566037736,1,5
0.80114282219677102,-0.48881544565518759,-0.34529645021562694,0.57128088818321987,0.79655740823565957,0.19782427096157892,0.17834888628523651,-0.35574675750287432,0.91740717202723399,18.55018667687537,2.0285299964649255,5.700753389506044,0.6274959792221492,0.5937892994887038,0.3333333333333333,1,5
-0.39983794488017343,-0.83017088334481381,-0.38851759584411621,0.88093709584930679,-0.46512090237542936,0.087248950309196882,-0.25313919291684117,-0.30737412158468858,0.91730131275903715,-22.426055721837454,22.647429434882294,-11.292328410357884,,0.2866593754621107,0.4,0,3
0.56952273452854574,-0.6927170353720391,-0.44247820710234043,0.81841891988972526,0.52790946407427608,0.22694067354122915,0.076382762595129119,-0.49138040930239035,0.86758916944147724,-5.1687219793530739,-27.893671873757402,2.7997064348373164,0.3568094608742488,0.3199619086192053,0.4583333333333333,1,5
-0.70299425200365506,-0.55025028090401573,-0.45058152427154863,0.63069403340003105,-0.77512903479555795,-0.037416783005838734,-0.32867022664582957,-0.31048286229992988,0.8919508250652729,2.3449122291572442,1.6006696695058618,-0.44344091846891953,,0.09736309327113477,0.390625,0,9
-0.93694679720885665,0.15434290219804106,-0.31354260913175974,-0.15688502234068866,-0.98746583589523396,-0.017271731380729679,-0.31227838376235273,0.033007445838967558,0.94941704195467236,-1.0268063385507276,-21.485586404193835,2.8503035175876463,,0.121507523895016,0.25,0,4
-0.82589466557609692,-0.4220261226541186,-0.3738876210447159,0.43315021087957856,-0.89942607711814637,0.058426249364799579,-0.36094167975993419,-0.11369557422077595,0.92563190319623512,7.5261848698082776,-14.980955412069321,4.9136740086719577,0.3353440206575287,0.1680180177945914,0.25,1,3
-0.70865460025671489,0.64193371500136931,-0.29279645332472293,-0.68908016286383478,-0.71885393824321131,0.091747177721039505,-0.15158227694076404,0.26677728729553829,0.95176293912963839,-0.540687045613919,-20.277972484447744,2.8900786449640412,0.3070647859187496,0.2737366325359492,0.7538461538461538,1,5
0.26371624780082614,-0.84807510413913723,-0.45958933667486851,0.96300131372822195,0.20405212229649955,0.17604317977136669,-0.055517658484239153,-0.48901058181361157,0.8705092994740159,7.356994619237458,8.7630070967844986,0.16700155714145426,,0.1394497650900809,0.2857142857142857,0,1
0.22181041531649129,0.95243596754513926,-0.20896379443214641,-0.94837660757620323,0.26053982103764123,0.18083365797308351,0.2266758696010184,0.15806558569160012,0.96105843774486155,-21.446623595783127,7.0350323004411397,-8.6019225737163403,,0.2048693247202096,0.2142857142857143,0,1
-0.16913035346445421,0.9809092219688742,-0.095979277937522839,-0.98164684820804937,-0.15894608449765774,0.10538314678385566,0.08811577009930173,0.11204124454540351,0.98978905357683444,1.7342273197747191,3.9961899766901614,-1.0247190712105503,,0.1854167897667732,0.2127659574468085,0,4
0.80240146262188661,-0.4779870870693641,-0.35732371510606542,0.56359087350605275,0.80383093665508154,0.1903185555244106,0.19625804463242011,-0.35409627203792726,0.91438427919879561,-7.3370572158215683,-22.794989096575719,0.99248841204267046,0.3095696126294261,0.2936904882451049,0.7115384615384616,1,5
0.4981041244393245,0.81025106421727144,-0.30884542112732205,-0.81205774324911639,0.56078040651428174,0.16151643042993849,0.3040633204542868,0.17034831553160654,0.93729768406299729,6.1209233820492832,13.431654493984725,-0.9841719117578448,0.3318529196978422,0.2860683237422006,0.8,1,5
0.7488085068817476,-0.53094420404350606,-0.39671661449217671,0.64123782769725779,0.73173802977050395,0.23102706360442257,0.16763015346777152,-0.42738473063527627,0.88839316953035097,-6.3349019395191242,17.362334912420188,-5.2788730329239009,,0.08322783524285045,0.2,0,4
-0.2842641918226409,0.92670096013907111,-0.2458031727312418,-0.95766452938411062,-0.26227914862159679,0.1186941336285849,0.045524920724047395,0.26913747170480423,0.96202520908623568,-7.5415816506759388,5.7497813142539123,-4.0057912431645599,,0.08625752967628378,0.3157894736842105,0,5
0.29337473421872523,0.92193521269968537,-0.25291644649266642,-0.92318329760288342,0.34192990991104949,0.17554639197456334,0.2483220979879916,0.18198736300250934,0.95142878627789862,-12.611499919020787,-3.8457881148412008,-4.1798097637845748,0.5722823181274457,0.3908580656586528,0.829971181556196,1,1
-0.7796246125670302,-0.45125584749879299,-0.43422761724452053,0.51251246652574822,-0.85821292096806467,-0.028311727943660568,-0.359883918973051,-0.24461958707676734,0.90035816344552033,-16.470954248103975,8.2239609122837418,-7.0848539098738224,,0.2448578473272246,0.25,0,2
-0.82805917564064635,-0.40075914961045656,-0.39205880380478081,0.42410942372809918,-0.90513148691024337,0.029465031964515994,-0.36667314919741717,-0.14187704327041128,0.91946816489234329,-9.0905399510186253,-15.58521017111088,-0.90329006456142635,0.2151680860231973,0.1092077171232554,0.375,1,5
0.90624249324688111,0.34488726587128565,-0.24449400253075043,-0.2239976432929624,0.88220241497508745,0.41417865083961414,0.35853814194988548,-0.32058021282036958,0.87674325085236404,-24.39620211390169,9.1042561064141356,-9.7745555686872816,,0.5734389553084277,0.2666666666666667,0,1
-0.020656931142133253,-0.92251167184802896,-0.38541601744082282,0.98680753875575766,-0.080727295571596969,0.14033526001864435,-0.16057450809700047,-0.37743253576480595,0.91200905055572545,-4.197479667822039,11.667255277660923,-3.8251074278228039,,0.08181540026028823,0.3636363636363636,0,5
0.51398004877214076,-0.77850740134598173,-0.36020929404127633,0.85631184698634022,0.49039969419143908,0.16198197630534664,0.050542360204394336,-0.3917069899637608,0.91870076947747237,-9.6172636667622857,2.871940245039422,-4.3095539950385229,0.1063527071004959,0.08423418333629198,0.5406976744186046,1,5
-0.26829360111079487,0.91711537932880283,-0.29481846041519899,-0.9615046288801522,-0.23606677930395392,0.14064609611041287,0.059391853355850309,0.32120376197617129,0.9451458887639056,-1.6488646500979371,1.3698254258950262,-1.8312549631290924,0.6811584720782847,0.4942809554756451,0.9689737470167065,1,5
-0.94261810669430124,0.036296181901273837,-0.33189409773516726,-0.039581845725042308,-0.99921138986466385,0.0031425871070628552,-0.33151829877255651,0.016099240482586961,0.94331141837403532,-3.6554457583564175,0.44849678777100227,-2.2079939385842113,,0.08484098378722246,0.2129186602870813,0,5
0.85210458039511494,0.41840958463242084,-0.31440611246823641,-0.37457427491452361,0.90710149759883019,0.19199214990779545,0.36552961116976973,-0.045828948729854178,0.92967080776820821,8.0910657700313333,-18.49456006992207,5.7268859088848059,0.1292457901898499,0.09492830063611797,0.1904761904761905,1,5
-0.93316111764784671,0.13951205853607213,-0.33128041601224839,-0.19237935898532874,-0.97234564385433309,0.13241650619879475,-0.30364537003981279,0.18729744899631978,0.93419438815101818,-7.5212472750430264,8.0880768526301043,-4.3885613597721855,,0.0770330053559158,0.4,0,5
-0.94400777047784945,0.053014357383248431,-0.32563600413449245,-0.091209350730372993,-0.99047393908602321,0.1031611861639751,-0.31706495173194682,0.12708600986204474,0.93985050006932525,-1.4342369857752935,-6.9726174109462731,-0.14937384065684844,0.1508994046831704,0.1445815473499768,0.6607142857142857,1,5
0.75816579898744807,0.62575917926907654,-0.18333049611621549,-0.55708122288752859,0.76772326040923633,0.31664097418487813,0.33888808233967377,-0.13793638021604321,0.93066020794973037,0.69844303450265155,24.054966500822651,-3.983117930895018,,0.4657950115487273,0.2666666666666667,0,3
0.90217637869679412,0.32935404906781945,-0.27857439236974363,-0.22848665269201418,0.91261619701283903,0.33900667617529739,0.36588472400899497,-0.24219328502759194,0.89859377998315049,-0.092750652489837798,15.213960697809991,-3.1052235066068783,,0.3048922274211902,0.3333333333333333,0,4
0.73688427322400452,-0.56653926891523954,-0.36882899106783462,0.65653127296029157,0.72980105645204985,0.19067539334327152,0.1611466893866266,-0.38265346565588326,0.90972966848469472,-22.987916859960627,29.203452313522408,-12.429450956733398,,0.5442165039712115,0.8333333333333334,0,1
-0.55648503765396617,0.78346145976229375,-0.27660900913455366,-0.82802662848891206,-0.55041186950384147,0.10685820709038435,-0.068529594924740825,0.28850461863967097,0.95502292100400898,24.43131529636193,11.008610237703317,6.4748311787019688,0.3936611893343914,0.2777533284103192,0.7,1,5
-0.91041426334538278,-0.15698980865217887,-0.38275327441660983,0.2080876052819321,-0.97341724576709177,-0.095699603819662846,-0.3575547756992139,-0.16677249660109392,0.91888057806883905,-25.894550737618907,9.3980941991076623,-10.299607203770282,,0.1057744417984087,0.2857142857142857,0,1
-0.82121936460466638,0.4783241360648417,-0.31113465904031246,-0.52783402446649053,-0.84393193359260987,0.095760817029447429,-0.21677176433709452,0.24286809654720393,0.94552900001307316,3.558757913059321,17.713607041119044,-2.355412275066135,0.3618665731367315,0.358995700392138,0.7702702702702703,1,5
0.5178083607927606,-0.6945725948861099,-0.49944310179067503,0.85404985595884197,0.4536329609718609,0.25458982748056525,0.049732735997491256,-0.55837805038618638,0.82809456453784691,6.7682069454960301,-12.497685191706582,4.1111531513108917,,0.5743539339209868,0.3461538461538461,0,3
0.88395524487954746,0.34341341085344518,-0.31731743459183204,-0.30308640886481392,0.93760450189461109,0.1704007828279803,0.35603616924600451,-0.054452063991740046,0.93288435452400509,-9.8033461046940484,4.3973502249266847,-4.5790913728943519,0.339672820079912,0.2780206107880445,0.9161372299872935,1,5
-0.76368400114032819,-0.5340345066857618,-0.36275872432126921,0.53942923503038454,-0.83655050804173325,0.095913231045839778,-0.35468697015373135,-0.12243526111383665,0.92693406455861427,-1.8842317889662716,18.829762985586388,-4.0761356715055461,,0.0781257133739672,0.2105263157894737,0,3
-0.35511332864015438,-0.7647500868810081,-0.53763540474712035,0.89553976101850163,-0.44326853111661857,0.039006996252462879,-0.26814745991158295,-0.46762197760285557,0.84227467361055086,-24.308719522106099,3.4399261053292101,-8.9035731380505982,,0.3482586334338529,0.1363636363636364,0,2
0.70848471736175511,0.68384274383873556,-0.17438035142739855,-0.61244633467405329,0.71854872293927596,0.32954092296200876,0.3506549477893488,-0.12667610059298712,0.92789777083976466,-11.048988658484715,25.955730330779396,-8.0891076329700962,,0.3964059553143482,0.3076923076923077,0,3
0.86246768730470469,-0.33721480876888593,-0.37740649319035136,0.45281629241403271,0.84722142625536778,0.27780075633127832,0.22606833851666228,-0.41048998482397198,0.88339746359129423,-6.4087026615164069,28.019541894448565,-6.7832226249716214,0.2662474397266071,0.2519524836336219,0.6176470588235294,1,5
0.58472134026913181,-0.66551094233530617,-0.46389237961605306,0.8077322835728592,0.53069214291526001,0.25677696065298539,0.075296163966338384,-0.52484381970256966,0.84786169427093028,-18.873912439992196,12.024844260349182,-8.4128409833877438,,0.2375610511564439,0.4285714285714285,0,2
0.35437219067402342,-0.86211222775776175,-0.36219174097077839,0.93495285786494953,0.31968344002551596,0.15383644478346614,-0.016837578420238773,-0.39314756125913103,0.91932121210648732,-7.288139948499917,-7.5521377081518271,-1.8919072706742746,0.1240179956553552,0.1022937495125442,0.4606060606060606,1,5
0.47809683900085637,0.83271566295054822,-0.27929918942635651,-0.82412767113339191,0.53527717095934568,0.18518080873031226,0.3037054398749589,0.14164383123380278,0.94217834344871754,4.4943065547259629,8.8288890820071018,-0.82969501496657994,0.372819249245424,0.3582023938938737,0.7438016528925619,1,5
-0.88535369894844174,-0.28449621828896154,-0.36771011617521632,0.278780601606474,-0.95781316692139706,0.069823444772766169,-0.37206209686857905,-0.040692002301222593,0.92731545712474417,14.140593080752652,-17.778789374269149,8.1028367619610258,0.4023126197905268,0.3419561416032075,0.3793103448275862,1,4
-0.12093695453058592,0.9817518724259422,-0.14675664897040996,-0.98462929240465946,-0.099872502860192822,0.14328516919465509,0.12601352930367096,0.16182936742321502,0.97873992780096375,15.452561550176565,0.94298917475273025,4.7237944629536583,0.8810035743477723,0.5078085253584936,0.375,1,4
-0.46298119064589144,0.84346939577296032,-0.27241107815672677,-0.88607652757863542,-0.44831117930791287,0.11783664023442138,-0.022733331966539136,0.29593321020450863,0.95493807690119559,-12.657903032593172,12.824672172880591,-6.5915378855277345,,0.1094323861907767,0.2777777777777778,0,8
0.83004297425717044,-0.37457647521420723,-0.4131841297804299,0.52446866111659196,0.77619521846317852,0.34993371706863025,0.18963460758226597,-0.50716215064907932,0.84072901017873847,3.1785596873199014,-15.502082282784531,3.2485953502645146,,0.5867854173604113,0.4464285714285715,0,3
-0.5201873586492658,0.8181055043961647,-0.24517033992348811,-0.85084028363452591,-0.52129192766001675,0.065768821649964324,-0.07399948409429126,0.24281291117484308,0.96724659033804739,-4.1817218961065299,14.052589905966816,-4.1549254328148422,,0.1438043527284756,0.25,0,5
0.94192470823131169,0.063784406945537456,-0.32971107572231373,0.010136108994748566,0.97594975077384838,0.21775982930492524,0.3356711237473457,-0.208455351082839,0.91862465854511288,-5.8918421606711613,1.2961415203453823,-2.9898748389101053,0.3722100604539782,0.3902319682211577,0.90854119425548,1,5
0.79920015795920196,-0.46253911944311771,-0.38384459160286549,0.57544607857779395,0.77325247442660139,0.2663501857378292,0.1736113998774978,-0.43374897553530006,0.88414982217645233,-12.66633701839708,-11.299264679793982,-2.8258189759323011,,0.3346352385943936,0.4375,0,2
0.76910339147728946,0.58830633677667266,-0.24975113078131139,-0.52937742391235731,0.80533641562545577,0.2668197907192405,0.35810545411938055,-0.072999395723219535,0.93082306157185291,-11.663950504331092,-7.8657280288848401,-3.1202375459121483,,0.07568175439083094,0.3823529411764706,0,2
0.72675918676063256,-0.57210096513218744,-0.38015992707523083,0.66725962705153208,0.7193796193679235,0.19302215765324091,0.16305114095300074,-0.39394599748300801,0.90455562377393006,-10.800544988211858,-18.64094454140886,-0.93478518979304681,0.216224888972453,0.1665244353767975,0.8333333333333334,1,5
-0.89203235370927803,0.33266874008981417,-0.30595716906609821,-0.37152010059151053,-0.92520977825542794,0.077198970699197886,-0.25739288022857054,0.18253321776486964,0.94891017995384763,3.6664831724707567,-22.302853118722933,4.7546733404428432,0.2309847012509983,0.1773701433717971,0.4285714285714285,1,5
0.62993826423466581,0.73956543610584424,-0.2371091499090443,-0.68750505184670962,0.6730274379418254,0.27271023351300272,0.36126802645441852,-0.0087768727366645486,0.93242070953336054,-9.8834340137494774,-11.815368341792192,-1.8242090790834535,0.5610057565283055,0.2658413330800778,0.1818181818181818,1,5
-0.84558814016322537,0.46410146770379401,-0.26380016089927105,-0.49405376612558793,-0.86753454993953072,0.057399310434341891,-0.20221664964196126,0.1788676391536477,0.96286800459418143,-22.818961365960533,5.6959392543559009,-8.7653936611788801,,0.1877616937721088,0.3061224489795918,0,5
0.42077003451671929,-0.80017709226487743,-0.42739817391669443,0.90604191677903267,0.3941450827618716,0.15407043445779692,0.045173256382241969,-0.45206888274815332,0.89083842651665013,-0.94292940442032025,-25.024003281110783,3.6543358503881413,,0.1510601228429709,0.3333333333333333,0,2
-0.92792989982573271,0.21192040880599755,-0.30665263954661426,-0.23172954610303056,-0.97234035973490551,0.029251363959292252,-0.29197177684202691,0.098203692201945178,0.95137191274790989,-9.9317814563025948,14.074372228294449,-5.9133447082748187,0.1724711089632804,0.1134284181791626,0.358974358974359,1,5
0.23931851461883444,-0.89832701326164932,-0.36842261847644514,0.96841349670538945,0.19348229168433748,0.1572892310471978,-0.070013912613683713,-0.39442766136388374,0.91625589874856583,-12.892260555298368,-13.56769464708899,-2.5623012296170815,0.1774356794470933,0.1404412759892553,0.5263157894736842,1,2
-0.94285973393735034,0.080685066529420743,-0.32327301489411708,-0.10720158636462708,-0.99210722975651922,0.06504663362352546,-0.31547320330021139,0.095985231697322579,0.94406752581344278,-25.144987859205983,5.979869109156934,-9.5689303066600839,,0.11543712510536,0.3181818181818182,0,2
-0.32453156105833914,-0.84540312924925176,-0.42423202959301631,0.9100922379952896,-0.40128259970179264,0.10346203901574549,-0.25770406325427286,-0.35251358020953361,0.89962369441344436,-2.875453944713307,-16.24765036486578,1.2655610618937441,0.6125426621461441,0.5567508422587085,0.696,1,5
0.29719139973772984,0.94290352156585533,-0.15036695428396651,-0.92305489166392696,0.32400143765173828,0.20734689622683475,0.24422722800135088,0.077175238375494545,0.96664214872126331,-24.039973437620862,19.750396445047311,-11.330568400766836,,0.154011045318641,0.4444444444444444,0,2
0.32334857342913859,-0.84893616452351706,-0.41803479355843265,0.94627740913867431,0.2911040252511527,0.14077468322242701,0.0021828914630341403,-0.44109617437320481,0.89745718557387721,24.682680680640395,-1.3150829056376676,8.7825840929003682,0.3563707972763891,0.3111749129826297,0.82,1,8
-0.31078204063410414,-0.8100820044846524,-0.49717368115119531,0.92108164027369865,-0.38577265548779593,0.052802180150138697,-0.23457010715352331,-0.44152758043866608,0.86604287454026374,-6.0372227324490302,20.855766301070496,-5.6703167784934791,,0.3493185319542426,0.8571428571428571,0,2
0.94474850657752696,0.029676452582149432,-0.32644994636493674,0.035025959992025645,0.98105252697192791,0.19054952492365315,0.32591937875211974,-0.19145560186145591,0.92580846348999135,4.2454874133739056,1.600131806632892,0.21157714112000084,0.4776786123460157,0.4447195621609752,0.976,1,5
-0.51601331651351223,0.81118379086054504,-0.2751565274999726,-0.85408792530661359,-0.51173194068485806,0.093081881847946663,-0.065299870031816767,0.28303935826670129,0.95688277685712575,2.8267834158118115,19.455575942373585,-2.7182427448319797,0.3858789726222158,0.3996549471591174,0.5405405405405406,1,5
0.91218426655989371,0.28799834034566207,-0.29150783831439908,-0.2034110312785847,0.93577786179345479,0.28799955856121162,0.35572997651979277,-0.20341275607840895,0.91218388193927991,4.9219404386660655,10.808740386854931,-0.97048164644973089,0.2400380723119446,0.1496947798946068,0.3513513513513514,1,5
-0.91827433445014472,0.2845732244198208,-0.27530042977345731,-0.30490635033873359,-0.95180481169733278,0.03316199561121462,-0.25259525770144098,0.11439265873783636,0.96078611324978669,0.67849928099755574,-7.842276637209264,0.75159114378180714,0.6064234967429821,0.3089853157126471,0.3829787234042553,1,5
-0.73747670221784134,-0.52133694023682364,-0.42934357853635574,0.56023762507463104,-0.8272564245034898,0.042197293378118853,-0.37717624147954298,-0.20941490601723747,0.90215490909330953,5.8087072620986637,-15.612035942985907,4.3692333790807005,0.4759229659422863,0.3165996777539103,0.3225806451612903,1,5
-0.72922945119373916,-0.57212057667906568,-0.3753697553774038,0.5859111283538514,-0.80543381079664644,0.089356175481660347,-0.3534579991778305,-0.15477216211582123,0.92255786845660781,-2.1856509776141948,-31.002185083587783,4.3656949056581924,,0.1714033571644955,0.6842105263157895,0,3
-0.3483714885018025,-0.85182328912643424,-0.39119610184773196,0.89933543165507324,-0.42139791686558653,0.11670294354096827,-0.26425950762237627,-0.31116053696310336,0.91287788497038969,-8.7829014819329601,-0.51855850219023869,-3.5947505998956846,,0.1096490319304116,0.3058823529411765,0,1
0.86998843932836423,0.37371749631556334,-0.32164475494343608,-0.32760335313402317,0.92563893126404095,0.18939010518954691,0.36850530315090535,-0.059395301800647796,0.92772627410980901,3.7149564544931946,-9.1538353234232339,2.0570066130508056,0.2802779317619926,0.2478687600102021,0.7922077922077922,1,5
0.91483755550725088,0.25768356998793845,-0.31092028687718137,-0.19001298969261027,0.95406782328577955,0.2316239459097664,0.35632472659302439,-0.15281939120741711,0.92178030077095985,-21.841314790413939,-0.20358980496223283,-7.5123474323219597,,0.0927133042850955,0.2173913043478261,0,1
0.1064061992098411,-0.91646126792751514,-0.38571552361605488,0.98758802282041014,0.052336908547628548,0.14809032779135461,-0.11553189149057198,-0.39668576025913627,0.91065514310096707,-23.917369743875117,5.8492579982515798,-9.1556059676243962,,0.1496694114873519,0.2857142857142857,0,1
0.36094336583399578,-0.86277356957395224,-0.35403623303984877,0.93251740995424404,0.3292356271995785,0.14837513913970765,-0.011452807195346627,-0.38369997319145061,0.92338678990996292,-12.208858967686492,-6.0800986195162023,-3.7029634340480175,0.4030018899804899,0.3441289335903377,0.9345794392523364,1,2
-0.18585970423728104,0.96035299226271265,-0.2077938896909233,-0.97898067344075013,-0.1629159138816674,0.12269982083766749,0.08398220865352958,0.22623115447734943,0.97044652267578346,0.61041895587070405,26.072604914148666,-4.3129473730298242,,0.4638012169212617,0.25,0,4
0.64481195332055552,-0.62760499173162776,-0.43626771506550238,0.7559651591403993,0.60792507879689939,0.24278339468673585,0.11284601464279344,-0.48635282760906018,0.86644486498328988,15.123702824638883,-23.294151298607755,9.4299379289274299,,0.3093409426028667,0.2413793103448276,0,4
0.36403052249401724,0.92001737514664783,-0.14508552002527692,-0.89268607965668256,0.38908228316768922,0.22743469416999931,0.26569407573356962,0.046722653534343718,0.96292453067039174,9.5678997115814965,-16.619070341983956,6.0557517639919807,,0.3114222344673388,0.4583333333333333,0,3
0.77254789376532884,-0.43973007820857313,-0.45804717023188385,0.59950930360362753,0.74280723817125582,0.29803691350751277,0.20918495818640445,-0.50485132983787739,0.8374764402832352,3.4555907454909365,4.8653163582658223,-0.60549699587173689,,0.3980364384287793,0.4461538461538462,0,4
-0.19126614248069515,0.96913961090285095,-0.15551745020937491,-0.97796101153195791,-0.17464706578727013,0.1144144323732218,0.083722892114069442,0.17397361004177567,0.98118482476294366,-15.495422571723328,-11.918422280867125,-3.6570716261867333,,0.6153550008747719,0.5227272727272727,0,1
-0.86747133207171612,0.40171094012377501,-0.29346517445617831,-0.44699853651546467,-0.8883103058702303,0.1053428157862244,-0.21837077731865842,0.2225603762344287,0.9501479266638615,-19.582711808786129,1.9882587028322691,-7.2306273997151527,0.1490319906610404,0.1417680316813966,0.5638297872340425,1,5
0.93821973045290719,0.13037481621145747,-0.32054039478153429,-0.063660187695236847,0.97552997934654995,0.2104486633331894,0.34013397050497668,-0.17704142649094187,0.92356115954200435,5.6344042337072855,14.832608807127494,-1.352031001172439,,0.249613161151807,0.6829268292682927,0,5
0.73386100156060985,0.61304675235716677,-0.29261187572070407,-0.57743682095485482,0.78985650132853369,0.20662387353497769,0.3577914870340112,0.017331668511088919,0.93364065093193793,-6.7625951775868245,-21.57040934720585,0.98971033912448125,,0.1097781170994429,0.2666666666666667,0,5
0.69008089589539556,0.65565815325390997,-0.30643228157601371,-0.63599307547628114,0.7514510991907436,0.17559627977620879,0.34540000733414888,0.073713171120878163,0.93555609310018117,-2.0848888993034174,4.6156245071970625,-2.2841817822567418,0.266078028504412,0.2363571704715458,0.550321199143469,1,4
0.80231434208264918,0.57870429776340282,-0.14626357112641394,-0.4757067426307659,0.76792970296211249,0.4289371356319559,0.36054790458982161,-0.27456384878327916,0.89141455083322529,-14.468811329881481,1.3626204556346759,-5.5596088312626017,,0.4415627222216861,0.243421052631579,0,1
-0.79412747320157917,-0.45137791388718912,-0.4069638007996822,0.48979172187375875,-0.87176810466864052,0.011155306646783452,-0.35981332033488228,-0.19046876525376691,0.9133761678368294,-3.1498369303984814,17.340738784660637,-4.2990889137573598,,0.2675331152701386,0.2173913043478261,0,1
0.09042902000812067,0.97504932903316055,-0.20273479793156921,-0.9786718507101444,0.12470762030716809,0.16324649480127892,0.18445595942650292,0.18364861935039559,0.96553051927049005,-18.502938536671994,15.505743578053682,-8.8311261762903772,,0.348849110427478,0.25,0,1
-0.35707945114253153,-0.81479513260948577,-0.45673094645276713,0.8950377357365108,-0.4383429574715782,0.082236872768430766,-0.26721099748964178,-0.37942633476204868,0.88579565324606879,-17.31707516145698,2.9668661007540709,-6.6263657786668251,,0.09744349652787823,0.3170731707317073,0,5
-0.81213441583843149,-0.41223489685688469,-0.41291655382675457,0.45029497977939564,-0.89286142640282662,0.0057362380863427882,-0.37104194075096575,-0.18127565488863409,0.91075079750086074,-7.426195819115275,16.749209129405781,-5.5751079515525559,0.4686806283794345,0.3199971406709438,0.2967032967032967,1,5
0.92772059698382048,0.18835075731411377,-0.32227082733499784,-0.12676098301067265,0.9710214488360781,0.20260552580433772,0.35109278989770232,-0.14710995248277395,0.92471212534624236,3.6800725435693287,-4.8399529344326551,1.0520421826087765,0.5684213336579947,0.260855433342757,0.6016260162601627,1,1
0.20000906281071193,-0.90632072167907018,-0.37226217139095819,0.97706202681318721,0.15614168743756349,0.14480873317537754,-0.073117511946784342,-0.3926862906943413,0.91676131383661263,-5.8467659869074877,-19.975332120081877,0.97531009124252699,0.2923272573434599,0.2552253155077975,0.5263157894736842,1,5
0.6148781363586886,0.7383970698185669,-0.27693797990059071,-0.71335827350987624,0.67049000410181026,0.20387037061466926,0.33622143156419121,0.072200565668895211,0.93901130305977543,1.0877676173442077,-13.219612043282071,2.0573454169380008,0.6082845360084073,0.5783942579539221,0.8975903614457831,1,5
-0.37418083445954248,-0.74503912509477943,-0.55218240211108249,0.88590823398682195,-0.4632046872522334,0.024658034429169237,-0.27414467727371639,-0.47995637279399184,0.83335861196541561,-7.581862114407639,-17.914357545426711,-0.0091308963923758622,0.3050369424332253,0.13713492366584,0.2352941176470588,1,9
-0.097923279742152536,0.97811992226481337,-0.18355502976823063,-0.97633663186328279,-0.05868468948877776,0.20814151076002677,0.19281548839862614,0.19959339890958724,0.96072090772779495,-19.71043757332728,-19.792410891948961,-3.5332843947967993,,0.4768035719979576,0.5609756097560976,0,2
0.0082403832367024463,-0.93336331819596052,-0.35883842092275853,0.98868474938385975,-0.046146325158058776,0.14273395885416237,-0.14978171590647266,-0.35595425678116743,0.92242181493039299,-1.2397582620750178,7.1819649840610706,-2.492894352850958,,0.07206260533359625,0.1578947368421053,0,5
-0.93835790077685499,0.12875807447993493,-0.32078935192096542,-0.14467478353763247,-0.98913289175224239,0.026178797951495223,-0.31393256769247863,0.070975211940969632,0.94678871044808155,5.538685733439733,4.9020509794894718,0.083895318342192604,0.1546451611305784,0.1016491112362866,0.2916666666666667,1,5
-0.44527686149573631,-0.80459554152776869,-0.39287979226493935,0.84798259302945378,-0.51982218365746569,0.10349115564446096,-0.28749615394914213,-0.28707300801576441,0.9137478041195124,-13.02290215943593,-15.01016558521605,-2.3003169805030468,0.2795953499133789,0.1127803125990153,0.2162162162162162,1,4
-0.94318414089758462,0.11389347832915769,-0.31214091682022743,-0.094499462438197165,-0.99257182193853366,-0.076622646081382056,-0.31854909819080984,-0.042772115773090563,0.94694087363156765,-22.469997591825329,8.4556077307426403,-9.0472921645486917,,0.5439379660269507,0.2988505747126437,0,2
0.93036374611001149,0.056209477015911578,-0.36230345653573831,0.070875040896399275,0.94196580063436797,0.32814197996170474,0.35972215458889889,-0.33096967403200511,0.87238698200343923,-16.096201339173287,5.5227446752491174,-6.5930340584096259,0.7297273314744548,0.5922260879523613,0.4588235294117647,1,4
-0.85069569718285321,0.43560871490400316,-0.29421400084676635,-0.4707689687543159,-0.88036544346824774,0.057734426514447663,-0.23386621999035287,0.18762124998687396,0.95399416020266392,4.1259321832658138,7.1068625784660542,-0.69762272035070827,0.3944851001382181,0.2867694955330631,0.5925925925925926,1,5
-0.17609734863200741,-0.86704804467366536,-0.46606588808059252,0.96086072176151205,-0.25426694994350113,0.10997723192723093,-0.21386069573608915,-0.42845770665726551,0.87788814573684371,-3.7261269947575717,9.8736751582544482,-3.4950126059611257,,0.08735900018717309,0.2307692307692308,0,5
-0.74460264806757159,-0.53524495372204339,-0.39884801115944851,0.55272432285904727,-0.82940204591434563,0.081166921545079609,-0.37424954163067126,-0.16001589217382489,0.91341786431022221,-19.587713834823568,5.7443880869526387,-7.7058702958175127,,0.06651999323365979,0.32,0,2
-0.87653233645368689,-0.29450516634856816,-0.38073320073910455,0.29904166752728312,-0.9529964029374407,0.048702536595142537,-0.37718051942477487,-0.071165743039060245,0.92340147973898989,-14.683028757672936,12.53267369062204,-7.1482616160412,0.3360036892357337,0.1658763202052986,0.1578947368421053,1,4
0.8511941615919304,0.44225463451382624,-0.28262932884407549,-0.35173967474802748,0.8803482028058397,0.31822357396126361,0.38954807210402476,-0.17145810003487716,0.90490575169598064,-19.926489218102166,14.128001134904187,-9.1262655160128343,,0.5037094852979658,0.5370370370370371,0,2
0.61080789694133131,-0.70481533583470524,-0.36076177098789114,0.78611264275626103,0.59424223210217975,0.17000906589057593,0.094554883178369006,-0.38744226919430308,0.91703209437221689,-0.50214906294746287,21.582595713200632,-4.0623411096431985,0.1567211755250445,0.1905885875242778,0.7692307692307693,1,5
0.53267611600699882,-0.7580252023628552,-0.3763694302390298,0.8439161184335674,0.50923788114424617,0.16876719306707808,0.063731785505507871,-0.40752248157674964,0.91096854310443065,19.975324218163756,-6.9912584244772109,8.0527158134451788,0.216483142877534,0.1617021562215995,0.3529411764705883,1,5
-0.92787345909230268,0.20084803140065735,-0.31418292791710811,-0.22260889245161886,-0.9742939771076331,0.034590853896020617,-0.2991590294701964,0.10203584886829123,0.94873208053284419,-11.313649998735109,19.450848430431549,-7.1213309169608063,,0.09506842184563732,0.3214285714285715,0,5
-0.80238739959495975,-0.45033776292606098,-0.39162528040716077,0.47408279373105694,-0.87956666885253232,0.040099622589413339,-0.36251891765726152,-0.15348737513687688,0.91925059696156697,-7.8465380272860763,-13.969305873014207,-0.80597589173279405,,0.07804407848331743,0.3,0,5
-0.40824932350534099,0.88286085391939206,-0.23214048004204979,-0.91226493274349818,-0.40382749595041878,0.068527702434234269,-0.033244282875887106,0.23975000757275539,0.97026529955725604,-3.2673691210590827,26.538513818967484,-5.5424748975142499,0.2683619545421655,0.2803915911831801,0.3125,1,4
-0.73243905401908826,0.63417770921922301,-0.24769268313190307,-0.65456680183219862,-0.75600416670315129,-4.320464206356341e-05,-0.1872840999305336,0.16209976266772361,0.96883865161144223,11.30017598666246,7.2462251054648528,2.0089286726564271,,0.1787131146750119,0.1578947368421053,0,8
0.26969331947080144,0.95926735420451503,-0.084093142349962152,-0.93223091144710046,0.28197394445989837,0.22679555195866546,0.24126964412318799,0.017228981490410855,0.97030516901718866,-26.175928324308479,4.9332145938894971,-9.7216102033221272,,0.3437642945702308,0.2580645161290323,0,1
0.076780516985212821,0.95964070113193323,-0.27054477807286731,-0.97995991277971617,0.12265498179498315,0.15695325669015392,0.18380239812433471,0.2530720849321117,0.9498269306941447,-8.9273514966151986,11.412057464945859,-5.2328982239876156,,0.08799834276454307,0.2884615384615384,0,5
-0.45813967699989283,-0.8143348204819939,-0.35632406108624204,0.83890800896511664,-0.52863778529222227,0.12952005426001501,-0.2938390526336091,-0.23958483280853221,0.9253419470852331,0.39475939382979941,8.3230602376742659,-2.1079538720258895,,0.07506238109603294,0.3023255813953488,0,5
-0.57937539299934371,-0.71984084888053068,-0.38230002127885659,0.74678220981027688,-0.6567500034213436,0.10486068909246232,-0.32655854773338411,-0.22474115174801293,0.91806913117326905,-16.53992551212869,0.66254082759034771,-6.1085531498423196,,0.2309983725363914,0.1290322580645161,0,2
-0.69201530839136638,0.67491055287650215,-0.25614558080891509,-0.71011871119163728,-0.70024058542896561,0.073447522311018767,-0.1297930235703382,0.23272057952410138,0.96384381665207397,1.9201224863128243,18.681572881284005,-2.9941785180815517,0.4405328513260399,0.171433849674124,0.1764705882352941,1,5
0.19827901468365663,-0.90059174593394264,-0.38680736742173516,0.97652565551855142,0.14762643568061273,0.15685687617157063,-0.084161015025626992,-0.40882874488457005,0.90872216926075144,-2.5024232421541543,-12.367755095585114,0.56912230820938503,0.4033957097499556,0.1968141205530159,0.6403508771929824,1,5
0.78222536261377529,0.55870649316564103,-0.2756275323299518,-0.5085830949589023,0.82819822295049217,0.2354377604031905,0.35981483794553459,-0.043985884056109044,0.93198633273135012,-12.841601201239598,21.547126184230123,-7.9209066134846573,,0.1721729354164243,0.2903225806451613,0,5
0.90080162907399763,-0.22364880025166253,-0.37220644702050093,0.34535325644870746,0.88859408180721733,0.30188025115509393,0.26322529004240136,-0.40047693057550926,0.87768483794521235,10.011361545280273,4.0772824583292948,2.0106555248203772,0.2395550235828402,0.1509664292626875,0.4,1,5
