axis_00,axis_01,axis_02,axis_10,axis_11,axis_12,axis_20,axis_21,axis_22,location_x,location_y,location_z,dbh,dbh_approximation,score,reconstructed,number_clusters
0.040364822016759942,0.99144078817595149,-0.12416056010103786,-0.9973037297587567,0.04759826252788394,0.055854059956274585,0.061285820161174051,0.12157125048865283,0.99068889127808313,-7.9877982242868475,12.661375521610697,-4.3136181822847046,,0.3074160845839287,0.2272727272727273,0,3
-0.85093903286849693,0.48494965900736514,-0.20180830153754656,-0.49702340989985899,-0.86767113131266516,0.010702237995769883,-0.16991319063670599,0.10941040222593915,0.97936656647672771,14.036962851554021,19.299845573956176,0.27169402331157855,,0.2181530736163705,0.3,0,4
-0.92098173443323039,-0.29002138556319224,-0.260154263383025,0.30044294741249833,-0.95379973812336105,-0.00030806800859365779,-0.24804572197570507,-0.078445238681601415,0.96556701701007663,11.411659077848338,-2.6922285929973828,1.5209628650286799,,0.1182725014503046,0.2058823529411765,1,4
0.19425994421530512,0.96821304115314666,-0.15756452968369336,-0.97496022368511415,0.20829023232792318,0.077895708152978027,0.10823879297802913,0.13848713318484404,0.98443165209013095,-6.9059102396403116,8.8052936830661022,-3.6528746560955381,,0.1006460328722757,0.303370786516854,0,5
0.97469544861802471,0.0032925314005087481,-0.22351273270282554,0.024108815211268439,0.99251078436733042,0.11975436502965266,0.2222330926581749,-0.12211266171664203,0.9673163651960307,0.50582081587892957,2.5729757659899741,-1.3555069676118623,0.7493353919590209,0.7368772249887972,0.8281527531083481,1,4
-0.25654650301191345,-0.88262301273228327,-0.39390418782712394,0.95940032592359847,-0.28196237508825872,0.006945045160475203,-0.11719601704004781,-0.37613007913483332,0.91912526739284739,21.147504886903299,-3.3272665656662825,3.7639281878269379,0.7173480776466803,0.5844867963970458,0.5185185185185185,1,5
-0.93427687131191817,-0.25707963113127508,-0.24705625065765968,0.25929245333780288,-0.96549763392524235,0.024119339270000165,-0.24473281629907373,-0.041525680514177266,0.96870091694194138,-10.391270023408746,8.4160555831948489,-4.3608910844720912,,0.06931865726859211,0.2941176470588235,0,1
0.34582658929421956,-0.86130148847254062,-0.37224147551302322,0.93822298513081603,0.31239122350231946,0.14882658919341016,-0.011899592822753591,-0.40071370008237717,0.91612604496157801,-0.66068040483916657,16.307699083533549,-3.0162477378648873,0.1953032101858338,0.1594249532181942,0.4565217391304348,1,5
0.52784127536274039,-0.80456708771659968,-0.2721311988483946,0.84708876428409652,0.52201556355611378,0.099701438449174534,0.061840225153837372,-0.28314581538214845,0.95708110094416798,-7.1063011157146034,-5.193611326826808,-2.2172640674690043,,0.0807598206117274,0.4174757281553398,0,2
0.96656529108711531,-0.070420113802008188,-0.24656144394003138,0.11443244342811078,0.97895076492617128,0.16899886313681839,0.22947059497189012,-0.19156306382645127,0.95427817674966797,-12.702777712716632,12.462229709746868,-5.3002630758390987,0.2034688948810769,0.1015105823446248,0.4230769230769231,1,4
0.089538175051663338,0.97372136241198393,-0.20940301714867263,-0.99119170852302396,0.10771444291613708,0.077049307216056531,0.097580285732445704,0.20065967998034825,0.97478909547991877,4.7587262094440277,7.6930686740495897,-0.9698530832505815,,0.6225370018042198,0.7090909090909091,0,1
-0.88917222682450692,-0.34126866037494763,-0.30480887862697881,0.38727929345574719,-0.91606545577444254,-0.10410969982273306,-0.24369550653297803,-0.21061762077910551,0.94670624689656724,1.7171697525358982,1.6679888601869535,-1.073698776066192,0.8444957012104554,0.7925000292552731,0.353448275862069,1,1
0.93677132329589363,0.2655519324834022,-0.22790712802540911,-0.20444173327445311,0.94386870567617875,0.25945220010805764,0.2840124390694832,-0.19645365254813896,0.93847903378514408,-9.9370376019045406,15.824974627704718,-5.1063431335704239,,0.473933557640186,0.3611111111111111,0,3
-0.67435236513684915,0.73135279743916226,-0.1018428854277459,-0.73289191236738016,-0.67974611619882308,-0.028542289661127353,-0.090101789220976322,0.055392266522750366,0.9943909514816851,-3.5255448141353165,2.1804696704837125,-2.1719670779612561,,0.3574163527040707,0.2149344096871847,0,5
0.80398075166704908,0.55389509799859138,-0.21636813850938774,-0.54608921859346993,0.83173152880352641,0.10004613600795444,0.23537526693529248,0.03772114005805613,0.97117228096144737,-23.59581440998209,1.4300950237549599,-6.5369637523168116,,0.09741865318664805,0.2352941176470588,0,1
0.96670615026049855,0.17629938888329116,-0.18546628946497276,-0.096594356927962491,0.9225848244349879,0.37350605340735304,0.23695727306457665,-0.34315560202572992,0.90889795001427931,-19.637130832830728,5.1631721789078293,-6.0781622771026376,,0.4718468311547895,0.1764705882352941,0,2
0.87246496013564612,0.47993248470295524,-0.09203099185792217,-0.42425610172591832,0.83735666859966018,0.34473260608768386,0.24251114094785933,-0.26172240958413678,0.93417863754082975,-11.583410082250394,-7.0297604130584102,-3.0047166052852017,,0.5484442439680379,0.3555555555555556,0,1
-0.66769012219613899,-0.67989781643519109,-0.30319772414773444,0.71262751202359431,-0.7015322481284022,0.0038123408784032876,-0.21529498328750807,-0.21352157746366141,0.95292004183386925,4.9835285265240952,13.446745380730693,-1.5101102382204459,0.2639121183720919,0.2063246588633821,0.8108108108108109,1,5
-0.96892624137993377,0.018195512072856045,-0.24667967509659533,0.003398818916658288,-0.9962171018936794,-0.086832792909886616,-0.24732647815251604,-0.084972991208771984,0.96519904888562136,-15.469302220428446,-10.031104286336621,-3.6194109602999807,,0.632315251585025,0.3703703703703703,0,2
0.95525942328937752,0.19657581847344635,-0.22099181389441008,-0.1718173147030127,0.97699221092127797,0.12635280039397501,0.24074518600606082,-0.082729483200660939,0.96705614522852801,-4.2734808854422361,11.310301605308474,-3.3468745876112882,0.1339850675381213,0.1220537946975523,0.46875,1,5
0.901689263336379,-0.35202037932568098,-0.25107394313887349,0.38938450929543555,0.9135408818064491,0.11757023938500871,0.18797919114798681,-0.20377612668735059,0.96080128740944648,-2.5541970439734474,4.0135340513233819,-2.1898694232552494,1.325805776731978,0.3619696213664192,0.1938775510204082,1,3
-0.17203848026534455,-0.92510661092967239,-0.33849744418858813,0.9781846300767495,-0.20104598949610539,0.052300474081450096,-0.11643706793630287,-0.32211530314740955,0.93951271449014961,-20.21601470069443,3.3971131667228036,-6.0374800050455928,,0.3343424625027175,0.3,0,1
-0.93445733991588642,0.31380509052894806,-0.16827312630198565,-0.30253249876283628,-0.94892096243924584,-0.089571726765143064,-0.18778596078951088,-0.032792868149854139,0.98166239651362153,1.795681730543798,16.030952510068051,-2.5003393968994962,,0.1506643104165555,0.4193548387096774,0,5
0.26654088022484801,-0.81283481582767847,-0.51793389669662182,0.96377396173711649,0.2193195269184052,0.15178503150781986,-0.0097831409325479929,-0.53962811944029632,0.84184665044343043,-16.39305082488503,-8.9812120500667874,-3.9274583334785476,,0.3944730274652699,0.2894736842105263,0,1
-0.033919481791364975,0.98861345027789449,-0.14660462027045268,-0.99734508858291948,-0.024024975637124666,0.068742816535002874,0.064437900606201942,0.14854711870404591,0.98680368386533335,9.0999591054743707,12.329527667659775,-0.46572878286001768,0.3708188360903475,0.3542741735903953,0.125,1,5
-0.72212212409986465,-0.58409081925143846,-0.37064477974427712,0.66100240940002886,-0.74061132443085831,-0.12070907543398381,-0.20399865845847343,-0.33216378639302913,0.92089726156406282,-4.9004356888556631,-12.830345227320947,-0.95634143155310603,,0.4533615114192613,0.1363636363636364,0,3
0.1723687243355409,0.96519546519700872,-0.19668944260958038,-0.97811763873562896,0.19133012164481458,0.081723126137082922,0.11651140572997741,0.17829890216854821,0.97705403833171622,-21.979616628186626,-0.48544289460766682,-6.0533196824891737,,0.07863909233166946,0.1764705882352941,0,1
0.97267837132326229,0.017203448188866932,-0.23151852481030602,0.053013948017416809,0.95444209043201844,0.29364913983760738,0.22602280255658694,-0.29789987811708324,0.9274531553357801,5.5427097226503541,10.891677251552776,-1.1400130811538682,0.5631308371442029,0.4599656122207083,0.2142857142857143,1,6
-0.93473503533128266,-0.21996981312304614,-0.27907650391754024,0.25702670157122159,-0.96084163579169168,-0.10354045397120382,-0.24537255022443488,-0.16851300318894391,0.95467045589176969,14.295738171867908,-0.026172638044867091,1.868407936922748,,0.3074577005733243,0.3181818181818182,0,2
-0.7107699988614038,0.68235205455854286,-0.17088499746407021,-0.69348060737049722,-0.72043416604018318,0.0076980259178165361,-0.11785862683573921,0.12397695770473076,0.98526090861186266,-12.711687804511756,10.623451496477236,-5.094686840826391,,0.08765033252671151,0.3333333333333333,0,1
0.85760079287721158,0.46049441106700584,-0.22905409280872818,-0.43337012682312887,0.88683857744026917,0.1603361180178208,0.27696789206275024,-0.038239180689062117,0.96011798849232388,1.5436443678352048,-15.98537209523368,0.76280600644997609,,0.1773600846918079,0.4545454545454545,0,2
-0.6796331679720109,0.7033978230571597,-0.20815921673271701,-0.72635472685553926,-0.68495483283913616,0.056970937722027611,-0.10250642792988433,0.18991676989871326,0.97643435659766487,10.240492305082308,-2.1279575748140407,1.1977902197306491,0.4473262599454673,0.4293665822340079,0.9375,1,5
0.50896597249136721,0.8539739255329245,-0.1080841031595447,-0.84704837745059969,0.51922281530847636,0.11365172379442789,0.15317534104490188,0.033707604083144216,0.98762397314096784,19.426773276739254,-0.64115037515803708,3.0995091796879541,,0.1877791908270758,0.3,0,3
-0.53609975887767902,-0.76889282575131335,-0.34842627776827251,0.81957322437569535,-0.57296452898988914,0.0033731892652358259,-0.20222951915513987,-0.28375248197602321,0.93733011823728696,9.7816944159508115,-3.621648844441117,1.3048529236950215,,0.07679730384589771,0.2941176470588235,0,5
-0.38082845717901453,-0.82116200761859426,-0.42504428410043404,0.90855346461989106,-0.4177091249691588,-0.0070490314718660158,-0.17175647914953074,-0.38885992871636771,0.90514510864770081,9.9499199842332899,-4.8292660558280165,1.5334399823979978,,0.2396351151391847,0.125,0,4
-0.70747712990851863,0.68859901675109803,-0.15908332654878377,-0.69957315816743015,-0.71430120924048168,0.01926600241965425,-0.10036686220089634,0.12492068126218066,0.98707715826319276,-10.003549696976894,7.649497845003852,-4.1592162821569696,,0.06977516721697441,0.1818181818181818,0,2
0.45147048033074816,-0.8542770257032819,-0.25765319471234616,0.89139284930745211,0.44472334304741745,0.087406729444998776,0.039914829242596643,-0.26913177349447925,0.96227589333945762,-2.0666969808287958,2.3685078023088719,-1.8718702828605231,,0.1335239356230979,0.6519685039370079,0,5
-0.9184827529770917,-0.29788032431829503,-0.26010910185468283,0.31241064059017021,-0.94982201550927436,-0.015418511599326959,-0.24246448014020908,-0.095422488114314349,0.96545612258269498,5.2296908447689683,5.0989839273042223,-0.64479246227573861,0.2972205764428784,0.1197126869827217,0.1578947368421053,1,4
-0.78297801035869741,0.60535615411788501,-0.14314105618702264,-0.61183040163925517,-0.79098747410903147,0.0015412438351364471,-0.11228978103407594,0.088784809929486022,0.98970109760528291,18.000435782336634,-1.8301724891871343,2.8740897938637167,,0.1939799808835663,0.4117647058823529,0,5
0.70220512143979052,-0.62533918481120809,-0.34038048029137064,0.7026098637231134,0.68593183314264072,0.18930636460659694,0.11509711908956953,-0.37208658161942809,0.92103432561227161,-6.0244706535693693,-0.18457791750680169,-2.5043546427442998,,0.3185385500286185,0.2203898050974513,0,1
0.97135092648147736,0.11044747953235504,-0.21042512180946216,-0.028439999949519255,0.93310321935494256,0.35848228468407584,0.23594182339392114,-0.34222760890143494,0.90951180293559697,-13.7141595948623,12.66376073977584,-5.5841580962223389,,0.1301072149227492,0.1666666666666667,0,3
-0.97233664845802614,-0.020687767002171786,-0.23266598024179752,0.037119662117715314,-0.99709778820401995,-0.066469026192037442,-0.23061563856269429,-0.073266752726696999,0.97028264448829848,-6.8349784184595883,10.259817722794152,-3.7917094793124115,,0.1486814385860216,0.1951219512195122,0,5
0.71508863062219796,0.67826101059595556,-0.1691456527972946,-0.64135373483111102,0.73283553648918942,0.22719476947497461,0.27805329915873089,-0.053982200436394408,0.95904759259537842,-10.20894449926813,11.142525550069982,-4.6130370153096978,,0.484502850104422,0.723404255319149,0,2
-0.96720769158697928,-0.1069707384996835,-0.23036176427484548,0.10780831666975683,-0.9941310922377995,0.0089854495109324625,-0.22997097249831458,-0.016144118152206007,0.97306357410873612,-12.568490952768281,16.304269378893611,-5.6967612049438099,0.3822222298111583,0.2375521458142334,0.92,1,3
-0.6612583726646728,0.71935311349657283,-0.21276386601971886,-0.7434714691914025,-0.66623681234799315,0.05812645155833613,-0.099937675974816023,0.19662046682676021,0.97537318650123905,-15.829871617508763,7.8948527975593921,-5.499440416087614,,0.08752739551657535,0.4347826086956522,0,3
-0.71977287239656362,-0.60059903847165319,-0.34814911625469702,0.64097587161422998,-0.76756032761399062,-0.0010370542329660515,-0.26660259595581404,-0.22390162674717118,0.93743859391940565,-15.284113889382757,1.0490146351999454,-4.6388820375683455,,0.2127918056821605,0.2708333333333333,0,2
0.080539020967598948,0.98200322178324528,-0.17083073057534659,-0.99298095263883168,0.093940429780937251,0.071861139352578152,0.086615782615286047,0.16384403577762233,0.98267636490456134,-5.9225594470453613,13.021302260988032,-3.9608023454165262,,0.09703387799153727,0.3725490196078431,0,5
0.051411721186371655,0.99172819390180678,-0.1176096269227806,-0.9960654965097222,0.05943233271334343,0.065736781873553515,0.072182834437943169,0.11376725033379005,0.99088175438040726,-7.2263865763792179,-10.713573081305748,-1.7240375635694627,,0.1560165201588144,0.2702702702702703,0,3
0.95011214021387691,0.2155670275648445,-0.22542798771462694,-0.19534063850005839,0.97468752650825685,0.10874861203531513,0.24316446279955847,-0.059288129470203246,0.96817145265460536,-8.3663242819174375,-10.637816585225275,-1.9848373552306215,,0.09379416372673456,0.3043478260869565,0,2
-0.75903793605379744,-0.59512237764586351,-0.26399008931459422,0.6090278731853439,-0.79236920607392625,0.035158085117287678,-0.23010098069006552,-0.13409100227424631,0.96388440271360354,10.836245602667439,-3.542410998712779,1.5229779238701096,,0.07874136771751875,0.3877551020408163,0,5
0.53590597667795425,0.8298904726142351,-0.15519854259936833,-0.82165415084691662,0.55492746919303459,0.13015360283543712,0.19413716943666129,0.057769433086483461,0.97927189893511501,-8.3301460693447051,22.696687113448206,-5.1173800362160948,,0.291270823844567,0.5,0,3
-0.76642281989421734,0.6157966636252713,-0.18273075880480572,-0.6244237787868181,-0.78097968261761763,-0.01287166749396884,-0.15063533991393344,0.10423629121601111,0.98307873029709292,28.629683181384916,-7.4560602049284581,6.0187023187655715,,0.1516662655647535,0.1,0,5
0.56099139708062962,0.81523045221459267,-0.14383310531137844,-0.80646353530911286,0.57741811555674716,0.12729841335862188,0.18682938371212074,0.044582839847701367,0.98138022793047119,-3.2882883859654291,12.300729024559848,-3.2789634783307342,0.4226216196979004,0.2528187745911817,0.4,1,5
0.11218621950470346,0.98715041542365878,-0.11379063881594974,-0.9889707259809728,0.12206320746289528,0.083889668830788369,0.096701371789192483,0.10312434587802063,0.98995667277983457,-1.0624853201279414,10.120063628948413,-2.5714414511298505,,0.1077877316448739,0.375,0,3
0.65783227745436956,0.72264690525660169,-0.21222192408479904,-0.7222074061362378,0.68518861388964125,0.094514686255416869,0.21371279152443171,0.091093434006238067,0.97264013335857513,-3.0541488901434635,-1.8676890048466666,-1.6531875167930625,,0.07655102384796966,0.2911877394636015,0,1
0.48355931922991258,-0.83841601065232951,-0.25145372907900221,0.87398239743069139,0.47829882032448334,0.085936066104449427,0.048219848270231583,-0.26132131860611824,0.96404668697877682,-17.337191985460642,5.4034921710884412,-5.5690252142563441,,0.07679318764523421,0.4285714285714285,0,2
-0.97344029990677916,0.0328322149654975,-0.22657455324431472,-0.045872879690622204,-0.99756511059531716,0.052531219592197288,-0.2242981529711984,0.06152963337623029,0.97257618868153317,-7.7790647286322994,0.090312285690189356,-2.8526212011901819,0.7457662076360573,0.6030567450030054,0.9952630266766392,1,3
0.74417801933743122,0.63797968223968149,-0.19794191214690396,-0.62741523813840372,0.76928364899584123,0.12063493001354704,0.22923611078263342,0.034417908666829575,0.97276215647827002,6.1985165589659124,-5.4637652597159931,0.76982256190887099,0.1892901242853594,0.1297363369286291,0.3461538461538461,1,5
0.88676595570223338,-0.37210472145671358,-0.27419740348356059,0.42540050646405969,0.88903115469916327,0.16928678351954715,0.18077762280665802,-0.26676147068850514,0.94665609851121768,5.3757730634062684,3.5378673572932766,-0.48853532299747521,,0.617189227075248,0.163265306122449,0,1
-0.92983736305723208,-0.26918406427058822,-0.25088327526070925,0.27002899525877239,-0.96232921596948107,0.031730455576643786,-0.24997363857477212,-0.038241595603888227,0.96749716298465605,-0.66684140485474097,17.549740524282623,-3.0864755821729593,,0.1043295596856608,0.4,0,3
-0.62177958229859642,-0.69934959449333189,-0.35256247066100954,0.75640002599572653,-0.65295963590860673,-0.038764862282274361,-0.20309887176015326,-0.29078146185084031,0.93498502112795434,-8.2274327606076696,18.214399211165418,-4.7713258192432066,,0.41729024620648,0.5,0,3
0.39976826815795308,-0.86883788207459212,-0.29207202270352306,0.91641698775275693,0.38549166593293904,0.10759219327818077,0.019111157268809551,-0.31067170802695165,0.95032513041561861,-13.984184357177082,10.473194551936484,-5.3643652595219251,0.3245733932057522,0.2789597445156591,0.6046511627906976,1,5
-0.6052950234217831,-0.69090249811506677,-0.39531212063277821,0.76702577356084567,-0.63902490364201214,-0.0576075968836081,-0.21281305719858992,-0.33808417683127101,0.91673861708892401,-6.3181928684840747,-9.1183244282869023,-1.6334082576854716,,0.2327830808925659,0.1818181818181818,0,3
0.97728461378416132,0.028755888394940515,-0.20997114693061875,0.026880175308313034,0.96593196387220737,0.25739638176434065,0.21021950393846922,-0.25719358478118698,0.94321748293342489,-2.2284371603298929,-9.4721057501907868,-0.67339711610159003,,0.4672523286655686,0.1333333333333333,0,5
-0.018191928002238969,-0.91481530916489551,-0.40346251854800447,0.99656251453208911,-0.049210011977024251,0.066644799877420183,-0.080822078574122366,-0.40086322460255502,0.91256586982869414,-20.120534529989513,6.231379346288108,-6.2919226588000692,,0.7422642981431384,0.1923076923076923,0,1
0.85968626082425337,-0.40799970540866104,-0.3073691157817553,0.49541973302230646,0.81258298642339466,0.30703123343943717,0.1244942612417087,-0.4162272583117082,0.90069753433447253,6.7084249224645918,4.5006155517441435,-0.27899263091126142,,0.3193283861801739,0.3333333333333333,0,2
-0.91269326868872347,-0.30737931770417898,-0.2692748639179065,0.32060420547974439,-0.947197640842947,-0.0054380704535143222,-0.25338496545571809,-0.091293944099644225,0.96304801284865116,3.2595649667746289,7.8514554981428484,-1.3677154514823846,,0.2815522401753089,0.3125,0,4
-0.95951288514926003,0.17333872274396261,-0.22201060882317061,-0.1611853076612893,-0.98430297955324131,-0.071881437358660621,-0.23098554029782625,-0.033186317061451344,0.97239104712724422,2.7959737945187797,16.441951237006201,-2.2634459515861334,0.412115232375816,0.2236393510730605,0.5384615384615384,1,4
0.69806693059040537,0.69351102160500633,-0.17817133138771282,-0.67962283518552091,0.72006836258671869,0.14005125881646144,0.22542263043111743,0.02332415301916662,0.97398183842177166,0.7299847135141565,-2.0703511273459902,-0.86041640327707058,0.3472179695212957,0.1234066686984114,0.1160220994475138,1,2
-0.47860654129983105,-0.81579222778554905,-0.32468264460809104,0.85915304977387807,-0.51138619188043599,0.018444506452324056,-0.18108510620494697,-0.27012442288456023,0.94564315704816804,5.5661997893244948,2.1356503204462647,-0.24754875910501953,,0.155237983152658,0.3636363636363636,0,1
0.47886522168226037,-0.8098737088041853,-0.33881067759288946,0.87657500943154909,0.46220745562128768,0.13409146433749689,0.048003669685541095,-0.36120471170217111,0.93125012963267428,2.0660996696438851,9.6742931623107093,-1.8576873982587514,,0.5552693870672685,0.1142857142857143,0,1
0.68642372453466327,-0.68718089581863351,-0.23791781525951874,0.72272001605487901,0.6809166441738973,0.11844113339796591,0.080611716205508138,-0.25324877118923955,0.9640367270501391,-2.8874412985010398,-10.783237666952472,-0.72259139860146526,,0.1874946797083329,0.2941176470588235,0,4
0.83551735840160557,0.51787606738954517,-0.183616782007371,-0.49478080408845471,0.85444552957036024,0.15847647428816916,0.23896171181841089,-0.041559786120309597,0.97013920880585436,-15.586313600789012,3.2081203667341756,-4.9359486849449103,,0.0858277034309677,0.3333333333333333,0,2
0.87738287858271091,0.45255594943115807,-0.15934992000116438,-0.41073635274641412,0.88012798335438636,0.23805541676070435,0.24798171888767823,-0.14341494186800285,0.95809040363971321,-8.5970640875708373,9.0956997599579115,-4.0271897281334921,,0.3272615771875558,0.3076923076923077,0,3
-0.96839601677684872,0.072087502490221708,-0.23877300240072488,-0.044280228373072855,-0.99180455272174961,-0.11984569485650758,-0.24545552767449091,-0.10548517045126728,0.9636516293499976,1.9341127072668118,5.516348934716131,-1.4166977934674672,0.2842797960581622,0.219532406099633,0.1833333333333333,1,3
-0.79254412632291238,0.60601564694333665,-0.067962073915537949,-0.59225053511037673,-0.79147706645234284,-0.15100780424026655,-0.145303515072845,-0.079429773635855128,0.98619359132354589,8.7463831745517435,3.3909994012593829,0.29660939552462295,,0.7502898176231534,0.2,0,1
-0.79231268664551291,0.58954948201044288,-0.1570732785733753,-0.59759009063346347,-0.80178617446876765,0.0050014005467594845,-0.12299061003694468,0.09782810788295182,0.98757428639610878,-11.494055405013301,5.0992204226019915,-4.2016451976219162,,0.1581121701605164,0.1656050955414013,0,4
-0.025840778511090484,0.99634112110480111,-0.081465480797506137,-0.99734394421717198,-0.0201436772072494,0.069994922686613781,0.068097805392506358,0.083057827230178585,0.99421531180953271,3.9822531711187166,-9.4059755844837944,0.69897949578272733,,0.7485392652870557,0.765625,0,2
-0.9632884638886553,-0.10213751221860842,-0.24828061530620635,0.1184748281704658,-0.99160834495324235,-0.051735918944871034,-0.24091295197438706,-0.079251617124733109,0.96730560359903928,1.8241599192206501,-10.19082144243842,0.29257781215627587,,0.3888354740721918,0.3125,0,1
-0.86340433869298627,0.48315093505713913,-0.14525192556224051,-0.47450918158032679,-0.87547876053275375,-0.091531286738474729,-0.17138840253090323,-0.01010513777464556,0.98515171505127086,0.69876276699893214,-9.8436315461138957,-0.0061303298144846467,,0.2914688125238141,0.2857142857142857,0,1
-0.41461081837853536,0.89397427488179726,-0.17002313117057405,-0.90959443322021372,-0.41269826554434247,0.048146741026674246,-0.027126303439271301,0.17461425333075306,0.98426318949530189,16.082351503645146,2.3735205825890011,2.1118431374261957,0.2530914429268015,0.2031351060761352,0.4375,1,4
0.72777105686279742,-0.59793885553983206,-0.33588452454455803,0.67462290086802035,0.7122930246160355,0.19370748232259363,0.12342297362008826,-0.36757009143707081,0.92176949258679608,7.9997839834591655,-7.2890637077813123,1.3640544181097345,,0.1812169982311263,0.5555555555555556,0,2
-0.83999234674294521,0.53785838891817672,-0.071562636086327264,-0.51723102759206574,-0.83358195585539085,-0.19394119461413478,-0.16396622063503322,-0.12589470339392916,0.97839951050070506,5.2631081450758446,-6.9242400969815359,0.70098655486886041,,0.4417259757892523,0.2131147540983606,0,3
-0.74370710343176294,0.6317600721689931,-0.21858397818267505,-0.64205847038424857,-0.76608280523025052,-0.029632012054317841,-0.18617374925852001,0.11830615682870062,0.97536812965333619,-16.840731104991224,3.1785636583560146,-5.21174836926156,,0.2009335076873989,0.6578947368421053,0,3
-0.96895147713512719,0.080454770463333311,-0.23379492053367526,-0.060282575986820963,-0.99391470242119417,-0.092193141520301003,-0.23978958690912389,-0.075236920595419463,0.96790513987129478,11.518184075431792,2.1956956080224752,1.0686966387795056,0.1617558239465922,0.1492933396010848,0.3225806451612903,1,4
-0.86386237875756255,0.49860942236876438,-0.071627051401083844,-0.47360990677048359,-0.85238950981744632,-0.22164336164665016,-0.17156761575594615,-0.15754608049158605,0.9724935916218469,-13.425454643215005,17.247340019146215,-5.9678870904213497,,0.3785680704938096,0.125,0,1
0.18432517124509196,-0.87577407224504289,-0.44614348098879747,0.9828555779217284,0.16221908823975364,0.087634926592127099,-0.0043754078223699209,-0.45464793169440121,0.89066049312428286,-12.160314987396887,9.2756078760475127,-4.8057273997243186,,0.7933003777891239,0.5487804878048781,0,2
0.8811446555855561,-0.39882046244201219,-0.25402034302502496,0.43897690934877293,0.88962185710198316,0.12598501666871997,0.17573664669502193,-0.22252008921434038,0.95895851886535288,-0.25389169810036083,-16.909937263811308,0.51193484115279098,,0.1279808176837557,0.25,0,4
-0.046743565218438581,-0.94896082363092682,-0.3119108756109385,0.99542115153969435,-0.070314618350065347,0.06475017771151792,-0.083377276149188828,-0.30745602882363093,0.94790243177341005,19.654340635707182,1.7828750950160792,2.9405182317381771,,0.1283958532105609,0.2142857142857143,0,3
0.59731347149040181,0.78702379782063181,-0.15430540638640297,-0.75596789367784867,0.6167548704190684,0.21937632858317688,0.26782300219428656,-0.014386503339803125,0.96336071542143142,12.596996946326369,-5.2938784855924421,2.1488222381818121,,0.6078412511715282,0.4666666666666667,0,2
0.35661431052192338,-0.88341296806812253,-0.30398644933622021,0.93415850463874794,0.34177067618344209,0.10266787770383606,0.013195519772642746,-0.32058436136246871,0.94712805127276578,-8.086573951272257,10.203480758129485,-4.054873851630501,,0.1072916504257667,0.2549019607843137,0,4
0.59978726680147232,0.79991535268714598,0.019765199675653593,-0.77379658281755304,0.57356062699991195,0.26882532539800974,0.20370096465823928,-0.17653225113521612,0.96298612726582733,-17.087858762889997,11.154493570944316,-6.1268728201593508,,0.1135882673998256,0.3333333333333333,0,1
-0.19679778878770876,-0.91640523669117813,-0.3485284385717391,0.97282598091673722,-0.22674247764936906,0.046877069904307546,-0.1219845940340679,-0.32983221642891625,0.93612524152697252,3.3221986120570857,10.189415965072522,-1.595228698827613,,0.6332641339227933,0.3648648648648649,0,1
-0.51565760099384594,-0.80105640633419339,-0.30398334232029794,0.8310618754236675,-0.55393153809758555,0.049960087251120514,-0.20840680832105282,-0.22686666782890547,0.95136644741847043,11.59066942274702,10.687636655410685,0.31895392730783872,,0.1599848899600828,0.1333333333333333,0,4
-0.039428092332751706,-0.88558723597842615,-0.46279657843062139,0.99552731004811301,-0.074609472417980938,0.057955168655414446,-0.085853366173767445,-0.4584415710836014,0.88456798801394076,-12.017800701263807,-12.936264893310899,-2.5741632869644673,,0.3368901201258352,0.2,0,1
0.82083906948201557,0.53609779041097616,-0.19703395932774437,-0.51948850118508139,0.8441311664326433,0.13256798630718422,0.23739191045268485,-0.0064601063097615386,0.97139247880457191,7.2915589238298759,-8.2323413519559523,1.3194608793500668,,0.1161047406144916,0.5454545454545454,0,1
-0.090791043226225651,0.98641462784137712,-0.13690569181174125,-0.9941563156811285,-0.08171294965057839,0.070542284133184335,0.058396973048425324,0.14251026573534922,0.98806913609262292,-17.796729811007268,3.8488144707066487,-5.5068855432076331,0.866016925691369,0.5735717752611621,0.7012987012987013,1,2
0.92421615103518751,-0.25044017182799222,-0.28827803679862413,0.32692469667614227,0.90903979139659596,0.2583929185578529,0.19734423951287636,-0.33305611838307159,0.92202433435277931,-0.51580950574096662,-17.913313411577963,0.50649513479996255,,0.3109718172739817,0.1538461538461539,0,1
0.46551622393130798,0.87969241675068954,-0.097138546252595812,-0.86780954162135404,0.47524754928580154,0.14507365842486822,0.17378505323436791,0.016763615635384661,0.98464091752433158,16.084234426721366,-7.4092671519163966,3.17644212281294,,0.07995511032973211,0.2727272727272727,0,3
-0.24309627196456687,-0.88604188947711493,-0.39475811916761683,0.95956027883407291,-0.27921739168094578,0.035801109853835514,-0.141944615399128,-0.37009109456283112,0.91808730951063711,-0.7747786764025264,-9.9835927889443141,-0.33113213627988025,,0.3086973323914428,0.2666666666666667,0,3
-0.95731642327458211,-0.14025417027290807,-0.25273312693396316,0.15735137829831017,-0.98634345421659197,-0.048653202070398985,-0.24245785092750172,-0.08634441525159077,0.96631197471545272,2.0538454613077923,8.7465715172117733,-1.7675449459405326,,0.1271972516824872,0.12,0,1
-0.88132118971986362,-0.35430716825386127,-0.31263299741821005,0.40513989508467019,-0.90711038502183605,-0.11407197200153429,-0.24317612128156574,-0.22719414585210268,0.9429995727088043,0.43998874477346039,-0.24713637662284171,-1.0664940394432194,,0.4321038994855625,0.2545824847250509,0,1
0.63357432754673848,0.77326221772164672,0.025477718066970509,-0.74474812421364012,0.60062806695288773,0.29085418454734857,0.2096039192237685,-0.20325222712836161,0.95642810979884862,-12.682660732611069,-8.9342774205262767,-3.1074363696286293,,0.1712136086763995,0.25,0,1
0.9116997170717891,-0.29377905557657508,-0.28722376711503927,0.36348423679182279,0.90262446605493951,0.23053911356405457,0.19152763637419187,-0.31458375638861213,0.92970652612603777,18.296238804107819,-8.1729115022255723,3.6712025148425247,,0.07891933877468879,0.3333333333333333,0,1
-0.20279717035474851,0.9789875938888275,0.021368170438109138,-0.97911919741028708,-0.20304213936772139,0.0099743121875736761,0.014103366929336612,-0.018899223601612978,0.99972191852960479,-16.063385920210226,4.6296070524042632,-5.2347386756867129,,0.2151822622221483,0.1304347826086956,0,3
-0.54263505416877911,0.82650456996000021,-0.14979116737138184,-0.83734315615712707,-0.54635672209184927,0.018728883091912583,-0.06635990373762736,0.13558955734231401,0.98854025467638307,-9.4408567617333308,9.8331762588335909,-4.3188749021795845,0.9299276396176137,0.9199709994037157,0.6363636363636364,1,1
-0.78971708191498968,-0.54283708503524053,-0.28578808519970916,0.56776891161510312,-0.82317059513235891,-0.0053511038897451632,-0.23234757053835189,-0.16648744823523673,0.95827790126092605,8.509913863494468,-5.6481250388274216,1.3311928846581402,,0.1166120147792513,0.3571428571428572,0,3
0.7472700547481812,-0.52613498322469421,-0.40591802707419172,0.64006981409797858,0.73405641723593296,0.22687399453293011,0.17860038733785677,-0.42935201844395676,0.88530149999922114,3.8484720980439597,-10.952271345677756,0.82831795152600174,,0.2385220650488236,0.1052631578947368,0,3
-0.56380794923538136,-0.78129337075465632,-0.26777091924594892,0.8022228191142412,-0.59514325343100138,0.047360916249179541,-0.19636482595259444,-0.18810948064993838,0.96231786766027461,-2.4097317591802017,9.5230164057826396,-2.7440866742858807,,0.1068998985867343,0.4054054054054054,0,3
-0.89846704570108205,0.43557073147270581,-0.05509179315925529,-0.43398563985534444,-0.90008923485914039,-0.038676009230981773,-0.06643366758291587,-0.010840072648270352,0.99773195831168171,-13.954542305593826,4.8661045276859811,-4.7403763149030356,,0.2676557813408456,0.1607142857142857,0,2
0.28149455229738118,-0.83834966781967635,-0.46683043119909778,0.95954493252491635,0.24296018236280909,0.14228096236666574,-0.0058599908405164861,-0.48799609040736097,0.87282614320062635,-14.221098539400002,-4.017606944492746,-3.9410329113014,,0.2981316023421937,0.3461538461538461,0,1
0.45506362042144433,0.88696501194477517,-0.078804625211543994,-0.86015901247952475,0.4607439574504783,0.21872695060993169,0.23031190724575093,-0.03175016942751728,0.97259876214302676,-18.055816369800787,19.473822015791125,-7.1036332139032092,,0.3611969020315978,0.4,0,2
0.93472731331419023,-0.20364341213230458,-0.29122879397399526,0.29198768913169809,0.90723204823625103,0.30277582474264197,0.20255379320063657,-0.3680480557592562,0.90747594431580669,20.141968725527615,0.22141095103046976,3.1902435770161195,,0.4160068925776144,0.2592592592592592,0,1
-0.83298421783827681,-0.48819183108704661,-0.26039590797904488,0.49913337147683579,-0.86610168555472111,0.027087778746854217,-0.23875336711871026,-0.10740859527592783,0.96512186968813973,-8.1026770726221375,-6.3986281581443647,-2.283386344668163,,0.8565500950727071,0.5096153846153846,0,1
-0.78992832706649274,-0.48537125383748064,-0.37473721999044096,0.56696279687372186,-0.810915434266407,-0.14480796051892592,-0.23359457412161508,-0.32684997233708951,0.91575251598026497,15.690034941788664,5.4447857975199456,1.6724360885154081,,0.4277300364095485,0.3333333333333333,0,1
-0.71353722848375045,-0.57614956350597835,-0.39864307850456804,0.66428912131528417,-0.73718952065728194,-0.1235782097914308,-0.22267596832594252,-0.35299191365378024,0.90874205472463232,22.029078732946779,0.79636017789569602,3.579060115207561,,0.4587962213973846,0.5555555555555556,0,1
-0.79879998511027939,0.583729054284155,-0.14552997963424397,-0.58730590871341448,-0.80907705935919283,-0.021588923293938952,-0.1303470497484614,0.068225385328388816,0.98911826563796978,23.690025744155871,2.8559217317011698,3.8453134401349351,,0.09644299651877672,0.3333333333333333,0,2
-0.896622335592696,0.38522545989528084,-0.21833399269185799,-0.40233488781252741,-0.91468734155719522,0.038388868750092134,-0.18491896972776975,0.1222636996148089,0.97511874271358379,-5.7422084706866183,8.7573189381817311,-3.3910864983219948,,0.2068820451046753,0.5,0,1
-0.10397143541248312,-0.91434631278673362,-0.3913575870116402,0.989446867676959,-0.13501799696266711,0.052583614752546734,-0.1009199517564435,-0.38176034470528086,0.91873511010953712,10.348258481004613,10.517530881902969,0.020189608999200387,,0.1790165171580221,0.4545454545454545,0,1
0.20718072410419452,-0.90527887273286123,-0.37087236368214738,0.9780322559147302,0.18274997656300079,0.1002763803523405,-0.023001172796321297,-0.38350046760042411,0.92325421060521118,16.413389373394569,-0.79340944391137058,2.4453072820071808,,0.1657750998647083,0.4,0,2
-0.86711760207076061,-0.41248718953214653,-0.27921565617086214,0.44059204546974345,-0.89664512144006892,-0.043659771718500384,-0.23234825940351184,-0.16087835363899955,0.95923534217759276,16.756578136005984,7.4353848433561147,1.8251748502828478,,0.1798366470101824,0.375,0,2
-0.18747619558779766,-0.87551254766813236,-0.44534307557610248,0.97492366179205447,-0.22119375623348161,0.024437182351790258,-0.11990216747789603,-0.42959411201619058,0.89502646282393428,9.1393025582054292,5.2415911387472294,0.21945334965760735,,0.5711245629930991,0.171875,0,1
-0.71144419004920734,0.69863678474133051,-0.075853855877762888,-0.69260508727389392,-0.71535249979893645,-0.092568861469369518,-0.11893425716567174,-0.013320812201573587,0.99281277108765154,-4.3162636000967955,-18.621147141245963,-0.30440978844723515,,0.1922856171047003,0.125,0,2
-0.13417149323212227,0.98866061314554943,0.067440361939477875,-0.98999627995214345,-0.13672827069306295,0.034824498190217976,0.043650613796126121,-0.062093252515468468,0.99711536539523404,6.626194680629685,-9.2724602983491771,1.2891566024123517,,0.7885604197211202,0.3939393939393939,0,1
0.96807755284383867,0.12270663350011758,-0.21856105274031024,-0.07611074071207248,0.97471025203444384,0.21011206468741961,0.23881584291697328,-0.18676992979068816,0.95293440828728448,-5.7606841813326017,-10.710976680785746,-1.3611758551780866,,0.3757258830708734,0.3478260869565217,0,1
-0.88992601240136848,0.43572709322576908,-0.13480946806667846,-0.42663998738240666,-0.89975502343476821,-0.091756302073693188,-0.16127620288727881,-0.024141210262140597,0.98661400169941849,14.603519870984606,3.237612341559585,1.654614373279089,0.5118354053936039,0.2263966341269901,0.1818181818181818,1,2
-0.35242533094728945,0.9290563219446113,-0.11247549404845354,-0.93551221437745979,-0.35292861262665043,0.016071438641546924,-0.024764548396343664,0.11088618058251369,0.99352452012949677,18.950658149636499,6.6644587478997614,2.3921372248547352,0.326853236482846,0.394601408420783,0.4,1,2
0.3900620401320985,0.92068076642102936,0.014090109664983501,-0.90617744496913788,0.38111236515262931,0.18329158015842983,0.16338311747910286,-0.084263227271182961,0.98295761121863989,27.243139095208104,0.48461476250251689,4.8916319172418072,,0.2160794566096751,0.3333333333333333,0,1
0.37999368525538779,0.92320440943897442,-0.057431851428143568,-0.91081394203847188,0.38427669067825909,0.15082900248196668,0.16131572196896607,-0.0050043374986813724,0.98689016331698798,22.685805871855099,-4.0495847353938794,4.1426354004502839,,0.3012233531318605,0.2727272727272727,0,1
-0.89642088826777633,0.39371302421913851,-0.20351817028814062,-0.40104653385390154,-0.91604024014062602,-0.0056529750465796752,-0.18865648348515313,0.076552811857736283,0.97905484945210919,10.861367228580768,5.6375693299732301,0.53300129946465435,,0.07541203002733024,0.25,0,2
0.4446171320924433,0.89571586993532915,-0.0029472352952826563,-0.88094502607596814,0.43787559584310787,0.17944587929805833,0.16202304429278219,-0.0771883599452549,0.9837634320338704,26.21897138164308,-0.31034075125300964,4.7208739765455041,,0.1750785504313434,0.1428571428571428,0,2
0.53761443387131036,-0.74858718771661259,-0.38805662329067797,0.84068981735683757,0.51130037599643918,0.17836074819989645,0.064894926502440817,-0.42212456442670193,0.90421208829666166,9.2932863512086747,18.422783121763185,-0.85429104576743953,,0.4655269910476131,0.25,0,1
-0.14640799114606057,-0.9408898461347327,-0.30543575031278525,0.98645153594974433,-0.16196573570026576,0.02608577546215406,-0.074013967269464284,-0.29747839904710838,0.9518553118774955,14.811646867397551,-7.2161977321474788,2.8772578520879954,,0.08216486513177965,0.3529411764705883,0,2
-0.94227760937869065,-0.1756743667398333,-0.28504635365873071,0.2289445031154006,-0.95924353122941719,-0.16563895160185063,-0.24433035291756508,-0.22133767113863936,0.94409338202219262,-4.5070144893928603,16.968319700911128,-3.9129005141324638,,0.5045670460069217,0.5,0,1
0.22198325390230098,-0.91789366296652763,-0.32892956460743511,0.97481663182161393,0.20153280107380259,0.095483320089482612,-0.021353437917817918,-0.34184170836402822,0.93951491585384228,-4.3835212818466207,14.344791233760702,-3.689796024153571,,0.4157351578526096,0.3478260869565217,0,1
-0.94471576738673591,-0.20977880767711032,-0.25200192598561649,0.21887334376777415,-0.97571809425339329,-0.0082861290382898016,-0.24414458470095932,-0.062984540929464455,0.96769125725362448,0.79037305213852116,-3.9941326270481379,-0.57019407000156785,,0.07454305178706372,0.1857142857142857,0,1
0.96044706863334639,-0.091553821703524552,-0.26298160788368835,0.17346240422041598,0.93549579888286405,0.30782853115749897,0.21783531090179972,-0.34127043236118415,0.91437534378411889,21.954648928488481,6.7516822881607714,3.074334916373771,,0.2742401179885392,0.2222222222222222,0,1
-0.75352626269106926,-0.59121433524939282,-0.28751309749374548,0.61638362736949937,-0.78743700738118805,0.003766074531475211,-0.22862501032399643,-0.17438052988271682,0.95776930179045483,4.2056860988202116,-11.961650617815085,0.98751191484858336,,0.1157127686420137,0.1304347826086956,0,1
