axis_00,axis_01,axis_02,axis_10,axis_11,axis_12,axis_20,axis_21,axis_22,location_x,location_y,location_z,dbh,dbh_approximation,score,reconstructed,number_clusters
-0.32400534114086305,-0.90588356122267999,-0.27275540768004836,0.93463754501099694,-0.35115994503258258,0.056029924687896922,-0.14653736167957596,-0.23677344975995498,0.96045048551227286,-8.7723374950387694,-14.381941426023332,-5.8682188636986661,,0.2731565191108379,0.1875,0,3
0.56624643161153443,0.8192289883231455,-0.090712972491478749,-0.81071738932920012,0.5734269490115258,0.11797817080536047,0.14866840056464586,0.0067378660099918211,0.98886415034380792,-5.500763465185587,-5.8704457387104458,-5.9384811218698514,,0.5977106752403103,0.7170731707317073,1,4
0.97616884247749014,0.095729242341194745,-0.19475703616799087,-0.076457558256507546,0.99161456529026437,0.10418635078384351,0.20309759417977372,-0.086812822007939258,0.9753024665063692,-16.849885328642205,14.153460529693545,-9.819797803911861,,0.2664807664424983,0.7534246575342466,1,4
0.77984525007448857,0.61297568672873415,-0.12689441837881149,-0.60167097246374046,0.78994241421304667,0.11824983349587152,0.17272355609700893,-0.015867882867654261,0.98484251708712434,-16.846002885695761,5.144977242061028,-9.0621441602945954,,0.09024339138168802,0.4146341463414634,0,5
-0.87859019449200415,0.47020082893785148,-0.083608914648263255,-0.45902145055495558,-0.87973841341997883,-0.1239339819570227,-0.13182783497019029,-0.07050889603061776,0.98876181029994092,5.9262718453618843,11.916219516303595,-5.3769416924656586,,0.5845368376499537,0.5263157894736842,0,4
0.11156515913244705,0.98444319878362829,-0.13573799628847183,-0.99060989044463288,0.12103166665253634,0.063587582282870897,0.079026958824336122,0.12736924289626106,0.98870208644616975,2.8942946120140638,-8.4069711434860981,-4.0221959128686775,,0.7098439081055672,0.6159420289855072,1,1
0.56684151937992366,0.81101739489512525,-0.14471170334352687,-0.80724294142010555,0.58186260847662108,0.098968370625158383,0.16446739930599064,0.060718119489222164,0.98451195245726542,1.832224173682963,-14.779256506863558,-3.8330265945342958,,0.09217629889822608,0.1428571428571428,0,5
0.30193746549570633,0.9402773234379237,-0.15720153293923508,-0.94758829293873315,0.31407834287463637,0.058576630345055419,0.10445187415976881,0.13127585294157679,0.98582780262020153,3.2905487182379596,13.488207573113019,-6.0049695117665767,,0.1288785816219825,0.2692307692307692,1,5
0.79729727970291953,-0.56739297164721636,-0.20586953029446584,0.59050034982744104,0.80387645023823673,0.071358178270186104,0.12500553840527576,-0.17845971107706851,0.97597425523949888,1.6035690454948492,-8.0782843372995892,-4.3251343459426188,,0.16799509138034,0.5779816513761468,1,4
0.26471057163655731,0.96393817763969958,-0.027413554174914069,-0.95824614985240197,0.26612246564632752,0.10460950994706578,0.10813246301131399,-0.0014223104348262217,0.99413547742555308,-16.533343347480518,10.632908019011477,-9.4704691613612582,,0.4932705413022352,0.1875,0,1
-0.30466123789609501,-0.91239554859917593,-0.27334208058772647,0.94472086418477019,-0.3259859978432505,0.035151358211594125,-0.12117763365241384,-0.24752271028442691,0.96127440879066994,3.9472934628728997,8.0708404049100082,-5.4724491778957178,,0.5491568747888547,0.6126126126126126,1,2
0.4224097217559013,-0.87350516187184657,-0.2419891715538931,0.9057599778507236,0.41685800079194224,0.07634310512154914,0.034189025870256073,-0.25143217645914445,0.96727088819578277,-5.2791793337288544,-11.263553733552756,-5.5033436585354067,,0.4482424230426543,0.7914691943127962,1,5
0.56541872814747651,0.81085360103799664,-0.15105661039426155,-0.80933744498535165,0.58073259201872429,0.087878078676064161,0.15897975344260906,0.072567859627575323,0.98461126529427823,-6.4624731633020644,-13.084426495967879,-5.5531597509840305,,0.07305242411343413,0.24,0,2
-0.86850507218817896,0.47809738433561305,-0.13085041335376638,-0.45893875460052141,-0.87534334651209478,-0.15214876024052551,-0.18728096301847832,-0.072089644252498558,0.9796575544966819,-10.65749312018025,-2.1806515542261051,-7.2616075767093928,,0.1916275827118986,0.2903225806451613,1,3
-0.08306816121866839,0.98688968295083668,-0.13837786772800209,-0.99570389671774928,-0.076494049305461678,0.052176723564677611,0.040907586739387616,0.14211760660119738,0.98900412296466611,9.4816032535889043,-5.793958898664795,-2.9843980854076064,,0.07668057907113546,0.3448275862068966,0,5
0.85631758719512563,-0.43648752498869592,-0.27604135630293031,0.49573565617252069,0.84456377280543982,0.20238130561848214,0.14479761413614139,-0.31014621421820365,0.9395972417725571,-9.8697495978924081,23.047124254472223,-9.4246388320224614,,0.1898481693822103,0.6153846153846154,0,1
0.93164991588314028,0.31113641045190205,-0.18767676554662924,-0.28544566776747277,0.94629498517364985,0.1518109738720623,0.22483150354814693,-0.087863161372147336,0.97042818378588547,5.0810586324985927,-12.571760829250534,-3.2713193737260924,,0.3041984711435902,0.3333333333333333,1,5
0.89414226605617875,0.41620852203056674,-0.16516680732233494,-0.40226981829901365,0.90864431052766415,0.11200227779551877,0.19669418226678839,-0.033704348900954889,0.97988540938599666,-22.503773126340732,8.1479367013452766,-10.468637240820705,,0.1185213036095099,0.2682926829268293,0,5
0.97537679350111883,-0.071006016041352343,-0.20880195493675949,0.10878280073746152,0.97846586044313066,0.17541625412429274,0.1918499751451406,-0.19381100493320777,0.96209712680352066,-2.0637090726587393,-14.351745949454209,-4.6138343655626004,,0.194360004163143,0.2142857142857143,1,5
-0.86785310142793393,-0.39938244326298922,-0.29550745905171777,0.45421705479053215,-0.87880728601287861,-0.14623481523937523,-0.20129049028538837,-0.26113486566133748,0.94408194583770333,2.5833300854428529,-6.2532009886620807,-4.2658439277901703,,0.1288922065566937,0.2857142857142857,0,1
-0.57780281443301074,0.79590288757666328,-0.18078302237882307,-0.81309891107235077,-0.58054282370761401,0.042897443450028022,-0.070810087178664771,0.17178074219399644,0.98258704864507063,-12.710774110828066,-11.636579863307537,-6.8373925102010347,,0.07736763017976647,0.1935483870967742,0,2
0.89101600061437503,0.43336450454212044,-0.13522460150478222,-0.40973904581464216,0.89594331802384308,0.17146278086900849,0.19545946122935853,-0.097369282072888141,0.97586619058380097,2.7014470238821735,-12.065063754169945,-3.8474173151644977,,0.9188027982686979,0.459016393442623,0,4
-0.69046477115909521,0.72231200487342873,-0.03903546341401138,-0.7141493283122321,-0.68926094028791252,-0.12210689196196294,-0.11510489415922452,-0.056433357237992123,0.99174903051701702,-3.4936642208562532,14.862526550279332,-7.3995746371125186,,0.3092229108219386,0.2954545454545455,0,4
-0.73247357513288969,-0.62525479139085571,-0.26933048021867473,0.65510493856967256,-0.75498412504462664,-0.028922143631236644,-0.18525652807301993,-0.19762443364467408,0.96261342294451369,-9.2090130364508926,5.0493675507776805,-7.5497857134057451,,0.08337694007246173,0.3419354838709677,1,5
0.97592995676491001,-0.082770887121218675,-0.20176644848440237,0.10478457071933052,0.98935588843486832,0.10097088569691083,0.19126137411408548,-0.11968252280270275,0.97421516130040464,-19.529344559476716,-3.8405960600071207,-8.8210532226055669,,0.3767616769723401,0.84,0,1
0.83579413721907514,0.53924149054649118,-0.10328008067106086,-0.5112210638357072,0.83293538555581859,0.21182933550305935,0.20025280043212854,-0.12424676399077202,0.97183412039139261,-2.2413199213931936,-4.1612838979497102,-5.3939350739327976,,0.1219631260168259,0.3028571428571429,0,5
-0.80328373884260773,-0.55025044994361827,-0.22794665439064299,0.56296346349947313,-0.82640830206468952,0.011020755111813161,-0.19444118307529143,-0.11947284467778768,0.9736112497854974,2.3486494796414128,8.2177472499416222,-5.7597760916098988,,0.08723521540069255,0.3333333333333333,0,1
0.66509759069061192,0.73566141001900898,-0.12824774721759483,-0.72649302128582582,0.67717256495392775,0.11681270177815541,0.17278045283114934,0.015479246834499187,0.98483872184073906,-3.5186333470667783,-4.7270974524226483,-5.5996451354219001,,0.08307968692541826,0.1808510638297872,0,5
0.11311574940468581,-0.96671755429668504,-0.22948201988664604,0.99301568296837817,0.1021989233045096,0.058951110712579038,-0.033536258220978166,-0.2345475437731924,0.97152600021538316,-3.2134662278630368,-7.6995937701392849,-5.323144190102103,,0.1922494902740923,0.6,1,5
0.73014921276281985,0.66387463427840032,-0.16171764611060846,-0.65774853015649637,0.74699171258239394,0.096800064102207539,0.18506484857693556,0.035691053430003838,0.98207797578718425,-13.764120541134169,-0.23397612343971014,-8.0743375977733844,,0.07600258365119114,0.2121212121212121,0,1
0.62945550835451769,-0.67715888496752719,-0.38110576945474295,0.77273728604652636,0.59703438499932182,0.2154693246889933,0.081626281035000969,-0.43012299129204601,0.89907250130697358,4.5116835030145843,16.40248935254267,-6.0179399166266592,,0.4308180417234829,0.2,0,4
-0.86171880908564158,-0.44401734266363485,-0.24553878203238946,0.46622088917819082,-0.8838565286121719,-0.037890887077751484,-0.20019684453537734,-0.14712659937470909,0.96864595554542676,-10.616573575195162,8.1974367497365677,-8.1525074953439898,,0.09678900755160244,0.2865853658536585,0,5
0.63141042237902623,0.76307397239700803,-0.13798185084057818,-0.75641938752306515,0.64526443872398065,0.10706780233785804,0.17073543478250858,0.036768420804788024,0.98463063863621003,-13.340102695031893,17.183598191056408,-9.4740035207245512,,0.09592901454465477,0.3478260869565217,0,1
0.67061195640416682,-0.68124116726260431,-0.29358146391497497,0.73617735251159877,0.65985416138666575,0.15045062761488384,0.091227789498530568,-0.31702201457845791,0.9440204090462383,-0.71313606093403059,-11.587793683717242,-4.5500136879636539,,0.4412410417998329,0.635593220338983,0,2
-0.11251810022172183,0.98914415872294981,-0.094517249149363214,-0.99325329019735731,-0.10927669770550923,0.038813719877161396,0.028063831431551767,0.098246814721124662,0.99476629655539428,6.3536295398749028,-10.031269845966724,-3.2155780158828629,,0.2161239431179301,0.2,1,5
0.96167625584940886,0.202264265577663,-0.18511603335689555,-0.18236033035572591,0.97599795373854925,0.11904916719874614,0.20475226213161382,-0.080728936376575383,0.97547903615787357,-12.812578110270389,2.8192134574860739,-8.1049052685707625,,0.06717544775831026,0.25,0,1
-0.57886891921690709,0.80632600237234475,-0.12144608788629141,-0.81233122740222552,-0.58319633521253023,-0.00010761909155678949,-0.070913689453057913,0.098592152288653007,0.99259802344919434,-7.5600739972080611,7.9448538391698857,-7.5158081622006545,,0.8205876391144932,0.6570048309178744,1,5
-0.80288166873072286,-0.55963234742794177,-0.20540852399173265,0.56322841457729678,-0.82500727909310745,0.046224911640071323,-0.19533248329173289,-0.078578783114015546,0.97758406074127757,-5.4449432698657381,8.6386166764010373,-7.1201210670268562,,0.7232502223767939,0.7892644135188867,1,5
0.30896864349455883,0.94710999859642009,-0.086723860014544768,-0.94511528576219428,0.31594408788299189,0.083285232487101124,0.10628016727394844,0.056231520435378435,0.9927449532250201,3.7182919305583231,2.0157264002656312,-4.8408394398307015,,0.09442451936937797,0.2142857142857143,0,5
0.89973082951722749,-0.30721512461028427,-0.31000532515898999,0.40398700418011718,0.85501967703023629,0.32517049734667813,0.16516335813314503,-0.41780404390311926,0.89339848109809583,6.5245737408381856,4.9514724124709266,-4.6289118803964158,0.4070074818965039,0.2598227159915282,0.1935483870967742,1,4
-0.96895714680852307,0.1360306704378455,-0.20644055887571128,-0.12690506283062133,-0.99028242832605506,-0.056884243658562331,-0.21217245975065135,-0.028920042338850704,0.9768042170642367,-9.0144735047350402,-6.8789066267255023,-6.5437657360954136,,0.1676388654911866,0.3186813186813187,1,4
-0.52524935433538122,0.83777736518091317,-0.14913819819480564,-0.84902253354831991,-0.52773373615587271,0.025648416133483374,-0.057217596047526478,0.14009350489402261,0.98848366531220488,8.0112431071722003,-7.5808832441215834,-3.1259642262061398,,0.08718925357264658,0.24,0,3
-0.48884664588631827,0.86041516873780011,-0.14392600255548257,-0.87098480416875612,-0.49067504396571443,0.0249694240293734,-0.049136826442201915,0.13756358033705124,0.98927338670968079,-14.864621858433422,-5.0290390007769341,-7.7794013952024033,,0.07016252297896763,0.1764705882352941,0,1
-0.69543530099462703,-0.66663170508873426,-0.2682758131121768,0.70392459260818807,-0.70702411788854491,-0.067875361106379359,-0.14442960240860969,-0.23604886463275335,0.96094798165856976,-0.52427743561283791,-18.099148775954507,-3.9253257220998821,,0.1941023930697862,0.1304347826086956,0,3
0.4118051426168492,0.90215341703556684,-0.12859135525130361,-0.90123949640860312,0.42407755200665964,0.089025838930086698,0.13484767193942726,0.079230309951995689,0.98769360803714168,3.8595799488408926,-5.3141755819782794,-4.0967891542659238,,0.07266537098589941,0.2068965517241379,0,3
-0.83867378483529942,-0.4979026508037116,-0.22072433701944319,0.50720603778338513,-0.86166654350809113,0.016516750131281524,-0.19841451022068615,-0.098100551076215486,0.97519637202587528,-24.995926240600507,16.037373237793144,-11.600422687868603,,0.1322712720694976,0.5,0,1
0.9748966971054116,-0.090847494465254711,-0.20328099449369619,0.13799114117487454,0.96302297837695827,0.23139833204936738,0.17474231007462521,-0.25364044603997793,0.95138407029045091,-3.3771250975815397,4.4258158258901616,-6.3721166651557635,,0.2255775441553294,0.1666666666666667,1,3
-0.92045246662120772,-0.32564614388322982,-0.21615236678074473,0.32914374627236664,-0.94405373179018226,0.020662666401572383,-0.21078816613065984,-0.052126197511554541,0.97614097780610565,6.3359896408015999,-5.8841638215361529,-3.6285704941831396,,0.4623033731425487,0.9281437125748503,1,5
0.82365866594273496,0.55266971160040512,-0.12705350013659319,-0.53144825673994223,0.83044614158145524,0.16709864254550105,0.19786144754729407,-0.070109883839568898,0.97771951589527495,0.18579976737497927,-4.6285587961229417,-4.8857188438761074,,0.1015730494450382,0.3170731707317073,0,3
-0.79585751382390957,0.57684598914679153,-0.18400957174909591,-0.5919956579279041,-0.80511393982175461,0.036505957037171959,-0.12709035637897073,0.13798640770000406,0.98224629935954166,6.1246708262432286,8.3457057819948339,-5.0582208978173657,,0.07547330515794767,0.2564102564102564,0,1
-0.30609423943538505,0.9463117797897278,0.10392464585300144,-0.95197099897885917,-0.30338550278654858,-0.041333446531186369,-0.0075850964177436864,-0.11158517881041261,0.99372592508305946,-17.882566212453508,14.424968037185044,-10.030174278821445,,0.6154335364500044,0.1578947368421053,0,1
-0.59737047915003705,0.78298541638791141,-0.17344263709913993,-0.79844399499150032,-0.60091667730695486,0.037233503681247733,-0.075071282805528591,0.16072642800179995,0.98413988733295132,5.1639284464331032,6.5141354932708762,-5.0749109108686863,,0.07602541851021637,0.2619047619047619,0,3
0.95533725278433712,0.22240805147442563,-0.19459031857167328,-0.17078384760932819,0.95289308907484571,0.25065441984762982,0.24117133087958401,-0.20622662154229121,0.94831796868403939,-5.7680208388608509,-4.830263036711405,-6.054678718100952,,0.2472104348843138,0.3698630136986301,1,3
-0.36065976042515235,-0.90361663342678011,-0.23108768250281983,0.92423991614200673,-0.3795363761153317,0.04162591278347294,-0.12532004875472919,-0.19856766856589128,0.97204205998527582,-14.846899831206059,-14.304387152997892,-7.0910581311128711,,0.5458343554050232,0.7435897435897436,0,2
0.10103311526784421,-0.970348210115618,-0.21958292452896305,0.99396126083899505,0.088951319434171103,0.064254764199055389,-0.042817304569889185,-0.22474877952135322,0.97347555928900054,-0.36079737211136098,-2.9241527980069115,-5.1852689321347958,,0.3814102434725156,0.9851652056641942,1,5
-0.52126165898941701,-0.79994443048601593,-0.29727965117377991,0.83981865625785723,-0.54273116843400482,-0.012145098250176531,-0.15162752873026478,-0.25599177124404499,0.95471320593489695,-7.1877761044005712,3.5997050406808673,-7.0299549826453349,,0.4546161225269082,0.9342705167173252,1,5
-0.10981885633839297,-0.91279388249401561,-0.39337913883940201,0.99246113515033663,-0.12236675491462694,0.0068755005468321877,-0.054412443509120757,-0.38965844707020753,0.919350629856858,-3.933425078066064,10.247888093158982,-7.0344381985709239,0.2456731997227394,0.3257724958345244,0.1764705882352941,1,3
-0.85314457157902546,-0.44036903222713408,-0.27967741317557265,0.46444224376014859,-0.88531018604099643,-0.022787643649488366,-0.23756629010926866,-0.14933515978293521,0.95982356079454778,9.4021683436000441,8.1074294901131356,-4.3784103425186505,,0.4297137372232589,0.5757575757575758,0,3
0.97886743614613536,-0.032352986427274785,-0.20192034746882345,0.061802020684117435,0.98803675986730055,0.1412935645749227,0.19493345708742188,-0.15078675479021525,0.96915648988580971,-15.584770430362351,11.830192133814453,-9.4058389378992473,,0.07855098771802257,0.3076923076923077,0,2
-0.45621909001325645,0.87698341247716116,-0.15087821627853198,-0.8888192264880157,-0.45731136338557388,0.029439761270675872,-0.043180140489848619,0.1475344405836915,0.988113892377258,-19.366627543998778,13.324178497689394,-10.245030273570487,,0.1403570766023537,0.4838709677419355,0,3
0.97883353469012557,0.076774880274208687,-0.18971170002115684,-0.058342631427115391,0.99318341841396418,0.10091003292891168,0.19616587043672054,-0.087705844425757656,0.97664048458446073,-2.0873053136398334,-8.2283924057919933,-5.0730688812752502,,0.1075067450864063,0.2333333333333333,0,5
-0.34354115173812932,-0.91306176281144791,-0.21976736416968559,0.93118780345993712,-0.36155892745466872,0.046523291642868281,-0.12193749115795952,-0.18866202391970971,0.97444234769462978,-14.707437690811053,-1.3731692346651658,-8.1436431876188209,,0.3145048862780754,0.9815303430079155,1,2
-0.91847413596767991,-0.32617619485299798,-0.22363888630925238,0.33643274445688237,-0.94167100076157584,-0.0082906442392182526,-0.20789004308920991,-0.082854186592533949,0.97463681120120593,-3.6136018366913571,-15.80104323974583,-4.7271641498757662,,0.2437912216326999,0.3513513513513514,1,5
-0.97073188340812111,-0.15464136848589649,-0.18375434059562248,0.18048065863786666,-0.97449946958192568,-0.13333235032124702,-0.15844981032669198,-0.16259406796484033,0.97388748152447302,19.480676311414008,-6.9944545942502714,-0.95302587792762727,,0.679066954035923,0.4857142857142857,0,2
-0.95535102274401618,-0.18132754862380099,-0.23329111310130574,0.2195389725698666,-0.96404684727005274,-0.14972079278323155,-0.19775505774803961,-0.19425240379144626,0.96081160523607068,-28.133240507224059,14.84744429918106,-12.164897361387665,,0.70429480613518,0.723404255319149,0,2
-0.1934647127902567,0.9774108385297624,-0.085085002377212421,-0.98096286625950069,-0.19121976856544878,0.033865249588928011,0.016830327534772566,0.090016958592939067,0.99579801528259193,-21.109589054276576,-6.5830075705609605,-8.8897648097823811,,0.1753151936931766,0.4,0,1
0.96134793939070917,0.24659922007383056,-0.12247025797399697,-0.21282607308167659,0.94773626166854585,0.23769947609358208,0.1746860098744937,-0.20244703746291043,0.96358704587422728,3.8302299925415384,0.18027260766437794,-4.6362210056335567,,0.3765063405462302,0.236,1,5
0.68577527079410661,0.72005703771412666,-0.10597235679944322,-0.70550394367953584,0.6934441648883829,0.14628525433165521,0.17881963935735273,-0.02555489425945345,0.98354993973844351,-17.535397246363779,-3.9310271956250769,-8.3896489690223905,,0.1076707763477773,0.3103448275862069,0,1
0.88671783745701527,-0.40826076321654226,-0.21692078266824003,0.44039142856070546,0.88868688872972246,0.12763621527665303,0.14066579678733715,-0.20870736215508423,0.96780905688903895,-13.923000011478658,10.577993618917711,-9.0017606903760612,,0.1587338217466608,0.2533333333333334,1,5
-0.080987599366571295,0.99524024635219477,0.054202036766742664,-0.99572733842753269,-0.083208058957187317,0.040043556692680393,0.044363005498528049,-0.050727418280460602,0.99772674253912719,-8.5380719766505635,10.403867491254882,-7.9005632749931713,,0.3741892200681723,0.2058823529411765,0,4
0.36444343471169738,0.9276324633410199,-0.081725123746695591,-0.92239763286456156,0.37165120929315587,0.10515695657819689,0.1279202477381696,0.037059298250328512,0.99109183158363234,4.4951801155827376,4.8059469341645347,-4.9193782348162012,,0.3335024434789571,0.7263157894736842,1,4
0.589866123793924,-0.75037161080416614,-0.29832935105264741,0.80505135530031025,0.57522680161597528,0.14493599287889264,0.062851183994148005,-0.32566328070849176,0.94339448602836184,-29.48401055065202,10.130231998855738,-11.988229489831946,,0.2425482145645404,0.4285714285714285,1,4
-0.88924576832417446,0.42372896289044115,-0.17232448904709019,-0.43030806246235576,-0.9026816373865213,0.00091263633658849588,-0.15516744148642422,0.074964174996998978,0.98503981522046979,-20.790045022241397,11.730842868222028,-10.440338368343392,,0.08673396152597984,0.2424242424242424,0,2
0.019690489572539639,-0.97744927772852386,-0.21025031293289703,0.99836259858542487,0.0079261696333780812,0.056650662667798973,-0.053706669661705377,-0.21102152805562358,0.97600487105901168,-9.2066810867985627,7.8965839787327434,-7.8106676996710984,,0.2527242838945035,0.8723404255319149,1,5
0.54483466451261853,-0.7675137381028535,-0.3377541267975972,0.83621596414017119,0.52728942686540492,0.15069413270952833,0.062434362834472693,-0.36453878002119011,0.92909279848576798,-13.347318777382945,2.1612998094625917,-8.1442943463423347,,0.1993913849455764,0.425,0,1
0.84144404334034251,-0.47430214965841427,-0.25886172516705824,0.52251188071490917,0.83628428393266518,0.16616236324450948,0.13767082638971442,-0.27507465764159189,0.95151493749942595,-1.205652997253873,-15.621828977330523,-4.3147578536117859,,0.3379365781795643,0.1875,0,4
-0.71719704967076559,-0.65846699240195239,-0.22814384028651644,0.67175960874035245,-0.74034634268176158,0.025026404910628151,-0.18538451933362893,-0.13530895312162314,0.97330574189027164,0.52707062757921364,18.769574611178527,-7.0457711360640252,,0.3482868914435521,0.7684210526315789,1,5
-0.961142581865984,0.21730940305611945,-0.17023971530575396,-0.191372231735909,-0.96897172328996439,-0.15643039469647402,-0.19895126600353319,-0.11777275919273597,0.97290696931809562,-21.398656538266302,7.0935319744603698,-10.125808586349585,,0.3279311752140681,0.15625,1,5
-0.47870718859913602,-0.799421327661194,-0.36299444687753296,0.87118689547644457,-0.48381825281545154,-0.083386398127745329,-0.10896247396983205,-0.3561536734655682,0.9280526602210436,3.9341719466296672,-10.604191217030921,-3.6701534430285614,,0.6061479375547154,0.1739130434782609,0,2
-0.96992493715225381,-0.12133165100936516,-0.21100769358850086,0.14092856005689147,-0.98674924536428332,-0.080405644909475674,-0.19845593276717166,-0.10772445050386274,0.9741717946610613,-10.640642809171885,-12.797756420404466,-6.3808883902548219,,0.4503256436194961,0.5785123966942148,0,4
-0.46495393798622814,0.88406930134636974,-0.047321305645978327,-0.88426305021322105,-0.46635650747126306,-0.024299505485000171,-0.04355104566722505,0.03054633130421611,0.99858411166268002,8.5035739831873141,0.4921289564239496,-3.7682816169523932,,0.1448722573232495,0.4130434782608696,0,1
0.47679415772213524,0.87762445793431598,-0.049423091744021631,-0.86583775010396191,0.4786026864093102,0.14582338309304232,0.15163219202052189,-0.026735358559213947,0.98807535084413567,8.4402614621159096,-12.181468559543216,-2.6208281724911564,,0.2144844646589931,0.2916666666666667,0,5
0.57611725279039783,0.81285383806523426,-0.085776156243236756,-0.79978891555642617,0.5822615255951904,0.14597673227140764,0.16860190268891326,-0.015496894985145818,0.98556240018351871,-2.9907964313660211,-2.2204845340896533,-5.7327117271586046,,0.1895774163994302,0.1490683229813665,0,3
-0.8747243632529772,0.45661630107163065,-0.16235406347651785,-0.45792601995947724,-0.88843217906372429,-0.031496403733696526,-0.15862234576423212,0.046795478411333753,0.98622975752332065,-0.50983123334486147,-16.557547280582618,-4.1134868139127434,,0.1690488180027849,0.3050847457627119,1,5
0.3384983575611567,0.9364234489319665,-0.092357924504398739,-0.93307550459611477,0.34672387289141721,0.095669528533810916,0.1216098871437046,0.053792938733046546,0.99111924362881687,0.34598840617340665,18.750949624026298,-7.0576210822395327,,0.2874601256126068,0.3846153846153846,0,1
-0.18489053803788319,0.97655436045261035,-0.11025910404613433,-0.98241450539654362,-0.18068788713973497,0.047049197946865788,0.026023614862793566,0.11701909468959598,0.99278864968708247,8.4894567906652032,1.9891392175651885,-3.8350621978971322,,0.09754772090186951,0.3676470588235294,1,5
-0.84860661398152948,-0.48623244555929762,-0.20843421886108071,0.49037570899408328,-0.87081089498294861,0.034929202790024004,-0.19849050036551941,-0.072569925343913905,0.9774124652367725,-0.25935271825027323,-6.8773654630728984,-4.805177374715873,,0.2646523394476836,0.9294871794871795,1,5
-0.65183993941029728,0.73761411815841604,-0.17615364339963116,-0.75213208770625506,-0.65850695176222651,0.025805370050688805,-0.096963993483210831,0.14931177841752891,0.98402437815004606,-4.7768738745797217,13.139948693922879,-7.4650131533806521,,0.2466690673638574,0.3552631578947368,1,5
-0.74655493467287137,-0.6262077588966326,-0.22476559392674397,0.63821418025312038,-0.76948455024960938,0.024003896579390459,-0.18798507823607352,-0.12552836183434138,0.97411715965573886,-5.0297848583230955,-7.1086521724367024,-5.7349161275603526,,0.1504167129035229,0.1428571428571428,1,5
-0.74270990977793938,0.6666040877733892,-0.063411198391549808,-0.66010145698653366,-0.74477426236832334,-0.097864010739265553,-0.11246357811265123,-0.030826746139143081,0.99317755478090219,-0.13786789568957686,14.58017685545107,-6.7583595889788635,,0.6995566852543614,0.3380281690140845,0,2
-0.57532954916210255,-0.76746993730025215,-0.28281761826534163,0.80085395763574208,-0.59884567938956557,-0.0040976597735615412,-0.16621927806395412,-0.22885311362705604,0.95916495139423275,-4.5124686032018211,-8.9984711814058471,-5.5061932244610574,,0.1527575532046272,0.1714285714285714,0,3
0.93590348907419807,-0.23427987737603698,-0.26305436357417328,0.29634568387818344,0.92736206128941157,0.22842688748881293,0.19043081364505066,-0.29174054626966767,0.93734921927569814,2.1525244918434558,-9.7936517061932236,-4.0881796013875791,,0.2615489242102453,0.275,0,3
-0.96143511559552197,0.25190058227003215,-0.11040206135686659,-0.24022667978591866,-0.96459275303820857,-0.1088667217528119,-0.13391661890467596,-0.078146768571638811,0.98790658553476163,11.291348717121075,-7.8270646678731577,-2.4814223848824435,,0.4044874776495677,0.16,0,5
0.95138072654188022,0.24968934862390138,-0.18036058978728661,-0.22956645123908637,0.96519729416705213,0.12527341217550717,0.2053629899230584,-0.077777969351058338,0.97559040065669422,-2.4004223533818596,18.82191303530324,-7.614970504965684,,0.09726699555891942,0.391304347826087,0,1
0.86310775881327884,-0.43849916091215563,-0.25052641089445277,0.4819463762845958,0.86341319701458319,0.14914872311624033,0.1509062194293776,-0.24947171603288737,0.95655171101051339,-10.342936029179432,-7.3170368010417954,-6.7516195777640382,,0.1098104473956492,0.1785714285714286,0,2
0.97668107281374295,0.089139854107297384,-0.19531556112385118,-0.070605653513394082,0.9924896466977966,0.099895660013977386,0.2027533568139912,-0.083775817557403612,0.97563963054667147,-2.039980287379465,8.7308860506326074,-6.5443381977384671,,0.3091010577629872,0.8236914600550964,1,5
0.082119807846888451,-0.93522453508397374,-0.34440006698047498,0.99578099584916924,0.062798246576954125,0.066907312997133386,-0.040945640364102566,-0.34844145735521426,0.93643579883051664,-3.8277943179719203,-5.7031174468057619,-5.5979179424644911,,0.1144269197875382,0.2702702702702703,0,5
0.19930500715320482,0.97993357224611133,0.0027763480755798467,-0.97522492693653862,0.19806821906439162,0.098515595101908271,0.09598883271133149,-0.022342215235645849,0.99513163421382611,-13.382994508955017,-1.1176262099464465,-7.9014175327313101,,0.1017787854511399,0.4615384615384616,0,2
0.96051489613389684,-0.17909966714954934,-0.21291886607769048,0.23386439867943959,0.93428144910197664,0.26912007895029588,0.15072683017695607,-0.30828798726325685,0.93927628500562921,-4.4560535890941182,-16.23378398880568,-4.8577313800436253,,0.237275937681706,0.1538461538461539,0,3
-0.39587327609934359,0.9114499241735583,-0.11199725440558028,-0.917834226003021,-0.39662191862259755,0.016473835180834794,-0.029405490096384851,0.10931646441476693,0.99357195399228471,-5.4062444354588193,4.2977927153297228,-6.7353961735893106,,0.08608405550191051,0.1791666666666667,0,4
-0.65783550021131887,0.7305104315678268,-0.18332202276952808,-0.74774493247258011,-0.66260191622932063,0.04285109766165314,-0.090166349728155126,0.16526708680139532,0.98211853632689361,3.0705758711445852,8.5712918497310007,-5.684553686172257,,0.2362179555704068,0.8176795580110497,1,5
-0.70147744078406205,0.70296712918219029,-0.11733122074023754,-0.70541984040821293,-0.70830397357359987,-0.026236039684031036,-0.10154924337234465,0.06436378103561595,0.99274621875951008,-14.579823800410281,1.01817055382679,-8.2734719767939424,,0.1451279360218696,0.2857142857142857,0,1
-0.50016613891311257,0.85911479908475685,-0.10842322388818278,-0.86472615821606469,-0.50213895897810168,0.010253641951693111,-0.045634469227045893,0.098884922359004437,0.99405194398905494,-24.66372550217822,12.327690543794732,-11.222450353815917,,0.2609144865270068,0.6176470588235294,0,2
-0.80384509907740231,-0.54201440829165826,-0.24505802964499357,0.5605990843330817,-0.8280541391539239,-0.0074168237787908421,-0.19890129042857693,-0.14334128447275424,0.96948004251327902,-9.4091012555626854,-3.8691091625410041,-6.9036633846227105,,0.2581456330627598,0.8,1,5
0.038961178152292497,0.99224322144578736,-0.11804836335957314,-0.996955168672369,0.046585627060051558,0.062531360203276098,0.067545675320004009,0.1152526305396552,0.99103703911572183,1.3133250252259161,12.59157857325517,-6.3093512974636861,,0.08889937443265704,0.3793103448275862,0,5
0.32430005953279162,0.94421697840872509,0.057304180229072382,-0.94119701205537276,0.31600879419664779,0.11952667689022466,0.09475049279590736,-0.092697031641141958,0.9911758695811026,8.9168728721760981,12.459142088852353,-4.7723055074829022,,0.1602101535449074,0.2307692307692308,0,4
0.91195278795230461,0.37777103325230355,-0.16009734220625604,-0.35565120475755374,0.9223978900706119,0.15064645016655562,0.20458331579217462,-0.080443637590370959,0.97553805054990494,-16.143211047642385,-1.1666197159148308,-8.4843791189581186,,0.09855528294025441,0.46875,0,1
-0.42583229864734512,-0.83716885974881761,-0.34324212109760471,0.89177668660855347,-0.45246722124952332,-0.0027847650177591542,-0.15297449019423978,-0.30728116434561892,0.93924282876592291,-10.766834443410053,10.219511636289438,-8.3372282605161097,,0.1613013567434907,0.3333333333333333,1,4
-0.35917311145469039,-0.90648400956932706,-0.22199418101173971,0.92497531586590676,-0.37740789343756692,0.044541520065939401,-0.12415853191272394,-0.18934102135072217,0.97403010045231286,1.2833240242579251,-3.9210140690765445,-4.7764011354555684,,0.2607439934994136,0.8435114503816794,1,5
-0.84493069173024093,0.53317058205748458,-0.042676183062003235,-0.51586104998476356,-0.8333805161063691,-0.19840436608830134,-0.14134887081570793,-0.14562295767758113,0.97919071222942022,4.0606852466634269,-8.3577406828834793,-3.7907132186845316,,0.7682051149792221,0.4745762711864407,0,1
0.11677841506743329,0.98333781760478689,-0.13931811885966031,-0.99072099166893668,0.12516103155882444,0.05297766364846495,0.069532139625191919,0.13183873727925013,0.98882952469662633,-1.8723185646257194,13.387940324736258,-6.9733290749844592,,0.09740443153952366,0.3673469387755102,0,5
0.69738522966406657,0.69745190197697193,-0.16496874211529244,-0.69316118032210894,0.71487605086279638,0.092085883811112879,0.18215767768847441,0.050130592770458227,0.9819905825045494,-13.296939805436327,-12.66597786552828,-6.8658772525326759,,0.1609319639886821,0.3181818181818182,1,3
-0.57693433283617546,-0.76722761847004817,-0.28019378481982188,0.80066078975033761,-0.59906108609159447,-0.0082531743666218148,-0.16152112973615568,-0.22910171668396218,0.95990797895486746,-1.0651116397519167,-5.0772767084233541,-5.074187050200381,,0.2017261831396739,0.2465753424657534,1,5
0.046682002343366204,0.99473354696546079,-0.09124670513902057,-0.99594351138481751,0.053383187258893461,0.072434504544182196,0.076924071575113509,0.087495176207579184,0.99319045572977127,3.279654250392769,21.053385284334585,-6.6970416200619436,,0.1542793540167985,0.3333333333333333,1,4
-0.9759063945838754,-0.077835523268713555,-0.20383410001220906,0.090091919118567801,-0.99459881137660355,-0.051542705766973396,-0.19872130011610514,-0.068664661404050586,0.97764769173482524,1.2300405454589654,-16.765125081249469,-3.7392453681443394,,0.1190462238778904,0.1739130434782609,1,5
0.89936487347555971,0.40024677741006026,-0.17591288051519574,-0.38537401809805866,0.91577035916719696,0.1133645246350954,0.20646958742935725,-0.034163817755714851,0.97785640204638746,-7.1028937158055037,-0.62056081275876351,-6.7206915145121133,,0.1076436565460344,0.4343434343434344,1,2
-0.72067202296946886,-0.65808780367825015,-0.21806484805908236,0.66847859129331522,-0.74299736718618414,0.033034608169366146,-0.1837612807193032,-0.12196456454370531,0.97537502362120487,-12.992242334035234,10.88706982508684,-8.7826478697756336,,0.07662670601290061,0.2,0,1
0.22166957503475465,-0.85126463678867181,-0.47561656579324757,0.97506209845374925,0.18810293471825609,0.1177760166984378,-0.010793686250883798,-0.48986304627255839,0.87173258068841675,-10.655144265355306,1.3415015685284983,-7.5840551405194043,,0.352877250442068,0.2375,0,1
-0.73927228420843827,0.67320199218788324,-0.016600226369090705,-0.66397069045949408,-0.73280415590440084,-0.14879849226380895,-0.11233615629877286,-0.098980537498568472,0.98872819378457777,-9.7710982419411891,-13.799563583564174,-6.0984501899622847,,0.09408750630852351,0.125,0,3
-0.72954636851364507,0.68347212189558626,-0.025059025920779344,-0.67388929455088875,-0.72460752376761284,-0.14428151367751188,-0.11677035102396044,-0.08837304504719419,0.98921933363174208,7.1160490819846576,-10.789348209065764,-2.9994923389176602,,0.4318315685909512,0.2083333333333333,0,2
-0.96495472264320437,-0.11021739507683882,-0.2381480822325763,0.16456864812040711,-0.96105067313605097,-0.22203324913301994,-0.20440044839578875,-0.25344374028020522,0.9455087134492105,-22.358625682098964,13.564391577734439,-10.881314207332538,,0.5023461808432088,0.3,0,1
-0.72703679441520952,-0.60655926327821552,-0.32171938035786141,0.66392948105886307,-0.74048734356383805,-0.10428872519443499,-0.17497183701203592,-0.28942072170658439,0.94107412146943792,-0.37243335300799968,18.768992346054645,-7.2316213170088091,,0.2459511283719414,0.4193548387096774,0,2
-0.45629447733838979,0.88754322995202872,-0.063736684231352467,-0.88392399604795169,-0.46034038667254917,-0.082250213427014482,-0.10234118995354306,0.018808066473972977,0.99457153461900594,8.1043805555040649,-9.3299349088664005,-2.9574568654304461,,0.2340462785204208,0.4,0,4
0.38311516124929479,-0.81351862975760958,-0.43750452827168479,0.92336809225350258,0.35000181457513219,0.15776595324163867,0.024781836676385924,-0.46442025023831313,0.88526814680046439,0.0040525608569679334,9.7510486583386573,-6.3161128469684353,,0.7656146231092876,0.2555555555555555,0,1
-0.92593781005975351,0.34226067345888861,-0.15967718467337585,-0.33465287730589621,-0.93949589391465016,-0.073177298586352649,-0.17506177084855523,-0.014321198308085875,0.98445328973313273,7.4592111895518931,10.532092463357538,-4.9745698003667558,,0.4330006053446774,0.2,0,2
0.77698174462964309,0.6178742428625249,-0.12054372036459936,-0.599777099714772,0.78473530150871884,0.15639033609452219,0.19122447325071518,-0.049213073192830213,0.98031182501125858,-2.4055663113099421,25.435268916324443,-8.1246002543513693,,0.1766280254425664,0.4166666666666667,0,1
0.43070896623664207,-0.81531873411807421,-0.38696918249321482,0.90027891569591534,0.41815481548936617,0.12101414891013181,0.063147924405736272,-0.4005020749998156,0.91411729420468346,-0.81280093582733315,21.736634023025083,-7.5202824447055407,,0.2042387056004459,0.3571428571428572,0,2
-0.37291749018562032,0.92145145756264213,-0.10890251084957034,-0.92759214789756006,-0.37307490105361707,0.019695820943153693,-0.022480050543732127,0.10836203006365658,0.99385729245603194,6.6527329205793926,-0.73513655822554236,-4.0133238418680612,,0.1848179426767015,0.3083333333333333,0,1
0.25171241257446059,0.96540098291418852,-0.068130782648259128,-0.96186822915157955,0.25733202589894805,0.092680840498713085,0.10700640683972809,0.042203917295232277,0.99336219892856226,4.8037511959246899,8.8451492367314977,-5.3897494240652533,,0.07018426781716665,0.2105263157894737,0,3
0.46662724415286555,0.88351718887586295,-0.040698795746256525,-0.87556691456765534,0.46795602072422843,0.11999891992189843,0.12506635490322177,-0.020360246286306845,0.99193944736681505,-15.735385509879787,-7.545501372547764,-7.8081194774784413,,0.5242052465638136,0.1538461538461539,0,2
0.6545110319454851,0.74854528983813806,-0.10627915187276801,-0.73570486150901704,0.66296510834410127,0.13862042371271416,0.17422303468156788,-0.012538507863078299,0.98462638599974217,10.504133183398411,-1.7109409615224231,-3.1964837148455563,,0.1288303506370293,0.28125,0,1
-0.82789283306922734,-0.48018810473402013,-0.28984968694921692,0.54150536446881392,-0.81895989744648046,-0.18993848116152581,-0.14616907061381362,-0.3142038676502889,0.93803546433463481,-15.611116146662761,3.8133616878158105,-8.7385759569543531,,0.4313795931467237,0.1724137931034483,0,2
0.11769770206631849,0.99217201156007673,-0.041736679373683562,-0.98928541408640114,0.12080386340697281,0.081980461463991863,0.086380671473471143,0.031640576208137733,0.99575963642488119,7.0467049376538373,14.120065547026885,-5.338858017873461,,0.4423324155267253,0.6428571428571429,0,4
0.91259947822023757,0.37652581044772859,-0.15934398770845881,-0.35564418627131833,0.9233175501512616,0.14492037246048578,0.20169136105337784,-0.075584493445119902,0.97652832996645933,-16.116404719882915,4.5545036017208247,-8.8734093752256307,,0.08014256331200358,0.2142857142857143,0,4
-0.32889399862424257,0.93596645523767619,0.12568027824116432,-0.94428236662739362,-0.32415918491796147,-0.057023108560404677,-0.012631300230996713,-0.13743222876437169,0.99043062995412867,-12.717180668275455,14.109393851181084,-9.0490471219938371,,0.6471503378278484,0.3333333333333333,0,1
-0.36258741046673576,-0.87398344209588874,-0.3235480068139045,0.92803864514872159,-0.3703809132842476,-0.039525335991647238,-0.085291517055055499,-0.31459644310918417,0.94538586571912397,10.22274264218634,-8.4670217771841365,-2.6235769432284548,,0.7232455692479611,0.3703703703703703,0,3
-0.16704903157310608,0.97942592112507276,0.11322316935499889,-0.98569322220972888,-0.16851442211090437,0.0034294650355949294,0.022438643904876522,-0.11103042181731673,0.99356366312923272,7.246242953569821,4.1736963480893738,-4.3230212550454858,,0.6356747727456522,0.2222222222222222,0,1
0.90158365678077124,-0.34787727880719332,-0.25715425082139937,0.40221371255612132,0.89293897544018841,0.20219820862621016,0.15928289066197446,-0.28572956625020285,0.94498019858240212,5.2174251162449243,12.63720309621063,-5.5727142938811793,,0.08409367640726217,0.3571428571428572,0,2
-0.83883051331296354,-0.49478182822264538,-0.22705574733040185,0.5071419202481422,-0.86185080659727176,0.0045010992723345409,-0.19791524110623038,-0.11137382829143198,0.97387136096589955,-3.2912681214930872,17.306384068775987,-7.6896987861424222,,0.07191489961930697,0.3888888888888889,0,2
