axis_00,axis_01,axis_02,axis_10,axis_11,axis_12,axis_20,axis_21,axis_22,location_x,location_y,location_z,dbh,dbh_approximation,score,reconstructed,number_clusters
0.77984793597435031,-0.51196920611941121,-0.36017319270318482,0.58863037176493871,0.79552819641673422,0.1436982050751108,0.21295887441573269,-0.32407162895168451,0.92175164611525706,10.28743151400327,4.2718674696718466,1.4894379208724189,,0.7322734906853188,0.2,0,2
0.49943882817870627,-0.8386196321032775,-0.21743497777139204,0.85823394259624808,0.51319624062262836,-0.0080073957378799035,0.11830197243994929,-0.18261087388697925,0.9760419622408929,-0.61957737999974638,-9.8221629543804205,-1.3528448832484117,0.3045146513290957,0.2851624017020942,0.7714285714285715,1,5
0.60317245439253342,0.79233505788024294,-0.091586823921340585,-0.79363247474177068,0.60764852753245968,0.030178834021315867,0.07956434689821483,0.054483236335090342,0.995339686569924,6.8059948574692921,-14.895092712000089,0.031686321369789425,0.2085587371376726,0.1616285337204761,0.4,1,5
0.77685478254227458,-0.59222439002056115,-0.21393204226101228,0.60740995175875889,0.79436042706830168,0.0066829942604973713,0.16598131625461784,-0.13513616752238428,0.9768256850030842,15.604656760248862,2.1708201399169482,2.5842321178508829,,0.2156724602838243,0.2647058823529412,0,6
-0.96704580058108347,0.19128822679187876,-0.16802152799362025,-0.17448755296273757,-0.97852255198748583,-0.10976205680004095,-0.18540904357546326,-0.076827270826955021,0.97965353927687848,-21.693980510866485,2.1395430242859801,-4.8021320811385859,0.1624588656469357,0.1852273081484443,0.2926829268292683,1,4
-0.34104749905058546,-0.81877176484778347,-0.46184348049895274,0.93900083089171471,-0.31988083734260675,-0.12630791537216565,-0.044317524479716389,-0.47674841057840817,0.87792192707264738,-10.001906870500285,-24.606793819303419,-3.4388022945939198,,0.37802755892252,0.1666666666666667,0,1
0.77456055614475416,0.6201318590716749,-0.12446855919884914,-0.61367385311154332,0.78446610291243846,0.089539574427197455,0.15316770831987192,0.0070292777495052682,0.98817520834230554,-13.822298344086347,6.6028073516519257,-3.054850154696084,,0.1569360515268144,0.24,0,5
0.50352076438396665,-0.78316109687318713,-0.36486372274943041,0.85596545639836463,0.50958166241295144,0.087462373539672539,0.11743073399637056,-0.35634986414595421,0.92694379389272263,-2.3745267317506014,15.586345592078775,-0.27896652423349405,,0.3057629774532849,0.6578947368421053,0,4
0.96227113074376514,-0.17878845138824706,-0.20510719291948093,0.19257420904573291,0.98004924828347639,0.049179720916296916,0.19222238409594022,-0.086822581101847332,0.97750314294292007,-12.261860142604798,4.3808521583723357,-2.882615329792146,,0.0691644070332475,0.2641509433962264,0,4
0.69822854786779531,-0.68483222048963355,-0.2085227199172007,0.699779719755665,0.71435278986010953,-0.0029043825093643489,0.15094780144510983,-0.14389204772438172,0.97801321046321821,8.651958577818128,-7.4558001592669401,0.69401753138607614,,0.0805316553333157,0.3703703703703703,0,5
-0.6029829208151728,-0.75860333355153176,-0.24684525421750739,0.79239754236949234,-0.60533790594376291,-0.075313707081836642,-0.092291560025776861,-0.24101245186114964,0.96612383574564842,-6.922119182098152,10.395356303171058,-1.4201463979395204,,0.09670972258808241,0.3692307692307693,0,6
0.20387158531121646,-0.94314409812052524,-0.26251778393684405,0.97701279839472377,0.21307353499084886,-0.0067572523568264322,0.062308654901239144,-0.25510562296218342,0.96490349396065178,-5.6214576243836438,4.9627431478782471,-1.6429754996485957,,0.1055445076662388,0.1048387096774194,0,4
0.69337876014318001,-0.68935757205405013,-0.20979044981612424,0.70453559008536393,0.70966081172945439,-0.0033368545908702622,0.15118034688865778,-0.14549113425648127,0.97774067756608551,-3.6499727744505979,-4.9553384833464724,-1.7855084234578289,,0.09803304503509502,0.5619469026548672,0,5
-0.056365338167363672,0.9980278167539276,0.027630158136874826,-0.99826164625061109,-0.055857973125346294,-0.01880352263139912,-0.017223074008439712,-0.028641994059737819,0.9994413449012316,7.4669347864024358,-5.5912582670022406,0.49639110088204164,0.5778513868235765,0.3621934839463385,0.2162162162162162,1,5
-0.84384063214153959,-0.48158718295595876,-0.23665750095762517,0.5160952525656638,-0.84914371526744048,-0.11225257725767344,-0.14689682714799676,-0.21686109848091673,0.96508682829033521,-1.6492908071989816,-12.069394069519817,-1.5629159899780838,,0.3290320419241236,0.1785714285714286,0,4
-0.96769840409782437,-0.15632380917674835,-0.19779450293422335,0.17652121426239148,-0.98027633494429578,-0.088873888536012344,-0.18000016561618987,-0.12091804593464227,0.97620631351446041,13.277750559825691,-14.469560991967604,1.4203719065242797,,0.1009795086535853,0.2083333333333333,0,5
-0.34444806356023489,-0.85984594587964724,-0.37685604793334437,0.93860488225573735,-0.32370614181880092,-0.11931139406812873,-0.019401198810854479,-0.39481550514527808,0.91855555650247978,8.2640144282553383,-12.118736633170329,0.43200871435200072,,0.1830945206977452,0.1111111111111111,0,7
0.029915632643299241,-0.95467035669223466,-0.29615800677454784,0.99945722533174763,0.032658875789133276,-0.0043188614651813364,0.013795276572676277,-0.29586805823764067,0.9551291967367409,-8.9387241753086215,17.245188164739627,-1.4456451787873761,,0.1829878833373289,0.3076923076923077,0,4
-0.94984689009140466,0.28506368886545114,-0.12856740906663117,-0.26799027815340859,-0.9538990234502609,-0.13512166323686253,-0.16115860572412502,-0.093890075892282432,0.98245231815594769,6.2969141418523051,2.7918888250833329,0.59920591403789913,0.4744520875706982,0.3375312010579246,0.186046511627907,1,6
-0.84039420561953948,-0.49985388544897419,-0.20948430099333823,0.52051057979093351,-0.85208347940724283,-0.054977090200866267,-0.15101759992401592,-0.15524122301377161,0.97626525452377899,10.190747857149454,9.1391120522399873,1.8171245930743618,0.5393243408237202,0.5191383013155817,0.8797814207650273,1,6
-0.080796213433273201,-0.93775067847868365,-0.33778045666914225,0.99637666346884002,-0.066957299474627807,-0.052442964654641162,0.026561558492451075,-0.34079375736629086,0.93976278844749883,-6.4530905926466096,-9.1910438790994142,-2.4333413180751733,,0.1369288320605733,0.25,0,4
-0.94944534197257946,-0.17291072149136338,-0.26202180252778351,0.23621500674477647,-0.94323222130559592,-0.23348543269222977,-0.20677527220424075,-0.28357513833946846,0.93639154616037312,-3.9057455120439495,13.839705738559484,-0.71446494771403579,,0.2699182082180296,0.2272727272727273,0,4
0.69784446355676077,-0.66266183854690452,-0.27183155154766608,0.69770104056517424,0.71472485916613016,0.048801984429193805,0.16194555467022942,-0.22371335101774872,0.96110664023247683,13.830644024388793,-10.901161291328318,1.6176656191457628,,0.2283713701615305,0.1,0,6
0.77540885911147095,-0.57075038610865036,-0.27015754286762961,0.606705984470158,0.79199969216485933,0.068149365505971518,0.1750684141115845,-0.21674981976369986,0.96040125260896014,-1.9259281970444615,-10.441259997931716,-1.5971644085777419,0.4302697189159967,0.3321600380273784,0.6046511627906976,1,5
0.2680211163905396,0.95307589917514191,-0.14075159530272965,-0.96300861967232521,0.26926674364857694,-0.010479465716084876,0.027911997520275691,0.13835371760956086,0.9899894793471502,14.988893325139053,-10.18177525432159,1.8681571562774411,0.3358909448379535,0.3275252374371657,0.725,1,5
0.65853173062631909,-0.66860267273391527,-0.34540762263066954,0.73840778039068478,0.66264449240982559,0.12512484380580963,0.14522365377860652,-0.33745035589252348,0.93007383991337034,0.92974962833653119,-7.6285470255234973,-0.95376745770443805,,0.2354984805148863,0.1794871794871795,0,1
-0.98529214438435142,-0.019880506955000529,-0.16971787076704295,0.051897597932889832,-0.98110906211212368,-0.18636428727163756,-0.16280672450265263,-0.19243121806162719,0.96771080224002648,-4.2960292666012982,18.608985582132352,-0.42909103580292302,,0.2742389832416596,0.2608695652173913,0,5
0.18420570892766089,-0.94352362178924254,-0.27537507498713093,0.98101715696067382,0.19376861440068643,-0.0076851689659220949,0.060610185177530612,-0.26873202116411099,0.96130614595652963,14.058092437929925,3.2308753525384315,2.2755377631383102,,0.08011535444931786,0.2666666666666667,0,5
-0.93385445067598316,-0.23321471596939633,-0.27115818484414433,0.31224603550286067,-0.90134154327412053,-0.30014302537452536,-0.17440836638591509,-0.36495796829709098,0.91454218224806627,6.2894176057507591,0.62829614585454485,0.41892249039357204,,0.1004417380193983,0.2456140350877193,0,5
-0.25427679275852599,-0.91965526672263687,-0.29929501007158993,0.96673074307609763,-0.25060210750166578,-0.051286003034550359,-0.027838517488795352,-0.30237852785050567,0.95278131952667222,9.0513196827814504,8.4076587272749208,1.6108457168856958,,0.09028593779971132,0.4,0,5
-0.96998891233156792,0.16611235393706078,-0.17756180845922803,-0.14820831681566496,-0.9828388082446764,-0.10982791919568277,-0.19275841040144115,-0.080215727121771926,0.97796197898580717,12.049095514342396,-11.605218285540813,1.2561534810084094,0.3843820709421629,0.3505503181592541,0.5555555555555556,1,5
0.52224611367130869,-0.82662904884063659,-0.20962684076243035,0.84459512996587349,0.53536034482586137,-0.0069546837356474593,0.11797484135671642,-0.17341775226532546,0.97775672843816219,15.213914651156257,4.1158515267507951,2.5972240127343547,0.4135985820809346,0.4057713794395676,0.5824175824175825,1,5
-0.69009234161700472,-0.69211209370841609,-0.21155001721604913,0.71401504605762167,-0.69881382079498133,-0.042915706556588905,-0.11813159630213464,-0.18066569571579277,0.97642451441298661,2.387950726653008,4.7173787911989296,-0.048028088568225082,,0.06983721791872904,0.1807228915662651,0,2
0.95511338254883205,-0.20754612870986078,-0.21138361084454702,0.22241951735626,0.97372231886011329,0.048932648126715973,0.19567315803435437,-0.093752067770447006,0.97617752740658215,2.3747429216551121,7.6288464178528379,0.11909297782362649,0.238462641264749,0.120190324336914,0.4375,1,5
0.67792121156162577,-0.64279930025221443,-0.35669579547575431,0.72075330644046409,0.67668100672131037,0.15039111143206979,0.1446979687831047,-0.3590429984526895,0.92203612895165132,-17.501677986923966,7.8370720699595244,-3.6747898967744859,,0.2690604543087453,0.2444444444444444,0,5
-0.92236602575522453,-0.32370700710493111,-0.21084280420181067,0.3492288442680998,-0.93202149179208238,-0.096825374612400553,-0.16516697267820332,-0.16294082480714406,0.97271278327545774,-15.599026598878904,13.039853002998722,-2.8982958241479109,,0.1719049478659176,0.4716981132075472,0,5
-0.13442912086483899,0.98690292060741214,-0.089170829087023229,-0.98969813034618825,-0.13819148444105722,-0.037426253048328147,-0.049258727681162608,0.083221024534294585,0.9953129351227662,-16.571374433928668,-3.5379865516481566,-4.1178000235980026,,0.09956707028729084,0.3846153846153846,0,1
-0.95560534046122736,-0.20154934350987344,-0.2149332347793603,0.22744945999798885,-0.96830083262870836,-0.10324844152418412,-0.18731037458881941,-0.14755121030099563,0.97115573617731699,19.960240945972302,-0.92123001775584945,3.3416340337676997,,0.4317972120697267,0.3636363636363636,0,5
0.95630102185191723,0.24015345303067862,-0.16677732040784185,-0.23683877674795625,0.97073385617243158,0.03978912300029333,0.17145188664319236,0.0014489575709230808,0.98519142865153198,-0.87842165984812315,-6.5750322364891067,-1.3063006291605908,,0.7644263418714272,0.4257425742574257,0,2
-0.97712239444959015,0.12125186003880804,-0.17472782463657255,-0.11255492529697825,-0.99189888942268234,-0.05888957423382464,-0.18045280562100222,-0.037875844534198677,0.98285411193336802,-19.537296686221474,8.4959613855714,-4.0078846277495419,,0.1065270385133097,0.3684210526315789,0,3
0.96988150477126711,-0.13453488501819336,-0.20305228739357581,0.14773774064615139,0.98769733503050117,0.051259480707634308,0.19365801478738834,-0.079714108455073984,0.97782525750863059,-17.335845482598703,0.65830478212591559,-4.0662937970402435,0.1891075270375017,0.1536846528122467,0.7105263157894737,1,5
-0.87553998032139768,-0.41774053351618035,-0.24273975676930948,0.45477450368539724,-0.88219318424247017,-0.12212836064498719,-0.1631253924332664,-0.21732011488527336,0.96237314697041709,2.6614399669057018,6.443270805509643,0.14113354841013076,0.3515333242705444,0.256027375104933,0.6808510638297872,1,5
-0.17995731468975609,0.98295316506606845,-0.037662184963822738,-0.98126911134157235,-0.18206151022273842,-0.062964574344113247,-0.068748061911385605,0.025625803051082273,0.99730487926281286,-7.6701232608808656,15.597637510384658,-1.2873697290019706,0.5959064698177228,0.6542795592446896,0.7619047619047619,1,5
0.78692010728679052,-0.57622631079691033,-0.22072603718893319,0.59542666986567772,0.80297084281603859,0.026550073445696831,0.16193772124004091,-0.15231895592041397,0.97497441510374994,23.970773777382014,-5.0094890071388685,3.9603405858926104,,0.1916185230873471,0.4444444444444444,0,4
-0.087562118583008303,-0.95313776437884934,-0.28958811699402537,0.99615150721329937,-0.084912042863904733,-0.021728314553873789,-0.0038794414454744333,-0.29037621647023459,0.9569046989342791,-9.0136834908989023,7.5741016947949946,-2.0690957431621873,,0.2166106019007201,0.4778761061946903,0,5
0.83688188874722824,-0.48166284800455827,-0.26005692672761072,0.51875604006661369,0.84951957942200929,0.095961737547102063,0.17470224721301697,-0.21521474166699331,0.9608130618324936,-0.15134670789671822,12.165812862073663,-0.075493780803167321,,0.08093638495340205,0.1578947368421053,0,4
-0.24876837886122932,-0.93843659345623698,-0.2396894944318764,0.96828027628637914,-0.24693922269525131,-0.038135637524993715,-0.023400859674988398,-0.24157355061537203,0.97010031409620356,0.079734785047384113,6.6906496637718842,-0.41772300276778251,,0.09484316135055094,0.2222222222222222,0,5
0.014590800344479548,-0.97382925720332913,-0.22681200664894205,0.99953710439213461,0.020261696414408861,-0.022694505982680756,0.026696169925574251,-0.22637588536154316,0.97367411028438178,6.8139647464166551,-1.9705576389238695,0.43229200098526049,0.1422710157865754,0.1112202575729283,0.3303571428571428,1,5
-0.18683126699949965,0.98184170518476332,-0.032877707207739637,-0.98039345445636383,-0.18848040487985315,-0.057478791179395576,-0.062631877909572725,0.021494253562354553,0.99780521392369825,-10.598554331647739,1.3703324198345135,-2.7928090734924105,0.6331240580688748,0.6047158784633739,0.4636723910171731,1,5
-0.75489627414200278,0.63239470490045913,-0.17380607728265479,-0.63490414576384413,-0.77109573888322802,-0.048042555802259045,-0.16440298348389756,0.074083052650323972,0.98360732019012698,0.72633591439516088,11.209828619916463,0.0037922490228443958,,0.08188737426687354,0.2592592592592592,0,7
-0.44842346260384403,0.89376294265061118,-0.010207866128647552,-0.88719465436155764,-0.44645800224121551,-0.1164512666614711,-0.10863721028568912,-0.043163115959165901,0.99314394825827734,0.49580658919468884,-6.6090309735682755,-1.0746942842048799,,0.0830565738594605,0.3269230769230769,0,5
-0.6325441974128686,0.76740069289061352,-0.10480465099563167,-0.76157365163013724,-0.64088852477041836,-0.096267709852970465,-0.14104400540983097,0.018922879500843204,0.98982246548022335,5.8455520337370155,-16.526007799615197,-0.13850975420692088,,0.5275456584153845,0.3636363636363636,0,2
0.95660838845581087,0.23400333107394897,-0.17361691214358446,-0.2304041050997816,0.97223539410980953,0.040893603330024862,0.17836574640088845,0.00088288529294375739,0.9839638616455455,10.725766787585458,-7.9409764506999849,1.1104197864069989,,0.08696566991360752,0.2857142857142857,0,5
-0.014347768419878001,0.99397466744104213,-0.1086669316160092,-0.99955490724388052,-0.017100767984188126,-0.024444859153367127,-0.026155858732730235,0.10826783557372816,0.99377761437563716,3.2837653435564333,-14.187840439961809,-0.6295680387240854,,0.0874630008027148,0.3636363636363636,0,1
-0.97894702655122023,-0.054551919536483424,-0.19668962169217349,0.072376067857532256,-0.99378311182305434,-0.084598058232857168,-0.19085183784288581,-0.097052638965527557,0.97680927578612831,19.420876155984256,-8.229226200117937,2.8968183448069156,,0.09298794953387965,0.2666666666666667,0,4
-0.29870009606083792,-0.90399008123219937,-0.30590878648225817,0.95428303466886077,-0.28663199208995976,-0.08477022386269574,-0.011051803311521771,-0.31724443910704375,0.94827940160019331,0.17146680137309958,14.371474264523208,0.16708452939915727,0.4246704327211238,0.1935051270653405,0.4210526315789473,1,4
0.68772079236577399,-0.68291273086402737,-0.24631344618519715,0.7105781176766014,0.70271328105941089,0.035676088657467152,0.14872407480623248,-0.19956013290873911,0.96853337729087896,-3.94539989535222,-2.1853679969647399,-1.7934880075043589,0.1288528161530788,0.106030907075853,0.5,1,4
0.77991818982008054,-0.58701119935987633,-0.21713007395072983,0.60484851428372111,0.79607978533552171,0.020377687526469981,0.16089093186548892,-0.14722373180377699,0.97592995693196405,10.596034981527962,-13.604320827453593,0.88460758459254374,0.135548195001969,0.0789375636780289,0.3157894736842105,1,5
0.051064967638215733,-0.92022566729674049,-0.38804263983276077,0.99818752864770544,0.059417810202370649,-0.0095488995671168947,0.031843786400109535,-0.38685170941721941,0.92159195319223597,-3.4602458288880733,-17.291995743173413,-2.0598560759227511,0.4958481551583917,0.4626991256680854,0.4857142857142857,1,5
0.82951867858145634,-0.48360277764827075,-0.27933334089462036,0.53081391716474191,0.83819176617118218,0.12518445776954948,0.17359535485921199,-0.25211687086292051,0.9519988110274048,-8.9838389425033345,-5.3950160164202368,-2.8235263089561102,,0.07776952469302464,0.2857142857142857,0,1
0.98070964815497719,-0.068970226095699,-0.18289804243908075,0.089798503952532582,0.99007033113404985,0.10815252237465085,0.1736226215204304,-0.12249019275199351,0.97716494921581765,-3.1013167671538326,-9.556349299920706,-1.8120872104604484,0.2881353656262154,0.163186022960959,0.4,1,5
0.60965162103174964,-0.71504707681567548,-0.34210024687321805,0.78079030954377082,0.61614676210385444,0.10358407247969455,0.13671647119459393,-0.33025875535145643,0.9339367007553584,-15.846304929249746,14.686472669797574,-2.8796020588089668,,0.2940460852975405,0.15,0,1
0.3885585731099655,-0.87429662824219245,-0.29090830360627878,0.91760478735632767,0.39587279829313693,0.035863376755573509,0.083807454820549618,-0.28087387456987983,0.95607854128236081,7.5744733715413091,-7.2047728624052434,0.41620797039955038,0.4480443354132903,0.1546642853854854,0.1842105263157895,1,5
0.94086258577847726,-0.22520668443599912,-0.2530998695526756,0.27746546296221858,0.94089630836101901,0.19423453291257969,0.19439781774855097,-0.25297447736471479,0.94774121059319227,6.9404251220665181,13.975806807981535,1.4420085042141786,,0.4801751364248337,0.2352941176470588,0,4
0.24036792624020076,0.96708692199417634,-0.083463437161528625,-0.97038076023295339,0.24154491046661469,0.0041516740469491704,0.024175198131604483,0.079993384323369027,0.99650219179879007,-14.828237670881569,8.5318330787011529,-3.1313793758685389,,0.07346453444707242,0.1351351351351351,0,3
0.78602646190304148,0.60692267947755063,-0.11750430768264118,-0.60415735352818922,0.79444921837565385,0.062002674136908943,0.13098203451619281,0.022255348977344797,0.99113490811084615,-24.949569970175748,1.4062749168045361,-5.4323081317632216,,0.1988278544599347,0.3684210526315789,1,3
0.93670732566278736,0.30210161822865961,-0.1769576172796625,-0.30259278181527038,0.95279551867816692,0.024865799406024399,0.17611642297913768,0.030254121213970579,0.98390431125521804,-10.26314584731765,2.7776206666672141,-2.6073954386823299,0.1232560068490121,0.08814200868400025,0.5017064846416383,1,5
0.10654111609384555,0.99430702721037689,0.0015894091802799951,-0.99272403295328149,0.10628102397428096,0.056598041838501909,0.056106906691175011,-0.007607863237660638,0.99839578095988901,-2.4021986357748166,-16.067657364043498,-1.8211052155484619,,0.2542267774063605,0.5555555555555556,0,4
0.97696389181519816,-0.11817489106750237,-0.17769707147414132,0.14911557298636971,0.97369562433606383,0.17228284024170901,0.15266335507334031,-0.19481151472638245,0.96888718318892197,-1.4153292162993694,20.235322529620326,0.1647611504723398,,0.4610395675795996,0.75,0,7
0.40518659351342984,0.91109948341773184,0.075640966102540216,-0.9124301979912226,0.39780589206593076,0.096029193640938426,0.057401726722130439,-0.1079268435264014,0.99250029633030656,-16.841421163643435,-6.8372662005934597,-4.2359165365484559,,0.2202377317658017,0.3076923076923077,0,1
-0.13212902771675761,0.98975921043940207,-0.054024303651192776,-0.98994782269259129,-0.13453561285589785,-0.043628857648203019,-0.050450256499084786,0.047716603230531722,0.99758603508435162,12.589925540561072,-3.706679209503335,1.6633585923505527,,0.3112802099610241,0.6904761904761905,0,5
0.4493081705383638,-0.86147508715122456,-0.23660693587733322,0.88684677040190107,0.46206032466885294,0.0017499127503429906,0.10781917137127421,-0.21062034703396085,0.97160387797708336,2.8373255001363096,13.501807100767378,0.64495088612947371,,0.07214659251467583,0.2903225806451613,0,5
-0.98053877877766804,0.06681753393935469,-0.18460530997634403,-0.019922096836386752,-0.96931238524802354,-0.24502369245121761,-0.19531209222892601,-0.23657750730585189,0.95177952786667375,-19.510108203205796,14.121908955073351,-3.6774914257648215,,0.2111737577409993,0.7272727272727273,0,3
-0.96932390124225132,0.16579613082946684,-0.18144645899681616,-0.14422885977195291,-0.98145137566247753,-0.12629819167001435,-0.19902062830115702,-0.096254039978650549,0.97525686324086114,-4.9970241016005907,7.951622936060601,-1.2858748975911647,,0.209000222319497,0.392156862745098,0,3
0.16793694471892348,-0.90952993256093329,-0.380200584394841,0.98506175781831473,0.16972897331985473,0.029075916145188289,0.038085638794264652,-0.37940397650985869,0.92444691936646139,7.1598944225275449,12.481066446171631,1.4332287148438851,0.8613737859012695,0.4492429649632942,0.2105263157894737,1,5
-0.20775929135153631,-0.90523696362280792,-0.37065093625683315,0.97800780388470421,-0.19934202349479069,-0.061347316238131819,-0.018352449365861164,-0.37524498312430749,0.9267439723258587,-7.1824882841864168,8.9280265691714682,-1.5912107449006976,0.2307181141465247,0.1302395109816019,0.2564102564102564,1,3
0.83134036164884628,-0.5101575689123975,-0.22048233030099976,0.5278010408523891,0.84897872409450814,0.025713562763599245,0.1740668387967724,-0.13774752598959869,0.97505197539159139,-12.664775551387198,2.8254026439278626,-3.0652537371463109,0.5906835446166765,0.4817179264707848,0.8112712975098296,1,5
0.61922421100160641,0.78435685222096718,-0.036683850444765548,-0.77868704518243714,0.61941760236367549,0.099841472079901128,0.10103396544966317,-0.033259017665166805,0.99432689572869559,8.706722594873705,-1.3515254110166142,0.81406069703272821,0.8777053032911801,0.6705028164893971,0.4642857142857143,1,5
0.27288217817554195,-0.92757695335275214,-0.25521816636556072,0.96008981066700516,0.27948457147150307,0.010767068439727398,0.061342255318558581,-0.24797050211308919,0.96682354015312222,-4.0125505488689868,6.2308776874847647,-1.2553371366139463,,0.1038367250404876,0.1983471074380165,0,5
-0.96352160468952597,-0.18304642704671772,-0.19524375237623173,0.19561359116195173,-0.97955476798960306,-0.046987013754444099,-0.18265114357497317,-0.083465334446500339,0.97962855087859102,-11.337207736652614,-6.4892439455780666,-3.1999465328204284,,0.1240674923132427,0.5,0,1
-0.96144054240579768,-0.1662525444934978,-0.21907116393510792,0.20617500992725676,-0.96290265355350058,-0.17409866473101676,-0.18199985906571742,-0.21255251405021047,0.96005076952783797,-16.215923995055007,-13.696254713102695,-4.2518826241184327,,0.2604473599623846,0.59375,0,1
-0.159432567552167,-0.95013363317424204,-0.26800622290319692,0.98687346445799851,-0.1604684551182777,-0.018183510679206007,-0.025729779485864152,-0.26738727348747859,0.96324556807936601,-15.505737911310149,9.5370900838450776,-3.2140170992742614,,0.1218968049497189,0.40625,0,4
-0.085802919396019459,0.98467058025980891,0.15186081586087694,-0.99551101471726877,-0.078620941297576519,-0.052693141546856032,-0.039945945973454924,-0.15570034027032173,0.98699631480567895,7.4288110161443912,-3.9052906070098832,0.50889406424134642,,0.5146134587518345,0.1136363636363636,0,1
0.93596088745039596,-0.26733109367762031,-0.22915344971480303,0.29791378412251363,0.94815367736446166,0.11068866848080404,0.1876821632251498,-0.17186823573126106,0.96707637503650767,-6.1665049221142096,-1.9747461256864003,-2.2861253894031432,,0.097013805930455,0.1624365482233502,0,5
-0.45834921928856698,0.88602671515387266,-0.069804392492163067,-0.88224679215082358,-0.46307838402951668,-0.084846968031826453,-0.10750158564943782,0.022695159797858199,0.9939458429937752,1.1988329585069024,-2.0495450737601852,-0.78025724506785676,0.9764889654646297,0.8116416528885277,0.7077151335311572,1,4
-0.84152611625081775,-0.4829624274038089,-0.24203530606924931,0.51446962977102495,-0.85314956551370713,-0.086352874341489541,-0.16478712240669532,-0.197188013276652,0.96641714166757564,-2.3305068097039259,-6.8060808662476067,-1.618850707962636,0.6704558594388597,0.6067875910025997,0.8711217183770883,1,4
0.84729169444481456,0.51636146214273815,-0.12436890663927858,-0.51013556158850459,0.85635947462697015,0.080063468694542256,0.14784618130887639,-0.0043921100207513853,0.98900061478340306,-5.34704195601857,17.142516747504253,-0.74345180967390945,,0.2145426879121322,0.375,0,5
0.4726754485396405,-0.8178813974768524,-0.32809745504828419,0.874016657254025,0.4826603106959016,0.055981312251826836,0.11257354569502728,-0.31322363279332388,0.94298364390343603,10.772399498205377,-5.8071029361640525,1.1412860730584622,,0.5145047818784219,0.5370370370370371,0,4
0.43748676639778039,0.89807971252337415,0.045366939292259954,-0.89694157463105095,0.43222722261547925,0.093142040607237978,0.064040150883530086,-0.081439904125942209,0.99461872146605601,-15.382635555363334,-3.9883947588023587,-3.8980134020439823,,0.2285921733677045,0.3181818181818182,0,1
-0.29650618156781783,-0.8988203864396288,-0.3228095370533336,0.95461039417954741,-0.28896151299613781,-0.072251223736011352,-0.028338659397376283,-0.32958027387496702,0.9437021582342916,-22.261793682246036,8.5643882968656992,-4.5305454971782915,0.4031457510752394,0.3326058723294505,0.3636363636363636,1,5
-0.50254849371955224,0.8640208996039288,-0.030214177265429437,-0.85649564637959363,-0.50232207558090114,-0.11869178622338709,-0.11772943214426786,-0.033770067096664622,0.99247134133700565,-20.634204219209423,12.201514674934252,-4.0192249590426199,,0.3405978978207049,0.6111111111111112,0,3
-0.46801752989500123,0.88036132834024772,-0.076964428627622053,-0.87859594907514804,-0.47290055755528598,-0.066589946182888743,-0.095019734685599974,0.036455373086755435,0.9948076476351515,-23.039472435125102,2.8398446418093553,-5.0323575861271097,,0.2184681699581414,0.2,0,3
0.52531887274127098,-0.78346574677332892,-0.33199624331421429,0.84214820995808026,0.53453888719364095,0.071095502967388688,0.12176401112907871,-0.31693785149567488,0.94059764186556605,-12.231077429667513,-12.647838681125032,-3.5160247945463143,,0.2149294031547022,0.3571428571428572,0,1
0.61264339174326699,-0.7590169317353791,-0.2203664491076596,0.77832524711094508,0.62786001765152311,0.0012680474428721504,0.13739681314715477,-0.172293631842973,0.97541633170834585,9.8645764153937705,-5.856354342490496,0.98845992107277414,0.1172834011825207,0.242281288522439,0.2941176470588235,1,5
0.20802795870021787,-0.91246797375558464,-0.35231600200586466,0.97706538190816594,0.21059939450651352,0.031482288832592971,0.045470956397126568,-0.35078496533327341,0.93535143139916321,-8.8665503377824884,15.555978511483264,-1.5223287102890781,,0.1647835948387653,0.1428571428571428,0,4
0.5526784769249804,-0.79908990330489316,-0.23664705276014189,0.82351694632868733,0.567236815375462,0.0078888777515795944,0.12793099801595784,-0.19924287118710607,0.97156365618921747,12.219601382431648,-0.031696155694753446,1.7000159210131225,,0.07315550653803519,0.2105263157894737,0,3
0.68208746138976972,-0.70232389766567715,-0.20371018085149895,0.71598803841419989,0.69805080840480616,-0.0092842734332286916,0.14872062352829721,-0.13952136629594716,0.97898721364697405,-17.039356171290194,9.7910237664398512,-3.5077259647346306,,0.07867009125720295,0.2727272727272727,0,5
-0.98185362609075655,-0.039674598995369244,-0.1854437465297456,0.057827126716657823,-0.99393609707567121,-0.093525709543829286,-0.18060863863095669,-0.10255223607770707,0.97819402907978004,-6.9158122337593664,6.0372091930642222,-1.7784499511766041,0.2618904523370807,0.2390070346777558,0.6097560975609756,1,5
-0.97264065084610873,-0.093295134370632943,-0.21275850682034744,0.12943136687147991,-0.97813435786337755,-0.16279035363613828,-0.19291885753196517,-0.18587413986341442,0.96344855521122508,-20.558733461760259,2.3267207416171076,-4.6068348150326193,,0.1768359441928229,0.2857142857142857,0,2
-0.66290759142177746,-0.70305230488580117,-0.25743150900800849,0.74301720184544007,-0.66005162054676736,-0.11071267305669903,-0.092081284727955279,-0.26466831092586274,0.95993318631793334,12.408801459613846,8.4277739694004179,2.2280895929863438,,0.1336789865219976,0.36,0,3
0.83973193000000268,-0.49122896932429627,-0.23139659771712653,0.51752268494971587,0.85302700567837286,0.067195224129605588,0.16437930618210214,-0.17617896378393291,0.97053614895021378,1.5595562041456961,6.7523403798117352,-0.10013138460017398,0.435057740488685,0.1795806785940273,0.3076923076923077,1,5
0.40808087660430148,-0.8422503421085793,-0.35225609912086092,0.9085033770394858,0.41266623447561884,0.065789002360300497,0.089953388250330821,-0.34687308938817185,0.93358847882811313,-5.3234809745207476,9.2772010760456105,-1.2201338107557569,,0.1172953832194908,0.24,0,3
-0.041355678105060342,-0.96761040331115722,-0.24903777884588174,0.99903948042708335,-0.03643266713423858,-0.024347018574558867,0.014485317961811052,-0.24980546064789183,0.96818769223433121,4.0918420109986666,10.275770568281461,0.71245447189665445,,0.1655876833471159,0.6521739130434783,0,4
-0.67843143905978298,-0.69077171258226155,-0.25013041316769485,0.72823629465073547,-0.67725629029968126,-0.10486093840359119,-0.09696742570904783,-0.25329500260700716,0.96251699206075136,7.7317020923352011,11.272511402719473,1.4630813449981783,,0.7182848093824118,0.1111111111111111,0,4
0.57161417741348552,0.79950100210777997,-0.18454099763619025,-0.81534737034073801,0.57867689287785495,-0.018485651940785667,0.092010313869416355,0.16103167787080822,0.98265095576392936,-12.642664098389105,-8.4154215617521562,-3.5292620150800196,,0.1439727433778358,0.6607142857142857,0,1
-0.25504890382907441,-0.94227035440307327,-0.21697150934787238,0.96649355741014198,-0.25516014274076471,-0.027991160054579606,-0.028987240991100428,-0.21684068061509776,0.97577654157604365,10.536423643224525,0.65120541901069018,1.3226691526591847,0.7474807341225511,0.6238907845193981,0.9785714285714285,1,5
-0.93011313013657082,0.34588121787130127,-0.12351416223015119,-0.31519312042023806,-0.92435803341690281,-0.21497795909671763,-0.18852814640605831,-0.16102300823640675,0.96877692418388772,-15.636044697741609,1.4307261803519318,-3.7450272913296878,0.2178505504864019,0.1020553159524946,0.1111111111111111,1,4
0.017068006170570402,-0.97257411841959451,-0.23196609093940754,0.99935939129026408,0.023892990664750084,-0.026644549856348003,0.031456163232578431,-0.23136272209982806,0.97235888468057041,12.415279110087175,1.5062591499535452,1.7918863668986904,,0.2285584538401628,0.2195121951219512,0,5
-0.55078869466533409,0.83332081457671581,-0.046991848463915312,-0.82503142462299406,-0.55210174725528172,-0.12044421556146892,-0.12631295346642002,-0.027569560585239645,0.99160725951140849,-16.344768774353131,-19.15129561137617,-4.4194600148530991,,0.1528932067517264,0.3,0,1
-0.26836580651999514,0.95851567920513758,-0.096059807457578139,-0.96083235743836792,-0.27349695288298542,-0.04472804112804208,-0.069144593355534426,0.080293894423153975,0.9943701100335135,14.313303199987338,-1.8980757394035168,2.0794733509459351,0.2457552017732097,0.2562819978965919,0.4375,1,5
-0.84138937988253903,-0.49103105983626316,-0.22572640451873022,0.51892516276405309,-0.85071272089458627,-0.083693141645132363,-0.15093239172284506,-0.18755363175424586,0.97058902133942115,6.1440592644492193,7.2949138950372996,0.84248893560108218,0.7230804962253078,0.7564650530770973,0.8486842105263158,1,5
0.50252422337720881,-0.82922721086266815,-0.24464594352666791,0.8568862682144317,0.51533118561721591,0.013404942219197117,0.11495794128584018,-0.21637005776048343,0.96951981405232057,-5.0236191680260527,13.897338394106656,-0.9158746453424822,0.6150663649187893,0.3197053168499837,0.1621621621621622,1,5
0.89655744770506418,0.42284270018087206,-0.13186657600897611,-0.42328639309378513,0.90562141167981725,0.026047804681199903,0.13043531878381528,0.03246397404517036,0.99092518284831166,2.1308269295873408,11.332881384389308,0.32540007918971359,,0.09812002161027901,0.3333333333333333,0,4
0.97539912602289136,0.11991089310270252,-0.18498087108967043,-0.11978828392437797,0.99272837895866306,0.011879926117581579,0.18506029284596315,0.010570871554362616,0.98267031332301302,5.9494662278315165,-18.033450177597235,-0.22782139166475696,,0.09438588928993522,0.2857142857142857,0,4
0.38120237931624495,-0.90040091068370931,-0.20967342712795245,0.91924641986019973,0.39328748279181686,-0.017634496122158325,0.09834005073132554,-0.18601923534737885,0.97761243778040008,6.1294308290012172,3.8238303220977978,0.60938968478655808,0.4854546838099713,0.4467188259151733,0.9423076923076923,1,5
-0.05792028841288048,-0.95099064858451332,-0.30374664853291333,0.99803096176897133,-0.04782197322619576,-0.040586429102068965,0.024071550441818204,-0.30549933744864566,0.9518879741218329,-8.2926757711907424,8.5421788375546406,-1.778366237319982,,0.1697514529481835,0.2037037037037037,0,3
0.7667500541768173,0.61938055938038672,-0.16870707478196642,-0.62604810599324601,0.77960172106746706,0.016879736103215023,0.14197930624608143,0.092676206063280434,0.9855216879539479,-4.0260248529084581,15.476180437127166,-0.59924674165599523,0.7964394954054311,0.5184990566261825,0.7586206896551724,1,5
0.035623695184787897,0.99847683266531284,0.042130356894128959,-0.99923007279226317,0.036280636973748427,-0.014932414685788964,-0.016438186303561954,-0.041565971796945135,0.99900052853821109,-14.650354420911789,12.895267579356631,-2.6960080775400121,,0.3367005751160418,0.3333333333333333,0,1
-0.79358095295666908,-0.53607773747120313,-0.28783663855065461,0.58798183920512626,-0.79734247693717708,-0.13609677158788183,-0.1565459289452831,-0.27724652181667248,0.94795977671587672,-3.9463561427420428,7.6970998626378444,-1.047065026621371,,0.1447104609959148,0.3661971830985916,0,5
-0.84246830093904701,-0.49694124469012507,-0.2080782574867058,0.5164859500704867,-0.85486176369366518,-0.04953411303680063,-0.15326260239426084,-0.14920041655566879,0.97685710848974872,10.444569339286927,-10.551673414359518,0.92119939041591481,,0.08304686356612874,0.2352941176470588,0,5
0.66272593495932686,-0.71065019392689488,-0.23615807630473731,0.73648442314525886,0.67561374338184721,0.033715934184959225,0.13559140679513165,-0.19627116860414257,0.97112954788642025,12.0371710736647,-6.1043734025119862,1.4375099313727149,0.1465072922450618,0.1134535117240146,0.1578947368421053,1,5
-0.80032651815244471,0.58210747822789344,-0.14362572239381621,-0.57526308065408427,-0.81303928928727021,-0.089663270694425562,-0.16896701565203623,0.010862682284405291,0.98556184471357799,22.171473915090154,-4.0775371187147975,3.6331739877780813,,0.2144360144564469,0.3902439024390244,0,3
-0.63040815360336488,0.76620270511781297,-0.12457517626133895,-0.76467783192066985,-0.64057346188851561,-0.070238545637480193,-0.13361651559407609,0.050980923827546321,0.98972095671769511,-16.510613003994397,2.5885661124447288,-3.8165317219297745,,0.1326597905552569,0.2264150943396226,0,4
0.60753736603139319,-0.75892671764617059,-0.23436848362876914,0.78296806415172959,0.6218573863614768,0.015949970099305773,0.13363891422086807,-0.19319324074740513,0.97201698150566529,1.7562587820915971,15.644104317480473,0.56731267959443854,,0.08826906410246545,0.4,0,5
-0.63348366332816997,-0.74175713651590958,-0.22021534625007599,0.76675396553640074,-0.63999209529533019,-0.049984740608490792,-0.10385954279952812,-0.20051550660039227,0.97416976291725543,9.4066144496669981,-9.991768767440492,0.76165911836979883,,0.07122419757510393,0.2285714285714286,0,5
-0.8733051811423137,-0.4382352492494348,-0.21280960247431846,0.46052143602383083,-0.88510443216064172,-0.067157658774991261,-0.15892786902409664,-0.15665251509272107,0.97478301275852408,-27.217257476471822,21.532461507786611,-4.8291850394297713,,0.1899887758542292,0.4705882352941176,0,1
-0.88411227693493422,-0.41178765484907154,-0.22085381836596998,0.44024796417993123,-0.89247474286790074,-0.098339022662937231,-0.15661165923504239,-0.18417318115506803,0.97033655374559091,-14.079382033447448,4.1995711272091105,-3.2572144859239329,,0.07754498222793917,0.4426229508196721,0,5
0.70275297383217805,0.69024618080854494,-0.17233243353834699,-0.70104390881177936,0.71311360598943585,-0.0025343383054912752,0.12114328577322316,0.12259361660364966,0.98503558792568791,1.8638416122709383,-11.383517605749677,-0.86936776813377514,,0.07459923600574839,0.275,0,5
0.28364257822849653,0.95770903766327631,0.048376512833937402,-0.95856087953852565,0.28177257618561202,0.042014944103873131,0.026606917037101805,-0.05828905976085464,0.99794511746787751,6.3032356069019757,-12.043280866474174,-0.0006346097859947328,,0.3481647871595987,0.2666666666666667,0,5
-0.26875680567790372,-0.92541746952256521,-0.26715592170914593,0.9631118129104328,-0.26210757639473892,-0.060952885320203799,-0.013616726265564739,-0.27368252684256245,0.96172369174668892,-2.803022068690697,17.801727171040202,-0.18556788196329005,,0.3247029333066176,0.4444444444444444,0,4
-0.31132017076923812,0.9494127849103654,0.04117177578094889,-0.94669264204986125,-0.30607148131418743,-0.10046536624525476,-0.082781596752336511,-0.070253912167817734,0.99408832357303667,-7.4016763815997013,-7.2964107706471308,-2.5784751263893755,0.7519685149465574,0.4285396755086532,0.2592592592592592,1,3
0.82895053838626132,-0.50818814185659122,-0.23363607894645272,0.52845082617083627,0.84845210870962762,0.029474455814272525,0.18325045492027742,-0.14789804495845088,0.97187727572414184,13.54868810276173,-5.3352385654168275,1.7285895104322269,0.3780448868497802,0.3079100475005093,0.3571428571428572,1,5
-0.92811507412461591,-0.29257873214279145,-0.23021749429697105,0.33912282114166681,-0.91955810390424475,-0.19851600873719999,-0.15361680039493167,-0.2623177063062036,0.95267586281729444,-6.8291284453292294,17.700810426367049,-1.0181145683133646,,0.1640585086793963,0.2631578947368421,0,4
0.80656886694583019,-0.5102458705209385,-0.29848922005668566,0.56613723278591188,0.81204677749632725,0.14166391499369407,0.17010378163706211,-0.28324756446289134,0.94384083440938815,-13.740870716595923,1.8168478773667001,-3.3316098470419471,,0.1977918858195374,0.3243243243243243,0,2
0.91050523772102865,-0.35348545873169734,-0.21454193657141821,0.37714854125882991,0.9226559498021798,0.080405075219008651,0.16952636936155294,-0.15412342054301539,0.97339960002622306,5.0632460620728228,8.7520376969146021,0.75289577218563197,,0.09701609112716336,0.2105263157894737,0,4
0.61070405412331219,0.77258493007707107,-0.17364643415618511,-0.78569279662072378,0.61851259174685225,-0.011357957074173782,0.098627519565572155,0.14336910290714586,0.98474256164539953,6.5541814715603195,-4.1772812800856007,0.31735512202885718,,0.07018867366370837,0.2,0,5
