axis_00,axis_01,axis_02,axis_10,axis_11,axis_12,axis_20,axis_21,axis_22,location_x,location_y,location_z,dbh,dbh_approximation,score,reconstructed,number_clusters
0.68833344047866207,-0.6921522944755778,-0.21707665920361402,0.72482552678490797,0.66812407004321273,0.16804220526365846,0.028723343116524809,-0.27301177315472297,0.96158179125809418,2.7356500860878432,-5.3665432863171816,-0.32576312639317051,,0.06684787451943988,0.1935483870967742,0,5
0.97923782146450278,0.071978184781586255,-0.18950575170427833,0.0038254761651064736,0.92811128154201339,0.37228324540133856,0.20267869830242632,-0.36527878393083668,0.90856631858353876,-2.1359054063112586,13.011433389311522,-4.384610297952368,,0.44293688209505,0.5909090909090909,0,5
0.98233741890109871,0.094198337938655938,-0.16167828721360011,-0.05288775724044123,0.96858682202369661,0.24298652912479241,0.1794883855874935,-0.23014395784298194,0.95646101755772794,10.658926707105053,2.783387281527494,-0.58521108074567196,0.6440735530295847,0.5596058723305726,0.7551020408163265,1,4
-0.86860068383396838,0.48876785041506643,-0.081479079792287884,-0.49356127279208883,-0.86798223611892067,0.054809741669265069,-0.043933154257530291,0.087822697422896681,0.99516684619934481,-9.5730503430266349,3.512738722989444,-3.9554259583457747,1.019851317585726,0.8795506488260272,0.4692737430167598,1,2
-0.64794500240412101,0.75907322036234992,-0.063048552626172441,-0.76138223733681332,-0.64312116022317034,0.081806246345816555,0.021549072544139042,0.10100999654457521,0.9946520085288888,-11.42708221267579,10.321069541133509,-5.4688439935763054,,0.3617835795833071,0.2307692307692308,1,4
-0.46606729910839817,-0.84773567062307942,-0.25323014325913157,0.85543977021911433,-0.50483522217722632,0.11560362441004594,-0.2258408116999035,-0.16274406656621312,0.96047399577928194,-9.5604190704527117,-8.7203562878540044,-1.9037769851433541,,0.2127797327371748,0.2941176470588235,1,5
0.97962264135663646,0.025498618108371954,-0.19922173831189299,0.010641614507068039,0.98392565365043838,0.17826122441305794,0.20056479397474505,-0.17674877245153092,0.96360450126322417,0.10340294355376295,-11.618963350322014,0.20414293494178432,0.8211364318319438,0.7127662640980541,0.6577181208053692,1,5
-0.59727132045021913,0.79705448486788189,-0.089281117374545221,-0.80203917105720413,-0.59350760971691263,0.066946884154453129,0.0003712916974159382,0.1115924072690993,0.99375399208373638,-0.11626967904436772,-17.310332965852965,1.1051698438606239,,0.1818556076236676,0.3529411764705883,0,5
0.9811387552828662,0.01899313548753594,-0.19236944582323898,0.025461552877404023,0.9737930369609642,0.22600626206239041,0.19162059442309207,-0.22664152746285232,0.9549424934634787,-12.557784714234657,10.716385703435785,-5.7395611339163297,0.3445064215922327,0.1394833166551095,0.2051282051282051,1,5
-0.89543809530161778,-0.33365695287783786,-0.29472640750175055,0.33410386614663107,-0.94118601862855766,0.050432974966772001,-0.29421968681324778,-0.053309625157201786,0.95424989376845804,3.217662523889357,9.8943194216478432,-2.9604413607734514,,0.182050668642061,0.1724137931034483,0,3
-0.40270399355894332,0.89735027041284632,-0.1805325061080989,-0.91350513463331495,-0.38155741949146577,0.14114639432016482,0.057774237946064629,0.22175758796714426,0.97338877618798658,-14.57165527715406,-8.83165789347259,-2.8216374010571843,,0.09007727951562586,0.2777777777777778,0,1
0.59729263520683362,0.8020184747095902,-0.0028060919762671675,-0.7664414576531654,0.57182071153484626,0.29255523555437135,0.23623928529812308,-0.17259038236322735,0.95624450847968134,-7.8219935704046542,14.192668995990557,-5.5900957217285026,,0.488953218202928,0.2307692307692308,0,2
-0.51867793336836188,-0.81794775163853339,-0.24886678570309931,0.82016527261408656,-0.55822465765198115,0.12535612145878156,-0.24145833395139898,-0.13909244112745978,0.96039115249288798,-7.7097116849036338,17.612176505093039,-6.1263825661477576,0.2684402317716613,0.2439905736594988,0.4761904761904762,1,5
-0.37634985373873237,0.9262915927269193,-0.018565366526470672,-0.92382261778957409,-0.37368003681103223,0.083156484710001366,0.070089645820577001,0.048447036362743348,0.99636355122837239,1.8633287076841623,10.622520398304854,-3.3181973876320083,0.5591403324859063,0.3344070580209371,0.7236842105263158,1,4
0.82705310436979074,-0.45112865891106535,-0.3353596512125398,0.55588656780380918,0.74500798862838402,0.36871834862831526,0.083506205084376076,-0.49137158036357187,0.86693753161540588,10.022758717701917,-0.17573959749791612,-0.087754782665275088,,0.6064710074779954,0.3157894736842105,0,1
0.8604435900196743,-0.46102950027709116,-0.2169991434736819,0.49996200268480784,0.84608201259156024,0.18488705698456001,0.098360684551563743,-0.2675762094119567,0.95850307662066336,-1.735781546519541,-11.687453554905137,-0.081816981366166566,,0.06933675248605251,0.3255813953488372,0,5
0.64504414320839409,-0.7124347016497965,-0.27632381221623858,0.76402781282165277,0.59495967975244834,0.2495685891770564,-0.01339979654736775,-0.3721018346555558,0.92809518374919886,-15.84993846101516,7.6107622488055426,-5.7833091940255343,,0.2357518566680744,0.4020618556701031,0,4
-0.31432615596768038,0.94845229514824725,-0.040463705991958095,-0.9436748030594182,-0.30753518555446918,0.12206545668921659,0.10332924922474819,0.076552945560576124,0.99169688553541868,14.771260854975829,-8.9237976280356932,1.9315776868793595,0.8253530283279177,0.371371503772115,0.2857142857142857,1,5
-0.11617535455705844,-0.87668029579514029,-0.4668350307743479,0.96726823112682758,-0.20662175475730174,0.14730790716655645,-0.22560021286851456,-0.43444114610100881,0.87198935459564064,-11.353017439463832,-10.81639994498725,-1.9053571958398292,,0.2941281185710332,0.2592592592592592,0,3
-0.4329376948994208,-0.85645389125454663,-0.28116131399985134,0.87311049188919276,-0.47597899107174274,0.10546122041461323,-0.22414955116660348,-0.19982675549903933,0.9538481254888217,-7.534034398137738,3.8168914789055313,-3.6482629528799229,,0.07176220899465324,0.1928934010152284,0,5
-0.17883838577918423,0.98336408924253116,-0.031810371895047276,-0.97540542708609557,-0.17297152881490085,0.13662028777024984,0.12884519619638751,0.055460961113575305,0.99011261844775567,-0.45648263758399898,-6.9087122610528411,-0.6386827360232904,,0.1405335226804121,0.1111111111111111,0,3
-0.46920784496679285,-0.84225783524383435,-0.26541615849828787,0.8535219436677004,-0.50965080762669246,0.10842668473752851,-0.22659278430552304,-0.17566386439968346,0.95801770173877299,-2.4317878060420477,-7.8187245253540603,-0.82387610472675665,,0.0788235634704479,0.2666666666666667,0,5
0.43757835463712108,0.88392882819842167,-0.16490909687714161,-0.8714156855959998,0.46209683621340109,0.16462447223550442,0.22172028876564948,0.071668268022395065,0.9724730191158758,-11.323235636879748,-5.2171618387884884,-2.7946936298867091,,0.06749266924991147,0.2898550724637681,0,2
-0.75906313218807508,-0.60508053030932396,-0.24020972751621936,0.60234135077509698,-0.79274409276975955,0.09349706158528652,-0.24699809412070511,-0.073718079324128563,0.96620783803563759,6.6311973096524701,-3.1885107243881818,-0.052404111825096737,,0.1533708773009751,0.2608695652173913,0,1
-0.72337772972941861,-0.6530340211384883,-0.22421246032994313,0.64637633813139894,-0.75466419307999866,0.11260366417996913,-0.2427391390677513,-0.06347064611778036,0.96801300995701278,4.7293165001463588,-15.199974134011356,1.562137098263892,,0.08092095165489362,0.3125,0,5
-0.6809870857595316,0.72991975104704965,-0.058938493874155687,-0.73216137048491625,-0.6801935505198955,0.03572759998640037,-0.014011302522975081,0.06748252264513982,0.99762206899158878,2.6595908401012163,-14.085600921380506,1.059217120303056,,0.4193415224356919,0.2758620689655172,0,5
0.62413340641126225,0.77005990611360897,-0.13215608952210023,-0.74320192369281612,0.63731697094996986,0.20366143267308237,0.24105682239001491,-0.028893243768303961,0.97008081562505599,-11.363313656617896,-7.7856487551962035,-2.3932842910158976,,0.08396799525059484,0.2658227848101266,0,1
0.2316166898600866,0.96737909052358828,-0.1026226300384632,-0.95209387011959645,0.24707319737833436,0.18020015987211371,0.19967716809626759,0.05596901245333457,0.9782619782992964,5.0280326895406375,-9.2013816214101016,0.67030109785826097,,0.1802039154007694,0.35,0,3
-0.5339078004598683,-0.76472337566202153,-0.36075007875839399,0.80971754002181573,-0.58529097763732629,0.04233174786566142,-0.24351584340474508,-0.26950441594234603,0.93170134903758195,-4.3265232459781888,1.9597494807158109,-2.7541383642084498,,0.2108279742282904,0.3208430913348946,0,5
0.51858531205469016,0.84410733365485358,-0.13620603287385546,-0.82308027476437962,0.5359723260970175,0.18780981590946297,0.2315343072093928,0.01471308697203628,0.9727154720969643,-12.565876194581945,-4.8489107906131501,-3.063463759852961,,0.07028303040220714,0.2545454545454545,0,2
0.77708580683930173,0.60657847027639022,-0.16792917616086214,-0.57546355899782309,0.79280379628542952,0.20075814519209478,0.25491045697356246,-0.059369183863058554,0.96514038301843119,7.6316083724174808,-12.923447610327184,1.6849918656659646,0.3163422317146045,0.2737683146483842,0.5185185185185185,1,4
-0.98025488682698081,0.035775128010656063,-0.19447492657832419,-0.038196988147688071,-0.99923221236226789,0.0087164140593187518,-0.19401378030508243,0.015972663942789428,0.98086876138365331,-1.3307601933675908,3.8145559735735901,-2.4948916836602231,,0.08859210021465151,0.1619047619047619,0,1
-0.087083437581039022,0.99304111041817344,-0.079283213346268672,-0.99019609031546107,-0.077558774495014277,0.11617374584133219,0.10921619670655187,0.088622737027650986,0.99005950975619794,-9.0576958361250384,-6.0688576088545094,-2.2363862644269137,0.9124077451410382,0.3327786533985226,0.8888888888888888,1,4
0.02821281886847295,0.99958749045350603,0.0053745493165832563,-0.99498954712443866,0.02756631777596329,0.096103585975647637,0.09591578579461689,-0.0080589734542468091,0.99535682796787228,-1.3296926468998636,-7.1977893460400297,-0.73660813677326586,0.7733232233215571,0.2746981234922049,0.528957528957529,1,5
-0.85084954082542319,-0.45711475324112444,-0.2590389184012149,0.46607547365922042,-0.88425261215868389,0.029512213469623648,-0.24254630842480099,-0.095621233310647175,0.96541590416237233,-8.0153573317868236,9.0007497298178158,-4.6980605765572392,0.6114485393535057,0.2134446166368471,0.1081081081081081,1,4
0.88843834692962775,0.44703972950846921,-0.10408066076818889,-0.38872536145310832,0.85339941640177164,0.34727802903187516,0.24406945132092731,-0.26807632556066618,0.93196844721577932,-10.615630649083034,-12.409604520633323,-1.5284133877426853,0.5900756800411331,0.5802725965196049,0.5735294117647058,1,4
-0.78583849270081196,-0.58179127103063233,-0.20970641464265488,0.56705899216512523,-0.8131823428771664,0.13106706923356015,-0.2467832303751375,-0.015918360008611878,0.9689399584186047,-7.1866982250505984,-6.420937265371089,-1.8514776014820968,,0.06920147690845049,0.3243243243243243,0,5
-0.95184845188612321,0.25054160764146,-0.17667322231289789,-0.26634489267650907,-0.96119309566291466,0.071890409618261777,-0.15180554267591431,0.11548478553634363,0.9816406376686404,-10.505363761362585,7.1951322574584493,-4.8100689575109454,,0.08053436832689627,0.3058823529411765,1,2
-0.81501718449969585,0.56981361263197616,-0.10516385229481054,-0.57513924953790996,-0.81760070254042283,0.027275169043961829,-0.070440276910006663,0.082713590568316009,0.99408079617510892,12.147833045023164,8.6073189855625785,-1.5795297763989762,,0.2050293253969785,0.3181818181818182,0,5
-0.55665449691781976,-0.79922101752496544,-0.22667495716890987,0.79666942217680292,-0.59091125029201697,0.12705009266743483,-0.23548588668887849,-0.10986200173255366,0.96564835097755342,-13.653947960835037,10.586855758168394,-5.9331067666114619,,0.1397440264143639,0.5,0,1
-0.93441052827518178,0.30907336770057653,-0.17706105734101898,-0.32850678303544656,-0.93991739361882276,0.0929439975065698,-0.13769625321045389,0.14501360815807401,0.97980140605164412,-10.774563709889717,-15.403843797716773,-1.0775105472552833,,0.1229260459573924,0.2,1,3
-0.66441283203702228,0.73765387254787895,-0.12009310113266687,-0.7473634564716487,-0.65537736632784271,0.10921708490859229,0.0018581052967431427,0.16231842785185491,0.98673667988192693,12.01854828481879,6.8714176455541081,-1.3231682453944333,,0.6457271262047984,0.4912280701754386,0,3
0.93487002453609902,0.32157829986956959,-0.15035103683337189,-0.27942743751233484,0.92783910747445375,0.24705241914682485,0.21894826875123483,-0.18894969619982305,0.95726676946232225,-15.054848844518663,3.7069703692689977,-5.0304042051710862,,0.07521622338472836,0.1627906976744186,0,3
0.064508459875218846,0.98653375000119781,-0.15029909751259599,-0.98392117491196007,0.088014587069167829,0.1554109198959705,0.16654663060054734,0.13785714552252065,0.97634913184986583,-0.64003458331066465,11.21835616842526,-3.8712079472825112,0.4346249060610592,0.3781640683551712,0.8566037735849057,1,5
0.95226598782484828,-0.16598188024744212,-0.25620207622400276,0.26370929464415838,0.87004658829054693,0.41650491248274635,0.15377547382546569,-0.46418633072668503,0.87228673841590076,-10.240222338897672,-2.7920051073457861,-2.9616411111528711,,0.1004711461636292,0.3571428571428572,0,1
-0.62648348137836141,-0.72356663225241957,-0.28977538931203195,0.75239513027398142,-0.65847785803831382,0.017563553549123607,-0.20351907895832974,-0.20702231561878962,0.95693351144987437,-6.6511454110429158,11.131167082541356,-4.8399583644194282,,0.2482603404815983,0.1785714285714286,0,5
-0.62454886322415326,-0.70813308259365038,-0.32937251673725471,0.74789356468323542,-0.66375890923815783,0.0089065320060735913,-0.22493095240722699,-0.24077302121165106,0.94415804763068789,12.623649514914673,-9.1373003871852205,1.7570146609800932,0.4245381574016127,0.3115747764905513,0.4545454545454545,1,5
0.32569006305899267,0.9305109873524734,-0.16755681198015668,-0.92312763627512795,0.35126243009920299,0.15636518904761701,0.20435593940407942,0.10374973550388843,0.97338309129198897,-2.7127120542531187,3.7638444091016812,-2.7606357854972923,0.6911419274081554,0.6241571510569157,0.8489065606361829,1,5
-0.74023693138681246,-0.60131057283893574,-0.30079042604967687,0.62545120228909346,-0.78000460131551952,0.020090183716059185,-0.24669835622914651,-0.17325823766484602,0.95347863327665006,-6.9825207949534889,-17.090554246508443,-0.079936403409630596,,0.07014134696261085,0.5,0,1
-0.81427791442651443,0.57120941485732957,-0.10330189957379797,-0.57761065162935121,-0.81498381014803889,0.046554530616296129,-0.057596989517891717,0.097576603624714153,0.99355995955128096,-14.060474807695009,7.2855862504570608,-5.4168448235184679,,0.2910391550130594,0.3084577114427861,1,3
-0.70183229741027731,-0.6515343974330593,-0.28798325519611645,0.66844753631078957,-0.74208661848866275,0.049853203107691903,-0.2461895966767218,-0.15751310936427296,0.95633691911718566,-12.112010920554543,-14.548810252542371,-1.4465112016867103,,0.10851254057958,0.3235294117647059,0,4
0.74159834779129696,-0.62504093978034436,-0.24363028168050535,0.66891606515182267,0.7164930944779333,0.19796197449822989,0.050825075848649606,-0.30977648258694407,0.94945002106537402,-15.031681123711641,13.576527403757739,-6.7224962321092843,,0.1497766587662657,0.5714285714285714,1,4
0.69507982869991336,0.71073928676349696,-0.10822983870178457,-0.67582442504776319,0.69730064177744144,0.23881616671747422,0.24520476798659341,-0.092851931739106261,0.96501458047480138,-12.632313755475067,-3.8096139994645926,-3.2890325747578024,,0.07341888290168912,0.2653061224489796,0,1
0.71153257283703886,0.70008266287462884,-0.060047172575170241,-0.65829149786866425,0.69405546896788062,0.29144349337325343,0.24571060544008655,-0.16784299549919859,0.95470153830195625,4.3532446046549138,-4.711244772580029,-0.22823304418386142,,0.07796272018527155,0.2093023255813954,0,5
-0.011836083736665034,0.99885736787035673,-0.046301898156362563,-0.98761353431588361,-0.004432392682083436,0.15684342744023883,0.15645898490616736,0.047584793224467521,0.98653751753084218,-14.766502022509785,12.302114553069307,-6.4281008745311077,,0.2142264452419474,0.1904761904761905,0,4
0.91004524380661267,-0.34693053906592874,-0.22684103528327157,0.39480557621720064,0.89219062701705465,0.21937283799668267,0.12627830855996811,-0.28919731348395811,0.94890394806897838,16.398295797865995,-6.0456105985174675,1.5958854054015903,,0.1067341191365478,0.3333333333333333,0,5
-0.9718783576045561,0.13236445917604683,-0.19476166965526068,-0.16072052691072333,-0.97733436727883272,0.1377913160007723,-0.17210860016109514,0.16521859605600661,0.97112380532446618,-2.0212141961576253,-3.7544991941779471,-1.3400306377354327,0.3500003779499299,0.3043156576367656,0.9248788368336026,1,5
-0.50537119333084279,0.85554533347701567,-0.11243726836357064,-0.86270313341454086,-0.49814942588091926,0.087123206387524132,0.018527291979469684,0.14102954250869648,0.98983200978332408,-1.7720390758175828,-14.493535580314486,0.36027059228851288,,0.1190660720555588,0.2631578947368421,0,6
-0.4351524984396703,0.89243902131550878,-0.11914233645152918,-0.89976867560192941,-0.42626203324106443,0.093364926084388913,0.032536648679027051,0.14782852312936892,0.9884776650193603,0.34350037964008084,9.9897538921301265,-3.4842608877697181,0.5287592198155404,0.4660897832658305,0.7572815533980582,1,4
0.55949621743544098,-0.77252637587155681,-0.30027817312983768,0.82873366714929997,0.51581845193868958,0.21709867243455877,-0.012825428207585249,-0.37031651762017409,0.92881708918869488,0.21826745190570476,11.975035182735878,-3.8292520083500432,,0.1589553806436985,0.3043478260869565,0,1
-0.97300267585951161,0.14993194548636177,-0.17545997974725272,-0.13268499590900593,-0.98544438932994083,-0.10627345575809904,-0.18883983856924569,-0.080123450130509172,0.97873374730226115,14.100503036332693,4.5977168182690233,-0.61492239883111333,,0.2603949157909756,0.2857142857142857,0,4
0.75736336489791056,0.6472494819984238,-0.086422459831260331,-0.61530559830922815,0.75168574850674241,0.23741852535381636,0.21863154895814213,-0.12663586989723738,0.96755547761124927,-12.286019415892174,14.679904131009474,-6.381081105632294,,0.1625930463323141,0.4705882352941176,0,2
0.14119915042748837,-0.94260420844103854,-0.30258900533198363,0.98212637711269302,0.094948454128024648,0.16251944633856968,-0.12446115577983488,-0.32012825131178624,0.93916309734465508,42.771587353649757,-11.229809676883701,5.7835369253814362,,0.4995281932012153,0.9,0,2
0.44752471126635757,0.88317938679143881,-0.14041297501535333,-0.86711265636990742,0.46695291447511272,0.17340881415407339,0.21871733806236551,0.044149138269021296,0.97478899235732863,-5.8967763859155564,-12.281263750034555,-0.72465585254341813,,0.1200765224698238,0.4,0,5
0.7668142314951385,0.62813912277069173,-0.13204990276931555,-0.59763698936721632,0.77374754056249406,0.2101065739418477,0.23414944654346212,-0.082194804692007087,0.96871979992412294,6.6742446026929452,-5.5786280196199431,0.30245084589488308,,0.1100420739883057,0.3928571428571428,0,5
0.44683137756170244,-0.86547911282849777,-0.22646771355738118,0.89341742400985968,0.41858576970211853,0.16306826753992321,-0.046336017328837568,-0.27519421988930232,0.96027137562129816,-5.0820599701083689,-14.35108014872765,-0.24088114016617329,,0.08726674814325087,0.2,0,5
-0.54937336811493542,-0.75059149125328262,-0.36715298672927288,0.80190786543414561,-0.59708697548082812,0.020758590173942371,-0.23480348753990926,-0.28301865127466597,0.92992890334141409,-19.293502937995939,3.4495237714105773,-5.7366104992716114,,0.5902331906380588,0.2758620689655172,0,1
-0.86480625678612755,0.46877240580964857,-0.17989599710665924,-0.49096523119023133,-0.86453416385126203,0.10739562978222279,-0.10518212769233987,0.18119909239682117,0.97780550669787025,1.9353102663706021,12.455134185087838,-3.5759319951333022,,0.0974449751397084,0.3928571428571428,0,5
0.97348271973932321,0.14433614617329241,-0.17747808675093488,-0.081815722260733414,0.94418250608594978,0.31910121089116933,0.21362954374309973,-0.29611901679746605,0.9309543200023388,8.3641399203686397,6.1871964333155871,-1.5878707997827675,0.5893259507785823,0.5448800451073599,0.2804878048780488,1,5
0.8734729750963216,0.47544894632885493,-0.10484875398002054,-0.43696981724503697,0.86052256314107378,0.26183639384538582,0.21471455608137091,-0.18289127305560191,0.95940004255101063,20.375199767161401,-5.1139315432290973,1.9149092370263239,,0.2477678858787541,0.1379310344827586,0,3
0.5822816100472058,0.7978633704198459,-0.15608385164109326,-0.77744140719592758,0.6026133627211514,0.18011661069186072,0.23776666077911565,0.016467459190509501,0.97118270053052269,-11.933676271165275,8.430900707833807,-5.2351993078861332,,0.269996018732946,0.7692307692307693,0,1
0.8611931642031343,0.4746296595521054,-0.18185989168380451,-0.44892932105363309,0.87806336687868425,0.16573227942676894,0.23834596415319606,-0.061085268429639621,0.96925734010775555,-3.0829848217049434,-12.593859105815893,-0.1749858399567209,,0.1090537472253719,0.1842105263157895,1,5
-0.91033676030030586,-0.33130422956028388,-0.24804130769170191,0.34038503576896745,-0.94026266787681601,0.0066440064517329315,-0.23542516915253883,-0.078381266082136455,0.96872667293559078,-7.7585478097144494,1.7493576744603119,-3.3844813493009021,0.143549893560678,0.3129259890459024,0.2541254125412541,1,4
-0.90047728041961206,-0.3750840218568226,-0.22011961292854232,0.36600724773268695,-0.92696816131109816,0.082272246369396854,-0.23490287792031009,-0.0064810850352333407,0.97199723944130778,-12.38069261025988,12.228768550881973,-5.9504539582012645,0.766698379925117,0.3200359005068231,0.7717391304347826,1,4
-0.77296541911354866,-0.58121409595579321,-0.25439071428986054,0.58047262039167447,-0.80970505849675356,0.086193127454521123,-0.25607810884618454,-0.081042537639553713,0.96325287918734093,-13.33820415065731,-13.785216408979624,-1.7743234394890515,0.2457056541119267,0.1782336590825691,0.3333333333333333,1,6
-0.15945045548225284,0.9768591789753257,-0.14255418863770677,-0.98007164687454251,-0.13931008833894992,0.14160602487047044,0.11846990858072109,0.16229246359164926,0.97960504134177917,-11.156082447990457,-6.231690594552159,-2.5897408391349259,,0.0692555362613307,0.1818181818181818,0,2
0.3830219637466194,0.92344320803859514,-0.023384114588110221,-0.91065603510643856,0.38172156801033635,0.15809563637226026,0.15491856251561015,-0.039259216027791526,0.98714687506215537,-13.807454618717031,9.472077613183675,-5.7954606083200364,,0.383690978505934,0.5571428571428572,0,4
-0.12156812873945634,0.98711006623170061,-0.10409086040010243,-0.98453754903850199,-0.10659267612707039,0.13901012887314279,0.12612297414842907,0.11938056181856437,0.98480519741309125,-3.4829291491480152,-8.1736738328016294,-0.95042308347179927,,0.2316229522900216,0.8701298701298701,0,4
-0.96127568256116014,-0.16485056232844292,-0.22084690221185416,0.16669154180476106,-0.98595415901329786,0.010407988044407089,-0.21946068442280889,-0.026808364821023344,0.97525295158143233,-1.4454807349324081,-13.086648133886001,0.22688974413283283,0.3080371460075518,0.1657480398293871,0.5833333333333334,1,5
-0.51408929222064426,0.84161302579991304,-0.16552859096842221,-0.85705144806451983,-0.49631017026294916,0.13834388408625503,0.034278491719821842,0.21298762803852361,0.97645340662416491,-5.9293637889988622,3.2591681041788201,-3.2725268484485901,1.15324699216277,0.9532109974195726,0.713347022587269,1,3
0.42729029905052823,0.90348483792923862,-0.033736448676270424,-0.88160008717960237,0.42463508043492121,0.20607361487814171,0.200510066136907,-0.058311200433574337,0.9779547623902487,12.098930190407728,-7.6073975781501444,1.3671554970026731,0.4870736899705562,0.2532937811082474,0.5,1,4
-0.97479136577580205,0.092856060661057796,-0.2028781535983013,-0.094230806001779771,-0.99554617182830119,-0.0028939520156789434,-0.20224329014630107,0.016296372495867576,0.97919971396762273,-13.769284314233403,2.6143958568701784,-4.5945803849635469,0.2947117562624744,0.1792406724518527,0.3813559322033898,1,3
0.97957256097793011,-0.064236416851910089,-0.19055519024462872,0.098238033927028748,0.97970045439101416,0.17474641156885581,0.17546192313231648,-0.18989655714643081,0.96599814239709636,-5.9119982823776667,18.798990070623208,-6.0487260540040824,0.5585663298362203,0.5623170618930633,0.8205128205128205,1,5
-0.96178995369716103,-0.1615679108546445,-0.22103369686380489,0.16094351759123862,-0.98674112933048497,0.020955377184852533,-0.22148875617641048,-0.015419269427130358,0.97504101299266466,-5.611027512193453,1.3866593371265199,-2.87540097358265,,0.07929886437877141,0.3593155893536122,0,5
0.2911610522420921,0.95632106336162515,-0.025985869778945854,-0.93840910839336034,0.29077920380460304,0.1866435102518697,0.18604727071810639,-0.029957943949005479,0.98208397535683867,-8.8656502230032146,-9.9361632230775196,-1.6273438890185983,,0.2788539364189973,0.296875,1,6
-0.66586351993847448,-0.71336946702986659,-0.21847145425585623,0.70692842983347404,-0.69687614759365446,0.12089594702969336,-0.23849102269964778,-0.073943481285041052,0.96832556181644036,3.8685640132049284,-11.010806923138704,0.76075892833742176,0.2017203519250535,0.1839007228529729,0.7333333333333333,1,5
-0.11012315568147403,0.99381881134835925,0.014037834337547486,-0.98696104164466636,-0.11100959763070169,0.11655372799505602,0.11739162175568418,-0.001019531266965363,0.9930851764564641,4.547543338103619,-12.878820778974234,1.1660715385018821,,0.5845764367509768,0.6875,0,4
-0.42138211761109734,0.90227413863071737,-0.091315331219811974,-0.90547830006488061,-0.41298854531426438,0.097721592039946112,0.050459479478104398,0.12386218227289715,0.99101564101349782,4.9381258924394009,-8.2185933971156686,0.50165098433886879,,0.07220373508584341,0.1052631578947368,0,4
0.44999396103062989,-0.78744292371361368,-0.42123518007084759,0.89181076331823572,0.37159012854460033,0.25805878942200872,-0.046679732922428198,-0.49178696430625596,0.86946338869024686,-6.6767820314620812,1.582199248693549,-3.1329588319599684,,0.1738653891264089,0.3782383419689119,0,5
0.97609462324390528,-0.070397336444744676,-0.20562952486407571,0.1209127858310664,0.96205667923750438,0.24459567485357914,0.18060837382832165,-0.26361176179372692,0.94757028992423431,-3.5906994668442556,3.7809443819396349,-2.8941392350972945,,0.06667166556122678,0.2461538461538462,0,5
-0.54741855050561516,0.82541129734639207,-0.13794607923126176,-0.83657857833816218,-0.53548265190578648,0.11573509309473087,0.021661321013065494,0.17875827175516248,0.98365454680547082,-11.100000551186964,-14.69182518667342,-1.2348401630039156,,0.08944403339385183,0.5172413793103449,0,3
-0.070694206233936061,-0.96502477664472375,-0.25244704329176521,0.98372398038125419,-0.10936087718436702,0.14257394209436575,-0.16519521672196047,-0.23825905859644975,0.95704919485307427,-2.0512692598886559,-5.6730171587892011,-1.0945753155398075,,0.09250423864173717,0.4689265536723164,0,5
-0.9791979878635062,-0.029744473749340868,-0.20071513855570242,0.019760687651545737,-0.99847422467825431,0.051562950620541691,-0.20194260518176471,0.046524068336003858,0.97829172299364142,6.2352802400642222,-7.1544580936419031,0.44150688847654812,,0.07740307938091709,0.3636363636363636,0,5
-0.45986807956136266,0.8787488847705156,-0.12775659245267007,-0.88677441139594948,-0.44694524758881371,0.11777558724599947,0.046394964100752882,0.16745251020019838,0.98478787773496701,4.8025727953599873,10.720958650832795,-2.8526435477488792,0.5788658179426244,0.3782105946089203,0.2666666666666667,1,6
-0.88318929481260511,-0.38464453459676134,-0.26837520662917846,0.41696745311254546,-0.90592112378884793,-0.07379065332403778,-0.21474359728115419,-0.1770748414597399,0.96048409041938709,-13.304720354251964,8.1401923104543314,-5.4171334482945444,0.9235199505407521,0.5057133338724039,0.7311827956989247,1,2
-0.39087357521592619,0.90588418537206739,-0.16306958910448713,-0.9177596003699301,-0.3700467885064801,0.14416202774956718,0.070250723318315236,0.20600780812587366,0.97602541916920738,0.49060262932252413,-4.3686797565839086,-0.8176012445862999,0.2586624419513628,0.2720258060748036,0.8870370370370371,1,5
0.96517118445817129,-0.16874684816997271,-0.19992269987250616,0.20304659252798524,0.96504804232614427,0.16569356434470298,0.16497474338330204,-0.2005162767337805,0.96570003459171361,-3.9278964168853578,-9.4635235895321514,-0.82187840593311057,,0.07176833708397612,0.3285714285714286,0,5
-0.94965488300645295,0.26407085890517068,-0.16858880348079414,-0.27040848603713386,-0.96262270926515869,0.015387341749353207,-0.15822406220643434,0.060200507340815827,0.98556635750963162,-1.8678140020692258,11.695250937916677,-4.1297508167504819,0.2897887990113487,0.1866737890651292,0.603448275862069,1,5
0.11025046304194662,0.98304922838546072,-0.14648907798803915,-0.97972494297184476,0.13229753758767174,0.15045397192182436,0.16728380530658327,0.12693138350694869,0.977703713996812,5.3152119332453278,-3.5194219141485554,-0.22390034897849673,0.2045446276677849,0.2268178414568141,0.5163398692810458,1,5
0.95808500622366355,-0.19461139554757173,-0.21023683210234675,0.23816982752523072,0.94890834071002939,0.20699781203564036,0.15921135043082085,-0.24839357007371793,0.95548541602686354,-1.0386795223253018,-4.9369702736012924,-1.0047660768703062,,0.06824209108993406,0.1818181818181818,0,5
-0.87043712214704694,0.46678474907986173,-0.15636884093327955,-0.48199550873794256,-0.87270315443945001,0.077907212682046881,-0.10009768201521295,0.14318240903785737,0.98462137484278545,17.880671783892048,-6.8107013178383102,1.9146615920087058,1.032064674948602,0.295370136950197,0.7564102564102564,1,5
0.39685814231242106,0.91572383185214412,-0.062876694079452303,-0.89174715676748606,0.40088308573459769,0.20995180391940543,0.21746407353270905,-0.027250969706306246,0.97568784012748,-12.776495258881019,-5.9819529377400791,-2.9040766053955349,,0.06465765829584295,0.1304347826086956,0,1
-0.72977375343280115,-0.62337511688391323,-0.28077345396345438,0.64747096214815414,-0.76203695109095893,0.0090021301333952468,-0.21957145072969808,-0.17522314008703987,0.95973185276018247,5.5320228051076743,13.157229742407646,-3.2899215365420531,,0.5703848042959861,0.6,0,3
0.32540379226808119,0.93735231937466246,-0.12443070899297244,-0.92221100576797055,0.34367552396496265,0.17723993643600211,0.20890005461459579,0.057076821831201996,0.97626994401736511,10.336669189119659,-8.0903493718284771,1.2531389723040243,,0.07264361202938314,0.1333333333333333,0,5
-0.0055733146282651433,0.98945463075682039,-0.14473586921678541,-0.98863254656276123,0.016295004612411616,0.1494662527178352,0.15024854755000019,0.14392361341546955,0.97811623412585791,2.9224166562141591,13.630663527215054,-3.7094305480695406,,0.8085002502055838,0.6346153846153846,0,1
0.9431684389043018,0.27646532412105629,-0.1843914868247977,-0.22566765592837099,0.94015412075056759,0.25531223688558208,0.24394139649230215,-0.19919124929164075,0.94911297603763611,9.3969256333444502,4.608432616789008,-1.1161796224947937,,0.134914635371006,0.4761904761904762,0,4
0.97396367907593118,0.085879620280280691,-0.20980810914116474,-0.037732207137428954,0.97397077436507962,0.22351109866676666,0.22354201481022368,-0.20977516893856088,0.951852586334346,13.652950668225488,-5.0578625681054632,1.098504757960316,,0.1084295860539188,0.1290322580645161,0,3
-0.56205377023500758,0.8269807131722815,-0.014087562091365129,-0.826975142470741,-0.56159016811517193,0.026992532520515519,0.014410867430919228,0.026821318338918886,0.99953636441224636,-0.50470183568751559,-13.399701432800441,0.37950483578277072,,0.1324323852640094,1.0,0,3
-0.64640865264987435,-0.62500657885617339,-0.43763298569220838,0.72340649493694409,-0.68438488292474542,-0.091106394436003976,-0.24256730377860081,-0.37547850592355542,0.89452612858820124,9.7721266183430338,6.0615930634620465,-1.3873374958873135,,0.3611390553131762,0.2244897959183673,0,1
0.1489914910929889,0.98157734457929824,-0.11961376254654627,-0.97117661128842825,0.16801612758467394,0.16907563561251504,0.18605785462649294,0.090975257516010044,0.97831793260252708,-3.8565280471313543,-17.821263588979381,0.62505575910011213,0.1642468702959136,0.1385890706499326,0.391304347826087,1,5
-0.62349911968673255,0.76747009989282866,-0.14912576410654391,-0.78083570378430656,-0.62086607752323453,0.069432827081859563,-0.039299509482128812,0.15973402753140636,0.98637750836232041,-1.9108096316383576,6.0699249731643459,-3.0419509603933115,0.5077437495528335,0.2855596403370018,0.7189189189189189,1,5
0.27330264044182317,0.9607580613892498,-0.047430098071776963,-0.92511318668436182,0.27603359299438379,0.26071257614721338,0.26357400962582256,-0.027375226285489867,0.96425066162050677,-15.905300361528415,10.891764459615867,-6.3585898639037284,,0.5150744118066864,0.6349206349206349,0,2
-0.45203288065173186,-0.86475168052385298,-0.21879398035793779,0.86178595240861611,-0.48667997858891626,0.14306491768378019,-0.23019827766704051,-0.12388353188323542,0.96522620327427056,6.4780826713915491,-8.4233688612108111,0.72688648050682236,,0.07035904280605267,0.1666666666666667,0,4
0.67643158657181768,0.72923757416111035,-0.10321273719630208,-0.69711973571006935,0.67915382256139467,0.22972627055643713,0.23762235326554831,-0.083442469593518531,0.96776700269056404,22.723521473374728,-5.1002638581459339,1.914961576916473,,0.2504071970222339,0.375,0,5
-0.68216122006290869,0.7218771467907128,-0.11640212533963178,-0.73044035735603829,-0.68002379596149798,0.06343911468248585,-0.033360968029520793,0.12830051390159841,0.9911740633938716,6.4054707527283092,-4.3371559945056566,0.075937561644489726,0.3027170065976249,0.1377880882237893,0.2407407407407407,1,2
0.96169507359844641,-0.16681787859114844,-0.21751869068847349,0.22095020911347871,0.94138371182795633,0.25490726195565683,0.16224546375535134,-0.2932038582409322,0.94218252318934603,-17.256353213431172,-9.397056435363135,-3.2275745513234009,,0.7382192799038871,0.3214285714285715,0,1
-0.75421411724937804,-0.60757966719139467,-0.24901408264862179,0.60401375435569138,-0.79069811228439268,0.099819235516206084,-0.25754310297673094,-0.075122854348669332,0.96334215461777906,1.988500298245677,-9.3893647369083961,0.20004211612615902,,0.8934222670936441,0.6772908366533864,0,2
-0.83237544760385718,0.54051652710904996,-0.12244589886251481,-0.54751894898011721,-0.83623488547554337,0.030564960680683345,-0.085872665813897436,0.092482972679707981,0.99200442792879595,-0.83919455128108045,-8.5040255708477925,-0.46531031515398774,,0.06881575529292333,0.2352941176470588,0,1
0.92362582300584539,-0.29284979065616373,-0.24729403387347404,0.35297863818385067,0.90134597108783032,0.25096119498761071,0.14940354769097081,-0.31908375157061253,0.93587613465723907,-3.3531343736648855,-14.156708785196562,-0.016192311963479589,,0.179887413423049,0.32,1,7
0.63955558425572634,0.74814613414999098,-0.17676542819154398,-0.72958970161586956,0.66316522814216328,0.1670650995247632,0.24221379387512756,0.022118818674968965,0.96997073972210157,-1.9300828405385095,4.621467255800038,-2.7495969874120543,,0.08140120467284369,0.4137931034482759,0,5
0.31317850919163887,0.94674131678499118,-0.074833819044085134,-0.92853988827577927,0.32178922735583149,0.18510907335552107,0.19933112466773792,0.011514002343116985,0.9798645470108287,15.292131758654174,-5.0194490014895514,1.2896854235512303,0.8059464242743589,0.4709247612071012,0.4571428571428571,1,6
0.56641983991638556,0.8101217939858274,-0.15123241669127074,-0.78192526994988776,0.58625896879379102,0.21188037597341905,0.26031027095159498,-0.0017608003937918141,0.96552341370837913,-1.1106120124088492,-9.5244039391525117,-0.30621161976522598,0.4697730539626737,0.2368221336410782,0.3108108108108108,1,5
-0.67053437497789481,0.73311272272107608,-0.11370746570693388,-0.74151658306671031,-0.66707506434503294,0.071861085200126976,-0.023169139174207234,0.13250129929008117,0.99091200248880096,2.1780037857115162,-17.960176531018199,1.6372378191147969,,0.1305805055000976,0.2692307692307692,0,1
-0.80365985298249831,0.58707054037487483,-0.097360265653403846,-0.59054116118737487,-0.8069601027007739,0.0087481193763757712,-0.073430086801092559,0.064525756664363915,0.99521075611112397,1.8060328619244883,8.3591637584280516,-2.9221932673446216,0.9532625903264264,0.9135689018224844,0.6524822695035462,1,1
-0.76653247731179797,-0.59249412655812439,-0.24774719215434671,0.59278214922668415,-0.80118048019154642,0.081970492972994746,-0.24705725001390028,-0.084027067985070938,0.96535080000039408,-14.18892031983688,-4.9741723514743761,-3.3533883303236549,,0.1140971021150123,0.3243243243243243,0,1
0.96565314955749737,0.20099677843315944,-0.16466417281599943,-0.1406269396070968,0.93717267680298366,0.3192670319821207,0.21849040849984203,-0.2851449962973609,0.93324930885597246,1.8590266394586255,-5.1656273358905311,-0.50481996366672355,,0.08071035702294957,0.2258064516129032,0,5
0.3180815621429095,-0.81773808667526215,-0.47971714731225401,0.94490407458709047,0.23216837079490049,0.23076857981786669,-0.077333108391166638,-0.5266899175066122,0.84653252810712298,7.2526298578712298,7.9936911242876478,-2.0499223726471407,,0.4803699608688888,0.1111111111111111,0,3
-0.30197095983787103,0.95157862107604352,-0.057547087898616969,-0.94852945210550987,-0.29386425885982115,0.11804946358704839,0.095422313444062032,0.090232617582469588,0.99133882039452048,5.5082047078278826,-10.74900173369733,1.050465132205235,0.1327248900157265,0.2114135453381435,0.1052631578947368,1,5
-0.79051972543499482,-0.56438471229044973,-0.23779920149362707,0.55914399738890264,-0.82352284223446781,0.095750292438315163,-0.24987307554464358,-0.057271501210378356,0.96658337522790572,-11.020018241515194,8.7143860430422961,-5.1285747746032699,0.1594386561880438,0.2099443262760706,0.2,1,5
-0.785858908568281,-0.56916635955404005,-0.24181693690862843,0.57039032522374178,-0.81819944660990807,0.072142514915928477,-0.23891557654331483,-0.081236203254719072,0.96763630903647557,-2.4762109921611741,-17.546173715184903,0.75698536015071194,,0.4527541119527861,0.3684210526315789,0,6
-0.86377324213122264,-0.4550234646549669,-0.21644729795381074,0.44716464480456214,-0.89021542856144742,0.086949819942122322,-0.23224893243010905,-0.021682651234289987,0.97241467287393701,-8.6417088174864745,12.702554289941611,-5.4610814800040544,,0.1684368052552744,0.5384615384615384,0,5
0.28494964818842516,0.95368946568110557,-0.096333281093205728,-0.93822384804504011,0.29808031258195666,0.17573883523741435,0.19631533041729757,0.040305462408127123,0.97971208053346803,-11.454576478769791,12.678573804759793,-5.8817119283506027,,0.1078851896528957,0.15625,0,3
0.30892063329829006,0.94470452432069874,-0.1100063818629846,-0.92898245782381328,0.32450754075145966,0.17800687922399427,0.20386180460843878,0.047204001138051913,0.97786100591973102,-5.83048125197167,-5.2067287663224384,-1.8161851733378558,0.3709647152883086,0.1834415538775269,0.2171052631578947,1,6
0.72434139931666286,-0.59532883810554305,-0.3477256271198359,0.68724873584398971,0.66366869240274751,0.29535240274164942,0.054942809509680196,-0.45290997035209057,0.88986170073717152,-2.3978746337269561,-9.3172886240607724,-0.57134248011092348,,0.2512336434759315,0.25,0,5
0.35376362029500424,-0.84296750632765038,-0.40528642246134294,0.93266008202404393,0.28517046257119383,0.22095922401165877,-0.070685729498075306,-0.45616180303996678,0.88708507883553678,-10.210692724787926,-0.71608972772362367,-3.332817439224431,,0.3113595517247936,0.4485981308411215,0,1
0.87308852699284445,-0.40501329336125474,-0.271441810033269,0.47203662988024608,0.84154611068291174,0.26264341538627189,0.1220567248649852,-0.35744142988066779,0.92592536422764571,14.117074353117451,6.2423168784672578,-0.91142676762054886,,0.3979263821656012,0.25,0,3
0.97187734052339869,-0.08038023243269285,-0.22134464802934048,0.15886520572927459,0.91762674274365208,0.36431168991712481,0.17382831008141811,-0.38923023936449525,0.90459026049283575,4.9288072669364498,7.9835180871686742,-2.3587621307405473,,0.105252655324182,0.1111111111111111,0,1
