axis_00,axis_01,axis_02,axis_10,axis_11,axis_12,axis_20,axis_21,axis_22,location_x,location_y,location_z,dbh,dbh_approximation,score,reconstructed,number_clusters
-0.70118969848134705,0.70180477952609088,-0.12571021508999289,-0.70275541705813716,-0.71005707210997959,-0.044201562665209027,-0.12028229520208185,0.057349854236413832,0.99108181482659685,-9.0749367079684085,4.4229237486784196,-4.117232764029394,,0.08405346877519375,0.226063829787234,0,5
-0.21977161860081748,0.97549582297860105,-0.010408410487717816,-0.97550014952589637,-0.21985688438372664,-0.0078999154448904391,-0.0099946952195912892,0.0084172287829625322,0.99991462451905599,-4.3118803973117599,17.879590238627834,-3.7620385418823354,,0.08788471017644682,0.25,0,4
0.90459549413528983,-0.36400114734919142,-0.22183362395859343,0.3889146180260234,0.91780031661961958,0.079924956669350636,0.1745061943765967,-0.15857409479923781,0.97180339811239547,7.1625436739063009,-2.0822544685150697,0.042870702662979265,0.1521762131328064,0.112792807275224,0.5569620253164557,1,5
0.2529281599245598,-0.90079257051751183,-0.35298738053594947,0.96745107372851491,0.23854280458891799,0.084473370480869781,0.0081096152018002091,-0.362863714470472,0.93180693218175381,9.9146161682394194,12.09358450183349,-0.27050138906168314,0.5973234842517093,0.3709344039315679,0.711864406779661,1,4
0.38511080638465767,-0.87389052039643111,-0.29665640928018411,0.92165615928029021,0.38067567823865028,0.075072978216176797,0.047324315805532036,-0.30232662198158622,0.95202889807754254,-15.758897749182731,-11.960782640301112,-4.3785494113472838,,0.09716337783962317,0.3181818181818182,0,1
-0.29852160648979176,0.94997336638977881,-0.091844725536221319,-0.95403448185523965,-0.29969497275844192,0.001063360014219914,-0.026515238825191634,0.087940471077807628,0.99577277310471546,-7.2153408710459876,16.149278407712828,-4.3196637143237346,,0.08539410615902206,0.2456140350877193,0,5
-0.94072706207941559,-0.2520197179977931,-0.22697721562250697,0.27355961715589283,-0.9594107119882157,-0.068528983530972087,-0.20049371694134099,-0.12655886955318338,0.97148603798740585,-4.022023460087703,11.8256323393142,-3.3871640314422025,,0.1004012891417431,0.25,0,5
-0.92986805375058845,-0.25840208819343174,-0.26186592644207474,0.30682363358976744,-0.93744979351792157,-0.16446015476089332,-0.20298931125767261,-0.23327289909134064,0.9509884826140933,11.407161300608314,-2.1984370633295156,0.96365929567977737,,0.5791027964054393,0.5194805194805194,0,1
-0.23025367568486022,0.97026551615436785,-0.074619521543013753,-0.97219770434246378,-0.23271251763533102,-0.026009763687276158,-0.042601273512106644,0.066556083850561124,0.99687281997134536,19.942607868569102,7.0906344623920825,2.2838989437770194,,0.2751701800316365,0.125,0,5
0.81874949334946512,0.55013257127445336,-0.16432717718914558,-0.54240506377832454,0.83497399222762403,0.092817989048971664,0.18827111814515188,0.013137211516228847,0.98202922550500094,-18.776160074744368,-16.666290856630312,-4.7406770100861211,,0.1713287344506938,0.125,0,1
0.89616459429603879,0.41568176442064803,-0.15523430889578577,-0.39876981125394939,0.9079177477988325,0.12910461209571092,0.1946064170645587,-0.05379622626199048,0.9794050788500448,-2.9973468978148929,21.03354067621494,-3.6017256696729412,0.2408089040057826,0.2562467806988975,0.6276595744680851,1,5
0.68374263246342448,0.71003847424931088,-0.16834897575482172,-0.71046503533250649,0.7003918749720528,0.068488356989439711,0.16653962327916816,0.072777651506786403,0.98334529404436055,18.758643561537109,13.549339000079549,1.6342387513267729,0.2500140661095614,0.1539486255638108,0.5,1,4
-0.97384490541246882,0.13624180760705898,-0.18183583272320145,-0.12534034926776672,-0.98962646987649394,-0.070208596092089834,-0.18951489927605486,-0.045580916837522099,0.98081929170089055,-16.719504590356213,24.552408006460716,-6.7711415692168098,,0.180576230977495,0.1764705882352941,0,5
0.11613220222139296,0.99292050350493066,-0.024943643012309832,-0.99149478909862576,0.11737774900421423,0.056218744462822268,0.058748572727190161,0.018202685467252296,0.99810684169797115,-19.780068383651539,-12.281795101895407,-5.2673268333564538,,0.0902400682101681,0.125,0,1
0.55806032378986947,-0.77683686798431606,-0.2917073114473881,0.82588005847696011,0.55410390362995754,0.10435992042989961,0.080565526260541892,-0.29915438242212056,0.95079748183091073,-6.2266626211329097,-12.605555643594945,-2.260559227643522,,0.3556351200609867,0.6790697674418604,1,5
0.43059207483318801,-0.79761422166514573,-0.42237663108694046,0.90071567689468701,0.40955253363170174,0.14483781133391471,0.057460721253695411,-0.44280726687053945,0.89477370877761442,-27.718734463138098,-22.247037130168113,-6.3442975303390199,,0.3104609629828965,0.2352941176470588,0,1
-0.8527912780724487,0.47912730579505847,-0.20780774981970462,-0.467382763713456,-0.87771739808921967,-0.1056670302178639,-0.23302443697417666,0.0070138386821957796,0.97244558605600606,0.49474549351590047,-3.2388822735927012,-1.377854331682359,0.9510666595351684,0.6961588873336021,0.5792349726775956,1,3
0.37636908952770876,0.91428338024184919,-0.14977385974068361,-0.91991153108270174,0.38799051653379574,0.056799067430003874,0.11004128056853683,0.11640128733556458,0.98708746161495731,-15.437520561978683,-17.81149061270877,-3.970250895132732,,0.1056888230331613,0.5833333333333334,0,1
0.81871374543537534,0.54139452834027013,-0.19131065761843169,-0.54242932645071462,0.83851483459159837,0.051607150435275181,0.1883566532974203,0.06152102773069814,0.98017189018332629,-10.022573829585291,-1.7422522209640992,-3.8089800701575864,0.2038184000113882,0.1635539267508337,0.8275462962962963,1,3
0.87886248949734869,0.46775572212621119,-0.093836607849547393,-0.44070379339529209,0.87132668847531491,0.21580076097558351,0.18270438156082289,-0.14830504498778166,0.97191806372227141,31.056322700001179,-6.9155487759124217,5.538503869280393,0.6915134033608605,0.3816235712484891,0.3,1,5
-0.90974134278437135,0.36874347057589202,-0.19078506790767627,-0.36204777605315769,-0.92951633778969833,-0.070148311718754047,-0.20320456954471489,0.0052564902430489585,0.9791221947369354,-0.91457399736268641,10.166629444322972,-2.5956343797331942,,0.2478576778932541,0.5384615384615384,0,4
-0.65745440157059176,0.74043977607110956,-0.13965188100137052,-0.74287529229939053,-0.66796498016289796,-0.044261556311040853,-0.12605558276629766,0.074643976901994397,0.98921093138203064,-18.052541624526786,23.569738759365023,-7.1026943540633667,0.6535937969427168,0.4175624936023581,0.475,1,3
0.96677797741674243,0.16526764518254022,-0.19500499439196695,-0.15196595124189535,0.98502711189508085,0.081412152009280384,0.20554000108285239,-0.049073356186980756,0.9774175738482539,17.865855524730794,-2.4819335000419254,2.3605988371647917,0.1498681526541449,0.1701497821439983,0.5135135135135135,1,5
-0.28988700118563876,-0.90297884772652515,-0.3171667181500526,0.95093536026640557,-0.30918961331205574,0.011123111747330064,-0.10810858956900607,-0.29838060188024734,0.94830456567654553,2.7613377454784729,-6.0594145129463994,-0.69677463924289706,,0.3215421721223611,0.2892156862745098,1,5
-0.67406454576190722,0.73773794730573772,-0.03714443769814707,-0.72891844426806651,-0.67246703428380417,-0.12831987144385504,-0.11964484841653822,-0.059420610116882912,0.99103698283198394,-3.7722736924404208,18.990677500587317,-3.6197055530196707,,0.1735496380677649,0.3333333333333333,0,4
-0.85790276098916918,-0.45460216939167697,-0.23945713660599455,0.47541663325920352,-0.87908998114480885,-0.034348651666461005,-0.19488939814070147,-0.1433097087960232,0.97029915482656903,-21.457227880165892,10.32761842555375,-7.135081913464238,0.4153818161621468,0.3690534956524184,0.9306930693069307,1,5
-0.97998675072497332,0.034806400949463003,-0.19599612969763661,-0.032879665054154544,-0.99937376866411032,-0.013076625406360103,-0.19632854104646671,-0.0063706325460575015,0.98051747511787235,-13.090051236092172,13.402706984400526,-5.488167601709832,,0.09763908774560978,0.5060240963855421,1,5
-0.86025974893157153,0.48741852997460811,-0.14958723543665672,-0.47876914683395377,-0.87313818422341627,-0.091705045067999744,-0.1753090653904627,-0.007272405958697898,0.98448658888960705,-7.4403464845003118,21.865372761425135,-4.5432041434336679,0.410840187673447,0.5271596379307705,0.7938144329896907,1,6
0.59021551253759863,-0.74893536135750882,-0.30123325392173567,0.80192291508495406,0.58675354415838632,0.11242738402729689,0.09254883587397858,-0.30792223519237705,0.94689947198871161,37.646688100148232,0.055867903663158386,6.7341668065307587,,0.2093110542379445,0.3333333333333333,0,3
0.62006125026033421,-0.75377955691588427,-0.21757855018655872,0.77835266142950243,0.62582951429749667,0.050045514082382933,0.098443792954161266,-0.20038412763952404,0.97475895534175294,-4.702199794937834,6.8901195508337931,-3.3195597300649622,0.1220889536406805,0.111666843919874,0.3541666666666667,1,5
0.58708246584728641,0.79091955974323869,-0.17257006782820153,-0.79604584890395746,0.60277793712111249,0.05449554993568554,0.14712302585743198,0.10538030430576807,0.9834885900339545,15.139805369570878,-5.3790306943804822,1.9569098858227516,0.3854350065810032,0.370856395504946,0.8661417322834646,1,5
-0.16315482515748783,0.97342162731525406,-0.16071975143943179,-0.986591101128663,-0.16026367043928158,0.030879687677527724,0.004301418552273519,0.16360284658969892,0.98651690628502953,-5.3905569253937404,11.185955092100489,-3.7067349161920009,0.2068142429093092,0.1494278584659289,0.6527196652719666,1,5
0.79489316362780449,-0.55736351866872613,-0.23977232216208186,0.58949206026638556,0.80300373327255226,0.087659085286327459,0.1436800936131114,-0.21102348781014957,0.96686354688330611,-19.678062148795281,-6.8339497325922949,-5.5520348943954145,,0.2331140829578543,0.1176470588235294,0,1
-0.44448178561061885,-0.8338756193949951,-0.32724210248531405,0.88534411057697182,-0.46455813620342423,-0.018749505430029751,-0.1363882257640516,-0.29805568182105424,0.9447544984847227,0.95152875502640077,-5.4259992572695452,-1.1136345991382726,,0.2519315905782293,0.7774647887323943,0,9
-0.69794451424668047,-0.6525868427832946,-0.29496418029838339,0.69498563878911901,-0.71659358316830057,-0.05906435844819212,-0.17282481566559268,-0.24621951423099603,0.95368104411380994,-1.0141438361615005,-9.1248116162538633,-1.3395616313882599,,0.07499141666767573,0.1951219512195122,0,5
-0.36882306222814004,-0.84335656008241522,-0.39079311833067637,0.92055124956410861,-0.38961866665309847,-0.027976624553735691,-0.12866602385484885,-0.37006351773907437,0.92005328494819572,-26.016736696157384,3.8442794800340367,-7.724082112957638,,0.233453025004879,0.1578947368421053,0,3
0.2141605214651674,-0.95023109836662722,-0.22626561988671923,0.97671139999656065,0.21141009360033003,0.036614388437589213,0.01304270533771522,-0.22883756689156942,0.97337724229438438,-0.45815426487149635,7.5855123560557329,-2.3973590906720634,0.2232720102813382,0.1958690962058283,0.7469135802469136,1,5
0.96200410222240285,0.22982036350127152,-0.14741339093654909,-0.18012122359686714,0.93994288689199468,0.28993743151085177,0.20519369414588723,-0.25236871815121187,0.94562443812619268,-17.319100623697413,-8.6855946048132715,-4.9108695686823323,,0.1092116904496607,0.2083333333333333,0,1
-0.41557146478832085,-0.85569364512612311,-0.30836462725879743,0.90207433499098699,-0.43115000971563894,-0.019275976571163866,-0.11645708138304504,-0.28617836188812729,0.95107291696418828,21.089527810787256,4.3838126412970659,2.6998186418720516,0.364583685655936,0.5094847957811592,0.5600000000000001,1,5
-0.36505400985708719,-0.82197276174940181,-0.43714568375922885,0.92828290534997471,-0.35712982330777998,-0.10367804463416772,-0.070897232119967471,-0.44364295130906301,0.89339493743333498,-14.706413932274971,-7.6991947919882167,-4.4283723449389498,0.8451330715129804,0.3216682997602117,0.1428571428571428,1,3
0.91310808450559555,-0.31911021725025995,-0.25377607305854272,0.36743150235483463,0.91382635252992994,0.17296094501104622,0.17671365846417184,-0.25117736097892462,0.95167337687037956,16.701672700633488,8.5982774368776393,1.4771866456120426,0.4535347014871758,0.3948008888266016,0.4358974358974359,1,5
0.97568449205777408,0.09472017326773248,-0.19765591499900634,-0.078925413011728937,0.99313538531814316,0.086330096779233298,0.20447628502809739,-0.068630861899836984,0.97646262276443219,-15.962884988994793,-2.7592190036434485,-4.995067450296947,,0.07606372283177423,0.2121212121212121,0,1
-0.2299626556212741,-0.94677878714128394,-0.22522678623753747,0.96971275099647214,-0.24249072990293716,0.029247674539919645,-0.082306485616041508,-0.21167941357255038,0.97386727447589883,-0.034147545053224732,13.169221504370052,-2.5464236259486421,,0.07883853083560004,0.2432432432432433,1,5
-0.8009838315551564,-0.55092725104780282,-0.23431616598120689,0.56998149598267844,-0.82148294630644625,-0.016937035308113073,-0.18315566009427384,-0.14712217025517124,0.97201289661960721,-8.5058576648863582,2.9772227506312481,-3.840376425943465,0.1543589950649201,0.1223252277158762,0.5587557603686636,1,5
0.18935784843218315,-0.95228742159162538,-0.23935804125934068,0.98190157382800503,0.18275253644594303,0.049707240284097169,-0.0035922905257010865,-0.24443849349263336,0.96965814509435777,14.696726766728542,6.9141754335235746,1.100584054049061,0.5822211475874554,0.5760802435442746,0.9303482587064676,1,5
0.68593330046641288,0.69941908339065084,-0.20076965184070053,-0.70832978549551295,0.70496954458548466,0.03587277779619464,0.16662659538961594,0.11760479155169018,0.97898145575539297,-17.41484031285972,24.961746400894853,-6.9811176403855608,,0.06836507925383949,0.1851851851851852,0,1
0.23627442314748034,-0.89413704021657014,-0.38038579137380624,0.97157357038828207,0.22335703018350508,0.07846294915799612,0.014805211558461788,-0.3881115695007768,0.9214934700421662,-7.4428058586637658,34.719537937732888,-4.9133777556375291,,0.3309406249015778,0.1875,0,1
-0.92842812134782715,-0.28400223019250026,-0.23950773836398359,0.32177309739046567,-0.93695409628375215,-0.13630515490194417,-0.18569678857290528,-0.20361668571800084,0.961278808676716,-9.9059177302582562,11.419921302930721,-4.700423200459781,,0.3357517629056371,0.3416666666666667,0,2
0.96973802936430442,-0.12977085119279907,-0.2068034830106428,0.1458255493542655,0.98721756483262135,0.064314763790881635,0.19581384925526452,-0.092525703816002752,0.97626632153997361,-12.208323637458575,8.1432612682535996,-5.0392360709939581,0.4243207767112159,0.373735274073112,0.9682854311199207,1,5
0.9834721828187496,-0.037854469341274968,-0.17705791361194434,0.058064813068638914,0.9921902233456672,0.11039491917918509,0.17149618976825198,-0.11885116679345337,0.97798949741129948,22.63903150073174,12.959251772806306,2.5123084447985331,,0.1736523806770299,0.4210526315789473,0,2
-0.97897877919164533,0.0050215632951765617,-0.20390030356649377,-0.0064380075287725613,-0.99995953078505062,0.0062840155315142428,-0.20386049629954123,0.0074646295429432801,0.97897148955129976,13.658559358129201,-9.8641308788906574,1.9071601228013015,,0.09036672484866157,0.32,0,5
0.17969260459612921,-0.93584978554735387,-0.30314311264554672,0.98371915424873901,0.17178737563210336,0.052779950147568561,0.0026820547355234817,-0.30769185310047797,0.95148228050657302,-20.701925253078819,-18.156762096094859,-5.0693918977118315,,0.1095241559988675,0.4827586206896552,0,1
-0.69330852028197831,0.7054016817441725,-0.14741697017950894,-0.70875858905116462,-0.70445187886416427,-0.037534155258246063,-0.13032481786143127,0.07846029414449783,0.98836199041249173,-8.9395288126384536,15.807843396608922,-4.6357128265743812,0.8981537661107721,0.4265246386510998,0.7132352941176471,1,4
-0.15189164491038065,-0.86103701913613517,-0.48532893987848902,0.9861940866716743,-0.16479083306333697,-0.01628510829297233,-0.065955679211432416,-0.48110210248496155,0.87417996737760384,-10.341042042041245,30.213190027807975,-5.4360139928318851,,0.3727724995078465,0.1666666666666667,0,1
0.602144979106497,-0.76100439645177442,-0.2414409507890222,0.79595341891934812,0.59579445757857152,0.10717797921801164,0.062286266924876266,-0.25671243230456653,0.96447869237886041,-4.2545852282526742,5.5093091077094156,-3.077323240579446,,0.1297352844948824,0.2389380530973451,0,4
0.57758812892026357,0.79916764713125688,-0.16650232763862602,-0.80334729710752006,0.59268385908606602,0.057956564847221774,0.14500025365643779,0.1002841710218482,0.98433633046943336,10.020246986441814,-4.8205959329861088,0.81179983742949968,0.3489273497171088,0.3323685534387142,0.7929292929292929,1,5
0.17295244188896181,0.97787198220312199,-0.11770233331069943,-0.9824268606126012,0.17979138696857183,0.050125050810811318,0.070177748549768063,0.10696468386367029,0.99178306096365199,-16.758077788417022,-13.183627917323118,-4.5214719004154453,,0.07720043963775282,0.2272727272727273,0,1
0.54408280329516023,-0.77532105307824606,-0.32070417492156378,0.83364080939734775,0.54279755059319801,0.10204812579053303,0.094957380259859905,-0.32287471830985132,0.941666083179446,23.247874503462256,-3.757926742068602,3.5857039311295367,,0.2767560734733815,0.4358974358974359,1,4
0.068813908250236491,0.99490041856023759,-0.073741461742997394,-0.99701934878765563,0.071168507499094619,0.02979029512092778,0.034886446857894771,0.071471677530454081,0.99683235056684216,-11.735509297142727,-4.8215333164738272,-4.0062536527331938,0.1215412962829726,0.2506508023825458,0.310880829015544,1,3
-0.38288573136034082,-0.89801933393789868,-0.21670208257972348,0.91706777406251438,-0.39775087299122958,0.027945318225764758,-0.11128887858488651,-0.18803063289912886,0.97583772554399173,-15.173980161455141,-3.8917921485920441,-4.7917078202341976,,0.07068009461257896,0.2068965517241379,0,1
0.58711216125613452,0.80008891015001071,-0.12311395518022662,-0.79562691762973736,0.59837499683754281,0.094473123705495099,0.14925521112562223,0.04248645683789793,0.98788551104731126,-41.208437301451134,9.6286802639909048,-11.353405861053337,,0.5563695343500873,0.7058823529411765,0,1
0.93708857058804884,-0.2787764273315943,-0.21011595474280753,0.29801838444358458,0.95230108693200943,0.065632936562000144,0.1817967365132967,-0.12412229208465354,0.97547096481687701,-0.92148368883490528,8.3353558723028414,-2.5702089687245646,,0.06693126759295835,0.1304347826086956,0,3
0.97446203212768245,0.10750001134564842,-0.19714840983957554,-0.079745294444791545,0.98640350419220291,0.1436969551913192,0.20991530662507987,-0.12430556897431407,0.96978538325057817,-11.410730669621431,-1.7895616950032436,-4.1329451738820753,,0.07377491747179042,0.3103448275862069,0,3
0.67006860956583059,-0.62673295519369809,-0.39776106062394895,0.73328020401822402,0.64215067553467342,0.22347852761586406,0.11536117574603005,-0.44141625795221545,0.88985587953665668,0.42350163751939335,6.4103527164637431,-2.0623540911193463,0.2915464171015364,0.1652315264938781,0.3333333333333333,1,5
0.96917571192345042,0.18973882789112331,-0.15715475369258061,-0.17212563408067924,0.97784948855197518,0.1190930049623582,0.17627026269339122,-0.088371686241368139,0.98036689028182689,10.617842176154243,-7.9644275494113979,1.1492474160100041,,0.146912908481242,0.25,0,2
0.91765096110570488,0.34675622316015769,-0.1941052170382844,-0.34237673423721326,0.93784547378397032,0.056780623067918042,0.20172973364092203,0.0143523169775175,0.97933606364850057,-14.122959201340475,6.6893678198925466,-5.3555353491099664,0.4335972143514294,0.3782932632774264,0.8247311827956989,1,5
0.32559588722482791,0.92948846636087168,-0.17331621137213835,-0.93993228024807474,0.33807063725062014,0.047281632550222649,0.10254085415058675,0.14751079665934325,0.98373062273113876,8.6106524618290869,3.2505379113817625,-0.059619977311772654,0.2217075222200496,0.1901259029593626,0.7727272727272727,1,5
0.73545418839490262,0.66670841007815063,-0.12085955776627484,-0.65602054161863366,0.74527159084520123,0.11919439942152071,0.16954110341386136,-0.0083756677421522093,0.98548752526000183,21.812939537591152,-6.7815425015174959,3.4891827067276804,,0.1027522123096778,0.3478260869565217,0,5
-0.79716917954359201,-0.54324086686825623,-0.26345902859842063,0.57149771591594456,-0.81967161139999312,-0.03910000214575797,-0.19470916744893194,-0.18173554971211733,0.96387786056231184,-10.929631497190989,-7.0716004190999611,-3.6480888957921032,,0.08488941027039118,0.1610169491525424,0,4
-0.91802034849251035,0.34836158582750443,-0.18942767821371004,-0.35340184397735513,-0.93544065955314937,-0.0076098047395587922,-0.17984931589276504,0.059958135182104522,0.98186518707936132,-26.628924061685716,5.5626195051909493,-7.9223530030940488,,0.07729793794376215,0.2222222222222222,0,3
-0.70884247425778846,-0.58654758911082105,-0.39179621284078364,0.68795071631186377,-0.6975518906354321,-0.20036260079398099,-0.15577598856720737,-0.41156200696762335,0.89797024216100374,2.7429040660472421,-12.392963797142295,-0.32741902392882871,,0.6078952267974185,0.5568181818181818,0,2
-0.96642315749107643,-0.12128264368924364,-0.22653211914588595,0.14612279752336643,-0.98457252803743178,-0.096255208056111263,-0.21136321512723835,-0.12612476907304088,0.96923585051180838,-4.9678971080596099,15.677413337745639,-3.7734615825849671,,0.1689764514027269,0.25,0,8
-0.78299873352370752,-0.55136597322696634,-0.28793844284456388,0.59097055504975038,-0.80383974457674845,-0.067789882010367453,-0.19407933008041328,-0.22324253314785175,0.9552465571930997,-7.4231580829682056,10.232959745470882,-4.1053376834935511,0.4832921580717923,0.4743535160420779,0.1879194630872483,1,4
0.72530123726580542,0.67025755704502044,-0.15713981813892242,-0.66441261220295467,0.74128413838441831,0.095150969124425597,0.18026091081079892,0.035392561417792318,0.98298187706078766,18.941473635131249,-12.389885635929302,3.186907574662337,,0.3265205762564892,0.5531914893617021,1,5
-0.43718461635189637,0.88197906949852001,-0.17601855638474528,-0.89743850349207177,-0.44063405475630396,0.02111308217500419,-0.058938473641205434,0.16719614455944601,0.98416040642229718,-17.298938870643767,37.348730166340964,-7.1127482508677078,,0.1004143389204924,0.5333333333333333,0,1
0.82094227288903066,-0.48817285176298952,-0.29621116012970039,0.54859128812274327,0.81822194075798338,0.17193153945122724,0.15843416039359057,-0.30364473067028502,0.93952035334874384,8.0341755716225673,-14.734783480963323,0.97483556534858817,,0.1697502356391625,0.1666666666666667,1,4
-0.86656580838487807,0.46947066602122411,-0.16929558022539062,-0.45720212618328437,-0.88280246622754222,-0.1078240299564696,-0.20007477490115375,-0.016034318450061931,0.97964941947622008,-6.3936233332355794,18.33527562455054,-4.2058854021633252,,0.3528041494425949,0.1944444444444444,0,2
0.47278925557294954,-0.84665922976590069,-0.24420988609593144,0.87835103353346056,0.47498575272623761,0.053740083715888287,0.07049667868401574,-0.23990974002591298,0.96823216995471761,9.962384653638388,-7.4696005534317989,0.98367741228624883,,0.08692609293707491,0.3333333333333333,0,5
0.95485381025134564,0.22239853302102661,-0.19695962418368923,-0.21788177009614704,0.97495578485291812,0.044595423998409538,0.20194488185704171,0.00033180102995841683,0.97939683203480887,3.9758644388878115,2.218707976058409,-0.99496965100883561,0.1258726873724068,0.09473142213129257,0.3689320388349515,1,5
0.54154176522856012,0.8309263308852548,-0.127647754209402,-0.83239908618938419,0.55124573548392986,0.056920123171513147,0.11766170925247588,0.075429249978704982,0.99018490718826691,-23.32805488439217,14.21844958833738,-7.8672010031363762,0.3869418274718917,0.3843106828723436,0.9581151832460733,1,5
-0.95714879464133928,-0.19548482898522476,-0.21366297422166422,0.20454969610032545,-0.97863190656494048,-0.0209526437074791,-0.20500147985293829,-0.063759494114096177,0.97668271212734104,0.11023465800536739,21.076906085146696,-2.8927253247104674,0.3780289797058485,0.3034248900911442,0.7307692307692307,1,5
0.059499071268799837,0.99795509446395192,-0.023355726312728968,-0.99711248618335246,0.060522276699845244,0.045866588278626212,0.047186337168760507,0.020559266925456458,0.99867450459500751,-5.2689749943556912,3.1624931364391542,-3.1287812808147319,,0.07663994913820046,0.2777777777777778,0,2
0.96950897032722538,0.17514060728146272,-0.17140047880949624,-0.14028799764269012,0.97015227050079234,0.19779749684857659,0.20092693739876857,-0.1677210175357835,0.96514145393528361,-4.4544675975927799,28.081081486707223,-4.1146566659756534,,0.2301702792711164,0.2380952380952381,0,2
-0.10279864409209698,0.97825894012129677,-0.18011630921597188,-0.994374125368229,-0.096415775712400786,0.043864529998000286,0.025544814953250044,0.18361221164871711,0.98266678897908744,-16.19852341603297,18.597098213731602,-6.4436268428838472,0.1440082365296509,0.1178129105053213,0.2702702702702703,1,4
0.46982889523703353,-0.82012111168219237,-0.32659175031453908,0.87899939768529112,0.46873575958159369,0.087446249538573689,0.08136871677275416,-0.32815872662879475,0.94111156727994993,3.2866709742821225,11.469900383889385,-1.7365535084415331,,0.1692782254376582,0.3333333333333333,0,5
-0.9152033235421434,-0.3340855748648765,-0.22536571443904035,0.35120454943463175,-0.9354659453221511,-0.039482016145968517,-0.19763157903996875,-0.11528353659451204,0.97347391601235489,6.0548310400706145,-12.990805555014092,0.40740927270082367,,0.101952790027835,0.3333333333333333,0,5
0.068326324158006532,-0.95272731586759263,-0.29604421127052749,0.99738391205386456,0.058211894491555755,0.042856823445440909,-0.023597571976470465,-0.29819798278901499,0.95421230219347863,-25.95980853586256,12.277923322236735,-8.3002486877644142,,0.2602478558784766,0.8712871287128713,0,3
0.95005883441924255,0.27159563729988068,-0.1537010765792598,-0.23378296188014258,0.94566629215747466,0.22596634840542637,0.20672140159281924,-0.17874863265716581,0.96193304779838762,-18.875533228713476,18.133055926305449,-7.0618267204861915,0.251952734976895,0.2021051998084012,0.4646464646464646,1,5
0.83304917997652217,0.52020413653141129,-0.18819330507765825,-0.51786021415912176,0.85296056735025039,0.065414594217245672,0.19455041077189317,0.042964251199655572,0.97995112673405294,5.4531075861457907,10.967226563942994,-1.2150082546128393,,0.08496100484893929,0.3392857142857143,0,5
-0.90554473836698191,-0.29506383154146654,-0.30483776362508497,0.37398273354973488,-0.89443926294162868,-0.24518425707027719,-0.20031385828879161,-0.33602937405010425,0.92030354663716951,-16.830314617811894,-16.023373991917882,-4.3405184981468778,,0.4517879004539953,0.3809523809523809,0,1
0.2425215494290435,0.95360787373383094,-0.17836849838292274,-0.96650240627281903,0.25341166887671446,0.040689368955171376,0.084002361463162353,0.16252553408606596,0.98312209518383431,-22.999038660972335,29.512489335706878,-8.3789626097669281,0.3183053965019741,0.4228595102311967,0.84,1,1
-0.17662431820829691,0.98160210338364229,-0.072533860025955146,-0.98427625014738507,-0.17629555631843338,0.010960849336476172,-0.002028204441642928,0.073329308296101472,0.99730571989313244,-16.27149553972199,-19.573661724462326,-3.9976652254582845,,0.2497781634228768,0.3333333333333333,0,1
-0.92821629169782005,-0.2739879266923258,-0.25168458803349342,0.32136936011048906,-0.93131929560750415,-0.17136541077859915,-0.18744665963661081,-0.2399478811241805,0.95251706763453503,3.6448621633705631,25.756402128639628,-2.3890042483361902,0.3144826881201296,0.2837624853169829,0.4102564102564102,1,5
0.56017380131306849,-0.79252127287213647,-0.24107124334436347,0.82379964625869195,0.56351288883470207,0.061703864880770759,0.086945127215516796,-0.23315929353619883,0.96854390127199685,-5.2083189048112875,31.251048620416146,-4.3589744110959536,,0.2108099329786473,0.4090909090909091,0,1
-0.48836467827705582,-0.82899912976351076,-0.2725075849635934,0.86278513052266881,-0.50550068688070293,-0.0084186763875861905,-0.13077369598022842,-0.23922687644677337,0.96211680269351452,7.3341517977256618,-8.0233971782917326,0.43134675982449477,,0.5855525405328235,0.6243386243386243,1,5
0.9125880947477476,-0.31406772773146852,-0.26180991524819569,0.36017562924164592,0.92055665451064772,0.15115873093059248,0.19353678054845172,-0.23224320923065783,0.95320858490740856,-2.6470377615655112,6.6703765046962591,-2.7746491711774994,,0.1449759894018464,0.3414634146341464,0,7
0.67631573170230708,0.72574183294653272,-0.12607863801365907,-0.72306730849930223,0.68675510195178158,0.074438547290850463,0.1406083156557513,0.040819380869925946,0.9892234730908116,-17.785559373529619,12.351578281286763,-6.4858067601306244,0.2776069484092566,0.2158801132540705,0.2549019607843137,1,5
0.98643566176944919,0.007715226551243075,-0.16396694931824587,0.014260882471440852,0.99108994155658769,0.13242867882938267,0.16352771147608275,-0.13297068483174412,0.97753643643332933,-20.239489010189274,21.098661720640415,-7.4884169677719301,0.2247557132386699,0.1856293959305267,0.5333333333333333,1,4
-0.95077537215348684,0.24289983114106833,-0.19242105845785296,-0.24505039075527668,-0.96942431762808012,-0.012915044793523338,-0.18967471549230308,0.03487354904469972,0.98122746490298651,1.5962783762998394,4.9465471701117991,-1.7020231944543427,,0.09140008830578229,0.4285714285714285,0,4
-0.62431720015733627,0.77321901088276157,-0.11117731242114542,-0.75915518548575878,-0.63409628934727102,-0.14698741506028642,-0.18415058495097916,-0.0073659381959194307,0.98287044162326198,1.442193553750609,14.314898056425303,-2.2462758220836041,,0.5018748954800081,0.5,0,2
-0.73805587795346561,0.65205768609972592,-0.17347707346105071,-0.66289935733811378,-0.74868300188504433,0.0061809974206864446,-0.12584896924113059,0.11955976198818009,0.98481851132798826,-10.431420213430908,-15.482789373832377,-2.9534994874554603,,0.08575414482850295,0.3846153846153846,0,3
0.38462278621224411,-0.87486011417747711,-0.29442332269659227,0.92184820437529069,0.38048044592626806,0.073692050845391724,0.047552081094121068,-0.29975725327190944,0.9528296745455076,10.62531089119477,2.9192619029107814,0.41620757362646643,,0.1703184379065016,0.2926829268292683,0,3
-0.60631124331783026,0.79180238287791593,-0.073726946873182139,-0.78920354555525485,-0.61051666420190098,-0.06653695525644307,-0.097695649388298833,0.017843463807162417,0.99505636568485945,-16.306039720820404,30.020685805260147,-6.7792181526335371,,0.09174904312816175,0.1052631578947368,0,1
0.97905730255178824,0.06962219789276361,-0.19131008306045641,-0.049571389295913884,0.99295019390616579,0.10766888958739274,0.19745752880883236,-0.095930506004555521,0.97560640748942418,-11.869771539176174,24.263378863285276,-5.5959114868094746,0.7696516188785923,0.619960559789887,0.978494623655914,1,5
-0.23491537119243824,0.97103053943510942,-0.043754541042937349,-0.97179284682005374,-0.23558754547465463,-0.010824568656613819,-0.020819011669459705,0.039977492437454583,0.99898366796035187,4.787624784272146,-9.2464260573788284,-0.067742028049136871,0.5826889468508436,0.2230675775854203,0.58,1,5
0.977882878576947,-0.098005106379781062,-0.18477033016572292,0.12366126389718302,0.98338980149230382,0.13286229763283741,0.16868007468996951,-0.15277269862253939,0.97375948516980892,2.9041126655719007,7.7740790414932581,-1.5939771660955164,0.4823345201495838,0.3807160221621451,0.6796116504854369,1,5
0.031348509482640528,-0.92126447470733108,-0.3876713022593295,0.99942365566859426,0.023837975700209107,0.024168314060800819,-0.013024110074859206,-0.38820551072433762,0.92148079415689188,8.9513229762275088,12.267678167724208,-0.50512337304651533,,0.3214699416026132,1,0,2
-0.75152707733147417,0.6336718664977703,-0.18348574235303511,-0.6462124318614304,-0.76307097469133367,0.011496977487745049,-0.13272733307555121,0.12721105766736557,0.98295513725795292,-11.429536046158375,-10.901949144019795,-3.487139974540074,,0.08943465290867181,0.375,0,1
-0.14522534904267306,-0.94684921348819018,-0.28702990247050864,0.98741602399661854,-0.15705760271959257,0.018506890140811968,-0.062603462764796725,-0.28073025548517294,0.9577428308815924,6.0407941975362478,-7.4913618540379563,0.084396461609890117,0.3902585855027335,0.4227326791681046,0.7692307692307693,1,5
-0.78821470133498095,-0.56270485217883071,-0.24916025753279125,0.5840449445044974,-0.81158778405531484,-0.014723164433013431,-0.19393062521980628,-0.15712580343973889,0.96835034697947564,-19.629203954049117,16.785094558790455,-7.1563012285768339,0.2678041681713115,0.2497789540420273,0.6991869918699187,1,6
0.97930884870132018,0.023358270215754554,-0.20101883013245656,0.01086415242762531,0.9858158813313932,0.16747841146498949,0.20207956118153797,-0.16619698952548689,0.96516444797005496,-15.298875315897016,-15.988012727873965,-4.0437823731365024,,0.1089249401250476,0.1739130434782609,0,1
-0.0049310597885475283,-0.9381578106026639,-0.3461727994146534,0.99933840219482273,-0.017097426272737828,0.032100403635259192,-0.036033908309535873,-0.34578548324078667,0.93762143588544045,-18.290678171457852,-18.086636178531982,-4.5880484984027143,,0.2678832987106244,0.2727272727272727,0,1
0.77471801859391398,0.60967558211941864,-0.16765344086320283,-0.60700521853851308,0.79135320487974647,0.072833850602373421,0.17707810800021317,0.045340817084666217,0.98315184685437196,16.854035410538398,-3.1672928902396649,2.1967631434968986,0.2450822354403984,0.328508678057321,0.7826086956521739,1,5
0.87405115192431482,0.45356322051563119,-0.17411200077900157,-0.44090919755800539,0.89105292122968061,0.10781359411877621,0.20404328787915105,-0.017467013583928531,0.97880602782569992,-5.0791048890346522,26.245484880678479,-4.1645200890609395,0.2694506578032679,0.329060614502152,0.5428571428571428,1,5
0.92673788406128565,0.32201807935824195,-0.19354909147821012,-0.31749436234986012,0.94667373791953913,0.054828494503349763,0.20088360839468059,0.010639102399968835,0.97955734154691321,5.4014443527452025,4.1469994833793589,-0.79017974484341713,0.1503180773123736,0.1242771657671941,0.6363636363636364,1,5
0.69822079083142896,0.71355407015141903,-0.057691561090667851,-0.69571519719624797,0.69533769841947746,0.18023831320474099,0.16872489929148088,-0.085709241783183732,0.98192964831093277,-31.017611288157596,16.663251571629878,-9.638269946831068,,0.172547675011464,0.6071428571428571,0,1
-0.77154460865854935,0.6111570058246083,-0.17665228863908192,-0.62108365787205733,-0.78374342956519039,0.0011517541658418338,-0.13774616791109201,0.1106044793165868,0.98427264636426615,-17.563375943228625,28.306992143569882,-7.1157224710117841,,0.1917843055128807,0.3333333333333333,0,1
-0.97255771167363969,0.12567199042110522,-0.19580104261145079,-0.12424228510901193,-0.99205796820906622,-0.019617397987244749,-0.19671134195827275,0.0052477172653078667,0.9804474026731258,-4.3950759451039136,35.120648120778029,-4.2878434768470575,,0.1621953407064772,0.3846153846153846,0,1
-0.37858130630718434,0.92211711179013922,-0.079851278377731164,-0.92483564344334912,-0.38030273496233991,-0.0069901642963637696,-0.036813409669191811,0.071202962887623886,0.99678227860679358,-13.464020021509226,19.698063322071778,-5.8299997186655759,0.6292788995640836,0.2187469415110339,0.2105263157894737,1,3
-0.98555171123711693,-0.012236382809880248,-0.16893222135909641,0.031199407709701501,-0.99343521639311561,-0.11005938300992567,-0.16647648913931512,-0.11373979851262155,0.97946354541562897,7.8300347297311399,-10.411742380070704,0.66256049269148287,,0.1931395831339951,0.25,0,8
-0.19627784588362099,-0.9441009070490427,-0.26485559183158847,0.97762049223668623,-0.20927565034660706,0.021491284998912376,-0.075717767889613888,-0.25470999093317881,0.96404856731631261,-7.0747347390449846,-5.756563353899713,-2.8827119338808842,,0.07866420072058741,0.3397435897435898,0,5
0.58723256739369278,-0.76922474742148295,-0.2518952158072249,0.80345751662522202,0.59166095748519798,0.066282202484000921,0.09805065410614805,-0.24131017247943576,0.96548198838057142,6.0074887541584232,18.363517649568227,-1.4584094757194423,0.5179373648199663,0.4149333733795473,0.819047619047619,1,5
0.70938142769262458,-0.64980015276593528,-0.27301602793634966,0.70079506837406647,0.69162352160215135,0.17476606223528229,0.075261292756382075,-0.31530408470555271,0.9460016236670169,9.4767982355412261,-11.576864944485273,1.1053219032921027,,0.2777788657369495,0.1923076923076923,0,4
-0.057904327878250915,0.99826066312111172,-0.011078685750863685,-0.99805719017672456,-0.057629744870838683,0.023678210292654038,0.02299856407493954,0.012428232823714049,0.99965824414115156,-37.277907071220298,15.669778222011459,-10.997557232467329,,0.3456838232020218,0.4444444444444444,0,1
0.37024388471958747,0.92376203901587628,-0.097893621349816703,-0.92283564301689647,0.37782100958801668,0.075004404480565945,0.10627248846875384,0.062569800919646659,0.9923664535883584,8.6967737861543739,7.6226503812229724,-0.35624952454787784,,0.07891634956077101,0.2222222222222222,0,5
-0.66985826385962088,-0.71218059235826903,-0.20997311782034916,0.72418245435392403,-0.68908289983457327,0.026917094224685877,-0.16385871702445298,-0.13402820980599234,0.97733656425578364,-31.179773418699504,6.8509757722801963,-9.0184014324189015,,0.07801083598393152,0.2272727272727273,0,1
-0.40701874630098578,0.90659527577048238,-0.11144840111108385,-0.91292223076488399,-0.4077844169888501,0.016878087460721999,-0.030145326915491245,0.10861342095573172,0.9936268837211738,-7.3965018689567152,-9.4214581528122974,-2.6920103940436486,0.6874486762294815,0.4433742745184657,0.4313725490196079,1,3
-0.97481761669550138,-0.067200441274603659,-0.21263751990794916,0.072414223138557707,-0.99723283613930103,-0.01681816912766599,-0.21091892866062101,-0.03179262836045689,0.9769864043652764,19.983481088338944,-6.4918836968312936,3.0874759410492159,0.2600659105601602,0.2061870410726145,0.4347826086956522,1,5
0.84526510646879582,-0.45864981328054388,-0.2741664614135309,0.51040812349521492,0.84487293759814663,0.16022879511614357,0.158146916683153,-0.27537259865861768,0.94824020408945509,-12.905570844668436,6.1604993718907233,-5.035030069931377,,0.08438343340309891,0.2705882352941176,0,4
0.49943569338564991,0.85090658572112943,-0.16285567398406856,-0.85628929117713026,0.5134011943517518,0.056461167660281704,0.13165347693001894,0.11125284722021567,0.98503307863118572,-2.6224409911850604,12.038939266868814,-3.138463833893145,,0.115259539125105,0.1785714285714286,0,5
0.094319060277619687,0.98666552262156493,-0.13264637702652088,-0.99464777103060464,0.099040276642403863,0.029442064914787111,0.042186804242525702,0.12915947534931876,0.9907260486508328,8.8764824418172754,-7.3674536019436401,0.69882503323880241,,0.1337670235116014,0.4117647058823529,0,2
0.84149721490516705,-0.4839352681925172,-0.24018553975267579,0.51669794587381734,0.85075331649444974,0.096135462777650199,0.15781530355648446,-0.20500109919981363,0.96595490541238171,11.412380519873048,-9.0724265820318042,1.3753220907169608,,0.1447817667559823,0.4074074074074074,0,6
-0.91213294555478386,-0.34605767881998234,-0.21967606279082921,0.35530413243473347,-0.93474665256161271,-0.0027692958783553981,-0.20438312823801277,-0.080577778913210538,0.97556894089400903,-1.8933134169017056,15.711274511124193,-3.0605359341453977,0.2462366352176347,0.2006862228853151,0.3666666666666666,1,5
-0.77626861195566921,0.61400329324992242,-0.14285306426768793,-0.58573712725295424,-0.78628383698585746,-0.19664624443973827,-0.23306449718881353,-0.068975963734093523,0.97001198785225218,15.884423482085396,10.077624201082559,1.1876891007162613,,0.2083972744232555,0.4210526315789473,0,2
-0.10690043113668068,0.98639822757517492,-0.12486326304940389,-0.99404048978227144,-0.10333307435541281,0.034724349060568552,0.021349531522103015,0.12783118704295746,0.99156612745846384,-5.9116942548040905,13.699771586483143,-3.9181717629546369,0.1944181960445662,0.1281597512398872,0.3670886075949367,1,9
0.44485949205558734,-0.84483890612431611,-0.2972326614400137,0.89448042802897143,0.43571283314875509,0.10029501933093621,0.044774950599107778,-0.31048598958431944,0.94952285600226238,-12.192888271540877,-19.772955410051658,-3.1382533454109049,,0.2687487335249927,0.82,0,2
