axis_00,axis_01,axis_02,axis_10,axis_11,axis_12,axis_20,axis_21,axis_22,location_x,location_y,location_z,dbh,dbh_approximation,score,reconstructed,number_clusters
0.60169569843055215,-0.73579694749827629,-0.31074931784702159,0.78597063849353688,0.61468978599866408,0.066382395369392527,0.14217046780619391,-0.28418184150493431,0.94817099673140837,7.0963814932883427,10.983291577457759,0.37994991261690292,,0.08722279537705341,0.5,0,3
-0.90748194691517148,-0.25135446313060006,-0.3365968655340959,0.29372943133990048,-0.95248091714288452,-0.080641947170117939,-0.30033237785458466,-0.17204951712509201,0.93818944060846976,-16.696533589836953,-22.187465186681521,-5.1873276002187536,0.3660793844888842,0.3828361171608637,0.9466666666666667,1,5
-0.79587542284942203,0.57004239693145153,-0.20404405652921956,-0.57083605378164692,-0.81879896397219976,-0.060946339521325582,-0.20181305955574461,0.067970010289079591,0.97706272403262406,-12.399824034617902,10.933154995877297,-4.9568474895555816,,0.1062684792347902,0.1621621621621622,0,2
-0.88998777329272316,-0.31077548439982372,-0.33367703200177667,0.37530065485930264,-0.91485890415988358,-0.14893825546700315,-0.25898104535204536,-0.25778243496295644,0.93084748179974686,-25.718589620945696,12.611400748086586,-8.9299400156170048,,0.4351033841928439,0.3934426229508197,0,5
-0.94538633832456542,0.19649151775158819,-0.26006875006611213,-0.18311863965676978,-0.9802304889091753,-0.074938324128145606,-0.26965206307300282,-0.023222232118344007,0.96267777205870753,10.379645365170513,-27.22838790772126,2.011989754027196,,0.3001308076223412,0.4523809523809524,0,4
-0.30072910018904842,0.94871553265897135,-0.097472285246058818,-0.9535186938252902,-0.30113932195356691,0.010826324355818094,-0.019081635810294154,0.096197436893868254,0.9951793528353835,-18.314409966307736,24.673317919782125,-7.1213304807849322,,0.5666866540264911,0.28125,0,2
-0.96155494532968544,-0.02819376575377883,-0.27316148828970616,0.046616954831007452,-0.99703698014700004,-0.061189212624728789,-0.27062695104942902,-0.071570746761309617,0.96002014644158307,-2.2697156770938638,10.635141168752869,-2.1009156508376439,,0.1789213134977336,0.3434343434343434,0,5
0.44699317424169488,0.87753734796297667,-0.17356642852648876,-0.87672168859038002,0.468296292910103,0.10980738955957568,0.17764060047344846,0.10308629868591571,0.97868127196072952,4.8814566629787084,15.38751411228297,-0.348013155378676,,0.08320108662363998,0.1944444444444444,0,5
-0.31705154481747155,0.91599477277746211,-0.24582899376033393,-0.94772488917818876,-0.31583339114870906,0.045462110242417919,-0.035997949400513624,0.24739208815131936,0.96824650908696042,4.4063147822664561,13.227891292363445,-0.40094401731615531,,0.0893684789359758,0.358974358974359,0,5
-0.95011205905789675,0.12533569883625287,-0.28561869306820975,-0.080890180336814832,-0.98339495477970629,-0.16245350608373224,-0.30123720546745497,-0.13124528757653653,0.94447383263439899,-17.889615230506259,12.032287635133921,-6.5613762705790792,0.5657894079832392,0.3289476785674665,0.3137254901960784,1,4
0.93895092207552999,-0.13547176533630167,-0.31625712123235933,0.19455061575516719,0.96720385292532296,0.16329961664283268,0.283762618825663,-0.21485834329408013,0.9345130649028538,10.117572550673829,-29.437283342077958,2.0982286831251264,,0.2955351557458253,0.5609756097560976,0,5
-0.4785754467256928,-0.78734714193701238,-0.38865154042525274,0.85972340891872545,-0.51013884349450633,-0.025179764003133966,-0.17844103213238077,-0.34618324402215955,0.92104069378601527,-23.136347985435602,9.7633290397668873,-8.0044375274179789,,0.1824201814279529,0.3846153846153846,0,5
0.91619334355728366,-0.24252505413406611,-0.3190162305253344,0.32570466944694504,0.91444728772286576,0.24021370959366523,0.23346568382051622,-0.323987277672383,0.91680206063504033,-5.6488292738902484,16.16699307404388,-3.281772833436404,,0.7363991147622307,0.7346938775510204,0,2
0.93485813317089794,0.21484007677070238,-0.28263759880345518,-0.13091136087611893,0.94862033347920549,0.28806540664120706,0.33000376730847608,-0.23229981558959545,0.9149504408651068,-2.7053917606674411,8.632451372079986,-2.1587691847898012,0.4777414397852822,0.5381315938306339,0.2117263843648209,1,5
0.9246920961705376,0.26519707733388742,-0.27315753230196838,-0.23748816905059478,0.96257401662672204,0.13057806889403156,0.29756326527434956,-0.055872826030749757,0.95306575348745159,-9.8484179750264573,-21.114482096431477,-3.4196145903997448,,0.1676989648011361,0.25,0,5
-0.54372316350946237,-0.775333481043051,-0.32128354243087037,0.81449457582290274,-0.57979873995410147,0.020784780554698894,-0.20239492932959924,-0.25038253597506044,0.94675491985009785,-10.064296443556797,18.049849442691333,-4.5128802332434104,0.2280622770927948,0.1558609042496696,0.6792452830188679,1,5
0.7873070470259258,-0.52944726805291653,-0.31596392840736959,0.58132959302454812,0.80818617382679514,0.094292166743136493,0.20543494828589218,-0.25791606926770905,0.94407403482791752,17.287611048334036,7.6269060498177002,3.0308393199344317,0.3346795423549574,0.169908573833626,0.5384615384615384,1,5
0.42891347072991015,-0.83190923779671455,-0.35207989816931057,0.90023554553654683,0.42594869484312398,0.090242295593334354,0.074894573761641256,-0.35566097541047281,0.93160939958285771,6.6320718128738063,6.3826780203705562,0.39734405299887404,,0.7726082459069107,0.6555023923444976,0,1
-0.74385660956206856,0.66121873091385075,-0.097299199891376476,-0.64200317169968069,-0.74739731395237208,-0.17096544277815409,-0.18576671375242543,-0.064707379683130589,0.98046095438633774,-16.200074394349553,12.593459363936613,-6.1047291975705198,,0.1794534303663528,0.3,0,3
0.75203568079115679,-0.57591309840879612,-0.32057204790524341,0.63287177958271834,0.76681872221452574,0.10706240175283191,0.18416200863583179,-0.28339574863159522,0.94115418727897782,16.875799493568589,4.9042428176956845,2.9920197450910249,,0.1209758987127411,0.2,0,1
0.45365770299051056,0.8753301528366717,-0.16730753734456413,-0.87743257585023759,0.47156321782206856,0.087978443008004489,0.15590626464061755,0.10688898508370802,0.98197147693483655,-8.9042296710755728,15.466883637479539,-4.1239898716730368,0.5275467587616535,0.1856415949432662,0.2222222222222222,1,4
-0.60087502471463505,-0.74066115928959986,-0.3006164529661875,0.76958440010821128,-0.63769651630815993,0.032909029133661234,-0.21607650447068652,-0.21157551892461848,0.95317718395244155,-10.585738341973942,-8.4110552724682073,-3.8230409200927378,0.4210808809871791,0.357787873719129,0.9780821917808219,1,5
-0.4951385834710888,-0.77836488038115059,-0.3859869118862464,0.85188444397389285,-0.52222360153969405,-0.039691360649417029,-0.17067711408837155,-0.34846896990140747,0.92164998765383632,-16.318278595041267,10.074482148762019,-6.0235729970426908,0.8234357836901802,0.3740785315181329,0.2608695652173913,1,4
0.94566730418115741,0.21345500005743248,-0.24525560697611767,-0.18082518162503208,0.97217996935742335,0.1488904324343015,0.27021399573859339,-0.096452424182498636,0.95795684995531105,7.7536794284237391,-24.81460079994137,1.374736340578373,,0.09325420840910714,0.1578947368421053,0,5
-0.66260125566437655,-0.67455067628351006,-0.32548573105045558,0.71150822992558349,-0.70263521645835525,0.0077324860608843906,-0.23391369079246543,-0.22646222139239511,0.94551533437690316,5.5154161915620499,9.0389205660383247,0.038481393125605626,0.1887269929339873,0.1496052044874577,0.527027027027027,1,5
-0.933229228261932,-0.13730820097475341,-0.33200853221373083,0.17671205803893184,-0.98000849226736753,-0.09141227284936046,-0.3128195263427212,-0.1439785158588513,0.93883658370868661,-15.929619314980989,24.635403384113978,-6.478573254971189,,0.494383611492416,0.3076923076923077,0,4
-0.90584262958701056,0.34966070103137631,-0.23913704141586942,-0.35222066572619098,-0.93532064403796422,-0.033405021655513241,-0.23535023488045959,0.053969315269448148,0.97041103659792416,10.548570739344719,7.8244648841673499,1.4036912004183855,0.509170611554869,0.3878951139889493,0.59375,1,6
0.95949186891766824,-0.092326266393884027,-0.26617891354246137,0.15199800630811081,0.96512496396473901,0.21314410620615251,0.237217114810966,-0.24496870099224041,0.94006296383536692,-13.649681204869289,-35.397395896694498,-3.9378963835830629,,0.3115760137056989,0.5238095238095238,0,4
-0.27061691977690866,0.94728595116061287,-0.17151037713267495,-0.96132561521580084,-0.27538276998127414,-0.0041703150244989176,-0.05118148356995092,0.16374876100653354,0.985173486756726,-8.8486903896378486,21.226494044321427,-4.2780225815173694,0.2340704850628979,0.1709481400224255,0.2727272727272727,1,4
-0.63339739165867059,-0.65870359340100348,-0.4061001357800792,0.73599323590421817,-0.67489184507565347,-0.053244287520996289,-0.23900146640393449,-0.33261174587044612,0.91227612353156706,-7.8706754638473688,-28.813726151808783,-2.6475462646035872,0.601381672925365,0.4297831867630401,0.2307692307692308,1,4
0.94761075327345912,0.17868074053193414,-0.26477736542890118,-0.14481038815538064,0.97914457937629984,0.14249857599393581,0.2847170731845885,-0.096690669875490409,0.95372275981871846,8.3255138986477668,17.553128114722014,0.56010183037840533,,0.09837974396752308,0.3125,0,1
0.69958923590624567,-0.6446778297877751,-0.3081645612075477,0.69957293278233168,0.70578205619199486,0.11166647158268835,0.14550811909458108,-0.29370424739442391,0.94475668949207903,-5.1084992586497746,-26.631160346540732,-1.9286709802507462,,0.1496541277597488,0.2173913043478261,0,5
0.60681292200825787,-0.72978415567868815,-0.31494946230172605,0.78360691779506397,0.61566079529464934,0.083198458644863596,0.13318511954239279,-0.29728247721234091,0.94545483904572303,-13.291711747135833,16.19688825073489,-5.4085652664759873,0.23772603699003,0.1496804077426404,0.4761904761904762,1,5
0.4430199443717962,0.88793814781339819,-0.12368983202561136,-0.87935488220933322,0.45724854847691609,0.13288625230009332,0.17455176889227308,0.049895997569609898,0.98338297188995138,-18.78781688472132,5.8511184316777065,-6.5564418990123121,,0.6013609804336415,0.2763157894736842,0,2
-0.5318787335985149,0.81644359600542693,-0.22477737272102702,-0.83708672519770089,-0.54703502584290953,-0.0062044338046264771,-0.12802666614197528,0.18485814843488704,0.97439039286817497,5.1391759091881211,-24.986844728517621,0.69079513081021426,,0.1612269311802976,0.2,0,5
-0.62607830339078974,0.76296655700333182,-0.16095959405326216,-0.76769449107822363,-0.63928808061187736,-0.044225765744954487,-0.13664233015964092,0.095879001257117055,0.98596961957581641,3.383655937025241,-24.001336366450627,0.17941242768113824,,0.4690164515169551,0.2702702702702703,0,2
0.82147730579166189,0.53309828974273843,-0.20243826106406068,-0.50986045861819851,0.84563778259540368,0.15792103528273191,0.25537687602230863,-0.026513281963895879,0.96647798581891664,6.2573489723753921,-24.355814822740417,0.92958996902055679,0.3807178542425694,0.3698358451272004,0.6285714285714286,1,5
0.95684825360728776,0.068314229990943942,-0.28244395116452325,-0.040674687442089116,0.99389123269232471,0.10259526002120578,0.28772728297846822,-0.086679775946150658,0.95378175022997402,-19.050583393674042,-24.440487040650368,-5.7498289390663704,,0.4704328514505514,0.8378378378378378,0,4
-0.96526566890760079,-0.0058835481433312997,-0.26120408168634562,0.057797846802480637,-0.97978554260365613,-0.19151944916863031,-0.25479716900577815,-0.19996418270806329,0.94609340358155791,-18.406148289331941,-20.848729607906144,-5.7090079758421393,,0.616627350841614,0.5,0,2
-0.95935514144126399,0.081603363147236554,-0.2701455232153096,-0.039363094086275967,-0.98661567095345115,-0.15824052784614526,-0.2794427659005832,-0.14117510032626843,0.9497269774170366,3.7660238364800676,9.823521198123407,-0.43894582766070567,,0.304888783190785,0.28,0,5
-0.8100702941708634,0.56490968241573636,-0.15704511840513735,-0.54902163437731633,-0.82482742754167027,-0.13503688296406871,-0.20581876369172947,-0.023168199928851892,0.97831583398433508,-19.185704979096034,9.2859628171841813,-6.8499497520422405,,0.1078686884969553,0.3409090909090909,0,5
-0.13407538567368077,0.98426558537625364,-0.11508713394813053,-0.990834579145218,-0.13122186607905462,0.032057115167295556,0.016450766747248297,0.11833038201016612,0.99283799935677086,-17.539673360128248,16.931180072721371,-6.642763379044319,,0.110733443924901,0.1904761904761905,0,2
-0.93156001490649776,-0.1418553964510284,-0.33477303524197827,0.22628990983802907,-0.9468898214275564,-0.2284568729156255,-0.28458533927962976,-0.28857704789988253,0.91418514103680659,10.225175433967108,0.92281990823157412,1.4915052225629586,,0.4066261254117428,0.2702702702702703,0,1
0.15642130133948012,-0.84816532793627519,-0.50611061337815733,0.98752599053540047,0.14365216440426107,0.06447071954808159,0.018022056051954217,-0.50988197864674745,0.86005556410440021,-13.946675063365007,10.837695932779932,-5.3589281077563005,,0.3649133267411373,0.40625,0,4
0.062313542530762468,-0.95381971553922318,-0.29384515082938323,0.99746804181668314,0.049406760676093432,0.051151515655814758,-0.034271387069371405,-0.29628857934144442,0.9544833941877513,-9.5491809590724124,-3.6812999172283027,-3.6643740760822583,0.4077865475765005,0.379464673415415,0.9812865497076023,1,4
0.57923570674392932,0.78078748252511576,-0.23421550581666109,-0.78733681963163504,0.61030162027390533,0.087365123152142343,0.21115569725963843,0.13380149260430313,0.96825122364583527,-12.960078652462833,15.15727181521164,-5.2525134371213875,,0.07585128326288654,0.3125,0,2
-0.90305761742556967,-0.30279757260753037,-0.30463185918849878,0.33118975623601138,-0.94249195509739503,-0.04496954459432987,-0.27349640760709343,-0.14150104098443031,0.95140799367376427,-3.4064348582220094,20.702753791578587,-2.7447552373682029,0.232095160610066,0.2867477892265167,0.7068965517241379,1,5
-0.17013220101280935,0.97092944720229557,-0.1683776788472291,-0.98537881303313868,-0.16920867783364613,0.019925314832900585,-0.0091448894983981177,0.16930573499215243,0.98552115101342563,-4.8234273822352476,12.339525729338861,-2.9125938524079489,0.5176319824020812,0.4879850323178461,0.8395904436860068,1,5
0.94202467905762477,0.19040055000603057,-0.27629175630803704,-0.17726106514315906,0.98152513213234927,0.072020342799005502,0.28490001549787858,-0.018869169297416451,0.95837150188188147,-0.25639779739029533,7.8587330307031333,-1.4651287726609867,,0.08450499314670204,0.4022988505747127,0,1
0.91257402138291854,0.3399862404001418,-0.22719597671522723,-0.29620654286468423,0.93266380578323393,0.20591238269245971,0.28190484114530751,-0.12061335631061357,0.9518309087323904,-9.1524360897033787,-25.475778631802015,-3.0238563452036686,0.3523953694426393,0.1852731634264203,0.1304347826086956,1,3
0.80184558365314917,0.57307221780776163,-0.16920961306271448,-0.53023967668670791,0.81297416776861386,0.24066343263592052,0.27548057144400551,-0.10325326008326333,0.95574537353787981,14.378128760643177,8.362013792976283,2.3150517496300518,,0.4336143311548835,0.25,0,5
0.088026963440218223,0.9716772806473718,-0.21930461915158872,-0.9933046631175213,0.10215973771706534,0.053937317495106225,0.07481376836172593,0.21308836257128011,0.97416438540946904,-7.1140206166821001,17.886197036324486,-3.6761630770462905,,0.1005666324931674,0.4418604651162791,0,5
-0.8403141659348734,-0.3983565814437765,-0.36767395413546228,0.46919759357545265,-0.87416939123979209,-0.12522577052050846,-0.27152480680811175,-0.27774072340922318,0.92148487228382581,-15.813678648257975,14.075430379125457,-5.9952558290279114,1.028231922743391,0.7393867363315609,0.7403846153846154,1,1
0.49645210590773664,0.83402006663111128,-0.24071941134111002,-0.84699281339884391,0.52613234125798292,0.076078469576513957,0.19010123774053883,0.1661182950160224,0.96760851147066973,-12.812246570130741,-23.326950929373229,-4.0763621853812335,,0.1040949046601951,0.2142857142857143,0,4
0.5004892591552067,-0.7150678755558314,-0.48804552535428741,0.8601750247561204,0.47455595940902084,0.18680355503895288,0.09802769127180265,-0.51329774472274237,0.85259368811085279,-8.3878672131806269,-30.045758537276562,-2.7523115566933507,,0.2829165393636112,0.2,0,1
-0.94987467641031054,-0.15658826132762463,-0.27058864634126717,0.20873058297857577,-0.96200188114071961,-0.17602251109202074,-0.23274372782919792,-0.22367945166265987,0.94646598462916776,16.323929316597674,5.6722671997493386,2.8154601315306054,,0.3002648593090979,0.1904761904761905,0,2
0.62181419292962303,0.74756950919381582,-0.23342437403792768,-0.7499160088806357,0.65427664818221321,0.097714109871532312,0.22577220620753863,0.1142886545863801,0.96745284863760417,-18.041905154537083,14.362275383423301,-6.6721110811010709,,0.08419440452890768,0.2,0,2
0.32189432392941353,-0.81630461079416705,-0.47961529022562288,0.9463675108960139,0.29228788067330147,0.13768198550279429,0.027795297129331233,-0.49821137803917359,0.86660997239230897,13.52525457907509,-26.771918034977794,2.7892774872189241,,0.5908325888679917,0.2647058823529412,0,3
-0.95533878056249144,0.00058569616982279084,-0.29551221855173537,0.083283128305003867,-0.95893008558744974,-0.27114020634162272,-0.2835343628082922,-0.2836419361012088,0.91605432000054066,0.58314744919097194,5.6587510486487096,-1.1656208118305533,,0.1622082705735731,0.2654320987654321,0,1
-0.29256376069075579,0.95087353985767598,-0.10122231537074811,-0.95546015464403999,-0.29497159408367696,-0.0093622417893216656,-0.038760015712966056,0.093974836431182776,0.99481977830140822,0.95666825784557863,-26.261638173561817,-0.41537091611506854,,0.2244121187331803,0.2727272727272727,0,5
0.34306914097400582,0.92696502572224793,-0.1517873696956045,-0.92755594587179468,0.35980782949293094,0.10088752704604202,0.14813349313790486,0.10617988003072094,0.98325088420373341,-12.35452169396307,-21.539019061905091,-3.9881016086692376,,0.2598111040827756,0.4358974358974359,0,5
-0.50011509665867881,0.86376114191012354,-0.061656952732039562,-0.86040653043372484,-0.50369725185064929,-0.077393028530380964,-0.09790552834789841,0.014344622833111068,0.99509232703035932,19.445422401788573,2.6917966227444938,3.7015962696623732,,0.5592345965462435,0.5333333333333333,0,1
-0.95666189731383688,0.15972381419242734,-0.24348781778091702,-0.11348382664117665,-0.97453454471240675,-0.19340072971180206,-0.26817799186131114,-0.15738717972568508,0.95042613618272798,9.8149152032034834,14.205718181765935,1.0177243516834857,,0.5422659548922342,0.125,0,3
-0.83612444150255871,-0.39784771046163464,-0.37764151996631684,0.47706903415524998,-0.86721151451920175,-0.14265106286140652,-0.27074167572099378,-0.2994351154519912,0.91489756621276519,-27.290547591968441,11.100344917973594,-9.3596061397726551,,0.5539581142200337,0.42,0,1
-0.87584593065629257,-0.37554304521690474,-0.30308633578903954,0.3945826551891562,-0.91885883328503259,-0.0017241571689587435,-0.27784606165408932,-0.1211027071674359,0.95296154189979243,-7.6384540640787639,8.0819045703268522,-3.5585568370089424,,0.07645755238891594,0.2,0,4
-0.9406086599682526,-0.16505461349947254,-0.29666870976776094,0.18158281297210055,-0.98295250459205452,-0.02884537656793058,-0.28685018881964752,-0.081002149840274582,0.95454471917002714,-1.3061117277633361,13.16698640512392,-1.9561910633503214,,0.07217008312355662,0.2941176470588235,0,5
0.13542228120338198,0.98725639173402591,-0.083580037891739484,-0.98864547787985624,0.14019239961198676,0.054094455896553657,0.065122383412950666,0.075305431884728366,0.9950317417586596,-15.899060426344409,-18.555381803836749,-5.0977905973156865,,0.2221618434313487,0.7037037037037037,0,3
0.65109952905192137,0.7255653049938795,-0.22276532822121484,-0.72528489240675842,0.6812773260011713,0.099111199786961091,0.22367661503805827,0.097037071605818842,0.96982090027967727,-2.2921351741372873,19.245436464795624,-2.375935939120815,0.4090777748021269,0.2113385304960955,0.2173913043478261,1,5
-0.3165781976552739,-0.88155564999426095,-0.35019691708028156,0.93695143870689401,-0.34820838219776351,0.029545288495738637,-0.14798731795129808,-0.31876411110790287,0.93621001660694103,-14.684943734635244,-28.302501268941572,-4.4441057155970469,0.1802455657772781,0.1979950566153906,0.8,1,5
0.8867845812212285,-0.3460417370569297,-0.30637921392110251,0.40222752725072025,0.90433423222542841,0.14280270567119788,0.22765351486427995,-0.2498693911623962,0.94113716563000072,-10.118117273524382,-27.70211865549069,-3.2635282914217898,0.2634982165990228,0.2382456830467512,0.2222222222222222,1,4
-0.94461448606439902,-0.15042547270125858,-0.29167730436201744,0.16572590301788234,-0.98576487557625381,-0.028329051326133753,-0.2832638307059297,-0.075098516914344937,0.95609717862310761,-10.642807376469621,15.949836051844294,-4.6052072091877028,,0.08537600491037686,0.1111111111111111,0,5
0.79876326937920827,0.58989109762237657,-0.11834581714833071,-0.54923916763066238,0.79523421409800177,0.25678567224109355,0.24558822494373728,-0.14011080498591383,0.95919517622597694,4.249510839114448,-27.360198843683278,0.48539165724193273,,0.4651545207932752,0.2222222222222222,0,4
0.083667997030476268,0.9702839814294647,-0.22704330347819951,-0.99328230805134055,0.099481929080655451,0.059106702653691744,0.079936992594847503,0.22057275708431687,0.97208936628640941,-17.951210167569787,16.113059901827096,-6.7082449983450312,,0.08083937173659927,0.3333333333333333,0,1
0.80743604041978789,0.56606031230238751,-0.16620097312392154,-0.5321884178371874,0.82045208666285341,0.2088871978138451,0.25460268763539406,-0.080212818967375241,0.96371332621383865,-15.291421492338024,-24.339795280063029,-4.7500867374408662,,0.3705830154623003,0.25,0,7
0.84705394879080587,0.48872270460439199,-0.20892516804365976,-0.44160934151809916,0.86587419781447272,0.23503842886450288,0.29577152892368469,-0.10682692340094516,0.94926667018011024,12.240858695729347,-25.936061443353765,2.4550392896060846,,0.2791618710317616,0.4444444444444444,0,4
0.76857545680911721,0.62063152078583728,-0.1552684211219913,-0.59535235621367788,0.78268727556468443,0.18153842739198212,0.23419508778255663,-0.047086559400646322,0.97104866859613692,-1.5803383601860899,-30.295960524844105,-0.95233623182492289,,0.6350337607511523,0.5714285714285714,0,2
-0.83312830473196653,-0.42573731951607696,-0.35305093488858752,0.48308222375111459,-0.87096906765429916,-0.089690848390896194,-0.2693117022153288,-0.24527661519326807,0.93129511385447261,4.4518656479329666,18.716595672059718,-0.54090949354589835,,0.3668535617914511,0.2352941176470588,0,2
-0.51965731909862034,0.8539749305287252,-0.026135966324105964,-0.84798398515015994,-0.51926345916861494,-0.10624792186719922,-0.10430451397753258,-0.033049629358042586,0.99399612190551723,-24.157300764403786,10.811707138118928,-8.3834970700675289,,0.3851976666830774,0.2903225806451613,0,1
0.79144659190856959,-0.47536030685588276,-0.38424584685093272,0.58148236857701552,0.77929570981385377,0.23361603476599097,0.18838934999190701,-0.40832679967349911,0.89318457077919999,9.9180654620863571,23.182744759509252,0.77031855947050332,,0.2497618457347986,0.3103448275862069,0,6
-0.94810893378118122,-0.10091964487229636,-0.30150402147096272,0.12453271962687247,-0.9903936515701004,-0.060100055507281605,-0.29254239252909647,-0.094528515319416542,0.95156886685350295,18.234351682755673,4.4174926499156797,3.3423297859409185,,0.151070191665244,0.1875,0,4
0.83065821129641315,0.50319913707802488,-0.238322396030618,-0.47881398613634762,0.86403968889442284,0.15547534433295279,0.2841550680281193,-0.015034774995318918,0.95866044711084997,0.10236800167058809,-23.828773426417914,-0.70297257297663629,0.4222865613220789,0.2291952389161835,0.1636363636363636,1,5
0.69687770377279279,-0.62277237778462324,-0.3556909212404023,0.6970904774148744,0.70476603227705747,0.13179418062249718,0.16860110403512116,-0.3397931800624312,0.92526442842097745,-12.64159798169627,22.900872021697836,-5.3953934618475392,,0.298604283521888,0.8163265306122449,0,5
-0.19464070700870775,-0.79713314009359038,-0.5715713010112401,0.97485880968777472,-0.22164809458384918,-0.022856582016622211,-0.10846795079323641,-0.56165013943902853,0.8202340059512494,-6.3930188748088552,24.538013413070232,-3.6937798529506645,,0.2803258599623141,0.2777777777777778,0,2
-0.92953467564938663,0.25015092593653371,-0.27090552046513172,-0.24781960650366611,-0.96783515114078023,-0.043365456859928521,-0.27303979453141458,0.02682600360465871,0.96162863732984005,-4.2130192655260181,-31.733002378012724,-1.5884124559030106,0.5166856509525034,0.3952221029171827,0.8571428571428571,1,5
0.9326931238358166,0.24614629200580196,-0.26362006691673007,-0.21557812465611356,0.9664466832829447,0.13966703455414445,0.28915326198945057,-0.07343576310756196,0.95446193207360053,-9.783022981093298,-24.443813625733306,-3.2424092140857681,0.3496645629686657,0.28844169353835,0.3157894736842105,1,5
0.35692124300073502,-0.88109608870489586,-0.31028520551864114,0.93291323089457701,0.35319518809339839,0.070185915463934961,0.047750705928309704,-0.31452001776771554,0.94804906439843306,-0.15890741718665327,20.935999199598481,-1.8065773808748748,,0.09110825855843384,0.631578947368421,0,4
-0.80987399097056978,0.55607923340616139,-0.18676189366093127,-0.56054359352972705,-0.82746629240893077,-0.03302142758569579,-0.17290170184871267,0.077944987660741996,0.98185008040758703,15.405079273076659,5.151078854419942,2.6150340477601017,,0.1538203521662165,0.3125,0,4
0.95366646881444805,0.16190512769402965,-0.25358824082627091,-0.13395073380886738,0.98320141804850636,0.12398456540825016,0.2694020548753272,-0.084271591736400989,0.95933353514571007,-7.9619999464584259,-31.271655296634325,-2.5765481587021566,,0.2073944990534007,0.5833333333333334,0,5
-0.94315375876332885,-0.00654907313012672,-0.33229218614306971,0.08980921090507972,-0.96763382439514933,-0.23583699354219911,-0.31999264517674647,-0.25227344594220108,0.91321564567479641,6.2841139907554364,11.857141668895883,0.11831318787873707,0.4088800192604243,0.3345117449140247,0.3103448275862069,1,5
-0.33488738115586342,-0.82460696215963991,-0.45593179303533654,0.93251429000519614,-0.35944887444719237,-0.034836842491103366,-0.13515746697341943,-0.43682933122272821,0.88933266807468181,-13.02559930719964,-31.136536930509116,-3.888278198383134,,0.5112238456861119,0.1875,0,2
-0.83712562210266295,0.52310711108483632,-0.15993637219753071,-0.50243287584395468,-0.85091504765089176,-0.15331270968988259,-0.21629123442803533,-0.047984706040133433,0.97514899881804673,-19.432365499866567,14.543367832680737,-7.1183085044118837,,0.7599228219674888,0.6333333333333333,0,1
0.91875151016861034,0.29809506135276481,-0.25891117581130052,-0.27381771617010153,0.95347554863108752,0.12612785764468012,0.28446356686628338,-0.044985692833815344,0.95763080911485587,-2.1836986650605548,15.414031160674229,-2.3063837079080738,,0.07773487607822402,0.2702702702702703,0,5
0.68806622478286628,0.69195308049327819,-0.21855389428906702,-0.68273163186398589,0.7193540931922211,0.12809062206084892,0.24585033895724509,0.061078826146706643,0.96738151100336178,-8.8264642205276225,-22.743529209545414,-3.0563596318767972,0.09385674234961627,0.1355954951559212,0.4583333333333333,1,5
-0.82654163617953091,0.50329657668626071,-0.25203467927560119,-0.51745543154532836,-0.85563077694281175,-0.011655467063916451,-0.22151478511806369,0.12078298491149855,0.96764800962435027,-9.0402214804244601,12.741497163198826,-4.075956543274958,,0.0966721544915414,0.1538461538461539,0,5
-0.8294290012575547,0.50516502182877832,-0.23844461116499657,-0.51768327631926547,-0.85549269817182017,-0.011673422550844723,-0.20988462852778747,0.11375651232096419,0.97108593780999819,13.055280133019316,3.8738925524989423,2.1251448109878712,0.1563121269935078,0.1344268115321731,0.2592592592592592,1,6
0.24015569683975019,0.96593840902227135,-0.096375470172321412,-0.96479421234404572,0.24847330077099294,0.08621569828864431,0.10722578562475038,0.07227730473315698,0.9916040651982343,-7.6283167945612584,15.710401170634979,-3.7571519000453981,,0.3872855604233129,0.1304347826086956,0,4
-0.90292062808408768,-0.30777740848522045,-0.30001234342333011,0.3265049980747402,-0.94510487500462814,-0.013086690746672121,-0.27951534056729394,-0.1097717726403602,0.95384554950942746,-21.832176901986607,11.026894863739162,-7.6762579873747345,,0.1264759027597668,0.44,0,5
-0.77062078880599261,0.60506566231127867,-0.20009783644968251,-0.60001539804894266,-0.79466331296306802,-0.092150643702199567,-0.21476759989392893,0.049048581247319631,0.97543278328823158,0.17490404842904345,13.067962248882202,-1.5604863352853815,0.6374312410834475,0.5532152085215077,0.8426966292134831,1,5
-0.87719411882538945,0.44488314107659466,-0.18058092004409312,-0.4200369351185067,-0.89324752519642769,-0.16024303999458986,-0.23259288689553578,-0.064713596069754839,0.9704188268213475,2.4076466106165744,8.5705064281560297,-0.75237073737431392,,0.3788752340874278,0.2959183673469388,0,1
0.36744409453709931,0.90394779009894533,-0.2187766673231985,-0.91596522821002269,0.39250366589666008,0.083358100793170908,0.16122201493584137,0.16976237814344286,0.97220789796581597,0.63158681581530873,14.948515098999243,-1.4917761851461475,,0.1142524397844396,0.3076923076923077,1,5
-0.74984747331923707,0.6163974657758009,-0.24038080402130094,-0.63119449744500478,-0.77538384215325673,-0.019323657076282516,-0.19829844465326654,0.13723724535571338,0.97048630352791243,12.964219615145669,6.1984591817980945,2.0690207932896674,,0.4158035527219538,0.4102564102564102,0,4
0.95120526331206168,-0.084131706524680092,-0.29686765233799944,0.15070761200882213,0.96621925935760422,0.20906352749592441,0.2692503718289514,-0.24360254268723447,0.93175213359899733,0.82664204815989728,34.339363221166856,-1.8220256902331555,,0.3648255027860121,0.1666666666666667,0,1
-0.3851595786846525,0.92274555758551879,0.01388289968458291,-0.92083367250521531,-0.38328066794678001,-0.07184202919481622,-0.060970866223300758,-0.040454487198101872,0.99731940116369922,4.2548860548776979,-21.269786515843883,0.30433793075361043,,0.5994461010561722,0.4477611940298508,0,1
-0.90355969688041293,0.38125304688693024,-0.19551467569675798,-0.35194625249762135,-0.92067222604373611,-0.1688090268455798,-0.24436388752484836,-0.083718375707507814,0.96606289859544825,15.418014314714039,3.0987426707050019,2.7127301505220154,,0.2968555313848382,0.4528301886792453,0,5
-0.32808750202002473,-0.78936337809792989,-0.51890658922014599,0.93472866751428418,-0.35067010270860793,-0.057556903958646766,-0.13653171479634657,-0.50392056554992803,0.85289105662482456,-14.237184938690598,12.033800305685748,-5.5536182374672904,,0.1689058907617849,0.1111111111111111,0,3
-0.052128298480637041,0.97444363650578036,-0.21849997659245657,-0.99781552877849311,-0.041932140886889659,0.051047684464016044,0.040580919482058435,0.22068369861417605,0.97450084358093703,-4.8620441704788631,17.98669856079826,-3.0337468804915724,,0.1121609523817263,0.1666666666666667,0,4
0.30100383658578467,-0.77158947281005463,-0.56039840810742791,0.95299478006773208,0.26471179654772087,0.14740628864513061,0.034606928848017145,-0.57842661610370172,0.81500000629357539,-9.5603103832683693,6.6943030956148455,-4.0092916961195462,,0.5322640589084447,0.1782608695652174,0,1
-0.95100273516609513,0.21576533846491658,-0.22144777358042528,-0.152236180528667,-0.95017407781156238,-0.27201721855976529,-0.26910582127603716,-0.22497675562614911,0.93646543790109116,17.219024730372929,2.1525884330942855,3.1284748018969775,,0.5029020528718487,0.125,0,1
-0.30161650199248879,0.95210699409773281,-0.05019718633543923,-0.94852745046253695,-0.29431770418568892,0.1169305978856868,0.096556519432164201,0.082881607085318373,0.99187069609001988,-4.8529138394859261,-30.000274025192819,-1.8228765486901286,,0.320690276428732,0.3333333333333333,0,2
0.064902153575207261,-0.94100204194842885,-0.33211875513163686,0.99729116469968937,0.049621093263940964,0.054296223765825276,-0.034612761710639393,-0.33474304197724442,0.94167353821512034,-9.3305435997173163,-27.895125636594369,-3.0285134756535368,,0.1095840656274077,0.4210526315789473,0,3
-0.8997145214760105,0.38186943406145413,-0.21139894790367117,-0.36301286303721109,-0.92358129067800809,-0.12336636810359713,-0.24235395832278328,-0.034253975522995278,0.96958301555160775,8.3761879350289021,-22.887767567163937,1.4477153574863089,,0.414102500221791,0.2631578947368421,1,1
0.84445628677361595,0.49930869534014527,-0.19386698142344472,-0.45440632183399837,0.85945297090126827,0.23421247935641568,0.28356388064387328,-0.1096878186796732,0.95265949217308565,11.172021461428123,-26.144835557504575,2.209757254786807,,0.3745307415795456,0.3636363636363636,0,2
-0.93438113251249266,-0.20516661523542953,-0.29127059446073372,0.21415060855176107,-0.97680007944990455,0.0010590767536033698,-0.28473042700347706,-0.061386193720549834,0.95664011998186682,-16.958396686857331,9.7957817132836844,-6.2197706194861464,,0.0742614357478435,0.15625,0,1
0.88288215551594917,-0.33201968801318277,-0.33208737742217814,0.38788022638100322,0.91423250033514436,0.11716597336074874,0.26470366346942209,-0.23225387424665028,0.93594343228813115,1.0994988138484538,-32.126386525023086,-0.20657314474156227,,0.1145349146162403,0.3076923076923077,0,4
0.88375847065884217,-0.27252870086680742,-0.38039331322014119,0.38729286412293085,0.88222885361943471,0.26772464817568875,0.26263130608936003,-0.38392754139966245,0.88522564356022182,-2.8337489082298788,-23.487306593965709,-1.4978765992412972,,0.4028608310195289,0.1578947368421053,0,3
0.43267728504822928,-0.8289093254214791,-0.3545415310405845,0.89833134189849928,0.42959079377946024,0.091937751020863559,0.076099718568038072,-0.35827514584358416,0.93050940495226764,10.57113066479374,15.070019401312942,1.1762090584533995,,0.1040997141621309,0.4545454545454545,0,1
-0.66764816672965632,-0.65325144495590493,-0.35708328877945483,0.70661689925542925,-0.70705437677368232,-0.027688733662311969,-0.23438959693034978,-0.27080741856197776,0.93366206889999859,8.7034107954228048,16.522106818738752,0.64439862113954638,,0.6108085993908403,0.6666666666666666,0,1
-0.95915444930671323,-0.024438791392832251,-0.28182527894139275,0.027581052002557532,-0.99959373000327634,-0.0071875245091154328,-0.2815351273741315,-0.014666983786536943,0.95943882120802104,22.000522158757182,6.091520017663389,4.2588054501540391,,0.08394120090899265,0.2727272727272727,0,1
-0.85899314428903584,0.47969704196214757,-0.17894559507627056,-0.46206969150391985,-0.8768797588040792,-0.13256503608859677,-0.22050482592883797,-0.031187121259655594,0.9748871653733201,8.4936339113011385,11.05554345595294,0.73988015774700844,,0.7505158242522766,0.851063829787234,0,3
0.91573447494762394,0.29646261849320288,-0.27118312489635654,-0.2786131388456306,0.95485924625100815,0.10304629402138113,0.2894910883861273,-0.018807862321627251,0.95699591120333694,6.5504748717855108,-28.972081849842944,1.083976504046595,,0.2658760285571914,0.631578947368421,0,4
0.90139536180504976,0.3739584550177652,-0.21826927323164158,-0.33318630760136558,0.92098235964272357,0.20193656839187926,0.27653803742579619,-0.10930035291638385,0.95476706410990231,-22.100932342016289,8.4617419835321392,-7.6712657638928183,,0.1228693896289698,0.5555555555555556,0,2
-0.62670596152748581,0.77349300026263557,-0.094595012186765276,-0.76661073724992412,-0.63375671393586563,-0.10324923764531714,-0.13981278667931399,0.0078106392771734416,0.99014714997067188,0.62086092863850173,21.753970854807811,-1.6053612485712707,,0.3154735248797397,0.2142857142857143,0,4
-0.4075011297705442,-0.72219181596069715,-0.55891127220259262,0.89740971678658699,-0.43003006136759009,-0.098640491367410613,-0.16911129309643302,-0.54176851816950111,0.82333968886946962,11.086753990102215,21.705275790708328,1.2032593752800147,,0.7768853632806336,0.3928571428571428,0,1
-0.29614294776450517,0.94866240962120552,-0.11108099324834134,-0.95431384850824152,-0.29872453615116662,-0.0069806909872419101,-0.039804937316099638,0.10393884775654778,0.99378683976610516,8.0557246817864883,-28.738175175934522,1.5401943812928394,,0.1582028244038343,0.1428571428571428,0,4
0.84184858827826914,0.51991407271447354,-0.14484581943340702,-0.46695871664002669,0.83621635929733185,0.28756174536508644,0.27062984197568679,-0.17444643142513616,0.94674596972749248,-5.7965731896168453,23.593284633123126,-3.4429327193709556,,0.2967211140935915,0.3125,0,3
0.085179766684770938,-0.85860375759869911,-0.50551359505449711,0.99585842342739805,0.057178921086834096,0.070686430607592526,-0.031786912970975717,-0.50944102545902181,0.85991827154854383,-1.8132721787671784,25.041661179746754,-2.3543955727070807,,0.4483272446793566,0.3333333333333333,0,3
-0.96295982374803446,0.10043052453936716,-0.25024405604908995,-0.070366405466660356,-0.98948864319295193,-0.12633603592748274,-0.26030164584353682,-0.10404775217618231,0.95990474446073404,18.652248452386083,7.7382489286409539,3.3738387085966677,,0.3175992942333447,0.4166666666666667,0,4
-0.55092901514168491,0.83454984426194301,0.0019436350944438334,-0.82664266935529307,-0.54538624200010644,-0.13862086508948443,-0.11462598953190682,-0.07797694838456154,0.99034361614767963,-17.039256745906464,12.727942754574133,-6.3743363225459229,,0.6997812084343147,0.163265306122449,0,1
-0.028400220508751677,-0.87250139705440799,-0.48778554674483887,0.99753400363414113,-0.056070441202821106,0.042213945763961598,-0.06418207747257787,-0.48538378399100646,0.87194222467424765,3.6394912012789238,24.643999162971856,-0.88225517293290145,,0.342775782836994,0.25,0,3
0.14308091693738778,0.98480388038750577,-0.098433573449650008,-0.98496424267287697,0.15141777277215801,0.083175108924272753,0.096815762478027881,0.085052779275167481,0.99166160199604758,11.88340202577683,7.3918878259162311,1.7537873239194486,,0.5057306995313873,0.1388888888888889,0,1
0.48855575164934939,-0.69316333565223864,-0.52994138132231361,0.86742710340514684,0.45145864839379352,0.20917769734989899,0.094252309300601259,-0.56188048453199679,0.82183138373609954,-21.339623674081679,12.52502188699979,-7.6276177908469194,,0.4617752639574376,0.1,0,2
-0.90461560430078802,-0.26968617650272952,-0.33006056210771462,0.33493431510207095,-0.92870405612423101,-0.15914704114594569,-0.26360882576770539,-0.25451550511067389,0.93044733576685124,-11.411771651715528,21.753144954366832,-5.0291538978721881,,0.2354108691457818,0.1428571428571428,0,3
0.71497061854450983,-0.61915268539881663,-0.32475678096309946,0.67796526418859937,0.72745933626644133,0.10566936468281564,0.17082188141969046,-0.29572430783116505,0.93987606554588587,-4.9076743853697327,19.05919156442102,-3.1068395639844342,,0.09982748633720193,0.4,0,1
-0.39127303157040272,0.91824910121384296,-0.061024608853114622,-0.91803147475709801,-0.39408731474099923,-0.043742424664567181,-0.064215466369196936,0.038907280555154876,0.99717731492387451,8.9688767104662261,8.0810864090471881,0.98520045235264375,,0.4930131990780306,0.3333333333333333,0,3
-0.43629340604008587,0.89207576774272535,-0.11768130035043985,-0.89951424453787676,-0.43572786711708805,0.031864552264989084,-0.022851427075694292,0.11975830002059522,0.99254005554273894,11.263810965216697,8.9820037090393772,1.5162042310760273,,0.1985372937895153,0.5714285714285714,0,2
0.71517301918037335,0.65349577148938121,-0.24793311453278841,-0.6552595031108176,0.75031466677972336,0.08753790263764176,0.24323350143307618,0.099855783311392651,0.96481412008732248,-6.6865408286438415,-28.47771829620855,-2.3452934130050416,,0.1113004021015049,0.1875,0,3
0.95944858424696344,-0.00042312256931560963,-0.28188337154537568,0.051019273947222665,0.98374374547978427,0.17217803842332183,0.27722815129852024,-0.1795774601577157,0.94387313126866157,-6.1456930922775364,20.252152893012706,-3.50640905363431,,0.3139352202676068,0.1875,0,1
0.95865542684496419,-0.010852367341391818,-0.28436244249863019,0.068745955449761864,0.97850726876099614,0.19441583935264695,0.27614084484190066,-0.20592656726363007,0.93879735976674861,-5.9484777546677066,-25.01676949335954,-2.2229414692448848,,0.09704189318147126,0.1904761904761905,0,4
