axis_00,axis_01,axis_02,axis_10,axis_11,axis_12,axis_20,axis_21,axis_22,location_x,location_y,location_z,dbh,dbh_approximation,score,reconstructed,number_clusters
-0.82286969089389939,-0.45882955223581046,-0.33520279504094685,0.47889156343078826,-0.87750266432718171,0.02553320531213716,-0.30585673489886217,-0.1395152898208005,0.94179994777193765,3.6506934733950462,11.11657497475974,-1.9973635566733154,0.5246738682297892,0.3653500891760409,0.3220338983050847,1,5
-0.57334059728973141,0.81217992703267372,-0.10790887648685071,-0.81839579516736538,-0.57395127779220589,0.028429793757071047,-0.038844329725577255,0.10461212571157609,0.99375420562746619,-0.089930492084711267,16.215017808233835,-3.3567110193124678,,0.2071886774531418,0.3870967741935484,0,2
-0.80269705246169099,0.56763468996887578,-0.18294343582990819,-0.57932231457234817,-0.8149927891276596,0.013130480130444915,-0.14164426500162616,0.11652301237891512,0.98303575203463134,-0.032433847800756366,12.408917629884622,-2.9649229691924681,,0.08068466816767696,0.2131147540983606,0,5
0.73889235091730499,0.63976225292236455,-0.21152388397436278,-0.60296252591799337,0.76789557482111637,0.21626968929727869,0.30078943813653497,-0.032259043783855079,0.95314483054762489,5.7620643077100189,-24.910647830116776,2.3861187244797653,0.3046645645177514,0.2315700685122061,0.5862068965517241,1,5
0.44845948106223854,0.8932278924410314,-0.032062844707529049,-0.85597238914523832,0.43952773263703621,0.27226208194300011,0.25728459508174717,-0.094653602193986344,0.96168879203478441,-10.494950646164328,15.801230411559631,-5.8507619138207252,,0.3457133275853955,0.3015873015873016,0,2
-0.87893199016331525,-0.32378749002107976,-0.35020025410242361,0.36552058259814002,-0.92896417858760005,-0.058482976994854795,-0.30638743506330229,-0.17940796026629782,0.93484732626692391,19.895164116030763,2.474273243399276,2.3415810840236637,0.1717074442964021,0.2194843077174334,0.4137931034482759,1,5
-0.34235642936650157,0.9364135889418308,-0.076952360045025536,-0.93818373550937795,-0.33625512895921972,0.082120440051718813,0.051023070243656134,0.10030991323741678,0.99364710416184121,6.9042593974886524,7.3342125547788619,-0.84987331804307942,0.5836403402303076,0.3526498256233566,0.1884057971014493,1,4
0.30000032184174485,0.92941516851861261,-0.21491219468045084,-0.92654283693466721,0.33749799732725339,0.16617302165258965,0.2269761622283456,0.14927339457388814,0.9623924747484679,-30.127285404639903,-20.92029686223847,-6.3674844527697987,,0.3608491748841905,0.4,0,1
0.43843962060869696,0.86205309030645572,-0.25423447558030382,-0.86016842714285824,0.48447651100531186,0.15935114442859233,0.260539778204949,0.1488186136785655,0.9539245484815384,2.6453138228041961,12.335574016088941,-2.3697911374766627,0.2250221723116325,0.2293084274542777,0.7391304347826086,1,5
0.25747483518451875,0.96011972287273417,-0.10898085610550277,-0.94395678019668983,0.27402567373359787,0.1839987153638461,0.20652434812244977,0.055498179119959572,0.97686623738716949,4.0573553895025825,-28.165316087670185,2.3448868301086425,0.5282956521363419,0.5777123160442716,0.8571428571428571,1,4
-0.8216973451508589,0.54429620621316777,-0.16898258156976351,-0.55003368859674162,-0.83500819216182232,-0.014975327419021635,-0.14925285384437931,0.080640925866441754,0.9855052646712299,-17.875955468590611,22.778112455313746,-8.8818526723331654,,0.2277540903548254,0.1363636363636364,0,2
-0.33013663840934232,-0.88982771224356616,-0.31498641637880298,0.91465146955182242,-0.38402984072270274,0.12622904056194015,-0.23328628169369808,-0.24642995750897881,0.94066454531658206,10.674949804775325,11.543957594842016,-0.49497787808789984,,0.08903790701452781,0.3333333333333333,0,5
-0.9581205584086071,0.039056497877945552,-0.28368924112184596,-0.026351960596241432,-0.99847725588056735,-0.048463838704192234,-0.28515008281168863,-0.038958432498264944,0.95769080125569006,2.9111559648813432,16.28397289645994,-2.7760404520115469,,0.3290067000516921,0.1428571428571428,0,3
-0.89258990680607764,0.37474038922460434,-0.25070480440492127,-0.41297158361978453,-0.90266215793273141,0.12105990153140006,-0.18093570512888035,0.2115908063220539,0.96046426341092905,-12.536201804448558,17.010811407999181,-6.5577516188042067,,0.1322136647165391,0.25,1,5
0.95138951124099957,0.20721248013240537,-0.22786176945242495,-0.15030691208232619,0.95812655296398819,0.24372390257342988,0.26882304603751583,-0.19762716559907548,0.94269702096505437,-9.4252999660977608,-21.547040122451307,-1.3055913419140459,,0.2536474332121583,0.2105263157894737,0,5
-0.44632873396167122,0.88741266709855104,-0.11527974459205163,-0.89464743508207134,-0.43963313183854191,0.079552977888366211,0.019915525130996252,0.13864150771999048,0.99014236562015956,-5.7439311185538378,29.950004337704925,-6.72485252865392,,0.2451386787627912,0.125,0,3
-0.80805825254909069,0.56349579984231946,-0.17179739243473521,-0.57720422459988152,-0.81563832902962752,0.03961564491216478,-0.11780128858106492,0.13117392948990186,0.98433543908101739,-9.8754075857057977,25.824873420828482,-7.1141811718613486,,0.5755285729169867,0.7454545454545455,1,5
0.26384532897404961,0.96419717273650185,-0.026635586449544627,-0.94259488483918352,0.26359749388689618,0.20501522941370384,0.20469617840492632,-0.028985743107316539,0.978396290489153,-22.011998126413069,-15.165052331933959,-4.9890161785852758,,0.3548537105883546,0.25,0,3
-0.72805425459484996,0.66454392387589256,-0.16828064536948836,-0.68017316704322528,-0.73087130680785284,0.056494209609240509,-0.085448611461674762,0.15559082917902328,0.98411890982475214,-2.782490837413246,14.210649000471086,-3.8197703348575516,,0.3737308962809751,0.16,1,3
-0.71932319728209926,-0.59592130027205792,-0.35700412005174043,0.62750764040823881,-0.77786439020732501,0.034075675733146446,-0.29800721313609541,-0.19951138897177234,0.93348106921855256,-24.026238878057661,-19.889529933820793,-4.9894682778564556,,0.3539735235156866,0.76,0,2
0.91161732504958948,-0.23174788267757199,-0.33948014896882173,0.34329597129031802,0.8834861607907365,0.31874767416732974,0.22605691488045232,-0.4071180695642328,0.88495940509665472,-21.531815224563001,-18.591011640893463,-4.5120754754478103,,0.4049260068211649,0.53125,0,3
-0.95828283114889867,-0.10121218107893841,-0.267301533715194,0.1169515864544509,-0.99218050273066583,-0.043591013143878969,-0.26079942858648658,-0.073033857917865042,0.96262646631317739,18.796726816114152,3.5518453540898527,2.0094758646901001,0.2870256006982914,0.178812762576699,0.2083333333333333,1,5
-0.91358737717412686,0.30841003554429802,-0.26503085526720244,-0.33851362684024761,-0.93793245651256718,0.07544025095241666,-0.22531451065468808,0.1586378170420496,0.96128425259783201,-18.446050458427493,-25.141200826914723,-3.0295815532311234,,0.3756865209415464,0.84375,0,5
0.07956007077488389,0.97466321143050882,-0.20904980129687589,-0.98293323934545751,0.11160209315585454,0.14624370001158424,0.16586874970331736,0.19384683924995977,0.96690793811234155,-16.987893214135283,-21.430965440343059,-3.177420869014151,0.3376500642724147,0.2711030822833574,0.8529411764705882,1,5
-0.28733847465271473,-0.85410932937427886,-0.43351338440706766,0.93233700074956438,-0.3531284086879804,0.077769171339294216,-0.21950926635920659,-0.38183449353524007,0.89778510876998241,3.247128042449908,17.548538485659808,-2.8260186230354427,,0.29199013363019,0.6,0,3
-0.24726885044158353,0.96831664626803116,-0.034942641021126215,-0.95980852754832569,-0.23983631186042378,0.14576053635571323,0.13276183957302395,0.069580285091562513,0.98870262358292793,-6.9996503849547196,-26.835270700122798,-0.21755044298135789,,0.4290880018248367,0.5,0,2
0.53561271257845611,0.82122162546314781,-0.19675889813681602,-0.79888775271066026,0.56826969792046211,0.19709872905297543,0.27367385825697632,0.051619689044516179,0.96043637322296815,-22.951208395931214,-28.463751186436497,-3.7292182559743274,,0.3054174114652608,0.1666666666666667,0,1
-0.89659082015313996,-0.31912269381659536,-0.30705961556082084,0.31866580930188659,-0.94637979544725026,0.053079042485657521,-0.30753374318778942,-0.0502592186614561,0.95020892846807481,2.7644203155308977,13.786447255264029,-2.5139297767217212,0.2090514517566876,0.1124697409458067,0.2857142857142857,1,5
-0.8208857861994866,-0.49184947585194055,-0.29022511800294193,0.48414397750195576,-0.86888771863083047,0.10314427497973998,-0.30290449825685323,-0.055841073742198835,0.95138353959855881,-9.9771015910471252,21.643203007627999,-6.5646573475654701,,0.09927760548548226,0.4583333333333333,0,3
-0.6721283548298681,-0.66029556080274376,-0.33504215707562079,0.6794810134308501,-0.72982672357073808,0.07522304134363747,-0.29419216002585796,-0.1770952454082026,0.93919553184261317,-2.9097369448402759,11.226988006135819,-3.5038926580170058,0.1852748867296008,0.1883018838624117,0.7468354430379747,1,5
0.57908729585141427,0.78221569504495114,-0.2297749120527332,-0.75965308199350134,0.62002170342410268,0.19621488807134235,0.29594779742595118,0.060923671166622895,0.95325925512963705,4.6778692276878102,18.620872121768976,-2.6345298110155122,0.3466849552415963,0.3001742845914374,0.8705882352941177,1,5
0.87149579843022462,-0.33109462631988074,-0.36176155370708551,0.45382501275059978,0.82405539166479524,0.33908047609689917,0.18584383530368695,-0.45968365197196248,0.86841983452091709,-1.3205488011650335,19.299367609522626,-4.0008911267751213,,0.5365680008925512,0.5555555555555556,0,3
-0.55316322350930514,-0.74645539910055181,-0.3698848270886923,0.7908024083677534,-0.6101348477371159,0.048652014311525341,-0.26199618141598396,-0.26559330701364353,0.92780288649745069,5.0337634871178061,17.122434636528148,-2.4062424437063035,,0.3989143152359376,0.86,0,3
-0.9443944031166589,-0.18555632246316103,-0.27145545224931078,0.15427940224581563,-0.97909779963832799,0.13253439095593014,-0.29037403018280439,0.083284752129864276,0.95328200059482093,-13.20955202046963,-19.295677193754852,-2.5417544054771808,,0.08865611219241398,0.21875,0,5
0.27454270681174231,0.94634720854985954,-0.17045017748999353,-0.93375278566952291,0.30470916538742726,0.18777129648405724,0.22963457359659034,0.10760708805086271,0.96731002124981957,-2.9339114907976582,-27.60261927909778,0.83552791727280418,,0.4286834240001213,0.675,0,2
0.79019564172586532,0.56797499618013803,-0.23020697537568449,-0.53039221253051327,0.82198308413145749,0.20743170029849625,0.30704225879255737,-0.041811638522190935,0.95077696553905588,-15.000659372802305,-16.853196531052266,-3.1621986058659228,,0.1485771700977581,0.5510204081632653,0,5
0.049031938570446194,-0.8501737384779029,-0.52421415795696591,0.98905349222244932,-0.031803439412271331,0.14408931523235105,-0.13917276501744805,-0.52554082205291808,0.83930792074979377,12.329189369319682,9.3435717702289054,0.13562625092119127,,0.5416622646394849,0.4339622641509434,0,4
-0.41833272933805626,0.89613832545630911,-0.14810074008233456,-0.90777599340062343,-0.4069936810102977,0.10148344408424347,0.030667138276734229,0.17689614259799619,0.98375163601585236,6.4482458152994964,16.709685095982614,-2.0079922258286711,,0.1513363755157903,0.3181818181818182,0,5
-0.8903499227895928,-0.35011498193645529,-0.29102665584478943,0.33824462250571047,-0.93655947554813435,0.091907149378996397,-0.30474184211318167,-0.016608677991919094,0.95229016664083332,-18.234680899636121,15.784435153599134,-7.82124652227641,,0.07275191339272405,0.2142857142857143,0,4
-0.83309975570782402,-0.44670263980548025,-0.32619250241288611,0.46062491590520804,-0.88678286388826622,0.037958387234524209,-0.30621803324899971,-0.11862927086069985,0.94454095316623266,0.89726547715340255,16.755829086101862,-3.2248101503002577,,0.08361215798780332,0.3333333333333333,0,4
-0.93238721363547516,-0.16687913821138461,-0.32063286961710541,0.20671132248157117,-0.97385188525866273,-0.094249322204819214,-0.29652067888596584,-0.1541553074271966,0.94250285314423976,13.380352940712076,5.9936466952518224,0.75009251096414709,,0.1201545721648806,0.2678571428571428,0,5
0.65311364396458593,-0.68397451412961485,-0.32499451085896358,0.75425638353196156,0.62575381283576115,0.19882020426202607,0.067378601711419475,-0.37498137252757591,0.92458049638133166,-8.5050496390467352,19.117887857566565,-5.8061249721389805,,0.09304854691869081,0.28,0,2
0.96032187083779819,0.12118935091370026,-0.25118727200180307,-0.070156898928815173,0.97666455818352338,0.202988547265297,0.26992575631696175,-0.17731182141442153,0.94641460473907379,-27.156274255522415,-16.102962486152627,-6.1872142722314969,,0.2831571510971892,0.5,0,3
-0.90825919705598157,-0.30021575374160248,-0.29143735547898991,0.28715513134031873,-0.95386271995659733,0.087680339996649578,-0.3043142479545608,-0.0040512568870920947,0.95256308232551568,-2.6946366622868743,12.769894531887696,-3.5511349195749999,0.3512639266055307,0.2998758643590103,0.5286624203821656,1,3
-0.58678922966473868,0.78288503420049516,-0.20680769611973573,-0.80883652602804801,-0.57875535400041922,0.10404669326186838,-0.038234462365022454,0.22832709747364618,0.97283341968032699,29.397647821471942,0.23072887429742656,4.506558451708778,,0.1199157866422846,0.1538461538461539,0,4
-0.95217574839985919,-0.060334734297652855,-0.29953474589169121,0.080979023548106724,-0.99508565988620357,-0.056981814941567052,-0.29462474761018209,-0.078512733528208298,0.95238228079357201,-10.077531012169834,-25.470583321359094,-0.95696432276203691,,0.2212538972572403,0.4,0,4
0.43879667127936156,0.86732401401715353,-0.23496071157392404,-0.86134175054465267,0.48047592069383349,0.16502508416021769,0.25602318262771789,0.12996901300920086,0.95789361915329052,-10.94940899542074,-19.061113592442311,-2.0662373876836,,0.07165709566018033,0.1904761904761905,0,1
-0.35341630247176509,0.93069635394026951,-0.094346244808550098,-0.93299578400120375,-0.34336102686667702,0.10780571536352421,0.067939562724275912,0.12612494595182275,0.98968515893969289,-18.288072670677526,21.112153515046501,-8.6966477527036847,,0.7759993637081615,0.2435897435897436,0,2
0.9426079583334982,-0.19665383815671506,-0.26984718791305884,0.24726511431658946,0.95421373914348828,0.16833331004826776,0.22438850266525914,-0.22539611347145019,0.94807509824043368,-13.782265775505495,21.737041120406769,-7.6129885093885692,,0.1175351374506364,0.5555555555555556,1,3
0.75555934894352428,0.62228764289293848,-0.20466597110117787,-0.58125138265551624,0.78093765962739603,0.22865520317004817,0.30212067189301722,-0.053800197754617342,0.95175030251451775,-24.691463092875082,-15.96888190406789,-5.613600558698435,,0.1104659205927531,0.2777777777777778,0,1
0.9103765649731812,0.35006835243322693,-0.22060520975787862,-0.2525042264101488,0.89237227276167863,0.37404991973153678,0.3278050115429047,-0.2848225332217289,0.90078854287591503,-11.470953844240633,-22.437075318390882,-1.6861304352919986,,0.3776290568460674,0.4117647058823529,0,5
0.51306894302328543,-0.7965547214976394,-0.31978248132877207,0.85834726574011766,0.47634154147703334,0.19062714198074548,0.00048073010313418735,-0.37228928472775258,0.92811661841358406,16.52254546574466,18.867152361805022,-0.086477836245978199,0.225035249124817,0.2050905263914285,0.4,1,4
-0.75227565758347559,-0.55824620386369361,-0.34991786304663697,0.58032857572773822,-0.8128929240742595,0.049232491139644466,-0.31192960616325627,-0.16603093043699998,0.93548578339655197,8.8588341245844422,11.020937958166162,-0.77372110682470863,,0.1269367017803241,0.2195121951219512,1,5
0.95131601452069625,-0.093421297273544243,-0.29371806504228964,0.19628185718385999,0.91836222513455279,0.3436338981916191,0.2376368512182262,-0.38455595777681217,0.89198959763073793,-31.554513612001237,-14.943605381999426,-7.3405360590362632,,0.1212900979493166,0.3571428571428572,0,1
-0.26417844752096031,-0.86173751548084287,-0.43314916862244857,0.93394542460498575,-0.34066647063906891,0.10813093748660695,-0.2407398839511796,-0.37597182101219156,0.894812549129676,5.0992344289446772,16.222306337517626,-2.2724487554795445,,0.4743850354891078,0.4,0,5
-0.34448650150993587,-0.87697691978556191,-0.33502318194547764,0.90650184208165707,-0.4035252470072429,0.12418448103650465,-0.24409723591226373,-0.26091925415954109,0.93399019386116777,-1.5544822713625486,-22.856008117617744,0.62470080495061808,0.2844761471165732,0.1224976475563784,0.3461538461538461,1,5
-0.77281246591598685,-0.5130592948216276,-0.37353855560301219,0.55569817724485371,-0.83134735742221788,-0.0078171039292957607,-0.30652965326636461,-0.21361584984318993,0.9275817162731127,23.419026078627248,7.8584764518648491,2.5420434105218086,,0.2538619583115624,0.3529411764705883,0,3
0.96058314330661254,-0.018869018780144957,-0.27735173503236343,0.11613015627675125,0.93370607658750582,0.33868384866524753,0.25257436845080916,-0.35754289627098101,0.8990935800726384,10.983726254108005,25.655836140732344,-1.9825803466444154,,0.4798572491709089,0.4210526315789473,0,1
0.38924362146471936,-0.74768900972431296,-0.53800608536196548,0.92057838635466083,0.29546110632602313,0.25541763687194985,-0.032013086787733153,-0.5946964598735045,0.80331269309543629,-17.438508513133112,-19.199098411456841,-3.4994919095975372,,0.1084180531092746,0.3529411764705883,0,1
-0.64444698209165363,0.74840257433447932,-0.15678543938288009,-0.76166649317728208,-0.64638654383190708,0.045261342490720752,-0.067470293047976845,0.14858675136957936,0.98659502171532076,-18.952959743054375,17.15850698034745,-8.2850741175461025,,0.1017296545909606,0.1578947368421053,0,3
-0.25752968189268627,0.95712287844084565,-0.1326433507921182,-0.96521086777145404,-0.24838528472182844,0.081686786382695831,0.045237635660230667,0.14906557583414526,0.98779198742503804,6.1159808690955551,13.345555679756952,-1.7435508623943288,,0.204307106016838,0.303030303030303,0,4
0.95890151998457329,0.096407110936396964,-0.26685865909160905,-0.038689464701182855,0.97614880729069953,0.21362731881966834,0.28108895441196236,-0.19452294205527923,0.93976051455769738,-23.897285535448479,-18.821266830914301,-5.1012103236610677,0.4945651401999036,0.5158676988598482,0.7323943661971831,1,4
-0.61135301693635125,0.78105454008185971,-0.12728430421830045,-0.78973583984761575,-0.61244965798210294,0.034967409080273931,-0.050643774967940328,0.12189840792693166,0.99124970930733569,25.139253570872938,2.8031180408835961,3.4675871751153631,,0.6761584889201377,0.35,0,1
0.50364492635368052,0.83626154558554111,-0.21681424199779442,-0.82187244678627502,0.54113721906016687,0.17803424210350982,0.26620944643595601,0.088527608816183212,0.95984133746445388,-20.559112992404053,-21.268884676832496,-4.0079954374037623,,0.1054920508048946,0.2222222222222222,0,2
-0.81510407602413981,0.54895732161395405,-0.18507080886857094,-0.55887753903652326,-0.82924838298185433,0.0017365720426365861,-0.15251636505409077,0.10484740515822819,0.98272365394462446,10.186323688925457,19.001989391020679,-1.4392391985059336,0.3704032573205966,0.4262367308723712,0.6590909090909091,1,5
0.023207473580498097,0.99874995691441182,0.044271172713978624,-0.98710781446064233,0.015877174822846511,0.15926731601423627,0.15836532385830021,-0.047396612569942403,0.9862423562776802,9.5096843172725691,7.1483479408123216,-0.25119604432027109,1.323041969935028,0.7947850030275316,0.2905027932960894,1,1
-0.3124940197279315,-0.84203323021258725,-0.43969026240301673,0.92163483986810801,-0.38086651173321034,0.074363446541038353,-0.23007978958518857,-0.38199573225093875,0.89506566852187086,8.6975575339979034,8.6824343527316366,-0.64041638193922845,,0.0851975405531247,0.375,1,5
-0.95248833077924799,-0.081017833774944786,-0.29360192495924964,0.06666547235104274,-0.99605409258034894,0.058582927975219322,-0.29718966086587489,0.036226444268693758,0.95413099216516062,19.745172099219879,5.8631193378116642,1.9545181960679465,0.2746662227690406,0.2385989419481261,0.1153846153846154,1,5
-0.9003630166632548,-0.27674216936238427,-0.33579787063298233,0.30450720085832372,-0.95197537794069187,-0.031909942339428253,-0.31084047814027083,-0.13098340158691316,0.9413934064238233,23.69628527984035,1.2380391181279109,3.290977226520404,,0.1559857997990031,0.1,0,5
0.52133191243948984,0.84537064386004168,-0.11645390320570408,-0.81065138799046677,0.53323936527813331,0.24186795254209315,0.26656587219918992,-0.031689963985981846,0.96329558390000614,-7.7915547389101816,-24.285201976805336,-0.6205223892121513,0.4011061719454173,0.5569498704547311,0.7848101265822784,1,5
-0.76157776475914196,-0.46743581328235945,-0.44889093183704204,0.57310999182570765,-0.80914035387077088,-0.12975679175835395,-0.3025627959515283,-0.35608376570540617,0.88411543720661911,-22.592878405957858,-20.419932369061783,-4.6169606243494359,,0.3188722014636061,0.1904761904761905,0,1
-0.30836221774034434,-0.83151943488983338,-0.46204780279831154,0.92343932264779138,-0.37828631159054976,0.064492510038028458,-0.22841313460053936,-0.40678605662400541,0.88450694970601951,7.6283088848868035,-23.771565068913137,2.660945858856314,0.8052604355670268,0.4498397420289912,0.631578947368421,1,2
0.69618374204779521,0.70528182759379721,-0.13381233491080161,-0.6237737115458033,0.68659027902961201,0.37349718275565519,0.35529502401905427,-0.17655404953722073,0.91792925299246642,-5.7576922948118696,-26.713751000151003,0.0714498668711573,,0.3044734475213811,0.25,0,2
0.76858117258614911,0.61735346722365336,-0.16780249596782831,-0.56342426190774964,0.77742964079968668,0.27956440170339514,0.30304468686945685,-0.12032393823758901,0.94534970653572936,-26.226524425717415,-14.99214231483684,-6.097694522721758,,0.2440413622762256,0.2894736842105263,0,1
-0.6840862744493148,0.68850763974116613,-0.24079700813778074,-0.72288174719801601,-0.68400171210936778,0.097896054054278522,-0.097303384720170374,0.24103710886397378,0.96562578852912617,-4.0599871008694235,19.197339077947269,-4.6686499016706788,0.2739733689611518,0.1866015797532958,0.6972477064220184,1,5
-0.1989583914236073,-0.87549845579496077,-0.44036122942735045,0.95845393981740135,-0.26755418429398264,0.098897945960880793,-0.20440548850417486,-0.40238937904400324,0.89235709438651845,28.265221577389244,7.9228437709035999,3.6092803441596648,,0.3787280751441521,0.3181818181818182,0,8
0.36843395263433165,0.9046630299569417,-0.21410563928904322,-0.89557277493359699,0.40717357750738525,0.17932953626654824,0.24941096075349412,0.12567609163625401,0.96020815068768095,-14.978329817083848,-18.00287656397445,-3.0749366614184432,,0.1563211967646643,0.5918367346938775,0,5
0.8087296970289739,0.55406339668640192,-0.19740828147712156,-0.49765124993473631,0.8234689326850767,0.27247412783766267,0.31352752763006081,-0.12211744082982916,0.94169412234724847,7.6615848349099851,14.654166454040663,-1.5588773063545909,,0.3334810845259373,0.2307692307692308,0,3
0.30333868597353963,-0.8643832762488709,-0.40103265868643878,0.9509367751570007,0.24772030856158023,0.18534804660464835,-0.060867817817378898,-0.43757993608873674,0.89711699810377432,-4.6408925279709479,-26.634326174984874,0.2647076149307549,,0.2000952701297794,0.1428571428571428,0,1
0.81981401354875305,-0.49698168395773618,-0.28445419490599461,0.55530053306795635,0.81126095082532113,0.18302182285301216,0.13980808690318391,-0.30800142122485197,0.94105729015822592,-7.5327791784465612,16.963282956462045,-5.2817282441830624,0.3172164251515141,0.5884605033257231,0.968421052631579,1,4
-0.94801234338590479,-0.16349504800724016,-0.27302374633917409,0.13464257275731673,-0.9834302856583127,0.12139296046848388,-0.28834696875337201,0.078321405293332397,0.95431744356038173,5.1968432049182596,11.606588139746535,-1.7131358226692261,0.5048694693950952,0.4528162123382624,0.9236641221374046,1,5
0.95317618006732818,0.16645172218049856,-0.25248563114641082,-0.10927368055243201,0.96805668386345056,0.22566683310983812,0.28198303582091655,-0.18751021574955479,0.94091736433056372,-9.2025273762803046,-19.559974679989399,-1.4764001230553472,,0.1071990822299611,0.3043478260869565,1,5
-0.94714017397786721,-0.14997195500587834,-0.28360871557286504,0.14227776506869791,-0.98867864558060992,0.04766102537658639,-0.28754569794074791,0.0047904576614323322,0.95775493896464092,0.30900826135542447,15.035332652418523,-3.2084886993865704,,0.07998005351869351,0.2222222222222222,0,7
-0.72993191794964685,-0.61273205058969227,-0.30291719881594764,0.61411849676602637,-0.78247214719602098,0.10293595480824272,-0.30009642964918087,-0.1108908158622665,0.94744148097347713,-9.4707250849500948,16.577454023877504,-5.729876847552835,,0.0826195863463465,0.3095238095238095,0,5
-0.58746425110527523,0.79311095969782186,-0.16081280819797236,-0.808248711027299,-0.58491864055806198,0.067854292792854168,-0.040246425878924734,0.16983871624252347,0.98464970201034652,11.770949708893189,11.108918655639776,-0.18475827590543684,,0.1080569688392031,0.2380952380952381,0,3
0.11246734619630511,0.96708370761497942,-0.22825467904344166,-0.9768605984971519,0.1496655061197921,0.15278614918143543,0.18191884768584532,0.20578954964616292,0.96153845170803398,-14.918357510460382,-22.435174766387899,-2.5836970560764967,,0.07154151409564986,0.1764705882352941,0,1
-0.59684241250112224,-0.68803043299913158,-0.41278718234323697,0.74198925675994032,-0.66907138334808525,0.042372477358683776,-0.30533764506308869,-0.28099396301648216,0.90984136818217975,1.1400451776847214,-23.412231735905245,1.3694333131519718,1.005541186906337,0.5670915616556227,0.6515151515151515,1,4
0.81871883507911558,0.52514294815198814,-0.23221617750047871,-0.48288010587345764,0.84852458074016701,0.21640896291827166,0.31068677544809331,-0.065045521644166202,0.94828413868191674,8.9484577134955785,19.895945199141941,-1.8382708562079422,,0.0912590064390395,0.1764705882352941,0,2
-0.28125372550851829,0.95193992960351348,-0.12127123448714665,-0.95895260761065848,-0.2740414678170755,0.072877776265338465,0.036141918104840472,0.13679051262101552,0.98994046154937165,-17.553124579200237,-27.836454757562379,-2.5997676350146968,,0.2420653901551647,0.391304347826087,0,3
0.85360897669473212,-0.33348121313426043,-0.40017745487805045,0.49433006669282836,0.76085879757237651,0.42039466614144994,0.16428481387406424,-0.5566724087317596,0.81432568993440513,12.826383701515777,17.363447850766072,-0.72520230055857859,,0.5496994858137674,0.15,0,1
0.59521924364602108,0.77780497168186691,-0.20182536515619395,-0.75247973969732485,0.6276359782111941,0.19961793556673729,0.28193668320831772,0.033053061610836675,0.95886349486235301,-18.59261515399788,-19.463919556033694,-3.7450272440010024,,0.3702295364601705,0.4166666666666667,0,5
0.88404177432133468,-0.28206366556617418,-0.37270662701669283,0.42838008183219495,0.80792269464507138,0.40466211209710468,0.18697766375754238,-0.51739830695975531,0.83506786862562943,-2.2781678543442783,-26.365104880818897,0.8710843045996336,,0.4256820537506686,0.4117647058823529,0,3
-0.29828289780988537,-0.83749945935983627,-0.45784491746236405,0.9250265410870967,-0.37188884163127134,0.077618217929769889,-0.23527263155449973,-0.40036651338758683,0.88563730939888041,-14.211259523359415,-24.500139157127322,-2.1025051307571276,,0.2123655785429575,0.25,0,2
-0.5324547314962722,-0.72633524751897338,-0.43465971416590299,0.80117913957497533,-0.59815086071703816,0.018097904115370652,-0.27313722781256877,-0.33860398112694784,0.90041290458758272,-20.218705208843652,18.295213934803275,-8.8434891101016557,,0.6804943107366378,0.3863636363636364,0,1
0.78894938046416307,0.58051534631746338,-0.20139713939162335,-0.53329992704316564,0.8097208409659874,0.2448333055797122,0.30520495225498534,-0.085756005009852199,0.94841754766757824,-1.8741315271368058,-25.069486543146148,0.79927387604985811,0.1158218014682555,0.1070728153476695,0.15,1,5
-0.95183381043991266,0.15731990902191093,-0.26317834927815437,-0.19337628340017399,-0.97411308445507505,0.117086770011626,-0.23794539357123953,0.16233959750707,0.95761570828776132,7.903554059992552,12.552111341309509,-1.1999619068582326,,0.07272584670780302,0.34375,0,5
-0.93274532328572213,0.27276239412699887,-0.23576861164862645,-0.29545320158572258,-0.9530558549301873,0.066271736479709728,-0.2066242182353257,0.13147324341248054,0.9695469141332167,20.806296396576961,4.8273010379266337,2.280659221606733,,0.1180390253718068,0.2727272727272727,0,4
0.55942954856557514,0.79968541151427663,-0.21804087415656237,-0.77156639153268347,0.59852475087992818,0.21553056869352161,0.30285951140578327,0.047658841733312245,0.95184281851348163,0.4628747723801715,20.024619870728419,-3.7070943438791941,0.6184505293353083,0.422966537407035,0.8118811881188119,1,6
0.32174086313782541,-0.86881065188279372,-0.37636533868346883,0.94473027453194536,0.26813188445904163,0.18865312326923811,-0.062988295501007888,-0.41626114845303319,0.90706070961013396,-3.2850789743006552,21.300222865901382,-4.7604673991604374,,0.330354065723328,0.4375,0,3
0.95775656639551154,-0.058040375271485228,-0.28166234104797366,0.13258541654005523,0.95823733637624164,0.25338175643772293,0.25519299921271327,-0.28002235984454998,0.92545340841120138,-1.3152522415442152,-26.098720454161082,1.0370205330705953,,0.3779701721059763,0.2,0,4
0.9494516984457233,0.20856644533097793,-0.23460927134393642,-0.12446495534383861,0.93623148191352523,0.32860171509787045,0.28818387742861129,-0.2827908240307771,0.914865783945496,-20.016156741299536,-18.92442527548231,-4.121329720194848,,0.1148375686889372,0.3846153846153846,0,2
0.83441253007490224,0.52595630780674407,-0.16469879153259712,-0.46846798569914144,0.83426094511907678,0.29076867407617024,0.29033338772691919,-0.16546491388606338,0.94251147804347113,-16.69665027692016,-19.901578451238535,-3.2436745078170488,,0.419327878451952,0.417910447761194,0,5
0.33483481253569958,-0.83185546280501377,-0.4426083339880057,0.93990189138059277,0.26152307270027864,0.21952247498738717,-0.066858678519440717,-0.4895121770159146,0.86942955186706961,-12.549308904465086,15.082344658916547,-6.3079854797474395,0.7666086230163336,0.5109200006443075,0.6153846153846154,1,5
-0.7255929885083312,-0.52854087013173012,-0.44063518201335428,0.56364389396119641,-0.82383333305138318,0.060034991077771903,-0.39474089708036081,-0.20480036121511611,0.89567652432022027,-10.092242787072578,18.175075019001,-6.143300211862174,,0.215043006129801,0.3103448275862069,0,4
-0.89647600445819842,-0.33634083542905541,-0.28845383660743484,0.33378370131438362,-0.94076442336136246,0.05958809003847336,-0.29140901524752799,-0.042861896370178086,0.95563782034409772,18.216966635047662,12.816682793297449,1.0072930082474376,0.3532346779651583,0.2432732495032765,0.4347826086956522,1,5
-0.1826567789830004,0.97949141553452201,-0.085047445497988289,-0.97817627414977903,-0.17233332569173876,0.11607067479118521,0.099033720429009958,0.10439248895491969,0.98959311359153368,10.625585097104052,22.511141013734935,-1.7303375502318303,,0.2264766991722389,0.1333333333333333,0,1
0.30356222165321417,0.94559443073069016,-0.11705191222729247,-0.92300297635016448,0.32232597456102469,0.21017010199365233,0.23646454963419236,0.044239560286993336,0.97063246291884941,-18.535109891482282,-20.928227923300096,-3.5859214778151158,,0.2910199761686519,0.3333333333333333,0,4
-0.74851852287099008,-0.54195809472205325,-0.38210135368024134,0.59421717708419275,-0.80395404143694305,-0.023745435672970366,-0.2943228964540886,-0.24482508617878157,0.92381530069620987,12.288372355957867,5.3030529146706495,0.59666469861181604,,0.1033131733563357,0.275,0,5
0.086720107513134068,0.99033660157139802,-0.10822679215852116,-0.98069544854931612,0.10397392965745604,0.165607545559499,0.17525997873891691,0.091776018325048378,0.98023522805132568,-28.093045639413333,-14.878629069209293,-6.5693746396636552,,0.1166575465958036,0.3333333333333333,0,1
0.23937989983343316,0.95465649966555399,-0.17699782824105054,-0.94043506374798891,0.27330369546251704,0.20220529399560455,0.2414107587268069,0.11805108086267006,0.96321585736433157,15.819206844244299,9.3456015551549037,0.91774369932555444,0.4131648093365202,0.3608513924975676,0.4411764705882353,1,6
-0.90138575261058218,-0.26004512920398626,-0.34623728246382857,0.31672340305846952,-0.94119230054620728,-0.11765772115590575,-0.29527954711716348,-0.2157164439022225,0.93073970844939435,-0.82533313008863562,13.916899810614231,-3.3234121191740678,0.7045244329545507,0.4567086175553801,0.2285714285714286,1,5
-0.96095880183425442,0.15558503325858683,-0.2288044549461391,-0.16037672575914505,-0.9870530063475631,0.0023808601417459755,-0.22547169891596439,0.038982817832514643,0.97346949253779258,14.40515647959635,5.1746945050051378,1.0143575638967788,,0.09515279451211694,0.35,0,6
0.66715275283097852,0.73650138967646017,-0.11168217133764061,-0.68407172402218719,0.66507944241463268,0.29952497670604,0.2948780778277012,-0.1234302972615882,0.94752935623892753,12.564229179462188,-28.449960354757319,4.0519195220369069,,0.1550875389701732,0.3529411764705883,0,4
-0.86222605668715158,0.4462791457259398,-0.23958537363505694,-0.47650993630742405,-0.87506144361862515,0.084886692080574269,-0.17176876249778097,0.18735632890888129,0.96715722519545322,11.644072584616776,13.387436039328017,-0.46739152097016351,0.234692515159234,0.1148445738801936,0.3809523809523809,1,5
0.6216403018817811,-0.69567589870097235,-0.35999774866368767,0.78193212156610925,0.57830933427732711,0.23268105026159677,0.046319459619611196,-0.42613772169840891,0.90347172053487024,-9.0461929401315029,-28.026114636050281,-0.53319780199082067,,0.2169450273453868,0.2,0,2
-0.55469240547004106,0.81680622120083235,-0.15856838373860838,-0.83071320351822253,-0.55446856803987399,0.049801411187859336,-0.047243082185119183,0.15934931459980248,0.98609121643092534,5.2397888975285518,26.294714471262825,-3.3283563302381123,0.2929913989048441,0.2284277001247329,0.375,1,5
-0.82279524412235605,-0.48869072815714631,-0.29015402541214325,0.48010402454980516,-0.87086686970535487,0.10531391579785135,-0.30415146203941346,-0.052652326281322034,0.95116750400571026,5.0840791275502379,14.832845090467499,-2.1180520912383489,,0.06824213788545741,0.28125,0,5
-0.96107121609249879,0.12385634939914004,-0.24698526739868973,-0.08934253310572797,-0.9851838460873612,-0.14639228527065642,-0.26145750969657755,-0.11862712220243539,0.95789747703041361,13.462737613487683,13.229076467016579,-0.14520777393259257,,0.2243403340617601,0.2380952380952381,0,5
-0.95874397318516691,0.1026675678675176,-0.26508369317875219,-0.11033958220535199,-0.99379288290581302,0.014173301820676458,-0.26198314922885113,0.042837791655503152,0.96412123362480295,3.1794368529210559,-24.499490392603338,1.8780746880435348,,0.159596313268186,0.3181818181818182,0,5
-0.55970073982405011,0.81494725145062485,-0.15031985628480102,-0.82814455233755879,-0.55665936025248286,0.065627411017967138,-0.030194076803829725,0.16121828058991586,0.98645678249459889,-3.3972938938818862,28.077961157330638,-5.8434213057883611,,0.1986796653004878,0.3684210526315789,0,1
0.65090768788473152,0.73505732023657178,-0.18976279355864886,-0.70112905317833663,0.67791883400019881,0.22100702544729151,0.29109660362464157,-0.010806964163927011,0.95663262378185598,-26.03077260279175,-13.116040218588751,-6.2805625088980017,,0.09966238651202967,0.125,0,1
-0.54946352948493093,0.82707641702019052,-0.1184670003629915,-0.83445547024942079,-0.55036820477491977,0.027908911545398103,-0.042117667750948121,0.11419036553875553,0.99256569680870266,-4.6673747217446344,27.230189904257141,-6.0302844180686908,,0.3295131350633371,0.4782608695652174,0,3
0.059813742487334023,0.98995250945801405,-0.12812628624697062,-0.98359834585006234,0.080331770209683406,0.16149644186792741,0.17016641928030668,0.11636509662592275,0.97852059458989404,-12.50692930491269,-18.619521817912595,-2.4502324708611907,,0.4351771467435617,0.282051282051282,0,3
0.59665802684728964,0.77465576983952067,-0.20954149291497681,-0.74862852587765127,0.6313504455987865,0.2023658693665196,0.28905800324667075,0.036125518633677398,0.95662971815770725,3.8190739803499185,-25.805719921862497,2.0997559594258726,,0.1585426033580237,0.6,0,4
-0.95497948778679609,0.19856203640819203,-0.22042526081168687,-0.17077277688561909,-0.97547665742987499,-0.13885945946968414,-0.24259191367653393,-0.094965301594161722,0.96546918900184864,-0.89887997619405136,-35.916168865732075,1.8963543421433224,,0.3194198501423957,0.2272727272727273,0,1
-0.68693451184447685,0.71613124751354607,-0.12360021347748833,-0.72365458764674429,-0.68967485259672234,0.025935216858703779,-0.066670939807452312,0.10725965704951568,0.99199312082030577,29.908513668012546,4.9462322230488907,4.2244656215416629,,0.3400450247451667,0.4,0,5
0.79237996238485087,0.60504683061447051,-0.077796709277230022,-0.53057926505340747,0.74648712269625694,0.4015502697596518,0.30103095971405969,-0.27690306681589355,0.91252674091315533,-21.383359178218655,-17.364577807202942,-4.6317641340604014,,0.4877298143039369,0.1904761904761905,0,2
0.11886961489514423,0.99128081585801353,-0.056853836867461906,-0.97521048686787914,0.12732241063313424,0.18097930835728929,0.18664008400554086,0.033931517243403798,0.9818422129751635,-1.761412441010596,15.457123288219368,-3.7061630281118312,,0.1925514816677312,0.2727272727272727,0,4
-0.96195339056849249,0.061866454062854667,-0.26611692211407684,-0.065760185758978684,-0.99781896394564196,0.0057369991624240764,-0.26518158371713052,0.023018624027811747,0.96392368505247383,-16.678078940859333,17.907303355860027,-7.7994991258153759,,0.5747419700604666,0.5,0,3
-0.43929898817652574,-0.81366392688033728,-0.38074586416762207,0.85788230956311806,-0.50573277159949726,0.090952221902164856,-0.26656020319194457,-0.28667992225469702,0.92019578365166932,-2.831131975076004,18.344768815120986,-4.2790267996640212,0.4393461351766051,0.3997105738826283,0.7636363636363637,1,3
-0.96316369577809757,0.044698671959417992,-0.26517489296715097,-0.018766579779047585,-0.99485732756615164,-0.099532473451286005,-0.26826015473504861,-0.090889639195007588,0.95904930158388058,-6.6390241518593971,15.901446027877324,-4.9658551987235136,,0.3630137154197939,0.1525423728813559,1,2
0.55246706639500687,0.83255762858502391,-0.040347684366974113,-0.78634206925448458,0.53663325087656832,0.30608969955590198,0.27648922342375509,-0.13737739675262503,0.95114728627694756,-15.472214121521402,24.993974855656006,-8.5438272292924839,,0.4837577412508275,0.1666666666666667,0,1
-0.92507017512079825,-0.2609328838594458,-0.27596956575457415,0.23632176266136906,-0.96428868684991931,0.11957990176397611,-0.29731665879092412,0.045402186445715725,0.95369882346123824,-0.41495641150526108,-25.147790923507436,1.1662034200469407,,0.09448021127706818,0.4545454545454545,0,2
0.52749250538555192,0.84697210130445266,-0.066256444018625502,-0.80474264947254548,0.52313961547303711,0.28056052973044965,0.27228831205540377,-0.094674190435634631,0.95754679926538133,-12.261250283048538,20.785751745433064,-7.0222378866781181,,0.2476852437079502,0.2058823529411765,0,1
-0.14418648443747251,0.97715000548800524,-0.15616697627972703,-0.98587749608135111,-0.12826622508711891,0.10767236517447376,0.085181103690473339,0.16948640735082804,0.98184445677377108,-12.760701422667458,-22.970767893046332,-1.9547699851332798,,0.1834683960920217,0.2173913043478261,0,3
0.9574539744453594,0.13895465021954359,-0.25292981635455625,-0.059444886365610211,0.95261272573469069,0.29832080090617752,0.28239722432022035,-0.27059305229567115,0.92034298375418089,10.3042138794775,8.9047195442167553,-0.24909356038702907,,0.4534320351415595,0.2340425531914894,0,2
0.6065394942784218,0.77444760022720194,-0.17983535910049089,-0.7369878552214838,0.63252482285114053,0.23824619563209978,0.29825952312794962,-0.011969251415995717,0.95440976204355077,5.723390583720203,-28.958013819694774,2.6533741039146412,,0.299988245370603,0.4166666666666667,0,5
-0.55490731404854765,-0.68349947232739749,-0.47424291680909231,0.78448062174561173,-0.61965569544845778,-0.024838945305843598,-0.2768899184171299,-0.38581769066031357,0.88004356861038302,-14.500059971340976,-14.635160795778605,-3.3686688966239302,,0.2561948431169743,0.303030303030303,0,1
