axis_00,axis_01,axis_02,axis_10,axis_11,axis_12,axis_20,axis_21,axis_22,location_x,location_y,location_z,dbh,dbh_approximation,score,reconstructed,number_clusters
-0.66083126994139907,0.73089936748464868,-0.17055247661109499,-0.74905298123066399,-0.65654364130287313,0.08871346219271678,-0.047134530623441438,0.18637747094352511,0.98134691844811117,-24.113858832356094,1.519830762415098,-8.5314254447396074,,0.1003405403038188,0.3333333333333333,0,1
0.82430839630601871,0.53982103474041609,-0.17061335888840962,-0.49555681681333169,0.83371214213276157,0.24361343429753457,0.27375008509448323,-0.11626398630783162,0.95474791248715241,24.119973933469335,3.2687573118079096,1.6184329118445349,,0.2195823467430843,0.2916666666666667,0,5
-0.46481929749455497,-0.81533649243753259,-0.34520924781403217,0.84127689876904654,-0.52825393144199717,0.11489544600901196,-0.27603659227393079,-0.23701094492815167,0.93146637712268565,-7.328802381349381,12.944872575613196,-6.9715130793124169,,0.1655810565001246,0.4166666666666667,0,4
0.72967611703889312,0.6724011805278417,-0.12429568233775123,-0.63490661896939926,0.73371770186261698,0.24197503830413036,0.25390224381026777,-0.097647254944539297,0.96228824381777989,-13.153057277280643,4.6365604883683904,-6.6698785234847797,,0.1092762788845263,0.35,0,3
-0.38099275592861254,-0.89441646930391594,-0.23423001380659172,0.89872804079047586,-0.4177455350634145,0.13332882895868059,-0.21710004289919455,-0.15971176341302207,0.96299518378892712,-1.6214323751705395,8.0509682524620061,-4.8354534760514873,,0.3114184462149776,0.8163265306122449,1,2
-0.83628582814824093,-0.47820306370880461,-0.26823095178954298,0.48433587294765368,-0.87359726094182788,0.047398184047185161,-0.2569917816087619,-0.090275442587945315,0.96218790714241764,-9.4157719765125325,-15.135459141183992,-2.5360561010522695,,0.1201441588986765,0.25,0,2
-0.9396848163062963,-0.23391269332551889,-0.24955419833095074,0.22783188503428328,-0.97223472017864265,0.053406750892388721,-0.25511777312670109,-0.0066708905221294435,0.96688697429147064,-2.9989883296186584,-9.4217509143774549,-2.0810036391948823,,0.09572743985791569,0.4090909090909091,0,5
-0.94940295768125127,0.2534085354371754,-0.18552126054357643,-0.25485261325811281,-0.96684034939485641,-0.016428155634233547,-0.18353247522333072,0.031683638516080338,0.98250291479912666,-17.260709029800626,-0.6895318878713822,-6.6943464232905976,,0.0812823915023493,0.1948051948051948,0,3
-0.084010797013937488,0.98621789642278623,-0.14253577361664102,-0.98872919846864726,-0.064712487691764298,0.13500691105379334,0.12392238732620749,0.15227131940110913,0.98053897791327826,-8.7391565603890964,6.9061861550609622,-6.1373138355988637,0.2179615075152163,0.1183812927308401,0.2,1,4
-0.89090032848036826,-0.39240667680172031,-0.22872167521903441,0.37275673769828893,-0.91940979628908515,0.12545134908876621,-0.25951689581624604,0.026507102615952325,0.96537472221765097,-21.497264394024537,-3.8701137017561518,-7.1436490128758408,,0.06715769187710191,0.2903225806451613,0,1
0.95260062971989079,0.20608800792298235,-0.22378510506198487,-0.16577101745901324,0.96842727369218762,0.18619501964263183,0.25509215987142836,-0.14027240840398117,0.95668784951658936,-15.574864574817381,1.0756848300479864,-6.6342304960287306,,0.7824831848560146,0.9109090909090909,1,5
-0.57594386478059467,0.81513975296808427,-0.061934221176368737,-0.81696622611734593,-0.57663080074383843,0.0079438666342349848,-0.029237818064533714,0.055173388192597803,0.99804861967249647,-4.4214161864368782,16.337719061696166,-6.9317053645050732,,0.3249197111149273,0.40625,0,5
0.6386238041527087,0.75754510140063702,-0.13522224710978903,-0.72534167725003296,0.65127691438509339,0.22297495830953806,0.25698071525628385,-0.044314784586296022,0.96539997506393116,-3.582663028992437,-2.6615074018322198,-3.3902625198608485,,0.399545233537303,0.5118213660245184,1,5
0.2181402337056402,0.97583837814120389,0.012421682075870242,-0.95558405835933002,0.21099327033982626,0.20576916017911509,0.19817655221635572,-0.056756494060594909,0.97852171898920504,-3.9803315301112834,5.4493708855490439,-4.9038043948574224,,0.2547913949436612,0.2,0,3
-0.54831100841857849,0.81090928691165598,-0.204404418854953,-0.83622951230120446,-0.53418671522205852,0.12395465314685548,-0.0086741456923028863,0.23889470835641591,0.97100673402186677,-18.055754556353907,9.1836118418721462,-8.5160604794553532,,0.102578648130842,0.3333333333333333,0,1
0.27131178543519641,0.95341682871810696,-0.13185698995909845,-0.94355078956040717,0.29050918954044663,0.15911102511292347,0.19000479626551103,0.081245070679154305,0.97841576841669997,5.3531607152141198,-10.971023327299818,0.0038221224884904832,,0.1106067674914495,0.25,0,5
-0.75280453073728237,0.63636709034183558,-0.16829220074408122,-0.65268684492018436,-0.75479246359735619,0.065484497133054945,-0.085353505900785429,0.15913913166314494,0.98355961476869591,13.88280972087537,2.2452660551103971,-0.40832540378781668,0.1981542845563023,0.2126748275363695,0.28,1,5
0.80505721298575905,-0.53726675305932514,-0.2514504322459839,0.58404413938198729,0.79207750943807675,0.17749834448784954,0.10380427290413428,-0.28975447382130864,0.95145521062600769,0.6716870326892912,6.9200371758636274,-4.0704516008562406,,0.1566486477463463,0.5,1,5
-0.93780589639735734,0.27337030125837131,-0.21398312800839148,-0.29967340446053942,-0.94863318885193659,0.10144418991561485,-0.17525966832496956,0.15926001192550704,0.97155560688007381,-3.0398207800211359,-5.0404924034455432,-2.8620348872043606,,0.06704789758571042,0.2178217821782178,0,5
-0.5843926672798716,0.80677490640189031,-0.08717488646243203,-0.81145359402907713,-0.58170218090441705,0.056263997976846593,-0.0053174398737250656,0.10361864277853584,0.99460288643353723,-21.223873004234136,0.050553700368797701,-7.6957960535316232,,0.283981770866811,0.1470588235294118,0,2
0.96670645489423279,-0.060828717133580505,-0.24855280573292282,0.157077533749201,0.90785595411297515,0.38874698066080082,0.20200316447297012,-0.41484627725641143,0.88718503582364605,-17.297115213804116,4.1915873092296732,-7.4997262327203131,,0.4272539220887632,0.3181818181818182,0,1
0.67956967154388292,0.70467519782832178,-0.20400472318883645,-0.68802505524287916,0.70870115630460451,0.15609034054210072,0.25457137481612419,0.034286099488439255,0.96644600392680868,1.8707860293752225,-11.495878936992986,-0.67784719336856036,,0.06895389737877446,0.1290322580645161,0,5
-0.92761220005732337,0.30169583024766405,-0.22026173593246501,-0.33138883200147307,-0.93676096430913991,0.11251816640573327,-0.17238633452077862,0.17736550329131484,0.9689295278361103,-10.807620758523036,4.4403430918858486,-6.122969210374019,,0.1963968764310373,0.6161616161616161,1,5
-0.78308688333403564,0.58484733855494198,-0.21149119068034086,-0.61429171146014305,-0.78046550032354434,0.11627250765373903,-0.097059911299955906,0.22096876111776931,0.97043916874192782,-1.1304619376624159,-5.3992676560339712,-2.3569419625923205,,0.1220349998450092,0.5320197044334976,0,5
-0.0066219342040884348,0.97847113473719116,-0.20627745507812872,-0.99046498943792494,0.021968270854484544,0.13600183738977598,0.13760543116144716,0.20521119258407103,0.96899592968861104,7.2342189037480527,-5.5068783147990858,-0.49336674006841319,,0.5968774752326264,0.9651972157772621,1,5
0.3703429269284963,-0.82887455379434305,-0.41930071612896219,0.92548294292089928,0.29059657919358473,0.24297108989230812,-0.079545199958915486,-0.47803828532159731,0.87472964905179784,-0.053026948870092662,-10.30847830777352,-1.3389402542560345,,0.3164758685339834,0.2745098039215687,0,4
-0.65809164646251006,0.73814756252274294,-0.1485044133956854,-0.75187101909748077,-0.65474594753810378,0.077444914770093479,-0.040066887795022196,0.16262201611148702,0.98587459870830307,16.625480564801066,-4.3984942043420254,1.3809847980718926,,0.1862922800973472,0.1333333333333333,0,5
-0.51940409541822341,-0.81631793688919507,-0.25267451706839195,0.81996942208063239,-0.55935206063563447,0.1215541818096894,-0.2405608707074586,-0.14404963788790828,0.95988549801985867,5.920441737313956,-6.4147555450412401,-0.64603264486313372,,0.1317586585337074,0.4868421052631579,0,5
0.9116909670356822,0.3743620865698945,-0.16932988148752118,-0.32094201496866792,0.90616983197592393,0.27541325066993017,0.2565459094458426,-0.19674669947869855,0.94629537280430831,14.390607467203647,1.1718748908518433,-0.11356665344756726,0.8375517388748132,0.258818193836684,0.2777777777777778,1,3
0.00384650100505099,0.99989934659881874,-0.013656540604131063,-0.98977838607454927,0.0057537905184582572,0.14249786087632837,0.1425620948558132,0.012968830553439809,0.98970089347458789,19.858599615809077,0.22830610492452877,1.2602268021136276,,0.2552333935591607,0.3333333333333333,0,5
0.79185575607985736,0.59062703831914742,-0.15531955179419604,-0.55106909477925126,0.80065068334635847,0.23511983335351819,0.26322483610475306,-0.10058918860077358,0.95947615957576771,-6.6634870030999158,-14.027941440641497,-2.1515665846094989,,0.08720798243604112,0.3333333333333333,0,5
0.058919515324740754,0.99683157998014371,0.053434931161064673,-0.98425263543934827,0.049072888109772589,0.16981931952302534,0.16665905419326993,-0.062599143818872063,0.98402546046763906,1.370984500562662,-7.9583134849074186,-1.3460592339809083,,0.4342480326290352,0.1368421052631579,0,5
0.22019462588280278,0.96759750436534608,-0.1235693986320429,-0.95729311005213558,0.23868559587431298,0.16315357111884637,0.18736122378720954,0.082366594369782789,0.97883170971974642,-14.051064655683941,2.9154363867094339,-6.6278954354756996,,0.1020651122497245,0.3928571428571428,0,4
-0.95756131301043046,0.23731599960551747,-0.16357704043347351,-0.21456025633144318,-0.965851939812853,-0.14523748401406081,-0.19245838051050307,-0.10397666416549067,0.97578103336777944,-9.1095775693567003,-11.219236720887084,-3.1575454981746263,,0.5882031517370271,0.35,0,3
-0.04330850169383945,0.99467976712486816,-0.093469431117623236,-0.97896954203789566,-0.023582633063066835,0.20263882939832881,0.19935648833972511,0.10027971026199746,0.97478252460055037,2.0409729630786724,-10.273166446629634,-0.82067397209843151,,0.2061202832311643,0.3333333333333333,0,2
0.63180347869163567,0.75101952485242884,-0.19181771973302994,-0.73352026152020633,0.65928051084098738,0.16521874580257018,0.25054418822330582,0.036316405599648827,0.9674237584594696,3.2540886325014959,5.1207700488417922,-3.2414411735725452,,0.1113554095952545,0.3142857142857143,0,1
0.8732203608363267,-0.41238433981863237,-0.25966393221475131,0.46952019329251626,0.85465258903241814,0.22162973661208785,0.13052581932872231,-0.3154490582210322,0.93992281712703996,-7.2893924466208011,14.917063276324431,-7.2530543675474677,,0.2835246703973465,0.4,1,5
0.83971027047767099,-0.48246033571828478,-0.2492362054616418,0.52833881041738873,0.83190591747657339,0.16967806538913821,0.12547813778127406,-0.27416157448858869,0.9534624628232008,9.9983673754739701,-0.66848666194040962,-0.78487488316333864,,0.2097540369850593,0.6349206349206349,1,5
-0.26300469211004857,0.95358938282876915,-0.14661453162748223,-0.96163964942883018,-0.24682068706438626,0.11970268619985777,0.077959711226349843,0.17247271492416338,0.98192435861027172,-2.0676355024441606,12.658174798383158,-5.7342935876597281,,0.1342094454945646,0.1111111111111111,0,5
0.80812830076993725,-0.53972248704538928,-0.2358564955057097,0.57921308953094819,0.80091437863010262,0.15181684695570566,0.1069618923295063,-0.25929866000636814,0.95985590507544138,8.8856568662913276,1.8205835116278717,-1.3471490154223908,,0.1152417747181357,0.5714285714285714,1,5
0.90211896853600659,-0.3584256038948338,-0.24023416301632514,0.41380711570377349,0.87640373028425766,0.24633345801324089,0.12224989816132527,-0.3216326911501084,0.93893949452724801,-7.3452766632042632,-12.127871651083391,-2.6322873715049755,,0.1551267213053538,0.2,0,4
0.80622209920351351,0.57955127074909718,-0.11885390750407999,-0.53494194531176331,0.79993237765862946,0.27192886260836707,0.25267180670179301,-0.15565511795800455,0.95494944491922373,3.2167234035290937,12.083527395913778,-4.5002328103596234,,0.5084654487949567,0.1666666666666667,0,4
0.91741402101528591,-0.28050092855364017,-0.28226006292975514,0.37587915211550005,0.84369910804506187,0.38325797850651339,0.13063834448390937,-0.4577019162779547,0.87945584243098363,3.3366276321644626,-11.084910882825692,-0.41224851731488815,,0.2395460645213017,0.1379310344827586,0,3
0.96305172787001314,0.19501709018773347,-0.18574095935277912,-0.1372081621976442,0.9487430568449372,0.28471131399167893,0.23174401755585031,-0.24870654720620622,0.94044657674098653,17.661866588733535,4.9304799275634625,-0.070271912620565355,,0.1578712135094943,0.3333333333333333,0,5
-0.60336318678297318,-0.74856387761016252,-0.27496360845089018,0.75824850760939022,-0.64530744699302911,0.092938149128724598,-0.24700620547514426,-0.15241528792276163,0.95695220072070186,-19.110286341023894,4.1436046171649776,-7.9125183078413794,,0.1089982754970172,0.3666666666666666,0,2
-0.96759626742102522,-0.034347200141537942,-0.2501554179212116,0.087461425278214266,-0.97496546632777037,-0.20443296837001687,-0.2368711936078387,-0.21968752652508555,0.94637700116184542,8.322976681790422,2.8220151573398327,-1.7018570491626561,,0.1901767069051217,0.3461538461538461,0,1
0.97507683545433732,0.019111555821578932,-0.22104278634335714,0.018924271890908635,0.98548815006385915,0.16868603385317021,0.22105889915078136,-0.16866491786317803,0.9605649944633905,6.0999361312331297,-13.134137128389289,0.51767749192379586,,0.07986208094589742,0.1428571428571428,0,5
0.79498306524749107,0.56987980162824869,-0.20793974527696904,-0.5469054636525561,0.82160692167243432,0.16079950275709542,0.26248112274349522,-0.014109498789613002,0.9648339661554316,1.8506862542225084,-9.0301201270470806,-1.0808207479766534,,0.09167422254212748,0.4666666666666667,0,4
0.12873528260514108,-0.95940881469255856,-0.25092220567896045,0.98598384547375795,0.096752296402397783,0.13592221895497245,-0.10612767536017828,-0.26490322653958487,0.95841702671204809,3.2935717767232835,5.1440573397276594,-3.2461236092244472,0.2270520828235904,0.1469717240441938,0.3580246913580247,1,5
-0.82238154605397362,0.56236086350530134,-0.086248779164965816,-0.56225547874940895,-0.82649526556600661,-0.027827191975626938,-0.08693313134903366,0.025609279461693047,0.9958849308425668,-4.6601576834495013,0.86869203865330291,-4.2033474250059824,,0.5283674891688072,0.2974537037037037,0,4
-0.78258186925171702,0.60926849749857015,-0.12789650454301987,-0.61628963756259081,-0.78724640795705347,0.020740679634155233,-0.088049421073954456,0.095052570267988148,0.99157062700242915,17.702457123331452,-4.940225586359281,1.6939993729168428,,0.3451258153008457,0.3333333333333333,1,4
0.70644798450354751,-0.66509511884041383,-0.24203249386297648,0.70486720377419454,0.69205255932458642,0.15564536670212387,0.063980233153876243,-0.28055612277572201,0.95770287236628371,-15.22733560846812,4.7756737491507684,-7.1658534620028265,,0.05964208313223162,0.3478260869565217,0,1
-0.73881931795021905,0.64220104736009898,-0.20426411871194086,-0.66944958236715413,-0.73420057101978287,0.11307863716312129,-0.077351613376950554,0.22028921054790102,0.97236278807046428,-11.989503943213695,-0.42421841484764833,-5.6413584122584934,,0.0793089266854132,0.3346774193548387,0,5
-0.97108301432962718,0.022925546195093655,-0.23763879862543807,-0.035773683613132767,-0.99811360189023379,0.049894701947715454,-0.23604665395051116,0.056953112762697232,0.97007129640321144,9.987389425162414,2.2155790688467607,-1.2680098132610047,,0.135791908655352,0.35,0,2
-0.36229380947287676,-0.86784561989712294,-0.33998114012840419,0.91180002093162893,-0.40564483462204842,0.063819980989751404,-0.19329748432587532,-0.28687322665217435,0.9382642668158363,6.7125000870434022,-7.2040645492204662,-0.36300731477352599,,0.1948907777459732,0.2222222222222222,1,4
0.58404815651360853,0.80955202053478781,-0.059272902080947987,-0.77382111171695878,0.57734510257694693,0.26052546822056505,0.24512983893068829,-0.10629279645609627,0.96364578735516604,-14.449729780198814,10.237058391582858,-7.9393599393327969,,0.4017083912093318,0.44,0,2
-0.51014203314639162,0.84817921329016233,-0.14264336002683906,-0.85989751322064223,-0.49945452104194926,0.10545827690471442,0.018203647277957515,0.17645737035680184,0.9841399411021492,8.0702370992452632,-7.7313953661586243,0.045302810022681328,,0.1012327534846084,0.1428571428571428,0,4
-0.97667562208981518,0.029338165044314114,-0.21270637340546936,-0.046584152191347643,-0.99597881409930533,0.076525280985806007,-0.2096059302121191,0.084649122483199862,0.97411492139415401,10.347114914975796,2.9357768366881807,-1.2719769511420784,,0.09376854866979195,0.1363636363636364,0,4
0.028805937018885387,-0.90668820178409237,-0.42081673295865307,0.98985938668289519,-0.03270929986422378,0.13823348472116315,-0.13909929039440766,-0.42053133824713068,0.89655160529879785,10.9297064891038,7.7733881981018493,-2.0438809749501403,0.3235828686628794,0.3522341221708286,0.3076923076923077,1,5
0.32795113870520459,0.93426210509916552,-0.14000846259292302,-0.92543757362839107,0.3474898381441085,0.1510500238443418,0.18977183125731431,0.080032064588235821,0.97856094378377312,2.6119117805035326,6.3562522031166653,-3.5448529632657184,0.2163750069671784,0.1239412587793935,0.2380952380952381,1,5
0.93063364163438178,0.32496915042545821,-0.16827381356017238,-0.26631389744517614,0.91678115345941569,0.29763942059005277,0.25099389053498472,-0.23217960275049579,0.93973118442495718,-11.519677269104653,5.1449372424163675,-6.4612362668596388,,0.4996791485327601,0.8095238095238095,1,4
-0.27325865883786898,0.94392507663189718,-0.1852974772510311,-0.95919962022680205,-0.25284562540844785,0.1265115736546259,0.072565790334620073,0.21230765275250485,0.97450483152000555,-22.487029532433425,0.95176589189271332,-8.1586615065828738,,0.06643481670938942,0.2916666666666667,0,1
0.98157089536533693,0.02399682513972903,-0.1895856791925572,0.049792986113391821,0.92569826334122196,0.37497117726694257,0.18449725175622941,-0.37750083129744044,0.90744359960503318,-10.953210518282424,5.883392804319393,-6.4804946403810231,,0.5075415278031636,0.1219512195121951,1,4
0.10231942635884539,-0.89219243924131364,-0.43991293041945234,0.98851648906483336,0.041758283541026064,0.14522877332898268,-0.11120200464258982,-0.44972091025028005,0.88621962122666165,-0.41232965988708115,-11.372854853828432,-1.1585826202770153,,0.1470042509490967,0.3333333333333333,0,2
-0.29263179534209793,0.93724442080660897,-0.18957723497757906,-0.95385298641986183,-0.27215535552581072,0.126869786618131,0.067313539891845089,0.21795494517331629,0.97363470009122288,-14.476584488111461,8.6706306486836269,-7.6681319921657067,,0.07638212528252838,0.1785714285714286,0,1
0.35238678051220257,-0.87702457600907302,-0.32657533586654969,0.93444702627311504,0.31060742914617223,0.17416021373590923,-0.051306062113328631,-0.36653910846635529,0.92898695898010997,3.8403296842946499,9.2909479110798578,-3.9270531811775848,0.2898060409793352,0.2160376733270504,0.3333333333333333,1,5
-0.90460917933276086,0.36823610115650202,-0.21467278931426811,-0.39890910397714685,-0.90883889292151432,0.12199751422609854,-0.15017909119134942,0.19599500125833724,0.96903673823580394,-6.7006609537168176,2.9867050855794535,-5.0264863343651784,,0.2489335723635303,0.6965699208443272,1,5
-0.93756621949342622,0.27121884562337134,-0.21773819564681343,-0.2980410492736974,-0.94919344906304493,0.10101153005293147,-0.17927943834315635,0.15959991865451148,0.97076606293835577,2.3189864089056647,0.90421094157977899,-2.6941740271221426,,0.1228843168036795,0.45662100456621,1,5
-0.27055260591277897,0.94406469852657771,-0.18852886365150134,-0.96060311090295225,-0.25180045565436715,0.1176358527653187,0.06358420210535938,0.2129280994330596,0.97499675574560274,-9.9756988255349395,8.7959541435826711,-6.7598260404560611,,0.08766016524929836,0.2608695652173913,0,5
-0.9678217616205621,0.15006431537891937,-0.20199440334704494,-0.14793709239096942,-0.98866342668327722,-0.025675775232445519,-0.2035574966160133,0.0050328906939713768,0.97905005775122944,14.900835443721114,-3.6543366384539295,0.84188971077137709,,0.315052347502199,0.225,0,1
-0.72894654242001022,-0.54072435696794252,-0.41982628321189797,0.63371162411762527,-0.76496379435552531,-0.11506507195234637,-0.25893341953504828,-0.34992508213445067,0.90028102342606575,-15.674133064340756,5.5016034134137684,-7.4180021686659474,,0.280057973443572,0.25,0,1
-0.9706524217107888,-0.069988582974699343,-0.2300771055106848,0.057717549376070598,-0.99654950707608325,0.059646998586992926,-0.2334578349959624,0.044617016928628309,0.97134276189169655,17.831466805686759,9.2309593050786649,-0.90129857798212143,0.2792630595604546,0.2738740502329992,0.2962962962962963,1,5
0.93258553821742907,-0.26358157289941275,-0.2465947451499709,0.33271533686505261,0.89262807096740815,0.3041638235158442,0.13994541265251256,-0.36570463676151915,0.92014966180977498,4.1200213202217491,4.8156717807458955,-2.985968328300471,1.082998928657389,0.5608930151661443,0.5045871559633027,1,2
0.94108307668235724,-0.16191118288128931,-0.29689629778771304,0.28783230517939423,0.8443677816142231,0.45188008748670488,0.17752522884701408,-0.51071304881494639,0.84122349877601388,-1.0364181876308289,5.4854870786864653,-4.275615549359153,,0.5006233292028868,0.4242424242424243,0,1
-0.97446490380418027,0.069866937153415964,-0.21339344494784823,-0.070747928785712566,-0.99748803297889366,-0.0035149162763171882,-0.21310298408619591,0.011671981695426938,0.97696002119680458,-14.513480182781992,-0.1707353663497449,-6.2052113357328587,,0.1333790107588692,0.2824427480916031,0,4
0.71332951045615367,-0.63352807549769996,-0.29967179892102697,0.69977350049335973,0.66731410249680534,0.25496850122348985,0.038445513647937829,-0.39157893988960057,0.91934100110638106,13.984462193751041,-0.4365056771342718,0.070322216246380465,1.205122581052771,0.7652213118021631,0.5918367346938775,1,2
-0.76436555308446508,-0.59336540835824714,-0.25231486960092231,0.58952916857629445,-0.80162660955684839,0.09924786268799711,-0.26115256203151227,-0.072885327839305902,0.96254198263251589,-4.8500396003817343,18.453792024730838,-7.4585690491513414,,0.3656346562337162,0.7073170731707317,0,2
0.95137674909637382,0.22636587174958603,-0.20890374191446268,-0.18307023250423851,0.96094337127867702,0.2075406638864157,0.24772478933215081,-0.15920530551027531,0.95566003340503947,-6.6556347390417407,4.3373556856984337,-5.2413856883237626,,0.0702185255362066,0.35,0,5
-0.97378001262370972,-0.079050899073791828,-0.21331535896459028,0.090581096143536613,-0.99488020086757289,-0.044815744366598326,-0.20868050228998927,-0.062963015154311727,0.9759549716491408,-5.730586411582193,-16.594903964618339,-1.530329141176342,,0.5015376434873846,0.5692307692307692,0,3
-0.36886511521150533,0.91954314450812147,-0.13556892036199847,-0.92856769158962449,-0.35809013631998265,0.09763962518491956,0.041237954797954439,0.16190077102488215,0.98594501440274551,-2.1582354615168073,-8.5091428790428765,-2.0948963036974053,,0.1163448999930468,0.2884615384615384,0,5
-0.49437990230464596,0.86792776440538288,-0.047852982890545979,-0.8692042735621418,-0.49306748752285545,0.036991668916238125,0.0085113464597790078,0.059881954896054121,0.99816917827554108,17.902103627147259,-6.4568913881717895,1.9948123778977356,,0.3713535162369278,0.1428571428571428,0,1
-0.86918128934227101,0.45409835339514776,-0.19575130063711332,-0.47594028902337676,-0.87564827457314842,0.081981342520184325,-0.13418169600079866,0.16442257959563383,0.97722079786375093,-11.166168263657385,-9.985804854236136,-3.8240146794276324,,0.08490551316724118,0.1176470588235294,0,1
0.89930612512343477,-0.36553471444594299,-0.24006846075733612,0.41385933544095416,0.88874648774523846,0.19710436572759032,0.14131151327420452,-0.27661173701675534,0.9505351141124293,6.6531694385693996,-14.64154137252978,0.8966987979086164,,0.1363888331643733,0.35,0,5
0.56364424765688514,0.81189215186210195,-0.15210619917685106,-0.79072060096877617,0.58358660780652072,0.18489889775889456,0.23888510478236136,0.016056305104296582,0.97091508474197508,3.8585450640017074,3.1771278826577971,-2.7220030909345292,,0.08217773993014214,0.4166666666666667,0,5
0.48769992527674055,0.84824961624180717,-0.20644944037388147,-0.83915504128750429,0.52070782939288551,0.1571056112642614,0.24076461444080391,0.096622693786589706,0.96576211122542732,1.7636983985563752,9.9730346410169144,-4.4725195355014176,0.1507817591498953,0.09934591137320244,0.4,1,5
-0.62662563850635844,0.77763776151959541,-0.051184187258292387,-0.77898676226482721,-0.62692663748076827,0.01194217037308702,-0.022802047773414172,0.04735507444668105,0.99861782656904796,10.395731832849318,-11.199159127702385,1.166462603238531,,0.4794482489425025,0.4,0,4
0.82492396461877959,-0.50738796433558997,-0.24911424336038832,0.55352137392847256,0.81442204707301069,0.17415745130697499,0.11451873734009101,-0.28155671345004607,0.95268634707821809,7.5315031376602644,4.4723515921840997,-2.115231365636923,0.5571211934272297,0.5892845651631664,0.8601036269430051,1,5
0.91738294605172777,-0.30767107730177368,-0.25248175871816864,0.36387856905154553,0.90536604679118082,0.21887144241017401,0.16124799930062159,-0.29266162971882115,0.9425222826076165,-19.27810255821792,14.861804086242516,-9.7873787874579676,,0.2752606482787816,0.4736842105263158,0,1
0.077914459374093706,0.99136073616003451,-0.10551411195037376,-0.98631015604332539,0.092077543529594019,0.13679913034572169,0.14533276680168428,0.093411009938813003,0.98496333440183315,-11.918256543995252,2.1255965853141299,-6.013526848989784,,0.5328605196335212,0.6544117647058824,1,5
0.36711745746478786,0.92989431910543929,-0.022832602129904494,-0.90534256779719524,0.3628431266797052,0.22068008599707795,0.21349381105543067,-0.060344185442578559,0.97507895676416978,10.600956278428241,-8.2417814580861446,0.71518938165350265,,0.5985879245525301,0.4347826086956522,0,1
0.35987828115288495,0.91161038043087739,-0.19863065484742434,-0.90848239676045539,0.39087237734048097,0.14791389187152085,0.21247907551291795,0.12722145622053019,0.96884846263298807,-4.9471794310260604,-3.2734790156901674,-3.5376181852657296,,0.3099784341017441,0.9330227140361095,1,5
-0.36112845235417479,-0.87375981826747995,-0.32577602870907835,0.90541134369644838,-0.41215583053144617,0.10177362165475508,-0.22319619084130857,-0.25820796141891844,0.93995324833409477,6.5156506484039642,-9.9924319528375811,0.10285785914477623,,0.5226519774524988,0.4230769230769231,0,5
0.9624543743583549,-0.12487020127042554,-0.24101661791907791,0.18756572604914157,0.94777138149786755,0.25796997272024036,0.19621589051380561,-0.29349078562760134,0.93560808197747392,-14.542974253023575,5.2992586028759092,-7.1355791988783279,,0.0800057326877527,0.3888888888888889,0,3
0.91071033986330452,-0.31150774252735602,-0.27123717151521576,0.38235291571557112,0.88420214328686997,0.26831477344847576,0.15624635902914849,-0.34806536189689413,0.92435792804395778,14.746261328093896,-1.9012876757601742,0.52277570496508696,,0.09909555604924,0.2222222222222222,0,4
0.92089793842666134,0.35673537970398783,-0.1571205138388243,-0.29449375022272034,0.90078822623647337,0.31914573873624935,0.25538288525522329,-0.24762964350254985,0.93459036030633114,0.82741129665285229,-4.7406016359192718,-2.0306644172684982,,0.7312231459986445,0.3641618497109826,0,1
0.099985088871065095,-0.9309734700088742,-0.35112872303911635,0.98291093554615783,0.037597847324561937,0.18020126153924523,-0.15456090963507474,-0.36314570080918518,0.91882322848118292,-4.2728537820084673,10.19235448546158,-5.7224768509912973,0.4178253410608508,0.1854507881958053,0.3529411764705883,1,5
0.11447717142648586,-0.91891327523451183,-0.37748293977340841,0.98768006551350118,0.064469271286413513,0.14258962531350669,-0.10669144956105142,-0.38915563166628148,0.91497258370564349,-7.4309116212424131,6.8959102051308445,-5.8514453393233925,,0.2052868029641793,0.25,0,6
-0.52957619028919733,-0.7311749791040193,-0.43003745024243645,0.81432306701328983,-0.58018148762192845,-0.016351879123658188,-0.23754368273824572,-0.35884898126237252,0.90266295339850355,3.5585714937866304,-7.5119890128965947,-0.96934746441409669,,0.5157108923902096,0.21875,0,4
-0.69090082227168681,-0.58605297834429726,-0.42331780066291047,0.67606473748997986,-0.73118396368843053,-0.091139903266785657,-0.2561103756330651,-0.3491588718887908,0.90138535470376713,-19.741039194326955,-6.0004211748872587,-6.387946690486654,,0.5112949045554177,0.1739130434782609,0,1
0.50331762858102302,0.86282282726301818,-0.046990781153608288,-0.83163325063342897,0.49845586644042772,0.2448017272242948,0.23464334893717062,-0.084133928738491293,0.96843377720656521,4.9301707653535853,14.779611015092646,-4.6654703040043275,,0.2482355096287928,0.25,0,1
0.82897622100017243,0.53827010932739738,-0.15186742383060658,-0.49396225877106659,0.83199526855243011,0.25255724106854738,0.26229699183570399,-0.13434717157812467,0.95558941264692732,2.2486200769398308,-14.287205500614542,-0.12899847293989555,,0.16523172385094,0.125,0,2
-0.97426772659558147,-0.013208749383990659,-0.22500650180380813,-0.0047898947931881474,-0.99684258680309978,0.079258526630098775,-0.2253429693204258,0.078296782024645267,0.97112829229841624,27.189659367889181,-13.588711770882311,5.2201382198456079,,0.07005820647596603,0.3333333333333333,0,1
0.5692352376519918,-0.73292866911351906,-0.37254101815339258,0.8221723490527989,0.50852856509958666,0.25579547871445785,0.0019679096228406678,-0.45190072413002552,0.89206606418049306,23.086404270192336,-8.268681836271691,3.4510379464410166,,0.277892642799988,0.2916666666666667,0,4
-0.5342274192086407,-0.77007652248469849,-0.34868784619419674,0.80881399727246162,-0.58557522757424652,0.054051555643764494,-0.24580679889257909,-0.25314778760487316,0.93567901293602851,0.88231340204454389,10.703789560303113,-4.8026707525774093,,0.1649221094025008,0.1818181818181818,0,4
0.50798255824082583,0.86135368706719762,0.0048524528695413887,-0.8276889167222653,0.48655345039838688,0.27963690214374198,0.23850529901499015,-0.14606699038855406,0.96009356661765088,19.944219990373529,-9.0316183146395694,2.9015732608102454,,0.3140256013548084,0.1764705882352941,0,2
0.080763786754605715,-0.90292024618325062,-0.42215191552500847,0.98685429057329377,0.012954161923249915,0.16109251648027173,-0.13998507036872532,-0.42961287075836491,0.89209694616259028,-8.0380267213822947,8.1631378959549004,-6.2713269658293349,0.8312269825805727,0.7067089362583321,0.5166666666666667,1,2
-0.93281847783606964,-0.26225584119156992,-0.2471266095921282,0.25678771033569198,-0.96491833641578095,0.054705355031794724,-0.2528037959132553,-0.012428910229944539,0.96743773079322548,18.425366476339626,-3.9479650275232201,1.7001619045303333,,0.1343368184367337,0.25,0,1
-0.89272935318260205,0.40980654627114471,-0.18733098141921933,-0.42602608090752464,-0.90305544298843121,0.054705075409348963,-0.14675176439398291,0.12864471043258394,0.98077237834523501,-0.49679131889692202,6.6304410023165294,-4.3243744179096346,,0.07571975722971488,0.2608695652173913,0,4
-0.69376697780083896,-0.66852882786571344,-0.26787419962658948,0.67895259435300503,-0.73117643548320266,0.066365614706732814,-0.24023062905136508,-0.13583161085172271,0.9611654479635714,1.6055461480190441,7.3588646973482845,-4.0114330478417832,,0.1267854190403659,0.2068965517241379,0,3
-0.52295371209907393,-0.73398931918573673,-0.4333348524213767,0.80280502633894824,-0.59496915191528177,0.038933249981608804,-0.28639745928816951,-0.32752311000976408,0.90039164129994709,0.96793396175844204,-13.064374734255139,-0.59636902152530791,,0.2950549262051707,0.2,0,2
-0.02359517612937799,0.99792266740961244,-0.059946789184297002,-0.99151169944768525,-0.015690317931137881,0.12906728393199401,0.12785858407547679,0.062483308117470333,0.98982221569578388,7.1764803068428868,20.599201799553306,-5.3877726078433463,,0.3494900626002505,0.2307692307692308,0,4
0.20151376279946345,0.97207330034415529,-0.12027344744549574,-0.96287869375150303,0.21911365516950407,0.15765096649770427,0.17960184999548892,0.084039900501384407,0.98014308680004314,9.8312404265698135,-10.041417469875167,0.89122596418326905,,0.14600092659048,0.3870967741935484,0,4
0.86404323601023458,0.46219150313786611,-0.1995201762532357,-0.42854350277458741,0.88326527497394669,0.19024436983754905,0.26415857459989739,-0.078876285741399071,0.96124855215131133,19.905310464293645,-1.8168187289942737,1.6944084315237153,0.2643221209582947,0.2100212141038085,0.6326530612244898,1,4
0.94532553685793519,-0.22144266824395778,-0.23942174931541463,0.27139810647209195,0.94124051633899053,0.20102079048017449,0.18083887073198571,-0.25500869609271687,0.94987781727413401,-20.467140147929843,0.28323206265408896,-7.5990561389078106,,0.08051090018545472,0.2857142857142857,0,1
-0.94503516122523246,0.25387794014542536,-0.20604498430079513,-0.27241739271219662,-0.95985993592286112,0.06676576636308508,-0.18082397019169741,0.1192262341839124,0.97626215582006215,-12.188188446406533,11.325732066254307,-7.6360730605028735,,0.1528944800445189,0.5,0,2
0.6459090513542104,0.76256484201020691,-0.036004987274705226,-0.72062683434015251,0.62459659564892234,0.30095856580710012,0.25198901366447346,-0.1684457017371595,0.95295728265157909,4.6413878060974127,-12.851783205048426,0.18318025259975582,,0.2466763058639401,0.1904761904761905,1,1
0.67357428206438652,-0.67428388226522173,-0.3027192307382976,0.73723437086933052,0.64215445625083634,0.21005508021967861,0.052755748031365457,-0.3646627214763436,0.92964398057273412,4.5444978859028717,-15.134546371742502,0.48772442410780703,,0.1584558255065223,0.3333333333333333,1,3
-0.80753202776342148,0.55872166383769795,-0.1890029801212971,-0.58038893790843871,-0.80979894992903112,0.085873985859243163,-0.10507475857603261,0.1790412328271713,0.9782144611780772,0.46819064929997972,5.1781464304470921,-3.8501920124595292,,0.06439505530227085,0.1363636363636364,0,1
0.39059967246894362,-0.8181903464317033,-0.42189625842512818,0.92047249533108078,0.35347219751630038,0.16669670339263032,0.012738964091595967,-0.45345557951023846,0.89118783441253646,15.441263872704186,4.8664690860235416,-0.55955977885034158,,0.3210064863371647,0.3076923076923077,0,2
-0.85270740831095271,-0.39398887553232503,-0.34302017691149483,0.45200044124658711,-0.88565300765382327,-0.10636893882439782,-0.2618886727686206,-0.24574685347021666,0.93328602640614933,13.359933647031678,-3.1061739162267727,0.41879004601822345,,0.09359364095637902,0.3636363636363636,0,1
-0.735802517975786,0.65666691365157426,-0.16547875711343935,-0.67299583531744855,-0.73624508036215985,0.070850457217201429,-0.075307769757591889,0.16349845919100481,0.98366508205603453,-19.888074137470198,-0.31222580371918324,-7.3613998304133395,,0.1134862538833805,0.3157894736842105,0,1
0.38483226013789734,-0.87645223964686447,-0.28937104757586324,0.92209991953293369,0.35134063085855843,0.1621465371362189,-0.040445889216516817,-0.32922823804452889,0.94338374870440755,-5.109321682936498,-15.080458048382122,-1.6068732095431861,,0.4076466738436161,0.25,1,2
0.55474592545153567,0.81073046796137105,-0.18701087271614586,-0.79469220228441184,0.58286880992741041,0.16949411211648349,0.24641684565644023,0.054589914205278797,0.96762527842331092,3.412399222968467,-15.738364816594345,0.3756561879483265,,0.09825309065270171,0.2727272727272727,0,4
-0.9625371016801616,-0.16494721701511506,-0.215208604586626,0.18100340368659545,-0.98182771782002398,-0.057027189779882463,-0.20189129684813453,-0.09384427590051457,0.97490161356810079,7.6277124702195218,6.2539568874895668,-2.4119069104627129,,0.4963280986869496,0.3835616438356164,0,4
-0.7758135706720195,0.62613258453346399,-0.077918483985359666,-0.62393025578275574,-0.77968057490518461,-0.053002236126284817,-0.093937955481249336,0.0074958455804553358,0.99554983442268619,0.48378635651613161,9.1543299484321761,-4.5426051473034157,0.5118711077418725,0.6073436706924235,0.3802816901408451,1,4
-0.70295605075653811,-0.56157935218527788,-0.43644177378424159,0.66314752149378886,-0.73931906005976511,-0.11680193563888754,-0.25707616661490912,-0.37153190795880436,0.89211876223240283,-12.89597854959942,-3.8588402553172756,-5.2211103709682627,,0.1440480013751278,1.0,0,1
0.65392334499544291,0.73309579816810644,-0.18696205384579145,-0.64993137046794991,0.67083131577106403,0.35717581029867407,0.38726408631787962,-0.11205309674046884,0.91513421472440193,-8.4526637989804172,0.55977840430271508,-4.9964897242343946,,0.3120983597450708,0.2536327608982827,0,2
0.24891208006135801,-0.91020217288752914,-0.33102081637013048,0.9653190802058158,0.20535790876354415,0.16120546733551197,-0.078751824043161486,-0.35966669817913832,0.92975158856050955,23.737676067360923,-10.952480475949763,4.03532124836235,,0.4794654080039263,0.4761904761904762,0,5
0.94435294684713222,0.30989545499567006,-0.11028290327228293,-0.26268426486396235,0.91229543647349276,0.31418786351881739,0.19797598029563274,-0.26773465140445679,0.94293354360915471,-5.0591927199425379,8.6381525972061119,-5.6554514255970059,,0.3755074484421509,0.631578947368421,0,3
0.97195706747254829,-0.00061262610373239649,-0.23515757202229468,0.047006066376526601,0.98032093976323231,0.19173232587526357,0.23041243176957546,-0.19740942163683506,0.95285866293750032,21.115795329770727,7.5567997193737453,0.14462132968540822,,0.09223449374065976,0.4285714285714285,0,2
0.81237167139901456,-0.47229568315375664,-0.34203662842259636,0.57636855954904587,0.73944042719507252,0.34788954884118872,0.088608978505165567,-0.47975477309130987,0.8729168383210264,5.3070757324449893,9.7001357408989737,-3.6496923693074157,,0.3209105621649158,0.1875,0,4
-0.39258111514541305,0.91578438217766844,-0.084964895048779979,-0.91892806464343535,-0.38674029290350476,0.077480048112929426,0.038095669594514367,0.10849383025950199,0.99336690540493056,2.1063212439748362,8.986755430661594,-4.1620517185318704,,0.07547194454439515,0.2631578947368421,0,4
0.31636340654527267,-0.79618705083827901,-0.5157522419500602,0.94668816072911122,0.23013547953578437,0.22543111452097003,-0.060792444714804564,-0.55957469665476978,0.82654729902729684,4.5355188455559334,8.2831687953074766,-3.5036837858256282,0.551119417316755,0.7400670345082611,0.2702702702702703,1,1
-0.6039506018704538,0.77445536507969992,-0.18831504984887673,-0.79653014578870962,-0.5947860238512247,0.10848646312359586,-0.027989236326368707,0.21551907880862645,0.97609842194286311,-7.0030421124563738,1.3144270399105034,-4.7954310683576429,,0.1491879265697117,0.6121212121212121,1,4
-0.97619747142849134,0.013338279670782901,-0.21647306315577469,-0.029696170604287829,-0.99692697928038443,0.072489553966962814,-0.21484095100343667,0.07719254030223488,0.97359369220102654,-1.0089085750329163,16.456754134029314,-6.1599778738789999,,0.1271764426516535,0.3043478260869565,0,4
0.91256230375491187,-0.33088812324217276,-0.24029792271845302,0.37871593520216218,0.90552062761519336,0.19132860054717718,0.15428636423703371,-0.26560392101899066,0.95165659507506095,3.2385574540292335,-19.436519821368123,0.90537914849561385,,0.1993667649033684,0.1111111111111111,1,4
0.013590702851516074,-0.95240754589506182,-0.30452448065491849,0.99044522171288674,-0.028976679774955775,0.13482809356855355,-0.1372354020729081,-0.30344722531498897,0.94291368951061594,-7.4571983000809769,-4.4129198756397727,-3.9289126603832218,,0.263383836189251,0.3095768374164811,1,1
-0.94728317604814516,0.28875070456031149,-0.13884385111362119,-0.26339057779795289,-0.94855860318682306,-0.17567578048075591,-0.18242803486141673,-0.12984454912003773,0.97460782120831313,10.947906863894216,5.4818995136092727,-1.5536335414075528,,0.3144986796852012,0.2666666666666667,0,1
-0.19013067494281866,0.98027321834840209,-0.053988367586490602,-0.97605520375125354,-0.1828210409813554,0.11786732458401096,0.10567197204503787,0.07510582110169188,0.99156066378248076,15.729472354579512,-9.8091457211472832,2.1194447773822964,,0.2370115575652216,0.1176470588235294,0,2
