axis_00,axis_01,axis_02,axis_10,axis_11,axis_12,axis_20,axis_21,axis_22,location_x,location_y,location_z,dbh,dbh_approximation,score,reconstructed,number_clusters
0.46969164762732379,0.88031748463329751,-0.066564873604891203,-0.86645796641114026,0.47412245820385251,0.15639209401184107,0.16923459632061771,-0.015780395294200354,0.98544945610242107,-15.23966241372567,-25.514662574917121,-3.6729026101380176,,0.1057542950729256,0.4666666666666667,0,5
-0.89437934485218917,-0.39480259786526334,-0.21027718901632758,0.39745992552440124,-0.91708461993421997,0.031327423804787292,-0.20521012427243102,-0.055558155107477511,0.97713975269515418,3.9257147557208234,10.391493050216702,-3.5824753184772398,,0.08044308804390185,0.2439024390243902,0,1
0.79790187014159453,0.59441368375710801,-0.10012481304276973,-0.56759910839452066,0.79680780460023537,0.20719212021188721,0.20293806388721192,-0.10848822558442273,0.97316311435198366,-6.5233297979680822,-30.498327636823991,-1.319290718538644,,0.5857640370960628,0.6071428571428571,0,1
-0.97816027169677922,-0.11594168072625423,-0.17251089688612217,0.10991082179671822,-0.99296073076831337,0.044142931529598736,-0.17641455191126673,0.024218047452841986,0.98401798360168125,2.6176820923544226,11.50072140874445,-3.9732844795444247,,0.07901954146629699,0.16,0,3
0.23598434707126348,0.97175606942386161,0.0012367195472819234,-0.95748963335921611,0.23230218365842406,0.17102425990824735,0.16590656993315653,-0.041543194453688814,0.98526604176110699,-8.0237417908102664,18.08229505572535,-7.3998554455549979,,0.2611127518853427,0.1904761904761905,0,3
0.25621449207511643,-0.92177525762018575,-0.29100602827077648,0.95976483923968026,0.2068044911603612,0.18995619441107026,-0.11491556643867855,-0.32796688380863376,0.93767378960645642,-10.748037592702531,19.149002214962376,-8.230040508538746,,0.2435206365137779,0.2727272727272727,0,3
-0.96791457401535341,-0.14954116313951865,-0.2019376585373765,0.15752956458349371,-0.98722280227598835,-0.023991143125755596,-0.19576979769824829,-0.055032528501110213,0.97910449243988373,13.720293729514182,0.80762507372705705,-0.4582918248247097,,0.1771700017493437,0.6363636363636364,1,5
-0.981272715311997,0.062180352232636821,-0.18231144226418552,-0.070729709872352386,-0.99666209941006478,0.040767238573352016,-0.17916798353945687,0.052898614308401037,0.98239532280984387,-4.5798733715796045,16.663578150573951,-6.3619642520522079,,0.07854830368956206,0.3333333333333333,0,2
-0.98554127437831296,-0.026937553016117919,-0.16728049717248794,0.049015546076519458,-0.99039438391283174,-0.12929207460917114,-0.1621908528234299,-0.13562202089419961,0.97739490212962632,-16.965812365190949,10.037708830198122,-8.3269707608908163,,0.572431961034362,0.2692307692307692,1,4
0.96879596654842148,0.21475438222408313,-0.12375350708186598,-0.15138953558531573,0.90802876080448069,0.39059567082488383,0.19625387566815464,-0.35967252448224479,0.91220616716715774,-10.63532176483295,2.6538741045845993,-5.9102535067150663,,0.1114096504761907,0.1454545454545454,0,1
0.95344796259461206,0.25700486673108941,-0.15775132677957848,-0.23246726139520069,0.9596242669539834,0.15836741663753062,0.19208319812934677,-0.11432307181651769,0.97469701971783873,22.670762589584637,-6.6589806513164245,2.3139040342359736,,0.2697902849135963,0.3529411764705883,0,5
-0.34813291998728535,-0.87920829739595763,-0.32526333917493533,0.92435775187960068,-0.37972226316700375,0.037064125450637683,-0.15609681790868835,-0.28775644674868955,0.94489682547532761,-9.415926603070373,10.982940850427074,-6.6847279004955089,,0.0994770444940315,0.3846153846153846,0,3
0.96852575429502497,0.21369852501633801,-0.12763543267092942,-0.15298325272989438,0.91553776261732001,0.37200366880698083,0.19635169378295436,-0.34076905027821136,0.91941419758509901,-4.2294386161016293,21.247387197579187,-6.9597118398993789,,0.5845750305797316,0.1739130434782609,0,1
0.19222367024945144,-0.93799784226628491,-0.28846162396343927,0.97865451047385221,0.16145088395034646,0.12715723023421599,-0.072700823413602039,-0.3067468988848075,0.9490105006265942,-2.2190603251511454,14.930620941114043,-5.5771532742189862,0.5451176269399126,0.2984060170648819,0.5441176470588235,1,4
0.63144055715177061,0.76650185906431845,-0.11729331965123313,-0.75321712180112532,0.64224061184185011,0.14209491168453567,0.18424654734754631,-0.0013771535683136486,0.98287909390654904,-6.7294275517777074,-27.316425470879604,-1.7303251755901854,,0.07055477970519536,0.125,0,2
-0.28034529508528871,0.95585254077888193,0.088047917693142186,-0.95919577422667079,-0.2824698611357766,0.012419511086713441,0.036742104311542699,-0.080973439080300039,0.99603881447173981,-16.373578855670726,6.3726095624949011,-7.7254814997001571,,0.4936753823846916,0.1944444444444444,0,1
-0.84543156778467266,0.52438763982329661,-0.10130679835876424,-0.52258883847473792,-0.85135940768833174,-0.045695348146147619,-0.11021057161078097,0.014309512260237019,0.99380524639594225,-5.21926178113916,-14.208862135344702,-2.8299865299729694,,0.3347002693131144,0.1162790697674419,0,1
-0.13282620881047982,-0.9512785510382944,-0.27825584735548248,0.9834516826432752,-0.1613943053756656,0.082308359833109981,-0.12320708648103477,-0.2627184738970389,0.9569738853877181,-11.050747907746091,12.759522473767985,-7.320417291815315,,0.09678800383392575,0.1851851851851852,0,5
0.027756560268774121,-0.94892943001919661,-0.31426503178923393,0.99637371337065073,0.00096789028517060914,0.085079295321341022,-0.080430073144477449,-0.31548692529459621,0.94551520521995602,3.3617887364484238,12.848911130847533,-4.0126475668495507,,0.4423731212934252,0.55,0,3
0.90230313006164764,-0.36305473203921207,-0.23246574591730243,0.41156291098037467,0.88593999556244485,0.21383707482140177,0.12831614000706246,-0.28862014102752692,0.94880629340605493,8.881037048141188,2.020361948727774,-1.5626966055872433,,0.7165765253936844,0.3947368421052632,0,2
0.758547407180305,0.63976723473696739,-0.12370819058191451,-0.61554799044700304,0.76581445063884557,0.18608841621492717,0.21379079146842023,-0.065008557511590084,0.97471400160948185,12.134165308147059,0.50296914932053527,-0.73591289681947725,,0.08109762314498412,0.36,0,2
-0.89772198449203933,0.43293956367973535,-0.081600078189146413,-0.4210980046631565,-0.89765907641917553,-0.12994095963544616,-0.12950563319169786,-0.082289226044925709,0.98815827388558775,-12.865187837635679,17.189251759959731,-8.3825339761896949,,0.5658618818381932,0.28,0,1
0.14163843416442015,0.98826108628384235,-0.057258879700279479,-0.98282675093348915,0.14729952971480817,0.11115046646468707,0.11827988678119535,0.040532380671214001,0.99215270724831028,-12.408487771973801,13.100902519841567,-7.7030745542785768,,0.2662341448318122,0.1333333333333333,0,1
0.586008002176443,0.80045905855548205,-0.1259361622475762,-0.78507211888666428,0.5993437068343197,0.15636140580368027,0.20063994998997597,0.0072399347076446269,0.97963829744117881,2.1314180800527085,13.645854646672907,-4.3678399044170861,0.09719142846020655,0.1142596342937416,0.2727272727272727,1,5
-0.51179712187723592,0.8552726414630677,-0.081070431126061798,-0.85903144810630616,-0.51071485085378399,0.03514700957095733,-0.011343597425918221,0.087630188189830982,0.99608848648865256,0.31494161936846932,14.285834812578695,-4.9325607422399376,,0.2926786614991387,0.4339622641509434,1,5
0.016538187089190547,0.99892111613739043,-0.043394609142534485,-0.99661800906107012,0.019962870562705338,0.079712155999230774,0.080492436805900971,0.04192955441841803,0.99587292366211122,-14.488699583797954,-29.085167269369009,-3.1595811017557849,,0.2932999644538985,0.25,0,3
-0.72664060953926224,0.68560557889271534,-0.04402743189870479,-0.68396668284810358,-0.72795951164508443,-0.047587037722606307,-0.064676126369565323,-0.004465377546844636,0.99789631679909163,-2.5053297196817121,17.074909972607827,-5.9106803439083055,,0.5839491500971417,0.4324324324324325,0,2
0.70789358463538032,-0.67183126210271493,-0.21801244940036152,0.70468365921407017,0.6927621548414501,0.1533021110621105,0.048037623470988763,-0.26215139152959754,0.96383039724339237,2.0126670495892065,9.8934421415908087,-3.8948881934482342,,0.1287998052686583,0.2142857142857143,0,3
0.88377476824195678,0.4482595920756684,-0.13418456368386872,-0.42193553513539273,0.88742851878954032,0.18558294164338363,0.20226854231166214,-0.10739628555567961,0.9734235843865493,-0.91838227472567824,14.292951167212706,-5.2099370786284149,,0.08760135899292519,0.5238095238095238,0,4
0.43174474827021231,0.9014634938390248,0.030984538347848107,-0.88698299974685535,0.41806699663798202,0.19616611451055443,0.16388297807021135,-0.1121764484980509,0.98008102415116827,-19.121110033921752,-25.227477306461036,-4.6111850669729417,,0.7666894539573095,0.4,0,1
-0.61303826176399634,-0.75979545758498634,-0.21655242378370862,0.7678478348465726,-0.63751778911614865,0.063093352121186733,-0.18599406478382099,-0.12760067081986207,0.97423009431628238,7.0459829268252543,12.23792135287913,-3.0996574594406043,,0.2404800680264857,0.2592592592592592,0,5
0.55668308847822801,-0.80009432639533773,-0.22350169545740248,0.83012147454925522,0.54602071046270495,0.11295893606959367,0.031658750678334451,-0.24841588639979342,0.96813597747924518,11.26197380611934,-0.18828403156710016,-0.83319678742962433,,0.08226167341610535,0.2727272727272727,0,4
-0.12191996570673005,-0.94827341492946093,-0.29310928422703897,0.98587192542975144,-0.14987343109334975,0.074796398989126295,-0.11485673080626749,-0.27984904000250616,0.95314870098960502,11.789823780016988,-1.7698290564529451,-0.56008435969880899,,0.1336169175975235,0.1025641025641026,0,1
-0.95794480815993299,0.23961372800660544,-0.15788288656535041,-0.23274948119997438,-0.97062822922539116,-0.060897615978998829,-0.16783749140336182,-0.021589395117959612,0.9855782437218612,-10.397452381894324,12.160451401328599,-7.1009837072221078,,0.2200072760648787,0.3571428571428572,0,2
0.022623943012620152,-0.9550381710660456,-0.29561841791300009,0.99442863385785529,-0.0089537954566366283,0.10503105117307417,-0.10295556986468446,-0.29634763598474034,0.94951473357715432,-2.6008223558601871,9.1216210676238667,-4.9098818190005424,,0.1001558813034601,0.1666666666666667,0,3
0.87812027276689242,0.45162447008134943,-0.15792442679819291,-0.42326585613312334,0.88719811200818444,0.18364510633557946,0.22304887712717072,-0.094418473154634155,0.97022386609454969,4.9578737026916482,17.513133412421197,-4.3167157364414601,,0.252255143659272,0.8181818181818182,1,3
-0.75289671200992325,-0.61681513376137409,-0.22953350911705175,0.62922124130454282,-0.77686439315817724,0.023713796282969459,-0.19294343869595482,-0.12657332027689788,0.97301183140713388,0.71581937378397142,13.344026243551342,-4.7052395422875186,,0.1521501641962283,0.4423076923076923,1,5
-0.95697516273800287,-0.21549419256945562,-0.19432135979200549,0.21183651513956292,-0.97649985928565464,0.039665043408839674,-0.19830236699571049,-0.0032058983043353464,0.9801356505402522,-2.7656593876848876,11.553051041062734,-5.3227094941858626,0.2097665162313691,0.1300901213647379,0.573170731707317,1,5
0.74440952670556715,0.66322087929315909,-0.077411380426936571,-0.63726212505860669,0.74027625941889019,0.21421494743963623,0.19937763293755856,-0.11013230684220769,0.97371424682697916,-18.438885592124375,-22.078447658615048,-4.7362538188589758,,0.08205362304342056,0.2105263157894737,0,1
-0.15213967002404824,-0.94559706958951995,-0.28757556013800428,0.98040391401487659,-0.18122757869306166,0.077231665172785305,-0.12514665872201614,-0.27019020467952454,0.95463897212818238,6.9100600813074875,6.4882469615877847,-2.4293850826414478,,0.2986205613424743,0.32,0,4
0.98398310091707109,0.078391427599931382,-0.16010009740306702,-0.051026030816494372,0.98439845857375252,0.16839245510632522,0.17080281405392891,-0.15752605764274777,0.97263145120584815,13.101554093984422,3.9760982030497769,-0.79764094858744694,,0.174184172544951,0.282051282051282,0,5
-0.82990070154196205,0.53199951804431567,-0.16805159440117379,-0.54750539923385699,-0.83450147059855351,0.062009139476597246,-0.10725047034831862,0.14347058363814216,0.98382596440661019,-15.681134804695141,11.872680042859569,-8.3048073428449065,,0.0907135715499065,0.2857142857142857,0,2
-0.97183437109170667,0.13200532121090536,-0.19522435897395374,-0.13936431375847025,-0.98994075621212763,0.024390310387327512,-0.19004089879659092,0.050910650773342274,0.9804552832344865,-5.5831983457709136,16.971451052628645,-6.6541620485126023,,0.2772624738677933,0.2222222222222222,0,3
-0.22189955633707883,-0.92632573488075243,-0.30443590424757855,0.95994963854639326,-0.26230777589073317,0.098444513112232984,-0.17104759089813365,-0.27039834245958333,0.94743203346892035,1.6383550007373826,11.60008062808698,-4.2472276625731862,,0.2490276780950778,0.7666666666666667,0,4
-0.86610472957037987,-0.42069388434803484,-0.26996157705863005,0.45776008216456732,-0.88447991980891805,-0.090282770402219811,-0.20079418465809423,-0.20177196813971379,0.95862910882182117,-2.8194715969623854,13.948199660034771,-5.5731939309164682,0.6111196265258418,0.3222943068961821,0.525,1,5
0.93823204540217797,0.33012947689596522,-0.1036106049825062,-0.28092228059761881,0.90161139761948439,0.32890661280441263,0.2019982703992223,-0.27948419663200152,0.93866143128855917,-4.0595161083052167,11.862868731672917,-5.619133145480701,,0.253284365606879,0.2941176470588235,0,2
-0.12121204271510931,0.98898780265775654,0.084916234578642738,-0.99038448748636754,-0.12624154197936274,0.056583036548422158,0.066679889376016627,-0.077241176019383281,0.99478017324429369,-3.2179944276760826,17.900198330550353,-6.2248887611795194,,0.5930477326902361,0.4489795918367347,0,2
-0.56237017916119869,0.82286831790729043,-0.081409538597313494,-0.82612525556355376,-0.56334450308797357,0.012650413456361271,-0.035451991626057042,0.074368691160933739,0.99660044855737207,-15.905855739400067,-28.579873954908749,-3.4954863248250416,,0.2374982518540762,0.55,0,5
-0.80160261579246839,-0.53000722176743842,-0.27663259249234262,0.55366702923329592,-0.8326895187211576,-0.0089992306284659134,-0.22557940308159719,-0.16037615248623827,0.9609336202980211,2.7295192542451332,8.7924107312050985,-3.6531340665730769,,0.3566830561808085,0.1282051282051282,0,4
-0.97992294553674852,0.095984129818956335,-0.1747514452972582,-0.090988087294959996,-0.99518655100310471,-0.036399130112539924,-0.17740402695820526,-0.019768043035228194,0.98393954880041767,-14.398388458898232,18.85963322963336,-9.0782516259456241,,0.1908921888631268,0.3076923076923077,0,2
0.46834960491892069,0.87591908994025713,-0.11582053121326445,-0.86284510678174031,0.48163876137641037,0.15337022280287843,0.19012356317694629,0.028104295366172118,0.98135782429594587,22.049925071485326,-3.9243812015334125,1.8451886065273952,,0.2521646367107794,0.6451612903225806,0,5
-0.98237228935746235,0.022167237123885776,-0.18561599796588829,-0.022178935375015967,-0.9997519892407245,-0.002013662048561586,-0.18561460052541687,0.0021385994268168637,0.98262029617970037,12.463706216233385,-2.6093874972081794,-0.33101144440633407,,0.1202146703909328,0.3529411764705883,0,3
-0.97125858848221736,-0.1006967471252373,-0.21567781392143176,0.12187659541850153,-0.9887043931450612,-0.087233700281784288,-0.20445745226996889,-0.11101255827181584,0.97256021002158066,-14.182859567533878,12.879023643581519,-8.098996952776913,,0.4031346082946867,0.175,0,3
-0.92238517822545552,-0.29455357332956028,-0.24988752555656332,0.32804450660637147,-0.93890326117804512,-0.10415117778793574,-0.20394211108885055,-0.17804173271460608,0.96265713353021165,-10.495590624049708,13.959121746795137,-7.2645291046373615,,0.2948772596565543,0.3584905660377358,0,2
0.40682973093679026,-0.876262963987407,-0.25817201236753989,0.91348524207362847,0.38842494382074089,0.1211229768934874,-0.0058551293397161265,-0.28511275131403829,0.95847610116192061,-3.8879910264567616,14.441827626934753,-5.923600787897918,,0.07570877097402759,0.2777777777777778,0,3
-0.36244252176701897,-0.88159524967428338,-0.30236605987925097,0.91906632640500407,-0.39195159727298556,0.041122172408165222,-0.15476597198213687,-0.26299004001462506,0.95230443282047739,-6.8862618064211087,13.393832470382771,-6.459496366723477,,0.6313290000196884,0.2380952380952381,0,3
0.94791549525219065,-0.21778796706023584,-0.23243195835461788,0.27985289792000984,0.91793485743435133,0.28120802448143006,0.1521136725825977,-0.33160820090996795,0.93107326870804719,-26.438068255826256,11.04537655727859,-10.72396381885804,,0.3873233995669875,0.2352941176470588,0,1
-0.82554070094814413,0.54278574335147256,-0.15448685346150412,-0.55569175834900231,-0.82958269058833001,0.054765218699654651,-0.09843383961342167,0.13105798827471921,0.98647584001248745,0.83217638693768536,3.4088182687561015,-3.4243661034374071,0.1793723264289736,0.1392005052456422,0.5273311897106109,1,2
-0.025337360773521004,0.99309412812361098,-0.11455160773833663,-0.9959154405860039,-0.015141956516557841,0.089012113530892722,0.086662871816126058,0.11633904692430641,0.98942143336867638,7.0679202318394454,5.6268937438144233,-2.301771640242082,,0.09042661138516665,0.2222222222222222,0,3
-0.24733882564712412,0.96654421122020862,0.067939628231305935,-0.96534687304214595,-0.25184169396923578,0.068419119304903575,0.083240134762351509,-0.048662603048051832,0.99534066079374806,-28.064224873865403,-20.961538013393994,-7.069420156520259,,0.4002303551522403,0.5454545454545454,0,3
-0.22453528215820859,-0.88281637804628144,-0.41257623503951241,0.96545084439524542,-0.25899328767233148,0.028760111216495403,-0.1322443727447106,-0.39186441480941103,0.91046894855532357,7.7962410866423379,2.3870907986891119,-1.8032717427783307,,0.5359659985191638,0.25,0,1
-0.93999567151814223,0.30593382900875205,-0.15103850434640434,-0.29815532166243863,-0.9517772268897714,-0.072273885590735831,-0.16586603537651384,-0.022904205772273239,0.98588227272145257,-20.953640718739457,-24.652052925429604,-5.0501296554712338,,0.4289810550596337,0.8571428571428571,0,5
-0.558849444537452,0.82030611669268871,-0.12159429779698942,-0.82882568617497399,-0.55730815881114115,0.049553991354079764,-0.027116052012885524,0.128473697849395,0.99134213502914204,12.945723126772746,-0.58635647975217386,-0.4195208088944169,,0.8693852535561757,0.8932038834951457,0,2
0.0093363150905689564,0.99992666334505498,-0.0077136989929932065,-0.99883699914813173,0.0096904913858211292,0.04723074750050156,0.047302033289113726,0.0072637668138655822,0.99885422126473944,14.018926354574392,3.0367790323564354,-0.55739239766730686,,0.4066047106724252,0.7313432835820896,0,5
-0.85571094758719135,0.50415728029362605,-0.11655132305711872,-0.5053180909117676,-0.86266394120917556,-0.021553457605180078,-0.11141095626874946,0.040451962429354955,0.99295077297864887,-8.2654352029508349,7.7750599333415567,-6.03852799824935,,0.09984874433076144,0.3348623853211009,0,5
-0.28417571756288867,-0.89719743921101469,-0.33805460597485715,0.94524031480990711,-0.32120168388539638,0.057881132739905923,-0.16051451275721459,-0.30309442974489736,0.93934490888700206,-5.9242165627365315,15.437445340148345,-6.517256420490642,,0.169095979486263,0.2727272727272727,0,4
-0.08205936407990129,0.9918844073645362,-0.097116338449845754,-0.99368034576448661,-0.073939022912427863,0.084453486204687775,0.07658740894019149,0.10343279614251105,0.99168343006927839,-4.0098597377880765,-27.894804382724217,-0.98209907420642684,,0.1070238489696556,0.2941176470588235,0,4
0.41552949032217934,0.90957926415419832,0.00089715845758213994,-0.89653132788933299,0.40940184057732715,0.16917952312525009,0.15351488783039938,-0.071103411680487671,0.98558484366482402,-14.845212610361003,9.6247758655316566,-7.8142112397425167,,0.1777013661185697,0.7727272727272727,0,3
-0.32585851808649752,-0.87568465580435462,-0.35636022474355988,0.93167161742914972,-0.3614797438689818,0.036337199250452097,-0.1606369305839212,-0.32016992107508169,0.93364179328656449,-12.298353942910088,-28.300164289523707,-2.7710661917801294,,0.2487972900089415,0.5714285714285714,0,3
0.70253841573066778,0.70529317312617312,-0.094875256860036547,-0.69413814289209941,0.70852767385889692,0.12712503277643,0.1568821628004641,-0.023453684523225635,0.98733880288244213,-1.0699775208493214,13.074899029960255,-5.0762135666043049,,0.6164771775425881,0.4077669902912621,0,4
-0.71806979637072288,0.68590179820539954,-0.117959699722867,-0.6933279868493637,-0.71975048833612587,0.03543356024051094,-0.060597608793730454,0.10722853052480419,0.99238599952335793,15.027755906229585,-0.51762926243919449,0.0093571168011598958,,0.2309348659469187,0.3076923076923077,1,4
-0.017877816435067043,-0.97380734341413711,-0.22667077798475868,0.99545698401271798,-0.038540767455098261,0.087063208212632429,-0.093518857241832176,-0.2240845089618507,0.97007234585030255,-6.1818290305545194,9.6742407014744796,-5.7877880817978422,,0.07324638088665578,0.2027027027027027,0,2
0.56431273927890757,0.82039806425785211,-0.092185402583631476,-0.80542988878833355,0.57161783634498586,0.15663889497404734,0.18120106659164423,-0.014144445349583671,0.9833443487058865,-4.8124279233648162,-31.633583609969484,-0.84585093002578704,,0.1936555543126576,0.1538461538461539,0,1
0.089536395534786137,0.99535245225387803,0.035450383169011501,-0.98792952256315847,0.084238725497452233,0.12999652139459264,0.12640606125802764,-0.046661900076575044,0.99088050478272882,5.4853933190417781,8.1189339049331348,-2.9526294377821181,,0.389741572449997,0.2272727272727273,0,2
0.51529772119190143,-0.82507351132970175,-0.23177998066379846,0.85684286134283549,0.50135774473021,0.12025274535269807,0.016987333524026607,-0.26056498748127138,0.96530685162730978,-13.144945703917491,8.994542511178178,-7.3084376415725352,,0.08093126516747365,0.1923076923076923,0,2
0.26270769576787423,-0.92740436448863994,-0.26628145130999448,0.96402476161373174,0.24069652224249027,0.11278937527958462,-0.040508339634235183,-0.28633254950807357,0.95727360013336027,-21.219333191618251,-22.636017265372388,-5.3819504487505565,,0.4751683870345054,0.1428571428571428,0,1
-0.95079126541131964,0.2851037741360905,-0.12129224043977185,-0.26939727427142146,-0.95409364404918862,-0.13088325714188692,-0.15303946625844864,-0.091766858714341329,0.98395008278318263,8.0983661313951014,4.5288495731724305,-1.9977020432608514,,0.4800319415902985,0.2121212121212121,0,3
0.11109543889154651,0.9935617755391023,-0.022199136133680665,-0.98736900346156653,0.11288688514655329,0.11117104913250665,0.11296129629571353,0.0095681424266105038,0.99355331824200377,-4.1747114552508746,18.093766042440997,-6.4672149745016547,,0.1039718793762344,0.1428571428571428,0,1
0.50431868641577682,-0.78740531764468003,-0.35447923532521181,0.86344622239515245,0.46510732357859175,0.1952838922827495,0.011103313172507272,-0.40455907269327251,0.91444446148366676,1.7575261162818372,17.746709533105374,-5.0475997218873196,,0.7147291881778399,0.9767441860465116,0,2
0.86964625005652452,0.48110906756846172,-0.11067730059064455,-0.44792443040459073,0.86322341743007913,0.23282834072994715,0.20755506355988904,-0.15290322659689909,0.96619951298213214,4.5968926489438173,-34.353464102769657,1.3281691407477914,,0.2372705600857071,0.5217391304347826,0,3
0.9326966982718875,0.34089056521900957,-0.11777305115086778,-0.29796481088020765,0.91230436556430894,0.28092297173678543,0.20320885932912186,-0.22692370329467307,0.95247666237718887,-10.330902091681399,-28.598985172647307,-2.3330812133302352,,0.2428865371278439,0.2558139534883721,0,2
-0.88027595843286877,-0.40337116091787567,-0.24981181626348695,0.42803931334410167,-0.90229936946814904,-0.051363353563539826,-0.20468654874467676,-0.15214320358513697,0.96693115699404741,24.224355432584773,-7.4390309696330084,2.6700581486348534,,0.1711719288803942,0.4838709677419355,0,2
-0.048785491323636208,0.99676718976657608,-0.063836864280396227,-0.99596380018261821,-0.043726118676674725,0.078384534643452519,0.075339794014243594,0.067403233975200899,0.9948772384005854,8.7681419116297121,7.6626376290887475,-2.1320425083354348,,0.118553922359707,0.2380952380952381,0,3
0.74481764714375132,0.64535575300795756,-0.16959547329683738,-0.63602222292485966,0.76349209367971982,0.11205157220796803,0.20179792974400412,0.024408501553551332,0.97912298543285348,10.557544985568811,7.0569122070687262,-1.7109319835423633,,0.1708081655446745,0.5384615384615384,0,3
-0.70567782714425364,0.69854166485989388,-0.11856789924652573,-0.70499431271623969,-0.70895596005171246,0.019090985959686318,-0.070723569725539198,0.097061780129585579,0.99276240235181867,2.8229265230049028,-35.058260628737479,1.1001137537157255,,0.1874402338523327,0.3225806451612903,0,3
-0.98213189380057775,0.059992660437006087,-0.17837551365975576,-0.058887016442898475,-0.9981985119246477,-0.011491304794222777,-0.17874356624546076,-0.00078197513389716589,0.98389538368707952,-0.59395815642363825,10.110477704017057,-4.5460029400990463,0.5016080563740412,0.5873147349847775,0.4918032786885246,1,3
-0.90400249125459187,-0.37856545376982703,-0.19866477548256378,0.37606609955096654,-0.9251509329126365,0.05167243074795011,-0.20335629956806095,-0.027999081108569,0.97870438176349328,13.725116288690726,-2.0179357943628538,-0.053892966619369043,,0.4533109108874744,0.7931034482758621,0,2
-0.49042594487109947,-0.81553534984117892,-0.30722058159686549,0.85692421062492874,-0.51544231840686261,0.00033710562521200145,-0.15862941039458364,-0.26309942902785938,0.95163827193061234,10.657134924901669,1.4784865501744107,-1.0950224695112061,,0.1192568699737147,0.3076923076923077,0,3
-0.20189530933670352,-0.89283859497556617,-0.40258853360459074,0.97094080515795733,-0.23638998353626461,0.037332674200263281,-0.12849994921032168,-0.38335234315937405,0.91461945313182735,-19.202053217814047,8.2878345396895234,-8.6405617285407246,,0.3902344584142042,0.3333333333333333,0,1
-0.96457765236561743,0.19392131041347979,-0.17884204741713966,-0.20825700925628221,-0.97590979811048939,0.065031408162318283,-0.16192273049965661,0.099972952939602844,0.98172625411978909,-5.5981765979331604,12.507680425221308,-6.0293423887827569,,0.06892799752236932,0.45,0,1
-0.90343345996271363,0.40447643686347295,-0.14215060830692741,-0.40783778704824108,-0.91303496680024887,-0.0059572523584756247,-0.13219804414360337,0.052592408409369948,0.98982711404684642,-11.658464975398058,8.8447397581236089,-6.9705297607518766,,0.07577897983334207,0.2777777777777778,0,3
-0.57082718102555896,-0.77131526903263736,-0.281476615653104,0.80060609685215822,-0.59893208948070809,0.017613343618600279,-0.18217081842481661,-0.21529771932694641,0.95940642324671188,6.7816185272251905,-0.18987165615428198,-1.7069411282008708,,0.08642845256013937,0.2808988764044944,0,3
0.77168566933132277,-0.54127213319563316,-0.33395464598432401,0.62915119050368196,0.72654133828882062,0.2762362453504017,0.093112873634455945,-0.42327551498206967,0.90120354592078444,-0.21363038487598879,11.113925121338353,-4.6476530733112087,,0.4550831502639079,0.3125,0,3
-0.63096652048180801,-0.7038302978917228,-0.32634975379296521,0.75231006434720371,-0.65783685141973092,-0.035780497426407813,-0.18950149633442592,-0.26809250023792847,0.94457164588144915,19.970717693183484,-1.5582823751536852,1.1848561448435846,,0.1857701277170588,0.5151515151515151,0,3
0.91443025269277134,-0.28816253103873241,-0.28421764312861825,0.38107486340575641,0.84958238894352334,0.36468028857795476,0.13637910925255051,-0.4417828879691561,0.88669533575919612,-10.142117377770319,10.653288537365462,-6.8305572955678331,,0.4378134021400213,0.2727272727272727,0,1
-0.37658764229757363,0.92626107628153975,0.014905241847024894,-0.92537956369470842,-0.37687978269412176,0.040426383620383206,0.043062869910696584,0.0014310702970534246,0.99907133943120341,-1.6330162455205814,11.268700261738818,-4.998154101143844,,0.1950213790142479,0.2459016393442623,0,3
-0.7188920618587562,0.69308957781046987,-0.053113468414070455,-0.69188429072432467,-0.72081792164740466,-0.041444566360570825,-0.067009936915101279,0.0069542046577851114,0.9977280728696637,-14.233723574634515,8.8160585492075825,-7.5047442798010087,,0.3724302718054021,0.3898305084745763,0,2
-0.52901154491189262,0.84239863033589457,-0.10252479191952221,-0.8483707702628327,-0.52788180408587915,0.04009784381591143,-0.02034260341206039,0.1081912589964928,0.99392194359676611,-19.650511911617027,-25.80587594644394,-4.6426735038651143,,0.2504222920765529,0.1111111111111111,0,1
-0.95259863585898996,0.27587863280465946,-0.12824515164879999,-0.26198474740602573,-0.95817246383298416,-0.11519340987587083,-0.15466037335462732,-0.076134811446941703,0.9850297758949963,11.425426853542684,9.8924503671124366,-1.8677679034942367,,0.3741580778837738,0.1333333333333333,0,1
0.63246113568480766,-0.72826734074145572,-0.26385524868316029,0.77280990715383135,0.61636235802795114,0.15120281416399242,0.052514371872568889,-0.29953985380178166,0.95263745293329571,-9.0022626324666764,12.913486673048009,-6.8642689468926656,,0.5173192976188546,0.6190476190476191,0,2
0.9198829762719144,-0.33744037295791574,-0.19987322147588268,0.3668361084652757,0.92056390598666504,0.1341393473989908,0.13873204204932943,-0.19671321687318691,0.97059637894246531,23.427264334885088,-3.1805253319617832,2.108687597790611,,0.1590910498641759,0.5833333333333334,0,1
0.94763321239575449,-0.19026517356186334,-0.25649650776175692,0.26365794550215588,0.91930672321326934,0.29216371511271488,0.18021038410170812,-0.3444913821626826,0.92133050805753713,21.789357527600675,0.76329538663088248,1.351919313110405,,0.2542478263773115,0.2592592592592592,0,2
0.96112693030222951,0.22633932434821596,-0.15813138240528807,-0.19889753373804192,0.96479989543784284,0.17204921631920544,0.19150664458639241,-0.13390919317478306,0.97231349525888022,10.467398062608472,4.9548615807861838,-1.5152518206408734,,0.1025027957248859,0.25,0,2
-0.93771440758499136,-0.2438709063303777,-0.24742407088464327,0.282207436367442,-0.95007408264035742,-0.13310973050081287,-0.20260960655024476,-0.19464382482031897,0.95972033884505736,2.484540113529448,16.146041931308037,-4.6486028124226628,,0.5990279762628002,0.6,0,1
0.65316855617203851,-0.68698683260718052,-0.31846495733830638,0.75540047174337555,0.62025289737906519,0.21132077650520198,0.052354221587386299,-0.37859666548614723,0.92407986687555854,-10.925215350848697,10.149640539352397,-6.9399557400482861,,0.2315507594376497,0.1875,0,1
-0.9689414507594647,-0.15682069708641908,-0.19120599876958247,0.15025000312782918,-0.98745846468446064,0.048484194157428072,-0.19641130710891194,0.018249643512612428,0.9803517475638176,-1.677560017729645,8.5293339166616366,-4.5822456580653892,,0.08102782888819876,0.3055555555555556,0,2
0.40610520723132598,0.90733030715058427,-0.10876706480193825,-0.89966658009982781,0.41784209829330393,0.12652282618298707,0.16024545332421519,0.04647251467132113,0.98598260637246626,13.603203433824438,9.0616347534564756,-1.2809924030620969,,0.1170470782350627,0.1428571428571428,0,1
-0.7732120106045306,-0.59640509380358309,-0.21550905025552522,0.59982851259341174,-0.79812062320673305,0.056650033469283177,-0.20578858602185493,-0.085465986785592168,0.97485723209395647,-7.2065099864813904,9.1926298156713546,-5.9315515571257684,,0.1376406760412653,0.5046728971962616,1,2
0.69499367653507194,0.71780194490311799,0.041763111349184485,-0.69201405090023993,0.65199658465888677,0.3098661113284038,0.19519309140669738,-0.24425564780870027,0.94986253509686769,5.0390571522728695,9.1833909955794315,-3.1842996702550797,,0.2898062745307216,0.2857142857142857,0,1
0.92976381160917732,0.35225777207576348,-0.10702203807718039,-0.30685850032540785,0.90210747606850961,0.30338088667439933,0.20341365588380675,-0.24923194745762911,0.94684017709773038,17.026753899281509,11.122675037438247,-0.77588652485071008,,0.2117260660225189,0.375,0,1
-0.31195315749946112,-0.89515952503969909,-0.31839386340948522,0.93878274316995736,-0.34197943580645046,0.041677651226921436,-0.14619230025007288,-0.28590118960263766,0.94704187929119066,2.6363956516640976,-38.790112863635109,1.4914390512594402,,0.1370325379787385,0.5,0,1
0.79216725423108214,0.59248977849279771,-0.14637931447285882,-0.57568954104282877,0.80505324048606952,0.1430763164076306,0.20261439647242685,-0.02907133234708624,0.97882698367877041,-21.638838688655557,-32.730211130714672,-4.3184430391843209,,0.1605688412617329,0.25,0,1
0.77600879203714757,0.62232004903184301,-0.10260658484742755,-0.59762762844406092,0.77750012141293734,0.19579269374314148,0.20162235094695014,-0.090616321796201812,0.97526258506248065,-2.9905045177432292,-32.750891074908282,-0.40807192697891026,,0.08246671450397561,0.3333333333333333,0,1
0.9430254818947853,-0.25487137188629588,-0.21387735805808286,0.29720339052646916,0.93424698957935859,0.19711090056482616,0.14957635226424995,-0.2494456779635662,0.95676735342956698,-8.0541346810202956,12.280882638822877,-6.5342585574336756,,0.8831071931823562,0.6140350877192983,0,1
0.62398278925979656,-0.73785916154054187,-0.25731174951457747,0.78016670706351388,0.60700175501629927,0.15129037840128934,0.044557691785336299,-0.29514865261054635,0.95441180051639218,27.911375689578342,-7.2277946764079495,3.4719169327017023,,0.3045747168250932,0.4814814814814815,0,1
-0.10053590389895035,-0.89618805258094725,-0.43213366732804842,0.98871080461901983,-0.13849230582286287,0.057191136179267812,-0.11110120096934123,-0.4215054633560924,0.89999425970621283,15.782112116511117,0.69626472796216077,0.06356501703154889,,0.3032741643085891,0.125,0,1
-0.73495599407701784,0.67797779407467862,-0.013630756101359597,-0.67391782206111794,-0.73249256937735385,-0.096381559000470615,-0.075328984319858516,-0.06165019504100909,0.99525112286937079,-9.4099859797986127,5.9735212289180861,-6.0774250336481384,,0.7228089494040932,0.3010752688172043,1,1
-0.043098899339399803,0.99901920749329665,-0.01015420775829631,-0.99547157918217377,-0.04207946810656979,0.085238802223035995,0.084727916983022525,0.013781923789316808,0.99630880687685586,-2.3250710036139446,-37.731858202462277,0.32769484946009192,,0.3181186983344326,0.25,0,1
0.98245057727882557,0.031380590561895919,-0.18386441129399902,0.04807963755953882,0.90982899305429155,0.41218873328847405,0.18021989805969141,-0.41379519322220265,0.89235325203058136,15.134428354805648,6.2624611629297915,-0.64108368680037797,,0.4208995422333868,0.2307692307692308,0,1
-0.9674168695773151,0.21611359504715597,-0.13190721926044163,-0.19299770612520623,-0.96665904167757943,-0.16829195635380956,-0.16387948586579368,-0.13735068685222462,0.97687169215490388,1.6790177373986137,-0.7290210496564572,-2.8255019886318213,,0.2083844415528333,0.2295081967213115,0,1
-0.37894842141393931,0.91441323965243493,-0.1422902704200876,-0.92529551916176311,-0.37189328901034036,0.074320816789339772,0.015043142193258131,0.15982430584053758,0.98703084811749586,-9.5468555330653047,7.4939299461830453,-6.2900912394197821,,0.07951430259398479,0.1470588235294118,0,1
-0.93279988966437377,-0.27033581802953704,-0.23833361351776197,0.29769545292500682,-0.95070972225641903,-0.086766591006551028,-0.20312996615444986,-0.15188669954088835,0.96729966781379018,-3.5712610556153139,-29.857805276901061,-0.77330353035557253,,0.3691779294125042,0.1052631578947368,0,1
0.87639398804219748,0.45437040605274609,-0.15962804210713133,-0.43560331398745306,0.88924527385544194,0.13961588652051338,0.20538580906830373,-0.052824019434564419,0.97725446655624726,11.819126526159579,2.231982551760336,-0.94535590507329037,,0.07293221317430641,0.2083333333333333,0,1
-0.41135407860829398,-0.85410521356092539,-0.31826420813589423,0.89714423323859593,-0.44107765947120969,0.024139657871057943,-0.16099703965928569,-0.27559895225389713,0.94769466113168577,4.0347181892467088,9.6524120970435039,-3.4688019477413343,,0.6476423866337883,0.6349206349206349,0,1
0.25053334772481151,-0.86701836756283257,-0.43071126289717543,0.96714860615747089,0.20434880060930338,0.15121223924405228,-0.043088458842942524,-0.45444550608210471,0.88973179482151799,14.526754125386708,5.487420409562624,-0.69909070358766334,,0.7614511650696002,0.6944444444444444,0,1
