axis_00,axis_01,axis_02,axis_10,axis_11,axis_12,axis_20,axis_21,axis_22,location_x,location_y,location_z,dbh,dbh_approximation,score,reconstructed,number_clusters
0.20800284366855609,-0.89833289981642384,-0.38695325057842489,0.97486971076279649,0.15813296609598174,0.15691721406827361,-0.079773830690618774,-0.40986823021686136,0.90864964083844912,-34.426848888414121,17.73418761226905,-9.9068550256410735,,0.3665607911246329,0.4482758620689655,0,5
0.94146744790461556,0.29945156389925609,-0.15481539139976003,-0.28221143621454775,0.95131838214426534,0.12389528265491144,0.18437936382820447,-0.072952701613496748,0.98014394530681037,-7.7550730156190335,-12.996728817335933,-2.2015061877541937,,0.1242855242687698,0.78125,1,5
-0.96892785724315333,0.18878000360428776,-0.15981526115286451,-0.19926622534289071,-0.97855381990731383,0.052205296497597406,-0.14653251821964108,0.082428949914280111,0.98576553465833916,-4.2894927431490002,8.3450054620623924,-4.4230004357514856,0.2546986570479778,0.2469920811504682,0.8016877637130801,1,5
0.77852698645687202,0.61267159622149103,-0.13612217505532526,-0.59784906633585178,0.78995290194417223,0.13620171287958296,0.190977028041942,-0.024656193813974273,0.98128479396497126,-12.072459261226946,-14.010133080071796,-2.7660707429900748,,0.6631628453161668,0.9217877094972067,1,5
-0.13120777746711809,-0.9519127983046769,-0.27685112164464609,0.98444602818975391,-0.15802216695535323,0.076778983661888373,-0.11683551135488431,-0.26247098730048973,0.95784051079078325,-15.01997128335854,-6.1273721461716653,-4.1407170295497755,,0.0720911071423567,0.3142857142857143,0,2
-0.97392174931863085,0.15810816761421737,-0.16272133706989245,-0.17269400549446826,-0.98174598640807464,0.07969691736769903,-0.14715028600181373,0.10571956065606695,0.9834481012357863,-9.9756595208821182,-13.798027819141353,-2.4928640243187909,,0.06645539944089077,0.45,0,1
-0.80738728799413739,0.5861964173699129,-0.067078517039004165,-0.58833006418931921,-0.80845567492360604,0.016344945849070626,-0.044648659066812334,0.052661009736773796,0.99761381069882926,-1.4428818226288171,14.216469870750087,-4.8516684798722034,,0.2330213865302357,0.1153846153846154,0,3
-0.91997884705706379,0.38332430704375425,-0.081862058348062969,-0.37357078719322351,-0.92069654635753795,-0.11297228191524387,-0.11867513607909333,-0.073350836087448121,0.9902201103400603,-16.335749945807937,4.9483830081935238,-5.706472935025122,,0.6716623104217866,0.6875,0,1
0.8814799066111928,-0.43129086695807456,-0.19230538817015969,0.46073064311762313,0.87477629091872189,0.14997904966662939,0.10353959983090864,-0.22080450386039771,0.96980664172907127,1.859704937021968,-8.4766533526888708,-1.3348708239648615,,0.09800139449613561,0.5769230769230769,0,5
0.61931009348220178,0.77515428999236413,-0.12486326448359167,-0.7423065834263286,0.62988041120898508,0.2285423456979688,0.25580450409051958,-0.048851758224577761,0.96549342898093793,2.1338491095687835,6.0938794949502704,-3.1722595989505962,,0.7213918165199525,0.2162162162162162,0,3
0.028912479530771269,0.99723449178524948,-0.068464859024159774,-0.99450216752420451,0.035594436753790606,0.098480834997676014,0.10064545353388707,0.065241125572722422,0.99278098703438244,-11.879133041635452,-7.1707327325589389,-3.5566228731551135,,0.3585309909326085,0.8049645390070922,1,5
0.93724053083562653,0.31439829899980926,-0.15077764073289479,-0.2936499021138998,0.94486987666115363,0.14488150733213631,0.18801575026430223,-0.091512981398057927,0.97789337449856395,-2.9492899309432357,5.6896726294658357,-3.853838389582589,0.9242272817880975,0.7946006963987196,0.9227600411946447,1,4
0.55720840687112583,-0.7941621835486804,-0.24253910516313121,0.83036854856220388,0.53382889364928598,0.159733483853187,0.0026200898532373162,-0.29040168478569434,0.95690124704840329,1.7136994471330911,-7.3001391220128307,-1.5208666876215544,,0.1162993847414796,0.3888888888888889,0,6
0.48497612388934408,-0.81810599767447301,-0.30903193334398327,0.87449617309385841,0.45068518073334701,0.17927440171854966,-0.0073893505439395933,-0.35719104753115355,0.93400211619788798,-27.146930931278334,12.581599835402383,-8.2095133661250834,,0.3470529185480249,0.5652173913043478,1,4
-0.96117103924000558,-0.15831677634340008,-0.22602219283628536,0.17573171827059042,-0.98266848511811111,-0.059000097875710249,-0.21276418053787849,-0.096428453704865649,0.97233376820726247,-14.60910605213663,-8.2868803566359261,-3.8523178298148135,,0.6570494058402219,0.532258064516129,1,2
-0.051129641305191882,-0.9694409180355319,-0.23993762985081424,0.99449053196727655,-0.071437868775691096,0.076715140176038213,-0.091511428835115857,-0.23469328354942551,0.96775240689411002,-8.6805421826172093,17.613049865390671,-6.3872765683386259,,0.1142514874393079,0.3333333333333333,0,4
0.92751449765840022,-0.29532145705560409,-0.22913335339064139,0.34893473943888487,0.90387751544129413,0.24748734248924914,0.13402016358072052,-0.30950068510784973,0.9414074153476637,4.3344144536782361,-21.673336358687543,0.71934855918514529,,0.527810356321637,0.559322033898305,0,5
0.85572383123471507,-0.46578159192099716,-0.22535357393332545,0.50867105620639619,0.83706830345386163,0.20142098185328999,0.094818148235717381,-0.28699157475510617,0.95322890996063159,6.6700901916346673,-5.5560789899830363,-0.97732547723653784,,0.08264926954326288,0.2666666666666667,0,1
-0.37155707856301395,-0.88924808075748651,-0.26680177705338559,0.91897064380086346,-0.39314102808974932,0.030546486946310722,-0.13205412981783052,-0.2338332373758297,0.96326721313267694,0.89993870632671025,-9.6081195817736038,-1.3433567466470859,0.4580959324150081,0.2573881230622967,0.3142857142857143,1,5
-0.21926725806127784,-0.91983290101004589,-0.32531416163722732,0.96734247092452552,-0.24841373954531631,0.050390058054589723,-0.12716294070177095,-0.30364131508171754,0.94426243083558214,5.049223967842317,6.8334488964549767,-2.8444596002790803,,0.1409281288064065,0.35,1,7
0.11089853409811344,0.99349385347017105,0.025912897404190529,-0.98572209573941461,0.10663210558170867,0.1303132534714265,0.12670226953763103,-0.0399944643194763,0.99113418754365046,-17.242348138865747,8.4481794877708491,-6.2937366296332797,,0.2624551520498888,0.2708333333333333,0,3
0.4282695588740662,0.90345503049057019,-0.018820011240614623,-0.88960597471301806,0.4251793475624725,0.16680447284546107,0.15870222020096234,-0.054694883559929804,0.98581036463188598,6.6633757142951806,1.1349858586600508,-1.800813035779711,,0.5998042558950137,0.2153846153846154,0,3
-0.91241449425966104,0.39089029627487115,-0.12126238882287008,-0.39313858072657448,-0.91946095334196287,-0.0057975532581987154,-0.11376223894236664,0.042383151813314375,0.99260355703230663,-1.9119278264872617,-11.600691835500708,-1.5188834808056018,,0.07769248405029613,0.1875,0,5
-0.50843625881279464,0.84843969984333689,-0.14711439920754765,-0.86109739057562174,-0.501349432750818,0.084616961800152352,-0.0019633309208050937,0.16970215676349418,0.98549344154160357,-15.686808205100352,5.7489213772214125,-5.708680061993161,,0.2509270027052469,0.8473282442748091,1,5
0.8686192907248137,0.4896547863807359,-0.075754326313123052,-0.4640141343511493,0.85750929733839798,0.22219065709556257,0.17375675786303307,-0.15784801282448968,0.97205585947736806,-29.517519168401986,17.143354720460831,-9.1101772933982499,,0.1726821878224283,0.3333333333333333,0,2
-0.35083452283388872,0.92701241635559806,-0.13252591260003929,-0.93571814417924992,-0.34149069304789587,0.088406228374524498,0.036697305645760507,0.15502285794109028,0.98722906221105466,-4.826536842236429,-10.348962619211584,-2.09859548895998,,0.0749900449943495,0.2,0,5
-0.20772798859453268,-0.93464710800729545,-0.28858944237110984,0.96969661384634542,-0.23554502700746888,0.064861524396064518,-0.1285984441950998,-0.26637065105910063,0.9552534304596606,-13.01078152070736,-10.611140570409498,-3.3196846484174096,,0.1662986265505157,0.2352941176470588,0,1
0.62126052524046671,-0.75568715894386096,-0.20729755807846797,0.78308418315935957,0.60836480830552564,0.12911786127806069,0.028539829424485484,-0.24254726925434059,0.96971970193127677,-26.35251973478692,24.330703677181909,-9.5389284245161097,0.4681612681953054,0.5099061093689772,0.974025974025974,1,2
0.57059646607985903,0.81735141341006856,-0.079726657359620048,-0.80559582557169795,0.5759427643628332,0.13894350650372544,0.15948366285807916,-0.015053211440074606,0.98708579267797658,26.226712518665121,-9.4207264545834803,2.544596380139871,,0.2790161054299278,0.2777777777777778,0,5
-0.75982405796893782,0.63383143670971864,-0.14465514429189649,-0.64703613441391927,-0.75892993451489321,0.073277522200956374,-0.06333752200953098,0.14927512966235609,0.98676506523588392,14.947694609499408,-3.5559766639631709,0.030436001890001951,,0.3819343288301346,0.8760330578512396,1,5
-0.73895880178162165,0.66369102469020902,-0.11599186615935801,-0.67110744715726067,-0.74030445993541039,0.039548716411593694,-0.059621167713610895,0.10706787728072585,0.99246248594849396,-11.413022689962158,-2.0409879004071216,-4.0436531390836015,,0.9204762006111884,0.992548435171386,1,3
-0.038492540576175752,-0.96259410520277711,-0.26819939028427237,0.99422224399147918,-0.063807285733576871,0.086317784030060934,-0.10020206521094278,-0.2633272088413533,0.95948857586283076,-5.8905645694612154,18.306020769162227,-6.1133060508287249,0.2583852365741316,0.2550022583216072,0.4666666666666667,1,5
-0.28469425754668554,-0.93351661613605275,-0.21793555725910033,0.94782205112688622,-0.30814112054484727,0.081746004348759727,-0.14346616018268216,-0.18329150887932324,0.97253364140022269,2.1717193067829172,-10.121450965218489,-1.0663639444589683,,0.11187294768761,0.3333333333333333,0,5
-0.69985384123020833,0.70304178224917846,-0.12624125049769566,-0.71260875229461806,-0.69932408430392323,0.055987420601308922,-0.0489220509426046,0.12914363137367257,0.99041837392446985,-11.706546998979727,-10.899714224832591,-3.09827628259039,,0.07481251101914509,0.1176470588235294,0,3
-0.57812615391286715,0.80539351303104922,-0.13081070036284578,-0.81583815542187199,-0.5731952218790376,0.076520204997603467,-0.013351191697757834,0.15095869230535619,0.98844990712615466,10.190816532199054,4.2896255384279982,-1.7469013768588293,,0.1076479798589967,0.5263157894736842,0,5
-0.27541574461725726,-0.91589308496942534,-0.29203771078768398,0.95182826014271149,-0.30240303254304707,0.050748094569821753,-0.13479291825099915,-0.26399292190124712,0.95505947792554857,-6.9375014694694039,-19.618707528148601,-1.3150187185428432,,0.2251930793480809,0.5897435897435898,0,5
0.87697429392214366,-0.41290151866839614,-0.24582193490632392,0.4695499229542951,0.84507684958123119,0.25567164128130471,0.10217121734310665,-0.33964312768432797,0.93498854974990675,5.544808010801054,-4.9674051318076158,-1.1962874255719609,,0.3110412779379599,0.6842105263157895,0,1
-0.42600702850540589,0.8995129938241031,-0.096924638795271953,-0.90458352765449235,-0.42163171622376211,0.062891472954288527,0.015705195323500939,0.11446864118964904,0.99330271167658002,-18.502461798563143,-8.4938019097787496,-4.4257063970267669,,0.1256058557003684,0.25,0,1
0.51939748159187193,0.84589583706416371,-0.12118782510441829,-0.83779809459117061,0.53200788963861378,0.12272716920744256,0.16828728061093989,0.03778674635088454,0.98501347858026223,-21.18794521665474,-1.0636308775705465,-5.6633308839086398,,0.1200185587161279,0.4,0,1
0.98574897142050577,0.04304295024165844,-0.16262309115838525,-0.016496224291224167,0.98678570307062974,0.16118886685976733,0.16741218572000061,-0.15620909272477157,0.97343303797567671,-14.991376152589954,-6.2315212367963468,-4.1313288699301207,,0.0817975612171955,0.2941176470588235,0,1
-0.21993373825950388,0.97547793800152272,0.0084819365417257934,-0.97490342762464455,-0.22009537639235735,0.033486297144153104,0.03453197910517198,-0.00090430249604112349,0.99940318423350838,-3.1812528936132933,-10.616385222751253,-1.8277759289132693,,0.231079089488064,0.2765957446808511,0,3
0.93311831970059467,-0.30205460079653912,-0.19507234446938601,0.35026971820212399,0.8861754571248458,0.30332191430916366,0.081248544293077082,-0.35136317013485385,0.93270713341490108,-19.178109522460755,-4.2440793709922886,-5.0100225525520239,,0.7321626718776133,0.873015873015873,0,2
0.15415982103591888,0.98638589038922952,-0.057250544270065575,-0.97648707979179739,0.16093752632638714,0.14342975848696737,0.15069085100914323,0.033793310891191461,0.98800317791045078,-23.621497929304159,18.297678258786672,-8.4060653975389865,0.6378066905161403,0.6259676290429252,0.9066666666666666,1,4
-0.86382514223966955,-0.46324394212374048,-0.19801811462659505,0.46790526126293547,-0.88341110239421283,0.025485106417389301,-0.18673722209853841,-0.070639041983156445,0.97986699894966511,-17.229538519672506,-8.864271134571748,-4.2174753438188333,,0.1147654021485253,0.3928571428571428,0,2
0.98751855170581737,-0.007434265881297206,-0.1573271805113528,0.03852086482329814,0.97995018637475839,0.19548343970101864,0.15271952399778752,-0.19910390230952976,0.96800536314372088,-1.5415706583346818,-10.703579618601196,-1.5573331058034441,,0.7098643329864266,0.5806451612903226,1,3
0.84465402006444168,0.51879755249262927,-0.13194197935696603,-0.50030543424374951,0.85273180236240675,0.15014308410956853,0.19040498642406839,-0.060807670300853968,0.97982057968662384,-19.525515307099262,-6.15105612307618,-4.8353835209522424,,0.1364282383676071,0.1851851851851852,0,1
0.98109359525738826,-0.088046129913512655,-0.17234626875039885,0.1161614530952728,0.98017362226922533,0.1605184943314017,0.15479623432023984,-0.1775036597224923,0.97186962943874033,-10.33928959078764,6.3336714610489873,-5.0340667003522395,,0.08119736499660864,0.2437275985663082,0,5
0.93276968329830345,-0.3042383252280802,-0.19333845810390732,0.33653754859802631,0.92716380087453509,0.16465043192022513,0.12916344801535146,-0.21864658197716838,0.96721790506921834,11.674050524222871,-6.9701256293760885,-0.0052850933258290055,0.1612255298572938,0.1631555760411441,0.7014925373134329,1,5
-0.41042227583026886,0.90795148690330363,-0.084721030047938031,-0.91169733371129091,-0.40662110432949594,0.058883352635397762,0.019013868781135947,0.10140697680111546,0.99466330878847253,-19.702869364051306,0.84446273003633443,-5.7091616314329174,,0.07970691637531988,0.2631578947368421,0,1
-0.86608574287186324,0.48577104447272063,-0.11799143335842419,-0.48977526554656614,-0.87182979971203878,0.0057436567495811027,-0.10007834557427453,0.062763784828104074,0.99299800204288824,-3.5186313223981158,11.546152665552659,-4.7702077172712025,,0.07668907099476271,0.2826086956521739,0,5
0.63645008856695306,-0.73580492657338359,-0.23134907562697266,0.77054098720137243,0.6199939522976804,0.1478989051921463,0.03461028468319071,-0.27239421643022943,0.96156306036032246,14.11392375157855,-8.5386414226053553,0.56287559022493761,0.3094202154363258,0.1431315006576103,0.6666666666666666,1,5
-0.26197077909754518,-0.93808668586053079,-0.22663777423507828,0.95558256937528152,-0.28499771365895338,0.075088323428502649,-0.13503060395761909,-0.19690016003135791,0.97108035865960407,15.805005701456592,-1.0744002545446829,-0.193150867140611,0.2087492550416591,0.1953899551488064,0.2777777777777778,1,5
0.12192266125319436,-0.97322310649971211,-0.19486315620965508,0.98971228037198578,0.10440113049710668,0.097826407640315347,-0.074862986540892587,-0.20478571465308737,0.97593972371258741,-5.276848252945598,5.5362914222706561,-4.170813296719821,,0.08635809973257252,0.4476987447698745,0,5
0.93919725375728214,-0.29071097788229761,-0.18274475607660798,0.32068387311409452,0.93285809519849994,0.16412686479419142,0.12276144370006396,-0.21275079685243428,0.96936408349976089,-4.4423696697876744,-4.8616688893530338,-2.7241858855468868,,0.08891979869808617,0.2545454545454545,0,4
-0.56072254325479787,0.82794947181705758,0.0094816456233407648,-0.82787915395528011,-0.5604027413654411,-0.023767076311320572,-0.014364398078617779,-0.021176392231769717,0.99967255863101745,-31.326836633016487,18.837774246401771,-9.5827285266892233,,0.4016467979102712,0.25,0,1
-0.35143931724287258,0.93562535937997116,0.03309974593504042,-0.93477557316910898,-0.35263805543182153,0.042907221625595258,0.051817314695263572,-0.015861549305291392,0.99853060902077928,-24.41896241765587,13.046611658184297,-7.8962881798938822,,0.6318457905786585,0.3888888888888889,0,4
0.10966376320555908,0.99390576012260168,-0.011189237449796684,-0.98603041987339779,0.11020092224290354,0.12489903050505997,0.1253709301388701,-0.0026639692052245652,0.99210636181015766,5.0571865760522332,3.848176215065481,-2.4004804924118721,0.8621538383225815,0.4360685549011469,0.3571428571428572,1,7
0.80464700915639609,-0.56066769374077507,-0.19543522674038802,0.58502367055783477,0.80487355336392985,0.09962865040920281,0.10144207974358774,-0.19450012928201771,0.97564296961879138,-12.71426633498805,-5.583134893480902,-3.8632094584934293,,0.6693802728970176,0.6898148148148148,0,3
-0.032320324988003211,0.99423454354573138,0.1022402514329926,-0.99463259509114788,-0.042054878588251472,0.094537759488875606,0.09829240751410516,-0.098635995495250678,0.99025731151945662,-6.0244577888036419,16.243747679663191,-5.8049292884682115,,0.2792534292537311,0.2083333333333333,0,4
0.93479440766827904,0.32352890219114844,-0.1465894431366096,-0.30308463602834224,0.94175447773055643,0.14573334236890914,0.18520021273119089,-0.091801705438606232,0.97840345874433865,-5.9222186337377529,-1.9449522215640602,-3.2685954360626899,,0.08125318687613142,0.213166144200627,0,5
0.13323606387184794,-0.94812341960014801,-0.28863494675742063,0.98910801567496642,0.10882375197559341,0.099109658124144781,-0.062557850118647534,-0.2986961201818274,0.95229572254466022,-1.3338330564226029,12.98213763141066,-4.6234863320296666,,0.2308413896439968,0.2714285714285714,0,5
0.97498766090851263,0.21933186677442992,-0.035952653495824244,-0.20528649656540082,0.95067194636183328,0.23255172484526312,0.085185183007672999,-0.21935446796873562,0.97191928778993886,-17.640871057915664,-5.3496173592440117,-4.6302494970832937,,0.2265115892803401,0.303030303030303,0,2
0.097200940825255072,-0.97878515813532274,-0.18036516103920242,0.99226002687539838,0.081231536617290129,0.093922715697683706,-0.077278820953216851,-0.18809851587082232,0.97910516910047773,12.946149252798682,-10.003406801091938,0.57562183036046521,,0.7233847828377554,0.9642857142857143,1,5
-0.98520677496564846,-0.072468355417505043,-0.15529310359725507,0.070873449316910836,-0.99736033289449033,0.015789887602950355,-0.15602744868679003,0.0045501463353069226,0.98774223936440897,-9.2648788861462243,15.037543580727823,-6.1011025410025077,0.8349055023620888,0.5429726997751797,0.7952755905511811,1,4
0.9688389855895766,0.19973779478516873,-0.14647809848614848,-0.17276563271588991,0.96870552819135691,0.17821794467388047,0.17749100302279619,-0.14735811136772176,0.97302750776126556,-8.6146527050857706,-8.3479993739763216,-2.9070129027764771,,0.745285715086677,0.7043478260869566,1,2
0.87949738406689115,0.45477221852951794,-0.14023758652099866,-0.43643516049563358,0.88824160715807599,0.14335689029965507,0.1897595902784486,-0.064877396425698577,0.97968475609778494,-10.775661767128355,-6.112606678181348,-3.4961263828326099,,0.08507776884035101,0.3176470588235294,1,4
-0.93310058841271326,0.33640545209725103,-0.12710099804129985,-0.34196598673673989,-0.93940212578476667,0.024143528868641004,-0.11127693300508426,0.06599255920410578,0.99159589869597398,-8.8716738944468609,9.3851458235182879,-5.2593070745838579,0.4212258826314084,0.1685138271230853,0.25,1,5
0.044889574116032602,0.99024956343520298,-0.13187391042988786,-0.99361425187112018,0.057935879903582066,0.096820206043938054,0.10351639780379782,0.12668557903797331,0.98652679611328253,-21.150415165155074,-7.667609198690184,-4.9136564816392498,,0.0664204867486887,0.4117647058823529,0,1
-0.98349964993895156,0.096434188504099752,-0.15306497266688232,-0.084993948539937317,-0.99319547840891564,-0.079616395168794624,-0.15970118121525639,-0.065293100367795009,0.98500372779132706,-27.969113285608589,17.227470188125594,-8.9265820928827733,,0.6285098389215017,0.845679012345679,0,5
0.90819420098295356,0.39340371987161527,-0.1428873909486485,-0.37213796702989893,0.91522470245728826,0.15452209391159419,0.19156363641304713,-0.087162246432416671,0.97760222790308016,-8.4246564877229559,-10.466083621652555,-2.6245461443289866,,0.1110390749672864,0.3125,1,4
0.69732446118371738,-0.67610019164984514,-0.23796454922084873,0.71493943333096921,0.67972416056964868,0.16381902272410126,0.050992180804821069,-0.28436525172554006,0.95735897191588448,14.810510621935926,-0.70392443825996043,-0.37643725246947929,,0.1518367861755373,0.24,1,5
0.82534878383689969,0.56329421167146976,-0.038717129495474421,-0.53162944030671755,0.79838738296261846,0.28275028722402495,0.19018286783545527,-0.2127844398059211,0.9584118420378388,-16.542747127829863,2.8477698118522747,-5.4469104079773416,,0.08141283407703534,0.2045454545454546,0,1
-0.25800173394310061,0.96290752799681156,-0.079020236708222155,-0.9636897912367165,-0.25065750227314881,0.092047828982113541,0.068826532300324247,0.09989949489990578,0.99261422484782891,-12.38953878039746,-17.160246752761299,-2.424356640392193,,0.596871771680086,0.7755102040816326,1,5
0.27257617933880313,0.95550108743228235,-0.11278252689484365,-0.95224273351384336,0.2846794510846315,0.11041461225868739,0.13760814992995141,0.077299948550296094,0.98746580448488308,-14.360956138377329,0.20735088374600319,-4.8033180835650207,,0.0852314503746157,0.27,0,2
0.97231940255863047,0.21738962061660841,-0.085654726992711872,-0.17378316030204877,0.91786971376368509,0.35681171750771318,0.15618704364786917,-0.33204960684141577,0.93024118700098457,-12.866816622972769,18.492023255963414,-7.0454955440480536,,0.422865879087913,0.125,0,2
0.81809796350109909,-0.52970984825807121,-0.22388210909709808,0.56910972518749359,0.8016811071642207,0.18281554395883312,0.082642863045572237,-0.27697450979171306,0.95731670731961549,-10.363663414324606,-10.046532045539413,-2.9902463997630564,,0.06639938610255702,0.3939393939393939,0,2
0.47272271310066571,-0.84365686005336193,-0.25451196239793444,0.88091905496781486,0.45986362013409937,0.1118350100450317,0.022690418977120277,-0.27707138676172,0.96058138204140719,-9.951337439450592,-8.0179492475523872,-3.1700272191183494,,0.1388898462395124,0.2,0,3
0.9513308186775381,-0.24143071809073535,-0.19152253600169014,0.279086026567678,0.93852349954312109,0.20318619682448863,0.13069301132421779,-0.24674855453989275,0.96022626897178909,-2.6593634507702704,16.800177813559088,-5.4629374262802308,0.248070477798363,0.2036912568952969,0.3888888888888889,1,5
0.43249249581166721,0.89711144655687003,-0.090229116826198857,-0.88521485718017867,0.44149638328866858,0.14654555663854638,0.17130352504858551,0.016492301224082344,0.98508025373888364,9.427546351837826,0.61078884448768056,-1.3699550475901352,0.4489244263905199,0.4867450713280518,0.7758620689655172,1,5
0.18467015695902905,0.97748474335597502,0.10208089750305585,-0.97441294234868692,0.16856274122992621,0.14868093372193247,0.12812630843078374,-0.1269258790607917,0.98360229275482236,4.0219378393097402,-14.044517620595881,-0.28933304198722115,,0.544223355846997,0.2272727272727273,0,3
0.95442764620873,-0.23346234753066758,-0.18591180822619396,0.2663020565177398,0.94742749671816551,0.17738194146184241,0.13472595461486148,-0.21880692573092808,0.96642249891302412,0.030591183101429619,-3.7525134154145117,-2.1439959588285706,,0.1036810657712987,0.4126984126984127,0,3
0.26639311129754289,-0.93717621066931467,-0.22524533382230144,0.96296722556795766,0.24869496642802766,0.10413902321086481,-0.041579234422554928,-0.24464579258361932,0.96872060132732152,-5.9401718767242064,10.437690054635343,-4.9385749819250933,,0.08242208267707568,0.2758620689655172,0,5
0.37857096316568695,0.92001395981046741,-0.10128346163943537,-0.91318995866662289,0.38910288427595291,0.12117361444879413,0.15089110390693913,0.046618228215980918,0.98745056360293137,6.7486915861185999,-8.5559510996135231,-0.58088719071468831,,0.3227521624028253,0.4,1,2
-0.98736369143620839,0.054628113778627196,-0.14875721837428016,-0.040962523419789017,-0.9947829568503378,-0.093428798746329408,-0.15308498459531275,-0.086154732575107362,0.98445027784361194,-3.0866634270585491,-9.4091489678958666,-1.9454251260359969,,0.1653446263113332,0.3103448275862069,0,3
-0.58315102518299455,0.80606728008504414,-0.10094761911169978,-0.81205828159726301,-0.58182104312127514,0.045228542653624075,-0.022276200693161205,0.10835042112317564,0.99386314808685183,20.008210773266946,-7.6190019137575851,1.330611510625485,,0.3692773533137844,0.5185185185185185,1,5
-0.93015966184743681,0.36362705295673087,-0.050777650889588397,-0.34591852747988616,-0.91429017855083727,-0.21074591752065977,-0.12305842440893371,-0.17846242115213054,0.97622117802192243,-21.355907210936152,14.438306362625811,-7.6268459646570514,,0.4270036341212562,0.1935483870967742,0,1
-0.56873501818756522,-0.7681581532617634,-0.29406382073398274,0.80369732074794287,-0.59503833154874031,-2.4703652489998383e-05,-0.17496026894632136,-0.23635235468505345,0.95578578600283781,-8.4492870782385747,5.669988897570633,-4.6729321601444527,,0.107876454185853,0.268361581920904,0,5
0.65644057456527294,-0.71012130372927207,-0.25458496824096583,0.75390422636445154,0.6294972059812578,0.18804702904222628,0.026724324766633233,-0.31537438331549539,0.94859095969450324,11.763499495330786,13.795890806644719,-3.0683305489761037,0.3208048089539909,0.182955309937534,0.1428571428571428,1,5
-0.75528829022065014,-0.62236452259861519,-0.20543125289537997,0.6279399082768663,-0.77695204697531473,0.04513300670363124,-0.1876994146203145,-0.094910050634623794,0.97763030437876941,8.3171641507659757,-8.5019776218513812,-0.35282282699730194,,0.1592889677218343,0.2222222222222222,0,1
0.8744706137383611,-0.43361369848180348,-0.21744035089417804,0.48095673621092566,0.8333622751685017,0.27237462477130725,0.063101217114929622,-0.34276300677714361,0.9373002494311542,-10.201953125824961,9.2926639675739544,-5.416754085914782,,0.2620887958554486,0.3,0,3
0.52341008055152094,0.84405614958380204,-0.11666663587683676,-0.83482649490561034,0.53539611448397784,0.12812386194254924,0.17060659711941004,0.030335077801567151,0.98487216026960045,-12.043368806318206,-4.8434669011715323,-3.849302929117524,,0.07630353804185733,0.3541666666666667,0,3
0.014487827548692643,-0.96224930366723982,-0.27178370158055859,0.99731328579390532,-0.0056138317331080202,0.073038995558777242,-0.071807470585462593,-0.27211167282052273,0.95958268256723611,2.6295604990128196,-5.5374813064576909,-1.5784464561403149,,0.1526069278786948,0.3114754098360656,1,4
-0.53764426528057774,0.84254584670888644,-0.03248292173610455,-0.84316276991192041,-0.5374174656216878,0.016093821150380237,-0.0038971073074764526,0.036041140913799265,0.99934270834197125,-7.009909357619617,13.978999922684219,-5.5937895058151383,,0.1734097993795858,0.2222222222222222,0,5
0.60674823613329576,0.78152917875101469,-0.1451506827744837,-0.77435997880326246,0.62237323497263475,0.11409723755423665,0.17950822036036415,0.043170582002813603,0.98280878082798639,4.121390332191603,-5.1856753648006313,-1.3743615656051009,,0.12387358175402,0.2857142857142857,1,2
-0.96943559324311301,0.19055171035908677,-0.15454667978509742,-0.20085208005540375,-0.97813867091690276,0.05388118775908337,-0.14090093147594318,0.083275363320363879,0.98651515009809643,-20.390245903649387,12.829804260626263,-7.2817272853522912,,0.1038119034872061,0.5263157894736842,1,4
0.96099698622479579,0.24567617260631894,-0.12699610498109501,-0.20390412499159655,0.93963866712470934,0.27477678769413982,0.18683656033622117,-0.23816463519508776,0.95308431225370571,-12.136159314556744,-8.7332266459168686,-3.3935602410047112,,0.219089741702952,0.2,0,3
-0.76377892927366609,-0.61968509626184265,-0.18064365106065464,0.61769948892562743,-0.78291957313036575,0.074055947704318309,-0.18732081725903094,-0.055021118493874907,0.98075664052867462,9.1160259384752216,-4.8731121628499965,-0.6881336073979909,,0.4049648900857877,0.9126984126984127,1,4
-0.24653925209151412,-0.92368968479373859,-0.29328444108714719,0.95980021657935177,-0.27461301566955765,0.058062344760611381,-0.13417131374621674,-0.26717982302283733,0.95426044701491164,-0.69740237634868274,16.298561074531598,-5.0987377905860409,,0.6481230895013206,0.5652173913043478,0,1
-0.92818066409092514,-0.29342616379388592,-0.22887057742080366,0.32124390959746069,-0.94224066564152298,-0.094788599303697388,-0.18783771014965819,-0.16150422413244167,0.96883093480395732,-6.7190195179988015,4.1054287996362806,-4.2103392561558017,0.620159157406048,0.3299278043511238,0.1287878787878788,1,3
0.14051743010959603,0.98478151474279074,0.10227521721458033,-0.97905426918797522,0.12283724382077961,0.16236917661709702,0.14733495790271389,-0.12294868747330784,0.98141532004977183,-0.2777876098638738,-11.123129870128384,-1.3391254408227919,,0.3241211098165827,0.1639344262295082,0,5
0.50773066306293158,-0.80946956854033691,-0.29490437669318903,0.86102025006640581,0.48839232016800982,0.14183465929205608,0.029218192299680996,-0.32593244577370756,0.94494144687949289,-16.291411011752007,-3.0133491945160542,-4.7410136489526673,,0.1793282504956356,0.4473684210526316,0,2
-0.81068086473959333,-0.55245843193315536,-0.19387164963197503,0.55384937859346561,-0.83098825109201457,0.052051823970594387,-0.18986153211405404,-0.065178275007804973,0.97964503320861562,-20.947838389932325,-2.3224260341256349,-5.5135897006532648,,0.1120781735301974,0.5151515151515151,0,1
0.11916654725180857,-0.97490119600312308,-0.18806113912173081,0.98955750846075663,0.10114932377972331,0.10268764165100128,-0.081088047608893696,-0.19833424396857249,0.97677441418394684,5.9586905709733857,-7.5540119256692106,-0.81978059989477015,0.1124756056257533,0.1178737673014629,0.3055555555555556,1,5
0.95240356070369803,0.29228272231765917,-0.08659253890200605,-0.25289599014854325,0.91617441093682472,0.31091488692462083,0.17020891787948489,-0.2742175395176974,0.94648489966568106,-1.6215507142358974,-6.2248807470247352,-2.1306278140000039,,0.4174856275018393,0.3559322033898305,1,3
-0.18578205255893018,0.97770077748317008,0.097909236825720225,-0.98166651358409929,-0.18900490123618616,0.024657725287180583,0.042613202820598509,-0.091533256347098038,0.99488983205572368,-5.2367408715545167,-13.221444689657618,-1.7903765029965879,,0.1987545149415157,0.1666666666666667,0,5
0.98280877469472727,0.030667454992212257,-0.18206158185446816,0.0080133179936602798,0.97809322067057269,0.20801307269736799,0.18445243050115404,-0.20589599044801396,0.9610328516755553,-22.268630329033268,10.376113932791554,-7.2399863901565045,,0.2340869649768393,0.2325581395348837,0,5
-0.57921821294857334,0.81320969205618898,-0.056535462627822067,-0.81487138285037763,-0.57949506745141688,0.013042093811722,-0.022156064636508419,0.053623348882352422,0.99831540369487781,10.293853004233199,8.8352006296313998,-2.4364299339659894,,0.2240146257361695,0.2857142857142857,0,6
0.53485064043673958,0.84376470566099993,-0.044675652264028212,-0.83741828630993187,0.53638614379245808,0.10497865736040814,0.11254068676770659,-0.018735693962682379,0.99347046639222747,4.3002861169938109,-6.7871812974531043,-1.1850395473967035,0.4559992599110078,0.3163072956177445,0.3333333333333333,1,3
-0.55217621331312272,-0.77223541675724838,-0.31425131751026886,0.81730266543401331,-0.57582289667230713,-0.021079486292858687,-0.16467477804945746,-0.26847803033706985,0.94910577108175331,7.717373900624783,17.019633174368181,-4.1267220244274458,,0.21128604827377,0.2,0,4
0.19567275447628948,0.97138461792044395,0.13462576730780665,-0.9724325714258204,0.17443725695265566,0.15474668790316817,0.12683480273895281,-0.16119419175140021,0.97873866039907931,-11.512873907921101,15.779255450059257,-6.4672533097370497,,0.3500496859958913,0.3157894736842105,0,1
0.11539331279927371,0.98761410000217831,-0.10631449966066454,-0.98698385161400159,0.12606813570426789,0.099848394144532227,0.1120145526902669,0.093408857379472979,0.98930658814578898,10.117451847632028,15.997377389045289,-3.6042160362619637,0.2769451437919624,0.1950211723484254,0.3125,1,4
0.9408372117238224,0.31149431499873714,-0.13340402077602903,-0.27003359459972398,0.92703389107974932,0.26017306274303625,0.20471247842595139,-0.20875693165259793,0.95630191083344451,18.042587359138512,-11.640071495796143,1.5614058310449686,,0.3896118747481111,0.2,0,4
-0.89738644004381873,-0.37178688701372947,-0.23763856562040192,0.4052735679868697,-0.90747117871989069,-0.11067698443634912,-0.17450189774519306,-0.19562865443838268,0.96502772874459619,7.3637842726177025,8.445794949437655,-2.8712578674269982,,0.1738846133019671,0.2352941176470588,0,2
-0.17593974489298481,-0.9686013896368314,-0.17566033747146825,0.97657066565175177,-0.1942011781266087,0.092712660423112214,-0.12391505620983098,-0.15523289086993086,0.98007540956636496,-18.013636291652741,-2.0215824998848388,-5.0885909245384511,,0.8966785680834977,0.8947368421052632,0,1
0.15289169009752404,0.98587519356898101,-0.068368368449506708,-0.98094262611466654,0.15979212352020525,0.11053525017914008,0.1198986879427139,0.050165525674792849,0.99151788923013762,12.20586847388871,-10.970801023800698,0.5791840539548333,,0.07914881612625795,0.1333333333333333,0,4
-0.61721810454328618,0.78678330340640756,0.0037208742109605016,-0.78629267043285878,-0.6166509394616031,-0.038541604594071598,-0.028029410403299985,-0.026714272253290504,0.9992500687067376,-2.2391079865505108,15.882435665440825,-5.2404862508090115,,0.150665590395203,0.34375,0,4
-0.95425354073402968,-0.22002187941536189,-0.20246123721616616,0.25145100337984333,-0.95690935761451079,-0.14524763064868085,-0.16177939577040945,-0.18951214707326167,0.96845886500968381,3.6780393908850733,11.271763425447572,-3.6758837397083699,,0.2719231705260336,0.375,0,3
0.26127436592398351,0.96382559144094249,-0.05268714259225947,-0.95311284588377876,0.26623430352714034,0.1438582588409219,0.15268139612390111,0.012630317056002737,0.98819475123516021,10.004755224805431,13.573026130034858,-3.2384006053182586,0.7366404024324595,0.3135754396666479,0.5945945945945946,1,5
0.32601864746799752,0.94536211405993276,0.0015214477553934199,-0.93541099162767338,0.32235314526797032,0.14524023711761072,0.1368141741387584,-0.048774204616596893,0.98939524898735398,-10.152446703988199,-15.529935380324325,-2.2816158125778254,,0.3050949789472336,0.1428571428571428,0,2
-0.89359754753293885,-0.39128265116136857,-0.21995751849675066,0.40614438797132407,-0.91346596782190947,-0.025033212949621079,-0.19112864558332499,-0.11170412942820516,0.9751882014801917,2.2158023914472538,16.353164092987701,-4.7065628762526117,0.6397116909177319,0.590229973912571,0.2727272727272727,1,3
0.98340863871750483,0.069550294993991388,-0.16754165381191749,-0.0060362248031295036,0.93561700258764369,0.35296513773889743,0.18130364940041804,-0.34609764653224895,0.92051366409137458,4.4501494516783886,12.630777821412636,-3.8037446248221189,,0.4820228497974742,0.5909090909090909,0,3
0.90076084609719953,0.41667467263658697,-0.12252393774871417,-0.39588943874067073,0.90373198108293296,0.16291119869890602,0.17860977137842798,-0.098238096231100192,0.97900348621291189,3.7906499278246613,-9.7612994138886435,-0.86830236938553407,,0.3486163929542422,0.1521739130434783,0,2
-0.44614100194234069,0.88740732737229955,-0.11604499865068726,-0.89493959068814111,-0.44329471253750929,0.050724026409885152,-0.0064292616083139733,0.12648333155890776,0.99194789753944856,9.344573875647697,-12.909721405439777,0.39241114771698693,,0.324134892355082,0.3571428571428572,1,4
0.51992649184700968,0.85104813126842072,-0.073440597357251169,-0.83708985508275202,0.52474600366368218,0.15466805150557536,0.17016761617063891,-0.018939638421134226,0.98523310566752587,-15.901602765036495,6.5424296069678638,-5.8408569510197639,,0.09062451076863288,0.2058823529411765,0,3
0.44113264045033662,0.89200297472185552,-0.098654379612231391,-0.88049304381073989,0.45144188998776474,0.14467971442179781,0.1735914552338684,0.02304155054754551,0.98454816724127425,-20.935270922961948,8.2682621086875141,-6.7832311610002138,,0.4681756860967609,0.7090909090909091,0,2
-0.97311965742633999,0.17078209195677546,-0.15450439928141277,-0.17766714004414791,-0.98357652522024308,0.031805760236244152,-0.14653504590703162,0.058401165249845899,0.98748001712362987,2.0778465682532339,17.690468545133093,-4.9238713992624161,,0.2455990338434272,0.4615384615384616,0,1
0.9859915077372069,-0.00072948040034276969,-0.16679392833210335,0.043235757733865912,0.96692843038989496,0.2513564794408773,0.16109443169547413,-0.25504681602027346,0.95341476059196439,3.4518397352881203,-7.2629139612016669,-1.2483258274151512,,0.07965583222276279,0.1428571428571428,0,3
0.80501480060334329,0.58147201219696487,-0.11764977620536103,-0.554389922593581,0.80793397987180471,0.19973607059114018,0.21119418679556987,-0.095566642716579817,0.97276103553937576,13.523061402517516,12.865589500735233,-2.6398074276037451,,0.4816323035594343,0.6216216216216216,0,4
0.36455414914747458,0.93021542483232067,-0.042420935201700614,-0.91815220115116813,0.36667412192566018,0.1501553323439147,0.15523146543348176,-0.015790874392259551,0.98775191238757021,-4.2153788381238346,-4.07271025357542,-2.7393938431967109,,0.2010156786875699,0.3333333333333333,0,2
-0.97873014600655028,0.055600678609663202,-0.19747370922768934,-0.053626459835210097,-0.99844330606600418,-0.015335167998106762,-0.19801894884969887,-0.0044191752774133857,0.98018823028351432,4.2285395635399432,20.406567059503793,-5.1133812443276216,,0.1941429850599556,0.1,0,4
0.61166309683595133,-0.73420760174147159,-0.29463104641923049,0.79067350009577542,0.57983027809297916,0.19655092178088318,0.02652682067927006,-0.35317990621162954,0.93517927780345667,-18.692532961755159,3.9520777771520512,-5.9030871186073801,,0.4205864107780731,0.2,0,1
-0.62317669865709258,-0.72107553585682982,-0.30282152142744495,0.76015528008282851,-0.64949912769898921,-0.017743541936367544,-0.183887880005842,-0.24124874032217691,0.95288209810024194,1.9548410130144154,-11.780263237136822,-0.93261197446063715,,0.3871936294686672,0.391304347826087,0,5
-0.89648241726047528,-0.34723016428369691,-0.27522806643642111,0.39865669013042915,-0.90320783658429749,-0.15902341760559385,-0.19337041903317395,-0.25228320781262648,0.94813557263647941,-18.348579643670053,10.522447575878299,-6.6933095876641646,,0.5151802547712955,0.28,0,2
0.67248752219378871,-0.71630809829514952,-0.1861806671232073,0.73893900017278669,0.66396930400883414,0.11451601354248982,0.041589500084734013,-0.21458674621422483,0.9758190620355246,-12.520548962997058,10.519663154001963,-5.8931542357918971,,0.07078121363554009,0.2758620689655172,0,3
0.89827796536376692,0.41771815810859159,-0.13641201313775916,-0.39226102466393153,0.9021634068324621,0.17953405220750512,0.19806056011112624,-0.10776236708058293,0.97424806223551486,4.0317227516627447,-11.538365229140535,-0.60236403728711641,,0.13008573096469,0.2727272727272727,0,6
-0.94658362429897269,0.3039536557678702,-0.10766437365428047,-0.29475509684054324,-0.95100236903160285,-0.093348417141377163,-0.1307626670557902,-0.056627460137513262,0.98979515843573929,8.5756622096749169,-6.5618316562587449,-0.55728037590918122,,0.3871290107592065,0.1538461538461539,0,1
-0.23907213441989791,0.97065285180146754,-0.026029902681185661,-0.96953104707857563,-0.23714932206887487,0.061398271905593237,0.053423433946484064,0.039915414716006854,0.99777387036012033,-15.608022339634612,-4.6478323948104912,-4.4269835894606926,,0.5118125102408182,0.2258064516129032,0,1
0.98065115989485296,-0.047764722076112369,-0.18984686966571332,0.094199130132277709,0.96525780339547917,0.24372914652633448,0.17160951744935593,-0.25689668022207868,0.95108057976791482,-21.244312921292554,12.437021761533172,-7.3551259267710405,,0.1539281311398473,0.1136363636363636,0,2
