axis_00,axis_01,axis_02,axis_10,axis_11,axis_12,axis_20,axis_21,axis_22,location_x,location_y,location_z,dbh,dbh_approximation,score,reconstructed,number_clusters
0.86488818587618577,-0.43124680444243751,-0.25689417975109202,0.49489323078952518,0.81817390547886037,0.29269805348203842,0.083959014111088637,-0.38028627907361406,0.9210500691590221,13.784988253984396,16.419469666255914,0.14312457390594496,0.3826820392028036,0.5190211506809896,0.7826086956521739,1,5
-0.98291588639119587,0.090922292345744657,-0.16002967548053251,-0.088689345024236269,-0.99583675491232437,-0.02105605957586397,-0.16127789792461206,-0.0065034083591066017,0.98688760521182584,-20.564531874678728,11.484004485650818,-5.7602852723082751,,0.1314868347887564,0.2068965517241379,0,1
0.41870483265194092,-0.8835560484883076,-0.20979745540315167,0.90769138385920822,0.40006796250436649,0.12665692655895192,-0.02797525302236175,-0.24346320986410244,0.96950660165931957,-4.7840759962003911,-11.119219735744913,-0.021757073556576266,0.1868781304645473,0.1605912395667891,0.4545454545454545,1,5
0.98308466667634031,0.0026178692145411653,-0.18313297056140315,0.027672662491215468,0.98629570954288925,0.16264992188112046,0.18104905936379637,-0.16496642112279356,0.9695397454490563,-21.209764068196129,-1.9735263182682481,-4.1013029757284052,,0.1175502557203562,0.3043478260869565,0,2
-0.71895532849992394,0.6930820800308749,-0.052349459993809647,-0.69493466504531709,-0.71819668905439815,0.035486999727416889,-0.013001805256206613,0.061893021992602999,0.99799809964182995,16.132054013247942,-9.5786023696148828,3.5941426916398158,,0.4176830855531947,0.5,0,5
0.79831532123754489,-0.53209855613139512,-0.28207051324142446,0.59853505384074845,0.75286974204912216,0.27375708361746703,0.066696605620138891,-0.38737356397897516,0.91950708791666158,-0.587208713062492,-2.2473937582714494,-0.87657696222064729,0.8739626773082598,0.6562245057280768,0.4396551724137931,1,2
0.57699387605757846,0.80997473458737002,-0.10497140716486499,-0.79329624797778575,0.58635581801768655,0.16391436063132767,0.19431708606404019,-0.011304158833333602,0.98087363409190043,-26.860849872857095,-10.500128124525155,-3.7809948304423924,,0.1941154470023393,0.4444444444444444,0,1
0.93088036830121834,0.34978825966868321,-0.1054035735131489,-0.30148923803962391,0.89849408093313343,0.31908090803808759,0.20631524242691052,-0.26524811012724941,0.94184789685821757,0.71182626487143275,-7.3279769788244051,0.28240674773360191,0.8978174810861808,0.7928193202818083,0.6730769230769231,1,2
-0.51035963646640969,-0.83446821365886348,-0.20783609373460449,0.83889690561761665,-0.53626365847854451,0.093130394288836127,-0.18916929774955943,-0.12682306173638885,0.973720128065938,16.919128404557458,-3.0237016759916195,2.9077978171934888,0.4388988943492516,0.413714274913244,0.7714285714285715,1,5
-0.97586406473715925,0.17867942481186028,-0.12555074792118964,-0.18752656618480185,-0.98026934140997102,0.062496442031497963,-0.11190672066325817,0.084532132592062242,0.99011676302839724,-26.840483130522848,6.8351736249057025,-6.2721866211471919,,0.1546872792106709,0.2,0,2
-0.30696270218113508,0.95168657670576118,-0.0081583814402799524,-0.95039603368951919,-0.30607164995392083,0.055385234870985199,0.050212335306032509,0.02475489471910277,0.99843172854760609,-7.0930458956276867,-12.274064374463705,-0.19484335406915237,0.7681256169055605,0.3884678570322594,0.8,1,5
0.96383446322066413,-0.20188265727628291,-0.17397275706040935,0.23728227495631279,0.94727356163364118,0.21533676281924541,0.12132703532061628,-0.2488296447792788,0.96091808099302978,4.4904348132897924,15.922314873885814,-1.6777528701565214,,0.1358626368908062,0.3529411764705883,0,3
-0.95478179888617121,-0.22806727099078214,-0.19072764985314467,0.22369774696068001,-0.97364534628792809,0.044430368629751006,-0.19583420161044957,-0.00024403826976454197,0.98063698988204628,0.05295931989470512,4.5637474789499564,-1.4795360485448568,,0.1326471112170776,0.3607305936073059,1,5
-0.85170153019719519,-0.46300685301799449,-0.24541629432075282,0.47335883870330164,-0.88067058822543642,0.018727649508834373,-0.22480194234307352,-0.10021960433486832,0.96923687384753621,-4.5279696008795423,-8.6029950624751468,-0.33964518090619722,,0.1558742120815434,0.2888888888888889,0,5
-0.92694499273703446,0.36500463826978274,-0.086859625150494668,-0.36100522440516969,-0.93072343315775874,-0.058558679315777969,-0.10221647808407615,-0.022923896103850882,0.99449800733611715,-23.226844258551122,12.748462072294517,-6.4518891977789332,,0.3349928936774851,0.4736842105263158,0,3
0.55573798604787927,-0.79540863411077212,-0.24182720203790939,0.83135702984181692,0.53139795688191405,0.16267052699957688,-0.00088306060939804328,-0.29144693548528527,0.95658658991238044,-3.4915242245113469,-9.0723033054160904,-0.13349045526389963,,0.1045618190646074,0.4210526315789473,0,4
0.98113989461023643,0.095867815001876383,-0.16785073503259243,-0.070581979379131035,0.98606903427288839,0.15061886945219882,0.17995191410801789,-0.13593094458180083,0.97423820850650344,-18.431396501417375,-0.28152376945300012,-3.9022514576256357,0.1374471719405858,0.128842172778828,0.4418604651162791,1,3
0.25142190102183193,-0.93747990373150147,-0.24066253922483022,0.96510216085636136,0.22401046711560313,0.13563601930545938,-0.073245114492024754,-0.26636580246387498,0.96108501834167925,1.0397533140704749,14.802279535100721,-2.2497845236357192,,0.1759119558430278,0.3666666666666666,0,5
-0.56603073530391124,0.82354627164172967,-0.037158379355403545,-0.82310697468471972,-0.56207139822451901,0.081059555410216519,0.045870632398971246,0.076467520967666375,0.99601636699422669,-17.876192425777187,1.3638404280738279,-4.053171562881789,0.6430899324716536,0.2097459839860554,0.1935483870967742,1,2
-0.32008081341711359,-0.91841332247100294,-0.23251933680881981,0.93275715907067214,-0.34846813475315813,0.092379874778352092,-0.16586848731645226,-0.18731505056836545,0.96819456554244476,-31.113436189725,5.3184791356683814,-6.8054856875721175,,0.3064782896541361,0.5862068965517241,0,1
-0.030907755899220971,-0.97817873163163638,-0.20545335141778018,0.99207363753272693,-0.055069962494009757,0.11294776201187977,-0.12179740694225821,-0.20033389182670028,0.97212742140509056,5.0192091764730273,-14.311712168015786,2.1792232426696745,0.5517183100445957,0.5495676627110082,0.7611940298507462,1,5
0.97282234321261618,-0.12608450234817792,-0.19421479555875271,0.17865270269030215,0.94229451346883997,0.28313293999104527,0.14730886045233763,-0.31013504825178134,0.93921049370101251,-10.469003641141208,7.516542872069734,-3.6262478094328441,0.2319769513535595,0.163701894105987,0.3414634146341464,1,5
-0.11053562786355714,0.993847763639926,0.006964027622523873,-0.98863228428333338,-0.11066873106116348,0.1017773964985824,0.10192193799926978,0.0043651658880210047,0.99478282246993122,-7.6040917507479273,-10.564803747477033,-0.51254857477246596,,0.1101834386653458,0.3225806451612903,0,4
0.56706687028636782,0.81062664166873855,-0.14601237084742205,-0.8006330261169714,0.58410934910206791,0.13342797975813667,0.19344746603252036,0.041239739432005651,0.9802435216705977,-17.432712009080259,11.13109022477966,-5.2274891312606009,,0.4345726769549708,0.2142857142857143,0,1
-0.37834556759776233,0.92557238930781394,-0.013053108064794275,-0.92453680717056996,-0.37715128327449088,0.054668105063664943,0.045676292165349193,0.032751514093683744,0.99841925795659425,2.3033340376896918,2.449461737342892,-0.80963403304985559,0.3415179823953228,0.178794905299872,0.3076923076923077,1,5
-0.91097708456383675,0.38973024385682259,-0.135022547831367,-0.39980540239190365,-0.91483617775575055,0.056836679068153866,-0.10137253877564725,0.105759656261497,0.98921105103492935,3.7067939090571262,7.3181286162610188,-0.95420272397756611,,0.1495107989462449,0.38,0,5
0.78031869472235083,0.62382607183352168,-0.044088170381231417,-0.57359921284426896,0.74201466929648774,0.34698439961078698,0.24917198416202679,-0.24546947396688951,0.93683406196571284,10.404741159938357,-9.6579509553934404,2.4501595536185605,,0.2936848340190561,0.2,0,3
-0.92257253097478098,-0.34259924365703293,-0.17744205627870971,0.33211960164274584,-0.93924610211808945,0.086679466199553967,-0.19635807927215926,0.021036109469310702,0.98030657796576293,3.0931635576290284,-11.429438826697709,1.3787378335234752,0.8101340813607512,0.2495684516577033,0.2222222222222222,1,5
-0.81991924336961242,0.57157675602111879,-0.032131702858374092,-0.56627980642246367,-0.81799948647804022,-0.10101495413947946,-0.084021516234480662,-0.064628570292393855,0.99436589478502424,-10.574311889047454,-6.4136459205890803,-1.7492208901367607,,0.3486883723203735,0.107843137254902,0,2
0.2908251428173288,0.9509108198475601,-0.1057797192382543,-0.94295869880839422,0.30358961083212105,0.13660981127424043,0.16201737143548089,0.060016338539142143,0.98496112129438629,-5.2407644108695353,-6.036991209028268,-0.91885950711142361,,0.08611458849788887,0.2166666666666667,0,4
0.18635550776320095,0.97634085830880046,-0.10968205469973599,-0.97186015715669283,0.19956009623544171,0.1251543164332361,0.14408143411865715,0.083272422730082327,0.98605590305771962,-2.4352208473470798,15.938935609352248,-3.000837976547519,0.2653755029210788,0.2542774958609078,0.4848484848484849,1,5
0.19123411485455791,0.98062120047814649,-0.042562594946650698,-0.97035461630979425,0.19540520528300923,0.14222772006390585,0.14778847019326499,0.014102018334403528,0.98891845020549118,-0.54886235935090966,2.3926980213786,-1.3400426613078016,1.222595953431562,0.7037298576969387,0.2809917355371901,1,1
-0.59504329809983514,0.79357900059907294,-0.12710563793415322,-0.80364054871555923,-0.58933362244753806,0.082751132397194685,-0.0092380650910323797,0.15138775135736693,0.98843128587288975,5.8756393162667955,1.7226009271164688,-0.023543829181856147,0.6677535963957087,0.7015568226149344,0.2375,1,1
-0.5379177664047895,0.83985266866861552,0.072745938142875527,-0.84298918975529724,-0.53628492336397771,-0.042044106937833343,0.0037016944484646913,-0.083940311547535049,0.99646390880729507,-19.98990634780516,-0.92794319017078919,-4.0308714932434979,,0.4764699603763451,0.3376623376623377,0,2
-0.70222477432403108,0.71111408417352884,0.034599503112121746,-0.71089310150234142,-0.69769490601379969,-0.088616117940108277,-0.038876272480057567,-0.086824981499780587,0.99546474474268443,-7.7009693699344943,14.673616664672007,-3.8834462438105914,,0.1502404086354092,0.6,0,2
0.1536532205030042,-0.96954251766665567,-0.19073016087042519,0.98417070162986575,0.1329096450359081,0.11723078226219508,-0.088310349803590232,-0.20572392348249632,0.97461733486765745,-23.003272605699575,1.3050667608286763,-4.8710791585036555,0.347101414126734,0.2611467131604086,0.8518518518518519,1,2
0.19986655165266135,-0.90448053408923557,-0.37678684290209319,0.97759131164845758,0.1581376948952834,0.13895213867607709,-0.066095301799171433,-0.39611542876648831,0.9158187474458136,5.6594066401914072,12.686345637956373,-1.1058732684311015,,0.2425075208420993,0.53125,0,5
-0.0067280192690734944,-0.92684843607526524,-0.3753754258093504,0.99545762348197153,-0.041857943494579442,0.085510422861957702,-0.094967645060521522,-0.3730950135169871,0.92291996255386055,-10.231458799356732,-16.29394236960205,-0.13753142086817344,,0.5234313675317475,0.7307692307692307,0,4
0.9425151531739725,-0.27358918230890744,-0.19187012628595032,0.30855027687595038,0.93297724809745941,0.18533801869089267,0.12830398542998361,-0.23388547166516083,0.96376121185008667,9.8907132433005049,6.3629204371635257,0.34471446448926762,,0.3659050557308814,0.625,0,1
0.87416362697275252,0.47102807575711819,-0.11819689135670919,-0.44193792367731288,0.87248700136907176,0.20846415533081686,0.20131772126076877,-0.12999609336650106,0.97086157139718943,-2.7999037009136489,-1.6710634445197809,-1.2508577465401278,,0.1012392118966841,0.1895424836601307,0,5
0.96326824684148915,0.25267137267642087,-0.09094757861943796,-0.2072234382927661,0.91479861427320674,0.34670151708053704,0.17080026712230217,-0.31512009258953166,0.93355588798813571,-9.5177994829704176,6.3998743140630099,-3.3027848013184888,,0.36159971721196,0.1777777777777778,0,4
0.47985309122480463,-0.82857852284719002,-0.28844174857043281,0.87659887443217266,0.43920064232331862,0.19666522093911962,-0.036268777016156717,-0.34721812634013483,0.93708278639328302,6.8772180048842202,11.803503746378169,-0.7643641746023897,,0.1962827308893367,0.1666666666666667,0,4
0.90837958196891522,0.40402745600970214,-0.10774205238581008,-0.3650025466204096,0.89186806257530571,0.26710391221168039,0.20400900966034372,-0.20330561661817789,0.95762578820168975,1.6865453626305051,7.2609543080047745,-1.4071639423468834,0.7747441877363191,0.3583996759307038,0.1428571428571428,1,3
0.67549828522343158,0.72814487695377894,-0.11622007066840888,-0.70926060256789258,0.68473142236271378,0.16760750840628999,0.20162208288090225,-0.030788267166262019,0.9789793758295755,-2.4957551927519561,-6.4271965514245917,-0.40221110482241007,,0.08895942838784107,0.3421052631578947,0,1
0.25009428842464981,0.95617323268025722,-0.15226817133976367,-0.95550709420494073,0.26914156763190011,0.12070215199686389,0.15639386120113188,0.11530639912177808,0.98094107595725166,7.9222878166492015,1.4639688161969859,0.39583222232012749,,0.1228074825996844,0.1111111111111111,1,2
-0.96227606483220307,0.25622293233893451,-0.091512753180562137,-0.23448236757137833,-0.95159593482223781,-0.19870378991833826,-0.13799563163075004,-0.1697497740011101,0.97577775127197963,-2.2783473777002623,-10.862863372310496,0.34578051535731069,0.8257192519560305,0.4790615873274383,0.2647058823529412,1,3
0.92288140444258104,-0.3375641677687079,-0.18531148365038966,0.36784044972279711,0.91516107373160516,0.16484420728113341,0.11394435870993923,-0.2202967130145945,0.96875489229894773,4.4041883840696796,9.2674375309243793,-1.0078472871001232,,0.1034876272375529,0.4516129032258064,1,5
-0.94597084793335195,0.29192787809637094,-0.14112855434108756,-0.27783230356569844,-0.95414874303678121,-0.11139742930924219,-0.16717764789478434,-0.066168649309778213,0.98370389035160721,-24.992413809802883,-1.6645383811069059,-4.7477674986867919,,0.3177301553884936,0.3157894736842105,0,2
-0.9850571425183573,-0.011289252755014488,-0.17185743727230068,0.0007389581792883595,-0.99811724686638925,0.061330379492294827,-0.1722262462993914,0.060286932913302463,0.98321086538215652,-23.916261061872117,4.2534139412780236,-5.3795877690248455,,0.09753360591943257,0.4074074074074074,0,2
-0.68707308923493582,0.72468289201278802,-0.052585892339515633,-0.7254473787785185,-0.68824949667569602,-0.006223419399879168,-0.040702219503826978,0.033872353765751317,0.99859701230167397,-4.8405887680396198,17.290772104161011,-3.6619585240831527,,0.2921223060073846,0.2903225806451613,0,4
-0.97493082451451218,-0.12285628063161945,-0.18551609558423232,0.12887052107709607,-0.99144600035694763,-0.020669232533612181,-0.18138984593623475,-0.04405862782220505,0.98242381949220525,0.12408176114130688,7.8819974312697187,-1.7228824152645592,0.2914020357696318,0.3603130821144713,0.487603305785124,1,4
-0.22558844240146206,0.97110562800908984,-0.077869852343213683,-0.97275157234605947,-0.2201361688994099,0.072762941395738648,0.053518530932299579,0.09216249991923009,0.99430470201819277,4.0175322222695078,16.894351066039224,-1.8061472339429276,,0.1645345020694748,0.4,0,5
-0.75448546559425589,0.65486136042058929,-0.043683873856540489,-0.65403082339667551,-0.75574069057654136,-0.033161584008585064,-0.054729921012964172,0.0035506668369893074,0.99849488156471167,-10.781170338382246,-11.215340397663152,-1.0192378046410728,,0.3335177613806111,0.2142857142857143,0,1
-0.98516212747569165,0.010625054074148058,-0.17129708349382672,-0.0023337649309322795,-0.99881890799479556,-0.048531871727053158,-0.17161041963941689,-0.047411994874772281,0.98402335674168739,-14.17018043628811,13.402855087215885,-4.9808410790956614,,0.2589358037836537,0.2941176470588235,0,4
0.68359156721728653,-0.64278282383673191,-0.34573517409990429,0.72908908596479172,0.62322408266471963,0.28287956361982575,0.033640362014086045,-0.44544582629899604,0.89467666890132191,-0.63159028531913586,9.9553698770534034,-2.0909037182246486,,0.306570029962968,0.4761904761904762,0,2
0.58843022635573272,0.80850960299267471,-0.0078797575831854802,-0.78455102544086097,0.57329571509632238,0.23624502435372199,0.19552380210766046,-0.13283164126376268,0.9716615655095866,-8.6329738555560116,15.258174110190238,-4.131579420790862,0.8346061362990711,0.3060075160831654,0.2352941176470588,1,3
-0.76448067019540022,0.6350331369968637,-0.11091537230481173,-0.64343212913632808,-0.76221783268284116,0.070845400241398335,-0.039552497932290494,0.12552645321283909,0.99130152297427709,-5.826896764849046,-14.245195504162172,0.30634382106117275,,0.4833294585974366,0.1666666666666667,0,3
0.50415860410180113,0.8518461013502352,-0.14206449776256341,-0.84302169195281207,0.52114050127085831,0.13314279864933365,0.18745273752906921,0.052638365756967481,0.98086220930531032,-10.983541218798274,-8.3757562213753154,-1.5119756174453227,,0.08190823402837991,0.4074074074074074,0,1
0.98093852028197037,0.093417693217571929,-0.1703900056368518,-0.062142729703328042,0.98162350219249517,0.18042610977449824,0.18411382504319954,-0.16639842107798922,0.96871753617383982,-6.5911461263265965,14.353970023118222,-3.6176303908266818,0.3846866959962723,0.2781063407524366,0.3611111111111111,1,5
-0.18967820791987272,-0.94303328005263487,-0.27333205109074532,0.97038098504841053,-0.22247187557070022,0.094164794039652513,-0.14960922864843895,-0.24737521560015488,0.95729962990173334,6.8434819644190368,-8.9691414722009988,1.6060756563341263,,0.0801048401214025,0.2380952380952381,0,5
-0.83121671129328956,-0.49006270408178471,-0.26252109426638082,0.51551215160654695,-0.85621052311324697,-0.033922878063764456,-0.20814898609591478,-0.16353007728913266,0.96432977420022337,-0.9484261000662555,-10.660470865320008,0.57425158769495899,,0.2696146597905615,0.1739130434782609,0,5
-0.95818985691126324,0.2439197536463116,-0.14958392926212755,-0.24726705926400547,-0.96893946681300536,0.003912934328686603,-0.14398333068555269,0.040736512286308604,0.98874128924175297,-1.062202728685911,-7.84062900064046,0.044778379523661149,,0.1703274317862848,0.15625,0,2
0.15569792388622208,0.98718958691752623,0.034855071067557468,-0.9715345771009567,0.14666021351269343,0.18604125152684917,0.17854613407964176,-0.062829143349368136,0.98192350860502342,8.3847756105116371,-6.805165749876565,1.562275977113933,,0.2793262091035902,0.2142857142857143,0,4
0.44285533728386928,0.89471350402390415,-0.058024959771282442,-0.87815733596706547,0.44589644403638939,0.17325141985833961,0.18088350816594095,-0.025770271883928851,0.98316684726480252,-27.908170206005241,-1.0316208611219282,-5.3179473118347369,,0.2319868264069909,0.4117647058823529,0,1
0.87391676085065417,0.47688011948073444,-0.09410019526197555,-0.44116353095892563,0.85943980630057148,0.25833690850881097,0.20406918938476351,-0.18425137988649429,0.96146096902254374,-14.653262831983044,-16.008460725023465,-0.92267891951359671,,0.2696478697842208,0.5151515151515151,0,2
-0.87984507307556326,0.45307145348006844,-0.14352318776461262,-0.46410344157374683,-0.88412648365355417,0.054114290365915058,-0.10237501113094809,0.1142217971486225,0.98816635145712117,-9.63019797505269,14.237084741893765,-4.2552345136301248,0.2529991368828068,0.2612809941516437,0.3188405797101449,1,5
-0.42490042856113502,0.89498660947014941,-0.13586241083423867,-0.90506699076394814,-0.41707239238828586,0.083092489052886589,0.017702204327602378,0.15827061754046248,0.98723707567397689,-14.227889944239349,3.1494655033800663,-3.7322149232972217,0.1685261408222226,0.1614076516767649,0.4142857142857143,1,5
-0.94367860483979993,0.27975317324649396,-0.17666027517845106,-0.29709121753557183,-0.95146826800487638,0.080280405100072616,-0.1456279479730464,0.12824311692374568,0.98099245854942341,2.1804404082989732,5.5858291142681509,-1.1121059326541247,0.2970944857527183,0.1721989586549331,0.3608247422680412,1,5
-0.96705720922805394,0.19784171566396336,-0.1601842989284169,-0.20147176486149287,-0.97947221054816969,0.0065815444599382654,-0.15559396531885239,0.038637343426047334,0.98706518206718985,-9.5658662154384899,-12.142949525581857,-0.63361574889204175,,0.1292655356219609,0.2272727272727273,0,5
0.90861280039943204,0.37419011940133445,-0.18548459098457876,-0.33421380870455442,0.91779757687196806,0.21435656733382019,0.25044741767783696,-0.1327756093202293,0.95898213150618428,-21.211522734492242,1.0527104294273868,-4.5221588095868581,,0.2211436664488333,0.3714285714285714,0,4
-0.92766878919073459,-0.31460076693710209,-0.20113919310761535,0.32402722227205066,-0.94593021110718845,-0.014912911901009141,-0.18557202587689339,-0.079008816959219505,0.97944914623202817,14.304413675914866,-2.6852258996525893,2.2548504780072975,0.6315755056035822,0.6928605684256809,0.7058823529411765,1,5
0.45210195168365985,0.88518447440260051,-0.10978283818711188,-0.87321823057402781,0.46433628214653661,0.14792477438040985,0.18191686858834469,0.028987296509396326,0.98288655986542373,-35.051436733784001,-13.147605852832829,-4.7992306428974922,,0.4100871649630443,0.8928571428571429,0,1
-0.60931523497026441,0.78352242927207438,-0.12176841651560724,-0.79273249138247659,-0.60534979406882772,0.07160184304442721,-0.017610835859282681,0.14015787401503563,0.98997253942315111,-8.7621235077009434,-4.7143729583309906,-1.671992564805812,,0.0928530924318423,0.4351464435146444,0,4
0.12311089079408509,-0.92250630336391648,-0.36582212729922325,0.98901273453252514,0.083652313415094631,0.12188560781650991,-0.081838374253061383,-0.37680818822597922,0.92266899253495649,-8.0068866857506116,-22.371373520446749,1.1743180074213719,,0.2688740156270893,0.3333333333333333,0,5
-0.98049850263054672,-0.081756995378786446,-0.1787134019761483,0.076331958965453389,-0.99639438110019707,0.037036054763580066,-0.18109698611448957,0.022672252172813261,0.98320387031462619,-4.9118439616540677,5.1749070668002908,-2.391023198589139,,0.07415315455345213,0.25,0,5
0.46436655801903004,0.88563123402348953,0.0045844427787521142,-0.86647430307146689,0.453238609800444,0.20927743476776875,0.18326478633489787,-0.101153743915851,0.97784555947318808,-30.628038894931894,-9.6758283113560761,-4.5349252046462949,,0.2625600994599024,0.4230769230769231,0,1
0.63746425384536609,-0.73399649865918337,-0.23428287394820546,0.77022149135151519,0.61495074450422238,0.16909889441965795,0.019954431327870007,-0.28824420512780941,0.95734899534110285,3.0612113637323906,-6.69456140645093,0.51565707046927067,,0.06702501892391399,0.3333333333333333,0,5
-0.94932359361825358,-0.2239438124819336,-0.22053091268750094,0.2465547082179369,-0.96576856493857155,-0.080634079842585235,-0.19492431981487998,-0.13092076927496632,0.97204128601472384,-12.339370647401399,-7.824375013720144,-1.7980936447571645,,0.5581872657640008,0.2586206896551724,0,1
0.41359285763300441,-0.87200746775366966,-0.26180894617411099,0.91027806861914473,0.39026536672554535,0.13815491784795531,-0.018297155679643771,-0.29545882913937216,0.95518024182749217,-15.654664079719316,13.812851165372125,-5.2683079397417947,0.2313576539421297,0.1533679840389714,0.5,1,3
-0.71065279531178249,0.6916079594923541,-0.12903888903107558,-0.70252381507009609,-0.70745372509448567,0.077262643685644963,-0.03785358338267459,0.14555980632289969,0.98862502952754183,9.1156428192939174,-9.9727065191332098,2.261885000132978,,0.09706002750954013,0.3888888888888889,1,5
-0.36403659649342585,0.92749332523933392,-0.085049915049735331,-0.9302457450042898,-0.35755791487569127,0.082432951003602609,0.046045741550084382,0.10912593251025338,0.99296088570440255,3.8418572919703253,1.7699838140855284,-0.42474622470246831,,0.06793268012064364,0.2549019607843137,0,1
-0.59707436226617938,-0.76045003364566932,-0.2553780575005124,0.77530409303076464,-0.62876591700621298,0.059640463957604424,-0.20592661133077875,-0.16238586126764756,0.96500003254206468,-18.01166523601799,13.291504225814814,-5.5712701129489446,0.461773597621104,0.3302265713784672,0.7339449541284404,1,5
-0.91106941518006557,-0.36128777284761626,-0.19855393704045124,0.35483157044583652,-0.93241944711966107,0.068472850444590685,-0.20987395583634358,-0.0080696854880017467,0.97769514821222769,0.94371425971990741,9.1526507014998248,-1.7107053993055359,,0.0760302075113985,0.2571428571428571,0,5
0.280218440052241,-0.88740934404206628,-0.3660359025580962,0.95953547362915925,0.24792109250769453,0.1335170653401927,-0.027736270512718843,-0.38863837689634134,0.92097280703689843,2.9804768023629933,-8.7681612726195581,0.92666618959951386,,0.5486965183144515,0.3134328358208955,0,6
0.3907079384623916,-0.89312233088890502,-0.22288967874273299,0.91940799556144381,0.36675582591458528,0.14205316559443393,-0.045124766150720801,-0.26042785224564818,0.96443822469589147,2.1506464744563711,9.7988151104231171,-1.4928497098033835,0.2828239356991573,0.2148501345240688,0.5217391304347826,1,5
-0.80173777327317075,0.58139620845181439,-0.13854599129831388,-0.59394791821582349,-0.8008857225260736,0.076209775626088452,-0.066651431748069881,0.14338935892088922,0.98741940349285684,-14.691005704656842,6.1943031490235354,-4.1547697963786971,0.2436939807444704,0.3152567221101144,0.7590361445783133,1,4
-0.76332437447819013,0.63730773541491892,-0.10571068871116636,-0.64288343510927703,-0.76547820551019075,0.027276468814631402,-0.063535723727501547,0.088780444182304422,0.99402275856301037,-1.2170484040696177,-12.695934055645209,0.86964835094059423,0.7702861572364605,0.2840267384115487,0.4411764705882353,1,5
-0.46514182991561226,-0.79966841510243214,-0.37970186192632771,0.86472691153965298,-0.50223989348967235,-0.0015677520771404843,-0.18944774087290878,-0.32906764543942424,0.9251075819617437,6.272521190167371,10.676006605758115,-0.78265954520633985,,0.1178437221000334,0.2857142857142857,0,2
0.75617472335336589,0.65434002761786647,0.0062382704743726963,-0.63017066435794156,0.72560913713292507,0.2763626492344497,0.17630859747650515,-0.21290962487934317,0.96103317845410829,-21.162852991229652,6.0242780760603178,-5.1723649599128692,0.8750233156242463,0.3900642979419088,0.16,1,4
-0.74219562076776058,-0.59171916321550833,-0.31466504794256772,0.61811925136312584,-0.78583510524094591,0.019793394485051213,-0.25898697188748382,-0.17980995315746823,0.94899637993938712,6.8227401191755366,-10.839047107044747,1.9709412017898622,,0.3786381063859869,0.4318181818181818,0,4
0.35965268944169504,-0.8377910535304639,-0.41079933495767884,0.93190144316733847,0.30033240446666132,0.20337194263198,-0.047006842055038488,-0.45596775922381755,0.8887540488506499,4.8926087842683312,14.07464448663173,-1.3702787752426071,,0.500438108947366,0.1904761904761905,0,1
0.23361765055874475,-0.9236549108203671,-0.30378347398242522,0.96969349798991777,0.19833583361354704,0.14267942059349498,-0.071535398953862711,-0.32790929053968271,0.94199691287937481,0.33344192561026254,-13.081364376959206,1.2031887320730745,,0.4334019471380611,0.7142857142857143,0,3
-0.68415599355942591,-0.6744755012284982,-0.27751283703511709,0.69707453973781552,-0.71662335583975623,0.02319594607419544,-0.21451727791957939,-0.1775774876146477,0.96044186360572703,28.94775997633079,-6.3541400530574625,5.918506075107695,,0.2146867685393529,0.48,0,3
-0.95780036384576517,0.23257671452119699,-0.16889800140749178,-0.23671979790716027,-0.97156736721363968,0.0045374270626658345,-0.16304048667650808,0.044327450051649668,0.98562309067726561,23.512059346468355,-7.1462943318425802,4.9055782767069553,,0.1448842906077271,0.1764705882352941,0,3
0.79280346420892411,-0.54187568250152718,-0.27898640083673115,0.60577098993317191,0.7509864499344453,0.2627943297908904,0.067113149931394792,-0.3773461232454397,0.92363722769165346,-11.042940153042933,-2.7287602909708335,-2.3978728370025455,,0.08950016544488562,0.3195876288659794,0,1
-0.38006719230404112,-0.89573225680530644,-0.23067868009982123,0.90768211494882467,-0.40916012121557521,0.093280080450671876,-0.17793849368855261,-0.17393021395182723,0.96854848775810931,17.475384560021418,-11.019887194724593,4.0552878179863194,0.1482438662468062,0.1469974749141604,0.2608695652173913,1,4
-0.63039506352793395,0.77528406232820868,-0.03920059412157282,-0.77570794127210474,-0.62720234393697072,0.069960057228139,0.029652212851773226,0.074510686883439189,0.99677926534070349,1.7023033134186736,15.767563071287629,-2.2215827880044339,,0.2441353631943016,0.34375,0,3
-0.75557492554880124,0.6374061910308918,-0.15106250202288363,-0.65274313578461163,-0.75199443960146128,0.091819178250273747,-0.055072048881399542,0.16798128004028903,0.98425065861701633,-5.8769916576563181,-9.8976979810342947,-0.35562470229813103,,0.0694774299331508,0.1304347826086956,0,1
0.5856616701259072,0.80650226153857663,-0.080959930079619644,-0.78864008050087819,0.59004633954817298,0.17289343716108113,0.18720905846914507,-0.037408813386230651,0.9816075331353834,5.3123609459723156,-13.148269288492227,2.0777244330279929,,0.1056576496745955,0.2222222222222222,0,3
-0.537551092090227,-0.76699182473049832,-0.35037460551413563,0.8150916419546318,-0.57907926068143145,0.01711213208078351,-0.21601953293234311,-0.27638876721970573,0.93645331477146532,1.7629107813216038,-16.131594569337128,1.9392376351982032,,0.4118294090167817,0.25,0,4
-0.70696702713831094,0.70266481730148789,-0.080372738325167767,-0.70640107276806885,-0.70710244111921894,0.031680627445861538,-0.034570897172919487,0.079172547577482891,0.99626129141844666,18.029882653699982,-7.2093170916416849,3.6809064573997339,,0.1852031994220802,0.2222222222222222,0,4
0.95134649072916722,0.27920888859579929,-0.13031596642927634,-0.22140596625226747,0.91358835204136901,0.3410802268121601,0.21428778006502741,-0.29563274436948517,0.93095758645137461,7.3415867090175846,13.515757175109529,-0.8108772852471563,,0.2353777605649501,0.3,0,4
0.82301468706447345,0.54788704338533389,-0.14988866723887614,-0.52896377155630392,0.83541828906943505,0.14924346106020897,0.20698829256047163,-0.043543885664663044,0.97737391860235645,3.9384004265866492,-13.768728834186591,1.9447196205198958,,0.08452640037669663,0.3478260869565217,0,4
-0.63696487036955396,-0.70308935890699431,-0.3161346347789985,0.74474557561561316,-0.6671362669043811,-0.01682940824440271,-0.19907230223229971,-0.2461596123913089,0.94856505507597855,3.4363041465317803,15.171289157098499,-1.8379948590857593,,0.5115871335644866,0.28125,0,1
0.84996264026119128,-0.48649145211917649,-0.20221171374379007,0.51955235360767693,0.83763358854112646,0.16862776523585601,0.08734335705105864,-0.24838687236384044,0.96471503544640647,15.87367895641704,-7.3551410873612983,3.2665120234574165,,0.09524482056508576,0.125,0,2
0.073050972576432255,-0.97132271015078575,-0.22626477443687243,0.99211913291735288,0.047617291322269911,0.11589745323538614,-0.10179971269584108,-0.232948033502027,0.96714633442027853,10.963889769951029,-14.227980237086944,3.3009352760661272,,0.2038015201518767,0.5483870967741935,0,4
-0.78659553934398863,0.60478881338538726,-0.12449075744020466,-0.61093814667921464,-0.7915392805054644,0.014837396977184275,-0.089565832862240694,0.087727182906939427,0.99210982404313797,-9.5737122175892555,15.640050662413989,-4.4057794776478572,0.415898359154632,0.2557295234334306,0.1875,1,3
0.47463036739922415,-0.8563261702618874,-0.2035473027752695,0.87983679983317864,0.45507567859630371,0.13708877565076302,-0.02476327930200593,-0.24415490344189955,0.96942001378323539,-6.8063012366482027,5.8442486308631922,-2.8128944970235983,0.400358420500516,0.3693364768156076,0.8653198653198653,1,4
-0.96452787574244658,0.22145010034151796,-0.14368656852502082,-0.22233584196782474,-0.97491815705708174,-0.010067791062685261,-0.14231215792131846,0.022236009065367442,0.98957203356229861,-16.098229346812637,5.1620085095216135,-4.2678716026781398,,0.2576624576433312,0.2266666666666667,0,1
0.21349133032667364,-0.89196974902162596,-0.3985115038560928,0.97384674328703469,0.16184257477272282,0.15946630233429029,-0.077742989809903726,-0.42213380322029787,0.90319382178698704,14.139157777228164,-8.8191818003681828,3.0906863568765353,,0.09721708712145216,0.3529411764705883,0,4
0.9848799162291958,0.013021409052593422,-0.17274835314600936,0.028909711322598904,0.97083463847971319,0.23800070024940953,0.17080918944722301,-0.23939621474503381,0.95577909224157709,11.885270653806332,-6.9777886541469609,2.2945085901930913,,0.07676532280752144,0.3125,0,4
0.41455879658153139,0.89763981464090448,-0.14961205615964165,-0.89068420717898034,0.43394089183766404,0.13556159291290565,0.18660827221434798,0.07705884480431785,0.97940762054345898,1.6323722776238974,-14.801310826293928,1.6810850981443297,,0.08319581975373121,0.1578947368421053,0,3
0.2217153617146006,0.97503060577336031,-0.012554528465796487,-0.96107284162148987,0.2206820763590446,0.1662480504290362,0.16486749672800402,-0.024793930287379942,0.98600404134240061,-11.79621933166186,1.7279285950836769,-3.1802241656860568,,0.1959474349308772,0.2727272727272727,0,4
0.89665707530119698,0.41830951300024949,-0.14499393313445405,-0.3934248936363185,0.90305678527729594,0.17235224289775822,0.20303433793217318,-0.097496635316971336,0.97430563157682415,-34.406594014052821,12.600594041187186,-8.4997800818592939,,0.1366048586486238,0.2727272727272727,0,1
0.56185245394436745,-0.79853815178137255,-0.21600611136327266,0.8272349509958925,0.54171500524789518,0.14908785644745287,-0.0020385895898629401,-0.2624531829467171,0.9649425738942301,-19.751477608129136,1.4806827355270229,-4.3157703139482528,,0.08033029650037316,0.2413793103448276,0,2
-0.19488602528616808,-0.95935045226399573,-0.20412287203795992,0.96904352477527955,-0.22048990148560946,0.11108037825812178,-0.15157204306619437,-0.1761559340009087,0.97262274427293061,2.5779115206043217,-14.586291717517303,1.8013377523573098,,0.08381930085428739,0.6363636363636364,0,3
-0.77998697070840051,-0.55709627427071751,-0.28506852986399528,0.59094202211099511,-0.80558994280302454,-0.042571945668349175,-0.20593166834778537,-0.20166453641705623,0.95756125794812352,-9.9045477471856955,-8.87330073502938,-1.2123609119318441,,0.2344053750022492,0.125,0,1
0.049784036670847361,-0.95969202938530662,-0.27660939685243735,0.9940658986981854,0.020792012803399422,0.10677397271317389,-0.096718864437740665,-0.2802836080435257,0.95503222999225468,-5.1699476793717825,7.2503645009075512,-2.6722432122744628,,0.1709081350970057,0.2424242424242424,0,3
-0.98472944037446475,0.05797913231651354,-0.16415343272566554,-0.037528668812991592,-0.99144050092423885,-0.12504931884748546,-0.16999861257351537,-0.11697928595661514,0.97847652929447526,9.8215041247332024,11.7839516744815,-0.10749900769496468,,0.2613403200062581,0.25,0,3
0.39202776790015453,0.91917473932661431,-0.037842142897477053,-0.90316469831973434,0.39237046002512654,0.17418079632580988,0.17495072707549808,-0.034106021220906606,0.98398629178064945,-13.318409056402265,13.211048414175428,-4.7880578340323474,,0.1549359612052982,0.25,0,1
-0.98455296058694375,0.046278017084908633,-0.16886033558587307,-0.062764026975585113,-0.99362614498657031,0.093636322636762165,-0.16345074095057746,0.1027882733283165,0.98118215747581317,8.2376849314521063,10.878564360082294,-0.41098820327982161,,0.08299989928334044,0.5,0,3
-0.97519969620145575,-0.088292287459700358,-0.20295325694287839,0.12187422107214928,-0.97965861554427514,-0.15942293193869944,-0.18474909138246187,-0.1802039648981342,0.96612333802074524,-13.883250497641372,11.980735920832563,-4.7214952477472778,,0.4751990143260354,0.1764705882352941,0,1
-0.40622522554047175,-0.87690358373972432,-0.25694585219267951,0.89653549291688306,-0.43684061632863208,0.073446483005676369,-0.17664986859569204,-0.2005252621243771,0.96363086458201186,-7.4948517112479562,-9.4426704311620284,-0.69897321199858364,,0.06303587703643236,0.25,0,1
0.070560483330670831,-0.87284682786482415,-0.48286606142744853,0.99200799962585229,0.010641036831424571,0.12572548275296822,-0.10460089325840755,-0.48787824651388861,0.86662187239191968,24.328788190720601,-6.866595062574059,5.0239745581535784,,0.5872373100897245,0.3611111111111111,0,1
0.56606126136309687,0.82027132758087662,-0.082034124196744537,-0.8013658799772041,0.5708794994604699,0.17863180988873664,0.19335815160572423,-0.035377199500107759,0.98049022379784523,-8.8544449097279649,-15.680021654312446,0.0051904667683867513,,0.7328459854832882,0.7297297297297297,0,1
0.82067850959653854,-0.46386849654149914,-0.33363573220315379,0.56622645507443581,0.7385485921924968,0.36596936831423449,0.076644539663585892,-0.48925657367766801,0.8687655723225608,-10.457021252659338,17.434165657655907,-4.6874674929572011,,0.2799732502816864,0.25,0,1
0.60403418109786078,0.78672762540378649,-0.12728845781120837,-0.77233581342187829,0.61725213641069532,0.14999063771581581,0.19657085076735442,0.007709962577817365,0.98045930925543601,6.2996132899772457,15.778985516166971,-1.2444742887978422,,0.768957695308459,0.5625,0,1
-0.16290759981908637,-0.93117384486162635,-0.32615392771941248,0.98603452634402688,-0.16524655695144189,-0.020724098851417856,-0.034598074783055106,-0.32497514683635298,0.94508948103340795,-11.351093980837151,-10.221884813569954,-1.2981632818367357,,0.2246193919353762,0.3,0,2
0.5221828900130997,0.85140905609237694,0.049271173940301942,-0.82958256229720062,0.49369974251979332,0.2608703443634427,0.19778220776899708,-0.17709653706320169,0.96411566466386367,-16.806384595999049,1.519648624516293,-3.875759099860931,,0.5053904781556879,0.5526315789473685,0,2
0.72783000788525398,-0.62692937866289999,-0.277890326911719,0.68182911627077514,0.70489412003862262,0.19553346450260103,0.073297584047261485,-0.33178883902917317,0.94050179716389093,22.274367359431171,-4.6478958954863554,4.3147644926428743,,0.6750872846683473,0.3636363636363636,0,2
0.97262039983869353,0.19330665872666866,-0.12900423833949085,-0.13716167501965237,0.92558358992740519,0.35281963233768698,0.18760659029848642,-0.32546513445994268,0.92675574642272807,10.16834846889793,0.86115216643699521,0.95136970144691357,,0.265959582133719,0.3684210526315789,0,2
0.97447013230114665,-0.079746887718019688,-0.2098770953493399,0.1664869386954409,0.88383080642144896,0.43717868756863254,0.15063220272175146,-0.46095936862124959,0.87454353807200058,-18.368255185381418,3.4453950932186901,-4.4225298377072182,,0.4318336001685317,0.3673469387755102,0,1
0.34308673206984353,-0.91203734552661553,-0.22467615503742713,0.93800882696779242,0.32011283994977108,0.13291805832842868,-0.049304511032386082,-0.25635063889926019,0.96532554878020282,20.624390833489571,-10.561745794395582,4.7586800399654186,,0.1026821221147184,0.2631578947368421,0,3
-0.82787767638485454,0.56012697313043947,0.029602819381705295,-0.56018074162970588,-0.82833891419152506,0.0072235685915921629,0.028567282874058332,-0.010602698134759985,0.99953563875504525,4.2170492244247635,11.271778265957689,-1.2267975663227946,0.8943644203304922,0.5314026198447296,0.7159090909090909,1,2
0.22057051304038888,0.96742097824983009,-0.12427911980394143,-0.9633748607725332,0.2360043177758584,0.12732179555227396,0.15250418488881909,0.091643945971866397,0.98404464368142552,-11.099265565419113,5.1280552414684726,-3.4564905534699686,,0.07651467038089152,0.4651162790697674,0,2
0.1872609589033894,-0.94335971357665871,-0.27387183876979687,0.97840379023702762,0.1542808460796036,0.13756250863800706,-0.087517749744855863,-0.29371733236826214,0.9518774984976115,-7.372688341385194,-7.8208556507630371,-0.96932524486407001,,0.1797190822291889,0.1666666666666667,0,5
-0.92675438120013975,0.34826889303486047,-0.14083712248771565,-0.35600079944547769,-0.9338949634938154,0.033220896361572098,-0.11995727456276865,0.080925739447710171,0.98947525334103958,-19.471982548607855,6.5167697867568579,-4.9343863355228397,,0.561306100026482,0.1363636363636364,0,1
-0.73142960905062604,-0.61897202919620642,-0.28615442347931702,0.65053949995881899,-0.759191999327407,-0.020636548902014086,-0.20447270232815767,-0.20124893845679309,0.95796126162420359,-17.89229025401881,4.8120924133077949,-4.498240404341499,,0.3076675081359377,0.3888888888888889,0,1
