axis_00,axis_01,axis_02,axis_10,axis_11,axis_12,axis_20,axis_21,axis_22,location_x,location_y,location_z,dbh,dbh_approximation,score,reconstructed,number_clusters
-0.078054620556783152,-0.98860522265519679,-0.12871359659572273,0.98121501510616449,-0.053332734484161669,-0.18539879601187198,0.17642156993958083,-0.14076694630243186,0.97419715483506863,-18.254404634173554,-28.576996224277419,-5.8901165623162886,,0.4547604623414541,0.8372093023255814,0,3
0.142919533078008,0.9590286707197736,0.2446181019512417,-0.96642495074116952,0.18854758512344799,-0.17456409347011564,-0.21353412291643531,-0.21145641839769261,0.9537763686885562,-9.5651791347487123,-11.571674750398881,-3.1909543140266488,,0.1605562086671121,0.2790697674418605,0,5
0.96668511203942165,-0.25394747487773522,0.032102556978437155,0.25592699984505479,0.96115617780869422,-0.10334492058389405,-0.0046113893395605563,0.10811790722819298,0.99412738279606594,-9.7628261522024786,-16.993646549865129,-4.1405427865584077,,0.1048829407396709,0.2666666666666667,0,4
0.81404844817303024,0.57657058597564248,0.06993914079244995,-0.55766722262584967,0.80958654068934222,-0.18324001185176539,-0.16227258806050043,0.11016348089257334,0.9805771844387261,9.5988575214055363,-5.5516990907981736,-3.0139580667369095,,0.08951163324313176,0.375,0,5
-0.89205687493194474,-0.44839536664589968,-0.056357138475464016,0.42989693501581433,-0.80349753479783625,-0.41180133175817779,0.13936698730568228,-0.39157797019787671,0.90952929370364388,-19.665229203613805,-25.80785212733235,-5.2921893627867505,,0.2934319428840082,0.6,0,1
0.11617971447494377,0.98370573764085201,0.13720530484273952,-0.97027645157059217,0.14193234932180668,-0.19600718288770297,-0.21228726168119777,-0.11035501777654327,0.9709561723267629,-21.29473662510782,-14.932441938424427,-3.235015609237919,,0.1665960941138452,0.6190476190476191,0,2
-0.030265474592309181,-0.99937724693348162,0.018141647096049943,0.97774801705360936,-0.033370136181574424,-0.20711168281619935,0.20758809261476693,0.011469626100205152,0.97814908448645232,6.3825297992083803,-5.2336559039262438,-2.8221228903097693,,0.06726367205010965,0.125,0,3
0.99842424629327031,-0.016058216896983071,0.05376949026915178,0.020335481143546594,0.99658976420714018,-0.079970682654435771,-0.0523019370614074,0.08093809701027975,0.99534593575900987,-9.0744799442995348,-27.745957530137542,-6.1717759171820861,,0.3133656989949491,0.6190476190476191,1,3
0.16706145238162981,0.93242249809232147,0.3204352605120328,-0.96289884869538389,0.22416006484785941,-0.15026001633337652,-0.21193460856887802,-0.28344408686490069,0.93527705591021448,-6.0899617543612887,9.2017011649651046,-0.12786570720353035,,0.1809699404749222,0.2941176470588235,0,1
-0.98162662352551455,0.17798115656403035,0.068788661086160344,-0.18955499300221507,-0.95089808286730293,-0.24466659074588884,0.021864963156307017,-0.25321047353420478,0.96716409128893732,1.5432965507706828,-13.014893071747577,-3.9765420617262355,,0.07968168946691936,0.2727272727272727,0,5
0.67786454844875288,0.7227524914492115,0.13464208131310756,-0.70100076205734541,0.69060925662193906,-0.17792354049735157,-0.22157974986760151,0.026223858832165072,0.97478957917930242,-3.0636118469177727,-16.687526553355681,-4.429941885481206,,0.1504981128668251,0.3888888888888889,0,4
-0.99618882400594821,0.066431653275910205,0.056521344363658202,-0.078082517733723697,-0.96800539083036607,-0.23847155752355967,0.038870906215429324,-0.24197602932187093,0.96950330266771789,0.13700741201102484,-12.788329756401469,-3.8498946331092152,0.7307865831830455,0.7043203286905481,0.9462809917355371,1,5
0.98979925553227466,-0.13615800504689879,0.041933654853878032,0.13311244949364517,0.98873554060171442,0.068433226877280137,-0.050779026551887145,-0.062153265502982488,0.99677402757583877,-22.928506878299242,-12.364723864873058,-2.7495014072881854,,0.3463763988952336,0.1481481481481481,0,2
0.84684102742000911,-0.52894870533544114,-0.055439529238476455,0.52903738862702054,0.84847854401429068,-0.014268909632175834,0.054586772325587909,-0.017246085681960018,0.99836008374520091,-4.1114233108838407,-12.110406050441814,-3.5439603404611542,0.7942845378724688,0.7262209003473171,0.5951219512195122,1,4
-0.80165294184210623,0.58706572137245283,0.11272266686580021,-0.59310752433080338,-0.75755076075091177,-0.2726541939305166,-0.074672789006984736,-0.2854306985507275,0.9554858925733869,-1.9910135374207496,-7.6813980926946455,-2.8613069554070951,,0.1938392385682992,0.6024096385542169,0,3
0.79690745453123613,-0.60079988900674952,-0.063071406215675627,0.59947694990735123,0.79937893611937938,-0.040257955964346441,0.074604929075257925,-0.0057279890123629433,0.99719671815522415,0.22737937555112139,17.257903284560818,0.88916002606560429,,0.3718436471125159,0.5,0,3
0.99737070267317784,-0.060245968723769618,0.04027536097600052,0.058925432193925716,0.99770986134458661,0.03320882437734092,-0.042183822609759121,-0.030748265451901523,0.99863660521819875,-23.458279848939558,-16.260621323468207,-3.3929315156561621,,0.1370860533538035,0.4,0,1
0.081242557529466491,0.94797706996977416,0.30779720865789706,-0.97434824846243151,0.14056546128118474,-0.17574652717194289,-0.20986933450188008,-0.28562357379307723,0.93507969528239043,-11.532452075364672,-23.847211426413139,-5.337612524399022,,0.1261882056909144,0.3333333333333333,0,2
-0.43346345473010056,-0.89480752885838222,-0.10690612569821177,0.87674963535498396,-0.3913084577068825,-0.2796207571550508,0.20837348756103541,-0.21493528613379601,0.95414009058221372,-25.042331056518897,-14.573954968870423,-3.0335174384059127,,0.183751492768525,0.4285714285714285,0,1
0.50829848845114178,0.81793669442022776,0.26946652957129635,-0.83070079321138879,0.54819777988963292,-0.0970329133956601,-0.22708773369835894,-0.17452437664977127,0.95810876374175535,-8.5327901646066646,-13.916958686842174,-3.6211967667445175,,0.1963569759811191,0.3809523809523809,0,3
0.16330237887660648,0.98097693828921839,0.10495989518836787,-0.96142694434389098,0.1821045530636709,-0.20614597362803172,-0.22133812085316384,-0.067247143420315902,0.97287576697078759,-0.21775825638658028,15.489949988743561,0.63381745204905571,,0.1171380415669067,0.3888888888888889,0,5
0.29557837571769308,-0.95292077713338474,-0.067641823715787461,0.93699077314829093,0.30298296107381173,-0.1739241683433147,0.18623027370183098,-0.011971541523648535,0.98243318721961448,8.15390225762639,-0.38894742734759052,-2.1098065050390771,0.6857531717213482,0.2541870985317501,0.1818181818181818,1,5
-0.66095983665265889,0.74460507630995276,0.093248992839279704,-0.74079140349486061,-0.62757759967253923,-0.23952964930748816,-0.1198340137031414,-0.22739753015963829,0.96640062729547715,-0.061726670625977642,3.6502860920405684,-1.041550718155666,,0.07953166497198348,0.2389380530973451,0,1
0.9267604852660386,-0.37467757464333729,0.027050286668412988,0.37489776448578654,0.91793366734351955,-0.12980542569875886,0.023804813232126971,0.13043963131143413,0.99117043612605837,-2.9064666344431385,11.423801565365498,0.13458139817929962,,0.0870246760099513,0.2727272727272727,0,4
-0.90615507459616962,-0.42119336032112675,0.038459511242464245,0.39956115985362017,-0.88232492709677313,-0.24870384508508278,0.1386861936893557,-0.20999732437598484,0.96781571770398911,-5.296128159709923,-15.220521075368467,-4.0456057242067773,,0.07690381124128437,0.2222222222222222,0,4
0.36390497397486382,0.89950113047589042,0.24180753956183582,-0.90664992431191382,0.4015674791383001,-0.12934246960573906,-0.21344574172738692,-0.17216641940606753,0.9616650349094219,2.8268512488829654,8.8474896632178162,-0.35217457381823047,,0.409715570251989,0.3898305084745763,0,2
0.036386533795147745,0.98795427280189274,0.15040736355264717,-0.97610016359565843,0.067403594662067717,-0.20660403203993993,-0.21425333319905066,-0.13929504757569555,0.96679491048204302,-12.255320341797116,15.478063182896454,0.92928360639670526,,0.6511066439295392,0.8205128205128205,0,2
-0.56754924611496715,0.78679655236369883,0.24256759557477942,-0.80964153746311551,-0.47981891686383621,-0.33801536626901518,-0.14956080385145823,-0.38823316732114982,0.90934403486419446,11.573669913780943,-6.2867142533067168,-3.2417049519740231,,0.4286708290573978,0.1363636363636364,0,4
-0.32734911111733878,0.92749242062657544,0.18055572306339329,-0.9304855013521186,-0.28316117140180147,-0.23241446337062646,-0.16443628317431902,-0.24408515049182375,0.95571080776833317,-11.014752315981509,-19.100042396843868,-4.4622967277859473,,0.1773749314416624,0.2142857142857143,0,2
-0.84495726406773797,-0.53477506112993989,0.0079281708251222136,0.51362883955415706,-0.81550007462278185,-0.26673028224873024,0.14910612689428018,-0.22130355235220794,0.96373860597097627,-30.725745222884282,-8.4959006812185827,-1.7256913419144655,0.5042794903920398,0.3832771671776085,0.9509803921568627,1,5
0.97424020980346127,0.2178938546160738,0.058122987902017545,-0.21256682202637087,0.97335664791586685,-0.085977800225387757,-0.075308430973682741,0.071408011305012564,0.99460018909396275,0.68260655935752912,8.1759595306512924,-0.38368021841452393,,0.1568021624010313,0.2580645161290323,0,2
-0.86922613414911665,-0.4933682228193878,0.032151585096569159,0.4730128657299128,-0.84876530355028501,-0.23633934996772818,0.1438914749599797,-0.19022422611547599,0.97113850054078843,-15.817264845334295,-25.122612737889479,-5.3521692241838146,,0.1056030816138277,0.4117647058823529,0,2
0.65175660216091491,0.72069829778891314,0.23623567703423415,-0.73336381451743649,0.67828013004463839,-0.045973696208417125,-0.19336713034043429,-0.14328303720535901,0.97060760565385751,-18.259303836439024,-15.425612157064156,-3.4715757588364826,,0.5696261673120142,0.282051282051282,0,2
0.82221953790247937,0.55913070277186672,0.10643255474370869,-0.54302465590539195,0.8266372674057022,-0.14763147095001325,-0.1705264043198724,0.063589978407548889,0.98329906949811752,-6.649230233398864,18.204957014763174,1.152272017983798,,0.1111359908963292,0.15,0,4
-0.68322133289219877,0.68981271428758539,0.23951415300186779,-0.72706949238866758,-0.61225061261394975,-0.31067529768478347,-0.067665083452939187,-0.38640342462384802,0.91984445963449157,-3.00959302926488,7.3421542765702492,-0.43778682184705753,,0.5776621443336113,0.1025641025641026,0,3
-0.61744624236131085,-0.78591242510468873,0.033193340596648378,0.76223184545574896,-0.6082000664465389,-0.22157457649186407,0.19432640470872928,-0.11150936839787569,0.97457832378546505,-21.250861935806117,-12.25067129330259,-2.7916101803121163,,0.1854756899642346,0.6875,1,1
-0.64424595187536426,-0.74558026626849883,-0.17046178470027637,0.74303590529705976,-0.55734038468326164,-0.37049877063290687,0.18123133540198658,-0.36535155966837113,0.91305719476728531,1.3757957766846629,9.3406018918883174,-0.20903420974462433,,0.3378615505774484,0.2380952380952381,0,3
0.59130059294632098,-0.79756108330712183,-0.11941493698570395,0.78706039002720074,0.60299722670940603,-0.13011643643673804,0.17578268183060494,-0.017048840861936265,0.98428135499647895,13.535386596214781,2.7597247555580919,-1.7933959798924772,,0.7283092608241335,0.675,0,2
-0.51207134325838544,0.82802506827270195,0.22838000290204893,-0.84572909738564672,-0.43958677345469482,-0.30249919411289189,-0.15008408726047906,-0.34804878237924897,0.92538468316452627,-20.878492037518836,-0.078855458616521157,-0.80020141062967676,,0.585948451741287,0.1304347826086956,0,1
-0.9279339599001305,-0.37274326127039276,-0.0010135292658345044,0.35124348325827548,-0.87349425283281446,-0.33709910373157964,0.12476610730745125,-0.31316170175414576,0.94146862243082263,-20.064062374420654,5.188857103895101,-0.076498116213627398,,0.2139883318424461,0.5185185185185185,0,1
0.58507516303902951,-0.81097280466061894,0.0031880551660292316,0.8028368443633791,0.57864088045354389,-0.14362358023875302,0.11463007863341536,0.08659007777358893,0.98962725483065583,6.8773026100871277,-4.0586799962691513,-2.6170887615960474,,0.130090179985788,0.225,0,5
0.13278971099624348,0.92866703052461275,0.34632995693432578,-0.96837809204497927,0.1960236519448067,-0.15433275324941992,-0.2112126026089807,-0.31488454121283727,0.92533073125468046,-6.6026725526841528,12.271585544622187,0.31103111943064699,,0.1729760180383975,0.32,0,1
0.20590874836445375,-0.97783999921994835,-0.037822258955748443,0.95852523406164447,0.20932310023343126,-0.19342496058093078,0.19705573580602476,0.0035743019173643965,0.98038577169997221,-5.4319469030284786,13.667586231302247,0.47740450343881324,,0.1188012674241719,0.1666666666666667,0,5
0.39949454547912217,-0.90576470358238292,-0.1414015907857808,0.90114413010030558,0.41632697667170648,-0.12087640498112584,0.16835487791624729,-0.079133749056366609,0.98254490220146751,14.82773160329873,5.1216590274821536,-1.4882309007485726,,0.3258030562934391,0.2173913043478261,0,2
0.97735439597027984,-0.20601294242440646,0.04834306807815994,0.21041571869074271,0.97036976724969337,-0.11877600824928858,-0.022441256770278684,0.12625839521162571,0.99174351907797065,-2.9987827119211103,17.555977377430157,0.9854344683667261,,0.31265806073363,0.2666666666666667,0,5
0.79000744962350067,-0.61134050915949889,-0.046378997401585069,0.60623839378230426,0.79021480705922786,-0.089641333148263641,0.091450748731889672,0.04270059209133964,0.99489367270649842,0.46815166165801653,13.1285300003856,0.33126638318437412,,0.4434935351152884,0.1428571428571428,0,2
-0.79842019578687728,-0.59120743267775389,-0.11401299270795254,0.57887498296497197,-0.7016478348367492,-0.4154444246420988,0.1656168622361488,-0.39769848807291264,0.90244499418389568,-24.125188730725945,-12.135457878319443,-2.6877954984990979,,0.4999317001855408,0.3043478260869565,0,1
-0.45716765405224924,-0.88808598714897202,-0.047968901571738089,0.86503441670523018,-0.43147251261238195,-0.25602134437464313,0.20667170586174799,-0.15853942818615763,0.9654802202565318,-12.09551958647705,-9.2113026619062346,-2.6135141245096181,,0.09391377838672893,0.1206896551724138,0,2
-0.97509035877819761,-0.21971152758203896,0.030424280852192939,0.19500317883287127,-0.91451557988132925,-0.35445029891282526,0.10570029547206283,-0.3396882376560646,0.93457977119946067,-12.931085623289921,11.415290298648207,0.42349080062701155,,0.2331581683801877,0.3333333333333333,0,3
0.87005833808237198,-0.49248732679578311,0.021324194683142134,0.49028581581891589,0.86005781658204139,-0.14113954422099811,0.051169396519020902,0.13325458746953076,0.98976002534867236,6.6057221281855414,-2.2288592866635524,-2.3009703528592382,0.1436797390950555,0.08513171789451843,0.4166666666666667,1,5
0.86136091548710514,0.49954852067332267,0.092242337157679433,-0.48433153818206831,0.86235994863760601,-0.14750688156129144,-0.15323294160658735,0.082380789501194096,0.98475025825218876,-8.0109053687397864,17.312961070451045,1.0622783218251626,0.5974037586947898,0.4643569190066389,0.8620689655172413,1,5
-0.17565808758285978,0.97691632331969258,0.12156781440112283,-0.96364624545697519,-0.1453763741701587,-0.22416873878802143,-0.20132101202658043,-0.15652541986741797,0.9669382829591151,-10.096178270262564,12.526261322311921,0.45795654907927008,,0.1421521906453256,0.2631578947368421,0,4
0.98591529570118075,0.14175923801227275,0.088743158275075326,-0.13960476585632114,0.98975085136820062,-0.030062627398900529,-0.092095271608573739,0.017250236349198967,0.99560076852784807,-21.574337545405786,-10.623025197496665,-2.5079263130615739,,0.3947409184912932,0.3877551020408163,0,2
-0.85993009349816796,0.5038792177799345,0.081400050280784453,-0.50137524726180116,-0.80401782536767086,-0.31965324638459325,-0.095619536337510067,-0.31569141638714743,0.94403169114711238,-10.157596377028076,-6.9476852086355407,-2.3332260294424527,,0.260396851107629,0.3333333333333333,0,5
-0.20834971116954332,0.96669566720140054,0.14862666271435512,-0.95758075399533826,-0.17068927812636073,-0.23217293104584877,-0.19907158871442818,-0.19069519487061201,0.96125222768010909,-16.16736634248366,-10.921569432593484,-2.7688367761408474,,0.4157670147865136,0.4197530864197531,0,3
0.94016831345447138,-0.34057570869610027,0.0095775269419730944,0.3392828112066632,0.93842970325337871,0.065091213473704029,-0.031156321924753039,-0.05794720612699724,0.99783335527842365,-13.982994995882544,-12.828806250868913,-3.2092790769913879,,0.4311141001257049,0.1923076923076923,0,2
-0.51625991133461357,0.8400221445903725,0.16684873552582941,-0.84605103294182904,-0.46998922979842672,-0.25161036054094682,-0.13294116596013697,-0.27105888746040546,0.95333820122865454,12.558272440228739,-1.4147014460454783,-2.4453215563687216,,0.3815466326630701,0.5384615384615384,0,4
-0.16524244075524872,-0.98563690764703349,-0.034854297543382005,0.96121364729497694,-0.15303388496093498,-0.22945359946545174,0.22082404766496058,-0.071417899281326955,0.97269533957714993,-14.638935094569941,-16.544420311547299,-3.860198240689793,,0.2212741794262573,0.509090909090909,0,6
-0.28622501172123871,0.89627750442497311,0.33876522508504509,-0.94013916799932629,-0.19444964165413181,-0.27987083030233001,-0.18496915272204892,-0.39859248854227564,0.89828193826825065,-22.960096192042439,-9.4829215888485372,-2.2378275259533318,,0.3687955581610196,0.3866666666666667,0,2
-0.99800907191244426,-0.037284714156327739,0.050869858174964672,0.022805732217453967,-0.96531313894475901,-0.26009698644667145,0.058802984265136332,-0.25841902768738823,0.96424157511000208,3.4787620856381758,13.452206549781794,0.27159123815843794,0.3783655005441827,0.3004986585881113,0.6785714285714286,1,5
-0.58037565896653842,0.77548707532153005,0.24856365480177611,-0.80256567068585272,-0.49294649462019846,-0.33599419292336913,-0.13803057167064081,-0.3944915074509448,0.90847345136407687,10.052569837671989,-3.2123645038765773,-2.6357040598580781,,0.3605246979704749,0.3333333333333333,0,2
0.99334264812522366,-0.097119981698003802,0.061952341122411353,0.097621531832429692,0.99521047332453882,-0.00511373716934483,-0.061158972671703143,0.011127575662588278,0.99806600839905157,-5.3539105610412578,-18.216116917423641,-4.5921597625415993,,0.1367073912834104,0.2857142857142857,0,3
0.4446892635816852,-0.89568305485618049,0.0018232110901008325,0.88090180009275265,0.43698054444369788,-0.18182415233141377,0.1620601044320481,0.082461318332839428,0.98332937184357705,-13.09817083394365,-9.7337427309214526,-2.6903653267599634,,0.0819652542485956,0.2380952380952381,0,5
0.94970790610546085,-0.30955422876356176,-0.047234230547124077,0.310446483467406,0.95050587951362586,0.012710386018958684,0.04096186010795759,-0.026734854864500879,0.99880297033592746,-2.5072019356961772,-15.346004691176041,-4.1881805167037225,,0.2829971268538273,0.2,0,3
-0.13513839718229301,0.96466314838549405,0.2261915642856446,-0.97102399274865159,-0.083527767283827464,-0.22390961926421307,-0.19710408192999682,-0.24989622293977318,0.94799887059371968,0.20751886621659665,2.5750743610632054,-1.2353720858928319,0.60751222218033,0.7727248015129102,0.5822784810126582,1,1
0.54633000237921137,-0.83731576956764497,0.020635661697023716,0.82464891988094446,0.53342763388603176,-0.1881731073930108,0.14655267803599784,0.11982179033920635,0.98191906546333296,-15.532239063263885,-7.6194912407568207,-2.2175809633847954,0.5356953863118469,0.4236814813124133,0.8839137645107794,1,4
0.7123889968832644,-0.69729851562919754,-0.079225609628295696,0.69356843056403317,0.71677193871282763,-0.072116710953836316,0.10707356930914902,-0.0035732303554520534,0.99424467953327611,-6.7794313976057436,-16.697862005024614,-4.2611119848813663,,0.08875144978342639,0.3571428571428572,0,1
0.91369848124784891,0.38033985644843382,0.1431666125958144,-0.38587037269029595,0.92247522719590092,0.011979594722837595,-0.12751133614399693,-0.066189491663375663,0.98962609623438968,11.820347872834944,-16.226556745169422,-4.9948398119848152,,0.3504680969735033,0.1,0,4
0.51057426683003626,-0.85939162908921207,0.027567116322919631,0.84651630361405605,0.49678703562249471,-0.19134468624189457,0.15074503562826211,0.12103168630075525,0.98113570169708419,1.4130901250731818,-4.2059872704702252,-2.4017582520311,0.1771124080756601,0.1182613931015093,0.5517241379310345,1,5
-0.99318991053250827,0.10237891346733805,0.05560898932436048,-0.11363076387730046,-0.95660691800328523,-0.26831185946379227,0.025726467248549937,-0.27280352363102628,0.96172573344868273,-11.568215791297074,-17.372272776487467,-4.1389425719990953,,0.123184547394015,0.6571428571428571,0,5
0.23742449085932074,-0.96496546260759153,-0.11167482757859702,0.95368665486479876,0.25340585489950368,-0.16207170337675098,0.18469265137785587,-0.06802300108910754,0.98043944017458273,-13.987809532746324,-19.151225350571593,-4.3389652334487128,,0.21991110751368,0.3,0,3
-0.0098747155911977878,-0.97786335612611619,-0.20901135552347469,0.97750302655233967,0.034601110752537516,-0.20806392338823393,0.21069011147419142,-0.20636380467625126,0.95552271404008682,-13.689733076561621,5.3492154059151096,-0.34642277725978621,,0.2421182244731191,0.3214285714285715,0,3
-0.51636351853210727,0.81752401417224996,0.25499647640866069,-0.84515033006009865,-0.43844214117078179,-0.30576037749336682,-0.13816525007558172,-0.37339386055112211,0.9173262170974299,-12.317277357401228,-16.333471146205433,-3.9194930124228802,,0.3401263310979045,0.6226415094339622,0,3
0.58771048091056433,0.80690718887329638,0.059136952681614792,-0.80040988236857336,0.59053014072358812,-0.10304452000812618,-0.11806951695759339,0.013226543069646841,0.99291724112527491,-3.5355141664127512,10.455614703736657,0.0061697804173347194,,0.08061755160063314,0.3,0,5
0.97659438255176445,-0.2150874434477692,0.00089645939142106261,0.21493330062062146,0.97603626645990427,0.034012980453582413,-0.0081907418872355676,-0.033024206668941208,0.99942098913382016,-5.2837082457490245,-16.752293274088469,-4.3488749738576749,,0.2121251158204081,0.24,0,1
0.9379132942646986,0.32830040129774857,0.11197097369085378,-0.32272823972559445,0.94424134495374612,-0.065228565548837575,-0.1271421870393922,0.025042543554460867,0.99156832103852666,-10.958097690529161,-15.120929601124169,-3.7428622931999191,,0.3605100856145768,0.6764705882352942,0,5
0.74347203489692837,-0.66873141352890186,-0.0069014408537612267,0.66242079992110514,0.73779598582927897,-0.1298297620966998,0.091913095683390247,0.091953139445260762,0.99151228080546583,-0.30688538538991528,-25.493977303954939,-6.1656472946942333,,0.2452968352933798,0.2380952380952381,0,3
0.72454188636678307,-0.688840478495233,0.023191595169826683,0.68148165140425221,0.71095854807643499,-0.17355316682901328,0.10306218365334406,0.14155118545425471,0.98455139439091677,15.734296126762377,-4.7291970519009157,-3.1471663454837131,0.1677286081304311,0.1867310450061695,0.55,1,4
0.99878497374948838,0.0012778913792055781,0.049264015324148563,-0.00065465587453034275,0.9999195815188211,-0.012664987994965442,-0.049276238065835948,0.01261734872505417,0.99870548955797311,5.55616391169435,-15.165220261182991,-4.5003844274049323,,0.4031438879417568,0.25,0,2
-0.99818631446997552,-0.020316282207591886,0.05666860049542273,0.003052192804857743,-0.95720211591325777,-0.28940420420281543,0.060122921784709682,-0.28870635249063092,0.955528061496692,-12.713648803104853,12.483878444584352,0.55597392697285453,,0.1333454764825547,0.1764705882352941,0,3
-0.063473109312128739,-0.99798344596805333,-0.00045383695397450822,0.96950359806949493,-0.061553874830147799,-0.23722119176772041,0.23671488699393969,-0.015497163196041117,0.97145555750550017,-8.9086442886870572,16.539399430880305,0.97726242849396194,0.2729681245296121,0.2667117888381608,0.7358490566037735,1,5
-0.99200742104040707,0.052623356155311773,0.11468242667346124,-0.097162647220782605,-0.89844628331863186,-0.42819819707232282,0.080502773777133552,-0.43591863733716329,0.89637840504794652,-7.215523647847248,-21.491365881041048,-5.090635600605979,,0.1840165260422362,0.4166666666666667,0,2
0.69690120708550274,0.69345938132230855,0.18287371057330776,-0.69261457300996443,0.71694411689027848,-0.079222386423550076,-0.18604773800558047,-0.0714508202367133,0.97993929376799016,-6.3471456498086276,-17.37014157846837,-4.3806376085680849,,0.2165963743410911,0.1525423728813559,0,4
-0.89440232859372781,0.4330369520458226,0.11190832305499675,-0.44501750911205284,-0.83656318509036109,-0.3195644753960834,-0.04476484323463293,-0.33562037410493151,0.94093308651351237,-0.37327931886734506,7.813799621226905,-0.426247601945479,0.1585984484549136,0.1361830856241452,0.1973684210526316,1,1
0.84071076931298561,-0.54094567157619167,0.024149177297599956,0.53731508264647387,0.82788357764052323,-0.16093875802223809,0.06706641724276538,0.1482786642646565,0.98666890768996507,12.720990323619771,3.4499451111226822,-1.6429013563212604,0.5153475798789298,0.4570805261897575,0.8983050847457628,1,5
0.48831158131962038,-0.86224517308955773,-0.13448070877597948,0.85920148790010931,0.50200172430542633,-0.098828497836482773,0.15272394291455663,-0.067286925016207352,0.98597559147399483,-7.5368125837174675,8.9400487110916114,-0.10870854886905135,,0.178176387512378,0.2,0,3
0.5607471970939274,-0.82794347815758962,-0.0084957593901679278,0.81498840609817924,0.55372591574290064,-0.1708259586837837,0.14613856054050875,0.088866232118828228,0.9852645908141372,6.3602473793306906,-0.64994681847898139,-2.0691920488956868,,0.08154746629377425,0.1578947368421053,0,5
0.99399505681710698,-0.099178664284848117,0.046232235224243835,0.10435253930731409,0.98630264640400811,-0.12774050742252882,-0.032929843049609213,0.13179788407680543,0.99072950051444675,16.614287480613978,5.1721150265677212,-1.5525546355393283,,0.105940014949488,0.1176470588235294,0,5
0.43858411773858286,-0.89862738341551074,0.010620614071830641,0.88487515586544885,0.42974769995462286,-0.1797578173983243,0.15697111262766431,0.088236841282455236,0.98365356179954377,-14.671656763926029,12.066884187117502,0.60077551284529362,0.4642483250887082,0.5031602144178823,0.8367346938775511,1,5
-0.99677375209390395,0.078947968516092953,0.014467391051054917,-0.078842973116620002,-0.92935400414396818,-0.36067287196531161,-0.015029062737711691,-0.36064990399105357,0.93258017029340223,-17.377569644782721,-14.097907450251496,-3.3071394958143792,,0.4353013406950949,0.5039370078740157,0,2
-0.10183893346778689,-0.99442656705007826,0.02728798957671737,0.97230894532168144,-0.10529893935826232,-0.20863232783407179,0.21034292590335021,0.005285462611763595,0.97761337828785722,-9.2363663697083727,-9.9317834739191291,-2.9016878569432585,,0.07018189520881009,0.3538461538461539,0,4
0.45948606763275157,0.88302680380432241,0.095583562470304695,-0.86388749056462832,0.46932032769022142,-0.18285741347479767,-0.20632730623293802,0.0014469899333319066,0.97848196147031419,-10.623021082051865,-8.737315493010323,-2.6111115363330355,,0.101540961276608,0.4108527131782946,0,5
0.37118033107693366,-0.9268477904519743,-0.056376725303182842,0.90880672030874188,0.37507047642018115,-0.18273610163184853,0.19051379725176068,0.016592499878885263,0.98154428428088947,14.135301941256913,9.1470714501586539,-0.87614044960529747,,0.6501324855406516,0.6896551724137931,0,5
-0.68314406526405591,0.72663714615463382,0.072887885980802911,-0.72127407004470334,-0.6557176782915658,-0.22315474957317846,-0.11435865500979374,-0.20501898498473128,0.97205417226622881,-14.626543439450186,2.6392599809032968,-0.68164740396284051,0.1780265998272771,0.1119557481095667,0.3650793650793651,1,2
0.44613948499951073,-0.87880935849471808,-0.16927395353826313,0.88006786057257169,0.46515984828362256,-0.095429955108309358,0.16260418417614039,-0.10639749511553252,0.9809380471373067,-9.8381743772997812,-13.623150551169783,-3.5269967684585155,,0.1467003582032612,0.2368421052631579,0,3
0.25249918198319771,-0.96746579132062394,-0.015940693905060935,0.9461625625053971,0.25032063463828458,-0.2052217951083817,0.20253535101565892,0.036735847596663145,0.97858566773191535,-3.0792676207501501,-5.7926562812229339,-2.4777839507853874,0.4146471806239264,0.2997941497343993,0.8548387096774194,1,5
-0.71117105093823985,0.69758992197817771,0.08720112993465251,-0.69519868862286271,-0.6793794495365687,-0.23482407645818804,-0.10456825352109389,-0.22762219641737341,0.96811859606851869,-7.1349735307440891,-9.8862496345358402,-2.9883390289820402,0.1606391444489126,0.1281423758239794,0.5648854961832062,1,5
0.4321918072653988,-0.8981874953094553,-0.080432984542390312,0.88867122690031974,0.43936470796802257,-0.13123301364997664,0.15321126659664777,-0.014760645714272314,0.98808321062851256,-0.44010463713390635,-21.991651026121627,-5.5273153887138458,,0.1796342910577838,0.1666666666666667,0,4
-0.89679348435382034,-0.43876385458031081,-0.056988826399227678,0.43093052900148254,-0.83697145284598418,-0.33730945183226624,0.10030117444494771,-0.32705514372152816,0.93966728546345279,-5.5369240743789332,-23.440161280864977,-5.5526676044705265,,0.1964218332125334,0.6363636363636364,0,3
0.82474862004626426,-0.56413261081806187,0.039295179645607636,0.56080077184159804,0.80697966571128099,-0.18516563782294293,0.072747563764371206,0.17475187134936951,0.98192136926855944,-4.1118583080993512,-1.8556938951923692,-1.730807694336477,0.333741476303777,0.2833806631474473,0.9653652392947103,1,5
0.99888090346741709,-0.038046131829601593,0.028096842187703645,0.03939633750444247,0.99801279327556325,-0.049177159836079259,-0.026170007247843977,0.050229038524660215,0.99839479886943316,5.4228892601925764,-6.8802491762971689,-3.0659504000629325,,0.2223111111021699,0.2972972972972973,0,4
0.90285580826969203,0.39917561755236053,0.15971917801370383,-0.40807869618956327,0.91257544047601968,0.02603542118392797,-0.13536309389899334,-0.088684225156958257,0.98681910247947813,-24.558754569661662,-10.734539878590411,-2.3970989979083761,0.7114743520531071,0.3826924260113634,0.5,1,1
0.7700309494820522,-0.63800651298443178,-0.00016195436036491162,0.63162002467872358,0.76235866566510768,-0.14094470302272524,0.090047105809221609,0.10842948987596446,0.99001745664438701,-22.993432364162143,-17.10388089501761,-3.5554556212245045,,0.135963643544827,0.4,0,3
0.35934696750126022,-0.93311750768923074,0.012707233825174295,0.91813645529259491,0.35107511049151624,-0.18377082536713746,0.16701858103336145,0.077704463431704188,0.98288697720154694,-1.1851505553252284,-10.803742256613702,-3.431978656912972,0.1696395770550269,0.1422774752909084,0.4313725490196079,1,5
-0.84683463667832493,-0.53119241443494147,0.026565333964867831,0.50906864715024869,-0.82400380486252844,-0.24873046066111185,0.1540136702065863,-0.19710999066219534,0.96820836650518782,-9.4751355850111221,-9.000608341099495,-2.7232095258441338,,0.07046838241122166,0.2372881355932203,0,4
-0.11075390321272691,0.97519964509054424,0.19162261123996588,-0.97427955539771738,-0.06846359839465975,-0.21469066963629527,-0.19624709133429732,-0.21047182212859733,0.95769968739302425,-11.884002857195103,-20.227150209478445,-4.6216002119667676,,0.4531036250958431,0.7954545454545454,0,2
-0.99584868548086003,-0.079374529878236455,0.044554232488662991,0.058161243775059171,-0.93139802724013665,-0.35932573603308898,0.070019035615916797,-0.35524273231101,0.93214802246833461,3.1714079456774571,-5.4035444401054002,-2.6839582162463609,,0.1313496194062332,0.2608695652173913,0,3
0.41172372804908786,-0.90422677177832478,-0.11339099153244524,0.89730483168782527,0.42397569247153399,-0.12283587107586758,0.15914650731651242,-0.051171841794423092,0.98592790396474883,12.812112917305186,6.2950958035062836,-1.2288147902608721,,0.1419488802353136,0.2173913043478261,0,4
0.22712760284306502,0.94834745812908139,0.2214726860966669,-0.95098971258997367,0.26498207879472679,-0.15938338829897905,-0.20983712391948392,-0.17441787918024632,0.96205342099462621,-7.991696805047118,-19.715050751165883,-4.7164763533577139,,0.5733451412489938,0.620253164556962,0,4
-0.97769026761405842,0.18904245454341906,0.09156795833122898,-0.20914020825591773,-0.91665192308501786,-0.34060185729853093,0.019547733971528269,-0.35215366288700856,0.93573804230235336,-2.7035637044125105,-20.668214919800857,-5.1680100237427062,,0.4075652708459165,0.1463414634146341,0,4
0.87059640640687075,0.48067487776838425,0.1049455050671117,-0.47158194061446701,0.87607413540036128,-0.10052155275761475,-0.14025822770067881,0.038023297658904172,0.98938458568819765,0.54343522692919677,-14.977844173142184,-4.2460307008026339,,0.2097363191064286,0.4716981132075472,0,5
0.51692129475409765,0.84834184577550076,0.11449230426523957,-0.83151353555077301,0.52938557756857985,-0.16833345020593604,-0.20341488447407355,-0.008186755682067377,0.97905840571735125,-19.953388288465185,-12.341245589713617,-2.8607930741976708,,0.3453343821918985,0.5,0,1
-0.9055170657026913,0.41903729100912512,0.066682774874188666,-0.42247673537805036,-0.87580906715028461,-0.2333921291767411,-0.039398626695517747,-0.23951247700502276,0.97009356330893448,-4.9336371207303937,4.5651982599582217,-0.71457989178653447,0.1500104846469411,0.1051091827371775,0.5258215962441315,1,4
0.015037920325516844,-0.99988690522614021,-0.00019418953061254036,0.9851439195185463,0.014849418575162102,-0.17108755829578506,0.17107109278869245,0.0023814964350221614,0.98525580926316336,10.002166608113201,-1.9323209352882851,-2.4220068444013019,0.1918699190449067,0.1516014123819078,0.66,1,7
0.40829094559349055,-0.91244621430176587,-0.02721047138052634,0.904026387073111,0.40829882799781553,-0.12660315371722997,0.12662857190188789,0.027091937213632289,0.99158016908170477,16.247118193795682,10.932120786171245,-0.67619662968289307,,0.1691058131250225,0.1904761904761905,0,3
-0.8410389224236523,0.53095335049043169,0.10364396061251085,-0.53860202276757108,-0.80391513490292887,-0.25224654000538338,-0.050610196987796431,-0.26797200502476304,0.96209646734818965,-4.6631312086306362,-6.0482819294504653,-2.4579191098036843,,0.1632898237927399,0.2843137254901961,0,6
0.084555465008981465,-0.98607845073329836,-0.14317703145593583,0.97437997665515697,0.1118813642177067,-0.19510566735561902,0.20840833579924656,-0.12301158213844735,0.97027527858293172,-7.679878837543245,-4.2586443821546753,-1.9732570566611913,0.6883152800037818,0.3892311261048467,0.2920560747663551,1,5
-0.083962032612517848,0.96246061495934687,0.2581083914398184,-0.97599614047595906,-0.027194576732856218,-0.21608329128452358,-0.20095250895573796,-0.27005558621957232,0.94164115749896848,-12.018635602058515,18.755040073676827,1.3992291417083593,,0.4605044741434925,0.2962962962962963,0,1
0.37281378471474663,-0.9223870509112656,-0.10105449142856221,0.91387878034745862,0.38385885440714346,-0.1322042159837456,0.16073411821174741,-0.043064001259221121,0.98605782540287068,10.118312617560699,-6.4121973622227326,-3.1825745598552326,0.3833140412797685,0.1568635516441713,0.25,1,5
0.6921822388861294,-0.72033636876912943,-0.044713130052481738,0.71293873724688739,0.69208070309074676,-0.11288337938877752,0.11225909808740947,0.04625814780038412,0.99260167169851121,-18.379463929758671,14.712822727180086,1.0910716629664607,,0.3820179321699999,0.5652173913043478,0,1
0.97605172601571211,0.21156475147353043,0.050629873352531281,-0.20369318134962772,0.97053764314927671,-0.12870808483508256,-0.076368291937280397,0.11531278838095309,0.99038923904815945,-15.337829901217789,-16.037980846600707,-3.7330902531310985,,0.4627032049641362,0.4761904761904762,0,2
0.88539329209900486,0.42573031097397895,0.18663445722611521,-0.44009787335447725,0.89697962870701453,0.041730175574674691,-0.14964150552221092,-0.11908504525181123,0.9815427508888348,1.6992702206363337,15.746413154483571,0.62611370638905894,,0.4486251131603479,0.2682926829268293,0,6
-0.83956996350418589,-0.52654731920085218,-0.13367945625254568,0.52049850624548655,-0.70920203041833341,-0.47551423222310651,0.155575002419404,-0.46880742388843338,0.86949181590702385,-12.216289194550168,-25.932220832615769,-5.6779645812532218,,0.4339634713478621,0.3,0,1
-0.42120486017527509,-0.90603362189203163,-0.041104035883798455,0.88143370737648297,-0.39824933824704012,-0.25391353663470811,0.21368454615455404,-0.14318009843202401,0.96635313118327548,-6.6833296742211932,-14.539449152822408,-3.8444891053273982,0.3389837821806517,0.2239192288677452,0.752,1,5
-0.97975787424886884,-0.20006800677952341,-0.0068775366671177049,0.18791330513164228,-0.90730432308822717,-0.37614818231638042,0.069015198339505313,-0.36982652415515482,0.92653399529076996,-19.121198401765952,-14.342645774765483,-3.2429743312438695,,0.1396139745997978,0.1304347826086956,0,3
-0.99778098036660834,-0.05145016978793869,0.042261036989671714,0.027175609402122842,-0.89414540122153918,-0.4469513259047298,0.060783233479911013,-0.44481106270321674,0.89355946473895176,0.10442990972803017,-5.1699038285612149,-2.4911107185970756,,0.1083504075655554,0.35,0,3
-0.043125351826291423,-0.99112446086974682,-0.1257477916128675,0.97713736752131342,-0.015615083799739813,-0.21203474750956522,0.20818926250740344,-0.13201693915396492,0.96913815256290603,-4.7919966593417742,-13.434525913181371,-3.7581455745364321,,0.1079680546948733,0.2368421052631579,0,4
0.29396932972733614,-0.92207345008907138,-0.25171925993157201,0.93841584522855814,0.32844999501725097,-0.1072208104667119,0.18154265229865832,-0.20469771228327233,0.96184256091231679,-8.6564965857701672,-18.674441397637452,-4.516652647987331,,0.5385691919775289,0.1818181818181818,0,1
0.0327035685381847,-0.99905636957639699,0.02858053557402614,0.97848642129127106,0.026175864307193337,-0.20464395294357537,0.20370272446255877,0.034658253513431984,0.97841913590747487,-6.7633198600384619,4.9713980687838095,-0.63560839795303581,0.407062412990322,0.3434343479952351,0.9377713458755427,1,5
0.76829975148325425,0.62050208437167587,0.15713896767249363,-0.61598148483069437,0.78347748492273639,-0.082035607908503769,-0.17401810887532448,-0.033766757462783965,0.98416335223066853,7.9420273388321672,-2.3143576592933157,-2.3825578534502956,0.3009467615820998,0.2083346736341855,0.1538461538461539,1,5
-0.060862506378005013,0.96844719461985651,0.24167289163312572,-0.97772139413528325,-0.0091131624455178684,-0.20970890710792109,-0.20088959845533158,-0.2490521662286253,0.94742619117759475,10.773837442571818,-4.5942346078621217,-2.8741816415709041,,0.2538856791832103,0.2142857142857143,0,5
-0.341633066963202,0.93546861581955387,0.090472738291509078,-0.92223188399000444,-0.31513456708902654,-0.2240057070207323,-0.18103922146751145,-0.15996460059106632,0.9703793726415344,1.2974509296419443,-6.6908454197770322,-2.8058768162225158,,0.1630111198914496,0.6573426573426573,0,4
-0.75590881209729965,0.63460058182748513,0.16088495684142121,-0.64872629923200509,-0.69300963585744135,-0.31447071929431242,-0.088068476076264973,-0.34208149051498321,0.93553417755240309,4.2220036139018164,-5.2893918447467003,-2.7057208396714598,,0.3042059606786404,0.4166666666666667,0,4
0.84959493237300443,-0.52301275545429493,-0.068162368783779015,0.52432526722124162,0.85151653298844254,0.0016149924816108688,0.057196722279197816,-0.037111341655184996,0.99767293402250246,22.206151618273097,12.712495709622662,-0.68159858686507158,,0.182460250286385,0.2727272727272727,0,4
-0.34333268004222078,-0.93903952452208017,-0.018095364057482858,0.91239229666806509,-0.32889460552672617,-0.24365679846085395,0.22285189654970411,-0.10016541239752373,0.96969269480770826,6.3954498385605074,-8.362562361154005,-3.3623821854507216,,0.118928137526945,0.1904761904761905,0,2
-0.75047296830410037,-0.66054254644601362,0.021768513487340473,0.6306979788403938,-0.72563119779189245,-0.27509893543549863,0.19751046385311963,-0.19272495719475116,0.96116944788252945,14.055973166578834,11.036880230279309,-0.57495135118931073,,0.1737300356084085,0.2380952380952381,0,4
0.95167852940355901,-0.30660085686953759,-0.017432476563720663,0.30607790349659425,0.95161245467864397,-0.027387097173933485,0.024985869274627405,0.020728016483744199,0.99947288891157049,13.038357434737437,0.49326911244006089,-2.129002751097401,,0.1668511882097632,0.2142857142857143,0,2
-0.25087871825474189,0.93994729828075196,0.23142805616772705,-0.94921100755249854,-0.19197293543976457,-0.24928869849997168,-0.18989031536133602,-0.28221528752595026,0.94037024603005026,-8.0279244135822942,-17.207296087316813,-4.3052439305166308,,0.4835624244595846,0.462962962962963,0,2
