axis_00,axis_01,axis_02,axis_10,axis_11,axis_12,axis_20,axis_21,axis_22,location_x,location_y,location_z,dbh,dbh_approximation,score,reconstructed,number_clusters
-0.037811784184178361,0.99540215346496774,-0.088004669501768606,-0.98747478727953153,-0.023719952055457263,0.15598367979289279,0.15317902422999705,0.092800413532447182,0.98383142345838603,-10.28689240640581,14.40556526087023,-5.4811683850219008,0.3156076424895975,0.2091866273962879,0.3478260869565217,1,8
0.86488603901269967,-0.43154585314411559,-0.2563987444490346,0.49475956328214199,0.81912514250950341,0.29025329532952859,0.084765052125200802,-0.37789175373763306,0.92196133779855927,8.4225562416011588,-15.949262381991176,3.4276382354051864,,0.2123966947621094,0.36,0,4
-0.7422087890759913,0.64263741599368318,-0.19011382112648237,-0.66895917634713631,-0.72746944580705508,0.15258383203385778,-0.040245916554491182,0.24042744639940253,0.96983241295522371,-7.0265932746390423,-7.6849041708852237,-1.1689188123576402,0.2735387986135307,0.2739856687701604,0.8668555240793201,1,5
0.44191380071409769,-0.87015634771287698,-0.2180369768488985,0.89461311637467167,0.40956249870581712,0.17867829097079807,-0.066178280038231119,-0.27401914201171002,0.95944460239367002,-0.98411760462880837,-2.5249414983177152,-0.78100975957088814,0.1552625314077905,0.1440706531756968,0.7369402985074627,1,5
0.46562503282725537,0.88029236604703698,-0.090987246820240758,-0.84994312959853746,0.47346343712708788,0.23114724777087092,0.2465562922597225,-0.030293959515291465,0.96865487701452524,-6.8764570458253216,13.964565684341942,-4.622577301626654,,0.07564739566902334,0.2941176470588235,0,2
0.97807088635200712,0.045520855319859554,-0.20323679047246163,0.0026680047707154735,0.97300406273152318,0.23077256262063117,0.20825518726106751,-0.22625416159465028,0.95154549620076456,-8.3773203914111782,9.2571344689012864,-4.267328274942737,,0.1003962581003898,0.3333333333333333,0,5
-0.96217360265858609,0.20350164116405506,-0.18113265964627875,-0.20344608461502714,-0.97890008085115288,-0.019087230402088495,-0.181195057884628,0.018485501160189745,0.98327342954289376,13.74369678270271,11.988827816584442,0.33451381013229975,,0.290697869602221,0.25,0,3
0.16770904107563295,-0.92636538126750778,-0.33722523323528986,0.97710578395633207,0.11077176400278504,0.18164223974283095,-0.13091204872192802,-0.35996777173632533,0.92373439841255844,-16.449413694560626,4.5431190880867218,-5.351018284289295,0.2785564141813285,0.3198446883193909,0.4137931034482759,1,5
0.17318164099779543,0.98153763534558158,-0.081191068606808955,-0.96219742286591947,0.1862096319050032,0.19875133311750709,0.21020047252918755,0.043701754953412261,0.97668107279833105,-7.4719436193785755,-8.4068533908724703,-1.1223424238261206,0.4862185058506729,0.4329081645065856,0.7232142857142857,1,3
-0.80403314891237643,-0.54707942163082868,-0.23288366597536739,0.53815915058104413,-0.83612695583569152,0.10619059454974673,-0.25281499974474919,-0.039947717744793027,0.96668958603630628,11.606012103515056,3.2046959641150545,1.1613868520277912,0.1116838766991424,0.1028694647741521,0.2758620689655172,1,6
0.57221623333022631,0.80819238123131931,-0.13926111170394248,-0.77857435301470224,0.58870226140220239,0.21737438728532482,0.25766365506432132,-0.01596002316986924,0.9661028509011409,-4.0828872054880989,-4.2594593676931805,-1.1666029996086025,0.2278022063194581,0.2142546143614444,0.6839945280437757,1,2
-0.93146814857676286,-0.2914283308464789,-0.2177994861495576,0.27561224205947193,-0.95600387911947315,0.10047126522279333,-0.23749732675111784,0.033557578705159748,0.9708083789798676,5.6797737578947718,5.5110177118099122,-0.56355152485494386,,0.07788151619690468,0.2222222222222222,1,5
0.3405820900901545,-0.8902901262273355,-0.30230337585269917,0.93208425409316087,0.27751608741479938,0.23281701934690749,-0.12338064346330356,-0.361065523649237,0.92434241731648603,-23.176741110789091,4.9174708795209305,-6.8362808273793894,,0.1780425895540851,0.5454545454545454,0,4
0.18136768631870986,-0.87119735181314661,-0.45620273624032415,0.97322077207856927,0.092383200818708461,0.21049150339451608,-0.14123417134033617,-0.48216233614857446,0.86462268675160148,-12.620641444761507,-9.0032975554604651,-2.0983084512014663,,0.2735639266813387,0.3023255813953488,0,3
0.29928181620686733,0.943940798376801,-0.13930600722039033,-0.92685562287357026,0.32228060693903032,0.19254574713209544,0.22664741082916809,0.071491115187683182,0.9713495620082695,-3.1085736912238078,8.3242614414347962,-2.8605091545211669,0.2614525752097742,0.2351890776353061,0.4663212435233161,1,5
0.42542597487813305,0.89023954603963684,-0.16274609232215512,-0.87213393579468912,0.4513139980144491,0.18893933743791652,0.24165085957690099,0.061556688209772739,0.96840881666907086,-0.93049658664556578,3.5052957939802196,-1.7422661778746282,,0.08441945349129942,0.3944954128440367,0,5
-0.6120869902226943,0.7856557318102998,-0.089969925384795146,-0.79071346837663103,-0.60646610530287903,0.083492958065668851,0.011033010827582408,0.12224538515780289,0.99243858171662136,-13.171583955263214,-3.5311690011358423,-3.1606196722503537,,0.2722875141901516,0.15625,0,1
0.1539992323675087,-0.92314058150550415,-0.35227220044717888,0.97791858897076456,0.091423656857508251,0.18792804025006127,-0.14127798758350912,-0.3734343071337714,0.91683550786380064,1.4685294509040034,7.0284483841446059,-1.6657431283457962,,0.08210485109031465,0.1282051282051282,0,4
0.84705061096340473,0.50592487703846889,-0.16292722688406672,-0.47294906724555291,0.8573130111549413,0.20330661744273842,0.24253750690992815,-0.09515471453405086,0.96546420857733461,-4.1244355480944783,19.408334646770406,-4.82848879391309,0.6744088875170315,0.5236199768182734,0.8181818181818182,1,5
-0.96812365920633792,0.17941599473847106,-0.17477551692652732,-0.18426354144748813,-0.98280628624932254,0.011779261523692401,-0.16965708879430813,0.04360853747626281,0.98453784471752082,-20.312305947693542,17.580341643055945,-8.2561751637153531,,0.3123795012857232,0.4117647058823529,0,1
0.9556100288635293,0.19972589200964072,-0.21660803493037425,-0.14487191175125189,0.95868127064737074,0.24483126943975109,0.25655720984018821,-0.20258279633496976,0.94506010851591993,9.9101547155176135,3.8766865888764674,0.64162859084551804,0.8268559930264807,0.66495932678143,0.4210526315789473,1,4
0.51900721334750965,-0.8103324242908031,-0.27201631318037511,0.85462277781463258,0.48603728604855001,0.18272291649095926,-0.015856233274482975,-0.32730584888380959,0.94478540481571549,-16.092458803151509,11.538383826469362,-6.3598003944777561,,0.0927921082037107,0.5454545454545454,0,2
-0.97927430250827008,0.015941764526732221,-0.20191012998538424,-0.026425155545541128,-0.99843278855149098,0.04933232104499586,-0.2008072498724448,0.053645380873536617,0.97816083621743843,-12.74610511702145,-10.342356009222788,-1.8968523234851846,0.2764642281117733,0.2310806811996569,0.4705882352941176,1,4
0.4494807544602995,0.88612286820518382,-0.1129305707663732,-0.86019774461070275,0.46344795577979642,0.2127811844364719,0.24088771561966393,0.001501574955372099,0.9705518294950527,22.350503166085868,1.9991809371318041,3.7636166084459157,,0.5996529357359618,0.4146341463414634,0,5
0.35946020504003551,0.92240731106737706,-0.14125549009516694,-0.89864118035670215,0.38296502342246785,0.21396686613151303,0.25146051371873024,0.050025426779577754,0.96657388062984229,-22.925266935304457,3.3598533026196629,-6.5800654431393895,,0.120277231113544,0.3125,0,5
-0.80112871112264827,0.56448090267425599,-0.19888212270342856,-0.58143680830246203,-0.81283514811146695,0.03507506159161649,-0.14185917723577351,0.14373702553853934,0.97939554896033865,12.31488179219784,9.6947597575515889,0.40818911638399313,0.6542644649987163,0.2522977016873523,0.1428571428571428,1,5
-0.9592389422861568,-0.17109393270631645,-0.22491669078310458,0.16537921827630475,-0.98524122950808068,0.044152393363489556,-0.22915140358299035,0.0051561486103928016,0.97337713573283313,-19.238205885635008,11.668433595622377,-7.1089184318294878,,0.6355908194424651,0.4901960784313725,0,1
-0.28843857589931665,-0.90820826381242259,-0.30325061826152772,0.9299920564052564,-0.34109836373524183,0.1369915372578267,-0.22785513590063319,-0.24250702216629794,0.94301239718454311,20.999135468005193,-9.2547017835184207,5.1647780417295026,0.2962240552058316,0.1243720543516788,0.3333333333333333,1,5
-0.57851633285251747,-0.67736088464224586,-0.45442390405825828,0.77427313495969996,-0.63126770688616862,-0.04474589056389993,-0.25655401985264853,-0.37773444931506106,0.88966101448703161,-21.57873348786433,18.185524062577347,-8.6021588623534857,,0.345750255497149,0.1111111111111111,0,1
-0.33297643932149845,0.93517500763531647,-0.1207244629354825,-0.93436885849175566,-0.31001752345234351,0.17562451831474679,0.12681296123656965,0.17128000539105487,0.97702693546066111,2.1345168956203091,9.073106731364275,-1.7273933454062802,,0.0981421478028973,0.3863636363636364,0,5
-0.68753262618383937,0.72099229551220401,-0.086423363419825913,-0.72608868065960319,-0.68417504087234393,0.068554658961462844,-0.0097013272674034007,0.10988459063657884,0.99389700723459362,-5.9155481526272071,-14.566503196717914,0.22119167258664418,,0.281714717062111,0.3,0,3
-0.079898527976374104,0.98454825185585748,-0.15582350591225475,-0.98481479972869423,-0.053795782145509022,0.16506309114604506,0.15412993045655743,0.16664559277379898,0.97389589327942494,-6.5981417026435016,-11.573727151584158,-0.41728702488074249,,0.07635186656255336,0.2195121951219512,0,5
0.47527378712601326,-0.82820186636994042,-0.29697894843278727,0.87843261358701419,0.42759609548648636,0.21334882824004073,-0.049708858944699175,-0.36227509942867797,0.93074474571514887,-10.781373804790391,12.463644060493339,-5.2791155779652952,,0.2705822283799805,0.2903225806451613,0,5
0.46630604409541249,0.87896312259292542,-0.099912473504474922,-0.84962550665274417,0.47644642065152215,0.22613117143247133,0.24636390093752808,-0.020558146075168905,0.96895933399952217,-5.5226173120014073,-8.2501577337207319,-0.72242255148047341,,0.06641384508950623,0.15,0,1
0.81442398577672315,-0.54000154764010688,-0.2123956212774803,0.57594791723725203,0.7968530683626508,0.18250803837393342,0.070693479343067661,-0.27096773975386679,0.95998901868253339,9.1002214781091073,2.3051192851846292,0.69369420669141846,,0.07680581052912619,0.2641509433962264,0,5
-0.027483564739782283,-0.95789755903570994,-0.28579174246752309,0.97809501982968317,-0.084783091884521877,0.19011038770901584,-0.2063365838952603,-0.27430656886762583,0.93924497359448522,4.5921580048207566,2.1459411887075497,-0.31550839937149255,,0.254205772183889,0.2622950819672131,0,5
-0.25840422645052896,-0.93033975962568927,-0.26018298832190595,0.93779177142588288,-0.30623083439230292,0.16361317035403089,-0.2318918911872663,-0.20171913079082815,0.95159631308374915,9.0701654219330603,-7.8828436319613155,2.2574343153331125,0.4019364940262684,0.3600443596646377,0.5818181818181818,1,5
-0.93973639810509602,-0.26490711292973057,-0.21614745799036544,0.24535334157420022,-0.9627934753134153,0.11327162783455796,-0.23811182216520796,0.053412970458043156,0.96976791797419959,-7.2322253074026541,-13.913491782176818,-0.21542441211549351,,0.08039295444951174,0.2058823529411765,0,5
0.079321140122359343,-0.96220831164766663,-0.26050589576022087,0.98425839070638776,0.034194058178232394,0.17339604006255202,-0.1579353571995819,-0.27015908532094512,0.94977391602675099,1.3515342611522909,9.4194864867173731,-1.974317972931227,,0.0747383538102801,0.2380952380952381,0,5
0.93924017663969128,0.30528617574284839,-0.15693387615855611,-0.25703323419418678,0.92851804528900439,0.26793311869263731,0.22751221309089908,-0.21131632798483233,0.95057014597634437,-9.626056321248198,-20.495839859573234,0.45312882937058629,,0.149313102217772,0.1666666666666667,0,5
0.029270968557979959,0.99952909806202184,0.009208285779665799,-0.99020952281192443,0.027737710232729956,0.13680541057877363,0.13648557188310959,-0.013122559139411533,0.99055514087272001,4.6956244765362865,-5.3803021596856322,0.88485494121639685,0.6672746180789902,0.7290813313114737,0.6682027649769585,1,2
0.73741240621645376,-0.63117349676153522,-0.2405056343287576,0.67454602768207927,0.66982463983507556,0.31035883813440907,-0.034793673223575745,-0.39109457789085933,0.91969257442255337,-18.399313269347381,3.1820129988963348,-5.4930367695588211,,0.2333563360390328,0.1935483870967742,0,5
-0.03085719098092302,-0.97348528198629003,-0.22665886155374687,0.9830384159022254,-0.070573288335761541,0.16927753493574077,-0.18078525002115167,-0.21759093898770507,0.95915112294426219,-6.9554814870592994,4.1688693299305122,-3.1486014208548756,0.509195172040816,0.4898910636118397,0.966686496133254,1,5
0.83340631572042534,-0.50290029963800875,-0.22918377242140617,0.54678766380407307,0.81060482276840917,0.20962602895699464,0.080356478450650901,-0.30001851597625723,0.95054285881406397,-12.868219508968759,19.819568670319022,-6.8748536489667638,,0.1023954367531457,0.391304347826087,0,2
0.64939043916314532,-0.62512435501610641,-0.43302609423589394,0.76045237586257508,0.5353649430796088,0.36755484184857495,0.0020595068489472198,-0.56798232233676382,0.82303817648057798,-24.589535875252913,7.7497338908892583,-7.7178195506628517,,0.1655659551960238,0.4545454545454545,0,1
-0.92857424347233297,-0.26246352520747829,-0.26241717225716649,0.26696254859774132,-0.96351897833277411,0.01903092322418597,-0.25783884890757347,-0.052383931966107293,0.96476683797992735,-11.304947999675083,0.9927558942197402,-3.5523403107316871,,0.2817264454291903,0.3136363636363637,0,5
-0.12544099797817193,-0.95464973682170473,-0.27001562179342731,0.97542522479462435,-0.16836818226332265,0.14211891512287131,-0.18113582434349534,-0.24555251004132589,0.95230970695032202,-11.058551135318849,-13.739179420424028,-1.0041390781324777,,0.1108328734326325,0.1851851851851852,0,3
-0.45164511101636229,0.89063148786153046,-0.052841711976191551,-0.88844566663840274,-0.44353034385404522,0.11808950635918837,0.081737330066880914,0.100281538232465,0.99159599735137549,-4.3902551108574768,-9.3709393655403197,-0.34780856515135683,0.5885119974048724,0.7756775324036416,0.8545454545454545,1,6
0.95332346106798205,0.24523204261955275,-0.17616930450565282,-0.20301404874629106,0.95244409275916986,0.22723456202743431,0.22351660920164768,-0.18086319537374992,0.95777284883744451,11.646818681868561,12.483706191008332,-0.27694908154521403,0.2964797254217191,0.124633921439415,0.1428571428571428,1,5
-0.96591085530548837,0.16984285563055679,-0.19537047881979791,-0.19654992576221048,-0.97230133323884793,0.12648416527307674,-0.1684765452099751,0.16057248136967717,0.97253901306883062,-8.4940688574557779,6.3753965558493562,-3.8447619330513958,,0.09036838451670808,0.2727272727272727,0,3
-0.96571845941367951,-0.1193041817046228,-0.23055231374996157,0.11147562044559407,-0.99266753687714337,0.046737001150436885,-0.23443771708908143,0.019433822528170962,0.97193687210024338,-8.9546414755211998,-14.740202685666389,-0.38170252402518728,0.568397985294776,0.4732382648844592,0.14,1,3
-0.79264674494234755,0.60923510033676676,-0.023318024143378996,-0.60682912649756693,-0.7920566312353462,-0.066367945201843054,-0.058902877404259091,-0.03845627951017714,0.99752271432771611,-7.0578695311820958,-24.284094185550742,1.5378779694311673,,0.1046035627279481,0.25,0,1
-0.97852951588670156,-0.00055631513115021898,-0.20610598499803645,0.0035350532198179692,-0.99989455972779429,-0.014084488826069453,-0.20607641771262672,-0.01451068365837644,0.97842830607178166,24.597602696221731,6.0366933032820604,3.6159431275935923,0.7549145839489803,0.3468199603808067,0.3703703703703703,1,5
0.73401839025867432,0.67217128754667466,-0.096967844979201856,-0.62256931955110828,0.72303953095549134,0.2993681329556187,0.27133824853074917,-0.15937250977978892,0.94919753371506221,-21.634506458229126,6.0752281787306046,-6.7321201996703657,,0.1193653835805013,0.4210526315789473,0,4
0.02597865004820028,-0.97363063122588756,-0.22664620817554584,0.98602338668589562,-0.012367219928045467,0.16614732251748063,-0.16456910600155034,-0.22779474491289539,0.95970128870389626,16.00390223029687,1.9017390677760684,2.3570930287297092,0.1813054540274999,0.09211297939029046,0.32,1,5
0.87043122512707316,0.45281440763466824,-0.19315432835493929,-0.42010295965168909,0.8877744901990593,0.1880690241472322,0.25663784914870685,-0.08255644608548425,0.96297530996078051,-7.6011499919163565,2.223846433226254,-2.9786757787548237,,0.08460832528682191,0.5241730279898219,0,5
-0.11629952382269063,-0.92956613843352343,-0.34983026603826506,0.97354457113986781,-0.17644124435438768,0.14518765544896012,-0.19668601567652477,-0.32369010112832164,0.92549410028850587,7.2605840029791686,11.125139755210324,-0.97746725193503237,,0.08734839597748094,0.2105263157894737,0,5
0.95664645536133275,-0.072081549370248299,-0.28219108718204328,0.18927449265974225,0.89026627172848283,0.41424766969901639,0.22136559324564486,-0.44970013971873835,0.86531327186398366,-8.2784594587358082,-18.967070293825437,0.48626260043624187,,0.3098165620940914,0.2222222222222222,0,4
-0.36068427297020444,-0.88513121964249186,-0.29402309304908464,0.90398628461860864,-0.40936294202614387,0.12341304192484827,-0.2295988947129308,-0.2212797001758082,0.94779725777019719,-12.671338397112299,9.8093649006202082,-5.3023238528771746,0.2178000122518239,0.1843802504268346,0.6774193548387096,1,5
-0.11719152835225978,0.97521128539158441,-0.18769415155341629,-0.98204090760777674,-0.085658476851130386,0.16810199620599386,0.14785736866100754,0.20402346479863454,0.96773582363380817,-12.383847644786453,-4.2827849146905024,-2.8758691991561722,,0.07516361031313562,0.2434782608695652,0,1
-0.1836816765350115,-0.92784304268588358,-0.32460488265688109,0.96053246089415167,-0.2395944239292678,0.14132198551755995,-0.20889814090582631,-0.28583526752554955,0.93523246659035819,-15.453548414343834,15.789914952221155,-6.8764984569257397,,0.6305448494479444,0.6907216494845361,0,5
-0.94568210161280364,-0.22310818591636283,-0.23644893754530047,0.21865302152034724,-0.97475297803963235,0.045249176599041541,-0.24057476773180989,-0.0089089382071253567,0.9705897238023945,-6.6941286445905339,-10.110265195004978,-0.6911324486959749,,0.1735700132340012,0.4157303370786517,0,5
-0.29430354857582741,-0.84301444407903281,-0.45023556986292967,0.93155808110283078,-0.3582821694184013,0.061914688151179176,-0.21350635313191341,-0.40119887107389213,0.89076063171951381,4.1712793824114351,10.95680443183161,-1.6704268595519278,,0.3633407481802367,0.4545454545454545,0,3
-0.97943381066355872,0.02325161044801485,-0.20042148871973423,-0.05108529140945766,-0.98954879570312526,0.13484611200960006,-0.19519145352876385,0.14231143149469261,0.97038536310852308,-2.2679421849634314,-3.2928685524670773,-0.95929025875921381,0.1853236492217255,0.1651295947162504,0.672463768115942,1,4
-0.82365681749869446,0.55997825223860265,-0.089519852589931961,-0.56271484922540294,-0.82662461172003432,0.0066143601304503499,-0.070295415562860897,0.05582211316766067,0.99596307473336709,1.1475097756673638,-12.399702175069155,1.3276170520810437,0.4998440078734179,0.2670875501583351,0.1904761904761905,1,4
-0.89928765855372195,-0.35656869136542418,-0.2532596997370708,0.34771385793320508,-0.9341378261499822,0.080508352094611907,-0.2652862231141474,-0.015661739805399904,0.96404249373774842,4.6626793240292121,15.538028107175926,-2.2681529682024859,,0.173477070599008,0.6666666666666666,0,4
0.66238933658897547,0.73798397441373853,-0.12891865761680657,-0.70553349248933761,0.67237649205967132,0.22390253214586095,0.25191835532373252,-0.057354218973265973,0.96604742938271537,-0.55973092550464687,23.688343228011298,-4.7416151422891168,,0.3644983614587584,0.3125,0,4
0.83298144035597133,-0.4865537445889927,-0.26345279206894306,0.54970841881829891,0.78191036827754457,0.29400141200402641,0.062948981745364341,-0.3897199373992879,0.9187795144052342,8.1071989310987096,7.7863324405274001,-0.18920086878013123,0.4408039552840836,0.2095583409639296,0.1176470588235294,1,5
0.66226411995858081,-0.69503329141613257,-0.27988383168511749,0.74911270313508582,0.6218607966226255,0.22829653441416423,0.015375090800727048,-0.36085713717083429,0.93249436091364024,-18.506577278282823,6.8103673352521295,-6.1131472663904187,,0.1598578582650906,0.4857142857142857,0,6
0.97793723215905148,0.061144833940911379,-0.19975004190095386,-0.023221588381181959,0.98209717834514909,0.18693819866349456,0.20760425763974441,-0.17817531133362885,0.96184927646748075,-0.64079238751716117,10.577469979264983,-2.6240948461869307,,0.0976362737097029,0.3098591549295774,0,5
-0.97183009477999671,-0.13968404183111405,-0.18982790979628264,0.12044316135366799,-0.98667098546244059,0.10942491183322918,-0.20258260478885226,0.083478948869156716,0.97570054490743419,-7.6776595008770512,-20.901064903093591,0.90872333233056035,,0.3058310095868225,0.4210526315789473,0,2
0.93986190564557914,-0.27321188879469338,-0.2049752720146942,0.31387529442403395,0.92753493801405817,0.20288232627186767,0.13469186265876576,-0.25501804364494418,0.95750921643032694,9.6094131313358684,7.9156753002481812,0.10037096829256546,,0.1330403757194,0.4,1,5
0.53462066177083234,-0.7816994221142477,-0.32113355706616714,0.84410004157366492,0.47552910813600019,0.24772401403723049,-0.04093736463250907,-0.40350722519136156,0.91406020118770837,-5.2019462027767585,-9.1234496799775489,-0.57247722013889868,,0.08239868261776712,0.2368421052631579,0,3
0.35725681362595701,-0.90210552019280199,-0.24201900659969336,0.92951429154913312,0.31801298815140822,0.18673757300801935,-0.091491807959736784,-0.29167339577802848,0.95213228034321584,21.295122617045642,2.911578972607324,3.4565902813675149,,0.1112680987440456,0.2631578947368421,1,5
0.051080183574604622,-0.97388206462174853,-0.22123412723642977,0.98553981221460818,0.013318587318645886,0.16891978502185576,-0.16156142295108397,-0.22666349384035286,0.9604798629716842,-16.826991233801461,10.082306853420633,-6.3428555347291073,0.3989889717747203,0.3281140114868618,0.8839779005524862,1,5
-0.38672983995079946,-0.89441870604201701,-0.22462237015433942,0.89120380869146998,-0.4250907324771851,0.15828341838558935,-0.23705653812001559,-0.13897139073972811,0.96150462832501205,-3.002408098642972,12.424174157975367,-3.4558647188973683,,0.06989331040738986,0.3,0,1
-0.844063644193768,0.50131375092372132,-0.1903709213223618,-0.52791397373800975,-0.83915485080119856,0.13086623976015108,-0.094145636555708873,0.21095890479334253,0.97295063574978635,7.473916739056107,-11.114056472484762,2.4013222717110794,0.1688632600235437,0.1222957468075771,0.44,1,5
0.25449117290489948,0.94875352181894168,-0.18735260272983806,-0.94161599309722532,0.28725693668326041,0.17562110884194987,0.22043948025935667,0.13172018510275951,0.96646584439362393,-3.4939310840757942,-9.9779855751202344,-0.041210723496032713,,0.06566994004640078,0.1509433962264151,0,2
0.81499544325475015,0.55744461563544745,-0.15823377633438643,-0.51744558792395579,0.82301917714028183,0.23428507762417142,0.26083038743985343,-0.1090639012615109,0.95920413595313203,-1.0603180060532089,-3.682557539656802,-0.63194050828251336,,0.07431159231057144,0.2021857923497268,0,3
0.95597147400762561,0.22403921007734792,-0.18953884359572806,-0.18466169753831399,0.96122357038326001,0.20481529533198073,0.22807586094533569,-0.16079701516998463,0.96027377427818361,2.671825537793497,3.4051693095056095,-0.94524401278710202,0.4142702399176369,0.4015278304027042,0.8671428571428571,1,5
-0.11727551374591516,-0.96406658637495546,-0.23837380500166719,0.97264067526226261,-0.15997195086716742,0.16846095025590466,-0.20054069587243759,-0.21209571417427023,0.9564511682924044,-3.6182543533227927,-8.4217006758565933,-0.37759333146071455,0.117236894879315,0.09747113828030728,0.3655913978494624,1,5
-0.9084157137431258,-0.34063456597423647,-0.24238189595783075,0.32282103671482448,-0.93992346330983545,0.11104261062318169,-0.26564538256656189,0.022626877451145864,0.96380524751522156,9.1426803802596996,17.627675353778205,-1.5711862301487096,0.6037627930070446,0.3596598720806431,0.7804878048780488,1,5
-0.96708211435186076,0.17242024244695331,-0.18714551582998343,-0.17139205328945489,-0.98496199117913075,-0.021786234224125425,-0.18808760769907565,0.011006176764782936,0.98209058436738061,-2.3583034332179946,-15.272532988008205,1.1133503686806929,0.2725729244946523,0.314593990814721,0.2222222222222222,1,5
0.59846291186515155,-0.77290687303590722,-0.21084854454261537,0.80099705674113819,0.57210328091943807,0.17635631843868788,-0.01567986651465246,-0.2744317794554228,0.96147872582341232,-11.393220271284825,-5.0002409208694472,-2.5536163769843316,,0.1028679554110534,0.4482758620689655,0,1
-0.95546519859387813,0.2400054918679044,-0.17170794433924327,-0.24489257238752499,-0.96952084034019681,0.0075477238596412671,-0.16466293531145437,0.049261587665095093,0.98511898454721303,-9.0742795510218741,-12.340382795423787,-0.8242406966429906,,0.172849107762662,0.3055555555555556,0,4
-0.35009232393371886,0.93460393976055445,-0.062855711806785383,-0.93116047275341651,-0.33993503956923893,0.13184969796966947,0.10186038829850001,0.10468832149341918,0.98927489437393956,22.515040210601146,-6.3568154946106867,5.1146548936030314,,0.4407260885183854,0.4,0,4
-0.20261555442818957,-0.89917120231246517,-0.38786348891808986,0.96662768771234342,-0.24705508713800067,0.067784196293257909,-0.15677324533110054,-0.36118545492750759,0.91922098360359683,-14.29691582772095,11.399283660398522,-5.9203085045107802,,0.1365755599005153,0.1875,0,2
-0.97952845266982436,0.0064375903157050133,-0.20120280276672778,-0.037081177700304037,-0.98815553557254032,0.14890810514442818,-0.19786105395104434,0.1533205627053095,0.96816517618695064,-13.709804327668063,-5.5540006465340896,-2.9267102434229941,,0.1081820186786611,0.4838709677419355,1,1
-0.74496452290424009,0.66663349910557124,-0.025052694152944886,-0.66331652899294513,-0.73621623567221584,0.13415228919919442,0.070986209779153028,0.11655656224724288,0.99064399549903659,-12.832903471195779,11.817888739368154,-5.6652057570986987,,0.1769249477431648,0.2758620689655172,0,2
0.68934166873431146,-0.60966793684999987,-0.39129665283983694,0.72146311114336137,0.62663887059038403,0.29464335241873468,0.065567087825655485,-0.48541604077561479,0.87182121123071465,12.887777727441549,-9.4018074737472528,3.2990950056464223,,0.4654555525565796,0.4705882352941176,0,5
0.96939667024415599,0.15575830184247122,-0.18976155334179826,-0.10500652409352809,0.96175306549141137,0.25299144435270449,0.22190927339193783,-0.22532286263276066,0.94867585715967273,-5.776501323709982,4.4733008795648326,-2.9443237271778573,,0.07024726068007396,0.2521008403361344,1,5
-0.067264235487824994,-0.93397921850448407,-0.35093922839430486,0.98210339414604764,-0.12399792526023656,0.14176543209812478,-0.17592170369527935,-0.33512286393636054,0.925604786199834,-6.2361583212263616,11.691636145291374,-4.0881361024249729,,0.2602591619249078,0.4310344827586207,0,5
-0.49971344811178614,-0.76437681235400656,-0.40744884158843397,0.82939396124825637,-0.55789005223101085,0.029399773240712409,-0.2497841604689027,-0.32324414667122364,0.91275467395222798,-18.449853215133725,1.9776575509512218,-5.2950592055382275,,0.07195763057717716,0.2307692307692308,0,1
0.34231526768800585,0.93841241770157025,-0.046929647464915299,-0.9201640653098494,0.34492397031616673,0.18527155101035203,0.19004828444408103,-0.020238305384206123,0.98156612644031049,28.784298173265366,2.2586514352365632,5.1136008598566223,,0.170481051635011,0.25,0,5
-0.94709802040464408,-0.22831351177415007,-0.22556214240638625,0.21765352398340984,-0.97341145054292899,0.071393917454595501,-0.23586496824074366,0.018522642718182256,0.97160929825909315,2.5942146553901506,13.168467902129304,-2.3285056365544241,0.5084361850621397,0.3737648822429334,0.6265060240963856,1,5
0.017644032306219734,0.99653827506432813,-0.081241334650478558,-0.98543194872857454,0.031078652793856631,0.16720643458169779,0.16915248312981326,0.077107610988363953,0.98256900713318163,-7.7177341394981642,-23.176776001507726,1.2488077665728834,,0.1520350213267018,0.3333333333333333,0,2
-0.71876353557284278,0.68915762990639262,-0.091873505825292356,-0.69472222070226153,-0.71708520799049458,0.056123440234420459,-0.027203234979399415,0.10416604832205234,0.99418781846471205,-22.486722171097771,8.8267378033912109,-7.4429679505498783,,0.2591075792228811,0.4615384615384616,0,2
-0.95739634648848548,0.21513306316856509,-0.19263956203805033,-0.24292223088623,-0.96068500144020852,0.13443629624876371,-0.15614424572093216,0.17550525103123935,0.97201691414743652,-18.58477820868594,5.9290023515064778,-6.0000602351817998,,0.08162848498204048,0.2222222222222222,0,3
-0.28379378724063786,-0.93174381459917144,-0.22652715130818524,0.93258024043698085,-0.32315083135320422,0.1608341858630703,-0.22305869512332227,-0.1656110025086463,0.96063406892425118,-20.907691957276942,10.885739455030473,-7.4293837402071103,,0.09286793096447299,0.3333333333333333,0,3
0.94449328438393831,0.26639278883897693,-0.19226886853631125,-0.22687619662275785,0.95215969131058864,0.20474157772498569,0.23761234639562132,-0.14975581557294182,0.95974661684345142,-4.070145046277255,5.4122535893185999,-2.7201121734479505,,0.08990914659074416,0.4024390243902439,0,5
0.40646315623786078,0.90695553260659756,-0.11054123436726973,-0.86789603996471298,0.42107803168635111,0.26353321431029753,0.28555939213187409,-0.011178242501907422,0.95829582095501342,-10.678092750823506,-15.307369529200257,-0.70021767712926264,,0.2128060843823824,0.2647058823529412,0,3
0.58689809316899977,-0.73462728700316637,-0.34040178822232831,0.80664172901631259,0.4942499083620851,0.32410823669515548,-0.06985520198356647,-0.46480079310865741,0.88265535373745818,-2.446652916822992,10.840719434837574,-3.0476765241548578,0.6207277120966841,0.3441138722558924,0.1,1,3
0.4982467609272363,0.86383717581583419,0.07440093348903834,-0.83031909402699755,0.45068062859300873,0.32780660930676131,0.24964047612457088,-0.22510509698701522,0.94181066461936147,24.552115522445707,-7.4561875867586975,5.7723226195357373,,0.4690405665278996,0.1739130434782609,0,1
-0.96330879088893107,-0.15015367191534967,-0.22246358849583361,0.12465933085760708,-0.98434563353649296,0.12459424131064017,-0.23768934478903272,0.092290565866603808,0.966946858325618,1.7211769386703866,2.0360222540685031,-0.93687413269611086,0.2354592823585157,0.1982132449529552,0.7723970944309927,1,5
-0.10420012777582224,0.98292654504374521,-0.15165005908296855,-0.98276025538629352,-0.078345406314130117,0.16746425810464699,0.15272397914069774,0.16648544788611228,0.97414474378173999,13.488214810327467,0.88771275615401812,1.900619100834765,,0.07516909953526529,0.1153846153846154,0,5
0.66009068317227204,0.74248764514076493,-0.11398415154084503,-0.71172667371431575,0.66670721454493198,0.22123885734042167,0.24026117437638736,-0.064912147453777672,0.96853548267485778,-8.6526452056174943,-9.1322921330451532,-1.2477797182992472,,0.2005332240746984,0.25,0,5
0.51968070063279637,-0.82920753654666057,-0.20578345590456174,0.85319343753775623,0.49110628395066325,0.17571447295734385,-0.044642216928739424,-0.26688851454940732,0.96269288626710969,-9.6879265596881226,-2.3600689891887763,-2.667052865175918,0.2726968405070876,0.2479887404666775,0.9207920792079208,1,2
0.9579001324214782,0.22448281972292874,-0.17898268060390041,-0.17198293850506227,0.94784215689324847,0.26836004635399524,0.22988954993665706,-0.22628015658735423,0.94654534258255385,1.3622895233417427,4.1833419381502042,-1.3776074459420664,,0.06700195090340701,0.3461538461538461,0,5
-0.97778177539555533,-0.087372881997166016,-0.19054862685368371,0.095149704118392103,-0.99494738161376961,-0.032035006260115295,-0.18678686653642834,-0.049453890761117246,0.98115492108947266,-4.1263204953305763,-10.95192515245555,0.0078715964636583025,,0.2345577148923175,0.3846153846153846,0,2
-0.82311062734564155,-0.52477448989517672,-0.21702679536389582,0.50495837850064196,-0.85120196552097183,0.14308127017620942,-0.25981903535474005,0.0081822153780074826,0.96562265933378,6.0950183859261564,3.0853230068769646,-0.15245761123924453,0.3727850654389753,0.3320133020006382,0.8842105263157894,1,5
-0.78738422210392711,0.59168922965568038,-0.17300272336371345,-0.61298091254775033,-0.78125813597238913,0.117856377973681,-0.065425435680025679,0.19884561973152823,0.97784453359399814,2.9413212568196512,7.9049459037091943,-1.3736315555516374,0.4373650521214393,0.6757824708058696,0.6987179487179487,1,5
-0.73556137343840422,0.65908876522835613,-0.15668907254550357,-0.67638440246976084,-0.72749899559549613,0.11510582740751926,-0.038126185241033499,0.19064944520587018,0.98091752101879659,10.31861328646877,-8.5847166264715113,2.6239764364115663,,0.1030477571977097,0.6,0,6
0.17498729443990865,0.97983664965972317,-0.096434365079095488,-0.96879820255338245,0.18881760533572831,0.16055514518262973,0.17552632142768465,0.065330329089089298,0.98230466688659046,18.821114962724597,3.1041907229384615,2.8191754849170758,,0.1770449237118263,0.3333333333333333,0,6
0.35273083908428976,-0.8406460795070958,-0.41096851968033216,0.93140299466947385,0.27326315645565236,0.24044897347385452,-0.089829931980546965,-0.46759107811553058,0.87936861837748492,-23.407326670141192,9.2294195601274502,-7.7196163741605437,,0.7607817293948673,0.6382978723404256,0,1
0.40655112361931733,-0.77755024035344655,-0.47972055158203158,0.91054922183735465,0.30176255148281295,0.28255880296669367,-0.074941967516598498,-0.55168377377704381,0.83067967066484849,-8.4976877082852518,13.304481490263424,-4.902989652164659,,0.3616723724758276,0.2666666666666667,0,1
0.42913748935103735,-0.7841371190234625,-0.4482967697887994,0.90066139217068741,0.33401719934337887,0.27792367152864755,-0.068191435581358498,-0.52303105941462846,0.849581331598667,16.159451963941446,-8.1716320553220498,3.8908724916668787,,0.3655100387993739,0.2666666666666667,0,2
0.52068134128588139,0.83988572331012346,-0.15324135413316695,-0.81535022487296149,0.54241200184254368,0.2024678519093234,0.25316980790834226,0.019524139852897048,0.96722482201743476,7.7559280494636864,4.0376732152611083,0.15921992153118028,,0.07269988436343444,0.2272727272727273,0,4
0.62072927550450652,0.76887630717483524,-0.15337663054337666,-0.73989427870659141,0.63917854659214457,0.209779031158042,0.25932917859142579,-0.016733494600429645,0.96564401685587764,-13.53831711389639,11.08220857755787,-5.6858022516726425,,0.4993906594570336,0.6774193548387096,0,1
0.97042827951345534,-0.13638903009305023,-0.19916572694826587,0.18327101682677976,0.95327074091358099,0.24018040908731364,0.15710088704979469,-0.26957916645829316,0.95007704124445558,0.18736866152297826,14.345082037791775,-3.046205118575918,0.2973272835667866,0.2890551936184208,0.7741935483870968,1,5
0.66379212993320658,-0.71330186299099396,-0.22490100153692946,0.74788178016525486,0.63596334583763825,0.19032463226772645,0.0072698786500163893,-0.29453535442213602,0.95561293098191202,-22.115465301627058,12.513629167946361,-7.9455798984174644,,0.4356009189979582,0.8823529411764706,0,1
0.21097993700441603,-0.94195415481160827,-0.26117012925440303,0.96979549299022694,0.16825023457464119,0.17660283220101822,-0.1224098360323037,-0.29054126866716729,0.94900031783125238,-18.83024999157638,8.5358797166531186,-6.4938328012501483,0.19374937720035,0.1333767683144693,0.6666666666666666,1,5
-0.86878060259852241,-0.43579791916719002,-0.23516045202817529,0.42562852103315058,-0.89987660764956545,0.095196917430358755,-0.25310200835173391,-0.017385760111570558,0.96728336526255942,-3.0846380624890943,-12.580319732506807,0.46576018347475873,,0.1119370683565848,0.2391304347826087,0,5
-0.062889035769724128,0.9834416669863566,-0.1699631042757552,-0.98476991034008365,-0.03348886913571282,0.17060691466876504,0.16209007640425907,0.17810385531792394,0.97056984491181997,13.714574717684913,2.0580067901254169,1.7669129898079374,,0.08732672631822117,0.1428571428571428,0,5
0.18496207389515834,-0.94815899369571521,-0.25842514176126707,0.97574081419480641,0.14583961232158743,0.16328095722510116,-0.11712768560361055,-0.28235674270648836,0.95213222564585209,-9.2483634467038769,11.303569677637858,-4.7313148796558462,,0.112994245484022,0.2727272727272727,0,5
0.068543751978736189,-0.9422085249889971,-0.32794031393339945,0.98458088927196019,0.010858450999762946,0.17459257293001401,-0.16094168678472967,-0.33485099593691647,0.92842478638548942,-19.37461142037332,2.237956048276335,-5.5499062412844857,,0.1240433525976741,0.2333333333333333,0,2
0.48567839381973649,0.86395000613365935,-0.13306721864655618,-0.8388165124297563,0.50345736364739901,0.20716549293835179,0.24597429998245884,0.011003176398659442,0.96921389479169084,11.361897623202111,6.2231827326275253,0.81092389195750036,0.2023928686009814,0.2509750037353455,0.8043478260869565,1,5
-0.74739987158219412,0.64567879731103539,-0.1565002321464557,-0.66319486485936097,-0.73910907144978943,0.11785733632151975,-0.039572758093082284,0.19187670834055065,0.98062088781205425,-19.350955679826502,10.654969056516304,-6.9967353426506831,,0.08258899335011027,0.2105263157894737,0,1
0.92007419390555256,0.3670358761073152,-0.13692385971474674,-0.32079521156194385,0.90652741104409307,0.27440569466507447,0.22484196660760594,-0.2085490797769915,0.95181582849635082,12.00746243500592,26.390067118593151,-2.3708896935301897,,0.3834259017173045,0.4,0,5
-0.91888017514061748,-0.33089403651793148,-0.21486823946414044,0.30859423168558564,-0.94211047643704804,0.13113904970657053,-0.24582274895528372,0.054193973691076799,0.96779863055887805,-10.38998100561742,5.5393576054137723,-4.139685873831227,,0.09004057327832857,0.3636363636363636,0,5
-0.026194151582893843,0.9994618155572268,-0.019747041953286526,-0.98553161144800783,-0.022509967237343539,0.16799030987430996,0.16745539483559599,0.023861697718858797,0.98559084316080636,12.381056949498625,-8.6680077302506557,3.1135403632952929,,0.4302966964657286,0.3888888888888889,0,1
0.9397108569243674,0.30525973984662724,-0.15414277993873279,-0.2554057005131759,0.92623293658235695,0.2772372185248535,0.2274014809183198,-0.22115387950201787,0.94835622424137778,-14.327471038493719,8.0107673721176198,-5.3725042977746345,,0.3133082501974565,0.1666666666666667,0,6
0.32712066802287604,-0.91184736229072538,-0.24804527094003284,0.94002337192231655,0.28713760809699029,0.18414139745352562,-0.096685721759034463,-0.29340480892409754,0.95108647835417615,-18.674164254528808,17.993033016677753,-7.869167932187688,,0.1270930991294839,0.3076923076923077,0,1
-0.91422893661934346,-0.32196813059220669,-0.24601214264914961,0.3218214078807381,-0.94587033176851576,0.041955892432156999,-0.24620404724034367,-0.040814683179939838,0.96835826467242858,-16.281715298047651,7.6888130963104393,-5.750778611596866,,0.1600302385010855,0.2142857142857143,0,4
-0.42277322266817491,0.90621505467812391,-0.0060890778850290215,-0.90491485938049199,-0.42178497717912783,0.056802555386056094,0.048907049258253087,0.029524696454438362,0.99836686284758225,4.0739418872946906,10.042368193076305,-1.546872690918051,,0.2680176421198338,0.2,0,4
0.95382547542762053,-0.20249680272494641,-0.221837795047299,0.26229175115864528,0.92142311752896022,0.2866748606999619,0.14635572998487117,-0.33162400903641687,0.93199008413781403,-16.37902109481966,1.3170930622776411,-4.7658675331541991,,0.1938683340319468,0.2972972972972973,0,3
0.1179599343633317,0.99046971631945013,-0.071099894086185209,-0.97309374884270983,0.12956739580337587,0.19052780875235176,0.19792425280455114,0.046712214663828772,0.97910365087306317,5.404870563031503,-9.6055965677668613,1.7606686307850996,0.4556899344936884,0.2420329285238613,0.3939393939393939,1,4
0.4343251559090871,-0.83732692204387282,-0.33203205352056198,0.8972357920955395,0.36960535718845722,0.24157775833110695,-0.079558735078160137,-0.40283434009295588,0.91180858852866475,17.879692747880934,-6.6843018978531585,4.1769876537793316,0.5103700040350215,0.3268466949705975,0.425,1,5
