axis_00,axis_01,axis_02,axis_10,axis_11,axis_12,axis_20,axis_21,axis_22,location_x,location_y,location_z,dbh,dbh_approximation,score,reconstructed,number_clusters
-0.79200637265989671,-0.55220823104972616,-0.26036892139240625,0.59204341747979383,-0.79880387727429447,-0.10675653361926299,-0.14903186734708629,-0.23870156097622477,0.95958900957782656,17.425090054161661,5.8463349158804423,0.27421083054952133,0.6067561645316081,0.4584455183911222,0.36,1,4
0.40127847461775712,-0.89272734489514027,-0.2049718846206012,0.91416567571292373,0.37635247796692911,0.15053215495862551,-0.057242494327042773,-0.24778357492906422,0.96712284475065147,7.8418082411765146,-13.29018537318348,1.4033747257925593,,0.1020276330976196,0.75,0,5
-0.86292172577048576,-0.49054280388036009,-0.12138308265356305,0.48721823137186959,-0.87136755516043374,0.057766589241504719,-0.13410626462680483,-0.0092920059687804021,0.99092339179823696,22.17256622039401,-4.9642301066892989,2.3242771423104172,,0.09287908026927655,0.125,0,4
-0.80558628746570149,0.59128016776178283,-0.037662934814289929,-0.59223726198854332,-0.80544338861595433,0.02271504451155577,-0.016904406512534418,0.040604321770550462,0.999032296822286,-1.2208936914203834,11.037985450809385,-2.6810207777406267,0.1890340361718207,0.1149881659236625,0.3069306930693069,1,5
-0.43685172441242859,0.89499302740509223,0.090266559556426595,-0.89799961707891118,-0.43976324180473869,0.014317083624638445,0.052509604873921777,-0.074804893246721613,0.99581472641366875,16.347461069953098,-6.8336372871043221,1.6691838661021769,,0.4255935963446916,0.5555555555555556,0,4
0.99073653819185337,0.10428700794299106,-0.086978916214918447,-0.091419467617567987,0.98582538366446237,0.14067975640914754,0.10041709432234988,-0.13142500864415108,0.98622709061896185,0.96462018394772464,-3.4524264384006598,-0.88228996546680727,0.2908908393845612,0.2431535570210772,0.7211981566820277,1,5
-0.93471566395080474,-0.32236782021862992,-0.14961823435830063,0.32186637982699068,-0.94636413342559156,0.028230488885185989,-0.15069393186878396,-0.021769599287040042,0.98834074258061821,8.9320470722270962,1.5698128443910786,-0.5708595104017995,,0.1287081119530625,0.359375,0,5
0.20177376694507024,0.96707225450877987,0.15510835416605567,-0.97288745812598854,0.17961915114613811,0.14569473004434375,0.1130369001430501,-0.18030034692381175,0.97709490025544787,-13.168228178288416,29.008766637416372,-3.6602982380157911,,0.1548214400707468,0.6,0,1
-0.93520221060542175,0.35087893312741958,-0.047757717345951654,-0.35112140226596555,-0.93632343940982032,-0.0034896536427799375,-0.045941116110886311,0.013505224882557166,0.99885285340302121,9.7628711163196016,11.099384455866002,-1.4652942926560026,,0.08349471864723125,0.3703703703703703,0,5
-0.9872664418149617,-0.12724225798593444,-0.095469265466254644,0.122323581330767,-0.99092383070816403,0.055739601586966524,-0.10169520301587769,0.043351695668098073,0.99387057314635319,-3.9611732184733897,-6.6334140780752238,-1.1365127750911954,,0.07510462636928512,0.3043478260869565,0,5
-0.12081780542877454,0.99199962481578452,-0.0366033093683839,-0.98902026901887963,-0.11713009268367698,0.090107984428331914,0.08509973772696372,0.047088063808741608,0.99525913654964571,19.72720069061867,14.877833487319652,-0.2144841295030554,,0.1384879382395149,0.6206896551724138,0,2
0.18042325025171829,0.97333942440657395,0.14162561796682765,-0.97712450283373498,0.16088837480809207,0.1390778084869701,0.11258399855456057,-0.16347873178946204,0.98010180467233943,11.869518518679476,1.357876854256558,-0.087675990413283528,,0.6837728312918531,0.4311926605504587,0,2
0.72625300208722232,-0.65761592219888232,-0.20024454007490294,0.6874263958396668,0.69528023159427554,0.20983410079654663,0.0012358244946734727,-0.29004602811402724,0.95701189873119863,-5.4963089268998413,-7.4393529705651851,-1.1806371360635295,,0.108717977209083,0.2816901408450704,0,5
0.74939859954602595,-0.64437315003377149,-0.15226615682419237,0.66143381612025332,0.71809817805468035,0.21642623123629723,-0.030117202576829479,-0.26290349976769606,0.96435196060299622,-2.1814039712838187,9.1301902243892865,-2.5827441583264044,0.7339789576857629,0.8203357612324701,0.9156976744186046,1,4
-0.70837529694688262,0.70470371996142533,0.039963805473770139,-0.70582752629084156,-0.70695328095167553,-0.04499512953435577,-0.003455691764010367,-0.060080992203782248,0.9981875237500426,4.4017850772061831,18.211054708334519,-2.2072309075313195,,0.1268544512522318,0.2258064516129032,0,5
0.93406651572886334,0.3466934711063881,-0.085576756694478617,-0.33683853014314086,0.93496984523764537,0.11122586528008209,0.11857296827333942,-0.07506680750170884,0.99010374487038066,-4.1710391566846132,9.5466370840036596,-2.6993671747238572,,0.1004676828918882,0.5570469798657718,0,4
0.36924118903562853,-0.92130821324466627,-0.1218692763885781,0.92798516207015425,0.35845971002818433,0.1017358111194844,-0.050044812889894687,-0.15065793206608968,0.98731844113658918,-1.2505900383612676,-16.620561699969937,0.74498223011374454,0.1977608298662279,0.1552309559732454,0.7714285714285715,1,5
0.37552836814347612,-0.91881208890637478,-0.12150222219779365,0.92510637373715943,0.36365548887396326,0.10923773470153175,-0.056184001195903222,-0.15342434843056368,0.98656187201729828,2.5892985092020999,6.3058557770837158,-1.9080371915422456,,0.08602986315980735,0.3065693430656934,0,5
-0.43643400922679743,0.89847530587139424,0.047618067259485863,-0.89850096350983066,-0.43799636217467758,0.029243893271164344,0.047131456185123731,-0.030021849727389121,0.99843743638588411,0.79365537481859771,-7.5614261251514421,-0.36599716552230172,,0.07240052728774091,0.2903225806451613,0,5
-0.89787589538114376,-0.42148102486053851,-0.12717162488550895,0.42308618696870626,-0.90595767461385746,0.015452190929910866,-0.12172491482762096,-0.039930408096630454,0.99176035795924311,-3.9403762505831752,-16.6919378484567,0.5407179538854312,,0.0980297236161012,0.3888888888888889,0,5
0.045031652077563065,0.97268010108639558,0.22774013976838628,-0.99389628573245026,0.020640391028323088,0.10837041785209217,0.10070910345348355,-0.23123017798020373,0.96767261058316534,5.8042761681238755,-20.382888027533888,1.940121478457111,,0.1615096585876115,0.375,0,1
0.8378081985956578,-0.53561003426595144,-0.10582680926649052,0.54544821640750873,0.82957005845914045,0.11958160948058588,0.023741642398272571,-0.15790949718660391,0.98716813416687421,1.8203857904461169,3.4539424883895573,-1.6351474207408745,0.2346411461486158,0.2083527119824875,0.7946824224519941,1,5
0.27925873547022245,-0.94185457875892709,-0.18688100795537149,0.95797351373288409,0.25998591390648323,0.12121910557532611,-0.065584339974140732,-0.21287854997874731,0.97487507779668969,2.4727233903283787,2.3214882177428127,-1.4606269254086237,,0.1502188436363743,0.4453781512605042,0,5
0.99040211244411847,0.11987183524382219,-0.068806967536040417,-0.096757432154334952,0.95680145021743424,0.27416962666333827,0.098699822639795334,-0.26488059192227159,0.95921666845076259,8.9788487519674902,0.40090522218178865,-0.36259952939016599,,0.1855841147158415,0.2391304347826087,0,4
-0.8313899272434655,0.5525289957493722,-0.059181903773834053,-0.55526833659304664,-0.83018048325180516,0.049773884768929855,-0.021630146908801585,0.074243343701571846,0.99700554795884355,-7.7022618400175835,8.8562336173565939,-2.6194958535901738,0.1626427690989307,0.1279516114941185,0.267515923566879,1,2
0.50160492363099907,-0.79866765900327852,-0.3324492007079623,0.8642618594773569,0.44576075661620113,0.23312826107894846,-0.037999195279396346,-0.40426144798035801,0.91385378635476666,2.3562137918601986,20.754131007851068,-2.4710886941753873,,0.07261283919686888,0.2857142857142857,0,1
-0.64894441387213109,-0.70753667159672251,-0.27975526098714976,0.74968968944887704,-0.65735062657178356,-0.076521390994484073,-0.12975560580646706,-0.25938776395874141,0.95701696467214281,-9.6080447758158734,-16.36832385531741,0.13214074452517077,,0.4962288757035339,0.2692307692307692,0,4
-0.31602157765946093,0.94798509670540143,0.038139466148283084,-0.9458936514343611,-0.31793291043693117,0.064837216452232685,0.073590506383613308,-0.015585919464474064,0.99716674457417098,4.1860541213277802,16.515612193482372,-2.1958577287190888,,0.09242764123948249,0.3,0,5
0.70721993327411004,0.70628828509514974,0.031572524718755345,-0.6932494034038027,0.68401675104078774,0.2269941606647132,0.13872718068221512,-0.18242242908413997,0.97338421330274649,-16.343167686772379,11.511023423904264,-2.7136379841444223,,0.4646690891835976,0.32,0,4
-0.31857802494602749,-0.93117954324866581,-0.17723628369127983,0.93747472291312473,-0.33716915994769886,0.086360300364952167,-0.1401755539330945,-0.13864204201962221,0.98037196933826121,15.907195541381196,12.301638876681697,-0.5827454174519453,0.4768455380883849,0.188740765540749,0.4222222222222222,1,4
-0.67452935665487967,-0.68317051609169255,-0.2798002733268235,0.72601085292389544,-0.68258037500463187,-0.083619812815234479,-0.13385958481734722,-0.25954205362820781,0.95640971029730781,-0.15175914588211645,7.6190399480460034,-2.2955530246469764,,0.413240754881202,0.6531365313653137,0,3
-0.55274834864450939,0.82855587069060344,0.089243667645966099,-0.83276064174175379,-0.55320293473718585,-0.021822615884147124,0.031288602343822428,-0.086381028833308296,0.99577072723648041,4.1461731325145834,12.162945506742764,-2.0680867686539632,,0.2479130731286502,0.1827956989247312,0,3
-0.93173261549198461,-0.33871671163242134,-0.13094014850070518,0.34307091744912438,-0.93923827445288433,-0.011567601453489906,-0.11906585920860613,-0.055699668434290493,0.99132278704124854,2.0326733199499274,14.816279445186122,-2.3325746126517135,,0.1661951524647732,0.108695652173913,0,5
0.005291088972073775,0.99931838013215513,-0.036534634356134479,-0.99502899156894142,0.008894634485808791,0.09918765757220542,0.09944501151282964,0.03582820965957835,0.9943978223416442,-1.4001950123086186,22.926729092039473,-2.7934401354980296,0.4245426796597619,0.3549893996132573,0.7586206896551724,1,5
-0.94418041418628773,0.32860150899885104,-0.023332247013284999,-0.32503864293665202,-0.94078251655530343,-0.096323087272839017,-0.053602481891331141,-0.083362490531110139,0.99507661469232656,-1.2815261881666082,-21.617059924821085,1.3052629962966296,,0.7101147186367673,0.7333333333333333,0,2
0.073915487968540861,-0.98504936410985233,-0.15560928926367978,0.99327887115162006,0.058781967456750961,0.099708396966738361,-0.089070672851032637,-0.16193341399689126,0.98277361821997211,21.76070115633653,16.729333632171763,0.0059008586601681885,,0.3351035285210586,0.5555555555555556,0,5
-0.68804783905721179,0.72487073999968998,0.033949690145905383,-0.72563760158394675,-0.68685919483945002,-0.040920870371975275,-0.0063436847492997278,-0.052790688163770763,0.99858544997761567,2.5833102870320204,10.407144381289219,-2.3072434951840464,0.3498032138797439,0.1822228503523493,0.38,1,5
0.10992110560898583,-0.9757795941673939,-0.18913364097435062,0.99033931396807151,0.091338643137466369,0.10433261943925563,-0.084530430916612151,-0.19877483713066649,0.97639293851027475,-4.1355105023105958,-12.462243169787245,-0.040310070827371987,,0.1182153783632475,0.45,0,5
-0.97286544821020704,0.22341027590878498,-0.060171989306610989,-0.22155362974148121,-0.97448260869283809,-0.036022694285376231,-0.066684397179017502,-0.021713911982036479,0.99753781742814596,-12.171549843467144,14.733935080340014,-2.7778760070737594,,0.6518787637052399,0.1818181818181818,0,3
-0.93527141942078251,0.35083007146233169,-0.046750753709129199,-0.35047193627810885,-0.93643794296003435,-0.01591856985581707,-0.049363892635302518,0.0014966437507006234,0.99877973856169877,-3.0622984114917022,15.981271475358682,-2.8853918039424511,,0.1113153400996294,0.4772727272727273,0,6
0.73857487069118488,0.66916578381813197,0.082001915529857403,-0.66119503748468167,0.69523063701567844,0.28191396517449457,0.13163693550493952,-0.26243382998737103,0.95592897334950022,4.3710671689877101,10.233949141852619,-2.0476958020213591,0.7045603877600431,0.5298564149464305,0.7129629629629629,1,3
0.88702876376402695,-0.42204963262840978,-0.18722734803838847,0.46098645671298666,0.83230665111315683,0.30782645311930062,0.025912525590321339,-0.35936018993626417,0.93283910451186836,-2.3615918799059248,23.970149263999044,-2.9134785014984526,,0.5036411715803537,0.1764705882352941,0,2
-0.9780778221069758,-0.15350951383285261,-0.14070750891575229,0.17609725833300088,-0.9703751504379432,-0.16541409559085332,-0.11114643273661851,-0.18656606490822705,0.97613501828106941,11.728490002086591,13.269648543553876,-1.39551488778845,,0.5648900857044662,0.2272727272727273,0,2
0.99585736741845021,1.8101750550297831e-05,-0.090929112118839847,0.012131792083480525,0.99103307201013813,0.13306490823275763,0.090116166026063954,-0.13361680229101297,0.98692736650996127,19.167368456234783,7.8577688388051019,0.36368167155142517,,0.1203687490046918,0.3,0,1
-0.98570597136832083,-0.15882832633378832,-0.056189863523969596,0.16410598757549219,-0.98062986722150469,-0.10693123189698367,-0.038117749811696681,-0.11462384685196064,0.9926773951703296,-23.234134546288622,13.509801791643646,-3.2007591066670478,,0.2284779530815276,0.1176470588235294,0,2
-0.97253188473449115,0.2198303773064364,-0.076526716825492211,-0.22017707957837587,-0.97545179265592896,-0.0039816871641510636,-0.075523418905110509,0.01297711129818333,0.99705958085725177,-13.363292596676756,11.236850178558253,-2.6203682199113567,0.4752060730338471,0.4044250259393842,0.28,1,5
-0.086284686918205539,-0.94110776945803942,-0.3269114850676591,0.99456412784327286,-0.1005645429159541,0.026999413242820892,-0.058285061643431911,-0.32280480010963325,0.9446692080381377,0.24713496762759676,-11.963668720664575,0.29081529414527796,,0.5774904894668111,0.1764705882352941,0,2
-0.11691581718387282,0.98847066973826947,0.096210325638180119,-0.99105888295400335,-0.12239277070731662,0.053125325378296305,0.064288274282258071,-0.08913890702585299,0.99394228858824885,8.7876258061361696,20.005704195558202,-1.8641366458766928,,0.1617737020796601,0.375,0,5
-0.54036035140461791,0.83266597759138861,0.12115304532555365,-0.84081858691725819,-0.5398434364041037,-0.039914509465542175,0.032168222275162632,-0.12343595073229781,0.99183101965126608,-6.0890764327330675,20.274223809950094,-2.8825200047685193,,0.3732941042770667,0.4117647058823529,0,1
0.99053082093181311,-0.046803113668867392,-0.12906649966217787,0.091883047404505244,0.92451319020408684,0.36990926825144976,0.10201077582201463,-0.37826555445818832,0.9200592219670588,1.5081001224097212,-9.2766166008616988,0.085672467149157591,,0.4132147037832145,0.2,0,2
0.78971662109196616,0.61312293448367561,-0.020686362203522293,-0.59817365624075236,0.77706900534552692,0.19583676343037382,0.13614674197592447,-0.14228151018822,0.98041829670192349,-9.8735270245685687,-23.715244158463921,1.0487853550787296,0.5778739443853584,0.3482080584167907,0.7837837837837838,1,4
-0.99038608738285583,0.11787551285238369,-0.072393103181632376,-0.11192629473642036,-0.9903788235230333,-0.081377456729179093,-0.081289005806781278,-0.072492409167587826,0.99405077744953496,3.0738975880301762,17.598623194148434,-2.2988659358814223,,0.1114655371871868,0.2972972972972973,0,5
0.22571910265359116,0.97394209280819499,-0.02208362636999759,-0.96680033698528589,0.22673605640509814,0.11784680365203347,0.1197831169338749,-0.0052498173545601412,0.99278620272209084,17.904793647316833,10.380289408522406,-0.060032558574629247,,0.8705507488440158,0.575,0,2
0.28708752826337325,0.94953507151029382,0.12634832443514024,-0.95266645528515037,0.2692483206801049,0.14118061759806025,0.10003687365193506,-0.16089900491576681,0.981888045617759,2.825648286001929,24.703566092051453,-2.5522115378439572,,0.290095744901954,0.6428571428571429,0,5
0.65982181095405046,0.74839976303113998,-0.067327353165354903,-0.73929954294364453,0.66259539391297295,0.12001470646813479,0.13442977197272005,-0.029413239540171263,0.99048649548952283,-11.294533339749377,10.944848645537817,-2.6183752112860934,,0.09251544233225596,0.3214285714285715,0,2
0.63603041224811441,-0.75850911106194363,-0.14187756387644718,0.7706974722588763,0.6152053660269946,0.16597519051163045,-0.038609855597685545,-0.21490994869389654,0.97587037715216784,-5.0572689832170106,6.781209766708832,-2.4196525139226441,0.3486194718258568,0.2662949382619066,0.6721991701244814,1,4
0.76581840218459263,0.64305618531442166,-0.00095781224712890333,-0.63234206914825042,0.75332801201092181,0.1806665821478381,0.11690030992579278,-0.13775212829040392,0.98354393327940215,-4.0933995908383087,12.920179692315472,-3.0306264591708318,,0.3836136484521112,0.3018867924528302,0,4
0.77524664281343159,0.6262433376556753,0.082534385854529463,-0.61777526632855628,0.72446286980961216,0.30578958546671187,0.13170559258887271,-0.28805005174292492,0.94851505236960432,8.1952669518217576,15.802034592137954,-1.7366972047751228,,0.2784968043414315,0.5,0,2
-0.76639253874414071,-0.63208431606405491,-0.11450717856600587,0.6299954009610591,-0.77441151067235803,0.058246089191216655,-0.12549211658596621,-0.027499627706436262,0.99171341583684447,-0.49120441323137509,-19.897397193945437,1.171277010678982,0.393951692296625,0.3886053789207674,0.7407407407407407,1,5
-0.83653821356741254,0.54625919563609904,-0.042481859945686248,-0.54741016367830642,-0.83656766443234143,0.022285769627909117,-0.023365143764431526,0.041897899818733021,0.99884865522643007,-9.8759243486070432,-9.307124142707929,-0.95031575218574615,0.265608859223069,0.1511773327439897,0.4285714285714285,1,3
0.35465897944976582,-0.87391155161349143,-0.33240879689344943,0.93321201080762584,0.30890667324007726,0.18355383437056436,-0.05772652059529372,-0.37530689733103528,0.92510128182578655,11.86552279479584,-1.107056720636628,0.23997444210094074,,0.1943420801192314,0.2272727272727273,0,3
0.16243714243006119,0.97800562086678466,0.13084028550920962,-0.98054862340510762,0.14518990891707892,0.13207682418577241,0.11017518730415279,-0.14974944374396118,0.982566299137554,-8.5588730237065445,-2.7036963594045162,-1.6888224960757261,,0.3322254935461395,0.1,0,1
0.96257323892656355,0.25908010023411732,-0.079562939645951541,-0.24727603586065927,0.95970749051042947,0.13347694462794976,0.11093836933840188,-0.10880732659547539,0.98785304771898252,-16.502030698514627,12.737011307578562,-2.7916878119663138,,0.08893114335692794,0.3157894736842105,0,2
0.8957340385867546,0.43706869581272845,-0.081433944136478434,-0.42707426227328027,0.89679381442418216,0.11562192229097047,0.12356418016883337,-0.068788149786764841,0.98994953600075886,-2.265304552132724,-0.2814227290288393,-1.6313373362384209,0.1854451416661052,0.1766199280041934,0.7280240420736288,1,2
-0.26207125622450755,-0.95576770823726598,-0.13351683246614751,0.9581973211528223,-0.27416483422036975,0.081801817904450291,-0.11478915626688885,-0.10649756601820501,0.98766478019403625,2.0263961969080011,18.008320784139613,-2.3766928951643025,0.3805919665082659,0.3739104580398317,0.8047337278106509,1,5
0.37687599077298528,0.92611944660383017,-0.016348033554376407,-0.91684617308478933,0.37549648091377169,0.13562996616216164,0.13174817827452603,-0.03612704587407943,0.99062467871427196,12.899216561558887,5.1379960284829389,-0.46122663355599292,,0.7133630392877158,0.7241379310344828,0,3
-0.72915174909113323,0.6751480813005355,0.11186060572671663,-0.68430051308578466,-0.71728514639783347,-0.13128147831119269,-0.0083984872372613196,-0.17227038942675446,0.98501389753590851,-6.9920499564685157,14.862006244340433,-2.9767044816050858,,0.4739039969908573,0.1578947368421053,0,2
0.29109934062834758,-0.91076370542088114,-0.29286626090037643,0.95669056573130451,0.27778976814126594,0.087040255955150803,0.0020821446774199628,-0.30551974994106001,0.95218346292586609,-8.1535139947179118,2.5396380818738895,-2.0242675579840319,,0.6403542974157119,0.3063291139240507,0,2
-0.68312363466323889,0.72937293923283752,-0.03684040281181377,-0.7302548675562559,-0.68163154519802849,0.045894062811465151,0.008362306791800389,0.058254202473291307,0.99826675779539009,-6.7284763588020127,8.6478353285205962,-2.6220225143671829,,0.06695802624947031,0.1777777777777778,0,4
-0.70374225241885124,0.70779335936862453,-0.061444304814341544,-0.71045435323488093,-0.70095758432574562,0.062554591724518063,0.0012058731473937781,0.087675683116193975,0.99614834259765739,-2.5883633624470317,11.443099144442646,-2.8399739478018997,,0.07441201130919489,0.2608695652173913,0,4
0.17751741346589822,-0.94402217367564012,-0.27804622551852481,0.98198651365017531,0.15133241173686257,0.11314145202833621,-0.064730633594558148,-0.29312222155037265,0.95388118144128553,-2.9177866319762789,25.461778339727555,-3.0310297681738114,,0.3326309361299286,0.25,0,3
-0.040763035237618421,-0.98514685386184375,-0.16680542942101401,0.99457777995847174,-0.055991725696366033,0.087635416735598035,-0.095673478932751924,-0.16232868809811507,0.98208756353456084,-9.0849168563355462,4.6661008106249806,-2.231943606832735,,0.1371838869284169,0.3384615384615385,0,5
0.79562913298430316,0.60566718354379867,-0.011897290648292471,-0.59042615164576617,0.77970295100684883,0.20847126335297081,0.13554055555227115,-0.15884133898118397,0.97795612725277603,-11.680329638554893,13.265312965674916,-2.6589171115101156,,0.1410234950694278,0.2857142857142857,0,2
0.98997782048899663,0.12738455392763803,-0.060967945352560678,-0.11671966198914648,0.98106576904613996,0.15455250664756567,0.07950116631217144,-0.14588739570834461,0.98610163387373095,-3.1870574157329261,9.167497124514119,-2.632070506712906,,0.1118823477621872,0.3090909090909091,0,2
-0.28269525952852426,0.95909960021170282,-0.014537782287991491,-0.95699869441276386,-0.28098274519205091,0.072126249012447449,0.065091390616323838,0.034302387352657664,0.99728955528950691,-1.8999336414496251,6.1093433304758031,-2.1257947690240235,0.2745097270482955,0.2018816229130952,0.6666666666666666,1,5
-0.96301623077446996,0.26608817741168617,-0.042388926698602149,-0.26171742003186371,-0.96115793283912132,-0.087632301078382199,-0.064060372437236363,-0.073297407745119142,0.99525060095487916,13.696646698795385,-6.9597924627185899,1.2080537842387427,0.3035540773725595,0.1612597189132308,0.4444444444444444,1,5
-0.01966003331629285,0.99198471705542168,0.1248190859543437,-0.99609577071835553,-0.030180178202116228,0.082960065095772265,0.086062178958056346,-0.12270076598034793,0.98870512458509507,7.724863053822169,5.0212427804000788,-1.1536006777647112,,0.4302227510776906,0.3359375,0,2
-0.56347097223945619,0.80781471964987694,0.17301977390031117,-0.82356102005388476,-0.56577997408758451,-0.040500211965607567,0.065174455819199936,-0.1653130352949975,0.98408530660214011,-6.1498038214339932,-14.421822872461391,0.047503399160331521,,0.5101975365464785,0.5645161290322581,0,4
0.71346257106535915,0.70010667448100616,-0.028667124654462781,-0.68879897326242545,0.70827054157134883,0.15462475343507406,0.12855790182418494,-0.090573088107755204,0.98755728015603661,12.473786788839728,-1.8337139115687902,0.40150780018806376,0.5825087029189665,0.4543841717011141,0.8121546961325967,1,4
0.10975560571696678,-0.95782676083132534,-0.26555903910255657,0.99176903814646067,0.087808774326300409,0.093186877431094439,-0.065938471226945378,-0.27360101495916322,0.95958043051407071,14.475750785450439,-9.0869710387469045,1.7022015940982311,,0.4221411671045091,0.1363636363636364,0,3
-0.87977666240808339,0.47512664014245232,-0.015738491320309557,-0.47286556140665137,-0.87803565505838366,-0.073834607615732892,-0.048899745578758133,-0.057515774124507944,0.99714630351277589,-21.388051541980182,12.25912374216869,-2.9799889533701354,,0.3004935430138826,0.2903225806451613,0,3
-0.93042388969664047,-0.35189038300707848,-0.10239406149238156,0.34756163628545983,-0.93586049503710433,0.05801760777109196,-0.1162423952968439,0.01839272073506731,0.99305055931690334,-0.86652021823107916,-10.112177858077841,-0.10355366429848196,,0.1038520535907596,0.2876712328767123,0,5
0.36661917072915362,0.92888126653593128,-0.052630564622391345,-0.92131112211039834,0.37034305760928721,0.11845605073732217,0.12952297066368798,0.0050608654603916036,0.99156350664556292,1.7205231899700897,-11.677362439553722,0.39725723170316035,0.1736011032788768,0.1083072083766582,0.4666666666666667,1,5
0.69000026234918255,-0.68324744570460427,-0.23889865193465318,0.72371640607144372,0.64596722488313163,0.24281867300481785,-0.011584538881374231,-0.34043982187006433,0.94019494050116348,18.479653716170905,14.701898917715756,-0.45953366285781028,,0.1851345360853025,0.1052631578947368,0,4
-0.19628977298912881,-0.97129201265655751,-0.13439550278729362,0.97562628325006673,-0.20717433205211028,0.072333613005450589,-0.098100359079549795,-0.11692143639356789,0.98828421886627715,0.98326902704939922,16.952666048935264,-2.4392474788209682,,0.1178720287395431,0.44,0,5
0.75760072403218448,0.65085699255848162,-0.049257671317663461,-0.63621202980510416,0.75320045914930622,0.16710272729235878,0.14586087918691445,-0.095258824131960365,0.98470826154136493,30.621758475872944,-6.3166178764703727,3.5406163438998739,0.4064861272567329,0.2783358489536444,0.6,1,5
-0.44008675103326977,-0.83432313950678749,-0.33200685301438804,0.88735929543725933,-0.46070809978099064,-0.018480465288487444,-0.13753956654748845,-0.30274237509758267,0.94309592404707299,-14.387056787557352,9.9344204246055945,-2.5702444827565807,0.8307494266021492,0.4940481081671042,0.6206896551724138,1,2
-0.80762832782027383,0.58657304218887363,0.060568558506177934,-0.589567154751929,-0.80529919280259776,-0.0624802377492105,0.012126588141003505,-0.086170042641121075,0.99620664001565651,22.951068031096664,-6.8111349794287301,2.6683057929079945,,0.2982356690086593,0.4,0,5
-0.56214709774631733,-0.75084628255775965,-0.34672828045111448,0.81661427360972982,-0.57027710729672343,-0.089023306106526659,-0.13088838234254152,-0.3331874560401033,0.93373141240148827,-7.0682990737033737,-2.6200931227267032,-1.699585625030906,,0.2092387105440916,0.3513513513513514,0,1
0.81680588738445636,-0.56409756467552141,-0.12092179233388155,0.57677197369603284,0.80309498317762407,0.14957452441414151,0.012737059820670183,-0.19191765297147542,0.98132837612342938,4.6912206536688865,-10.527822830950893,0.59801003156049792,0.2349748333609212,0.1617925724520125,0.4615384615384616,1,5
-0.3972758456777718,0.91563934993411378,-0.061453098320932577,-0.91617034048217627,-0.39185990214178812,0.084129212014610655,0.05295101190517712,0.089724009861682594,0.99455808899860443,-11.166441010596152,-7.1120245259934887,-1.1317363075014621,0.5117040449636784,0.4684885889534194,0.7272727272727273,1,5
0.24767432629228384,-0.95536439391549932,-0.16104751762797964,0.96626797019058674,0.23146725101661753,0.11291200773422731,-0.070594885646393532,-0.18358046340850445,0.98046650915535716,-4.2431300663688454,-9.4951464480094057,-0.69032318842025298,,0.1069584523288189,0.5098039215686274,1,5
-0.98655615317645662,-0.12098436006819459,-0.10986237412582085,0.12091804548870907,-0.99263572087183172,0.0072905366366443807,-0.10993535784661318,-0.0060918197732036409,0.99392007064300125,16.373307343327603,16.288302332527973,-0.82699154245696638,0.5922069490306645,0.3870391001498976,0.4230769230769231,1,6
0.58221839056864788,-0.79318561765883344,-0.17854501287582797,0.81299596498855442,0.56590036157708967,0.13709245668252276,-0.0077010775858764816,-0.22497412452567803,0.97433430438321422,6.7530066902003476,2.7136691778931641,-1.0598587009615028,,0.3648640420196951,0.6015037593984962,0,3
-0.42203424662315886,-0.88505884853535477,-0.1963617307585506,0.89327740319242133,-0.44293843654727583,0.076557314313254118,-0.15473388647295755,-0.14309568846868101,0.97753825926080606,20.946276190441473,9.8450593786040415,0.45113590271860687,,0.2745798081521789,0.6388888888888888,0,3
0.91388841453669134,0.40499877342430673,0.027999273212348845,-0.38738119996403514,0.84934715033318553,0.35853204059793869,0.12142393376117015,-0.33850467019777536,0.93309743144232182,-2.1179486785863939,25.456049939611209,-2.9852126700365482,,0.09044746365622525,0.5555555555555556,0,1
0.60085784583863944,-0.76083517760317465,-0.24515236408343505,0.79911660911032956,0.56422791591495003,0.20750784068628023,-0.019557457354177736,-0.32058804005112118,0.94701679733678534,24.075270341857912,0.99327746982596432,1.8999564077781765,,0.1810453367258093,0.2380952380952381,0,2
0.9974851463013118,0.014196642966067409,-0.0694394573477147,0.0029795137398469962,0.97046863577861009,0.24120893322569645,0.07081317254667488,-0.24080922386507214,0.96798575004768372,7.4178600577287064,-6.3581142868077309,0.29185934330278412,0.7105782626521783,0.4718785518767478,0.2586206896551724,1,4
0.50324182798733508,-0.85807872096066884,-0.10221825276568262,0.86302792650739479,0.49304808893575047,0.109938073774068,-0.043937007548460617,-0.14354264394704425,0.98866832089249224,7.3407921637543403,-12.028701898752582,1.1485807356563766,,0.06197927990931089,0.3333333333333333,0,2
0.51440211185254758,0.85540617302718114,-0.060586685572257555,-0.84757482604720513,0.51789283110622386,0.1157753416744316,0.13041235207099897,-0.0082033307730949856,0.9914259043375544,-9.3637642389526778,8.9839144521471841,-2.5816950076092322,0.2526026258965962,0.1570550704127678,0.4380165289256198,1,3
-0.38089418762085581,0.92450720021883737,0.014354601358985492,-0.92304085673370162,-0.38110496660432774,0.052484104544414191,0.053992542419883729,0.0067410068269840159,0.99851858479949995,-6.0421235981557126,9.7494805072244777,-2.7129735214860657,,0.07276798346902448,0.3103448275862069,1,3
0.14389436512010387,0.97967492818110191,0.13975495261362106,-0.98148256996180705,0.12324084852056054,0.14664125653137261,0.12643724351570568,-0.1582679005651034,0.97926752989306509,18.879367388470552,16.954665249121231,-0.47166451884436372,,0.4752789193078884,0.3333333333333333,0,3
-0.52483780922232948,-0.80044630477031176,-0.28953581331203038,0.84177603627033759,-0.53855837783301574,-0.036986192381349356,-0.12632647692271501,-0.26313606146901242,0.95645231683700305,-3.0209624936066,20.169358489729479,-2.8557749614689381,,0.4627101458230529,0.1875,0,2
-0.94977368091803605,0.3103333574370209,-0.040288488396451251,-0.30701517565141573,-0.94897293396042992,-0.072055898650035685,-0.060594033989618365,-0.056067618750934772,0.99658656682320623,3.4465115622322822,20.92899968846999,-2.3690214763664601,,0.1283629552879658,0.2941176470588235,0,4
0.94514095092990102,0.31871416998267732,-0.071623046064625967,-0.30540180328871952,0.93993322207449526,0.15249680845400182,0.11592377419373839,-0.12225717113082246,0.98570526156847138,14.615392434465699,0.15024247110086428,0.46754775892433681,,0.1425631015438368,0.5405405405405406,0,2
-0.47492265184969001,0.85849430503037727,0.19348385718315,-0.87897273788544272,-0.47350799601473242,-0.056542937351031275,0.043074363770444275,-0.1969205574350317,0.9794727628909593,11.600168004724813,14.815458981775443,-1.4158699409459767,,0.1597230237858095,0.25,0,3
-0.052887174102942011,0.99845535913905481,-0.017024764958894722,-0.9933759836988777,-0.050861174578295948,0.10304026363904153,0.10201520389477337,0.022361501000975299,0.99453147835917732,-16.934312470778217,9.8666817710626962,-2.6439063796357716,,0.3332502242994094,0.5,0,3
-0.71564721108527041,0.69804168023434021,0.02422564594583318,-0.69844549305200543,-0.71496183016133119,-0.031677667964996443,-0.0047919204099182763,-0.039590327959975663,0.99920450530950167,17.550171314509534,-5.6049991890779864,1.6553449486870664,,0.5911807901707798,0.1724137931034483,0,3
0.23645236477523671,0.96593422707062249,0.10517294407629924,-0.96476266195833238,0.22053988969369695,0.14351014997192268,0.11542653630456998,-0.13540024382315527,0.98404445463066281,-6.6095915551733331,11.827242886171002,-2.9384586848745764,,0.4111094856625822,0.5434782608695652,0,1
-0.21254191643489015,0.97712580681791328,0.0071478254474008889,-0.97429528286008116,-0.21247381890600461,0.074857050944404743,0.074663482069743936,0.008946168450278057,0.99716865700606572,30.670551388227079,-7.261112788951178,3.635945837131918,,0.1297718807479162,0.2727272727272727,0,2
0.67901197056297224,0.72655173494528535,0.10519182610918358,-0.72201979641005398,0.63500639973643869,0.27468943533698231,0.13277860303593114,-0.26246799565234907,0.95576168255170435,-20.696757868374757,10.464903742684172,-2.8104300328487564,,0.2369970532178115,0.1379310344827586,0,2
0.092098180956585757,-0.96752715673984313,-0.23539143152503117,0.98963498824011908,0.062780025008138479,0.12915594647927486,-0.11018400571529322,-0.24484662429956636,0.96328065248588879,2.5076302823754735,-7.4639511445801903,-0.19581581812491031,0.4268867064831699,0.3842851160256502,0.1,1,4
-0.27292535430321696,0.9520587363707308,0.13818796430453426,-0.95996905047576364,-0.27892407820116627,0.025705655570150671,0.063017244521836782,-0.12564044372652258,0.99007237401771697,6.4996918626312867,12.383463337616977,-1.8393475817077178,,0.5439461797634303,0.6060606060606061,0,2
-0.98273782378091168,0.17947770815426331,-0.044878970421028584,-0.16973395217216977,-0.97119925849238309,-0.16721957356679873,-0.073598608617106764,-0.15671551480162868,0.98489770648026564,-5.7461649319390116,11.826438249022834,-2.9722731123897921,,0.6952941625151072,0.4117647058823529,0,1
0.85562940974871582,0.51428364457889753,-0.058400737081912832,-0.50171717100045821,0.85182290294003804,0.15059091058262564,0.12719352772984049,-0.09954935934225477,0.98686966290295175,-9.4556875423510256,-4.855857321948359,-1.5273495027539585,,0.08142111892358311,0.3333333333333333,0,1
-0.52270809491798975,-0.84389236533700884,-0.12092114468989688,0.84267583982451133,-0.53293753866961679,0.07664860633322873,-0.12912659092247988,-0.061832480159539127,0.9896984732301346,-4.0455508690203192,-3.7690886476518357,-1.4811752463638066,0.2368638210933094,0.17686185606501,0.6813186813186813,1,4
-0.59196830147616675,0.79102883155863368,0.15442447244658145,-0.80560338033806611,-0.58645180780059358,-0.084127704802264364,0.024015071003505809,-0.17420581152877329,0.98441638120985075,-5.12933532298592,17.947634642733316,-2.863652479871015,,0.2825009447228392,0.2857142857142857,0,1
-0.38760381033374314,0.92172445690900329,0.013686188314032375,-0.91975037596610665,-0.38768418597325044,0.061320615264888807,0.061826629577957835,0.011180227281306196,0.99802428346857819,2.8335314465303414,-3.037909153848692,-0.7198274330917116,,0.1908141237743867,0.1,0,4
-0.74878968479780317,0.66137590771517951,-0.043542124825615709,-0.6628005206787293,-0.7474692597278868,0.04455530888515432,-0.0030785919529330453,0.062222298702059801,0.9980575673856793,9.4084292177975328,14.234197661209878,-1.6541517144381104,,0.10037996630325,0.2380952380952381,0,4
-0.65558383182519153,-0.73510056804781554,-0.17273388291003058,0.73680198568438826,-0.67279975954241378,0.066808064267806,-0.16532596088013538,-0.083472381153573291,0.98270020262723612,-11.65483461415573,12.151780924515323,-2.6137347417318968,,0.1874466960926793,0.1,0,3
0.52431362045457952,0.85042233379240095,0.043325299686190546,-0.84060850464160985,0.50880040889628675,0.18574037210894506,0.13591383053247008,-0.13380582234738,0.98164323080024019,-7.8997163167562023,12.353326449313046,-2.8244082022974411,,0.3990342660043047,0.4761904761904762,0,2
-0.19178982487400967,-0.94641143159683294,-0.25985008219669631,0.97522917909776929,-0.21350559830822882,0.057822207907828591,-0.11020304583398587,-0.242323671220701,0.96391624483407989,15.972218633014421,8.5876815509576598,-0.23118984704894424,,0.2358812977905963,0.2195121951219512,0,4
0.97018652557473972,0.23300859032778201,-0.066671601350773171,-0.21673774991445766,0.95725092382593946,0.19156047764715281,0.10845668884506196,-0.1713991413859684,0.97921370546828035,-7.1356289304943603,-0.008115315106257813,-1.8299765435170605,0.5489866531301011,0.5639602204388121,0.3484848484848485,1,3
-0.70775271081292568,-0.69698479700664795,-0.11531822526624456,0.69395828691923145,-0.71647624235970364,0.07130000105361016,-0.13231778547527304,-0.029563269029672053,0.99076637850262073,11.171710746128433,28.315610134008558,-1.795744604361541,,0.1399054718494015,0.5384615384615384,0,1
0.29320798071948129,-0.90859735161247923,-0.29745576593032153,0.95576908398959448,0.27104971735153216,0.11418191106014781,-0.023120080711304804,-0.31777807250728379,0.94788319876525884,0.49568329665063504,-13.170940688745207,0.46395067139444301,0.7278685271415503,0.7512066634032127,0.5945945945945946,1,3
0.54595970280749972,0.8377970583927179,0.004908345837143775,-0.82775174995402589,0.53848991350543551,0.15765675850073244,0.12944127378234641,-0.090137128872728831,0.98748177433317019,30.213542792174646,-1.7628776160068294,2.9370596352904945,0.2663378836714813,0.2597692459531946,0.1428571428571428,1,3
-0.57623448534929689,0.81726285475118465,-0.0059366773682077625,-0.81685303539657805,-0.57567916288110987,0.036669060362942027,0.02655063949563647,0.025979370054872938,0.99930982976948846,0.74934952050879178,40.180144993040365,-3.4067713843814693,,0.3755079870427833,0.5,0,1
0.21333374666693811,-0.93774508230713116,-0.27408552158375371,0.97408875086369906,0.18259575274237336,0.13345372426891908,-0.075098721519379227,-0.29545380635428919,0.95240077191113015,9.5629641685168139,-13.19375497797559,1.6102993904222487,,0.1166647333800255,0.3,0,1
0.73608422914828131,-0.66367227379547289,-0.13311318715411774,0.67653790643697753,0.71499365444880481,0.17629672501726851,-0.021828164216255486,-0.21982535589210309,0.97529500365471877,-8.4145414406863193,-8.9651662957959353,-1.0319639585447848,,0.7798223434512001,0.6959459459459459,0,2
-0.98906650211869274,0.13431580678097599,-0.060882825455714565,-0.12551129723993015,-0.98345222239704355,-0.13064700734218077,-0.077423308194918813,-0.12157709616162672,0.98955780075600597,-14.551854048813254,14.999680252494642,-2.8127064628193748,,0.4269259107371289,0.1052631578947368,0,2
0.66126949350497399,-0.73022496451368957,-0.17173863327934516,0.75008358296277378,0.64064090025865761,0.16417629392060812,-0.0098628357688939749,-0.23738310410970523,0.97136604138390492,-9.1945642233360463,13.614026923485456,-2.7016387294894582,,0.1332039980569636,0.2,0,3
0.0060952582693781241,-0.95435994362945442,-0.29859662727869873,0.99514156165347822,-0.023553831126896258,0.095595446068955175,-0.098265559055583915,-0.29772859290775255,0.9495796779989889,15.322746329330586,16.434051238041192,-0.97854896053129303,,0.08713348820031974,0.3333333333333333,0,2
0.81574515214115029,-0.55801979511266386,-0.15222928437272695,0.57776857707875284,0.79851703449430134,0.16897933886372221,0.027263860669491925,-0.22579737351184531,0.97379270279487473,-16.474639233809516,14.6309070942257,-2.8616928286033354,,0.5865462763401544,0.8636363636363636,0,2
-0.14829707154886657,0.96572574475077833,0.21302996149740264,-0.98552307434393682,-0.16221351228561826,0.049305642350944041,0.082172066456344672,-0.20263406021080985,0.9758007937774883,-8.9641234644554046,-13.632076258551493,-0.19333404595016188,,0.3601348869214626,0.1818181818181818,0,1
-0.52499572378703208,0.84594818793642601,0.093547599287252148,-0.85028424183149531,-0.52613722679321473,-0.014011662120719835,0.037365734281157401,-0.086898112231644301,0.99551620779985661,2.1419783562502075,-13.420965590160812,0.71745354583926435,,0.483423440410801,0.16,0,2
-0.98261501684327579,0.16768517531967533,-0.079683189269131621,-0.16333120155008779,-0.98484254678036776,-0.05837873458174362,-0.088264643398674056,-0.044349070217658659,0.99510929685966454,16.13426936873277,18.348063639859863,-0.85049236901489766,,0.1716567522936599,0.1666666666666667,0,3
-0.15603769943947884,0.96107599827226708,0.22800254800900688,-0.98439522069645824,-0.17031948641968922,0.04424163215461447,0.0813528476674652,-0.21754125606582755,0.97265488025593938,-6.3303883318149321,13.693612571580131,-3.0187418484321284,,0.5434427019877548,0.2959183673469388,0,1
