axis_00,axis_01,axis_02,axis_10,axis_11,axis_12,axis_20,axis_21,axis_22,location_x,location_y,location_z,dbh,dbh_approximation,score,reconstructed,number_clusters
-0.53841522459931634,-0.72736033248095677,-0.42550674806971084,0.82241067062385809,-0.56363777726987663,-0.077156625627933448,-0.18371100882550276,-0.39148359195177707,0.90166005926227599,5.513912307077045,11.61030351909708,-6.3096984140037611,,0.3715391604450445,0.2168674698795181,0,1
0.35706358762056351,0.92839451048205079,-0.10290397126605581,-0.91214247973487739,0.37029095088454322,0.17572907658133471,0.20125031940009466,0.031116628991806713,0.97904548634961053,-11.107485629584836,9.0208943127446961,-9.1154239237993036,,0.2313269198135516,0.25,0,3
-0.72557815452321572,-0.6159496740697904,-0.30682623859768526,0.65650932853867372,-0.75323563365171486,-0.040392842670444296,-0.20623249797348725,-0.23074245212058092,0.95090802792330942,14.443090112650374,5.752307911768507,-3.6057722847409654,,0.1108600660280291,0.1,0,4
0.96204315730761547,0.25960791003971007,-0.08412310338075546,-0.21679773846553246,0.91428032088844191,0.34218450495654923,0.16574590213283127,-0.31095856296449192,0.9358595343561088,-9.0681845926992626,-11.956277470591596,-5.7882163511302336,,0.4740542561190437,0.25,0,3
0.12945072970502586,-0.89029886144417758,-0.43658956227793361,0.98961682909197268,0.088263610135953144,0.11343750131115107,-0.062458307348064228,-0.44674094555678451,0.89248052494507968,19.584232049582091,4.3227850092168323,-2.410713687546945,,0.2751138707309037,0.2,0,5
-0.8750465655160139,-0.44120037821420849,-0.19908725333950719,0.43840106820513519,-0.89674788831657293,0.060396425360815895,-0.20517799973492776,-0.034430379948640143,0.97811887690677324,14.820746533740229,10.220587099300786,-4.1306369738836022,,0.1135840534767847,0.4761904761904762,1,5
-0.11135615641989861,0.99239112659839168,-0.052532449744528191,-0.99033755980265659,-0.10641878700615222,0.088918836116189684,0.082651824368888904,0.061926517913681568,0.99465259377713389,-17.257759117994656,6.8710792513743195,-9.9464630523047148,,0.1452006044656135,0.2765957446808511,1,3
-0.81050165699128951,0.58543811064604057,-0.018689104247340414,-0.57891130288209391,-0.80550638893390825,-0.12657472410402826,-0.089155860209690713,-0.091769689930003215,0.99178100233893396,-5.371448750777752,2.9463098579938789,-7.1291980236023864,,0.6078166392707941,0.2541715172681412,0,2
-0.29902577556511639,0.95168131665041789,-0.069901767404041151,-0.95322024175662534,-0.2945081074689585,0.068089245409928778,0.044212625494554882,0.086992219040443061,0.99522740997889469,-20.106553011547199,19.389508881956878,-12.43821840676153,,0.4029366706507386,0.44,0,1
0.13210765463992924,0.98045809714912679,-0.14577203888348936,-0.98346954229238448,0.14801995446085894,0.10429646429583266,0.12383548348007464,0.12958399907441348,0.98380524506384781,-19.845099313424434,9.4457450790900754,-10.823261245711105,,0.10448909700453,0.3103448275862069,0,2
-0.0099627768184742185,-0.91773354769191329,-0.39707162895235987,0.99658955865283794,-0.04164207213408249,0.07124036364675175,-0.081914557083627271,-0.39500768760771632,0.91501854192611776,4.3202168281883493,1.7127510194313431,-4.9999615030051006,,0.4625826952692312,0.375,0,4
-0.74374237262950926,0.662343994026104,-0.090264703694055523,-0.6679008879116326,-0.7418601925767766,0.059597471396019383,-0.027489763227061804,0.10461304052313496,0.99413300149940909,26.319061982211508,-11.298431837273867,0.99657158519025268,,0.2002108755743869,0.6153846153846154,0,5
-0.97719191060650079,-0.09042677179383378,-0.19214309456278864,0.093125907489815085,-0.99564156210750365,-0.0050443194120020013,-0.19084950929834019,-0.022822768172984783,0.9813539555397468,18.609984094187372,-0.17584811064780612,-1.9353476089089765,,0.1007946737951855,0.2142857142857143,0,5
0.77610149623649194,-0.59431574260870146,-0.2108441738036578,0.62658871198794719,0.76446337778074214,0.1515992415592638,0.07108483346512437,-0.24976897749625879,0.96569270698898291,-0.47318059563381043,8.8504771168415513,-7.0511439391358,,0.1108462394154047,0.125,0,4
-0.80330109152286755,0.59485224207794185,-0.029294478200084462,-0.59398027369031781,-0.80377791523081576,-0.033593116169506054,-0.043529195087253982,-0.0095850447077175608,0.99900617420164473,2.9983669169594402,15.143969224194873,-7.3713994997326555,,0.5389797573166076,0.2361111111111111,0,3
-0.25499420817330609,-0.84762235555184084,-0.46531096716799691,0.95637537169191478,-0.29203444748582075,0.007875906474943635,-0.14256262560439664,-0.44300363864239245,0.88511223804124439,2.9369796984724892,11.135273407401183,-6.7628265449101299,,0.464350560923946,0.175,0,2
-0.68343390383743663,-0.64429600353558381,-0.34322115161160455,0.70270388915652138,-0.7080146230809532,-0.070160798654478052,-0.19780127211375598,-0.28913310659903702,0.93663050527866598,10.343561150949965,25.476810591026968,-7.5532312208429833,,0.3284742291576562,0.1818181818181818,0,1
0.44273609826435745,-0.86787621813092886,-0.22533445652276396,0.89659996257395758,0.42579622418133917,0.12168024730946228,-0.0096568320908252056,-0.25590710321456678,0.96665314364476063,-5.5354256749015436,10.159365056916316,-8.266590343139459,,0.1031412892109905,0.148936170212766,0,3
0.49650756704078924,0.85566436056049178,-0.14600937619838142,-0.84940712104357552,0.51358923446199012,0.12138221025014473,0.17885127506310874,0.063754217988702691,0.98180834234434411,19.67189251500125,-3.9967512811089314,-1.2014603944481428,,0.5905686864889217,0.7222222222222222,0,1
-0.97055261457776931,-0.006248294975934105,-0.24080818330395504,0.038467834463778584,-0.99085507683197593,-0.12933074819225035,-0.23779791430524541,-0.13478566513614745,0.96191734386374539,-12.856684162282363,-6.9957730662297566,-7.1526311039088855,,0.4137679096808444,0.25,0,2
0.7495013021192255,-0.58257837994965211,-0.31440456316158216,0.65627029172651707,0.71623334472602207,0.2373164556025722,0.086931595630003855,-0.38420336687464679,0.91914670785648134,18.413209029547442,10.536881067798536,-3.4484171040738416,,0.3940184916662755,0.3902439024390244,0,3
0.74455165502584553,0.65748426524336367,-0.11557367328102557,-0.63310735066067447,0.75036077081688946,0.19008891645360551,0.21170242213469562,-0.068360475250529143,0.97494047504749015,23.511832855782778,-11.047175836909652,0.40929571427248973,,0.3846251103474814,0.2,0,3
-0.9196649491585821,0.36346681972235206,-0.14868844020320532,-0.36952568807950037,-0.92910909991086765,0.014389103939753177,-0.13291782099671456,0.068177352718747766,0.98877939978427409,14.61403186638263,18.856831462376721,-5.4509855635127318,,0.2648689661933772,0.5581395348837209,0,2
0.9398361768466168,0.32133734357778088,-0.11597530906495165,-0.27662012959713717,0.91502228695015098,0.29362479167498606,0.20047260309578194,-0.24387809661158807,0.94885942552156322,12.074630967653501,9.5899902443817933,-4.6667054164436435,,0.5903362460417867,0.108695652173913,0,1
0.77106459722302045,-0.53922984449549882,-0.33865994997144522,0.63214114342648942,0.71215570884129786,0.30533886282653111,0.076530789207690325,-0.44951687528958145,0.88998742526686281,-10.21821779333796,-6.6676834017818729,-6.7258906592058869,0.3713194851613885,0.3688255151176308,0.375,1,2
-0.48660812139694232,0.87131765355069291,-0.063388349098648974,-0.87361904506893473,-0.48519881110834739,0.037038868663702186,0.0015166685134438472,0.073400683307170242,0.99730137842412503,23.409535485191007,-0.82575496481803856,-0.93892021840811113,,0.2370284569760334,0.4583333333333333,0,4
-0.11303132883322813,-0.9288710820011683,-0.35273563999711588,0.98595830943412233,-0.14877748632273549,0.075838457403199042,-0.12292327184062117,-0.33921051367177374,0.93264467867164158,3.2968709274857817,32.577426809785827,-10.5381995991631,,0.6339231084546743,0.4444444444444444,0,1
-0.90061472259823572,0.42704304265543847,-0.080792085991687232,-0.42061539024261002,-0.9032124127293355,-0.085381678261257588,-0.10943406658970295,-0.042913601704326357,0.99306727257442273,4.1643309160133777,6.0810708413565608,-5.6985282764404674,,0.2929278850653738,0.1904761904761905,0,4
-0.77497050815221236,-0.57245287591819616,-0.26780294312663638,0.59582180875789492,-0.80308130530646737,-0.0075358659575886942,-0.21075360899109716,-0.1654029078349197,0.96344423521913347,23.19571856658925,-3.3284903519264266,-0.60220922114032871,,0.3897176544922263,0.6857142857142857,0,3
-0.5780963861309707,0.7974614573610197,-0.17279986216994309,-0.81569667918298361,-0.57026199338634942,0.097160622007479464,-0.021059342633730462,0.19712047819206097,0.98015306007029812,18.98450678235314,-3.5880530946713747,-1.4086783770203863,,0.9039720159859308,0.4516129032258064,1,1
0.9372853297361522,0.31399870296843968,-0.15133084680768452,-0.27633824058520373,0.93400254394182902,0.22644298333237414,0.21244619895791805,-0.17042318634601777,0.96219673149725671,-11.842472569083276,-14.442298913800247,-5.9485729109007384,,0.319841631609862,0.3611111111111111,0,2
0.97050854454926094,-0.13548129414850379,-0.19939404176835607,0.18192837563276479,0.95430283564391516,0.23708261012061738,0.15816204063079722,-0.26636613301586903,0.95080694785307152,-11.054552586138705,-11.668024277930229,-6.1963992317155911,,0.1700890033053782,0.4242424242424243,0,4
0.79550514671791561,-0.54776476810667396,-0.25908554642501624,0.6002151216291608,0.77099014602185645,0.21287555638186292,0.083146673493285431,-0.3248506634720606,0.9421033261425007,10.045441951026669,6.1181166326827618,-4.5215513752491727,,0.6283661187225174,0.391304347826087,0,1
-0.87852239628760342,-0.42522255758364136,-0.21767906592760267,0.43085544421462169,-0.90211855777260985,0.023360092313319283,-0.20630556321075744,-0.073265846369864329,0.97574081104768773,21.421797824551319,7.4367940616212866,-2.4281211056633825,,0.4746626909752915,0.1111111111111111,1,4
0.38618075826075809,-0.8141565985745236,-0.43360518325627617,0.92208284224186898,0.32796110081405344,0.20543794293165757,-0.02505302361597769,-0.47915608036463153,0.87737209703597296,13.308140609517981,10.792527470080875,-4.5850734196842353,,0.5376991282826299,0.4210526315789473,0,1
0.35391731236465362,-0.82779004064128858,-0.43532308073851783,0.93425481605003524,0.29114896506241589,0.2059131341862355,-0.043708977291796992,-0.47957890774947348,0.87640949136001911,20.97121597692113,3.3618076947003832,-1.9855608719331244,,0.258391655292096,0.8333333333333334,0,2
0.67594551498306055,0.73608778225399052,-0.035671243189542352,-0.70919502774184984,0.66288340740056695,0.2400583279522934,0.20034987746570299,-0.13696848181029156,0.97010286134515766,21.607556878558125,-5.4414941010520046,-0.66846947913027122,,0.3433651874105419,0.4,0,3
0.92697631506894529,-0.267953061269259,-0.26251870077698064,0.34458303292538051,0.88482094172206904,0.31361510567894851,0.14824791641418564,-0.38117326512559163,0.91254013458715855,-12.232883906367176,-12.477244695894877,-6.2855304408879809,,0.5346359374501924,0.4029850746268657,0,2
0.53743736380870732,-0.79018448161650245,-0.29456674115522063,0.84323487523701746,0.50800504009225367,0.17574363267236542,0.01077149786978833,-0.34284014387659917,0.93933200231883629,23.048423863916629,11.855120608708249,-2.6879706776029839,,0.2264440610103198,0.4444444444444444,0,1
0.02648277659484841,0.99705508776232088,-0.07197092823562265,-0.9945690635757124,0.03352899437518387,0.098530118818145912,0.10065306911344736,0.06897070757545333,0.99252808583665975,15.006022269763012,7.7565243003478805,-3.8014216997265828,,0.2892195416270002,0.125,1,2
-0.59584229558341495,-0.74772939184720977,-0.29304046710597476,0.78034047126726069,-0.62529245236003284,0.0088373029802489185,-0.18984390350041558,-0.223405697307337,0.95605919623961921,14.183192946154822,-9.2245767714963485,-1.6792758270391073,,0.1572805716467886,0.1666666666666667,0,1
0.55996463613869019,0.82848754822745607,-0.0069273881169407536,-0.80411518117380576,0.54546792663251031,0.23635464120902541,0.19959554524057185,-0.12677982271358754,0.97164216400526282,-11.411616533867404,-7.6968102874056106,-6.8046372657695979,,0.5732553757046103,0.4375,0,2
-0.58874331088145604,-0.72545483212963091,-0.35650610153559803,0.78588447899271596,-0.61691301976978452,-0.0424724818779438,-0.18912138845378668,-0.30517800146520113,0.93332710656608364,13.060864743138858,7.3269659109734402,-4.1307879945030725,,0.4313662440265194,0.1612903225806452,0,1
-0.97805102832031043,0.17889341369755135,-0.10683319960208722,-0.17834747181282484,-0.98385744507387496,-0.014720973835974656,-0.10774212407204677,0.004655567456555704,0.99416797393202139,15.937216178964185,4.3145538226058378,-3.1200745172307123,,0.1778212852563665,0.2777777777777778,0,3
-0.94208885296308931,-0.21696241516256121,-0.25572622769187869,0.25278361504117253,-0.96050246865476185,-0.11634196007814036,-0.22038384035451972,-0.17424786401828798,0.95972321259603655,28.208126309251575,-12.399242273792217,1.5131209091440401,,0.4757836152772391,0.4347826086956522,0,2
-0.6369419163813308,0.76259476098480117,-0.11293460795970509,-0.77004486265664862,-0.63630720780605365,0.046303852865250607,-0.036550029447060151,0.11645757945534552,0.99252291033246254,-11.973068998579258,-9.4513241940014581,-6.6556018093859004,,0.1812730231351592,0.1153846153846154,0,1
0.47368070250417038,0.88023294548877695,0.02857540465694421,-0.86291506102096038,0.45738545701055322,0.21488634479286828,0.1760800657040654,-0.12644566181328479,0.97622093046105751,-1.2285381461005034,-4.2642240403843079,-5.289099088020401,,0.6540910543373313,0.1592091571279917,0,1
-0.85244885772673062,-0.41451867876018378,-0.31859882284670127,0.48065959004437825,-0.86110979381867814,-0.16569937081329877,-0.20566308239147424,-0.29438781895395161,0.93329443831664027,10.22358334609382,17.709722316110359,-6.1286149741815414,,0.7662191257197762,0.6382978723404256,0,1
0.98281696823899722,0.084832019625369903,-0.16393393604677392,-0.037797472607752951,0.96180624372389045,0.27110901976549417,0.18067140893338124,-0.26025425641096017,0.94848593242810197,15.321850852560397,12.319537496812577,-4.4052226230537386,,0.2277854919843975,0.4166666666666667,0,2
-0.67200487500531303,-0.69598273996972504,-0.25301674575673422,0.71440180651568852,-0.6992514678148446,0.026027746846503972,-0.19503719341760004,-0.16326484748107686,0.96711172196430661,-11.160448375536058,-15.272082570362235,-5.7671280579847686,,0.4972221258740233,0.6692913385826772,0,3
0.036021247252193384,-0.93421275715519125,-0.35489293331213267,0.99235361851860016,-0.0085134083383617901,0.12313333298299942,-0.11805407896144143,-0.35661470279134294,0.92676274644247858,18.316152686723871,1.9196815888620087,-2.2968917239143343,,0.1710597332467155,0.1785714285714286,0,3
-0.017693592641452666,-0.89736437496140031,-0.44093550019200556,0.99417137686477619,-0.062697941223104986,0.087705425084078872,-0.1063494720355171,-0.43681362927056189,0.89324332803623396,15.535821923604541,-5.4882798660206884,-1.814952712511585,,0.5642602402042701,0.2318840579710145,0,1
-0.88727793342416172,-0.38616425825584855,-0.25222021034060688,0.42412924642783162,-0.89799210776764982,-0.11715185321441982,-0.18125189980551715,-0.21092022196253193,0.96055213746270307,-24.25700091615046,6.5488102470021214,-11.186182053804821,,0.3974022671468927,0.2222222222222222,0,3
-0.17116920823866413,-0.92725920220285474,-0.33300371481572871,0.97416753422741187,-0.20981865642858907,0.083508961625604894,-0.14730484516211242,-0.31010724490831887,0.93922030389421352,21.895970784414676,2.3063402823865049,-1.6079477975114762,,0.1767827412290262,0.375,0,3
0.72986392610779927,-0.62843682062296391,-0.26900894381378571,0.68070162724985062,0.7042898390418304,0.2015468116389755,0.062800828226330943,-0.33021657303613955,0.94181371346267495,-17.64871358216535,8.9476100657360096,-10.278698022585102,0.7749537976966382,0.7633670199482532,0.2580645161290323,1,1
0.72228032937208086,-0.63942715766364622,-0.26352236308205385,0.68894385329833296,0.69859256521959812,0.19319625985599972,0.060559828307253274,-0.32109397045427812,0.94510907800809096,19.982009005470612,1.4049144149363151,-1.8554877378463688,,0.6203326797421217,0.1388888888888889,1,1
-0.41784822885842815,-0.81372474983580512,-0.40404812726274458,0.89266736942264102,-0.4504313099346105,-0.016018820139213259,-0.16896101682913822,-0.3673740145073508,0.91459745694858363,11.694514959208762,26.072257714127392,-7.2826069654993617,,0.3705479962794913,0.2307692307692308,0,1
0.15696224968354078,0.98404464147953863,0.083779447060049098,-0.97895454292931849,0.14382363827065239,0.14478523389020287,0.13042566868653607,-0.10474208633590533,0.98590985404228082,3.5455463695759635,15.739957161904437,-7.2814492246360931,,0.7518588368488291,0.2941176470588235,0,2
-0.37964496173569529,0.92197752546948908,0.07633574233515833,-0.92475194287210849,-0.38056055811678102,-0.0027396642319387184,0.026524463858146528,-0.071631725757525411,0.99707840648668944,-18.108365803274914,4.1209060525810282,-9.69544311981047,,0.7208291017196404,0.2987012987012987,0,1
0.82406325353596066,0.56563319019507408,-0.031286551766996781,-0.52795700924752242,0.78684985871165858,0.31957580670609753,0.20538050189377094,-0.24683272472503487,0.9470440620407673,22.217268962536764,0.19135245257379607,-1.2889224946185005,,0.6589615380101504,0.3137254901960784,0,1
0.23091091206903211,-0.89626742539908877,-0.37866192422256623,0.9711258054062093,0.18832001349275013,0.14645901335264866,-0.059956824145284804,-0.40154735049129542,0.91387357142650305,22.857495782720946,-5.6014225228603483,-0.4054123546080392,,0.4794172078679603,0.1944444444444444,0,2
-0.69127742717738572,-0.66362885665151805,-0.28588854348226928,0.69309725771391439,-0.72083927378674395,-0.0026330051368966224,-0.20433235187915272,-0.19996870251616483,0.95825925927670308,-10.296880387110853,-17.426488409447195,-5.3179277842238717,,0.2120696638304168,0.2727272727272727,1,2
0.086694031174238254,-0.89051237311671871,-0.44662272477426668,0.99280657720423482,0.040066359451251921,0.11282635818076572,-0.082578721343767258,-0.45319135049816789,0.88758005532733508,9.007231462074353,10.148494656125022,-5.3809688131457634,,0.4440313830082696,0.4158415841584158,1,2
0.19219276438990693,0.98090891627070387,0.029658713674049195,-0.97161145944778438,0.18594853182432103,0.14626795746890603,0.13796054938246666,-0.056928389165801285,0.98880030608868408,-19.45943949585952,7.9890832482155556,-10.513437062846808,,0.2239413853153819,0.2962962962962963,0,2
0.9660771514974329,0.22878502169993564,-0.11980129882587645,-0.17073711995180033,0.9138618094232821,0.36838217810878093,0.19376215632876176,-0.33543107656173582,0.9219231094030913,23.102604175378303,16.327179862670398,-3.3149151575594731,,0.2861999214938328,0.25,0,2
0.7419010450413478,0.67008136767538085,-0.023954124088522398,-0.63938335805921453,0.71776776607034232,0.27567799227960355,0.20192018423991029,-0.18920992226805183,0.96095153078177631,20.878905773984496,-6.0478862109978619,-0.73367101776259347,,0.3629331020364428,0.1428571428571428,0,1
0.54787619379314734,-0.7199104081532185,-0.42609937867520975,0.83645237306124809,0.4795688956303385,0.26525667181826618,0.013382969585991451,-0.50173965218683247,0.86491515049078449,16.262214307672565,11.556718140707336,-4.0587742302801688,,0.7996027752777233,0.4411764705882353,0,1
-0.073855603385970137,-0.92062513059230533,-0.38339890293321965,0.99047246391804911,-0.1125221268482957,0.079391871055202221,-0.11623101164751209,-0.37388252151101981,0.92016423101528944,14.038233013744607,9.8893722798513011,-4.2621260910715035,,0.113131433632538,0.1304347826086956,0,1
0.22162164141873339,0.96658093833376446,-0.12886092388574319,-0.96494447191265009,0.2364353928252684,0.11393187062792716,0.14059165757641548,0.099093867970636657,0.98509613294872655,22.517962861847117,-2.6883897830666172,-0.77983089510159309,,0.1115897115697197,0.4,0,1
-0.0014852311890971328,0.99352825085921959,0.11357556441829667,-0.99469081672788362,-0.013154498351471961,0.10206438306449786,0.10289787755600385,-0.11282098172654241,0.98827296476061144,17.197261628850388,13.638999902812161,-4.1655202627711292,,0.5004486286266345,0.2352941176470588,0,1
-0.74164447382497256,0.66707488924730773,-0.070530607402553069,-0.6675063883152208,-0.74431556766173324,-0.020725764033260326,-0.066322665833411107,0.031708482651889032,0.99729427759546763,-2.1529428545791789,14.242969038533859,-8.3042224530423532,,0.2059183668179709,0.2,0,1
0.77155059324023612,-0.60034697250606328,-0.21045948463646011,0.63167125583513395,0.76222487543090256,0.14143784439113061,0.075505672782278849,-0.24206765970932484,0.96731698088090368,12.617614546341269,12.79981867254533,-5.0551427532428068,,0.2113953348673627,0.5,0,1
-0.87585288151481022,0.47497327802474676,-0.085335309834971979,-0.46954769907439198,-0.87958851820582851,-0.076478735177947094,-0.11138531427503442,-0.026915122197401557,0.99341274803625856,1.6222923529315838,-15.5226470994539,-3.2762164676387333,,0.4476770572387047,0.4210526315789473,0,1
