axis_00,axis_01,axis_02,axis_10,axis_11,axis_12,axis_20,axis_21,axis_22,location_x,location_y,location_z,dbh,dbh_approximation,score,reconstructed,number_clusters
-0.88765854633459673,-0.37881064310269347,-0.26184881476011163,0.40681353771296291,-0.91151076750042781,-0.060422398696557494,-0.21578936640301632,-0.16015810127154287,0.9632156206916912,-4.6607589837448655,27.653229338322681,-4.4303464645764388,,0.2125566118780487,0.3529411764705883,0,3
-0.20853237710126937,-0.94144825047187164,-0.2649328960018843,0.97234768897964552,-0.2286933680254927,0.047321402738071519,-0.1051390481050508,-0.24773884456138037,0.96310500230190688,12.667663395855964,2.5413838222110541,1.5863540500833933,0.4451962028834365,0.393134353654414,0.4927536231884058,1,5
-0.92269398035128547,0.37037263473989501,-0.10705106285941636,-0.34045683005422184,-0.91306056712273054,-0.2245207064725866,-0.18090042977542412,-0.1707176388114213,0.96857138214264882,13.576168382198786,-2.4704924081800628,2.441386111533693,,0.5130203414221639,0.3235294117647059,0,2
0.96990696304478075,0.15951620318032364,-0.18394309978953313,-0.11485787251366394,0.96590844870512926,0.23200977962509353,0.21468151331421936,-0.2039005876474691,0.95516302179163748,8.7404897237738428,-6.4883411069070309,1.7950879710074585,,0.09021949895617991,0.2258064516129032,0,1
-0.30878220501160986,0.95017400326712886,0.04269558974279769,-0.95111902146231053,-0.30870786006996431,-0.0084890602306655089,0.0051143798005770374,-0.043229858273427457,0.99905206194317753,4.5492909139869289,-8.8308909998683465,1.0951861084295991,,0.3930434108217722,0.6153846153846154,0,4
-0.88211038589595059,0.43578363655740915,-0.17881244141081828,-0.44219159946565118,-0.89690954823578006,-0.0044555185443038254,-0.16232022811869953,0.0751391002893253,0.98387309097830533,-0.77602010197747495,10.950813992725987,-2.3614241554195186,,0.1999120527472558,0.2761904761904762,0,5
-0.94377590710173265,-0.24878375576989242,-0.21770089581655352,0.24940205455159659,-0.96807500044580341,0.025088018999153507,-0.21699228640609747,-0.030617582806059883,0.97569304151632152,-9.9779546792338021,-6.1019351117666165,-2.4334499563709033,,0.07652985369246781,0.2432432432432433,0,5
0.83126570806372568,0.54053753248347158,-0.12967844298105546,-0.51215570433590019,0.83544086081297653,0.19933665643897308,0.21608761443800764,-0.099286172555653515,0.97131271937813046,-9.2675093221270686,-10.137030821998037,-1.8871572889795212,,0.1742696395050868,0.125,0,3
0.60954036916000587,-0.74674555855921476,-0.26614208448941473,0.7881147858832831,0.60707398414145219,0.10166740899015887,0.085648249465075543,-0.27172090193930826,0.95855731639420427,-1.7870093801225679,9.5169828992126728,-2.4710503470847867,,0.1028646628311939,0.1294117647058824,0,5
-0.41721449528584792,-0.8553064128622051,-0.30721817172843241,0.89377687797365513,-0.44738631227378756,0.031754999444589552,-0.16460545957847186,-0.26133585231813589,0.95110914987193373,-14.42891490567064,16.535986079171579,-5.9094708359939974,0.5070315934407769,0.4459387164280351,0.6390977443609023,1,4
0.27236224164915301,-0.89470068641699907,-0.35401905464084976,0.96210708713882487,0.24826653643060836,0.11275495450753946,-0.012990850668691009,-0.37131443361886973,0.92841630165847699,-10.544417836516672,-16.716616439929606,-1.4558835942130504,,0.2539352885594647,0.391304347826087,0,5
-0.35227145073564825,-0.87438064842541796,-0.33371141223480311,0.92618487889156009,-0.37693850713014609,0.0099464543995882275,-0.13448566878752527,-0.30557461200440361,0.94262280971188595,-3.6767742339786746,17.053429785109614,-3.4375593616155919,,0.69798012624037,0.3888888888888889,0,1
-0.97560731991998739,-0.043385588893073514,-0.21519304820309579,0.056367342777087222,-0.99691832496532595,-0.054558005980600947,-0.21216286194051265,-0.065357050306222852,0.97504634555926661,3.2964939682243228,16.800394343716675,-1.9455851175460515,,0.1209478921431092,0.3333333333333333,0,1
-0.65129241833864582,-0.61587498199420398,-0.44330146894437134,0.73561911315059736,-0.65580592569601037,-0.16965585221125795,-0.18623293527764465,-0.43659660371518944,0.88017083537358543,17.858590470086554,-7.3064145024409255,4.030434186821636,,0.1992035071754467,0.2857142857142857,0,1
-0.0025220560340437968,0.99972276202545018,-0.023410218315237465,-0.99794384681064197,-0.0010168796389150574,0.064086227604529589,0.064044655094244646,0.023523712377213922,0.99766974350726645,2.1579784031536606,3.9888371443644259,-0.98854187792478831,,0.07985470891258742,0.2678571428571428,0,4
-0.87702870091321383,-0.39797888856188668,-0.26913465409256837,0.42649080987635452,-0.90283309694613234,-0.05475388707359629,-0.22119278212792653,-0.16280418703983685,0.96154487665257016,-20.858133754549907,2.3459516086582139,-5.6794608883839439,,0.5639006438635094,0.5384615384615384,0,3
-0.98036100297796869,-0.012715503442405887,-0.19680096496774746,0.034669171652027916,-0.99349023829962391,-0.10851357030491054,-0.1941400329066435,-0.11320539905659406,0.97441992243972742,-12.771421812808644,-11.04110784680644,-2.5718064728519687,,0.6997262038007762,0.6666666666666666,0,4
-0.30552947469588743,0.94046058041365987,-0.14894843664858534,-0.95217209951663917,-0.3025001642453774,0.043150243725804498,-0.0044758232909282254,0.15500821694194908,0.98790304164242104,-18.377382173827634,-4.5801708872911586,-4.5481791843400226,,0.7198460860693916,0.574468085106383,0,1
-0.096269099903334737,-0.95819253445086972,-0.2694426234403523,0.99175032327304902,-0.11535748006847323,0.055892289987565083,-0.084637797062565592,-0.26183910845186881,0.96139311657278159,0.74591581523267814,-4.5881465822178642,-0.2893863803250834,0.2301806272439103,0.2018595117498874,0.6666666666666666,1,5
-0.6749177877356316,-0.67397086247126869,-0.30041513999426495,0.71131838356231214,-0.7025266158359792,-0.021966138676268634,-0.19624509421725472,-0.22851614949884763,0.95355557384657996,17.362330423227412,9.5567097630401552,1.9165806501311822,0.5645548154291697,0.5177480745676841,0.5,1,5
-0.71334822730841196,-0.63569941817132292,-0.29499246826417103,0.67981066087383946,-0.72995400814380451,-0.070884493064908793,-0.17026970358293386,-0.25110435227497918,0.95286663931021531,-3.8122887861508818,-15.816072568177551,0.057033147982286626,,0.400683225385228,0.2142857142857143,0,3
0.83421558582180788,0.52676382621360618,-0.16310802483256262,-0.48945378062166073,0.84356012667418567,0.22100069981924506,0.25400660032200273,-0.10452838886271162,0.96153755148440534,-8.0638961959341717,-8.9313602895533428,-1.747705687022113,,0.236360349514022,0.375,0,3
-0.69383425436174517,-0.61315296513979278,-0.37767375976437667,0.68631815381188488,-0.72184255461255442,-0.088942217752127684,-0.21808580701761973,-0.32091551488000791,0.92165710168520498,-19.713337700389783,-0.56883833614662715,-5.2184303511102854,0.5809463556235022,0.3360774747405011,0.3888888888888889,1,3
0.88224094822462262,-0.40460329249250382,-0.24072200767679255,0.44405626021735767,0.88500085280636864,0.13995545110418675,0.15641274576419487,-0.23036854437233292,0.96045061649534069,-5.9950158680389816,24.271904482041517,-4.577709297268048,,0.1248990808178874,0.3793103448275862,0,3
-0.94235955824521445,0.31319538701234018,-0.11775870472315551,-0.27974462366121738,-0.93054734534919881,-0.23627226582103009,-0.18357943380599243,-0.18971106350909026,0.96452491096172421,-12.828252087362984,7.4997722922921621,-4.5084827027032182,,0.4194805931304882,0.1071428571428571,0,1
0.91326167048620399,-0.32034537320794332,-0.25165842542027372,0.36945542978804619,0.91157630046236893,0.18036444726018339,0.17162694025379011,-0.25769650812458605,0.95086103247504972,17.154653271387847,27.913350821419773,0.48151602083236056,,0.3826572215053007,0.48,0,1
-0.3925747891901043,-0.88519401851551283,-0.24963289942774397,0.90869443670110572,-0.41520962209479884,0.043305778232866264,-0.14198399769271502,-0.20983927016707668,0.96737170988971122,-16.811399660306034,3.8856259930574324,-5.0248257471086388,,0.1169283379318307,0.4705882352941176,0,1
0.86212602803646987,-0.37161366233862247,-0.34444447701383857,0.46943351171830167,0.8416557613188943,0.26692275570759588,0.19071153572315333,-0.39181483560731861,0.90006124499398787,11.703968751681284,5.8378867817452127,0.95056422585021016,0.7164230606810704,0.5437301993385734,0.3888888888888889,1,6
0.46373843420778049,-0.82460093806593793,-0.3240061073178872,0.8851767361929449,0.44672094335090934,0.13000978607196717,0.037534122359806459,-0.3470932032069311,0.93707923781622149,-9.7872589620024399,-8.1488896255454737,-2.2768941148663902,0.2176091172435753,0.1353592499929535,0.24,1,5
0.75050008221937159,-0.5912852602737233,-0.2951802289648669,0.6500861841469906,0.74088076383910095,0.16877098967060461,0.11890155495165396,-0.31855523030743876,0.94041745276970146,-19.589272836270723,-3.7973187722532518,-4.8643277800390647,,0.80244453015668,0.5106382978723404,0,1
0.84900727699539635,0.51011344116546575,-0.13773496560854889,-0.48366626500318344,0.85523877394193359,0.18610100387737866,0.2127289066082271,-0.091383350171814259,0.97282860546174477,1.3633493577669762,4.075181259826631,-1.135472627901585,,0.071608362664974,0.2608695652173913,0,2
-0.850446891543988,0.50370198022478696,-0.15173793125252141,-0.50542979091963536,-0.8623517828031273,-0.02983503221383034,-0.14587944034064693,0.051319760462173118,0.98797037965315737,-9.5277561563356805,15.713902111539694,-4.6391247056770313,,0.09030251195443606,0.1463414634146341,0,6
0.05768611153852278,0.99828758252103111,-0.0097064473357468088,-0.99544265906905771,0.058255806380517292,0.075499493564402553,0.075935663828603506,0.005306939539151353,0.99709859660498923,4.5299464629603845,21.836759681940894,-2.0499563969929389,,0.221180913443205,0.1333333333333333,0,1
-0.96767996904903908,0.15632761801890727,-0.19788166500660603,-0.15184393235176885,-0.98768411261803513,-0.037729483032206974,-0.20134273691693846,-0.006462934817923858,0.97949953178362348,-2.8348352754698767,-11.431789462418896,-0.33832670896120115,,0.3833568617212998,0.7894736842105263,0,5
-0.85431506431870807,-0.46430946394082229,-0.23358615663841714,0.47465120592773213,-0.88007234853145233,0.013375128473527882,-0.21178291618889084,-0.099445377194315801,0.97224411202393468,-7.3284805945856855,-9.4620736248257646,-1.5068001080547344,,0.09290332408532188,0.2391304347826087,0,5
-0.18403945173681635,0.97149618510960967,-0.14941433171515417,-0.98239072048075426,-0.17682047790578515,0.060357194322417665,0.032217270488301128,0.1578913579352709,0.98693078104375676,6.647053896456474,10.840595754723006,-0.84060426031969293,0.8277253375285285,0.2543775564239152,0.3809523809523809,1,4
0.31814185031724973,0.93623631846784416,-0.14915535209470115,-0.93976993530195851,0.33217754891538781,0.080563916855616188,0.12497292418468103,0.11454096201072721,0.98552632447965993,-1.1935378032340778,17.764990268024206,-2.9886166257345175,0.4417938481975898,0.3716447543642595,0.8588957055214724,1,5
0.33227723206928522,0.93989791179826765,-0.078636864418859351,-0.91492851542657183,0.34145530153064385,0.21520708333125729,0.22912366247881052,0.0004386956495333297,0.97339722356210978,-13.730706302745599,-7.6158685122365828,-3.0927562672327591,,0.3268914826961329,0.2,0,2
-0.9693096083879319,0.18213946161099709,-0.16511844115934018,-0.14902728098338561,-0.96949780309000722,-0.19458900104155355,-0.19552430183875708,-0.16400983606999553,0.96688728456979978,2.1060865421579753,10.883869626189679,-1.7724717122095219,,0.1153809243933737,0.15625,0,2
0.96169423919243169,-0.13373623036222404,-0.23928813383156267,0.18410695972217248,0.96185171544566039,0.20235094483618979,0.20309804943905294,-0.23865434876143055,0.94962902447814312,5.2873014540528143,5.7347305101436943,-0.55324532456625242,0.5774516746710328,0.5677493086363727,0.4897959183673469,1,5
-0.012826057151338239,-0.94473765389179998,-0.32757633854869173,0.99644708593333031,-0.03934774065394453,0.074464489794824992,-0.083238796200595558,-0.3254574021657004,0.94188575856237922,-11.262732427354692,7.5832789689216398,-4.2084193766234739,,0.2707907725953339,0.25,0,3
0.72025685804751172,-0.65226675784607768,-0.23617395081695963,0.68473051632343074,0.72305946348408578,0.091264079908544196,0.11123928465687623,-0.2274490907325665,0.96741549123112269,0.87298258449873611,-15.102676815031529,1.0898692872268356,,0.1677608791200557,0.375,0,4
0.8744774750982377,0.4490505621415799,-0.18341956871103587,-0.4348748475133315,0.89329102387689663,0.11364424165448628,0.21487906493204051,-0.019614772527296431,0.9764436738248834,8.7961851727769673,17.280024007047267,-0.83669780271248229,0.1806825832161342,0.1356429028962979,0.25,1,4
-0.20316897541981072,-0.90538362771980208,-0.3728308652509818,0.97319979600065054,-0.22861573714894032,0.024839520771138771,-0.1077242985178254,-0.35779230202000989,0.92756678688063521,-6.3028666763339602,-9.7319297253506551,-1.202518940648065,,0.4512628901068257,0.3,0,3
0.51069351323071843,0.83903421327164618,-0.18765320275362854,-0.84377679691478291,0.53100754057142308,0.07792117070807579,0.16502379383681093,0.11854358192629921,0.97913970742268841,15.522808613918958,-1.5702780106301932,2.7375375077573141,0.1762291650076721,0.220780955406295,0.7169811320754716,1,5
0.18173369753363408,-0.8823652329034215,-0.43405582468623166,0.98117373361798055,0.13337489772665018,0.13967548501637203,-0.065352640642186502,-0.45126791645285036,0.88999230330458334,-4.3745875591698011,-13.812439873104578,-0.38166817878587422,,0.5349881487557234,0.2380952380952381,0,4
-0.17293570585696116,-0.94686347328177023,-0.27118776632535579,0.97940057108610323,-0.19446002264311649,0.054404236506472498,-0.10424856351992631,-0.25619301816876244,0.96098770774948583,20.357113404353381,0.17007926202081222,3.76931949676568,0.7453501645371159,0.6460753728662361,0.8666666666666667,1,5
0.89127732289250405,-0.38983350985011195,-0.23163455764525601,0.42831073801276753,0.8914760422753496,0.14771722225941578,0.14891153548509697,-0.23086857873478966,0.96152225868798746,-14.376684292584619,-4.8218223112093828,-3.5735863917732682,0.749414290047494,0.6506875417956559,0.8627450980392157,1,4
0.49236986469812688,-0.76939654501064758,-0.40694087145779057,0.86896398627864668,0.46124538440030077,0.17931616190444921,0.049734363249888731,-0.44190683621674909,0.89568121629128272,5.9910268812212761,-7.096769603115642,1.177850498147367,,0.181653503178147,0.3684210526315789,0,1
-0.86375127894173764,0.46791479382010015,-0.18705473490613816,-0.47975842781067857,-0.87714480449546861,0.021185912565487207,-0.15416088696922559,0.10804044460709951,0.98212101253255057,-2.9832591904423467,23.43513947863169,-3.7868699363520655,0.4616067658538539,0.3141303245961462,0.631578947368421,1,2
0.03814973953655653,0.98387662570667644,-0.17473231744968454,-0.99647472767018797,0.05053143402105692,0.066967837731264551,0.074717564788463933,0.17156153287908096,0.98233595370843585,-8.8925300905571216,19.976620441273752,-4.8452580502057643,0.2916634171462841,0.2099386963749028,0.6279069767441861,1,5
-0.72034505813098026,0.69149022368592172,-0.054261107370461033,-0.68478182623045625,-0.72143677142055573,-0.10297006995611274,-0.11034875482195679,-0.037016960829856102,0.99320335124291914,-1.3233845976046772,5.2931132680359934,-1.8445710875838313,0.4958203955466017,0.5736204682496098,0.5191256830601093,1,4
-0.97265025134742855,0.060855247595829283,-0.2241609408300983,-0.055731890616504277,-0.99802108279897861,-0.029118287330558726,-0.22548934547356,-0.015828996456038861,0.97411703503691038,-0.8120242932839451,-13.056393125506773,0.40075119273252946,,0.1171792247507058,0.2666666666666667,1,4
-0.17074858729955933,-0.91913603519768627,-0.35501249095811105,0.97997891624584244,-0.1958635829383675,0.035760041836813881,-0.1024023615393229,-0.34179877951745735,0.93417736574568522,-2.0416029042867812,6.1290079359009555,-2.1265789426047168,0.6786278919125772,0.2957374192855676,0.1523809523809524,1,5
-0.79544415079295316,0.58780419976286624,-0.14749517182068578,-0.59176097224541779,-0.80586098895625058,-0.020174692206125767,-0.1307193738373737,0.071234045368702967,0.98885699475908795,-11.487926992574087,4.8279088941984796,-3.9262525275146385,0.4791361768565632,0.7030060837283202,0.7824773413897281,1,5
-0.97103795502944901,0.14951715569534743,-0.18635962557646443,-0.13217055124885324,-0.98593039371587032,-0.10233378782125081,-0.19903827590391016,-0.074738737613393627,0.9771375982046524,1.5135451266684674,5.8518580959013109,-1.3700578095928855,,0.07154013984112986,0.14,0,2
0.85459409132699515,-0.45627216253623354,-0.24796099040675207,0.49525963743643509,0.85971206419608093,0.12495222367787635,0.15616283359147751,-0.22958850226050945,0.96067803609453772,6.5030858623702557,-15.026587969918422,2.3333515398487563,,0.1070071757451331,0.4444444444444444,0,5
-0.98112617420853765,0.010478022520775149,-0.1930845445056959,-0.0026699394665130778,-0.99916969272958145,-0.040654600648870935,-0.19335020482575929,-0.039371768752853246,0.98033951369875372,-16.179089973503672,2.1536873632691469,-4.6925949225704588,,0.4562244977242959,0.3823529411764706,0,3
-0.87898305322315884,-0.35242800843443262,-0.32122156063600621,0.42457330076630334,-0.88507553361024272,-0.19073230476494862,-0.21708593787460809,-0.30403256186711719,0.92759791768935018,4.8258956931672294,4.8033929583362278,-0.52935016896263876,,0.1879757879801364,0.4117647058823529,0,2
-0.14979631583937872,0.97044096282544046,-0.18922315247184074,-0.9882270064114772,-0.14093079212537071,0.059547423369333767,0.031119890101994115,0.19591541414944344,0.9801268810407624,-18.982212182615363,4.1193892126569978,-5.4545400809472877,,0.0815094244129545,0.4,0,1
0.96664400579764653,0.0051557910068087947,-0.25607183342682099,0.067969834189094247,0.95878492823456996,0.27588324166309541,0.24694021077132508,-0.28408604191217318,0.9264532654672275,-9.9003823527925316,29.533137222087024,-5.7648056192469976,,0.1343179125836297,0.4545454545454545,0,2
-0.90361591823656229,0.38751483525074903,-0.18251171132307858,-0.3942512346100932,-0.91900244714788737,0.0006827478392793481,-0.16746413442260175,0.072572409335639063,0.98320344236852109,-6.1900737012039038,-10.353974581671103,-1.1280888934952729,,0.08167231623555733,0.2692307692307692,0,3
0.17836386871614335,-0.92411148342091665,-0.33794126197640151,0.98369501631820133,0.15942935355648236,0.083224972786393542,-0.023031396122340082,-0.34727546333444664,0.93748029705082403,-6.666354316471736,8.494393559239386,-3.2824578019041422,,0.07290037315401401,0.2161172161172161,0,5
-0.62844260498709736,-0.73478281521076638,-0.25525302487526375,0.75716437017993643,-0.65303591314037845,0.015691165633331321,-0.17821899103925914,-0.18340749881030788,0.96674695790216802,-6.2346261324774863,13.689421320637443,-3.730021807036862,,0.1007035228052175,0.2826086956521739,0,5
-0.5086331049620727,-0.82317770233892529,-0.25233080451789669,0.84571196319965525,-0.53262739162106332,0.032853264615986054,-0.16144237311693177,-0.19668892207480915,0.96708315469530537,-2.8749190486142249,21.751941629444104,-3.6117048380791923,,0.1392868281921881,0.5454545454545454,0,2
0.29753498030203496,-0.89234971666770779,-0.33938903732992154,0.95469124706653141,0.27581247289015859,0.11176807492646879,-0.0061284803353535882,-0.35726665526085521,0.93398232251338809,2.4571414027742615,20.469172607894855,-2.3766048016041164,,0.1123515465524024,0.2666666666666667,0,3
0.97003294900025827,-0.064052414256001805,-0.23437868094568584,0.1265131997861372,0.95669741798080765,0.26215350600121434,0.20743791392543204,-0.28394953540520779,0.9361314935464099,-13.870481321121977,-1.8673433143763567,-3.7803717229770957,0.7994606520454854,0.4350011417097054,0.1320754716981132,1,2
0.090610730863837363,0.9883982910603677,-0.12189550312158993,-0.99243981614719068,0.099792520631589984,0.071446932416477579,0.082782285412111356,0.11450009194292364,0.98996809148932197,-11.509075923110636,-3.9558309981819884,-3.0430346336497101,,0.342646543858992,0.1590909090909091,0,1
0.57400416679438926,0.81723455646573939,-0.051447995305213878,-0.81299333928565842,0.57627367442394928,0.083369553453733411,0.097780605335790194,-0.0060275935634920147,0.99518974137397564,3.8996001606809898,-13.845615362596069,1.6178755086499146,0.5106349396091781,0.4443560973721031,0.8111111111111111,1,5
-0.96083429875171367,0.20163789689990202,-0.19010420530879132,-0.20502617217650659,-0.97875468080412498,-0.0018824257397964128,-0.18644494915377058,0.037167638313468726,0.98176211354749665,-11.950465628874223,6.2375986836898489,-4.2237023283573452,,0.07092509630776567,0.3464566929133858,0,5
0.26396083048304514,-0.90893405808031047,-0.32274379627245975,0.96451569703530571,0.24671325994995957,0.09403210907643085,-0.0058438123856865924,-0.33611225122943916,0.94180380357603088,2.08700530158093,-8.5099526200464268,0.46736808806231211,0.3541567507677795,0.1786776141344538,0.25,1,5
0.97855376133657479,0.026675968876892546,-0.20425701666900484,0.0076798521571698032,0.98616547923601372,0.16558583101838434,0.20584838120540822,-0.1636033014571649,0.9648110715095628,7.201459893734361,8.090716447952822,-0.44013818072684696,,0.09731020492721335,0.5,0,2
-0.83744067701951364,-0.49741873828478494,-0.22642374273973584,0.5042537935829412,-0.86300330139621051,0.030877393614974599,-0.21076343167236156,-0.088317045820237347,0.97353935477066134,-2.7851677273469737,-9.0397495599705167,-0.55469867020346009,,0.07512705361309384,0.3888888888888889,0,5
-0.78816380652526519,-0.47761738700880485,-0.3881745041994476,0.58012410394537262,-0.78715998411479027,-0.20936853495686328,-0.20555738397144499,-0.39020608790136307,0.89748836809149313,-11.721114727396806,20.602013716733417,-5.683708384065338,,0.4334911388481749,0.2142857142857143,0,1
0.9758948888539376,0.0893348916982349,-0.19911916792218817,-0.052033264963947001,0.98131318401939649,0.18524841215758261,0.21194741151038299,-0.17042215816899678,0.96230690673977282,7.499836524001017,-6.0502109436547684,1.4007392685546152,,0.1713266579845342,0.3090909090909091,0,1
-0.96394302694131284,-0.15357313859941293,-0.21732264472885804,0.14653891601023009,-0.98802888345094497,0.048221069681486761,-0.22212651103766679,0.014636139088077146,0.97490799387779614,4.2304917998670906,2.5354396688676046,-0.38793274482104578,0.1483972168613459,0.1338262153761491,0.62,1,5
0.9483936507240146,-0.2184754049307458,-0.22982162802208533,0.25453656923482532,0.95674803575652712,0.14086990806482302,0.18910478097747824,-0.19209813511945767,0.96298374248742458,3.961799345029736,-6.954681654706385,0.71571002872757183,0.2691933809239856,0.2709293564991577,0.2307692307692308,1,3
-0.041336952767195081,-0.96034460302126723,-0.27573447333231038,0.99669356679522236,-0.058955197397458414,0.055912597943968509,-0.069951341980978785,-0.27251151929368161,0.9596063159480086,-3.4345160879077654,-9.6182541954472196,-0.6012201387085051,,0.1094801602603883,0.3684210526315789,0,5
-0.50270711614017682,-0.79249100020933438,-0.3453166227815212,0.84919391569795066,-0.52745261650241804,-0.025757152139463987,-0.16172584494634398,-0.30618907872744588,0.93813271936567144,-25.311524455723845,-2.7580462046628815,-6.1716736012235787,,0.2263833084698726,0.2666666666666667,0,1
0.83106696555714343,-0.50721620105089593,-0.22816534388714391,0.53738761493388487,0.8380345281599757,0.094406996178025601,0.1433256783528766,-0.2010717658031185,0.96903451688859055,0.54299807505779552,-5.3699640581067305,-0.2947804629974321,,0.1807924739330165,0.5660377358490566,0,1
-0.17877874386630491,0.97336242089984515,-0.14354009308056651,-0.98372573067073055,-0.17417639211201294,0.044116564317485195,0.017940110309655564,0.14909118689860201,0.9886606953000826,6.9467516484218708,-9.3416683642948293,1.8212166536061181,0.1727011795363217,0.1729379058121942,0.2702702702702703,1,5
0.25806942196821719,-0.9303146390450453,-0.26060476937975868,0.96612596634592307,0.24875162091392469,0.068725892099352495,0.00088915529965659921,-0.26951308589970563,0.96299631667606678,-7.8437483189784505,-6.2204205993983033,-2.0301683758648155,0.7332285516449524,0.8973593755481828,0.5851063829787234,1,2
-0.76786840388790778,0.62468847903346025,-0.14192398836524145,-0.62849308626315969,-0.77750831670069898,-0.021846234930832851,-0.12399417256485806,0.0724232119151485,0.98963646029531915,-7.7140700099096353,2.283628688320742,-2.9204315127661471,,0.7658907871744256,0.5654952076677316,0,1
-0.26464383635996364,0.95810983536492689,-0.10949512890385903,-0.96408984462041936,-0.2602444718358643,0.052948903469736755,0.022235363195958278,0.11957574275689864,0.99257605772438406,-8.1901150872612547,-13.644857168102853,-1.2266707126548517,,0.1650059879054455,0.3888888888888889,0,5
0.18240918506509821,-0.94868702064660226,-0.25830181195756335,0.98285188245807931,0.16872116971412079,0.074399892734528558,-0.027001228721989765,-0.26744364592745995,0.96319511517684264,9.0698365097796891,6.6649591526906864,0.24523248588977242,0.2245236903842264,0.2039444355983537,0.5818181818181818,1,5
0.67369345952828907,-0.69704199996859972,-0.24549862090973334,0.73527869506110266,0.66556918010464639,0.12799573072595852,0.074177915703048075,-0.26673979225943129,0.96090973563979887,-5.1306684063084536,-11.619576767853378,-0.78017135656989767,0.268940218085313,0.2952545423915102,0.6162790697674418,1,6
0.13218287805965329,0.98598213589328854,-0.10181804578352872,-0.98700957367762598,0.14038809193137947,0.07812352470657756,0.091322440925434817,0.090168793621609719,0.99173070963858212,-21.953081519074253,-9.7562939749430679,-4.8016264315440198,,0.2076778209409964,0.3793103448275862,0,1
0.39715754579898133,-0.78271474102654559,-0.47919048195334413,0.91737200734729729,0.35357407041605343,0.18279490382670696,0.026353063399181004,-0.51219430971963387,0.85846520322043796,8.1035038972032769,-2.3572502845298482,1.00109722245462,,0.1619899237757691,0.6470588235294118,0,2
-0.4182438111879036,-0.87909734043251797,-0.2286044191337735,0.89662925099725599,-0.43983887139684036,0.050968161281854878,-0.14535508473774347,-0.18365629107881534,0.9721842757872895,-7.3341354107848327,11.446976660335695,-3.7487397977754875,0.1458159464633057,0.1323846626221976,0.7777777777777778,1,5
0.97640138934855158,0.089781641384848676,-0.19641686217955276,-0.043599919025782585,0.97271124346970261,0.22788568162254363,0.21151684079326677,-0.21394413686256633,0.95367108185315597,-16.003426100098785,-3.2357328340431875,-4.1409164112900525,,0.08434208047203479,0.2,0,1
0.28599196572854768,0.94506771647472643,-0.1582896295275506,-0.95089139106927645,0.30030993252477939,0.074963369836883217,0.11838140871378453,0.12907732451600643,0.98454298350388558,7.3192788575131722,-12.912905566303687,2.343272090219009,,0.151023662670221,0.375,0,5
0.92111079633333248,0.368612274469519,-0.12521937545197062,-0.32284888425567038,0.90302554571909199,0.28339629798853211,0.217539648829914,-0.22061245406627464,0.95079264106208439,4.7085448747872629,-1.9342708472091104,0.24574614697782382,,0.153094100817423,0.3684210526315789,0,1
-0.36304933119050836,-0.83897338491502305,-0.40536260622602188,0.92392816566501113,-0.38046461988981695,-0.040042698497792899,-0.1206313715955039,-0.38906340410828349,0.91327856635895177,-6.9654776473346605,5.4855521854365037,-3.036518294973674,,0.2371005987289811,0.3192771084337349,0,3
-0.93613383631732516,-0.27749280862890335,-0.21598884614963704,0.27661678173662374,-0.96034622772989775,0.034903852890908048,-0.21710964180220504,-0.027071461803898005,0.97577176603564442,1.26278361241478,9.4982846188198398,-1.8103180139313031,0.1477948747615304,0.1152200734506235,0.2716049382716049,1,5
-0.96760555450560615,0.083871954836005722,-0.23812808755349418,-0.078093205422308354,-0.99637916185593678,-0.033615726767834996,-0.24008528100815904,-0.013930578281163482,0.97065184120362413,-6.8660962396861898,14.750459046118134,-3.9803988885263415,,0.1218105658707227,0.4137931034482759,0,4
-0.68508236500298303,0.7118829780041791,-0.15454701158488962,-0.72152181945554794,-0.69232857037405882,0.009349582523682445,-0.1003415029360948,0.11791427509726211,0.98794119588000406,-16.6630676945373,-4.0185685672390683,-4.1843449210576695,,0.09227023341561336,0.5,0,2
-0.14519556279407902,-0.88893821759694358,-0.43440429767726796,0.98208523695259742,-0.18278819016440895,0.045793721143640873,-0.12011176422262852,-0.41997300250372011,0.89955313420794614,-2.865187455484234,-13.028745269309505,-0.10317031608481647,,0.393419159175281,0.2962962962962963,0,3
-0.48794910840376871,-0.81701435412792278,-0.30723478441885427,0.85516396662382255,-0.51799752478242911,0.019317207548880663,-0.17492929370513355,-0.25331030272811556,0.95143766623758053,5.0820233556503727,23.827946656794889,-2.0223336247610013,0.5173338778084535,0.398545641898948,0.3333333333333333,1,3
-0.91409446026144103,0.35563958449090644,-0.19481222667604881,-0.36512782914609371,-0.93085322043434482,0.01392660727064798,-0.17638873575828418,0.083861599973678397,0.98074168155914021,1.8819240506458228,12.671358696130481,-1.946552166476933,0.2230320257905206,0.1709071925661745,0.4565217391304348,1,5
0.72033589403090448,0.69317463009617064,0.025002639095408719,-0.66521145589732622,0.68016741221692834,0.30800326345850265,0.19649406788414289,-0.2384978481017489,0.95105670584733182,2.6221165812214577,-6.9260672119307198,0.39251245135286178,,0.2480500946526133,0.1052631578947368,0,1
0.51142477807072018,-0.76764890482497961,-0.38621218947144048,0.85776765092882834,0.4831049738777945,0.1756252864327203,0.051762470916234891,-0.42109944566045776,0.90553625188012277,-6.3780289362423703,27.392925456247074,-4.8208755497371012,,0.2179005143030387,0.4583333333333333,0,2
-0.94537444268836035,0.26910854487196434,-0.18397759153920212,-0.25758228370043351,-0.962565538193351,-0.084373881066443057,-0.1997962217744392,-0.032375542612269353,0.97930245277198225,1.3300111575165012,7.0313871732035738,-1.5692104705285574,0.6456074900001755,0.6117343818415282,0.5898617511520737,1,4
0.84520176312457562,-0.47469114983812949,-0.24556524973306668,0.51014725803541106,0.85354067932730038,0.10591545615462825,0.15932280040866934,-0.21479436910414035,0.96357647556958059,5.9537436716698258,4.5572576687063044,-0.27124203922439666,0.2853705406859558,0.2508422423898595,0.4925373134328358,1,5
0.78388033182582029,-0.50610452910205006,-0.3597079801714646,0.60599395809624212,0.74981527089694233,0.26560945442622308,0.13528838873862259,-0.42618688993461301,0.8944617301597485,-5.517890830989038,17.584003093913747,-3.8807317809585595,,0.2558412125941336,0.125,0,3
0.67803380308687167,-0.67718168292342218,-0.28582359976838034,0.72831315522341933,0.67141413047588883,0.13697814908157491,0.099146910189179163,-0.30104490314620558,0.94844180448229465,-7.8077037180017292,17.576143389828875,-4.4105219900425769,,0.080386371738118,0.125,0,2
-0.03611442651007004,0.99041010846586142,-0.13335503457496664,-0.99883603904038731,-0.031503699846970074,0.036525114785087347,0.031973665913694313,0.13451889809463125,0.99039504781851961,18.016163785269924,14.028354671118846,1.6162735237129398,0.2840740203638873,0.265464486107026,0.1818181818181818,1,5
0.88376831692837443,0.44413604083391095,-0.14729813042250978,-0.41536383661460241,0.88956709699663927,0.19011381636738076,0.21546796798221793,-0.10683425093737843,0.97064926600717294,-17.932810109113902,3.6076277213542212,-5.1809402364705353,,0.1887178903250789,0.2631578947368421,0,1
0.84640174443302774,0.50533466592405429,-0.16805047585815247,-0.49318572454968274,0.86285599304242744,0.11066786512430329,0.20092766887895669,-0.010789378396867508,0.97954666105943,-8.9176679242139389,25.986201359430993,-5.3399755985849957,0.3049886907707809,0.2139280000404392,0.8909090909090909,1,4
-0.15062349664921379,-0.94012051694286358,-0.30575476428053588,0.98751318924899878,-0.15752186423398823,-0.0021361993163945283,-0.046154775662271844,-0.30225862421332295,0.95210790395429135,7.3336682909955844,5.8045810621651528,-0.1285122457338278,0.1727815238759674,0.207819597910524,0.2692307692307692,1,5
-0.54491821714591393,0.82743944469684338,-0.13567646067869546,-0.83564118821155142,-0.54923595354523669,0.0066084716570183055,-0.069050280136327996,0.11697791540728454,0.99073115733788308,-15.427045195101039,-12.631327639293993,-3.047319093439091,,0.4146705170916534,0.6818181818181818,0,2
0.81098598857969484,-0.48232668076255109,-0.33115358876508533,0.56879306129016993,0.78254327645510846,0.2531807139239905,0.13702620098204601,-0.39368387508187924,0.9089757019551975,-10.888086219483091,12.757766808212983,-4.752412295638945,,0.4802391198518445,0.2363636363636364,0,1
-0.9774779641737511,0.036014007781752497,-0.2079418687956672,-0.016165258381056598,-0.9952137921451103,-0.09637526832970833,-0.21041747545347148,-0.090843267046300538,0.97338172720477045,-5.4590448815948971,7.3595625658306751,-2.9709349762855535,0.6492903089611668,0.6869545867802092,0.8167701863354038,1,5
-0.53256465270189379,-0.77349012173160903,-0.34363923273708458,0.83201032894297366,-0.55294703157362546,-0.044815095739287672,-0.15535025981541375,-0.30977832696548857,0.93803181444860773,-11.662391784365312,-8.5321207614183141,-2.5845858709802578,,0.1355344455006153,0.2333333333333333,0,3
-0.96400110160780594,-0.15973230764351229,-0.21257343670791523,0.15508246567970541,-0.98715172430510079,0.038482490046370464,-0.21598913152665494,0.0041307500946402582,0.97638702980222791,-1.8143379240449111,-8.0530763151038958,-0.4434498297262689,0.9190815556237335,0.6022883557802785,0.7676767676767676,1,1
0.35545944160910697,0.92394361349095111,-0.14133925307650844,-0.92385946778316885,0.37025463979219764,0.096928765079052293,0.141888227694696,0.096123362413273378,0.98520456253512378,2.0307427944528684,13.689478958398105,-1.9656213606563111,0.2448671010060978,0.08445011393248919,0.3191489361702128,1,4
-0.79268367829384667,0.60719903004828002,-0.054423561762940879,-0.59528231240958851,-0.79018933183503792,-0.14573876761654558,-0.13149735624273926,-0.083127358688486058,0.98782502880755463,-4.2563437709465202,11.943584727768958,-3.194702219032401,,0.319557577142295,0.2,0,5
-0.954771413244904,0.21118371820375181,-0.20931551690203798,-0.18861543987740698,-0.97435543068846031,-0.12270171363007973,-0.22986031473523499,-0.077671950236517906,0.97011922146521512,-23.806398551039223,-3.7111810671098473,-5.8144750781014611,,0.2471208155592444,0.2666666666666667,0,2
-0.60601572130097159,-0.71433344642505769,-0.34996095904338143,0.77417765754546619,-0.63073008803031749,-0.053183743857349218,-0.18273997946119841,-0.30316214039976724,0.93525334350364886,6.822933077344012,11.679756638920992,-0.85899653535807252,,0.5952902464182233,0.7272727272727273,0,5
-0.96441663556234236,-0.15670219720723022,-0.2129435945057718,0.15257785030340543,-0.98764385691283796,0.03577165776317183,-0.21591793035179788,0.002008305942875033,0.97640945000539436,-19.069881759111578,-8.5268600357657185,-4.2682628121025008,,0.6532638509806338,0.6666666666666666,0,1
-0.22618531421563234,-0.92870117044998268,-0.29386108901657659,0.96730875625330748,-0.24966758912070777,0.044495674153042591,-0.11469077429704606,-0.27419013648832469,0.95481191621369021,-12.461759365402905,-6.216345307892353,-3.0337222828115737,,0.3820711168775077,0.2272727272727273,0,3
-0.93777279323425222,0.29514958632986132,-0.18294510094271635,-0.29540997846395078,-0.95500396093050921,-0.026464678931879943,-0.18252433507222274,0.029225952445576381,0.98276686493292664,-9.3358890478250967,4.7889532546571392,-3.5099305961973508,,0.07897402028971308,0.1919191919191919,0,5
-0.17508080979091059,-0.95596093686537309,-0.23555338509653523,0.9806683415296048,-0.19056023480198933,0.044456729904310127,-0.087386005541694317,-0.2232162272320011,0.97084406674593149,-11.847148856890881,-12.700823783465561,-2.184412911861056,,0.07562774700885225,0.2727272727272727,0,2
-0.14711682040930699,0.97494537075756349,-0.16684773055409663,-0.98894932525046297,-0.14185835400510297,0.043074812659106357,0.018326844772353974,0.17134098002917914,0.98504131655648364,-1.7467894340721593,14.77902206712456,-2.8876468946498091,,0.09718975997925441,0.5106382978723404,0,5
-0.31536642371826584,0.94788152070956888,0.045438326206696106,-0.94892684012050899,-0.31453383947968544,-0.024623483122291141,-0.0090482534258012025,-0.0508830671194491,0.99866362835063771,7.1896572754025403,-1.8682543631327746,0.78975835530524374,0.5320056208624776,0.5588783414497404,0.125,1,4
0.92738582093062893,0.34966983779684557,-0.13299076536342636,-0.2990245189222604,0.90646702758811082,0.29816415777032196,0.22481075646003451,-0.2367457125920181,0.94520452355517437,-5.4892365955790305,-8.580765439632799,-1.228122466255402,,0.4082361861914684,0.3076923076923077,0,5
-0.92930204922100978,-0.31270533486585989,-0.19650209886935638,0.33337445797636389,-0.93922547801151801,-0.081957136498304814,-0.15893134392748831,-0.14167171559795022,0.97707213291390937,-16.922623815017314,28.808165842028121,-7.3725801570748226,,0.2509524230208517,0.3225806451612903,0,2
-0.46141647973857097,0.87495304605118562,-0.14680599249150358,-0.88690152835080827,-0.45908350331483816,0.051458876718936473,-0.022372108409005286,0.15394643285872459,0.98782588778357561,-5.9857831099549914,9.605631377646402,-3.3336610793620007,0.4985452407163964,0.2797142711172962,0.6338383838383839,1,4
-0.97781606413592681,0.052328689213806914,-0.20282369931270242,-0.051129096046049857,-0.99862977194832303,-0.011153211015418302,-0.20312941750332103,-0.00053559649499947462,0.97915175171224422,3.3230747281288568,6.4059977475083105,-1.1264912642165867,,0.09495528659895144,0.456140350877193,0,5
0.45781025753817295,0.88589898024466152,-0.074784790527886461,-0.87493756257942512,0.46387462952413216,0.13894095750146354,0.15777841956492658,0.0018234268061363681,0.98747285807473051,-19.78618059026423,32.01081786052292,-8.067655471882178,,0.2341733566549765,0.25,0,3
-0.80668611436676663,0.57208549701780131,-0.14824202167315001,-0.57522698806945649,-0.81760984170093221,-0.025061104331580653,-0.13554123020095751,0.065056366757390183,0.98863352363752033,-1.7564526912281055,4.0614840054699686,-1.8227901344560842,,0.07302848159210902,0.3376068376068376,0,2
0.65396646817862214,-0.71726803750284929,-0.24052945947386817,0.7508521113113602,0.65424237080256942,0.090487718425801444,0.092460615600658935,-0.23977798611099702,0.96641479290173493,-4.0134656019573276,-7.3453711838188926,-1.0638002704473555,,0.07555939294376635,0.3571428571428572,0,5
0.90541791643852254,-0.36530625424495516,-0.21626312029942521,0.38888497485695817,0.91802797056188368,0.077415254288361823,0.17025531687035966,-0.15419463633845629,0.97326108583556559,9.3934899423011071,13.417335172185314,-0.44334328553526658,0.1787285043301766,0.1095397895880246,0.3529411764705883,1,5
0.32779478934514528,-0.84810094301890659,-0.41626357819128534,0.94469941501972132,0.29875772589963873,0.13522883004992695,0.0096742617065883989,-0.43757126467092966,0.89913169057414222,-16.541930639005699,-5.5890223289225469,-4.0090076699732453,0.9819921471840284,0.5117850023980531,0.3653846153846154,1,2
-0.55620638467804839,-0.74540277849518932,-0.36743592020245675,0.81328863465857737,-0.5791354559321753,-0.056246959183751381,-0.17086852951483431,-0.33011637568270219,0.9283464461759714,11.303599189274012,2.6787844976159545,1.2582799493165311,,0.08864509430403281,0.3333333333333333,0,1
0.53775593183155701,-0.78890254247377123,-0.29740769367720099,0.839882843676378,0.53205614707835003,0.10729895271726025,0.073589175005930166,-0.30748826779986138,0.9487020599152225,-9.9998954138387219,6.9930568706592116,-3.8562091523795647,0.4435350497073646,0.36549994069213,0.2892156862745098,1,6
-0.92920753289912006,-0.21791165808365284,-0.29847591205114427,0.29861423898194189,-0.91855205923611616,-0.25902056047797678,-0.21772206383544351,-0.32981301330348184,0.9185970167461418,-21.132380831868172,-2.8499527839780696,-5.3087577695687047,,0.5292859521895283,0.3888888888888889,0,1
0.27078851003575755,0.96225785502424599,0.027081419400618405,-0.95459988206538682,0.26479274369541822,0.13646929342164527,0.12414768621833074,-0.062806236397273563,0.9902740674561995,-16.149932918812731,20.121960984571704,-6.6038811158956241,,0.3675705933849905,0.40625,0,2
