axis_00,axis_01,axis_02,axis_10,axis_11,axis_12,axis_20,axis_21,axis_22,location_x,location_y,location_z,dbh,dbh_approximation,score,reconstructed,number_clusters
-0.1111397986001621,-0.97324348818693363,-0.20110956682576289,0.9884457281631055,-0.12924062870769143,0.079195343091294029,-0.10306787881402506,-0.18998413774042092,0.97636214580646552,-22.556534744754675,2.4510114920119244,-4.5714546583109499,,0.08171926207583965,0.2978723404255319,0,4
0.60514276493388319,0.78938068408113271,-0.10334587387882962,-0.77269446482969872,0.61362574926340474,0.16250139649390849,0.19169115282067906,-0.018481759670781129,0.98128126777685465,1.8770794986336621,16.592684415936748,-2.850967510428998,,0.1817134187360271,0.4117647058823529,0,4
-0.51426473295685671,0.85499648175319887,-0.06717738180716562,-0.8565808280334799,-0.51593263600426253,-0.0090994588394664178,-0.042439008969237628,0.052863326563373135,0.99769955358432616,-4.1562796643308539,13.086034834959738,-3.3085266158160191,0.5325383062133379,0.2225891028576753,0.4776119402985075,1,5
-0.15005184641048561,-0.9594398374515728,-0.23866219160081023,0.98291616238463086,-0.17078934583294555,0.068606246603509752,-0.10658452566799355,-0.2242904314964245,0.96867617975630749,5.616914212523036,-9.06687451982698,0.41801024852180274,,0.07456919442317343,0.2142857142857143,0,5
-0.62911013292059603,0.7753184172643881,-0.05569373849253869,-0.7764840888910971,-0.63013587640586299,-0.0011121893622568319,-0.035956923611358133,0.042545612192795741,0.99844727979375425,2.2956259709201103,19.898484068500302,-3.200116593974065,0.3241950062552978,0.3000878027168913,0.5135135135135135,1,5
-0.60056842818691547,-0.76882730097988261,-0.2195954105465015,0.78199849343681804,-0.62204768581244407,0.039179495120895913,-0.16672108243303785,-0.14819331241109046,0.9748039920050513,-14.707571587848275,-8.3120166897126353,-2.3227622072972727,,0.1223866712430888,0.2972972972972973,0,2
-0.32627134828856114,-0.91145250545506895,-0.25060195048251871,0.93318156681941711,-0.35284461196478634,0.0683581974299836,-0.15072879829157376,-0.21155379955722242,0.96567376440414932,-4.4866310246549919,4.98403668974544,-2.3399874918198971,0.5711236954641656,0.2694817333593696,0.456,1,5
0.5707612770533772,-0.79686109960079099,-0.19810086461047383,0.82080004706801157,0.56038102740581985,0.11072663119930834,0.022778220947826496,-0.22579967242362634,0.97390741889762567,-11.716059353375758,9.1094240407873368,-3.7268771552031525,,0.07799801386173025,0.2637362637362637,0,5
-0.32060631044554772,0.94638860072979247,0.039499495075238221,-0.94687609377054593,-0.32132500836498568,0.013262806832406847,0.025243944785334638,-0.033148988038060365,0.99913156683378157,-17.282550404658426,20.618787081864234,-5.6671413388702625,0.4009629277548516,0.301757179939973,0.7115384615384616,1,5
0.79381536829033783,-0.58106186709466545,-0.17951119094512338,0.60312784160794985,0.79006061851433007,0.10973160779870353,0.078063869641534098,-0.19537483379702369,0.97761685059913628,-13.719269435260397,7.9997086268025317,-3.8336659768265138,0.5045080049323377,0.508123750459762,0.9121338912133892,1,5
-0.26172997537434706,0.95823763121758243,-0.11523047387328382,-0.96439308688238079,-0.25495666553615548,0.070306988786022012,0.037992025005475279,0.12952891884518578,0.99084754892908788,-1.8059291660318419,4.8313133404131232,-2.0362143261987109,0.7043434450801813,0.5995695161806893,0.8491484184914841,1,5
0.9535292729006043,-0.24655591368922017,-0.17318229455264744,0.27059726654205507,0.95355360803025702,0.13233531634619336,0.13251054698254802,-0.17304825349408456,0.97595863483092038,-9.4283343447419963,-8.5436940536500945,-1.6710591686544145,,0.0892664395307286,0.2272727272727273,0,4
0.41457242153079998,-0.88668551430782783,-0.20474009383301647,0.9099976430169463,0.40249387485536858,0.099513669450547168,-0.0058306954723149748,-0.22756862573864237,0.9737445884674969,-24.965169226270262,2.9176854623677717,-4.9440841099784301,,0.08425339629035296,0.25,0,3
0.2430505621218286,0.96397418114735267,-0.10807498477240611,-0.96526236341773564,0.25136821774233625,0.071292277830417555,0.095890531448476132,0.086993087026119978,0.9915831829898063,21.707184009736746,-17.951366233430274,3.3628308533106925,1.028092873062054,0.7395938212543486,0.3,1,5
-0.87036437381207776,0.48698483566137729,-0.072880907201895051,-0.48093816585870741,-0.87248732613368007,-0.086396448749720411,-0.10566142824688754,-0.040145181179839617,0.99359147893330146,-0.6579666912496609,-3.8459818695058408,-0.94671527485392704,0.7889751301005928,0.6417147918200765,0.7293447293447294,1,4
0.9230839865187499,-0.32722066215386769,-0.20209550240477084,0.3651891997690212,0.91055745332027316,0.1937058919469398,0.12063499577118617,-0.25260990175066805,0.9600184557250987,-14.176773719614067,-6.3988907723148571,-2.4351795679813582,,0.1756196973716083,0.4259259259259259,0,1
0.92905496333842674,0.34450081302672653,-0.13481863713952758,-0.32951297222579751,0.93627158302441982,0.12172396623453982,0.1681608641484571,-0.068663765152161202,0.98336524807620351,-11.991741160206177,5.0667825863641909,-3.2757275118365565,0.3081117920007266,0.2862178114635829,0.8801452784503632,1,4
-0.53787340119232641,0.84096469211629998,-0.058911721274611785,-0.84300840218142781,-0.53699419626945744,0.031210046850917602,-0.005388704975793324,0.066450130072543065,0.99777519615995036,6.5284363410616262,-8.654681074021191,0.48918994852212122,,0.1197434149009452,0.5294117647058824,0,5
0.51421155428269638,-0.81351957314160628,-0.27161071694186217,0.85757107629269513,0.49233878284617771,0.1489106175251855,0.01258278778179224,-0.30949705494728519,0.95081714668520512,-11.430707421783971,11.691691136081232,-3.9857650951959092,,0.101093101398809,0.1935483870967742,0,2
-0.71828139348739584,-0.64997027030754484,-0.24821459966356024,0.67546830343005626,-0.73697026007136923,-0.024847672560188924,-0.16677652961710554,-0.18550871539276678,0.96838634112744448,0.71370942106078017,3.2268774590250575,-1.4993070625861198,,0.07097925116521583,0.4035087719298245,0,5
0.70668170833010679,0.70303598877644824,-0.079632666643576211,-0.67589270927073941,0.70407175468384908,0.21783482231054696,0.20921283102693375,-0.10011674556002195,0.97273152955590381,-8.0915486868257087,10.34609031458735,-3.4889195265771797,0.7375421647848968,0.7164446591880557,0.8055555555555556,1,5
0.98229888320641501,-0.094886519163707536,-0.16150991465673575,0.12463661967921649,0.97472952339000163,0.18538627043780329,0.13983782423353508,-0.20223477622035085,0.96930205725601115,10.192872284241812,-1.2512453435896218,0.18780960389424287,0.4278822244457666,0.20786009357368,0.4117647058823529,1,5
0.52401285872791559,-0.82724416117715793,-0.20267614977125095,0.85165041118205398,0.51174742044483701,0.11316428235752282,0.010104504997065137,-0.23190876539354002,0.97268505874841538,7.6547603983487287,-7.5626078457147257,0.50804595331463531,0.3221377348605461,0.244431750277237,0.2258064516129032,1,5
-0.10165229432216522,-0.93804215003221969,-0.33127592098124392,0.98939829781396282,-0.13004692813036509,0.064643675380413421,-0.10371990812699622,-0.3211926544097593,0.94131687513362916,-5.8511793388999918,-20.158495858637622,-0.035542921633618094,,0.2783906465387713,0.4482758620689655,0,3
0.23200629405494572,-0.88404156983765037,-0.40576296321605482,0.97172768555740752,0.19185951130556617,0.13760535252246842,-0.043799368033495496,-0.42621641301171481,0.90356028279207445,1.7332429271927055,-12.973176255123608,0.242981579036288,,0.3011690237668757,0.1875,0,1
0.6272517338937379,-0.70824293568140073,-0.32395556236109113,0.77766730043055832,0.59215977636818962,0.21114063818370502,0.042294587932103306,-0.38436797903697262,0.92221061830944351,5.4486716630575023,3.9221129020271945,-0.9095185813423311,0.3517886448554294,0.4278971354562675,0.3452380952380952,1,5
-0.18463633254548062,-0.94372125533794948,-0.27440775668249595,0.97862402018804528,-0.20227154587254711,0.037165156280012615,-0.090578429082990783,-0.26167998386138597,0.96089496524394491,16.809554222192215,16.05824495096963,-0.67247668283055451,0.3584259025940943,0.332054206617139,0.88,1,6
0.9036482470149807,0.41751481148057196,-0.095400355665458569,-0.38657905319242514,0.89104829020172494,0.23788564513528496,0.18432710408293609,-0.17808516704915434,0.9665967059624575,-12.745804795050557,-22.791154764357668,-0.67277801663396142,,0.244376450205886,0.4482758620689655,0,4
0.44278594712687702,-0.87166639182156547,-0.21009118590680737,0.89662725849248748,0.43056525265030421,0.10331080552597595,0.00040540745055967848,-0.23411805692631604,0.97220809041369627,16.46854562792139,-4.658954611842093,1.3832111491948731,0.472846267599193,0.3747659439061151,0.9150943396226415,1,6
0.97337133743033999,-0.13905530003922459,-0.18224122201103049,0.17782079546199936,0.95973590097106665,0.21745520248666539,0.14466514497395097,-0.24407094033959909,0.95890634157430099,-7.639176619266185,-18.383835814149528,-0.49903154853734577,,0.1435600627406542,0.15,0,1
-0.95630375783310051,-0.19463433408755804,-0.2181756144682169,0.2276839603111446,-0.96389349834360383,-0.13809177407782658,-0.18342065579242778,-0.18173277042190619,0.96609009061445927,2.2372059036412804,-5.1811244668571712,-0.41146494614253082,0.7723343601201715,0.5171438359744671,0.2741935483870968,1,3
0.88556234369087405,-0.42680452726852663,-0.18335002301558687,0.45154371348855493,0.88357434160716775,0.12411550129788462,0.10903031801151646,-0.19270256447839251,0.97518106595532217,2.8275795352323696,-11.842947283825522,0.27281090061024466,,0.09829200863168648,0.3666666666666666,1,5
0.0069124860922829484,-0.95911018610579701,-0.28294852613881288,0.99656498955473183,-0.016744173797661403,0.081103971774561162,-0.082525384760079118,-0.28253722507297363,0.95569988872985823,-12.973175678155851,11.17137189814706,-4.1561097622556069,,0.08929857978335248,0.4358974358974359,0,4
0.43865849802701057,0.89860562146945366,-0.0093090908356843749,-0.88567262186826579,0.43405315463349592,0.16486923856712643,0.15219306482780673,-0.0640764856730619,0.98627150166782729,13.627213686424072,-5.4047294815858278,1.1064731031116397,,0.1598779008837066,0.3658536585365854,0,9
0.29702123956199877,-0.90939016718220556,-0.29118363120439317,0.95427740322484678,0.27194853545521047,0.12409122353418271,-0.033660376461029935,-0.31472768848019755,0.94858497835482025,2.6110953215320754,14.397527374620049,-2.5408317302152095,0.5357151746683706,0.504242217617463,0.896551724137931,1,5
0.94083957882112967,0.3124704421981388,-0.13108436091379555,-0.29419260513502454,0.94520100458879641,0.14158309223984245,0.16814160106156351,-0.094642927241437233,0.98120900847659598,19.067830591236529,11.142356838158687,0.0675925906901641,0.4039281889977419,0.3048101612804402,0.4545454545454545,1,5
-0.69447783354355797,0.71932483820986182,-0.016501995364313158,-0.7157254799687276,-0.69298983153293736,-0.08661484119645152,-0.07373992161768303,-0.048341188714266077,0.99610519195188951,7.6337222085751728,6.5249283024943878,-0.91832211969337219,0.3940830453298612,0.4406212584419686,0.2941176470588235,1,5
-0.73586498161269787,-0.61088200223605593,-0.29210598792255127,0.64517631237250694,-0.76349809073360952,-0.028604045160501596,-0.2055486676910252,-0.20950857927588121,0.95595810599641029,-7.3858807247937115,-16.861793167300597,-0.57253425072438691,,0.3307083536792853,0.4583333333333333,0,4
0.80942837005016222,-0.55671585658890521,-0.18679713268790071,0.58127797084764377,0.8047534768557274,0.12036511993042083,0.083316471151778287,-0.20600800108515371,0.97499695852023827,-8.7924751982440448,1.9856948255457452,-2.5408073813721739,0.224151892241374,0.1866234369337634,0.7473958333333334,1,5
-0.84287496978584953,-0.48892715422086108,-0.22474880016140814,0.50694368232461506,-0.86155864573068952,-0.026922164063419712,-0.18047129483566546,-0.13662700257338795,0.9740447494382114,-11.374241142212622,-11.852648168213291,-1.5932019986027062,0.3357722096561987,0.1042982923682614,0.2857142857142857,1,5
-0.68047603643627841,0.72497332297432659,-0.10661165420130062,-0.73085683504558063,-0.68198489994235201,0.027292543263281503,-0.052921172541160917,0.096489777832599891,0.99392608994365661,-2.3407347498324089,11.217214845214681,-2.8334777401824742,,0.1088179156926745,0.34,0,5
0.92769119155063073,0.36577860533153006,-0.074800167119413702,-0.327247814786084,0.89309502882269221,0.30869100603990202,0.17971622307711735,-0.26189173597865756,0.94821664074671286,6.3123973438471213,-10.236920618197832,0.63825901924810879,,0.2227000296218654,0.1666666666666667,0,1
-0.61719029774913636,0.77874700595575086,-0.11237987844488802,-0.78352604107736357,-0.62135349702824128,-0.0026028223929941345,-0.071854570612918611,0.086446124526958296,0.99366190841568613,-0.063045517992801503,-12.431002080787595,-0.026734933005091107,,0.1504333763400472,0.3783783783783784,0,4
-0.97661578779197111,0.16792020526904561,-0.13425500995445822,-0.15600159052993023,-0.98318573710501289,-0.094917385685689276,-0.14793615781005692,-0.071753822307076554,0.98639053229272444,1.4159467393332577,11.583085474891423,-2.390129937302965,,0.09461016444966708,0.1538461538461539,0,5
-0.7085993583654876,-0.67908106255093381,-0.19166601109407516,0.68489918033204067,-0.72726923198877202,0.044638290547014188,-0.16970581046186328,-0.099641229855697483,0.98044457426635068,-7.2143727711921981,-11.719623097412917,-1.0768793675844268,0.2256189778037052,0.2185050351204996,0.676923076923077,1,5
-0.84042529623914819,-0.49379457669968979,-0.22327614620311428,0.5221905527799201,-0.84806875848560548,-0.089980039275855656,-0.14492186870428317,-0.19221419537239573,0.97059330054796922,-13.022124785225461,10.241989784516809,-4.0669534805867436,,0.2207602651701224,0.119047619047619,0,2
-0.13431731973868977,-0.97201162663464902,-0.19274920312488972,0.9857335058649479,-0.15096986685779792,0.074414747974698589,-0.10143132175720544,-0.18000415825198093,0.97842229634170885,-26.606276020162213,4.2643746283448616,-5.3321789306850791,,0.1309363875994036,0.3703703703703703,0,3
0.98029009603042561,-0.09506923731453118,-0.17318535660122264,0.12677524795689962,0.97502503022709797,0.18235741535817127,0.1515234771582474,-0.200718784738946,0.96785980664701354,-7.3767353047894249,-9.9822396719972435,-1.2658378270030182,0.1796817089919306,0.163488647140477,0.2587412587412588,1,5
0.57607857902855997,-0.78544777612268657,-0.22628579665626844,0.81698173691165998,0.56207883548260917,0.12887289961555468,0.025967524665290273,-0.25911228007649584,0.96549806523696224,-1.6315590720654574,-2.5433369535482853,-1.2136900541966724,,0.09615541849138434,0.37890625,0,5
0.32305489526699532,0.93842370384350415,0.12246014334742801,-0.93712845187834914,0.29915797200441291,0.17970746357983297,0.13200681544572213,-0.17281626037745604,0.97606800010298056,25.780303111819602,-10.041163040656601,3.182170832468286,,0.2899553481419311,0.3157894736842105,0,5
0.57525083580400616,0.81401835602101236,-0.080377807681230304,-0.80305266032434608,0.58070709412637223,0.13373741278077084,0.15554067202112229,-0.012384946190953046,0.98775184760903612,-4.9429282863754072,15.595131757049126,-3.7947484077136844,0.5896579752036452,0.5457738672269449,0.7391304347826086,1,4
-0.97572376794255411,-0.10634702042941706,-0.19145088121440074,0.13998101514064748,-0.97514740823188784,-0.17173481772437774,-0.16842934445095734,-0.19436523213892087,0.96636106733632643,-1.8114545526379646,1.5146913843570888,-1.6268141733126227,,0.1092802084934596,0.3177570093457944,0,5
-0.6552993154411757,-0.71728873612805277,-0.23681147819763446,0.73766364091269598,-0.67515786597003857,0.0037694686905434161,-0.1625889296900393,-0.17221708696469454,0.97154830806277637,20.946671790089511,-10.568288982297409,2.5102665743973578,0.3910881615665106,0.2865585621217289,0.4444444444444444,1,5
-0.055844819381116885,0.99401841636465171,-0.093854909707484224,-0.99544799957961605,-0.048159773062787098,0.082243032479840592,0.077231057750296969,0.09802052941323279,0.9921831179436178,2.7024099174866416,13.348294028462787,-2.4073530922064079,,0.238904804502743,0.4,0,5
0.48846659451784535,-0.82210108558830686,-0.29248964274768191,0.87255197167980503,0.46299948067478264,0.15583496915829215,0.0073104553772771474,-0.33133259116695613,0.94348570273892718,-15.324262174821214,-5.0231208150812288,-2.7296503780376771,,0.07850406280286439,0.1864406779661017,0,2
0.87253393476990615,-0.4070446438289122,-0.27018362386558614,0.47759933929261206,0.82711530270658107,0.29627545820715823,0.10287567147876485,-0.38754991157113605,0.91609042253425998,-3.4758088074261635,-14.300845957876161,-0.37186898661026896,,0.5572524961356223,0.1875,0,1
0.97671949185967166,-0.088541374747175147,-0.19539564780021235,0.13789338568293255,0.95687488091473571,0.25568706744633596,0.16433030276331367,-0.27667831001415605,0.94680761739723407,-2.0058329977812286,-13.647235315241449,-0.1872076525244562,,0.2783659365398444,0.2727272727272727,0,5
0.37281542184404759,0.92100007018989671,-0.11299350399669342,-0.9175214392552562,0.38406665395168954,0.10318533727868164,0.1384307398745209,0.065204877367868799,0.98822328156405703,-13.66996967394828,-1.9477605779277027,-2.7921274826796001,,0.09373944687306213,0.4464285714285715,0,1
-0.043147528690271116,0.98920158814666415,-0.1400660871733076,-0.99611030589720451,-0.031813809248050107,0.082171406380241424,0.076828049912127383,0.14306676605433935,0.98672658381005063,-24.798921793378408,25.136637059536866,-7.1608782957653778,,0.3160257681351625,0.7307692307692307,0,1
0.58935469253197981,-0.78429577744605683,-0.19375546410571601,0.80746088730927257,0.57953351947140574,0.11021712786498948,0.025844958043257902,-0.22140694047245019,0.97483896354955524,3.3651210117732653,-14.152084669714672,0.620146021685413,,0.1015855388186752,0.3870967741935484,0,4
0.97173246137393055,0.17971386647128917,-0.1530978435841033,-0.16073823775680052,0.97859664242451261,0.1284983671425767,0.17291397408827644,-0.100257357003912,0.97982101423249179,-17.012066914480048,21.669437253852248,-5.7477114145806816,,0.1217792244229146,0.2,0,1
-0.67442112698195056,0.73061431067937999,-0.10657801138552049,-0.73679076184817549,-0.67531820842617463,0.032934641689982357,-0.047911551170695385,0.1007375123703058,0.99375874178085166,-11.972717451930542,-10.238642608615976,-1.7942080547221717,0.4777724245200328,0.3488378531854871,0.8497652582159625,1,5
0.7928699337695666,-0.57826686862821564,-0.19226205234305355,0.60558799277730135,0.78287168707879662,0.14274139054373358,0.067973900345676269,-0.22960694723225997,0.97090689494641025,10.354558804638813,2.1161949113141851,-0.088105701128189107,0.821485491625167,0.5911135864510279,0.8926174496644296,1,6
0.82176538210644245,0.56229125062762375,-0.092359115625248331,-0.51949163532070375,0.80587492176084752,0.28406698384143614,0.23415827468461595,-0.18545662550734793,0.95434571432586912,18.686000302687248,21.650473928253177,-0.77797251734371742,,0.2322423742007263,0.1111111111111111,0,4
0.41028965191041106,-0.86622546977060755,-0.28515931872538325,0.91189328760150756,0.38604389253574706,0.13935833331079597,-0.010631724345004451,-0.31721215070759723,0.94829500572391123,6.2249660233052984,-10.996375923008232,0.70009667770387274,0.4064585146819462,0.2008579647710114,0.21875,1,5
0.77789615543361956,-0.59142653065268502,-0.21234931175240931,0.6238332680044254,0.76745695977170647,0.14778994765844697,0.075562061198141253,-0.24743579720423797,0.96595336386876895,-8.3060397616038237,-3.8750923219338809,-1.906919007291636,,0.09734574490707872,0.2631578947368421,0,4
0.87582870301672544,0.46098867011913841,-0.1428759216727232,-0.44694226371885609,0.88643396350196579,0.12032223922475793,0.18211725858332645,-0.041524382860962925,0.98239962833569439,-5.4714621920014537,5.8061820930695713,-2.5517431495908025,0.3339530478459079,0.2798443620984554,0.8788870703764321,1,5
-0.95822258833053897,-0.21150033440871877,-0.19255409566696441,0.2203485411072135,-0.97508762866104726,-0.025507584442613376,-0.18236225389330155,-0.066870957651095242,0.98095478151532545,0.37238665809711541,18.787843387725669,-3.3940665505895917,0.300658639592728,0.2638784415761917,0.7777777777777778,1,5
-0.53599114141174975,-0.80454836477221592,-0.25576439367215431,0.82376588786489313,-0.5647139459733731,0.050079149487060153,-0.18472481781908695,-0.18384800234306919,0.96544117051023315,-24.222494781532287,5.3831299721034975,-5.0422033330031741,0.5980159079050364,0.4045884861987195,1,1,7
-0.77533368656964385,-0.6039311155907453,-0.18472921288102903,0.60599916531908726,-0.79378678108133194,0.051648405716995624,-0.17782768654766876,-0.071901000005952717,0.98143138328425628,-5.2189456082379841,9.7508500365441773,-3.0940033119323327,,0.08205835035988263,0.3513513513513514,0,5
0.38641336613420318,0.92226511149824797,-0.01057235006790707,-0.91542856458139565,0.38489777820554433,0.11766156331138981,0.11258442885798577,-0.035787769496850669,0.99299747327632237,-1.7043232869214864,-4.4897109596587033,-1.005465600437756,,0.07572505538902699,0.2234042553191489,0,5
0.63018609312841911,0.77492361442967261,-0.048568300637267754,-0.76182862385251127,0.62919252615271859,0.15405814782915192,0.14994210851701445,-0.060084580657708844,0.9868673706535539,10.835898189786118,1.3012675179401707,0.038877415854058836,,0.1633618413418415,0.3043478260869565,0,3
0.83127548963819831,-0.4796264161526666,-0.28096185017778241,0.54375738529064044,0.80655431219090623,0.2319440609891511,0.11536449310190375,-0.34558449388652046,0.93126923674979045,-32.40088746836404,1.873329489613343,-6.0045428892524422,,0.2521305194354487,0.2666666666666667,0,3
-0.48936323058238118,-0.83522326151722026,-0.25085001888481834,0.85336073006001789,-0.51789933230291063,0.059630076233664668,-0.17971948404502178,-0.18488478850553805,0.96618762258365443,-2.8141685941929238,19.011051987314612,-3.9315624567457905,0.6479322507430809,0.384090703971104,0.75,1,5
0.48802989032183863,0.87235191549562741,0.028791694697690252,-0.85941818720592367,0.47451123493839592,0.19036666571887609,0.15240474287940708,-0.11764872905539256,0.98129076776433233,-12.745495614584961,8.5677292597006502,-3.810920071210719,0.3102985670430876,0.08091821305962023,0.1875,1,4
-0.9862727542925781,0.036102461631841956,-0.16112934681259541,-0.048805826671358292,-0.99594381410296196,0.07559041230850487,-0.15774677626835237,0.082416815117825407,0.98403425914079645,-3.5355985308457787,2.759859210500367,-2.0018592506530557,0.3251542932390304,0.2860674761317165,0.9266247379454927,1,5
0.87577721330062097,-0.44591584353849012,-0.1848603071098732,0.47139450073243438,0.87249137110062458,0.12863138044105371,0.10393025229748294,-0.19979456408098117,0.97431033804485145,-17.934449802794962,-5.9352876008185858,-2.9938564435733346,,0.06050143425712215,0.2727272727272727,0,1
-0.44713600736663511,0.88562925487536637,0.12542014919911576,-0.89446408582429793,-0.44300629693600013,-0.060658223231107547,0.0018412188156314297,-0.13930629484684562,0.99024762869158978,-15.216951181217848,-16.557933494629612,-1.5688635991678186,,0.4647218949031584,0.4571428571428571,0,2
0.55480749872419066,0.83181739615380201,-0.016384712854249677,-0.81653002556734655,0.54817738644564162,0.18105322514833422,0.15958495137824036,-0.087071076974700901,0.98333680437989812,2.523981133841656,4.5826169451302947,-1.4031945230859049,,0.1214710814410294,0.4054054054054054,0,5
-0.99782336214365641,0.043224019916070784,-0.049801827904459701,-0.039970940097167229,-0.99711288917829333,-0.064561677350148408,-0.052448659735773791,-0.062430524079260502,0.99667024022748352,-6.4357052831123784,-13.106294759091009,-0.8554340500763159,,0.2749863052576299,0.5,0,2
-0.45967997467703042,-0.78902640104391131,-0.40759251629123322,0.87830719573122396,-0.47182645911247123,-0.077176825589950079,-0.13141838078320278,-0.393468081217628,0.9098967404355508,-29.782843739088012,24.388944701052786,-7.7805434708756964,,0.3660357220617574,0.375,0,2
-0.83334917783932305,0.55268328186558846,0.0083867598515245737,-0.54870266635827558,-0.82532456893607875,-0.13328443210590651,-0.066742278398653737,-0.11567430940687624,0.99104234138476577,26.306632168573525,0.11363555063134953,2.2655369636501819,,0.3606230562029164,0.25,0,4
-0.32240542237220809,0.94391253499309524,-0.071301261615110995,-0.94620259308902277,-0.31916697198087196,0.053226843116696475,0.027484476647849795,0.0846260614673148,0.99603365066845173,-7.3392620319731208,2.9390530407746658,-2.4976297704816797,,0.07120179853419847,0.2113821138211382,0,5
0.54264433190235795,-0.76902296707057038,-0.33784731044100613,0.83980242137114269,0.5045742764656963,0.20034144001749865,0.016401893592204786,-0.39243913623273691,0.91963172098372836,-26.547793983924091,19.594982769475084,-6.8871758610583935,,0.3069190673650009,0.2608695652173913,0,2
-0.12840557512813847,-0.96873335364615465,-0.21229153965593309,0.98597405915402758,-0.14771546269962119,0.077687172395230195,-0.10661689805720945,-0.19933848502713028,0.97411344587565707,-16.252730214005251,4.2648811324036116,-3.7627853921472108,0.5674048801081817,0.4757356344622438,0.9525316455696202,1,5
0.66848162509432629,-0.72086326321457028,-0.18299855917162261,0.74219849815229,0.66237218129254938,0.10200236659134097,0.047683395975258488,-0.20400796356365816,0.97780726349873026,-16.305289136592375,8.3101728923116642,-4.2805199996771472,,0.1083176984665219,0.4415584415584415,0,5
0.97409081165428602,0.17245244077198404,-0.14631215370734066,-0.14670463115670379,0.97419296504161879,0.17153955246704702,0.1721186853536554,-0.1456304313500604,0.9742519877408129,-19.276188852477539,-4.8562101028127209,-3.2973689142640294,,0.6333586765350895,0.2857142857142857,0,1
-0.96963261943639723,-0.17714968896042729,-0.16861367390024284,0.17446613631673596,-0.98418385021302546,0.030719965146086072,-0.17138888704820873,0.00036970405804880014,0.98520338647169081,-8.3219209037223347,2.9089207599090754,-2.6116347651219467,0.1599728588494275,0.1398191965650078,0.6427255985267035,1,5
-0.54799541696862719,-0.8077422238183859,-0.21737875434896883,0.82137244775611207,-0.56877909010432703,0.042867805253199547,-0.15826662645205145,-0.1550575587355302,0.97514554217842997,-15.774121414685169,7.4712597311530358,-4.0654120683803914,,0.09232375051423067,0.2233009708737864,0,5
-0.98292594509164011,0.11726125775620251,-0.14179698126243187,-0.11806711221000012,-0.99300182021381089,-0.0027462822956302066,-0.14112669301055789,0.014042167976830075,0.98989195068876701,-10.202613886950399,-4.5142670962263223,-2.103159515935785,,0.1256392825479194,0.3942307692307692,0,4
-0.84486059079966591,-0.49720121984340521,-0.19748804799245531,0.50277236207467002,-0.86407072116832107,0.024530404674898601,-0.18284018717857684,-0.078566760184492865,0.97999833170603701,2.4905912660351004,-13.417188762661398,0.40876881402976756,,0.1015997530060171,0.2727272727272727,0,4
0.57516618947465825,0.81473804096723401,-0.073387867431031414,-0.80199898957017779,0.57929339552884163,0.14565981815544549,0.161187701806354,-0.024921607041641761,0.98660906051426822,-0.40254907515525878,5.6806931087699448,-1.8940936266037671,0.4625162499795619,0.4138153333629333,0.8860103626943006,1,5
-0.98509824770145482,-0.029994848515525811,-0.16935687596922519,0.034945286203349558,-0.99904243761972145,-0.026325554258396135,-0.1684050751838877,-0.031851481870965308,0.98520313324457798,7.4542927152092657,-0.33784809471209115,-0.23562863415197136,,0.1202733973840416,0.3421052631578947,0,5
0.98190227352979631,0.12845589960765211,-0.13916539473952039,-0.08779073240622777,0.95981866680075834,0.26653501489371412,0.16781153875879876,-0.24949390516965164,0.95372536861645918,-15.868905435545463,11.065729634537654,-4.5155964279795757,,0.09721970610635118,0.2307692307692308,0,5
0.85831339550076746,0.49887453803235038,-0.1200929240503066,-0.48334175247242356,0.86461506661542842,0.13719160651615733,0.17227555085046145,-0.059707469253075282,0.98323758710423759,-28.973356511336085,0.66293809762279954,-5.3067685153463033,,0.1070728263409647,0.3333333333333333,0,3
0.6477955386765093,-0.73590793749649819,-0.19697829220617538,0.76035291041529895,0.64057378463202574,0.10737168185879421,0.047163457186627518,-0.21932791425592113,0.97451058195093587,-7.4609071734372368,1.941679823023492,-2.3789378321545063,,0.07364434863033141,0.2909604519774011,0,5
-0.984814488714988,-0.064364983296155878,-0.16123762508274389,0.064308406785718961,-0.99791449945410771,0.0055749973936962717,-0.1612601985417369,-0.004878596575123976,0.98689986708973521,0.42626960490777127,-2.8759180727759923,-0.91967532895639503,,0.07015311888099478,0.2868852459016393,0,5
-0.95828861268840293,-0.19934389302046177,-0.20480465597047293,0.22508127338697803,-0.96799956729605274,-0.11097413250461165,-0.1761288027615969,-0.15244294024355937,0.97249153971007141,-14.098134944864512,-12.350034409199392,-1.8762708815946672,,0.6451352469628284,0.5588235294117647,0,1
-0.40471170676594659,0.91091420964117698,0.080272891316969616,-0.91441907561857105,-0.40379063462790282,-0.028122544900391597,0.0067962159672570917,-0.084784586220532698,0.99637612646426876,13.675953149759785,20.966178212480859,-1.5953873428107077,,0.4881175794212353,0.4615384615384616,0,6
0.23305934404395753,0.96606094457833291,-0.11139835507861566,-0.96435079630093312,0.24435889848081838,0.10156904256217986,0.12534306453712193,0.083755477991962715,0.98857176577058969,-13.811377324511705,20.181661002113856,-5.2350539862961023,,0.1189035013954145,0.25,0,3
-0.017272289882807077,0.9997425045772228,0.0147170834021264,-0.9968261306664874,-0.018362225377732959,0.077462854967102757,0.077713147038846242,-0.013332412416295882,0.99688661018015434,-5.2869763173962472,11.304838663979391,-3.2361718613276671,,0.2463705236418428,0.2051282051282051,0,3
-0.5342577780021901,-0.82477276020094625,-0.18525258614841622,0.83158918060054088,-0.55214372801405842,0.059972813197801227,-0.1517499962183983,-0.1220131043996949,0.98085918510378722,-4.4091542625860187,-7.7233759793802728,-1.0877076816244069,0.2101826162494902,0.1715037352717847,0.4113924050632912,1,5
-0.40319691602834695,0.91495174286554171,0.017191716974691573,-0.91492629575682183,-0.40342312174742662,0.012635591488362899,0.018496492584542893,-0.010634522409052174,0.99977236743930897,-19.486585783724767,0.25238683827674618,-3.8091509534687815,,0.3327135737311897,0.3333333333333333,0,3
-0.77926137044538923,-0.57611931126331695,-0.24665412163808662,0.60372398841111774,-0.79569696500147202,-0.048823003844687241,-0.16813406064372197,-0.1869568909586582,0.96787295580283961,17.034202217823797,14.168589868924196,-0.4573433993865067,0.2277944691486016,0.2323273276122554,0.375,1,5
-0.62775590228217715,-0.75720072563617336,-0.18047046363863162,0.76028530187828536,-0.6461723077396897,0.06654027696221114,-0.1669993619680446,-0.095437989325092398,0.98132706234764022,-23.62099592348806,14.785512766712394,-6.004542334916148,,0.09887369859376735,0.3181818181818182,0,1
-0.98083838634754528,0.10843732145430601,-0.16185613112564246,-0.11181636414434817,-0.9936577725452227,0.011888303916286173,-0.15954046689377652,0.029758668926599501,0.98674275322752381,-9.9747978037592873,8.8376431193175637,-3.4860285017778354,0.5137557486011342,0.3197101165719726,0.3714285714285714,1,9
0.52155126126689377,0.84085747848991055,-0.14471690550347566,-0.8390844151568202,0.53622519615182263,0.091650876989124955,0.15466617636655067,0.073629069527793675,0.98521933294501574,6.7870660411629045,1.2347292351701624,-0.45095925927556607,0.5068260457461937,0.4057036909343738,0.9968152866242038,1,5
0.98026797887191153,0.12081079249180782,-0.15645907457185151,-0.097935533818804529,0.98435426359591405,0.1464763289960945,0.17170707852038197,-0.12826315198858823,0.9767626339228731,-21.158575977180305,0.6912049086543619,-4.0866005833845094,,0.1091914184021883,0.3846153846153846,1,4
0.91492400299630705,-0.33722808666329368,-0.2217910870766234,0.3930540390308272,0.86933523437485394,0.2996076979584677,0.091774675933881958,-0.36129415694117412,0.92792453411761855,-16.473534747160333,-19.279212340238683,-1.4587099817109881,,0.4025984512960772,0.32,0,3
-0.94930304232190343,-0.21380355602652434,-0.2304599168375954,0.26165007678097862,-0.94373303337392778,-0.20225528185773531,-0.17424973790191636,-0.25230140932871697,0.95183035657193449,-10.640713823365431,-13.761572247900844,-1.2773629230474328,,0.5150097415150496,0.3461538461538461,0,2
-0.92266706815623023,-0.3419811677746028,-0.17814141075984119,0.34291726996822419,-0.93899200372665337,0.026490807744287932,-0.17633271760376018,-0.036645570331540304,0.98364824753442692,-2.133997703223057,-6.9742657511588586,-0.8762950239122862,0.2412324927362426,0.1816108310980072,0.5769230769230769,1,5
-0.94635641670440085,0.29671863193655779,-0.1279358668400066,-0.29610612375380491,-0.9548478040707663,-0.024224667938501747,-0.12934719184390006,0.014957423672942883,0.99148655030674249,9.1717120886214616,-18.337347138707344,1.7810724721033317,0.5654844006937971,0.4997958366550476,0.8301886792452831,1,5
0.82555696164444659,-0.50354620379429194,-0.25474874626727445,0.55406880093933919,0.80891971954902675,0.1966129475654306,0.10706758102261109,-0.30346351999718435,0.94680854723903152,-18.135032288721415,-14.499120982140212,-2.128136675632994,,0.2823248961141142,0.4791666666666667,0,2
0.12599977113100899,0.98322925647014403,-0.13184948576351008,-0.98654781198119135,0.13814558810428434,0.087402580982744171,0.10415119946528262,0.11906311649075091,0.98740898413041245,8.8298175614596897,-11.28893350264422,1.0323468356448802,0.1696870233675233,0.1414358785884669,0.2222222222222222,1,5
0.3836097197260141,-0.89168637568969544,-0.24028938874012742,0.92299526259853404,0.36163471365749472,0.13152976506678418,-0.030386315215747417,-0.27224206377273286,0.96174889163459476,-24.837918978987979,13.176530679126335,-5.9651657539283027,,0.4039193917554349,0.9396551724137931,1,4
0.94973441428737959,-0.25919958527350451,-0.17555659290454539,0.28390019179366432,0.94943465149000605,0.13406910027881605,0.13192885741083896,-0.17717058882358,0.97529757460898925,17.81560383410109,-8.4177718443779952,1.9214999532078918,0.4450878914656466,0.4740497446795611,0.9146341463414634,1,5
0.0011900137798400918,-0.95707486580625278,-0.28983837756437392,0.99458887264989559,-0.028976385244663335,0.099766444755553338,-0.10388242521338152,-0.2883887486364502,0.9518615295260594,5.7340992097512737,8.7040552884990472,-1.5026177510676586,0.5901871259200622,0.2769986538558158,0.3870967741935484,1,5
0.98038414481547109,-0.066451608703007717,-0.18555622408105818,0.10960533324524123,0.96626631751701653,0.23305809266426075,0.1638096441563717,-0.24882441064510921,0.95459562807949039,-9.2929386596767731,23.367984039365162,-4.9211272377826782,,0.4280724404202155,0.6904761904761905,0,5
0.92086937661987034,0.37377323400998846,-0.11087452701791467,-0.32535817057737521,0.89344719993110766,0.30966782489274886,0.21480608008684343,-0.2490896835940363,0.94435834167160693,19.86319831487921,9.1875643570087089,0.30009049592590886,,0.3484812716387941,0.53125,0,4
-0.84768231741557099,-0.48191707202911094,-0.22178959494947989,0.49451922329108761,-0.86916542156511323,-0.0014858503006192829,-0.19205579016667268,-0.1109387472546234,0.97509341492034873,3.8257072880916896,9.7635392938259216,-1.9030499723904979,0.4727061763930799,0.5085074350577552,0.9029126213592233,1,7
-0.12782115366839425,0.98795342730090963,-0.087234042433378317,-0.98985726601186341,-0.12157812851856478,0.073493888109434732,0.062002787021226358,0.095743324311990632,0.99347313514321545,-10.898193274808193,-3.4351663879653063,-2.2712390969639134,,0.07920038704872284,0.2,0,3
0.74271147648728042,0.66263557804066942,-0.09640411510299822,-0.64600588518288993,0.74695387389863621,0.15727780064869454,0.17622729358176742,-0.054534401826078507,0.98283769769698859,-4.0334196517985585,15.579619462292003,-3.6688294364408374,,0.1215394493578701,0.2692307692307692,0,1
0.98133127077135496,-0.070528557653821919,-0.17892640822849748,0.11506914261468539,0.96075805100546063,0.25239465098553632,0.15410395654946896,-0.26827167197350715,0.95093757975607385,4.2435222962402683,-14.742419349544173,0.79132365572093699,,0.3779710734129218,0.2857142857142857,0,4
-0.89947258167886102,-0.39035308352738429,-0.19640148927294052,0.39727189151872827,-0.91768982082314943,0.0045207263473472491,-0.18200032696975502,-0.073958521741844196,0.98051314016930136,2.7540994652692725,-10.230467708209414,0.13929162945288981,,0.07666825822972682,0.1666666666666667,0,5
0.97439958446584352,-0.09685941206774018,-0.20288840303645578,0.15821577986983817,0.93657182178270026,0.31273149768261599,0.15972857224983419,-0.33682558830428083,0.92791988138551273,8.0239164743960956,-18.327689798892926,1.6348472791915263,,0.3041679528461625,0.4375,0,3
-0.86647350674754386,-0.42356362778928114,-0.26423004242250708,0.46102447980152311,-0.88195685724961514,-0.098023114488973356,-0.19152047182573306,-0.20675094960934728,0.95946545206551515,-1.7878194593418359,18.226385761142829,-3.685663490515914,0.2712642151898341,0.249439706177351,0.1818181818181818,1,3
-0.1576183600596974,-0.96053904317461947,-0.22917504032786426,0.98137611518416568,-0.17817014803772269,0.071807512798105641,-0.10980607049760828,-0.21358872836693091,0.9707329612187231,15.674198185012846,-5.9531443153629517,1.3769433950929464,,0.08333825394911305,0.1111111111111111,0,2
0.98906381228129692,-0.051708985897927592,-0.13812659415549269,0.080188855951442151,0.97454344643881252,0.20936766317738698,0.12378417757042756,-0.2181541926724509,0.96803214079008959,26.035311667763054,1.9382610796576278,2.0879782157826998,,0.3295961719676938,0.2972972972972973,0,2
-0.98289064516913582,0.11601317392168659,-0.14306265451059252,-0.1137104929081251,-0.9932192504396159,-0.024195957487945296,-0.14489963230316324,-0.0075142553046672811,0.98941782504947051,29.735563096682622,-5.0903216847077077,3.3303102870109691,,0.1147859997135317,0.3529411764705883,0,4
0.053865080127211931,-0.96945718457773478,-0.23927248152159383,0.99728400878155066,0.040175718497669759,0.061729389044405572,-0.050231055846842648,-0.24194767805004538,0.96898821567380422,-8.4488925360694331,16.574563076138734,-4.2987263286946966,0.221962957493359,0.1840756457640778,0.7058823529411765,1,4
0.33481529820293054,0.94202295586597573,0.02216904848689236,-0.93278123049300132,0.32801426230957614,0.14941827117681042,0.1334836773888296,-0.070706395347492443,0.98852552497531365,-16.131579169415698,-6.4286977314999811,-2.6911168943305501,,0.7251730634591608,0.4235294117647059,0,1
-0.25510746608310875,-0.91743697758242748,-0.30533518125672449,0.95601934179781689,-0.28659471055814745,0.062373792481784124,-0.144731471550332,-0.27599431886274917,0.95019994585264145,3.4710075965445815,27.746823341218068,-3.3937353415059586,,0.5700098643136023,0.4,0,4
-0.61347347766268212,-0.69645823221158898,-0.37228513667505481,0.77214533526862905,-0.62787912789873135,-0.097772091989612564,-0.16565588859847893,-0.34743881696471079,0.92295416735546032,-24.549476017645702,4.2703735805904053,-4.9696605108883469,,0.2854164061835851,0.1304347826086956,0,1
-0.99007784887334294,0.091134153446419522,-0.10695989550265989,-0.078075519392590734,-0.98963794965456486,-0.12050287081678547,-0.11683349880026982,-0.11095627372579786,0.98693395872214984,12.333925365709836,5.9948293667309143,-0.35677617600718314,,0.5406351696087086,0.1875,0,2
0.39890734278158596,0.91523227955730913,-0.056769765996222653,-0.90597102831374898,0.40292646190497616,0.12987209920866299,0.1417371783656691,-0.00037517072006550508,0.98990425371137214,8.2802975872620692,-20.265552180832351,1.8745147064825136,,0.1774260416711882,0.2380952380952381,0,1
-0.98282668713135812,0.13222322887578566,-0.12871954322503634,-0.10353067999573198,-0.97252727023746566,-0.20849965693996828,-0.15275176385895434,-0.19159260525950558,0.96951491594913253,-7.4926625778613944,14.618086375114693,-4.01281406580308,0.8088961176227718,0.5044802464529706,0.1578947368421053,1,3
