axis_00,axis_01,axis_02,axis_10,axis_11,axis_12,axis_20,axis_21,axis_22,location_x,location_y,location_z,dbh,dbh_approximation,score,reconstructed,number_clusters
-0.3684129891973561,-0.8269216897813606,-0.42482041895347777,0.92848730504706978,-0.3502509367046176,-0.12343259579206822,-0.046724658983226926,-0.43991453750322645,0.89682328579058646,-2.5889867255199954,2.01255973817109,-1.8235577387509776,,0.07484733114737652,0.2542372881355932,0,5
0.16124298718808758,0.96888752652953603,-0.18777023198084303,-0.98679680863056973,0.15533760554151665,-0.045850700988654208,-0.015256394042663298,0.19268416966659607,0.98114221864147166,5.0483164698186442,4.4561787012194483,0.869023932271345,,0.07294534908249932,0.2837837837837838,0,5
0.16356619822480944,0.98518103531455192,-0.051618082634204643,-0.98645386798672574,0.16398917181855102,0.0040395371386980749,0.012444482002538865,0.050258125540204909,0.99865872833760139,-11.159688285871546,-3.6021125149371502,-5.0712361065057028,0.3761643382394775,0.4747836483056799,0.2318840579710145,1,5
-0.80260903435818454,0.54168047716176793,-0.24980191878450894,-0.53822711370106047,-0.8381710088411477,-0.088209602738243284,-0.25715814597956793,0.063652341669512474,0.96427074380401023,-1.4254758316758567,11.76662736361623,-0.93012439054726725,,0.1246105729812581,0.1794871794871795,0,5
0.95476769351844504,-0.032946834235242653,-0.29552183934075954,0.035539408109276548,0.99936247734469086,0.0034043129595835797,0.29522127613827659,-0.013752999285971859,0.95532991847106397,-3.3517016637077028,-16.078339259408303,-2.8306644840505255,,0.5655677610468576,0.9270516717325228,1,5
-0.80162074515764614,0.54333153260124645,-0.24938930733710457,-0.53716059782524717,-0.83771277174303826,-0.098467274780101616,-0.26241698320978291,0.055028699237555559,0.96338422718212469,-14.957621870991778,11.102590568185422,-5.0689693021679121,,0.2577668392479289,0.5333333333333333,0,1
0.60312303997584515,-0.74434026722460711,-0.28670571190385308,0.76677450730862851,0.64006534519156311,-0.04871559120461999,0.21977136663338415,-0.1904571355260955,0.95677929844624532,0.89748592893286649,-5.8688977704688448,-0.86241231873461166,,0.07460513816247423,0.3202614379084967,0,5
0.933561569176384,0.25536331594510697,-0.2515002453804881,-0.23134857635689277,0.96527407786790465,0.12134162852831853,0.27375286806637328,-0.055095657413129884,0.9602207224173247,-6.6619751246703807,8.3846598900356053,-2.6672857570818267,,0.7161565405389322,0.2745098039215687,0,3
-0.95813315019150547,0.0013697442211091637,-0.28631973439647657,0.03711833926362388,-0.99095583251432107,-0.12895257615169228,-0.2839068428101208,-0.13418145105273016,0.94941679087688979,13.918739857301253,5.8307998045137204,3.8809134428753662,,0.1248570868362078,0.1176470588235294,0,5
0.4904079799850028,0.84203900381449959,-0.22465602422840578,-0.86612995934757719,0.49947208018185985,-0.018615440885738195,0.096534484447753408,0.20371047389344246,0.97426030204382019,3.6633524666006529,16.99162407965213,0.84429673471500077,,0.1690463915230223,0.6851851851851852,0,4
-0.28324336623113011,-0.87195305728569295,-0.39933827937751198,0.9588744693274236,-0.26539652564721306,-0.10062025763454142,-0.018246850635415243,-0.41141530120368919,0.91126533039360591,13.638616708098244,7.3667080597511481,3.8245791884036677,,0.1863635823267374,0.2666666666666667,0,5
-0.17932100022517844,0.96223546596128318,-0.20480939169020865,-0.97732273756664534,-0.19807181388482609,-0.074885400310160638,-0.11262435577387211,0.18673635048015313,0.97593303555924049,-8.5043106499867029,-6.540245571405082,-4.1279404926112537,,0.08617173008209134,0.288135593220339,0,1
0.72444573782248756,0.64271089622122757,-0.2492008764618158,-0.66984228089912623,0.74170837901307596,-0.034351116745326093,0.16275654109954266,0.19181080360683828,0.9678424065667981,-16.584333055318506,-0.84251240212863054,-6.5685194915803695,0.2189510723256209,0.1128741470440703,0.4411764705882353,1,5
-0.95597350427297634,0.10936334712858743,-0.27231290353723064,-0.089474565911304718,-0.99240229490860266,-0.084451093036870331,-0.27947980460675254,-0.05636792851409942,0.95849553752325856,8.1878739928742554,-7.0734265757068098,1.5844413213328576,,0.0675142930573622,0.4146341463414634,0,2
-0.81753542157829828,-0.46244208094859929,-0.34319550730264992,0.5281671312909817,-0.83961822723445934,-0.12680975482792972,-0.2295110365290722,-0.28493605293748592,0.93066434864980063,-10.776934165184235,14.520738669052186,-3.5472854007405288,,0.172501260613841,0.4482758620689655,0,5
-0.82016931606744947,0.51520527387932469,-0.24876860482862806,-0.50760407850698908,-0.85588138400351266,-0.09902098767080926,-0.26393255287008954,0.045061982681214016,0.96348794764247869,-16.847322566217827,7.6867021335507637,-5.9481556692637936,,0.07647073686657795,0.1935483870967742,0,3
-0.8611958809450555,0.4427562687340249,-0.24961678857799835,-0.42898629920380382,-0.89655969117463818,-0.11023373012042213,-0.27260302591624674,0.012149348030297319,0.96204988623446386,-6.0213971060864147,-23.262116048388943,-3.7925399211492339,,0.2114254567577911,0.1666666666666667,0,1
0.95929877903813243,0.051787418373008751,-0.27760388295952637,-0.038699460268334165,0.99787479700623882,0.052423670938771885,0.27972880493593621,-0.039546843085333232,0.95926421954073549,8.9953129146121551,-10.798408717346199,1.5938061732210658,,0.1136081241505061,0.3157894736842105,0,5
0.62106414166111124,-0.71078874949736226,-0.33024034509842182,0.75100049564403881,0.66024425790599917,-0.0087049092221855497,0.22422664312065374,-0.24260435587625839,0.94385673649379154,9.0439477912262713,-6.449807328576223,1.9928634490441579,0.4878514911871294,0.4056851105951348,0.6706827309236948,1,5
-0.96135705058878729,0.15061560569228538,-0.2304507769680422,-0.079390936861121322,-0.95318430907377194,-0.29178202837027201,-0.26360899155290934,-0.26221100712499235,0.92830797008048793,3.580520400739164,-17.431176551002693,-0.54317569964373524,,0.5292752128629642,0.6,0,2
-0.87636643554783666,-0.36896337580103328,-0.30959311678828672,0.42244915790992105,-0.89756689151669045,-0.12613637157562996,-0.2313408300027881,-0.24132903383259174,0.94246576479098165,9.8555218409422274,6.7950574965528681,2.5361587115422508,0.4234954799359265,0.3619880764044668,0.7755102040816326,1,5
0.40053417257845353,-0.85272355122697685,-0.33531316970818204,0.90135784642201522,0.43245896312125082,-0.023092810776533561,0.16470096930607867,-0.29298769666821683,0.94182365669518653,-13.029277939863833,-8.1117363271516467,-5.671217318701232,0.1924835751045087,0.1635362864826067,0.4608695652173913,1,3
0.93776571471421544,0.23494194250026995,-0.25572983392779236,-0.24474931750868967,0.96956288623672304,-0.0067513858833393387,0.24635997216586764,0.068920920528638935,0.96672471305326502,-16.676225926004722,-10.577801682771332,-6.9289361689546229,,0.1102421609392738,0.5,0,4
-0.94378055707272446,0.19991322006684084,-0.2632735545663582,-0.17803882166101737,-0.97843445945288798,-0.10472911026401495,-0.27853265171798941,-0.051968384597200858,0.95901973333675627,0.74219576457991177,14.302771227264079,-0.16002786249889975,,0.08830311339220787,0.3157894736842105,0,3
0.54163824557017226,0.8335672777049854,-0.10859836313299295,-0.84048863540232688,0.53923106311944236,-0.052997304899500747,0.01438279163445708,0.11998105728228874,0.99267199073924928,5.1013308453446404,16.637089702109936,1.2228620667778269,,0.279492975091334,0.1666666666666667,0,2
-0.43148524783842129,0.87339983629619788,-0.22581675503733123,-0.88633186436102718,-0.45706364290389884,-0.074220297451048564,-0.16803662432970098,0.16812362205588821,0.97133832447334589,1.4943793720748819,-10.060106435204043,-0.83030680263464263,,0.1389959900458286,0.2807017543859649,0,5
0.37057385650836483,-0.84462921196829788,-0.38636318556810301,0.90867316939341969,0.41582160814787122,-0.03748948415007667,0.19232287460684,-0.33718523764710251,0.92158451995236534,-8.1223713879260391,15.77163715397991,-2.712087724117608,0.286847434264382,0.1523930340132713,0.4,1,5
0.32678030471877811,0.92331391512895589,-0.20175739534683798,-0.94446811378170292,0.32684088123538857,-0.033985591107192882,0.034563195707763138,0.20165924844279393,0.97884571461489922,-6.3350268549928161,10.921003620269079,-2.4785061269058803,,0.08652520699502005,0.3673469387755102,0,3
0.77034939761700671,-0.53989411497670126,-0.33922875792691592,0.58715826558875861,0.80809112562572094,0.047264191897834949,0.24861008978300622,-0.23559091089954873,0.93951580399672119,18.157479189040099,-1.0783482383558394,5.0013472703884299,,0.5117421775946083,0.1851851851851852,0,2
-0.95767600563718303,0.086314799352384133,-0.27460230086357273,-0.0086084537405502551,-0.96214404854976532,-0.27240544114327875,-0.28771959048873824,-0.25851225358389723,0.92216530622007686,0.10454562752204834,-17.818527410999334,-1.7249660101182511,,0.2787234825249393,0.25,0,2
-0.79341776722976509,0.60176179901012405,-0.091493081138596985,-0.54704907971596917,-0.77088961915124299,-0.32629204628179898,-0.26688115524713674,-0.20883470098848803,0.94083075876429723,16.245597326245107,-7.3919234054663194,4.106885596845995,,0.3849747086354251,0.21875,0,3
0.24022142192505719,0.94143104785724574,-0.23664583363902922,-0.97069899838674123,0.2344993770693046,-0.052473771401386871,0.00609286297896939,0.24231719766561272,0.97017794900533738,-6.9146703153431268,15.586362302949288,-2.3649078356076019,,0.09728452650493194,0.6190476190476191,1,5
-0.67388354889917801,-0.65204318653415694,-0.34744876660801771,0.72286535654382778,-0.67911636325097835,-0.12754074436638332,-0.15279606942527996,-0.33710628599767906,0.92898477549905922,4.3485055852215027,-5.4736422921788916,0.38361204889033812,0.07384647259143171,0.1383888165452005,0.2388059701492537,1,5
-0.28036001342178152,0.93868165157921268,-0.20068637189072169,-0.94943083684990992,-0.3019619941885282,-0.086023485770856153,-0.14134832476057099,0.16642028438327428,0.97587137473807062,-8.5199000478339411,4.4780639215247851,-3.6147975573748363,,0.1158570326015252,0.40625,0,5
-0.82147281583278731,-0.45556478423870839,-0.34299145792467262,0.53376582719204368,-0.82596196231106189,-0.18133085379288152,-0.20068994635941959,-0.33203548632156943,0.92167021284918071,-10.841271437459445,8.4878599299729167,-4.0592349039267228,,0.07965010077351889,0.15,0,2
0.27769526996104421,0.94584677660795202,-0.16810476561243062,-0.95817501755460377,0.28530213155257983,0.022435005366395665,0.06918072546236069,0.15484369186990446,0.98551380422224455,-11.908329739891602,9.1892924227252255,-4.3368696992510039,,0.3725236206237891,0.825,0,2
-0.61833175869337986,0.77433809912742801,-0.13441110233485745,-0.74933085595602744,-0.63243493855275534,-0.19628886063650663,-0.2370002204711151,-0.020653250046718887,0.97129003843298456,11.750199256128148,2.3763557266575668,3.1664011452552625,,0.7745500080503445,0.6103896103896104,0,2
-0.36593127688619043,-0.86635062635927251,-0.33989835657640155,0.92954781151776955,-0.35795579582741727,-0.088365798452148314,-0.045112821890981057,-0.34828758295474305,0.93630155017524985,-14.923484333882332,1.4608083341182267,-5.8913205799474406,0.2029115784695431,0.1696702494803537,0.5612244897959183,1,5
0.15691172797640687,0.98595815786913332,-0.057142108420707979,-0.98752498444817793,0.15586414882279778,-0.022377940083297534,-0.01315730649050023,0.059940620976518373,0.99811522743762682,-1.5695409335667212,16.525034723176098,-0.76722913322091302,,0.2376903532416499,0.2653061224489796,0,5
0.73256420211678597,-0.56196266754596702,-0.3841193174804115,0.6305583809110209,0.77279895176931113,0.071957684837172853,0.25640947338167563,-0.29492327888600939,0.92047511727979725,-7.2341347937184288,0.6757456459421588,-3.4659349572294804,0.7057739853466546,0.59044052954597,0.2886473429951691,1,5
-0.62155200476576633,0.75154448972993815,-0.221029376618186,-0.74924613531021578,-0.65269291233594429,-0.11234852428550006,-0.22869922189277975,0.095774955719074073,0.96877439260265696,2.4976123313539698,-6.4608249222259611,-0.3433895482128323,0.7493580814561039,0.7566233071458125,0.7170658682634731,1,3
-0.77333092460205399,0.62731769463077569,-0.091824784547866328,-0.5768631747459797,-0.7563043011336068,-0.30859792887962928,-0.26303642081681905,-0.18567798493611476,0.9467499813752005,7.4264607651650927,-18.319650772023699,0.66161056718015854,,0.2792108534305813,0.5555555555555556,0,3
0.91407704026742231,-0.18065542401753168,-0.36307958112374472,0.26795592817389918,0.94107289788871284,0.20635266273010291,0.30440562578968905,-0.28591155736063795,0.90862082100026831,-16.810265118284352,1.579175029227156,-6.5073548743169569,,0.5371508243670212,0.1063829787234043,0,3
0.95375800582618642,0.097283505369955142,-0.28439688096987115,-0.070425386089356432,0.99216336399143379,0.10320912821726456,0.29220871191089126,-0.078407772166645434,0.95313497992007523,-1.2857412462249469,8.8859551605920242,-0.96702203597249481,,0.4617798709200122,0.502262443438914,0,5
0.3928974824411185,0.91949767722246123,0.012473567009038899,-0.91797724548949433,0.39137456438677748,0.064371788188465812,0.054307872863438661,-0.0367419642038673,0.99784802600971756,-7.1705299715747337,-11.77551582483466,-3.8252785791892943,,0.5129081573428493,0.15625,0,1
-0.95461436487889362,0.10180131245362858,-0.27990696159542916,-0.017531261503506177,-0.95735080036883646,-0.28839573489086884,-0.29732821803011245,-0.27039958915624723,0.91568553169042199,0.28575837419948624,2.6256314585555138,-0.80684751082146933,,0.4709957914684655,0.4142943670502726,0,4
0.69539397712154949,-0.63679611192574137,-0.3330434332325658,0.67787013385348016,0.73511619143350104,0.0098115606185648681,0.23857765656603516,-0.23258309682469464,0.94286043763586547,18.395234176534569,-5.9202955011560308,4.8350759012840108,,0.2590917138054464,0.1923076923076923,0,5
0.96061353491940682,0.080632034532510971,-0.26593253192640787,-0.077712711468287649,0.99674393644502113,0.021500224099563755,0.26680024551317172,1.2931849786766302e-05,0.96375185023266197,-3.8182261780124764,-3.6446619203922936,-2.4735061704563091,0.4982894943590681,0.4565247557502062,0.9643899591360187,1,5
-0.75233841057996087,-0.57522372585102155,-0.32109902083950392,0.63455857417794759,-0.76371401279869189,-0.11864367910753211,-0.17698116256616059,-0.29301633379897013,0.93958453383596208,-8.6977556477125884,-10.475034596775018,-4.2912379471719175,,0.2880721672028004,0.7821229050279329,0,4
0.93552721804980599,-0.14384007221196757,-0.32264354621477803,0.17457559764284555,0.98227352372482279,0.068279464679099053,0.30710288991742657,-0.12020298754721942,0.94405458358565753,-36.191559221670026,-8.4336030433843874,-12.55643358050596,,0.4103663943162694,0.6086956521739131,0,2
-0.95685933507589804,0.10994824878608055,-0.26894533918062929,-0.083912549322364041,-0.99076643899777184,-0.10649200637557746,-0.27817062559575101,-0.079329981372418909,0.95725015388409296,0.76708785321963402,16.940999137551472,0.025305625452961566,0.3796073317017825,0.3669625558061128,0.9126984126984127,1,5
0.93966506647917181,-0.15496815076758635,-0.30498267997767742,0.17889448536187,0.98249551531190082,0.051955033433853728,0.29159273987156054,-0.10338004952444035,0.95093966129009422,-18.550352406430854,0.24962971990986277,-7.1486766604916365,0.2769475012377365,0.1402353147860572,0.2962962962962963,1,5
-0.66421984219834318,0.72364659510003004,-0.18747694959685493,-0.70415903046846473,-0.68986937488476796,-0.16804852098668355,-0.25094234604729487,0.020392424971866652,0.96778721213087282,7.6551129000121936,-9.7110094536712381,1.2529444168961343,,0.2832257498686971,0.5238095238095238,0,2
0.93238897302442103,-0.2063472556110344,-0.29676861876596639,0.27467466093910653,0.93818056843591913,0.21064437245566864,0.23495666328166115,-0.27791730984422341,0.93142757918611041,17.981828640411042,-4.2283536246027076,4.758902738297131,,0.308837078977777,0.2,0,2
0.070654287262772689,-0.9311543594410322,-0.35771431420248156,0.99526762351225639,0.08979034416093884,-0.037149046875084815,0.066710788330349491,-0.35339673596316973,0.93309185921372317,2.7902791249740901,-5.2768435914847576,-0.24105638107472782,0.3819715940617168,0.2611434845052871,0.1711711711711712,1,5
0.83064179742279043,-0.44859524219123414,-0.32984316433363259,0.4932385222619759,0.86767791437897568,0.062054790756020467,0.25836014501284471,-0.214236657886411,0.94199399673596806,-0.47827345813070993,15.493190173403885,-0.44666138366493618,0.292173620907085,0.1347776929431882,0.2666666666666667,1,5
-0.3896399402532344,-0.84150499993354699,-0.37423261756065146,0.91965366847093877,-0.37720888705017469,-0.10931873397690518,-0.049171607939955952,-0.3867593445764555,0.92086880843874275,7.5811740771036371,8.7684078993571291,1.8959229564260436,,0.1477950107494201,0.2222222222222222,0,3
0.18866302760798057,-0.90579132175292443,-0.37940524963537325,0.97628230021550688,0.21477494862172439,-0.027287208183589835,0.10620325936481088,-0.36525854251697543,0.92482812717751262,10.793722109808309,4.901264027070483,2.8674076597208225,0.184557814625983,0.1946644456770374,0.3333333333333333,1,7
0.19557331178418719,-0.92076924450086051,-0.33754270559305266,0.97356449324898731,0.22370280796190722,-0.046143593215093946,0.11799685251144239,-0.31959513777789422,0.94017854193026595,-15.415244489264659,20.809989998867202,-4.4505337049887617,0.8006355665460979,0.8198504205897982,0.9166666666666666,1,4
-0.88315484195216121,-0.28548908699140024,-0.37220089514302562,0.41103737163747989,-0.85331248503882551,-0.32078977850644852,-0.22602168978619108,-0.43629552379743797,0.87095373680839894,1.733539911817966,13.825499687734048,0.17416851749820966,,0.5755860056905981,0.2368421052631579,0,1
0.16564711110259528,0.96825110556717087,-0.18721867201568285,-0.98607420127829382,0.1597696706040882,-0.04616624230361667,-0.014788649591478265,0.19225880714030386,0.98123281993635336,-16.031130059665141,-17.135597678995442,-6.8573437635917269,,0.843762992569399,0.6428571428571429,0,1
-0.74187627262584566,0.6414947597605638,-0.19520263654602288,-0.62247323967726353,-0.76710090047091528,-0.15518786802583454,-0.2492923223857377,0.0063782204765883274,0.96840727811343841,-20.466084754632945,-14.069758922533683,-8.1928547106749878,,0.07974563205134932,0.1875,0,2
-0.83481969407660794,0.52008190745554184,-0.18052946551531557,-0.48070065185630201,-0.84846735116236638,-0.22142727319922903,-0.26833367602067182,-0.098071216719915894,0.95832096646390363,9.7977653935616811,-1.5978742022017682,2.4528161342472607,,0.20189591124026,0.5,0,1
-0.95124570097210903,-0.13014196610236012,-0.27963312579358746,0.17096900557582392,-0.97707491690420245,-0.12686294135428022,-0.25671232053505744,-0.16848642501892486,0.95168855676100661,19.442926416119573,-4.8440893824015596,5.2078636276459962,,0.2834907999948433,0.5833333333333334,0,3
-0.95857024026401205,0.048356250846190156,-0.28072186855372266,0.031277252230034996,-0.96166037291166184,-0.27245377711520541,-0.2831339399880064,-0.26994629127940173,0.92030656405969635,-7.9175744693317922,21.49041534300768,-2.2075722316682764,,0.3023452123915359,0.3888888888888889,0,5
-0.81306612137095824,-0.50419394998927536,-0.29105316193609354,0.55657121032392698,-0.81982147168721864,-0.13461516407582746,-0.17073948025382077,-0.27144283994022578,0.9471889011848903,16.052522330065582,-0.068903552405458798,4.4702403522794194,0.3083281021605953,0.1659577715557703,0.375,1,5
-0.45350749907671933,-0.79542594387834187,-0.40203049148843112,0.88882871799584173,-0.43689071912065275,-0.13823895837320416,-0.065684536590045431,-0.4200286506317028,0.90513063935625515,-7.1654446163892,-15.466322761232721,-3.8919876454007745,,0.3596785262906855,0.3529411764705883,0,5
0.38312792162695192,0.89661638354443474,-0.22201814437003281,-0.92209769515960849,0.38538344143579173,-0.0348632133981579,0.054303188222717395,0.21807948969769345,0.97441905765540282,-16.556131809926896,12.158137522303706,-5.4778160292183466,,0.1177489667207272,0.2777777777777778,0,4
0.45812501991021082,0.8885696593168978,0.023778702103362172,-0.88572312481666826,0.45407530171284505,0.096489204263406209,0.074940058028169276,-0.065265464955368058,0.99504995190537748,-4.7780500207100802,11.559009694804571,-2.0117601996839389,,0.2333357998202795,0.2068965517241379,0,1
-0.47603346189941764,-0.76366560186159826,-0.43612726546894498,0.87293048452818545,-0.47048675309003984,-0.12897513073527198,-0.10669823022639187,-0.44210526314459991,0.89059442170182113,-11.817956012350638,7.8090020760544832,-4.4125907845598542,,0.4808729281547167,0.7037037037037037,0,5
-0.72789357789297449,0.65522265548925596,-0.20212424643216809,-0.64133588944898101,-0.75485533048402698,-0.13741072354272421,-0.24260918401175294,0.029609150164403627,0.96967215184292732,9.8089206063195462,-14.645516697207913,1.5975142663178263,,0.1350496748452072,0.1904761904761905,0,5
0.95654460900093963,0.17900861709425034,-0.23017021092496756,-0.12124527432938155,0.96207586666661771,0.24435549969352144,0.26518294523598801,-0.20582988554551929,0.94197243259677521,22.410456180873908,-11.439865444146431,5.6822188560243525,,0.2751990313511228,0.2608695652173913,0,1
0.90081660565967325,0.38156964255389603,-0.20720533499183408,-0.3598050518464988,0.92311034288998406,0.13567468266141761,0.24304272799967613,-0.047664480809403477,0.96884381075364634,-18.460490674313959,6.681848601840338,-6.5445553418847862,,0.3529379784806844,0.1481481481481481,0,5
-0.76789213732738104,0.62333513874410973,-0.14763119669517438,-0.58410986064869075,-0.77596395332326107,-0.2381084077387968,-0.26297782439543321,-0.0966087364051465,0.95995281963565648,3.2023414517886368,-11.083203070922005,-0.30943563901781024,0.5090373805381034,0.2779125189038932,0.2962962962962963,1,4
-0.9002898244239016,-0.3342577903060307,-0.27883680111941667,0.37042602307168165,-0.92473383133731557,-0.087475154252546872,-0.22861057164986379,-0.18204139858817417,0.95634624259730516,6.3204109478367894,-4.559805405762158,1.0494751600080086,,0.08755492772981746,0.2959183673469388,0,5
-0.95834394719083627,0.11093567303868211,-0.26319224025442706,-0.06247986954043995,-0.98059571570940862,-0.18581794379059421,-0.2786990218585258,-0.1616332848760102,0.94667921517021469,13.4675799143671,-1.6092750011889962,3.5832310965051812,,0.2054103579356878,0.2857142857142857,0,5
-0.12941855380580375,-0.94708259612859802,-0.29374375574831918,0.99122031778220043,-0.11547457722869424,-0.064404220588460209,0.027076180427951818,-0.29949988000693473,0.95371206468685499,-6.5863311715686086,-5.1245358105310368,-3.4739732642600352,0.4419569571229768,0.3002631586072265,0.8977443609022556,1,5
0.87985671345670946,0.39569759167088403,-0.26320254506942292,-0.40385886149473882,0.91448566463094039,0.024778804988991463,0.25049986781899247,0.08449488227325605,0.96442233025386626,1.6595147319280126,-8.3227569941489428,-0.73031646525141958,0.6453203358355535,0.5701228174162301,0.7217125382262997,1,5
0.20889114018169727,0.9778581433970428,-0.012567535386088799,-0.97779872665087253,0.2090615290036173,0.014245253616693394,0.016557225417462542,0.0093128128274889074,0.99981954862050837,-18.765219177380786,8.8740436839637571,-6.4276913259645196,,0.5235287714366236,0.12,0,4
0.81173637637903306,0.5701983474776553,-0.12632458112651379,-0.54982336152541034,0.8190422612832039,0.16390254834198215,0.19692213279348789,-0.063589454832140638,0.97835476942171473,-24.465302973983466,-19.506997130204489,-9.2982898603714883,,0.4631411857076456,0.1052631578947368,0,1
-0.8768809223100178,-0.34272921276796553,-0.33707051903746071,0.43624016318958742,-0.86190101303037137,-0.25849789894221914,-0.20192664041442068,-0.3737155742709557,0.9052968029537467,-2.2645635868103446,10.282755499316487,-1.2934976564127916,0.2272489268399698,0.3813879436570676,0.3046875,1,4
0.9146060990147058,0.32572541737120614,-0.23958012464195627,-0.32517540922495025,0.94467638771578144,0.042982272248557038,0.24032610528298395,0.038593716724572014,0.96992468168868429,4.3422157346106891,5.5518523244663598,0.72274840177073929,,0.07083480352576677,0.1447368421052632,0,4
0.74480256056647376,0.63497247778858523,-0.2051319044533263,-0.64663641271304606,0.76268738956243842,0.013011362574177248,0.16471337385660997,0.12295486266698825,0.97864784586658882,-5.6606609502043543,19.480191410749409,-1.739398748749031,,0.1067288927186586,0.3125,0,5
0.8592806832972808,0.46713935592225309,-0.20836873436459019,-0.46123064546993586,0.88373858697096963,0.079198494795930066,0.22114022472527489,0.028052309122370549,0.9748384835250189,3.9986774233661979,-15.747209677794427,-0.26305926151368131,,0.3770671553020716,0.5769230769230769,1,5
0.54297743551373023,-0.69308548589658681,-0.47413923457400747,0.81267689083926975,0.57590547188632069,0.08882093529800715,0.21149887852835414,-0.43354976264655837,0.87595823398742134,9.1434037503383649,11.575524449340548,2.4680544572563656,,0.3430853916648047,0.3157894736842105,0,2
-0.9581954294000844,0.17405855962627606,-0.22707958274053078,-0.12058298205903162,-0.96540999666107852,-0.23117803266012879,-0.25946341459739325,-0.19413180102106509,0.94603994647043232,-17.774311030415358,-15.409370104563486,-7.4051573743786845,,0.2074628749500683,0.375,0,2
-0.92776374358717417,0.29632587926607168,-0.22681580492175024,-0.24135999018079698,-0.94006063288469255,-0.24089699383835622,-0.28460462263469588,-0.16875123637360667,0.9436753832740058,-4.5379882093009014,-12.628425232893303,-3.0039247306930816,,0.1137825913416337,0.3571428571428572,0,5
-0.89553673495504527,-0.31163217946680705,-0.31764656627582971,0.37717369221915725,-0.91036255354466644,-0.17023521081551732,-0.23612276943112834,-0.27225981309110409,0.93280256857052646,-1.5415915825875333,7.6308554488217935,-1.1635344824213263,,0.08713628042980598,0.1594202898550725,0,5
-0.73467134425552372,-0.51132017568647159,-0.4458808067922842,0.65724558627362684,-0.69936065595263119,-0.28093221999148266,-0.16818518143290481,-0.49944604397418352,0.84986316187073319,-8.3496794359291808,8.6984458279659602,-3.2109809555216633,,0.4872950454859227,0.2666666666666667,0,1
-0.80315763679682106,0.53538614235115811,-0.26134170932572059,-0.53455841332808363,-0.84127613316334104,-0.080633556971629383,-0.26303063166693325,0.074940952409750752,0.96187251777811611,-8.4948429900203912,1.4601447729954804,-3.7735125208469698,0.2584070753457132,0.2637340023172648,0.536779324055666,1,5
0.96077077650700971,0.1786383710615202,-0.21215053003611323,-0.17212232623161486,0.98385862171148353,0.048950151139677343,0.21747050333949827,-0.010514031979517372,0.97601026393619383,5.7316009632551932,-18.08629085630265,0.15319795983570433,,0.2117536223744023,0.2272727272727273,0,3
0.32358120686593544,0.92199639753650198,-0.21264488118197813,-0.94563560560377102,0.32287956618427377,-0.039013935395507612,0.032687979098963663,0.21370874729492981,0.97635038144718211,3.4806318234671774,-9.8243474557823696,-0.17709282597746076,,0.07203394726028052,0.1538461538461539,0,5
-0.45841300294821397,-0.74688452797677096,-0.48168560347691269,0.88556632122440515,-0.42962616526388364,-0.17661723821225617,-0.075032056089883767,-0.50752818639910724,0.85836200438355748,1.4979493395196841,-17.476845624440159,-1.1783812172508024,,0.3670585192833997,0.2,0,1
-0.27695815022578629,0.94785642111778834,-0.15767811506131349,-0.95203417954251013,-0.29290568223012498,-0.088527861716667197,-0.13009651804076477,0.12559644207971468,0.98351432614405088,-14.017732902857551,5.99889114413347,-5.1289653329615508,0.3755539885143289,0.2196092953667552,0.5625,1,4
0.53424285905120261,0.83171638372476819,-0.15110401912786003,-0.83767290641933623,0.54488293147420885,0.037505904055983176,0.1135282757896936,0.10653848146030885,0.98780609563028754,3.4246672832326159,24.92053017882704,1.2536858453872863,,0.2453032890976309,0.3571428571428572,0,5
-0.94547556787957721,0.21835045422833957,-0.24165891185939889,-0.16618011464320376,-0.96155151754149437,-0.21863862561501185,-0.28010733664072895,-0.16655857303641688,0.94540897060907458,-3.5507058361261477,16.230243308277277,-1.3241675097966819,,0.3811758431279857,0.1724137931034483,0,1
0.80646660079969934,-0.49403065707007093,-0.32487741021729022,0.53577112074912814,0.84299384609150363,0.048069549853090324,0.25012182624833568,-0.21282642065018514,0.94453374037533944,-7.9942761608604993,-17.189259859170512,-4.3154640803970521,,0.2319267294340869,0.6730769230769231,0,4
-0.01566253164734465,-0.90735281508382482,-0.42007803330078336,0.99781302500546842,0.012799024062207485,-0.064848686281924847,0.064217226908613881,-0.42017502774738191,0.90516799204658938,-26.732962617497037,-6.9634422927041477,-9.8913559786782805,,0.3352839541239602,0.44,0,4
-0.96654885507715527,-0.076730609259174243,-0.24473602994197147,0.12081844108325171,-0.97791294838232834,-0.17055547390921333,-0.22624370719039771,-0.1944188236485847,0.95447111321812539,-13.557217352256712,4.4373917556970044,-5.2494686972484876,,0.1528976469227788,0.3076923076923077,0,5
-0.10219142200877324,0.98916384649085676,-0.10541251378862887,-0.98888538216492472,-0.1125194751878922,-0.097185743007773176,-0.10799358410737377,0.094309344705890058,0.98966819353396918,-20.435575500641054,-5.2546088477526895,-7.9951663679147416,,0.41562569876097,0.36,0,2
-0.95709530366969642,0.029801103811287914,-0.28823683648180742,0.055909270594779188,-0.95701623818559445,-0.28459457709284169,-0.28432856549240904,-0.28849924447166669,0.91428958912606373,-5.3522085029206208,15.589975881595912,-1.9253180346253462,0.1740490645077182,0.1887702874521168,0.1052631578947368,1,5
0.29257447338412645,-0.88039824586786175,-0.37322795473650155,0.94233329683174949,0.33178017718557712,-0.04393030513110717,0.16250580053095381,-0.33885224316728102,0.92669899217291429,4.3200470659438537,12.564604160309722,0.98605102127977451,,0.243037619289175,0.34375,0,5
0.50316789637182702,0.85760449018808893,-0.10647350125724632,-0.86171841873452804,0.50721599261558126,0.013164484367192555,0.065294983531765771,0.08512623123466305,0.99422838919504186,-6.627286448258042,13.941726941944697,-2.3430959181102229,0.6950689246943051,0.6319113294176203,0.5714285714285714,1,3
-0.14846473737718388,0.98766286538500603,-0.049802470772083995,-0.98543998204841798,-0.15197469799372956,-0.076234722732690899,-0.082862920150929914,0.037759177814077803,0.99584535996050472,-16.812461715893292,-4.9430930400750714,-6.9655308144523067,,0.2018065864722162,0.525,0,5
-0.95222315935066448,-0.12765350696779953,-0.27744483587744134,0.16879331401411637,-0.97707229271199925,-0.12976344615741656,-0.25451890291365459,-0.17039459197210108,0.95193792396683641,5.5223046095203987,11.841714559653925,1.3325481700414914,0.3033691932424442,0.3174836803181273,0.4492753623188406,1,5
0.2188166839710966,0.97339177946121747,-0.068027218767322289,-0.97576544835211487,0.21835730963296429,-0.014208276885329222,0.0010240205513572644,0.069487617653634592,0.99758228852297315,-16.016887191600109,-7.5254081969869082,-6.6541607986259974,,0.2507193769035457,0.5882352941176471,0,1
0.25762562003367745,-0.8044528949484373,-0.5352425428825166,0.9569219496692718,0.28918257572674505,0.025958045712381514,0.13390079216876979,-0.51887279530259123,0.84429947302568686,5.8002800883798837,1.3517077742538461,1.1731121234107187,0.6703158065567456,0.3867933609983889,0.1948051948051948,1,2
-0.69478074132305079,0.71579548689481309,-0.070118060637817586,-0.67771741375223593,-0.68420743210161572,-0.26936832953020523,-0.24078793280306238,-0.1396316969671636,0.96048121304817691,-6.9660745569403382,33.071943758111097,-1.0389859944618991,,0.4618460632986752,0.2352941176470588,0,1
0.35143567899157746,0.90472716768075923,-0.24075239477953198,-0.93528383456908259,0.35072834114625417,-0.047262876663927172,0.041678679507413434,0.2417816841225727,0.96943514733960967,-18.579997777413489,-4.7237227229134024,-7.5325936847583366,,0.07869575382414716,0.4583333333333333,0,3
0.70276820513803073,-0.61773769735714346,-0.35286964606064503,0.675080683961925,0.73555340134601788,0.056809012575502707,0.22446139977414886,-0.27813904981537246,0.9339463308880398,-8.2977600951375141,6.7659232807537064,-3.3348998608656388,,0.4369028558756654,0.186046511627907,0,5
-0.75215595697980342,-0.57240170583329941,-0.32652366459251492,0.62631295619851834,-0.77502194456745654,-0.084101523985906021,-0.20492314968707004,-0.26776346389679051,0.94143997691001169,11.549059590300253,-15.874944096185816,2.088263657095681,,0.4742391712758303,0.25,0,2
0.72699751645424493,0.63567736926266782,-0.25959370808371468,-0.66662428036606625,0.74403795406941198,-0.044939867941810638,0.16458031442363735,0.20572264122234318,0.96467171358588055,5.615791594501907,7.1169642476238915,1.1859173852257878,0.4626585783469578,0.4950477431283432,0.9436997319034852,1,5
-0.52137210457650074,0.82609159832904377,-0.21387800200029317,-0.83158305959843681,-0.54809065479740315,-0.089812299339556229,-0.19141772007412142,0.13103169576068516,0.97272295703746303,-5.70755964045021,4.2717937764958442,-2.7057461379830712,0.2518273593259756,0.12691058190531,0.2394366197183098,1,5
0.77382228648892293,0.58389623562450665,-0.24548778983197134,-0.60654806971819375,0.79475282478223019,-0.021619126295937947,0.18247878795681663,0.16562950680418331,0.96915858270027966,-11.19443351274214,-13.324864303582363,-5.1922138752100198,,0.1468039676724893,0.3571428571428572,0,2
-0.86276529673031055,0.43360255505232048,-0.26004781677599431,-0.41425565765084094,-0.90109987622226395,-0.1281064525170082,-0.28987634063878159,-0.0027995221596990609,0.95706001369483051,5.5062052932327781,-11.566645357917176,0.42827542627574355,,0.1220490671313974,0.4523809523809524,0,5
-0.94077932579717982,0.21480160150341004,-0.26228711776252794,-0.18752266335726311,-0.97424217213961939,-0.1252495139793974,-0.28243496752350367,-0.068647374430832575,0.95682706227601599,-8.7533286977883851,10.229754572385957,-3.2623076021699737,,0.1000351120065569,0.3157894736842105,0,5
-0.82080119151573705,-0.4544369060942951,-0.34608164121460039,0.53488917708591355,-0.82408199023004369,-0.18650051371201395,-0.20044693123792337,-0.33819516814693812,0.91948086222572578,14.28495171221577,17.235323903474583,4.3744533674527073,,0.1926899861743453,0.2173913043478261,0,1
-0.41841679671534615,-0.765075058616277,-0.48947680119671516,0.90586242007814677,-0.39062037620039258,-0.1637955969714299,-0.065883686270820849,-0.51193346870502976,0.85649487068108232,-4.6634423317250882,9.421809944667082,-2.0810902173163823,,0.3504471197241679,0.2439024390243902,0,5
-0.12476103813965071,0.9780130177958567,-0.16710840907673774,-0.99072596966880888,-0.13193391276471542,-0.03248839310264065,-0.053821337647032362,0.16150535497138835,0.98540310732686986,-2.3163592129733495,-12.197355941770613,-2.2201983068397704,,0.3980915164883461,0.355072463768116,0,3
0.95963225069567915,-0.069553369537959708,-0.27252205820935194,0.060836450510506873,0.99733317821089185,-0.040316968252146416,0.27459947143799834,0.022110188277758836,0.96130446262372793,0.60123004740202113,9.4636799427422247,-0.38254022442807162,,0.143167576597809,0.5988372093023255,0,5
-0.59815114707213812,0.79813869907809565,-0.072040421224550621,-0.77085389883107103,-0.59761068978417253,-0.2205577704652987,-0.21908781781108477,-0.076394243825114297,0.97270984758928325,6.9676528916643132,18.819104720739226,1.9734121759553915,,0.6069986771229323,0.5869565217391305,0,1
0.67768108503568536,0.71214196425676235,-0.18330894612478074,-0.72021727651956513,0.69309790950172012,0.030039348313296771,0.14844332786487305,0.11166517178094132,0.98259628933938903,-18.098013523533407,-11.28531793912723,-7.3835082300374397,,0.3709581766444638,0.3076923076923077,0,3
0.79135885084993129,0.57216954464515302,-0.21534433208709031,-0.57334915577018708,0.81685400455076673,0.063405684500608864,0.21218368165127741,0.073290841378272867,0.97447757173316985,-25.818971551311581,-6.4196241248624659,-9.6838014098225198,,0.1009392592274741,0.125,0,3
-0.78836743953483812,0.583859574335297,-0.19386793891277687,-0.55754507452678803,-0.81127544976163768,-0.1759989616019654,-0.26003897814020271,-0.030661736269452827,0.96511117897200893,-8.058543655107659,29.129037518094922,-1.6953793084352129,0.6326903896245941,0.4664763698862961,0.44,1,5
0.78072652263170028,0.57615522588368506,-0.24189099310708959,-0.59492183901185725,0.80376334459813348,-0.0057001181718630105,0.1911389607750448,0.14835646789858251,0.97028668758593928,-18.39988570017923,-8.5073700627750117,-7.4555111868196118,,0.1556721657069096,0.3404255319148936,1,4
-0.91884922660061175,0.31195486809197087,-0.24166145544786274,-0.26822339613766938,-0.94292479770580195,-0.19735510035428147,-0.28943446328976308,-0.11652032503041974,0.95007931527582101,-15.660179762885161,18.405080718106454,-4.8037503106585975,,0.1503411541316351,0.2727272727272727,0,4
-0.83072416373133606,-0.4677040594419779,-0.30191104082886083,0.51358855044146401,-0.85314107375649628,-0.091526548744327002,-0.21476537115724001,-0.23109136948641484,0.94893235496561379,-0.89274606210670326,6.3601460143506632,-1.0045527955023019,0.1357485591844456,0.1343257587366517,0.5083798882681564,1,5
0.91444417789080656,-0.29345752267035569,-0.27870150324277992,0.32979643683653298,0.93947218031125901,0.092878052688118926,0.23457654565521763,-0.17684655724494019,0.9558761109155719,3.6464583450371668,-4.1282732328463592,0.21869779943057865,0.3210313918552848,0.1983480014024322,0.1972477064220184,1,5
-0.91399263494739025,-0.2446414759310204,-0.32367887097587761,0.31596034412174245,-0.92964325372219836,-0.18955864989832338,-0.25453197088852503,-0.2755248973561138,0.9269840919522333,-10.523782463974086,6.2754011328141335,-4.1140346942282244,,0.1693678913567133,0.4270833333333333,0,5
-0.44909071044683985,-0.81841802290220178,-0.35848218028125706,0.88926727518690463,-0.44836069183220095,-0.090423466541647665,-0.08672512364944153,-0.35939481049202882,0.92914698682145458,-3.788671799134169,2.2293737126353661,-2.1878796898733075,0.563988946523555,0.7306773470742944,0.4490644490644491,1,5
0.21388709514081361,0.97569976123175428,-0.047563499288039053,-0.97685715740220058,0.21371043089931022,-0.0088286894228241982,0.0015506657660869544,0.04835108744516365,0.99882919850120189,-26.727102825529713,-15.682230034478462,-9.8754199172035566,,0.4085310675552961,0.3636363636363636,0,3
-0.93005358138775385,-0.19833623688707558,-0.30929447600189403,0.26878486943015983,-0.94119890616694113,-0.20469321677956301,-0.25050954016409099,-0.27350933469925143,0.92867519301376211,-5.0689782593619563,-11.392843087025271,-3.1054977625813351,,0.0953805875996718,0.4074074074074074,0,5
0.95345841742610771,0.14651104191360881,-0.26353664040639674,-0.1469506911589141,0.98897718039344851,0.018155743690129206,0.2632917404842377,0.021416144807433573,0.96447851616008928,8.3292961034635855,-13.912488474876074,1.2384394641475494,,0.1413410245255739,0.5365853658536586,0,4
-0.65557054614096755,0.7415842305466136,-0.14240817405268155,-0.71416441422053667,-0.67015127201257008,-0.20215454998829629,-0.24534964539095985,-0.030823718538159461,0.96894450299385537,-4.9374563310708259,7.6543875036924138,-2.1658220993461108,,0.119946419642927,0.1212121212121212,0,5
-0.69702889957784486,0.66741315218836805,-0.26212668204378831,-0.67523193672294457,-0.7339601774138742,-0.073241310747257676,-0.24127276013400409,0.12594499694938666,0.96225013014326932,7.2902356386316267,4.3252146196915655,1.6620752047924945,,0.5777613592342712,0.5964912280701754,0,1
0.46582313195722774,-0.75626219645790149,-0.45943040816018077,0.86367854605758576,0.50154619262276046,0.050107741372653163,0.1925309814378322,-0.42014153195594006,0.88679925254383352,14.859795487336445,-3.7845548701305121,3.8662782962456235,,0.5013825973288597,0.4339622641509434,0,2
-0.2803563245454625,0.95316707080493401,-0.11345865511498147,-0.94746863293162376,-0.29374493778944333,-0.12655868652034766,-0.15395947810394384,0.072016988663906142,0.98544915264347532,-9.5215648256527974,-10.318645713130431,-4.5824785445398417,0.6474523647220194,0.2627563994285431,0.375,1,2
