axis_00,axis_01,axis_02,axis_10,axis_11,axis_12,axis_20,axis_21,axis_22,location_x,location_y,location_z,dbh,dbh_approximation,score,reconstructed,number_clusters
-0.42108677900876496,-0.78052657290804817,-0.46202185395113182,0.8723030744353143,-0.48807364330675568,0.029520586714497789,-0.24854229192377247,-0.39059235488381921,0.88637708760526435,-19.741187367432971,19.833154792401999,-9.6703254515364936,,0.671791030581472,0.3870967741935484,0,1
0.87237163704949205,0.45735066243335448,-0.17262125721753141,-0.36695026415576526,0.84596657634544892,0.38689540620479512,0.32297868429294696,-0.27417316294293181,0.90582219348736692,10.427515883537053,-24.475504576610476,3.1328718713709547,,0.583712649096364,0.3142857142857143,0,1
-0.33503030774482334,0.91978743655239237,-0.20431780258407911,-0.94202910658773076,-0.3312141892521035,0.053650006333570449,-0.018326353536082769,0.21044769516069625,0.97743332886065426,-14.692826247255413,-23.728649701363121,-3.3301079033120145,0.4680774970268957,0.5542650049331017,0.9333333333333333,1,5
0.758623961570559,0.62195754726761843,-0.19405796641169007,-0.56945951857618404,0.77768372034699373,0.26631539161347811,0.31655258904954903,-0.091525081284357157,0.94414915022040879,-3.7348337590768685,-22.13795341244915,-0.55431793166239052,,0.1373510686568106,0.2631578947368421,0,5
0.44781448779448191,0.87741522327013421,-0.17206019439482645,-0.86468663117278177,0.47394912009809337,0.16640090573463642,0.22755046559484357,0.074261413480102442,0.97093049600654002,0.90539371512118505,13.990795132959706,-3.0228089699678331,,0.3305636505282513,0.32,0,4
-0.82513396071626,-0.38428412082299929,-0.41410102795814607,0.46690299061080298,-0.8765456657354902,-0.11691575274108884,-0.31804959398085525,-0.28981616649804348,0.90269100217349696,3.2802767543529026,12.252708933322129,-2.1232220540808884,,0.1521252399624951,0.2631578947368421,0,4
0.62529551911708325,0.74324719257125738,-0.23788468741607141,-0.7171085047491419,0.66748857200678791,0.20053528032939466,0.30783259442194721,0.045195320280797431,0.95036649606147683,13.883808305300448,15.552259385124971,0.26893453255108618,0.2505182520763481,0.2148129030694275,0.375,1,5
-0.95365038089608134,-0.042791553444598673,-0.29785874835323578,0.0088163386897382595,-0.99338567979779102,0.11448652036282457,-0.30078767127139028,0.10655409014429099,0.94771989674410406,-12.411074954045604,20.929801504361652,-7.6391405837002635,,0.07391494868900304,0.5714285714285714,0,1
0.9606996812725952,0.050579161703292776,-0.27294298086619961,0.014317802755487843,0.97292239372554978,0.23068813647780262,0.27722035085287189,-0.22552996295113092,0.93396205109430019,-19.773942385183112,16.11355645496047,-9.1853675970377573,,0.1497672174790692,0.3125,0,2
0.51540692377759534,0.82255459267697195,-0.24033236358871357,-0.81265089592559736,0.5581503115330525,0.16753134359540209,0.27194525970025701,0.10895949615145098,0.95612426175941267,-2.4694181594029501,11.531700366354196,-3.6052543039440943,0.2622805415965279,0.1746289574177931,0.6222222222222222,1,4
-0.84068756654657961,-0.39851898647689393,-0.36664292284376659,0.41663858308901514,-0.9085030248843412,0.032164341398199729,-0.34591430519070532,-0.12571742597361613,0.92980558305002681,0.58379399854439917,8.1935141774259304,-2.3597328321102973,,0.1499755889507901,0.2238805970149254,0,5
0.63131366788310495,0.73755894833646218,-0.23968698436250641,-0.71241283060029092,0.67366872749361217,0.19656653935300758,0.30644903579561311,0.046660940045705049,0.95074273341108928,-3.1556733129384211,-23.784071237608092,-0.20062878400958659,,0.1333448075817078,0.4736842105263158,0,5
-0.016036604043232278,0.99877800134768813,-0.046747527792155817,-0.99159733360017732,-0.0098842205705691986,0.12898461218583659,0.12836493028774995,0.048423199064395996,0.99054411232644812,-0.23564860488260803,19.655145803060172,-3.965284146411709,0.6249307670193861,0.5878029244022639,0.3777777777777778,1,2
-0.95364770527197629,-0.028600715739463524,-0.29956310401764547,0.0055456353592690279,-0.99697447303023223,0.077531581014158427,-0.30087422647670947,0.072276546578287748,0.95092102756052266,-1.3072136176322851,10.674055637036854,-3.14984416371954,,0.1093842923149235,0.449438202247191,0,4
0.75858244270614117,0.60205366001546867,-0.249166747540605,-0.57071495257966509,0.79844902967419484,0.19173833710118549,0.31438371541791948,-0.0032461476115649883,0.94929044133274043,-18.398905242336458,-22.442875496725261,-4.5451070954038597,,0.1086033677688139,0.3043478260869565,0,1
0.41708119556771511,-0.74170764911486842,-0.52527425174693343,0.90881505779320459,0.34666024659846723,0.23212467373509313,0.0099230555848055825,-0.57419198590087006,0.8186605501030787,-9.9191132351189975,14.247574058750567,-6.1000273942510699,,0.5036852961593434,0.3373493975903614,0,1
-0.82159084809920746,-0.47716395211766566,-0.31193435386163526,0.47460436632863595,-0.87564459771044534,0.089427255142413439,-0.31581509429002802,-0.074572791954994277,0.9458856827960862,13.543127463695367,9.4552213251506814,0.85381211406547552,,0.07753672697551639,0.3636363636363636,0,4
0.90151199941593552,-0.28266126735811914,-0.3276869280953762,0.36092230476790443,0.90888794740832324,0.20894446385800416,0.23877019250757911,-0.30663546271001774,0.92139214679663217,2.7301346643706137,18.135071585496412,-2.9952245619978743,,0.1132934114563197,0.55,0,5
0.44836322028828468,0.86861477186999481,-0.21089997814593564,-0.85408180348087515,0.48591471551639032,0.18555635857464145,0.26365639695553433,0.096929187213464024,0.95973435752324843,-0.71950261255434322,-23.704152764301895,0.31680078531354589,0.631567170757255,0.6781829924222214,0.2857142857142857,1,4
-0.34446302581699528,0.92729676316128495,-0.14651258265283609,-0.93862022885092633,-0.34323023243907719,0.034424896973727866,-0.018365452263283923,0.14937777803415392,0.98860962446900358,-6.8622046476016978,14.819634753736988,-5.2301121755614037,0.4909890157608428,0.5116192103568739,0.7994350282485876,1,5
-0.95158385824359459,-0.045116861573521648,-0.30406023997226361,0.040792665549277865,-0.99895603417425927,0.020562106512255419,-0.30467050918593935,0.0071631409725260017,0.95243087426006323,-13.497079265079282,15.71033356209176,-7.3208239452372279,,0.09354265963748284,0.2058823529411765,0,2
0.94932706695225566,0.15365030758194353,-0.274170937431016,-0.069448239764522066,0.95334015256069093,0.29380179630010461,0.30652089968783103,-0.25987330854770935,0.91570235423909974,-4.0913751555462445,10.03763105916661,-3.9216294551027473,,0.07281465090279457,0.3157894736842105,0,2
0.37721725390437627,0.88965702668806979,-0.25732764760395405,-0.89507594841975313,0.42155785215777741,0.14535482050692641,0.23779442785170637,0.17549744200034686,0.95532950228390545,-14.667526933119412,16.90425721895139,-7.8086086497728369,,0.06985068741738706,0.24,0,1
0.39573545645038311,-0.84784180392607589,-0.35292736366479832,0.91810716730353603,0.35614604870201089,0.17389428207914656,-0.021741155762377937,-0.39284127521089546,0.91934925607018014,-3.2633165119911713,16.770051821676006,-4.5155746521099589,0.1487796556972347,0.128768031129583,0.2727272727272727,1,5
-0.12615332120528727,0.96510102433935285,-0.22948932952973239,-0.98731231163312339,-0.099661200004504222,0.12362056670036319,0.096435153582769634,0.24217278549166638,0.965428714675855,-3.4904645956161673,22.446209790922783,-5.2541152074687627,,0.1916633692459088,0.5806451612903226,1,5
-0.95341058567620451,0.0063764507008487216,-0.301608348685871,-0.028712241933294459,-0.99715606933356737,0.069680560807121705,-0.30030628079299682,0.075094036165934339,0.95088223426909624,4.671322182521255,10.341414767526013,-1.4801974318705671,,0.07929537864160577,0.1764705882352941,0,2
-0.20945756813508309,0.97572918336033121,-0.063875565672000326,-0.97569109113835661,-0.20424960444975196,0.079429174459781759,0.064454804508117872,0.078959862088916824,0.99479189700897697,7.0491646220236577,-26.889167587233963,2.5453323158554277,,0.2715114152398499,0.1428571428571428,0,4
-0.69237006305371884,-0.52019361105377848,-0.50002230230842581,0.65405579853973783,-0.74510576154697328,-0.13049297492987788,-0.30468788650606721,-0.4173919155042829,0.8561245707770162,-3.129614454681076,5.2982124740509038,-3.0873367216957974,,0.4876253004170146,0.2671232876712329,0,1
-0.85107560404635718,-0.40088701633295232,-0.33905739386244182,0.4146065860205822,-0.90934801757649975,0.03446101794849328,-0.3221361436186338,-0.1112464968677767,0.94013431056906016,-7.6657465437475683,10.359145215593973,-4.9513127934779311,,0.07354091430843057,0.2022471910112359,0,4
-0.14210821716675648,0.97786726202141505,-0.15356064756449669,-0.98606905440136472,-0.1263028932925892,0.1082376972127507,0.086446946537655861,0.16680286871832373,0.98219332538032111,-5.7971971085510026,15.500774751730184,-5.0596959854662753,,0.08737447901037276,0.2571428571428571,0,5
-0.72301700144880809,-0.60020491192742487,-0.3420533281729114,0.61513853957853737,-0.78468489104507144,0.076643322545197706,-0.31440577720703078,-0.15499575950256034,0.93654968997649346,5.8415546230063713,8.0348437097071095,-0.89370551086313577,0.5956654598013916,0.258981662289932,0.3720930232558139,1,2
0.68419245421039299,0.70033143345645898,-0.20351061130658396,-0.66779387241722132,0.71376635642766029,0.21116091587695016,0.2931416544327497,-0.0085715660647452136,0.95603059506044397,8.5181272594988116,-25.752479828059375,2.8398021884523219,,0.4814263981148139,0.25,0,5
0.27685113854761295,0.93013129743668665,-0.2412658629264344,-0.9341962733162712,0.3193260849579142,0.15908543109738948,0.22501282187218044,0.18134668729865919,0.95733098194873079,-13.353202408946927,-20.430472948777894,-3.3540652065182042,,0.270615010599828,0.963855421686747,1,5
0.72547204813761257,0.65325615145043014,-0.21667189010849922,-0.60887052788775142,0.75594127036798442,0.24047759983858746,0.32088469524224361,-0.042534648777318398,0.94616267946515498,-12.965211127963547,-24.600940452197428,-2.7977621868846874,,0.1637713166167653,0.125,0,4
0.32230826883771624,0.93643612359783968,-0.1385812622972071,-0.91125926493041576,0.34656722398152207,0.22248081117305515,0.25636679175999688,0.054576054115283837,0.96503757564143211,16.75209496166622,5.9188367134387718,2.1184056746735238,,0.2363196277007779,0.1481481481481481,0,3
0.47731288658413867,-0.75427824038860036,-0.45081786164369597,0.8783522850456672,0.42464165218340172,0.21949198296522418,0.02587801491175341,-0.50074325088534921,0.86520894877306909,5.7239088269867802,13.751053741430034,-1.6862666170073717,0.8874442034358863,0.3762877330634561,0.6785714285714286,1,4
0.94710986165766653,-0.115799477500899,-0.29928814036195084,0.1910487273887852,0.95280616260005957,0.23592541252369187,0.25784354503055079,-0.28062590315554847,0.92453545565554762,4.8922225984170931,16.226423886349615,-2.1670643832734506,0.8156289222553567,0.3408350156703283,0.3225806451612903,1,2
-0.56778713036153683,-0.68086805292340546,-0.46264075599119109,0.76125855524781905,-0.64815183567911461,0.019611475410985752,-0.31321428233369719,-0.34105409015885374,0.88632890110167462,-9.0861768318697838,18.509847885549686,-6.3366822636640405,0.6086825578406699,0.6249102034344564,0.4657534246575342,1,2
-0.063698684312719411,0.98352946889425485,-0.16915159305609004,-0.99176273984340957,-0.043512766798195664,0.12047118735971132,0.1111267090987642,0.17543210351059016,0.97819958678315111,5.775985577331717,15.935679355044172,-1.8867942316141082,,0.07346293759983104,0.2380952380952381,0,2
-0.94002486515036676,-0.10056714060759726,-0.32594401839740339,0.1387344639979656,-0.98566636265264296,-0.095992551973085191,-0.31161835857059539,-0.13545505440964575,0.9405030179838062,2.9330580484834599,8.9322486223956403,-1.850456563326871,,0.2725539854361081,0.1491228070175439,0,4
0.8480399833089366,0.48231194817767448,-0.21955266191607617,-0.420522273073555,0.86459225089638447,0.27502955757331538,0.32247357187594278,-0.14090927696564037,0.93603171479741609,-20.956089346815034,-21.499144221124418,-5.2711007670900392,,0.1498179474616968,0.24,0,1
0.80112770118609167,-0.42774477353996221,-0.41860341028416725,0.57220224266438824,0.75244273379246895,0.32621239377552802,0.17543944790762708,-0.50086359527536217,0.84755923630487628,2.7240819654127701,-25.111887619529512,1.3114197345874044,,0.2444744498427234,0.2222222222222222,0,1
-0.95226855770013408,-0.036394382742097151,-0.30308421753784454,0.025921566085648946,-0.99892206127544336,0.038506985196007482,-0.30415894928042653,0.02881257367955798,0.95218546994300757,-1.1646129307020281,15.263433310239776,-3.7018370541804062,,0.08520026404980093,0.3,0,5
0.71479146322219522,0.65441888414935168,-0.2465949881351826,-0.62774965583382858,0.75582035633447764,0.18618796564475551,0.30822643252190868,0.021714350534629407,0.95106516773335581,-16.36458995608816,20.963009572419637,-8.8212935668428294,,0.1071735933585334,0.2941176470588235,0,1
-0.5471559842576359,0.78954655242771676,-0.27791468194495345,-0.83483055260161987,-0.53881717557255826,0.11284502537056933,-0.060648803235774519,0.29375549842942061,0.95395462670325715,-19.761651977750862,17.844789124135978,-9.3634679260973215,,0.1322963430807699,0.2,0,1
-0.86567178761713548,-0.35691347409578006,-0.35103436887666029,0.38460521460591535,-0.92302728017658053,-0.0099734120421774534,-0.3204546536121638,-0.14364335020705393,0.93630945895019291,-2.0393450240690472,8.0455053381227106,-3.0770009392552744,,0.1461336482404654,0.461864406779661,1,3
0.11665175815779068,-0.92856858629200467,-0.35235315788334598,0.988491535877429,0.074144105583101513,0.13186028631079533,-0.096316409907031955,-0.36367984843671447,0.92653122830462142,-11.029695784132251,18.247469502231812,-6.8908723691473552,,0.09808298650819719,0.3157894736842105,0,4
-0.90266887799206508,-0.29815145996014009,-0.31031371807927671,0.29313262487973196,-0.95393681326517898,0.063857814937519394,-0.31505898009050004,-0.033320612556091971,0.94848699297524464,0.044149360480122982,15.902751508338422,-3.511372488791682,0.1081882282787916,0.163434313210298,0.2666666666666667,1,5
-0.82579395466694994,0.50299358147230111,-0.25507214946596185,-0.53111006386850346,-0.84572231104517726,0.051728837779300943,-0.18970093434960406,0.17818874711403757,0.9655373249692708,-5.226380510695571,12.003365873811759,-4.4636036150783918,,0.07450292860878138,0.2058823529411765,0,5
-0.50173612574416449,0.83029568518622621,-0.24263127433282894,-0.86363865398639539,-0.49667462035107202,0.08627048649269882,-0.048878783370750217,0.25283076683871902,0.96627504773534412,-4.578341548836379,18.357330755218129,-4.9880947137524938,,0.3404664655012791,0.8862275449101796,1,5
-0.8811885720082947,0.38094382925888531,-0.2799794626603177,-0.41497358321621997,-0.90697916538050738,0.072011935110571731,-0.22650303705397434,0.17964017511474251,0.95730130141459158,2.8051027161535003,14.075218629697417,-2.4566230648613638,,0.09207443742008312,0.2380952380952381,0,5
-0.70710193446827474,0.67290223446122299,-0.217277327690478,-0.69317052153926884,-0.72034138236590539,0.024958383764830772,-0.13971929838143349,0.1682583599951808,0.97579077775490908,-4.0462140775987407,19.834207555963136,-5.1353187924855437,,0.1299709332677595,0.1052631578947368,0,4
-0.69425667205563235,0.70994158450426048,-0.11828195085395214,-0.70924513921823407,-0.7027894290960619,-0.055302358413880953,-0.12238874867219082,0.045496867391166901,0.99143886813864823,-10.613392698414438,2.3147234644770212,-4.8279860972052502,,0.1128241479502634,0.2671232876712329,0,2
-0.93032044801742808,-0.13659709516659388,-0.34036024678669513,0.18379544142468807,-0.976747809131569,-0.1103764153620847,-0.31736902765102243,-0.16524209799178882,0.93379438279479698,-4.5326054219588796,8.9746106053131456,-3.846929502342876,,0.1314050607466565,0.2826086956521739,0,5
-0.95495048478012035,0.10360586432777746,-0.27809242437561815,-0.069675078804592602,-0.98915973565638293,-0.12926097922331073,-0.28847002445971498,-0.1040617231891223,0.95181731585169371,-9.6652338134248055,10.383552799376377,-5.506698957800892,0.354180962546191,0.1240869680768953,0.3548387096774194,1,5
-0.15176385399613915,-0.84708265276342243,-0.50933163263979786,0.97064132390051383,-0.22501097764890252,0.085002825095068749,-0.18660962718170857,-0.48147797387291613,0.85636196069088399,-15.269977366811208,19.223714792690902,-8.2640891104310654,,0.3784241490456999,0.1951219512195122,0,3
0.84896821009561263,0.44932634104612712,-0.27813453127785337,-0.39666029402132535,0.88960676961991469,0.22640761160644587,0.34916126559795729,-0.081887939823390168,0.93347778544404214,-15.235609341193364,-22.123450861490635,-3.7499727786557377,,0.5361494746099057,0.3571428571428572,0,4
0.47348957265939368,0.8698084613078183,-0.13871144588731507,-0.84046031810510513,0.49328018142342489,0.22427910358644068,0.26350346918681916,0.010387649021696291,0.96460251838480715,-3.3974246808161586,-31.981196664498203,0.363166940679438,,0.2974286755311989,0.2307692307692308,0,2
-0.95285118314041584,0.052094070793080496,-0.29893281950317102,-0.070746946319523232,-0.99614256886134156,0.051911964794152034,-0.29507540116785813,0.070612961207785901,0.952861121746026,7.5350586067145642,7.0312279146998033,-0.3160200382011063,0.2017784080659319,0.185399948691605,0.5068493150684932,1,5
-0.21380557384262033,-0.80143650234948827,-0.55855770453521281,0.95928479186934079,-0.28027051523225865,0.034944618750803791,-0.18455314866461228,-0.52834455707735128,0.82872924669322146,24.934786120867471,0.57096233539828845,4.4149125905511699,,0.4168102146329283,0.3571428571428572,0,3
-0.95457310017021246,0.1009585908218688,-0.28035256262551328,-0.099776884811727834,-0.99483740427181455,-0.018523291256830735,-0.28077530106598958,0.01029086978736982,0.95971835884822088,-10.233482557084663,13.582147272675192,-6.1217147214302781,,0.2665125350680463,0.7763975155279503,1,3
0.93570532546280116,-0.11779269769754885,-0.33253635029826067,0.23359921111383844,0.91323298371700845,0.33382169794416017,0.26436140502642608,-0.39003896961773393,0.88203324750940637,-24.502082070188042,-20.00047989214459,-6.4534820379905629,,0.2637117538715593,0.3076923076923077,0,2
-0.12610137151205605,0.9658074580638728,-0.22652681530224794,-0.98825292069049553,-0.10242941694340132,0.11342124708950707,0.08634007672849639,0.23816836165375777,0.9673785312160289,-9.7321057513676443,16.914902626048612,-6.3664735743436411,,0.1241276598017847,0.45,0,2
-0.81740623523825495,-0.47377290636342329,-0.32769845863167785,0.47850611038971025,-0.87515345874010253,0.07168211753949294,-0.32074748465628333,-0.098212304988684593,0.94205912459647489,-8.211430011154361,14.160446648487113,-5.6086231816157506,,0.07113839644802064,0.2291666666666667,0,5
0.10141292203638695,0.98424499200549165,-0.14483513025557987,-0.97550066356928111,0.12695123233200464,0.17967147794036822,0.19522775063994485,0.12306575608793269,0.97300613824300819,9.4175122518065368,8.8836677326900411,-0.016222228149854065,,0.2731017111956721,0.3125,0,4
-0.62633211382763843,0.76251911711476661,-0.16208849195028802,-0.77729313424154234,-0.62669722489138724,0.055371217924052432,-0.059358795887057732,0.16067104390010695,0.98522147205736821,15.087500361813364,4.5479050766582763,1.9012464473167356,0.5915999511492944,0.5446500654513442,0.4193548387096774,1,4
-0.94106732518908986,-0.1242342798496649,-0.31457611665809387,0.12863562878389267,-0.99166849544929148,0.0068169011075919625,-0.31280211711052086,-0.034050533675309073,0.94920777319172966,-18.595149188383903,15.187627653850283,-8.714883984256133,,0.09269594358216751,0.2258064516129032,0,1
-0.72023908992509733,0.68376727702285034,-0.11712371329763392,-0.68058382841692888,-0.72915856153864311,-0.071648060910640105,-0.13439235782300293,0.028108771009333098,0.99052944991611458,-19.356291464071397,-25.81204516534212,-4.4295295292924113,,0.3113812059357606,0.2222222222222222,0,2
0.9388556289513933,-0.15787005609789506,-0.30598554438719905,0.21472423143182881,0.96316155146103222,0.16190531252305082,0.26915351088606204,-0.21770822486719191,0.93816817064046765,-15.329241701038461,-21.058525495764478,-3.8532670124954165,,0.08938207651322373,0.4545454545454545,0,3
-0.78643753057126575,0.6015986411197608,-0.13998244715616312,-0.59690115234221797,-0.79849408882614148,-0.078206166267394656,-0.15882387994726455,0.022051419740421688,0.98706064152408068,-11.730824702547226,14.905005854709126,-6.6998549183548146,,0.2934957064188486,0.5932203389830508,0,3
0.16700833261424697,0.96500386337614918,-0.2021775469890626,-0.96517358555052435,0.2018937434178554,0.16636966707987466,0.20136575327734407,0.16735130724864608,0.9651141763383313,7.5240209207043964,8.6570257125490926,-0.53277203729971168,0.6000600675342216,0.283340034572563,0.8214285714285714,1,5
-0.050230024694026286,-0.94907770445255479,-0.31101198615215331,0.98779771038367081,-0.093174929108439136,0.12479629780732659,-0.14741990360875654,-0.30094840670238987,0.94217696242440474,-6.6912403670518348,18.451209100363865,-5.7380262778124678,,0.1723274785840804,0.6111111111111112,0,1
0.91377284044374696,-0.21288215864876067,-0.34597743076161919,0.29779087294718948,0.93031857758659453,0.21407461359677102,0.27629656540883402,-0.29864448885974731,0.913494213017785,-18.027423600052991,-19.818360705451937,-4.6752194235636386,,0.2717479440592701,0.3278688524590164,0,3
0.84353076910371794,-0.37956864425270126,-0.37997827026746672,0.49904869190524764,0.81542407364415515,0.2933155011744718,0.19851006191866177,-0.4370483090251428,0.87725853138929999,-16.880244101524386,-20.403611739052703,-4.3567149908824163,,0.1576243917846124,0.15,0,2
0.95220704140455137,-0.041789057664201386,-0.30258127000713392,0.098358091079292914,0.97978373361245352,0.1742111399069497,0.28918408707746973,-0.19564639022476063,0.93706726213927227,1.0790044688553031,-25.209833186260237,0.91354168845372163,,0.8385529445106824,0.8676470588235294,0,2
-0.95025944099773385,-0.10089155209686912,-0.29466572503458932,0.081730952101019813,-0.99370144831661911,0.076664744714339844,-0.30054458282147795,0.048768087197868175,0.95252014540781527,3.7749458078847709,15.189221570059992,-2.2962705133160881,,0.09197401994581778,0.25,0,4
-0.95202631296419493,0.067510822356083466,-0.29847644511519833,-0.077720473243714741,-0.99672227071344988,0.022455357993061264,-0.29598214044528715,0.044575822242879995,0.95415280149921322,-11.682640073755218,-20.767727175492322,-2.8539806389032889,,0.1270862811830261,0.2380952380952381,0,4
0.87843669301614991,0.44329662754145999,-0.17842947170582227,-0.3656128111375172,0.86391641399365315,0.34637508854487309,0.3076950579631928,-0.23903248658438656,0.92097080391416974,14.321742538110847,6.277098956634739,1.4615720727901349,,0.3697320833234328,0.2,0,6
0.95466361450496462,0.017419148147285998,-0.29717664177747649,0.054255669417563504,0.9713847353953714,0.23123152504992703,0.29270070972986678,-0.2368718411265591,0.92640057502407958,-17.799718400686981,21.271432141382476,-9.2208771549634907,,0.1684601162724706,0.3,0,1
-0.95591358903754009,0.0012443724055140016,-0.29364546962397742,-0.008439476222453033,-0.9996943635584532,0.023236925583015024,-0.29352680547858057,0.024690706890980674,0.95563192886108828,-17.135153403601382,15.898831166661301,-8.3988530845576772,,0.4959594617660089,0.9576923076923077,1,4
-0.8839244415840497,0.40915862745160131,-0.22642172853383372,-0.41029501822108966,-0.91087769330927848,-0.044269920426003903,-0.22435592168089336,0.053768442542914061,0.97302280291534127,-3.2453952768553411,9.383094580001222,-3.6037257351447773,,0.1520780198479662,0.2777777777777778,0,4
0.91220135276263636,-0.23339465506967597,-0.33677236674484262,0.33909402086159557,0.8913919816736896,0.30072509044602053,0.23000855861017794,-0.38851933026911067,0.89227170355968866,-5.2954065786933855,-21.546991129398268,-1.1550846110165891,,0.4226302930289087,0.3191489361702128,0,6
-0.41714542602031218,0.87090622690919228,-0.25983078624583256,-0.90868534045920946,-0.40493633714820476,0.10157516867584378,-0.016752479961581763,0.27847604347194832,0.96029706217781718,-20.758165705286142,-19.083806707162339,-5.5135301562079349,,0.1123130100011254,0.4230769230769231,0,2
-0.95550706390900375,-0.031892582504115211,-0.29323900491103266,0.0424698156500663,-0.99865404113615075,-0.029772821181131285,-0.29189478511724692,-0.040901947431051057,0.95557546280641958,1.8118824784551615,7.3778681699733886,-1.8609735688620108,,0.1735050997404136,0.1935483870967742,0,5
-0.59942021742287854,0.76388037908189932,-0.23912793521126458,-0.79300505217911044,-0.60734563094649596,0.047689325730277038,-0.10880436647081417,0.21821560673768495,0.96981625002522409,-2.4112701168527471,13.768175579343955,-3.8677691626734703,,0.1159051104660436,0.1914893617021277,0,5
-0.76686829484860741,0.60328728083211025,-0.21899195223155429,-0.59883934548807272,-0.79533416728713002,-0.093994684110876095,-0.23087757936058986,0.059059454212558246,0.97118871709709875,-1.3307909878042783,17.822893428121915,-4.0715417216615695,,0.5415162055233562,0.4677419354838709,1,4
-0.9293662003483717,-0.20711753750110054,-0.30558270780512414,0.18669759252073009,-0.97781889524019738,0.094943230712906571,-0.31846895389817048,0.03118547371327034,0.94742017691850156,-5.8083745484152596,-28.142205890548929,-0.48497386083324601,0.3427165570886775,0.2722038281660738,0.825,1,5
0.045523875405418801,-0.8510368439392868,-0.52312892008178047,0.98857926699547061,-0.03692996145136887,0.14610684725192716,-0.14366144101591591,-0.52380575426875398,0.83963618440379983,11.125925604162106,16.161103179081937,-0.54754427757661606,,0.5269827384149555,0.4736842105263158,0,2
0.6473524226646854,0.74490143941214026,-0.16142083642419397,-0.70430145259897681,0.6655762502369682,0.24691642105674111,0.29136627247699026,-0.046153013793473127,0.95549756388001617,6.3653520694934747,-25.070726232384505,2.2664829238598347,,0.1649364879585022,0.3636363636363636,0,4
-0.37108437942286476,0.89866540946180506,-0.23387360942439525,-0.92853563690103547,-0.35615211884178583,0.10477232100748514,0.010860679220780625,0.25603935260298044,0.96660534633608908,-3.5895838034068821,20.885091046901355,-5.0874131318108651,,0.1149355041581942,0.2,0,5
-0.26173181330534695,-0.90335530797043351,-0.33977293221435356,0.94249801632368013,-0.31503798453177134,0.11157310396367114,-0.20783153545557922,-0.29103308379599063,0.93386604874916257,-17.924267971157931,-23.858961851866066,-4.2792906107034359,,0.7225935583570697,0.7083333333333334,0,1
-0.93015837967851955,-0.14782199486674627,-0.33608636769057504,0.18328469260273958,-0.9801037711582351,-0.076179519681621621,-0.31813850784107828,-0.1324585051818836,0.93874524458642683,-8.5798719172230609,11.213728165755468,-5.320583433866779,,0.1080114769085484,0.4453781512605042,0,5
-0.49292206693846374,-0.78847520059590281,-0.36787864027470052,0.82927357738769292,-0.5537044334965403,0.075609087898823299,-0.26331192485667859,-0.26780264817870131,0.92679478411174943,5.6320848061439497,15.000876712767445,-1.9063430762298563,0.4299549343736636,0.2924330463472096,0.620253164556962,1,5
-0.16322916155208347,0.97088146699795119,-0.17534371348557373,-0.98293239377529928,-0.14474946638718178,0.11354074708132972,0.084853698128980998,0.19088417697790783,0.97793817846186104,-16.493427215043447,17.592389969662069,-8.3927069198689619,,0.133630892307789,0.15625,0,3
0.27210738342525159,0.96096064434376072,-0.050121970311315239,-0.93853132745596923,0.27653277219098288,0.20661213248042093,0.21240649535548578,-0.0091796474221714011,0.97713827824111221,-3.8442458130155108,-20.834515430420769,-0.74854953538748747,,0.2263808750990977,0.2222222222222222,0,2
-0.22716889652233976,0.95145632524422541,-0.20766596641139082,-0.97280136014530427,-0.21178524430460829,0.093832425068751557,0.045296866914479469,0.22333354304177355,0.97368902756482745,-13.89593597124049,-29.051871301799451,-2.6802786766301065,,0.1513773597721762,0.5,0,5
-0.39044126736845619,0.90643830586561402,-0.16101308765187342,-0.92060552401183571,-0.38563181997553786,0.061429378812160658,-0.0064098279702008839,0.17221410244759358,0.98503868808466721,-16.055388988161397,-20.301213437962275,-4.1389948961147995,,0.2595285571949165,0.2758620689655172,0,4
-0.68606155298679794,0.70978656107062654,-0.15975788943547467,-0.71759348871803319,-0.69635519669453994,-0.012207579038886347,-0.11991301206635355,0.10626607059660458,0.98708074227852916,-6.8000777767087994,-29.988385041593652,-0.65858383512167673,,0.2281595992908746,0.2,0,1
-0.86084845133067101,-0.37462763625156809,-0.34437490907171059,0.39356013188300432,-0.91915778851283336,0.016105353409030004,-0.32256839032028256,-0.12166796609116343,0.93869406069998207,12.027614777137305,8.3323403768375801,0.63801146614195903,0.1439076853107397,0.2444320179012202,0.4754098360655737,1,5
0.37282619679103274,0.89707569687792132,-0.23718309606151949,-0.89844502681390825,0.41289247457189532,0.14938653967226687,0.23194214964014409,0.15740075766301359,0.95991032951386657,1.891344132972554,15.871192779924092,-2.9153056409510318,,0.08811106677966805,0.2631578947368421,0,5
-0.58074456260025531,-0.72186436936571297,-0.37636097732161455,0.78003545019707898,-0.62572560929930254,-0.0034868758018367905,-0.23298165044929869,-0.29559988854405733,0.92646654361971559,-9.3942179252578395,-24.457217925007242,-1.9717800441981628,0.6855263885575609,0.4843632273278854,0.1724137931034483,1,4
-0.17440050512962429,0.9846700601135242,-0.0030555730330101721,-0.98173447745762799,-0.17363926285505973,0.077761315357630423,0.076038671618652923,0.016561374072810719,0.99696732208598027,-17.795049478059102,19.048818970046995,-8.9618986107937992,,0.3211290044544027,0.12,0,1
0.92603433429025306,0.23831298152997424,-0.29268982652272252,-0.17279118948204031,0.95710062042228627,0.23259752196585357,0.33556462351235533,-0.16481906813705857,0.92748641942911603,11.026337809281745,-31.943999350350591,3.9668316167221254,0.6899192882588412,0.7041030087425746,0.5769230769230769,1,5
0.22457014836361716,0.97349363688571511,-0.043340366945464101,-0.94947664790572839,0.22860271432291537,0.21502300827096976,0.21923125585929773,-0.0071370825426193621,0.97564682057962726,7.7058920752410272,11.546686506914178,-0.91114089385584895,,0.4454137609909605,0.2173913043478261,0,6
0.91943272990416214,-0.23546574471310952,-0.31495926442586447,0.32146902400007704,0.9113473118990193,0.25710648319882951,0.22649750945522298,-0.33764176305832316,0.91361749000850923,-3.3775128561328662,-24.892153396282257,-0.24057061995953938,,0.1352903164081433,0.44,0,2
-0.93677087300122508,-0.14135233712799194,-0.32012473863320429,0.15304038070192305,-0.98815285236198414,-0.011514436307735181,-0.31470458110922578,-0.059778400424643316,0.94730542565296083,-11.763283674065327,12.10554487153577,-6.3611336690141416,0.963691005748007,0.8322635725720674,0.52734375,1,1
0.92304463089611499,-0.23838516021708486,-0.30192900616226109,0.29138334003099869,0.94568313275578664,0.14414978866991385,0.25116599795003192,-0.22103377074437305,0.94236920241712541,-11.790425626781166,16.276519392236004,-6.890933125485299,,0.09950080409309689,0.2142857142857143,0,1
0.31719154389487242,0.9339158789746862,-0.1648958928552384,-0.91115726013519127,0.34832960893821874,0.22013389298306257,0.26302466003118002,0.080421480562638842,0.96143143992673485,-12.086732307278375,-37.543720257716302,-1.3097945809508988,,0.3651156761418751,0.7037037037037037,0,3
-0.81589073619859931,-0.47756091357720776,-0.3259722080310099,0.48035133096261667,-0.87363534720056168,0.077613651918963342,-0.32184608965738831,-0.093256924381293765,0.94218800704911931,16.585938285709005,7.2913789413951164,1.8918499078123898,,0.09088891068619893,0.2222222222222222,0,3
0.23360042921096857,0.96929749716463953,-0.076767190015121473,-0.95345243227887411,0.24383240977334494,0.17740973853095843,0.19068114446360634,0.031750872972094432,0.98113841185204842,4.7039043548729111,13.109602140436577,-1.8467173034531648,,0.2859406044383422,0.1071428571428571,0,2
0.94169866543462999,0.16136421420260272,-0.29523755501868809,-0.066209329801156153,0.94920559424852535,0.30761187313656263,0.32987868704406781,-0.27013020975462843,0.90454945780316598,6.0838291956366559,11.893760920435545,-1.3206615335717742,,0.4825656810415362,0.6363636363636364,0,4
0.9537299444995907,0.093541469884331471,-0.28574321755150489,-0.010814789435184997,0.96042996278463366,0.27831156446504318,0.30047002062482125,-0.26234382020048808,0.91700244640258921,9.0711500652119099,-29.25559357421475,3.1734802598207366,0.5226244774163519,0.419119019419459,0.1111111111111111,1,4
-0.66122405981396781,-0.63059510354868609,-0.40636505521951105,0.68785072472139419,-0.72581772698482883,0.0070716118974777824,-0.29940628454223606,-0.27484257780591115,0.91368344310358096,-20.66864123659203,-30.111679845987709,-4.2919426069595072,,0.2524926601847578,0.1428571428571428,0,1
-0.44506068740149535,0.86759021141204917,-0.2218292352051581,-0.89546651791444309,-0.4333282602860809,0.10181519597595208,-0.0077910091703076098,0.24395459392976201,0.96975535898321996,-5.8628703160290838,16.75660869661478,-5.2358299883531743,,0.4526846798297533,0.8765432098765432,0,3
-0.38388084133718514,0.90239465956269138,-0.19575336024444059,-0.92298379103373906,-0.3687630950587571,0.11006680340444668,0.02713708059541748,0.2229297156402005,0.97445673107703312,0.010498134693080951,-27.017771673374231,0.76034260274773935,,0.5617410328468854,0.5517241379310345,0,2
-0.94643279102595768,-0.045586037653358377,-0.31966683475437635,0.091794856677784253,-0.98712249287009268,-0.13100720727287429,-0.3095782233270295,-0.15333328810470157,0.93842965980444126,11.954571954044225,5.3944176715541348,1.0079739467039655,,0.6296473595436762,0.5371900826446281,0,1
0.63610472368772275,-0.65521682999729147,-0.40750667011776104,0.76540924366342555,0.60260225275587953,0.22587433384101138,0.097567772428952509,-0.45558910287872173,0.88482715776665233,-14.863106397226929,11.737891428280943,-7.212725560173137,,0.3760250813350365,0.3962264150943396,0,3
-0.80758312538792787,0.55192658491492896,-0.20781371574756557,-0.56197523652851911,-0.82705701160856215,-0.012670164869856356,-0.17886679154438176,0.10655395071632963,0.97808635941278732,-2.3059799542436936,16.786525946709336,-4.1872062191417889,,0.06895655232393859,0.2857142857142857,0,3
0.58346305808450638,0.7683632578483659,-0.26303757115538001,-0.75687858935222097,0.63188209414027607,0.16691261212110634,0.29445824972458728,0.10170016270166479,0.95023755770627549,2.852375278618505,-27.058006285230679,1.5318286647814912,,0.2796062481011293,0.4375,0,3
-0.2038956713931509,0.9786991275984227,-0.023970248751812213,-0.97516241191254815,-0.20087332528007107,0.093317616685324428,0.086514886464923932,0.042401943693823892,0.995347803328539,10.378399661455427,14.193730733080688,-0.57387536610869117,,0.2729851875948155,0.25,0,3
0.93093361972929511,-0.15426301519859487,-0.33100682440026891,0.25841645197658752,0.91872178416515371,0.29861550637605594,0.25803785188523115,-0.36352882339951281,0.89513309711585398,-9.5036444008159382,23.575220596688212,-7.0940254982143367,,0.7896552737725226,0.36,0,1
0.073781536472378451,0.97907505501113912,-0.189653161140835,-0.98810312814899282,0.097500604497257434,0.11893628657750112,0.13493884917973462,0.17862157982059684,0.97462086895594635,1.6627973956578592,-24.345751949382258,1.0002634413968658,0.8154014044106356,0.7508169380417083,0.632183908045977,1,3
0.32461647998639392,0.93227806762672216,-0.15963002707332219,-0.91896421556758345,0.35081669010324806,0.18009003429190229,0.22389486690743937,0.088234089598001345,0.97061106216924653,21.755736251528756,1.1194361146615266,3.74229545833817,,0.4900338883101896,0.1666666666666667,0,4
0.90999707047158718,0.30632243447778218,-0.27941348906009239,-0.26255742213858552,0.94731733815719676,0.18344879641661252,0.32088772462197757,-0.093575781922290213,0.94248323126969324,-26.654998840191276,-21.330457775696257,-6.940234438709445,,0.2679007505763997,0.7666666666666667,0,1
0.94930677162285315,0.12032919212021818,-0.29040926100021858,-0.050503083667225966,0.97021670539724314,0.23691556113565199,0.31026777449664122,-0.21023898328287099,0.92711028363247439,-6.4380148907281765,-23.831281868939271,-1.1588089035358362,,0.4432377175260353,0.1,0,4
-0.94359768316004555,-0.044699753679109056,-0.32806301887902839,0.11480374465252288,-0.97354565928961023,-0.19755745871041192,-0.31055355826129738,-0.22407762337945472,0.92376712766360225,3.3814364942055692,17.144067297736324,-2.6949784106957826,,0.324884769241876,0.24,0,2
-0.51239554270728749,0.84050706888301152,-0.17606440574799287,-0.85743947014125677,-0.51206624436503434,0.050849940273025564,-0.047416904765979408,0.17701985351812424,0.98306439697653392,-10.729514651604127,15.948473999198313,-6.5231595504439852,,0.09607367705041048,0.3333333333333333,0,2
-0.699564442371441,-0.6130249741569157,-0.36716477503901035,0.63926916122354194,-0.76649954503400364,0.061752627241386651,-0.31928753573868651,-0.19151717552892664,0.92810378783805103,12.84688559039548,11.272522075969789,0.54157583412416921,,0.1174909592632288,0.25,0,4
0.95472456007770112,0.03293245527934846,-0.29566276020783072,0.049228131447002478,0.96266298873640044,0.2661889576810747,0.29338985234441245,-0.26869206074310065,0.91745679518708079,2.0229153700691827,35.348558872822558,-5.1895973929757044,,0.2521463903410489,0.4,0,1
-0.87450820872218726,-0.28647909601179256,-0.39136315670458466,0.34755086756088766,-0.93297056151739755,-0.093671371291262254,-0.33829541429819193,-0.21793498776051878,0.91545647290007004,20.485794236683322,1.9262901242336397,3.4133966204713819,,0.2997453115683489,0.2,0,2
0.95275005693137038,0.019894963707509917,-0.30310314982914338,0.10368093841428862,0.91662544851917294,0.38606741656938337,0.28551285790101261,-0.39925177212643925,0.87125221975447187,23.496875067651121,1.5901434642314221,4.0392448318917555,,0.6581333698505942,0.1578947368421053,0,1
-0.8205171536440069,0.52806764885359092,-0.21885191068431731,-0.538573635140704,-0.84246902472745877,-0.013578729914482793,-0.19154644373431676,0.10672628827520939,0.97566359944590086,0.037074206096125072,-34.814425438028806,1.5558152080706391,0.5676730161584528,0.2232608805650973,0.1111111111111111,1,3
-0.88954988258142353,0.35100792153394916,-0.29239433205825666,-0.37406174868011632,-0.92706401197352484,0.025102308219113162,-0.26225715352255075,0.13170329048270071,0.95596831992607367,13.630070820100702,7.3708481497176068,1.1718100273259076,0.7682196025060181,0.6000178215811064,0.1538461538461539,1,3
0.93879863885674342,0.12838751003104637,-0.31964630914301756,0.0021619607527823075,0.92573184383147933,0.37817440320845663,0.34445963712230349,-0.35572067775769922,0.86879822617750169,13.089331656786795,-26.769763424636142,3.9736400566694017,,0.467275728572307,0.3529411764705883,0,4
-0.42292306610033398,-0.76081397974757481,-0.49223791847129078,0.87128816717890589,-0.49067392257179049,0.0097995633593908182,-0.24898395509412818,-0.42473661241841271,0.87040553776789353,-2.4227293346439578,19.319329307578535,-4.5384707865486771,,0.09909929731628166,0.4285714285714285,0,1
-0.39330703926479665,0.91934722694017967,-0.010499961055281086,-0.91940659471107578,-0.39329408455315079,0.0033580734481364039,-0.0010423370586749208,0.010974487363955295,0.99993923523409911,-11.498490031626744,-19.723783450049911,-2.984446812391405,,0.6939157252463649,0.2222222222222222,0,1
-0.46256041530263292,0.87670338876342957,-0.1320190528892545,-0.88627317472763623,-0.46120757905025556,0.04251386579458296,-0.023616137560016237,0.136670176546758,0.9903350649600493,-1.0551960009801107,19.374480575753296,-4.1699652193565173,,0.1458825561331875,0.2631578947368421,0,3
-0.32019465278098264,0.93746920378676268,-0.1364803146313735,-0.94700566622026072,-0.31284479457961345,0.072858785682708163,0.025605711807825692,0.15257662486715348,0.98795987826781806,13.916889180440643,8.0153792613983939,1.0840844599507093,0.8717198263503958,0.7441342246861811,0.7641509433962265,1,1
