axis_00,axis_01,axis_02,axis_10,axis_11,axis_12,axis_20,axis_21,axis_22,location_x,location_y,location_z,dbh,dbh_approximation,score,reconstructed,number_clusters
0.75732615264730363,-0.61861388587232791,-0.20922227109553118,0.64499824784746973,0.75868970411534087,0.091472362728153719,0.10214870919462189,-0.20422241080575718,0.97358042715255799,-5.7362554926136307,-6.3219490694479257,-1.7175173326980722,,0.06779763052729082,0.2244897959183673,0,4
0.42570090053035919,-0.83674684301546265,-0.34443208908477085,0.90277488531212846,0.41859621830036492,0.098867145575805726,0.061451198013673908,-0.35303247262580717,0.93359082232763724,-15.045542622417662,-11.741292096391238,-2.9725569807009204,,0.3772382555205522,0.25,0,2
0.83293588199142454,0.53357517602345983,-0.14668110997229483,-0.5237557745175464,0.84571162851294346,0.10223370313899782,0.17859928653467624,-0.0083290413326979115,0.98388664078733457,-9.0772483494372072,-15.64106473569349,-1.6121810801866963,,0.6863930147040367,0.6865671641791045,1,4
0.98238468134697432,-0.019244618298895358,-0.18587625593747953,0.071240440007262346,0.95813371697029304,0.27731675050790466,0.17275745298648407,-0.28567363383977462,0.9426268813090376,6.1098534586603064,2.3997285940409641,-0.35638161829384668,,0.4784670809190749,0.1739130434782609,0,1
-0.97582060233473766,-0.11456279138354047,-0.18614381238569513,0.13763435381083888,-0.98365189148715049,-0.11612812331568617,-0.16979675117664134,-0.13893999857550673,0.97563555700153493,-2.1555427991636229,12.747089344678527,-2.737458876735702,0.5440791283090954,0.4255399065224271,0.375,1,5
-0.49153284188027407,0.87060002429543937,0.021238244981238094,-0.87082730680892817,-0.49116055507447604,-0.020520985718092685,-0.0074341824709452343,-0.028581582106558447,0.99956381792023441,-8.5323297362248365,-14.76287505236111,-1.5658066396095855,,0.2778215875057705,0.1538461538461539,0,2
0.50730583402200202,-0.82981335649728738,-0.23248781504833343,0.86024222171636922,0.50366864528571864,0.079380197357620655,0.051226074842086494,-0.2402658717645014,0.96935452757054685,-0.040311572543631193,-4.5639537152482648,-0.82522322489609801,,0.08941096439050046,0.6666666666666666,0,5
-0.9108192255920331,0.40672452842512502,-0.07059388266195582,-0.38680451598937221,-0.90061087454513544,-0.19819767673026434,-0.14418947500479284,-0.15321622181873107,0.97761658367144977,-8.2146840441664359,17.756854003730318,-3.9818521864957273,,0.7574655214666994,0.5306122448979592,0,1
-0.95449005745329296,0.26620774561937144,-0.13446994606625798,-0.25145126111545835,-0.96075448544364717,-0.1171455589570481,-0.1603776589997995,-0.078001633778822674,0.98396887736430927,-7.3131167894729696,-7.1557678089686698,-1.9664875285964731,,0.08608097769910207,0.2142857142857143,0,4
-0.42782930474560382,-0.81087493716704662,-0.39930429784217308,0.89566800673477076,-0.43968014174549164,-0.066784688862238692,-0.12141213988994219,-0.38621653153250957,0.91438278803701367,-17.997242015912871,16.546296774254476,-5.7327442743465937,,0.2753183956830551,0.1666666666666667,0,1
-0.74480670471177046,0.64791378481969675,-0.15959542617822345,-0.62692418068306166,-0.76136704600517258,-0.16518563173662604,-0.22853674604156063,-0.022977134241941723,0.97326409931259772,-27.00518009288859,16.664159551383808,-7.4894258678100085,,0.34364398971457,0.1470588235294118,0,2
0.52300908501905863,-0.80445503722854605,-0.28162668564102189,0.85091385229285488,0.51183504673724933,0.11819687351031061,0.049062337527494351,-0.30145808665401153,0.95221631419926933,-13.624538025126393,-4.0405610661305955,-3.3560054101434793,,0.0722934999574585,0.3636363636363636,0,3
0.58006569747539893,0.80369156532292896,-0.13267876409268356,-0.79976065147420394,0.59283187770897694,0.094515951699213369,0.15461787401829893,0.051285793362601424,0.98664232649589523,-4.7950337937436176,-9.6699458098488478,-1.2593876243696662,,0.1208890842873424,0.2692307692307692,1,5
0.080005810755220827,-0.95889804245053389,-0.27223815755682673,0.99617057766784844,0.067255075781975593,0.055865328876388537,-0.035259756583194447,-0.27566519360647712,0.96060681373785739,-12.460203911837429,-0.8013930900277475,-3.3449044302235222,,0.08683331322456683,0.2391304347826087,0,2
-0.30889015796518543,-0.92935651473321879,-0.20219628788671601,0.9453390870930044,-0.32336059089052049,0.042094401921140209,-0.10450301778612844,-0.1781415077455514,0.97843994322172567,1.489323238920182,11.262769530850363,-1.9560708310187804,0.1658125350875662,0.1659287972526472,0.325,1,5
-0.76748553665010255,-0.60050723264974959,-0.22440368661910534,0.61850927389029686,-0.78567155468113381,-0.012902956119792397,-0.16855927486971259,-0.14869859347106007,0.97441084720723758,-4.1164378896365292,-21.07521997752421,-0.3373831758049774,,0.1230516715413378,0.2727272727272727,0,1
-0.20253243491668876,0.97132907802283808,0.12450074294566359,-0.97923274082595735,-0.20206900060829056,-0.016472956251126776,0.0091570792943024056,-0.1252515116893666,0.99208276203063195,4.2703869300277715,2.7360912587363062,-0.71736217150057946,,0.1808589303800348,0.375,0,2
0.62859433029916412,-0.71761953785712151,-0.29981889000107576,0.77418223670180886,0.61415683878168992,0.15314451264431875,0.074236327300925789,-0.32838023123113386,0.94162380569177262,0.20818551942639438,4.5895778815649981,-1.5539634685875594,0.7963726265566713,0.6368725285645747,0.1707317073170732,1,1
0.54870877553396391,-0.81025892286372359,-0.20591055721292545,0.83404910925939457,0.54743018584828107,0.068427150793581581,0.057277945106553874,-0.20928609495577005,0.97617547985110531,-6.7475416915372302,-5.2351891383293747,-2.0071225094762202,,0.07430352995834857,0.26,0,5
-0.2914791691337702,-0.87135565550466776,-0.39468875786006163,0.95123211597813673,-0.30758473091242944,-0.023432772804027655,-0.10098195627360262,-0.38227078743942722,0.91851602575981051,-7.5874615424100114,-9.8697112156275733,-1.7548665368259269,,0.1661174684651676,0.3703703703703703,0,5
0.11111298761804014,0.99018184798433917,-0.084816342204271797,-0.99068898537836936,0.11711622131422153,0.069419917567331568,0.078671711768399114,0.076313161560750339,0.99397538356844251,2.5288070589315041,-4.7106545450631554,-0.36955102174174054,,0.08946100482293198,0.4166666666666667,0,2
0.69922072929415868,-0.68319419975715567,-0.21056129070540522,0.70943455775919984,0.69946006332314858,0.086361033301985676,0.088277856693255413,-0.20976488084080688,0.97375855055731775,-7.8838037989916936,-4.3156564794833212,-2.2479276231971141,,0.07283617321602801,0.2235294117647059,0,5
0.97242484039484844,-0.13324294332868758,-0.19140597649019023,0.16797221854262392,0.96950088271638823,0.17847513050846628,0.16178771146451187,-0.20570453681251943,0.96514785393421643,-12.873501339937292,10.534346746745848,-4.4685284582499598,,0.1615363320989271,0.2413793103448276,0,2
0.43087817861541805,0.88909991514038123,-0.15441935141175839,-0.89394341399293342,0.44392538710727492,0.061607006584608361,0.12332545467874731,0.1114970474004776,0.98608277575934611,1.9538301328427616,-7.5363710975514522,-0.30842922467799566,0.2188051797263394,0.1638762102925775,0.6666666666666666,1,5
0.031019566172902614,-0.94964185778008858,-0.3117982175485105,0.99863203173823678,0.016308236180355287,0.049680042462222289,-0.0420933688460235,-0.31291274084745907,0.94884865226996273,-8.049587611542103,-8.9711776972483701,-1.930695000659816,0.2677810287603972,0.1649117390294604,0.3421052631578947,1,5
-0.25443896708266611,-0.8338875115726776,-0.48978814815492766,0.96254604932708487,-0.26739479712232261,-0.044778626561483188,-0.093626465033807588,-0.48283707450343882,0.87069078583055737,-16.426519915438632,8.0673164064303364,-4.8965534844528662,,0.5075130879995895,0.2734375,0,1
-0.82264485883126992,0.5676396046415626,-0.032260122145664337,-0.5553286019194309,-0.81438000876193672,-0.1685091843761666,-0.12192448535340648,-0.12070824566400194,0.98517203538266784,-1.0258904262131925,2.7038570231745895,-1.5921317435050157,0.9158324170193352,0.5494153796463551,0.2162162162162162,1,3
0.71052480693168307,0.7001512978101806,-0.070304046180979199,-0.68744634826599604,0.71199948920361744,0.14308824420453589,0.15023986485099039,-0.053337487272183168,0.9872097525151623,0.54221960997638241,11.56346913263992,-2.1765360829864968,0.357474008121877,0.2278736342971125,0.3076923076923077,1,3
0.90802526504569636,-0.3782086530688038,-0.18013420769685429,0.39385881493224539,0.91724044252850245,0.059541619815749902,0.14270722455033427,-0.12501274068668841,0.98183830783237536,-6.151793937851024,-3.6056528421146719,-2.0144029237028191,,0.07035052747685337,0.2622950819672131,0,5
0.76462898242830135,-0.6067146255710627,-0.21734737713813282,0.63734643413738057,0.76188319253763304,0.11542756958815913,0.095561718920423852,-0.22678484086646744,0.96924537338598882,-2.7134949964317534,-5.4925778719980638,-1.2473470080310536,,0.1609175443413904,0.1754385964912281,0,3
-0.74960841234109543,0.65644606156140006,-0.084651027211665411,-0.65478539942557901,-0.75415937740348471,-0.04999714165303927,-0.09666079270598002,0.017949978688448304,0.99515551016840409,11.043041285698393,-1.1394187963177698,0.77784018420697842,,0.09776692690652111,0.15,0,4
-0.53351019870960092,-0.8078387116593313,-0.25052641341270943,0.83922315067992181,-0.54245940002706616,-0.037977660343182826,-0.10522058370731853,-0.23050903510897161,0.96736457114028296,3.8595776312485506,-6.8536749938973163,-0.020474840058585287,,0.1749407014005649,0.125,0,2
-0.97077692284341399,-0.10764700791759554,-0.21448610155686604,0.14369185747724852,-0.97656377779541359,-0.1602368184678194,-0.19221034355468802,-0.18637411189416817,0.96349357768811794,-9.5853674837961922,-2.6448880850485308,-2.7098307661070802,,0.1187738306759299,0.3846153846153846,0,5
0.78740586824196357,-0.57804633174296949,-0.21413649155764225,0.6069690821042879,0.78767478517209422,0.10562654104709289,0.10761288039820156,-0.21314518798835627,0.971075999502516,-14.268076915700233,0.13955325960566303,-3.7505751128702864,0.167633554928718,0.1904098384752219,0.6523809523809524,1,2
-0.80335432407187302,-0.53358202381593944,-0.2644088762797322,0.5746198272105969,-0.81113044188379724,-0.10899293750449932,-0.15631341647948244,-0.23949453043834265,0.95823195820147311,19.502677158206541,-11.505105498632867,3.1734691406449991,,0.236676385885838,0.5,0,5
0.88897580131790632,-0.41731141272460887,-0.18860861454604375,0.43677001067721927,0.89642101118992867,0.075241800019984872,0.13767346310821366,-0.14926672605445876,0.97916569693222733,-16.793770872381973,-4.7716079269216092,-3.8455199817158383,,0.09605072428970135,0.3428571428571429,0,2
-0.9509143782875783,-0.24311819941844207,-0.19145596432987985,0.24947880039055542,-0.96833393976957671,-0.0094714965037389701,-0.18309061505614888,-0.056770786517941277,0.98145550305477247,0.21971596555016057,6.9482651788099128,-1.8217609101647907,,0.1506244867775754,0.1764705882352941,0,1
-0.71824823522862302,-0.66653121308501651,-0.19963871011000323,0.67651785720592994,-0.73605091662411881,0.023508232989570707,-0.16261322662214836,-0.11817440552087273,0.97958753994082748,-19.983392981510349,-6.6078236381180506,-4.2646671612710394,,0.1225317884040085,0.36,0,1
-0.67191598643938999,-0.63391907030521655,-0.38298240099324676,0.72399664468393443,-0.67116126590168634,-0.15928406586865856,-0.15606974611879976,-0.38430348353432414,0.90991926394037692,-17.915088239330775,-11.184092389501091,-3.5236338820235398,,0.3585100291991523,0.119047619047619,0,2
0.52916289984013065,0.84785893857225336,0.03349396536565203,-0.83843380089219455,0.5163969215378249,0.17424976599044514,0.13044304103420509,-0.1202889841564433,0.98413168495702807,1.9913106981374589,2.4331436323529596,-1.0665707110348734,,0.1780997893570294,0.2,0,5
0.78289247094568126,-0.58728525991358127,-0.2053665075537027,0.61476919065017976,0.78095386272399703,0.11031729929523007,0.095594043558637376,-0.21261958466874056,0.97244778320041603,7.9360468186801301,-1.9115916148602121,0.33305729246729909,0.5644091547171972,0.5210238584168891,0.9537037037037037,1,3
0.53869971949228335,-0.80372112593489686,-0.25265582111813162,0.84233011490903542,0.5078195733830918,0.18055264718731204,-0.016810405594948265,-0.31008326722826668,0.95056077009772344,-14.632720244581167,2.035730652682946,-3.9998185562731114,0.4739800700929961,0.4956519238618479,0.6694915254237288,1,2
0.7698356312902791,-0.58322103049260332,-0.25924183764786779,0.62871299506631728,0.76289374995852866,0.15070864643063625,0.10987752559390083,-0.27900959815991933,0.95398143247340073,5.7918909199749269,-10.290982877507231,0.62141242563047638,0.4753650313194456,0.2932754350432814,0.7567567567567568,1,4
0.74121829691301611,-0.59135121393550394,-0.31764630975091473,0.66042734564838224,0.72712123701787645,0.18743112814424787,0.12012975252284661,-0.34870969079536507,0.92950007751704922,-13.220179516655628,-8.7345015822132019,-2.8863514790276215,,0.3980808926950115,0.2380952380952381,0,2
0.78841166729304946,0.60307111897975108,-0.12129413971296034,-0.59790321359530807,0.79762574494805749,0.079403514836950767,0.14463329509002876,0.0099194984031285415,0.98943560351486892,-15.345302748946937,-7.7823103393141837,-3.3308213133022231,,0.1946454518830244,0.3103448275862069,1,3
0.19534184230426851,-0.94031491377050935,-0.27865646876743011,0.98063753472828852,0.18326224147878192,0.069028807973170486,-0.013841608548091402,-0.28674520708972973,0.95790688278343061,-2.0815780421818033,-6.8131564200057033,-1.0042771341773442,0.2283980363713883,0.2004665234689813,0.3469387755102041,1,2
-0.049249233471918376,0.99649592921556185,-0.067604556497638704,-0.99794923754742482,-0.046324156542698863,0.044174560542474685,0.040888045697266048,0.069641478857226033,0.99673378198074358,-16.49134820371269,1.1416621902259187,-4.2459730327504088,,0.3281252678375814,0.25,0,1
0.89177717914532806,-0.4101139755672597,-0.19115436118493065,0.43105370777190172,0.89847041033763964,0.083328403103680879,0.13757239465713222,-0.15670816440801896,0.97801655785378794,-2.3955269616497223,5.2957296456862162,-2.0909166004085447,0.4836192829670438,0.4223077324304341,0.9394987035436474,1,5
0.34968905225933389,-0.87697558928210195,-0.32959275254968712,0.93672777956145759,0.333325549851685,0.10693523654031473,0.016082093390791342,-0.34613276877432775,0.93804769209928107,-21.822796398726307,-4.8929544793041106,-4.692030504062938,,0.1802177326731194,0.5,0,1
0.90142513738672936,0.42625537760148019,-0.07575668124420519,-0.39311457984923898,0.87919003219433711,0.26923189707030798,0.1813660629700958,-0.21291134388740354,0.96009119923410768,-12.29843050071787,13.610382091011864,-4.591156144801313,,0.2384608316635146,0.2727272727272727,0,1
-0.43547896129067282,-0.83524331702584753,-0.33574793467251046,0.89178408707088108,-0.45115662686052643,-0.034334240737008838,-0.12279746056149494,-0.31436650490071505,0.94132591820057565,-11.968547772146238,-5.9697427756889088,-2.8695579363784991,,0.08271941574196671,0.3095238095238095,0,3
0.59010335520802282,0.80396418181191087,0.073618099240190971,-0.79411277203281483,0.56159449830324903,0.23237152314748125,0.14547486197481843,-0.19558428832354235,0.96983702274886407,1.9209973225337653,0.58265272724158357,-0.88483606897155664,,0.4229520329557984,0.183206106870229,0,1
-0.38896839436802083,-0.84933985474821971,-0.35682684781142532,0.91400090719482141,-0.40428202422903997,-0.034035077968385556,-0.11535133215445761,-0.33937863224066428,0.9335503275928132,-18.847593946799329,0.74159079197700184,-4.6279220301533828,,0.1485033323415048,0.4,0,1
0.82040801493699478,-0.53898666757112212,-0.1908508873642405,0.55932136743579497,0.82580266527433033,0.07217732300082999,0.11870255665693884,-0.16596183358347899,0.97896188528293437,0.26449207540005731,-2.4382294411962762,-0.97269629564302607,,0.111479428651083,0.4052287581699346,0,4
-0.97820892030386641,0.10342704386850854,-0.18002820566390812,-0.10530018384406314,-0.99444011561495971,0.00085307567789222403,-0.17893903855880999,0.019791489391334779,0.98366107853636342,-5.8052955590227429,-4.7206193256397464,-1.8857234408552197,,0.08950620096050751,0.1833333333333333,0,5
0.085557376030251514,0.99131647480938256,-0.099857809801312994,-0.99395385407358405,0.091845789512444598,0.060167158160430195,0.068816214507081419,0.094106310735958446,0.99318091549353726,6.5388697380897822,9.4297246665857219,-0.92726402174376488,,0.1552785499395096,0.4565217391304348,0,5
0.81698921653568102,0.57018165885028793,-0.086148104884252757,-0.55254397606718342,0.81679264237678384,0.16596666493913498,0.16499628655300699,-0.087992359156265992,0.98236122182923757,4.4100737128791021,4.5720425505254356,-0.86034662239090398,0.4652880151281975,0.3644324970686504,0.2865853658536585,1,2
-0.025868225137902455,-0.92277680256674643,-0.38446561299147025,0.99818512229842915,-0.044764867431336397,0.040281115500012121,-0.05438103116239365,-0.38272585395887088,0.92226006319322307,-8.3441567371843792,15.188445338666815,-3.9251763137729796,,0.4005908357518567,0.2307692307692308,0,1
-0.66115244357673542,-0.63885630671654536,-0.39337013831886963,0.7340167909795805,-0.65928819397050242,-0.16296756686884475,-0.1552314301697626,-0.39648669165510225,0.90482125661803581,2.0989485588548367,5.0934130268345603,-1.3377129166063777,,0.3043750432343364,0.2079207920792079,0,1
0.46828059272611,0.88002460272767069,-0.079183237304938703,-0.87400575615169163,0.47449947436857692,0.10471001402757825,0.12971979297622396,0.020172937762048114,0.99134546344463381,2.3336720362415888,-11.972763654440813,0.16707667152993752,0.4441195354132859,0.09567348865698531,0.1428571428571428,1,8
0.94068975924404896,-0.27974926261958977,-0.19194563531679867,0.30233771191894804,0.94792419464292998,0.10015802095772446,0.15393077926454107,-0.15225002881559194,0.9762813344116863,-10.636260763419868,0.548899457579479,-3.1564829268665981,,0.07135200516572854,0.2883435582822086,0,3
-0.3421787174528535,-0.91682087530021483,-0.20579895027931847,0.933054842671873,-0.35740723451379353,0.040850083032588816,-0.11100624256719739,-0.17804367815497216,0.97774130667583148,-9.2226586652630509,-6.1079206953852285,-2.3727919752644993,,0.09534902476708877,0.2763157894736842,0,5
-0.46970462537460583,-0.83813431446893938,-0.27732370221707081,0.87686749107792517,-0.47934759545211081,-0.036459372251650635,-0.10237659885152499,-0.26030127476437925,0.96008451626074731,-1.9076512875851546,18.590352063914835,-2.8678032888140437,,0.1795067788675045,0.2,0,4
0.96161462795687658,-0.20478110517857998,-0.18265269300286049,0.22182545617550703,0.97194990991129149,0.078146270646529209,0.16152638884060436,-0.11566361392102392,0.98006691308442917,-12.82245482515504,-9.5929027911692373,-2.7606471180339391,,0.06356859125450953,0.1428571428571428,0,1
0.86204795185212235,-0.45242603943566551,-0.22843819196473875,0.48711971171987345,0.86406134513181088,0.12693454337946297,0.13995611869978591,-0.22070040935522309,0.96524795474993275,-13.721374261380305,4.281438599342871,-4.0751089915665277,0.13379111279545,0.184824650831924,0.1870967741935484,1,2
0.84042344205675545,-0.49955024273912191,-0.21009044009845168,0.52720867419751205,0.84340159493746036,0.10356043408488717,0.1254569722748729,-0.19779611886038906,0.97218169262303489,-11.32948408094563,-1.0548522852559559,-3.1416210219508551,,0.07792484583102603,0.25,0,4
-0.90123482735937777,-0.38936015360108783,-0.19019583786784008,0.39547299946917369,-0.91845607090913983,0.0062890779133097981,-0.1771352382937037,-0.069549382440695959,0.98172602632137151,0.75528778457393642,10.275533261320492,-2.0534276828120928,,0.08485185181176705,0.1818181818181818,0,5
0.86378071872679407,0.48384117640578456,-0.14064347112500239,-0.47411383162182552,0.87496729388174355,0.098225807719404021,0.17058412769274336,-0.018164543801718207,0.98517567201376854,-3.4536111688620945,-6.7054786194125038,-1.2536060634494248,0.4097278064024764,0.2239481905106949,0.524390243902439,1,6
0.98390280014758058,0.060492660738395446,-0.16815444644296676,-0.01806276031780972,0.96980919650200315,0.24319510494629804,0.17778924756984754,-0.2362430112763739,0.95529064847909984,-16.902176445962056,6.8170419421687631,-4.9280956940281762,,0.1596426806747583,0.1228070175438596,0,2
0.39754326043645738,0.91492476986916405,-0.069799867918288044,-0.91013243642248853,0.40284702254116339,0.096815415102070881,0.11669749034669845,0.025038808070253136,0.99285182874243882,-19.905616027491039,0.56435668919889659,-4.8410288294009431,,0.4937808376970189,0.1764705882352941,0,1
-0.8319765656182837,-0.49895231066555756,-0.24261406790107609,0.52635028575955767,-0.84809016084490407,-0.060814930394580059,-0.17541485382611927,-0.17829658089701775,0.96821483065360836,-10.62369766045833,-18.070321638492704,-1.7010440920650056,,0.1736003706232093,0.1428571428571428,0,2
0.92758112904041579,0.34004154703676259,-0.15480631555900429,-0.32559072615345563,0.93891534169215118,0.11148390098116111,0.1832591828285127,-0.053006862045938088,0.98163452694221665,-12.48466589825984,1.6196848336713068,-3.5849423538609893,,0.07324761101994916,0.2767295597484277,0,2
0.72155986122128823,-0.61400723726953166,-0.31991636290592079,0.68575809593187842,0.69743603037258473,0.20813173088699394,0.095326809126291795,-0.3695647387383818,0.92430227920471542,-15.855011679175782,3.7342583225147292,-4.3880996464150854,,0.09876527586285666,0.32,0,1
0.63942239067562789,0.76240983766557313,-0.099349110380608632,-0.75297274346874321,0.64709231426808012,0.11959759365611758,0.15547042772121675,-0.0016662070501811627,0.9878391416917266,-15.427806341971451,-5.8128755649007751,-3.5174629694568478,,0.1372011838150515,0.180327868852459,0,3
-0.69848364841479937,-0.68896002191761052,-0.19353211903050721,0.70049949256658206,-0.71355208681695792,0.011995012010280102,-0.14635933113783076,-0.12719083142448581,0.981020610685849,1.5616326696418297,-8.4543036360795494,-0.24328325010387072,0.2913965453709912,0.09989001162654748,0.2857142857142857,1,4
-0.83092198334190215,-0.48159671767160067,-0.27862745580272985,0.50337669911928862,-0.86403256412903229,-0.0077218461769384787,-0.23702437930080253,-0.14667082072638632,0.96036821790629812,-12.329881947896173,-13.281930181743338,-2.3711253565374064,,0.3364654215254007,0.7272727272727273,0,3
0.18734610189216358,-0.96128602185793455,-0.20206588600345038,0.98214355413912013,0.17971158147282917,0.055657762688716,-0.017189449345160295,-0.2088849723294689,0.97778913430561742,13.198057862280596,-8.9781010803873755,1.8363288076757183,,0.09522133903497547,0.2380952380952381,0,5
0.62113242969971005,-0.74683470973913668,-0.23755509067202396,0.77884937982079383,0.62193426270781549,0.081187538593370551,0.087109978349778613,-0.23544784815101757,0.96797529021817263,1.8209172320343006,17.069866400928909,-2.1465257059827549,,0.1903776804962548,0.125,0,4
0.21758230774933832,-0.94303993057695179,-0.25166173465962455,0.97599492546635958,0.20768358271074103,0.065585325617450854,-0.0095835702318369295,-0.25989078246419156,0.96559045996310611,-6.7765039250524453,3.2627571114964349,-2.6881810662930743,,0.5792392584217727,0.4728312678741659,0,1
0.92517230337747147,0.34450340257320811,-0.15929097488152444,-0.33251445596583418,0.93804707938925103,0.097477245668112153,0.18300367656680969,-0.037216696048661464,0.98240753860007202,-6.6458107727409459,-13.683989468497364,-1.3105131639755263,,0.1098740633731413,0.1481481481481481,0,4
0.82388620420719882,-0.46312029753339151,-0.32669727964835554,0.55256606961407606,0.78455533076983375,0.2813248507897716,0.12602484369482456,-0.41230149523524423,0.90228887602500984,-15.406743381192713,15.330016857243827,-5.2343594583678943,0.9106698091762471,0.5497313214003471,0.2972972972972973,1,3
-0.94466856711021552,-0.23206021276005184,-0.23183907342743379,0.28355821428828987,-0.93302519907389114,-0.22149202469335369,-0.16491221126274361,-0.27497642725674587,0.94720215742445746,-10.051317243386681,-11.085563824359456,-2.1207946732224814,,0.528052916608023,0.2083333333333333,0,3
-0.029358596537424397,-0.93825891800433725,-0.34468576355092534,0.99795221535147616,-0.047118053907540064,0.043258119134423276,-0.056828238442120781,-0.34270992366912545,0.93772088573000689,-15.800167199364843,-1.7255484746318144,-3.8973378813564352,,0.1630938151931455,0.2586206896551724,0,2
0.9220647863608149,-0.32253473922036363,-0.21393426969384341,0.3575286998551413,0.92150370357239242,0.15167120056971231,0.14822199072094,-0.21633831444849896,0.96500154153675055,-15.871145301051113,-2.6068023205981374,-3.8390710101148677,,0.08964242008857599,0.5151515151515151,0,3
0.68726998667307004,0.7127260720647508,-0.14029081088065046,-0.70889629335048132,0.70022394459783699,0.084572292660148637,0.1585118629388565,0.041327637374975142,0.9864917717328695,1.1208604876924857,-4.1082747188930435,-0.71522253988774787,,0.09229377579640451,0.3333333333333333,0,5
-0.049777046547238031,-0.94510310488185612,-0.32295876947330371,0.99703449168455172,-0.066022836849853453,0.039537417791580855,-0.058689590459999531,-0.3200329766711143,0.94558681558842816,-12.572472833636237,-2.5789589296035222,-3.2412024067943297,,0.07264545933991984,0.2063492063492063,0,2
-0.86612483552916009,0.4921895265772015,-0.087047338886929684,-0.48224318689115642,-0.86867132491757049,-0.11336506500246757,-0.13141262487541616,-0.056210312164787252,0.98973285427416735,-6.9187788970110233,-12.169934166698312,-1.4695166697678392,,0.1424838386401597,0.1,0,1
-0.50185974166497893,-0.82907863552355676,-0.24650642144649992,0.85673331272132458,-0.51566522100641277,-0.0098696868214591792,-0.11893204181172903,-0.21614346153147043,0.96909090051846447,-6.5666891829601139,10.255628925467382,-3.3110402936923191,,0.08083908091155027,0.3402061855670103,0,3
-0.64740567197833798,-0.67641340235775382,-0.3511848587298233,0.73417412119296543,-0.67718131198928966,-0.04913074865095049,-0.20458312653006186,-0.28963836037941088,0.9350162375787453,-13.668185144666465,-6.0675800757029261,-3.1796341923988583,,0.4629445262325497,0.2272727272727273,0,2
0.3010379922793569,0.95359990381942317,-0.0048322499935681187,-0.94821905357697045,0.29986980693620502,0.10468393057980444,0.10127563200497944,-0.026931808770107427,0.9944938029160173,-26.269036354234672,14.660873841746183,-7.1863518371887327,,0.08552464801550017,0.3157894736842105,0,1
-0.49360344829190539,0.85416720692190418,-0.16356655664766886,-0.86846097124231714,-0.49409482616573419,0.040569005226965243,-0.046164675491040606,0.16207617152279824,0.98569779210532926,-10.11803155622772,-0.93466157168390251,-2.90816973894258,,0.08765720102711025,0.3538461538461539,0,4
0.94347501317963489,-0.26360782588041737,-0.20091245267600785,0.28568690659347978,0.95411351258660038,0.089724001809485476,0.16804133689880579,-0.14205041089085135,0.97549156319211872,-11.853608727429306,3.2489211352981604,-3.5837498212137024,,0.1121427813473497,0.3318385650224215,0,2
-0.15343748440708072,0.98280985666491516,-0.10267289818212079,-0.98787448807210032,-0.15007280982854646,0.039776218604219198,0.02368404938165385,0.10753109965239895,0.99391957844306167,9.2160151099743626,9.2673845391463558,-0.47988907845430578,0.3841252983253508,0.2566799292068859,0.5416666666666666,1,5
-0.24277106989483629,-0.94737830675546264,-0.20865414328804463,0.96583384391456673,-0.25616128503943686,0.039324063830624527,-0.090703878480069167,-0.19197848821181954,0.9771985808895628,-11.158059034232213,-5.483159091707007,-2.7736953611339685,0.6269659120104191,0.4993630483284853,0.9344569288389513,1,5
0.85904368440035317,-0.46301483217858769,-0.21831448297009884,0.49549036910055694,0.8592166218432894,0.12742092009085615,0.12858165662512364,-0.21763286041138347,0.96752400262148464,-3.731818979215245,13.493957871892889,-3.0334644700696343,0.3465192920962622,0.3447391324740437,0.7974683544303798,1,5
-0.39909090026344429,-0.86598156338922094,-0.301334341217317,0.91106315896263768,-0.41157805075492465,-0.023820758128069424,-0.10339426341888064,-0.28404126461966317,0.95322095354924363,-14.486343637959191,11.976223167749524,-4.8330480724600706,,0.4042255366247949,0.2555555555555555,0,3
-0.98252702627819277,-0.033866372133042368,-0.18301287242015796,0.047680538469156181,-0.99629199354372688,-0.071615849167323206,-0.1799088905091186,-0.079090659620537823,0.98049857658059103,9.5303127178943754,-3.0643834179162006,0.69515306825131828,,0.06913268556915024,0.3043478260869565,0,5
0.56739036951665844,0.82344870732848274,0.00062847338960090769,-0.81107024162412311,0.55872892715585332,0.17316769072507909,0.14224356481590714,-0.098763416092807046,0.98489215445658973,9.3595579460627132,3.5712687943407242,0.041453138639538083,,0.6745775548937895,0.4090909090909091,0,1
0.93675955693920043,0.30537596799082783,-0.17095920758104141,-0.29832581557722415,0.9521686690675818,0.066155373222840291,0.18298426228300801,-0.010970133077325153,0.98305463527568426,-17.800983091409844,-0.92559835246680344,-4.3213646153222909,,0.07827195521798508,0.2666666666666667,0,1
0.73531831521636293,0.67656606276429587,0.039564352932780461,-0.65630177299282688,0.69630227099989916,0.29057035321390867,0.16904129103222831,-0.23962785755417246,0.95603531933195618,-18.01617575994565,-2.5774774561393183,-4.1955394443976575,,0.4853582098178802,0.375,0,2
0.65265802677086016,0.7503582659998993,-0.10488075484659941,-0.74150633747754435,0.66102566292398124,0.11494966044556156,0.15558229838964968,0.0027469258338015268,0.98781911442645121,11.41001795378801,5.1955224252683019,0.19546075916970559,,0.128382698936279,0.2857142857142857,0,4
-0.93905332330907754,0.30691456109274512,-0.15486222319024376,-0.30609600005552523,-0.95153711035639688,-0.029704652238428025,-0.15647394266198172,0.019508454676003355,0.98748940524137718,-7.4154443810139954,12.447509835951028,-3.6158024331531604,,0.08390894655880041,0.4042553191489361,0,5
0.980109327648373,-0.10856480852757412,-0.16613063596466801,0.13628458092186413,0.97670333730936543,0.16576219077853385,0.14426440607303587,-0.18510611345419775,0.97207176067524714,-2.0972845987897872,-8.8046144119077905,-0.87779612563996667,,0.4838923630661077,0.5967741935483871,0,5
-0.92787313162499041,0.35157253931875859,-0.12429079292286059,-0.33003462657177079,-0.92941164667442111,-0.16513974775799115,-0.17357591097864156,-0.11220846947936262,0.97840720689548955,-12.852832859463291,9.0500474903367518,-4.3330288722600407,0.645959121434748,0.5402341853202067,0.2531969309462916,1,3
-0.71241188402348787,-0.6642564453111417,-0.22634637696395829,0.68814258939042139,-0.72448602688023789,-0.039746364894566379,-0.13758300828645062,-0.18407436464074187,0.97323560565412759,-11.153080031238327,-7.956584739571845,-2.5716843659934741,,0.2030456998697002,0.2666666666666667,0,5
0.72164491768766748,-0.64460107508698994,-0.2524243783239995,0.68601328598615152,0.71478069766843522,0.13592029168269296,0.092813707102148243,-0.27125266494049893,0.95802275940430281,-12.810623636334753,-5.6736089684735207,-3.0549322103610197,0.1863548589046662,0.1061496970364771,0.2424242424242424,1,4
-0.7761142875480056,-0.59895507205876908,-0.19722939516949689,0.60731974941490674,-0.79415628484351863,0.021875036323478498,-0.16973312768715926,-0.10280377862030927,0.98011328348661797,-10.71002137187312,7.5222307358849569,-3.8131412563352693,0.4991564951506381,0.4192738743295734,0.8939974457215837,1,5
-0.52124413498298083,0.85339393068624891,0.0048322679681902757,-0.85158680944866827,-0.51975400327736043,-0.068232558578684613,-0.055717660744867649,-0.039680916635454158,0.99765774047821043,20.772519467794115,-11.134288536488539,3.4002879621527358,,0.3333113317144371,0.1818181818181818,0,3
0.98460324936201282,0.030972946373175013,-0.17203812931652943,-0.0032663856223475122,0.98726535180947073,0.15904859584884209,0.17477348789428154,-0.15603782140714034,0.97216584296085051,-8.9409736370383488,1.9902035221018946,-2.924303335898395,,0.07698292095375411,0.2631578947368421,0,5
-0.81888978892174735,-0.51131500031639976,-0.26072300253551967,0.54687165909255131,-0.83298909676858168,-0.084027097688918431,-0.17421510290745967,-0.21139095325037657,0.96174994816887849,-14.526876190862669,-15.032728740651457,-2.6426884303125009,,0.09071012887142063,0.125,0,1
-0.96308747374797454,0.22774094691696051,-0.14351508285581074,-0.20852430705286687,-0.96833412966453059,-0.13728301677540961,-0.17023551708696327,-0.10228917061058737,0.98007999382597932,-16.71332866592012,-6.2725358369447619,-3.6846594617632715,,0.2261351554433104,0.1379310344827586,0,2
-0.9670410071415021,-0.17237310763625055,-0.18740118001381548,0.17092751136522455,-0.98499196544394818,0.023971104883986946,-0.18872063047065052,-0.008850975917362636,0.98199092860375758,-12.404409638131694,-3.7528441872537464,-3.1220875095774345,,0.07610303750901323,0.4090909090909091,0,4
0.95102642724080455,0.25468686440533506,-0.17516659438651772,-0.24235670896050976,0.96610815946787865,0.08887209816033495,0.19186443211659374,-0.042066914659480446,0.98051946149967395,4.9263620415616733,-5.7908467954570444,0.12263549880088069,0.2311989814753278,0.2725275255460607,0.4545454545454545,1,5
0.97038439344853666,-0.10465252011338357,-0.21771995541390907,0.16200042956334057,0.95049766911996703,0.26516040771352678,0.17919260524031078,-0.29257824770722196,0.93930185733648075,-18.309775734503496,-7.5340578274062695,-3.9032428190824331,,0.6634483511877978,0.3409090909090909,0,3
-0.17289497007129767,0.98481260521189384,-0.015857551507319302,-0.98429099295397049,-0.17217411055241094,0.039080901284036469,0.035757104381249072,0.022365336376820873,0.99911021474861306,21.967504652548186,-10.665997616548726,3.6071061527265598,,0.2461407338937098,0.2068965517241379,0,4
0.85722097860364121,-0.41760230479051474,-0.30129803994627485,0.49852820295376327,0.8195816654974859,0.28241020597715571,0.12900319647787176,-0.39229352354330083,0.91074912389992124,7.078610541641889,5.4853125693581202,-0.52066212576639503,,0.3070716895441569,0.2592592592592592,0,1
-0.97750447339198665,0.13847578360965032,-0.15908947750353866,-0.10383907154547806,-0.97250158574516843,-0.20846609542970365,-0.18358227506823391,-0.18725683719647343,0.96500384724826105,13.26071136648331,-2.1387343291045737,1.2289892259484154,,0.4384473515017956,0.3333333333333333,0,2
-0.95489760765207221,0.25863697075259207,-0.1458680097220488,-0.23146536587340255,-0.95605863200349828,-0.1799324222387135,-0.18599554645593219,-0.13805364729525091,0.97280360153889089,-1.6041336425334995,13.82958998135916,-2.6511123571011379,,0.4238079391833792,0.6451612903225806,0,2
-0.89971814800362526,0.42903871567076918,-0.080206200561455138,-0.42374943217994698,-0.90266227167932966,-0.075081569069148271,-0.10461201116554454,-0.033564918326872792,0.99394653949677336,7.5620306876373506,7.4583169644099678,-0.63180177271293214,,0.2665510105094397,0.2,0,3
-0.023180773440890562,0.98867111271306773,-0.14829727788933553,-0.99863653169428956,-0.015959154915823073,0.049702946994855363,0.046773168679091516,0.14924723200474255,0.98769303654052365,-9.5695086689212996,-14.305569108277599,-1.8090443395859126,,0.08492284926698918,0.25,0,4
0.003639664524022636,0.99566068772185345,-0.092986815019112309,-0.99872155015085529,0.0083075972428859977,0.049862301313944694,0.050418430225713982,0.092686453990300163,0.99441802233280074,8.6417570092655946,2.4903422479363879,0.018065227128433999,,0.1408945871099562,0.7428571428571429,0,1
-0.92722811892265233,0.36808823591471967,-0.068985984521138952,-0.34067290306648812,-0.9055510870314516,-0.25282247109861217,-0.15553131065934056,-0.21092244868042642,0.96505011893022519,11.902727911300225,-10.293941826022253,1.748020551955296,,0.441558435490581,0.3,0,2
-0.98129960970786856,-0.014427896750594407,-0.19194507491086465,0.069330325859245256,-0.9567502440660135,-0.2825283638785191,-0.17956720720508551,-0.29055258779604121,0.93985893187306979,5.713472373916292,4.0118130243047769,-0.60588813239828909,,0.3399532451057564,0.1951219512195122,0,1
-0.95434087730040273,-0.18454539972038259,-0.23489675467222368,0.20627472121651014,-0.97588908575499977,-0.071352867435878417,-0.21606533572174316,-0.11654822069133136,0.96939789712642543,19.238148832302045,-3.4745903071316193,2.4104778491048697,0.9384281906535461,0.6379494096559166,0.5333333333333333,1,4
-0.24577788221975277,0.96439888826364728,0.097611561443379929,-0.96931684521157779,-0.2449679982303429,-0.020384637158722217,0.0042527873973933926,-0.099626623745161957,0.99501580371393705,3.0592806321737425,2.3875517893968072,-0.92118899876996141,,0.08528297512784014,0.25,0,2
-0.98375414638208059,-0.013898937506267355,-0.178982119252905,0.024857506025336089,-0.9979407050278245,-0.059130818045826372,-0.17779168672990475,-0.062619236539302542,0.98207379933738703,-2.7037690405280452,-7.7042091928194614,-1.0553349704703716,,0.0717124094665047,0.2307692307692308,0,1
-0.29819142508628343,-0.88810949693352625,-0.34977620768355844,0.94758170279773968,-0.3194955610347443,0.0033916075880997053,-0.11476406461932684,-0.33043018617489295,0.9368271460288059,12.525700918477217,0.38244337333374251,0.88351520536793893,,0.4233998414986959,0.4545454545454545,0,4
0.080633786494417214,-0.94624597031893065,-0.31323594322931592,0.99614396955753193,0.065601789661132962,0.058254588724153476,-0.034574331370780691,-0.31672538396605182,0.94788693775250499,-4.052261153314908,18.870858300034833,-3.2378676797400527,,0.09813425753011926,0.1818181818181818,0,2
-0.62339920447254005,0.77805362368667952,-0.077498325988574993,-0.77543802355270364,-0.62791992030238419,-0.066426239665691528,-0.10034591915808537,0.018685083769529313,0.99477714295858477,-11.059803176405147,-12.242537223042003,-2.2254720534124206,,0.4171795430587769,0.3529411764705883,0,2
0.35423136386842374,-0.87180412455777445,-0.3383455471200561,0.93268248277239019,0.35566666819864473,0.060038383239438789,0.067996523304114806,-0.33683644330227813,0.93910472434229886,20.992421930807375,-12.353820023902781,3.56484633861889,0.5121542752549958,0.2642490267027393,0.2962962962962963,1,4
0.76288261330328433,-0.59842286732824523,-0.24474515353362239,0.63437775386436268,0.76590091655962833,0.10469312974178525,0.124799774525281,-0.23512944918016046,0.96391864719315223,8.8939199852269226,-8.145043986980431,0.99362677651534204,0.5461795096234352,0.219854069136387,0.3043478260869565,1,5
-0.54736869587804604,0.83591504751060119,0.040417126544534963,-0.83575517082463691,-0.54347168455560457,-0.078433554848519257,-0.043598224879569838,-0.076710895129981874,0.99609971054895297,1.2407469643763731,-10.137569686515125,-0.21094557810755935,,0.1581597093298634,0.1176470588235294,0,4
0.77835197698826397,-0.5349238218226211,-0.32867111945703864,0.61831495327536445,0.74391252710877298,0.25353652708579061,0.10887983502258933,-0.40056292496600393,0.90977718407758179,-26.014905750716686,11.893656772261734,-6.9013302458860464,,0.4668602229146936,0.3043478260869565,0,1
-0.80936904087978934,-0.55170200580164031,-0.20136199358313722,0.56117796608502857,-0.82760978270238106,0.011888564084286232,-0.17320810040526063,-0.10337767829547495,0.9794447455493529,-5.7605170397802281,13.640553248576801,-3.3929518344263463,,0.1286137552872804,0.3870967741935484,0,3
-0.016087085918287218,0.99984089576458746,-0.0077064144272848108,-0.99877095419741058,-0.01570754178941685,0.047009086169882426,0.046880557998506781,0.0084531820991350908,0.99886473408272203,7.8734229403574059,5.2567255638809893,-0.33695321222889651,,0.1433591269324834,0.2105263157894737,0,1
0.90755041456377994,0.40339498378074462,-0.11672502767463901,-0.37727205103215739,0.90528206666949385,0.19526950421558517,0.18443981277127094,-0.13317982890492164,0.97377876781009942,2.9121300197249629,17.97662191166852,-1.9273681135789018,0.7122087606179928,0.3809947218418957,0.375,1,4
-0.92888913682982388,0.34858201256721555,-0.12512214829571577,-0.33795429257123771,-0.93597828596303645,-0.098648590148926935,-0.15149873798886826,-0.049348036640643723,0.98722484959987422,10.863919111735639,-3.2267569191627565,0.91517854343712013,,0.09579248888568832,0.25,0,3
