axis_00,axis_01,axis_02,axis_10,axis_11,axis_12,axis_20,axis_21,axis_22,location_x,location_y,location_z,dbh,dbh_approximation,score,reconstructed,number_clusters
-0.99109919817356906,-0.044201906979655765,-0.12557297001771522,0.050898347704436193,-0.99741977442068974,-0.050627579396400418,-0.12301112787332073,-0.056568410035481562,0.99079174270145753,13.045324370000364,14.594016871546382,-3.4009522645961554,0.1940731286936628,0.170708484293677,0.3636363636363636,1,5
-0.17668882575386322,0.98357552893338451,0.036881400964903367,-0.98419517510463983,-0.17700381917625557,0.00543187792266256,0.011870811028243151,-0.035338744748964042,0.99930488689143293,-6.7552120534498394,25.233168445029595,-5.6663301057541515,,0.1614716580063925,0.1363636363636364,0,5
-0.61429307004906519,0.78648824378806936,-0.063876963553781516,-0.78803303987122086,-0.61563083024356002,-0.0016152166871875758,-0.040594977041695512,0.049344941349462726,0.99795647430246226,0.38019374993486377,22.617499550454752,-4.8818599187858078,,0.108354951291132,0.3684210526315789,0,4
-0.89641971342505944,0.42763452416106906,-0.11644917830741359,-0.43304753077751779,-0.90103170884912809,0.024732483415873509,-0.094347938347537019,0.072598714823043656,0.9928886609965959,1.65682685044814,6.863044534845967,-4.0249813261382252,,0.06809645468562749,0.2903225806451613,0,5
-0.38648818644404437,0.91501065430092743,-0.11568225557527198,-0.92225884651870682,-0.38452184385626093,0.039768978052830181,-0.0080933155862554125,0.1220592237939039,0.9924898206680266,2.2942210056432302,2.2553374132586659,-3.7122528628400273,,0.2808534197754328,0.9055555555555556,1,5
-0.87170489155617781,0.48248588294272171,-0.085661863148167053,-0.48115026808965983,-0.87585772410350271,-0.036981977306271847,-0.092870886473003567,0.008978857901503625,0.99563767433565087,1.5599214577633858,16.675074480361378,-4.517992391202025,,0.1072003612401813,0.2444444444444444,0,5
0.91026380383002281,-0.35758698825997021,-0.20868960986130106,0.4024527489661302,0.88254923971238441,0.24318434228522542,0.097219299969209888,-0.30534961160980134,0.94726449442763394,-10.321376103542654,12.899467213184971,-5.4673414778908969,,0.240760457243971,0.2105263157894737,0,1
0.3197795060732761,0.94222810842135485,-0.099735947362258798,-0.94194249120651852,0.3275164845682893,0.074008753507188371,0.10239829468887533,0.070279044079620698,0.99225775139731986,-13.118121563659258,-2.1323717083412501,-5.00640497116314,,0.08485768894951701,0.1733333333333333,0,2
0.96024006356164826,0.23814267037325462,-0.14569519167981212,-0.20973094329586925,0.95980059824049091,0.18653617086619154,0.18426055398632324,-0.14856271458441875,0.97158487435733698,9.781352437425781,22.26190858037155,-4.0360312453047467,,0.165145343412428,0.3,0,4
0.97733115846408514,-0.13620597350776323,-0.16208559305518405,0.17690689159701259,0.94596043864548229,0.27177711497315005,0.11630889218254589,-0.29429030106078663,0.94861238675278725,-18.981202233048315,8.2418031361433446,-6.1149052377273119,,0.43099200388963,0.3333333333333333,0,1
0.8563248878897195,0.51589690652585274,0.023623467520974283,-0.49915597514213311,0.81506900902589607,0.29411872263670968,0.13248018289753793,-0.26365297715481845,0.9554769012262071,-4.2341992226080514,21.345378346571959,-5.2772378211520925,,0.3421277547630494,0.2,0,1
0.80126789993720315,-0.57306729943796753,-0.17194075388080701,0.59396656673327275,0.79644991594830117,0.11345152704584417,0.0719268387551808,-0.19303212608480588,0.9785525679113346,10.424225868354251,15.137097070634889,-3.6470453989012794,,0.2467577203731088,0.5454545454545454,1,5
0.89139287292338654,-0.42904380970734551,-0.14608270073214857,0.44267339843139725,0.89332919035934422,0.077480448973378399,0.097257433765182796,-0.13373244559091058,0.98623355477984287,-2.414108410476786,14.912614818853349,-4.7949319206649177,,0.0850768171735371,0.203125,0,5
0.62621211431407864,0.77629871880121015,-0.072240480853120057,-0.77222803994684575,0.63033732170940071,0.07961604850827271,0.10734170767294211,0.0059295908643248367,0.99420450499182378,-13.555031405942939,-8.1300306961721507,-4.752903081607756,,0.348252690472066,0.6533333333333333,0,3
0.51840520418054814,0.85513139008663464,0.0025199140908788529,-0.84689647302083226,0.51300043935975326,0.13998897528583043,0.11841624999720597,-0.074705119671957407,0.99014985574477532,12.76270534442598,16.092850633762328,-3.5024547189828454,,0.6005358485058905,0.53125,0,5
0.85462106204978905,0.50581043999663611,-0.11738244796944795,-0.47056273078026861,0.85000996227929571,0.2367567959458968,0.21953030930034967,-0.14710153913661125,0.96445195861801902,-12.584009716574379,-0.91758177579683831,-5.0121622805973605,,0.1985846021542278,0.2673267326732673,0,2
-0.71717691609660317,-0.6605445630885366,-0.22212192866157879,0.68622343274084852,-0.72492205856385461,-0.059878287925667704,-0.1214688082411756,-0.1953685982488414,0.97317852393214621,-8.0876416964142397,9.0885138005707287,-5.0381599147816098,,0.07837745859073447,0.2063492063492063,0,4
0.93234709056876874,0.34170610905916621,-0.11817714558913767,-0.3332350492780834,0.93892658955952679,0.085856050169736686,0.14029720111457805,-0.040666871649540748,0.98927392612443521,-17.271175850915686,-9.2646608444202911,-5.0600555456782708,,0.5379621615112923,0.7788461538461539,1,4
0.6748326966766699,0.73466951705789563,-0.06972468861179687,-0.72755101626418195,0.67814922264769528,0.103841949881937,0.1235732585515555,-0.019347675008774677,0.99214682242231933,1.6819147587840286,8.641460840437226,-4.1071035065480803,,0.1009449265915844,0.3516483516483517,1,5
-0.89425965227059734,-0.39702513403916001,-0.20656891649533929,0.42270811346718634,-0.90090717004153076,-0.098407935537609903,-0.14702899418102466,-0.17532060320723586,0.97347067801817677,-21.115407061000823,-17.796048845554655,-5.0352570153689431,,0.2454907413314134,0.2777777777777778,0,2
-0.33972251919643837,0.94028105834619713,-0.021450903621569754,-0.93959852745794226,-0.33828686955597448,0.052121023444354708,0.04175185205105706,0.037861922843081985,0.99841036535531424,-12.120847883360836,-3.597062849195197,-4.8378753318206673,,0.2884953992120566,0.23,1,4
0.12646166367588776,0.98858806080134598,-0.081860208046154584,-0.98948347247980672,0.13155530971135501,0.060130343222471218,0.070213284424170061,0.073395139674112653,0.99482825058528934,-5.0309102741640448,-8.5504899395096388,-3.8875304016345531,,0.08545232573862163,0.3650793650793651,0,5
-0.9468221379586691,-0.28904889204297951,-0.14134559448423328,0.29347342408608601,-0.9559031609330747,-0.011067803456205953,-0.13191356422507736,-0.051960416923682598,0.98989844259224602,14.881627597267933,3.9522401500103155,-2.7601625282238058,,0.1615144924087031,0.6153846153846154,0,5
-0.98310477298244237,-0.10522878580850543,-0.14977285460459847,0.13783410119525757,-0.96398468253351866,-0.22745393465150107,-0.12044403632740799,-0.24425485558739968,0.96220205759244914,-4.8700557840291205,-6.9258420069396021,-3.9688669932754581,,0.6157123490287764,0.51875,1,3
-0.82379327330106633,0.56674121508587416,-0.013001460952571993,-0.56041194356692381,-0.81762219434957117,-0.13203181743252201,-0.085458155675495986,-0.10148074906098573,0.99116020965258878,5.3891433159790081,15.08568338864356,-4.0927045017832997,,0.2513656937064115,0.48,0,4
-0.92498494520552466,0.36594702085419362,-0.10239936069660163,-0.3657488115300575,-0.93046788767111444,-0.021384968487360753,-0.1031050823552499,0.017671670571716473,0.9945134760533525,-1.3055828106900036,-9.8142743242684798,-3.4766022699776391,,0.1272646708911248,0.4,1,5
-0.77735186393209954,0.62836554048127236,0.029678732738593037,-0.6251739237158418,-0.76644196464546477,-0.14739158706024991,-0.069868768037151405,-0.13312949472629557,0.98863284028343501,-2.9298494239242494,22.42720091949543,-5.2036952896719191,,0.07617025268129696,0.1764705882352941,0,1
-0.085169783654201109,0.99254163473027202,-0.087219328587507472,-0.99506865566404878,-0.080265891574374332,0.058273125578721018,0.050837766151151598,0.091752329543885791,0.99448329878185016,-14.117130350372037,7.5689273099135592,-5.5708172570678967,,0.2181385139150285,0.7206982543640897,1,5
0.10814846264532636,0.9941199292546895,-0.0054292067655696942,-0.99244187039241893,0.10828126496552083,0.057743411307814553,0.057991757340584309,-0.00085668904366769879,0.99831669432321557,-14.287857817021207,-10.11063892779584,-4.7032186454447187,,0.2323571553420194,0.4861111111111111,1,4
0.95152626122288775,-0.27290557943000826,-0.14184610998954089,0.2887361021048877,0.95149423466041583,0.10625528104177231,0.10596809682385211,-0.14206078320198598,0.98416944492885472,-11.574389621261389,-17.156719575243976,-4.0812543914399901,,0.157936761105317,0.3611111111111111,1,4
0.047702168498138325,-0.97905361040754757,-0.19793567406741447,0.9978295625693685,0.037702200392162676,0.053988037084271891,-0.045394572177725509,-0.20008141351343886,0.97872711252078126,6.1874117551165311,18.047372642278539,-4.1293665200164584,,0.09647133182632125,0.1785714285714286,0,5
-0.97274055789559888,-0.16866447099045051,-0.15914805449791009,0.18034449783647385,-0.98165085415113895,-0.061947256956615737,-0.14577952231046837,-0.088960085262157845,0.98530930884929768,-16.252667528775479,11.327752150415746,-5.9371143950866783,,0.1374546281935256,0.2641509433962264,0,3
-0.47102143811616981,0.87740625386357374,-0.09108825674073498,-0.88192213696220911,-0.47059419106536726,0.027467283657914669,-0.018765638038361569,0.093270429486647044,0.99546395103609386,-6.3643463591846396,-2.4874281703805519,-4.3191835089024284,,0.3604662668544374,0.9137017411052233,1,5
-0.94860008968673826,0.30843569146131422,-0.070889308637434589,-0.29655841402659344,-0.94452081254378062,-0.14118619529425991,-0.1105032891652737,-0.11290641657770494,0.98744172697898402,7.1681858600449395,9.1040471056540273,-3.6719668359839508,,0.6229245041623085,0.25,1,3
-0.9733227816975536,0.19708688654729795,-0.11747136578599629,-0.19891869043431629,-0.98000799009996564,0.0039615572848078068,-0.11434210608709065,0.027223124201984288,0.99306836838369306,-0.44500223041311598,3.7441116348491823,-4.0639549957573893,,0.08000962254397088,0.3431372549019608,0,5
-0.16181488297064908,-0.95597504874509798,-0.2448012455564805,0.98428096267520415,-0.17414117356274789,0.02942512846810048,-0.070759664812451023,-0.23619178192095949,0.96912667489272686,5.7600550475654355,12.341638334909693,-3.9280899658008495,,0.08064164669084159,0.3,0,5
0.18653644578653616,0.98234899444939972,-0.013950179123582061,-0.98019813155151769,0.18705092127151096,0.064989043341114189,0.066451315233340608,0.0015511143518255487,0.9977884629258984,11.704444414026904,-9.8172115658543557,-2.3160888233755581,,0.2091631308182191,0.2380952380952381,0,5
0.81601707895278464,0.56652312629385293,-0.1147504868469138,-0.56127631584044346,0.82404424575511748,0.076941395324350292,0.13814855820435984,0.0016212378352052903,0.99041019151356569,11.076632868896816,10.50249433238009,-3.383559154460376,,0.1237021693232959,0.5769230769230769,0,4
0.94314336702894952,0.3091693903890797,-0.12204457085729667,-0.29464417370919815,0.9475909813068234,0.12351576031096619,0.15383562698062095,-0.080533348324883458,0.98480910824335033,-18.682268337544254,-16.630629624096677,-4.8067091787189833,,0.1456428565324758,0.3157894736842105,0,2
-0.41112980766162432,0.91154771579596672,-0.0072830679849929985,-0.91139872347551287,-0.41119428834367838,-0.016481021835574504,-0.018017993765249193,-0.00013806047281875094,0.99983765324175722,-5.2485674804557538,-9.5652924188482178,-3.8668842714106306,,0.1123462888759215,0.4761904761904762,0,5
-0.8000382557747765,0.59472984363919645,-0.078963297687908454,-0.5952446664568074,-0.80330972034781745,-0.019423703288371265,-0.074983840603002422,0.031462776095053352,0.99668827492291445,-13.921180818357776,-14.676772756111559,-4.4604689809740057,,0.1208643051230005,0.8571428571428571,0,2
-0.87209354111911075,0.48659466292881698,-0.051754125898529769,-0.4828975483713337,-0.87289089399476472,-0.06979573739116178,-0.079137938533205832,-0.035876471261976448,0.99621788053342197,12.909423418694548,10.600782709853032,-3.2490048892047381,,0.3154032586611416,0.4375,0,5
-0.74622504341275886,0.66504822158810573,-0.029309512894688604,-0.66324780672444494,-0.74653304670684228,-0.052827616355588108,-0.057013432266787963,-0.01998182016477729,0.99817342952217636,-15.594376612178971,-16.226402748765459,-4.5175546575941699,,0.1556347920814646,0.3076923076923077,0,2
0.87191880218276741,-0.46760099123250176,-0.14528219229675157,0.48156155131791811,0.87260849651668049,0.081565213781239612,0.088634500576517047,-0.14108056140121156,0.98602241379304911,-17.064569482410175,16.265887688687997,-6.2940728505784671,,0.09798788543043457,0.2424242424242424,0,1
0.93429620796572144,-0.31320707892121069,-0.17027014269834595,0.34100185826372142,0.92444738552852812,0.1706304898022544,0.1039631109651958,-0.21748185465254508,0.97051188269661448,-7.444353704610533,11.326786459595199,-5.1268228646595064,,0.1030104381940578,0.3061224489795918,0,4
0.86496116847318871,0.49447392411992519,-0.085660465787531379,-0.48571565105324577,0.86780520794817628,0.10485431502776905,0.1261843229383742,-0.049088281936359883,0.99079153065673653,-12.841942579450468,18.118852672232766,-5.9522997768128798,,0.09624191254190255,0.5833333333333334,0,3
-0.91058884724287092,-0.37922126442376425,-0.16437513159154982,0.38734771413135149,-0.9217314189553657,-0.019311645909749004,-0.14418633650285526,-0.081255300869347832,0.98620884017864885,12.449589738701356,3.579267194011118,-2.924060734553191,,0.2453443362658962,0.375,0,5
-0.37658371322243095,0.92059561309028759,-0.10338483493493524,-0.92635006810865417,-0.37515326668661653,0.033698335410715125,-0.0077626188041481385,0.10846079316176122,0.99407041908308691,-8.8779213242367607,-20.432860860250091,-3.6816700404035001,,0.1695294848880248,0.5172413793103449,1,5
-0.07884833525230113,0.99670228152679097,0.019170342386902378,-0.9964762748535918,-0.079353010821423126,0.027168609229863104,0.028600239192192629,-0.016960591760473445,0.99944702943441921,4.0866960605813807,3.6783179621349746,-3.6568796066015605,,0.2797080269869388,0.1794871794871795,1,5
-0.59226123889657034,0.80559581003281833,-0.015556855667811282,-0.80565232869291603,-0.5923763976195483,-0.003811668266124424,-0.012286178103210164,0.010275913626354145,0.99987171948543574,17.373426491279751,9.6555526763200863,-2.8694583603478212,,0.3545700225904969,0.6111111111111112,0,5
-0.62274874374896994,0.78143019927243529,0.0393807798820799,-0.78189470164924069,-0.61969304459543462,-0.067979452872794832,-0.028717202021150467,-0.073125742013888537,0.99690919755160923,-9.9738599583158738,18.665587681043526,-5.7084570374968537,,0.3486123269928036,0.5303030303030303,1,4
0.24203109290480104,0.9653883916673307,-0.097191580403203692,-0.96702054064180765,0.24819694621779662,0.057179977833041011,0.079323540289969671,0.080146922100134493,0.99362178258819467,-1.1733087491422149,-19.877557213115633,-2.9787054501053509,,0.3426257951833071,0.8450704225352113,1,5
-0.99045618903509358,-0.040338275829758415,-0.13179287198161022,0.050791216074066017,-0.99574126654051176,-0.07693882295704263,-0.12812802180552194,-0.082898453612717901,0.98828693020641722,0.085759143388613249,17.292097764147918,-4.6618981648378259,,0.0902175951425525,0.3333333333333333,0,5
-0.50887241584429677,0.86082974686539138,0.0045838089461487678,-0.85865226919890281,-0.50719127472562897,-0.073981696667257804,-0.061360777312251827,-0.041583142664512351,0.99724906480466491,1.8021344777996606,-7.967541598594889,-3.3056486034813797,,0.1899231842878075,0.3255813953488372,1,4
-0.14952022741004314,0.98875488942005085,-0.0027331745630736148,-0.98862504413422114,-0.14945400617578483,0.016852956672884178,0.016254959423469398,0.0052219427373065034,0.9998542431815699,-3.8048280449546374,-22.860651873849964,-3.0966692514014031,,0.2817831092981257,0.6666666666666666,0,2
-0.47459868076636752,0.88016671116343492,-0.0079153505649490127,-0.87999851583780675,-0.47466311167202707,-0.017249421471053759,-0.018939491494782964,-0.0012210559246540822,0.99981988612166939,8.1330442248733164,12.736274476310681,-3.7616675249303322,,0.1854764747561737,0.4761904761904762,1,5
-0.96282943762271755,-0.23075452807420699,-0.14039879565142802,0.23355791526682787,-0.97233622761816241,-0.0036000940952897196,-0.13568409731186143,-0.03625752659147756,0.99008848973318242,6.9350506872311461,2.6625978278849938,-3.3611343509505001,,0.07605981189516089,0.2173913043478261,0,5
0.90812270455744959,-0.34713224826618827,-0.2341203871535443,0.39735803294212974,0.89076453481885409,0.22055642626165531,0.13198388963667271,-0.29332191483524217,0.94685928582538736,24.460897534813999,-3.7801543412945624,-1.5494742219516326,,0.3358593761360341,0.24,0,7
-0.2069866854912471,0.97693801696347293,-0.052427311974057776,-0.9781788541754145,-0.20567057308470604,0.029423538384813021,0.017962217942712726,0.057373568639977779,0.99819118025961984,-2.2929807746460993,13.852221607549012,-4.728699444051391,,0.1171542864218975,0.4090909090909091,1,5
0.54043859129151028,-0.76095054199576939,-0.3589991666831448,0.84086297743078642,0.50347806934644357,0.19864361775151618,0.029590238746595034,-0.40922378513903901,0.91195411696389472,-20.451743207775948,11.227668844978149,-6.4098273768235279,,0.2811275147575552,0.3620689655172414,0,1
0.45279148065552471,0.88573746313149893,-0.10222045515040359,-0.88562557705040734,0.46005147713862532,0.063403277964973179,0.10318532996464228,0.061820585470757423,0.99273914141235631,5.5308641069664484,13.793548876008055,-4.0250165847802446,,0.0989213751096262,0.4418604651162791,1,5
0.544936116331184,0.83274004329399898,-0.097921649355983215,-0.83156057070668976,0.55171242297083944,0.064190494511348478,0.1074785856059339,0.046448063838609312,0.99312181075726758,4.6314531682406059,0.57601154014040223,-3.4180141677476725,,0.2196593990599221,0.753968253968254,1,5
0.74497735010266108,-0.6509980312093625,-0.14563760227204939,0.66401967414215612,0.74458218329912695,0.068375760804915892,0.063926678203729853,-0.14764462629923067,0.98697236239866315,-16.761681353707118,17.797271807994019,-6.3466977335569039,,0.09714515886179151,0.3939393939393939,0,1
0.96979447223960791,-0.20967024367015411,-0.1246477859121379,0.22774374336050537,0.96132811616782698,0.15485812999439522,0.087358279365176927,-0.1785683118151562,0.98004177923282454,-4.3033453089446585,14.440515177327356,-4.9488650310717226,,0.2773126514199136,0.3953488372093023,0,3
-0.52394844162511733,-0.79493786066820393,-0.30586243344822528,0.84581086025675889,-0.52792377658172651,-0.076814548045336051,-0.10040925848910971,-0.29894863069756045,0.9489719158192832,1.6932206704580077,-16.290265589617668,-2.8786004493192521,,0.2767639036991701,0.3333333333333333,0,4
-0.56910553223556903,-0.76048592334739773,-0.31269802296996613,0.81478954889480626,-0.57272332694820938,-0.090033225984481033,-0.11062045105073355,-0.30602148806877977,0.945575996231663,-14.268972047530847,23.920082060519334,-6.3853977102880437,,0.5986476329929995,0.34375,0,1
-0.95651307387468953,0.28444981388585105,-0.064583611598441087,-0.27523725915549735,-0.95347024151698334,-0.12304043934461523,-0.096577381820813768,-0.099913972605692014,0.99029793870268501,-2.5183056493126368,-10.8177968222288,-3.5367464202978471,,0.1565016636513057,0.2439024390243902,0,3
-0.99181200885853515,0.020528674838360406,-0.12604567661518012,-0.024878777723110361,-0.99914449137442474,0.033035311034515638,-0.12525967229320761,0.035900680571877591,0.9914742334682608,-0.99070478456082778,24.968628874058421,-5.1011626966708699,,0.07229927687782313,0.3333333333333333,0,1
0.24192099416369994,0.96976883850701656,-0.031978624792177557,-0.96503841821210268,0.24390569815324198,0.09597323472230343,0.10087162117032612,0.0076426611289156232,0.99487009492362299,-6.6190353212534587,-12.94564575717593,-3.8199328496696059,,0.229901937970142,0.28,1,6
0.4528251461083268,0.89118090456284216,-0.027312678274510969,-0.88607146160042849,0.45321233340720701,0.097344469719010007,0.099129975230768927,-0.019879038964430051,0.99487590774960366,1.791225255483601,23.867485969459228,-4.8038143017182575,,0.06742589323975981,0.3846153846153846,0,1
0.57289953136617555,0.81145253161646758,-0.11545958554248609,-0.81253263253953156,0.58077079361834949,0.049960047420830954,0.10759576208566739,0.065192593238333485,0.99205497719030999,-0.87184692556715548,19.983796443475999,-4.8838225981379662,,0.3303361368059249,0.904,1,5
0.84657263517568015,-0.50648062972256636,-0.1636830629220305,0.52419014387552443,0.84670564861706465,0.091182441641541337,0.092409233496776599,-0.162993608205318,0.98228998633232034,27.208031718728904,-4.8156736816161017,-1.2960713769402938,0.5013830551249132,0.4173333761465597,0.7647058823529411,1,5
-0.98483240222800816,0.12616936833079617,-0.11910680088399463,-0.12564408025799975,-0.99200353276092523,-0.011939685337823408,-0.11966078980991637,0.0032064754564470783,0.99280965642826768,-13.13437248557546,-27.344850553574144,-3.7978663797360515,,0.375814658400343,0.7333333333333333,0,1
-0.1489799135599523,-0.97602535371973997,-0.15868047848404282,0.98692018717223085,-0.15675891773977452,0.037618956138933152,-0.061591635045657754,-0.15100049869225685,0.98661305479255235,-4.7082037302562192,16.41128740151359,-5.1126680053770759,,0.104221028578219,0.5555555555555556,1,5
0.24254508398519825,0.96790719343668319,-0.065784094796040221,-0.96727777626965261,0.24647791225490415,0.060185897893923729,0.074468689859881268,0.049033699268819564,0.99601712363119843,-11.077079153743929,11.393251647629565,-5.4339659249080654,,0.4756598903428074,0.8731466227347611,1,4
-0.89070073821936202,0.44532749982016989,-0.091299577432749746,-0.44485430460611786,-0.89520783310121366,-0.026600436606119396,-0.093578002804556484,0.016921981507650428,0.99546813305748971,-10.03244827565125,9.6445836695253018,-5.2485645688829923,,0.09542072070058905,0.303030303030303,0,5
0.07697250626888047,0.99553719143932839,-0.054597927980652751,-0.99541880806095762,0.079847558815317909,0.052590530608999334,0.056715340404416899,0.05029977944611444,0.99712251120435691,-12.261587627920083,-6.3050786147349438,-4.7166857270406126,,0.08074931800947348,0.2444444444444444,0,3
0.51884579405406395,0.85072623436775896,0.08404710673700802,-0.84829807494543197,0.50019857590294614,0.17375776445540655,0.10578004554869372,-0.16145048412166144,0.98119535421882187,13.599466076117613,-13.703323254267376,-2.019701290375612,,0.7949331020779256,0.3220338983050847,0,1
0.2427918312103961,-0.95212876075744357,-0.1857496961935565,0.9699818441215452,0.23557394208701107,0.060333571783489449,-0.013687540760503287,-0.19482233123561984,0.98074303998542323,-7.1462877072246158,9.8819198064423066,-5.0004825753568092,,0.3553721973719777,0.9113924050632911,1,5
-0.6495444099289851,0.76022045584486875,0.012526693299761202,-0.75884905732903063,-0.64717106618848208,-0.07292269385661064,-0.047330410106485761,-0.056872397553497926,0.99725892459063448,-14.096264071640816,-17.778926053268929,-4.2986087405263653,,0.08189821468837247,0.2857142857142857,0,1
0.62037466604827218,-0.70607892270053629,-0.3414495989799165,0.78315453980559646,0.58125660153061209,0.22092924197346234,0.042476352331388162,-0.4044667082655064,0.91356578383687648,-12.893753316222046,-19.152734412874178,-4.1319245218734997,,0.4817542689086048,0.24,0,1
0.027359122391987931,-0.96546750922537594,-0.25908293469870025,0.99839530551345368,0.013536454274800639,0.054987074248102473,-0.049581169314976144,-0.2601715838361619,0.96428857434563908,15.213191301480208,15.017941601620157,-3.245936290510552,,0.4524377607822906,0.5098039215686274,0,5
0.06300375768963605,0.99795801891892988,0.010503284838083849,-0.99681390492841282,0.062408752856986258,0.049670781232072796,0.048913857528868426,-0.013599266239026079,0.99871041573591568,-1.3848535410749678,6.3162510613911405,-4.2866072729278724,,0.1046674992762741,0.1935483870967742,0,2
-0.39381687264544613,-0.84085427729066464,-0.37131166852356573,0.91502985272073567,-0.3970093704995985,-0.071441783050127911,-0.087342082924724646,-0.36789624093962464,0.92575575420996659,-15.092441701147527,-11.546816132254587,-4.7129260203643843,,0.2641241060933393,0.3636363636363636,0,2
0.85296375754102016,-0.49941387986253055,-0.15178473217737332,0.52001296420031429,0.83820232728576693,0.16432703854304084,0.045159111872421547,-0.21909503676116684,0.9746578986913903,6.1436701090777888,27.689255770789934,-4.6137691575126114,,0.3928588486120373,0.4705882352941176,1,5
-0.59849441249233515,-0.78547714755893905,-0.15757566080498125,0.79310614051765882,-0.60869129607588024,0.021853053668727036,-0.11308000746656149,-0.11189529366393017,0.98726508859942197,14.128039612168241,-12.757062682522717,-2.0088620317536861,0.5591403518657584,0.4568591032025469,0.9629629629629629,1,6
0.95632748048321237,0.26805284722376366,-0.11655651490957009,-0.23993286841243333,0.94763964927798783,0.21073991973917591,0.16694301041976309,-0.17357063752699078,0.9705685267205304,2.6921446954810349,5.9845326281634614,-3.8773478596167488,,0.1848395234250344,0.3207547169811321,1,4
-0.53232737709647315,0.84146772636951328,-0.092518263451660546,-0.84554918738906715,-0.53380262780089283,0.010066094503320567,-0.040916198494941894,0.083587200164757097,0.99566010499032209,9.6388902001347674,3.2122872684971235,-3.1351106850886481,,0.166734954450596,0.5384615384615384,1,5
0.83921124459344143,0.54135623706411973,-0.051554937103102869,-0.52342418510848954,0.82983171088292196,0.1934074819044955,0.14748426828459371,-0.135324632661244,0.97976305013184628,-11.553569167036885,-8.6498958653177436,-4.537973157707909,,0.1331228106731791,0.3023255813953488,0,5
0.073544013723689974,0.9965006776519425,0.039719988477193678,-0.99572358455403043,0.0711373106580835,0.058940870329572653,0.055909044065176841,-0.043884877481360392,0.99747095011341735,-0.57162014269076611,29.572242506172891,-5.2706626476127969,,0.2307114618680962,0.3636363636363636,0,1
-0.83692019956484287,-0.52148002973644236,-0.16620216047459682,0.53139167818656419,-0.84692370855363597,-0.018523397199872168,-0.13110096839616273,-0.10382105025396446,0.98591770732133277,10.688145498965509,6.8108748789607532,-3.2469299509940304,,0.07253426141302319,0.2413793103448276,0,5
0.96124269613452584,0.25918911281649121,-0.093986610351834629,-0.2487211548917494,0.96230858619326243,0.1099998729455571,0.11895489160745676,-0.082360116173573431,0.98947791538090091,3.3048484537769451,17.393686741860154,-4.3500537664765524,,0.2859581047312281,0.65,1,5
0.0055084261550332487,-0.95835643694276973,-0.28552162266920222,0.99929404188679394,-0.0053356413001580576,0.0371880193270826,-0.03716281866126369,-0.2855249038214982,0.95765048645467477,-7.5164213888307749,-14.433302743651469,-3.8483704912339691,,0.3760872078499755,0.8095238095238095,1,5
0.55849872165822612,0.82431030117116133,-0.092691452082905509,-0.82106697349149516,0.56525322705237913,0.07961039095739382,0.11801780775647643,0.031643588449827113,0.99250716892240842,14.452443683455042,5.2383046002192311,-2.8822516727511758,,0.09587051190480014,0.4545454545454545,0,5
0.65363913216268932,-0.72728735280598689,-0.20930597543803489,0.75484139026145003,0.64642986659280621,0.11109861891567031,0.054501013327907008,-0.23061121834218715,0.97151845351540511,-14.30260668188323,25.44145937084873,-6.4552421622047085,,0.2378136031449821,0.5333333333333333,0,3
0.56091690140994144,-0.8127295255120881,-0.15761645876483463,0.82737559606734967,0.55691976526858233,0.072732373021823379,0.028667974202382176,-0.17120482882817303,0.98481828468050292,-10.160449296084312,7.7121850950810753,-5.1717104829313829,,0.1905673638860521,0.7779783393501805,1,5
-0.35437305348205289,0.93191322964676415,-0.077184657640891927,-0.93507408244698276,-0.35249073585580892,0.037238977856034056,0.0074966193539443594,0.085369863213934888,0.99632112652151206,-6.8494566453348291,21.042397861389421,-5.5020267706749841,,0.3125663901376996,0.7962962962962963,1,5
0.814651824609533,0.57244528742856815,-0.092998911612890534,-0.56581774916114436,0.81969931621284442,0.089125225017453485,0.12725045930987708,-0.019985592335961762,0.99166924763471709,-1.0734822916290092,-17.76816922327292,-3.0809285775894701,,0.1161453479132642,0.3809523809523809,1,5
0.45001876772358251,0.88899426974504858,-0.08468941525962323,-0.88893491418670945,0.45500126204405239,0.052617201352676342,0.085310181317452036,0.051604649972540752,0.99501715214603004,-11.310925971729379,-19.021566782760491,-3.9904631330714246,,0.1866805908375309,0.6382978723404256,1,5
-0.42122393537041058,0.90221016873564919,0.092667187833969086,-0.90695599184949494,-0.41889448235047494,-0.044252022604928345,-0.001106851102701424,-0.10268507236360917,0.99471330080295872,14.190522699318093,-14.479350263231799,-1.9545204316007827,,0.4259776829035075,0.1176470588235294,0,2
-0.89924669974800231,0.42729136159244552,-0.093688127854074182,-0.42700208262660311,-0.90392863153077374,-0.024129868036267099,-0.094997865370075971,0.01830632151410912,0.99530914000010695,0.20071281672101574,-9.3070789474131335,-3.3592147744951855,,0.0955677029592454,0.21875,0,3
0.12918005685496917,0.99161094646261794,-0.0044993073310791868,-0.98961792880624677,0.12920602850611981,0.062945668499995708,0.062998951548280099,-0.0036787298335580879,0.99800681312836259,-0.66128460228433761,23.2686232678296,-4.9985956981056319,,0.2091634201246884,0.2857142857142857,0,3
-0.60061609811867034,-0.73538224152774267,-0.31380449570765673,0.79143397050855291,-0.60256133808601575,-0.10272343534489765,-0.11354546668965208,-0.31005288692354288,0.94391452701216871,1.7619480526859093,20.72686182849607,-4.6764465765428209,,0.0783132400805551,0.4,0,1
0.3628490514241593,0.92940814261448856,-0.067387464134464559,-0.92742444594525586,0.36721899029888144,0.070951463882040822,0.090688824800646731,0.036752110221807639,0.99520089401613832,1.6027555026367246,25.73818272710815,-4.9141530789490906,,0.1292229312569613,0.1052631578947368,0,3
-0.066333910061807944,0.9971318443028736,-0.036440327290814617,-0.99706819489769238,-0.064845150507954363,0.040621683606885436,0.038142195785889496,0.039028086460272025,0.99850988045581213,3.4403706304737298,6.8981912392299485,-3.8483409783763314,,0.1112349210599587,0.3934426229508197,0,1
0.92776978027219115,-0.31904864750481987,-0.19352311319073989,0.34633668241381399,0.92929429383804019,0.12830829222872611,0.13890333771469937,-0.1860647090810191,0.97266941290775311,10.823636513890431,-8.1865378473797463,-2.494910818775621,,0.1607707067168195,0.2380952380952381,1,5
-0.61739531643182088,0.78654637857783782,0.012954443027049416,-0.7859679620595541,-0.61608685579944722,-0.051878210523334807,-0.032823556541059715,-0.042211141387557591,0.99856939352193075,-8.5226993457572604,17.928165567542994,-5.5426782490269968,,0.0936956206320752,0.3125,0,8
0.59665636793524002,-0.76071722605929148,-0.25555915279830044,0.80156833548764339,0.58025350118795305,0.1442015183785931,0.038592514117339591,-0.29088687893368409,0.95597878716963369,-6.2796085371107413,-20.304529417714825,-3.4131995383680112,,0.1741065638101315,0.3636363636363636,0,1
0.470804142874299,0.87694294834933084,-0.096511783699083004,-0.87644628012038051,0.47742056347611722,0.062542174836612896,0.10092262935310002,0.055142278793398031,0.99336496413650865,-15.191152266470302,-7.7201603199844238,-4.9185500212236883,,0.08994831037088517,0.3035714285714285,0,3
-0.65879424294183053,0.75034887995982968,-0.054467456427939542,-0.74762829533061526,-0.66104065744355889,-0.063852809081717879,-0.083917086983159417,-0.0013444514184846137,0.99647183350190316,-8.0894911644369305,10.115172167419164,-5.0993542660060802,,0.2034392951051027,0.2888888888888889,0,2
0.76225260832242947,-0.57042348407887422,-0.30592157478179094,0.64379504211472194,0.71710411570938071,0.26700118161006409,0.067073876093128371,-0.40047314022788716,0.91385029359401004,-19.829075207399701,13.857674674363055,-6.4558141691883186,,0.1009595819365817,0.1764705882352941,0,1
-0.88724977292012586,-0.43518043409103774,-0.15298964094840473,0.44093939356902212,-0.89752721962474147,-0.0041642804498810554,-0.1355001536979531,-0.071153916385664678,0.9882190185028894,-9.1374556614014644,15.934426290612901,-5.4823084246350584,,0.1279543842498243,0.525,0,5
-0.11185078429773952,-0.96366359550304859,-0.2425734461026533,0.99292445460088885,-0.11817621051068124,0.011636611399497563,-0.039880189411640128,-0.2395555425605333,0.97006325181455044,5.3511357229839716,-9.8754855682681644,-2.8814523147204691,,0.4109494914898446,0.1153846153846154,1,7
0.30406654288315832,0.94774869780264759,-0.096519134437012877,-0.94901857084409347,0.31018746038879014,0.056102509842138645,0.083110105836288375,0.074539554807755412,0.99374874343414532,-17.053253703393899,-11.478418471613843,-4.9062994503139175,,0.2078046195877561,0.2727272727272727,0,1
-0.78525722427989708,-0.59676089679319844,-0.16506823975195437,0.60950400750210243,-0.79194490470852152,-0.036443555604353514,-0.10897686247597814,-0.12922731895689876,0.98560861577002434,13.994519497772968,9.1552174524492713,-3.0961439119233964,,0.08502124614237419,0.5,0,5
-0.85431191048266619,-0.49886032534662711,-0.14590933966855527,0.50399007535943607,-0.86370692470725163,0.0020861811838981306,-0.1270636200753251,-0.07175460966237171,0.98929576590904,-12.741051625332666,21.604119935758899,-6.1082420246086659,,0.1502446144403895,0.5454545454545454,0,3
-0.26313550598942398,0.96413006059896855,-0.034827169524957145,-0.96468982241998236,-0.26251323749013339,0.021455690661294886,0.011543483312852761,0.039243170002933876,0.99916301052487333,-14.990936803925271,-6.9179097983279147,-4.9389094244865985,,0.09390188439730729,0.16,0,1
-0.91769777158845167,0.38372098420456768,-0.10290289744544891,-0.38485994635169674,-0.92292767723277702,-0.0093447467531560906,-0.098557707541114301,0.031027550318859842,0.99464751012881503,-6.2449292427179648,12.398963982241668,-5.0732043702128147,,0.1323168330142775,0.6504065040650406,0,5
0.96644463678664605,0.23530209323107376,-0.10304217072345531,-0.22403688838542149,0.96835157489739609,0.11001227220774018,0.12566716623249233,-0.083235523154520819,0.98857453488155733,-9.6232305097350928,20.987174125200536,-5.7821213090134913,,0.1087797475388576,0.2380952380952381,0,5
0.61186723048622393,0.78451264078431227,-0.10078893146940483,-0.78270211306796367,0.61890859684105837,0.065799323364142112,0.11399953708706287,0.038627259880280179,0.99272959074366185,2.6978398193370725,-7.401388525682048,-3.2442536914404343,,0.2043354616308149,0.6903553299492385,1,5
0.96616438365237856,-0.14861391258004203,-0.21080865435097831,0.19864762879722683,0.95006370412136532,0.24066174952499136,0.16451596680826405,-0.27439545021527256,0.94743951446321861,6.1216654538067079,-12.952238116038963,-2.6579072894664431,,0.3545175903281819,0.5,0,4
0.96439929879311093,0.23675452136736436,-0.11781888260999498,-0.22809385525061329,0.97014322901257466,0.082433660588193389,0.13381773307103134,-0.052625201312369758,0.98960770131530651,3.0933404649219205,4.3134545138578249,-3.7752635253724769,,0.09549931485257175,0.3578947368421053,0,5
-0.98618751388490467,0.11417108546135091,-0.11999646120651893,-0.11790858219384959,-0.99272219792232175,0.024499061151622571,-0.11632606630737134,0.038309280818772835,0.99247198716165352,7.0175978037655593,18.628858761919641,-4.1140446451094013,,0.1465421850818164,0.5405405405405406,1,3
-0.40268399115473719,-0.89718442296791268,-0.18139932318347676,0.91054529568989018,-0.41288583394789841,0.020797899465035328,-0.093556762260676593,-0.15679731920182952,0.983189571205074,9.6600137786072828,-8.9365651045132211,-2.5579616601378894,,0.1134434145357343,0.5652173913043478,0,5
-0.89728180872311847,0.44102359475462666,-0.019584294837336071,-0.43252064609026614,-0.8871318891589246,-0.16100590654686045,-0.088381256158915233,-0.13599705918520547,0.98675911622479995,8.1950427816317983,22.276663611276135,-4.1643124393988336,,0.4095901828873127,0.3703703703703703,0,3
-0.90293529450301957,0.41767112061909251,-0.1012851861899644,-0.41884774202288449,-0.90799710292270652,-0.010384126650917584,-0.096303805444413984,0.033046877080331112,0.99480323731487785,7.3639520894157231,17.861381035475155,-4.0114933944712403,,0.09108282897938824,0.2592592592592592,0,4
0.035952522693134606,0.99740096532072353,-0.062439814936368576,-0.99918732933516219,0.037015658837278601,0.015953742410743411,0.018223528968501084,0.06181549464438918,0.99792121312947535,17.563246480646292,2.9455168525363629,-2.5201245426009931,,0.2778836849147522,0.3846153846153846,1,5
-0.91829148014110207,0.37737175687025404,-0.11971346882002187,-0.38127234666480297,-0.92440129329706811,0.010660516845956435,-0.10664030743100289,0.055432896977935929,0.99275124717305474,1.5825364232329227,-12.775148511555575,-3.0704940420508393,,0.1580972449859794,0.34375,1,5
0.3281553974474643,0.94066621049049204,-0.086377749261911704,-0.94258531837023019,0.33207943164908238,0.035442469842184882,0.062023807678894212,0.069787760510561028,0.99563181737223105,-19.070583127427529,13.457760457057711,-6.3674626580390061,,0.1273388950411488,0.3409090909090909,0,2
-0.84080104414793078,-0.52227493695279104,-0.14241662259269022,0.52531520015453492,-0.85070905778106176,0.018385850425260412,-0.13075757968986484,-0.059354774367505275,0.98963602708947096,1.4014011045883061,3.436409846414378,-3.874740674101639,,0.08368677883722356,0.3024691358024691,0,5
0.74316691881227848,-0.61097331369622987,-0.27279028709635617,0.6639163001738565,0.72401568703441843,0.18712677865964775,0.083174979089398707,-0.32017634965613456,0.94369964923928562,9.7955309382836067,-14.281442670017606,-2.2864145522038157,,0.3335378737170051,0.2142857142857143,0,6
0.81877156277960073,0.56756452767747612,-0.086508004864825586,-0.56049696612438427,0.82284675151416453,0.093628919079241618,0.12432328401715574,-0.028173222123667248,0.99184171650841513,11.541679210818486,-18.879488393592315,-1.8841320528329921,0.2443756968726423,0.1353066714670494,0.2857142857142857,1,5
0.22155173112289769,0.97514848186626624,-0.00051841138452240554,-0.97309742520088283,0.22112013618820114,0.064709245394488427,0.063215753605094183,-0.013831980553331668,0.99790402585124005,-4.2756365019263596,22.539001455664522,-5.3511348113768351,,0.09725373734772308,0.3076923076923077,0,2
-0.98908041067989205,0.07831223102067382,-0.1248484508588716,-0.081060070322140701,-0.99656293796144058,0.017075587282183512,-0.1230821116517956,0.027009353087892891,0.9920288749008811,2.3761085006695164,0.91186699365587509,-3.6425271244307407,0.2241393344984899,0.140356567995036,0.5859375,1,5
0.58214291329514467,0.81014504919155461,0.069098681395916586,-0.80375246243904708,0.56053830136656746,0.19944621286013708,0.12284790443230839,-0.17164443472334295,0.97746947799156059,-5.0023631483005522,-6.0083868642213991,-4.0443444770748762,,0.3328162855749516,0.3680981595092024,0,3
0.47553143373542683,0.87531885120336517,-0.087674193794708824,-0.87402067821450069,0.48141512224842414,0.065782475812338606,0.099788323881081095,0.045347423284653514,0.99397479928741084,12.377944757483764,6.058592626012711,-3.087536461866855,,0.09230901709552657,0.4444444444444444,0,5
-0.66406416330469298,0.74724077278794709,-0.02549538188984659,-0.74764936802452353,-0.66394027798949007,0.014273393281523232,-0.0062617495134012525,0.028540055124501224,0.99957303672444153,-5.4368003418623436,-3.9978384967338365,-4.1977023487269776,,0.174751609941965,0.3676470588235294,0,3
0.44473984714933451,-0.86516181021801342,-0.2317358636419416,0.8956245027133336,0.43187597767991742,0.1064889198109798,0.0079510060420353752,-0.25490818355499167,0.96693257234391183,9.0457481007669536,14.167137144466048,-3.717138290604757,,0.1983800443974782,0.4,1,5
-0.98973064659084198,0.079421816921853849,-0.11885041941746244,-0.076719647353411649,-0.99668303066374497,-0.027148335066850451,-0.12061236631806613,-0.017751376954065909,0.99254095417135946,6.7069830140720814,11.944962788688388,-3.8295584046565518,,0.1469369162931734,0.4761904761904762,1,6
