axis_00,axis_01,axis_02,axis_10,axis_11,axis_12,axis_20,axis_21,axis_22,location_x,location_y,location_z,dbh,dbh_approximation,score,reconstructed,number_clusters
0.44135520284916668,0.86299940814843223,-0.24584061188792133,-0.87416448850698425,0.47536222810369905,0.099333776358347572,0.20258833123182154,0.17106365373083648,0.96420702881744369,-12.802827157293232,2.4266659245814992,-9.6736806943901161,,0.0656326744314826,0.2173913043478261,0,3
-0.06822202303677298,0.95975967876262491,-0.27240982837304911,-0.99645981795762484,-0.052104430869530545,0.065976961733777789,0.049128268528700302,0.27594652979377426,0.95991662446597203,6.0925319510464533,11.295962997274264,-4.8667216035456544,,0.1767012447482507,0.6808510638297872,1,5
0.11389187679281114,0.97467471674114081,-0.1924521679435939,-0.98768152931257747,0.13200295573178963,0.084026283583417544,0.10730254915602333,0.18051154041680925,0.97770227918368413,11.176934476438774,7.5342228191042793,-2.8046738547747054,,0.10027446496678,0.2272727272727273,1,5
-0.58745050376284458,0.77569189852219733,-0.23065988857148631,-0.79999621576874835,-0.59964079684435911,0.020903815813046765,-0.1220981588086565,0.19680699511677011,0.9728098716032052,4.2682839600654345,1.6472454172488256,-4.2745265561686008,,0.3370080425071672,0.7279693486590039,1,7
0.42014990290543869,-0.8480990938989339,-0.32280332404787687,0.90500729737900731,0.41771750190329043,0.080460426884403441,0.066602182991973499,-0.32594480442474105,0.94303983674562819,-3.4708444920327444,14.455592862084741,-8.148647168087674,,0.2317736317212039,0.7340425531914894,1,5
0.061188642553852299,-0.93935998798533415,-0.33742964154710958,0.99691764359391166,0.040885065497635147,0.066959863428903726,-0.049103583510577448,-0.34048674627868863,0.9389662473672693,-11.254019149352542,13.675780169173104,-10.480620368119954,,0.1225102654389754,0.6376811594202898,1,5
-0.43025049521141107,-0.70790851491653295,-0.56013395351380502,0.88054677788750602,-0.46577204024808233,-0.087714186281759809,-0.1988011149925166,-0.53096322003676366,0.82374521282124857,-15.582059160659755,14.181264773329,-11.8623646941997,,0.4617121053249719,0.2,0,1
0.83064712442805055,0.47815282923387681,-0.2852984868082048,-0.47092352239274882,0.87668977565703843,0.098214425191106361,0.29707977167188387,0.052772238478694576,0.95339325574986644,-0.13041333361383456,14.893203509986053,-7.0987217849116355,,0.3710718586428468,0.7078651685393258,1,5
0.87102670970423046,0.40965781149823466,-0.27109582892456979,-0.35981757967449934,0.90776026587270542,0.21564463605640818,0.33443053140975038,-0.090287192786088627,0.93808551981138677,-5.9336521056883162,7.87798823286571,-8.1553154249722155,,0.2701118700587735,0.3893129770992366,1,5
-0.93856574999615172,-0.17292926952176507,-0.2986466150433148,0.16120584736824758,-0.98486594232206215,0.063653361485170187,-0.30513440925016372,0.011599284320388509,0.95223865122920104,-14.737212281249684,9.8854663749636877,-11.100269055086926,,0.07583759175061958,0.4615384615384616,0,1
-0.90594087401404,0.33112109249000998,-0.26387488493394273,-0.33807867171174905,-0.94090556512434387,-0.019988227826895653,-0.2548998715658734,0.071102318009068299,0.96434978915818703,7.5633510728653137,13.405703258635034,-4.6216215335303641,0.1738791951845564,0.1118616496283583,0.3333333333333333,1,4
0.91291091538565194,0.29705584193744572,-0.27991335684559038,-0.26465539833615559,0.95290126589243873,0.14811042364438376,0.31072685867375915,-0.061131041471770835,0.94853139909404904,-10.370917051853707,11.035525726766362,-9.8093066068623411,,0.08406677804117721,0.4583333333333333,0,2
-0.81438208333572504,0.55043852183835085,-0.1838457397335439,-0.52574955461009221,-0.83391523361290931,-0.16784751703738438,-0.24570150217093195,-0.040035194825760088,0.96851843297182982,-15.262410415310582,8.4556135146544307,-11.058904261615737,,0.3343226701455517,0.2,0,3
0.32770182169097278,-0.87796373867742561,-0.34898594474272882,0.94416658869758496,0.31764934535566219,0.087454823665049641,0.034072992935513129,-0.35815997398184568,0.93303829727923804,-17.950196002367147,11.069560230823392,-12.154797907959338,,0.0811629882107231,0.3333333333333333,0,2
-0.70709717797769767,-0.55479481655862295,-0.4384247853573755,0.64253131087354232,-0.76298315573232567,-0.070782897764006508,-0.29524074150276808,-0.33175203931313862,0.89597627701210369,-3.3505570964979188,10.047501597487679,-7.6539405635708269,,0.3681734005208175,0.3723404255319149,0,4
0.34794158225648136,0.91926824688612008,-0.18407212065865614,-0.92500508035770002,0.36858532193406507,0.092252164024514194,0.15265076694632285,0.13816928284419866,0.97857395869143082,4.3074741420988873,10.337452476295097,-5.2657247098521767,,0.1822648440160466,0.3333333333333333,1,5
0.73437127672200364,-0.60333646545342956,-0.31094040808466294,0.6539572500205173,0.75161697506149028,0.086092031832321322,0.18176562675956287,-0.26656524952359684,0.9465221733668604,-9.46218090373476,14.238729652218305,-9.9583696570935345,,0.06529101435300506,0.4615384615384616,0,1
0.13230701442106971,-0.93899857496953221,-0.31745319362099667,0.99082978989325132,0.11643436923908058,0.068551915509283912,-0.027407688612456897,-0.32361198041031269,0.94579284451714718,10.415312201381733,3.6020835935678694,-2.6612873946407913,,0.07384258403666577,0.3809523809523809,0,5
-0.89265836150368749,-0.32801746640114732,-0.3091368489412521,0.33934374748095925,-0.9404893084115663,0.0180466564525123,-0.29665951979185373,-0.088794158024660036,0.95084632134617864,-9.6991236474977036,9.9459251341952335,-9.5052362703071296,,0.1163598301027428,0.6115107913669064,0,7
0.085187074469245033,-0.86884535281364228,-0.48769961578568954,0.99529894158332244,0.051568463980992942,0.081979939044620823,-0.046077968992676042,-0.49239054257446802,0.86915382663641949,-14.384152531075184,14.41043008590208,-11.509971500505248,,0.2628897141916222,0.1923076923076923,0,1
0.95100088853136344,-0.07670371823516256,-0.29952270301507661,0.12245645129326534,0.98296119940105053,0.13708281441781253,0.28390443383155739,-0.16704436560671257,0.94418983915833021,-8.9684116910905978,12.529326169944566,-9.6055813883004877,,0.08322942851623694,0.2758620689655172,1,4
-0.2486030702911092,0.94199461724864253,-0.225483157944044,-0.96857995630224669,-0.24345564717677232,0.050815510499041726,-0.0070272107818904507,0.23103135919680648,0.97292092657949547,-1.0230419500176464,4.3540448869523454,-6.2615893614249813,,0.06750687185316148,0.2159090909090909,0,5
-0.69493480242227645,0.68636336955106991,-0.21440836112617734,-0.70146502038919223,-0.71266121414269734,-0.0077986554640604401,-0.1581532344048078,0.14498040831491094,0.97671297506081067,10.743045951537621,-4.4615140040515548,-1.5525359516394632,,0.3318942375574813,0.4057971014492754,1,5
0.7306514633211999,0.64325045035773143,-0.22886086878530765,-0.61741001842874099,0.76559991239648684,0.18072532551447898,0.29146750812125144,0.0092537696680002838,0.95653596872073776,-12.915790361354837,10.838519868240699,-10.64696144496132,,0.3864111985910916,0.5047619047619047,0,3
0.95263440280263745,-0.033514164142859466,-0.30226560406150899,0.07760517067872344,0.9877934879635144,0.13506095890671696,0.29404954018122464,-0.15212108972355257,0.94360693192691725,7.0441591593747788,9.2023544560800712,-4.3214080301192581,,0.1052778237021529,0.4324324324324325,0,5
0.87986740062368984,-0.34228002210941921,-0.32966307616183899,0.41280654940262157,0.89416198117892454,0.17339291849577107,0.23542325732605951,-0.28864985341925176,0.92803941297287129,6.7701638796847599,-23.999827470968846,-0.86078827437062955,,0.1953577695947789,0.6,1,3
-0.82595370579101934,0.48766818581933924,-0.28280773757052391,-0.5201523885873931,-0.85267889174638178,0.048787295651571388,-0.21735217628750209,0.18739916784724198,0.95793506217971236,7.298117477313828,0.31387793999302616,-3.2382858330709055,,0.08543691029698967,0.4642857142857143,0,5
0.32378718268601997,0.90805598291151834,-0.26569943964345621,-0.93127332763641102,0.3554487443873206,0.079913574231687587,0.1670085314026088,0.22156381024904293,0.96073806442061505,-1.6140075010143189,5.3724476726545154,-6.608655793933516,,0.06962291817133548,0.1666666666666667,0,5
0.58482155653500179,0.77387029528828133,-0.2431224240632831,-0.77528006268866123,0.62141267200221006,0.11308012854847779,0.23858870763186638,0.1223562713779025,0.96338173713489783,4.3491755082036061,-13.749930607881629,-2.6353206053318554,,0.07958186967629775,0.3636363636363636,0,4
0.77741885161836599,0.60278310849994143,-0.17964535411618038,-0.56933567054364975,0.79578312218758951,0.20636403923160593,0.2673514978357005,-0.058152786248975553,0.96184272625855349,-7.3865154330042246,7.9698062776576455,-8.5660547004977108,,0.4009240887142192,0.2706766917293233,1,3
-0.47047824754899298,0.86251875298422453,-0.18631054541750203,-0.86262918815568412,-0.49401896156329106,-0.10870211294079578,-0.18579855307589019,0.10957493493708417,0.9764590269481046,-8.1576132880606913,9.5286713718091445,-9.0703087997884193,,0.2089104052883696,0.12,0,2
-0.80883698364364254,0.54230845201903921,-0.22734176202134174,-0.54725195100904989,-0.83567850736277183,-0.046440655128012112,-0.21516978414043952,0.086850303399838361,0.97270704160724231,13.102570397766447,-0.5908651793653813,-1.242380385882329,,0.6134304913405557,0.3809523809523809,0,5
0.013177343183758307,-0.88758688527581631,-0.46045182018642578,0.99625469823877122,-0.027701503879502272,0.081909724208967347,-0.085457204867656539,-0.45980664171930902,0.88389757232782251,-17.3692812017648,5.9388880446796346,-11.430652399063369,,0.2616230252925472,0.4444444444444444,0,2
-0.95379559523211321,0.057363101655930622,-0.29492954596688042,-0.060880187193424119,-0.99814129539555452,0.002749042265599314,-0.29422366547086676,0.020577390371370807,0.95551504733436377,-4.0867265958138903,-9.2225835764133564,-5.7367829784424682,,0.2017427509873783,0.524822695035461,1,5
-0.71554916130595858,-0.62563101119889697,-0.3107655636980784,0.64641346081669349,-0.7616604063813831,0.044978472916838992,-0.26483775302876222,-0.16869873496025867,0.94942177212948087,2.4013328257875712,1.2749861934500368,-4.90508178775214,,0.09162467428669548,0.391304347826087,0,2
0.95563583552746467,0.013721963229412144,-0.29423095958932605,0.041232186564628744,0.98284687333241672,0.17975519567398435,0.29165057285529994,-0.18391229242718779,0.93867790644467175,1.4415805221397338,-4.5584015509869644,-4.4118628044622037,,0.08102587212157523,0.2452830188679245,0,3
-0.11490453415554265,0.9616254335049228,-0.24914548694882502,-0.99263004968598023,-0.10142690840191441,0.066318675442431446,0.038503668538291576,0.25492961359657512,0.9661927135000522,-7.3977243364904437,14.856191424506299,-9.4234958943015386,,0.08129044961583697,0.3548387096774194,0,2
0.93071620410408074,0.27652998644608445,-0.23937108015426642,-0.2012228249665059,0.93367926689373792,0.29623031797112115,0.30541238044747093,-0.22753943211870112,0.92463456819465095,2.1780425745978924,4.3465197663630537,-5.3376161087621874,,0.08718179805477386,0.2906976744186047,0,5
0.95545317335857405,-0.0072501978349717522,-0.29505366994901966,0.044708084213790751,0.99171744962925301,0.1204063424690883,0.29173690326210683,-0.1282339063282584,0.94786372677871356,-2.6714913533729692,-8.8544663671195085,-5.3043597203322621,,0.265959198012631,0.3157894736842105,0,2
0.51148885461198568,0.81613048383173303,-0.26890553168036979,-0.82927528950699247,0.55081678045992188,0.094357663053204824,0.22512584440888828,0.17473381963532278,0.95853348739354816,6.5858738963310843,17.6640788606489,-5.4618572642262508,0.5235495783332823,0.3712618549809338,0.9423076923076923,1,5
-0.94381537825454609,-0.11682829994712383,-0.30913375762231676,0.15459907979768181,-0.98284550978294127,-0.10056753166514797,-0.2920815918471043,-0.14270897740147737,0.94568625424772146,-11.303382495151016,1.2962649579752272,-9.1056588612499869,,0.3431631840355429,0.2678571428571428,0,2
0.79973957320928535,-0.41697553331095821,-0.43191205084261336,0.56284743626228539,0.77105127678074292,0.29779639364464972,0.20885252820112832,-0.48126015126418709,0.85133382892327758,-12.879923605686926,13.649332336573689,-10.901813307528384,,0.2471244089986159,0.2068965517241379,0,1
-0.14909808285483253,0.95711698850903115,-0.24838846993453037,-0.98864239215344585,-0.13949813872823441,0.055915022386394966,0.018867488601460421,0.25390419374000489,0.96704533413646732,23.60468669490238,-6.1543421131989167,2.7666846709684632,,0.3079933478746825,0.7735849056603774,1,5
0.052178410352750844,0.99204070251600074,-0.11459780994687156,-0.99406034906453744,0.062570808876036443,0.089044462457180965,0.095506208754979491,0.10927094045608778,0.98941317237092197,-11.988712742430614,10.342236576890555,-10.275092439259208,,0.08942147756834584,0.2592592592592592,0,3
-0.28290109555824106,0.94256114612657316,-0.17761040494438554,-0.95897309496251637,-0.28150462553917727,0.033552182314432973,-0.01837316711839123,0.1798155488621862,0.98352874646216149,7.6213228480170114,25.45437261929602,-6.1687293378220796,,0.5458094984407909,0.8048780487804879,0,1
0.73416861550746271,0.61986361232607934,-0.27706595986862032,-0.61932751249340245,0.7786248592077204,0.10087993305158745,0.2782622437065263,0.097531690941059998,0.95554052399131006,6.1671378355050361,3.2136951194264607,-3.8404573335007495,,0.08252460669533788,0.2558139534883721,0,5
0.12149145495965588,-0.8460404912455991,-0.51909085288096979,0.99242871306105462,0.094037334516344107,0.079007779421025895,-0.018029860336846538,-0.52475943716141771,0.85105960851533013,-16.217596172460492,13.026531748307589,-11.900601745344327,,0.5704156233858656,0.1111111111111111,0,2
-0.56480260448095876,-0.70081038857796618,-0.43573250651371548,0.79093151805976225,-0.61035252371582371,-0.043556061959325008,-0.23542589430902736,-0.36923515008043911,0.89902171955624588,-0.43892858904952248,6.5417584697874309,-6.3038647963388135,,0.08100836144113681,0.2093023255813954,0,5
-0.086953010913950551,0.96639502390017173,-0.24190872591534324,-0.99512108276662892,-0.072894908370717965,0.066485810268029327,0.046617641793318419,0.24650961464943094,0.96801849432695153,8.1501258704029631,11.724063638789112,-4.2283294973526822,,0.28032114833342,0.797752808988764,1,5
0.77212426355956076,0.56719178011287497,-0.28656169701304179,-0.54263957835669596,0.8231618331900824,0.16717321669457277,0.33070592619950639,0.026421221613156427,0.94336393265006424,4.8806480464982807,-15.267168564244933,-2.364612903061182,,0.3096929003510615,0.3,0,3
-0.18673942373643143,-0.88300106611683926,-0.43062455208581796,0.97221689677377487,-0.22908000841764892,0.048131646252143404,-0.14114777097126671,-0.40967238981885962,0.9012468251094965,1.967932561230658,-14.799079743913174,-3.2707189046507894,,0.4219647894198927,0.2325581395348837,0,5
-0.85613210555252461,0.47179302235512427,-0.21082969880739888,-0.47687786453306336,-0.87847909554393855,-0.029359513120788536,-0.19906109655225643,0.075404394761323601,0.97708180675422052,-5.7267705042614772,13.209494592179041,-8.6820345443624856,,0.3697948169906671,0.4285714285714285,1,2
0.14616220595937651,0.96560626928306248,-0.21503753688678567,-0.97999664888326821,0.17100985822550815,0.10179487495575273,0.13506730813433188,0.19585750205427033,0.97128608615711565,-8.6344083162828262,10.603025789879386,-9.323825615621077,,0.2266426428182742,0.3118279569892473,1,3
-0.17967193848901014,-0.88793811611114049,-0.42341929157349578,0.96955278077482843,-0.23264270074512081,0.076451154875610314,-0.16638930197401414,-0.39679122438256603,0.90270223464971266,-8.9531415734589359,6.79087541244769,-8.929740684242244,0.6251133526947293,0.2127010891387298,0.28,1,2
-0.71459866206760103,-0.52748310317185476,-0.4594674395856414,0.64010181768438501,-0.75799901260882319,-0.12532820864113464,-0.28216735312282482,-0.38366531345984328,0.87930797339693167,19.056545183395475,-2.4963568254923829,0.8622879124345928,,0.4267733643519575,0.1538461538461539,0,4
0.61405750531791481,0.74660743486173164,-0.25595061705712746,-0.74589991463881,0.65496858841684547,0.12103497646986587,0.25800522766904394,0.11659110770736372,0.95908279939691055,3.0460105865023506,14.212083565995439,-6.0868519775152041,,0.5663613871265313,0.7037037037037037,0,5
0.50595407653380908,0.84725476700649793,-0.16177092514906513,-0.82873108394368611,0.52949382855197669,0.18122106950046413,0.2391971215218579,0.042375055281781156,0.97004592249311694,-4.6454342031614448,6.5841905206827676,-7.5978413871305905,,0.1340067845368539,0.3650793650793651,1,4
-0.76365516880447293,0.6178290568020649,-0.1873980782433029,-0.61905780985668235,-0.78311482601767679,-0.059148941890382431,-0.18329814841852626,0.070840848684744218,0.98050158742552018,-18.843436392295747,5.4121222067904178,-11.819994049502503,,0.3295496674384505,0.6428571428571429,0,4
0.81733398293620052,0.51886734686303726,-0.2504832064170362,-0.49447848061224831,0.85484190336108712,0.15727794654495106,0.29572993177737261,-0.0046900551496314872,0.95526007497102272,-10.137471793180547,-12.349695595333447,-7.3372407108540392,,0.3530050767816195,0.6037735849056604,1,4
0.095585194941849638,0.96651415753078873,-0.23814670646573841,-0.99036884411603365,0.11641223899746067,0.074951605825823595,0.10016497946987327,0.22868881455844775,0.96833279557373841,-11.384546522145259,6.5383247650425345,-9.6622797931913826,,0.2527357130791154,0.327485380116959,1,4
-0.93210291800211731,-0.17834510095835437,-0.3152414554212255,0.19448910408117193,-0.98069576883528098,-0.020243452825046773,-0.30554564085524305,-0.08018000968278316,0.94879556670635168,-10.106314061411084,17.183422521443028,-10.491117755659589,,0.4133081750458875,0.3125,0,1
-0.94228869370526624,0.19556073302139002,-0.27174991704756579,-0.20233693589376442,-0.97931091406648552,-0.0031461028887027585,-0.26674291384841886,0.052020508363531018,0.96236276144770572,4.8084004661949962,3.0287565078836343,-4.2995141256152207,,0.08732648822460376,0.3636363636363636,0,5
0.34288690940391431,0.91616637996798045,-0.20752766460353692,-0.92255388237011693,0.37004835920408835,0.10935513693552219,0.17698277171311533,0.15395900774793339,0.97209758895391518,-2.0050225471865408,15.476670611250613,-7.7608516421427076,,0.3631698786034445,0.3714285714285714,1,5
-0.49732443148555472,0.83795072476602861,-0.2247376085831175,-0.86034723913084188,-0.50969683401618726,0.0034300894761607882,-0.11167380161662274,0.19505824837202909,0.97441328078722733,7.8908883866867123,3.6114217717623567,-3.3928777436798492,,0.2914176418965677,0.3529411764705883,1,5
-0.62148438401569361,-0.69880089799544065,-0.35416728446512069,0.74772514922276712,-0.66400548564411332,-0.0019535235638546652,-0.23380389569984253,-0.26603387001524709,0.93518004595921833,-8.8790098948929224,14.618484159969794,-9.8061293703460546,,0.4985820292047601,0.6833333333333333,0,3
0.84549494221064136,0.45485999342298339,-0.2797153715466324,-0.43995491773297646,0.89025471524591548,0.11783977403655656,0.30261852728938626,0.023429220338294175,0.95282375000602548,6.4677626853597356,-7.8315653509069172,-2.5103551505658639,,0.5236617608641213,0.7689655172413793,1,5
0.89018852602458542,0.3571736290132233,-0.2828274860612075,-0.34144096319949718,0.93403252695806371,0.10488711662418806,0.30163298358034024,0.0031995815133763171,0.95341874635155111,12.721054605539312,3.4524133384386668,-1.951405541517697,,0.1765115295974558,0.391304347826087,1,5
-0.9518608214091735,-0.036001690882347191,-0.30440902568725864,0.054570309319933029,-0.99711771204627697,-0.052710052782421045,-0.30163398019285059,-0.066784328829529241,0.95108190783749469,2.0459866690815431,0.28606646534540553,-4.8733668551245968,,0.07568781315101257,0.25,0,5
0.21327162725069715,0.95157890466959882,-0.22138834928163309,-0.96705110631480073,0.23785480410404511,0.090759296713594673,0.13902291460460622,0.19473746519977364,0.97095311362722714,2.4697254813108431,-8.2591093530733435,-3.7557467783052156,,0.1148955510841494,0.2985074626865671,1,5
-0.37377282378196292,0.91207575818616626,-0.16855766826575863,-0.92635210163374515,-0.37620400319339231,0.018502210138547713,-0.046536652230286538,0.16305937357416139,0.98551812803661831,-10.09861602603981,-10.407039772405092,-7.5345196378857935,,0.1752752449840604,0.2127659574468085,0,3
0.65365845971918002,0.7376719916554787,-0.16902855014638446,-0.71739602806502634,0.6751014313260969,0.17199126820271918,0.24098455750125056,0.0088368630460685729,0.97048871858328745,0.24786765453804166,-5.7326066700053149,-4.7342073404501592,,0.3697854037072943,0.251063829787234,1,2
-0.89308467694294313,-0.3085448489408667,-0.32741386043015552,0.33189890203767836,-0.94317058965082334,-0.01650326161408373,-0.30371512744001283,-0.12340711085580502,0.94473689795324511,5.0962738468817026,0.77200675668838936,-3.957511420985647,,0.09716635110832642,0.3023255813953488,1,2
0.56901636364855379,0.79763595292555556,-0.1999931611348704,-0.78973944349745262,0.59784583853961026,0.13744804373000183,0.22919858045919744,0.079732301744095874,0.97010863864521757,-4.3449213972258365,14.946159722266954,-8.4591208855414948,,0.2121457772538816,0.1052631578947368,0,3
0.10382929910863312,0.96183996773676028,-0.2531469002590393,-0.98917670224545806,0.12639439634155206,0.074524548359967843,0.10367703883412432,0.24266918435929327,0.96455312895712719,0.95737485872200356,-9.3269908872616067,-4.0987156965856455,,0.1288583919527606,0.2692307692307692,1,5
0.71490488535375374,0.640953878960144,-0.27944432351236281,-0.644465874000546,0.75904646624717476,0.092261580987917188,0.27124664448809216,0.1141340752081632,0.95571892872869701,3.5843972916435174,3.7128620787685938,-4.7392482087549626,,0.1159792922980888,0.4745762711864407,1,5
0.91315628963821927,0.29713161286307566,-0.27903117268783362,-0.26912307250529505,0.9536310859844449,0.13476098726796987,0.30613454973176418,-0.047964116603097351,0.95077919675338596,-3.0862407733326114,7.375805643365279,-7.2137327048006652,,0.1547776302143408,0.5720164609053497,1,5
-0.92000282331576799,-0.21674211045665251,-0.32652360197359931,0.24634862028778798,-0.96780189204971334,-0.051689989623713184,-0.3048067623484107,-0.1279935752285738,0.94377459296533717,-14.450341642327805,7.2176025900632998,-10.652042124292567,,0.08028382974690119,0.21875,0,3
0.91534186923443761,0.29470877843781462,-0.27440116315004398,-0.22760968986044486,0.9408011651029754,0.25117124999194534,0.33217930626099818,-0.16745119782365053,0.92823327070267525,-16.024423353586904,8.431491386907938,-11.264876561505293,,0.4397408769187844,0.2765957446808511,0,3
0.34117582301469984,-0.87197940167579702,-0.35107119056305736,0.93948420248108122,0.32867903549203775,0.096641217482562589,0.031120589305641582,-0.36279748439197324,0.93134821320498951,5.7443576063632538,-3.1962189739640552,-3.3030590546998226,,0.2573151541470543,0.5584415584415584,1,5
-0.52158361478769011,-0.77424715948357359,-0.35845762485491145,0.82136287995639856,-0.56935416227692892,0.034624519168756467,-0.23089727632593995,-0.27636420522483474,0.9329036787663062,-1.0560317843144575,14.976855623128822,-7.4294525694036722,,0.0934661276068893,0.1666666666666667,0,2
-0.90672513585286962,-0.25089502206172809,-0.33897081868096174,0.28620974238190899,-0.95642959890015655,-0.057675000766090362,-0.30973135356027121,-0.14931212359461032,0.93902735762563971,9.5063051431577055,2.9398639283094137,-2.8326571558107791,,0.2356766835662962,0.2608695652173913,1,5
0.93189770844451791,-0.19769395747010751,-0.30411142723624157,0.24157482808367345,0.96368615136583324,0.11380072100848894,0.27057025600054457,-0.17951629688002033,0.94581479990655881,6.7620572287264302,6.2543831253886717,-4.0054902432794375,,0.09557765371742721,0.4565217391304348,0,6
0.23217520820840748,0.93910647008244497,-0.25332530576844048,-0.96204673206675373,0.26010757204785978,0.082523549869405285,0.14339022983824043,0.22455086019131318,0.96385484030235524,-3.1575441217309135,3.6779510849758421,-6.88075234893416,,0.1353045188083855,0.6062378167641326,1,5
0.71357725001528993,0.67644113941775941,-0.18230439699530035,-0.64700509213906843,0.73610811426444811,0.19881965410933086,0.26868553925868838,-0.02392130885302584,0.96293086562640917,2.8898418667991357,-3.9750868438450278,-4.0743482663689994,,0.07989681482680758,0.1756756756756757,0,4
0.94271788638378473,-0.13701204836261391,-0.30415569252534008,0.17885512924102748,0.97723185973831195,0.11414348451214681,0.28159160043627685,-0.1620049101597853,0.94575926093687013,-12.037638491682166,-11.725654533095945,-8.0004258313344074,,0.2148004983214962,0.1428571428571428,0,1
-0.86721032788168217,0.40550071490512252,-0.28899034140742247,-0.43596218233588585,-0.89872710909111209,0.047186427684904934,-0.24058932392829868,0.16690941733816445,0.9561684075598591,-9.8673606479922089,19.959778399558679,-10.815138151623929,,0.09901224202872486,0.375,0,2
-0.52792799417706682,0.81349314375365656,-0.24396913335496068,-0.84283215450900739,-0.53718750173519647,0.032612072997620291,-0.10452747146029448,0.22284185658284675,0.96923449931625216,2.4673095669580625,8.9565459370595164,-5.710923790435424,,0.06888454047487166,0.186046511627907,0,5
0.92488646393913732,-0.16653487840764217,-0.34183499396040873,0.2359671173294155,0.95631974723042723,0.17254582172970745,0.29816865757722882,-0.24024711305421736,0.92378394460377422,3.1619648117308676,10.888440016213302,-5.6466221882264049,,0.2057250183924522,0.3225806451612903,0,4
-0.70942706896532626,-0.50520352858160322,-0.49140882015686682,0.6524134183026441,-0.73449362691046749,-0.18675075273360267,-0.26658950736652404,-0.4530877472814786,0.85067122193328559,-11.067157128111329,15.918495887985838,-10.687859590793831,,0.3818032998158448,0.25,0,2
-0.60662901486541521,0.76481854927059301,-0.21691893650633928,-0.78389125002135385,-0.6208906347566554,0.003054146597157522,-0.13234706820846193,0.17189359023274522,0.97618484272883554,-12.535281316273762,12.533140558945775,-10.658400796339979,1.269610827551293,0.8620874075128913,0.6173913043478261,1,1
-0.96095008942112903,-0.06581264621041219,-0.2687817353175378,0.066813853381257005,-0.99775067526599359,0.0054312984268331177,-0.26853460603406731,-0.012739136746127658,0.96318579711138319,-1.061674650130064,1.7615115350809993,-5.9686340696150673,,0.2735343357233097,0.4743589743589743,1,5
0.73096625449716468,-0.57188586020509558,-0.37233707535493415,0.65466947877457515,0.74166453412315037,0.14608761886250915,0.19260375995139328,-0.35054283863940178,0.91652796462040242,14.732426647103219,14.840479351336977,-2.5623433630965367,,0.2025998778814666,0.2916666666666667,1,5
-0.84459532201543941,0.47314764499209111,-0.25057942467025446,-0.4839464553973622,-0.87485197325273956,-0.020732901488175148,-0.22902962764229126,0.10375611275596025,0.96787400973877113,0.83629067761285958,1.2710799056217119,-5.3517696751976436,,0.0683472839442836,0.1438848920863309,0,5
-0.53282538425691139,-0.76664030472434919,-0.35827329381860445,0.83097775350442604,-0.55402524288905464,-0.050319016509285851,-0.15991586247840539,-0.32452838614500523,0.93225975109617709,15.590187958378253,7.0814126606547623,-1.4123686755972698,,0.3026318471805773,0.4210526315789473,0,3
0.87921903432540049,0.38239932620539152,-0.28415602227926406,-0.37042650536374788,0.9237815186834607,0.097014998133696323,0.29959655172233257,0.019961489336782098,0.95385714084423845,5.6278432206404174,5.1077296899782993,-4.3131515613629974,,0.2272570756702711,0.8541666666666666,1,5
0.90125321705216555,0.32909342640311273,-0.2818513002478083,-0.30572714549517777,0.94393699693501398,0.1245546399162895,0.30703998316260289,-0.026085676444463215,0.95133904903769295,11.833705368651879,-3.4749309677147444,-1.3182812526991172,,0.07994912546397548,0.2142857142857143,0,5
0.93015996898669318,-0.19268362617908419,-0.31253072216528321,0.24503863873286486,0.95969775760330089,0.13760915514289443,0.27342000223578938,-0.20458063020157982,0.93988736991391986,-6.54399103883254,-12.086360253800541,-6.2019535155385812,,0.07935368277871287,0.4,0,2
0.35578081346784202,0.93433372103857015,-0.020988341963576112,-0.91741934821581406,0.35344647110761124,0.1828040797707958,0.17821827147470498,-0.04578307320173939,0.98292530637926512,-7.6116735517728422,-11.247848074692786,-6.6380834023251039,,0.09834180587844991,0.6,0,1
0.12686717590897684,-0.94063437928070526,-0.31482008225664926,0.99133916481105377,0.10938011255211237,0.07268184979628578,-0.033931990637205096,-0.32131441843354908,0.94636444592879065,3.0975113294347754,5.860281909432655,-5.1496502518444478,,0.1745150532296071,0.6981132075471698,1,5
-0.87704939352008415,0.39739773620014834,-0.26992480543486513,-0.41203723351096638,-0.91116313529273096,-0.0026568937031144963,-0.24700137555625423,0.10888884307640385,0.96287773903377782,-11.832234159566932,9.1248982843543374,-10.113199616690375,,0.07886222233603191,0.3092783505154639,0,5
0.88034856860138344,-0.33779881446280013,-0.3329840217022757,0.40174376908190096,0.904225875559167,0.14483614870993228,0.25216728924538007,-0.26128055212124773,0.9317425241545283,-5.2100463274408009,25.093683457459008,-9.9690113189005061,,0.3557639271472341,0.6818181818181818,1,5
0.1501537739356234,-0.93190828770660494,-0.33015267298120732,0.98858990968183802,0.13747286546301637,0.061572735335091694,-0.011993108360536481,-0.33563097974581213,0.9419171995386435,-4.1428298230115059,11.507564883578661,-7.9718919603420719,,0.7257556397859223,0.5555555555555556,0,4
-0.86240275253006449,-0.38178970343331231,-0.33241256712235318,0.40821297731713874,-0.9128247106373607,-0.010640150360663986,-0.29937210554500027,-0.14487121868101924,0.94307405457865834,-15.393756113111451,-1.0250898494961225,-10.094281498107271,,0.8753217860109783,0.5135135135135135,1,1
-0.71458135783846044,-0.62153849149404949,-0.32103486823247901,0.64514801769103125,-0.76295163773815411,0.041095422397185506,-0.27047646533307951,-0.17774898611235918,0.94617534296606631,-9.378994691600429,-8.7750679029629968,-7.4263096736148766,,0.1987854157556805,0.2127659574468085,1,1
-0.94451609923677438,-0.091583677384275447,-0.31543900887385651,0.12375761921183369,-0.98879458596494874,-0.083482443983299418,-0.30425875495960142,-0.11788849309062739,0.94526658315379686,8.5041970409851206,9.6890780748014294,-3.945085548080459,,0.3833466172253127,0.375,0,1
0.8073034196946961,-0.47158986286517152,-0.35477343445085896,0.55070240981568119,0.81809314491286922,0.16568180971299362,0.21210385279963875,-0.32913007685317924,0.92015506744144437,-11.020698696223816,-13.39438628418811,-7.489839516674671,,0.1823052587868454,0.1515151515151515,0,1
0.92808653835160548,0.23936741809819462,-0.28523431855851245,-0.21457305650668884,0.96983013275069907,0.11570616677662329,0.30432512343201668,-0.0461817362359472,0.95144808922311763,-7.9043659318473853,21.883416872882179,-10.429253486835679,,0.3590247204176386,0.7407407407407407,1,5
0.94886418122145422,0.14103814180306876,-0.28242699614533484,-0.08644255906978969,0.97653626303556729,0.19724251812932131,0.30361892163764337,-0.16274264816963982,0.93879197956220695,-1.2818985615723044,3.2328721370189659,-6.2232875674654879,,0.071912377141469,0.2513966480446927,0,5
-0.91763917536456685,-0.20942659719255249,-0.33775559836157792,0.25430801075421244,-0.96253452012173835,-0.094099592136478491,-0.30539446540904203,-0.17224342647069171,0.93651824463550193,8.5180529952545037,-6.4931390014888999,-2.0466531909196961,,0.6718993693780932,0.4482758620689655,0,1
-0.083393918584870552,-0.89973773912691268,-0.42838937327372134,0.9762868255877809,-0.15994663385292038,0.14588045963340696,-0.19977359316685031,-0.40606535817514844,0.89174067775519483,-6.2089264445633354,17.210527451757336,-9.2944000793475841,,0.2170459181548442,0.5357142857142857,0,2
0.95303108557332739,0.0039727371765681278,-0.30284644176587305,0.05245353603720284,0.98263928454595917,0.1779569133925358,0.29829578690976899,-0.18548383710267194,0.93627739996517567,-16.668173259122849,-6.0331279802176834,-10.025549545416462,,0.6375972698945945,0.7226890756302521,0,2
0.95370006920504846,0.048311377051415291,-0.29685381730016919,-0.022302124353212372,0.99565688263417684,0.090387982124436078,0.29993131421647207,-0.079582554059225194,0.95063548421137234,-1.9165271711242466,-5.2746466848623426,-5.4663856630734902,,0.2851025295696852,0.8890532544378699,1,5
-0.57733189676405294,0.76839679302008379,-0.27614171987454639,-0.80827099164601468,-0.58575241235476505,0.059934259686277407,-0.11569738563334088,0.25779930158366332,0.95924638913085603,-8.0734643224163491,11.416725676664317,-9.1964413919976398,,0.2443894090902388,0.4588235294117647,1,5
-0.81411429603890528,0.50437006675175866,-0.28779984146955656,-0.53958307089198809,-0.84020640441704264,0.053882349460233632,-0.21463462579893164,0.19915831326211128,0.95617359494327203,-6.6346451429439108,5.0191252781039921,-8.0733975915703056,,0.1935442376612079,0.7580321285140562,1,4
0.88634950190659534,-0.33801877030179112,-0.31642988385042642,0.39075913982974242,0.91269112046427658,0.11959186119959159,0.24837845137903825,-0.22964805583615869,0.94104724394751937,-16.589845482257772,10.885735498828247,-11.754672648571134,,0.0796867899896362,0.25,0,2
-0.93682224515784651,-0.16478035231663973,-0.3085636343897582,0.1835186733665583,-0.98247851642903195,-0.032509402965718658,-0.29780023086490498,-0.087082720707457886,0.95064800123441928,-14.913288460478643,12.27379095212204,-11.349700319454399,,0.1275717503903648,0.4098360655737705,0,4
0.85142558551747849,0.46026070881905135,-0.25146481313218155,-0.43638339071787385,0.88764767010083545,0.1471432977411114,0.29093643400541974,-0.015546500633340451,0.95661606597749882,1.32231752486177,7.4823737158416765,-5.8301576960853803,,0.0842645210136248,0.3409090909090909,0,4
-0.83706501916163278,0.4912470942509643,-0.24082866541572687,-0.50815811409928235,-0.86121112594244453,0.0095251051442229763,-0.2027251458773599,0.13035217275876837,0.97052090461054541,14.456847235750415,-6.2343856697927764,-0.18466864525902929,,0.756513886838337,0.4,1,4
0.4692273293070085,-0.8280226673234945,-0.30692698778357347,0.87920523227797642,0.47055720247206134,0.074659753125075973,0.082606736810275957,-0.30488421015223627,0.94880016095772468,-4.2309269540907142,2.277772854620316,-6.9901916125693928,,0.1653677498302227,0.7790055248618785,1,4
0.94631014398974655,0.15437596186809102,-0.28401615056085722,-0.10801922248508485,0.97910709697999099,0.17228215292691537,0.30467845174187097,-0.1323531451863422,0.94321454929589565,14.658388411934157,-3.3767994108405959,-0.39803692228303716,,0.09829651750677079,0.3529411764705883,1,5
-0.88054988655832744,-0.34406996561190628,-0.32595667817355395,0.3634949046508904,-0.93159512431242586,0.0014066449998619771,-0.30414363642028808,-0.11724497055796063,0.9453836603749326,-3.5003224258201748,1.3143692806479135,-6.7024359853661739,,0.07968568172263332,0.3042452830188679,0,4
0.51124335730553483,0.82419655537380332,-0.24357805262569127,-0.8251497827276616,0.54997497027063802,0.12905567845044799,0.24032907788168267,0.13500951887096541,0.9612566588267526,-18.610834387538482,11.826874306992739,-12.498575536431295,,0.3523779287508568,0.7727272727272727,1,4
0.87930251118331537,-0.35097893496953975,-0.32193303812184654,0.40991310325131136,0.90187429134168262,0.13635985626208519,0.24248369349214921,-0.25186613473149633,0.93689119355761885,0.33733145026760009,-12.140435638255076,-3.977995492022055,,0.08273138692010555,0.3,0,5
-0.9455239753232122,0.21303981311426509,-0.24616752449750295,-0.18447869499126515,-0.97365256858487736,-0.13404583836281705,-0.26823874288273403,-0.081330890295813821,0.9599131539365322,-8.0062538657715425,17.841791961270889,-9.9424455293219172,,0.2990995604681282,0.3043478260869565,0,2
0.4166663261101618,-0.84498970574182564,-0.33523360493274729,0.90680255579842584,0.41230801941727152,0.087813563426452121,0.06401794657207413,-0.34057964459807621,0.93803369246639789,-3.4383520956216587,-2.5909170375813959,-6.2825175666423201,,0.07914071801622788,0.4185185185185185,0,5
-0.74359449702524416,0.61012941774562124,-0.27351292034410968,-0.64179920232707766,-0.76602417713940618,0.036065827735161447,-0.18751268726702466,0.20235872513752556,0.96119193633457711,-16.863169597884358,9.6739211030608381,-11.696785130831902,,0.07728393415261625,0.2619047619047619,0,3
0.82740784331820605,0.51746405929064965,-0.21823658757861847,-0.47924826873835785,0.85316881180839654,0.20597105492941895,0.29277526829772321,-0.065832559572706256,0.9539123211141074,-6.7851772808161126,15.413554295744589,-9.3272547699621491,,0.1583887355029266,0.1851851851851852,0,2
-0.39922021691465054,0.89099514705626925,-0.21621948646872166,-0.91513450462445034,-0.40167292990246289,0.034462963153715637,-0.056143181708757692,0.21162822426545452,0.97573635672853187,-10.921806259075717,-7.3500454566539739,-8.056370591909598,,0.08741110272547345,0.1785714285714286,0,2
0.76978531511784842,-0.53767501471923151,-0.34400021391794006,0.60869416358744466,0.7805870556676664,0.14203965551445263,0.19215094026180432,-0.31873096346410612,0.9281640959904377,5.1299816204759043,-10.174605710091821,-2.7175622578008451,,0.08450102912345502,0.1785714285714286,0,3
-0.14864273258745775,0.95204260157120812,-0.26743265104032954,-0.98855095421723049,-0.13596363521399757,0.065428593257059742,0.025929692731235875,0.27409628726584406,0.96135262850940528,-4.8443225023091729,7.4349557178049341,-7.8271196998950359,,0.07147921290954284,0.3478260869565217,0,3
0.82947746590027893,0.48780672670275033,-0.27205097123002359,-0.47492939509644627,0.87233145828473224,0.11610295672443349,0.29395442374112135,0.032900216874362946,0.95525304108002929,0.087544331810881948,10.69381658348969,-6.6129507378243115,,0.1296626905912545,0.25,0,1
0.84579636145867088,-0.41189640223639884,-0.33907207016795626,0.47915051472634246,0.86596182968435786,0.1432651170634357,0.23461308399310071,-0.28363967168650722,0.92978773785462232,-5.2491183465362816,12.079774640724416,-8.3582852160506835,,0.164475005728226,0.4333333333333333,0,4
0.59259029435937882,0.7729447959110326,-0.22670043119746774,-0.76849433463040118,0.62683959473366835,0.12840786625089751,0.24135699839043956,0.098124741773843935,0.9654627565990177,9.3783942490688208,9.3401832548292614,-3.6360708218302116,,0.07962308090912705,0.2727272727272727,0,1
-0.76310079422910737,0.6058910158187979,-0.22488498126147152,-0.61507763283817063,-0.78768639764736414,-0.035066287849054009,-0.19838518954070106,0.11156260982688258,0.97375412741590783,18.680779915817386,3.7826766286712714,-0.019745463905483054,,0.3692024563011076,0.3,1,3
0.8447966398449035,0.50620949228194012,-0.17340872881841735,-0.44254531972005628,0.84315440523065577,0.30535927844755423,0.30078609891521296,-0.18122527104076308,0.93631465001652514,9.3492692593368449,-9.7904975984013021,-1.4596674225062596,,0.4025955137786055,0.1944444444444444,1,3
-0.88191110773986725,-0.33741218641594733,-0.3292200092689524,0.36193014152911079,-0.93209638475029366,-0.014244373912149659,-0.30205855508122426,-0.13171691612485195,0.94414579557862777,-3.0837531086934327,-20.98998851673371,-4.3130076255816814,,0.1599279609648606,0.6785714285714286,0,2
0.66190176777478038,-0.68221000472598015,-0.3106051500996056,0.73666394873843222,0.66863646368594032,0.10124972127695117,0.13860835633438803,-0.29582898587078671,0.94513117326270668,20.503214915527767,1.6812282896771273,0.8608233662154019,,0.1778256297325029,0.5238095238095238,1,4
-0.88276789829107105,0.37359753650658872,-0.28486087562698448,-0.39453460464216011,-0.91870973041320192,0.017744773426424994,-0.25507505461455571,0.12805198928680842,0.95840461421733092,-13.02054692555968,7.3529581560254922,-10.262573504098961,,0.1196457767027782,0.3402061855670103,1,2
0.68902723587789294,-0.63576736288172375,-0.3479099431072491,0.70598406962001825,0.69729666559880832,0.12395101285403599,0.16379243468862678,-0.33102450126720634,0.92929802426324415,-16.350358631711234,-8.7190268766776509,-9.595069595919556,,0.9270757354460226,0.7931034482758621,0,1
