axis_00,axis_01,axis_02,axis_10,axis_11,axis_12,axis_20,axis_21,axis_22,location_x,location_y,location_z,dbh,dbh_approximation,score,reconstructed,number_clusters
0.5319660672459483,-0.83246600493881184,-0.15495952348950065,0.8464814653709587,0.51806602259008228,0.12278731620621847,-0.021937002582689238,-0.1964890502264848,0.98026058834311003,-17.48041773859925,-6.3510698838190622,-5.9409585607575783,,0.1605613368098859,0.2682926829268293,0,4
-0.67935085417501939,-0.72934982116801894,-0.08081618212865127,0.7246642924172787,-0.68413650455182295,0.082576670040508615,-0.11551657987941442,-0.0024660701111767604,0.99330249082098343,-9.7281595393818172,-12.044913447742211,-4.6170869251178193,,0.05984512349319432,0.25,0,1
0.89545396866788962,-0.42639354180000344,-0.12787000237809887,0.44487533548580571,0.86734324596325907,0.22316278712704032,0.01575201172289107,-0.25671821359842323,0.96635792175234714,-3.5811472774622204,20.730164042666058,-8.5924672613229482,,0.2034389245039285,0.3846153846153846,0,1
0.99319611532468421,-0.089646364885989913,-0.074330382527506192,0.099452288587468199,0.98501740640410695,0.1408898554745569,0.06058645722166283,-0.14732358379992849,0.9872309977192133,2.2167093946469776,2.7538845511955263,-5.5589314341562668,,0.4283243240752848,0.9819819819819819,1,3
-0.36950995513350099,0.92854410642189822,-0.035612294034443506,-0.92691503817653442,-0.36561823667719884,0.084568416156674014,0.06550500026281092,0.064258442544254085,0.99578107408323169,-4.2027595665143105,-8.5967977525892021,-4.6161592832338725,,0.1257171026167372,0.45,1,5
-0.9902775327102098,0.12626155318620041,-0.058381747116621321,-0.12964631510224486,-0.98984164466944724,0.058355389284058208,-0.050420642496801685,0.065357009303461999,0.99658728676675268,-7.8766612636372839,16.222711702448581,-8.3375186025565604,,0.1893619447507977,0.691358024691358,1,5
0.83451477995816004,0.5505608274506596,0.021630009436635202,-0.54033914030861407,0.81007912739659427,0.22760804205238372,0.10779005279677538,-0.20162981583391129,0.97351256894035576,-30.198814667017878,19.096011547979565,-10.464463729956737,,0.1525524364038402,0.5454545454545454,0,1
0.70172142608770727,-0.70323459815729494,-0.11422845584171261,0.71207526638071461,0.68706830315327638,0.14451976270016398,-0.023148545921252973,-0.18275187210156138,0.98288651331936872,2.2176233836964996,-4.3902476933551915,-4.606622608692132,,0.06956783290716577,0.3857142857142857,0,5
0.96738009936340408,0.25103585729939187,-0.034010905686408077,-0.23668561627395923,0.94350125901632154,0.23191656534976507,0.090308706139920147,-0.21630157785965209,0.97214091828847404,-18.665213662944652,-9.3965847877955095,-5.6216474108392003,,0.1297969116821248,0.2962962962962963,0,3
0.38178560244185583,-0.91752297929710802,-0.11131637898292157,0.92196202834064278,0.36959690063333955,0.11568988434706902,-0.065005938698846522,-0.14679820674650437,0.98702812241085247,-1.3966169949977532,-7.5493615134036078,-4.4887043860051401,,0.07005031485013777,0.3111111111111111,0,5
0.99552655166501958,0.073329824803284774,-0.059578701935137764,-0.063243694973819348,0.98566715080971568,0.15639853855045177,0.070193446816742916,-0.15193092051645782,0.98589546880742274,3.3193023893547289,12.526126437992909,-6.6957320401647706,,0.1342091654514568,0.6136363636363636,1,5
-0.69637861301231985,-0.70789194066967831,-0.11809245392469647,0.70659866776333724,-0.70508290404736285,0.059803186664390294,-0.12559916422539055,-0.041798310433028826,0.99120015697679797,-5.8502598340090275,13.711419970870381,-7.7283407139338021,,0.0816498503178464,0.2105263157894737,0,5
0.98055559638688072,-0.18077001534271117,-0.076373581475299185,0.19050207540101544,0.9702669586128625,0.14930166875172901,0.047113497665467824,-0.16094791262126124,0.98583775935018014,-6.9746453297730158,8.5667132877050154,-7.1035363800708309,,0.07659716957664058,0.2782608695652174,0,5
0.6892213299051968,-0.70364885893038132,-0.17277801286531175,0.72390474289026718,0.65867321235593335,0.20521092209161987,-0.030592182411349943,-0.26651056761541264,0.96334637370191112,-10.13770455991053,11.390486712223904,-7.7374863608575044,,0.09577480002113492,0.2950819672131147,0,5
0.84941115073140916,-0.52134878375882054,-0.081829962033111436,0.52770404089941225,0.84067985332745165,0.12159699596521292,0.0053983545245971376,-0.14646784589981252,0.989200701519107,-11.616739545586238,-1.6593779324246853,-6.0746674899865605,,0.08711695326141905,0.1833333333333333,0,3
0.53753312596583291,-0.83679530659097379,-0.10407570973439784,0.84196213644082007,0.52581395973924183,0.12091087851532915,-0.046453194609303118,-0.15262140941118826,0.98719238555609412,3.1948367830936677,7.736629759400043,-6.0870489477774017,,0.2512670957308959,0.9197860962566845,1,4
0.34755430005711002,0.93716293266022788,-0.030522879279204829,-0.93074272904905819,0.3487542454280485,0.10994748118180384,0.11368368763425504,-0.0098037719064220184,0.99346862316949036,-10.129067417432962,17.087616536737297,-8.6081223390611168,,0.07635923079771788,0.2692307692307692,0,3
0.77661802512456735,-0.58950209877519821,-0.22215246699340144,0.62988601373332875,0.72081007060816726,0.28926882274622351,-0.010394842699837226,-0.36458211372677896,0.9311132206105549,-5.6138124426929483,8.180739484084441,-6.9228861059701128,,0.1008724173711866,0.2307692307692308,0,5
0.34414018697325049,-0.93293210658332015,-0.10585469387809494,0.93629521496820323,0.33256939003892189,0.1129108995482082,-0.070134172395932642,-0.13796842144182256,0.98795035935374242,3.2702989072815796,-6.9549871574497981,-4.226162698174555,,0.1271064108708641,0.4726027397260274,0,5
0.2434797519486184,-0.96148317258321203,-0.1275449694435748,0.96662670132522199,0.22974475048046647,0.11335858993384401,-0.079689589509298775,-0.15088889444220632,0.98533350235229955,2.3979911169566153,-7.0119245404961079,-4.2455298397050294,,0.06869709421910752,0.2765957446808511,0,4
0.61959078580924731,-0.72054191000665913,-0.31133039373667876,0.78424131429605104,0.55172258195510382,0.28384459394534206,-0.032753917192941802,-0.42002565217466115,0.90692096261127841,10.619839311922105,7.8205013858535199,-5.4273709585312178,,0.4493426808562999,0.4137931034482759,1,3
0.9834552144839005,-0.14835656573669587,-0.10395273208165377,0.17425564961736204,0.93157759481236779,0.31905822888625779,0.049505653019203698,-0.33189382978057602,0.94201681305204155,13.250170529141283,12.966213559434083,-5.8582027003249948,0.87050108248353,0.3692041796847891,0.1666666666666667,1,4
-0.74477585375328081,0.6628169547889653,0.077347347144905904,-0.66670797362750212,-0.73414179894797837,-0.12859353381463426,-0.028450053911752791,-0.14734145201438867,0.98867643390075266,-1.4176487442632246,18.78910400304909,-8.0931462219002874,,0.496811127382305,0.625,0,3
0.21663075854151642,-0.96505205396632165,-0.14746405524436118,0.97300751871382785,0.20112540384454686,0.11315891681493238,-0.079545477433277875,-0.16799733647814979,0.98257285325626598,-2.1649527021030344,-2.1312152535845375,-5.2835768729062842,,0.8118179915315444,0.9516806722689075,1,5
0.97265913962339523,-0.21355081843861901,-0.091270181610823217,0.22836833798749961,0.95093365279788666,0.20874168290328529,0.042214929964455375,-0.22387772537853001,0.97370255405202211,14.600102740343447,19.291820379337199,-6.4302416899802486,,0.4862437341065893,0.8666666666666667,1,5
-0.51327999242154787,0.8531665928954062,0.093007602630002406,-0.85678403287096327,-0.51567162038803183,0.0019750806945345494,0.049646454023468969,-0.078673659465070683,0.99566343957648129,-16.219668788567862,1.1987151274370975,-6.7949370859848397,,0.2446644290697081,0.1764705882352941,0,1
0.9891579989422834,-0.10862634355331439,-0.098826973113288391,0.13743903384553294,0.92184291226997905,0.36237571258737711,0.051739396054687171,-0.37202951843078275,0.92677779014823991,-3.5229763381906922,12.262221576184563,-7.2704394324398134,,0.09396256996242064,0.2903225806451613,0,3
-0.62605207649493999,0.77971845162416598,0.0098961463806932406,-0.77956159973774108,-0.62612652685397208,0.015788748655831963,0.01850701841759032,0.0021699231774681988,0.99982637577866262,-10.143788597458247,-2.3302194217650229,-5.9069938574148964,,0.5343940967269554,0.413265306122449,1,3
0.9752544432013982,0.21719229267985987,-0.041307130333608083,-0.19897319136755595,0.94370401122708514,0.26425822278771227,0.096376553854874328,-0.24949999437750764,0.96356697363114452,-15.54639906955093,9.9619207984921836,-7.9360600518793127,,0.2329199200804959,0.2772277227722773,0,5
0.98483337710585961,0.16192909955698184,-0.062307191037096851,-0.14765420744853683,0.97078782582535683,0.18912755550691501,0.091112317284836278,-0.17705921028272384,0.97997376581878237,4.3608881317469415,-6.0136309453367307,-4.2484497065403399,,0.2484842325523511,0.5697674418604651,1,5
0.98749979440313307,-0.12850920656673231,-0.091266312960254864,0.150589866314879,0.94020789271338456,0.30550255423273248,0.046549416935522947,-0.31542749136219189,0.94780728498778533,2.9228107905977572,-12.236124634877068,-3.5892631652571585,,0.1554041089149217,0.3636363636363636,0,3
0.13436543775095947,-0.91839661039234066,-0.37214727616610732,0.98707258578185642,0.090932441862906804,0.13198106460689316,-0.08737070181652945,-0.38507006769769703,0.91874229434993249,-14.328173733466127,17.840411240440186,-9.0586565748439494,,0.07370676101165474,1,0,1
-0.52132723170406348,-0.84434515292473267,-0.1236898549448842,0.84510360633544523,-0.53094312388361753,0.062444325278832515,-0.11839684135398598,-0.071976815247788026,0.99035424269509897,10.340170801050274,-7.006111542671964,-3.5746962455552493,,0.1083451647518546,0.4444444444444444,0,5
-0.89346754041455867,0.44864041100925323,0.020917357266318947,-0.44886121585669647,-0.89036398774529224,-0.075997225120058243,-0.015471364684692982,-0.077290044221418649,0.99688860257254597,-12.531156837483461,-0.39037224985753166,-6.3166404457206973,,0.1679364246564409,0.2372881355932203,1,3
0.99438259751120051,0.086322209539147154,-0.061251333921447423,-0.076526253888398232,0.98611497300213069,0.14738043454547953,0.073123062249098134,-0.14186520419498769,0.98718148362194669,-12.229238046820715,2.9486553534105795,-6.7476908438682921,,0.2232067298052117,0.6913123844731978,1,1
-0.21586543157036456,-0.95745394791742933,-0.19153081493657637,0.97046366379058546,-0.23201881752788781,0.066087408597353986,-0.10771440347090598,-0.17160770941391174,0.97925910838481189,3.813028804457562,-0.7007496119225165,-4.9495596977037177,,0.1580821230828077,0.2142857142857143,1,5
0.85378695161268925,-0.507168526781969,-0.11759220508910588,0.52058804719370289,0.83426850239244177,0.18161539316621367,0.0059938614396766099,-0.21627794930986063,0.97631343443965901,-1.9168031569227242,11.540521182838781,-7.0489041470323013,,0.08412208811825608,0.3636363636363636,0,5
0.94286165901191199,-0.3015166707116228,-0.14177302017056448,0.33145402523868162,0.89212586932924098,0.30700107886882105,0.033913435661693712,-0.33645078474648182,0.94109019138714611,6.2415486263387887,7.8514569503899265,-5.8787010410195739,,0.1103782952069782,0.175,0,6
0.93391214268407907,0.35495797926602818,-0.042578664875866201,-0.34387183012653333,0.92448407560026458,0.16456414678462994,0.097776654640368901,-0.13904685151740245,0.98544695386937786,-17.925773524344059,-10.152195375079154,-5.4735885305833021,,0.3885071560600041,0.5,1,3
0.9943831029150354,0.094148182955721568,-0.04835663639255499,-0.077996463763330262,0.96067279548396656,0.26650390552004244,0.071545763518752886,-0.26123533387188674,0.96262002059969731,13.826486226706372,3.3310750712690305,-4.5430192730502066,,0.1186205279981618,0.3125,0,5
-0.40078664441692646,0.88836180381847518,0.22401645290782971,-0.9140264170980853,-0.40443327215496772,-0.031455321026225828,0.062656001339515613,-0.21736382838552365,0.97407761066853971,11.030212854025775,-6.4173633662325367,-3.6288502237017557,,0.3846110453831125,0.1428571428571428,0,1
0.36910039705727882,0.92593839887427809,0.080018612724147939,-0.91894908482355897,0.35072982700013339,0.18033626355893839,0.13891535694120213,-0.14009521741513678,0.98034476265408932,7.8683024886420156,14.71611399186715,-6.5681193504757944,,0.1788017215985414,0.1666666666666667,0,5
0.79159221631014187,-0.59596255262671116,-0.13494591117871074,0.6108576248693417,0.77734179055177977,0.15030869170057709,0.015320744635443228,-0.20141592918239398,0.97938598022200019,11.478514679460222,6.9908423329265048,-5.2287406138111363,,0.1401741845093223,0.1818181818181818,1,5
0.70412658862888233,-0.690320480625088,-0.16632312291260878,0.7100738258053273,0.68485197410287457,0.1636243731037145,0.00095346318272025677,-0.23331396785650352,0.97240098895003979,7.8224689112296844,-4.3571206717327495,-4.127174359439655,,0.1742503474410281,0.25,1,5
0.57316952329341664,-0.79404935213962657,-0.20239151151725077,0.81877330469341836,0.54502473288799913,0.18043923093879582,-0.032969274924035209,-0.26913503470749578,0.9625379784735657,9.3666297438763699,-9.0671079749408054,-3.4295379316858043,,0.1794943299310659,0.2857142857142857,1,5
0.70219470878105505,-0.69364232908288515,-0.1605705772062832,0.71161281446075453,0.67645587833657383,0.18977525381128224,-0.023017238216866482,-0.24752325944921541,0.96860850851956848,-13.873800940264397,10.952626634655942,-7.9953423139805251,,0.0705990460226561,0.4,0,1
0.71294417838676882,0.70085983624147341,-0.022496409668927023,-0.6929949151886261,0.7091176822670846,0.13003907189329159,0.10709176451588581,-0.07712070175857394,0.9912536261387096,6.7043503763193799,-14.292993902931922,-3.0686490667711421,,0.2030616639187291,0.375,1,5
0.44332270408087449,-0.87178180654406567,-0.20847412747193969,0.89168854252753382,0.40519864999423794,0.20175628160721326,-0.091414020650792974,-0.27533713120756542,0.95699160968466368,-11.281227981252652,16.987974189316056,-8.7111949415826242,,0.3415095011207742,0.5652173913043478,0,4
-0.98435353131882763,-0.14239820837496889,-0.10378282917589744,0.14234468514341231,-0.98978514084334812,0.0079602498162218288,-0.10385622750503398,-0.0069372341255576385,0.99456812677217321,-17.259985970820583,9.8360193326446339,-8.0722538837002276,,0.1624436249318008,0.25,0,3
-0.92292452000017733,0.38423639751385508,-0.02393159434755774,-0.38386286626395882,-0.92319859466584298,-0.018805709522093799,-0.029319452349239727,-0.0081698000334213781,0.99953670471941802,-6.4972807816106055,-7.7679758639079237,-4.8840830802027781,,0.1203333992886613,0.1636363636363636,1,4
-0.87926326172891056,-0.4664185115235881,-0.096694822415465162,0.46505423992240896,-0.88448386886540253,0.037587759271870622,-0.10305663736037651,-0.011918801324390422,0.99460407784754312,-2.4034734202131274,3.3245497412116456,-5.9888921004691662,,0.08968673319287271,0.2236024844720497,0,5
-0.052264487092142299,-0.93733980970665631,-0.34447424363526208,0.99624055090608754,-0.072803405845536254,0.046951345322863491,-0.069088263253116428,-0.34072532227056551,0.93762096107344384,14.094193564428211,7.6854858831323503,-5.1014886607176146,,0.4324622669593231,0.5833333333333334,0,2
0.97821333423635981,0.19805364039702875,-0.062236872090978466,-0.182339393390888,0.96298445088641582,0.19852781409372125,0.099252296396745043,-0.18285432145965985,0.97811721116822214,9.3050060508505439,2.2040192587865399,-4.8459968065617582,,0.5005532573383987,0.2954545454545455,1,5
0.98325775795756498,0.17508025516416437,-0.050508273262052303,-0.15932432211285663,0.96054150365042945,0.22798197329668587,0.088430434803531979,-0.21611784751987331,0.97235442827388552,-13.997461438962565,-11.896713665979718,-4.9569740509136304,,0.2300261436060656,0.2352941176470588,0,4
0.50426721272763653,0.86262470272648784,0.039914914680358897,-0.85586943598862708,0.49309922414983676,0.15601494698694501,0.11490033380461027,-0.11283517797596949,0.98694788915257381,19.527880838228576,-3.2516029442040035,-3.3167498715826587,,0.1535955827884277,0.391304347826087,0,5
-0.55109503960392447,0.83407415385017225,-0.024790385294905591,-0.83314781214393885,-0.54834281158335141,0.072006139353767096,0.046464830180667695,0.060336281489545847,0.99709605991213146,-1.6058277451960399,-13.849591903091909,-3.7512903414037524,,0.1147853992020886,0.4705882352941176,0,5
0.64174035942906871,0.76683152722256542,-0.011777942832162321,-0.75784978573813377,0.63642939086668648,0.14360129768815594,0.11761383139968661,-0.083228836941087597,0.98956553464887753,5.0134585243666869,-10.731547287816891,-3.6113059510352374,,0.09288041794771291,0.3809523809523809,0,5
-0.98454681344837491,0.17480201205658785,-0.010574909437939962,-0.1723613857389748,-0.97793944165670621,-0.11800847917972239,-0.030969740631662673,-0.11436216609149692,0.99295627805662678,-11.726745522305601,14.736603213449767,-8.3671227413444296,,0.2822122153132112,0.3461538461538461,0,4
0.95478337015473436,-0.28402974802236741,-0.087839730841570277,0.29576351054202976,0.93745957052474194,0.1835578913134002,0.0302102947324853,-0.20123780924547433,0.97907644350288558,-9.6977661464154874,1.7710516763762194,-6.4049419573879378,,0.2195869020025295,0.8075880758807588,1,4
0.62611838220745197,0.77463913571872234,0.08893807325817854,-0.7739251141249931,0.60351278784092421,0.19186514180302475,0.094950983083601337,-0.18896170068410573,0.97738313188126513,-5.423723845071442,17.305083569442825,-8.2426002668107206,,0.5013035276630585,0.7123287671232876,0,5
0.6316055414616939,-0.76033262522211831,-0.15155440943015283,0.7746661908010134,0.61108237685201072,0.16269794568692225,-0.031092327425402577,-0.22016500113264748,0.97496699403186571,-3.7146480293873636,9.5987666248694588,-6.91175415702397,,0.07533071251061303,0.2622950819672131,0,5
0.9932725637636004,-0.039928663742205599,-0.10869827913194999,0.064865116397890929,0.96943382465531203,0.23662327926233875,0.095927737121092968,-0.24208213776719786,0.96550199783578416,-6.8219620208223857,19.410121815485521,-8.7500568570810628,0.1326263387817471,0.183317743180769,0.5,1,5
0.94564564454235334,-0.31426103897481,-0.083632017436811687,0.32509801596166077,0.91996089759544941,0.21905074049901613,0.0080990725314653306,-0.23433298162625024,0.9721226562251708,6.652995870130094,11.006488418410775,-6.2148334205095379,,0.3173782942240714,0.6206896551724138,1,5
-0.28845178571748198,-0.93885959917110573,-0.1879846279903388,0.95160654344281026,-0.30283788092993441,0.052289619913449832,-0.10602147798074725,-0.16380436782374583,0.98077906548245608,14.034707433119623,11.461112955962793,-5.5549831857072247,,0.3383926705794569,0.4210526315789473,1,5
-0.6529712012634159,-0.74879929401959866,-0.11370236407552337,0.74900289423414856,-0.66069855315345805,0.04972007934221389,-0.11235334774487418,-0.052697619838834142,0.99226996634678055,-16.11835428599618,-11.175801323064963,-5.2005406733303188,,0.362527734448885,0.7096774193548387,0,2
-0.14454034364200866,-0.96657462196074129,-0.21175832744263093,0.98322043382806745,-0.16436545746331943,0.079130113710395758,-0.11129091410711164,-0.19676762074671769,0.9741133588360642,-2.441470635957423,4.5683312489016741,-6.1952389403037946,,0.2435946405467291,0.2152466367713005,1,4
0.67788736977019359,-0.72606324233279962,-0.11532945000836255,0.73470292781778723,0.6635067474381241,0.14131667969511763,-0.026082978396266398,-0.18052967688793933,0.98322363376838939,1.126341747957726,11.0951001277746,-6.7283001854140023,,0.2084667817598582,0.4810126582278481,0,5
-0.68537723001379425,0.710041786068208,0.16155096600047933,-0.72773455311325852,-0.67571111307530585,-0.11754536091048769,0.025699665049659936,-0.19812913390917569,0.97983895284517786,15.282327335475189,3.0229338429225643,-4.3938783648273976,,0.3763757807564341,0.2380952380952381,0,1
0.76146382313636019,-0.63873728958678821,-0.11039710569522646,0.64803653623620117,0.74623096026414881,0.15227607049774564,-0.014882666345325099,-0.1874940767986315,0.98215298065417689,-8.7805273190038395,21.278103449697987,-9.1859939438235152,,0.4037324816979379,0.9253731343283582,1,5
0.77710640806154052,0.62936258242630172,-0.0028931628690350023,-0.61902336242926559,0.76515397053139822,0.17705783842236938,0.11364729348495749,-0.13580184542830254,0.98419619561437566,-14.851096501475013,-1.4093140026823152,-6.3605749406883794,,0.3104126943681818,0.2037037037037037,1,3
0.56615070621352259,-0.8193450855899318,-0.090260780927030229,0.82296279347721879,0.55559357919367958,0.11852432371006653,-0.046964011818647837,-0.14138389398507839,0.98884021768712149,-2.4825892099726721,17.202973713660249,-7.9189154565695379,0.4436525917720718,0.2922989158692556,0.8413793103448276,1,5
-0.4110134285215129,-0.87472019998204109,-0.25677331114890217,0.90219334075005242,-0.43071140977061717,0.023126984232020417,-0.13082483510882728,-0.22215367032031497,0.96619491267650637,-23.868711041057111,12.56222184916235,-8.9753657901784027,,0.2778838498218197,0.3684210526315789,0,4
0.89107209087487527,-0.44472910006987298,-0.090590045893125706,0.45355724077777337,0.87986673886534783,0.14184622369492128,0.016624024841494535,-0.1674829823877568,0.98573479821327714,7.2429652783383291,6.6691137871748598,-5.6121262319249681,,0.08825126368021896,0.2857142857142857,0,5
0.69755845714155518,-0.70233394324362575,-0.14191275854606172,0.71612527339683918,0.67671769308977403,0.17093202351097475,-0.024016487515777969,-0.22086239160869761,0.97500923703331666,11.225672816125853,-7.9012328697754155,-3.4577884173630014,,0.2747685145320684,0.391304347826087,0,4
-0.64154925636811666,-0.75973495996391371,-0.10591195523710717,0.75811658077625499,-0.64902617929467832,0.063437122745843233,-0.11693503155870778,-0.039595570443954883,0.99234993283396811,-0.42822863304053449,-10.624163104335087,-4.0609546879011589,,0.1076360007903654,0.1428571428571428,1,5
-0.475108926149167,0.87930479370576375,-0.033084559230099925,-0.87805235713477214,-0.47130850281188624,0.083020198188686084,0.057407024164784638,0.068493612426871908,0.99599852340917694,10.705938260354547,0.042217669761107086,-4.4132699630100056,,0.08536031105963041,0.3448275862068966,0,5
-0.5025333172393166,-0.8435799745684941,-0.18929630628056887,0.85588507631947919,-0.51635609920187542,0.028932938852137935,-0.12215155012543635,-0.14747611780909314,0.98149365432381208,5.338776659290037,-0.97048161531106336,-4.7710410348737868,,0.106742294720412,0.390625,0,5
0.47005365615339978,0.88260614891417122,-0.0074797216336332474,-0.87493580113675773,0.46705222966666693,0.12786539270879385,0.11634820250438115,-0.053559319098455925,0.99176332615786322,-16.36242617081253,15.725086718511241,-8.8962626250186236,,0.1228336216555776,0.7222222222222222,0,1
-0.16577870963226532,-0.97766042184963275,-0.12921888012770766,0.98025599946821929,-0.17768516695121164,0.086753426169124209,-0.10777566951414731,-0.11228571144325475,0.98781391165869814,-1.0202480846823221,1.9402662920455085,-5.7072410570625136,,0.2443431899755708,0.4469026548672566,0,5
0.49932070560328357,0.84677786225067009,0.18342869175247292,-0.85826734035263186,0.45444236353920536,0.23845190438518091,0.11855802562398658,-0.27649482856481289,0.95367426532179,-7.5932120484131014,2.6373501448289542,-6.3415432988254468,,0.2008879404858992,0.546875,0,3
0.96775145283491537,0.25189263655369393,0.0026879705988071697,-0.24260451765127719,0.92908814412171759,0.27917426182879762,0.067824579254887662,-0.2708234112895182,0.96023669287650426,-9.7469822317020594,-7.9620717861673382,-5.1413539662263661,,0.1830135248652249,0.180327868852459,0,3
0.71524426677740172,-0.6906263818254359,-0.107055310791964,0.69874188005389104,0.70368407924361087,0.1287963573934636,-0.013617044496161676,-0.16692488534001862,0.98587557975304885,16.717313060562791,-7.6889475582831404,-3.0296637335078334,,0.09117117583658227,0.3,0,5
0.99624173428258445,-0.042432641572151195,-0.075510779381736948,0.063238044046506126,0.95205341543069677,0.2993246464157544,0.059189159977145953,-0.30297485885128084,0.95115870297508465,16.013111882753968,11.800279407467301,-5.4328043112159348,,0.2133491168094102,0.3636363636363636,0,5
0.76599675326986194,-0.60983236936138818,-0.2033554898671425,0.6424483115731191,0.71510906724666379,0.27546177393325266,-0.022564151587825911,-0.34164821559709857,0.93955699978364238,-6.6570852926191604,6.5912847791213158,-6.8038047945978821,,0.6961193736786339,0.569078947368421,1,5
0.99063114577012956,-0.11582065185297181,-0.072356821616991127,0.12365402116342063,0.98560524102064095,0.11529090130084092,0.057962195267922061,-0.1231579696040682,0.99069293852471074,-4.6209447241375594,-0.55980950650266204,-5.6716508917933037,,0.6434681963794722,0.8520032706459526,1,6
0.13903690275129985,0.9859556659542692,0.092521156748069142,-0.98382209591472514,0.12686661649956638,0.1264869369061907,0.11297266600060525,-0.10861071029427584,0.98764411117876338,-0.040353814915318996,-6.7916304568254331,-4.4928804128628386,,0.5792877349172615,0.4821428571428572,0,5
0.83121404681398903,-0.54961039616439455,-0.083735421460277862,0.55595187629812859,0.82196068676460066,0.12368565257966262,0.00084830401585329679,-0.14936211648702644,0.98878219974816151,3.1217733311122529,-5.5147915872546971,-4.4014131579233489,,0.3492605131017522,0.9443254817987152,1,5
0.76753206337611712,-0.5901022125946539,-0.25034757913847455,0.64089396178865365,0.69899835452309123,0.31726366025256514,-0.012225442014284152,-0.40395628360616592,0.91469659423365635,-7.0396946673071179,18.517867839264891,-8.6163159545060584,,0.1279857564503747,0.3684210526315789,0,2
-0.90963276027059603,0.41539330809709413,-0.0040793419382640847,-0.41418091122284956,-0.90764624144682926,-0.068062274176329846,-0.03197521260455894,-0.060222088768129234,0.99767273482003926,-16.260478822806547,18.634996475681813,-9.3483118679297448,,0.3292733562244344,0.2,0,3
-0.64208180399566306,-0.75810658250544338,-0.11404107391459661,0.76068110511355935,-0.64851101363173591,0.028243964338492866,-0.095368827721067112,-0.068613954559243767,0.99307447451782427,-1.6766533673669868,-3.6392992053725548,-5.0477099642098855,,0.1185686920490552,0.1341463414634146,0,4
-0.87332136083601786,0.48586567059863178,0.035275357422261802,-0.48507758210563534,-0.86066938703443985,-0.15475123766972745,-0.044827893616331563,-0.15225884655908717,0.98732350503693522,3.0851506345378787,19.916475659787103,-7.7215251185044966,,0.2463489242461417,0.2692307692307692,0,3
0.99057730070429884,-0.10450936668065774,-0.08851216642582814,0.12108247010921189,0.97030050444153337,0.20941816185029827,0.063997240265791899,-0.21816214922968125,0.9738119068289568,-10.848522103855005,-11.318267917961631,-4.7842931128842352,,0.1449538702273763,0.2,0,4
0.64478835298268822,-0.75188878374341228,-0.13751813239978292,0.76392353970614657,0.62781682778321934,0.14922083043277198,-0.025861271057374357,-0.20126919196207682,0.97919451950377501,-11.613444014293185,19.338556617593106,-9.1202195605085183,,0.2111494122655328,0.5555555555555556,1,4
0.050571116053536889,-0.93357894861945678,-0.35478572253642071,0.99208890022747576,0.0060890656808498794,0.12538954232539606,-0.11490072352486604,-0.35832006638440528,0.92650124325860328,9.8807177425471746,15.679935321374503,-6.5238851709529619,,0.3326728938953627,0.2631578947368421,0,2
0.41247202455085646,-0.88257890380359394,-0.22565750048195646,0.90866450347420236,0.38099210980349685,0.17080349057750882,-0.064773830278121003,-0.27549862218952476,0.95911670827004869,6.1479542813317618,5.8135253379852738,-5.5844592361822976,,0.4733796233069579,0.1224489795918367,1,4
0.27940953428975951,-0.94692916314798958,-0.15891970339712788,0.9573552561020805,0.26207897917965467,0.12159573300849172,-0.073493032062244501,-0.18611762047694838,0.97977497701579375,-0.863941753199017,4.2113060735578225,-6.0102562794818502,,0.2159383830054962,0.2777777777777778,0,5
-0.91756128897918166,-0.38775728242444013,-0.087895226796899664,0.38337037957677855,-0.92144756902700586,0.062940683165818911,-0.10539655131939611,0.024055507914744551,0.99413927570986926,-10.142366361017407,13.74050477921894,-8.1093914631071566,,0.1745360337630733,0.6103896103896104,1,7
-0.27780840353020636,-0.94997161732621105,-0.14274598839414615,0.95562219703001283,-0.28845296419509087,0.059842326079435418,-0.098024014769493198,-0.11978653397477262,0.98794862154202179,-3.3608195320875045,-5.4097371727804733,-4.9170283882919072,,0.1333401740817735,0.2903225806451613,0,2
0.38085366933401205,-0.90356670483036339,-0.19625924813067505,0.92236293183019358,0.35638910740907281,0.14910877273243775,-0.06478506417708127,-0.23781087872963913,0.96914853423889979,-11.654176535119602,7.3915309338546509,-7.2815291401961293,,0.6741054294553335,0.6520547945205479,1,1
0.46592814895644363,-0.86539507898024326,-0.18439717266487998,0.88310409187848238,0.4418309378672215,0.15783721123630129,-0.055119170145272331,-0.23638269737895554,0.97009540637111868,6.9589014334394896,3.4093453517435326,-5.197692868998713,,0.1193938155633411,0.4827586206896552,0,5
0.73333743280343944,0.67861439595523154,0.041215424922906543,-0.66797937837494181,0.7079058636874227,0.22950563876033353,0.12656918943836912,-0.1958361298618787,0.97243429110949875,7.6387979649345441,7.6518618110044434,-5.7039167885897797,,0.2256028008434213,0.4,1,5
0.10298495323813846,-0.98675036004563754,-0.12537075558654556,0.99061558928778948,0.090359293568078036,0.10254731749724862,-0.089860189553228026,-0.13475505562197207,0.98679593701928803,6.9101956247219327,-0.066838367191355524,-4.7684284223612945,,0.1285616912700495,0.625,0,5
-0.99774369600112245,-0.030629237766119224,-0.059744178661071477,0.027341677158824945,-0.99810700385496665,0.055089395946984088,-0.061318429368029989,0.053331591477542975,0.9966924257614832,9.4477377240734999,0.60854357112039947,-4.6172218482487626,,0.6323082913662789,0.925531914893617,1,5
0.45220894510051923,-0.88572723238147688,-0.10485389734733551,0.88986225986639966,0.4400755187791871,0.12032745421014315,-0.060433669725910633,-0.14771867718429932,0.98718132274389203,-10.207051351322256,10.121316247071375,-7.5573810175737446,,0.07106514151184012,0.2957746478873239,0,4
0.99880701877943678,-0.038667602500202562,-0.029822068235106577,0.042164305180070222,0.99097120685058493,0.1272723008426255,0.02463149621145529,-0.12837789416398832,0.99141938940309382,-5.4889812702734186,5.512247847904975,-6.5484571758220689,,0.3242294572329228,0.8379666401906275,1,5
-0.19208404989733421,0.96108218926237898,0.19855664999609463,-0.97794989236420526,-0.20435178916509134,0.043062214177464191,0.081961733753491459,-0.18590688999512414,0.9791429428088948,-4.1795553252620499,6.6524627951350404,-6.583618655277431,,0.1468390469856768,0.2586206896551724,0,3
0.25666513765530385,-0.95858370681219818,-0.12345154574394883,0.9635107731366076,0.24373658381784236,0.11063212805738076,-0.075960497379103598,-0.14734230466160825,0.98616441230401586,3.2885743582871023,7.7317438137226997,-6.0751691518168727,,0.291297935708607,0.8754863813229572,1,2
0.98763998092943783,0.14445036780854831,-0.060838797733652472,-0.13345503519706017,0.97855298304241922,0.15691976599311985,0.082201104921117457,-0.1468609908000052,0.98573567843057652,-8.1217575651783864,9.6645008582822118,-7.3609080245056955,,0.07859975775349673,0.4545454545454545,0,5
0.82803749897869827,0.55865517975331247,-0.047521473250479174,-0.5480794174310063,0.8243893427644039,0.1413901118358768,0.11816451444317153,-0.091030773210312041,0.98881269503133951,0.68816667760002204,13.48662843207622,-7.1141785495087655,0.6336671410978844,0.823754814300633,0.891156462585034,1,4
-0.025803485151360262,0.98939735707669951,0.1429232310147176,-0.97659391608875967,-0.055488840129153075,0.20781075929687079,0.21353806033694367,-0.13421571603491173,0.96767124497774126,-10.2156677108325,-13.944898914383712,-4.4052167535385038,,0.3049312499958506,0.1428571428571428,0,2
0.032517034019023207,-0.9473744235761018,-0.31847188895168727,0.99495893622203857,0.00043915854331578964,0.10028221363574008,-0.094864944687255634,-0.32012733200029003,0.94261292881853709,-14.747496080387268,20.854162168489726,-9.593960738997497,,0.5537065784057656,0.15,0,1
0.82870064002994115,-0.55149294367870372,-0.095450417948622676,0.55968365950012355,0.81561163427956529,0.14673739576661712,-0.0030741669633348981,-0.17502341300642354,0.98455947224993312,-1.114773177224927,13.425670462872498,-7.2085615789616604,,0.09046287110937649,0.2978723404255319,0,6
0.07270724442650138,-0.96572375080123241,-0.24918124677893402,0.99339124820231417,0.047873993712142092,0.10431638759609067,-0.088811511657853434,-0.25511902685697274,0.96282230838955818,-11.049537041052391,12.248140498140124,-7.9308264831297679,,0.1178619264915022,0.3454545454545455,0,5
0.55391755546664823,-0.82219343307810067,-0.131046939487726,0.83109788865212952,0.53668392956763822,0.14576233814607437,-0.049514050771726527,-0.18965315274754893,0.98060187661919629,8.6186507030757191,17.264379531902961,-6.8032804614726636,0.5684585461085322,0.1937297198258947,0.5,1,4
-0.4868282924278865,0.86922842356452124,0.086256369963543078,-0.86955078616308079,-0.49163662219620774,0.046635415712451861,0.082943619253793274,-0.052300854515414795,0.99518087634461738,-7.8547882670939089,-2.7412225257685461,-5.6527802439132868,,0.3732488830963297,0.3176178660049628,1,6
0.28792656571009118,0.95724161897809013,-0.028049521468255796,-0.94972360172240089,0.28918143158788889,0.11999658310222634,0.12297712425415945,-0.0079109115141478194,0.99237797455868193,-13.661304999898556,10.224226740699091,-7.88353305911183,,0.1022706277852218,0.3538461538461539,0,5
0.1324519523332231,0.97927676640660244,0.15321062332405708,-0.9895817554224231,0.12184764511443565,0.076688334935253441,0.056430750997950287,-0.16177195726174237,0.98521338002765246,5.7181208941637056,-9.4275423188383716,-3.7274227002356195,,0.5104305148028829,0.7551020408163265,0,2
0.67170255585175209,-0.72892884101035305,-0.13220598021847352,0.74040034940889488,0.65453206203606751,0.15295457613945274,-0.024959949066664041,-0.20062533366979504,0.97935002753482991,-16.045318021872539,8.9397612514781493,-7.8506290881322469,,0.1023830536336895,0.3207547169811321,0,5
0.17312607919594544,0.98485681750361553,-0.0091874761981130624,-0.97959630233809913,0.17315310771722769,0.1020249270197754,0.10207078498651589,-0.0086631578836952969,0.99473941539868593,15.527269333917772,1.5488989521950038,-4.1714543433539939,,0.2804984437749684,0.6944444444444444,1,5
0.1273370517792668,-0.92242047102599201,-0.3645898378676396,0.98786646965906266,0.084995356380235976,0.12998318167030973,-0.088910704459611689,-0.37671775114266109,0.92205131235008375,0.10561108596517996,3.1256611053962735,-5.7955515594982101,,0.1253858155635088,0.3796296296296297,0,3
-0.35283829742361289,-0.91669060684106085,-0.18757256515965814,0.92872351867187464,-0.36751114781419308,0.049073231990835874,-0.11391997953360992,-0.15688813709666663,0.98102413359784335,-9.0260993148530151,6.7818447028417079,-7.0243053949370928,,0.08007228303958416,0.2638888888888889,0,5
0.81278245720350117,0.57512048183281306,0.092849925356098928,-0.57219142431177894,0.75815510000487962,0.31272642721818333,0.10946072905977701,-0.30730648498361529,0.94529417277412509,-21.925016888651061,-5.6457053248658635,-6.3295086831543763,,0.4022002272324317,0.2105263157894737,0,1
0.34137631125607981,-0.93474780043792416,-0.098533058866837026,0.93737837801743507,0.33086075189705882,0.10887120500626303,-0.069166397467231786,-0.12952880926873464,0.98916040005189676,-2.4904844701423077,-9.7968010900850242,-4.311943432891777,,0.08415206375795484,0.2380952380952381,0,5
0.93891680994052951,0.34099815953400503,-0.046427138674709233,-0.3307984000853923,0.93146018797832209,0.15150688668285986,0.094908600832822626,-0.1268943395341556,0.98736527388912432,-3.6630347341057874,19.587458264521839,-8.4235990971198653,,0.1990080263942846,0.7894736842105263,1,5
0.74069603386686189,-0.65803725722664785,-0.13548562106559831,0.67180074830549363,0.72324751378027474,0.15998996339404953,-0.00728971810694172,-0.2095232729609805,0.97777648677887463,-6.7164003555398937,-0.88099890370486311,-5.8076277207368641,,0.1005110391189808,0.2222222222222222,0,5
-0.3873369780750946,-0.9084605816806145,-0.15706507233683017,0.91507622668297284,-0.39958086098298307,0.054503531039289309,-0.1122745063463053,-0.12261528073049428,0.98608312436430812,-9.13503824911915,-8.6833993379915242,-5.0230971708551717,,0.1138376271895731,0.25,0,3
0.26744690173945213,-0.95787164399680802,-0.10466168533336888,0.96016600848546585,0.2557992277607703,0.11246328834816392,-0.080953016614926293,-0.1305705506760497,0.98812850398978824,-2.8909647128714222,11.536291666132108,-7.1319730623564803,,0.1133755284414616,0.5612244897959183,1,5
0.75161579335757267,-0.65423150087819115,-0.083993109444396141,0.6594788798676845,0.74290692515292389,0.1147907120297372,-0.012700637146721802,-0.14167019382530568,0.98983243531295206,-9.6331456448517958,-5.270768227668011,-5.4752351585227013,,0.1340380064898103,0.6,1,5
0.99759862603181371,-0.024535234006930626,-0.064768847694425216,0.035067485319606441,0.98535683409045483,0.16685976442688397,0.059726483345310832,-0.16873035234794351,0.98385101279804621,-1.1690357145017378,8.2698458146309157,-6.560384821312935,,0.07209367306762068,0.28,0,4
0.96130821245776699,-0.26124460487419826,-0.087394376737737312,0.27216823024302406,0.94971432437427061,0.15481329569744051,0.042555553193840447,-0.17260926540150426,0.98407066127891407,-16.7802811920937,11.972851372622605,-8.3418835248165415,,0.1791985520447587,0.25,0,4
0.57913200939977294,0.81137338745102705,0.079242298205112929,-0.80623401659045857,0.55562327397916134,0.20314893035675713,0.12080077061425694,-0.18153788461069015,0.97593604824807956,5.924940509737989,12.424720882673039,-6.4265332547939886,,0.09689662500679638,0.1666666666666667,0,5
-0.26632436293333428,-0.93931659506258136,-0.21623058976054363,0.95737727244977489,-0.28380562728676123,0.053694730812224437,-0.11180380988491792,-0.19271403726871297,0.97486471263186558,3.7303828942223207,-4.1627259946161121,-4.4849270246307782,,0.0836030254743507,0.2272727272727273,0,5
0.97859828858678177,-0.15901046777482336,-0.13061799536454882,0.18874315930647162,0.94646523416408723,0.26187703284887448,0.08198420207596914,-0.28092566927347601,0.95622139641048365,11.883695242977504,4.3041556013745357,-4.8538301679429336,0.6262674150079413,0.717776434656458,0.5,1,4
0.13620310691816673,0.98996694688394238,-0.037605288765318129,-0.98472488722651996,0.13944279628681155,0.1042717748982475,0.10846939726279681,0.022828724033535638,0.99383763221989363,-14.296849736752552,-2.6437016634003148,-6.1689622147177516,,0.07840735397883035,0.2727272727272727,0,3
0.75133131258877439,-0.64577466247576465,-0.13592771618747604,0.65976024195850658,0.73043202499214455,0.17659411087782315,-0.014754045359958341,-0.22236038804199865,0.97485289965990696,4.6579556813188363,11.820151566427969,-6.5238929045677461,,0.1160972714006411,0.4222222222222222,0,5
-0.72594792525184748,-0.6756750711214351,-0.1283074747923216,0.67826559210586657,-0.73424329443409164,0.029027076047207664,-0.1138217746646777,-0.06595439972902456,0.99130954840986352,-7.5493505272475963,5.5420101691923174,-6.7371401224031748,,0.07010229295740192,0.2576923076923077,0,5
0.64599295751498942,-0.74411518064211468,-0.17025186277685853,0.76333468959509398,0.63077717493091467,0.13942850227602499,0.0036401238713287608,-0.22002898337293467,0.97548654320501715,-19.51499451860753,13.638361788353063,-8.8429371130554291,,0.3665824540515161,0.5555555555555556,0,2
0.96030342457804607,0.27880603336649251,0.0091939383356603194,-0.2711630609309677,0.92522730526568864,0.26537714290673259,0.065482265768877057,-0.25733563559918088,0.96410084717343736,-7.510418498015218,12.188188526109988,-7.6892839575281595,,0.407496046896258,0.1951219512195122,0,4
-0.9949043532104539,-0.068916965508607764,-0.073591982090257621,0.065298479926597985,-0.99658735372258134,0.050495097974918454,-0.076820807612020772,0.045432348225755495,0.99600926966194903,-13.587918108893774,14.873473738459339,-8.5525795177098054,,0.09721878200735323,0.3235294117647059,0,3
