axis_00,axis_01,axis_02,axis_10,axis_11,axis_12,axis_20,axis_21,axis_22,location_x,location_y,location_z,dbh,dbh_approximation,score,reconstructed,number_clusters
-0.49980003091549641,0.80518184042811203,-0.31918980707670874,-0.86543188868934695,-0.47915101211470107,0.1464307127246442,-0.035036768350672022,0.34942311233553963,0.93630973156818453,-20.546548989246588,7.4859019801789479,-10.292194395097022,,0.1539659384871859,0.4117647058823529,0,1
-0.75198185019974229,0.59134672795781329,-0.29125992567423381,-0.64088457696278678,-0.75925510958671683,0.11313106371679077,-0.1542409024266983,0.27173650086076134,0.94993105966619862,-11.596990539104544,10.185599429473067,-7.7428257864008652,,0.1159599824471901,0.1282051282051282,0,5
0.92833981608718552,0.13724916132107606,-0.3454675868788169,0.013708018535920248,0.91607254177120656,0.40077822850132677,0.37147984614919632,-0.37679406302316393,0.84854520090297292,-20.268323525427608,19.746052756428405,-12.583734600629025,,0.4895317809926887,0.3333333333333333,0,5
0.61651337397700767,-0.69914064782628316,-0.36209613953276454,0.7821252124321233,0.59668396866015161,0.17957837737873042,0.0905064184767716,-0.39391699138399267,0.91467917441772506,-5.2752794992757801,-12.742593545138977,-0.5250766639104244,,0.3115777705446997,0.8527131782945736,1,5
-0.83227121718783315,0.49292810809487625,-0.25366612168495845,-0.50896243136833075,-0.86078418358017206,-0.0027987057461656408,-0.21973134618510731,0.12677724381063948,0.96728778859006481,10.699570807099484,9.4844652355617374,0.54521680976859621,,0.7814203198912888,0.2571428571428571,0,1
0.29162486230840262,-0.88045937642065319,-0.3738264652971458,0.95494064012183666,0.24544556395852427,0.16686775894934719,-0.05516623539177444,-0.40564487129265536,0.91236446931402526,-3.8033366148892713,-13.718767036966971,0.22583962967866736,,0.07242755226052308,0.2307692307692308,0,5
0.78564260248323881,-0.45790629678433126,-0.41603788833305189,0.59423603756709675,0.74566292956568425,0.30144705526523108,0.17218952587170078,-0.4840543552502995,0.85792898793740358,6.892981533267851,5.5819369890815116,0.048321227459159413,0.5867931060931821,0.4955788128279524,0.4554455445544555,1,3
-0.10868900548215867,0.98404140708025511,-0.14088722170165247,-0.98156622068664678,-0.083824507810424415,0.17175915200440725,0.15720831560140916,0.15695846916255071,0.97501260733588269,-8.6998279584747973,-9.7513593117054107,-2.2400645450280647,,0.4172064355930469,0.6285714285714286,0,5
0.90029506534168968,-0.23674244504371855,-0.36526950329328783,0.33779158911795715,0.90924185221540721,0.24326137486469501,0.27452802706202623,-0.34239198135268623,0.89855555947465693,-14.893988966355701,-7.6833280689201562,-4.9943813631607572,,0.1058128717496221,0.125,0,1
0.87155168295926377,0.41741137934555617,-0.25722636786246189,-0.31137705423888706,0.87645958509880029,0.36723687965937185,0.37873736813838121,-0.23997153181425257,0.89385215214504754,-13.320649358388437,21.128606976201105,-10.529378262672731,,0.3105411236384563,0.3636363636363636,0,4
-0.81669262080316218,0.49641208128896291,-0.29425874443425382,-0.54351508593016595,-0.83303635147421762,0.10315904462939393,-0.19391883480463651,0.24418329728481603,0.9501420961283259,-7.9156132583350498,12.569961514844731,-6.8456112245416696,0.4260846867905442,0.6457164914004224,0.6989247311827957,1,5
-0.93728777090932758,0.031056304727773713,-0.34717018944673211,0.0099385524976584195,-0.99323651178286587,-0.11568256928188092,-0.34841478108437862,-0.1118782266487164,0.93063978139979786,-18.375832399428131,8.142300101670644,-9.6968150772188348,,0.3034887516665421,0.2307692307692308,0,1
-0.51291194834610798,0.8357954381799374,-0.19587577379912322,-0.8573969060998744,-0.51002534737128691,0.068881713459821373,-0.042330587689781145,0.20327353629138228,0.97820651745397469,-17.487233478698339,17.909581078116478,-11.362003365160723,,0.2069343944099131,0.4444444444444444,0,3
0.42319543278509131,0.89897284636617114,-0.11293116118302321,-0.84937700714906328,0.43702246567528935,0.29592239560667466,0.31537965279380636,-0.029311874580062861,0.94851277725303373,-3.7913505018901397,9.2039254121928025,-4.7340910248500787,0.579686820780804,0.1900597703222983,0.1935483870967742,1,5
0.74362762711463193,-0.55366585771044508,-0.37479603812956658,0.64783908640622812,0.73527483951103945,0.19918691851213471,0.1652951007023688,-0.39092841849598642,0.90545706761614131,-11.9979234143415,-16.735002527205914,-2.1420145357184306,,0.196219235691979,0.7777777777777778,1,5
-0.31325335971744622,0.89761618057263981,-0.31009276837733357,-0.94840803627234616,-0.27886489386807839,0.15085280143894592,0.048933928513505691,0.34134962039254096,0.93866176405460533,7.4919077485998233,-2.6395977244124591,2.0558279936593729,,0.07729588116656352,0.2702702702702703,0,5
0.93943286715427665,0.084838830648776148,-0.33206665132838059,0.073430758385407816,0.8965573979972199,0.43679830107201595,0.33477426996894472,-0.43472658638574657,0.83602570729383507,-2.2566640123098529,-12.221984248104105,0.48978344653903511,,0.3498963988102101,0.1590909090909091,0,1
-0.22904430247642291,0.93678554555746818,-0.26452135856615799,-0.97094815860423622,-0.2005283632608201,0.13056817694591841,0.069270345791925994,0.28674242302549779,0.95550007955590155,-9.7115895661945704,22.105239517002726,-9.4522405702069232,0.225144130809595,0.2029348370904586,0.5909090909090909,1,5
-0.72343749245653222,0.65539845453339884,-0.21700474719101928,-0.67716449225092801,-0.73484399602049233,0.038112359506837314,-0.13448585406186284,0.17451981924087581,0.97542625951395434,9.1374592676437665,10.510126620158227,-0.26291340939173186,,0.5678513946012388,0.1578947368421053,0,3
-0.50270658589551087,-0.75348964478184166,-0.42372095027720152,0.80117825634752282,-0.59018346840070246,0.098979165395862406,-0.32465287624357181,-0.28971853381006257,0.90036863623391783,-11.915285810433215,-2.4167751684064203,-5.1367655859290968,,0.07446505759458365,0.1145833333333333,0,2
-0.059646866996822624,0.98757601398292971,-0.14538180031575793,-0.98866934122117478,-0.038348399805013318,0.14512868069986279,0.13775044459729061,0.15239099985885782,0.97867348905304763,-33.929002885984588,8.2903787900116264,-14.979475885101023,,0.3089335509095397,0.3125,0,2
-0.76009978730090888,0.61013921749535527,-0.22355860220369514,-0.62921841518269983,-0.77700262452888358,0.018737861943143676,-0.16227291622475395,0.15490983425652585,0.97451036110989164,-19.272129868293082,6.8934017461621711,-9.7510810098940564,,0.2739817979301917,0.6,0,4
0.9282685229069757,0.20103869789902212,-0.31289134108691519,-0.070444613101804721,0.92112185064194863,0.38284734915484286,0.36517818372000216,-0.33334363383304449,0.86921051300472818,-13.030110647269847,24.376988593117172,-10.974205922310988,,0.3020256710659354,0.2051282051282051,0,4
-0.9002408780724287,-0.23622879949400136,-0.36573530829960232,0.23319796572088736,-0.97097579649644306,0.053148014090254221,-0.3676752238471096,-0.03744271501535254,0.92920017911172226,-5.6142219184364333,-10.199949347194799,-1.1127968342716519,0.737487771055099,0.2811675186737207,0.6428571428571429,1,5
-0.82598296143358574,0.4636422422159871,-0.32060570589796994,-0.51567444944453356,-0.8512110954475729,0.097568095077339059,-0.22766644375375325,0.24591775499112586,0.94217431941687091,-11.947600107811683,-18.987747173331684,-1.6857973042309895,,0.1391169618316136,0.6470588235294118,0,2
-0.47543143746300415,-0.7788456422519644,-0.40910196017250466,0.82700203577164744,-0.55426474597091302,0.094118139608416446,-0.30005429692209318,-0.29358143149545973,0.90762181660626917,-22.661745701004651,5.9089473666914731,-10.735317071219065,,0.169076659328822,0.3720930232558139,0,4
0.73470549023417131,-0.56201363957795525,-0.37993224599671233,0.65985678555219485,0.72204864100919719,0.2079297539494929,0.15747020410379492,-0.40346800238074915,0.90134161441397853,-6.4096558907960484,-0.95281470257926215,-3.4572280087693557,0.1144087468824,0.08811651464030643,0.4724409448818898,1,4
0.93681266239031613,0.14782615441326805,-0.31706381637858377,-0.016803739456599895,0.92430176354265348,0.38129238682698069,0.34942763188597775,-0.35187167829100108,0.86838162814008912,-33.626205545453601,7.5401433837932981,-14.668902330174257,,0.5208717404034526,0.2631578947368421,0,1
0.93856099729656028,0.13839638740626536,-0.31614821572576202,-0.024393897715745398,0.94038312346971475,0.33924109251029588,0.34425018824674852,-0.31068637087300799,0.88598294952320611,4.7385733979188061,5.4719973011195258,-0.77650842434168998,,0.1129295149415297,0.1739130434782609,0,5
0.49784843079050095,-0.72633278463685735,-0.47390676922903852,0.86658953942551209,0.43817055336708732,0.23880773923861956,0.034198101083477289,-0.52957270711739846,0.84757491572051324,-8.7519523039478226,-4.1319300919841169,-3.6029798406957467,,0.08016254351204476,0.425,0,3
-0.40592662562357512,-0.81801145468774994,-0.40753016404861231,0.86263324474903613,-0.49021016902452813,0.12473121196674594,-0.30180699074674783,-0.30091734776276136,0.90463323515766203,-0.69578701092215722,11.0598431380905,-3.9814582057508061,,0.1795956874973166,0.3448275862068966,0,3
-0.78058177086483904,0.58455463550304865,-0.22133227759504451,-0.60405841529481374,-0.79649032909991369,0.026769134499085655,-0.16064099696226528,0.15459312326946975,0.97483097834073795,-1.9561796829581353,20.700502789628857,-6.4831786910223688,,0.1650077632340486,0.8,0,4
-0.92992132629059665,-0.11182252927157713,-0.35034561344084858,0.080229057531269521,-0.99139072821902652,0.10347812488150492,-0.35890057848599455,0.068118616755299316,0.93088679699185906,4.059769802566171,22.370001170393177,-4.5294174958039148,0.3427032733215861,0.2542876505312538,0.6764705882352942,1,5
0.138524618973841,0.95865967276590081,-0.24856098195519327,-0.96670821481080671,0.18541069472335495,0.17634653866608205,0.21514217939645694,0.21585760606145099,0.95242812671086319,6.0957228383895448,-14.824156791800133,4.1088940989683413,0.5594215590878098,0.2256826201270163,0.6111111111111112,1,5
0.93988751019594319,0.10442289111824879,-0.32512663377240753,0.015115223888109158,0.93844373092646283,0.34510128062879308,0.34114952467280857,-0.329270745277085,0.88045316634116888,16.707432305502262,-3.1255185929671727,5.4856614114755375,,0.2195815995338893,0.3478260869565217,0,5
-0.24506320531545653,0.95485100027764847,-0.16793925291392717,-0.96738120998950139,-0.22936434603137848,0.1075434392645416,0.06416868363744492,0.18881621762542444,0.9799136778318106,17.983401138175982,2.2066606568419327,4.6850517947455286,0.6501343445636627,0.2903427292570191,0.1333333333333333,1,4
-0.75358803345120096,-0.53864689863397319,-0.37678189238756377,0.54160647588448685,-0.83360438289029937,0.10847192312331475,-0.37251510186721037,-0.12232436968194776,0.9199289360938574,-8.5919445011884203,5.2175369407284542,-5.5893924257758956,,0.08122261823568501,0.2775665399239544,0,1
0.93961222002556932,0.091667095580168265,-0.32973628791280746,-0.01627306262940308,0.97433913198334421,0.22449597617463715,0.34185386265373857,-0.20557334329586607,0.91699265924808759,1.4692471782918526,7.8404789073426695,-2.5896777409024594,,0.6953680665930366,0.6074074074074074,0,4
-0.029419530270500774,-0.92840553847853047,-0.37040200777135673,0.98414163205676386,-0.091753136994517259,0.15181109941079443,-0.17492781165758592,-0.36006182521069136,0.91638187604002375,-3.5703804377992205,3.0339978367788767,-3.2631999012568502,,0.08475971808558359,0.4642857142857143,0,5
-0.85619553966591933,-0.36243821033989115,-0.36819524921134117,0.35530317504444847,-0.93043970701515999,0.089674998817268703,-0.37508512588413684,-0.054041607074179501,0.92541377396563596,-7.8705758912906099,24.174136129023722,-9.155048325560621,,0.2644084750139054,0.3793103448275862,0,2
-0.93004345493710794,0.2414115222232158,-0.27701922111383587,-0.27765780824722408,-0.95551405188985683,0.099493910167281013,-0.24067678211243032,0.16945020973400113,0.95569938420672229,-23.884838078883078,6.0506241836010375,-11.129254283975312,,0.5990165428383112,0.78125,0,3
0.79192149313741222,0.51800914574814882,-0.32330616082636537,-0.47758802404353257,0.85536325338699482,0.20065737974320574,0.38048656743333892,-0.0044977412651158481,0.92477550915144069,5.2460308862504572,-11.723077527316537,3.0659779652714199,,0.09129626700779667,0.5,0,5
-0.33207477089026904,-0.82197945913241388,-0.46268360172212719,0.89288086714472215,-0.43207863308402139,0.12677465014399941,-0.30412185653955398,-0.37102267261803334,0.87741214533325629,-9.1671068623323375,-7.4726042485453261,-3.0097202673177827,0.8221591014795205,0.5150285895892471,0.2916666666666667,1,5
0.88732878695666195,0.33660715450997164,-0.31518763835327956,-0.26685936326737197,0.93224937720143097,0.24433006148256928,0.37607672631332895,-0.13269032459167202,0.91703847993702281,1.4639202970152374,-5.0996744426399934,0.45257991586150542,0.3138037405888925,0.2869272197826181,0.6430517711171662,1,5
-0.92392244955764136,-0.15421687325792957,-0.35012064093103001,0.12266832215842913,-0.98625369709762489,0.11070739677231065,-0.36238072512516928,0.059336337633979656,0.93013945679878707,5.815078782027804,8.4778469174144053,-1.0997608821873661,0.3254024295634365,0.3168573406008024,0.7218543046357616,1,5
0.76217593747654366,-0.49686267989679761,-0.41498833436317856,0.62098648923385114,0.7422779582421809,0.25179200324243151,0.18293064401780587,-0.44961195494959066,0.87429140991184362,5.0790239248865978,9.3947901164884549,-1.5641553443649248,,0.6012044017512326,0.4833333333333333,0,5
-0.38689477350828994,-0.83854101507611478,-0.38361621481252389,0.87501286757499441,-0.46512272327780435,0.13421376184589073,-0.29097236262256126,-0.28374252118030985,0.91368772885712268,-21.310049121007623,5.8810973185545974,-10.339536578690359,0.4772650666773476,0.4461281947110721,0.8596491228070176,1,2
-0.3971704553828645,-0.82693099909845014,-0.39804616830338613,0.87005631749354928,-0.47726599015175797,0.12336603679306309,-0.29198909870153261,-0.29732523837458141,0.90903249054418611,-11.835942648323433,12.053984670835815,-8.1809498529611293,,0.1089320926551848,0.3714285714285714,0,4
0.82983991054287876,0.51957074121428659,-0.20349930649568351,-0.43136723026435952,0.82866938823549952,0.35669224501726798,0.35396049994913614,-0.20821452849270727,0.91178872256697585,16.704653099049438,-9.5335429861074825,6.8783560643772965,0.6174867668687273,0.3788725347474983,0.7272727272727273,1,5
0.76413461105063563,0.58887900331144516,-0.26328656565311703,-0.53635043672541016,0.80678425906701667,0.2478454525428046,0.35836643986143019,-0.048173424007482056,0.9323372866084676,19.788812468979533,-3.2426921798788708,6.5678203103801094,0.2363565436477076,0.1570874315043569,0.2608695652173913,1,4
-0.90886507056487575,-0.16821521358008154,-0.38166467668270143,0.14838152204562785,-0.98560311959891633,0.081051925037644426,-0.38980406286046637,0.017033277931526057,0.92074027826547322,-7.5427516964898054,-3.7255507060614801,-3.275675474662644,,0.1923587078872865,0.2361111111111111,0,4
-0.71347494824780222,0.64584741189118422,-0.27172526341187914,-0.67637827094585745,-0.73607981844143189,0.026437387834685466,-0.18293696404797111,0.20265147775599374,0.96201166611856814,3.4660658793367833,11.542310420284595,-2.5463032512152934,0.6777917075057687,0.6152245075137011,0.1578947368421053,1,4
-0.42072290326543599,0.86929318579605763,-0.25946405492176394,-0.90718833973690449,-0.40275453763237495,0.12164743590364684,0.0012469616283666809,0.28656262761405821,0.95806070034295054,-5.6699082101224407,15.178231293248283,-6.6060142046871269,,0.2842166113792421,0.5333333333333333,0,4
-0.70824593715097928,-0.59406391083320775,-0.38141285027471866,0.60465114107726281,-0.78932204528643535,0.10661944671963951,-0.36439633656651182,-0.15510892517966987,0.91823555323593997,-11.401429872623492,-9.7359422767325654,-3.2881972867655929,,0.06661694379261494,0.2,0,2
-0.20527959754911579,0.93964922066736356,-0.2737145025921896,-0.97338042163663274,-0.16688751517965469,0.15709586898340805,0.10193547765407593,0.29867691470278934,0.94889475655578281,20.224655953486451,-6.7763616884603444,7.5320682862527875,0.1957659602309915,0.2195812048982704,0.5,1,6
0.37883724740980607,-0.80942779647744023,-0.44867469536919335,0.9253572811969949,0.33863882689251035,0.1704043633730431,0.014008644140994796,-0.47973991621559031,0.8772989061196822,-10.251551337977087,-1.680030835853668,-4.5509944220520726,,0.09255699468004064,0.3045685279187818,0,3
-0.14067930212239924,-0.85234967891190994,-0.50369570061011959,0.96675167862155009,-0.22799396037564842,0.11580132086743715,-0.21354279626522313,-0.47065781507480764,0.8560845140943959,10.100715015745871,7.6985492834935192,0.67725000745557518,,0.2482208165722621,0.5454545454545454,0,2
-0.12959270741771411,0.95904692245582812,-0.25186252343719878,-0.98363043581390308,-0.092265464421609142,0.15478452705492909,0.12520741162047891,0.26779858962113962,0.95530467363675686,0.25078543339838821,25.921999638427831,-6.4645547340476446,0.2759349619100545,0.2736127140773975,0.5600000000000001,1,5
-0.89608203756046956,0.29807380500967567,-0.32892094601671396,-0.35727128042251327,-0.92405789591048781,0.13591996612249158,-0.26342781581817465,0.23930944772936807,0.93452489216752799,-10.255216067052038,-8.8969349014876098,-3.0232414277159996,0.2103317590406947,0.1930965128946747,0.5798319327731093,1,5
0.93537134102476294,0.01184430052446718,-0.35346876373255781,0.10928364275436142,0.94084845117828375,0.32071993599051773,0.33635924220373936,-0.33862059072140127,0.87874828917251147,-1.7126917202492153,11.592373725540508,-4.4748315030051611,,0.09075705344059681,0.3809523809523809,0,5
0.35248653650068007,-0.78712676470458787,-0.50614691332798212,0.93575800123334407,0.29039469055182432,0.20006970492078041,-0.010497843280055038,-0.54415290129245797,0.83892038674803282,2.251928569875647,-10.932240690573858,1.8641073087192539,0.6286878917100206,0.3065811141920857,0.4528301886792453,1,5
-0.93822521282539728,0.025120396523507296,-0.34511217842498765,-0.02435358651124972,-0.99968189692441412,-0.0065580321472956549,-0.34516713754756245,0.0022518081862465135,0.93853853224953687,-3.9546754532500765,15.818682273417746,-6.1470045696640341,,0.1404296774664174,0.4615384615384616,0,2
-0.3089560921210035,-0.86540159778808312,-0.3944948766297865,0.90852023381594249,-0.39123340931158312,0.14672220072456774,-0.28131320247784858,-0.31307585979162916,0.90710880721520326,-6.4223124627269677,20.599208947130016,-7.9947891697832727,0.1860261294593897,0.1718054484564873,0.4242424242424243,1,4
0.9140044721033338,-0.13763344219732485,-0.38164494044074504,0.24981750256252211,0.93213640401223996,0.26213153135125355,0.31966707742357275,-0.33493097782087078,0.88636008467632688,13.566625852989215,18.080632864023809,-0.20300102071217088,0.3641627713019528,0.3433765165189652,0.3043478260869565,1,5
-0.93600402035182007,-0.074729194277033131,-0.34396514562951819,0.027233261885477308,-0.98964897707406985,0.14090156714289895,-0.35093421510634615,0.12251714042922024,0.9283505409966325,-12.275715040818731,-4.1445391442755977,-4.7690715371534331,,0.07579965420814733,0.14,0,1
0.87729436077452361,0.37237596445999199,-0.30280479792386128,-0.3003789205935436,0.9180601794722334,0.25872381206697675,0.37433555617423964,-0.13602076297353088,0.91726290856210979,5.5180994656427513,13.636276218975626,-2.2468690736589427,0.7884960641750869,0.7155031064730186,0.8354978354978355,1,5
-0.86757623723549226,-0.28154870622147943,-0.40992901654959252,0.32986585554347431,-0.9426661804889791,-0.050685200097184725,-0.37215586779046872,-0.17919486094006976,0.91070808269268844,-14.426245674769277,-17.125897401114855,-2.9170627057775635,,0.3039818329453395,0.2666666666666667,0,3
-0.68846999912198037,0.65844785463984234,-0.30406493225817771,-0.70153861538502416,-0.71095309125559869,0.048880191875365665,-0.18399084605665722,0.24696583722105819,0.95139647035978558,-11.075291865175418,14.172588330126846,-8.3309179404491598,,0.7832064294145724,0.4747474747474748,0,2
-0.25103523828617408,0.96376549666399769,-0.090207408668036879,-0.96290967105526215,-0.23911008252033852,0.12502533273446997,0.098925600967857782,0.11824735040209272,0.98804417390926103,-20.720374834493455,6.567878424734201,-10.143667184127104,,0.4518410657827659,0.4423076923076923,0,2
0.77164703940298796,0.54457267410784438,-0.32863573937664736,-0.51363444719874507,0.83826052299002929,0.18302718444898572,0.37515397003289708,0.027566251314150674,0.92655253523858094,13.287017121276218,-5.2820424214120951,4.6409994553217144,0.2449466931686927,0.2340716266207551,0.7575757575757576,1,5
0.93066988180732302,0.025214738159298093,-0.36499012051876228,0.068461208543883115,0.9679982403189642,0.24143833511706311,0.35939759879756222,-0.24968705156444607,0.89916057645984437,-2.5296400074765737,3.1888570236963067,-2.8932620887105145,,0.1469834378668522,0.2171945701357466,0,5
-0.86934016540842718,-0.31355998905349192,-0.38200498697323543,0.31646410984080142,-0.94688776041007328,0.057044161561591658,-0.37960261325538441,-0.071300087309692686,0.92239804507561329,1.8000884831585127,6.170687351869458,-2.0306114704675831,,0.1628410471520644,0.2372881355932203,0,5
0.67262939809831102,-0.6127943375140279,-0.41479246946472725,0.72876268549863554,0.64580645491774058,0.22768173183502577,0.12835357820769955,-0.45543070021389997,0.88097005412440443,8.4813306838099844,-8.6133649587147634,3.6590203389968652,0.08386037224195662,0.1954919832139865,0.2962962962962963,1,5
0.92951008967546267,0.20309109382493326,-0.30783924506226512,-0.085812691304703856,0.93090491381478568,0.35503834081198954,0.35867419087879293,-0.30359520589837863,0.88271330326044395,7.035979324064078,8.1197516865922506,-0.56429933732172477,,0.2489124615997482,0.2,0,1
0.36564712843769237,0.90643238161878614,-0.21138239051104513,-0.88055992640135849,0.41046254580275421,0.23692765669958307,0.3015234542805969,0.099502944911275246,0.94825248245004856,-0.35548662622186744,10.941922544808726,-3.8851113990881023,,0.1281913609955652,0.2121212121212121,0,3
0.54358732671374843,-0.7420529329724862,-0.39226300221042126,0.83751369168079381,0.51043915703403475,0.19499405943154804,0.055530482470535582,-0.43452193458249799,0.89894774813849698,-15.554009688960649,7.3214448518614823,-8.4706115812705178,,0.07548172325846392,0.32,0,4
-0.77962738569621237,-0.44617076292304381,-0.43944600326451788,0.49971523875336854,-0.86616034626949179,-0.0071368556086571821,-0.37744644604255267,-0.22516195252081087,0.89824065567467115,-1.1274992927121255,6.1233286422631314,-3.0536055983430748,,0.09240365132317692,0.4411764705882353,0,5
-0.85362187679271273,-0.37890683204880177,-0.35743433535074393,0.35857465232955582,-0.92517400656462334,0.12440770186729179,-0.37782788431721825,-0.021969756573612963,0.92561515741071965,-13.931919295886177,-1.5285843672428234,-6.0331703943309396,,0.0833247290174719,0.1818181818181818,0,1
-0.57745044127313783,-0.61714358645865641,-0.5344948845091082,0.73855475144874538,-0.67390263322020172,-0.019802021395814526,-0.3479768196100716,-0.40618842257236348,0.8449397010332953,-12.50093332762343,0.1902288725679244,-5.7959895540807889,0.5556220383134959,0.4422993915152404,0.2082018927444795,1,3
-0.40244351976639758,-0.83723680859834382,-0.37023470896999155,0.86534917278738377,-0.4798738261612534,0.14454037540269199,-0.29868046898688422,-0.26221296171894398,0.91762429139182866,-12.032564447028065,-11.058317379602821,-3.2588204756360959,,0.06696706395116597,0.2105263157894737,0,1
-0.33243315001274393,-0.79113213915033387,-0.51341809393127213,0.90093174272925491,-0.42739076594124437,0.075227176811203889,-0.27894478972626824,-0.43754665076031912,0.85483491546204116,-29.98549079612993,8.7597636539881769,-13.853606060970163,,0.6122423334982394,0.3714285714285714,0,1
-0.82592610747492323,-0.39869709103625017,-0.3986059389805337,0.41775715232721677,-0.90757915865476158,0.042178578152532932,-0.37858291914820424,-0.13168409309687573,0.91615188312554219,-10.7885465247527,6.1462266231721028,-6.4374732688822567,,0.07040051736435568,0.2761904761904762,0,5
-0.87819459625610352,-0.3212207765285815,-0.354388859634377,0.30659628997231092,-0.94674258876455175,0.09837268723893669,-0.36711437738366198,-0.02226394721899207,0.92990932384423164,-6.7165425435467112,9.7789624964827269,-5.9324477604565669,0.2362699385941086,0.2387269286796054,0.7914893617021277,1,6
0.77840407306055404,0.58965105222513992,-0.21540365747248649,-0.50271036597528818,0.79101116029261154,0.34868844579872105,0.37599120599254854,-0.16313485495846941,0.91215000526993772,-0.87817995949569949,7.2843476279779225,-3.319130521456791,,0.0949365135693768,0.2857142857142857,0,5
0.91955328394898772,-0.057911527102635051,-0.38867468789113652,0.23323049783285746,0.87646607976762525,0.42120155020774536,0.31626775501032206,-0.47796805964981731,0.81946399621662402,6.4953737752910685,16.634183069026808,-2.5488964776647429,,0.1871032244181481,0.3103448275862069,0,3
-0.33973726269664983,0.93920898237313699,-0.04964956963562793,-0.93979062313191586,-0.33692117437012842,0.057251261421721537,0.037042907670866369,0.066110586827444154,0.99712447232059154,-9.3549985799453577,-6.8693664809109576,-3.1473679894864643,0.8994695707190452,0.3352530798569679,0.1858407079646018,1,1
0.73055359338588366,-0.52019800011618134,-0.44236352456559869,0.66726238778441671,0.6814747065918334,0.30058797401728216,0.14509429016750583,-0.51476816621727983,0.84496235538045572,-8.2451640134337936,20.163529136459704,-8.6709949564129882,,0.3421647140287502,0.2758620689655172,0,3
-0.55015547524092101,-0.75630743686536739,-0.35401696852633457,0.76532310726708741,-0.62626219841289055,0.14858061893162572,-0.33408007205681689,-0.18919492535793012,0.92336113502427686,-18.718095855499161,12.976453286008217,-10.820831267421999,,0.1346934277096229,0.2972972972972973,0,3
0.18575604029601292,0.93887324769282499,-0.28984775013836722,-0.95264020936350835,0.24436083383514282,0.1810094317742727,0.24077235098199573,0.24249702607273571,0.93979990814453784,13.226826161160929,6.6523734391236591,2.0179371842410276,,0.08113169171037585,0.4,0,5
0.42732046181935657,0.84873519027872657,-0.3115217483467661,-0.85031058977666396,0.49436230550861121,0.18049324587328228,0.30719557910906581,0.18776178438315044,0.93293964890613446,2.7114630400661182,1.5025135118967299,-0.59384662684163181,0.1805752877050055,0.1385491051775646,0.6748466257668712,1,5
0.86144357232229618,-0.28003855191078469,-0.42366659196626877,0.458302330364799,0.78808301041008133,0.41095515897136525,0.21880115558834901,-0.54818206660442304,0.80723136470686541,-11.156807649954116,-2.9529504394744772,-4.7563346429364168,0.6171919328789738,0.3926378084912965,0.4759206798866856,1,3
0.91933903642397008,-0.11982350181437904,-0.37477735326455697,0.23855066652865223,0.9272180121532495,0.28872190328638642,0.31290464299173115,-0.35483670378290527,0.88101169007153435,8.6130842210383438,17.652072850034145,-2.0518517267485716,,0.2815573778988286,0.1764705882352941,0,5
-0.77317380106936806,-0.50496627577510333,-0.38368129179016047,0.52340638687973606,-0.84970864428959447,0.063568655743523175,-0.3581173376331343,-0.15167161945914773,0.92127503620644902,-7.1559520006707213,-1.8687168070976814,-3.4333511238797523,0.4393867083521837,0.4420429858826722,0.6523235800344234,1,4
-0.59219544293259485,0.73664547651694068,-0.32658536295583868,-0.80154875601436038,-0.58007416468172768,0.14502949769142437,-0.082608408177975184,0.34765989903341571,0.93397454221321041,5.5140662186346221,-5.2583886134130386,1.8600273423835778,,0.06905802398116614,0.4102564102564102,0,5
-0.51042190171210577,-0.72874751151808692,-0.45650470611899874,0.79922997710387267,-0.59793276825477992,0.060892104132797713,-0.31733409200894408,-0.33377158222858327,0.88763483761369333,2.0337512757979295,10.834118918510041,-2.9279265042140334,0.3941680071637088,0.4447927811754817,0.3333333333333333,1,4
0.86670051360520062,-0.35248613356755487,-0.35296422674129202,0.43409203458075551,0.88155266904034291,0.1855505247133217,0.24575256912191687,-0.31403569438910084,0.91705357390914399,-4.999910015411051,3.0185529317811564,-3.7109915994662055,,0.08056938530671365,0.5148247978436657,0,5
-0.64969783401458359,-0.63561852283302867,-0.41699138829035598,0.6644369393176871,-0.7413138108215398,0.094749076804959725,-0.36934574337184956,-0.21550621178241341,0.90395840310065767,-2.5906387624418161,-18.110725929873624,1.6233902283976103,,0.1301494695111512,0.4230769230769231,0,7
-0.88063545740616023,-0.31444139611180261,-0.3544119066429649,0.28606904065097061,-0.94917000079006209,0.13130427860974492,-0.37768465038981197,0.014244929324244236,0.92582470632861769,-11.755833155203055,-6.4266460845355118,-4.1564745496261635,0.2629261623964471,0.2218433967333427,0.8393574297188755,1,4
-0.35354325017990335,-0.85621185264145083,-0.3767073581024481,0.89105800021517323,-0.43080584538590017,0.14290543668411781,-0.28464506056625799,-0.28514485262342676,0.91524291994945117,-4.3935735859485803,-4.6981097531143101,-1.8379630565992706,,0.07002056442315709,0.1229508196721311,0,3
0.42030170485384072,0.87675410821549493,-0.23377063678787383,-0.85882390144959775,0.46753117694889107,0.20937073549012916,0.29286171343459672,0.1127689332575148,0.94948153457353535,-6.3691979941926276,-12.809199623879993,-0.90491986445516537,,0.3166602130527374,0.3181818181818182,0,3
0.7298240948439465,-0.58836697663424176,-0.34811074587190871,0.66590969312971204,0.72703529730147287,0.1672840610269048,0.15466438239332253,-0.35389825837949801,0.92240715063081091,-12.549854477779983,20.357069896685477,-10.096665409489622,,0.1178958365704939,0.7142857142857143,0,1
-0.051453163797557724,0.96212490301136833,-0.26770925075646024,-0.98706174822309034,-0.0082311430234844676,0.16012917747650568,0.15186071621718697,0.27248471386463236,0.9501002071256015,-34.91782395320498,9.2031271149981091,-15.445399851533482,,0.1044802698441677,0.3888888888888889,0,1
0.78413487937607163,0.56994875119974331,-0.24554207776209327,-0.4991374686795001,0.81432342016560266,0.29620795858655818,0.36877402064963044,-0.10970774072802714,0.9230221737955473,-5.9253284456902326,-1.7136512787378977,-3.0703233267013648,,0.2255445682799927,0.2769230769230769,0,5
0.41050187939180449,-0.80836908947281194,-0.42193319637199928,0.9118583944910158,0.36471019725662618,0.1884164016568064,0.0015733442288944708,-0.46208861401459406,0.88683236149004385,-11.168873287649181,-11.444775075658617,-2.8743315972668677,,0.09131951425340751,0.2580645161290323,0,4
-0.68834165055450114,-0.57895622576528138,-0.43703027441989389,0.62895093618879261,-0.77651277228987814,0.038060929283607672,-0.36139520193155433,-0.2486716773545202,0.89864114356206892,-4.8437737850110167,5.3832336049555316,-4.230636825336016,0.6697059472857967,0.4295421775210378,0.4800936768149883,1,5
-0.81076002407901882,-0.45774279404527535,-0.3648831564419136,0.45143720098740558,-0.8857348213692845,0.10806608986439331,-0.37265619130781419,-0.077106165211006203,0.92476051081693988,-5.7753578210184573,-8.3756841252464032,-1.5863482240131297,,0.06849175912932751,0.3095238095238095,0,5
-0.85659939466519275,0.43015998336941647,-0.28495590144239574,-0.43068683162617782,-0.90021141717474029,-0.06425151711866707,-0.28415898740499018,0.067688943675236368,0.95638479535232113,-19.714487015618513,0.94975354788834021,-8.6698101999847861,,0.5203122066399445,0.5925925925925926,0,2
0.32370047657714207,0.91259932347215622,-0.24976083812698413,-0.90488745588780495,0.37571354101179766,0.20004506311646839,0.27639951816279745,0.1612507671254273,0.94741833234365613,-17.609303945882338,6.2267724699910367,-8.999416579954655,0.6334089406864829,0.69084479376805,0.9008264462809917,1,1
0.75041106542673053,-0.54845416862687491,-0.36889193241506685,0.63967973413074053,0.74312454242416492,0.19640710829626495,0.16641235118687595,-0.38335876064422847,0.90848389639540506,-13.005636811045219,-14.509493155425696,-3.0231847273847543,,0.09075935784451282,0.5217391304347826,1,3
0.35825186954302113,0.8965082202169945,-0.26063117436769895,-0.88854876445537023,0.41309423491493924,0.19958518548448101,0.28659499499077767,0.16008174213006524,0.94458305335361503,5.8818844592569537,-2.522829175191184,1.38986070382931,,0.07419023413783354,0.2619047619047619,0,5
-0.86514679578270448,0.39046967001550514,-0.31472918286187324,-0.43318136726684114,-0.89804658907256929,0.076591297860490723,-0.25273489034905705,0.20259753367972408,0.94608631453326919,4.7239710937085118,-4.3232982705125407,1.42988776631972,,0.4683076525680478,0.6271186440677966,0,4
0.90438655200059404,-0.24610268360018422,-0.34859494213953385,0.32554936794251788,0.92607307600113675,0.19080426341678217,0.27586694907636977,-0.2860456729800005,0.91764660920024932,2.6261637424222561,-14.538129177016236,2.7793992554890234,0.105054659024743,0.09848048682133934,0.3846153846153846,1,5
0.86512023391759119,0.37630245591566608,-0.33160736200846253,-0.33088696392842559,0.92505776687348573,0.18649918243592858,0.37693606615525954,-0.051619663103115485,0.92479976882161896,0.96005991704717641,-9.6460699195255337,1.107592502280327,,0.1033810763477566,0.2682926829268293,0,5
-0.058999499919901582,-0.93116294003876421,-0.3597980518395909,0.979816829040834,-0.12297603448338638,0.15759402422396993,-0.190992252559013,-0.34323821762895868,0.91962464376577502,-6.6263164983848117,-3.2888817452852117,-2.9627817690641005,0.1573964382894787,0.1366051636350968,0.7024128686327078,1,5
-0.22882999375591279,-0.85504150502532306,-0.46533950900573623,0.94602769744610438,-0.30802152169915603,0.10076873441181609,-0.22949603400166113,-0.41716515536915016,0.87937750910706247,-3.9149117626096364,-12.021271725563608,-0.18440172767403779,,0.1636653308724246,0.2413793103448276,1,5
-0.56669138999830615,0.80755903329731571,-0.16342972875732831,-0.82221062862393102,-0.5670804687848886,0.048881735858629781,-0.053202919841203122,0.16207451885665816,0.98534323951491898,-0.050220570460238749,-13.302429987151932,1.5915524506079319,,0.3631812344115057,0.25,0,3
-0.085651651765342104,-0.91795643849304032,-0.38732385877846748,0.97484067321858558,-0.15750917896352756,0.15772292281393782,-0.20578983548417676,-0.36406982238495017,0.90835219383231913,-8.1383490444345146,-19.534869720103099,-0.19474661173197197,,0.1057779719304751,0.3333333333333333,0,4
0.74787126843098872,0.58633727469761654,-0.31128309648227842,-0.54152486293457547,0.8100669182881165,0.22481639334995818,0.38397837006674362,0.00043381489770273081,0.9233419860081753,-13.631590415060733,-11.77016081510426,-3.7499526336127644,,0.1028789991486613,0.3,0,3
0.90243572012793916,-0.21742831267884316,-0.37193373049886164,0.33033021347800401,0.90341142762880167,0.27336741300540462,0.27657136710213687,-0.3695574668104033,0.88709388320737148,-6.3518497620147771,-1.0869866296804862,-3.4332359921526363,0.1285405409105667,0.08809832334062084,0.3952095808383234,1,2
0.17125626130268207,-0.90625616427576439,-0.38648552065608838,0.97955742018178571,0.11460098191258612,0.16532959659866564,-0.10553934589258124,-0.40689848814766,0.90735608600577333,-2.6421415239409063,5.1672369822329447,-3.4191256934702769,,0.06632381216333191,0.2282608695652174,0,5
-0.72749230425688949,-0.58621153159902661,-0.35652627878926929,0.57767571104427251,-0.80369420705786965,0.14271087698951263,-0.37019686670269736,-0.10213550686193763,0.92332151394926332,-6.1602982095002963,-5.0652912045566838,-2.4664393742972277,0.2868644122786785,0.2592086072398659,0.8457869634340223,1,5
-0.31290389568878113,0.9269144458657953,-0.20717326591066762,-0.94906879127925581,-0.29667102185839478,0.10608833210693212,0.036872503068264673,0.22981713346659718,0.9725350912345937,4.5367595352814183,-13.309905915351234,3.1715012402547003,,0.3002077480710151,0.5,1,5
-0.28927726746697197,-0.86033653865856452,-0.41969000795330358,0.92016992981012913,-0.37076032106367096,0.12579381780511975,-0.26382941989108394,-0.34979683328150041,0.89890834495301597,4.2751781902083899,-8.4972614076108037,2.1045445773310378,0.881603057340192,0.7299278047016914,0.8235294117647058,1,4
-0.41916046559703163,-0.77591467255100099,-0.47144556949933608,0.85696156086488362,-0.50962217922216191,0.07682524093602465,-0.29986895017741205,-0.37180862734063652,0.87854251880860568,10.691222720398095,1.9308362066922502,2.2314344834356827,,0.1126663523477895,0.21875,0,5
-0.84801686452792391,0.42307006758670024,-0.31918508014694663,-0.47732010293183674,-0.87141881924433118,0.11311392842597341,-0.23028876831788575,0.24827597422827716,0.94091770299406652,-4.0240609119295874,-5.8728207559280259,-1.5188840444505836,,0.0895688496618348,0.2781954887218045,0,5
-0.54846690557149702,0.76897119586836815,-0.32843165714893868,-0.83422732744567252,-0.52998897774036957,0.15223813456742369,-0.056998417834860191,0.35748424216808444,0.93217820022023312,-21.549230259107343,11.437384425257978,-11.454947290424244,,0.1429539085528597,0.4242424242424243,0,2
-0.89225807327384021,0.30646220078777819,-0.33159681869096141,-0.36363482977644584,-0.92306724093998405,0.12536578192194733,-0.2676662871022612,0.23243878375124377,0.93505452811968837,-17.753759259279434,10.148144451683532,-9.9152389782818275,,0.08146608602241345,0.4516129032258064,0,3
-0.59183448709735242,0.74421567354830576,-0.30963683748426429,-0.80297543547094419,-0.57790704984227559,0.14578714543075069,-0.070444232641592303,0.33491263485816825,0.93961222698509939,-7.7650446414764049,-6.3019659781283588,-2.7435405830406556,,0.1466872643877274,0.4692307692307692,1,6
0.77738484518327367,-0.51354440209153263,-0.36324227391622399,0.60179692194314627,0.77525613496821122,0.19188118702443754,0.18306629187027765,-0.36776360923098778,0.91172181091946303,-0.37776048772286164,1.8650618076230805,-1.7749649897129924,,0.07820486182429551,0.4708171206225681,0,5
0.85382600946262377,0.41691914424855209,-0.3117043033456296,-0.35965416988418275,0.90535621268685751,0.22578531004967328,0.37633764580499873,-0.080675617805893954,0.92296339095415192,13.258335511144024,11.662083670035384,0.90267399192194608,0.5548120181019911,0.544410286485463,0.8636363636363636,1,5
0.93755439137417407,0.082011245658360446,-0.33803242270611755,-0.0073753087532563615,0.97627648373764098,0.21640201505915554,0.34776050384682483,-0.20039556603486236,0.91591716278153168,2.6086970291327169,2.371682595365038,-0.77734403888520742,0.1381054123504294,0.09332014218117723,0.4246575342465753,1,5
-0.86778571211115352,-0.28603066055869597,-0.40636734499230509,0.28868880294939997,-0.95576901939662084,0.056252614279387839,-0.40448329125859039,-0.068498487443001771,0.91197654811439122,-10.672728921209021,-5.5658325194728802,-3.9101607721534877,,0.09359467978252835,0.2745098039215687,0,3
0.5014961087444979,0.81178678302769758,-0.29917197698926901,-0.79713949417383512,0.5679628590048964,0.20490685107937628,0.33625924484303471,0.13572180993681671,0.93193846930205959,7.804932695099148,-10.889919207031326,3.8647097776742325,,0.1173368557420484,0.3333333333333333,0,5
0.91973063718693193,-0.135024153907294,-0.36859738588511254,0.25361936230790272,0.92108738911119536,0.29542383228651964,0.2996210507995925,-0.36519378346562847,0.88139703110221956,24.850979653568384,-3.4756175311640467,8.3721677545253659,0.7446465766813136,0.692605768437863,0.9333333333333333,1,5
-0.88477985363080902,-0.27287530788313563,-0.37776140215316883,0.2658954788101473,-0.96133562313191123,0.071647847461758257,-0.38270642136939209,-0.037052476911332413,0.92312670256978746,-0.34760643449366646,15.900045893308731,-4.9128031783427719,,0.322383789890868,0.3157894736842105,0,4
-0.63239588715224604,0.70449588100522642,-0.32211953613463823,-0.76691024891568504,-0.62800229883504077,0.13214303903720231,-0.10919758248700784,0.33060348804054568,0.93743118236722789,-7.3265762223415862,-10.36010061941357,-1.7622781437822408,,0.07452885716110728,0.1891891891891892,0,5
-0.92038213692445892,-0.17478870091714122,-0.34977940485692793,0.14066611956573577,-0.98264730531575284,0.12090209329043913,-0.36484210946200651,0.062074015396058065,0.92899787501152287,-4.6057437686530491,-9.7927446503214473,-0.80232182076220881,,0.07930858461401409,0.2142857142857143,0,5
