axis_00,axis_01,axis_02,axis_10,axis_11,axis_12,axis_20,axis_21,axis_22,location_x,location_y,location_z,dbh,dbh_approximation,score,reconstructed,number_clusters
-0.67057863573446064,0.73985631642044225,-0.054193397653999179,-0.73735616256057157,-0.67276444401694646,-0.06077740040933844,-0.08142593463054551,-0.00079619051970928733,0.99667907736151384,-23.161642208386795,3.9932408988182009,-13.880401519018235,,0.2644436771203354,0.4705882352941176,0,1
-0.96995257528041401,-0.094093340339748116,-0.22436230746407002,0.081896715236097636,-0.99464242175186834,0.063082334176192717,-0.22909589638496602,0.042812336484799075,0.97246191396078951,-6.782248022834418,-2.792024653355798,-9.4303925083639477,,0.1240408992911143,0.6714285714285714,0,3
-0.44909313932181766,0.87702637655135662,-0.17070467787167812,-0.89335589474060428,-0.44400400116732286,0.069106383783435324,-0.015185438626850283,0.18353523307694089,0.9828958340908277,14.162067181814685,-7.6141898902853233,-4.1999571592983624,,0.5258434960670469,0.7419354838709677,1,6
0.84344235453800165,-0.48417381959775979,-0.23276749555620821,0.51758814030793032,0.84844115934597153,0.11068024277279133,0.14390104789045766,-0.21383009971419284,0.96621383599710897,-2.5181521605143948,-6.4759609771195077,-8.0316338710913922,,0.3180680270521862,0.93202416918429,1,5
0.6177988039639587,-0.72894714748062817,-0.2948909866383817,0.78032741279896833,0.61460660348834883,0.11553290346470464,0.097024567276392568,-0.30148761024024151,0.94852066620419895,22.75480738851002,-13.070411680001406,-1.5003088761032739,,0.2223274546079947,0.3571428571428572,0,2
-0.88431239092874736,-0.37656178302459353,-0.27603046718654556,0.39829004899096332,-0.91691512163765321,-0.025133574894656553,-0.24363216561993542,-0.13216612000640809,0.9608202145031054,-6.5558513993349345,6.8304031238788943,-10.649880352460407,,0.08070103640396632,0.32,0,5
-0.082685370321010962,-0.88779218657264614,-0.45275618493338926,0.99216438040753796,-0.1160325528804807,0.046328057617016277,-0.09366414354172263,-0.44537790709980052,0.89042997932571744,8.5413435522387751,-7.1385372928040134,-5.4871113581810231,,0.2894370895739131,0.1538461538461539,0,4
0.21353198598850531,0.97447024971642404,-0.069367307699053346,-0.97064158816071977,0.21966798762408193,0.097984093331631467,0.1107203607862639,0.046408055667056261,0.99276749245559137,-17.977918704859803,10.993168606597226,-13.607579894901107,,0.3031016519331523,0.462962962962963,1,4
-0.97477022147486525,0.046333483147990656,-0.21834885771447776,-0.050726204613114008,-0.998606570882695,0.014552276641599587,-0.21737034639386973,0.025261134758359886,0.9757622700121833,7.3513040881291847,5.0685299886325677,-7.4295933942025449,,0.07515090109996199,0.16,0,5
0.95812262844389418,0.20794167164197633,-0.19687887153908645,-0.15629577079506426,0.95583052751081354,0.24891692330972107,0.23994303677193965,-0.20772160184521316,0.94830326121527109,7.0471005534656577,10.962688505195549,-8.3792845750806357,,0.1727227955759227,0.25,0,3
0.70875697901736512,0.69494774009052696,-0.12128966665486125,-0.66725829020207106,0.71620645499519275,0.20448640047648031,0.22897580407280332,-0.063999627860543432,0.97132596422772755,-11.70876991180115,-7.0703575903060321,-9.9848942036868369,,0.08785572921718179,0.3636363636363636,0,2
0.44777943671052406,0.89189342033169727,-0.063401126395607951,-0.88253686418476529,0.45224226951200863,0.1288627681743218,0.14360452435117393,-0.0017482664710948787,0.98963361106533732,2.659306048955786,-10.723202477722644,-6.3690167764020478,,0.3511643366334307,0.1621621621621622,1,5
0.95258959761912343,-0.18495757003177116,-0.24158591804113624,0.23259675047442749,0.95455560508741566,0.18633933686941875,0.19614232122765632,-0.23369701342580362,0.95232026952033633,-1.6032577529077792,-9.0261595625100419,-7.4663032086317136,,0.1084848454420927,0.2758620689655172,0,1
0.97214111549111315,0.09874983444207884,-0.21257968334099051,-0.06735319762759949,0.98636106692547698,0.15018452790807729,0.2245110205335839,-0.13168263306638631,0.96553326499280767,2.1313345565296147,6.154464306710004,-8.6608028644410489,,0.1181737683413776,0.7021276595744681,1,5
-0.4797017701217835,0.86853448692717838,-0.12463569617155973,-0.87743050246882071,-0.47506164025929803,0.066574404176509533,-0.0013874722841933226,0.14129502104563771,0.98996656102535718,-3.6839407440244263,12.199196456210922,-10.850241489005198,,0.6604334763266457,0.6648648648648648,1,5
-0.89884962153009784,0.39925789357865488,-0.18072767438977386,-0.40526814710142989,-0.91418912953792919,-0.0039955449763389153,-0.16681452820475351,0.069651775640105509,0.98352505983833804,-8.8191231849263545,6.4302314842719124,-11.071763076297479,,0.07795044221881053,0.2435897435897436,0,2
0.88112523633899709,0.42885296527331707,-0.19925725096675789,-0.40473098852822115,0.90184010378077983,0.15125228638814533,0.24456317141285888,-0.052626622435376483,0.96820415915215374,11.394272003374631,0.53330872916104177,-5.9248010556974311,,0.08897333030654986,0.4285714285714285,0,5
-0.29651552442703732,0.93553644320209883,-0.19196381746184688,-0.95447077862136875,-0.28342880147697913,0.093024981866387663,0.032620185954063206,0.21080720560286687,0.9769832370794459,11.899501621164511,-4.6507919337808374,-5.05968013061924,,0.08646114344064057,0.4230769230769231,0,5
0.47883045777685823,-0.79239038842478504,-0.37794029295276604,0.87754023366632672,0.44445618602427789,0.17994954015390438,0.025387615131270882,-0.41782313367831941,0.9081736056289984,19.190516673765931,1.4325685023523138,-4.2342214794955435,,0.3429277740070619,0.4186046511627907,0,5
0.95026407842937799,-0.1911982573555745,-0.24584834274600209,0.24681635128681373,0.94374898739177815,0.2200443990072386,0.18994701888744761,-0.26977967896263833,0.94400161802540705,-19.321639322603506,17.665639690535908,-14.702414434593173,,0.1815853323370672,0.3,1,3
0.86679873348852898,0.45070559788776959,-0.21336452295382041,-0.43479788060409785,0.89261079359738182,0.11915021685099113,0.24415314588361969,-0.010508814684897227,0.96967974412640556,-4.2824711784890921,4.4027061567846344,-9.8616773365407777,,0.1341752755359658,0.2673611111111111,1,4
0.34221754155696998,0.91956780436010366,-0.19308601045918017,-0.92412695522841715,0.36655518361713785,0.10782702807581473,0.16993094147611751,0.14153568648134468,0.97523900895180349,0.99619498111628846,-2.263500278643694,-7.823783568045851,,0.3239790107969058,0.8812691914022518,1,5
-0.96986190460408284,-0.080291414819470025,-0.23004602735980742,0.077206620590313094,-0.99676357174690666,0.022394637201206095,-0.23109959700260177,0.0039586291362018024,0.97292204493504908,-8.367475326625204,1.2835754415315763,-10.334664156419148,,0.08571718441396897,0.3421985815602837,0,5
-0.8598958508171235,0.50567940867399475,-0.069767194229196514,-0.50031965210306195,-0.8620085173833133,-0.081372978795746939,-0.10128855545897816,-0.035066388490134145,0.99423889329038639,-10.334659010938624,-6.3519668489619363,-9.744305735824387,,0.7178536102690695,0.6731517509727627,0,2
-0.16685440405414342,0.9858031309867864,-0.018756193227455607,-0.98422549061299913,-0.16539226064709794,0.062813881790921428,0.058819992139901557,0.028941096293876343,0.99784899732873955,-5.7641340040703577,21.215231926319166,-12.45663242875986,,0.5772605031054652,0.2727272727272727,0,1
0.40383375975800323,0.89303109970467875,-0.19852896373065476,-0.8966590853915094,0.42941934254172009,0.10771031907806637,0.18144084177653425,0.13451573592442337,0.97415847669880351,-13.604152378413682,-6.7461427603774515,-10.462544877856272,,0.06251803452587458,0.2,0,1
-0.93266592241280077,0.29423094948610895,-0.20871613625779595,-0.30657148066715184,-0.95141441957494377,0.02871462112624474,-0.1901268113955269,0.090767563531122641,0.97755462507176238,2.4366266948276891,-6.8306344750994983,-6.8775602974935595,,0.5883430786233357,0.8206896551724138,1,5
-0.92693902841151321,-0.28827184944459183,-0.24017364223685247,0.28496674994591426,-0.95727555388617325,0.049167726784795369,-0.24408602793438181,-0.022866017355807625,0.96948396387846514,-15.560715858621879,8.1202792599234623,-12.752301427652332,,0.09497166791114471,0.4615384615384616,1,5
0.92468848502757139,-0.28387486125496325,-0.25370508233949662,0.34604597098340462,0.90453033568228636,0.24915267968987126,0.15875576091458246,-0.31818223548458247,0.93464253776428663,-9.2776957464542527,7.9853093366863819,-11.346876455157096,,0.1887237281419932,0.1724137931034483,0,4
0.93036284594457985,0.30104490891604785,-0.20927717912288099,-0.27891406016912806,0.95161770812499591,0.12896001172030844,0.23797462454193299,-0.061609255787247907,0.96931541702144985,-10.512900208319692,-11.844733069106502,-9.1137624979527558,,0.3502722945975089,0.8944723618090452,1,5
0.25221882236469967,-0.93332586768155834,-0.25551612544305297,0.96690047154068581,0.23254352543481563,0.10500946106302338,-0.038589425745447048,-0.27354402478360446,0.96108507569612345,-8.6069562624163662,-6.2394373625863393,-9.4186834495369425,,0.07146188930366792,0.1463414634146341,0,2
0.96721835720113924,0.15530394069993994,-0.20092121713795968,-0.10735140553281082,0.96707755268082729,0.23073075831148349,0.23013979495789,-0.20159784994868304,0.95204725810897028,1.1462804044529065,7.4123539605656017,-9.0797720367329298,,0.07984161352217553,0.3529411764705883,0,5
-0.96434035680292363,-0.088889155992552357,-0.24929178523999249,0.10106544561365048,-0.99421181261387404,-0.036450615385073416,-0.24460877323621311,-0.060345584809230114,0.96774219627435254,-0.35219477003204208,-8.120961555143241,-7.3429208791215164,,0.2889108912319098,0.3191489361702128,1,4
0.84828042758993427,-0.44428303100574745,-0.28815430680137943,0.50936078177897315,0.83337666735556926,0.21455750812506577,0.14481681585144329,-0.32877943772029045,0.93323746773207639,-21.973603751946463,16.756445347791939,-15.133150524374978,,0.1887361655825094,0.2857142857142857,0,1
0.82266779142785917,-0.51574259745544393,-0.23922223583337093,0.55558500924181664,0.81856636806246708,0.14585745981193163,0.12059437156424696,-0.25290052243309136,0.95994704192475655,-2.357508107036943,13.789651485569642,-10.764008747742865,,0.1962254626665704,0.3061224489795918,1,5
-0.44519279910022386,0.882338774272587,-0.15258328559988329,-0.89537282810747909,-0.44065517333849641,0.064269097526213556,-0.010529497429689193,0.16523106737283907,0.98619867372589265,8.8184460014566479,-8.0424394174839406,-5.3037849026373527,,0.2445463754842864,0.2777777777777778,0,5
0.13872120246984154,0.9754210933465115,-0.17120198199792513,-0.98196721832097678,0.15789925529172083,0.10396252844791624,0.12843990862767327,0.15369292707544041,0.9797355122882393,-10.008281323083507,11.963634883667496,-12.057254835689832,,0.1789678854272456,0.6037735849056604,1,5
-0.82534978922204894,-0.44984098406461537,-0.34123425163206839,0.48207381157333928,-0.87606013815392647,-0.011111909506283902,-0.29394313332049787,-0.17367130849251308,0.93991260816111322,-14.90223605965363,4.3923941173731045,-12.097994689059982,,0.2609674966389786,0.2077922077922078,0,4
-0.69055955494616639,0.70155911173866559,-0.17590427456150542,-0.71779503542113932,-0.69463276035095323,0.047493319235266805,-0.088869500939975726,0.15906018038362751,0.9832609372994584,-4.1639647361401391,-4.3054515254337664,-8.6827926284485919,,0.09341719455008998,0.2596153846153846,0,5
-0.065522174766804539,-0.92921719546565473,-0.36367877070949711,0.99368615442506403,-0.094025658949923943,0.061212759805129996,-0.091075085054894464,-0.35737176596644465,0.92951102724619028,-11.148966991627265,8.6104691208364983,-11.864710950339056,,0.223155354095549,0.2391304347826087,1,5
-0.83699914853331936,-0.48217376354848046,-0.25872937038533689,0.4930286450171934,-0.86963335301303801,0.025701877748745151,-0.23739246101552813,-0.10604854111582704,0.96560785331323606,11.70802224784866,-16.57307069174016,-3.5531374902627197,,0.4235072683537197,0.4390243902439024,1,5
0.82028161780979036,0.53462309247238338,-0.20326390845061051,-0.51919192743775766,0.84509010729021716,0.12752432334137415,0.23995376631096893,0.00092712214644316614,0.97078387423654,-11.214080802072719,-10.023217578985918,-9.5302296412326513,,0.8880852492889386,0.7573529411764706,0,1
-0.50106127625793451,-0.83110851686750142,-0.24123894922891778,0.8423715259223189,-0.53228321964927228,0.084171173183630904,-0.19836282350802079,-0.16103790631434253,0.96680865892885903,-2.135719729093382,-1.8507075504850306,-8.5465399101039701,,0.2141062231508079,0.8118959107806691,1,5
0.97503993990209059,0.023794333549545497,-0.22075086701224972,0.012602893759585681,0.98670676868482476,0.16202135569250137,0.22167156485352738,-0.16075939264156361,0.96177863098163274,0.32691703241915465,-8.9851931681582524,-7.0921076615502114,,0.09848222495453318,0.2615384615384616,0,4
0.9565427833004172,-0.17722967739976198,-0.23155030806429061,0.21353693845071794,0.96650690401943018,0.14236003793154495,0.1985645477747372,-0.18561801079516219,0.96235028676436796,14.570874570603852,0.075790733724897197,-5.1633720028585,,0.0950929385569784,0.3333333333333333,0,5
0.9626833379645342,0.18671754625467182,-0.19590137499797936,-0.13468443020077822,0.95840820142150041,0.25162238316473112,0.23473579843508349,-0.21584781066446226,0.94779155280283234,-12.987926870878495,-8.0781772408107102,-10.112207590481402,,0.4857283207350492,0.7142857142857143,0,1
0.93612915082402648,0.30745905374169202,-0.17067847916404788,-0.24529704134205135,0.9187002204955691,0.30954687265458025,0.25197534499693619,-0.24790892507866316,0.93544085349102579,-18.924501526618066,13.248427476814195,-14.116315872420108,,0.1760739877639791,0.3928571428571428,0,3
0.97023530425204541,-0.059592855666476846,-0.23471716157208342,0.11743265559582079,0.96344087439754711,0.24081373079582374,0.21178532947929707,-0.26120944296407927,0.94176249719541327,6.8738015475358578,1.0393910870185252,-7.0052515288009047,,0.2818622503605754,0.5531914893617021,1,4
-0.73288723788848575,-0.59827787247843933,-0.32394426039499136,0.65737100793664294,-0.74541270923351943,-0.11055881166830046,-0.17532727815302399,-0.29397870707895979,0.93959398961446916,-25.065747212823496,5.7615463929327033,-14.475790210198179,,0.649503500029155,0.1578947368421053,0,3
-0.83679113689260065,-0.43408676904093685,-0.33369038068483381,0.48685960491107599,-0.8687520925029496,-0.090760822371646441,-0.25049614432924883,-0.23840821864052217,0.93830336403576486,6.3162556767562101,-8.6842598722036293,-5.8340048325575244,,0.4178353310104581,0.2857142857142857,1,4
-0.98610096864323882,0.0021543443488906914,-0.16613319488077183,0.0076971293786735114,-0.99824999030448969,-0.058631996865319565,-0.1659687736900953,-0.059095817597468688,0.98435870012018123,-1.46570656034911,-18.167296394975526,-6.3046975744944733,,0.3593336179961413,0.24,0,5
-0.84320692425813815,-0.47795377831084163,-0.24609402406706316,0.48009564113781034,-0.87547000783260776,0.055321250402061518,-0.24188893782809534,-0.071501406867023873,0.96766589821716409,-7.5474926716187696,-6.2782409549986866,-9.1852842022178525,,0.07388531582065239,0.1739130434782609,0,4
0.45205664436316251,0.88587585062463459,-0.10425338156240493,-0.8719459734697963,0.46350766694170237,0.15770498418271009,0.18802927866937635,0.019611730324967762,0.9819676015005453,-8.4866079143550657,-10.642571447349937,-8.8529246008813391,,0.1816190839642137,0.3333333333333333,0,5
-0.91239096466819003,0.36057768639221499,-0.19371747383209442,-0.3704495358437081,-0.92871279629735781,0.016114694745008516,-0.17409729746619262,0.08646545014964678,0.98092500067303201,-11.53597864435597,14.994490637124095,-12.818155605183346,,0.1253012572786575,0.25,0,2
0.52178366858152503,-0.79001104688426527,-0.32190736090128935,0.85213768328998452,0.50038745549774477,0.15321149792907723,0.04003962935373364,-0.35425265021072216,0.93429218550724047,5.0911924871075227,8.4706280484394725,-8.4247207612599215,,0.2060843037545606,0.4,0,5
-0.97396242163842306,-0.036768265542171663,-0.22370805949996184,0.019035160714333022,-0.99653917051926422,0.080915661508487335,-0.22590897258143072,0.074550494765607975,0.97129159362027062,-2.8984217171699393,18.53477068064112,-11.56863844393679,,0.7288154910389458,0.3043478260869565,0,1
0.97161020211478621,-0.041314377795628889,-0.23295222113949798,0.093488865093315401,0.97154500397300081,0.21762384372735288,0.21733257291540403,-0.23322398556422858,0.94782547196596711,2.2930256952450856,-14.007051422975882,-6.0413687594922418,,0.2225961934060136,0.5230769230769231,1,5
-0.46698485777922688,-0.7341101566236371,-0.49295782836560653,0.8630254793340163,-0.49982649025824832,-0.073215446842952309,-0.19264517804815981,-0.45962567114788189,0.86696717227162212,2.3775294352281788,2.0039939458937743,-8.0661121095793042,,0.3364347131329238,0.5375,1,1
-0.8760359464559917,-0.39583224768795228,-0.27545934764908286,0.41639057726983908,-0.90900761584921619,-0.018001152435731353,-0.24326920824026416,-0.13046833339330938,0.96114416520297674,-13.170325393957015,7.2231028710533032,-12.079201857210247,,0.07780489352724576,0.265625,0,5
0.90740737097395718,0.37605673321223249,-0.18759849814930368,-0.343282326165054,0.92076928194847074,0.18531371768653943,0.24242340572815993,-0.10375578454158933,0.96460646355356672,-3.3183942535688331,-13.56803491008335,-7.2860646011497403,,0.1018191032040018,0.3684210526315789,0,3
-0.95992658470465642,-0.12494868723950493,-0.25085608929100489,0.13269196556061116,-0.99105667331377789,-0.014124891358438188,-0.24684771470061007,-0.046845446281901529,0.96792133456688201,17.026232262792391,-13.314471146910053,-2.7589866096946456,,0.1830771122317138,0.2857142857142857,1,3
0.6598343704286499,0.74904613268641285,-0.059569242974525385,-0.71957952846816486,0.65272321115440857,0.23697618409834553,0.21638832179801831,-0.11350022347030092,0.96968747205562622,17.269905619720848,-1.5158148228132606,-4.2846238453888752,,0.4130053122502255,0.175,0,7
-0.16811930595027977,-0.9284850110741566,-0.33113665332822922,0.97650774018579944,-0.20279516560827285,0.072847471906286224,-0.13479069821029993,-0.31111043861712018,0.94076658245254619,17.070719001588959,-4.2274110622874561,-4.0054651253468547,,0.1447749960896552,0.1818181818181818,1,4
-0.82801001954042242,0.52103038974751958,-0.20718769389183506,-0.54489498437526418,-0.83485318423582167,0.078164037600357658,-0.13224546700492104,0.17761614152676899,0.97517364747299895,-12.893441443122573,8.0627428209299534,-12.139342892284718,,0.2327960870347561,0.9401408450704225,1,5
0.1593789770578814,-0.95383043386128419,-0.25456992185247823,0.98535263902903014,0.13785571613440928,0.10037917257875045,-0.060650790848172313,-0.26683947415827125,0.96183063821050518,-19.851126071164838,3.8102427176641234,-13.132244929234488,,0.06710087943283234,0.2424242424242424,0,1
-0.23376735575460997,-0.90066818893144962,-0.36626443566150363,0.96078498622102193,-0.27176913513928691,0.055079464756972313,-0.14914769068198178,-0.33902558993767157,0.92887922558944391,-12.824823606861656,6.3328908088833646,-11.91367065397726,,0.07853223686388054,0.3333333333333333,0,3
-0.97191666548335554,-0.078699044483117153,-0.2217756879217348,0.10054678617862405,-0.99094418970273024,-0.08899413847860442,-0.21276357570050475,-0.10879371899077306,0.97102810853408961,1.2123401749188982,-17.687353518555046,-5.8159147281407533,,0.7554539768769595,0.5161290322580645,1,4
-0.75306597084884508,0.64341485396627962,-0.13750988780824908,-0.6398614860670151,-0.76485759402968145,-0.074633367224305358,-0.15319569901794694,0.031783432015404955,0.98768461122552886,22.105320859518486,1.1408728111084345,-3.5276412763537244,,0.4133831030332929,0.1538461538461539,0,5
0.18577507983186892,0.97047845012994882,-0.15381546588960079,-0.9733327017618818,0.20319569498096121,0.10646577488620398,0.13457738069370506,0.12993493515824139,0.9823471083232469,16.342705509945947,-2.4675695897385377,-4.4198871983512449,,0.09708773412660104,0.3888888888888889,1,5
0.30444995071918712,-0.89849288317284959,-0.3162605988655951,0.95101745312229136,0.26803015604367136,0.15403129327508772,-0.053628643129165952,-0.34766416890290192,0.9360841812022993,-18.982397612898328,11.034544538916277,-13.808751324190174,,0.1497273261909747,0.3846153846153846,0,3
0.44924921924429756,0.88496378565816769,-0.12253259599777463,-0.87306541345085809,0.46397201700494523,0.14995583107117016,0.189557175660199,0.039611431556151135,0.98107033980535818,9.2440446644383503,2.0892845827410564,-6.5936532754679291,,0.07407498939158091,0.1666666666666667,0,1
0.49461573759695349,-0.82856597709354485,-0.26236176117041315,0.86865452588845515,0.48108368704484933,0.11831230161245707,0.02818841561573085,-0.28642085758958397,0.95768914871304778,-8.9933017741269641,-8.1909073624579705,-9.2272914972300306,,0.06451164614864346,0.1041666666666667,0,2
0.83355052807218533,0.52549911169050112,-0.17042359215518232,-0.49725373647535093,0.848089897313556,0.18298154998792948,0.24069116874510385,-0.067780599637189853,0.96823217856097887,-8.9698528268549307,-12.568345507726692,-8.7161912817325344,,0.08227267898046972,0.2758620689655172,0,2
0.089817195711288794,0.9955445177600174,-0.028705130421827096,-0.98939928111045572,0.092490916564469755,0.111957549505057,0.11411368845442273,0.018345122268285552,0.99329830493980409,-10.887711287759455,13.08192088322896,-12.447786075666679,,0.2949202866774584,0.2608695652173913,0,4
-0.96780958064171729,0.13142104960327178,-0.21464650786648309,-0.13905372194703469,-0.99006663886175139,0.020787328488056433,-0.20978245405843313,0.049965571488455533,0.97647056465366744,-2.5592017919322076,2.1941097541954275,-9.2001184855306644,,0.2229008202262039,0.3972413793103448,1,5
0.97940476368926033,0.029619481586062084,-0.19972229513340956,0.025322241995089714,0.96335151204682745,0.26704428152917514,0.20031248818564945,-0.26660185773483297,0.9427610283254233,-20.994745166495317,12.685217562838366,-14.483045489906031,,0.196513285198485,0.2631578947368421,0,3
0.89082732242144036,0.40976101383133273,-0.19627173299119166,-0.36988274879155625,0.90493132283010802,0.21044251734702712,0.26384357823121252,-0.11487041614301538,0.95770107743558508,5.3732503426899516,-15.197644082417211,-5.1635987908484671,,0.3797086026689656,0.5,1,6
0.49480423956655351,0.86212702204047154,-0.1091135297504137,-0.8484817690797658,0.50642208888802609,0.15367288448376606,0.18774304793050881,0.016542846004179997,0.982078857424314,17.775209395801173,2.990794709202278,-4.8039092755690316,,0.2198207537164126,0.5,1,9
0.15307264020713474,-0.94603384469371066,-0.28563741266516773,0.98624490567720624,0.12800470431706271,0.10457428794143581,-0.062367883127248114,-0.29771590546481658,0.95261507797614042,6.1383852849449339,7.1638598585756776,-7.9557477422982643,,0.336021967124271,0.6666666666666666,1,5
-0.050281336275317647,0.99241466450625104,-0.1121825338246303,-0.99427834682077998,-0.03914059760373223,0.099391059268733109,0.094246253324503759,0.11653817954717077,0.98870445353610381,9.2053839618905968,-0.53221380275512442,-6.2961283938825661,,0.2187358297199278,0.2560975609756098,0,2
0.914754813631935,0.39003275033880108,-0.1053474470519061,-0.34549488229336522,0.8903678292862871,0.29644293697289981,0.20942043177850972,-0.23477559974404352,0.94922257691150957,18.816379810411334,-2.0266782767536893,-3.9230274515089114,,0.2264688153045689,0.6666666666666666,0,5
-0.8985434156215325,-0.34534485037810664,-0.27084435486181313,0.3723136072351157,-0.92654854739070691,-0.053762135334695781,-0.23238396698301819,-0.14914665147261408,0.96112068349595969,-12.325096206257948,2.9001920794423808,-11.406259927295297,,0.4881705783084788,0.5076660988074957,1,5
-0.97425237865117076,0.038531283053433452,-0.2221432936615283,-0.035192343730827698,-0.99920048286083785,-0.018970872236147442,-0.22269665833879745,-0.01066467425311941,0.9748294533341757,-20.537330337427637,14.469120601381398,-14.614406265022128,,0.1964136349238269,0.3636363636363636,0,3
0.46476963761758544,0.86153285372115895,-0.20432896492640359,-0.86377262035340718,0.49189224465794484,0.10926518188873507,0.19464337717124647,0.12571062645793199,0.97278507087584731,-6.9957549956782108,-12.675742911392044,-8.2529919240819858,,0.1969589553348947,0.632183908045977,1,5
-0.23239428499709397,0.95596393798728496,-0.17923684210711816,-0.97181056524854359,-0.22069927296751612,0.08292198853691593,0.039712989965452201,0.19345485307805618,0.98030510467331133,-8.4391059176185053,7.6818739521888872,-11.113022995034575,,0.1169674675954564,0.5374149659863946,0,5
0.15755112957113374,0.98705645725920566,0.029953159328632895,-0.98551330925821501,0.15523180826253477,0.068312538954912336,0.062778649601457778,-0.040281954848918,0.99721422235534118,-6.9982104648939174,-7.0170437685028473,-8.9916051523539355,,0.3853413871953108,0.1481481481481481,0,2
0.69582349883673222,0.68628924442642114,-0.21174685700434959,-0.68211648164152594,0.72376899968199138,0.10428585988673658,0.22482607486587181,0.071871469192871892,0.97174468250485624,2.0765034770893656,-5.3556777581081167,-7.1290458852631513,,0.1912188682502923,0.7384105960264901,1,5
-0.96276103468128738,0.17168357661428496,-0.20884429515872371,-0.17429728118359178,-0.98467500656457607,-0.0059656700428607091,-0.20666796527624956,0.03065747817383736,0.97793070877265931,7.7206213537065311,-1.4290049040472836,-6.4207876702795668,,0.09174038848032111,0.3333333333333333,0,4
0.10278376324666443,0.98696762711059793,-0.12381599673923373,-0.98732956277862394,0.11635701127893035,0.1078952287620125,0.12089595723689764,0.11115731627702777,0.98642192725114519,-3.001925949619451,-16.319923811983315,-6.9562133516768139,,0.08760242987976201,0.32,0,5
-0.61434468242067464,0.76212524688188976,-0.20431769195705993,-0.78667194235817184,-0.61164874509078826,0.08386338733491755,-0.061056255108406295,0.21225202164899085,0.97530570234058123,-12.553454091531078,-3.413964814740555,-10.588079618203484,,0.4407966309754616,0.7941176470588235,0,2
0.9312046109260822,-0.28510771494087639,-0.22709373278713829,0.32940642981464396,0.92498523061890592,0.18945639903064829,0.15604286778566423,-0.25122880809748332,0.95526682628213577,-1.3567637461391078,-15.507807603732365,-6.6615364562943347,,0.1597512274029692,0.1904761904761905,0,4
0.82576175995087531,0.54285200359570973,-0.15306605761878347,-0.51045407651830987,0.83472503615036009,0.20656899522827671,0.23990446341965466,-0.09244358396289129,0.9663850331081415,9.7528352066506514,-15.994529898120543,-4.0846851735804783,,0.5693669844271879,0.2258064516129032,0,4
-0.91358288776703345,-0.28778261790327719,-0.28731075860813882,0.3214858373786752,-0.94378530381092651,-0.076916556575611264,-0.24902442358969509,-0.16263598969248322,0.95474413918733558,25.167237577663002,-10.730766440997005,-1.1804688879607483,,0.6951023494926887,0.6060606060606061,0,4
0.70469010844079816,-0.60714276030074277,-0.36713692225121025,0.70295996963290985,0.66761874507267338,0.24521927395962922,0.096224384432403276,-0.43088615647521561,0.89726138220622254,-2.0886348784007636,-11.120984882213119,-7.3098139599391549,,0.1085857986650061,0.2222222222222222,0,5
-0.78420277412921979,0.6124121732803649,-0.099886631067708356,-0.61429716194912654,-0.78894555851564752,-0.014279443955623439,-0.08755001924205813,0.050162094418530083,0.99489635561412226,0.26386245773587058,-5.0110061413097799,-7.617490094403637,,0.4338579196464857,0.6690140845070423,1,5
0.61270966046548314,0.77747829740052965,-0.14182513544306785,-0.76278284609714497,0.62871844575566216,0.15124630794344254,0.20675880071283598,0.015511706474691774,0.97826897389727707,4.8620893346550744,2.6925945061891277,-7.6248162484514923,,0.1793777024518701,0.5466666666666666,0,5
0.091685959886949858,0.98100347007838617,-0.17095577338532389,-0.988438022934923,0.11047834153434215,0.10384994399768754,0.12076406574850895,0.15945760485466628,0.97979044324687259,-11.820944561104517,-15.173999384431868,-9.0125543409634847,,0.3527096241516802,0.7777777777777778,0,4
-0.18774669141587746,0.9819596311624823,0.022504724606901772,-0.98023613103776797,-0.18877336090388047,0.059175549183430369,0.062356292950259733,-0.010949930606833171,0.99799388362314434,-1.2771991959053621,11.031224383280632,-10.143915295087163,,0.4355907878430285,0.3571428571428572,0,3
0.14061301514283792,0.98873111638197464,-0.051368857009805174,-0.98037953159347491,0.14628943201767616,0.13211879545509089,0.13814468504071545,0.031783353787784845,0.98990194686999244,4.2636209273165697,-4.8562621086936373,-6.7338709296881625,,0.226917056967334,0.3625,1,5
-0.70456026889149037,-0.63102255779440597,-0.3246619150041416,0.65832174337708305,-0.75201345782630691,0.032988504741502826,-0.264966619966571,-0.19048960812266733,0.94525467441360156,7.9720197499350034,6.0567749347522231,-7.4527014191686618,,0.4336720555816516,0.6701030927835051,0,6
0.85638284326373582,0.47045232071999421,-0.21279811957038264,-0.45658245047632068,0.88242541394256202,0.11339248099118392,0.24112422458259403,5.2511614239193721e-05,0.97049425838691727,-0.39303849363248172,0.97088967415154326,-8.5343555652517473,,0.1272659574914978,0.7127882599580713,1,5
-0.98000019218131473,-0.045971853854925714,-0.19361356351693823,0.056215341819008585,-0.99727633603226329,-0.047746674588255177,-0.19089122208409204,-0.057675802926409676,0.97991532444800333,7.4669720588716322,10.10603746758359,-8.1300211337348891,,0.2081220846810672,0.16,0,2
-0.89607325147392536,-0.35646944996976671,-0.26454160208027322,0.37419854196739805,-0.92717100079587711,-0.018149007483696224,-0.2388057352377016,-0.11525392193509811,0.96420348179010262,-10.785580082404822,1.6390571434549941,-10.892829546911363,,0.1738399131127027,0.4822834645669291,0,5
0.97275816879716903,0.13019729531374219,-0.19180774054079339,-0.074456586814787021,0.95902364142886887,0.27336764962300153,0.21953988639486494,-0.25163926457033331,0.94259212749111743,-0.076263398988210634,-7.0559243835398462,-7.4117441125930945,,0.1717558663194055,0.1967213114754098,1,3
0.90442969504190385,-0.35780686686791841,-0.23233848744573615,0.39528718875190227,0.90768988162757813,0.14087979698853628,0.16048353540169422,-0.21925629936920138,0.96237815335339782,21.18330611347529,-7.853535750953335,-2.5519284207088999,,0.2741182302156945,0.8571428571428571,1,5
0.9288665265567787,0.30356912508553541,-0.21225635947398178,-0.27560092789863422,0.94925107204127523,0.15154712392487785,0.2474896045973598,-0.082269000986355562,0.96539147867222763,-0.7613757323982363,15.815557721079905,-10.710701919722586,,0.09532307648604751,0.375,0,4
0.76613469011168567,0.60821241593039399,-0.20764222527122278,-0.59806122984826227,0.79299279639013875,0.11612575177682409,0.23528791290641354,0.035214797762613749,0.97128755580347181,-11.249122700074995,-4.7937240519709432,-10.165213427445462,,0.08337533631600538,0.1428571428571428,0,1
0.86049106225269267,0.48624287829966822,-0.15206247099822931,-0.46590583697876997,0.87180788392525344,0.15127050140356202,0.20612346506971344,-0.059320121616758571,0.97672628730828592,13.771702339779305,3.1049197837132891,-5.7354334500125921,0.5681047783717174,0.4116604266700028,0.109375,1,5
0.14703545763850009,0.98901001132369859,0.01548456323359864,-0.98046489699249206,0.14366159244833543,0.13435003766546336,0.13064899526035348,-0.034936289967695121,0.99081294686774968,-16.390342421030471,8.393611243910442,-12.935566089366208,,0.1727206121901869,0.125,0,1
0.32179687697080211,0.92423270375692923,-0.20552537380575356,-0.93188298941504566,0.34756355124939109,0.10389259782000815,0.16745406537530372,0.15809328622388813,0.9731216002330928,-6.8528877933172643,13.158503034732224,-11.619310945120048,,0.08525474584863826,0.4411764705882353,1,5
0.20781719993453232,0.96306585554806146,-0.1712196521689385,-0.96674722035322569,0.22888961131451394,0.11405857167089131,0.14903631554317137,0.14182278981099056,0.97860843698567457,-3.6989944151222511,-11.60297512585829,-7.6214127320735239,,0.0916268572207634,0.2448979591836735,0,5
-0.67920584572141496,-0.6569465201211182,-0.3272624158662481,0.69900236020585993,-0.71495073054342217,-0.015529112082368887,-0.223774707159896,-0.2393046648023868,0.94480588368157525,-13.651012088184206,11.098418931526881,-12.730719930126954,,0.1004873237686142,0.5384615384615384,0,3
0.88311474964188208,0.43059111771211311,-0.18627836243748144,-0.40172515383394097,0.89911147825583848,0.17382591994779853,0.2423329109758996,-0.078675529969838134,0.96699789102247402,-24.84761946591339,0.5385763409737635,-13.79314536639253,,0.1038288057262213,0.2857142857142857,0,2
0.22947209133688037,-0.93128424106804497,-0.28293501309628449,0.97244760590402657,0.20709562101556661,0.10703764537631123,-0.041087870095766067,-0.2997016284481836,0.95314779590392018,-0.44333418022008408,-3.0493236700834716,-8.0491325751172695,,0.09146600356483454,0.1968503937007874,0,5
-0.9551652730538196,0.2275297745165078,-0.18944525029804568,-0.24229648710517726,-0.96843614414971835,0.058513648330250717,-0.17015203051539754,0.10179212353071662,0.9801462391391369,-7.6917929099450628,-8.8934415525049957,-8.8668823757056359,,0.2714493962323766,0.2564102564102564,1,4
-0.29136892171415152,-0.91219851723974599,-0.28809376356447147,0.94410780835385111,-0.32274227174463688,0.067066178021408462,-0.15415770387632546,-0.25245057174567853,0.95525081060465966,-6.1427888154668011,-15.673916965303968,-7.689935719063028,,0.1963985304728417,0.4375,1,5
-0.42015180504383026,0.90381943197758841,-0.081135042356072384,-0.9074368719392315,-0.41900791951564287,0.031475177971167605,-0.005548347822137205,0.086849281878913207,0.99620601186379254,-7.582849298116086,12.28126262320869,-11.63631026233001,,0.4291121758209605,0.5098039215686274,1,5
-0.15202951300219816,0.97052530393196434,-0.18699642136704622,-0.98647327368011883,-0.13726258543240608,0.089607270660593999,0.061298511328938481,0.19808992167240327,0.97826523777586849,-11.307507607727214,10.416620837628948,-12.155258455301807,,0.09461761582882497,0.4202898550724637,1,5
0.40087319054943787,-0.87015786772676118,-0.28657629059629336,0.9161218464613099,0.37916942425444611,0.13019719715444425,-0.0046311483495405882,-0.31473136631700527,0.94916948935434942,-6.7638306016641554,18.108494679425071,-12.206564442144542,,0.8510525014381362,0.9817073170731707,1,5
-0.59837289168682495,0.78766961552192938,-0.14671898063264288,-0.7977009151415162,-0.60281124538101216,0.017083688845781212,-0.074987548811343369,0.12726028141461782,0.98903068117098225,6.7080472964237883,-7.5444713131070218,-5.8482568459084376,,0.2745977260043598,0.8484848484848485,1,5
-0.02023951322475764,-0.97025499489046385,-0.24123765666771652,0.99448902088042801,-0.044363220562732154,0.094992062876803507,-0.10286860285195419,-0.23798560786612413,0.96580582986223396,-14.074210926197171,-7.9521092925680179,-10.44148355559925,,0.0712997601820011,0.3928571428571428,0,1
0.1876442708620582,0.98107325851311411,-0.047800513000449407,-0.96542519706166896,0.19317934501864159,0.17503122446182492,0.18095252551728483,0.013304213190875385,0.98340184127359009,20.325613707551369,-5.2248516820933535,-3.0569869695349516,,0.3409811346334664,0.1290322580645161,0,4
0.78511479865840506,-0.53122034847753963,-0.31843318654150171,0.60735944394296548,0.76103986376348498,0.22788776100560951,0.12128173308815053,-0.37232145670946665,0.92014535487219462,-12.781104614124027,-10.17132192762384,-9.8295319593786719,,0.6947972035045764,0.7346938775510204,0,2
0.10126194447149747,0.97650118252778884,-0.19024052965570176,-0.98736584983956355,0.12207131703863219,0.10103104536255722,0.12187984727775426,0.17760640213202999,0.97652509888341699,0.58851069823249902,-9.7739788756911015,-6.9211101323891473,,0.06967417629410065,0.2857142857142857,0,4
-0.97082488422510871,-0.051067445556193282,-0.23428862578808449,0.067804119742524052,-0.9956475760360185,-0.063941423815410958,-0.2300035771792372,-0.077961659410031539,0.97006202592761481,15.955892361774834,4.317275118322863,-5.4414706992675272,,0.1151678566544479,0.3333333333333333,0,1
-0.7414538066250167,0.64052946053442739,-0.19992064132737583,-0.66279021974740915,-0.74559111451686533,0.069303784605759297,-0.10466793801568333,0.18389100070687478,0.97735803194662019,-3.2079486251764262,5.1296111870460503,-9.7351707289456382,,0.2279264140311709,0.9022140221402214,1,5
-0.97228308921610929,-0.025245354126929579,-0.23243981268144134,0.021572386372448366,-0.99959922961913894,0.018330638041826983,-0.23280942113792438,0.012808287935106338,0.97243802948547542,17.094440391817809,-14.532211446446112,-2.6050841221798913,,0.2299116937958752,0.1176470588235294,1,4
-0.34725751261048499,0.93113155389722935,-0.11138334378402073,-0.93768591620300867,-0.34317977694657875,0.054523052458756223,0.012543623483777529,0.12337613234263292,0.9922806999423448,-7.0245517474666332,-5.3199816693972828,-9.1821098630726059,,0.07392599849440416,0.2446808510638298,0,4
0.40225249781596395,0.89750987215135403,-0.18074555981179521,-0.89910673635920091,0.42448707199631902,0.10685411710130689,0.1726267784392842,0.11952721488787967,0.97770815700127089,0.053588126985497482,-10.826954563232057,-6.9092007331984746,,0.1074573851472854,0.449438202247191,1,5
-0.2822203397704644,0.94628796160265094,-0.15776810053285423,-0.95909374632030198,-0.27450570524057949,0.069179502453123223,0.022155486659813779,0.17083826127736523,0.98504995959321495,-8.8883764060688399,-14.411100895881338,-8.4595286119635755,,0.1183734806934621,0.3333333333333333,0,4
0.55045655888308831,0.8301559212850359,-0.088536563847831998,-0.80628089499464528,0.55612471940577213,0.20158475843298318,0.21658415258098143,-0.039578312511318062,0.97546135855272786,5.9393492566511608,-6.7529026220430897,-6.1761111518909155,,0.3974420845404773,0.7325581395348837,1,4
0.68720423368893568,-0.64483297500500181,-0.33457551546131281,0.72021210157958981,0.66502777939929492,0.19756665043866847,0.095104521124471444,-0.37673397374466133,0.92142641762011745,-11.65092417150713,11.992228342466028,-12.47100298954339,,0.1677568493231488,0.3235294117647059,0,4
-0.13180672964101833,0.97594457072444341,-0.173663988480113,-0.98883095700880563,-0.11715238294383457,0.092133911409590236,0.069572440537820621,0.18386819747868985,0.98048567632247841,4.0619202080899495,-13.11132445956626,-5.7442194189319844,,0.1078479786651674,0.2,0,5
-0.78973565713700467,0.59177306033225152,-0.16162375107448176,-0.59730500113206297,-0.80182870211973134,-0.017247262960114983,-0.13980102814003639,0.082917896270890454,0.98670172545151658,-19.006311578440155,7.3825135149263437,-13.352432083678046,,0.2487929830855054,0.3255813953488372,0,4
0.67590858791228647,0.71202421749217459,-0.19018174068788979,-0.70189967655603469,0.70060144985264017,0.12843073041493391,0.22468739358707612,0.046681068636391897,0.97331210461701922,-12.42648166830541,-5.6108960048873966,-10.278623516492024,,0.06318131168168838,0.25,0,2
0.33464560036219682,0.94047095551102755,-0.059386058956620247,-0.92715016332082678,0.33986647847687873,0.15774457664810279,0.16853752345513071,0.002271265704325896,0.98569262173342387,-19.893383513138264,4.9635208304353871,-13.291083508966745,,0.08494481666189507,0.3103448275862069,0,1
-0.93649536432383473,-0.22425602718380763,-0.26960279462888381,0.24672400509344172,-0.96768415952049625,-0.052102137420296082,-0.24920613537916786,-0.11531089144069342,0.96156107471368313,9.4814380436745136,-9.4300153406253546,-4.9662842155792974,,0.294515689060534,0.1714285714285714,1,5
-0.87438236405761594,-0.41516810682583888,-0.25117906859382927,0.4202249149881932,-0.90671216724841963,0.035833874851042197,-0.24262419963429155,-0.074219194541056382,0.96727711071517464,-15.861290993157846,-9.8180407229485613,-10.605720734602148,,0.1722750629515691,0.2857142857142857,0,1
0.20166851649703141,0.97783388564856444,-0.05630898268763633,-0.9709786149634031,0.20713940663254873,0.1195566623140142,0.12857036492768531,0.030564003293835577,0.99122928879498717,-5.7907451202349645,2.942634747075501,-9.9988736997761425,,0.2243350078096359,0.5473856209150327,1,4
