axis_00,axis_01,axis_02,axis_10,axis_11,axis_12,axis_20,axis_21,axis_22,location_x,location_y,location_z,dbh,dbh_approximation,score,reconstructed,number_clusters
-0.17620775653771831,0.98326690658338922,-0.046227880698530635,-0.97876327610427594,-0.17001612907998595,0.11452932027338514,0.10475340512637406,0.065427106543014535,0.99234369945288603,14.85374464476312,5.0148376549846319,2.3478376699435537,0.5289166691644592,0.458778846596968,0.845360824742268,1,4
0.96867920432475052,0.047454413116678792,-0.24373895417950511,0.045066913403481339,0.93167083899808967,0.3604974633431946,0.24419167148993942,-0.36019095829343972,0.90035154308669996,-16.212058528390134,12.564881335625925,-7.24885152813847,,0.233106897925967,0.2727272727272727,0,5
0.8952582337396594,0.42781493371281332,-0.12444708680257277,-0.3651932066874557,0.86460181252306778,0.34510524129772285,0.25523835274244977,-0.26351107808615454,0.93027699907887318,22.658963322701467,-14.775928378323009,7.947995823572672,,0.4598791415028527,0.3571428571428572,0,6
-0.67611658479989567,-0.67831921080956947,-0.28766197525082965,0.68145667333640936,-0.72415552524741056,0.10590362420106994,-0.28014847157141515,-0.12442597598705198,0.95185871345272122,-8.8105679118304536,-12.259863377048184,-0.96859730242625852,0.3032098891035429,0.2162729822871834,0.7339449541284404,1,4
-0.91305751657136303,0.35397848845090746,-0.20254678754931393,-0.36557284364668691,-0.93052899348288287,0.021732194454519002,-0.18078292900772253,0.093888348594193247,0.97903141449988451,-6.8358130450660521,-5.9548261981062591,-1.7364731005531588,,0.07697091225642654,0.3642384105960265,0,5
-0.42335346649898531,-0.86543135870888976,-0.26795597729212517,0.87476443830734896,-0.4674367686586588,0.12763245973803164,-0.23570960921464632,-0.18036471569915477,0.95493955277527487,-5.306904143464144,5.9803208867213637,-3.4314140573419261,0.2295998374030825,0.206295911998856,0.7259786476868327,1,5
0.86026947985522195,0.46248192638371488,-0.21458539045805311,-0.41441484023766129,0.87946947848528767,0.23408070532107314,0.2969793969628543,-0.11244511630669271,0.9482401244401939,-11.363779018669705,14.207786638074207,-6.4382459189607104,,0.2329500869661906,0.3,0,5
-0.94597130118528316,0.22084490271407406,-0.23741488217682052,-0.21772960919267045,-0.97520518645556986,-0.039606332712891525,-0.24027508113541327,0.014225795421291756,0.97060059351414063,2.4686783742816094,16.582312454907875,-3.0643882901082402,0.801551227258514,0.5737091991604114,0.2272727272727273,1,4
-0.82332018761401438,0.52729319336095637,-0.2100137064632438,-0.55306571601383103,-0.82846424746543523,0.088120964824714931,-0.12752326233802574,0.18870315023002476,0.97371912719014175,-12.670390042719584,-1.4917350404028518,-3.9039894598019393,0.213092707830159,0.1500981484585693,0.4419191919191919,1,3
0.0053182682159583017,-0.95710322987029739,-0.28969833170908782,0.98786112076749133,-0.039948041795897504,0.1501151559059585,-0.1552485816333925,-0.28698007130900011,0.94527261494888437,-11.35163599949024,12.821683995785392,-6.2737083102549791,0.2631106409985038,0.2815457986044371,0.6721311475409836,1,5
-0.55762963325986159,-0.733060126774847,-0.3894509502406156,0.78823908148128652,-0.61471167172181262,0.028437845813516154,-0.26024669553331686,-0.29112267376798545,0.92060808506235103,-14.476310082273953,-2.0982766130051704,-4.3147928944916156,,0.1191497714383029,0.3225806451612903,0,3
0.13323410819041789,0.98726462046187791,-0.086932396717038299,-0.97707343600754382,0.14554123161728666,0.15538742081563628,0.16606075112173957,0.064236431124307186,0.98402109116283476,-17.34351197757579,11.79884933507452,-7.3557756087730555,,0.3090115713591621,0.3548387096774194,0,3
-0.52270289548191318,0.85248416848329711,0.0072405483331803551,-0.85227922505573994,-0.52233983958289343,-0.027950215077949581,-0.020045089004809637,-0.020780627272967957,0.99958309306276794,-11.825318598753951,29.63459240363774,-8.0865828812107257,,0.4058708476943454,0.3333333333333333,0,2
0.80265348681694781,-0.46008998341881591,-0.3795584108648753,0.58428262716787294,0.73438904122775883,0.34537884665158813,0.11983818961584879,-0.49898892100150538,0.85828250886718449,-13.034157818384047,-9.4551090025479301,-2.538232626811014,,0.2930785012203874,0.375,0,1
0.68427104059281474,0.69116095816763634,-0.23252886468312178,-0.67539428635439025,0.72091539326382492,0.15531758984451366,0.27498309214544553,0.050769337794180372,0.96010768842566285,8.2036891105463923,-1.5566478026912656,1.4934696816605639,0.1874509364366459,0.1796287665396311,0.6024096385542169,1,5
-0.75858199778511526,0.61331630204838994,-0.21999196866711143,-0.64429284825727096,-0.75639995397659165,0.11289745483731457,-0.097160065463526013,0.22738122892160245,0.9689466953415059,11.450544302171524,-2.7640075808180855,2.6339374731391891,,0.0935483860795491,0.4324324324324325,1,5
-0.95881817819221982,-0.11959482800414338,-0.25761362208317201,0.10457430639277968,-0.99195861584789125,0.071290384257658213,-0.26406801322882906,0.041414750509871756,0.96361449907604824,-0.52680913654978423,-8.4480788129943392,0.47186772754239414,,0.06604824916520487,0.2,0,5
0.57065570577332003,0.81314245766512816,-0.11467959282570715,-0.7796847361230046,0.5803397846793642,0.23515409112986041,0.25776690579893224,-0.04477809576818894,0.96516897194958551,2.7819768885250511,5.3302556585312466,-1.1096672537759393,0.7025619747900965,0.4572377506089961,0.2115384615384615,1,5
-0.22017372783406383,0.97080549698223384,-0.095185170067238298,-0.97346313533940176,-0.21243269135772369,0.085099211381157183,0.062394340342954366,0.11139586469699654,0.99181546046710478,-18.676675524084612,-1.0706427594655799,-5.5014525601663866,,0.2164660029337123,0.2647058823529412,0,2
0.96947132326931329,-0.036276978443602247,-0.24250635907837489,0.07992106877276435,0.9817369463227329,0.17264179966374035,0.23181452958058177,-0.18675264137333747,0.95466511134293341,12.067920650638703,-6.2180041797709995,3.4626456806161765,0.2670211234694215,0.2722625830677822,0.4,1,6
0.95031308449431906,-0.17443454034752751,-0.25783256693567669,0.2336142774909627,0.94703432007082011,0.22034147580602081,0.2057411256683237,-0.26962675635356836,0.94072950494123664,-8.1711098371358872,-10.730153219654612,-1.0584576755414512,0.3307456549559183,0.2797041719226515,0.8362831858407079,1,6
0.90852776127224133,0.37302824696657061,-0.18822123674733693,-0.30098775928019295,0.89675521010269732,0.32440169838821237,0.28979937156788066,-0.23807566049202764,0.92700393964650796,-8.3698425246035359,5.7972504670145613,-4.1338471829644172,,0.2515291155936328,0.3048780487804878,0,6
0.11235646905644538,0.99213833284304631,-0.055113994271770383,-0.9729928634808831,0.12110490391573629,0.19651587687215397,0.20164550943782333,0.031545693065472426,0.97895043683149718,-4.8174099249466877,16.688437429873368,-4.8773535272996602,,0.2373018495097056,0.1363636363636364,0,2
-0.8127273970123301,0.55109440999410486,-0.18912728364467521,-0.56760406052894252,-0.82215262291397495,0.043482123990550701,-0.13152873684720193,0.14268852760093426,0.98098938601518937,9.144093503001951,19.614375115787386,-1.5837200819693329,,0.1694867748101978,0.25,0,5
-0.61321621037491125,0.78578044944090208,-0.080715330699234838,-0.78967742419426334,-0.61232940093768984,0.038239645202376521,-0.019376404499965968,0.087188244756642483,0.99600339604085186,1.7894332837597662,1.6932940027796932,-0.90812042316355379,0.4390775592769294,0.1771503902940994,0.2289156626506024,1,5
-0.91425376180843909,-0.30386327167445215,-0.26796860104575215,0.29420186203754795,-0.95267436713913045,0.076529827973791112,-0.27854142132321913,-0.0088691782796658427,0.96038326426686849,-16.442301341954394,17.092573143210593,-7.8546641713638792,0.3526302896671016,0.2670892395012656,0.6666666666666666,1,5
0.55316290603659102,0.80475918348375941,-0.21534496971999645,-0.76790834802588592,0.59278656393030316,0.24273619148338657,0.32299778392011957,0.03109254287216243,0.94588883351080644,12.210566385488223,7.9859870509466342,1.1011378138422068,,0.1699981241062419,0.2745098039215687,0,3
-0.91736877395930116,0.33063192546784403,-0.22162369554231692,-0.34218786273606394,-0.93951508437799236,0.014794351027915728,-0.2033273202511956,0.089408814373296092,0.97502003300025986,-9.84729580297528,-11.031064749967333,-1.4878003881793762,,0.1411049454517208,0.3333333333333333,0,3
0.92137718934993407,0.31134232009477397,-0.23265862258600917,-0.26869491478869745,0.942759000377279,0.19750572137112396,0.28083289998201838,-0.11946307766685392,0.95229273616995147,-13.357205208095749,6.1364187996184043,-5.4278011295632238,0.2513966059573511,0.2025910887600477,0.3380281690140845,1,5
0.56550758309800675,-0.7303948065234882,-0.38304647245754508,0.82448175507692334,0.51234756226096845,0.24027028736512751,0.020760756342891148,-0.45168949738593756,0.89193362362191031,-4.804903385564085,6.7291328850573944,-3.3641073572513229,0.2609100204432453,0.1323028809979742,0.2209302325581395,1,5
0.05258874618354753,0.98613942516486519,-0.15736409345956917,-0.9856838084330044,0.076537725385109237,0.15023117647772741,0.16019317578427264,0.1472107697431925,0.97604668725618138,-12.219342047113726,5.822008387976962,-5.1008692435764686,0.09706838433914465,0.1016119389179625,0.3448275862068966,1,5
0.54574380939519118,-0.75804036383935347,-0.35712532995732132,0.83768147388681957,0.50436961822791659,0.20952574189209089,0.021294196712501906,-0.41350464930750908,0.91025296604155193,17.891815202564906,5.2963731270403018,3.1387471181773945,,0.1336190996793324,0.125,0,5
0.29542253663616996,-0.91389715828147466,-0.27841966333665619,0.95296904568637208,0.26125608045727755,0.15360748154861095,-0.067642610912479986,-0.31070443271563847,0.94809663678329581,-10.822038397759865,-7.3822648835775597,-2.3907721603559953,,0.0825579839340785,0.3235294117647059,0,3
0.96723726660253762,0.085756037867953661,-0.23895181954620462,-0.038922498013977645,0.98018526633350367,0.19422122132009867,0.2508726952930585,-0.17855740150413518,0.95140955698610019,-14.501193718188944,13.907496026900855,-7.0614151338938775,0.1648338201529864,0.1152571650944312,0.2941176470588235,1,9
0.92128393682698784,0.32365682431547849,-0.21559723518307816,-0.27508180508508057,0.93423526442516103,0.22701205081577641,0.27489253946897479,-0.14983567925721281,0.94972804579301995,14.460083066824591,7.7941797357237457,1.7498777702090822,0.3951063059048696,0.3179099934448959,0.723404255319149,1,5
0.4379672445727239,0.87848089263889384,-0.19093458028798424,-0.86560011231709355,0.46942598934030022,0.17428621887147611,0.24273676737983393,0.088941339096357264,0.96600636641884274,18.472402578496709,4.3615573783635213,3.5028716802163764,0.1584342235373794,0.1036468883313952,0.4545454545454545,1,5
0.51106351804414307,-0.77522563284326551,-0.37126715274462563,0.85953366040992141,0.46293349980276327,0.21655129042027324,0.003995891222794601,-0.42978807910774153,0.902920948871058,9.1853267017365479,-3.4649404376899184,2.1315014702473949,,0.07522204643920385,0.1363636363636364,0,5
0.94225258035775872,0.23907570451010737,-0.23452693304211791,-0.19567459473353352,0.96132582064587013,0.19381465253022634,0.27179317096831851,-0.1367313938806331,0.95259277665875974,-19.052855948029521,12.400119294755592,-7.8128432993285628,,0.3963683955687707,0.3,0,1
-0.59197188923253119,0.78265399329363894,-0.19241104214672214,-0.80529481341866749,-0.58406865907463579,0.10180405182383249,-0.032703911684394245,0.21521275117491676,0.97601942905469941,-13.906020846032044,21.115309278782643,-7.5706718873097021,,0.1549059082029896,0.3636363636363636,0,1
0.13280048358079127,0.97361405303113047,-0.18557938274766253,-0.97488202815087832,0.162088743114881,0.1527490443304583,0.17879894504481336,0.1606328580824409,0.97068430612384382,-4.2339575278205324,-5.4346844235574983,-1.1473306478159773,,0.06864796201165925,0.25,0,5
0.43258392242044624,0.89450944725194037,-0.11280070407745163,-0.87168420708102445,0.44690537569862326,0.20110253180205806,0.23029935559802758,0.011332870276318028,0.97305383862478678,12.539209006063045,-3.4256232158267479,3.0838569882411409,,0.1294834888678989,0.1578947368421053,0,5
0.96544131021510404,-0.052818946158459792,-0.25521213814561161,0.11795408612303426,0.96176865461168015,0.24715964187811992,0.23240032292797036,-0.2687214430095789,0.93476140055622015,-7.4693076694984653,4.2195951482824112,-3.6602250430549645,,0.07475557150934745,0.3555555555555556,0,5
0.65795050887339646,0.7443212618953654,-0.11439836958510227,-0.70152343083605073,0.66104053705139321,0.26625229456818317,0.27379920354386639,-0.094927695986454091,0.95709076302796259,5.0072172486252926,5.083281202444188,-0.44861118449676451,,0.2675106737107089,0.3269230769230769,0,1
-0.16321593062640005,0.97155085970823052,-0.17160852831359305,-0.98126727337705733,-0.14181620818873816,0.13039440668266669,0.10234792713540593,0.18967627710171775,0.97649772745046304,-23.087743753168102,-2.4839338857114601,-6.2519671990979351,,0.07719788753327962,0.2727272727272727,0,2
0.9347017676888234,0.26906016782283443,-0.23224821112451358,-0.22597006020908711,0.954208720929137,0.19601849094379192,0.2743540365449178,-0.13073768773359884,0.95270012051934849,-30.360694652411716,-3.069032867223735,-7.9399972989133873,,0.258420650353399,0.25,0,1
0.81302936121673375,0.57240209408739917,-0.10648521251267182,-0.50150062223374969,0.78140565103559201,0.37135203571382686,0.29577082969534102,-0.24851770804914836,0.92236574366534585,-3.0806166411887999,-9.1346937328096356,-0.072341902815847486,0.5128131047360078,0.4536439889221505,0.3461538461538461,1,2
0.78645249993270361,0.60024964849614582,-0.14557755606499143,-0.5484200654845357,0.78705072865265446,0.28246518776880292,0.28412655124704578,-0.14230780023449416,0.94816696465806083,11.425895737436523,7.5666246136262831,0.94814014808711489,,0.08276068064552569,0.32,0,1
0.92983062347744427,-0.2157038466685387,-0.29813899807965977,0.31463144688608036,0.88619086192150909,0.3401070550241278,0.19084565563281608,-0.41004585936113186,0.89187461503670551,5.2792532475313729,-6.012864867086896,1.5220447445589818,,0.07964807669134591,0.3703703703703703,0,5
-0.81606448353237659,0.53239787520741766,-0.22492501237448387,-0.56392719219889054,-0.81871677648495789,0.10811550212968563,-0.12658941747124916,0.21507055209094897,0.9683593222598641,-7.6314240758572955,19.044617937792815,-5.8896533802417261,,0.1415317914994856,0.6470588235294118,0,5
0.81376898787758445,-0.51749761122426741,-0.26453025676823583,0.56934976243563595,0.80123003230725531,0.18404152613852984,0.11670853603390247,-0.3003775253012303,0.94665329445934521,-14.282266485001601,1.8797634206529887,-4.9508441113282906,,0.09056781732449504,0.3541666666666667,0,3
0.81291763661390604,0.54076947469499448,-0.21617884105564497,-0.50728509779073139,0.83983281303465096,0.19324253079939033,0.28605374607145062,-0.047425956905530357,0.95703920137582921,8.8382652464257863,-8.6072415173603058,2.9345523360283661,,0.2206655589034322,0.8924731182795699,0,9
0.95398132459375728,0.21192101113877176,-0.21215352310122523,-0.12119010149597603,0.91961564354572067,0.37365763399853918,0.27428560229391652,-0.33075149762912909,0.90297887859592407,20.684531298532626,-1.9869456290808176,5.1958367862504637,,0.4801488441859491,0.3333333333333333,0,2
-0.23644109513045777,0.96448878933982951,-0.11771569042103094,-0.96808747459686029,-0.22348108057648647,0.11341449710261668,0.083079781307989167,0.14077493335873464,0.98654962778142108,-24.842700062816579,-2.0458088233015661,-6.7374512092386691,,0.6622232787038794,0.5238095238095238,0,1
-0.16070688730012389,0.97307349377349883,-0.16523096589242262,-0.98265599914110857,-0.14204835987024186,0.1192034010008317,0.092522882176768115,0.18152200740850111,0.97902465602256039,4.6021728773013182,-4.0746165216614108,0.85767705605127165,0.7316189589292004,0.5852527900073219,0.4420289855072464,1,4
-0.96804264395688766,0.053241029391989866,-0.24506903572307731,-0.081295916494419113,-0.99105663080168915,0.10581932009485023,-0.23724336332612161,0.12236072626985021,0.96371335947180048,-24.868179676698038,-8.3289737667272554,-5.6028310583767782,,0.09702069025961073,0.1,0,1
0.34909093945482222,0.91608408787626727,-0.19729536216155191,-0.90949722213017103,0.38193197079046287,0.16414253752643373,0.2257217732697786,0.12213891119549632,0.96650492365219032,1.6356644765547677,4.1003148493182948,-1.3045410437331697,0.2465265174423272,0.1955359151759893,0.7388059701492538,1,5
-0.28456841934946625,0.93238059213179991,-0.22290636178651774,-0.95649536327086304,-0.2605437991973103,0.13127661155427747,0.064322894448923959,0.25056607933993624,0.96596025028669086,0.36840516015950714,-8.6570143323268791,0.74985301305719687,,0.07720115885478762,0.3055555555555556,0,4
-0.93978949193580563,0.27725006867095231,-0.19982019484775035,-0.27159933890706428,-0.96079590782944424,-0.055722729684036597,-0.20743555614283282,0.0019033970018928596,0.97824683343600283,12.980769757931933,1.6039968023794158,2.4047995380925453,,0.08890497054531706,0.2962962962962963,0,5
-0.58892265214733319,-0.74124406730387804,-0.32206729494712011,0.76616084406164842,-0.63888711457881497,0.069432095257873569,-0.25723077345934625,-0.20586521685792433,0.94416727420174129,-6.074104276736942,14.775042260839216,-4.9317643711733057,0.7328008661077011,0.4508172696769572,0.8032786885245902,1,2
0.069870151482725865,0.99275872181452529,0.097715311967824459,-0.98392762686197877,0.0524477684352418,0.17069170068845232,0.16433072454514971,-0.10807104999652564,0.98046726672699913,-26.290576487408384,1.2378352386932769,-7.7214154615092072,,0.3546830820224638,0.2222222222222222,0,1
0.95069268620256642,-0.17601674412096643,-0.25534588735674757,0.24634520301451865,0.92876718199698383,0.27695769098748452,0.1884076892079678,-0.326204885669172,0.92633304767393354,5.1859249851813347,16.931835060447046,-2.3515247448903458,,0.5279299762580416,0.5217391304347826,0,2
0.14905591933418161,-0.83654051705045573,-0.52724026424809234,0.98293564026993485,0.067222972090044783,0.17122674764917611,-0.10779545444301232,-0.54376560700023802,0.8322854706439895,11.061585166772883,-7.0069390890382808,3.3063402889067151,,0.1796353799324096,0.3076923076923077,0,1
0.96583493881271398,0.085244487061461871,-0.24473710056767009,-0.045855159589064387,0.98566646992581008,0.16235428667902227,0.25506896186659617,-0.14558498373671985,0.95590001422882942,4.4976591632200176,-7.6341814219513298,1.6369966291610496,0.3681492518253733,0.3247854815319774,0.9041916167664671,1,5
0.38129063660989648,0.90645102695996638,-0.18155986934574211,-0.89576440316401551,0.41081091957886068,0.16982497572202618,0.22852480053122404,0.097882194897713784,0.96860492021472344,-17.080096243938829,-0.43693163417762493,-5.214600931574056,0.3011650378929585,0.2751774225586356,0.7011494252873564,1,3
0.50844718075108863,-0.78851592512332935,-0.34601170531236564,0.86107759810025608,0.46800160997264562,0.19879603394662293,0.0051801965372976341,-0.39902021112960334,0.91692749804655926,-21.888417188285864,3.1644462734756362,-6.9722158005033465,,0.1756506780071584,0.391304347826087,0,2
0.95875968511953913,-0.14035175050532106,-0.24714621647837387,0.23045746986025648,0.89281722230059513,0.38699710870891529,0.16634067685052903,-0.42799391782307272,0.88834226823413365,21.766689824706194,-3.3819372889012489,5.7261265323866626,,0.2558588419726625,0.2631578947368421,0,4
-0.29426151124030242,-0.86334260665197537,-0.40993866192632472,0.93474489165921404,-0.3493625371522841,0.064790471147561216,-0.19915358525413837,-0.36412272817539304,0.90980903947286151,1.2428935552744846,16.975835815145967,-3.3969544990651417,,0.3569190729861234,0.3823529411764706,0,3
-0.23254366799438883,-0.91298802112842392,-0.33522576832892736,0.95248931351061805,-0.28348876849438914,0.11134732051381135,-0.19669151004501007,-0.2934058476130611,0.93553485154892779,20.25730855098637,-3.8790161225837796,5.3157999502876798,0.3156788671660382,0.2330078920889875,0.3157894736842105,1,5
-0.64266481989279978,0.74389867099372942,-0.1832940167215468,-0.76394363592650139,-0.64034004279870571,0.079716690322347239,-0.058069358525409218,0.1912574100062929,0.97982067375521931,-1.4296626409342159,3.3911172005894086,-1.9918195684987976,0.4238117557585013,0.3210922356322261,0.4741784037558686,1,5
0.45101375646566527,-0.81026287935302388,-0.37424678732258676,0.89238019871530938,0.40204438931362535,0.20498265771098684,-0.015626017392643805,-0.42642042090404381,0.90439009957897221,4.2138876269090222,9.4238642847304508,-1.3371058000155294,,0.2815238458438987,0.2444444444444444,0,2
-0.51859489145078153,0.83136436400524838,-0.19973140169563156,-0.85498721371595243,-0.50627582254494752,0.11261285845173179,-0.0074968622359741742,0.22916824773206776,0.97335795640043377,-6.0238574255718174,-6.1846445191289821,-1.4416475934898334,,0.09270875716448512,0.3631284916201117,1,6
-0.27693428868470432,0.93934646242620601,-0.20232553787910942,-0.95855179152054804,-0.25539051074865482,0.126309738311387,0.066976583396339023,0.22891900433759377,0.97113862384812988,-18.249752878252465,4.4345894759568703,-6.3096368275308823,0.4200535622810688,0.35090132401242,0.71875,1,5
0.4448117787897608,0.87048115541648008,-0.21072503295688239,-0.86209002656440237,0.47991699580679809,0.16272818819727083,0.24278234603874621,0.10928053440832028,0.96390585497306458,-15.955397735044858,-6.5697958371631779,-3.8217781060757972,,0.07603116740753971,0.1627906976744186,0,1
0.66829059705689775,0.72073932476395108,-0.18418062771132715,-0.69138221988511173,0.6931495937394575,0.20379957489052727,0.27455109526656374,-0.0088581283366417213,0.9615317101636851,15.976803321425392,7.1529925778554535,2.2611199215200193,0.6669190451190855,0.4835390534616682,0.4736842105263158,1,5
-0.85822459668855011,0.46666366486923927,-0.2137184258073869,-0.48546515826621717,-0.87320858488885544,0.042782559366651464,-0.16665569821741472,0.14046989416673819,0.97595803551405469,21.218979545345867,3.5525388799983992,4.424377574271892,0.6138994645906329,0.3895168305368162,0.375,1,3
0.88910056423023476,-0.3384889484789545,-0.30809968913176522,0.42694952036445999,0.8559286665990028,0.29171942814048407,0.16496755361596474,-0.39091092265587218,0.90552435461576541,-16.285652091171468,6.6917600746245149,-6.2650199010042593,,0.1114528061931616,0.3333333333333333,1,5
-0.92074364335945091,-0.27164113096218323,-0.28007541695541355,0.27388189871037255,-0.96123400200599918,0.031904528617894175,-0.27788459614013156,-0.047331695058542254,0.95944768584374585,-21.466473752861027,10.697724530657029,-8.054703488765286,,0.1390822734930359,0.3333333333333333,0,1
0.72583464661243269,0.68747838520577753,-0.023184815113823736,-0.62813772730132689,0.67616778155956758,0.38501964459172394,0.28036950853780362,-0.26489734059757947,0.9226171132309442,-5.9589833235732925,-12.997670107230894,-0.080642521649075052,,0.4366918145450766,0.1666666666666667,0,1
0.95809396623615051,0.15238334169479184,-0.24255982568391488,-0.11238707517736593,0.97883771682481313,0.17101423757764961,0.26348642696533714,-0.13658711979947466,0.9549444284930535,-27.66877334638507,-12.418501441890525,-5.5710874969529671,,0.6020602116756416,0.8444444444444444,0,1
0.18237711407463647,-0.86578867580720942,-0.46599201399359597,0.97872006303788439,0.11452199671354985,0.17026964049959917,-0.094051190683202404,-0.48712901895980537,0.86825093862219982,-1.8726641617218145,-11.130951996413508,0.59073530316109713,,0.7542428213023099,0.542713567839196,0,4
-0.96623463368575779,-0.032865811265043024,-0.25555913428410471,0.0093712465424185629,-0.99565801170451285,0.092613732604070534,-0.25749332497055483,0.087091688343421389,0.96234724783578063,-7.6792417850673003,15.422389255474261,-5.4910466911204825,0.3697249377894639,0.3586189495251343,0.9578947368421052,1,5
-0.27934989223960327,0.95523000806174818,-0.097464195498018338,-0.95750712035217367,-0.26954894673082597,0.10258401333147142,0.071719956641169688,0.12197949423840143,0.98993800351574213,6.3944799984895306,-0.44904405959821092,0.71859224236461461,,0.09951236164509858,0.3488372093023256,0,5
0.49710054416783606,-0.79989686577552466,-0.33623808991625792,0.85473626824594262,0.38470098116368012,0.34846960676176902,-0.14938862317138241,-0.46061932136439332,0.87493592911296347,10.410004849505066,-1.4023766905032511,2.1168880858728145,0.8014607599266784,0.4679762704837387,0.2727272727272727,1,2
0.95368052325270791,0.17545158916324571,-0.24435670530708559,-0.14057276860411461,0.97807634017823364,0.153642342830769,0.26595630523718794,-0.11217581131262289,0.95743607152693977,0.2078096776280704,-2.179895695073276,-0.68253203653224748,0.1844932422924635,0.1660765685175813,0.7287234042553191,1,5
-0.4100135777593194,-0.84641379537926476,-0.33981252632101883,0.87092252592935226,-0.47397997560413985,0.12975722159147055,-0.27089263534072217,-0.24274816110110836,0.93149906623688628,7.3788713435875195,19.165016222515455,-2.0715127620421936,,0.280772330710333,0.3809523809523809,0,4
0.27149850858113145,0.94050963985233071,-0.20427965435417203,-0.93933144758623432,0.30517347836556125,0.15660644839154447,0.20963060705386147,0.14936788626442785,0.96630442570606379,-16.486701660214798,-7.1774154364198957,-3.8823958688780902,,0.07310435564851689,0.2592592592592592,0,1
-0.35026916341959635,0.92162269670270136,-0.16710211871719799,-0.93537195415820096,-0.33486670409919705,0.11376993390175251,0.048896017543400346,0.19615273489855087,0.97935350311325997,-26.377322895059628,-5.7604777732183674,-6.4720158850735094,,0.794035670575387,0.68,0,1
-0.96891762111509727,0.0070043170121383176,-0.24728441729283276,-0.019900079007962507,-0.99856647850062286,0.049688780125332392,-0.24658189379623813,0.053065314076713506,0.96766804333604084,-2.5144003587706343,8.9687401928089461,-3.1150063693677188,0.7063957541765635,0.5672349391723159,0.8615384615384616,1,5
-0.13418912427619911,0.97907157194536865,-0.15301024780848257,-0.98618274671202988,-0.11680474773349468,0.11747442698065173,0.097143548491418694,0.16665985694023955,0.98121741885840752,-20.370921616004555,3.1766466660592152,-6.5633283845906529,0.2158107951997444,0.1982476543377985,0.5873015873015873,1,3
-0.38180125162735912,-0.8730424345946779,-0.3033557509802276,0.89430120624769427,-0.43183436931895636,0.11723664093966757,-0.23335200183349464,-0.22653031777644056,0.94563780506513362,1.3007251282592789,-6.0580235555036186,0.44163696984675355,,0.1156667943279636,0.2436974789915966,0,5
0.055767878920230836,-0.90253148394851646,-0.42699749901191181,0.98957133193202607,-0.0069237458245567096,0.14387717248414711,-0.1328101001393138,-0.4305682085633426,0.89273316006270265,-32.558739181634294,-2.3322474740961221,-8.5393494286838809,,0.1962304990861628,0.4,0,1
-0.94230662151953271,-0.2194030172420004,-0.25282513139628843,0.19544277441153982,-0.97375931644810387,0.1165972365060234,-0.27177261262085256,0.060457502889452105,0.96046058605942175,-17.637039845650058,-7.7139506497101191,-4.0175748017433923,,0.3664073983800555,0.9130434782608695,1,1
0.15405935268748505,0.98756303395973477,0.03138422861499976,-0.96861255285971726,0.1446794202191837,0.20213259956677934,0.19507803129029214,-0.061539575244604419,0.97885516925979354,-10.806391357134487,-12.899813565351872,-1.3500860764870994,,0.4849660589805733,0.5,0,2
0.17323492414528452,0.97977126699381301,-0.10018944769643254,-0.95755887017243169,0.19135024408421866,0.21555995510067816,0.23037072559349628,0.058594781868768993,0.97133721246911842,23.86470178830653,-8.6197902440498133,7.2023178213193573,0.4356804638664742,0.4542006859714857,0.3478260869565217,1,5
-0.31809959497049822,0.94634856604835849,-0.056894984118306763,-0.94638777154539389,-0.31340715990319024,0.078269649231110516,0.056239074929713702,0.078742260950734153,0.99530740115374305,-19.94044741591529,-4.228807438970354,-5.1716647342545023,,0.08342582275311383,0.3103448275862069,0,2
-0.60101297326201009,-0.70733719833285447,-0.37209876891141014,0.73496824883647749,-0.67204819792204462,0.090404053404561271,-0.31401445694904068,-0.21914677164941515,0.9237800676041017,1.9981617077021034,-3.6325507477181751,0.11337106568900882,,0.3986830828560574,0.2932330827067669,0,5
-0.062300049250644703,0.98515453438212508,-0.15996639412609606,-0.98924507196746425,-0.039699819372113046,0.14077681602418715,0.13233628168969191,0.16701636964130157,0.9770325689660434,-0.96356087027119808,1.54112293977155,-1.6393677166428611,,0.06950556118138422,0.2397959183673469,0,5
-0.88921108403324667,-0.37288183138034692,-0.26507128825819076,0.36018689151574934,-0.92783226633944083,0.096915884764256,-0.28207986672685487,-0.0092965243965275751,0.95934588310030511,3.5590049026326032,-4.0237270373540923,0.585306525506474,0.5224725222203337,0.4148890805857927,0.8365019011406845,1,5
0.95777325722423801,0.19060670303324312,-0.21526605051626563,-0.11506006567859209,0.94020923410812418,0.32057413711005034,0.26349870783765234,-0.28226880957096961,0.9224384803938287,-9.8239786619094804,-6.4349321330221345,-2.3522478159482132,,0.08331982935491777,0.3478260869565217,0,3
0.08691834408463156,-0.88862697399041368,-0.45031911191756729,0.98839122920638212,0.020380461203671721,0.15055701521026096,-0.12461131364961502,-0.45817762701573123,0.88008254306783651,10.753993852395583,-7.9010509901026689,3.4055336025839837,,0.2101565432081045,0.4285714285714285,0,1
0.95384678194295636,-0.16059926234063826,-0.25374040575499318,0.20998439476666625,0.9607528285043756,0.18127480926846559,0.21466921188550223,-0.22618991899835972,0.95013433261406377,7.7361778790767053,8.1008965200011218,-0.16821324169101584,0.1964285395940424,0.1476166673599944,0.4137931034482759,1,4
-0.84905139303265953,0.48189500174539446,-0.21653853994637137,-0.50840749557943266,-0.85672211788726937,0.086885160766386971,-0.14364383184790547,0.18385978357312913,0.97240013860369867,2.3781426250023445,-9.9543909600425931,1.4921575764269988,,0.06676646359573568,0.2105263157894737,0,4
-0.73175039870327618,-0.53804306678150882,-0.41839098016800569,0.62184828668378378,-0.77832634863784234,-0.086676429117299461,-0.27900907215723003,-0.3236012257461835,0.90412177517717629,30.062684746237526,11.420717201269253,5.549306736104139,,0.4445302028277051,0.1666666666666667,0,2
0.96620403189267423,0.012541829968166877,-0.25747324376600533,0.066960499292234077,0.95231852420208263,0.29766712951903357,0.2489298300503055,-0.30484771766017205,0.91929419053342709,18.228986377617701,6.9708682816648606,2.9104316706137543,,0.6691570864280969,0.660377358490566,0,4
-0.23247097857315285,0.94908748574393043,-0.2125798403553513,-0.97035691085816078,-0.21147963828593691,0.11697789594730262,0.066065949407008565,0.23347228314023749,0.97011647926124633,5.2463110702206635,-10.636354001115148,2.4482625312667303,,0.1007025367951315,0.3103448275862069,1,4
0.96621183034192404,0.091624173252429664,-0.24091432041934688,-0.013605700682382734,0.95151201263481111,0.30731055094251275,0.25738994505661722,-0.29364928177582533,0.9206087743967527,18.328100533964957,18.539096759145046,1.1175608394089802,,0.2776362354773248,0.2380952380952381,0,3
0.54873812804693567,-0.74102452180049205,-0.38700016139259791,0.83579675114310026,0.49634907823626839,0.23469423365870121,0.018172991118231178,-0.45223915202507459,0.89171155188741258,6.4562914054941896,-13.945412235894516,3.3706936119426851,0.4083834026972755,0.3293434040246958,0.3333333333333333,1,4
-0.15272105948073486,-0.85394357419682443,-0.49745014833552392,0.96832434763528008,-0.22991572470798563,0.097399780845293715,-0.19754552834167441,-0.46681809264418483,0.86200732747016362,-4.8153812591211507,-10.89797273166303,-0.20293580860878768,,0.5593810879234995,0.3529411764705883,0,3
0.77835867770917888,-0.52161438473247479,-0.34939405042871097,0.61837138170493011,0.73314229273528009,0.28305337463311142,0.1085108433436703,-0.43637233212363341,0.89319907335029569,-22.836428849669399,-5.505017380746259,-5.6610176054117929,,0.513698033639582,0.1,0,1
-0.96695958060283771,-0.03473413453663151,-0.25255238937372271,0.0078172774572864336,-0.99424861081057447,0.10681100165432254,-0.25480984999316864,0.10130764926319767,0.96166974609125799,-17.908447589136525,16.746988257948871,-8.1255362432537268,,0.1069942663421172,0.2727272727272727,0,4
0.95733222716573252,-0.14477349125362526,-0.25011126136208911,0.18921204177841661,0.96817480342822504,0.16381804922767557,0.21843491038737722,-0.20415236035117232,0.95425782872717579,3.3417733180528209,7.3030771085459127,-1.282940998914339,,0.09037801812011934,0.3703703703703703,0,1
-0.39756745823470385,-0.86305668084143994,-0.31156585468846676,0.88714421781298958,-0.44826485248698772,0.10969849053564379,-0.23434003702691658,-0.23279129640039584,0.94387126207255978,-2.2853664069805895,15.937602076492013,-4.1742995951312416,,0.2960122394039243,0.2105263157894737,0,1
-0.44031971357463356,0.87998033200521109,-0.17819417813595412,-0.89773881734426964,-0.42851635603751465,0.10217019350886546,0.01354864092304923,0.20495938107909448,0.97867670169306153,-12.897469661036711,24.43947778761364,-7.6942755045535138,,0.1760811032388401,0.1578947368421053,0,3
-0.96823088824383097,0.014814493817940311,-0.24961866481391085,-0.02382245582443298,-0.99916794928740793,0.033104376074593968,-0.24892054485127244,0.037999209066945254,0.96777818866785326,-8.5520577939322511,20.352471910617822,-6.2555764607471671,,0.2041701926782395,0.25,0,2
-0.71250330379136284,0.69718800926096902,-0.079170207964367662,-0.69711183957568945,-0.71619394805038006,-0.033186019637936257,-0.079838118776638212,0.031545340681915675,0.99630856980730154,-18.539720422997163,-2.7457127253707352,-5.1303655962258761,,0.4974872959992033,0.2571428571428571,0,1
0.70141899746762215,0.68764947697350254,-0.18748223065022365,-0.65619097762444145,0.72570887456852984,0.20678498556896585,0.27825310577924406,-0.02201876905155942,0.96025537381139303,4.4628668415780934,27.334783589349041,-3.6903213825619066,,0.2888167351931522,0.6,0,1
0.29343925388174846,-0.88994338669677919,-0.34913345980583271,0.95326985645839857,0.24492725770272519,0.17688193577075215,-0.071902608082798067,-0.38472250637165889,0.92022747624812939,-16.966141316179556,14.334660625136818,-7.6739878320174704,,0.4959528894792602,0.2142857142857143,0,2
0.17436978172049344,0.96440967865661165,-0.19876908948877753,-0.96542982103017461,0.20716137082772068,0.15820691230924047,0.19375355451808246,0.16431110172544588,0.96719254647736896,3.9898874671448921,-13.438711062417374,2.6241654925583515,0.1717793243953954,0.1627978573896606,0.3043478260869565,1,4
-0.83534459018070306,0.50218110995238019,-0.22363709098186285,-0.53275090288739535,-0.83984835973892691,0.10407309026112331,-0.13555770405439757,0.20607975507271525,0.96910022362017378,-8.1708425331060415,-6.5091070907458226,-1.9087942955343546,,0.06908192169111516,0.2307692307692308,0,2
0.71192293575146692,0.67572014146718629,-0.1912276757338677,-0.64637657020907813,0.73695875243820053,0.19770970307366847,0.27452333787086275,-0.017148983068845648,0.96142750602629579,1.334837697738894,-19.638919891069229,2.9914291529494252,,0.4943169134943255,0.3846153846153846,1,3
-0.73787068008831058,-0.6132785554068767,-0.28184441265362858,0.63238280689782045,-0.77411834075797059,0.028857928584032251,-0.2358788778293818,-0.15694014139212936,0.95902604084235921,-23.140543308231528,10.324674701545142,-8.4527406663213078,,0.1861420341759582,0.5161290322580645,0,3
0.87271936706435493,-0.38641909657012868,-0.29839770132612875,0.46263615261502228,0.84980528312040748,0.25258418611269789,0.15597659005235973,-0.35848467552542573,0.92041297294696367,18.236369664751873,-10.346988668518112,6.0003721501292899,,0.1916493368242187,0.3846153846153846,0,1
-0.024570224965631073,-0.94760374510371115,-0.31850187803301933,0.98788177337979388,-0.071854838595356851,0.1375735584857434,-0.15325112028671542,-0.31126198681473666,0.93788595772354466,8.9584191367215649,7.7397518584888791,0.23672750211382629,,0.3367451410349761,0.3461538461538461,0,1
0.94103530196039875,-0.085290882234470039,-0.32738055206741629,0.18168961627593741,0.94371337976105985,0.27639453720625401,0.28537947333647379,-0.31957866366142546,0.9035640729525346,18.888207060769062,12.784521494524689,2.1398742663785417,,0.2233534275377361,0.2307692307692308,0,2
0.32856538931111262,0.92291225827930945,-0.20069316995010533,-0.9193611223703605,0.36120399272865666,0.15590638957652475,0.21637909238359321,0.13328405439009358,0.9671687801126494,9.0755011145695068,3.0243665959489188,1.0309705484880927,,0.08841788792645792,0.2916666666666667,0,4
0.46009042471763728,-0.8396664690069835,-0.28857758386348564,0.88398913219724351,0.40284385424140862,0.23723415280496538,-0.082945857282368585,-0.36424861005262565,0.92760063326542697,-7.9523568165069518,0.61884875654964644,-3.184579100216391,0.5633124957727481,0.1975197811563842,0.2417218543046358,1,3
0.91343529967646386,0.34426388315633394,-0.21706757486803951,-0.29280015686111943,0.92633205812659791,0.23701684798563721,0.2826729938410702,-0.15294213559730649,0.94694492010457643,14.80825513017782,-8.9725244633132277,4.7372642998454788,,0.08731990273230499,0.25,0,3
-0.039864687752804939,0.99917995362376322,0.0070870972044801347,-0.989777302258396,-0.040459589212760452,0.13676225200992698,0.13693684166236444,-0.0015626634791471518,0.99057854785897093,-11.060165139854487,21.003534641924148,-6.8998480210538196,,0.6255162505562705,0.2,0,1
0.083971496917654931,0.99290214868733329,-0.08422654473195923,-0.97974907364315489,0.097685759154800891,0.17478342356679585,0.18177057077752717,0.067844053464004558,0.98099777981847891,12.084640625602248,10.024515639795897,0.75255163686875515,,0.2818907999250442,0.1304347826086956,0,4
0.22037886482861288,0.97387303437838302,-0.054813035379302731,-0.95494362518239728,0.22686517128600034,0.19135011570645755,0.19878588647173367,0.010173837428149641,0.97999013483383213,19.52161050908445,6.1163132102418807,3.4828559205931091,,0.5051774303403164,0.5909090909090909,0,1
-0.91789170312478252,0.36214571378312727,-0.16225074213449561,-0.34458193948108407,-0.9301605094002301,-0.12674665177336272,-0.19681998963047387,-0.060431024654665814,0.97857548658294424,7.7025719917282869,-10.435181536062226,3.0391133759531512,,0.3754209027521472,0.5185185185185185,0,3
0.90828586994954097,0.35129332275863961,-0.22717785947402547,-0.31069620512742013,0.93007910032811858,0.19601207935292722,0.28015111381078922,-0.10745170318814186,0.95392320703112254,16.126563638398455,-6.8172816098153,4.6990510697921151,,0.0698035758054651,0.3125,0,1
-0.17073794242609333,-0.86986177997208947,-0.4628056166036576,0.96392579460634287,-0.24479960401269862,0.10449983908004819,-0.20419504770839594,-0.42826818422457402,0.88027878815313476,0.57725054329508807,-4.8606629204530689,0.01816560594360625,,0.3837243012478426,0.3257142857142857,0,3
-0.31204732467622803,0.93725330030268961,-0.15550793624160905,-0.94954706800954258,-0.30225840674247706,0.083667324493972114,0.031413894965271937,0.17377026968159681,0.9842850504695756,16.699443579017352,11.970732298881117,1.7027862751299516,,0.08112521063841799,0.4090909090909091,0,3
0.93181218114801623,0.27819079744437264,-0.23310070630832744,-0.23662984817248592,0.95264177658774929,0.19099727865496927,0.27519515624015511,-0.12281500607418357,0.95351145785719604,-6.9491564208051129,14.901479439365403,-5.1909167926088289,,0.06788980788104693,0.4375,0,1
-0.95776579618122681,-0.0012427594024956008,-0.28754675309313849,0.02516841329286203,-0.99651512886670301,-0.079524517679116793,-0.2864458598717366,-0.083402958513735997,0.95445938408792197,-3.7670962126549541,14.918889396155418,-4.4102970201997902,,0.4291646918577454,0.3265306122448979,0,2
0.12131309977519381,-0.91907042772635927,-0.37495690512620294,0.98682543900897135,0.070932937543379079,0.1454100109903643,-0.1070452462638331,-0.38765715168219655,0.91556717285077494,12.19674426899924,11.45010430022127,0.50004576967434289,0.4885458467564374,0.4361746456252093,0.6551724137931034,1,3
