axis_00,axis_01,axis_02,axis_10,axis_11,axis_12,axis_20,axis_21,axis_22,location_x,location_y,location_z,dbh,dbh_approximation,score,reconstructed,number_clusters
0.89946630796585669,-0.35460552582520283,-0.25537282918999732,0.41519369094837466,0.87574608327701575,0.24633919018628103,0.13628851687114951,-0.32760298942347682,0.93493407333879186,-17.504213230034914,-0.43240450243009465,-9.7267818996159967,,0.07551335162565297,0.5,0,2
0.3566733300841789,-0.90909377670237235,-0.21525018180637945,0.93388767562359987,0.35317932644890265,0.055840600708164288,0.025257571637266722,-0.22093634497319892,0.97496112052987627,10.718751244098486,7.1261182268422605,-5.3056004228175864,,0.09416960153253605,0.2352941176470588,1,5
-0.45626344011276365,-0.84556698903035232,-0.2772005416275593,0.8815009174879852,-0.47205470335939892,-0.010976771115009994,-0.12157222414806776,-0.24936083112312471,0.96074937950397776,-19.228767451517832,8.6684760642504237,-10.722553051026162,,0.1846440469352456,0.3142857142857143,0,3
0.66337216650697062,0.74352009984993339,-0.0843518216933941,-0.73607500453599428,0.66866897958262828,0.10523964766789924,0.13465123987986582,-0.0077237855403001158,0.99086295053137574,1.3480353628600983,3.9069330022232744,-6.7838452687257984,,0.07375517518135302,0.3361344537815126,0,5
0.50059753776909555,-0.83004068575095336,-0.2458344263475033,0.86484488463245501,0.49199688557812638,0.099911911734784475,0.038018820399827673,-0.26262430310142859,0.96414887061900079,5.2281592771064549,7.9193196883334664,-6.337551035323683,,0.3289447989953533,0.5391304347826087,1,3
0.2081842502167186,-0.94897291816093843,-0.23687490065182812,0.9780896107436875,0.20194300090112915,0.050593850834920483,-0.00017696599202670694,-0.24221772227514088,0.97022190435945033,-9.7475839693320658,6.4886081333648464,-8.8920699662516309,,0.07069481048523464,0.2241379310344828,0,4
0.6634512571782748,-0.7089585940326345,-0.23918641536642163,0.74302731781465503,0.66187083255423573,0.099183698232741382,0.087993376624195235,-0.24352558995151702,0.96589463851345603,3.1890938932914183,-5.8150216882122852,-5.8556008726431106,,0.1066764727932775,0.2873563218390804,0,4
-0.5112140467245978,-0.79399877101139149,-0.32897743093388748,0.84832616759713386,-0.52756097709038108,-0.044968086699363356,-0.13785104933013681,-0.30206848078513981,0.9432665164812849,3.860642766142842,7.751783481433697,-6.5979331285138931,,0.3650827051496015,0.3974358974358974,0,2
0.60009007623270494,-0.74094283067938949,-0.30148900821064695,0.79100137667196357,0.60579367519670968,0.085620355025669323,0.11920034609884506,-0.28985814592051179,0.9496175718327029,-11.075057458741671,-13.01144360954965,-7.8588682049672212,,0.3386024235707479,0.2325581395348837,0,3
-0.12663259327408782,0.9918123028150071,-0.016508855365317376,-0.9917535428517521,-0.12625906476568161,0.021989970566000137,0.019725530707121932,0.019157362795774093,0.99962187795637725,3.4540455712880709,11.711663607983915,-6.9808768729115345,,0.4749782784924824,0.492063492063492,0,9
0.96449864315900613,0.22743472806124163,-0.13422299287434475,-0.21624809449120802,0.971905265171357,0.092935015796612966,0.15158868352670299,-0.060610230191809944,0.98658363610123712,19.984907905056737,6.6284198733554049,-3.6209775803691056,,0.257693876371474,0.6785714285714286,1,5
0.96881631126671541,-0.19029668499894342,-0.15868877308104418,0.20916995926094478,0.97143454401535811,0.11208414177057822,0.13282651529844819,-0.14178186898219855,0.98094598141874534,-18.484323149238083,-1.598538032996438,-9.8160585961105618,,0.1498081960862699,0.1538461538461539,0,2
-0.9281670421367445,-0.33060140583074721,-0.17090539006673816,0.33371552631002005,-0.94260935585177874,0.0110249607856079,-0.16474188717735558,-0.046800776953289457,0.98522575985700633,0.53383211524705787,1.2511005466698322,-6.7459018638842565,,0.1192758131879645,0.6062717770034843,0,5
-0.78829351304030759,-0.57794012508300552,-0.21113632827538767,0.59628266895040805,-0.80219786360138845,-0.030423121844211424,-0.15179036862709822,-0.14987928293266431,0.97698305232979454,-1.5888969136815136,2.8267464197391328,-7.2413375588710425,,0.07209211231852233,0.32,0,5
0.87595645622234197,0.46885218701378151,-0.11348089502110736,-0.44841115620582955,0.87813156944613924,0.16677044621938475,0.1778418448862602,-0.095197549729263781,0.97944356893748463,-5.840918549728193,-17.691366963199116,-6.6964936101813564,,0.1879760378383817,0.3333333333333333,0,3
0.065354427128627435,-0.98006148757208889,-0.18763869385782803,0.9976021285400295,0.059879680717792899,0.034704711056799051,-0.022777005665575563,-0.18945686689882196,0.98162482833198095,-0.54530925146998588,3.68860968471675,-7.1163979230921228,,0.07985897078454658,0.3865979381443299,0,5
0.55442219647513102,0.82041679909524823,-0.13975801879676969,-0.82377040472316676,0.56488036288117294,0.048088417872334074,0.11839910623784809,0.088467233445729487,0.98901729016662676,8.6125212968121616,3.2221940163145502,-5.4387562285402593,,0.1425278899646422,0.64,1,5
0.93888493356456426,-0.29305959609010329,-0.1805855881984236,0.31279553041035524,0.9453416255932916,0.092131249182556205,0.14371512683350185,-0.14298700661297645,0.97923474114182263,-15.496528648768205,-2.4612401788103209,-9.2466136466059741,,0.07596876262876708,0.21875,0,2
-0.92594155560171187,-0.32063829532887667,-0.19955780911423543,0.34046844866328529,-0.93736669902536995,-0.073653968142229659,-0.16344256200481386,-0.13614240752562287,0.97711400245745617,3.6666026916072725,0.47164235505824131,-6.1271372410425196,,0.1418688234069065,0.3790849673202614,1,5
-0.88822956697238797,0.44532986105234623,-0.11282531281207638,-0.43983810285690816,-0.89526562857256731,-0.071006320646842189,-0.1326298595010966,-0.013445041898946372,0.99107444282306867,-11.722981881993713,3.3983990766945582,-9.0202944591789826,,0.7727046634787396,0.6502732240437158,1,1
0.97361225781011518,0.16308182023774984,-0.1596354952691679,-0.15681458012024269,0.98630074878292417,0.05118613495815922,0.16579613657622494,-0.024802275262265097,0.98584810606817785,-13.307002266875935,9.9910188513408045,-9.7971397447450901,0.1460942682827744,0.08603964862824656,0.3333333333333333,1,4
0.1181084764278451,0.98606216719150375,-0.1171827215484008,-0.99189588831984821,0.12271786715414783,0.032907017721415091,0.046828778865925895,0.11234646195912788,0.99256502958506165,-24.133546764531687,4.2429845733542964,-11.195377377774772,,0.0923907804872382,0.1904761904761905,0,4
0.77926525442913908,-0.55832427295387277,-0.28463954305405104,0.61724863315788503,0.76234608555311134,0.19450596573516998,0.1083964395366024,-0.32726510976940054,0.93869471066125143,8.1085531500576717,-3.8283225916581163,-5.0886999772049935,,0.09260654598593077,0.2619047619047619,0,5
0.0044517537571544365,-0.94979165827951084,-0.31285138284997799,0.9974684483124785,-0.017986183410747082,0.068798196396505043,-0.070970955394321508,-0.31236565603307431,0.94730714154462359,5.9427403983833855,-6.7123344836682239,-5.2824328054215739,,0.3409300756486394,0.4333333333333333,1,3
0.0023807139756283884,0.99724445315389587,-0.07414737254114058,-0.99984744661131453,0.0036568312503792084,0.01707955181033418,0.017303632734252252,0.0740953995805049,0.9971010260024834,-0.5289470801532915,18.140545557735262,-8.1612975168322972,,0.1227403935312772,0.2307692307692308,0,4
0.86927515004349964,0.48472844831269524,-0.096948671539213022,-0.46802438513826511,0.87015926097082763,0.15419479713223702,0.15910338913046518,-0.088663363025940606,0.98327255612273168,-11.311056806916287,-6.5348580922200439,-8.2894597753602941,,0.7532627899729127,0.6538461538461539,1,1
-0.83761533937543808,-0.49882673568049313,-0.22264867170794952,0.52004784722774555,-0.85292217929307823,-0.045541109601479876,-0.1671848672480796,-0.15393389438421382,0.97383447069969387,-0.39210070856822021,12.524056129909305,-7.6971991223983132,,0.3933817558974484,0.8059701492537313,1,3
-0.86071931263752399,-0.4451119256505438,-0.24705796586318654,0.48045196341189061,-0.87069507862344864,-0.10514747222148681,-0.16830976117400318,-0.20920194479156684,0.96327896820649994,-8.7468619760043307,-10.915009250859631,-7.6261373172556572,,0.1555993557700947,0.2352941176470588,0,3
-0.99061398881107188,0.063815418995939815,-0.12087810997112243,-0.031236421179905396,-0.96661551344847807,-0.25432014303355283,-0.13307220282121157,-0.24815729177098109,0.95953621472938844,-6.7093813984960207,-13.357617191044556,-7.0898558314199542,,0.4316178812428929,0.1944444444444444,0,4
0.8553365229237061,0.50020257515199329,-0.13489557577660044,-0.49057399197831075,0.86570171849196631,0.099487149896468008,0.16654306033951172,-0.018918731759094899,0.98585267187413916,-1.3078439553770886,-15.457189391418815,-6.0410444509694905,,0.1850587343633155,0.3157894736842105,0,5
-0.92218085273063999,0.36545679390832858,-0.12658517544814038,-0.36251338480274309,-0.93082312337749695,-0.046393521364737227,-0.1347832359600008,0.003105603324243921,0.9908702410165241,-1.3478091354579012,-12.421167856021263,-6.231033996403788,,0.1021193990900481,0.16,1,5
0.63226353020662829,0.76410845177512554,-0.12798868034507349,-0.76388496963268782,0.64240245929983286,0.061634677372354993,0.1293158209188649,0.058799270500132485,0.98985860821065397,2.0823081198272191,13.209229898225855,-7.3333334727377073,,0.07247869111107189,0.2058823529411765,0,4
-0.81358488155908304,-0.55094372459562213,-0.18585115772358238,0.56072576331767432,-0.82800157680244513,-8.4643224943627889e-05,-0.15383841799207393,-0.10428039672616977,0.98257790531251443,-13.633620819592474,6.207190077397633,-9.5357140042451149,,0.07684604098905685,0.217948717948718,0,5
0.81057573646289183,0.58011538837329923,-0.080206680707635689,-0.57007934209387801,0.8129668870461968,0.11871977208631791,0.1340765422266387,-0.050507194922231116,0.9896830321298008,-20.232775281906076,2.7891972189806444,-10.419954485860469,,0.3917538721248615,0.8769230769230769,1,4
0.72477417010853817,-0.65697042436925546,-0.2075867622165746,0.68183822264951299,0.72721318558747838,0.079105125256617462,0.098990102927682483,-0.19887394050451318,0.97501287956138039,8.7479790471822696,-5.6324211149504828,-4.8585002077686452,,0.3316881067639829,0.6805555555555556,1,5
0.7589744835672263,0.64416543854630259,-0.094913755990967477,-0.63563614457720852,0.76461211682370922,0.10646596880407277,0.14115390536887504,-0.020474339765115094,0.98977592232297651,16.087815168426797,14.571689795667467,-4.8684777710082789,,0.6584544587539392,0.2142857142857143,0,3
0.98307658058561931,-0.079752651525414067,-0.16492407731666636,0.089376317265023167,0.99465171493318683,0.051767170027088333,0.15991344726516835,-0.065631399155719874,0.98494680507560139,-27.248279422259778,1.2728622202075925,-11.470345060285567,,0.3909132429658315,0.9032258064516129,1,2
-0.095418667380341396,0.99412228601656261,0.051148395483771897,-0.99541175626723444,-0.094922591932168676,-0.012047282924355014,-0.0071213341685568395,-0.052063249860948367,0.99861839789459983,-11.112202958780658,-8.4427198220014166,-8.1437973439222748,,0.4013895188575809,0.3548387096774194,0,2
-0.88435237904157415,0.45348245492527273,-0.11079049037916916,-0.44706219845074419,-0.89104074482232265,-0.078624307837131049,-0.13437358520146775,-0.02000135348991653,0.99072886576433006,4.391245465065972,-8.8618671659969301,-5.422242290786631,,0.08588554997432166,0.3846153846153846,0,5
0.4037131723728995,-0.84821562048676968,-0.34284972745337705,0.91414493170298894,0.38906686710825961,0.11386841862563307,0.036806497990817449,-0.3593845212036953,0.93246342964474693,-8.1100616145398607,-13.243615356180024,-7.3216379823470579,,0.1038204339445677,0.2592592592592592,0,3
0.54580678540249539,-0.76571862018906822,-0.34024983130685671,0.83493904457169088,0.53118311515521532,0.14394891463194093,0.07051060103492883,-0.36265616342446377,0.92925172169436554,-14.181072620368434,14.168844774001361,-10.305501131063115,0.3873959542569371,0.5379506876092132,0.5677966101694916,1,5
-0.52259320608719406,-0.83228894205508042,-0.18490932341108229,0.8449698194265749,-0.53451670690464248,0.017829590517996447,-0.1136764936551557,-0.14692517474093061,0.9825938366474819,0.7848456008551371,-6.0198415001355965,-6.2366215951030668,,0.0672017297940944,0.24,0,5
-0.95480093840665758,0.25253625786195272,-0.15678203494930973,-0.255281263367032,-0.96686303166681831,-0.0027119310057378246,-0.1522716145297516,0.03743416168594136,0.98762950489916657,4.2923844981376851,1.5271533701740652,-6.0874165639794455,,0.1064935411029479,0.5377358490566038,1,5
0.46576953351584821,-0.84374990834052821,-0.2667298892583666,0.88426915142114249,0.45522149638000137,0.10412231786935014,0.033567983158998144,-0.28435801625574703,0.95813031947524496,3.4605348833751166,5.8720108638970654,-6.5534765175537855,,0.3006459430455203,0.5843373493975904,0,4
-0.88691408264583038,0.43356277790139924,-0.15939487953798256,-0.44075523001963918,-0.89755912373985758,0.011065559257199837,-0.13826871379614761,0.080068327132278572,0.98715288875401597,-10.833611946149251,1.1444537999615316,-8.7218922105964563,,0.3120673958318119,0.9135514018691588,1,5
0.84999208046613994,0.50297393747544616,-0.15662273578664007,-0.50228858103067908,0.86342885717451368,0.046869926013409779,0.15880694100395176,0.038830745791982105,0.98654575599422079,-0.075783361159166243,5.4972456436782533,-7.1447638687366872,,0.07262819786869468,0.3511450381679389,0,5
0.96629013075596126,-0.18962257686163317,-0.17414551831150235,0.20651708236149402,0.97478824917942009,0.08449002281108077,0.15373378905277663,-0.11760589953771496,0.981088566082289,-7.4189764046189861,6.3264159621793876,-8.4957194644127725,,0.07448950575210779,0.1964285714285714,0,3
-0.97994292654519222,-0.11428854286507524,-0.16324824557654893,0.11406072494251282,-0.99341508284322022,0.010799268733829488,-0.16340750209103547,-0.0080375462284776964,0.98652591760733421,-1.8107436541639572,-3.7102997526651307,-6.8538604035737167,,0.1531178383185125,0.7194127243066885,1,5
0.95688682111861045,0.24553893021075185,-0.15517166403850766,-0.23717565503269902,0.96889935362157698,0.070581521742587916,0.16767623632861658,-0.03073558690913207,0.98536287907959097,-10.253847391289145,7.5798255993434758,-9.0808755411049393,,0.08254951166301669,0.1833333333333333,0,4
0.22306853210638167,-0.95374611361516193,-0.20151620467813058,0.97479967729800154,0.21876963918909581,0.043651278432413856,0.0024533902289425708,-0.20617515789504529,0.97851202605963772,14.184495291490775,-3.11226203823411,-4.0593073549548517,,0.139823219692163,0.65625,1,5
0.71357298099505551,-0.63597381508310358,-0.29385524892789056,0.69404979652827881,0.69886896054570014,0.17284980741912107,0.09543836090841458,-0.32729112807165267,0.94009150445725254,-23.728573599870806,1.5349670992222535,-10.942394691513149,,0.08599801675625612,0.24,0,1
0.51771686308780518,0.84933132746507511,-0.10298323096959577,-0.84995795582884826,0.52433451976350098,0.051427470359965283,0.097676624623136754,0.060906547848265408,0.9933527416942276,4.167932046077107,-6.7850824024547611,-5.6034802391941279,,0.1053764597446499,0.1219512195121951,0,5
0.10701918233868669,-0.93363066383149573,-0.34187816274971594,0.99414566503014745,0.095337625236441167,0.050844212217745072,-0.014875863448087277,-0.34531799948429892,0.93836783188621575,5.557447692064021,22.209293818623248,-7.4200288994517312,,0.2004370030894904,0.2857142857142857,0,2
-0.8637994494827147,0.4967019917435237,-0.084484569427654588,-0.48755885355180306,-0.86633557245330139,-0.10839298974224462,-0.12703100171458609,-0.0524386050541715,0.99051164420382365,-22.458984394554399,4.4610114276011918,-10.920944895737275,,0.1873616942845883,0.1111111111111111,0,1
-0.7127231006856436,-0.60280668072399002,-0.358677971756793,0.68726115594961534,-0.70242473459510935,-0.18512589162996049,-0.14034915486685184,-0.37844893698293713,0.91491995104743729,-15.599201904666813,-3.7431853567398603,-9.2024509939165995,,0.4933351199043809,0.1935483870967742,0,1
0.75445244351445129,-0.62631325114792835,-0.19629880771819946,0.64811422123610263,0.75812508002887957,0.072071625919817389,0.10367963496557545,-0.18159866317712187,0.97789184413496788,-13.366855761217405,1.1524583426162263,-9.1258323163272834,,0.1177752500838345,0.5826771653543307,0,3
-0.88801751280181074,0.44531941506832895,-0.11452299123096529,-0.44137991569726592,-0.89536961994488229,-0.0591355535936866,-0.12887461726950275,-0.0019652590055016022,0.9916589488229719,-12.19920450725667,21.820111641723859,-10.659175384170608,0.3554516852972257,0.2405000602321795,0.7567567567567568,1,5
0.15295606291050501,-0.96557090607044682,-0.21042164377557185,0.98821788369263408,0.1482688774638182,0.037970440156390554,-0.0054641713890042371,-0.21375024052832145,0.97687306110114225,9.6853867613101237,2.7145785389659798,-5.1875024654078663,,0.1624414647766723,0.3285714285714286,1,5
0.49468571557503116,0.85923956838181215,-0.13035876239461858,-0.8633269037152026,0.50307452492740312,0.039782907015311265,0.099763220314606771,0.092862190885767651,0.99066841747193835,2.3361054473374923,9.1023456793335686,-6.9957975751793118,,0.1186663725779347,0.6515151515151515,0,6
0.94831933567064375,-0.26685421574612583,-0.17169526822748724,0.28113459758502807,0.95749020732496271,0.064620746803976337,0.14715221926254779,-0.10955058382007582,0.98302842987921124,2.8918006471354136,19.36106977894644,-7.6916255451930251,,0.3213472386371952,0.8444444444444444,1,5
-0.97432532845620901,-0.034555665931938061,-0.22247710057599729,0.067680267455368037,-0.98740061950756053,-0.14303635199926262,-0.21473131053917574,-0.15442125031253776,0.96438816963193952,-8.9940531439749467,8.0138461535591858,-8.8855062003619025,,0.4690047864790364,0.6165413533834586,0,3
0.11494271945099874,0.99137613633624799,-0.062940666887334684,-0.9920479256916982,0.11782931669157488,0.044239860519620415,0.051274597765442444,0.057355108150974429,0.99703626172420778,-7.9608138932892762,15.888234141872726,-9.3173473108168494,,0.146503513642805,0.3103448275862069,1,2
-0.96311296069999019,-0.15359479468825685,-0.22095715416426631,0.21158618553846847,-0.93957221751184761,-0.2691381321350616,-0.16626698716516111,-0.3059619046949168,0.9374127169259433,-22.22269694580655,12.743145815057996,-11.531819183410857,,0.4320851927432128,0.3809523809523809,0,1
-0.92050132137816376,0.38392881101482207,-0.072635978783243446,-0.36463517411441976,-0.91083829910857861,-0.19342901197994705,-0.14042260195424899,-0.15156602834981464,0.97842180674321766,-20.43507495854346,5.7474202306158624,-10.668286057926668,,0.5916005262808122,0.5357142857142857,0,1
-0.70347762774032507,0.6965874251502977,-0.14101484457787888,-0.70439412000577328,-0.70976527554408797,0.0078852604977573855,-0.094594666710852746,0.10487713170326271,0.98997607863804449,-6.0757154715107262,-9.8092513241532835,-7.2074093874953178,,0.2410466677019768,0.7560975609756098,1,5
-0.64867228992555825,0.75332636797180486,-0.10827577568940527,-0.75720069713239602,-0.65313523722688638,-0.0078400353821360992,-0.076624829820019835,0.076900879130140903,0.99408998095950329,8.6331480757993315,1.5382188213896764,-5.3105359779666061,,0.1244893357016575,0.4084507042253521,1,5
0.85237819330332365,-0.47742517368110909,-0.21334624233045268,0.50789435046018139,0.85295910116858176,0.12043297100177697,0.12447788699842202,-0.21101178940819196,0.96952528609580924,-9.982108978849908,-5.8632163171143752,-8.122424040041631,,0.0673010970017765,0.1666666666666667,0,1
-0.75655447421533073,0.64064295545476602,-0.13115613279960661,-0.64567297102751076,-0.76359512555454978,-0.0053757523975498057,-0.10359412159612411,0.080616920404560588,0.99134714914363553,-10.78134052494846,5.2852821870548752,-8.993593620610234,,0.06724169424056932,0.131578947368421,0,6
0.32886478241753142,-0.89218876036039663,-0.30959194235646331,0.94388175419704357,0.32114378285261325,0.077161550198428699,0.030580859690020161,-0.31759390205369431,0.94773357247642487,17.565996974828323,-0.89304345461989565,-3.5923025104624009,,0.1576363212926383,0.3333333333333333,0,9
-0.96424387765823982,0.21558691121665496,-0.15412990660694378,-0.21675431652887972,-0.97618099145791437,-0.0093935181025400511,-0.15248380459806637,0.024350680243202041,0.98800593809298221,4.4333217819797648,-5.7051887071517902,-5.602612503903984,,0.1099542817771254,0.1,0,1
0.97628502819588503,-0.05259654662779642,-0.21000273094269714,0.11627212590642091,0.94564777168857905,0.30369571060129735,0.1826152689611748,-0.32091103936021842,0.92933727373811015,-25.486309556808099,9.2042665857210739,-11.768179953182109,,0.4009988410895885,0.2173913043478261,0,2
0.66592150704172814,-0.7083240127969378,-0.23414875475756325,0.74099980825963685,0.66437187829322397,0.097618089984975967,0.086416610778571004,-0.23851016797691732,0.96728748009739496,-8.2036784848393403,3.5763164033138941,-8.4704779757580173,,0.06976323279173237,0.3129770992366412,0,3
0.06862008922167033,-0.97523290494357362,-0.21026665087581287,0.9974465735053496,0.062884769115929398,0.033850240998780284,-0.019789299069175276,-0.21205255699603623,0.9770578778730542,-22.900398022575626,-0.089535072814437178,-10.696943754341198,,0.3703713811710574,0.9008264462809917,1,2
0.8300766737226557,-0.51477057666834947,-0.21443873049910631,0.54634513109634375,0.827751946158232,0.12780341685017557,0.11171263791018543,-0.22324419147605137,0.96833998032888935,-12.32299016835041,11.589080513326207,-9.773008576694572,,0.1331571908964488,0.1612903225806452,0,4
0.74285774023366846,-0.62179942484200901,-0.24804808614676968,0.66197347372823545,0.7374966498473563,0.13375280013554852,0.099767218338998723,-0.26356055609683665,0.95946981996039138,6.7318772358477101,-4.4873963380070876,-5.2919198500433913,,0.08384302676274283,0.3461538461538461,0,4
-0.9826316228294163,-0.083623158987108842,-0.16565705869852679,0.086665580785353233,-0.99617438370439215,-0.011210457542576036,-0.16408586448188597,-0.025372515291022902,0.98611970092126322,21.603429317733937,6.3954526131878975,-3.3323523522260814,,0.1565357805224598,0.631578947368421,1,4
0.60573437046512546,-0.77161105484889414,-0.19417067871384924,0.7920397574545639,0.60801803112830666,0.054654335913764916,0.075887383987955623,-0.18689690703121892,0.97944405204872753,1.8987344384946887,-4.8921256398246786,-6.1315735574019179,,0.1166900741734625,0.3903743315508021,1,5
-0.67325148857218942,0.73016081532842625,-0.11660881996770311,-0.73303921377594539,-0.67975840340099891,-0.024125175076457162,-0.096881082787487305,0.069236527676176343,0.99288486695752964,12.865910898877061,6.8111943896363316,-4.9166638160556495,,0.0984393465836922,0.1818181818181818,1,6
0.75207770372913818,-0.60290633679496475,-0.26623875864716512,0.65108129148879224,0.74236228080922195,0.15808667212961369,0.10233415571935343,-0.29223653618979017,0.950855155893368,7.7697257979249876,12.265499567947751,-6.2501561947521527,,0.1287043398975369,0.1666666666666667,0,5
-0.4448746647286333,-0.87604281414002594,-0.18610620751660012,0.88969244329589259,-0.45611055427326386,0.020261259159353569,-0.10263473595607193,-0.15656356560247889,0.98232070165555796,8.4689899842735201,13.213651351300259,-6.1885600547884554,,0.3743412676307636,0.9347826086956522,1,5
0.56077334311973459,0.81590582161966352,-0.14082239840827362,-0.81957093979220064,0.57116110003033627,0.045590267165978658,0.11762964037369758,0.089848138874872766,0.98898462053071212,10.708721302286774,-5.4255284602198266,-4.5304749982179846,,0.1259389968496988,0.5192307692307693,0,5
0.84173636630930737,-0.50369500098225539,-0.19434823286536568,0.52629954820793345,0.84579806214128184,0.08737518889352093,0.12036891288256203,-0.17583226115687375,0.97703343890981131,-2.7238462967689623,-10.4867785408156,-6.6109780363009785,,0.088457314513204,0.2608695652173913,0,3
0.32884157038702266,0.94331224248693168,-0.045002608365197198,-0.94266808637660904,0.3307430215102905,0.044563804250796826,0.056921880788117434,0.027768091337324531,0.99799240106877751,0.67468735956671189,4.8663859892926329,-6.9449230530073267,,0.2705903864148073,0.1553398058252427,1,5
0.93260889274785141,0.32851751753223779,-0.14938839928884648,-0.32093195366485378,0.94428265186220162,0.073027080654711196,0.16505554908723347,-0.0201621939913635,0.98607816710896123,4.2529809231571658,-7.960569098883596,-5.5065539212763985,,0.1098250727972043,0.282051282051282,1,5
-0.5216808330238617,0.85197011301106551,-0.044677007413668868,-0.85082383561988384,-0.52340701433917747,-0.046302247047153321,-0.062832389709427228,0.013857268001280126,0.99792788663657572,-16.100613126454093,7.2099274053895828,-10.05763820850631,,0.1577828246976141,0.3488372093023256,0,4
0.87723220741514929,0.47394064437085276,-0.076445535428071254,-0.44014220882541288,0.85759422313434464,0.26609581818751921,0.19167287310370801,-0.19978091515442523,0.96091055549214854,-12.14796556766386,9.4373746263107261,-9.545547906696779,,0.3759754023067756,0.3043478260869565,0,5
0.97072716422530814,-0.17360187832489091,-0.1659854224839086,0.19612037147975198,0.97185536024924291,0.13051420859606946,0.13865631080385749,-0.15924681031934057,0.97745326275857325,-6.816299919224087,-19.93095696387147,-6.7628581197595921,,0.1386808288389178,0.5,0,3
0.29711708885725419,0.95237081859354045,-0.068638614499854617,-0.95143958612722923,0.30135497121595473,0.06283227891360714,0.080524216599956414,0.046636951175010107,0.99566100924263512,11.512444850016273,8.0105259289282724,-5.2244799044607975,,0.08873417191659977,0.3181818181818182,1,6
-0.68399457178979617,0.71845093076699262,-0.12641078214352003,-0.71678617960232671,-0.69411318922280685,-0.066516563937459569,-0.13553227841807802,0.045112532925864375,0.98974535153231169,6.0945248757152362,17.450706042417952,-6.9175932515183369,,0.3662545675934911,0.3636363636363636,0,5
-0.61347212671085516,0.78422426371653609,-0.092974480085231348,-0.78606305987217484,-0.61769876567653559,-0.023518094865005251,-0.075873682217589389,0.058656108632798964,0.99539069980927752,-28.139058687801622,10.846275649799173,-12.328460235100914,,0.1612361288299862,0.4615384615384616,0,1
0.95274309569023974,-0.24418892067658701,-0.18069965310809344,0.26476720079107374,0.95912651496714318,0.099873207980140655,0.14892589768015829,-0.14299685068486212,0.97845438202011925,5.202067973353766,6.2277074133761552,-6.2633452223613002,,0.08968190919059196,0.3076923076923077,0,5
0.98291074874083328,-0.077071476607937325,-0.1671719100303905,0.09065432392324585,0.9930397188479404,0.075192488617045805,0.16021315040831077,-0.089062361769029708,0.98305627618787372,-5.1007055369119438,11.030795001539431,-8.4381734900495182,,0.3899311511059728,0.9400749063670412,1,5
0.95648257766972511,-0.20530496853299476,-0.20734258730406846,0.24190228247101489,0.95529138338063968,0.17000487808888923,0.16316974091292943,-0.2127633491331879,0.96338330529236282,7.4055256521859665,8.8471268867484678,-6.0384780339864532,,0.1048500887259422,0.3043478260869565,0,5
-0.42523239217892317,0.89784308928126744,-0.11425935266603079,-0.90416078988459792,-0.42710107535958919,0.008828219636039485,-0.040873936402677058,0.10706287151273523,0.99341172877432726,-19.923973104426846,13.976710940290966,-11.322496741669093,,0.1577586609007153,0.3333333333333333,0,1
-0.4771566905153779,0.87756703787830104,0.046878424951341889,-0.87745399700051629,-0.4727665940461846,-0.081032281849826096,-0.0489487062569759,-0.079798756779015961,0.99560844842352259,-9.6627180724344974,24.369505501482223,-10.391879699086237,,0.3136090674160268,0.2,0,2
0.63690863133740683,0.76894261256295804,-0.055449561880722142,-0.754446401959038,0.63646658861644334,0.16037739287695302,0.1586128049653398,-0.060312023343605935,0.98549705120879361,-7.2277753866480223,-12.547029745372333,-7.2685352590433201,,0.2346926283534917,0.1818181818181818,0,2
0.31338025505781752,-0.92376571032291199,-0.2201129895565074,0.94912012039684701,0.31226041882014371,0.040797400605224257,0.031045334557255531,-0.22169876695614332,0.97462087189447866,-2.6938860000286402,4.3276409311441357,-7.5508964765314994,,0.1091840347756951,0.130952380952381,0,5
-0.83645748189525793,0.54126944984757808,-0.085826940077957756,-0.53045587915772496,-0.83898512135905901,-0.12132817646833131,-0.13767876106520552,-0.055958456017173426,0.98889494383970078,-4.4963999468132689,-12.30038011070161,-6.7737345668736326,,0.1320699112114961,0.1666666666666667,0,4
0.37109859121437888,-0.90525716835679015,-0.20687023647047587,0.92809076738747998,0.36890619612055364,0.050554386100347792,0.030550991617665928,-0.21075501797706012,0.97706138973386292,14.249554271133091,2.3244507589445402,-4.4130222811615196,,0.09222033644005929,0.3333333333333333,0,6
-0.7021247869766577,-0.68324231254719703,-0.20050118667514694,0.69836350200303499,-0.71571236916720826,-0.0066500895572113271,-0.13895755676839103,-0.14469190359595255,0.97967088884519782,-6.9321010385066986,3.9910476306419542,-8.2347841898372138,,0.1406879348753943,0.5225806451612903,0,1
0.895079360089298,0.4220681186706825,-0.1438452027143223,-0.41720097496799802,0.90655994169458842,0.063972014197283419,0.15740484626556375,0.0027523292855566078,0.98753032310690048,8.6706021774951392,8.6538105305106185,-5.7689942437290798,,0.07592030748645931,0.3333333333333333,0,5
0.75196652447426227,-0.63586664336469645,-0.17383888496597602,0.65103220813242202,0.75774709047940847,0.044456842490378824,0.10345728608620268,-0.14660477047526724,0.98377011096575451,10.528669069344236,-1.7716742787310114,-4.7565913573879071,,0.1136715650849825,0.4307692307692308,0,5
-0.95662828339505479,0.24391316398283694,-0.15927553435638747,-0.24713572876867129,-0.96898077337839361,0.00043862169153573323,-0.1542279448563352,0.03978227317401898,0.98723407141695618,-4.8246904016668939,7.0777885421873661,-8.1287765203440561,,0.1087107658536941,0.5248618784530387,1,5
0.28780969360444336,0.95415114105721688,0.082226396531339951,-0.9544441040717484,0.27871531004191546,0.10655622061108228,0.078752983879946711,-0.109148412574126,0.99090089896142242,-21.032379672939257,2.021614047996708,-10.467292187074204,,0.3583571980243904,0.2333333333333333,0,1
-0.96754071745953085,-0.13374846056779996,-0.21442086967839516,0.16433015102863907,-0.97756848386047657,-0.13174012610299451,-0.19199104541827033,-0.16269975002584325,0.96781621696514619,11.874715800831563,5.6846466023185167,-5.0003076207754411,,0.1483475903445564,0.3125,1,5
-0.82082381924631087,0.5657624590897008,-0.078492659801250059,-0.55690381869658201,-0.82324690773770015,-0.11010297735065641,-0.1269109706804914,-0.046662284396388108,0.99081594493419745,1.2913626587961473,14.11949706066804,-7.5126801514514394,,0.2291822660707345,0.2608695652173913,0,2
-0.95581772375358465,-0.19414178792206543,-0.22072934816408318,0.24255568879533254,-0.94507353844261022,-0.21909528696114566,-0.16606991537162605,-0.26295431754962456,0.95040823338735525,-9.1557526969142575,28.605006234964026,-10.64306348467516,,0.6627232851228028,0.3125,0,1
-0.011109355484304115,-0.94430498281438391,-0.32888399421779496,0.99567171806798394,0.019904544062585516,-0.090783472973941223,0.092273571840874813,-0.32846903744125988,0.93999663796321131,0.57845075216397357,-10.156903131297449,-6.0361597333680432,,0.4333230538816438,0.3461538461538461,1,2
0.96996793435469064,0.19697993946806075,-0.14269236059037915,-0.16323574865792176,0.96208703506791693,0.21850086341777619,0.1803227569769924,-0.18864633683532003,0.96534774196391682,16.154810034577157,11.687106776872934,-4.6489603836049511,,0.2389808603090336,0.2115384615384615,1,5
0.89750445814364843,-0.4038560761961601,-0.17716099269228963,0.42206176540079521,0.90307087938669706,0.079541517401300083,0.12786560835126859,-0.14616174781104257,0.98096234875645527,5.0948287311288656,3.4821999918229216,-6.0846061741635848,,0.104909217282798,0.5050505050505051,1,5
0.78590984167858802,0.6171441398530082,-0.038455576940501501,-0.5986791786050798,0.77500502939886484,0.20236216422842074,0.15468988931886563,-0.13601586323497075,0.97855542668310946,4.5891520253974152,17.043545569037978,-7.1647674968751485,,0.5365329872006517,0.6875,0,4
-0.82123537000097002,0.55699254105590756,-0.12382155009307884,-0.5584472271026939,-0.8291358980096446,-0.025891256691241621,-0.11708612898495656,0.047884985536415271,0.99196666605259254,1.3504579522032514,0.95452453880229071,-6.5928561503122607,,0.1593578000308893,0.7017937219730942,1,5
-0.81546618941136018,-0.52408380571935753,-0.24566452432052518,0.55747978314969815,-0.82531448553231757,-0.089845931181611133,-0.15566369296107749,-0.21021932488056394,0.96518218494773256,-20.751626254267112,9.1098577181960732,-10.986560044603145,0.1473430796400288,0.2839151532912349,0.4375,1,3
0.5635187866272634,0.82607971316775419,-0.0062357526264448125,-0.81735534500243223,0.55863119870502176,0.14093056385804187,0.1199033657329599,-0.074320194604642245,0.98999984422212772,-33.177638789015234,2.2383230367565106,-12.485048865980678,,0.2179193415515222,0.2777777777777778,0,1
-0.95873435519766215,-0.23808435702827432,-0.15538428203057228,0.25897062317086345,-0.95685814772122202,-0.13174483471471082,-0.11731433202391715,-0.1665482635092454,0.97902963357798201,-8.721777271099441,-12.617211330841393,-7.4846372871118554,,0.4518635957879915,0.296875,0,2
-0.93187799283901585,-0.29003578481193171,-0.21790513989085963,0.32055883978613037,-0.93955682441814969,-0.12031211046379801,-0.16983944387950117,-0.18196762684007833,0.96852586237275728,6.4326075182928211,1.5866742101080875,-5.7364208781425301,,0.2824172423514931,0.3421052631578947,1,5
-0.19094805530822689,-0.91113127689236717,-0.36521040023867285,0.98042087033169034,-0.19525893947344092,-0.02547280066578083,-0.048101530038636535,-0.36292388020656946,0.93057643425123915,3.2928471581378078,16.263172231288049,-7.3669099844049155,,0.637203607142912,0.4202898550724637,0,5
0.97315702499119761,-0.12039578083298449,-0.19613837122781067,0.1540386296716823,0.97394590783917012,0.16643758341253889,0.17098978121265854,-0.19218278945043826,0.96634790327288267,2.5254975714915977,-7.6867047586540194,-5.84420587171115,,0.3393677094013228,0.1870503597122302,0,2
0.013399287462564228,-0.93572955906199684,-0.35246368804904871,0.99944861095348425,0.0018237417766011699,0.033153401470786929,-0.030379814987034817,-0.35271357538883286,0.93523804487295126,-28.608609940897885,-0.5746813123623814,-11.571739205027871,,0.1851821661335299,0.15,0,1
0.44158399236680568,-0.85907972184154457,-0.25881578237435143,0.89624504860109822,0.43579665481714386,0.082620145897973521,0.041813760216085356,-0.26844609732838692,0.96238677374834614,6.486971429590934,8.2404824102350531,-6.143495132731541,,0.09469247249685063,0.25,0,5
-0.97765614933029166,0.1559843563239392,-0.14091605394302323,-0.15669321401683128,-0.98762835876760913,-0.0061205913990477487,-0.14012740758945821,0.016096755580084349,0.99000262833088137,-20.314460671620182,0.16734215063315294,-10.231616495933606,,0.1488213185781576,0.5245901639344263,0,2
0.67788564757695591,0.73468867750310585,-0.026525383275415954,-0.72239334003713096,0.67237000274408487,0.16145105041440991,0.13645113073612944,-0.09028358964205925,0.98652418235042538,14.501656957093438,-4.1154929221805601,-3.9537401829594101,,0.2381171735527814,0.2727272727272727,0,5
0.53855202882207276,0.84219940969293294,-0.02572676747096048,-0.8327806382965961,0.53667862617395834,0.13583983468168309,0.12821123480391103,-0.051732064726900798,0.99039672492852526,7.4231615201592334,20.378918410173501,-6.8918644281695789,,0.339623165036321,0.5833333333333334,1,5
-0.97922523461472388,0.15191674504572397,-0.13431024707166619,-0.11839552093646011,-0.96607560445440266,-0.22952217126074151,-0.16462211429793908,-0.20885217033292591,0.96399187259608343,0.11043977416599755,16.050669700671062,-7.8682485220502771,,0.3436797560451802,0.3243243243243243,1,5
0.65906861025851837,-0.71866740175919297,-0.22168836825732929,0.74635547403998537,0.66129829284950026,0.07508711104368132,0.09263948047379672,-0.21494588510373586,0.97222229615171762,4.2882110780355029,-10.641584914347145,-5.3745484829235242,,0.07709151667813888,0.3181818181818182,0,5
0.88399917719009879,0.44174156704009476,-0.15300275381898132,-0.43705962698567835,0.89709158242282705,0.064850406361482302,0.16590460266782814,0.0095436206479116315,0.98609562524055505,-5.6036225557224997,3.3382220630474078,-7.9729630174424369,,0.2014083658316004,0.8044596912521441,1,5
-0.61482304339225835,-0.73185629829882615,-0.29390301793996926,0.78010636424558166,-0.61909721929963912,-0.090292267215942204,-0.11587357670073896,-0.28478938129044584,0.9515609925416153,-11.353784004013429,-11.153370191858043,-8.0235821240214271,,0.1803732237116381,0.1052631578947368,0,2
0.41065810262440972,-0.86351180556311358,-0.29275806462342208,0.91162244262739156,0.38269895737847248,0.14995342650135965,-0.017448347973041591,-0.32846441157994893,0.94435516913841822,-2.9041208605771081,-16.664301374944692,-6.2295448100148585,,0.1533040202995442,0.1111111111111111,0,2
0.98156925576181009,0.11303346947941909,-0.15409487636080851,-0.075962956415049382,0.9706617636484185,0.22813454329326874,0.17536084339410818,-0.21222435149715566,0.96135810145633049,-9.9086820947552834,-8.8732440217070039,-7.9338430230991763,,0.1557468925248899,0.1702127659574468,0,2
0.9774010978051737,-0.070955501388554554,-0.19912913104802701,0.14142523157114517,0.91961335008752343,0.36648354699201963,0.15711778347561883,-0.38636330462856161,0.90886599614696117,-1.9183521398169563,19.254857604648269,-8.5049713577463546,,0.1959433966321887,0.2857142857142857,0,1
-0.92990723415349097,-0.31447215570635378,-0.19073489233594629,0.33671747318130901,-0.93654272707055186,-0.09751442778199193,-0.14796580389874053,-0.15490314282368117,0.97678612665206688,2.2820647057557326,-15.227060182739606,-5.4578516392161305,,0.1443197048924086,0.3076923076923077,0,4
0.78743684668548841,-0.52129264152692956,-0.32893341936004572,0.60538610709988772,0.75445733784673774,0.25357796966546065,0.11597790225926108,-0.39880835906371159,0.90967082998656845,-7.455227812196525,-10.102558605660382,-7.4116490762642382,,0.4056017665912011,0.1904761904761905,0,2
-0.2621085169607919,-0.9440973406642118,-0.19994833504527262,0.9616390527774753,-0.27289284902127686,0.027925349170418261,-0.080928718696476706,-0.18495865566069869,0.97940841235223874,6.0943079709247119,10.847513229692861,-6.4544346363040637,,0.07799275549106707,0.2653061224489796,0,4
-0.88886607007501484,-0.39672799840518791,-0.22918116142216782,0.43828146694511422,-0.88203400045905356,-0.1729895308006778,-0.13351578633944111,-0.25421038003121182,0.95788862477980685,4.5160937164455639,14.683720219558243,-7.0143764695434383,,0.4561491447593417,0.3333333333333333,0,3
0.23664807414288433,-0.89335602485328935,-0.38198521157604176,0.96997609469942869,0.23991823463255874,0.039819799126088191,0.056071960159329755,-0.37993980253340909,0.92331017634095491,13.821104146988271,0.30146622446430682,-4.3607050551056226,,0.6543695860255054,0.3,0,2
0.46533377557781469,-0.81763606999033822,-0.33902173139380115,0.88382343145963627,0.45005637339592552,0.12769261046991148,0.048172806742076246,-0.35905503452320747,0.93207234851921716,2.6909800080315187,-3.6206398819762087,-6.0788147711842369,,0.5816418281173343,0.3719298245614035,1,1
0.54007969690697111,-0.73758672717020768,-0.40531437291467343,0.83932763839981428,0.50751116005798091,0.1948372085480394,0.061992228602171288,-0.4454191759668002,0.89317339933183881,-30.030583854594926,6.1413699832681985,-12.25934066597323,,0.4092590667421579,0.1111111111111111,0,1
0.18201025671705989,-0.95835592037096817,-0.22005952908180415,0.98329148269615263,0.17666847934440927,0.04388745223109309,-0.0031822173075369627,-0.2243706270795032,0.97449868917149352,12.210520646114512,13.85320196640555,-5.522428101976784,,0.1106630829786528,0.2222222222222222,0,2
-0.95277909590878296,-0.23582875197680706,-0.19130288586506869,0.25440749972966603,-0.9638773613100412,-0.078849581072392316,-0.16579752254042207,-0.12379512145094212,0.97835880403071163,7.8295231555817768,0.76032940312671571,-5.4392507262259908,,0.0752283838906575,0.2153846153846154,0,4
