axis_00,axis_01,axis_02,axis_10,axis_11,axis_12,axis_20,axis_21,axis_22,location_x,location_y,location_z,dbh,dbh_approximation,score,reconstructed,number_clusters
0.7889797679083983,-0.57347747543113281,-0.22053233550739643,0.60954523719239972,0.77568444921879531,0.16361002125847121,0.077236841256447239,-0.2635094313554463,0.96155980050096601,19.04998305030243,0.53552344673537555,0.58420229971211901,,0.3449618305739101,0.5454545454545454,0,5
-0.85083245733204937,-0.48089798482953183,-0.21171031561358092,0.51291629736651856,-0.84759057327403353,-0.13604077327336989,-0.11402193405712682,-0.22433757662034837,0.96781798406000985,-22.27866087805841,7.2084895559630855,-7.7702074613795986,,0.5617230647600023,0.7402597402597403,0,3
0.69877902373007827,0.70837492893416287,-0.09956322640593096,-0.69766810218263209,0.70562908467951313,0.1238822588236001,0.15800979460692743,-0.017104236664426606,0.98728939521115311,-4.0358534046098731,14.232067505017701,-4.9436532905767283,,0.08044806061669145,0.4,0,3
-0.44222591670183953,-0.87407391022525682,-0.20107470766048402,0.88599391005852357,-0.46058804037556378,0.053604555797138735,-0.1394669492619246,-0.15444564262720203,0.97810812977760486,-16.901869494430606,10.853260103167029,-7.1584320615511556,,0.08723947518562472,0.303030303030303,0,4
0.95977493209233911,0.2593038806606246,-0.10767347492064544,-0.22617804486792811,0.94126940887049448,0.25070977632376373,0.16635976600989699,-0.21627158250433826,0.96205562773376152,7.2603682583813152,-32.464399835053371,1.4508686595990909,,0.221610115457177,0.5217391304347826,0,5
0.78969766569809774,-0.57852956722935156,-0.20415958618785093,0.60978726244194681,0.77672338175468059,0.15767143938941044,0.067357934607079201,-0.24900668279584692,0.96615660250731439,-2.735113287633713,13.306886172879809,-4.5914153708019345,,0.0721575887713128,0.1739130434782609,0,1
0.94309218869438138,0.31951404781429293,-0.092129782768488752,-0.28419136654636251,0.91830114047043621,0.27560530218268459,0.17266265028706754,-0.23373871878664787,0.95684576632591323,-8.6169278640369313,-29.839095439099388,-1.4998312222045656,,0.2501122298442287,0.2558139534883721,0,4
0.98006053493899536,0.18195689814353591,-0.079831291315320546,-0.16413890855959573,0.96780602234850455,0.19081384070037763,0.11198109908352068,-0.17390569376517667,0.97837469464622684,8.6374757576393595,6.7446973397615286,-1.844133228128072,,0.2161512033123012,0.2105263157894737,0,3
0.83609743662071123,0.54690319946667731,0.042871516061226377,-0.5228593000717292,0.77080815616617548,0.36396832103385407,0.16600972503072706,-0.32672875110833621,0.93042414757701219,-17.865067617122577,17.101563129077306,-8.09183926917364,,0.08295573872788753,0.5,0,1
-0.95324734987315796,-0.23892828351045259,-0.18502098610306295,0.25570928444262658,-0.96402876806493365,-0.07253479298272128,-0.16103493971694738,-0.1164551831476605,0.98005404876894608,21.765657809220397,-2.5058125293432592,1.3401008386120197,,0.1597544220515913,0.4838709677419355,0,3
0.72600557429037005,-0.66181461655720708,-0.18686176551276679,0.68573629251168966,0.71716743557521456,0.12424414063767265,0.051784584884246955,-0.2183398329707803,0.97449785741511985,-10.107393855642847,13.833587398342882,-6.105261451505319,,0.08113699366102051,0.5714285714285714,0,1
-0.065442179917590299,0.99785322680483679,0.0025017679367496425,-0.99696253644912003,-0.065489448441004544,0.04215249767013305,0.042225845220330779,0.00026438242867568611,0.99910805626686872,3.6876006171078046,9.4725128814959305,-2.9814492246885238,,0.1195477354017036,0.2380952380952381,0,5
0.42795646218484668,0.89929100377792626,-0.090160728692266129,-0.89356343105377611,0.43597023996574374,0.10711836699472205,0.13563797830118943,0.034722332702490644,0.99014983636521603,2.2752938013379329,7.143368974108629,-3.038920779357841,,0.07899368293521863,0.2941176470588235,0,4
-0.98864806716016651,0.045528943425370914,-0.14318559498440117,-0.048276658079074719,-0.99870945872881833,0.015772803501833296,-0.14228268898634058,0.022506273706695414,0.98957016126127018,-20.139241277762558,10.460302435720852,-7.757750610151124,,0.303765688266788,0.6111111111111112,0,1
-0.98701159683270456,-0.071293110471723986,-0.14396319014602921,0.082949633017252403,-0.99360130693577808,-0.07665377510480173,-0.13757712782311718,-0.087599858760051386,0.98660974992403216,-13.306881553659521,6.423180200214766,-5.9255882075800024,,0.1083693354155649,0.2727272727272727,0,5
0.98948842048185326,0.034608445611562205,-0.14040983307688412,0.0011649994018904707,0.96900176268913518,0.24705106087961287,0.14460742895411877,-0.24461774137968847,0.95877570478896623,-12.210218808462388,16.007469953313159,-6.8812021151069089,,0.4370717630261166,0.3636363636363636,0,2
0.95991404186057461,0.24679310019971945,-0.1328841523008186,-0.22860007280385161,0.96364074349444928,0.13834205503583949,0.16219444797208543,-0.10241915431830546,0.98142920166242975,5.555363424629693,9.2565123642414928,-2.6226329931934389,,0.165875929735759,0.5384615384615384,0,5
-0.84287884060444818,-0.50566256531038078,-0.18401258137700013,0.5161626626639062,-0.85642145013381132,-0.010881425568703963,-0.15208999221845154,-0.10415214733468382,0.98286365507763407,-5.3808480067557749,13.597998878787068,-5.162680764562678,0.1655154797109907,0.1725832920206509,0.75,1,4
0.4378202860873539,-0.81648391419068844,-0.37638732040046358,0.89902588081472889,0.39381145386924493,0.19148108111950171,-0.0081155847410595873,-0.42221624396657814,0.90645881352385038,-5.1166758809786179,18.249932552897732,-5.6409824805744488,,0.4907737572718955,0.1428571428571428,0,1
-0.96192971632986968,-0.21073307514160508,-0.17401951581044076,0.22142887136489325,-0.97416974010327195,-0.044300929935997282,-0.16018887529290865,-0.081147325947854412,0.98374520874254157,9.2538578199834429,0.073332153971432779,-1.0501227629386973,,0.135187553522076,0.4166666666666667,0,1
-0.75988134637585703,0.64329756914103786,-0.093533827930050079,-0.64737321819964533,-0.7619369616175472,0.018973214773894756,-0.059061457718643434,0.074968687185073782,0.9954353018423131,5.6171670454086611,-33.503577168249841,1.257860128848556,,0.1928117144187643,0.3225806451612903,1,5
-0.95177618423126042,0.28271114249362483,-0.11914908744985622,-0.28321672568139616,-0.95896749059286213,-0.013024526108056584,-0.11794228005466467,0.021348580654928059,0.99279094308899152,-6.0901536723016614,10.178950235246591,-4.867804431475748,,0.5870250786054452,0.4918032786885246,0,4
-0.37014853078918508,-0.91116674517831231,-0.18101167817510819,0.92008532943777266,-0.38646864425893962,0.063913797869031605,-0.1281914650356796,-0.14288859116744942,0.98140195577866485,10.391909319489619,0.84755942995500344,-0.91387203198382805,,0.348255648116331,0.7931034482758621,1,3
-0.012560175007379762,0.99635641615999193,-0.084357180966424264,-0.99680149245248628,-0.0058174796922261874,0.07970534219566304,0.078924182911710924,0.085088476933416674,0.99324263120592615,-12.627815787415566,-30.742182536722385,-2.1464206243632722,,0.3333867869284375,0.1111111111111111,0,1
-0.46757687232896539,0.87748377283899615,-0.10674313498911041,-0.88394889605123184,-0.46381272415471936,0.059263024576766937,0.0024935181713573759,0.12206549601103106,0.99251891521054136,-14.872083808944236,16.793629759463279,-7.4352377404922319,,0.08854945567655358,0.6666666666666666,0,1
0.92753638567192542,0.36144760074079413,-0.095036230845846878,-0.33565181018511381,0.91747409656298873,0.2134927269379078,0.16435971396336124,-0.1661231893946514,0.97231114894936344,-4.3008315819987137,9.9552973790662858,-4.5208857297743581,,0.2550141722753365,0.1428571428571428,0,1
-0.27749176931572167,0.95630256070279285,-0.092107167773800402,-0.95982928716418581,-0.27180924313761207,0.069623809482452156,0.041545847733806686,0.10772719126682528,0.99331203294727066,11.411056197269943,2.6140077802995387,-0.9255711401678115,,0.2680245224929316,0.5409836065573771,1,5
-0.60156904779492726,-0.7504639802318448,-0.27371243141239349,0.78547502571370065,-0.61808244368556831,-0.031671387524702034,-0.14540861293323742,-0.23404680553738813,0.96128998127650245,6.7360187736613293,3.8175440004810519,-1.8833679420994798,,0.1024207313732221,0.3076923076923077,0,5
-0.96737707968869169,-0.20927008840110231,-0.14278520859519891,0.20842939961254819,-0.97781215961780565,0.020989661281606484,-0.14400962144986124,-0.0094557180667944295,0.98953111033747188,1.1124596745594821,13.649957118731976,-3.8616797909249967,,0.2137097395975455,0.6981132075471698,0,5
-0.37836715708950297,-0.85515565866140764,-0.35432625346618452,0.916450194542754,-0.39992340493123768,-0.013427997272667892,-0.13022033389051324,-0.32980307707415463,0.93502545152196992,-24.26113827547708,5.0093449441395226,-7.9359277659828313,,0.3902344584142042,0.3333333333333333,0,1
-0.91906669581762324,0.36992495943485432,-0.13591148967618305,-0.37982259422246412,-0.92341763638545704,0.055087800195825071,-0.10512471430161133,0.10225161709928578,0.98918825369268681,-11.520752789055297,11.616024122561134,-6.084003989686904,,0.06892799752236932,0.45,0,1
-0.7688467096661703,0.63625744217755376,-0.063649071550025901,-0.637132678029809,-0.77071187034983701,-0.008072390502162111,-0.0541912135135151,0.03434647253405107,0.99793969367011337,-16.813118584755831,6.9592814053650898,-6.6279751174712569,0.2389889427746839,0.2096340467571753,0.2777777777777778,1,5
0.61383919686764821,0.7884209824746361,-0.039922359431920622,-0.77579533668723533,0.61182327033384354,0.15431746969264756,0.14609255957515785,-0.063754531381946714,0.98721442643685497,-5.9913208131360189,14.356338982623031,-5.3619543979229514,,0.2392138839838508,0.4528301886792453,1,4
-0.98921090398520373,-0.0038150872447558267,-0.14644873692214408,0.0024611551575214742,-0.99995255328694654,0.0094251732189407824,-0.14647774626907348,0.008963051055937114,0.98917335870094159,-3.1323085302398743,12.149854154496815,-4.5195565811892715,,0.06471839473248206,0.2105263157894737,0,1
-0.97380802426898039,0.18547904707541191,-0.13151218561541636,-0.18892710709362631,-0.98188938861416375,0.014134239708553821,-0.12650881421695548,0.038610252821011562,0.99121378536747518,-8.4993130157710599,11.224059735730993,-5.4707760823070339,0.1820251483526327,0.1296373379618393,0.3571428571428572,1,5
-0.91053450627271137,-0.36526867483516312,-0.19366390492519456,0.38258188080427169,-0.92198395860663207,-0.059805388990552454,-0.1567099785175686,-0.12854717132714072,0.9792433851585699,-9.0398517102445552,13.465311085864068,-5.8635665272878281,0.6421971863179832,0.3511277996963018,0.3766233766233766,1,5
-0.98547332493035378,-0.07594251215175242,-0.15190477510201861,0.080101078111624813,-0.99655619036704068,-0.021437740703864547,-0.14975360809032037,-0.033294057866407725,0.98816261949879458,9.8479635748908603,3.6601162963731149,-1.2812640476401407,,0.215136095782591,0.4347826086956522,1,5
0.52782948446919298,0.84827440364662865,-0.042738407117516884,-0.83517867587701788,0.527518637182957,0.15556563497426693,0.15450765251370827,-0.046417922644089289,0.98690058353012977,-14.108550442998991,-27.490930800252322,-2.7234695364708177,,0.1320001888798262,0.4285714285714285,0,5
-0.055641019880705682,0.99840816397521481,0.0092311978786843839,-0.99754677765924338,-0.055981616940751891,0.042029572283794794,0.042479445480075935,-0.0068699834307962178,0.99907372102331149,-19.925898542454949,-27.632079866335967,-3.741971000150965,,0.4092040384040205,0.4042553191489361,0,5
-0.9270743344733805,0.37441660830960904,-0.018584450023292436,-0.37396892793575731,-0.92713967652888618,-0.023648702807835983,-0.026084848079294457,-0.014974098565246941,0.99954757619276891,-27.733402749532999,-25.293485895120888,-5.4329648526793894,,0.368820179198092,0.2,0,2
0.83560309705858504,0.54475711981242081,-0.070761180033811905,-0.53443340172799436,0.8359633881993398,0.12468421194250941,0.12707636799793168,-0.066369375497712713,0.98966999686385293,20.02635803869153,-1.8927563505425593,0.98046864163725178,,0.3364457045862501,0.4,0,3
0.57897581821514632,0.81286563256062561,-0.063533182856809936,-0.79999321583177396,0.58139708670557344,0.14828446376275883,0.15747335185750985,-0.035027003469989944,0.98690184541456538,-1.9660926057341306,18.333822284110767,-5.0761366946323774,,0.1369943546968923,0.3684210526315789,0,3
-0.71927594749284707,-0.65633278012634599,-0.22774853037920906,0.67574268166729212,-0.73706945208505914,-0.010022523441135195,-0.16128837382577926,-0.16110836270862319,0.97366840142524036,3.1370780714240238,1.444064552619035,-2.3073518935975601,,0.08958065654255154,0.2808988764044944,0,4
-0.38406475076885449,-0.87032624920611468,-0.3082636650007175,0.91391011756818807,-0.40585252554909501,0.0072128019466928036,-0.13138707784009304,-0.27895509934080448,0.95127361380856346,-15.038667600332197,9.434890794993418,-6.5497417812472358,,0.09917441104778672,0.2424242424242424,0,2
0.080030898617418508,0.99670925278992262,-0.012873254034739975,-0.99240799966939375,0.080882202293511604,0.092652207444531468,0.093388529588389474,0.0053604808651788877,0.99561531114492852,-2.4866412294069566,-27.71740774997399,-0.58744595134340583,,0.1251666692974992,0.2962962962962963,0,5
0.65082763315217695,-0.68364834866697044,-0.33022466184471794,0.75809277673335351,0.60891705095090598,0.23348526061823274,0.041457614382013806,-0.40229959038777879,0.91456891800649776,-5.9067756555676789,11.233952068927371,-4.9659526573280344,,0.4550831502639079,0.3125,0,3
-0.63785135904341639,-0.71903399929347978,-0.27592707664615485,0.75558666204456892,-0.65360666299183867,-0.04344106620493432,-0.14911217222887971,-0.23619576192789618,0.96019639769189269,16.588167862136832,2.5918595754893041,-0.025130960883307706,,0.2649967085652636,0.5151515151515151,0,6
0.99585204486623347,0.064772315769587141,-0.063900327429406448,-0.045665423436600877,0.96324411171379887,0.2647176804655279,0.078697991321865432,-0.26070160789404095,0.96220647358213307,1.919083699926222,7.9277906329132506,-3.1692508757549485,0.4026918489822282,0.3493365986848701,0.7712418300653595,1,4
-0.40539709925597422,0.91271366384372243,-0.051058395468439648,-0.91413942446508767,-0.40485644957673267,0.020984944001882676,-0.001518075584923499,0.055181727674042516,0.99847517364100125,-14.186147462265525,-30.588363640437962,-2.4003406046356814,,0.3217314872371164,0.3333333333333333,1,5
0.83791341022172106,-0.50125800148763688,-0.2159665087813987,0.53988579455871377,0.81929250117012731,0.19308839001893158,0.080152640657137356,-0.27838860154650158,0.95711824803661061,-2.2568337816231665,9.2798241390016294,-4.1002832454426397,,0.5769419893760106,0.6063829787234043,0,1
0.83761705984579105,-0.45788037124066744,-0.29789801390375548,0.54035762524151632,0.77445435452710742,0.32898949770068842,0.080070580731268257,-0.43653867914139172,0.89611532947207606,-15.693936017413229,8.9909452153613429,-6.6593634650208395,,0.4378134021400213,0.2727272727272727,0,1
-0.20262864764539013,0.97743080775559577,0.059754892717201427,-0.97626181277834034,-0.20640060638371499,0.065663251481962892,0.076514731027098035,-0.045031164038680981,0.99605104798959598,-7.3471509814350258,11.12607850565689,-5.2412276598934149,,0.1950213790142479,0.2459016393442623,0,3
-0.97332700333502975,0.19119103993812347,-0.12680903290472115,-0.19003935028774957,-0.98154684399367498,-0.021232955241017475,-0.12852855683100881,0.0034320975271447283,0.99169986930799936,-3.1887572123185071,9.7775537611370744,-4.3496731804726503,,0.06049984427642331,0.25,0,1
-0.41555444070855907,0.90717212092797961,0.065979162001574554,-0.90924839277443181,-0.4162376676053271,-0.0036829748290751092,0.024121920415073012,-0.061521923551775548,0.99781420408710375,-19.370628222768143,6.358716502325219,-7.0349279390623627,0.5612590748217534,0.3810544973745255,0.3898305084745763,1,4
0.41798204519174964,0.90840017839980602,-0.010006287049798406,-0.90458393816972149,0.41719136412142449,0.087631412791662158,0.083778927557468852,-0.027576830595738094,0.99610271042278298,-7.2471360079748708,12.98572275595472,-5.4375542153322884,,0.5418249089372696,0.1538461538461539,0,3
-0.11011582580876433,0.99389725575848775,-0.0065383409364885405,-0.99281780758911242,-0.10968192890100249,0.047777352443431252,0.046768641635205957,0.011752423933099519,0.99883661060820894,9.766706217400305,5.9171151442648657,-1.5037012153057876,,0.4296643020272005,0.3235294117647059,0,4
-0.19969672155373525,-0.94310830555902958,-0.26583442851945865,0.96972926368788137,-0.22912743163299268,0.084414306966465624,-0.14052179385437111,-0.24093016427762937,0.96031571964281859,-4.1402999284483855,12.038524057856781,-4.7086028874327965,,0.2214836848840398,0.1176470588235294,0,2
-0.6197905875086096,-0.75480639242638137,-0.21477182680231774,0.77611386734977195,-0.63008459292243224,-0.025311473073570366,-0.1162191573842863,-0.1823752058642987,0.97633620835388557,-18.389013536777718,6.7994806542141415,-6.8814219235328489,,0.08975677746706867,0.15,0,2
-0.36945629881567987,0.92756897981975051,-0.055837540611729811,-0.92901851210009923,-0.36736191770820548,0.044382717279001137,0.020655445788876636,0.068271583355720575,0.99745292794465534,-18.418662634765635,-28.524599620722643,-3.3976890777335322,,0.2504222920765529,0.1111111111111111,0,1
0.61619456936011852,0.78612290309494992,-0.048114799393393637,-0.77342139439697466,0.61551331623207739,0.15153449848146913,0.14874003959975865,-0.056161719797021177,0.98728023471013704,-7.2068332427101671,14.229360773673202,-5.5967117962013475,,0.08631502576399461,0.2173913043478261,0,2
0.13120507851527283,-0.94660513923089307,-0.2944892829178381,0.98888479057609413,0.10401181704267459,0.10624694293369456,-0.069943536792728106,-0.30515611135473347,0.94973030348819643,-8.638218939813779,14.493838294245084,-5.8707536210040692,0.6447555199894922,0.4296175100231994,0.3157894736842105,1,4
0.58422369445190481,0.80383557292829866,0.11194215709911039,-0.79741910121629334,0.54286971136199447,0.26346774660505307,0.1510147405267675,-0.24318891459270806,0.95815118846811131,0.33086421112728537,9.2943261106029365,-3.5933397819874635,,0.5073626968687884,0.2054794520547945,0,1
-0.89732860997800024,0.43806406140393372,-0.053863195423606819,-0.43038832686299527,-0.89552103248817372,-0.11317229551170117,-0.097812339789122585,-0.078370648061673556,0.99211430173512349,5.8893118475864403,12.162986392984868,-2.8607573349213764,,0.3741580778837738,0.1333333333333333,0,1
-0.85387727921908785,0.51977178698727056,-0.027034819871209547,-0.51310779789458838,-0.84936371388150167,-0.12369991625377105,-0.087258121531326185,-0.091752771039805739,0.99195133410532921,3.5043736286736058,6.3090011289257957,-2.6865683441228816,,0.5068298362079372,0.3454545454545455,0,3
0.48626986626679669,-0.84123952485313325,-0.23634229199563001,0.87378277760782996,0.47021417054254427,0.12410596833727784,0.0067286489593593483,-0.26686081699242165,0.96371159048613708,-14.974876591023124,11.406269175201517,-6.7847361980914709,,0.5173192976188546,0.6190476190476191,0,2
0.042197692642257187,-0.97104263857685336,-0.23515005592466465,0.99373628185646301,0.016415629776102791,0.11053836085787809,-0.10347732533150512,-0.23834160602957516,0.96565300288327238,-7.7754422833288741,8.7973055520562706,-5.0329614874696711,,0.1100100439344157,0.3636363636363636,0,2
0.63275319759102489,-0.7567621377700815,-0.16411720743416572,0.77386407515920042,0.62552213989191219,0.099279633777717383,0.027527878892647975,-0.18982391667726797,0.9814321660415315,20.170067787597542,1.5891647505632116,0.62792742436921822,,0.1441784546154531,0.5833333333333334,0,2
0.89348934572989502,-0.36903781527124196,-0.25590599830209754,0.43174787065109654,0.86268812804176154,0.2633685059456537,0.12357412858445956,-0.34580382391701586,0.93013394202607269,17.862220130932393,5.1235258320649173,-0.047476581575805768,,0.2542478263773115,0.2592592592592592,0,2
0.65353812112687837,-0.73102554344221471,-0.19618761191513995,0.75621486794153314,0.64161092942070319,0.12835298497530986,0.032046805427694808,-0.23224355767796262,0.97212958610411782,5.8776675831287681,7.1518511925437176,-2.3404478394137347,,0.08594306540040349,0.25,0,4
-0.98232626607976115,-0.080269796853114209,-0.16909129688708052,0.10654367943908198,-0.98253814130776251,-0.15253604573040933,-0.15389461115119382,-0.16785577317640041,0.97372526313636121,-4.1478432734927511,16.685666714626642,-5.270144945165625,,0.5990279762628002,0.6,0,1
0.2804431912842299,-0.93766500575096634,-0.20527043979189322,0.95920315035532733,0.26579114479194238,0.096355506841093924,-0.035790121692058821,-0.22391829835953328,0.97395054435481421,7.599085522646722,2.2489999001528691,-1.5552123043438357,,0.07775055469396691,0.2280701754385965,0,4
0.50971435288219258,-0.80551384865329001,-0.302222960897503,0.86032513239260422,0.47952760396591465,0.17289865126240381,0.0056519942973219019,-0.34813893298864895,0.93742591083135174,-16.378863627717077,8.3452811381689038,-6.7166293825758512,,0.2315507594376497,0.1875,0,1
-0.92143818134475253,0.37801421433240118,-0.089760412893072711,-0.37949123612835095,-0.92519509670404176,-0.00065934556761908421,-0.083295135883518098,0.033455743863478667,0.99596316876714364,-6.9283299893648218,8.3227848459982994,-4.8437743313412538,0.7859699547096064,0.2869023222867005,0.3055555555555556,1,3
-0.87972444054683663,0.45647864698625662,-0.13308701495694719,-0.45924119006049746,-0.88824399457110392,-0.010960632289504359,-0.12321703638852988,0.051476703021503874,0.99104374827232655,8.3561797167754115,11.824115703069987,-2.3341015098731073,,0.1832266288490894,0.1428571428571428,0,3
-0.15517989942108951,-0.93595755828430038,-0.31607380135998375,0.9835391852198192,-0.1763579287708702,0.039351646684510778,-0.092573592091883469,-0.30476438448437276,0.94791813992404761,-10.611130043181708,-29.63631667586403,-1.8696492831575195,,0.2559849893020604,0.125,0,3
-0.96330259232159843,-0.21564383533601517,-0.1598306976399185,0.21367062370454379,-0.97645603124203573,0.02963922429425235,-0.16245916469131746,-0.0055995832547991323,0.98669937897779847,-12.498794255602935,8.088312414004891,-5.9148284967989611,0.199385045262696,0.1360349120364306,0.5046728971962616,1,4
0.073699023355487461,0.99299802617824862,0.092322120656693721,-0.99261631222537239,0.064096495072412565,0.10297813371552933,0.096339559167293976,-0.099229830824878573,0.99038988787947391,-20.156505690597545,7.1665367309755359,-7.3673210157128324,,0.2565231789705225,0.4166666666666667,0,3
0.81658148665796171,0.57613839605600092,0.03548554969973064,-0.55297654099467253,0.76315858587105057,0.33437391931917393,0.16556455163180417,-0.29266622866555198,0.94177218999163614,-0.32331206483241565,10.299126186329682,-3.7890285516573301,,0.2898062745307216,0.2857142857142857,0,1
0.97895546255482424,0.17207856127408155,-0.10970492734564181,-0.132188857984676,0.94425141944684965,0.30152174498254103,0.15547446143588201,-0.28067459026860891,0.94712695359110699,11.225400961130653,14.394071901164402,-2.0304348396686267,,0.2117260660225189,0.375,0,1
-0.48169295033267862,-0.83348992785981513,-0.27067774521752141,0.86487034795416307,-0.50195268110709035,0.0065411894216700758,-0.1413194354271419,-0.23095031085851667,0.96264779181428028,6.1122851355642842,-37.187703577143516,1.7753914054499933,,0.1370325379787385,0.5,0,1
-0.63010025090541488,-0.73516624003187436,-0.25000854650657739,0.76091920173169936,-0.64876946400634949,-0.010007547597112903,-0.15484069957516908,-0.19654206188577589,0.96819191055532039,-12.699805107655541,12.198862077896454,-6.3702729560059579,,0.9457493591959676,0.85,0,1
0.89169037823136021,0.43696918413988328,-0.11809403660532333,-0.4211143052442135,0.89651460514358616,0.13756563772586633,0.16598497307978813,-0.072934867356880581,0.98342742174261999,-19.118860136127704,-35.669830992639945,-2.8804125575337376,,0.1605688412617329,0.25,0,1
0.87967670513684315,0.4679726326816685,-0.084678861001887248,-0.4455885485071685,0.87326765876626444,0.19711530024877019,0.16619187669336644,-0.13566580709182643,0.9767164629037749,-0.6011526870874383,-32.284273069807163,0.094269941816454969,,0.08246671450397561,0.3333333333333333,0,1
0.8813714440175755,-0.43020522406310757,-0.19521230201804785,0.46322137749997211,0.86813443695591863,0.17823735522684031,0.092791880557528114,-0.24751982659989441,0.96442915879941971,-13.918863693152311,10.945342270533677,-6.4727345024707281,,0.8831071931823562,0.6140350877192983,0,1
0.99466696127414922,-0.012725756234283707,-0.10235082451018912,0.03354980329645442,0.97831107418893282,0.20440609780059224,0.097529722897274546,-0.20674984219476844,0.97352064996281362,25.739028116224372,-1.5007601722710586,1.9130256912599846,,0.2904817897412281,0.4814814814814815,0,3
-0.1102140489476769,-0.90222288473843548,-0.41694931306912675,0.98902180208995849,-0.14110086273687375,0.043891018735526158,-0.09843138932927574,-0.40753455410451694,0.90786940074304867,11.883484194489064,3.9597718287480212,-0.92412182570279244,,0.3327427472250462,0.125,0,2
-0.60581875317463485,0.79363434438344216,0.055930007303727346,-0.79520537314460449,-0.60179673702675973,-0.074088472962365412,-0.025140660768591276,-0.089360028642613776,0.99568204385592385,-14.103922439244858,4.5285070230715725,-5.8298305388556981,,0.7228089494040932,0.3010752688172043,0,1
0.13973212993371498,0.98982140221430936,0.026991176015268622,-0.98507658805391318,0.13619251428506826,0.10524122158533446,0.10049401739531227,-0.041293955625628272,0.99408035977809173,0.97966678995370648,-37.050809717854925,0.81547637820754537,,0.3181186983344326,0.25,0,1
-0.51783856635281589,0.85206628732673351,-0.076329949553877174,-0.85493564641050768,-0.51226827618971738,0.081647129197930823,0.030467354566954343,0.10753722709300503,0.9937341118703934,10.008966471854103,9.6752063815424894,-1.862087810447268,,0.2025148224546769,0.2307692307692308,1,4
-0.92468188064114887,0.37765007740059259,-0.048413207426024611,-0.36535897947049734,-0.91589993091250932,-0.16625321853948513,-0.10712719418628308,-0.13604313872366913,0.98489391747131194,-1.8397710414388062,-0.039858938796018026,-3.1094588879620462,,0.2083844415528333,0.2295081967213115,0,1
-0.98347138532621259,0.046502031920377329,-0.17499027193480088,-0.046746132300275446,-0.99890307435900538,-0.0027289468833397047,-0.17492522219366904,0.0054962772312856668,0.98456638048284573,-14.525386820591629,5.9362795612460841,-6.0818318521706489,,0.07406706376612729,0.1470588235294118,0,3
-0.98938071067858213,0.018438562408810609,-0.14417291268973068,-0.0009504301857408147,-0.99272031122746263,-0.12043869958992584,-0.14534409523474401,-0.11902269990529858,0.98219585159358491,-1.6585424414259713,-29.527004768503911,-0.3248195850488107,,0.3638770613773508,0.1052631578947368,0,2
0.9458220378869906,-0.26762342315622589,-0.18384334642691366,0.29455793643695527,0.94545522303841367,0.13910443311192064,0.1365880475345673,-0.18572055515620711,0.97306298905218236,7.6902192422688183,4.7564849544503867,-1.7964600499959154,,0.07221520596255648,0.2083333333333333,0,3
-0.78914229002014835,0.61417209653103877,-0.0068616284092147791,-0.61346287937738375,-0.78868365488683534,-0.040514048678873704,-0.030294252388319259,-0.027761994831299527,0.99915540829003247,-1.5409600083381805,10.528393048028784,-4.0674354890012268,0.8040198016766765,0.6660692527696999,0.6349206349206349,1,3
0.98838125302768942,0.053006894621007834,-0.14245268613140383,-0.031454776963967694,0.98826260892583428,0.14949117969047782,0.1487047264533374,-0.1432734620288805,0.9784475557783856,-5.269969519040548,-27.63166472563357,-1.1094248294761533,,0.0702081867713862,0.2352941176470588,0,1
-0.4175980663538052,-0.88527536625530967,-0.20469338259721806,0.89861070610231408,-0.43574171752414309,0.051263578566179233,-0.13457582938947049,-0.1625320937865444,0.97748282063343617,-11.574613901128641,8.7293465656015048,-5.8217895898137071,,0.07319009561474046,0.3333333333333333,0,1
-0.67045995823863402,-0.696638871130417,-0.25529929030216419,0.72524607823540588,-0.6879435145265359,-0.027419825401396831,-0.15652977481237887,-0.20353870406145799,0.96647318925367476,-12.453005475158651,14.593965812976547,-6.6935264625558029,,0.3867250642927993,0.35,0,3
-0.48222273216592315,-0.78983435024809634,-0.37897616778710447,0.86516287395452018,-0.4973481564588797,-0.064327387617624743,-0.13767511798864351,-0.35889623909302915,0.92316794325393037,9.9003005544966083,8.0734895785842635,-1.7352025666220317,,0.7602838199305859,0.6944444444444444,0,2
0.80631309703551002,0.58813751458397479,-0.062876493922520274,-0.56215119236148592,0.79504113774640151,0.22780611540840223,0.18397072178899304,-0.14833695840852318,0.9716742871428391,8.3382155049045021,3.1188629239682557,-1.4876046486259968,,0.1755957753260421,0.186046511627907,0,3
-0.66490685308193431,-0.70621485801795925,-0.24322715933742467,0.73013348065694328,-0.68319403167240822,-0.012288836843972851,-0.15749278443299025,-0.18575922427129807,0.96989150601996188,-6.5589047696655625,1.5025607374709646,-4.080058241957647,,0.5983739771080071,0.3317120622568093,0,1
-0.10951792340976299,-0.91714086682932372,-0.38322115657094163,0.98933695959788914,-0.13781898818250887,0.047098905188486251,-0.096011482780018406,-0.3739766796043657,0.92245500610407849,6.1928840540314321,4.9463479316386776,-2.0637722601950679,,0.07553859704107491,0.3333333333333333,0,2
-0.92105941663698221,0.36538095624751765,-0.13470823225027187,-0.37476624839202949,-0.92568016308353174,0.051638113247976007,-0.10582915520076276,0.09804586929237176,0.9895388812089182,19.371539171755565,-1.5474697706683416,0.81525757716275227,,0.07980486231045193,0.2727272727272727,0,1
-0.45869371714323037,-0.86535380724136779,-0.20189814795137936,0.87766254468554949,-0.47673177676403128,0.049348461774371431,-0.13895514207618573,-0.15456261293172008,0.97816249528097687,-14.885236523862085,7.7854964493893677,-6.3347025237886383,,0.09278544550524842,0.3529411764705883,0,1
-0.30942594447799715,0.94917720263751282,0.057604017890469164,-0.95040940072839974,-0.31068244022374053,0.014085181706541309,0.031265890215758922,-0.050389079470138022,0.99824014384273696,-12.985620658716089,9.2216592976920229,-6.1603051178986776,0.7942434880011481,0.7965854417267657,0.7011494252873564,1,1
-0.97169502507131111,-0.14635586811620471,-0.18544200742986011,0.17569296680504023,-0.97246469889683962,-0.15311561257664688,-0.15792643751730476,-0.18136253545710851,0.97065280665419285,1.5165417889307298,-31.541073920526291,0.37123019451445566,,0.3227738821900909,0.1111111111111111,0,1
0.98838864036477192,0.021029224027064752,-0.15048477442817484,0.0056500439119757662,0.98460522349304114,0.17470154800119139,0.15184193294894485,-0.17352327108212137,0.97305380210515091,2.1442138444552303,8.8164246683976675,-3.1783958657647498,,0.08021787575079407,0.1081081081081081,0,2
0.82447303208169598,0.56403136659697473,-0.045965605236565461,-0.53319027853803391,0.80146440315726186,0.27085593466695101,0.18961103934778745,-0.19880499985292918,0.96152182803664343,13.64648619749272,-32.88556553170956,2.5377430393688329,,0.1789663213139527,0.3076923076923077,0,2
-0.23899760858358243,0.96950709421574877,-0.054186136203503911,-0.97005547878470166,-0.2359013142296898,0.057818146152301873,0.043272522125624109,0.066381956961519217,0.99685551842724285,1.9232519680818001,10.116059486415763,-3.3183850402100359,,0.7163310644754075,0.5631067961165048,0,1
0.52915630537015745,0.84742355659755653,0.043207872090091692,-0.83587147878090273,0.51182851598277712,0.1983694562867378,0.14598792911618547,-0.14108467652589804,0.97917446790750784,-14.165021308643473,9.0403595138430681,-6.2861831085929767,,0.6184354426211418,0.4680851063829787,0,1
-0.77616293243780643,0.62724147672895825,0.064336864863170709,-0.62728218904808619,-0.75778505304845367,-0.17966320903121547,-0.063938701993294017,-0.17980529260071523,0.98162207551592118,0.081515339223144467,-33.907613592712309,0.38778763544072747,,0.3010736628535766,0.4,0,1
0.97419212737142025,0.2060391153334549,-0.092182329760940998,-0.16199501714322811,0.92258931022057289,0.35012366256437677,0.15718560172074511,-0.32615463758673702,0.93215655283452914,11.274677388890694,13.069858279696019,-1.8763461374708112,,0.6140691679114595,0.6190476190476191,0,1
0.16451889642448406,-0.96024518285600591,-0.22552765134480976,0.98481231448443551,0.14704648321220848,0.092314879703821545,-0.05548187054416294,-0.23728995043355255,0.96985320614212711,17.029067390826555,-0.11373274414649129,0.25611669006076393,,0.08770257647037918,0.1764705882352941,0,1
-0.52830056023293082,0.84564658649796931,0.076028736684921397,-0.84900630072625549,-0.52516390043456118,-0.058233830437969869,-0.0093176920260051779,-0.09531384172664456,0.99540366293811566,-4.7179274111546272,-30.462703111208683,-0.73404654591294627,,0.6962507146311387,0.6060606060606061,0,1
-0.81168569483212794,-0.55861124842874421,-0.17064526343782821,0.56017954626642685,-0.82723189727344693,0.043431141800711552,-0.1654243293763831,-0.060339549735254211,0.98437489300983327,8.3919269575278097,0.80056681099678029,-1.2929388121165777,,0.07339092973263345,0.2258064516129032,0,1
-0.84762400876004473,-0.49906217694537541,-0.18019568062552233,0.5039031823066018,-0.86349999217991813,0.02119779154916095,-0.16617798480795204,-0.072833419855345125,0.98340234406744409,17.596580338476354,2.3987773870500244,0.16071042120958565,,0.109235636603488,0.2142857142857143,0,1
-0.7582560418057348,-0.60712193689784444,-0.23759362113177476,0.63118005299554525,-0.77487726565669823,-0.034306907015046607,-0.16327741964411385,-0.17597777389718375,0.97075862464803842,-22.250509884328235,12.302880361260558,-8.4600531412132849,,0.1133091724787587,0.2,0,1
0.97621586928294302,0.17017353032042795,-0.13432626749236726,-0.15001944682169349,0.97752373846636886,0.14812665631157682,0.15651435121247395,-0.1244520402123539,0.97980352497402345,12.767666700867753,-34.010632922392077,2.4899055261245868,,0.2058182264234071,0.6666666666666666,0,1
-0.92445961086206996,0.36612533301628208,-0.10642682184707009,-0.36594452419341444,-0.93037821049965508,-0.021931498816000157,-0.10704687336679683,0.018671527821181907,0.99407863921885808,-1.5830208372907602,11.276819602037586,-4.1540531031372518,,0.1083942393294979,0.25,0,1
-0.93644455224549594,-0.30726905856723163,-0.16928474892009537,0.3103203946949859,-0.95059131009352271,0.0087985118644052195,-0.16362412171217494,-0.044293191597435964,0.98552790928112843,-7.1502174639574978,-30.565933979264486,-1.1601763902035915,,0.1122618484120796,0.125,0,1
-0.82646368781278212,-0.49226807640897469,-0.27318476106017497,0.53801822511346931,-0.83350536052914648,-0.1257187472691739,-0.16581363687178752,-0.25088035976892703,0.95371111082421867,12.147683071058358,-39.209488370226971,3.1681008066417693,,0.3457065855251106,0.2173913043478261,0,1
-0.98848923978673087,-0.030446750442882552,-0.14819587785535829,0.028869543586660839,-0.99950145220413111,0.012782663843311786,-0.14851118570312916,0.0083571783098158724,0.98887541444397797,-12.224781685628313,6.0944304116062336,-5.647183829453116,,0.09237986468902332,0.4444444444444444,0,1
-0.88411526743967861,0.45366268288952027,-0.1119391085972582,-0.45779052803593706,-0.88896584854532801,0.01294420954185768,-0.093637739830925937,0.062688836913505672,0.99363075808158652,5.1907286852056611,15.337623406076307,-3.2083338729485544,,0.3515700392321629,0.28125,0,1
-0.97845548006977467,-0.096879121961376505,-0.18231650843908467,0.13560740449141279,-0.96744158812577863,-0.21369933413975045,-0.15567756861066526,-0.23381875308166181,0.95973604982766347,-4.3102793855269805,0.70241168257825148,-3.5935357598584603,,0.6313901239278696,0.2800925925925926,0,1
0.32786606170553206,0.94393883112889065,0.038514006137099578,-0.93650098143438487,0.31937476516819174,0.14479527321772945,0.12437747928840938,-0.083541860529837128,0.9887117882300559,17.305096736385909,7.7493808367309738,-0.32091452538221332,,0.5095789582809933,0.2941176470588235,0,1
