axis_00,axis_01,axis_02,axis_10,axis_11,axis_12,axis_20,axis_21,axis_22,location_x,location_y,location_z,dbh,dbh_approximation,score,reconstructed,number_clusters
-0.98758093936546609,-0.11066362071642648,-0.11152332156080128,0.11813148293973166,-0.9910150163337309,-0.062723122845682336,-0.10358011846142498,-0.075118575938216525,0.99178039837886045,8.6731039318097807,9.157957417335183,-4.8404158026163469,,0.1597706940394068,0.2307692307692308,0,4
0.72194556779779062,-0.66734472627284058,-0.18288141910252481,0.68984243906055653,0.71476506739383761,0.11501438042464723,0.053963009627970251,-0.20919348639312457,0.97638418608792565,-8.619118189522025,8.4869951648664408,-7.4285292639507778,,0.1547519808118184,0.2033898305084746,0,3
-0.94394311649575624,-0.28581906065974205,-0.165163123559294,0.30782650519735261,-0.94283431117382255,-0.1276961407849474,-0.11922346882331594,-0.17137948020975999,0.97796464059022581,6.8383516012338355,10.259520619364869,-5.2076062181238276,,0.08109867856935912,0.1891891891891892,0,2
-0.47496918010520867,0.8796718737899728,-0.024117885749484744,-0.87698578282300532,-0.47543053232037513,-0.069726219343134097,-0.072802573282184854,-0.011966762319196729,0.99727457699627009,-3.1179037341793654,7.3239599330046374,-6.5335902059646909,,0.222226387800262,0.4137931034482759,0,5
-0.84939618517848514,-0.48561772285908467,-0.20664352844788572,0.51950735585647445,-0.83831716337295725,-0.16533735453711504,-0.092942066983951632,-0.24778975128014166,0.96434537969820489,-30.773352997089074,-0.88743443767973951,-10.008028139067077,,0.3861693160733437,0.2222222222222222,0,2
-0.2743253309024154,0.96162314868451004,0.0051509940176002137,-0.96145684834983047,-0.27416635794894334,-0.020821549659513331,-0.01861025487444987,-0.010664336974277849,0.9997699387011032,17.565494647399309,6.4618918578299303,-3.4758561411540558,,0.2440132760074461,0.4769230769230769,1,5
0.47868468929700708,-0.84585875856307591,-0.2353379034383552,0.87612035840799629,0.47765651336922338,0.065248546489570666,0.057219627888274331,-0.23741780851083957,0.96972093840766294,13.530715156661199,7.5799032606400027,-4.1203956167278335,,0.6203326797421217,0.1388888888888889,0,1
-0.32767884383116358,0.94243373808659259,-0.066672517738611395,-0.94400265085030799,-0.3294686898598258,-0.017589132714367104,-0.038543099162698435,0.057175446812276536,0.99761986637634315,23.703940783039471,-2.5912173835393513,-2.3539960222573879,,0.1552619249997925,0.4722222222222222,0,4
-0.94731748014284811,-0.29035110332887032,-0.13522510348123934,0.29681611003920427,-0.95446508013277609,-0.029943407092846926,-0.1203735379433504,-0.068502902149037551,0.99036233963138964,5.7726164273457465,14.518599123275965,-5.5722510721250371,,0.1290748244547584,0.4893617021276596,1,5
-0.025372898996655843,0.99227978529437244,0.12139622602313663,-0.99938222826556167,-0.022223623211407389,-0.02722631811903839,-0.024318261111090651,-0.12201204148571729,0.99223066063744547,-3.9287623990925935,28.511475264618674,-7.8913836831327862,,0.5006539117575622,0.2307692307692308,0,3
-0.75059757791108883,-0.6203782517059947,-0.22745131532752391,0.6511085608195849,-0.75305107467355314,-0.094719168917678814,-0.11252074502711069,-0.21919147735078662,0.96917190332537173,-11.173112986930359,-17.801830358616147,-6.8313945329014309,,0.4396113556483662,0.6260869565217392,1,4
0.53942097227210251,0.83722800130379704,0.089857044831597552,-0.83910420357032589,0.52557549707183238,0.14026593466805878,0.07020790713037503,-0.15106181089390022,0.98602798087368038,-8.4030057179376367,13.966141580007395,-7.6986777058976923,,0.7387481734167984,0.3469387755102041,0,1
0.52664385278839576,0.84699207981364866,-0.072461500489185371,-0.84673312803782685,0.53022074329133262,0.043691798622440395,0.075427198035401002,0.03834553580974568,0.99641374823915008,13.009671407106733,13.810555694454804,-4.4119282786955711,,0.5298424469446179,0.8636363636363636,1,5
0.7432113894935366,0.66884545619684777,0.016810301957966983,-0.66133105896627109,0.73059039674616733,0.16993793757966238,0.10138077220872659,-0.13741698551165182,0.98531137774779287,-6.5976550355716297,16.429745431341459,-7.5059242418259373,,0.5085165232836417,0.2941176470588235,0,5
-0.91775517257754236,-0.34657015745392106,-0.19394475803570926,0.37004488128167673,-0.92353384935414962,-0.10075720785302197,-0.14419510756053835,-0.16423871364410902,0.97582448006602784,-1.7420189598850111,3.0896560050748341,-6.2059398623232065,,0.4105810058077639,0.2967741935483871,0,2
-0.07454798177219181,0.98568894772662019,0.15119489655170357,-0.9971980825577681,-0.072740335965426201,-0.017459314612755877,-0.0062114858772465533,-0.15207281760138569,0.98834977391102385,-24.085555847672055,-1.3451776523431627,-9.1379047696796025,,0.7208291017196404,0.2987012987012987,0,1
-0.75453473634463775,0.65508642831907515,0.039231404276223555,-0.65537387695595706,-0.74906245487618917,-0.0969046959572884,-0.034094179166617736,-0.098829196733625072,0.99452017416437577,16.556400829298177,2.1151891246237335,-3.5091364966339951,,0.4603415974426474,0.2666666666666667,0,2
0.71222245388646654,-0.65315070129681352,-0.25716402854096937,0.69919763071983287,0.69253658913497973,0.17752674701312066,0.062143779863411686,-0.30624701485038003,0.94992153176960836,16.023899041045695,7.1251579001850827,-3.7908593781467759,,0.6636583632449827,0.3137254901960784,0,2
-0.4767836366895622,-0.81805767070379543,-0.32165044876038457,0.87731761571162847,-0.46562443591720676,-0.11622257026433042,-0.054691543652924057,-0.33760262451507145,0.93969851706459384,18.5051320276552,1.8734006894843753,-3.2209322914464429,,0.4472809193009669,0.1944444444444444,0,3
0.065554575429317252,-0.96156515531209907,-0.26663654987623336,0.99774481634496914,0.059303321018881527,0.031438790893984402,-0.014418012936121381,-0.26809619207618485,0.963284253321533,-9.7468207375004194,-19.65689503901077,-6.6100466359562571,,0.2854578866545937,0.2727272727272727,1,5
0.50050554576039241,-0.82850261211556375,-0.25115258386243988,0.8636521965850974,0.49793316868810289,0.07853306853779439,0.059992349485815895,-0.25621471705956617,0.96475641317653782,-12.02007968490728,-17.132244942941433,-6.9815559283213853,,0.2096518287018942,0.15625,0,1
0.13312900055090959,-0.91695897626005685,-0.37611554749627468,0.99103451670016651,0.12748165619019455,0.039987673649142554,0.011280776621367864,-0.3780670088636558,0.92570950134894114,0.12150067979433567,12.707681770710755,-6.2948717717491576,,0.593195186233741,0.4158415841584158,1,4
0.41308083287610647,-0.82014591741053255,-0.39588495761422765,0.90907581417920946,0.39725358850400616,0.12558164871946009,0.054271443548059427,-0.41176481221144484,0.90967266081799136,12.224040500502033,10.025248585264368,-4.3867582910837877,,0.3757149497059286,0.1836734693877551,0,4
0.49098991923985269,0.86905605177947653,0.060584470537514194,-0.86864165159606865,0.48309272822534161,0.10992314155013219,0.066261454234698841,-0.10659734894107001,0.99209194376400367,-26.605168976334124,1.9992599367736668,-9.5971589188801758,,0.2239413853153819,0.2962962962962963,0,2
-0.59451722224124137,0.79767323929067324,0.1013246059853229,-0.80165995789629141,-0.57822585955006245,-0.15164487216291192,-0.062374549010575292,-0.17138336753347511,0.98322792727251784,-6.1791076566190313,11.56288533578017,-7.2017547842864964,,0.6742295116403632,0.2666666666666667,0,4
0.91265165797494574,-0.35495225004966308,-0.20267178239770853,0.39817461713885277,0.88407352945420181,0.24468544865749381,0.092325107429727368,-0.30401133976066164,0.94818414869423817,11.820886435372334,22.844634215909462,-4.9509353024826011,,0.2959430367759208,0.25,0,4
0.94023823186037536,-0.26197351456037199,-0.21753607750661427,0.30521313910537273,0.9316299016276316,0.19725786704396878,0.15098677778375666,-0.25186425721443334,0.95591181019605687,16.865233594155669,0.62589024046758834,-3.4122688965958363,,0.3131086537714491,0.1428571428571428,0,5
-0.1532443921645241,0.98280952917686182,0.10296400161843736,-0.98818721119564146,-0.15225399434909498,-0.017457285989744178,-0.0014805065037125451,-0.10442294079320773,0.99453187859243197,25.782115478752083,-3.1075074000293816,-2.0565908830288868,,0.2753555417242515,0.1818181818181818,0,2
-0.98945048456976392,0.086596791646215407,-0.11614101024720505,-0.073166705666703705,-0.99063267562989477,-0.11529759388746033,-0.1250374814467301,-0.10558360502908463,0.98651798289870052,12.690960531025004,5.6880821632273175,-4.1631235455568794,,0.09191596163489406,0.3243243243243243,0,5
-0.44612109307006037,0.89495168871633946,0.0061192468283752365,-0.89205058514131652,-0.44410208565616016,-0.083780015904052443,-0.072261496434887246,-0.042834709986419243,0.99646548548023972,17.46504122907492,4.5731888737614987,-3.4071944729533929,,0.3004608579464504,0.16,0,3
-0.75733527842340309,0.64675592223607026,-0.090277644563398846,-0.64410564357469957,-0.76258958083237882,-0.059875296417786328,-0.10756949367998034,0.012802666068667982,0.99411513205008895,15.052690915966487,9.0141142388595306,-3.9800284438303248,,0.1357551826046999,0.24,0,5
0.26432788229869869,-0.86917772298174123,-0.41792446268645289,0.96396334661074246,0.25162495054366601,0.086368690246609911,0.030090480729003232,-0.42569351667152827,0.90436695695570635,6.7318290687640534,16.151791299126522,-5.4705926421286604,,0.7996027752777233,0.4411764705882353,0,1
0.83038742807444621,-0.51015686398490245,-0.22404618591932554,0.54989819073132651,0.81517754079749183,0.18192733936868324,0.089825937937328904,-0.2742727677120792,0.95744751802134609,-12.267007892445751,-14.272823805767187,-7.0294791613569396,,0.1679806705527594,0.2769230769230769,0,3
0.94789565445944612,-0.25702452304012602,-0.1882344889038518,0.2786666193960104,0.95528226854058984,0.098897434983643367,0.15439800352108715,-0.14619911753475334,0.9771320660692504,6.6793973258463435,12.184343906858119,-5.3922973242795624,,0.1339262023733794,0.1666666666666667,0,2
-0.26365322073442876,-0.9054722958228506,-0.33257615773482485,0.9639405691217936,-0.26022825861612486,-0.055676140480214534,-0.036132511641399703,-0.33526284451891741,0.94143149866974862,5.1312873308159501,13.934248844875508,-5.6209278467078105,,0.09425452714881845,0.1304347826086956,0,4
-0.98482965758543228,-0.10551821432167617,-0.13775504341592679,0.12159257849783844,-0.98601022239617531,-0.11401353509338717,-0.12379737636317686,-0.12903390165614939,0.98388234145602194,12.265329950777918,7.2262138633601261,-4.3053540533383385,,0.115176469912104,0.3870967741935484,1,4
0.35069132540391129,0.92709529247193145,0.13232502772654858,-0.93515320634800247,0.33912665929141755,0.10237963476635997,0.050040732843339403,-0.15964782376915335,0.98590491297197369,-24.023461699844123,1.6012651155382729,-9.221131716616279,,0.3509394760357124,0.2272727272727273,0,2
-0.87957452543781423,-0.42455567749308992,-0.21471173910437841,0.46007071146760625,-0.87396735758298083,-0.15657585487268624,-0.12117588312256694,-0.23650271581486149,0.96404505639604876,13.847658326152759,9.6767033961006153,-4.164125913021258,,0.1843141868913611,0.25,0,3
0.99021139936455127,0.015397103307130401,-0.13872387602084371,0.028380770109877045,0.95092218697551589,0.30812582852736087,0.13665985678489195,-0.3090467982805386,0.94117700780250735,6.7244331689261649,18.514524080563515,-5.5658519595828579,,0.31161125068648,0.2352941176470588,0,2
0.98959443714473405,-0.038776322021376472,-0.13856134678434373,0.073422525660727961,0.96427460813920451,0.25452625173758325,0.12374159647344299,-0.26205128686667123,0.95708784359311816,-13.699361787801635,-10.936513498003778,-7.4106889773037521,,0.4045532671728547,0.3,0,1
0.8931558220131266,-0.37214206811838585,-0.25255288305744367,0.43572411229809654,0.85512746483914159,0.28089413813716124,0.11143238113803317,-0.36092561562509468,0.92591334606406583,-13.176757492002624,-15.322408529285296,-7.1746927454202449,,0.6261024109534694,0.3896103896103896,0,2
-0.50407702040298752,0.86348331146569735,0.017404836163561459,-0.86154082404658183,-0.50132835117089247,-0.080108007174141516,-0.060446389493367697,-0.055375582457512923,0.99663422521239386,-11.907352785831126,13.22223662469656,-8.2389125522715005,,0.2059183668179709,0.2,0,1
0.24538801536432497,0.96921040732843544,-0.020393828522535937,-0.9683818285690553,0.24604537254718384,0.041210541677721521,0.044959493022180656,0.0096364399217921566,0.9989423321757982,5.4968651928435266,16.780334612758274,-5.6971354809901866,,0.143665154118468,0.2222222222222222,0,4
0.40108352480111409,-0.83470807942248881,-0.37735186269572646,0.91481552782453412,0.3862880335283046,0.11787325907072663,0.047376747294779302,-0.39248436567544404,0.91853767833231048,-12.900545936829552,-9.3166791398277535,-7.3685669609787512,,0.4366995359870919,0.1,0,1
-0.31610938214506124,-0.91363253821426438,-0.2556373283306424,0.94772891202365661,-0.31642894183370163,-0.041019923018705634,-0.04341391291192595,-0.25524166957251504,0.96590212872708336,11.638510087268759,7.9054455790796005,-4.4057910479541418,,0.124923650993982,0.1458333333333333,0,4
0.10824628440918516,-0.94214068355123837,-0.31725963233479809,0.99377738809097449,0.11097815310342153,0.0095053907249660358,0.026253472735745336,-0.31631437199621371,0.94829108043783406,2.8188893601574336,16.344902670639222,-6.1013879246529239,,0.2345373433854945,0.5,0,4
-0.69560535865153528,0.71814144726684137,0.020150601300092302,-0.71338934217883321,-0.68714395186339738,-0.13750940289014649,-0.084904837794559831,-0.11002750172133963,0.99029546973821925,1.1786645751348452,-14.140828972542389,-5.2480289101017386,,0.4476770572387047,0.4210526315789473,0,1
-0.72845108843056738,-0.60056751601100433,-0.32966296497588965,0.67831717062366392,-0.69978427002553534,-0.22402631868139225,-0.096150027568533095,-0.3868082653424067,0.91713387139575719,-7.3871030956801613,38.737975241931046,-8.8552015704727332,,0.5610331559783825,0.25,0,2
0.44297054239625794,0.8829974609877167,0.15521785483123629,-0.89463864238447299,0.42409960220601584,0.14057463128589906,0.058299212015534813,-0.20113431158791606,0.9778272805462237,-10.101036093574024,-14.361696854970885,-6.7586089521901451,,0.7131260123024219,0.2978723404255319,0,1
-0.98710883158671325,-0.068929463237771965,-0.1444468196301516,0.10122066213106448,-0.96795807680936052,-0.22980761322739598,-0.12397795030271222,-0.24146612730831657,0.96245705213347643,5.157640226478148,7.6176425099476361,-5.2931380546564535,,0.6858651000577106,0.4296028880866426,0,1
-0.7758275391668189,-0.57967293908677353,-0.24914034831969806,0.62310642788817416,-0.76597609977999048,-0.15817393619138034,-0.099146401824769317,-0.27795664815999044,0.95546328697070604,21.79470567883261,-3.8876646486116702,-2.6115521555761756,,0.1179840734123731,0.3,0,1
0.65530221290033153,-0.72748119831511315,-0.20334727897352528,0.75114642569896473,0.65600194785266686,0.073759687995395465,0.079737424886932973,-0.20107846854279429,0.97632442997237689,-19.5281023459575,-0.91104393067430378,-8.5473888816131769,,0.4735681379182048,0.15,0,1
-0.84644373655351279,-0.47076661034128525,-0.24882081793351743,0.52147797774495019,-0.82737734241929906,-0.20858440013149596,-0.10767413606045514,-0.30630953599089139,0.94582278920772478,-25.832992322902339,4.6477817200448808,-9.6071454759334323,,0.4719903040596098,0.375,0,1
-0.69168731131304995,-0.68560943305827671,-0.22695455199231576,0.71670467147644445,-0.69033488642218832,-0.098854228398722835,-0.088899253384752103,-0.23103560307877502,0.96887536497614635,20.711904808967063,-2.97507524282091,-2.7937241860177204,,0.8343852119897825,0.6724137931034483,0,1
-0.83799488667836131,0.54248471159967537,-0.05894834672437714,-0.53347224369444879,-0.83717688608422913,-0.12059115479140277,-0.11476905117901348,-0.069607464304702535,0.99095048605091185,-9.4819569392761682,4.5618884374942219,-7.3177174535380933,,0.3019041755614252,0.39375,0,2
-0.97783408383374393,0.17851733809672221,-0.10941692964017337,-0.16720649330781548,-0.98030290823221122,-0.10511040246889082,-0.12602576359112272,-0.084485312985922642,0.98842285424859777,11.275547636374233,8.7718242528376216,-4.4693759130277257,,0.1098437076894718,0.2142857142857143,0,2
0.88651607516835451,-0.40234911087559289,-0.22848291280906921,0.44951793989193684,0.86595181166757862,0.21922837769081741,0.10964884943949982,-0.29705664922243091,0.94854334480261671,20.45612177496977,-4.9241525233538157,-2.7461122798628286,,0.2438355033409255,0.1428571428571428,0,1
0.82303061537354461,0.56360897101090901,-0.070466544926419947,-0.55697717724272044,0.82514710443365069,0.0943858044172525,0.11134195161112383,-0.038434149408893704,0.99303866287805709,-10.044386154106013,-22.589550004620801,-6.5761484865076811,,0.1521938442413253,0.1764705882352941,0,2
-0.67976214491384512,-0.68544212440275309,-0.26094543574542295,0.72677821907242546,-0.67733759191745335,-0.11404914229128847,-0.098574066691202736,-0.26717574865564714,0.95859286076324002,16.670820466419197,3.1201590286812055,-3.4940999222059408,,0.5225397729247195,0.3125,0,2
0.17948615024327333,0.9599994508280002,0.21490876268962908,-0.98342814648196164,0.16941375377667264,0.064560519966545452,0.0255695635063036,-0.22293504534109293,0.97449790301511796,-22.728543583379707,2.4094441469462908,-9.0466103024098992,,0.7496540021535649,0.5384615384615384,0,1
-0.94703483973299019,-0.27725915088731207,-0.16202584849694751,0.30182955331926942,-0.94079357559740528,-0.15429312641118889,-0.10965369613013179,-0.19502515572073162,0.97464929875371298,3.762405991810414,17.971023289376657,-5.9843967205664113,,0.1802427147222673,0.3809523809523809,0,2
0.9832111465387563,-0.11057272404821959,-0.14515341545585383,0.13501327252878292,0.9759642134631088,0.17107095101273911,0.12274875788785825,-0.18779650352413557,0.97450767862603127,-12.063516141601182,31.596914929653614,-9.6772655999091217,,0.2360706464458845,0.25,0,1
0.99159530379290872,-0.0059981360910019545,-0.12923921950894776,0.036551106823312113,0.97121948900825883,0.2353650797389587,0.1241078969519627,-0.23811074426402806,0.96327592276574159,8.9620123706118164,21.236801078258626,-5.3472052927300293,,0.2182510586134731,0.3846153846153846,0,1
0.84658008386874695,0.53223922857093664,-0.0048543966668805815,-0.5209329782268044,0.83039907723994999,0.19765172580777299,0.10922908858237776,-0.16479919929797474,0.98026028692292211,-12.048530123356631,3.9958939592721663,-7.6675536393274673,,0.2991116087975409,0.5319148936170213,0,2
0.47455471810882094,-0.78046681748967872,-0.40702501927791795,0.87839824976368019,0.44968167643216955,0.16187311294114487,0.05669509972440763,-0.43434771402493383,0.89895924767953383,29.060755705768798,-9.2780035830828655,-1.5528146872652318,,0.4683469677490584,0.3823529411764706,0,1
0.98378354149940561,0.13779165622576597,-0.11481900082062806,-0.12992411463919662,0.98880106218769148,0.07343149087219937,0.12365139671717401,-0.057322935122456287,0.99066866973718248,17.035676311226105,19.433307585110903,-4.0166112944646173,,0.1699445767760176,0.3461538461538461,0,1
0.72657146386113158,-0.64242968856876914,-0.24367602087223689,0.6813174111571807,0.71951434262786895,0.13455740784833339,0.088884718353436767,-0.26378628849547847,0.96047712145839825,-9.1630716037397466,-21.410263027624939,-6.5114288664677424,1.071537385472621,0.7390385943877315,0.7142857142857143,1,1
0.94895848201963406,0.30930852608299769,-0.061693071696535887,-0.29176472698830286,0.93518010420715536,0.20077728153487362,0.11979625824052881,-0.17252944208875298,0.97769240977114635,15.923899893288244,12.970852015245274,-3.9656797092244855,,0.3171008268382504,0.1111111111111111,0,1
-0.63173034556586638,-0.6833386628393805,-0.36601235274252636,0.77088588985600792,-0.60346413971818946,-0.2038773574850756,-0.081558048726921226,-0.41094927173931572,0.90800274269673009,5.8536073272191951,15.821225465951795,-5.5964830894121551,,0.3617437565150476,0.35,0,1
-0.071494614657805183,-0.93785081115369329,-0.33959442883135132,0.99736777700598245,-0.071343319911106012,-0.012947899219836412,-0.012084596190084571,-0.33962624563249139,0.9404828418490695,2.0141586945278043,9.3808512798015737,-5.9546786255709465,,0.1004055639343683,0.2962962962962963,0,1
-0.040735110226456303,0.9991688791812372,0.0014838027322353429,-0.99916804007966997,-0.040732059146683743,-0.002031512003835063,-0.0019693852312636798,-0.0015653221332350934,0.99999683563920816,19.366829619864124,-1.2832172722647488,-3.013971376361956,,0.0991341543121686,0.1304347826086956,0,1
0.83417214624598635,-0.46934971043944512,-0.28959917081679398,0.54183816866066969,0.79534951010550348,0.27171778697278548,0.1028018939991734,-0.38357529389331818,0.91776999542632576,-22.334633406727104,1.5800310608176789,-8.9782823669455798,,0.3658121800480416,0.25,0,1
0.65978003524263806,-0.72002129883174371,-0.21508052985770881,0.74715491276881896,0.6591462473901718,0.085356668613963807,0.080310904743021549,-0.21701510035042287,0.97285898505346302,-6.7392580808895213,-22.387636731884466,-6.147243785882706,,0.4743799398208121,0.4,0,1
-0.94627455131090987,-0.27569946967144249,-0.16898010523201107,0.30047836057917077,-0.94278676657195548,-0.14445022533887295,-0.11948735650682885,-0.18746443715991226,0.97497684917916261,2.9421721459047387,22.756911345001111,-6.3477446710514096,,0.2969573358644049,0.7058823529411765,0,1
0.099356935426021836,-0.91210029513433344,-0.39774520864318391,0.99500815041185997,0.094816615825940295,0.031122178222044848,0.0093263067029788083,-0.39885192863915886,0.91696791602765726,14.944657372550678,18.266500565674811,-4.2861631857740399,,0.2812554761054906,0.3529411764705883,0,1
0.5515648021606373,-0.74807232438027693,-0.36900415514433937,0.83147783186244195,0.52834707561287675,0.17173812277026598,0.066489729574053608,-0.40154347857686828,0.91342320458457715,1.2879257223200502,17.167274436812662,-6.311913613142683,,0.328801704377847,0.4285714285714285,0,1
-0.98763783797824434,0.10072999604576142,-0.12010399198311124,-0.096633819870510729,-0.99453709167015303,-0.039469965157144023,-0.12342368431906435,-0.027375923525853142,0.9919763872997247,29.145250432188419,-11.238576457406975,-1.5135589135721057,,0.1385244542601936,0.6842105263157895,0,1
-0.98424071031282068,-0.11596045141262597,-0.13350429907345812,0.12636909413761732,-0.98934481128665641,-0.072302810643911447,-0.12369751901211808,-0.088034187043167206,0.98840725700588439,14.924512312616825,7.9037001778826186,-3.9512958012914372,,0.07301166839014243,0.1481481481481481,0,1
-0.44427588264600576,-0.87656797852700263,-0.18506085247884643,0.89398058678810455,-0.4472468655569824,-0.027729978280759005,-0.058460675202304538,-0.1777605700669847,0.98233575175922005,20.604333061708026,15.838197777350448,-3.3117795608118605,,0.1857153304824977,0.5,0,1
-0.3566863977773993,0.93404164058855521,0.018466924140818079,-0.93329050787381318,-0.35537677099949372,-0.051731794349445456,-0.041756934193289255,-0.035687032387316193,0.99849025742175568,23.252826640404709,-6.0280357786995635,-2.3357140700926315,,0.6699862036338288,0.5471698113207547,0,1
0.51452366358174129,0.85296454580160264,-0.08784579227196003,-0.8548437605453153,0.51826656455847075,0.025336004371320543,0.067138250432716623,0.062058453624190074,0.99581183145341667,20.360663547885885,9.2492907507912197,-3.2284365840845992,,0.1110990505119988,0.6666666666666666,0,1
