axis_00,axis_01,axis_02,axis_10,axis_11,axis_12,axis_20,axis_21,axis_22,location_x,location_y,location_z,dbh,dbh_approximation,score,reconstructed,number_clusters
0.12810622905177926,-0.91888139726465357,-0.37315649778489973,0.98218470664136492,0.065387149722841015,0.17617526129096436,-0.13748453046779444,-0.38907775368437797,0.91088775679002809,-26.880701543362971,-13.016964739349673,-6.4235142630712723,,0.7697740736375467,0.40625,0,1
0.88015312227796894,0.42321906294072009,-0.214979315535058,-0.34272903117988818,0.8799152530800386,0.32906831902142647,0.32843156445572991,-0.21595085589242524,0.91950961675693788,-17.791100829567899,-18.317162404720602,-3.4151704681381148,,0.1713962714720758,0.4705882352941176,0,2
-0.92280874818530267,-0.1715031147571856,-0.34497926879924057,0.22052198817726754,-0.96938798435284346,-0.10796753457719004,-0.3159019895521713,-0.17570889966337866,0.93237992019136962,17.930964017799841,1.2861508602692842,3.350384807930296,,0.2176938792605811,0.375,0,4
-0.83098942549702337,0.49653778415999222,-0.25081228760491892,-0.53127157157933291,-0.84206464503545353,0.093153909273533328,-0.16494572423604495,0.21065935175728809,0.96354322454856489,-6.7255784511894623,-25.027493668219215,0.28019666574066188,,0.1777892800106844,0.4,0,3
-0.95525522468061286,0.18890262518881876,-0.22760328186817338,-0.19389660185573104,-0.98102187878743785,-0.0004255927213152891,-0.22336419477882008,0.043724953254828544,0.97375385234343015,17.909880219126286,9.0201166699579396,2.3470026427635231,0.4268726884559257,0.2875315274504114,0.375,1,7
-0.93573470902881195,-0.14421341437962817,-0.32187426960186355,0.13941280246074769,-0.98950317035212931,0.038046634189169523,-0.32398244524789294,-0.0092718377926739124,0.94601765744363409,19.321394312112425,0.61940834413354917,3.7663848470267052,,0.1085100351016551,0.4117647058823529,0,7
0.15604258407407903,0.98628612987808995,-0.05376227269735525,-0.96274223561428252,0.1640365503765589,0.21498697147728077,0.22085764582621634,0.018212088036781315,0.97513600083754648,0.82772498714641918,18.926241072974143,-3.4501852982564527,,0.1458040214262463,0.1052631578947368,0,1
-0.64822072938884401,0.72983881188292388,-0.21712944217658908,-0.75839567827529364,-0.64433904369467343,0.098301535817049909,-0.068160701023038908,0.22839112382042209,0.97118052564705593,29.131508118947519,-1.073579618999813,6.5807976545837015,0.757740423793436,0.699394359176594,0.6865671641791045,1,5
-0.95551835321951295,0.0094411416703665974,-0.29478049715785382,-0.041991920105717243,-0.99366000146637889,0.10429036451979655,-0.29192696913184718,0.11202975644799483,0.94985681992798121,17.300774912114306,5.2519493685879954,2.5949179969159508,,0.09772439759069877,0.2352941176470588,0,4
-0.78133972515724426,-0.4964244237858334,-0.37824730714191074,0.51412375896732088,-0.85555539079427834,0.060841874956014487,-0.35381491539576976,-0.14692775351088203,0.92370300469995825,5.7153825031661674,12.980955701967778,-1.4017202672058666,,0.2150456328222454,0.2941176470588235,0,6
0.35255623762477029,0.93569624538657292,0.013290435709075298,-0.89629840960982077,0.33356125214373589,0.29220891841148389,0.26898561344944183,-0.11493227326462196,0.95626215669106862,-25.254712253064369,-14.04000838983473,-5.9475027973382097,,0.2690665690147916,0.3,0,1
-0.93490255818367174,0.22794676260763747,-0.27202477850064161,-0.26111201748438484,-0.96089499774158571,0.092202590204569251,-0.2403699669818592,0.157229376173458,0.95786283059801647,-5.0223525681550472,17.02315983810292,-4.7812891514696974,,0.07938259762657755,0.3142857142857143,0,5
-0.95479107334657687,-0.022833076754256155,-0.29639948863590565,0.039208303719612897,-0.99800818958838045,-0.049420263394225381,-0.29468070038114591,-0.058807347504017518,0.95378455675399743,3.3897293749318291,17.552268183707547,-2.5619217052706422,,0.2265274413464091,0.2580645161290323,0,4
-0.59361038451296855,0.75495862737587505,-0.27868294233609175,-0.80390646352006823,-0.57217099707731878,0.1623414550082809,-0.036893214945628354,0.3204025921466348,0.9465627658199397,3.2133651626633237,24.88368817495742,-3.7235835912416655,,0.09056632559423289,0.1875,0,1
0.24175790570801975,0.96610312421509992,-0.090542080876768904,-0.93231525515633784,0.25713571023577297,0.25430196917113507,0.26896352918275834,0.022934251750771625,0.96287727154928071,-15.126022821778344,-24.815496777942954,-1.7601040830874271,,0.3097491092175692,0.2857142857142857,0,6
-0.920906273665269,-0.20079603809631355,-0.3340846991539338,0.21882865973368246,-0.97561826274175645,-0.016823289925553167,-0.32256108383236609,-0.088599980189517355,0.94239290675774312,-16.313474329331495,16.644110755248846,-7.8415501040251279,0.5475540562054846,0.2192343638853764,0.2786885245901639,1,4
-0.86048369816454362,0.48960641130333132,-0.14090197728827247,-0.49868184891898248,-0.86603104722786484,0.036147459055291979,-0.10432745924164372,0.10136955779760522,0.98936342867527827,-0.88083769465800776,22.356374107815711,-4.4799810906959987,,0.4469570820603647,0.5652173913043478,0,2
0.86069312897183137,0.44126761081303167,-0.25394927325755307,-0.38591421590848646,0.89079389736973569,0.23990925444546013,0.33208064638039136,-0.10848561220824357,0.93699163082889136,1.582980570301326,14.258855786374165,-2.5464250707607397,,0.1012773425128872,0.2571428571428571,0,3
-0.65591190868297711,0.74727026356252113,-0.10661482656298452,-0.75186098927656109,-0.65930665083405604,0.004448929090476293,-0.066967311816483896,0.083077634542523981,0.99429044337501993,-8.4937350022544091,20.648367187492305,-6.2968348750968346,,0.4726935748725707,0.2105263157894737,0,3
0.89933650041784108,-0.22664297105192605,-0.37393424915210371,0.38509351473942582,0.81561482737286994,0.43182801932616705,0.20711553278744549,-0.53235835397059428,0.82079092285179012,-11.105683092613315,20.84125525544885,-7.0267782682849731,,0.3768657115121068,0.1052631578947368,0,3
-0.38397262607604843,0.91519054714342218,-0.12243890249257683,-0.92121891884967488,-0.37071331841748384,0.11801414788631572,0.062615700728324147,0.15810723565738818,0.9854346127750333,-2.0495398112513659,18.692767084368327,-4.1450146673807184,0.5542965747576428,0.2241725114887665,0.1578947368421053,1,5
0.58238362060731264,-0.72661522146589352,-0.36449916101739943,0.81228582761637358,0.53778061465376015,0.22579580322983556,0.031953915282800699,-0.42757728007542017,0.90341386798156076,-21.470351911468207,-17.249384926739708,-4.4258945651387158,,0.3760536515504598,0.3181818181818182,0,1
-0.55373722966977468,-0.68419659719558312,-0.47460520104991416,0.77347541145440191,-0.63372820083171399,0.011151472819471972,-0.30840049992353752,-0.36092046749468903,0.88012814282371865,14.180407580179487,3.6373754044799345,2.0199788695365077,,0.6992428012881263,0.2957746478873239,0,1
-0.92675482983333068,0.25457806503520591,-0.27625259127024776,-0.29531317126700252,-0.94822553467387971,0.1168694411241144,-0.23219736487915227,0.18989034782043884,0.95395284975087313,7.2591747045169992,14.461855735428482,-1.1535456497226371,0.4908060719334978,0.4809021821345105,0.864,1,5
-0.90997488400468396,-0.28282941845247955,-0.30323791078704876,0.24821591284516678,-0.95732670347455506,0.14803527763672186,-0.33216648098672202,0.059439909760808568,0.9413460182294946,0.49998545249241222,17.308293319974766,-3.3133800677093177,,0.0692151455031078,0.16,0,3
0.95729788447537112,0.069653958486681655,-0.28058703898454723,0.075332227455011322,0.8769152999979215,0.47470476312780213,0.27911613333099655,-0.47557111213433889,0.83422197370823448,-13.694028125062896,20.740705009350251,-7.7692825629266107,,0.6065077846524631,0.4054054054054054,0,1
0.87590695242544203,0.4438850530236465,-0.18908482328036774,-0.3935981045271873,0.8840501472791098,0.25206322462507003,0.27904756369726419,-0.14636050286186381,0.94905798579256606,-24.321597005414088,-16.162933262807794,-5.3136812497388419,,0.4531688340117537,0.8095238095238095,0,3
-0.076151238140626507,0.96508713864335227,-0.25061485142512174,-0.98521405986579169,-0.034141063513092533,0.1678917628264075,0.15347392342809668,0.25969444084804982,0.95341730224503718,-19.149701651742902,-18.786553229911469,-3.6398656654915573,0.1736568676494052,0.1634762142001042,0.575,1,5
0.4562472321580201,0.86170967033468626,-0.22202456440635837,-0.84114328648671288,0.49905082168837211,0.20838965658231001,0.2903729235766967,0.091677267759505798,0.95251186020420475,-18.139022001223665,-20.303809355648458,-3.1255306592654235,,0.1561707865552887,0.3333333333333333,0,5
-0.8819884027176853,-0.28093671628299544,-0.37837946418328794,0.2943365690946988,-0.9554181230879647,0.023285063208638331,-0.36805222668130388,-0.090833757597032203,0.92535765351335142,16.839562248883663,6.7439598521806845,2.3079323793782738,0.7486351401370628,0.4019080927142318,0.6428571428571429,1,5
-0.38465089700254473,-0.82198605490631349,-0.41997930065027467,0.88067791796275485,-0.46309049498859239,0.099767721553661259,-0.27649609806998404,-0.33149075249662169,0.9020331417200248,-4.3619295750828515,15.200218066488103,-4.3238704964922885,,0.1094105123769024,0.3636363636363636,0,5
0.59417362865588597,-0.65420012312008835,-0.46795288002058549,0.80339228886314884,0.5108845813654318,0.3058721542054787,0.038968310267834178,-0.55769090312890202,0.82913347982224261,-10.934108080805432,16.08270190737402,-6.2656081341810692,,0.1331843887283206,0.3333333333333333,0,3
0.81160311976430433,-0.46867172663955542,-0.34877957026974149,0.57027067867293602,0.76519328249902152,0.29878184928854212,0.12685317904868118,-0.44139104325650952,0.88830299892445064,0.353097221146079,-24.992273807840007,2.2689681429310289,,0.4118051374295301,0.3043478260869565,0,3
-0.96223834811841447,0.070838953727007478,-0.26282922981511742,-0.0961229617948237,-0.99176703880007711,0.084608019510665433,-0.2546718233847941,0.10667700494759472,0.961125527175964,-16.575916806629749,20.59680137529984,-8.5556264041629664,,0.1688321935023394,0.5217391304347826,0,2
-0.91309952906789571,-0.28034707074984672,-0.29606548251690457,0.27948541102106694,-0.95903977023482412,0.04615868427848599,-0.29687902425461504,-0.040598510193308381,0.95405167885587394,4.1012572631537711,12.289592338541832,-1.7000456515860516,,0.1524846653755583,0.3,0,3
0.7087039568376422,0.68845161131477739,-0.15418521472812527,-0.6238518154240712,0.7135898012497468,0.31874520850428462,0.3294656491271315,-0.1297072643703345,0.93521570325503189,-9.5325470029940664,-22.660839361937931,-0.6413051378599004,,0.09539816644097476,0.4285714285714285,0,3
-0.88450631614611119,-0.2667336829374094,-0.38275542985604016,0.33791546265318867,-0.93195490627502531,-0.13142751907340797,-0.32165465455596604,-0.24558744889866665,0.91445343683860003,9.1582583383216178,25.928651507247061,-2.2418592872752376,,0.4631587677869199,0.3666666666666666,0,2
-0.84996935149562847,0.48458441348972431,-0.20671247596824088,-0.50348943230655219,-0.86266906629284401,0.047963252778122606,-0.15508221391805838,0.14484484203537321,0.9772253980848129,21.789305854116055,4.5713633913616647,3.9792101581627026,,0.3661763383286128,0.3,0,4
0.20557036683573307,0.97859702284957806,-0.0094175978341131082,-0.9562059310101797,0.20289691477049626,0.21095748262996056,0.20835316599461173,-0.034361444186136146,0.97744987051687993,24.745408636762342,-2.053841919328967,5.5471336776076265,,0.2728248965713176,0.1052631578947368,0,3
0.2313226168965041,0.97261313064401844,-0.022661531523632893,-0.94273958075203257,0.22984877676406726,0.24168496582027144,0.24027469653635392,-0.034543276030298588,0.97009011554878721,2.0552806765451161,-24.820465043821795,2.6897663598671637,,0.6720984206716936,0.3076923076923077,0,1
-0.1754226106024723,-0.90293473458316065,-0.39234649580779007,0.95864006071153118,-0.2473953433150895,0.14072945002735632,-0.2241342046373255,-0.35143194104868708,0.90898814575457842,-4.4285457610361432,21.018496007015489,-5.2708697079783304,,0.2228054716563278,0.4,0,2
-0.6130515270114284,-0.71945304664283449,-0.32642784639993411,0.72637048489353595,-0.67578861651988387,0.12528233896950608,-0.31073098317432807,-0.16030302385945383,0.93688270164254295,-3.7278740893513289,17.562099215288558,-4.5026425452334777,,0.08710483848149472,0.3636363636363636,0,5
-0.59466774625160979,-0.63870008158572178,-0.4882954815994357,0.73625076203267892,-0.67660902629574615,-0.011620711743405657,-0.3229629808110091,-0.36641838288698886,0.87260098653860863,-6.7529950617716255,17.500043179582029,-5.2956507029898221,,0.354472549550384,0.4727272727272727,0,3
-0.93181981437782557,-0.17096335236484853,-0.32013023237589899,0.17313186856663057,-0.98465504551358818,0.021904278834520445,-0.31896267747105034,-0.03501390427824614,0.94712028638800261,13.423950105792571,10.927125387703043,0.95160646758554901,0.3921048322808557,0.3240386999795981,0.6941176470588235,1,5
-0.85020521509738212,-0.3229355800182902,-0.41576881001280658,0.38629300087346846,-0.91924512930619096,-0.075934904510478379,-0.3576713710899786,-0.22516883311216837,0.90629475718306984,-2.3376017402324432,-21.573424956488186,1.0093782505552715,0.8565098832492968,0.5466204105718611,0.2857142857142857,1,2
-0.85331540587299759,0.48811184185558254,-0.18330206747375274,-0.5043305355705614,-0.86190547460415223,0.052627594838657275,-0.13230090321276083,0.13735276731009743,0.98164692650735985,6.5551977157030157,12.864056235417511,-1.1476106256887242,,0.3320813677721034,0.5,0,2
0.95313497941443082,-0.069670323705426529,-0.29441426088325762,0.14560184327228853,0.95865144910923328,0.24451483054506146,0.26520523043930661,-0.27592289704834078,0.92386835676522983,3.3537221528624888,16.323709280556624,-2.3606826127167455,,0.06731959261647401,0.375,0,1
-0.82062196343933791,-0.4731290340900865,-0.3205128862026419,0.47175927393749323,-0.87739380492274377,0.087311502891426362,-0.32252562778008065,-0.079555189548966967,0.94321163650630013,-4.947465837721329,22.458513692061072,-5.5569677660915691,,0.1526095711458684,0.1,0,5
0.95923783490833692,0.12163879894271504,-0.25508190581094164,-0.051599303426053643,0.96283891237386487,0.26510137816439444,0.27784939799523478,-0.2411332233651948,0.9298679909660289,-0.23633718558949235,13.584655688395452,-2.9442672307902575,,0.1428415306150564,0.2666666666666667,0,3
0.35045061260064797,-0.82854531407579568,-0.43668871138474891,0.93540450380210183,0.28627109326079936,0.20752656560067534,-0.046933808651921032,-0.48120839943449528,0.8753488983937302,1.8436023197051179,-27.711695421653733,2.9477642021702488,,0.5165911889351819,0.3055555555555556,0,3
0.81313349886730157,-0.45059273854595888,-0.36848350979314404,0.57294747044895233,0.73126495861399421,0.37011181608997706,0.10268938175862166,-0.51207201082750753,0.85278200414942251,11.468493676910155,18.515277961284134,-0.60885871071338582,,0.3080978568495439,0.2,0,4
0.8904244528653803,0.41526217654410641,-0.18628370425574059,-0.31389064930979643,0.85668669811930398,0.40934161960557958,0.32957086341978592,-0.30601507478765816,0.89316169867915907,1.4714699622184666,16.060573407840131,-2.864902935155667,,0.2452903244034359,0.4117647058823529,0,2
0.9171266197757304,-0.2729034694250379,-0.29052101417026505,0.34052452862156407,0.91527522765111025,0.21520758131457368,0.20717579179480275,-0.29630213300613395,0.93235360098527587,11.384011592677554,16.613666702204437,-0.4530943879992595,0.225367293697303,0.2193264762398724,0.52,1,5
-0.50629443948872166,0.85659085657638134,-0.099589381826282311,-0.86077837923537415,-0.50897681895693891,-0.0017831448052558676,-0.052216112299963008,0.084821590377775938,0.99502702245821484,-28.396064717595586,-18.039280427398488,-6.1716984312845025,,0.3823913655263032,0.9285714285714286,0,4
-0.9006677915118303,-0.26776671415254627,-0.34219660449097344,0.2884679855282708,-0.95743664017773966,-0.01006485819194668,-0.32493653327759919,-0.10777785875174588,0.93957446884450058,-9.9068121920648302,16.564768313206184,-5.9885830376021865,,0.1408377983935993,0.2952380952380952,0,4
-0.93335630573099448,-0.20034361827573277,-0.29783962323434743,0.16673977861000425,-0.97678200762551315,0.13451674917332448,-0.31787395738134527,0.075890343227974777,0.94509089669907587,-3.9426973930815628,18.63937097119501,-4.6301408158871524,0.1585144937292531,0.1217643193698829,0.547945205479452,1,4
0.55914128926218565,-0.71456495185160607,-0.42042591288779252,0.82757918851190193,0.51146882728011434,0.23132731240103774,0.049736358775081722,-0.47728038751452717,0.87734242249521954,-20.474910245960807,-19.342064129242726,-3.9002594939154536,,0.2737084513451771,0.4418604651162791,0,5
-0.84718631167731606,-0.42478304808392442,-0.31911552041089486,0.41083442847009316,-0.90461976999069427,0.11348191100627181,-0.3368834007341972,-0.034963320816449546,0.94089698719214121,13.556204781092285,4.4658710873240377,1.7708127772362179,0.2178173973980977,0.1535017695191913,0.3548387096774194,1,4
-0.93109773390647532,0.26243906546196216,-0.25334314049067846,-0.28325045265651799,-0.95780240755191215,0.048823448850319341,-0.22983948960982623,0.11721896180743945,0.96614363528860547,12.459548860001279,13.436708437969127,0.39429758337099258,0.391384894557839,0.2790283285833774,0.6530612244897959,1,6
-0.69860218760874104,-0.56992736511854092,-0.43259424632942267,0.61496632897227588,-0.78731677171741754,0.044144254471320026,-0.36574772411957168,-0.23519162285571207,0.90050735857062947,-5.1591432309007423,-24.968574013731743,0.735990602729369,,0.6785744595140452,0.5263157894736842,0,3
-0.95758473605674088,0.095703606597168547,-0.27179457859831729,-0.054527042051710793,-0.98637540876780316,-0.15521067831576735,-0.28294571026299981,-0.13380722201153425,0.9497564700392005,21.72049975167992,-1.5134532501004145,4.7567865786891081,,0.2125669993186006,0.3333333333333333,0,1
-0.21322090788747805,-0.91458419641601107,-0.34361692639583158,0.94950756177347873,-0.27683358100356342,0.14764334920248395,-0.23015697811411831,-0.29478622100570134,0.92743131785084465,-0.84928618201129658,15.721084559109611,-3.4204989414797029,,0.1012403776763609,0.2,0,4
-0.83875701995868379,0.47469183315033098,-0.26674768042179403,-0.52073974607981799,-0.84245270189643595,0.13821563558484434,-0.15911247067013945,0.25483545398506474,0.95380402235966222,7.6849751634164241,13.247153619699436,-0.92644731800595359,,0.07836459253987907,0.5333333333333333,0,2
-0.34006342922969324,0.92826087532640011,-0.15062739272392386,-0.93896781533327711,-0.32631648332696972,0.10888982724466253,0.051925965265889724,0.17846372193637905,0.98257538849892867,-17.306820558376462,-21.053015640676968,-2.8460328185481991,0.5176818251529672,0.3959330988811237,0.4067796610169492,1,5
-0.4045358172057793,0.90354202462968647,-0.14128900284785328,-0.91452202755095502,-0.39976040855839995,0.061976421914406887,-0.00048344776741988255,0.15428358784170604,0.98802648790452352,-19.526872421990625,17.445900951346541,-8.9188764095678525,,0.269512111749409,0.5,0,3
0.26429810688847577,0.94547481622311391,-0.19032572759098398,-0.93190161303730223,0.30118747251380912,0.20210267197446433,0.24840671149073704,0.12394949894458271,0.96069278512839096,-18.612181467091691,20.879683043812161,-9.1944972730955747,,0.1812769169131686,0.1428571428571428,0,1
-0.021376285115215839,-0.8952915245091716,-0.44496757250019353,0.98424210830736936,-0.096985585146041539,0.14785556637659336,-0.17552927581841229,-0.43479521894326512,0.88325680915277427,3.2933358177337557,15.237407872573723,-2.2254980053181725,,0.423721068466875,0.3076923076923077,0,5
0.19696864392243454,0.9687343870820071,-0.15085436883367973,-0.94707554700263796,0.22778747072041625,0.22618748075977105,0.2534783256631884,0.098318642523410979,0.96233163875627736,6.4622879779602096,16.946357253039391,-1.6720901594433628,,0.2533770936929143,0.1818181818181818,0,4
-0.92501942026746387,-0.13223282872548003,-0.35616506164319672,0.17156451027628053,-0.98183258778788562,-0.081057932192989623,-0.33897594448825447,-0.1360854458235751,0.93090067165798829,9.8417111761647202,12.293828119654792,-0.17854504451689576,,0.2863554008715372,0.1707317073170732,0,4
0.22359483143160871,0.96993343777181595,-0.096096189566587026,-0.94258309580780641,0.2402715767425844,0.23196266274339103,0.24807752589551973,0.038712991382471848,0.9679663452020314,-16.861051387922,-19.000586831774772,-2.9705158458229191,0.4775562550875871,0.2278977877100513,0.36,1,2
-0.94707472275134341,-0.046415623730350984,-0.31763982653185868,0.095017515615763756,-0.98568540970275564,-0.13926932478230689,-0.30662866997669158,-0.16207980433364944,0.93792803336689512,-15.333277385834968,-28.497377622013953,-1.4032288291866926,,0.359529869316302,0.2608695652173913,0,1
0.93201940071106248,0.19960058705471589,-0.3024887474693958,-0.091638160116496781,0.93733638430281907,0.3361591145165938,0.35063126544655765,-0.2855873041812782,0.89190672571845464,-15.348031446783045,-19.21934546337361,-2.5884000971327903,,0.2017231918706297,0.4736842105263158,0,2
-0.94309399330347532,0.15546543138532543,-0.29394594645798144,-0.18093452280781933,-0.98157913642257788,0.061360389472463694,-0.27899178885983461,0.11105358429190995,0.95385045115296163,-23.140057645460995,20.533524498235032,-10.558469402857817,,0.1637170533716441,0.2307692307692308,0,4
-0.82714433885670702,0.52671222589231681,-0.19597569694444952,-0.54122011072409215,-0.84049906478168412,0.025339965448212067,-0.1513705203964863,0.12702579736681924,0.98028129246569906,15.143307554246283,5.3013904744300389,2.0308709316578035,,0.3335578507690103,0.3333333333333333,0,5
-0.47662440808479073,-0.71862543286198921,-0.50636613320969837,0.83486078648162831,-0.55044151389718421,-0.0046483302220800774,-0.27538453263228169,-0.42496073585979133,0.86230605481140199,0.56796176204240278,19.921890287414698,-3.7035088413141146,,0.4392706526801413,0.24,0,2
-0.49457168922811523,-0.78314811825419151,-0.37693218102062831,0.80894607910021465,-0.5733623654569322,0.12985314392043426,-0.31781297223750676,-0.24069612118301872,0.91709339324030215,-1.8082979203589384,14.677566525399881,-3.5572461015463102,,0.146677985372683,0.25,0,3
-0.66269735241105066,-0.63568453170694739,-0.39590073914543789,0.65819842715756161,-0.74657103690412763,0.09698720195576796,-0.35722128939173936,-0.19630808186219992,0.91315720848104132,14.033803415163565,7.2245219745992078,1.6109229651358943,,0.1471549125625699,0.5,0,8
0.45198303128689821,0.87924980087458304,-0.15043645532487332,-0.83931319998630771,0.47629711668537617,0.26209618266190199,0.30210046633107129,0.0078002755850656831,0.95324417855203603,7.241822933519777,-30.21719769699078,4.7410331352506558,,0.3194828774875851,0.1904761904761905,0,5
0.8781037924756443,0.4260138624198902,-0.21782084075216182,-0.3500184601430264,0.88232693718747623,0.31462080902647399,0.32622202132749462,-0.20002841033077101,0.92388734587153498,-20.992472323697637,-22.034178360634879,-3.6309324182575011,,0.3282771124230146,0.8260869565217391,0,2
-0.94748254130047527,-0.087226532349821251,-0.30768224840737873,0.08393990926874477,-0.99618350292956925,0.023927392731527022,-0.30859508350385167,-0.0031560331429570728,0.95118826416858815,14.571620786573719,9.1873032533343721,1.4705098972143071,0.3563440006395298,0.3210271817121924,0.6031746031746031,1,5
0.41083761181943651,0.90329649533764389,-0.12356333689745072,-0.8369316607636188,0.42741569059164808,0.34184970768967515,0.3616045518601137,-0.037030648749320626,0.93159587758171813,-23.548647583463936,-20.595311745247947,-4.6030031613237146,,0.3962610381328691,0.6097560975609756,0,4
-0.12503812492598887,-0.93734801968470749,-0.32518326726347802,0.96971339705425141,-0.18477092693558408,0.15973613283433827,-0.20981276150057496,-0.29536146423073339,0.932062342635395,-3.4165946150204136,15.013526080588958,-3.9997758582044121,,0.07104500803790745,0.1923076923076923,0,5
-0.035104392338592826,-0.90769466877658189,-0.41816033995718604,0.98180012555514351,-0.10946640154452743,0.15519542645579698,-0.18664456889618436,-0.40510183313268722,0.89501749127829555,11.911395349731182,4.1875802235982746,1.3442415524161415,0.3268493778360081,0.09831344184865252,0.4285714285714285,1,5
0.25695918202998186,-0.82131411805109378,-0.50932808508900795,0.96343052944531848,0.17626391626159113,0.2018233057821601,-0.07598416745082566,-0.54256257824704424,0.83657172733885987,-20.082439613817403,21.087344365466794,-9.6916204260757137,,0.3875462669421126,0.1904761904761905,0,3
0.85319750283339701,-0.33653823632046981,-0.39849220400550484,0.49049527956604388,0.77752034142210025,0.39354351652427322,0.17739335354597061,-0.53122889056335221,0.82844883001217751,-6.8209677082744857,-19.174069031792364,-0.3295936816593375,,0.5001133806788899,0.2909090909090909,0,2
-0.65453780552797203,-0.66553862882922421,-0.35866222922234653,0.68273800755937053,-0.72410228528028375,0.097696947166897738,-0.32472923208188031,-0.18092599036066359,0.92834083818580626,-16.885282562942347,19.367361496434587,-8.4796037408982841,,0.2635198613597939,0.9113924050632911,0,7
0.90082649220384559,-0.26307485954553972,-0.34540302433361636,0.38180300709029491,0.85876583121813188,0.34168364155902825,0.20673193928496492,-0.43967358961771269,0.87404178382509379,-22.093000109004556,-18.301080622636434,-4.4801139357371316,,0.08754074344387718,0.4,0,1
-0.59799392687424635,0.79605759169748358,-0.093250062318050289,-0.80055922835526516,-0.59887257701103469,0.021367227227319728,-0.038835361679017348,0.087429670049497976,0.99541341535981664,2.9879400617602325,20.707410151332521,-3.1403704900200107,,0.3716487849415607,0.2352941176470588,0,1
-0.12217903888586734,-0.91711682927274041,-0.37943247610298447,0.9662651737561001,-0.19724332810727166,0.16561003442805586,-0.2267242740489433,-0.34639831261408222,0.91027705264666381,-7.0143787644038271,20.017719426136868,-5.728943856960246,0.8400199285367015,0.3897379791094868,0.2558139534883721,1,4
0.95838986303805973,-0.071567466002695715,-0.27634574039749882,0.15508910030741743,0.94327139576299956,0.29357527978553977,0.23965859340262483,-0.32421778443705873,0.91512107770666051,-29.41728912719843,-20.139877843515002,-6.189164806537744,,0.2490177191903924,0.2666666666666667,0,3
0.84633046473128981,-0.41571602910061389,-0.33302391448143515,0.50557817746283074,0.82375432067239251,0.25655316339294948,0.16767662610239739,-0.38549838173769868,0.90734532937384649,-2.9155651938674181,15.858836161629425,-3.9929269533806253,0.6183752339911996,0.6003555071716294,0.660377358490566,1,4
-0.77557008788855897,-0.5248794346698834,-0.35070303368114564,0.53169671537257412,-0.84262952734577667,0.085288231937654516,-0.34027877047290328,-0.12032064953971577,0.93259492796164833,-6.791164343244704,-26.216533923617469,0.46678404602727092,,0.4749022720377694,0.8064516129032258,0,4
0.058785339872733558,-0.94198502648215865,-0.33046708413918485,0.98548322026138735,0.0019440903043461632,0.16976172447326146,-0.15927054466942153,-0.33564926693841657,0.92842472134492959,-18.953800220262327,-15.770260494962047,-3.9506928993505102,,0.766370299598833,0.1666666666666667,0,1
-0.85363244064399324,-0.35351346699281938,-0.38254396470849916,0.40237970957281277,-0.91391805526316316,-0.053332519048868279,-0.33076007256662543,-0.19945429781961582,0.92239674624155399,-7.8654617038584096,22.006818394645041,-6.3310112880265592,,0.3458863403171584,0.35,0,2
0.94949833713916798,0.14673158749410048,-0.2773495069428063,-0.076111142131747453,0.96522688059804584,0.25008831043127128,0.30440105422510855,-0.21634904714934186,0.92764922680085038,-5.6557906644580092,24.119053466887262,-6.0533754146093424,,0.1607096109553902,0.3636363636363636,0,2
0.63021989230444331,0.77108179018358181,-0.09086121389822796,-0.71503081889962805,0.62201132099263912,0.31911258919184043,0.30257861022799359,-0.13614253341360935,0.9433511516016827,5.8573671570588273,-27.288249812995502,3.9315436296350783,,0.4183047642070843,0.125,0,4
-0.77474475403176735,0.59931705512609013,-0.20146869120349198,-0.61869779127150104,-0.78426984500583174,0.046193649891468874,-0.13032117700520954,0.16043652218095616,0.97840508644142743,2.9277620396214448,28.076462611217412,-4.2212504457322186,,0.3444607058994538,0.32,0,3
0.93694489398034875,-0.13619321746593255,-0.32184728235675769,0.2531748000607606,0.89935590864569281,0.35645682795855416,0.24090825278173278,-0.41546402624097023,0.87712761707820774,-1.3246869035006961,-23.493986920554725,1.6382203462667966,,0.1875896291164185,0.5,0,1
0.35305519250923562,0.92438846371269778,-0.14442298708012224,-0.888045925881639,0.37968089252248521,0.25926213255767122,0.29449357304920754,0.036720403159655558,0.95494771973365289,-14.234011687616318,-20.037831869626668,-2.2089702799595425,,0.7143538158828412,0.7204301075268817,0,3
-0.63091852795993841,-0.64514802421787665,-0.43095920679878225,0.7014661615733333,-0.71166589362333954,0.03843019673211031,-0.33149213451368603,-0.27805697743639612,0.90155270619886474,-19.130419584596343,19.053943841199153,-9.0781325956779302,,0.1705226171748991,0.2916666666666667,0,2
0.17132719386365325,-0.8591599637273738,-0.48217336028734026,0.97745425333521474,0.086924997058833692,0.19242460217763527,-0.12341059630236639,-0.50426996897921728,0.85468217666334589,-15.283992602049839,-15.969030994063564,-3.0281136057724427,,0.5837367675363737,0.5967741935483871,0,2
-0.77782508287122887,-0.48769010283204811,-0.39641708345634374,0.52891352367911282,-0.84865271511324614,0.0062492879803679813,-0.33946815009027281,-0.20480950351627561,0.91804925921418079,23.216632686180372,0.86516208136520045,4.8310307213404613,,0.313733386799374,0.3529411764705883,0,4
0.28371058204622795,-0.87677967993355332,-0.38828558882684072,0.9567750841952033,0.2318283687186623,0.17560479982194491,-0.0639511055279888,-0.42132291690917995,0.90465311351306799,-8.2434658766569857,12.732418776362126,-4.96859972399682,,0.7226595962644795,0.6737400530503979,0,2
-0.94570679867911378,-0.092329385725302165,-0.31163108873103601,0.096547879635589862,-0.99532652901172203,0.0018993639329422211,-0.31035005698400331,-0.028291079460962421,0.95020127181190372,-2.1199365214287034,13.44646105320288,-3.4326756546384227,0.8539804113000862,0.5681848418722449,0.8680555555555556,1,2
-0.38743863562025654,0.9123226460217837,-0.1325092192435128,-0.91988604673283003,-0.37309473085222417,0.12087176194857076,0.060835554201138439,0.16872377237993946,0.98378418567230619,-14.675902462835952,17.561857506006568,-7.5342725555526746,,0.1852727670181169,0.2424242424242424,0,3
0.92003440223800192,0.28464615384607755,-0.26928287320065075,-0.19906390856215719,0.93147940159945319,0.30449907176193747,0.33750593921665994,-0.22654512022235124,0.91365587038934981,-11.080345948740238,-22.013997041083222,-1.0919132618362644,0.6036955701228343,0.3227411333000574,0.3846153846153846,1,5
-0.94374252718339646,-0.10817551465895632,-0.31248696038997831,0.12240518647011783,-0.99213371816167606,-0.026223188438948965,-0.30719214298336733,-0.062997962784195699,0.94956002652508953,-12.626043411091999,17.841223340888288,-6.987888816743979,,0.3683674419330706,0.28125,0,3
0.54474737379016647,0.83833108569321069,-0.021243575715005746,-0.78042396027081051,0.51606470622981071,0.3530094350285321,0.30690184258805153,-0.17572196716512573,0.9353785593393068,8.8328177118946076,-30.481361112459783,5.1257598233710064,,0.1511305871747718,0.4,0,1
-0.89811355261420067,0.38147128190116081,-0.2187960413156147,-0.39855762363156072,-0.91634087011737009,0.038356621301983272,-0.18585980537992156,0.12165143171054585,0.97501644186491099,10.311847052170124,-31.045239071099083,5.5635555046641079,,0.5885225509731165,0.3478260869565217,0,2
-0.9496718550838974,-0.043180620713303683,-0.31025602597906332,0.049705187798986326,-0.99867735089192355,-0.013150784058586596,-0.30927780710451064,-0.02791026352978225,0.95056207331363762,5.4239323775442703,-34.091590376884369,4.7140723609873296,,0.2005788302206044,0.1304347826086956,0,3
-0.8887013868399215,-0.30873083285316727,-0.33896182362412303,0.31761728258876626,-0.94772947623714032,0.03046476115456407,-0.33064952265159719,-0.080586057833018587,0.94030674806320791,20.626155364130163,3.1119008327680908,3.8180259519704176,0.1905983068981233,0.1175975190915632,0.25,1,4
-0.96085612360205919,-0.011871905846708507,-0.27679336622829764,0.018738156798904948,-0.99957849636742413,-0.022174559288073995,-0.27641344253889905,-0.026493158577405321,0.96067357688883492,23.889538639813789,-1.1323933565191961,5.2456098038939309,,0.2377251843369707,0.3076923076923077,0,4
0.088756117804895784,0.97944025942736279,-0.18116050829323921,-0.97442174367853918,0.12307924816787699,0.18802596660277179,0.20645730066694162,0.15983828353461343,0.9653119216698971,0.26739485436833133,23.19361313475228,-4.3146170304753308,,0.3005279812406495,0.3823529411764706,0,2
-0.84451990855452541,-0.42822428385481387,-0.32157438761830809,0.41792831201063274,-0.90248172161138007,0.10422412473753209,-0.33484630814002009,-0.046375692710656329,0.94113083312077672,17.29051281645555,1.7288041151427092,3.1533067217311248,,0.08514431887922162,0.1764705882352941,0,3
-0.85770222005315988,0.45947550457041886,-0.23071446078570648,-0.48334451672365303,-0.87356291565408195,0.057148145613983958,-0.17528542400627203,0.16053066091466081,0.97134181781556328,-0.006662479065357399,20.765465418499105,-3.9783447919427277,,0.1910071632156807,0.2380952380952381,0,1
-0.57730419000252697,0.80026625024308107,-0.16215363371631494,-0.81612056811037026,-0.57180449838881464,0.083587283300287946,-0.025828095414353554,0.18059220454990435,0.98321887957009479,-16.840512825825765,-16.400112607970694,-3.4064603326501319,,0.2339034490055101,0.4666666666666667,0,4
-0.89949523668181697,-0.29309188410359455,-0.32404547004907597,0.30279341120886683,-0.95281817603552377,0.021299613725019269,-0.31499915764207931,-0.078959932174122907,0.94580170215317205,11.617671232009211,8.02963618591067,0.89099859723286101,0.5938746921916787,0.3599863869457725,0.3076923076923077,1,3
0.44297166112585346,0.86157605404429938,-0.24791694281927748,-0.83279636037294036,0.49783660717357414,0.24209282250303923,0.33200350839860948,0.099224067923862999,0.93804491084150921,7.6256123535674138,20.601550079719331,-1.8257975531098993,,0.2080173048520849,0.3571428571428572,1,4
-0.81565125996741428,-0.39972627588178855,-0.41824864193831734,0.451032905382177,-0.89209901374669076,-0.026993849942064208,-0.3623290498650123,-0.21066146786220494,0.90793138814673624,36.90361910674352,-10.750239007026488,9.9039808109807836,,0.2972755753421004,0.4444444444444444,0,3
-0.92187604841481408,-0.2234758198966415,-0.31654874708425568,0.25787168844404301,-0.96358728218386291,-0.070722994227730832,-0.28921746776103724,-0.14682679433618753,0.94593612300559315,-9.1178530638924435,18.20302046854739,-6.0726478149234762,,0.5873448149581612,0.5081967213114754,0,2
-0.37280790491954735,-0.83460479384825348,-0.40552324731760103,0.88670113363826486,-0.44922055641379421,0.10937088872226076,-0.27345084683378407,-0.31880359122945223,0.90751799132859656,-3.1060504783625542,21.743123692738354,-4.9592081512861377,,0.7615165594013606,0.6153846153846154,0,1
-0.95342279956764342,0.17543254318730947,-0.24537397591315732,-0.16606496441710109,-0.9843763359144565,-0.058529111429924729,-0.25180824620680098,-0.015054968696824345,0.96766004105770187,-4.84541875095245,-21.491703301002492,0.39956327040440581,,0.5814874354971299,0.45,0,2
0.93885261031462885,0.20185763229235978,-0.27894313469008258,-0.14374501056348721,0.96593495642661298,0.21519068727809723,0.31287880727769013,-0.16193565462380241,0.93588658272145875,-0.96530363716465151,20.400924785824703,-4.1486804732849567,,0.05562798547075216,0.3,0,1
-0.52969093129684919,-0.76715522527613078,-0.3618015721820545,0.79171406591764604,-0.60023272459583188,0.11362004291679269,-0.3043293530536057,-0.22625988742106715,0.92530541347934425,20.957555634799661,11.52634505484135,2.8509925853644758,,0.2561841822923923,0.6,0,1
-0.93800395132029135,-0.18482403102551401,-0.29323823908726654,0.14807643342097374,-0.97856627809849472,0.14311327413550395,-0.31340382443876602,0.09081914403879747,0.94526711880992442,8.0498261800522908,14.666002783418588,-1.0198867094720181,,0.07242345350238627,0.3888888888888889,0,2
0.92380378026697363,-0.28326084650027067,-0.25758468200652024,0.36240647580599505,0.8639331502341665,0.34968708615038779,0.12348328574478708,-0.41639260892386187,0.90076027519826374,22.258969559442424,16.082499822907639,2.5630324228311672,,0.2852543575288596,0.2380952380952381,0,2
0.50923300165121832,-0.74636317399338059,-0.42851343332014369,0.85722201318079527,0.48413207152538351,0.17546098551759584,0.076499478086816008,-0.45668167231351425,0.88633497055310695,25.994481950361461,-0.40294524838312168,5.66899793482097,,0.7056554710350149,0.5384615384615384,0,2
0.2311109674380688,0.95454391349328649,-0.18823824782110701,-0.94231279064279838,0.26776223802948546,0.20087306558227783,0.24214525665562961,0.13095534009104712,0.96136172878933379,18.19928408530162,12.484753860852674,1.9999271163705421,0.1745385673907072,0.1956096608158997,0.4375,1,3
-0.88176685898831408,-0.30582892100051823,-0.35910427102659376,0.31334582449977355,-0.94885123982496977,0.038674525868774692,-0.35256432130667947,-0.078421908688046466,0.93249579279441452,29.935333129536577,-4.1285633453223252,7.2007019967409445,,0.3142857761424337,0.4285714285714285,0,3
0.72698265293270159,0.6719925661458106,-0.14114607107426361,-0.58651361636080124,0.71459010356988728,0.38126468719690532,0.35706862107766862,-0.19438872118707776,0.91362739939044435,2.9512773060620674,-31.13329231435057,3.7502939933761241,,0.3598221092931084,0.15,0,3
0.045433929639460482,0.9966981744582678,-0.067294183025537899,-0.98144853032700774,0.057096223133495383,0.18302678389473087,0.18626470507445839,0.05773015100836084,0.98080206428620365,18.273047786850405,6.4699991858532071,2.6839998521662132,,0.3440473362057228,0.2173913043478261,0,3
0.89325727873616845,0.37422576362807292,-0.24909137243558008,-0.30741610086478188,0.9127850682262646,0.2689214758108166,0.32800423002447598,-0.16364136720328107,0.93039493121248873,-1.900004037313882,-26.270685457806703,1.8810859917320197,,0.1728806882117499,0.1052631578947368,0,2
0.14339147307190106,-0.89644636747541273,-0.41931228898090672,0.97861257737512353,0.065287300095430975,0.19507688702013459,-0.14750019950321258,-0.43831664203676579,0.886635332287252,7.7785433278871077,9.8315881158078664,-0.38352358556355765,,0.2347436930518031,0.16,0,3
0.93734439503583811,-0.17547539485385857,-0.30098815740121748,0.25129245833477548,0.93889862556157755,0.23520516852876497,0.2413246474750616,-0.29610430040690405,0.92416700752708869,-9.8000895156270289,-30.680876195282977,0.33111557389050006,,0.3756781080419597,0.6176470588235294,0,2
-0.61117189691517981,0.77841889951468368,-0.1432931585926229,-0.7873476713579306,-0.61643627474490725,0.0094849135929657002,-0.080947864878239351,0.11861844737211365,0.98963483523706053,10.291610341927015,10.658252976871889,0.18481559275068088,,0.1124385989313428,0.1666666666666667,0,3
0.25477124953511832,-0.85700271449617627,-0.44792628607450702,0.96230525222898633,0.17909845803143939,0.20467619271246171,-0.095185145599628568,-0.48318742706836593,0.87032735127665095,-5.3685189835333178,-22.008604484811869,0.30088849419477309,,0.2716028531862036,0.2666666666666667,0,1
0.52735122429308923,-0.75350144245321737,-0.39260191346642709,0.84946252628661945,0.45793596935498188,0.26212223180353522,-0.017722941949151326,-0.47173109309418348,0.8815643329541144,-6.1472118452766562,20.809999367912361,-5.6493529931297957,,0.328151172988869,0.3666666666666666,0,3
0.37605868330199488,0.91004789719931756,-0.17433499796734001,-0.88525532667605,0.40843592622779751,0.2224929229394125,0.27368389303145357,0.070660589932038345,0.95922062515648931,-7.2170622119602568,-23.166905499915281,-0.01270540776988081,,0.07945297165715984,0.2631578947368421,0,2
0.91410322538882993,-0.26947226414493486,-0.30298513526300602,0.33936736283558766,0.91737794483855406,0.20796033123124949,0.22191233939499219,-0.29292047586400444,0.93002822991769907,9.6331010491732076,-34.417348515879553,5.8797244720514481,,0.3838353742528074,0.2222222222222222,0,2
