axis_00,axis_01,axis_02,axis_10,axis_11,axis_12,axis_20,axis_21,axis_22,location_x,location_y,location_z,dbh,dbh_approximation,score,reconstructed,number_clusters
0.7753086934097182,-0.57960153116099611,-0.25091531439739562,0.58746682001348161,0.8076736358874318,-0.050458232981578789,0.23190335337498408,-0.10828371515701007,0.96669305972745678,-23.431531634147497,21.809978964764586,-3.7510609517445923,,0.2264572235824037,0.5833333333333334,0,2
-0.0034299387009772923,-0.9713947125115534,-0.23744588441390901,0.99275770921379081,0.025206250846520301,-0.11745967697405126,0.12008482967091937,-0.23612911176485257,0.96427313364007383,-11.168508619013018,5.2122832500766005,-2.8873404425457734,0.1149567592317409,0.08792083961772401,0.375,1,3
0.9607014079374302,0.24160348796731979,-0.13667684291447041,-0.23200105102512625,0.9692078802016667,0.082532401384128207,0.15240838923851419,-0.047579823003235801,0.98717163823354681,-17.094780836114342,-8.6535243162250364,-5.0852939240860451,0.2033296836644466,0.2757641145979323,0.25,1,5
0.85284210281682349,0.49362964739114035,-0.17026484921872573,-0.51232975802364211,0.85403905505947464,-0.090197070221569045,0.10088888296741752,0.16415560803584148,0.98126162140581474,-15.011572243541313,11.563939358454656,-2.9479046963149522,,0.08195685337340916,0.3818181818181818,0,4
0.98091268887517458,0.033037939291790316,-0.19162147940935123,-0.051371189763124755,0.99447828393572435,-0.091509254409480004,0.18754012281641891,0.099606412181193843,0.97719356577210137,-8.7311034317002303,5.6335314874460325,-2.4281660094109849,0.1623803779801231,0.124495943308801,0.6092307692307692,1,5
0.56153158000136694,0.81508573705143661,-0.14253955912827987,-0.82744612383117311,0.55394271009135632,-0.092089011795166736,0.0038983096253445912,0.1696546939874041,0.98549585894112468,-9.6545025813832428,6.6693660852458772,-2.4191606046255147,,0.1974033284611759,0.7335164835164835,0,5
0.44690404511422976,0.89457888138371999,0.0023236701120764752,-0.89429892961923818,0.44682650285946618,-0.023989598251406705,-0.02249886535856644,0.008642992805200693,0.99970950767357714,-19.899382681442127,15.942091002779197,-3.5693754376292262,,0.2038300202755172,0.6,0,1
-0.46641093052170712,-0.83737813758936297,-0.28505911418028035,0.88436099104892196,-0.43445111984846657,-0.17075673331785013,0.019143703947910186,-0.33173796760362584,0.94317731071595023,-4.7586170660448763,11.797472257225504,-0.87404860820731012,,0.1357644744898514,0.25,0,5
0.78504952823317387,0.61937346369923874,-0.0085878219636746217,-0.61831474714044832,0.78438966233548768,0.04919076224113611,0.037203651561582292,-0.033307207724877413,0.99875248096015123,13.039210341107239,3.5845885641746675,1.4716077697789651,,0.4600769700167104,0.125,0,2
0.2544603022239818,-0.90615958731253532,-0.3378235588493721,0.95292780162825796,0.29448917017131121,-0.072143839208537966,0.16485921107422141,-0.30356371814396382,0.93844046670558545,-15.216847242467676,-7.2265364864149353,-4.6771404969293355,0.2016543236450152,0.120776012052711,0.2444444444444444,1,5
0.93888051929856053,0.32696505978532658,-0.10769039029199867,-0.3224311605142523,0.94483787035105471,0.057615496872940965,0.12058821340038844,-0.019371330105629556,0.99251359404233919,5.8158418529027749,-3.8954404208972857,-0.65803592509129305,0.4016961222915602,0.2658077810563381,0.1666666666666667,1,4
0.85419530323472459,-0.47476681623968831,-0.21200673133032513,0.47036203735638848,0.87935741244291832,-0.074095175252130052,0.22160762113629115,-0.036428167389076963,0.97445525852908654,-5.8817733686484566,-6.9468120179292061,-3.0423361159378386,0.4704616291137864,0.2555095451485711,0.7670329670329671,1,5
-0.91001791054505932,-0.32011974989895664,-0.26342123720732047,0.39488945540673109,-0.86278309400188558,-0.31570183831126203,-0.12621299654069446,-0.39131659615861464,0.91155998215973477,-15.263562927096009,21.860871555609883,-2.0382353717909485,,0.09579541005015857,0.5555555555555556,0,2
0.78665441374704381,-0.51922937223166854,-0.33402947825633872,0.53043164868368053,0.84525444653366988,-0.064708474636414978,0.31593844243302677,-0.12627659968088492,0.94033883306286259,-23.515126621417984,-6.7476442260029481,-6.0971197173603846,,0.1901296108329407,0.5217391304347826,0,2
0.89600294400017888,-0.37263939582260097,-0.24149245334788344,0.38070626225549142,0.92458733673402149,-0.014177398581631653,0.22856392152407995,-0.079234698409575421,0.97029912725173484,-13.274766122469394,-14.667520432781567,-4.9657658181953144,,0.2914429549036383,0.5151515151515151,0,3
-0.9834956572294612,-0.020440362030209845,-0.17977342353880604,0.067905647278232256,-0.96266519662111683,-0.26203919989602631,-0.1677054420062549,-0.26992204581045109,0.94816505625707703,-4.8306699532201298,9.6836575043187132,-1.1140584048562687,0.2387564159855613,0.2162865217653505,0.2815533980582524,1,5
-0.47415316430282917,-0.8516030401147473,-0.22349729047336336,0.88030192341841618,-0.45401486255195855,-0.13761914186538038,0.015725787975541382,-0.26199764626661631,0.96494037792150755,-8.0498668477516908,11.457927978467099,-1.5786246798461405,0.2070416460572845,0.1478824315293074,0.2808988764044944,1,5
-0.61437525648230595,0.78070632080485192,-0.11419581812681573,-0.76038307880487521,-0.62448223478481635,-0.17843629649087994,-0.21061960423835299,-0.022794277648427386,0.97730230902058468,-14.063265827582525,19.805774424706431,-2.0546241317569147,,0.06806595506204624,0.2083333333333333,0,5
0.79648600703702122,-0.56353898990787987,-0.21916625526715725,0.56418480108608315,0.82301671669488752,-0.065871042683593617,0.21749839267838067,-0.071184906366262249,0.97346143133045981,-20.276547154555868,-6.7013027189516805,-5.5219201284548509,,0.1134025854398289,0.2,0,4
0.11892194764957345,0.9829446427358508,-0.1402761550803317,-0.98853299875215939,0.10396961769843745,-0.1095117755024673,-0.09305955483073268,0.15169096186829964,0.984037484724121,15.689586278250452,15.910385743139953,3.5643604167625322,0.4150082630841491,0.3394769967798495,0.8627450980392157,1,5
0.94267487032016084,0.28335981748689254,-0.17627053837967491,-0.29987112100720081,0.95103831321705989,-0.074856112503469449,0.14642882111370784,0.12342342009133553,0.98149134469958799,0.13969835979551323,-11.673700193459489,-2.3246281969400515,0.3523678202936113,0.2698168314418067,0.8157894736842105,1,5
-0.71156485137525238,0.68224808889008171,-0.1679672810196893,-0.66573111863262524,-0.73109951095696424,-0.14931705449359348,-0.22467207207721607,0.0055722781983939696,0.97441849825637616,11.81113044129345,11.725495986222416,2.2758578179961342,0.1350461392284859,0.1040941325565127,0.4583333333333333,1,3
-0.89717920220285419,0.40102952716602841,-0.1850534989554142,-0.38108517449031598,-0.91468493505134196,-0.13463119762450165,-0.22325673319820669,-0.050267165536897661,0.97346270763216747,5.6627203968013342,-2.8054172079322925,-0.53525682633035088,0.2635608448233591,0.1566664178129304,0.3653846153846154,1,5
-0.613211294070378,0.784405490404255,-0.093166171157739702,-0.7611956198126163,-0.61830515687461962,-0.19565265487679884,-0.21107614077062375,-0.049058736285322854,0.97623772883015936,0.42363299689846629,16.76157643817794,0.63521987624143095,,0.3701347668114452,0.4444444444444444,0,1
0.42326419925827158,0.90265932765538037,-0.077804600268823021,-0.90553295278931611,0.41870465280181118,-0.068530906420225635,-0.029282913770953403,0.099461308652420102,0.99461045592846631,3.4891148022556622,3.1517831780166512,-0.25954750660624676,,0.4177178135626504,0.5058139534883721,0,2
0.59026094545121499,-0.71634731233549576,-0.37207330512245856,0.77971423258885564,0.62525751067455682,0.033147561651341959,0.20889646184990926,-0.30967656265008037,0.92761128430599715,-10.911826516237431,-13.514710098398426,-4.4446566849988152,,0.2553382941227739,0.2916666666666667,0,1
-0.50551828199795557,0.85939439465052225,-0.076762888227960152,-0.83737175336438174,-0.51011175120838426,-0.19645495144326958,-0.20798993541346453,-0.035032495234832338,0.97750340717786011,7.9883118469824144,4.298386000899117,0.67055364007344709,,0.2107486384500683,0.4705882352941176,0,5
0.97007557358403962,0.17161137996955875,-0.17176412838697561,-0.18136957302149861,0.98248706961435239,-0.042711076111465983,0.16142632845230981,0.072585758283177718,0.98421179030575545,-4.3912679114107078,5.0902104574353917,-1.5476984384008099,0.1861033231845722,0.1255907158237364,0.4983277591973244,1,5
-0.96550838382138793,0.2161406232823169,-0.14517848235100658,-0.15856934190394403,-0.93036828795776871,-0.33056105725066809,-0.20651712902023436,-0.29613861573536959,0.93255165845736288,-0.50098091556288105,15.506873447074582,0.33156463655076979,,0.1544068359696825,0.3076923076923077,0,4
0.75767508716848209,-0.61675687930724321,-0.21339965818019666,0.6144861740689439,0.78432581899797538,-0.085086729466278932,0.2198526874121525,-0.066663044337525526,0.97325270837399092,-4.8863917154621914,-7.7637957372896551,-2.8894841020595439,,0.134902442676199,0.2956521739130435,0,5
-0.90637274433194936,0.40276034002003602,-0.12756393235987468,-0.36304239498438079,-0.89693446812857613,-0.25240598116310992,-0.21607560661993899,-0.18246278631505189,0.95917603380921312,-13.526274495570469,-7.4490329557334611,-4.4251866930306525,0.4261016132081669,0.3380245119494475,0.2708333333333333,1,5
0.97951464680856082,0.08239940975956829,-0.18374273851985329,-0.094783950410097434,0.99370882851240816,-0.059655401106302061,0.17767121160209562,0.075849201760943771,0.98116249375935238,-12.433389076831455,-15.765876954128121,-4.9182672882524452,,0.6693798476885153,0.68,0,1
0.96222739754299036,-0.18684971235895076,-0.1980040918996932,0.17643770824427241,0.98188024128530249,-0.069144246926451727,0.20733588817943172,0.031597100577339339,0.97775940430555441,-20.385559248076966,17.761523960738465,-3.5096479075419862,,0.06238121055190181,0.3333333333333333,0,1
-0.95823049330358978,0.24456541778844543,-0.14826354280510234,-0.19030291523958326,-0.93222456893765093,-0.30780213371633003,-0.21349267470916489,-0.26673040601133696,0.93982752053478036,-1.4365613045835359,9.0506684144834928,-0.52924634328262732,,0.3603245282736933,0.4,0,3
0.90123696401585163,0.40178545266718779,-0.16229721105586911,-0.41556277026213306,0.90751999706986941,-0.060951118860655393,0.12279869161987041,0.12237607994754149,0.98485764270432541,9.8993296835585944,-9.7230104647993265,-0.5238537736879133,0.1491626278066233,0.1126222267261825,0.4444444444444444,1,5
-0.81297673709444496,-0.49470681683875711,-0.30713838951934053,0.57465384164684086,-0.7667991711104859,-0.28599299548205581,-0.094030778066531082,-0.40900390775338097,0.9076750609213996,-9.165473057707322,-13.33078534619399,-4.0988377175431037,,0.4051477247772438,0.2413793103448276,0,4
0.65062105073127852,0.74639909289098849,-0.13993084891057894,-0.75927767562613524,0.64271673532991713,-0.10204219432482649,0.01377169710309474,0.17263716939976034,0.98488920600265395,9.4656513816460812,8.2967184395567237,1.3986023890097143,,0.1521469695790056,0.3243243243243243,0,5
-0.8293494535753112,0.55164102636370027,-0.088722386615418897,-0.51248974331342434,-0.81431328722085883,-0.27248510648125274,-0.22256178210302213,-0.18051606102494711,0.95806064779802158,-24.131248230137462,-0.24911615292518446,-5.7212726686988171,,0.2827239829069516,0.2916666666666667,0,1
0.96844662067057508,-0.14151858587307481,-0.20514295689646997,0.15850597772591057,0.98495776701246163,0.068804449180099383,0.19232004039333747,-0.099149821252026885,0.97631056278665473,4.1121986446635734,-3.6462116964585083,-0.89412887630991322,,0.2078007370229738,0.2142857142857143,0,4
-0.069922196738313389,-0.94249200391771271,-0.32683284558694847,0.99190524477999953,-0.030876072328518453,-0.12316920692889496,0.10599467807969154,-0.33279947522305026,0.93702168465305269,6.9340829243360291,15.103293830331301,1.7595560343813375,0.1881518612395287,0.1103581725295375,0.2962962962962963,1,5
-0.96504159118640687,-0.074327855140486385,-0.25133662134798673,0.14315184709173365,-0.95275439909866511,-0.26789289589753035,-0.21955016728445301,-0.29450708811224735,0.93008779106975292,-2.6074168494435686,13.010261846603031,-0.3054475722915555,0.2871472716627098,0.2013941303648304,0.4883720930232558,1,8
-0.97536020240755406,0.11936831174534279,-0.18553620053930447,-0.088210009869150161,-0.98183822483096728,-0.16796634906926636,-0.20221639329782046,-0.14746154214520088,0.96817540965972682,2.7477937876877112,12.538030126022013,0.66636249767197431,,0.0798715429083052,0.2222222222222222,0,5
0.12393140767489039,-0.95728030967252375,-0.26125737291988238,0.98292111405682314,0.15452592243188007,-0.099939095642655518,0.13604076496776771,-0.24440979524121975,0.96008164353722081,-1.9073376012090302,16.318252122754796,0.090723661677277828,0.2342943940993045,0.1985449267303094,0.5588235294117647,1,5
0.03804999450521418,-0.94777468434243706,-0.31666282642228338,0.98942706202034059,0.080114806204389724,-0.12089543733587703,0.13995101593040715,-0.3087146992717209,0.94080228932205534,8.9140112425781162,-15.532196411012075,-1.154010468953462,,0.217206781502252,0.2727272727272727,0,6
0.035842369837369902,0.99560691764255682,-0.086499653564214421,-0.99292502238477431,0.025673286347651508,-0.11593438786791399,-0.11320434817902368,0.090043033658353699,0.98948321241088477,-2.7107921163375668,4.5981016956201453,-1.3149552136500535,0.1473290871845095,0.1439202616458916,0.3440233236151604,1,5
-0.62139644743443379,0.78300338595109265,-0.027787635829448067,-0.75899645959556628,-0.610386500565817,-0.22661132859681346,-0.19439863537911473,-0.11972475732337491,0.97358880080175425,-11.139866091567226,2.2921679576397502,-3.1801538155650371,,0.2022145881949808,0.2113821138211382,0,5
0.85052370018383594,-0.47710554226389146,-0.2213136619521594,0.49163776343521703,0.8707125787717912,0.012325369487172036,0.18682008722301316,-0.11928917264217988,0.97512478601475938,-12.90298241270575,2.8718177889298624,-3.4281870628660238,,0.1714573412284792,0.2615384615384616,0,2
0.56608773703944459,0.80846411763236847,-0.16102932799486352,-0.82428839006150778,0.55743321957026115,-0.099080047079830535,0.0096604339120436727,0.1888226051627554,0.98196369576282316,-0.59168198883520629,-8.2103204032911332,-2.1464167026028682,,0.08338776337275314,0.3333333333333333,0,5
0.45099503998630402,0.89017613850901911,0.064729563083042049,-0.89188491065828157,0.45223339704526355,-0.0051245230966604901,-0.033834598384185295,-0.055420186088379453,0.99788968474782236,12.121633237226344,1.4771731979986971,1.0360176301009427,,0.757562465310329,0.4941176470588236,0,2
0.93897071235507901,0.31435096381705407,-0.13970494939937844,-0.31492540390929036,0.94893494358570507,0.018559709441779353,0.13840517082813097,0.026569614022075336,0.99001922420665756,1.9143217138275461,25.512523262687942,1.884687616264024,,0.4504613633902917,0.5370370370370371,0,5
-0.086549919391001179,-0.94308242899060502,-0.32109911800344765,0.99098371171491828,-0.048409640559323071,-0.12493114029993101,0.10227607036416239,-0.32901677590982797,0.93876917642238733,9.1658352034482338,-7.5964311771368651,-0.41913863624826919,,0.0973160463816358,0.2916666666666667,0,5
0.97227609545113003,-0.12640566657650013,-0.1967251932815296,0.11378041961411239,0.99072721784627749,-0.074253592041132896,0.20428707821774,0.049811517502733986,0.97764288080941575,6.3947611962477104,17.864866359137338,1.9604426892529543,0.1633585208526078,0.139253675935232,0.5,1,5
-0.94231058508621302,0.29555240649028391,-0.1571608610700625,-0.24461491521879089,-0.92848763055827188,-0.27941772161549172,-0.22850449555093066,-0.22485438603258479,0.94722024925300596,-12.783226012425883,16.247091892588138,-2.1593770244377684,,0.3081362594100322,0.3571428571428572,0,5
0.42636314558799532,0.89873119609982233,-0.10245342962191495,-0.90417685324730623,0.4201816541196407,-0.07688690131018594,-0.026051605250145968,0.12541776069706209,0.99176191657354218,8.2630231095722024,15.578041591683972,2.0410033384114814,,0.07893029121505218,0.3076923076923077,1,5
-0.97754632138191799,-0.06727104412541754,-0.19969425674003974,0.11914599413193212,-0.9580963369990031,-0.26049115361448971,-0.17380282401328925,-0.27843493971010569,0.94459862519148152,-7.5414626669541489,3.2838769909671308,-2.3690240031162642,0.3330717615595874,0.3528151451997805,0.3668639053254438,1,5
-0.7426646028152013,-0.62750131999628544,-0.23386188472741423,0.66650065826597715,-0.7265208512131307,-0.16716556249289841,-0.065008924436252793,-0.28001704618731182,0.95779136224345574,-13.394034001271754,-2.8769655380871564,-4.0734152140761104,0.2458814937681149,0.1719050328614047,0.7251184834123223,1,4
0.27860423622155583,-0.91776277738088885,-0.28300382331961654,0.95171849374146344,0.30337028972993973,-0.046886842287069498,0.12888595047515342,-0.25627709956859129,0.95797205596344348,-10.999889612336231,-4.4499558947248667,-3.7128086760426795,,0.4961246570243257,0.9037037037037037,0,4
-0.83595930256452067,0.53332494674592612,-0.12936980186386327,-0.5074960419361304,-0.84098223690098639,-0.18760768810519107,-0.20885356562673651,-0.091177729712185573,0.97368722376825401,-17.270845459370125,11.31552455324184,-3.3751361656677275,0.4189969236655705,0.2927389698003227,0.5363636363636364,1,3
0.98218116414666967,0.044097569978313184,-0.1826898057295466,-0.011956820181283905,0.9847750310854112,0.17342194959658097,0.18755584567441286,-0.16814738318729316,0.96775475316870474,-11.981358137575876,9.9065966773521783,-2.5234076282695548,,0.1475235933733435,0.125,0,2
0.040543511218798747,-0.96919588130999479,-0.24293119879874214,0.99208368992684648,0.067968505960369435,-0.10559467021895079,0.11885359009800626,-0.23672690140594096,0.9642791080758506,-1.8125555707048286,-11.3185621404198,-2.6938341034478226,0.1472522344867855,0.1913148701701294,0.1818181818181818,1,5
-0.9820975201035459,-0.043164240126678848,-0.18336114468652376,0.073513393616353298,-0.98403268819724166,-0.16209703735206804,-0.17343656467271548,-0.17267459840288335,0.96958921255391994,-6.0360381875187903,3.9546644175574106,-2.0003057675469713,0.145659925504423,0.1628607717643855,0.5,1,5
0.71752733923500711,0.6747586703726971,-0.17278673041411446,-0.69408353304194315,0.71343222111514537,-0.096241960883615446,0.05833152329867608,0.18898466242417469,0.98024600522423755,-14.461314309659162,-3.6367916008739867,-4.3181755351035962,,0.09227261347754719,0.3786407766990291,0,4
0.36244119592172835,-0.86698369078776527,-0.34201704549167034,0.91675607193824682,0.39775196954266129,-0.036765136872984147,0.16791272751993105,-0.30022100298439813,0.93897426232238068,1.2206625859167759,7.1890876377930475,-0.20956654231398575,0.2830956367344042,0.2442538148650977,0.2906976744186047,1,5
-0.51128358588005696,0.85831205817026657,-0.043468443831707303,-0.82917519794307504,-0.50596206008030142,-0.23763603446312351,-0.22595925722503959,-0.085456448316189218,0.97038116712737688,-7.1097382005145864,-14.286017248994577,-3.8461583365980245,,0.2486517998327928,0.8142857142857143,0,5
-0.75603690982014171,-0.61814534017379141,-0.21518487263522651,0.65119357305004788,-0.7435199221902119,-0.15206924647861372,-0.065993343663759488,-0.25509696926402126,0.96466077709440856,-7.5463826054220773,-17.081009075170684,-4.2111381883219012,,0.1834329759138327,0.44,0,2
0.7741863558366,0.62379269540580995,-0.10732268909601057,-0.62872988336617253,0.77744496807492347,-0.016674992573903816,0.073035746034415608,0.080386533532271723,0.99408439532459258,-15.288164169252031,5.0964388222805592,-3.6839116669669676,,0.09393511771827909,0.3255813953488372,0,1
0.98237465247039146,0.059093131600032399,-0.17733596358713993,-0.043442174370065784,0.99491397076188726,0.090878865908506315,0.18180434447415988,-0.081573234461536054,0.97994540039218769,0.13004423141755583,14.084446360061413,0.35915513354530493,0.6560496128534139,0.6926193738348799,0.5038167938931297,1,5
0.98078135331759664,-0.011583520081719902,-0.19476590832848079,-0.00024473909479721983,0.99816227124267609,-0.060597197711083142,0.19510991027438176,0.059480268410431816,0.97897610827973947,-15.897433182909662,11.839641325290781,-3.1141142126272103,0.1693138089965287,0.1848627202065034,0.6904761904761905,1,4
0.9622121741792693,-0.18576719092199093,-0.19909365293287726,0.18385662195293967,0.98254822781524709,-0.028208555106064463,0.20085933990048421,-0.0094620713414478187,0.97957439471470042,-10.619528930201257,6.9105476795742966,-2.5985625479285566,,0.09763901835764636,0.4224137931034483,1,5
0.59741788655732808,0.80187152443458565,0.009691600607190284,-0.80173452733938511,0.59696169478122629,0.029299874331120596,0.017709220572026344,-0.025274359831261181,0.99952368168135564,0.043680137107835436,-15.388248507990243,-2.7139405302886761,,0.1146490302347121,0.2142857142857143,0,4
0.48743345821236084,0.85670695754400827,-0.16870629126036848,-0.87311145299272952,0.47618167984606063,-0.10453419742796849,-0.0092203290648585103,0.1982528604451233,0.98010753943496587,-9.0768632260510032,-10.284315233376235,-3.7980163626920067,,0.08207381744344118,0.2142857142857143,0,4
0.11006454053256275,0.9904845614173754,-0.082620400090924473,-0.98819738364646803,0.10014091885902418,-0.11592121171012984,-0.10654448775807335,0.094404078110529491,0.98981621635759731,2.912614984552977,8.1479600091460256,0.19984463769749175,,0.3505098498590078,0.3058823529411765,0,5
0.97786973801738308,-0.076669091698138458,-0.1946602831807154,0.072996298330709031,0.99699371014305993,-0.025982347183996102,0.19606712090462292,0.011197870929691151,0.98052653803291501,-14.286597684614664,-15.263715225496576,-5.2433593650532195,,0.08061022258104657,0.15,0,2
0.82605411316201183,0.5631753179447504,-0.02163708358239454,-0.56022381175501579,0.8247040072963211,0.077540834997245525,0.061513273939881437,-0.051931316247700574,0.99675436067367096,20.110653344411379,7.30322952527845,3.2014385279670372,,0.3919550658216386,0.1379310344827586,0,4
0.30305327067986976,-0.87544396667791291,-0.37650574542425513,0.93846196705174956,0.3428441748944917,-0.04179722644237608,0.16567393134586308,-0.34066953627842278,0.92547091554745786,9.7769547036578501,16.60343254207195,2.4963916111150799,,0.3450494180633844,0.4,0,5
-0.9808044108963111,0.056599724594228906,-0.18659897840609235,-0.028081625378105421,-0.98797057360725427,-0.15207093082596909,-0.19296147253393267,-0.14391183711568123,0.97059530869231281,0.45032630495994086,2.6087737700817764,-0.90725756223081599,,0.07732364331163223,0.2459016393442623,0,5
0.057604109722799758,-0.93668152029826268,-0.34541206706596028,0.99155923152827086,0.093934412351087154,-0.089367872008466728,0.11615531375752643,-0.33734856707564626,0.9341862166494963,9.5946879667820664,19.69217237914874,2.7645960099240909,0.2960977457144303,0.3526160348509723,0.4516129032258064,1,7
-0.0039402485614081087,-0.96726539004532597,-0.25373635857270943,0.99283505676008699,0.026519654920331641,-0.11651290903201358,0.11942790507025591,-0.25237744178783256,0.96023049439556973,1.3477346606772926,11.788446381636787,0.31322063523831145,,0.07136092348670989,0.2222222222222222,0,5
0.98072916540478727,-0.0030867528133114537,-0.19534783357257593,0.0093535528608433317,0.99947045980678328,0.031165863095646937,0.19514818772745174,-0.032392467190486038,0.98023870199865326,3.8608601507550988,-12.586000432699814,-1.7388673410293312,,0.2885682673551918,0.1111111111111111,0,4
-0.76377839643999834,-0.55845048237857209,-0.32369062368670015,0.64173219807696325,-0.71091553860205658,-0.28771319560537545,-0.069443121206163694,-0.42747181860947053,0.9013575856516981,-22.104706521321489,-11.972739261940289,-6.2761606801029242,,0.6993705245362125,0.4,0,1
-0.35012995469835867,-0.91004058521508524,-0.22188994588378835,0.93552072207710557,-0.32784721878257322,-0.13159475559786926,0.047010566761705334,-0.25365790821087508,0.96615095726021361,-0.89354447983697327,2.2146906106160946,-1.1758751840137092,,0.08790104594088621,0.4071428571428571,0,5
0.3119745379028071,-0.85853556917520391,-0.40692574772473838,0.93783226177047863,0.34685297481408661,-0.012793070197800365,0.15212671193053903,-0.37763698219801789,0.91337165118782593,4.7783868746377172,-6.2314856686962141,-1.0436589132450751,,0.473236543634923,0.4636363636363636,0,3
-0.75133513679069641,-0.59666815694923425,-0.28192662645892547,0.65693562839922037,-0.7168365949916401,-0.23362550421671432,-0.062698423930973635,-0.36073869568372674,0.93055709178587032,3.7889745033924318,18.161997771963819,1.4619433499241177,,0.166435677844706,0.5,1,5
0.84509633128990258,0.5300663198638601,-0.069583671837081557,-0.52596683933577892,0.84766962370185917,0.069390870957778808,0.095765728522670499,-0.022043266525902206,0.99515979603347626,7.9601820619810786,20.676061736574411,2.6060743451075883,,0.4360342473300958,0.2941176470588235,0,6
0.88306912854259279,0.46628764194822797,-0.052580882280424103,-0.45484146957376254,0.87812424882302198,0.14838140444470935,0.11536096294243905,-0.10711507174700238,0.9875313714680809,-5.4193703725982534,8.0005048751635073,-1.4620208942333242,0.2328948073061189,0.1679646816512796,0.4444444444444444,1,4
-0.81498309902010491,0.56791230618602384,-0.11523090207950271,-0.53505315493682337,-0.8138295588862865,-0.22671473369656051,-0.22253240146939479,-0.12311401855768669,0.96712060712759096,-23.536097507168769,-3.867023277157343,-5.9350293948569322,,0.5912699156104588,0.4782608695652174,0,1
0.41885044488252565,-0.8548588321399333,-0.30623631713769284,0.88820582549304694,0.4558215054642219,-0.057594849739741903,0.18882456509131296,-0.2478772524228022,0.95021163503158446,-8.8723910952954377,-3.5830420314490481,-3.257859208317158,,0.07902735439746759,0.2152466367713005,0,5
-0.95099829519178958,0.29048616403173277,-0.10592464797409828,-0.24525685628524468,-0.91730801291697561,-0.31367990672560797,-0.18828520119060416,-0.2723303103667245,0.94360207983459587,-2.5012296776398615,19.716283444591017,0.3475020158649838,,0.4113037893220485,0.3333333333333333,0,5
-0.85789564363594006,0.50282560627261319,-0.10574249054687669,-0.45680920695595456,-0.84059632114074445,-0.29107245373775809,-0.2352454315619098,-0.20140564679577991,0.95083928840158138,-17.780647188673218,14.784728865197664,-3.2774558688871487,,0.1178839897570739,0.2,0,4
-0.3505410980486991,0.93439946782636552,-0.063392216435591106,-0.9175287268393153,-0.35620655450123506,-0.17679911186141081,-0.18778171903419491,-0.0038111751682634461,0.98220339082106578,32.78070139890891,3.7667561225669979,4.9905684335255698,0.6767963570161684,0.3266240224747932,0.3043478260869565,1,5
-0.97754720174976328,-0.094816466290155707,-0.1881789203695671,0.12269993502631535,-0.98215633746250386,-0.14252597912934692,-0.17130730952223303,-0.16241541337720625,0.97173815362049354,6.6838265531751508,5.6444671077402333,0.59450318895124821,0.3352802997759796,0.2918601523002241,0.6,1,5
0.97928103027176028,-0.062915714518402208,-0.19248448409291982,0.043271072184178618,0.99357103193297813,-0.10461462046801946,0.19782891108710629,0.094118103307892206,0.97570769422394843,3.8653860515482235,4.6766911198987859,-0.019741916014706585,0.2271054852323174,0.1247201289339448,0.3918918918918919,1,5
-0.44274236396889299,-0.82235701569253927,-0.35736275391889505,0.89626528052108101,-0.39422844615619751,-0.20320550970320184,0.026224913340260867,-0.41025951662640403,0.91159167555313114,9.8248983836925454,23.871138270378083,3.255108626510411,,0.2125419570254507,0.3214285714285715,0,2
-0.6114042361945432,-0.70313265266636593,-0.36302800541794056,0.78970080107587493,-0.5714765920663073,-0.22313034195376086,-0.050571778132572472,-0.42310634298559086,0.90466762834859449,-9.3201666725725758,-8.183979324974878,-3.7054808287178136,,0.2928075520415991,0.3125,0,4
0.82409918649109726,-0.51933988239916129,-0.22615617916461256,0.52113552521749107,0.85159522316942682,-0.05659805854712309,0.22198715093671692,-0.071215605204471802,0.97244539301410626,-4.3485709729308812,15.794239726235629,-0.41948844511533068,0.1482281331231467,0.1291306755286315,0.4883720930232558,1,5
0.95167414918051818,0.27500405867520666,-0.13670801546983494,-0.26854796772274753,0.96113900354812298,0.063982848408802778,0.14899094876373978,-0.024178163095759368,0.98854292451860493,-20.655429282384976,-4.6543301374610104,-5.4762547264795094,,0.0912249964253872,0.2368421052631579,0,2
-0.068580101102952207,0.99749446312805023,-0.017365648896364744,-0.99009744918111597,-0.070188084569289599,-0.12157579491634871,-0.12249004391278782,0.0088560043686306319,0.99243022945135362,16.781236410182409,8.0536990587689825,2.6908348931208645,0.5932599447536705,0.2329572940272476,0.3888888888888889,1,5
-0.92977900838406569,-0.25585289533228994,-0.26467015607814026,0.34827151182107058,-0.844272153787891,-0.40732233475740193,-0.11923904403427928,-0.47089683189467246,0.87409280061635997,-14.838323082237912,-11.894169827761473,-4.9410700900302151,,0.3301623089137656,0.2307692307692308,0,2
0.52299000975069532,-0.81669767126449022,-0.24389826455332431,0.82997716709127944,0.55308991695964516,-0.07231490762425502,0.1939570875428358,-0.16461001642891804,0.96710092062988418,-12.099390471519236,11.318939938667151,-2.3934555986159802,0.1946897211238564,0.1415753764503795,0.3809523809523809,1,5
-0.95521836606690536,0.2450634765359794,-0.16583656290628279,-0.19677429811490679,-0.94464817990493333,-0.262525602187065,-0.220992644062774,-0.21813690350418649,0.95056748450583339,-23.07620853763531,26.06319364389207,-3.2808225464063927,,0.3926651404654071,0.4375,0,2
-0.04585946305700838,0.98901634215939505,0.14051186636641011,-0.99053244297903043,-0.026801550881550579,-0.13463712814946685,-0.12939238406535056,-0.1453559486639355,0.98088187827785422,-18.869238397788607,32.180338783837101,-1.7922850104597794,,0.5116931721730646,0.4285714285714285,0,1
-0.63018297752622898,-0.73999761228120042,-0.23510199627884354,0.77626865827595359,-0.60694557037163244,-0.17036444695036521,-0.016624831266094636,-0.28986308565316676,0.95692372034608775,-5.8053312381311519,-17.201308317919768,-3.9687706229939415,,0.1995462525742649,0.5294117647058824,0,4
0.40956356877716321,0.90767466861462121,0.091566255169967609,-0.91172604973656945,0.41074941343374055,0.0063662858551123951,-0.031832269197543311,-0.086090738869960701,0.99577863570100744,-18.290824773737931,-10.069611130471563,-5.4246897059956734,,0.3672862054698401,0.2352941176470588,0,1
0.6157119053785568,-0.74844275039364494,-0.24643923989150443,0.75910012613072508,0.64728030991283758,-0.06924737473332751,0.21134296317460824,-0.14443562504568108,0.96668117915589891,-13.561421175221525,-9.5978960847729908,-4.5616565958632229,0.2728092472584674,0.2220939607509694,0.5344827586206896,1,5
0.97533243341692255,-0.073638967918523854,-0.20809600363514494,0.073717871851909367,0.99725177902978301,-0.0073867849270209344,0.20806806505239853,-0.0081358236108713018,0.97808051237079841,-7.3780603630314685,-12.549577142111049,-3.7549051866520573,0.1830325527065804,0.1700196827414226,0.2702702702702703,1,5
-0.45818548776434592,0.88400174004080723,-0.092773823932044142,-0.86741464529056611,-0.46747759422189333,-0.17045976661943646,-0.19405641431704923,0.0023711822655404285,0.98098750530120105,-30.489268434089212,24.649152596027669,-4.7625974754915381,,0.1803398804457466,0.1333333333333333,0,1
0.45356712551723194,-0.76324518356428583,-0.4601452514325835,0.86996797455172903,0.49125775946321243,0.042679468384069885,0.19347502656518187,-0.41966963618196684,0.88681723627954934,-13.925589015983732,-17.845778824055245,-5.4397982294543326,,0.3268695527849118,0.1052631578947368,0,1
0.74804869941566254,0.65253809359334625,-0.12090152898990794,-0.66087017858023023,0.74909496620386906,-0.045905758586032269,0.060611470580005364,0.11423995806015415,0.99160248165106157,-7.7388201312537008,5.46616855851412,-2.1944885207600739,,0.1551689568533163,0.21875,0,3
0.92104930809347529,0.34503174328384906,-0.18061358804652061,-0.36589043132609417,0.92549718405403758,-0.097873155523112196,0.13338802166812022,0.15623078580918257,0.97867235438675304,-24.47253727664776,14.49785335859316,-4.5061387186109894,,0.2976604544121977,0.7,0,1
0.0002838615441111434,0.99580727743911424,-0.09147560123837184,-0.99090247166979351,-0.012030835324959773,-0.13404309247431156,-0.13458161487111425,0.090681449043790399,0.9867444774296944,0.79249067584059874,-19.154731651135133,-2.9082702525677471,0.2916608444012282,0.1853926249825027,0.5357142857142857,1,5
-0.97431232394713874,-0.080567951378863717,-0.21029574559495617,0.14601298239718727,-0.93693953336879998,-0.31752877000696172,-0.17145175524387091,-0.34007810282531908,0.92463570102096271,6.9344336828199946,-8.3270373266387487,-0.83120324396919065,,0.1011061966332334,0.2,0,5
0.60694695225537765,0.78988204992282851,-0.087759582711056938,-0.79449052499490447,0.60582358725151009,-0.04198317309391153,0.020005070388024359,0.095205715896800991,0.99525658441396314,1.4196974700320906,-10.495855806401693,-1.9848624551513572,,0.1686786343998769,0.3854166666666667,0,5
-0.85108340921501657,0.50879376154336309,-0.12956056025464616,-0.47404821843888739,-0.85075103466781032,-0.22693823742720157,-0.22568854014738843,-0.13172541602213061,0.96525286719073522,-11.097849865163006,-9.8233832348545693,-4.1563324373803701,,0.1174455211699218,0.1333333333333333,0,5
-0.97764867076908823,0.10234863505074802,-0.18365139108289455,-0.063235093726914146,-0.9762074222142415,-0.20741357654496151,-0.2005103475254629,-0.19116439448043923,0.96085991425292794,-3.6176192737973829,4.4926206464305247,-1.5096369020310729,,0.07260796147038781,0.2688172043010753,0,5
0.78550091419403256,-0.54600798808592588,-0.29131356086989474,0.57561784343592659,0.81747644756426963,0.019908691465658327,0.22727167029463172,-0.18332357901825086,0.9564204374946339,-7.2999294790149474,16.610932308304122,-0.96974059309404481,0.601166829564158,0.1181902789156499,0.25,1,5
0.91832494879900584,-0.3033833104745936,-0.25423975955538164,0.32902642254187614,0.94213507374486516,0.064211494991560508,0.22004749869652404,-0.14261861640484644,0.96500726866286846,-18.389284252990723,-12.441375588344982,-5.6453880607121443,0.3763878334236966,0.1917430018278249,0.3529411764705883,1,3
-0.58695717686567095,0.80939914596792195,-0.018822726483672246,-0.77688100787765668,-0.56961555162241795,-0.26831701949165337,-0.22789728415423754,-0.14286758154419135,0.96314676037395053,-9.6214603056531551,21.013431154402827,-1.0226722921995102,,0.4894651494567501,0.6097560975609756,0,6
-0.8680178829473697,-0.43990959416897624,-0.23027050145785505,0.48449440966449542,-0.85188683817765876,-0.19888182909336569,-0.10867438468846999,-0.28419775491329485,0.95258674891834638,-6.3154382529061008,-15.781509237349555,-3.8823111275028817,0.6092467563746766,0.3905626893137483,0.2916666666666667,1,4
-0.88053682162173685,0.46625364517269907,-0.08521997495576053,-0.41924741474161753,-0.85004100485697076,-0.31884462563170402,-0.22110294208978726,-0.24502617906036528,0.94396804001741408,-23.303006712891278,15.845659277078695,-4.1769478357761729,,0.3511103775517979,0.1,0,1
-0.90277671556827155,0.42509832723696439,-0.065464601183385041,-0.38541635715443479,-0.86710261977768566,-0.31557452117127638,-0.19091472825733014,-0.2596622016293666,0.94663990385965713,17.122609067946144,12.476430001206237,3.3399982016512024,0.5249693138197062,0.3691949947223611,0.3333333333333333,1,4
0.91867500623837917,-0.33532205387754405,-0.20879500256533831,0.33263502985233084,0.94178506114299321,-0.0489370567466813,0.2130496886363677,-0.024495280999293451,0.9767342583224532,9.2408420293988858,10.491345236612686,1.609364693386012,0.1594628829999881,0.1416453959541933,0.5263157894736842,1,5
-0.41464892200506398,0.90885610822406226,-0.045242082443794185,-0.89037896629940749,-0.41547887029255504,-0.18601775375490839,-0.18786050104169816,-0.036849462468738117,0.9815042278381324,-17.781408621439748,9.2251453430541925,-3.6741883282915269,,0.09028930594989347,0.3333333333333333,0,2
0.70387578942563267,0.70018308289797371,-0.1195931581819476,-0.70633523816399546,0.70774800976560015,-0.013538316019534735,0.075162519837051148,0.094002154742974006,0.99273067370532264,8.3168604828042891,-9.9310849309732383,-0.7974693452541276,,0.1196710389412629,0.2,0,5
0.10390711548019152,-0.95011942949052997,-0.29406866724827713,0.9853943030398139,0.13845057671543556,-0.099143861856620413,0.13491248603916345,-0.27947183670587494,0.95062827309047526,17.4205571979033,5.2156416525869247,2.436824427934829,0.5471795855606768,0.2322937622866004,0.2272727272727273,1,5
0.6431703963742651,-0.6844327897508381,-0.34334180861301428,0.73529536777070748,0.67719017148493299,0.027462588718967548,0.21371140204189146,-0.27012076550700803,0.93880893086889483,-3.8821029146186281,21.70727144922752,0.22111314897475726,,0.3416237360008528,0.5555555555555556,0,1
0.56645793469854755,0.82403107977567447,0.0099089747598947123,-0.82362179619512332,0.56650027256765201,-0.02691798679498358,-0.027794694626403989,0.0070866596159325675,0.99958853245028445,13.930742177787902,-12.91933845778604,-0.038021539178222478,,0.283437290207721,0.375,0,5
0.91774024197482718,-0.2965863612492225,-0.2641767941756642,0.3259315817798944,0.94247939744748099,0.074170003272813687,0.22698337440976052,-0.15417235714608163,0.96161813212604286,17.570111909135505,3.5380885735797554,2.2458718529346018,,0.2701752324203158,0.2727272727272727,0,3
-0.60446155284680392,-0.70637108757376599,-0.36832881745783169,0.79638697660552793,-0.54732675840913769,-0.25729594443451836,-0.019849801589336032,-0.44885777944600613,0.89338271709702544,1.8864988127296769,-17.767440301512831,-2.6172005341043074,,0.272928996769299,0.4285714285714285,0,1
-0.89908460584455407,-0.38586113320451215,-0.20678021524186407,0.42449840102390224,-0.88387692739946022,-0.19637383924300869,-0.1069952291529499,-0.26433456658753207,0.95847757294862601,-19.995080777629447,-8.5205317158769969,-5.5957067791832618,,0.1475821317640254,0.3,0,3
-0.13167562607590061,0.99034231574273712,0.043400773574106745,-0.98037693257343372,-0.12362127655234738,-0.15355406234115698,-0.14670582665805568,-0.062768444563166659,0.98718667069186872,-11.331430525773801,-7.0715956248625202,-4.0322692318153717,,0.4814607076426042,0.1162790697674419,0,3
0.19714908366091743,-0.85439309732759972,-0.4807750763617139,0.96790453135303001,0.24759472770311958,-0.043100684448047995,0.15586230140073226,-0.45684711452801086,0.87578402414607837,-4.2927819027368761,-11.370773028346786,-3.0861417040271482,,0.2931848984545021,0.2692307692307692,0,1
0.84678159783078855,0.5154267290767276,-0.1315150657848792,-0.51899299570828372,0.85473892924932027,0.0082239425743276078,0.11664988633032219,0.061291514738908683,0.99128005842957012,5.8926703686997932,21.380449167582135,2.2629738166384779,0.5633575941498841,0.4681664584840716,0.8571428571428571,1,4
0.49700207048060674,0.864704582699521,-0.07262868989895542,-0.86774924850700375,0.49521678682446807,-0.042090091028421803,-0.00042854815548490696,0.083942353467709535,0.99647052020658489,-5.3409298412541997,21.318428344042012,-0.094845380270241669,,0.1413591588846771,0.4166666666666667,0,3
-0.20180848398198431,-0.91874179821499402,-0.33939187380603475,0.97670286671547568,-0.16296129200385565,-0.13962495284942958,0.072971542005527787,-0.35966251614689065,0.93022471937495965,10.671347995641364,-3.1303154714636476,0.25382986135392044,,0.71966005552532,0.4,0,4
0.62900945060537417,-0.72036742039486445,-0.29226339264912082,0.73302323803302394,0.67479438594538488,-0.085612319207997278,0.25889002211886514,-0.1603849005681014,0.95249810504643739,9.6429417771180219,-4.1827573581418402,-0.028361019891559706,,0.4742269600486996,0.2666666666666667,0,4
-0.97782228619871681,0.11701622782300371,-0.17369737775565275,-0.089309708444494706,-0.98314076603066392,-0.15955566472613583,-0.1894395750382544,-0.14050422269353552,0.97178763668540835,8.5626825282580743,6.3502854549818721,1.0261560092851083,0.3064681705632594,0.2395688979421614,0.3111111111111111,1,4
0.44972926187594126,-0.84884845398317477,-0.27784868756734316,0.87138197280408869,0.48527504977037128,-0.072122004564612652,0.1960536877607138,-0.2096769616356019,0.95791363038359922,12.466822533108161,14.111188906793897,2.6901222485991783,,0.1405608890327235,0.4,0,3
