axis_00,axis_01,axis_02,axis_10,axis_11,axis_12,axis_20,axis_21,axis_22,location_x,location_y,location_z,dbh,dbh_approximation,score,reconstructed,number_clusters
-0.98753866572118243,0.021076077388699231,-0.15595891339558551,-0.022539005906159145,-0.99971694284835955,0.0076175714431338318,-0.15575421958453745,0.011037805209129458,0.98773416967207139,13.232421303701358,5.9841337217414212,-3.936563040154677,,0.2520771797498898,0.5227272727272727,1,5
0.88467727472512581,0.44641756940117283,-0.13437809834521383,-0.41988987257278876,0.88822247875258165,0.18642243199097475,0.20257989657351011,-0.10849968649065994,0.97323645818254101,-13.566592464643188,5.6695106464664633,-9.4823180187013882,,0.2724729671402394,0.39375,0,5
-0.21993839523742884,-0.92655026339214575,-0.30517488708661833,0.97020385436187428,-0.24035813769249328,0.030535989035236511,-0.10164439621419455,-0.28936581528048916,0.9518066198894134,7.4372681418512085,7.722699444315178,-5.2825417707545235,,0.1155455520846038,0.25,0,3
-0.60059057761298473,0.7887326150525712,-0.1311175809524939,-0.79641836998403426,-0.60464983920145388,0.01078665405164868,-0.070772438381584743,0.110902812885826,0.99130813981301313,1.9798507236458056,16.984503981252768,-7.411548333831675,,0.07727568758693085,0.4,0,5
-0.87962928892349967,0.45291556219602491,-0.14532655500147451,-0.45311580643945032,-0.89081624049718044,-0.033652512851133569,-0.14470100214810036,0.036248023216828663,0.98881125640346912,7.1601872833437339,8.6129317463105668,-5.4887050981276957,,0.0964446919237531,0.2142857142857143,0,3
-0.78100476711370681,0.62053996664070521,-0.070439360780869958,-0.6145157370544384,-0.78369606497611111,-0.090503517353747273,-0.11136409950296108,-0.027397582785934883,0.99340193768654539,8.2708655043383743,5.4615303983586756,-4.9289017468082754,,0.1134800892679038,0.5,0,5
-0.54824399608923791,-0.80032281370147385,-0.24271776741940279,0.8191225506997013,-0.57240983451490435,0.037218655078265397,-0.16872097583678944,-0.17841069255954287,0.96938271961754374,4.6357993932650716,9.1252372018174128,-6.0834243251640299,,0.1857547451995123,0.2142857142857143,0,3
0.36352097195831096,0.92219602619092744,0.13193556087783045,-0.92285646558568413,0.33714198596686751,0.18620210854073657,0.12723382755063473,-0.18944595687419488,0.97361274773435269,-28.133124095208402,3.6797653036454787,-12.206076715945079,,0.4986059668441361,0.1142857142857143,0,1
-0.035592489279732083,0.99883383543051063,-0.03262121864748533,-0.99748243587686458,-0.033503105464553269,0.062500656327654489,0.061334858147946453,0.034763646578083729,0.99751166612354192,-9.8173260187910696,17.486307730371035,-10.102839011576249,,0.3946388338014256,0.2325581395348837,1,4
-0.55616750839242413,-0.70814101330158752,-0.43498736520589126,0.81508341548015695,-0.5669534030307104,-0.11917577187120813,-0.16222431512496632,-0.42083267942508606,0.89251505730163327,12.067164857532848,0.56214953915114996,-3.7132903157505592,,0.2674659161796695,0.125,0,2
0.9823574442062516,0.038105415354285681,-0.18308967511369337,0.014044379505527041,0.96122467363360586,0.27540857321854068,0.18648487128146654,-0.27312104298029638,0.94373104678424635,8.7610263946305267,22.60237369974195,-6.5981993633864553,,0.4124805609354795,0.36,0,2
0.90754900425489993,-0.31887007703900933,-0.27327034022205227,0.39241229191951055,0.87567710564340784,0.28142885389110522,0.14955734026257927,-0.3626451166376301,0.91984842303091585,15.188888399450178,-5.5386401198863329,-2.5016552719640082,,0.2438355033409255,0.1428571428571428,0,1
0.98312377198905654,0.028426294436409726,-0.18071965785332922,-0.0013918948799752162,0.98898775367043479,0.14799082984614562,0.18293635936754871,-0.1452417600916564,0.9723369372531443,-16.191856229971588,-21.163276868197233,-7.520976620460555,,0.1617007355898977,0.1764705882352941,1,4
-0.021161734319025231,0.99200704744116674,0.12439533282108456,-0.9980268556685854,-0.028317472155331053,0.056040308127340732,0.059114941976510745,-0.12296397276352709,0.99064892118112302,-9.0174954599679111,30.201857310707805,-11.68118938941037,,0.550941104786256,0.25,0,2
0.93176537793222591,0.3243725809682762,-0.16308190948966986,-0.3045462629193077,0.94283871852561696,0.13530234510479752,0.1976483094506544,-0.07640405463686431,0.97729093222353547,12.233422152873834,-0.75140210850454792,-3.5417699033444832,,0.3092665688083517,0.4520547945205479,0,1
-0.61788326432334428,-0.71357245898445876,-0.33020390283580964,0.76597255253982743,-0.64108539725144409,-0.047912025490256173,-0.17750019837946421,-0.28253116502402109,0.94269285579419748,12.042001931754996,2.724132165636604,-3.8636597646782893,,0.5225397729247195,0.3125,0,2
0.10624676697317886,0.98214943677137434,0.15522277009968474,-0.990940749509295,0.091688871277791503,0.098130432821635818,0.082146548738848593,-0.16424260937246804,0.98299354514504267,-26.868563894774827,4.4515055168808129,-12.020657098643852,,0.7496540021535649,0.5384615384615384,0,1
-0.87499308318509572,-0.43630565921656239,-0.2098201041698344,0.44353053268181664,-0.89615194824666633,0.013869110738893192,-0.19408186663679589,-0.080926246603341259,0.97764163764309431,2.1866941276832028,14.659333516439016,-7.1924162661046944,,0.1317268813663497,0.625,1,5
-0.84851472584100684,-0.45917429698076767,-0.26302419094672613,0.49149457375689304,-0.86804977533733518,-0.070161752432026769,-0.19610161651167535,-0.18880824274649843,0.96223469251138938,0.43808447039869686,18.12052863355423,-7.8106825809511164,,0.2012562245457999,0.3809523809523809,0,4
-0.21623184457811534,0.97201174627987696,-0.091852895894951075,-0.97617654163085554,-0.21350414646469137,0.038669613548693006,0.017976344455071465,0.098026244120269113,0.99502146032319583,-7.1367679936175286,8.0815117680789914,-8.4818328405909895,,0.1378218939276188,0.4230769230769231,0,3
0.09473433100410926,-0.94318701073630629,-0.31847082960219975,0.99290852235702542,0.066442357466093296,0.098580319360078078,-0.071819724031709914,-0.32555134143888476,0.94279279342141264,-14.084787826557747,32.894593678151885,-13.08950821875894,,0.1991854106761935,0.25,0,2
0.49394250354711611,-0.74320728876882636,-0.45129117996089707,0.86854902504494425,0.44594090258876395,0.21623899392060714,0.040538799724277569,-0.49877814438807361,0.86578113192521466,3.3427865042641542,18.90130393799943,-7.3861605939935435,,0.2326955444760997,0.5714285714285714,0,2
-0.043135773126527596,0.99866390156098961,-0.028455523115177548,-0.99044588672247147,-0.039011997829092364,0.13226870189095905,0.13098187107883763,0.033889168540472553,0.99080536620686599,5.7735833605475397,21.431168270434966,-7.2101350594065003,,0.4679081367743827,0.3846153846153846,0,2
0.95527061871686592,0.27005405512951447,-0.12053568900703941,-0.24136665234095045,0.94746804908831916,0.20987242576026427,0.17088061374544336,-0.17139166626437816,0.97027043270476965,-16.075677361550255,5.4432334874180981,-9.9287565804228528,,0.4740814154898549,0.5319148936170213,0,3
0.68730334299668927,-0.64805882872152942,-0.32807601134745346,0.72159238457099062,0.66089071008234468,0.20622293726936766,0.083177792918102025,-0.37847486553658127,0.92186670995450315,-15.654704241806611,-18.356306769194774,-7.6299501123157203,,0.3700967161634314,0.4117647058823529,0,4
-0.82579142158616603,0.55095450831450088,-0.12048924351419926,-0.55794518906468016,-0.82925834774472484,0.032058675818965765,-0.082253839024544487,0.093700173231504105,0.99219684715388434,11.037699218090713,8.8296950707875581,-4.6647286145144689,,0.2060680938055729,0.2,1,5
-0.30262349173703279,0.94508704268168886,-0.12340787658843622,-0.95309561642214702,-0.29935560138338646,0.044665085662959618,0.0052695546087527488,0.1311362103904623,0.99135035487896739,18.5648335248755,-3.4211977021429938,-1.986894989416903,,0.1459498310203016,0.3666666666666666,0,5
-0.23081380316350664,-0.84240234255832758,-0.48691198539514291,0.96736329840865143,-0.25245432784947275,-0.0217958996603844,-0.10456212106270903,-0.476051578720534,0.87317905222042203,-16.803422155907484,-16.466534760658192,-8.0409341210880072,,0.3639396960987349,0.3809523809523809,0,1
-0.145249006933829,-0.88733849208902482,-0.43764497762674265,0.98363632789024291,-0.17716404983395012,0.032748647316066831,-0.10659409195323626,-0.42572679021129167,0.89855127825687053,23.330025681116222,-10.416591982484645,-0.47993088149399826,,0.4228579329900063,0.3823529411764706,1,3
0.27170041971175612,0.95517300570961805,0.11757300324525877,-0.9553728060327753,0.25298353287694536,0.15251928922651226,0.11593827418724426,-0.15376560492110558,0.9812820467743868,-10.010879219503902,12.365493501689818,-9.5611288707630866,,0.7600472640545466,0.3073170731707317,0,2
0.050657124974068921,-0.9248666923866723,-0.37690245024820218,0.99770845478199566,0.02991569476157873,0.060686822815621412,-0.04485192243242353,-0.37911298120833181,0.92426276162866527,1.5212381368739654,13.937537953714765,-7.277998430492322,,0.2292698212150749,0.2580645161290323,0,4
-0.95797001697745487,-0.19561079393557079,-0.20983294276188122,0.20844209970727925,-0.97718901058638696,-0.040663603613296309,-0.19709220593883436,-0.082692532220837778,0.97689129767496152,8.0166608936006334,6.9736950963961464,-5.1118658430938657,,0.1174607843792647,0.3125,0,3
0.80367693238794258,0.57477229848084588,-0.15407852947945996,-0.56524822500867788,0.81830670692601248,0.10425247011196044,0.18600492593489651,0.0033073099267659661,0.98254324547523242,9.2735673565077477,13.530427311038681,-5.5078073378911316,,0.5531617648512488,0.8930817610062893,1,5
0.5764167097825964,-0.70690839601453348,-0.40990766805167922,0.81513004636607689,0.53271292734081621,0.227552069986665,0.057504644983197274,-0.46529287195070818,0.88328690645634433,-2.266875332070788,14.898338877010211,-8.168331622291312,,0.5334030556155103,0.4,0,2
0.96177240671603315,0.21198673757242184,-0.17336510829186541,-0.19092576265687147,0.97289859220184716,0.13044417367424396,0.19631910460660998,-0.092357741338046362,0.97618075005676763,13.62678499076187,18.86576785720646,-5.0614245877379611,,0.1699445767760176,0.3461538461538461,0,1
-0.69503332926816841,0.71880935568802229,-0.015549320942649431,-0.71347346247029464,-0.69222218609093655,-0.10855442613792901,-0.088793522044438036,-0.0643549163534263,0.99396889045084735,12.913179420520166,4.2865790585195338,-3.8006036830050722,,0.4799656295622763,0.28,1,1
-0.97213513575542565,-0.076331423109696511,-0.22164564438722706,0.13077144417574932,-0.96129578035357521,-0.24250618974079929,-0.19455618010736514,-0.26473370869698504,0.94449137437118535,-8.9852244935565491,39.669157954780069,-12.36700295552054,,0.6214662108280858,0.3793103448275862,0,1
-0.73957050193505192,-0.62136142862739874,-0.25873818365608964,0.64794877171002907,-0.76131252448814812,-0.023782962324875086,-0.18220280433351985,-0.18523826567855756,0.96565466033225367,11.785440812241761,1.8854274492349543,-3.846680071464371,,0.5465580270855128,0.3478260869565217,0,1
0.89802593033164246,-0.37061207742963675,-0.23705720093529631,0.41103665586978061,0.89889490559700946,0.15177883983985205,0.15683843911291676,-0.23374053297413525,0.95956608280075817,-15.34380742289158,-20.222514456918621,-7.4144691519592962,,0.4036508531907195,0.7142857142857143,0,2
0.45403596161339321,-0.81320115747574906,-0.36408134124382657,0.89084701736025718,0.42148389611920167,0.16953736158296179,0.015586443537103424,-0.40131683591930239,0.91580667173022101,11.753557677722684,6.6521582817224196,-4.2911148262760479,,0.4520642496054721,0.3,1,4
0.8830886531722042,0.46512314514191799,-0.061764799779436615,-0.42688797422346936,0.85108328926253041,0.30565322213491519,0.19473337695907741,-0.24355224201670475,0.95013747284629879,12.004664876169416,12.516525164385071,-4.8196977568674653,,0.4070260866370743,0.1111111111111111,0,3
-0.56801079599924309,-0.6968239419990796,-0.43794991664021449,0.80746695561566473,-0.57479042004506464,-0.13271431201339656,-0.15925090648745915,-0.42901324790882922,0.88914947106863929,2.3295342164169397,16.014748707914915,-7.2823931973961908,,0.3617437565150476,0.35,0,1
-0.84603674236630688,-0.44440388662529268,-0.29449450948793648,0.506624262747844,-0.84217897073681125,-0.18457095558047026,-0.16599303287008735,-0.30535187374735123,0.93766014431539668,-1.6744637192210745,9.59801465748893,-7.5058609998317296,,0.3506462289435511,0.2962962962962963,0,2
-0.86261037433232157,0.4895497862492999,-0.12745332038639837,-0.48816310410836466,-0.87163928054994422,-0.044065274192524671,-0.13266546604726898,0.024206845842472059,0.99086522934898691,14.397652836781379,-1.7664208500691989,-2.9830555991619789,,0.09749669315561657,0.1304347826086956,0,2
0.86253653226518745,-0.38501174810311384,-0.32832405384091246,0.48765635307476479,0.80562322001871867,0.33639635650894351,0.13498893218988836,-0.45026345753264996,0.88263288347816382,-26.54332158628802,3.582268599528621,-11.857973017521608,,0.3658121800480416,0.25,0,1
-0.23527393523685458,-0.91573909208291993,-0.32568096448720302,0.96870556322300549,-0.24820537868916095,-0.0019030949978193767,-0.079093028636946713,-0.31593671078385405,0.94547780915266089,-12.946642156351174,-21.204948250889935,-6.8702454215544142,,0.5195627113382004,0.4,1,4
-0.96314412203763833,-0.17296202881002495,-0.20600373000086031,0.18428148868240005,-0.98217906092141249,-0.03694083399885429,-0.19594318848417699,-0.073542021167850358,0.97785368946954532,-0.051318334323677807,22.995268546880357,-8.5312221623405424,,0.1862314599247294,0.7058823529411765,1,4
-0.16782389166638237,-0.93364659167158348,-0.31644775753034493,0.98160926066608312,-0.18789073472977499,0.033768789988523937,-0.090985717343625136,-0.30496083955606318,0.94800869488455919,-12.460288612410492,9.6590151485273896,-9.6965462286526662,,0.1528449560995419,0.2903225806451613,0,3
0.16984892467207507,-0.87507074381307792,-0.45321356567314425,0.9850480566353218,0.13729831555447114,0.10406487719148959,-0.028838670335415033,-0.46411244959420173,0.88530670686771262,11.484127402528108,17.831367122982083,-5.4693640557367189,,0.2812554761054906,0.3529411764705883,0,1
-0.11965627048854009,-0.88167937820804665,-0.4564250770668139,0.98916925015348145,-0.14523561802594406,0.021232282200054707,-0.085009243518419764,-0.44894107553140616,0.88950848181292319,-0.62960690952905018,16.74291102077682,-7.9455584799711065,,0.2524701886021992,0.3333333333333333,0,2
0.60445150111773871,-0.68045861804007224,-0.41426374682261069,0.79386881763045147,0.55785168769089688,0.24202023662175048,0.066412974564780014,-0.4751605662041139,0.87738916857574933,-2.0760407445904625,17.64116062335664,-8.3536854675820749,,0.328801704377847,0.4285714285714285,0,1
-0.81321221599379445,-0.54380817220586619,-0.20726447742094672,0.54957757478104641,-0.8347551671112684,0.033886579627086022,-0.19144289241506621,-0.086350928328272,0.97769787568583777,23.319645927964004,-12.357615930923684,-0.29492695742058062,,0.1760781346640268,0.6842105263157895,1,4
0.14248786930737528,-0.92857835576776127,-0.34269438906974642,0.98920053649045259,0.12158122742306413,0.081855383117442518,-0.034343932611838088,-0.35065687265180412,0.93587405774217891,2.5654193264840126,12.286415289071989,-6.8572418835111639,,0.1256127695417685,0.4375,0,1
-0.98216196388070476,0.054357713507282482,-0.18000865448154654,-0.047950126498199679,-0.99805803011910799,-0.039761210791067265,-0.18182041160112702,-0.030420511123668403,0.9828610941675181,10.668465353638867,7.4048543820372634,-4.6022862447061978,,0.07655479723802085,0.1481481481481481,0,3
-0.17485192522869383,0.98418796780865114,-0.028299262614003007,-0.98455359226042938,-0.17450961129860151,0.014164022433427698,0.0090015671359446516,0.030338747256405247,0.9994991406719711,8.1805840799586917,9.8445928951855066,-5.4145101559968358,,0.415342708294808,0.16,0,3
-0.096810469070729765,-0.94895232930941764,-0.30019528606648122,0.9905815089566522,-0.12120708736453449,0.06369549501941757,-0.096829784629874099,-0.29120150870288664,0.95174874527771014,16.94653917911867,15.033765152317651,-3.9403138589222872,,0.2309237162649147,0.5,0,3
0.074602786621705691,-0.95155928092152964,-0.29827731915179201,0.99633808854576622,0.058595720342848344,0.062265197907611099,-0.041771252569770177,-0.30183021129371135,0.95244615911302211,9.699001780025295,9.3173261657793258,-5.0289905423862642,,0.110045519478153,0.1052631578947368,1,4
-0.41090230741015438,0.91054085237328386,-0.045548325154109053,-0.91141507836984437,-0.4114731258436789,-0.0035244330781462221,-0.021951052027213373,0.040065232655824526,0.99895591917117799,17.852454699580832,-6.7862274908403775,-1.7865242230468985,,0.6632669727606222,0.5471698113207547,0,2
0.35121036181720172,-0.90278181151064896,-0.24826655545558518,0.93609654438860745,0.34404719316301413,0.07317642011166911,0.019353070452466946,-0.25810178163314274,0.96592387328498053,16.226910375351739,8.584376083655922,-3.5965202127356357,,0.1413980768097816,0.6666666666666666,1,4
-0.12789948801611156,-0.95576489612761006,-0.26486823949918009,0.98745917655547488,-0.14763834095990991,0.055922222014053696,-0.092553204167118222,-0.25439415010723782,0.96266168553111942,10.690924991625256,11.28312432110004,-5.0065171127508643,,0.07560702227586652,0.1333333333333333,0,2
-0.7183079089916572,-0.60465538526656981,-0.34413022672844179,0.67558911975580516,-0.7243555607090767,-0.13743494074439264,-0.16617186629393324,-0.33121124186533069,0.92880892766726586,24.701064539399916,-11.077522784687815,-0.096873383668153415,,0.7165286722790929,0.25,0,2
-0.83116031897532727,-0.49246655430881725,-0.25816509649453651,0.52186680535803509,-0.85115265691773179,-0.056517183999960446,-0.19190508494104933,-0.18170263484354693,0.96444626126326072,2.9110587534118397,10.328941349613821,-6.5752423900992358,,0.07569717628007665,0.1884057971014493,0,1
-0.96703603349758405,0.21202726903228145,-0.14101683269727844,-0.20104121799889749,-0.97560239360077727,-0.088217902185182773,-0.15628096039754641,-0.056959694408829406,0.9860688893936741,20.703552872664691,-4.3175684820787206,-1.4855639146067143,,0.6032276177335558,0.675,0,3
-0.084624967528077813,0.98880591748615621,-0.12288804830101488,-0.99478006146940379,-0.076783716661588522,0.067207813225561366,0.057019682336898712,0.12793403925458494,0.99014223090736064,12.349974784182509,8.0408133207310666,-4.3236643770376428,,0.1318857502574621,0.3095238095238095,1,3
-0.75858899892825338,0.64344909146284712,-0.10254753727255927,-0.64233643921215144,-0.76492073112952985,-0.047960128737524171,-0.10930063844865984,0.029487993894162415,0.99357124991155665,15.682245030036276,-3.779002221808021,-2.5661967845397533,,0.4722051483262881,0.2962962962962963,0,2
-0.59111272039010032,0.80524265978508014,-0.046583373163222974,-0.80410780408788829,-0.59283726160802741,-0.044211091979827137,-0.063217016680388816,0.011324315049673355,0.9979355533754104,-14.920994127515144,33.58919258423564,-13.329797703361416,,0.6925386634125361,0.303030303030303,0,1
-0.10644589900983463,0.99298669587930766,0.051446014332344386,-0.99069237220350748,-0.11033037553128107,0.079723471405312205,0.084840404535664646,-0.042480937393402585,0.99548856131871399,14.28174765149684,7.8106478039854945,-3.8586199754200265,,0.7008408003281241,0.4081632653061225,0,2
0.96077629867088976,0.21020825627405296,-0.18089055505052845,-0.19576574944149044,0.97608671445052386,0.094501308026895395,0.19642982273035264,-0.055382441869284302,0.97895255751988242,12.907484490077465,11.304643840718141,-4.5074532812963772,,0.08101281697033293,0.2,0,1
-0.099570325432366408,-0.87012220522682004,-0.48267286878848725,0.99173503085234704,-0.12622965784513535,0.022971766597158407,-0.080915875287775926,-0.47639628614370577,0.87549940015678884,22.342245037177864,-9.3437097570201164,-0.73136567416872189,,0.0748834048653029,0.3076923076923077,0,1
0.8730711594267947,0.46025395173409406,-0.1609753101885639,-0.42294004254282191,0.8791246917364206,0.21968499446530518,0.242628256786035,-0.1237177282869978,0.96219823982195907,-13.942270983736693,-21.492881025198621,-7.0473649861546246,,0.6016778821930471,0.6279069767441861,0,2
-0.19866775852183874,0.97227269267122129,0.12335693255654913,-0.97979732200905145,-0.19998551755613483,-0.0017322100611538052,0.022985419461028507,-0.12120892646029638,0.99236085505149929,-3.5416917199112321,0.040069265286930091,-6.8581713159116298,,0.256080947505044,0.2912621359223301,0,1
-0.50848141090370624,0.85454846183001298,-0.10579972187740044,-0.85995360596701353,-0.51023557413669451,0.01180908420363194,-0.043891347093783208,0.096987552136121091,0.99431733585457327,12.281698676352189,5.2192462263661419,-4.0624689650901384,,0.8201111483183841,0.6571428571428571,1,1
-0.61725165638825708,0.78084569087388178,-0.09633483134175061,-0.78358663485326396,-0.6211279720100612,-0.013857419168318948,-0.070656764469447825,0.066933171375327907,0.99525251680382609,16.47763005729847,-2.2092748231330628,-2.5141507007585648,,0.1491433615484482,0.4615384615384616,0,2
-0.30438746466179495,0.95137699982412172,-0.047223675867260582,-0.95254776288519394,-0.30396016023588218,0.01615488817008431,0.0010152729562091357,0.049900152254561354,0.99875369537528846,1.1334232206770574,11.083070900804476,-7.0906418841308048,,0.796335055883266,0.2916666666666667,1,1
-0.65945561535660357,-0.66686991606985346,-0.34699107541207824,0.73178625470758984,-0.67512287359392842,-0.09326297749544353,-0.17206733796883869,-0.3154260937070103,0.93321980830512508,11.180771526166676,-2.1295195664426219,-3.5665656759333126,,0.558514762831319,0.2559523809523809,1,1
0.1057944509564156,-0.95119841157091911,-0.28987776039529173,0.99351543212585314,0.088900929460660291,0.070878140980200538,-0.041648772786350458,-0.29549654239261464,0.95443552593111269,-12.279236934631488,-25.105976828957893,-6.4487522058574758,,0.1181207394194127,0.4166666666666667,0,1
0.71039907369406041,-0.61872024181332419,-0.33543765212790616,0.69319982684413028,0.69752140788532369,0.18148797647487086,0.12168465867926156,-0.36145421274642392,0.92441532653346581,10.397308698928763,3.6822627107836152,-4.2858434038227236,,0.5625783708138002,0.1884057971014493,0,2
-0.66324620507080123,0.74664258318376142,-0.051276938635816172,-0.74564371823609232,-0.66512577592854438,-0.040288306622482832,-0.06418657892609754,0.011513260708083324,0.99787149869791958,24.736702895497043,-14.761398496549541,0.17568191876138134,,0.426620304284681,0.1666666666666667,0,2
-0.37060259715824923,0.92470546871410197,-0.087025922056555002,-0.92869818443488805,-0.3702635206450347,0.020606006573011988,-0.013168037321617485,0.088457455365712881,0.99599291231580522,-8.1919812874180877,29.921140020337774,-11.411190021203659,,0.5303173151070014,0.3157894736842105,0,1
-0.93554714820283624,-0.28463671580146621,-0.20912549702820632,0.29265133497037776,-0.95618772508792282,-0.0077608331535458938,-0.19775421520057349,-0.068461481206126246,0.97785801421344742,17.619795473312283,-5.2010462366711678,-2.0481731985102285,,0.08683100854871696,0.1818181818181818,0,2
-0.98192473545973191,0.073936461902029044,-0.17423321581646259,-0.034258650950093186,-0.97476818199812876,-0.22057501263548374,-0.18614553104336376,-0.21061906600655592,0.95968195268386225,5.7752209483198857,15.816554062913996,-6.5141890713461761,,0.1129303130358311,0.2,0,1
0.98057246380828489,0.10073504722575125,-0.16831545823653946,-0.041206814651066882,0.94470177932600197,0.32533144109446172,0.19178019096680246,-0.31207530885783363,0.93049952173766581,24.814813847754017,-13.598359681619126,0.093506186593380364,,0.5755131979743351,0.3513513513513514,0,2
0.46860098859915594,-0.83938836962575736,-0.27539113715024771,0.88272324968069271,0.45719282680596773,0.10850983176802836,0.034824961694901194,-0.29394197395775418,0.95518864000194603,11.630785438301819,9.8511312929143546,-4.6600378356616829,,0.2845103759785208,0.2727272727272727,0,1
-0.86602901497946194,0.47593684426968519,-0.15322488531669762,-0.48112350624499028,-0.87664518197449093,-0.0036601447290373328,-0.13606585520338529,0.070550302533185658,0.98818456669806687,23.595361321889222,-3.2890639701397832,-0.97820083106709355,,0.1745736214448197,0.6428571428571429,0,1
-0.97843304023830835,-0.038810724374037091,-0.20288546878370603,0.075398409044973608,-0.9815241935812028,-0.17585601305686752,-0.19231189688500414,-0.18736057506405346,0.96328196766479512,20.180099241573924,-6.7340442325339707,-1.342470979466994,,0.623501900293109,0.625,0,1
-0.44068921357859187,-0.82666980053663863,-0.34987148771541177,0.88671039306690513,-0.46157839742813028,-0.026269028432978795,-0.13977730811049374,-0.32181116187663872,0.93642932473785279,19.142951978115264,-5.4973332828314039,-1.7110562514866141,,0.5967239264921841,0.631578947368421,0,1
0.64046904346331091,-0.66952297137261596,-0.37621588904454134,0.76429704487525929,0.60361989201118227,0.22692080813216459,0.075162700591034817,-0.43287644515819035,0.8983142833480221,12.901357459275813,17.43697844286395,-5.1140575332210858,,0.2685916467336842,0.3684210526315789,0,1
0.98178205003067798,0.02790138641614294,-0.18795084164115103,0.0399494798350995,0.93673954431570461,0.34773993900055772,0.18576341216306544,-0.34891336854764343,0.91855942428907245,17.895920308372471,-1.7239903951869917,-2.2311340578168588,,0.7073783198337663,0.4117647058823529,0,1
0.79733315815713668,-0.55588532653110878,-0.23505603300185512,0.59229412294092199,0.79552534728866098,0.12777751660953404,0.11596338574227075,-0.24110355776856188,0.963546349481192,18.743214432348751,-2.2866306724478713,-2.064627801515841,,0.7631645611888902,0.1153846153846154,0,1
-0.73513616938368009,0.6697651561564556,-0.10483056835965318,-0.67062903164135634,-0.74110032102917889,-0.032047091759229401,-0.099153993281490771,0.046743446269679981,0.99397360923073164,16.355712936068294,-0.98888053328596293,-2.6567521156198763,,0.1477124921029538,0.4615384615384616,0,1
0.17925923492515355,0.98378690302673466,0.0054273499161951264,-0.97916424151993364,0.1778764650233971,0.097966072287661798,0.095412341040034307,-0.022875590131062998,0.99517495575070303,-4.4288544177347298,20.121091836572962,-9.2465005651576497,,0.278095936705101,0.1333333333333333,0,1
