axis_00,axis_01,axis_02,axis_10,axis_11,axis_12,axis_20,axis_21,axis_22,location_x,location_y,location_z,dbh,dbh_approximation,score,reconstructed,number_clusters
0.75169793655810524,-0.60155285765561406,-0.27034121332244376,0.65767731675344443,0.71425673030566716,0.2393697354325432,0.049099482708840979,-0.35773101998487777,0.93253297965182036,3.4022247385180346,25.060017921090878,-3.2499832526462771,,0.6509168864160633,0.1739130434782609,0,1
-0.53314094088723352,-0.82348458212676057,-0.19399453639056521,0.83104092030316667,-0.55271068519455846,0.062304793181802175,-0.1585298897102406,-0.12800016199707098,0.97902207972914623,-7.2190456449777853,27.336215216670951,-4.4002016563117268,0.2664340187687608,0.2384747889451099,0.86,1,4
-0.049689780277139134,-0.94928990546857006,-0.31045064198916528,0.99500903590725331,-0.073981445594244896,0.066960915246923214,-0.08653290818486041,-0.30557392081665119,0.94822815541293182,1.555475296929925,-3.5951431116373369,-0.81250518428723828,0.6214391017134314,0.3428034256981851,0.2941176470588235,1,3
0.67942215278889184,-0.70799594063469873,-0.19268442164455316,0.73269964883829219,0.66867076631526245,0.12661212764819257,0.039201567468033875,-0.22720289241149053,0.97305810863889386,8.903116544267565,-3.5805579188875347,-0.15259145996304277,,0.08783021381522313,0.3928571428571428,0,5
0.378082239041587,0.92145905174571008,-0.089258257193373783,-0.91831234345357737,0.38550344465801323,0.089941836859192395,0.11728708531675522,0.047961548272592601,0.99193922671965995,-8.4552695643909512,-2.6217573250846704,-1.7882701442577429,0.172656687742135,0.1513995140143283,0.5545454545454546,1,5
-0.15060657905957425,-0.9654641195215149,-0.21259513696347496,0.98428031139413152,-0.16650806093676457,0.058884074629309717,-0.092249265286199783,-0.20038487857027817,0.97536453364602693,-1.9719807062520631,19.947559590140578,-3.2987377126930806,0.1995199175124346,0.08453164369996995,0.2857142857142857,1,3
0.10952382813826934,0.99242587330966192,0.055636472349499838,-0.98982316142923243,0.10377812947209537,0.097366364528591959,0.090855050317417585,-0.065734205926829492,0.99369229342034804,-13.134672826429426,-17.520626701159944,-1.1036249680996655,,0.4557513266196503,0.7368421052631579,0,4
-0.11839520823433329,-0.94156632515119143,-0.31533383898406631,0.98990269872766323,-0.13684786852692976,0.036950073495515857,-0.077943708654622884,-0.3077751065647063,0.94826117818892375,9.0233407192582824,18.09542414931401,-2.3087128516349198,,0.2753848309699338,0.4,0,3
-0.87388154067823298,-0.46372284565107091,-0.1459183856925193,0.46274711354766168,-0.88546371212454889,0.042651183030731905,-0.14898376342791547,-0.030251230254102417,0.98837680127720917,-13.353131393935016,-3.7445289022314245,-2.2286548202152305,0.1116191457060627,0.1015635882968449,0.4403669724770642,1,4
0.95154915749404778,0.28568328567284512,-0.11375087322537135,-0.27167836401085815,0.95434376695178191,0.12417262584267615,0.14403148058931614,-0.087252706361746743,0.98571897507950978,-10.491765110825069,1.0264575429602165,-2.2981843376103881,,0.08800536953932611,0.3621399176954733,1,5
-0.46769125137225515,0.88366879233216933,-0.019858470436116018,-0.88358242895672301,-0.46681501233579459,0.036957211703146975,0.023387702512078654,0.034831160131982709,0.99911951520079367,7.253554550123714,12.245630913034303,-1.7665428405762922,0.1596794788216944,0.1670161433926821,0.3888888888888889,1,5
-0.98834286131042204,-0.069686551490988208,-0.13535942168176474,0.069864217167018877,-0.99755056818392551,0.0034431200337514622,-0.13526780716921366,-0.0060537969259837465,0.99079057922772529,-12.978355430456762,-5.6210196849768783,-2.0133528859582577,,0.08913041993065475,0.2916666666666667,0,4
-0.1066690020654717,-0.97694863003463661,-0.18491375901160831,0.99073799073067859,-0.12014914160889724,0.063264662281422038,-0.084023554562358438,-0.17645270767004939,0.98071631180204932,-11.347201530340287,-7.9223468365020473,-1.6345665674417718,,0.0757770612242257,0.25,0,2
-0.65600209737581372,0.74956367566361215,-0.088405567495428161,-0.7542761596560198,-0.65525899667944276,0.041268901672036305,-0.026994873830039293,0.093754697995914668,0.99522928684328571,5.3940716102814816,2.5062165726283943,-0.93386627447332726,,0.08719169286610255,0.3,0,3
0.064320695314025886,-0.94835567236259832,-0.31061932787900337,0.9957949515522353,0.040648124232381164,0.082098382806661235,-0.065232373997888768,-0.31459378362274171,0.94698230642843895,-23.976713099113546,-22.902027536414014,-1.754021801749539,,0.1633332251003921,0.4285714285714285,0,1
-0.95457291004725819,-0.26189332855750158,-0.14213530124843329,0.2607744820006605,-0.96502827231864741,0.026778781954639976,-0.14417776854008227,-0.011502959739106327,0.98948494327909997,2.5008013289412738,2.3394167176629237,-1.1671860024206451,0.1821538151297415,0.1373615244324416,0.4970059880239521,1,5
0.16279467173813472,-0.96672847041991739,-0.19731690077953307,0.98640882605109714,0.1549535426701765,0.054653705294861923,-0.022260340117994461,-0.20353246447072984,0.97881510673073602,2.8081206083057784,22.918711437626122,-3.1774241803678582,0.4789382598169553,0.4130222779094999,0.6065573770491803,1,5
0.068604797519772359,0.98337835148276909,0.16810829721433329,-0.99423564976685896,0.05347607533983946,0.092928908843905714,0.082394505216926719,-0.17351463108706244,0.98137852957397553,-7.5276210414596942,20.317271906286798,-3.7845208095817475,,0.2158944679790956,0.6956521739130435,0,1
0.42700846609813614,0.90424339570327705,-0.002766081619175098,-0.894938524898369,0.42304830346958672,0.14182795769606071,0.12941718020899709,-0.058086265661613228,0.98988745784974985,23.88188019930967,-7.0768390461655084,1.6002457217686967,0.1900979806108122,0.2236443365038335,0.15,1,5
-0.85465859142908385,0.51701663236040618,-0.047460446259578834,-0.5118704912766574,-0.85437694938497921,-0.08960261446971933,-0.086875153275530886,-0.052286042327953523,0.99484615771536833,3.0103944427032889,-3.7688345898174371,-0.63104499453374607,,0.07876691189962567,0.2,0,2
0.24445854463656902,-0.9560824106178768,-0.16169862108651617,0.96845299614083635,0.23241864979941629,0.089890853212400632,-0.048361288444454184,-0.17857210121552131,0.98273759999679788,2.741603734070535,-12.374457773241376,-0.087821535992188046,0.2000762459194495,0.2305264067444516,0.5952380952380952,1,5
0.98797496801857976,-0.04362352196960665,-0.14833223149287306,0.064347675960173337,0.98835031909231363,0.13792397669965512,0.14058747869996305,-0.1458102708353898,0.97927244715232287,3.6348943360575148,33.852723140651335,-3.738012670059065,,0.2657794822041031,0.6470588235294118,0,3
-0.94823926372275424,0.31232297992900926,-0.057416504097642172,-0.30839767091065168,-0.94882356769226972,-0.068005249566482337,-0.075717734457762365,-0.046778131642658614,0.99603144081329442,-20.964113306735207,-10.649053090222077,-2.4451073307550657,,0.2270579917192685,0.2790697674418605,0,3
0.86107249899832206,-0.48641883721095158,-0.14815824740840708,0.50297663807334836,0.85755248810115059,0.10778790147302027,0.074623407997870234,-0.16733333486747851,0.98307217538739822,1.9859877919567934,1.4595625609903582,-1.1610806155557634,0.2209541758975178,0.1875648925503828,0.7169811320754716,1,5
0.85048246687787543,0.51519968980447362,-0.1060606107784576,-0.50454430966038477,0.85603565249910829,0.11241886514172245,0.14870982860137719,-0.04209799610196762,0.98798438530249533,-12.121854902688591,15.198400952376716,-3.7675586776625889,,0.08077446296442724,0.4375,0,4
-0.12008920152969517,0.98916458001517915,-0.084451271863463684,-0.99098030489544753,-0.1143432719448466,0.069883127221624985,0.059469479443553741,0.09208175608850655,0.9939740093233681,-3.1400149525735723,-2.1423271201573093,-1.2915915673132958,,0.1012422972215733,0.3333333333333333,0,5
0.6636929030283929,-0.69216228536651225,-0.28358967045002037,0.74736115331682018,0.62934470980924984,0.21301770524550914,0.031032837168007088,-0.35332224236710275,0.93498682133278532,-10.450312882662841,-1.8625155868861947,-2.0579630162294174,,0.2034043481271691,0.2758620689655172,0,1
0.46469280228462101,0.88463278207049545,-0.038541411378957356,-0.87533312388152074,0.46550453318540119,0.13075722473217308,0.1336133292029073,-0.027025367158607923,0.99066498261988556,5.9138443602474533,10.704615380817067,-1.7172716760346585,,0.2288169515963166,0.3666666666666666,0,5
0.3949148572189608,-0.85976432234417544,-0.32380173806171825,0.91836836543924649,0.35971408555047263,0.16494035896964127,-0.02533378985021394,-0.36250667122226721,0.93163679210901551,-9.6682582753720538,-6.6877466369286163,-1.5662260799864052,,0.3593865601404782,0.12,0,4
-0.94546877605890634,-0.29156526360304036,-0.14518433303136674,0.29192280212539073,-0.956246803615309,0.019316525949649076,-0.14446408237666944,-0.024119445175897685,0.98921604377783556,-19.173531679541952,0.68985779965044536,-3.2384265202065441,,0.08671503648980092,0.2608695652173913,0,1
-0.52931515558740672,0.84448949489230463,-0.081626950708827986,-0.84840776775489801,-0.52746707903809642,0.04452797035763674,-0.0054521260652720246,0.092822268597359744,0.99566776626232567,0.1505145823996708,-4.9084256653878748,-0.85241344373294547,,0.09490089886859479,0.3245614035087719,0,5
0.20247304690778439,-0.94532754511715744,-0.25565699231323219,0.97820799552746962,0.18297953443088819,0.098120372326983396,-0.045975893270372249,-0.26995244474207891,0.9617753868839477,-11.461300881982424,31.615898285774588,-5.2168293519736988,,0.1307436006378989,0.4,0,1
-0.55448953967556891,0.82966502377199969,-0.064786562802662637,-0.83212896105614631,-0.55371390727509462,0.031020977769346144,-0.010136200569950387,0.071111582878989249,0.99741686381294481,9.0019542575795786,10.256851494009249,-1.4469429777807277,,0.1026470718594352,0.4210526315789473,0,5
-0.13839276747474899,0.98981734197624127,-0.033302724119355108,-0.98859037546059336,-0.13604578957677887,0.064657657590686826,0.059468575376948253,0.041870904713423682,0.99735165106451618,-5.3834443802300864,20.666147165924166,-3.6363849919646682,0.464056920583489,0.3802463844763436,0.9545454545454546,1,5
0.93318711764464524,-0.29189109011603215,-0.2096697283180278,0.34149692621161071,0.90197579557372931,0.26423382370007281,0.11198952116203906,-0.31818116806312385,0.94139210291986475,16.304077930429017,2.4617940236791993,0.025170294959307837,,0.4038638207648893,0.4642857142857143,0,4
0.43284574150158678,-0.85985354644824341,-0.2707331577851515,0.90126752041374969,0.40643891579988789,0.15008085944137639,-0.019011068123390904,-0.30896486270090595,0.95088342761088096,13.976303472786126,13.05223549779133,-1.3252931047784164,0.4730683084475371,0.3332894209517334,0.5686274509803921,1,5
-0.74676361311603245,-0.64749739453350708,-0.15195798826718435,0.64839303320238628,-0.75963323025220475,0.050436395501768094,-0.14808977216708419,-0.060864435994442703,0.98709925529836173,6.0017961512527513,8.9943288180844032,-1.4853725912833959,,0.08371040715570537,0.2941176470588235,0,5
0.18178043937875307,-0.93830922459151378,-0.29416266062459567,0.98184224248951857,0.15669234098884013,0.1069267091918165,-0.054237281665121997,-0.30825851054254855,0.94975523581376942,-14.863467629849051,20.38403126943922,-4.5280564845322466,0.6186561582245493,0.4398279790821769,0.4245283018867925,1,5
-0.92529218878747099,0.37177004688183335,-0.074975980222809768,-0.36676726943040239,-0.92747748716274536,-0.072576035168958886,-0.096520129731876736,-0.039655302895814662,0.99454075909878281,-1.9920165118449775,-10.362659803084819,-0.67473978318118899,0.4030020941350337,0.3465133922172749,0.7421383647798742,1,5
0.9461621820060182,-0.29111904541162853,-0.14151617130290631,0.31708839337688771,0.92145042782077335,0.22446393887343793,0.065054408976451428,-0.25725242558144451,0.96415201778826809,-1.3563587605364187,-14.572643342514171,-0.28753396680816451,,0.4166486023018114,0.3181818181818182,0,3
0.10271812425791212,0.99454973285760817,-0.017883395141747853,-0.99092375286142342,0.10387780385369422,0.085320090726423811,0.086712761252124335,0.008957161346831468,0.99619308685447028,-13.038160822080723,-2.7998339785816353,-2.2361134427367362,,0.08432488098603504,0.40625,0,4
-0.92913606594481801,0.3651451548072488,-0.058096358589658538,-0.35335957829694331,-0.92319574211375199,-0.15115101775656475,-0.10882637266028053,-0.11991095723006019,0.98680199784443934,-16.803673646314987,-17.982301641826417,-1.3721091929442191,0.7848975037069784,0.4477037779741088,0.4285714285714285,1,5
0.99132886313458879,-0.066508678031425586,-0.11332996454070123,0.084175173933065839,0.98368000984285953,0.15902257175913737,0.10090403961003017,-0.16718323475176591,0.98074876538709632,-11.511832263710856,-4.7012848926210724,-1.9424610990491258,,0.1323325055153169,0.5555555555555556,0,5
0.24070311605063061,0.96913675476761929,-0.053253736789105825,-0.96547471642342642,0.24470211102194128,0.089327760570320033,0.099602117801879941,0.029913666105849068,0.99457759411193603,-14.879501503956702,16.907648934352398,-4.1950993600462727,,0.09507767542259775,0.4444444444444444,0,5
0.98358447394376514,-0.13941011285361141,-0.11457051562645373,0.1631915267531783,0.95817950348385039,0.23507565739439945,0.077007195850354052,-0.24991370418123493,0.96520103203927443,-11.790463884887698,2.851893221166991,-2.5965739574166582,,0.1934745570917912,0.3923076923076923,0,4
-0.42072157193629001,0.90241460476883517,-0.092958270247265218,-0.90708117166294566,-0.4168711057214069,0.058499822471421721,0.014039477270668239,0.10893283395982058,0.99394996391339918,-14.199637662744305,-7.7761168891877581,-1.9407935150844764,,0.07112685166897706,0.2564102564102564,0,3
0.49217045236921714,-0.82630396080129753,-0.27384303931042148,0.87049877373909512,0.46705244480268432,0.15522209482727606,-0.0003615707575228722,-0.31477575854554662,0.94916599765197229,-5.5770919927207734,-7.7816066042653267,-1.1184255136719889,0.7872748971916059,0.8010798895553153,0.7142857142857143,1,1
-0.76312364417944534,-0.61291827144835687,-0.2048743425103367,0.62860203678540338,-0.77757909364939137,-0.015173413216332803,-0.15000594336067621,-0.14036361937535646,0.97867066539889924,-19.441090548569779,-1.0196798828773932,-3.1035803404364,,0.1034967561491437,0.4210526315789473,0,2
0.11942878417336802,0.99044463628702495,-0.068965121337782251,-0.98897365882412136,0.12480243035620231,0.079721110938168263,0.08756636148031724,0.058683693028380397,0.9944286583308275,-0.45458517683367405,-3.818558487063441,-0.97228685567871243,,0.07930039904374669,0.2074074074074074,0,5
-0.25782386305700689,-0.93818222054801226,-0.2309566554268635,0.95821290655165836,-0.2789389624442028,0.06341199372653343,-0.1239148149180883,-0.20495652289730318,0.9708954332808778,-4.9840536905092439,21.720038287721177,-3.690162519980182,,0.1959205460908345,0.2307692307692308,0,3
0.9282698872119427,0.31582907620941802,-0.19638485459992228,-0.25522971332649164,0.92506157412717505,0.28128078055322026,0.27050473180852824,-0.21098122829782212,0.9393157676602355,6.6013792841233032,4.2455645266592406,-0.97071483181775298,,0.226155745545737,0.3770491803278688,0,4
-0.66112465957150424,-0.68892803111982326,-0.29714029084563304,0.73702239980611695,-0.67045408373718929,-0.085377419638674151,-0.14040002382654809,-0.27544416773184793,0.95100911865870918,-14.097353520560274,17.987532888394977,-4.2176363035895594,,0.5430106252824127,0.2857142857142857,0,1
0.62711238218021181,0.77763035074528908,-0.044956620380302431,-0.76675065469941639,0.6264447474630882,0.14021559076623158,0.13719873772843511,-0.053460415034547189,0.98909983843394578,14.993392853815958,8.3379866628021695,-0.71230923395207135,0.4635621809993855,0.6391733222382896,0.8559322033898306,1,5
0.21196245726239074,-0.95742789169778275,-0.19596874472841022,0.97515224538075651,0.19398724479415527,0.10699087431197739,-0.064420610367785527,-0.21377741007017587,0.97475597146338633,5.325983050116915,6.4310771749289666,-1.2775994447278192,0.4684261881057751,0.2172963803262137,0.2173913043478261,1,2
0.48244658526796685,0.87512192094141616,0.037508876963785388,-0.86443836569395027,0.46877064986354722,0.18166009397465258,0.14139166976753065,-0.12006540431911909,0.98264576242206236,-6.9937677541661802,-20.32480000599702,-0.38231671928014266,0.4288003511859954,0.3904252494742366,0.65625,1,3
0.62365680984643301,-0.76344493975459526,-0.16794048795711158,0.78142421698106157,0.61456874424397323,0.10808076477301609,0.020697261840756334,-0.19863806926540523,0.97985434672241334,-9.4847676028012806,-12.169023915743484,-1.1400925669983093,,0.09619087103453509,0.4,0,3
0.15352595678914602,0.98808602013729485,-0.01076092009165233,-0.98787851209630351,0.15372822561152122,0.021533183432246583,0.022930894670091954,0.0073245791397768588,0.99971022031889534,-13.827938522790616,2.6933818633857882,-2.8114350654512363,,0.1187047202188552,0.3584905660377358,0,2
-0.74859310034451265,0.66233499794619199,-0.030343378391474128,-0.660105635369862,-0.74880413222504316,-0.059606389889425675,-0.062200645250196585,-0.024591097135296915,0.99776067154009507,9.0373073036803593,-6.9815584378880144,0.17107638419547433,,0.3994686191704578,0.3703703703703703,0,4
-0.99158746583430313,0.026417503794173878,-0.12671390252687467,-0.028008846192312736,-0.99954940654491975,0.01079297969394818,-0.12637168248971306,0.014251293589826112,0.99188058681261426,-16.30144486855702,14.433032917185963,-4.1170557692001077,,0.08494256139304253,0.2702702702702703,0,3
-0.91925598275318754,0.38000709687805462,-0.10277667291162633,-0.38305981840303427,-0.92365769127310493,0.011029273642030898,-0.090739262160902071,0.049508339442454606,0.99464330824077074,4.1508386801750063,13.846444820175131,-2.1556690135650003,,0.6311388232848411,0.456140350877193,0,3
-0.17968928028692543,0.98360249689469048,0.015423704240477738,-0.98170013152791524,-0.18030273688099277,0.061284376730920256,0.063060402060569148,-0.0041293069339128092,0.99800116959661167,-17.073334035648966,-14.611554118757846,-1.659246999444441,,0.2881812754524608,0.1764705882352941,0,2
-0.14131144297364259,0.98342622553001646,0.11359548857455699,-0.9872079583264155,-0.148545223350071,0.057920321449965152,0.073834430326892478,-0.10395756614918822,0.99183733612858116,-2.7834257736078207,33.767261097369285,-4.5546261992479478,,0.3809578809102239,0.2857142857142857,0,4
0.51195019037206413,0.85088812115656409,-0.11788302614311551,-0.84739046432281384,0.5227441829183167,0.093101665934747307,0.14084176778488483,0.052229536659942927,0.98865346403454968,-13.458559243851157,13.798298488484141,-3.7717647423089073,0.4894077649321801,0.4282244012188728,0.9585492227979274,1,5
0.98658614433201652,0.1159099106648258,-0.11494638933763328,-0.085842848357164644,0.96730956439116811,0.23862776875983591,0.13884806515762294,-0.22555952484220443,0.96428425039245769,-4.5140571032338253,11.107723858718918,-2.6534029958459673,,0.115262949237084,0.344,0,5
-0.033759505369518966,-0.94430693502155338,-0.32732966298123078,0.99749416907515287,-0.052210539867036623,0.047743504143104819,-0.062174580483309344,-0.32489763310463388,0.94370326350221523,-12.381798824212156,-8.8488610062606288,-1.6491657903693497,,0.419361784870847,0.1136363636363636,0,5
0.99023908025332652,-0.041504709906594335,-0.13305608965626947,0.060116792323241915,0.98845578850360249,0.13907237487900598,0.12574790344101952,-0.14571380589804123,0.98130268090477435,8.0445952048589842,-7.9979459880054939,0.15756987384920731,0.2336977652922439,0.1805381928476875,0.7128712871287128,1,5
-0.9094407697939777,-0.37299183896849397,-0.18383300655606116,0.38602245003594293,-0.9216336653371584,-0.03972474021871511,-0.15460968373548817,-0.10709096591261823,0.98215445359429943,-15.549646768776087,-8.6706917761450502,-2.024608554598009,0.3591804674491672,0.2611888502715541,0.8352941176470589,1,4
0.24622116804154598,0.96799848046448345,-0.048518844037227365,-0.9645454668054052,0.24963537961106153,0.085640059035386656,0.095011467062666055,0.025712235703906249,0.99514406095886809,28.115252604537933,13.320573736287743,-0.049318731251239173,,0.1541840196989565,0.3,0,2
0.91316614137976126,-0.3472313864025221,-0.21344311311115552,0.39704153447468749,0.876168303121859,0.27328945187575049,0.092117414963645977,-0.33430445540187642,0.93795251103607113,-13.999465228093486,-5.4966504199259152,-2.1551173054767214,0.2520806518790176,0.1905720292946703,0.4193548387096774,1,3
-0.17111676947600968,-0.94853904757451191,-0.2664446029300131,0.98319356413972481,-0.18186351972024253,0.016002363237635556,-0.063635419683682831,-0.25922834609934753,0.96371738489054892,21.093492600969945,0.27970280219833399,0.68828984242584568,0.6339657454865516,0.5006187359546975,0.4545454545454545,1,5
0.62668616993349668,-0.76504805591620662,-0.14820902993042626,0.77895017367778163,0.62045687138687722,0.090938977760704712,0.022384622879082026,-0.1724376492754445,0.98476605636614023,-5.1675887995958334,8.3077780528666505,-2.4579148341215085,0.1327345114201811,0.1156401452966525,0.538860103626943,1,5
-0.97911172265998536,-0.11922497832437026,-0.16469863112165997,0.12158912152816406,-0.99257115538589435,-0.0043112668577802767,-0.16296109988523189,-0.024246773794941941,0.98633451419117013,-1.6977809969983557,9.9001296540649353,-2.2583985795545707,0.3423430837271932,0.1123452882805346,0.2325581395348837,1,5
-0.98837342095206704,-0.059572975129632895,-0.13988938983966909,0.070665484033632847,-0.99462260859388441,-0.075711662511075611,-0.13462678084914287,-0.084716746326229789,0.9872683033350641,5.0303002580407528,-6.962690056852729,-0.19049935892938619,,0.246804953756059,0.4473684210526316,0,2
0.19580616783650245,-0.95510906140840968,-0.22232099642798134,0.97952693636522259,0.1796796294916555,0.090786627212946683,-0.046764576039397349,-0.23554598608613236,0.97073743250508648,-1.6891832058026002,10.931251768932402,-2.3741900563191356,,0.07699677775299786,0.2156862745098039,0,5
-0.97169676311507991,0.21479664530104231,-0.098324980137786802,-0.20857008486876583,-0.97550900226417481,-0.069862051210876075,-0.11092303750580294,-0.047377079574130287,0.99269909442968374,27.906298269238349,-10.591569939384456,2.3435793651699406,,0.3505817916783177,0.5714285714285714,0,5
0.81954762603078979,-0.55394100739060359,-0.14659825714645744,0.56863655113357037,0.81777681241466826,0.088845696529553028,0.070669380796875403,-0.15617440701980112,0.98519814921151694,-3.2550355552237114,20.441840876977675,-3.4499440101411438,,0.07156286937332551,0.3448275862068966,0,2
-0.15743970657793921,-0.90430690545707582,-0.39678931378667609,0.98205925819397988,-0.18560284841007452,0.033334607505673478,-0.10378994261556768,-0.38442242833205725,0.91730422674658063,-3.9382202177722236,34.534505424714446,-4.7627489173375892,,0.2055115113332256,0.4117647058823529,0,2
0.87737462296999003,-0.45362233252454975,-0.15633473831255568,0.47294309905798881,0.87254240939479044,0.12245231259947455,0.080861585574942399,-0.1813739872267271,0.98008411921415473,26.763219738225398,-6.691012805941531,1.8147062958843314,0.3668546757275991,0.3585415435249028,0.85,1,5
-0.75049195563413251,-0.61078789922372489,-0.25238852329360356,0.64679569096592593,-0.75724839304004832,-0.090720479419896125,-0.13570983264438452,-0.23132879933145975,0.96336380870546501,0.44792504832429897,1.948710759350377,-1.3152309297434961,0.555470628049808,0.405592346788695,0.1864406779661017,1,2
-0.56955775531844721,-0.79890926847283283,-0.19325616188058573,0.8109807054552014,-0.58448839948990849,0.026145864703793532,-0.13384415839324354,-0.14183543848392952,0.98079990296394104,-4.6621407675031277,7.4522960568525818,-2.3256213921155768,0.1190461355117915,0.09872301656006832,0.4136986301369863,1,5
-0.77769946200939899,-0.61030451408947917,-0.15070483360628031,0.61489296835448715,-0.78836873825583786,0.019528697066257872,-0.13072943149306238,-0.077479885279361504,0.98838589787521647,-9.4983207070326152,-2.7591276925085477,-1.8880688106156205,,0.08211615500447561,0.3308823529411765,0,5
0.9394552460582265,-0.30208528049715472,-0.1617662633574494,0.32843103254490619,0.92844393765039468,0.17356529463494547,0.097759385816212324,-0.21618588748385975,0.97144570848691891,-14.999883599021226,-2.3291420137824184,-2.5096119522265607,,0.1173154303919594,0.2105263157894737,0,2
-0.074440830573783368,-0.98034386671641327,-0.18271416402402185,0.99422704869414003,-0.087158194594553193,0.062578149221258331,-0.077273141442711912,-0.17700099464841962,0.98117251770779079,-14.12660052181986,-2.2422599296716283,-2.411223125115022,0.4978530869059137,0.5004929168530428,0.9928952042628775,1,4
-0.93552139776615439,0.33821503929726554,-0.10203088510255202,-0.33983964889712265,-0.94048211946958582,-0.0015479003443649038,-0.096481746248403541,0.033226046276151,0.9947800271867715,-27.755841502235388,-12.000088822359992,-3.1289425057907994,,0.2457903461544312,0.2413793103448276,0,1
0.69557130025776059,-0.69674292980522889,-0.17529933264036018,0.71736854771579883,0.68695290599323799,0.11609509763797808,0.039533947511661768,-0.20650664568936392,0.97764618972319106,2.684365428989564,-10.565078280889185,-0.24839670394638066,0.1815577405620872,0.1878560349012299,0.6976744186046512,1,5
0.95178118773504394,-0.26237568871216904,-0.15897033888900228,0.2889483804893524,0.9407981290219628,0.17722221599267468,0.10306019642058589,-0.2146109931983651,0.97124699099259082,-7.6312409724690218,-5.8575991868769322,-1.4518683990271648,,0.08212405485218828,0.2105263157894737,0,3
0.18190611371468196,-0.95465845679342454,-0.2356637364254815,0.98205490512668703,0.16424472213935315,0.09269214943014345,-0.049782819424321306,-0.24829599699182472,0.96740413931717362,2.5251626013849671,-14.067239357605386,0.029010228125993669,,0.1939037891649547,0.1111111111111111,0,6
-0.97936424324973781,0.18631838325477784,-0.078301590693899553,-0.17469008605695663,-0.97523817591670603,-0.13562401729807763,-0.10163194811319096,-0.11914680145090722,0.98766137254968933,9.7963574739643953,-4.7909024936412026,0.014861205578266014,0.6885483203890747,0.6905712003213653,0.4337349397590362,1,5
-0.31024280811126215,0.94717453231718662,-0.081300709375488084,-0.95020079173102945,-0.30630760789465789,0.057394291872772368,0.029459385753324734,0.095058164697049419,0.99503572293434028,1.1783569093396211,8.8108838761876989,-1.8837112555655677,,0.1116850199800203,0.5,0,5
-0.02192052523177895,0.99426497669033875,-0.10467400202783918,-0.9970960948365023,-0.014104362953303659,0.074836118335190105,0.072930571335757727,0.10601048567308148,0.99168690053463848,1.2239165684349522,7.7910396782078752,-1.7700186148210266,0.6863048453124251,0.6019697871489876,0.955719557195572,1,5
-0.96082493768246613,-0.24024857055667198,-0.13818850702196966,0.23774300271378948,-0.97071131871396044,0.034609252826875561,-0.14245597140210089,0.00040008259068077698,0.98980105887284464,-19.19698419511176,-6.8783069456253241,-2.5918950890341126,,0.1567144541645898,0.3529411764705883,0,1
-0.94985981025927835,-0.28216917003534925,-0.13471043142893291,0.28251650721586491,-0.95911297588333488,0.016932886427303159,-0.1339804612798268,-0.021974052283864322,0.99074031765214332,10.920180169588853,-4.0272929937248634,0.091949155915181116,,0.06816611989211108,0.25,0,5
-0.92304003077135655,-0.33758627475299274,-0.18447929068599944,0.34903727329352019,-0.93654208157806318,-0.032586980302747537,-0.16177170162125695,-0.094469235901557702,0.98229602463958787,-20.884023902928242,-15.91136739534261,-2.0048676329468593,,0.3445604001899188,0.9090909090909091,0,4
-0.8860308325508911,-0.42246791329897937,-0.19097179373399897,0.43948899891556664,-0.89651442705573459,-0.055779045466202506,-0.14764411129932653,-0.1333519565425787,0.98000942448779449,-9.8117580671656093,-16.445106090196781,-0.90591648810563019,,0.6563950094426906,0.4390243902439024,0,1
-0.20012415217813412,-0.9626917456091596,-0.18213985464739246,0.97449287478383551,-0.21484593055842577,0.064844915899555586,-0.10155767184471771,-0.16451695675058639,0.98113210641126569,-10.383381880217879,-7.18699803069756,-1.6075236695292108,0.5443713362562965,0.2833309154310642,0.225,1,4
0.3790786487221543,0.92481291896147966,-0.031944373603716887,-0.91792414293223934,0.38017536524864054,0.11349872016977525,0.11710954660103412,-0.013702429711953217,0.99302446974628455,-15.617439241805277,15.823616858517774,-4.1853692446867035,,0.08105919476198142,0.175,0,1
0.70943646899400448,-0.67076963329368811,-0.21625909347902619,0.70342020505082437,0.69289680593483305,0.15841095748578116,0.043587975263540302,-0.26450352620779399,0.96339917637294448,-0.066718261260014511,11.331907798039596,-2.3070830960905613,,0.08889799969377721,0.1724137931034483,0,5
0.55169601836180315,-0.8034525124750852,-0.22382038227383802,0.83398800518785265,0.53456780052593211,0.13675260086613922,0.0097729487115968613,-0.26210937953141061,0.96498868523684767,6.568378203608825,26.408742076784719,-2.9979223917408699,,0.1142762335988367,0.25,0,2
-0.93880294027179134,-0.30037021115912466,-0.16860241868153616,0.30435148839247739,-0.95255693799650665,0.0023348207648775923,-0.161304714284254,-0.049122460473222419,0.98568137500245645,-22.210015214602279,-10.753975074856404,-2.6039259352266217,,0.2291671401817841,0.7567567567567568,0,3
0.96756625579668165,-0.1518369977796368,-0.20189370160769612,0.21532338292392264,0.91364211712967802,0.34480998038484512,0.13210367674591267,-0.37709893650349396,0.91670333842423923,-5.6180296198702324,-11.183181735479197,-0.90636171917351227,,0.3085500249109032,0.46,1,2
0.14929755346980927,0.98757152203095733,-0.049119541950106198,-0.98517103192608824,0.15281473703118997,0.078010858217135215,0.084547491870635413,0.036744319554824476,0.99574172183294485,-8.5127454280869959,29.556636272201686,-4.7670907269243443,,0.1248360749243738,0.1538461538461539,0,2
0.87474698873930157,0.48103664523014511,-0.058493175988769006,-0.46148876953261692,0.86379006887870513,0.20222470794092881,0.14780331960682325,-0.14990151050690026,0.97759077116191828,-4.6097023590801554,1.0421743632613305,-1.6942985886420114,,0.1604353205955708,0.3768115942028986,0,1
0.074567485304496639,0.99540905311614991,0.060004225765976589,-0.99720467910692989,0.074145197591388129,0.0092367549160522495,0.004745324289116927,-0.060525256286484412,0.99815538632461775,3.9657189015384384,-10.727737873768062,-0.061219462736370231,,0.6111015983227351,0.3538461538461539,0,2
0.41766208750504719,0.90658767617894709,0.060474507533199329,-0.9030027986505349,0.40678969041166507,0.13823202741797178,0.1007190463131355,-0.11234292668093682,0.98855184008454211,-2.1386196563418802,-15.603803168036265,-0.27539263034547135,0.5374205147489752,0.4713405206598092,0.3636363636363636,1,4
0.67145069246622524,0.74030564702947577,0.033189103074592427,-0.72153800057426565,0.64290641769633605,0.25701021733027407,0.16892862786963414,-0.19651688747060234,0.96583861572467122,-13.534223646779147,-16.53810767909129,-1.2018766963238605,,0.2998791814576106,0.5,0,4
-0.87334038894665589,-0.46475909245060609,-0.14586141031469671,0.47197563464864695,-0.88143983836076256,-0.017401484090692358,-0.12048055997757535,-0.084040450588040022,0.98915197888517015,-13.868285140848156,5.0272346159533559,-3.0177155863652678,,0.2443107833108761,0.1587301587301587,0,4
-0.046339180453812044,-0.90249787408249482,-0.42819419383201218,0.99574824595121991,-0.075895676530189818,0.052204185359921558,-0.079612254332717486,-0.42395451826888514,0.9021776185427457,1.2543793861171555,-8.0498899026244466,-0.52589720253394112,,0.3252335196198857,0.24,0,1
-0.82088921896310774,-0.54733520613013509,-0.16298792078133084,0.55184106085602946,-0.83370143268453878,0.020331372138601835,-0.14701133882605982,-0.073253622915382996,0.98641855871954265,-9.3094491429396111,23.862189698691072,-4.2683498094584511,,0.06798826047942795,0.3684210526315789,0,2
0.05572041455210848,0.9943167927126455,0.090715771130381914,-0.99517252939761003,0.047956335241879436,0.085626086226871165,0.080789059497584734,-0.095048964433112781,0.99218890450643993,-9.9102421347780005,6.3431486605662073,-2.7530749021417198,,0.1909385126019635,0.2885906040268457,0,1
-0.8438482811271425,0.53643162970896396,-0.012695868877435713,-0.53233904523774722,-0.8399110695969646,-0.10566236834297645,-0.06734403725744155,-0.082404501189365847,0.99432101397365658,-2.6400696626299442,-12.922689901040343,-0.50952684317947683,,0.2123793071104489,0.2631578947368421,0,5
0.80123051940375656,0.58692208186684369,-0.11641359281921411,-0.58031445635002843,0.80963841963240746,0.087867862192666735,0.14582450592118792,-0.0028459220348922669,0.98930638034969398,7.2872151824685387,1.8970104308216913,-0.73233159841070317,0.3226227375122047,0.326233246028318,0.8873239436619719,1,5
0.97235319813720245,0.21985487728424749,-0.0786961943595961,-0.19219282947751026,0.94488614174475127,0.26505111853404145,0.13263172459778805,-0.24259845851333509,0.96101759274072096,3.1583678066579286,9.8490725741159828,-1.8396817986295575,0.797082214653637,0.5811082489671561,0.2666666666666667,1,5
0.61671939835717426,0.77765018028009048,-0.12213672993947723,-0.7750082064209719,0.62701073357443449,0.078865835205097101,0.13791107160091787,0.046018877569893368,0.98937495381533402,17.550426861054124,-0.32088588167160181,0.3928962363705007,0.4697678693713139,0.4213153781825534,0.9375,1,5
0.17587710130957648,-0.91870759486304776,-0.3536150454603087,0.98277534763269669,0.14315931875020604,0.11686755555075641,-0.056743821869638091,-0.36807847613780964,0.92806162192156993,6.3480415854067775,15.069382210175844,-2.1035065032236533,,0.3194951241376046,0.4102564102564102,0,5
0.21628673921755662,-0.96508338301747576,-0.14776369737584952,0.97535161193251696,0.20680763514041736,0.076940464960049915,-0.043695303400678759,-0.16076276270073533,0.98602538232519654,-15.755486478052593,-3.0574920447833422,-2.5224909678502945,,0.06837812294080878,0.2564102564102564,0,2
0.87676343564970471,0.47055127897333976,-0.099334645337264604,-0.45765311600681396,0.87982122035265464,0.12832866252875269,0.147781945165773,-0.067053069085009867,0.98674433497705016,5.5544479339674178,1.5639493280461094,-0.84323583289859472,,0.07996269080473997,0.35,0,1
-0.86266762841987188,0.50576081217597202,0.0032501913074613883,-0.50009467963059295,-0.85200768227786594,-0.15488131179930431,-0.075563710083666261,-0.13523649731710771,0.98792773800100975,-7.6779418303581171,30.006997411449095,-4.7338408003834509,,0.2948863794579154,0.25,0,2
0.14256476276835886,0.98967096452964465,-0.015055576500518534,-0.98683091278030399,0.14329717371658704,0.075037787720774365,0.076420141310987733,0.0041595638953656833,0.99706702885523557,8.6440672239429084,-5.4265065550586495,-0.027134474760312333,,0.08326608923786634,0.1627906976744186,0,6
-0.51698854259911653,0.85580179220661312,-0.018059326598472335,-0.85598326329150454,-0.51696503970959418,0.006308778240205884,-0.0039369767675054802,0.018720047382592486,0.99981701327789252,-22.121572534525704,19.878451779008103,-5.2179246295149202,,0.2994261884802629,0.3333333333333333,0,1
0.77810164219058642,-0.60952675523694499,-0.15177275470463789,0.62569134912803959,0.7734122158126735,0.1017048674256211,0.055391064682364932,-0.17409962401467563,0.98316893302794217,-0.52241033719237062,8.7963272028489303,-2.0350125965748038,,0.07505772469999991,0.3580246913580247,0,5
0.73149763646212373,0.67180735809255554,-0.1165593473859088,-0.66618373231657346,0.74060396210432111,0.087778164210366758,0.14529433109067894,0.0134404214250613,0.98929718104563014,-1.0106482744261538,4.7605049254529703,-1.6710224369656927,0.3082110046222942,0.2753515534798012,0.8507281553398058,1,5
-0.76851449894442825,0.63280189642823126,-0.094589771059183522,-0.637640089157548,-0.76969325480648854,0.031423083943928572,-0.052920521646602096,0.084463325664026853,0.99502028371607776,-8.7512343791060037,-4.4277900197297129,-1.6782400256310395,,0.06842623326998995,0.325,0,5
-0.88215426886062365,0.46827260519920944,-0.050245528665997581,-0.46405306511381433,-0.88246021429221522,-0.076933236964347493,-0.08036540729352494,-0.044550391819644791,0.99576938288906203,-18.351782437997073,1.5137553782801081,-3.2035568282550058,,0.2566737783717948,0.28,0,1
0.28754482944979293,0.95562929356224302,0.063957988886594902,-0.95250132760911155,0.27833269126894039,0.12358047529390785,0.10029552312824852,-0.096454996017401415,0.99027129706142325,-0.18292254665517813,-11.861297131256606,-0.36201074253485793,,0.3727144783783319,0.2982456140350877,0,4
-0.26000141494768858,0.96262703913922432,-0.075818518471750973,-0.96481804534505067,-0.25581068935397194,0.060720923813801723,0.039056415628622873,0.088938600901391621,0.99527107948937599,-2.8992019044196531,25.412224348456981,-3.8943775640703393,,0.07148384552492759,0.2105263157894737,0,2
0.82681444528204495,-0.54191106861524851,-0.15069925940502901,0.55864266994493728,0.82238073845885917,0.1077417668717798,0.065545712214729782,-0.1732694858425482,0.98269092032343663,2.1133190377460966,-4.4260766124536257,-0.69593994220897915,,0.08334215215535153,0.2682926829268293,0,3
-0.74276010271715709,0.66059003373028424,-0.10921646921513685,-0.66787033732826306,-0.742538308152768,0.05085345064650755,-0.047504129595548845,0.11071435436223716,0.99271631869810739,-16.419337126700366,-6.7798863806631262,-2.2966647908801066,,0.0810762086090973,0.25,0,3
-0.73773911894367206,-0.64221243663038208,-0.2080965608016668,0.6594357376822626,-0.75153356047178299,-0.018488249026178578,-0.14451816580507817,-0.15086581362877319,0.97793353865713351,-7.401323719926892,-14.393933836050405,-0.83184579963746619,,0.2138066385554371,0.2,0,2
-0.59418671668847212,-0.7727609659744189,-0.22312022583633534,0.79199360615696879,-0.61050634490205635,0.0053038326530774563,-0.14031490839342128,-0.17355832535667931,0.97477650473425503,-17.899270984232853,-4.0606501128717625,-2.6822902730576272,,0.08216435480307094,0.375,0,2
0.36155122845790549,0.93085925147020543,-0.052742422706087512,-0.92394886240399166,0.36529673349208452,0.11347597174019622,0.12489679284492582,0.0077039244765974802,0.99213982919985122,9.254338334221778,3.8455875256598313,-0.70597793412293364,0.7062462941486746,0.7300836749321495,0.5374149659863946,1,5
0.96082172502213548,0.25011718153253559,-0.11942783690458915,-0.23815666138417782,0.96543699208032996,0.10589059902194917,0.14178510980998854,-0.073299453102365394,0.98717990903941322,-8.468961270301671,-14.389070823086778,-0.90431779718864669,0.4117744229838739,0.370824058041851,0.9395973154362416,1,5
0.74725057186512611,0.66220443359166481,-0.055694442979379387,-0.64479478601745854,0.74277353217927689,0.18035288691512158,0.16079883946080067,-0.098857311441600537,0.98202391274479506,10.535451821558935,4.6168801587723198,-0.67436930802886419,0.4266598543018939,0.3201349082473201,0.22,1,5
0.95955889916309145,0.27775799564738785,-0.045795358835396489,-0.24341939757674427,0.90038828262552051,0.36062159862387744,0.1413991369149471,-0.33489018553043909,0.93158727326810176,1.4059407621151565,-5.6796315198950866,-0.69566761821752843,,0.09077131334874783,0.3902439024390244,0,2
0.3556057709412308,-0.90519956870171248,-0.23271930838571986,0.9346040537075857,0.34233401623086807,0.096554047686219252,-0.0077329468278168455,-0.25183558555827384,0.96773913808416401,2.2102655431567406,-17.499374463628286,0.24186079892009499,0.3191094726070243,0.3321361798175441,0.4230769230769231,1,5
0.5460932859954305,-0.79503340862881455,-0.2640151551611431,0.83767353130525468,0.52170465765746865,0.16163942937627707,0.0092291896338895282,-0.30942871447645681,0.95087785373104039,-4.9805741747504033,-5.1055908765182902,-1.2611042294391268,,0.07863533109301092,0.2110091743119266,0,5
-0.083026498594007597,0.99634412605747791,0.020124189473867668,-0.9931768525455491,-0.084388270349418079,0.080488256256113083,0.081892246879270977,-0.013304221066803946,0.99655238577952854,-18.022575771289151,25.185406125891998,-5.2550635868623861,,0.1630050242354753,0.2608695652173913,0,3
0.72489553631285952,0.67867696223959817,-0.11800017948682903,-0.67363873789214446,0.73421099702804205,0.084528472446668293,0.14400455633337103,0.018215179612619661,0.9894093667369992,-3.0520890105218621,27.797947835277679,-4.1219290835308708,,0.07464826669897336,0.1578947368421053,0,1
