axis_00,axis_01,axis_02,axis_10,axis_11,axis_12,axis_20,axis_21,axis_22,location_x,location_y,location_z,dbh,dbh_approximation,score,reconstructed,number_clusters
-0.93934577391175589,-0.21456535347852837,-0.26756536793980029,0.22942421498084997,-0.9730008565896926,-0.025176629165703727,-0.25493929986282449,-0.085035534703798127,0.96321073043394512,-25.600824726804245,10.96587082366821,-9.4207199145711069,,0.5621813214478846,0.1833333333333333,0,3
-0.90875641427629406,0.36331275653016232,-0.2053426902866213,-0.37211072414631374,-0.92817707288631723,0.0045749692342230549,-0.18893223252531144,0.080567749817423776,0.97867944149366815,13.847746299025015,10.628048660049371,1.1352420263137339,0.6628467922143083,0.2898305859749524,0.3157894736842105,1,5
0.39750834810735053,-0.86911240727232841,-0.29433099855479894,0.91758369371536286,0.37467206468223829,0.13289472891887394,-0.0052228548359746687,-0.32290008899355904,0.94641864643259999,-3.6938042579815193,-24.758549420767256,-0.14520916409489742,0.7710335610402834,0.3927451856874798,0.9345794392523364,1,5
0.022056165253781845,0.99188122187410277,-0.12524043782994404,-0.99283779135561656,0.036443436433777496,0.1137760783161378,0.1174165475152483,0.12183397569822392,0.98558096406899265,-10.636770592261092,15.803227896127982,-5.5835756572674802,,0.1104916859753345,0.3125,0,4
0.36231146489880628,0.93173219478740643,-0.024607307847957841,-0.9218527656426565,0.362115878483527,0.13805639799404201,0.13754228760591025,-0.027335101001213731,0.99011863499955732,-4.7170920416492512,9.2530258241813144,-3.4231238256361731,0.8548068753678605,0.6593065773966764,0.3614035087719298,1,2
-0.96749215074965322,0.032777209599912621,-0.2507680058712724,-0.022088746742021777,-0.99872827819504395,-0.045320123575850899,-0.25193456591976005,-0.038307712857947679,0.96698577736718316,-14.977969719404099,13.563929267372135,-6.5857036894935446,,0.110234130022106,0.3666666666666666,0,2
0.95515516587698523,-0.11880665325247945,-0.27122608326164976,0.18828059843103878,0.95064201354361244,0.24663774719251214,0.22853670460772851,-0.28664392759779977,0.93037961790784529,3.9213150796968472,-27.827804084595503,2.0374744334161896,,0.1075722695667746,0.7,0,3
-0.94770936463244537,0.24120132095722674,-0.20897100984695363,-0.24607246029013533,-0.96924748030053742,-0.002768793567444331,-0.20321246141594398,0.048797998929752916,0.97791791620039614,-8.0128769188434745,23.722351668065162,-5.5643227423397912,,0.5611141063842846,0.5625,0,2
-0.57288100570837686,-0.69984938415495013,-0.42663590190758111,0.77639041146298748,-0.63019129489269288,-0.0087670308430942093,-0.26272663033444349,-0.33625848887337784,0.90438097413297036,17.309071305284256,7.1616004556528265,2.3556438503419939,0.571821964119787,0.2658428522382045,0.3,1,3
0.71348059838835176,0.68491967072892701,-0.14775141411159767,-0.64760384062083687,0.72511542970359188,0.23413004766350742,0.26749710528628207,-0.071362863271822244,0.96091239996635791,0.70985271826057716,-24.115919645451122,0.92564690414446937,0.2626174340283006,0.3149064737828638,0.4736842105263158,1,4
-0.95476181048066111,0.18059169890239682,-0.23625520848277087,-0.19288259002530245,-0.98076951858919326,0.029790231141346331,-0.22633203863532556,0.074012091538273803,0.9712342758538276,-16.099998971032242,9.2355895261999379,-6.5303315093414245,,0.08120259649337119,0.2758620689655172,0,4
0.97337554029900619,0.11039392921663881,-0.20088115376941584,-0.052934509605312929,0.96095466008550068,0.27159543249621698,0.22302016778862166,-0.2537308054850137,0.9412134099700572,-19.602709826263098,-20.557751354421246,-4.695873761258083,0.266305833278392,0.2793993932563343,0.3777777777777778,1,4
-0.96802392972413076,0.094780320739853902,-0.23226356210542759,-0.095448486333558666,-0.9953990441807008,-0.008386256660763999,-0.23198977981386124,0.014051108304975657,0.9726167325402737,6.3036509567456145,-30.986976983927974,2.954496553767163,,0.2096880426914468,0.75,0,4
0.90448903818887849,-0.25825950523298469,-0.33941362340509013,0.38057284404243974,0.84795670734381534,0.368963050789757,0.19251984358399851,-0.46289464290208598,0.86525410105872591,-14.611289887694639,-21.756047255802049,-3.2483587669731362,,0.4548459510380012,0.5454545454545454,0,1
0.24376196542251727,0.96752015742433006,-0.066969016649136473,-0.95758385341419272,0.25104917850286962,0.14144777712449777,0.15366609220572619,0.029648860865725414,0.98767792177186342,10.436404511892935,-30.627719806347304,3.9519819475804598,,0.2536813859429097,0.3571428571428572,0,3
0.1264940454476991,-0.93650805281814664,-0.32703504930364602,0.98707912746566018,0.086144315510591762,0.13510719087762141,-0.098356761780295732,-0.33989972626051684,0.93530429460155862,0.96078464617119508,20.234941421881665,-2.997275664466827,0.3487351493275241,0.2663002075285765,0.7126436781609196,1,5
0.869963024268258,0.47222254706905964,-0.14202183791810627,-0.4064203056314446,0.84973492803233697,0.3358170443147922,0.27926129623789653,-0.23442785269990793,0.93115879972324844,-19.160987961315893,12.186163514320391,-7.6522701452912898,,0.2563041743687026,0.2,0,4
0.72725222604547513,0.65325569086409718,-0.21062099151217537,-0.63476506492723661,0.75686040169082969,0.15567801611119253,0.26110823820749501,0.020477663589056776,0.96509230296076387,-13.961371351616334,19.548577219736785,-6.7970519710428112,,0.2219909159720331,0.2105263157894737,0,1
0.20037030074669501,0.97967976135526502,-0.0089054909786732053,-0.96596499452789719,0.19906677953139754,0.16517883228101307,0.16359514639927447,-0.02449453975665225,0.98622342580001154,-9.7865453186627764,-22.147129043221597,-1.924453899611049,,0.324626932172972,0.1153846153846154,0,3
-0.9594856151914225,-0.10451142425411064,-0.2616576321094336,0.11364176906579679,-0.9933211517471362,-0.019965916341113575,-0.25782339413702254,-0.048892245725897253,0.96495421950657567,-24.268092059614471,11.144270281353801,-9.0398498950405521,,0.2107611863885524,0.3050847457627119,0,4
0.94738313177521816,0.26128302735174153,-0.184922635839121,-0.22042721346674499,0.95141243019350441,0.21500286332180757,0.23211429337950112,-0.16292810466951022,0.95894597737189324,7.3900732295072418,-31.515310534280189,3.2802124432236095,,0.5028236197301573,0.1818181818181818,0,3
-0.79835121005437959,0.56705774569225176,-0.20268413469023602,-0.58527128022214503,-0.80987479715859401,0.039501157887564156,-0.14174933492556407,0.15016100018895795,0.97844713708529618,3.3980417640646778,5.7989291822168205,-0.98875015564650059,0.982995784944132,0.9118936133436848,0.5988857938718662,1,1
-0.702234896502133,-0.63316920718288905,-0.3255194390662875,0.66630254595532057,-0.74557136584249206,0.012816227573623721,-0.25081281344480055,-0.20789442876410372,0.94544848569382689,7.9893452965677705,21.062207379015401,-1.3026166847910807,,0.4143131702024354,0.3529411764705883,0,5
-0.96873678392072082,0.016750343804423487,-0.24752468454958954,-0.027385685055234834,-0.99884080152884669,0.039586329146160941,-0.2465746696905334,0.045127366238750417,0.96807254536184373,5.7900419075486003,5.4462285848882575,-0.33721301905522777,,0.09597854857922541,0.2666666666666667,0,5
-0.96663032550314154,0.09768214598398986,-0.23682063291371558,-0.086264784418642979,-0.99457500804341026,-0.058128653387598719,-0.2412140144910643,-0.035759638300925545,0.96981289302715046,-12.105468299631163,-23.072352520146286,-2.4529119746285817,,0.3512383815029557,0.2941176470588235,0,2
0.74866442606074246,0.6600432013378329,-0.062004431445210534,-0.61260027955116658,0.72452576398841817,0.31588497085304873,0.25342153547986296,-0.19850790836816495,0.94676931491801342,-5.5298693705902355,2.9972104382771536,-3.1243600374446676,,0.619414677758764,0.3268619837627956,0,3
-0.96006026199546546,-0.083450251244471002,-0.26705869936108156,0.10002809577965338,-0.99377429777524684,-0.049061442457503671,-0.26130188172283475,-0.073815314458106407,0.96243058241078139,-23.247353624250014,11.658635256180967,-8.7869764329127076,,0.115697615734319,0.4375,0,1
-0.96575355566803878,-0.032044703306300416,-0.25747467196707391,0.041319450980919617,-0.99867450147684111,-0.030691091062704991,-0.25614990276237942,-0.040278742408310739,0.96579752030372767,-4.5844787004070504,25.650202810646977,-4.8734540795564598,,0.1691765395999194,0.4166666666666667,0,1
-0.45423866188062362,-0.83821918959861508,-0.30175458280122325,0.86493091034003788,-0.49609445601926105,0.076057945313462813,-0.21345200488927854,-0.22644840669696339,0.95034696859260459,4.5257338473253981,10.111634346603285,-1.122245161845681,,0.116468172143888,0.1764705882352941,0,4
-0.53166603451875083,0.8372981159619427,-0.12752683147357197,-0.8447285615235911,-0.53513179831237589,0.008222881566025882,-0.061358659416520092,0.11209738374085809,0.99180103421657273,-0.5044524309680799,8.2212778065373637,-2.2466658759218903,,0.4196668925518609,0.4307692307692308,0,3
0.085487544913120217,0.9895294073945804,-0.11629029007642436,-0.98337445254350542,0.10256623157743137,0.14984943852002611,0.1602078829193172,0.10154663973434255,0.98184607460088913,4.994189385617247,18.256707615914653,-1.7608892351147138,,0.1674632511140622,0.2352941176470588,0,4
0.537490438675163,0.83385617423276504,-0.12564994638549629,-0.81355797425410015,0.55196790641252447,0.18290667789378273,0.22187260051738247,0.0039129253087746008,0.97506781208036097,-6.5989109624810416,-24.347542494624744,-0.87941983968727444,,0.2510988758450816,0.1052631578947368,0,3
0.49172603700078488,-0.80571186739998812,-0.33020280323814133,0.87039738839783976,0.46560422267981433,0.1600659054669237,0.024776819927565332,-0.3661162309343165,0.93023922441527207,-11.96414002279111,-28.287326919590754,-1.9715697445142195,,0.2493370485974211,0.5161290322580645,0,3
0.40728510473558149,0.90356359553211463,-0.13301004582212986,-0.88521559140672956,0.42639045636105083,0.18596917877608202,0.22474919397177329,0.04200008992006618,0.97351106426981371,7.8029411449044703,19.578187612277727,-1.198694556116364,,0.3113378942234548,0.1428571428571428,0,4
-0.9414699014311948,-0.1564440687020742,-0.29859617892243107,0.19032074049098718,-0.97778935473044526,-0.087783788450837757,-0.27823091208220924,-0.13947484054036349,0.95033379841934551,-3.0675921824454218,-21.489229021631896,-0.20821165627235752,,0.4167882684149697,0.5,0,6
-0.66407582020701561,-0.68446942697746471,-0.30084033730455911,0.70246703466967653,-0.70897351676991138,0.062422894207941046,-0.25601439455384395,-0.16987688498452466,0.95162937834494321,-3.2023655205462669,7.4411609560924621,-2.9146860411811897,,0.263876870529162,0.8711538461538462,0,5
-0.19417604689215576,0.97811204695958154,0.074782928572453652,-0.97912483503791625,-0.19791685993785219,0.046297666942452645,0.060085108182552013,-0.064231924654940875,0.99612451010393921,-20.944874580356895,16.697368646170027,-8.5207691054206869,,0.4183575437343299,0.3043478260869565,0,1
-0.60593507092322452,0.78158221943168427,-0.14822929566557025,-0.79181372723347787,-0.61050536125175348,0.017726399733024742,-0.076640140852531097,0.12811103836559196,0.98879413967670504,-15.703979439219793,14.814899704591253,-6.9153532016584167,,0.2480774771079826,0.6086956521739131,0,2
-0.2447978405688655,-0.89324781489750138,-0.3770707605127443,0.94225153506824566,-0.31084560217558588,0.12464772869824833,-0.22855209890603698,-0.32478200810533908,0.91775845694643865,-8.6940110390322882,12.425412675015284,-4.7583369629842105,0.1437570975986447,0.1291335302722909,0.2711864406779661,1,7
0.75646441514316709,-0.55921681875763873,-0.33917272626302497,0.64028703860340197,0.73896977760007321,0.20965728222550331,0.13339451569907965,-0.37576617385321576,0.91706362144025921,-5.318714633464074,-23.512086476050506,-0.68397919130593021,,0.5085630442402425,0.1666666666666667,0,4
-0.93663482881340099,0.29363333955984144,-0.19103575412112536,-0.2822833465671864,-0.95557877967148419,-0.084766196637504815,-0.2074398941971432,-0.025468760089435105,0.97791616846996954,-4.60392729351301,-27.974937940611163,-0.059064285184356836,,0.3640922571619399,0.25,0,3
-0.39445637612070344,0.9185487044404762,-0.025931542731701025,-0.9189136053598248,-0.39425590586599008,0.012651741951090091,0.0013975773078996351,0.028819407705771061,0.99958365758807699,2.0836087683845022,-33.675136655033945,2.1671020177693845,,0.1563172630300456,0.3,0,3
0.96760620025055721,0.022517571130436106,-0.25145814806258349,0.06036617200580903,0.94648774512831191,0.31704396161934506,0.24514111551113457,-0.32195326883308617,0.91446811107531079,-23.528062385133754,-32.407114836984476,-4.5862533857831851,,0.3860130286320563,0.1818181818181818,0,1
0.88033697740334504,0.43762216047478625,-0.18301270687502166,-0.38859090293374632,0.88660754800850894,0.25084689747229377,0.27203660851708522,-0.14971272649885228,0.95056939943951579,-4.6779638485700579,21.832518103108018,-4.5727177604990565,,0.4568657197024689,0.2173913043478261,0,5
0.67898361442878463,-0.60496233338005079,-0.41593488255806071,0.72804184650286263,0.62779422729745116,0.27537152705517459,0.094532116647867495,-0.48979075467321798,0.86669988782664198,0.61167440978800902,32.040056291208998,-4.1267519366144594,,0.4730820248146246,0.25,0,1
-0.84133211414264486,-0.4738593867891695,-0.2600337579316549,0.46812166737687044,-0.87929663641297107,0.087746964193258212,-0.27022653134835756,-0.047903097442926916,0.96160434431776931,0.22532562361405084,13.589501173763921,-2.5463213814652677,0.2014026210623359,0.2381501403221097,0.6875,1,5
-0.049722374611248468,-0.91745919307742119,-0.39471041853584932,0.9809734444961663,-0.11911878852369664,0.153303018280704,-0.18766669032181951,-0.37957784874564726,0.90592597384404439,4.6741876511071867,12.823906460016639,-1.3580320496626961,,0.2859022179620552,0.5362318840579711,0,5
0.5809499252399426,0.79916714493633512,-0.15436663764561434,-0.77398889248802594,0.60109663452588491,0.19905785658148345,0.25186976529322602,0.0038354160089933403,0.96775353831188526,-6.6620228019338539,-26.831198167426908,-0.69718035479511165,,0.3917657041593142,0.3636363636363636,0,3
-0.6231610727240926,-0.69858405797258183,-0.35163986035135258,0.74623258387752922,-0.66568530790746938,3.9945016247671453e-05,-0.23410939366207573,-0.26238022940514838,0.93613535720881558,-14.579458940119466,10.362243800045173,-6.2408509543482937,,0.1205539536359103,0.2524271844660194,0,4
0.96210969999248408,0.16663611298768882,-0.21581781907137867,-0.082563380166237252,0.93240494152102449,0.35185837105673667,0.25986191224551836,-0.32070770317460262,0.91083387930432891,-22.362044394955966,12.266920828013063,-8.5660816034019636,,0.4187901104213608,0.1428571428571428,0,1
-0.82089701123627723,0.54815141671100065,-0.16018152609171615,-0.5507750377594286,-0.83405589911739697,-0.031585042798312458,-0.15091373272319553,0.062295918848623184,0.98658211202634238,10.256989684700009,18.046578543835377,-0.45636269049856298,,0.2830677748025865,0.25,0,5
-0.96235374913152893,-0.085720239096940584,-0.25792887031438083,0.075915587134259069,-0.99597006804871446,0.047754027904450998,-0.26098292120855349,0.026375446161187716,0.9649830312897979,2.8872278819644124,13.321518145274274,-1.901789298300617,,0.09225843909424961,0.3846153846153846,0,5
0.94658517442447487,-0.19296994852858898,-0.25833913084289234,0.27283813334436041,0.90631489178940661,0.32272692777938833,0.17186000277246688,-0.3759732914525063,0.91055380047607148,-2.7021526682672721,11.287088447694121,-3.1155082554185962,,0.3481606026806684,0.2569444444444444,0,5
-0.96800664116984347,0.076317492763403744,-0.23903719992793107,-0.045591599270714413,-0.99026276481562214,-0.13153350408036124,-0.24674794574021566,-0.11642721725622257,0.96206036939214767,14.046852504743667,3.3321456025338523,1.917734405360205,,0.09506668932608227,0.3846153846153846,0,3
0.76053886341871291,-0.55241013173494657,-0.34120914932978003,0.63780728430345268,0.73401596526710056,0.23328615651697465,0.12158332664978333,-0.39504886924225796,0.91057887389900827,-2.329396837621537,-27.198971230601433,0.45054197049791994,,0.3208267364788933,0.2333333333333333,0,4
0.008498141448878305,-0.93193906939630289,-0.36251531350367672,0.99388383218048182,-0.032045090685151364,0.10567894914892874,-0.11010317762061322,-0.36119618366717898,0.92596684993692402,3.1488347521756945,8.4529350242712944,-1.3605623750372509,,0.1178303452053207,0.2307692307692308,0,1
-0.90415410920048422,-0.28904582722966138,-0.31457567702700745,0.32892071647857918,-0.94088988888628233,-0.080854061510710895,-0.2726105447100266,-0.17657498903491536,0.94578261992924262,-12.606764900040053,7.9638071849749172,-5.4684337912772847,,0.5251728995759873,0.5923566878980892,0,1
0.94432984175463708,0.23985090257069364,-0.22519479236359791,-0.18997783847125521,0.9563692245416866,0.22196019291602975,0.2686067215492754,-0.1668216139640038,0.94869435449621664,-12.643553542761696,-21.850624371433714,-2.7301571524333696,0.2620972434671567,0.2309191659288649,0.4230769230769231,1,7
-0.14209877116002406,0.97412511436570681,-0.17575039344709384,-0.98368282035869004,-0.11917654503290384,0.13477781733353508,0.11034513204479214,0.19203440492791238,0.97516498048176348,19.053892241807453,6.3386840738855268,2.808933187654524,0.3115299297347423,0.2231523344856028,0.1538461538461539,1,5
0.11175912216421559,0.97394840278997807,-0.19731803596208788,-0.98377481518033494,0.13647898764440128,0.11644998475078613,0.14034604244503268,0.1811021662885654,0.97339868180289146,6.505230948325087,15.217978059795735,-1.1030928985496451,,0.0834429508779089,0.2592592592592592,1,5
-0.359936328704001,-0.80167768348470048,-0.47724074750768147,0.91198703483246624,-0.41021706854626744,0.0012668744191855303,-0.196787925383069,-0.43478138009338907,0.87877167907683285,-24.391890373279438,12.105458890724757,-9.2034106068484949,,0.2013570286021289,0.3103448275862069,0,1
0.5580537951543133,0.80165853029265666,-0.21428850301144436,-0.79571571166037269,0.59023467763832294,0.1358658585885808,0.23539853000963015,0.094692270657130539,0.96727498982817806,0.59699960958778731,12.489380791556297,-2.3516839667210805,0.3290165533794206,0.07554098356779118,0.3235294117647059,1,5
-0.90779190802606802,0.35574116963217861,-0.22217576814567611,-0.37165477153259902,-0.92778391919661396,0.03301105992275144,-0.19438771185299594,0.11253985742349833,0.97444763736778373,-6.253836464711954,14.438928642294742,-4.3451515583506586,,0.1496606392784788,0.25,0,1
0.5941763692082106,0.79321388025795236,-0.13328984372663941,-0.76724669495905717,0.60868271096675242,0.20208381044648113,0.24142690684543133,-0.017807232695977157,0.97025561122559811,-21.233765143566522,-22.187571537684455,-4.9681421498489753,,0.1806662869037518,0.2105263157894737,0,1
-0.28141324781748445,-0.91395660127622647,-0.29238658474085866,0.94259155318553267,-0.32037666484497762,0.094233521032027825,-0.17979918747341367,-0.24908256383459915,0.95164601012008787,-21.886553458865365,-30.341734020516853,-4.3130246684501019,,0.1918582883148965,0.4705882352941176,0,1
0.58218959908644907,0.80053713832308748,-0.14211108641145209,-0.78321728070123242,0.59910742550900131,0.16625577857910651,0.21823373232964677,0.014511473579899792,0.97578863244455416,3.1832510359764141,-26.957627287065126,1.7971342484845216,0.2755687892009338,0.3250427882562993,0.5365853658536586,1,5
-0.45388019898022108,-0.76958968318490706,-0.44913748953859228,0.86106731579098161,-0.50848972772157108,0.0011289278790082163,-0.22925061101377331,-0.38622521452773723,0.89346194155812486,18.154755481520848,4.4497451077140342,2.7726058371368358,,0.5097992263538975,0.5,0,5
-0.061863370193257682,-0.88826728274980848,-0.45514190954536921,0.98311232402727455,-0.13292087860736199,0.12578632030526879,-0.17222973545246104,-0.43967405475706645,0.88148944622125591,-16.212349604839577,12.360561708687912,-6.8110704322515074,,0.251224819923057,0.1379310344827586,0,2
0.66845281979536486,0.73205424728060864,-0.13140550500662695,-0.69548402357998418,0.67784883950258745,0.23837559382200002,0.26357693497842594,-0.067952408518141813,0.96224200153805461,-4.9107003601745438,17.986788656374713,-4.2735531782717757,,0.3862104549892787,0.6666666666666666,0,2
0.73773151346913868,-0.59016464401913915,-0.32780772868298358,0.66163845405157928,0.72853190470473472,0.17741426083471207,0.13411476486491039,-0.34777428998856941,0.92793656737310215,2.8469371237514842,-30.265162131216364,2.0198873532531358,0.3314508278908911,0.3478200140709968,0.3529411764705883,1,5
0.75213635156772851,-0.53459042535562273,-0.38536214885284364,0.64965874241665422,0.69962924370079749,0.29742636023100266,0.11060934432496265,-0.47405906644293294,0.87351793025172486,-16.34565422031331,-23.13087617382412,-3.6368346577029418,,0.4616471852533534,0.4,0,3
-0.94354797789173861,-0.14072444308568002,-0.29985637317661923,0.20528364259697074,-0.95888636456758214,-0.19594786533280914,-0.25995353334496135,-0.24644182064858772,0.93364371659476109,-21.112293523253886,8.9546614325036824,-7.930108910224952,,0.5160191659123361,0.2121212121212121,0,2
0.93354739314933688,-0.17320582120941655,-0.31382958471637196,0.29140117875895466,0.87656212676058287,0.38304593842887452,0.2087453418928685,-0.4490418481925007,0.86878466883911665,9.2650163699524466,-25.393614929872989,3.190722639948171,,0.3492374566204628,0.2380952380952381,0,3
-0.96491297432840206,0.13197876270322939,-0.22699021601831218,-0.10858798386703004,-0.98768118454105713,-0.11266999362415282,-0.23906401178849357,-0.084068328750473362,0.96735769721891995,-23.406271413801647,9.9740475951007497,-8.6363437086494415,,0.1695439809961287,0.1764705882352941,0,4
-0.11674720447852202,0.9819462751878214,-0.14883414558229896,-0.98700196089897219,-0.098048389595239718,0.12733280205572914,0.11044102239672354,0.16176534221687555,0.98062977449668676,-7.394716281795592,14.655307489381732,-4.6406189807769804,,0.3505630335025001,0.21875,0,3
-0.58833969542184528,0.80858157076676562,-0.0072281537947126518,-0.80622714258668227,-0.58726599021250769,-0.071529373660310119,-0.062082182205876683,-0.036256036132934009,0.99741230316077578,-2.7655540604829154,9.9344924510063457,-2.9835604326645382,,0.100813198889979,0.2564102564102564,0,2
0.40855050186701641,0.90295970426563643,-0.13323010131619184,-0.88953222642812158,0.42660358702514661,0.16352919520106046,0.20449671285875831,0.051702533881733799,0.97750086568768302,-5.1578866782653003,-24.563443779721581,-0.50101224143826284,,0.2089339481058341,0.1,0,3
0.48019576019327159,0.86052397520885249,-0.17003093831170832,-0.8481893037701409,0.50493603496426254,0.16004532346961131,0.2235775857780237,0.067365337417123486,0.97235537456855103,-4.9846281051710815,20.422733852698602,-4.5275228301296409,,0.08615301140805733,0.3157894736842105,0,3
0.77991829053323258,-0.509139525421616,-0.36401154342296876,0.60495315033662622,0.76237129360553868,0.22982971214359804,0.16049656067813925,-0.39945832616140242,0.90259287592514204,-19.398386813667805,18.269146763013811,-8.2382393604653821,0.667885934518484,0.5909547481091528,0.8761904761904762,1,3
-0.69813873193208631,-0.61547988738217385,-0.36576880567413894,0.67480033600238554,-0.73638013562506988,-0.04887537608931606,-0.23926307175852846,-0.28094270605379912,0.92942152891346463,-1.3323873379452866,-24.242582891465318,0.43491363125282806,,0.6002310762820959,0.1470588235294118,0,5
-0.87668883896692307,0.43425912385993437,-0.2069678549321872,-0.44700479589323527,-0.89437217001207381,0.016885909994478993,-0.17777342905866414,0.10731931257838274,0.97820201035799725,-38.946370505480481,14.969010179613232,-13.788313584912947,,0.1075039571981761,0.2142857142857143,0,1
0.9239388672176605,0.31921547319514582,-0.21080429624973449,-0.27043217602690872,0.93479831233378896,0.23025758060756979,0.27056128291737863,-0.1557356636442003,0.95002262881228405,13.150330671528657,-26.449340839952207,4.2983346434391096,,0.1509097711254023,0.3,0,4
-0.92544225908782685,0.30906376004002561,-0.21917166177300484,-0.32435272166778251,-0.9452255739532619,0.03665960026279752,-0.19583650589489421,0.10501526829298491,0.97499736224475508,-12.136158974795723,9.877455986517468,-5.5012368690677951,0.218028029493954,0.3400214173057194,0.3020408163265306,1,5
0.25122275975555419,0.95015494514950793,-0.1846421002608537,-0.95233642748868963,0.27673930178653788,0.12833817719127805,0.17303887961635514,0.14359992707043959,0.97439037715203303,-19.207230183490672,19.718167911963981,-8.2352156940927337,,0.1851395709132401,0.5555555555555556,0,1
-0.73687275474552583,-0.60758786613219606,-0.29640433236149721,0.62652519807126761,-0.7784654396765005,0.038180301348103983,-0.25393841673819106,-0.15757075921057714,0.95429908118278262,3.5263484794420608,15.42162644129936,-1.8966808204701158,0.2494138146419455,0.231403696959848,0.4583333333333333,1,5
-0.48359160350914271,-0.82247740248355383,-0.29944963419473625,0.84744197065887028,-0.52556715223043782,0.074975161635020077,-0.21904626767252985,-0.21750882947662872,0.95116173268190296,-13.882753831757862,14.836955984953651,-6.3912644724412715,,0.1426298211404922,0.5263157894736842,0,2
0.83852302818613078,-0.39347993894816469,-0.37689875145310808,0.51960663321725575,0.78564746890121862,0.33580798282015129,0.16397584553278419,-0.47742181794976574,0.86323828102520495,-16.117252948822593,-26.910041361730354,-3.1834116375028922,,0.3243136997101588,0.2941176470588235,0,3
-0.90637278501784868,-0.30553957753577016,-0.29177721147864089,0.32284826999300886,-0.94637620768304864,-0.011877209014413956,-0.272502053462923,-0.10496494696189686,0.95641256305413291,-14.610279634852574,-27.253822527241038,-2.7968066726766647,,0.2055808828102526,0.2142857142857143,0,1
-0.90011902737469462,-0.2651451496497973,-0.34566426800469247,0.32127418474294717,-0.93989802015002655,-0.11564864865537648,-0.29422548287969191,-0.21515055504285044,0.93120438352112833,-10.319540172335987,-24.146763673682905,-1.8710929064237969,,0.6308040560226874,0.8064516129032258,0,4
-0.88988440356741272,0.41291690204502868,-0.19392106717168828,-0.42620133684840195,-0.90410812800055684,0.030674310945223656,-0.16265967157259753,0.10994600897197397,0.98053745790511715,12.257813084718018,10.531663445209771,0.78334561887109289,0.2271612408410347,0.1361747192230541,0.1111111111111111,1,5
0.79188412367766159,0.60765668755417157,-0.060604329366438073,-0.54820367535637871,0.75109562778812,0.36786966203171728,0.26905810709402844,-0.25808662884439382,0.92790033248119697,-17.988601867171262,12.746519377473808,-7.3582413339415149,,0.3638905664466942,0.15625,0,2
0.53138694517072471,-0.73328937213465251,-0.42416342512820882,0.84567118331644142,0.48855021770809454,0.21484630433299204,0.049680622080407223,-0.47286930698845514,0.87973089879687805,16.571377420132613,2.6114552992935418,2.580665074756733,,0.5095544555337611,0.2619047619047619,0,3
0.35765654286625942,-0.84667564174719034,-0.39398242983277798,0.93362106785367138,0.31478160709525127,0.17106794408743536,-0.020820638912547842,-0.42901386633361283,0.90305791812527658,-25.802767676842951,13.171528847939914,-9.6137652774909448,,0.4087459047273203,0.5348837209302325,0,2
0.65113220025264273,-0.65621616005614869,-0.38132297213165151,0.75263477571571036,0.62303946232374763,0.21298526421022335,0.097814887300020456,-0.42567849331214647,0.89957215839196902,-8.8665289369852509,14.900545748179121,-5.0293230451117212,,0.2185678069224517,0.4848484848484849,0,5
0.95158772544544346,0.19994451763576143,-0.2334587557770583,-0.16966369717809043,0.97500160195624952,0.14347859088592413,0.25631041851908914,-0.096922990307521203,0.96172288280378326,13.271827418493146,5.2735026757886763,1.5458813339199184,0.2992490758487162,0.1112368278524738,0.5769230769230769,1,5
0.68890384549032113,-0.62452949820991577,-0.36793259917315918,0.71861209310286256,0.65490987968442438,0.23385830996151039,0.094911281283990248,-0.42550670424495279,0.8999643844773122,-7.437900886502546,10.261276545976104,-4.2793889417463804,0.8398257498233732,0.608549781387084,0.4939271255060729,1,3
-0.38057377629016675,-0.77893048649117991,-0.49842842817686051,0.89824238623436814,-0.43949930778817653,0.00098692740435461692,-0.21982769700888447,-0.44733394200342902,0.8669302901383954,-2.3817799385286476,21.883437165426702,-4.0213557029581111,,0.5880533132599407,0.3066666666666666,0,4
0.43557760419507158,0.89998274609029538,0.017412853397765514,-0.8747628961630517,0.41865127727127927,0.24396922661589165,0.21227818121538369,-0.12149964929536668,0.96962663381375358,5.7165250213042613,19.095184647431335,-1.6614666225031431,,0.7210840025982888,0.3461538461538461,0,1
-0.07512988409530573,0.9965103585254832,-0.036367648634979204,-0.99305564286236947,-0.071458722904111288,0.093456626838970255,0.090531710991403586,0.043136484236952009,0.99495892027391897,16.001080361249944,5.9401832672498607,2.1269307853551647,,0.381645930526943,0.3392857142857143,0,5
-0.91484151839411387,-0.3084644873968832,-0.26060440563684018,0.31295997726050917,-0.94943292631522169,0.025162890565611513,-0.2551882615941693,-0.058538691849865016,0.965117698884987,11.220964597912436,7.9918369868027019,0.71996034232928041,,0.1517652334956265,0.3529411764705883,1,5
-0.33439565757361445,0.93354302132607436,-0.12913934926773696,-0.94224767417198807,-0.32846058945899015,0.065444340394963066,0.018677920478174598,0.1435655547324543,0.98946453538314028,-3.9968524917039971,14.281879343430303,-3.7180908881154142,,0.08424447982934211,0.4571428571428571,0,5
-0.8987149084266487,0.36185951784751363,-0.24772808220879061,-0.39595871849620629,-0.91239074317723812,0.10372957635761,-0.18848927454505873,0.19131341068428007,0.96326059416640997,3.7899342390081978,-6.2494333434791498,0.18932405052903239,0.394127905734074,0.3555024549785739,0.9702970297029703,1,5
-0.64327963838596214,-0.71872594229941345,-0.26386422020396461,0.72403172042691388,-0.68311407966000615,0.095567892023976822,-0.24893648718833772,-0.12956918629088998,0.9598137586585469,2.6566563047054892,-10.961296212049254,0.27296283731753662,0.3896049755546258,0.3224613859901918,0.9403669724770642,1,5
0.89961606950710249,0.38858241835816348,-0.19923511645167788,-0.34099115029955623,0.91012143831275616,0.23538054919832652,0.27279289378936888,-0.14381471296929793,0.95126303693120573,-16.189485702609645,-21.129681740810792,-3.746818101437698,0.8057142175732929,0.792510937102666,0.7560975609756098,1,1
-0.63351057433212588,-0.64145368320119833,-0.43266791482266931,0.73298084071287783,-0.67662892733945823,-0.070088385880235429,-0.24779717382815897,-0.36153902554920758,0.89882484035973675,-15.703408319738896,-19.077899204905691,-3.822099389087954,,0.6838009663920596,0.2702702702702703,0,1
-0.87817514035305222,-0.38263950813208492,-0.28704604104974868,0.39917409768401058,-0.91687460175014979,0.0010021994118695724,-0.26356870566145335,-0.11370123782062047,0.95791626247496475,-17.613172788164405,9.0563570518435021,-6.9160665612975682,0.2893749467943509,0.3623310078330483,0.4559585492227979,1,5
0.092910886127669734,0.98638554922437949,-0.13568756582785985,-0.98608433100509207,0.11002626364893828,0.12462709758994575,0.13785956399615779,0.12222016850247303,0.98288197207295225,11.282268176652586,16.560908041438616,-0.024129659663636727,,0.1164961123323489,0.25,0,3
-0.74788164348095354,0.63616449448426837,-0.18965174215335825,-0.65199081841460949,-0.75764674483834626,0.02965438818971837,-0.12482395622346071,0.14582916715607319,0.98140350211281091,-10.532299699939051,8.3238247873621454,-4.916975807828015,,0.1107503956649076,0.2268041237113402,0,4
0.20160043797000568,0.95575810122206117,-0.21420484438663395,-0.96565712804086856,0.23054230664624786,0.11981884622249275,0.16390111187592293,0.18269290296732268,0.96941205311838807,-4.40125690099309,13.47662004138539,-3.7394577883129272,,0.07410499088665852,0.2682926829268293,0,5
-0.25929574481317746,-0.90106757238988333,-0.34762472108465198,0.94983692480036641,-0.30308565864851017,0.077129111283496879,-0.17485860861725602,-0.3101875457025981,0.93445607359759597,-20.320793676089718,11.779936741421928,-7.9348934120257875,,0.0988367822384411,0.1428571428571428,0,1
-0.65313842707371383,0.74355668922882523,-0.1432956558404489,-0.75216330759095007,-0.65891151226697264,0.0092724169391849992,-0.087524589650668061,0.11383790627519741,0.98963648745454114,-12.830576463917451,-24.650006398652184,-2.5366672725110062,,0.2143264742075794,0.5,0,4
-0.94932873463806144,-0.11934642114179593,-0.29074281650823741,0.1654844374446541,-0.97628436874682267,-0.13958414058998517,-0.26718879945484963,-0.18062464699277178,0.94656477979302234,-15.261425919460679,-20.356181629318577,-3.6048606075698779,,0.4690397791922266,0.5466666666666666,0,3
-0.38310749813076922,0.91226557955421572,-0.14491430997866508,-0.92369171041832254,-0.37755707024380603,0.06514816047584869,0.0047190020614436678,0.15881489561600839,0.98729709811688349,-10.614390763583099,9.4528238551881731,-5.0243926141370299,,0.08023263090032806,0.2923076923076923,0,5
0.77265941288877316,-0.56506804417795486,-0.28930180974767228,0.62084719963286739,0.76771353347448856,0.1586338085911802,0.13246201864083132,-0.30218212384093401,0.94400200087106778,2.725324295391895,-25.219414328499962,1.5905198720596083,,0.09225003800335189,0.2307692307692308,0,3
0.93026573481847596,-0.20188044205952016,-0.30634939160457758,0.29993368254844627,0.89935506473582894,0.31811987301478317,0.21129469632617376,-0.38782051860089423,0.89718994458061341,10.727696182845332,6.1557446639942812,0.77639813522412371,,0.3088384688979458,0.325,0,3
0.56852691174097258,0.79632819741964611,-0.20649104731355447,-0.78785931440853241,0.59928047621543634,0.14191762232618108,0.23675905753738105,0.082001907425231405,0.96810166607264647,3.1518705185331548,-23.694870066425654,1.5309879722229331,,0.09050165053655169,0.1,0,4
0.78373827620872505,0.59098926130575646,-0.19101310799694671,-0.55853200225753008,0.80515231983980207,0.19942854437311761,0.27165477514590308,-0.049612849926833992,0.9611151066665049,-7.316385960137568,-21.856756443151255,-1.2629785664581126,,0.1191900033930071,0.1923076923076923,0,3
-0.84565535206204856,0.5267203142580823,-0.086213317281495006,-0.53050383114018296,-0.84723825523146479,0.027441283095577518,-0.058589339255542869,0.068942363030362191,0.99589870966147365,-17.396850952504014,10.311270887096807,-6.990895908229354,0.5306409070330546,0.2286471466440207,0.1136363636363636,1,2
-0.5962897122834897,0.77454727302574178,-0.2109860205635882,-0.80020570400118551,-0.59447690767241435,0.0791709386593967,-0.064104682425226295,0.21604103335392025,0.97427761012892511,18.039479531355347,10.61653381566745,2.163745585942157,,0.1236898068486187,0.2142857142857143,0,4
-0.029692044646404226,-0.92249763998129519,-0.3848590478521422,0.99118076813280753,-0.076920659428924246,0.10790689058942386,-0.12914746365443797,-0.37826091045991128,0.91664585105135621,8.7712670453539552,16.394594707902005,-0.66196912499469363,,0.1479605674759516,0.3,0,4
-0.9723435636420813,-0.02518377019921289,-0.2321933934511749,0.035289659453802878,-0.9985973013843733,-0.039472390394842766,-0.23087363249070575,-0.046574750524307686,0.97186838534553943,16.988390353205315,5.0142466769367982,2.4535728836225328,,0.1797614881783888,0.2857142857142857,0,4
0.6530683781268487,0.74469127950192637,-0.13761028931206465,-0.71554202285244706,0.66629141016573656,0.20989371184383146,0.24799457055144206,-0.038609001193210001,0.96799175513217428,19.824427904763795,9.060545170237134,2.7226523025867149,,0.1230206326375564,0.1666666666666667,0,4
0.2730074217285815,-0.79960784229190252,-0.53487778625252402,0.96127916386470613,0.20504933679470191,0.18411175573445884,-0.037540868406106091,-0.56443074688161787,0.82462634882349861,-7.4168700144647497,18.597057661031979,-4.9855731604143916,,0.5452935328196651,0.28,0,1
0.31739774005143984,-0.90266791679089631,-0.29060162870607098,0.94796259535477179,0.29393912702657971,0.12233849521347145,-0.025011845563312589,-0.31430943606458051,0.94899103577551303,14.265579486627441,12.297046398901475,1.1229143173655938,0.2200771730201474,0.1258758769969703,0.4166666666666667,1,4
-0.3616306909337843,-0.87919540594196499,-0.31022359927203697,0.91251593626458327,-0.40200019241206536,0.075567925496428601,-0.1911489195311469,-0.25575629703138542,0.94765542635014177,-8.1886169637760826,-21.479267709543684,-1.6175083171189399,,0.5992948735163066,0.8382352941176471,0,2
0.32676962598305198,0.93573644363078545,-0.13273627837221849,-0.92586608420373973,0.34513831641769044,0.15379056102894226,0.18971980828614299,0.072641934181112269,0.97914735547939702,9.718067853880088,-32.079435576009899,3.9491547738568333,,0.3020691555397828,0.72,0,1
0.065384597650623988,0.99697005672867067,-0.042137398786552774,-0.97895455741754278,0.072269595060755906,0.19085355679467231,0.19332053409167077,0.028771715558606119,0.98071369903877936,23.141963433473457,2.4554158894074378,4.0662341435315934,,0.2310211239675636,0.3,0,2
-0.081467611924858088,-0.85989565892308872,-0.50392706215531546,0.98778356434183245,-0.13704946973797691,0.074169217743508459,-0.1328407250183668,-0.49172848057618712,0.86055589194823856,-13.288706548245656,10.85051042978067,-5.9003540473358589,,0.1509066356984887,0.4285714285714285,0,1
-0.5851929669096132,-0.76390134387947606,-0.27203663043541665,0.77641929036056112,-0.62462162403005583,0.08379088464778893,-0.23392793128553005,-0.16218065116772357,0.95863192068243053,3.2305582313313876,17.216351351691369,-2.098710478934886,0.225515063486838,0.0940754799235998,0.1875,1,4
-0.23031104039070732,0.97297085370776715,0.016868387869895734,-0.97254320197918109,-0.23073586314441111,0.03034273789700187,0.033414741630492087,-0.0094169684178542108,0.99939720619360595,8.5442614572451792,9.6833371764852849,-0.10722603325496188,,0.4861855024420721,0.1463414634146341,0,4
-0.56191617605523692,0.81532417271597846,-0.13963060005766886,-0.82549225404884674,-0.56353588998703286,0.031461710091423921,-0.053035361720401637,0.1329428226025294,0.98970372148722241,-41.463433210326635,14.668094614109135,-14.548862632714636,,0.4998691329487036,0.3157894736842105,0,1
0.59093650085147886,0.80046376678828834,-0.1002587154342003,-0.77018882620184148,0.59677864495786792,0.22508758498878031,0.24000671647943642,-0.055794327501608593,0.96916653319406532,-4.5892790868025441,-23.82048339639508,-0.446146514610053,,0.1271421150357835,0.125,0,2
-0.92385585765752476,-0.17989286532994406,-0.33782970750847147,0.23357174345342854,-0.96423322976844983,-0.12529373196783375,-0.30320718153104886,-0.19466082197937082,0.93283040765956537,28.7850844908833,12.987391888019564,4.5459911941210054,,0.5244826578126724,0.7272727272727273,0,4
-0.95216823921168192,-0.16360278699541797,-0.25808869080968255,0.17895891323309721,-0.98316028629044305,-0.037007551063552815,-0.24768801265090076,-0.081424686358773132,0.96541217562263049,26.690110463950727,0.96649448820684758,5.0783832346052469,,0.145246355752246,0.4,0,3
-0.958239816211643,-0.10029891882363444,-0.2677995173809809,0.14469954853455647,-0.97780124090047338,-0.15154792623916019,-0.24665460725591928,-0.18396972624946845,0.95148128964426992,28.860182571149075,0.23998113713596037,5.576410057628185,,0.2938854781354165,0.2142857142857143,0,3
-0.95684507737461211,-0.11306879609958025,-0.26769935609292139,0.12338449193576499,-0.99211561527768677,-0.021974373072529915,-0.26310409547121522,-0.054056019745899873,0.96325187862547401,-36.434581704065558,13.577645822898488,-12.927490478704136,,0.2947954070318183,0.3,0,1
-0.63396747197195102,-0.72319366483687686,-0.2740003058781183,0.73232927493015021,-0.67526011833553934,0.087849904187516203,-0.24855397313617023,-0.14496446366362378,0.95770884234872944,-18.430688702527988,10.69175641563192,-7.3121151569481269,,0.2314249161200294,0.2708333333333333,0,2
0.64675934766988052,0.7412233796887735,-0.17969487361742442,-0.71788601516418415,0.67119128534160144,0.18477534389949671,0.25756943808091615,0.0094952558807281026,0.96621313626054572,8.8028001317694127,15.271329276982483,-0.56779351224384533,,0.1310051073669972,0.125,0,4
