axis_00,axis_01,axis_02,axis_10,axis_11,axis_12,axis_20,axis_21,axis_22,location_x,location_y,location_z,dbh,dbh_approximation,score,reconstructed,number_clusters
-0.70342425365026884,-0.65463441794103405,-0.27685392939881753,0.66748596189075915,-0.74226610708248708,0.0591905140658332,-0.2442474361284673,-0.1431600681880717,0.95908726653055743,-11.577332535579858,10.112919120258727,-5.6644499066890681,,0.2081148207818852,0.225,0,5
-0.15308809484873034,-0.90458013967504036,-0.39786782493822354,0.97505431667860387,-0.20374905168964011,0.088064768562660059,-0.16072683267584376,-0.3744610725309897,0.91320632412228409,-15.954581702900452,-11.283250914780313,-4.2225241582506978,,0.5365426051564761,0.1666666666666667,0,3
-0.4493442629493537,-0.83292095554279755,-0.32300528660097122,0.86435888857227305,-0.49672103942665696,0.078434180922647645,-0.22577299462204797,-0.24394854131266061,0.94314138075413612,13.038496950226161,5.4944340505135489,-0.34208195957574311,,0.349063983599988,0.25,0,4
-0.96471851480164306,0.12186290816484546,-0.23338298741021685,-0.1455173957752898,-0.9855308599473952,0.08691151602707578,-0.21941484618340823,0.11780643320699183,0.96849304053738905,-3.6612482777082205,-3.1912330659593047,-2.3557837757081534,0.3714717971173118,0.3047661738457542,0.921967213114754,1,5
0.07050516064766793,-0.95368781067829911,-0.2924185050329039,0.99402532565682911,0.042685260424719179,0.10045705796661668,-0.083322711639029129,-0.29775414070354395,0.95099936772797733,-3.8338385469072862,-5.1171123397582994,-2.2200979264859475,0.1081362479904714,0.09361555758672881,0.5157894736842106,1,5
0.6991296328339992,0.70103727443759478,-0.14058625943706224,-0.68079591092410496,0.71277764034879676,0.16871562787074296,0.21848268618454622,-0.022243544409762884,0.97558727983183291,9.3359208033847736,2.356385655113177,-0.4572049407286729,,0.5533808217324113,0.76,0,3
0.50952273785042457,0.83986226730484637,-0.18713084077984177,-0.83571600243804878,0.53480390243238662,0.12475395469506265,0.20485444315995435,0.092823261635504264,0.97438108521100297,-8.1311670578808481,-11.43541997704947,-2.4673612273296488,,0.1174260401333483,0.4791666666666667,1,5
0.97030893908629934,0.0026078981687298209,-0.2418548357928012,0.076906500556855398,0.94471980324911065,0.31873167950654197,0.22931627264832236,-0.32786840685876423,0.91646950570249586,4.0957336072309101,8.067659818488746,-2.1241697332500831,,0.105252655324182,0.1111111111111111,0,1
0.12928840715237913,0.98942359820745673,-0.065768161645370818,-0.98290417086594251,0.13663945657322754,0.12340603632605981,0.13108737036929377,0.048688830521835501,0.99017447912581613,-2.4188740927858672,-6.5057462832580173,-1.7619142083035051,,0.07974659251696234,0.1454545454545454,1,2
-0.53285579502046398,0.82361006808757709,-0.19424509635480447,-0.84502665339154615,-0.53001949451490693,0.070776341329909093,-0.044661580480256813,0.20185586733840716,0.97839641866171312,-12.844405968607028,-4.90598584438413,-4.1837995479081451,,0.06811258590003415,0.2195121951219512,0,1
0.73378396658099865,-0.5709384999722471,-0.36822590842864161,0.66666302028497781,0.70949988771672112,0.22840824572347029,0.13084917948985827,-0.41308490480699295,0.90124322668602075,-4.4898661780440623,-8.7393279853458132,-1.9571405726447684,,0.2039333750443095,0.2,0,4
0.58220064093676716,0.81070515870467919,-0.061640565721274188,-0.7784003886054629,0.57768356919158226,0.245712288876521,0.23480896216218389,-0.09507281175865015,0.96738095482215414,-0.15223521378778002,-12.279488405636851,-0.71917842396976095,,0.1906419912073403,0.4166666666666667,1,4
0.64778986708584407,0.7571925489992084,-0.083831568284188945,-0.72575243459951966,0.64683158919994088,0.23429105592392868,0.23162834838114088,-0.09093040719781767,0.96854528509154614,2.5701448025764915,-4.670505905457973,-1.0009883088920695,,0.07963264558589161,0.1515151515151515,0,4
-0.48428926398701466,-0.7752938909144339,-0.40544209388971103,0.84831115166360782,-0.52949749622663589,-0.00076905974205757684,-0.21408432625972121,-0.34431349697692859,0.9141204062099475,-5.4914187226806828,2.7563823003620227,-3.4732134664382488,,0.2092081737601481,0.3065693430656934,0,5
0.97104929383662242,-0.018411734052878211,-0.23816858942472227,0.060079259424666687,0.98380058683686589,0.16889904655272897,0.23120067371523692,-0.17831829235556118,0.95642502847061472,-12.379110290417998,16.205900238177211,-6.5309119044165902,,0.08221613680682971,0.5714285714285714,0,1
0.88399486468538568,-0.39056656785621779,-0.25692573884856529,0.4343401252699679,0.88943002224293588,0.14234778225669492,0.17292118086092068,-0.23742786611083674,0.95589030416869447,-5.6520538219820775,-13.736368643422722,-1.7063667521918242,,0.07866579834284923,0.2857142857142857,0,5
-0.96768553566072879,-0.05885828287615507,-0.24519463005922362,0.047052645881796119,-0.997445980787245,0.053736057976868298,-0.24773121036424003,0.040462549947347104,0.96798348615212815,-17.050965721371004,4.9580561625379316,-6.274504084858056,,0.1202627368862017,0.4242424242424243,0,2
-0.81276414957041199,-0.48573168160185287,-0.32168178478322551,0.51681257275101256,-0.8559960264841866,-0.013250180744543483,-0.26892229699220677,-0.17701846268544943,0.94675512253640093,15.761663848525043,-9.3258816456295985,1.9102179800621204,,0.177314697189841,0.2,0,2
0.42741198488378579,0.90367986585208016,0.026109293963443803,-0.88483441854440026,0.41222582241494721,0.21711269675795955,0.18543744750426205,-0.11589897060753949,0.97579730563023015,8.3047834907845921,7.7226764168680075,-1.4008214783933133,,0.473268754836673,0.2244897959183673,0,2
-0.83127555216826976,-0.48094678984189299,-0.27869542821531507,0.49449238162065323,-0.86883884220740115,0.024420294650931276,-0.25388627549844867,-0.11751277212491416,0.96006901184292237,-5.340854831107035,-17.006084803809152,-1.2768986368860404,0.5156800397130359,0.5025330700609136,0.5072463768115942,1,4
0.45397505056953724,-0.80148259763088192,-0.38927149800009803,0.89055043027556235,0.42224264142824885,0.1692072188049514,0.02875038428260324,-0.42348175575170854,0.90544829667356119,10.381585216875868,-9.8206059026707564,1.1231500844375171,0.5068313457933753,0.3093463229447883,0.3333333333333333,1,5
0.57811741665936645,0.78816956309252506,-0.21111369536256752,-0.78552185367487448,0.60760648423497154,0.11734469615115317,0.22076156810978204,0.097995408719773885,0.97039230722195779,-2.9197744252841464,5.2279475316502211,-3.2295506248060382,,0.08063560537607263,0.4510869565217391,1,5
-0.9574801446229998,-0.14389382077263788,-0.25005267644272838,0.14640220295505801,-0.98918740630425595,0.0086411908302661215,-0.24859237241441237,-0.028334494040145645,0.96819367320018335,4.2483488447238615,-7.2609622563763923,-0.40955147590948948,,0.07883163372182111,0.1935483870967742,0,5
-0.10140651616580441,-0.88810571577347708,-0.44831345740407386,0.98251377741925228,-0.16013660145567132,0.094989189151079734,-0.15615183527729215,-0.43084162575673607,0.88881499641647932,-8.2813652547514529,2.6866270713305549,-4.0432573211105209,0.4204360571596698,0.2531138024156439,0.3796296296296297,1,7
-0.3318257491464085,-0.87955856716686009,-0.34098152314576324,0.93874640713528845,-0.34351377252965021,-0.027449429375396156,-0.092988468607735977,-0.32920360721873582,0.93966915970471243,-3.2236835483178843,-6.725403311058181,-1.8888373704364447,,0.1946766605286446,0.3418803418803419,0,4
-0.96065664566215236,0.21131956984802039,-0.18022998791652337,-0.17306969290290544,-0.9629931932269693,-0.2066179837212134,-0.21722267502182299,-0.16729659051449097,0.96167882385887593,-13.982905606160271,9.8592065742965467,-6.1434725632181033,0.8661426851295151,0.3514521373455091,0.2727272727272727,1,1
-0.55158479883414868,0.83010640428453342,-0.081716383062975295,-0.83212798106452657,-0.55438589249019476,-0.014808961385771164,-0.057595423642569275,0.059830090871175856,0.99654559725171632,-1.5148685412572762,-9.8009866124965015,-1.2692914918321352,,0.3376451160107782,0.1304347826086956,0,4
0.77063920352818216,-0.5673835671029428,-0.29015703639062579,0.62445613204488715,0.76317918394771733,0.16616880676118587,0.12716035992788466,-0.30924653752376624,0.94244194616569055,-15.170306659861106,15.33635761225381,-7.0529615584720862,,0.150432719786953,0.2142857142857143,0,3
-0.91045014166234128,0.35887282964695599,-0.20564734787546152,-0.37257288324168858,-0.92748763218785291,0.030921494329134026,-0.17963848757991474,0.10477110422133853,0.97813753097416911,15.762780433714097,-7.8737892407073158,1.7200533494909678,0.7432923956272308,0.2868900096787804,0.8666666666666667,1,5
0.79343585146098605,-0.55055500983090966,-0.25951634007605118,0.5937790306891978,0.79384616967721366,0.13128107861612975,0.13373859700990662,-0.25825847525087131,0.95677403164536112,-3.992885684387788,-11.189270746475717,-1.6023169041997007,,0.07390890598980279,0.171875,0,5
0.44591735464823518,0.8788873954913049,-0.16945400222488335,-0.87421343662555917,0.46828335510724439,0.12830263657786506,0.19211605879480606,0.090926593337775016,0.97715084535456331,-6.7146465562269544,-7.8774648265526475,-2.4966228010084737,,0.07171949377149228,0.3,0,4
-0.97122031890192295,-0.0075875264321680182,-0.23806201207813119,0.0073565124352110434,-0.99997121284819046,0.0018588167498811657,-0.23806926277207172,5.4014444395705546e-05,0.9712481779677129,-19.21781828849004,10.908366681043296,-7.4486431746997539,,0.3026984644415569,0.3333333333333333,0,1
-0.71453906424043623,-0.59947262663985679,-0.36064732854121334,0.65290375052661143,-0.75658631972492763,-0.035969895098193455,-0.25129786752514927,-0.26116988860625096,0.93200840718456601,4.3056687454155176,12.562823551442905,-2.6999329614973946,,0.4771252996793265,0.5238095238095238,0,4
0.22132427532849563,0.95418404065755869,-0.20136628740862506,-0.96408993807597398,0.24516762524428945,0.10209518515945354,0.14678609079536056,0.17153906868842531,0.97418077966182759,-3.754139621521011,4.4360725167602295,-3.2782321551330931,0.694016165658059,0.6226678903804568,0.8758486905916586,1,4
-0.90986518768162494,0.35984445016107369,-0.2065364663524478,-0.37844024492361483,-0.92383271065732575,0.057585620962980727,-0.17008327744735965,0.13055686273732373,0.97674284452201232,1.5963687369599786,-10.980063099615782,-0.47937594987221771,,0.1904478282378632,0.7065217391304348,1,5
-0.53618543296357046,-0.68077764536799856,-0.49904606906063503,0.81660410028252817,-0.56802380682729792,-0.10250218670441856,-0.21368885062031548,-0.46248324558261361,0.86049190738550274,6.6551566591119302,11.130119398548745,-2.1073044555513416,,0.4117098835467721,0.35,0,1
0.55979581317832061,-0.70787334910088462,-0.43074815052501547,0.82692896612959377,0.51053113082062196,0.2356829426132907,0.053076666472805886,-0.48813244728835187,0.87115416625326436,4.1296093354489827,1.9436117766336791,-1.4052881080006865,,0.2755202777358577,0.2560975609756098,0,1
-0.87061224914494251,0.45091421539458326,-0.19675030366907439,-0.46680246196578901,-0.88341208675114247,0.040970068155560674,-0.15533761019619072,0.12751256932977476,0.9795972496498021,-2.8191947507815267,-16.970629497490041,-0.69808435322660123,,0.1339869079063677,0.2941176470588235,0,5
0.078962773573601083,-0.95470493159986214,-0.28688564615272649,0.99447061873488451,0.055453404126677534,0.089180202084430227,-0.069231993056827645,-0.29234126214009992,0.95380475863130032,5.0789514518834302,0.56519237400950018,-1.0321717720841574,,0.07142845946278557,0.131578947368421,0,3
0.96871442631341398,0.11837246428818199,-0.21812913595074024,-0.071819558612282439,0.97502416450973584,0.2101661952427859,0.23755906897656084,-0.1879250869906276,0.95302143230178993,13.221063709815228,-5.8258766208960422,1.1134072001168112,0.8227349062655893,0.6578234964570073,0.4090909090909091,1,5
-0.36731548765148514,0.91779666205549693,-0.15076013946378206,-0.93009188105844098,-0.36195042962551999,0.062617723394194802,0.0029026402673872067,0.16322124130666651,0.98658522240391799,3.5823891426382146,-3.5602871986171496,-0.8990654471525662,,0.197065416342735,0.480225988700565,1,5
0.40389529806522162,-0.76583684399700136,-0.50036238525444554,0.91478638920717981,0.3416266975106203,0.21553900266373374,0.0058694396747578795,-0.5447798894275554,0.83855853805992853,-13.568643907738936,-9.3665898486128789,-3.8943407038449931,,0.4026009148268315,0.1612903225806452,0,2
-0.1099156762979053,0.98490195766636301,-0.13374108526904166,-0.99120551851912109,-0.098640495279983961,0.088213790011319362,0.073689647585096996,0.14226098015930594,0.98708239238824391,-5.4304212072180462,-7.5997355392357253,-2.2799069542138333,,0.06923211195859062,0.1785714285714286,0,4
-0.272899362015951,-0.90979503326208244,-0.31272821373028237,0.94825027570737752,-0.30922479000379727,0.072121036237633759,-0.16231867678172304,-0.27686283011403645,0.94710063903952502,-4.3790126350090999,-7.2397053435995575,-2.1148248735084194,,0.07841095144774782,0.2906976744186047,0,5
0.20463254441580728,0.96723144434886232,-0.15029589092428861,-0.96784878813447628,0.22287985193996324,0.11659028649868387,0.14626771712356001,0.12160552891227061,0.98174225246009894,-7.5369691747448933,-4.3296597928624925,-3.059308766734699,0.4841922283383525,0.181950583684151,0.1287878787878788,1,6
0.019121798913662922,0.99063431768777244,-0.13519617385705962,-0.99726367687669448,0.028555797534446408,0.068188893593817579,0.071410892647289559,0.13352233912890596,0.98846966031581562,28.100020894029164,-7.3418286360634912,3.5256491138587576,,0.2929369465981997,0.1818181818181818,0,5
0.96448802772849362,-0.10466133058582475,-0.2425053612776546,0.14469509984964452,0.97747932525726622,0.15361476743497476,0.22096645095557493,-0.18324894153747431,0.95791108824227178,-2.7825925875374251,-4.4592452938372444,-2.0548079021131782,,0.06810560449168131,0.2193548387096774,0,5
0.49199094767014889,0.8672019172328892,-0.076848826654874247,-0.85039969384169456,0.49760411870168719,0.17091080060976288,0.18645446662545176,-0.01873434809966253,0.9822849668383915,-9.6974852014563186,-12.481349526557295,-2.6749787169997608,,0.5050303138103266,0.1515151515151515,0,3
0.53349002474350948,0.81832532498679145,-0.21385054590632238,-0.81848956245440407,0.56322429232243842,0.11337209838001137,0.21322108163211284,0.11455155617952541,0.97026527884103997,-12.941121611695912,-3.8785407951635649,-4.3139371108950515,,0.06755194618645151,0.3728813559322034,0,1
0.74802542658253113,-0.61325370700172277,-0.25372790945157919,0.65354402281374857,0.74718396412896693,0.12081528873841328,0.11549100151287109,-0.25619526653935076,0.95970089818254611,0.91632227226924878,-5.2018074164922803,-1.2318054420647697,,0.06669420074918897,0.2105263157894737,0,5
-0.33268835078095671,0.92851225461410836,-0.16487405583072751,-0.94266886531060112,-0.322552962018403,0.085644597419686053,0.026341443177481591,0.18391459899796284,0.98258920645748371,4.1710415912903525,10.822564864211678,-2.4931637547206953,0.4442469313095639,0.4040285747365098,0.3272727272727273,1,6
-0.63122472689763576,-0.70312076556430636,-0.32737827231700761,0.74057287356445245,-0.67180965717115448,0.014953376610825648,-0.2304499145009489,-0.23300852680500628,0.94477503319185252,-14.451512926667569,-13.203186929226852,-3.6571286741335949,,0.1079297399256111,0.3478260869565217,0,3
0.34615858434453689,0.92178546077441403,-0.17460182928448698,-0.92550766966070475,0.36599917855643432,0.097366085960300455,0.15365476850328966,0.12789122566039562,0.9798132712488048,2.8263920734278627,11.77739651000245,-2.8545699651552572,0.8307672273143416,0.8476783714154856,0.782051282051282,1,2
0.61201329372960489,-0.74418648219290273,-0.26763073070855148,0.78767028600296773,0.60389385546261021,0.12201529364185115,0.070818421658799494,-0.28547975594752223,0.95576464681316808,-7.4913220274315018,-13.594795084757518,-2.101860722821344,,0.08540310307746235,0.3846153846153846,0,5
-0.34312370802958048,0.91595274162696561,-0.20807858153610762,-0.93926079890230896,-0.33283461319719676,0.083727366513407148,0.0074345567069692923,0.22416889918969554,0.97452195049811619,18.642947636402276,-9.5356150191840854,2.4411755187469537,,0.1051184826284645,0.7619047619047619,0,3
-0.71680015756305326,0.66618643376981534,-0.20589601642245861,-0.6892792420113445,-0.72158061573137056,0.064927201795568101,-0.10531695328791144,0.18845967861001905,0.97641757915779048,-7.7683420606222073,-5.369748194593531,-2.9864980402125409,,0.08140944665567422,0.3870967741935484,1,3
0.61741645262594302,0.78038429956670885,-0.098981154855732306,-0.75665752948724918,0.62357255496426023,0.19653664229755652,0.21509604156527354,-0.046450120399437911,0.97548761100171233,18.757688903799718,-6.5258506072278486,2.0359658488680985,,0.2475469515593479,0.5277777777777778,0,5
-0.68849423901855644,0.69967582642833359,-0.19086492802525779,-0.7141505962675071,-0.69991564118084082,0.010345099379716702,-0.12635113251974686,0.14342884348080207,0.98156179538974353,-2.7518164708241049,6.7158016528009963,-3.3489284057375119,0.3963708168786208,0.2083061917940901,0.5752212389380531,1,5
0.89274735194634525,0.38975689582241024,-0.2260347932325194,-0.37004032468678938,0.92047476375028392,0.12568360038030149,0.25704537284005807,-0.028561713144324034,0.96597717615054324,-2.1703503776754949,-11.270124328133255,-1.2201982447338711,0.892630991003604,0.7128127213708151,0.7876712328767124,1,5
0.57526436673817893,-0.75314676004964587,-0.31912515756054999,0.8174267463413698,0.54351133481280045,0.19081127664729952,0.029739245570229455,-0.37062836744740923,0.92830500942103311,-16.433214819527578,9.400818069009981,-6.5922170247636114,,0.2238320790630827,0.6493506493506493,1,4
-0.25201419920159546,0.95559039970825366,-0.15276069974375092,-0.96635391932837478,-0.24010680793090597,0.092243283679202911,0.051467912328647697,0.17086751818485857,0.98394885295419676,-6.548554909346187,-17.185747773781134,-1.4594883144875712,,0.1409125897501055,0.5714285714285714,1,4
-0.94454267631101896,-0.19438782888425249,-0.26467433689136699,0.20963318919391502,-0.97730924095498295,-0.030340954704553304,-0.25277076297627177,-0.084142851898792101,0.96386042654459669,-6.8087798779414346,2.2845653775170498,-3.6919722552477494,,0.07703659434859859,0.3865030674846626,0,5
0.79487454047950357,-0.48892756180713531,-0.35933870401451035,0.59132997557731914,0.75695607553110689,0.27811213511868244,0.13602692704470387,-0.43355200267312216,0.89080263588344832,-6.0875939727630426,-13.021209570254548,-1.8387909942271403,,0.4344592127814459,0.1363636363636364,0,2
-0.96305111332410631,0.094772087749880204,-0.25209284898372275,-0.072577965520021284,-0.99273696386422416,-0.095946649230801664,-0.25935495377219164,-0.07410514126005642,0.96293480360440453,-14.745808806424051,4.3755954820602723,-5.6263665930962441,0.6791615161542073,0.2187362220719942,0.3272727272727273,1,2
0.97185665322959158,-0.0095464008457188561,-0.23537950591390014,0.037999566418558603,0.99244646186529206,0.1166449882466733,0.23248801802540375,-0.12230652706195964,0.96487845603094657,-5.9822854109698227,-8.7746397223406891,-2.2644954224205027,,0.07317210111469952,0.2297297297297297,0,5
0.28097653411919338,0.94995236432025709,-0.13653824664437464,-0.94689291858824831,0.29758067074047534,0.12181767166170207,0.1563521282291841,0.095059191686039143,0.98311635225653837,-11.713401689395569,14.148333248581007,-6.1313267989532436,,0.1134032513890756,0.2631578947368421,0,2
0.66707561608611965,0.74211380657358827,-0.065400462660308134,-0.70023867545370821,0.65455142345608264,0.28500566915493419,0.25431460796061212,-0.14432439899225075,0.95629208301301183,-12.835187271553403,-11.182625872888439,-3.5290545355078051,,0.5856988106575458,0.4155844155844156,0,3
-0.92322465586917535,-0.28175652705487375,-0.26128431689870146,0.28052039172956522,-0.95889202790872696,0.042829763447656544,-0.26261101389533564,-0.033754085309294711,0.96431121382352425,-13.191854650846549,-14.142528957325924,-3.2889474141120689,,0.09946992800085372,0.3157894736842105,0,2
0.36885909039913767,0.91522969109158703,-0.16216529830490839,-0.91155997901441277,0.39029619941955013,0.12933399157954903,0.18166280876713589,0.1001173774279661,0.97825105910894983,8.1962624910395991,-8.5690593417113572,0.54181571014126906,,0.07326635030422836,0.3333333333333333,0,5
0.25780644747873072,0.96468022954064025,-0.054109984030811312,-0.9570397076950522,0.26265433506674962,0.12283199162112858,0.13270581574808951,0.020118523903651292,0.99095126593721694,1.2674373088649942,10.962362190179194,-3.0873628130921498,0.5490445965572607,0.3015832365830142,0.6428571428571429,1,4
-0.4963924409341034,0.85844709425732924,-0.12908575035468173,-0.86675994497474207,-0.49837069622575669,0.018810819515294314,-0.048184461923583534,0.12122390648961501,0.99145500257174157,-10.696804734687493,-4.7029120605100321,-3.7271643856378898,0.5301754847847127,0.24825192314293,0.2542372881355932,1,3
-0.64813827521926726,-0.71434872653009729,-0.26386108674948894,0.72658683754995079,-0.68383982483995998,0.066593253877657715,-0.2280095254478523,-0.14855635586430055,0.96225914671535562,2.1335093846300461,-15.260284479183193,0.082870647128640049,,0.08887722586785349,0.45,0,5
-0.10524402369258475,0.9836749786346255,-0.14596996912092614,-0.99090930069739636,-0.09136447560032053,0.098748622216594015,0.083800079166978375,0.15503570236061082,0.98434825022710348,-14.999973171123697,14.051696917066877,-6.9129382269195387,,0.1765418510715589,0.2941176470588235,0,3
-0.52492046048678431,-0.7873733059525293,-0.32326736184732174,0.83653854699637298,-0.54732533129217809,-0.025263434348974045,-0.15704066209596751,-0.28368690276305036,0.94597038624323104,-7.0917892898107544,12.189077989499079,-5.0113706873785349,,0.24055485782304,0.2222222222222222,0,4
-0.94259444385214008,-0.17159224807348455,-0.28648178793801632,0.21858775839564787,-0.96559893533939933,-0.14084774741182204,-0.25245812781259536,-0.1953837159860215,0.94767615630491253,13.649588512265854,-5.874663861692131,1.1527596673608438,,0.07863946588492154,0.5,0,1
0.89225769059248905,0.39881333974973232,-0.21171710751902995,-0.364404430435881,0.91290201132349991,0.1839003230019228,0.26661887528316719,-0.086935825521904042,0.95987318828247614,-3.3399915935785409,-9.0962635977865425,-1.7153571772568157,,0.2360513451095997,0.705607476635514,1,5
0.89199320775312407,-0.36887302759984664,-0.26130596401845529,0.41622691509554893,0.89570830252309719,0.15640265963606298,0.17636119888550927,-0.24827268536936206,0.9525006043185229,14.350237214971139,-6.9616158348822879,1.3968612650150063,,0.1053896687284419,0.4782608695652174,1,5
0.50186559234393557,0.83701186506854164,-0.21804142944805863,-0.83795746249802339,0.53298437250785569,0.1172814977150341,0.21437867959558204,0.12384989461799752,0.96886685635228864,11.709281761816403,-5.7633746824464076,0.87491757902379952,,0.07103851282178004,0.1363636363636364,0,3
-0.47492566750533871,0.87989139959252038,-0.015386203811374002,-0.87933519939293658,-0.47517294674582766,-0.031309388200222096,-0.034859969208161486,-0.0013400014937992805,0.99939130821855948,-5.6961031738951284,-15.284302447348027,-1.5286467478866814,,0.4282142292831452,0.3333333333333333,0,4
0.4384232416047687,-0.8233813802554325,-0.36031675491076792,0.89861547467564606,0.39417967796668857,0.19264633438387047,-0.016591862289412136,-0.40824684215158069,0.91272078204620299,3.2138738024957241,-11.986162362738327,-0.0075815193159829491,,0.4401981766072047,0.5555555555555556,0,2
-0.7766350480353944,-0.57003378644891511,-0.26814079225245169,0.57791716544967553,-0.81411351273491328,0.056841342885540685,-0.25069852820005212,-0.11081818753765907,0.96170139714424618,-7.6372670491608838,18.805300453189602,-5.8846839904441817,,0.2444502451238991,0.4285714285714285,0,4
-0.040149643641144046,0.99535314788507778,-0.087522094986099974,-0.99431688241395799,-0.03115651221644224,0.10179984819779543,0.098599916136255669,0.091111924256781426,0.99094736176860065,6.7207452507896051,-7.3777821102957288,0.17425933196967994,0.3615238456189485,0.1613883664962697,0.375,1,5
0.93522474901341712,-0.16707902416063972,-0.31215263657114917,0.29292213836679554,0.86036160891859392,0.41710253266269237,0.19887506049632109,-0.48152102922358125,0.85357261479504376,-8.5183741834466495,8.9341704627246017,-4.8429043593092453,,0.3611551998932999,0.21875,0,1
-0.85323119845778417,0.49525584951937934,-0.1634569224448201,-0.49730295165747074,-0.86701965238770795,-0.031091745629125492,-0.15711873297306547,0.054759162615371858,0.98606041288483059,-0.33429239509160963,10.544028867783062,-3.3862467003409429,0.4808204265491131,0.2674593631885493,0.3333333333333333,1,5
-0.78605424982027627,0.61060709261896118,-0.09632079102095753,-0.60715202935924728,-0.79190112374086319,-0.065261194157836974,-0.11612549067466343,0.0071825247217484822,0.99320857917870953,-14.296857719341249,11.162248273452876,-6.3973620704296916,,0.33107406724306,0.3636363636363636,0,3
-0.79456134583179061,-0.51968220078304184,-0.31401063341751301,0.55012953193627545,-0.8350184121330545,-0.010087095239292774,-0.25696257665572264,-0.1807613387538558,0.94936587921115301,12.715810703542395,-0.91654173181938503,0.44213893312045977,,0.4324010472348417,0.425531914893617,0,2
-0.95069185408958246,0.2125979931964932,-0.22580321489415631,-0.22824444784145054,-0.97254959743207559,0.045296275390584645,-0.20997492849686616,0.094601130138768322,0.97311929154611065,1.4998337130138388,12.81035729457513,-3.2343479188498243,,0.0991521778231788,0.3243243243243243,0,5
-0.36353106671065805,0.91182221893076465,-0.19085440681416918,-0.93157773944761102,-0.35644360677053982,0.071490352902252294,-0.0028423409174192556,0.2037846811136356,0.97901160608111459,-10.798516843635383,12.228953528829562,-5.7185232185347239,,0.7595566411719078,0.6481481481481481,0,2
-0.71814506853763904,-0.64959379774111992,-0.24959078202397336,0.65278100660104532,-0.75311313834945171,0.081838611097485567,-0.24113195133784276,-0.1041561269523225,0.96488697952780755,-8.9684603777795591,-5.4388462770290991,-3.2983610126014131,,0.06986171194647212,0.1363636363636364,0,5
-0.45084756883908272,0.88347044931176355,-0.1273437664935296,-0.89203891886232756,-0.45101681525688353,0.029161611589000179,-0.03167075791353885,0.12674303747507529,0.99142985911499215,-4.1061260664495034,-14.056889275563449,-1.3133037256088669,0.4915018870691301,0.1236666740505357,0.2592592592592592,1,6
-0.0043678301372560516,-0.89538121950631888,-0.44527900670845494,0.99611506731133748,-0.04306003577353127,0.076815402065671542,-0.087952798336497731,-0.44321361111157048,0.89209080265980778,11.696717391789544,-0.28641894710656679,0.20620842718567894,,0.5174740647605097,0.1666666666666667,0,2
0.97048947415917119,0.023717027721106614,-0.23997433850795596,0.043440706964736564,0.96167631299140044,0.27072416591370135,0.23719840961663025,-0.27315960833794889,0.93226645485504778,7.3495647130391752,5.9640910886573399,-1.326735461602093,0.7169150464454981,0.5852382651349461,0.3131868131868132,1,4
0.96830101550590542,-0.074407512596148653,-0.23844635757228286,0.1182604838788088,0.97739669418885844,0.17524314577592875,0.22001727505581242,-0.1978868976409186,0.95521367997902451,-12.935691186313703,12.257388255587669,-6.2136498983851469,,0.1415623772911729,0.2083333333333333,0,5
-0.22014184693315997,-0.9296316619803241,-0.2955038752242648,0.962242858912425,-0.25666737856850869,0.090612014936282778,-0.16008200305125023,-0.26439899739308875,0.95103465892502004,-8.9209404969295321,13.93269011011148,-5.5421375975887965,,0.1543057884688438,0.5600000000000001,0,5
0.54861387621186442,0.81890132396920445,-0.16859251593495003,-0.80829181815012774,0.57103942716610401,0.14345141802494665,0.21374552986987491,0.057572512740810704,0.9751913936440143,4.7726030120323459,-5.4011464773084175,-0.4381228634718552,,0.1155448448496726,0.3278688524590164,0,7
-0.53064059008246067,-0.79270045802427147,-0.30007756997990787,0.81919593529993873,-0.57052231496059647,0.058500493331758004,-0.21757431775141806,-0.21477958930054453,0.95211929098978609,-8.8187936491818846,4.8825343858259096,-4.4247660831840001,,0.2541385239406533,0.233160621761658,0,5
0.71266188140362752,0.69202812249596712,-0.11493528817969439,-0.66613461001133689,0.71895185627666258,0.19842608120251207,0.21994936721729108,-0.064848330981209817,0.97335346602848516,2.0749021005375075,-12.659595187979527,-0.20115739783605457,,0.4253181124708594,0.7586206896551724,0,4
0.97261984315133576,0.12260364615764689,-0.19743096681402808,-0.04251706293822035,0.92905720350954268,0.36748470983992765,0.22847962724798629,-0.34902873600303874,0.90883221849620988,-2.4877157408401835,13.76448014717543,-4.2115790216400368,,0.5092171022779415,0.3,0,5
-0.75635028856191833,0.64063186635578984,-0.13238222237823277,-0.64462560287060189,-0.76433469876645677,-0.015820884466505335,-0.11131968880667734,0.073370839378372341,0.99107247303761659,5.8937376627099152,6.9155845669129414,-1.6647305242680692,,0.1663868302835556,0.3125,0,3
-0.88968484219006139,0.4277941472678527,-0.15954011765264009,-0.424880841947405,-0.90365479354623834,-0.053705532740787272,-0.16714410466214977,0.020004541091421243,0.98572950986181396,11.323160605272967,8.2036153876936826,-0.97522684857870157,0.2129913462618742,0.2108505271371868,0.4347826086956522,1,5
0.47408915287145648,0.86044639554471947,-0.18673905730651599,-0.85685288944762861,0.49967264771488351,0.12700539740833552,0.20258973561085505,0.099796019558394053,0.97416536250547625,-14.130236339953399,-3.3976791201577696,-4.6227633484206585,,0.067152390757901,0.2916666666666667,0,1
-0.88662456955524283,-0.33838046813741329,-0.3152705686296865,0.38606145164777689,-0.91685606163235556,-0.10164407409986009,-0.25466336252510302,-0.21183394683362652,0.94354276572728613,5.6888610925179259,14.282745911958433,-2.6722364527484865,,0.3018712224420307,0.1625,0,4
0.49148330081124009,0.86824594175363712,-0.067772779580218892,-0.85186658566335038,0.49546657983521442,0.16981221539295074,0.18101791417966087,-0.025726501797480834,0.98314325601679731,9.7543221809511245,7.6667315107273417,-1.1819164936313238,,0.4587789584961726,0.4117647058823529,0,4
0.93010028741052231,0.33653506749988521,-0.14716522585758005,-0.26520599711122839,0.89250380490310244,0.36483247844692429,0.2541244467876006,-0.30030169259651862,0.91936916359456122,-16.456859604311262,12.570055059099667,-7.0060184724647483,,0.239567113917319,0.2222222222222222,0,1
-0.67494145096773495,-0.67826478407612456,-0.2905355751844107,0.69878322258138903,-0.71400751668249018,0.043534744281688437,-0.23697266847536874,-0.17363798202890793,0.95587332089173371,-15.511165288737182,-12.557058999919157,-3.9564142074513731,,0.1667020685366401,0.4736842105263158,1,4
0.97124904939888357,0.051797084375552985,-0.23236253160085166,-0.005766379789690859,0.98087583470437878,0.19454908315669156,0.23799586741346163,-0.18761572147125652,0.95297340369547234,-4.6274227860659165,4.5196667167518063,-3.489111969756352,,0.06760457832589103,0.2325581395348837,0,5
-0.66753564702929857,0.73798388787138602,-0.098873359341174472,-0.7393269947638903,-0.67270074114505574,-0.029484024085714707,-0.088270916833178809,0.053418106528835795,0.99466313450147725,-2.8960681072556791,-13.012114050992494,-1.1919199726079004,,0.1630916685575213,0.631578947368421,0,2
0.0026722370095686242,-0.90787058519529085,-0.4192420061092702,0.99371065081787469,-0.044522173709102948,0.10274686612901227,-0.11194642290167824,-0.41687981071932134,0.90204169627248498,9.4723588404299957,3.3293331267642254,-0.60500174726538247,,0.3283745288291208,0.1724137931034483,0,3
0.22629463132917579,0.97321175710503016,-0.040615460900142585,-0.96511190565620608,0.22965960406622229,0.12575959534282657,0.13171844742570379,0.010739743604230439,0.99122898894003109,-10.864604244971325,-8.8120340391916283,-3.337084079451023,0.5206943934023485,0.3188651267889372,0.3076923076923077,1,5
-0.95647376867060008,0.1934920998320098,-0.21844618821956957,-0.19880552175062677,-0.98003603587855737,0.0023943476992159597,-0.21362184899143893,0.045718439190804011,0.97584605853148587,-2.347899871598941,12.339988388602372,-4.0045759823935434,,0.1113984046498037,0.3714285714285714,0,5
-0.97564621099031679,0.088302495447505042,-0.20079128536364049,-0.080022014581015877,-0.99558777611787996,-0.049004665360055516,-0.20423258349890022,-0.031743492914276479,0.97840758505592507,-8.6622321029595142,10.663810759709214,-5.0615545057985871,,0.3306433422253698,0.1071428571428571,1,3
0.84139391692958176,0.50018223238507442,-0.20463140267363733,-0.47853426086337408,0.86551234365903318,0.14796399614025207,0.25111996681634297,-0.026572869249135662,0.96759115585355981,-7.7123859671002757,-9.4988132254833051,-2.5995664683476902,,0.07984055884721611,0.2448979591836735,0,5
-0.49314940216316083,0.85922442991807169,-0.13615082143741253,-0.86932811285374201,-0.49261829007899216,0.039948122381433186,-0.032745982169864109,0.13806012933361725,0.98988236742560287,3.2401245519932402,-10.859282676998292,-0.11928945384326638,0.1635502775426872,0.2153668222500389,0.4375,1,5
0.73248744658004938,0.66258141958403294,-0.15635857195769023,-0.6378255549218248,0.74821596759047015,0.18262373156663841,0.23799307151954391,-0.034040097894469393,0.97067016521784033,20.682555005964719,-6.4908486638362186,2.2397125980821078,,0.268372350403043,0.3461538461538461,0,4
-0.70013948478693677,0.70154686117910359,-0.13280325075852462,-0.71082741721876752,-0.70239080468041937,0.037034314230053496,-0.067298475260440985,0.12032937741940555,0.99045027949790554,0.23438653140885246,-13.918190916485242,-0.42812140192502735,0.6439370588428274,0.4115406522958368,0.6323529411764706,1,6
0.80556808304677952,0.56782503980342358,-0.16921816613052534,-0.53947028010547804,0.82101692795963022,0.18682350196548836,0.24501404135121468,-0.059210878865054752,0.96770976607905201,-1.439911464642966,-12.783823143032421,-0.8980060633783663,,0.2278369451139775,0.4117647058823529,0,3
0.38985663548543859,0.90293463973923582,-0.18088902710487953,-0.9014982857601439,0.41430204302635515,0.12511857542231652,0.18791658931423713,0.1142928409969937,0.97551243044737268,0.12608577454653677,13.901461027568498,-3.6643651933220087,,0.07442268619578649,0.3333333333333333,0,2
-0.36455185215220132,0.91771714705230312,-0.15778841877204364,-0.93118297253567406,-0.35919487159325103,0.062268096813175522,0.00046770934003767902,0.16962983884709104,0.98550773666201297,-13.887641493911895,-7.3586321818823537,-4.1385932762860218,,0.4825391229449548,0.7643312101910829,1,2
-0.45499925870776764,0.87961900519964986,-0.1387302427986119,-0.89018926578770474,-0.45335178562898643,0.045113518410322823,-0.023210895108349262,0.14402279041384231,0.98930212280661844,2.5630254548159845,-9.1230200733195463,-0.49264935566293139,,0.1339707922805174,0.3333333333333333,0,3
0.24019064408754073,0.96894172030766867,-0.058825140374067407,-0.95979395694614844,0.24611814833786977,0.13498672997148412,0.14527220898185725,0.024037464632417134,0.98909968435521101,-11.992907227275223,7.178167083413177,-5.4024358978672424,,0.2735228086454768,0.3956043956043956,0,3
-0.95538873631223087,-0.12996596575162708,-0.26521917403152817,0.13970915382937374,-0.99002670712355989,-0.018123783224316996,-0.26021859054264268,-0.054368804735147262,0.96401779973591384,-8.5189660959230693,-7.3666685178399289,-3.013239062446293,,0.4424117067312244,0.8114478114478114,0,3
-0.96828064873201614,0.094907837124098685,-0.23113867643372066,-0.10357602323849607,-0.99429119934015675,0.025632368692965188,-0.22738643913216372,0.048759751508176817,0.97258310386910196,-12.700552171370044,13.889178290253311,-6.3106918544307407,,0.1173235573236274,0.2142857142857143,0,4
-0.023808846937972739,-0.85179915765749104,-0.52332717665096828,0.99356158969800668,-0.078159527649495311,0.082014972501236474,-0.11076328942503913,-0.51800509963860142,0.84817581341615045,12.092245408995851,0.89391165671948902,0.10986502346144922,,0.4352068469370257,0.1458333333333333,0,2
0.50319553593282274,-0.82455805918916247,-0.25864697880215376,0.86359321760624852,0.49076450672580896,0.11557228665498062,0.03163869658767543,-0.28152123537022178,0.95903325641703285,3.8346268757573623,9.3919140801616443,-2.3569920848615564,0.1728703443226044,0.117977967659733,0.5272727272727272,1,5
0.93995849442119117,0.28426508531500166,-0.1888687111098678,-0.22905928024270431,0.93569707130817181,0.26833344346168386,0.25300172904575624,-0.20896016849190455,0.94462996622153217,0.062546605479344985,-4.9302166904722178,-1.438666971692492,,0.08150953725906665,0.2612612612612613,0,5
0.22389619360254098,0.95607926672208965,-0.18916376564883233,-0.96248654900762287,0.24742789363231654,0.11135115819816772,0.15326492576480724,0.15713647952282717,0.97561159758045191,-1.1448733972283784,11.772086257558112,-3.7029132266456442,0.4266213319160733,0.3657547758255208,0.8491228070175438,1,5
0.32587338798784682,-0.79453529535507161,-0.51236725055018129,0.94529040278194854,0.26508931428998933,0.19014128919728523,-0.015250882258564469,-0.54629783075195648,0.83745214233772369,6.4871519765321111,7.9517020163048624,-1.7585326432547674,,0.5657877799637877,0.3673469387755102,0,2
0.86005130069372637,-0.43823229749602394,-0.26127421152189223,0.48048305515073031,0.86792368520481378,0.12587497914008242,0.17160359520724031,-0.23379677091836046,0.95702208752990525,-5.7541532091830589,19.860726593419699,-5.6680533135358742,0.8082595419438202,0.5889712796395161,0.3636363636363636,1,5
0.06932140972206699,-0.90041672076176671,-0.42946975577655339,0.98903864162458033,0.0057704569652387121,0.14754411950266719,-0.13037295550669362,-0.43499015023220849,0.89094694660984752,-17.196092276422984,3.7259462591316312,-6.1507141554883269,,0.5720747381586652,0.2222222222222222,0,2
-0.39163352064124779,0.90484430307047115,-0.16697297000130082,-0.91977216321717536,-0.37998646949844478,0.098129764948794093,0.025344689403096678,0.19200799514348732,0.98106604085557847,8.2527357406116746,4.3108382171375572,-0.92246816934606601,0.1931276992133578,0.1349131239171011,0.275,1,4
-0.55727343525607564,0.80700591397674037,-0.19541692138722014,-0.82858548290834744,-0.55572661382207822,0.067926638393107433,-0.0537811851062579,0.19977333529881655,0.97836506409016555,-11.992989834362815,5.5301864789573711,-5.2187807647563913,,0.06744993336626263,0.2857142857142857,0,3
-0.38450504127271073,0.90741420983079213,-0.16957395151683022,-0.9228740668237273,-0.38212492006507337,0.047791236116026592,-0.021431985911426324,0.17487137347897322,0.98435800028113341,-1.4636065675935825,-14.252749277450107,-0.73686357624929533,,0.07804640745473754,0.2,0,3
-0.96949991438826666,-0.020022632614989488,-0.24427240978937609,0.033210880483747519,-0.99819734696057549,-0.049990938562535912,-0.24283112119050557,-0.056578712463559569,0.96841721167961903,-3.8209889711790161,-12.64388307880729,-1.3838333230579407,,0.172844385795046,0.3396226415094339,1,5
-0.22955603913469103,-0.92496875488527475,-0.30288087985671158,0.96163572988663781,-0.26356862268964487,0.076080905218563005,-0.1502023565134202,-0.27379624471396086,0.94998677279125698,-11.49911265650994,-7.5780293147070052,-3.5958231160721312,,0.1829061535033813,0.2878787878787879,0,5
0.52892956120383028,0.82938153008188942,-0.17988828990167363,-0.82096988734627885,0.55375063390630574,0.13917140338088138,0.21503944604505215,0.074070999773120871,0.97379234112681778,-2.3601827312282451,-16.068923844992398,-0.74559778406342769,,0.1218030277737749,0.4642857142857143,0,3
-0.89791567011471363,0.35913933327523034,-0.2544924137515101,-0.36156882478790314,-0.93153475768145433,-0.038871328416337059,-0.25102875194674706,0.057113348054365916,0.9662932428461255,-1.18176214452411,-3.959418306979464,-1.7424635219198645,,0.2928531740483735,0.7672552166934189,1,5
-0.92122772161056099,0.31843357422789953,-0.22347157255602221,-0.33895627331565276,-0.93892617677017232,0.059382483576501291,-0.19091393274504917,0.13045188147433454,0.97289988020537177,-14.609383120991421,8.8694296096292646,-6.1648404537757093,,0.1963594127049226,0.5443037974683544,1,2
