axis_00,axis_01,axis_02,axis_10,axis_11,axis_12,axis_20,axis_21,axis_22,location_x,location_y,location_z,dbh,dbh_approximation,score,reconstructed,number_clusters
0.31492982731202396,0.93665858077116415,-0.15326417369029532,-0.93776158616540706,0.33198102557557724,0.10194020880069236,0.14636396886447015,0.11162124226838803,0.9829131634547903,9.5414716544367515,4.1698474594045862,-0.33913184824336046,,0.8519436178931042,0.8658536585365854,0,2
0.98240136471812856,-0.0051754079168912824,-0.18671040076239248,0.02601218318737358,0.99366584151883186,0.10932319847360181,0.18496195534700091,-0.11225600452343647,0.97631330244069114,-5.6441831466237753,-0.53578367521804782,-2.4924629539408834,0.633872892721889,0.5373342526074841,0.991495747873937,1,5
-0.65963673561007974,0.74206087541864652,-0.11926874782016106,-0.74979246795901611,-0.66067733325205769,0.036286585935803188,-0.05187130252466015,0.113362773871588,0.99219869455393528,5.1963622564456262,13.464735341649099,-2.3735638422929441,0.7125259307096617,0.4873672338854989,0.8156424581005587,1,5
-0.88319134474380068,-0.4240952033868105,-0.20029055652710059,0.42085724146968145,-0.90509644235205466,0.060659808309808438,-0.20700780389194512,-0.03071951343938199,0.97785688146163807,-9.8361096675302129,-4.7828517480818187,-2.7570272687573021,,0.08867120439278049,0.4375,0,3
0.90138439779560431,0.41048979139387237,-0.13785607919882351,-0.38092806986570077,0.90308040087613994,0.19834211640945926,0.20591253725562439,-0.12626923898878492,0.97038966723999331,-33.478696948128615,18.409464257182556,-10.222580682504042,,0.2763236470582314,0.875,0,3
0.86619434681346752,0.46829742081869846,-0.17436994925429503,-0.45569212587584262,0.88344507807370287,0.10894714517647702,0.20506594052437274,-0.014910388388777999,0.97863457958267031,2.9616700524354687,2.1406880445653123,-1.2558936175430893,,0.1258532096276002,0.5202702702702703,0,5
0.95527304139830049,-0.20537578368042697,-0.21277735747793045,0.24403794345298452,0.95385542769274234,0.17494372013974344,0.16702963369677384,-0.21904476834370054,0.96131185935073904,0.60885957547101055,23.57172316012138,-4.3949873412441418,,0.2975337771305005,0.28,0,3
0.84167368211315419,-0.45037607003289831,-0.29790402545082745,0.52843748493207532,0.80047365695312145,0.28283519767306031,0.11108211987870881,-0.39547859621706261,0.9117332080040923,28.27504997987274,-13.624488330179906,5.5528658203530581,,0.3442932434241592,0.2352941176470588,0,4
-0.86686075655946149,-0.44158900761122671,-0.2314121368772373,0.45234416498466606,-0.89181336080771434,0.0073270655226927309,-0.20961198711305221,-0.098326384260689029,0.97282821557391919,-11.32476054754023,13.66603551663971,-5.6527416676682583,,0.1083912083718507,0.3783783783783784,0,5
-0.047716337618142368,-0.91678881968436365,-0.39651155244968872,0.99272803704778656,-0.08744839878214955,0.082727395762746805,-0.11051785187723949,-0.38968068678366508,0.91429468267307057,4.5335487009679412,17.307496400805004,-2.9814275342120844,,0.3435375755749318,0.4,0,2
-0.16894451802188568,-0.86740796959182054,-0.46803970357112662,0.9779917337577646,-0.20651675490790156,0.029715293096170176,-0.12243332279994007,-0.4527187252929849,0.88320769767776608,11.398553848456787,6.7393250980289032,-0.25643081163601511,,0.1543591026306893,0.25,0,1
-0.71916639854227882,-0.66267960840358897,-0.20893881356462896,0.66614154316374163,-0.7430803066851458,0.063930448834176506,-0.19762372246053267,-0.093206193049477082,0.97583680495155856,-18.967350317295239,-6.6773537284393711,-4.2204996886847308,,0.1577514418340468,0.7692307692307693,0,1
-0.93558177338221882,0.33744775864948323,-0.10399882450019286,-0.32204050881975166,-0.93621725778683684,-0.14066682942758688,-0.14483320059329349,-0.098113487373217623,0.98457965020681137,10.829647087183147,6.0392748133322973,-0.3151374657978035,,0.1695172353991633,0.2173913043478261,0,4
-0.81481313741563266,0.56430711757761476,-0.13280447336643927,-0.57081110524826573,-0.82096610681647775,0.013759854063496006,-0.10126318788259825,0.087017978084069567,0.99104673869097282,-16.598558341836551,-21.363480988826094,-2.0397947306762472,,0.7524807373143494,0.6818181818181818,0,1
-0.26821933601314157,0.96256315395448766,-0.039122403273041367,-0.96301762761663368,-0.26682418302029698,0.037442011900818618,0.02560149777453357,0.047718235557699322,0.99853269015438839,-28.333824964394005,11.698475953837958,-8.4666338487649302,,0.2309799070360083,0.3076923076923077,0,5
0.89141017622965502,0.43885321928759313,-0.11311829929383653,-0.39803611254626953,0.87747516986616392,0.26759032003680305,0.2166913722861793,-0.19350756623259241,0.95686972519119318,-1.3962170956624367,-4.9309768140059607,-1.0895408605003216,,0.1639475073765785,0.2765957446808511,0,5
-0.074749632455749795,0.99669461050562436,0.031817382619768582,-0.99415903054237575,-0.076974404000291943,0.075648946587798069,0.077848021418492078,-0.025976807306562294,0.99662675613460416,-15.099859177913046,-19.800760891769052,-1.9331213292189382,,0.1758542687453786,0.375,0,1
0.86653366622097527,-0.45789751754053859,-0.19861839979178059,0.48524716157771569,0.86603954502954938,0.12046036122219178,0.11685288822449269,-0.20076197318023831,0.97264589272682933,-7.93372530510395,0.12373686116802587,-2.993006216156612,,0.1548150478979107,0.7566302652106084,1,5
0.54459681765232804,-0.81405419811715085,-0.20181691884180547,0.83833685644136002,0.53542780527181089,0.1025103920284693,0.024609374940776727,-0.22501739459351722,0.97404391625602249,-4.2612198829488763,5.353029844021588,-3.0757202043103646,0.1848560880100514,0.154440105920613,0.7257281553398058,1,5
0.9829920504413141,-0.023533391163302966,-0.18213403929396824,0.049151986748354533,0.98928812791774146,0.13745210860405302,0.17694832852522621,-0.14406657995998159,0.97361907826971172,-9.7956664215208136,-11.023787065914579,-1.9549431593312747,,0.08946822057029187,0.2558139534883721,0,5
0.26674077039724697,-0.90619696860233601,-0.32811037091780648,0.96233375124954679,0.23186513026690256,0.14195884112054524,-0.052565317594959832,-0.35361789471440747,0.93391181164170489,4.7915852210236016,-10.709297286411076,0.74155971011982469,,0.1400087581195096,0.2857142857142857,0,7
-0.077615891337944595,0.99689039353064612,0.013613107585319816,-0.99688565133597673,-0.07740991471478692,-0.015056668432758767,-0.013956058622010494,-0.014739348362886647,0.999793968794359,-6.3258382947361502,-14.768276207756907,-0.91228405168016535,,0.2627055842083976,0.1,0,2
0.93303060944746896,-0.29217306019736955,-0.2099732952758252,0.32861014748667849,0.9296541452119027,0.16660894711602275,0.14652389840182364,-0.22445060299591663,0.96340680608551921,-7.0574729525203201,6.890764836986162,-3.8927594683955453,0.2343439246438437,0.1792136058307632,0.6385869565217391,1,5
0.39018851358853812,0.92020482528557623,-0.031241052874528653,-0.89864197440751392,0.38799497802538069,0.20470099867868002,0.20048821834844024,-0.051797456966787343,0.97832586480949235,-13.760647734915921,-6.907640318106866,-3.1888430544715103,,0.2066367424710092,0.175,0,2
-0.46480945575689159,-0.83137368375130305,-0.30458162749051476,0.863914075630133,-0.50118724836402051,0.049636800918616497,-0.19391915781354646,-0.24006070074689423,0.95119199964559964,3.7441798296275737,5.050154585213253,-1.5147810874045657,0.4876861986379012,0.1874227078296613,0.3066666666666666,1,6
-0.55232383552973796,0.82152592632450527,-0.14153986393374296,-0.83318077870240126,-0.54958239961666955,0.061391986711976244,-0.027352709309665359,0.15183655162129731,0.98802706991517875,-17.035411326381936,-1.1993979125361049,-4.6772488610470377,,0.1195972390456799,0.44,0,1
-0.95428188582606366,-0.1999952115426171,-0.22214409230109472,0.21296003670223321,-0.97640570271913341,-0.035776059947126633,-0.20974771787086732,-0.081448260003395653,0.97435726291252311,-29.102312654340302,12.615398358881148,-8.7112767380350284,,0.3346763159449528,0.3703703703703703,0,4
0.95636460377097432,-0.20438526013303357,-0.20879034961975401,0.24569883994036362,0.94929061904477152,0.19616166966447257,0.1581101663586072,-0.23890162417603258,0.95808516806185162,-19.31948971748778,-4.1521954833055297,-4.697227237048117,,0.2425005391261045,0.6470588235294118,0,1
-0.96289549559792675,0.18241572305683604,-0.19888883462596549,-0.16918040813924851,-0.98218710548202137,-0.08177089535210838,-0.21026234579462927,-0.045088732589194276,0.97660470618077566,9.6852900446478536,-11.426758675256407,1.7031589601830457,,0.2478487711402639,0.1428571428571428,0,3
-0.675478749308279,0.7208188016806415,-0.1553985661986797,-0.73474479858916786,-0.67574817456092595,0.059283096441884772,-0.062277926900985776,0.15422276006238095,0.98607139705989588,-11.278449650522559,-7.6113933194190109,-2.607103745651266,,0.08048044181415122,0.2545454545454545,0,3
0.66170429900839434,0.72964593252512877,-0.17252313996488847,-0.72530105980447956,0.68123667926915576,0.099272148485021541,0.18996261032189496,0.059442408832991761,0.97999020745710663,5.8890972223670923,-6.0485779663510053,0.35112356012873736,,0.1429987915383244,0.6542056074766355,1,5
0.9770026520546623,-0.10860851573993266,-0.18349389141582903,0.1309095953684839,0.98480380425305891,0.11412337608553859,0.16831071183562576,-0.13551995217483759,0.97637382535784578,-8.5523022464614407,-2.7760453822125748,-2.7797461896063638,0.1321580446674634,0.1247011037937852,0.6666666666666666,1,4
-0.086452872515279083,-0.88022140743639699,-0.46662208983774517,0.99038674559195772,-0.12669962138976132,0.05550945951332336,-0.10798145669339271,-0.45733738074902525,0.88271316132704902,-20.367377054930824,17.878264254555955,-7.8224134756139687,,0.4202190078220434,0.2571428571428571,0,1
0.64720413650981634,0.75990601829352078,-0.06057762826216867,-0.73808588088993088,0.64452662359842494,0.19953612180191235,0.19067259403363834,-0.084429111295218601,0.97801619978933962,-15.129792217581658,-8.3870036270017536,-3.2596615236781532,,0.1124390989965919,0.1739130434782609,0,1
-0.4467110054688197,0.89113370878803744,-0.079561238393544648,-0.8946770732185072,-0.44479274129703195,0.041380574508317669,0.0014873635073254349,0.089666773953064424,0.99597071111486402,-8.4868988435928543,-4.4069448086901977,-2.5255457405766828,,0.07295326763635696,0.2266666666666667,0,4
0.49773380003556206,-0.81980199380685193,-0.28317089407718443,0.86708323189835834,0.47811040562919022,0.13991822250797445,0.020681713247674947,-0.31517476259910787,0.94880827133712253,6.6324979512754298,-6.7885724424085438,0.59642350395640609,,0.1254697363733468,0.1764705882352941,0,3
-0.8544120160060843,-0.45645660962033596,-0.24824880752649825,0.4783000839217687,-0.8775927577574405,-0.032557353272655673,-0.20300033651412758,-0.14655481931891501,0.96814903207592584,-29.922222732342849,13.238063090360161,-8.9609768518584367,,0.2362460768191327,0.3636363636363636,0,3
0.25899490638123107,0.95673010808875181,-0.13262405040211528,-0.95480255425344485,0.27433464758376436,0.11442282781940537,0.14585513655567603,0.096994852500414716,0.98453962730239941,-3.2877651830666546,14.254358818101636,-4.2512714496750368,,0.09970347252209849,0.4666666666666667,0,4
0.68734833675896767,0.72611598061523586,0.017545559263163275,-0.69992276842432044,0.65571274161280768,0.28310584368368719,0.19406283053670526,-0.20687286719575251,0.95892816968858097,-6.7934372564050678,-9.3137019196937381,-1.6052537398310744,,0.112110988037711,0.22,0,5
-0.91884019277471873,0.37680359420176646,-0.11726786234237049,-0.37374268415073586,-0.92629315337064599,-0.047931201345978558,-0.12668506693972248,-0.00021310864820625535,0.99194296630359857,8.5808583938099812,-6.4429822506683712,0.93798778047213616,,0.3464436898220804,0.1864406779661017,0,5
-0.18805958661075312,0.98173276288068256,-0.028885535661563527,-0.98074767077063052,-0.18613305898902682,0.059063445796630733,0.052607966713956233,0.039436869019361533,0.99783622664251559,-4.5230112002401475,12.980590429189688,-4.3055844944572019,0.5637627468090487,0.3948632878804921,0.5364238410596026,1,4
-0.98283154617039536,0.056789353269066652,-0.17554805953810065,-0.018809301159739972,-0.9773355197164183,-0.21085893884424689,-0.18354389677184477,-0.20393688056827963,0.96162434801843821,-5.5831630883530723,-2.1801077213659465,-2.2645788240733555,,0.1303413384522372,0.2553191489361702,0,5
0.97915171998760664,0.079526623310774217,-0.18691555695045181,-0.034823438867109223,0.97227119615692825,0.23124889022229766,0.20012305552029752,-0.21991870613561224,0.95477040451663431,-6.5405960271472239,-16.094183937911822,-0.77989874416496541,,0.5488175198584133,0.15,0,2
-0.49720432132525727,-0.8061307484453234,-0.32084432247816652,0.85027826788449434,-0.52631225194662268,0.004720234551298004,-0.17266942409944752,-0.2704600337607353,0.94712018251080854,-15.90929798356531,15.362200462409124,-6.7400984407859381,,0.3446958919495128,0.7008547008547008,0,5
-0.84220529857626036,0.53915553242094583,-0.0012437483501907219,-0.5387244718807398,-0.84161984837604387,-0.038104779441734141,-0.021591165945596357,-0.031422009473799251,0.99927297515430591,-15.026886166109851,-11.256362201893475,-2.9253689544504837,,0.4067619820433687,0.5277777777777778,0,2
-0.064943685123432071,0.98830531118378995,-0.13796713249357548,-0.99417012340292987,-0.052155114707895793,0.094369538214448018,0.08607022421017875,0.14329150671172927,0.98593075852652567,-1.0458702354200224,-13.151883401573789,-0.033851321327977628,,0.09306065466879149,0.3,0,5
0.18644482515472285,0.97086982595068916,-0.15049952900758182,-0.97469351337854104,0.20201674415689339,0.095717240129686521,0.12333240511244666,0.12884493058994359,0.98396549823174784,-3.2327128171797335,10.96119965327717,-3.7147850632226547,0.4380008893385791,0.3541463189924793,0.9413407821229051,1,5
0.79372452745444633,-0.57291625859976081,-0.20437302940766783,0.60116097946274805,0.7900805138849184,0.11990937557477296,0.092773117273295319,-0.21803610299992709,0.97152118170423829,4.1440960543953222,11.274742610517288,-2.2734670775353605,0.1395880940109241,0.1134917237302022,0.6818181818181818,1,5
0.32816579837380422,0.93581769364058109,-0.12865633698698026,-0.93151339393986365,0.3432066323748304,0.1203827413069017,0.15681200747493829,0.080339602707206262,0.98435539443258391,-8.2966797513969173,16.873178477109299,-5.4961555348754789,0.2689116419265469,0.2211419072211761,0.8490566037735849,1,5
0.19842291838708351,-0.93586399650302055,-0.2911819457111795,0.97933259044956722,0.17743277462540052,0.097083921285004246,-0.03919212602161138,-0.30442764417530699,0.95172884096247667,7.3932862175236007,8.9937301380640911,-1.3509864899211079,0.431279097700085,0.1385904006973476,0.3571428571428572,1,4
-0.25031431663056131,0.96776925664788171,0.027666022066434027,-0.96809131699457163,-0.2505447978424814,0.0051484205135692825,0.011914060999068013,-0.025494512375714085,0.99960396407238872,-8.4215546839860149,15.024991413888674,-5.3054994616182105,0.7047378090069777,0.514344021938274,0.3017241379310345,1,5
-0.5873401795366443,0.79771952651964195,-0.13665676167369711,-0.80297146842452294,-0.59549230394645725,-0.02501473239325434,-0.10133279033969415,0.095039323176353538,0.99030257631299379,-2.3972407284873936,-5.6610568455867458,-1.2164779156264836,0.6884899038039993,0.2602944708709088,0.4792899408284024,1,2
0.47091660049050332,-0.8505692812891209,-0.23402874419561392,0.8821690683850717,0.45286330461004187,0.12919969861531005,-0.003910264323831408,-0.2672952020986924,0.9636067583656398,-10.650359526846472,-10.14536587884491,-2.2362721153431298,,0.0820246440381831,0.3260869565217391,0,4
0.13653212652102012,-0.94589953304132302,-0.29433493136196981,0.98848332131894223,0.11050815135773281,0.10338603366881419,-0.065266391825509362,-0.3050606855622397,0.95009382495750139,3.5270285821245584,-11.792909063632061,0.61715144198353267,,0.08798972387694393,0.2692307692307692,0,5
-0.98004813643637423,0.077697314616139934,-0.18294473911274575,-0.072446501674339872,-0.99675016288788632,-0.035222395973607108,-0.18508688409160687,-0.021265937186314456,0.98249203826435516,14.78856839496699,22.509505627260701,-1.6829571542604311,,0.5532543594369912,0.3636363636363636,0,2
0.060450614230917979,-0.86302532655290387,-0.50153066602886631,0.99491000531519569,0.011512848007520346,0.10010762036165405,-0.080621365423949834,-0.50502944474457045,0.85932849096149977,-16.99885777045829,-9.715021825689595,-3.4816686331486992,,0.2703947859073209,0.3333333333333333,0,1
-0.014992993578825524,0.99771770280107885,-0.065837646228295466,-0.9923062576986017,-0.0067540011196643383,0.12362311434788426,0.12289630212394424,0.067184588904096704,0.99014278260160338,-1.2597867653784247,22.834285317184353,-4.6827879154284178,0.5206617136737424,0.7542117718965343,0.8061224489795918,1,5
-0.94076195855905642,-0.27074794699583826,-0.20411390576260349,0.27385710824996651,-0.96167686253352869,0.013412543704778094,-0.19992303916530574,-0.043280033100786812,0.97885525852686706,1.6252269326099416,21.236656097174897,-3.9830444281947961,,0.1454424208174173,0.5263157894736842,0,4
-0.83023681359102097,-0.5150021471647459,-0.21325951742872387,0.52006943354192914,-0.85336018353146403,0.036113452597683587,-0.20058568656214637,-0.080927038614110297,0.97632791456945678,-7.1848224601273047,19.61878888571734,-5.562477865499929,0.3002911999409746,0.306347747262456,0.7522123893805309,1,5
0.78561331249004518,0.61554762678965524,-0.062552716903764058,-0.59455391900054788,0.77904168294134801,0.19899671766389093,0.17122313114620122,-0.11914350755931079,0.97800177094264773,-10.368590696919659,-1.6811502099714226,-3.29303180837455,,0.3147541868975814,0.3217391304347826,0,3
-0.20989144551671293,-0.91628548220907358,-0.34112533795042549,0.96743602772085424,-0.24511435685873659,0.063138612032763927,-0.14146771139239026,-0.31676468735421764,0.93789499384461228,15.587384819608738,4.8493991810218642,0.76364406641430171,,0.5862487561843093,0.7222222222222222,0,3
0.76545628140289956,-0.60351893552704372,-0.22325226924076527,0.63775999132267225,0.75770918251979513,0.13834373203470776,0.085667232527683948,-0.2482774439724437,0.96489348432122779,-7.719488386665696,-8.193360767896726,-1.9040849546137852,,0.1090747564111908,0.2947368421052631,0,5
0.51377087864541471,-0.77448082234549853,-0.36907850123647162,0.85784612124307802,0.46967766147348317,0.20857355196910135,0.011811711312332928,-0.42377157777727575,0.9056920742415896,-9.337042678879703,18.550840134392882,-5.8732505706851548,0.4735565938883766,0.5290718361697045,0.412280701754386,1,6
0.076316438332323822,0.99680913981221408,0.023395299252205289,-0.99247701256569554,0.073690065370735996,0.097770925097017763,0.09573495061333985,-0.030680825485769957,0.99493392050857854,23.704838070207135,-10.569298505394279,4.2889905633044521,,0.6014481480400801,0.2307692307692308,0,5
-0.98273125808096229,0.016436905022678493,-0.18430708761163742,-0.017256386058604901,-0.99984705533598872,0.002843075121697299,-0.18423216747030019,0.0059744530483277934,0.98286459615756205,-15.381104888352006,-10.278927174038744,-3.0662867117866166,,0.1239980668163118,0.3636363636363636,0,1
0.36786459265466587,0.92878508086066969,-0.045098947234444971,-0.91202269073419318,0.36983484936275368,0.17730424637551803,0.1813567011636954,-0.02409269116283461,0.98312221477065254,-6.8063591004639914,-10.467777689957954,-1.4780419887529936,0.4044421558254309,0.1740368577806129,0.3,1,4
-0.45688530542771766,0.88265866544441485,-0.11031544769481848,-0.88952293075169397,-0.45305227979971718,0.059098117019058996,0.0021848000230565009,0.12512918158513578,0.99213805217051099,-5.9944912021495735,-8.56727874552403,-1.568459703301359,,0.1763962071631172,0.2142857142857143,0,5
0.98038580297534128,0.10221358588969352,-0.16851130580458415,-0.050968409942098683,0.95740838177438015,0.28420311697118517,0.19038355630770751,-0.27003994772576362,0.94383924908847516,0.95861416406930233,-8.8092377412136944,-0.2411018930918776,0.4742640457659941,0.2456541710474392,0.2790697674418605,1,3
-0.84690383001111924,-0.48382219751663463,-0.22061274646464551,0.49084091748854003,-0.87087240804190458,0.025621136397606496,-0.20452162827316722,-0.086587124340002958,0.9750249091520804,-13.237718133901156,-11.052942751632031,-2.5983851609959281,,0.08946785506746231,0.2727272727272727,1,3
-0.6015147951431673,0.79701019276866991,-0.05435718762703904,-0.79825096703852294,-0.60232201030345378,0.0018946044624393379,-0.031230511458131084,0.044530310203880007,0.99851975775505286,-5.672182912494665,12.221001265436945,-4.3957410569968065,,0.09058834203892357,0.3333333333333333,0,8
0.9511005221763934,0.27333836259534366,-0.14385387116615114,-0.24209237885919732,0.9489047739093881,0.20241296932327985,0.19183085469779379,-0.15768915493992772,0.96867696039507645,-13.442801550245967,1.9458180394024445,-4.4179345600567181,,0.0913471123520348,0.3631840796019901,0,5
0.62616268215884996,0.77677703591481617,0.067362689576850307,-0.75685506127909319,0.58479227606837514,0.29187053648319639,0.18732514964055089,-0.23374223051507231,0.95408273120625309,-17.788928649718677,22.132545084733824,-7.8719001054828697,,0.1996470506623079,0.5384615384615384,0,2
-0.90864822885457841,-0.34103763833042799,-0.24093925674626485,0.36352026750490174,-0.9299856864649092,-0.05458606125703893,-0.20545415866465935,-0.1371858309461903,0.96900394038156568,4.3973459780208506,8.3827356705811873,-1.8618841702186177,,0.5040766554046581,0.16,0,1
0.93161682814151858,-0.29381481298472234,-0.2139227458553434,0.3309336961772546,0.92909707314848977,0.16511062170972185,0.15024305061465462,-0.22461407867198141,0.96279569037482693,-17.615890155686934,4.5452101017445035,-5.5249722742045293,,0.07553434225389455,0.2894736842105263,0,5
0.2934885967119964,-0.92147878001526928,-0.25444312052322321,0.95556682256614789,0.27512674285283745,0.10581740394673098,-0.027504385302350193,-0.27419360559422423,0.96128111155914198,-11.983767861418711,-8.1401968604788504,-2.7034880404253263,,0.1210814989752627,0.3333333333333333,0,2
-0.56694829627702481,0.81777985610407322,-0.099023917812722712,-0.82209400087305684,-0.56932952065200693,0.0050349421731248007,-0.052259765375570831,0.084261520663692469,0.99507231549186037,2.2911078940526584,-8.2988820094152356,0.014544462462406324,,0.6860823903302306,0.3805309734513274,0,3
-0.73190095897759255,-0.64361022248716349,-0.22380095566753969,0.65230438740102692,-0.7567369201135079,0.042990928281360051,-0.19702784682640959,-0.11452124365001454,0.973686249429354,0.36836067391881566,-13.282762250744451,0.19498525268346412,,0.08215491094030516,0.25,0,5
0.90076161036562008,0.39924437969193782,-0.17097498815889617,-0.38250249222671351,0.91571468963724689,0.12311965977419578,0.20571914041208675,-0.045503103926661237,0.97755260871277483,-15.695659203294754,-3.7121278081836762,-4.0151794063694837,,0.08073431385300206,0.4545454545454545,0,1
0.84555072257508568,-0.4948772995450873,-0.20035077725757433,0.522353552209745,0.844419545687358,0.11875351512699978,0.11041169343241358,-0.20506606071244324,0.97250047233781256,12.612480998255126,4.6735612172160401,0.2029264087090385,,0.0912541181041984,0.4285714285714285,1,5
-0.97401494144163836,-0.11632890193523995,-0.19432570705643579,0.11543068865236897,-0.99318700474809851,0.015979039919249777,-0.19486059110472354,-0.0068673265571412246,0.98080690753087352,8.6371475779340976,31.009428327200702,-3.69361912466377,,0.4125213731242928,0.5,0,1
0.71825348907530095,0.68204430914297365,-0.13757719940760804,-0.66714927934892609,0.73123824673877436,0.14213537761800299,0.19754433551829653,-0.010304701455536833,0.98023979139420092,-18.442746832583712,34.60444702908039,-9.2374215657956409,,0.2316603278092035,0.4166666666666667,0,1
-0.97854155548519917,0.12926242040811203,-0.16046074553872663,-0.12834215790406972,-0.99159875743689563,-0.016130553435384821,-0.1611977502731794,0.0048094614918373219,0.98691040849057043,-16.327590534640329,13.900203580486567,-6.5820740447349593,,0.2259943997404234,0.6060606060606061,0,2
-0.81169645124677869,0.57483429715445999,-0.10351039488053942,-0.57507284518271062,-0.81753208813179301,-0.03053698754517177,-0.10217677704277708,0.034739252867754658,0.9941594894901632,-14.483197234895192,-14.686905131153503,-2.4115091362906749,,0.4141983219978858,0.1363636363636364,0,3
0.55976763878189739,0.81388466715404051,-0.15573034111596892,-0.80953891493401164,0.57724243424305455,0.10694819922100447,0.17693766071699438,0.066203630419407411,0.98199294475026044,-12.220782183920667,-5.8061581815740517,-3.0337356154963766,,0.0808561440122206,0.2456140350877193,0,4
0.47985357834998921,-0.83132331464828924,-0.2804319701226875,0.87732519475768322,0.45700266920388688,0.14645498620366409,0.0064067142985733605,-0.31630698200119411,0.94863525506339463,-10.232065623444759,-14.526204707554694,-1.6731774799851067,,0.1282898633445912,0.25,0,3
-0.9077707014417381,-0.33942935255321138,-0.24645500244321028,0.36568669760582573,-0.92820904501374424,-0.068565355310234555,-0.20548866829613835,-0.15236693663646692,0.96672577488235956,-19.503684254430574,-2.7792985184677828,-4.8997088115129408,,0.2477616630509423,0.1176470588235294,0,1
-0.62475683743513322,-0.74665119065335095,-0.22845326343474048,0.75678669597657022,-0.65106111991761073,0.058252166693534883,-0.19223108716052048,-0.13649695098264528,0.97181057387822467,0.49543407359500852,-15.149797425327176,0.41091450078620828,0.09010685332477231,0.08650898354333111,0.2142857142857143,1,8
0.80416689667493968,-0.53903799564307719,-0.25050676946000922,0.58803480434876099,0.78297734752479287,0.20288307503967259,0.086779439769513661,-0.31045855200997924,0.94661756603031377,-5.3543037678861074,9.8424192733625215,-3.9737675575643245,0.2358768157557217,0.36400758347178,0.2727272727272727,1,5
-0.12548946401405417,0.98435021258633415,-0.12372167717382006,-0.99021343139263429,-0.11659691590370079,0.07669758465146484,0.061071717767627098,0.13213560528102514,0.98934848617963056,-0.15901418622566399,-3.609467526427188,-1.0835522158036008,0.9081235889328949,0.7347649598853176,0.9109912339851652,1,5
0.88347138858580421,-0.40562982631194633,-0.23439869785562503,0.45485066098155869,0.8625054777518143,0.22179985809904132,0.11220152296164052,-0.30257023127574179,0.9464999067040808,0.41267856291179239,15.410031320312767,-3.5976070538971263,,0.1685340481528207,0.4736842105263158,0,4
-0.37927527394101668,0.91081738960544489,-0.1629783708634063,-0.92523811519051313,-0.3715750516543877,0.07659250085188303,0.0092030851171467382,0.179843442416904,0.98365219434715023,-2.896011350488116,18.655665079686049,-4.63292592755149,,0.08662843120225047,0.5833333333333334,0,4
0.4426740745945566,-0.87315958067723032,-0.20403923728885412,0.89668228002625061,0.43124969706869082,0.099922907609255082,0.00074321516279827972,-0.22719164916371118,0.9738497841974888,-16.55470087454886,-11.467918965001596,-3.1376819888453484,,0.0644355207801892,0.2727272727272727,0,1
0.93436422668619723,0.32865298705318968,-0.13766156322707293,-0.28857781726692122,0.92459618230887108,0.24868603306442602,0.2090127634154548,-0.19263725953427943,0.95875155852210114,-2.3039284499014476,20.902950512716089,-4.6946787593655293,,0.5086701592327794,0.462962962962963,0,5
0.72315359099656029,-0.64658549943774568,-0.24284990373813359,0.68559108559298754,0.71461718636434868,0.13887814913848023,0.083748117496504057,-0.2669259614004274,0.96007123899544489,-16.665886014020295,-17.087704356468752,-2.5541381390091953,,0.09106521862693093,0.3333333333333333,0,2
-0.72482120924687288,0.68882821412093609,0.012243612900687404,-0.68510435260095259,-0.71880310170688255,-0.11812758790305357,-0.072568868484561747,-0.094009533599129655,0.99292294107818024,8.6711999699804014,8.0678454332700813,-0.99257231697713577,,0.2098825180307676,0.2121212121212121,0,2
0.50085747858842089,-0.81902232399503982,-0.27990037323986022,0.86552973267757094,0.47404234415691726,0.16168530482794841,0.00026075494498668973,-0.32324338932757513,0.94631582638296785,-8.8071148059640851,4.085408342333384,-3.7851511679338445,0.3168356727650873,0.2705377888950311,0.4635967641568139,1,4
0.76651943508983944,0.61886435161570208,-0.17162421137132305,-0.60985507149362972,0.78518307615162275,0.10753756877748781,0.20130759400244089,0.022236259225641403,0.97927565137329764,-13.107699422406434,-9.7109558477422535,-2.7178435238697172,,0.06293723934384071,0.1875,0,2
-0.51772625086259161,-0.8186815734406373,-0.2484351232747275,0.83656139698398979,-0.54525807491611089,0.05346644569235362,-0.17923325094401893,-0.18015025131134504,0.96717181964142163,-4.2408211823989692,11.328811464325481,-4.0132798194999229,,0.07953314556161983,0.303030303030303,0,5
0.20065295759857668,-0.88904066608647203,-0.41151559466375764,0.97825095774864212,0.15928931600453056,0.13286074465647485,-0.052568567326949471,-0.42922442597239374,0.90166675544674513,4.3222053729524053,27.741238747447866,-4.1530967797738736,,0.745239266136521,0.3111111111111111,0,1
-0.91731305155179499,-0.30970034098145466,-0.2502448086348768,0.34440955175507737,-0.93254209714991532,-0.10838495146055169,-0.19979696222065585,-0.18560963293754459,0.96209679245291579,-3.5478314450806554,33.961582539931868,-6.1929045536403819,,0.4758295793192815,0.25,0,4
0.21474922973626928,0.96592045367813473,0.14450067644791589,-0.96795636392300743,0.19077263897445401,0.16329812540158878,0.13016622399312894,-0.17493849600630737,0.9759371274556683,-19.063593761484487,-13.090471833476572,-3.482497501120549,,0.306696532862608,0.1333333333333333,0,1
-0.24510496218667993,0.9617389676744349,-0.12239981849650929,-0.96853075213981177,-0.23726757641827859,0.075181642307723659,0.043263606772394797,0.13697538186516772,0.9896292260700138,-18.714880206702855,-5.5751818967404123,-4.3269315948456901,,0.08484923622261525,0.4347826086956522,0,1
0.47868843306858672,-0.83086086419052763,-0.28377386842856028,0.87797409965347706,0.45139140747727374,0.15939660471086367,-0.004343314863865611,-0.32544741758424578,0.9455501647209088,-12.928518269599724,14.992140256088609,-6.143276765815469,0.3535345013790856,0.4390421544572905,0.8726591760299626,1,5
-0.58832536526417312,-0.72628971730520875,-0.35549474134436604,0.79002929747107342,-0.61000807467075757,-0.061187073584522168,-0.17241512034662007,-0.3168491681750103,0.93267337846786669,-1.330982390901075,-15.067081812779696,0.1261812281346546,,0.5010390651804681,0.4444444444444444,0,3
0.6704952355683711,-0.70313585793362721,-0.23671946343310266,0.73972499108599066,0.65806633171628492,0.14055476023352109,0.056948017023817049,-0.26934860005096306,0.96135750634591721,-11.975969995207723,20.765551350750044,-6.6373498212521493,0.198957391803525,0.1640673649266805,0.28125,1,5
-0.80215458577223797,-0.56111699801831816,-0.20419533554779803,0.56419687558857867,-0.82421351150474587,0.04851775993488993,-0.19552469434997957,-0.076287626702660663,0.97772710503054983,9.0800150219393707,5.3355374485529907,-0.51073938274816566,,0.1499051211124784,0.25,0,5
0.91808571869427014,0.36434176074891439,-0.15612076897071384,-0.33925816588841906,0.9259541832269369,0.16586967005020151,0.20499392675797051,-0.099317329499526694,0.9737112292941017,-16.324540763908423,-0.2094878063952712,-4.6363171118537458,,0.07932587181578415,0.3275862068965517,0,1
0.83871305919449135,-0.48424501820570176,-0.24913282938942027,0.53539212143837844,0.81687771766867823,0.21463007868918194,0.099577510705635711,-0.31339680393930536,0.94438697716682751,5.804822344912834,-9.2222122699285798,0.70584992343067621,0.2004735134697706,0.1673050878202877,0.3,1,5
-0.82961035820639351,-0.50038293227900144,-0.24771672256940799,0.51844141534499599,-0.8550651506085386,-0.0090601914922247648,-0.20728037150617562,-0.13594303696279053,0.96879014151135734,-4.5771702698475369,-11.305866809489148,-0.94239952970887086,0.6309455763817936,0.2070630300211559,0.15,1,4
0.41265897334117413,-0.88164763979096605,-0.22893232836807806,0.910867406851112,0.39781695248630045,0.10982822702222517,-0.0057566359395893468,-0.25384859969189111,0.96722683460351067,-1.73729939395148,-10.392810918188308,-0.50740021861705875,0.1429717798944865,0.1038596278306613,0.5098039215686274,1,5
0.88626640996818129,0.43959375219184876,-0.14590813409814563,-0.41605162055722439,0.89400358670602054,0.16630885721595631,0.20355072977962596,-0.08668863818668214,0.97521904227487222,-2.7999598239249344,-6.9740582621965572,-1.1866322006038756,0.4812611784734053,0.3692005333436452,0.7346153846153847,1,5
0.18122624890861019,-0.92017569388382148,-0.34703564527573338,0.98092449507759916,0.14390340302622348,0.13068643982537542,-0.070314875120941603,-0.3640995783888008,0.92870195184129212,-6.5322734334285473,-11.459815028539291,-1.3010367388447419,0.6666339714572428,0.224969316645382,0.25,1,5
0.7777632475103744,-0.58143654403474621,-0.23877997420857369,0.62215176248053605,0.7662210979358447,0.16072465125285459,0.089507068237536375,-0.27356310851231364,0.95768038008335588,-30.297115769347165,22.159218484548152,-10.057113269108338,,0.3489652341418499,0.8275862068965517,0,1
-0.95444265650618887,-0.23826224167433885,-0.17963941559058977,0.24343091454363885,-0.9698932012586311,-0.0069690743095757336,-0.17257058059199218,-0.050381369022722597,0.98370783892858105,-2.4385215892433001,-12.454740381464633,-0.4114248273394136,,0.08845385673674495,0.5,0,8
-0.36296362001451088,0.93114995123657229,0.034888090490734915,-0.93172694987932447,-0.36315872254379666,-0.00079568142296863019,0.01192901565641054,-0.032794977549705229,0.99939090852027579,-24.677476070257391,7.0227021757405934,-7.2096925274773733,,0.3102351584430982,0.4642857142857143,0,4
-0.21355861963075404,-0.93452672455137109,-0.28469723757123622,0.96882367327657293,-0.2400583512259096,0.06125910630743809,-0.12559222141635637,-0.26273901329262811,0.95665814417362327,-0.42076926807238657,-11.633994202487806,-0.14109878150950567,,0.1438894534575655,0.2580645161290323,1,5
-0.9683296649086357,0.19914692088059099,-0.15059270885972248,-0.18664367646253419,-0.97799844359426447,-0.093183594928212626,-0.16583666088799057,-0.062125262421787418,0.98419441863614809,-15.557790709705127,-4.8029255685805436,-3.8103308439039107,,0.1044538804860041,0.2413793103448276,0,1
-0.83538217483504418,-0.49308417511599217,-0.24290866229521943,0.51955458557520107,-0.85259388010628956,-0.056095527567551817,-0.179442621959367,-0.17306551318931984,0.96842587407032021,-16.726131659897849,13.305642338757078,-6.5533092613574233,,0.2302163760612754,0.1818181818181818,0,5
-0.67145057589604995,-0.70505539856470945,-0.22814690241952104,0.71543188624629062,-0.69700230010175157,0.048425301185878671,-0.19316143577572176,-0.1307083723700484,0.97242170950747242,-20.399977357263474,-6.8983848343661265,-4.502399545745968,0.8823182771279133,0.7615809539061515,0.9828571428571429,1,1
-0.94346987993127895,0.30975719785272471,-0.11796212968951901,-0.29530828120466451,-0.94715707571461027,-0.12524573036912592,-0.15052443228395071,-0.083330380427410977,0.98508803818918533,2.1867192247086202,8.8128529257514803,-2.4289417337966674,0.2124565081653082,0.1246137441744391,0.25,1,4
-0.59679355121840938,-0.69918901275815781,-0.39366506279119234,0.78075592278280226,-0.61917794381063107,-0.083897931667083411,-0.18508821211437393,-0.35742607394636522,0.91541736677845065,-19.169866510742786,-14.922686076971596,-3.2964292759723031,,0.1954061269339367,0.3333333333333333,0,1
-0.23126911502460434,-0.9389615413287401,-0.25468769177424622,0.96681118355144358,-0.25102735733154546,0.047554192570134685,-0.10858513616325756,-0.23523709268883961,0.96585339385835822,-3.8634095192530178,-13.343816263228858,-0.55805268857183377,0.29327090668151,0.1960109361340613,0.5945945945945946,1,5
0.97280745184827944,0.15426422212830487,-0.17276634915286079,-0.13375875964714473,0.98313879150735639,0.12468645015042301,0.18908795796167605,-0.098186895279388259,0.97703893358928084,-14.87835863800948,1.8527930718325396,-4.6766886270720445,,0.06816857599038642,0.3255813953488372,0,2
-0.14029137462411059,0.9828307495556422,0.11984176206135873,-0.98798205132740802,-0.14689238370841073,0.048105029501569113,0.064882944299432629,-0.11165278920096385,0.99162687448590292,-17.405503592752122,-4.5126020290177911,-4.1899052569968411,,0.1225485448725533,0.3333333333333333,0,1
0.10271433801143787,0.99408409415824694,-0.035306918705103482,-0.98514749621322895,0.10657280312342476,0.13463524181736483,0.13760150969984547,0.020953552825056253,0.9902660113082391,-7.6092371756816908,-13.010627878973493,-1.3020548849755189,0.9454279047060573,0.5742843889787892,0.8181818181818182,1,5
-0.53517123072527917,0.8402985687055966,0.086545186089787535,-0.84455550922085165,-0.53007474185923165,-0.075807386761297307,-0.017825421417126463,-0.11366214617978447,0.9933595375678973,6.5215482488873109,11.175971552282624,-1.7984449285643347,0.4164162984778436,0.5412038226074741,0.3043478260869565,1,3
0.45187336937469424,-0.84796514088460917,-0.2770660172134165,0.89197744533285706,0.43423315243899208,0.12576886077389746,0.013663640343263167,-0.30396823710289067,0.95258417778437277,14.439033031585597,6.8472571815593914,0.27457375040496174,0.3326651840962939,0.2513547516595674,0.6578947368421053,1,5
0.57514131762674847,-0.77674339399276204,-0.25667521237387286,0.81804600193710697,0.54748571689358261,0.17623883939766147,0.0036336583882375065,-0.31133436958698441,0.95029348458283802,-2.6005891283960345,-16.601637999985947,0.021337990763973434,,0.2293405124928935,0.1578947368421053,1,5
0.85782612845174422,-0.46057483231130336,-0.22804639261980647,0.50059489233859256,0.84925168458711564,0.16785806501464168,0.11635758295016696,-0.25815189340262762,0.95907169326522901,5.2975122983591323,-6.7689395948635855,0.34367246548385605,,0.07693340256785686,0.4090909090909091,0,5
0.27886551867250092,0.94924479622024305,-0.14549343402472709,-0.94994898292758789,0.29488317010687848,0.10315447553334914,0.14082241416180749,0.10944511335143439,0.98396687689837026,-14.570303306842545,-2.4142904557215417,-4.002476418086597,0.7137237804141393,0.5575440761012994,0.9571428571428572,1,2
0.66305006081481765,-0.71067672507090174,-0.23516634388441887,0.74645380091660585,0.65133123056358333,0.13628775142939475,0.056314651296257998,-0.2659064131137609,0.96235255468791403,-9.0808584158101358,-15.678958711624546,-1.2313587203202481,,0.06974261964502212,0.2,0,1
0.92993854112150143,0.33988783466162242,-0.14032308999536849,-0.28639222142792625,0.9088178275415163,0.3033638934486057,0.23063782266226918,-0.24192233504113039,0.94248595669423907,1.6952706059023694,-11.775221976779543,0.26480814474209391,,0.5626477162329493,0.3278688524590164,0,4
-0.58188502250670471,-0.78422086884770248,-0.21542388318412498,0.79244238284089807,-0.60629423609007516,0.066651100226421719,-0.18287944241989626,-0.1319277383559192,0.97424338919619091,6.5395431047756132,8.8464296251509076,-1.4732333805121869,,0.3550641226668101,0.2068965517241379,0,3
0.9662462019198288,0.19243395288503046,-0.17128178844391576,-0.16524602629107715,0.97302423410459848,0.16098941157780269,0.19764115985925873,-0.127251772569974,0.97197991661725469,-10.770474650976642,-6.9268083768463145,-2.6369878237323094,,0.07581015438627887,0.3018867924528302,0,3
-0.47071119306530185,-0.81422393301083651,-0.33980929892427408,0.8647931186092962,-0.50210175671390145,0.0051660343420720156,-0.17482515473766802,-0.29143303316058816,0.94048017121775151,1.2197893160469231,22.171759527066516,-4.160850232898432,,0.2263047268254604,0.1764705882352941,0,4
0.67067797181065381,0.72235326556668256,-0.1685135539151002,-0.7150254313309824,0.69004131728268847,0.11216778946165501,0.19730608373258576,0.045263011034634093,0.9792964664258661,7.8657017205940667,-10.11852446457118,1.2368467495833737,,0.09375842916753023,0.2083333333333333,1,4
-0.81750748121683348,0.5644895322327641,-0.11416254269305752,-0.56354958106923825,-0.82493769048771093,-0.043470409354957246,-0.11871557535216215,0.028798868249235866,0.99251057291918465,-16.257956707454674,21.448164899979457,-7.5456122984357368,,0.4897393792658616,0.5957446808510638,0,4
