axis_00,axis_01,axis_02,axis_10,axis_11,axis_12,axis_20,axis_21,axis_22,location_x,location_y,location_z,dbh,dbh_approximation,score,reconstructed,number_clusters
0.91072575980769244,0.34416796626560675,-0.22831338423162323,-0.28917190849705404,0.92605640998223238,0.24248532505491954,0.29488675412583748,-0.15481581484917728,0.94290713525442815,-12.650608431441626,11.654860943394063,-6.5081055770883962,,0.1108792109856908,0.2352941176470588,0,5
0.95284455769663645,0.066129630649124319,-0.29616569824696776,-0.031768432045360999,0.99234165718365908,0.11936834648838208,0.30179134446382466,-0.10433075945377548,0.94764818210057145,6.207524871523673,14.774374388885956,0.085954576620604184,0.2420564737200198,0.1843377163004087,0.40625,1,5
0.94633957973285032,0.13005413230579738,-0.29585016900660721,-0.1126329555747845,0.9907822344918481,0.075262082975618538,0.30291123642007822,-0.037901009030452106,0.95226482470210605,13.658562155877622,6.9067194239755842,3.2274167633606536,,0.08428960667490877,0.3809523809523809,0,5
-0.95243586438812466,-0.0055279874828982204,-0.30468896530993156,0.019714993033306431,-0.99885865212893632,-0.043505311363823171,-0.30410071239137942,-0.047442959662688008,0.95145778797669323,4.6505778141201386,24.868865642485787,-1.283311408371909,0.2805300949891935,0.1937466150431362,0.25,1,5
-0.14443931791441952,-0.87958373142754753,-0.45328770427666598,0.98158803135384076,-0.18522757134713247,0.046644222747682464,-0.12498888007862824,-0.43820452555951089,0.89014300740715557,8.4090070081892971,-0.14387100389807897,1.7892818206253318,,0.2505325968591502,0.7758620689655172,0,5
-0.37983122525648433,0.92065756919710495,-0.090099281907443818,-0.92229656163440044,-0.38441491152890678,-0.039927787211245305,-0.071395327000592368,0.067932437570736554,0.99513209736606201,6.5089190428323445,-16.927111152479778,2.4230134996121833,,0.208962779717277,0.7,0,5
-0.35788118307316552,-0.78700656096233068,-0.5025353040378312,0.92534782223148904,-0.37102073568841104,-0.077942424780535507,-0.12510981853392122,-0.49291407637789597,0.86103614710123166,-6.5923261320763693,-14.831823136063692,-2.4854991875158507,,0.6409581008714517,0.2676056338028169,0,5
0.96323428887814155,-0.009150039653950481,-0.26850694870664671,0.086533644268580304,0.95672613167414933,0.2778255520671532,0.25434549954544405,-0.29084598286060415,0.92234320137074199,9.2596425427324665,-14.640058821673469,3.2573672646442882,,0.4241540730924667,0.3333333333333333,0,3
0.39015815242782143,-0.78615647113627574,-0.47930639364050642,0.91329380231439949,0.3965342079043026,0.093032535254152698,0.11692325152944015,-0.47404496079197644,0.8727028866684915,-24.536586995453689,14.516330381763051,-11.542293228905494,,0.3763179764727462,0.2,0,4
0.048986294954412285,-0.92231515430057398,-0.38332114350000052,0.9987699350946575,0.042283353646007944,0.025898547361978566,-0.0076785192357213166,-0.38411830749387005,0.9232519516309684,2.5253123256593937,16.603477098232062,-1.4238034957279915,0.3404409111039705,0.2351984219996161,0.3125,1,5
0.80073564563375943,-0.47926131069756084,-0.35934805117037,0.55057107924421256,0.82517862893472504,0.12630010708336922,0.23599557731311355,-0.29897964214618977,0.92461735927397926,14.34397931060837,-9.2387834719877127,4.4415991729099309,0.2210752153237839,0.2094577070926254,0.55,1,5
-0.36590306888918778,-0.82627317904058029,-0.42823775846560586,0.91666321592924271,-0.39946581683305882,-0.012474363476936205,-0.16075911401762577,-0.39711420873606296,0.90357999783095999,13.066747467988758,2.5594430261138252,3.2937577073087558,0.1334214883529913,0.2860221194999733,0.625,1,6
-0.91272624465449781,-0.23164339108641102,-0.33655926920066476,0.28599372453055172,-0.95051174274431616,-0.12138787597740326,-0.2917848382764951,-0.20704773911141991,0.93380556963471173,-12.64159110404626,22.626316391663583,-7.5401164426840674,,0.1171247476285447,0.3181818181818182,0,4
-0.90658748403195422,0.30724302771132622,-0.28931100172546392,-0.32064329422759047,-0.94719933654314037,-0.0011378572477426512,-0.27438478759489016,0.091734065510118243,0.95723447992719901,3.4427450982844383,24.322055810382608,-1.6495174096939305,0.2818986732080745,0.2777433582177373,0.5405405405405406,1,5
-0.81163320517968573,-0.47805025050548611,-0.33573724583577719,0.55604925766937463,-0.80838732742745611,-0.19318165518504449,-0.17905519622476374,-0.3434790922986985,0.92193348450882007,-5.3056357549385966,-20.143281643983428,-1.4593826377031298,,0.5355802984929721,0.375,0,2
0.7645434550277489,-0.50150017427778459,-0.40493318038113896,0.60718688286652134,0.7711802150571887,0.19132476363289999,0.21632705482456291,-0.39214621138511546,0.89410511364561074,2.1693786164690851,25.110572981749165,-2.1582258927127764,0.4665782698788702,0.5388573197555069,0.4905660377358491,1,5
0.45736195586428635,0.88267629399791858,-0.1081785623036908,-0.87520856670301572,0.46833691139724687,0.12112184853501545,0.15757539813576996,0.039282278917933594,0.98672533993273237,-18.786980401456493,8.3848177133077026,-8.8012945425187414,0.5368050521369205,0.4004550135814231,0.2244897959183673,1,5
0.47563522416205595,-0.75934602078667779,-0.44403237973344806,0.87305205913677075,0.46918890761539572,0.13282270516638386,0.10747667455478536,-0.45083854059531109,0.88611137829312103,1.5522082729304796,5.4615039661450115,-1.0010196643705609,,0.1632694417302714,0.2945205479452055,0,4
-0.42520931628297864,-0.82733774958566153,-0.36702763582146591,0.89447821857244647,-0.44604885209712136,-0.030808084041407044,-0.1382235647262216,-0.34139811020767674,0.92969972383614419,-19.67381728000688,6.2033911963693793,-9.0064969237550301,,0.1477177964018715,0.2448979591836735,0,4
-0.95191526983351848,0.14134596463672286,-0.27180624963141498,-0.084474582780929411,-0.97391278141911553,-0.21061324519714048,-0.29448491289329021,-0.17752524459748595,0.93902258950934447,6.9801159834874182,-10.993500444610108,2.1357911161207435,,0.4573859318560934,0.3709677419354839,0,1
0.80489032390344173,0.54349652218445899,-0.23825007210914059,-0.53328358971940915,0.83857638311460059,0.11134748590972149,0.26030785509199261,0.037432339705560917,0.96479979297343021,17.787203703346933,-8.4085350835167088,5.5970052280223186,0.5763398491930669,0.5765854159407329,0.5098039215686274,1,5
0.92295787399201756,0.27292586304117544,-0.27140419326046933,-0.21969051866809564,0.95252868960073334,0.21077279590795042,0.31604562778731771,-0.13490948362046667,0.93910307867974785,-13.667543873711336,31.230668000191336,-8.5824751466993234,,0.3507996799533912,0.2777777777777778,0,3
-0.83198904595860779,-0.40349855762062642,-0.38076651822732388,0.46427439395279785,-0.8820985001025895,-0.079696444315435891,-0.30371617428883685,-0.24308671315980074,0.92123033784201724,-7.9960944500663551,-10.468765572258798,-3.0556821223905946,0.6094402929288408,0.4250344364167717,0.3687150837988827,1,4
0.74736299962710639,0.61383075232596251,-0.2542840032076692,-0.6181662737031024,0.78269283892824681,0.072542249389328919,0.24355493188271934,0.10297440162188608,0.96440513673778183,5.3314480352758817,-15.491103390767952,1.9652534746664523,0.2337366394766733,0.2031899171559869,0.2631578947368421,1,5
0.68370434976853067,-0.64597313710732041,-0.33951004144696328,0.70440914860655457,0.70574040905744495,0.075751081727062936,0.19067279162738598,-0.29094532331549572,0.93754717501246965,-12.416890658134076,-10.712157416175778,-4.6483371055512217,,0.07848902304439639,0.4594594594594595,0,1
0.81420768857286563,-0.47597803949284473,-0.33243156557309467,0.53216986575159131,0.84075692703629756,0.099614374597313732,0.2320798867949655,-0.2580168513121357,0.93785192359146252,-2.7568055516441405,27.050444512747962,-4.1612999518953844,0.221216513748538,0.1485954149808756,0.28,1,5
0.10810408407228368,0.98026723202365285,-0.16549822001332634,-0.99185211023791875,0.11763696567354105,0.048897195458537039,0.067401026872599426,0.15886377223208847,0.98499715910692409,3.9747189858082246,9.3554945698443568,-0.38911703439808903,,0.08427826481281268,0.1521739130434783,0,5
0.57383049404239028,0.77030763103726563,-0.2781091830070016,-0.78952161226108031,0.61057092398812363,0.062119003154853865,0.21765612300077913,0.18392743228252922,0.95853873775357923,-12.737553942607983,-6.7314742168597679,-5.4510169942781816,0.4586928866518489,0.3720701271601814,0.8705882352941177,1,2
-0.57221937606454309,0.79065089275527733,-0.21779841928165861,-0.80576556509177466,-0.59146621101214536,-0.030159166819894067,-0.15266577798786179,0.15823680676827467,0.975527689619901,-10.941604191353443,7.3164280145355081,-5.7203810528293513,,0.06789878679298339,0.2388059701492537,0,5
0.77598925436399102,-0.48758282039561912,-0.40012956697383839,0.59633884984262353,0.7737958650752097,0.21358823788047288,0.20547664898959891,-0.40435498321099245,0.89122185468739701,-0.56157098593832311,-22.373903316853731,0.21674109935247637,,0.4818098910677235,0.2941176470588235,0,2
0.81659548926624503,-0.47416395439477793,-0.32915095512960157,0.52605375465428839,0.84606291294821079,0.086284381829585588,0.23756947220581143,-0.24361053279013814,0.94032688688006627,-4.9073075113575602,10.664024054218734,-3.6290994663145026,0.573713504376254,0.441077768683927,0.9536178107606679,1,5
0.37087166854434345,0.89855141534793803,-0.23464773480123916,-0.91678876808273624,0.39455275858559713,0.061858511215798294,0.14816396386596239,0.19218083845356049,0.97011028504124874,-10.738661824080618,19.794630960167503,-6.7332170710305057,0.2336682944182459,0.1733837448207241,0.6216216216216216,1,5
-0.2062681715636874,-0.86876951584826467,-0.45021435975826629,0.97446134331872147,-0.22412004051363593,-0.013974899557403163,-0.088761093826330018,-0.44159906677090993,0.89281114041538245,-5.2566869076419511,-17.224915242294845,-1.6496174513614148,,0.5158496807950844,0.2950819672131147,0,3
-0.8796195850248405,-0.32047653534556181,-0.35151696393436177,0.37789426649437757,-0.91962044464403225,-0.10721082568186781,-0.28890363270717628,-0.22714098724276141,0.93002239915121399,-16.939007586484284,6.4625353410230852,-8.0124202268739317,0.2405201644797665,0.1380599770230201,0.2537313432835821,1,5
0.33053456369679435,0.9262416775462925,-0.18117189897442945,-0.93463866196689049,0.34791355620064934,0.073530462861042992,0.13113913892698631,0.14502590178326322,0.98069873766281612,-27.930228660779697,4.3298556713249958,-12.121479762130258,0.8470931583989568,0.6295959111620796,0.6901408450704225,1,5
-0.55823696422296554,0.79854520870066414,-0.22516003516685917,-0.81650770434974063,-0.57692492759108471,-0.02174388791220595,-0.14726391449586268,0.17170666144688479,0.97407913533866486,5.9276888580244638,9.1113608688030538,0.44237614949118526,0.2445971818902204,0.2320103879721092,0.6589147286821705,1,5
-0.098115712888891884,-0.92215591685271936,-0.37416810646797244,0.99307263440312632,-0.11515093807343435,0.023388122208633573,-0.064653303735713555,-0.36928136491614572,0.92706592205825844,2.9888946904832148,-15.351338238494186,1.1384554562775668,0.1898491791512196,0.1473268769881752,0.4285714285714285,1,5
-0.39163511455604577,-0.85158784596533821,-0.3484538386225467,0.90716910428877529,-0.42068007637478821,0.0085140804085489987,-0.15383807484031303,-0.31277214381305973,0.93728727335006989,-6.209883466865354,-11.043824685931606,-2.4355055790471258,0.3519955912025527,0.3967689742391764,0.9265402843601895,1,7
0.80372227443386302,-0.4912412055308048,-0.3357269479316477,0.54533898926321966,0.83385145509923897,0.085423284988645001,0.23798296655060749,-0.2517415913541563,0.93807797054096131,-17.730574720839694,12.913374368072176,-8.557122167176562,0.2493893090974856,0.1607279505482135,0.42,1,5
-0.83118366579615754,-0.44043454526772363,-0.3393392477278091,0.48695091615786057,-0.87122867545807925,-0.061962894643336881,-0.26835148400313019,-0.21674410348236561,0.93862104953966585,11.113115733516345,21.714778537026572,1.3340625418636189,0.214452628873294,0.3178492228352176,0.7941176470588235,1,5
0.64057071423010703,-0.69984011588665596,-0.31605849500762129,0.74819221160801752,0.66146160672553456,0.051739320803211142,0.17285130766017939,-0.26961519805794742,0.94732785793321828,8.4876340706884843,-6.8892608328799412,2.344259793973904,,0.07332305746235161,0.1612903225806452,0,5
0.070922963197954422,-0.87339707385693588,-0.48181685801698909,0.99743001707718326,0.057175421355158115,0.043177913639613846,-0.010163381554946466,-0.48364090249998704,0.8752075085968849,-6.4918463455005693,10.040194736001876,-4.2319093653619904,,0.08028829236211373,0.3809523809523809,0,5
-0.4259578944662703,-0.82164368560758405,-0.37876315296376106,0.88944867301249819,-0.45694581585021876,-0.0090321344811775759,-0.16565304168100886,-0.34073769277578542,0.92544956345749418,-0.75879034200534745,12.654742152744268,-2.194433201553434,,0.4100911576158546,0.2142857142857143,0,3
-0.95310707131225769,0.0028651984739937776,-0.30261973044115303,0.060470072591054212,-0.97798709881144152,-0.19971130383434094,-0.29653040474022924,-0.20864569297276284,0.93195316076963441,6.1683058976327843,-8.7563411955721335,1.7033520319532731,,0.3411048657602533,0.2325581395348837,0,4
-0.64999175283225075,0.71354871371379891,-0.26145545396384701,-0.73594389239524827,-0.67681553999555277,-0.017530318498515579,-0.18946585047493253,0.18102198202956246,0.96505633696997162,-11.55127295993306,23.7648465928403,-7.2272080673473065,,0.1553748912765495,0.3571428571428572,0,4
0.24930524575113211,-0.79331964818416489,-0.5554195083411464,0.96735252195732013,0.23098480973088323,0.1042838239440817,0.045563062932382166,-0.56328496649434989,0.82500548714398192,24.771963733300058,10.278660578261308,6.7251383826745199,,0.2627005156744813,0.2777777777777778,0,3
-0.60723085798859344,-0.72257825231760586,-0.33038062047291872,0.76580596172471382,-0.64307083104353779,-0.0010654801074720648,-0.2116882474142632,-0.25365444119630132,0.9438471859194526,17.43987670267791,11.224638449409733,4.34438650450039,0.1742484538590464,0.1834367043217238,0.5862068965517241,1,5
0.72240436755138837,0.63308792609816333,-0.27808561194604164,-0.64605153886370692,0.76131617771484517,0.054909804966816148,0.24647380971315055,0.13999055460417298,0.95898556076048458,-6.8559221577355505,-3.4592286733511202,-3.401552566726576,0.3178260858828947,0.3055358937434169,0.9232693911592994,1,4
-0.34189745638101882,-0.87258307411286029,-0.34886230534688173,0.92968704010144398,-0.36821812892875921,0.0098700048439930386,-0.13706982449688249,-0.32095823451027905,0.93712201708872456,-12.884517431915935,10.809996775119403,-6.6103557901692707,0.6614534154186962,0.5968246563314258,0.98125,1,5
0.50411936143312952,-0.72400170473096959,-0.47083457920473953,0.85794738740882093,0.48229026696162292,0.17698129514857083,0.098944175506357077,-0.49317099462634356,0.86428723245957462,1.5768849586243516,13.282557316291109,-1.5205333587326932,,0.4291933403437801,0.1149425287356322,0,4
-0.70000261496444649,0.68987811035712521,-0.18456579285723254,-0.6883381307507983,-0.72063171828975303,-0.08294904670491926,-0.19022869604093282,0.06897912325363513,0.97931349615826602,-1.0662595593858053,15.680731222444944,-2.8227710345052519,,0.4316182297243966,0.3623188405797101,0,4
0.83908718229036638,0.50473889047932541,-0.20290725209738719,-0.46730505431093466,0.85972714973198716,0.20614367375490211,0.27849360267601792,-0.078152929896533316,0.95725306623542328,11.305044499955569,-5.1264528133213672,3.1474543311384164,,0.106487101459121,0.4347826086956522,0,5
-0.93043735818561768,-0.1041279206657839,-0.35134555444802568,0.18255354034295856,-0.9630478371452702,-0.19802289836801848,-0.31774286365050314,-0.24838727726604468,0.91506460596590689,15.885350993278777,-4.0921786046558726,4.6062098289466276,,0.5154655833710856,0.4074074074074074,0,2
-0.76435700208802537,0.60284777844057991,-0.22876391627235299,-0.61095579481438511,-0.79055291835020502,-0.0419416269438454,-0.20613439824961144,0.10770626405753489,0.97257800229135305,8.6018253563119451,5.3601082169596612,1.5912351151926456,,0.119237031657358,0.5526315789473685,0,5
-0.60183210967590783,0.74648385274878759,-0.28383088159742742,-0.78284973447918504,-0.62171576975969312,0.024815214244123071,-0.15793797829817738,0.23713152303613944,0.95855319925064431,-18.629730760279276,6.5628383727471524,-8.660571863792601,,0.0858407155185911,0.2456140350877193,0,5
-0.47621441223989597,-0.80108481633515582,-0.36260577851473874,0.86216203411529158,-0.50645529079287321,-0.013403930695474155,-0.17290592964150514,-0.31900808056407559,0.93184622338110645,17.690422682883217,-10.367517146934755,5.5832536040802454,,0.2069983293643094,0.3076923076923077,0,5
-0.41932879910589033,-0.82498189060005356,-0.37890399631354288,0.89368609820606926,-0.44851917106659089,-0.012478423736608865,-0.15965123273443269,-0.34385379650034359,0.92535185228035099,-12.731981518212596,37.027020452157529,-8.3679520021384093,,0.09021432740694246,0.3571428571428572,0,2
0.56884197709032747,-0.73275809688595861,-0.37347607225636031,0.81440377487702031,0.56520512621270458,0.13149013943616722,0.11474012622456596,-0.37895743395657439,0.91827336163204787,-35.485461456201776,12.531864825355878,-15.303774393228135,0.7157634064566047,0.5337289544756844,0.2380952380952381,1,4
-0.43790196895848488,0.86072782562986283,-0.25959483001163697,-0.89362752931046707,-0.44831988534349554,0.020955172728129679,-0.098344824168600048,0.24115739796258301,0.96549024074154355,1.6508054553972076,-18.365666370135436,0.83736248712285799,0.5731408774658667,0.2716649633361386,0.25,1,6
0.49859260698432217,0.82680025856231032,-0.26039728243949556,-0.84720988435423839,0.52835849525765144,0.055432051572610039,0.18341435089178684,0.19297314043764599,0.96390899101345529,3.4019355801820077,11.104008006199297,-0.67444169331264259,0.2252789907579997,0.1994698091864615,0.7297297297297297,1,5
-0.096055674322089932,0.97323925555569235,-0.20875502119932113,-0.9949720555675533,-0.08790729087778644,0.047988715863258521,0.028353413731064224,0.21231500101483328,0.97678985676237706,-11.340904426402243,-2.3820101496870567,-5.2857738059840411,,0.1773895304561647,0.75,0,2
0.95370018096340359,0.063815807005228667,-0.29391071366427374,-0.035096543776640898,0.99416749189863374,0.10197661823630981,0.29870419723416286,-0.086939869037462633,0.95037743119586082,-1.64594401082013,-22.598596159700744,-0.11648618062721268,0.2202009134746317,0.2416221190514822,0.7254901960784313,1,5
0.94026928045612401,0.21861350269643853,-0.26096324773675666,-0.16298232891684072,0.96208125578020731,0.21871538065993659,0.29888198455471404,-0.16311895571996687,0.94024558791491375,-0.45582076446631881,9.4021918937916258,-1.9009290740403084,,0.0896359130698178,0.2941176470588235,0,5
0.088788538435384354,-0.90178321282519713,-0.42297001372339921,0.99590477537492839,0.087637316980190422,0.022212137626208203,0.017037424333515547,-0.42321003974288923,0.90587139729262933,2.3175247505902083,10.770711981194983,-1.0153375405321725,0.5192650799142163,0.4336570414255429,0.5134328358208955,1,6
0.91921538019314641,-0.24338718047707658,-0.30952506392178947,0.27738618246071589,0.95818092809839361,0.07032933106727815,0.2794637554249913,-0.15050577865291204,0.94828688696820052,18.489288771735318,-3.7152755494347049,5.4674513540094987,0.234053380933992,0.221192129239065,0.6304347826086957,1,5
-0.10742625193654362,-0.92296760737484573,-0.36958137957913928,0.99248186587144749,-0.12148191796575766,0.014895956622259504,-0.058645940278910895,-0.365202600407109,0.9290789602314159,-0.71719025323865693,-4.2379720778855745,-1.245208711095555,,0.0890575638714276,0.2706766917293233,0,5
0.50469582528926282,-0.74342998217182843,-0.43885531276673012,0.84717977328416705,0.52427598270291698,0.086145955790607409,0.16603781398758713,-0.41526684862734392,0.8944187435185702,-27.435868143143772,6.8785317349891466,-11.944898010596292,,0.4860959238921295,0.25,0,4
-0.27680123777079113,0.92971326213596162,-0.24292864173881779,-0.95933049466132614,-0.28193250685733562,0.014108989687195997,-0.055372166125346851,0.2369542398558154,0.96994155052401987,-40.401208472646651,7.985407806945978,-17.027953819449827,,0.07452411408935086,0.5,0,1
-0.78514728613356377,-0.50778254045499571,-0.35454284746158699,0.56065228097737807,-0.8259746356614831,-0.058608199756884069,-0.26308317869442488,-0.24479132511784471,0.93320118315135381,27.927511181368676,8.4138479577456646,7.8948034498889204,,0.2125857606450833,0.1333333333333333,0,5
-0.13493292870981621,-0.86293459486768609,-0.48696713413774834,0.98824870724964975,-0.15282468828002863,-0.0030178256255017906,-0.071816414343696691,-0.48165184483468171,0.87341508058778083,2.089184894013703,20.342911199000564,-1.8861610721815316,,0.4384566434952634,0.5094339622641509,0,5
0.93864217950907325,0.22521185549265846,-0.26120964567184618,-0.14535699361978163,0.94513688292289488,0.29255361379516981,0.31276541249357537,-0.23663451287660586,0.91988146196310305,13.113661888238163,-14.372211404098165,4.4882448900348617,,0.5588032086085342,0.3714285714285714,0,5
-0.87231391302635386,-0.34207187726137034,-0.34936409078142788,0.3915012532400014,-0.91669671054846447,-0.079961925821816354,-0.2929081867277869,-0.20652837978473423,0.93356886328290378,0.87161027600409546,-19.25573371699199,0.6115383973812677,,0.1696909244061448,0.125,0,4
-0.32895731895645802,-0.84201708184999424,-0.42754451952726424,0.93417456913970165,-0.35641954145000571,-0.016822153406167436,-0.13822068107787647,-0.40493498780098985,0.9038377614245714,-0.32574616846291882,-11.513842664986782,-0.3020351838003813,,0.1430834349693922,0.3225806451612903,0,5
-0.93129166217544535,0.23345804694011438,-0.27963043518437858,-0.20528566377703336,-0.97048603822531232,-0.12654898599894765,-0.30092131232287356,-0.060449896018491142,0.9517311457871046,-9.0690867327698754,17.675070139015219,-5.8394253347390244,,0.3854237516016802,0.3859649122807017,0,5
-0.014197437264236256,0.97460501119223764,-0.22348043523786601,-0.99952937848808021,-0.0077548614917898051,0.029679684339194067,0.027192909266187788,0.22379663599397809,0.97425644026786873,-8.5405470432197461,3.1120639076365433,-4.48322198450514,0.1422553910591405,0.09463287971052134,0.4047619047619048,1,5
0.39187050014702629,0.89361803066446177,-0.21882487606734732,-0.90607947865990379,0.41610586056027538,0.076654361642313845,0.15955403306064503,0.16823414658969557,0.97274857103740875,-11.384391226564309,3.4487348504791964,-5.5995169331842751,,0.1535203011290926,0.2745098039215687,0,5
-0.85594176300796043,0.43875481098990482,-0.27360174372989493,-0.45129851489261119,-0.89217371207263119,-0.018860486268053485,-0.25237541242076234,0.10733258274986517,0.96165813462253591,6.0886271108363212,19.169659616744511,-0.32241792135325348,,0.1190074214405919,0.4210526315789473,0,5
-0.89972067521580679,0.34974129851789476,-0.261120146101808,-0.33669815884223181,-0.93684228402372416,-0.0946619495756503,-0.27773558724344988,0.0027493592396446256,0.96065362363461004,1.0788687089978668,18.415735488913839,-2.114940049904126,,0.5162917378030789,0.4166666666666667,0,2
0.69923300925045873,0.6677084706658758,-0.2554184742253075,-0.66788838310479159,0.73755503174044112,0.099687927393554601,0.25494765440814321,0.10088594230809725,0.96167755519009179,19.453651825392225,2.0529521874840317,5.4109108481535424,,0.1404693480601016,0.35,1,5
0.5773857841626806,-0.74526074127731456,-0.33348475790901355,0.80198378330814912,0.59427848500573766,0.060457369857048845,0.15312631242733285,-0.30235659372679841,0.94081497791666446,11.578357952770455,-7.0753891802702729,3.3778171449851024,,0.08058235192435577,0.2222222222222222,0,5
0.8343987025461127,-0.33656375213778594,-0.43646723351965405,0.47488502434290236,0.84095793425483401,0.25937225462389873,0.27975528385395382,-0.42369162554950096,0.86152329486498302,7.1198964968594201,25.283415526522987,-0.40485893447092974,,0.2759000173028269,0.2380952380952381,0,3
-0.57046989240226487,0.77184803482749886,-0.28073958216731004,-0.8071628153433914,-0.59005718131755724,0.017908442213352683,-0.15182981060871362,0.23681877862303694,0.95961688954603896,-3.3662737251492167,-5.8945373408273651,-1.9487006970257876,0.2069101576036516,0.164015936456043,0.7724867724867724,1,5
0.20099817292453248,0.96822486660414453,-0.14879631101067581,-0.97489551932338203,0.21256897751543827,0.0662808886575426,0.095804284268461895,0.13173851937617587,0.98664406025089924,-7.511116792373179,15.109317310490162,-4.9285069236774142,,0.1502486760410029,0.3333333333333333,0,5
-0.91603221952878067,-0.23403577699882699,-0.32574871890727769,0.2646292129959017,-0.96292891918123735,-0.052338095433682071,-0.30142387499059692,-0.13414600884488093,0.94400661856612189,-14.382439491891256,22.467491618583576,-8.2302911047700569,0.2605280392635425,0.2365353945448657,0.4680851063829787,1,5
-0.56653920718445316,0.79112703888879654,-0.23054573312437324,-0.80806039777999417,-0.58819191699562312,-0.032690401047563225,-0.16146739690243239,0.16777448292293334,0.97251221206599436,-26.653169712768218,5.8341805131862863,-11.572218081382728,,0.1571915500020322,0.2857142857142857,0,3
-0.87560287085827149,0.3861719201246418,-0.29015661400698656,-0.40588886360391246,-0.91388241893444611,0.0085530558778161535,-0.26186607826726388,0.12526041860768192,0.95694095146103486,-14.765250747941382,2.982675271396332,-7.011852052177157,0.1175089804132459,0.08527637690686911,0.3984962406015037,1,5
-0.045941192463708085,0.96498288716527736,-0.25825846416560627,-0.99848960883721727,-0.036560953050368168,0.041009727579550903,0.030131509738357612,0.2597524286512331,0.96520503932101021,9.4479031858470126,14.343009247736338,1.3298947176019449,0.2723830984541006,0.2511830077685064,0.7439024390243902,1,5
0.69975458496423304,0.65724338610419364,-0.27995473249049924,-0.67484612330159888,0.73671752238923316,0.042778523460632413,0.23436345851334509,0.15899189799157212,0.95905961529338735,7.560313632562635,2.1579855863316357,1.3785945488906881,0.4201740343608525,0.3646639791783741,0.7491638795986622,1,5
0.95334646371789145,-0.025846212801959732,-0.30076983459181611,0.06070822571401837,0.99238807600312517,0.10714671221027999,0.29571106074553327,-0.12040714219103692,0.94765874061401467,-12.604123252880425,-12.293379312764939,-4.7202881511994743,0.196551034079824,0.1270606434853194,0.3859649122807017,1,2
-0.097552779420984226,0.99521032401468068,-0.0063139687864393291,-0.99522880159081994,-0.097539462705208094,0.002384470440238126,0.0017571884764660988,0.006516455307502356,0.99997722379006426,-7.4654010491192198,-12.532731600849548,-2.8089117441985447,,0.7550178986869513,0.7362637362637363,0,1
-0.31894417408266013,-0.82347659470845302,-0.46921307716867888,0.93946920154715519,-0.34008006106993666,-0.041751304255309186,-0.12518879008553865,-0.45412757021572586,0.88209745312345189,11.563441273497988,-18.522473560224807,4.1402274588147128,,0.4525537209548539,0.875,0,5
-0.94585059237708036,0.15624904978795612,-0.28452221589937071,-0.13390905138834022,-0.98628673860400451,-0.096471940014453444,-0.29569413733823369,-0.053147941580443593,0.95380305799969045,3.8476833177195315,2.039714128372387,0.14655500273129826,0.3527227500092716,0.1990941418459095,0.2933333333333333,1,5
-0.6928312389657566,-0.64416711542090976,-0.32408887935793196,0.6809886098057456,-0.73229395418821464,-0.00027923865782763336,-0.2371484506127203,-0.22089430067272983,0.94602659598041583,7.0797107752619368,13.346395345246107,0.5252217485627777,,0.07616955848408655,0.2413793103448276,0,5
0.93731980796172487,0.24208010025553339,-0.2506567427037753,-0.20600376737320006,0.9650937868949947,0.16172949738599818,0.28105875796823027,-0.099956028117117388,0.95447093565619201,5.3035093879135049,7.4170063897742562,0.38310505050966803,,0.1563204259945888,0.1428571428571428,0,5
-0.73233002820504467,-0.53353015452801711,-0.42312918121834792,0.62623605873706711,-0.7717229555515257,-0.11077941420807016,-0.26743434432896557,-0.34610584231435482,0.89927171499453273,-0.043883270418008151,21.560686519192185,-2.817260327451415,,0.2793969559255179,0.1935483870967742,0,3
0.018183975440150567,0.98378656683969246,-0.17841898425605798,-0.99911216828441562,0.024661856516066078,0.034156522352174444,0.038002871249494065,0.17763947685960027,0.98336158051748301,-1.3041777032909971,-7.4996881759461349,-0.92488543594221451,0.3890614083895093,0.367302451481953,0.8868940754039497,1,5
0.42725844081627556,-0.82056516187786976,-0.37963540385953437,0.89825116006082006,0.43305107989268082,0.074910717879186905,0.10293239626394288,-0.37301417843847379,0.92209833775104189,1.5758664927260171,10.326134807415981,-1.2906584214767403,0.1129701433168589,0.09054777709251462,0.2916666666666667,1,4
0.43086875920501588,-0.76038757499880605,-0.48596589193951301,0.89616643997588419,0.42380330065644861,0.13144000233433878,0.10600860437757537,-0.4921397140448393,0.86403742838940933,-15.260426698363228,6.0744829063263044,-7.3072196114292032,0.3010466463082664,0.162253039803374,0.3043478260869565,1,5
-0.90241979523199256,0.32331759676036026,-0.28478806997231521,-0.32167523835649747,-0.94531454354078626,-0.053902270810864697,-0.2866418570302352,0.042966794101751374,0.95707382181463863,-0.46029977185956777,22.618415089602145,-3.0074266712394389,0.7892958579404105,0.4632690449191175,0.5,1,4
0.93668348559886527,-0.10508270744777744,-0.33403842952840912,0.20217409629053579,0.94115128693137029,0.27085030902055734,0.28591901405024867,-0.32123492914512136,0.90280586933275053,1.2050071964495883,9.1807885700963876,-1.3531048327149937,,0.215768497484979,0.1875,0,1
-0.95663388383685621,0.074907836244744327,-0.2814967643940956,-0.053311203769609072,-0.99507050264560137,-0.083621829191109151,-0.28637305712627653,-0.064988543865533641,0.9559115865593375,-9.1019894473752725,5.03372861122239,-4.9509919164164407,,0.1788648777242066,0.4708171206225681,0,5
-0.30443842710336039,-0.82256570173975796,-0.48031542805141331,0.94256451596113089,-0.33290613235970185,-0.027306414782321212,-0.1374386312278737,-0.46104140091610557,0.87667066181521325,7.8689159318439543,-8.5353883430085151,2.2351311812021413,0.751994430960865,0.5626819433044025,0.3821138211382114,1,3
0.82874566839625274,-0.41267477496590776,-0.3779949036975046,0.49886494118855257,0.8508623463470375,0.16482426405646708,0.25360281458885742,-0.32516580028602554,0.91101746127994621,-38.215134119317071,8.4910060770225257,-16.206133625346002,0.2571017988671456,0.57908562617082,0.8085106382978723,1,3
0.83826834040332954,-0.39940703369201125,-0.37118756837318462,0.50975244633831929,0.81569395366714159,0.27348823997197225,0.19354232852156097,-0.41847030406973545,0.88736912932681888,-4.8254016160082331,-14.861986546027042,-1.8201706497860897,,0.4313501188579416,0.2,0,3
0.55060992137726394,-0.77621149788137411,-0.30712281751390441,0.82190536411752457,0.56842854319400826,0.036885820001440806,0.14594617814716668,-0.2727355896084947,0.95095478927504451,-12.128835642195012,6.7403596688278347,-6.1975546986581422,,0.07642407661528207,0.5376344086021505,1,5
-0.45661954457083948,0.86970399454104763,-0.18738610779687948,-0.88205110400041109,-0.47004918980202431,-0.032242969747144107,-0.11612252773503549,0.15056135309502541,0.9817570155117914,6.5512821125442251,-13.638457006544851,2.2030282594170214,,0.1469462242943343,0.2,0,5
-0.9614284832016774,0.15663329981319873,-0.22610015718294196,-0.12519190112205716,-0.98113026202964759,-0.14734448351764168,-0.24491275912448413,-0.11335527477477232,0.9628958002290634,-16.74671987278569,26.028246542797703,-9.4825211721501059,,0.4674058604114505,0.3333333333333333,0,2
-0.20657095928985331,0.95579016915131343,-0.20926918390382851,-0.97802647182041091,-0.20786166070258166,0.016054607702601913,-0.028154203888395884,0.20798721730834693,0.97772626958660669,-11.950461666997739,-14.283224406880052,-4.311912538230426,0.2019168808251032,0.2159968654922334,0.7604166666666666,1,4
-0.90864656988095061,-0.23796723099878883,-0.34312243880916876,0.29104803820025371,-0.95015606783751916,-0.11177873774259225,-0.29942019054059515,-0.20143247931332406,0.93261594763027778,-8.8340171723518104,20.751405138933233,-5.9503407192519955,,0.1902315738899866,0.2619047619047619,0,4
-0.57661767610850967,-0.74210383154423498,-0.34175131134581982,0.79069870203586567,-0.61218703609890746,-0.004753465181538595,-0.20568815765138054,-0.27296325034663627,0.93977840247697764,9.7505623654182276,1.2296756588274507,2.2235013634490111,,0.0764549912593824,0.2765957446808511,0,5
0.09980636483773081,-0.88177228439305955,-0.46099493274235043,0.99480789345779996,0.079165093119288807,0.063954226955455135,-0.019898358021035414,-0.46498443684456875,0.88509520891280802,-4.7650505713076834,9.1560986562904603,-3.5268220192152127,,0.2728373572138932,0.5454545454545454,0,5
-0.2687376558111611,0.95323537285729676,-0.1382837527793182,-0.96143821583136946,-0.27417576588107179,-0.021545452943018715,-0.058451941696696152,0.12716121003331751,0.99015826875037882,-4.2730619749116006,-26.485407134071842,-0.78419316398521044,,0.6070013923305887,0.1470588235294118,0,2
-0.52570344298957861,0.80758027304386082,-0.26730131428652787,-0.83937133065135472,-0.54348728174032923,0.0087945362061353487,-0.13817257075655764,0.22898837782060091,0.96357286362454853,0.82051200648020139,6.8571224098690395,-1.300440034545892,,0.1143913713423001,0.5944444444444444,0,5
0.29962813734641264,-0.87880371357497855,-0.37138526130845051,0.9522272514638862,0.29955658801191232,0.059406330876377769,0.05904439753144726,-0.37144297487701688,0.9265764272496142,4.3790294560439404,18.474700523601168,-0.94580539413450593,,0.6750247891998699,0.5974025974025974,0,5
0.95129294723789148,0.12216138536221602,-0.28305180526156526,-0.055909829614776703,0.97127787320267611,0.23128636790639784,0.30317621853947185,-0.20419571237729531,0.93079981282703106,-18.892902384789988,14.000688979111519,-9.3431331973500367,,0.1359906728214614,0.2307692307692308,0,3
0.58646963979592137,0.78610939952902692,-0.19515474262685911,-0.78503782038204806,0.61099223352652143,0.10200054480284139,0.19942161910747333,0.093383631019498911,0.97545400470251209,5.4020642696800909,5.909193114373533,0.40876915151513321,0.6207307936993727,0.6113255796141666,0.7282377919320594,1,5
-0.53905473771296419,0.81857083673192632,-0.19839802166655934,-0.83069133437076781,-0.55560867902103761,-0.035368104243992032,-0.13918296142317063,0.14574217319806457,0.97948319138257034,15.365909438763662,8.6606726490298289,3.7318505986210844,0.1374657275707168,0.1266149134372884,0.2592592592592592,1,5
0.70187924197349139,-0.63304887489418016,-0.32651899130361278,0.68460945669926776,0.72610720168307552,0.063860969785197619,0.19666067599967632,-0.26836067830288601,0.94303081861419791,17.401803551782127,-4.4214633913677837,5.0605802437006258,,0.106999228990098,0.4242424242424243,0,5
-0.82621033404875477,-0.47408890626599248,-0.30432908646161583,0.49159551339253982,-0.87055683362069414,0.021555756740092351,-0.27515511102534873,-0.13179722452247514,0.95232303158371745,-11.525616353986289,4.8123464793584754,-5.7852137712509295,0.32631373848776,0.295225315308066,0.959731543624161,1,5
0.77959186242486389,-0.49438463940268579,-0.384474129641523,0.5825544450833372,0.7978054642560054,0.1553600969261503,0.22992791599667795,-0.3450945805513817,0.90996861699703069,11.165211391935078,-10.188527377198643,3.4355114956278086,0.1869051525890027,0.1859873491966689,0.3928571428571428,1,5
0.055305191048536533,0.97645512417594627,-0.20851073428872402,-0.99803237631511987,0.060240796158699546,0.017390293412171475,0.029541693754425825,0.20713869012983541,0.97786545668686764,3.610569244196483,-21.13610520561198,1.6630854701256159,,0.1821111063066998,0.1428571428571428,1,6
-0.79008166938141289,-0.47410416585310622,-0.38858228939081912,0.54678297739595594,-0.83162663248925739,-0.097085116081671183,-0.27712692279440032,-0.28917535174234404,0.91628504550014256,-5.0561153046073466,22.829274748492782,-4.7642013039013271,,0.170954994944089,0.5,0,4
-0.69253437115406458,-0.61873544732464925,-0.37089431243173843,0.68001457786768604,-0.73153534194838843,-0.04935805271572425,-0.2407827208453269,-0.28639568730066728,0.92736249203744547,21.122560816529159,10.667048156354918,5.5745955646549366,0.4276541172401924,0.400713930466894,0.4571428571428571,1,5
0.34099422410222341,-0.84577131044687126,-0.41035817227625149,0.9370030781375589,0.34099671715036695,0.075805477726963541,0.075816691365841404,-0.41035610062195449,0.90876823227524972,-8.5691398476615177,-11.369933582277213,-3.1939858087001047,,0.1095169423160089,0.2692307692307692,0,2
-0.86722251219004798,-0.38091306698069738,-0.32067171648609882,0.41029441159942076,-0.91155946075399708,-0.026792635558440366,-0.28210567197606534,-0.15480498994942324,0.94681138825306277,-10.674514496619075,9.1212463665547467,-5.6427105491663188,0.2207841180392912,0.2169742681806933,0.472,1,5
-0.35857691061315705,-0.79041408702964333,-0.49665699451454343,0.92321503284744177,-0.37902939116971812,-0.063330275177116924,-0.13819045661557244,-0.48122997792594779,0.8656333554373763,4.4820642178412244,15.933872779005483,-0.72725757646245281,,0.32304249973316,0.3255813953488372,0,4
0.92610901939867918,0.26051121486006079,-0.27286625134037823,-0.24373353936096126,0.96524602245202384,0.09430841919533843,0.28795146462380417,-0.020833220410686415,0.95741836777258649,-15.101146406892312,14.34074380769186,-7.9527451609278534,0.3632257852083997,0.3243941419188224,0.9819819819819819,1,5
-0.74843320486658049,-0.4979780057924737,-0.43802470660921655,0.61284047058229962,-0.77176097656057974,-0.16973966146639258,-0.25352375720946679,-0.39547806614932673,0.88279261648769136,-21.792952200717608,12.441720368084626,-10.225414502780746,,0.326757185535953,0.2631578947368421,0,1
-0.88858098956466647,-0.31882933264343066,-0.32980552092168325,0.3584074081404619,-0.93127443642746621,-0.065360950473056761,-0.28630046240674256,-0.17628323999419132,0.94178355502888011,21.093736617464874,1.3070176899869295,6.0275644672099373,,0.2751530503650269,0.7631578947368421,1,4
-0.44902425662182505,0.89208853838300151,-0.050549546495468167,-0.8858864674128335,-0.45185435776772043,-0.10503716590393679,-0.11654348467429515,-0.0023830761634874172,0.99318273098557819,8.285682537843778,-4.3814097621357453,2.0670346441156928,,0.6834430885628886,0.3939393939393939,0,2
-0.95205725587227696,0.18488116935956503,-0.24373332713683518,-0.15461463564051781,-0.97827373146997165,-0.13811162428112073,-0.26397215002098534,-0.093805434448433797,0.95995793891255488,0.085577173074853852,-10.060201694985798,-0.21243992800460015,,0.3752971752223718,0.2608695652173913,0,5
-0.30939927981913529,-0.85072833048575547,-0.42489221380994907,0.9428506552439202,-0.33257309543716979,-0.020682797137949519,-0.12371227729498319,-0.40700914473787719,0.90500764004854173,-2.2960591236583197,24.789515422367401,-3.8292233760099879,,0.1826387063405555,0.3571428571428572,0,5
-0.87385502466775433,0.41813226685694649,-0.24807822007582453,-0.41111714088831797,-0.90788136753293769,-0.08206167774507539,-0.2595382290352094,0.030279199124035767,0.96525803688426937,-15.069098648022869,-19.940743051679338,-5.0962498410727015,,0.1383019153566834,0.1764705882352941,0,1
-0.33333622388754947,0.93431869605574913,-0.12623603306931072,-0.93896656555524882,-0.34106330215155534,-0.044917843835824624,-0.085022059571455394,0.10355866997100503,0.99098277041534188,15.77585490297013,14.414993052145554,3.5838974137550479,,0.2567302308214827,0.3809523809523809,0,5
0.13703780530404397,0.97472761147780085,-0.17642767169645932,-0.9884996710130991,0.14606312775004798,0.039165841225094977,0.063945604418499058,0.16903149450518323,0.98353409373590028,-4.345739151649278,17.625769975626692,-4.047516191822548,,0.2415630985885432,0.4090909090909091,0,6
0.85910606673045831,-0.3638761246432527,-0.35990405946797716,0.44440307008608043,0.8791729026938977,0.17193288942739335,0.25385562315022192,-0.30765105734158316,0.91701044133184118,-0.1359153554290764,12.107879430107358,-2.0400151082765987,,0.09512799651852574,0.3076923076923077,0,1
