axis_00,axis_01,axis_02,axis_10,axis_11,axis_12,axis_20,axis_21,axis_22,location_x,location_y,location_z,dbh,dbh_approximation,score,reconstructed,number_clusters
0.0115290762090711,0.99989425334237114,0.0088635509062809596,-0.99992651364241458,0.011495317020200083,0.0038503248605755739,0.0037480283739983748,-0.0089072902449568361,0.99995330514169545,13.518993401486282,15.107904406853788,0.48807612008513779,,0.3196561305083945,0.3,0,2
-0.54234342220069232,-0.79889013868915881,-0.26007337176431233,0.83666516836617555,-0.54175419238656708,-0.080584062161061648,-0.076518026885440085,-0.26129856742201085,0.96222037508294511,-6.88698406933334,11.457634987833018,-1.3205543914956115,,0.4437066367230731,0.28125,0,2
0.73181644054080464,-0.66475990089524017,-0.15012984885071634,0.67820078925784089,0.73203686765349074,0.06454234149849819,0.06699542375588198,-0.14905132860131606,0.98655730428493305,11.055278435060375,-10.537194289785365,0.82774626475570423,,0.1295912912521971,0.2307692307692308,0,3
0.82274139582915218,0.56812183085886658,0.01828061516110456,-0.56500414381698372,0.81386177108473978,0.13564414855218856,0.062184508189226308,-0.12192867943343207,0.99058895818239567,-14.142187527616089,-9.0597143990348226,-1.655797989295043,,0.2077451077180233,0.28125,0,2
0.89350479666542149,-0.42838012649351503,-0.13468350144425503,0.4393587724712652,0.89595374272857409,0.065044292164677012,0.092806505097584119,-0.11729176491152569,0.98875153324559362,-13.265558889129951,21.691313340468113,-1.6487981522204238,0.5681560541213853,0.5089684703197594,0.6818181818181818,1,5
0.50322659655528323,-0.83765919862051108,-0.21234420049963584,0.86152185521394098,0.50547748112489366,0.04767188966636865,0.06740241470537954,-0.20692893234653301,0.97603141929438331,22.371386056974629,19.535764932524096,2.0635840358206314,,0.336596423785917,0.8717948717948718,0,5
0.59421058988078901,0.79738293944845307,-0.1053291163452437,-0.7991313071543128,0.60013676986063647,0.03500016267221049,0.091120408248450913,0.063374327119005522,0.99382129473203051,-1.616910634654757,7.504935741318846,-1.3623454620198205,0.1192908373400528,0.1062934935540498,0.4193548387096774,1,4
-0.70865168398330169,0.70554272938613116,0.0047167571485300921,-0.70079368522538732,-0.7030746390387892,-0.12072391100646071,-0.081859645344030327,-0.088856676456210135,0.99267491633127547,4.901748466157458,9.6934112628870608,-0.7085802170655664,0.3667504853906655,0.2670157857424001,0.3863636363636364,1,5
0.15818395317258302,-0.96858165773748783,-0.19190468793959892,0.98738313169346437,0.15373887258909669,0.03793297117602841,-0.0072379697361895628,-0.19548383910066389,0.98068021314012688,5.1982634164723631,-8.0408308925199972,-0.32713872971187485,,0.1889303460977329,0.3428571428571429,0,3
-0.88936738713966501,0.45707561526512452,0.010369793747881616,-0.44970416752955156,-0.87048554329207983,-0.20005269462330694,-0.082412452935942557,-0.18258368177222406,0.97973026224138882,-17.353524056938582,4.2935205657790005,-2.0953014200355815,,0.3830882040252124,0.4054054054054054,0,3
-0.31182975279879138,0.95012795183615517,-0.0043681127591009318,-0.94999996682598542,-0.31185951841296811,-0.015611015529337746,-0.016194699752398869,-0.00071827213721344205,0.99986859925945548,25.130343827230352,-3.2825588932477019,2.6427105552763965,,0.562615966262166,0.1851851851851852,0,1
0.71858745194549756,0.69537581314524521,-0.0091952378472570078,-0.68804836874475428,0.71281334295499443,0.13596536460808323,0.10110151420310509,-0.091376236505537792,0.99067091772592397,-17.01629224469907,1.2530316818202492,-2.0668790549344869,,0.1538225682912975,0.4146341463414634,0,3
0.62506522844526435,0.77376124862174644,-0.10289310142078098,-0.77535025712275374,0.63068793082914643,0.032629935429466572,0.090141216812016825,0.059382354599386337,0.99415707863188474,2.6716056240839614,-7.5688577486687363,-0.67334374686200071,,0.06936929058991391,0.1935483870967742,0,3
0.93246806367279722,0.34544429647831776,-0.10569554513273216,-0.34253913849622769,0.93842110603168438,0.045086210225889267,0.11476170453843615,-0.0058365901750243717,0.99337590336516746,-9.3671763900756808,-8.6359525075620098,-1.37919292002274,0.2919839304789524,0.3078723389369885,0.9178082191780822,1,4
-0.56671940484142758,0.82368820093974826,-0.019153689169970407,-0.82109461405804574,-0.56655012410404537,-0.069459280463884845,-0.06806431474016375,-0.023636931068401978,0.99740089459986969,-2.4862204470672369,14.663191942109226,-0.91815443149938292,,0.3467921490644508,0.6818181818181818,0,3
-0.3322716829076891,0.94306712976866014,-0.014829615220651678,-0.94296495233219535,-0.3324921733448572,-0.016311141515942023,-0.020313232407272366,0.0085640769679990944,0.99975698505929611,5.258105019046357,15.971153213749515,-0.15151455694526603,,0.1088631375174697,0.2340425531914894,0,5
-0.17151842396740785,0.9847746369322341,0.02829036399062701,-0.98513547558585013,-0.1717155749318392,0.0046750473867286048,0.0094617642105881711,-0.027067984424658527,0.99958881508208608,1.1634702427614945,4.5847138730405499,-1.2232134457514687,0.2805065423365315,0.2109197025284149,0.5444915254237288,1,5
-0.82366857820894324,0.56680366610170085,0.017426341122844129,-0.5613413430894244,-0.81060288890506293,-0.16678984692518731,-0.080411254248515113,-0.14716168180758815,0.98583846019403354,19.028257558847692,-5.1711026377922344,1.7838371702394671,,0.1461931968457797,0.2413793103448276,0,5
0.86256109747241305,-0.47911769393178949,-0.16258717196836764,0.49485442875918462,0.86583238988594757,0.0738469157230741,0.10539187570495478,-0.14415445877902536,0.9839268491862182,2.2702858408075,-1.8034488237765145,-1.0765036946101616,0.1903118578242766,0.2145972715701357,0.6347222222222222,1,5
0.020531068082143389,0.99723555102156169,0.071412401038824791,-0.99975153433155561,0.019857724651966276,0.010126222066911991,0.0086801408460988952,-0.071602559663536097,0.99739547252056593,15.915982199790887,6.4588135138264757,0.56171203813266835,,0.604916409918833,0.2037037037037037,0,4
0.58765833236826892,0.80796817227998374,0.042954824882529136,-0.8028992087393968,0.57576076222107886,0.15444223933967596,0.10005271112666779,-0.12524766372729706,0.98706761558013767,-2.0662660698617263,10.971527853006332,-0.90573013157131788,,0.2894663226164,0.375,0,5
-0.70831286088889844,-0.68908739550453946,-0.15313867067515591,0.69948594675784548,-0.71433821887406179,-0.0209837876493453,-0.094933141671724744,-0.12198143470464232,0.98798189669635794,2.752897213231841,17.009414091074646,-0.37140866350211443,0.4027382864333682,0.3937505689700914,0.5225225225225225,1,5
0.77802521107775013,0.62767082353323345,-0.02657269674936881,-0.61769612387866468,0.77200563215174167,0.14986261198598447,0.11457866063405733,-0.10018303853997022,0.98834967967627896,7.233682284083871,-9.8567423004971744,0.010759106480556781,,0.4226778348919022,0.2142857142857143,0,3
0.71376067966797196,0.69344596615330811,-0.098378779142768255,-0.69337264055546666,0.71943752714261189,0.040546588858560086,0.098894254075027416,0.039272593046940599,0.99432267898621085,-3.0260366935900613,-2.2095510688807027,-1.4850586674774267,0.4406284286325844,0.5180641805059343,0.9186429512516469,1,5
0.5738957436887091,-0.78529743953414921,-0.23227485192567493,0.81743128393404318,0.56646397158432793,0.10452112199384719,0.049495165641974828,-0.24985295747303132,0.96701795651376332,0.26631824208120708,-9.3805669105036475,-0.83972674517820522,,0.09426442880370978,0.3333333333333333,0,5
-0.83226850614010062,0.55125454147594488,-0.058715961964960241,-0.54921830105167291,-0.83430193547862752,-0.047953500878767805,-0.075421425849947307,-0.0076623076655499946,0.99712230822702952,-3.4832375622679455,7.3229457949714538,-1.3931030695359425,,0.09401328726380427,0.1707317073170732,0,3
0.98197914857637159,0.15681589452391295,-0.10547856173597348,-0.14745931021719744,0.98483961831387401,0.091360155591217088,0.11820619100323305,-0.074159971844979439,0.99021593351372572,12.071616147736181,30.211044322262531,0.92079191954922024,,0.1578871509738451,0.3214285714285715,0,1
-0.7399480011013142,-0.63245207493443045,-0.2290880367398167,0.6699614077370124,-0.72341705465370565,-0.16679171795745443,-0.060238424690647684,-0.27689734189278853,0.95900948600287483,10.517855233168397,3.0553169562662097,-0.12640654249199615,,0.2893875638487579,0.2,0,5
0.9409776881359323,-0.32317563482340694,-0.10059075249168224,0.3362728450995246,0.9264303374239411,0.16925543875820667,0.038491090904599623,-0.19309152999821039,0.98042546731708446,5.5991324185742384,5.5363755590384969,-0.8908156071244081,0.1750120755743632,0.1918287639997167,0.3761467889908257,1,5
-0.93518348866082823,0.35416225836776372,-0.00096813429298626865,-0.34089510176839405,-0.90088538273033891,-0.26869323916527621,-0.096033182423995209,-0.25094744854382817,0.96322531421410618,14.681434634628042,7.395400233399342,0.15480810908848114,,0.5024513742964103,0.3188405797101449,0,2
-0.37623719049454657,-0.83652003896514904,-0.39834633285436116,0.92431933757740004,-0.36851868998230147,-0.099134944970006508,-0.063869700713625216,-0.40549747168567601,0.91186208485015841,0.78005927534576458,20.589135165219712,-0.59184279505640591,,0.7065346882051387,0.3448275862068966,0,1
0.95942857316024566,-0.25050545717483219,-0.12939794793319692,0.25999383649947344,0.96359992704951525,0.062276685625142346,0.10908720358492599,-0.093392700548790536,0.98963517798137302,-10.932403196336908,12.632786493540808,-1.4933911261666959,,0.1389198102123482,0.4117647058823529,0,3
-0.76941790236747798,0.63790505644912043,-0.032760196474905592,-0.63489093975421795,-0.7693941709680302,-0.070328545402442003,-0.070068438932489083,-0.033312889953617246,0.99698578988293596,11.748152314571097,11.721378822943361,-0.085301411022499163,,0.08244162331229965,0.1951219512195122,0,4
0.68141087684751511,0.73161717755968692,-0.020384366889838485,-0.72494192148650427,0.67850153748630238,0.11872183497647025,0.10068975809563228,-0.066120867570857125,0.99271829009358004,6.6972636040849638,9.9976926912910589,-0.53252563595384839,0.6456488838129482,0.618822024150757,0.9522727272727273,1,5
0.71023214401256629,0.70265413358340645,-0.042982207591815355,-0.69694711911741569,0.71043879854244008,0.097680226655702113,0.099171642949224148,-0.039419311050890318,0.99428924521540785,2.2957642544578394,23.781763519190882,-0.38323052331305663,0.4834886326397355,0.4434914441775946,0.9545454545454546,1,5
0.53549426523858812,-0.81693317880053595,-0.21416366001597506,0.84227296097654991,0.53516416321515414,0.06461870950445367,0.061823548138082267,-0.21498720842198352,0.97465806779123465,13.04773479187493,-5.9521892723975443,0.56619157039588752,,0.1542223971047212,0.3043478260869565,0,3
0.035277394378749737,-0.96977794827370012,-0.2414254263492141,0.99935414364219921,0.032578064597543581,0.015164606564156732,-0.0068411279050716025,-0.24180446800903382,0.97030088025305605,7.5315599163276845,-22.546262742991775,0.67366844989808305,,0.3168212881818743,0.5555555555555556,0,5
-0.84329797907058734,-0.4947752761205011,-0.2098712572872859,0.52287258070799281,-0.84561227221159196,-0.10744370353311959,-0.12430922266359692,-0.20034298396757336,0.97180754572895844,18.339416841082862,10.413232258371115,0.71562542182888578,,0.2920626573016558,0.5185185185185185,0,5
0.1033880846209952,0.99455796167449861,0.012859425658612769,-0.99457766142874737,0.10322684056259425,0.012629124054704878,0.011232957995393476,-0.014095398445316723,0.9998375570048077,-10.277571760695722,10.994788515944723,-1.4124208148728823,,0.4582820636233719,0.4,0,3
-0.98906762568820805,-0.061121513153311754,-0.13419907766203668,0.097956528181675856,-0.95257716630451894,-0.28809939399770751,-0.11022590622029091,-0.29809545931648024,0.94815048738732055,2.70362297076292,6.2979702783007143,-1.1275248298303955,,0.2823722134689577,0.21671826625387,0,5
0.7619956020616776,-0.62235689090662438,-0.17898212977753453,0.64263498965917465,0.76081722258002105,0.090429109756625839,0.079893507273213149,-0.18392676305166455,0.97968769173085102,-14.21126550344227,24.890322107897017,-1.6890021899165337,,0.384544252414409,0.725,0,5
0.39071493887283032,-0.85676208898694739,-0.33660148457237055,0.91998034834899189,0.35102324318814199,0.17440998077331207,-0.0312729146909793,-0.37781133600833317,0.9253543100836189,22.824715883563126,-3.4087151426863325,2.3266658183706395,,0.4316106238792627,0.35,0,3
-0.99103428689668083,-0.080778502007445158,-0.10642309809727045,0.083264872610296983,-0.9963439447608593,-0.019123407843828273,-0.10448924913300443,-0.02781325856140511,0.99413702247920444,7.7635327718013096,-3.5326565836386461,-0.21109520218485497,,0.06957870975105904,0.1914893617021277,0,4
-0.89031422421150097,-0.4349081121900506,-0.13489075623614666,0.44154237035243693,-0.89696187043807341,-0.022354824172523879,-0.11126957063916743,-0.079462802187686046,0.99060827056826861,1.1682676085032104,-5.5688183197337651,-1.0204659892571808,0.17964933925897,0.1878197603053253,0.7133550488599348,1,3
0.85646991973974129,0.51583847107170666,-0.019234041265574892,-0.50467936952700165,0.84460577577239093,0.17871714384956625,0.10843436058201152,-0.14335883402958702,0.98371247534574258,-17.032665139673284,2.6380671666634457,-2.1493595256844489,,0.1043850495068094,0.3,0,4
0.98454066295181386,-0.12244739269630187,-0.12524503589475955,0.13271260736154009,0.98814587053934666,0.077169309853967069,0.11431118423716763,-0.092597918755841932,0.98912010322325483,6.0341615443795229,-4.317835544231869,-0.43335735756707494,,0.2482071677947141,0.6987951807228916,0,4
0.85028821024960433,0.51820383571029904,-0.092058373685724296,-0.51558017199628026,0.85525151924332321,0.052172071803558859,0.10576883167934249,0.003102174579721687,0.99438590635530744,6.4560388654960388,-17.750666788376158,0.37162847753903244,0.1615619761978401,0.1864832779374911,0.6206896551724138,1,5
-0.7281299871356397,0.68436465766105803,0.03836322690177988,-0.68178197172774557,-0.71733602390108886,-0.14353526340521777,-0.070711136752863557,-0.13066768597568623,0.98890135553596981,17.370577911311287,34.482872584888035,1.6552508384936808,,0.6218595473564881,0.4210526315789473,0,1
-0.96882315993213619,0.23674154423004412,-0.073041946953002243,-0.22160086105696886,-0.95987833015891533,-0.1718332030491857,-0.11079143991266281,-0.15028982842130975,0.98241448702427658,3.9400669744062129,16.54479844693234,-0.25756701050994707,,0.118614308326151,0.2195121951219512,0,5
-0.56124080764487594,0.82472130639525831,-0.069595420911338551,-0.82614227310427613,-0.56331013402831243,-0.013062828602737416,-0.049976998951789899,0.050164326754215192,0.99748976931950006,17.210724786134232,18.106262178928873,1.2423506245226112,,0.4706218650736672,0.7441860465116279,0,5
0.98754165330463417,0.10750928981839504,-0.11490533317080827,-0.094119294441557005,0.98875471871377751,0.11621387453769375,0.12610726149660689,-0.10395123291228288,0.98655516813498245,30.876799170361817,1.1301162935819935,3.3972931844249747,,0.1916693522730132,0.7241379310344828,1,3
-0.51751675347925497,0.8507820671177424,-0.091357999864020142,-0.85469020187450173,-0.51908350817650639,0.0075478711498707931,-0.04100083765017893,0.081988937119790925,0.99578950863219662,-0.47368246269369407,9.6893241349534804,-1.0871708339075608,,0.07294575057287785,0.25,0,5
-0.85611306467663861,0.5119982537131017,-0.070201201447739212,-0.50914944014936725,-0.8589099919851596,-0.055140486610446834,-0.088528346226265806,-0.011463588564901452,0.99600768975528253,0.94528433341153384,9.5438469143416196,-1.0718590335353979,0.1596313089870542,0.1079297432490605,0.3202614379084967,1,5
-0.8871869155351596,-0.43402312731406983,-0.15659917579516344,0.45297684051696396,-0.88386708992211205,-0.11658022691642966,-0.087814343125019623,-0.17436425180962992,0.98075774217305534,6.3269066139615289,1.7114913947066757,-0.67170788417631555,,0.1697610199968744,0.2743362831858407,0,4
-0.60724881791317764,-0.77747477543282317,-0.16365160160759304,0.79001028334635692,-0.61275568280293913,-0.020352528091446505,-0.084454871677467624,-0.14164549678117533,0.98630823168599624,2.3648647527947531,-6.0649332498049704,-0.85307816014173299,,0.1014919777077353,0.2809917355371901,0,2
-0.4201046695438706,-0.88796175885656969,-0.18717900906828383,0.90498341243777358,-0.42521824987338308,-0.013945005812171748,-0.06720929876080857,-0.17525226042184608,0.98222683499134555,-5.3600354533023173,1.764198627846391,-1.6250262609848265,,0.1233709965827151,0.3175675675675675,0,4
0.79545516987433917,-0.57667894098499717,-0.18625915210965771,0.60597782383751941,0.76019351134305624,0.23430045311321715,0.0064768616883861272,-0.29924442239804067,0.95415450841377503,-3.5514563638103969,16.317523738466271,-1.02195521032423,,0.3311453671599676,0.25,0,2
0.54606797034346621,-0.81864395305915405,-0.17785345058404012,0.83606706249581497,0.54596748375360382,0.053957146823920221,0.052930508920537057,-0.17816168163620547,0.98257660079098796,-26.160396589384469,5.6090755694546566,-2.651558020177557,,0.1295271194387738,0.6190476190476191,1,4
-0.9927613601405556,0.023335840187847571,-0.11781477146182107,-0.019566024939147341,-0.99926203625895571,-0.033053797961593287,-0.118499166579156,-0.030509366665540549,0.99248532788435351,5.5807026105565356,-11.261348818242624,-0.11118600650742841,,0.09478692337598975,0.4666666666666667,0,5
-0.84468095047583558,-0.51006019867124552,-0.16233510290349984,0.52510338205901175,-0.84843891814722205,-0.066466836267120896,-0.10382933137330645,-0.1413859819947588,0.98449452717724706,3.3947688371812768,13.825866953784562,-0.50442328077081966,,0.1088871664026585,0.2619047619047619,0,5
-0.8101340087919694,0.58247888239580581,-0.066341837188805958,-0.58100381850686666,-0.81283188444483678,-0.041700006118649303,-0.078214133499598812,0.0047622676099060932,0.99692520789080186,-14.301811736852972,-0.2294542768306608,-1.9103768271962458,0.418821328665317,0.1936722546690038,0.3125,1,4
-0.95700687920673322,0.27839493075000143,-0.081449958156483787,-0.2698674996686598,-0.95749457040402541,-0.10186108319372333,-0.10634550189630493,-0.075501060784035234,0.99145863456167971,-19.099327882266056,3.4137237961331715,-2.164136202209848,,0.2677767489835838,0.2916666666666667,0,1
0.75594004149766136,-0.6087235565352952,-0.24085324448620957,0.65037162092035872,0.74028311121581147,0.17028702225966161,0.074641867352967572,-0.28537089369390556,0.95550617196876453,-4.3974372530093735,-0.23632231799381986,-1.5576251824897653,,0.1982670214688713,0.2040816326530612,0,1
0.40887855799065193,0.90857395584863931,0.08550842981273736,-0.90974425863554609,0.39841857611012343,0.11673911979299124,0.071997977021202975,-0.12552292604913456,0.98947475275568186,21.853086774513773,-4.5584453785670513,2.2040917999352172,,0.2778396865242022,0.2727272727272727,0,5
0.24796828265453963,0.96740492464580452,-0.051375505529431223,-0.96721047780278846,0.25022731306745971,0.043476239758542611,0.054914683153607827,0.038910198741278157,0.99773261649003631,-5.1308253639644876,-10.279696825837924,-1.1378689420767663,0.3736039911673344,0.4367041118025318,0.921875,1,5
-0.22563134302834437,-0.9439997763941832,-0.24073827948823659,0.97331760355839292,-0.22902380561016072,-0.01417529778117366,-0.041753318988689565,-0.23751319675245419,0.97048654896492892,21.914034485534696,14.978076768848775,1.8780589776446777,,0.3414676973395437,0.2307692307692308,0,3
-0.97218388379616849,-0.19754508889650604,-0.1258349472120964,0.20558792940545187,-0.97712670875776286,-0.054378289003997451,-0.11221452388072797,-0.078735842442275938,0.99055972447153728,-2.2373413625270118,-5.139745039054433,-1.3308465679340742,,0.2264801770833496,0.3181818181818182,0,2
-0.61860693017331059,-0.77400006028413049,-0.13509023880989993,0.78062201802830733,-0.62497313524450793,0.0061518446065864096,-0.089189298186308913,-0.10164884112872637,0.99081420164742351,-14.005403089150638,-11.853224898014034,-1.498180579829562,,0.9580541186514404,0.6136363636363636,0,1
-0.99171749156617028,0.062050126764963257,-0.11245531863881043,-0.052322494158621891,-0.9947910894892158,-0.087481683099269306,-0.11729779847348112,-0.080873172568608834,0.98979834129582378,-14.139721911878739,5.4186925734515965,-1.9877127506981866,0.3679650834266067,0.4373263588826147,0.7512953367875648,1,4
-0.40937881668891452,0.91081101784761243,-0.053219115116481662,-0.91202616892683464,-0.41011862284408634,-0.0033139687855721846,-0.024844549483254579,0.047180557053379417,0.99857735974590756,-1.5347320187832671,21.176792837029151,-0.80065739025271965,0.4067956810028151,0.379166006076357,0.65,1,5
0.33463536431993063,0.94215517775573754,0.019047151349270711,-0.93935183981021231,0.33189293218769117,0.086401403976010774,0.07508191521023154,-0.046804941960346853,0.99607831188940776,28.22414297396119,12.191167179957995,2.9097576101088896,,0.2366075985787902,0.4,0,2
0.8267112574101021,0.56218787834431228,-0.022210049845282999,-0.55203066590722116,0.81813492079396222,0.16098880481414934,0.10867677198665372,-0.12083062865093061,0.98670629794806874,-13.194235349817946,5.6774723632525088,-1.9836679834202258,,0.214748735832869,0.4117647058823529,0,1
-0.10606663767348669,-0.93971259768514337,-0.3251001416863431,0.99378766753526349,-0.1112617500474022,-0.0026258010604818544,-0.033703712369131167,-0.32335902141153949,0.94567595033621854,-19.448185873412747,-11.540110083437312,-1.902837686782666,,0.3594234781726034,0.2962962962962963,0,1
0.20388924508962161,0.9780230581583067,0.043589831927380723,-0.97868553295170746,0.20250530482128634,0.034150096782731586,0.02457240989028641,-0.049623575343892577,0.99846567163937716,7.8715067156671052,-20.792400271912854,0.6925297352947638,,0.3048879171981834,0.4210526315789473,0,4
0.58952914331787121,0.80390352664839027,-0.07870520326622614,-0.80310740501044042,0.59378238171692554,0.049406266606289453,0.086451635012261177,0.034082297529017994,0.99567289397615433,-22.774648792710799,2.826488276329802,-2.2663638954416734,0.4218009533381284,0.3741250191916926,0.6666666666666666,1,4
0.77135904904985508,-0.62153912822926827,-0.1367272084440608,0.63170848116098433,0.77383242574317146,0.046127775772549083,0.077133729834534467,-0.12195281443427729,0.98953418272102811,5.47825458552005,2.6542151011908164,-0.79192921782538328,0.2498630952315233,0.1894963628072693,0.7904040404040404,1,5
-0.77948207373277589,0.62492731994717088,-0.043284425754516236,-0.62140878175567593,-0.78011918565750704,-0.072561574721028033,-0.079112721392824464,-0.029663124459754775,0.99642424516924877,-19.233881303562015,-16.227921163920858,-1.7186566051247445,,0.4507459213114993,0.717948717948718,0,2
-0.97450740834441751,0.19806928376595434,-0.1053749017095109,-0.19715145630365466,-0.98018576871614893,-0.019161473943322269,-0.10708227845537942,0.0021018170173184624,0.99424794091113444,-1.5560332705742905,13.795593027617695,-0.84925336849032151,0.1453969936616268,0.1256777106496501,0.2903225806451613,1,5
0.024674672083291532,0.99935892008107741,0.025940497527328667,-0.99939696759072483,0.024024864937115011,0.025070042585077761,0.024430753734714268,-0.026543449646507945,0.99934907992793875,9.0154403881133245,20.252167908206221,0.37565405404440394,0.2844195534845931,0.1970930003674583,0.4468085106382979,1,5
-0.78127606168977359,-0.57272263171054194,-0.24818642702023125,0.6153403422311613,-0.77340396387332422,-0.15232390451884895,-0.10470901896854388,-0.27172614116345362,0.95666134319050677,16.211349247192043,33.713248356535864,1.4831348541306772,,0.3230987531623921,0.3333333333333333,0,1
-0.50885003217086067,0.86079720989769015,-0.0099904050001171762,-0.86050222980680258,-0.50893943871889469,-0.022727961061601618,-0.024648676581824104,-0.0029683579381002221,0.99969176829356587,20.721876666873879,17.343772945342991,1.7076383910507109,0.2201808463004939,0.1765486786193669,0.25,1,5
-0.032533031016949265,-0.98017868552594845,-0.19542606359816647,0.99894739997407767,-0.038214594444432717,0.025371969897469378,-0.032337191867581286,-0.19439493103492161,0.98039018600251593,2.9082267404008033,-14.135217368244549,-0.23275632667465224,,0.0912947188230504,0.2564102564102564,0,4
-0.40347851813835622,-0.89772631858247887,-0.17689698223888847,0.91150563923772587,-0.41121316162064353,0.0078233846753827802,-0.079765625671090107,-0.15808602921923293,0.98419827896973855,2.0866862981388947,-11.258606002764447,-0.60452334332782343,,0.1045469195772046,0.4421052631578947,0,5
-0.84363162918993329,-0.51572146743095149,-0.14938889604386857,0.52551455174749495,-0.85015239753075034,-0.032792634452682962,-0.11009146257530243,-0.10617094236929354,0.98823458797213115,30.483786601146328,15.229428691494659,3.3029089240788183,,0.2350287407665699,0.45,0,1
0.51046937301608653,-0.79737961458005957,-0.32188005446861562,0.85910706303898221,0.48895325252164484,0.1511944810005926,0.036824902567389191,-0.35370958016522513,0.93463011905793092,21.811244460474676,10.247499343511041,1.7291659467480882,,0.342713320487007,0.1111111111111111,0,2
0.89922289362398411,-0.39825824217310907,-0.18107611693344564,0.42072682210803375,0.90069474898125468,0.10834163703982742,0.11994635776623148,-0.17360685959598426,0.97748326305867561,-13.916699006213111,-10.420717428574532,-1.5840697309252598,,0.1686933458091041,0.25,0,4
0.54657646336792809,0.8371640286784453,-0.020262250099197902,-0.83472433554964354,0.54660055879512959,0.066806532360669538,0.067003382999763286,-0.01960148493677611,0.99756018788585366,16.803331142211473,-0.45932469351239441,0.95002480770891518,,0.4975559067204851,0.7368421052631579,1,3
-0.22001478780379696,0.9748306881851917,-0.036036405481651851,-0.97548072533261698,-0.22007137767378213,0.0024378747541304001,-0.0055540662764799204,0.035689187454344268,0.99934750424797025,0.95284050259245434,-16.156956552788959,-0.27685475848866425,,0.08110731433375033,0.25,0,5
-0.20670595115631718,-0.93980022368679106,-0.27211796948165629,0.97800556789056337,-0.20639733713885136,-0.030087346128364965,-0.027888329667065774,-0.27235212277536713,0.96179340935989599,9.8402976765270562,11.85064265399893,-0.19379412155759251,0.5337080448986179,0.5980871461478663,0.2258064516129032,1,4
0.29401588658992545,-0.89672669211388756,-0.33081097031873935,0.95569820594441446,0.28087891175863428,0.088022588486781572,0.013985620735891775,-0.34203549023423135,0.93958295314083973,10.653966054676259,25.471128138821847,0.64097894985461579,,0.6006120479180622,0.2758620689655172,0,1
0.91302131358342775,0.40197523826704284,-0.069339662261557106,-0.38955247252031849,0.90966169207394487,0.14409884498660799,0.12099980204818131,-0.10455387985781417,0.98713096097274711,12.943272519107694,1.5941598249508571,0.31121725363222957,,0.1334427441723413,0.1857142857142857,1,8
-0.97831727594752627,-0.16637995906038849,-0.12334105888015096,0.17367028830108244,-0.98349030355745448,-0.050847357550678256,-0.11284475417152665,-0.071165525583186007,0.99106081015467373,28.324867036785456,-3.4482491776727837,3.2451279860245479,0.556429444758384,0.4398423921004652,0.2307692307692308,1,5
-0.97739350407249004,-0.16326064453124914,-0.13434247334384106,0.19017551366602009,-0.95650614760655017,-0.22119960124905697,-0.09238621216807677,-0.24174770223958203,0.96593107221122021,-15.287472977534742,1.5928910601341242,-1.9511098697354616,,0.4803560199208474,0.2368421052631579,0,4
-0.94299432231017766,0.31506556734233798,-0.10721658624494607,-0.31670668588473133,-0.94852179876284615,-0.0018089741858933019,-0.10226721472045419,0.032250357315008249,0.9942340424901851,-1.9362141166414111,4.6302976617636098,-1.418392496191855,0.3503170083008771,0.2456485734117389,0.7463942307692307,1,2
0.11249919358338351,0.99359240673931759,-0.010865574676884336,-0.99228257469057146,0.1129113149689403,0.051247701581976321,0.052146173479354428,0.0050163953148972323,0.99862686343273677,-0.63124398900275591,-26.40335803594354,0.11332492603117751,0.5536960537903232,0.4054488364529082,0.4583333333333333,1,5
0.85951048585849499,0.51092904658585026,-0.013900865230915082,-0.50712445261672989,0.85587239004336146,0.10152458578908991,0.063769226571097015,-0.080211977387036323,0.99473590687487801,1.8839159322670429,15.781106248082986,-0.47978270671944195,,0.2102750944118879,0.2222222222222222,0,5
-0.4836489697812012,0.87520833246813501,0.0096978764649730317,-0.87445986881674298,-0.48270176832560918,-0.048155380637426283,-0.037464808268404398,-0.031770704016074063,0.99879277655965026,5.1198580223860164,17.637725108080126,-0.11083348863345419,,0.08384995360558137,0.1666666666666667,0,5
-0.45146834958179888,0.89208998637102888,0.018755946854920994,-0.89173319308492138,-0.4503478233510953,-0.044707385894295702,-0.031436311432124123,-0.036909270102083995,0.99882404061179575,6.6595037747209505,-8.3775002534057972,-0.13924163968229158,,0.09204709649328019,0.1153846153846154,0,4
0.98981059969909935,0.049516417100078612,-0.13350318783040166,-0.01995259033669031,0.97656873831782431,0.21427877514860827,0.14098535690689545,-0.20943166851721032,0.96760606930709747,7.9475432715931467,12.239805413262706,-0.32344385837997092,,0.2573403661729491,0.4857142857142857,0,2
-0.90819489535190956,0.4185297738816694,-0.0038549229946507209,-0.40608195908262029,-0.88333988719157031,-0.23411126885309638,-0.101387743659464,-0.21105324463495986,0.97220216692038941,10.572880306214756,-5.3049597644553872,0.22672854426688221,,0.4073400047223919,0.3166666666666667,0,2
0.15317957824365816,0.98797954821771172,0.020794929973939592,-0.98742503654528035,0.15219346507717885,0.042766182800817405,0.039087261513776485,-0.027084340333994188,0.99886867229682685,-17.618143688361684,-12.263627643387821,-1.7549513714149385,,0.2144286768383026,0.2941176470588235,0,1
-0.42155464866048087,0.90198456317326459,0.093356981473661171,-0.90630709111726471,-0.41568099858860019,-0.076267712716103275,-0.029985576254269543,-0.1167611031530576,0.99270726299709333,-16.759493608360859,-1.2298162921992155,-1.9782754767391597,,0.1175449336088764,0.3125,0,1
0.81052988688975514,-0.56873527866594553,-0.13993386030282345,0.58026480687791115,0.81222167640454968,0.059905778331669546,0.079586785067756946,-0.1297541181595093,0.98834701014533699,5.6040400211915342,-6.0070749233440361,-0.39536770681264216,0.1412032765901035,0.1148912831602833,0.3636363636363636,1,2
-0.52534010114813046,0.84924420370165576,-0.052934493525610381,-0.84976944750188743,-0.52682558993204587,-0.018619449108095296,-0.043699705010551676,0.035200572039280939,0.99842438647606069,-3.9162182028897194,6.1152280124356198,-1.4942859204339749,,0.06833985677346271,0.2909090909090909,0,4
-0.87674013518011606,-0.44735462939220305,-0.17663683343435724,0.46846293084646379,-0.87746655050099831,-0.10293170150454388,-0.10894593974579077,-0.17299216257751079,0.97887920291508024,-5.1904399909397467,17.840320559277156,-1.1555411732961771,,0.5273021716057451,0.2,0,2
-0.6021521705662265,-0.77462730609050168,-0.19330106089040303,0.78720139260875832,-0.61643169311882373,0.018053675345836573,-0.13314177014451381,-0.14129580452948212,0.98097337612452706,17.531451289931592,14.028220582822769,0.93972966966055771,0.4991309907024087,0.1929042120871882,0.52,1,3
0.84673916984066322,-0.49987948116678133,-0.18208042883839901,0.52326313559829507,0.8443256719872767,0.11536832557974902,0.096064921700827463,-0.19296285635236679,0.97649212331024504,-15.017729140107361,9.6784355166190199,-1.7528411090534857,,0.2335081475072499,0.2916666666666667,0,3
0.17595398187074449,-0.95747198807375355,-0.22866479466224091,0.98433113911958192,0.16841414497195181,0.052238724457187288,-0.011506729482231888,-0.23427348938251946,0.97210263210689962,0.29026505060899477,-21.35948543326548,-0.10388857703465482,,0.1335953640586371,0.2631578947368421,0,3
-0.90795372665062579,0.41756280414676789,-0.035515276351619655,-0.41098381457539535,-0.90379824628601579,-0.11933580421391644,-0.081928837525629586,-0.09375518440818674,0.992218539928724,-9.3907252320713965,8.5968463537561117,-1.6213957876971257,,0.3952605970023684,0.967741935483871,0,3
-0.92670215680568147,0.35872616371083427,-0.11197612263783634,-0.35997566654793978,-0.93291275686778574,-0.0095554992915873275,-0.10789176087664203,0.031453577581139876,0.99366495379090569,-14.299944165117102,8.2158078208868961,-1.7241447973792752,,0.07756767657935584,0.125,0,4
-0.83441149197786024,-0.51386636040855327,-0.19924564159787692,0.54407979477747537,-0.82569616664011214,-0.14900676934530702,-0.087946796247406936,-0.23273848851509771,0.96855467424070885,-18.818841070281561,6.8060132154025998,-2.0835433549869613,,0.1960931509132544,0.1111111111111111,0,3
0.56137040425558693,-0.80633929770584556,-0.18622622318342072,0.82696668007041629,0.5551301526212844,0.089199908654560123,0.031454399997954165,-0.20407707030901778,0.97844937022559098,18.616423043077997,1.8752749727867319,1.1937145081066849,,0.3020546052122166,0.2631578947368421,0,4
0.95157663824934624,0.30693479555902869,-0.017115280109041165,-0.28404148559895276,0.89916472166133909,0.33290124328158832,0.11756843112338253,-0.31191959636230715,0.94280635838350324,16.969182770269502,3.9357420577395126,0.83534485018202942,,0.5220406101473115,0.1764705882352941,0,1
0.91688413558932458,0.38985125249895269,-0.085670781656380882,-0.38204663454031784,0.91929759326128069,0.094510867419754049,0.11560212342787717,-0.053925281167699686,0.99183073813526823,27.297169205596905,0.19957728165348568,2.89784720502263,,0.3324419008630856,0.5652173913043478,0,1
-0.50326081118537991,0.86178402677694488,0.063693383621430524,-0.86321300697095993,-0.4979534647831243,-0.083100249738702683,-0.039898126787936909,-0.096802056293217198,0.99450364573299477,19.041733663354211,6.3943005333491039,1.1294270903976771,0.3623142350586817,0.3190061975324416,0.2325581395348837,1,3
0.31306358488551905,0.94911266091079038,-0.034297940426020163,-0.94823236098490415,0.31439405543965809,0.044852731078495939,0.053353363526791632,0.018480660243744628,0.99840466935873939,15.746253358342223,24.92109450291543,1.2504319235638648,,0.2460442167035808,0.3333333333333333,0,3
-0.085265372642712015,0.98375622768970239,0.15796677090396127,-0.99609853045187535,-0.087784942010353043,0.0090289306039842716,0.022749370534414625,-0.15658061322515004,0.98740314851752542,11.041029038680234,5.376921625705771,-0.23408301690180469,,0.5540082744293446,0.3981481481481481,0,3
0.55505041250013598,-0.81034098241989827,-0.1877938545165504,0.8304736699026195,0.55267117545869415,0.069771451293352632,0.04724958393366345,-0.19468452436662673,0.97972721345803004,-16.10940910243362,-12.89515642824685,-1.6126818260335778,,0.419008129727005,0.5961538461538461,0,1
0.35445877564693618,0.93396331742816685,0.045513712938506416,-0.93144037800051138,0.34837831130364805,0.10512551756582916,0.082327386677458952,-0.0796559722292835,0.99341689511054132,-17.927291092727131,5.2377358619310721,-2.0598256039117935,,0.09513348554726812,0.1764705882352941,0,3
0.88337423133456761,-0.45143010015055657,-0.12593979550610812,0.45903089558675381,0.88760011930301186,0.038166282372031506,0.094554768842637901,-0.091525367474472832,0.99130343628869655,0.088829203105076512,7.9190792415590634,-1.2704399047195123,0.1587134386306261,0.1204748509809155,0.5025125628140703,1,4
-0.98761595156739146,0.11676202665580017,-0.10479199082404414,-0.10817199150326534,-0.99055712321622524,-0.08423423235130692,-0.1136378126499004,-0.071855513197155926,0.99092039678236521,-11.036543014117862,7.3040137306242308,-1.7964686253208153,0.8583255729734468,0.6114461221794473,0.3684210526315789,1,4
0.94428306487394031,0.31085845232059023,-0.10815043232981222,-0.30436255169263415,0.94978979186824131,0.072545078330864418,0.12527142738640118,-0.035586147357225491,0.99148408741484273,20.131607677933204,12.548212150069174,1.3773895483461882,0.803031794502352,0.5728185976504414,0.6176470588235294,1,3
0.54471174965763958,0.82621482450368189,0.14372951525439984,-0.83486300250594603,0.51803371384989894,0.18613123961774777,0.079327654898347741,-0.22138232785214104,0.97195523975288978,9.2718467789656209,16.122452966207607,-0.026369975238116981,,0.2323924822297468,0.2307692307692308,0,3
0.98183135269566568,0.18171956666096362,-0.054636928504009863,-0.17026908540242333,0.97078985204600621,0.16904289905440273,0.08375937810193497,-0.15666863839660566,0.98409313803264176,-1.6252300990499196,-19.202853796576367,-0.31967639329405295,,0.3036217064738695,0.2727272727272727,0,3
-0.86884419676406777,-0.47820956676386295,-0.12816150750096789,0.48638731048743539,-0.87279498110756615,-0.040697729055103639,-0.092396677138310263,-0.097696116652414233,0.99091791932774975,20.273671216589658,8.1102827824270634,1.3857321005904077,,0.09891869905884401,0.3529411764705883,0,2
-0.87682926304478881,0.46831983367862545,-0.10884381861896229,-0.47179485334478205,-0.88167956274598369,0.0071249556789441384,-0.092628612349039144,0.057599323080014739,0.99403332849307213,0.085536081043355694,7.9024350910667165,-1.2693046665883898,,0.08458058396925047,0.3518518518518519,0,1
0.40705213909309934,0.91335264244478886,0.0097727477638217923,-0.91132720598446892,0.405381727985831,0.071752200299118649,0.061573368368759963,-0.038113057530787489,0.99737461124362992,-4.4739893630236471,11.186375757095902,-1.131644656545099,,0.3355304128857311,0.3142857142857143,0,3
0.20928556147823815,-0.94394104958612024,-0.25529365182666203,0.97784799747243489,0.20298283449203322,0.051100516051497166,0.0035843543195554972,-0.26033298639979174,0.96551224155692528,9.710348734023837,-7.674820394149358,0.18781716502388585,,0.1625683109162112,0.1666666666666667,0,1
0.32013451735237564,0.94158942265835222,-0.10451435278215614,-0.94561014010928013,0.32431388900782637,0.025337014802999887,0.057752521348159759,0.090718578772657016,0.99420057621357283,-20.831147611924418,-0.17450488046930748,-2.2866487668031721,,0.1123327068246813,0.5238095238095238,0,1
-0.041692214788924702,0.99557515204335423,-0.084213276030837919,-0.99900062040233217,-0.040179449286284918,0.019579895066280592,0.016109613954092234,0.084945444191567895,0.99625536477820165,-8.8549554444011882,7.4572897101951909,-1.6180793902777031,,0.07378568379921085,0.5,1,4
0.046511761121312098,-0.95194655559933206,-0.30271176283712986,0.99879063983827121,0.039484970491383192,0.029294963334205584,-0.015934674419387056,-0.30370823562732591,0.95263182487427212,16.458822826840674,-12.29797876189593,1.6907030758020718,,0.1229457730895505,0.2380952380952381,0,1
-0.27267654019935583,0.96130114546617629,-0.039339701960322937,-0.96210574861343967,-0.27245620268906506,0.010961117699770057,-0.0001814108106506242,0.040837793055857316,0.99916577290680109,34.384706653645864,3.0111845225714338,3.9172642175965748,,0.3040520085851204,0.4285714285714285,0,3
0.064452233365128411,0.99791702692502482,0.00274171248801082,-0.99661118506361923,0.064226698688577499,0.05139140960954109,0.051108271545181196,-0.0060447124568971441,0.9986748249710603,8.0979359316149928,-12.744064797234127,0.44719794933140233,,0.2804954034981668,0.7826086956521739,0,4
-0.97715962590600169,0.19593027515727005,-0.082282396513709735,-0.18145750421288045,-0.9708208593040355,-0.15678020699376147,-0.11059945598453652,-0.13826853010345716,0.98419996642905549,8.1373230652259405,-7.9545621938707471,0.036664559971336781,,0.2862949471843674,0.25,0,1
-0.5276780588471458,0.84824009584251892,0.045217319871747437,-0.84913782856350106,-0.52530957803749057,-0.054907151852353522,-0.02282135652786621,-0.067369036115632233,0.99746709151684809,-20.045253531284438,5.4793581364838664,-2.1549873600754195,,0.2065730901177685,0.2307692307692308,0,3
0.95504286825868967,0.2891872838708674,-0.06529804465377663,-0.26899621007581315,0.93786122868636967,0.21921987750143204,0.12463610533495176,-0.191799454051059,0.97348796123663039,9.1480704242935893,31.740167881119071,0.68109710960492342,,0.2958398570016409,0.5882352941176471,0,3
-0.075327558165504294,0.99542345023411294,0.058804027964396564,-0.99708021689210524,-0.075931078572708685,0.0080939723979047227,0.012521983198178332,-0.058022633780276826,0.99823673239667199,20.202379316110648,-7.2881566961939788,2.0073936854849532,,0.1503074319705881,0.5,0,1
