axis_00,axis_01,axis_02,axis_10,axis_11,axis_12,axis_20,axis_21,axis_22,location_x,location_y,location_z,dbh,dbh_approximation,score,reconstructed,number_clusters
0.95761670931650666,0.1898479170091171,-0.21662872950078718,-0.14002315067405083,0.96403906600627265,0.2258809343195354,0.25172158293070124,-0.18597431978919457,0.94976302153000747,-20.241521078434225,21.674164785373293,-8.9196053435046103,,0.8625424001937033,0.5,0,1
-0.32369479089690212,0.94437472686621848,-0.058121059888518366,-0.94615669939484437,-0.32327857284714628,0.016687256460100525,-0.0030302700314697975,0.060393208179945979,0.99817006460285562,4.5381101011653673,-10.033246010465561,1.0856927417012909,,0.6017315639398092,0.3793103448275862,0,1
-0.76658439404007439,-0.57061161531653892,-0.29453480487042955,0.58698153937674036,-0.80866441554665713,0.038917033025339581,-0.26038632691661079,-0.14305330298330507,0.95484800531835567,11.01238365290707,9.2369420570255016,0.23936768052078003,0.1639048302864082,0.2515023230247643,0.125,1,5
-0.88218199804837816,-0.38534125942149544,-0.2706788431090037,0.39564807513457112,-0.91823107315115637,0.017728421869583184,-0.25537721699807459,-0.091453868628576379,0.96250645034263893,-0.1866625835567445,5.3954464899534242,-2.1338411684807941,,0.07587965089689072,0.3298969072164948,0,5
-0.57720960299084956,0.80103587501607787,-0.15865245397525979,-0.81289917202446982,-0.58211370581157784,0.018400261635163988,-0.077614498240190954,0.13958925618949986,0.98716302058949956,-30.719645570371931,18.159983508187235,-10.69329770473715,,0.2398737845027558,0.1,0,1
-0.9660257844829987,0.10717968980633208,-0.23517376088123712,-0.11137000037910107,-0.99376850822003082,0.0045689260984826839,-0.23321858144145791,0.030605002257029581,0.9719426048421177,3.3006667198729067,0.16291262749790078,-0.42435041920910255,0.2339235066369984,0.2326907549800143,0.5,1,5
0.094149642434586289,0.98739683680974344,-0.12721372366042455,-0.98962927710063997,0.10674639837831414,0.096120238964129634,0.1084884267316228,0.11684473925414689,0.98720695306198392,3.3224541708827457,-5.2744570449334356,0.24581404580058136,,0.07524097980230605,0.2571428571428571,0,5
0.9214263761499949,0.31593910292314559,-0.22617673748466197,-0.29293028205109262,0.94727617461070246,0.12984490314363895,0.25527491688874371,-0.053388503060412366,0.96539338331501579,-5.9031003681039618,-8.5251713392720134,-1.7463910241117435,,0.142143500359684,0.1333333333333333,0,1
0.97013593763092476,0.07765141163813688,-0.22979669446615206,0.013319807046711856,0.92888972536326908,0.37011682055100931,0.24219588199885597,-0.36212447636849165,0.90011500285110291,7.4449478436952061,3.4174331986602935,0.23440113227701748,,0.3164573608037315,0.1428571428571428,0,1
-0.94496922732285138,-0.19708374648139404,-0.26113436442894911,0.20617968684935356,-0.97848447044136089,-0.007620881562664699,-0.25401396840244067,-0.061042100045355881,0.96527237911301322,-29.721148441374517,16.142701756097772,-10.300444015345585,,0.1785729684480289,0.3214285714285715,0,1
0.96848239075372855,-0.032914737419869326,-0.24689770930594546,0.078464053388299787,0.98107950459670246,0.17699264952581112,0.23640061574754867,-0.19078685940302495,0.95274084784547264,-22.622395414288611,27.128188584877286,-9.8441690644215143,,0.5843383713245638,0.6744186046511628,0,1
-0.88529763372488435,0.4075864417861193,-0.22387807439150931,-0.41463672996948775,-0.90983216270436362,-0.016787431873553752,-0.21053380222978413,0.077966198963586308,0.97447257013106314,-15.185500883344162,17.06854146221783,-7.3614747218659904,,0.1842554068172736,0.3125,0,3
0.046521973759780434,0.98637131977981651,-0.15782054832409431,-0.99450278538315118,0.060571588458788579,0.085412484665494545,0.093807866528604567,0.15297941752864216,0.9837669347919501,-16.713274374493892,10.943031883393864,-7.0219992766861701,0.8681687986477694,0.7225428021629334,0.2986111111111111,1,1
0.50509898424004329,-0.77137860789668622,-0.38710471373912336,0.86062511111801698,0.48384562065120934,0.15880123894273826,0.064803041848196352,-0.4133623817620784,0.90825773165506507,-3.384550754963918,-10.022222205613788,-0.92414731557922147,,0.2680539741805477,0.2424242424242424,0,2
0.94634616186980691,0.22951934009181371,-0.22748585546821012,-0.1953762310960924,0.96709324994667845,0.16296862958943092,0.25740448760068518,-0.1097794080480909,0.96004760888803797,3.5260599348747723,12.206863897280966,-2.1493586666659232,0.5137809368370164,0.496683244120008,0.7475247524752475,1,5
0.53835511710397488,-0.76785114239665064,-0.34724399348026869,0.83935909668311104,0.52532591508455573,0.1396745852182367,0.075166978809036375,-0.36665693237784724,0.92731473580224588,-13.744115271620318,-12.335695941665207,-3.295415914723911,,0.2552015674094439,0.25,1,3
-0.54855847747204289,-0.75986273823541228,-0.34884411394623854,0.81234127873365269,-0.58313788756049934,-0.0072007608523879402,-0.19795262983584974,-0.28733051201162157,0.93715310019666009,8.6121018420783528,7.5494358038095033,-0.14378794195688704,,0.08346035882274547,0.1666666666666667,0,5
0.9576369284694739,-0.12517998116118684,-0.25934819364714762,0.17811829408535831,0.96512366489156642,0.19185980500979041,0.22628607235902806,-0.22992669219287673,0.94653490673802843,11.543913629341565,-2.9828347070314329,1.9940878433561826,,0.4930072044967113,0.7166666666666667,0,3
0.24618445719751675,-0.91856935777824988,-0.30923057414365973,0.96906397247740561,0.22750079193916162,0.095699565899561176,-0.017556488278532959,-0.3232239542761452,0.94615962982015789,-4.6564528860714134,-6.6005994847434266,-1.6864471704948887,,0.08339621735571934,0.3970588235294117,0,5
-0.75474527772157785,0.62105292318236049,-0.2113121680443977,-0.64177332564552703,-0.76576402528493137,0.041622783055674982,-0.13596530530565162,0.16702911179211991,0.97653198184548828,7.7174989602644883,12.261487091245465,-0.96753941711944391,0.3124166668068572,0.1467475631907173,0.12,1,5
0.96732962700156577,0.093096511879223437,-0.23581016136064431,-0.05698364965600064,0.98617806335517633,0.15558178244549034,0.2470349295077392,-0.13706154396093503,0.95926423719961074,-1.0123472977166696,-3.8102188844147427,-1.0309487493427509,0.1742144468849859,0.115578540807954,0.4327485380116959,1,5
0.97326037527508491,-0.0041101997950594351,-0.22966790846142393,0.049271622874497947,0.98030314917997463,0.19125387025400836,0.22435808231198973,-0.19745592410831464,0.954292727068491,-8.7381925274391925,-8.1820934696904626,-2.5068923716597165,,0.09750513426795368,0.25,0,4
-0.53291904531449652,-0.71916701921031578,-0.44586555105910042,0.82181776563389763,-0.56539558396180256,-0.070309271970349446,-0.20152630406374727,-0.40388938103971223,0.89233430767496802,-7.249258814603726,-7.0118157263120455,-2.1963012024445332,,0.2791494205883526,0.2380952380952381,0,1
0.94415139629383837,-0.20531640268003815,-0.25772721173155927,0.24862963342334082,0.9571792856364264,0.14829403404154662,0.21624395080596048,-0.20409064147840961,0.95476990097130765,10.589987078654866,4.4347987932573698,0.85963199366235821,,0.7374435384974597,0.8,0,1
-0.90296244812769966,0.36672419038745829,-0.22399148523078746,-0.3832793721801977,-0.9230095394745319,0.033916263063094157,-0.1943083635163044,0.11647642775976084,0.97400077086414072,-8.4295687631693106,16.369129096712438,-5.514440457318031,,0.09169552326461833,0.1923076923076923,0,3
-0.72567434139969134,0.65469249981558419,-0.21159981313637,-0.67894868514559326,-0.73120706875946195,0.066067431729002701,-0.11146942707843875,0.1916088549139047,0.97512081997329314,9.8307372165733504,6.9173998393454355,0.25312125049040035,0.1902934542921648,0.1236633212778246,0.4,1,5
0.92754187972692126,-0.21970816378241373,-0.30231504117395847,0.30274213959713603,0.91603089574536956,0.26312467568072462,0.21911927862422403,-0.33558265868083587,0.91617193851804024,-6.7709939936284318,18.9372333183262,-5.2555099580880134,,0.4071606335997776,0.6666666666666666,0,4
0.93877784822839017,0.25648087527671842,-0.23002980740104573,-0.21985228519690533,0.96003675613517769,0.17318891293366187,0.26525671408914864,-0.11201333620035317,0.95764914668363488,-5.2689143672452001,-9.3666204641801354,-1.4948996104351244,,0.1313228865589022,0.3428571428571429,0,5
-0.28622848163969344,-0.8929757875752723,-0.34737227739495424,0.94350766480738435,-0.32583864821411207,0.060186890430686785,-0.16693274917747869,-0.31052120400114636,0.93579380160253589,-29.660931970529589,11.821254583110049,-9.8493173063355535,,0.205310845265371,0.2857142857142857,0,3
0.90797945385492751,-0.30068577504151583,-0.29182422117601819,0.36995753276729504,0.90228181893038073,0.22140222035114773,0.19673519086844221,-0.30899123598472078,0.93049432064821935,-4.4078522844963999,-11.770051405823699,-1.0265309581856084,,0.08228670280275863,0.2941176470588235,0,3
0.23001199132440692,-0.92503853736496955,-0.30232133275152701,0.9727684623849453,0.20941930168548337,0.09932308226587809,-0.028565756356358961,-0.31693415794332269,0.94801726624178473,2.6459352752078957,18.593450997350246,-2.7430743649562568,0.1589463980920237,0.2296672361264095,0.2222222222222222,1,5
0.045203745592775679,0.99704435436509076,-0.062122273083680818,-0.99459575959211977,0.050736564932408829,0.090581874457497713,0.093466017277714489,0.057691909376959151,0.99394956975023785,-10.17077311803974,-1.6012010984163383,-3.6866305537146307,,0.08739186326560222,0.2307692307692308,0,4
0.66868662413885005,0.70803984338055403,-0.22701933592411869,-0.70821433106636245,0.69949752645707541,0.095580708056893005,0.22647441349965405,0.096864806127264794,0.96918860360814918,-7.3325683949818599,-0.043516899411922598,-3.1759758756546703,0.1425412109070817,0.1018187340041559,0.4509345794392524,1,5
-0.58425922469795899,-0.67551695001987278,-0.44979774186981974,0.74914306347860471,-0.66206826910620054,0.021219742802656573,-0.31213110834588587,-0.32456502781194524,0.89287833097471914,11.945523303238614,-5.394870553902555,2.4306820265630575,,0.1781647755166267,0.3666666666666666,0,4
0.92320026830083302,0.31312874900436494,-0.22282650460891967,-0.28646495693186802,0.94718133081000488,0.14417126972808639,0.2562012745075451,-0.069266969848168325,0.96413847233100292,3.5601626819779884,2.1100004927670555,-0.69072235860732567,0.6189901868524498,0.5489882258397756,0.7737226277372263,1,5
0.83712785228243913,-0.39967397164659879,-0.37346710072136652,0.50861961017341351,0.81998437304812388,0.26254851000132934,0.2013033806969825,-0.40973936147886403,0.88971377677029218,-1.7349431576635628,-11.67817019912273,-0.32987918707281655,0.5748080337152746,0.3634263742101039,0.3529411764705883,1,5
-0.91008296453107784,0.34462223468272807,-0.23018365066313379,-0.36451817208777393,-0.92990706526902189,0.048983182629785495,-0.19716870920131563,0.1284848836440986,0.97191364574577788,-3.2835373984853811,17.058991227627086,-4.1689181706892828,,0.1579689294292054,0.6666666666666666,0,4
0.85852586863584557,0.479480571819206,-0.18174629055635336,-0.45265836071467341,0.87519618947998623,0.1706811014577084,0.24090193307271687,-0.064265162939490347,0.9684194584343031,-13.737121213841734,15.414597570532074,-6.8292422785747595,,0.1382017968952254,0.2272727272727273,0,3
-0.10447004764568341,0.98296782160146046,-0.15119613368399581,-0.99278993815693739,-0.094091099308802134,0.074263071073085926,0.058771998768577909,0.15786426678302226,0.98571026444579846,5.5910908683435299,12.397014002377555,-1.6268812779652124,,0.1108975273738202,0.3529411764705883,0,3
-0.69333599623390774,-0.61526525016055489,-0.37514512961146712,0.68283067612674553,-0.72729391731413029,-0.069179661593262221,-0.23027692908023997,-0.3041253520881429,0.92438103948027683,-19.944194466507994,12.302236091890318,-7.8320807234184286,,0.460178312816984,0.2,0,1
-0.57248592172663193,-0.77943408267516534,-0.25444524005988334,0.79264339478440304,-0.60549192452025657,0.071386119416956911,-0.20970531259237321,-0.16081679049489447,0.96444887980932159,-3.3069464893872644,-5.3993100009099582,-1.453803309755507,0.1874057852307772,0.1533953588031361,0.66,1,5
0.26063406404241024,-0.8571653546984257,-0.44422678821234846,0.96533074211987879,0.22453085410636547,0.13312570703117441,-0.014368123712609192,-0.46352286918661079,0.88596845697913607,-8.0818461867015756,-11.404300251419208,-1.9252878512051819,,0.1543591882516892,0.375,0,1
0.65259111534649372,0.735074904648361,-0.18381980504565532,-0.7193607187165072,0.6772555729721994,0.15441840967244871,0.23800208515576002,0.031460664873795757,0.97075498145886907,5.3949310239030606,-10.795359508561477,1.3648999317305608,0.4541650360476974,0.2848609830001387,0.3191489361702128,1,5
0.27178791528507956,-0.89244509757530899,-0.36010148141709714,0.96226785217388733,0.24692199315162425,0.11432458165540367,-0.01311143690235086,-0.37758611880182608,0.92588164098362447,-15.556933261772183,3.6833145287388658,-5.6867341909292124,0.5344915014096333,0.306125592601593,0.7027027027027027,1,6
-0.1548910411605828,0.97784385344191904,-0.14081961388262382,-0.98721715475243443,-0.14777881953286823,0.05969681616285312,0.037564008448249628,0.14826604055997639,0.98823384200601472,4.9263908410611963,-7.7918592700171949,0.89173663150576588,,0.4214668175140976,0.25,0,5
-0.34953274820044766,0.92276016401072269,-0.16229768220879862,-0.93692108101944216,-0.34380436659131769,0.063066991795265287,0.002397055861626877,0.17410409882495154,0.98472433548458072,8.9192078177597978,13.625876240657082,-0.75615763357442389,,0.1508114971583705,0.2352941176470588,0,4
-0.15189402534721341,0.97354645801464879,-0.17069123923316154,-0.98754624969395755,-0.14232033813444464,0.067062106056231169,0.040995240933795619,0.17875182639746548,0.98303976256321934,-3.9669278498002178,8.721426597795304,-3.5537816059195415,,0.1095617493087586,0.2843137254901961,0,2
-0.6924405525242836,0.684565189174283,-0.22780821537126628,-0.70534536251501589,-0.70872076264159578,0.014240792789519313,-0.15170366112399583,0.17054437068250333,0.97360187799227416,4.6963105914636811,11.094526055651201,-1.7341027055935383,0.3754829517178761,0.2352809420842267,0.7469879518072289,1,4
-0.2047274552147291,0.96267242276730636,-0.17705500705889818,-0.9783026848282701,-0.19536947405122501,0.068953792257908195,0.031788770644681129,0.18733012318437503,0.98178251105253833,-8.727632595663195,-10.70595494399527,-2.1838363322444172,,0.1038193987859309,0.1739130434782609,0,3
-0.60800503385526894,-0.75121902999509738,-0.25690435531512373,0.76438436356659567,-0.64134091552707406,0.066320244313377963,-0.21458430404282769,-0.15605062974599226,0.96415858519972519,3.060048800438111,7.9830207149511789,-1.742372269071758,,0.09364084598978081,0.5172413793103449,0,5
0.28959274814744007,0.93236218294184958,-0.21641811393763424,-0.94560912960987298,0.31369781388592721,0.086122329053788138,0.14818709194417753,0.179706542404832,0.97249480430387314,7.3394960589185994,8.017771707097797,-0.48927418733342176,0.1640972462129349,0.1003692139727336,0.5,1,5
-0.84713078740728798,-0.42063448470096476,-0.32470919190417513,0.4468416534478053,-0.89458648172716215,-0.006896626352729843,-0.28757949469797034,-0.15093593671280425,0.94578875931039086,-8.5028260258259962,30.461236055514458,-6.3952603527228451,,0.3632451238699589,0.6086956521739131,0,3
0.88197482659274473,-0.39692748756888185,-0.25410425984023505,0.43315550707943268,0.89516595530772591,0.10513904671798495,0.18573290484848953,-0.20279665201936212,0.96144516535592417,6.3419143537293436,-4.5596024313564278,0.92347326919097406,0.3946261136278088,0.3285852913763715,0.9032258064516129,1,5
-0.64286593727199737,-0.66397779416938685,-0.38191213066011931,0.73438376888532286,-0.67599539896561034,-0.060915519985586815,-0.2177242905446824,-0.31963058274714756,0.92218893068586216,-10.062206287251067,11.378709337716092,-5.4827194094090963,,0.1130049938241482,0.2545454545454545,0,7
0.48394733143203678,-0.81173292763788552,-0.32693215594101049,0.87199839598552242,0.47872798256705107,0.10216807772468206,0.073578378607345285,-0.33452828414905067,0.93950894051403566,-2.2639225715668601,-7.2140561382479014,-0.96195337340447673,,0.1479883165705935,0.24,0,3
0.92661031712330033,-0.21128824221019094,-0.3110475830228937,0.29137748278268827,0.92632858915625105,0.23877710828095017,0.23768147325334474,-0.31188559379284592,0.91991026391523789,-28.590942840832039,12.415988699322359,-9.6707568030083877,,0.2582661363117589,0.4,0,2
-0.45349286292106505,0.87195227384261609,-0.1845086865715192,-0.89001114169243323,-0.45400210584031031,0.041979227671486027,-0.047163449226990409,0.18325206692764662,0.98193395349369494,-5.5954099907778234,15.095870097460759,-4.687440709742912,,0.1065805687395661,0.4,1,5
0.9700150519591767,0.013996159983384954,-0.24264151845542914,0.012985783827292886,0.9939299208375233,0.10924596963873028,0.24269768929890473,-0.10912112522163182,0.96394523269703358,8.5687567266538736,-6.6363127238064861,1.7001738206562231,0.146718281145146,0.09475244062989133,0.4516129032258064,1,5
-0.94259548518595404,0.25627421234241987,-0.21409642546135432,-0.25894466521982079,-0.96576010831393411,-0.01597102199779369,-0.21085874812597169,0.040384913986924759,0.97668195798889279,12.051362721624836,6.5628074186789238,0.95062822873281672,0.1822623994019583,0.1419219042907559,0.4375,1,5
-0.66762854697929197,-0.58922214440944032,-0.4550707503189601,0.70935656213645137,-0.689017530346408,-0.14855339319346578,-0.22602077562090395,-0.42198590902170974,0.87797636732138018,-14.397742042222021,11.727442130904262,-6.5698436170756516,,0.4377062684581431,0.175,0,1
-0.095074903313357245,-0.94713141864157979,-0.30643570056693076,0.98988025801257673,-0.12252656734161554,0.071584321554626712,-0.10534627452791773,-0.29652877789089954,0.94919589460006581,-12.296442129715953,-2.926045918763319,-3.9863207858623655,,0.07467602094627042,0.2361111111111111,0,3
-0.28177295804973251,0.93151695657289679,-0.22995686493138801,-0.95942956770330479,-0.27106179322972235,0.077591293762494379,0.009945085648405249,0.24249054387389257,0.97010279424563584,-10.060360431289848,-4.5194850200145469,-3.2394432295363398,0.1790042788825933,0.1647965472990542,0.7283950617283951,1,4
-0.49435787080266858,-0.79377920435776139,-0.3542948917280776,0.84308581604107702,-0.53710244049649492,0.026968040400807337,-0.21169932065503283,-0.28536913487948801,0.93474480714916475,2.2217149064136503,-11.829239865985475,0.69953899161621025,0.4853923296959748,0.3136058563009907,0.4117647058823529,1,6
0.81416363671705128,0.54392198369489408,-0.20319066981797493,-0.52563883517495591,0.83910492193899677,0.14002408697672669,0.24666047028979185,-0.0071976128794170157,0.9690752327684663,7.7214661515792349,-2.7113167549324313,1.0596143504382702,0.463032109603888,0.2366498801130746,0.8157894736842105,1,5
-0.16586446332818222,0.96984585873910267,-0.1785720865406118,-0.98565499294420578,-0.15731240294472798,0.061131356634004694,0.031196389038035024,0.18614998835984167,0.98202595034175111,-12.015762078317536,6.5161268661743064,-5.1419423616382494,0.5348148238476511,0.4314130452921555,0.9956236323851203,1,4
0.45689131267430011,0.88596888523781925,-0.079432126958865909,-0.87134975564456951,0.46372707317275935,0.16033341805367193,0.178885247409903,-0.0040417814241631676,0.98386164284517952,-17.517809888818544,12.393100770154573,-7.3504035544874951,,0.3338603927655954,0.6533333333333333,0,4
-0.75496124181817481,0.61911656007089633,-0.21616708444705485,-0.64027234622885076,-0.76715991245132487,0.038948573558974367,-0.14172101469776024,0.16781046979749567,0.97557921268310221,-11.08448353969016,19.023707538974275,-6.3273895611908593,,0.1715951296869307,0.28125,0,3
-0.39411721317289089,-0.83292913907969712,-0.38845935637179457,0.90252081496851466,-0.43057957494762894,0.0075768190216949456,-0.17357361789569986,-0.3476065000972709,0.92143470754075874,1.824439581181412,4.5750123872380009,-1.4942328199804888,,0.08972454063174111,0.3835616438356164,0,5
-0.14803670409834013,-0.91964583314159754,-0.36378108228026468,0.98023081888131625,-0.18526472541704245,0.069458788007099759,-0.13127328728636239,-0.34630697812987843,0.92889116743759992,5.1066602982556821,13.711858706094009,-1.8465655133885694,,0.1305852504464236,0.2222222222222222,0,5
-0.94821934138331232,0.22348381432238493,-0.22568798231743811,-0.2235785514054166,-0.97435280611185771,-0.025480199634332075,-0.2255941310806954,0.026298174040562384,0.97386636355512324,-4.6551698114237769,11.239600379258347,-4.0488504235847342,,0.08993481190037274,0.2435897435897436,0,5
0.63113185489320944,-0.72509995646111003,-0.27550432824032617,0.77046319669036867,0.62712269756921335,0.11447089035720499,0.089772179903993499,-0.2845121708004944,0.95445994173756477,0.20590460611651612,12.590857080082284,-2.9262172766579027,0.2706365053958568,0.2064065713361867,0.3882352941176471,1,5
0.091465293637212911,-0.90676830334352854,-0.41158880464774367,0.99113184016283129,0.042886475193215721,0.12577132288778278,-0.096393856003895037,-0.41944248032000975,0.90264956114081185,-9.922688444477382,17.832704697564697,-5.9970959359841078,0.6875873601676553,0.3702201179376781,0.4571428571428571,1,4
0.96961575607695893,-0.023405627139863307,-0.24351070240442627,0.05394147240528871,0.99136808258439413,0.11949745766204155,0.23861182519325574,-0.12900194359439565,0.96250864693612581,-3.5195459812364174,-3.3218949808831351,-1.7451754138749369,0.4572580633896305,0.3913487572958196,0.9467821782178217,1,5
-0.94988902945332099,-0.13228358048141656,-0.28321702995978681,0.18310807760567219,-0.96979234151291749,-0.161165276218068,-0.25334218685363352,-0.20494845370948178,0.94541729817171705,6.7687687653012594,21.272766209928715,-1.925233133294437,,0.2726575215405882,0.2,0,1
-0.94173023845204085,0.23965304430738646,-0.23603088005441861,-0.24700954544728784,-0.96901163951359925,0.0016513464475029248,-0.22832091985401973,0.05985700327753915,0.97174415188137153,-3.3293247243724893,20.23640258871739,-4.3810234036193521,,0.1844551212617752,0.3888888888888889,0,5
-0.51000941233019204,-0.70191691674230461,-0.49719517427826027,0.83729215200836193,-0.53753120276536881,-0.10001029066462251,-0.19705900517311689,-0.46730380700845292,0.86185549858174526,6.5694495567017688,0.71658862712716465,0.30460165662350736,,0.4765823542397053,0.3035714285714285,0,1
-0.81044726048142579,-0.51765524792678475,-0.27424128476947135,0.53185665896862433,-0.84643627281303035,0.025964020819522992,-0.24556818256623472,-0.1248145839244891,0.96131034913334423,-7.4381391781620474,12.063247546572486,-4.8811700985393989,,0.1058388437196569,0.4328358208955224,1,5
0.15964516141960361,-0.9363980324490333,-0.3125254345823521,0.98609749619663212,0.13648440996638053,0.094782560795021467,-0.046099353900479971,-0.32331212575730639,0.94516883090178661,-10.186658283499856,14.478918311424712,-5.8644207674660684,0.3066918976587397,0.09659295936627266,0.2857142857142857,1,3
0.15535931233660488,0.97621891907166003,-0.15119558894642618,-0.98054854387777612,0.17097733050617803,0.096391418457005953,0.11995014451625176,0.13327931009553073,0.98379296009424122,-14.768962956463582,-4.2988397893157293,-4.4480476014261177,,0.09514092315271074,0.28,0,1
0.54863677663003652,0.8204315584142593,-0.1609029063968504,-0.81463612814464914,0.56787334579312987,0.11784668794332412,0.18805761364671852,0.066422293664599966,0.97990939012432954,4.7442059524154203,-6.906710249699163,0.7562548095645526,0.2127875614446309,0.1118372917700509,0.1063829787234043,1,4
0.14032851581118602,0.96711955646452608,-0.21210297299681741,-0.98323867342797644,0.16130552727167877,0.084983751077480726,0.1164028295438871,0.19662220214275047,0.97354511497860874,-26.085968077266514,13.539653291707367,-9.2217063799791319,,0.1100735842904817,0.4054054054054054,0,1
-0.22065725598206265,0.96709567026310583,-0.12663467116402397,-0.97489965759708763,-0.21473701628758102,0.058810470606755816,0.029682200045607687,0.13643305462482727,0.99020451857492109,-4.0909933877263835,-10.493965533706897,-1.0486624825828499,0.5408371392319206,0.2189393676858852,0.7166666666666667,1,5
0.042844854524643351,0.98631157774681477,-0.15922873498006118,-0.99627701689018555,0.054112163970649253,0.067111692921618962,0.074809251146861877,0.15576053836900411,0.98495798419518543,19.121571877293725,-3.7248498721353762,4.0746294565060683,0.4171600609838685,0.4452858155618327,0.8333333333333334,1,5
-0.2361212065086975,-0.92538881098897086,-0.29648326147237614,0.96735931186584245,-0.25273714041212236,0.018436366310850296,-0.091993138783942732,-0.28245262674070409,0.95486008193030869,-12.581488414607628,14.200583857860565,-6.4147790206026016,0.1699874764854078,0.1656957324629425,0.5245901639344263,1,4
-0.93003454115775075,-0.21748001718558502,-0.29620633750554781,0.26395984664934691,-0.95616929259853234,-0.12674968737032868,-0.25565788000831513,-0.19606816675988101,0.94667646129661109,5.4750644029925608,19.345261893190287,-2.0530171265307668,,0.1297898974803981,0.3333333333333333,0,2
0.85814628980999241,0.47103757526336998,-0.20422670730183504,-0.44151013807192085,0.88008837522402772,0.17468042184298671,0.26201859335752825,-0.05973319416819646,0.96321243879499729,6.4455319297030131,-17.782860055501153,2.4191211113395892,0.480914900152198,0.691951422642768,0.5,1,4
-0.48387282446815577,0.85116716358857714,-0.20342455449081229,-0.87375078894592584,-0.48295714513671034,0.057549585383129445,-0.049261024731333002,0.20558904540362688,0.97739781862476238,-0.48190153000594849,16.005269831306535,-3.4028111988687311,,0.08759622702705944,0.3684210526315789,0,3
-0.96661476410220437,-0.055837454784782539,-0.25007614133059131,0.064835990050998576,-0.9975062689849673,-0.027884363535805055,-0.24789552681270252,-0.043167371692604692,0.96782456354827318,-0.028564766174764295,4.2260674467234338,-1.9286463130992468,,0.06774207690080716,0.2569444444444444,0,2
0.76789749793851425,-0.54211785613715091,-0.34123549451519325,0.61971844516094665,0.7635347649890315,0.18155911263399255,0.1621187262072705,-0.35088871841426217,0.92227687052345009,6.6676661351590907,23.728107170871233,-2.0619495619113386,,0.3710363280988328,0.5833333333333334,0,4
0.93499510578832878,0.29280948249265759,-0.20011686364285886,-0.25249424992679864,0.94580911370024179,0.20418563660421041,0.2490598440250372,-0.14038421351400382,0.95825960297316037,-6.6743004985887024,-3.96322047689796,-2.4677630518648241,,0.6293844166058115,0.2152777777777778,0,3
0.30859844225695315,0.94748713291081366,-0.083875708074672553,-0.94393805145177845,0.31592166402356486,0.095783386983343627,0.11725167997944053,0.049614868426989839,0.99186209140836257,6.7295917278244408,17.427713776391567,-1.6241446510491309,,0.265018708270067,0.4090909090909091,0,4
-0.94881806029679883,-0.10057599124408541,-0.29938062469019178,0.13807013680533803,-0.98464820928142116,-0.10679204690165568,-0.28404388002063169,-0.14266174660419612,0.94813854487551819,7.0479402903316295,-5.5151232015526412,1.1884139126395985,,0.3928857659620347,0.2692307692307692,0,2
0.77687088046431285,0.62794572425671857,-0.046430620007799399,-0.58028750214058578,0.74262948353613412,0.33431701279219161,0.24441368608578998,-0.23277804357490403,0.94131627654226668,-26.226268913955838,10.200991880594009,-8.9454612223472925,,0.7076368476312707,0.28125,0,2
-0.88801685236368777,-0.36618482923497109,-0.27809124537864005,0.38306246669123711,-0.92369657712863618,-0.0069123088230565307,-0.25434074885969926,-0.11266456514359645,0.96052979091254165,5.1402824339252078,3.5014030897180555,-0.45375644819368904,,0.1362701090443785,0.3023255813953488,0,1
0.66483447140537399,0.72361996560954767,-0.18538951157596317,-0.71221765974622331,0.68889395211443027,0.13480032598541478,0.22525792056385083,0.042417780604342543,0.97337536496043076,1.1703564694554498,-8.5882686984622918,0.038696057078308553,,0.06762939877057897,0.3,0,4
-0.37323542572802948,-0.79624289597544018,-0.47612242920310038,0.91222377448005498,-0.40843682314016799,-0.032049130667289032,-0.16894703979347636,-0.44629207041108382,0.87879479153737017,-18.353527085723375,9.6076441650256452,-7.1200192943713212,,0.6781949957956711,0.3769230769230769,0,1
0.58887073639429399,0.78127713828262302,-0.20697171066441866,-0.77989526378661433,0.61648932490856834,0.1081863660401975,0.21211938464376098,0.097708471847079939,0.97234686258950787,-9.5571514196230698,6.9256832523461549,-4.6268908471504311,0.2322451176410293,0.1879495274790328,0.7017167381974249,1,4
-0.24575567445650581,-0.86673467051012587,-0.43402207248955749,0.96190856842944783,-0.27336850230096649,0.0012521708093933444,-0.11973326377593382,-0.41718182233341528,0.90090136677670352,9.2455168153893972,4.3981267780866382,0.50845593559902957,,0.3607963243221518,0.1111111111111111,0,4
-0.18704575574554916,0.96840316682931105,-0.16495208920331314,-0.98175640294892896,-0.17843590485705066,0.06568860728182313,0.034179680021270309,0.17422954494805681,0.98411168834682394,-11.873959606754221,-7.8465126449990708,-3.3257903501014323,,0.07920879566844687,0.3,0,1
0.97326367781686429,0.12227562223538224,-0.19443889952718277,-0.085926413659826409,0.97888391336267921,0.18548028357571431,0.21301282796571699,-0.16381378564308036,0.96321886337183593,8.9009817691551909,20.204680142415146,-1.2292917852999867,,0.09228056586802504,0.1428571428571428,0,2
-0.66148928232211779,0.72125286726413251,-0.20549022078005433,-0.74270016117196924,-0.66803862053941987,0.046052926757346326,-0.10405959815460739,0.18308113756216021,0.9775750084268956,10.559689382767763,-4.8988523542698594,1.9963939654092373,,0.07859927576191145,0.3428571428571429,0,4
-0.80167606836407568,-0.52043255281554901,-0.29405006271417217,0.53995247684872982,-0.84151775283674735,0.017297236932890876,-0.2564503931703746,-0.14490627878211973,0.95563348947819882,9.8056444485345118,14.310899072822945,-0.58877341954030626,,0.2306940724657958,0.5909090909090909,0,4
-0.5421236602853472,0.82599270490139731,-0.15439555825376328,-0.83764160379727082,-0.5458092511475684,0.02118501710329591,-0.066771854450463561,0.14081304205010364,0.98778196310817623,7.6083780047885359,-4.1553383902244567,1.1598779388691229,,0.1854753817445278,0.3181818181818182,0,1
0.1576264172325576,-0.85279391469497612,-0.49789200801945632,0.98660702258398969,0.11457867674071726,0.11609612320961364,-0.041958259954188712,-0.50952356755656059,0.85943309136084145,7.648657905846397,4.33711626509184,0.10644222669953318,,0.6886536919519383,0.304,0,1
-0.36013554932407105,0.91678650962281349,-0.1726409044423331,-0.93283637579448775,-0.35605204684997788,0.055165532069804436,-0.010894131798962791,0.18091278480958231,0.98343880449410115,16.822238961232571,2.2849448073168319,2.7730849672429536,0.326177418145893,0.290254663196004,0.5217391304347826,1,4
-0.92110663598802078,-0.19804630022883279,-0.33517193812206791,0.25183565071408043,-0.95965781637584657,-0.12504271469445044,-0.29688612323287861,-0.19958591742508569,0.93382230183120984,-26.832878584744869,12.104175563920396,-9.2643123105542298,,0.4857867374629469,0.3181818181818182,0,2
-0.90411977905931229,0.37374021655375278,-0.20708856956407556,-0.38000578148183539,-0.92492788658968339,-0.010198561129958239,-0.1953536054290283,0.069474132877611228,0.97826903953196043,3.5368031171174477,-10.896066515114743,0.85995680411384323,,0.3747685465918063,0.2571428571428571,0,1
-0.96798766571711203,-0.02848844303712679,-0.24937579600446011,0.052027902354231118,-0.994732781147323,-0.088316428185989684,-0.24554628157672492,-0.098463712728257824,0.96437125676764746,7.6097965223077813,5.8952456820050791,-0.13728714828173169,,0.09946272490749621,0.3076923076923077,0,3
0.7718230403514541,0.60992784724458926,-0.17965860830535843,-0.58793364409769511,0.79218755139383645,0.16362430612424778,0.24212233379149847,-0.020661669153724103,0.9700257063125387,-7.1007069773591134,17.797320575768694,-5.2173393174797988,,0.09339011789437718,0.4117647058823529,0,1
-0.51614660484369013,-0.71719571136816251,-0.4682125520566992,0.83323728948271758,-0.54700047803960705,-0.080660377137325046,-0.1982632132389307,-0.43176473758235162,0.87992665015705573,-4.0798460479418743,3.9786485779229248,-2.8711035650487866,,0.5459751770166803,0.3399390243902439,0,1
-0.56510353131322544,0.79649499168818627,-0.21506679686310823,-0.82170800317389447,-0.56670957084345874,0.060301076560810282,-0.073850906678878184,0.21079845950589343,0.9747358888707488,-12.039013589385075,-5.083129667011729,-3.7240555805809747,,0.8081677353627725,0.5849056603773585,0,1
-0.42902901469449389,-0.80332585601213102,-0.41303955453763674,0.88503331809748964,-0.46530764016821902,-0.014311738483890767,-0.18069347084944676,-0.37169391851826244,0.91060062625111338,1.7701212174452794,-3.0178666633814553,-0.47120429341683295,,0.5667596971441189,0.2427480916030534,0,1
0.9653317318146406,0.12054194176301043,-0.23152599816813313,-0.079419231722287792,0.98056701018886316,0.17939042383002435,0.24865082582687903,-0.15478365160855084,0.9561457985110503,-9.0925102576188088,15.117786357783755,-5.5732690315555091,,0.6227008781311995,0.2380952380952381,0,1
0.78349494538082853,0.58663134861280075,-0.20493738406503351,-0.57180610398804288,0.80973430379064337,0.13178822673781188,0.24325593518906788,0.013929037633949908,0.96986212004897043,10.074655764515114,9.5650937310258577,-0.025397167028640814,,0.1283146180960074,0.3888888888888889,0,2
-0.94062055814369883,-0.22035480050603198,-0.25821837171545753,0.23517831124949939,-0.97156043307211004,-0.027595050399782883,-0.24479405122524708,-0.086683832302684088,0.9656923866853514,-0.69782705692925318,10.131161920526074,-2.8956258279574403,,0.124098798203025,0.2352941176470588,0,3
-0.37054428169641307,0.92610204192067258,-0.070936191414889188,-0.92867310362561617,-0.37073967546156578,0.010879321716828073,-0.016223498526969166,0.069907803491552289,0.99742152428475872,-8.3340847446352839,-4.7402895282486908,-2.7529543181011085,,0.242894198036668,0.2307692307692308,0,1
-0.18336893231781609,-0.9332089761217891,-0.30902563250698734,0.97440604377756923,-0.21412530854137871,0.068434012682310391,-0.13003344381491794,-0.2885677721572158,0.9485883956500053,-2.3954917459072513,15.287778320005131,-3.913021703036156,0.9022235666295447,0.5177662443204948,0.2083333333333333,1,3
-0.053980896622603219,-0.96319629621362268,-0.26332291537232261,0.99390073558107528,-0.077224114210851638,0.078725878818512021,-0.096163353785199912,-0.25746714575787893,0.96149013424167484,7.6704982577165897,-6.4062903281229913,1.4435021588357957,,0.07516683226845486,0.3207547169811321,0,3
0.5583026356989047,0.82945456050227528,0.017415482584049756,-0.80355757430053554,0.53541122215636194,0.26005777814414932,0.20638166526098442,-0.15918528591239164,0.96543599114239298,8.5412536295646202,11.443114681928169,-0.73481005500307994,,0.1473653961052309,0.2258064516129032,0,2
-0.60165376641243495,-0.68585526945779529,-0.40940846928062768,0.76943443825418467,-0.63525001367901046,-0.066543710065525036,-0.21443738151310934,-0.3550492493694255,0.9099212273224585,-6.0924127905404593,17.068181540898543,-4.9036032581017457,,0.1845671700231303,0.3636363636363636,0,1
-0.59722095846733125,0.76888111472858867,-0.22836146387051812,-0.79782223731942148,-0.59875309782452468,0.070529465361422655,-0.082503359967913983,0.2243135289260523,0.9710183501534595,14.856770381689094,-9.3801180746726214,3.6253290421946018,,0.08998076458546,0.4285714285714285,0,3
0.64465016581296819,0.76447567494989555,-0.0017624208390477931,-0.74099272679707484,0.62541169960263943,0.24451990682554395,0.18803175942150735,-0.15632385745636856,0.96964267080136946,11.434609707906546,8.0379073071155975,0.57961128406652274,,0.1839619727931321,0.8461538461538461,0,3
0.05400155015865505,0.97849621169523004,-0.19907032998050303,-0.9939970516025689,0.07167384881679334,0.082660273415878685,0.09515090113006093,0.19341153816117476,0.97649284837128547,14.784431546477279,-7.0784408662189007,3.3947812360165917,,0.07165135702496357,0.12,0,3
0.24295976326069038,-0.91367288875829777,-0.32584107442797455,0.969846857436236,0.2221585328665486,0.10021306998410856,-0.019173590101139192,-0.34036368581658383,0.94009836443852157,20.005561655966584,-9.9579785024576601,4.9760279582960925,,0.5315132168152877,0.4615384615384616,0,1
0.94614636080334391,0.28979481816002733,-0.14431225625768776,-0.25143076460949193,0.93857939101849941,0.23632879080473457,0.20393536855208352,-0.1873170844395631,0.9608968078470167,22.844150009633744,-2.2915336907633801,4.8642266655189799,,0.3148568802027385,0.3870967741935484,0,4
-0.95808975383239114,-0.088219609092659218,-0.27254600377353633,0.14240673338158852,-0.97219003060316955,-0.18592166813846753,-0.24856457086433553,-0.2169420313524876,0.94400837344998278,-0.87054609998648458,-14.041812311167037,0.18341467984639223,,0.3676111538863636,0.25,0,2
-0.96975547274745388,0.072532176952952845,-0.23305236832701356,-0.076847099144500011,-0.99699785527423346,0.0094762825863284588,-0.23166537598320527,0.027099075354079922,0.97241801386313087,24.157852039197607,-5.0231125844102946,5.5353707358806092,,0.1208321483180477,0.1333333333333333,0,3
0.84465333281886756,-0.39277930283127654,-0.36371027841587883,0.50763688833888043,0.80335034610527334,0.31134066713193248,0.16989860786833655,-0.44760768612694102,0.87794181035219365,-0.68611816381116564,14.515824214124452,-3.3656452054795052,,0.2941496387277903,0.2571428571428571,0,1
-0.75932119136045184,-0.58474284182796932,-0.28549454860276058,0.60495691209705027,-0.79597308793753041,0.021306754450037626,-0.23970494958791649,-0.15653323037024011,0.9581434573866856,0.7411638615535685,-12.637372406579919,0.41425267612672972,,0.09976918976786307,0.25,0,2
0.94905741413532374,0.26069285091383959,-0.17700074055547671,-0.19320998570269854,0.92518000637235975,0.32666780868889306,0.2489175086239126,-0.27582819524344288,0.9284174064553129,-1.7345967650634349,-15.129455538587964,0.086464999036140328,,0.4518907237708156,0.7931034482758621,0,2
0.47494799997501969,0.8643208601969532,-0.16545043955253733,-0.85861018921754229,0.49634588923238537,0.12817683571507277,0.19290655844616844,0.081180101444329189,0.97785318470511895,-12.961477782624462,2.7607526350625466,-4.9130310251265064,,0.4255809005112688,0.391304347826087,0,2
0.6468521528301111,0.74067777804305124,-0.18160044463673092,-0.73072337125984421,0.67011559976790536,0.13033970094467692,0.21823301096236039,0.048389172971941577,0.97469628134378006,12.981513691776504,-9.031535055269897,3.1207063233986228,,0.09180014014629551,0.1578947368421053,0,2
-0.64069216805833296,-0.67357531541540949,-0.36852386659719177,0.73518441909402787,-0.67659653667025887,-0.041484894686959081,-0.22139877079624887,-0.2975120519052008,0.92869217895978184,9.6770604449412154,-4.2789073201440448,1.6654827206061122,,0.214563847891392,0.1851851851851852,0,1
0.84547962500400697,-0.47054931198083821,-0.25248276910997985,0.50707235849206944,0.85569500976725232,0.10326506433790716,0.16745694060376792,-0.21533554108363451,0.96207524538876088,18.687220138155528,2.9898484574593498,3.1367152764030393,,0.09665760484129171,0.3076923076923077,0,2
0.93195944059721259,-0.093003173346435472,-0.3504311784490986,0.18080974003435477,0.95699306664618067,0.22687465327763731,0.31426014540574532,-0.27479934522962746,0.90869460264212432,15.417377285179709,-19.663238805803317,4.8895363494279662,,0.2452925962839703,0.2727272727272727,0,2
-0.77443256353289636,-0.56400079143118265,-0.28663096797950177,0.58373263478909443,-0.81169916952395604,0.020016724914472178,-0.24394756736243184,-0.15181424656177567,0.957831936677219,7.8986628157755474,-19.036265034220492,2.8886704963898846,,0.1007316103978801,0.2727272727272727,0,2
-0.85401831728220323,-0.40768485403058513,-0.32318071344146421,0.45525906406675137,-0.88629196261480236,-0.085004362179047513,-0.25177747780835952,-0.21972623147558312,0.94251179561318943,14.202907654366719,0.68720747017831518,2.2843237869697499,,0.6282173807870718,0.5,0,1
0.55317871779460981,0.82134200736569962,-0.13925018174348697,-0.810401764810599,0.56928218856906343,0.13844410196857002,0.1929826048403791,0.036264262221918774,0.9805318034181868,20.224448444432568,-2.8470984958204091,4.2241965060191013,,0.1134970745987037,0.1,0,2
