axis_00,axis_01,axis_02,axis_10,axis_11,axis_12,axis_20,axis_21,axis_22,location_x,location_y,location_z,dbh,dbh_approximation,score,reconstructed,number_clusters
0.9324821659051209,-0.20069379701531181,-0.30033150035997308,0.30599834777721086,0.88070705030006657,0.36155235127070379,0.19194275559789395,-0.42904206249659721,0.88265558808753608,-9.477024469192564,-4.0230476139769573,-5.1887362488961939,,0.2043837058883431,0.360655737704918,0,4
0.1856673673109904,-0.94398469607938329,-0.27280125051715204,0.97610543823249718,0.14528915640500301,0.16158352169719958,-0.11289730806690025,-0.29628357126077498,0.94840405061988775,1.9544256033409473,-2.7903494117267726,-2.7705108232612403,,0.06691643863231488,0.2183908045977012,0,5
-0.075313570181080827,0.98016894572830271,-0.18329403693641313,-0.98569381900569952,-0.045383708460210469,0.16232071395961226,0.15078315993684122,0.19289675175146528,0.96956448049791644,-2.1478923598361175,7.1368346537089469,-5.5812358911789302,,0.2925555811843118,0.3431372549019608,0,4
-0.42460742261145029,0.88330145721588538,-0.19871354343263553,-0.90450773173473964,-0.40423749651488666,0.13585952172539378,0.039677448195882724,0.23742489779226972,0.97059523902242217,-4.8778759774537264,-10.923403815103214,-2.8712542284043239,,0.08610218660558117,0.1666666666666667,0,3
0.20859695950138832,0.97008711076890819,-0.12417047155748606,-0.95341405064670637,0.22999719628673423,0.1951997380369187,0.21791961021490561,0.077667800408365698,0.97287139759760144,9.1177658073700076,-7.5779748127568061,-0.093603908917877759,,0.1737308977870772,0.4210526315789473,0,10
0.85051290073252861,0.51443679418914645,-0.10946501939860277,-0.43548855481624515,0.80550439277515506,0.40188604335556344,0.29491952175398806,-0.29413850139742886,0.90912321369772353,16.332841229208622,-7.8274390829054363,1.6126182431724267,,0.1252921724451046,0.1111111111111111,0,6
0.9716392019774831,0.010233557120392412,-0.23624676820905896,0.043483674612222432,0.97429395489756965,0.22104402161622108,0.23243586475150418,-0.22504791436207019,0.94621720816021104,7.996962673001331,11.85938496502218,-4.2903259075768023,0.407117021402811,0.3628910932898429,0.7083333333333334,1,5
0.94007722822701723,-0.22725333125537453,-0.2541864048338196,0.27776736030386862,0.94278417600236175,0.18439981298625938,0.19773744844826002,-0.24395475177352369,0.94941349293565924,-2.835967806997671,-6.997753000680313,-3.0530540367140673,,0.3895607136734673,0.9548192771084337,1,5
0.59901776017802755,0.78107057243288791,-0.17637030325612774,-0.74575040906905055,0.62439586135059166,0.23234916763697536,0.29160598478879241,-0.007653052176240213,0.95650790923428586,-10.13086695791298,19.20481453049025,-9.6931146597957447,,0.1579218007102778,0.4137931034482759,0,4
0.95561654283943254,-0.010981833233927013,-0.29440859768429395,0.1008657342644191,0.95110895755761393,0.29192097304744613,0.27680882699601517,-0.30866025042510792,0.91000314455753328,3.1610278168635118,9.938127164390405,-4.9313813250912064,,0.225044667399207,0.25,0,4
0.093039179509934497,0.99549431195059379,-0.01829715688656959,-0.97800739663301484,0.09481931142695342,0.18577090814126748,0.18666880619758341,0.00061078190214082745,0.9824227113306353,0.19493684532451894,14.198690332899682,-6.4911933966472679,,0.2459461426230784,0.2777777777777778,0,1
0.2464380993794911,-0.89242381557793493,-0.3779523734064173,0.9644149911087303,0.18727815769033329,0.18662962406022873,-0.095770497017462042,-0.4104955846795853,0.90681937940231161,-11.269646882194538,-5.1813772872152288,-5.4149154401106969,,0.1435577797232598,0.2191780821917808,0,2
0.079494216683117472,0.9886889199672757,-0.12718053722122355,-0.97974762332578547,0.10101496150491,0.17288890114647709,0.18378047802041519,0.11086116130594617,0.97669572478458444,9.5023342599120344,-6.0344547668055899,-0.36380260219825478,,0.2440385208315619,0.4310344827586207,1,5
-0.97533459880088957,-0.0056419497547910979,-0.22065944073361538,0.0099046699316338652,-0.99978500621654975,-0.018216444716773656,-0.22050922405979503,-0.019952687727178339,0.97518078957545551,-18.096764519159859,10.382615197587468,-9.8564343919153767,,0.1469659379568086,0.2692307692307692,0,3
-0.045664387334325929,-0.96233061504922235,-0.26801968410616156,0.98077653597035752,-0.0941434037296075,0.1709222221485277,-0.18971597249406058,-0.25506235879327654,0.94813028793908027,-12.304507667632077,-7.2950860797602024,-5.2263978497906463,,0.4417637787134618,0.983402489626556,1,5
-0.76421708444137959,0.63453809587353804,-0.11547143687121315,-0.63823856043951066,-0.76981318407975841,-0.0062611169199839715,-0.092864351696541711,0.068913471122628134,0.99329106795632294,-16.532781282307202,9.9067111756215809,-9.4528181623036716,,0.2357587019513882,0.2222222222222222,0,4
-0.56353800559467593,0.81696885857843027,-0.12242058798842742,-0.8256889225676296,-0.55242690834833297,0.11429048115136183,0.025743336991975507,0.1654883532027546,0.98587569477838233,6.6468204306989103,3.974038665619573,-3.0528309616230414,,0.1684117461983319,0.2558139534883721,0,2
0.96638631780591167,-0.058289095389711908,-0.25039941317060349,0.10893192095771301,0.97504729505243071,0.19343373285805812,0.23287619318856134,-0.21420820191950876,0.94862190828402049,-8.7899956713353902,-10.025826006338576,-3.8880531997223335,,0.0795593586677972,0.4444444444444444,0,5
-0.056148260352773809,-0.90013491175575489,-0.43197744558925327,0.98246455733185478,-0.12685775647445849,0.13664004979869365,-0.17779416876286916,-0.41673042876747823,0.89147348995536257,0.26684129894411623,3.6134421681619262,-4.3043548210391505,,0.07786820697141703,0.26,0,1
0.59209940203772271,0.8047522756860972,-0.042332881836912917,-0.75686558247055236,0.57336800777540575,0.31369350922703632,0.27671788554063775,-0.15369743796729091,0.94858015443303911,-6.2720835487915592,8.9957439222894173,-6.883850857517106,,0.1780526723682117,0.3548387096774194,0,3
0.93284521659497188,0.30797644396401519,-0.18695002497769359,-0.22591618439995434,0.90424679498430927,0.36235288240439162,0.28064511309133144,-0.29578411675390021,0.91309916042786365,-7.3902176841464895,0.80537119604148266,-5.5895688662046394,,0.4675893027990327,0.1499176276771005,0,1
-0.50689193388403386,0.8498939507000981,-0.14401680432047809,-0.86174204084540562,-0.49544996895128668,0.10922446294564098,0.0214760890969228,0.17947033412112312,0.98352894048296957,-20.820159949321191,11.230531414823471,-10.653569828492516,,0.6909038826973388,0.8041237113402062,1,5
0.43611078609677856,0.87796375342411315,-0.19745133558295686,-0.86270757090581796,0.47032405396629917,0.18582500198436544,0.25601372883467316,0.089302474401045273,0.96253936995533718,-10.844363455396108,-2.3321945133956077,-5.8934900012413927,,0.07830222222492357,0.3604651162790697,0,3
-0.18825828630296815,0.9639341166301918,-0.18812186591314142,-0.97584193790589713,-0.16196864628122148,0.14662424712813552,0.11086627017417716,0.21118043568995892,0.9711392761697295,5.5884026293622089,-8.3597134259783559,-0.81565781059010145,,0.1184404542312002,0.1967213114754098,0,5
0.94891693835519209,-0.18394652257193048,-0.25635974905648312,0.23868271789016721,0.94987302147096642,0.20192028937721992,0.20636667435216283,-0.25279422445006849,0.94525545531433841,3.5972130264702034,1.0248415412170242,-3.1528009676150992,,0.2845448506412984,0.8466386554621849,1,5
0.37887063101286406,0.90664375877127557,-0.18561826320975908,-0.89370529594778925,0.41052137573099318,0.18100564649426654,0.2403079044700544,0.097310301351018258,0.96580682141936935,9.1918564430477101,-13.109156813469115,0.9657639911252911,,0.1125220662170034,0.3076923076923077,0,2
0.87587580648277374,-0.32342111497988379,-0.35810662379146019,0.45211669056554576,0.80938039240402238,0.37482513056619976,0.16861811803661084,-0.49020624514287719,0.85514078811194139,1.2750508381481693,9.7343052523021338,-5.3129377298758165,,0.3966851814603898,0.2619047619047619,0,5
-0.73546760127224098,0.63787637172075773,-0.2284756920970348,-0.67296562220307621,-0.7268993247456158,0.1368745521168783,-0.078769783620903713,0.25442308481097209,0.96387977212076947,-11.728012186402177,-6.1835518176274711,-5.3002556141660397,,0.0674846745923264,0.1355932203389831,0,3
0.54949314757306522,-0.7450556116624244,-0.37808651959647799,0.83487389924757238,0.50713528392746088,0.21400788805782325,0.032293236527200272,-0.43325043488281245,0.90069484707555314,-7.44834054767641,-11.562233224852744,-3.3809415392227558,,0.7857839674155155,0.7588652482269503,0,3
-0.41184595106357946,-0.8578128396757525,-0.30747364875702521,0.87042138670367364,-0.47019331908365236,0.14589329065434539,-0.26972119338567058,-0.20754607868259406,0.94030585612453199,-1.8601515157639159,11.395080716814457,-6.3915480120997543,,0.1472212701527123,0.2307692307692308,0,4
-0.6602719152721509,-0.6296438985066295,-0.40937703767580402,0.69473545579783536,-0.71911972240241806,-0.014473123686375627,-0.28527818766989049,-0.29396493995924161,0.91225049723995233,30.262613563147692,-6.7442008148200019,4.7367847808658645,,0.4797088572454227,0.1944444444444444,1,4
-0.38669352276643754,0.91182331277987516,-0.13800857118894724,-0.92133419616630052,-0.37546251853698398,0.10085234825456516,0.040142476568814429,0.16615096582625391,0.98528292288556552,10.528986202781784,-7.112027577809541,0.10245159084905556,,0.1539871326106041,0.1351351351351351,0,5
0.50841430776670382,-0.80227813715403384,-0.31283331392733499,0.8611014642735132,0.47182473842373462,0.18943517212330932,-0.0043772004885473479,-0.36569277659810207,0.93072532643087313,6.6410036316092471,5.1426685787871307,-3.3018447478893593,,0.3072825197012586,0.3584905660377358,0,5
0.88735715297338402,0.41653113785472762,-0.19773490906872149,-0.3589331630453178,0.89321232427240704,0.27081124096714931,0.2894205720629634,-0.16933267542128422,0.94210518388416498,1.9232429848326142,-4.947482398829143,-2.3276670172637126,,0.08117375642721306,0.1830985915492958,0,5
0.92212410153875013,-0.2728848251510535,-0.27426449563082739,0.34152438706663102,0.90721255839780146,0.2456144680674939,0.18179173358575851,-0.32015503445611271,0.92975938796674151,-16.224902496498697,-3.6190803851422135,-6.9431742590588295,,0.4281973076523907,0.8518518518518519,0,2
0.73583992205308013,-0.62011233801424459,-0.27202995672429925,0.6724402860997738,0.71648628415095672,0.18566493005844983,0.079772619005342243,-0.31954356958959707,0.94420772947003928,2.0178924820209505,-6.7447640844042889,-1.9587668485315317,,0.2613407957704342,0.8262411347517731,1,5
0.96590014267658353,0.072967642973843269,-0.24842028390652365,-0.031564224492859519,0.98549567617663059,0.16673923344351388,0.25698368452008868,-0.15321225576306868,0.95419358128970455,-21.277470175898678,-0.91593335604617887,-8.6421247513749861,,0.3097478544062127,0.7,0,1
0.44845733685444056,0.87620355746779444,-0.17650309601308523,-0.85542797171851803,0.47799365696546969,0.19941175768323974,0.25909265181198238,0.061558019636423718,0.96388879441327491,12.513596555764879,-1.1059361262092884,-0.65816079026545704,,0.06740744594948588,0.3846153846153846,0,5
0.060025301512003908,0.99757218699436523,0.035308567142722853,-0.98179348366301089,0.052615710773816132,0.18251888235636135,0.18021797528338318,-0.045621472083277624,0.98256814657799318,25.691207232962942,-19.6240807737565,6.1723232069581222,,0.3081886122077182,0.5,0,2
0.27850385016848028,0.95324380509867357,-0.11731092652577807,-0.93182373702937804,0.29777519001429903,0.20744748569349997,0.23268031405759138,0.051538182476218823,0.97118674167078212,3.4781524489879385,-8.1696075937533763,-1.3611847683432683,,0.09116742495432953,0.2857142857142857,0,5
0.96690750622253352,-0.033191261047508039,-0.2529589188002625,0.098335963758815884,0.96337629071054909,0.24947176338898322,0.23541434247332191,-0.26609107968299139,0.93475966144832867,-3.0643693109233676,-3.3109528077414279,-3.8398673151516016,,0.08113116521731874,0.2946859903381642,0,4
0.91909898699468395,-0.24880260701013365,-0.30553938346849407,0.34975657490878242,0.87225153913230491,0.34182976872911952,0.18145905988245342,-0.42103980242524219,0.88870585367729515,3.0608924247946567,5.2660426467710719,-4.1106829741601221,,0.5275649759911509,0.392156862745098,0,1
-0.39702726812675249,-0.83905864492328186,-0.37195421592356431,0.88340219558472344,-0.4592764548870551,0.09308973532279799,-0.24893756084588275,-0.29162600769801822,0.92357152534831721,8.5490172658012593,-5.4477734987566464,-0.66924523003498293,,0.08350427694886589,0.1875,0,5
0.28814560990781607,0.95196535605685983,-0.10360534908192742,-0.93205858946714815,0.3036332313042861,0.19767055078647339,0.21963354318355494,0.039608354109370622,0.97477806961040292,-12.156879446823352,13.136649023087624,-9.0446273134795714,,0.5076894252902152,0.7894736842105263,0,5
0.97146863097687786,0.1538817975529474,-0.18046908713069029,-0.098262175021226472,0.95370102029664672,0.28425148873002137,0.21585468257142079,-0.25840811958413629,0.94161138467256345,-0.78986620544605646,13.639822135154159,-6.5449663265509539,0.4162978184347296,0.7641618152628995,0.1739130434782609,1,3
-0.95182044565047375,0.19203185171585474,-0.23908493714224877,-0.22234229986395404,-0.96910282367980705,0.10678772788589561,-0.21119124255740521,0.15480143753339107,0.96510868507368353,-3.322501698254066,3.2370139550824666,-5.0779111806561934,,0.09350425919331713,0.4736842105263158,0,5
0.52453148603751398,-0.77939093343465449,-0.3426609009430982,0.85138577338471744,0.48158711774074031,0.20788485491798916,0.0029975045261727024,-0.40077876803296952,0.91616995915637356,-10.193182115466943,-7.1290868240848635,-4.8005813821892804,,0.146554861924202,0.2272727272727273,0,3
-0.16122302042159403,0.97007706914748026,-0.18154233005107601,-0.98311853195200882,-0.1417362541729236,0.11570992345324679,0.086516413579540707,0.19713273235884474,0.97655189110157936,-9.9647902517161047,10.162286551272032,-7.9586624063037155,,0.4281264405019341,0.25,0,3
0.92214913063612913,0.31019852815524696,-0.23112302783874522,-0.25962895493977806,0.93921146005084821,0.22466561611878366,0.28676433987493916,-0.14716897240747595,0.94662955105818347,5.4328318761286303,7.2253076510760348,-3.9389462243538453,,0.1287345263285386,0.2857142857142857,0,5
0.011992075819343332,-0.950515587484692,-0.31044533829028947,0.98685786589948243,-0.038783469588208289,0.15686744403800792,-0.16114509806339167,-0.30824659030608875,0.93755868986149782,4.1559427596008316,4.4573212958680344,-3.6918962126532868,0.05394693864189092,0.1017940036151825,0.16,1,5
0.96018404449277339,-0.1059825709974421,-0.25848461336464945,0.1719393693277094,0.9534386709254723,0.24777319075933027,0.22018958644016234,-0.28235154582300775,0.93369917564206351,6.5308619494638158,-17.241189997138925,1.1284167435872292,,0.1105814421465958,0.3636363636363636,0,3
0.94286956009299772,-0.18087164421066848,-0.27978999440753394,0.2647273060396434,0.91661548640536838,0.29955884817318329,0.20227814040827929,-0.35651297087536743,0.91213050355230918,-1.4871279906530395,-8.3408520371112136,-2.4169826078322552,,0.1059138782498788,0.32,0,5
-0.24515410778222874,-0.88822080254895841,-0.38853991990113834,0.94386217316140419,-0.31019770088698323,0.11358514180763633,-0.22141287567016174,-0.33888226906067748,0.91440425753807353,-2.1873294896857023,-4.6737343569519849,-3.3600483219872554,,0.08178494377573156,0.3823529411764706,0,5
0.35237135729954422,0.91058457890828226,-0.21603275494540686,-0.90286374920306967,0.39152227573450782,0.17761575937581697,0.24631580730812411,0.1324614368716322,0.96009504259320533,-8.1285427333757898,3.0887357904595993,-6.151799731742849,0.119378158913364,0.1154800143857269,0.5910931174089069,1,4
-0.96326703225425903,-0.059151237245048546,-0.26194991067845591,0.030725963653612076,-0.99331037528173483,0.11131223434652243,-0.26678182046314175,0.099174742197992091,0.95864061607065898,5.3438308037636348,11.050350360979262,-4.660110545611877,,0.09881218004699048,0.3333333333333333,0,3
-0.4714252975803177,0.88184350804117584,-0.010498386873283302,-0.88148459783202393,-0.47079869002694907,0.03651708167177712,0.027259724617528038,0.026469242424763405,0.99927788258283556,-13.564385853484481,-4.7803949323446728,-6.0801460493167507,,0.2881391428885201,0.1363636363636364,0,2
0.056479945381947297,-0.94972204699678209,-0.3079578692254738,0.98642542456798377,0.0054451107260700092,0.16411956780059359,-0.15419110718690957,-0.31304693612527601,0.93713751298678261,-3.6930355695102079,-2.307368461037107,-4.1507501490395518,,0.2667317392381261,0.2848605577689243,1,5
-0.053429027846726249,-0.94695905623986742,-0.31688149959985651,0.98146278759479888,-0.10828987240501532,0.15812684813513675,-0.18405470803541216,-0.30255883616216805,0.93519089768356611,-11.995941042407663,12.053287029146576,-8.8152930595762697,,0.1058031761185905,0.3793103448275862,0,2
0.93886349275956005,0.26765441525069783,-0.21655589569468167,-0.20399875530739978,0.9391594107929635,0.2763405669677273,0.27734428026615315,-0.21526893671828343,0.9363436522387647,-2.4015553000404655,7.5274557676589149,-5.7274886909617253,,0.1076828258366729,0.31,0,3
0.59851964939815216,0.77580079164097648,-0.1997682681847838,-0.74149977451438398,0.63087465702828083,0.22841902616587603,0.30323639900155652,0.011414850357478816,0.95284699060861056,11.570096037006905,1.6199618870326433,-1.4679350367233304,,0.250772948672301,0.5454545454545454,1,5
0.87734661782381862,-0.40029560420881555,-0.26462490707453201,0.45374153320728033,0.87149598405582707,0.18604668988528417,0.15614587165792126,-0.28329874518900322,0.9462347952482637,-21.890131557750163,13.133268775790709,-11.251433509173102,,0.1688472690674963,0.5384615384615384,0,2
-0.92278609991860039,0.30088244634774958,-0.240698083242913,-0.3383716292122555,-0.93160958620739387,0.13269596614340756,-0.18431075481713649,0.20389539564757728,0.96148646027515905,-17.833991030886786,18.862942747326894,-11.409874602923574,,0.08301472988291386,0.1578947368421053,0,1
-0.084022430938751211,0.99622921950965215,-0.021623443165492893,-0.98898006971953178,-0.080717202886345915,0.12410944708503686,0.12189607375421027,0.031813131775934679,0.99203289857237809,1.3011908034377284,7.6955497651022471,-4.9457061615765046,0.7183252577755493,0.3755164758123067,0.5217391304347826,1,5
-0.9252975023087473,0.33409040486329827,-0.17946624640714795,-0.34003658178073781,-0.94040881502748075,0.0025265924643362915,-0.16792752982184131,0.063362938669908622,0.98376088696951547,5.509457647043746,-9.4108091537474063,-0.57107825642131871,,0.367365594896812,0.1578947368421053,1,5
0.21582265456670016,-0.86040724485635989,-0.4616491684975394,0.97077395059414373,0.13824887305117758,0.19617641537126068,-0.10496913176558528,-0.49049630181966325,0.86509817898179164,4.5471635340581793,-0.061258156470955824,-2.7334591801096173,,0.2529540336038721,0.303030303030303,0,1
0.70484018645879065,-0.59810839906097513,-0.38140091049373964,0.70621140704749097,0.64230039913867842,0.29785171784345427,0.066826342925074694,-0.47928753399082957,0.87511010715923576,3.3099272690520984,-12.886964752373055,-0.42102887392238414,,0.09955032538373342,0.1891891891891892,0,5
-0.96695471558184709,0.0037720677932753135,-0.25492028071260159,0.016143369434060719,-0.99697813310872141,-0.075986799684966994,-0.25443657291620664,-0.077591066545130177,0.96397181325754777,-14.686118794340404,-4.4040375022290439,-6.4015334284887153,,0.2959005291578554,0.1842105263157895,0,2
0.82308005237032744,-0.50079530144169848,-0.26784938574500861,0.5550645341435132,0.80915441552224576,0.19280169806539163,0.1201773286693659,-0.30736492625992973,0.94397256939972796,-5.2218498151425621,-7.5446976235048862,-3.5217031264902947,,0.06604726991203373,0.25,0,5
0.95574922333164114,-0.13456420289173529,-0.26160255618222961,0.19740054776592281,0.95268278358402769,0.23114613906423509,0.21812025546170249,-0.27255823077408792,0.9370888778523736,9.4554559762069541,5.5464455786724312,-2.7089903798990025,,0.0803500416669423,0.2162162162162162,0,5
0.87494130085857202,0.44278097421992574,-0.19601716486257698,-0.38595069645215835,0.88214325989777531,0.26993578666975476,0.2924376514062495,-0.16052500704182804,0.94271519673452675,-2.8383686333894862,6.4535948847614835,-5.6347571107453565,,0.09054325728855599,0.3457943925233645,0,5
0.91101143817515939,-0.30710965337059404,-0.27521231862077361,0.37495182654950809,0.89468703208888056,0.24278847250060862,0.17166620890908141,-0.32437443706091357,0.93022144530224626,4.2878861891952473,7.5238527138291307,-4.2142396504035728,0.0765498204372129,0.1045526056137278,0.4615384615384616,1,5
0.74790665342937279,0.62191899434641573,-0.23206120362356458,-0.59620071547316289,0.78305932412055368,0.17709545950460928,0.29185671934249391,0.0059041831783032944,0.95644382793535354,8.1437190979369909,8.2960599449174435,-3.5295009524362158,0.4489758674267711,0.4306917707595287,0.9236111111111112,1,5
0.47571436026238129,-0.72903973868080763,-0.49213504941669517,0.87932349268557142,0.38013968486049443,0.28685190465711008,-0.022046375017245094,-0.5692054808400776,0.82189967631713734,0.66479607689116615,-2.9842475852735793,-2.9807866566224162,,0.3484212413917589,0.3076923076923077,0,1
-0.27301343567872416,0.9386711264221983,-0.21061856603865636,-0.95765599554206782,-0.24437738394112016,0.15223235011135175,0.091425697378964083,0.24326160946473882,0.96564234125238868,7.7487032571416448,-10.544846982857978,0.095059097376618745,,0.07704334756039599,0.4761904761904762,0,5
0.82032414749612848,0.55159312298712193,-0.15104078822643865,-0.46565920910258679,0.79754212248840972,0.38352061722238096,0.33200872580807794,-0.24427768938238384,0.9110974791191665,0.31840581975988996,12.225968318946697,-5.9500391223782607,,0.3532826633615536,0.14,0,3
0.96167724487843187,-0.10227764655423702,-0.25439371002121097,0.20067584236921154,0.89478178833111621,0.39886684189134791,0.18683169691579854,-0.43463183763536772,0.88101593784747567,4.4789505183421783,-14.023148169118334,-0.019159932175726865,,0.5121651748791207,0.3103448275862069,0,2
-0.51118915818909716,0.83296117163719541,-0.2118049364266896,-0.85941578950942055,-0.49267084779943227,0.13667456409474751,0.0094944874439217355,0.25189506202659168,0.96770797890417226,17.839051022880849,-16.484841484851156,3.7036541337807805,,0.09221070246288493,0.2727272727272727,0,1
0.7480552146537599,-0.5234380258191843,-0.40795346420374073,0.65570753067258658,0.67771404166157956,0.33279319697672111,0.10227917700380987,-0.51644584504209423,0.85018977827905062,11.015480756699686,11.834360300385033,-3.7096608871553793,,0.4872099616266318,0.32,0,5
-0.50933636777563474,-0.77435704071553135,-0.3754299374788973,0.81670308448568152,-0.57245537773321509,0.072738657506834017,-0.27124257824445197,-0.26956634433587529,0.92399212645384332,-11.153788387661898,5.7856429165528427,-7.4531378610649588,,0.11118672860248,0.375968992248062,1,5
0.62414026707822468,0.74986201722399015,-0.21944448531755986,-0.72782807040364439,0.66014127895013397,0.18568734948452234,0.28410425365352809,0.043822904409083228,0.95779137921841939,14.747262525439472,-4.7540624838190073,0.61790182248600767,,0.1318304182321905,0.3928571428571428,1,5
0.067308657294083682,0.97821885269495168,-0.19636043615107157,-0.9829269886979739,0.098791336987549577,0.1552250193278919,0.17124275033530481,0.18255998457598513,0.9681672234119556,-19.600311573056246,16.0915633637727,-11.319115930000502,,0.2873852013845938,0.8392857142857143,0,2
0.93198714234638869,-0.2592211624648556,-0.25338578379889898,0.31564819643745679,0.92403998452380653,0.21567643145931661,0.17823070046093137,-0.28098842668624885,0.94301607700059564,-5.2427990711676591,-9.7789839714228233,-3.1480136926841404,,0.1026239835316534,0.2156862745098039,0,5
0.15598147024614128,0.98372108139124703,-0.089233485678233429,-0.96824681026131521,0.17014278464594623,0.18316535494386341,0.19536605477574767,0.057829636514148255,0.97902392094473401,11.688641299234384,8.7888050728042284,-2.8418562653111539,,0.3926079085849749,0.9333333333333333,0,2
0.96506641433981877,-0.062544665414170961,-0.25443069929062145,0.12365765244802594,0.9648584998469113,0.23185525714163069,0.23098831335010975,-0.25521802464049803,0.93888665929081871,1.4836424697639192,-15.857840137250335,-0.31671875712949038,,0.1089155226166037,0.3333333333333333,0,1
0.30866414679442572,-0.87801324820994997,-0.36581304029720302,0.9490769143613963,0.25878974670283422,0.17966879981714909,-0.063082922490331317,-0.40264202831956913,0.91318122074470154,14.436979507200391,0.49771623815922145,-0.50736655294855304,,0.125003593853991,0.1818181818181818,1,6
0.20223073202804787,-0.93550158001259898,-0.28972318653730572,0.97320393602659294,0.15890974227611879,0.16619805267236018,-0.1094387039659509,-0.31557009934984021,0.94257025333424604,0.090356215645474441,-4.9567967109362723,-2.8002314763765677,,0.07489582881445084,0.3464566929133858,0,5
-0.35097717183324684,0.92524763952744404,-0.14398552149722693,-0.93518174564481094,-0.33856815082775271,0.10395532625988957,0.047435508478982258,0.17113857774905375,0.98410439473735278,2.6610897728866458,-8.9937902575743518,-1.3640174481036542,,0.3451943072959106,0.7455830388692579,1,5
0.87256792596727761,0.46693390892362258,-0.14351982187304829,-0.40870742144915656,0.8587489388645172,0.30904450108592701,0.26755085166290715,-0.21100470301956331,0.94015613441496038,7.1443514188334012,-7.1193055399651817,-0.64004939804196026,,0.2827000130100497,0.3333333333333333,0,5
0.96839360717222467,0.076859826811929627,-0.23728967236356613,-0.0053291760155914558,0.9574976966311447,0.2883916795419883,0.24937004926607209,-0.27801210039941454,0.92764424784533883,-16.587434733275405,3.7020078277922761,-8.2877246455108544,,0.1561837105410589,0.2380952380952381,1,5
-0.8818128269674298,0.40905870484135581,-0.23468513840723321,-0.44682209046760607,-0.88386599884071793,0.1383145529706051,-0.15085144237251458,0.22683005111054494,0.96218084071931065,0.12540500639792115,5.2186911820287891,-4.7285651525208356,,0.8873741742116138,0.7539936102236422,1,3
-0.70059073283409901,-0.60324018608315344,-0.38114813781696844,0.65162361810692992,-0.75853737158938761,0.0027778098382718885,-0.29079079316961548,-0.2464190207687432,0.92450980568686236,-6.1069548336493478,10.615301256079977,-7.1879364798511265,,0.3051597162922827,0.2068965517241379,0,2
0.46408754521886952,0.86382713406885214,-0.19602406183710619,-0.84571748794803103,0.49791511003205424,0.19194393395114068,0.2634097206854677,0.076702188027209309,0.96162991498821571,9.3934345034589395,-0.30834312803286829,-1.5254780264220735,,0.1072305465993813,0.275,1,4
0.49729884935144192,0.85593223668229013,-0.14168225238816501,-0.8257913385822262,0.5170637380213533,0.22519714906268398,0.26601225452280758,0.0050096937468697726,0.96395662942492155,-2.3389786585980117,-3.359011880640586,-3.6662348849991857,,0.07385352374353753,0.226890756302521,0,5
0.88558165305873904,0.44468192062431594,-0.13417572520997248,-0.39473361973119997,0.87276181112999851,0.28717971809825071,0.24480707755221612,-0.20135741978620006,0.94843275158410068,7.085037863272059,-14.191633018070506,0.72070434328166766,,0.2690544669752198,0.2962962962962963,0,4
0.80823991652746463,0.55486673679661258,-0.19715765703709537,-0.49167644390403276,0.82015425417586152,0.29257695375255099,0.32404091075289032,-0.13953459697837159,0.93569630992353614,6.8438570669724683,0.43845554785540902,-2.2914579337165302,,0.8148714577616193,0.3265306122448979,1,3
0.58708818798482609,0.78274511779185574,-0.20648859557299504,-0.75380965877200934,0.62159128996005542,0.21306164973505096,0.29512447860304764,0.030567119897182141,0.95496973423793441,24.882877183275649,-2.1629566486473224,2.4836593102207964,,0.3885715145719006,0.8157894736842105,1,6
0.96496422231309154,-0.060619461302549492,-0.25528284424746761,0.12197686169195811,0.96505998016035277,0.23190705014009022,0.23230517615298424,-0.25492060647245862,0.93864252488806554,-2.0208889568902868,4.6281989457318558,-5.0928145321732439,0.1603993428220291,0.1258615157207538,0.5328947368421053,1,5
-0.96836632488248753,0.026797644943659649,-0.24808979636224227,-0.060186304801460311,-0.98994696943399874,0.12799455622325578,-0.24216578938390748,0.13887722611686917,0.9602441598458975,3.3544863507580396,-11.643832564013326,-0.64204854344256812,,0.0698705416205853,0.3409090909090909,0,5
-0.055091692358999751,0.98629168748888785,-0.15554296070007242,-0.98725965620330636,-0.030518031672891709,0.15616344314897243,0.14927584086633466,0.16216459827328322,0.97540728231878304,10.841264432227835,-5.6994064102157473,-0.11662484881932995,,0.09259572580074316,0.1724137931034483,0,3
-0.2849303843924656,-0.91851454377976782,-0.27412717653492252,0.93054826577876615,-0.33367156855723001,0.15080851896590686,-0.22998826297464436,-0.21211863944878745,0.94979528409668512,5.3574516375875811,-12.210648836098825,-0.10961443619132138,,0.07988981385678351,0.1935483870967742,0,5
0.88161066085041162,0.41154201325368184,-0.23107534269585711,-0.37032391886404631,0.90669015379383533,0.20192364926002901,0.29261380314687246,-0.092445315405478443,0.95175155679804679,5.7440777586833276,-0.28276632607942831,-2.3825941283379866,,0.06493599464231795,0.2272727272727273,0,5
0.95179171451466005,0.24699823273789243,-0.18189119056623276,-0.14494602676743795,0.8847436729925332,0.44296645744798169,0.27033901217836986,-0.39524739863032526,0.87789310987749736,-18.751980612943267,13.370831580493359,-10.661224751159981,,0.5808603231353751,0.4347826086956522,0,2
0.65220462932222323,-0.62794934579345407,-0.42462776711872624,0.75682647441772677,0.57112976654616976,0.3178434793815228,0.042927952561197032,-0.52866852458084868,0.8477421671749098,-4.126806411958901,11.19556185488462,-6.918733421999681,,0.1895966439579142,0.1666666666666667,0,2
-0.36154882846994502,-0.80926558662461434,-0.46300286709385441,0.87911356868771362,-0.46130561939034753,0.11981844126861475,-0.31055076554592959,-0.36371188573375901,0.87822086413090306,10.458681546098001,6.9134002828715868,-2.7895876492636758,,0.5678126264319576,0.375,0,2
0.54532077024173953,0.82215224658537212,-0.16337362387356788,-0.79045389153233503,0.56923805653904236,0.22616516166076997,0.278940679902276,0.0058067566059031815,0.96029077818824038,4.4367530591853992,-18.045579448573001,0.85400771940234566,,0.1632302230845344,0.45,0,3
-0.9285787506303752,-0.24596477035361916,-0.27792595348873605,0.23402656137369918,-0.96926355653263185,0.075892862308101203,-0.28805046858030597,0.005430444052344126,0.95759983178155428,-22.956361878366511,8.0188902196015786,-10.599001276729654,,0.1987306125539808,0.1666666666666667,0,3
0.71901401633728501,0.67254628656772242,-0.17521511559934877,-0.62212936441777489,0.73521823560538446,0.26908957609398543,0.3097965432984392,-0.084472708357624091,0.94704301027095172,14.359994231679455,-15.16884538688964,2.6608594894554964,,0.2066575571847912,0.3571428571428572,0,4
-0.58272886381100231,0.80236354607802662,-0.12899539219148248,-0.81174857612289286,-0.58223382795585432,0.045475474118807577,-0.038617618310767696,0.13121169730236942,0.9906019230987978,-20.847386854338477,7.2430925370890566,-9.9555292336463239,,0.2335203890019385,0.1923076923076923,0,2
0.026925683865870211,0.99842936248235015,0.049130598219886357,-0.98497335258198726,0.018111143997336224,0.17175412998384806,0.17059455516444832,-0.053016927449602805,0.98391397141825765,6.8173253133489293,-7.8752058865761763,-0.57712662838117257,,0.5380911169141036,0.5087719298245614,0,1
0.94464747014350048,0.26241008137920585,-0.1969317301555133,-0.17710975684502089,0.91313317525797544,0.36717834668398691,0.27617619589997783,-0.31197556544358884,0.90906432961830097,10.414474251698524,3.4796941802307741,-2.1043441842985646,,0.1171642638834713,0.5,0,8
0.77235877257669794,0.61491893880736781,-0.15917482564726335,-0.56266251553564439,0.7786244729405245,0.27776757144992786,0.29474195499608974,-0.12497451273803963,0.94736927917838476,-19.221613515588796,12.300676422760752,-10.464097582849154,,0.1168285204840681,0.3043478260869565,0,1
-0.80476893585784348,-0.45905137994722467,-0.37632272114075627,0.5127500036978323,-0.85701573603351588,-0.051102464703811579,-0.29905583690359155,-0.23408515279590061,0.92507823866655325,-2.1785061768496834,-16.246802010659824,-1.1293150878244742,,0.2747361607898315,0.2653061224489796,0,3
0.42777714327676575,0.90303077532071552,-0.039270020545419192,-0.88910415523574715,0.42820954124200916,0.16164897132935196,0.16278979339165894,-0.034234596725772573,0.98606666891976713,13.92051965342737,-18.878414086083534,3.215242976771866,,0.514549084789613,0.4411764705882353,0,4
-0.97894111932524219,0.032073274203603334,-0.20160751468163041,-0.042186184002185399,-0.9980472419945754,0.046065481939915477,-0.19973635315980195,0.053600446163099953,0.97838253326474545,14.374369676647365,-12.839796532642263,2.141680816518492,,0.1861137785023587,0.1923076923076923,0,5
-0.74863009751721099,-0.52153397346865582,-0.40933518247197742,0.5943273521906246,-0.80153280494694257,-0.065727931900891504,-0.29381622747808334,-0.29248500322560556,0.91001348745975474,4.6442147205606803,12.168566773843288,-5.0473004347466039,,0.1369519132337982,0.3333333333333333,0,1
0.51592434134061649,-0.7952527602026036,-0.31842600616531141,0.85659871037837765,0.47555500915539645,0.20021509095298201,-0.0077925214373132127,-0.37605914515851202,0.92656289368412437,-5.6065235437851948,-12.460439073402553,-2.7163246274556441,,0.06697591228322709,0.2916666666666667,0,1
-0.89135983449189993,-0.30547890888848345,-0.3349033915607233,0.34249332216114498,-0.93784288385398518,-0.056116392252741454,-0.29694438827766345,-0.16472207328935301,0.94057996408687239,28.559720415434725,-3.9859324492364312,3.7730997222415756,,0.3985393785649309,0.1666666666666667,0,3
0.68219728814672664,0.71324511453797634,-0.16089831146708863,-0.68038336387695164,0.69983366580437156,0.21751165110471291,0.26774117764127148,-0.038913324125852793,0.96270473926367539,3.5002705116682296,17.220201065769064,-6.32525167079877,,0.2018184171320079,0.3,0,4
-0.78091330279730009,0.59809148519610167,-0.18016933382274827,-0.61504349227673627,-0.78660082809689669,0.054595236470888431,-0.10906840111713405,0.15344612270499736,0.98211932640822941,26.857879507971813,-4.7306513795175444,3.461990269003107,,0.2088189240066697,0.1666666666666667,0,6
0.25726903049372857,0.95707470100486003,-0.13349405471883413,-0.9402404694643044,0.27980982401408877,0.1940472158180819,0.22307062901772021,0.075594173596004927,0.97186676833194374,-5.8835395718530981,4.1301406462130723,-5.8600779095065203,,0.1042115580260295,0.3386243386243386,0,3
0.96609159640794762,-0.026421872841767172,-0.25684413948049856,0.10273972924094374,0.95194683697756399,0.28851649450925665,0.23687882004400884,-0.30512145811782199,0.9223824154929523,12.469031128977488,-9.5154487536042716,1.0932053766316749,,0.1194640399151167,0.4651162790697674,0,4
-0.72517373358644055,0.68484450500479277,-0.071491678404157447,-0.68426533334880546,-0.72833579122576864,-0.036165298237165515,-0.076837553926132604,0.022693152805973931,0.99678533853702644,0.65517871613502887,13.52142845084931,-6.2019056310056246,,0.2563243480726097,0.4666666666666667,0,2
-0.073085625527867903,-0.88710952369810436,-0.45573587120756953,0.98610984784243749,-0.13261597065936181,0.10000186155387278,-0.14915045869646149,-0.44209693200722106,0.88447975860413985,-6.523094576555895,11.620057134208608,-7.4712715883028071,,0.6600064497963974,0.4042553191489361,0,3
0.94882452971974895,-0.16365047990938481,-0.27009356198829571,0.23891892812087243,0.93127077159034899,0.27504998776056999,0.20651817737833819,-0.32550463960893744,0.92271174914237719,18.575831193243886,12.432013527760326,-2.1980925873448598,0.2799897874189404,0.2205345693441058,0.7241379310344828,1,4
0.77655685288225407,-0.48521232511165319,-0.40190602608240783,0.62221083027116808,0.69089984995762166,0.36811829623342551,0.099061278685838999,-0.53593506779112676,0.83842737680543755,-6.1074783537497233,-10.891304757774327,-3.1394295133336168,,0.3415114341533225,0.2352941176470588,1,1
0.49212018094622101,0.85448964785843295,-0.16632849788364895,-0.82869939388763814,0.51835779219367162,0.21109835111237818,0.26659902864736973,0.033950566635548733,0.96320938375277754,8.6753819597265576,-15.468534258448702,1.3144477622646986,,0.1898716263402463,0.3333333333333333,1,4
0.88466339613403122,-0.35413907110603604,-0.30324279687530337,0.43477982928616993,0.86148090536576172,0.26233023031300995,0.16833649511170037,-0.36391780391503498,0.9160931483245397,15.597227247582735,-4.6570894562629537,0.84744330727284167,,0.3434181562601845,0.1333333333333333,0,2
0.92094515323498283,-0.26610816445247609,-0.28468661637795301,0.34107614363475297,0.90377576250567981,0.25856611408017594,0.1884863097846613,-0.33522502281156008,0.92309105461203,4.6831862995712878,-7.7626505798889429,-1.1440755982112765,,0.1103725264196394,0.4705882352941176,1,4
0.52724813933138748,-0.77557852056702459,-0.34711288942742302,0.84969904488316605,0.47904195567183894,0.22029602318411054,-0.0045752263577157441,-0.41109215893904399,0.91158230794734629,4.3801248590632831,-8.9803184768722204,-0.94052533878018074,,0.1842637078672617,0.15625,0,4
-0.73302554736706982,0.63569661102412467,-0.24199868933457191,-0.67561583195038699,-0.72168704727630717,0.15070186930357454,-0.078846651959320779,0.27396646606117336,0.95850173758254498,8.2228517532605032,18.098620712441139,-5.703818336067016,,0.07719879443716607,0.5,0,1
0.64124574666535172,0.75615496821718742,-0.13051266767658817,-0.71453611029305653,0.65042336733125128,0.25765789395387223,0.27971778540318887,-0.071966014687073046,0.95738124760159937,16.939259906629729,-0.2832265113028265,0.15392288895178238,,0.1056938955078942,0.7272727272727273,0,4
0.96666850206226562,-0.046620323677293588,-0.25175097326707646,0.10108118037946373,0.97289960257175867,0.20796383889707512,0.23523308035603796,-0.22647937816926875,0.94518383882198886,9.7102256060175289,0.78702361087052475,-1.6801177453199465,,0.06700018967863308,0.1351351351351351,0,3
0.89813681652060751,-0.31800484957344383,-0.30368268712259489,0.40697709343836058,0.86267541138066051,0.30026784712265159,0.16649295548668841,-0.39327350565093944,0.90422123704673518,-21.276610872928693,4.0686204717133148,-9.4859258947164307,,0.7150729181204787,0.5,0,1
0.78492191624283236,0.58451894839566354,-0.20551200541113615,-0.54555892152627772,0.80923517499423347,0.21795388203731672,0.29370571758950154,-0.058957870708492829,0.9540759513459901,-20.195530903215491,5.0713946529453997,-9.4147008621748345,,0.1137077768239596,0.2631578947368421,0,3
0.16850982776770279,0.98563238809498188,0.011542680966017767,-0.9643443551156804,0.16242333423497846,0.2089464650395319,0.20406960259240706,-0.046340652068962145,0.97785895775597487,10.926270782004471,5.2241206239221407,-2.3254600952626774,,0.4363319956609703,0.3409090909090909,0,1
-0.83926671423628563,-0.45211487735100692,-0.30203231623935989,0.4634599447768567,-0.88532726022807284,0.037423547192736557,-0.28431718548561508,-0.10857154311760545,0.95256283680532083,9.138746269120773,7.8591685338835857,-3.2272823864276541,,0.1548092430727878,0.1785714285714286,0,3
0.93548285826249922,0.26177798307072364,-0.23736914179490223,-0.22178896072470869,0.95789841709641566,0.18231916910965545,0.27510266955752721,-0.11791060216793699,0.95415701595634483,19.024078908203347,-1.119063591375598,0.93566563366302991,,0.08768922936585855,0.5,0,3
-0.12958903009960229,-0.93379385619155297,-0.33352019041844161,0.96929960585063257,-0.1901810922344046,0.15585065368594725,-0.20896161699138069,-0.30308445406427253,0.92977140003815417,-21.433660600251187,7.1627997496751972,-10.11337556435597,,0.1517275577303992,0.3478260869565217,0,3
0.35823094774499259,0.92012406327093466,-0.15824757902574652,-0.90261936505741969,0.38464387579324877,0.19320292605985184,0.2386396234933863,0.073626061992566785,0.96831313793338658,23.953476769673223,4.9227110711807587,0.66327550466450491,,0.3285926260980008,0.84375,1,3
