axis_00,axis_01,axis_02,axis_10,axis_11,axis_12,axis_20,axis_21,axis_22,location_x,location_y,location_z,dbh,dbh_approximation,score,reconstructed,number_clusters
-0.93599987175713761,-0.21550812748084514,-0.27831724175897177,0.23138680703087039,-0.9725377577901323,-0.025108867051323647,-0.26526286133320826,-0.087900834252253188,0.96016095407753221,-38.893709122732062,2.5939050237173231,-10.065206915729432,,0.1706848869931233,0.3571428571428572,0,2
-0.30859560379757639,-0.85422785928426981,-0.41840592459885761,0.93705873586559885,-0.34856843766151874,0.020517548688283777,-0.16336976113950027,-0.38573930145737495,0.90802836544702759,-24.439520607286887,6.7711592625747672,-7.1905639690172505,,0.5099132061420923,0.5272727272727272,0,2
0.51237974797668118,0.83453027043134764,-0.20254930658270548,-0.83048412247471048,0.54155470855779286,0.13044010102838369,0.21854774348128939,0.10137911704422305,0.97054580440418703,-15.925623096760566,8.7643364580295113,-5.4700922160610181,0.3179944855358225,0.1812699374091979,0.6666666666666666,1,6
0.6867898222436214,0.69638713768247262,-0.20824191348762805,-0.68433486191358128,0.71606055242571298,0.13763386948532516,0.24496027602918688,0.047981660352647566,0.9683450952204532,-19.112982999111804,-18.545057518578385,-2.9480037177825258,,0.2133820937992162,0.6086956521739131,0,1
0.9683412101338239,-0.02104941899992005,-0.24874127666378065,0.053261425018131116,0.99091546698213884,0.12348991011660754,0.24388218746271659,-0.13282868385757501,0.96066540448954685,-16.402581026666223,1.3253854203329618,-4.8283758051763028,0.422524851681117,0.3511452911978857,0.9402756508422665,1,5
-0.67804636293482867,-0.663987057150208,-0.31523692304020823,0.68471923386885125,-0.72653247319845349,0.057533782755813417,-0.26723154843862479,-0.17683821228780344,0.94726741007698012,-9.5061949332545908,9.2960707511409737,-4.1065931641062861,0.1635188686330088,0.1843255757736048,0.5909090909090909,1,6
-0.10827387025386556,-0.93869159006972946,-0.32731463113129083,0.98592798382198754,-0.14357838512953178,0.085622765899656839,-0.12736867643561611,-0.31343794610091436,0.94102809427087797,2.9501221646638744,7.1939684711701393,-1.0248984479915715,0.3740488193154076,0.2827556772155497,0.8208333333333333,1,5
0.49604147554701722,-0.75458711667288636,-0.42958251580859219,0.86748070837503621,0.45214568904770386,0.20746444628592112,0.037683884278091932,-0.47556551517838053,0.87887278125951662,1.5129799296934925,2.4552989962013703,-0.95977285476444152,0.3621565931124498,0.6072922388927146,0.4581818181818182,1,1
0.29012578845254472,-0.89293323350982123,-0.34423432043955732,0.95668797430070895,0.26160716805836515,0.12770986433665862,-0.023982216394544734,-0.36637675978994189,0.93015747225006351,-18.201054139113928,13.391871605516059,-6.3893018434663729,0.3810173496390521,0.3141972129848349,0.6821705426356589,1,5
0.31932996881573072,-0.88809572918345892,-0.33062720218131791,0.94761899043439468,0.30177002329620678,0.10465706859981583,0.0068278828522592566,-0.34672875399353376,0.93794059042662614,-1.0512488627464771,5.7126351027590676,-1.8881297035522682,,0.1192594598950068,0.2068965517241379,0,5
0.89868724366458985,0.37136992377733868,-0.2333358476277419,-0.34170677633881313,0.92637609008544608,0.15831556689769691,0.27495039021372458,-0.062543740147328025,0.9594219944788136,-9.7844744968675936,-7.3375431485777707,-2.2720502312105899,0.398283261973307,0.2354299987029405,0.7523148148148148,1,4
0.086515612941238329,-0.88134856302141007,-0.46447794261675879,0.99539284969003516,0.057130111866797395,0.077001461700658386,-0.041329450799068093,-0.46899985157586388,0.8822307043616564,-12.959177591018106,4.0571666475185699,-4.3573069069413322,,0.2257033382730067,0.3733333333333334,0,5
-0.42372095232806178,-0.81635688226273784,-0.39245636106510207,0.88410594315698354,-0.46698283598078499,0.016843757711477975,-0.19702090201981151,-0.33983594818912921,0.91961638332822981,-8.4627400480448394,-13.06511666843064,-1.1738274903810877,,0.0977803383816047,0.1304347826086956,0,2
-0.87627162566109651,0.44096834481211883,-0.19415189140186545,-0.44181359785473978,-0.89615375119621943,-0.041342459622005043,-0.19222066177159988,0.049551721368758211,0.98009991536449137,-0.40567269381735022,-15.738235117303082,1.0666526518877728,,0.2877134570334988,0.1590909090909091,0,5
0.76981260619234171,-0.56236618449784825,-0.30188213905543948,0.62301218125227042,0.76484875646289452,0.16389692415799934,0.13872409076524414,-0.31424616826700841,0.93915119782219314,-3.2210452617254277,-23.508361947571732,1.4961484532595215,0.2185046205781891,0.1733987642867776,0.5,1,5
-0.639419640002582,0.73295626354597943,-0.23220172201705536,-0.76274772044036709,-0.64271703789230594,0.071629073468557722,-0.096739024917519983,0.22291237052182039,0.97002661619480834,-14.467018860260865,-9.9238323400922841,-2.9588640137676894,,0.07125808657828042,0.3243243243243243,0,2
-0.32668833248039969,0.91652367980033778,-0.23077928370290615,-0.9450559723302081,-0.313674589020354,0.092073130531765357,0.01199760743578965,0.24817855783319112,0.96864000580590126,-3.3759700415320943,-7.9745375687382163,-0.70051108719503685,,0.07147086594140523,0.1818181818181818,0,5
0.16114152913415791,-0.94894242149625985,-0.27118570809155856,0.9853473486832024,0.13912879709405776,0.098659922269095021,-0.055892844186789005,-0.28311032920749324,0.95745732618468993,-5.2074598656593496,4.2362788848025028,-2.6222524354037779,0.3476604744570274,0.2867853038620696,0.7360703812316716,1,5
-0.50399208646422988,-0.79403314777185674,-0.33985781883156768,0.83659982286116108,-0.54660197986499404,0.036428175858046329,-0.21469213579008442,-0.26596547867568715,0.93977106306946157,-2.2469678829546007,11.159969445454287,-2.5707075925051859,,0.2512049377846878,0.3428571428571429,0,5
0.64176122168834193,-0.67485218749267695,-0.36430352643563085,0.76211394312100911,0.61421511787267169,0.20474893571691244,0.085585466275734975,-0.40904072414982073,0.90849370605929658,-31.80224015845026,10.308814295932319,-9.1717659227860402,,0.7731408175261639,0.4565217391304348,0,1
0.48854227783486687,-0.82279420187465679,-0.29040685964585267,0.87177764645180433,0.47419849027181893,0.12304278512322502,0.036471604226744544,-0.31328181113076731,0.94895960340772845,-2.4485199841910839,13.072041497623264,-2.8527352688348104,0.2928340719904256,0.2491613678626025,0.6695652173913044,1,5
-0.97406717615471572,0.013336559383870496,-0.22586560721318263,-0.0081878404673579978,-0.99968518208215884,-0.02371699799391468,-0.22611080382516066,-0.021252597703874981,0.97386971997509897,-13.411504153496246,9.7766339254774479,-5.0250162983792261,,0.4731503683239915,0.3333333333333333,0,4
0.54440215954058868,0.81325981851548612,-0.20551096388198481,-0.80564397835476265,0.57515808394202084,0.14188360940170006,0.2335895306477889,0.088326927175705325,0.96831517860015148,9.2563733741431253,-14.788730430424067,3.3209670126957578,0.3197929567072756,0.2942689203090452,0.7857142857142857,1,8
0.912176392503384,-0.28490772134614795,-0.29455359321668206,0.36172890200324104,0.89757142344017904,0.25202726296792022,0.19257837473362008,-0.33644186740195864,0.92180282026257687,-9.6605387962642268,-16.699732046740763,-0.93761656154529505,,0.5239701595398147,0.1463414634146341,0,4
0.89986852182697941,-0.33231549981673703,-0.28249433977777316,0.38846875894555388,0.90513865674539951,0.17267320402551098,0.19831456514393692,-0.26512340644818011,0.94359997488611891,0.626870125828351,14.331461603718147,-2.263787878158757,0.2527471772327359,0.2376015312785563,0.581081081081081,1,5
0.75160412270875232,-0.55526430069435218,-0.35605168038027851,0.64846852086947648,0.72082193046451626,0.24475359446341655,0.1207469261246891,-0.41484611717578046,0.90184415443890209,14.063301389791265,6.4688072400927243,1.9543091295965833,,0.3679699477335215,0.53125,0,4
-0.35267382509325973,0.92839857138462234,-0.1170353183662201,-0.93571095093730405,-0.34880389046084315,0.052733881853964652,0.0081356862093253154,0.12810908886715958,0.99172671233537457,6.4375779608542167,-5.9455745540191343,1.2267205355005837,0.6641572356564045,0.7385210671796736,0.5855855855855856,1,5
-0.76984550183850409,-0.5821953313246192,-0.26150812507996263,0.58536162522533841,-0.80736840664617349,0.074216060682097337,-0.25434164230925943,-0.095941920626151853,0.96234374152586077,-1.8044794191318763,-5.2379487872156876,-0.70690481941267858,,0.07112190191081073,0.2631578947368421,0,5
0.83310735720607032,0.50882271728081518,-0.21686764108111106,-0.47881419697674515,0.85973352997994756,0.17775044923075151,0.27689184918056431,-0.044245901586329919,0.95988186984137835,17.630332379492199,-1.8790721345530694,3.768529196657155,0.1953830940208477,0.1873409291717379,0.5294117647058824,1,5
-0.10599508006234896,0.97743024706287196,-0.18274341336745628,-0.99068320400547227,-0.087999974373740603,0.10393648931762386,0.085509252739266628,0.19205758677238902,0.97765129318133559,1.0281143188251154,-6.9504921336011662,0.13981151897176541,0.3405294435449107,0.121823828617615,0.3783783783783784,1,4
0.28789528908379042,0.94858708718456153,-0.1315250567385215,-0.9419960431213027,0.30524225110153047,0.13953717385084352,0.1725101656922601,0.0837239880152683,0.98144308880528019,-19.680111987650658,12.111095819281374,-6.6256639293131974,,0.6122898471432846,0.3,0,3
-0.8770424434695322,-0.32627426662024067,-0.35262112145249785,0.40251491196517997,-0.89975033119764425,-0.16861520440160205,-0.26225616865701479,-0.28981795053301074,0.92044948669125215,-3.9668627655047746,15.350316349269765,-3.3857624497268719,0.6693554870321303,0.5291811654437573,0.5869565217391305,1,5
-0.9652741033504576,-0.086108287312196455,-0.24663995673274744,0.066931183234557268,-0.9941197608679706,0.085124131494145355,-0.2525195479795444,0.065660215564454769,0.96536139035090718,-6.2068123142434573,-10.866250563172558,-0.94448097695410815,0.52241577349478,0.497880392715305,0.9068493150684932,1,5
-0.22881602570442691,0.96023592610745356,-0.15996934891845005,-0.97259677871548966,-0.21854549598719961,0.079330777230294358,0.041215681640423718,0.1737378266131778,0.9839290803663876,-26.319437569531335,3.943005659459371,-7.321141093604596,,0.0937235050335279,0.3333333333333333,0,4
-0.87296759390725842,0.44830280924909605,-0.19222947538590254,-0.45490032203597641,-0.89047601099964702,-0.010870641458560728,-0.17604907554240581,0.077955532539545624,0.98128979305154229,-0.70239698886749291,-4.4248660601422687,-0.63193220299648645,0.534229069378141,0.4535392149273078,0.8428417653390743,1,5
-0.76237766334268131,0.62592442027867601,-0.16431347642526753,-0.63266639332440966,-0.7742957432053631,-0.014118668915228524,-0.13606444500323045,0.09319185668746853,0.98630712491247097,2.067400728978257,-5.1278663258299204,0.12674406026865712,,0.1895590248481301,0.2777777777777778,0,5
0.054151616086741794,0.99837188463822668,-0.017921563522969197,-0.99333842155360463,0.055689537680703734,0.10088337652111587,0.10171717033316391,0.012339179746773109,0.99473683047456751,-22.336961258664715,8.1720871237816315,-6.8958944571391987,,0.1830442479469164,0.12,0,3
0.94090826040483966,0.22109981621277261,-0.25652780896545846,-0.17054084317280621,0.96376019891383191,0.2051392205295744,0.29258753615259975,-0.14926871829104454,0.94451648128971333,-8.1947337743530877,-4.2309068091120485,-2.3203568749628634,0.6719757495652882,0.8274033899580798,0.6818757921419518,1,2
0.62795784984147229,0.74670490386808031,-0.21931877567102234,-0.74072056909124151,0.65990809376870097,0.12591404331410783,0.23875086878925178,0.083385216423060834,0.96749414899236297,2.2771197094641211,-4.1680915776663259,0.021004219711349744,,0.06786633583610478,0.3181818181818182,0,4
0.25530705674031307,-0.89783878129013295,-0.35875315969347016,0.96590449795441036,0.22035491888461312,0.13591251066327684,-0.042974499532145376,-0.38122071367490701,0.92348468306472575,-26.853401331210382,2.608429715756003,-7.3084115687810742,,0.4301727163518494,0.3461538461538461,0,2
-0.78505398534416804,-0.47806251449390447,-0.39388636982130504,0.56331262865264053,-0.81546977885444472,-0.13299594796660921,-0.25762205358954177,-0.3262901653602972,0.90948645151726049,17.155394938586415,-0.22988149795067189,3.513943669331788,,0.5869875771911195,0.2,0,1
-0.78439777706585756,0.60154452831140637,-0.15120948314424404,-0.60902961100953878,-0.79313708383896253,0.0040619149421154349,-0.11748642580192653,0.095277209751518308,0.98849339555419058,-4.276900472295659,12.056735149234205,-3.1554183096574917,0.7953982798372667,0.5946368529288864,0.6779661016949152,1,5
-0.61010826262693529,-0.73272922826963016,-0.30145610943176138,0.75364660207942857,-0.65409854611685248,0.064590178370634646,-0.24450911444867088,-0.18778437104085963,0.95128982068784607,10.555416434134433,2.2734142496956977,1.437321419657702,0.2897638190220032,0.2780815002176192,0.2,1,4
0.56570755929638616,-0.76107613351143422,-0.31739262177027899,0.82195791694670783,0.55126881337917144,0.14313587308620179,0.066031357123376072,-0.34185642365590524,0.9374294882718589,-23.55499313734515,20.771757079174755,-8.3825515262747796,0.663545255109112,0.5679249317439936,0.9014084507042254,1,5
-0.96022909174058524,0.13598887316153396,-0.2438588069996816,-0.15405054340626889,-0.98644621876487737,0.056500332394685236,-0.23287018154174444,0.091819844591095101,0.9681635165032727,10.97528658267762,8.6787258489852519,0.96421537552989667,,0.07827664392666993,0.25,0,5
-0.88438943809223336,-0.30460315054364051,-0.3536555421166086,0.36917430934202683,-0.920124518945033,-0.13069506095491792,-0.28559700823492812,-0.24614587202522892,0.92620006401003785,21.269084611658048,-2.4163311099910572,4.8140909687251874,,0.3599445323262782,0.3333333333333333,0,3
0.48312572738970599,0.84701428163591985,-0.22171228707258012,-0.84874024128098402,0.51525253641997903,0.11897405827773969,0.21501054477505116,0.13069671157900217,0.96782686221140313,5.0728062004575456,-7.5605549585278933,1.160569418383494,,0.08219435563239627,0.1935483870967742,0,5
0.84334682243560721,-0.44168319661763306,-0.30607530268447575,0.51110754413323234,0.83518403624806725,0.2030682248075332,0.16593738402740998,-0.32769433840397078,0.9300974170269064,-23.144374338106392,-2.5275331692116914,-5.8700625605896795,,0.3216860389479118,0.2307692307692308,0,2
0.96387901385221408,-0.10443843978376886,-0.24500991602548941,0.14284263481586343,0.97912795749034431,0.14458362472856398,0.2247959704579848,-0.17435898358364096,0.95867915201569598,11.072150867045657,7.6502263427530206,1.0832327558083614,0.8703349545049284,0.7956008356331022,0.981042654028436,1,5
0.041270411382354891,-0.93672330227360878,-0.34762941204961073,0.99630708470145868,0.012363395524974199,0.084966695974217424,-0.075292404118963069,-0.34985225657228491,0.93377430487953983,-21.369690574117392,-1.4814996256948598,-5.6806718521696498,0.5814464531010073,0.4537522322263052,0.9975609756097561,1,5
0.47814721836499019,-0.82301501510266473,-0.30662929162978614,0.87769361877843199,0.4605136459825781,0.13259371561071404,0.032080354197617754,-0.33252588888595541,0.94254834576013213,-14.289165599333097,10.807007210771959,-5.2856730510855057,,0.8263359485024304,0.6476190476190476,0,1
0.665272532692323,0.74199582624840354,-0.082792820190465424,-0.70638365983910523,0.66145899607608294,0.25198039928203059,0.24173246028916584,-0.10915214308463743,0.96418422892234501,0.51581703653248001,-11.569210221699832,0.63922153271711368,,0.2501002061638905,0.2,0,1
-0.071646657467054883,-0.95775199928449384,-0.27852803151631689,0.98760817241734877,-0.10721093094827014,0.11461201533726982,-0.1396311363853486,-0.26686499236835304,0.95356500648879505,-1.1863534471368458,-2.4466106158307013,-1.0676680096986475,0.2561819656002436,0.1674395009694965,0.2035928143712575,1,4
-0.44577831541974161,0.89507347572790874,0.011187785745997157,-0.89466902140359217,-0.44510044184410852,-0.038117434474508362,-0.029138216182128467,-0.027001291053213038,0.99921063577164893,-5.7767391590710382,-20.197681580036274,0.41902087949782657,,0.3087446021653955,0.1333333333333333,0,2
0.1565677531355088,0.97108933979600476,-0.18019998005732307,-0.97774324498354837,0.17819201445851421,0.11075085946510413,0.13965917645160641,0.1588493000229397,0.97737516559153614,-5.444889428635137,5.316156140678161,-2.7768447176373741,,0.151380638608873,0.4086021505376344,0,5
-0.92977832386120329,-0.16560423869598764,-0.32876664156172342,0.22371570823942633,-0.96344641930153296,-0.14738479915509586,-0.29234149613899213,-0.2105854535835234,0.93283986641558037,-7.3486152582408213,14.212323190830263,-4.0602183627477215,,0.2532791055682038,0.1666666666666667,0,3
0.72317126346916949,0.66987218668130732,-0.16820992004994281,-0.64057314354279504,0.7415849989672253,0.19929309340386336,0.25824285365544197,-0.036372280896076893,0.96539509306724236,-21.23202683924141,9.6500377905280441,-6.7510025640778677,,0.1834748951359582,0.282051282051282,0,3
-0.96609802867596528,0.075092965299409536,-0.24701345216598342,-0.095701288077781471,-0.9927667726057714,0.072494128522079468,-0.23978294861951374,0.093675940200587046,0.96629651545416873,3.5476547349059406,-4.6335289592860489,0.36031671377070684,,0.07734100623140132,0.2972972972972973,0,5
0.18851967495064414,0.95734756134294097,-0.21896570267333576,-0.97092534750121173,0.21518241997836957,0.10488324800417137,0.14752729149603289,0.19282679513744128,0.97007913354574726,3.4205795788898321,-2.6379525953007712,0.10704690677656109,0.381796445469397,0.3005200091185024,0.7939393939393939,1,5
-0.68128299857544283,0.72017403154087156,-0.13115959799504523,-0.72696564752698523,-0.68664922596974343,0.0058127266256388565,-0.085874461673569158,0.099308633911261698,0.9913442248094021,-17.266766911828633,17.521693628366137,-6.6085740652619673,,0.1283135247118225,0.2,0,2
-0.96332933344065053,-0.1400234374964614,-0.22888868972595863,0.17292990023393937,-0.97623742104436484,-0.1305976544878473,-0.2051629716539301,-0.16539024972567745,0.96465238317116397,4.131323552478853,-9.1052575559583246,1.1503404380123194,,0.2840630112046878,0.3103448275862069,0,3
0.73804064162495797,-0.60760643336310882,-0.29344579302757895,0.66368083748296225,0.7321560528826111,0.15321638354063682,0.12175285322215917,-0.30783426768818239,0.94361766959354143,-19.395321231780738,7.6327763272959359,-6.1735867557731838,,0.07773450906771948,0.2,0,2
0.95688697199703154,-0.16300667246615022,-0.24040829343819517,0.19642012118974475,0.97288166720686264,0.12214907942592634,0.21397770634848418,-0.16410388887624955,0.96295558300553663,6.559531165524084,5.4727977460852353,0.078352860120067244,0.2062318443505708,0.1505511521748337,0.38,1,5
0.27790912337516366,-0.89466973831129326,-0.34976074464532292,0.96024725216919804,0.24876702772539722,0.1266498346551499,-0.026300833567652938,-0.37105393848694584,0.92823878441216434,12.194664228624569,2.6953046289966007,1.8051630974679451,0.5103698792099661,0.7765269297632521,0.5245901639344263,1,5
-0.071076491269190148,-0.94811328293060415,-0.30988600342612244,0.99007255650828918,-0.10482652611716031,0.093636169674707573,-0.12126196946282483,-0.30015429724187243,0.94615164355891501,9.6133304858164657,9.8208831663553315,0.47554172691331026,0.4169429163640028,0.1621824408758745,0.575,1,5
-0.43978905886898256,0.89580099955314418,0.064235137570680917,-0.897872915723267,-0.43693909466917474,-0.053930091417340724,-0.020243786941563039,-0.081392854411622764,0.996476488604219,13.884668925070102,-3.2931409399466749,2.9292595907728791,,0.741822546992994,0.2407407407407407,0,1
0.37203751071980257,0.90077084906642402,-0.22405349381245615,-0.90904689513587478,0.40238426030865082,0.10826194853081017,0.18767480667697725,0.16339762705748001,0.96854498213079676,0.97697440159688864,-5.0918940586983403,-0.1958182967236396,,0.07223156197511423,0.3181818181818182,0,5
-0.402659882661072,-0.83150162453488763,-0.3827140803409439,0.893381512475799,-0.44804772982898416,0.033506789782776013,-0.19933512500767456,-0.3284178438984951,0.92325902527256021,-28.00376345317428,15.884809344936425,-8.9271210110424981,,0.3772292750846436,0.3103448275862069,0,2
-0.84118403273354458,-0.47791141228579553,-0.25300218394537011,0.47480269568849154,-0.87668289450849246,0.077391877113509033,-0.25878914822896304,-0.055025307661176887,0.96436527948476036,-1.8143103848241899,-11.37978838027237,0.091835610842008683,,0.0756958324663933,0.3448275862068966,0,5
-0.60686473209616532,0.77901590510505425,-0.15763697704283386,-0.79069103832846654,-0.61188395017581354,0.020142329167562954,-0.080764341419350197,0.13686581425102473,0.9872916843792936,-13.458551866542889,-8.9555419085568673,-2.8526059953015039,,0.1188748417331508,0.1904761904761905,0,2
0.69774441831571432,0.69511334299382421,-0.17311893917539889,-0.67001777694674447,0.71877345981147311,0.18558257473692744,0.25343422279678024,-0.01349643888567058,0.9672584664156717,12.847667422315531,-1.2720537581273028,2.3668574596015008,0.748821722982866,0.7871622117424055,0.9159663865546218,1,5
0.064505664096052365,-0.86989893049603784,-0.48899373208802777,0.99265480574751197,0.0056765147482792395,0.12084789533410642,-0.10234967477182252,-0.49319735188072844,0.86387552122510081,1.2226941893273038,18.959063738864462,-2.5054062674310384,0.5939804365811954,0.3586081426284138,0.3333333333333333,1,4
-0.46954110298705953,-0.83131766371654447,-0.29739215624922255,0.85513880707366297,-0.51201357299775385,0.081115483742050118,-0.21970155493834911,-0.21622452002245335,0.95130341305954069,14.601604434591174,0.80950257256761304,2.6876291699619181,,0.1326277957811904,0.4482758620689655,1,5
-0.92190038838936983,-0.27524547018392526,-0.27265290211321758,0.27718564940999219,-0.96027728214334429,0.0321816276865141,-0.27068023505363442,-0.045907216672571791,0.96157409376952674,1.1267897883501647,24.272194369686254,-3.0263598472959394,,0.171141982698285,0.4705882352941176,0,2
-0.031765732347154477,0.97879626266377839,-0.20235813411837378,-0.99517964325987285,-0.01217949336719025,0.097309493794140889,0.092781549295117505,0.20447380305735841,0.97446500602826114,9.1449904080920987,8.0753033363150699,0.50755475032353925,,0.2345386323770733,0.1538461538461539,0,4
0.75709875706195229,-0.56740839938929277,-0.32380423153153842,0.64407064052293395,0.73129037564089561,0.22447137125116334,0.10942797664046787,-0.3784997949768017,0.91911012568184358,2.6336650340032088,-11.755953754944054,1.1710808163730728,,0.3844865721514877,0.1428571428571428,0,4
-0.20187616479848372,0.95856228331908966,-0.20100836570737213,-0.97820385395712195,-0.18714849190733451,0.089959224542254787,0.048613107179945776,0.21478778125141004,0.9754501395947448,-33.15783627928591,4.3737409804291918,-8.9008657265218822,,0.176365589426661,0.5769230769230769,0,2
-0.55914123724475795,-0.76710467779229041,-0.31450197157027121,0.79758162513444042,-0.60125514496423227,0.048536603733111083,-0.22632858427584049,-0.22370217693001218,0.94801514121688302,17.419564820086684,2.6373992940710358,3.2768763200887254,0.1291789201585432,0.1002279256490763,0.4736842105263158,1,5
0.92345472867810963,0.3272932609246178,-0.20027602311652368,-0.27866130679261375,0.93085667909512093,0.23633391436828841,0.26377877128130112,-0.16243449244952504,0.95080796982566007,0.42001936748357122,-3.5005298112667909,-0.57376718163829632,,0.08497156356055147,0.2580645161290323,0,1
-0.073546839658523946,0.99708113895674222,-0.020495480305886798,-0.9938416480207507,-0.071568954689791034,0.084597064866393193,0.082883297688023189,0.026591108689489718,0.99620443278627391,-11.580395023676857,-9.9138741372688521,-2.3190093775377747,,0.3201978447834625,0.2631578947368421,0,1
-0.68394048932256257,0.7064069208449707,-0.18224892111488877,-0.72251220674534944,-0.69046378552224685,0.035154971003461703,-0.1010025651613818,0.15572097824190545,0.98262376256948136,-6.3002034261770863,-3.1436981131186048,-2.1034063967013199,,0.08569099570887799,0.3994082840236686,0,5
0.87008623594564061,-0.40183487472948376,-0.28544469774211528,0.45238594749488847,0.88095725307325379,0.13878498754108623,0.19569592874431369,-0.24988607746084512,0.94829323089650541,6.3464416977448854,0.91372780514297136,0.38149587174304977,,0.1151997978638536,0.34375,0,5
-0.6310371108363505,0.75016728758652973,-0.19758847482173722,-0.77141704318726489,-0.63370529164146805,0.057735161087674181,-0.081901832870389907,0.18885614626130298,0.97858338724495009,-12.190779398017341,-19.806932013067851,-1.0627929945441659,,0.1201227901915287,0.4,0,1
-0.43495272481045788,0.89653248916351269,-0.083938209739272324,-0.90025768567145636,-0.43490764897792999,0.019784747912543688,-0.018767700163617916,0.084171448453531569,0.99627453078747452,-17.429294617546532,14.66843853818081,-6.3797614532072924,,0.7836314436606662,0.7068965517241379,0,1
0.49104646034748267,0.84090184509051547,-0.22750266087141971,-0.84463914187926425,0.52350710264386391,0.11191529603628352,0.21320903776732833,0.13720204227632735,0.96732492256197766,-2.905808089651293,-14.128085236571845,0.21973496043251628,,0.09560632922700767,0.5,0,5
0.81407797580772179,0.54265706299294336,-0.20688248183129429,-0.50419519225418552,0.83717882425782497,0.21194061508368697,0.2882087046092951,-0.068227034217818838,0.95513392484471649,-23.882394159398842,4.8561734315192879,-6.8596525839382263,,0.139907085692947,0.3428571428571429,0,3
0.26879453232626671,-0.92171814293982579,-0.27961610176644519,0.96276894374679223,0.24844540201287421,0.10654033590780387,-0.028730825748488946,-0.29784315871649741,0.95418236855309224,-23.404876447266268,6.8651612089404752,-6.9549316739668434,,0.1006888117135821,0.3695652173913043,0,2
-0.52360490649257674,0.8237578124022672,-0.21739587945297303,-0.85074724442769933,-0.51916716244896255,0.081820434693108776,-0.045464579571098868,0.22779052645122028,0.97264816252512354,0.431964441952355,4.013670730599026,-1.4190640942248922,0.236950969293856,0.1930454589089223,0.7953964194373402,1,5
0.9003903456091864,-0.2877920638576148,-0.3263019361179878,0.39304741459622361,0.8596476009803723,0.32637360801375731,0.18657694234014327,-0.42211577808614065,0.88713432718937058,-9.5096882924560564,6.2928693359778345,-3.7864452231582266,,0.2877789265726685,0.3333333333333333,0,5
-0.51776277591226516,-0.7711881762965469,-0.37039236576910328,0.83167519679604585,-0.55522371966137662,-0.0065565356435334345,-0.20059430429073868,-0.31144087378793534,0.92885225263242099,-2.8928552374703873,-9.0401292400145117,-0.46560806222032181,,0.6779759226296216,0.7467532467532467,0,3
-0.95158304930028081,-0.17417320645670833,-0.253285203746624,0.16491506369513367,-0.98462984307467238,0.057507337733344176,-0.25940840782598007,0.012952462288527389,0.96568085394184677,8.8918923815611564,5.7261154129402909,0.63359038812721824,,0.08596006120785846,0.2580645161290323,0,2
-0.51385617263928374,0.83826084691743241,-0.18240226524299558,-0.85678205377394068,-0.51220214469121117,0.059778552212585614,-0.043316811648777473,0.18699656547378954,0.98140508370885848,-29.187356289934463,5.0190397825519852,-8.0176003907417268,,0.07391420603308307,0.2380952380952381,0,1
-0.36384801202836703,-0.87978086718766346,-0.30594157918388248,0.91463886827226515,-0.3995923635088241,0.061332566154220426,-0.17621113695971441,-0.25751032747436436,0.95007266377651867,7.4263400202073537,6.5281162455103487,0.2052799055323743,,0.1352453864344136,0.2368421052631579,0,3
-0.11864543858684334,-0.95743695065722778,-0.26313066225494697,0.98471637492118513,-0.14748533997016108,0.092637656792302348,-0.12750263081449711,-0.24811803644652158,0.96030230611266698,5.6338076941754345,-9.1396706949614845,1.4988875132415962,,0.08365017187099066,0.4,0,2
-0.97066204129038636,-0.062152328585715108,-0.23227632175784593,0.067321527149738186,-0.99762761060637828,-0.014386192617796155,-0.23083113650503939,-0.02960132779424883,0.97254344263513981,-15.283030721815033,-15.420348449295165,-2.3845628342900862,0.479342939714324,0.6134574846423828,0.6685714285714286,1,3
-0.012820073429250461,-0.95902625764454175,-0.28302700024127209,0.99538188373108483,-0.039170045729880511,0.087639106895701743,-0.095134385251736356,-0.28059640886123871,0.95509952574428081,0.55807100279483302,-9.978919094495005,0.48496315816801921,,0.0901392774474979,0.3125,0,5
0.84353638380343043,-0.41977438931189265,-0.33501616569601556,0.51187217914239125,0.81720323902581504,0.26488816195847126,0.16258302931072588,-0.3949282570335339,0.9042114964855309,-15.222048774566108,-6.3211847290286336,-3.666799063142729,,0.2010135573681812,0.1621621621621622,0,1
-0.92564192331410478,0.31329419708689465,-0.21221162992409989,-0.28816916846686785,-0.94710106565027208,-0.14127314603006969,-0.24524591769992635,-0.069615497669681545,0.96695818024138136,-14.566888144246873,15.100843265632367,-5.7662009147744007,,0.5309687579286999,0.1428571428571428,0,2
0.83760354930318448,0.51195898604193324,-0.19057358370357508,-0.47912929591019388,0.85606340349833399,0.19388286925732021,0.26240314783803542,-0.071087592460040372,0.96233629371593654,-0.068455381935811577,-12.395471312408983,0.63869217458890004,,0.07841079939367918,0.12,0,1
0.73190112362978876,-0.54621651820288908,-0.40739202308313111,0.67114167964470428,0.6812521038956092,0.29234297799244702,0.11785410927557327,-0.48738392072381692,0.86519785179272257,-20.252224630146706,3.7554693566510888,-5.9417740686592406,,0.2257300961880211,0.4347826086956522,0,1
0.9044178684143761,0.38575015692876102,-0.18227763363132068,-0.3334156457316762,0.90559587923848317,0.26216428186846719,0.26619978676574285,-0.17633184606223587,0.94765223240920926,-24.143556662901172,8.0724768722610047,-7.2583896982105776,,0.2700427782646729,0.6,0,2
-0.73585482619009934,0.63960261299911136,-0.22231997709933374,-0.66722266776069006,-0.7408680207753624,0.076996671478095857,-0.11546248914278295,0.20499530052444326,0.97192867040943187,-4.8997551989543222,-12.584129174515459,-0.40518336288998913,,0.07582245986248752,0.3793103448275862,0,4
-0.94210690330027702,0.24451897042133552,-0.22944510423640152,-0.25802754397333,-0.96566024321024202,0.030365790525330238,-0.21414100332503905,0.087810977600907142,0.97284781076369742,-15.925298673729106,26.526494061389869,-7.1890439443974783,,0.3112052898686342,0.8611111111111112,0,3
0.5603258153329288,-0.78259177996833185,-0.2712657121670326,0.82628426039983105,0.55083002624503408,0.11764609301800159,0.057352434011066586,-0.29006273134081512,0.95528755367172702,-7.2728809723161776,2.5254809129104219,-2.9808853134736313,0.8443609901733614,0.6384477908572705,0.9924372636644895,1,5
-0.17949517323283748,-0.88398477242669626,-0.43168553937309057,0.97505980303689666,-0.21809114799007071,0.041165904217228724,-0.13053682732379623,-0.41353013588624404,0.90108432647901626,-6.7008821567379711,9.9429943104592393,-3.5178181356084415,,0.3542542121846018,0.1944444444444444,0,4
-0.74712023399016947,0.62771233332865028,-0.21860599842999803,-0.6532323643138348,-0.75419609968521217,0.066900832824197939,-0.12287731350998882,0.192783479081366,0.97351717808051674,-8.1851770880734822,6.8017621244376496,-3.5517572210996962,,0.08428689073423075,0.2577319587628866,0,5
-0.94723239845954144,0.25321102454952582,-0.19655777866867927,-0.23849873888622505,-0.96642363854680668,-0.09562270863990828,-0.21417080767057467,-0.043698145321420419,0.97581829109583873,-10.936424010905361,1.2086046553831096,-3.5720872611665011,,0.1415948742139367,0.2613981762917933,0,5
-0.67024702375591105,-0.63700751584017834,-0.38077598651893474,0.70140372875264412,-0.71137025565673107,-0.044555231553257801,-0.24249069350849384,-0.29694070810517387,0.92359324349616567,-15.261932115029051,-10.577111026398313,-3.0878499202733001,,0.1080611642491144,0.2333333333333333,0,1
0.65236149421322909,0.75470500469438584,-0.069604861591205366,-0.71728435318499573,0.644449346096853,0.26493055126074355,0.24480122047053984,-0.12290401215821412,0.96175202950217276,-12.070421567337231,30.369807042486613,-6.7477404135206145,,0.5833076651790429,0.12,0,2
-0.89834054294715449,-0.30870019022364265,-0.31255153407606151,0.3505719875917358,-0.93252463554240339,-0.086585712577127744,-0.26473297945928909,-0.18735526857389412,0.94594632666140843,-19.591395823988982,9.5564904356322256,-6.3594296601770184,,0.646381217239669,0.4393939393939394,0,1
-0.44566339214018991,-0.85072658820123392,-0.27865464832582043,0.8709438922830639,-0.48401719799885962,0.084759002685016668,-0.20698037926558477,-0.20491857936463448,0.95664387231103587,-8.0148314357733081,18.12747964443075,-4.5979011518511239,0.4529356143697556,0.4571606496082155,0.9142857142857143,1,5
0.49827984293430211,0.86219016436817097,-0.091352715297096196,-0.84312055963948962,0.50641612605454023,0.18080494789995261,0.2021507359337576,-0.013070108595458258,0.97926720164761016,-27.194289291041382,4.7827757217315785,-7.6136624200563947,,0.191073373601931,0.1481481481481481,0,3
-0.72748096019546293,-0.61202833846819615,-0.31014958562756068,0.6435594982950501,-0.76539560602014545,0.00085932489716157589,-0.23791306123731776,-0.19897456922158346,0.95068738084386828,-3.6734207655419584,-13.660080856991737,-0.04653954365724703,,0.1151019132257892,0.25,0,2
-0.42904670577625104,0.89670078204431969,-0.10884223327207096,-0.90312288488519632,-0.4281091637596825,0.033039350805140512,-0.01696994576263644,0.11247333633395168,0.99350982358239515,-26.822106570710332,15.718978823123638,-8.615168725850463,,0.1112425032245228,0.3333333333333333,0,1
-0.25030116896388738,0.96404365659506497,-0.08927011254685295,-0.96815998639365175,-0.24885708400697018,0.027136552577504913,0.0039453214768181916,0.093220061780520391,0.99563771248385313,-12.627216436793494,-6.4536811206458129,-2.9944211386886046,,0.1620961165614547,0.3653846153846154,0,2
-0.88836802006539894,0.43580699526283712,-0.14448018481806132,-0.42073974258133817,-0.89869512435874244,-0.1237947594464911,-0.18379425980610264,-0.04918674957549634,0.98173333127103546,-6.6354193507304329,4.997899489629015,-3.0090504422927014,,0.2902600296830053,0.25,0,5
0.31608352269219309,-0.88193903731292256,-0.34967805356648901,0.94857943904585185,0.28718780549646433,0.13311728735810976,-0.016978059428284037,-0.37377359301812574,0.92736457052249366,-5.2830417884163827,-13.887560105133931,-0.35285791897148733,0.9313868866594858,0.6062593825553847,0.1818181818181818,1,4
-0.9201569187047931,-0.3001995199991449,-0.25137918201789355,0.28827176295991402,-0.9538646090757148,0.083914827252509316,-0.26497289604728519,0.0047492889065947072,0.96424416441853433,-0.10680419162785175,-6.5998825267479901,-0.16914010214358033,0.2487680416533908,0.1865020125209527,0.704,1,5
-0.85063065821432571,0.48383066280683462,-0.20575561482925075,-0.49896654836061022,-0.86623467415054067,0.025881903260899636,-0.16571018955683661,0.12468110934382493,0.97826108685249824,-29.460707632609164,8.0458586928939351,-8.4697408178859295,,0.07072819059278712,0.2777777777777778,0,1
0.72499331449397164,-0.54497388163470561,-0.42117474078468636,0.67903880356400248,0.66790871968464216,0.30463789229770988,0.11528658722251252,-0.50685442733118624,0.85428776902245396,-19.031921995063808,-21.3245562576137,-2.5590270369103365,,0.3174645435328513,0.2222222222222222,0,1
0.070267027254135944,0.99676255852220197,-0.039076166766224607,-0.99119140434019049,0.07417549217900607,0.10971598024957287,0.11225927508668918,0.03102254483883474,0.99319457150587298,-0.43646783404349693,11.771483539320771,-2.197402796801331,,0.6236443795026431,0.5,0,2
-0.94815032473830974,-0.1974344674281335,-0.24905941614403493,0.18245401442051717,-0.97978037900101578,0.082103237125364742,-0.26023353803934629,0.032404320637771641,0.96500179568927691,-26.824105787130144,10.507000734572843,-8.0652698226830211,,0.08311166795990949,0.4210526315789473,0,1
0.89585074698822076,-0.36264460604890275,-0.25678849044356111,0.40787954793666192,0.90039753500650266,0.15138874901787797,0.17631141056559871,-0.24036049729073578,0.95453712229882326,-32.742748271151981,2.1827644666794885,-8.5908282398381228,,0.5561374591693317,0.8235294117647058,0,3
-0.86664514412618265,-0.41925720757286827,-0.27046180517905222,0.42206332161205712,-0.90514790088997799,0.050693491340272595,-0.26606154685017502,-0.07021873975421386,0.96139512266030569,-11.630851133683308,9.8033727668272039,-4.6335889339224181,,0.07730295668505544,0.2051282051282051,0,4
0.39749386524278274,-0.8265959820235218,-0.3984190125946831,0.91757456406088633,0.36158487107854931,0.16526736034554329,0.0074529512830317536,-0.43127191365735673,0.90219121587803885,-14.238086630896159,-10.912236072330932,-2.7775012644715913,,0.5933903306312793,0.7931034482758621,0,1
0.26122527161992842,0.94322074670746936,-0.20517305000340164,-0.95127399332060258,0.2876274491402438,0.11112263555617534,0.16382657629019975,0.16614774594221926,0.97239692483026208,-12.50299183167107,-3.8315127619951181,-3.3675759749632239,,0.06593580908005772,0.3106060606060606,0,1
0.65489234756597337,-0.64176328395087978,-0.39906879165390902,0.75067710766194728,0.61334078284351945,0.2455544015756842,0.08717736593762164,-0.46038350477996215,0.88342919093422345,-9.6977681933870379,-10.808766819324708,-1.7155223664468364,,0.5117423697256267,0.4,0,4
-0.7288698037026814,0.6540875476651008,-0.20228269634318544,-0.67382656929812723,-0.73765343383110193,0.042721962327362729,-0.12127062199201927,0.16744220360064163,0.97839488178088396,-12.471413409456549,19.122513923782453,-5.7044983491118995,0.41988372691804,0.2965805291106455,0.7611940298507462,1,5
-0.055014089525908062,-0.94839467672350841,-0.31228350439328167,0.99225944904394603,-0.086800809644244151,0.088807686762517282,-0.11133119839757878,-0.30498058398464828,0.9458288469145687,1.380362197628807,-18.609778767202975,1.8691951043943431,0.2096221805486611,0.1745664196675469,0.3571428571428572,1,5
-0.90767306253164282,0.36122150122916857,-0.21365542025460948,-0.37355562905032752,-0.92741264038003135,0.019025941978064672,-0.19127415810621701,0.097081519936002059,0.97672379664246589,-19.926172348210109,-2.0604165334420874,-5.2588489960697506,,0.1140576473589952,0.5081967213114754,0,2
0.87757675080182174,0.46578763010635515,-0.11358226134402369,-0.40224969626916579,0.8442382167939021,0.35419911794923453,0.26087205351183279,-0.26514848093956189,0.92824676393293259,-6.5587033395621859,13.403851662320598,-3.8095298276753957,,0.3901527332531596,0.1714285714285714,0,2
-0.81809196362333614,-0.44326193586178936,-0.36639377078625723,0.51116063811740065,-0.85240489631586225,-0.11009402697764957,-0.26351535267290449,-0.27735311239068983,0.92392364941745653,-3.5518819100540169,-24.771684228458103,1.5488504646773771,,0.45047160843643,0.4285714285714285,0,4
0.94929904842302915,0.21160172667777302,-0.232499518128785,-0.18213674326546786,0.97298558895596521,0.14186349226162234,0.25623724049361196,-0.092324173167158255,0.96219474309165709,14.041525523868991,12.064735047082038,1.5005276205385898,0.4227017469306195,0.487108173494842,0.8513513513513513,1,5
0.76368897014308923,-0.5882850582678828,-0.26589442848721512,0.63209752120616669,0.76511615814697476,0.12267839348244829,0.13127025773879111,-0.26175934512671839,0.95616429794885349,13.995242489561361,-4.5110105112543213,3.0537436050124573,0.6192404987152803,0.6215820114543048,0.9645390070921985,1,5
0.44977283035513321,0.88576044583496971,-0.11459857620655116,-0.87137203747655989,0.46333935367833257,0.16133014484867478,0.19599789125978287,0.027296078970823229,0.98022433692218491,-1.8944867876377356,14.153253314143299,-2.788906002038424,,0.2203658658728491,0.2222222222222222,0,4
0.74249249302500964,-0.54922668171732147,-0.38347744378423176,0.65103143408763375,0.72643550829267245,0.22011252604376774,0.15767995951073691,-0.41308776837537731,0.89693674581173521,26.207478097344893,-1.6150414282227159,6.1645437590649061,0.8109435156631311,0.6700850645698635,0.3513513513513514,1,5
0.69655133250921641,0.70260390326658018,-0.14547850801476059,-0.67610790467805304,0.71060388132452301,0.19473116103586427,0.24019646627602087,-0.037281080471048972,0.97000813327900648,6.6102808902076715,21.143194122740358,-1.3403394532079318,,0.8334785100549497,0.75,0,4
