axis_00,axis_01,axis_02,axis_10,axis_11,axis_12,axis_20,axis_21,axis_22,location_x,location_y,location_z,dbh,dbh_approximation,score,reconstructed,number_clusters
0.65141483898329211,0.75452372917586752,-0.079703510982343573,-0.74182349391909985,0.65542992363973129,0.14180803597565864,0.15923759424843559,-0.033249921927079172,0.98668020719471872,4.4616688283435195,-12.273039564490263,-1.6161904296561496,,0.4510269018078595,0.4230769230769231,1,4
0.35151590451818254,-0.86784932203818688,-0.35110414852095451,0.93614791323075364,0.32265052938832256,0.13972730742106745,-0.0079783096248724865,-0.37780178681855869,0.92585212450597965,-25.765441400074153,-1.8534468714981109,-5.7840646353916778,,0.4514028931291815,0.3148148148148148,0,4
-0.84317361152488579,-0.49926479425812315,-0.19948164337221089,0.5073735257556351,-0.86164334461794978,0.011952072535413973,-0.17784927942046821,-0.091134032556394323,0.979828669676303,16.888699043052849,2.0209465787548946,-1.6953662917765606,0.8605201465787784,0.7738018245663416,0.7582417582417582,1,3
0.019062063216272133,0.99451759077459412,-0.10281731073041565,-0.99522325210800955,0.028721794937034636,0.093304538791802519,0.095746102842334535,0.10054760134130959,0.99031452764008965,-16.623768122761536,8.2134205732158616,-5.5286098102156354,,0.4165254780990814,0.9245283018867925,1,5
-0.64035837827420883,0.76806462353024774,0.0042286469898826689,-0.76617510021835267,-0.63837653986553933,-0.073831627062520527,-0.054007991810686294,-0.050518585002363225,0.9972617557040564,9.0324033728446551,29.764095287714976,-5.0667642508226685,,0.6063859178968087,0.3333333333333333,0,5
-0.988632410789552,-0.024407044998819714,-0.14835852685593531,0.051763601847699819,-0.9816661994925765,-0.18344482085235481,-0.14116120522363962,-0.18903906720100319,0.97177041795456187,7.4149386269150064,16.230679953428655,-3.5839290633659613,,0.4219955568716744,0.1304347826086956,0,1
0.84828277199216395,0.52120372334580323,-0.093610990336405686,-0.50188410923708171,0.84769807605330272,0.17181476290130171,0.1689043505555502,-0.098765634843304626,0.98067154018937863,-1.4074175436008738,-16.422204056461716,-1.8717528419045022,,0.08576518187262869,0.3333333333333333,0,5
0.52492403648846009,0.84843057675532596,-0.067972879468845185,-0.8386280079444407,0.52919780148040718,0.12904553924658438,0.14545727966588728,-0.010735144848941891,0.98930629051738672,-28.461026134562733,2.0008285488387649,-6.4238402231244196,,0.1429256975305273,0.46,1,7
0.12406124055218742,-0.94689482336171671,-0.29664625749103252,0.99124965066672943,0.10468095950394057,0.080411608430755677,-0.045088120893857601,-0.30402646300629499,0.95159601257368842,-29.480606991031426,0.3310691947676595,-6.404813285489932,,0.270112259645897,0.2666666666666667,0,3
-0.9674921057334458,0.24095966252377249,-0.076794963245600284,-0.22222036614265733,-0.95494534640191431,-0.19671678692158184,-0.12073580336787731,-0.17325653356152962,0.97744822848238688,-33.424376361546862,10.151985463955524,-7.6995012379497831,,0.6547195869181364,0.3125,0,2
0.14653186672412344,0.97498149281468716,0.16715113132488194,-0.98271102778033292,0.12414495073759611,0.13735744277352188,0.11316999564047546,-0.18438850255697617,0.97631625624667928,7.3354974917750342,8.2861510430075622,-2.9653853184095214,,0.6234917781679861,0.3,0,2
-0.68648629593414046,0.72511684378746954,-0.054241389642244828,-0.72655679820997676,-0.68701606350483202,0.011142147961294252,-0.02918534682834013,0.047058382271628237,0.99846568503303457,15.560535876658243,28.050373804272201,-4.3030833736250225,,0.6299513092945727,0.99,0,3
0.98432313140660921,-0.099705909429471745,-0.14548781599408919,0.12941101583950734,0.96873876540424542,0.21165536464367193,0.11983639663005019,-0.22716499736513335,0.96645501810214929,1.4187938353464402,-7.2177772743520245,-2.3557776541012769,,0.1980011713185285,0.3333333333333333,0,5
-0.91593719197755252,0.37787220759869683,-0.13517268613430555,-0.38770900402654795,-0.92014617117954745,0.054888540337313621,-0.10363777568540516,0.10268212302103047,0.98930055749649504,10.522902275083649,12.711734517505622,-3.0512097490962438,,0.1333375365776625,0.5555555555555556,0,2
-0.90593915058503183,0.40769956690536857,-0.11425987301955569,-0.4140639031516733,-0.90945826465773483,0.037904471405652437,-0.088460949260516869,0.08165003362470323,0.99272752176265,-29.953051477393469,11.517988463068125,-7.4118085167533732,,0.1204119355148142,0.5384615384615384,1,3
-0.739984096663584,0.66558524426550791,-0.097055753569812137,-0.67073614200699416,-0.74098882630000151,0.032381894696266185,-0.050364317632162946,0.089060888804069149,0.99475202618284553,-11.67136030362933,-24.402581077972698,-2.2660765759247679,,0.1766366900487708,0.2916666666666667,0,2
-0.97888282445982777,0.16031428377386026,-0.12683748024785166,-0.16235917939730085,-0.98671418485602846,0.0058833892730205152,-0.12420914959448451,0.026352377918833519,0.99190606376563617,-12.032920571952673,-9.8638161475602804,-3.5570678225207115,,0.304838849499081,0.9696969696969697,1,3
0.18582618689396341,0.97699002791065725,-0.10468578522215909,-0.97605047408686396,0.1958048106216875,0.094794241239695293,0.11311100874474719,0.084563357907165085,0.98997724125366027,-1.3762939443413551,4.1098927865881993,-3.542216447398137,0.9450738959604366,0.7610565882248468,0.996800731261426,1,5
-0.98605242152919592,0.017612442861716593,-0.16550052523436937,-0.017699404979854047,-0.99984290246204954,-0.00094945227558747205,-0.16549124768327922,0.0019930511050322134,0.98620924488037787,9.4709648106415862,-11.912661953215624,-1.1570247786125434,,0.1857087303424242,0.1153846153846154,0,5
-0.17799298811999295,0.98025761507392073,-0.086101708866344134,-0.98283156334487864,-0.17277383478100936,0.064740405529513101,0.048586153101242723,0.096146815364072741,0.99418065542544631,-16.57408630451193,28.549482242438273,-7.1920273727251898,,0.3067401757306993,0.3478260869565217,1,5
-0.47303031829687814,0.88104561950824312,0.00096660089571062586,-0.880965936048556,-0.47300177120093084,0.012974743268174561,0.011888544656384788,0.005285904475089768,0.99991535727772241,-30.559119440936332,-0.52103260068297352,-6.4727303577403017,,0.1836536724029162,0.4444444444444444,0,1
-0.98193241281220778,0.13627024190934245,-0.13129797347547253,-0.11551772221288167,-0.98122201087664151,-0.15446365665083692,-0.14988126141564229,-0.13650562823989879,0.9792353245953126,-44.18266112801885,4.9262026146899798,-8.4321859992242789,,0.4998114535975781,0.3076923076923077,0,3
0.68418753457710579,-0.71115085070080819,-0.16171544476894742,0.72847963224425361,0.67695289793277935,0.10512944109852827,0.034710847505908374,-0.18973466085016991,0.9812216444501688,-17.482910872359916,-2.0768549886776375,-4.7600863535998785,,0.3673656280934942,0.9402597402597402,1,5
0.71504906670460444,0.69622297937718769,-0.0630745209417026,-0.68133536277422035,0.71425879859826691,0.16005152938438422,0.15648308419185333,-0.071469795103323464,0.98509142354894841,-29.704338385913704,18.524945096831818,-7.9496202654203492,,0.5725053717973391,0.7619047619047619,0,4
-0.50918025452473381,0.86065335779841767,-0.0033565030071566575,-0.85963384335971571,-0.50837897796504017,0.050798327864468279,0.042013375878784648,0.028750869091751313,0.99870329115996148,-23.061072020226888,11.889569753693719,-6.5815652930684667,,0.1711760208426416,0.3793103448275862,0,3
-0.95333452553836884,-0.2604351504329967,-0.15273118488204804,0.26687098138863069,-0.9634600107624498,-0.022906046238662547,-0.14118484943222856,-0.062596645921015881,0.98800227641956229,1.4451921819925697,-19.626921408118989,-1.3407037751313979,,0.5931060689647161,0.9655172413793104,1,5
0.64931987056497076,0.75762197280751964,-0.066277085095315963,-0.74180378984203332,0.65014698574633834,0.16442637957744738,0.167662885175837,-0.057600722601306595,0.9841602073292347,2.5028561489079144,-6.6696251502735402,-2.2848192098627735,0.4013187694735127,0.5835516730319165,0.7805486284289277,1,4
0.66111279910261522,0.74786694505911611,-0.06020713704080468,-0.72972558517995234,0.65957926594788818,0.18015482859313137,0.17444322055179173,-0.075167974693946149,0.98179393886086386,5.1568878125027844,-31.854990066685374,0.00073607877587935331,,0.3884849459923473,0.6818181818181818,0,5
-0.98983925511918192,-0.02707337857887461,-0.1395896887217285,0.027510746926700191,-0.99962078235101237,-0.0012042821453133719,-0.13950414986171264,-0.0050322623416706701,0.99020869947051404,2.0170487812391742,2.4279318450810985,-3.0668201097056196,,0.5562057567890248,0.9872306464485235,1,5
0.97997667912218467,0.13451330494983832,-0.14680558289154852,-0.098790939342330436,0.96862316444705499,0.22805594839958432,0.17287584759160401,-0.2089864495321305,0.96251680776568249,11.60057160222801,-23.240220650307307,-0.10276089801063473,0.8134386396075134,0.4629143167949339,0.9512195121951219,1,5
-0.29897557716678697,0.9408633361127493,0.15934173030494464,-0.95350972145910606,-0.30116962646532647,-0.010773447809908984,0.037852547348411439,-0.15515488665692376,0.98716470044553017,2.3001991855014414,-20.835921854132486,-1.1403648649175728,,0.147664644991889,0.2222222222222222,0,2
-0.18232676751151206,0.97973627225621041,-0.082908302806827469,-0.9820832545584679,-0.17737861614162564,0.063634170470981077,0.047638544946829328,0.093025068455698565,0.99452345657312802,9.8697534111164362,1.8629989732003982,-2.2542576075473248,,0.08995045148970914,0.2682926829268293,0,4
-0.92808722553624012,0.34990684508819603,-0.12735502171830271,-0.34983622477546328,-0.93651200834283288,-0.023661658110225352,-0.12754888330085726,0.022593317377022012,0.9915749212130196,4.8345006780322688,-13.852851041616958,-1.4607065519098887,,0.560028593120605,0.42,1,4
0.93214861390991366,0.33845377638261775,-0.12863904087861791,-0.32634724902583279,0.9392433021747334,0.10639310303385513,0.15683250504629689,-0.057193186414524123,0.98596780109122051,-7.3665178588416369,-6.5096530317586367,-3.3730385180853282,,0.1056616360506535,0.6175298804780877,1,5
-0.62570777231914065,-0.74958262020290456,-0.21590664452296593,0.76494707441916743,-0.64383051228317068,0.018391432536545474,-0.1527931837385903,-0.15364949379330237,0.97624078795146019,-12.222533285436246,-25.293821290081222,-2.2785436629847275,,0.09092584011711093,0.125,0,2
0.47395239839088799,-0.86110106483088478,-0.18404912443867039,0.88047617640680709,0.46072971672872431,0.11175791203811146,-0.011437956092495816,-0.21501879980640198,0.97654292731566128,9.8624550596963161,-7.8403604951759966,-1.4655691713428165,0.2946296605661111,0.1910672023871651,0.6212121212121212,1,3
0.26275359261852038,0.96485510813635045,0.0038948516339557754,-0.95461222077633401,0.25937311621297537,0.14642777923073377,0.14027137095834916,-0.042192498019911789,0.98921369561905281,17.980626196129439,-5.3900342151868994,-0.93092236644785731,,0.1696001888674769,0.4666666666666667,0,4
0.98623141750415211,-0.1197190859217749,-0.11408300308899996,0.13988065671196603,0.97189784610929275,0.18933562423893119,0.088209937113565423,-0.20268674646895735,0.97526257479729483,-0.86979275707907477,-21.22775405901432,-1.4207982410405913,,0.6758270762318176,0.3023255813953488,0,2
0.54951469490576299,-0.81703474503009954,-0.17460763298386209,0.83547373313962425,0.5384122346414203,0.10998139307251997,0.0041522664132286309,-0.20631648262325725,0.97847650338758874,0.23816202020872079,2.570852110740208,-3.2570717030368512,,0.09861189320038984,0.3615384615384615,0,5
-0.19195705412272582,0.97924926180342331,-0.064987480563375027,-0.97960521111043886,-0.18717813517846266,0.073061454108065874,0.059381139579809089,0.077686736117327598,0.99520784326372758,-30.728434843601548,4.6930300037715851,-6.9666898885735211,,0.10688190421289,0.1176470588235294,0,1
-0.20301067197889999,0.97678188190886284,0.06843845583629582,-0.97688530925112904,-0.2068189441562836,0.054046432883276797,0.066945945597937317,-0.055884519436613073,0.99619032361057303,7.5904856206049205,-21.197033359642919,-0.58966854339970176,,0.3317958459285651,0.5,0,5
0.06618059614188726,0.99066718519152497,-0.11915811713435477,-0.99304025644832195,0.077052827699284038,0.08907250314544235,0.097422675837583239,0.11243393583898335,0.98887179770908662,-10.658800779495218,-5.2972644108964069,-3.7606406890986754,,0.4764230283204246,0.9793388429752066,1,2
0.82491010532949771,0.55915352300903653,-0.082889419299818953,-0.54182761996528528,0.82394741605856625,0.16593217232703197,0.16107808158788328,-0.091967348972318855,0.98264737233402977,0.80556517608807499,4.2056032657262543,-3.3229064947345073,,0.0771699419898039,0.3431372549019608,1,5
0.12759140812382716,0.98702547642309102,0.097473798862827393,-0.9867874663734002,0.11643433661774942,0.11266561793533736,0.099854538110922958,-0.11056108785715071,0.98884039008856217,10.275600777235056,3.5389148973165763,-2.3537029665969578,,0.3253810627953365,0.2272727272727273,0,2
-0.61062949853000248,0.78917426432352411,0.065845243217878394,-0.79181474863464218,-0.60976926605350212,-0.034797212837106052,0.012689340788847822,-0.073385439332315255,0.99722292288351844,11.566339926970826,-11.598708079730967,-1.0035436125434607,,0.6764143355805778,0.5714285714285714,0,3
0.61029998970307131,0.79168947455045213,-0.027598885022075696,-0.77708950918968234,0.6050837417114987,0.17322113099663261,0.15383698279598196,-0.084270050447611988,0.98449618654507143,16.205828926282145,-8.0392577787196284,-0.86731954218939444,,0.07715648877519213,0.4615384615384616,0,5
-0.14952963324666535,-0.96117560721945627,-0.2319102000073047,0.98205356761348028,-0.17163882850782938,0.078172264174042577,-0.1149420685334753,-0.21605916929112334,0.96959102525058316,6.1284789748882771,-22.109386908894589,-0.6751643747313042,,0.09659560467440451,0.2222222222222222,0,4
-0.9349443830212435,0.33417508068377416,-0.11918899322932938,-0.32872396098998335,-0.94229725936733599,-0.06337533005724505,-0.13348991770198965,-0.020072130898385259,0.9908468859683196,-19.992989258974116,8.0377506731456805,-5.9161661292584551,0.5564735053104637,0.3726400407272736,0.1724137931034483,1,3
0.71623317560158206,0.69629577808522913,0.046714318879312093,-0.67960523507481152,0.6807214687481703,0.27341361788368029,0.15857730804431899,-0.22757519945288068,0.96076155520888673,12.079015133814748,-15.224648576151463,-0.68404013637755867,,0.2069911427833495,0.4,0,1
0.28492544920515084,0.95851532273497153,0.0081156932862029608,-0.95113510845927651,0.28166031866293784,0.12652853570183853,0.1189936714762686,-0.043770320686111239,0.99192976826770984,5.8981233755552349,-25.201915178632746,-0.48641966188009078,,0.1058971458151375,0.3636363636363636,0,4
-0.073079580064013203,0.99423590938293482,-0.07844954729733461,-0.99434136122012184,-0.066554062504089156,0.082799843786794933,0.07710144190988473,0.08405660746003886,0.99347363044910586,-29.287982728073278,-1.3011490482062251,-6.2366220729373465,,0.1214042775961822,0.3181818181818182,0,1
-0.58110919592324406,0.81264794748606373,-0.043765464239829494,-0.81382501892584802,-0.58033198762121008,0.03006031792842534,-0.00097004318615185096,0.053085756943862097,0.99858948593799757,20.951485284598121,-6.5454031080535033,-0.60409054859574662,0.4714974523876871,0.3534218687936396,0.4210526315789473,1,5
0.72702413759233275,-0.65939002228766574,-0.19141761116886613,0.6848891852961243,0.71618448623621001,0.13418861926030012,0.04860768686673661,-0.22865821695720082,0.97229250361988218,12.177644376237224,-25.331098854141398,0.079610688000610969,,0.2090039483621182,0.4117647058823529,0,3
0.97445873361100577,0.1868088306929381,-0.12463000146181753,-0.16601126961259768,0.97298963242945979,0.160410203997123,0.15122974195193506,-0.13562313947082338,0.97915061619202881,8.9691601366484548,-15.271120901871869,-0.93949385839189303,,0.142032782577813,0.2307692307692308,1,5
0.89591844858393299,0.44010758992731541,-0.060294633055764969,-0.4163589825641496,0.87927048113668282,0.23136252643808294,0.15483969492706168,-0.18217774367368947,0.97099739370652238,11.707616182714974,-4.8166729970996522,-1.5428571328520297,0.4479998498943507,0.2857034260168157,0.575,1,5
0.98651284932064309,-0.085003999060166147,-0.13988108617338355,0.10338569721693604,0.98612606612859743,0.12987216527302706,0.12690073181914399,-0.14258226343243299,0.9816142329949431,5.5029736656124291,-12.604850811625102,-1.4990966213764056,,0.1914121346385399,0.425,1,5
-0.87190963735330462,0.48448495534264091,-0.071048661754244805,-0.48298176802309145,-0.87479896026798176,-0.038149585467574201,-0.080636195642642766,0.0010522170395282863,0.99674304451628104,11.939622455973854,1.5981313157973984,-2.0583456618159048,,0.1171308637466435,0.2608695652173913,0,5
-0.17433823423121403,-0.91189706355818501,-0.37155070388723788,0.98027475398364661,-0.19640340737390252,0.022070529541038626,-0.093099875335272725,-0.36037403769678039,0.92815029287646988,13.173941556429554,2.5689136949961786,-2.0620650207036455,,0.3325552663386944,0.2105263157894737,0,4
0.63279319479048224,0.77009007987804101,-0.080833418214805136,-0.76014133681125506,0.63769767075901085,0.12460669636633651,0.14750566327316098,-0.017405446905116424,0.98890804917362318,11.169974824172327,-8.9349084711663913,-1.2834941491579681,,0.4022810562240994,0.797752808988764,1,5
0.98708497523276861,0.091313721929103545,-0.13162467799458519,-0.07343283120479499,0.98814424335739715,0.13482794080191221,0.14237580893877996,-0.12342106184557892,0.98208776110994145,-1.6341296036026292,-14.627274811409505,-2.0549034365025536,,0.07392963760043367,0.3428571428571429,0,5
-0.99089583856837815,0.037878631264730685,-0.12919228460470067,-0.041100219304541039,-0.99890477526894383,0.022361169871450395,-0.12820377951133125,0.027467421400848676,0.9913674049920137,4.8026332605849102,-13.705502607766407,-1.4670597850124951,,0.4500533155716178,0.5862068965517241,1,2
0.046485555870551844,-0.98313684696792591,-0.17686444874358082,0.99527189966285279,0.030468149365106972,0.092225471621248029,-0.085281526938147029,-0.18031536819758448,0.9799048061698995,0.59809307691927549,-5.8853323395755686,-2.5432782555549704,0.1492282994469591,0.1267384821857172,0.2980132450331126,1,5
-0.22864203205441458,0.97281655098245945,-0.036752949713156284,-0.97077046358227226,-0.22500537349364916,0.08353016781523509,0.072989918579801111,0.054777185338178297,0.99582725999650124,10.24464889317348,5.7851808028964671,-2.5195676341579669,0.2902906454692892,0.2524729241782868,0.2372881355932203,1,5
0.60667038652289462,0.79490308874200744,-0.0089510683483821421,-0.77991129081372546,0.5973332350291739,0.18689939751334059,0.1539136789808811,-0.10640529046056592,0.9823382785907171,5.4678815336458095,5.906720615301464,-2.9913527190751634,,0.09825964678413703,0.2727272727272727,0,5
-0.16858448365981973,-0.93988839719081407,-0.29696645045397629,0.97966534235430391,-0.19302110267779271,0.054760121538151928,-0.10878919458740442,-0.28169603253707892,0.9533164513391621,8.5333116493021102,-8.3961284652287898,-1.5628509856970227,,0.5070060809910774,0.3265306122448979,1,3
-0.97648858555112406,-0.1651450496744237,-0.1385537976974886,0.15679391850844396,-0.9852011628511862,0.06924114264970703,-0.14793819455141355,0.045888792582740576,0.98793142945660284,-2.2826833529436823,17.675982917057055,-4.7039071948417277,0.4379679990163106,0.4157214256655377,0.9301075268817204,1,5
0.99068030344278712,0.0068323252342872018,-0.13603622937438856,0.013469534763123774,0.98893153086707775,0.14775993668841306,0.13554006051265188,-0.14821520363576662,0.97962296084128042,-2.4175503609179727,-8.3567512700121629,-2.6680117195265849,,0.1349469295337405,0.4432432432432433,1,5
0.95707674113494123,0.26161019587807188,-0.12475663105084428,-0.24223512498576807,0.95834751987831956,0.15130160397762446,0.15914225020920408,-0.11458680794798975,0.98058329969597235,-9.6327965661307076,3.6600738162657982,-4.3340554438716392,,0.3680641958800225,0.7018498367791077,1,5
-0.14390680788623178,-0.94899689089821182,-0.28052759527276688,0.98929723706842887,-0.14487216741569806,-0.017407809656855306,-0.024120683505375936,-0.28003027724480806,0.95968809331648419,-21.239211771889181,-34.531492682794045,-2.424596327025621,,0.3758742328762646,0.75,0,2
-0.76996531418211156,-0.58841170409780941,-0.2468300659100392,0.61555104322011345,-0.78684407444415017,-0.044422018220225262,-0.16807833931554675,-0.18613991778455333,0.9680400832920546,-41.231359766895295,5.1848885443902173,-8.1503575844258904,,0.3106901605231022,0.2285714285714286,0,2
0.61270321092212354,-0.7111690454262608,-0.34472215500779707,0.7901023857329883,0.56126990317684811,0.24640275129732239,0.018248161133619604,-0.42333755398659267,0.90578823132114572,-7.6011027425571021,-24.344689375052596,-1.8803635251148538,,0.2319700755566053,0.3125,0,3
-0.10622356537598639,-0.92606744057930346,-0.36209895009197607,0.99328282742661878,-0.11563039935428729,0.0043399866991948631,-0.045888766579574976,-0.35920566009469557,0.93212955905160499,4.5215681672390025,-11.269258653075489,-1.6845711025843804,,0.7315792403108508,0.3125,1,2
0.9023749186076786,-0.40045787626045576,-0.15922624032725258,0.42106904023256175,0.89796621101247498,0.1278966271546246,0.091762572029208414,-0.18245594871328641,0.97892260018538779,-24.039503960170691,13.274355255253163,-6.8171296172910489,,0.1648132801029914,0.8604651162790697,1,5
0.72175140148469152,-0.62651151859955267,-0.2942078032904093,0.68651775916420943,0.7021120399608195,0.18902922973500913,0.088137851159636418,-0.33841099332637059,0.93686163268052736,10.729928985531776,-14.427162582197424,-0.85440574154304116,,0.1616053394489081,0.4705882352941176,0,3
-0.95076638301975969,0.30799963395915431,-0.03434400093977457,-0.29127320696742365,-0.92594021713508523,-0.24040514386082534,-0.10584518799849443,-0.21856564179408156,0.97006487226613147,8.78054632964737,10.467401559554974,-3.0193526229948553,,0.2630726569647002,0.28,0,1
-0.87870042386346581,0.47212097027863786,-0.070621204502073834,-0.47059526182443229,-0.88153376632329994,-0.037925168163796937,-0.080160243578473414,-9.0857117611406143e-05,0.99678198573932186,-10.172527508448209,-21.930575198764668,-2.3433479057177062,,0.4444952205826118,0.3,0,1
0.64169354555592062,0.76647172780222028,0.027394964350250725,-0.74873277345570033,0.61830154825283024,0.23896114617545719,0.16621861371461039,-0.17385133277611908,0.97064261525381279,22.773423174763561,-13.275712856398886,0.13616203335601693,,0.3994119860779863,0.1875,0,2
-0.82431951064675357,0.56209549414138771,-0.067424030086061959,-0.56242799316443837,-0.82669626461541157,-0.015749240487971931,-0.064591770931902631,0.02493875572025947,0.99760010103798946,18.253280649788316,12.018252340242842,-2.3568979282850888,,0.461311833640505,0.2142857142857143,0,1
-0.72517985398835072,0.6857058762492042,-0.062622924290916274,-0.68740063871300183,-0.72623337761209505,0.0080896933863929751,-0.039931707531634629,0.048913520824406732,0.9980044720411676,14.327472737923221,1.8404391884389686,-1.8953316089624126,,0.1714610877122376,0.25,0,1
0.5129996550342848,-0.81510601414004158,-0.26913479828413134,0.85838486912640988,0.48617987557432857,0.16372093647840866,-0.0026019972216896059,-0.31501002253780042,0.94908477772599142,10.794388079702621,-2.9337999098380085,-1.7925704006109018,,0.5114594617958259,0.3454545454545455,1,2
-0.72823399513834441,-0.61477596524576161,-0.30286261056952718,0.66660617185344451,-0.73800832714683451,-0.10478511682881159,-0.15909575723991734,-0.27819816968857669,0.94725620526348897,-8.9619851808604754,-28.573954608278285,-1.6967121343877878,,0.3218735503730871,0.5,0,1
0.42426108068380647,0.90202441744899997,-0.079715028337194987,-0.89506595555252322,0.43107609173218248,0.11415050743537743,0.13732978783882235,0.022920590365389761,0.99026015567094572,14.078831020059457,-12.102299064496192,-0.74350554982009276,,0.09751612323218059,0.391304347826087,0,4
-0.31154840918986926,0.95016304200418256,0.011304085129755921,-0.94645363113243763,-0.31134778227098753,0.08537026760624894,0.084635175001216589,0.015898178647152574,0.99628516754402119,8.41964651330305,-13.763720231954977,-1.1210856006035699,,0.326103000403928,0.2413793103448276,0,2
-0.99031927585901836,0.051351292888346979,-0.12896036825615953,-0.037914584078294948,-0.99379477639464497,-0.10456780921912182,-0.13352983253280512,-0.098666038379028723,0.98612108622336481,24.527447217005921,-6.4072963247478087,-0.29731626349839008,,0.4753741644828606,0.2142857142857143,0,1
0.86995748981157317,-0.45327938475798268,-0.19419517314848692,0.48745078031127165,0.85003335745936104,0.19958714382519185,0.07460363727512434,-0.26829291932473792,0.96044427571074176,7.7782994096610691,-19.98846974333517,-0.69762110679485145,,0.2152821530153962,0.3939393939393939,0,3
0.82711924975573059,0.54904254566121591,-0.12010840827089878,-0.53497829835135702,0.83462345987523245,0.13115601594659071,0.17225552814526374,-0.044226273636239301,0.9840589767608694,24.092780836242035,-16.582337990988655,0.50727383306252793,0.4611098197261311,0.3939066275259256,0.7931034482758621,1,4
0.8520366014112627,0.52064173718929352,-0.05445926323462949,-0.48794261126446953,0.82756008669106096,0.27759018539619351,0.18959334895495369,-0.20994400303985097,0.95915477250527603,3.7531706428140579,-10.113556755597498,-1.8642736535247335,,0.7280884804575706,0.2773109243697479,0,2
0.17331586288915909,0.98377683423867013,0.046311468194461837,-0.97872849319447019,0.1668035835358973,0.11944497113258787,0.10978227671290167,-0.066028061723204565,0.99176012562756799,-2.8424331734323856,-23.637320585700028,-1.4583983614864799,,0.19014900261692,0.3333333333333333,0,1
0.99430422183238454,0.063573100160367088,-0.085542827766547785,-0.036442067436524075,0.95703849150421061,0.28766178317652447,0.10015533019889232,-0.2829059679740708,0.953904147761926,16.992040398236831,-9.6758843461685125,-0.6960836929267501,,0.3712483252237113,0.2631578947368421,0,4
-0.638595716124016,0.76869776368599019,0.036045241741652835,-0.76926158882493112,-0.6363967518720185,-0.056883935915937545,-0.0207874795634088,-0.064054057723953409,0.99772990251996518,10.965733016218557,29.550024884768753,-4.8529230747827796,,0.6342341369296238,0.2285714285714286,0,1
0.77575303515719995,0.62919747895683498,0.048143129507283562,-0.61022690004791869,0.72855382972283922,0.31117912470808728,0.16071825939294895,-0.27077638314769487,0.94913107178468969,2.0505621844938986,4.8296462308101384,-3.2580613068418947,,0.5405624735339187,0.2660944206008584,0,1
-0.97808813797974825,-0.11598888030890687,-0.17288774967590093,0.12851614884045717,-0.98969910357610746,-0.063081565198309347,-0.16379009075804429,-0.08391819841570225,0.98291939758259783,27.512814926753165,13.614961992343945,-1.8013768972080166,,0.5099818208074338,0.5,1,4
0.67589911080709142,-0.71788060852986324,-0.16675678069265149,0.73685132680768406,0.66269690195390774,0.13372710391857348,0.014509107206825553,-0.21326098573692959,0.97688752564999781,20.841442828237071,-9.4724270612338586,-0.33375306782179071,,0.2719327574726618,0.4444444444444444,0,2
-0.44903811096036855,0.88891117469737224,-0.09056322875914341,-0.8933640726313502,-0.44480335812128952,0.063644373950498379,0.016291366936842827,0.10948468432690009,0.99385496691477493,15.814511062816859,-13.989514974702759,-0.53044656357032205,,0.1218817661893817,0.1176470588235294,0,1
0.03746145971038576,0.99913937556533472,0.017808628001057269,-0.99501364775804757,0.035646444350668161,0.093151338049317078,0.092436355464668662,-0.021209413006201182,0.99549268253882306,30.886293039685842,-4.8500097374151041,0.050002675045633473,,0.1783490872034337,0.25,0,1
0.73576266439450733,0.67435167032598464,0.062475006295727567,-0.65709633514895904,0.68850333795377516,0.30689991847557963,0.1639442222736241,-0.26685759939538023,0.94968906155016475,-8.3063108987431455,3.0104594333658521,-4.1603942682054322,,0.3417588281082053,0.2299168975069252,0,3
-0.90363985075075126,0.42821968356700457,0.0079323855765364836,-0.41912990829773478,-0.88034436432835517,-0.22208989208344743,-0.088120032373420587,-0.20401397697481291,0.97499392669566365,-31.283304463286047,10.552462013723639,-7.4889355828405115,,0.3087635236928334,0.2777777777777778,0,1
-0.36442327582425021,-0.86615910019968134,-0.3420001303783396,0.92566988028288877,-0.37701718479541874,-0.031516901909922575,-0.10164127495552769,-0.32806471238189561,0.93917122811295695,-0.053197161722001694,-23.311671356232061,-1.2098049827523925,,0.4341234723412454,0.2777777777777778,0,2
0.080040502862698579,0.9957153470843263,-0.046308373780835271,-0.99195727660776034,0.084136237621557267,0.094561381672453093,0.098052431313052385,0.038367187799316853,0.99444139073852467,4.1141288136327621,4.2951209244945145,-3.0152169860423665,0.900458364558817,0.8715171515769418,0.9169811320754717,1,1
0.72817286014681781,0.68237667437653005,-0.064236749703193777,-0.67045879945700371,0.72862911798208985,0.13994501298479897,0.14229997883442178,-0.058836066281401277,0.98807339470722255,33.911934862040241,16.188226323864232,-1.6214754294228362,,0.6041045088244115,0.92,1,3
0.4905653981123051,0.86608497239341187,-0.096137457680239166,-0.85956895152950963,0.4990699344461218,0.10986545452690839,0.14313213385322085,0.028740583262133582,0.98928619273311291,7.6738330048613665,7.3412219464010784,-2.8887285311279411,,0.08708852441974817,0.2758620689655172,0,3
0.5588493530544727,-0.80265446244563865,-0.20840636868075579,0.82925127124604536,0.54255423664212199,0.13407919092275614,0.0054524973556930537,-0.24775131526953831,0.96880831749877094,10.268912416886732,13.540524514198513,-3.1321375291701887,,0.1009453359718395,0.3478260869565217,0,2
0.19596780730272131,0.98060331440399617,-0.0037092156667806902,-0.97377322309784775,0.19504596194572094,0.11714428157746032,0.11559553831612389,-0.019344573103781459,0.99310797953336394,14.997405147134618,12.040200781874523,-2.5969193014040615,,0.2424518387446276,0.5,0,3
-0.051502336992009068,-0.94403886061589826,-0.32578848802773619,0.99367187706069948,-0.081047190593162788,0.077766018514655672,-0.09981838519545265,-0.31972172673121929,0.94223898636862857,23.101505800980654,13.653490668076442,-2.1086725994225608,,0.2540268719404949,0.4285714285714285,0,3
-0.031862989592531844,0.99594123323483053,-0.084177252490866328,-0.99604448027696635,-0.024650949587187516,0.085368167335591619,0.082946628647666221,0.086564372735755415,0.99278722099393057,0.81998037255954348,-25.80726166534928,-0.9149805465437284,,0.6287046603294186,0.2121212121212121,0,1
-0.5547402214948024,0.83199655144264284,-0.0067100703013164157,-0.83103601890787149,-0.5544565641707736,-0.044238599951826517,-0.040526805125182606,-0.018964620626098314,0.99899845907331386,21.53706198861828,-2.6385156936001781,-0.87581875150544308,,0.4956796215499772,0.52,0,3
0.36281590428256316,0.92808650207842924,0.08378582373797587,-0.92041069625711791,0.34285476599211012,0.18786899598385587,0.14563231034050336,-0.14527922802768656,0.97861390552585492,19.449052294951461,-4.0915351505423585,-0.93276231163977885,,0.1853420964241144,0.125,0,3
-0.31805658304177309,0.94574990192079,0.066310881464571314,-0.94806304549592102,-0.31757416844080694,-0.017975241420623612,0.0040585402291308343,-0.068584040096414944,0.99763708716910837,16.93448551230998,14.592393757201707,-2.6473232885037414,,0.423811520320947,0.3333333333333333,0,2
0.85812031957231716,0.50531572541376035,-0.091024913000060173,-0.48741212605515122,0.85743973259709705,0.1650046191420575,0.16142780588083566,-0.097227170139746452,0.98208346940324598,11.455111990095951,13.422081328142701,-3.0337378587488391,,0.1346933993082927,0.35,0,3
0.79151458678038844,-0.57666637450556912,-0.20238713256646132,0.60922380763476502,0.77077274800035167,0.18642886887761081,0.048487226409336899,-0.27086022863201892,0.96139675754630116,-33.063548123747388,24.344269683373941,-8.7522541349813885,,0.2802223430323791,0.375,0,3
0.94702892344715228,0.31281856960216703,-0.072668842474493456,-0.28080329457164677,0.91638132499169089,0.28529769884137263,0.15583878821473673,-0.24977952221614916,0.95568010462143449,3.2448616652847218,-19.555540079665974,-1.1548331608478952,,0.5002197871065007,0.2962962962962963,0,2
-0.98933285795535419,0.085636180245004301,-0.11784286487919672,-0.063384356155432295,-0.98142622390696144,-0.18106625975726243,-0.13115990074962999,-0.17166540612705952,0.97638520511864568,5.6144835867991709,-27.934278914864063,-0.24534044038147829,,0.3601070008629907,0.1176470588235294,0,1
-0.59960106092753984,-0.7170423062653194,-0.35542776869608861,0.78577623707460498,-0.61169813200119949,-0.091548350914241641,-0.15177046149841728,-0.33417918297218163,0.93020965415577306,22.198091972961581,7.4330701683190403,-1.6491761443155293,,0.6657503792638475,0.3518518518518519,0,1
-0.97786077546883654,0.17656888558357298,-0.11230196989928699,-0.16596681873720326,-0.98128032080482652,-0.0976931270838865,-0.12744927962816255,-0.07689187632611913,0.98886011168279586,14.766663589772525,-10.443391986491939,-0.82484040343612808,,0.4879479838270149,0.1666666666666667,0,2
-0.98338528878324449,0.14418058843508855,-0.11029656260829768,-0.13230414976769067,-0.9852693263850405,-0.10835112569335209,-0.12429394900373469,-0.091958210091757073,0.98797505122233609,13.992623100048942,-6.2834143454185583,-1.2090932744286618,,0.2829550252386722,0.1428571428571428,0,1
-0.47663924893317478,0.87612574511730346,-0.072240605749606904,-0.87902738420744375,-0.47393969855842638,0.051884679277873991,0.011219812379852845,0.088231745267782616,0.99603678392776429,1.4650402861773166,3.7207974012086575,-3.2239285669148723,,0.1123213842759314,0.1403508771929824,0,1
0.59161162511199628,-0.78021680754651435,-0.20311922177447592,0.80590904182267842,0.57933647360643714,0.12198305889635083,0.022501140877639422,-0.23586221310583849,0.97152597242071803,19.061532980657717,7.447905505761133,-1.9425658278111109,,0.1799960679800671,0.3888888888888889,0,2
0.87779978222071764,-0.43578744403321018,-0.19888902925064023,0.47231980892440323,0.8566205119389928,0.20764223227222384,0.079884544380470213,-0.27620753456120428,0.95777234112326814,-3.9052997842061785,-21.751760060570849,-1.7019075674381474,,0.5817436069797591,0.4666666666666667,0,1
-0.97903834673161561,0.1854254159819472,-0.08426939383279515,-0.16389505369700916,-0.96286401729430171,-0.21454905167241542,-0.12092281423569073,-0.19624041201495715,0.97307110412832676,22.632529162788803,-3.3183128268311708,-0.71247999126229367,,0.562426837508222,0.4761904761904762,0,1
-0.45728449108018454,0.88915267056065983,-0.017274913961623523,-0.88890331569816328,-0.45638885930718598,0.039498157439240782,0.027235813891751229,0.033417623122095869,0.99907030428620092,18.653909466155756,-9.4881909846281118,-0.54146863604003603,,0.3352512277589096,0.1052631578947368,0,2
-0.93992913522177424,-0.28056836502730026,-0.19445979869154392,0.30338406146093649,-0.94770510356993209,-0.09906133412674939,-0.15649706710579256,-0.15210663763758753,0.97589560854318513,8.5912853284399766,-10.299062474058326,-1.3893593795372503,,0.3899628514098016,0.472972972972973,1,1
-0.69107390393932966,0.71279504510113045,-0.11975008548361107,-0.72206745744834266,-0.68822337992116045,0.070478125854624402,-0.03217834968018856,0.13517323333105538,0.99029932384238684,22.271917968007521,-11.8453303992115,-0.010292906012961754,,0.07646721522427505,0.1818181818181818,0,1
0.71147164630908755,0.70141860106826448,-0.042661956983654693,-0.68463857821222474,0.70557294935724102,0.18285740444091186,0.15836070763222729,-0.10088983700434186,0.9822133816373394,18.707528589543536,-12.377271642454666,-0.2980133127568369,,0.3298293860129327,0.2380952380952381,0,1
0.77842510522023722,-0.59293167011633596,-0.20612226986891843,0.62552004161262231,0.7602419196249679,0.17537645562015106,0.052716535392662633,-0.26545104674496245,0.96268203924151319,-19.650750757453437,-0.68319394288663715,-5.1549440965847833,,0.4580865471393174,0.2407407407407407,0,1
-0.89454103739680324,0.43236269744832279,-0.11339678244227695,-0.43884129634319108,-0.89771812814594831,0.038993320222340928,-0.084939090158056646,0.084644316131354244,0.99278431228025421,9.836236876354624,-15.293182625184306,-0.85016476964020493,,0.0878345408419817,0.4,0,2
-0.55280844131489204,-0.80361957017098495,-0.22045047890445216,0.82000500696564715,-0.57168461402759574,0.02772166364757182,-0.14830581836957654,-0.16544572681795552,0.97500415164008936,6.3990033915878817,10.788476133226148,-3.2741932208824052,,0.606003950605682,0.3493975903614458,0,1
0.81383256093853429,0.57801705263885939,0.059773318587082729,-0.55822931558920585,0.74908221321415358,0.35672940594096209,0.16142055003323943,-0.323685224724378,0.93229355962706073,10.59422202150223,9.6695562771999981,-2.7810747320309148,,0.4329704504322139,0.2181818181818182,0,1
0.94995488329269206,0.30820702980734288,-0.050932764363462162,-0.27118707954944943,0.89456211384193585,0.35526918296425397,0.1550589810162861,-0.32367738761919046,0.93337541276284353,-8.2664499598677121,-22.631557693864675,-2.0747970512681162,,0.746214977709883,0.3636363636363636,0,1
-0.66579241342732809,0.73649618040359466,0.11955684201888558,-0.74566217539743707,-0.65105573485010593,-0.14182506936486639,-0.026615454235735438,-0.18357507012038257,0.98264531303320291,-7.9531222406316848,-12.616985808659033,-2.8637972544736705,,0.3143311117981975,0.2542372881355932,0,1
0.94412807061351289,0.32503676951621552,-0.05452783456243792,-0.29035585929671348,0.89858373373604383,0.32899961768527647,0.15593479807814895,-0.29478529801781789,0.94275445733280649,9.7690856438228781,-24.73993896742445,-0.1809208843485812,,0.2847533314278216,0.2727272727272727,0,1
-0.35872352130356822,0.91533591314032414,0.18296885357660558,-0.9328869884432941,-0.35832449881760697,-0.036406322806779703,0.032238208026644267,-0.18374906710696418,0.98244438940865841,-2.1551528463083036,-12.565800104070446,-2.2706005736972741,,0.465893694468469,0.1511627906976744,0,1
0.94264274935639225,0.31413269982009701,-0.1128950574186441,-0.29503391940752804,0.94226327961546008,0.15841369349696205,0.15613978828234129,-0.1160196483017167,0.98089745015628038,9.2620151414165477,-20.016086108440437,-0.55144243597796394,,0.2467712005444594,0.1333333333333333,0,1
0.97158287709401048,-0.15739728655380658,-0.17678463486181076,0.2062252408626295,0.9294813748771148,0.30583577911633986,0.11618030370452334,-0.3336022600973309,0.93552748173908717,-10.671447323595196,-16.206504935601707,-2.895301186394744,,0.5451879496677315,0.3888888888888889,0,1
0.97845228103271842,0.16457103163435807,-0.12468965189090062,-0.14411946001643952,0.97681304414181058,0.15832200743730912,0.14785369453091374,-0.13694032401455969,0.97948283939656045,16.256110150232722,-17.464715853776251,-0.14672111871177293,,0.09991520755197829,0.3333333333333333,0,1
0.15273338168721515,0.970303874171073,0.18757106889655067,-0.98242927245283074,0.12847142707614065,0.13538026832896316,0.10726247594657538,-0.20495239494484332,0.97287680466757176,5.9007880102051748,13.005202750311781,-3.50482576412722,,0.3541199126679422,0.2,0,1
0.42449324655881548,-0.85896093111118432,-0.28634175813276763,0.90519397643086219,0.39536383069989889,0.15592083378299865,-0.020720730181161762,-0.32538217560110672,0.94535553689701901,-25.569629824083918,17.938792253487208,-7.3577831233529363,,0.1917549345292019,0.2105263157894737,0,1
0.98521322078309626,-0.068359220067133172,-0.15710482687050148,0.11613741058951665,0.94060154395891871,0.31903109153131037,0.12596432612354583,-0.33255939700136361,0.93463213940583589,12.35874813782047,-20.866005698611595,-0.24074139661585303,,0.1595110150561896,0.1428571428571428,0,1
0.97737314754336513,0.16602250705674051,-0.13106585219564404,-0.15083369357350243,0.98144102243191533,0.11841755094060713,0.14829338267148204,-0.095968987899170244,0.98427588917816089,23.805096964752458,-6.2564691067822373,-0.37124828430433088,,0.2567952107029802,0.3529411764705883,0,1
-0.24154463903431,0.97012188115675724,0.022797435264940571,-0.96901683887446266,-0.24238556995940935,0.047493172700875379,0.051599935382981348,-0.010619377398250921,0.99861137360443963,10.72900553274901,-10.032681419559696,-1.208267597957299,,0.273171728901344,0.2765957446808511,0,1
