axis_00,axis_01,axis_02,axis_10,axis_11,axis_12,axis_20,axis_21,axis_22,location_x,location_y,location_z,dbh,dbh_approximation,score,reconstructed,number_clusters
0.46263680008869879,-0.7535574112571507,-0.467031496949735,0.88649111411269765,0.38724899131636936,0.25332138347104066,-0.010034729837758523,-0.53121506629977611,0.84717758323341363,-3.6390774537593837,7.4707370355002123,-3.3648124076760229,,0.353705260819306,0.25,0,1
0.25887503451852745,-0.87571813114692709,-0.40755548246044304,0.96257104835055241,0.19883351333152821,0.18417983291761142,-0.080253930622428069,-0.43998066861712715,0.89441395218482367,7.0471740584080536,12.354779462081074,-1.0420623861557901,0.5130597451160632,0.4653522994975887,0.5,1,5
-0.82561583274593997,-0.41157051977587683,-0.38596399310122598,0.46350060437930923,-0.88479684712403595,-0.04797633853662836,-0.32175407761090413,-0.21850456876408927,0.9212654704101183,13.685880350049697,-6.8257864290373762,4.3352615229138438,,0.1739178464132247,0.1304347826086956,0,5
0.87538261339682866,-0.36837730530518165,-0.31305501289490895,0.45655009296769328,0.84288406458436593,0.28479548149668649,0.15895688967053079,-0.3922303081173506,0.90602874823067248,-14.77187928828414,-5.3894756686421319,-3.8467330001087161,,0.3519974041186845,0.464968152866242,0,5
0.90481235984927977,0.32274238041916065,-0.27776239728471186,-0.28279275151660349,0.94314237673874768,0.17467317163563989,0.3183439227528066,-0.079497252034010063,0.94463608536059807,3.0763744091058345,10.550086891020085,-1.9483888117998902,,0.1244956643149317,0.6698113207547169,0,5
-0.78371742977710401,-0.48789713868790729,-0.38437400058240284,0.52519545886163699,-0.85093116653312295,0.0092671362184434686,-0.33159722594539737,-0.19460866343184557,0.92313094838304821,-10.890233916365911,-15.71678479958203,-0.83147249124813649,0.6075877679115561,0.266742388965104,0.6666666666666666,1,5
-0.37609915640128933,0.88588252815307977,-0.27159081513804662,-0.92572754321099537,-0.34668372924250618,0.15112546978932978,0.039723296625223191,0.30825725975493057,0.95047331446685446,-3.5704215074872514,31.46003542640635,-7.3306610634348512,0.6890913658763401,0.5873832099937448,0.9814814814814815,1,5
0.3439173762424117,0.91806396224986198,-0.1971785980694131,-0.90327900615012024,0.38082570221838824,0.19763304778888149,0.25653045699679849,0.11013784884387019,0.96024047971591897,-11.817506857262579,3.463228273730218,-4.7167345491919699,,0.08086553762192861,0.1851851851851852,0,1
-0.40952864073158962,-0.85084196444309856,-0.32917205829648877,0.87225013240076266,-0.47090579429215601,0.13201302749701199,-0.26733125321853024,-0.23305725572203051,0.93499642598671351,22.58324802466483,-14.009659855454576,8.4941651737740695,0.5409121295624135,0.4711082592158992,0.7419354838709677,1,5
-0.082795288631581587,-0.92318563620528704,-0.37533081579408312,0.97822643675391463,-0.14720956905730401,0.14629552697776413,-0.19031021679392832,-0.35504594615655266,0.91527285412692416,-0.62547883771875423,-8.9545477507027744,0.32226083979215703,0.8750492568997026,0.857084106693739,0.7978142076502732,1,1
-0.19296263868091085,-0.84387670117242397,-0.50063712736037491,0.95625250278068707,-0.27607175283291036,0.096775710865053766,-0.21987853692202947,-0.46006140949455043,0.86023074142634304,-12.03022025026587,6.2167576268135853,-5.342681622104724,,0.2092586595928861,0.2692307692307692,0,1
-0.23592153600651244,-0.89744962289861796,-0.37272671383663414,0.94387561321379998,-0.30286523979316921,0.13180088507024026,-0.23117062016744333,-0.32071298833092882,0.91853324571691208,6.2596531001155116,-2.8731366192921826,1.1742463013658415,,0.07097375701270603,0.1447368421052632,0,5
-0.066685851613243446,-0.91931905787975277,-0.38782143702185884,0.98408311868259146,-0.12476743340608716,0.12654447078083417,-0.16472222897520622,-0.37320980343546811,0.91300658809293289,6.7310155721294516,-11.701109677920401,3.0465662467231707,0.2114841697508236,0.1879252256981417,0.2553191489361702,1,6
-0.81439741357214346,0.53469656736538407,-0.22551371048049776,-0.56093020661826765,-0.82491536795715015,0.069799276581569591,-0.14870829186764947,0.1833418025323145,0.97173639809055801,7.8766599861496429,3.1868668349646545,0.61604383653505868,,0.1329987568229965,0.2980769230769231,0,5
0.94108556221346462,-0.17435297468529976,-0.28975680287398659,0.23562294786620974,0.9526868164853256,0.1920147289503932,0.24256914690909176,-0.24897564120500376,0.93764137017004145,-8.7837943490380646,5.6610777028599522,-4.3790638780327438,,0.08095634587410354,0.3157894736842105,0,3
-0.29763470031291467,0.95442136013155876,-0.022213790632534501,-0.95203916953297263,-0.29500163018203357,0.081212424326022395,0.070957768035703556,0.045320034361938343,0.99644924087523068,-8.4098477457155152,-9.6183261254836836,-1.3918952436162415,,0.298761781463348,0.3333333333333333,0,1
0.13836569542408594,-0.85545101314410144,-0.49905761034227292,0.98255884221071854,0.055362720658052957,0.17751926868616513,-0.12422985117652513,-0.51491604487728782,0.84819125838727527,-15.482115472329157,-4.4714519227101697,-4.2290020060635607,,0.4096014868509818,0.4230769230769231,0,1
0.75344991716350029,0.61335250668397423,-0.23687955773092609,-0.57197793043139,0.789109744679234,0.22393538789502951,0.32427529882144557,-0.033234220267048198,0.94537876915948504,-7.3884610843503591,-5.4719899808615029,-1.8957846211405556,,0.0720009192079846,0.2173913043478261,0,4
0.54589701110965461,0.82278859285040362,-0.15816252633540792,-0.77458368768649188,0.56756339820488677,0.27909120335137166,0.3194003193979949,-0.029844940833818542,0.94714978513173154,-13.657688215464614,-5.7801625824214007,-3.4582079015208489,,0.168506276131252,0.4,0,2
0.45162452989243418,0.86778690861655627,-0.2073189939034957,-0.83010896077071328,0.49386323947243066,0.25887876302617496,0.32703883140630802,0.055181354926429539,0.94339844224001101,-1.2329347902550587,30.14231872124725,-6.4082763544880592,,0.2837562238391013,0.2258064516129032,0,3
-0.41966296562906691,-0.7325279866210902,-0.53599043284024062,0.85014615022612494,-0.52410523137296294,0.050648096738097531,-0.31801653814717756,-0.43441507255658707,0.84270340345850048,11.487289918724169,-0.85070335361061933,2.3553837202546322,,0.329755427052173,0.3623188405797101,0,3
-0.42717881750455905,0.88295849574897145,-0.19468577929607422,-0.90415687613609952,-0.41612683136545348,0.096637485240236617,0.004312912150293351,0.21730797270799926,0.97609356302883332,-5.8920035186620066,19.801643599689388,-6.004111346545689,0.1038489983019948,0.1208417437589952,0.1764705882352941,1,5
0.46584787295874919,-0.71976708218417351,-0.51470487336326076,0.88482741459811076,0.37356538800094213,0.27844092239347373,-0.0081366845478982163,-0.58513609382073395,0.81089428785309703,3.9615391956629682,21.518103200672225,-3.4026429717060043,,0.2903829129157421,0.3333333333333333,0,4
-0.16053012066365369,0.98281392988650473,-0.091141974856576408,-0.98315960485052301,-0.15104696049203062,0.10286888312936053,0.087334253016075475,0.10612066220657942,0.99051054174246977,-10.351932972586079,-9.2833936540050708,-1.9292151709900269,0.4585169941439209,0.2048004966815711,0.1081081081081081,1,3
0.43244560259436726,-0.82999213649375447,-0.35228376936118877,0.90164438215601361,0.39576458239019702,0.1743783342391281,-0.0053112073292806081,-0.39304382539870247,0.91950440042049797,2.8569131602810258,14.975815143070546,-2.7216732192295603,,0.1256683630389292,0.196078431372549,0,5
0.63876964062831509,0.76432080471564623,-0.088244284179776145,-0.70368959179278712,0.62673965196425274,0.33469145053052768,0.31111783075560717,-0.15169415326424129,0.93818685732180829,20.834292580704346,9.024874817744184,3.7528042235148176,,0.2379447941007859,0.3478260869565217,0,4
0.4830892904307027,-0.81616163710103917,-0.31702510877801515,0.87555835210486388,0.44835080834642282,0.1799420037526672,-0.0047232965792824641,-0.36450203672909887,0.93119061189949903,-5.5789851011855713,-7.501218476451184,-1.0479262760854977,0.3427550998121179,0.3185625709712895,0.6824034334763949,1,4
0.69590630437363388,0.70030465713082946,-0.15902139080609054,-0.6375408054445546,0.70439378663009,0.31204345009955309,0.33053916095697394,-0.11577037858535012,0.93666487204125748,-14.984240553352947,-2.5423856092157968,-4.4874488336559688,,0.2697204888548345,0.3846153846153846,0,5
-0.94690847575965931,-0.13765679144532827,-0.29054250343709853,0.10454579379812855,-0.98642476811824875,0.12663472605086834,-0.30403045165515602,0.089536498769142769,0.94844541216378164,8.8310280708988724,-19.034626771636347,5.1445260194168831,0.5547255885855021,0.5322545769606395,0.9806451612903225,1,5
0.70999316885612762,0.66218624843002205,-0.23962277138829532,-0.62754866393566433,0.74933922635944916,0.21136082473245868,0.31951897372487464,0.0003102083094428584,0.9475798273499747,13.60091844896761,-9.5055058253345237,4.8127271642961524,,0.08853470646620792,0.25,0,5
-0.75017553367921763,-0.55258753290712037,-0.36315793691550174,0.57640873503332812,-0.81560848262118624,0.050356461885691359,-0.32402104691883843,-0.17155122136548173,0.93036580956182613,7.1524109980432753,5.1063456978291057,0.17585587106485601,,0.08587376553887074,0.3442622950819672,0,5
-0.66866367493150081,0.74278884585514426,-0.03396498638720357,-0.7395639249914876,-0.66910373069975437,-0.073112231636410618,-0.077033049259947597,-0.023768214843642946,0.99674519376060267,9.406668466059477,12.88549387045933,-0.414366978279059,,0.4309316773079047,0.1886792452830189,0,1
0.46173264126610081,-0.82909069511803191,-0.31529603114871185,0.88697885718074965,0.42817083018651547,0.17302672363459315,-0.0084542831607430126,-0.35955299949533082,0.93308636559010405,6.2111797133774953,2.3562223181821147,0.22018991783952746,,0.1593269029745396,0.4322916666666667,0,5
0.62047202209728824,-0.718039836597264,-0.31533040267928114,0.7820256765462319,0.59662534457794403,0.1802055477216466,0.058739348114456337,-0.3584089720788598,0.93171492298688929,6.2718577237120687,-7.2412530524036089,2.1086721321167423,,0.07653792321530577,0.3571428571428572,0,5
0.95631183399175812,0.089833612593329185,-0.27820423831378199,-0.0062873428836266948,0.9577180265090256,0.28763979387268496,0.29228093589350584,-0.27332417336944165,0.91644189710266288,23.314279402856371,5.5870943380660805,5.0018098478853661,0.2880832357946607,0.172640247086245,0.3684210526315789,1,7
0.91608491438598938,-0.25184979701443982,-0.31202581524322504,0.33762746726910359,0.90426095941052897,0.26138058579664813,0.21632411557629005,-0.34479529728482966,0.91341123268241076,-16.762995066618913,-12.103632411810151,-3.0762295350180318,0.2920236835827176,0.2005106103102687,0.3636363636363636,1,5
0.89148009378476789,0.36490511443818452,-0.26852839671505452,-0.30599226042987754,0.92203567290082966,0.23710536572445814,0.33411372157173708,-0.12920710257246121,0.93363458895989615,17.807126630330714,-24.513233824566928,8.8954290816041919,0.3427504357209158,0.2775176507896799,0.4324324324324325,1,5
-0.54240522443668393,-0.76643795140485793,-0.34404859998278547,0.78232196458889758,-0.6100630560783753,0.12567979682542529,-0.30621710635684246,-0.20098739824834089,0.93050263273125911,9.9213388198022745,-27.537499668983518,7.0541311515171712,0.3466646762265103,0.285715599705342,0.4193548387096774,1,5
0.81887167791534077,0.56289594768781726,-0.11223781530637722,-0.47166457801495448,0.77134710312516341,0.42726592696632554,0.32708057257209483,-0.29693736473716575,0.89713237622374231,-17.066478977896516,2.8688614625760267,-5.8926961854866278,,0.4264584643884488,0.1176470588235294,0,1
0.85534220400670968,-0.33915289311965269,-0.39161847394308785,0.48280524822551496,0.79594928000853793,0.36519013669565092,0.18785315097395175,-0.50143799092455987,0.84455380818909243,11.898543441935411,-31.012168654305643,8.3483685987792633,,0.3965761641345678,0.2105263157894737,0,4
0.9074008328302543,0.3466340655647091,-0.23763112836714381,-0.27835688100137268,0.91932976989156301,0.27811907699816879,0.31486691693181845,-0.18621922237300503,0.93068857618466805,27.476503464396522,0.0063239005370094893,7.2782836608009305,0.4195671265477522,0.4343304122211187,0.5625,1,5
-0.033946869674173492,-0.89439356969893591,-0.4459907538509294,0.98370736086311561,-0.10872904031366735,0.14317061142634752,-0.17654302088457074,-0.43386419335278703,0.88351254858280703,-0.2919697682423732,6.8233743665256057,-2.3607692405897391,,0.07399140121685431,0.3555555555555556,0,5
0.097597154334440397,0.96424823473940835,-0.24637397847125672,-0.97774634246990788,0.13909175326750992,0.15705277444123361,0.18570644914094475,0.22556335246423784,0.95636514405981832,-11.376240924588854,-11.38666503812839,-1.7784584294527437,,0.1149700922835384,0.2333333333333333,0,5
0.37123163841115081,-0.84075870848532941,-0.39409626330206965,0.92768263475887602,0.31758817546068518,0.19632289722389401,-0.039899872298081104,-0.43847753068274176,0.89785603260041813,10.587460248419289,14.428970925514038,-0.27225415079417875,0.1261559703907461,0.1500920180183924,0.2105263157894737,1,5
-0.74465843480686589,0.61356091087464559,-0.26272956460525038,-0.65695889934723251,-0.74328856027749279,0.12620269699608244,-0.11785083809401588,0.2665804284025507,0.95658039659677907,4.2106661206259375,20.00856950426245,-3.1280653102691711,,0.1445708524023754,0.7291666666666666,0,5
-0.89737953623022992,-0.28232145839314726,-0.33912322551837232,0.30291030329545987,-0.95298387077131763,-0.0081908611982775478,-0.32086650824395924,-0.1100742303197413,0.94070630257633903,13.546501233535935,12.27454588145623,0.98003045948138812,,0.2110602481494221,0.2777777777777778,0,7
-0.08422861226277957,-0.93048676918029338,-0.35651074774360658,0.97703512295663986,-0.14739720499253822,0.15387148036426662,-0.1957240644003429,-0.33536314099913661,0.92153331696352869,9.0739616472292077,17.45191911327138,-1.2932447877130337,,0.2924253088780356,0.1607142857142857,0,2
0.24171538031547687,0.96402828249685979,-0.11055833512268835,-0.9444637655711059,0.25987602961430772,0.20112842851062046,0.22262495467083804,0.055802506915547639,0.97330581513712788,-6.0366757519323055,-14.192863950870562,0.087157985543186794,,0.2129356124933011,0.3177570093457944,0,5
0.35115351683398532,0.93012401525054378,-0.10751987662441805,-0.90002298472320641,0.3669709464997567,0.23514028024777786,0.25816629250360107,0.014200023918243584,0.96599613080781355,-11.117273444117856,-3.5633729411377075,-3.2361055665038587,,0.2838632295093506,0.103448275862069,0,1
0.10677860162985876,0.97610458399330846,-0.18925689245367941,-0.97546610184873161,0.13969865046221724,0.17014749837443011,0.19252068558472704,0.16644557118255476,0.96707376009056378,22.603480784917689,-3.5431620746104797,6.4548860964430386,0.5825728281607243,0.5284093596622177,0.9534883720930233,1,6
-0.24499043557934405,0.96238393310196446,-0.1174600007740499,-0.96750840588493059,-0.23486895053538456,0.093616561656632388,0.062507367698905775,0.13657870032184252,0.98865519146047731,13.19641495677778,-1.0102355201758089,2.9994116128275117,0.5516168575148187,0.2584479513612464,0.2698412698412698,1,5
-0.21981877489138746,-0.89965178788760247,-0.37723516108110833,0.96438792385813077,-0.25870619478143758,0.055018515958837513,-0.14709057931034694,-0.35170693102688377,0.9244817987098487,-6.6193616236436386,-10.853222026786645,-0.72215344017492267,,0.473389377729637,0.2222222222222222,0,2
0.89105213058901078,0.39931101975482186,-0.21581661213898395,-0.33411811598584584,0.89885310836284149,0.28359861451799578,0.30723148462169897,-0.18059290985202642,0.934342022906133,18.794672975123067,-12.484869505216457,6.9838709759709845,,0.5060701786564581,0.25,0,7
0.094546975673027014,0.97907809578299465,-0.18018588110345707,-0.97955947156918843,0.12377521733016709,0.15856524598398691,0.17755030568877209,0.16151092202329545,0.97076779459199669,3.8395975844022772,13.594205615885052,-2.2098460192031899,,0.8250079711832758,0.4429530201342282,0,2
0.95396358050836894,-0.019563348153540421,-0.29928374909552952,0.091845864525103571,0.96898493744251457,0.22941780266396533,0.28551326454875753,-0.24634420313567193,0.92617315300550684,1.984409948303844,19.23260341898391,-3.6827382770370116,0.3105834670351651,0.2136635362610047,0.55,1,8
-0.88014183286363901,-0.37451353671651222,-0.29170184239994845,0.35290995554838411,-0.92719036790052012,0.12558895232995729,-0.31749790128168143,0.0075916064563652432,0.94822858541236765,-10.104175400276649,7.8528717999912274,-5.0499825202608202,0.2135916151310344,0.176556025642477,0.7931034482758621,1,4
0.52323241864918812,0.84640168460245779,-0.099156564969961725,-0.80013686174161835,0.52797805285620769,0.28464043666429756,0.29327263519939112,-0.069594281405077354,0.95349242128027212,11.768303669256793,6.3593418780699302,1.3330701884889309,,0.3055765954660517,0.1388888888888889,0,1
-0.47331718059893957,0.84884852832607982,-0.23542944273926392,-0.88086731581208766,-0.45408307680512361,0.13372109516901673,0.006604429110810924,0.27067459304087227,0.96264824634872725,18.928238051329053,3.9960147063631517,3.9379775181563583,0.358646860804521,0.2847917894546427,0.7941176470588235,1,5
0.9207606667399697,-0.24779039383631912,-0.3013299110725815,0.31645582391608007,0.92609611954290361,0.20543049646333569,0.22815675772188529,-0.28450992617133664,0.93112759373558418,7.1395565474898683,-8.9491070446380352,2.749161042942101,0.450009743705065,0.4050128432916276,0.8225806451612904,1,5
-0.95450463808954711,0.059642966379264403,-0.29217051943518124,-0.085801227171546479,-0.99329034323051535,0.0775399475164925,-0.28558544304883327,0.099080828652598901,0.95321767929057777,-16.251194594250933,-14.14879356337158,-2.5753086778657344,0.2565666169369125,0.195551356993876,0.5185185185185185,1,5
0.87652320908236958,0.40132541752655848,-0.26579122104967839,-0.35293337615587872,0.91129396920875805,0.21208803285183508,0.32733025514785274,-0.092093490165601019,0.94041144885308636,7.8394768015641407,16.700821667379209,-1.4990648746681579,1.004513225543608,0.8544416196337963,0.9625468164794008,1,5
0.9265957733107405,0.26683681292892669,-0.26498752451503049,-0.21497804853021155,0.95400667753963364,0.20893945979620812,0.30855260739914825,-0.13663591941990297,0.94134261243792916,-12.730482150152042,-16.089772955246033,-1.1387491827955167,,0.1682327020829567,0.6296296296296297,0,5
-0.768284232844899,0.62816599259171535,-0.12307243116632394,-0.62905235416090977,-0.77650825815588997,-0.036442567696619202,-0.11845874086171045,0.049420752391787101,0.99172834785867026,3.4596234388245128,12.116006992731242,-2.1194039199071257,,0.307884884468506,0.3389830508474576,0,2
-0.21908235291408223,0.97461012501840127,-0.046238802463353386,-0.97068883598217959,-0.21291098257257335,0.11149931479404505,0.098823612265438635,0.069311021573749784,0.99268820681380743,17.907788345622016,19.645212615626864,1.2040496005929586,,0.1847229515057771,0.1578947368421053,0,3
0.25916351593060921,-0.85842614704889975,-0.44264977360580282,0.96255911389118631,0.19185539138461688,0.1914979400977263,-0.07946209332443871,-0.47570585329533105,0.87600782922589338,-5.0165843088641493,-10.385011534712678,-0.50522910384729425,,0.1923076965010239,0.3043478260869565,0,4
0.15703125946954732,-0.8778272813600636,-0.45250463826286741,0.97857296930537296,0.076516252471899429,0.19115492892552677,-0.13317705243124414,-0.47282610673233505,0.87103349275333231,18.100190833541305,26.666538784702183,0.1698644740030982,,0.5233030538582637,0.5,0,4
-0.92230611769065707,0.27258909999765729,-0.273946359407924,-0.31377191989280961,-0.94200544175565137,0.11905011545362106,-0.22560719748529409,0.19575732493372364,0.95434818707724522,-0.94965911444652162,0.44776956383064076,-1.5520397235948593,,0.1281314148858659,0.3472668810289389,0,1
-0.66540199471908523,-0.66098410774228145,-0.34690084280094002,0.68017603768351498,-0.72832548085980886,0.083081596587220405,-0.30757233813367574,-0.18067098063183248,0.93421477914477236,-7.3367527613895085,22.313475114078262,-6.7950666669752264,0.4751940112607077,0.4246904215501176,0.6410256410256411,1,5
-0.62102362399229094,-0.63996969884981836,-0.45251347272490505,0.71863247718969891,-0.6953844804969288,-0.0027905218530699344,-0.31288499671872633,-0.32692385786003514,0.89175320015699044,-5.2559136088127119,14.36662222253981,-4.9063203288028339,,0.6006987983932466,0.2792207792207792,0,4
-0.70039687434700115,-0.58651671395374005,-0.406746066554869,0.62974282888038358,-0.77603141355502248,0.034629678738414049,-0.33595861036544844,-0.23189089984020594,0.91288467107987781,0.80415167079540961,3.471539255985733,-1.5820270365486122,0.3238821603196407,0.1857238882762843,0.1276595744680851,1,5
-0.94291520997911782,-0.13759426655117118,-0.30327994427967375,0.13482191015702599,-0.99041051004646696,0.030167434944132137,-0.30452251038576372,-0.012443448145224294,0.95242385588907319,-5.8708308150534076,18.370092786185939,-5.777755915929716,,0.180221319832296,0.5625,0,4
-0.91401870964664811,0.30153222264112234,-0.2713818658734925,-0.33040704213502481,-0.94147570386286106,0.066743430714273522,-0.23537413817889469,0.15067122401119559,0.96015477779965663,4.8808269377359235,-21.685672849910123,4.4201212417229883,0.1875091415791392,0.1492893082519281,0.3478260869565217,1,5
0.64199846740352107,-0.70590452148466376,-0.29922696135047144,0.7640817957151983,0.62132569343538169,0.17358972358316194,0.063379628495016882,-0.34007821045246156,0.93825893732342547,2.0190405506752107,-19.11240817981874,3.1127723767666078,,0.1063105215410958,0.1428571428571428,0,5
0.73468792590077536,-0.60476908017497,-0.30738902257552825,0.6696244097165569,0.71913086777192325,0.18561773872492449,0.10879706543547242,-0.34220630426969406,0.93330490402156796,-2.0128467952580071,-10.156294946213706,0.23045127782615879,,0.06753661341354877,0.1272727272727273,0,1
-0.676649019465702,-0.64440328937966518,-0.35621693543790184,0.66271088560185798,-0.74383259349669995,0.086760330547855979,-0.32087440932692662,-0.17736254815670496,0.9303666696257209,17.910919316880246,-7.364838850477379,5.7562417503685088,,0.1153715753216265,0.2142857142857143,0,5
-0.54879504726086881,0.82046735385424707,-0.16017901660750847,-0.8353343352376138,-0.54561898804794684,0.067204674351316371,-0.032257471616243108,0.17068462479362986,0.98479754994820312,16.337689036552081,20.96882715103045,0.52484032338252995,,0.3033044578248083,0.1612903225806452,0,2
-0.14258779127716267,-0.90317353463420436,-0.40490281317256499,0.96971909565082093,-0.20942246503172068,0.125646753520299,-0.19827656772511801,-0.37472629675056784,0.90568570995392828,14.574836108168585,-3.3112881352083154,3.948869877956795,0.2343964917933716,0.3654924365959948,0.4150943396226415,1,3
-0.68497420004161291,-0.66322935676099659,-0.30155789760466706,0.65590631482712436,-0.74154599718999881,0.14105474193160239,-0.31717069764915745,-0.10117487030821704,0.94295619949754939,1.8783270594302277,6.5495414458331664,-1.6623465001881386,0.2272811989011143,0.1895480287887882,0.7769230769230769,1,5
-0.81727316153290097,-0.47837135966541483,-0.32128713277982412,0.47454068826822149,-0.87501405534828003,0.09571592407160455,-0.32691851372466002,-0.074237761246017733,0.94213217766364399,10.533399242964101,-14.125614809078103,4.6939882423740729,0.2179963637097038,0.2082520113635602,0.375,1,5
-0.3892532439535355,0.8888368861260163,-0.24176621338279977,-0.91962106607755945,-0.35996985205130477,0.15722213724706641,0.052716286838348982,0.2835325298373535,0.95751255742470975,-12.943291209194205,-13.998781918480685,-1.6675978969109948,,0.2692985104888468,0.7017543859649122,0,3
0.71321801784040317,0.69768873221737804,-0.067457334402675928,-0.62323633153124014,0.67524949108323751,0.3944801640783871,0.32077489628599187,-0.23930849907334437,0.91642506959596792,-11.347075750109289,-7.7745020406969596,-2.5197922860805506,,0.3016256572420594,0.2307692307692308,0,1
0.24076095484411369,0.94192404485624437,-0.23412231065023262,-0.94245236236405272,0.28453444163867275,0.17556678557115082,0.23198643774360697,0.17837949782142015,0.95622332509723429,-7.5336091475689635,-8.6315964455997172,-1.4378714022363221,,0.7597382882625942,0.59375,0,1
0.93844317929954868,-0.11985133361222278,-0.32397539575950357,0.24667237323688643,0.88907238820809809,0.38562031690204207,0.24182046957988779,-0.44179853593840807,0.86390793151518286,-15.234462179808855,-0.87123227977966244,-4.7632555267314709,,0.1082334961805294,0.25,0,1
0.7759053524787779,-0.50381212624121352,-0.37966330537344611,0.61437396259139299,0.74011779175251702,0.27344156308273071,0.14323239188302506,-0.44542002175888445,0.88379040848596113,-6.514820181219358,12.572461394249446,-4.9331991431132289,0.4334167726043757,0.2235779783418792,0.1578947368421053,1,3
0.86352196866873077,0.43933250773130594,-0.24762220675254717,-0.39444654892791009,0.89432415158140488,0.21117819948342606,0.31423196792392266,-0.084683289666390368,0.94556174350802547,8.5562350526251389,6.5066883971061316,0.24431193441647248,,0.07037668572109203,0.3333333333333333,0,5
0.7577609649364383,0.61761377823967345,-0.210598055421019,-0.56505419750453589,0.7824797948733071,0.26160872404706514,0.32636187568572411,-0.07923756396775479,0.94191790223742611,5.494581340067672,-1.3055633206017854,0.68064894265762688,0.9448736854693156,0.8889195290667259,0.9887926642893531,1,4
0.88433721056942083,-0.30389360285815648,-0.35439579024613843,0.41330783181897546,0.86262396874127267,0.29164451770975092,0.21708139984667793,-0.40438665494170906,0.88845208038794199,4.9293506274344727,17.89058564388592,-2.5934511685841244,,0.278746044849453,0.375,0,4
0.44155440592667605,-0.82640485361295879,-0.34940624569644502,0.89702000347675559,0.39808566053523736,0.19204926513471787,-0.019616828726926067,-0.39822459090464024,0.91707816200666925,-0.42577700975322724,-11.006103598869476,0.82654651048412875,0.5890189980900878,0.5400925935251708,0.9187358916478555,1,5
0.96338633773355264,0.045573541734403387,-0.26421547373709625,0.034290797474240513,0.95641224320854734,0.28999959008484322,0.26591522234899645,-0.28844180233554745,0.91983173525841511,-7.1193426982094987,-13.415420314365505,-0.3389692445969526,,0.3911456061141705,0.5789473684210527,0,3
-0.8544429528163382,-0.29698222009778169,-0.42629661191274837,0.36460578902513568,-0.92729364295178007,-0.084788668762834141,-0.37012141115025193,-0.22787729304827237,0.900600955096727,18.279175650360472,-10.802873792060456,6.5330738405207187,,0.4709820069808759,0.1875,0,5
-0.90989783660974499,-0.2928213533296754,-0.29383938123928272,0.26634201271141522,-0.95542647204986408,0.12736635651216568,-0.31803751224932503,0.037628600034137628,0.94733110856855773,7.9092845279177242,-12.858581634644301,3.6035012277678362,0.7088441858259147,0.6209331312415907,0.9785714285714285,1,5
0.47649398848811209,-0.79978423413633515,-0.36510088710060118,0.87917026343436433,0.43174951818221058,0.20162341491547744,-0.0036230963885454624,-0.4170581882380251,0.90887256576275566,-12.124619454904561,-10.760046490945955,-2.0992861670504985,,0.4727802775522396,0.6153846153846154,0,2
-0.84570017445107637,-0.41343872150413685,-0.33743093885185677,0.4326963432342012,-0.90132042643577837,0.019883748172275655,-0.31235410912163619,-0.12918944403724697,0.94114026481931889,13.3030548810169,4.0171070029410858,2.2041134527271669,0.6990023553672128,0.7151673460560249,0.576271186440678,1,6
0.76364742532377672,-0.48187131168761871,-0.42970065018431347,0.63292649873518769,0.69012815977486419,0.35089481370430248,0.12746237482168804,-0.53992884907014782,0.83200371450288757,8.7616067232932924,10.721658037939703,-0.31258115474872661,0.7288342580898712,0.4455081878705092,0.16,1,3
-0.92234172664484471,-0.19330489542076437,-0.33454290710785262,0.22593085749223368,-0.97222355189228982,-0.061127839637625678,-0.31343418276032048,-0.13196432302825867,0.94039589031697868,-2.8258352537665719,-24.591883391331393,2.9903510945571647,,0.4475655455901254,0.7777777777777778,0,4
-0.94370474163280227,-0.13339055756907239,-0.30270170097172816,0.096909083436738916,-0.98642601630147131,0.13256071782794687,-0.31627518108004732,0.095763633572569451,0.94382166552678892,10.160747831354753,9.9013774153997449,0.28950510148189873,,0.09852400227714925,0.2608695652173913,0,6
0.95960289155207945,0.11656497167422589,-0.25607596119798981,-0.026790563450969758,0.94386263796455272,0.32925003624080956,0.28007955340379109,-0.30908886753356513,0.90885615788855767,3.5348691649788786,-24.177906417649542,4.5797052725564873,,0.7055066813091592,0.1666666666666667,0,3
0.76658667378205825,0.60157602317533843,-0.22461335650469649,-0.56513883550536892,0.79812741379845975,0.20883181737230291,0.30489829153899328,-0.033149957525279473,0.95180781260329883,12.601199708752068,9.0483626743114289,1.1475129647877509,,0.1727793347307569,0.2962962962962963,0,5
0.89660818471864046,-0.32593275442649694,-0.2997692490691839,0.39176831143315227,0.89940612200471004,0.19387165305239085,0.20642517591699466,-0.29126700343912432,0.93410501521789946,15.12457050589671,-0.62151817645917995,3.5507611000915706,,0.07785883199461807,0.25,0,5
-0.73429737552634378,0.65917420767368906,-0.16216265979838904,-0.67003481983540292,-0.74212682665497409,0.017352618452483086,-0.10890686159862914,0.12139661073021168,0.98661145259922611,14.305569877464881,7.1677196984630926,2.0131626884669593,,0.08798168120890215,0.25,0,5
-0.46630144288798586,-0.81213421637604766,-0.35071495398948338,0.838298351198416,-0.53228667075929692,0.11801175581271876,-0.28252228007468588,-0.2389747156567969,0.92901681714496087,-4.0814337050863037,-18.209702134391126,1.4679567206997499,,0.1537598244669526,0.4285714285714285,0,1
0.5161252131272791,-0.73557651006232583,-0.43879603715034837,0.85567495773502644,0.46547537229868519,0.22617038817794294,0.03788312394037336,-0.49219902034434165,0.86965797489161745,-5.3994052167005657,-18.490625772141282,1.1993208907757196,,0.2365413826297288,0.5625,0,4
-0.82717862657518182,0.49265318395520252,-0.27031159811594524,-0.53941689619275723,-0.83094441028421295,0.1362380237642658,-0.15749581530620729,0.25850382464524968,0.95308490744781516,9.2076214791325732,4.8383403945657744,0.74754710276312486,0.1897875354306424,0.1513181718230633,0.6363636363636364,1,5
-0.94747947733587312,0.20325733959823467,-0.24691920526113098,-0.19534776334477844,-0.97911158210451421,-0.056389370851143476,-0.25322300721603686,-0.0051926571467079937,0.96739399673981019,-13.654402532990453,2.3270939466785863,-4.9476064576797985,,0.288465387658526,0.2631578947368421,0,1
0.95406052435919564,0.18088447310699582,-0.23885000156638297,-0.062653170458194435,0.90001486102420258,0.43133262126475141,0.29298992489673276,-0.39655271695499655,0.87000163596663271,16.84194990954936,-1.2728088914395517,4.2477604963238988,,0.1041077275662786,0.1333333333333333,0,4
-0.6625875464129688,-0.68078000300699282,-0.31227604910437823,0.68063883887468701,-0.72129859778998917,0.12829303894409982,-0.31258361178052652,-0.12754183757494428,0.9412887789165697,12.80921052498489,15.956606026507355,0.19227311084704837,0.4828409082072698,0.4154864731405864,0.7101449275362319,1,5
0.94537658291002846,0.16368902531218685,-0.28190249994937139,-0.1133022830567947,0.97586561112090087,0.18667860532409541,0.30565619434174252,-0.14454138516002132,0.94110683710009602,-1.8794636072012516,8.7170744850905777,-3.0509968378767054,0.7516634283333589,0.6208614836512536,0.9936797752808989,1,5
-0.93694575066587116,0.21918812085041145,-0.27219336506835146,-0.25420540346543008,-0.96192237553276605,0.10042388310744904,-0.2398171661039829,0.16328475473070395,0.95698788692145365,0.3639400410833683,5.2332446108518083,-1.8937429406000266,,0.107378044417669,0.1739130434782609,0,5
-0.95637720105225443,0.13704977882306646,-0.25799226234909578,-0.14117653583856626,-0.98998114500932277,-0.0025530872786453987,-0.25575737533075771,0.033980739406006932,0.9661436095702044,31.397124011822758,-11.66931659983244,10.822895519695987,,0.3520296407627584,0.5,0,5
-0.88480317077139559,-0.35963034260675464,-0.29629270269352331,0.33945295374182255,-0.93308358671761982,0.11885584711798644,-0.31921002676738752,0.0045865972932504816,0.94767289817554312,0.11732394118132365,18.228003481943066,-4.1408567848516711,,0.08751964773984,0.3157894736842105,0,5
0.35918653490510694,0.9332434179279685,-0.0064618911307820787,-0.88746799588554903,0.34369449452620515,0.30704177356064072,0.2887656306102751,-0.10455054914489927,0.95167410033674382,-7.4373813706184251,-21.722698037071755,1.2447978761995642,,0.615621545607523,0.1666666666666667,0,3
-0.95555306964968567,0.14029885537021888,-0.25929628278259031,-0.15645191642152256,-0.98676476994788453,0.04263902716679744,-0.24988223012270305,0.081311253658422955,0.96485612974028401,10.64331578360941,-7.6047541672376084,3.5231914816850085,0.6457811633786956,0.7332335888481465,0.8,1,5
-0.78447846030997781,0.60716769096368273,-0.12625743684835211,-0.61030834550399893,-0.79198983372132969,-0.016608030895654723,-0.11007846618597586,0.064027324884689693,0.991858474254393,21.498126419465773,-11.141343277745495,7.6029626313719456,,0.3688531335558123,0.2222222222222222,0,5
-0.86011718070094889,0.47849165342281264,-0.1767602134750787,-0.47883023869306313,-0.87682512405714741,-0.043581008883617024,-0.17584094510720977,0.047153360716629081,0.9832886262928765,1.1929960415911649,18.428963904189519,-3.7988129820560408,,0.1258799389511044,0.4347826086956522,0,5
-0.24669444288499853,-0.89936811250152826,-0.36094161586757839,0.94037330712577072,-0.31216243862634135,0.13510238767762861,-0.23417919441103408,-0.30609085273214859,0.92275050516307233,15.503418913449973,21.423021403027324,0.21672350593147241,0.1853582902731604,0.09583854941528949,0.3333333333333333,1,5
0.9375557644256991,-0.19231086206289624,-0.28983740428862831,0.25082842843432429,0.95109064193953363,0.18030998392827199,0.24098607445516665,-0.24175012543465699,0.93993754514383432,16.012631096303192,-12.14987794479006,6.0344881402349984,0.446001972439962,0.4295132470577195,0.8349514563106796,1,5
-0.014703365014908499,0.99039261016093894,-0.13750014107571729,-0.98709724175839353,0.0075511893824230271,0.15994378653728067,0.15944543383305396,0.13807772187255477,0.97750278585397188,12.157873855758845,-11.127368131550545,4.6935995072029675,,0.08650616190001593,0.5,0,5
-0.83559700105413581,-0.37265662488945556,-0.40361453362748856,0.44801198447502549,-0.88746611766496575,-0.10811638064337746,-0.31790393768571823,-0.27116587160384642,0.90851866050249197,-9.6725776916069055,3.4227925100084047,-4.2667913234998043,,0.5213625847468064,0.3768115942028986,0,2
-0.66555773740049806,0.73107978991669909,-0.15018401699809741,-0.74290692147678972,-0.66823547643816872,0.039378344954208666,-0.071569575995731424,0.13778130789337381,0.98787352782984461,-5.7069869237519173,23.710950552558682,-6.6411606404409058,,0.2760252137718005,0.1379310344827586,0,5
0.93582600994016818,-0.12869530341273946,-0.32812680170776487,0.27198556355984438,0.85578691481670899,0.4400597796249191,0.22417299644358993,-0.5010651407831137,0.83587091847814654,3.1566086265765274,-3.7783041047888117,0.43732339094661365,0.6229927809486757,0.6586620285807525,0.2642424242424242,1,4
0.94387177073560213,0.21015862266147609,-0.25483216776826051,-0.13701007691142522,0.95108551031058053,0.27688371368137338,0.3005566822300994,-0.22642814621485272,0.92649661379226922,-10.836327525372793,2.1761376016590606,-4.3032958952884925,,0.0989354642857655,0.2439024390243902,0,3
0.94947847839480415,-0.09976831095380595,-0.2975515135140635,0.17964126407448264,0.95020712780035232,0.25462802382912297,0.25733176116990936,-0.29521635863689377,0.92012372335809456,4.3724742527032276,23.940749316235934,-3.7171752459531366,0.3729056333472946,0.2054982163130169,0.45,1,5
0.3067268094545828,-0.86708629908641066,-0.39253027182428257,0.94938240933886275,0.24935764593190529,0.19103351866422832,-0.067762122160906421,-0.43125643688173704,0.89968115488117262,8.9966421369755789,-3.6289276577743914,2.253600020116342,,0.09425845028488319,0.1590909090909091,0,1
0.9570542541321666,0.11189035545815566,-0.26744663580417444,-0.0074786250958729225,0.93174123794351837,0.3630459140138565,0.28981239589465202,-0.34545450332993005,0.89256370154453046,2.8931319979892214,17.112849773539672,-3.1036097513331762,,0.204064786575253,0.2222222222222222,0,4
-0.52831054813374601,-0.78571686216744718,-0.32177162279536126,0.80385288241946018,-0.58487690845340035,0.10834918266381348,-0.27332857178960385,-0.201415030381876,0.94059740451466378,8.2829536524925089,-15.255554522757427,4.1794775414866425,,0.1321138901519801,0.3888888888888889,0,5
-0.96141534384380212,0.027229784110167181,-0.2737500237059694,-0.051695621621878372,-0.99524443583606925,0.082559527872154731,-0.27020010978316183,0.093525674521273569,0.95825093210416945,-10.351573696549428,-6.8330379304101063,-2.4634997576347186,,0.07037701637020423,0.2424242424242424,0,4
0.94321796176611938,-0.11854267634436121,-0.31030228888437611,0.22153678145781161,0.92055005545839919,0.32172822359384551,0.24751026456104916,-0.37220320965925818,0.89454090999588476,12.903890273998227,-2.8342258392951427,3.3094644987999806,,0.1850623620257182,0.1428571428571428,0,1
-0.89889858577115167,-0.28348544906231005,-0.33409180275571476,0.27126814111176856,-0.95885367569369184,0.083744995232320915,-0.34408564067160458,-0.015350204514477292,0.93881278384189837,-18.680075271864332,2.3020756538491174,-6.2471653386773234,0.4424473803996855,0.3653397469491275,0.7590361445783133,1,5
0.95280988929525534,0.16682980440244485,-0.25361610994612505,-0.061935814927721947,0.92471263268697435,0.37559353266312157,0.29718221630912234,-0.34216131182845072,0.89140808107029834,-4.9406479183859284,18.021485959054026,-5.4580459821610798,,0.1839381623633649,0.631578947368421,0,2
0.94511405714592367,0.13554108176002355,-0.29730125149500281,-0.077652197848229215,0.97700623114167762,0.19856726940680564,0.31737919773436907,-0.16458262200383758,0.93390738586855115,21.346084270067319,-0.4013551777275986,5.4808970172370044,0.3426314941177317,0.2810456267544804,0.631578947368421,1,5
0.59373475600130143,0.76829439556913093,-0.2391709874820524,-0.74453966704033214,0.63727720159879608,0.19884278343927939,0.30518801372194759,0.060012415877654518,0.95039927726244677,-11.153396946286213,-0.15028361368685261,-3.8464390416106089,,0.08181055134217383,0.3235294117647059,0,5
0.47761368988404596,0.85439071692034296,-0.20469896452031439,-0.8296236606443248,0.51527466974175318,0.21498045590619944,0.2891534971852438,0.067145495477131611,0.954924990511126,-9.4319795763051797,-12.009696157035725,-1.0944779307425645,,0.1292872575539886,0.3125,0,4
0.8706984056692032,-0.32282474563994529,-0.37103701967271757,0.45537789874819806,0.81415493440623554,0.36025367744639936,0.18578281862643781,-0.48263436096540313,0.85589065768866368,17.733728109460664,4.9459775822841738,3.385189798962549,0.3873869373428561,0.2012011927163145,0.375,1,5
-0.62192324714029568,0.75965622511488073,-0.19008917462780589,-0.78024306764191265,-0.62177466371991852,0.067948678815119928,-0.066574995780763382,0.19057462370471082,0.979412621287167,-1.7704305022275788,-15.776350948809741,1.4368425162569742,,0.2256181701538457,0.1666666666666667,0,3
-0.76279014701968884,-0.57328128339679674,-0.2991651077859907,0.5589858290485954,-0.81716259604464991,0.14064186627182823,-0.32509388572001202,-0.059948825947553137,0.94377969025349029,-10.880595626602949,-5.5713286267789304,-2.8255661577270699,,0.07645233768108184,0.34,0,5
0.72543179766335086,-0.60637833105162686,-0.32565937199774014,0.68509891643485921,0.68166576420438685,0.2568487115237893,0.066243351656604096,-0.40943510541072647,0.90993115828539839,-8.0613932614666481,-13.46148165914229,-0.45555435606654465,,0.163008034332973,0.125,0,5
0.042071017162202642,-0.94781294570822183,-0.31603899990798467,0.98742744588850972,-0.0087967825354285101,0.15782793074458282,-0.1523714823089613,-0.31870556406333089,0.93552642657171492,5.807374684480016,8.6267503301295907,-0.83119590867946658,,0.09235980910330506,0.4520547945205479,0,5
