axis_00,axis_01,axis_02,axis_10,axis_11,axis_12,axis_20,axis_21,axis_22,location_x,location_y,location_z,dbh,dbh_approximation,score,reconstructed,number_clusters
-0.15493855459296388,0.98592013802304668,-0.062892970523417066,-0.98093780581917578,-0.14597316938286078,0.12826868259627275,0.11728199101014559,0.081567856787700968,0.98974320877880095,-2.0460951919535497,-11.41381111913641,-3.9170595214978974,,0.5817690780270961,0.5789473684210527,0,2
-0.67486049486504518,-0.69789135970428517,-0.23981443351184953,0.71375854622946255,-0.6998312759697809,0.02801647477666484,-0.18738209667657535,-0.15226238939610587,0.97041440355163644,0.85844459684327701,8.2881308603935597,-7.0963688587502762,,0.3645576652499428,0.1333333333333333,0,2
0.99084858803330023,0.072411531231682799,-0.11391069193495114,-0.048623605730177537,0.97874662616727803,0.19922546707679653,0.12591592654709155,-0.19186352418022165,0.97331062232513121,-16.833636605059031,8.2613912572561379,-8.9228999621673495,,0.2767531334987381,0.9469387755102041,1,5
-0.85927101937773054,-0.469366657250819,-0.20334270657869286,0.48433311920923877,-0.87442712617650875,-0.028260053852418879,-0.1645440515321214,-0.12276865262714486,0.9786997052403309,-21.200467525240413,4.7535201956166864,-8.8589756281610317,,0.3700854291779302,0.2222222222222222,0,2
0.86120355557387585,0.50073491370513445,-0.087137718948949422,-0.4800247469699595,0.85766559177069179,0.18435285457257181,0.1670469340135908,-0.11693707234808358,0.97898980737662378,-17.838328698345716,12.823023997809832,-9.8817386547799568,,0.1256264552130087,0.44,0,1
0.97830195549695975,0.18535688826493096,-0.09256407425975928,-0.15618296134566348,0.95334149118864953,0.25835418278692734,0.13613289997690983,-0.23829147099916087,0.96160543280127775,-14.717444724394147,-15.126237423222534,-4.7507301343989141,,0.08960528272992781,0.2272727272727273,0,1
-0.56663423938648882,0.82021126590949933,-0.078607366258075489,-0.82269425114512174,-0.55787129819935011,0.10933336077400095,0.045823660784158948,0.12662185403992238,0.99089207191895023,-8.5168807678490897,5.9404419438525418,-7.5562515127425147,,0.06986624631712965,0.2777777777777778,0,3
0.78594650133231214,0.61827394057780993,0.0050429600321104827,-0.5933502805890063,0.75192016759323499,0.28731777893390009,0.17384919202701588,-0.22880864487372127,0.95782204112382263,-3.9508115388580523,13.034745348387943,-8.4594869864395541,,0.2487852317354476,0.15625,0,1
-0.89810134387944796,0.43339414847133878,-0.074722742138743178,-0.43861745176420275,-0.89507754516138849,0.080317614230878617,-0.032073464574432553,0.10490805602367226,0.99396458319777525,-19.892672872079295,7.2924733036080447,-9.0945983963431232,,0.08128288378697937,0.3870967741935484,0,2
0.66825165646403206,0.74351234789325082,-0.025082108430981593,-0.72236546320691075,0.65656719044031919,0.21704299574778141,0.17784223682506675,-0.12692089255741873,0.97583975417764457,-13.934674796174919,-4.2575232893225685,-6.5684577385690908,,0.1330079792225021,0.3707865168539326,0,1
0.37809563350685071,0.92575551308393578,-0.0045190616008319159,-0.90913559218648754,0.37222001093914781,0.18688161620711938,0.17468877165627322,-0.066550683326015436,0.98237204744743378,-14.268050602625461,12.967944230902015,-9.5308850042229345,,0.1047124362069801,0.2727272727272727,0,2
0.37619164463442167,0.92204332202931083,-0.091191879070460446,-0.91064971861483057,0.38609475570478324,0.14713235403538502,0.17087111076474862,0.027693896771966937,0.98490411288998314,-2.0226728218219256,-8.8841801926413861,-4.3130922307246955,,0.1835140421105282,0.6666666666666666,1,2
0.83512268057735062,0.54058733238432466,-0.10166338795702425,-0.52425783799480774,0.83817655573127903,0.15037879080329211,0.16650473772932345,-0.07228691090404904,0.98338739814258325,-11.775217858697989,9.4673921408597739,-8.6160291581028687,0.6432879510248656,0.2371762268853802,0.8685446009389671,1,3
0.15222095593626114,0.97674664644203002,0.15097936692839886,-0.97652324502455612,0.12507702418297001,0.17537984476057861,0.15241762529498606,-0.17413134894608143,0.97285514893721781,0.52908170870160587,-4.0315696203544951,-4.8111532076082861,,0.3907007926310149,0.2945736434108527,0,1
0.66502129727690085,0.7466343584424916,-0.016846630562732629,-0.73542469456970327,0.65862992235191065,0.15923926651355613,0.12998920257162577,-0.093508075458140966,0.98709627040066772,-12.204702705192059,-2.3502751582366148,-6.6283913010389517,,0.2950469314243969,0.9494787489975942,1,2
0.104358734010981,-0.97644365004650013,-0.18885722893098963,0.98678965778545669,0.078001150812233619,0.14199292855500659,-0.12391701224321594,-0.20118056256963318,0.97168459662633311,-7.2725528149669927,-5.593169352482513,-5.5266026653913327,,0.06502399376086236,0.1833333333333333,0,2
-0.97202138267746163,0.20562205264511121,-0.11355176389562938,-0.21811909798710608,-0.96953392484385714,0.11148106417754963,-0.087169322075423328,0.13312978645997597,0.98725780282864029,-13.831583426918881,-7.6375199614494935,-5.9489637322992541,,0.211887729078011,0.7563025210084033,1,2
-0.56149933830762311,-0.78997511128174425,-0.24628807651913648,0.8081297654730315,-0.58750371540185953,0.042019835143810774,-0.17788978395794269,-0.17543861588716872,0.96828534886106277,-20.564705279954143,2.1035664122510185,-8.2876241905112558,,0.4601045452880312,0.9293193717277487,1,5
-0.59982877322123063,-0.7819698329596283,-0.16949520098517529,0.7801263782521396,-0.61863078156071127,0.093267304350366773,-0.17778716705969988,-0.076283264525551606,0.9811078364696777,-15.678266324899536,-7.5089539592963419,-6.0964535380270064,,0.07612517638620243,0.3684210526315789,0,1
-0.94321233903593094,-0.26370905519598337,-0.20200994455226584,0.28828115422046213,-0.95195568659847252,-0.10331673085298668,-0.16505895798679276,-0.15568527534893006,0.97391870062538677,1.9421720861015297,-12.670150542054332,-3.2417784660558064,,0.5090377279224265,0.7,0,3
0.36226802269205466,0.93207351915310022,-0.00091357995930177514,-0.91440058958661963,0.3555887291294238,0.19346373685981028,0.18064728478011916,-0.069250347361399497,0.9811070012449683,-20.596735761531598,11.73109589227246,-10.038104906574807,,0.1877906787051102,0.7307692307692307,1,3
-0.87950686631401143,0.47139264027187122,-0.065243013449886283,-0.47449674618637683,-0.87912730400360428,0.044587231511901283,-0.036338821734461069,0.070172373858014683,0.99687277422050324,-12.403433734294399,-4.5749445826064408,-6.3348597510509554,,0.2621192874989299,0.3623188405797101,0,2
-0.85649252188414327,0.51001535108170082,-0.079403410616598988,-0.51536177029726415,-0.85353854251821337,0.076643343820274393,-0.028684589462094366,0.10656593309727135,0.99389179301898745,-7.1602993436791618,-15.182498664245152,-3.8353721181711884,,0.1152026270728061,0.2666666666666667,0,2
0.97480458795479996,-0.18733532728252619,-0.12108464169423848,0.20647887551450594,0.96320270397328867,0.17206692019331116,0.084394841480616989,-0.19273304389879531,0.97761520268506841,-12.591931195355407,-7.8537381738623022,-5.700546632714814,,0.1145409425910825,0.3225806451612903,0,3
0.60308387622307691,0.79001663227997954,0.1102885259705159,-0.7733026888463197,0.54512161014145499,0.3237983656225597,0.1956854354897207,-0.28056398713624742,0.93967603963249546,14.504457068295006,5.0271412383944938,-4.7756152067248587,,0.3863256083413928,0.1111111111111111,0,4
0.46229715337711513,0.88538483852162686,-0.048734276391971823,-0.86970039411276379,0.46345389256434694,0.16979903988850562,0.17292358560797791,-0.036113393401725119,0.9842729582577654,-8.9587456110542352,-9.9179239680668267,-4.9500227624121118,,0.5162377139109909,0.7441860465116279,0,3
-0.55665174340815915,0.82974398777232972,-0.040789107814818454,-0.82929473559859546,-0.55210822915707536,0.086294523612417434,0.049082360060544269,0.081862189396021162,0.99543432926445585,-8.4987806355575959,-16.805783614819916,-3.7717846015410048,,0.09611259796526761,0.1764705882352941,0,1
-0.98431733457290538,0.0026258562741564664,-0.17638732873457391,-0.0051992159080861732,-0.99988666789242719,0.014128677394597718,-0.17633023851067706,0.014824177879632553,0.98421943220857078,-8.6129761763575701,10.104860591097509,-8.4410573990767634,,0.2027904968033629,0.4333333333333333,1,2
-0.60939434126504521,-0.78053857541201743,-0.13927695117254879,0.77255361936145506,-0.62405659254315504,0.11710796093751903,-0.17832398056811741,-0.036233984009569141,0.9833044576107326,-11.11515420748958,-6.1308401084631585,-5.8920979898308774,,0.2717277399371993,0.8341708542713567,1,4
0.5798478937077165,0.81309491561973024,-0.051508041664084056,-0.79652648828728412,0.57904964434240747,0.17391682737348671,0.17123660128445808,-0.059817786487596794,0.9834123544069765,-11.028696287403257,-13.639011531094086,-4.5970922127224974,,0.2147954918803583,0.423728813559322,0,3
0.4024205259329674,-0.81447181629186072,-0.4179633725269129,0.91207789833470965,0.31752912271163258,0.25940154895320078,-0.078559707720769589,-0.48560366215280748,0.87064197901698304,-28.999307447735532,5.6527823943413305,-9.9094892831549508,,0.7887499231780719,0.3023255813953488,0,1
0.083570336531011716,-0.93772989132027551,-0.33716264587963851,0.98840904932374074,0.03496960053107076,0.14773177807647522,-0.12674206115979425,-0.34560060469154619,0.92978313168706472,-23.73062066819973,11.542978024743714,-10.336858136163301,,0.1817215209053693,0.2727272727272727,0,2
-0.89536974132459934,0.44084699988733306,-0.062983720203382665,-0.44316278112537832,-0.89598416739670517,0.02862029349348743,-0.043815245583475972,0.053537785392851645,0.9976040947137742,-16.833514380691209,18.473819947631846,-10.930108646015174,,0.2129084070782684,0.625,0,1
0.70461890916538295,0.70466795084269196,-0.083398272774358642,-0.68713806983974468,0.70692761787022051,0.16761448645401941,0.1770690990079723,-0.06079820842340572,0.98231874258257346,-7.0700755009191765,-13.105412108321305,-4.2309265873330482,,0.07758803644740493,0.1818181818181818,0,3
-0.92731013669264184,-0.34907834903219509,-0.13505634610794801,0.34127359495184301,-0.93672792741203392,0.07793024698407984,-0.15371481313041427,0.026174343225978666,0.98776852550634031,-10.343227020320899,-2.844303378707207,-6.3255534924172503,,0.2732210290197216,0.8509389671361502,1,3
-0.63213013576887545,0.77250096605498975,0.060446247997121602,-0.77265481865109453,-0.63429260516727559,0.02602733650133545,0.058446750705801485,-0.030251421028063739,0.99783206445659767,20.29767848739176,7.9833215125544044,-4.5119096776835335,,0.3580576911157126,0.2916666666666667,0,5
0.0051337842357046318,0.99979970974173327,-0.019343853281309453,-0.99026684197161219,0.0077734837126325149,0.13896458053238342,0.13908711640908034,0.018442162327585981,0.99010840855822035,-5.5302454859392807,10.746845556154115,-8.1986903133603075,,0.2011258978860712,0.3679245283018868,1,3
-0.49029837148944272,0.85435454327926486,0.1722957378836748,-0.86931999211613453,-0.49353736683932814,-0.026525814605909231,0.062371934570005921,-0.16278569320238781,0.98468805205842413,-21.309094235570971,9.5872002392891265,-9.6398102619878614,,0.3555676495399648,0.2777777777777778,0,1
0.087083862450600083,0.9932598765807592,0.076493257712434343,-0.98841351010627909,0.076565814631401677,0.13105880004492357,0.12431867896688084,-0.087020075871064168,0.98841912792869646,17.138501981116068,4.6587240069597353,-4.3410481101056781,,0.244631313256729,0.1578947368421053,0,5
0.49098687013440545,0.87099137544131744,-0.017490490629567614,-0.85338180487910653,0.48490239950296887,0.19133519816683545,0.17513248829643049,-0.07901700363279926,0.98136890346087247,-10.136912220600943,10.165831522750159,-8.5771177367398348,,0.08316896517408967,0.3793103448275862,0,1
0.52908189941362782,0.84433348485943049,-0.084695395730809239,-0.82976691536541691,0.53566956154941991,0.15666839819955355,0.17764912011555109,-0.0126129764363035,0.98401306035417468,-12.922486079770593,-16.022222654589864,-4.3986190762975221,,0.1699367687340541,0.6206896551724138,0,2
-0.50037525783493697,-0.84310409363472183,-0.19697738104410573,0.85117767194393079,-0.52066758619184628,0.066346329764852455,-0.15849659974501232,-0.1344646867602447,0.97816055731343965,-12.171042223134519,-15.466145382807099,-4.3996244641648747,,0.2244300520653758,0.6451612903225806,0,5
0.34787833174012955,0.93695938628925035,-0.032981430384003259,-0.92020248556409689,0.34796793173979546,0.17929223084781565,0.17946601869814166,-0.03202228794448532,0.98324285972868286,-21.832023154734241,5.9627061179743297,-9.1554747499768343,,0.3229778790572405,0.2173913043478261,0,2
0.005482975577890555,0.9980126368424096,0.062775103995728249,-0.99461071956336411,-0.0010568508680251433,0.10367448864543148,0.1035347937094637,-0.06300523604514946,0.99262827217565974,-14.97248285915501,-11.487771722623163,-5.4037411770602448,,0.32898101861344,0.2666666666666667,0,4
0.43987441729853016,0.89788756528957681,0.017561808125411874,-0.88124168730638508,0.42778777782435784,0.20102414207625185,0.17298435062072409,-0.10390157478331719,0.97942885254513157,-14.825245229323636,-4.7975662640950016,-6.5704163110652525,,0.1719488796894638,0.45,0,1
-0.80246795452536024,-0.56388311193884599,-0.19514358311266009,0.57118118622706282,-0.82052468138713974,0.022165282194872168,-0.17261875465930743,-0.09367541462249214,0.98052418748094861,-22.971128369412749,2.9031957972224558,-8.7516771246163056,,0.09817607348451562,0.21875,0,4
0.41482688905091586,0.90944049607093025,-0.028924664675679897,-0.89601671111987835,0.41382282317002955,0.16094944677601017,0.15834363111365268,-0.040849175387610237,0.98653871660259584,-8.0767335255763903,-1.9902471110020028,-6.1756487174117911,,0.1086831888910916,0.1228813559322034,0,2
0.0022952718430842684,-0.96711207133946808,-0.25434027049732066,0.99419545723650671,-0.02515121966215492,0.1046078819200523,-0.10756451337434628,-0.25310404504667622,0.96144069907797769,-1.8298122844326645,-2.3346348807106856,-5.3837428773728,,0.4454815105582037,0.2012987012987013,1,5
-0.72653832079447378,-0.67435648963761596,-0.13185368140775658,0.6646446259922989,-0.73839089021532123,0.11413331847704476,-0.17432610119171263,-0.0047136112119531134,0.98467669430764926,-4.8954383441772178,-3.4585476223262708,-5.5334765008830304,,0.4807069061434101,0.9506787330316742,1,4
0.00044232428431444825,0.99988917412180534,-0.014880988651411181,-0.99104668648680727,0.0024251519069749799,0.13349375956107315,0.1335150536559418,0.014688706962970522,0.99093792557102611,-19.030009781482221,3.2262683998454356,-8.3244549556362362,0.1178920996200612,0.08127413165757733,0.22,1,4
0.69837206124530071,0.71348379149436048,-0.056721630325859175,-0.69206332105626411,0.69336373030868836,0.20073638718726677,0.18255087981317902,-0.10093372462786639,0.97800181978981093,-9.4305916789219566,3.3625925901964657,-7.2364729596283501,,0.06790187200409763,0.3430232558139535,0,5
0.68975888655017059,0.7191613551842756,-0.083902465009003793,-0.70163448903541159,0.69251614937365757,0.16772127668456602,0.17872247262470245,-0.056818377891315407,0.98225757808871816,-6.6766723337456098,-4.7328756649805239,-5.5408977139330906,,0.08250728449854687,0.2048192771084337,0,4
0.40494769380175893,0.90425925820149422,0.13539778152362966,-0.89816444129208173,0.36566741021570026,0.24410649623601918,0.17122500308985156,-0.22045983548716191,0.96024968589104687,-12.827459031283142,14.236213339675082,-9.6577158762130271,,0.2747904429798567,0.2,0,1
0.97596435711683449,-0.18369127231433277,-0.11726504216119295,0.21311041484628609,0.91697746994191509,0.33724808480252222,0.045579871890655377,-0.35413251205511614,0.93408385018903173,-8.690367372076377,1.6487286652082058,-6.7970090435167707,,0.438714116749101,0.3804517133956386,0,5
-0.98046499678700039,0.18230555219141248,-0.073844943737900362,-0.18314135809458917,-0.98307558120347216,0.0046523753854404402,-0.071747007120429543,0.018085554501915336,0.99725888298255905,-23.665614575156923,5.730023489180887,-9.2931778532673377,,0.2971534612048857,0.4318181818181818,0,3
-0.72195886302098455,0.69183746293087212,0.011675829341927802,-0.69185209050811369,-0.722031305541322,0.0033880197531151444,0.01077427329338464,-0.0056319360497770268,0.99992609543472333,-8.9775449954530728,-15.372510239312225,-4.0319373472617199,,0.1427821343053196,0.6086956521739131,0,1
0.45569580772063217,0.87636979104931889,0.15594011723098183,-0.87302227815197786,0.40583631395834147,0.2704237196013623,0.1737050162665722,-0.25937015173083905,0.95002825837706051,-0.18460234079211685,-12.593768625033253,-3.517902464576443,,0.3257238757113711,0.2105263157894737,0,1
-0.9206144750201215,-0.33061869464443805,-0.20775049250250907,0.35746821380770383,-0.92769282588097957,-0.10771488720735671,-0.15711608606554861,-0.17342808181079494,0.97223311810433244,-12.094129640995808,11.667191252552366,-9.0539874157625793,,0.314699368931826,0.25,0,1
0.84952713944101887,0.52548303009399344,-0.046596399393039958,-0.49350653243116016,0.82282108183994385,0.28180981126908478,0.1864267732943222,-0.21640945534560238,0.95833814796035766,23.663761207626088,3.5345732167839046,-3.2788525745877659,,0.5065919712088471,0.25,0,4
0.91973260509467847,0.3868625210611108,-0.066553173658344442,-0.35964512841811025,0.89839241609386744,0.25208420876791215,0.15731279900528466,-0.20791454134635456,0.96541401831849216,-16.026906089809735,13.567884109680829,-9.822248277645107,,0.7907322281207645,0.3902439024390244,0,1
-0.79622548272735272,0.60400847620727094,-0.034622843981463133,-0.60446112526187201,-0.79662739121565618,0.0033981777601412469,-0.025528977706635314,0.023633878960263231,0.99939467232047319,13.173286041781461,3.6927055739117249,-4.5910455109588346,,0.2731839350531167,0.2,0,2
0.99204211977539225,0.068211273435453537,-0.10582842136146171,-0.037143119576211865,0.96167564235875069,0.27166219384012708,0.12030303927870034,-0.26556954093080293,0.95655632226759635,-18.021323401602064,5.2805974064756391,-8.5983611169670162,,0.6692524788994889,0.2323943661971831,0,2
0.43777688695538591,0.89853403071755933,0.031432354192888097,-0.88230500080809737,0.42262194570964307,0.20719212473841406,0.17288517228690947,-0.11843684666121156,0.97779518845015501,-0.77296535657575494,8.5931006820365781,-7.3326709218689547,,0.4287828028148347,0.3666666666666666,0,1
0.053326057616036489,0.99035627761648259,0.12787014884153583,-0.98199726291176692,0.028771278443839924,0.18669115986169896,0.18121177448756068,-0.13552363971769804,0.97406141277885472,-10.160082508269568,13.354635000493106,-9.1829445275050929,,0.6376379796893064,0.2941176470588235,0,2
0.39599704465114594,-0.90337317268014816,-0.16463065179170203,0.91462687436627332,0.37212785714178914,0.15804600161358207,-0.081510866235971355,-0.21316136803103558,0.97361091297530056,-3.0565190650379357,-11.787889595021698,-3.9737028381065129,,0.07849115281177621,0.1666666666666667,0,4
-0.12223495920467808,-0.95201928490469145,-0.28056709699783339,0.981437649184836,-0.15803321357583514,0.10865378120175215,-0.1477794150440935,-0.26207782160353721,0.95366475236991488,-3.3919653268849395,-13.002086170741816,-3.8656999594624155,,0.3289598801803562,0.3,0,4
-0.38006339362649466,-0.90858235578835811,-0.17329142960686167,0.90923468439947397,-0.40138650789644376,0.11036829238367027,-0.169835524876574,-0.11561563055562957,0.97866690986316851,4.4117139212790981,3.0339780259064493,-5.5185311393253205,,0.1995717659528002,0.1891891891891892,0,1
0.45583337580507588,-0.81478332930070696,-0.3582513918965341,0.8873427527555422,0.38454603199668269,0.25445468831959672,-0.069561286894114061,-0.43388071583012522,0.89828099823850938,4.8926842684879617,-11.787580823562163,-2.985754930085005,,0.2620914300806378,0.1363636363636364,0,3
0.36102325957550718,-0.85255586982071929,-0.37790302311533969,0.92861173713153933,0.29142112831879069,0.22968231893410582,-0.085688083809952062,-0.43384584221084793,0.89690319293073073,3.3517966095623519,-12.457641679632653,-3.1210317183893364,,0.3291590483086095,0.3333333333333333,0,1
0.022198013447097851,0.99676695853226005,-0.077219677397346601,-0.99224206360577527,0.031415821160841774,0.12028604820236874,0.12232307799575282,0.073950500736221003,0.989731472688682,-4.4527966398078558,-10.125976193039849,-4.4080197142284572,,0.2638690395251766,0.6178861788617886,1,4
0.28267459004261941,0.9571012215307747,0.063657897299051316,-0.94519894453414521,0.26662597342944366,0.18843976635609505,0.16338308173056118,-0.11343651104076244,0.9800194521371115,12.624883934444172,4.5643269262069293,-4.8503919825901942,,0.5873185321783525,0.4680851063829787,0,1
-0.25669690325463479,-0.9181504535731585,-0.30183844099598234,0.95291945952464674,-0.29258758475948077,0.07960533213214871,-0.16140385224255568,-0.26719328181677404,0.95002976091975477,-9.866145064665826,-10.261180671302444,-4.9710844088607056,,0.7434822769218772,0.5555555555555556,0,1
-0.69881542736907409,0.71128295167327282,-0.075720282156990198,-0.71511774004261264,-0.6923071356693572,0.096526927733330964,0.016236266421934924,0.12160342330808721,0.99244596381487171,-9.2246039767098491,8.0805738501346607,-8.0211964019123414,,0.07455274895480567,0.3442622950819672,0,2
0.9028592113914663,0.41844049086275809,-0.098756265685347649,-0.40086242569768427,0.90232994034497849,0.15846133415063068,0.15541737376930984,-0.10348059897180453,0.98241396853215035,-11.068523313579533,9.2258705664073286,-8.491429822434327,,0.6767817505917053,0.5844155844155844,1,4
-0.35658811619836805,0.93379902992265795,-0.029398760205188321,-0.93025483588735391,-0.35197171562319068,0.10364290477143109,0.08643411186731384,0.064306167019740554,0.99417999436165383,-10.105662749373685,-8.8863219348934823,-5.2639097928082359,,0.6564722707678363,0.5784313725490197,0,1
-0.10556825125439363,0.98866708725480779,0.10673675517919516,-0.98669824547155871,-0.11748768950827219,0.11235308272297377,0.12362004979143468,-0.093456050596534695,0.98791905027510296,-14.869463146516162,10.535384215059889,-9.1611642159457976,,0.7592196288341955,0.2873563218390804,0,1
-0.96341170474590632,0.26114914112507615,-0.06032423433598029,-0.25490749882878699,-0.96230021498680118,-0.094870771458910139,-0.082825444154795716,-0.076022511968441481,0.99366016498326526,29.314098133625794,-14.17511073620665,0.40175850888088588,,0.2361003551207739,0.4117647058823529,0,2
0.99260297825981247,0.071550551963437875,-0.09808081394176453,-0.031117369821180435,0.93082844119087738,0.36412926601081474,0.11735006112126034,-0.35838377695410573,0.92616954796135886,-17.053394813153879,3.8924579978751375,-8.2183317013961865,,0.2276179795336228,0.1830985915492958,0,2
-0.92935983545798351,0.36915064330615777,-0.0042542665831803396,-0.36858715021610006,-0.92846812280465385,-0.045721522625318554,-0.020828080398469388,-0.040923678747800542,0.99894516545437217,-6.7497030736963151,-10.120712264192438,-4.6603317325448277,,0.6758845438624198,0.5964912280701754,0,3
0.77855636734389078,-0.58949024332248823,-0.21529337169518037,0.62755695359224639,0.73386757950414205,0.26002047179164967,0.0047172943839398429,-0.33754944642278178,0.94129597808201115,-7.5792623900535219,7.0835246637667462,-7.6400134653281349,,0.09185397239189469,0.4193548387096774,0,1
0.3500809984099445,0.93614865948811354,0.032695288512353392,-0.91999867522258438,0.33705693837133399,0.19998764432942873,0.17619799130803893,-0.10009149631388443,0.97925275604649775,-1.369349379897508,16.923779259582194,-8.8200231603180228,,0.6102352647978067,0.3076923076923077,0,2
-0.23615936841226703,-0.91384103541050399,-0.33033818233891427,0.96320849634100514,-0.26503209499054442,0.044580053851734268,-0.1282893030911757,-0.30765654653327579,0.94280926177440549,21.381781202946161,32.276339594302776,-8.7767947828674906,,0.2983691642230597,0.1538461538461539,0,2
0.14726940240308556,-0.97264787059659175,-0.17963252194342391,0.98225952321044441,0.12250261002953573,0.1419835891867183,-0.11609458289786551,-0.19735559368781036,0.9734335197957299,10.303908960666279,3.5551002678751966,-4.9175890648947131,,0.1053368209355313,0.2972972972972973,0,3
-0.80104159892647442,-0.54654701668636929,-0.24416943981700195,0.57441550879355752,-0.81660543707153854,-0.056589605075858272,-0.16846121229160529,-0.18558534073690422,0.96808000767333868,21.442417739689112,24.696195755600698,-7.5560643402188967,,0.6151922461471431,0.7368421052631579,0,3
0.13134269356313738,-0.95905574699533214,-0.25092064682445941,0.98135310539568865,0.089953812369087172,0.16986581224750558,-0.14033951467002287,-0.26855238929395581,0.95298711157428018,-8.2039372136433233,-5.2177847242185891,-5.6947033356157268,,0.4583454942340858,0.7325581395348837,0,2
-0.25259226513151445,0.96422855030158872,0.080376926907095511,-0.96207463876277044,-0.25913209886602229,0.085222912334512763,0.10300260698262305,-0.055801954451326387,0.99311459803700253,-15.923020680666324,9.6589309885505781,-9.1015775938560175,,0.4966480650599308,0.3333333333333333,0,1
0.31169168166544847,-0.90426468589703135,-0.29181102347256943,0.94782779161288788,0.27428234241837995,0.16245514483611398,-0.066863839456024088,-0.32722251523547452,0.94257872482682803,-16.251623459257821,6.7345250690236105,-8.6382590734781566,,0.4425429029900838,0.1052631578947368,0,2
-0.0085021759157181531,0.99942626549889024,0.032784948309235673,-0.99513814255056832,-0.011673731002614294,0.097794689249890807,0.098121303730139511,-0.031794084912443607,0.99466644957939421,0.41924029938566498,-16.052563298582587,-2.8266646154853259,,0.5182056776697558,0.96,0,3
0.99167186541935504,-0.033533387429703146,-0.1243479925981326,0.078753621158051693,0.92185068026472727,0.37945907612014323,0.10190573335288787,-0.38609174456720508,0.91681425942600903,-10.952930422406913,3.0476692473848401,-7.3960750624639475,,0.2784421620524479,0.2184873949579832,0,2
0.12903699641913111,-0.98012246893702659,-0.15069638164175042,0.98428652789430626,0.10812031932803495,0.13960668878737431,-0.12053831158971898,-0.16634284605353694,0.97867286311918822,-12.312427390611303,8.9487119018679255,-8.5303209473955999,,0.08671727233295332,0.4230769230769231,0,1
0.43115624524811397,-0.83834570156019328,-0.33358773487509458,0.89963305707361219,0.37114798200488552,0.23002073400910833,-0.069026479005784375,-0.39928142973252506,0.91422627673175949,5.3648095568134089,15.076409567281864,-7.6137721368592537,,0.312877579782958,0.2264150943396226,0,2
-0.36628441025052433,0.92947724343273619,-0.043678195339418142,-0.9266019864475491,-0.36005305222368522,0.10849220384831951,0.085114567019298648,0.080211305469310254,0.99313728001521895,-5.0695751091650383,4.773871917721257,-6.9457916805079032,,0.07164594169248206,0.2461538461538462,0,2
-0.079512470032594623,-0.98103515261450447,-0.17677046258906282,0.98600072504862768,-0.10347449395181876,0.13075014074560415,-0.14656171844276392,-0.16389953763220483,0.97552888437557461,15.18980181071956,1.6572428399715449,-4.0197167586244156,,0.08371076295993943,0.3125,0,2
-0.18913971194679627,-0.94482283817847001,-0.26746209791494574,0.97030048112015743,-0.22166129076643393,0.096867169431908443,-0.15080830780389565,-0.2411971737648258,0.95868700714320032,-1.1652194526258435,-15.248060648698232,-3.1595251893447216,,0.3697462643652536,0.3529411764705883,0,2
-0.98993594303482435,-0.055832156715282889,-0.13003691385246816,0.066174838243553497,-0.99486185052019716,-0.076621075188028104,-0.12509084487361039,-0.084455128062480789,0.98854418812350398,34.458015870547328,-5.4434821275481085,-0.37936413850594031,,0.2662270322509409,0.2,0,1
0.88018149088226272,-0.39924605239143085,-0.25667709823460161,0.47312112295920378,0.78119880548331622,0.40728961356909277,0.03790707213830305,-0.4799281362467695,0.87648846993021134,25.431563030370494,21.261227820493506,-6.3006516589315638,,0.4529707806834193,0.2962962962962963,0,1
0.91660353797913163,0.39812221923150432,-0.036560261464077135,-0.3672540882169858,0.87460317982313962,0.31653390423644023,0.15799490134827118,-0.27670919102450442,0.94787638157647724,-4.8805432582331152,6.3716779207589793,-7.2383648661785358,,0.3326742220336697,0.1111111111111111,0,1
0.61515374197832207,0.78761871650983273,0.03525097351098417,-0.76806906323456192,0.58859550594302146,0.25224044974123633,0.17792073468837363,-0.18224183873930441,0.9670222977681886,30.286318792497944,20.666809341926875,-5.4984482812165396,,0.2356585344944727,0.5789473684210527,0,1
-0.52842634829179369,0.84801032175770741,-0.040547362718052385,-0.84720497240867632,-0.52363424021049521,0.089726903463738891,0.054857352807201255,0.081765987253666003,0.99514069064199118,-7.1342669778497978,-8.7425993034335541,-4.9780993287087769,,0.6433353655703107,0.7021276595744681,0,1
0.80482329788175622,0.58929176849602427,-0.070672984722331855,-0.56787845214080523,0.79919955595200576,0.1969622637976145,0.17255005876816706,-0.11838615353556392,0.97786051963976806,1.5359101869318206,-15.227485713306818,-2.8733673231768297,,0.1546439065733777,0.2352941176470588,0,1
-0.34812795287401022,-0.90150507263778767,-0.25709051409199696,0.92228990797751775,-0.37848415258688695,0.078301161443541822,-0.16789357959901993,-0.20985316354280306,0.96320994371969848,31.433218981036504,9.8985571838983759,-3.3024106501848252,,0.3241717213145597,0.7619047619047619,0,1
0.98275069492900702,0.16125791036129053,-0.090537052980889751,-0.1286452817153729,0.9478029420860723,0.29175327670029411,0.1328588089248387,-0.2750735707386226,0.95219906929810516,-7.2427716174153165,8.7416956042102303,-7.9976349383747918,,0.6373115836020262,0.4,0,1
-0.86151418134109914,0.50205305323448446,-0.075736695769678161,-0.50678129214006096,-0.85940932612278853,0.067737228390495521,-0.031081140343095833,0.096738523407728899,0.99482441707261426,-9.3882917766993543,6.2768329332365935,-7.7234941209333474,,0.2132501356411052,0.3636363636363636,0,1
0.056572700188771467,-0.91253767373188954,-0.40506113564910429,0.98992440322887243,-0.0014789167819416577,0.1415891545885917,-0.12980448946516224,-0.40898998377117113,0.90325964577719575,-3.0386429702732047,14.387468852615116,-8.5928449166814271,,0.7098565301347688,0.373134328358209,0,1
-0.46020251458212597,-0.86047408773013279,-0.21862751409025485,0.87061586021334736,-0.48562572657454195,0.078712626902689251,-0.17390132120619972,-0.1541168324160106,0.97262856859584068,30.54997412260856,24.155112105913886,-6.0719207928416283,,0.1375633349721687,0.2142857142857143,0,1
0.60859195484292683,-0.73943024080914221,-0.28785196104490751,0.79257593837038032,0.54914103677366788,0.26508018343032025,-0.037936979542079301,-0.38947020516090181,0.92025743402330029,-1.7761668115377072,10.266572315412802,-7.7306393696301816,,0.4380162908686361,0.3636363636363636,0,1
-0.98244104756871153,0.15327643406318306,-0.10637632637465151,-0.16186632510970678,-0.98377140254084805,0.077415246161789769,-0.092784054920931294,0.093274660565914047,0.99130770038809968,-8.9804534281389632,-6.7210322930242272,-5.5636440267183884,,0.1285014760630452,0.2758620689655172,0,1
