axis_00,axis_01,axis_02,axis_10,axis_11,axis_12,axis_20,axis_21,axis_22,location_x,location_y,location_z,dbh,dbh_approximation,score,reconstructed,number_clusters
0.93105436784832474,0.32416394194695114,-0.16749776969252528,-0.2813157557023967,0.930072585472002,0.23627617600387649,0.23237730032028908,-0.17286620402738992,0.95714056741996612,-7.3557898435251552,-14.063702228958988,-1.958630539922098,,0.2508348645131192,0.5121951219512195,0,8
0.87159729419146814,0.45522919805481132,-0.18189154459865614,-0.42186130224682805,0.88550691290230132,0.19470631440414668,0.24970221950299487,-0.092972492924571326,0.9638490115856676,-7.5102149617048344,20.180498565817324,-4.3641774842982484,,0.1972583426191168,0.1851851851851852,0,3
-0.74308748083921694,0.63130296750695269,-0.22198549285244512,-0.65150479809272432,-0.75824853183127472,0.024508407493670625,-0.15284794366358445,0.16283650448419867,0.9747419037494911,5.9380227056072776,2.4839680428995141,-0.2232110267524097,,0.06532570685741615,0.1666666666666667,0,2
0.95950252411853576,-0.017440239382155335,-0.28115964194821974,0.076032170989198636,0.97707319195795705,0.19886449288839259,0.27124530444751904,-0.21218816085583428,0.93883021319501125,-14.829930052095259,15.202504958823331,-5.6935318697052226,,0.2499459659252067,0.3611111111111111,0,4
0.95202713468869959,0.20058243211677368,-0.23110824897122456,-0.18188274383405043,0.97824409250736422,0.099785584980200848,0.24609551461134516,-0.052963982106367123,0.9677974035342386,1.6500721817683197,-7.4141609724273829,-0.44728335741744424,,0.07291087444989983,0.2142857142857143,0,2
0.54257542842121342,0.82461081813014736,-0.16009029669616212,-0.82293812040126324,0.56003212554319215,0.09558696746946907,0.1684777565851707,0.079881268031388508,0.98246334718081185,-5.0138846014053851,12.234646456998572,-3.4198141952375534,0.3031960535185165,0.2644901164393573,0.8204488778054863,1,5
0.91298578571194478,-0.26566134439010325,-0.30964658109655774,0.33254462201923768,0.92425320079293183,0.18753691687266202,0.23637053423391508,-0.27418984467128688,0.93217428607804353,6.9133809763407195,21.036334301342869,-1.099590073911213,,0.2138347292899449,0.2222222222222222,0,5
-0.73015914400325976,0.67957308895937862,-0.071049568546436223,-0.66630021564247843,-0.73119296547328783,-0.14629036153200572,-0.15136593759235581,-0.059474902308341217,0.98668692548964021,12.021720729078625,-10.747134768224813,2.1446389496893632,,0.2840200237421688,0.3529411764705883,0,4
-0.18167365623643594,0.95983185269556637,-0.21381650352739909,-0.9833262461181651,-0.17909255002479452,0.031549203171775848,-0.0080110127226729281,0.21598303886327144,0.97636425098348589,-16.828201925061066,-8.1579127322194935,-4.5191434617894926,,0.07916562336815453,0.2592592592592592,0,1
0.92378576075727448,-0.13364649517671023,-0.35882932230948672,0.23627475717504964,0.93638961880172622,0.25951632110953848,0.30132060557481838,-0.3245197931210656,0.89660068956514039,-8.242744422572418,23.767608161429003,-4.7077220044198587,,0.2372646955152481,0.25,0,2
0.95545446649136734,0.17358124805527494,-0.23869711515908479,-0.12258068147908596,0.96909742724146075,0.21406576802960381,0.26847856337111731,-0.17527043914349746,0.94720617300175236,12.337313620521975,-7.3822918166812999,1.9841824597747877,0.3125281183127573,0.2494564061727205,0.2592592592592592,1,5
0.2632278619992553,-0.84655987466187865,-0.46265264646359205,0.96431810564791764,0.24495938346639642,0.1004265481402923,0.028314021030447216,-0.47257938916570125,0.88083314943799629,-17.679476277954535,-6.5766969545576055,-4.7338205217486866,,0.372822691133378,0.1764705882352941,0,4
0.7644773341008354,-0.58231753435746425,-0.27655143251468528,0.62246753205040917,0.77836486194447174,0.081745417200215345,0.16765612780078715,-0.23463680629860245,0.95751605309824395,-1.8903600795592321,-2.6974849204908575,-1.4819285773741686,0.71108507004862,0.5852322021565773,0.9916666666666667,1,5
-0.54114524781030959,0.83330287687805249,-0.11299617763039337,-0.8371838425712318,-0.54651713415839653,-0.021029403438023037,-0.079278209553349577,0.083218612449702314,0.99337285448715595,-16.374498285909894,0.55199180205906806,-4.9477686958963654,0.4642094050518336,0.2114048344854757,0.4181818181818182,1,3
0.040766854074964803,-0.94419240883904543,-0.32686198723552012,0.99895362711576752,0.031728504395164683,0.032938622938729373,-0.020729555737745469,-0.32786277174996376,0.94449790281363155,12.377339175315827,17.915668597260304,0.28735936337541018,,0.1687678502522564,0.3333333333333333,0,3
-0.090963089698355801,-0.95827998728176134,-0.27097081445756444,0.99394703943504337,-0.1041953935010045,0.034822446374176773,-0.061603564108259519,-0.26616308149034823,0.96195749123374519,10.394757290110405,-9.8709351824462637,1.69805266694277,,0.1047698344119605,0.5,1,5
-0.13170423516855087,-0.94069366887956529,-0.31264902969395109,0.98868897922778987,-0.1474828611674073,0.027256338994540691,-0.071750238969477242,-0.30552287474390083,0.94947758068110499,3.418173626056638,-8.6202549557113493,-0.0024936228240779327,,0.07085039279274788,0.3103448275862069,0,5
0.9525752548501466,-0.13971210273311466,-0.27033481499257583,0.19731945267043374,0.95988511523051634,0.19921244729368409,0.23165797513795852,-0.24310716548220052,0.94193072391030486,-15.337360852679222,22.91863595402463,-6.2594410543318713,,0.4406156582442703,0.2142857142857143,0,1
-0.94625855156447991,0.30015135246358027,-0.12043221830298007,-0.28030358907242853,-0.94689606542969951,-0.15753646951379263,-0.16132157804896485,-0.11531264843042374,0.98014200071609681,-9.3715403797146486,19.071934782263785,-4.7065395547406652,0.5430088614545279,0.2052728288418559,0.2173913043478261,1,2
0.21525364406920053,-0.86584793404955174,-0.45163394891997799,0.97649366000003979,0.19615410628404076,0.089351544853101053,0.011225003102736995,-0.46025093339398288,0.88771790430029673,-10.802561662881166,-2.6492071692811279,-3.469260664686042,0.2336238748192308,0.3633149707814535,0.2602739726027397,1,4
0.091863949483487389,0.99557754344954619,-0.019656290704565055,-0.99407799735391289,0.092840625814581676,0.056476131021795842,0.058051270116419362,0.014351765651791287,0.99821043716269897,6.281049093765767,-13.447260592937083,1.1124925734112527,,0.4885953857809389,0.1764705882352941,0,3
0.96917281071756833,0.11245148185025487,-0.21922300790631261,-0.059974784030223306,0.97068074689457418,0.2327700858974798,0.23897089414055728,-0.21244658584659312,0.94750164111509005,0.82841402659456143,20.560264352489316,-2.5189576136484089,,0.2119910553837838,0.2777777777777778,0,5
-0.54841810944620939,0.8315807119806562,-0.087812850387572597,-0.83159217858732892,-0.55339192628531819,-0.04703003757817497,-0.087704194562318968,0.047232355265957697,0.99502616994338622,-3.6454678584432623,16.458320945553307,-3.3692567889284057,,0.2087288343622517,0.4285714285714285,0,3
-0.94603675872292958,-0.176535383172571,-0.27175303058682998,0.21983415306032389,-0.96573628147816926,-0.13793614386725173,-0.23809115122839636,-0.19023325977554667,0.95243052795566407,-6.6513707477724404,11.974070438687137,-3.7361198591222373,0.2146357759240011,0.4767140190371157,0.42578125,1,5
0.52569461001116824,0.82729770906329969,-0.19804968463448988,-0.83392680056982371,0.547152912501911,0.072040139034100545,0.16796210375135917,0.12728782706642094,0.97754106859206957,3.6936083223766305,-4.8345244460865571,-0.10460341253716737,0.2407324113903161,0.1373036715763337,0.3928571428571428,1,5
0.37963492342233934,-0.86570024576641635,-0.32625206420508773,0.92318724108870154,0.37737632255585518,0.072886412075576862,0.060022019369113583,-0.32886197051982952,0.94246865281380465,-14.37143727394252,25.325907022807819,-6.1270335996808063,,0.09269427339073716,0.16,0,1
-0.094945838952575759,-0.90451967465727223,-0.4157276101289093,0.99511735454972772,-0.097547640023844806,-0.015030256143202692,-0.026958084864162929,-0.41512481988394911,0.90936496830303259,-18.363407289267322,-1.9003995981266117,-5.1673841923618742,,0.2550842646050749,0.1363636363636364,0,2
-0.21853551043226213,0.96788613679564339,-0.12425239184384375,-0.97456089763457265,-0.2229642926046945,-0.022759196492492813,-0.049732157421595785,0.11611782990606402,0.99198959777615592,20.859270048717917,-10.139940144480191,4.1391973237453561,0.7707648812228852,0.5907040817464289,0.4722222222222222,1,4
0.96846277017446236,-0.00080085927464773653,-0.24915702159567565,0.054828973400985394,0.97616703974626851,0.20998022332781774,0.2430507075937032,-0.2170190524756487,0.94542534575754344,3.3472308078790425,-7.0047356717695068,-0.092467373456635499,,0.07968546832586262,0.2222222222222222,0,5
0.84232635819070145,-0.45578777355877376,-0.28765224103338133,0.50881131708975691,0.84849412170084526,0.1454949107030831,0.17775643419740783,-0.2689149138918242,0.94661894085633802,-2.263280756213975,-10.701104236776061,-1.0048462452631821,,0.5475226625494395,0.4485981308411215,0,5
0.96836068825574684,0.090182423905015782,-0.23269015419538452,-0.047529512071587253,0.98200226420876013,0.18279086019575655,0.24498678111908936,-0.16594783369325378,0.95521871504353517,-17.507823790181501,-7.728159272732789,-4.7279772009403924,,0.622744176120487,0.7714285714285715,0,1
-0.43126728010937931,-0.86400762077756177,-0.25980639781451725,0.8909200548080618,-0.45326598965391152,0.028485058607273139,-0.14237271173879448,-0.21918205643107988,0.96524050738185685,-22.251413532107353,-15.363059509191592,-5.3701098536921803,,0.1974554345434296,0.8235294117647058,0,1
0.42500841936222883,-0.83470301742256048,-0.35019810989908784,0.90332802350895525,0.41590523343784103,0.10498246873845428,0.058020043214613418,-0.36096219955098963,0.93077385281317748,17.804345613785252,-6.0055691900870407,3.0921544869669124,0.7647086408839726,0.7139000287165178,0.72,1,5
0.95886446247158952,-0.12827156496215145,-0.25322983282234263,0.16625400280607061,0.97683706216788091,0.13471807794866786,0.23008378726027193,-0.1712768507340815,0.9579800056590877,-3.5452395759164173,5.3429608950451231,-2.5244084844742933,0.4658740349080172,0.3854177112623191,0.9428834638415476,1,5
0.28016703656791708,-0.90573619210328482,-0.31803833406523818,0.95936092768172532,0.27579877860617491,0.059679512037216963,0.033660690105964355,-0.3218337832384639,0.94619763998226414,-19.821110275200322,-7.8933266824717947,-5.2472292557357454,,0.1109062517438159,0.5714285714285714,0,1
-0.081696479770929614,0.99591962420746083,-0.038337805251585588,-0.99650186899329352,-0.080944063490609883,0.020786622585239459,0.017598587611259025,0.039901888477846884,0.99904861193537042,19.197528973118228,-4.5455433367847906,3.3423797311218943,,0.2781862802475977,0.3888888888888889,0,1
-0.066937754991671705,-0.91035033926455877,-0.40838902624529272,0.99611893470589485,-0.084419003092391989,0.024909834147983093,-0.057152470437140557,-0.40513663339395778,0.91246802870300159,7.2955219896694903,-3.3851623534150863,0.43403470388631404,0.3403705019791264,0.2903176029098825,0.7329842931937173,1,5
0.9604263859291805,-0.11708617586530909,-0.25272907357930113,0.14405939807160842,0.98538128383267187,0.090942923306445766,0.23838633987344951,-0.12375198137207355,0.96325354921133133,-14.991635048797006,10.219822076784265,-5.3494732356789356,,0.09675841866529607,0.1904761904761905,0,5
0.68476236093730902,-0.66708012427036578,-0.29343588200320025,0.7155807115890972,0.6917071898384517,0.097393063035481869,0.13800273274542033,-0.27666816103271713,0.95100471840342105,-11.479112973272397,25.14615394695976,-5.4869676218197476,,0.4229109143362139,0.7741935483870968,0,2
-0.87744309831334566,-0.39800200986732082,-0.26774616591811334,0.41743736525501485,-0.90853773938123528,-0.017470609863025652,-0.23630415847214373,-0.1270967201056262,0.96333107934248863,-2.2875167787791129,25.644539738397967,-3.4325277833841352,,0.2794184067927078,0.5833333333333334,0,1
0.7209327421455326,0.67506918121624504,-0.15664476331672192,-0.65599580052544904,0.73764915431153721,0.15982251041842993,0.22344012843600505,-0.012462973782469093,0.9746379755011596,-16.702019038108425,-1.5130723350854012,-4.830002746468363,,0.6830022110400454,0.7610619469026548,0,3
-0.6521250869628118,-0.62538481653622335,-0.42851686337844375,0.70988701080172634,-0.70211423323433464,-0.055642028941726006,-0.26607010889751354,-0.34048411818426549,0.90181886341745376,-2.1391889605664471,-12.497188793970054,-0.81291834712362088,,0.4735885438738802,0.3,0,2
-0.54138970935488262,-0.79879696665931355,-0.26233678480250683,0.82561258309409224,-0.56407054518763511,0.013721613914774999,-0.15893723679911362,-0.2091598099721966,0.96487881552610444,14.522816010218541,-6.242293718634488,2.3318138652766245,,0.09881193873517551,0.5263157894736842,0,5
0.96795972371894057,-0.0080310001966186519,-0.25097704336013249,0.073702939296122497,0.96455233948332164,0.25339033354957063,0.24004551651106493,-0.26376938304718467,0.93423972435871228,6.0622492001386741,-12.310746882310475,0.94530600098239326,,0.3200045231466181,0.2142857142857143,0,4
0.0010917390708581275,-0.91311932243458716,-0.40769095047891646,0.99902772691373443,-0.016972170501369625,0.040688404810827319,-0.04407276895520041,-0.40733898466151447,0.91221299191118099,11.152900721166459,5.9702762391963518,0.58185836355486731,,0.1206472245089258,0.4,0,5
0.28165205947552752,-0.8159543729771398,-0.5048668919751792,0.95891222904932505,0.2580329433436398,0.11792513357665887,0.034050761707322831,-0.51733689349291645,0.85510413649932127,-15.474441975741859,26.206720921610035,-6.3853297163548595,,0.7442466256886198,0.2982456140350877,0,1
0.95595428911191405,-0.12206579578323984,-0.26692946376962723,0.18743334791156505,0.95372254844293425,0.2351213318314139,0.22587637596525786,-0.27479672867652549,0.93459436157590969,12.646904955839831,-4.615428814871799,1.7307907716508049,,0.2749739704180164,0.2307692307692308,0,4
0.69323706158160847,0.69086314720533981,-0.20525712724100617,-0.68478842614653279,0.72019808168220978,0.11126335675782861,0.22469354210891784,0.063425822618223923,0.97236308915947112,-5.5777165637514905,0.66539693217419948,-2.58907406080063,0.5595133415758543,0.3241690301895632,0.7865168539325843,1,3
-0.85731513129322623,-0.42759624363469045,-0.28665696936439594,0.46682562996431676,-0.88046536840751821,-0.082792307875980908,-0.21698985428838932,-0.20479791860396182,0.95444916872057028,22.052780800984827,10.362713161348095,2.9770717837080443,,0.1843762027917063,0.375,0,2
-0.119011569639496,-0.86430984631106078,-0.48867651453870087,0.99118878744712979,-0.13224451007041277,-0.0074951447833938589,-0.058146658812273135,-0.48526269084485163,0.87243285526336167,-2.0010491270970228,14.230934543682219,-2.9171852329468506,,0.1793383044091659,0.2857142857142857,0,4
0.50232867863601893,-0.81605707551315021,-0.28586141419351535,0.86036508342618101,0.50469331306327891,0.07110965455036497,0.086242807473158198,-0.2816655982794784,0.95562893892190792,0.16667905096094193,-13.195532799801232,-0.30998681483181667,0.7387002169979462,0.6233832121234961,0.5238095238095238,1,6
0.96912173213891728,0.038749143755516212,-0.24351914124824087,-0.022221586696680427,0.99728153863691915,0.070254777621616776,0.24557945634915851,-0.062674050070146661,0.96734827961135994,3.0600308855977558,11.334769964821172,-1.6303342564653491,0.2079973525083762,0.1932752268972532,0.4495412844036697,1,5
-0.89494156020838156,-0.35962867425816986,-0.2640962333375847,0.39098406331333191,-0.91726644946230917,-0.07585329871407194,-0.21496759301528509,-0.17114168791419856,0.96150894775404672,-16.19251008691749,17.205066667841482,-6.0582742653636767,,0.1938932434467412,0.3478260869565217,0,4
-0.95562588665206294,-0.093919115127068117,-0.27921025155643653,0.15112876116649004,-0.96988419866716391,-0.19100978698495008,-0.25286214091623532,-0.22473059646942281,0.94104032682014005,-21.914663063935848,32.822065970348142,-8.1634027212933624,,0.2167372230084237,0.3,0,3
-0.6964431889193986,-0.64007117752927667,-0.32446228178952563,0.69102523465250432,-0.72010714623562377,-0.062688300454218956,-0.19352263351151294,-0.26787046428576738,0.943819052934458,20.719382880661509,18.419219557689495,2.3744824251012377,,0.2587766907813096,0.2631578947368421,0,4
0.91992897826636333,-0.23344598673699637,-0.31501372386325371,0.32398414773226786,0.90509335504375987,0.27539115939664016,0.22082786727222675,-0.35539976073714469,0.90825440439558514,1.9467853007924509,-6.450154724703471,-0.45937148497811947,0.9980905113894125,0.4711255145915343,0.7131782945736435,1,5
0.89153753639818001,0.41085943669826336,-0.1906707750785365,-0.39003977480390933,0.91039942154963693,0.13799227265684974,0.23028199075042693,-0.048656104633154527,0.97190677959254279,18.98774688114441,12.470439079028372,2.1188962568762046,,0.4380143193970347,0.4848484848484849,0,5
0.079054971451635314,0.99676561389990925,-0.014443768051240214,-0.99613044228118797,0.079546117912782585,0.037370537669274125,0.038398612598192536,0.011433550268512092,0.99919708790547979,5.0841098614362803,-0.79812498197530046,-0.24428061016466146,,0.3688813096235339,0.3076923076923077,0,4
0.50640677949386381,-0.75344536211917168,-0.41937126747520859,0.85711373625089182,0.49305655553574029,0.1491686165829372,0.094383350293836973,-0.43498887266726849,0.89547555178406124,-7.3922459918565302,17.224562046064555,-4.1995668487073887,,0.3186480050533328,0.2105263157894737,0,1
-0.19759131092666454,-0.9195970546991048,-0.33955696257772955,0.97966102114714182,-0.1975929189239502,-0.034947418160034181,-0.034956508567378655,-0.33955602686426384,0.93993603353043842,11.456324871921929,-8.7626948572460499,1.928883481056092,,0.1718699865103942,0.45,0,3
-0.59029392002548575,-0.73332678199367418,-0.3373202021696135,0.78719926104637816,-0.61542318574138388,-0.039643736705351276,-0.17852285956981134,-0.28893967062819442,0.94055486567679214,6.8988929292696852,-6.0721795162500785,0.69135755765479534,,0.07904126713007439,0.2666666666666667,0,2
-0.94164433845045137,0.30556314831961279,-0.14119880400774698,-0.29150018117299298,-0.95000562214993334,-0.11187923068930361,-0.16832582760920609,-0.06419096721910654,0.98363912868854053,-13.379986424657407,22.494177417757413,-5.8317683631688784,,0.2503266395249443,0.2142857142857143,0,2
0.95473948772573147,-0.15765825728148133,-0.2522228865273215,0.18531475539602066,0.97856812393879078,0.089793475505896794,0.23266059401996042,-0.13246999932770179,0.96349403073833173,-16.433607769631362,3.1927835297656646,-5.1490568597346718,,0.09086845594135481,0.4375,0,1
-0.50395482883585929,-0.78300999210891431,-0.36458864868591201,0.84932336938312891,-0.526011426525689,-0.044292136820209403,-0.15709660948827062,-0.33197489577076356,0.93011468317905921,-6.0495619351145304,17.014620066688607,-3.889806971909354,,0.08637612965843759,0.4705882352941176,0,4
-0.90751283537134919,-0.2940371492056621,-0.29993767439796942,0.34612590044705477,-0.92806385114218537,-0.13745671770725346,-0.23794393179060208,-0.22855993325634127,0.94400372998939264,0.33255249473921111,11.113488923268813,-2.208781739857506,0.1834382394338743,0.1321083923992928,0.25,1,5
-0.17462113051091746,-0.89293133873460118,-0.41494708709029737,0.98096135496921111,-0.19413976424856166,0.0049570146744885319,-0.084984003412755707,-0.40618145728620675,0.90983204104977244,-4.2939352380599152,13.54752819188022,-3.3887875738349131,0.4920108974097316,0.3042010558573673,0.1764705882352941,1,3
-0.75559308245137013,0.64412304255527952,-0.11909911754906932,-0.63874333997123844,-0.76481833396414711,-0.084022983014730698,-0.14521032812449816,0.012586583398060193,0.98932074602948628,-14.495292073444986,2.5742648755231539,-4.6892033545913563,,0.1303210035596278,0.28125,0,4
-0.082261065281710843,-0.96058919463225378,-0.26552121627936764,0.99449726653372872,-0.096461759078369916,0.040869498314101686,-0.064871442065503354,-0.26069815532769525,0.96323837538434753,-7.5734825538635322,12.882013509564487,-3.9942485317168961,0.1469294119866832,0.1456391466755443,0.6190476190476191,1,5
-0.96672251544452104,-0.058636321431625275,-0.24901678646546296,0.098031465258967179,-0.98398504024175981,-0.14887334348231165,-0.23629940743006267,-0.16833069354514504,0.9569886977696298,6.9775745838889378,10.194563810592852,-0.64157360247887263,,0.2536282250588424,0.5555555555555556,0,2
0.63348024904806344,-0.68902180693934845,-0.35206778271810085,0.76655313474322562,0.62080470880963901,0.16431008835465516,0.10535210335507726,-0.37396585817667299,0.92143934756273904,-6.3309276645882635,-3.2296909422571014,-2.4945121593647235,,0.07364843547631986,0.3625,0,5
-0.2587871904862164,-0.85603035693395546,-0.44748320420746113,0.95758621015061518,-0.28813529419567718,-0.0025888932293613195,-0.12671953349674689,-0.42917371802837145,0.89428858853508297,-8.7542651469104644,-11.284093732539061,-2.4495101021973587,,0.413929498233698,0.5384615384615384,0,3
-0.73627979458429882,0.65301714812582878,-0.1773715544852468,-0.65869838178452589,-0.75167830041085815,-0.03310852648323695,-0.15494678415943405,0.092457216835971384,0.98358688336801048,-16.405814882211327,4.2975792096044589,-5.2440928118149648,0.1927151348172412,0.1350730700302576,0.4615384615384616,1,5
-0.9184540670893212,0.33437351768396267,-0.21127346572330791,-0.33001803163175975,-0.94227424282275607,-0.056633471646200022,-0.21801427807596424,0.017708810927185945,0.97578490076991919,-1.3015563148142972,7.9034509037142762,-2.3048415912142586,0.7951100489958921,0.9653110409345014,0.6057046979865772,1,1
0.61114018274519444,0.77064488797857167,-0.1805938361812697,-0.7700508269843932,0.63166188996278483,0.089582256219057799,0.18311035168669365,0.084319116463228885,0.97946969616422419,5.6502517241384735,16.325299612552875,-1.2746943713543499,,0.1011983710317442,0.4705882352941176,0,5
-0.24621798392173561,-0.8902280494080772,-0.38323716474345842,0.96374921128929703,-0.26680911159891535,0.00059641181549791034,-0.10278210998404405,-0.36919766794345571,0.92364978203447845,-5.330378306797475,-9.6820308548877971,-1.7664710198735025,0.6479437830941245,0.3357665206772406,0.5263157894736842,1,5
0.63564859838742493,0.74717589057937128,-0.19411091650143086,-0.74867274082348001,0.65797032809124778,0.081019593305285242,0.18825511019879421,0.093825560954460138,0.97762813870899834,-20.727297443765238,-2.2291736551264885,-5.6999152380458851,,0.1441015622281528,0.4444444444444444,0,1
0.25242091489432927,-0.87749818187427764,-0.40777521078560808,0.96747020263661698,0.23623042195857552,0.090535047089714965,0.016884570891004237,-0.41736330522532844,0.90858284306782711,6.0142228131368913,-10.34903358405036,0.76403382664890906,,0.2197192698635706,0.3809523809523809,0,5
0.10078141868062913,-0.92943705276555699,-0.35495051851658765,0.99479324702065419,0.088705993319683762,0.050176114150769016,-0.015149301331168211,-0.35815919881477681,0.93353761947418779,4.5403981897757451,9.6063152806092731,-1.1911039000386183,,0.5386887066678243,0.7938144329896907,0,2
-0.78856645626912958,0.60416230703050589,-0.11467715906284021,-0.58938147947219011,-0.79573545192874451,-0.13940789862461039,-0.17547767864409308,-0.042343798924210613,0.98357235981413504,7.622234106706232,4.9888100387837566,-0.076473539556961581,,0.3903848673185707,0.1333333333333333,0,1
-0.97207836053331886,0.020470479301227654,-0.23376188838224424,-0.023024225923124239,-0.99970127297718181,0.0082005992733699545,-0.23352418719159637,0.013353811627377156,0.97225929139891687,7.1772811386663351,16.342943159637294,-0.92417108111931878,0.2468663057085666,0.1992302916758645,0.703125,1,5
-0.3710572412060521,0.91014492056555041,-0.18426271276979053,-0.92692008747531107,-0.37498271943026085,0.014391371145531771,-0.055997099775933742,0.17613683231344573,0.982771662757565,10.347437551444434,9.5070383786796846,0.087267510224503228,,0.08139741506219439,0.3684210526315789,0,5
-0.25812731066771138,0.96126133998729346,-0.096679510410882546,-0.96570844762063091,-0.25961279840076079,-0.0028963944270363109,-0.027883430233849402,0.092616581411532103,0.99531134986296366,-3.6132293341711561,-4.811286084441921,-1.804099577706644,1.012317520991447,0.823029431804674,0.7786561264822134,1,1
0.62995260092680982,0.76369512248343208,-0.14117181191925041,-0.74625529268321367,0.6455696045443845,0.16230503328824777,0.21508779307027046,0.0031057339589756865,0.97658977861164264,5.7163928256365315,-24.972452374627586,1.7713256021181953,,0.5995404403188901,0.3846153846153846,0,4
0.94753220807190885,0.20893803167268024,-0.24192480978006259,-0.19601087977454745,0.97760506271079683,0.076603370501745482,0.25251227628846329,-0.025164265992989283,0.967266411099162,-1.7112038342636426,10.722151295603704,-2.6230648947236124,0.2421299805099894,0.1935896537646348,0.6305084745762712,1,5
0.3835943548836746,-0.87989223880401357,-0.28043719260083799,0.92140407800335278,0.38510567171353366,0.052039856387774884,0.062208487685924747,-0.27835816802553126,0.95846065874051456,-7.2471714438805499,-2.3918642099810574,-2.7303386487608328,,0.07304290776262197,0.3582089552238806,1,5
0.35674121188139235,-0.84880150367280527,-0.39022008547508219,0.93338721170606043,0.34130108958483985,0.11091383715203071,0.039038708597770547,-0.40379397421331825,0.91401663312000636,6.8134362464809914,23.585385578466479,-1.1806875194556268,,0.1630319141387125,0.2105263157894737,0,5
-0.7854320256211873,-0.52269247560544485,-0.33149526252127665,0.57941609802491112,-0.80925975577964993,-0.096827852527296726,-0.21765458524502759,-0.26812538787088597,0.93847496391800544,1.8255644323047988,17.702581914978648,-2.2095991203394094,,0.1282330927331338,0.2413793103448276,0,2
0.20150900654444528,0.97883922032616555,-0.035607597963571394,-0.97456053204478033,0.20400441068755806,0.092811474509441882,0.09811161838470174,0.015999411591892082,0.99504679747570046,-15.86011217409183,-3.6538966822827916,-4.5104161496228103,,0.3142163081635962,0.1956521739130435,0,3
0.18514104412873533,-0.93573760550943896,-0.30019648134910359,0.98261783388563761,0.18050216348696776,0.043372358783224083,0.013600967201577947,-0.30300842003479872,0.95289081802649134,-4.7277801056547215,15.6440610776335,-3.5477467593156602,,0.09412456019494993,0.2083333333333333,0,5
0.21669006785102743,-0.92609676868840951,-0.3088530225197797,0.97464147366573584,0.22332313613924759,0.014169498072029822,0.055851699216759441,-0.30409135451343794,0.95100422491426539,-16.943754747782787,8.9374376027248488,-5.7489740129844638,,0.1494872500847742,0.3846153846153846,0,2
0.92909401888521737,0.3140405222950492,-0.19535315310577994,-0.26661144068599379,0.93478572662061021,0.23472107915932605,0.25632526946646583,-0.16599456516112976,0.95223062362534472,-19.193526697367759,-0.26342843421741607,-5.4014334926982208,,0.631993925325912,0.75,0,2
-0.2760715763176439,-0.83158607704148979,-0.48192227715705027,0.95528080685540273,-0.29267120339631486,-0.042215480054636483,-0.10593896734998781,-0.47202559588786946,0.87519641911031609,0.018152567120887093,-5.7847511442944279,-0.91549093784217417,0.7669621965411668,0.5084308597287063,0.3877551020408163,1,2
0.9649784632824947,0.17794083231889332,-0.1927527576835546,-0.14231444038605995,0.97234881044089394,0.18516044634797538,0.22037051857850268,-0.1512443421349651,0.96361921084710811,-15.392941265863959,12.178298311047708,-5.5987312767226367,,0.2776684027497462,0.4677419354838709,0,7
-0.9009120386569881,-0.34768527984695607,-0.25975458567781662,0.36556307465763266,-0.93051751111801917,-0.022378560042720774,-0.23392549465538875,-0.11511779914709744,0.9654153278614136,-15.41938841986093,2.614499451002779,-4.9119671899024793,,0.1135863006866607,0.4117647058823529,0,2
-0.94497381475425901,0.23016541277029595,-0.23248305786242546,-0.23477410361686601,-0.97201670408022489,-0.0080403519770124894,-0.22782802658953447,0.046983079436074472,0.97256721132630342,-0.010659243740399584,-9.443708423063649,-0.58645227074084416,,0.07043734083052974,0.4736842105263158,0,4
-0.79349869737930701,-0.47747066385357662,-0.37733484124391253,0.56678227466141151,-0.80560843226700241,-0.17249030984359451,-0.22162506714489635,-0.35073753580067252,0.90987115054467593,0.75069047491486496,10.176757351359182,-2.037539390644568,,0.09695217175176125,0.2352941176470588,0,4
0.75359370009475157,0.62669406468218902,-0.19837107770443255,-0.6227958381644515,0.77724511928713169,0.089528590457859089,0.2102899882128012,0.056076499859111895,0.97602948061060668,-3.1124847999870346,19.137424383317249,-3.4213141472574637,,0.2608273653827918,0.8211382113821138,0,4
-0.56034694878664215,-0.76922306211305425,-0.30709473733510462,0.81216944349034925,-0.58302300639539406,-0.021563141567329126,-0.16245643122411838,-0.26149580250377419,0.95143462898237541,-2.4404812942864424,-8.9027593412043409,-1.1302527871915542,0.1342648219108264,0.1713749950897893,0.1707317073170732,1,4
-0.85079051416404583,-0.44305378475985951,-0.28259307284228141,0.47167489203330021,-0.88091215731571992,-0.038943129287963833,-0.23168577261854756,-0.16642450211230525,0.9584490533475517,-14.619611298873323,29.909066170067561,-6.3455615422591105,,0.1337067880827532,0.3333333333333333,0,1
-0.35678378494647955,0.92274896931073924,-0.14573836294961087,-0.93084868396477793,-0.36433292356971081,-0.027968703298289134,-0.078905375991149551,0.12568158353201792,0.98892774316457466,10.832367777657753,-21.289484679480474,2.8025815327706929,,0.5696288651924087,0.2727272727272727,1,5
0.0016505067175791187,0.98163983871454907,-0.19073673709080963,-0.9992520896184397,0.0089878186620617941,0.037609580014658632,0.038633369264876989,0.19053200824053496,0.98092049454329944,-4.7396450946402684,-6.9061988082164669,-1.7892853109598834,,0.3004945657653637,0.6666666666666666,1,1
0.043566925308011997,-0.94556184575146462,-0.32251312977658697,0.99883894199063472,0.034582339658226754,0.033538481581495937,-0.020559449949729091,-0.32359984184613955,0.94597063980597074,7.7854788755330038,3.81397948287167,0.09465915383034211,,0.4819226442381992,0.5714285714285714,0,2
0.1734492607355746,-0.94284870240948637,-0.28452008420326175,0.9848060859014518,0.16854188635989675,0.041840240363915156,0.0085045353632759758,-0.28745426924468548,0.95775660580925182,-5.583205672301113,-5.1362459675551051,-2.1511410644819007,0.2480619042886033,0.2193314562709163,0.7158273381294964,1,5
0.042717725249009686,-0.8950717483193148,-0.44387133418385472,0.99903888576660482,0.042636843579221879,0.010168790283072549,0.0098234757479353802,-0.44387911071620145,0.89603283109159737,-6.5136138745352499,19.110037524801577,-4.1299011924437865,,0.5787880172042139,0.2891566265060241,0,3
-0.19695775771380877,0.97085749160585499,-0.1365407362992325,-0.98038179019818572,-0.19612517047637687,0.019658661027986267,-0.0076933168496964854,0.13773397728374789,0.99043937945613325,-14.956000468376129,-5.9492253095801679,-4.1776009818228443,0.477780293991922,0.1321142482657389,0.3333333333333333,1,2
0.97379687282037941,0.074338505547786066,-0.21492658532198983,-0.011733933229476539,0.96023133563755791,0.27895895194575987,0.22711663368457841,-0.26912742084862401,0.93594255488846712,9.8159967159510497,7.8549913714190849,0.085864327518473851,0.3600662704838419,0.3571904291803188,0.7017543859649122,1,5
-0.51225475912288021,-0.76592846388326252,-0.38852110620838515,0.83707015157646969,-0.54645984126491898,-0.026366706742907562,-0.19211617083344912,-0.33872589227596217,0.92106250971698289,-5.0245047132965288,17.856396635838561,-3.7225942794067888,0.8238350375748366,0.4576459533807725,0.7547169811320755,1,5
-0.885014035777826,0.42992728303896094,-0.17864122641479549,-0.41343330081854235,-0.90218365008377366,-0.12303482147670136,-0.21406322021900381,-0.035031311997358351,0.97619144891215559,10.833546191657346,22.936421647004185,-0.22254765338810362,,0.2764671894639062,0.45,0,3
-0.45624362309236849,0.86524064331056683,-0.20784702439790914,-0.88594047762520489,-0.46355647074849893,0.014995617106996489,-0.08337401569297534,0.19098174674746321,0.97804639251750969,1.4634000290708729,-3.1416290899256083,-0.75097585132909828,0.238072535140869,0.2097562885567512,0.7995444191343963,1,5
-0.16543490804562658,0.9852232584094428,-0.044344360284213499,-0.98610637208813523,-0.16456376515405666,0.022649285319792593,0.015017127791692984,0.047475238676614025,0.99875952440288995,-13.291583112008983,1.3275409417041664,-4.414296792442622,0.5293853246382745,0.3345603903785206,0.4688995215311005,1,3
-0.24947182322347522,-0.89278419579243684,-0.37510023881731536,0.96329037530400108,-0.26845621353280585,-0.0017071210574677877,-0.099173899107735955,-0.3617563284296218,0.92698268407607676,8.1261115370758219,-12.336170221967141,1.3962355887400886,,0.1239774126487952,0.2258064516129032,0,5
0.94407977238439544,0.23147143358244368,-0.23480706720607508,-0.2201088992425202,0.9726740729940111,0.073873000477095233,0.24549023575058104,-0.018058880378674699,0.96923083988830772,-15.719082490473202,4.9128957822408381,-5.1087381929452693,,0.07463944621913904,0.4545454545454545,0,1
0.71320772999124904,-0.58279467325172774,-0.38946771716041162,0.68406604464589238,0.69992379224694246,0.20532981178870136,0.15293260098243977,-0.41286444976053788,0.89786110600731261,-18.596956312996927,4.394414356605906,-5.7191749271013466,,0.4814088666282879,0.4528301886792453,0,1
0.95031143461391587,0.2493959584481247,-0.18630575179468373,-0.19084983065803909,0.93956398966043531,0.28424611074060946,0.24593600667620596,-0.23456590810070049,0.94047557936240667,-16.0596013308881,-6.3229803879012598,-4.4282050221390534,,0.08937513770853367,0.25,0,1
0.92743536633340506,-0.27484526902247169,-0.25362121238174917,0.30312957650938949,0.94963843019683325,0.079368203573801629,0.21903447472775009,-0.15048896965977046,0.96404199539827051,-2.0239140109225469,-16.055035525345613,-0.58923686337739212,,0.2253106463007208,0.5135135135135135,1,5
-0.36441920488828777,0.93103103479158611,0.019489878488534593,-0.93037475926281865,-0.36310342810774576,-0.050583671506289722,-0.040018126333468268,-0.036566552357484322,0.9985296374236704,2.0106355322765754,9.3367927225210998,-1.7207924228311051,,0.4274259770184982,0.2363636363636364,0,2
-0.1279987643333278,0.98631056866519817,-0.10396046589196896,-0.99175630553833294,-0.12792321462701137,0.0074216968712593999,-0.00597885892946989,0.10405341560384072,0.9945537390946132,-4.7886875144287693,-12.071397002978435,-1.4825326197177693,0.7092327437911852,0.5545881769107285,0.5,1,4
-0.80263666724941907,-0.48090871776442368,-0.35284725528891953,0.55332780213460531,-0.82121349187881842,-0.13941572415292924,-0.22271668947708659,-0.3071403684545172,0.92523622404983208,2.578131772761509,7.7962779057443665,-1.4081899829521813,,0.08482904376497541,0.3111111111111111,0,1
0.25786993496618882,0.95968694725449821,-0.11182155386988378,-0.96101491484610169,0.26671865149549806,0.072879999916045407,0.099766878691644287,0.088668620231538625,0.99105219121011046,-0.26641121958891323,24.367508281041729,-2.9114549715920881,,0.1104280105312995,0.4594594594594595,0,2
0.13781634592905415,0.97901757019800884,-0.1501041373125678,-0.98733765741245372,0.14781520993241373,0.057576157981621953,0.078555744857085219,0.14026853159644684,0.9869922664305556,6.3054590870815588,12.870210992954492,-0.94004321719066186,0.2011983904687629,0.1892346435541463,0.4901960784313725,1,5
0.35390080050408179,-0.8838964585438297,-0.30574707517202304,0.93411044973689827,0.35040128028863227,0.068239361547551933,0.046817636579608357,-0.30975150257224565,0.94966421200303008,4.7073060406454941,15.823350506799009,-1.4481586399282613,,0.1184137749542587,0.4035087719298245,1,5
-0.67655619210937057,0.70361473685777354,-0.21725105522191246,-0.72257514671738743,-0.69119443201082154,0.011636773761813882,-0.14197491420956931,0.1648531444462116,0.97604639464596221,7.8460959268693893,-6.474435930438097,0.92826931829192572,,0.09135660885597652,0.4411764705882353,0,5
-0.95486474154094336,-0.12882904753871011,-0.2676497746537761,0.14840159479114759,-0.98744379132323179,-0.054145411999971978,-0.25731360637438577,-0.091421198239092755,0.96199369669823542,19.665047068566977,-0.46174263836591722,3.2636227144255572,0.2766273613023471,0.1837090204676821,0.1,1,6
-0.84268697929955994,0.49129295811087048,-0.22024959529963253,-0.49434181178690051,-0.86810083147938077,-0.045023543885954552,-0.21331860687297352,0.070937829791135762,0.97440391843746987,9.613928693827928,-6.8377853389718011,1.3376763860625771,0.6939171754542341,0.2119086787639014,0.5135135135135135,1,5
0.9473133912557884,0.18405654210063335,-0.26214600522879472,-0.13315480283833916,0.97063970324669269,0.20032065535599453,0.29131964785874037,-0.15486043972277075,0.9440080015446527,-15.369397134329096,16.79966297721068,-5.8596800097294741,,0.5765778615712001,0.5600000000000001,0,3
0.097948588749466853,-0.93499236140915587,-0.34087440219018822,0.99512645856343007,0.088102437742263076,0.044286475710717345,-0.011375650706360629,-0.34355093446300072,0.93906514683519438,-0.076258896753431171,20.134854753865621,-2.7540109913039705,0.2151365724270959,0.1934067795156378,0.475,1,5
0.94042389456105036,-0.21070619651173123,-0.26684414419317354,0.25415879813311154,0.95696494842438062,0.14007638208725715,0.2258455309944383,-0.19955196375551565,0.95350553742029098,-15.728103976618225,8.1385019053364438,-5.4912447397783133,,0.07401010129469689,0.2631578947368421,0,2
0.17270241529306696,-0.87192846466644214,-0.45816441181781375,0.9848534241723188,0.16014213952524961,0.066469752852970188,0.015414559610984183,-0.46270427667431113,0.88637866834626755,-5.2912132450302618,13.537665124527273,-3.6063965751576723,,0.09169033893564825,0.2954545454545455,0,2
0.40641193752422111,-0.78437719360031311,-0.46859551342016253,0.90421001639007537,0.41895987233359494,0.082926905368991111,0.13127674317131866,-0.45741124115386028,0.87951200854133682,-5.9116147528459342,22.645647734353066,-4.1611277195055383,,0.3894880620296609,0.1739130434782609,0,2
0.18988877685260899,-0.92318616922576324,-0.33416994086195367,0.98175330523225179,0.18205500453917817,0.054921971812651099,0.010134105336433151,-0.33850151000032674,0.94091127511393402,4.6310108940324097,4.8166160288096416,-0.71888951878934426,0.4408789265703785,0.3826455045980109,0.7207207207207207,1,1
-0.96964485736485539,0.060696589857168103,-0.23686446454797927,-0.051437392939751907,-0.99765813903124456,-0.045082504724959588,-0.23904611520259383,-0.031530328327265468,0.97049615826242364,2.4213858296696102,13.890857429795162,-1.8256898288173065,,0.1159257244943253,0.3076923076923077,0,2
-0.37605478774736945,0.92475613499885545,-0.058385677989215706,-0.92490788467867557,-0.3784265729190347,-0.036588710936197887,-0.055930326938961938,0.040242013999474059,0.99762336522245076,-8.9224765043102181,32.459174094192143,-5.1952958895200458,,0.1838817091876911,0.1111111111111111,0,2
0.65618441185238696,-0.70320610531897509,-0.27372100957737372,0.74227099820522935,0.66680563763861744,0.066362691602815882,0.13585206242582626,-0.24672133076707517,0.95951696289287869,7.772419747250547,11.262168842053574,-0.55374852149606091,,0.08770142575331452,0.3783783783783784,0,5
0.94315394481614678,-0.21334194477390453,-0.25484475858418126,0.24520838535979095,0.96427267572433473,0.10025494801094308,0.2243512516724292,-0.15704592147369137,0.96177081179535373,10.224351518860049,-11.346302114101103,1.8113596061840329,0.1328915041968012,0.1860099832353093,0.1,1,5
-0.96952459817591052,0.06592636434301731,-0.23595713173445657,-0.04210883131578335,-0.99362282953982251,-0.10459693562670211,-0.24134808857138032,-0.091473422925947526,0.96611785670339034,-7.8994247113658993,19.222219055739611,-4.3892725353508713,0.4632213492946932,0.6380052619981909,0.9342105263157895,1,4
-0.12476630270899869,-0.8990140954432374,-0.41977020606839771,0.98980850687304667,-0.14205098039994243,0.010031883629989162,-0.068647574101908262,-0.41424047986863105,0.90757497508918217,20.193749502716656,14.177969469455592,2.3412201748953749,,0.3557851120235246,0.175,1,4
0.96481982366782626,0.1593309071460999,-0.20913242189002007,-0.091891607735320832,0.94964098535988384,0.29956290049424766,0.24633034787740293,-0.2698067103552273,0.93087362126224615,-9.838418494568101,7.3772220565943991,-4.0715805529877924,,0.08801368491211345,0.2261904761904762,1,5
