axis_00,axis_01,axis_02,axis_10,axis_11,axis_12,axis_20,axis_21,axis_22,location_x,location_y,location_z,dbh,dbh_approximation,score,reconstructed,number_clusters
-0.11363268920702738,-0.93507098356310181,-0.3357526882124906,0.98998743322260796,-0.13505071960112777,0.041063185416279541,-0.08374063532654441,-0.32772482181481521,0.94105469934619412,-4.42056825137242,4.6013428923833803,-3.6213951171083032,0.3357334192721468,0.2392964649936137,0.7929634641407307,1,5
-0.20413870720290703,0.93922989078138053,-0.27599746463386643,-0.97863189813584039,-0.20289103102535255,0.033389182088098907,-0.024637292314063666,0.2769159471613471,0.96057824357788058,-5.5848951411156618,-10.370225947708818,-2.7202822806427824,,0.06877706541230323,0.2941176470588235,0,5
0.91327484950813753,-0.18061784720385135,-0.36511127417177386,0.29129418329870149,0.91612512936915813,0.27543138186250143,0.28473979004036748,-0.35789934424330933,0.88928696794565587,-11.162450018645142,4.3551672381000461,-5.753759133575735,0.2949393303852573,0.1999202304745011,0.2135416666666667,1,5
-0.88303432587652764,-0.32594922601987836,-0.33764993910976426,0.37432505934059385,-0.92313089899429546,-0.087807136792195178,-0.28307442355932838,-0.20392754933805465,0.93716723446113293,10.199076742423488,2.1775193873644878,1.288230934706178,,0.2724635091199726,0.25,0,2
0.54932781974340339,0.78759075185691241,-0.27917692248003328,-0.80610177200963617,0.58747782781575519,0.071202071513452772,0.22008834503190736,0.18593173320965276,0.95759621499187775,-0.66403436854621778,-4.9364882927580478,-1.5304725472404956,,0.07066316446790952,0.2680412371134021,0,5
0.87515315860582132,-0.34077089319284187,-0.34348529420457807,0.40889780183560692,0.90041399404226763,0.14851675658611316,0.25866877785357395,-0.27042529039533769,0.92734062009508367,-7.8862617061396874,21.493588307588471,-5.8779105779995469,,0.08471127287461243,0.2,0,2
-0.77623557422560074,0.55623078620752742,-0.29675856479907597,-0.58554357312006722,-0.81054665928122827,0.012362730516529068,-0.2336601319961023,0.18336146160792832,0.95487251353914659,-15.634677067639249,1.0188762433879295,-6.8155233071453969,,0.08016499927057427,0.4489795918367347,0,2
0.84269982304677815,0.48193128337089453,-0.23999842988113801,-0.44464336679010874,0.87434230266856472,0.19446802856456619,0.30356100639984351,-0.057164463372926619,0.95109565214062441,9.1079468673661435,4.8454592250201536,0.63511382815791551,,0.2840619895186552,0.6111111111111112,0,5
0.50098819566472552,-0.77662478574715588,-0.38192246591132561,0.85528033986242225,0.51174845156158899,0.081296141170022138,0.13231163232846566,-0.36737918352500704,0.92061184408146568,-3.3708918711431273,18.693722058275799,-4.3890501822839045,0.3073800672412481,0.223182179746805,0.6914893617021277,1,5
-0.66886913054251507,-0.59178624889491227,-0.44989234470725153,0.69911815692025792,-0.70647793130888725,-0.11010329349268526,-0.25268139795347216,-0.38817260103258705,0.88626979128021433,5.0539713118745535,3.0478674780661881,-0.42873454920321269,0.5687420140860472,0.1921711010153281,0.2894736842105263,1,3
-0.082368063122489024,0.96528874037455237,-0.24785711586226311,-0.99645387683600917,-0.075480776918247616,0.037179613423285442,0.017180614538976274,0.25004059674766288,0.96808291301010752,-10.20352526435952,-9.2807376115055167,-4.238736192041678,,0.1070816292243403,0.2727272727272727,0,4
-0.5286844885080465,0.80926338071916715,-0.25609664628411233,-0.83957360313831531,-0.5429658327492658,0.017443319071867677,-0.12493548945088451,0.2242339962937839,0.96649378600267644,-1.5838491732399482,18.057484502415416,-3.8168965818251204,0.1997792299108416,0.1058839774792253,0.4390243902439024,1,6
0.09963492874774782,-0.87551881357396866,-0.47279983930989344,0.99448354313203036,0.071961007689951062,0.076315763848694179,-0.032792734149413034,-0.47779537508255215,0.87785888167559634,-15.175375496361504,11.575407961522805,-7.5804239073718778,,0.2540360335975805,0.1568627450980392,0,4
0.13528850009034071,-0.85364123572719441,-0.50298475365507367,0.9908010139501815,0.11490871201424116,0.071479638069321769,-0.0032206363655235539,-0.50802817694432789,0.86133442920390946,-7.8627274311425692,18.142574473301565,-5.7079877643223682,,0.1007538655132601,0.163265306122449,0,3
0.58165608237447675,0.80614857132436679,-0.10863094765516314,-0.77779221489423789,0.59028598697693169,0.21587432461639833,0.23815010452798951,-0.041072308558841003,0.97035951748975779,13.926329892425787,-7.7773483792868525,3.4656580800525782,,0.4594692197678173,0.1904761904761905,0,4
0.9237005279614996,0.22884858489248305,-0.30725504037583312,-0.22136045278271027,0.97337462082121906,0.059509641949702118,0.31269295576888245,0.013045027169624687,0.94976467752736715,-1.6797757839977747,23.138730459923668,-3.9989514342620707,,0.0746441237633568,0.4736842105263158,0,1
0.54984464763447838,-0.62248132847077731,-0.55694511324992568,0.8232435465923027,0.51660100587127666,0.2353581605275504,0.14121234528837576,-0.58791189513229059,0.79650403457868002,-15.850388660993074,-5.3236297480195036,-6.3177301468036182,,0.1533937387563316,0.2,0,1
-0.94205823766175945,-0.084404896424478418,-0.3246568808961125,0.11840465495243872,-0.9891992363172597,-0.086401438384692331,-0.31385763418979212,-0.1198360727365636,0.94187722189883283,0.37996325566004152,24.266935804629394,-3.3341641807312867,,0.1046844378489123,0.2631578947368421,0,1
0.58771438647633789,0.80317938304169134,-0.097440641343898113,-0.77613903611657387,0.59370023453640908,0.21243405595019041,0.22847318561436844,-0.049223065408212356,0.97230504127410622,-9.8820464735856852,11.163680314145861,-5.9872527706973093,,0.1074652643273527,0.169811320754717,0,5
0.64214790307781322,0.74441862130511294,-0.18299449944455337,-0.72746217036631311,0.66704445977417803,0.16078084267259121,0.24175372025824282,0.029876494753743654,0.96987758701937687,-1.3247813142520981,21.576777260350692,-3.7683583229196942,,0.1031238740735265,0.4,0,2
0.18242489969956641,0.94561599304531085,-0.26931682024435971,-0.97724744798792351,0.20452717593742301,0.056178818999263171,0.10820619839312656,0.25294075986284242,0.96141166553631652,-7.448199794180379,1.3682590440294464,-4.2243109392899489,0.4033701837833945,0.3281529077169775,0.8785425101214575,1,4
-0.93989968757916986,0.15472293698623779,-0.30438362317794143,-0.1657452139912835,-0.98611222948923505,0.010544898802430537,-0.29852487555907642,0.060361275849028555,0.95249116271507461,0.90750634395855445,-7.9328360799422795,-0.84858673752012537,,0.08341122597926473,0.1666666666666667,0,5
0.75878770692741615,-0.56783307391651561,-0.31907180380339684,0.61581033546921182,0.78500268396818229,0.067441952018353166,0.2121764514387243,-0.24766183866165151,0.9453278622391279,8.0525801359319029,-3.8431021154754448,1.1663416878551565,,0.06917281894139896,0.3,0,4
-0.81158251281553884,0.51050503845202733,-0.28410989177976431,-0.53269125379408611,-0.84630908756299872,0.00097797728433484787,-0.2399455209486101,0.15213656372936177,0.9587912249042132,-5.2588687534337728,7.8726721676954057,-4.1830697878943868,,0.08435935278598992,0.5152542372881356,0,5
0.27919925532002948,-0.86842434899391407,-0.40974007114661892,0.95911859937209365,0.27276532880010274,0.075435984404556039,0.046252439581643351,-0.41405099381485261,0.90907782194577724,1.4761097855433727,-15.09538225899764,-0.044108724249931994,,0.2219689557087345,0.375,0,1
0.83158054915557722,-0.44634819964341049,-0.33052545278872825,0.49587401091944594,0.86471472710927699,0.079858662742305117,0.25016545636991722,-0.23030789260338883,0.94041241965629974,-3.066227865645724,-15.341620256231488,-1.5149391289926348,,0.1475472387859573,0.5945945945945946,0,5
0.8246810453074257,0.52418776394101319,-0.21243437020683215,-0.48751961959482065,0.84921346140393106,0.20288202848078116,0.28675040369766563,-0.063747039969521357,0.95588206431251288,-1.0770686031999441,-6.636220764837315,-1.5877603103363103,0.3624563257256603,0.126176185404636,0.25,1,5
0.41040568518312559,-0.82280304615585442,-0.3931441476176597,0.90846097772632173,0.40633154022070778,0.097945553091516813,0.079156967589120997,-0.39735352855928452,0.91424523396273771,-5.550605757569719,18.739056551078061,-5.0273841534052384,0.1958410042691867,0.1399797997900291,0.5172413793103449,1,5
-0.82209633507260771,-0.44720901055193885,-0.35236588475807645,0.5061360287319796,-0.8574695209669484,-0.092586937697131208,-0.26073729361103481,-0.25446045172849063,0.93127114323730931,-10.929216512989164,-7.552727702060186,-4.6353654463857001,,0.4487682034560775,0.8723404255319149,0,4
-0.04280519583258903,0.96035042351108824,-0.27549007109478046,-0.99853955458908861,-0.032026013916204653,0.043509681148723223,0.032961691867351109,0.2769501733068831,0.96031876393962512,4.2776587911583155,-3.8651678059913182,-0.072360235429734077,,0.09330646033669904,0.2727272727272727,0,1
-0.74135629793255442,-0.57530000220551647,-0.34557307038898449,0.61375106074019814,-0.78949612195095631,-0.0023470970755525896,-0.27147831397004624,-0.21383587371330648,0.93838890879914361,-16.532158939507966,1.2003880422057858,-7.0967542613117445,,0.06762518709039372,0.2083333333333333,0,1
0.30653928815645537,0.9316514545276483,-0.19508775485163374,-0.94191373824664593,0.3264459410506978,0.078940213286727526,0.13723037024931187,0.15955755967061538,0.97760381066830704,-18.608443113560316,12.94791578665024,-8.6594125037726055,0.6456270304117772,0.3735908112068059,0.3384615384615385,1,5
0.30428271107809118,-0.81403821544324673,-0.49472600046585496,0.94810212938594352,0.30911297091323842,0.074508546268405085,0.092273419752421593,-0.49172243696130608,0.86584909828215917,-9.0765835271942077,-3.7566330406102515,-4.3949490951188688,,0.2059778032922545,0.3333333333333333,0,5
0.6273022616791758,0.72838712113739223,-0.2755795243725005,-0.73974277115758569,0.66793126709000394,0.081538058375450806,0.24345945250141199,0.15270895260175393,0.95781390195746741,-15.66967208967163,13.956593435292962,-7.8732872387060269,0.2436824995012408,0.1981009979890063,0.7401574803149606,1,5
0.69749053998540578,0.67365135646137331,-0.24433746452113594,-0.65406878794968981,0.73777668213962355,0.16697181774500511,0.29274727541155582,0.043352245948731376,0.95520658263556268,2.0537368822252469,-16.922272992000437,0.20093283098037776,,0.557824189981009,0.9217391304347826,1,4
-0.93018187647586659,0.26571064361492991,-0.25329731649896281,-0.26257289305843734,-0.96377822154596193,-0.046765537574434829,-0.25654853830563618,0.023008553701680912,0.96625744703458771,-3.8000479243464005,3.8243732978989891,-3.3113356645212595,,0.220546930274438,0.2559055118110236,0,3
-0.78277128080929459,-0.5066020881805936,-0.36141865777964255,0.55300004613345433,-0.8326184102806462,-0.030619141694806749,-0.2854121071653643,-0.22383231918735871,0.93190075757595292,-11.537564203450398,-3.4243972198472017,-5.1212889369774874,,0.1451552259514921,0.2173913043478261,1,5
0.94766703141677011,0.13405159465558422,-0.28975397760172728,-0.069072687837658728,0.97217146752267114,0.22385620726193473,0.31169883118261554,-0.19212706135553073,0.93055415260707985,2.0540501975805623,-14.605766093611212,0.072839151058346346,0.9553522576781011,0.394982325142209,0.2058823529411765,1,5
0.86418920694823187,-0.37052303239150108,-0.34042575851658646,0.42919627348443856,0.89593845874558209,0.11438897222924195,0.26261678054012016,-0.24496318214784413,0.93328745088035181,-15.649046932946604,-7.7158270933249593,-6.0655831718570452,,0.1093109692858747,0.25,0,1
-0.10779223667704309,-0.91528457601311208,-0.38811722278798394,0.99366881748844693,-0.1116253715771138,-0.012730183477960596,-0.031671988621991894,-0.3870321967650347,0.92152209078456693,-11.071572371589351,-5.2385741701161557,-4.8790389578712245,,0.06868682281289568,0.2727272727272727,0,2
0.16039358929307759,-0.88659891168748783,-0.43383898661628695,0.98705055897330107,0.14306497596371623,0.072550718004690304,-0.0022562234327221076,-0.43985768431057859,0.89806465636320298,-7.4313830283506608,7.0009885350080507,-4.8329044162650803,,0.08643372096636567,0.2386363636363636,0,5
-0.92906730728920028,0.25466927398989697,-0.26828622665327773,-0.22773231332599458,-0.9653151155762959,-0.127689941291841,-0.29149945453394277,-0.057535106894673817,0.95483913801280296,-9.6966684137886645,-11.77166683868202,-3.8789641637310255,,0.1245975218667553,0.3333333333333333,0,2
0.75075995785713345,0.60954592197370083,-0.25458447455331484,-0.5993173159475802,0.79060326087006516,0.12555970176377865,0.27780971992308812,0.058311687566488968,0.95886469671659325,-4.1245660107326749,7.2426348129090652,-3.8122809442126,,0.08323868679352381,0.3064516129032258,0,4
-0.94558946989127257,0.10876722513377682,-0.30664351479762464,-0.1223694578643798,-0.9921588599335075,0.025426608846261772,-0.30147349835884496,0.061566934243482654,0.95148475678548761,2.1424032453068489,0.87208868445436916,-1.0575451771679942,0.1339646242942418,0.1172029095984832,0.2878787878787879,1,5
0.77772408087915212,-0.53233702340097422,-0.33430905990904497,0.58537932785656988,0.80713661816345716,0.076560578223057521,0.22907705371527118,-0.25524061811602222,0.93934867345671091,-11.632519754515904,2.4561400697565992,-5.6711626090604561,0.3779897761806508,0.1983586308353603,0.9567430025445293,1,5
-0.035859780716963705,0.97915476060433349,-0.19992506324321155,-0.99526207212944284,-0.016899592920118632,0.095748689493603101,0.090374132955948316,0.20241135972322583,0.97512161167079869,-12.204565816941473,16.000086712547578,-6.9009773382432691,,0.1925888825472085,0.275,0,3
-0.10682623642587469,-0.92402361638211516,-0.36710831041969294,0.99125574427542362,-0.12774115476355716,0.033079401757735931,-0.077460987936249961,-0.36036447348176737,0.92958982438500781,-10.066364986657794,18.502674244687498,-6.4302244213953879,0.2040798642980479,0.1540305156595614,0.6938775510204082,1,5
0.35735466028180418,0.91923756119415234,-0.16522697378062365,-0.92009645879776791,0.37687169060046527,0.10672504547553072,0.1603750394627643,0.11388606110395516,0.98046407981299477,-6.8636047301800618,8.787672733249158,-4.8596434080646942,,0.07789760817518282,0.2527472527472527,0,5
0.34030183228350241,-0.85085532834621214,-0.40029972916472184,0.93776810583526882,0.33841032179841529,0.07790657082958069,0.069178339258921695,-0.40190006758540314,0.91306664217472377,-6.3643678345421799,-9.8648016670413643,-2.9543486586286045,,0.07521416213747717,0.25,0,3
0.96208840483857083,0.058192891875383117,-0.26645729228218323,0.035300553602209545,0.94218557426174565,0.33322697155008474,0.27044365807049425,-0.32999989543671587,0.90441157490448176,8.4214745790941503,-9.2197820315401131,1.7620134099821743,,0.5055691105443137,0.3809523809523809,0,2
0.95015361107846086,0.05894490619315286,-0.30615945745386086,-0.013858453111523613,0.9889799824613893,0.1473992454798416,0.31147400956085847,-0.13580902887713808,0.94049978683864233,-1.3566025359509017,1.9545468484290713,-2.2994020590411219,,0.08710667012737915,0.3674033149171271,0,5
-0.23468972232062871,0.96263865380215263,-0.13508351654826689,-0.97151128940962328,-0.23699122813243462,-0.00098607197109671827,-0.032962839482030423,0.13100374038270801,0.99083372531369895,-2.8485385043694031,16.079853560061071,-4.1283263236527787,0.641617376676979,0.5095873826971669,0.5474006116207951,1,5
0.94009944005117607,0.14761084237400021,-0.30728501757994048,-0.13342839742101412,0.9888055620142967,0.06678640049629786,0.31370353134309176,-0.021785310262423592,0.94927103330905704,-9.8433017549875998,30.154110625919945,-6.9858294423947207,,0.1988245440345206,0.2,0,2
-0.93807720358534286,0.15909939178520879,-0.30773128480393075,-0.14257618519221341,-0.98689194510189504,-0.075606349660808023,-0.31572645047499104,-0.027049440411463514,0.94846462044922275,-5.795069079952758,-0.53873263704496066,-3.5724832728283311,0.4587220877463928,0.1614212647746372,0.3932584269662922,1,5
-0.94477222521386572,0.160601127405337,-0.28567940132353814,-0.13295390959739681,-0.9845668900278407,-0.11380376524383087,-0.299547492707263,-0.069536443229722272,0.95154399933778766,-3.2229911340854134,-8.8895808680902668,-2.0186097573257631,,0.08344144366233855,0.3,0,5
0.15645021542507415,0.95477386067449821,-0.25284423083424873,-0.9778756082963902,0.18572614001339055,0.096255366679953977,0.13886189107315874,0.23219103317837542,0.96270696440772974,-8.8978096190173019,-8.7501816666158483,-3.8756961944653545,0.8069000965831553,0.5789248833955202,0.8229166666666666,1,4
0.11030549466743353,-0.92367182278741833,-0.36696465992618599,0.99389727585711551,0.10215859748333996,0.041615213612838653,-0.00095020522944848601,-0.36931556255972414,0.92930356308432216,-5.9249261613440654,20.804483630945438,-5.2176835237783985,,0.0833885802442846,0.2,0,2
0.34797482748160813,0.92366101460722683,-0.16051121310953015,-0.92780346090038046,0.3638551214085442,0.082402600481108243,0.13451489650005524,0.12024882834989115,0.98358830915177975,7.4903569845036451,2.8458373970105484,0.28974741187244746,0.659425002079173,0.4321656962038779,0.7735849056603774,1,4
0.57701683632650613,-0.68892544975269532,-0.4386721956983321,0.80321444192931502,0.5759822479938651,0.15195726462433926,0.14798017053621793,-0.44002974294810926,0.88570632517166303,-12.098322493479687,-5.9016516425213386,-5.1063316881863781,,0.1600981714853682,0.2380952380952381,0,2
0.82903726997533878,-0.4545527463859525,-0.3256977214302032,0.50227901605640157,0.86132152505492676,0.076426569375244294,0.24579055112280349,-0.22695160548020771,0.94237995190300261,-7.8561886085268684,-7.6289403630763069,-3.6592549605217664,,0.09260880281752756,0.345679012345679,0,5
0.71124320125321783,-0.60347442960163433,-0.36048817107924203,0.67197453686087572,0.73424004008675192,0.096652911720326334,0.2063572884142614,-0.3109825981472073,0.92774268693853168,7.2921188318287706,-2.9324745838132276,0.84609061955818932,0.9409897855332734,0.7768253379731491,0.9806678383128296,1,5
0.26033413748046225,0.94478001404047163,-0.19903985011045011,-0.95674870530905409,0.28015038861344899,0.078407108409779755,0.12983856034226973,0.17001907195788415,0.97684976501958942,7.7377467112437497,4.9769337367335549,0.20909461916629024,0.6451431221396651,0.6292458617144032,0.5729166666666666,1,2
0.71233401540433738,-0.52894061210377974,-0.46130475757920936,0.66650313179274112,0.71575193655105795,0.20850117657672773,0.21989503361468254,-0.45598354596486329,0.8623950254963838,-14.575141843794039,6.0834481046790732,-6.8967028596706816,,0.1845924838747907,0.2857142857142857,0,3
-0.82027721102383988,-0.42930799571745526,-0.3779417175809171,0.48992847788616262,-0.86835963253615878,-0.076952161358968263,-0.29515315283950483,-0.24828651472589147,0.92262583042865809,-6.4444900439308874,28.508717468152728,-5.8412398260273211,,0.1829543761055632,0.3333333333333333,0,5
-0.89382640130378677,-0.30965650707039233,-0.32432578059920791,0.3256139749625187,-0.94548767999354377,0.0053466147733195806,-0.30830164391619735,-0.10082606116173595,0.94593033662589532,6.4186616330383801,2.0132101915210119,0.093578564325659919,,0.08084163465200975,0.4651162790697674,0,2
0.85324052557251373,-0.30400760282094336,-0.42374518634175068,0.45328559474328189,0.83411338041104066,0.3143040537719754,0.25790070786830072,-0.46025454484049516,0.84950160614015269,12.380731530457934,4.9372280140865819,1.794891210977644,,0.4420719788872283,0.125,0,1
0.76629351636209697,-0.54747458848072994,-0.33625261597386374,0.60425952280177686,0.79195435253958901,0.087628377806321794,0.21832241269457464,-0.27033290303152896,0.93768621918729511,-0.29912800042826204,-14.557037511981227,-0.69737335496871189,,0.1081815053847296,0.303030303030303,0,5
0.062104793598078127,-0.81980563130513706,-0.56926419305321352,0.99731836861011303,0.028847950016323044,0.067259701253567436,-0.038717776860294192,-0.57191478618780445,0.81939881077211429,-12.029183585590754,19.608710891478673,-7.0993443477746085,,0.4624293638221667,0.3571428571428572,0,3
0.62320363726051475,-0.7080402812476243,-0.33210869701958856,0.76855382769546132,0.63305572610307681,0.092549778944957847,0.14471434082328902,-0.31292076917151151,0.93868969941146674,-7.5537481542677201,-9.7652222174713739,-3.4150940274030823,0.3878286614417448,0.1247038507672185,0.3666666666666666,1,5
-0.80555503757812896,0.52701934637570302,-0.27079824589207807,-0.54383224571063427,-0.83905654566876953,-0.015185575251549876,-0.23521813271477993,0.13503600155558163,0.96251634184882973,-9.4683293371007622,-0.89646329244453005,-4.768884773441382,,0.09251050710216546,0.3333333333333333,0,4
-0.30983521156644178,0.9375874436872631,-0.1578984709031761,-0.94835903318706738,-0.31662018438996736,-0.019152101956532459,-0.067950613286920619,0.14381044564580808,0.98726960344025827,-6.663889515406118,-3.6341197311433451,-3.5584637440289888,,0.2922752091989648,0.1941747572815534,0,5
-0.91117163496299647,-0.26681569911816788,-0.3139675689349824,0.27156151184969324,-0.96197198057859268,0.029398194903910862,-0.3098719040519301,-0.05847470637619933,0.94897845697015071,6.1142642717049984,-4.2427756332540003,0.5846655714435961,,0.07455775645644447,0.2058823529411765,0,2
-0.50109160299571598,0.85998615376818033,-0.096597208728805534,-0.85777491562582664,-0.50835534147219752,-0.07613830126678886,-0.11458359188946179,0.044706399135895511,0.99240714343761749,-8.6780859614307246,32.403232613509012,-6.6252719511191049,,0.4607048391507011,0.2,0,2
-0.87729183205171712,-0.3480562034957046,-0.33047832095842616,0.39024070520774945,-0.91812538452227443,-0.068978042120564825,-0.27941230004117973,-0.18947996596997982,0.941289598944828,3.769870126551421,2.9125157611798831,-0.80857519883065643,0.3494769255827574,0.1927261404456255,0.3170731707317073,1,3
0.70984671906233654,0.66372765988756954,-0.23576095719310131,-0.64723000010075959,0.74669726883402354,0.15341615197032324,0.27786860637000216,0.043689612220543357,0.95962505979054735,-0.44035900774249781,19.551724878938618,-3.5493966722810066,,0.2266736367969365,0.5,0,2
-0.44028950986745496,-0.82424505141876936,-0.35604106885631526,0.87779629882226784,-0.47851602734628462,0.022272614275353663,-0.1887294499398682,-0.3027251340480353,0.93420484260198244,3.5880040250570779,7.5131354136153492,-1.4345683348041298,0.3226100336202096,0.3011686919422047,0.7435897435897436,1,5
0.91962987824034037,-0.21121159115431207,-0.33116544326019309,0.25916890612215993,0.95982653928092554,0.10753833080090476,0.29514803937532708,-0.18472324773580995,0.93742464049054885,10.524164431850783,17.513864380749389,0.087678436678635202,,0.2077183314675462,0.2121212121212121,0,3
-0.47452817324289415,0.86981363496513298,-0.13508239421739746,-0.87322053241942921,-0.48451000771793012,-0.052306349349768841,-0.11094554772450634,0.093135883793056512,0.98945277431022238,-3.9684562445577023,6.0973236034341562,-3.6027588643642328,,0.3930706133932574,0.3805732484076433,0,3
0.91498727957607606,-0.21712635455299062,-0.34008002642392932,0.28241024989005414,0.94661418451417056,0.15545429049598133,0.28817135348783141,-0.23828078360434513,0.92745864554377344,0.35623761074929627,-13.683007846299425,-0.53496315201832501,,0.1050801089988195,0.1428571428571428,0,5
0.73711404047341356,0.63038252883633428,-0.2434764027064393,-0.63068866510850885,0.77112815625045239,0.087138822240297231,0.24268230063316748,0.089326558064705908,0.96598450659609791,-12.916183755752414,5.9359039367200666,-6.417702481437729,0.4809722465893826,0.3735404610677038,0.8648648648648649,1,5
-0.94354573894576943,-0.049301489496399419,-0.32755274636418047,0.075951397285127439,-0.99471671283674745,-0.069065522901747445,-0.32241715799212278,-0.090044568612945769,0.94230523287074552,-13.480714496149739,-0.089513471167290901,-6.0361837696167751,,0.1399567866854482,0.3095238095238095,0,3
-0.17193932916901075,-0.89126205487803034,-0.41962938007186878,0.98172763108230876,-0.19028211017215174,0.0018912741606641091,-0.081533584825078304,-0.41163657282003424,0.90769356418482328,-5.9894958463688335,22.273882742583218,-5.3396398660226039,0.492048757873382,0.5297783577322445,0.3846153846153846,1,5
-0.76267383967639402,0.61669221415562903,-0.19498545400386486,-0.60316217150761375,-0.78698448558350198,-0.12981068643640256,-0.23350376685502444,0.018604635193889506,0.972177894427669,12.685492876748986,0.52718098603416252,2.4230959735900526,,0.3260979132552841,0.2307692307692308,1,4
0.85083603130476371,0.44449876617246481,-0.28017654203147568,-0.41812999309720755,0.89570502580395372,0.15126075374024606,0.31819075521782192,-0.011547883818897681,0.94795637540617705,2.1334717296573587,9.3314433974422055,-2.1016814388899689,0.3414210143803631,0.1486662721975575,0.22,1,3
0.84032747007475228,-0.42893149752237286,-0.33146268790164257,0.4797165903042378,0.8731745618536455,0.086244869520286538,0.25243164624239017,-0.23148208346416316,0.93951812596162709,5.8650663765570465,3.1577934394681675,-0.17591117650335786,,0.5028475055924139,0.8392857142857143,0,1
-0.49137376055655968,-0.79652919707774217,-0.352268456775783,0.84751657185457396,-0.53048634292479058,0.017317632694795644,-0.20066760542841774,-0.29004392455793387,0.93573876373625553,-13.991150853935745,-3.2422379161530328,-5.891218132338703,,0.07064567574449429,0.3571428571428572,0,1
-0.75715341916626677,0.63733294031209531,-0.14326696422403368,-0.62309797484244189,-0.77048557436858334,-0.13453956086282498,-0.19613162313120025,-0.012597733250595987,0.98049665146030329,4.640613953552732,-2.5846736593402091,0.031033181735710388,,0.5028039034048786,0.2380952380952381,0,4
-0.74152123602843645,-0.5369633370003003,-0.40226437977574259,0.61068399730112899,-0.78848322090614287,-0.073207006425549268,-0.2778692353593239,-0.29994096930392466,0.91259196959750188,0.64767749215433279,-5.7826481999619226,-1.064962194799951,,0.4282649712925055,0.3396226415094339,0,5
-0.8499930001208521,-0.40045389803898956,-0.34226974054235487,0.4285849523041606,-0.90347207383495032,-0.0072904361195823657,-0.30631166873626087,-0.15288848009497588,0.93957345335543319,21.594758488331632,-1.883461453334059,5.5567920815343381,,0.679085724615217,0.4347826086956522,1,5
0.49903059163030022,-0.74013203792438664,-0.45074719639173261,0.8514573603266844,0.5155339138852485,0.096151688387006606,0.1612105212528869,-0.43177465195637843,0.88745806535594751,-9.7512316742609837,-5.3360475362439761,-4.4221804252014767,,0.2558842149682792,0.4269662921348314,0,3
0.85359264738023144,-0.33285458837653464,-0.40073359646415352,0.43620511830661846,0.87722155997750961,0.2005179031252147,0.28478884651881359,-0.3459626536308677,0.8939827488219062,-14.872164028898178,16.581808099382048,-7.7710082336899005,,0.4545993922314565,0.2711864406779661,0,5
0.62981610081899431,-0.6856007608776693,-0.3650798211804096,0.75637843479089317,0.64826049633210325,0.087464234281985118,0.17670128050593609,-0.33122488671477612,0.92685852851896799,-2.6458535014414033,-11.874429176808544,-1.6374711594876159,,0.07735065160948217,0.28,0,5
0.78660394116377541,0.54487527880424769,-0.29045683034421615,-0.55077231757656286,0.83181207562695714,0.068836945258448676,0.27911304866837944,0.10582816916665572,0.95440887709297639,11.384139495899047,-3.460926280889943,2.2815747876297867,,0.1109195084418036,0.55,0,4
-0.36531770199498809,0.91243498223256059,-0.18440547661978207,-0.92762844544190892,-0.37337637269317447,-0.0097750458575047907,-0.077771741758365029,0.16748876831822324,0.98280164258670011,-3.9559387069701129,24.389773105768224,-4.8072288409663457,0.2142822180035285,0.1524427558580155,0.5,1,4
0.33275671791829881,0.91628770581022045,-0.22291210568581415,-0.92904810536451266,0.35906805398970554,0.089105277748594502,0.16168668652319512,0.17744568967739907,0.97075766420670673,8.2041639381211322,-6.3425464375888199,1.4183256156205331,,0.2819764364644398,0.6111111111111112,0,3
-0.90442355851320033,0.34560158403028129,-0.25015509573478478,-0.31882735929179629,-0.93711955329079988,-0.14197203177763851,-0.28349099063874827,-0.048646561603173065,0.95774024154300252,-4.1651893705318006,12.384639856300234,-4.2779795488616941,,0.1077727886859631,0.2446808510638298,0,5
-0.1317149732644923,-0.88129947711243362,-0.45383080267792097,0.9855800720500435,-0.16548418487066432,0.035311558101045928,-0.10622187814083206,-0.44263553427062746,0.89038794713607339,-14.967613303673884,3.644916505469169,-6.8242620669859617,0.2939101739626455,0.239396453835606,0.3953488372093023,1,5
0.70338393990871273,0.67608648209691102,-0.21944954272980569,-0.66204353541906302,0.73550641197141409,0.143974564277046,0.25874580245547041,0.044015754847108471,0.9649420827370494,-13.56628207884328,-9.9683572247018191,-5.2465672264968655,0.695863625363541,0.5085783080745685,0.7391304347826086,1,5
0.64133150271952699,-0.68662456553511531,-0.34240416122358275,0.74749129246583756,0.65979639625049846,0.076977160136009373,0.17306262250198032,-0.30531200680380577,0.93639409822689912,-1.5934016663116255,-13.21454004434429,-1.1839888803012477,,0.09220932954933361,0.1379310344827586,0,5
0.73153988559536498,0.61393342470943124,-0.29653860761740508,-0.6263962688309187,0.77693537156848635,0.063238776082729029,0.26921573166853291,0.13948899035510792,0.95292481938077833,-8.6208027622960497,8.830172861672331,-5.3714009266346245,0.2028671326512943,0.1586026905675802,0.7479935794542536,1,5
0.57105316672532469,0.80243866538693942,-0.1731775651318799,-0.78700771401070035,0.59514865710341547,0.16253287063130817,0.23348905511957257,0.043477169181413901,0.97138694499120193,-9.5082456284416317,-12.940696242153068,-3.6964870232392331,,0.1932705540582632,0.2075471698113208,0,5
0.84007254234690409,-0.38748936502517589,-0.37964472284913114,0.46922548988560708,0.87023139063764265,0.15008253192988594,0.27222337011435982,-0.30421919522156904,0.91287738389244788,10.798322332492839,5.55664623171345,1.1316411549895402,,0.1880093796402357,0.2272727272727273,0,5
0.6632832968330914,-0.6495963813268345,-0.3715909168821358,0.72730982229772501,0.67650205883013181,0.11560876605103877,0.17628298423692604,-0.34694308721413358,0.92117034456328928,-2.6310958846078125,2.5761856735530517,-2.775415358836002,,0.09799762066895398,0.16875,0,5
-0.72403163590954456,0.65362193172323446,-0.22035553220315657,-0.66418180134740212,-0.7468437605149375,-0.032968653882547418,-0.18612018955790116,0.12248578591124167,0.97486230170657262,-20.323154820649535,18.473833133459511,-9.4604003620541999,0.6836022216968779,0.5854419919590408,0.9020618556701031,1,5
-0.34643929342976637,-0.82568955116094034,-0.44521520759238364,0.9248619962136041,-0.3800105301943803,-0.014909222017709381,-0.15687607825182157,-0.41692776597994885,0.89529946611583411,-23.61485849864896,-1.7439257700041282,-8.9515878461292893,,0.1993858025490521,0.25,0,1
0.93022481256200018,0.20191360279105741,-0.30645178267049794,-0.16487830629628525,0.9759580294793998,0.14255198633324903,0.32786726309111652,-0.082078143878998422,0.94115154788722444,-11.790901879275253,-12.286158449743411,-4.421121265038523,,0.3067614677895392,0.2857142857142857,0,5
0.50288986691971393,0.85803430658590474,-0.10430201566180797,-0.84630456674070709,0.5133216284423856,0.14237094537538048,0.17569963592248697,0.016674366401789927,0.98430259749825022,-13.502432374077854,27.425303436451994,-8.018254268281142,,0.2509723750798058,0.3529411764705883,0,2
0.92190343194011326,-0.22548920047975107,-0.31503758925569958,0.27698443818585911,0.95217205751446776,0.12902710525904443,0.27087577075091873,-0.20621104081902877,0.94026768713192932,-8.1905512936504348,13.441937987947332,-5.6389838712374054,,0.1065286758500091,0.3103448275862069,0,2
0.0069007680626774724,0.98449268732881279,-0.17528983996865807,-0.99881708330897812,0.015223720700528401,0.046180866364522836,0.048133288795705054,0.17476380324347759,0.98343316986238771,-10.306477013380112,9.7626674880878852,-5.9437247966136049,0.3969395392760403,0.1553763503035807,0.2522935779816514,1,5
-0.033396334760219339,0.96607948221455464,-0.25607639264219911,-0.99879659925296249,-0.023052877418425415,0.043288776414315042,0.035917101014709907,0.25721391658848752,0.96568678305541189,-8.5003194494419532,-6.0337556029946571,-3.9328304637910563,,0.08094010745109639,0.3333333333333333,0,5
0.15093599690644088,0.96095178053238084,-0.23192671327275879,-0.9827099751214482,0.17130786395548644,0.070247566105950315,0.107235393572552,0.21731380820981952,0.97019342356392224,0.93343891615418073,15.520735770972678,-2.9472190477228715,0.1891929097643019,0.2656751448999912,0.3414634146341464,1,5
-0.926800053901362,-0.20945324389752054,-0.31172263105080894,0.22881322107210122,-0.97311113850634179,-0.026442805779672628,-0.29780223295174041,-0.095833453113709624,0.94980512701988518,-4.6049652691837206,-11.79013364559783,-2.2503057049565283,,0.1086693558768804,0.1,0,5
-0.81041773015045016,-0.40494465366463644,-0.42337091317923631,0.46887814381283455,-0.88159187308458165,-0.054305207538965526,-0.35124975290016014,-0.24251927094490255,0.904327382261496,6.5240906089988329,7.9791432453349014,-0.51437896436324682,0.692380390687015,0.2156387868948332,0.2564102564102564,1,2
0.19431453683661923,-0.92107087242156271,-0.3374467495036092,0.98079018398089346,0.18842489784646593,0.050464570525013991,0.017101923303985425,-0.34077045917762633,0.93999096717530983,5.1674575090632251,-8.4161691724552252,0.66377717578182693,,0.07450044549878834,0.1578947368421053,0,5
-0.75201750417751945,0.59025290004824793,-0.29337891436715152,-0.62201576560974647,-0.78276021778859994,0.019566010847007587,-0.2180964482597928,0.19720029267771685,0.95579599487771816,-5.7555425350106661,-9.0371964776291449,-2.8545790622433973,,0.07345385871463121,0.2916666666666667,0,4
0.47713619959454506,-0.76456025412939521,-0.43334589514851501,0.86979229920014633,0.48136061732517799,0.10841269455393804,0.12570761030500974,-0.42864854355744303,0.89468319690127485,1.9414835922433162,-12.972543608967722,-0.057478575086537344,,0.4405329141932319,0.1176470588235294,0,3
0.92996850905871398,0.26296964059589351,-0.25691543411009649,-0.2047251093671639,0.9508723944320906,0.23222686989576757,0.30536241051202678,-0.163366635614037,0.93811787138633873,-10.095860584707525,20.438038183205215,-6.5357130134785439,,0.303211806703127,0.4117647058823529,0,2
-0.60556124691401636,0.7819208289532662,-0.14797092107903934,-0.78840668017071847,-0.61475873086186572,-0.022059226897047663,-0.10821498462841915,0.10330304970399337,0.98874566852336998,2.9725571815981295,-9.3793400782079441,-0.027063000727260034,,0.2339476767668811,0.25,0,2
-0.94822839321549401,0.16684551318039931,-0.27023228717444353,-0.083660738099501392,-0.95205827431670564,-0.29425486097215647,-0.3063719882766836,-0.25641298141214619,0.91672710648410827,-20.274323327665243,-5.2751363942000573,-7.6370633182672023,,0.3969095191910444,0.2941176470588235,0,1
-0.50450574929620273,-0.72108335601481421,-0.47488181961988263,0.84181585723481556,-0.53304032057903172,-0.08493573538279689,-0.19188541225192268,-0.4426136128898624,0.87594130982018048,-12.004641689183014,1.0491549480942388,-5.6310717403926684,,0.2604666047603611,0.4090909090909091,0,2
0.75748082006979733,-0.54330633918959836,-0.36199589641705326,0.61504614442775751,0.77982509368927122,0.11658071657470127,0.21895444149625912,-0.31095183718530772,0.92486102064047671,7.5077888320062387,1.76731771872608,0.43707496957805092,,0.7279408226601238,0.46,0,1
-0.54340768994441735,0.82992198532265338,-0.12624413169481175,-0.82790007494689244,-0.55470483385500757,-0.082969953602604035,-0.13888681871294178,0.059431015269753501,0.98852334621485016,9.1825870560673195,13.213338291705712,-0.23843831648405547,,0.5598803317087616,0.1428571428571428,0,1
0.21881237309219925,0.94290690597926863,-0.25109303462733568,-0.96852228264445583,0.24117286313104608,0.061646071329387653,0.11868333245630758,0.22970027589399611,0.96599795540740618,-4.953630815754714,-7.5691312892895031,-2.7027343528859982,,0.1157017354798371,0.4264705882352941,0,4
-0.94786042121227909,-0.10746478685802571,-0.30001990181459554,0.11374819088087558,-0.99350343867512192,-0.0035023437918238311,-0.29769442549468128,-0.03744645412141652,0.95392651294694797,-22.760147647754319,15.174636120094007,-9.9999119017857421,,0.1003543941463203,0.3333333333333333,0,2
0.51678924143011895,-0.73766419993060806,-0.43448867428601357,0.84629047821000292,0.51683646161134078,0.1291220292597394,0.12931089062088341,-0.43443250349139922,0.89137371145722555,-22.094819836256061,15.974240183830066,-9.8844736301165153,,0.1207380226984445,0.1428571428571428,0,1
0.68354199226195034,0.70898109912648355,-0.1735400411892476,-0.68146315788512368,0.70504856359120205,0.19625108260393498,0.26149246501533741,-0.01588471149831916,0.96507479849015665,2.9203535373675931,13.92659436933517,-2.2754374053937649,0.5066984226824486,0.2923432012620505,0.5,1,3
-0.64851171890404546,-0.61755675399861742,-0.4450350615792108,0.72787685012641223,-0.67419626215795192,-0.12511870820264678,-0.22277307174381114,-0.40507166734164191,0.8867294417255408,-10.909285426564081,17.60554837780991,-6.6334242410355584,,0.2257293091374071,0.103448275862069,0,2
0.22182059497133241,0.96104912486153649,-0.16486419638429745,-0.97049406856605269,0.23398914421201206,0.0582266542834248,0.094535107365863416,0.14708385361353005,0.98459608646465779,-17.966603209633451,11.199175111074592,-8.4209197745331501,,0.1123971604966221,0.1764705882352941,0,4
0.91111745830401114,0.34591697568447566,-0.2240678984302375,-0.30310894332979033,0.93077381282334981,0.20441398639961156,0.27926680011618848,-0.11832816780288875,0.95289479957510281,-6.3515194140287541,-16.952759462970111,-2.4481220657361957,,0.6205766133363279,0.4705882352941176,0,3
-0.9485926276240545,0.016624917774301907,-0.31606271359698412,0.018949318655644816,-0.99384482056837387,-0.10914850412123391,-0.31593187578935167,-0.1095266394007133,0.94243883892898184,-7.9280241202621538,-2.0063188644975094,-4.084537277393026,,0.1669163828960569,0.1014492753623188,0,3
-0.94262015538614929,0.19912669520430412,-0.26798470463219387,-0.18069560379135055,-0.97922407142226997,-0.092028890668488295,-0.28074248241096572,-0.03832462921158436,0.95901766478283568,-21.187082378462264,14.50137979348874,-9.5831233284141586,,0.2060238114146006,0.2592592592592592,0,2
0.055327506950782382,-0.87247412711042338,-0.48551803725249643,0.99805163894657334,0.034279964002639385,0.052132619961374083,-0.028840821255131557,-0.48745644071125277,0.87267085744766737,-13.574663249042459,19.540274857632273,-7.5058696975730461,,0.267943622936802,0.5555555555555556,0,1
-0.79354593474249902,0.56998099419912629,-0.21308804683845919,-0.56723669713461988,-0.81965448327348089,-0.080056589194712327,-0.22028930722452575,0.057342778982700619,0.97374761967415346,2.0636991612474342,7.6204529577363562,-1.9842468359349594,0.3587063978930217,0.4168055795503252,0.6213017751479289,1,3
0.72798841506817535,-0.58913834878676152,-0.35064066152591761,0.65343533502113027,0.75102447675713813,0.094786593237065966,0.20749730232547176,-0.29812453991658239,0.93170093282510802,6.6303210798018819,-7.0992562150365472,0.95136158655383318,,0.09218881240670607,0.2816901408450704,0,1
0.78941174256266577,-0.40453952363593565,-0.46171081265288244,0.5685012608525335,0.76554324966773735,0.30124715649652034,0.23159321473923711,-0.50029122189437791,0.83431005997900742,-17.486911033425127,-1.7811144021069583,-7.0945687242280817,,0.6798281661893767,0.5581395348837209,0,1
0.35262699121275404,-0.83439649287278661,-0.42359969045058737,0.93138636315035583,0.35669260771110034,0.072731190983017141,0.090408227533744542,-0.42018195616405063,0.90292495596719324,0.31375236788408406,16.520105281190133,-3.1287530397751833,0.2704405685391107,0.1585504573637786,0.24,1,4
-0.92441077903548174,-0.18137354911221043,-0.33551206727248079,0.22249108515508173,-0.97094296343282449,-0.088133301236243092,-0.30977803122482289,-0.15611981758484322,0.93790413898636094,-19.679867915859869,12.567051894789211,-9.0592247453759445,0.7082686498135875,0.2412059730850372,0.1428571428571428,1,3
