axis_00,axis_01,axis_02,axis_10,axis_11,axis_12,axis_20,axis_21,axis_22,location_x,location_y,location_z,dbh,dbh_approximation,score,reconstructed,number_clusters
-0.0079178145358789215,-0.96075744476973157,-0.27727683014004489,0.99427426508779393,-0.037113738259081833,0.10020606876114453,-0.10656450627250276,-0.27489580344554609,0.95555026202232018,-5.5581840374807907,-3.8221694896058809,-5.8526845280933744,,0.1644331771487307,0.5223613595706619,1,3
0.83158429312491922,0.54790566558894827,-0.09092274216861701,-0.52294271918694324,0.82756829406742116,0.2041118102994158,0.18707879590508092,-0.12218878946069726,0.97471607345566791,-18.038835874855028,6.5788852569896044,-9.539841313300407,2.218098544491363,0.468151732424039,0.3653846153846154,1,3
-0.59876578462151131,-0.76685584792823491,-0.23110959232548975,0.7811587330893579,-0.6228578734394733,0.042884766674032293,-0.17683486331833773,-0.15485534537989021,0.97198212592745747,0.93324162587589532,-3.9453172332164996,-4.4766691939680072,,0.5761807252961566,0.9949270767279645,1,6
0.80501592192699456,-0.46965981360050069,-0.3624486514428954,0.58179728198760694,0.74448303373375802,0.32750104603560065,0.11602279136386701,-0.4745151967759545,0.87256749877176443,-21.179317095209115,4.4200435457170126,-9.9098446313456101,,0.3271300728608114,0.2058823529411765,0,1
-0.16109106712046603,0.98051804744759896,-0.11240118648633499,-0.98619537427985993,-0.15550039765414972,0.056906151498814908,0.038319079359951928,0.12001660284705472,0.99203208778650698,-8.7126206828966399,-1.2246510818940961,-6.7790758888839111,,0.0802714176631142,0.3516209476309227,0,4
0.17696836705103572,0.97596660040585692,-0.12716678794215683,-0.97864159480484103,0.18822370561637727,0.082658729495907871,0.10460796327779326,0.10982272777651735,0.98843115212067134,-18.602701379838599,-3.6973415036499011,-8.4444363699134186,0.1935954247988065,0.1316124187185453,0.532258064516129,1,2
0.7811608474462467,-0.53265595529077436,-0.32567677797216993,0.61482544480901535,0.74698700278260499,0.252982390867935,0.1085237431738232,-0.39785430872008015,0.91100743476681301,23.525425328181377,2.3770554618402127,-0.42948861667852978,,0.1485174833989271,0.16,0,4
0.9759211799735763,-0.045840412145170796,-0.21325221474428732,0.11851507397289061,0.93220231863703651,0.34198393875872746,0.18311752433937906,-0.35902297105073039,0.91518876661469306,2.2323364627793949,-12.261433911160623,-3.3897755131871015,,0.350213868909804,0.1666666666666667,0,3
0.97971636394963391,-0.044558106442886873,-0.19537251945842424,0.073014911951582342,0.9873183009948282,0.14096593614553793,0.18661368878517648,-0.15237174170727838,0.97054530213024026,13.366385910876057,-0.30830683077796867,-2.3028347840827355,,0.08502472063943586,0.303030303030303,0,1
0.92763030030221694,-0.30525730417739477,-0.21522082661203693,0.33870714044689371,0.93037586814090656,0.14027906825803599,0.15741505319221263,-0.20302394496069689,0.96643767455593788,-16.376976261784879,7.71605352504326,-9.3690362940644274,,0.7017877155026704,0.5432098765432098,0,1
0.785018314728821,-0.51403898754735544,-0.34570242235427051,0.60960656930849044,0.74023596089732158,0.28360280825540213,0.11011846437475159,-0.43337586628203861,0.89446033021483851,-19.338959173909387,9.1332673765068542,-10.098020119329879,,0.3168798682730917,0.2857142857142857,0,1
0.75939296710843607,0.63983392264592553,-0.11804606277963926,-0.62240972922784377,0.76725267942394981,0.15469148289189286,0.18954801626176085,-0.043998606208589953,0.98088514729449017,-23.615321193063533,4.1663329747402784,-10.44653093441765,,0.1029613825716737,0.125,0,2
0.6925205191970667,0.72121760785457367,-0.016139783503887138,-0.70967274700983485,0.68511131228874944,0.16427745409977274,0.12953734072668205,-0.10231154331019922,0.98628212265200521,-18.842530858725855,-0.80294331445589684,-8.8780365296670123,,0.433652454495367,0.472,0,4
0.93641783396233236,0.31697379877753373,-0.15049668144458755,-0.28604302899432033,0.93800072659431399,0.19579076196872525,0.20322653813183086,-0.14029343461858512,0.96902875416670309,-7.8874260134890282,-5.9366850650166842,-6.1557019176748939,,0.08726736250745591,0.2527881040892193,0,3
-0.79841092803751268,0.5968663943385959,-0.079312655355384884,-0.59118290296465414,-0.80207137048769617,-0.084760202254792832,-0.11420492648114018,-0.020785185908064861,0.99323975495053796,-18.982595958839866,5.3523392839251969,-9.5719658008313928,,0.1934301388372318,0.25,0,2
-0.67299489491394127,0.73838411892585443,-0.04320606829904941,-0.7335417722488623,-0.67378998153933078,-0.089014207535795434,-0.094838493164805138,-0.028212651334410265,0.9950928130174147,0.9368678561712489,24.683973609144829,-8.1567273433471996,,0.3958435792861742,0.4166666666666667,0,2
-0.39188597992427338,0.91102310713077228,-0.12830540523526604,-0.91953793872928458,-0.39234048778352221,0.022779835014474625,-0.029586449200453804,0.12690878582502277,0.99147304658479152,-10.648617805548794,-15.06692125281783,-5.7109322108266491,,0.1206243912894964,0.3214285714285715,0,5
0.98159741799276046,-0.026100709848639998,-0.1891699287290213,0.048003969764116625,0.99253147075964288,0.11214677185985242,0.18482999723213675,-0.11916388923284234,0.97551926666061861,-5.1375609010673005,0.89586169202007426,-6.3063167682659147,,0.07597910050688315,0.2607361963190184,0,5
0.0076803725527806628,0.99843896807449406,0.055323041382307515,-0.99682729912259893,0.0032613665325886779,0.079527977544277317,0.079223403116714525,-0.055758322416282605,0.99529626839445506,6.657224867425958,4.9074076043038986,-4.2184790154743395,,0.4269386826752648,0.4782608695652174,0,4
0.55932097991722662,0.82662808669994292,-0.062016511537050886,-0.81183684226863806,0.56136188718262936,0.16060439954759445,0.16757381346654332,-0.039482121239222283,0.9850686164642195,6.1841608908152086,-5.1339201188696819,-3.3085451504243708,,0.7413162848170356,0.2063492063492063,0,1
0.97080960072746803,0.16295964725522114,-0.17599111483772986,-0.13299585546938084,0.97635466991567355,0.1704220084432255,0.19960165721591763,-0.14204123309908706,0.96952744496293097,-24.583920450332354,1.0818100177730943,-10.238388467114936,,0.07061477028775839,0.2666666666666667,0,1
-0.83981828360609379,-0.48988003961865079,-0.23392904331045719,0.50014200456876068,-0.86576658709552845,0.017498340918623276,-0.21110003739189226,-0.10230231401191195,0.97209619419116733,17.693195898167996,-2.4638966005899312,-1.1650163605444537,,0.4757101018940968,0.8956521739130435,1,5
0.94530441080570227,-0.24196839327426606,-0.21874841157721289,0.28246163334172714,0.94262938004599639,0.17794740111623888,0.1631410328556471,-0.23000249679160015,0.95941849829384784,-12.754035077718122,6.0576855696139562,-8.3838384092665166,,0.1385676578553037,0.3108108108108108,0,5
-0.97893989205979759,0.10969630240483183,-0.17217261388693444,-0.090182966751095939,-0.98898730367453702,-0.11735052483282578,-0.18314944783406389,-0.099352072999392499,0.97805186230015473,-3.9777712946943495,9.4951089961022355,-7.0366234570944064,,0.1916326411847216,0.1923076923076923,0,5
0.69264842583025987,-0.61601738672733708,-0.37518093960712567,0.71696382222914612,0.64482170882891865,0.26489213170180564,0.078746655861926224,-0.45246827852632476,0.88829692170917018,-2.9945637623729566,-4.5340038321530693,-5.2632638900744553,,0.07788061822582529,0.5263157894736842,0,5
-0.8882471961760332,-0.40438738925757434,-0.2179168600518496,0.41134159406023657,-0.91136506380528892,0.014553812942438774,-0.20448719148493827,-0.076710885046537711,0.97585881593290813,-9.8419577216913456,-0.87660309727236119,-7.0423021791602487,,0.07371131445130172,0.3688118811881188,0,4
-0.94877279531374115,-0.24105258581267808,-0.20426412740755703,0.24826509729909452,-0.96863993584592356,-0.01005565251364572,-0.19543445022723172,-0.060252183009627119,0.97886416325604297,7.0809568027778163,13.271902548500673,-5.1977750445410997,,0.1481246014689462,0.2105263157894737,0,4
0.89770794141927213,-0.39016575446457596,-0.20467324191466696,0.43245106834068653,0.86916190275445848,0.23988259689116026,0.084300209986514288,-0.30385567436422228,0.94898113982991894,1.9746862142769173,15.730926909256551,-6.5333825202942251,,0.1884945080395155,0.1428571428571428,0,2
-0.94134750547530888,-0.22880461467209515,-0.2480187941269123,0.26797966473468532,-0.95357549170184508,-0.13740699004879697,-0.2050652901495017,-0.19581172061533647,0.9589608943254998,-8.6769689300766579,12.903384029331725,-8.4524862984824871,,0.5218644812338036,0.2784810126582278,1,5
-0.97606362408896497,0.10488353398511645,-0.19052361016186253,-0.11106570294232573,-0.99356875342868689,0.02203501395717173,-0.18698719571201536,0.042668214269624832,0.98143528168229133,-6.5405917923175734,3.2445939416330671,-6.8634614421579778,,0.0729382832310574,0.2916666666666667,0,5
-0.96865560975858245,-0.14739896703584324,-0.19994962915693368,0.14707666961512475,-0.98898664473569853,0.016549011733294899,-0.20018682009101477,-0.013377632495764393,0.97966641057589399,-22.056379371590573,10.602998021423396,-10.800933779644632,,0.1209037081331356,0.48,0,1
0.9645064381280678,0.23306257982033377,-0.12413365658434077,-0.18889704296200802,0.93745982887206358,0.29238155962948725,0.18451351703796062,-0.25855541599172249,0.94821087258669978,-12.466302162057273,2.4482496674455789,-7.9476701238487157,,0.5669553773871346,0.3850931677018634,1,5
-0.14319366153091523,0.98555695461503046,-0.090405002667535775,-0.98876392740623475,-0.13850018659761046,0.056245836935949652,0.042912366021556916,0.097443252831453234,0.99431551396931239,-0.2259614440396395,1.6399561802167504,-5.3259764936947889,,0.1039850144826194,0.3472668810289389,0,5
0.97980963376096275,0.12976557045326889,-0.15209858090772835,-0.080322129875714798,0.95214372410877601,0.29490792477059458,0.18308860434619054,-0.27673674379309943,0.94334264061016326,-20.255188064109195,7.3002716335240816,-10.031766204937345,,0.550171995565512,0.58,0,2
-0.97406695469315929,0.01472309158836483,-0.22578042064996978,-0.006249292737093735,-0.99925056963300962,-0.038200071052205388,-0.22617363709124638,-0.035798458935938221,0.97342896824716019,-7.5897695686013522,-17.241367145047104,-4.9584212460149111,,0.1216371272443763,0.1851851851851852,0,2
0.97654146260534191,-0.035011116789271962,-0.2124640993527819,0.11682113675616047,0.91500405948291619,0.38616109738913851,0.18088558212201242,-0.40192262045193877,0.8976294409996971,19.190582446476714,3.3909903901755327,-1.4486227313830637,,0.4902630708510887,0.7142857142857143,0,3
0.97613084543581596,0.11028318236475972,-0.18709941816120768,-0.067001729853545244,0.97237668296768043,0.22359417393439673,0.20658978867648287,-0.2057211853657126,0.95655603761950825,-19.87233620135591,4.4701433125184238,-9.6367982924401296,,0.07972908855601012,0.4166666666666667,0,3
0.20251380249965692,0.96893673001170366,-0.1419498962005861,-0.97317654771427531,0.21528390095815461,0.081118733762085823,0.10915844802879271,0.12171464670476888,0.98654446326634404,3.2746618551866882,1.8276266545997106,-4.6152658639322546,,0.1307028700097038,0.4357541899441341,1,5
-0.95217755301048235,0.28140794089446147,-0.11902721682249436,-0.28199950063488832,-0.95933705098521471,-0.012194435151525809,-0.11761883005983149,0.021954348282979184,0.99281610452632429,1.0173818262030019,1.1733934830763377,-5.0219075637191564,,0.3367331403627026,0.208695652173913,1,5
-0.41651971094616552,-0.88042176924005577,-0.2266469471259947,0.89753597759817594,-0.4379078863376657,0.051631889372412469,-0.14470832495129518,-0.18191808962137015,0.97260747959199967,-6.2021324778928388,22.167219400880011,-9.1096634089083555,1.287671950622771,0.8504072851142179,0.8356164383561644,1,5
-0.57877201189705452,0.80625653429545641,-0.12236567799230008,-0.81213806879833184,-0.58345731719446947,-0.0030522484741386047,-0.073856045474637422,0.097611269421678318,0.99248039004744903,-0.3888741121400629,21.515736234056167,-7.8936703707087394,,0.1908874599124557,0.4545454545454545,0,5
6.482155603941229e-05,0.99570846900335641,-0.092545343227835919,-0.99745008775956367,0.0066691074169320545,0.071055228060292783,0.071367487181521722,0.09230475481389637,0.99316993209225868,7.1506747071877186,7.1101779377634253,-4.4131106520068188,,0.3417517722577991,0.5254237288135594,1,5
-0.87988978253553607,-0.35026726004012015,-0.32110250253393208,0.42962817730196756,-0.87512249202614123,-0.22266623726588045,-0.20301132938276178,-0.33387642997663525,0.92049602370042904,-4.213838391576914,-10.54244773228381,-4.9174144182890354,,0.366065752314191,0.1967213114754098,1,1
-0.73048352369651803,-0.62533123443662986,-0.27450804878159946,0.65665182372380881,-0.75356617476110144,-0.030763658041891694,-0.18762250400236119,-0.20272855618753724,0.96109257020226835,-11.446463975879306,14.389354581547831,-9.2055774125555239,0.8733169130993264,0.3531644110182984,0.375,1,5
-0.11888733985962467,0.98408051322881862,-0.13210353479149095,-0.99176406693081054,-0.11131065916295356,0.063355920809081215,0.047642795530487995,0.13854775581009379,0.9892091201530776,-8.3947271338946639,-14.84595367006238,-5.3159125548199393,,0.08986291084510781,0.3333333333333333,0,1
-0.57289623221355634,-0.77972056129044232,-0.25263759303877786,0.8005096167200243,-0.5984754852579246,0.03180325587184224,-0.17599505860753314,-0.18401885731143966,0.96703815824377981,-8.5834223908554126,-18.657272286796402,-4.9582961478632033,,0.1447404002703127,0.3428571428571429,1,3
0.34767739541758585,0.9375866719714262,-0.0071875765866453193,-0.92794792203704735,0.34518083353156992,0.14058039034508313,0.13428731400534075,-0.042206927203906376,0.99004317713584333,-8.1579983220480248,-0.48715896638421752,-6.733982798197208,,0.07811653642167965,0.2090592334494774,0,4
-0.1720724238169265,-0.94787364963834453,-0.26819139673571424,0.97960604635049731,-0.19332430776581705,0.054751310307746222,-0.10374524044656447,-0.25330072314968416,0.96180854058202858,-17.871488888983684,-0.4427540760735208,-8.7205700612860291,,0.06642614671138342,0.3125,0,1
-0.62212761208961165,0.78082305102200356,-0.05720661909576271,-0.77687512069301845,-0.62473658941203392,-0.078544514117970213,-0.097068435260314556,-0.0044223118964913793,0.99526788455852655,6.5892750444801012,8.4766271879786323,-4.6489904223172127,,0.1572089031247171,0.2380952380952381,0,2
0.93603979425669381,-0.29490030826719549,-0.19199820767861137,0.3275805499995384,0.92952598407575437,0.16932934828316093,0.1285320459258549,-0.22139388679887517,0.96667691606772121,-11.73206076370713,6.7844126906969349,-8.2862596489625364,1.050556179470008,0.3206281164792369,0.3300970873786408,1,5
0.96561353501498381,0.1979611203741703,-0.16852862016900408,-0.16426302955981048,0.96700736702384038,0.19471622747334363,0.2015146598034446,-0.16033760301882197,0.96627309542513862,-15.692012038242943,3.5857544284248619,-8.7017601703512373,,0.1186731998095763,0.3432835820895522,1,5
-0.65753798916962247,-0.63575276665723901,-0.40430460359292747,0.72918305696538632,-0.67201403690261097,-0.12918670071051708,-0.18956756640676123,-0.37975723020572116,0.90545490438403153,-1.118170396294585,8.5365440410600009,-6.3259722132925278,,0.2061078336068844,0.3571428571428572,0,4
0.28937674464476143,-0.90624484922856552,-0.30819048152967682,0.95697165265546902,0.28116180100874533,0.071786472732527112,0.02159526968249691,-0.31570289023100845,0.94861231777113597,-2.7025669844920976,7.1814495897859656,-6.462869463673858,,0.2812483597907851,0.2340425531914894,1,5
0.74912572207245542,0.64972336368010875,-0.12911314115003278,-0.63631969031480917,0.75998017056548339,0.13239105734499262,0.184140990132802,-0.017020312437342276,0.98275246360283808,-6.7042488542740815,10.103953440504931,-7.6610875460545058,,0.09287329871946309,0.35,0,4
-0.92596447891188449,0.32953392414715516,-0.18438323304904702,-0.34164905533928136,-0.93908333599255867,0.037395334560120903,-0.16082819025040021,0.097621108871307427,0.9821427657543057,12.631583850857105,4.1822185821317621,-2.936749602922375,,0.1370442778063087,0.3125,1,5
0.94513767994087061,0.29339875300806001,-0.14363821806644667,-0.25233763551392174,0.93495269898541378,0.24937756186781049,0.20746200533888567,-0.19945080193673306,0.95769457237031597,-9.5280717119543876,-12.068983951474136,-5.8236623797292841,,0.4788415948505207,0.3529411764705883,0,3
-0.82352628253354554,-0.52000389857441387,-0.22671657955229188,0.5306721845453336,-0.84742492812930403,0.016063117223265047,-0.20047816471217816,-0.10708378333088461,0.97382830561715639,15.763216748062041,-1.8744679463808855,-1.6245028477791998,,0.1157857527596153,0.4705882352941176,0,5
0.10098486071956501,0.9929577357698316,-0.061943465194466744,-0.99145231298431646,0.10561073612138278,0.076607333160391575,0.0826097390354045,0.053677810972018181,0.99513532930237847,10.335972102319458,14.45185742062638,-4.5836637762906465,,0.1956704320385668,0.25,0,4
0.93367413942815247,-0.24845115778607721,-0.25792367777669334,0.29742641710999629,0.93911511175015405,0.17204747393555242,0.19947462938481239,-0.23734959253651966,0.95072343147444238,-9.9497415175251316,-6.7056265237448169,-6.3850286110483419,,0.4049440184178977,0.9605911330049262,1,3
0.25815196095711129,0.95003633204586779,-0.17546661462179314,-0.95839960247130862,0.27472594501022912,0.077432920137851941,0.12176931894708322,0.14817767352429098,0.98143548439624551,-0.57400294826872544,5.3633170971614401,-5.8609114693920263,,0.07045821863350565,0.4020618556701031,0,5
-0.86302174053953107,-0.42574909373339737,-0.27190289542649376,0.45247115891395395,-0.89082289530124215,-0.04128461648334724,-0.22464043649170395,-0.15865773978065059,0.96143871146345761,-26.117311147897205,-7.1236360530810892,-9.6608723936925536,,0.2153519966383817,0.1666666666666667,0,2
0.89988417148826572,-0.35434777541388007,-0.25425603623928228,0.41539488148852483,0.87399817016842374,0.25213942764942721,0.13287426514570574,-0.33251293599118914,0.93369137141804381,-3.9758052941101809,-15.084523266760902,-4.3672745457581188,,0.3589146204547451,0.25,1,5
0.86403362902330216,-0.38591817376600751,-0.32328478323906934,0.47919725826034409,0.82730528183492036,0.29314835548542967,0.15432393071909403,-0.4082072191977405,0.89975051575548193,8.1053000020987565,8.3302620439347912,-4.3098158307873788,0.9093051771299006,0.2245592880310086,0.2142857142857143,1,4
-0.87931465646920026,0.46558604778948748,-0.10017667903368649,-0.44959425417345406,-0.88091709195218315,-0.1478177381802519,-0.15706922528830702,-0.084939444372298598,0.9839281219972611,-2.5185832432854527,-16.086557231419896,-3.9889717248224463,0.7838414310139208,0.6139762128787857,0.3958333333333333,1,4
-0.45909167360738362,-0.82944682852023133,-0.31820244166583911,0.86918565936348335,-0.49343685669465132,0.032192514846913371,-0.18371479195001758,-0.26179768355169269,0.94747604091382143,-15.590410903445289,14.893221129827699,-10.033770957875474,,0.4858499766728979,0.2,0,2
0.76278127699031151,-0.57249344972745853,-0.30069248991649961,0.6366234573531071,0.74641579647620848,0.19384022368580864,0.11346936600160751,-0.33928558588590496,0.93381475367936428,16.413506508928396,-0.22156865106092033,-1.6911063233528516,,0.3803596782594509,0.2222222222222222,0,4
0.31051910242715208,0.95002619575695035,-0.032064223106335041,-0.94188837899730438,0.312056693272176,0.1243659989461175,0.12815681229519707,-0.0084170992397706035,0.99171819782775061,-9.3420334095955493,16.784019314625976,-9.0230472170553302,,0.4416290717695829,0.2222222222222222,0,1
-0.9186283268819847,-0.34332847366480845,-0.1955698244131725,0.35119982058900673,-0.9362814178699258,-0.0059826891722126602,-0.18105436495223085,-0.074179954991054425,0.98067153074272029,-3.6249703758754106,13.342702124582248,-7.4414503170181714,,0.3325045643973452,0.8738738738738738,1,6
0.97898584150652379,0.063015297383640284,-0.19394791678544485,-0.044591278915002898,0.99419289100671238,0.097939334878477627,0.19899331640657406,-0.087232836520232143,0.97611069672355621,-4.8341742402454777,5.9352449189150231,-6.8162305054900338,,0.1451809099589121,0.625,1,5
0.13011855224850521,-0.94958926766817175,-0.28521813597697182,0.99046075098732356,0.11133067026615745,0.081197183520827845,-0.045350447785880744,-0.29306262912134246,0.95501708482000791,-10.916241065257987,-11.012759991323284,-6.1828933093592582,,0.307136522352815,0.125,0,1
-0.83027762383203707,0.52749396723810082,-0.17996994718906661,-0.52843701552805344,-0.84768821099587732,-0.046679948140632831,-0.1771817936008937,0.056345465354524456,0.98256389133244249,8.2863427581604938,9.8201140458381992,-4.4952157917762818,,0.1832945214274367,0.3095238095238095,0,3
-0.79419640706559291,-0.56137906820411621,-0.23260612370782716,0.5738443676330055,-0.81879205549899359,0.016799154371817993,-0.19988673978025343,-0.12013788592284469,0.97242592500714942,-18.180675896715105,-9.0253062178346593,-7.8544455669221405,,0.09192321993174274,0.2413793103448276,0,2
0.55275573401737643,0.82933323931583658,-0.081654618220971115,-0.81651571517767774,0.55857931319886667,0.14591517307726351,0.16662288371888362,-0.013983169604338829,0.98592154129475207,-20.509777981393977,5.4216898068652135,-9.8990162867605918,,0.09417371469156281,0.25,0,1
0.96791718533345639,0.22272982537963418,-0.11630884412854169,-0.18751251855424789,0.94839760114905469,0.25569717542468307,0.1672584159963337,-0.22568432604209787,0.95973496719527818,-22.652961048381737,-2.5464004922921077,-9.4208210104645804,,0.257607987183824,0.3181818181818182,0,3
0.93032036037258847,-0.29088436632360182,-0.22336139439199135,0.33072305752531478,0.92862988800804414,0.16813325167638843,0.15851273228774251,-0.23028855057662972,0.96012545908125491,0.81371308232464701,-12.144559702373956,-3.6880816671480177,,0.1739741850532628,0.3333333333333333,0,1
0.52893620615098103,-0.79167023647558088,-0.30575272116745611,0.84395264686823024,0.5285782471330277,0.091372679187399136,0.089277206871151704,-0.30637113659167226,0.94771636421284389,9.9241124137895813,1.2503036463604191,-3.1784830832319089,,0.086391785444939,0.4375,0,4
-0.89356502275505512,-0.35282945774675178,-0.27758408429679521,0.38908219646181941,-0.91710673406635601,-0.086777201652205274,-0.22395667997450597,-0.18554409739001279,0.95677416009135674,-18.950619410190541,8.050534268143382,-9.8968312600749044,,0.2180151028559473,0.3478260869565217,0,4
0.43596421738399244,-0.84565309027017443,-0.30790591432654713,0.89952573324930674,0.42013128748293843,0.11976291788456489,0.028083026600768168,-0.32918164012355339,0.9438489240458493,7.5269377466750358,9.7135497734326375,-4.6706491982460925,0.4739614570680211,0.328110864340597,0.2666666666666667,1,5
0.74100738244850961,0.66140087335828945,-0.11600406836701148,-0.64375220561164248,0.74885488628406782,0.15747843363019493,0.19102658696357419,-0.042014807025214644,0.98068527013699969,15.664224685526911,7.261376190488547,-2.6044048854711095,,0.09638844307309666,0.1875,0,5
0.19602709282464773,0.9765303536714921,-0.089229183773851806,-0.97436905882329927,0.20421415008457586,0.09434785696046534,0.11035540805286811,0.068447419699103576,0.99153246777401105,-5.0479136896700538,-13.023318467963351,-4.7958553174329959,,0.0980396938079887,0.2666666666666667,0,3
0.45423403263837675,0.89061563594940241,-0.021799830171842415,-0.87977005372003192,0.45228671599697701,0.146428750968255,0.14027150876258346,-0.047334084285141513,0.98898098479918051,-16.425168159673486,2.092893295877162,-8.6952896188383502,,0.2841555542430527,0.5087719298245614,0,4
-0.97428261804018224,0.12045584149170953,-0.19043048714765012,-0.13269261905250784,-0.98974865599825479,0.052822976048621267,-0.18211548268544669,0.076733227484391264,0.98027851285544054,-4.3816868854822015,3.3797047303040064,-6.4092913746250009,,0.154206020718126,0.5571847507331378,1,5
-0.21179598626181656,0.97731087950533935,-0.002430021375570576,-0.97646148210743866,-0.21150677664406589,0.042283062734179561,0.040809731240597308,0.011328205247898274,0.99910271624189517,-2.8312141745968926,11.109057773534044,-7.0008518875199641,,0.182193484338964,0.5625,0,6
0.88022193402772175,0.44711705906362453,-0.15904616421275256,-0.42121013945783697,0.89046865782752127,0.17218474916426044,0.21861236304107767,-0.084568935911155954,0.97214028298617894,-10.26473410092129,-13.374525352125501,-5.8419954033342831,,0.7907984564704946,0.8727272727272727,1,5
0.97929025007912263,-0.049861290363794761,-0.19622552796011516,0.07988303833824624,0.9857270539209837,0.14819202189762787,0.18603576614677864,-0.16079809355683936,0.96929596451376299,-15.30720442282648,-3.3612633016883882,-7.8947652517825162,,0.1005350745263023,0.5190839694656488,1,2
-0.7421092277506961,0.66471476493259651,-0.086186863081730541,-0.66082606799307175,-0.74708852919000435,-0.071886281121872467,-0.11217308923303435,0.003607053273734979,0.9936821359059439,-1.1020486945212284,19.945598314675944,-7.7591223996214573,,0.2884657954429474,0.25,0,3
-0.27507672052746018,-0.89958961369484858,-0.33922164547123429,0.95308935061477784,-0.30150822297186319,0.026711069335601103,-0.12630711606461287,-0.31596094444203621,0.94032717392338405,-1.898376862605861,15.420703682373389,-7.2866051437605348,,0.241105827326946,0.25,0,2
-0.056324623578434291,0.98428290896947923,-0.16737589996570115,-0.9965936366720799,-0.04531181793318563,0.068905460598625776,0.060238360896248178,0.17068683096879658,0.98348225485280794,-4.5353877723459073,-19.062512654406373,-4.1019244575083382,,0.2138893587144737,0.1428571428571428,0,1
0.95611767555973037,-0.14972017919335107,-0.251838953350289,0.21765725989447912,0.93837451244182379,0.26847456418587673,0.19612319520517046,-0.31150785277722953,0.92978414159450706,9.4546262007874429,5.554545054988667,-3.7152630028612852,,0.2759736047682836,0.2,0,6
0.17849139217720489,-0.95019528702510825,-0.25547943054953764,0.98317157296051938,0.16196530876995879,0.084503827590174607,-0.038916333858437055,-0.26626331942331954,0.96311440841090845,-11.458456424057712,12.789417959139547,-8.9523110053661963,,0.1170012228192423,0.3448275862068966,0,3
-0.35495286443119639,0.92824729581429744,-0.11119991837017466,-0.93478117122218773,-0.35062833514228253,0.056955531108283663,0.013878975486839298,0.12416411884596898,0.99216462627461188,-7.9035103715501398,10.360802274113697,-7.9439618352285057,0.1347913286531172,0.1634787624547699,0.34375,1,5
0.97552704972178206,0.1138409317948826,-0.18811490506918571,-0.095884521645952875,0.99015556795707282,0.10197112214903213,0.19787150823158611,-0.081438280259832047,0.97683912326364064,-23.15337827285191,0.20957860267812428,-9.7928806434643985,,0.08534530023674489,0.3076923076923077,0,1
-0.40669854161149283,-0.88906067153763757,-0.21016045911667292,0.90141993250527008,-0.42791246297460606,0.065825749621264584,-0.14845336484323934,-0.16267159050077626,0.97544838515970123,-11.029258837777368,0.15363422324322579,-7.3916202654248551,,0.262135519121057,0.8886699507389163,1,5
0.78750718076343296,0.61295025150790228,-0.064221720799347903,-0.58431392137618932,0.77570084246128446,0.23846476530262053,0.19598388079638177,-0.15026706951708652,0.96902534862960987,-9.7570951507304429,15.044255167249142,-8.8891431591212093,,0.08800556219207482,0.1428571428571428,0,1
0.78009733639510703,0.60701554530224711,-0.15159245862072551,-0.59656010274958238,0.79468468357872124,0.11221540666413291,0.18858470127947358,0.0028950728496580876,0.98205266100985045,-1.731006787517829,12.994573930844012,-6.9986208501343787,0.6494449479553466,0.2425407847748121,0.36,1,5
0.94713825545325792,0.28240420081131529,-0.1522399173051576,-0.24826397836365066,0.94571111020438392,0.20975102641714005,0.20320955219676984,-0.16086753370432863,0.96582996148176858,-27.035545372046716,6.9417991279374052,-11.407139449284333,,0.1019230039807796,0.5,0,1
0.96957989280371637,-0.07829385325176616,-0.23191572610266367,0.16820924521811437,0.90142495171080395,0.39892193002682536,0.17782148715463805,-0.42579705139440077,0.88717325801105373,-0.90042773680010424,13.703483025448348,-6.859788378302679,,0.1070212726861669,0.3571428571428572,0,1
-0.51731690857070067,-0.83093520887526717,-0.20476790460975436,0.84043742748047423,-0.53840141621814264,0.06155359862997882,-0.16139438217253912,-0.14025189362612683,0.97687320555813673,-11.386577662829575,-9.4330651414005171,-6.4313095732782237,,0.08439228641809923,0.3888888888888889,0,1
0.77430252673433719,0.62593846232377981,-0.093041058015062725,-0.60472587260775901,0.7752097108511472,0.18263768286107998,0.18644628205358435,-0.085152484319730867,0.97876802068854507,0.16425740101221226,8.9168583284545395,-6.1126810224250221,,0.6472676098700612,0.8387096774193549,1,5
0.98103739602428086,0.0055666760556118758,-0.19373858603693261,0.023531413553156685,0.98877213296004018,0.14756673628512074,0.19238477116988342,-0.1493274294941955,0.96989144682411088,-9.5886389341305254,-0.00023644747757008909,-7.0532448191323578,,0.07927271783794698,0.3321678321678322,0,5
0.96606564062416223,-0.15330404453395571,-0.20788229346184978,0.19178268628764153,0.96484215054442679,0.17971929716394483,0.17302190394780617,-0.21348886261895988,0.96150191174637789,14.581714712803338,2.540459164042284,-2.3325933317660943,,0.1150895303975316,0.2608695652173913,1,5
0.64664548510095565,0.75584893098401451,-0.10267429147002533,-0.74168929824380037,0.65447633219954027,0.14682545917263518,0.17817576004936217,-0.018791597083776614,0.98381922852212655,-9.6599696154796959,-17.33682678947083,-5.3150935256509841,,0.1372631363864621,0.4545454545454545,0,3
-0.88585042372827127,-0.37500613041704312,-0.27320217592486118,0.40141807397718848,-0.91473977776542348,-0.045985528790140152,-0.23266404248376563,-0.15040459143024906,0.96085685833625256,-13.367372103617846,3.8098323238443319,-8.3025972388992137,,0.4422949803035099,0.2934782608695652,0,4
0.98606390949957767,0.004328102062439697,-0.16631065484491803,0.021507431157252434,0.98795657167532547,0.15322937997836186,0.16497089678917437,-0.1546708764314545,0.97409523312482171,-21.396346870821713,-1.6276615934050827,-9.2584413553784799,,0.3964446723746451,0.9145299145299145,1,4
-0.8176707365165129,-0.53364871930354763,-0.21594816746207127,0.54010208165164364,-0.84094877425051029,0.033089280471559339,-0.19925939887519631,-0.089577918441141061,0.97584398778065329,-5.3839877626494896,4.8832052483136001,-6.7721042829880291,,0.1547171387356212,0.6875,1,5
0.3042702138505774,0.95190606142404088,-0.035978982580030162,-0.94424897052052936,0.30637814065735935,0.12052516997814032,0.1257518136419678,-0.0026991019820562919,0.9920580609088594,-10.525011092270418,11.33003374179026,-8.6519128570514621,,0.2753017471215212,0.2258064516129032,1,3
0.72708676141433792,-0.61522455917163621,-0.30470245021672487,0.67797007842547463,0.71334456977048399,0.17747139921327737,0.10817307491129999,-0.33561624896752018,0.93576723563779785,-13.928236988511216,-2.5952697987456328,-7.6537861354231449,,0.1694250757272373,0.2110091743119266,1,4
-0.97421974067399553,0.15167682849828634,-0.16700310349749176,-0.13599711914835458,-0.98547631351911025,-0.10169178470324844,-0.18000189016907803,-0.076358203157781177,0.9806980903142789,-4.881318842760491,8.7833406995118626,-7.1534231369616812,,0.1794456247091349,0.2127659574468085,1,3
-0.27487444430498698,0.952944539158878,0.12783092409623892,-0.96136427404400993,-0.27446529200437497,-0.021155048494075464,0.014925563971192792,-0.12870706574320973,0.9915703297133871,-6.2661396017975335,-4.760827136061657,-5.8468569547654372,,0.5065313736321656,0.3248730964467005,1,1
0.24185084630289866,0.9701136002355204,0.01969189631924731,-0.9641527976182338,0.2379825435166566,0.11736137280329939,0.10916753632607111,-0.047369944262358375,0.99289402122939396,-14.054108528597137,13.337088484796018,-9.5361014538945934,,0.3389888400970757,0.2222222222222222,0,5
-0.75700430478166902,0.65335710677136383,-0.0083050330146252401,-0.64499886871266354,-0.74923222768859543,-0.15042449385711087,-0.10450331048060385,-0.10851525249538214,0.98858661637433543,8.8342782372478297,13.447060518845372,-4.7962052105209354,,0.3945818772681916,0.3333333333333333,0,2
0.93790802089478031,0.2974516185692177,-0.17846870580522201,-0.27779289071076502,0.95219290683943336,0.12712111561510653,0.20774901735458393,-0.06965057627345933,0.97569930973275865,-4.1066518292009615,-17.292884503613628,-4.1807309168446238,,0.08807749999314875,0.2083333333333333,0,5
-0.54107185377971123,0.83094919444264448,-0.1294785128988859,-0.83972303561610739,-0.54222624855267809,0.029256090582279636,-0.0458963234154562,0.124555737064213,0.99115054147255277,-7.3725618758305105,15.74859297806907,-8.4964634169909221,,0.6084864992102177,0.6,0,1
-0.88456377706409561,-0.41798413308840771,-0.20696905274082389,0.41922197888975998,-0.90700115490159106,0.040022961196465999,-0.20445013260415146,-0.051363114133711647,0.97752850279909087,-15.904023147356156,-4.815343281200188,-7.8276156767447178,,0.1567978340737815,0.6814814814814815,1,2
-0.93653817928485195,0.33687593026012141,-0.097009516817642361,-0.31134863003721874,-0.9264674762163766,-0.21147114717427706,-0.16111570164252095,-0.16784702298413079,0.97255802272131964,19.884059064650181,-3.7853905993473411,-0.63837442695324098,,0.5608586547794022,0.1212121212121212,0,1
-0.10498432372816739,-0.95667955555629869,-0.27155573967777213,0.99157436572741264,-0.12153672985802727,0.044822991061458303,-0.075885235741994045,-0.26456199892656451,0.96137837489739808,-20.33139563838699,-3.7966455969133905,-8.8263757293759912,,0.6793479279626312,0.9040404040404041,1,3
0.95553436426378646,0.22104471488150654,-0.19517508225681468,-0.17705693498949532,0.95936693449237664,0.21969507681062159,0.23580695596849238,-0.17536909370140677,0.95584557355841748,-12.906632418092872,10.802148646716587,-9.01785744010221,,0.6126679627347567,0.6179775280898876,0,2
0.31765452496831847,-0.91183898765491667,-0.26008703035639558,0.94775062612505134,0.29681963772426401,0.11690531784657915,-0.029399888549535944,-0.28363314907410453,0.95848207249774975,0.85619115765117593,15.629457627418446,-6.7571073711934337,,0.1007211877060243,0.2439024390243902,1,5
0.3138989518265855,-0.82193608807250118,-0.47527730344110036,0.9494346147253192,0.26834263962761606,0.16299122712301836,-0.0064312054511500051,-0.50240749883113434,0.86460704641743946,-17.460386815403044,-7.4720042072127208,-7.8531288272464073,,0.2129344808305827,0.2666666666666667,0,1
0.46942591911079429,0.8763842286833865,-0.107656816700147,-0.86947211350249776,0.48003908134399387,0.11653636438430383,0.1538101112036617,0.038899409988295677,0.98733443452260738,-0.094685705985054533,10.944060544525804,-6.4076426399780413,,0.1074896879673993,0.4230769230769231,0,3
-0.96896306271074362,-0.10379158389249193,-0.22436107107808007,0.1451448295954004,-0.97354475236718929,-0.17647547586004633,-0.20010887422585144,-0.2035630670121559,0.95839371669719686,-10.546819885396468,12.659645794568178,-8.7862298487130843,,0.09601640974492232,0.4,0,1
-0.93306594049715341,-0.26119176403331673,-0.24731925336561922,0.30715278953606123,-0.93636963406074891,-0.16990901179500614,-0.18720340425424722,-0.23450111046667518,0.95392039218454583,-24.625067657283292,-5.4999555793494626,-9.4712159809727172,,0.4336574449827379,0.5102040816326531,1,2
-0.8287309100164828,0.53224750312657609,-0.1729672633730929,-0.54591787329629893,-0.83686005525687723,0.040483620528578429,-0.12320208764017779,0.12797594825193048,0.98409522012360173,-1.9385481296697666,-13.200988171783974,-4.1521200472344342,,0.07592209156513796,0.3421052631578947,0,5
0.32406598981046925,0.94578867392244936,-0.021564288260361098,-0.93496847241681613,0.32366834469745576,0.14516459012918653,0.14427470268458906,-0.026880976932100158,0.98917249418109554,-6.4235663310447615,11.271706884421125,-7.7877279303261817,0.7306067618112639,0.2751374290645737,0.3,1,4
0.29998926791368652,-0.89723325795135911,-0.32400450608378667,0.95394211570703347,0.2818217626119095,0.10281504753052281,-0.00093755906350090205,-0.33992495487137253,0.94045209662092633,-6.3901161534382025,4.5603745150850905,-6.9813743802612551,,0.1298466091961034,0.1641791044776119,0,5
0.74972105558155533,0.63836559117610736,-0.17437806863265906,-0.62550658997204944,0.76962350029010151,0.12814512750295751,0.21600889962965791,0.013001530817176388,0.97630482712992517,-7.0123831997121666,0.99320482175838509,-6.6234852972560425,,0.2042311840637884,0.2944162436548223,0,5
0.81825131012183594,0.55677632993813042,-0.14305562521105139,-0.53033024937788054,0.82715441350253538,0.18591773131702879,0.22184368388280462,-0.076260701831952799,0.97209551242529857,7.7477627424671383,-4.2300180611822427,-3.0490756464840931,,0.198567309720237,0.2,0,2
0.67775991947047076,-0.68336691954171003,-0.27138744413744592,0.7308694136171564,0.66650505308054753,0.14697249557999217,0.080444961298365703,-0.29796084892846336,0.95118239087334577,-26.324700768261863,5.4527547286808922,-11.149563135594574,,0.1089860026891485,0.3333333333333333,0,1
-0.56213588276708171,0.81653117228634431,-0.1314537713052101,-0.82504878566097883,-0.56468661085493366,0.020579912548724742,-0.057426044483478024,0.12002448169376635,0.99110865862887332,-7.639695631146302,-4.0238889085078924,-6.2497424837738818,,0.1412617470583948,0.287292817679558,0,3
0.97255384509840115,0.17696258489190952,-0.15107369702463225,-0.15480322385203249,0.97684520025182053,0.14768011589242183,0.17370947086826946,-0.12024016921709392,0.9774289342132817,-2.6225896441326606,4.143253858359019,-6.1496320384579048,,0.129094233853306,0.2571428571428571,1,5
0.94873230076432957,0.26720519742327692,-0.16884431869745811,-0.24220278594420469,0.95779257437338827,0.15482633805674842,0.20308823690033587,-0.1059941835441193,0.97340659597494406,3.1405352114126681,11.441485308107431,-5.7436708212157512,,0.7694703290379857,0.5,0,1
0.98101991717383186,-0.019162218530723706,-0.19295784899617116,0.040955049762922614,0.99313229194626995,0.10959440949457946,0.18953259879810902,-0.11541689683287204,0.97506734840128129,-8.077248847160007,6.872062481516056,-7.6104256840792157,,0.07278487962399934,0.1846153846153846,0,5
0.97972155977489706,-0.036328747582293014,-0.19704285678843045,0.064278308705104495,0.9884330154298423,0.13736256054064175,0.18977345531516038,-0.14724264364433359,0.97072428606189398,-8.8101553001449275,3.570527983674145,-7.3111588755112065,,0.5976401289338206,0.8151624548736462,1,5
-0.96604583875707428,-0.050788554922837049,-0.2533297458037469,0.081332088707014,-0.99042075590086232,-0.11158771270762224,-0.24523565965555552,-0.12840268287545398,0.9609225891109493,-15.748754749158033,10.733006719355808,-9.5930514682158812,,0.2550189468430989,0.2631578947368421,0,2
-0.21177526982021652,-0.94892079473644519,-0.23388150933609497,0.97100539369013228,-0.23144996731548456,0.059828405079311579,-0.11090428538720962,-0.21443003042115272,0.97042258915193114,-15.896534211481551,6.1493803312171647,-9.0426100420083628,,0.4513673106357778,0.12,0,1
0.94507410652172885,0.26933998665908282,-0.18517803532989627,-0.23837564889160306,0.95558309352335458,0.17331474659659479,0.22363359138926864,-0.11965334495458047,0.96730093241116899,1.812797561898438,-3.6725182768377485,-4.3670278873807922,,0.1287843368070279,0.1530612244897959,1,4
0.86891762323234112,0.46102734028791587,-0.18009984881534244,-0.45157916030471157,0.88738569923865418,0.092859478596509476,0.2026287887116501,0.00064210106236442304,0.97925541187755227,-0.53288427778477432,4.2003013581402717,-5.7266485748095519,,0.4707126982952198,0.9565217391304348,1,5
0.011066869333343044,0.989747566987908,0.14239830773108061,-0.99722987084440329,0.00044923373618471762,0.074379989813826722,0.073553443827011983,-0.14282699965541207,0.98701081000697233,-7.1846308782331718,-6.4430717634486498,-5.9220482131068914,,0.1018028984897205,0.3387096774193548,0,2
-0.88928682142559168,0.42785084183535221,-0.16159395526921236,-0.4309472091228283,-0.90221347333404722,-0.017185793079158594,-0.15314519968974902,0.054355364733343348,0.98670767815837535,8.0367105788491902,-12.680861054032983,-2.2159681100839141,,0.1618725901921218,0.25,1,5
