axis_00,axis_01,axis_02,axis_10,axis_11,axis_12,axis_20,axis_21,axis_22,location_x,location_y,location_z,dbh,dbh_approximation,score,reconstructed,number_clusters
0.019780433791223153,0.97707955916674694,-0.21195346068782786,-0.9979007775453177,0.032369605381536742,0.05609141486799505,0.061666624793975736,0.21039901070575201,0.97566873665223053,19.090340898748622,10.775973598472046,3.6733117581450969,0.3577960594339999,0.3412295190920494,0.7142857142857143,1,5
-0.71278017021509299,0.68080198977051554,-0.16868040690207264,-0.68805939145276029,-0.72537419747598209,-0.020163022336211998,-0.1360834405127937,0.10169033563018814,0.98546454672789685,27.60577960239851,5.3051081721828242,6.3136738649220963,,0.1570937034491868,0.2,0,4
0.67737670203835609,0.73420975265535193,-0.045791294384480458,-0.70275071666676125,0.66424401031046498,0.25479663457554308,0.21749076706837994,-0.14041343907346129,0.96590984691510928,6.0851808653143484,-3.1221292376839163,0.80742746804677357,,0.3675786161353078,0.4390243902439024,0,1
-0.21641212540296115,0.94697368720774489,-0.23750079518759551,-0.97629975506565081,-0.21044379662329521,0.050519270793649554,-0.0021401489018204266,0.24280495093580837,0.97007276817965382,4.4144172139403883,-5.2859497087542691,0.57950266921252158,0.2603452614249009,0.0978858636853276,0.4117647058823529,1,5
-0.24135401385117478,0.95966880553806644,-0.1441666524376137,-0.97016143678993183,-0.2421489842444601,0.012274200384179952,-0.023130641228071493,0.14282735419560552,0.98947729652067362,-26.591817120112033,4.240542886871939,-8.1619103841515379,,0.2466539908377434,0.5862068965517241,0,4
-0.93112488409982797,-0.24317371993877479,-0.27179586483466028,0.26907768354774525,-0.96112728137960246,-0.061899508919164528,-0.24617808681249836,-0.13077037477575987,0.96036214974057854,-26.750748157545654,16.828821495439364,-8.9342314162179672,,0.2127350841040934,0.2105263157894737,0,3
0.94209583857767376,-0.21236512303972799,-0.2595312802938235,0.2398796194062093,0.9675810137003712,0.079023731372891481,0.23433565483759025,-0.1367041932161695,0.96249611138380942,7.275071176582129,16.277125277605446,0.048208369158349938,0.1263771095933824,0.1047925585341047,0.7,1,5
0.94515935746057933,-0.18422197073399835,-0.26969622634287366,0.23090938323708809,0.96089075179871108,0.1528719066433552,0.23098624577617666,-0.20676370234301031,0.95073346720079133,-5.5959634641678049,-5.6265359713517986,-1.9977187894840271,,0.1236085365164435,0.2434782608695652,0,5
-0.27600409325166414,-0.90804907356256626,-0.31506923129764902,0.95272319717886778,-0.30179441851001859,0.035194296604356065,-0.12704428387614419,-0.29045999545266904,0.94841591138910819,-41.566688435738556,-3.0385511665054796,-11.618310079840759,,0.1658205848623113,0.3333333333333333,0,1
-0.84446414585310947,0.47875676192644279,-0.24015051379975508,-0.50149564199579832,-0.86420700702224851,0.040600124049929014,-0.18810217284178565,0.15471978517098256,0.96988626170744585,-12.747350062270813,16.739998468122256,-5.2941255221836947,0.3974268965779442,0.3149988297012151,0.7625,1,5
-0.71445314072749022,0.6644741976250983,-0.21915918962048281,-0.68447350626957326,-0.72870623062383566,0.021982917573357914,-0.14509558545890089,0.16571442345336929,0.97544143901100266,3.1137513966957568,-6.0490857143361749,0.30403304459427477,,0.07012077583955501,0.3877551020408163,0,5
0.017280991845153283,0.99716859876415254,-0.073185742871027304,-0.99862206946016563,0.02084098914044526,0.048162387386257652,0.049551283615501318,0.07225260417717988,0.9961547226619325,18.186023956582268,5.0766963110728875,3.6717937898028068,,0.2198030266406931,0.3125,0,5
-0.42766255793811575,0.89996755518110316,-0.084635312719796796,-0.90197725925136929,-0.43102439112270713,-0.025592929701175306,-0.059512690505618936,0.065393989621749832,0.99608326247866197,-16.755590481952709,-1.9650051784424316,-5.1415512858379557,,0.4932691491179442,0.2941176470588235,1,2
-0.44220837132238616,0.87564004456941347,-0.19418102038788271,-0.89418273088997491,-0.44728436395506871,0.019337568085390753,-0.069921385216184712,0.1821845495858152,0.98077509643223715,-27.9717377411196,0.059380343780323058,-8.2078918369963603,0.3295087522413039,0.2771433751081486,0.4137931034482759,1,3
0.13375879615587538,0.98235202119593279,-0.13074054804533974,-0.98726603169640903,0.14355097271759437,0.068548529453640122,0.086106719304332224,0.11990673327256193,0.98904398699276586,9.6787514418964609,-3.0941157374878623,1.7495873612509951,0.5553137508219653,0.5599584112230815,0.4210526315789473,1,5
-0.0081818734035306838,0.99831132987120497,-0.057511264969536624,-0.99953346699092394,-0.006472337569324269,0.029848906370145499,0.029426269092659257,0.05772865403918901,0.99789854052910176,-22.200525918064834,13.465726701691054,-7.5598494804136092,,0.5169337939641555,0.2666666666666667,0,4
-0.7377451846540497,0.65307139208454656,-0.17096724645532052,-0.6556539652116562,-0.75347394809198553,-0.048937587281231244,-0.1607791044321186,0.075991883694433576,0.98406062475366685,9.9385839551651003,7.6845410912585725,1.1949286661907161,,0.1197783341558985,0.3421052631578947,0,5
-0.85602141038685209,0.48125704987957324,-0.18872995761276334,-0.47554994355948438,-0.87626717072546068,-0.077511913209313568,-0.20268102067010807,0.023398663423513551,0.97896522226793969,-9.4530790647943661,24.803523478397317,-4.7789604594977666,0.3554067932621205,0.2939553428439022,0.3333333333333333,1,6
0.95039713269924442,-0.16848771717079616,-0.26145205931418458,0.23470872345754468,0.94006146740347152,0.24737876351085825,0.20410072339407309,-0.29647314661838275,0.93297726019673721,28.024936064530372,-3.9922068497760232,6.9452146139026363,,0.3678630876045449,0.6,0,4
0.94322214985552355,-0.22318613022925957,-0.24600798217784017,0.26061231091267834,0.95644615836795277,0.13149893362281928,0.20594465135729573,-0.18814541561375622,0.96030625487958199,12.237365925570819,4.394274737807442,1.9870733938168996,0.4760099310111504,0.3629753266784841,0.8714285714285714,1,6
-0.7095938166872795,0.67310185553729951,-0.20835188358021706,-0.68939671817153669,-0.72434142688687164,0.0078525327000799495,-0.14563234631597066,0.14920921341437107,0.97802240789195105,-11.803357645757684,-11.385709321422384,-3.0036485417060055,0.8365869473868277,0.8929235271008672,0.7830188679245284,1,1
-0.90055906485124859,-0.30820718137199216,-0.3065969733460826,0.35675740720200588,-0.92695880735802105,-0.11606688532005399,-0.24843011717734348,-0.2139058269709557,0.94473635161727754,-5.4750128150943906,-13.786373307335499,-1.1090110483606412,,0.1143053946562956,0.375,0,3
-0.94240206638864432,-0.15513130474230602,-0.29633194825290593,0.19769605116639238,-0.97296897403601801,-0.11936350747407475,-0.26980477501265299,-0.17107207209900771,0.94759681802342666,18.394401487596742,18.251109853435846,3.0347081230424182,,0.3121591167698203,0.5833333333333334,0,5
-0.91853355416913662,-0.23811958657255536,-0.31558702818070367,0.2993055911193927,-0.94037180124855291,-0.16160766857182815,-0.25828719091368796,-0.2428990282135072,0.93503357645747087,8.7786811389080448,-14.802510978563989,2.743683676115213,,0.2687066853462408,0.4117647058823529,0,5
0.9648022892807524,0.041966959366731803,-0.25960608028343585,0.028472239326030321,0.96471126379466032,0.26176613435559165,0.26143043852309916,-0.25994413213077039,0.92956074249314091,3.9661357335856731,-13.57791030392657,1.2903515791984623,,0.3034174569644189,0.1428571428571428,0,6
0.94700682954767146,0.19825301431977316,-0.25273267913586323,-0.13056194980934202,0.95645409821656091,0.26105389341422913,0.29348192798203121,-0.21422254857476777,0.93165286326511165,-5.0414237230187737,-7.4048930160913349,-1.6356201630876577,0.4705422215069027,0.263141338421032,0.2142857142857143,1,4
-0.2130878771343325,0.95959047080051296,-0.18379250519875598,-0.97703280907424972,-0.20915498941160732,0.040756354065494653,0.00066828950704174515,0.18825599260868559,0.98211976593287953,-21.202853677100986,-10.158589137582455,-5.5747742708559169,,0.1127746372417504,0.1739130434782609,0,1
0.74579493930262764,-0.60833463459675585,-0.27151221125507541,0.64707357778994612,0.758413022708608,0.078137519234424802,0.1583846376284892,-0.23396294436517709,0.95925786273935132,-8.6768827829323332,-15.937552643216108,-1.7304854898730149,0.2375094149891616,0.1354380209151119,0.6923076923076923,1,5
0.95866390182468142,0.10852169214080129,-0.26303339269601134,-0.031160090899499893,0.95889342524802501,0.28205043476520986,0.28282958132665659,-0.26219542587735228,0.92263805827398016,-23.289211777951603,-9.3151352434250363,-6.1832235785626368,0.7111410436677396,0.2520926776919067,0.2325581395348837,1,3
0.96762855489822031,0.060904895602606549,-0.24491952440999196,0.014461790394150973,0.95546951821464798,0.29473523098072818,0.25196395846266723,-0.28873620045692777,0.92365879532515616,-11.876682408085756,-10.263706480896431,-3.0883656933155441,,0.2433684059701516,0.2162162162162162,0,1
0.67661229028094083,0.70194200610538071,-0.22242578246582084,-0.70041854382580992,0.70673500324492011,0.099697034325669953,0.22717762237005354,0.088334903934717574,0.96983878693375236,5.2397036161000932,14.666589951467492,-0.50526586118571049,0.4596735338359422,0.3907136523220116,0.9247311827956989,1,5
-0.18623140320438464,0.96543190366183762,-0.18237078672968954,-0.98247335337984998,-0.1814779247846692,0.042566098181556211,0.007998397281824882,0.18710158259012641,0.98230800843380661,-34.394781282280888,-4.8426594676764569,-9.5051140714910574,,0.1071039310723519,0.2307692307692308,0,1
-0.59153697736615862,-0.7451756124671064,-0.30789171959113071,0.78343290724509973,-0.62147549578671968,-0.001043063825189297,-0.19056989335674576,-0.24182951581832485,0.951420832768063,-21.84537902489809,4.9823918433986929,-6.9391667900763228,,0.1722398034109746,0.5,0,5
0.27294100635554819,-0.89893780127891509,-0.34265731639854075,0.96169443035149671,0.26436920498511202,0.072475831050422324,0.025436778108285468,-0.34931325896302429,0.93666067358040594,-20.820409641850706,0.23537845080802672,-6.3295731123813344,0.6139992045186154,0.7955587322191482,0.7142857142857143,1,5
-0.90013109106474232,-0.34108472299405568,-0.27097090367540505,0.35545109481109083,-0.93468531717508641,-0.0042281266425623762,-0.25183037564240351,-0.10012277262130302,0.96257825256257945,-4.5457988079290725,-12.712455215905795,-0.97013001624664752,0.8513715625625821,0.6497601082807629,0.9793621013133208,1,5
0.87813280243313441,0.42683225215582382,-0.21609490926562283,-0.38992328918875752,0.90025051949965229,0.1936719667087303,0.27720499605734222,-0.085809269080876271,0.95697134727255817,-22.676015153360353,17.77015055435141,-7.9332539521243595,,0.2185042071788604,0.6538461538461539,0,5
-0.60763329911436281,0.77567018877411087,-0.17063860071663736,-0.78614716697671494,-0.61796396944896115,-0.009652166459911805,-0.11293540482010847,0.12828207478061798,0.98528640690313951,-15.834549511659668,-4.1511781249141366,-4.7421760616058917,,0.1018980087307092,0.4065934065934066,0,4
0.42503949189228502,-0.82153199585005843,-0.38003501171151272,0.90314654547058149,0.41298969170584149,0.11732788223295508,0.060561933064463377,-0.39309629143421754,0.91750071276493383,5.1465646159913643,13.307397403291199,-0.43165263610510407,,0.08955857194238387,0.2333333333333333,0,4
0.82666325895242443,-0.44977988234951655,-0.33812115244659335,0.51954610217897923,0.84087415957257139,0.15166573599119734,0.21610114300666489,-0.30104601840379308,0.92880115783435391,-33.17566890914501,7.1954460745876725,-10.166993566255602,,0.1914013595974079,0.375,0,2
-0.15315462787975315,0.96431091371351196,-0.21598176231346078,-0.98799633280094723,-0.14495932184812235,0.053385778829332618,0.020171919365699509,0.22156546820826209,0.97493683742422987,-30.430321434704624,-0.69159139892294041,-8.7231988724312082,0.2399560364839542,0.280824005933678,0.6785714285714286,1,3
-0.8915301028016871,-0.3493812474814787,-0.28828253451553154,0.37571109871053032,-0.92588206913903259,-0.039794024080872292,-0.25301234377820181,-0.14378851816159971,0.95671814864188276,-23.237162316333102,6.0264966588671243,-7.3515031051464721,,0.08954985566881093,0.4,0,2
-0.69962982669954821,0.67442379882342529,-0.23594627603109283,-0.70019244770033706,-0.71291952899798139,0.038422406961400257,-0.14229772231406723,0.1920892624637742,0.9710062170091146,-2.7984002693830901,-4.4864315915529476,-1.3261263538840822,,0.09761177891374198,0.4763779527559055,0,4
-0.79403602975484033,-0.54074932208899851,-0.27766338273431057,0.55795553258475272,-0.82962717600866731,0.020109015041767847,-0.24123102435059304,-0.13895653812676051,0.9604679450156528,1.8478506112469864,-3.7385329127985658,-0.24898964606022395,,0.09189572788437182,0.3835616438356164,1,5
-0.96785373177079137,0.029728332166322455,-0.24975063596307828,0.017604479124642483,-0.98254749619773651,-0.18517694249098179,-0.25089686369523095,-0.18362092468498012,0.95043890903399419,7.5696194362436175,8.3743217159445749,0.53676233978900989,,0.4708642029943185,0.5394736842105263,0,3
-0.39098130833998129,-0.81300172721071362,-0.43146472402868996,0.91033814529282442,-0.41070648279224109,-0.051035734708608824,-0.13571321878718134,-0.41273281496002195,0.90068504245468584,7.8622491751894321,12.436538771374488,0.37787140456255386,,0.408521527171979,0.34,0,5
-0.74633116597200599,-0.60166500426763281,-0.28458568716380572,0.62664543780055271,-0.77929330458168022,0.0041762085577597592,-0.22428839912625745,-0.17521748792227915,0.95864151065118508,-26.660773733950656,17.652347818961811,-8.983072671078661,,0.2416853775387114,0.5555555555555556,0,2
0.6243439655846017,0.76414455950311011,-0.16210399384312649,-0.75334613436257292,0.64388684213981962,0.13371363565538072,0.20655317591134359,0.038637115588638735,0.97767221440518015,-22.235825391372355,-9.9836080626455495,-5.8516543675340067,,0.1774590765478497,0.2972972972972973,0,1
-0.88408679235152787,-0.38556810991607254,-0.26406017534897808,0.39383453106539834,-0.91888999826353168,0.023141590951005552,-0.25156491355132049,-0.083536840417826067,0.96422854685127546,-2.3540913866216782,-5.2150833960536724,-1.1676178293895492,0.396603714422797,0.3568471646294802,0.9567510548523207,1,5
0.95614355857501787,-0.069759846402966383,-0.28446978613788909,0.12408115788734392,0.97623923326717776,0.17765366781254252,0.26531747332740424,-0.20515975058414282,0.94208073703234929,6.8471880512019245,-15.559474142115819,2.3195587194967469,,0.470365070094992,0.3333333333333333,0,3
-0.26845755309920083,-0.92463781490270192,-0.27013969244808572,0.95511924851391683,-0.29195058323273876,0.050120635154336596,-0.12521087533517258,-0.24456035697148537,0.96151571411796433,-10.059174405287928,-9.6193871334461267,-2.6861315815534481,,0.08596517974381465,0.3823529411764706,0,1
-0.062452890031731469,0.9844405940835943,-0.16424479671217718,-0.99723234802203853,-0.054899566155806517,0.050136630265264111,0.040339566000838899,0.16692140173220504,0.98514464169411153,2.1888940341474492,10.743828530358538,-1.1215695128962735,0.2675838700494041,0.2503142512627326,0.625,1,5
-0.94314874258474901,-0.068759808550387741,-0.32518077755138108,0.13633052155940986,-0.97230871832325727,-0.18981502881469578,-0.30312446000305876,-0.22335587075494248,0.92640580565276853,-3.1406191742327851,-19.976472959720425,0.13014964543109608,0.7050034483045153,0.3903392632321962,0.303030303030303,1,5
-0.94387553056410567,0.22426768611338263,-0.24249327365450205,-0.23598610196447087,-0.9715502286368527,0.020017814948019266,-0.2311050464224923,0.076119368107125399,0.9699465445667762,5.0576336424082289,-0.23619249562116096,0.26680757355564494,0.2830470286840245,0.2486525244856959,0.7882882882882883,1,5
-0.93360636214231774,-0.25036265134302893,-0.25631563233614163,0.2479853444499229,-0.96784831977352292,0.042105805414705093,-0.258616375168782,-0.02425227255448284,0.9656756172600105,11.1744734456512,-6.0875894859118533,2.4826853763804402,0.5887901463760268,0.5170204675064486,0.8773584905660378,1,5
-0.86897932511389175,-0.38616887304419728,-0.30943260011896057,0.42611527525750648,-0.90186766312896749,-0.071137123884195422,-0.25159631300324192,-0.19367064747676824,0.94825680888096153,-15.914496143672812,7.3687872930150604,-5.647358944006136,,0.6033149533502278,0.4246575342465753,0,1
-0.010362963991518211,-0.95436611547306371,-0.29845925452926808,0.9983020889246299,-0.026983762557194257,0.051621853966879287,-0.057319701901103227,-0.29741754184162184,0.95302531843537941,-17.460181650227135,-4.7190077632655916,-5.1201237777870654,0.5972210719198175,0.5126101180370196,0.9890109890109891,1,4
-0.75849815117052011,0.61249977188410132,-0.22254119643973247,-0.63056824798823041,-0.7760187821558393,0.013361675434698321,-0.16451212508492241,0.1504622184579659,0.97483171958895076,-19.727815316985112,16.583062629693899,-7.0782451679161795,0.1959599862911428,0.1694936177700199,0.3333333333333333,1,5
0.95922974077239753,0.019021490570411997,-0.28198667932049354,0.053347244623190959,0.96761197396595044,0.24674103697769775,0.27754706971761123,-0.25172455330022109,0.92714743884506901,4.8972472199945685,-10.290133501239165,1.1914930218431423,,0.2771332742977949,0.1428571428571428,0,3
0.92823399457390121,-0.18387147289165159,-0.32337738445047665,0.25562094882594327,0.94682884874241169,0.19537927656341084,0.27025836127435765,-0.26401972018349673,0.92588012480856541,-2.1737699191463653,-15.170636720877354,-0.10125243950004144,0.6387996962955182,0.2863488602124672,0.3703703703703703,1,5
-0.43643949465857973,0.87020164217286988,-0.22862560981177435,-0.89766055283945956,-0.43838113357691783,0.045027920224826316,-0.061041783870726944,0.22488015404534584,0.97247252760086855,4.906228354547971,9.3773922010073143,-0.27994881316199005,0.2074678232188488,0.1912110193445837,0.6282051282051282,1,5
-0.69674613986921674,-0.64155870756425126,-0.32085392521494033,0.68206916245772842,-0.73102980615409241,-0.019418551401276078,-0.22209564201388468,-0.23237436877331999,0.94692960590301656,-21.402668160132233,-5.2702989227160417,-6.0410995726651571,,0.2829651547070946,0.9082568807339449,0,4
-0.25798136245446729,0.96435594990638596,-0.058849116444429944,-0.96545454979193535,-0.25500649746067117,0.05356490025094051,0.036648723199987167,0.070634893168985635,0.99682876310568869,-25.556847481036503,27.360219961517295,-9.0944387182432411,,0.2317849036892863,0.25,0,2
-0.3404980964111991,-0.85935505956107539,-0.38153627343560792,0.93558554482550194,-0.35001098498179339,-0.046604706904386436,-0.093491896193834453,-0.37282863623769041,0.92317824570730944,-4.158775663175323,-1.757625249221916,-1.9241381387914442,,0.2081874671209255,0.6127946127946128,0,4
-0.62165213525871998,0.74685032215976732,-0.23614237023060339,-0.77440127842523476,-0.63129767449647933,0.042022686119528564,-0.11769147251027787,0.20899244595245617,0.97080939160742219,-8.9635968304170195,2.2720288834151274,-3.542853517184859,0.4605763805443962,0.4457198012681102,0.9850299401197605,1,5
0.82292979204161387,0.52683365016185579,-0.21268018814050837,-0.51427293472313573,0.84984447478521274,0.11527236133739703,0.24147444167364782,0.014514604168958087,0.9702986242823487,-0.74642282519854386,-8.3421242050281652,-0.45404408972735316,0.2213479443990934,0.1711761929138362,0.3711340206185567,1,5
0.21716845904664184,-0.89893579757894349,-0.3804632600218002,0.97612770739061228,0.19857713822277862,0.087987607306930629,-0.0035439045774804841,-0.39048886284548534,0.92060083029181827,-6.6346554127727746,-13.651996232728404,-1.4245757496733318,,0.1429707442783992,0.2380952380952381,0,5
-0.64203576114730021,0.75359080087016184,-0.1410354077949115,-0.75593599336943751,-0.65292097061639509,-0.047486630306939663,-0.12787046311236464,0.076125626258273613,0.98886502298858603,15.526795847475228,9.4919196753627713,2.6936445850839235,0.2316783072391045,0.3111345357761052,0.1739130434782609,1,4
0.58778565073867184,-0.74625162328205086,-0.31243646319631313,0.79854714620319456,0.59709678716605463,0.076143824744426394,0.12973235554961168,-0.29425149363236913,0.94688202771975227,-1.7188146905829305,16.952024692582516,-2.5703397230860472,0.6277246858946791,0.5421928905792932,0.5208333333333334,1,5
0.82996993449255796,0.5248717880744419,-0.18883726836076956,-0.48244352134951718,0.84537908715610821,0.22930862981358355,0.27999670809903626,-0.099215951754964629,0.95486021928398468,-5.2265007935116783,-11.029237382853708,-1.3554449544117029,,0.3434952064017865,0.6666666666666666,0,3
-0.7007678009220063,0.67298742952597534,-0.23666940843918996,-0.69826541659235697,-0.71501510727012552,0.034333720546908669,-0.14611604012577736,0.18931802892358554,0.97098341218707263,10.922938985519187,1.5897377993280786,1.7968159071504901,,0.08713176612811277,0.3571428571428572,0,5
0.93231708396687374,-0.23312094459758601,-0.27647690705271488,0.28123705313679487,0.94799493568206439,0.14903463310281501,0.22735561327233161,-0.21670308514437028,0.94939412153355696,4.4614750747315366,6.1437815942639276,-0.25838423585940362,,0.2510416308323614,0.2631578947368421,0,1
0.34604940160421788,-0.83632180904149023,-0.42522422716836245,0.9357397950675187,0.27474396751819774,0.22114879208206439,-0.068123766604317099,-0.47442763835376178,0.8776545837570221,-29.569017758423225,9.5478426129610448,-9.242243701392626,,0.3593398472888251,0.4444444444444444,0,2
-0.58545762986556704,-0.69687978992622035,-0.41424379539659967,0.79387982969427384,-0.59636985830626366,-0.11873419098287485,-0.16429905549571347,-0.39837363177820168,0.90238809271125831,7.0291063149538768,-10.352034335214608,1.7118660713260307,0.563082838546054,0.4440273888305361,0.3513513513513514,1,3
-0.929268722167508,-0.22621723105201061,-0.29203665245363936,0.27173028107640262,-0.95414857741186221,-0.1255513702396682,-0.25024447316035892,-0.19602616304483528,0.94813050106755525,-3.3246599758157771,33.703482492510801,-3.5767680667844646,,0.3951534096124772,0.2666666666666667,0,5
0.88587792066609516,0.45082630154163078,-0.10943470891179802,-0.38838778966045423,0.84973045453073237,0.35652921266799614,0.25372275128372285,-0.27333825286865598,0.92785287896289248,-7.0482172074051448,-10.405413490270437,-1.8761134923023319,,0.243962695588937,0.1413043478260869,0,2
0.25899852393633277,0.94594657757632672,-0.19520460284131441,-0.95802587122881666,0.27730918592730286,0.072705195526888922,0.12290726038386555,0.16818052138095876,0.97806396394763517,-24.406228929541843,-10.777115091911353,-6.3462772681416517,,0.8338849796676349,0.3088235294117647,0,1
0.8417703558368268,0.5002899571992464,-0.20281180133295543,-0.4791961134166976,0.86547546232980821,0.14602502864692693,0.24858349285637063,-0.025732913371414742,0.96826859096468976,-0.65551950848126272,10.842007313606098,-1.9516723502623714,0.6454749688958779,0.6052475916270195,0.8997668997668997,1,5
-0.73821979440768504,-0.58751842556968981,-0.33144175168615536,0.63271800436645498,-0.77343724369381406,-0.038246006560750133,-0.23387916131028971,-0.23794312279077845,0.94270016878187024,-0.031772793360712974,-26.47894700537827,1.5827724333698467,,0.3015539776911958,0.9166666666666666,0,5
0.51683439429736999,-0.71754256168594543,-0.46692063676865114,0.85134366889984248,0.48811975736533003,0.19223178689740011,0.089978699120552147,-0.49686192713749272,0.86315239619999351,8.8593066807791594,4.6655117692880443,1.093520499858043,0.6436134545804426,0.4738994994833516,0.323943661971831,1,4
0.958584116756935,0.19983729397389843,-0.20293237060291019,-0.12178708602319195,0.93169848716613335,0.3422072978332259,0.25745756306488038,-0.30331993826573322,0.91744897311576123,-20.185023755421344,-9.6594993264328082,-5.3255198596993525,,0.3229850173099113,0.1428571428571428,0,1
-0.9022001947222934,-0.30326191302944716,-0.30670347364967121,0.34810034614341351,-0.93182537774642882,-0.1026041636706776,-0.25467814523019078,-0.1993330817838414,0.94625861414766754,8.746662463660158,-22.151855331251042,3.4149768401835869,,0.1840237874704836,0.5925925925925926,0,3
0.46874007058575656,0.86404778973159357,-0.18358693659193281,-0.86666516040914665,0.49003887714898758,0.093559599269929489,0.17080470122408908,0.11525326868470934,0.97854097415348029,-6.6465990967137802,21.304610794545468,-4.1148971044313001,0.4182954924066186,0.3443350152140395,0.8026315789473685,1,6
0.5717495144888971,-0.73384228205961355,-0.36684873959610242,0.81440727994013529,0.56172776877257391,0.14561145617806145,0.099213280674617668,-0.38201756353775673,0.918814075907882,5.2937561572284668,-4.4754860894897002,0.73923267189725184,,0.1433142338395849,0.2352941176470588,0,5
-0.86480933453045639,0.44702473281748817,-0.2286344312618786,-0.46082434070826855,-0.88745604278906998,0.007918278092728763,-0.19936334146421983,0.11220811185746495,0.97348014757035661,-4.8461880793937704,-18.070643714862584,-0.5517383925677023,,0.6054881957250329,0.8333333333333334,0,1
-0.88723913865057036,0.40297065415390665,-0.22454701676345681,-0.41121181323070949,-0.9114742955851961,-0.010929462337365772,-0.20907308651786774,0.082639339168729231,0.97440196229053677,-2.3354007025372745,-8.1309891885876393,-0.88100782128444688,,0.06717142291198545,0.2391304347826087,0,5
-0.96936985901266404,-0.09087679273875017,-0.22817424258510324,0.11656806264902293,-0.98795760773681651,-0.10174306897867376,-0.21618039505935943,-0.12522449383592649,0.96828965859163996,18.479930193404506,7.7566328628902239,3.5952751453144707,,0.4357983259969554,0.2413793103448276,0,4
0.57728681594988929,-0.75481570538019194,-0.31143728588889791,0.80975800411512577,0.57827537421609199,0.099446298808592196,0.10503288485958961,-0.30959787222563906,0.94504880858685281,-26.096258501723035,0.11689691349148416,-7.7094845051186471,,0.1300303760863769,0.2272727272727273,0,2
0.42695333269287561,0.89581079994542545,-0.12342553383957633,-0.88553043730561654,0.44183664822894969,0.14358349796244488,0.18315757234624722,0.047993613980872728,0.98191135888596615,-7.4828626199352408,-12.336492707465323,-1.8324166395213688,,0.2826207723413104,0.1,0,5
-0.90456780173390128,0.41082751794201905,-0.11392033430383293,-0.385948256863892,-0.90262659882925433,-0.19054964211369027,-0.18111056040446774,-0.12839771644204634,0.9750451227109681,-1.7201036560154617,-13.841435128198682,-0.13806635475600529,0.6353177883963135,0.5772467486746464,0.3055555555555556,1,3
-0.9526060984431074,-0.1553853865652933,-0.26152820660677562,0.16179344165702425,-0.98682004620818831,-0.0030130779022439868,-0.25761308865385135,-0.045183825022061329,0.96519113055943451,12.100152898602099,15.286214167291272,1.3954458647652097,0.3098346368935563,0.2064860490813683,0.7636363636363637,1,5
0.95115809395003958,-0.088103451993554391,-0.29586493888284127,0.19769726113024841,0.90993468943885836,0.3646020486741765,0.23709507218608813,-0.40528587774881525,0.88290955598093168,-9.5234281500536131,-14.099785091578578,-2.1410691184429722,,0.5360060634887522,0.2115384615384615,0,1
0.67555960676678406,-0.68891758871282027,-0.26270092056790056,0.7248744058323292,0.68573241540257912,0.065788678626135397,0.13481955894578773,-0.2348693475706411,0.96263184868224938,2.0358326277639853,-10.068269926201651,0.39852894147567247,,0.08166249767357078,0.4,0,5
0.65787302636241884,0.73350320980805517,-0.17081019403429482,-0.70331447876658704,0.67946436150505674,0.20899025193010931,0.26935446003739605,-0.017355766932255694,0.96288470348851074,-4.2487362215224262,-4.6882751905251645,-1.6671914930121599,0.4802451242928106,0.4537361013668075,0.4865900383141762,1,5
0.26032985955443144,0.93562173735265108,-0.23841209872315028,-0.95748276669579746,0.28196245793159463,0.061023960849282584,0.12431860562655533,0.21238911674184474,0.96924493673409895,1.7029823504942265,-12.966020033353322,0.66742768360488181,0.1491289815834252,0.142884287187427,0.6229508196721312,1,3
-0.93596801607586888,0.28036455478870703,-0.2129779080119146,-0.27010742001442017,-0.95979125792123576,-0.076437705820649848,-0.22584475760166564,-0.014016334617177788,0.97406246608097125,1.5070869832009173,8.0217450131501025,-1.1104185968421065,,0.08593707970218831,0.1818181818181818,0,5
0.69670253087618339,0.70891161519923496,-0.10977206068180924,-0.68119844791622686,0.70176191146767786,0.20856388510418691,0.22488721179124938,-0.0705304292404422,0.97182879177554449,2.5833640198938683,-4.3470962847860202,0.015516990435999778,,0.2245005314387394,0.1730769230769231,0,5
-0.43236720948611707,0.89653154739579866,-0.096383508367790971,-0.89990432025001421,-0.43577318049776559,-0.016551421516670804,-0.056840219532906258,0.079579643646837048,0.99520664676261794,-1.817310723521893,-4.4539544712329144,-1.0921952276914737,,0.1256452593317865,0.1523809523809524,0,3
0.24271597582192839,-0.92847467204850254,-0.28111161207825708,0.97008052234533559,0.23400708752375413,0.064687426559202676,0.005721472451323064,-0.28840157134294103,0.95749245344279987,-15.478647626121004,20.361280612167118,-6.2331551339328994,0.2789432864225088,0.2420282557760564,0.5897435897435898,1,5
0.11734602190598757,0.98395663725116211,-0.13438469835597067,-0.98946382937824717,0.12739710661164402,0.068784501009434437,0.084801188051671417,0.12489721068289382,0.98853904589988673,-2.6084827455607309,-2.9719441661923258,-1.4154180307789896,,0.1801093163297392,0.4260355029585799,0,3
0.23742421831059818,-0.9225575638652489,-0.30416653648062647,0.9713893375249476,0.22731860502878956,0.068767774070491075,0.0057004826503064361,-0.31179126537281943,0.95013352289810882,-5.5214490018718445,-16.77577521265037,-0.81288546897957226,,0.08911291669392947,0.2926829268292683,0,3
0.0790246185180766,-0.88620466329610514,-0.45650455027339032,0.99619326856713974,0.05329986100546219,0.068978956778987077,-0.036797844088905997,-0.46021779579785521,0.88704312133141117,-14.745014727157185,4.2504059819329036,-5.1254638999339228,,0.2131763483326106,0.3492063492063492,0,1
0.12529829616770294,-0.81823615678539252,-0.5610614304214302,0.99181763767215503,0.089366244704256026,0.091167142709886434,-0.024456299390881332,-0.56789371015756973,0.82273849027718027,-0.8447709728036612,-7.2626084371294741,-0.60282504598271636,,0.09824380303406724,0.45,0,1
-0.88229486522051037,0.40727803424899794,-0.2359668909482682,-0.42239575980762251,-0.90628541461696122,0.01511851014822797,-0.2076959145049829,0.11301039806510189,0.97164348247034737,-8.1897339562382072,-10.669244097906335,-2.1621165763640184,,0.06970300280208168,0.2549019607843137,0,2
-0.061371006937886344,0.9978743338930568,0.021918331709298692,-0.99725703154265566,-0.06221379710793621,0.040098085841391753,0.04137647334127207,-0.019397350512414386,0.99895531944473759,-3.7015890963416402,2.1151207118353934,-2.135371871482465,,0.1369869168874574,0.7241379310344828,0,2
-0.94540229898401029,-0.18403335046234098,-0.26897252460679782,0.19886278847594605,-0.97960640605851657,-0.028720734125175475,-0.25820163522975692,-0.08064127433717222,0.96271953363269669,-12.851733508847021,13.656428833570377,-5.1684714574130322,,0.08777327180732447,0.2631578947368421,0,5
0.92929552654535574,0.30111628190578954,-0.21386633469067282,-0.23440272397561351,0.92833444076623606,0.28853167777568434,0.2854210702376439,-0.21800034600539547,0.93327951965417366,-1.012543944788556,-18.032797264635487,0.44374682041562019,,0.2492972104126328,0.3,0,5
0.074452337023658582,-0.91641637072028559,-0.3932402382610099,0.99656359869464806,0.054018860959218561,0.062792964712943711,-0.036302111074811329,-0.39656398996445563,0.91728902674946633,-4.3304021867064924,3.1820899936581748,-2.4039830488179148,,0.08975855152455785,0.211864406779661,0,5
0.14184571543077601,-0.9015447353051238,-0.40877485644000472,0.98969015898011914,0.12088861236487865,0.076807113071649891,-0.01982882325904655,-0.41545521256100409,0.90939748412014698,-2.7324227761830051,5.0486235004206321,-2.1688193179412174,,0.07554196222711926,0.2627737226277372,0,5
-0.86587175577009445,-0.4223777482632502,-0.26807301306114673,0.43218614781029591,-0.9014546945682943,0.024383750361274732,-0.25195482968284666,-0.094744242109219501,0.96308997107572369,-20.3049219614626,13.922221422766626,-7.1108466784750739,,0.06703130893747951,0.4375,0,3
0.59016983219055619,-0.74186056205079987,-0.31834332982778574,0.80056451496864334,0.5885890950215662,0.112513708474633,0.10390392940207729,-0.32125656988669532,0.94127476847063263,10.686727778362199,-13.965027413953395,3.1226262979258426,0.2212640232565426,0.1353963481685848,0.3684210526315789,1,5
0.8901960097750985,0.40034090481284346,-0.21743556313107137,-0.37359218197245103,0.91463457324703779,0.15450721339235665,0.26072964110272412,-0.056309478374799909,0.96376827966871881,7.0082949560991121,27.043974628431044,-0.55197928909566563,0.3568282905746311,0.3487528112660139,0.9629629629629629,1,5
0.84304373667469479,-0.42617908088573314,-0.32809853560928881,0.49255469174145433,0.85677849757931335,0.15271045062213437,0.216025770909512,-0.29034806198961638,0.93221825191412366,-9.0924589260209228,-11.256117287395654,-2.2994166830206364,0.4761149022888403,0.1659530529994756,0.2894736842105263,1,4
-0.96028399318512814,0.14769748559697993,-0.2367279138182784,-0.1082035389770775,-0.97914126652188838,-0.17197201617341065,-0.25718990373896949,-0.13952717635730191,0.95623507594759227,-21.716269993120651,-2.9849013276577594,-6.3147422759340772,,0.2369881606500899,0.2105263157894737,0,4
-0.75009040056189769,0.62701699114281317,-0.21027145265847641,-0.64071303024125525,-0.76777072003745828,-0.0038644963749209847,-0.16386336950020597,0.13182493797220851,0.97763540334045951,8.3770538101300343,-5.3049099897156973,1.6274497242970112,,0.07917704658518092,0.3225806451612903,0,2
0.96118472691783563,-0.05832358602150732,-0.26967068816146256,0.12945578665892848,0.95846887779215761,0.25412321736582649,0.24364958452745802,-0.27916978636205059,0.92881597226908363,-6.6013485840142616,-2.2753782924819719,-2.5774609686228511,0.365239668562529,0.5077315775247665,0.1676384839650146,1,1
0.70762218522740128,0.69557325765897937,-0.12429274397032464,-0.66391246497420964,0.71472201938628366,0.21998334904319825,0.24184929569024247,-0.073145596135843496,0.96755291325077708,-4.8494287538061185,-21.8507419091959,-0.11230641709501325,,0.3265837059651389,0.7741935483870968,0,5
-0.8838866796714866,-0.39248468916778267,-0.25436215573112503,0.42139695197414828,-0.9042431658596477,-0.069057265099478904,-0.20290132174585104,-0.16822623387864172,0.96464034119914144,-20.097407934981124,-4.7474528670435721,-5.8215126024950754,,0.1319317570624152,0.1333333333333333,0,2
-0.24070553802266437,0.94857305133663206,-0.20559671749114256,-0.97059021175047566,-0.23610023096046626,0.047024693455494641,-0.0039350755251242164,0.2108692657034863,0.97750635187822976,-26.165522206283192,-3.2598464631488961,-7.4097066669949436,,0.1214256684944341,0.5,0,2
0.45010757393322459,-0.79756771273067006,-0.40160791264305823,0.89068266100841886,0.43318580998466238,0.13796539931045598,0.06393410097051884,-0.41980447548531369,0.90535994670384645,3.9932552084218838,11.576450599211737,-0.6349049126438514,,0.07999030829162262,0.1290322580645161,0,5
0.028176334751825599,0.99957806170507446,-0.007056395530196216,-0.9962628178554086,0.028658086966050912,0.081480745027560322,0.081648587977705356,0.0047341957470908563,0.9966499362724478,-26.145930820991328,2.9200560374122002,-7.9623048509900682,,0.3288291092898959,0.3333333333333333,0,3
0.51635406790298422,0.83307649199755507,-0.19839867701445901,-0.83758205604911562,0.53955118943920144,0.085678546668802563,0.17842302526461018,0.12193470570674324,0.97636937252232225,11.178760014914326,14.820675118563265,1.1825143472961883,,0.09993244061219451,0.2307692307692308,0,5
0.76886772771572576,0.63524704982601132,-0.072825839951252733,-0.61128958131887323,0.76367727797014973,0.20765852470606386,0.18752990441061149,-0.11514426081855472,0.97548671654323171,4.0916515724282094,-12.242897043201967,1.1724020683230731,,0.5340898035761594,0.4807692307692308,0,2
-0.76063096374092631,-0.5222011382760261,-0.38567668866781779,0.59165830174603817,-0.8021301590170915,-0.080793947608775632,-0.26717221220318565,-0.28964319287433349,0.91908967454107426,-6.1719670625707233,-15.577303149846596,-1.1217829692735384,,0.2161150863158413,0.1612903225806452,0,2
0.92050183303433397,0.30526728511181966,-0.24390215255485301,-0.29563535272393798,0.95226450052972877,0.076105579628953188,0.25549190515596476,0.0020507733480899055,0.96680901978025124,-1.4846877246842689,-5.484480116719598,-0.97079988197341061,,0.07164114353781312,0.2830188679245283,0,5
-0.41271869193693866,-0.80145578916844928,-0.43281855243767103,0.89677847453283976,-0.4407602885561332,-0.038970959013955052,-0.159535729353695,-0.4042264044323341,0.90063830976662984,-7.5456296890775327,-17.868492624445857,-1.259975052392212,,0.2485229597191239,0.3428571428571429,0,1
0.53850446454829981,0.83813642790285947,-0.086834727406630605,-0.82092452053574683,0.5450800634400278,0.17020768497153468,0.18998913980726106,-0.020372841295461446,0.98157479291842376,-6.3173134543422309,-7.1604446454365087,-1.9789086244564489,0.8447764818328872,0.4757130328756752,0.3185328185328185,1,5
-0.93725173315320476,-0.24002257018434048,-0.25288011883779926,0.2544227480391329,-0.96676045465617555,-0.025363134530301666,-0.23838677392324414,-0.088110096555898507,0.96716511356819512,5.6580786147396136,-7.6788186077420999,1.1600110519551408,,0.09790723144051638,0.2121212121212121,0,2
-0.10738081178917259,0.98195963322979163,-0.15564266756487896,-0.99383493908395071,-0.10167095294748342,0.044216865365498043,0.027594838566265864,0.1594311639359248,0.98682330173670807,-9.2092376648889456,-1.5234065383208659,-3.2395485557359334,0.1371970638599075,0.1124782892212547,0.5044776119402985,1,5
0.58376115241039406,-0.72499506096088606,-0.36552028468856518,0.80402400659909579,0.57884046541021128,0.13597467564229351,0.11299696344958078,-0.37326381714011708,0.920818010827961,-4.8836425405613086,14.201221359219472,-3.2240154048002001,0.390782228851467,0.334176964818265,0.7560975609756098,1,5
-0.85943696418053461,0.46078715210417748,-0.22145723075995394,-0.47430554680333376,-0.88031404908843724,0.0090234832027388592,-0.19079400638315763,0.11279350793924793,0.97512833601276383,0.95394983265237021,-11.505543392099726,0.29146417775975353,0.2585261193304842,0.1198973016103642,0.2,1,5
-0.10129046555806412,-0.87946868590455052,-0.46505383785144028,0.99286906069506509,-0.11889931246014621,0.0086012679881508174,-0.062859127432140366,-0.46086634072128496,0.88524061479839611,-13.489310565449623,10.53743658289312,-5.220331773383406,,0.2593562166493025,0.3333333333333333,0,3
0.031051849036501288,-0.95768813463627045,-0.28612797739528012,0.99834073566224024,0.015828740477091825,0.055364487645824259,-0.048492867401197133,-0.28737238515871433,0.95659058852750589,-6.278423289930493,6.4749565918976888,-3.1682439306734302,,0.08078327934511934,0.3626373626373626,0,5
-0.96288852912917711,-0.020466942029944868,-0.2691222487186708,0.021374344480631562,-0.99977144507091342,-0.00044160937700612275,-0.26905170110868004,-0.0061775322549901994,0.96310592367909631,-20.724318182708757,-1.5024832272797182,-6.1395456025633299,,0.1050197278749423,0.3333333333333333,0,3
0.8117786474087042,0.55538871990320759,-0.18044056477292278,-0.53168411704337404,0.83072356648275414,0.16495561758843053,0.24151071879960628,-0.037970065768304313,0.96965501432749168,4.1453617704449721,-9.0434643826496561,0.84189655848539124,,0.11553836878379,0.2105263157894737,0,3
0.44275617434896575,0.87742271211835443,-0.18465198167022082,-0.88105198417878949,0.46396815235228644,0.092092099429989888,0.16647633841025547,0.12191364920170672,0.9784797856306674,-1.9674094087745082,20.586798274264119,-2.781512862611776,,0.1048495583538997,0.3125,0,1
0.96637010724333816,-0.074888425930746169,-0.24600922642883674,0.11466495764530465,0.98177463030417911,0.15156029420429534,0.23017550546202789,-0.17467197529285339,0.95734473296331069,11.455713073501624,29.679310337512458,0.49741316020499021,,0.193077386976823,0.3333333333333333,0,3
