axis_00,axis_01,axis_02,axis_10,axis_11,axis_12,axis_20,axis_21,axis_22,location_x,location_y,location_z,dbh,dbh_approximation,score,reconstructed,number_clusters
-0.99928403830953827,-0.022827676444249153,0.030171310345080374,0.017269496685911004,-0.98475369810177193,-0.17309511419765974,0.033662668699878655,-0.17245014138307407,0.98444287466209079,-15.033873896805895,3.0002583393639153,-0.39504978459549916,0.1286791726871984,0.1142965545759781,0.3378378378378378,1,5
-0.25341552458248962,-0.96734819531442628,-0.0042474607127021653,0.96038037768814044,-0.2510589171695542,-0.12099152970864108,0.11597457502473442,-0.034740309894633545,0.99264445236764309,18.92764849082176,-15.700239471431075,-3.9375949495830804,,0.09026151371932004,0.2941176470588235,0,2
-0.96581499635906654,-0.25896459942374056,0.011778329815323186,0.24681263375532417,-0.93248857991067924,-0.26372063278197483,0.079277466071369831,-0.25179830138717485,0.96452718924446934,-5.1794193073328465,-11.420097778559313,-2.0896657057033758,,0.1702966887483666,0.4074074074074074,0,5
0.98446607871564873,0.16467633119677758,0.060895367654722782,-0.16132417219720518,0.98528772262861286,-0.056414670983782694,-0.069289619158436538,0.045714435147895409,0.99654861351365487,-21.695614757221612,5.8251862552023885,0.24015812150453911,,0.113455894523924,0.4482758620689655,0,3
-0.85715356285114663,0.5015486815975132,0.1172036248559868,-0.514015907584223,-0.81848513391365862,-0.25665099320421264,-0.032793542686846602,-0.28023384083678704,0.95937144944380603,3.154328641411587,25.032438180950539,0.12291457463159065,0.852924320662785,0.6478445070232592,0.5102040816326531,1,5
-0.23182366098599547,0.94274567131729814,0.2397673652095845,-0.96828688150668318,-0.20003398573889816,-0.14968941061902707,-0.093157422190138214,-0.26686514152640134,0.95922087702936343,1.9948324836509914,-13.362320945391946,-2.6720471206348537,,0.09419495268667544,0.2380952380952381,0,1
-0.75212491548838578,-0.65886042914064724,0.014527436600806328,0.65017147849601331,-0.74544566962686554,-0.14692788089692743,0.10763438136532544,-0.1010627950689858,0.98904052060618186,-8.1158166709325901,-9.4829408396838364,-1.7354234551117695,,0.07510750258866128,0.2042253521126761,0,5
0.80220690464178057,0.57841139147018716,0.14800116338250732,-0.58703462101976167,0.80934224576968639,0.018854255134206244,-0.10887807800121457,-0.10200682050727194,0.98880744975994128,-1.1397373166855906,10.591638890641216,-0.79893451362325141,,0.1823268631602523,0.1842105263157895,0,4
0.99834186217426657,0.020454462035895148,0.053806516457031286,-0.022665992759869701,0.99890949336339774,0.040817604543749109,-0.052912937951206156,-0.041969501442148206,0.99771678443637979,-0.8163468961714665,-10.502878316215398,-2.2830714532816776,0.2392321951857896,0.09887136032991961,0.2391304347826087,1,5
0.85298950227017889,0.51883352095949142,0.056751092902704345,-0.51310406635620609,0.85350606835711496,-0.090838363956576726,-0.095567390388146947,0.048364954319821254,0.99424730579873444,2.1822613702422822,-12.404814174231763,-2.6105818236001941,,0.07912002851910506,0.2758620689655172,0,1
-0.9996728955791151,0.017914746340114113,0.018252772612356499,-0.022169018496843228,-0.96284428091121343,-0.26914573252321145,0.012752900193902737,-0.26946233981790252,0.96292648263328307,12.949050342432772,4.0030794373395402,-2.2210170335659942,,0.3713687468540053,0.2058823529411765,0,3
0.98618229425480375,0.15884410290967557,0.047042889676906091,-0.15457919635992617,0.98444270743064044,-0.083533393558212168,-0.059579816641649387,0.075107301625422243,0.99539396155064985,-17.292793755988992,4.9492548199548887,-0.12437462160249416,,0.08235409750792294,0.3513513513513514,0,4
0.15258685661907662,-0.98803618824473494,0.022399596110726158,0.98352075967606023,0.14958750964904066,-0.10154059406573765,0.096975081713469538,0.037524227850982889,0.9945791903367236,-5.8903146565849935,-12.825346297796694,-2.1416920768494982,,0.07613863772378125,0.2622950819672131,0,5
0.90457360416284494,-0.42556811414422846,0.025266081523762557,0.42630679616557293,0.90254134265944852,-0.060676522094825443,0.0030183099385257249,0.065657482545436158,0.99783765452648143,22.521916834908776,-8.3535149407572398,-3.7006315016793683,,0.1188137066814061,0.1,0,1
-0.90097367678984075,0.41336633989310362,0.1318131358217963,-0.43385530919735471,-0.85555064703010364,-0.28249364780050995,-0.0040005515949435352,-0.31170716932683812,0.95016979334074059,-4.4254715727917073,15.045221291005991,-0.26457037419888946,,0.3990601326935103,0.4,0,1
0.9022778336309405,-0.43009446133293328,0.030223587956930843,0.43113966661621572,0.89943315799962853,-0.071683904475642379,0.0036467531195110057,0.077709385672186951,0.99696938396830215,-16.373823641848347,20.987118421985809,0.96996856246732654,,0.1343345643128157,0.3783783783783784,0,1
-0.068743464231537876,0.96300371379076866,0.26057279856238685,-0.99335702298781314,-0.041912054996589176,-0.10716904649548613,-0.092283048314606847,-0.26620899096602624,0.95948768211093427,-12.38754352780977,-4.2029344964681341,-1.0816177256512036,0.6304967101479453,0.4372198796691348,0.4,1,3
0.81685807875060223,-0.5736634851032163,-0.060440756440568996,0.57557701969806052,0.81751113632791472,0.019663071360828753,0.038131005433561974,-0.050850249154501606,0.99797809524335335,12.680905378105805,-8.4078946466789422,-3.0307259120097285,0.7497539508264461,0.454397558115638,0.8085106382978723,1,5
0.18252773081169946,-0.98108168305846133,-0.064516344068080239,0.97777973445913025,0.18801126936868787,-0.092728385467500576,0.10310392022501588,-0.046157271989945931,0.99359905790851155,3.8058401279095762,11.190315707753447,-1.1619111742431905,,0.2044411085324533,0.3333333333333333,0,3
-0.10641657391267249,-0.99369068067189992,-0.035416718403947452,0.99071765459087635,-0.10293366406482767,-0.088787328398489365,0.08458156819686391,-0.044536411485490909,0.99542074841413342,8.1230838980214219,3.8293789629208912,-1.8832422348126232,0.5632013603036871,0.3814066395996717,0.9560439560439561,1,5
-0.63550209333357022,-0.75957863027870132,-0.13848246745556078,0.76242836548306203,-0.58906716779319845,-0.26777389591766421,0.12181985419247006,-0.27575383270596587,0.95347771178590923,-8.5573638279273148,12.035878535684716,-0.19003741883369316,0.7660294916960106,0.394229249602619,0.1864406779661017,1,4
0.63223877130758066,-0.76244801593434941,-0.13764867980934395,0.77360019089772991,0.63101271044151186,0.058014686970223571,0.042624883559690581,-0.14316417938517698,0.98878063140541539,2.6806354750207775,15.271113921396424,-0.79469373069850524,,0.3526004564087025,0.1935483870967742,0,2
0.3792425935047497,0.89789836148109492,0.22350299264519005,-0.91539029132111238,0.39932444657550292,-0.050996087322624943,-0.135039512094941,-0.18525258113379406,0.97336828146207155,-0.31458879476428758,13.040843782498783,-0.6902630182968359,,0.3126275379462325,0.2857142857142857,0,2
0.16379445694270436,-0.97834345440573101,-0.12655220699895708,0.98215687139770191,0.1737436747870921,-0.071979270889305558,0.092408094023864559,-0.11250431410812434,0.98934499719053404,12.957868781860061,13.119446242390682,-1.5848293549786598,,0.1538308361937809,0.25,0,2
0.8923104856272982,-0.45136648935658202,0.0070915108045228265,0.45139073652509326,0.89195274999603935,-0.025820432874707092,0.0053291855766030485,0.026240885282666132,0.99964144357898288,-4.2740703831266371,-4.0874438192844416,-1.5581958843179371,,0.07582917819783357,0.1709401709401709,0,5
0.98384080217106951,-0.17605168865776208,0.032604890800870479,0.17527467848264902,0.98419318705504777,0.025348720623164973,-0.036552196461912587,-0.019224293879820522,0.99914681776935632,9.6459795921691409,-5.0019206904858855,-2.5851633530813429,0.5609232439215865,0.3520200678246591,0.9306930693069307,1,5
0.93697879647682702,-0.34738693068476634,-0.037323656603479721,0.34930846284173611,0.92915602696538135,0.12104823559660637,-0.0073710745472021066,-0.12645709922074591,0.99194469065401758,-19.079142330079147,19.0871211482985,1.0157908006020873,,0.2573934400394958,0.25,0,2
-0.87041062744099629,-0.49144681994035183,0.029417049619015579,0.48384535601063,-0.86493093449886604,-0.13337222354698045,0.090989071347711878,-0.10185529793503305,0.99062933894461613,-19.021711269172556,21.73383032859326,1.1631600533906972,,0.1120326157911865,0.3225806451612903,0,2
0.61403626663664657,-0.78927636303606552,0.0015119548574589938,0.78731711631091605,0.61237483545073235,-0.071615775291151054,0.055598755550762415,0.045165071230434277,0.99743114786032061,9.3536404043303225,-8.520671701710512,-2.7875204761220216,,0.2656775603256896,0.3076923076923077,0,1
-0.93672602481899525,-0.34718154545991775,-0.044825538690192124,0.34056878636620347,-0.87419695069420666,-0.34611066604483809,0.080976886701417242,-0.339477047661566,0.93712223211869838,-4.9103283775008704,-21.331132298595666,-2.8793583133328928,,0.1903593948505797,0.5555555555555556,0,1
-0.81415617012158992,-0.57997452710866837,-0.027915561216317841,0.57234065859459593,-0.79348046132630301,-0.20691768414734915,0.097856533621673028,-0.18444051994741961,0.97796001627319928,32.752726726198723,3.6866592086176544,-3.3737494849939784,,0.11525490575354,0.1666666666666667,0,3
0.28831227972721291,0.94897876707798479,0.12773147221279049,-0.95049981625768509,0.29977800452230602,-0.081751130259662436,-0.11587117265569279,-0.09783888613314129,0.98843382363596899,-26.770416004284769,-8.957973123351568,-0.6524805575129522,,0.5277995910647295,0.575,1,1
0.58275415421247156,-0.81099927415103101,-0.051747203543839222,0.80998802011566062,0.58481590901618774,-0.043700798970743603,0.065703904124629217,-0.016447792802391521,0.9977035968135578,-4.0868651491814223,-16.390299791081194,-2.5323838095839291,0.8193038558507038,0.6434658035774985,0.2105263157894737,1,5
0.97008929283293277,0.23381956319290861,0.065231708541017605,-0.23247331722481837,0.97221041455694135,-0.027623660248259151,-0.06987789857595747,0.011632785362918004,0.99748772302986788,6.6506412902873766,-10.046009365588636,-2.7074123404683745,0.2641906200088117,0.1387456818747662,0.40625,1,5
-0.97295110291209042,-0.22640359499680776,-0.045908207487004832,0.23080103086733633,-0.9442041014385717,-0.23496701678566623,0.0098506595070272287,-0.23920707974284974,0.97091860498611082,-21.546543709899066,-5.4337841432097678,-0.6498885265955443,,0.2062621743962694,0.3333333333333333,0,2
0.84650076630646331,0.52072887663313272,0.11080563922005453,-0.52238512306269613,0.85256263406504873,-0.015834714990675798,-0.10271434099161168,-0.044479119106157428,0.99371594136261965,-14.6517995877581,-6.1537099767788375,-1.1052270913915068,,0.1242330840822941,0.3529411764705883,0,3
-0.71058798356891295,0.69283161598391962,0.12267464897271527,-0.70341496450019259,-0.69542448994356632,-0.1469427320554676,-0.016495615316225128,-0.19070692352361771,0.98150841259537724,-2.706627483800466,-12.974234880672379,-2.3590007737514589,,0.1089359571831123,0.2191780821917808,0,5
-0.82616970051537686,0.5449548724343396,0.14306576445958313,-0.56301356604619601,-0.788853911545083,-0.24642489867699549,-0.021432461321037436,-0.28413675096702051,0.95854418591509216,23.183850139249056,-2.1000999235532865,-3.301458153515711,,0.1220846644926233,0.4666666666666667,0,1
0.63582137898618218,-0.768957585431569,-0.066598842567735045,0.77029838381433524,0.6376320969064212,-0.0081061018834180081,0.048698808169540884,-0.04614694791611431,0.99774690442060232,-2.4261215307152013,-9.0788862514229152,-2.0835316548658529,,0.07667133302205686,0.1805555555555556,0,5
-0.74581689325353229,0.65237348530796169,0.13478129471404027,-0.66579841588974087,-0.72342303693295706,-0.18267889597161999,-0.021670974513429385,-0.22598217916871505,0.97389035499988263,13.068759624216463,-6.1393151932541334,-2.9154053640849691,,0.1562221834218757,0.2833333333333333,0,6
-0.56774133460134824,0.81988762381895697,0.073851616729664685,-0.82090249303276908,-0.55716104811898859,-0.12526237819686725,-0.061553829431359168,-0.1317416060607105,0.98937115144665488,-5.5768639876320103,7.2629190184684695,-0.70769793084929766,0.3623400854329492,0.2951684359681329,0.7648148148148148,1,4
-0.67017218638048592,-0.74001810575517235,-0.056942460049820037,0.73082387541054972,-0.64456569749410464,-0.22456964341567356,0.1294824456515388,-0.19211523825158805,0.97279290267745622,12.926614479329222,7.4220417891469275,-1.9945317739448134,,0.6910532385317804,0.3809523809523809,0,3
-0.80728711272072451,-0.59010152137763894,-0.0082287364056304532,0.58149398020066412,-0.79297637852937908,-0.1818054291951175,0.10075846676794371,-0.15155414069641052,0.9833000934670687,-17.044906025100296,-28.627113302657836,-2.9228189623569203,,0.08870734705320482,0.1,0,1
0.93144378347504342,-0.3636667150580849,-0.012609464086840627,0.36307592595499172,0.92650411648295206,0.098823044539563504,-0.024255931596640124,-0.096626303349579654,0.99502512897080786,4.8153889716500631,8.7521350922832717,-1.3576191963927167,0.478257549795674,0.30872891381885,0.6476190476190476,1,4
-0.6828785190346075,-0.73052706040651028,0.0026724997524186305,0.72206429704690767,-0.67551408904151267,-0.14934479045675719,0.11090572199511969,-0.10005463267755581,0.9887815690578492,-5.1268150712044775,-17.624140815312984,-2.5791478178910743,,0.09864875003055285,0.1935483870967742,0,3
-0.99310816232095123,-0.114091503093577,0.02681989659474349,0.092621881476228643,-0.90422580136990183,-0.41688953837768988,0.071814796548537896,-0.41153229406549402,0.90856139359862997,-11.578790497892514,3.0165061713777694,-0.6254104407949227,0.8020595346422321,0.6565940208488491,0.2242268041237113,1,5
0.20513136355611977,0.94573672363959316,0.25199835960786615,-0.97204327407626823,0.22691575169240227,-0.060341651924362173,-0.11424971338561825,-0.23257534519660583,0.96584455881781694,-25.757888055655343,9.9860681701430245,0.82454713334484087,,0.1459779228016186,0.2142857142857143,0,1
0.99887310862347845,-0.0075741171161010845,0.046852381143123498,0.0076370934887259661,0.99997015801547595,-0.0011652817462946702,-0.046842156994670821,0.0015217846153030093,0.9989011445081396,-12.323007162997104,-5.9432589697438418,-1.22878550221253,,0.08557923665454806,0.3271028037383177,0,2
-0.95400663234946492,0.29005342041415721,0.075765155178892013,-0.29951163327927521,-0.93299339382732349,-0.19953974191863169,0.012811204612150975,-0.21305478258096278,0.97695625933598695,11.833271502559981,17.842098720602269,-1.0714398673711563,,0.1034836499338651,0.2222222222222222,0,4
0.96634830688780915,-0.25703644248225771,0.010159577310637814,0.2565954767444259,0.96597357232878978,0.032462576556054584,-0.018157948379883538,-0.028763254308614223,0.99942131461772021,10.949811958622281,-14.597062382618621,-3.3179974044355069,,0.371142269856575,0.2333333333333333,0,1
0.81440975180373931,-0.57350782662169641,-0.088462019933016472,0.57980217757619246,0.81046498212910079,0.083522138504596888,0.023794769275548706,-0.11931171587959782,0.99257167167363203,9.5994816094121145,1.741762238696553,-2.1390038036342522,,0.7441555880152437,0.3983050847457627,0,1
-0.4917170244366168,-0.87027681991049111,-0.028855235325393143,0.86026208978164975,-0.48039582301021522,-0.17078931500198824,0.13477204741232565,-0.10880307882050956,0.98488496042708928,-18.230457634199123,-11.905202906960213,-1.3903610843534369,,0.1107875288400842,0.1739130434782609,0,2
0.038014426215552385,0.98545251705498216,0.16564492153248536,-0.99622002155494227,0.050330429557617268,-0.070799127915649809,-0.07810615886454253,-0.16232739907528423,0.98364081018270111,-10.802457740942659,18.143177606180807,0.37757535382438656,,0.3827673827424428,0.2121212121212121,0,5
0.6263322729927866,-0.77551624089896598,-0.079261869203461996,0.77768762913064893,0.62862848660107029,-0.0053082323609774263,0.05394288928894779,-0.058316257901079208,0.99683969561789365,-6.3580742480137715,-8.8472852249926603,-1.7938318595829685,,0.07892449246176077,0.1728395061728395,0,3
-0.94475170050719592,-0.32433998485553373,0.04741095456405231,0.30596138405089518,-0.92446912562032246,-0.22747410235993362,0.11760891062510118,-0.20040062374830353,0.97262928916564517,13.225079276257814,-13.737409343359619,-3.4217464034280649,,0.4048686471177825,0.53125,0,2
0.019362309588041717,-0.97857900816556853,-0.20495908309979821,0.99348698292688831,0.041854390919358338,-0.10598030343228571,0.1122885378043843,-0.20157215764698921,0.97301590405259641,4.1912174307050991,-4.5075130681071958,-2.176057081884136,,0.09120876928281339,0.2,0,5
-0.93188633066796001,0.33199868879749966,0.14616681343911778,-0.36268538561365549,-0.86036348086901004,-0.35809774063687344,0.0068686080452214386,-0.38671895663866868,0.92217203969748496,-2.2583476722070057,8.4385761367070895,-0.86331773052951111,0.2681231682955974,0.1182454178074245,0.2926829268292683,1,4
-0.98762565560600635,0.13860841154646283,0.073370788719842192,-0.15362137010066748,-0.94916760469515893,-0.27473866281549636,0.031560086140552009,-0.282610273071981,0.95871549195628425,8.3636100443290378,-5.92011483557879,-2.5672119566334857,,0.2352114683706397,0.3333333333333333,0,5
-0.97273702496625192,0.2257319741908291,0.053176649835406466,-0.231129698016839,-0.96243543787661123,-0.14246785817826163,0.019019541383832606,-0.15087446353564071,0.98836994758965724,-17.801077773499642,6.9907326882188601,0.073239079826722966,,0.1194816071477285,0.2,0,3
-0.95375609577559806,-0.29935420574601912,-0.027136124871842408,0.2922798412872567,-0.90255620079043952,-0.31617210312079319,0.070155571040268386,-0.30948241293634043,0.94831367802806443,2.2506027910804276,-5.6079465041578951,-2.1126527002773958,,0.08574156702097332,0.2027027027027027,0,5
0.71647962324707015,-0.69755296887822604,-0.0087638508037188294,0.69709579999864391,0.71637837620318878,-0.029316680111053674,0.026728170457173808,0.014895560333735505,0.99953175396600413,-15.147189920400033,-9.1743063061272334,-1.3620908709742139,,0.3899902064129561,0.2954545454545455,1,5
-0.98585956120127172,0.15857965745387384,0.05416103608543886,-0.16619378473898591,-0.96665630597538077,-0.19482097431273385,0.021460463698806321,-0.20106734782117988,0.97934231509620207,-2.7171860415171798,12.792339726724213,-0.57049126323491395,,0.1339279794902604,0.4166666666666667,0,2
0.87531085867966218,-0.48355991922254787,0.00083976125016402639,0.48344557591804665,0.87506335831129411,-0.023334396633071096,0.010548734651246503,0.020830829614884468,0.99972736320199551,-7.946390406514336,-16.513847467811932,-2.3413431285962392,,0.1037082233209471,0.2173913043478261,0,1
0.42081239247548141,0.85523988819054131,0.30245935923177103,-0.89961355892894512,0.43632043639022827,0.017886346173534497,-0.116672082908724,-0.2796233367157912,0.95299444627640317,-21.472743446107014,-1.8493162500874829,-0.37721873110968107,,0.4384422473220645,0.2777777777777778,0,1
0.36449569571601159,0.92397560177211191,0.11581008217924697,-0.9246258900644565,0.37386809032916596,-0.07272973570784956,-0.11049819558260582,-0.08057132469734983,0.9906050728769269,-6.7764279401355738,-11.822783086050435,-2.0269920210414454,,0.1307912322502646,0.2,0,4
-0.28468714333513884,-0.95818888154251192,-0.028762783383888203,0.95151093046176871,-0.27880109558200605,-0.12998806989124681,0.11653402778354768,-0.064374035065261181,0.99109828169458514,20.82556847462882,-10.329949682131705,-3.6997926233846123,,0.3058707011330704,0.7666666666666667,0,9
-0.4543342105727402,0.87277319692454747,0.17845831959689523,-0.89039742909370145,-0.43865595952118502,-0.12154574217089173,-0.02780006054974167,-0.21412121778714771,0.97641141980559465,13.105079270139663,2.6741412384636432,-2.3131740837684562,,0.164172680156377,0.2978723404255319,0,3
-0.76207298701525172,-0.63376145673189455,-0.13263173987669596,0.63895407065536103,-0.70292541372054207,-0.3124636912326757,0.10479722350614361,-0.32286572860381407,0.94062493228626043,-7.5564676630944732,4.2384059021754847,-0.73891364031833717,0.5505231041883174,0.6134920587998229,0.2825159914712154,1,1
0.97020895078712022,0.23518124164267656,0.058175384759915814,-0.2309519371083664,0.97036047532477976,-0.071145981428047331,-0.073183294257968851,0.055590750191698637,0.9957679819790729,-15.451587622459575,-13.06089630649228,-1.6322880863798916,,0.1215035092881901,0.4117647058823529,0,3
0.88340832955262183,0.44146120442370079,0.1571678347048846,-0.44755293620766212,0.89424941143307857,0.0037893856352209372,-0.13887437693450397,-0.073688500733612911,0.98756463701910924,20.60089039020788,-1.6289670198068118,-3.1733522121726376,,0.6644106435685995,0.3529411764705883,0,2
0.096707984918832215,0.98691841952140535,0.1289945691194434,-0.98910935149372603,0.10974196435731784,-0.09807849941071943,-0.11095159503405179,-0.11810476056607168,0.98678316214406048,3.950916914046033,-12.018557729489658,-2.6961443762047121,,0.07711766405615947,0.3478260869565217,0,1
-0.79277979512045427,-0.60023562558639054,-0.10591218166805001,0.60523851201033474,-0.75471839271560948,-0.25315309849236184,0.072017636925181636,-0.26479679279342139,0.96161120963621816,18.88170277243383,-2.3356236556911063,-3.092162933180536,0.7468432094089218,0.6718315083492419,0.8347107438016529,1,3
0.45381775166236837,-0.88779764723908927,-0.076581889718470547,0.88863971456956026,0.45726792770908858,-0.035007141819449923,0.066097700155483691,-0.052166846227990719,0.99644855069831972,-2.6881232845011076,-19.593023394721051,-2.8911680619170048,,0.2369258140729447,0.2121212121212121,0,5
-0.99860848810149361,-0.0076979706935916443,0.052171148529136159,-0.0063702451975634206,-0.96443654475912644,-0.26423771704508797,0.052349856425509905,-0.26420237012615472,0.96304548187089789,10.361106868294053,-12.251100859723213,-3.1219706036294235,,0.1280010696421999,0.1666666666666667,0,5
0.10070868230425213,0.98805438458369099,0.11664602185022989,-0.99153060119550029,0.10933739079220339,-0.070088528787826607,-0.082005049853226819,-0.10859957679335627,0.99069738251338524,19.315776839248809,-13.817076510437497,-3.8260170120701842,,0.295773665645215,0.59375,0,5
-0.85873294045621584,-0.50991371204680169,0.050653166160370917,0.49189933735758473,-0.84799682224084227,-0.19732316482511478,0.14357151138922924,-0.14453164268104743,0.97902902172577455,-6.3289778237534309,-14.097596866094944,-2.2512049038044721,,0.2958999079582949,0.25,0,3
0.99685283441108619,0.054950638944797882,0.057138899238108935,-0.058508694233050648,0.9963232532868721,0.062583605353213001,-0.053489804876515355,-0.065729766768350795,0.99640274916062455,19.379552183453789,-9.3767128865538218,-3.5323644036204027,,0.08351232010920326,0.2222222222222222,0,1
-0.48515309778912907,0.85155053996989871,0.19871625394663983,-0.87161364016467657,-0.4527162123355144,-0.18798322629284428,-0.070115148038730243,-0.26440444203068719,0.96185973876129516,-5.2465885750511312,-10.363670093815548,-1.9878466868453373,,0.08493778901006388,0.1,0,3
0.97503554856905872,0.21121360395625044,0.068516366880084723,-0.20900823517488673,0.97717598708365294,-0.037982204993486465,-0.07497490684031187,0.02271351515948497,0.99692670722244447,22.088603180148628,-4.1311883897253185,-3.4005381026020656,,0.1705746244251261,0.6764705882352942,0,4
-0.74228520377419593,0.66454661065343623,0.085967892418797542,-0.66912061504462073,-0.72821529105951133,-0.14825684601197647,-0.035920450723899974,-0.16757175220227521,0.98520527256184021,-3.0204668718729799,14.460075483544395,-0.41206221893346173,,0.1195363143899806,0.38,0,4
-0.63910033476268935,0.75036950163620963,0.16880868792939813,-0.76732433713981063,-0.60705530349441739,-0.20663305672677501,-0.052574934514161592,-0.26159027029598614,0.96374602813568266,3.0123931069763397,-14.091465399006733,-2.7934365652716777,,0.08091803818639834,0.1875,0,2
0.95429583642924554,0.27129617568249087,0.12537081651590132,-0.28324495237815761,0.95483572827148233,0.089783233226282469,-0.095350687077251334,-0.12119041660265432,0.98803903232492452,-21.135236571693607,-19.99575246491835,-1.9276449128011666,,0.3013369889171343,0.1454545454545454,0,3
0.93968489902280172,0.32672919114522275,0.10119449689630731,-0.33249428619782584,0.94197609392433446,0.046136624506490753,-0.080248614905845103,-0.077000481353320452,0.99379629989100438,14.372715658597626,-8.199431449886303,-3.140528919542843,,0.2557397986945562,0.2857142857142857,0,1
-0.8026623671487747,-0.59474124571133213,-0.044899610386519503,0.58729550547305009,-0.77499452500841759,-0.23338268028740819,0.10400535377701886,-0.21369683398851042,0.97134780049630354,0.83506195364832181,4.3913905330424887,-1.3038268529369061,0.8198593599885377,0.8671853657487201,0.6128205128205129,1,2
0.10848983820313764,-0.99409654925319879,-0.0014162519335699461,0.98914755389370601,0.10809151005825265,-0.09951553687451889,0.099081136614161167,0.0093955423584270014,0.99503500046532845,6.9925448857847519,5.3208446592648473,-1.7403424291612899,0.2721714322291103,0.270926875017917,0.698019801980198,1,4
0.49730690982245512,-0.867096707122607,0.028794755424784917,0.86478987731010271,0.49278035308947143,-0.096467568182232052,0.069457220969588465,0.07287540124176696,0.99491952958469632,-19.679652989978472,-3.7846248486190572,-0.64401113465924031,,0.0868571850554429,0.3333333333333333,0,1
0.99678352875042886,-0.068525608058687543,0.041555238563025301,0.069612369823304959,0.99725341280559121,-0.025293252364686117,-0.039707867978855546,0.028104655980591926,0.99881600584531371,0.92885227236606271,-6.6314824587472971,-2.1113595813965444,,0.1789484938356301,0.1266666666666667,0,1
0.88603560596034336,0.45516338060456252,0.08813173053511443,-0.45586447758134918,0.88995166357075672,-0.013176288822232922,-0.084430344367244337,-0.028501464247814499,0.99602167822079013,35.066056840497609,4.3258479565757195,-3.3432486131560166,0.3004851407190567,0.2905649428524947,0.4583333333333333,1,4
-0.43473374623118444,-0.88460368532615619,-0.16876874650000698,0.89372612676788643,-0.40074965649860012,-0.20162669255018345,0.11072569810243894,-0.23848696552146686,0.96481282488164022,-3.4979184407741744,8.7587747706088042,-0.74137694552327871,0.3654022975991384,0.1778866367009212,0.25,1,5
0.90501982996366492,-0.42396012916327547,0.034596477456485947,0.42535122803606468,0.90123169164254624,-0.082811658522971232,0.0039293995406418959,0.089661847287306876,0.99596451390613139,10.403978583247362,3.839581247410667,-2.0548396093324812,0.4094792093864392,0.3513641419356543,0.8733766233766234,1,5
-0.1109584737323422,-0.99364561934931284,-0.018883862287935399,0.98667550650951019,-0.1078652709787102,-0.12180528794305537,0.11899437785538582,-0.032147573230494365,0.99237436059896234,10.392227799040555,-7.9446054114201621,-2.8443109042220116,,0.1286756913209116,0.4444444444444444,0,5
-0.12224956099324043,-0.9923061118737837,0.019586351750504449,0.98617727242156439,-0.12367107081613136,-0.11027172621463449,0.11184557298402059,0.0058349448262959448,0.99370846892977138,7.9817090381044355,7.4424299108908096,-1.6647765235884604,,0.0756360427502929,0.2105263157894737,0,1
0.36204489357057862,-0.90681753695066769,-0.21588295374622041,0.92574542989438469,0.37690197165569977,-0.030664357024186194,0.10917368762265514,-0.18875078394743261,0.97593762479479207,6.8857941796784665,-3.017896467595087,-2.2557733834647573,,0.3113773390679744,0.25,0,2
-0.74878632869079231,0.64561833348114961,0.14998667087040576,-0.66184796860321682,-0.71610591279414637,-0.221697063844014,-0.035725347046029157,-0.26527210395042478,0.96351149990239093,-16.223260275329221,-16.890138320092756,-1.9254610162522037,,0.148865413399793,0.3461538461538461,0,1
0.32534920122043282,0.92472533830734227,0.19756251151875659,-0.93429000521089456,0.34657434730395831,-0.083596698223452143,-0.14577408352740234,-0.15738256092467073,0.97671932820464802,-3.8408132718999766,13.074898334911333,-0.46946095833067569,,0.4412471887690277,0.32,0,2
-0.99269739867978823,0.10324268912329679,0.062392481894641826,-0.11557103287822157,-0.96219578621180002,-0.24662239427050853,0.034571823987807136,-0.2520321728249143,0.96710111821221134,-9.0436032516618621,17.899907642214508,0.25384097690994134,,0.16244651228808,0.4705882352941176,0,1
-0.96981062176866573,-0.2414525166195732,-0.034176601977796255,0.24350807661326931,-0.95133685240089194,-0.18884387702033034,0.013083368403441164,-0.19146507640308241,0.98141222225382008,1.068187437539504,7.4691491661754483,-1.1639850368539413,0.3593545876726398,0.2228373960104841,0.3690476190476191,1,5
-0.98717837439492662,0.13434055083002647,0.086205994743263889,-0.1568000215482365,-0.91723343406260149,-0.36619199974903849,0.029876585639311802,-0.3750139248620139,0.92653761164354487,11.66396983443884,-10.328264226274845,-3.0698188870251499,,0.09117007350246845,0.3,0,1
0.98593772520032941,0.14801206115448717,0.077583708209904359,-0.1551139019204911,0.98328876347168159,0.095304171269315799,-0.062181021685072939,-0.10599828952927091,0.99242021500928135,-11.306739410173767,-6.5706446730670756,-1.3349520202707479,,0.1018288280230795,0.3113207547169811,1,5
0.953968068671601,-0.29987231033891737,-0.0046391213581012591,0.29989539776937324,0.95395612133438912,0.0055198700525663242,0.0027702620317401391,-0.0066570309183530078,0.99997400445592932,-5.4065136509640599,8.7528623708669908,-0.64037383243943724,0.491650928746293,0.2213041959771541,0.1818181818181818,1,5
-0.56043531892167942,0.80116995316872497,0.20985461501901326,-0.82410645546642214,-0.51431059076985086,-0.23734608966767637,-0.08222410451762395,-0.30595967440430738,0.9484871502949761,5.8373128244039307,8.6178447352066598,-1.4742385384870524,,0.2162169661570833,0.3243243243243243,0,5
0.91346814213809746,-0.40619431328758637,0.024127435661456705,0.40690283958644052,0.912202226953302,-0.04813705722130323,-0.00245610163936081,0.053789190310525065,0.99854929300985129,-10.041107781681275,-14.400037839282639,-2.0458166750218267,,0.09862815208000641,0.3703703703703703,1,3
0.70813739028067579,-0.70471826667149606,0.043744726607865797,0.70480825676261938,0.70180035204254365,-0.10354509680424293,0.042270056608813278,0.10415579913036374,0.9936623228349778,-15.119027473660765,-24.153141353223344,-2.5983120124805676,,0.07025128477130753,0.5625,0,1
0.9006593174078763,0.40333527527954294,0.16165843523167847,-0.42543957874709926,0.89421113096625893,0.13923942721634441,-0.08839659949268476,-0.19418318405881685,0.97697437644336937,15.467837577374759,-5.8017542078186821,-3.0576558891647174,,0.1824223683007798,0.1818181818181818,0,1
0.93791289571431213,0.33976990251797495,0.069827024823628514,-0.33753989702425291,0.94037641943372297,-0.04194052562697289,-0.079913815887182701,0.015767153070096924,0.99667706852039739,-4.5365930151240175,-12.885700241225589,-2.2401100027608249,,0.07791720719710143,0.26,0,5
-0.7565691360611132,0.63288622329231037,0.1644936798984637,-0.65329248949570917,-0.72058263390570521,-0.23231356155424157,-0.028496763469572663,-0.28322375620755014,0.95863039717685072,7.7891624326487214,-12.689968055348235,-2.9726165827572775,0.446939949106389,0.207190540506989,0.2413793103448276,1,5
0.55554911605050195,-0.82556915580616663,-0.098998730481761957,0.83029011051055501,0.55718285735981454,0.012868405212907184,0.044536637096630825,-0.08934669801311701,0.99500434949314498,7.0982106225051131,-8.0193781040071777,-2.593248555619744,0.3985957946827748,0.1841205306459993,0.2619047619047619,1,2
0.91400397070412853,0.3673108941213683,0.17227724340970818,-0.39650358326064206,0.89866347325924101,0.18758696727413812,-0.085916529251116563,-0.23976377726712267,0.96702206857550221,0.80475076744278462,-15.756244970902035,-2.778243138193444,,0.6963596776755937,0.4857142857142857,0,1
-0.4926590267908682,-0.8698908135437845,-0.02402198646255958,0.86289417216157016,-0.48474922909846935,-0.1429399613055698,0.11269751980887954,-0.091149094348613138,0.98943979686909422,8.7979751045313073,-1.2161590880939375,-2.2776339751691874,,0.1602492144655921,0.2613636363636364,0,6
0.81412096869445638,-0.5802054789080846,0.023846395472721146,0.58009672995049044,0.81073165084587107,-0.078752614035835986,0.026359670573603014,0.077947370460907092,0.9966089379518337,-18.770608859269142,8.5332119062722462,0.25480055909558613,0.4392297647654884,0.3193562330751769,0.8309859154929577,1,4
-0.52264158472416955,0.84515575207257621,0.11206037950876004,-0.84946398675944179,-0.50505214022415279,-0.15275231865263947,-0.072503166246471226,-0.17502597062619418,0.9818906255233294,-11.354622019278015,5.5622274857516887,-0.41538670755019313,,0.08841580198058245,0.297029702970297,0,3
0.4803271120990632,0.87232707598186898,0.091276162778108821,-0.86935329597613786,0.48729688825202522,-0.082259282000986103,-0.11623558903364599,-0.03983986958832729,0.99242232574302014,2.0408409913840648,7.1067416997259985,-1.2478053825033184,,0.06770446657577728,0.2857142857142857,0,1
0.99438271733037487,-0.099039566366628279,0.037338663186701579,0.099391450016614494,0.9950187403414783,-0.0076841416470638862,-0.036391635553441576,0.011352121527167162,0.99927312492560183,-11.458042718843771,10.449315169717996,-0.11539080840997507,,0.1282493440860112,0.1842105263157895,0,1
0.17772897262809551,-0.96377935867236986,-0.19885110028772138,0.97527772591744843,0.19947137170746457,-0.095102729710730985,0.13132314958853036,-0.17703253843917574,0.97540438317445033,-15.040632527201559,6.1329631379862732,-0.15673452624251652,,0.2414829091598019,0.1333333333333333,0,3
-0.96326010640222304,0.23919560550454846,0.12212874240443686,-0.26807570084694771,-0.88390770678170927,-0.38320044951345811,0.016290673079853105,-0.40186145398533929,0.91555556126943638,6.5556303440091854,2.6093781205059816,-1.8155236940933159,0.5593230837445814,0.3295982996311492,0.4205128205128205,1,2
-0.25484809182259693,-0.96695919211664516,-0.0065092914749817375,0.95918313171379965,-0.25193403838367157,-0.12844049260027854,0.1225568028715207,-0.038976417034146255,0.9916958550811289,16.587988402003781,3.064963195983343,-2.5467737400795221,0.2266541524607013,0.1393078873861958,0.2619047619047619,1,5
0.61276265838578081,-0.77008246237355271,-0.17746809750678125,0.78829705780499015,0.61146976240564166,0.068501666546029114,0.055764443366594724,-0.18187284241544599,0.98173957649049659,-11.136235106210691,-5.0259316730518186,-1.2245220084089674,,0.1333471370331998,0.4098360655737705,0,1
-0.99710602969617745,-0.065980163994636395,0.037764844799998851,0.054440328706129797,-0.96643084913754296,-0.25109293985625575,0.053064264377221497,-0.2483103537803642,0.96722600877539255,-0.65318414412214554,6.1611348091322498,-1.1012198700347611,,0.1740828131416499,0.2348484848484849,0,1
-0.97977543492431785,0.18123418183681977,0.084819033552628098,-0.19901407435949969,-0.92668779250916533,-0.31881520261951246,0.020820550561758543,-0.32924748525756103,0.94401408788527974,-8.952449520003011,2.3974543781842681,-0.77225936596051592,,0.200803044380501,0.3853211009174312,0,2
0.27401935464897187,0.94582242714413578,0.1741646622852587,-0.95474511649921967,0.28931043546192781,-0.069001698919099186,-0.11565100863655903,-0.1473750597760923,0.98229600220979241,-8.2538175961618325,-8.7187298249623701,-1.6844337784420516,,0.07260857740323526,0.3255813953488372,0,1
0.7943524895962637,0.59533067855462707,0.12077046594223749,-0.59765083880185066,0.80150684293193331,-0.020006389297654557,-0.10870877219278204,-0.056286445126444665,0.99247883551407046,24.303847839471352,0.23558138251499314,-3.2514952832017747,0.2948099253286597,0.3544816837303684,0.4210526315789473,1,5
0.82133072009856922,0.55086488518632271,0.14820164132365457,-0.56174326426266108,0.82624343718630855,0.04202722405875102,-0.099299311568085039,-0.11776952396615169,0.98806375601318863,15.041646848724142,4.9382683955656761,-2.2737282899238069,,0.7277406478116405,0.5,0,1
0.94328738493698217,-0.3311261432090214,0.02375682433051703,0.33193726376686949,0.94186655438037237,-0.052010063089854452,-0.0051538666762024916,0.056946211666498193,0.99836394497954506,20.969155827182458,-22.532223491451205,-4.3903255594910133,,0.1118803987909407,0.2608695652173913,0,2
-0.19806178002699909,0.97731189517223871,0.075053253409731138,-0.97477806566474945,-0.18835521765952956,-0.11970812286274546,-0.10285550054045513,-0.096869869078469964,0.98996816841416357,-6.9411995216912947,14.84088425690582,-0.11938475252483736,0.1624462546864963,0.186829402870318,0.55,1,5
-0.99135827685038624,-0.1240478631071239,0.04267194135246917,0.11622399509250496,-0.98139765286384106,-0.15280912904038213,0.060833789007176904,-0.14652909135014452,0.98733402428110939,12.075744768271763,-17.651169709679536,-3.631397465550013,,0.1030973897889659,0.2258064516129032,0,2
0.51568657682328722,-0.85527563223196001,-0.050704510593249007,0.85499410188943836,0.51752754536685819,-0.033916449118779876,0.055248893369479558,-0.025861799952353687,0.99813762933007988,0.16915961838414309,8.5854503218647,-1.0460306676669926,,0.1964464635409788,0.5702479338842975,0,2
-0.98836292281822524,0.14191916848443148,0.054751095102321172,-0.14991885491273838,-0.96974251728931038,-0.19267534119094087,0.025750140579598922,-0.1986413848574354,0.97973390799851967,-18.073092137199424,2.8011273096917058,-0.23250613223676511,,0.1054485655952988,0.3928571428571428,0,3
-0.0010832198395508976,-0.9803649005388434,-0.19718896628930332,0.99423703475089187,0.020082579039949956,-0.10530626167925067,0.10719862575860689,-0.19616664296095032,0.97469333783754653,2.6245467041426527,3.8503570620618901,-1.4715538238517398,,0.116988093554845,0.4,0,2
-0.23517464345640116,-0.97051496753428035,-0.052854374152854738,0.96513428096030618,-0.22674907070444747,-0.13076956316323199,0.11492913812601108,-0.081765253785484854,0.99000289720940104,20.644181801477966,-17.338265022209203,-4.1652875097929662,,0.1209766409879881,0.3636363636363636,0,1
0.55019201673103291,-0.83013853092299994,-0.090325877811636215,0.83176885295841851,0.55438475780416951,-0.028602719497436032,0.073819509438057124,-0.059393263855560569,0.99550144160363119,14.342558234078979,-20.392376543436455,-3.9347646124193254,,0.2796797378309068,0.2857142857142857,0,4
0.97902828783830453,-0.19208432407341547,0.067876535398149085,0.18750905353789971,0.9798785718426013,0.068398386567403463,-0.079649020419073985,-0.05423649038204878,0.99534639028697891,20.279542523083016,-0.48186599524992052,-3.0936799562150306,,0.266938361866649,0.125,0,2
0.99806077182793695,-0.0057229339073820665,0.061983415247265805,-0.0015632116534863242,0.99314620257058961,0.11686820221490481,-0.062227422472328472,-0.11673846130178878,0.99121131931861095,-15.262523913673501,-16.78235343740133,-1.9559654080715669,,0.3370948602530927,0.3653846153846154,0,2
-0.43384838458259833,-0.90000980939501418,-0.041927582661306424,0.89397752524152418,-0.42421436351271724,-0.14438267954481454,0.11215954510477701,-0.10012250886913882,0.98863325842277772,-5.009221141742124,12.580237183016736,-0.41719459162335759,,0.4132768571045797,0.5384615384615384,0,2
-0.97320891472284965,0.22356633884398203,0.053688922878681065,-0.22895460496574063,-0.9637249022647888,-0.13716450568462107,0.021075985598703398,-0.1457820458445506,0.9890922090181592,3.8347526921236232,-0.87207358853951711,-1.8215116096611075,0.1361346186983577,0.1099311256746666,0.5099009900990099,1,5
0.8524086695186367,-0.52282727309879407,0.0071486106024974422,0.52263592352759147,0.85152305278320439,-0.041954523203501293,0.015847762237249655,0.039498520008360689,0.99909394720877975,-13.688262507681843,-4.7831055243530836,-1.0524238339622061,,0.06876033022495467,0.1956521739130435,0,1
-0.9509661418018126,-0.30927568442368525,-0.0034566126244282764,0.30163036547348798,-0.92486979922610857,-0.23159226477537398,0.068428939571677685,-0.22127902183378786,0.97280680236384898,18.781808270818015,-7.0482473291110059,-3.3600714428251948,,0.1124266796909702,0.25,0,4
0.99684295819549174,-0.064756439862352966,0.045942574943248861,0.068697562811048926,0.99355648808556163,-0.090145159864011962,-0.039809063790605961,0.093016710753712289,0.99486839831239826,3.4945598742461059,-18.428709464451373,-3.1225089757764937,,0.5202619944147913,0.1666666666666667,0,1
