axis_00,axis_01,axis_02,axis_10,axis_11,axis_12,axis_20,axis_21,axis_22,location_x,location_y,location_z,dbh,dbh_approximation,score,reconstructed,number_clusters
0.36717207033691268,-0.8455253003757901,-0.38764885810348426,0.92820163683373436,0.30608402327658546,0.21155210250431286,-0.060219532908200361,-0.43749232806901744,0.89720347231665853,-3.4781119974453021,16.080823941603871,-4.8610512101003254,,0.07880626665464671,0.4583333333333333,0,5
0.94569179369753631,-0.059980403142130691,-0.31948299261783059,0.15337893615255738,0.94887929341421695,0.27586770103520125,0.28660414037108228,-0.3098877825417532,0.90654709141528256,-22.396968865732845,-17.508616336227405,-5.1612288002266604,,0.1950800415266337,0.1538461538461539,0,2
-0.78239028058239546,0.56408483176137003,-0.26395785918768505,-0.60450438059529032,-0.78978264145169741,0.10400881262029121,-0.14979954169256834,0.24093916626054196,0.95891001427160505,-13.010027922451263,18.55220867699677,-8.2367442506726842,,0.1727221392223121,0.375,0,4
0.31296851005749665,-0.80406434629027979,-0.50550097797845628,0.94535269377575781,0.21249169632972448,0.24729650899645719,-0.091427545539127741,-0.55527273120125498,0.82662760533446333,-4.915891560469575,14.997743156386441,-5.0609235780526483,,0.1804646090754508,0.32,0,5
-0.81537048145508928,0.52535564500765353,-0.24325382675363669,-0.51978922017785367,-0.84932694097415373,-0.091994097214905785,-0.25493164683615654,0.051431445576407407,0.96559031780943516,-12.580075403175824,-21.056440385605921,-1.7036443226898657,,0.5482874932034624,0.1612903225806452,0,4
0.76592980635761665,-0.55115906343807086,-0.33102147743470173,0.62932813168299895,0.74804716050818632,0.21064555140810942,0.13152047143076365,-0.36966083434103336,0.91981152044803227,-17.717696773821729,-17.581331204616266,-3.6787972522475147,,0.09759321058716539,0.36,0,5
-0.71703700298346296,-0.60270116233432558,-0.35015602989716887,0.59910660595369092,-0.78965441172730999,0.13235250183599215,-0.35627126049562746,-0.11487914937206876,0.92729368054808159,-33.120596406943108,-26.214752808938261,-6.9801448203768075,,0.539280783479168,0.7419354838709677,0,1
-0.77154302266361774,-0.52797972330862164,-0.35490671443921684,0.52332762203039496,-0.84394639571764307,0.11782479015560378,-0.36173134257221984,-0.094825592168734721,0.92744732619742243,2.789555403358368,8.8836288229344884,-1.948075932859423,0.2304231926499796,0.1913241565028247,0.3137254901960784,1,5
-0.7147529144928636,-0.58588163426289519,-0.38193059822092923,0.59651242696648854,-0.79578396049466094,0.10440695711485125,-0.36510436274921115,-0.15320117118635795,0.91827458063948431,11.39385148681232,6.8034930025149691,0.72011606173192511,0.4157265738528327,0.1911338716445416,0.3,1,4
-0.9355476550938665,-0.071363148131974974,-0.34591601023523361,0.10018113162482996,-0.99276881403813733,-0.066134882926331795,-0.3386950337910743,-0.096526591994148939,0.93593177695986918,19.451497981694743,5.5377107281686833,2.868102498851286,,0.1093197474002524,0.3,0,5
-0.71357493834427121,-0.55347253045210876,-0.42951014586608882,0.60344867544367953,-0.79702518075752349,0.024506271517837193,-0.35589394975503347,-0.24170026742512421,0.9027294596136678,-2.4895801208469805,15.638364454764568,-4.5112701554625909,,0.1196490752950702,0.1052631578947368,0,1
0.15397710015014388,-0.90902898016925848,-0.38724329024760346,0.97959092558492622,0.089195855465738827,0.18012694934240731,-0.12920012051472585,-0.40707543843883792,0.90421065923755128,-23.068158574624473,15.126397254498119,-10.878917052682995,,0.09885108810367786,0.3157894736842105,0,1
-0.93220704296070289,-0.13269897868162475,-0.33672096773339755,0.11451243397979943,-0.99070624656655326,0.073403238879723012,-0.34333210091467442,0.029868278672619833,0.93873902358996986,9.2362578854688167,9.4821076744274624,-0.20835296268395773,,0.07819127900051998,0.186046511627907,0,5
0.41257862505231085,-0.8187695184797722,-0.39924347678872207,0.91032043335764856,0.35466992877109599,0.21336810970022954,-0.033099648963215399,-0.45147061613565492,0.89167185444231889,10.237995311933444,14.545628170200752,-0.75988047750751997,0.6662609898048629,0.2569409272004347,0.3636363636363636,1,5
0.62461145437093524,0.75857679209469753,-0.18553107977894978,-0.70269470761985597,0.64959016287781468,0.29026327390047046,0.34070614751082823,-0.050930057801776819,0.93878935350835591,-13.597106754376979,-19.127101009325582,-2.2720049569325678,0.5145528418393069,0.2982166291309362,0.3,1,5
0.56067213508408653,-0.72412936474893852,-0.40160107077614987,0.82761367570941669,0.47454054740719837,0.29977803896420568,-0.026502088955401622,-0.50044773151126865,0.86536102714775898,2.1653475976115528,15.909809105410329,-3.1291746540733381,,0.3060369572244636,0.1379310344827586,0,3
-0.94612300525250481,0.18220283522502043,-0.26768150060834184,-0.17247986117113312,-0.98320777560289441,-0.059608451451084718,-0.27404736164093313,-0.010227259162340832,0.96166181516563853,1.3352848584464809,-26.646755989616068,2.9568844011007007,,0.4009275153291305,0.4285714285714285,0,4
0.93671489671465646,0.17121983165850091,-0.30536694568941797,-0.047996319383812179,0.92681512258142018,0.37243802421341637,0.34678747901049778,-0.33421175592911267,0.87637945354756097,14.862619108176277,-25.844248426255678,6.2836306380058486,0.2160102196654931,0.3289345996280912,0.3529411764705883,1,5
0.94093065455946634,0.14285517862670538,-0.30698843829992456,-0.037324226739380365,0.94487658462627599,0.32529239450576214,0.33653589022361607,-0.29461947960804818,0.89439530232827225,4.1223132620698664,20.775093373783175,-3.3997920777882022,,0.3414034067361825,0.3478260869565217,0,3
0.2738573405791449,0.9288190068029627,-0.24959449034879772,-0.92784494469126433,0.32346460258445758,0.18567285608226106,0.25319146040453921,0.18073711150850211,0.95038317583055931,11.568202000633455,11.933892555592108,0.026764906609412352,0.2123008952328293,0.2165558905188433,0.5238095238095238,1,5
-0.83157101230601849,-0.37111752247260282,-0.41323290769993226,0.41714582724125576,-0.90853557382654249,-0.02350467840418086,-0.36671379890529371,-0.19192419234028973,0.91032197275852622,8.4207681508466745,15.873039993554286,-1.542207837460472,0.462198077482101,0.5126664196138482,0.4054054054054054,1,5
-0.90952655869164445,-0.22963621779183349,-0.34645150672611408,0.21723273258809858,-0.97324968948249813,0.074799611058664714,-0.35436052111774635,-0.0072283746777169911,0.9350809439148442,-15.18799833417027,-24.211105754518655,-2.0511164948194871,,0.2763753348324708,0.696969696969697,0,5
-0.9279328223548664,-0.19705919499903632,-0.31639903739244152,0.16138661592618525,-0.97754243515186368,0.13551807140473385,-0.33599856755115159,0.074689096551614292,0.93889642744015034,-7.2511982402727932,13.568575522171189,-5.5206271015143846,,0.1177213546183896,0.4186046511627907,1,5
-0.52205767178195861,0.85014845639533121,-0.068581261451192171,-0.85284439999653539,-0.51932842413144353,0.054354551637389677,0.010593239738193054,0.086865355451915344,0.99616373819471149,-1.2903504583465046,12.97083630738552,-3.6920873807364036,,0.3548013977182219,0.205607476635514,0,2
0.84227083701598315,0.49100220625999053,-0.222478472127567,-0.40003741777310226,0.84597556443251642,0.35255553997138389,0.36131689898733405,-0.20794753624630238,0.90895980146278677,-16.000809421896474,-18.107012279320926,-3.2028636825328816,,0.1128479112332472,0.3214285714285715,0,3
0.39016067583808461,-0.74209155368400115,-0.5450456613719934,0.91974220055740219,0.28646878752389648,0.26834663830280397,-0.042999203985611315,-0.60599980175364199,0.79430177434722471,-3.8663584054964173,-21.193530244270175,0.74651293127796747,,0.4824869841237105,0.3703703703703703,0,2
-0.92341840408190334,0.26315676353862316,-0.27936887587329595,-0.27930348511151931,-0.96001692375235892,0.018896277771512031,-0.26322616550675804,0.095477871325956948,0.95999789681002623,24.932153994911161,3.9089962849305415,4.5434789815951095,,0.1322480870212688,0.2941176470588235,0,4
-0.94353971102708345,-0.026736638534453492,-0.33017868779617821,-0.006353965850394913,-0.99509333308048176,0.098736445027910694,-0.33119849159212694,0.095259700916261528,0.93874019225153238,14.450421451352758,9.9720481172161133,1.014164679981751,0.2099654348985669,0.09504084632232981,0.25,1,5
0.22485314588767571,0.96157530200788122,-0.15752460554740971,-0.93768529263752542,0.25749128321948983,0.23333351888928977,0.26492896171557706,0.09524273008703546,0.95955274352683373,-5.0957609429437767,12.617157158826522,-4.7645025349039445,,0.3785727984309428,0.296551724137931,0,3
-0.76241640617179984,0.60823409659149685,-0.22084498487310666,-0.63796015627414904,-0.76364993425793504,0.099225082083690769,-0.10829618001915177,0.21654113154635854,0.97024835776304297,-1.7067900092076782,27.081519004469222,-6.1736341069023108,,0.318323459196402,0.5384615384615384,0,5
0.94495095233016557,0.13466476594493285,-0.29821652956083661,-0.04881077040758177,0.95920139527077208,0.27847835104873508,0.32355093321227063,-0.24859220447069649,0.91297136291006842,-15.099858191105024,-22.967347315114132,-2.0591280504231904,0.5365159718337764,0.3093192124889235,0.4848484848484849,1,5
0.87762284255506107,0.39758392936999437,-0.26777820174967304,-0.31682530566496558,0.90032560081366375,0.29838823403380998,0.35972193694001264,-0.17703341951798232,0.91611096296130756,-0.41508968944098396,-24.024322157305456,2.1093023480318251,,0.3846945678037655,0.5517241379310345,0,4
-0.86088603117863993,0.43147279389220267,-0.26964137192268334,-0.46582074512526678,-0.88155890932907588,0.076582783923490161,-0.20466136599864521,0.19153359369412831,0.95991072905462471,14.985187076433455,18.059996009103237,0.034588905044451439,0.3698659321303452,0.3298694468955143,0.4,1,5
0.25606459900623124,0.94792480793690237,-0.18939239592328963,-0.93129240034638594,0.29442673756315041,0.21449326624625514,0.25908567346120298,0.12145556679586932,0.9581874342222656,-19.554325261739944,-19.678635125745121,-3.9339625780504131,,0.2502754268542875,0.4666666666666667,0,4
-0.61732975586072425,0.72728709005486403,-0.29992909356790848,-0.78388841569357726,-0.6008910542809569,0.15636141668114398,-0.066505069508666956,0.33163749716316598,0.94105985261565517,0.95354243099616109,16.641103574542026,-3.6842484139640641,0.2507169113589867,0.2113187249111989,0.7526881720430108,1,5
0.63969453373988572,0.71370386228950489,-0.28533787070130306,-0.68590544583103885,0.69758921338597168,0.2071304148281102,0.34687839783219959,0.063214605279039576,0.93577737245392989,9.6403787522892177,17.053333569895027,-1.33871593926906,0.2056792627115679,0.2620770694114012,0.8275862068965517,1,5
-0.86570463747319648,-0.28580915050472949,-0.41093626044091924,0.3338371554964546,-0.94137984835444921,-0.048546212233206307,-0.37297216285862173,-0.17921247333799117,0.91037061416361742,-13.904918428725358,-24.441699451570518,-1.5800675013545744,,0.4798401166396942,0.5294117647058824,0,3
-0.81860223537573251,-0.44509672244725379,-0.36301417039086026,0.43646842303062322,-0.8929012719982794,0.11055602272610189,-0.37334393785759162,-0.067942815150431421,0.92520164177027864,2.6775364243217807,11.699940534509073,-2.4406584186027196,,0.1216339780467254,0.1818181818181818,1,5
0.4621818694174824,0.88648576964691228,-0.023041262883847509,-0.83007252655146335,0.4416206033994805,0.34051555517707172,0.31203769042574275,-0.13825419656053917,0.93995651861517926,-20.277000501981266,-19.166798768706702,-4.2273987797158714,,0.184062546557079,0.3888888888888889,0,1
-0.56718489809157324,-0.74025236925489823,-0.36100930900651457,0.75306953617411776,-0.64361012497195225,0.13657335289172262,-0.33344799454090401,-0.19440276964615849,0.92250745150949942,-4.161546523153115,13.452471547841164,-4.6899258200976046,,0.07540567464820395,0.3225806451612903,0,5
0.92255012748041487,0.24943595717968006,-0.29441970985606158,-0.16832564959265478,0.94670508586946112,0.27461965712255221,0.34722865373566369,-0.20379201077263581,0.91536936717926332,-17.766444949704606,-19.443992117670632,-3.4518704400612097,,0.1639531856599235,0.8813559322033898,0,5
-0.92470810087417132,-0.16652983956313042,-0.34231964698620776,0.19478800938782342,-0.97958864767369269,-0.04963580106693409,-0.32706659807509098,-0.1125783899507585,0.93827157398041328,18.388731850263348,4.7765160371966022,2.7408907201350132,,0.1424520072873937,0.1875,0,5
-0.92599819190131838,0.25049385459455931,-0.28245385004607126,-0.26330400417401356,-0.96468226177646577,0.0076899414675171392,-0.27055193583010967,0.081492101606244788,0.95925006510001198,-17.573729793014916,16.208435626996994,-9.2462731570270744,,0.1019017543069729,0.5454545454545454,0,2
0.94395160433159198,-0.00050791903196610751,-0.33008349049607361,0.097852755967646976,0.95547841264822653,0.27836278686771887,0.31524626378333293,-0.29506057849445738,0.90197508180058172,-20.77201770933755,-18.406911254458851,-4.4960433221195268,,0.180772851511424,0.2105263157894737,0,3
-0.94959252804999705,0.0056937974563274979,-0.31343517885225219,-0.042537516324033027,-0.9929280079955477,0.11083560187492841,-0.31058749230546878,0.11858141341931007,0.94311921728638326,-16.516420560635598,18.451294047808538,-9.3712757863947829,,0.06439150020762756,0.2666666666666667,0,2
0.92207197826932352,0.271718024326291,-0.27559496030717395,-0.17083867383698584,0.92472796575187166,0.3401357624214556,0.34727138438419547,-0.26654737780106191,0.89908569167530494,-16.496982956404999,-19.891513621798616,-3.0638275478443013,,0.1199005692905446,0.2,0,5
0.20801420219759201,-0.85656678915254392,-0.47225356261758455,0.97498379439852345,0.14290944937464006,0.17024538155173433,-0.078337043244927684,-0.49585302762042177,0.8648659333418699,-18.481713545402336,-20.720863619113061,-3.5360240317231999,0.6722474166879621,0.4871744927524867,0.75,1,5
-0.95195167682575021,-0.083404960813915421,-0.29467205076198072,0.070690059692543425,-0.99605933220236131,0.053560453631864943,-0.2979780536370199,0.030156578788313213,0.95409625316656466,-21.645326202933703,15.736102169415181,-10.500567395957335,,0.5756735406829604,0.6097560975609756,0,3
-0.42657143818496046,-0.8094046806689793,-0.40360980047065531,0.85735570832972641,-0.50398920539194836,0.10457566754664227,-0.2880590174239438,-0.30142817346681466,0.90893512349408734,-7.3030118792926606,11.737518737865084,-5.2396952041981795,0.7717374468693764,0.5425472521976984,0.3636363636363636,1,5
-0.13643414949286092,-0.89051650027386076,-0.4340116191902631,0.96591585558363691,-0.2168675206236256,0.14133307620897448,-0.21998246017419243,-0.39993604643562147,0.88975214300228211,5.2112258361144761,19.954387496330636,-2.9835600664491628,,0.188583060972345,0.2142857142857143,0,2
-0.59869427760813687,-0.69103000777273771,-0.40502183930855212,0.72953946744069698,-0.67919406800749671,0.080421287168099459,-0.33066195336871917,-0.24733165252559056,0.91076326575754285,-20.062330965810414,19.588555890163416,-10.695167812940712,,0.2223391922707136,0.2941176470588235,0,2
-0.89016505238758159,-0.31226763327808715,-0.33180582381073193,0.28156001255399743,-0.94953152973673582,0.1382527879155063,-0.35823196233503407,0.029644548279896737,0.93316186265774603,10.798265530461196,10.193956792212981,0.0053193148748500382,0.4734442226373543,0.4473215755461174,0.9664429530201343,1,5
-0.93325688702292264,-0.065068730431098079,-0.35326709887048469,0.068204067741573393,-0.99766496635036006,0.0035805112257693505,-0.35267518762706646,-0.020752716381719497,0.93551565288614669,17.936937720375528,8.3876584792692022,2.2109877287996849,,0.3758656449126438,0.4193548387096774,0,5
-0.93275820652411223,0.20199870077289431,-0.29859446252063021,-0.21595163889385058,-0.97630182291683854,0.014129410048485351,-0.2886641955992833,0.077661286722027531,0.95427548785646654,-7.8522045711408106,-23.290334353989596,-0.18308390390333806,,0.211512846570764,0.3571428571428572,0,5
0.1907868570326077,-0.86635477230904423,-0.4615514962395445,0.9682924972356951,0.08884484363379351,0.23348711646844084,-0.16127620711276569,-0.49146312400528053,0.85583525445163178,-4.4783302991169673,-24.590177502277758,1.0934727751137914,,0.4633417934820201,0.5,0,4
-0.94259325129561278,-0.0074912035337756791,-0.3338590188711148,0.027827928279945797,-0.99803315164865614,-0.056173255361417575,-0.33278156352119931,-0.0622391362397356,0.94094777798798135,-4.8193954861731605,-27.550655324963017,1.4234605902913902,,0.3511809916309188,0.1,0,3
-0.83423935517285897,-0.42832798189469701,-0.34724607730943591,0.41294318752626802,-0.9026386627190951,0.12133164649147352,-0.36540747413869384,-0.042173267489043098,0.92989181809115806,-19.274113612512583,14.692904778173531,-9.4963497662692333,,0.1392814823846557,0.4406779661016949,1,4
0.51914535538132422,-0.72933804184652851,-0.4455941210355801,0.85447852528457935,0.45438606719350294,0.251793073312023,0.018829493181992701,-0.51146781194508639,0.85909611076445702,-24.85362755538933,-17.585599831198238,-5.9622184636985818,,0.2410965700225748,0.2592592592592592,0,1
-0.3349313742657562,-0.74778221687961721,-0.57327369610950851,0.89924583568309691,-0.43537186973523756,0.042523664586356855,-0.28138568111945816,-0.50127147451440779,0.8182597431739449,-18.68667256110211,-24.870372133002874,-2.9722760386791949,,0.3690737302304152,0.1538461538461539,0,1
0.080587778771081142,-0.93567594714400915,-0.343534760757779,0.98451609428987397,0.02089355680996921,0.17404459017171597,-0.15567167371411939,-0.35224136784311655,0.92287179433714128,-2.2579034332165309,14.045977588434146,-4.1862681601763283,0.5851441765654078,0.5605425327615807,0.9924433249370277,1,5
-0.32151623037033455,-0.87015672778885711,-0.37343618289105102,0.90397438958079968,-0.39946308572663469,0.15251080658030688,-0.28188227434599428,-0.28854204585388221,0.91503326233748761,-27.062626627736627,-21.980599274727826,-5.883180777993509,,0.2123619988263095,0.5,0,2
0.71954035663013505,0.6615831301236309,-0.2111147486946319,-0.59188863454731844,0.74325100364817587,0.31184257225351852,0.36322103390950466,-0.099426895314089297,0.92638262775913061,-23.187687759331371,-20.139076447054371,-5.0288414156552621,0.2370804907673713,0.2367519221810341,0.7692307692307693,1,3
-0.6646757469313237,-0.64554814772069447,-0.37612995150036616,0.65988688344732638,-0.74332227708197729,0.10964165927164651,-0.35036474208382057,-0.17532706969559922,0.92005704504475849,-9.3983018735200048,13.809989714626973,-6.2416493962139841,,0.07825764515338797,0.1851851851851852,0,4
-0.93995744449011054,0.13235296154814083,-0.31458336910436968,-0.18206882231054342,-0.974086322888015,0.13418934199464946,-0.28867100043141058,0.18340809451041593,0.93969703861297005,-5.1444347862747373,18.396264523004355,-5.7921604191500862,,0.08086800133159031,0.3181818181818182,0,5
-0.49599074894969769,0.83528151604235479,-0.23727192399081296,-0.86830704306142614,-0.47899281680490968,0.12887497980298462,-0.0060046587113150663,0.26994568047531792,0.96285682926719529,-5.4319479023322774,22.599662359971152,-6.5563766453944803,0.7406733478180437,0.6737609734582654,0.8333333333333334,1,5
-0.82678372860322547,-0.43157751592127763,-0.36079012440499036,0.4576065280803035,-0.88903140805608871,0.014812864277386864,-0.32714665148101341,-0.15285288103607669,0.93252939105624555,12.806932896971789,6.183745596892475,1.2005338378323906,,0.478765486742364,0.2558139534883721,0,5
0.18458068128684901,0.97820491123614028,-0.095105855388495378,-0.94052181135912249,0.20389084884841507,0.2717484942251347,0.28521692525766756,0.039289609178095694,0.95765736678479851,-7.1697091705198952,17.219244410441824,-6.1743913261720209,,0.2977458994366131,0.3846153846153846,0,3
-0.052939549065319599,0.97925994908416658,-0.19556931319723211,-0.97704555959803496,-0.010325242653726661,0.21278008326416614,0.20634771288900786,0.20234461071107898,0.95732819863496033,-22.989057462754733,-25.726642518738174,-4.071021787357096,,0.276155058053459,0.7333333333333333,0,3
0.22810310598924352,0.95496219439564867,-0.18977929368903135,-0.93003844786239709,0.27138459508838658,0.24774762773115808,0.28809279500842061,0.11999003635202457,0.95005522610029158,25.716037491240581,6.0733392875883681,4.4079052835758379,0.3286428771195408,0.2607585097129377,0.1578947368421053,1,5
-0.82633840272901415,0.52111260729683073,-0.2135567715891063,-0.54183127907988915,-0.83904872979259382,0.049153779550380854,-0.15356988372045399,0.15632939438805296,0.97569329774491731,12.444889973013108,-25.998136599321327,5.7755805634419124,,0.1819964281892076,0.1578947368421053,0,5
0.72916007433277563,-0.51490284667016351,-0.45077782164829561,0.66989286103741053,0.67168696213342438,0.31635451574315215,0.13988974490695613,-0.53264592685097445,0.83469705634974678,-2.5829845283784669,-25.291006218772552,1.730584056577287,,0.3773044485134575,0.5409836065573771,0,5
0.80697944006023847,0.52801267060070822,-0.26455018995489543,-0.47195342470539459,0.84585148865995008,0.24858645184441505,0.35502696831214481,-0.075748787560291936,0.93178214887077127,21.24328592282296,9.1256442798414419,2.8712580494006525,,0.4411827246683805,0.5,0,4
-0.80713054386967942,0.56756399999270835,-0.16251581789140501,-0.56741090758070145,-0.82179328182506262,-0.051967912269382723,-0.16304952349234292,0.050268358432223506,0.98533646285390708,6.694267798094435,17.313577452448893,-2.1951883120373363,,0.5026835796865836,0.4285714285714285,0,2
-0.27832200734780044,-0.8922073117030771,-0.35567256454421503,0.92324992551365637,-0.35062314108097808,0.15707637625542861,-0.2648517231677367,-0.28465685637636834,0.92131647052085408,7.3045333320926336,-24.54273131405094,4.2770887633177948,0.1831614147134366,0.1231299890573004,0.1111111111111111,1,5
-0.025695034451232831,0.99064638838753649,-0.13401305301827518,-0.98061735705676611,0.0010701525046725427,0.19592971651237337,0.19424048044512301,0.13644994667769508,0.97141754555294124,16.361250448451461,9.0264034715238477,1.639185319733784,,0.3562943695515747,0.6153846153846154,0,5
-0.86093395061741185,0.42047122704794265,-0.28635062405919803,-0.45678687853707539,-0.88671141175616075,0.071334562855259978,-0.22391623494210941,0.19221555474568977,0.95546569809865778,-0.31151727785605277,24.464144951798474,-5.3914445629022367,0.265667421159732,0.2482009092915248,0.1666666666666667,1,4
-0.6753385063579086,-0.6406254953578886,-0.36539961210670235,0.64450490908423108,-0.75349310099824041,0.12985210400444935,-0.35851265528094783,-0.14780771781444685,0.92174918202181688,8.16492760968098,10.618754443330877,-0.62583493281195213,0.2116651850753459,0.1822625381472576,0.5211267605633803,1,5
0.79672447875027208,0.5334965581904737,-0.28392169230093428,-0.4844007023214747,0.84465742123919219,0.22783722333284548,0.36136693892852167,-0.043991625844896388,0.93138535113289878,3.7679167632128587,13.284504796342064,-2.3659137952175695,,0.07298663967035388,0.2,0,2
-0.64206650723455061,-0.6335343047715033,-0.43172315778205744,0.69078901148387173,-0.7223202696968879,0.032618546843007953,-0.3325073561603698,-0.27728633695640637,0.90141618880322827,-18.028300522872335,14.593281239884405,-9.0995700008277858,,0.2145986836811012,0.4347826086956522,0,4
0.50555257772009288,0.82054605309855644,-0.26668476879069863,-0.79466519674216429,0.56321612301615331,0.22648360616474905,0.33604139067576955,0.097425733351267946,0.93679475352590458,-9.1898416163080565,-28.757911100614205,0.29772895352904716,0.4896902762369055,0.3665012410013948,0.5454545454545454,1,5
-0.87755902543476005,-0.29075524654959251,-0.38124997505820357,0.31789092737265168,-0.94808762062741814,-0.0086730563931184373,-0.3589366450672748,-0.12880702704793814,0.92443130334867074,-10.634969470490589,-19.045797181751521,-1.4261442043502506,,0.2934078908343853,0.3,0,1
-0.9138567643295854,-0.22708576686918314,-0.33659748777211185,0.20400129877026679,-0.97354327829948184,0.10294151435618105,-0.35106877444327961,0.025407474556407406,0.93600490161513594,10.372541862347921,13.356921959351347,-0.47878421237122254,,0.06841872355574327,0.2222222222222222,0,5
-0.68922510405492443,0.69707954716270648,-0.19760784616992033,-0.71680373684068543,-0.69577688896815382,0.045682859247502719,-0.10564638560645781,0.17313181598202468,0.97921612297952787,5.5318959665552869,10.38266137048033,-1.3813698150812954,,0.08430046063957944,0.3225806451612903,0,5
-0.52363629718991611,0.83548172028555623,-0.16665930317243285,-0.85169239928018881,-0.5181030388482819,0.078672092539419272,-0.020617596212676049,0.18313802501081769,0.98287098773010251,-13.544934271956812,12.932989322610934,-7.3421202085980743,,0.1021393299102002,0.3018867924528302,0,5
-0.80276007346366063,0.55717227690119431,-0.21245074324500848,-0.57662587064210946,-0.81609964045079875,0.038522489046089889,-0.1519173122420451,0.15342891092885841,0.97641215658774794,3.5355617644566397,17.218304710892077,-2.9679543553368397,,0.4349142234596066,0.2638888888888889,0,4
-0.94908151238437488,-0.039754795984048533,-0.31251214223843155,0.014909056259915718,-0.99656222262055805,0.081495131676754887,-0.31467761739854588,0.072686261713198794,0.94641148791978102,11.699036103952713,15.292544985528654,-0.43540229015267717,0.255391786118529,0.1802776216433146,0.1428571428571428,1,5
0.82944534099547929,0.50799739091315188,-0.23229093207941609,-0.43550323831545512,0.84852268325119273,0.30057642193783091,0.34979616309737538,-0.14814825963752409,0.92503769515016365,-12.96148861506034,-22.475362235953877,-1.5425293722697957,,0.2648964328255047,0.3333333333333333,0,5
0.88944946363309485,0.34225836297220202,-0.30288424293513139,-0.28406704232835922,0.93315840240649139,0.22027553536646416,0.35803012038879828,-0.10988452572474733,0.9272215613868291,-0.57458422067528958,-22.163338584920623,1.839903818607372,0.1667134972780221,0.12189838670645,0.2413793103448276,1,5
-0.80874746246297702,-0.45387473124283978,-0.37406586358412469,0.46335766966542269,-0.88339651749026626,0.070073267715302978,-0.3622529667537952,-0.11665470940048361,0.92475102965758493,5.2948947417778935,12.931082642134982,-1.9513576818228022,,0.0688158649897192,0.2105263157894737,0,2
-0.48453084565930848,-0.77734982300489686,-0.40119460649282407,0.81609272102747166,-0.56683102387529938,0.11267324908095473,-0.31499607980204192,-0.27281833341389727,0.90903664759051939,8.1803739401092823,12.043580986470571,-0.90459983366842689,,0.0986228472105927,0.3870967741935484,0,5
-0.86887435809655522,-0.3392349559819644,-0.36052322322176888,0.3308300372218001,-0.93968230091830018,0.086883023731404579,-0.36825105066261665,-0.043781479883669164,0.92869496913953098,-12.763831618992443,11.675220172328526,-6.8911252226324597,,0.07455552711816762,0.2068965517241379,0,5
-0.41882916114515639,0.85871146293582601,-0.29529097039540292,-0.90799985539329453,-0.39214064852494068,0.14751940340238626,0.010881010072671015,0.32990958639762669,0.94394982304291253,2.8767086984151007,10.430294192648418,-2.1440840416432096,0.3564668905128512,0.2796924333569246,0.812206572769953,1,5
0.79501541362599071,0.54515707363027532,-0.26599672397976981,-0.48668857366519341,0.83500535383418772,0.25671052049338244,0.36205624474773951,-0.074631254438861469,0.92916384534701246,-18.358076557639436,-23.2885383188062,-3.1259592265332503,,0.1150563487668093,0.2222222222222222,0,1
0.20043582352331338,0.94587105157412554,-0.25525170801111124,-0.94875649109373439,0.25237036677351227,0.19018495887453449,0.24430841421456723,0.20405183598453949,0.94798536221573715,5.1538872724725175,18.030988306979701,-2.738092891992105,0.5270714865578634,0.4715747305205201,0.9056603773584906,1,5
0.94832867781481345,0.046640798470383021,-0.31384288227081325,0.077309965713515963,0.92535930416841994,0.37112440958566939,0.30772696995125637,-0.37621110311496903,0.87393896689507744,9.9668889892866623,-25.087059507039232,5.0633082382156172,0.7996467910531047,0.5711537430876023,0.3,1,5
0.93472449340797714,0.18178635479940419,-0.30535854766478376,-0.084911144028584892,0.94861931333216554,0.304813871063914,0.34508001831887891,-0.25898864759281731,0.90213339444623486,2.6438191518730938,-26.269530946862524,3.2235038942649923,,0.1688227028050107,0.2857142857142857,0,3
-0.94351830267442194,0.079468743095767319,-0.32164877022795757,-0.1267714942144981,-0.98352468614913124,0.12887272787474244,-0.30610815208517717,0.16236967267945357,0.93804791381941977,-8.192219324633637,-18.711051508912174,-0.70089937727237306,,0.1358350144691572,0.6666666666666666,0,2
-0.69139304112759048,-0.64060030934666035,-0.33407619841183694,0.63028010505057441,-0.76083601137660051,0.15451716076210772,-0.35316094327909359,-0.1037294917441946,0.92979435397549703,-14.231622580683501,22.489862108981285,-9.3382642076666773,,0.08941141995115766,0.5652173913043478,0,2
-0.7906788721850686,-0.47862147946765449,-0.38177008849874827,0.50206825845029313,-0.86375558366482486,0.043055261519683953,-0.35036321858442604,-0.15763175784096378,0.92325394338888667,4.6356874181167464,11.772095659836708,-1.9715625820715632,0.7400110848223218,0.49599433296734,0.6666666666666666,1,4
-0.55927453175932029,-0.68065901785593896,-0.47319689299146972,0.7636575783404318,-0.64512208809322436,0.025388865619880057,-0.32255092802318708,-0.34716104744862358,0.88059077099737637,7.8444124421072532,-27.836540901664776,4.9865968300717025,,0.4745316786248887,0.1818181818181818,0,4
0.89298401305321295,0.33121373596731046,-0.30475730268191714,-0.26119607872141509,0.93277548644722807,0.24840793132204006,0.366546260234554,-0.14222289896396997,0.9194653262186393,-8.1072731950699435,-24.945150953546491,-0.013591230847037766,,0.3347687993620855,0.5238095238095238,0,4
0.87211307575865893,0.40891505561413544,-0.26871408668482488,-0.34093548790188555,0.9017494508097792,0.26572715528030788,0.35097261457252538,-0.14012995845410775,0.92584114110562998,-11.761536229542113,-20.294216709156654,-1.5429970761017908,,0.1724838999067851,0.1875,0,3
0.94393169047384717,0.12407445432649863,-0.30593870873553741,-0.036671711950396549,0.96036217657036493,0.27633254487240599,0.32809777393608375,-0.24961975001312425,0.91106631544667094,-6.5625722542700542,-20.146163779968525,-0.14912473572173737,,0.1210115604614958,0.3888888888888889,0,5
0.13600688307556813,0.98414510806252209,-0.11384434124134345,-0.9617869339389441,0.15872456901379531,0.22309729916722504,0.23763000959557712,0.079151231626498758,0.96812553993354278,12.959702254265085,13.399813833045549,0.17746560314346949,0.5177514453732011,0.3042647951308089,0.3714285714285714,1,5
0.50486008445745401,-0.76326573431419686,-0.4031646238739488,0.86312724125476847,0.45248609102340748,0.22420460038609791,0.011298695745329327,-0.46117432306251283,0.88723761373280818,-24.614875280861789,-19.417617791129544,-5.4790535164122476,,0.1086738934776071,0.4,0,2
0.76914934513099043,0.62400151801134407,-0.13795430549318841,-0.53138952938228479,0.74439103555194497,0.40436017886629044,0.35501331376082751,-0.23770589329977185,0.90413575050603689,15.696565195373882,6.3651389248576873,1.9522509406186606,,0.6963917191668281,0.2666666666666667,0,4
0.88797048856400951,0.34423594873185864,-0.30497544661836939,-0.2911968311179281,0.93410876431870349,0.20650719592756145,0.35596743809830922,-0.09456441203573622,0.92970143325159171,-2.3507039427101137,-21.843830709940452,1.2870635399007886,,0.09003383731717934,0.3333333333333333,0,4
-0.79037321141492667,0.54173873811547946,-0.286058256833645,-0.5903038157262942,-0.7983492574687937,0.11907925192074245,-0.16386455326467958,0.26297833128239717,0.95078431069264735,-20.99102477744561,-25.816785766873625,-3.4866082984632962,,0.2698452540977182,0.8148148148148148,0,5
-0.6557975589171825,0.74611125687972701,-0.11509801942526318,-0.75093341349699394,-0.66037428780190599,-0.0021928301070601821,-0.077643867832670452,0.084992895982426112,0.99335171888938867,-13.851580973834837,15.296593901035045,-7.9218429809783926,,0.5053433433206587,0.3382352941176471,0,2
-0.88552219849616809,0.3576156291758581,-0.2965830368373561,-0.40510835772132198,-0.90687260502131906,0.1160572994954689,-0.22745912704230367,0.22291958198193948,0.94792890318533418,-20.840530012621901,14.745557026657337,-10.028884706050766,,0.0923042784070084,0.2222222222222222,0,1
0.73452842696980647,-0.51619347078038691,-0.44046826298492747,0.66652462692324466,0.67062958551565766,0.32557776449863252,0.12732993237291501,-0.53272906787108509,0.8366521550603413,-14.773494494560943,-20.521326996941543,-2.4438329136891657,,0.6406367321391133,0.3809523809523809,0,1
0.7799797348477352,-0.46206425372825477,-0.42205241221133738,0.61055135439537955,0.70985660227711445,0.35118463498501701,0.1373268250300185,-0.53160157037968092,0.83578772035549342,3.7306907923044959,-28.600836769986731,3.9167898449731053,,0.3080417951220217,0.1875,0,5
0.48790228741415065,0.84818364953124092,-0.20624222313557738,-0.81630696080147314,0.52704094528094481,0.23637002293952414,0.30918328493484687,0.053031487488413388,0.94952269991383775,23.448407736558362,12.763688380620529,2.9493179869758794,,0.1981808562892754,0.2,0,4
-0.81685993115922706,-0.44135814314732608,-0.37140657283371825,0.44872221431301756,-0.89079342871197975,0.071661996522414839,-0.36247514018007648,-0.10812056622632239,0.9257006621529088,8.1325474696876032,27.191492324156481,-3.3372233012518633,,0.1931596532071724,0.3333333333333333,1,1
-0.95240615049215926,0.25249290199107099,-0.17079185855547971,-0.26613064372982426,-0.96194429304652607,0.061948830038749972,-0.14865061376481747,0.10445339400588186,0.98335775967243777,-13.049933510452068,16.987020224198154,-7.9698556414528445,,0.6071258193100664,0.4647887323943662,0,2
-0.057884610706080163,-0.92940003223936096,-0.36450644976033097,0.97004375800776876,-0.13865011597165,0.19947744958068284,-0.23593320960299649,-0.34204053182996186,0.90958440795338247,-4.5684006031970821,-22.37584121576101,0.6629539414964768,,0.09936723269876772,0.1851851851851852,0,2
-0.86544398679059209,0.4390216899865253,-0.24138488239610245,-0.45932465332990946,-0.88767910024280428,0.032352400768473184,-0.20006890955709083,0.13887321812898523,0.9698900250621898,20.72541366186805,4.9467156054351662,3.3046718129063386,,0.146426325307027,0.2,0,5
-0.88636665138700399,-0.29223822137523692,-0.35909745373147178,0.29414293752958753,-0.9544168892223116,0.050678731916563115,-0.35753893719489321,-0.060706041994546385,0.93192311102091563,-2.2044084215070119,20.399437340918688,-5.2078686243867622,,0.06759317914973939,0.2666666666666667,0,1
-0.2691417323056845,-0.84612538932463999,-0.46003755658828699,0.92971519483920662,-0.35293196853524883,0.10520780423015215,-0.25138095476107808,-0.39938809587425134,0.88164435259198948,1.4870617093523435,18.809896653509316,-3.8748317734690203,0.3937837996486589,0.2128406469722913,0.2727272727272727,1,4
-0.68134530649124869,0.70109581458955106,-0.21031698002624932,-0.72315603721575672,-0.6891983057352653,0.045288422472467636,-0.11319858285663809,0.18294904792497646,0.97658370184157528,-9.5759451138753153,-26.492934432175254,-0.18286750203297555,,0.1564131170902146,0.3888888888888889,0,2
0.61989378780957138,0.73917038642821586,-0.26336064941950621,-0.70581024663068825,0.6718952422247717,0.22447422842465181,0.34287546950201758,0.046732465195811465,0.93821771946094323,-10.77675160438136,18.044228191642048,-7.4197217700193132,,0.9261189918443369,0.6153846153846154,0,1
-0.14258824303016557,0.9822215102771269,-0.12210445404853622,-0.98261427131752888,-0.12565452944953759,0.13667528317855479,0.11890242534403257,0.13946986763360747,0.98306173217635295,5.1516659481014146,14.149034421634921,-2.1832859952227146,,0.2215544513585946,0.5,0,4
-0.91724612329740585,0.30567710473989618,-0.25538413602593923,-0.31130447985501836,-0.95011758949087699,-0.019133399129353936,-0.24849360176486918,0.061952189451876472,0.96665032773182358,8.0438058097019454,14.503447441847948,-1.418673468218248,0.5810726426088081,0.3416310253162111,0.7142857142857143,1,3
-0.85303280746436239,-0.38070299631811266,-0.35693172734274947,0.38005327108116316,-0.92191693392463125,0.075024516549690348,-0.35762346194003508,-0.071654696548222888,0.9311128094557638,-13.065358070211358,21.542440434531155,-8.7640243485291727,,0.2750342651324505,0.3448275862068966,0,2
-0.90541479226245691,-0.23672503093095879,-0.35239936674612177,0.23558478116214052,-0.97072618114652098,0.046802693528016526,-0.35316266059298712,-0.040644076658569381,0.93467865825397645,6.1145236538718457,14.806899598243225,-2.0596096343698709,,0.1010893937534244,0.2916666666666667,0,4
0.72117925375747027,-0.58617608722426884,-0.36918569679263846,0.68091648511764757,0.69788654596245625,0.22205204178215279,0.12748813374133477,-0.41152395280352816,0.90243825939734634,-9.3710247699342251,15.015520806250906,-6.490392596314158,,0.8804452372542858,0.4523809523809524,0,2
-0.51241692355085444,-0.78633870863596078,-0.34510915919373858,0.79843000198282366,-0.58421022416412349,0.14562948161624073,-0.316130397767105,-0.20092249571124732,0.92719562246851517,-13.695869338641897,17.010061952602371,-8.2657996349852993,,0.08267862949890725,0.28,0,2
0.38912531523477428,-0.73733119068003328,-0.55219942438742398,0.92040706904691216,0.28657162105550499,0.26594648569607621,-0.037845954762837336,-0.61173476381188674,0.79015711251124265,-29.502430607149108,14.448933001883978,-12.749178441839858,,0.3335298415216241,0.25,0,1
-0.39170098324386765,0.90636828132600367,-0.15832522961276033,-0.9193575178202873,-0.37867316648420185,0.10671638773940936,0.036770832912885576,0.18735840411087498,0.98160314499084511,3.2734611870509176,14.572052391484144,-2.7431446249353479,,0.2393725212727928,0.2826086956521739,0,1
0.92557722844757429,0.2205095013355039,-0.30770497883536641,-0.15540719483552987,0.96251360699041011,0.22229745871615608,0.34518893083738578,-0.15793389813170844,0.92514943973839392,3.2582113932315053,18.151433890882835,-3.2368661572979383,,0.07193172786603114,0.3225806451612903,0,1
0.90034448257448474,-0.18895701950345009,-0.3920141036723761,0.35431929657248951,0.84130296529494331,0.40824889058307612,0.252661134276841,-0.50646279761331825,0.8244136012097516,20.794867147201984,12.6687474458676,2.2935573761112895,,0.3764713152965843,0.25,0,2
0.9398350393230801,-0.0076397414479452731,-0.34154316449197408,0.13804868587225724,0.92298336292209304,0.35922732649113132,0.31249425465042713,-0.38476401354548673,0.86850676145372696,-10.209755917003616,-23.044563861661576,-0.73141012515784665,0.5892783787249103,0.2326966104498857,0.3636363636363636,1,5
-0.92428262483805235,-0.12430911894855236,-0.36090008640718846,0.14657100499025652,-0.98858553585166764,-0.034865151670663813,-0.35244654902357553,-0.085122742267309828,0.9319525464476538,26.148812439823757,2.5373552373442494,5.0109969196714577,,0.3071031837184489,0.21875,0,4
-0.93050839000499763,0.2694134980669417,-0.24813404278663892,-0.24459847915304614,-0.96133385652767467,-0.12652588782397745,-0.2726274383225657,-0.057040190681333321,0.9604273509853376,-11.098070271230421,21.305942086640016,-8.2053883977057254,,0.417155648430367,0.1764705882352941,0,1
0.41907410854131028,0.86994916744214845,-0.2599333330241046,-0.85790876506434943,0.4731341949517413,0.20034116999042506,0.29726998229903856,0.13904128751590919,0.94461530687886308,13.439313873905256,-29.225333225317748,6.4325436574091261,,0.6775359018727226,0.4074074074074074,0,4
-0.82105747976381638,-0.34200317762716648,-0.4570540902527957,0.42552290102419427,-0.90039390022587462,-0.090670199845328647,-0.3805192184737109,-0.26893242818403057,0.88480533081757418,17.413510655865057,1.6193208179876888,2.9328851055360396,,0.4735720017301395,0.2962962962962963,0,2
-0.87965868664216218,-0.22898986747278569,-0.41685037556631943,0.31238379995148552,-0.93907928482872316,-0.14334035835536352,-0.35863206290410754,-0.25630789570430668,0.89760197529683139,-1.255613837563776,-26.650279755952539,2.2867395616295436,,0.3530906531497013,0.25,0,1
-0.33268590441882867,0.92040517145342537,-0.20536408975966541,-0.94083024921591774,-0.30905009418106039,0.13901971603694016,0.06448667429275412,0.23946264771038431,0.96876163693149597,17.304998867882187,10.387395186940527,1.7143791151629293,,0.09438402800804629,0.3636363636363636,0,4
