axis_00,axis_01,axis_02,axis_10,axis_11,axis_12,axis_20,axis_21,axis_22,location_x,location_y,location_z,dbh,dbh_approximation,score,reconstructed,number_clusters
-0.77980553292284815,0.6215588599058951,-0.074618459481525609,-0.61609509926030948,-0.78311139639731542,-0.084636691216492893,-0.11104125130032458,-0.020028092897981964,0.99361396729541163,-20.438801962695326,6.0601137088207242,-5.4849523557960449,,0.2993953636616448,0.2727272727272727,0,4
-0.49851760871583117,0.86226765000983452,-0.089301139672273891,-0.86550293621369057,-0.50088121798703666,-0.0047616040682862881,-0.048835040756917455,0.074916655119808287,0.99599328992716107,-25.260078566943022,4.5985378390056244,-6.1410097223559799,,0.1625771675574778,0.2666666666666667,0,1
0.63709650795941264,0.75618171529134048,-0.14932264732774836,-0.74924858962542984,0.65303787363458909,0.11030905014149055,0.18092703084455125,0.041602272267987468,0.98261623254041264,-17.30415640709635,9.0968982870962556,-5.2756145473667884,0.1807721058681519,0.2032316038435938,0.576271186440678,1,4
-0.2539644666460828,0.95831813504009988,-0.13087551999680927,-0.96696925023530533,-0.24852416428337312,0.056623395046766792,0.021737497108497508,0.14093293376821289,0.98978047535751201,-4.9959003616075632,-8.2871045083488557,-0.94243076111890123,,0.0878241435921864,0.2727272727272727,0,5
-0.25507242976249689,0.95370298506237927,-0.1593382309998552,-0.96676851262535179,-0.25448095223862838,0.02445583660164076,-0.017224940383679072,0.16028119425193976,0.98692109117089533,-15.661176519768548,15.463758928549188,-5.6232138204566766,,0.1486877041714126,0.1666666666666667,0,2
-0.58350962667984396,0.80564883940205945,-0.10220794069965013,-0.80654367273773286,-0.58961016643291064,-0.042978548203543319,-0.094888458406055864,0.057356771257364977,0.99383418197013729,8.4329153794893426,4.5838255405546766,0.15642932233213652,,0.301496259546862,0.2142857142857143,0,2
0.82066489467951964,0.55531589582912833,-0.13466026318162427,-0.5389531795222311,0.83054301614617732,0.14045557523177021,0.18983835472193031,-0.042691382857695311,0.98088676456875845,15.61219764545695,14.178718096360225,0.95415336098991388,,0.1727873347728215,0.4166666666666667,0,3
0.79286879361617124,0.57593316720779442,-0.19914834425532016,-0.56791983204568075,0.81683658609581633,0.10121786395956828,0.22096637861639193,0.032847808531628143,0.97472810618952943,2.5700197619696068,-3.7645343200478028,-0.042702457640893705,0.1434569791530672,0.1727309359826714,0.5555555555555556,1,6
-0.64504549462570648,0.76377164816992804,0.023857479222889711,-0.75920778263344579,-0.63702299971186138,-0.13343627927557739,-0.086717083967841876,-0.10418525466636229,0.99077019538247146,-16.977122484511284,-11.149090529034799,-3.0685087631853167,,0.4118251942175164,0.1764705882352941,0,1
-0.26279771628935167,0.95428721694523833,-0.14238422626124472,-0.96482234152613411,-0.25877630455799844,0.046396912519413407,0.0074303166237679246,0.14956848523073957,0.98872344900920239,-15.750292538719046,-0.68957876461729939,-4.040907647207165,0.3750777564860087,0.4658089177451943,0.5977653631284916,1,1
-0.94520120102565208,-0.23566135415005618,-0.22596109342058754,0.24879036460185566,-0.96805855351909054,-0.031080402825624201,-0.21141911943091005,-0.08559417689708293,0.9736403816709589,4.5370305139473519,7.7556833222296833,-1.0148331315537868,,0.09950775799197423,0.5483870967741935,0,5
0.20604124214081609,0.97852846442847918,-0.0053898831445852256,-0.97267668867982271,0.20540510036670465,0.10820722731037583,0.10699096146836376,-0.017052537834197266,0.99411374858085944,-0.45565091250192646,-5.378594568774381,-0.45346148216647736,,0.08031872277737102,0.2,0,5
-0.76577795772791823,0.63949254060150906,-0.068069155812939514,-0.63241600932968411,-0.76803747838492087,-0.10083859846135074,-0.11676519430710487,-0.03417195211221899,0.99257149217941198,-5.7208949761334624,7.6384533186317025,-3.0808324053332186,0.4169200621757415,0.2633176016442682,0.206140350877193,1,4
0.19790438876791852,-0.90805058807403105,-0.36915847871178731,0.97997178737939028,0.17478923255510009,0.095414988986222027,-0.022116709674774634,-0.38064793928406293,0.92445551405784587,-8.4466145947530755,-10.371009544631796,-1.4455799861612249,0.8449601327629878,0.7052284745339542,0.6462585034013606,1,2
0.44982667326808429,-0.85616521879344798,-0.25423823895105996,0.89249192960297785,0.44155361884541577,0.092133366800914857,0.033378430312443697,-0.26834962234533788,0.96274314361463664,-8.1281498739309228,-4.6774059566533692,-2.0185606908950642,,0.10910741266695,0.2096774193548387,0,5
0.3106095172932069,0.94995445698816494,-0.03329050037475885,-0.94410803533973087,0.31238589391476307,0.1052381627073955,0.11037094442757478,-0.0012581460150780802,0.99388966776738863,7.5446583395016757,-1.2956530181282147,0.71633430991200664,0.2211445944212308,0.2085495622659706,0.1176470588235294,1,4
0.70394773045903092,-0.67247795066327753,-0.22854102181730246,0.70268511634094022,0.70625242932592325,0.08626200405827604,0.10339835614988188,-0.22131631648603975,0.96970504175370353,-6.0653422353672131,-0.36893840266206435,-2.240219095927575,0.3579725991027701,0.2880659657003403,0.9034451495920217,1,5
0.63995086157892456,-0.67712346705308457,-0.36327221904572116,0.76016667547401195,0.62695285819493818,0.17051902855689299,0.11229212021856515,-0.38527123428463772,0.9159457166063999,2.114006521129193,15.217945593167617,-1.9874003419191824,,0.3206420771060275,0.2,0,4
0.24108155459763206,-0.94393604152073729,-0.22553144692248975,0.97042820460906876,0.23154239983075212,0.068243803966640967,-0.012197693716853097,-0.23531439947181076,0.97184275974522383,5.6213428561438903,13.546195801890301,-1.1707613708404898,0.2331309902358645,0.1404374355841044,0.2222222222222222,1,5
-0.50301544113224017,-0.79961104807393057,-0.3280207886409765,0.84822461509710756,-0.52954453413030023,-0.0098787001213274696,-0.16580249794831686,-0.28320444588818461,0.94461885091462394,5.6493339993483938,0.03716952519155637,0.14758789126376337,0.5801308610457245,0.5318781892217593,0.3128491620111732,1,4
0.54582858518668886,-0.80247551184916366,-0.24104814555502985,0.83569005932050577,0.54224286203795846,0.087148168780372279,0.060772364985955209,-0.24900950072498221,0.96659246231424123,-7.6738801863903667,-14.276738647574794,-0.89831801701114056,,0.07012217512413001,0.2,0,1
-0.028043570637149823,0.99380250136932857,-0.10756461508314374,-0.99960571985554525,-0.027729885271490961,0.0044111557337786359,0.0014010631666312079,0.10764590904858216,0.99418830977190009,-5.9678308354398153,-8.0913359143351649,-1.173959098974025,0.5972626783356831,0.2522960267558671,0.6106194690265486,1,4
0.86429392663181159,-0.439902589866838,-0.24388874475016911,0.48229250559137077,0.86244753812095754,0.15355189038073533,0.14279337322775959,-0.25033968006999663,0.95756989151951177,17.735970728510804,-5.8077238512186788,3.4418149005203489,0.489143867820116,0.4116909039455793,0.2407407407407407,1,5
-0.81263013823553065,-0.52432141988214742,-0.25439989599854651,0.54805048363351627,-0.83598788727785589,-0.027657181956520966,-0.19817397866614908,-0.16189904563485241,0.96670356014765602,-13.393956913030765,-19.670824895556059,-1.4869041152848084,0.4297485295290739,0.3945407270200207,0.6226415094339622,1,3
0.69445125183301926,0.71391227236655841,-0.089814955280123565,-0.69347482285682727,0.69735267667140155,0.18108537876627406,0.19191177371710588,-0.063470557770117883,0.97935762589827502,-12.45096010088904,4.0531641484517325,-4.0179959616938126,,0.1403325095295732,0.1616161616161616,0,1
0.84113354386996353,0.5317781868438024,-0.098520664704798144,-0.49832314181926235,0.8328487479364266,0.24090871588240037,0.21016281237206702,-0.15354127476950843,0.96553439567838228,-18.421185474267759,-2.1510253184307602,-4.3235888027470555,,0.1838194143854683,0.1363636363636364,0,1
-0.67039848355971776,0.7218920228693354,-0.17157441696957859,-0.73565108055280359,-0.67683504914538395,0.026679653855688667,-0.096867749650358451,0.14410490472563953,0.98480983723340765,9.3062784925346271,9.2719763474959311,-0.057271436562903628,0.2254590986157532,0.1792291467314512,0.3243243243243243,1,5
0.52011655631367226,0.85319184516168145,-0.039273950629021101,-0.83655946081003851,0.51816898565218728,0.17795834017376133,0.17218314777475563,-0.059704084096379922,0.98325397836194295,-12.364953923233603,15.260101024713535,-5.0148768537590867,,0.2770144942608695,0.4608695652173913,0,4
0.88693960870920863,-0.3578909681236247,-0.29197976888525951,0.43106024454158492,0.8684429464283,0.24493655173265055,0.16590719115970815,-0.34310479992921539,0.92452901532998322,-23.838352120945068,8.3797684086615618,-6.2188505790416411,,0.3058651180488037,0.4186046511627907,0,4
0.80981718926930479,0.56517413248633253,-0.15739860206585429,-0.54967291211619962,0.82469577242876635,0.13317872436623779,0.20507513171923242,-0.021332672276181214,0.97851372368705036,5.29928853792231,5.1368355494019378,-0.55954763472230151,,0.0874040312567195,0.2558139534883721,0,5
0.66012191856810765,0.73331635093180292,-0.16274575902930749,-0.72753952369983788,0.67808219075164966,0.10435891931242236,0.18688310271550493,0.049514361972140306,0.98113354538407149,-28.165396630879762,25.454128322618569,-8.3437295430186982,,0.2628935120972348,0.5882352941176471,0,1
-0.85722579831532797,-0.45344364132350257,-0.24403441324110792,0.47508494926515132,-0.87923892173542129,-0.035117082556262148,-0.19864093657747817,-0.1460403459623997,0.969130535927336,6.4346361148490869,1.4385910695196833,0.028282026916067557,,0.1266414254958669,0.253968253968254,0,5
0.51260826628293266,0.85389396437535925,0.08998812667090178,-0.84295931577810435,0.48055824365991168,0.24183334425469766,0.16325549694058061,-0.19982210101446093,0.96613600008738443,-22.617784908021232,16.882214894530978,-6.8095730186297398,,0.2348594494425988,0.4,0,1
-0.66963011805666328,-0.70602605863642076,-0.23048364262511653,0.71876500680951427,-0.6941999785886962,0.038252512513226519,-0.18700901041805407,-0.14004854249072748,0.9723240384607823,3.3777884464375094,11.523968661021687,-1.5227388750484492,0.1456591205594022,0.132224592873987,0.2941176470588235,1,5
0.6808652122708021,0.73129508614779715,0.040373997764926242,-0.70734899166052212,0.64227275901287117,0.29520011352782011,0.18994727351630794,-0.22954999456780881,0.95458202019399074,-2.673559492469058,-9.1135098600555207,-0.41897436487993733,,0.7165929013598116,0.2941176470588235,0,1
0.52863499670081637,0.83550216349459028,-0.14993723706600356,-0.83246836802350599,0.54481541865343908,0.10085918816726051,0.16595618850590876,0.071500310442242684,0.98353761956686458,-12.611629996913372,34.124647178292093,-6.2594181265564446,,0.1199422883134825,0.2307692307692308,0,1
0.9155168094152456,-0.32491105095207667,-0.23719565899768638,0.36322154368853166,0.92108828235399975,0.1402372500824221,0.17291350982109482,-0.21454413317398505,0.9612864989387786,-4.7694507220666029,11.517226228692222,-3.30299698566402,,0.1352692080564243,0.328125,0,3
0.92993202113960849,0.31534825479155204,-0.18916108019125841,-0.29798351904311277,0.94763348779384871,0.11487643444304516,0.21548145729478463,-0.05046039052154512,0.97520330729060167,-15.468359574728163,-11.471641114172144,-2.6759065477847077,0.2899661957084713,0.2740110251900876,0.7640449438202247,1,3
0.59136205142566245,-0.70645066074180474,-0.38886808569372144,0.80409317978228056,0.55307315260164591,0.21804643106205049,0.061033452804615515,-0.44163056032021136,0.89511863226613875,-1.0027849340634369,13.910095418654336,-2.5997464522543257,0.5487240037668001,0.2433287972323607,0.1764705882352941,1,5
0.7907382219637854,0.59104242313990918,-0.15937979286740131,-0.57851999940530463,0.80663274462892498,0.12107115916061195,0.20011915104166714,-0.0035311954508902288,0.97976520454905425,-16.578778233576092,17.407814018504293,-5.9343257966444334,,0.105768977934781,0.4,0,2
-0.27749925712629286,-0.9231200615031715,-0.26616444981389686,0.95307159863901358,-0.29941475023808783,0.044780969256336227,-0.12103177335736684,-0.24124709198297564,0.96288688351629681,-2.5446327814997041,-6.7688368890579307,-0.6596612179358019,,0.07151698450823554,0.1739130434782609,0,5
-0.79723672261429435,-0.55738149851559837,-0.23181775865477647,0.56764342145804825,-0.82285423298184546,0.026303181162344695,-0.20541313052144161,-0.11061996373333562,0.97240355276655377,-17.60217246430166,-0.74559922835800885,-4.35523118430027,,0.496028600543719,0.4594594594594595,0,1
0.25645449014132038,0.96386527890952889,0.072075090003495476,-0.95760137430141679,0.24324406903501519,0.15437593988483925,0.13126577018550606,-0.10860960819349914,0.98537974942945772,-14.607853259090923,-8.2723142092856214,-2.9203322444891588,,0.5515788782585019,0.2197802197802198,0,2
-0.63798848277736586,0.76264916887445278,-0.10647507247492979,-0.76467300178408382,-0.64375698739273146,-0.029191463230779705,-0.090806917060066702,0.062794795947925933,0.99388677293538086,-21.576005399778769,17.379326779510478,-6.7075991960519676,,0.1818898658916364,0.3636363636363636,0,2
0.56063044503705861,0.80820508474139607,-0.18027214176267009,-0.80950470042128742,0.58075421459368881,0.086178200419289988,0.17434346587523503,0.097617023258334781,0.97983430878735323,-0.16312159855984987,-8.2621857448149409,-0.040418904253435334,,0.1408946818123335,0.5102040816326531,1,5
-0.96976979353098847,-0.12314834039635719,-0.21066806547857719,0.12556266341612171,-0.99208381325204353,0.0019300360446258312,-0.20923805846621893,-0.024580352741707917,0.97755574835831194,13.099233061937742,-3.0663141756304229,2.1375515901067135,0.2319176471700323,0.1910853649069606,0.7014925373134329,1,5
-0.89436317551275601,0.40590400934150062,-0.18803309678680227,-0.41973074746771871,-0.90681531845539998,0.038885445153972395,-0.1547275344498526,0.11370098247212819,0.98139262105843406,16.39315881098095,-7.6466944879206311,3.3341338477121938,0.4328421224971022,0.3733015128350547,0.9090909090909091,1,5
-0.72971732989654248,-0.54319149923755383,-0.41527775476748008,0.65480340602460696,-0.7300142570264021,-0.19573370684878014,-0.19683779593166154,-0.41475556620044179,0.8883876982480774,-9.4136469293527743,-15.603164047457728,-1.1191287760192978,,0.4146539322509036,0.15,0,1
0.78201403215832987,-0.57643334254477541,-0.23702036855538106,0.6095462986311303,0.78668250475541224,0.09789763294809746,0.13002831742570461,-0.2210322110336167,0.96655956792793241,-2.3639335941573001,15.269161308920248,-2.9985785853109777,0.3368967523580445,0.2461556898332813,0.46875,1,5
0.9350292147375403,0.29716656155732663,-0.19342285873054046,-0.28091092636652681,0.95371753282013605,0.10729361136327351,0.21635484518540077,-0.045988066752898515,0.9752310898864599,6.3783054456120745,-6.8283605609836613,1.1035261177168754,0.4383801888594286,0.396871882913332,0.5675675675675675,1,5
-0.96231990907425025,0.18382151471981312,-0.20037475720619366,-0.18925152941861287,-0.98189506645393032,0.0081201654015473686,-0.19525432443877766,0.04573542608904025,0.97968567387117156,-2.5514123073672828,11.10384849935771,-2.846925272113848,0.144230581619253,0.1268811203793206,0.4947368421052631,1,2
0.9806184666905019,0.025949926971734951,-0.19420098886393908,0.037630951580991813,0.94779060774196577,0.31666524179206257,0.19227931315843422,-0.31783575186922886,0.92844445206218118,-24.684906798712319,3.4134677844783528,-5.9307998886661917,,0.2247946328909393,0.125,0,2
0.75577387005309338,0.6350043934865981,-0.15992272383150224,-0.62344800396586197,0.77246347070484001,0.12088330231100908,0.20029589036211323,0.0083430617491444276,0.979699928358014,-6.442555992469976,-21.819763928960999,0.068330279700145727,,0.3507785747510613,0.3823529411764706,0,1
-0.66118815107428586,-0.65440852097909508,-0.36685108225125734,0.71241343960355819,-0.70095485595133999,-0.033606264155094566,-0.23515382189365519,-0.28356970499012729,0.92967247052960389,-0.50692558124868126,9.5769508421318896,-2.3497559296024408,0.8763220934027109,0.4210738850404048,0.7654320987654321,1,3
0.95326114935509598,-0.20765075642272277,-0.21948654739475984,0.23827025591674747,0.96331847528155123,0.12346983569518014,0.18579684140363847,-0.16999611330350503,0.96777107581603861,-11.047612900124328,19.638217494783895,-5.2151540323742855,,0.1548509600600688,0.5714285714285714,0,1
-0.9779431786428755,-0.024374407729520715,-0.20744403484724291,0.020496137471045624,-0.99957303066610914,0.020824617973391739,-0.20786305033515945,0.016113491639144824,0.97802520810690674,-3.6113979257054316,10.299972775461605,-3.0447230089894641,0.2068849255689631,0.1673581256224579,0.6538461538461539,1,5
0.66625487400782235,0.73533179003844595,-0.12406289300059195,-0.7220186168684769,0.67769947442600587,0.1393288888136541,0.18653031859768274,-0.0032528328532017772,0.98244381993184571,5.4005065798322516,16.692820980370836,-1.3696380499156415,0.2064026478689756,0.1790229145244616,0.3333333333333333,1,5
0.48323084780769932,0.8608442586090731,-0.15948388679377221,-0.86098707686773646,0.50029600546263775,0.091679661784283523,0.15871106197680171,0.093011124807332299,0.98293424473271462,-15.197303460124845,-5.8269473676112709,-3.2574584865842042,0.2471042988516385,0.247025831346791,0.6854838709677419,1,3
0.69994993129850969,-0.65375229067617391,-0.28753788639215339,0.71088777143427029,0.67643382609149472,0.19255091623889647,0.068619750075531047,-0.33918316785311897,0.93821431908956421,-11.325227630981491,-19.095797745207715,-1.1635608916690376,,0.236761533261396,0.4166666666666667,0,2
-0.54260120045557259,-0.75479400708975775,-0.36860540436292843,0.82334893411538423,-0.56482415105999106,-0.055409485383108095,-0.16637448709231822,-0.33355612007688729,0.92793310362548242,-0.6592346642477841,7.8379360756218839,-2.1829632398588923,0.1748878330075532,0.1115192141457083,0.3684210526315789,1,5
0.61000173215535214,0.79229069903687499,-0.013165674579318906,-0.76963052523923858,0.59634595555210512,0.22812355405924106,0.18859146689986456,-0.12902305807996231,0.97354317269253698,-14.922248943605572,20.899742813321435,-5.9454849495789635,,0.3584701367814769,0.5277777777777778,0,2
-0.80889450423399989,-0.52934104267639381,-0.25590572787318006,0.55055004301849353,-0.83469004012432879,-0.013681631831913033,-0.20635971300709052,-0.15195590628704533,0.96660492001236797,-4.3097631498781794,15.758871686330778,-3.4791133319200944,,0.1973667742509218,0.3076923076923077,1,2
0.85884236813208237,-0.46302019981978609,-0.21909377275523514,0.49006561544135163,0.86719505766596705,0.088365290254773271,0.14908212254783176,-0.18326217972775014,0.97169413614473743,-13.839517786841817,12.358612675009338,-5.0512535054533245,0.5411072785106263,0.3358141929726525,0.8554913294797688,1,3
-0.66150556596977084,-0.64640988868066318,-0.3802165725042318,0.72029006043718424,-0.68879160108048976,-0.082148396919066835,-0.20878844562477702,-0.3282078397857488,0.92124209569296267,-14.855665012729258,15.930723023160407,-5.5042287027290042,,0.2730603747710478,0.2758620689655172,0,3
-0.53215797312591351,-0.81380217698266932,-0.23352496306987755,0.83011872586823809,-0.55576185093530617,0.045074005899801199,-0.16646558984190207,-0.1698669531816904,0.97130552640009038,12.475768935412725,4.7741494989924247,1.0322127247248973,0.2337111120180438,0.116814608749578,0.1111111111111111,1,5
-0.88070687923127267,0.42981666283779785,-0.19903022188022637,-0.44693392596632514,-0.89324180364353567,0.048673874347247389,-0.15686127213254619,0.13182077442733764,0.97878384985365241,-6.2028674392223948,-13.082599324186715,-0.71413286256155728,,0.08786091758735912,0.6363636363636364,0,1
-0.89367660855382725,0.43261306760800089,-0.11911361407716886,-0.40105535891777078,-0.88915658740584436,-0.2203523590890995,-0.20123796462662719,-0.1491525957118697,0.96812023260819424,2.4407778760658609,13.650599393168205,-1.8521762169220295,,0.2774088456107454,0.28,0,3
0.50378084998627637,0.84640915796808669,-0.17261631584198253,-0.84852021107531339,0.52232731509076014,0.084779875600186558,0.16192067991399442,0.10375795496168917,0.98133377614263206,-2.6670621640409125,2.6460040471783417,-1.9215343635723754,0.5080853321077626,0.4644545612197382,0.9867674858223062,1,5
-0.45066300284222993,-0.84396553765401361,-0.29090381420943245,0.87822313448755307,-0.47759406119252956,0.025060701596000046,-0.1600843025411349,-0.24418452851480602,0.9564240336346217,9.3371556540331824,1.988805640603603,0.6586520558574871,,0.1270059674050771,0.3870967741935484,0,5
0.62874899136058149,-0.67711620472965395,-0.38234585280287997,0.77323445228298249,0.59649243925183548,0.2151865509692292,0.082360109675064325,-0.4309413129509696,0.89861359722986967,-12.365065919662499,-16.405117072825135,-1.6605575907902417,,0.09318458172664841,0.45,0,1
-0.9035874086095026,0.38296375485708528,-0.19201186803978049,-0.39532891110063001,-0.91807221608179057,0.029299455740002735,-0.16506013161982508,0.10238246199634213,0.98095513884438867,-20.964122897903415,-11.438334797762648,-3.7902158622665532,,0.1714463323261217,0.4166666666666667,0,1
-0.22011981566334057,-0.94843309972563694,-0.22808314733262317,0.97074945509602306,-0.23596376347613693,0.044346338709645994,-0.095878893313960614,-0.2116500830876186,0.9726312148732903,17.679645205951072,-7.2140540757140847,3.5868757338026316,,0.2325634788577419,0.4444444444444444,0,2
-0.56435372769090564,-0.72974111823576937,-0.38598286282863448,0.80756656579585107,-0.58502562247816503,-0.074707850007425428,-0.17129247458681718,-0.35386850863003477,0.91947591961392883,-9.8706772793949042,2.7794431471172936,-3.4199887905819057,,0.2202497378880137,0.242603550295858,0,2
0.9670394406972197,0.18427949241007066,-0.17571507850237145,-0.11939667850737758,0.93769411815060355,0.32630380621005223,0.22489809536190777,-0.29456885351789686,0.92878955487222048,-13.260208497970554,-9.7824509540991098,-2.4857218206193452,,0.2258815565603984,0.2380952380952381,0,2
0.78810436119255645,0.59261838855291149,-0.16641803213060627,-0.57402350767098553,0.80518785989009223,0.14889433477037364,0.22223529987463989,-0.021816412046082666,0.97474895006615181,13.21917701008627,-1.1379020549882237,1.9646967643851532,0.5841166502377743,0.5071618310951648,0.36,1,5
-0.93431778094994511,-0.28621277090794112,-0.21244419024762209,0.28378001677769987,-0.95794570315973482,0.042531539772837725,-0.2156830690583241,-0.020549442011852957,0.97624716857698612,-8.6239183950504863,18.045927446392106,-4.5050884908910049,0.1856087485550462,0.1646039064790946,0.8444444444444444,1,3
-0.94257634697494841,-0.25383703281401482,-0.21706356418233375,0.25438943662063862,-0.96675560823779849,0.025876794171572778,-0.21641590666860755,-0.030827823681547989,0.97581442940134022,-8.2818314685379661,-17.729021530145221,-0.70871838368665541,,0.1212747688725949,0.4444444444444444,0,2
-0.28883627892898167,-0.92978514731472395,-0.22819549471318695,0.95011601597932438,-0.30768673397223739,0.051072790378768489,-0.11769944840157674,-0.20206051957380075,0.9722748511997672,-10.173716268732406,-14.315319842436907,-1.3655384692700583,0.2431717517186709,0.2178861409862971,0.775,1,3
0.39499508181613657,-0.86058123641704298,-0.32152577014599992,0.91866065385531204,0.37245842345547098,0.13167127953808674,0.0064411489033844877,-0.34738258206763872,0.93770136678839611,-7.0290705576188648,-5.3197640777567816,-1.7272740184274054,,0.1492606405731458,0.456140350877193,1,5
0.89253232380304248,-0.35507859949470894,-0.27803819728162826,0.42325349661530765,0.87236912161060509,0.24459884150023686,0.15570012385883764,-0.33599301159580419,0.92890589813453395,-4.6200341302986319,-9.847965405421288,-0.75049461731332623,,0.4017565112317228,0.5714285714285714,0,3
0.50316804659661496,0.84660966082307654,-0.1734185661490194,-0.83942151618236815,0.52650379333753983,0.13477861021421467,0.2054104063922777,0.077754985706489171,0.9755822503221051,0.20571056173995564,12.737446896977147,-2.3082783175158981,,0.09265054048969838,0.2692307692307692,0,5
0.63255342028250283,0.76526141000551406,-0.11937815899601301,-0.74938872044283267,0.6436598151822579,0.15530160331623577,0.19568524768607176,-0.00877591453419823,0.98062748644025222,-16.191717749524095,11.3188165176177,-5.322333306424138,,0.1325257243202099,0.1428571428571428,0,4
-0.1680466667202794,0.97945827686506326,-0.11145313671998551,-0.98577839954059321,-0.16684006491398817,0.020133050903500822,0.0011246347807495817,0.11325138683484912,0.9935657293690201,12.71054125164151,9.0266686119817301,0.60898949705579863,0.5761703516130731,0.4744758585488178,0.9482758620689655,1,5
0.93206757117530115,-0.23326094937061159,-0.27719915631562675,0.31654126530669424,0.89651333688881929,0.30994429199214291,0.17621484080919866,-0.37663399511886159,0.90944772450064071,-12.244154664611592,17.622971684059316,-5.1832416613729233,,0.4280549429714512,0.1621621621621622,0,1
-0.90698221889240016,0.4066601119675331,-0.10959383170402952,-0.38623606501023006,-0.90686320826722355,-0.1685847667397363,-0.16794331394381595,-0.11057429550230606,0.97957560630904694,5.1615253720606695,12.147447537059938,-1.1466709948606069,,0.1170303382114327,0.5555555555555556,0,2
0.097146469355849169,0.99013784392574067,-0.10094361553747108,-0.99170434549638775,0.10487692269130128,0.074319056845348522,0.084172766470351823,0.092886388200244474,0.9921124252179484,-4.5060846006483013,-12.435511084540535,-0.43680261589572789,0.2238369878388917,0.3216942497810915,0.5714285714285714,1,5
0.81875222672863435,-0.45582905015746472,-0.34909120335443444,0.5545883500908998,0.78523037163804466,0.27539975562921759,0.14858180632351048,-0.419086077661526,0.89570659612393211,-19.223590327186798,15.276094005355205,-6.1138212922729336,,0.2395524187329184,0.3548387096774194,0,2
-0.86852724523006597,-0.35586575407308207,-0.3449927381425138,0.44770715892507013,-0.86191571264880118,-0.23803277954170787,-0.21264694716904442,-0.36119367293338073,0.90792092524215984,-9.6844796672403302,-12.92346646942118,-1.4654871904273907,,0.400887685036306,0.1785714285714286,0,1
0.60546411525637012,-0.73540975172840906,-0.30427898744339799,0.79104014241345633,0.59813706365046515,0.1284038401999619,0.087571103837502509,-0.31844081106283822,0.94388916278465751,20.38661638353279,6.3193247464766493,2.6092942930387157,,0.3198205826577539,0.2,0,5
-0.7662942401733519,-0.51706567502485712,-0.38136101687014684,0.60894718067865705,-0.77378615553896135,-0.1744658036399907,-0.2048815965885141,-0.36592085648036171,0.90781355914748152,-15.464420877610534,25.034036914242726,-6.373921006031817,,0.2916817800164123,0.358974358974359,0,2
-0.44899239048325207,-0.83862070621328855,-0.30841715970169453,0.87948131373934646,-0.47574844107966097,0.013267991316936569,-0.15785579517853909,-0.26528990165590161,0.95115867025851897,-12.572107905727608,7.985814937804796,-4.4195454591805641,,0.2257545432664014,0.3898305084745763,0,5
-0.36329368403525819,0.92789001932929027,-0.083891663287716342,-0.93145635560589835,-0.36368233072703171,0.011145398975924335,-0.020168211161840907,0.082190476005699689,0.99641254955589964,-14.26678727176475,22.752508379546004,-5.9863186189301993,0.6804061254963016,0.4974077266790169,0.5753424657534246,1,5
0.74614694235322687,0.66137678947483203,-0.076455756885228196,-0.64232454948487872,0.74531008541264954,0.17869541043696652,0.17516824354310662,-0.084223624513267883,0.98092938967484811,-15.091028945524943,-2.9617413201937022,-3.6554499883006994,0.6681344201413643,0.3337315444002887,0.45,1,2
-0.61692464930313695,0.78701769151763279,-0.0026702659901460296,-0.77757351572663491,-0.6100387302680863,-0.15242104583495705,-0.12158702530583786,-0.09195597213426504,0.9883120430643958,-14.443529194263208,26.183768458272528,-6.2530186555459748,,0.4149664740522437,0.2692307692307692,0,2
0.21520878097649884,-0.93417296493655377,-0.28461562179939942,0.97614356103609856,0.19718422129008545,0.090896265720813219,-0.028791124298564903,-0.29738738113086105,0.9543227005084568,-10.644773170348993,-15.308643072005086,-1.4143269596118726,,0.1474244803833904,0.3684210526315789,0,2
-0.60801655610129135,-0.75831279917972916,-0.23511181617887433,0.77374901204894997,-0.63232273881983725,0.038476230645089343,-0.17784356569749443,-0.1585233502408521,0.97120647319116293,1.6753712712427482,8.4306529830612256,-1.6944052158010317,0.1730255509082018,0.1148425750701254,0.5135135135135135,1,5
0.89721050018000992,0.43066721309055789,-0.097668162343463871,-0.38591228052317561,0.87216101763775411,0.30067735374397619,0.21467424183664663,-0.23207953568096071,0.94871178922261279,7.6936405972612052,-6.2166952931822799,1.3478678524900713,,0.1113378868579396,0.2222222222222222,0,1
-0.023477233537744484,-0.96338108210261209,-0.2671061776751234,0.99726988758490398,-0.041278993769083346,0.061227575403616813,-0.07001136209079073,-0.26493949369660297,0.96172006002681476,-21.08779768711193,11.496972532266161,-6.1016414158012964,,0.1104569784341711,0.4,0,1
-0.92957779567559273,0.32236730376290401,-0.17878602644373914,-0.32434090205820776,-0.94575141135344698,-0.018900983440856767,-0.17518019590973713,0.040417686569112404,0.98370641431955042,-4.4132815701846395,5.0466139204984914,-2.5649508073860612,,0.1849358182811856,0.3098591549295774,0,1
0.83456828139237704,0.5263711937291824,-0.16257044659435749,-0.50951251201925762,0.84971401211871767,0.13558428266188166,0.20950604714327276,-0.030322665140561245,0.97733707194047104,16.064341948438049,-2.2379691860174704,2.7294896470109471,,0.3977275424639252,0.1176470588235294,0,1
0.31329991217006226,-0.91309874953194403,-0.26094796155063377,0.9496408162726836,0.30269637264236904,0.080976700711399119,0.0050482772489961738,-0.27317682843233942,0.9619505888061326,5.4056763502406797,-10.144053684902314,1.2608973057021815,,0.08322677306035021,0.2307692307692308,0,4
0.94007751267055517,0.28085700733657171,-0.19332255843818968,-0.26351092329252679,0.9582738114877869,0.11078490656307707,0.21637066223650198,-0.05320379353593653,0.97486055047720699,8.9130548118985242,-7.1783890755729907,1.7291841808179038,0.1723614587636941,0.09283515313364306,0.3809523809523809,1,4
0.3628014889097928,-0.86143094149547483,-0.35540373194306535,0.93173164217950388,0.34181752534257082,0.12262514558673188,0.015850129536494843,-0.37562948819668263,0.92663437287355988,-5.6483937775191064,-9.7876287856105204,-0.95015532186168872,,0.2092672047891704,0.3333333333333333,0,1
-0.69830114499770346,0.70811010215013515,-0.10466897404590621,-0.69644081773526545,-0.70588963908028712,-0.12918980157635632,-0.16536534790315779,-0.017317640486753629,0.98608032179982197,-7.5099091890179883,1.8573979711047888,-2.7694973975885557,,0.1962189116916493,0.3309352517985611,0,2
-0.54159867794013816,0.83483552877959988,-0.098592656627054465,-0.83851500660643286,-0.54483144448471166,-0.0071610611306268173,-0.05969468778131308,0.078793000881984265,0.99510210896304652,-20.52709703651476,2.2233970430840748,-5.1481013823494743,,0.4570745077406055,0.9701492537313433,0,1
-0.85821190348485576,-0.46225880056222018,-0.22313477994180875,0.46698323342497816,-0.88359615275281744,0.034416544573414629,-0.21307038371593137,-0.074663512797075157,0.97417984553158765,6.6867036026823437,-8.8562316173020275,1.4307284557773994,0.1894771147907044,0.1265096263130483,0.3846153846153846,1,4
-0.97611499242576927,-0.0086944785991219103,-0.21708046343125928,0.056281964740218231,-0.97520735152251703,-0.21401626569356533,-0.20983770396814222,-0.22112220055509421,0.95240385888290635,15.031720013298813,-7.8186971923066446,3.0503788921095154,,0.2889734989575913,0.2222222222222222,0,1
-0.65085583612203934,0.74377602171399726,-0.15226263530223541,-0.75649069633898025,-0.65228777565646401,0.047354873896024857,-0.064097635981733028,0.14600646305024714,0.98720494620373089,16.812082111911185,5.0079944552098148,1.9387691226947799,,0.1073662891493946,0.4736842105263158,0,4
-0.37845396688989835,0.91825667369535136,-0.11652156950216827,-0.92550129518326441,-0.37337814312970252,0.063530424578429778,0.014830629096564197,0.13188420469094969,0.99115418023314406,14.679101888991166,9.2905059964342076,1.0342732093194991,0.1753756228295862,0.1211681195057516,0.1666666666666667,1,4
-0.88537858520628299,0.42192210404324504,-0.19515762597921568,-0.42445400115411647,-0.90492635546492084,-0.030774861319571769,-0.18958787345815034,0.055588032027574549,0.98028894155392743,13.886020094783003,7.9219678340649367,0.97833174413801349,0.4711491043145324,0.2753392133188323,0.3333333333333333,1,4
-0.11089554475347614,0.99382250403145911,0.0043598892726767853,-0.99334783047655106,-0.11097737465921953,0.030726373057623386,0.031020410077218619,-0.00092346867160792356,0.99951832467656809,3.2252354177219433,-7.4368002462148528,0.54311448351211555,,0.6225592928553708,0.1666666666666667,0,2
0.41630255027099206,-0.86053656009925905,-0.29354559334182229,0.90905336121420588,0.38764058367494575,0.1528291999367335,-0.017724928858046319,-0.33047179398653931,0.94364941597835772,8.6045355100921732,6.6733224202047889,-0.028208260695306662,,0.1884979879323916,0.1,0,2
-0.93122504184651633,-0.21406750132323979,-0.29494919276916087,0.24388463468351615,-0.96742677862342297,-0.067865403318593309,-0.27081397010354297,-0.13513153917399243,0.95309981676486855,-20.751671429287274,7.9250891282454479,-5.721740830360817,,0.4480675304449278,0.2857142857142857,0,3
0.21180075789743305,0.97557883242549825,-0.058192617034933031,-0.97136013274294597,0.21669907135167338,0.097473098816692791,0.10770297800747791,0.035881112003725006,0.99353541171399451,13.354373655951942,-8.4881406261548662,2.7307246314773601,,0.1051642832153274,0.1388888888888889,0,3
-0.1272502658061419,0.99137238126273952,-0.031435195588860515,-0.99115098568146098,-0.12588699221568508,0.042097372525550618,0.037776890223166396,0.036513926936604976,0.99861886608692374,-20.323402835409507,3.5605089061826893,-5.2708013179408661,,0.4087355610389692,0.1666666666666667,0,1
0.73317241667321942,0.6581062037681813,-0.17133135145496531,-0.65197246584300828,0.75187271135415568,0.098078181587643795,0.19336522751554699,0.039795106266781094,0.98031945727149428,-19.669669850254117,7.8505566638524202,-5.5572935657837554,,0.08847188435164249,0.3529411764705883,1,3
-0.072678709921220053,0.99242897530552343,-0.09900774766761504,-0.99610847966885308,-0.067266874178371641,0.056947909268694669,0.0498568135362812,0.10276135758298485,0.99345578740662066,17.954407608639393,10.715649707939312,1.642260188893703,,0.1237061307656847,0.2631578947368421,0,2
0.60309426696206236,0.78571111674063543,-0.13760576364264734,-0.77753323070534486,0.61757308509549924,0.11851396421745418,0.17809935515436742,0.035517961594250011,0.98337129005162027,10.029533851712955,18.125281906763508,-0.4523554527160708,,0.1412873643610329,0.2083333333333333,0,1
-0.085707912375344114,-0.87174251889667975,-0.48240971642778196,0.99286808847786578,-0.11500351653400452,0.031418944398607963,-0.082868043530484048,-0.47627636087935898,0.8753820396997789,-16.390589959984585,-16.245286308824483,-2.422835405720615,,0.2064964195773353,0.4166666666666667,0,1
-0.33307032334237879,-0.83803278837279582,-0.43216340118144952,0.93402866767781911,-0.35597155007622938,-0.029575386596347147,-0.12905273210823587,-0.41350368940124554,0.9013102080787484,7.219284891995069,13.634990051034542,-0.79439806043037842,,0.1263295290541042,0.5714285714285714,0,2
0.95112104360707916,-0.20745786796119839,-0.22875749917494365,0.24746309250714646,0.95514141692172894,0.162686482313532,0.18474517112655431,-0.21134357501884377,0.95979326682555666,-20.59242696061278,13.431549311247371,-6.1762769683813694,,0.2442078573534877,0.3333333333333333,0,1
0.62282681991271083,-0.72090212135667131,-0.30395210777500764,0.77817751103059196,0.61095070899380455,0.14553003987562099,0.080786841277846008,-0.32716870663836084,0.94150630570003602,-14.234936339414052,-10.07926365378286,-2.6234032650752663,,0.6140704582176116,0.1272727272727273,0,1
-0.02983905488825097,0.99628219746444124,-0.080817162897487541,-0.99515776031002134,-0.022035113701591422,0.095788756432576325,0.093651817377547145,0.083284072784542668,0.99211546723267074,-0.89516656706077025,-2.9907068479340015,-0.84047293520077204,,0.9060480387622174,0.5692921236291126,0,2
-0.97770999590250041,0.059916383405243252,-0.20122919994863758,-0.05107116872322693,-0.99749868599138924,-0.048868263430329378,-0.20365387213990443,-0.03750197921561272,0.97832443591956519,9.499586381954801,0.77043581607898837,0.84538369306234473,,0.07483014056238597,0.3,0,2
-0.66369775562409683,-0.61656862351437858,-0.423495480114158,0.72414106295729941,-0.67148543615299539,-0.15724830674285292,-0.18741667513486993,-0.41103581538839906,0.89214603532683179,-8.7945744367180545,-5.2145834068310579,-2.1289302305821254,,0.124472142611389,0.4,0,1
-0.98068590307791148,0.020744926616796985,-0.19448600855569093,0.0076055488364752738,-0.98956261726924655,-0.14390268284550661,-0.19544133424420884,-0.14260250531776147,0.97029233241633961,11.60535819909898,15.39523245781054,0.023897154151145825,,0.3095539589368468,0.5714285714285714,0,3
-0.93543889627214161,0.32696421438234741,-0.13434460857991462,-0.29729844974083558,-0.93330712369411795,-0.20137389265619093,-0.19122683682697891,-0.14843252802248408,0.97025773972795559,-10.787338750778492,8.216833468334368,-4.0704809727683813,,0.5137619979910237,0.3932584269662922,0,3
-0.81239900231110251,-0.51435999581186409,-0.27466644453290018,0.5450684746773431,-0.83721760045927862,-0.044351408028640536,-0.20714299157065427,-0.18574305960015708,0.96051616168263021,3.4853731839356676,-3.972789326593928,0.19121878801756198,,0.5771670516261624,0.46875,0,1
-0.24040327542910131,-0.92498280142713252,-0.29430100616031513,0.96399590604194607,-0.26301288788361543,0.039193289495637808,-0.11365807625209777,-0.2742827699129769,0.95490879346225388,8.9431411306478168,18.891460718413338,-0.72415776073395188,,0.1701741374451184,0.1052631578947368,0,1
0.8841418201520852,0.43902098621551444,-0.15985560834864154,-0.39823997283019336,0.88705179704999548,0.23354664071782294,0.24433208118944186,-0.14282745888914414,0.95911529603531243,-7.2179051400136141,-9.296636323825842,-1.2985504125962835,,0.1686407076067281,0.3384615384615385,0,3
-0.57625824649676771,-0.74956907965211428,-0.32568793065441376,0.79857291409834075,-0.60118243949198258,-0.029342380867179971,-0.17380372324250207,-0.27699434881591467,0.9450219026620984,15.281417836939744,20.65068416702626,0.57102804880897096,,0.2363056741408072,0.4285714285714285,0,1
0.38283371812447614,-0.838861333321825,-0.38697546139841871,0.92373819926147094,0.35307826726606401,0.14847045635266681,0.012086500410141395,-0.41430351270768134,0.9100585233191939,22.644262623789906,-8.379867448701706,4.7842031066509376,,0.594427367463593,0.2727272727272727,0,3
-0.46840610321955845,-0.77452618205135459,-0.42509400817186505,0.86969227527517534,-0.48897223076668966,-0.067390680852307552,-0.15566331871497108,-0.40126718138417511,0.90263701472443614,11.841505411545699,-6.2509414788696747,2.213515003899746,,0.6304024263340484,0.2926829268292683,0,1
0.97132239979240242,-0.022789580788510684,-0.23667156709036888,0.051507597456711803,0.99192711488961316,0.11587737549239056,0.23212014791000873,-0.1247446742520541,0.96465486220719554,1.7855510509327661,-11.218710056318869,0.65038045648918086,,0.1374581999505903,0.2647058823529412,0,3
0.90166714601823772,0.41703646183355847,-0.11435448085962284,-0.36600943445147593,0.87683263374602471,0.3117717535161289,0.23028992961881295,-0.2392595283355666,0.94325045794677753,5.7575859101642157,-13.326475430820221,1.6589576658755878,,0.2187144353370976,0.6,0,2
0.43809994849186551,-0.79562675564728824,-0.41838558869731035,0.89312267850661353,0.43805475949865763,0.10217587199405594,0.10198194089444117,-0.41843290188361537,0.90250406666821137,-22.003001623025096,13.387576085866435,-6.4312446704611288,,0.2561745762153308,0.3043478260869565,0,2
0.17231507779341276,-0.86718134704528438,-0.46723016309071597,0.98464854257492995,0.13823384754745649,0.10657697217173354,-0.027834539157636461,-0.47842231838507843,0.87768862571012596,-14.840876705960691,9.9195875017956663,-4.9509554134607638,,0.7494158734409788,0.3648648648648649,0,1
