axis_00,axis_01,axis_02,axis_10,axis_11,axis_12,axis_20,axis_21,axis_22,location_x,location_y,location_z,dbh,dbh_approximation,score,reconstructed,number_clusters
0.79872830728728683,-0.56346741604241379,-0.21103924326169937,0.59682342032069613,0.78646216738022856,0.15899391257623272,0.076386491572076137,-0.25294610164633613,0.96446014617879883,-3.9172122375453902,4.5225791221376355,-2.4992352351460885,0.4238640599549148,0.4023399141641564,0.9445208619899129,1,5
-0.64752283314152781,0.75373760297070602,-0.1122221298512187,-0.76123007567301026,-0.64659030391834005,0.049494957012320373,-0.035255530789258471,0.11747597518966546,0.99244971802202875,12.091356109926375,-7.1175213709173422,1.7122966748834614,,0.09780235615432586,0.34375,0,5
0.4988416533624116,-0.83572964591343357,-0.22959303955490801,0.86664612800143004,0.47823468882761305,0.14218323115643228,-0.009027385600665681,-0.26990283685682503,0.9628452445569089,-13.900915652136785,-10.281772345899562,-2.2048218765262746,0.2194320793782681,0.1304126611073212,0.46875,1,5
0.63760406530023839,-0.74304530444765704,-0.20333403908568179,0.77030978376513981,0.61808785230406305,0.1568127669223833,0.009159309379657702,-0.25661465736087447,0.96647039513854127,-3.1156798343997534,-11.85696890629856,-0.21673884115832803,0.1039962430191092,0.1154102178442634,0.1923076923076923,1,5
0.81279693805312803,-0.55263828647119295,-0.18426085264549028,0.57689797466362569,0.80753221722739965,0.12280246320333339,0.080931232045892088,-0.20611317877802746,0.97517562172849181,-11.827819654103696,-4.7253511984182817,-2.6663906102391137,0.1884816271827976,0.1958426477378097,0.722972972972973,1,5
-0.92851447899126427,-0.3174186468773616,-0.19262986507321972,0.31237813129890124,-0.94825657025333565,0.056827634629534822,-0.20070068607204211,-0.0074080757235834111,0.97962459902979471,-22.84772382405038,12.620039691226836,-6.792712874889741,0.2486633951374951,0.2631301863162021,0.8333333333333334,1,4
-0.87951059299620693,-0.39042611555730111,-0.2720819088037591,0.42897575072004523,-0.8979708953533303,-0.098122761847143899,-0.20601194650222027,-0.2030165495450427,0.95725825068744697,-16.685054905498493,-6.6583418073530698,-3.1609403111119554,,0.1023017047159453,0.25,0,1
0.98409925122487829,0.059247352845144152,-0.16744675249009067,-0.035759898037349754,0.98951218544654806,0.13995307979875152,0.17398245150299801,-0.13173984224083599,0.97589688007256548,-14.341229644483541,7.1592043280355808,-4.6545090143509258,,0.07604102365578791,0.1142857142857143,0,4
0.83874764797906542,0.52980458385792739,-0.12573577825230975,-0.49771545742842749,0.83959433598446553,0.21762507764413391,0.2208658109495375,-0.11995188162731117,0.96789970536604175,-0.26176426255689283,-7.9048706833631774,-0.24191157835456378,0.261207012100874,0.1487606208061319,0.1,1,5
0.31960111120019663,-0.9006765083867978,-0.29434156512420651,0.9462958966913031,0.28739711172860011,0.14807760153129876,-0.048777101439129035,-0.32585998129599553,0.94415892039686378,-21.868813065736287,6.7264114677314231,-5.8557465440096221,,0.378220541977295,0.3,0,1
-0.96869992568360919,0.19225201022370897,-0.15703381338269942,-0.19635194194324673,-0.98047314543551889,0.010877774353929469,-0.15187616296076686,0.041371193416701021,0.98753331866808003,3.154710352518411,18.085685907966223,-3.0499734709629607,,0.08855410922564193,0.2,0,1
-0.71170148734213123,-0.67317872449491956,-0.2007769852408211,0.67247448412791455,-0.73552285464433065,0.082366246076599731,-0.20312326580649134,-0.0763972197350751,0.97616822510510814,2.2807754740959214,9.2558928575786634,-2.043935749091383,,0.06971593735629782,0.2857142857142857,0,2
0.32828743153314299,-0.8982977049760178,-0.29204211260055002,0.94418567420085586,0.30316448325330264,0.12885925937872761,-0.027217180810071795,-0.31804485427149803,0.94768491374516139,-22.639567799334301,14.450341029177521,-7.0634444055755363,,0.1910999979897796,0.3846153846153846,0,2
0.93715902443919086,0.31776946793107558,-0.14406779016485177,-0.26525470425126563,0.91714523750411414,0.29746353591002356,0.22665591716246064,-0.24055597804735887,0.94380078228454578,-5.5555340781426983,11.29249601903232,-3.7827546436513182,0.6730596172097085,0.2578781006280841,0.1320754716981132,1,5
0.66588838245515269,-0.6434729086443266,-0.37753844566092964,0.74562915202565183,0.59102986183631423,0.3077675585035804,0.025096409320214338,-0.48644251279936235,0.87335207790482428,-21.032116269883215,12.086289868812385,-6.4602725507484831,,0.1954767496307824,0.4090909090909091,0,2
-0.96346475144117238,-0.16951006365584315,-0.20736926254822141,0.1849640176720723,-0.98106681902858706,-0.057412618541013628,-0.19371108614895155,-0.093670886194818281,0.97657656135219206,-9.008142975299009,-7.9726278357574856,-1.6957231220096629,,0.3658072819447724,0.16,0,1
0.78053538959027136,0.60545592427373263,-0.15552372603240874,-0.58991364843305716,0.79573149376569952,0.13716150050873632,0.20680036989706499,-0.015313836594691212,0.97826330474938505,7.7977180590570292,-5.1782793367244606,0.75273221671782298,,0.1019921994659597,0.4186046511627907,0,5
-0.33106749328263085,0.93589801734228373,-0.12037115944584897,-0.94278249026427829,-0.32274400118518781,0.083650975786668885,0.039439712760637256,0.14117794032269451,0.98919831086774523,11.020714477666479,1.0222385503665445,0.52693743670877102,,0.08959864434604407,0.2,0,4
0.1441985983555425,-0.93817409983589639,-0.314700051842072,0.98190837912799589,0.096213283121680565,0.16309181202371575,-0.12273018874966589,-0.33252422851283076,0.93507483027906291,17.923956040226482,-3.4695143422537114,2.2646623328097641,,0.2433856672479495,0.1875,0,4
0.89300053741701235,-0.40621507069459539,-0.19375075874306324,0.43552023457198663,0.88850729095435177,0.14448847427847394,0.11345556597756479,-0.21341066107752063,0.97035237119675588,19.379899867881157,6.6800295440381765,1.3826038346962777,,0.2949897711015977,0.7391304347826086,0,5
-0.76179417432414953,0.64712336216991562,-0.03001649712558729,-0.64437899336090243,-0.76170369771433444,-0.067699259992253055,-0.066673449595593667,-0.03223090166614806,0.99725414017531644,-11.753034829664655,-12.719142854251938,-1.5184640720910931,0.8632291687395038,0.4399537806678063,0.2307692307692308,1,5
-0.43227465509111801,-0.8714425544274218,-0.23178976875363824,0.8820848104280109,-0.46202174868467771,0.091990711240496528,-0.18725653467378667,-0.16469298125713325,0.96840653247827824,6.8405221163331262,-10.027642284810124,1.2176085023015333,,0.08802653893980106,0.3529411764705883,0,5
-0.83413011533205905,-0.51970328128367183,-0.18475781477142117,0.51267770928378209,-0.85407721953154037,0.087827498431906348,-0.20344167984869707,-0.021461651852957273,0.97885181738610594,-16.893656969339613,9.1851027368815874,-5.3916272218674495,0.603049328570619,0.2684287906838082,0.8633093525179856,1,5
0.9062192657733068,0.39249952011710371,-0.15719659363081837,-0.37088171863124125,0.91645599135546263,0.15018377640016145,0.20301082022007114,-0.077798088771642002,0.97608097218266388,-13.262999665253851,-7.3169795220184106,-2.4859120617107151,,0.07939324892165803,0.3636363636363636,0,3
-0.30173100443963341,-0.88255675110026888,-0.3606272064711516,0.94174156780912621,-0.33485484743685962,0.031544422778757408,-0.14859751148743192,-0.33009970044726511,0.9321764679203004,13.034095604204976,-17.052357674584648,3.1547751337785082,,0.1438221296237677,0.3333333333333333,0,3
0.46000121542728067,0.87457760779408178,-0.15333913313504352,-0.86946085951412078,0.47870013772654524,0.12199996685882207,0.18010190331696024,0.077202241455599008,0.98061364376386295,-4.5537570500416322,-1.4399944118526038,-1.8018249375953921,,0.1022226993821896,0.3699731903485255,0,5
-0.092547743846488034,0.98608454463290118,-0.13810208523063144,-0.99073767126000245,-0.077354390762731165,0.11160271043318744,0.099366905231228903,0.14715151737529064,0.98411007975679088,10.367953723351997,-10.366672146106245,1.8418089794638872,0.1158110866521323,0.0908224417616809,0.3809523809523809,1,5
0.50290829453849584,-0.80944355865970985,-0.30312435175796487,0.86119547942238184,0.43936761341432973,0.25553560711777534,-0.073658628190018699,-0.38956029780625878,0.91805075070295727,-16.219023255118927,10.672089553096638,-5.4759550567959305,0.6396018654795482,0.4867008468303706,0.6,1,2
-0.44662879217950802,-0.86686259045695313,-0.22152194307231782,0.87662688586709003,-0.47351150240777301,0.085511169226608924,-0.17901962174924349,-0.1560003408771749,0.97139892355044499,9.0267329190517458,-6.3164748907568109,1.1111647336281092,0.4113881909106553,0.404250824132284,0.8595505617977528,1,6
0.96052380781174562,-0.2133483224404715,-0.17853993373658175,0.24746775252284126,0.94845263720701689,0.19798309633993913,0.12709730952353071,-0.23435035371616669,0.96380816847803719,-10.419886693292423,27.306647140856526,-6.46281409217986,,0.5140805763409255,0.8235294117647058,0,3
0.61131196341928684,-0.73085954951800958,-0.30354901129601525,0.78967244283300386,0.58858485520770643,0.17316264392263941,0.052106778931459916,-0.34556068511689114,0.93694860931159507,-7.4186294245466957,14.808697866822998,-4.5269658308828387,0.4824425775117814,0.1710756557339398,0.2321428571428572,1,5
0.035202104972862774,-0.97696307167730501,-0.21048507876883937,0.99360485453510561,0.011603576413336748,0.11231540436953263,-0.10728562275417579,-0.2130927347266087,0.9711237210350615,-7.946351105218505,-8.6181976713418287,-1.4441468671031641,,0.06689558372686451,0.225,0,5
-0.72545823291081413,-0.65859715972964328,-0.19990030889912394,0.65734685581639174,-0.74907544177976992,0.082347396259662795,-0.20397417348826916,-0.071664242956223048,0.97634971850832664,-10.877774939339204,19.343872190820477,-5.6779719066633154,,0.5697571722433653,0.6486486486486487,0,1
-0.85912629890582448,-0.47490404445739343,-0.19070435518464265,0.46621941826161589,-0.87997256035115345,0.091037064236695636,-0.21104846970348007,-0.010697737473216548,0.97741705625018305,-9.9137271346068427,12.551017416077304,-4.6420205804001444,0.7121809672157688,0.6898938816548943,0.9580514208389715,1,5
0.30077914436294717,-0.92720545949612909,-0.22320829329768674,0.95267910695186109,0.28132036881168171,0.11515801869198755,-0.043982104243636869,-0.24728300785179758,0.96794456893670822,8.4512141731133799,0.88323588823679644,0.10806008025445059,,0.09568451741181275,0.2692307692307692,0,2
-0.68538528307329094,0.7251277961486694,-0.066608505456269229,-0.72493691301164009,-0.68809587685881624,-0.031472788294811677,-0.06865483158305731,0.026715978411241556,0.99728269342139464,1.6934427668744327,1.8072988118710391,-1.1407506554668507,0.6266464068999915,0.4468168144701579,0.1853448275862069,1,5
0.1015966160730126,-0.96163231831450757,-0.25483604920728609,0.99045924797334073,0.073801643700222144,0.11637781356955072,-0.093105347357692228,-0.26422831369898825,0.95995562008521607,-15.001090184994041,11.122978009528342,-5.3041991314975965,,0.08910799755324388,0.2553191489361702,0,3
0.41117505445705893,-0.86889896339928618,-0.27558966961023795,0.91083590205967335,0.37960576335261664,0.16210312751029099,-0.036235812552984317,-0.31766972759947198,0.94750879154522982,2.2567372480354702,-9.6042027610778842,0.40531501602547892,,0.1029746469960271,0.2631578947368421,0,5
0.84872124565980278,-0.46224704167264763,-0.25690449515444275,0.52009496821049273,0.8175603431256333,0.24717667646932961,0.09577823974055906,-0.34339883199158205,0.93429319326377291,11.157247825224763,12.797603499433928,-0.88036820301079766,,0.5273785300403095,0.3571428571428572,0,4
-0.95635123065259642,-0.21384448995064478,-0.19915536082920998,0.20871977249062265,-0.97686301479305759,0.04663375280717795,-0.20451987727535675,0.0030305852845330414,0.97885771966721791,-33.355768710218591,16.682419946999161,-9.0376170940879632,0.327658355829902,0.2763198968815574,0.4,1,4
-0.83280511375904909,-0.51166020030857073,-0.2112805762888979,0.51337866158956913,-0.85664745446083423,0.050965562787770473,-0.20707001791973234,-0.066022558159804151,0.9760958095867206,3.9211534618891872,1.0717682150860695,-0.70445275418785347,,0.06458855682041327,0.3488372093023256,0,5
-0.75644746760545301,-0.62007100852624764,-0.20808453363606469,0.62218158243277843,-0.78030088618678906,0.063408244712770845,-0.20168616024591299,-0.081501358279191125,0.97605339063183738,-26.76756573180462,13.123761495886413,-7.5001346690443293,,0.2209748985848604,0.2727272727272727,0,3
0.28551156111185355,0.95404660894198701,-0.090984704416560258,-0.94546549884515274,0.29592340652805665,0.13610410707365869,0.15677416548959797,0.047163602864146802,0.98650770681222466,-7.8191935116907549,10.31053402708403,-3.9941043471784319,0.1654348313798334,0.1036700031917624,0.3865546218487395,1,5
-0.88951443170373456,-0.41803543769100232,-0.18441921978274226,0.4080415145974316,-0.90841263401480221,0.091041796595431476,-0.20558744649374194,0.005732294198845426,0.97862196104900567,-10.306046686027393,2.1530866861378071,-3.3197861469030254,,0.06947756445767111,0.3553299492385787,0,2
-0.95253935192627492,-0.21653762109565436,-0.21396317833240922,0.22992364681480815,-0.97240730664723274,-0.039486030624172622,-0.19950914682603121,-0.08680719226716517,0.97604334519704594,25.026870983380043,-8.6243611403710538,4.0641773861829877,,0.2006603589263681,0.45,1,5
-0.57293606077717552,0.81942103911385133,-0.017129825413849869,-0.81952728540896791,-0.57303857248227397,-0.0013501546897372629,-0.010922395860852037,0.013264807011564106,0.99985236218334006,-0.41630797511504353,17.667576149669991,-3.640579696284961,,0.2691923150948938,0.2777777777777778,0,1
-0.57712716219880578,0.80073206042031086,-0.16047556221243806,-0.81658339844915118,-0.56841507647911182,0.10047812801043278,-0.01076067049904187,0.18903033684118026,0.98191228718461487,-10.023408443558553,17.277014298267559,-5.2813919098816546,0.2390844656091997,0.1811710953714483,0.6590909090909091,1,3
-0.61643605827646075,0.77345340188616873,-0.14756836099683721,-0.78708816187880226,-0.61058592148967283,0.087618821658677778,-0.022334088000812723,0.17016071106257169,0.98516319507168548,6.1349660067962546,2.9890968314165223,-0.56839416567638212,,0.0767600590309355,0.2444444444444444,0,5
-0.045085459497031528,0.99286788978149965,-0.11036600374560296,-0.9936024777774124,-0.033117075820775381,0.10796932640184706,0.10354427795165268,0.11452778147643454,0.98800909397310588,-0.64742363264097791,6.9003249581239059,-2.2588087156803991,,0.07333395998635801,0.375,0,3
0.19759244890726457,0.9708109749907009,-0.13595320876108918,-0.97110364371035662,0.21278654148181284,0.10807220242355921,0.13384669329983487,0.1106704052663358,0.98480308899337154,-9.4118379184929086,-14.486897989223458,-0.87581383606673757,0.3736341785455707,0.3239705277271535,0.75,1,5
-0.044304006655427816,0.99824154480639293,0.039382397296548251,-0.99131530179069638,-0.048814110540705259,0.12211124046434675,0.123818930014346,-0.033630355851033814,0.99173477892803397,-2.4477419841278842,-1.3463292097117472,-1.4490716411742455,,0.6168091165987755,0.4226705091258405,0,2
-0.23749945122515348,0.96738725070218434,-0.08806768900465288,-0.9691375833555772,-0.22980625640643232,0.089226840379859174,0.066078401883389398,0.10654103291845074,0.99211020209914547,-21.501708244648036,-16.781483645121668,-2.6059889454893543,,0.1565909152405199,0.2222222222222222,0,1
0.39151796835878788,0.91999409699491996,-0.018015047785382227,-0.90695845506598494,0.38912823839075211,0.16126244098125328,0.15537065757899568,-0.046798243358189037,0.98674712220611949,19.966314532353742,1.4511377193328614,2.0604874460474338,,0.2523694965828416,0.3846153846153846,0,4
0.82994609526705732,-0.51161928476078344,-0.22234024919440307,0.55111731097909533,0.81370435337692559,0.18481053767199096,0.086366593600396446,-0.27591834436351564,0.95729299524939615,-6.4661337210812402,-6.9616202605620163,-1.3949043197183149,0.1996165037187546,0.0757031444928546,0.4444444444444444,1,5
0.9627053389467749,0.22966219807889754,-0.14301645058155169,-0.17515671506680694,0.93194157735162075,0.31749806545927078,0.20620028014137518,-0.28060679103853359,0.93741200829340565,-10.042306332986898,-7.2731667162824323,-1.9412826955561875,0.6259971914037,0.3624155378115398,0.2962962962962963,1,5
-0.49794914318865391,0.86657285009586393,0.033138290155294972,-0.86717039648096839,-0.49791228555988709,-0.0099428042105530086,0.0078837976080855174,-0.033687555050205965,0.99940131797492338,-39.729703224138795,21.381151194509656,-10.623156017905613,,0.2701549177233457,0.45,0,1
-0.48951568777045634,-0.83541722779876615,-0.24990487575004275,0.8580251804012059,-0.51256192863856065,0.032757580921059279,-0.15545797253308669,-0.1983893263443024,0.96771612261476692,17.081421982328855,15.676962615204634,-0.11622335507216586,0.6660048358594446,0.5929441144470669,0.1428571428571428,1,5
0.94719581560470656,-0.2650824880475165,-0.18041995851754689,0.2900019955511498,0.94825537800643722,0.12926941114672155,0.13681713882875182,-0.17476559333120331,0.97505797669180017,-3.0776527314819937,-7.5145890610710078,-0.7649555138524875,0.3934838857084992,0.3714503331427998,0.9096045197740112,1,5
-0.8284041388500939,-0.4669433905697844,-0.30937105995750058,0.52028247066864319,-0.84605356081045857,-0.116187447492728,-0.20749152621484609,-0.25721050181346922,0.94381673237228425,-5.7257438957276872,4.2366383728253725,-2.7793835817568366,,0.1083572332142154,0.2564102564102564,0,5
0.98343491704356534,0.051816327473656457,-0.17369753062913437,-0.02415929712528591,0.98719022557007774,0.15770791641928397,0.17964434948511027,-0.15089906144851431,0.97208918364110486,-2.7173209412741861,18.029812216391473,-4.1263259694729975,0.2296953807754342,0.2078268555345396,0.7868852459016393,1,5
-0.10227747830593438,-0.97392712115871138,-0.20249760517814619,0.98651034414601058,-0.12546172858689553,0.10515082288269587,-0.12781493779797043,-0.18901142116679998,0.97362108869118458,1.3993926415677092,14.929364864130109,-2.9761256026395575,0.5759523192759016,0.5791448032662101,0.9558011049723757,1,5
-0.93589803412350447,-0.26797551193422825,-0.22865693675755475,0.26638698934636307,-0.96310160497711694,0.038383204627574642,-0.23050562169010266,-0.024988467221699468,0.97275008860198497,4.8946969826638984,1.5247353960065295,-0.58424624486906929,0.2808609906476503,0.1327858709873346,0.3333333333333333,1,4
-0.94950923936684972,0.29648842070137449,-0.10260029603754653,-0.28131654705370096,-0.94935382857113582,-0.13995823852531869,-0.13889998096029471,-0.10402847959732928,0.98482733040970127,-22.473551585537294,8.9418814053474396,-6.2446440455588501,,0.3528889465860651,0.2380952380952381,0,1
0.96009954712428847,-0.19656382779183434,-0.1989259189134461,0.23877227424872197,0.94647939850947249,0.21717400684069124,0.14559072999964628,-0.25600665968089509,0.95564843406830369,-18.477390448645842,11.774034162790217,-6.0043019005860856,,0.2171553108499484,0.2,0,2
0.50447781432555594,0.8606099995114459,-0.069660344488239642,-0.84333580492312099,0.50843629028888015,0.17400361735307232,0.18516710017706331,-0.029033901876806715,0.98227805511159949,-2.0950122792163079,19.76541431742227,-4.2054718908504372,,0.628525987611967,0.3666666666666666,0,1
0.07102487926209583,0.99234582245767344,-0.10102096404513432,-0.98928083287573243,0.083033751472740572,0.12012006419020901,0.12758879351456184,0.091406590392415207,0.98760616391471123,-3.5548536845380743,14.032219013981223,-3.7644577224291806,,0.100464931509812,0.3793103448275862,0,5
0.22130647236685652,-0.95560064221190422,-0.19455296937526659,0.97270872809733155,0.20203958764032931,0.11409529047860044,-0.06972213114792386,-0.21449339763806566,0.9742337536740705,0.61773337508027337,8.5847722938942219,-2.2501482611970105,0.1812294933245119,0.156065218367006,0.7045454545454546,1,5
-0.73570261601348219,-0.63956950092491816,-0.22291817843677425,0.64143315667031375,-0.7636097111285286,0.073916943890836598,-0.21749750875556062,-0.088606221885686162,0.97203074597888572,7.3736422854319459,-0.091557418556710596,0.025632067325626357,0.6117135250535595,0.3284886550313472,0.3260869565217391,1,5
-0.90531078508609808,-0.38120235519500312,-0.18734232517126514,0.3746066640338101,-0.92447197491188904,0.070861942281964602,-0.20020546862724203,-0.0060276028647337655,0.97973539199900916,-14.245795544872298,2.7674363706281988,-4.0389470946747075,0.3349237183126488,0.3208869629918749,0.9313380281690141,1,2
0.9598685402485061,0.23571113099895674,-0.15196265384756349,-0.19098442960354423,0.94617989148457504,0.26128253022206854,0.20537120803610867,-0.22177438011057546,0.95322546715683099,16.005568914763433,-14.013167917707655,3.2546436855432712,,0.1932031716146248,0.2777777777777778,0,3
-0.50249980840601449,-0.83986038147171826,-0.20525224039239928,0.84456352100252929,-0.52761928432460481,0.091270749972829399,-0.18494972707124976,-0.12748502046504223,0.9744440302107138,-6.1688914820377025,12.878329465854703,-4.0762282395126297,,0.08333346782227784,0.3636363636363636,0,1
0.88471493842843751,-0.42424967498634603,-0.19311056676304983,0.45301869663401195,0.88014473838275209,0.1418425182982104,0.10978860697534891,-0.2129728921039879,0.97087023283612717,6.1036792761697605,0.67308951385245974,-0.29638900205547458,0.5925904979649169,0.5034341351621445,0.966903073286052,1,5
0.10407068149833815,0.98152286738311523,-0.16056822243675228,-0.98661968068714323,0.12225683916914651,0.10786505901898222,0.1255025853648862,0.14719417814708685,0.9811131305748243,-5.010772493553608,13.845850449804256,-4.0008256760342835,0.2004010177247885,0.1762867355147446,0.7383177570093458,1,5
0.69004338607626314,-0.68388337690199807,-0.23694651744544842,0.72266913944993971,0.66906052423968965,0.17351463854901786,0.039867784225988551,-0.29096656457612541,0.95590220110620017,-7.2592259905870353,18.025302377643776,-4.8939767733546242,0.2759451035041048,0.103849312836019,0.2857142857142857,1,5
0.13503225205749012,0.98976024758232017,-0.046270327533593558,-0.98138664541197296,0.14003354128159703,0.13141864222083993,0.13655234568221947,0.027663326298889117,0.99024653357977688,-6.3460001105339039,8.3536458094382802,-3.4653845466519106,,0.3211102737803059,0.1375,0,3
0.85460375972189062,-0.4579560379550161,-0.24480335203945827,0.51105410160896592,0.82532083988022464,0.24014415772209668,0.09206584110224407,-0.33033585721193898,0.93936260429196972,5.4473158521251648,-5.1002750682526345,0.34596599177245702,,0.2945658742664686,0.7093023255813954,0,4
0.38284115962790222,0.91314390226646924,-0.14000307228174394,-0.90784994997225721,0.39993196169510586,0.12594798271537946,0.17100033576029108,0.078883710411392791,0.98210806197770217,-7.2965197399586659,-0.28452633462414145,-2.4592374027792121,,0.08125228946517303,0.4409448818897638,0,5
-0.93979063898053117,-0.29003147358320142,-0.18076310247316305,0.28165823138334772,-0.95688704460575824,0.070963543877569743,-0.19355153210081041,0.015777458503066253,0.9809632389771874,-17.807062038938863,10.782853737391944,-5.7537415717310365,,0.09858652280721154,0.2571428571428571,0,3
-0.64309080871197066,0.75738897100761104,-0.11312010584425695,-0.76519932579301086,-0.64134571245076955,0.056086263264158422,-0.030069977653888538,0.12262798912583961,0.9919970628620064,-3.2396764204172217,5.4759625897165449,-2.5671528192972146,,0.066980030740697,0.25,0,5
0.9735517636324208,0.16670015626280385,-0.15623066738051358,-0.13001963873406683,0.96654547592186968,0.22109892925663335,0.18786127081350917,-0.1949381975830386,0.96265634680887557,8.71515812311935,-5.5263923898338954,0.93544376843500887,,0.08669910977072848,0.3529411764705883,0,2
-0.50782241560053409,0.86076753395123706,0.034578124719901876,-0.86144536504731983,-0.50765126887230216,-0.014215211951707737,0.0053176359530172235,-0.037005968543577364,0.99930089614691298,8.7686548155304305,2.431332016763847,-0.016429094396419743,,0.2977006022227371,0.25,0,3
-0.62120878006717128,-0.75205856466979859,-0.22024433448844732,0.75841966197417887,-0.64771433036424841,0.072565574288125753,-0.19722897327327171,-0.12195926183605592,0.9727418313992543,-7.0927784824828528,-5.8325692046425672,-1.6718120764858144,,0.2302258358290435,0.3076923076923077,0,2
0.60692137326803453,-0.75861600071436663,-0.23695613545672087,0.79465033095902293,0.57424207359104029,0.1969184918299392,-0.013315336163946302,-0.30781131294675124,0.9513542439306395,-0.96241763928951485,12.311319294323445,-3.0667113043614163,,0.2531637055050303,0.25,0,5
-0.98621850328755101,0.087448586063376993,-0.14044859760346595,-0.096098397847407965,-0.99379409257890172,0.056021419889538321,-0.1346779926507129,0.068746246085112289,0.98850179157388518,-3.1865134243142776,27.17379206949412,-5.2318336093756539,0.365227758222027,0.3496586709998341,0.813953488372093,1,4
0.17446359817191012,0.98460413040205041,0.010824015342458542,-0.97314093979000438,0.17073480823510923,0.15442259083938775,0.1501970845840184,-0.037474413299529802,0.9879455977584588,1.6090833676447829,-6.0987815347558962,-0.21390693945011149,0.8685663983190517,0.3034275432386851,0.1509433962264151,1,4
-0.60682713691572654,-0.76679981842251876,-0.20923399429789935,0.77038712185923008,-0.63220374323136808,0.082596062361936742,-0.19561316002793103,-0.11106964261866245,0.97437109260920107,-8.1438881820354023,-4.7714407605752145,-1.99862672913962,,0.1030656685074396,0.23,0,5
-0.93807615811668443,0.31606617616852573,-0.14182839580016646,-0.32046388937569747,-0.94722070188687635,0.0087084742139557532,-0.13159033847225612,0.053620091375722899,0.9898529530297,-17.419975782354438,6.4150689114306596,-5.0242956999989854,0.5341851726657112,0.3004429106202683,0.6818181818181818,1,4
-0.53995396512738958,-0.77074824385424279,-0.33822604887680058,0.82071826752973431,-0.57127124231901272,-0.0084079154541611793,-0.18673842905573118,-0.28212818415552504,0.94102733585103926,19.368329316854762,-15.852200440308659,4.0204245136224692,,0.3583584479976439,0.4242424242424243,0,5
0.63577783012388289,-0.74762285131878492,-0.19195474182457045,0.7713783206108219,0.6243041686561952,0.12336851904001017,0.027605021546734856,-0.2265046957227756,0.97361880918608867,-5.3571789292525436,15.651778617444158,-4.2665870091799452,,0.1256310000160494,0.303030303030303,0,1
0.0066672575028847245,-0.98275001051508837,-0.18481873419646622,0.99399133527432537,-0.01368020164772115,0.10860054089387057,-0.10925554025747983,-0.18443228815874813,0.97675378576567318,12.154462702472225,2.5753625851354651,0.56256680365769829,,0.09139650437175716,0.4,0,5
-0.33644825713594817,-0.92227857771193145,-0.19027557742348447,0.92720088240641185,-0.3597570433189014,0.10427556495753822,-0.16462409888881593,-0.14134035119561425,0.97617714129605904,-9.1743789890043868,1.7148679983204058,-3.018572042439831,0.2525228692113468,0.2278982480748872,0.9154228855721394,1,2
0.17388886294568792,-0.95892231179768395,-0.22412198303611575,0.98119031645847599,0.14933583229549782,0.12232895029683948,-0.083834516946013515,-0.24117796153296459,0.96685312464677498,11.414770825149708,-21.047512174611533,3.4851735827496748,0.6092897582247986,0.5404492781785052,0.8125,1,5
-0.45172855556732749,0.88684568082273951,-0.097190794271416719,-0.89208466193882108,-0.44763231418335342,0.061727362104305558,0.011236904313752138,0.11458642897354164,0.9933497280799628,6.7573612582699187,6.2446908120926441,-0.89977140028661196,,0.08949281108458826,0.32,0,7
-0.46994136570072942,-0.81046084521439166,-0.34972608020807877,0.86264532437639463,-0.50565151607739345,0.012632838959572531,-0.18707794400965161,-0.29575287431064418,0.93676682274839029,-11.747132965756535,-6.8188888145529809,-2.336811343629638,,0.3357338144188393,0.3333333333333333,0,5
-0.9001635747868959,0.40281077911663116,-0.16567744220119146,-0.4202441496325568,-0.90319772241661089,0.08734259511290117,-0.11445694966442964,0.14824759845913038,0.98230456388261522,-14.711123390666824,0.66827865530392605,-3.8924256777722022,0.1801359610880789,0.1860642173501565,0.708994708994709,1,1
-0.51066672825344461,-0.83361737933977442,-0.21047935176071342,0.83947328630260976,-0.5363244068530173,0.087411281869428897,-0.18575277720459579,-0.13205375979670811,0.97368255108342883,0.75777823213199735,19.615251182183723,-3.6689763299059903,,0.08132397314999835,0.25,0,2
0.98327847366522136,-0.0092569673679117719,-0.18187290007514176,0.040801588435060723,0.98451602428398954,0.17047999386796917,0.17747865676686031,-0.17505001137730986,0.96843111262961534,-1.3797891127531092,-13.568043622817326,0.31984365585438129,0.3606391012668265,0.3194425060655756,0.6551724137931034,1,5
0.87879281189662428,-0.40704272063805463,-0.24907713129549747,0.45487992878293393,0.87229683362775168,0.17939477259226697,0.14424785665394479,-0.27095102439106716,0.95172375100770379,-10.932965481818982,-9.74202456855941,-1.786328916858591,0.6449379149387491,0.2656503496237,0.2666666666666667,1,5
0.6398527538266946,0.75421024404978043,-0.14749698705656891,-0.74304045062493707,0.6561460751983389,0.13176955921951677,0.19616152057803171,0.025283112391196003,0.98024559273292744,3.3094289260473344,-12.091978005233003,0.9002435905712135,,0.1063417195529488,0.4074074074074074,0,5
0.71104335859531309,-0.66234859065731966,-0.23603323209192062,0.70157339116786432,0.69073909905827702,0.17514072581036452,0.047033169175791534,-0.29012728497406298,0.95583159579020982,-4.7237427868346771,7.3053588671049052,-3.0179429801947584,0.7414869496455024,0.548448089351098,0.4695898161244696,1,5
-0.12638673288121957,0.99022383396754421,0.059018237810253511,-0.98797034867592459,-0.1309973758498871,0.082184412497836062,0.089112198316405225,-0.047921249598270897,0.99486811686180643,-16.452002662433873,-3.9001001286579946,-3.5371565494962725,,0.353293216255952,0.5625,0,2
0.7341550415526904,-0.6453240033073917,-0.21112391081564275,0.67678370506905616,0.72050340442335925,0.15112465307603612,0.054591130376375897,-0.2538341485491527,0.96570597674165737,10.972254004424309,-6.0699279934712465,1.411636532356588,0.5918680428057529,0.524159566933425,0.9957446808510638,1,5
0.26075025976361232,0.95564404349131959,-0.13694438350210605,-0.95381534485095676,0.27692977836594262,0.11638808264183323,0.14914955568174212,0.1002714315932161,0.98371746454263365,16.703347876308619,-5.3122058705325665,2.2299680204363854,0.3953402273876654,0.3475559735515456,0.9195402298850575,1,5
0.41906847482846976,0.90765638694911044,-0.023270080262583814,-0.8857609965476867,0.41432263595252328,0.2091989730667953,0.1995221050404922,-0.067056965095653148,0.97759618096245204,3.7736545594895103,10.119329896896716,-1.8830742663351323,,0.3394440720519667,0.1904761904761905,0,3
0.30232015804057499,0.94170413273213005,-0.14763417096847761,-0.94036015558381658,0.31998895941100358,0.11545494205725686,0.15596570082137667,0.10392493565209006,0.98228015755028186,-18.299360355044222,7.9172213610649766,-5.4047039259449345,0.5306272329122075,0.5082038717906388,0.9870410367170627,1,5
-0.61606585314360363,0.78639813721002894,-0.045175594993761232,-0.78737973879156986,-0.61642750426809068,0.0070907631699513116,-0.022271316327583147,0.039938725247676783,0.99895389618071317,-27.954133004917221,13.439642971142275,-7.7879048197610574,,0.1762040354565196,0.1428571428571428,0,1
0.95937108157651196,0.25896979272528159,-0.1119900633562602,-0.21681438351413138,0.93065839942281381,0.29473117698193063,0.1805509649270855,-0.25847551148917702,0.94899513119104428,-16.644171379572949,7.1789420610291677,-4.9963410610603365,0.4418621818022982,0.2653550097848149,0.3584905660377358,1,4
-0.96290408176631526,-0.19231751464068655,-0.18928735530985746,0.18539185170258468,-0.98119028315550616,0.05380975342357594,-0.19607547179608611,0.016721297905620651,0.9804462287939586,25.586445237919488,-7.6113978403257834,4.0385616651093708,0.7780541187432291,0.6516752563630257,0.7910447761194029,1,4
0.22467154601882161,-0.94411391447720139,-0.24118792030292352,0.97120352059627302,0.19681920407689776,0.13426065130164586,-0.079286934553671695,-0.26440710542092721,0.9611464324503366,4.7673739841088185,21.267095116404189,-3.1125224551661952,0.1838374329460332,0.1282068439829142,0.3157894736842105,1,4
0.3480578889516614,-0.91196745299949744,-0.21718902045941932,0.93639602606556438,0.32709738158069013,0.12716047079055165,-0.044924250768725367,-0.24763414068473169,0.96781152300445505,-7.1768991287292581,-13.950738234087661,-0.57453320240751649,,0.1103638029623411,0.1666666666666667,0,5
-0.68065963241852334,-0.68618362089280849,-0.25662132260261544,0.70236625099677319,-0.71081599900115622,0.037712929145404819,-0.20828853606624392,-0.15457248779269545,0.96577597389920511,-1.4318218247231158,8.1651857610532108,-2.5517810867265962,0.5370802417941817,0.2120642661808989,0.2371134020618557,1,5
-0.8164121434745959,0.57429592846852828,-0.06045989192585783,-0.57332679494815408,-0.818618992171391,-0.034048962550606812,-0.069047796356527871,0.0068652895617367909,0.99758973010829477,-19.360796472316974,7.5756578171140276,-5.4963692466781131,,0.2480463731024472,0.1777777777777778,0,5
0.57755825967922625,-0.79432587634385465,-0.18834239790039248,0.81625828970911796,0.56536219467298277,0.11869285284166617,0.012200867077729396,-0.22228808111348383,0.97490468653988727,2.2409173796400199,3.9320431029463077,-1.3501333257264858,0.2629354646326867,0.2475546592389765,0.8306010928961749,1,5
-0.43671766920020605,0.89854057120018682,0.043617878393871518,-0.89931764278108761,-0.43727952443856027,0.0037940597590617161,0.022482321744165996,-0.037569394645504899,0.99904108313670614,-12.76333260903715,1.905994689371405,-3.719126780167171,,0.08764751062440457,0.1904761904761905,0,1
0.77881489947072979,-0.59558142251369073,-0.1967996989808847,0.62339880251027446,0.76967597026920698,0.13774191017592058,0.069435476459472512,-0.2299601486056318,0.9707198590026489,-9.111119330399708,-3.7296253615451795,-2.3109841211723277,,0.06584778691872221,0.2166666666666667,0,5
-0.05462448446633434,-0.97930244167060276,-0.19489200454298933,0.99108762611533963,-0.076925429628770428,0.10875566944987852,-0.12149684381846866,-0.18721433175488053,0.97477654410009562,-11.180553418262308,-3.9695200655533367,-2.6727999224779508,,0.1147494285374118,0.5,0,5
0.48367945658314654,-0.82974856722379464,-0.27851660357955715,0.87520258197992107,0.45537396338257624,0.1632635720818448,-0.0086385053748726671,-0.32272568640147664,0.94645311957940315,-0.51263670452005872,-9.1341292554940559,-0.082446079071115869,,0.07535710877468763,0.4137931034482759,0,5
0.51237493283348712,0.84887196876051929,-0.12995502628417058,-0.83837078333212678,0.52722934746663186,0.13843281700877605,0.1860278416231167,0.038020991866985238,0.98180855889450003,-30.031281846856459,8.5399956179771852,-7.4452008349461876,,0.1710047208173496,0.2727272727272727,0,1
0.45998259380996426,-0.84201733506158527,-0.28182054724175937,0.88740367943139509,0.4250364596630124,0.17849010529649856,-0.030507755136689296,-0.33219093216540352,0.94271865445826475,-18.206516385942628,-18.260173823896583,-1.8224794552518893,,0.4531530534225818,0.5384615384615384,0,4
-0.60615828867170274,-0.69247356348300526,-0.39121923898466487,0.77099148160400699,-0.63238619633214654,-0.075231868131910309,-0.19530556666068186,-0.34722912113719301,0.91721735322967046,10.663890049778836,8.3480002250210461,-0.40323216994138611,,0.1256045174445364,0.1818181818181818,0,1
0.97495221786776087,-0.12044252076920862,-0.1869806729731518,0.16877054360652732,0.94816895464031803,0.26924363886087216,0.1448608866654186,-0.29405651267578692,0.94474657494349423,13.01885239412961,11.794912790381639,-0.41345670509987664,,0.4350537707652805,0.25,0,4
0.00090292762845981358,0.99987926826266971,0.015512369909398444,-0.9922968948179165,-0.0010257967677185739,0.12387824779077307,0.12387920429361257,-0.015504729584858301,0.99217616686961496,-1.6465028783640323,16.238151256866281,-3.6919290213164699,,0.6327372265613697,0.578125,0,5
-0.83792540019588857,0.53093454648712346,-0.12644971748909947,-0.53850946732792293,-0.84196356221359825,0.033240239210715172,-0.088817663247560755,0.095947210752066914,0.99141593463295807,-5.0356982626144431,14.900197771673254,-4.1147242736562539,0.5336404312468452,0.1101096736220014,0.25,1,6
-0.01093809797925873,0.98923374340265102,-0.14593477627410961,-0.99392315640633722,0.0052304770784228835,0.10995181339475808,0.10953135246065276,0.14625061717172474,0.98316511319565758,-5.623409752311832,18.033717826848065,-4.6084338582894855,,0.1078198769240705,0.3125,0,1
-0.98018751395112735,-0.10538588729712749,-0.16770883176775137,0.10028580692360214,-0.99420890920421467,0.038618671502858699,-0.17080747765829443,0.02103472409043872,0.98507986780689438,21.676526582515617,-20.553846919739286,5.0864258295143365,,0.4315554000106691,0.34375,0,4
-0.81385329661529648,0.57374960791192431,-0.091946718317342815,-0.57566586734859537,-0.81765697473122034,-0.0067735399297209871,-0.079067191414675303,0.047417919548451377,0.99574089006502753,20.150532920899888,-5.491505558581764,2.848156757957319,,0.605466572389019,0.825,0,3
0.35918394055883052,-0.88344204327901132,-0.30086052085914461,0.93203091534832416,0.32297280772234699,0.16433787849095546,-0.048013224007501902,-0.33943883342798209,0.93940194202559302,-20.169100460384982,6.7679440171192109,-5.5411773007397924,,0.3455857520594169,0.2962962962962963,0,2
-0.083995666525267632,-0.93572937786372545,-0.34257153910933863,0.98847264018823355,-0.12170101773257025,0.090059435275595207,-0.12596256429701069,-0.33105799142389186,0.93516524673990054,0.78525667618132589,11.895258771655842,-2.6507647857922407,,0.07893126288808991,0.5625,0,1
0.18562841008683578,-0.92841308216209006,-0.32185593398121787,0.98042208189803315,0.15309990116327038,0.12382633641727384,-0.065685878964664532,-0.33854035082111766,0.93865637811211544,10.89645160424582,23.026313775390033,-2.1363295146028309,,0.5505989847604374,0.7222222222222222,0,3
-0.9640715990524944,0.23565156069448365,-0.12261441123546701,-0.21018114852131706,-0.95894189893856219,-0.19040567025790944,-0.16244948970872813,-0.15779346121546933,0.97401816558574283,-24.469583838832651,11.906854924703296,-6.9851463071753539,,0.3222000706960889,0.3793103448275862,0,2
-0.75366944565692973,-0.6195008768586201,-0.21954733032897147,0.62584219241896255,-0.77845997179288284,0.048183218079033793,-0.20075835442492529,-0.10108776329322128,0.97441128238591901,1.3096166589121077,-3.0977319509219172,-0.55606621759736019,,0.1103364529338637,0.1825396825396825,0,4
0.94530957870349874,0.3008912507967339,-0.12591368315394283,-0.25569891252168891,0.92328250240067222,0.28664871689225985,0.20250399143384862,-0.23877578594725696,0.94972535898470678,11.54135023819445,3.4666151438667421,0.35043462604652736,,0.1994598600757777,0.2941176470588235,0,5
-0.76560287911129576,0.632531185060068,-0.11728824077034271,-0.63974473348683059,-0.76777240977920236,0.035386477045638728,-0.067667624994230541,0.10212652304050887,0.99246726183753675,0.7218570936417229,-12.379886589654889,0.51375433206387722,0.839970726276327,0.4761093949662121,0.3,1,4
-0.19722019459866313,0.9696667283644772,-0.14439747485810125,-0.97754953449857929,-0.1833668048271537,0.10379558029651807,0.074169417174977811,0.16162626887486767,0.98406089586240175,-2.9444627896798674,14.699669431283999,-3.7198630507363397,,0.07432562585976718,0.4285714285714285,0,2
-0.97053255442285025,0.20323070129304099,-0.12947525963439871,-0.19229485257944504,-0.97700292928367027,-0.092130157074520574,-0.14522138436506427,-0.064517890720830848,0.98729336638105092,3.3323023733000845,15.436693683985668,-2.6818933130777571,,0.2419674625265752,0.1,0,2
-0.36066792028025446,0.92478653434401148,-0.12119619291342588,-0.93184543038795165,-0.35174193229556483,0.089116255139424949,0.039783729661871006,0.14507749295109351,0.9886201373091773,-11.883152231134309,10.819807793468676,-4.7752263278503566,,0.07629455272014092,0.1730769230769231,0,1
0.13934857534832523,0.98968124142810343,-0.033361878150381795,-0.97995179116408038,0.142666693945385,0.1390708504072837,0.14239544073706631,0.01331370737332942,0.98972030576990522,28.014663519093208,-6.8487400016536126,4.3485763262685975,,0.2689512020613918,0.7096774193548387,0,4
