axis_00,axis_01,axis_02,axis_10,axis_11,axis_12,axis_20,axis_21,axis_22,location_x,location_y,location_z,dbh,dbh_approximation,score,reconstructed,number_clusters
0.463651843369079,-0.83384383407630958,-0.29955204641827105,0.88266622164442354,0.46407661534307143,0.074385726182354756,0.076989020700436547,-0.29889355206266655,0.95117576463393416,24.812641331052486,8.8585781721006018,5.5089715669897643,,0.1520877946481919,0.2857142857142857,0,2
0.77237047246239421,-0.55372962826792393,-0.31117093702093157,0.59848059069925319,0.79853515625863603,0.064518111993992211,0.21275534264617399,-0.23606165083990854,0.94816141093077944,-12.118419870298748,-14.227190701320561,-3.8640335418300356,,0.1483208492375111,0.3333333333333333,0,4
-0.40042243804827254,0.91436836205282768,-0.05993637947279995,-0.91390373115254886,-0.40326406512525009,-0.046454967055305385,-0.066647140170668431,0.036174469664229103,0.99712063786263327,-30.800235069693272,2.3707866015473793,-11.68835810325171,,0.2914076167321241,0.3571428571428572,0,1
-0.96122469868381266,-0.027219073761959301,-0.27441975268510527,0.096353404007549284,-0.96554740163414465,-0.24173174539913073,-0.25838556495356174,-0.25879980143171122,0.93073066061161625,-24.531012274169278,27.754169335283848,-12.483077255808572,,0.3828679077898516,0.25,0,1
-0.18292364276103276,-0.93436860233367258,-0.30576830426329782,0.9785963279347053,-0.20287519514582589,0.034509160338292134,-0.094277080309823388,-0.29291119843317986,0.95148035290314492,-11.873797134523546,-15.641538670802722,-3.6347244880008089,0.2778303049608972,0.2187438008339513,0.5384615384615384,1,4
0.1896386284137965,-0.88059650100421849,-0.43426603946482123,0.981671410812062,0.17857815281469908,0.066566391907228656,0.018932295359801871,-0.43893011488893935,0.8983217254614253,25.325857428245882,-21.125317547140043,7.7304257402275054,,0.3411385426843589,0.375,1,5
0.94101335944389952,0.21337525971210317,-0.26261160654262605,-0.17097607909750726,0.9695836127126507,0.17514222316599826,0.29199492756647227,-0.11991086898975371,0.9488731979424716,15.34742558599527,2.5854429100024667,3.1915090283812426,,0.1922996518659331,0.1428571428571428,0,4
0.96130165720702199,0.077115329818878267,-0.26448506528339094,-0.034290694884414254,0.98605189188089748,0.16286747607318153,0.27335557813108158,-0.14749539797915717,0.95053765600295559,-5.8337616738292484,-21.035672555377246,-1.3676434261290829,0.748687734177331,0.5911369744642327,0.3529411764705883,1,4
0.85198011795547735,-0.41719087944689992,-0.31635683762943051,0.48490670960952298,0.85662383387514962,0.17624156777760147,0.19747243246650281,-0.3035578649011802,0.93212513166012223,4.9587725322083802,31.518815764454992,-3.3996113096559166,,0.1769029064685139,0.2777777777777778,0,3
0.1608867441115262,0.9803827633780664,-0.11386436159035046,-0.983531783239457,0.16888059908547512,0.064378370671715798,0.082344926540777685,0.10163159215380216,0.99140825725292248,14.401294922848979,1.2117483001054441,3.122242543539762,,0.2301163862461191,0.5652173913043478,0,5
-0.93117715784449373,0.26516111399093789,-0.25019729082413361,-0.27770467947295147,-0.96054039225245191,0.015564891593985483,-0.23619739987450439,0.0839746299699618,0.96806975462201716,-11.681899653573621,-10.644104488804432,-4.076385205808374,0.3274859157241017,0.3542389702639929,0.7727272727272727,1,4
-0.028663100108610094,0.99522685060861116,-0.09328420294899914,-0.99903414949114988,-0.025412822306674517,0.035846291480512001,0.033304576902585523,0.094221570195341178,0.99499402051834751,5.4178564548848778,24.809014342388878,-2.2469044099423003,,0.6386238957938611,0.392156862745098,0,3
0.8932405514477828,-0.31644298664575493,-0.31935114443504997,0.37548729034717854,0.9157541676289227,0.14284116793835852,0.24724605565508062,-0.24750381951189188,0.93680907728844676,-21.499360352394884,19.62801491402092,-10.725393013173449,,0.3209281636984417,0.3333333333333333,0,4
-0.70239313032575068,-0.61916067098505456,-0.35111814817313247,0.67600085638618412,-0.73471558812388849,-0.056708436170597273,-0.22286034334609331,-0.27718778485551238,0.93461232566800434,-13.697554113367964,-18.292583536830517,-4.0088189671595327,,0.1731703314620376,0.4615384615384616,0,4
-0.48326260961453893,-0.80469434017985597,-0.34485398218818925,0.85968719882496925,-0.51065142762932814,-0.013154453109398332,-0.1655148643627635,-0.3028236092887,0.93856416473906612,25.816632553482908,-2.8847374755893966,6.7222045878102072,0.8342322699701847,0.3701399719331688,0.5428571428571428,1,4
0.95016608070139397,0.23528889804510947,-0.20450807695851711,-0.17254931446151847,0.94329432846942995,0.283588687990668,0.25963657901654125,-0.23416862371830779,0.93688521308774098,-8.0217916607222186,-18.536147117524052,-2.1914379938377477,0.5454105905197035,0.2895418120438276,0.3157894736842105,1,2
0.95595433520355377,0.098785557984689742,-0.27639233444360517,-0.036105699255044081,0.97408750298628966,0.22327094528227562,0.2912862638142012,-0.20345748956376647,0.93474989299468469,12.647161782870086,23.76854115100927,0.38184399165857941,,0.2315169775806903,0.3333333333333333,0,3
-0.93342889216207725,0.30703272485374017,-0.18558396791200513,-0.25623909860447686,-0.93261094332971073,-0.25412271194844543,-0.25110162807803899,-0.18965161283404577,0.94919978830908069,19.803317174713037,14.905383392673016,3.4752082268168656,,0.5389213269312874,0.1818181818181818,0,2
-0.92386672371266942,0.32123929683168989,-0.2080278610847528,-0.29348330962199259,-0.94353690966101711,-0.1536412935400418,-0.24563758627241336,-0.080891373325077801,0.965980725445308,18.738472361384943,-0.43306981684149765,4.5117420834205726,,0.3160686133019973,0.25,0,5
-0.80235822303985327,0.54641626521331399,-0.24010528322105359,-0.56649812347159489,-0.82386271203778561,0.018168869444930631,-0.18788602402385038,0.15059713418282017,0.97057681053713163,-9.2254995843420069,-18.993142670487313,-2.5857717557064479,,0.07831341366168118,0.2380952380952381,0,1
0.87964969322752296,0.45991645732311737,-0.12121579718864274,-0.40458678528072561,0.85755068070804674,0.31767335927549034,0.25005189537560624,-0.23039896332344839,0.94042031417794658,-13.779524233679011,-31.594457701928096,-3.1844531522192807,,0.3278568651157777,0.1666666666666667,0,1
-0.58543048270233078,-0.75701516813329983,-0.29017095846936058,0.78612000819872374,-0.61756358922692256,0.025110674439369058,-0.19820818003441396,-0.21340864199294415,0.95664532032000915,24.820594311661313,2.2896029176031898,5.8543564857735797,0.1617907820476358,0.1056311430187702,0.5652173913043478,1,4
-0.70183188027090981,-0.6229595356543054,-0.34547565583231993,0.67918030282252129,-0.73144820640656616,-0.060808203414724156,-0.21481649865247324,-0.27731739628445579,0.93645551609497302,-30.939159010406588,13.506942792299087,-12.917726961100481,,0.2208143056920655,0.25,0,1
-0.13056929030567158,0.98792481646639463,-0.083403941387167321,-0.99054433431620315,-0.12641564079134557,0.053301102403091119,0.042113919114047729,0.08957478871398053,0.99508933018282431,-11.009119293826481,-4.9866741038951456,-4.6658504090860395,,0.4330352073744438,0.2340425531914894,0,2
0.82819111778530641,-0.43480884593220742,-0.35361100084786107,0.52960352924301268,0.81359458692259101,0.23996656005286232,0.18335641312719256,-0.38601180762945597,0.90408810971927389,-15.741696691430121,10.945791348338435,-7.7316299038312826,,0.3836632717371912,0.1555555555555556,0,4
0.20682096238696901,0.96623099154591519,-0.15369697620163503,-0.97368687972409373,0.21863996806803881,0.064268379599659309,0.095702402114507645,0.13636068106094562,0.98602576786314688,-6.289315864908839,-17.749435559284048,-1.6675539251027314,,0.1814788161079917,0.4230769230769231,0,5
0.60525472745987574,-0.65974190649141284,-0.44542937903392243,0.7733092356368616,0.62005037673050023,0.1324022522281878,0.18883733996803484,-0.42459174171837011,0.8854729312058931,4.131807426901192,31.254079161613596,-3.7202925323602236,,0.2329496582744879,0.2857142857142857,0,3
0.94225606493272074,-0.20266187815065423,-0.26661146119766316,0.23627335076663578,0.96648899068539196,0.10036899223086193,0.23733607356449191,-0.15756647495067552,0.95856371418732922,-33.518679908773507,6.014100641890666,-12.946410084653273,0.3317506287690664,0.2077406296489612,0.7659574468085106,1,5
-0.79223484795562604,0.57186446964971782,-0.21292011186587023,-0.58452510159939708,-0.81136438612056194,-0.0042706598342926155,-0.175198034477965,0.12107378447646162,0.97706027829791897,17.410903188147191,10.665199045407583,3.090942819772843,0.3184129803448507,0.3486921612604615,0.375,1,5
-0.17301945869113972,0.95957891117691618,-0.2219742781016508,-0.98488345803708965,-0.17046068414816876,0.030785211460103133,-0.0082970476152663501,0.22394523523455953,0.97456641159882373,-12.574934972683408,-8.8712718594616611,-4.4819763964589194,0.4243145638919772,0.412135311592318,0.7920792079207921,1,2
-0.02966646111293789,-0.95353009903723818,-0.29983370610234505,0.9983220978759193,-0.04318858832005093,0.038571164508524484,-0.049728160811124307,-0.29818634453803206,0.95321142143460891,14.626944367476877,9.483616976945104,2.283908815706635,0.09001520696158785,0.1378239852790805,0.3255813953488372,1,5
-0.77809225123184489,-0.49059348586098794,-0.39228877144741814,0.5811878554038068,-0.79920085167599209,-0.15329277677533801,-0.23831308252818159,-0.34726939155522235,0.90697896578960557,14.018624990867851,5.5625979065587803,2.5288676294912986,0.4739188267511191,0.3651770801136712,0.4811320754716981,1,6
-0.90152103362680647,-0.28253227703598532,-0.32777330330781407,0.33131680151858006,-0.93790033493016323,-0.10282090628557319,-0.2783684661737979,-0.20129201218813922,0.93914456973849225,-24.307547110440847,28.81178986562356,-12.489792752026011,,0.3495134927729808,0.15625,0,3
-0.2612633915242602,0.93455793771402784,-0.24154275254071228,-0.96470593746485356,-0.26133900206428806,0.032316872065535032,-0.032922552593916486,0.24146094312692609,0.96985190543451349,-8.268680380251169,-16.84469577427814,-2.3926014704436387,0.4088452919748747,0.3774553593051529,0.8941176470588236,1,5
0.85946315352513969,-0.39092404495073912,-0.32939562658294924,0.48373972082052463,0.83028712458024156,0.2768016857910281,0.16528451298625155,-0.39724259821376956,0.90270667878955591,-17.841660253968964,19.689498837127466,-9.5922040033466462,,0.4973681990682756,0.3269230769230769,0,4
-0.73435972619470302,0.63810042846621506,-0.23139497776415729,-0.65633421706699702,-0.75446639207001931,0.002420484228775905,-0.17303522199336818,0.15364994769957563,0.97285687823113265,-2.8691922259117932,-26.918819361057864,0.0069244842357326511,0.6812038995037004,0.5558068954875044,0.944954128440367,1,5
0.40469713144446129,-0.81853345069515138,-0.40770482201430058,0.91194939266326958,0.39421172118458803,0.11377795964851527,0.067590953697360553,-0.41785177871318552,0.90599743598120019,-10.397913652732383,-0.02733159983352421,-4.7913417848380195,,0.2726183019255937,0.1640625,0,6
-0.40189650296453727,-0.83780610989289839,-0.36954042151164318,0.90808401835172481,-0.41655384864789391,-0.043200773034873012,-0.11773961321092692,-0.35293599051776342,0.92820987393917842,22.056127133441088,-8.4807769607032917,5.9982310478133138,,0.2804357839507208,0.2857142857142857,0,6
0.88127609050283229,-0.30604433342305137,-0.36012403181082425,0.40280129685617361,0.88496412056729223,0.23364421790308476,0.24719135818031374,-0.35096348996469617,0.90317277480710878,-1.9540573940265882,-26.174170263738599,0.22092271045761674,,0.3139357986105781,0.1666666666666667,0,4
-0.97193127049501105,0.03983267724816953,-0.23186841798139735,0.0023857426537436189,-0.98384347349421719,-0.17901488176915289,-0.23525287174855666,-0.17454333985024126,0.95613320664433565,4.6193831797257561,25.691232617958782,-2.6434751576634752,,0.3429016185379381,0.5555555555555556,0,3
0.25737275248245539,-0.86033603317776874,-0.4399786089067817,0.96605075045218669,0.2184935619306928,0.13786410317993208,-0.022476962214079382,-0.46052412902124956,0.8873625599262388,-6.2536118182314215,-30.358160748082383,-0.96181301438044176,,0.2428069644044835,0.2352941176470588,0,2
0.44597977895035595,0.88855298594260712,-0.10759009220122864,-0.87288842716269555,0.45836648310458278,0.16723026308588146,0.1979086417841025,0.019332830594968365,0.98002980116339278,-5.55153175428054,-24.446221761980034,-1.0654049280449638,,0.4032486611805017,0.2142857142857143,0,2
-0.67515549086234461,-0.65035228245585441,-0.34814791664303518,0.70662659892797386,-0.7056627903516377,-0.052142842276042767,-0.21176381382547355,-0.28121510453316723,0.93598832905997764,20.797701810745988,-9.9743408874589967,5.7554760615635479,0.3510553909214608,0.323015738405487,0.5428571428571428,1,5
-0.82082280911584959,-0.46494904233762074,-0.33177146360785087,0.52464696708486691,-0.84336542604553044,-0.11610477199362948,-0.22582177920611829,-0.26936433724673231,0.93618768302932331,21.494930345064727,-11.147668438528465,6.0800712149990241,,0.2315449713325207,0.7,0,4
-0.71279726495203499,-0.61043259272049077,-0.34538689729264238,0.66801119228494887,-0.74093644273992765,-0.069095837804777946,-0.21373138763162586,-0.27997363726687208,0.93591327396111779,-7.3306896011532707,-21.537115281263048,-1.7198266865884384,,0.4737628706505779,0.5116279069767442,0,3
-0.79456192479941279,0.56099828761295301,-0.23227627720967606,-0.56965829738328644,-0.82115302886149122,-0.034599529100474272,-0.2101446451409773,0.10482664015856606,0.97203426052358832,16.367255750588765,25.795532769431723,1.5321627217499911,,0.2618865899922498,0.5,0,4
-0.52498664335330514,-0.78201957785937171,-0.33590832699603956,0.83094402709872406,-0.55634527506565323,-0.0034581412748142118,-0.18417667639954674,-0.28093649595019049,0.94188833579869957,24.019096320843445,-1.9103764884013694,6.1726509665021387,,0.15657463617754,0.5,0,5
-0.024114688021418983,-0.88377123845304795,-0.46729742124774859,0.99854999716392567,-0.043796915717277368,0.031300692285931492,-0.048128837359264119,-0.46586503223231918,0.88354591660967252,12.85535220502083,11.093923069284381,1.550526326885951,0.2099203327176259,0.1570218432990799,0.3448275862068966,1,5
-0.10279943923426786,0.97982909265772999,-0.17136867996996744,-0.99455554535068003,-0.09829013246562246,0.03461671665687132,0.017074615817985018,0.17399425002401478,0.9845986280983986,-39.04097141876936,11.429503790123588,-15.238433394281854,0.4430674724378452,0.4391119069507908,0.7818181818181819,1,3
-0.48544886318797026,-0.76218452033252149,-0.4282687919928217,0.85928870842396798,-0.506246845501647,-0.073055095610781662,-0.1611282619672168,-0.40347105024414714,0.90069350769854484,13.132760153516937,9.4510946034554717,1.8372374422125541,,0.132257319287027,0.3333333333333333,0,5
-0.97587057544536771,0.086075471307517318,-0.2006679675960126,-0.039882997543536754,-0.97382730193725409,-0.22376267005144049,-0.21467642275496343,-0.21036016552759298,0.95376235733663495,24.415198681159797,4.0981716745188459,5.6732080970969738,,0.3119453430597133,0.25,0,2
0.88337653202552724,-0.30580957032787448,-0.35514280136648169,0.39876520738162158,0.88858202443940937,0.22673397457163863,0.24623609006082728,-0.34191006498645343,0.90689872390058768,-29.6645852523096,4.2238300527330912,-11.529466494605812,,0.3714834706176999,0.375,0,5
-0.70127695681995572,-0.54377704325752363,-0.46099583193283461,0.67979134216668147,-0.7048345890961939,-0.20271145288024867,-0.21469597329377899,-0.45553784611128012,0.86393918177828466,-9.3279133135685992,-25.124068473986469,-2.2148039640741271,,0.3540392031342399,0.3157894736842105,0,1
-0.76351227065625005,-0.58143553391008496,-0.28103688808416555,0.60714418383427027,-0.79457205281218668,-0.0055850627611676532,-0.2200567031325231,-0.17489417599372042,0.95968071493071216,10.213217355816038,19.739522700590179,0.00075419629691261239,,0.1591080792799923,0.5789473684210527,0,2
-0.58795485187649599,0.80592341546160395,-0.069257061485385726,-0.7997692851070155,-0.59201176623330631,-0.099454307301065123,-0.12115355031653405,-0.003084971964897792,0.99262898415957757,-11.9101089086414,-3.5121929611319014,-5.1119277583810359,,0.3960433239222059,0.4210526315789473,0,1
0.86948620064279081,0.47623004036715005,-0.1311437971985992,-0.42851831818376501,0.85928524779032589,0.27928643703351724,0.24569452145443177,-0.18663818361155857,0.95120996133632674,-11.282665996727026,-6.6818724606150282,-4.4977167116394021,,0.3541936117985767,0.5454545454545454,0,2
-0.29116642212217408,0.9506717389870869,-0.10698298612321151,-0.95599708002761385,-0.293336998049682,-0.0047946380339957536,-0.035940194869365963,0.10087938474469534,0.99424929073461432,-7.9766356388397739,-21.157295208128328,-1.985925348192886,,0.3071993001198614,0.2142857142857143,0,1
-0.62434136499611959,-0.70737103308692018,-0.33139716580611317,0.75546966696067208,-0.65467252624187422,-0.025874034985163878,-0.19865407687010278,-0.26651473680384946,0.94313649744311223,23.520960362947118,8.8397647358836995,5.119489755671025,,0.1161287695995527,0.3846153846153846,0,3
0.7459396802463254,0.66023635314932305,-0.087532573446071654,-0.62712633783390992,0.74054478397522228,0.24146631094651819,0.2242466272411659,-0.12522532055129301,0.96645334562191221,-10.647756186037549,-24.08260199223206,-2.6921230649760313,,0.475072947547961,0.4324324324324325,0,1
-0.3639869043762744,0.93138939877338223,0.0052269776290203044,-0.93055797503073368,-0.36341138213536273,-0.044654478399892492,-0.039691164624861899,-0.021117651077306322,0.99898881688620489,-26.707541523026432,1.2294715677318517,-10.185788951755468,,0.7446822979737432,0.3768115942028986,0,2
-0.33771621046842282,0.92303324275561505,-0.18427532106850869,-0.94021760486188233,-0.33997638346172177,0.020172114318391544,-0.044029725125577276,0.18007135101493044,0.98266764058303246,21.197022236050412,3.0908576053388468,4.7788660469747359,,0.08949292714576063,0.25,0,5
-0.84490054903644096,-0.43828044898886409,-0.30668112147969262,0.46420445908395902,-0.88562949833225835,-0.01321407773260894,-0.26581437584241258,-0.1535273256390339,0.95172058813374238,-9.8594775693885079,-16.679985721031816,-2.9030240888219265,0.3749170809924793,0.3899388931534488,0.6923076923076923,1,5
-0.70596744190484273,0.70307594535770657,-0.085406006988385338,-0.69539701661863884,-0.71096738235606205,-0.10463446135794263,-0.13428685806224558,-0.014477440558924163,0.99083673905776926,-20.05395654697897,14.710501976718849,-9.5876057080312069,,0.4047220637958922,0.1612903225806452,0,4
-0.95715029468043111,-0.078881391299060119,-0.27864141741652093,0.10977300154436744,-0.98920841723354391,-0.097039143680512946,-0.26797985283431947,-0.12346834971372812,0.95548017514434325,29.591445702006915,-10.798483946513766,8.2263812756988113,0.8944854293016699,0.5913523064187775,0.6585365853658537,1,6
0.62371740099316031,-0.6734821516411027,-0.39673466589045081,0.76941781466598924,0.61843707696616312,0.1597867588636856,0.13774189694116465,-0.40491650158325077,0.90391913165538795,15.842327575780219,3.5297231663827926,3.2460673478973461,,0.6200757995719973,0.293103448275862,0,3
-0.32471787246564437,-0.82104031596068849,-0.46952220700256264,0.93700175394753393,-0.34685156196266675,-0.041493458078390159,-0.12878670894401442,-0.45341679890717557,0.88194511737870562,-23.748316669901168,20.881006471340637,-11.491140502117773,,0.5366949829031143,0.2380952380952381,0,3
0.2038548831166023,-0.93563117928076045,-0.28816225114891403,0.97869344887224652,0.20214162089206056,0.036026354765351737,0.024542203732853377,-0.28936665575152887,0.956903662222646,-10.569063013984211,-19.6236893439658,-2.9597008697171088,0.3667249524427603,0.2868807957089148,0.4594594594594595,1,5
-0.41919860034652995,-0.83468569381502145,-0.35717268373721994,0.89582147846083826,-0.44421531484682536,-0.013290326699379327,-0.1475683305989148,-0.32553424796182917,0.93394381051976449,22.554036271086101,-2.0172766465434466,5.7541198003238208,,0.1239933725351655,0.2083333333333333,1,5
-0.078831921529695967,-0.94801501735586668,-0.30830675473575198,0.99522874648290904,-0.092678229337928811,0.030503901075828926,-0.05749148042965619,-0.30443106391191654,0.95079780027273142,-7.3096363921143803,-20.275861290717277,-1.8379014634105317,0.2767774353604928,0.1555492413553139,0.24,1,5
0.12409551355682502,-0.9441687130837968,-0.30519787802138054,0.99219110829555535,0.11418513742659814,0.050185246936781343,-0.012534278371915933,-0.30904238483508123,0.95096566512211145,21.044224277309056,4.4361438952977625,4.6295011039215881,,0.1232241547638141,0.3529411764705883,1,4
-0.26779071647905017,-0.88473216827599621,-0.3814932798691078,0.95698536609368579,-0.29013410990406674,0.0010987960265005775,-0.11165635338022552,-0.36478923872261826,0.92437095911868694,10.610275399306881,21.179532631635794,-0.023879976137524166,,0.3035132076841086,0.4761904761904762,0,4
-0.38070733796741207,-0.87602558796847485,-0.29604238217230661,0.91275687999570665,-0.40729218336585704,0.031431757659674951,-0.14811077218848753,-0.25824842031183931,0.95465750537466043,-32.205481325931316,3.2501952696245251,-12.255684712042873,,0.126343270309961,0.1538461538461539,0,2
-0.96256608554129142,0.13319458657551253,-0.23606298539307985,-0.12772257887404823,-0.99106653911448761,-0.038393461596933846,-0.23906792719115963,-0.0068056707686296146,0.97097899515587438,-21.656768161030808,8.1416479424780501,-9.3192139768336819,,0.2314616477180872,0.6190476190476191,0,4
0.37277666942775772,-0.83503378325605448,-0.40466793244761756,0.92430218951616339,0.37263040076278481,0.0825351251467768,0.081871956040978189,-0.40480262505133013,0.9107314739074176,18.96267277647776,16.266415418877859,3.0698026973538641,,0.2426895808785363,0.5,0,2
0.79431415153605456,-0.45359341113880858,-0.40412627487088387,0.55380209764360311,0.81410458767349569,0.17474826744352226,0.24973639165148254,-0.36261100052318768,0.89785577738547173,23.144255252236338,-7.8811857255809468,6.2807076731689806,,0.2262343841598369,0.28,0,2
-0.9490361505390994,-0.038029691831992708,-0.31286439156460566,0.080854134097441174,-0.98884870166745753,-0.1250634007611198,-0.30461942480623283,-0.14398606790154084,0.94152802309913874,-10.174409388867936,-31.971502302035525,-2.0465486203259773,,0.3258594898458199,0.2413793103448276,0,2
0.96155197256680458,-0.048347967960293517,-0.27033364209250366,0.1309488095099092,0.94598529353723271,0.29658764926951064,0.2413922396035649,-0.32058430779654074,0.91594513386653709,13.808417727646082,2.9654701597594184,2.7096407495377015,,0.2919150794303507,0.1296296296296296,0,2
-0.14257265827089066,-0.90849396146306394,-0.39282535444993971,0.98751719253385939,-0.15741043156750564,0.0056347567628720957,-0.066953951068005779,-0.38711842893212983,0.91959582992611644,-16.283490853798828,-27.79123488382076,-4.1985793223836394,,0.1922114814195502,0.2105263157894737,0,4
0.96175173468279063,-0.07871226583203858,-0.26236992975992773,0.10442328941365675,0.99084938062614092,0.085517726471331171,0.25323778837818528,-0.10964435288869287,0.96117050434194318,-16.735715420372845,0.037080408896061123,-6.9056293141634395,,0.09723479628249182,0.4736842105263158,0,4
0.56064320614372176,-0.76309380451082043,-0.32150745080338389,0.82030452115582764,0.56482824648821972,0.089830643659902926,0.11304728203808161,-0.31409695555074246,0.94263641693791889,-12.927409085422916,-6.3874470333151088,-5.0521355185661276,,0.1216414753761514,0.2857142857142857,0,1
0.33601709601473562,-0.77942564699217209,-0.5287609781334639,0.94060815813850307,0.3065877700242321,0.14580888901182179,0.048464461506521464,-0.54635116919651783,0.83615285438039411,24.288667171297174,10.990104566545913,5.1231587969236401,,0.3763055089656225,0.5,0,1
0.82181293389245247,-0.47243034239995435,-0.31848559349983419,0.53558158654497157,0.83124023957516324,0.1489698904644724,0.19436014468262572,-0.29300040220260321,0.93614897236928152,-15.314431906995559,-11.674856975689352,-5.1703933131490283,,0.1079874485098892,0.2,0,1
-0.87110404123587448,-0.32188880577363166,-0.37089802649805531,0.42352473100393401,-0.87471975159166881,-0.23556773633809464,-0.24860521227555207,-0.36228849401138008,0.89829978043879832,27.062324998108995,2.2093581750831399,6.5777777003034856,,0.4291438989925206,0.1111111111111111,0,1
0.77777483625299015,-0.5614309926730281,-0.28259784952793054,0.60584013937844916,0.78938214422547892,0.099164287401692836,0.16740379210022116,-0.24833660794204757,0.95409899881841531,-6.374587233768592,-19.730722673534739,-1.5640656706247078,,0.1740824250960632,0.2285714285714286,0,4
0.95808200520984022,0.020949215852285229,-0.2857271454522059,0.054913439941990674,0.9654030609820563,0.25491458169397457,0.28118212142102661,-0.25991933402817696,0.9237849069948697,19.844459560185364,16.738098534409239,3.3105325543847295,,0.2051659563403593,0.3636363636363636,0,3
-0.85823760558089279,0.46616988712388802,-0.21474135304052591,-0.47406981620398647,-0.88033458187397173,-0.016396137383454319,-0.19668762475329493,0.087730612078566209,0.97653331636622931,22.26493230260623,3.5092221310987419,5.104274155743421,,0.07927950844116559,0.1904761904761905,0,4
0.83117887850516337,0.53054856746956414,-0.16631262574708694,-0.49452523291114564,0.84214652569980031,0.21502098331542424,0.25413867462681583,-0.096475109783549631,0.96234405866674111,-20.895689983989168,16.586351782951517,-10.311708386441323,0.9484525450420291,0.5691953291537537,0.7662337662337663,1,2
0.77039859629546503,0.62303003928555578,-0.13534981704389132,-0.59487027392933789,0.77880492274706048,0.19897801260485892,0.22938038281686352,-0.072776798863259481,0.97061226940833867,-11.666501229011482,-13.339077567779277,-3.7168080742228247,,0.1881157045705352,0.6046511627906976,0,2
0.89982044016101648,-0.28049911269734745,-0.33413084749007488,0.38661744046489394,0.86754733823322261,0.312871492234153,0.20211415140165007,-0.41070897689294805,0.8890826767532588,15.892720514653799,0.12922227193260094,3.5817609739779908,,0.477798496199016,0.2244897959183673,0,4
-0.83632370601834627,-0.44368726839153511,-0.32203146836760682,0.49231761475487595,-0.86624911749692057,-0.085063697532358928,-0.24121779568226065,-0.22968255115063638,0.9428997299517734,24.041147958545245,12.165986940012999,4.9696739954960041,,0.1782819219075191,0.3684210526315789,0,3
0.028031494024050144,-0.84133125539288678,-0.53979251017572394,0.99897625279797453,0.0043971675426813699,0.045023452370070403,-0.035506079599105976,-0.54050197373981057,0.8405932040498969,-7.9496530607135725,-14.395768584915961,-2.5004750837959389,0.752842595458818,0.3016156584047028,0.3333333333333333,1,1
-0.43541488436982984,0.89976199820216285,-0.029021114045792693,-0.89696244750523957,-0.43635318053659267,-0.071093386478708734,-0.076630582893638319,-0.0049242691692438344,0.99704739372736462,3.2668534912299396,34.733739683679111,-4.3694235984149659,,0.1433809880417528,0.375,0,1
0.67953135040069912,0.72517232173701163,-0.11118564479802949,-0.68808283131359782,0.68254358825429218,0.24632553132880528,0.25451750641962684,-0.090880987667976684,0.96278839056483623,26.425225790506421,-3.4875356357888814,6.8495534709045645,,0.376594016620761,0.4615384615384616,0,2
-0.00060519456154355415,0.99350183180958096,-0.11381451546507228,-0.99861141143048304,0.0053949998930906216,0.052403653851352761,0.052677155393600412,0.11368818833616795,0.9921190014975414,0.86278122954925496,37.910479335826615,-5.4562430642013755,0.8580629337891771,0.3374480290489303,0.25,1,3
-0.35065379640068683,-0.84411558300957945,-0.40559930669341993,0.92707308973627345,-0.374190553113323,-0.022735792213716979,-0.13257979241432463,-0.38399259430507598,0.91376817966168633,24.150153048103729,6.184476294494333,5.4815605356985557,,0.0893914948206492,0.4166666666666667,0,1
0.92229230555933528,-0.28410020659599167,-0.2620381188265567,0.33591565084566999,0.9245462064171367,0.17993050802076826,0.19114805419615372,-0.25397122831493446,0.94813555811667982,-25.173959475350319,2.3375857517283998,-9.7834213184090402,,0.3378584688315734,0.1176470588235294,0,2
0.9626814366744928,-0.042865630538448565,-0.2672208622111561,0.10362701195947822,0.97051217852081273,0.21764088249944019,0.25001178747147612,-0.23721013692784326,0.93873609553696691,18.121254606750878,11.437637901312367,3.2239141259826338,,0.168368349507091,0.2592592592592592,0,5
0.17383300839459931,-0.87563341956889773,-0.45060869912437429,0.98476830909916557,0.1562710465624344,0.076228192948878171,0.0036691397429190992,-0.45699614280687217,0.88946110812850443,-8.6065456416467683,23.302038989162018,-6.7756629801446362,,0.272934597750882,0.2307692307692308,0,1
0.89173711501697073,0.43289404407753029,-0.13193810785141169,-0.41092155532355823,0.89667106396925145,0.16469510742799601,0.1896006146395034,-0.092648527470501812,0.97748036158578155,-15.794607487500709,1.4265873698179878,-6.6817133157120958,,0.5385349373864796,0.2922374429223744,0,2
-0.76713537629597917,0.60170707028168824,-0.22237786762232478,-0.62032737490810319,-0.78413068729428936,0.018248648799453131,-0.16339296917201368,0.15194626292348004,0.97478975723421524,-4.8341510685555829,-21.630166044041335,-1.0245112589620828,,0.3506564553931925,0.7843137254901961,0,3
0.69929127759669929,-0.64505170470517215,-0.30805844791877907,0.69921423415926676,0.70683711113521697,0.10714827609948571,0.1486309652335146,-0.29032670662371457,0.94531436019706239,5.2105379523613893,27.000905562923766,-2.4281852721115693,,0.2173299153858025,0.5,1,3
0.0083369212288921194,0.99001495607349277,-0.14071560856999543,-0.9989465908438192,0.014595693021916861,0.043504877734830173,0.045124321445710394,0.14020468072076217,0.98909374839701336,-38.56323465774085,3.6430702490218696,-14.321071403433667,,0.2727390780028542,0.2307692307692308,0,1
0.34243557492342791,0.93950476784828973,-0.0082866288195181798,-0.93128410052364796,0.34057961285888583,0.12928824933748792,0.12428918351458507,-0.036555690326168053,0.99157242819980407,-1.3787893981531087,-28.787110342988953,0.51881480951636405,,0.4244482392523779,0.375,0,4
0.44025056684406344,0.86979766755542809,-0.22278118391959811,-0.88229415049965965,0.4651055391237145,0.072345486870457013,0.16654269839162927,0.1647083938103216,0.97218037144393077,-25.149275950801538,21.953566053639232,-12.00744144948278,,0.2334080182484705,0.5769230769230769,0,4
0.96559664023475933,-0.013316893454644096,-0.25970327051475839,0.0610370590793093,0.98239450723827204,0.17656587883003214,0.25277975746940845,-0.18634294324387582,0.94940965958690149,-30.868778914387853,4.7640314547445621,-11.930995970037271,,0.09863533040685624,0.1764705882352941,0,1
-0.48610919932484292,-0.83222297261551825,-0.2666510269673667,0.85809440289482897,-0.51232181974602309,0.0346460493085715,-0.16544437751803018,-0.21196999047769646,0.96317022435525801,-35.411147186640818,1.0873488495188108,-13.194418013986898,,0.3654428928250725,0.5882352941176471,0,1
0.027629453876893882,0.99521913140290685,-0.093677605478090675,-0.99872019688580171,0.031454599692168413,0.039605258370475502,0.042362502414886503,0.092463444927439381,0.99481452027063821,10.619132047172156,24.05426073160314,-0.31103394751441171,,0.3323276424779567,0.12,0,2
-0.5463224296360768,-0.77136153040957645,-0.32639422832018583,0.81847884046584052,-0.57440047758780044,-0.012509158908576923,-0.17783191666915973,-0.2739808036178859,0.94515095548947647,-14.688972992129427,-23.27287036350657,-4.018735493933379,,0.1331822589449298,0.6086956521739131,0,2
0.76326226882022441,-0.54047577377360079,-0.35400091378304793,0.61976643157158495,0.76728368733544894,0.16481903241417029,0.18253843237091019,-0.34519803173359315,0.9206074296869573,17.750851829076804,15.475591209574048,2.83735630278388,0.1429287933819078,0.1940477286214269,0.2727272727272727,1,4
0.56631176059507682,-0.76212323879283572,-0.31378202418816781,0.81650884837806337,0.57064297561104715,0.087635009591490162,0.11226883063448573,-0.30583453578314129,0.94544219621840286,-22.584791993956586,27.753337704076387,-11.970934501422891,,0.6108283796838737,0.6190476190476191,0,3
0.73735725027689181,-0.5920652426843378,-0.32521229046460759,0.66350209517691472,0.72514387480066622,0.18420458879984494,0.12676456586895626,-0.35160362518638966,0.92752662258063701,19.901487084328132,6.7703299154815326,4.1898533338911292,,0.5927086523146151,0.3529411764705883,0,3
0.47105958263385667,-0.79620412988393008,-0.37968651959819555,0.87769897757410331,0.46601692533130928,0.1116813774544702,0.088019170492521698,-0.38585905310168261,0.91834928908628355,25.012415394280605,-8.8250690797828675,6.8722101916687919,,0.1377337834359888,0.2105263157894737,0,2
0.59376373571472152,-0.72074089176403211,-0.35773900135334336,0.802630442677983,0.5619226523929628,0.20006825138988066,0.056824278584467154,-0.40592548536258061,0.91213787428025905,15.783037161627771,16.478603177008473,2.121493876830594,,0.1884537952891552,0.2352941176470588,0,4
-0.96518161322420359,-0.017862618180693325,-0.2609700756133822,0.077263855640922571,-0.97261978983807995,-0.21918266589041335,-0.24990948382448847,-0.23171463330368369,0.94013487256218586,23.217402487297655,-14.260922873723239,6.7699468697926495,,0.3301491740915373,0.2,0,3
-0.41321374600279043,-0.78023697492559796,-0.46955794431922282,0.89897105047190751,-0.43177157813724015,-0.073650218779810511,-0.14527715074222114,-0.45255228125801128,0.87982440418551311,23.857172419131601,-18.084116722432451,7.1467783719074971,,0.3804302434726555,0.4074074074074074,0,2
-0.20619180922137639,0.97690654851451875,-0.056022614000654329,-0.97843174468354066,-0.20656819426751502,-0.00094979607390181971,-0.012500352216609176,0.054618463787523483,0.99842904835944779,11.986148112442983,6.0416274915813473,1.903000954958727,,0.1959710022970369,0.3684210526315789,0,1
-0.78154452712734179,0.60291451533093088,-0.16025679180792993,-0.59296030714083614,-0.79774998176427503,-0.1095127424117712,-0.19387167475613104,0.0094368320092088342,0.98098150845410204,20.961993414533584,11.833393573592103,4.1284883828413381,,0.2754744613158461,0.325,0,3
-0.52586062276182066,-0.71528232488699084,-0.4602627522761441,0.83247878675274722,-0.54382675434737016,-0.10597891706693167,-0.17449835252868248,-0.43888911693076454,0.88143443772325425,21.538888327574359,-12.532600561369435,6.2090231060556027,,0.09901022085410882,0.3333333333333333,0,2
0.10671502577219144,0.97317877745981884,-0.20380130121334408,-0.99084611135670309,0.12113177560657477,0.059590909941854862,0.082679422371835204,0.19557648130644462,0.97719698785661901,31.175282982201352,-10.178352500519164,8.6699013006311052,,0.1314669595281368,0.2352941176470588,0,3
-0.86222737843036756,-0.43100299491697319,-0.2660833821524648,0.4421830139918827,-0.89671007670172753,0.019627034382106986,-0.24705896061901811,-0.10073458549168396,0.9637501819785399,-10.606469117393774,-8.3665405388908294,-4.0028744133588168,,0.8656524809217581,0.532258064516129,0,1
-0.91813011602237704,-0.20337034815549648,-0.34011408607090904,0.30267817202688002,-0.91386258296041467,-0.27063093622752621,-0.25577922947574144,-0.35141952273035859,0.90060052454612982,-9.4540524345603956,-31.420238956021269,-1.8864000606721947,,0.4284182026669615,0.5,0,2
-0.94741997864398342,-0.13040754130498816,-0.29221440285691053,0.16179602210596014,-0.98308257915254094,-0.085852721549613653,-0.27607504649446424,-0.1286177116013795,0.95249149758173857,-4.5554006065571011,-27.01755958425009,-0.55059823901788885,,0.397827512490836,0.25,0,2
-0.14440948754091806,0.98844336235596397,-0.046104439293928365,-0.98950841577368698,-0.14404603660538742,0.011128092888268749,0.0043583278008857947,0.047227732877171663,0.99887463989534964,21.005861838365103,-3.1434099651354059,5.3778923637810907,,0.3420402157911562,0.4090909090909091,0,2
0.65923090498491266,0.74066695271816652,-0.12971923166577534,-0.72538140977265908,0.67185635874602501,0.14976930115602494,0.19808186254426194,-0.0046366327996981375,0.98017451373073261,28.045522570539561,-20.298051367751562,8.4527790929829631,,0.4830873079461963,0.2142857142857143,0,2
-0.93780114592329911,-0.13464629081373122,-0.31999904230333553,0.232270817784682,-0.92839390570289049,-0.29006037829970699,-0.25802960665509456,-0.34634539440252132,0.90192327271535688,-9.7631542334362766,-12.518467113426848,-3.3646627183402606,,0.518341302462942,0.2950819672131147,0,1
-0.29823137249431192,-0.90055153525223441,-0.31633049302114707,0.94219285005103781,-0.33078554403757621,0.053418696806149496,-0.15274384364962637,-0.28211319751228886,0.94714384441674471,-11.245126635054882,-30.44806227566519,-2.5444537267260836,,0.1705691513241241,0.2222222222222222,0,2
-0.81637174928278466,-0.50539844481499441,-0.27948090981595225,0.52447953287839588,-0.85138924778662362,0.0075873806408104589,-0.24178169195500945,-0.14038789382248676,0.96012126979015544,25.559363362136811,1.295125158578919,6.160937242714362,,0.2227140580404628,0.5517241379310345,0,2
0.51595424139079671,0.82850451309749551,-0.21764993123805099,-0.83906364086096219,0.53996833776512765,0.066380726090565889,0.17252080273402726,0.1483727265647089,0.97376696731597956,26.723290646835302,7.9887385281958556,6.1190711431723797,,0.6933831280148024,0.7567567567567568,0,1
-0.93195504597553791,-0.24432373045274269,-0.26789122236159463,0.2548949432415859,-0.96695657198897944,-0.0048534314862539009,-0.25785336955448629,-0.072807297882688526,0.96343693991066182,-10.704898030535603,-21.700261056176654,-2.838670760155741,,0.09677166625599253,0.3846153846153846,0,2
-0.84977251444942492,-0.4072663463078085,-0.33469508041109691,0.45975244443099039,-0.88320887906814094,-0.092573029414232372,-0.25790378734332625,-0.23254289733356132,0.93776832819928491,24.62187733903917,-16.325056042421878,7.3160512973952869,,0.1811540221350296,0.1428571428571428,0,2
-0.92474054466178102,-0.20422040975047054,-0.32116810131142093,0.2810258807219006,-0.93546102439932055,-0.21432948046000458,-0.25666978673601859,-0.28845570902848378,0.92244995772440819,14.015164411888112,14.987800448369674,1.6800237456724636,,0.3990263983116767,0.3214285714285715,0,1
-0.067882471601724434,-0.8730825655429908,-0.48282378130546844,0.99584261620164027,-0.088756739087866049,0.020487191685595329,-0.060740874260376908,-0.47942577633180944,0.87547785305096537,24.326807042142178,-11.341836834570037,6.8882680649382335,,0.4678107175499793,0.5483870967741935,0,1
-0.37529306748606689,-0.87715572429917887,-0.29958796508885532,0.91647890187210435,-0.39949889030517038,0.021611549417832606,-0.13864175388460817,-0.26645538458458717,0.95382387897644905,-23.429725913082947,22.461303186033401,-11.590668080963146,,0.6968991152433457,0.3529411764705883,0,1
-0.77689437433830577,0.56953594946920438,-0.26844726369196764,-0.54263917263284278,-0.82189243822841551,-0.17330766949934726,-0.31933972419014328,0.011028247601634449,0.94757612797547885,-15.764562897535164,6.5073551121882307,-7.2520590658428832,,0.5721469568613105,0.8333333333333334,0,2
-0.40268551407589576,-0.80146769970847054,-0.44214692476307427,0.90607703192523881,-0.41756297022745953,-0.068305037240100938,-0.12987990210568129,-0.42812462229920123,0.89433803386090227,23.531036386565304,-16.058171954275416,6.9558791908051711,,0.2501956098415303,0.3181818181818182,0,2
0.8733937144675219,-0.36414442879346115,-0.32339179721710454,0.43836395324074939,0.87710712089457321,0.19626549104510321,0.21218026304952872,-0.31318035291939544,0.92568763766052098,5.8996144391873013,32.952380351269007,-3.1178311480376597,,0.5410497289598155,0.1363636363636364,0,1
0.62729382655220789,-0.65646388745428741,-0.41899596613558676,0.7701862527750567,0.60265000452622586,0.20886863833725258,0.11539320259792507,-0.45372694047515622,0.88363808897152551,-25.025059586687192,24.493891724416127,-12.27454249851016,,0.4913510771642569,0.3,0,2
-0.22946885272295933,-0.85151536966442065,-0.4714505497454356,0.9679269394798703,-0.25054247603857799,-0.018598589451633309,-0.10228140329082581,-0.46059748471493317,0.88169636021429521,-4.0993980914077959,-32.354867863606003,-0.1805085999869665,,0.1162955309058643,0.4285714285714285,0,1
