axis_00,axis_01,axis_02,axis_10,axis_11,axis_12,axis_20,axis_21,axis_22,location_x,location_y,location_z,dbh,dbh_approximation,score,reconstructed,number_clusters
0.6412740759318204,0.76043905440015191,-0.10246952757182289,-0.7084423418281498,0.63806946193658531,0.30162362316138802,0.29474905910424287,-0.12082965814302034,0.94790462910052498,-14.845493797710592,2.5231802186618792,-5.5646398755969999,,0.23439020388666,0.2441860465116279,0,4
-0.51942235408964077,0.81934843527303214,-0.24262843956883842,-0.8506266042815851,-0.52284208194130832,0.05541243037133043,-0.081454270362916956,0.23516866068188563,0.96853544223881283,23.645742790157342,3.0120495910648737,3.7683445350383038,0.2432258909918697,0.3573876056883389,0.46875,1,5
0.53581661893838917,0.79614766196366693,-0.28115734246008761,-0.80701064631662889,0.58081434287392097,0.10671698947942235,0.24826269877097734,0.16971623216923348,0.9537096166743988,8.8043262546924765,4.6781232771467867,-0.16059456322564503,0.4283428398161634,0.4145287383108712,0.8868778280542986,1,5
-0.89163265809106951,0.36203922604927347,-0.27188012400154737,-0.38395288168085961,-0.92285576842640005,0.030288864803454468,-0.23994038358395928,0.13139569811740875,0.96185434595983454,-24.88575732253987,5.6422743432848366,-8.5395485724524818,,0.08723515650937436,0.2142857142857143,0,1
-0.91632292828560036,0.34025390147976275,-0.21113875443864566,-0.33344739067835605,-0.94030016925061433,-0.068179390999495645,-0.22173211032211509,0.0079293275292577833,0.97507538017172568,-3.4976099958607949,3.6664781435114526,-2.8767742188726801,,0.2670765032813117,0.3263157894736842,0,5
0.93138756666377598,-0.1744823764353188,-0.31948881197565626,0.26225373825240827,0.93029280893932131,0.25647274008835108,0.25246817113602638,-0.32266265657691667,0.91222181108212852,5.8836577687111733,-5.8026295866069599,0.40808435175656604,0.9874038501813974,0.7328187046133962,0.358974358974359,1,3
0.89835149838940831,0.38908099787461492,-0.20391312472325113,-0.30215487016094905,0.88426011677964056,0.35607089225444671,0.31885266155314795,-0.25826347586476822,0.91193911926987936,2.4153593480640172,-9.8409491097141792,0.17338953024174827,,0.2867533565014765,0.1282051282051282,0,4
0.51014651023586699,-0.76924110422514713,-0.38473193481259771,0.85733334472962575,0.49057044702086416,0.1559492626608546,0.068775534231884719,-0.40940048861747602,0.90975885036139803,30.281468509612807,-8.1831351586061718,6.6161935853058811,0.6275016233465873,0.4868769732509846,0.7741935483870968,1,5
0.78325188610757734,-0.52207345249473092,-0.33757338921952484,0.59343769283531356,0.78969194057811076,0.1556224396039326,0.18533264049061848,-0.32222034260147453,0.92834576704079685,-5.7400162152288861,20.63529046400339,-5.60743267845654,,0.079088594274869,0.25,0,2
-0.75747218844671005,0.62515444282866595,-0.1881961910914576,-0.6294502853114633,-0.77581438592742802,-0.043639167147934831,-0.17328653164937435,0.085404690735510755,0.98116146313912178,-36.229701304684014,7.8712410392476562,-11.907408226372258,,0.2967110124220072,0.5172413793103449,0,1
-0.23144770783974242,0.96136420853520377,-0.14903293959125455,-0.97083334505929075,-0.21839004863942654,0.098936357201269309,0.062566561809943716,0.16758474036364465,0.98387030656511454,2.51856737829694,-11.337087977840369,0.32292846032308475,,0.2516602998208239,0.1111111111111111,0,2
0.79596640758876946,0.53997423689220447,-0.27361524351342337,-0.52353902005343267,0.84097449510617128,0.13663379180280277,0.30388216872946017,0.034492348044190227,0.95208503058008309,26.942805570090567,-3.4647502300450941,5.3225311037205705,0.1993119174449699,0.1120634858185839,0.2380952380952381,1,4
-0.94899068976617673,-0.065919484668462855,-0.3083363298058806,0.083984565256905244,-0.99541974089237195,-0.045674196658205407,-0.30391325001671965,-0.069239880002842952,0.9501802857781606,-2.4826363522467587,2.2017815764867552,-2.4504078404685137,,0.1164710008478464,0.3828996282527881,0,5
0.83848515415886704,0.47420010684455099,-0.26847142291833731,-0.4509071102558731,0.8804147280000203,0.14680832619898451,0.30598271875365474,-0.0020409285303708861,0.95203487879113702,-14.156136497068278,7.8729063852488652,-6.0190635715119827,0.3882953592441076,0.2332481697900433,0.6865671641791045,1,5
0.48204961407383257,-0.80303891612409706,-0.3503664777936164,0.87356459249591722,0.47118943424642312,0.12192382782696093,0.067179403902622267,-0.36484108354840122,0.92864304845646539,20.814018020267934,-2.5377394111256817,3.7084079928572327,0.2893034077173606,0.2057869843576994,0.44,1,5
-0.2104550042751015,-0.92344360490655453,-0.32087474150009931,0.96394096085597492,-0.25070007795414373,0.089259704782435126,-0.16286962626477725,-0.29051915508443649,0.94290620178753626,-22.372391280380711,9.9740949711440319,-8.3942621370546835,,0.06342987565387254,0.2857142857142857,0,1
-0.86645022687436357,-0.35153239379129175,-0.35452641716059446,0.40830930765353013,-0.90756907409222698,-0.097989208767458744,-0.28731083103993593,-0.22965920810353285,0.92989737847807663,-5.688442025978417,8.5532727418358405,-3.9638882064365561,,0.3021324974148208,0.1851851851851852,0,4
0.49823123386748275,-0.80421787681985379,-0.3240358686970507,0.86440138704726377,0.48987796818093848,0.11326878811783099,0.067645248684976622,-0.33653110241741713,0.93923955274257132,-18.395045129913331,2.0431925984030346,-6.3568276966190229,0.3469590414561519,0.1321758260788726,0.5826086956521739,1,4
-0.45659781629375124,0.85604099153203739,-0.24230611831446913,-0.88808031235520835,-0.4548409774746654,0.066581108559171168,-0.05321459351394988,0.24558808201282639,0.96791254822448081,-22.228269697944654,16.68814914959961,-9.1933730783887135,,0.1650514957057806,0.3636363636363636,0,1
0.26564205477360242,0.95142985117561285,-0.15561342174635687,-0.95172992172083037,0.2845476052333214,0.11507743678603467,0.15376753505509674,0.11753254293144927,0.98109206831731466,-4.3815867270681563,-9.5913910045158985,-1.5824409102438304,,0.2514185116156313,0.3085106382978723,0,4
-0.88727620085795611,0.36046963389596265,-0.28775438559643579,-0.34829368077667933,-0.9326248848585027,-0.094352191674048971,-0.30237800072443133,0.016506579947842707,0.9530451602606882,4.3009142020115716,-11.701131755184248,0.81074729377553212,,0.6483643131918656,0.375,0,4
0.51849705602487939,0.81256947781575839,-0.26625485275532362,-0.82087433281284705,0.56019912606655142,0.11109576447072753,0.23942876314803216,0.16095894779880351,0.9574790256193112,-2.6781126934755273,-3.0117074599406788,-1.9418919080011239,0.6304907738610914,0.6017741219573597,0.7364591754244139,1,4
0.0062386608292084676,0.99904006435591142,0.043359300303339933,-0.99474850219763689,0.0017704599294248516,0.10233417243129009,0.10215917230781001,-0.043770027226121465,0.99380465295248466,13.75408430709674,5.5589845642222651,0.93599574381106931,,0.1809915781129586,0.8,0,1
0.79528413798566822,0.58422343342751726,-0.16188304328296954,-0.52595009889855437,0.79770726582078444,0.29502476425772983,0.30149566056080013,-0.1494861127024569,0.94167630785324263,-28.931800044505334,-1.3059248973609552,-8.7590808469554187,,0.5700399257152384,0.4166666666666667,0,1
0.074070163576412995,0.98747702533245418,-0.13929370161041552,-0.98966416613725439,0.089984764321795738,0.11165832012798681,0.1227943367245271,0.129583435015896,0.9839358130680399,-6.728161911843884,9.5418486735340338,-4.4796315042957442,,0.08343141167793564,0.2258064516129032,0,4
0.47854384845770581,0.84836045182858244,-0.22645160382847956,-0.84459672951821474,0.5152562528106468,0.14549006298254533,0.24010862040006473,0.12163690933566722,0.96309517322891969,-8.7510657817640176,8.5869656030846482,-4.8184017302215203,0.8401683566910968,0.6753921178860239,0.8407079646017699,1,5
0.24997050793090911,-0.90160308032743586,-0.35302497179214226,0.9680643258700492,0.22551222536450896,0.10952487018442031,-0.019136513332646859,-0.36912886876431977,0.92918118367853486,-25.49006410948245,7.7118103115838563,-8.933459778641371,,0.08564137344357277,0.1578947368421053,0,3
-0.4050246701797241,-0.78976643892002252,-0.46067774908431552,0.88171776604464391,-0.47070700099544899,0.031760041799601457,-0.24192725680883448,-0.39332415533431991,0.88699904805106478,1.6209241664971135,-13.488633787713219,0.38304723016725023,,0.2821649061121072,0.3125,0,2
0.5158923076039178,-0.78733446480719782,-0.33757897962086897,0.85322120686611402,0.50748745909902526,0.12029152510108776,0.076607435076729957,-0.35008701687434418,0.93357933862472875,-10.888523990232152,16.122854287156109,-6.2729823911999549,,0.06766112057742539,0.25,0,3
-0.827399174384984,-0.44119787371108987,-0.34749826252783123,0.47093662813916332,-0.88216612316405696,-0.0012741344570585034,-0.30598904964714613,-0.16470387783690019,0.93767976096401118,-29.612267952414904,17.05494047874857,-11.175767658778197,,0.1302692784439395,0.3333333333333333,0,1
0.29809084470038671,0.93604480462016926,-0.18698120774398558,-0.93676822813467986,0.32449493420530423,0.13102795286696714,0.18332248924565397,0.13609982152333924,0.97358600211696378,-13.951777837358421,4.4997343078780352,-5.6210459596384617,,0.1111348526802095,0.4268292682926829,0,5
-0.60613665418787133,0.79122640399962041,-0.080988481056020731,-0.78615732830356799,-0.61145435750253629,-0.089890065334026811,-0.12064415279874853,0.009184024444069315,0.99265333429676339,-9.1085311238502449,-5.3578092684399543,-3.2365396296125954,,0.3266151073266226,0.2582781456953642,0,4
0.86357081907493882,0.4798067729421856,-0.15501903457654864,-0.39611745082708605,0.83578364191174104,0.38020608761959357,0.31198782923776108,-0.266929137696792,0.91181820000258651,-19.248102791794317,6.8556780850328476,-7.2213301663931562,,0.1367385613904213,0.1458333333333333,0,3
-0.69569820917942382,0.7121071219334465,-0.094379280756984027,-0.70322595833899759,-0.70196689810490331,-0.11276402566057246,-0.14655119672913136,-0.012079770554247412,0.98912932717648971,-13.769224994396401,-7.4428917493600428,-4.2355729373899127,,0.3799599996792161,0.3888888888888889,0,1
-0.4019837291398502,-0.73007907678970629,-0.55262430560074727,0.88893956664234552,-0.45587074217326989,-0.044365676914809041,-0.21953479989408664,-0.50908389098878448,0.83224879908064797,-8.8233251813119491,-13.409263773641651,-2.3594398683037485,,0.3011365215824905,0.2307692307692308,0,3
0.94550652436518245,-0.095232307929929941,-0.31136509102532939,0.16876445747124907,0.96112990143325183,0.21851286109824963,0.2784528151721718,-0.25915269648847378,0.92482642134913362,-13.267767448725802,-6.2354455744448778,-4.1785199186643389,,0.1528877516808223,0.2380952380952381,0,1
0.95194508530219124,0.12675829822552595,-0.27880618429291065,-0.049873205122237946,0.96233881525182263,0.26723897184084761,0.30218077036740615,-0.2404918678265168,0.92241554818285332,-13.536280683383181,6.8990592420666665,-5.7782194480055455,,0.08195556356271387,0.2394366197183098,0,5
0.69525506433302364,-0.59970207741207449,-0.39620425775971396,0.70548006541597474,0.67485223741436795,0.21650019620659461,0.13754371239702537,-0.43003706352413884,0.89227229654157725,-15.646061697202336,-14.382541438590176,-4.0017413082893531,,0.1899956919714646,0.6923076923076923,0,2
0.69979001055898693,0.66528846261552732,-0.26016379961962599,-0.65517552305521887,0.74287908976186567,0.13738883500453089,0.28467345347111894,0.074309619197313978,0.95574008254523724,-32.120301889630049,7.3782383995595087,-10.703462206881692,,0.1322198666877915,0.3928571428571428,0,1
-0.71251098179430483,0.69464506084216893,-0.098976463212701454,-0.68462467089536128,-0.71915505872651997,-0.11876473175767963,-0.15367875853199081,-0.016859447073818975,0.9879770231237317,-3.9676422241103686,9.1156306141631926,-3.6826772684162994,,0.330472493673459,0.2580645161290323,1,1
-0.48045907752696365,0.8577399410328449,-0.18286953923196672,-0.87435312912796304,-0.48471090282476675,0.023705405859002947,-0.068305786036614843,0.1712820312810778,0.982851354658551,8.8699002032961474,-14.672062360739256,2.3541196635179307,,0.6128539002191525,0.2777777777777778,0,2
0.87636606669300576,0.39134076424406733,-0.28077557477440762,-0.36827443362165424,0.92015153307723041,0.13302292177016772,0.31041336744682807,-0.013174308956893933,0.95051037810948091,22.544001964467224,-2.5419126001810119,4.0248638627056659,,0.1122643145884679,0.4117647058823529,0,5
-0.93034265262436888,0.2383666523665601,-0.27864652832470688,-0.26342082396274802,-0.96307450699166464,0.055650368242705764,-0.25509217591027589,0.12517520929609535,0.95878003148117297,0.29524279388409408,21.108917739159235,-4.2018906467987343,,0.2648755031855882,0.6904761904761905,0,4
0.95436590836008417,0.10170087023489245,-0.28078932663742617,-0.025231891015642841,0.96432519996524613,0.26351519953840447,0.29757194867091963,-0.24440507708608655,0.9228852006933137,-3.1271864949542483,-10.253462133957026,-1.2292018669047695,,0.3018240846090932,0.1730769230769231,0,5
-0.19725237935878062,0.96161644718816164,-0.19074933115090434,-0.97969168613927438,-0.18620792108944204,0.074369417324153697,0.035995818463894977,0.20154507838388375,0.97881759405537283,-11.607034672708044,5.9945521956810977,-5.2080546707690969,,0.07310140607230994,0.2318840579710145,0,5
-0.38448374394474394,0.90629537324108866,-0.17550198598314631,-0.92312679301612355,-0.37809317355517807,0.069874717364301994,-0.0030289697918085409,0.18887627842789018,0.98199622035384149,3.8881245971122831,10.855599008313527,-2.0205823596193295,0.7808399791149321,0.6690575525233472,0.9080459770114943,1,3
0.59074208434246145,-0.71896288875512826,-0.36621872478016065,0.79720418770480783,0.59009817481153504,0.12747402555036175,0.12445590742364748,-0.36725537256380314,0.92175605147478146,11.808594043880564,9.5119216760813838,-0.015365219368035992,0.6061042899808109,0.4181366962115171,0.8095238095238095,1,6
0.74148304706519863,0.64922415070671169,-0.16944289024346559,-0.60188581345118053,0.75518781031983473,0.25966293287750092,0.29654065232463606,-0.090550390852187981,0.95071776476270642,-0.72420126105379645,-5.4866384238795982,-1.1400985279123594,,0.4247057098987904,0.2742316784869976,0,5
-0.59108556456599526,0.78088440209424237,-0.2020826710225665,-0.80470181431352406,-0.58809930996771342,0.081204628291870182,-0.055433251773821544,0.21061517557245443,0.97599610778750701,7.121618378964909,13.74802045873971,-1.6385022945215635,0.3248211538998286,0.3942456228915777,0.6216216216216216,1,5
-0.60038308793952855,0.78780610716640631,-0.13748339982524455,-0.78884172169908318,-0.61165435497879228,-0.060064033683254199,-0.13141113279711786,0.072391211806333386,0.98868125633602855,-21.682605225255976,11.507278507692398,-8.3916888167013877,,0.3202733675569885,0.4285714285714285,0,3
0.91470764037819507,0.36721429404168693,-0.1687115730624891,-0.29414119909681341,0.89126318370111801,0.34515343308858304,0.27711168800258668,-0.26608945794678074,0.92325809649411938,24.823851593595609,-8.8193069907033372,5.4223427141831682,,0.2708944833909785,0.2333333333333333,0,3
0.3429610945369625,0.90590196810796264,-0.24843371714026302,-0.91791567328121382,0.37937732666591562,0.11620525270623,0.19952068659340622,0.18818732207548633,0.96165327817844637,-15.093283045597536,12.50067247247768,-6.7673539649446814,0.5877181965395789,0.2237806998146886,0.5972222222222222,1,5
-0.72707278651431539,0.65878928158344541,-0.19329212498463566,-0.656435837313737,-0.74953235078627034,-0.085400507112194379,-0.20113963955551201,0.064791493234642047,0.97741746853834344,0.50381260711778342,-4.7074325230294409,-0.90973008884145923,,0.2216485993708025,0.1615384615384615,0,3
-0.081269807908521216,-0.92604445601425711,-0.36856055650024655,0.99220237224913133,-0.11022848808697475,0.058173300725130939,-0.094496935536073856,-0.36095892550166864,0.92778175411837682,3.4115453632771082,8.1669682017514482,-1.7690528861742536,,0.5153660361570283,0.3,0,2
0.2823278758177194,0.93655889982611651,-0.20772192395784281,-0.94226704363151126,0.31137412753393134,0.12320296744970785,0.18006606849205428,0.16094589109069063,0.97039818173718628,-8.8530169494100832,-7.1716635498949124,-3.0190518044986834,,0.1824169523594384,0.2,0,4
0.085405806393391459,-0.92252523718385371,-0.37636821729945413,0.99314676235697541,0.048575513933118125,0.10630111883696523,-0.079783185284567931,-0.38286760923981034,0.92035158344017631,-15.194256638127527,13.498001162594141,-6.9592718485357903,0.582586377876059,0.278607066681741,0.3333333333333333,1,4
0.41059938897410614,-0.84432512563726148,-0.34427202034396337,0.91103987027373379,0.39545768315025925,0.11670293744824119,0.037609793215458952,-0.36156369156077173,0.93158853599603642,-7.8608141454094165,-7.570360210756526,-2.7153373952726634,0.3696265801829988,0.2997490196995891,0.8914728682170543,1,5
0.89712986311661014,0.40288647499940655,-0.18121947182056408,-0.35260360813970848,0.90016655223509656,0.25567728441149695,0.26613662700055118,-0.16547708753700976,0.94962552054430249,23.492126895285011,-10.019522580519235,5.2516971183805241,0.5736895443232022,0.4363644332505259,0.2727272727272727,1,4
0.72155270337269273,-0.60504099469981165,-0.33658147748832273,0.68334653559264924,0.70052910701127469,0.20566108655628354,0.11135173348037232,-0.37839709956955225,0.91892133857488978,-11.467516257110907,20.208596033491354,-6.8750830656326558,,0.2622020750335746,0.2,0,2
0.95858348184002695,-0.023825026328564043,-0.28381345363441851,0.07298387137241083,0.98377003907223981,0.16392029997319241,0.27530176690851155,-0.17784509648637833,0.94476455204077414,-11.091085245923393,7.4811807568217867,-5.2245153056644247,,0.3315405310639937,0.6891891891891891,0,5
0.30965215211042968,-0.79513124877813268,-0.52142290121350343,0.95064923869405371,0.24762086588849136,0.18694900841419365,-0.019533808225634441,-0.55357944686662752,0.83256725034260315,-1.4693458635234391,9.4414193269673969,-3.0748589481793891,0.5166345629513878,0.4772384010510795,0.1777777777777778,1,3
0.13242729376275406,-0.93695638372455003,-0.32338173551468252,0.9898031054777281,0.10773575542554308,0.093181647278492985,-0.052467363697055867,-0.33242403944465643,0.9416694928402316,-7.411702976407132,11.609611862377998,-4.7626108659098394,,0.1101753386327078,0.5192307692307693,1,5
0.25481969076185751,0.96689544534659377,-0.013420989830973583,-0.95119427462038408,0.2531317066237922,0.17650436547328735,0.17405854512040711,-0.032210819141060519,0.98420835497410231,-13.553828421273295,-12.548195683114457,-3.6555029702148767,0.6179614053511426,0.3182466844387692,0.2857142857142857,1,3
0.85465017740079297,-0.40673574674131441,-0.3227059134747603,0.47134950673990594,0.86844378427882696,0.15373690527494902,0.21772164973847133,-0.283498546504663,0.93393032789652075,-23.479626407933679,15.669981941508686,-9.4034736953087599,,0.1224485845776005,0.2380952380952381,1,3
-0.26164396070020174,-0.83491798723206301,-0.48420490747768308,0.95311549756036906,-0.30253394230620867,0.0066379261003058935,-0.15203054344229919,-0.45976642803604523,0.87492945173403236,6.4310374235175658,-9.3701708722373525,1.0566910079433671,,0.4196317564034067,0.1612903225806452,0,2
0.096044879138505332,-0.80711620932355266,-0.58252794425542209,0.99291170385005589,0.036522654055862441,0.11310368737708759,-0.070012352830397639,-0.58926184365517364,0.80490294449905997,5.8449188821533546,-10.193856518064122,0.97002791829941037,,0.2122593504501804,0.5384615384615384,0,1
-0.67659661008641736,-0.65574624361417777,-0.33498341929931991,0.68102865950827096,-0.73026363757485369,0.053990596999017738,-0.28003034147737665,-0.1916034540968356,0.94067588691866955,-12.87638430184262,-13.518355173141655,-3.3706191253929267,,0.08581097793245052,0.125,0,1
-0.3089693391864522,0.92933207609846613,-0.20218763507494963,-0.95107096064902141,-0.30159233317776118,0.067127433874242831,0.0014054368835647701,0.21303510720749344,0.97704353426255131,-17.599619451707881,3.5921091163648495,-6.4359466010470365,0.3940168947043525,0.2371926765027962,0.4910714285714285,1,5
0.81162192378498099,-0.47760102048989694,-0.33640320756285275,0.54859687089960196,0.82103755992367355,0.15792022807020556,0.20077680660557429,-0.31272126634047359,0.92838250926419252,-15.547869570379678,5.2432611230103898,-6.1282013908258213,,0.07608346897044649,0.4259259259259259,0,5
-0.39135367516685476,0.9147458626336773,-0.10041069528673298,-0.91976304058833369,-0.39232911847887175,0.010668268898654607,-0.029635284731186682,0.096529112645671142,0.99488887837322826,-14.866493186872697,20.49151878826596,-7.7840968242389623,,0.5784446489211735,0.3636363636363636,0,1
0.93562005652984948,-0.1741134439048419,-0.30708242943984659,0.2322832105503162,0.95869711013045944,0.16414737623228931,0.26581877269207382,-0.2249096700435593,0.93741987412545202,-7.0047625867279892,-6.2444266147581224,-2.6452927743987411,1.000014544784109,0.5496173566593529,0.806146572104019,1,5
0.42522415085696746,-0.80408235237532222,-0.41549487617362912,0.90415661836132222,0.398202931488776,0.15471016394265674,0.041051565151521939,-0.44145894027906318,0.89634188401875825,-3.6406711187655385,-8.7162528584610186,-1.5056518842080655,,0.08485354992678737,0.392156862745098,0,5
0.79798127178266876,0.57152443522028651,-0.19127391309388087,-0.52118966543363565,0.8137711012145602,0.25717295245265498,0.30263380929646305,-0.10552921289469144,0.94724672746678695,9.5926495692043314,5.5697828219556778,-0.07664962262570571,,0.09595663347650517,0.2368421052631579,0,3
-0.70292534986809785,-0.58327894752842568,-0.40704007405038695,0.65187607666803826,-0.7572359657435811,-0.040635856731121883,-0.28452334382383887,-0.29390366032854764,0.91250594807090635,-14.427874734734448,13.35257975984425,-6.8174806950120024,0.5308409398729357,0.3199839467357882,0.3,1,2
-0.61731249849200553,-0.64536337014240985,-0.44992377097013742,0.71901663645993275,-0.69491712752673807,0.010259744822964146,-0.3192809980243152,-0.31716920775576291,0.89300802793266021,-5.0242952503965652,-4.1157337952140836,-2.3801018900859439,,0.4779523749221838,0.1137931034482759,0,3
0.91117336756514633,0.30460708268780434,-0.27744840856710018,-0.26822649862502146,0.94967913969697937,0.16175313616671239,0.31275811688164518,-0.07296613461620928,0.94702603106979955,-11.38084912032693,10.046459750193334,-5.6323329991841904,,0.1852748282869569,0.5,0,6
0.85970424712948346,0.4678442956598805,-0.20501298126225431,-0.40631607796035513,0.86958979762164601,0.28057232340923849,0.30954135791270554,-0.15790914758447036,0.93768270158444489,-9.3493485958750835,11.922390431747903,-5.3433534822593058,,0.08174160668321906,0.2727272727272727,0,4
-0.16466420946960575,-0.93138562625808974,-0.32466369264143935,0.97451233937392068,-0.20446429399315674,0.092304132571880665,-0.15235287502281408,-0.30118958760505843,0.94131473683915967,4.5316630929916668,-9.4354225183078331,0.61826186519821336,0.1895754149509419,0.2052779986490213,0.4358974358974359,1,5
0.49568906394453793,-0.80192720875325463,-0.3334742924829458,0.86571584497537035,0.48694621734893145,0.11584238070821462,0.069486888291011281,-0.34611578015279915,0.93561500580358958,-3.3780539273937724,18.276610134027869,-4.6390864203709121,,0.1306945538925718,0.5833333333333334,0,4
0.87617653850907606,-0.35420753722406467,-0.32688177364288246,0.42292378616727661,0.89028568764562444,0.16889898006587642,0.23119287285768458,-0.28623140104995559,0.92985022481730351,8.2925698142234125,5.2988816253223128,-0.31046379999701235,,0.07516137786747532,0.2962962962962963,1,5
0.12522851523430567,0.97371215435475078,-0.19026943904379948,-0.98120068189579035,0.14993536540851835,0.12150970350984694,0.14684359304868591,0.17147602357660671,0.97418321301432187,0.59789369846594809,15.421539691219337,-3.3796597190590223,,0.1163982323436503,0.1818181818181818,0,5
0.91493124873001408,-0.24285382791186233,-0.32237063818823897,0.31318453759127141,0.93099818610146279,0.18750419432516013,0.25459036806422669,-0.27251494591002073,0.92785739677203616,0.58047283996409349,-7.4298817216766029,-0.6071446237812077,,0.07635509649601593,0.3148148148148148,0,5
0.38777706944309676,0.91891571700011032,-0.072269284376555443,-0.89589377913506274,0.39417909199301465,0.20493213496828738,0.21680240063528256,-0.014722380437220768,0.97610448753862533,-2.466687942090017,-11.995700073141359,-0.83511727518999113,,0.5728215615668809,0.2153846153846154,0,2
-0.062080284731627848,-0.85962012210522176,-0.50714818733723432,0.98808498473278927,-0.12463344608483057,0.090302641504120706,-0.14083359397971118,-0.49549949524577941,0.85711501504636733,-28.47689262759506,17.74799450242805,-10.955163027169052,,0.5900219952399478,0.3548387096774194,0,3
0.43113637536338378,-0.83524686255135583,-0.34129767716268039,0.90126741779825714,0.41662718689242628,0.11890680702704261,0.042877353623870143,-0.35886552598462457,0.93240391827039915,-3.3436648600090604,-6.8813186588681434,-1.6504325920264682,,0.07548264551973953,0.2272727272727273,0,5
0.93516897213419137,0.20715038163788288,-0.28731117789734506,-0.17789519557070596,0.97611105206318072,0.12474178703614693,0.30628792491761841,-0.065543370583077645,0.94967982690076613,-4.7392607258141695,11.993064092731091,-4.1539054078438964,0.3397514764258553,0.2540330160066994,0.6842105263157895,1,5
-0.54869639752527766,-0.76386468461362467,-0.33976904941873304,0.80177780385103159,-0.59592860116120283,0.044960600194706095,-0.23682190902574571,-0.24774956290209493,0.93943362590830304,-8.6676755312766414,20.649417713187116,-6.3039372020955105,,0.1076087848831851,0.1764705882352941,0,5
0.8951648555546079,-0.3001003528213419,-0.32957496812774628,0.36741463500617688,0.91541259704160349,0.16439666408058676,0.25236158060048819,-0.26825278267718605,0.92970644680069325,-16.789399772269729,1.2343279919988204,-5.9021968481875051,0.4228794025846452,0.2649453444887772,0.8761467889908257,1,5
-0.073763390015553945,-0.91181583624383244,-0.4039193521835453,0.99101088298357565,-0.11234602553169946,0.072634704896114552,-0.11160820803833478,-0.39493069179565204,0.91190644069239934,4.4166672067484205,16.17114418384875,-2.5896763944661627,0.5446682086369175,0.2596412043859232,0.2727272727272727,1,8
-0.57089798170157446,0.81190507341614016,-0.12200674674050092,-0.81535884180052676,-0.57808815400958968,-0.031686673720802472,-0.096257226153533118,0.081389421640142665,0.99202334068221942,-2.4548808976346685,-13.640512041601287,-0.62861404445181712,,0.4534361966105208,0.3076923076923077,0,1
-0.90305426799979427,-0.27311313233897849,-0.3315150162380997,0.31495387596610774,-0.94583593699971069,-0.078730148569686617,-0.2920565785276571,-0.17550953599127,0.94015921934257907,-10.929051204913284,-9.8727418029339891,-3.2231757983108729,,0.3325556301655221,0.3265306122448979,0,2
0.39711180184014722,0.89164958784590465,-0.21740107942119175,-0.88622671902543393,0.4341190891669291,0.16168741109402901,0.2385464720440974,0.12845866617361221,0.96259750246933939,-12.924214499773621,20.545839639969625,-7.302910119111619,0.351154958656256,0.2249640999117949,0.6612903225806451,1,5
0.72303465645777254,-0.59427369795632745,-0.35222103497420709,0.67019202026542035,0.72707026879987502,0.14903516430638469,0.16752176435778293,-0.34381331583373581,0.92397449224633166,-7.8344650314134308,13.080853002584089,-5.0838944393861842,0.3634995267475954,0.1337046019816242,0.1794871794871795,1,5
-0.92068666886003514,0.26135225717441557,-0.28988110571965903,-0.29321289177054272,-0.95335161869024143,0.071741837446880105,-0.2576087302149716,0.15104863061456972,0.95436997716110861,-14.416386421076178,11.741241754250149,-6.5697728841562615,,0.09549905483391247,0.4090909090909091,0,3
-0.0078934126001443655,-0.89556200555733823,-0.44486670839661935,0.99257787135393305,-0.061006857054816524,0.10520139110671969,-0.12135428849455515,-0.44073445247043269,0.88939658143573308,8.7338619755276543,-10.78785815668452,1.6840685710852128,,0.4173307893251871,0.1111111111111111,0,4
-0.0063380803701811456,-0.9093550361293673,-0.41597265174934056,0.99764278236590787,-0.034173906969382904,0.059506494398998189,-0.068327941066822523,-0.41461495673528831,0.90742808537148756,2.1510848770954571,15.837810416600837,-3.1526443217713429,,0.1801214986747172,0.2,0,4
0.78309649203261167,0.61309652573124351,-0.10427144528822917,-0.54492002948246188,0.75725042054115677,0.36004716643666834,0.29970326263664598,-0.22513207396219606,0.92708872479306392,-14.514464701765441,6.5313890745733634,-6.031273494896813,,0.08476702652727992,0.1891891891891892,0,3
0.80335998634826822,-0.47081967915862105,-0.36461152210467057,0.56325576881285222,0.79950675159219498,0.20864297989038597,0.19327615278030078,-0.37298496467749281,0.90748363340116289,-20.114639932156873,14.315896427499515,-8.2754187949468463,,0.1847108182425351,0.4137931034482759,0,5
0.64245951446484317,0.71874165476359253,-0.26581235106986828,-0.71366975199690919,0.68752429549224314,0.13411125304225835,0.27914379333645972,0.1035411841519473,0.95465070356971105,-13.370890448099184,13.657384699268926,-6.5593589272218837,,0.09307154349409112,0.4545454545454545,0,3
-0.16450918284834681,0.95955975084809186,-0.22843338922083953,-0.98532273142553795,-0.14916873238292541,0.082992796165636457,0.045561427706876489,0.23873368809537865,0.97001566094248803,-9.7831315688325962,13.624414444148776,-5.6601096106161348,,0.1310226077678177,0.4074074074074074,0,5
0.19336233022328583,0.97608594267897819,-0.099333990935190769,-0.97367086549020709,0.20336528553129046,0.1029932344201714,0.12073133373806762,0.076803601121746071,0.98970963009791912,-7.4456622096083986,22.727587791860891,-6.1873321930081957,,0.2153309693935627,0.1875,0,2
-0.86889148678126116,0.42923516270453799,-0.24654565357567912,-0.44296872215940702,-0.89653702564819426,0.00026987099132526842,-0.22092146882435862,0.10944650172526607,0.96913114069902329,12.346470840613463,1.2475618877244072,1.0741915567336147,,0.1892699413593538,0.3571428571428572,1,5
-0.088663469007611753,0.97112954660006212,-0.22146375094785833,-0.99356437430875955,-0.070493104995380043,0.088659778098948414,0.070488462658655812,0.22789937663027754,0.97112988357044772,-30.04035049013422,7.7378068420723398,-10.183414805448621,,0.2493494577435922,0.7068965517241379,1,4
0.9327841373952811,-0.18360099400966517,-0.31016838656188872,0.27510077804219613,0.91865520999237293,0.28353512493948374,0.2328804735144635,-0.34980463140520762,0.9074157839177952,-5.5835632455354451,2.2527444885573726,-3.2158038231551807,,0.2140823567826997,0.2423076923076923,1,5
0.8460879857087017,-0.38202917281455556,-0.3717375842688192,0.48827261245185238,0.83521752324945253,0.25298526594743176,0.21383399254757021,-0.39555707549691987,0.89320189411772344,-25.294112923821896,9.2276000416776043,-9.092234236101076,0.2189444382812496,0.1923948927707961,0.3695652173913043,1,3
-0.34911622437057238,0.89564285742433736,-0.27557527796593945,-0.93695766494675659,-0.33837603592996801,0.087246732923604908,-0.015106156981778175,0.28866161894697667,0.95731200439989927,-2.7419198730330105,12.393333338059788,-3.6972973177337698,,0.07632147190138598,0.2631578947368421,0,5
0.58175890143068487,0.80768499073129396,-0.095924638928447853,-0.77563965683478164,0.58640606495141945,0.23347601532794426,0.24482586332204692,-0.061423796167136765,0.96761945717985276,-7.3287261557529098,-14.144814171896609,-1.7925450778449612,,0.3093270752503772,0.1764705882352941,0,3
0.92064392981223897,-0.22144395593827979,-0.32152344996637849,0.29261253778096336,0.93659322568695569,0.19279790541052921,0.25844275426728713,-0.27158001394747067,0.92706614585531588,0.92132414716225919,-12.954130356303638,0.077013117562274094,,0.08413107320112587,0.3571428571428572,0,5
-0.95240169684504605,0.09378678119370136,-0.29006042046443192,-0.11135136571617178,-0.99277901854095818,0.044617190610753352,-0.28378139685296794,0.074792112005061862,0.95596770802260977,-8.9408384497119489,16.610027902620967,-5.8303270213809526,0.2806794128871315,0.1633700215174206,0.34,1,5
0.93325498569682508,-0.14819603972155229,-0.32722020946583885,0.23960320866199045,0.93549684693888435,0.25968433099878124,0.26762928477821341,-0.32075470873902073,0.90856534313765691,-4.0709426333749317,13.445192950348011,-4.2002142641817786,,0.2346909318405533,0.40625,0,2
-0.18967139570458871,-0.90971591708682686,-0.36938017251924504,0.96968166652024734,-0.23259956418093636,0.074932692180080848,-0.15408512993144258,-0.34396859295829957,0.92625233051922651,-6.5805890567217187,1.7134936285537017,-3.329554609224632,,0.08443088861482773,0.3660886319845857,0,5
0.52202597110844839,-0.73409030001500941,-0.43428137988193227,0.84973089964135118,0.49166174417645148,0.19033162508650411,0.07379894093401089,-0.46838035904299308,0.8804394105103287,-34.670519271139291,5.9137434804516458,-11.174863112981912,,0.5710000957205674,0.7349397590361446,0,5
0.94944625427881069,0.096032408854134527,-0.29888055588413071,-0.037963540111229988,0.98019801481681823,0.19434665258601763,0.31162570474554518,-0.17317513735764598,0.93429106382486682,6.9365034428405199,5.0241419293587883,-0.65756271268432853,,0.1460423614262817,0.2325581395348837,0,5
-0.38278524488970461,-0.80451948965208808,-0.45411875876765218,0.89981303798954093,-0.43604977058762701,0.014039025411751734,-0.20931305013964785,-0.4032480481545101,0.89083054432412423,4.7630734668375023,-10.554747632537591,0.76422390693938202,,0.1118386103893281,0.4615384615384616,0,2
0.95748327256191512,-0.035196258873869686,-0.28633373207746415,0.090187265759190255,0.97930131524074249,0.1812048317861113,0.27402926825251117,-0.19932425173328824,0.94083888249368064,-2.6725271672484947,-6.0221323136202143,-1.5462040851895229,0.4421389157901288,0.3144674401827172,0.462406015037594,1,4
0.61707863204744362,-0.65050237521779364,-0.44278733236901047,0.77854180602655976,0.58649964723094949,0.22336253057949204,0.11439675755614111,-0.48256069424890013,0.86835969403621049,-14.66135436789145,-8.2547678651528411,-4.3785636521284808,,0.2712552605920922,0.25,0,1
-0.059293093817358949,0.99325686528461687,-0.099624939601197615,-0.99338843022183665,-0.04888217892426603,0.10387472880836392,0.098304403395580331,0.10512531640186622,0.98958825383310112,-8.7108428780267637,22.948369971017808,-6.50586649277734,,0.5191102925073786,0.4285714285714285,0,3
-0.90739322618771734,-0.27052318914666362,-0.32164380485649885,0.32540158796720681,-0.93655666062960274,-0.13028978462929577,-0.26599123973745303,-0.22288747287419847,0.93785384512656733,9.455429045704653,-8.7359791727721792,1.6462852835220787,,0.360055042937452,0.2950819672131147,0,3
0.13894724085658938,0.98831663551261406,-0.062640978818716581,-0.9770176936891618,0.14713426566189095,0.15423337539730675,0.16164804507525424,0.039771042696439718,0.98604674011234661,-17.178900065396117,8.7072201833773715,-6.9368922586147894,,0.6171815824172894,0.3142857142857143,0,2
0.91093726135815667,0.31820752650745565,-0.26255909038406489,-0.27006997841127872,0.94108046001928647,0.20354305326102071,0.31185816107684611,-0.11450562363436224,0.94320355678181833,-16.788114130669062,19.679478681377759,-8.1935751826503722,,0.3213639514790259,0.1578947368421053,0,1
-0.11914537364595666,-0.80250090958194209,-0.58463379141041705,0.98339356924094012,-0.17656902845338546,0.041957909464009444,-0.13689948105938105,-0.56992602003346127,0.81021161666226982,8.5584581836311315,2.2615065038825128,0.10517132310039956,,0.3421875355149808,0.273972602739726,0,3
0.85375986158023154,-0.37433720355072264,-0.36189191313474933,0.48674198705445054,0.82060896313505183,0.2994714805464791,0.18486843103350328,-0.43182471867673355,0.88280862906236401,18.314555044536711,12.594983309186022,1.1483981199596871,,0.4091678282934009,0.3529411764705883,0,3
0.54744718904640277,0.83291946865676436,-0.080911889965100542,-0.80016647763907411,0.54931269034340857,0.2408094190233496,0.24502078129797178,-0.067087457547735249,0.9671939256281088,-12.424999781742052,-11.204573536258833,-3.5133365199745841,,0.2931254281248052,0.3793103448275862,0,2
0.59930465294268964,-0.63572602452185745,-0.48650421859104037,0.79202667800046023,0.55918021752905167,0.24497188748858376,0.11630853062780604,-0.53213711209593251,0.83863127751915101,-2.5075013120157736,-9.0009859048205207,-1.1260392625137703,,0.2317203135086882,0.25,0,2
-0.93465217389338884,0.30856054553785062,-0.17667966372433985,-0.28536743726878538,-0.94739421741859253,-0.14494696460587864,-0.2121102062207465,-0.085056372713606804,0.97353719696670848,11.835658509301016,-8.026824470832846,2.1430257685247831,,0.2944121813423066,0.1428571428571428,0,3
-0.73269744099493395,-0.49696559401637319,-0.46495124295288037,0.6020810687945517,-0.79183664846020696,-0.10243587630569866,-0.31725832780036706,-0.35499284572968465,0.87939026201229598,5.8456862081665504,16.354899628542153,-2.3158383635164279,,0.3537306264124707,0.2857142857142857,0,3
0.92156749608969379,0.27162110809628287,-0.27737217558277216,-0.23191221055189787,0.95816025962021756,0.16776663399332484,0.31133595479466386,-0.090282282431634608,0.94600160292201951,1.2372787121687154,8.3305998750326786,-2.3174482175096069,,0.07528735339008932,0.2352941176470588,0,1
0.7545932389800909,0.6049134495237003,-0.25430053533343927,-0.58655081110903373,0.79554166331071274,0.15189340974564997,0.29418903730912688,0.034542445225590135,0.95512283493012917,14.200679424086266,3.1151911431311601,1.3308619882151982,,0.09158885202144337,0.1538461538461539,0,4
0.94998254210521915,0.13430980221656874,-0.28194688635246634,-0.068544790036125722,0.97045548420031569,0.23133906921320779,0.30468800674494528,-0.20044208693304927,0.93112200507329601,15.34692240335743,10.21292207407539,0.74064448446057773,,0.22734537667437,0.525,0,6
0.22453230544974898,0.97249049490315675,-0.062028067295644661,-0.95843241431776394,0.23188953068665893,0.16623643626757278,0.17604701359137662,0.022124260008721128,0.98413310386584574,23.932233357848187,-1.4489635023584859,4.3594351876448059,,0.5652708582528003,0.5333333333333333,0,3
-0.23589635312259394,-0.81661428277218695,-0.52677701521225051,0.95523652021233152,-0.29444859934207473,0.028691685174053447,-0.17853879420478103,-0.49642837904168757,0.84951913659784362,-12.056356238862262,18.729833211154439,-6.844235320276665,,0.447157380180195,0.40625,0,2
-0.91895315211172457,0.28233999288799921,-0.27533476467735074,-0.29910398043457243,-0.95401087354386904,0.020001551146356034,-0.25702512155842377,0.10073421254007954,0.96114031510066689,-13.156150639569718,-9.3861982460315065,-3.8167701009621751,,0.4014459929966337,0.1935483870967742,0,1
0.39426175719341616,-0.72206547781803665,-0.56848844540427512,0.91849672254823733,0.33003879726588436,0.21780303709414586,0.03035518873117533,-0.60802618203717029,0.79333645099314298,-0.43312351673533656,-8.9421717725498109,-0.6326732453028755,,0.4382759113328212,0.2642857142857143,0,2
0.71425700477305409,0.6656365178820598,-0.21625206864784527,-0.63811801968466375,0.74627125412351836,0.18943233151348562,0.28747577999954915,0.0026909720842765079,0.95778412733918972,-24.685423670583727,10.694628380656063,-9.0553722697088261,,0.1051156492003692,0.3333333333333333,0,1
-0.93391273458477608,0.22730746851066591,-0.27593172876575656,-0.23661295143461988,-0.97160388657962959,0.00044586629994013453,-0.26799499135951149,0.065705420953158941,0.96117713365621871,-0.43808007692037854,-12.46728064188475,-0.28136281018059323,,0.6064532226052298,0.5483870967741935,0,1
-0.93959627145764002,0.18712973116549642,-0.28660305367673633,-0.1791834468084445,-0.9823349893575607,-0.053956103211099664,-0.29163699877201205,0.00065756962409044522,0.95652884355331536,3.638338305263273,-13.858978265128373,0.94684319485465651,,0.3874175882716477,0.5,0,2
0.87364386737898836,-0.27893778738975317,-0.39867292829736217,0.38620295778526392,0.89592422688803897,0.21946994116047736,0.29596227528014196,-0.34570723226623223,0.89044530498499608,-4.6693769585108731,21.733392166104672,-5.4514972849209622,,0.2923918340596897,0.6666666666666666,0,2
0.94461385187288527,-0.042407437770124984,-0.32543245085830796,0.17516329734499131,0.90371041705652611,0.39067288281470336,0.27752925992244898,-0.42603883781328411,0.8610856046651838,-11.861309178598775,-13.577227477044175,-3.0731342466227725,,0.4284615630906849,0.1666666666666667,0,1
