axis_00,axis_01,axis_02,axis_10,axis_11,axis_12,axis_20,axis_21,axis_22,location_x,location_y,location_z,dbh,dbh_approximation,score,reconstructed,number_clusters
-0.66710285903989863,0.70254371244045932,-0.24780255763645945,-0.73407891938939518,-0.67658055293412511,0.058024955833265612,-0.12689332357887004,0.2206152476637358,0.96707135048525605,-4.4786657217541759,-18.058329905940688,-0.51191857880867753,,0.07804323687570736,0.2777777777777778,0,4
-0.032864466563601286,0.99944830088313086,0.0047979890905391507,-0.99440210230122972,-0.033180120866263312,0.10031718954494065,0.10042104249800098,-0.0014742595168961868,0.99494393851236251,0.98988723030168824,-22.238306840676508,1.4735132953238044,,0.3286669291926655,0.7333333333333333,0,3
-0.89783876845921551,-0.3747641283242138,-0.23116529577995087,0.41185021052343662,-0.9004670389085857,-0.13978024156155064,-0.15577210900363722,-0.22070559567123946,0.96282090239876017,9.8349637997892252,-11.39980358923677,3.1845701755075395,0.956918171646825,0.3893928417293612,0.4782608695652174,1,2
-0.43871576771308968,-0.83576132711561235,-0.33019915090421664,0.87891388827655104,-0.47561532472892287,0.036061612243447783,-0.18718667728903607,-0.27439582172648469,0.94322218001091251,9.1101479075795204,-13.318426178096452,3.11850182718059,0.2893431997200457,0.1829789579585593,0.2051282051282051,1,5
0.88710808327720825,-0.36849410496352003,-0.2779412585266392,0.40906685705146539,0.90659776861330388,0.1036570904830672,0.21378389800514408,-0.20565159992694698,0.95498893417736164,11.371090454400008,-6.7313185051596598,3.2575118746191398,,0.07065253743085967,0.2727272727272727,0,1
-0.91744889869711521,0.34099358789971107,-0.20496558562532596,-0.33810222052693445,-0.93977564125154789,-0.05008625145685569,-0.20970075525426007,0.023347743392567285,0.97748681634294599,4.7570613115316682,18.392963792191399,-1.7875059533755995,0.5298330361019351,0.4101455157817099,0.5694444444444444,1,5
0.96333301810445104,0.12487993444647533,-0.23747525808473902,-0.025477131382589658,0.92365803602159302,0.3823699102560878,0.26709625981335583,-0.36229937132898576,0.89297186603405265,-12.124996559385623,-6.7172676745039128,-4.5782684555535074,,0.2246651466149118,0.3529411764705883,0,1
-0.64473739771971939,-0.67694333532236994,-0.35505127621828009,0.72844715177762953,-0.68489186722180251,-0.016966946705055483,-0.23168607003586469,-0.26957531596208517,0.93469284472241376,6.4344230999733476,-5.2344955333606382,1.7029563878915579,,0.344229847904338,0.2233009708737864,0,1
0.88930169016355098,-0.33436311107357736,-0.31199970164320739,0.39794049725410857,0.90196326898010504,0.16764731449049952,0.22535719317875089,-0.27324635654281298,0.93517408225349863,13.452687135817106,-19.141893203540018,4.8904999608486399,0.3382208784067524,0.2013521583948616,0.2941176470588235,1,5
0.006516131278885587,0.99449236230134541,-0.10460631604948653,-0.99595056059339815,0.015834320806712741,0.088497204126942078,0.089666163556003001,0.10360605971119101,0.99056840425296633,11.261074319000924,24.217499852640167,-0.27027418789913621,,0.3232685364245869,0.2,0,4
-0.96000671563741791,-0.082188540710765576,-0.26764183101095146,0.088126430554323065,-0.99605678293100997,-0.010228265487517044,-0.2657458149601119,-0.03340552279135723,0.96346418349527874,-8.159520658398014,-16.404124287496877,-1.8580440197792396,,0.08177630586016109,0.4117647058823529,0,4
-0.94298912911781374,-0.10650488762108935,-0.31532239260548528,0.15859731543144001,-0.97672852891416928,-0.14438930827143942,-0.29260620961211525,-0.1861668330234566,0.93793577412232687,-0.98426168427065552,-18.670373450789004,0.54421829753396411,,0.4605261330425691,0.2941176470588235,0,4
-0.10463186009353051,-0.89375014498350558,-0.43619130229215808,0.98639030084454427,-0.14919843269723856,0.069094153736014796,-0.12683196857723333,-0.42302542006674804,0.89719738392628712,-2.736598917105427,-3.3779559204191538,-1.6301547152314284,0.6158680804294339,0.4089677171837255,0.4668192219679634,1,5
-0.65995462852006881,0.71395454959841564,-0.23394185047285068,-0.73950615600691127,-0.67226440108970775,0.034514058807666941,-0.13262930868710779,0.19577915143145508,0.97163778762559438,-14.265918025407947,-20.330344890628485,-3.4090000614188116,0.2491223016906145,0.1872853063766992,0.5806451612903226,1,2
0.89678074331179292,-0.30164628589143327,-0.32371873074175422,0.3800168758858104,0.89981847405999515,0.21427526171336572,0.2266527574664321,-0.3151765091948423,0.92157055920022557,2.904165430647069,29.541918971499683,-3.7191318734644701,0.3353896380967891,0.3130647210837817,0.3333333333333333,1,5
-0.91197932000725346,0.33543320215983891,-0.23617427202789515,-0.33840960222867439,-0.94054933736213631,-0.029084104027441469,-0.23188932920369609,0.053399540039640384,0.97127536163799433,9.673141340180111,5.8466324258683802,1.528138218552501,,0.08856048647505914,0.2941176470588235,0,5
-0.96331066944639598,0.058637587354764445,-0.26190492068678406,-0.057441729526458395,-0.99827399219317636,-0.012226373939552237,-0.26216979581894545,0.0032664751511268034,0.96501623214345011,-12.522290763238427,11.353059239460462,-6.9149311510289984,0.4577346244936825,0.3796990685157731,0.3157894736842105,1,5
-0.8173163745452946,-0.46015767371490646,-0.34676917282454817,0.52054043042092035,-0.84772688888445979,-0.10196461229013506,-0.24704575324692099,-0.26384472172768675,0.93239174096465527,-13.212957956126967,5.0929291259043721,-6.5768320337257551,,0.1419755997215523,0.2352941176470588,0,5
0.81391895719563245,-0.42242814890144753,-0.3988613670603719,0.55275602478000818,0.77442616390159513,0.30777409529403388,0.17887623706623365,-0.47097619438816052,0.86381984008974244,-12.123476345169385,9.9898559003889886,-6.6830044195671316,,0.1783998744017109,0.2,0,3
0.82813850522998111,-0.45533784181997311,-0.32688540187989856,0.5478092138485362,0.78098002446700177,0.2999587748444299,0.11870838798544306,-0.42747824645267229,0.8961978952394648,3.5246789586225602,-15.444331980088464,1.5835284990078631,,0.5946509832051814,0.5714285714285714,0,5
-0.92679236037752721,-0.25493403136975179,-0.27579804276937697,0.26606378805476694,-0.9639505892101099,-0.0030532355676897624,-0.26507731217854319,-0.076209587395878783,0.96121075595165395,-0.4298037527383245,12.153933787067222,-2.8371154123569871,0.3843278226661548,0.3328959506486113,0.7720588235294118,1,5
0.79478112911720544,-0.51526062431857611,-0.32067030705385008,0.58071884846638178,0.79917930203508891,0.15517107409110542,0.17631952766230666,-0.30954633292213135,0.93439418445290079,3.2479913574610886,2.9259119865989964,-0.19380410484620095,0.5027749937149579,0.4258462348632943,0.9511323003575686,1,5
0.77660579781948869,0.60923433711498209,-0.16036507497963925,-0.58692413570208635,0.79218415989533975,0.16722534419541565,0.22891809391901743,-0.035746038815294201,0.97278914826672513,-7.025629614537789,6.7683921379227936,-4.4833813060205907,0.2455147804133975,0.1544963707331256,0.3,1,5
-0.77995311024529246,0.61936406329606863,-0.089784758818402519,-0.61076627972259745,-0.7845911587063702,-0.10668301286341024,-0.13651995228725095,-0.028370244573848853,0.99023099923720204,-2.1752972231231458,6.8502257294662927,-2.7883929774706577,,0.5067496982833231,0.163265306122449,0,2
-0.013843695864093473,-0.93036482668829112,-0.36637363625961133,0.99227248497182574,-0.057966293536991273,0.10970517025839324,-0.12330315345789893,-0.36202375346771232,0.92397788624646637,-6.3795771533447345,-13.744607623117624,-1.591564973258188,0.3444822758740902,0.1685599880748281,0.2727272727272727,1,5
0.80639435400440995,-0.50063252607755382,-0.31479393206194034,0.56244989729735517,0.81370934396237393,0.1467215613961291,0.18269717802967061,-0.29537125347861881,0.93775133364792618,-9.106886532608911,1.6104345372405671,-4.5496339762296483,0.4494756348813319,0.3636891665016442,0.8456889605157132,1,5
-0.67385789748411051,0.73759617340076966,-0.043213643480228429,-0.72966951713635986,-0.67353254672599039,-0.11805212519389204,-0.11618059115139057,-0.048018678504765981,0.9920666695108602,14.385631377988901,-10.696979602904614,4.4060944936712847,,0.528071887066221,0.3448275862068966,0,2
-0.73639615679819681,0.63068900087014557,-0.2448511475044832,-0.6560279065180451,-0.75411766817286274,0.030560242457721844,-0.16537256762352062,0.18313363080259476,0.96907893752091334,2.917347906998236,-24.096741556441156,2.2161971795691211,,0.1487949341367947,0.6818181818181818,0,4
-0.31888101307718608,0.91865586218296769,-0.23320871848139998,-0.9472544937782178,-0.31720789513179537,0.04569546238993244,-0.031997242316195586,0.23547942190969748,0.9713524686442272,-7.5922822944111701,-13.13354896969734,-2.0497210273741557,0.2587351670043197,0.2071135838603963,0.6386554621848739,1,5
-0.67898393977143234,0.69280577143222188,-0.24290115809248261,-0.72196667880972865,-0.6901412498756081,0.049690742684980006,-0.13321007552327099,0.20910575862548264,0.96877750670045348,-20.087669342410692,4.2317422143364629,-8.782136325990141,,0.07816423508181666,0.303030303030303,0,1
0.96260872594195823,0.066036129636171337,-0.2627235625578242,-0.0181248116159053,0.98336002185359683,0.18076105394686637,0.2702886086099231,-0.16924035276129848,0.94778783018824586,-16.127371063683061,6.2832668530651947,-7.6937414492078187,0.4143723750073126,0.3494531300895845,0.9323943661971831,1,5
-0.61169030388685408,-0.72336583254528952,-0.32027620023484005,0.7583161750948284,-0.6514771631374221,0.023110268279831685,-0.22536980880401219,-0.22873429610899246,0.94704227522490547,-4.1527476020505825,23.803715722836987,-5.6813406149475298,,0.1346026639724355,0.1875,0,5
-0.49424034804937056,-0.79215600791938034,-0.35807169320859256,0.84598301275827226,-0.53308290794443969,0.011634233190813898,-0.20009802718786407,-0.29717246234254535,0.93362160811583295,-13.109590024906316,-14.447497001782459,-3.777526228209974,,0.09655960764496374,0.3225806451612903,0,3
0.58237326524672928,0.79994072018977613,-0.14469355240689294,-0.78116879268571915,0.59995012371271583,0.17272859170106994,0.2249815487096673,0.012437573692679213,0.97428363914254468,-4.4745912992653034,-12.694232844929378,-1.0841475714857973,0.4307367909856654,0.3510586479993518,0.6477272727272727,1,5
0.032952415466715297,-0.92823775013615939,-0.37052505655767726,0.99731755854127213,0.0062952387979727624,0.072925012127205507,-0.065359205473946441,-0.37193420008200023,0.92595525003597079,-14.419760521976016,10.934228576319109,-7.5363385306818893,,0.0759648262832468,0.3529411764705883,0,3
0.80879284943860885,-0.48609550312479372,-0.33100647809194084,0.55799544434880111,0.81205820812217511,0.17088753818633989,0.18572886362372706,-0.32291272576852292,0.92802594831921748,-10.540180185077617,8.7830392584096355,-5.9120731805489406,,0.08138679543653571,0.3448275862068966,0,5
-0.13405539731046687,-0.93788720259414171,-0.31999491505658179,0.98484154148608294,-0.16195660884089688,0.062106320258679341,-0.11007401425972349,-0.30681859797426381,0.9453814358881063,-13.867954482888214,15.422018234029235,-7.9783440773095382,,0.07990101474876621,0.3846153846153846,0,5
0.92535994827355128,-0.18461318162057053,-0.33109959121554305,0.29944402943992093,0.89156436358098257,0.33977383481548545,0.23246986764730038,-0.41355889394905671,0.88029926835802741,-19.903297579122057,6.5495206062294642,-9.05739145606106,,0.1520386576179843,0.3333333333333333,0,1
-0.96064774534001363,0.089956290579258871,-0.26279987663309201,-0.10510140357499269,-0.99348219810876148,0.044122749319947301,-0.25711788024117466,0.070007055545882893,0.96384096604890213,27.03751164990943,-1.4746940152850263,7.2523933440053163,,0.08882637953471033,0.3333333333333333,0,3
-0.62861926854659333,0.76702095537296389,-0.12851719429980343,-0.76292096791486752,-0.64026139918569358,-0.089537352142116527,-0.15096162402342342,0.041763557457733184,0.98765702211885609,-28.3492293107874,-0.87004439017636037,-10.784943162803243,,0.5782529559651035,0.5666666666666667,0,2
0.17869407641238375,0.95158524970150538,-0.25010785594548618,-0.97626617453729558,0.20309609154319613,0.075208603591559994,0.12236332583515319,0.23073250778856602,0.96529255997348229,-14.363052081728688,2.8040474501272881,-6.6601077361923435,,0.07238665628523824,0.3142857142857143,0,2
-0.52643405006379851,-0.71355880174353481,-0.46227808447703506,0.83136461222616276,-0.54588387278507444,-0.10413298695039377,-0.17804514166769167,-0.43914079050744004,0.88059939452683722,-15.678799906737121,7.8547745808640803,-7.6464691345010669,,0.6270367673225796,0.6582278481012658,0,4
-0.93329744741486254,-0.22484926786790413,-0.27999764532611504,0.24151024350674957,-0.97004931485876478,-0.026021702929501341,-0.265760563158291,-0.09190828842551807,0.95964795085931331,10.748573495025864,21.037927759809754,-0.14142305333923519,,0.2071805546615551,0.25,0,5
0.95949794412849188,-0.084009396252569313,-0.26889796680985939,0.11863646278572404,0.98623167658982303,0.11520620551219608,0.25551728886885328,-0.14244122097239142,0.95625384373449962,-0.56328868724738967,2.7095402863416509,-1.4834604386055612,0.1760471609893656,0.1544869516001763,0.7088815789473685,1,5
-0.94709297155622052,0.2060234773043067,-0.24610816733349219,-0.20498856008097024,-0.97830118455462345,-0.030107848394596879,-0.2469708352513286,0.021934427242655999,0.96877463191229274,-7.3029877222432633,-15.766748209641207,-1.7067234221455028,0.1037999874990727,0.1306396948928718,0.2,1,5
-0.82083756369522365,-0.47474251006473395,-0.31756140062093186,0.50347817438428222,-0.86395211766256408,-0.0098217261743603502,-0.26969505361715934,-0.16794727602378581,0.94818684368147099,-15.071754184099058,-15.83960008595152,-4.2378762325453181,,0.09089758585507661,0.3333333333333333,0,2
0.87211333610943864,-0.36753046893155694,-0.32301653732745228,0.44493800331141264,0.87035031651239203,0.21099881458443123,0.20358905223346613,-0.32773721325740779,0.92257239112004097,-12.459063487648777,15.948228065893753,-7.5748820651229112,0.3549477136384215,0.1060491113869263,0.3,1,5
0.63730954659373862,-0.6940770026238674,-0.33480390715932867,0.76136849341570367,0.63421120548622745,0.13451454965768242,0.11897293412531326,-0.34063655303618762,0.93263721761531659,-22.231037849888988,11.673346118185904,-10.486130122279903,0.2300103644292008,0.2897020706471665,0.4,1,5
-0.49580571014500918,-0.78971835559687176,-0.36127775550257357,0.84425991907061604,-0.53578710898872473,0.01254443671047053,-0.20347453609354091,-0.29879272527101236,0.93237386304349035,-11.058798993092978,2.9568549070559964,-5.3816481513143115,0.6475505385426651,0.7790349732041573,0.6964285714285714,1,4
-0.41820401705732257,-0.86162257483975691,-0.28759683350764764,0.89017215762359458,-0.45177865112386523,0.059072668641720678,-0.18082845436731507,-0.23130626648495287,0.95592807322304285,-9.6303984285134252,14.190084172533815,-6.1715017517208972,,0.07891394121358992,0.4634146341463415,0,5
-0.62876138402140958,-0.70251609553677341,-0.33336205164242788,0.7378457021593865,-0.67432916643771834,0.029392092411640817,-0.24544417240668798,-0.22748914436337242,0.94234062176498434,-1.3440555834785317,4.1505697855484165,-1.9928694584119526,0.5948649528226521,0.4982208744287269,0.1948051948051948,1,5
0.04440913175343808,-0.86981595420375257,-0.49137362040459637,0.99787557029386642,0.015153120827938115,0.063361890280076022,-0.04766733921246559,-0.49314357822219335,0.86864102829109702,-11.110261215150294,22.402710620647291,-8.0719786292505091,,0.5776964691424084,0.7142857142857143,0,3
0.94898090553865821,-0.11424035725080733,-0.2939122006624354,0.19648896223920267,0.94322585627295041,0.26780043274109983,0.24663197003062895,-0.3118880004638957,0.91755029645542774,-14.959483477217491,-17.973344047672995,-3.8751016822262878,,0.1967696222434676,0.1111111111111111,0,1
-0.032264364513477702,-0.9538097764931438,-0.29867360286546923,0.99597681025194296,-0.055677765808404799,0.070215239335559204,-0.083601460650558471,-0.29520653221208215,0.95176882651009831,6.2265243369603471,10.722653156147775,-0.52132572540827715,,0.07956644909593871,0.2962962962962963,0,5
0.68570460938234745,0.70271065114747289,-0.18975491939788247,-0.68397064739625468,0.71123461665523158,0.16226359287170483,0.24898462236080154,0.018521901500125219,0.96833031399035974,2.3725273040789094,6.8343323360960442,-0.98983766014327612,0.5754777587078078,0.3108671525729015,0.3846153846153846,1,5
0.84817127989990926,0.48520437094028657,-0.21256104622764604,-0.46538013742130413,0.87420351515928096,0.13852632160310333,0.25303519053024809,-0.018572358590092469,0.96727879117125437,-11.140331718199432,19.166835513001278,-7.4571267840505477,0.5084696370853359,0.3670535865037273,0.5041322314049587,1,5
0.42580675468039642,0.8849536975779253,-0.18853530388685377,-0.88783311431498979,0.44882390175352266,0.10153554225241763,0.17447340426064034,0.12415336627697213,0.97680344637383454,-14.955795278246043,17.377251698048219,-8.6769407367123694,,0.1363063205412282,0.2352941176470588,0,5
-0.91171411659968715,-0.28056432979751444,-0.30010169349426197,0.30787319661719287,-0.95026979511332532,-0.046919199694698169,-0.27201372097297549,-0.13517016438752752,0.952752623854632,-4.0697974179656082,-11.031328725316907,-1.1403244937758779,,0.06894240759738682,0.275,0,5
0.13589091465495912,-0.9243079195669488,-0.3566350082928732,0.99028362400963843,0.11599530585696165,0.076703539928006395,-0.02952970254804408,-0.36359312265906402,0.93108970449815143,9.0134857377764455,12.174651364504964,0.4075838252662462,,0.2858834851584562,0.45,0,5
0.80940078010717564,0.55931314703898949,-0.17899491811567333,-0.52501290637018716,0.82574457131949186,0.20617310950053008,0.26311941263734995,-0.0729020334814479,0.96200492109325786,0.20605555028772987,12.794574206276556,-2.6551614438182831,0.1257110176095769,0.1071917470559968,0.3636363636363636,1,5
-0.68272379203140243,0.69285733764542079,-0.23202787217306717,-0.71384645916710554,-0.70023836403987372,0.009458660652918699,-0.15592131518444879,0.17208992764732067,0.97266314840929968,-7.1257157588263889,-12.226363565531477,-1.9819762515715631,,0.126634253555238,0.2592592592592592,0,5
0.49971853642334152,0.84614080785111356,-0.18527578806735717,-0.84288691951621708,0.52430044447946655,0.12104001333070993,0.19955707269695511,0.095680599954750006,0.97520366976797368,-5.8960927725646508,-17.318127282168117,-1.0366742923180898,,0.07431018972638603,0.2352941176470588,0,5
0.92820983840569926,-0.2076478617788014,-0.30872133289676806,0.2890444933067759,0.92491729395348798,0.24694388073970658,0.23426433099363334,-0.31844994087681811,0.91853680295329276,-15.560711017673349,4.5625777693129574,-7.2519637912916792,,0.1467930528470308,0.1621621621621622,0,3
0.25323273952891057,0.96711338088965326,0.023767375430767224,-0.9566820693470468,0.24670227756489957,0.15458785344956236,0.14364051594357025,-0.061884527536980982,0.9876931241185134,9.5574574520531481,-6.2436296449833319,2.678503576793926,,0.4786416194142729,0.2872340425531915,0,2
-0.82112823099848453,-0.46680773988974089,-0.32838843194657602,0.512552343947551,-0.85623121408750569,-0.06448412778433936,-0.25107473582814049,-0.22126599829451324,0.9423390234027037,-9.144667817353854,-10.402697777069456,-2.8533864421670909,0.1785113138823943,0.1797577598742038,0.2333333333333333,1,2
-0.92437875950119619,0.32465707325658127,-0.2003040033736227,-0.30250720367194889,-0.94373794031716407,-0.13359675045634556,-0.23240761758085199,-0.062900594515376246,0.97058240994776146,9.2791224439565809,-16.068733251642243,3.3880274518383446,,0.5932743242839716,0.3863636363636364,0,3
-0.23776976342845199,0.96532602752078989,-0.10775527917513299,-0.97097958241650717,-0.23916239363546313,-9.0738435972922252e-07,-0.025771886416121787,0.1046279602280802,0.9941774488536077,-8.1496780083196096,-13.935701643083263,-2.1703682758730678,,0.3512461756517886,0.1555555555555556,0,5
-0.014522508696970794,-0.91488403792320905,-0.40345544226651658,0.99580990609932774,-0.049667963863367762,0.076783619868537101,-0.090286918518660372,-0.40064983529135689,0.91177189133325098,-20.539521325792617,5.3717704078624493,-9.0015791997561845,,0.1852252465801379,0.4545454545454545,0,3
-0.73584961724749742,-0.60738558540273724,-0.29934610644150317,0.63580275632891137,-0.77184501946330353,0.0031813478675013257,-0.23298110618947804,-0.1879840859612032,0.95413929149996757,-4.6275475477507584,-23.385750223672058,-0.086581153324684801,0.2536771219440236,0.1753216100782895,0.5,1,5
-0.70664118576233226,-0.64744652305531714,-0.28543166321903701,0.66480464253645399,-0.7456321237767789,0.045470025886385997,-0.24226642740252471,-0.15762530182591769,0.95731982240936908,1.0574123671354951,-16.921976739614621,0.95411251032299171,,0.07962579992492552,0.6153846153846154,0,4
-0.96650502853223486,-0.12445782953113999,-0.22445106034568529,0.13909810813606477,-0.98898621662899144,-0.05057647309611947,-0.21568436692276158,-0.080103133436043195,0.97317200015149219,8.888551449450695,7.5717746874838161,1.1441504332004133,0.6126517574682059,0.363657729505333,0.3055555555555556,1,4
0.95913091198769784,-0.06305346190890726,-0.27584806435961867,0.12673376867218361,0.96733636923982402,0.21954248022662895,0.25299495162511021,-0.24552924405702925,0.93579321688340489,7.6145055701308264,10.805962233744589,0.038652509704057092,,0.4891841696080128,0.5625,0,5
0.68481365912700687,0.69362050911246087,-0.22342972410055609,-0.68677495425846147,0.71683230329669489,0.12038110795986319,0.24366044914258903,0.071007311517382959,0.96725774601949077,5.0296342775426437,9.4466600321107048,-0.65142638690468702,0.1155292032248603,0.08546938552852454,0.2857142857142857,1,5
0.067885787292262273,-0.95382633703611364,-0.29258646356244666,0.99624006005751442,0.04898471092524543,0.071457965491397185,-0.053826226138466098,-0.29633733627715453,0.95356537295974131,-15.243356141303749,5.2533098809868246,-7.2705306039553195,,0.07697378287817991,0.1875,0,4
-0.032461315768745211,-0.91693227688867807,-0.39772033211580493,0.99740724992649377,-0.055290093715202257,0.04606281939952394,-0.064226480307041645,-0.39519388296975011,0.91634968985134746,15.832324053536047,2.9180504419244864,3.6135659629366024,0.7917577545495712,0.4825498277924961,0.1818181818181818,1,4
-0.94918988392999004,-0.089287209865170108,-0.30177203051221407,0.15662580146738342,-0.96574177536435446,-0.2069086311172269,-0.27295956213269296,-0.24366086569368889,0.93065700447035271,-1.5333566158307788,28.578439338327371,-5.3898190058135906,,0.4768538423347723,0.2142857142857143,0,1
0.65165008170632455,-0.62098798288288248,-0.43557559174865457,0.74892531668692786,0.6177931372271569,0.23967167045859547,0.12026238413372245,-0.48239565162849185,0.8676585700910221,16.546743897995082,-7.7774810976464215,4.7727450564909715,,0.3223823176620003,0.2653061224489796,0,2
0.95480749387712982,0.19987263407698277,-0.21998540811427292,-0.12027638951556396,0.93664805907180915,0.32897416853320499,0.27180183914237049,-0.28764795077340943,0.91835854471697675,-10.494959758683169,-8.3497195260135975,-3.5299922853835892,,0.342850313857974,0.25,0,1
-0.95983157485994508,0.11492618405387633,-0.25595960642392745,-0.12520145008599018,-0.99183710397613201,0.02416104452636763,-0.25109349812020759,0.055237047305719739,0.96638549441033239,3.6952436020760873,-11.083707025741925,1.1934733638461921,,0.09671371728198089,0.2826086956521739,0,5
0.91277436309169158,-0.30624845474632501,-0.27028659983070863,0.34159059131050357,0.93513454012966357,0.094017337681005578,0.22396167085172872,-0.17814397498083354,0.95817842501662009,-12.028491259764358,-15.134131553469171,-3.362725100019504,0.2467970445594223,0.224912826510279,0.8602941176470589,1,5
-0.33933660887736272,0.91768147481248896,-0.20666730912650211,-0.94007616425034091,-0.33861089942613182,0.039993301916628261,-0.033278691139830716,0.20785420268977858,0.97759355518549662,6.8093026409821009,5.6799513560073365,0.55200456028015732,0.4751098688783593,0.108780714154002,0.2222222222222222,1,5
0.75129310484325706,-0.54846995222528416,-0.36706863407403056,0.63624648484650581,0.74970339848105216,0.18203083482318944,0.17535415916209515,-0.37030463919853412,0.91220907310363841,-7.1453920066623242,18.405295095975493,-6.0197416928902889,,0.2696776004447136,0.2,0,4
0.080269545205507664,0.9677784520864271,-0.23866643624460354,-0.99272097970323514,0.099186099213063289,0.068316719622251401,0.08978784199183043,0.23144542639701232,0.96869559616545942,4.0187418604498104,-8.4921514293782501,1.0847250025194686,0.08300269149284883,0.09406671294819967,0.4150943396226415,1,5
0.97023214996111806,-0.042533892015461087,-0.23841233863171832,0.094593786940770808,0.97281131481783589,0.21140047595641587,0.22293853559676965,-0.22765986425457646,0.9478762554012824,-7.8144458354878674,7.8619329901758324,-4.8897739734813861,,0.2513702648576392,0.3188405797101449,0,4
-0.72925278971694063,-0.54341487925262644,-0.41580119973000862,0.63647593862620699,-0.76179649181529385,-0.12068340651390821,-0.25117473646835975,-0.35265616975287112,0.90141271218864316,-2.5836463070019415,14.529023069358264,-3.9070831878706396,,0.1548714979948949,0.3111111111111111,0,5
-0.42173824983645947,0.89650576372852364,-0.13569916811247604,-0.90543518423363434,-0.42435565772544814,0.010459584514150222,-0.048207631934024629,0.12727800814728479,0.99069487374538012,-8.1894393835994101,4.5412143835754346,-4.6336592384466302,0.2317457994895601,0.1665012057395937,0.3216957605985037,1,5
-0.8662624921131169,0.46324662698589542,-0.18706110590971006,-0.4559440119244319,-0.88612844520212131,-0.0830146769789913,-0.204216436038402,0.013376890141707867,0.97883436089152043,-0.21983741178595204,14.894732704459408,-3.1954718805152775,,0.0830184826810613,0.3103448275862069,0,5
0.48290105552169682,0.87003241544867593,-0.099248005746085333,-0.85336000832019043,0.49298641313768865,0.16953198123481572,0.19642623749335755,0.0028271063262648197,0.9805145285481619,-10.171488833578177,-19.195771264085451,-2.1672545490700235,,0.06521654041064821,0.1333333333333333,0,1
-0.44443484403887956,0.8802254054252,-0.16637579465829316,-0.89516527680325375,-0.44343903708496429,0.045176847996662675,-0.034011712833824266,0.16901199967221742,0.9850269779843126,-10.943402656645612,16.753763267141444,-7.2061656871126827,0.4265675869443522,0.3027375833636323,0.3125,1,7
0.19203753474012966,0.97695730381602031,-0.093145111366435288,-0.97245206185425104,0.20220861523005967,0.11596837207686453,0.13213089209700324,0.0683088753184668,0.98887578841145485,-11.858281077602799,-18.119489195801908,-2.863641514834955,,0.4639638844553262,0.3928571428571428,0,2
0.63569335755894574,0.76304597679391262,-0.11685372246556035,-0.73780574197976645,0.64509837078077614,0.19872287014250659,0.22701683254138083,-0.040111461137839949,0.97306445235054528,-12.244079193403925,6.5315427561773314,-6.3817615678967465,,0.1026772547202418,0.1875,0,5
-0.96398699866350923,0.030827041579091115,-0.26415669576068085,-0.038716688458747636,-0.99894460714760924,0.02471214044751734,-0.26311610449097994,0.034049454594611825,0.96416313464024417,0.30367325084420854,-7.9645649134414445,-0.16924493448137315,,0.1423648300748922,0.6193548387096774,0,5
-0.83567244264373208,-0.40013297027083394,-0.37622489910703583,0.48784126135789124,-0.85546150573266555,-0.17377144738519001,-0.25231423329372688,-0.3287540392327401,0.91008697901110414,26.271712786517607,-1.7721901628636798,7.0299092438541217,,0.466103342934251,0.2105263157894737,0,2
0.71554829714001966,0.67415279117714177,-0.18305367684941054,-0.65395158952772348,0.73858771464398798,0.16381546426127305,0.24563784931110169,0.0024903664472106387,0.96935847087688676,-18.97233719296565,-17.369708989188002,-5.2271702115591747,,0.3353667974031497,0.3,0,1
0.44864072934385169,-0.83967640946495636,-0.30604742011958797,0.89162552144124096,0.44391812498095806,0.089110200471244946,0.061036263716349695,-0.31285815588127047,0.94783666779151277,19.082507046764555,0.094812507209263694,4.7705792210718752,,0.07165549836335421,0.52,0,5
-0.73813964205349047,0.62691385879789208,-0.24925665984338813,-0.65666969203629721,-0.75235890520474558,0.052354496655708224,-0.15470870819091179,0.20232422347868884,0.96702126357368468,-0.81953840672435752,-6.0716690068806534,-0.76140058921781928,0.09777754228756078,0.07356410546552097,0.4146341463414634,1,5
0.59010022878315072,-0.69502425157271797,-0.41075906528749484,0.79757712786964674,0.58072115060936591,0.16319825469085139,0.12510973219249888,-0.42391536296850313,0.89701913020292035,-2.6684452673282961,8.3644565836854383,-3.1368206337033455,0.32223261347026,0.2680225024400745,0.4736842105263158,1,4
0.74631138880700032,-0.59712814381899149,-0.29403620660771068,0.64993504441670324,0.74905386055750045,0.12846303757487257,0.14354006052675555,-0.2869778629845704,0.94712193363937269,-12.317062336189139,4.6161794694401621,-6.1457013351607523,0.497196050481598,0.3239284954441801,0.7787610619469026,1,6
0.21543267184111842,-0.87977279848778966,-0.42377893640949282,0.97646240490751768,0.18941849641480041,0.10315912474514614,-0.010485022919638754,-0.43602804526420119,0.89987199536237128,3.9209162588032953,10.608013134700444,-1.2260619893004365,0.7420156931722766,0.2570722137792646,0.4705882352941176,1,5
0.38202544599289184,0.89692117009662475,-0.2226858173446071,-0.90719691725247831,0.40991164247658068,0.094690013674910423,0.17621098700573359,0.16584589230564517,0.97028079856493699,7.6026351509100971,-7.9441880529075766,2.2340133066246106,,0.1198356967225396,0.4583333333333333,0,5
0.59890165079022972,0.78760550715762112,-0.1448943676466567,-0.76986564880079889,0.61606775719195972,0.1666355344606727,0.2205078127352024,0.011750899687065825,0.97531442154788295,4.3171013977355024,-14.294221243114704,1.7604347114221495,0.183642868639613,0.1218275796039982,0.25,1,5
0.90739258738876272,-0.28568069445421812,-0.30826163103455423,0.34995798683328527,0.91974548080706953,0.17775730079681099,0.23274041291430719,-0.26917427691205825,0.93454647227698073,-10.964632162004124,9.8335390805936775,-6.1508311086741401,,0.0718500586009215,0.2173913043478261,0,5
0.86982343882663404,-0.38087599602590033,-0.31359314552312534,0.44932026014365445,0.87407241545896053,0.18468545248118093,0.20376086251350756,-0.30154748910415113,0.93142397581484571,-9.2901936329318051,31.912955788657868,-8.2137078172844724,,0.2321822460004776,0.85,0,3
0.68290677327828031,-0.63397457928273204,-0.36292502233096402,0.7182653983711097,0.67330063651535832,0.17538834160458069,0.13316589846292859,-0.38045037217920669,0.91516356887458339,-16.074490913085889,15.866026018041307,-8.8584269139544709,0.5217739320424865,0.4908884695478779,0.9279279279279279,1,5
0.95975547293504382,-0.083616302366135695,-0.26810025391603975,0.11645851887748587,0.98719492731872727,0.10901187484414254,0.25555204079031013,-0.13584730197831571,0.95720356507543347,-13.267002317288481,-10.586350714117923,-4.2497348134841522,0.3157526681286057,0.3393926426628343,0.9245283018867925,1,1
-0.41959210808321146,-0.85856367238288478,-0.29463686683560086,0.88916960120109689,-0.45403959904113889,0.056793158060130897,-0.1825373472311014,-0.23815218446819877,0.95392015069336689,-11.348087239983311,7.5518480826839447,-6.1156325962871287,,0.08146361886463535,0.3188405797101449,0,3
0.14537951248686312,0.96562048239554887,-0.21550378494882716,-0.98276981863089374,0.16607049520854519,0.081142308380955055,0.1141414952472737,0.19999418641394798,0.97312591398201931,6.6999624131286692,18.299444296494499,-1.1123539844154238,,0.07922745164763539,0.2307692307692308,0,4
-0.96713281424679864,0.031209137836642233,-0.25234918133919554,0.0082043896040353073,-0.98809202387514483,-0.15364517677280781,-0.25413934681251932,-0.1506656632076985,0.955360167859165,-6.1730154807734099,1.5832505250674889,-3.4868667255691554,,0.2461226589506854,0.1590265987549519,0,4
-0.83829183919152739,0.52985965414486946,-0.12851279801780782,-0.50770916564017121,-0.84453959447498728,-0.17024769158195757,-0.19874152930338382,-0.077470125038646018,0.97698525283478488,-19.550872129382018,9.895700792917852,-9.219104323502668,,0.3804586095405433,0.4583333333333333,0,2
0.69620391442054796,-0.63051201790188693,-0.34315405407309207,0.69995533939575039,0.70231959301007552,0.12965227389268588,0.15925649875872583,-0.33045693298137152,0.93028790331147426,10.664270983724274,6.6352591754459018,1.6880620213129345,0.7092333796193377,0.6200087964501567,0.375,1,4
-0.76698287470356918,-0.53090405082356495,-0.36038612449784913,0.57897219998972738,-0.81472004241049401,-0.031975680347709791,-0.27663778041060261,-0.23317834657998038,0.93225500649539139,27.103388788745971,0.26492074294394774,7.1678593395181949,,0.3932579445843271,0.2142857142857143,0,5
-0.79751461689313785,-0.39315082452926076,-0.45760557799676704,0.46437377574373517,-0.88424875374612188,-0.049609856882877078,-0.385133005912633,-0.2520646160618239,0.88777023890548756,29.993374834855565,-1.9502208784184798,8.1605404401309087,,0.3917286898524446,0.4666666666666667,0,2
0.051999084894715518,0.97278818695464253,-0.22578582438145203,-0.99503394411384849,0.069684591270432708,0.0710739600747856,0.084873701647516522,0.22096877847554056,0.97158080143016212,-2.1201542613070417,-7.6382436031723042,-0.93099151675829672,,0.07261532752552882,0.2467532467532468,0,5
0.098795696156012858,-0.92996269458102776,-0.35413104510709514,0.99400890402913022,0.075506680005472601,0.079025565390950916,-0.046751568228852881,-0.3598167977765156,0.93185093384403361,-14.321345510097274,-16.564033590573239,-3.9106230150567933,,0.09119200213939219,0.25,0,1
0.87994774100694872,-0.37681744972147929,-0.2893105298501395,0.42585793349394413,0.89557492667511629,0.1288043911950528,0.21056351435383014,-0.23654631744388044,0.94852983407307934,-17.12977396936169,-13.115351176751826,-5.2748739363260357,0.4606129993107052,0.4111700449586344,0.859375,1,1
-0.6703543589688451,0.7397442049370565,-0.05833990635500854,-0.73052972909748948,-0.6717069064051715,-0.12302904857123692,-0.13019734373718231,-0.039854023004421112,0.99068678629229001,20.908966999273947,-15.538303808874145,6.6989566270342422,,0.6952508385676577,0.3809523809523809,0,1
-0.78868157072946377,0.58595790848900109,-0.18610402862620387,-0.58958802110837849,-0.80665271034594344,-0.041199153596298776,-0.17426228897043064,0.077231692786967246,0.98166589034765139,-17.464000641243821,10.979344377002327,-8.6005820435304265,,0.09239892735336327,0.3846153846153846,0,5
0.73454777442137986,0.63865939996167398,-0.22924602053949122,-0.63288943433469391,0.76667415628198021,0.10798936057235586,0.2447254196035015,0.065764039793106271,0.96735958157759605,-3.0278529588316685,-12.75658016074506,-0.66902909839940061,,0.07629536853869759,0.1111111111111111,0,5
-0.76504369946081985,-0.5769083865774004,-0.28615529247589311,0.59005388636653944,-0.80597293651377666,0.047371265458117422,-0.25796230170132639,-0.13260595425553579,0.95701155259324489,11.382747742512771,9.312458760765157,1.4465076735565885,,0.1046940394585117,0.5681818181818182,1,5
-0.56309457684562991,-0.72458492503455052,-0.39736781945662847,0.79809812076341768,-0.60156625161659838,-0.034021089780563216,-0.21439190087534218,-0.33629560111400558,0.91702856090223661,1.7555412934753503,-15.61033916787588,1.055591165383239,,0.209025116144751,0.125,0,1
0.17633125449214401,0.96986475059322486,-0.16813582082937911,-0.97669514724559781,0.19362672118302532,0.09260281956188908,0.12236779819923024,0.14788866893935237,0.98140463803836753,-1.9703395709968037,-13.888370061057788,-0.30761418057737699,,0.1078223659488602,0.3823529411764706,0,5
0.54626772771553544,-0.76834392861170964,-0.33352537687862627,0.83013833765572442,0.54969205987938741,0.093321914145320886,0.11163292529848054,-0.32785095191425057,0.93811078413917803,2.1769040207862909,-19.502044862112481,1.5690993494550904,,0.08579507817930329,0.3684210526315789,0,5
0.96516182838985998,0.040247540930763819,-0.25853970772044449,-0.0095291606666387235,0.99285020756324027,0.11898596740214563,0.26148009506678666,-0.11237704743701701,0.95864464693295315,-4.5903192991123705,20.337791526487525,-5.4083474748798102,0.2733560823055523,0.2161132863683341,0.7391304347826086,1,5
0.31291408035336299,-0.89187232125442439,-0.32657088188761618,0.94972775898266126,0.29747431550267633,0.097602333138034875,0.010097630136957197,-0.34069457611834769,0.94011980282789376,8.3953709065267255,-15.482811847342798,3.0860090422666553,0.8239523426939357,0.2663182897943476,0.3214285714285715,1,5
0.92376149518160278,0.28945771364781425,-0.25075671881253608,-0.26248750272994398,0.95533194035317981,0.13579836026854677,0.27886378562023267,-0.05962479141102537,0.95847789401672912,8.5722290421419221,10.34839585055262,0.37765677315267393,,0.09365457483813618,0.3846153846153846,0,5
-0.22199252376856116,0.95670860233333699,-0.18822319095228007,-0.97503292551996545,-0.21672716840758724,0.048374875979254481,0.0054875807824327875,0.19426266933053055,0.98093419848720431,18.803484903906945,-1.2055594848739968,4.8240597915056798,,0.1696329109555845,0.36,0,5
0.72999872708722924,0.66125681988298579,-0.17274627813433133,-0.62803507393388236,0.74872760860742604,0.21208232839599547,0.26958079375186639,-0.046329108206874657,0.96186267698298178,9.9565319203269347,12.019882867533436,0.71872816827244934,,0.3330185119567155,0.2692307692307692,0,4
0.86554193978380456,0.42855076439940876,-0.25919373605079848,-0.41581329931989275,0.90336078806808806,0.10506467860184146,0.27917100598735878,0.01683831683053218,0.96009375610005943,6.2675487587456766,-16.718243190568383,2.5411155049509047,0.2329990937646686,0.2696612155350623,0.8333333333333334,1,5
0.95035718384272216,0.20080142031602036,-0.23769731323176424,-0.16631268035967414,0.97343203688804913,0.1573853929421821,0.26298539022179807,-0.11004026153664462,0.95850395167199776,-7.758903291278477,24.320408594983903,-7.0312913880704029,,0.1560912545385181,0.3333333333333333,0,4
-0.53962205434976762,0.8039545602925583,-0.2499301971433959,-0.83743584548413996,-0.54311470092565639,0.06105429007612391,-0.086655889341701348,0.24224674739454211,0.96633703759049028,5.2536829279650554,2.6662355747615094,0.45830067773084127,0.2309627395099438,0.1570880127922207,0.6605504587155964,1,5
0.76351496886776404,-0.58895512753298196,-0.26490894674862758,0.62856821939440954,0.77185207224308194,0.095636667347849452,0.14814481388897835,-0.23953337205214317,0.95951908672580888,10.899473865095437,-7.4045443775728357,3.0872170426919032,0.260177160316558,0.1534928387727428,0.1896551724137931,1,4
0.5366576773578442,-0.718101259895359,-0.44309041726219223,0.84059004308627649,0.50073589178835187,0.20657189097052417,0.07353174006575651,-0.48331578415320137,0.87235252965259391,-9.7831412608226476,6.53235586045533,-5.446992437562078,0.2903426961856994,0.2198441401712624,0.4117647058823529,1,5
0.95475141442830225,0.156273935301696,-0.25303792955301591,-0.12445755931462567,0.98267999308680953,0.13729656629484441,0.27011118558216385,-0.09959160773995733,0.95766458590216641,-6.8538762385977687,15.354915365180252,-5.5213988432733263,,0.0942572172138659,0.2903225806451613,0,5
0.95227046839899265,0.16543683838379933,-0.25653773118342266,-0.13991847093391063,0.98347961122116001,0.11485066740683338,0.2713001594298865,-0.073474531763402948,0.95968625950123365,-4.5454585552391844,13.546292774186636,-4.3751167860719109,0.6702035464191816,0.5542355567729993,0.899641577060932,1,5
-0.48481144947984012,-0.77824057940940305,-0.3991233631520133,0.845797206256656,-0.53335583814416765,0.012595070701239655,-0.22267677099709615,-0.33147119102276429,0.91681072483924264,-14.565621672214894,12.773696468799335,-7.8129615513443884,,0.4609067040242286,0.3552631578947368,0,5
-0.7137098154363235,-0.5656096171012841,-0.41316347901573852,0.65608750041492658,-0.74639546865005202,-0.11154817872992803,-0.24529062588925782,-0.35068442426376562,0.90379917206736149,-19.698096334724273,-16.597560357337848,-5.6665862610445634,,0.2731858348398133,0.1875,0,1
