axis_00,axis_01,axis_02,axis_10,axis_11,axis_12,axis_20,axis_21,axis_22,location_x,location_y,location_z,dbh,dbh_approximation,score,reconstructed,number_clusters
0.26534907742243941,0.96275520352981891,0.051887235302333148,-0.95049332042261159,0.25218420884490445,0.18156423833252586,0.16171677384569899,-0.09749637370450745,0.98200923731470713,-10.848899842978444,31.309360636644328,-8.7689654465427385,,0.2137798023952228,0.3636363636363636,0,1
-0.96599604317684906,0.23119448539812054,-0.11576162787456967,-0.23081344284920238,-0.97285173771361999,-0.016871604182420279,-0.116519522685128,0.010421436997293629,0.99313372437156844,3.6394784295716356,14.861934940830979,-3.4421188915034526,,0.4067587819318697,0.1666666666666667,0,2
0.84275088154050237,-0.47471627775061592,-0.2538019056297775,0.53443406654623871,0.79428976986596844,0.28893596176508973,0.064429652936802514,-0.37914142100918891,0.92309295452710316,1.0686690065069278,-5.8610309799392999,-0.36105209857607179,,0.2065835104307519,0.2051282051282051,0,2
-0.8719302839273072,0.47538121986193332,-0.11726156988982366,-0.47643158591478524,-0.87896740178574018,-0.020718362405056281,-0.11291821780903263,0.037802148095116624,0.99288492469481415,-11.69929758808836,-3.7257944774604486,-3.1266103815924868,,0.08897041872473736,0.2258064516129032,0,3
-0.66611268274727009,0.73349222030836814,-0.13521485358619251,-0.74420542002336909,-0.66566606601529643,0.055199468870268928,-0.0495195586720589,0.13739669320191,0.98927749494573325,7.1165787429804634,-11.904502570708889,1.6031859140820073,,0.1247171088007904,0.1052631578947368,0,3
0.0019429457525631595,0.99101744624878407,-0.13371853346616272,-0.99363319844273168,0.016976257167631643,0.11137716841904767,0.11264675722926544,0.1326507743027425,0.98474081877548558,-11.785335700785902,-2.0257832179818576,-3.3631569714520517,0.1264786436733303,0.1058614473079619,0.4125,1,5
-0.91159203337536754,-0.36044497208223308,-0.19768506971241354,0.36078066468981007,-0.93197066160106712,0.035608958154487731,-0.19707175513640282,-0.038860108279668217,0.9796186070670313,5.2530894767047043,5.8828268100715944,-1.6012210187945455,,0.1190639957899026,0.3061224489795918,0,5
0.77595391648505674,-0.58613623461399766,-0.23310906023581934,0.62602705431321359,0.76090640904965701,0.17062111221966875,0.077366961678888541,-0.27832669857503978,0.95736544856230144,-10.806190611846555,0.91058951525874032,-3.6505951308138598,,0.07807910350917899,0.2641509433962264,0,4
0.65941843108824005,-0.69725217198714107,-0.28108137860829552,0.7507698885243318,0.63011256540835214,0.19824915989650088,0.038883251230928201,-0.3417565852675275,0.93898377472669525,0.35122970807808213,-12.703870359575802,0.44401706814745123,,0.09831342987307223,0.2413793103448276,0,3
-0.63413519185077238,-0.73546800207873697,-0.23866163574126562,0.74152359505403365,-0.66591585417876142,0.081846399624620425,-0.21912397503360267,-0.12507155180808582,0.96764755489475196,-4.6372022794151926,-20.909564101470806,0.65513642886677315,,0.4449781278650214,0.868421052631579,1,5
0.064746937163897136,-0.93893352820266429,-0.33795216191762123,0.9922358010213812,0.024537368985826081,0.12192634126682224,-0.10618827288996896,-0.34322259124386484,0.93323218094989369,4.9065401989936381,12.546372229577393,-2.8057473271097906,,0.1821466705078471,0.1904761904761905,0,3
-0.75728026426801665,-0.54776533352507362,-0.35563990318625455,0.61513047229723095,-0.78118143998327072,-0.1066304828698121,-0.21941080967342705,-0.29951410186137972,0.92852043563112951,-16.334039146076766,8.8313956412346606,-6.1002076214883925,,0.4559009195286012,0.2580645161290323,0,2
-0.65992176556983573,-0.67289358066150051,-0.33424166770726832,0.72100203397399709,-0.69229104999992919,-0.029818938535004884,-0.21132754276844753,-0.26066708882124034,0.94201557230913635,-5.1371052162994912,23.784157670358969,-6.5373300855436662,,0.5616213191316227,0.45,0,1
-0.19594720191838927,0.97979703765648285,-0.040030726447769373,-0.97805546443668856,-0.19232574378706663,0.080114397971189091,0.070796910567399701,0.054850462863441876,0.99598153807075118,9.3986897223210537,10.30599468710607,-1.6748135413985255,,0.2738466562496379,0.5161290322580645,0,6
0.85054762179722654,0.50673398360754318,-0.14067484818656037,-0.47771082802124881,0.85631534277664123,0.19625595154434228,0.21991159097768007,-0.099723134640626834,0.97040928920281477,3.2521122482425295,22.106035996844717,-4.7608286569220661,,0.645207950195081,0.2727272727272727,0,1
0.96055509295852615,0.24982450407744072,-0.12215412622543405,-0.17962105424864469,0.8927093153207426,0.41328725507832564,0.21229740992778023,-0.3750437247869004,0.90237022016239277,-4.5503770348400625,12.096312055077224,-4.5266458932447149,,0.4221297906128658,0.2102564102564103,0,3
0.39089879158579877,-0.87390662513516515,-0.28893830705122581,0.91981124105886591,0.3593457082084533,0.15753711567092227,-0.033843988513629519,-0.32734977094391143,0.94429694053536894,2.0369011000672859,-6.5761732664046013,-0.090585233491324399,,0.1396306385871874,0.4201680672268908,0,5
0.91076382807286327,-0.31953722063819889,-0.26154390472897909,0.39375744681387703,0.86280895638952082,0.31704223354727434,0.12435562935662782,-0.39173545844210067,0.91163534817737102,-4.6934762037869424,-14.995813236168811,-0.15013799549663723,,0.1842359925210407,0.375,0,3
-0.98765907522340479,0.070239160817268428,-0.13998575433427221,-0.075877652140672908,-0.99649029202763528,0.03535081046166736,-0.13701143395522999,0.045536339140993788,0.98952226290426037,-9.5977655948310527,-0.53178417185074034,-3.1486593533364542,0.4712072097457851,0.1679958235151869,0.3307692307692308,1,4
-0.98214223022091685,-0.016906474536194052,-0.18737878944918207,0.020186009411382079,-0.99967440848795275,-0.015607755710054875,-0.1870539083813206,-0.019111466009131214,0.9821637273012348,-11.777121969805169,6.9032730610111379,-4.9155790360041065,0.7058788650160398,0.8910826797804351,0.8530805687203792,1,5
0.79827464446794782,0.6017190341290436,-0.026302014492880759,-0.56088379142355549,0.75859407737096807,0.33157864571776652,0.21946973485633539,-0.2499384519126692,0.94306087064281763,-3.0520678871034104,-17.153260153505844,0.43423498204008498,,0.2362000489082198,0.25,0,1
-0.32224926271520948,0.94605040959668607,-0.033823589127207135,-0.94575997843220561,-0.32018588150585936,0.054946014234236389,0.041151863571617847,0.049695309499569254,0.99791627922302417,-9.709036931296362,24.715442015953453,-7.5584428215185167,,0.2630685027168195,0.25,0,5
0.53321454687041936,0.84021065551927021,-0.098632151743999447,-0.82485283698631917,0.54224585005411186,0.15996010569736874,0.18788306023000914,-0.0039360450926637499,0.98218351810017379,6.0811486082339794,-9.0834506124554704,1.0173627743839273,,0.278172082218999,0.2708333333333333,0,3
0.93915457661724444,0.29977119730787138,-0.16770781282781455,-0.26959016229141614,0.94582446533498443,0.1809343117528511,0.21286104766859523,-0.12471291047199243,0.9690907410284304,-13.747477926455259,-5.0514387766107181,-3.3295005282981709,,0.126281773397353,0.25,0,1
0.32934820627220707,0.94420803317037683,-0.00097422882803246459,-0.92943847811617786,0.32437789410865703,0.17584964376056117,0.16635466456448791,-0.057010278986884017,0.9844165549539865,5.7311867360517406,-10.970138470573826,1.2300880195354003,,0.2924159632194162,0.2608695652173913,0,3
0.44918890009883161,0.89329501960298785,0.015916657328106751,-0.87336980896992966,0.43527565825851861,0.21854125035663671,0.18829367702562624,-0.11206743184400943,0.97569789479738966,6.5035370835880641,14.414268679710881,-2.9266472971338247,,0.3794107579894663,0.1904761904761905,0,1
-0.07689970154774331,-0.95580954039949251,-0.2837508738016119,0.98661202290380967,-0.11399960085021763,0.11662249897700927,-0.14381638350173981,-0.27098378823704805,0.95177971944624806,-20.147699299508218,7.2373918966975355,-6.4550939833594239,,0.3437640907924545,0.6756756756756757,0,3
-0.023478218905021702,-0.95332619610397484,-0.30102813333469763,0.99360052040831925,-0.055528654877351251,0.098359414047806348,-0.11048429336952686,-0.29679240608451662,0.94852911848250532,6.9456358831556777,-15.78683794239198,2.1496295632315503,,0.1556010497258554,0.1428571428571428,0,4
0.98025804017421447,0.12608971210398809,-0.1523008836984914,-0.078998838368291247,0.95588619572593703,0.28291476518035458,0.18125495361580773,-0.26529788035739754,0.94697606963830028,13.101146900286443,-9.4159983450100277,2.3458567171182252,0.8533557452147867,0.4032423685547983,0.3793103448275862,1,3
0.80936632062253699,-0.49610904932409938,-0.31432780694789852,0.57740620281678501,0.7700125026867144,0.27144580058428636,0.10736962322108841,-0.40119391431685636,0.90967862848617065,-8.6301988018918827,10.977087701317995,-5.1110276370015413,,0.2627394409198735,0.25,0,3
-0.5721737260188352,0.80895825485728068,-0.13492134431581329,-0.8199651761464446,-0.5675852555912243,0.074189537959030744,-0.016563126542197021,0.15308010822346541,0.98807496846415444,2.5255631018769229,6.667005574420136,-2.165931568667895,,0.08230549767477957,0.3108108108108108,0,5
-0.33056287719335642,0.94377151741666376,0.0048484156897438497,-0.94363114164688655,-0.33059743381461504,0.016297400694176085,0.016983896368185678,0.00081219963174829072,0.99985543334819915,-5.3048089734411201,-11.559476084919382,-0.74932707485620809,0.5161486194829344,0.1985924610942678,0.4444444444444444,1,3
-0.94000907259287159,0.32698837573216655,-0.097270476400240696,-0.31415961246278457,-0.94085957204704651,-0.12683455201435195,-0.1329912829486328,-0.088667174441773203,0.98714307515992283,6.9671338117452537,9.4886649591428345,-1.9107201830300018,0.7492333417313596,0.6460668669992887,0.4313725490196079,1,5
-0.52212836772876603,0.84881228623451521,-0.083064254347042316,-0.85286608014461507,-0.51978153930813131,0.049463124984455271,-0.0011903577836288133,0.096668785715994826,0.99531589403392029,10.358671726557759,4.3414192410241066,-0.28965332683436296,,0.1569016634942249,0.2222222222222222,0,2
0.97318272997080058,0.12936621471178522,-0.19020976993236799,-0.10332778720237477,0.98460407079817203,0.14099004276731203,0.20552066192585322,-0.11755512008760823,0.97156680226464465,4.6698172799647901,-6.702749656429611,0.37441919289279008,,0.07293980769685063,0.1666666666666667,0,3
-0.43563985453881032,-0.82914601046664627,-0.35033528292857902,0.87460810249888665,-0.48192390344205399,0.053009606058429935,-0.21278765044217302,-0.28331297996812121,0.93512307810302808,-8.8530775710764757,-10.846189454956553,-1.5282385381298744,,0.2016781643312582,0.4210526315789473,0,5
-0.24947233365559579,-0.89795545564489643,-0.36254593421799464,0.95470202946338545,-0.29076750531523671,0.063232055092706671,-0.1621961456968827,-0.33034869082580165,0.92981834397410934,-17.670188104491693,-13.988229326121132,-2.8733377603777406,,0.3472238451877581,0.4375,0,6
0.85692814233920789,-0.45994931973294029,-0.23263873741121166,0.50524270110367986,0.83887441207774471,0.20253279670877522,0.10199986200252788,-0.29109507731740508,0.95124112827034657,18.577479619370354,8.3617579152370425,0.44370931713717637,,0.3498126896554315,0.3333333333333333,0,4
-0.96140563991620431,-0.16249765228461963,-0.22202186500275717,0.16718907082281384,-0.9859220004669631,-0.0023714115263344703,-0.21851089248529412,-0.039399517728139453,0.97503880326275849,18.876494101104235,-24.272000165063506,5.5518443916787286,,0.2798072390908243,0.2666666666666667,0,5
-0.76876082833740422,-0.53446834806078991,-0.35121271864093956,0.60107682026460407,-0.79139582554731003,-0.11135215959686318,-0.21843407461882447,-0.29670900260602623,0.92965064557496879,4.6339593587783607,18.430576286835322,-3.8998176327721379,,0.1020107694240141,0.5,0,1
-0.77916450099353851,-0.55397142563370605,-0.29328883369956155,0.58735626965851373,-0.80865594456847134,-0.032987509862190866,-0.21889562098024051,-0.19796773195506406,0.95545459558277412,-13.313613186388084,3.6180328870337317,-4.6301046087436379,,0.1104095802299576,0.1774193548387097,0,5
-0.94414493838625635,-0.2132330495272956,-0.25124092403289777,0.25242384236575588,-0.95809093632000419,-0.13543988166993975,-0.21183139315248461,-0.19129407813821386,0.95840181372132771,10.840955233314176,13.789391875390828,-1.9912333847589252,,0.7196601110610901,0.4722222222222222,0,1
-0.37467828843372225,-0.88561497268005718,-0.27441264610305127,0.9052427573632903,-0.41339939631344691,0.098165622134150476,-0.20037896700423341,-0.21162953312942795,0.95658831808136624,-2.8429871889934493,21.634103222337767,-5.7960904723129492,0.1827598787437059,0.1317392475996301,0.2173913043478261,1,5
-0.91607390322446913,0.36242940151874486,-0.17162031565595967,-0.3782641377236069,-0.92306562655156255,0.069757373740612791,-0.13313469098361569,0.12882072035870598,0.98269037649860091,-18.546504227665594,4.2242455373438652,-5.6608412396657766,,0.0779852921801501,0.2105263157894737,0,1
0.13034167675316127,-0.91809170979713017,-0.37432427079065639,0.98783435824038957,0.087954097657137742,0.12824725098463588,-0.08481938446470777,-0.38648633754261086,0.91838661951921263,1.8398796667695785,14.437177152176096,-3.6829535697771676,,0.2484677445436909,0.2926829268292683,0,5
0.18712038718978721,0.98230756601403613,-0.0076030552756816833,-0.97089760086992782,0.18611354675798811,0.15073021043633122,0.1494784577220501,-0.02082290721160358,0.98854569809002502,-1.4751743178396988,-8.9280334056220063,-0.42381329818050811,,0.09943248565012777,0.358974358974359,0,5
-0.97092490621816341,-0.12133854855786125,-0.20635353914853299,0.12724139639912863,-0.99175022088051112,-0.015528246065147439,-0.20276699319083824,-0.041333473327697351,0.97835427655579743,-2.77312183272893,-15.024555664308918,0.16411169652277735,,0.1264929407903817,0.34375,0,5
-0.93495436360289164,0.31959250585303028,-0.15401612961795358,-0.32153493844286352,-0.94681103818492274,-0.012811765363671661,-0.1499187157777751,0.037543150823695581,0.98798526835463141,6.1018082442680965,7.9056321259213327,-1.7285197849118494,,0.3092966463239205,0.5641025641025641,0,5
0.5504585629579628,0.83446486639357609,-0.025763486196684979,-0.80884925987204159,0.54069636056384585,0.23110672962391796,0.20678066948026336,-0.10637590153678406,0.97258723120424095,-0.73239698792464603,-17.124705437962955,0.85407015109326856,,0.6740520472252943,0.35,0,3
0.3868446387888359,-0.85030192794916393,-0.35684430325601496,0.92182189921514546,0.3463397236077379,0.17404936649898622,-0.024405154531734551,-0.39627695766629095,0.91780660340565856,7.4541884039740829,-4.5795029946526258,0.59327178652058377,,0.4793650081538443,0.4111111111111111,0,4
-0.96332658105587232,-0.18861356307679888,-0.19085812022200788,0.18780094293214916,-0.98194924538475525,0.022505228772556909,-0.19165777851420401,-0.014163449854603122,0.9813596143225054,-5.1943048636873064,21.061468006144885,-6.1089721803771484,,0.2876380588090021,0.7105263157894737,0,6
-0.39113034638662336,0.91790651726605377,-0.066818243736158356,-0.91969894800359742,-0.3871290548058049,0.065459452840982868,0.034218374838045143,0.087055846935565159,0.99561557959775593,-8.1420094232060247,8.6968688037441328,-4.6429886266126861,0.3473614229109657,0.3661239076322096,0.687170474516696,1,4
0.97642588711149658,-0.098852745688459198,-0.1918870022914036,0.13246776997356721,0.97630549325179417,0.17111362822581216,0.1704252824458812,-0.19249861951771036,0.96638476011732422,3.1352288174245619,13.321153005542046,-3.2126262721530479,,0.09483159951039118,0.15,0,2
0.90933797962890295,0.39920845372438513,-0.11720515892831043,-0.36479019237418536,0.90046812527604292,0.23682329047087702,0.20008136932765611,-0.17259712001315081,0.96445719439026234,2.6503180395132904,-11.66074371997116,0.74410632504745078,,0.432416556832338,0.1764705882352941,0,7
-0.69937881800563961,-0.58750837373543074,-0.40706655440577078,0.66180701635107153,-0.74740048637256717,-0.058343689277799024,-0.2699643347435528,-0.31020384227278952,0.91153323263920083,-0.7819010318576417,-4.231585536983145,-0.971074672603505,,0.6783755780612541,0.3096774193548387,0,2
-0.76909521662877378,-0.57777182943589311,-0.27326225657606024,0.59638354585576225,-0.80249255145512488,0.018231047461707825,-0.2298243111405911,-0.14894770212844632,0.96176679503890572,-3.6845802396534633,11.275790878210012,-4.2267671350541329,,0.1434856681505246,0.1493506493506493,0,4
0.78632141962465962,-0.5721091128380339,-0.23321618307300543,0.61343423096118421,0.76786680450947542,0.18460502381428023,0.073464748856333403,-0.28822167430658024,0.9547414294642248,-16.254696296823475,-4.2750204637827647,-3.9154662211785767,,0.1640403292922024,0.4705882352941176,0,3
-0.8935436379347691,0.41641249314227546,-0.16787019586971089,-0.42896656182418946,-0.90217858769657533,0.045403576274873778,-0.13254227983188749,0.11258077747488247,0.98476297280113001,6.0748657553280543,-7.9116140964963568,0.82793880684603072,0.2915124877343471,0.2489459175391179,0.5526315789473685,1,5
-0.50037822720914127,-0.80900530576562291,-0.30843483100666474,0.84200352836190351,-0.5376549073908492,0.044240917538446355,-0.20162263752154286,-0.23756602408932542,0.95021613132868277,-5.0005664400389653,-18.730842835333235,0.28247565558814847,,0.2341732601889801,0.3714285714285714,0,5
0.40561567093419448,0.91395947519678711,0.012409882780161268,-0.90249498121217819,0.39830248151344916,0.16388392876380029,0.14484038241952119,-0.07767374664738759,0.98640156767024889,-0.4346074604223894,18.240198127814125,-4.8288159586674384,,0.4857096926227852,0.5555555555555556,0,3
0.98087109318813681,0.015955510832670921,-0.19400340260412724,0.070604184788747873,0.89960572143810325,0.4309577648054928,0.18140272224591034,-0.43641146596978703,0.88127072159006592,-14.943928536067093,2.5614070547616672,-4.694474169143791,,0.7458902874517712,0.2711864406779661,0,1
0.96376806862259001,-0.13015429042167331,-0.23283249470019218,0.18583094198866756,0.95381192399755033,0.23602896991618827,0.1913582266407397,-0.27074466629081212,0.94344017021324122,-11.10580851164206,-11.409847939913485,-1.8989670965581689,,0.3985049554277493,0.6666666666666666,0,5
-0.57771995910327256,0.81523148282009084,-0.040463295375798326,-0.81569185141504885,-0.57843390919733995,-0.0078112883555084712,-0.029773350312026239,0.028492843130150748,0.99915049191878902,7.4101816941673464,-8.0258335587795262,1.0827083121529197,,0.2542493625565114,0.1578947368421053,0,2
-0.88789270279782273,0.43101686664924604,-0.16084467346556325,-0.44781614843414397,-0.88982950670053962,0.087545109553204964,-0.1053909176351842,0.14975950610542274,0.98308943886661393,-11.108253371598135,5.9681671966315113,-4.6464362835325765,,0.09484462020821949,0.2577319587628866,0,4
-0.24942969651257341,-0.93560012847428142,-0.24987442065276461,0.95353226566776739,-0.28231556788732343,0.10523373251459264,-0.16900013262758215,-0.21201490449345117,0.96254279668204545,7.3154578639094199,11.470525887153366,-2.1697126679999865,0.2153016748588853,0.11281808836102,0.4347826086956522,1,7
-0.041395220033047075,0.99873577380453404,-0.028518237699324551,-0.99154944698361858,-0.037551613030972403,0.12417556339816871,0.12294767157167361,0.033417517589307423,0.99185036148265493,-14.26865589738135,-1.5768043938400471,-3.9556656272762236,,0.182341129978674,0.2325581395348837,0,4
-0.55507943896800804,0.82107414751108498,-0.13313174198479993,-0.83149615523554177,-0.55203191799139273,0.062248737716167124,-0.022382141619461348,0.14525152600812796,0.98914156414986276,-8.6684412238396149,21.618798142642838,-6.8625440080891718,,0.1262193099535086,0.2608695652173913,0,2
0.78128566719801074,-0.5767397737796377,-0.23867119552131322,0.61776368960691275,0.7691579964690477,0.16359706681653982,0.089222923255262168,-0.27525844184753701,0.95722100904516982,20.056595774339911,-5.8743574082689269,3.2022090698482306,0.1911469925041153,0.2948662044511021,0.8863636363636364,1,5
0.97982508141908686,0.055751212073402757,-0.19192345394564789,-0.024664458107073125,0.98669467749529571,0.16070245147084525,0.19832920694735109,-0.15272660460706053,0.96816326614721038,-0.77445405446188031,15.875376028149532,-4.4341403155364052,,0.08039554347080932,0.2727272727272727,0,3
0.97609669413999656,-0.09642632316648593,-0.19477476194200197,0.13093108252154564,0.97620438164240542,0.17286427303496063,0.17347130978552999,-0.19423431587328138,0.96549507260189171,3.267993454478042,-6.6503913124798295,0.11866287757820876,,0.2800516576181661,0.4646464646464646,0,1
-0.76138002339260424,-0.60917522921994327,-0.22182425494861432,0.61075326456420831,-0.78874449707036776,0.069732117172610769,-0.21744173887007096,-0.082387246865291308,0.97259006356795463,4.0672183975778999,-9.7130326802578075,0.77279546318307635,0.2130318254537548,0.1581004375512395,0.4090909090909091,1,5
-0.69351440220830463,-0.69296938260269803,-0.19705635920947512,0.68784143241766071,-0.71823127707600565,0.10496664460384633,-0.21427071143597365,-0.062747648601406469,0.97475678751969508,3.1253448931448307,1.6648823385492906,-1.169286203971958,0.6381261962423401,0.4309865713162161,0.9705882352941176,1,5
-0.97663484085605257,-0.05244210783379416,-0.20840876409599832,0.063778589210692141,-0.99680671376491403,-0.048048589484872894,-0.20522348594731196,-0.060217943498103423,0.97686084991491617,4.1733574676774667,13.952317611281346,-3.183509406027178,,0.2761197189035361,0.1666666666666667,0,4
0.93475904736238569,-0.27892752380459535,-0.22005671959384174,0.32412678527103583,0.92315438378495562,0.20670706511506234,0.14549003554893217,-0.26454757636927195,0.95333479396962928,1.2513334489501418,-9.7941310293434825,0.26352139192404378,,0.1092968542942034,0.2666666666666667,0,2
-0.8043519380029589,0.59392946472414276,-0.016301863800747617,-0.58754775605500031,-0.7991900979389378,-0.12681806539718754,-0.088349273826209662,-0.092428233180370273,0.99179202836357649,-11.062058701010354,-3.0862709042214562,-3.0418928463049131,,0.07539808980380834,0.4166666666666667,0,2
0.97235984583105783,-0.070341377740247818,-0.22263966581228309,0.15504632100549057,0.90747829217148968,0.39044050453324924,0.17457654068649567,-0.4141681298882372,0.89330162410398462,-5.8126357490459597,-13.345081189853326,-0.5926935093913509,,0.2223235553864257,0.1818181818181818,0,2
-0.9504788391381267,0.28914139554192181,-0.11396152743233043,-0.27425560647157221,-0.95281759109921393,-0.13008651125616932,-0.14619794345184875,-0.092389888385912042,0.98493160668875346,6.7743604758270601,3.2164504036232411,-0.77770958854696937,,0.4125174121806465,0.4358974358974359,0,5
-0.86086750568213211,0.48671936839122337,-0.14836237425126708,-0.49254827622881381,-0.87028014768650719,0.0029428093338279724,-0.12768450667425707,0.07560900062558637,0.98892868589183514,-3.4747760537743666,-17.977200788807533,0.47972448791009187,,0.2112904281891787,0.4,1,5
-0.38651188384694773,-0.86631884363643707,-0.31638619566206144,0.89810381771468339,-0.43157657110736364,0.084564743702817941,-0.20980490044657263,-0.25146237180071146,0.94485373435096653,-2.7487686358236445,16.110160325857368,-4.9041214365445303,,0.1561070191177341,0.3611111111111111,0,5
-0.97708165092107668,-0.082113772958277334,-0.19638934727703275,0.082044346881934418,-0.99659240457268927,0.0085031930908552461,-0.19641836110216207,-0.0078043217886000571,0.98048912282766276,9.6095338614237509,8.221911220993853,-1.2319865617066257,,0.1152733950861797,0.2777777777777778,0,5
0.3236549644611148,-0.9155481582294156,-0.23878658660485805,0.94466227876824482,0.29841183989184994,0.1362481298394487,-0.053484979686459246,-0.26967006466251625,0.9614662829100421,0.40638310185371934,-11.628408096143925,0.27895115097009093,,0.1393263132658035,0.3333333333333333,1,5
-0.1890444907367535,0.98145571869294757,-0.03173094336751197,-0.97663733834958977,-0.18455738142571906,0.11008216160082833,0.10218458721113831,0.051800050252798033,0.99341585699559765,-9.8355767767127702,-2.366949483621156,-2.9038380908371946,,0.6936201588024205,0.2976190476190476,0,2
0.90355981247698003,0.39215391663133192,-0.17261219814158915,-0.3609844570627998,0.91376468897487295,0.18634461339606551,0.23080270153453683,-0.1060631833076863,0.96720251969843407,8.2168490009823625,7.9391896955905112,-1.4321100162974647,,0.09203419856380031,0.2777777777777778,0,5
-0.018218372480032257,-0.96636902750090414,-0.25651314506500095,0.99224768531365981,-0.049019490381521348,0.11419991485295478,-0.12293340430438339,-0.25244403785729491,0.95977048603113546,15.8282741329804,-1.9866905146664362,1.7095564556467384,,0.1066492184364199,0.4545454545454545,1,5
0.46253963612008059,-0.83733822137413472,-0.29141343147477827,0.88641832155102251,0.43012350488375251,0.17104481800155569,-0.017878597164552271,-0.33742921268396175,0.94118111019660333,-2.484511835789653,-9.8180121547811154,-0.45828089869093608,0.1602420617523461,0.1353516042932172,0.3372093023255814,1,7
-0.47817227265807993,0.87079284298544013,-0.11432892139061847,-0.87826593366434635,-0.47403272096040644,0.062784784968713592,0.00047689170787231004,0.13043314020680782,0.99145699276876897,-12.578282314705298,4.4988015749262846,-4.6436292812846069,,0.153011798800442,0.425,1,4
0.17419125922213347,0.98284374539459896,-0.060626539974871038,-0.9692494239178806,0.18199854293468287,0.16562634031007492,0.17381875458495227,0.029911578165812556,0.98432328939539315,4.919588584608487,2.2238446701228676,-0.96110926149773557,,0.4012227642537619,0.4266666666666667,0,3
0.94982392598170795,-0.23067792754888211,-0.21123968229110693,0.28321885308455003,0.92089706333195676,0.26783517320182165,0.13274634040216385,-0.31422331627097699,0.94002240219130007,-7.7849078908379701,-11.122343843639122,-1.2899349432007428,0.7643335020575661,0.4067890312567266,0.25,1,5
-0.28571534030765017,0.95025080375595561,-0.1240570605570054,-0.95674088943398117,-0.27543031740041035,0.093728388131790186,0.054896400592005817,0.14547010076943656,0.9878384660379308,0.33290342157513236,-15.421224766298691,0.83701729432113503,,0.07347039418021643,0.1052631578947368,0,3
0.0060827091477679597,0.99753328939715313,-0.069930945896070018,-0.99316633880080207,0.01417713299939089,0.11584313692630781,0.11654880575292642,0.068748421395789044,0.99080272023907645,0.35475085648433857,5.1242090444981079,-2.3070886167202738,,0.07361949235909851,0.1645569620253164,0,5
-0.27265659273718568,0.96133377890159288,0.038674901159967842,-0.95990092456090836,-0.27453361599011067,0.056758336114697383,0.065181266204814806,-0.021648538846289457,0.99763858350695267,-8.2055424264339489,3.3033499914743092,-3.5857038955248552,0.8828935872840394,0.7120030291244004,0.551255230125523,1,2
-0.7261345957543679,0.68589988521586065,-0.047643428817758855,-0.68491121445753966,-0.72767442465539089,-0.037236541363915285,-0.060209444100917858,0.0055927777819149748,0.99817009756741526,4.2500355175442666,6.7630108906727431,-1.9007616407968946,,0.1479052210547303,0.2564102564102564,0,5
0.0069222793020059592,-0.93370918268934411,-0.35796542320573749,0.99516297896264228,-0.028647527652767478,0.093967890588133818,-0.097993506680109074,-0.35688440890711615,0.92899450554217722,-8.9317292172589937,-16.559284904447978,-0.73883927321446485,0.5944612442000906,0.3663369935867917,0.2352941176470588,1,6
-0.59075455653919751,-0.74519279179652398,-0.30934892432765893,0.77949129532232098,-0.62610459051591472,0.0196560996036673,-0.20833236533219496,-0.22952286332607869,0.95074543425971381,-10.5943306955482,-12.673927301197484,-1.6242043844115051,,0.1383442001342348,0.1428571428571428,0,2
-0.86355206522584804,-0.46484971667185004,-0.19542919831558886,0.46932102272358889,-0.88265416420844711,0.025678863588024122,-0.18443320816452102,-0.069543995539432191,0.98038157082360244,-17.730936069777947,1.0433800742439638,-5.0034090499431914,,0.1150768354092217,0.1818181818181818,0,2
-0.93732124693965668,0.3011943090042104,-0.17524516615006705,-0.31682554672387375,-0.94599234692158041,0.068702638296643942,-0.14508774234444033,0.11991858817246553,0.98212477783228591,-2.5089955975153373,9.5063615366940724,-3.6558393628998629,,0.09496710328293377,0.4878048780487805,0,4
0.19496356851664684,-0.93855127401124283,-0.28479942591783319,0.97719003179942576,0.16094846775685273,0.13854686022627061,-0.084195300956117283,-0.30531475034559652,0.94852203691760084,-5.4254376604296874,14.387065347587981,-5.1137928136321555,,0.2766717963508853,0.3103448275862069,0,4
-0.96871458162098611,0.17479567958626593,-0.17617755178470917,-0.18413920953040372,-0.9821641198195884,0.038031477127916762,-0.16638753219035513,0.069282841577036042,0.98362344268252155,-8.934461455010057,7.946676701368343,-4.632569307843486,,0.07144301794487942,0.1338028169014084,0,4
-0.10121013635041207,-0.93368616285345207,-0.34349185957738415,0.97966210874414883,-0.15366369249829936,0.12903341543474769,-0.17325894202291309,-0.323446469920119,0.93024927847610583,5.5915984617258605,16.039796005526064,-3.3218203522853482,,0.3197754177986588,0.2380952380952381,0,3
0.52304826031285423,-0.81728312259001634,-0.24180325662242147,0.85224002909308338,0.4980693759264731,0.16004321158872445,-0.010365818593649115,-0.2897847378550592,0.95703571276685262,-6.9528347251163991,-12.825344689530541,-0.86118294283355679,,0.1115982966996201,0.3333333333333333,0,3
-0.12423430216135091,-0.94822233031082914,-0.29230164294164623,0.98500163655310846,-0.15340268149975503,0.078989830335209801,-0.119739776825342,-0.27810435021514529,0.95305842225816984,24.641488415349162,-13.960790560686283,5.2367976068111535,,0.2063320276672048,0.2727272727272727,0,5
-0.1949437304571148,0.97872326955504418,-0.064013307889460927,-0.97658847394999082,-0.18763794886512683,0.10519958504537345,0.090949956038991392,0.083022658215545039,0.992388705961194,-14.932574047463136,-14.054836130208846,-2.2946002004845032,,0.3237412105448279,0.4285714285714285,0,3
-0.78919348519600929,0.6138670400410936,-0.018463479503157399,-0.60866712366628317,-0.78580747356849578,-0.10968567386724445,-0.081841160133457894,-0.075325106273305284,0.99379482433393951,-12.250589006435034,30.155992850426355,-8.9009806763918071,,0.3248621508062253,0.125,0,1
-0.068782481507416282,-0.902590096752245,-0.42497069014516331,0.98935575967465772,-0.11646859326635435,0.087236732980656512,-0.12823474972199939,-0.41444684101502199,0.90099370970967751,-7.1422104295853686,22.139401284914214,-6.6434980542018218,,0.5386342082053097,0.1,0,1
-0.9789633599509866,-0.040261672020705297,-0.20002434261752747,0.060646734147847978,-0.99344925719957855,-0.096853224039297997,-0.19481456185479851,-0.10694658075742,0.9749921616882985,5.4984064556293202,-4.2662367974935771,0.17078313321280758,0.5760844980563934,0.2655740921518211,0.2162162162162162,1,4
0.78326395383295111,-0.56847147191065028,-0.25166995102656264,0.616362668444282,0.76295712360166357,0.19491918451943213,0.081207386204812604,-0.30779313372655881,0.94798140659855124,-2.4977999653646763,-11.567117594735683,-0.24084309727976844,,0.2105310292197657,0.6545454545454545,0,5
0.91280099060048869,0.3924477560607707,-0.11304472708460542,-0.33962547558669859,0.88314807872155143,0.3235799860667235,0.22682347297243252,-0.25697126262151992,0.9394236968990225,-13.74262289703247,6.3295129512950359,-5.1778482385578606,,0.2377916557120422,0.1071428571428571,0,4
-0.96324836982817952,-0.17895765667088917,-0.20031658728677657,0.18555963636914102,-0.98252565146639492,-0.014524653561787346,-0.19421688745809104,-0.051161521961352215,0.97962354978669797,-0.054054748899299614,11.149037101102406,-3.4734228713265694,,0.07955103008737649,0.2083333333333333,0,5
-0.94124601983107559,0.30926856536786201,-0.13567934488146435,-0.30249533164603037,-0.95068587048143116,-0.068505109293550553,-0.15017491296657029,-0.023437793033212577,0.98838158894893202,-6.5421957647371967,-16.45510117116287,-0.3299670694335447,,0.2094290403220782,0.4,0,4
0.38656722039664349,0.9218369010088161,-0.02797341690384816,-0.90900861581817938,0.38596053590047252,0.15728255178416486,0.15578549509864961,-0.035372201880623851,0.98715737694198802,-7.4042121413144688,23.987983262252655,-6.9979631935174487,,0.3931088855946362,0.2666666666666667,0,3
-0.79181577491821253,-0.56013771431912651,-0.24346153615718658,0.57074921355722052,-0.82051900411116807,0.031526165580871096,-0.21742381151678514,-0.11399256506352967,0.96939805100678433,-5.9847663228281931,-20.790290201051189,0.38730399259514414,,0.1574127420982606,0.32,0,5
0.86090618734560254,-0.45442236012958659,-0.22878123875072284,0.49333325709377507,0.85553928051189354,0.15708226171798845,0.12434964429103149,-0.24809848471010013,0.96072072312886359,-20.460562920741079,-16.126454039790186,-3.067867515448925,,0.4357163145911769,0.7159090909090909,0,4
0.93145950533920763,-0.27553767200144252,-0.23761772076439278,0.33696386008348195,0.89963381976336032,0.27769470167006383,0.13725358614942978,-0.33872995386592503,0.93081871029922369,-3.4222499922607121,-8.6506789878303234,-0.82962426484660723,0.4485433624943381,0.1617382721279001,0.2380952380952381,1,5
0.36225463831271187,-0.84375358547906476,-0.39604477526177384,0.93144031613592282,0.31197276323330364,0.18732840808907994,-0.034503833084718286,-0.43675265539181291,0.89891968690793622,6.9464883411570293,13.311224327246933,-2.5695392574388194,,0.1213900715850467,0.2777777777777778,0,5
-0.89964091929995238,-0.32914398382613713,-0.28689798575834802,0.37099981278980626,-0.9227011640994166,-0.10479360991735477,-0.23022891918928515,-0.20071571856892917,0.95221207988992285,-10.231969721043175,13.524761516076238,-5.8704073833958788,,0.417359159964218,0.34375,0,4
-0.30903137036833428,0.93748750029821748,-0.1600524879933759,-0.94970853075466366,-0.2952521332275192,0.1043066845241343,0.050530374430509242,0.18423725087288817,0.9815820478445566,4.4250773877449214,-3.4243724581913515,-0.14880984179356177,0.254285174166609,0.2103260404166055,0.7806122448979592,1,5
-0.1130958454892116,-0.93982258823912757,-0.32240166309836044,0.98965599914577151,-0.13537823848201364,0.047473528416287561,-0.088262863582966714,-0.31369768118527014,0.94541177892552197,-7.9151898431131524,-13.731909960679701,-0.96621834420198693,,0.2434451231173231,0.3076923076923077,0,3
0.95518035633919895,-0.17036587635138856,-0.24208666844488719,0.23302245349425307,0.93708278641098153,0.25995458753357126,0.18256785870256578,-0.3047151449916034,0.93478214434246987,12.479489092669327,8.3731534672989749,-0.71882646572399245,0.9476658922846576,0.4474067651221418,0.2631578947368421,1,5
-0.40675304735180728,-0.83631870441572431,-0.36759078214017193,0.89511306717016381,-0.44526766365897835,0.022567779706844808,-0.18255014503209879,-0.3198557992972455,0.92971377972184543,-10.236322456771649,-13.499004413708544,-1.4620813790239664,,0.1249147584097419,0.1785714285714286,0,4
-0.3729336784181419,-0.89113796011589086,-0.25844459278925702,0.91202539971118535,-0.40329910894625082,0.074562048019179428,-0.17067554535775845,-0.2079013342036338,0.96314427447458917,-8.6386573289717692,-12.143843217832332,-1.3151200067669113,,0.1623472914333455,0.5853658536585366,0,5
0.96329479660913009,-0.15404610114557613,-0.21984752340570693,0.20199293085870576,0.95534936622029576,0.21565352847934216,0.17681060689021452,-0.25214556744929567,0.9513992968815923,-4.6907795128156629,-10.043778564800306,-0.87469753085533775,0.472982124634351,0.5735908481840131,0.7954545454545454,1,5
0.42769881762797107,0.89089166019894006,-0.152924070007351,-0.88480359565477129,0.44722860262083458,0.13080204170502926,0.18492246622848268,0.079363888424100582,0.97954328883321107,5.9070202629731341,13.305873355722834,-2.74307090288863,0.5213632447691736,0.5077862832185194,0.9202898550724637,1,5
-0.0015214446441544982,0.98992460199272203,0.14158731431786611,-0.99335169835473425,-0.017794121848492269,0.11373553799673318,0.11510902910701708,-0.14047295681800273,0.98337035740398848,-8.5345064840977525,1.2489809357783346,-3.236515991191526,0.7580077073532665,0.6905725375048831,0.3310810810810811,1,1
0.12949869548926674,0.99142831618855753,0.017319980545619743,-0.98920033174896138,0.1279589664002703,0.07147871421283046,0.06864977446665925,-0.026389330747424153,0.99729173850402497,-0.57752273615617022,-20.412989687998152,1.4008067435072353,,0.2440455766157134,0.16,0,2
-0.9415906582993292,0.32565876802267824,-0.085751962154749353,-0.30307791001085793,-0.9304849201522617,-0.20577073123428161,-0.14680195048734343,-0.16776227281242981,0.97483588729279025,-0.67051740581461916,-13.066287962700205,0.32063691658703691,,0.3783578941454433,0.1052631578947368,0,1
0.037112517612609107,0.99928802583511733,0.0067898791601869197,-0.99425085599770924,0.036240831654173369,0.10075632719009717,0.10043852042059269,-0.010490164134561129,0.99488796357788656,-2.3319819191860813,13.236229163605238,-4.2862142556909335,,0.6353504783418833,0.7134831460674157,0,4
-0.97082332259245196,-0.11887479752108038,-0.20825671375702523,0.1283240030875995,-0.99120236094706371,-0.032416506359284385,-0.2025710407292394,-0.058195035589729605,0.9775368593002437,11.261220905099783,0.70702792534061187,0.43994718480888367,,0.4814683920476616,0.4318181818181818,0,1
0.97354881543395233,-0.10302300098360152,-0.20393372755746392,0.15206748470783807,0.95833153956371353,0.24181840370839,0.17052326545600893,-0.26643370947718931,0.94864898376187856,-10.907388333485205,-17.715107921659754,-1.0019866868483389,,0.3034121906069521,0.2307692307692308,0,1
0.98148283388212343,0.064161121397689966,-0.18048489492394548,-0.012313234218049604,0.96141757044442011,0.27481746579109567,0.19115394596452412,-0.26750627234092944,0.94440487249931782,0.12688174260213655,-9.0238233983787346,-0.11680218150099078,,0.8609740252908925,0.6744186046511628,0,1
0.66604163973153219,0.74587877768237731,-0.0073063771306514846,-0.71520189291945047,0.6413688570095657,0.2777269191538303,0.21183669773711813,-0.17975215787657842,0.96063227888227187,-16.842847686674514,9.971976317033036,-6.3513551247240185,,0.3456922853593851,0.1,0,1
0.9642894132986275,0.20228581643439275,-0.17095723403723054,-0.16674521701742298,0.96518525134764277,0.20152782235413544,0.20577162098307372,-0.16582484449098284,0.96444811210740611,-3.2129468845806275,-9.5861871368941536,-0.64928919075858493,,0.0624817294355882,0.3636363636363636,0,1
0.97424180833640739,-0.10090000759057978,-0.20167321923752632,0.1466798833601366,0.96281630782625982,0.22686949817299065,0.17128313024598524,-0.25060715443105136,0.95281590217686196,-14.019384845283675,5.5823440056290483,-5.1234769631994546,,0.09361271862680762,0.1724137931034483,0,1
-0.35286859802746912,-0.86153202964399611,-0.36502919667284972,0.91375152530623072,-0.40124800487134704,0.063703913437875417,-0.20135019872516963,-0.31106687461743815,0.92881402712764538,2.7907172758058501,14.712819324092315,-3.6070375741926832,,0.07397287668875827,0.3809523809523809,0,4
0.68836404321010447,0.72533464090506039,-0.0066785266761533917,-0.69320391565917505,0.66052645727331294,0.28839752175903421,0.21359605644820331,-0.19389290328707906,0.9574874760145341,-1.0322919911694008,-6.6849456586474201,-0.63238567877922314,,0.1100600385432658,0.1904761904761905,0,1
0.75305162420021299,0.63839404484220308,-0.15926799678351225,-0.62090230084979114,0.76959437430948507,0.14901285793725147,0.21770067544419075,-0.013324509041742887,0.97592462484043307,-7.4687647702013624,-18.028810439407437,-0.27821880422729695,,0.2140003226662936,0.25,0,1
0.007591010266931938,-0.94376928255942694,-0.33051765135979305,0.99388439458430888,-0.02929260517377244,0.10646949555584798,-0.11016436249945163,-0.32930454685503485,0.9377752015572236,0.088935966164575705,-10.261302599027557,0.056336807092016071,,0.1804299434091957,0.1428571428571428,0,2
-0.11308798078425833,0.9847709303338954,0.13205045767226464,-0.98921709895489185,-0.1240402001696965,0.077868863335289487,0.093062558192903627,-0.12182053813367014,0.98817969861327171,4.9423693537038744,14.203514161372899,-3.1648500633086565,,0.4545374966462303,0.2608695652173913,0,1
-0.14937781849700393,0.98316766380128229,-0.1052027195304629,-0.98482466907540067,-0.13842838793004905,0.10468023975715235,0.088355183897738443,0.1192431393020871,0.98892589975578071,-10.290290382219608,4.0620635623485963,-4.1371801822730463,,0.08931815866706194,0.2112676056338028,0,4
