axis_00,axis_01,axis_02,axis_10,axis_11,axis_12,axis_20,axis_21,axis_22,location_x,location_y,location_z,dbh,dbh_approximation,score,reconstructed,number_clusters
-0.035047974279019636,0.98916721815217434,-0.14254772545370725,-0.99904365850785726,-0.030946673341175353,0.030888052776938391,0.026142071344358284,0.14349396482850046,0.9893058547100706,-1.8983496555425328,17.443237419993739,-3.2561253148931297,,0.2385390083929775,0.2,0,6
-0.96082497378810239,0.080415659385236649,-0.26523327745727737,-0.054508207137370618,-0.99311983643433621,-0.10364287643300267,-0.27174293937425675,-0.085125273604698362,0.95859765422932464,-6.6899177767516242,17.639580744896971,-4.8831409193777242,,0.3592135352064931,0.1764705882352941,0,5
0.40760040750357857,-0.8591156681252301,-0.30948695705094942,0.90975711438670448,0.41128117460441738,0.056478210300860462,0.078764843843520324,-0.30457850252069707,0.94922496552532576,-14.477472945019986,18.934349124679049,-7.6477295599333628,0.1543015060848651,0.1352281178956757,0.6333333333333333,1,3
0.9208421836004288,0.27780844320881753,-0.2736277430815201,-0.22275680344243537,0.95073174068082633,0.21561206780260239,0.32004543337173458,-0.13759224594394473,0.93735761288528452,10.23132824073466,-0.83424990182878989,2.2048843744104412,0.3700529820075834,0.2637724689418471,0.6701030927835051,1,5
-0.76446650287187523,0.62605056931085945,-0.15379093163250371,-0.618177876760439,-0.77957124983918824,-0.10062196136093582,-0.18288542498187318,0.018148032667887469,0.98296671878527242,1.3167702987724881,15.348340525967281,-2.0656179738745881,,0.441360346268128,0.2666666666666667,0,5
-0.58967346693490974,0.79008250634207022,-0.16749577775334498,-0.79773377516263522,-0.6021616834321093,-0.031970783083632159,-0.12611909592815929,0.11476471660942807,0.98535426799898884,17.614308306452056,7.6335544802964295,3.9354685464527481,,0.1253100486540998,0.1666666666666667,0,5
-0.70459061816311608,0.66200959360045863,-0.2555295653686156,-0.69032654996521414,-0.7228422393475058,0.030795315036684451,-0.16432076925831135,0.1980969333332524,0.96631065905034808,-16.890262483776809,7.0176919094208809,-7.4275031211721307,,0.08095950547955262,0.2439024390243902,0,5
-0.96213447741562375,0.081913926746190899,-0.25997568342670746,-0.065671525316907078,-0.99534242226757363,-0.070574168057935011,-0.26454583370507806,-0.050828840627526413,0.96303267381213298,-14.606739079272906,-23.636817997378643,-3.7577612464556598,,0.5791181871032856,0.2727272727272727,0,1
-0.77639498049119393,-0.5218864397439914,-0.3533346547954484,0.5820211116503532,-0.80879420803631241,-0.084281401508285281,-0.24178970172727571,-0.27108388564843638,0.93169268918478687,-15.08495648065866,6.7978967684823592,-6.7641052987221162,0.1004857219399505,0.1242479843844128,0.1976744186046512,1,5
-0.89146259067641909,-0.35370362251546461,-0.28317520520681999,0.38343207262684631,-0.92189544686652225,-0.055575450766112734,-0.24140069408675652,-0.15812189116695216,0.95745661647315317,13.1072906511525,-9.7008706090655874,3.8292442130650328,,0.0874993671563464,0.2631578947368421,0,4
-0.091293217757656961,-0.92867952967691458,-0.35947166724307794,0.99354337119810632,-0.10935952738983852,0.030200386046776873,-0.067358131949722261,-0.35439360170315765,0.93266717382574782,4.9499748157933627,16.112211589432377,-0.91921188524521646,0.3277648778206875,0.2187588638618559,0.4054054054054054,1,5
-0.31124703845968626,0.92212221342636058,-0.22981711110303032,-0.94923964103411651,-0.3132385819000662,0.028734903839342543,-0.04549049284735502,0.22709516576735753,0.97280953981013152,2.8528047124408689,6.4641974944796674,-0.67342452786849349,0.1340341671492457,0.1184371133762736,0.5163934426229508,1,5
-0.94526336866687954,0.15841343333204974,-0.28527591555631815,-0.14027742940689497,-0.9866221364685932,-0.083060234945148567,-0.2946173902802362,-0.038496025380574846,0.95483959353095615,-2.4579614612504375,22.647611968137138,-4.0637194874105251,,0.1581180818893188,0.2307692307692308,0,5
0.73572918750569294,-0.5852743758631147,-0.34081735227281706,0.65354689594489557,0.74554726778620872,0.13052098029554982,0.17770486052160869,-0.31876821744734901,0.93102513719686153,2.997376308634609,-9.2708778895782871,0.71615880994796854,0.8286337282376272,0.7713929705086935,0.6227272727272727,1,2
0.96335126731820864,0.040512539156497794,-0.26516611760836739,-0.0087526312040751876,0.99275032327598556,0.11987571514878345,0.26810021858142297,-0.11316152087401465,0.95672187337285919,-11.460509332615924,-12.125707845556242,-3.6845868145830418,0.1815898685139008,0.1356231162635803,0.44,1,3
0.10755560909138345,-0.88513411746778126,-0.45273544708528729,0.99410688748083254,0.089546707256149743,0.061097327951022212,-0.013538360910939346,-0.4566387864758259,0.88954917316005189,-4.3858879468728471,9.9344380357820832,-3.3362158609217425,,0.07967595221747123,0.4090909090909091,0,5
0.68008358045070127,0.69574806178368043,-0.23112974305702319,-0.70295417792856019,0.70835805298336119,0.063908469754826502,0.20818680874189902,0.11901051759350133,0.97082168773054833,-38.694526044748748,9.3190239392048664,-15.202800134173865,,0.08015773872416956,0.3636363636363636,0,2
0.75186466537142038,-0.56011540548211103,-0.34780778816399671,0.63403654168579648,0.7589249186801712,0.14842719297153956,0.18082363997286596,-0.33212000895445254,0.9257424646623148,-36.472785192859391,9.7320842108335128,-14.498292464622752,0.2656511497589963,0.5608582898861646,0.7636363636363637,1,4
0.96240143209372819,0.085350038070173662,-0.2578737181361479,-0.0044094618942770109,0.95413634388762203,0.29933993037776502,0.27159536106079663,-0.28694809334474103,0.91863853151066655,-16.788733578116055,14.421211467566666,-7.9899532409948195,,0.142031518967996,0.4,0,3
-0.35981966705064805,0.92760597564908009,-0.10038406817656871,-0.93062641025345827,-0.36451731378119251,-0.032582395438417788,-0.066815355587788658,0.081696278335434538,0.99441511772690583,0.59580720680781341,19.064285277692143,-2.6078264560514874,0.6579425643095131,0.5015422324519703,0.1538461538461539,1,4
-0.88702103545688415,0.38729847277744944,-0.25138332411131292,-0.39913038491655378,-0.91688428396445731,-0.0042597717484994212,-0.23213922222098049,0.096556215766987169,0.96787823547355278,6.4199778994920056,23.833207316205044,-1.0675375956629194,0.2559585036302781,0.2272779186413737,0.1818181818181818,1,6
-0.059389414391750044,0.97828189673507604,-0.19858858974933155,-0.99789003939570597,-0.052953455400022199,0.037568615040161991,0.026236743948955012,0.20040075369524232,0.97936263517929723,-6.7656835779111226,3.1032469094093056,-3.6448404892752029,0.1291014780406457,0.09792943702379085,0.4786729857819905,1,5
-0.958926306230096,-0.081314832501088438,-0.27175032149976242,0.086053602859510608,-0.99627507220522937,-0.0055459838949461111,-0.27028710042249876,-0.028703284094077144,0.96235180928151898,-24.938222260627779,7.9898834751566969,-10.316291240851298,,0.07831218905347472,0.1935483870967742,0,1
0.65633359849065143,-0.6572902080986498,-0.37039950031006486,0.73938940899270467,0.65803392669356353,0.14245930362622572,0.15009833230829514,-0.36737029501292501,0.91788319353847247,-28.605877140661871,10.378652506253252,-11.845383629393694,,0.2366260094450235,0.2727272727272727,0,1
-0.92605092152214041,-0.077277047541977215,-0.36940215033373885,0.14618090032990882,-0.97585063685816475,-0.16231660088312874,-0.34793797597665665,-0.20431297674575294,0.91498380991499406,-7.6700086203880691,-9.7119424827933951,-2.5712581682625757,,0.3226721468347222,0.1666666666666667,0,2
-0.47386404076191402,0.85904667868465878,-0.19362767032024916,-0.87489006907118827,-0.48426542562930158,-0.0073732340721736423,-0.10010113842211085,0.16590901536965239,0.98104737943978515,-8.9687827883174691,7.3925290644087491,-4.8098355731220659,,0.06804223851416324,0.2631578947368421,0,5
0.75510585325666035,-0.55703961879859454,-0.34571955898712037,0.63172013189352305,0.75924670806979844,0.15644203797447082,0.17534202387893907,-0.33652830397143768,0.92520477478672081,26.722107702854395,-9.63484211750119,7.7803368778409414,,0.3535332334745566,0.4705882352941176,0,4
0.01651106616222223,0.98639303491760066,-0.16357311930825505,-0.99621535514652115,0.030191781931463036,0.081507192775209458,0.085336691197156797,0.16160828249148898,0.98315838610351736,-14.282022864592976,11.349109920029301,-6.7168448543431509,0.3973999183619036,0.1517982161034584,0.2244897959183673,1,5
0.92713183554509315,0.3322950860439059,-0.17322394554408485,-0.26080141923665856,0.90410821116710616,0.33848332636093176,0.269089537594704,-0.26864161682674825,0.92489053539636767,-26.058272610439911,19.318986812347969,-11.759289119822403,,0.2293796426217257,0.2,0,1
0.84504411051511752,-0.4444739874636352,-0.29722605160364296,0.49037660011459283,0.86581910635239689,0.099438750671915641,0.21314605636456876,-0.22978283126316229,0.94961497940634798,-2.7619209021169024,10.495173975499867,-2.8233081072043542,0.5741077710272989,0.4503952865734098,0.9352678571428571,1,5
-0.70110563136336457,0.70872937101202982,-0.078444708779310104,-0.69381498080103543,-0.70342974720557094,-0.15429634850626245,-0.16453469569254101,-0.053751924720884935,0.98490561197617488,-8.3223634688060137,-13.09462372852135,-2.6108397155125331,,0.320561191492917,0.1666666666666667,0,1
0.26365731716421709,0.94482418020310077,-0.19440187141410348,-0.9569690160511628,0.28152681892348896,0.07037721609221867,0.12122343595129266,0.16748109962129842,0.97839407185745131,-8.3242103458627774,19.865684412226518,-5.6857455326507962,0.2216463754959699,0.195296248324184,0.6323529411764706,1,5
0.33913748212803402,0.93260083436389429,-0.12345627549713797,-0.93081592202816599,0.35166761541776509,0.099557056832943205,0.13626256828165365,0.08115153732462986,0.98734337516141579,-5.3036201867952997,15.026942280941279,-4.1827463036697656,,0.1407987774419239,0.35,0,5
-0.26302659922862032,-0.89691162069896557,-0.35548073471480951,0.95791228708445453,-0.28669096371351349,0.014571944882069632,-0.11498286111788969,-0.33668655449864787,0.93457001111151239,-18.139443106730855,-16.04056841674382,-5.6699479037475715,,0.08896432737347894,0.1428571428571428,0,1
0.29944269852345323,0.93673288254633613,-0.18128865672574276,-0.94496596021503731,0.31741778835094031,0.079279768372961412,0.13180821042660804,0.14757186179902188,0.98022912692355024,-9.5988891945238954,3.5607919315931262,-4.6388605116733279,,0.1541764319536863,0.2325581395348837,0,5
0.92746003747767447,-0.22982405980746856,-0.29495555667850315,0.27651750774021527,0.95254297979477398,0.12727898317018146,0.25170607222522989,-0.19960654592800409,0.94699592397625509,12.524218265695922,-10.874496945485848,3.7176576980553651,,0.1011884008312307,0.3529411764705883,0,4
-0.47112138997763675,0.88071345378827859,-0.048871752801200916,-0.87342123272815941,-0.47352534893536707,-0.1136181945608271,-0.12320708634312619,-0.010842335171035545,0.99232175106810838,28.24825202627698,1.2341471093717755,7.4852972594218112,,0.2790617143618183,0.2380952380952381,0,4
-0.92840671979783895,0.29237195423029366,-0.22930242696879025,-0.28449464303383049,-0.95630113330949629,-0.067460659024563122,-0.2390057754935469,0.0026043829468817867,0.97101465306667523,-7.2548618446889277,5.0240346585974676,-4.0079482267787707,,0.1942215639572937,0.4853420195439739,0,5
0.66785351890927336,0.72389022783156887,-0.17307401691316518,-0.71184010515600571,0.68914049086005902,0.13553246308040989,0.21738293854851254,0.03268519400454694,0.97553899774478381,13.698349828266739,-23.803268957857814,5.077336287219361,,0.5537009041685523,0.2222222222222222,0,4
0.44701669320364651,-0.83517483124041048,-0.32040455249548028,0.89024939619819088,0.45034369003289004,0.068165778924016138,0.087361825564915105,-0.31571120048251716,0.94482503635533155,13.166027675668309,-7.9293714710669203,3.7134988129741697,,0.09175350760613843,0.2413793103448276,1,5
0.040101219292612414,-0.89044445191505939,-0.45332170725097065,0.998734108706963,0.021932570403123894,0.045267454764108109,-0.030365643687469749,-0.45456313137913085,0.89019676885183341,-22.475694137106338,15.14019063197752,-10.1484089064797,,0.3208388642973309,0.1176470588235294,0,5
-0.86463021464655476,-0.34509581962891184,-0.36513486165374887,0.43042376344816313,-0.8836592822652457,-0.18406970615935489,-0.25913312366305591,-0.31631495086562228,0.91257595633432442,3.6840200563289094,16.452399577395273,-1.334633625533169,,0.5153904848553272,0.175,0,1
-0.08076275267819566,-0.89155327096012815,-0.44565697887516242,0.98882610935080661,-0.1278750072320638,0.07662185061421431,-0.12530085093880214,-0.43448906495526002,0.89191868978529432,-14.824126786180123,4.1480339742117991,-6.5451512822793063,,0.3793211274964373,0.247148288973384,0,4
-0.8108342090821693,-0.4630140676511561,-0.35800259571576454,0.5210954053425545,-0.84960787453338349,-0.081400479493351247,-0.26647225730453356,-0.25255580113709342,0.9301656322392422,-6.2871587921234786,20.693153379356307,-5.0624086318633257,,0.2781306306726863,0.3695652173913043,0,5
-0.80768863644920641,-0.49636928846340289,-0.31820841601245747,0.5354100886441342,-0.84348368782036665,-0.043258587113258896,-0.24693137412832453,-0.20531146546476661,0.94703331441919614,13.849626655386738,20.853963557988077,1.6159970727850528,0.2234326784367242,0.303223420756997,0.6,1,5
-0.44390402613662955,-0.83763873116993559,-0.3182932164274197,0.88127888741797078,-0.47238638235629449,0.014093557240038832,-0.16216269044091472,-0.27424890484440329,0.94788754608371717,-10.813398495407053,10.965224826615131,-5.6507366141163589,0.6309037305297436,0.579505873598255,0.9623015873015873,1,5
-0.69513241200031994,0.70971773300781249,-0.11441883254460261,-0.70848038872207064,-0.70331870538632235,-0.05829526095603943,-0.12184608562790333,0.040540573601765863,0.99172072344445772,-6.2566995343785452,-12.38995089269485,-1.9462927790858684,,0.4281977024268306,0.1764705882352941,0,2
0.93065182599386076,0.28541668288170091,-0.22896396202699296,-0.26395172168027231,0.95702644388021674,0.12012441190701621,0.2534100775350337,-0.051358571307942066,0.96599463236443228,9.4432613732643365,18.272055292220717,0.43242881225674451,,0.1286370136798907,0.28125,0,4
-0.91705876900509309,-0.26862334709983332,-0.29469426798589998,0.29009637551179346,-0.95649940211690543,-0.030870482097355673,-0.27358235890821525,-0.1137997853376055,0.95509282363094494,1.3970607677405504,12.419046880821329,-1.7029015320955991,,0.1408081893771854,0.2962962962962963,0,3
0.94653727118340858,-0.13043304353840673,-0.29504985242154391,0.19597918285998639,0.95898955578282941,0.20477107165072087,0.25624081280350097,-0.25164708035810923,0.93328151851466623,12.27664642309035,4.7225869620487027,2.4967351812892127,,0.1824220804690423,0.1463414634146341,0,4
-0.94332892240184429,0.22754553673211819,-0.24156484196477349,-0.20884487589513148,-0.97274648058689883,-0.10073778992090354,-0.25790378433152333,-0.0445792913704691,0.96514160868153676,15.315946586274022,1.7310095509108345,3.5556846638673227,,0.2365795221455124,0.2,0,8
0.64689679075975937,-0.67937990865929931,-0.3463632223761739,0.75046824122095612,0.64778960408756836,0.13101926482314438,0.13535863852539964,-0.34469054026206508,0.92890606114418073,3.6712302683552807,9.6547218090087608,-0.64141852200105143,0.1536228445088852,0.1164030817514572,0.4090909090909091,1,5
0.11171006894990117,0.98845806925651669,-0.10233037582696157,-0.99144149825469463,0.11786011490663618,0.056149344187453071,0.06756194219895445,0.095182134016176728,0.99316451070828715,-3.4589804248702789,-26.744938450679555,0.03320635246651707,,0.5241182476633798,0.2307692307692308,0,3
0.0072285417282577785,-0.95200643976044474,-0.30599262546526396,0.99860199141492612,-0.0091509594523531482,0.052060759533890652,-0.052362304443435585,-0.30594116852058978,0.95060937849235905,-11.183884494492666,-10.572907526848702,-3.6558176801567046,,0.07819045569783774,0.4615384615384616,0,2
0.18936684360620842,0.95546632120925123,-0.22632787627131035,-0.97646337479521861,0.20748251865749767,0.058909100613350147,0.10324473945995728,0.20984545143128769,0.97226817817279432,8.6724963141218545,18.503574685525919,0.13894716791359882,,0.1097103740957361,0.3333333333333333,0,5
-0.87339541320694114,0.46265971775469295,-0.15207379049732894,-0.4326514268677471,-0.88047018712583669,-0.19386849257137781,-0.22359158083071984,-0.10352890972932906,0.9691690099419592,-9.7950953205026625,-7.0501599404234359,-3.8117128647249645,,0.08580659269879236,0.2195121951219512,0,2
0.96023490923683452,-0.030794110071030435,-0.27748989507342514,0.05889618437546057,0.99387459432250591,0.093512192928438501,0.27291053213267347,-0.1061367681117482,0.95616673645648909,-15.65612401443126,13.298391735306053,-7.3647693284178475,0.1966240420146778,0.1681490272727795,0.6595744680851063,1,5
0.82288634535106642,0.53437665829851289,-0.19313117226506973,-0.51713472061388999,0.84517071660472054,0.13512268695321947,0.23543522117635612,-0.011315779229821124,0.97182416607638578,7.4741682969557157,5.3186144795224548,0.87064637725369864,0.6807641690594953,0.656406619348159,0.788135593220339,1,5
0.33241905402919641,-0.87078200607264145,-0.36226546953641414,0.94286266891964399,0.31600627308447066,0.10559366898155936,0.022529093991065355,-0.37666793501885387,0.92607435265888483,-33.484183276720856,13.650448305633811,-13.579665584700157,0.5381230627965328,0.5588164949559954,0.7111111111111111,1,5
-0.38391232932644592,0.90534860066489087,-0.1815357669035686,-0.92102352661407261,-0.38946899544447949,0.0054373716853850272,-0.065779835926517816,0.16928618626926487,0.98336931024101437,8.0668870849847636,8.4887196153150217,0.88208716074813132,,0.252001737694025,0.7446808510638298,0,5
0.75644813929495691,-0.59431953070800658,-0.27307601135254012,0.6279494776400466,0.77670558187035665,0.049070282483636686,0.18293623503502643,-0.20859706256427982,0.96074013104520817,-10.223069658750832,6.8762368510093772,-5.1606609608218266,,0.07708780435176607,0.4247787610619469,0,5
0.84517118335326247,0.51203375622396918,-0.15332026388060699,-0.46950980863450426,0.84829729606574522,0.24485145922280563,0.25543337766477858,-0.1349560297827363,0.9573613004503807,1.456279637389355,8.548449056984385,-1.3173453915231614,,0.09761092312815217,0.4677419354838709,0,1
-0.48498208650054991,-0.76905998430956501,-0.4163401449624376,0.8494716450973584,-0.52741263336152422,-0.015291773809767534,-0.20782276090255281,-0.36108538422987024,0.90908032942441686,1.8914268358337263,-19.69276006797789,1.2632777790498029,,0.1932924933256809,0.2857142857142857,0,4
-0.0017646284696886279,0.99764265737617874,-0.068600395551064952,-0.99903135384251263,0.0012575057284400894,0.043986051413401936,0.043968626609930221,0.068611565080105505,0.99667407561915511,18.193983396336456,13.27175150415049,3.7598248325574732,,0.3087736641271036,0.2758620689655172,0,5
-0.93164906822647353,0.27320716481536256,-0.23955763140900729,-0.25340015253181319,-0.96102586584980532,-0.11053346943114162,-0.26041961594625757,-0.042274463464160111,0.96456958969750861,2.1951319790837034,22.311330545996753,-2.3804506898981863,,0.4428660103679548,0.3,0,5
0.9481518695482265,-0.15976364653755226,-0.27474280612461682,0.18982442926284779,0.97801098912340134,0.086378187112848684,0.25490138941802343,-0.13405253596591252,0.95762999079700439,15.843557441071734,5.9668450529106511,3.4835806175887307,,0.08675979483670966,0.3043478260869565,0,5
0.50276568499182084,-0.7475037378585524,-0.43412535963958471,0.86132606543696033,0.47567740598762226,0.17846124069885169,0.073103180461534689,-0.46364767584921707,0.88299873028562681,4.0136971214684074,12.752396807767541,-0.89216408204522191,0.2302280108964034,0.3058639640680614,0.1612903225806452,1,4
-0.7430149962960253,0.64205106493191288,-0.18894217448472314,-0.64370117561831552,-0.76284911560771418,-0.060909960795658323,-0.18324167590048282,0.07636528554472001,0.98009735811135479,-24.875716076333795,6.5742454964858377,-10.180534772868953,,0.121050923049766,0.2777777777777778,0,3
-0.082131776980087307,0.98774235855278703,-0.13273810429063021,-0.99629391171724357,-0.077958774496196648,0.036343788385426332,0.025550199319118533,0.13523114507992676,0.99048459085193485,6.1677090717407541,8.8011373490436693,0.18487528280452228,,0.09303572798546382,0.2307692307692308,0,5
0.89037338706087643,0.41455561437467903,-0.18809272767487517,-0.37106731514983682,0.90026581249329529,0.22766316013637047,0.26371249352511567,-0.13291015554207761,0.9554007595310704,12.977133489740522,-5.9297143796881597,3.4734113596951808,,0.0845592007191158,0.3157894736842105,0,5
0.9358411775578781,0.25791871665652105,-0.24016499741914307,-0.20935071641324632,0.95505060445688783,0.209882396745878,0.2835023243720311,-0.14613787505224921,0.94777115041072479,-10.971157610629703,31.447534700010081,-7.4993245458411293,,0.3738388135587401,0.1666666666666667,0,4
-0.93305556811337609,-0.23287835275492924,-0.27418056027146953,0.23820221304136088,-0.97111168127167358,0.014205921297229899,-0.2695681964083011,-0.052055502263023454,0.96157330046612732,-13.04505136826088,3.2449774017549813,-5.8402390128157649,,0.08332809554298135,0.3714285714285714,0,5
0.49897502451475778,-0.81620803178568846,-0.29125310944096094,0.86109864248447543,0.50482360821372196,0.060516547336009904,0.097637353619861922,-0.28099390284952797,0.95473000043965262,-11.406876327444877,-6.2021784822566257,-4.6016131259420376,,0.3747253614885037,0.8774999999999999,1,4
0.90105360108324761,-0.32224319123516398,-0.29027871723137078,0.36509204565917575,0.92484924979316241,0.10659110353788595,0.23411579650102854,-0.20202274837157191,0.95098717287305523,4.5489542544193826,10.244025074597797,-0.49120388188468644,0.4536400349440404,0.4053724218782224,0.9135135135135135,1,6
0.13789717516176619,-0.88410415966677414,-0.44647979119139553,0.99043407372445336,0.12082721370867448,0.066641803944542499,-0.0049713869281805484,-0.45139851493697386,0.89230861590859079,-27.365034915915992,9.8601608260072275,-11.290288125024651,,0.5891387210123131,0.2962962962962963,0,1
0.81854357069048733,-0.50139601986664806,-0.28033632326751995,0.53763615121031361,0.84055456612879353,0.066448403079362381,0.20232101174378431,-0.20510985500926168,0.95759916227253028,10.044111140973497,-7.6138709556638897,2.7972808835300551,,0.07168182965168393,0.3076923076923077,0,5
0.33635055842960365,-0.8627537160893346,-0.37752394257601385,0.94030477967536275,0.3297718884702544,0.084127420585859564,0.051915538750567189,-0.38328387253940899,0.92217040176283716,-7.3410676458544177,-11.37435011158766,-2.3454248217064455,,0.121685320080582,0.5,0,3
-0.85074655752877537,-0.41790987029809995,-0.31871873989516808,0.45700321547666317,-0.8877075709531933,-0.055886756180451941,-0.2595734113828479,-0.19320095439673146,0.9462003145863267,-11.848900683314012,22.708567998540467,-7.1210050669111657,0.2594498563241225,0.2186997550283374,0.5277777777777778,1,5
0.56672509032089669,0.79259113441546936,-0.22499325689177715,-0.79462530042824109,0.59796448661356061,0.10492428064231454,0.21770003197082377,0.11932211192808607,0.9686944459864123,2.7032459403276996,-18.800650498883485,1.4754582862518719,0.6073213130742399,0.2649553018943059,0.45,1,6
-0.58884335347674355,-0.70285437963336916,-0.39907295836282197,0.78223779589253739,-0.61983124592359073,-0.062556032914456786,-0.2033901072900261,-0.3490056555515984,0.91478277019713861,-20.322539870563944,18.34342539786612,-9.5521680655782166,,0.281993645207779,0.2941176470588235,0,4
0.89978475735874064,0.35987989305397083,-0.24672627140281572,-0.33223407892335405,0.93162876541976913,0.1472696854223198,0.28285669026350418,-0.050540142638312052,0.9578297274334705,21.487619623430909,0.85881631051375595,5.4866105766129953,,0.1586975424383032,0.125,0,5
0.70469963953178016,-0.63723955289822121,-0.31196821996134944,0.68545099264845011,0.72498646596349414,0.067465256591947048,0.18318120733588464,-0.26138166804854129,0.9476941853188342,19.140048471459345,-5.5004072305035248,5.2195706000587423,0.2918787895902337,0.1343904250525934,0.2142857142857143,1,5
0.94683277834462831,0.22526081146061991,-0.22970689295772928,-0.17340732402535111,0.95871317407624712,0.2253862236850635,0.27099370809403972,-0.17357020675435503,0.9468029327693761,1.6768907382263931,9.0534856123551339,-1.2710471970145225,,0.08661803150784342,0.3191489361702128,0,5
-0.90154515187621531,0.36382803760256188,-0.23419115735390417,-0.36805912844371136,-0.92941023330155592,-0.027001781489448116,-0.22748366336453249,0.061852868071069163,0.97181552036054419,10.658691992781582,4.637541727365889,2.0168453487233693,0.1137159688581954,0.09998785425706655,0.358974358974359,1,5
0.59340574283269454,0.80341197082103477,-0.048977847182577028,-0.78144963462110972,0.5896291674487304,0.2041418953675429,0.19288880974207306,-0.082865252278497697,0.97771532515405979,-25.492093892327151,20.166600663722207,-11.691575877962805,,0.3914909053893967,0.5862068965517241,0,4
0.73956974251948759,0.62604312997523104,-0.24719748251241308,-0.6313410967581935,0.7725474277140304,0.067667506800507038,0.23333455700735839,0.10602108914386459,0.96659945849505235,-5.3020171441734538,-3.5364710238427373,-2.5043408946261292,0.3239895441814365,0.3058699800770425,0.9290515309932785,1,5
-0.9239430069914335,0.34264289622703775,-0.17007400006107282,-0.31923662102005973,-0.93561923663372371,-0.1506805357059168,-0.21075412126770182,-0.084926378152342483,0.97384301130243922,-14.133899135258536,26.365304827313853,-8.2936531551232697,,0.4545851752556587,0.6190476190476191,0,3
-0.88832036513803514,-0.3582003081027576,-0.28736643533321393,0.3771588840710845,-0.92607663970825393,-0.011542683956706599,-0.2619887498486968,-0.11863640529685489,0.9577511672093949,-8.63784175427792,9.1793446786217459,-4.6617868816065062,0.221375323992314,0.1856765051184341,0.41,1,5
-0.92806573707734874,-0.20308016564677087,-0.31217372404473293,0.25734495094521093,-0.95562032940076136,-0.14339931052479751,-0.26919800126688148,-0.21342031851925547,0.93914014063773021,-10.765456661201785,-17.911549843178513,-2.9224325173854653,,0.3889655870851801,0.1666666666666667,0,1
0.46092384742688619,0.85878116388686765,-0.22370543003314244,-0.87159297900875021,0.48549902271145118,0.067943931950380676,0.16695773661573365,0.16366310365914022,0.97228571041891199,5.62784576918233,10.569779473018503,-0.17492082754374255,0.2401483420679915,0.2038753415601768,0.5666666666666667,1,5
0.072413508490077785,-0.89125089306595595,-0.44769200282927885,0.99704026800574097,0.053063696882916178,0.055632257262814136,-0.025826106233719642,-0.45039548141855457,0.89245555774758378,-20.064082201876719,22.796444091705766,-10.059593606109267,0.4282604540059223,0.3161997175658852,0.5,1,5
0.5543049912769229,0.81568308299592041,-0.1655508524887766,-0.81389915314891692,0.57281902753756264,0.097193262083320811,0.17410957799318916,0.080866988352425714,0.98140021655074139,-26.257472530831674,5.1435666924123309,-10.605339988415563,0.6670434178445825,0.6072967287183259,0.9688888888888889,1,5
-0.19434913533898718,-0.89366933676710691,-0.40445460822597518,0.97578991732126896,-0.21829590163359233,0.013451267008286921,-0.10031176823852365,-0.39204848660875613,0.91445914796706163,0.93078793268951598,-11.859058597412504,0.35533936846255643,,0.1210370233074334,0.4166666666666667,0,5
-0.28346530893385508,-0.88010857890519401,-0.38086258410155394,0.95271314781483785,-0.30378878230527645,-0.007073452213735943,-0.10947637467406715,-0.36485786970128053,0.92460459565441611,-17.943118448120988,6.6862063164310666,-7.7241692393877939,,0.142530122329181,0.3939393939393939,0,5
-0.90095797938785105,-0.28471935672293303,-0.32742878200402659,0.35437673288918842,-0.91827259978173048,-0.17661416612743175,-0.25038340712624318,-0.27515508426591428,0.92822294145236062,9.9335147244450113,-5.1415395422909542,2.4303033777477925,0.7947789302528554,0.7310255401339795,0.4565217391304348,1,2
-0.47655417074991796,0.85438432881832183,-0.20717997251308606,-0.87640526813881858,-0.48027957297990032,0.035289343388198613,-0.069353646763407079,0.19839090313799632,0.97766616042118715,-9.7960178260948751,-2.2690968880142597,-4.2704015329612846,0.2312906740538506,0.1917460090709458,0.8588516746411483,1,3
0.44024215300694847,-0.77124260115369969,-0.45975177746418983,0.893993914987953,0.42409669537376499,0.14462666744955816,0.08343696231478917,-0.47468604691809468,0.87619143466536642,-13.361748824290837,6.3303803974969428,-6.2086528730929116,,0.1912324625457387,0.3792134831460674,0,5
-0.96123342958285651,-0.011644080324061206,-0.27548994400120724,0.067617868703910428,-0.97855515635094092,-0.19457037238728978,-0.26731651218045288,-0.20565558920776911,0.94140727686973236,7.6320254097290352,-9.3896156419582315,2.1857043725778005,,0.3369353713209181,0.1777777777777778,0,5
-0.2161232921948251,0.96842651631655507,-0.1242610359921857,-0.97634879126598917,-0.21360465712596396,0.033407906961399697,0.0058103669688280048,0.12854233913026616,0.99168700036181112,0.21046848070746282,-22.749789444259402,0.9440881691024513,,0.3463362788262935,0.2,0,3
0.63027018720326322,-0.70365551868826237,-0.32806767921012225,0.76308929254612257,0.63930059474826118,0.094812874421030022,0.14301826010765792,-0.31010266134632253,0.93988409748314516,0.078352178063015407,26.76935859192151,-3.4455289006264365,,0.1318585807690731,0.2307692307692308,0,5
-0.68803304656644793,-0.66359234739348361,-0.29369324696577126,0.69079965725392767,-0.72289018521617121,0.015020441271315906,-0.2222754155779437,-0.1925486343730721,0.9557817026030142,-13.017385242843639,-9.7261249781421437,-4.3613299827725029,,0.07201407169625537,0.3181818181818182,0,2
-0.57793016509637929,0.80089897476286143,-0.15670850805067416,-0.80626384799319262,-0.59005152476179978,-0.04216403141879297,-0.12623522365362744,0.10198053907521683,0.98674446436706498,-2.0925742817801098,6.7377041597361629,-2.453878973695776,0.6806021414763395,0.7005004520427872,0.4984894259818731,1,3
-0.4873714971406945,-0.82052695042639845,-0.29867130327300179,0.85611202999194003,-0.51634195310784037,0.021521606907042228,-0.17187558255295687,-0.24520707796622923,0.95411334391535785,9.4475181713359486,12.656901135715419,0.90348983861042254,,0.07577585228336994,0.3333333333333333,0,5
-0.73234773848304568,-0.55773605648774804,-0.39063701979236859,0.61835362592067866,-0.784954792538888,-0.038532674199703097,-0.28514133907505862,-0.26977113441531558,0.91973797996318274,-40.766264740217835,9.4976718032312242,-15.919315275195448,,0.2857092260461613,0.5862068965517241,0,2
0.58372135439929884,-0.70158135831174384,-0.40872114954782646,0.80207218322566554,0.57653082861051907,0.15586024687932304,0.12629169930705295,-0.41880281915373641,0.89925224790101033,4.8842853068842302,24.73404565085006,-1.715939962148556,0.4400808079292557,0.5670473872944857,0.4615384615384616,1,5
-0.79317399064799654,0.56281773877892494,-0.23261817099124119,-0.5768512023713338,-0.81679626810154771,-0.0093030499371147789,-0.19523757548760776,0.12680713438589902,0.97252364484703302,2.5156074799354595,14.796389705659262,-1.6792461816334063,,0.5602042562048883,0.5692307692307692,0,1
0.94869098494011961,0.19884920139658199,-0.24585444921190211,-0.17418734505527195,0.97755523718171899,0.11850960754803479,0.26390184523027083,-0.069604262531364716,0.96203485525292876,-12.935063554932336,14.60013901213452,-6.7551647504918009,0.3613714584183857,0.3186320392788627,0.9491525423728814,1,5
-0.44711996927249148,-0.82063610327331438,-0.35586531031017543,0.87871755413734631,-0.47733061174348268,-0.0033086467737579498,-0.16715021127311575,-0.31418445712190118,0.93453139796069451,1.4181419929437431,22.223616857089578,-2.66790340742073,,0.0848825801772336,0.2307692307692308,0,2
0.85474844841419273,-0.43190937979342531,-0.28785304858553756,0.47047441255600431,0.87894032190958105,0.078215968008872441,0.21922344095377211,-0.20228247123253362,0.95447518813662557,20.270687738131251,-4.8681058371715267,5.505134336005546,0.2187452287004459,0.2204995620558569,0.7647058823529411,1,5
-0.60132042736245717,-0.73710641569161328,-0.30836322021748064,0.77306077246041005,-0.63427289463200331,0.0086566285616442411,-0.20196728873643449,-0.23317810163349906,0.95122930316462173,11.66449512400027,0.45463186585680415,2.5853398225013056,,0.07588200256427771,0.1935483870967742,0,5
-0.84788810596817532,-0.35437727252525592,-0.39433806369061075,0.46418905661337623,-0.85556364827058784,-0.22921466680451608,-0.25615284397812865,-0.3773958034682976,0.88992029308609089,9.6152501701508797,3.3787366290935181,1.7464941547730433,,0.1324098973220761,0.35,0,2
-0.95406870423378431,-0.10244015690291604,-0.28152961097436202,0.12188278114069749,-0.99116077019317805,-0.052391939184166923,-0.27367406757506008,-0.084299121488747145,0.95812116292938077,23.075205103332024,0.028140702451101934,5.927934000851165,,0.2970790342819456,0.8,1,5
0.80151070057007057,0.58521498398240746,-0.12289841086908604,-0.54430792993918331,0.79909679185191751,0.25529041238811884,0.24760750044576049,-0.13772341766905583,0.9590217859613821,23.439416698667007,14.010530671771352,5.1961778195314761,,0.4264985788694242,0.28,0,3
0.77851201491669375,-0.4710057006015303,-0.41481643245080335,0.59389706883658377,0.76659478395250014,0.2441694265139159,0.20299092161390955,-0.43644709555418298,0.87653215487205827,12.874808593272652,-11.866295169376388,3.9669674605797329,,0.310830460809891,0.28,0,3
-0.67922079874416585,0.72282264775795302,-0.12722628046720177,-0.71684736762969647,-0.6905513929802114,-0.096273699292509146,-0.15744509543238158,0.025810725314717373,0.98719038102233148,-0.53452541583076807,-32.709660860306307,1.3570929023895324,,0.6802617944144671,0.3793103448275862,0,1
0.76170457729903429,0.60837983979643695,-0.22289034849216763,-0.60555590071973131,0.79080220498063536,0.089072575472359902,0.23045213825263888,0.067125577293799171,0.97076566113957674,6.5125827926373372,-16.073630106147373,2.4956671059245288,0.2188905744046221,0.1928711952463261,0.5333333333333333,1,5
0.2171365561688601,0.95259219665075201,-0.21311926908476247,-0.97066918315982809,0.2337956011136311,0.056044212580331002,0.10321362719602889,0.19469905952523731,0.97541746108065364,19.806863921832072,10.104638431061783,4.4306213747667016,,0.179229803460765,0.6060606060606061,0,5
-0.0072421805597944998,-0.93509223756689397,-0.35433043626377791,0.99896909377719556,-0.022645300651042255,0.039343869108075677,-0.044814065857817685,-0.35368021940810285,0.93429224651643561,4.1309857198961941,-15.840026919930875,1.6862336438309244,0.197395656235068,0.1281776208996247,0.5714285714285714,1,5
-0.096419687557079192,-0.86493117297296773,-0.49254168338426163,0.99397623635758658,-0.10957449883545338,-0.0021611944308390749,-0.05210072367831272,-0.48978311039128974,0.87028617096196037,6.8039902336836322,15.354064604215163,-0.17853460474599644,,0.4996451359593648,0.4761904761904762,0,4
-0.88299534870450347,-0.36728933795441315,-0.29226316290497895,0.38678650076312832,-0.92211785387641321,-0.0097399378732052413,-0.26592370521190489,-0.12164376592069187,0.95628833372524458,4.3006354241820945,5.8999256972549778,-0.18028301748848399,0.2344649538564676,0.210018384860843,0.5028571428571429,1,2
-0.10953101563726711,0.98231634254433664,-0.15184715928784034,-0.99393719077830611,-0.1067676596862486,0.02625885817875236,0.0095821396983747399,0.1538026983360157,0.98805511616678665,-3.1511419976118837,19.00638825299529,-3.811454944315845,,0.09609546955788262,0.2,0,4
-0.51898484513098919,-0.78734485829469436,-0.33278041505063272,0.83677449856220887,-0.54746150264521887,-0.0097129643983920651,-0.17453701349664547,-0.28350304625937911,0.94295432216058328,0.86162267840810214,-4.5844132495052881,-0.5282908212888725,,0.08860479343635959,0.287037037037037,0,5
-0.21415565828165256,-0.92549492725500526,-0.31240437521136788,0.97160342840069525,-0.23477281438353523,0.029470384226380889,-0.10061874549987417,-0.29722191246892815,0.94949197089935689,-4.95144657588272,-11.068601571888768,-1.5954060543771424,0.3328703779865317,0.3954645248647628,0.9652406417112299,1,6
0.81945121236187179,-0.47632761083086905,-0.3187659293569714,0.53418157268875632,0.83629094629540002,0.12356172766723116,0.20772519817880761,-0.27153169300194002,0.93974506209773434,15.848895607345089,-10.203775531885093,4.666537818069016,0.2471159482041873,0.1982360235573989,0.4705882352941176,1,5
-0.6928448897892705,0.68082521572197352,-0.2375773228446299,-0.70525006029070314,-0.7084643446144836,0.026469319408143305,-0.15029408222832127,0.18589055394801104,0.97100792519940249,11.888610398643763,13.559880041797847,1.6373260417875721,0.2598887980691049,0.2432595301981634,0.5555555555555556,1,5
-0.31750657754992873,-0.83430371199967568,-0.45069600548051697,0.94301612503293131,-0.32770481996223105,-0.057707355695770297,-0.09954979226702261,-0.44333606566247796,0.89081028942334783,12.6944517023298,-19.378019160140429,4.437461353676257,,0.4528167362522029,0.4,0,5
-0.076325909985394735,0.98566100745931473,-0.15048831794923181,-0.99682858073976777,-0.07202351710558505,0.033843664164524861,0.022519682174513046,0.15259420486384517,0.98803232363963123,0.19784223812844223,-7.8105242227434521,-0.28642912716148822,0.3867815600451722,0.3640141396643899,0.896551724137931,1,5
-0.86450208215903646,0.44302628166222929,-0.23741074891257621,-0.44454240365067899,-0.89435117862046543,-0.050179882987729761,-0.23455959008142951,0.06215853164871523,0.97011242422933031,-8.9631571742327782,23.887869300183073,-6.2201156126838661,,0.1639147353960175,0.3846153846153846,0,5
0.26047479956694664,-0.90278343726053256,-0.34224982717105523,0.96509983856828541,0.25341906837304518,0.066038453800856947,0.027114210038816026,-0.3475066059702982,0.93728543060317282,6.9004975713686854,17.891607904296666,-0.4328310409870596,,0.63229326222133,0.6557377049180327,0,5
-0.48550624162911493,-0.82900979248611872,-0.27753639995736218,0.85689792523618968,-0.51416875062780132,0.036829900946910729,-0.17323289256109756,-0.21993921851267778,0.96000890886228096,-9.6958130276439203,4.9267539803721805,-4.8518524183096927,0.3311107450845565,0.294078287704426,0.9523305084745762,1,5
0.7841649761828744,0.59767688922344731,-0.16693599436998999,-0.56784624194087896,0.79960466191552337,0.19540478539837475,0.25027172361602318,-0.058435611840273627,0.96641054610715005,14.012954799952135,-13.808271916009931,4.5633266400427397,,0.3165421827919047,0.2142857142857143,0,5
-0.88710955283664483,-0.33400060445942925,-0.3185596294050857,0.38119332941341311,-0.91932440144559824,-0.097643691641660729,-0.26024658859759703,-0.2080534573791803,0.9428602611182022,-10.121849666581459,22.730048440476352,-6.5609846232143063,,0.1128735455720484,0.2352941176470588,0,5
0.36274866566977676,0.89935087338098918,-0.24409303985089226,-0.92161168759812762,0.38501368907731603,0.048952594472697883,0.13800472034437447,0.20720151006189283,0.96851547813689765,9.4989624005936655,1.4637328886997909,1.734969826034618,0.4141786132707422,0.4019962603545021,0.7777777777777778,1,5
0.88912477597924944,-0.32076314170898423,-0.32644775946670512,0.39582077450000919,0.89702084845506036,0.196671075430977,0.22974561413455241,-0.30407993087006935,0.92452817611362792,2.0839749063635891,11.707653114286686,-1.4043799260375291,,0.1137922686905464,0.2666666666666667,0,2
0.96035831516650727,0.1132716976564674,-0.25471833267467758,-0.07207186715424331,0.98354801881727927,0.16564703633178859,0.26929083247568414,-0.14072248288964209,0.95272222098255166,8.6197263111548512,14.091447270521336,0.57627209001367141,0.3531144076645542,0.2120829165795188,0.3,1,5
0.92890282868531926,0.30852305508514116,-0.20482445982192413,-0.25388545351072012,0.93321195152451109,0.25427864642448739,0.26959545870816887,-0.1841982030660029,0.94519273729286946,-10.523065697859,11.796123483834108,-5.4884244710130403,,0.09379372652261438,0.3428571428571429,0,5
-0.95019253362467881,0.19909043514487873,-0.23978562858881985,-0.18105615465815694,-0.97884871743484614,-0.095256796274900399,-0.25367857202435179,-0.047097632742836799,0.96614129147123506,5.7292035543515283,1.5106813451881589,0.5955543442799921,0.3125806347701301,0.2178307739195211,0.3006993006993007,1,5
