axis_00,axis_01,axis_02,axis_10,axis_11,axis_12,axis_20,axis_21,axis_22,location_x,location_y,location_z,dbh,dbh_approximation,score,reconstructed,number_clusters
0.37430003898557096,-0.81511137992404059,-0.44214581207303993,0.92717837210431242,0.32100558275809538,0.19312090031929321,-0.015483769482874733,-0.48223319478905996,0.87590604446261178,6.0588961665146579,13.565986205060042,-3.4416201005713085,,0.1527849084768466,0.1,0,5
-0.95000414139571643,0.022141302052056534,-0.31145127078634549,-0.0062145245953182,-0.99862581062881939,-0.052037198521731609,-0.31217544909080225,-0.047500032519731138,0.94883625346820666,-6.6822632694326831,-11.5742776156275,-4.3425377320380498,,0.1789312747394517,0.5357142857142857,0,3
-0.67225839942683563,0.69422167695696613,-0.25714763783307187,-0.72690310430369576,-0.68480029818522548,0.051579342367644075,-0.14028728151091047,0.22159606234878332,0.96499464443995475,-5.7408661115188542,3.0774483673344495,-5.8053911340756992,,0.5637461536454632,0.7632552404438965,1,3
0.87806065097951802,0.39351801170804512,-0.27231060879586005,-0.36245775867982932,0.91842617775544466,0.15848573811645925,0.31246418414631089,-0.040458997452620354,0.94906754404041704,2.0790290062585077,13.451835036276847,-4.6248704378589789,,0.1134186078572356,0.4761904761904762,0,5
-0.91200314536191351,0.30070794864816353,-0.27897131119488217,-0.29174409989850214,-0.95361709936258843,-0.074160690245561031,-0.28833252162111578,0.013753451315893587,0.95743156390026751,20.422472028345322,-7.8315081090983645,3.623286580875404,,0.3387276507417696,0.5303030303030303,0,7
0.62328902922417995,-0.67043502436990399,-0.40252660054573591,0.77041097975262207,0.61471767785115194,0.16908311214870955,0.13408097674683367,-0.41549856153230486,0.89965728866007721,-9.156006598204355,10.820695286444085,-7.713322451522747,,0.08139368613871537,0.3478260869565217,0,5
0.86498855146326548,-0.35587422209049002,-0.35376311832774732,0.44209740494979327,0.87397535599536624,0.2017844435268292,0.23737036540845102,-0.33093899009373673,0.91330974727175485,-0.37734454580459148,-7.0734471882002614,-2.925725709143808,,0.1048826532656586,0.2439024390243902,0,3
-0.58187591276039907,0.77961058132771144,-0.23157669060404273,-0.80156176442467519,-0.59791082905684501,0.0011740140365329558,-0.13754693730379533,0.18630615120930463,0.97281594253996562,-10.829893812983599,-2.5447814295000608,-6.6921344981859718,,0.1807869119235461,0.2553191489361702,0,2
0.15973499558024992,0.96318395507024035,-0.21624384357069387,-0.97999509941915175,0.18106874085595437,0.082605787928487662,0.11871957000185175,0.19872287180918152,0.97283857032833931,17.784128078937705,-11.18318688880341,3.1835483744364796,,0.6986041055021263,0.6842105263157895,0,4
0.35674106377741099,0.9188477561682501,-0.16868495605576,-0.91466981634168587,0.3802720722553054,0.13701196347809577,0.1900393130076734,0.10541324417371967,0.97610097196158141,2.8820838103165416,19.886993846170675,-5.4151167797977422,,0.7005214335625429,0.7555555555555555,0,1
-0.52561840860229248,0.81663283223082217,-0.23840324213621922,-0.84520285465886524,-0.53315007807317705,0.037190438651244564,-0.096733773910151255,0.22104707999254933,0.97045389659265546,-2.2400946622611957,9.4472508689678385,-5.4165761296237944,,0.08227809026323393,0.2747252747252747,0,5
0.94313029115864988,0.18851095809785459,-0.2738044422138341,-0.14075243179340835,0.97264025633132201,0.18482338788146302,0.30115445678794428,-0.13577389454813743,0.94385986391836196,-4.2025611749879719,17.691853691906793,-7.1360588194411259,,0.1263203276733851,0.2258064516129032,0,5
0.11157299484248487,0.98965299806293194,-0.090213137884281522,-0.98872599711200115,0.11967227608684364,0.089996938676116967,0.099861751720853292,0.079154846732488987,0.9918478415472799,-1.2927305774658611,-8.2299555538657803,-3.0749381761300789,,0.4304551843029802,0.2028985507246377,1,2
0.57072014879646893,-0.72687693402968712,-0.38200580431891251,0.8132394761570505,0.56473430781668299,0.14041622411466262,0.1136664690115048,-0.39080056851342343,0.91343026524855331,-9.1495820370949037,12.322738399043144,-7.9217763153334131,,0.08746611336686649,0.3095238095238095,0,5
-0.0064337493219108113,0.97195527101370915,-0.23507777014922307,-0.99619685753706866,0.014197712662576805,0.08596653993514676,0.086893198254714324,0.23473682306749202,0.96816744212623085,1.8465792821276967,10.589965472343765,-4.3604484438291413,,0.2303747066472192,0.3703703703703703,0,5
0.37522449059086033,-0.83828083466177739,-0.39559047498591587,0.92688325091216039,0.34378335132955901,0.15066667357820548,0.0096964343618585868,-0.42320001132723306,0.90598439808492026,18.609351192755565,-2.867717710030016,2.3780666966975561,,0.4876192259422595,0.7391304347826086,1,5
0.31347828617162371,-0.88100345696760851,-0.35435049444021377,0.94949396218077675,0.29625714495088729,0.10340657545725866,0.013877315343766256,-0.36886937101997419,0.92937764511643894,4.6816438776436229,6.5413515530060184,-2.9051680823588644,,0.1130751304755329,0.410958904109589,0,5
0.89991366590544197,-0.29355481782103171,-0.32246079273407935,0.3503568113087166,0.92700112049590877,0.13386197133211261,0.25962568957292786,-0.23344055246120352,0.93706990656001277,-13.950226074339806,11.473435990251469,-9.2791589638181335,,0.3672841334544791,0.7982456140350878,1,5
-0.68784698224923457,-0.61359491910545794,-0.38777287715696246,0.68446698494600833,-0.7261277286620812,-0.065141908069757934,-0.24160189471430693,-0.31022539695520479,0.91945023114600577,0.54055327441171075,8.605304911387595,-4.4104480093432956,0.2095475464031538,0.414219930755099,0.3181818181818182,1,5
0.23929869662103831,0.93174343321752295,-0.2731122634586306,-0.95880207465031053,0.27111341834105562,0.084829806328254806,0.15308401432459789,0.24156094272761053,0.95823462445625252,-4.1591197040672983,1.9891078788620531,-5.104015734184645,,0.3625547438067228,0.873991935483871,1,5
-0.35621770667517094,0.91471893571557739,-0.19078315988169434,-0.93428510094951078,-0.35191286582067477,0.057172414796320452,-0.014842358129511303,0.19861169027336234,0.97996586720758483,13.772431502841842,-0.94506218482785509,0.63520902769794108,,0.1304044593929784,0.25,0,6
0.85490146375264486,0.44985920836117899,-0.25839926456210932,-0.41793371122954309,0.89229261626819956,0.17071994602609489,0.30736769558866545,-0.037954968132054144,0.95083359222453234,-4.7911093484029408,10.605603882288619,-6.3233672903607028,,0.0833763048367672,0.2424242424242424,0,5
0.73706034235971829,0.62720992356882499,-0.25169378915134988,-0.61266089922226341,0.77731605617785171,0.1429208570233147,0.28528700335757112,0.048861647382176111,0.95719583426295674,-1.8599311652010064,7.5843173443789302,-5.0552899046613291,,0.07104886869681362,0.2441860465116279,0,5
-0.34984413899776251,0.9267819868913667,-0.13669026001366813,-0.936065935432152,-0.35163205137525971,0.01163894192597909,-0.037277914808151624,0.13202291172109754,0.99054545975853059,21.767011923307891,-3.7417884436080096,3.4693365648052046,,0.2165999086650225,0.5555555555555556,0,2
-0.47650848009849717,0.83415603970742913,-0.27771094651424494,-0.87598300246713612,-0.47734342986170308,0.069260590212086387,-0.074789356080136607,0.27627332731822468,0.95816470443741308,-6.6177909577854273,15.094499577563283,-7.475427098744249,,0.4811314027050546,0.9893048128342246,1,4
0.90326481169567041,-0.28928236265575391,-0.31690439348278221,0.34240400695820961,0.93106060629049447,0.1260382617816482,0.25859655057898101,-0.22235526094581579,0.94004572333390823,3.5706269253692233,-7.0049245983854487,-1.7004271558015907,,0.1418854649217194,0.4130434782608696,0,1
0.74795839055767743,-0.51020032600562437,-0.42456315588864302,0.61698253177248574,0.770267004252286,0.16131118264963309,0.24472597222604558,-0.38260210337106643,0.89091235765032073,-11.588544193852805,7.3629247865997387,-8.0464429295259432,,0.2971414532230926,0.6666666666666666,1,5
0.93377381814248417,0.22015629844838022,-0.28213057403463865,-0.17582785694445774,0.9688990208727366,0.17412424321205769,0.31169058579611664,-0.11298624520427349,0.94344214826385275,-0.56126866428822297,-4.3618810010800591,-3.3137398811842687,,0.07022732128803685,0.3538461538461539,0,1
0.92150348344866828,0.24919138230554674,-0.29788418047392234,-0.18730819121208211,0.95707370659418811,0.2211912332144281,0.34021606590052095,-0.14803234488013842,0.92862234162896351,-13.823919279049052,2.8797207788436241,-8.2509198460739253,0.8074178867260589,0.254768325315365,0.2409638554216867,1,4
-0.83582543357012495,0.49634932023353423,-0.23459155334542769,-0.50745297977381443,-0.86155114556332957,-0.014869327395367274,-0.20949300206925464,0.10661602075777614,0.97198030134452218,5.2200085373168044,20.474156950800968,-4.9041046437334952,,0.2946557093048279,0.2,0,3
0.11534264068371891,-0.94042850760989993,-0.31982854362098778,0.99215642654524494,0.093453372504311447,0.083018627021527194,-0.04818402748915411,-0.32689553261276905,0.94383134629696308,5.6945478949302917,24.120850890818673,-5.4944242547953701,,0.2910591590893088,0.7241379310344828,0,3
0.83565792776332692,0.51469039033617525,-0.19175408694965887,-0.47395045648116096,0.8521540410603069,0.2218207724851024,0.27757304005901068,-0.09448435002784214,0.95604702553389842,1.42584968912035,3.8722027431782946,-3.5745678521355742,,0.5002617612499787,0.3480176211453744,0,4
0.92996015577184743,-0.20318254641381214,-0.30641632056664447,0.25165176980974524,0.95936925642175674,0.12760100542076008,0.26804010041115961,-0.19577406024692071,0.94330643054418462,2.4129376361524035,15.539252444345021,-4.9293524755616236,,0.09205496461443938,0.7407407407407407,0,5
0.021039526483013531,0.98349220082608013,-0.17972320172878048,-0.99501309586454423,0.038128935761706582,0.092168993244665931,0.097500140427725507,0.17688774737655805,0.97938983425631942,14.131555945313204,7.6635991744015897,-0.30628066897152822,,0.1971104038056179,0.125,0,5
-0.87831989065786209,0.39759672577731847,-0.26546377026991286,-0.41197056957757477,-0.91119560004794498,-0.0016817417144166908,-0.24255807444133828,0.10788615344158532,0.96411936938269671,12.050236192090182,-3.9200035948661744,0.53405250164277818,,0.1091560542232007,0.2413793103448276,0,5
0.69524655691458737,0.67271623323189744,-0.25315034000510034,-0.64984257982684823,0.73879849046483348,0.17855366680880252,0.30714303922178854,0.040369047959663791,0.95080675924418634,12.26134751437128,-0.30851833314416788,0.10301450807965667,,0.2634163021121502,0.1111111111111111,0,4
-0.94746267307456655,0.16434869034468219,-0.27441572679492121,-0.17436494968711672,-0.98460378851980979,0.012338717641919628,-0.26816291214671412,0.05953895879527548,0.96153198851341815,-6.7879177609094485,6.1426191472385128,-6.4060039764903092,,0.1278010273497496,0.4699738903394256,0,5
-0.92262479661169128,-0.20883759574628971,-0.32426893665620282,0.22592474192395692,-0.97402117444808867,-0.015516530326054231,-0.31260437563129007,-0.087576311464203443,0.94583766789364854,-6.6153308101875226,13.279170542037729,-7.2780804440245896,,0.07209472552613011,0.1071428571428571,0,3
0.46656418300186125,-0.82416476627085145,-0.32104563721925644,0.88144291042715051,0.4633379146368039,0.091522524646843767,0.073322975918329938,-0.32568453278860288,0.94263106584959799,8.7966705211784912,-9.2307005465707537,0.18135136725993678,,0.1000987433397213,0.4736842105263158,0,5
-0.32625448455354022,-0.86783427398582202,-0.37472881421663579,0.93487481304731712,-0.35488864727223596,0.0079455627256633451,-0.13988243363070565,-0.34773225466267088,0.92710041733825554,-6.6738456721264914,7.3859871547936864,-6.5477202079882284,,0.518611348138627,0.24,1,5
0.90912984218372739,0.30216254902226375,-0.28667180541406201,-0.27581059559229337,0.95248062740961481,0.12926395386344139,0.3121080668775067,-0.038450596585144652,0.94926819509147731,9.113035157079759,0.8434550909423093,-0.9818293240516256,,0.07301363311391365,0.1428571428571428,0,5
0.68084588856405093,0.67623972537527155,-0.28133380502493027,-0.67653487033128623,0.7278152117714406,0.11218550146932314,0.28062331558738696,0.11395109187046351,0.9530297494885831,-7.9372554966382554,9.6879804146943727,-7.2087799915491493,,0.09863631561427741,0.4347826086956522,0,5
0.55316411398510223,0.8059763139329138,-0.2107407041323292,-0.79895044511879165,0.58490972743740632,0.13985276898790258,0.23598230705618878,0.091009846325615651,0.96748620591108514,13.524577965631869,5.7641080642130689,-0.24232353132917261,,0.1635920356775186,0.75,0,3
0.95265712270833347,0.080593563811695607,-0.29317074210297367,0.0081178155842003812,0.95714342006978737,0.28950056042648792,0.30393832865109172,-0.2781746769374232,0.911175252894601,-7.7267224313079543,13.258079942102535,-7.5734022052286951,,0.113808309522431,0.4347826086956522,0,4
-0.58474421202755689,-0.733764564544374,-0.34592451534876462,0.78152454326798548,-0.62387040112121916,0.002260724356619899,-0.21747090557138707,-0.2690265533806192,0.93825962228271698,11.70241066909835,7.1692214382251054,-0.87551640841204814,,0.1649922544648019,0.2857142857142857,0,5
-0.58675580966753282,-0.74655523258243228,-0.31364455124422047,0.77191201877603666,-0.63270522838071996,0.061934879097358918,-0.24468235549483655,-0.20576534859759876,0.94751842526992958,17.005753123306921,-2.1348570326571608,1.7884932662538313,,0.1351010400451949,0.1923076923076923,0,5
0.9223064395558328,-0.21987888072309594,-0.31781143680774293,0.27341518392204672,0.9524442318199634,0.13451439504288526,0.27312079517077564,-0.21095796520832924,0.93856367293883947,-13.357283291973046,4.1309594492909945,-8.2996202866913293,,0.1226772170496807,0.3032786885245902,1,4
-0.95410955973949918,-0.020747094822706147,-0.2987381898420709,0.02330917704210634,-0.99971572326810165,-0.0050154676907313931,-0.29854920914200944,-0.011748647026558661,0.95432192629831503,-0.50992359737678894,11.412952824965124,-5.1584015712338394,,0.268441957137577,0.5238095238095238,0,5
0.61837562154357151,0.7508847211757631,-0.23191318674322317,-0.7420494650804863,0.65505994594947192,0.14233431977720007,0.25879370559263049,0.084074982708712137,0.96226670691038851,-10.324014288814826,28.695264352095329,-10.349135183840124,,0.1747418295177793,0.4444444444444444,0,1
0.82397638595784461,0.51657378726856318,-0.23283994006798328,-0.45609590908061209,0.84848997535246529,0.26840507343622078,0.33621338031639791,-0.11496209824714504,0.93474289452385506,1.9962886818333458,6.3474646606423981,-3.6417572227752522,,0.4333508206391362,0.3170731707317073,0,4
0.43453813850513273,0.86214501969762036,-0.26054283946231671,-0.87589423177363968,0.47188701967831781,0.10065751539146502,0.20972815960228691,0.18446844085020941,0.9602007568212666,-0.18555086054565936,-8.957092043849169,-2.6408573382193645,,0.06990415000079127,0.3548387096774194,0,5
-0.8567989113149006,0.43073851442272015,-0.28347831973981641,-0.4593367861610847,-0.88736117835950257,0.039998200205021026,-0.23431889050780208,0.16448243472584909,0.95814413645226126,10.836503284944317,-10.419698237159123,0.9359035321327529,,0.08618459744363327,0.3333333333333333,0,5
0.95271581460007559,0.09196466608226829,-0.28961194174841987,-0.045517977887905688,0.98553986536911431,0.16321546329077755,0.30043416966102471,-0.14231540310382398,0.94312546129318631,-15.268032759230023,10.857628935792981,-9.5697014101337512,,0.1177315117255343,0.4666666666666667,0,3
0.85256024079391335,0.47424952967910261,-0.21960969791102669,-0.42997463608456976,0.87535011239527893,0.22109724795553631,0.29709063960576776,-0.094072123015907699,0.95020397153974978,9.9486133382193618,6.804542088678124,-1.3735343155084199,,0.1309057781901847,0.3,0,3
0.67207975213318949,0.70025853196399035,-0.24072140574578615,-0.68893871560480879,0.71049937883862679,0.14336693764854466,0.27142633054548498,0.069488280174157604,0.95994746002323006,-6.5180828932331538,-8.029188830490499,-4.7335085551594798,,0.1324104362862608,0.125,0,1
0.23656285014952624,-0.89751778439794705,-0.37215567255992893,0.97159980012236213,0.21629349597029923,0.095973704748394326,-0.005643255383076598,-0.38429019020831945,0.9231951058028498,15.88923111846556,-6.1347081993598689,2.0509496214194138,,0.08167742232572332,0.4285714285714285,0,5
-0.55478532718165174,0.80975367661811926,-0.19108172059981868,-0.82298615088045868,-0.56781325849343456,-0.016789846277911441,-0.12209437416570686,0.14794284937943922,0.98143052587260504,9.4372555313997122,8.9282953968997631,-1.7567401873119346,,0.115726841469125,0.1333333333333333,0,5
-0.90862464740606963,-0.25652760308206107,-0.32953731045690238,0.28205425172123771,-0.95888919287069718,-0.031255637599576912,-0.30797183184857835,-0.12134704220851819,0.94362505590678103,-5.8756675240900327,2.2251027774118386,-5.674537392662427,,0.1753440889391673,0.4892638036809816,1,4
0.45875211653684295,0.8852964194361792,-0.076136359950083707,-0.86140174778064715,0.46411689120712685,0.206355373607472,0.21802184407396957,-0.029081970870520186,0.97551048916804217,-10.880955251613056,26.151331393929006,-10.205082037247545,,0.6359947038747213,0.5476190476190477,0,1
0.64127084008776236,0.73843641534827975,-0.20852666529899827,-0.7198089791333544,0.67306557421312518,0.16987573802093106,0.26579455075703795,0.041163008839743588,0.96315048849654095,5.771933589587845,7.9145904654455705,-2.7403226395813469,,0.2073220590392904,0.2777777777777778,0,8
0.91783139994568974,0.29305396753366381,-0.26777769396743006,-0.24492470008001208,0.9489052339114743,0.19897424040847,0.31240584591913839,-0.11703943424414609,0.94271117436220031,0.50978664313304112,-7.8962920305592812,-2.5427966054057554,,0.08707434217505533,0.2325581395348837,0,1
0.23671062272354723,0.94629224633885745,-0.22022503401927149,-0.95877427678179339,0.26419117732985736,0.10466569639864048,0.15722584797474964,0.18637061554875703,0.96981752221157447,14.457721381266179,1.5856659843560634,0.61834260935178387,,0.08138481986678059,0.3333333333333333,0,5
-0.015850552305371284,-0.91683175524010019,-0.39895901114647198,0.99444326461413968,-0.055986779473145669,0.089151971306284702,-0.10407378851173789,-0.39532899350740952,0.91262458515932599,-0.11570265729299511,-13.215776160375004,-2.2000480256827752,,0.2632228865616567,0.3829787234042553,1,5
0.6657620693610885,0.72998270335894355,-0.15455135003231393,-0.69807667645271831,0.68250318448842362,0.21651410336485774,0.26353333905365578,-0.036258184730209753,0.96396863187932724,18.051722935649867,-6.0367114509293902,2.6921385123275292,,0.4021533338108015,0.7692307692307693,0,6
0.79695400887575696,0.54146072649081489,-0.26773977927252746,-0.52855626283366841,0.83967371514047295,0.12480516464275188,0.29239115026992318,0.04205156085375842,0.95537379149398705,12.05330620164308,8.6258613627283847,-1.0277890496957047,0.7637422946847696,0.6358137476137222,0.9125,1,5
-0.49105726185674337,-0.79522028337922923,-0.35565076476793306,0.84072573265765238,-0.53953982690803959,0.045574308851540062,-0.22812936686233673,-0.27662515446412417,0.93350710543235182,-1.4935283164391426,15.227308992673979,-5.9959134224490489,,0.6992925560779794,0.7540983606557377,1,3
-0.77456058476386203,0.60056433617320915,-0.19843986153769025,-0.60215242787871703,-0.79618079899392691,-0.059233342917305594,-0.19356744077977409,0.073611231685290046,0.97832153837056246,-5.1852366074511034,8.1972954546541494,-6.2154037806877325,,0.3750362943874251,0.4273504273504273,0,5
0.12802386858910736,0.98000961014352106,-0.15228608963993873,-0.98295796909365873,0.14580617566908782,0.11195619738105526,0.13192240168655833,0.13535775989244062,0.98197492675228293,19.116990249680153,1.6383389711100877,2.0641907654781475,,0.5942987488565453,0.2580645161290323,1,5
0.59897630726363305,-0.6007286078161771,-0.52948326044178196,0.79106733781717486,0.54650769121669462,0.27484870470832845,0.12425719446241235,-0.58348477545882549,0.80256193931191033,2.7130974021101406,-9.9852043088612366,-1.5935658376588864,,0.5638421324984767,0.3380281690140845,0,1
-0.61033753191485196,-0.69127076625592243,-0.38682402311133451,0.74764519987961675,-0.66406087759961729,0.0070573322576981687,-0.26175322774142895,-0.28489976932524447,0.92212654728370524,-15.622334733809319,17.709847016458482,-10.542152266506346,,0.1686586511798575,0.2,0,2
-0.42370624038035332,0.87708048139520955,-0.22628046981190048,-0.90432005554008066,-0.42387488556664771,0.050351946673861739,-0.051751898619590009,0.22596440104894722,0.97275990380353305,-17.132966009343324,7.5239839767862318,-9.8101548535313743,,0.1089999621086769,0.1818181818181818,0,2
0.29355176903982222,0.9545080881754513,-0.052360944426531053,-0.94518911082684653,0.29800653707826069,0.13345279552328823,0.14298567644330096,0.010315690295395877,0.98967099728434171,-11.791574378154383,20.212331065888751,-9.6866427789868546,,0.3574613788760718,0.3714285714285714,0,3
-0.4349827694797031,0.8807979307121101,-0.18704276385102966,-0.89692584387415963,-0.44216566314386035,0.0036819732721137116,-0.079460813275435943,0.16936508373869422,0.98234487200971898,-14.084815720709534,10.110275859411971,-9.1411340005626176,,0.3349814433005882,0.6842105263157895,0,5
0.90285084733260679,-0.27443063181742738,-0.33098062751629614,0.35067547504215729,0.91542211976374643,0.19755772283362144,0.24877109694405991,-0.29443194624146379,0.9227257286744055,-7.6287860215510328,11.42745718170514,-7.3100966594763932,,0.07554545118071514,0.3384615384615385,0,5
0.0829490498678358,0.96744414217118424,-0.23910517958564881,-0.98923274094188363,0.10896406561478308,0.097700648172392601,0.1205737922379141,0.22842649623754105,0.96606588618065248,-1.6049475765742172,11.543457726484139,-5.482607078249508,0.1067999016590485,0.1294863330534232,0.2307692307692308,1,5
0.38093558753563389,0.88925975361621434,-0.25318998547989963,-0.90302453212979183,0.4166383165540945,0.10468623381677766,0.19858190380961807,0.18875805619204816,0.96173573485752717,8.3306512076926396,5.975153488247769,-1.7778563240302407,0.05827786615555418,0.09060343151310461,0.4473684210526316,1,5
0.93837911095542514,-0.072979633150385373,-0.3378144716671268,0.16828171519404012,0.95023639514031133,0.26216799515214867,0.30187068167322378,-0.30286096892135217,0.90396312151003255,-3.366913783882473,19.476755154038472,-7.2209463644065464,,0.2164451199523175,0.4,0,2
0.94928954423572953,0.10370530375810699,-0.29680729636779429,-0.02240766975472528,0.96394966810828842,0.26513946083162254,0.31360366314965782,-0.24504335805395563,0.9173911353031251,6.384528358330229,5.8702781747479884,-2.3223496234832104,0.8156236980765449,0.4483189448751964,0.6290322580645161,1,4
0.9092695646627571,0.32606245938601353,-0.25867379333273199,-0.27463880186793221,0.93702959665180185,0.21575231981860354,0.31273373224925294,-0.1251351572409069,0.94156189660358858,-0.23604322302109684,15.052347685734972,-5.6173126045747033,,0.1564839535973302,0.3846153846153846,0,3
0.61859544512721587,0.73817302611832336,-0.26914728083184958,-0.7419270956873264,0.66153719663681554,0.10914541745245895,0.25861914073175285,0.13217080228711578,0.95689446600445427,12.563903915640351,2.1359764689301359,-0.053011044795998635,,0.08058751010788477,0.2903225806451613,0,3
-0.6568998480772491,0.7315737617422633,-0.18243470263730871,-0.73342126728706147,-0.67611780749036132,-0.070412748032367245,-0.17485947010994202,0.087547367320229469,0.98069344047371365,12.53515043135563,10.643150230011102,-1.1367696282043269,,0.09480738577120595,0.3,0,3
0.62201928882659907,0.75403788872798616,-0.21099494470316868,-0.73834365668339763,0.65454970011998326,0.16252179764028268,0.2606542709472473,0.054695086026819814,0.96388163101154567,-11.558763202920444,0.91572595135091661,-7.3097951149342899,,0.09416478743981103,0.3090909090909091,0,2
-0.77980564176667655,0.58128822259567881,-0.23239441331585048,-0.59556896227432654,-0.80323318560999257,-0.010679920894137664,-0.19287501715967159,0.13007863701000158,0.97256299330648843,8.6850871996510648,-0.10652614362117625,-1.0170209735260871,,0.4598019609526453,0.8153846153846154,1,5
0.9473138422562658,-0.095427377284353909,-0.30576150826142462,0.13301656115228394,0.98558785152179595,0.10451402485729798,0.29138132872387751,-0.13967892681890415,0.94635443607235625,16.297551313364675,-8.2513648724928501,2.4090937379810002,,0.1272628820341805,0.6071428571428571,1,5
0.93462613729160005,-0.09547810826827513,-0.34257541408118525,0.18857414087147564,0.94976609231978237,0.24976821910362521,0.30151911529116832,-0.29804077023307268,0.90568091643409865,3.5222257270075588,9.3512870560336729,-3.6208988108956879,,0.18314856928752,0.4482758620689655,0,4
-0.090380866661190912,-0.88619217310280474,-0.45441691349783764,0.98879277273879695,-0.13429172858363664,0.065227173888965609,-0.11882824378528238,-0.4434288713709878,0.88839781883656044,-1.791737091769491,4.2998071383973127,-4.6360348288142603,,0.1498459176480577,0.2463768115942029,1,2
-0.15505058438021829,-0.88902247300816872,-0.43081127976156053,0.97202017848371736,-0.21517811252995034,0.094208027834844638,-0.17645421191866092,-0.40415024727753002,0.89751127498303684,7.0253522080618982,0.57074386204759864,-1.5926628561922602,,0.1217064132270022,0.3333333333333333,0,4
-0.5449401262325404,-0.75829289019341872,-0.35781580667121843,0.80324230495084825,-0.5945253050229673,0.036625963804331592,-0.24050375955255138,-0.26745383595951566,0.93307362371445746,10.475464883165646,-2.0755071659935536,-0.16681785098580654,,0.08811626936415848,0.275,0,5
0.84773865704305096,0.46681236593987707,-0.25184396828286065,-0.43145601982213727,0.8830665722500366,0.18449696998544526,0.30852045688103691,-0.047745617392437815,0.95001867545103069,1.4119124876823392,-2.6876712082773779,-2.937943549837478,,0.08733271126519085,0.2075471698113208,0,5
-0.87302554752193973,-0.34853642873471907,-0.34109932749694089,0.37710373849776585,-0.9259758778325845,-0.01901168280777403,-0.30922348517702519,-0.14522751639074052,0.93983498801542342,2.123495669972872,0.76432257490931232,-3.0715709210911877,,0.7012880833420034,0.4707520891364902,0,1
0.94239857396014659,0.16295443570070356,-0.29211432639182311,-0.12314430425049669,0.98099277216743497,0.14996219952345716,0.31099904843671849,-0.10535194749370939,0.94455310016469674,-2.8865902358365503,6.3987775639231295,-5.2470797715076767,,0.06847010886393098,0.1827956989247312,0,5
0.52077693259009428,-0.76445649447390907,-0.37999691385419715,0.84857023074237081,0.51223131748183637,0.13246750880371072,0.093380672410790969,-0.3914400917732927,0.91545327820300271,-7.5631775407778479,16.59377468978029,-7.9957876157584744,,0.09936508397576159,0.1875,0,2
0.40951938020969753,0.90712770663624265,-0.097021652663391508,-0.88904169045565584,0.42067642953017259,0.18065495916109062,0.20469184122581632,0.012274587187204981,0.97874950045707254,-0.95602989545133532,5.8144306142457252,-4.6281445062493844,,0.09085074359891351,0.2282608695652174,0,2
0.16852416428013556,0.9496192489104035,-0.26424020918952418,-0.97644340172798494,0.19747911175349578,0.086949891563656692,0.13475121251982583,0.24336245092431974,0.9605294520234896,-5.4199517570371265,-10.231619321407848,-4.1788804956028374,,0.3100721270856594,0.722488038277512,1,5
-0.62574920360766861,-0.69283777370683275,-0.35834864798032706,0.73354179053171187,-0.67890491457562641,0.031694770997617555,-0.2652439928215124,-0.24303073116382065,0.9330496706939454,-7.4237686424846556,5.4757915462290425,-6.5964747696651154,0.3000574991584449,0.09735122873854077,0.1863636363636364,1,4
0.79106263964492551,0.57367206484016542,-0.21241530589866581,-0.54814439317014463,0.81888270650893047,0.17020234198371889,0.27158354956465375,-0.018206454971514199,0.96224264123101155,13.819965600589752,21.276826569341381,-3.0283711005130192,,0.318289191887218,0.5,0,5
0.82571800414031915,-0.44159212936205977,-0.35097887247526699,0.51967281620785555,0.83751347632723483,0.16885301615566928,0.21938537265078584,-0.32181915458181215,0.92103338159434989,4.0990953378376354,3.1932745522495454,-2.7110369895943145,0.1963206296877446,0.4505294083878941,0.6830188679245283,1,5
0.70882033346250839,0.68075670607835781,-0.18478106504575503,-0.63731502032564447,0.73032615070367324,0.24587248415729479,0.3023297863880145,-0.056515667984199332,0.95152649964931502,-1.60466770490414,1.5668129477078576,-4.3386748063321505,,0.1631924927444111,0.3333333333333333,0,5
-0.095287864188664653,0.9681596691507135,-0.23148882903575183,-0.99433386810676849,-0.081563757220129332,0.068172664932269811,0.0471209260753047,0.23667321043607098,0.97044598499230694,-0.26849414248708509,7.6324740093478649,-4.5035557649374978,,0.07149656733144305,0.3548387096774194,0,5
0.91716986410665102,-0.20781608374526861,-0.3400175226534165,0.29854989016449146,0.92349575266626849,0.24088079601772303,0.26394583432469076,-0.32244080099165701,0.9090459429525557,-1.7267129245119204,18.131721184986532,-6.4825259677902629,,0.0914367930741295,0.4,0,2
0.81208200947670284,0.50915699988677754,-0.28509991117251482,-0.49870257984059441,0.85924326345429858,0.1140032941135561,0.30301575329447045,0.049600037043357241,0.95169390540272014,-1.7155650609374971,-3.7921303051943349,-3.7698942531005031,,0.2212120014058021,0.8105726872246696,1,4
0.7709674277474603,-0.46262734841567044,-0.43770442292756234,0.60626764465337157,0.74361446917457219,0.28191676835667695,0.19506093509187755,-0.48271467528148032,0.85377852741151616,-4.3710861441770792,4.3027777065289481,-5.492766271708251,,0.07911825988089907,0.3333333333333333,0,5
0.75682225070820508,0.60242371221369695,-0.25358578784236852,-0.58708037399772361,0.79707908468298816,0.14142689711515982,0.28732684402898873,0.041840216581632096,0.95691832513372965,2.742846712419257,17.104669639758157,-5.0410939391702634,0.1844599659460924,0.1241436136783004,0.3461538461538461,1,5
0.93109127797572877,-0.14416829135433418,-0.33508884768893193,0.23833777827353603,0.93583759987738102,0.25962105096347249,0.27615961964986696,-0.3215952276134007,0.9057109771064531,1.4511075436157896,-8.3022732892941367,-2.1743565517821364,,0.09381169204574868,0.15,0,1
0.79407119990053154,0.54712457878320331,-0.26477466793451537,-0.53567590440086632,0.83577896151037245,0.12051909782668252,0.28723205763431831,0.046132665086097278,0.95674945637779696,-13.535319998469772,6.8309281071649623,-8.5730571522788654,,0.3752224095675339,0.1842105263157895,1,3
0.93208106686012959,0.24706285078009413,-0.26492420154696322,-0.19179112189475703,0.95698854406696632,0.21769035827739086,0.30731262642988399,-0.15209495155658947,0.93937536445649128,-0.82690850741662658,12.523507694608488,-5.3718652533064342,,0.08319574071506657,0.1666666666666667,0,5
0.68699381849698216,-0.63561406163578571,-0.35218497696209877,0.70776891013470444,0.695092440304799,0.12613353748250786,0.16462886500752824,-0.33591853786592113,0.92739208144363272,-8.2182217322675211,14.174208185678241,-7.8658736487640084,,0.09775157403246075,0.2222222222222222,0,6
0.93477521889363546,-0.17994495089019438,-0.30629251507583749,0.22121173966166879,0.96949783627607289,0.10554293766932793,0.27795801189786667,-0.16641442276779719,0.94606848775162511,7.3035732594817437,2.7406035699777451,-1.7514074568174487,,0.1086474479982864,0.3809523809523809,0,4
-0.80133978720938281,0.53695858517686657,-0.26368546270145077,-0.56092653033304973,-0.82764105806157584,0.01927969344260292,-0.20788451843210115,0.16335775713314718,0.96441602546861505,3.3741927571396673,-8.3796672309250546,-1.5775107409474414,,0.8436348901880848,0.83125,0,1
-0.93613508094940778,0.20390123727140502,-0.28648803754264296,-0.21670272665256993,-0.97614630840953187,0.01335338308383493,-0.27693146891818943,0.074583309242968895,0.95799075752596929,12.200521223556226,16.05363718097686,-2.229439635740361,,0.3722179842843633,0.3333333333333333,0,2
0.72526934658283237,-0.50094022091734336,-0.47227457053560923,0.6658775089912482,0.68467911425712147,0.29634718409273453,0.17490431077283636,-0.529408543156763,0.8301416002741413,-12.085091730503834,17.326040719427134,-9.412955742171782,,0.6523083698977594,0.3636363636363636,0,1
-0.10051035351454499,0.966651441081534,-0.23554757543089863,-0.99364040325677871,-0.085447786893495581,0.073330926154728318,0.050758426414612673,0.24142010514867526,0.96909231499270243,10.379465236999364,1.4299395917761331,-0.6643711757273596,,0.08042011939566904,0.1052631578947368,0,5
0.75876918383638037,0.60090462107430764,-0.25136221281612048,-0.58317057636164971,0.79860997923004107,0.14877560263771505,0.29014031868441692,0.033700703935331949,0.9563905363542492,-2.2450715959323255,20.021895215377643,-6.950768849435736,,0.0691471411965065,0.4,0,1
-0.44761315962775772,0.85855172886101816,-0.25006276851585302,-0.89155918837558645,-0.45005906334937795,0.050685827606412388,-0.069026610456560181,0.24563340238420012,0.9669020419267097,-1.587312814544664,-5.9775156484320462,-3.4278259218612557,,0.3880650276270896,0.7876588021778584,1,3
0.83384098560057318,0.49815228040343595,-0.23780983213803578,-0.45467223811769009,0.86410651178628117,0.215854330912297,0.31302135169619782,-0.071862659409469204,0.94702343770620767,-12.097930641978495,8.4189628639206155,-8.3116627121957798,,0.457169498905087,0.6153846153846154,0,4
0.67584137859055371,0.70709777514684569,-0.20796915003721414,-0.68490818210201987,0.70675210054076887,0.17720680142397946,0.27228516866426417,0.022676083515285807,0.96194936569545153,7.5638203543660012,-16.06768116109415,0.49272380831782897,,0.2518939039372805,0.5217391304347826,0,1
-0.17776556499075558,0.97359234348600043,-0.14323879575364634,-0.98405699318504669,-0.17504279825183605,0.031493696889565645,0.0055891025328085441,0.14655363347800146,0.9891869360476172,-6.0171332596376761,23.133143193039075,-8.4667901017568337,,0.3741520579413092,0.2777777777777778,0,4
0.89368390540873011,-0.28562732058726858,-0.34604351019421892,0.36980215378438325,0.90563884135926054,0.20752025462081083,0.25411698933725413,-0.31342514697387081,0.91498045496861635,4.3018003366308788,-7.7163220616875527,-1.3544474965849558,,0.09982236480532169,0.3333333333333333,0,3
0.69813468130295542,0.66672986778464416,-0.26092000721656261,-0.6603146924310449,0.74045937139878915,0.12531730234649965,0.27675345295355352,0.084800959378890872,0.95719189485008926,-13.191883388324893,12.685706393137812,-9.1826216812063812,,0.06918966978710339,0.375,0,2
0.89111256439855202,0.38694744402703385,-0.23704445391525614,-0.33011682961829908,0.91120338020127334,0.24643716990855191,0.31135394067491645,-0.141350894835226,0.93972264427089414,-6.09454282270727,18.255404623194362,-7.7285659661310495,,0.09455084706578364,0.2608695652173913,0,4
-0.59838468908011822,0.78655436845157045,-0.15253848479725068,-0.79393508562196202,-0.60770264075389113,-0.019093984371910039,-0.10771649684675834,0.10968010708646343,0.9881130656036099,28.133134850681451,-12.859050560301021,6.6063196151194346,,0.2155620604001606,0.2,0,2
0.57098578561060354,0.77267778631918094,-0.27738830393427133,-0.78287717642465848,0.61419170896049147,0.099357291013514287,0.24714076811403529,0.1604293712917946,0.95560653909594173,-5.7908371839851034,-8.2579301309829347,-4.5200383090464662,,0.06264904876044557,0.1714285714285714,0,1
0.14895346433400541,0.96259853857866984,-0.22631155292893976,-0.9806888433752422,0.17313695940717125,0.090955955091297128,0.1267369635987414,0.20839301047167988,0.96979899734136776,0.80866207393775069,18.764585902532758,-5.8245916160136852,,0.08766188045340567,0.2,0,3
0.43987059606595591,0.88967818703384016,-0.12241969707836615,-0.87591065111321897,0.45510534692704546,0.16018631172740441,0.19822812611482846,0.036767468155854383,0.97946606031164274,-15.577583726309845,4.455210319877934,-9.0238217871108581,,0.2563761025026103,0.24,0,3
0.92197784764453883,0.3127149561158743,-0.22839922214007677,-0.22494442475498327,0.91258704409014579,0.34144529976331744,0.31520922293675829,-0.26342787092534237,0.91172852461428888,8.0606876369614966,11.171654385982032,-2.5281656480717185,0.4449202595486072,0.4607577894970582,0.1764705882352941,1,4
-0.95208464946057769,0.099555614006315782,-0.28917728123307901,-0.035285209301085085,-0.97497764854522628,-0.21948471209129977,-0.3037923209465776,-0.19876434427997289,0.93177409342439055,13.681408448368492,-4.1754498444190844,1.0955879202318295,,0.151310334151532,0.375,0,4
0.4926455047065067,0.86333627633516097,-0.10932008349891308,-0.84009738031756853,0.50459063384074765,0.19905949820028895,0.22701717616962322,-0.0062262511939706854,0.97387085156094466,-11.668800711824986,-0.80442040942784676,-7.0882841038320512,,0.1561131895890079,0.1153846153846154,0,1
0.21256072428059489,-0.80589423994735943,-0.5525870180460053,0.97702081560241216,0.16616603319702922,0.13348848373983616,-0.015756407360360773,-0.56826342784947115,0.82269581996984931,10.556396699074744,-6.9872707822880784,0.45310570518365739,,0.4667430585458262,0.3488372093023256,0,3
0.46940926341762129,-0.80850941482546612,-0.3549189619565411,0.87973606295677353,0.46266670538419952,0.10956267275968526,0.075626734367165785,-0.36366474377854208,0.9284549268442952,-14.159742908644494,15.561323700679537,-9.7535628137365045,,0.5557357616572306,0.7142857142857143,0,1
0.94760999705838789,-0.0056882774395825321,-0.31937898643268842,0.11425015198490963,0.93973581102463621,0.32224758843053208,0.29829883715231953,-0.34185413406545029,0.89115293568272247,-4.1076034990797892,14.202374152069986,-6.6394689901483002,,0.3330040271708134,0.2727272727272727,0,3
0.94251694793372176,-0.040036236952760429,-0.33175126614432787,0.15032757735911717,0.93746256416066298,0.31395152537080284,0.29843495496178207,-0.34577599761692196,0.88959290528251278,25.645865699245373,-15.408652576608528,6.0976907793559487,,0.2842726467775197,0.4545454545454545,0,4
-0.88423880917727327,-0.26112603031114751,-0.38721431357673097,0.34895897643877732,-0.92043063815445236,-0.17616774139832703,-0.31040193476774286,-0.29089626439768645,0.90500276367087007,-5.4174244887664873,4.5512869300255225,-5.8400294157644463,,0.1761313973868936,0.3092783505154639,0,3
0.5150538700576105,0.85125275982775606,-0.10044027988962616,-0.82491804812364966,0.52410167051965684,0.21172541849851825,0.23287276530016526,-0.026194996547685593,0.97215435880179057,-1.258300287986684,-12.502493648133058,-2.644541524497475,,0.3011400375378386,0.3684210526315789,0,1
0.94605668676276744,0.20688734117520546,-0.24934789650788894,-0.09736074334816576,0.91554896881059367,0.39024475827940425,0.30902690997087512,-0.34491696648804054,0.88630392932816227,-13.662884418959919,0.53663941437846052,-7.8707471096971737,,0.1112045036059655,0.6,0,1
0.90226172213348033,0.33055248859095776,-0.27687332312639146,-0.30417127586526699,0.94305072416156055,0.13466687267792246,0.30562005776981011,-0.037287852508301661,0.95142314263638628,19.108218410671046,-10.253828874247043,3.4365496808818121,,0.1086476673887156,0.4705882352941176,0,3
-0.020536667699985009,0.97217325857124159,-0.23336109486963105,-0.99682412159859257,-0.0019475799434361491,0.079610787783800499,0.076940989589254605,0.23425490870275581,0.96912575131903733,5.2575101626288792,4.8785790683894454,-2.5366328224180812,,0.07298323569927316,0.2830188679245283,0,3
-0.21449502613493932,0.95885783418054948,-0.18596649589094966,-0.97648073035606675,-0.20625994794391733,0.062787077631116531,0.021846441510118428,0.19506021558677569,0.98054793115308048,18.555647555993684,4.6986642125949309,1.4451693341966489,,0.2607149763300469,0.4,0,4
0.68466565691121561,-0.55800490427285832,-0.46889600665155062,0.71129425257866141,0.65191829613690411,0.26279844255725382,0.15903906593946082,-0.51345210289704057,0.84325174979700457,13.702271472120188,-3.2967273416717915,0.94377893627735576,,0.2001625319140189,0.1111111111111111,0,4
-0.098922059411165095,0.98216734630656177,-0.15988036155506941,-0.99374886354339032,-0.089149922922839561,0.067197376802007769,0.051745747342879927,0.16552823049853937,0.98484657817344734,5.6716793073015221,-8.5192185277394508,-0.86079599617798885,,0.1906025719681706,0.3061224489795918,0,1
0.037222315645186396,0.99116017900179787,-0.12734205424421102,-0.9939139417905376,0.049940779926795971,0.098188567637482946,0.10368015978193391,0.12291223723221698,0.98698683193149306,6.5695222589721345,-13.044149528233088,-0.14364562920230012,,0.2572069088357691,0.1951219512195122,1,4
