axis_00,axis_01,axis_02,axis_10,axis_11,axis_12,axis_20,axis_21,axis_22,location_x,location_y,location_z,dbh,dbh_approximation,score,reconstructed,number_clusters
0.61037956031740515,0.78750004774160798,-0.085325653549771063,-0.75070147400184017,0.60947804024988217,0.25491923306142833,0.25275302031468383,-0.091543395502501332,0.96319038484698194,-7.9123813324648422,14.700834441945638,-4.6606808124443377,,0.3575035093043353,0.2076923076923077,0,3
0.76553137505221824,0.61049370956899951,-0.20312347079385334,-0.57660525939242735,0.79104305641244688,0.20439485742710337,0.28546118589337333,-0.039348614693992687,0.9575821624644083,19.101278027052246,18.879707685559133,0.22484687307593426,,0.1688383652897009,0.5454545454545454,0,4
-0.18144775034021543,0.96913420520528237,-0.16689998860874328,-0.9800229053277103,-0.16414689570706892,0.11229827096961506,0.081435980558395099,0.18394208037003495,0.97955780438912077,8.9412164018892657,-28.657465266362394,2.7982449976695629,0.6372003016620493,0.7307945171353492,0.6875,1,5
0.090610092896322186,0.99001716677412599,-0.10796212557120041,-0.98294540989902801,0.10632529036780375,0.15004417278466289,0.1600254111813226,0.092525359338583649,0.98276697423932313,-24.003532345332136,-16.785944480790473,-4.8367962430906122,,0.3059235464434509,0.7083333333333334,0,3
-0.74999019499234465,-0.59039529081337683,-0.29824169393418626,0.60016378940554205,-0.79694790661455484,0.068391958804076489,-0.27806138405345787,-0.12770056667089139,0.9520369908623344,-0.083627113254488641,10.42488777416027,-2.5783128797773767,0.2271182000626751,0.2053401419549534,0.7,1,5
0.92445726193833977,0.2966108172021053,-0.23958462798803926,-0.26201726503776945,0.95068704083428546,0.16595512409045191,0.27699408598667785,-0.090643110650779124,0.95658669383383965,-25.245086075091915,-15.424823338811544,-5.2581895017579514,,0.1151155686525623,0.4666666666666667,0,1
-0.90018604841863747,-0.29143917155479371,-0.32361750186894167,0.33367534585346242,-0.93907423067246931,-0.082464251991286125,-0.27986754331649666,-0.18221635099618713,0.94258758724461456,16.40502694621237,13.260818373792128,0.37215261246206832,,0.2365456089608397,0.6190476190476191,0,5
-0.79432874983206669,0.58843399102140415,-0.15095454746661072,-0.60126046073064254,-0.79701623761022333,0.057017324977770234,-0.086762293377958155,0.1360535012275208,0.986895004167886,-0.061853753076485142,13.368141976952145,-2.8596000121732135,0.6720924275559268,0.3041713914102562,0.2173913043478261,1,5
-0.94568601198863389,-0.14375882695704975,-0.2915670873074786,0.1759153132593454,-0.98054340452269817,-0.087111620395349407,-0.2733711200728785,-0.13367135638935576,0.95257556088277362,16.587234147468141,5.9204147017352247,1.0957788935022357,,0.1151994811517565,0.2258064516129032,0,5
0.95812514996643072,0.156310731742826,-0.23992322135180566,-0.089903644241649316,0.95970878952124616,0.26622617089184886,0.27187043192277488,-0.23350801797301807,0.9335740323019045,18.993810880007782,9.3200206303054927,1.2740370214464607,,0.3826519438681469,0.24,0,5
-0.74301542463688663,0.66464027174705209,-0.078621803106214208,-0.66775293650352296,-0.74410980232046553,0.020164768323003051,-0.045100937269526492,0.067482673795596873,0.99670055392520385,9.9486600358585875,6.9742580223553192,-0.21828583544485472,0.6132072241543466,0.5358163582011749,0.7431192660550459,1,5
0.59467686961214383,-0.72482713258702813,-0.34782905084821225,0.80376738285196825,0.54559613499429971,0.23724007195787869,0.017816144689550981,-0.42065482921862291,0.90704580901046705,7.7332447944763452,15.696653237949546,-1.5649928581638832,0.6342859804569825,0.4092573363245401,0.2608695652173913,1,5
-0.88996270063896854,-0.36046485024058578,-0.27934115918071306,0.35503563543799421,-0.93210120850163303,0.071673109873465063,-0.28620986887340555,-0.035389671527527866,0.95751317594518803,-15.725787160657353,14.316422435092521,-6.3716368291562109,,0.07594393885519043,0.2647058823529412,0,5
-0.73200585693825859,0.65986306358442737,-0.16955283166334822,-0.67304508193287527,-0.73900624018717276,0.029666389237455074,-0.10572484615290437,0.13583267015483647,0.9850744858255911,12.779538364195009,18.806068743264561,-0.86101629015563796,0.4501643547241858,0.4926623223366602,0.7368421052631579,1,5
-0.78112308348491344,0.60949504807248978,-0.13550835701953029,-0.61750645426145723,-0.78622224492913195,0.023245656025102476,-0.092371572426056994,0.10183500357788357,0.99050347028863506,-3.7998303902488244,29.086105597520124,-5.5519216282693105,,0.242594678923635,0.12,0,5
0.20935426312597441,0.95934959642612416,-0.18925946303425209,-0.95595608380537944,0.2415170298413904,0.16678576117905267,0.20571523605815709,0.14600642497378724,0.9676587030146071,-25.791500405203951,-22.838837162596558,-4.6744040769635564,,0.2691923891348642,0.3333333333333333,0,3
0.10236009406015938,0.98615278753074065,-0.13048023141206355,-0.98462180944061328,0.11911056397621272,0.12779892770740128,0.14157084275333107,0.11539217128825879,0.98317971057558606,-12.88171226847934,-29.226395820240736,-1.2847960889844821,,0.2095895147789394,0.2,0,5
0.72020623957540775,-0.58836201430304735,-0.36760456009401032,0.68932020871647881,0.66673220769061659,0.28338280308280278,0.078362123067975742,-0.45749131505773627,0.88575452260489329,-0.56771355955409131,-27.513730308942062,1.1691837016930529,,0.2642074034173399,0.2941176470588235,0,5
-0.89959154301556465,-0.30628181023208267,-0.31133022412839007,0.33421144813248022,-0.94167846790760623,-0.039298486184248638,-0.28113655698266193,-0.13940271087802295,0.94948887330383858,5.8453444493882456,16.851612463226392,-2.0738746517909674,0.505331484503732,0.4550423360537968,0.2083333333333333,1,5
-0.95909261846059002,-0.073487895191938643,-0.27338778040481038,0.07158016980926489,-0.99729064103444354,0.016960442069330811,-0.27389346196009667,-0.0033025089506307391,0.96175436829272865,24.100207183001128,5.0995078882019955,2.5466683928957168,,0.1646075724019672,0.2352941176470588,0,5
-0.79883598212277918,-0.5074477622924195,-0.32304464429912849,0.53155132195249422,-0.84687757159988508,0.015860985203868316,-0.28162788533185074,-0.15904448203410809,0.94625080551511931,2.8461398509631568,21.513151514173014,-3.0977390288439315,,0.2755217632071835,0.2631578947368421,0,1
0.6825602212182782,0.7140165585843572,-0.15585858487040397,-0.67963349058513511,0.69855792910947456,0.22386410644260515,0.26871892915371409,-0.046874019943164605,0.96207742067301827,-5.016783573546884,-22.507519873051201,-0.24594629582617419,,0.2358140443352145,0.6451612903225806,0,5
0.86030876637411335,0.4571417317646016,-0.22558870445816212,-0.41864513635357797,0.88607361020024322,0.19902212719745913,0.2908695176661607,-0.076778866792683725,0.95367705713553086,7.2192748526080885,18.148352542345265,-1.9338986376496963,0.2817650864703542,0.2431395346044295,0.9240506329113924,1,5
0.94567349031893555,0.22775072807723395,-0.23201563647368736,-0.15449919114907973,0.94271594531622649,0.2956630622529845,0.2860623177601001,-0.24375449187004125,0.92668878165805824,-17.40802540128486,-20.116307646599498,-3.0903173122601881,,0.3535575955824913,0.3928571428571428,0,5
0.091932014769090978,0.99297382856444028,-0.07450825757305464,-0.98403891982572156,0.10204413580247679,0.1457888837207833,0.15236767678455293,0.059916359488897009,0.98650601667545601,-16.166123965162871,19.670359860346306,-7.2494888611755339,,0.5432601835708162,0.4117647058823529,0,3
0.94423163117771658,0.1871650630168451,-0.27091671389814392,-0.084163312652115352,0.93260086455433155,0.3509589210091914,0.31834441017063675,-0.308585266366387,0.896343667292125,15.351691925917635,9.2230528487871268,0.55860871793345013,0.6935138721024712,0.5124166668990524,0.8148148148148148,1,4
0.19956664792044918,0.97378202639686429,-0.10918662053663691,-0.96338402645707977,0.21534678610673458,0.15974034957030933,0.17906526912033968,0.073309800026439109,0.98110208572550883,21.038868878160908,12.946499305212686,1.2118909517904597,0.3369783544576014,0.2347850238098547,0.4,1,5
-0.61297134275940279,0.75749458658818936,-0.22465102769700987,-0.78764611011606211,-0.60825781053966421,0.098163339065714394,-0.062287544298769038,0.23711682185598304,0.96948227143055454,-1.5882751526806458,18.36664355693603,-3.7443651006953562,0.3030881996968765,0.2019932619128867,0.6105263157894737,1,5
-0.80344992345091781,-0.51655795374609814,-0.29603395232364493,0.52443544952697918,-0.84941559606539263,0.05882690235180546,-0.28184336037265306,-0.10798622867068633,0.95336419831632702,5.7995473553134227,-28.167868720995404,2.3899172276728029,,0.6250396510545952,0.8181818181818182,0,1
0.60877518067398473,0.77769439026246534,-0.15679354179828184,-0.75366157106699772,0.62864102248253229,0.19184551375766171,0.24776403228108368,0.0013784797455380475,0.96881942801608267,-16.199859851938616,-17.921592536517768,-2.9641773745355935,,0.2026960302275304,0.2857142857142857,0,2
0.40832280047339198,0.89124985575426641,-0.19734787871058218,-0.88386836540998004,0.44004670416931962,0.15854214195982752,0.22814294475406696,0.10969317557496235,0.96742865576290671,2.7323900822455895,19.45835673784039,-2.9304040962831865,0.5039549661511893,0.4612948635804884,0.7887323943661971,1,5
-0.95759977363115323,0.13186425006514171,-0.25615326095196017,-0.1488622010974652,-0.98768960510875115,0.048055062631721789,-0.24666316836119476,0.084149055341569801,0.96544094478074638,-13.919860114268458,-26.571352338686662,-1.8071917252892216,,0.3570611331559902,0.4444444444444444,0,5
-0.098934261270895926,0.99353974117382349,-0.055594915730078132,-0.98705060891272722,-0.090892161118114531,0.13217303239425815,0.12626601835726439,0.067951436743685326,0.98966635532015179,13.748323783681142,9.8659569308151305,0.25037643893261491,,0.3745632109347185,0.5490196078431373,0,4
-0.3627351280479772,0.92993974717195627,-0.060293395241727422,-0.93125078896497238,-0.35932567952700323,0.060473333665123877,0.034571591402966811,0.078084074318742355,0.99634716961792558,-2.7758202298543817,-22.529369583727878,0.2033218861285844,,0.1182687103079321,0.2222222222222222,0,1
0.96761695632605127,-0.025441051881050909,-0.25113776838519025,0.086613952191579732,0.96796830042885706,0.23565948453356209,0.23709797366502852,-0.24978014781814653,0.93882609073240075,-19.693039410726534,-20.476926052247837,-3.5208931287720024,,0.4276821491069457,0.4838709677419355,0,5
-0.59496214095690114,-0.7228367833508148,-0.35146413111870528,0.76700006548556654,-0.64131704229389075,0.020575490481433201,-0.24027265839690484,-0.257331373715803,0.93597522068077288,26.595151058137137,8.2550224607972869,2.6489497687486949,,0.252519077617203,0.4,0,3
-0.45105729571166669,0.88916945092336341,-0.0769740445210116,-0.89247524563066793,-0.44994040981008465,0.032273263801672648,-0.0059373328824854944,0.083254520385247457,0.99651062860045081,2.5275514417608971,15.581971295827364,-2.6017210875495,,0.1902143132627977,0.2222222222222222,0,4
0.57645329763627839,0.81703247055575967,-0.012630823481132649,-0.77513669734480872,0.55165482898723239,0.30796111781270302,0.25858208768907837,-0.16773458710897679,0.95131509617672871,-9.8442101313317441,19.465751698668505,-5.6859587210513647,,0.3604799185811688,0.25,0,3
0.95829673339699872,-0.10262393920225811,-0.26671276284282625,0.16933464194441039,0.95571827112028895,0.24068312214279769,0.2302024104960694,-0.2758095599312283,0.93323948526213918,3.3613097680154049,-26.777318532588218,1.8738647131806607,,0.3732296293075443,0.7708333333333334,0,4
-0.93404977586236038,-0.20057453189536556,-0.29550105476365135,0.2038537468265697,-0.97879689279030757,0.020007312883275362,-0.29324847163496731,-0.041551171090542204,0.95513288817041686,11.811935004391716,10.759516791545076,-0.23003227415161145,0.1558541567873337,0.1259763490834409,0.2941176470588235,1,5
-0.95452328461343328,-0.092220920802427747,-0.28351472783108744,0.13280846987449188,-0.9829181604069962,-0.12741193143392665,-0.26692172908997008,-0.15927081248138289,0.9504659903600664,3.1601942671818151,-30.181195874953517,2.0561459428839761,,0.3866766690153635,0.3571428571428572,0,1
0.87260849880548685,0.44502264876864722,-0.20126909821274341,-0.38726456167804341,0.88151525220973481,0.27010557082355746,0.29762487644809954,-0.15775202757665066,0.94155920191706932,-14.310004596391174,-20.908747944360364,-2.3432124593168746,,0.2909505292424707,0.1724137931034483,0,5
0.1411778588242846,0.98167938646377673,-0.12796247250617362,-0.98097475137668921,0.156118135394642,0.11539352218536218,0.13325670466897255,0.10923694426796803,0.98504311614657947,-18.245487494739073,-30.090420341310839,-2.3583712346292725,,0.2967169075799685,0.5294117647058824,0,3
0.80546590162726628,-0.46944999194767045,-0.36172003867093799,0.56792429126202792,0.78585581449698583,0.24472972483088412,0.16937142825841725,-0.4025510450633672,0.89959211613269086,11.002127360865712,-24.925036078357994,2.8990495961703582,,0.3169324953510801,0.2571428571428571,0,7
-0.53057460341558604,-0.79604481909817437,-0.29120995209187084,0.80998501169737402,-0.57740366888326577,0.10261229938828187,-0.24982968405695863,-0.18143221639802648,0.95114009473731154,-6.8901007951785536,15.505584693329661,-4.5303905734208758,,0.07586845301206992,0.2372881355932203,0,5
0.52968050836348002,-0.8011792726947996,-0.27847860252456974,0.84809457248669973,0.50536644368247663,0.1591865374908577,0.013196786669778927,-0.3204941974575482,0.94715854756087947,-4.9685636868697696,15.971724280281633,-4.181207790450495,,0.5879593708699689,0.9823232323232324,1,5
-0.5534998479808001,0.79790605921518654,-0.23871287973823785,-0.83188619537134689,-0.54344381945510878,0.11240183738101575,-0.04004093200484353,0.26079634921473543,0.96456310731877437,5.4801409387207984,11.802292498485624,-1.557757774904073,0.2000395930162145,0.2120685543173467,0.449438202247191,1,5
-0.93032766894118446,0.30877597401931856,-0.19785809629854026,-0.30913901185400028,-0.95054831377903326,-0.029849196333707945,-0.19729039447574159,0.033396123132138092,0.97977609646661068,22.111982992379861,3.8407755899559306,2.2668937739432669,0.2072663953095686,0.1740367447459135,0.1875,1,5
-0.31019230523406993,-0.8748255840922069,-0.37210338777186652,0.92689334560917314,-0.36530170436121973,0.086159100832238031,-0.21130418746206892,-0.31817426390032666,0.92418379024546737,-0.92084322650986772,20.534538764098016,-3.8401448477797708,,0.2846327537089572,0.3902439024390244,0,5
0.74108519297266284,-0.61720525611385035,-0.2642922787031543,0.66669176615090664,0.72305545925480597,0.18086705556403845,0.079465877603248039,-0.31023938284372665,0.94733135682795178,-22.091732582262505,-14.815823846725072,-4.6377017725303569,,0.1007316450432195,0.3333333333333333,0,3
-0.81654906097042168,-0.48718056320508124,-0.30968165890717908,0.50123824312728071,-0.86446098684521477,0.038306994782608794,-0.28637013575964865,-0.12394475002103815,0.95006833664069834,7.6690184363091989,16.754010584244433,-1.6816190983458708,,0.2803597507370488,0.2631578947368421,0,5
0.69652046076536145,-0.62207167447000244,-0.35761163230143361,0.71559115230378778,0.63889243241070326,0.28239292227828949,0.052806727599292128,-0.45259616837797245,0.89015063775174141,-1.8431220944369351,-24.985100531126772,0.62775589062937609,0.6029868394220733,0.2390909184823593,0.1176470588235294,1,3
0.95484290138167938,-0.14863012564021533,-0.2572627439665347,0.19845527672176655,0.96344739261510626,0.17995728605544403,0.22111204585527258,-0.22288608618603253,0.94943733640634187,-12.244018642478339,17.45898839437567,-5.9836169685377207,,0.8505825208013293,0.8155339805825242,1,1
0.52871190425602388,0.84015409614100489,-0.12085039112662795,-0.81337588613924228,0.54218770790168125,0.2108368024030034,0.2426589997201232,-0.013175133312848124,0.97002217795111134,-14.129184958047082,-22.379940305568539,-2.1987431942369682,,0.2135716967695915,0.35,0,5
-0.95954253772054354,0.0092779478233805789,-0.28141079934680008,0.0053256935977587568,-0.99868009779055067,-0.051085215716077263,-0.28151333057693945,-0.050517145220627564,0.95822662389762281,-12.385307398198938,-21.244774183729543,-1.9491307551468573,,0.3098139125797517,0.5490196078431373,0,5
0.95237124372415771,0.20434275154866649,-0.22634719794338437,-0.15041534617227209,0.96047686702669266,0.23422086060482641,0.2652625826670193,-0.18901912018658321,0.94546683413048072,2.7902231751261644,-25.700348668327653,1.6482809600218113,,0.09175924217706752,0.3333333333333333,0,5
0.61150987610021723,0.77872290660389842,-0.14016528158667527,-0.7336817273881725,0.62438770465219706,0.26805058697168865,0.29625461064530767,-0.061078875313286353,0.95315401518425136,-8.2651291274445615,-20.039436096146957,-1.224098477588436,0.5835685360327162,0.4942593241375103,0.6585365853658537,1,2
-0.47149168542843628,0.87114015138953493,-0.13715111085539744,-0.88186719865306629,-0.46532697579433907,0.076033213386563575,0.0024154733790275962,0.15679809385037644,0.98762772503268825,14.703625243835459,10.962943538229725,0.27316068131856691,,0.1012687702864253,0.3157894736842105,0,5
0.78756264214086735,0.57982880780481427,-0.20867112484419625,-0.54154155820433181,0.81280820634517648,0.21465218479102391,0.29407112310071992,-0.056047955694951891,0.9541387746133666,-10.859898723584216,-18.107728978093288,-1.8876325910029885,,0.1387820334927821,0.6428571428571429,0,5
-0.44624644478630149,0.87014531276153662,-0.20907234440431136,-0.89483960804601526,-0.43093076562298188,0.11645063809033199,0.011233271457650818,0.23905189796092233,0.97094181272290514,-11.505651691015897,20.472916022306599,-6.2115213231078421,,0.112895275622138,0.34375,1,5
-0.75431753549753122,-0.58275048636482496,-0.30233578399271749,0.58764569618832863,-0.80466007510714033,0.084821573198722411,-0.29270734769094126,-0.11368392221476083,0.94942002003202119,-22.181943847579674,17.802690588952231,-8.4168095782915593,,0.1267206123209088,0.3142857142857143,0,2
0.90914660939695835,0.37167511691927785,-0.18790968597987431,-0.30877968253484023,0.9043133382006342,0.29474140192057885,0.27947728042847619,-0.20994045302291345,0.93691912986598602,-20.8946216711613,-17.317723335211682,-4.1476115900663739,,0.1341216318362604,0.125,0,3
0.60878126629408524,-0.70872408564688405,-0.35650461460317451,0.79154322485388473,0.57283191134726152,0.2128918141454848,0.053335663465290215,-0.41179336051742138,0.9097150846482025,-13.813120186140866,-16.127436267871069,-2.6525754718242442,,0.487287218237084,0.382716049382716,0,2
-0.90704941425514085,-0.30414261468190479,-0.29113335438224913,0.31476774368944949,-0.94910689890849376,0.0108333732953012,-0.27961156562642203,-0.081812984169731193,0.95662114130369547,3.5275133506656391,16.157987326568602,-2.4202093320782225,,0.09447651296692913,0.4333333333333333,1,4
-0.53658485417093993,0.83189569530060059,-0.14151412090205753,-0.84341109736914766,-0.53409852222699239,0.058279407937228044,-0.027100094260393198,0.15062642761240083,0.98821923893223451,-2.3433712907217807,26.534430261536933,-4.8786273516673822,,0.2440495252638062,0.25,0,5
-0.88346625846377225,-0.32545537146987502,-0.33699580314512573,0.36878416426373029,-0.92673776166609001,-0.071800844635887207,-0.28893876573475669,-0.18771233918826577,0.9387643300488917,23.288279670732049,2.5975940415033532,2.6475074759879207,,0.261235208516175,0.3191489361702128,0,5
-0.83312519589972533,0.52865267447843933,-0.16256923978365942,-0.53362366115963689,-0.84558808432532473,-0.015052571129620619,-0.14542419402433984,0.074210116654135599,0.98658231404102847,2.7786853228496047,11.780978041428519,-2.1517011018309895,,0.08582207726705796,0.2592592592592592,0,5
0.43109882493652668,-0.76588301468698405,-0.47705032329129055,0.90194309714206955,0.35080635297299717,0.25186018389487108,-0.025543152822615163,-0.53884887540734816,0.84201510486221032,-7.5625365408741372,17.060762790539833,-4.9051387891138321,,0.2159999709307189,0.1754385964912281,0,5
0.81029474821058778,0.57509628819898662,-0.11263516467821592,-0.51438569421757918,0.79006670250658517,0.3334695835824773,0.28076641288914872,-0.21227073488853759,0.93600820322433143,18.521202315015806,13.020008353774426,0.76904527100609765,,0.3446952470930396,0.2631578947368421,0,3
-0.18004534464785099,-0.89611981710904853,-0.40565126310056404,0.96733323691474948,-0.2361207652106998,0.09226804970491248,-0.1784659144785668,-0.37578751658451903,0.90935892789842343,-10.158881100988227,13.899200250038191,-5.0851253705888917,0.7423453298116124,0.5142065199171064,0.367816091954023,1,5
0.90135576957250751,-0.30597532409933098,-0.30649123592798089,0.38934248976661151,0.88242855722074198,0.264068678687297,0.1896581195749025,-0.35734988798603001,0.91451126577843922,-8.9757218345878655,-22.775702047411865,-1.1492490513527851,,0.4354223819554841,0.6176470588235294,0,4
-0.81607519197862488,-0.4870417542796725,-0.31114564214404489,0.50318635371386722,-0.86358440903071076,0.032022834278393218,-0.28429698287740185,-0.13043120051298226,0.94982257683187821,6.4906084670551847,10.641099008746972,-1.2430718786157691,,0.1764047839261718,0.2790697674418605,0,5
0.84703148522879146,-0.37401803340046819,-0.37768793166098863,0.4992292573142999,0.80374421952430397,0.32367480319401076,0.1825042785047023,-0.46271561490024882,0.86751740504439712,-7.0612892816615158,-23.571465349514352,-0.60883757822525442,,0.3570313528399063,0.547945205479452,0,5
-0.83935510447414474,0.50573414049867271,-0.19928870446481894,-0.52701794970462446,-0.84693206825308298,0.070414149527554162,-0.13317315526160386,0.16413120025949801,0.97740772445231139,14.49562880294607,13.259217606479679,0.012030798535162668,0.2005049939619242,0.1171648460814432,0.25,1,4
0.89325709450437196,0.42494197568386344,-0.14668360651245813,-0.361454483537474,0.87291244801420542,0.32768050664100296,0.26728714792945946,-0.23968349005248832,0.93333241942407297,-17.110609150362752,-18.787697633786742,-3.1105982648700259,,0.527052597886028,0.7792207792207793,0,4
0.87144512142619801,0.46373896402837872,-0.15977976587905071,-0.40100743973942182,0.86118037893674615,0.31234818425596028,0.28244722270914979,-0.20812142651886562,0.93643421456482445,-27.863454391407206,-22.764499030901174,-5.0814308895380291,,0.3701345006303355,0.4583333333333333,0,1
0.93427917050831011,0.28510003360318681,-0.21410371877612067,-0.23353040618642651,0.94308477477204689,0.23675864710620126,0.26941785564565862,-0.17119894401723973,0.9476839877441614,-22.204320526967432,-16.686921690820142,-4.514768479102977,,0.1608495152850015,0.4166666666666667,0,3
-0.9619013287693079,0.17558718488401404,-0.20955899936854983,-0.17484998141363969,-0.98434502302154037,-0.022189178722388136,-0.21017449348455841,0.015297586647287078,0.97754420162531752,17.775087864017451,5.2830030825983467,1.3790588022418615,,0.1321464100121505,0.2173913043478261,0,6
0.57143517368342878,-0.75824449985934661,-0.31389030044020022,0.82005943719796792,0.54207847884155747,0.18344874553775423,0.031054174275644095,-0.3622377688892654,0.93156826751998456,-6.0828989683061749,18.099314082568725,-4.6739050845387702,,0.08413568689878162,0.24,0,4
0.73868074747393198,-0.56941410867258424,-0.3607191790797355,0.66479987056509349,0.70381703348834723,0.25036516424673899,0.11131884570002935,-0.42474599022977022,0.89844251812553044,5.6672641461468709,-24.131336846203233,2.0581729972642653,0.3997819943864596,0.5626744654545355,0.2692307692307692,1,5
0.93400860337148739,-0.25342030454942327,-0.25180563550111401,0.31264052568911066,0.92088374136242845,0.23287128760577411,0.1728694030905383,-0.29622843235653812,0.93934279437205881,14.393089226672323,-29.522874765349627,3.8315073752418325,,0.3065263845573939,0.25,0,3
-0.95016282704146826,0.18121039762373056,-0.25367970731143258,-0.19677372922494224,-0.97974440319268175,0.037161860818924003,-0.2418071578664987,0.085227320770192849,0.96657415763037091,22.978905954987631,6.0877554461160779,2.1718238549781685,0.1556353300476367,0.1945460921026026,0.2941176470588235,1,5
-0.96285876040407936,-0.049941340119673105,-0.26534669785051168,0.070937387580485345,-0.99501194778303592,-0.070136372962001273,-0.26052043020917875,-0.086354422678054515,0.96159867882998085,-14.216939065816376,-24.304737155949773,-2.0366610414815391,,0.1754922378712925,0.2,0,1
0.17642382721436653,0.97653622243967619,-0.12349752813025268,-0.96971231921816103,0.19396409235042306,0.14844510377648723,0.1689161068328619,0.093567821081415661,0.98117909257714297,-7.7976759895449135,24.740696816253433,-5.9197495728212424,,0.5973689934351591,0.8817204301075269,1,5
-0.81916134634473492,-0.50790624226796921,-0.26646939358941812,0.4985845260575073,-0.86022183980906775,0.10691986107133411,-0.28352805686685056,-0.045272898965425343,0.95789467353596591,-10.025072269854968,15.815021871876249,-5.321220311860726,0.1206317880936984,0.1197988288013344,0.396551724137931,1,5
-0.57907181745768332,0.78367718655998098,-0.22477966431972451,-0.81355789896298403,-0.57334692051572711,0.096937370348422841,-0.052909122665097938,0.23900497066078966,0.969575808659769,0.082048507300199927,11.985526654570741,-2.7023649031147228,0.3491313748037143,0.3024194446328713,0.8288973384030418,1,4
-0.015072143145384635,-0.95054858107241536,-0.31020997005612733,0.98869071191701285,-0.060464821649419076,0.13723950419589473,-0.14920960649380488,-0.30463322268610554,0.94070988777935272,2.9422477367677984,-23.530081609106585,1.4272905426848823,0.1751038049607347,0.1282441978151168,0.28,1,5
0.95986845808721089,0.14877092489850119,-0.23773883795905781,-0.099865747010395828,0.97345236152183767,0.20595468535969691,0.26206750226484443,-0.17394743962588441,0.94924333682373763,-4.8889211580948775,-20.569730451156573,-0.4593527580619563,,0.1226257059592152,0.375,0,5
-0.21416483457490362,-0.80221548179635904,-0.55730040767770817,0.95842892084991416,-0.28270441468907043,0.038629232373672891,-0.18854025381857628,-0.52585980515870001,0.8294118627126581,14.879008082870676,2.1846039469325813,1.2104168199317391,,0.4027216383893411,0.3692307692307693,0,1
-0.90708296419253143,0.36514821846427009,-0.20944515898931748,-0.3787549550526586,-0.92508713005043797,0.027540621599789511,-0.18369861211982361,0.1043100204554378,0.97743247313450621,-15.999129896046615,24.554807289295564,-7.8491418878251942,,0.1711610478561244,0.25,0,1
-0.95663466736212666,-0.098683332068323623,-0.27406516227504496,0.12964904955625922,-0.98678115535779609,-0.097232069708981753,-0.26084715285030885,-0.12854785646842432,0.95678326252462287,15.49117349040214,5.3113326814265216,0.96716259700240592,,0.1235535290070781,0.1851851851851852,0,5
-0.70818282545232847,-0.63679961089321657,-0.30489890340997228,0.64921995304962599,-0.75706567534605651,0.073246267994074937,-0.27747168918035009,-0.14607470273482229,0.94956392250566013,8.5437834812601441,7.7706662745449417,-0.6007671010098129,,0.129351955544329,0.4042553191489361,0,2
-0.62149318114325658,0.77696579672497934,-0.10035126562207451,-0.78153172302761886,-0.62377530314819885,0.010608349723345414,-0.054354316239978683,0.085020714545864295,0.99489551532017373,-16.450152930820924,15.643885561767048,-6.7149233480098989,,0.1049420884135363,0.282051282051282,0,4
-0.32595024994284283,-0.85314652388025669,-0.40730509860942316,0.92090716768686709,-0.38393891429254223,0.067237627819664803,-0.21374382579422038,-0.35317406315144056,0.91081373400490151,11.776178788944399,8.4194634260017018,-0.013229058206508082,,0.08270329027350884,0.4117647058823529,0,5
0.84032532007347338,0.52275915475137824,-0.14344414441530581,-0.46243534296281447,0.82937989621535591,0.31350046464506176,0.28285492751988378,-0.19710873617734476,0.93869123576407776,-20.358456948655704,-15.475447945531661,-4.2354389326662325,,0.1021246154490983,0.1,0,1
-0.89367161185341504,0.40026044350842549,-0.20283645513013443,-0.41363706895952262,-0.91005289357580377,0.026610262623346769,-0.17394086739434092,0.10768151306861745,0.97885099294701605,9.1641847830043979,16.354826417941659,-1.2954282672625725,0.3222301127035704,0.1345645150234398,0.2380952380952381,1,5
0.36078056130547254,-0.82130650355072476,-0.44191969158365474,0.93215327207194221,0.30206549215711248,0.19961642170286101,-0.030457576227947786,-0.48395461117047522,0.87456290247023072,4.2184059464721786,18.675136378257996,-2.537774221773323,0.9845969442084178,0.4410923167156665,0.12,1,4
-0.78338391883433123,-0.54628013095273964,-0.29645852026552233,0.55161464913774716,-0.83086375555671232,0.073394131637589635,-0.28641039535674273,-0.10603508017846401,0.95222142761184558,-12.230519317374082,16.212425283221741,-5.8163444448675259,,0.07483783147136924,0.1463414634146341,0,3
-0.49907410897969823,-0.79610766749326101,-0.34225372971606993,0.8313079035306814,-0.55135186228212441,0.070272992575082516,-0.2446470994586781,-0.24944679937107619,0.93697603545127184,5.5431971447146831,13.21965308869925,-1.7154296836083551,,0.1029747595947282,0.3783783783783784,0,5
0.94569007711981445,-0.19869226866939405,-0.25727739972280644,0.25159024008712805,0.94855141650021846,0.19223049016306112,0.20584612974263264,-0.24651894983233794,0.94702469780018983,-23.038124634501163,-17.911122261682593,-4.5399327299787853,,0.4150267640276543,0.6521739130434783,1,5
-0.96204693513183626,0.17430338675034529,-0.20996195838961024,-0.16079280474882632,-0.98374712863598923,-0.079920340598951686,-0.22047985972520653,-0.043126746547892135,0.97443764048180526,-21.026731411081855,17.715497732829711,-8.1435994022366796,,0.336878197772534,0.21875,0,2
0.12601193922341689,0.9912347940741989,-0.03968090459948579,-0.98172051387629555,0.13035410532455485,0.1386817935400908,0.1426387878790876,0.021479996315515004,0.98954170500826777,-17.96065064577267,-16.656078659741343,-3.5506416440355162,,0.3297503001783476,0.3214285714285715,0,5
-0.89197367261610894,-0.35739596925968259,-0.27685932983495881,0.35271438082211182,-0.93323191483323964,0.068342949145901888,-0.28279945707339088,-0.036692155750476248,0.95847699648211615,7.820690738275144,14.421583727474536,-1.399636220822869,,0.06903638778378096,0.1764705882352941,0,5
-0.820811920131165,-0.45834095715293621,-0.34086853590016541,0.49959578271954969,-0.86536032062762225,-0.03944070704363048,-0.27689681410126893,-0.20266988547732287,0.93928327562092706,1.9378512100806753,13.186259338684575,-2.4585115697716478,0.7810208890539442,0.5211604721725966,0.4047619047619048,1,5
0.93882744647666039,-0.20070814527187894,-0.27985579530114368,0.27722368834852479,0.92257178120772187,0.26834368846248602,0.2043282955455592,-0.32951107559645704,0.92177676185653179,13.351886186218549,8.7212806981757041,0.23171553654480573,,0.4876189091552179,0.3469387755102041,0,3
0.30865523687226376,-0.86596744336390885,-0.3934873972379585,0.95101331181638116,0.2733549500382651,0.14439789485175042,-0.017482148019231813,-0.41878091924460203,0.9079190030929416,8.9376987587688355,12.900543987308449,-1.0191157542268676,,0.2381912166159144,0.2638888888888889,0,5
-0.47282229154714245,-0.75958428537170986,-0.44662153332822913,0.84719413645750119,-0.53124235109526807,0.0066075377260840888,-0.24228325523679614,-0.37525095312220275,0.89469857852393009,9.2593124397555648,20.693407070090274,-1.7713015762714786,,0.3605776110968479,0.2307692307692308,0,2
-0.9467242797321711,-0.2028316230421664,-0.25014489972750464,0.20163635623277945,-0.978979885241829,0.030678398541388742,-0.2511093745975454,-0.021394321348835232,0.96772225612685681,7.9109323874060493,-25.139867931213438,2.4868775175639102,,0.1351271029740086,0.3333333333333333,0,6
-0.94620512281252911,-0.19026148568572354,-0.261718231363403,0.17698100278227133,-0.98145551055838354,0.073639700221852927,-0.27087559915486686,0.023359106559198622,0.96233090043043312,-24.659758178307879,19.081096634371988,-9.1740062337935147,,0.8564770312454892,0.6973684210526315,0,1
-0.91817054733660719,-0.29743321065882328,-0.26171803759156204,0.27984873651919756,-0.95450467542033357,0.10298305331136642,-0.28044167071282916,0.021314544281009862,0.95963438846775884,8.0911658825594746,11.182730237725339,-0.99267988821247399,0.4830082930252568,0.4444974678783933,0.9417040358744395,1,5
0.88059121143428809,0.45624868603076024,-0.12804786152020417,-0.38081204545856356,0.84214679315419394,0.38179963961975066,0.28203067985302149,-0.28744723911582726,0.91533206015430868,1.6926645818094685,22.145191416543412,-3.4590833018800757,,0.3132964177389051,0.3333333333333333,0,1
0.80177052842236574,0.58315510814915195,-0.13074455855931078,-0.52109195739387448,0.78926933472764083,0.32483394095753898,0.29262124272297552,-0.19231234255277649,0.93669032834182875,10.473332296056592,14.179469980716958,-0.86361211471674837,,0.3132693357809734,0.1481481481481481,0,3
0.93480417053774723,0.26279484587375762,-0.23891427694347619,-0.2283266769838409,0.95992762385922414,0.16249887854844544,0.2720442819151927,-0.09735412643629264,0.95734742008482765,-6.6865970374184389,-20.161359534104186,-0.87171565114159244,,0.09466091648344113,0.5925925925925926,0,2
-0.86783146088465024,-0.41861106437518131,-0.26764404025027794,0.41121860626380979,-0.90747342749024995,0.08597229938502822,-0.2788688103056064,-0.035450743035612672,0.95967464875183606,-7.6810499851085572,20.55539277045008,-5.3163706198191472,,0.09468536891361164,0.32,0,5
-0.78541890542682824,-0.5319307066968858,-0.31649149478473226,0.54977162774913468,-0.83444459263170712,0.038123210118915118,-0.28437352253715442,-0.14405535429360369,0.94782896905462577,-19.806509363589925,-21.631835328153421,-3.3929606065184301,,0.3335968169546578,0.4642857142857143,0,4
0.034922198114105893,-0.95118126383812229,-0.30665068629010145,0.98925594720136023,-0.010685217995113966,0.14580293907577943,-0.1419616532927738,-0.30844777424988495,0.94058857081865166,1.8486685115389114,-28.286287547745594,1.7039016219949481,,0.3291477612938333,0.25,0,3
0.031669101452364526,-0.93073254185598875,-0.36432678126030016,0.99372129406608145,-0.0098147125594456337,0.11145250619438048,-0.10730823702229393,-0.3655688812627057,0.92457792279477558,31.180750152256753,7.7796589107327483,3.6063413608861921,,0.3652648369555153,0.1666666666666667,0,4
-0.94188584826030419,-0.20636935206873686,-0.26507119680134439,0.19651490930062615,-0.97844387716937753,0.063478103723432364,-0.27245722466019134,0.0076986853738760736,0.9621370957269969,-1.0846687525086347,15.788609200439817,-3.3387853854945808,,0.1345790756791622,0.2962962962962963,0,1
-0.72962181204488585,0.65690457216963249,-0.19007470755197559,-0.67618510208236715,-0.73451601408628975,0.057095820973588916,-0.1021064107203649,0.17018404188824904,0.98010799036452256,3.1231121620205511,14.35666730465697,-2.3693046879455162,,0.07456517191891168,0.5,0,5
0.39535316936398152,0.91836192885297696,0.017528237426908004,-0.89124710503038873,0.37892416450277838,0.24918883468330211,0.22220366614618547,-0.11413958642517787,0.96829627984511213,12.73357205648372,7.0246024003320953,0.27916594482508533,0.5940447933035273,0.7287804745564612,0.3970588235294117,1,2
0.48089984176859724,-0.83286573989552704,-0.27398905360472642,0.87677363291461552,0.45746616097587006,0.14829938701055234,0.0018272418133692529,-0.31154352965560805,0.95023012492610448,10.77286607585401,12.238932174041171,-0.60421614728300321,,0.07183441817856892,0.4,0,4
-0.67921173184378725,0.7318081352345599,-0.055930997937441121,-0.73075080678594273,-0.68139076748815253,-0.041350699674847509,-0.06837164403066566,0.01278574152802244,0.99757798848316714,-16.558821499442612,17.933305194213315,-7.090664654055713,,0.5281671502941307,0.3703703703703703,0,2
-0.47768247344392201,0.86487411083099563,-0.15431210898302822,-0.87852852892506272,-0.47078576933612737,0.080922081382985053,-0.0026605317627525775,0.17422265009143847,0.98470269105240826,2.6270099670303226,-34.527589691335677,2.198417095491644,,0.1457260740274866,0.2142857142857143,0,1
0.88336455520464141,-0.38592242792531345,-0.26595289476209411,0.43820827076277002,0.88135900761982711,0.1765780595728042,0.16625454593246231,-0.27252555717147908,0.94767570753141395,-0.58084086744492502,-26.661806178185781,1.0402159149600771,,0.1001882485239341,0.4545454545454545,0,2
0.88065144291506547,0.4309171490342002,-0.19688434869194005,-0.3841478118636879,0.89270903774146815,0.23558657129607852,0.27727873112078605,-0.13183696220308852,0.95170138208637078,20.386068530878138,-27.291371525446245,4.8008420969853605,,0.1283256593537899,0.1428571428571428,0,2
-0.83165091374612909,0.52496008414504958,-0.18103499031858597,-0.5394058014014621,-0.84115091597748015,0.038813888811769573,-0.13190200559382967,0.12993093013085166,0.9827104427631046,-8.2946205616799418,-24.12367267833541,-0.78871173952605589,,0.1713277095119085,0.3684210526315789,0,3
-0.42773602966360591,-0.85380168311025006,-0.29675676040440591,0.87352153757733986,-0.47485069841278821,0.10713047001393455,-0.23238333054703827,-0.21339985973517062,0.9489249114386632,-12.42488726392782,-16.587752155623168,-2.3475492398904212,,0.1482966993791442,0.2272727272727273,0,1
0.514698169593516,0.85080179373155906,-0.10593442311281705,-0.81233750746317812,0.52344409880433573,0.25712652409937681,0.27421445655835647,-0.04628804608187688,0.96055392800421535,-1.3717307267875194,27.27807211720226,-4.7761645869219036,,0.2301735966916952,0.3846153846153846,0,2
0.10046847745322894,0.97809574875112149,-0.18230411765292798,-0.98444809720839122,0.12426592872129261,0.12417698201281982,0.14411116868934051,0.16699306941911465,0.97536930740359828,-12.662933164721053,-22.797040830297416,-1.8858868095353396,0.2858302396264881,0.2510467183095004,0.4117647058823529,1,4
0.8486801403543488,0.50260511502420735,-0.16471222698884727,-0.43437061060395826,0.84001024206654606,0.32512300113471865,0.30176844104655248,-0.20437928362435692,0.93121690084186493,-0.37991450289517692,17.47981568882653,-3.3844403900008873,,0.3385381725845122,0.1794871794871795,0,3
0.67976441582138381,0.72666128340928005,-0.099416890803279034,-0.68890850613550292,0.67911543332336377,0.25339159101313857,0.25164540360825705,-0.10375744511117369,0.96224164502833665,1.048496230710124,18.761637738290734,-3.2298867737180554,,0.5100534982850522,0.2093023255813954,0,3
-0.92168516358256958,0.33684791398187036,-0.19243165560228262,-0.3220911280061991,-0.94093684179416204,-0.10437990713793263,-0.2162261882646675,-0.034224882768119129,0.97574325153087393,28.533832975084295,3.2637142750706687,3.4753336492355995,,0.5293125359943458,0.2857142857142857,0,2
-0.53334609838922842,0.84442076598896199,-0.049955072811475626,-0.84574101314120664,-0.53345150297686084,0.012313921496083338,-0.016250477650549471,0.048816635876927507,0.9986755519375583,-3.1950693091231872,-25.232354103704075,0.3187804231457117,,0.4746334922782762,0.2982456140350877,0,4
-0.74119125634817717,-0.5573980907594398,-0.37408941435269366,0.61487603612107056,-0.7873312280446868,-0.045133109240166835,-0.26937516908031789,-0.26347088219265585,0.92629375066421227,-9.6624790805422087,-25.740506411002869,-0.9349674123738223,,0.3399966743803013,0.1851851851851852,0,3
0.55319122064750959,0.82918451565623774,-0.080202945048464813,-0.79340403812078697,0.55376261556307393,0.25269942203806151,0.2539478404951408,-0.076157761263523929,0.96421496032118348,-14.266378637149341,-19.506320508235358,-2.4888142839751883,,0.099176513842861,0.2727272727272727,0,1
0.29734681053614659,0.95091694825504802,-0.085684489759159169,-0.93020047518882443,0.30875418106139652,0.19848912220973758,0.2152021148187597,0.020683645675096847,0.97635046811025872,10.740524289659163,-29.465551144746701,3.161976194753966,,0.2327547645493079,0.1,0,3
-0.69413927185269531,-0.659805748701356,-0.2877968819366406,0.66511842931326692,-0.74078250019446401,0.094120998685158344,-0.27529646975517597,-0.12608592858158979,0.9530551885143147,13.585424849581758,11.352313765395392,0.036219166924525946,0.1602844951317718,0.08856371761843834,0.2307692307692308,1,4
-0.74828262782755561,0.64850484254025897,-0.13969458863292589,-0.65466366276835419,-0.75591632909212725,-0.0024478689928531241,-0.10718487552920544,0.089621273220800032,0.99019161269123701,-15.691652714579011,21.310567584263751,-7.3593845957605213,,0.2131274834187117,0.12,0,3
