axis_00,axis_01,axis_02,axis_10,axis_11,axis_12,axis_20,axis_21,axis_22,location_x,location_y,location_z,dbh,dbh_approximation,score,reconstructed,number_clusters
-0.81819148381516549,-0.53525724792498519,-0.2099103960172298,0.51682713834329219,-0.84467097243451938,0.13935801878043616,-0.25189760793668292,0.00553415488541461,0.96773806799437379,5.5105514623596505,-5.2787184897732073,0.82149675000010769,,0.07551631344010583,0.2941176470588235,0,5
-0.32410463569468284,0.94439667267174576,0.055417594387995844,-0.94206066694413226,-0.32754821219104158,0.072345480074631943,0.086474764631038731,-0.0287592304658493,0.99583885330158661,-14.354073631375114,10.70284696020939,-5.9541030533560582,,0.07779604157681558,0.3333333333333333,0,2
0.83209575381353162,-0.50845038067103376,-0.22157361503791714,0.54898032694823118,0.81192396283282364,0.19849453191878264,0.078976307265556558,-0.28680601279144075,0.95472773811038525,7.5318047555172791,-9.2857478350381815,1.9573976505541502,0.1533388432130635,0.1335317168317163,0.4166666666666667,1,5
0.49430827373273106,0.85848277751987423,-0.13662595368790939,-0.83904910349656181,0.51227722702803702,0.18321747894260004,0.22727941490813536,0.024069968222423525,0.97353207661010754,-3.7347815682879197,-12.368977917068744,0.4587571701794394,0.1946282635583736,0.1293355869289565,0.2619047619047619,1,5
0.90537833930780809,0.40253657224194611,-0.13510873665289341,-0.36036201077701713,0.89674283727869553,0.25688811762730607,0.22456465416663729,-0.18389288131153991,0.95695042938595276,-15.658973649378762,-7.0356710361981021,-2.8196666992871551,,0.2957793062270611,0.2857142857142857,0,2
-0.86533744209424046,-0.44703954468984031,-0.22659822769231594,0.46209827817869242,-0.88669550641484773,-0.015370758211803108,-0.19405229350380282,-0.11801154344901325,0.97386702531644276,3.6488761874450546,6.3907159952159249,-1.7803137471303132,,0.3841233724263866,0.5795454545454546,0,3
-0.54424342636926581,-0.76179340374637639,-0.35138284372227258,0.80026767811348976,-0.59711264703037226,0.055028448308353288,-0.25173544887576782,-0.25125146121941633,0.93461327136651717,-1.2447689786937475,12.787527502804721,-4.0653777150243267,,0.3152352661518379,0.1428571428571428,0,4
0.037940743515402844,-0.96845134888265516,-0.24629755343662105,0.98805002510485607,-0.00049064795086036753,0.15413275821473629,-0.14939092298996093,-0.24920221530306486,0.95685976402827866,6.0102621998869692,3.53006848160623,-0.7159718995870733,,0.09513069787521602,0.3,0,5
0.62173247155420408,0.76099641122292339,-0.18529219066364577,-0.74586874055005803,0.64746282264511001,0.15643437973379679,0.23901580635048328,0.040943319336112359,0.97015209576456107,3.0767154104103263,5.1909714149147952,-1.6155942689344325,,0.06930783217104136,0.3225806451612903,0,1
-0.76813756061922145,0.62482326465751858,-0.13985912879991849,-0.63842549584360953,-0.76404638974160577,0.092983872685853813,-0.04876037553990982,0.16071403879418317,0.98579583256963932,4.2199726888417004,-9.4843466411863151,1.3491759619148731,,0.07091536886311016,0.3333333333333333,0,5
0.98191595987935987,0.074519793696944586,-0.1740340428811594,0.015678385929663401,0.88410525759369685,0.46702471209757673,0.18866699750840618,-0.4613075913558638,0.86694871255952355,-13.302101823573363,6.1664320945072806,-4.8721069613632988,,0.7440647429228724,0.5339578454332553,0,1
-0.80205334226472369,-0.55819103521726177,-0.21244576805638543,0.54592196960865835,-0.82944397238474443,0.1182873610036957,-0.24223880626478719,-0.021106038891678079,0.9699870596362169,-0.29854762943625024,7.3182294351764634,-2.7375898748212717,,0.09052496644308958,0.4536082474226804,0,5
0.94556986212078997,-0.2374632060774329,-0.22250586870529385,0.30352685894073317,0.89012896556440924,0.33991450478731811,0.11734173064363394,-0.38894941884859779,0.91375558429313897,7.5996156971513891,8.6893034203004493,-1.4211786167960625,0.5623628505166852,0.238203277756933,0.3809523809523809,1,5
-0.79582198796036518,0.57784047774673974,-0.18101863372656593,-0.60259038249912933,-0.78516632414405063,0.14282392779108485,-0.059600288576199763,0.22274250987976976,0.9730537394687383,-13.697024933589002,-11.449577451806705,-1.5899695198617305,,0.8646997969989231,0.7142857142857143,0,1
0.72683156414009054,0.68680818550956968,-0.0032239241184965914,-0.64531917055479815,0.68451663588855627,0.33911671044978065,0.23511496227194117,-0.2444002690441763,0.94073878574607395,0.49468996206466692,5.5287552080452009,-2.162178662733143,0.3219955747920511,0.3769930613079098,0.2391304347826087,1,5
-0.75074283055908064,-0.62513276556759734,-0.21352804915969914,0.6141599350637611,-0.77955041821498294,0.12291753179803827,-0.24329565661272365,-0.038860917058817432,0.96917338624145655,-15.505689001567962,-0.87381766482999979,-3.8880547642037486,,0.06848944842733876,0.2,0,1
0.55850423297052165,0.81253477091891402,-0.16691395328659384,-0.79564124124467217,0.58165342889365035,0.16921673642668525,0.23458055542744452,0.038295361390239986,0.97134207584730137,-16.157341639018991,0.97938975263601857,-4.3388235683608709,,0.1650663549645103,0.6533333333333333,0,1
-0.88476877552800581,0.4408587380646648,-0.15108867238381324,-0.45510092785856221,-0.88715216982343115,0.076447191183537336,-0.10033623130727913,0.13639868272680541,0.98555975974947507,8.1720431230325126,-4.3273336120500039,1.1359783449248513,,0.08012477233229121,0.1818181818181818,0,5
0.05980345595763175,0.99114361712979826,-0.11856591786168653,-0.98624623949271262,0.077003093404403186,0.14624937159740659,0.15408407361569565,0.10818897276993335,0.9821167162964799,-9.4151893584537341,6.1539016182914228,-4.1037629339717308,0.8934681801923898,0.5793528211467329,0.5150375939849624,1,5
0.66699515589321823,-0.70285387451694792,-0.24721224300486844,0.74504888716259998,0.63117085956283314,0.21569770925183204,0.0044291932397586154,-0.32805453375198279,0.94464840291614127,-1.0830164462327843,14.451830427204015,-4.3507808900800296,0.2350615408974017,0.2131817887641962,0.6533333333333333,1,5
-0.60027740753056846,-0.77107546734329679,-0.21239034269405355,0.76377287542119165,-0.63145747901066862,0.13383739003857364,-0.23731419843579907,-0.081878421228117032,0.96797618532584084,-0.95809057514104379,3.4926388091498421,-1.9827714956119404,,0.06606025712478117,0.2033898305084746,0,2
-0.88674515706646717,-0.40231700281803096,-0.22764897465765946,0.40618212301456441,-0.91323978361498104,0.031767602462960141,-0.22067874696614587,-0.064297176192894351,0.9732249296904969,-8.4915600256969341,-10.136740733129384,-0.84259683279906306,,0.1453259975135697,0.28,0,4
-0.72941766812263342,-0.62376413793618812,-0.28083476575250493,0.6418534390053241,-0.76605565738397552,0.034393206117546503,-0.23658830965958283,-0.15516774798497804,0.95913968832370422,4.3472158931271379,-7.7711321875048451,1.0966817032905112,,0.4225631425311333,0.4545454545454545,0,2
-0.97922498809345426,-0.058566222009871965,-0.19413505693940164,0.036619418090455144,-0.99271682506706138,0.11477074299441146,-0.1994428261735447,0.10527726662610108,0.97423778217622303,-15.232322089166603,19.546652756312024,-7.640526745506806,,0.09137085969940412,0.44,0,2
0.98124903904056959,0.089360761660436258,-0.17077756778167538,-0.042055135238309123,0.96394605536368605,0.2627534356557038,0.18810020994684071,-0.25064448253303961,0.94962921942919298,3.7369101047675315,18.846855457051539,-3.8419119002221342,,0.3182405075932663,0.5714285714285714,0,5
0.6181692669444,0.78438044192199308,0.051128071894834461,-0.74889320721785868,0.56794419285051201,0.34146501722772604,0.23880058958966977,-0.24937264512700785,0.93850283018965208,-12.775733177049979,-4.9387062342650774,-2.5935237076994047,,0.3206055968628903,0.1470588235294118,0,1
0.95194722444437974,0.26916864107503408,-0.14609833857529642,-0.21358893216248978,0.92536597931758369,0.31317339027972591,0.21949088803485603,-0.26691955151961,0.93839101822547388,-18.149001828418907,6.9134771630180767,-5.9137104673153065,,0.1897663557882796,0.2647058823529412,0,3
-0.86905202877086318,0.46077508096560971,-0.18009690738705719,-0.48558745111839813,-0.86410570105808504,0.13238642194444233,-0.094622400125888392,0.20250348678492047,0.974699409681962,-7.2657832209971662,-11.451974199654707,-0.39314123905454262,,0.09226320500083481,0.5185185185185185,0,5
-0.48710389190921255,0.87306918061064276,0.021909001683279365,-0.87198017609737322,-0.48759158816852949,0.043646484858276553,0.048789045697687446,0.0021561574967193351,0.99880677811314289,-7.127312347430399,13.386572179577923,-5.2664009751269205,,0.524798802705424,0.3055555555555556,0,2
0.45579976188325105,-0.85799356419619932,-0.23684091889932204,0.8873302851120447,0.41710069689706669,0.1966519101635171,-0.069939560980537829,-0.29979001391955146,0.95143807226953347,-7.6679534727241503,17.185510792365118,-5.9614780164728041,0.3587218845064458,0.3848268947010983,0.4909090909090909,1,5
-0.94857096961341625,0.25828338988846505,-0.18303771773704849,-0.28211813121104434,-0.95201271008669941,0.11866406311671129,-0.14360527723120881,0.16419954427799699,0.97591804676942362,-1.083301898383553,-12.692498872425377,1.0140943936731637,,0.1356418693905235,0.2352941176470588,1,5
0.96230612460943543,-0.16016936858695843,-0.21980149204595428,0.21830116376759603,0.93691620057893421,0.27300665741049263,0.16220827487180145,-0.31069889999675226,0.93656535762536341,-19.525848366555632,13.824197445666391,-7.4439311089515074,0.4913142933863944,0.4555777287350984,0.9382239382239382,1,5
-0.88042238108634252,0.44334345187549334,-0.1682349980276944,-0.46305304353046561,-0.88025724755974688,0.10358116139391366,-0.10216804666542745,0.16909690061518381,0.98028971658531172,-6.8374474011633888,18.038290611288588,-5.8950225569118455,,0.1360420055997121,0.5263157894736842,0,3
0.9484701001653566,0.29245333451679645,-0.12196522546335578,-0.21836387061252729,0.88218347020803667,0.41721642453626301,0.22961204041477404,-0.36908450525823294,0.90058588645106563,-15.331989466132597,10.848667953860943,-6.1851464151004096,,0.3672574560795767,0.3333333333333333,0,3
0.68361970732224964,0.71065660394521646,-0.16622661348200155,-0.68805906266856898,0.70350153496382595,0.17793346111170866,0.24339026693829158,-0.0072650927450245827,0.96990123022249763,6.0386958080169499,9.1320721924255199,-1.7871610403182854,,0.08067419558226456,0.5,0,5
0.9806859841460499,0.069472287932929574,-0.18283490287376145,-0.021852165622662574,0.96785720646821849,0.25054921820898957,0.19436430576907213,-0.24171476805710534,0.95068211698022731,3.5983168009129876,-3.173288776081308,0.093654125397444138,,0.1076005568136266,0.2241379310344828,0,1
-0.86398508670013896,-0.44083026554011551,-0.24330730967972627,0.44552418683081507,-0.89444114100080496,0.038512909964327095,-0.23460172401006721,-0.075124711440449687,0.96918435234092326,-27.639483784015674,16.477492541826059,-9.5361726907735775,,0.296164078856175,0.7105263157894737,0,2
-0.11159833334059979,-0.95745989688990552,-0.26611343040735697,0.97956768063296218,-0.15107291129291614,0.13275592089560734,-0.16731100099801691,-0.24586077629636977,0.9547562556087219,10.295571484215127,-8.263035801550993,2.3055695479498923,,0.08313564924561799,0.2777777777777778,0,7
0.97600084791281272,-0.034367885334338849,-0.21503765561202434,0.11279195186446941,0.92447246182176579,0.36418215624575345,0.18628022028136293,-0.37969661019141171,0.90616232747840342,-16.234885204304074,5.4266057704113173,-5.2536833262158851,,0.556867108163099,0.3311688311688312,0,3
0.94604360323494407,0.28656579597339465,-0.15126647135561763,-0.23645212168953128,0.92968860236598971,0.28243494256074786,0.22156690846505969,-0.23142849264709964,0.947285045730338,-6.4555677237949753,-12.425486015093069,-0.055563435238355455,,0.8322918813454042,0.4035087719298245,0,1
0.72977844850476636,0.67213466647269249,-0.12513355354827391,-0.64060610301650367,0.73618672603277668,0.21829549970430015,0.23884563398979033,-0.079146032994610038,0.96782677612537227,11.249880356683722,5.1614865223216126,-0.081233611773645881,0.95741058618283,0.6231186391006936,0.3142857142857143,1,4
-0.41716855960637506,0.89713394086006304,-0.145330950016969,-0.90655975145669265,-0.39947838422185106,0.13625871560483116,0.064185745416887319,0.1885940420490306,0.97995534458917388,-10.513156894673324,-9.1113320782740335,-1.4336972087434945,,0.1866473669064901,0.475,0,3
0.64186918052446162,0.76442977831716075,-0.06042407727745127,-0.73113485860036143,0.63385719430966625,0.25232295924332082,0.23118341989053751,-0.11778018188071086,0.96575465576090347,0.12685985168693487,-2.0735563406225221,-0.71447113010363161,,0.2941979014327817,0.1869158878504673,0,5
-0.97034961058112845,-0.14881290200946728,-0.19046352259835431,0.13631596112096483,-0.98765377655513653,0.077187929108407327,-0.19959857712098231,0.048936058810427382,0.97865503123387787,2.8668446214288816,9.3532594195375651,-2.5689184594679917,0.3539193901854966,0.256862170752033,0.3214285714285715,1,5
-0.97058906440702719,0.1733776354998483,-0.16702414065629728,-0.18330059251200992,-0.98198801586613815,0.045830442721324305,-0.15606973069188962,0.075098150468358424,0.98488705289388101,20.254666169042679,-4.7664848091406089,3.4230590770324989,0.5084906809628287,0.4632802908641665,0.3,1,6
-0.87506162934510479,0.47830484017965919,-0.074105497155082342,-0.47454045777243586,-0.87796335680485038,-0.063179886396595761,-0.095281156505461137,-0.020120237788617164,0.99524704332457692,-15.438354068300434,-2.4870597732226174,-3.5817389252179814,,0.3002324949609818,0.2857142857142857,0,1
0.43948324681069861,-0.86048160338218738,-0.25773219824761284,0.89651410082007987,0.40235655698101203,0.18539597645350725,-0.055829587169262965,-0.3125389756417683,0.94826285696599144,0.5299189260701449,9.1129326866520604,-2.9416525199362535,,0.09530834752630823,0.2105263157894737,0,5
0.16539382145530399,-0.94899191817777984,-0.26843849026857219,0.97584931380376527,0.11809127107218371,0.18377314397179265,-0.14269898588683888,-0.29235045908945528,0.94560467876224774,1.2900810305017134,7.2543216953470893,-2.4364675455147369,,0.2208832260894444,0.7205240174672489,0,9
-0.98099211828162813,-0.012623504677644223,-0.19363654355254536,0.0067219660763508026,-0.99949354276096636,0.031104230438957679,-0.19393111932176252,0.029211386628930927,0.98058014249209757,-8.2891136378004546,5.0191199354235048,-3.627845529788936,,0.06999887899018375,0.2666666666666667,0,5
0.56581645808976821,0.82311424432765812,-0.048318490659982657,-0.79028661021465674,0.55809796085092311,0.25293030622973944,0.23515698898858567,-0.10492667382010515,0.96627717744489494,-14.850022155752736,5.9374442340246461,-5.0970305350401786,,0.5241994653021297,0.192,0,1
-0.4615542206364458,0.88711078068722593,0.0014711224233542987,-0.88700002636493336,-0.46152167482416612,0.015122727799742714,0.014094489749247938,0.0056750732152060293,0.9998845627884807,-1.5188648324613747,-16.369202251488211,1.5579199398588697,,0.5164563278369698,0.1666666666666667,0,3
0.93878640007809866,0.28809961983922344,-0.1888880728815342,-0.25274406196276406,0.94856640372991452,0.19063634715725145,0.23409513914425314,-0.13122647127539705,0.96331670756072796,2.3977232938239683,-4.8326963960604647,0.24006645836175317,,0.118709800799699,0.3235294117647059,0,2
0.93128467753134492,-0.31131323480657064,-0.18919016684174644,0.34936198638058563,0.91038614333148171,0.22168281959196148,0.10322331067908218,-0.27254566564944605,0.95658967602005318,5.3031804862509597,-18.018957209449347,3.2103756500694569,,0.2871579389084864,0.5217391304347826,1,4
0.96563937888951479,0.24178158996550767,-0.095300853572373112,-0.20028341628962418,0.92601863698317066,0.31996255580799976,0.16561142200110737,-0.28988126312954643,0.94262490429077339,-19.863175366299888,8.1188013166753645,-6.4649139355570453,,0.4476493744211892,0.1372549019607843,0,4
-0.97354507111107713,0.13940351708665949,-0.18104323776158518,-0.15898850585331289,-0.98235089398729192,0.098536166400465031,-0.16411169830898584,0.12471319299191397,0.97852642783519284,0.071456016609194636,-7.5054458421839652,0.2596969110146265,,0.06436471472134438,0.2857142857142857,0,5
-0.078081767686181844,-0.93533118200351095,-0.34504900742780831,0.98318115864411326,-0.12956152868009774,0.1287191499866846,-0.16510011157543009,-0.32919506414585076,0.92971638842164617,6.2782325271555166,7.3908643506742688,-1.461074695710862,0.3832953393210489,0.1594325684074124,0.2857142857142857,1,5
-0.50543366417412927,-0.82121655023395801,-0.2648399304133558,0.8313216494849518,-0.54568292280945685,0.10551996423306589,-0.23117336831290206,-0.16683382563486931,0.95850161627766794,1.5057102656643353,3.9382519772613214,-1.6737527080964678,0.8312089527892766,0.9299576098883742,0.837228714524207,1,5
0.12579995825475118,-0.94047192354974696,-0.31573237324946885,0.98289113849779475,0.074997316935758021,0.16822726388711978,-0.1345339375979609,-0.33149353457809166,0.93381617900275837,5.9843413671832462,-15.28085010274474,2.8201758740885645,1.017229797874965,0.6996302764630212,0.7903225806451613,1,7
-0.88442551896071175,0.44008572653160533,-0.15529344710651705,-0.45429352300721915,-0.88804558181375959,0.070657197614609521,-0.10681243544065867,0.13303983585456539,0.98533826968763627,-18.453372500650243,14.762421172994882,-7.4479937925642714,0.3677481072328813,0.2695458004007376,0.6388888888888888,1,5
0.98185809569951454,-0.049542675922201157,-0.18303060719942668,0.097020212586992421,0.96060178445265765,0.26044440876306929,0.16291641494612472,-0.2734771196441077,0.94798127975834245,-10.503208664215469,12.986111526519842,-5.732854726428033,,0.2387680610959744,0.4130434782608696,0,4
0.51024614107580502,0.85999193006096397,0.0079218525149761798,-0.82575125146394002,0.48731449755726686,0.28400607594952426,0.24038249982681356,-0.15145448392348088,0.95878975436561986,6.1236671733512562,-2.8178553642910136,0.55425754153176099,,0.5244657409176079,0.2413793103448276,0,2
-0.92158334257101659,-0.33259513504005983,-0.20016148191727215,0.32106842599398572,-0.94291094818363153,0.088509940826953973,-0.2181724284261842,0.017303755174264766,0.97575681987444618,-10.32826249979597,17.531576466041464,-6.4436091170795891,,0.2267148697163607,0.3448275862068966,0,3
-0.85922597230416675,-0.42790111364292488,-0.28041284824541279,0.4407836899894011,-0.8974163892941126,0.018803267419427006,-0.25969302485297469,-0.10744515423909864,0.95969530147503046,-5.2991300215864046,14.39232362006355,-5.0858931242223333,,0.3435122370603544,0.4117647058823529,0,2
0.24015032900600847,-0.8911606229740241,-0.38491630718749087,0.97055443508485972,0.22808572485577389,0.077466061305093592,0.018759211481675604,-0.39218572918652356,0.9196947568661139,8.3658720115141048,10.205653104469937,-1.5305481500528393,,0.2508039241769559,0.2631578947368421,0,2
-0.52068891193303091,-0.79647172560043944,-0.3074342975483631,0.82180100943572443,-0.56516545088071934,0.072326440678483553,-0.2313572084038473,-0.21499024035953915,0.94881665176667673,7.6315270266774862,2.0851839539213959,-0.16163914877758462,,0.2388369742150447,0.2142857142857143,0,1
-0.63296634238365845,-0.71421004047126246,-0.29876015045432741,0.73468493436984961,-0.6758301411989347,0.059090333024942807,-0.24411402380736771,-0.18209238956383364,0.95249708925723786,-11.521444905230682,11.867848729859288,-5.6960090188677617,,0.1133088667111537,0.3636363636363636,0,2
-0.3988102449664695,0.91647474161969023,-0.032006819318798077,-0.91457993225122503,-0.39494944260243187,0.086939549753677445,0.067036825947597578,0.063945177778702095,0.99569929105414223,-13.215988393225778,-5.9847775469050983,-2.5377932876859699,,0.3772890145942122,0.15,0,1
0.062436902204261222,-0.95372905961171772,-0.29411309745620651,0.98749129400992519,0.016283455657896767,0.1568304604547239,-0.14478458998712163,-0.30022613131435749,0.94281583173930383,-14.572724892266548,-2.0413982666679802,-3.4785979350756668,,0.07698577688772575,0.1219512195121951,0,2
0.34100509196444279,-0.90672500143159829,-0.24812355598208,0.93691830297613998,0.30624673894660304,0.16851417872951602,-0.076808989074417938,-0.28993569401410646,0.95395894698562711,-0.67061941828659755,8.5270748158417824,-3.1076970760791354,0.2562526626869914,0.3498841457131035,0.5806451612903226,1,4
-0.87713112419687067,-0.4154761816253994,-0.24087451809420202,0.42521240680178946,-0.90500552561617786,0.012625676457801894,-0.22323843770051177,-0.091348459790879077,0.97047414124585052,11.685975521145551,-5.6011602787130608,2.0583744014166023,,0.3170519253095306,0.6296296296296297,0,5
-0.041655640677848355,-0.92833104682097634,-0.36941342031386698,0.98935084883068047,-0.089933680377668954,0.11444138697053853,-0.13946220103573312,-0.3607123516626497,0.92219135424285514,1.7889568058048431,14.392273572243793,-3.7022259660150185,,0.1773881823147983,0.4285714285714285,0,5
0.97768491366302368,0.057356236215791903,-0.20209520470037207,0.022155647449476786,0.92848987387379367,0.37069621174207046,0.2089050906077243,-0.36690164387882718,0.90649977762666545,3.6472967800245795,16.058365880059117,-3.4944152710939256,,0.2587442882272025,0.2380952380952381,0,2
-0.49904095034119883,-0.83976090465229458,-0.21391529374991672,0.83597792111235103,-0.53153980834360581,0.13640508626409276,-0.22825215288190562,-0.11075673868258729,0.96728170640262412,-13.681329845366395,-5.1655862857605319,-2.8053303396088958,,0.0969473419446977,0.4259259259259259,0,4
0.68872708276790406,-0.59602538531489624,-0.4128059417235197,0.72476037164799589,0.58124219776973551,0.36997285200466612,0.019427021147651793,-0.5539957108065342,0.83229282302401941,3.1968464280638473,-7.5224791308278522,0.83097043394027625,,0.2210316514739158,0.2765957446808511,0,1
0.76594446027957463,-0.59902742266436038,-0.23344213557780039,0.64121059435150973,0.73814313054966529,0.20974673421467799,0.046669663148711869,-0.31033991963399205,0.94947937145740691,0.98883010881962474,18.344520735580094,-4.4085427510689676,0.2386526472121432,0.2008767792663398,0.3809523809523809,1,5
0.94267801364362425,0.27485619075711876,-0.18924121378652803,-0.23822404227810878,0.95140222445193945,0.19514895077499136,0.23368240899475026,-0.1388808183673636,0.96234331192980316,0.83618429282462925,-9.6636682756117054,0.79883492004070578,0.5870376692196931,0.5581608991754964,0.9278846153846154,1,6
-0.72787200716729028,-0.65579155053229965,-0.2003491538107991,0.64099864464481215,-0.75449872141628649,0.14089860519076669,-0.2435632951529739,-0.025867385481182344,0.96953999382315015,10.157959648941727,-9.7556044243810511,2.60282490004011,0.2011072891885993,0.08892442919197388,0.3076923076923077,1,4
0.68581325016164563,-0.65571131986131836,-0.3157575825034914,0.72568141320639612,0.64902828385226397,0.22836105904149678,0.055196670456552382,-0.38575244881337284,0.92094971404794845,-7.7910573356322681,-14.428370518519829,0.022350246540263023,,0.7212046393309528,0.375,0,5
0.13584883844526546,0.98666935209564155,0.089602916962781012,-0.97104793425750913,0.11466668601008199,0.2095649314501109,0.19649682559088974,-0.11547787993651479,0.97368057225050519,8.6136192349824388,12.041305440079414,-1.8648648521235012,,0.3793984014198728,0.32,0,2
0.18163150805950648,-0.89302810685299361,-0.41171688774033477,0.97611699357643589,0.11298409505510666,0.18555379035707864,-0.11918729014173249,-0.43558626543445633,0.89222138241219795,-0.60806525233679776,-10.362533552506724,0.70159400002459293,,0.1639415135585671,0.4,0,4
0.25389392424196977,-0.92165234729675338,-0.2934191983415495,0.96171706814061009,0.20820105585589271,0.17819259577075722,-0.10314143725991966,-0.3274282685763038,0.93922977638971927,-4.0456816151736552,-8.2755714961764433,-0.35930632271491858,,0.07803920908919769,0.1363636363636364,0,5
0.97624414762683809,-0.10086426731348119,-0.19176486592612488,0.13672760725746924,0.97335212165351703,0.18409565091616245,0.16808606616253866,-0.2059418530845851,0.96402024227196148,-1.6345390195397713,6.2620613146002393,-2.7085472989011046,,0.06752221420602943,0.2755102040816326,0,5
-0.81182229798053018,-0.50175665007371739,-0.29863827719904468,0.53135509813853865,-0.84687460240104728,-0.021567741890450427,-0.24208741434406761,-0.1761921448727789,0.95412263986415002,-16.530481433521079,-3.0800142788103702,-3.650684121079625,,0.2618427546067369,0.3888888888888889,0,1
-0.73857851296645449,-0.62260145069740147,-0.25859082306561371,0.63228234796095906,-0.77280127603183579,0.054746874070966102,-0.23392480125296047,-0.12306754792818743,0.96443432436102439,-11.421350253874191,14.139135180099844,-6.1632161055914425,,0.5321832566205307,0.5263157894736842,0,2
0.85402245001712296,0.50169787196686055,-0.13764047417338859,-0.43122757293017444,0.83067817795384624,0.35215982879373142,0.29101277499708272,-0.24139803216928407,0.92576376838440577,8.0660809664769548,3.1422826863761988,-0.27701161178759198,,0.5182970322820705,0.6326530612244898,0,3
-0.6003208592429955,0.79560520251411604,0.081407786422581577,-0.79970118750211594,-0.59838594844413617,-0.049114839023635323,0.009637254041366429,-0.094586565838307227,0.99546999196231856,1.056661265746581,-3.8905957221372613,-0.2018412481840435,1.314933541994247,0.5130598466146119,0.2212389380530974,1,1
-0.91374934936649055,-0.31212866956819618,-0.26007272091840367,0.33563131317206785,-0.94065006447861876,-0.050289937510024897,-0.22894049041335454,-0.13324094652154347,0.96427853964471022,-4.2710162405498986,-15.020603948939934,0.77115986539360692,,0.1164052714781146,0.3,0,4
0.75894777173803629,-0.61204580702737943,-0.22225708059378518,0.65101958048880504,0.72009415747624506,0.24007896656882702,0.0131067003493947,-0.32690110808741446,0.94496766078907202,-5.3529645838374531,-10.511225391938602,-0.21051328085525198,,0.3268523569440441,0.2413793103448276,0,4
0.98258878353725398,0.028697015045547787,-0.18356405910268922,0.0090311703542016366,0.97945451055510557,0.20146289910376192,0.1855740295106332,-0.19961298324691892,0.96214184842488393,-1.7190491910193035,9.2993956685860937,-3.4829211129003688,,0.07553930135888064,0.2553191489361702,0,5
-0.61752486219354485,-0.75423750512846288,-0.22313410862177793,0.75168676782224897,-0.64943219182402379,0.11491227655731402,-0.23158162201216145,-0.096765769155401082,0.96799087716051335,-11.500404823264088,-6.1899562033321907,-2.1249997200016626,0.2855938436200819,0.2143725819672483,0.7222222222222222,1,4
0.84443183995436844,0.52722881848314418,-0.094681786168983803,-0.45962954855970722,0.80393614531558633,0.37739548532794781,0.27509188603461393,-0.27516621743227382,0.92119922222173789,-21.985993478096614,8.6177877539562502,-6.9444137997262239,,0.458650989081667,0.303030303030303,0,3
0.74010880457816408,-0.62708477437332477,-0.24290665518885898,0.67150059197866707,0.70868676908070394,0.21644865049765161,0.036413079493262626,-0.32330751472725011,0.94559311469717677,-15.733041196338045,-3.54944068288748,-3.4528508751490241,,0.2039977879200461,0.1521739130434783,0,3
-0.78417627477050877,-0.57859608449437938,-0.22426355275617091,0.5711071891864673,-0.81427960761388163,0.10385229455199743,-0.24270176873393257,-0.046640021783392951,0.96897913281012649,-10.708567388107904,-7.0673216018416536,-1.8160320926807982,,0.108550206865715,0.1304347826086956,0,3
0.40082649424107991,0.90790261526024896,-0.12268236514677253,-0.89388256641411878,0.41690716857489135,0.16481010360950538,0.20077868157579426,0.04360337136584385,0.9786657585867703,1.5253419170688185,12.716750682953364,-3.4916757338502888,0.2370469680393705,0.2742142755316967,0.4615384615384616,1,5
0.92961300868289087,-0.2716306690611513,-0.24907114187102355,0.34418736946707085,0.8814864774952037,0.32329034116786798,0.1317372718211608,-0.38626204786192692,0.91293314190833763,0.053361719384697345,13.583535370069736,-3.9712060971335621,,0.176590981194888,0.1333333333333333,0,3
0.47114320977328411,0.8793747296816492,-0.06873253001202459,-0.83755361583109933,0.47045073432655987,0.27781297158313562,0.27663697600425469,-0.073322516111541891,0.95817315352617483,-4.1571429378670102,9.4846882514751343,-3.9335948933276446,0.3563203634515952,0.3208671024105101,0.7684210526315789,1,5
0.28585843691282092,0.94262890871528637,-0.17244040854738363,-0.936329113854932,0.31304152937972235,0.15903707564980929,0.20389395428358703,0.11599888507151364,0.97209645306871151,-3.4370532944574514,-7.6930091318513529,-0.35536924412177229,,0.08673293039210069,0.3773584905660378,1,5
0.92609676857310108,0.33569587666063494,-0.17220062029942862,-0.30071494925346298,0.93241297752707508,0.20044091058110258,0.22784928030157867,-0.1338443787842514,0.9644534139780474,-16.896577660880101,15.457567702015281,-7.2485428589259726,,0.4230122188129887,0.8055555555555556,0,1
0.93487113250987885,-0.24053205548304865,-0.26107526861959929,0.32159622136380772,0.88526352554131349,0.33598267924207731,0.15030580828503332,-0.39806132772634839,0.90496151485271425,2.6648086392986254,10.601470228874552,-2.8421175991662797,,0.3893587637843011,0.3269230769230769,0,5
0.080418235293634788,0.99646949187262168,-0.024113465105184327,-0.98408005918678698,0.08321852959528285,0.15703857310524319,0.1584908342560836,0.011100815245754164,0.98729804383361985,4.7426945256519977,-5.9168950203427801,0.81057539261186939,0.4378979796370126,0.195040421541197,0.2424242424242424,1,5
0.9817855116620956,-0.038427082002415035,-0.18606603252387841,0.10260491281061876,0.93147872577776747,0.34902666845178471,0.15990447447624043,-0.36176061531378223,0.91845512478850666,-1.3588796065887254,-7.6613382349515389,0.026341007787545417,0.631500208716548,0.5061471955841538,0.7115384615384616,1,5
-0.5712571143170605,-0.74821780288835382,-0.33739506336499614,0.79315682566565715,-0.60897068629310658,0.0075467301317430268,-0.21111030112745188,-0.26329607417625445,0.94133289440093892,1.3439755886634757,-6.1188726447152231,0.2562026675457485,0.652170360706974,0.249846418949444,0.2,1,3
-0.95794834510416782,0.24053449604646887,-0.15645486353533017,-0.25437916108737785,-0.96417700537131301,0.075192717185178115,-0.13276373946477052,0.11182959592558439,0.98481872999981701,-19.801838465518493,6.7694523482344895,-6.1807751078371558,0.8380615657746412,0.3978652150543183,0.7045454545454546,1,5
0.82892019797523364,-0.50058567801965992,-0.24961026491371949,0.55449861556714897,0.79410199692814276,0.24886402674724087,0.073638242257777056,-0.34469696464624333,0.93582124994084859,-12.845581174914527,-1.756538089551325,-3.2655092477670085,,0.08003502379330134,0.25,0,3
0.79547101842704893,-0.51707846612472774,-0.3159995549248989,0.60185094605428557,0.73497366482868143,0.31239262273917462,0.070719852772732031,-0.43868390884371128,0.89585441369979724,-7.6438671668220737,-6.6382820927222399,-1.3187782658969081,0.4482758744510166,0.2899458719791335,0.2142857142857143,1,5
0.28395870926166877,0.95218191237655903,-0.11276993028891212,-0.93777663245550003,0.30030878627367774,0.17432618996367868,0.19985604583016525,0.056251565575986866,0.97820924260373943,-5.7576867758341219,13.065321805981624,-4.9607442238137729,0.1787006504445479,0.1393574478379074,0.1794871794871795,1,5
0.76869251643608161,-0.60533364143858559,-0.20659863919655419,0.63754853243961374,0.75109981850411534,0.17140866788812406,0.051416767296873792,-0.26347721948166281,0.96329438431610936,-0.34062862882810041,11.290498911624866,-3.6898311460765529,,0.07638718561544988,0.4166666666666667,0,5
-0.039886717113378586,0.99590564050047004,-0.081123393773102473,-0.98811025734488955,-0.027249021216771033,0.15131295441086381,0.14848289170046994,0.086194234506006787,0.98515145272703653,7.6446098480559366,-2.7004667613592819,0.78504905416152626,0.2615650215432491,0.1506120985103413,0.3894736842105263,1,5
0.92296847253660885,0.34015452629773391,-0.18006692351068859,-0.30794741391769287,0.93331642382203739,0.18463164215661687,0.23086270587698887,-0.11495804131598676,0.9661713407941408,-5.0684890861767657,-1.0342600849136503,-1.9147628493769087,,0.08325902168375325,0.3548387096774194,0,5
-0.5310098274759395,0.82920613015124855,-0.17448712515129627,-0.84680618736457669,-0.51180537226952383,0.14482590223134975,0.030787077890622357,0.22466075455149107,0.97395056404281233,-0.56226910815582409,4.6065540905740043,-2.1966704808231143,,0.06798064748182731,0.2636363636363636,0,5
0.93061035975119999,-0.30645048060080815,-0.20013111018349242,0.34684787260550415,0.91298507143110552,0.21483671151126912,0.11687990243313663,-0.26934431919658874,0.95592506302730018,11.416520440224566,-6.8503415796053968,2.1653637517556845,0.2530058453745512,0.1345757927491634,0.4210526315789473,1,5
-0.23407980348977153,-0.9294525692762533,-0.28517462556118234,0.94611072575624533,-0.28529243067252058,0.15324073743608349,-0.22378815922023118,-0.23393621025128983,0.94614624098290645,-9.4545334271894443,-6.5713604329862809,-1.7219141297469926,,0.1582103574972925,0.3076923076923077,0,4
0.56391709768009179,-0.78763563417098137,-0.24824909814164123,0.82573950548374564,0.53329093135566463,0.18372547895506372,-0.012319741373979219,-0.30859502639848885,0.95111373329092186,-9.7106476607254848,0.025623445253399092,-2.9933326710750983,0.666232322533532,0.2005427560333135,0.4789272030651341,1,5
0.30862548061795708,-0.87616364679980085,-0.37025339531165546,0.94503298218134812,0.23825068475931704,0.22394033535998925,-0.10799525592711451,-0.41901536396436651,0.90153377610550289,-2.4220795487334281,-16.514433008104117,1.4561200450238772,,0.2599719160105283,0.2962962962962963,0,3
0.97201189232021901,-0.13164710071944608,-0.19458140214375572,0.17006009960132909,0.96571490919309055,0.19614860867659817,0.16208776545949413,-0.22374931292485167,0.96107429538720046,-5.4666237174397727,-7.9723936412258682,-0.72999135666494108,,0.06883838106192346,0.21875,0,4
0.63404139715199637,-0.7179054372767194,-0.28740788059144734,0.77327294441112338,0.59166040500730965,0.22800640032318978,0.0063608285071180435,-0.36681023469242147,0.93027404112207424,10.363306448689443,-1.5535283978932142,1.0627072023571775,0.799798089598669,0.7138505903477037,0.7966101694915254,1,2
-0.97583615533663692,-0.099669989933045225,-0.19444714203237007,0.0978113766308331,-0.99502049726794528,0.01916101819400064,-0.19538867044788269,-0.00032112831734843302,0.98072583545923342,1.7542939311624113,9.0418213709156934,-2.6477255639927044,0.3918747154887837,0.1842908793796105,0.2238805970149254,1,5
-0.98023330639097617,-0.051991365457333634,-0.1908914952523994,0.029975203905771748,-0.99274285929843298,0.11646073356620765,-0.19556112137289006,0.10843667843425382,0.97467806714705774,-19.877454785447288,-5.7521224449540327,-3.8498863812681057,,0.09713500347545204,0.2,0,1
-0.20330256618422865,0.97311624808694897,-0.10822584853946131,-0.97377316654359325,-0.18942271811561939,0.12603512994936583,0.10214639838276376,0.13101069258220735,0.98610461500114677,-2.4728732299024405,10.379034470373744,-3.7863724058984038,,0.2099586068323377,0.2702702702702703,0,4
0.92931929920053047,-0.29953106043490046,-0.2159786655393939,0.34797975363423261,0.90607525364866137,0.24070256705355522,0.12359502900235171,-0.29884574375462741,0.94626396435965476,4.1963829361085052,14.677371888108707,-3.2068254158189515,0.3272616195713672,0.1907413052311278,0.7608695652173914,1,7
-0.011342368258079594,-0.9717745121806125,-0.23563880868488288,0.9865700448648006,-0.049276574389982057,0.15572850025558618,-0.16294446065381793,-0.23070786005795577,0.95928253713372436,-2.0513635107282373,-10.332957917145615,0.39020494960510554,0.205446241441976,0.2372348500632916,0.5,1,5
0.73679682306482175,0.67583078802520591,0.019575175064741386,-0.63227155224144693,0.67847424962658087,0.37403927176145513,0.23950600357355895,-0.28796777345890157,0.92720625305341087,-12.575600443713949,10.126001070544085,-5.5647328466168595,,0.3926859898324608,0.2708333333333333,0,2
-0.87699212042300134,-0.38562090028272433,-0.28667288323297802,0.40767558127400483,-0.91292637499042151,-0.019132545041106341,-0.25433332685448384,-0.13364862555218782,0.95783746206709885,-1.3943135213152689,19.471450001269169,-5.0304449477331525,,0.4292315939742034,0.5,0,3
0.98281935271148213,0.044622334656215318,-0.17909485527399233,0.029261838721865868,0.92039202567572131,0.38990032555405496,0.18223573944317023,-0.38844223035397585,0.90327336335531916,6.7174890616475125,6.3820560375545377,-1.1701411779748194,,0.2777430468353486,0.5555555555555556,0,6
-0.66468215438149736,-0.65981871698639771,-0.35048094721567313,0.71000009358720861,-0.70387695854916299,-0.021379764492028192,-0.23258869437899632,-0.26305225324639181,0.93632580403888788,-10.08715847482183,-12.272183009892194,-0.78673681221431091,,0.4743582352003231,0.5,0,3
-0.62074305918432227,0.78390067766744265,0.01333349267874768,-0.78401203866118152,-0.62061301215438935,-0.012830135579762513,-0.001782612921645003,-0.018417836387070285,0.99982878814024567,-3.4973750385705507,12.500561899676777,-4.4388623880197455,0.7407673470756468,0.6532566332936559,0.4785714285714286,1,3
0.87354992454370928,0.45323485174031697,-0.17745055226065662,-0.4245346518161125,0.887804009241704,0.1776917853524127,0.23807742172883847,-0.079888737268082349,0.96795502525719634,9.3229508663747112,-14.71220350624974,3.3852450227283386,,0.1072615881097311,0.25,0,3
0.035319045625332272,-0.92791701957393924,-0.37110991606414218,0.98958888587644378,-0.019370240141213833,0.14261357139729691,-0.13952204831472292,-0.37228322361058741,0.91757223119064302,-18.987955042140101,15.93284713570287,-7.7174823421603671,,0.3128164788683259,0.391304347826087,0,2
0.015298666464028056,-0.97536039463260682,-0.2200864634332344,0.98852496653086708,-0.018328589862463475,0.14994149972173398,-0.15028087486294309,-0.21985486889259379,0.96388769847666889,3.8449302298061894,-12.586741905034426,1.9113905484799396,,0.08559329746205868,0.4666666666666667,0,4
-0.78662843510265634,-0.55642712078024636,-0.26759029195423234,0.55253337290697424,-0.82781635600728576,0.097092494822523662,-0.27554051773194604,-0.071476849308179435,0.95862843850002044,-5.602278689465094,-11.91813916444011,0.020157854161133509,,0.4128664180792321,0.2307692307692308,0,2
-0.0089845939721915659,0.99959305423618683,0.027074028032913134,-0.99089661351955927,-0.012536908869116086,0.13404002100670165,0.13432489861013994,-0.025623267527377983,0.99060601137616577,-4.4915721778763711,-13.460983403210399,0.49164642575229534,,0.3424171898397875,0.4418604651162791,0,4
0.48746697634567165,0.87212333655893282,0.042152494608529927,-0.85118270667487295,0.463894648351318,0.24553972201793273,0.19458660496047753,-0.15557198031882488,0.96846962374130952,-7.1213329829810004,12.302293392110426,-5.0461791665133289,,0.5101702410638077,0.5892857142857143,0,4
0.70476131844903633,-0.66894927026995288,-0.23625909045637603,0.70900241963740762,0.67587382048112887,0.20127132865001945,0.025041025663453211,-0.30935651374028067,0.95061637606354232,-12.134482149533357,-12.987220913646222,-1.0593188529740305,,0.07569622007632579,0.25,0,1
-0.50995405089271173,0.86008456647270581,0.014191705097394852,-0.85997534463574044,-0.51012891493936552,0.014522284993243555,0.019729992315080325,-0.0047988184215781316,0.9997938281190798,7.2269274773161598,14.894550225480891,-2.5849075044557144,,0.5303158724583886,0.2857142857142857,0,3
-0.18495217484377049,0.9819968146592184,-0.038405065026744317,-0.97559879548508588,-0.17876149216388346,0.12748066193502369,0.11832025722000999,0.061045760856024235,0.99109723630575253,7.2352446190584665,10.884770105798573,-1.9096613085549405,,0.104105085803318,0.2857142857142857,0,1
-0.96315188976991351,-0.11747102780876879,-0.24194833096799062,0.16371479588856067,-0.96978584462430883,-0.1808670262194941,-0.21339143103651492,-0.21381293972037282,0.95328281426254668,-16.599652861888249,-6.9130372421513382,-2.9999268340756395,,0.4448064204486182,0.1379310344827586,0,1
-0.24089298220351854,0.96254100240916529,0.12444030619640439,-0.96477674347654574,-0.251449281924504,0.077324600654919723,0.10571852426082599,-0.10143015971993159,0.98920954116269144,9.6354799908509943,8.831759453182304,-1.0076310864612883,,0.4414030171819853,0.1428571428571428,0,1
