axis_00,axis_01,axis_02,axis_10,axis_11,axis_12,axis_20,axis_21,axis_22,location_x,location_y,location_z,dbh,dbh_approximation,score,reconstructed,number_clusters
-0.96695167013008942,0.14704834264406505,-0.20828166639976736,-0.11650584705149356,-0.98148175421680106,-0.15205247035916344,-0.22678371907049322,-0.12276135819199754,0.96617741315941097,-8.0703731933520384,-13.816660757439422,-1.5061848330080065,0.7325653518163028,0.5656142254759576,0.4634146341463415,1,6
-0.20820426261074562,0.96185815871343261,-0.17742566766711118,-0.97801441227048569,-0.20255014871095134,0.049610952907475706,0.011781104444490159,0.18385407195266576,0.98288294613574989,-4.9733179884346805,-7.1791167273107126,-1.5680584403374158,0.3944123775103185,0.1986207009168669,0.2,1,5
-0.40027023944274231,0.91072546521792397,-0.10179814546466626,-0.91622445316529311,-0.39987446152367834,0.025162798793204669,-0.017790076964666189,0.10334186965961044,0.99448678781412014,-14.326765465351265,22.330382431470365,-7.3803520385970129,,0.3785641182809368,0.2727272727272727,0,1
-0.78739886005326543,-0.5242494731288635,-0.32429234513155991,0.56597840212911266,-0.82328154143708254,-0.043312259838956604,-0.24427747237556377,-0.21764648734378836,0.94496482634895751,-23.378730322768067,21.524336496147068,-9.5260810167344729,,0.268862869330139,0.4666666666666667,0,2
-0.83234260958751061,-0.48022578852536002,-0.27674712699547438,0.48982049549898671,-0.87098605591877143,0.038199117583917086,-0.25938708999134913,-0.10376166165910655,0.96018324038464709,21.425971339210147,21.356874151795424,2.2263635107279818,0.3308530968135512,0.3090603050699445,0.5882352941176471,1,5
-0.46855459873575683,0.85627218714432152,-0.2173810698443023,-0.8824550197892066,-0.4652288117098512,0.069536255319585238,-0.041589975383553759,0.22441054850010816,0.97360678904241182,-4.986589730088145,10.358735836534017,-3.688938805199748,0.1775410011974558,0.09154449823976127,0.4594594594594595,1,5
-0.545465339355375,0.81433122544740932,-0.19832352060016709,-0.83582708544495932,-0.54605828693754188,0.0566871281987388,-0.062134103345176314,0.19668503381842792,0.97849596354473178,-16.564653883694476,15.151768317670452,-7.1339768327485098,0.1668738336250076,0.1313858367539882,0.594059405940594,1,5
-0.83522511592052551,0.53397581065394129,-0.13141095605774644,-0.5239835271561325,-0.84529995492518561,-0.10444735263517899,-0.16685403502631643,-0.018379875950211816,0.9858102815225106,-9.230983619136012,-10.408656936229498,-2.2280604311025298,,0.0902380896351701,0.3461538461538461,0,3
-0.84402708077061106,0.52624202174994228,-0.10338095313147523,-0.50810230054479733,-0.84633459643632403,-0.15984305757851081,-0.1716110110305378,-0.082383769150822725,0.98171410067981546,-13.887349502845806,10.724985872115877,-5.9153149376711864,0.4668364550745684,0.289570697595479,0.1454545454545454,1,4
-0.52730747314739468,-0.80249071269967587,-0.27920509449806752,0.82209773054477642,-0.56489979472634877,0.071017908665744436,-0.21471411270812304,-0.19208560057665514,0.95760167703229715,-8.585645220581295,23.013175493513486,-5.9496111522214647,,0.07103346447259956,0.4705882352941176,0,2
-0.91668004998458952,0.31932904423221609,-0.24026370402120259,-0.34326165480906723,-0.93703962971239874,0.064250826346356177,-0.20461945728104527,0.14137076733960299,0.9685789507540522,-12.215749437878586,-9.5277078553579901,-3.1047968733029752,,0.08210469024799157,0.4642857142857143,0,3
0.082287831695125824,-0.95787876379727777,-0.27513085363353001,0.99401563402750825,0.058982819424287597,0.091945344208686622,-0.07184449918961526,-0.28105035292445762,0.95700003503512598,5.0456271615596231,6.0718001418863112,-0.73896395360716671,,0.0774381191264378,0.2586206896551724,0,5
-0.24073750702037103,-0.92522635942611653,-0.29326035623096658,0.95643737640109328,-0.27754954499683193,0.090519584041504023,-0.1651453836370006,-0.25869370671732284,0.95173765732382454,-9.4865749461339224,-12.550749235249992,-2.0597747925952357,,0.3905396468793573,0.8214285714285714,0,4
0.13655287703333421,-0.92871156242419717,-0.34474359398475546,0.98922107498295764,0.10926291801008692,0.097484765771287674,-0.05286753808795043,-0.35433945386807819,0.93362121593770098,0.81830259172371955,12.844353845456672,-2.5080300676409228,0.448517732741027,0.1835137581313344,0.3414634146341464,1,5
0.89917140073489066,-0.29353261767539263,-0.32454490361286997,0.3918065619398437,0.87032583439387545,0.29836313446450496,0.19488050215794975,-0.39543842042375787,0.89758010535630128,-15.752869524880941,-6.3203132453902713,-4.3649500147668041,,0.6547902799093955,0.1538461538461539,0,1
-0.47188577965437023,-0.83130811118526338,-0.29368458461004798,0.85617517601974003,-0.51158540338293912,0.072418526725429019,-0.21044685535201835,-0.21727217797754239,0.95315524535583429,15.4444776730088,7.6370152334490777,1.7996883605352352,,0.08721986965348974,0.4210526315789473,0,5
-0.020357735304197822,-0.91683444305904416,-0.39874824969383416,0.99499560309400659,-0.057601835052831417,0.081644218546940026,-0.097822862546944125,-0.39509066379649932,0.91341888251993286,2.0347538300415033,-5.8257586719144028,0.016605081886875383,,0.07481945877348319,0.3191489361702128,0,5
-0.97001518277832488,-0.0220668860727226,-0.2420404877672038,0.017106245508386943,-0.99959873178348702,0.022577683261369778,-0.2424415837766683,0.017760291548773215,0.97000342808670681,22.800730849690432,-3.3540504569869491,5.0152735873990411,0.2515121912337693,0.2057035749771136,0.45,1,5
0.67211799850300491,0.70247336646647807,-0.23406957404491252,-0.7011254892249158,0.70543392400584015,0.10385580013096997,0.23807655165395053,0.094308792097951427,0.96665681981020968,-3.0836167525426883,-4.8306532186382896,-1.3488987175493756,,0.165189635964631,0.5714285714285714,0,1
-0.3259616707509127,0.92044414159304122,-0.21571177855723062,-0.94538263494531327,-0.3171663221079844,0.075214344804375666,0.00081409159857771915,0.22844716309804408,0.97355597215944667,1.3912343354310293,-7.5222226998385295,0.078026924125856004,0.4181077515360932,0.3344802807734631,0.7440476190476191,1,5
0.083390742144401911,-0.90679871507012366,-0.41323368022437018,0.99406091374370387,0.046600041850505584,0.098342950263667087,-0.069920554142804334,-0.41898034136066858,0.90529917135809823,0.68215234584131823,-11.831886266733099,0.48175323085350918,,0.138935921513429,0.2222222222222222,0,10
0.16188264387036336,0.97947455700315866,-0.12009830055836301,-0.977867356473895,0.17557058417787838,0.11379983793571129,0.13254977463691431,0.099017989046962074,0.98621802614269738,-16.508337559492826,-7.9406809744582256,-4.3581220734272454,,0.562983265158788,0.12,0,1
0.29020788808897358,-0.8768968779870302,-0.3831856561349013,0.9567182808275746,0.25679219236783662,0.13692297495032563,-0.021668244535847599,-0.40633684956636285,0.91346639339562741,-7.1592600074347894,-9.5019617614440346,-1.8088942404735742,,0.07024332500962398,0.2857142857142857,0,5
-0.32182380023234203,0.93603084473359244,-0.14239276425201663,-0.94678512955250627,-0.31732771215879668,0.053861317792153918,0.0052306846833949485,0.15214920572707791,0.98834369484221507,-18.969531649416336,-4.4310330331918735,-5.3769026844140804,,0.2858981966705731,0.1428571428571428,0,1
-0.90822322417882229,0.34569366043202965,-0.23585264085722701,-0.36693016911704185,-0.92881664289622157,0.051593554546385138,-0.20122829337337855,0.13339991385340721,0.97041827936717051,-11.147042152561488,-16.079068456781876,-1.9473550519575809,,0.08501692110099149,0.375,0,4
0.3455797990142202,0.92509862526389397,-0.15737577973800143,-0.92159120863700139,0.36617712522601331,0.12877871378532471,0.17676042169072007,0.10053281303169306,0.97910617750459139,-4.4071314005695408,20.248818379874347,-4.642252721878287,0.3749652436225263,0.4354833990520619,0.8108108108108109,1,8
0.71763182635554323,0.69627471648604267,-0.014355521024608525,-0.65182869931174181,0.67879470000986619,0.33816726925011281,0.24520177110936608,-0.23332225444821222,0.94097652309929236,-1.1384439825143251,16.648726429094278,-3.4345699593691363,,0.4540336511990329,0.3461538461538461,0,1
0.48288243760865718,-0.76111283742980651,-0.43304941998422025,0.87463333170380053,0.44343062866175498,0.19592297628749369,0.042907884145344161,-0.4733672213664451,0.87981951968229255,-11.791197663259997,5.445455406894383,-4.7744481084009429,,0.1915218419218022,0.30078125,0,1
-0.907080953617867,-0.32989760480994684,-0.26147985376384186,0.32874495276527538,-0.94312218400806092,0.049470213899084375,-0.26292755583060673,-0.041086693375404056,0.96394034255882122,-3.6565924992129291,-10.489599642852154,-0.792695407512373,,0.06691435209092976,0.1538461538461539,0,5
0.54514215379342656,0.8083423635887319,-0.22226708120017635,-0.80853339582891726,0.57701473155543903,0.11544586349178122,0.22157116235381941,0.11677595127330891,0.96812684975543895,-9.9572560818517406,10.735967563336741,-5.0114563660407168,,0.08063492868237238,0.1595744680851064,0,5
0.60578760756658412,0.78162806170618448,-0.14858986396180027,-0.76082832180999826,0.62372848964505978,0.17917320094498806,0.23272653318978251,0.0045104720955214074,0.97253175598071828,13.781589361525091,19.703622040969268,0.28438726010409665,0.252772410415368,0.2655924379210056,0.5357142857142857,1,5
0.26216114169654114,0.95416888866231486,-0.14433733991343639,-0.95226135292791203,0.28002878408381948,0.12158205379264776,0.1564284229424652,0.10557278055189424,0.98203082258260743,9.626220878543668,12.104185849685347,-0.16479541905480491,,0.0841394221294508,0.1,0,4
0.14789808536776525,0.96608855157153684,-0.21165790055407374,-0.9800845483632098,0.17184397664985682,0.099518469385565536,0.13251578926388938,0.19272404679118899,0.97226385687435435,-3.7117808277861304,14.167362999593347,-3.8162064705985332,,0.1655677614146571,0.2413793103448276,0,5
0.73147069683567734,-0.58610630822476417,-0.34846809772182258,0.67471022649274981,0.69601198284157195,0.24562864248097119,0.098573474813613976,-0.4147851434177463,0.90456429006626649,-0.9785757120566333,-17.870329359438941,0.85185712882766462,,0.2826503741947207,0.1176470588235294,0,5
0.63610493462605144,0.77058277564277666,-0.039657256928078269,-0.73588461550927819,0.62131376184987319,0.26915245121068354,0.23204384241161696,-0.14202603711514192,0.96228075943573743,-16.131743826889952,-5.0727120304479367,-4.6590004580742193,,0.4559833940035617,0.1111111111111111,0,1
-0.96013763858590206,-0.11077895495428133,-0.25663931520701183,0.11024733747561841,-0.99376712826006619,0.01650513160435824,-0.25686813650241597,-0.012446603109981033,0.96636630866395479,12.984833563949691,-7.3617351728758553,2.9123432054447247,,0.07894071913820004,0.4166666666666667,0,4
0.37844407993373153,-0.87525996814071028,-0.30116451738781308,0.92551004763669886,0.36291714545431597,0.10826955831999334,0.014533756796745706,-0.31970476021731969,0.94740574001203881,-1.626574437668298,6.6355696930440118,-2.4089747116678133,0.5383334663886876,0.4313939917442489,0.9743336623889437,1,6
0.79230567786320227,0.58474883548650991,-0.17412786170771541,-0.56033205718872336,0.81030729386627565,0.17155196062349717,0.24141188560711768,-0.038352169486003618,0.96966458767108321,17.230012355522625,11.020690833164448,1.959862155723199,0.7300772133119813,0.6605901526609166,0.8714285714285714,1,5
-0.22089575977974579,-0.84977674463067465,-0.47862777562132891,0.96287047283582894,-0.2681052795786531,0.031622960060023513,-0.15519508965245793,-0.45387117483592687,0.87744825534091742,-3.7163960007006303,12.833103418598245,-3.6603296959903968,0.4797884715700212,0.4736158680550234,0.2424242424242424,1,4
-0.14114412603212143,-0.95288089657509534,-0.26850760255320716,0.98173473292068958,-0.16967184625964482,0.086071939469175893,-0.12757448751129921,-0.25145469080748117,0.95942445695695244,10.924427189611908,-6.2150998881242963,2.2601667172053443,,0.0853457671269925,0.15,0,1
0.66453273120302248,-0.67030701652400493,-0.33027980979548005,0.73853487288116149,0.65648185010462456,0.15361582607796431,0.11385293451754963,-0.34600590180211732,0.9312987840751461,-12.395222232826404,-7.1261093635442894,-3.4290190410599064,,0.4310465049805965,0.2653061224489796,0,3
-0.03768807091319349,-0.95768330694883952,-0.28534591797041187,0.99394998972632143,-0.065405498764491532,0.088235699432902784,-0.10316504850911265,-0.28029413893783628,0.95435432017841737,7.7173694058336526,-7.52956457827867,1.6655854686403668,0.665800603085453,0.5313885327090206,0.1836734693877551,1,2
0.80731821555569194,0.56789154738866587,-0.16042596185306138,-0.5265452820620099,0.81596028863132297,0.2386605818205563,0.26643454124833665,-0.1082035017048652,0.95776021918254339,3.5370159165576029,-12.617943157714379,1.2937506645417927,,0.3182725335536759,0.25,0,3
0.095927359111294394,-0.93346489861079895,-0.34560269795744247,0.9908679015853179,0.056498988186987432,0.12242820729617318,-0.094756231361535645,-0.35419083471396767,0.930360204019272,2.7411893567929444,21.262453939352781,-2.8447134023165708,,0.140398572490504,0.3636363636363636,0,2
0.86216322340355633,-0.39578776054574272,-0.3162698607401207,0.46075152534498187,0.8721279299758331,0.16462352701950222,0.21067180186883622,-0.28765417145985206,0.93427644171256075,-5.2978481323146003,26.657407489224266,-5.4964904658312834,,0.2563336181292051,0.8048780487804879,0,4
0.96405155424491817,0.14822759508520369,-0.22052931962261546,-0.066548952057777208,0.93818545909046192,0.33967525863864478,0.25724664767100169,-0.31278846591023041,0.91432354112510705,7.030121537093506,12.308555243748447,-0.85902965194083469,,0.6112699811627351,0.2608695652173913,0,4
0.72141001932071391,-0.60457371591029263,-0.33772504505012152,0.68702330433456538,0.68607534663332359,0.23937334447088854,0.086985994992877486,-0.40471130546648237,0.91029786108872801,-12.585845896273062,1.665095453382361,-4.5549878010899283,,0.3916558705636398,0.1840490797546012,0,3
0.89505210158329274,0.40741642760749186,-0.18136590078313922,-0.36114468102287678,0.90077387931681074,0.2412072505324567,0.26164146234917512,-0.15039372611944962,0.95337582952563471,-6.1753432879796923,-13.158486397805786,-1.1313068244293947,,0.1341675210365625,0.3684210526315789,0,4
-0.40068505038087043,-0.84994934554173729,-0.34210758602295299,0.89486430232075398,-0.443182987493622,0.052978486465910177,-0.19664529191737573,-0.2849121787663717,0.93816612577801461,8.724005603571019,-5.7380741289691297,1.7073568745918624,,0.1520086467841307,0.2,0,5
-0.2144527052682835,-0.92965663968727152,-0.29958065606524725,0.96507885524716497,-0.24892275004084233,0.081610462974573431,-0.15044214953906559,-0.27161737204654945,0.95057412275139808,-21.060084899527503,16.959502023526721,-8.3919428430054843,0.2838640730164829,0.2448958031003356,0.5,1,5
-0.71844044708501698,0.6685576592700293,-0.19202598840693497,-0.68495937845092025,-0.72804601681392722,0.027922164556207964,-0.12113617900697547,0.15159041405298126,0.98099254457046481,-3.2418088630601876,-8.8217549940002655,-0.90645338587207935,,0.07608957730498364,0.3061224489795918,0,1
-0.54034999499993996,-0.79479467701281103,-0.27626672672557667,0.81382897585763192,-0.57706518590675804,0.068397143718981993,-0.21378559576847378,-0.18787547100805443,0.95864410832979041,-14.734885549020959,-2.9515804873843439,-4.5209697900378316,,0.07801233358066653,0.3939393939393939,0,2
-0.9407188008416707,-0.18873392064670425,-0.28182910591408372,0.22201804057885138,-0.97079044364100331,-0.090961003692960049,-0.25642957590834914,-0.14813987219053071,0.95514315726326404,-0.06669524831998859,18.4138747204764,-3.2861009032070947,,0.1005700754750521,0.2727272727272727,0,2
-0.90324312902805992,-0.33863923655471129,-0.26358170901873984,0.33990848254372119,-0.93950927705027421,0.042243837790776582,-0.26194288186248216,-0.051437202510545788,0.96371164818085731,2.2706340242531917,-14.140877691620325,1.14530448270289,0.420058433675027,0.401751959749906,0.9217391304347826,1,5
0.57748213051029251,0.79729144441407429,-0.17561532280929526,-0.78537872462043901,0.60126832074837167,0.14716203782907539,0.22292296394689035,0.052941091116000316,0.97339744863882871,-20.40046460439844,14.10711847401863,-7.9410244858843173,0.4390208157745156,0.3719461256321228,0.7894736842105263,1,5
0.33283289701394503,-0.90380608920385486,-0.26899222253318045,0.94298579172219199,0.3189304989353467,0.095189986127340157,-0.00024346535088541339,-0.28533820278204286,0.95842686249798859,16.092035300792105,-11.05494429669141,4.1980037790783555,0.1722431170517072,0.1172787247155786,0.6538461538461539,1,5
-0.64382611669466017,0.73435691647335,-0.21496011418313718,-0.76067858931011978,-0.64466975897228529,0.075953838821891675,-0.082801058127539837,0.21241662151152171,0.97366481074268618,-5.9004342062074038,9.2809101329114281,-3.7589773716156216,,0.07449931449149425,0.3451327433628318,0,5
-0.96847579400078765,0.12037138570466593,-0.21809485536821369,-0.12177773367524646,-0.99253248279315343,-0.0070323666982619231,-0.21731272400728011,0.019748420291167856,0.97590223889513583,14.091010300738207,-4.2440033257354974,2.7702843054033246,,0.2076122580289054,0.6777777777777778,0,2
-0.055746711040941012,-0.95971508192155996,-0.2753892985219476,0.99251777806140074,-0.083275351731450939,0.08929544235884912,-0.10863132347613759,-0.26835084744843957,0.95717660765060819,-3.0450506130019108,3.3362188750802271,-2.3893313601534647,0.3984914092969778,0.3472383118371842,0.9607235142118863,1,5
-0.94963067652681854,0.20754550671189315,-0.23479020602001544,-0.22435267648991697,-0.97337446989333953,0.0469895510903394,-0.21878632212967167,0.097298530325819962,0.97090964628301413,-20.054913810632755,11.75637914705921,-7.6074181057190344,0.2320830774964982,0.1549622370990552,0.7053571428571429,1,5
0.81437618325761441,0.5347601265392371,-0.22543965757270634,-0.51992050655897915,0.8448771796485004,0.12595720768836349,0.25782571439291019,0.01463415091264827,0.96608060876142776,6.7179349730540725,35.19615627328109,-3.0200300268359537,,0.6994813670666205,0.9302325581395349,0,1
-0.95102940457426843,0.19423737999190416,-0.24044731616093001,-0.21002874083318368,-0.97680833675114687,0.041634135964210249,-0.22678403748752027,0.090096134586005502,0.96976888322606036,-9.6072685229656543,17.471197671687356,-5.6817633190358681,,0.07857243890334621,0.3783783783783784,1,5
0.9259149492271449,0.30522815704812295,-0.22252478276070417,-0.27110609362199217,0.94720523995552552,0.17118329183018294,0.26302660093366198,-0.09817334437514251,0.9597807049818633,11.063741444269546,-3.7276064053857878,2.0208220844168778,,0.07427233813926562,0.2857142857142857,0,5
-0.090624318509703525,-0.93118192769686225,-0.35311110209876895,0.99098577717074532,-0.11944709186050305,0.060659555647583532,-0.098663176210507075,-0.34443084904930338,0.93361285760385171,4.2143236185894901,28.369598726592777,-3.0794111555791073,,0.1881365187528386,0.5294117647058824,0,2
-0.96232363156644685,0.13235140737456966,-0.23752122661930047,-0.11098826849334736,-0.98865320941539658,-0.10122467964624939,-0.24822335181367408,-0.071048831648436742,0.96609380038160808,-2.3502028739413152,5.574866208157605,-2.5268731807931197,,0.1419851145424834,0.2366412213740458,0,5
-0.85836432013988173,-0.34964416036816276,-0.37544594155649091,0.44120205668787399,-0.87654101901790604,-0.1923969520378106,-0.26182329744541005,-0.33079420052276004,0.90665525852736284,-8.6992452046795936,-1.8533010852947363,-3.1138204656303725,0.4559170451580873,0.3385995670737291,0.2608695652173913,1,1
-0.39400412439252031,-0.79341823825591118,-0.46394854150494996,0.90122397470879656,-0.43259981580201357,-0.025548909529429804,-0.1804330828084543,-0.42818792436376668,0.88549364992488089,-12.322788141483818,-16.496108567775938,-2.1477658716698316,,0.3440329197013348,0.2857142857142857,0,3
-0.94664862541624295,0.21372018232595749,-0.24120543871168887,-0.23286878062792415,-0.97103293555927539,0.053545952862948554,-0.22277457441638757,0.10685841906792759,0.96899575193491005,11.320917776367763,4.9438508515575732,0.96589866071762565,0.4954986212522033,0.4591956884803331,0.9663865546218487,1,5
-0.16796249024802035,-0.86394931034828104,-0.47474223639614532,0.97596430091557018,-0.21357140354214213,0.043369792798928337,-0.13886066832644217,-0.45604697645940973,0.87905566948525216,-11.805051361877737,11.446969586618286,-5.5222996110406992,,0.2529793022164958,0.3269230769230769,0,5
-0.47289152538923401,-0.82409097278649179,-0.31184559286104713,0.85774621766974601,-0.51153016599258105,0.051071668788554014,-0.2016061290940552,-0.24333301841594968,0.9487591954022343,-8.9414522562927274,1.7746115632405992,-3.6451921434629999,,0.06637222372398351,0.2061068702290076,0,2
0.55777716792884957,-0.75099387324330114,-0.35340180147856343,0.82572567684497244,0.54520560866685996,0.14466496077871835,0.084034145061285162,-0.37250375384581158,0.92421816463137918,-18.623883958630206,17.952911673999751,-7.9459674881621201,0.3599390498125533,0.2740327726036264,0.4444444444444444,1,5
-0.96732298644408732,0.025413376114499991,-0.25227049017147285,0.0039801896146661785,-0.9933195454077286,-0.11532752837728978,-0.25351607047192004,-0.1125630535542024,0.9607596791014027,2.186797284409463,11.522768669574868,-2.0254070192297431,,0.1499889101749225,0.2619047619047619,0,4
-0.84707688039737494,0.49352651904894401,-0.19721139341245894,-0.50358457569548165,-0.86394536772345631,0.00098828679202867171,-0.16989212406069018,0.1001497707666574,0.98036048961467903,-15.39281796945999,23.538938296741996,-7.8075504747258977,0.3152070071550642,0.2444213961688487,0.525,1,3
0.27771199055491824,-0.9201317239444774,-0.27610443837973586,0.96046709846936384,0.26011565151141786,0.099210889506303579,-0.019468000921161018,-0.29274128241461783,0.95599348246229099,0.80364321553846918,2.1743902819186367,-1.3082011645758,0.6230860622960934,0.542679090076196,0.9979919678714859,1,5
-0.73135854151815016,0.64929549901719263,-0.20863853600056353,-0.67040518952532779,-0.74061840069723894,0.045180376339433503,-0.12518612385545375,0.17291541141459404,0.9769486654320011,-0.47511684084046724,-8.3506595807798263,-0.26527266407617495,,0.2093553139838941,0.6875,0,2
-0.88317724851560508,0.42150174647818289,-0.20575282603222489,-0.43013122429993311,-0.90276112929607011,-0.0030778749690048091,-0.18704298325958632,0.085782405818011359,0.97859915249576435,1.5993461456971476,18.218417128540626,-2.8648246815582739,,0.0696834810685561,0.25,0,2
-0.93265135391689824,0.32019268493508068,-0.16624709486496578,-0.30822358798963551,-0.9466480470464681,-0.094104701422955003,-0.18750912469469888,-0.03652560111993134,0.98158352095940138,-13.947157011909495,5.1496821118089375,-5.2985507569925279,,0.3164522191515173,0.1308411214953271,0,4
-0.78299340477708346,-0.52708620909523607,-0.3303050957178888,0.55648182670769974,-0.8308331069251681,0.0066577008895101902,-0.2779375912316504,-0.17859584714848742,0.94385073966261335,-9.5013249747510358,27.715951826241934,-6.6916397647561086,,0.208342216495991,0.4285714285714285,0,3
-0.93286153111306735,-0.24420799860608339,-0.26482412500788621,0.24688291413113675,-0.96875600608587209,0.023677571299966896,-0.26233221395684375,-0.043292656298249521,0.96400599346225024,-8.9011224784079879,-16.536660314057031,-1.3782955301553399,0.1625789312148948,0.1993435203455816,0.4411764705882353,1,5
-0.85192934633106521,-0.44379449951229638,-0.27796192376394679,0.45383933752530209,-0.89054854907033665,0.030872924437323875,-0.26123982195392553,-0.099848505003070506,0.96009584494160416,-0.049959149128836228,14.345951945489,-2.9153801457906274,,0.1242114434140382,0.3461538461538461,0,4
-0.94406410680472941,0.22560327452737358,-0.24051221333960132,-0.24465791625234345,-0.96820610660565765,0.052148242027649734,-0.22110057950636114,0.10807450048017601,0.96924426028112776,-15.020236655015598,-10.701574004833912,-3.6363116925260468,,0.08646079063399524,0.4074074074074074,0,2
0.66606595813684544,0.73896523426927996,-0.10142249234067686,-0.71398871675207176,0.67099732063326645,0.19995676546120528,0.2158153186453092,-0.060769879416745498,0.97454131261516985,-4.5063257647627504,-17.229480731775293,-0.097214830098949073,,0.3433053271535172,0.2631578947368421,0,3
0.4626193875429781,0.87849041654997695,-0.11932263112757588,-0.86386194626395363,0.4769336477316013,0.16210130615908863,0.19931342169160027,0.028087073383969294,0.97953319302732644,-18.433381803779962,19.802024181607582,-8.1086706424108659,,0.1025324055667519,0.3157894736842105,0,1
-0.9611164637668107,0.13094052003535431,-0.2431249129341794,-0.15109969714009008,-0.98630423772336029,0.0661273935152073,-0.23113637662764036,0.10029222732501761,0.96773831407960342,5.4026312811606436,-5.4638026104286386,0.81205889949555454,,0.08910763828668204,0.4565217391304348,0,5
-0.93502697688502423,0.25970936883776807,-0.24140338902993866,-0.28198615279157413,-0.95739907028269211,0.062215993567918508,-0.21496130379921569,0.12624604532310915,0.9684284041214487,9.4165205422112059,-9.743050366315293,2.42104105783037,,0.07743451391942474,0.3571428571428572,0,4
0.62502028795789522,-0.73489383141793629,-0.26321226450318796,0.77564680935602348,0.62263449393663384,0.10343265488274432,0.087873015066348814,-0.26880726088433388,0.95917724624753864,2.6655876640981275,-4.8953858374801884,0.028435280530868346,0.1527695301188617,0.09684876818902652,0.4835164835164835,1,5
-0.86817909800193316,-0.36718360104025183,-0.33382818472930492,0.41267821414508943,-0.90780619431325638,-0.074730215686171872,-0.27561158423144988,-0.20264283035329717,0.93966703568010468,-9.2003905268036679,-9.9715792887884387,-2.262900450262908,,0.2124093816512157,0.3125,0,5
-0.37609439873938399,-0.85441447355262878,-0.35850928944818794,0.90810589282932008,-0.41676697514434236,0.040607583499852773,-0.18411053920273998,-0.31029211368131554,0.93264254328314722,31.178060636740138,-2.0170740914773937,7.1459516177561833,,0.4691650056231616,0.7096774193548387,0,5
0.64206876328251461,0.7546132824747348,-0.13530150453549114,-0.72907190885283646,0.65558929290526236,0.19661340429802543,0.23706930408330595,-0.027594799160046989,0.97110075281649999,-5.8744338696377776,-10.513097020118849,-1.3468078011014526,0.5494149543766605,0.2214673839965068,0.5,1,5
-0.6500323182524006,-0.6457958293061089,-0.40050684398427844,0.72270932515521713,-0.68825669731411743,-0.063197705147863284,-0.23483870328611242,-0.33053058172142064,0.91411176449370712,21.121871760580632,-15.331314929851025,6.0604832503128723,,0.3745621239895218,0.1111111111111111,0,4
0.63793600642081771,0.75909961429840866,-0.12963574847959342,-0.73559464688689058,0.65048274165640407,0.18913677135479909,0.22789946727276034,-0.025297793958643473,0.97335597518976424,18.35457883327129,-11.033254971196946,4.7778984894123102,,0.1100688454579964,0.3076923076923077,0,5
-0.091473126401539193,0.98594531574879107,-0.13980165056015995,-0.99334299435688955,-0.080471983044463916,0.082425454241880941,0.070016874454783495,0.14641070417803659,0.98674289609486177,14.226075958575453,-8.2731687136577658,3.3060475708846933,,0.1538823672748187,0.4814814814814815,0,5
0.92926350034584793,0.28041694023216179,-0.2404905124029097,-0.25957719528813,0.95884810003961618,0.11502174027881043,0.26284791536424623,-0.044459652284405841,0.96381238459952334,-1.5313954287865128,2.8776377322900504,-1.9729160965893813,,0.08832489562856187,0.4937888198757764,0,5
0.87597412895337046,-0.3912542932498192,-0.28211593967368981,0.45577076140970046,0.86285834081048307,0.21851429412695772,0.15793143590940439,-0.31999306509261305,0.93416385064089746,2.134310198680653,-13.239140385608088,1.0030452430381489,,0.2079162842297746,0.3529411764705883,0,2
-0.8621399490941567,-0.43000375151096032,-0.26797664424801054,0.44958779105457441,-0.89313762815331255,-0.013266322449837968,-0.23363545602196786,-0.13191645410325065,0.96333406605716565,-13.092108222195229,18.104772277670129,-6.6080335763088147,0.3751451003642712,0.2194697471971901,0.4310344827586207,1,4
-0.8236035387936026,-0.4900847760131663,-0.28547175553245346,0.50688477483455274,-0.86184264097515539,0.017178103442920901,-0.25445045869005839,-0.13055333973933989,0.95823316032963757,-4.8464720543759112,-9.3417481148872739,-1.2717058755137833,,0.07458046565820994,0.1935483870967742,0,4
-0.91036544132192554,0.34189683716649288,-0.23311223902293546,-0.36264139341832841,-0.93050615723075825,0.051473402211843967,-0.19931378032226141,0.13139575370306997,0.97108659391552354,-6.4250922803693546,7.2111152437482273,-3.7113672302300329,,0.1136472168637694,0.6253369272237197,1,5
0.0028124366790827182,-0.92479469942976111,-0.38045611324638168,0.99885277279680285,-0.015589528783061775,0.045278083754287712,-0.047804063384448328,-0.38014698538715208,0.92368990523064387,-11.244612358260026,-5.629412837365015,-3.342352631885761,0.4381173774742644,0.3684829127149336,0.5142857142857142,1,4
0.93066511516407857,0.2734834973120705,-0.2430416016129554,-0.25446419247452778,0.96113207650243904,0.10711258687192257,0.26288860409861492,-0.037840563104523564,0.9640838519646584,16.234775302987892,-8.3758289356215574,3.8315959077518635,,0.09689131890427125,0.3181818181818182,0,5
-0.16056672673150438,-0.92649086729369678,-0.34034247323556716,0.97787651925809727,-0.19616087187102677,0.072652773040440072,-0.13407400699015995,-0.32114729512821838,0.93749057354270526,-8.52909991374257,10.064605792985713,-4.4788968273838696,,0.09630278699441364,0.3274336283185841,0,5
0.50176012248202506,0.85774392678374167,-0.11185765754936218,-0.84597325604570173,0.51357714183444436,0.14341467651742101,0.18046060385097026,0.022668821115577865,0.98332095218548721,14.250215223762998,4.4405426114465616,1.8525646641827054,,0.3756725697289042,0.2666666666666667,0,4
0.72169638721556806,0.6551493074796263,-0.22345851872095449,-0.64721227787537583,0.75314651907068686,0.11784136870842563,0.2455006966331551,0.059579406850637825,0.96756379749965937,-20.970178626804874,18.895050587609763,-8.6263203669296882,,0.09993262462924153,0.24,0,3
-0.72214067836557361,-0.57493764121732727,-0.38465510442624518,0.63253224365066762,-0.77392432011555645,-0.030726331963432628,-0.28002821534974354,-0.26549549044217358,0.92254882969028151,1.3498432135726519,25.882081961335626,-3.6417431820083843,,0.2957500224783295,0.2181818181818182,0,4
0.30505612361173451,-0.86350875576079333,-0.40161348355281634,0.95228129185612054,0.27213510703316318,0.13821296864218954,-0.01005498024961547,-0.42461171939136944,0.90531971431516089,-16.694514487418857,25.553526785274482,-8.3280552505851464,,0.6801221032259572,0.5714285714285714,0,1
0.77090854887962224,-0.50386293425876771,-0.38964362274321868,0.62124382898722541,0.72979553828649191,0.28540248289463083,0.14055644492375968,-0.46208291006839219,0.8756273579629178,-0.69623870510981778,19.232365576385938,-3.6293436509799872,,0.1093902516416796,0.4285714285714285,0,1
0.87760708803172305,-0.3478410060366372,-0.32986729688755212,0.43897365098185642,0.85963110061891224,0.26141251804834759,0.19263419421312405,-0.37422053039369518,0.907111383376773,5.6100206748797365,-3.2818793107567306,0.56416581351459016,0.2928107602218153,0.250023375328028,0.16,1,4
0.87376259473337825,0.45932911448805519,-0.15986147950151217,-0.40922945339878081,0.87197299146411567,0.26869007541786027,0.26281206691422776,-0.16935131160029249,0.94986838601120471,-10.936685031793919,29.725645932321001,-7.2713273762395003,,0.2373622176747271,0.25,0,1
-0.726040189847175,0.66466518597417379,-0.17631175026241605,-0.6751142462632902,-0.73771254924449559,-0.0009742584557581184,-0.13071494642552917,0.11832322359159356,0.98433389535252014,8.5829126587471958,-13.663077431367507,2.6518469648079543,0.17661268411942,0.1515924688281016,0.1428571428571428,1,5
-0.75401062340123304,-0.59490638163289711,-0.27848586479485343,0.60664125798534996,-0.79326740768741089,0.052088424921924205,-0.25190149643865895,-0.12966578960291966,0.95902680833155829,14.169881080478268,-4.7039348848357427,2.8447922629322204,0.2917448357205513,0.3175744324655255,0.8508771929824561,1,6
0.79050231963445072,0.5848142884306694,-0.18192946627713547,-0.54657043618897427,0.80764697317892542,0.22128516669473186,0.27634551007162755,-0.075489169834160388,0.95808900646077866,22.23159396233314,9.2311529340207024,3.5046071410015216,0.5881530665761976,0.3881490749636393,0.4210526315789473,1,5
-0.55401490585669388,0.81392262475827959,-0.1749212536977455,-0.82994965553778299,-0.55643954157696995,0.039479182391821029,-0.065200102463980572,0.16704788976878501,0.98379060229424953,9.5039570643257569,1.5582608236222393,0.93166737311039149,,0.08917430395182184,0.25,0,5
-0.9695475182424993,0.034239348025761028,-0.24249799363413518,0.00092928032967840349,-0.98965721199576595,-0.14344943075117469,-0.24490150327811208,-0.13930638819357141,0.95948787584866457,-10.232565846125329,21.799080203742538,-6.2810463334883604,,0.2411019770930348,0.45,0,4
0.78992781183022009,-0.53287785165601642,-0.30340607658975566,0.59712434000544001,0.78101258231853921,0.1829258561089562,0.13948682615282346,-0.32566937448061528,0.93513789563636895,-16.509906413627583,6.7131819786202929,-6.118923007053449,0.5031687738841515,0.3961050082121426,0.4545454545454545,1,4
0.47703694003679836,0.86730112238048118,-0.14221294230091941,-0.85595687816929722,0.4951881246146177,0.14874993766495326,0.19943314808475981,0.050768931032811694,0.97859538885424291,4.052928692695243,2.644282780107317,-0.53206980047635366,0.429765415897437,0.3813529985296992,0.6292517006802721,1,5
0.90483460249668657,0.38547653783953173,-0.18078213656196868,-0.3483146455581565,0.91438172099880399,0.20635642949266303,0.24484944315713306,-0.12374937203280097,0.96163134469875111,5.3108832467824847,-7.4766872036692593,1.0714296994216173,0.4611726813958294,0.543835368181096,0.5913978494623656,1,5
-0.96669056100015316,-0.020721948618985034,-0.25510774217698939,0.041615682063332306,-0.9961793236152624,-0.076778188359987148,-0.25254206437663579,-0.084837232668623488,0.96385950722785141,1.9315616906334987,16.335305253628629,-2.57026393594573,,0.7805824340778644,0.8064516129032258,0,1
0.57434937917525875,0.79059020241864042,-0.21234387789773365,-0.78820815038432646,0.60412550224550643,0.11730425910568167,0.22102194983465648,0.099997546851246039,0.97012874831901508,-19.777646349952843,-11.149847142933274,-4.7615403771537546,,0.7080028974988297,0.8235294117647058,0,1
-0.67064030027979427,-0.69479840261633563,-0.25980139984691292,0.70744377606356013,-0.70441237332432483,0.057675922329189631,-0.22308045936289078,-0.14511508546453725,0.963938131116858,-4.3740537412933991,-15.091883591522219,-0.35559082998293856,,0.08098409216388067,0.1333333333333333,0,4
0.88507915329053277,-0.36620049578014946,-0.28728398719888371,0.42190566737664464,0.89187479090665966,0.16295694272007014,0.19654643279892869,-0.26543653523126171,0.94388184934261843,0.0072005227841298409,7.957274346733227,-2.2119637165131101,0.6196649814906738,0.4075751039605122,0.5508982035928144,1,5
0.53137820262390323,0.83716280110006414,-0.12959803328169925,-0.82939241134776343,0.54527115076046817,0.12160427684541758,0.17246864577346308,0.042869763267938753,0.98408167832879523,4.855741931850166,14.72385987353446,-1.6306490250338257,,0.6464779705356435,0.6857142857142857,0,3
-0.93100588349981395,-0.24005209820422962,-0.27496006080243351,0.25307721601622529,-0.96736715421751973,-0.012357656516268909,-0.26302085016630888,-0.08109117762644813,0.96137622879336249,-5.8631630880624215,-18.675949734219145,-0.32654956048430261,,0.1288837209561093,0.3181818181818182,0,1
-0.95763789391323606,-0.1112919163550998,-0.2656007784164629,0.12669425456564296,-0.99107229764750615,-0.041524290430405043,-0.25860825586488467,-0.073415326667543038,0.96318843421670086,0.011755838726395044,4.7180527585335499,-1.8237092614855277,,0.2511538288787949,0.2661290322580645,0,5
-0.30526659081993451,-0.90438741921924226,-0.29815382688661352,0.93348729116202167,-0.34607460796953066,0.093988525670563025,-0.18818550892182218,-0.24963125140233064,0.94987917787218645,2.7890979148776744,-6.854874709432579,0.32438081568015459,0.1861502125871413,0.1509350224520918,0.3620689655172414,1,6
0.79302858174184931,0.56632312482166636,-0.22446333070845711,-0.55513085484727653,0.82355522164464368,0.11656127529490097,0.25086929373090527,0.032170097824916158,0.96748626980897878,-14.552946263005991,9.2800523803978745,-5.9194417751594539,0.2032492501563405,0.1961798736050794,0.7281553398058253,1,5
-0.77506152721574428,0.59639701992165051,-0.20878271877378404,-0.61582197386440196,-0.78696289741619396,0.038114230886388302,-0.14157303957939985,0.15811385998350555,0.97721905514852025,2.4103301664100405,2.0513876639689475,-0.86493148033223999,0.1700636222793576,0.1395070014636698,0.4308943089430894,1,5
-0.90959695908874538,-0.32233972327408683,-0.26216497633377872,0.32098143658263478,-0.94580503757939438,0.049231577862045552,-0.26382624847776937,-0.03936919721081137,0.96376645351719981,-15.291172854882582,26.518401967205033,-8.0239845413386988,,0.3157337332996237,0.7073170731707317,0,1
-0.38318920073102697,0.91604158587935669,-0.11846454905477212,-0.92336163606677113,-0.38321085267450872,0.023510241014755597,-0.02386054239141781,0.11839449029456474,0.99267991779056242,2.4494965344735036,-10.621403619830438,0.78231519528197024,,0.08252162075336024,0.375,0,9
-0.30929866481221346,-0.87026338358530964,-0.38337446333321373,0.92332572234404353,-0.37131251494960599,0.097962373897573507,-0.22760480311986275,-0.3236798718370455,0.91838303238045582,-11.269156954682297,20.489311554119674,-6.4541278845159935,,0.1153701408648708,0.2857142857142857,0,2
0.91307316459600874,-0.29850360123431108,-0.27783627578985703,0.37084889154466549,0.89118374401391753,0.26127118870137456,0.16961278175515865,-0.34159498599289156,0.92441569102314214,3.7565464739260332,-10.021940352228961,0.98537451334224235,,0.2288959385877319,0.631578947368421,0,4
-0.66530104315837324,0.74466597518560584,-0.053358292450667283,-0.74159927292343242,-0.66741471361705085,-0.067735651225233534,-0.086052544249527602,-0.0054941285333088919,0.99627545095713499,14.98979142221522,-4.3191890185202073,2.9927924258695096,,0.2416991251573563,0.1071428571428571,0,2
0.49627234551522498,-0.72941477046367686,-0.47081615489088607,0.86668530476911199,0.44791500006680884,0.21961041690325656,0.05069853621248472,-0.5170360193879846,0.85446089031701089,-16.067982343560786,-3.9322481624203283,-4.7039489084529684,,0.5284201145292777,0.3888888888888889,0,2
-0.42615846701447346,0.87715201734779991,-0.22134430070493974,-0.9042912961517473,-0.41991771747592627,0.076982869873764362,-0.025420713917327788,0.23296662639205026,0.9721524254413193,-8.9748369843977134,-5.2987624514626654,-2.8309585261051331,,0.07399737629477871,0.275,0,5
0.88585849019803964,0.45062804347461538,-0.11040426521783107,-0.38194494821487457,0.84341323092314846,0.37785205892903667,0.26338715207311408,-0.29255510307977139,0.91925987608771331,1.8363016670825334,19.190436097802102,-2.8715174904753562,,0.2204051334134514,0.25,0,1
0.76458536085056272,0.61242082444898127,-0.20087299408891404,-0.59532216660695003,0.7904751841747768,0.14401562814590402,0.24698328672082567,0.0094719050397809278,0.96897344602186897,16.064311125801108,18.538341962434064,1.0456546098214907,0.3835355993187256,0.3800844742241883,0.6341463414634146,1,5
0.28197627223566574,0.94793662773088772,-0.1480051745793674,-0.95070274405814525,0.2968188851578567,0.089793328560412847,0.12904911598453123,0.11538933754831206,0.98490183594293867,-16.652550849611224,-6.7293417857987414,-4.5916835289237437,,0.5078025068862637,0.1481481481481481,0,2
0.81498105995455072,0.56141743048042103,-0.14358391507449292,-0.5166398529296945,0.81616159807414002,0.2587730824368133,0.26246739660411367,-0.13671398824490452,0.9552068630082341,20.341757023464655,-13.166221674326893,5.5601037701690252,,0.4943684632356491,0.2631578947368421,0,3
-0.21729779365322321,-0.87338319195501624,-0.43587093145093764,0.96518126662813264,-0.2588737083017647,0.037543650597751506,-0.14562551776235663,-0.41253630526362117,0.89922578111166573,-21.921532294956474,21.605426063109341,-9.180090153017229,,0.5597780925355107,0.7457627118644068,0,1
