axis_00,axis_01,axis_02,axis_10,axis_11,axis_12,axis_20,axis_21,axis_22,location_x,location_y,location_z,dbh,dbh_approximation,score,reconstructed,number_clusters
0.36267252037238057,0.92865472673741767,-0.077904053007507065,-0.89793809869407504,0.37059344781833314,0.23741875946897922,0.24935078480007608,-0.016152242642175161,0.96827851942362808,-5.5265607462328639,-12.697744641201691,-1.0099779363846315,,0.4528610697951905,0.3725490196078431,0,2
-0.2626256856992592,0.93699511934061741,-0.23036470116503685,-0.96440039720912907,-0.24723482614904374,0.093844630117691674,0.030977783553188316,0.2468098196403761,0.96856868102123617,-9.9367959858835011,14.546480484056135,-7.3018571856095846,,0.08992643435088236,0.1379310344827586,0,3
0.93532753170154426,-0.033413811547466581,-0.35220154122173852,0.10539717968331414,0.9766428346455247,0.1872437129795243,0.33771858544637551,-0.2122552490126586,0.91700265338257014,8.3698454865105045,-15.132767349394154,4.2898731352975101,0.2561866988742883,0.2066118299011315,0.4545454545454545,1,5
-0.69580032773552947,0.6640083808004712,-0.27377869557338574,-0.69517524688089682,-0.71842849359829031,0.024328495846923617,-0.18053609070546583,0.20725194766956062,0.96148497135418587,-5.288448318256262,-4.8201633138984556,-2.2845848901225945,0.5277563461148489,0.4124223105376218,0.3701923076923077,1,5
-0.18176550352766505,0.93241375635363233,-0.31235538844374855,-0.98119563983703995,-0.1510000561934394,0.12022520282520258,0.064933951767294829,0.32833453974884946,0.94232691350496556,-9.2994257636228195,4.4874696199586515,-5.2695046285136895,0.1822187381681809,0.1328962930351324,0.738404452690167,1,5
0.93583604244611074,0.12271075358308138,-0.33038306950247209,-0.035501840891286988,0.9654824388074742,0.25803736095322211,0.35064301069910525,-0.22975145551104997,0.9078897222341612,10.907550814860114,-5.9665930077060949,3.4522322419004592,0.5971776310828287,0.6497737924002728,0.9395161290322581,1,5
-0.36376365725873616,0.90997885025843717,-0.19903390098192536,-0.93143666770178857,-0.35765553892446605,0.067143499590348502,-0.010086412560376087,0.20981183846242785,0.97768975484183074,-1.1375214065290054,11.701143345402848,-3.8384396722876222,,0.6793889221599343,0.25,0,1
-0.12464599736895288,0.94222678289009321,-0.31092131632373687,-0.98864922476584549,-0.091452055149721573,0.11920248310662956,0.083881378802407883,0.32225023074232007,0.94293091108348404,-15.62737387783209,-10.775738221567915,-4.9973189101546023,,0.1029376403181457,0.3333333333333333,0,2
-0.50222072893033742,0.80935899645685005,-0.30448703467806965,-0.8618562993600315,-0.49721930698801736,0.099883332001842406,-0.070555359017688474,0.31258754871670658,0.94726499233380734,10.938308648540625,-9.3317510782614832,4.0754429904393321,,0.07551067627345734,0.25,0,5
-0.053209787025502865,-0.91311533269319234,-0.40421418550726479,0.98726637569060927,-0.10887308411638608,0.11598170108131417,-0.14991271458895561,-0.39289571231509662,0.90728117871417513,3.8219158304634795,14.748896609952732,-2.484785146749056,,0.09346785861990745,0.4761904761904762,0,5
0.74737508883280079,-0.52575493750990887,-0.4062169645351062,0.62836676130653546,0.75795568046138417,0.17509540182842048,0.21583718372259078,-0.38611517988842714,0.89684412134017366,-13.558281920082017,7.5532603600371058,-7.298223469279864,,0.08215753405797402,0.2575757575757576,0,4
0.13137442696962734,-0.89300967736475079,-0.43043521704352655,0.98733588222672386,0.078916155543945585,0.13762302155432551,-0.088930397536391467,-0.44306428035564949,0.89206806235115887,-19.010490690383094,11.045073393767625,-9.8307827475387288,,0.1201279440129503,0.2121212121212121,0,5
0.5609902111677284,0.76930438173270355,-0.30571351167531052,-0.76844498075685319,0.62128256078545196,0.15329804699822713,0.30786733266715222,0.14892530983930821,0.93970152578660782,-13.474497034984296,19.30075414293535,-9.3359698558015261,,0.3111355025966867,0.3333333333333333,0,1
0.2997350156691454,-0.88104343945759878,-0.36595269936228397,0.9538598660372255,0.26967682625639994,0.13200668673867302,-0.017614662791659106,-0.38863461910771724,0.92122356487756862,-13.721332836502793,9.4732926076378767,-7.6313827553803684,,0.07049485053368554,0.3783783783783784,0,4
-0.058907255528528567,-0.92778305438431419,-0.36844068619441278,0.98643523429284841,-0.11074749149909187,0.12116320263294676,-0.15321704798001629,-0.35630548287104941,0.92172172540540553,-15.094216397269335,7.6493610618914349,-7.7893623034378079,0.1337805509473045,0.1293193851847047,0.4044943820224719,1,5
-0.88028367131403806,0.3571801444463566,-0.31228673111606764,-0.38945340777174309,-0.91991444430976899,0.045644915655805848,-0.27097361715276908,0.16180160556536313,0.94889068877485316,0.37823397346380971,1.8607937602796754,-1.5423475525444013,,0.09006307609779801,0.3536585365853658,0,5
0.23025332548252769,0.9351384681006577,-0.26925722196923901,-0.9507315594862078,0.27519487074200677,0.14274902771722467,0.20758831349852053,0.22312290020445022,0.95243018825696291,-7.1593820490072542,-0.33314785350368598,-3.6836568429611236,,0.07321690128236265,0.2441176470588235,0,5
0.073390501599229496,-0.87540261225199034,-0.47779085459791348,0.99220376816524447,0.015704482509233193,0.12363272895073631,-0.10072495576421242,-0.48313935431871852,0.86973033038683212,5.2395273092029191,12.058607750785761,-1.5473079126486702,,0.2398502482675232,0.2,0,5
-0.89632222979033171,0.34599670922966358,-0.27729539770059547,-0.35600363908784616,-0.93436226360868657,-0.015118508532986272,-0.26432530968467322,0.085167115404333263,0.96066575514785901,-17.200341144283563,17.876404038691248,-10.300772750585464,,0.3129094667528378,0.2962962962962963,0,3
-0.91563496539975975,0.25875097360063815,-0.30766953667547758,-0.2692996293923261,-0.9630193067539814,-0.0084572116112298298,-0.29848001565688942,0.075111573540988047,0.95145569091453752,-9.6172051587477281,-16.772205779226738,-1.8470952193172581,,0.1477147142344425,0.5,0,4
0.82617012948245583,-0.38927830737059621,-0.40731476349578377,0.50651617012195493,0.82976992565662522,0.23435707772709993,0.24674741448681758,-0.39993033129094235,0.88270688428129296,-5.9182834916586025,-6.9287124730365548,-2.1191643565981391,,0.1772891591689182,0.1388888888888889,0,6
0.12609517707132534,-0.91847175735320463,-0.37484615145932537,0.98910167225470302,0.08745016388067893,0.11844978168064677,-0.076012421763167276,-0.3856969014417394,0.91948899501622072,2.1426422149757203,-14.917186303866245,2.0734830975461596,0.2650836864858607,0.2623411336534581,0.7127659574468085,1,5
0.92775540679505086,-0.14802951492635566,-0.34257432459718734,0.21777185898200577,0.96020952662148684,0.17485160113897438,0.30305993235344164,-0.23682256585048958,0.92307624262891697,4.6806894064218412,18.256102583534876,-2.6215172182282322,0.4092313614576,0.3615207295740003,0.819672131147541,1,5
0.40205413471082585,-0.82764890673002312,-0.39159897848504033,0.91517891293489972,0.37646567373337164,0.1439484415329805,0.028284803008408837,-0.41625819353987081,0.90880640745413921,19.764357027933208,-1.7334392485119103,5.7513956877599428,,0.09349018625655379,0.4090909090909091,0,4
0.74002765846545016,0.61233051337600675,-0.27822725800111747,-0.57552791726406594,0.79058379291343361,0.20915277390533615,0.34803258634189821,0.0053487167887555044,0.93746717813099112,-23.688128172406628,-8.0417640487892221,-8.2408072360738966,,0.3867004208558437,0.2857142857142857,0,1
-0.19753126188759795,-0.82469258964884584,-0.52996559619976613,0.9574443455856072,-0.27835292903402326,0.076288741006311792,-0.21043223537101272,-0.49234315215757829,0.84458066212783844,22.098804827785152,-6.7563982204180855,7.3990303038344152,0.3399903250836808,0.257934800372284,0.1176470588235294,1,4
0.76941064794310055,-0.48365490623034729,-0.41723516931233534,0.60625584987829861,0.75864373653705852,0.23856555807876539,0.20114944523940656,-0.43650614278885574,0.87692718511144041,1.9906221308671681,-9.874577546089224,1.2478744082254558,0.5934657206895433,0.5878163883896609,0.6308724832214765,1,5
0.38967393687889812,0.89154639438826644,-0.23086630237127306,-0.88814279398239804,0.43010840019738278,0.16189237652462082,0.24363210054186671,0.14195700311337761,0.95942253926652565,-12.29875686117458,-17.04009139087735,-2.7169607190972487,,0.3741716806297757,0.1904761904761905,0,2
-0.020031573699459727,0.98620462991411695,-0.16431422333773638,-0.99228485360503182,0.00050121860797550859,0.12397789353730837,0.12234992995978493,0.1655299873614067,0.97858587662144836,-14.123956994706335,13.815316362441475,-8.620091081788944,,0.119672916996857,0.2692307692307692,0,3
0.67479991793215688,-0.63503407275698776,-0.37600106010013784,0.72266033930993789,0.67192143512681746,0.16212223476612853,0.14969002888369026,-0.38112112438802337,0.9123264677723697,-16.59064467624108,14.882943654652205,-9.6380283796180066,0.2296963527467521,0.1809544070832691,0.4375,1,4
0.48806142013784565,-0.71071054766062425,-0.50664244553428905,0.86902199155764726,0.44971083927921096,0.2063030276655399,0.081220861619476142,-0.54097197568702526,0.83710960641905563,-15.627568091936409,10.284451254670859,-8.4350225173744846,,0.3427232577968738,0.1851851851851852,0,4
-0.2737886489163458,-0.89252194160939091,-0.35839134960315022,0.93546326035371685,-0.33370380870969057,0.11640556937295908,-0.22349108316207741,-0.30339141681737092,0.92628580036001407,1.1517703058286914,4.0209918680172398,-1.800276747859427,0.2141757120645064,0.1895083054841122,0.7913907284768212,1,5
0.57417326298315974,-0.65221448069463805,-0.4949154829336983,0.81070302898154212,0.53736625256200421,0.23237493282973068,0.11439258225700179,-0.53465295452255079,0.83729358969532452,-24.173922956279402,6.9041454564977389,-10.96269973977253,,0.3215893664163012,0.5166666666666667,0,4
0.34033251534263692,0.88681413539945719,-0.31262512416034055,-0.90787452402815993,0.39646564864192291,0.13630421148146041,0.24482162408822714,0.23743563065103332,0.94004611252648118,-0.43248009669141091,3.9348210767539111,-2.2261468059201341,,0.07851345788338213,0.3396226415094339,0,5
0.92490723384204276,-0.039767280473081944,-0.37810735537732881,0.1602459137866703,0.94263649938326799,0.29284411748425965,0.34477217970906149,-0.33144380132118184,0.87822386136134378,-32.651622085042426,10.885791384922971,-14.618747653824162,0.5785612681116439,0.2983812600804083,0.3103448275862069,1,4
0.78445679403046287,0.56760887831249252,-0.24989537722871616,-0.49115195277924162,0.81461293697589143,0.30850530334606963,0.3786783563667005,-0.11927247868786404,0.91781086191386241,5.2349689113658862,6.6939012794532795,-0.77106966667481569,0.4409988068875924,0.3191592836035347,0.25,1,5
0.49379559616313723,-0.72348648877528265,-0.48242430470438091,0.86711800107866555,0.45137489591950741,0.21063493427965274,0.065362691309582249,-0.52232940171243214,0.85023509377789219,0.30775237181958748,-8.2515367810289284,0.30986458454515886,,0.1053011694429114,0.1428571428571428,0,5
0.14132893722170256,0.94431371916413764,-0.29714934174952801,-0.97313932428661698,0.18762271943992742,0.13340753605757225,0.18173053411788073,0.27031336435396613,0.94546533411906164,-4.2979250362532548,-8.1622020473032872,-1.3525521581677795,0.5451516214416543,0.6526042173978686,0.6490196078431373,1,5
0.65510684886091253,0.69239096937688449,-0.30237354729020621,-0.67563866491959101,0.71598882149891818,0.17570544087836842,0.33815294031132881,0.08918942209661046,0.93685529082397467,-11.809111676070184,-1.6676125903972516,-5.2109437757514039,0.3420311846788896,0.287872530277519,0.6525573192239859,1,3
0.45836853149651552,0.871610737678435,-0.173761363074139,-0.84190835303931999,0.48846633477186829,0.22932720047381519,0.28476062652050094,0.041174770894226061,0.9577139572051041,-9.8170408197669463,24.621700396901918,-8.9155260857017833,,0.3355918712093032,0.1875,0,3
0.92097550030715825,-0.16479803425528258,-0.35305202979104483,0.23620528110802097,0.95679606800623973,0.16955338222660737,0.30985672981341372,-0.23954726496747147,0.92011190343128546,4.0706043160672802,-5.2999078612705732,0.96954964654468723,,0.07678698000319366,0.3636363636363636,0,5
0.64509124944175034,0.7298251642628194,-0.22630181064771124,-0.70057297881477887,0.68315588950097006,0.2061444444915454,0.30504881781162685,0.025558956334118543,0.95199367566325832,-9.1852382281073588,9.3256031395928556,-6.1722482405820385,,0.2045896141172344,0.31,0,5
0.87632117696784606,-0.3188818811537979,-0.36107553319147012,0.39624866965615041,0.90340508576922718,0.16384823100060206,0.27394924090681544,-0.28665937430705235,0.91802952922466963,-16.4039783826268,7.8832075532550263,-8.3247577084453397,,0.08239277985183026,0.3733333333333334,0,4
0.76830883442471898,-0.52094499158830188,-0.37191107900141357,0.608768307356788,0.77422372199497269,0.17314380225178264,0.19774398322801906,-0.35943559094685806,0.91197772618513073,-18.606356947105098,4.2601149566198018,-8.5169030837886783,,0.08645487348377216,0.5,0,5
0.02703651997892639,-0.92350439560716113,-0.38263384309504184,0.99220918201698816,-0.021775729583667969,0.12266522213846197,-0.12161400292979579,-0.38296925319841402,0.91572080100652975,-11.465927993927657,-12.145535063468627,-3.2782406048913013,,0.07533222256567493,0.15,0,1
0.70746089942529122,-0.56782514300090559,-0.42080123901951827,0.68952508159643189,0.68519807665760324,0.23464602616315028,0.15509428627062505,-0.4561558973867651,0.8762805256568712,2.8602419898925269,-11.426840123933683,1.6831758161047194,,0.1751094030294356,0.1304347826086956,0,5
-0.52263914161475555,0.79175318070892997,-0.31618859639380248,-0.8484578828889342,-0.5193459529392157,0.10197549769079235,-0.083471843251591377,0.3215690936687628,0.9431997505201275,9.5264111565825349,-9.0922102908603151,3.6141461170086382,,0.07531400310312912,0.35,0,5
-0.079127189304294937,-0.93221747981464842,-0.35314226345883504,0.98405714676840317,-0.12964832089271652,0.12174910588472525,-0.15928094615123661,-0.3378785036336675,0.92761398058429545,-0.60645791120093451,-4.9063525934866083,-0.67806217404180724,0.2891481612893027,0.2411924156587985,0.9210526315789473,1,5
0.79155257313323613,-0.43397030538324965,-0.43024911157574997,0.57210414643218921,0.77372540628986097,0.27211365510882768,0.2148054226532686,-0.46153956461733464,0.86072054738549819,-6.3381974889543802,29.242498930354994,-8.1915651300178212,,0.2782444218279699,0.4583333333333333,0,1
-0.30530516609236985,0.92760126751286764,-0.21527806220289147,-0.95221624047766296,-0.29941725550035786,0.060278839398408203,-0.0085432387240570225,0.2233947081225402,0.97469062653487548,-11.89982943031389,-15.057287746142103,-2.9399297031751903,,0.3627147065164746,0.1052631578947368,0,3
0.065122278757548571,-0.81717455923680982,-0.57269959712361429,0.99205813892389527,-0.0088717308457974663,0.12546689358813951,-0.10760919014787704,-0.57632198650400768,0.81010692508322157,0.12186595680747617,-17.969599102740997,1.8722406570862475,,0.09397552481312893,0.1428571428571428,0,1
-0.79099009482374405,-0.4425228643705012,-0.42250228922462907,0.49303449378223185,-0.86992855812106407,-0.011886618791977419,-0.36228670667252411,-0.21771040001509884,0.9062839091000362,1.5660491463194255,8.4377548006419172,-2.3216494775223677,,0.1848588134158293,0.2857142857142857,0,5
0.86080099452002889,-0.30731006872908273,-0.40568728041566104,0.42929662435322197,0.86657618159762184,0.25446046806255301,0.27336067045618956,-0.39320000399976007,0.87787681408175389,-2.1759589792960701,-8.2199501626845031,-0.57803438154980313,,0.2133623800002668,0.1794871794871795,0,5
-0.93863293913603718,0.14127184826862621,-0.31465929265733045,-0.091721801421855265,-0.98165980209997172,-0.16712613226235742,-0.33249859655760211,-0.12800897557519725,0.93437593369018968,7.9892806300758954,1.0025994608227027,1.2331565638961743,,0.6711194297434282,0.1408450704225352,0,1
0.63548361420063326,-0.6448024753652446,-0.42472384421568948,0.76126520767984851,0.6151329538059731,0.20515051235152901,0.12898007465751099,-0.45369727451770192,0.88177260301993432,-20.947223665462531,-23.090756231019846,-4.8600950153354523,,0.3621809329182636,0.6222222222222222,1,2
-0.16881881155551809,0.94912472948925675,-0.26582410864503581,-0.98319536894650872,-0.14314850000368304,0.11329330707872436,0.069477157016684665,0.28048307403235745,0.95734119823302177,10.663998603041236,3.0520165769226146,1.7895745953195215,,0.0938617772591489,0.2631578947368421,0,3
0.92770416197702643,0.18791111548340245,-0.32257464334365565,-0.10957724117206681,0.96308334415831454,0.24589286370685132,0.35687226856064624,-0.1927689935716346,0.91404720832665776,-2.9786795653933789,19.354967080815509,-5.6741378947297809,0.2983828052742002,0.1673341622267901,0.2666666666666667,1,4
-0.77614186785052031,0.54550024123123941,-0.31628039424878518,-0.59567462865628451,-0.79882018283705725,0.084012214989068384,-0.20682247881868343,0.25360560385928327,0.94493844241117897,-0.18972629345191336,-10.42526108817032,0.48499601962514838,,0.07516845016245198,0.2321428571428572,0,5
-0.36139831195387356,0.92734314641625459,-0.09708732621559156,-0.93240264168178633,-0.35988503614736866,0.033287753634547647,-0.0040711057119590119,0.10255461740950099,0.99471904402513234,2.9553965228011525,8.7372075915110727,-1.8930714286824988,,0.1182515375317733,0.28125,0,4
-0.1992715859236579,-0.82639145799292035,-0.52665737742844376,0.9526827015139463,-0.28925696772621379,0.093413472571818743,-0.22953541182039866,-0.48312272227475717,0.84492954140701471,-5.5273182314860945,25.610498145175878,-7.5751468391510715,,0.2635202627251796,0.1379310344827586,0,2
-0.27300777271474719,0.96151498887337739,-0.030914110195236617,-0.96162606890876612,-0.27184741309196808,0.037071385060166488,0.027240771509031567,0.039848590527584798,0.99883433571366509,3.7788863099449168,8.4126439318059258,-1.5316247270469037,,0.1207771895837419,0.3333333333333333,0,1
-0.088213993449660952,-0.86183506312382574,-0.49945832191486755,0.97384674344426037,-0.18001598949315284,0.13862454259549831,-0.20938197544839726,-0.47416723579044706,0.85517519892719873,-3.4919900871825242,24.825996312159592,-6.6793347500336457,,0.2639469356948897,0.7692307692307693,0,2
-0.89151550203829899,-0.24410250627246374,-0.38159412476727272,0.25276425450589013,-0.9671189845252568,0.028126525112738464,-0.37591267771848391,-0.071378121314151319,0.92390195504078265,8.0071034502020453,-14.070155715189426,3.9026550936494404,,0.1669197030947647,0.1764705882352941,0,6
0.048332316289057341,0.96931688999723076,-0.24101608653414169,-0.99264295121833046,0.073432193684908872,0.096268812848123816,0.11101332622122266,0.23459002471699517,0.96573472636360214,-9.1741697802892404,11.061180947968651,-6.4722791919804203,0.5947432388254041,0.5031375668321922,0.6563876651982379,1,5
-0.66090689395052005,-0.64347449878048935,-0.38618991046876672,0.67396935180880879,-0.735269980419332,0.071717283248664304,-0.3301020908008464,-0.21288171671929215,0.9196270898225849,-0.05579745649155305,-15.097540599612266,1.2557828435323082,,0.08338454844194806,0.25,0,5
-0.27495592310388622,-0.82879343808257477,-0.48734041217752067,0.93478532092879674,-0.349003492707399,0.066128404291070961,-0.22489029353472939,-0.43737626715369737,0.87070451750554334,-18.766342119831776,-11.532344221880876,-6.0274835697801903,,0.223618937609365,0.3,0,1
0.91050431247745023,0.27679550318950497,-0.307190732890879,-0.2017375505316169,0.94584664653424344,0.25431492670590511,0.3609485526573975,-0.16958293149369513,0.91703749742337981,-5.2203100273297203,11.882474680063686,-5.2919684176044175,0.5633027222064497,0.5873295201486419,0.7272727272727273,1,5
0.85692221333730068,-0.32239001040971904,-0.40218030965864421,0.45215874794033994,0.84475672783490907,0.28624908286085615,0.24746067758358281,-0.42714254291240805,0.86966226840319738,-0.053262546814893508,18.909782586052476,-4.5388429975379951,0.3457173918624821,0.2774295063393167,0.5573770491803278,1,5
-0.89795384037399462,0.33026894307181709,-0.29086307053288546,-0.34075252245765542,-0.94002676182958611,-0.015407968163478763,-0.27850784368907527,0.085276680789103901,0.95664061628035302,6.433372459329342,13.577426702565589,-1.390092449024517,,0.1019487352058985,0.2,0,4
0.84854317038111549,0.40165464515392063,-0.34445323924423171,-0.37135064331977807,0.91578909485308047,0.15306545480337172,0.3769259711210583,-0.0019697143077535397,0.92624129281737,10.048497550047736,13.28463603154117,0.037975156984918157,0.2415301043756061,0.1718410449714463,0.8076923076923077,1,5
-0.6517589064947783,0.71807953924792356,-0.24407397058723965,-0.74338105432392187,-0.66862766707252197,0.017934628443631973,-0.15031611981748741,0.19312901941098001,0.96959076211789863,0.66759889335420075,-5.9696886994807015,-0.0041057392274168516,,0.09123973486836155,0.2571428571428571,0,5
0.15000248556042869,-0.86346289890076922,-0.48159223057227007,0.98385115944468415,0.082251651558983591,0.15897031759159055,-0.097653214924266638,-0.49766101719714861,0.86185692639628697,7.261812651174,-9.8761181616157785,2.8834177464991755,,0.2468738378292714,0.2142857142857143,0,4
0.63346230770346779,-0.64130477153326826,-0.43295922986773255,0.75773829054382347,0.62745730079861273,0.17924848316859901,0.15671052218253023,-0.44161694451547295,0.88341173104849369,11.398319132831457,-17.885185134508681,5.8162609189616239,,0.1389434187729473,0.3333333333333333,0,5
0.93553987574972164,0.011888853515127609,-0.35302095694773244,0.1394142667888684,0.90586357151655028,0.39996856378345941,0.32454399254634059,-0.42340269833974464,0.84581401734702011,3.9990733395664444,3.8399629344845745,-0.6566709150145088,0.5824151769151863,0.6911462170376901,0.1333333333333333,1,2
0.9151896384706526,0.21453406561020724,-0.3411789271463192,-0.15994309757624145,0.97036570569263692,0.18113145158516605,0.36992719712623867,-0.11120041325637144,0.922381882366484,14.401711221066643,-11.897262834723872,5.6754144657643639,0.1817821011711868,0.1134375098129012,0.4,1,4
-0.69292083355365408,-0.53372595252854049,-0.48476522773896702,0.63116996255791735,-0.77403247021388655,-0.049982130999259682,-0.3485472662236036,-0.34060291051617886,0.8732150139318271,-12.050159966583333,10.003711790504683,-7.2161073648370619,,0.09126197324063158,0.4081632653061225,0,4
0.89751600531835807,0.30256318014274364,-0.32081231619014799,-0.24957896435137747,0.94828771236939025,0.19611413799755192,0.36355929468337311,-0.095947572096112224,0.92661680464914398,3.1432073640236458,12.14428666257669,-2.3458611130086635,0.5874040530156337,0.4542093145702977,0.910377358490566,1,6
-0.34159469574035944,0.93102225962915319,-0.12849364154336693,-0.93898275583585644,-0.33221284789559585,0.089140383306312923,0.040304442496454575,0.15110319575747458,0.98769599378904349,-11.130500934408934,-20.374345135625028,-1.7639982036418524,,0.2405461581159142,0.3076923076923077,0,3
0.63965595809463238,-0.67510170960976013,-0.36752950487820268,0.7566174649594789,0.63730608992390358,0.14618809617816642,0.13553695803111934,-0.37158932900163349,0.9184503816645655,-13.35036728803412,-6.1984259892063633,-4.9280068258950411,,0.07987643394785865,0.2941176470588235,1,3
-0.89216337001449442,0.31835127581586004,-0.32046370526285262,-0.35393097082011349,-0.93347026225041785,0.058018422836801267,-0.28067310006253571,0.16518394195729869,0.94548235108897449,-14.150180553707241,-8.8506643933470794,-4.6938954422886869,,0.07144541265227466,0.2631578947368421,0,1
-0.9363003189925756,0.037405142618746813,-0.34920276052756427,-0.056802004238786875,-0.99734956066163361,0.045468518367132373,-0.34657646337981046,0.062407604934948742,0.93594339886417532,5.5239747429596608,9.5961667138662232,-1.1090740926130809,,0.08336215063866866,0.2727272727272727,0,5
0.59321870710475866,0.77758206955583409,-0.20846508255874366,-0.7404344743818474,0.62864152039676902,0.23783739819489119,0.31598790275552535,0.013265139973018668,0.9486704809224642,-20.085620282370961,-7.7461303910234056,-7.0422240786054848,,0.2189758794929126,0.3333333333333333,0,1
-0.7428588033586957,0.63599609723862782,-0.20897311446624431,-0.64795564643483416,-0.76154288156940253,-0.014349905372118261,-0.16826847157356695,0.12474535593843356,0.97781609602526509,-7.8848232540691106,13.933675201692779,-6.5914095619496536,0.287385030541447,0.2051654481595924,0.2692307692307692,1,5
0.93581923006515499,0.14474127421679189,-0.3213912447132935,-0.069849175963518417,0.9698680585892353,0.23340317381210868,0.34549017534146781,-0.19597426480649807,0.91773123858571704,8.9594374072532368,-7.6121271721218529,3.0509052328844168,,0.1573145025582999,0.3636363636363636,1,5
0.041089611415128707,0.95059278412314097,-0.30770928261391317,-0.98710094991366926,0.08631522029247353,0.13483841227704194,0.15473641624803625,0.29819966720115088,0.94187769905006091,23.547276434658585,-5.142212936050206,7.6522833066593368,,0.2236728100224351,0.6818181818181818,0,5
-0.81595495925236483,-0.38054954918465794,-0.43520058029238196,0.48384329099194595,-0.86153227575573366,-0.15381094757276084,-0.31640665959103242,-0.33607168646957014,0.88709787922187255,-5.4961207168287602,4.5969241731061228,-3.9824279957664128,0.7426911660771067,0.6497156015188945,0.3095014111006585,1,4
0.19413407097769722,0.92652950297139436,-0.32226548466940552,-0.9599490321490981,0.2470812137471784,0.13209363909450866,0.20201440087685751,0.28371456419578039,0.93738798152182512,8.1299473954015991,-5.1464228908053427,2.3617009669720441,,0.07545479062722403,0.2619047619047619,0,5
-0.85257657004134813,-0.36315165164922086,-0.37581121606595752,0.40946610036771142,-0.91103072610170521,-0.048585272956520778,-0.32473174292974527,-0.19530461848876798,0.92542174230497021,4.4527735010252343,5.3576128523438644,-0.82795821155819616,,0.2154332638777723,0.2619047619047619,0,2
-0.91609969672338687,0.14854350043607695,-0.37241935253355996,-0.15557265349388838,-0.98775991343086367,-0.0112917183778039,-0.36953821879230481,0.047593927104729879,0.92799586365164366,-13.29578922947851,-13.025384937633936,-3.7935735873386891,,0.165667268004462,0.2307692307692308,0,2
-0.92295349535210758,-0.12930660130890315,-0.36254192623097814,0.14129065546911079,-0.98994605662511281,-0.0066148053258093956,-0.35804161223862885,-0.057328944088738322,0.93194398762760089,10.070374837518498,5.44228541222658,1.1575040383073123,,0.06891882681164382,0.4166666666666667,0,5
-0.3562451718449624,0.89621035309238994,-0.26437923622547765,-0.93437596366728337,-0.34336606900147243,0.095085756973964042,-0.0055620192366604261,0.28090344545499923,0.95971991657645661,-10.71199902482455,-10.786225770035347,-3.1889704248277533,0.5134396748152696,0.3439808939464183,0.7264957264957265,1,5
0.90732980870685231,0.26062601346635711,-0.32988891969361772,-0.21497749867711546,0.96193891076777405,0.16869560460616692,0.36129945100223831,-0.082143855859970458,0.92882457635978743,-9.2351631401308687,5.3876560447412292,-5.3747883501423974,,0.08801862478094588,0.490084985835694,0,5
0.86325842131867869,-0.2889182138923288,-0.41389752802312046,0.4159716946692858,0.87168088072161909,0.25911385802064973,0.28592384870161808,-0.3958518761679039,0.87266766003903495,17.581374727191228,0.71660884370211642,4.5762648499857006,,0.5598011833202134,0.3846153846153846,0,2
0.023133167877238583,-0.89679425314692018,-0.4418426462742408,0.9921285123999537,-0.033812642020741232,0.1205724683442891,-0.12306856392686517,-0.44115391051450242,0.8889529547792413,-1.5378010885811446,2.8901200392198247,-2.2838289157341602,,0.08055723738437756,0.2578616352201258,0,5
-0.81013057203862904,-0.42633034358316185,-0.40240637965696691,0.46412424797830226,-0.88576089617751264,0.0040394605314495284,-0.35815798006876698,-0.18349406786889022,0.91545223161560296,11.945985841277862,15.764489013933852,0.34313121322916695,,0.1936334682499636,0.3333333333333333,0,5
-0.78537259553554628,0.53443002028704067,-0.31236907593062779,-0.58213947866967519,-0.80922848175668793,0.079138433696697152,-0.21048399833707077,0.24399552809377645,0.94665868649386009,13.506143065038769,-9.2393362249009954,4.8632633620452452,,0.1119308567858198,0.48,0,5
0.73588204493148734,-0.55785773788834592,-0.38376081121650879,0.65105212020431436,0.73866408730987965,0.17466110871093241,0.18603427835999004,-0.37837826364203697,0.90676410211163372,-1.8207076180784623,9.8808827486318656,-3.8036528937587097,,0.08186908513284881,0.3111111111111111,0,5
-0.54854984609844382,0.76867822782351858,-0.3289784923296199,-0.83122260452261176,-0.54386633037329346,0.11523192446945715,-0.090344053905173069,0.3366648136594968,0.93728051039568516,13.683743310793291,4.3466763468450607,2.6399585284425799,,0.08435949474112507,0.4,0,2
0.49853295898967215,0.83545268070232914,-0.23126544728578474,-0.81646163547790851,0.54217344148438618,0.19859092915265794,0.2912993075751143,0.089815241781498995,0.95240639211945122,-14.372128391973447,20.320865616796308,-9.8213289788751812,,0.09889848315136904,0.2857142857142857,0,1
0.60704353467862682,0.77466556738621661,-0.17717619961798223,-0.72731356051733498,0.63143662636173215,0.26889174694756302,0.32017671947297627,-0.034366343929874664,0.94673429361802319,2.1590887794020781,4.2783436082916912,-1.4603377439716361,,0.108557865251558,0.2741935483870968,0,5
-0.005311913694940878,0.95075784849858047,-0.30988916904475566,-0.99156313493298753,0.035128788993572961,0.1247738659564277,0.12951576357635033,0.30793746394714083,0.94254983172405238,-5.638742041190711,-0.85704620654465424,-3.1646440139806566,,0.07589144699750047,0.4295081967213115,0,5
0.29566855777849083,-0.88498430236864434,-0.35969832985749456,0.95510445896714569,0.2664224621969532,0.12959376566019201,-0.018856733605345104,-0.38186628051976101,0.92402519846578846,-9.457718537732223,-11.061949634086533,-2.7760823414762243,,0.06996531429273006,0.1707317073170732,0,4
0.78581051478661779,0.53365389859665335,-0.31259454787853386,-0.50766621733608774,0.84525195759413352,0.1668056952233786,0.35323766309166482,0.027616022448556935,0.93512593198866067,3.1036978292221851,-15.230747209974366,2.4450158690888819,,0.9495966634318336,0.7,0,2
-0.92402733280909899,0.21152536959830393,-0.31848156341930234,-0.2362756234544055,-0.97083236649468774,0.040722793710106259,-0.30057830590868367,0.11287840441211416,0.94705393079509481,-0.51262191064832707,-16.900781959221135,1.4681113165267774,0.226629970671809,0.1451472687895624,0.2631578947368421,1,5
0.1578236433585351,-0.83332038592105473,-0.52978187209966221,0.98478029598742811,0.093272498882630825,0.1466560929082176,-0.072797432866496217,-0.54486454771858184,0.83535810189850523,1.242118358004997,6.9881866121921066,-2.3063814104600886,,0.08613093176213923,0.1851851851851852,0,5
0.11458177540269537,0.97943200805134534,-0.16608419054827792,-0.97771130478631274,0.14079146973525361,0.15575097605740365,0.17593072852294184,0.14453616728797539,0.97373388310517872,-11.318954220884791,11.281904718056184,-7.1971927023048261,,0.08485993327780333,0.1851851851851852,0,5
0.76974260800466687,-0.49636577753599459,-0.40139423552569986,0.60621065540509345,0.76540835273510843,0.21600623795773705,0.20001239635457679,-0.40959866754472635,0.89006964494363239,-8.9208838906451575,16.513098912081183,-7.2754912970519818,,0.1571540228525168,0.1666666666666667,0,2
0.77249132612346483,-0.44188343642420741,-0.4560659817153041,0.60139203028971155,0.73969772323448257,0.30195182421330263,0.20392345860157726,-0.50752961180177081,0.83715525213446162,-16.471614319072543,-2.8905289770113924,-6.6147227708342156,,0.142974229997641,0.3666666666666666,0,1
-0.14485978492242857,-0.84124080445702343,-0.52089303280877941,0.97692755609724757,-0.20509987986472594,0.059553248587580411,-0.15693372120129873,-0.50024788674813536,0.85154204767230224,13.011405874813944,4.7333373155663141,2.3110840806938708,,0.1657422950413089,0.2380952380952381,0,5
0.90468291522034605,0.29019473793711154,-0.3119869179661669,-0.22805808632996893,0.9482937706486394,0.22074517844904051,0.35991434004208439,-0.12855325208876447,0.92408642951266939,2.6925263573660438,2.367766311558182,-0.82103564488294611,,0.07957922007537828,0.25,0,5
-0.68978532542671078,-0.62140917780992444,-0.37154654965368994,0.64184891514458464,-0.76229124796071357,0.083318805861698,-0.33500175365763074,-0.181004660205458,0.92466812318270153,-4.7951894602686664,10.598472997350367,-4.9960288277058051,0.3197693084821381,0.2528869877498367,0.5324675324675324,1,5
0.89485680504388954,-0.19213311474966155,-0.40288480324186365,0.31176051449507419,0.91499535724619063,0.25610325616766788,0.31943180816632594,-0.35477931511646632,0.87868934072121407,-18.630261353684112,8.8010705944921312,-9.2500368619926725,,0.55412327263568,0.6691176470588235,0,3
-0.77116756900189631,0.55134361363604112,-0.31830928390868196,-0.6037172773853674,-0.79201298892065886,0.09077926176922009,-0.20205452112265573,0.26217483686219162,0.94363039661203052,2.1723141537352828,6.9783597488594591,-1.9298873215885548,,0.08653463627002678,0.3488372093023256,0,5
0.92166378534079429,0.20049428097671512,-0.33217150703651327,-0.15017195094442101,0.97374802218770551,0.171064825242007,0.3577488671412179,-0.10778141111138798,0.92757690542510429,2.397574630484415,-5.2957871786871893,0.42787282851182579,,0.0812324168585383,0.175,0,5
-0.47032101807065141,0.85129574906045125,-0.23258049701682082,-0.88083571209037037,-0.46899590946753078,0.064585487603436617,-0.054097950675012108,0.23524111999038153,0.97043033093490771,4.0089849322522833,-9.2117119916603372,1.7702585023822104,,0.3918503135487577,0.8095238095238095,0,5
-0.5402775072754834,0.81701948820194747,-0.2014432203634989,-0.8337760300916317,-0.55209474626530919,-0.0029871040962609332,-0.11365626589338576,0.16634466340845167,0.97949563867262834,12.399587603247072,-0.47439857320827472,3.0705906205744085,0.5931834263281085,0.2900685129195974,0.2105263157894737,1,5
0.68196948630807075,0.65513719633005485,-0.32513516224718214,-0.64914669590672713,0.74698974770612825,0.14357884250583067,0.33693647314899811,0.11314402682744719,0.93470436088379516,-12.848376491841048,-11.488912872347083,-3.8659864934442063,,0.1023630448206767,0.4473684210526316,0,4
0.74223973444778735,0.58315569993908023,-0.33016602828795077,-0.57188241293036501,0.80803139531722912,0.14154776565751831,0.34932890288068358,0.083753768931634373,0.93324949708099192,-4.0619925087456084,3.5576293119137836,-3.284697468990418,0.2348209107457076,0.2062392820851806,0.8167006109979633,1,5
0.029205722989335842,0.99003171482725938,-0.13778326959709775,-0.99022678848546009,0.047462576508435543,0.13114195056103548,0.13637423917456837,0.13260658907979384,0.98174210433401499,1.1740960985768105,-17.847517066971243,2.2571118759933948,0.2265310292000711,0.1494824599158814,0.1739130434782609,1,5
-0.35174773609406923,-0.84060743807415905,-0.41188914189026155,0.90381657594310438,-0.41952538161317793,0.084344835246744729,-0.24369884530538957,-0.34260412904212989,0.90732203960892688,-12.506173828406093,21.503736968138885,-9.3961592946793591,,0.3053547292436681,0.55,0,4
0.58688752668092969,-0.70219697059962427,-0.40309111315812024,0.80226667497983628,0.571497014983261,0.1725089681205608,0.10923009312062062,-0.42462992869784122,0.89875369841293418,-5.8776906303280745,-13.895651094635836,-0.99694339982740632,,0.08775622010245962,0.4375,0,4
0.9422843175543093,-0.068641473903810854,-0.32770201853440262,0.13497148558480335,0.97358285707846814,0.18417143774743766,0.30640326853713679,-0.21777228580156741,0.92665649977028663,-9.5877743654231384,-12.66311354968235,-2.4965184108626119,0.2529007059743457,0.3028589254309792,0.5064935064935064,1,5
0.26496466082706088,0.9388488386520879,-0.2199013112157964,-0.9377428432341125,0.30400075881421496,0.1679937457275841,0.22457089855099951,0.16169847495263356,0.96094823727503076,6.0618497976699874,-4.5613176248742144,1.5769123860092087,0.2647737214318575,0.1628314754001212,0.2537313432835821,1,5
-0.81334608333614555,-0.39009471071583635,-0.43161819400168949,0.4614394420405688,-0.88438708249765585,-0.070236241646126935,-0.354318768979348,-0.25629203066582584,0.89931785535824127,25.984932854369145,-7.789132084720471,8.8810969428677957,,0.326252845427181,0.2,0,5
-0.66466597977129382,0.69564960186107339,-0.27256332615595474,-0.7325840267634981,-0.67846267495352131,0.054854739320247342,-0.14676436578967492,0.23613561807877306,0.96057284513404373,5.0571091752089856,-8.7081581949196583,1.9648096596048148,,0.07645557377005814,0.4,0,5
0.94356716440536814,0.10124868406548257,-0.31532476945368626,-0.0021588290739963478,0.95398166950081509,0.29985715551486519,0.33117419240188628,-0.28225463367577314,0.90036435738844767,-6.4663425621017332,7.9255548854498441,-5.0588122504938857,,0.09886006346334852,0.2439024390243902,0,5
0.72127281662572906,0.65404038017209642,-0.22802786036168896,-0.59995967087445901,0.75444312710401029,0.26620285740340183,0.34614147009712809,-0.055197364700362857,0.93655717049688769,-8.0983303547824175,-10.217456573222888,-2.3943451179606967,,0.3659567767283967,0.3076923076923077,0,3
-0.9196823629423202,-0.18050021955596529,-0.34871768242100781,0.15909693343093714,-0.98321310803385176,0.089331685102686451,-0.35898818513386005,0.026676861334532318,0.93296078588740017,-18.911093720539441,-13.472468991667553,-5.6619658411613729,,0.1664310678953723,0.4666666666666667,1,2
0.70543442619102925,-0.54682488099345483,-0.45093771174190744,0.68874868752841112,0.67903919511994082,0.25402955914372322,0.16729469738286645,-0.48978395340941622,0.85564254406277507,1.2540800472663534,-12.5882988640933,1.3939926187417961,0.1138943249701606,0.1823602988015635,0.125,1,5
-0.45745346689770539,0.85218068555783666,-0.2540165443144336,-0.88833321043840507,-0.45079963191557998,0.087428823033224412,-0.04000541032744627,0.26564595051864459,0.9632402587711848,-6.9890151106334226,-18.156419382610856,-0.65128080562249602,,0.4218297694318588,0.75,1,5
-0.13963920925522877,0.95656113070511739,-0.25591345111721009,-0.98514630106595735,-0.108122118995181,0.13340304674201742,0.099938264616889455,0.27074048572043702,0.95745074685710352,-7.0765710338754904,-9.0972913229886601,-2.2538117101974202,,0.164520516142678,0.2461538461538462,0,5
0.30833703482098351,-0.8768576329775275,-0.36884815906664548,0.95118026039246717,0.27865177379722933,0.13270004219810255,-0.013578851112082893,-0.39175742551827591,0.91996833334293093,-5.3268141293571993,-8.5137448245754523,-1.7218308650801768,0.4075207625041391,0.3717859757454958,0.9448818897637795,1,5
-0.20389022938939658,0.92437236498563957,-0.32243527290046331,-0.97743268401929839,-0.17361553026162568,0.1203453192392889,0.055264116480507379,0.33969600895923346,0.93891027203178368,-8.074476854153831,-2.9518611502650565,-3.6183610363623275,,0.06579259005346111,0.2702702702702703,0,4
0.88624466041020666,0.36971577519589893,-0.27907104376071268,-0.30625483640259238,0.91966604487208548,0.24580956264831816,0.34753183605882709,-0.13238055552320235,0.92827636587653639,3.1658187633665955,-3.6752257376843502,0.44501343027366447,0.4631761713645783,0.2550998611142342,0.1395348837209302,1,5
0.37310866259428493,0.9143719337218188,-0.15720652886864267,-0.89230196808394402,0.40006309445716715,0.20915716150033478,0.25413996862088684,0.062237346305728428,0.96516288214694446,-27.043844890973467,7.6772789142856164,-12.09100546905705,,0.5641022764963309,0.456140350877193,0,2
-0.37185115293918636,-0.76490803383312356,-0.52596807872279083,0.89261608325100861,-0.45019687746238446,0.02364951256893999,-0.2548788888461096,-0.46069346782938514,0.85017544114136134,-18.941614567961651,-4.7980020911025623,-7.1292411914396352,0.8373143045591576,0.5912323791925961,0.4285714285714285,1,1
-0.68483414695017486,0.66675573411208511,-0.2940050717244207,-0.71155595574551089,-0.6988786139254356,0.072503826386994041,-0.15713151502521591,0.25885415589925825,0.95304995302427009,-19.194423604154945,-15.052487925348846,-5.5569814275156766,,0.2373403158756869,0.4545454545454545,0,1
0.67275821459654717,0.70938269337226867,-0.21017273618804933,-0.6374752592233881,0.6999616673422584,0.32199217091339194,0.37552853229939759,-0.08264295853459433,0.92311887795327241,1.759363608473971,24.13776590042324,-4.556210925297127,,0.3714230859858708,0.32,0,3
