axis_00,axis_01,axis_02,axis_10,axis_11,axis_12,axis_20,axis_21,axis_22,location_x,location_y,location_z,dbh,dbh_approximation,score,reconstructed,number_clusters
-0.16474676092494578,0.96325111137533781,-0.21214570747228051,-0.9836809299801671,-0.14468721581145755,0.10694595632412453,0.072321039525795147,0.22630268671605366,0.97136849919430845,-11.459605534774294,3.3545310577714011,-4.5652227999820516,,0.09343251158268684,0.2459016393442623,0,5
-0.35329133617796071,-0.88185014530115113,-0.31229081480877657,0.91612785966147059,-0.39372941851962906,0.075411469580483309,-0.18945969633060331,-0.25945609691146848,0.94698867851827162,16.91873035623092,3.2281743516565533,1.8739627439339754,,0.4466024822237527,0.3333333333333333,0,1
-0.072427518345934486,0.97752155291761833,-0.19800471753919682,-0.99227961642657259,-0.050584125302496681,0.11323607681174538,0.10067481020882789,0.20467745320115038,0.97363839424116139,-17.88375950261053,-4.7873167714968039,-4.8670451169537632,,0.1144567979747029,0.492063492063492,0,5
-0.94739500272031196,0.25219834579964551,-0.19707537440406359,-0.25146511776417174,-0.96742699798315046,-0.029159871761725253,-0.19801010925816556,0.02193166544591249,0.9799545901123875,4.89899755329838,16.04565860329641,-2.6679429219451984,,0.2489674643140303,0.4666666666666667,0,4
-0.3887372247240205,0.91213653198863942,-0.12996275283943098,-0.91972436975997574,-0.39254414330389764,-0.0040223410377650008,-0.054685041679433152,0.11796627725560285,0.9915107178679271,1.2238569999578643,-11.621448472392068,0.55025352258235138,,0.1425335490298418,0.3333333333333333,0,4
0.26287653699633401,0.9487494576735358,-0.17541491630128839,-0.94978521847076469,0.28644571967609778,0.12592413769284364,0.16971730928593792,0.13350399336130558,0.97640806975635308,-22.803026450089501,-2.1466649512408345,-6.245358454301793,0.4316287317196557,0.3260191127925282,0.6285714285714286,1,2
0.61449003627744025,0.77856451047129704,-0.12743350560327721,-0.75225955202863704,0.62690792161918762,0.20271167749487473,0.23771319209801003,-0.028701234219126265,0.97091126137092176,-7.4524777299167715,19.338129814436186,-5.7186699462312509,,0.4510763818403691,0.2608695652173913,0,4
-0.061590187853263388,-0.90278335122441644,-0.42566285897669315,0.98265814911994276,-0.12957782664011949,0.13263690591759456,-0.1748988585679431,-0.41011194519939992,0.89510813965486635,11.391993331807239,5.4431021162989621,0.31567802255810168,0.3965753651485446,0.2693071384100194,0.4166666666666667,1,4
0.28809031714225625,0.95339513216920713,-0.08967547671985697,-0.93844294157464125,0.29972460962085667,0.17172653783372985,0.19060119248737262,0.03468256541382983,0.98105469015682623,4.8637889635827483,-2.5320585459285185,0.066321641970002815,,0.3544701479910199,0.3010752688172043,0,3
0.92646150033483377,0.31886172302842136,-0.19999072474661281,-0.2785154354652688,0.93817236329917486,0.20557667413700714,0.25317630340322278,-0.13475837016299924,0.95798848691729688,-0.086479660863994404,10.560201025516379,-3.08242630254975,,0.1218399648296963,0.2,0,4
0.76104410551508495,0.63936676883835164,-0.1096449012309799,-0.59783141730266098,0.75688579266913192,0.26404827842936818,0.25181236257705325,-0.13540321916714956,0.95825701264980934,-13.975637804891546,7.2092988873709594,-5.8035082271698704,,0.09737222742672486,0.25,0,1
-0.78298080298712969,0.60813998434192607,-0.13079304873819642,-0.60954644497922328,-0.79203468944020428,-0.033677620707982928,-0.12407333946832087,0.053355507381729401,0.99083752263689417,-3.1989858585058095,7.8115458604985166,-3.3676756580054112,,0.1637009447846282,0.28,0,4
0.95671034928652665,0.23598873891731456,-0.17033679189261791,-0.15167803864106755,0.90378341199621526,0.40021159003017431,0.24839299539651338,-0.35705021958360006,0.90045325283062427,-15.530424474866912,2.4523708335931902,-5.3371792823545041,,0.4371938852674265,0.2916666666666667,0,1
0.78136890433689832,0.60516222416001675,-0.15245103405702537,-0.57135623819491599,0.79195783923306795,0.21530171841637585,0.25102725830297629,-0.081126218493108013,0.96457444101629564,-6.3503063796634658,15.016388396424402,-5.0909114007111462,,0.3575008084305809,0.2666666666666667,0,5
0.55673903268617575,0.82099640388171702,-0.12651701188752729,-0.80098911443875564,0.57093240764435937,0.18014611972516145,0.22013197867251885,0.001044372875273575,0.97546953886372989,10.368992478451856,-2.4284959066935512,1.2314264820981218,,0.1938860218614653,0.2758620689655172,0,3
0.18133013901544925,0.97620087325425253,-0.11895896663249793,-0.97507953714114626,0.19419454154276161,0.10727710046232641,0.1278251811391059,0.096541882582797139,0.98708681886353011,8.7269161543487659,8.0979054782999835,-0.7104918562941136,,0.494470063419024,0.1428571428571428,0,4
0.87136476220000181,0.48294241688304251,-0.086545208829258854,-0.41924688900281676,0.82453241719070836,0.37997149769832472,0.25486368367736167,-0.29480996417491329,0.92094059947729112,-14.575823705694747,-0.0018365055335760926,-4.7515202957014298,,0.5098055422677635,0.2989690721649484,0,3
0.006647525723177076,0.98994910945649051,-0.14126772840270604,-0.99444916209472611,0.021379366270310542,0.10302323382119738,0.10500797308231838,0.13979872454418502,0.98459618230265433,-2.8747854199443883,6.3315833694965455,-3.0298163683388353,,0.09322152254893938,0.3424657534246575,0,5
0.93065157842851343,-0.27289256184124649,-0.24375661890549638,0.31505817609146264,0.93640485914700067,0.15454541547327846,0.18608058804302749,-0.22062545061168426,0.95744369301591514,2.2258525247824879,2.797692262962455,-1.3414595504670324,,0.07286427969875263,0.1882352941176471,0,5
-0.81306271953998277,-0.5063549882437004,-0.2872866860384739,0.50653092936927413,-0.85853506313093719,0.079648998531413703,-0.28697636084971545,-0.080759960719899701,0.95452731603551999,-0.36146449926099267,-17.008331747225139,0.88639531697795904,,0.1120388288638104,0.391304347826087,0,2
-0.46565966789420177,-0.82214907001917825,-0.32746294502319245,0.85792741351209212,-0.51015613973393747,0.060838032810237551,-0.2170751640356714,-0.25260961929104808,0.94290336376561856,7.2618275980551372,7.7917878852211127,-1.0537019416889439,,0.3359577164584533,0.2222222222222222,0,5
0.94470803250721946,0.28138488269863332,-0.16837244758277736,-0.20971112521402965,0.91318065370329726,0.34946006590665712,0.25208724140226607,-0.29482815586489675,0.92169863905264626,-20.110816064674765,-5.3619586202831817,-5.2360581275721438,,0.7797825535442575,0.625,0,1
-0.9248831019049063,-0.2969618368887959,-0.23749718996735808,0.28227052374720418,-0.95467297365074821,0.094460916808581374,-0.25478343594951031,0.020326849546126676,0.96678447440641679,-1.9051287518225213,-2.2741182087677574,-1.5013288477613702,0.7029822988664423,0.6211665182415887,0.9994311717861206,1,5
-0.51093075239715091,-0.74559059719115717,-0.42783691710161637,0.82703107357516714,-0.56209801405008775,-0.0080886304189442086,-0.23445547465561137,-0.35796715489145309,0.90381975328210817,-8.7683464916647971,-13.287934896952674,-1.5384450391745175,,0.2535013122317681,0.2727272727272727,0,3
-0.95159161807333303,-0.18513807310040209,-0.24535135276017461,0.17801685126660122,-0.9827000845069398,0.051093488579073414,-0.25056614511482239,0.0049434601976044573,0.96808686031965863,-5.7109160418207869,4.5398540794146927,-3.3941957483534191,,0.06694014966239718,0.186046511627907,0,2
-0.40816353081731538,-0.88064017240490866,-0.24057310501674251,0.89127762701156754,-0.44143269148230252,0.10373702559511395,-0.19755182535064864,-0.17207575551873877,0.9650716090857111,-9.1946529445300822,-8.8243716702005823,-2.2803331052322902,0.1970458188894902,0.1575353916374582,0.7339743589743589,1,2
0.93477400299753521,0.27316573373841496,-0.2271080034501608,-0.24013253938429927,0.95700729532521289,0.1627064848835772,0.26178985245576802,-0.097557770605294067,0.96018152166437398,-10.248039481349446,6.2654896111568004,-4.8129126789416636,0.2806716004926853,0.2973586189253951,0.7213114754098361,1,5
0.84645818354087166,-0.47735700913413509,-0.23587884463682207,0.51194827210922056,0.85140093620352097,0.11412892935690194,0.14634722478090334,-0.21736313317184797,0.96505738592927515,0.29705699951830539,-16.258139533998015,0.92456145568363579,,0.07212215606848836,0.3846153846153846,0,1
-0.11720505091829599,0.97283359626540811,-0.19964410839429697,-0.9895317558933171,-0.097354453271595448,0.10653175351452386,0.084201425866372331,0.21004024472824931,0.97406017035733905,3.1415583655679975,-3.0491166733532058,-0.28342447636823237,,0.08401647696918918,0.5354330708661418,0,4
-0.80639780067374056,-0.51025393900497651,-0.29893729241842737,0.5254285567358552,-0.85016708180002043,0.033775209697565763,-0.27138057932547566,-0.12983393529252704,0.95367485570891797,7.7332546401099167,13.621614681457281,-1.6839192744005731,0.2731964870068448,0.226066992588432,0.2352941176470588,1,5
-0.94278394996877901,0.26811573031452129,-0.19817259860833009,-0.27075679578484646,-0.96254350499092611,-0.01416892854477473,-0.1945486602821784,0.040298339391279817,0.98006472369161191,-5.5203550135034707,6.1545916688997977,-3.6013467967952559,,0.5837771443499068,0.5384615384615384,0,2
0.73630085243434473,-0.62403327188607127,-0.26161714447570433,0.67030303374968103,0.72551701195000073,0.15594520934327052,0.092492689713465123,-0.29018535619549563,0.95249018966037746,-0.032738659252097242,-7.2467207171891941,-0.35473978238412246,0.3925030054408584,0.1955428045741071,0.3548387096774194,1,5
-0.94972271915351891,-0.1975447292239379,-0.24290499517195713,0.18216733123191228,-0.97963431409316648,0.084449239683109786,-0.25464057052145134,0.035954006828914323,0.96636716067830919,-10.106217060150481,12.22984770441321,-5.5565073866617896,0.3058992498825933,0.3030982347893011,0.3720930232558139,1,5
0.84759839951339755,0.51611244301058024,-0.1233081477923411,-0.45863879725432688,0.82941227159038478,0.31894472465990575,0.26688463199560924,-0.2137831375598393,0.93971770404714594,-8.5102184612732295,-17.570562612479687,-0.90488057974417657,,0.334261496766169,0.2,0,3
-0.97965526204785691,0.016410528997429667,-0.20001565458726117,0.011176207534364591,-0.99064326853197315,-0.13601840646559313,-0.20037629582137417,-0.13548656409517137,0.97030548335181077,3.0649858927288349,16.042517730806821,-3.101515859616931,,0.152056800894371,0.3157894736842105,0,2
-0.29387626330310868,-0.91604394914727671,-0.27294729362582637,0.9380688056830957,-0.33121578608867652,0.1016022580947422,-0.18347658616644338,-0.22618484979397124,0.95664871089255443,-1.2464648309542576,-14.665263664161674,0.34631243910775589,,0.075792620672264,0.3684210526315789,0,3
0.77526914802626334,0.62662351435426722,-0.079377070851340381,-0.57960054938168193,0.75571369681538625,0.3048934430289949,0.25103974042984456,-0.19036748594213748,0.94907284705705608,-13.638849732469591,5.9922998835387897,-5.4365644085328988,,0.1341719609064855,0.3333333333333333,0,4
-0.3022889403386867,0.9346096516202117,-0.18741983792347083,-0.95227788959883153,-0.2873739552750868,0.10287385873363805,0.042287321150788905,0.20957339747186099,0.97687807506463742,16.182864848020479,-0.16665057721538637,2.2575324073537582,0.4290113591064313,0.4346269090892984,0.9042553191489362,1,5
-0.56468396535830401,0.81847052482452531,-0.10600952438667231,-0.82419613133933023,-0.56591523582877623,0.020992449646087236,-0.042810703714194535,0.099226739593354582,0.9941434996001175,-17.362813835943307,-2.8767178419973694,-4.9930739450982813,,0.08113220064872893,0.3571428571428572,0,2
-0.10167498064374696,-0.94880595753378183,-0.29904757691628042,0.98535972268643357,-0.13740312787620571,0.1009286746031674,-0.13685180020157076,-0.28440751642359957,0.94888563556592587,-4.330691232978185,7.4281025178831186,-3.5391906981236549,0.1608192453010079,0.1357919011965884,0.3292682926829268,1,3
0.070394735341969245,-0.88631843903373753,-0.45769444596251468,0.99106489934534525,0.010031527129612923,0.13300275842646639,-0.11329142298398083,-0.46296759399794601,0.87910526126625932,-13.116510452407271,4.3723490337465458,-5.088523389423198,,0.5437305280669701,0.4571428571428571,0,2
0.79457639814647751,-0.55514536150829064,-0.24589016878354431,0.59427157472398962,0.79408806088785677,0.12753606168623113,0.12445739425056593,-0.24746268234057681,0.96087073941564394,-10.219875389862553,4.4061104698020008,-4.433880213967976,,0.07651602944857003,0.4375,0,1
0.46252060210632678,-0.79619303044321621,-0.39006582893256397,0.88642609671800432,0.4241923354377225,0.18522860905695443,0.017985207379517042,-0.43143657799210539,0.90196397460540367,-15.420448689746109,0.96653804455181369,-5.0783264221405569,0.5647219538185264,0.5427172394652222,0.1428571428571428,1,4
-0.087625812272882755,0.98298527004167691,-0.16143629054401015,-0.99307842751867659,-0.073476782630368678,0.091631867880796428,0.078210957164272649,0.1683482144110299,0.98261992900819362,6.870127193413194,-2.2702388373150995,0.43215558207098409,0.2035027661596407,0.1017379319109321,0.2307692307692308,1,4
0.64368585650106191,-0.72027813645832883,-0.25858832974558421,0.76199306707590631,0.63454667605846682,0.12929455375770826,0.070958324872757786,-0.2802675900693265,0.95729566701619628,3.1823237622420595,1.2726821247934534,-0.85555157800807724,0.1811597074419495,0.1263618682757903,0.6074074074074074,1,5
-0.73023409442488274,0.66085672049073318,-0.17328174260926574,-0.67420956408084609,-0.73806834790843678,0.026392755021520435,-0.11045193996207837,0.1361010977102802,0.98451859310054146,-17.996179339870661,-0.37598837216508291,-5.4400028009042636,,0.5342960678344482,0.1428571428571428,0,2
-0.045429533642064326,-0.85140138022587764,-0.52254363188401398,0.99083288302973693,-0.10502187484391157,0.084974135542825457,-0.12722560819286824,-0.51389307793911876,0.84836757898107729,7.2120728176690498,3.3525707247558834,-0.32946159439215483,,0.3672369959478455,0.1641791044776119,0,3
-0.91797538653087096,0.35223149881054933,-0.18235723448542149,-0.358957893622943,-0.93334441988286387,0.0041742639230769769,-0.16873179999418289,0.069290440316060492,0.98322348148909078,17.472978997840158,-0.45876473182761701,2.5812752230126157,0.3159705740376156,0.1054216774992403,0.4285714285714285,1,4
0.34995018469594041,-0.9001969170678481,-0.25919177983265296,0.93654543605716378,0.33017292274748722,0.11776454171302485,-0.02043316989050278,-0.28395660158891023,0.95861938952970394,2.9118812672434831,2.2797946572831633,-1.0868199921593167,,0.06855771905154459,0.1666666666666667,0,2
0.45675112931326223,0.87564871235163733,-0.15690040926644622,-0.86536225187031512,0.47822969699537288,0.14981498573123744,0.20621973452847966,0.067347527561392895,0.97618529574173074,-15.509644792682574,-6.5489416516820764,-4.0310007873863318,,0.1141395325018556,0.4705882352941176,1,5
0.56802926890336636,0.80528175102660859,-0.16989423513652777,-0.79642609504924733,0.5898843139574238,0.13319899125589169,0.20748066125235423,0.059647276639413292,0.97641895597934136,-3.089308756152144,10.949378868726411,-3.7975163873656967,,0.1086674278853591,0.3214285714285715,0,6
0.34978634228747796,0.93649029466378608,-0.025207989798541778,-0.93296667441971348,0.35065893562316219,0.081311101885615425,0.084986464636253284,-0.0049232985047823275,0.99636994232085541,8.8565676766518013,-8.0210509341951308,1.7357456659394335,0.7743220291909588,0.6834449332558872,0.8823529411764706,1,2
-0.66453129985807635,-0.63372692476206816,-0.39596506959648403,0.70735217491932523,-0.70432033261975791,-0.059881296706862847,-0.24093785951119587,-0.3198797491089535,0.91631102468766445,-0.32786033879862486,-13.919039587103317,0.52791483189839838,,0.2613244958831329,0.4,0,1
0.84864809273892883,0.48346561720742293,-0.21460990580311465,-0.43512890632201989,0.86876386088980073,0.23645758371185313,0.30076444200333752,-0.10728630383273889,0.94764465884440474,5.6744050993105057,8.9104566101764711,-1.592120034200587,,0.2688430539660466,0.1891891891891892,0,4
-0.96840123481502105,-0.036265145402639754,-0.2467466061320146,0.06344629788806487,-0.99264395165785679,-0.1031142692423014,-0.24119207220188862,-0.11551114433681396,0.96357851773530034,7.7947665342418571,9.105758322853891,-1.0808981260236037,,0.3306184520173666,0.2352941176470588,0,1
-0.94559123057231775,0.23273575897190826,-0.22735718849532646,-0.2572135121661428,-0.96266860675353105,0.084322966802486868,-0.19924465820665596,0.13821439891337492,0.97015377446522744,-15.936273096211748,-0.17839866737970417,-5.0658968117930607,,0.07263335403995358,0.275,0,1
-0.88632413701478752,0.40820821165151638,-0.21862200274735022,-0.42607063032735659,-0.90381594218820227,0.039756265152820595,-0.18136521749619161,0.12838535191649736,0.9749994150233301,-14.968835576800132,-8.3030739411438024,-3.6632994986286969,0.5791934668835154,0.2364290280991369,0.6770833333333334,1,3
0.37772325022157782,-0.87246438687898586,-0.31005006026434512,0.92558130339092204,0.36482413856195267,0.10100791422305834,0.024987938194475413,-0.3251295765543421,0.94533928374652076,-0.1538849016019771,-12.716743723962415,0.33778083145147847,,0.1441312959573732,0.3181818181818182,1,5
0.77472782572572585,-0.56265589313483955,-0.28847034850557302,0.62176271274798955,0.76084214696923635,0.18582345500906369,0.11492573725041749,-0.3233227077021969,0.9392840367011297,-6.6141047971525175,1.65549546369351,-3.1656451043162392,,0.09514654022743152,0.2110091743119266,0,2
-0.6892533155296211,-0.60611314454042431,-0.39693415454800957,0.68276136920662389,-0.72668443679815908,-0.075938409480568764,-0.24241860438200785,-0.32335210735460063,0.91470029786745888,-1.714791342669105,6.4501547440338065,-2.7512424982560821,,0.2731047747153741,0.2826086956521739,0,2
0.92942896705212763,0.31538188437918263,-0.19156216278234986,-0.24797780891631321,0.91827524750340872,0.30867065961574408,0.27325592672342913,-0.23938428692792263,0.93167932341687731,-3.347242900848252,-15.382933903619245,-0.0049120192064890352,,0.5779732620886424,0.5263157894736842,1,5
-0.93467604979740937,0.31406099444856578,-0.16657242779370487,-0.29971453222172068,-0.94813553791606853,-0.1058782362703647,-0.19118546260170069,-0.049037674359474655,0.98032822329217284,-17.140489742596554,-5.8148253118919948,-4.5252243099751279,,0.2722509403924827,0.1904761904761905,0,2
0.82225619439006348,0.53489989137725558,-0.19436269444461382,-0.5043891523784988,0.84310518903058929,0.18645434613490283,0.26360260573459748,-0.05527880637545296,0.96304616702193224,-4.796915944968136,9.8024150780071402,-4.0595396493735008,,0.2954543577743874,0.125,0,5
0.95048966617900565,0.25178930027878277,-0.18213056512305448,-0.18487857244726705,0.92925943385569687,0.31983873755386527,0.2497785177648047,-0.27033137600972362,0.92980193547223078,-4.4517983127527865,6.3440662523553906,-3.4318103639885336,,0.1753089857049858,0.1666666666666667,0,3
0.96961969485979882,0.11515379461789396,-0.21581763348969349,-0.074477360224117509,0.9793521219960114,0.18794292739009263,0.23300379858285311,-0.16615963627491037,0.9581754563329995,5.6604431308139036,2.0810322452678061,-0.45188747050758443,0.7122514249502383,0.7528015067934959,0.9354838709677419,1,2
-0.97788013993866152,-0.0037401056380079001,-0.20913259794532083,0.00030216245617115475,-0.9998643378735439,0.016468592731294519,-0.20916582084889662,0.01604111774521056,0.97774860875896452,23.677368581554035,1.9894063355008007,3.6812749301507255,,0.3497757097639617,0.6666666666666666,0,5
-0.87866887512354808,-0.3210505902826562,-0.35336599492350212,0.40174843125568677,-0.89708973143672521,-0.18392447290771194,-0.25795194489034823,-0.30357294383713251,0.91722639620616242,5.6925902435645312,-3.4420320287630046,0.42379676926203352,,0.1321250361145725,0.5384615384615384,0,1
0.28467662700469404,0.95848941537902144,-0.016039284385924748,-0.94741309386965578,0.28385945832803822,0.14775736016199184,0.14617676833737295,-0.026867238862509392,0.9888935756057613,12.367115027480866,-5.8246632481660221,2.2291057636474325,,0.651221704838988,0.4285714285714285,0,3
0.96834587359510427,-0.077113395962252085,-0.23740217617895301,0.117115296546316,0.98025973099157815,0.15929490610558489,0.22043202218870597,-0.18205599127600164,0.95826162379295443,-0.89083461081920245,9.3578231104478711,-3.0402535723596085,0.1710100105406176,0.1040246556390085,0.3666666666666666,1,5
0.94368829764232787,0.25335649176902475,-0.2127507578633194,-0.21397296458422144,0.95786903850898641,0.19157890148163267,0.25232512225294601,-0.13526785702583494,0.95814124195531503,5.5360041246647791,-19.823385479060011,2.6183925236073291,,0.2569631236337737,0.4736842105263158,0,1
-0.9700302807437422,0.096878655133705666,-0.22283577051206116,-0.093571550176136692,-0.9952890756034164,-0.025377568483499452,-0.22424455274956892,-0.0037659213991351869,0.97452562736860038,9.7662212481699555,5.5167090870498612,-0.10249865475532313,0.2939521903643478,0.1377967599139193,0.3181818181818182,1,5
-0.59138954607008876,-0.75944247179588875,-0.27111904549766647,0.77517222229992488,-0.62804109957976073,0.06835497796972817,-0.22218557688025337,-0.16973953361311198,0.96011564936480076,1.2863899589919372,8.0834937353503857,-2.4268355202756595,,0.1316384198969813,0.4,1,3
-0.082533453408764307,0.98799759728607817,-0.13057173057504071,-0.99225754667201949,-0.069265325052897189,0.10308867938693926,0.092807274180691304,0.13806904976226267,0.9860647784790294,-21.287279097444824,-1.5246898773683764,-6.0560284347097744,,0.07868574177197857,0.1,0,1
0.5491886482751962,0.82495693257450375,-0.13355855645719025,-0.80210876712728452,0.56519423901275789,0.19281337579207966,0.23454925773323321,0.0012375718385469418,0.97210344825678607,-7.6246212385108389,-7.7502490297520339,-2.0315819106151376,,0.3473998764776001,0.4691780821917808,0,3
0.56290487911783227,0.81810448918222012,-0.11765688184393755,-0.79492823216185438,0.57485619389600395,0.19398314888523316,0.22633427221118985,-0.015665283888261286,0.97392371164446556,-17.777105906977919,2.3479506547054618,-5.8538149583590515,,0.07915821253203328,0.2307692307692308,0,1
0.52218489067935736,0.84897597470750641,-0.081010704944646711,-0.82415425248296159,0.52676978805969088,0.20804652965575196,0.21930049717326364,-0.041873437367735543,0.97475838400219539,-15.984016495354059,-4.1765313827237351,-4.4961370814414225,0.822195281500718,0.4971494284364308,0.5221238938053098,1,3
0.2283961972021335,-0.91065509722753346,-0.34429997240359267,0.97188386734006538,0.19247336321050604,0.13563094358793701,-0.057244436478331086,-0.36559718044310335,0.9290111819264234,-22.355679493511207,-5.4237364690365926,-5.7322125186963868,,0.246233651226932,0.2857142857142857,0,2
-0.11258216584803277,0.99293071331457905,0.037601256489225528,-0.99286810291806238,-0.11390750095599476,0.035185386651991939,0.03921971622610472,-0.033371841162311136,0.99867318682168649,10.075859701232789,4.2559589337453945,0.18375917405436282,,0.449832950541448,0.3333333333333333,0,3
0.95912560833336891,0.10616277926293957,-0.26231189782072989,-0.029136180298993127,0.95908210862382526,0.28162491352020202,0.28147673160801268,-0.26247089975242027,0.92297338875312396,-7.3264271145557585,12.465963257032803,-5.0687214874902544,,0.4986882874068943,0.3548387096774194,0,3
-0.15668345142448098,0.98690851595819262,-0.03823450246714321,-0.98422024417446008,-0.1527995590120117,0.08923455453411118,0.082224126671426936,0.051612749344831205,0.99527650283636693,-6.8161149468870974,7.7716731476914349,-4.2445647260360166,0.5492275167412535,0.5104740901062694,0.1071428571428571,1,2
-0.72511780901579703,-0.61130046523861992,-0.31704243288111622,0.64756054218292025,-0.76191995201499174,-0.011972089593548989,-0.2342424113090813,-0.2139853451069027,0.94833578695712373,27.013859950498219,1.2701674125379059,4.5261282909004308,,0.4919523627697774,0.5,0,3
0.43158758369853523,0.89731797103632982,-0.092480357117085646,-0.87867318204879563,0.44137635357634586,0.18198998228444407,0.20412152445419252,0.0027153929535961899,0.9789417908617466,-0.20620613838866472,-4.7675367880689823,-0.75161299842121843,,0.1746672265321511,0.2580645161290323,0,1
0.26045424725448796,-0.88281499481989412,-0.39089803019233643,0.96411228563975515,0.21622204700852865,0.1540633865197357,-0.051488695512567247,-0.41699605670628631,0.90744873294628736,-9.3840741426457868,-3.1291570168866349,-3.1589892555012322,,0.1786901540231274,0.1777777777777778,0,4
-0.52616903973910878,0.84259650946675468,-0.11479226391384023,-0.8497428054184053,-0.52618709679800557,0.032623669366645701,-0.032913618149360814,0.11470946516189066,0.99285368123535234,1.8367265455193131,0.7757597291200159,-1.0965888248090676,,0.2732682445133517,0.2160804020100502,0,4
0.95036158819329031,-0.11866244437879568,-0.28763184104124545,0.23596684434796542,0.87742017206546186,0.41767629813179402,0.20281148896250972,-0.46481508790772413,0.86186683077964232,-19.473441023716177,0.74501078924494712,-5.9500967937414533,,0.3512302782413051,0.1764705882352941,0,1
0.64519892875888474,0.75050081474809482,-0.14306246674384268,-0.73301980928914723,0.6608688206457668,0.1610414887163423,0.21540729216553856,0.00096382608348638196,0.97652381922879417,11.927923610718064,13.529882524613702,-0.66639804272703917,,0.1672167185480473,0.5,0,4
-0.15023315330799605,0.97923354342607305,-0.13613106580187337,-0.98591001712920034,-0.13814429724283434,0.09432704417919853,0.07356247529438649,0.14838403070580483,0.98619001295899478,15.215419618217767,21.318485139841123,-0.80386825611925794,,0.1945963445316158,0.2142857142857143,0,4
-0.20351066515369162,-0.9338440775516037,-0.29414052422353798,0.96417822322952829,-0.24336028846090144,0.10552783448066212,-0.17012866606969307,-0.26212784823826446,0.94991853764379475,1.3119785664694974,16.268566007586706,-3.5754070863902192,,0.1237495775093046,0.1904761904761905,0,2
0.82682333915800676,0.55168320943317006,-0.1095846807410607,-0.5004959111625088,0.8105334225261801,0.30420291562969448,0.25664568715100838,-0.1966753858455956,0.94628314149057535,-3.544562476970377,4.0747439821820413,-2.8766637353488358,,0.3237574485207324,0.1996402877697842,0,1
-0.92362193610203558,-0.28922679231214027,-0.251536044653558,0.28492361093447194,-0.95701668358178127,0.054199661236853325,-0.25640018541956672,-0.021608562075209409,0.96632914421632388,-6.2409624829509003,5.1550985024989489,-3.5937895367440502,,0.07013367007838547,0.4117647058823529,0,2
0.89439697315825228,-0.32547151165824451,-0.30679365949161214,0.41382650740443672,0.8624235409447909,0.29150172862900176,0.16971056589029387,-0.38767761235741705,0.90603774353061584,5.6426037426146411,-10.092329010139087,1.3103329131102972,,0.4303156360672482,0.1304347826086956,0,4
-0.77473428766103003,0.61191170965831576,-0.15921948092301208,-0.62144750329587217,-0.78334263668241966,0.013315937922733754,-0.11657522965743439,0.10926286257677829,0.98715340382933625,-11.960953648964226,2.419379899152843,-4.559134041981924,,0.09018015227038959,0.2272727272727273,0,1
-0.17831504690171687,0.98135927719419258,-0.071677842554938587,-0.98158952233449293,-0.17234277822404787,0.082340612319555015,0.068452565266621745,0.085040789383146673,0.99402329472176387,3.5171333042162014,-11.287674116309869,1.0064844336714405,,0.3392703339951902,0.5238095238095238,0,1
0.93182701198569151,0.30586208126538511,-0.19531207586277013,-0.25866758839727788,0.93727244726959791,0.23369090333599904,0.25453781339234044,-0.16723859253553211,0.95249239089883564,-16.197046615866654,13.909858532934734,-7.0678831795006358,,0.3914565349906473,0.2,0,1
0.9028332974518698,-0.33184798124324844,-0.27343912367648521,0.39112291360948442,0.89798866584325143,0.20159172221766791,0.17864742780631185,-0.28895202605594955,0.94052741755695268,-9.372663965486808,8.4785392915808977,-4.9088356345119797,,0.09958593097555582,0.1304347826086956,0,4
0.8906666224474824,0.44424597636000923,-0.096739237881716719,-0.37453129989283201,0.83752861014797197,0.39783430292546657,0.25775816778247584,-0.31810586236589267,0.91234280140190316,-5.0339711138089021,-12.103808693839222,-0.86370431801614223,,0.6292191398543873,0.4,0,1
-0.96279699194814183,-0.11758466684380292,-0.24330186686263169,0.14727387141950493,-0.98322406594673284,-0.10761432497714363,-0.22656645623904914,-0.13944275623497637,0.96396232221019507,3.6446131407927016,-14.086887542439335,1.3810651363087594,,0.5295590277272748,0.4848484848484849,0,3
-0.075070380992381044,-0.95952030627159368,-0.27145021596993935,0.988605809095361,-0.10723182920715202,0.10564037593550953,-0.1304721890694194,-0.26042679711841515,0.95663728299814776,2.3044729430397881,-13.138928652315407,0.93120916533209863,,0.07359211524869272,0.3333333333333333,0,1
0.87307534288573574,-0.4226511454019819,-0.24311613466684395,0.46122057928525845,0.87761995035452756,0.13060934110348643,0.15816138241911351,-0.22616195973264114,0.96116374519702186,-12.39249419153994,0.59278555926751852,-4.3376640405604263,,0.0928569926573018,0.4285714285714285,0,4
-0.92510211301982781,0.32917393878921097,-0.1892897210844931,-0.33178099901662533,-0.943171448773785,-0.018681191329483527,-0.18468202180444801,0.045520723192358642,0.98174355846232308,4.071729530865789,15.352545570620652,-2.8212208773714353,,0.1311367861513598,0.1428571428571428,0,4
0.49662796689951327,0.8585400844968395,-0.12755228655502301,-0.84323195166557663,0.51206952681580375,0.16353799374121394,0.20571956198552993,0.026338622188674408,0.97825647904712776,3.0676339634920002,8.8910625463422388,-2.1346784984882747,,0.1618220016726355,0.1612903225806452,0,3
-0.78039076580343569,-0.55384862964605475,-0.29024463489945068,0.57023615292764063,-0.82081467211414438,0.033075730323537764,-0.25655600274211582,-0.13969598949625667,0.95638070242746431,17.172258538694358,-1.5386397120568931,2.6078296098724421,,0.08744849750977096,0.35,0,4
-0.45397891071818797,-0.8050203003873917,-0.38189719112258658,0.86903461394659698,-0.49465715331840837,0.0096509291583053158,-0.19667737131103116,-0.32750055974780079,0.92415442160878092,-0.14056295542894817,-1.955759897735823,-1.108429395126765,,0.3145276344256874,0.1967213114754098,0,2
-0.14074583704659546,0.9848759290904926,-0.1010446121878516,-0.98799251383437003,-0.13315089599815855,0.07836856195012934,0.063729129613520563,0.11086136925470338,0.99179047930784092,-7.1971002309137342,-13.826809494867215,-1.0914067466399331,,0.6614759344452973,0.6382978723404256,0,3
-0.41056099467553941,-0.87479537387505502,-0.25724059457603859,0.88956620662026775,-0.44623041060703861,0.097726069647258149,-0.20027888977687733,-0.18871002754563948,0.96139320354029179,3.0668231860522583,-6.1043214594654245,0.15638289156444693,,0.1123928903312697,0.5727272727272728,0,1
0.97100021412906645,0.086559643524325658,-0.2228587271664437,-0.026426848240302916,0.96530414217399196,0.25978748005594215,0.23761356411911694,-0.2463642450005159,0.93959802731377362,19.571372447817723,-1.7878905801250036,3.3153272199355888,,0.4778225522523527,0.1176470588235294,0,1
-0.41385164379346895,-0.75824828839188008,-0.50377212118201553,0.88790316693699278,-0.45832512121969288,-0.039573342065241775,-0.20088499962093306,-0.46367835447617967,0.86292966139631544,0.052156860659395052,15.009510520921218,-3.6936968218236985,,0.6558142787289006,0.2285714285714286,0,1
-0.90416643689226128,0.36848488760999598,-0.21610632105656188,-0.39223755182730813,-0.9165248724417725,0.078306201108940779,-0.16921216662543209,0.15556685314887186,0.97322463844031681,-11.514240883885069,-1.4594916120054553,-3.8444530526955303,0.1926014193952637,0.1319894700924591,0.4338235294117647,1,2
-0.3485346272163577,0.92126958983639162,-0.17258608424157987,-0.9370315048501372,-0.3381053192283025,0.087502868683350554,0.022261458834555981,0.19221637794999352,0.98110004153416641,7.9459610101265437,6.7237353834802294,-0.67635026985989499,,0.3657414628268851,0.2272727272727273,0,1
0.56250815784393182,0.82630347851362018,-0.028410099530251493,-0.79522663897485268,0.55011731189562096,0.25492260750568413,0.22627232491797789,-0.12080357837841113,0.96654401370407628,-18.539099499005712,0.12029631847738682,-5.6711677151665549,,0.200948333931636,0.2857142857142857,0,1
-0.68163382853808319,0.72927125687156391,-0.059487458287304028,-0.72707530222430483,-0.68420937786676395,-0.056736515002343585,-0.082078186431902733,0.0045783337738414479,0.99661537725037364,7.6873321458882486,5.332182674663926,-0.56846680524338933,,0.3670020333830315,0.1304347826086956,0,1
-0.96267966315715281,-0.18198607384641008,-0.20032207833785873,0.20320742687548776,-0.97490975462732266,-0.090871953842407094,-0.17875851813626531,-0.1281875160008269,0.97550671598675509,-11.165647198732922,12.956850199752667,-5.8329914713220985,,0.2351357177839578,0.2631578947368421,0,2
-0.52680608032721166,-0.78413419730540834,-0.32803797698815768,0.82087066791580743,-0.56949039034748661,0.043035355898664224,-0.22055996981713721,-0.24660546611555725,0.94368376260068876,2.326330884140305,10.403567517154507,-2.5137815425854062,,0.8192662476621104,0.5625,0,1
0.26956818769437302,0.96158725298167924,-0.051797172570707532,-0.94735443678990572,0.27446059190866018,0.16489679979802438,0.17277894338620356,0.0046193497698769053,0.98494979482715328,-19.031272158868493,-5.7065089325549367,-4.9418758522110231,,0.6996393152721087,0.2727272727272727,0,1
0.9665523437077761,-0.098825470682057298,-0.23666451617738488,0.13473651466240913,0.98084184425620224,0.14069594227524657,0.21822611779902107,-0.16787734481031971,0.96135038285206176,-5.0528896334425841,-6.7804932379633351,-1.6546497244735348,,0.2704802263473392,0.3300970873786408,0,1
0.9696953157788607,-0.028348322138408894,-0.24266719429801856,0.099946821062793581,0.95236058787389943,0.2881318164034008,0.22293861826964209,-0.30365388733954674,0.92633292567392012,-8.4838862890983631,-12.089111420641048,-1.6137304467279245,,0.2817144389310068,0.5,0,1
-0.35390648457965995,-0.84701744637204812,-0.39662532157420383,0.91161890388759714,-0.40718509470861608,0.056136197964517874,-0.20904825817796918,-0.34170417642825102,0.91626256147692042,16.246622380112267,-2.1944052920570982,2.5588452738553493,,0.08036197200903103,0.5714285714285714,0,5
-0.26005705209419344,-0.86991924490194616,-0.41905946714673437,0.94920556120277566,-0.30993084654063391,0.0543293009740516,-0.17714155988305191,-0.38364485883670224,0.90633188736266201,6.8266136906642396,10.064218711226967,-1.4413211025315247,,0.703701951988887,0.5887096774193549,0,2
-0.37796015530532195,-0.79256268458163159,-0.47852953096996526,0.90522902586548903,-0.42476943375018306,-0.011460317716703848,-0.19418169772714353,-0.4375103646318646,0.87799666805033949,5.3146664245548623,-8.7052657717591728,1.0473361428390076,,0.4150572308044921,0.3555555555555556,0,1
0.91727284164887446,0.34209355710624206,-0.20391795448119979,-0.30485487539795586,0.93259449292641394,0.1932123616889502,0.2562694654450568,-0.11506306944334135,0.95973248935876998,-15.618982266399456,-3.130032159915257,-4.5720509399821463,0.9329892775942438,0.6011079250483028,0.9320388349514563,1,1
-0.062118910816416462,-0.92890764780511692,-0.36506413514360336,0.98769312739737747,-0.10981739583385558,0.11136617827805076,-0.14353928734311866,-0.35365339164418513,0.9242974367418717,1.5476529445030101,15.048531355589127,-3.3886829528127209,0.5242080294843983,0.196627593373523,0.3235294117647059,1,3
-0.16116163102967956,0.98478802786407371,-0.064957438830688691,-0.9842321354901884,-0.15551140620284201,0.084281113004274655,0.072897408405773273,0.077516080373067509,0.99432249553719698,2.2909588555486642,16.684508546505715,-3.3043610023720489,,0.3191899027287132,0.6,0,1
0.95030070575198033,0.22033174685906501,-0.21996020088488652,-0.1817099394928996,0.96621246861782173,0.18279760221879574,0.25280440371317398,-0.13374373560465269,0.95822885922400514,12.985952964835947,-4.357307401153534,2.1503540008712108,,0.1076801208630144,0.2142857142857143,1,3
-0.90351089394229778,0.40081161257011244,-0.15171722300562004,-0.40448657114251091,-0.91451569251926901,-0.0071876213991619907,-0.14162866338762642,0.05487348508113124,0.98839780571492886,-14.764281422603419,-1.84898038726884,-4.563120379246012,,0.3823994188088689,0.5681818181818182,0,2
-0.54703767691892169,-0.7023515639119482,-0.45546905570147084,0.80662873504281318,-0.58774858627293691,-0.062463454414524194,-0.22382998868422524,-0.40156429124687421,0.88805757480076408,-1.9850296846869619,-16.87506060962691,0.49060157320434272,,0.1850443000675355,0.1428571428571428,0,1
-0.95439628519103425,-0.13762792405878843,-0.26492694338783784,0.16429651906539453,-0.98306481564306769,-0.08118018272741262,-0.24926769673695928,-0.12100463943142847,0.96084519700080784,7.0520677525551525,1.4748795166346578,-0.057125020591021924,0.8486094251595402,0.7925000292552731,0.353448275862069,1,1
0.94605704127713386,0.2849264964247869,-0.15424968811978729,-0.20394591714300644,0.89361885358740545,0.39981421609771473,0.25175809327736354,-0.3467884602293278,0.90352400428606128,-4.0716388513567665,-10.014807023050944,-0.94393633940954846,,0.5484442439680379,0.3555555555555556,0,1
0.97553149246124993,0.050399249575076251,-0.21400519353182648,0.023119864778195567,0.94445889477859657,0.32781529544276777,0.21864075344949591,-0.3247419155511963,0.92018417135656894,8.5950912214659407,11.20714992791518,-1.1847776469561815,,0.3419986904339309,0.2142857142857143,0,3
-0.72722049364610197,0.6771814827565853,-0.11214095163102772,-0.67929656055822918,-0.73347048633489376,-0.024025579897586198,-0.098521756150001832,0.058705068667427321,0.99340182125757792,19.770836255606085,2.7948425188849746,2.6412021141897153,,0.202786265283425,0.3181818181818182,0,1
-0.54545922228054733,0.82312881725655584,-0.15790246049673801,-0.83733578368981143,-0.54341693548938053,0.059722856394349794,-0.036647267042305996,0.16479376330782047,0.98564699228130137,-8.9838229778476872,6.7303997495143175,-4.5698650430757581,,0.08765033252671151,0.3333333333333333,0,1
0.93388357283484646,0.25766703994652318,-0.24792976609197004,-0.21288703328119699,0.95773290991276683,0.19346003290280658,0.28729877035927714,-0.12788811436259939,0.94926500343941156,10.727707024933487,-15.571936839788833,3.2306223635281888,,0.1773600846918079,0.4545454545454545,0,2
0.96697896042139475,-0.070172765399175038,-0.24500504708799392,0.13070506760016243,0.96183883392678571,0.24037937277145446,0.21878728346500118,-0.26446519723130518,0.93924985176863951,24.867489452097484,3.3686355353067956,3.7742275792316473,,0.07622707164075179,0.3,0,1
0.95396591182599244,-0.11093852865021975,-0.27864257021303612,0.21852044270387111,0.89345528171475408,0.3924111054704158,0.20542116540051705,-0.43523591583982812,0.87656821889032654,-10.421140160979924,8.4338051897506396,-5.141961761133591,,0.1332106244227708,0.1666666666666667,0,2
0.097370317653945548,0.99243233912194717,-0.074813591712406355,-0.98773660133855823,0.10558016221171262,0.11501841471478964,0.12204682550613354,0.062696743235110333,0.99054211963529681,1.0009038323589781,-12.530115936946906,0.5955238020338286,,0.1868308507831621,0.2702702702702703,0,2
-0.47462078789202539,0.87141609504470108,-0.12397216218892161,-0.88009469648010796,-0.47191514159782189,0.052243893023908437,-0.012978171224745649,0.13390328012319586,0.9909094199995826,35.341827520519715,-0.99041326586460698,6.8071841333561052,,0.1085756018069809,0.1,0,2
0.1283326887659007,0.98802153825003947,-0.08569808018934863,-0.98135576651277578,0.13898197909213356,0.13275868717246514,0.14307893110530681,0.067063025891017841,0.98743656506739885,2.0165690351471497,9.0597763546130654,-2.3905215463408012,,0.1164943860936008,0.375,0,2
-0.70714058883342734,-0.60859445918729282,-0.35995134653288796,0.65667469227320985,-0.75402092302003298,-0.015191977353271062,-0.26216509331373233,-0.24711380352894791,0.93284737870310697,1.5068797940051446,-10.837284279202184,0.4805906845668515,,0.1895552661617903,0.1818181818181818,0,2
-0.65477564748777661,-0.68896060957402516,-0.31080883177984286,0.71682180290907771,-0.69644307239876857,0.033668231048620614,-0.23965674271996248,-0.20074940937186248,0.94987594995646996,10.724965952066597,2.8219090353038641,0.48439212326049913,,0.155237983152658,0.3636363636363636,0,1
