axis_00,axis_01,axis_02,axis_10,axis_11,axis_12,axis_20,axis_21,axis_22,location_x,location_y,location_z,dbh,dbh_approximation,score,reconstructed,number_clusters
0.93488196392882472,0.024871617265363275,-0.35408631175913713,0.045015899138616387,0.98118021418113166,0.1877736832578254,0.35209271839293343,-0.1914857434747389,0.91616806738752954,-1.256986697585865,12.985129983757622,-3.0547528476207084,0.8076775698411238,0.7427620760492106,0.4468085106382979,1,4
-0.80527778849869081,-0.43650261105251248,-0.40123952185072176,0.47353242150260233,-0.88074203945357221,0.0077785426040727175,-0.35678386894104186,-0.18373603479856815,0.91594014017290459,11.467181516176451,-0.82988178000198698,2.3935790006517323,,0.0950497015321842,0.3414634146341464,0,5
0.80875169725471741,-0.42856921352798016,-0.40280159061704529,0.51695977134126103,0.84459314645620021,0.13933776147909854,0.28048758796496603,-0.32092186926917798,0.90461918331548308,-3.3244775293833473,11.840040436615764,-3.6692655958118934,0.1589944964963796,0.1343227973847814,0.3181818181818182,1,5
0.92949663007629868,0.057026706995978414,-0.3643953476184893,-0.01249276133722335,0.99227569448605779,0.12342154206775846,0.36861897074211464,-0.11016760332060929,0.92302933517175811,12.618816353098062,0.45346710253324185,2.624802851751447,,0.08066626159362356,0.4054054054054054,0,5
0.66296130284116805,-0.57156786251895619,-0.48352092971313437,0.71828749188506125,0.66769217207347942,0.19557669174333711,0.21105778814488271,-0.47696681424110832,0.85320411870552959,8.577398023811206,3.8465252514532429,0.90964094112425575,0.1829436134706503,0.3710528563860057,0.2264150943396226,1,5
0.92300569501707186,0.16649995937609235,-0.34689804048713085,-0.094502416011320173,0.9720115408305916,0.21508802351633166,0.37300104602276229,-0.1657447676999135,0.91290683623578295,-18.072865457104747,15.051831330612563,-8.9910072178261586,,0.1187054221178855,0.2692307692307692,0,1
-0.41428227732693379,-0.76365983202470211,-0.49517053188251403,0.88527985890230809,-0.46441628089846232,-0.024435414020414707,-0.21130491266110682,-0.44848765756533704,0.86845210282250906,-8.0645313947882027,-8.9739168987213294,-3.346359533204661,,0.4623999380580921,0.4166666666666667,0,3
-0.91470660882642352,0.20613725610873487,-0.34759063769501164,-0.20283829412996005,-0.97811764709867244,-0.046287091814068933,-0.34952603079557731,0.028165583219916912,0.93650320539663412,-12.178302336001028,4.8801296891259218,-5.9064546702496123,,0.1132885936352773,0.1811023622047244,1,5
0.66660222368116251,-0.61290864815983426,-0.42424575942985415,0.71665545609622106,0.68352312954517924,0.13856799278434193,0.20505226804609245,-0.39640777034216745,0.89488236488462825,6.5756013971756024,-8.1668821899727675,1.444458056304843,,0.08187537616245925,0.32,0,5
-0.90611002761056436,-0.20127255009281761,-0.37209404515890521,0.19641827343032631,-0.9791750306452095,0.051343171148689193,-0.37467916905831944,-0.026563507676665318,0.92677392083165577,-0.088051415378144149,-9.242549888426014,-0.61944471603214712,,0.113863584227614,0.2857142857142857,0,1
-0.52081988974444737,-0.68955396909268374,-0.50325139458833945,0.8130786720779789,-0.58030757094924446,-0.046327055927385848,-0.26009558907927116,-0.43331102779356367,0.86289735063563255,7.5440434980395885,-9.7478620589318634,1.9781532774273183,,0.2971335580207247,0.1666666666666667,0,5
-0.43548730979678407,-0.77446126997017639,-0.45886876590387071,0.87223354795347008,-0.48908404237657688,-0.0023318055425754491,-0.22261949786678989,-0.40125620345206886,0.88850099513774905,-3.306822590697164,15.065968088462334,-3.9431261521200951,,0.3189197655968242,0.4,0,3
-0.37148915381497805,0.88774550456478918,-0.27185240061996513,-0.9252592199243177,-0.37819789495228989,0.029355207352336456,-0.076754052289593547,0.26243908127156479,0.96189112901536955,13.515631665048002,-10.930792982150949,4.1140281495556916,0.5037455077809195,0.493215429684393,0.3809523809523809,1,5
0.68984546914402456,-0.59590915406308276,-0.41110279591032156,0.68845459435776268,0.71562916757852291,0.11792016798902795,0.22392744407318838,-0.36437230220571531,0.90392993377593045,13.379292439483347,-0.70402840246413045,2.9683126902332684,0.629186291982435,0.5756135305946553,0.8024691358024691,1,4
-0.91190620964227798,0.20629764718673352,-0.35477929136446607,-0.23859132912397005,-0.96986774786819319,0.049302427039010693,-0.33391801760718459,0.12960645203961732,0.93364925165020696,-8.0621117173848784,20.764473065721724,-6.0701295221230627,,0.09812032916197393,0.2916666666666667,1,3
-0.74745894546186631,-0.53732994127815759,-0.39061702350902305,0.5682569212597145,-0.82172773248457298,0.042983777244383944,-0.34407731150058057,-0.18984221835981582,0.91954920251107752,-1.1814631202563484,6.3445210356385067,-2.3054666584722336,0.4929313554115436,0.4524720300593364,0.3697219361483007,1,4
0.68409774798191003,0.68347197236349377,-0.25470833162587236,-0.65402586705160926,0.72938659114462212,0.20061247689468104,0.32289384700466239,0.029347293776155723,0.94598007374074555,-3.0129650979494116,19.85803282087754,-4.3061345960614315,,0.2007696621894448,0.1212121212121212,0,3
0.8647051406113635,0.37594646352287947,-0.33309049275673269,-0.33485804985231671,0.92576513870366128,0.17558187380847379,0.37437295074482363,-0.040288516051496297,0.92640257405999415,-14.795050340547348,5.3138008473083591,-6.8585250650559297,0.7120341310031409,0.6320929747407653,0.2478632478632479,1,4
0.87351593328183608,-0.17563500471308668,-0.4540068935844449,0.37095445939679483,0.84408688303238544,0.3871822864573024,0.31521850097415777,-0.50662577807698161,0.80247592962748659,-0.86189692520021799,2.1417500267801608,-1.9372368765069579,,0.5205379837371579,0.1459016393442623,0,1
-0.52525489751222576,0.79790869624305938,-0.29571777947753436,-0.84191863423085189,-0.53777584126942424,0.044386460568752562,-0.12361353475359971,0.27228451481247629,0.95424359417239812,14.035722215631626,-14.5661499376631,4.7003360652057564,0.6442470911058552,0.4623075466660577,0.4833333333333333,1,4
0.82809012854760478,0.46722815257436673,-0.30978152372915146,-0.41075519102662594,0.88175927325347825,0.23190678531724138,0.38150611010400687,-0.064795350708529389,0.92209253900021726,9.4592776020310456,-8.9350193007526304,2.4977589816852923,0.5166488903781323,0.2602176571355786,0.1730769230769231,1,5
0.8761324616360805,0.32995597005817001,-0.35145549859189101,-0.3067620047561414,0.943995377762189,0.12153106270257152,0.37187226584607769,0.0013358841997648037,0.92828294894816954,-16.736465211307156,-7.5825961880948771,-6.523412999867487,,0.3507685341540356,0.5,0,1
0.85195535022164337,-0.36204282030598206,-0.37828174353728328,0.42939102326954087,0.89651249275288381,0.10903531296578677,0.29965885664243802,-0.2553240031859535,0.91924655181993797,11.181376838943839,7.0216868487297894,1.5413963180278867,0.2731827107690211,0.2446036960550218,0.4838709677419355,1,8
0.11769976942453887,-0.82811739423448982,-0.54805870638435161,0.99245047753390225,0.078930203642552932,0.093872640293511111,-0.034479180966783041,-0.55496991298558129,0.83115557013151065,-7.1043917262327181,16.894242424592438,-5.3763169973319522,,0.2680376030200225,0.2131147540983606,0,2
-0.92710620591632165,-0.031382942478872827,-0.37348252150912015,0.023643422086863947,-0.99940060417418275,0.025286774572897765,-0.37405223103660939,0.014613120736034187,0.9272925024817622,6.8683761299181585,8.7446225193780744,-0.080962886751736129,,0.07099127643364969,0.4615384615384616,0,4
0.85553356364030975,0.42004057820015067,-0.30270155954371353,-0.36082905131327542,0.90300123462378057,0.23321913728571073,0.37130138326334711,-0.090303283069955678,0.92411070757432201,8.8984613294102051,6.2648056415538971,0.7926952540184532,,0.2947540619913603,0.2222222222222222,0,5
0.64786925575508425,-0.60518005293315635,-0.46262569208721577,0.7366687333403602,0.65232105450192213,0.17831550457604581,0.19386749280388021,-0.45632701583987184,0.86843597913065251,-11.002285530975769,-2.8944737206797062,-4.8775915778420487,0.6019377067500625,0.2226394567740103,0.1964285714285714,1,2
0.72311606694152397,0.66043733887031497,-0.20230095194268688,-0.59462074767853901,0.744235096225078,0.30420435233090171,0.35146738136167893,-0.099682711503774682,0.93087809989601689,-6.0031966178883973,24.022824811557399,-5.7268466606660766,,0.6367506877263743,0.2903225806451613,0,2
-0.76272794971128832,-0.52199728089906194,-0.38179171476500023,0.54598046669308375,-0.83615284838357729,0.052476129141086091,-0.34662862651376031,-0.16842580821838224,0.92275746673065084,-6.1253306335255413,19.359707819528271,-5.3284143732888722,,0.06641243942022376,0.2352941176470588,0,1
0.40045779882310911,-0.69780890309225352,-0.59388238408538085,0.91394687024323018,0.35074375364522281,0.20415664978506931,0.065838208772371745,-0.62453306881545101,0.77821833454474754,17.198204729489284,-11.548315346213784,5.3067703235285615,,0.4910852671542638,0.4827586206896552,0,3
-0.30417569012384521,0.91387050277539283,-0.26891979044825659,-0.9516779115497227,-0.30404132865127437,0.043220633270777034,-0.042264668531074218,0.26907169050091406,0.96219235247685275,-12.455811845742085,17.255259376569548,-7.2483903329574142,,0.8569767713517846,0.3157894736842105,0,1
-0.88783030326311396,-0.24008322446745695,-0.39257788773316837,0.28343656740998302,-0.95738308114700621,-0.055509892706720194,-0.36252043371729226,-0.16055429381606123,0.91804207630949719,-13.563032646374175,-7.6126825996747964,-5.3798751743111506,0.4594966657626582,0.2771957451497994,0.131578947368421,1,3
0.92709640961057305,0.036959052407717838,-0.37299634814875587,0.074515245695536136,0.95709036395712654,0.28004555590001645,0.36734142898142902,-0.28742314392814466,0.88456102722669327,3.0892355234761606,11.4323127142095,-1.4813163402324991,,0.4485546574873236,0.2702702702702703,0,4
0.92112090414889136,0.18447697541181413,-0.34278933105165144,-0.13349571269407753,0.97687766187071368,0.16699978571934918,0.36567085559588974,-0.10806608756181167,0.92444932045345451,-9.9247893711938495,-10.647162334946055,-3.8720032084038976,,0.1219471121830287,0.5217391304347826,0,3
0.93086776611528999,0.017037535493204255,-0.3649587982113161,0.067817056022804537,0.97349530343664148,0.21842101798865823,0.35900703185304061,-0.22807151635204209,0.90503996293475963,-26.646300845514052,7.3227763456669868,-11.358454154163136,,0.2841901558520036,0.2,0,2
0.92856431614141621,-0.021589742295705889,-0.37054310655634742,0.14632557116858558,0.93875010636521028,0.31198888605444514,0.34111162104362669,-0.34392167833230775,0.87484898191749516,-3.1552390310342364,-10.236074744898291,-1.5805317284108722,,0.4559473129021548,0.2727272727272727,0,3
-0.45126671988924516,-0.6750086480336347,-0.58371369060542666,0.8548106185953448,-0.51478297528787442,-0.065553754205301892,-0.25623651936647707,-0.52854688858564847,0.80930898469582357,-4.9646153672268944,-15.859202293320907,-1.5844015193856118,,0.2951815585820127,0.2142857142857143,0,2
0.49086866395973344,0.80794567088191871,-0.32599347791873373,-0.83171318610925105,0.5459789427653331,0.10079766916376157,0.25942461485831331,0.22165465697795492,0.93998302231774411,-8.6302972755869529,7.3292678836405774,-4.9631368118324231,0.1856590124316537,0.1350189517651067,0.6074074074074074,1,5
0.32614267516845463,0.88847194017217335,-0.32287546664411987,-0.92282580315510665,0.37330201763322757,0.095069136222510134,0.20499632305262599,0.26695170941137597,0.94165455044684432,5.8925799445844236,4.8587998460835502,0.014712208945764282,,0.0717305931144873,0.3333333333333333,0,5
-0.39855490401940347,0.87315860527488431,-0.28062080912951398,-0.91426358086604798,-0.4024811262282264,0.046163272544846201,-0.072636720631340704,0.27495998447860992,0.95870793975613211,5.2177848970399037,11.887342986153492,-0.87496335204798381,1.027219228485094,0.6066306453643896,0.2666666666666667,1,3
0.86335331551478345,0.39862370181483481,-0.30938680796224732,-0.36242262532427388,0.9164773862964507,0.16946693205545296,0.35109954890698997,-0.034181058477819277,0.93571403858157676,18.291910360388528,3.4756581951314591,4.1347802475641977,,0.1793141198890106,0.3157894736842105,0,5
0.62364812305894857,-0.67874861846903645,-0.38776710991447605,0.75879050201176113,0.64486158476075117,0.0915997301120067,0.18788292275188423,-0.35135999975271415,0.91719472191677098,-11.6467350156032,15.082093190028225,-6.7442392508096036,,0.08074487659464813,0.1666666666666667,0,4
-0.77516140554309132,-0.47714935105773026,-0.41406918762647033,0.54283433217937571,-0.83834040592325565,-0.050162252778373197,-0.32319604447429329,-0.26365481331016333,0.90886217671028258,12.527188102302446,-7.7527987544553181,3.2651553037503125,,0.2357851581122999,0.1702127659574468,0,4
0.74167823264830479,0.60229371920114994,-0.2952214000145208,-0.54448122241610641,0.7976462323717427,0.25942375839430437,0.39173153772953978,-0.031666445869567822,0.91953446838823838,-4.4341286913883371,-3.5013673378690817,-2.5994366889959712,,0.3381601641433976,0.2406015037593985,0,3
-0.70357030131860276,0.67641032296679882,-0.21784835571195449,-0.67471627379684884,-0.73207131307994211,-0.093965644993826522,-0.2230398640964146,0.080874393656837032,0.97144868700024123,-8.3770066237160421,-10.959425970458987,-3.2710439187010096,,0.3195398284696654,0.1304347826086956,0,1
0.59690372159582095,0.73985770862378974,-0.31034902631555777,-0.74702966927679115,0.65361256832444015,0.1213972147478585,0.29266468930376166,0.15937748121452142,0.94283943389977509,-3.0190661101627394,6.9337820287940914,-2.9513439849220662,0.6749056343996476,0.6212527687202976,0.8857938718662952,1,5
0.017876528024041449,0.95101315245965901,-0.30863313755095456,-0.99456735700725063,0.048573852925512764,0.092067112410363014,0.10254853544257675,0.30531060358381162,0.94671496936399568,-6.1724474610241762,-7.3261204637914252,-2.8790725113102535,,0.1988751405644141,0.7512437810945274,1,5
0.58652922273705554,-0.70738087536810101,-0.39445629420624384,0.79275007895781313,0.60117586776054099,0.10067218252695298,0.16592402836191272,-0.37175243534618319,0.91338345924717479,11.834537437985976,-1.7183294285108139,2.5026721180452656,,0.09855249550546204,0.3846153846153846,0,5
0.86657527451748395,-0.26786786790329142,-0.42106305815149764,0.38555438451197338,0.89506076253093425,0.22408491239067324,0.31685187419130106,-0.35652915269650404,0.87891515694006128,-8.1705206246344613,-7.6631654958520157,-3.4267812357821228,,0.3613209234065985,0.4444444444444444,0,5
-0.50578235130440263,0.82269340563187132,-0.25953761468970754,-0.85333285170594997,-0.5212576191979843,0.010655450597717903,-0.126519790184702,0.22686131172564974,0.96567421418081634,1.7075421286707717,-9.8481500639347814,0.063403524589037599,,0.6646371815668281,0.2,0,2
-0.47912666012620853,-0.76578784467946448,-0.4289599287782998,0.84633652077005805,-0.53261987485466178,0.0055283379633099634,-0.23270611759714549,-0.36039567956758872,0.90330660186997325,-12.9529983346713,6.4512508938700428,-6.4768237080656235,,0.1919945400121223,0.2,0,4
0.9068957006364331,-0.1803604137990093,-0.38080219182851754,0.26007078410557344,0.95066698989829113,0.16910192657812817,0.33151678000044754,-0.25239333480100579,0.90906228011405388,-5.0298076086486647,13.656110132047679,-4.3799460061712781,0.7801540690335712,0.4574122087974841,0.8276762402088773,1,5
-0.87996242228728194,-0.2771502885621937,-0.38581582771082845,0.29463170801856448,-0.9555024881050852,0.014392770930395994,-0.37263694394458818,-0.10100847872770043,0.92246354683139298,-5.4523172628675294,12.785019926133083,-4.3992321532589083,,0.07009633631557824,0.1454545454545454,0,2
0.53821404141765927,-0.6766450215831189,-0.50247105427840466,0.8302720884814061,0.5281212731872118,0.17814651244367166,0.14482370216782614,-0.51306864606395475,0.84604176003109088,-14.074969705988204,-5.9849590926024234,-5.7325511746716398,,0.0987659611203473,0.25,0,2
-0.7290991180543015,0.63713424401117058,-0.24994885709031187,-0.63421274195524058,-0.76624047997764833,-0.10319750377425925,-0.25727159577779779,0.083279541016607297,0.96274391405711224,-9.1708095385349697,12.834284087303594,-5.6501040700026568,,0.1364526701786758,0.5454545454545454,0,3
0.57014269973738529,0.75963147941120834,-0.31288547013836154,-0.76795036007093476,0.62808898832077542,0.12552476734535545,0.29187248312077396,0.1687134797155303,0.94145961961158486,26.025879786638857,-12.062167124588571,8.3487772503512563,,0.4851403047658897,0.2380952380952381,0,2
0.18823336656679615,-0.8518560245507999,-0.48878370793985865,0.98206864503811597,0.16855658777817523,0.084438457764084263,0.010458305021793311,-0.49591328894584508,0.86830906577265787,-23.957554804395247,6.0256287009364033,-10.266228169035552,,0.1574097484110055,0.2105263157894737,0,2
-0.77534101136670253,-0.44259240101446051,-0.45050891518050407,0.53138541886693835,-0.84268658890327552,-0.08665361791737887,-0.34128558819333155,-0.30657997235112638,0.88855662050581519,23.79009958006964,-1.8634397778190523,6.5624975231276776,0.8555627433640984,0.7086978565978481,0.7254901960784313,1,4
0.41468890089231825,-0.78986129607838251,-0.45183210204023855,0.9058116159455567,0.40569096349097233,0.12214810092616087,0.086824143501805132,-0.45992822820429935,0.88370107672562781,-13.607659651020299,14.888164174312454,-7.3911356959105818,0.3518713088381009,0.3356090418049186,0.782051282051282,1,5
0.75393940967335293,0.6156755366211546,-0.22917024271848435,-0.5595169246193904,0.78459591728796918,0.26711431567684485,0.34426178644434974,-0.073163380056576466,0.93601866552587598,3.7548692539124335,-8.2045023613554129,0.53740806964891885,,0.2364770410718823,0.1851851851851852,0,1
0.9226589590554507,-0.03826494738906102,-0.38371374626930521,0.15101369838027462,0.95144223899809077,0.2682396852663893,0.35481728844043636,-0.30543978072872663,0.88363523705891445,6.5146406928929848,21.237662952951226,-1.4426917046656558,,0.09424042319084144,0.4166666666666667,0,2
-0.19252794455370206,0.95190516354437027,-0.23834754075402745,-0.98127827415015656,-0.18549922848223283,0.051797537715483608,0.005093058689743476,0.243857736908351,0.96979764121342404,-9.6240217729400381,-14.109944878119205,-3.473490913777372,,0.4753114890956505,0.25,0,2
0.90997615463280968,-0.17628792838654314,-0.37532114822490992,0.24267163672274367,0.96034453724099178,0.13729110139294992,0.33623485055833896,-0.21601142584725824,0.9166707092372075,-1.5617315879964164,7.2031933874208889,-2.5205977958247612,,0.07413658072889676,0.248062015503876,0,4
0.57099107482038047,-0.71857879738809427,-0.39700592491768494,0.80712549025620006,0.57975868010676002,0.11148235653930456,0.15005877333283621,-0.38408903236768893,0.91102029602018042,1.9393266530368161,11.064444761094386,-1.7794591929538126,0.4555401046619632,0.4683676966805031,0.900355871886121,1,5
0.93003709835628834,0.052775540442765917,-0.36365607105064313,0.0078812510533242414,0.98654041648399837,0.16332756205066656,0.36738111214765912,-0.15476675668422418,0.91710324907427754,-21.011754432339533,24.026807527078027,-10.665864947780536,,0.2012781358280897,0.6363636363636364,0,1
-0.25007716957611975,-0.78788441699671197,-0.56276065490628169,0.95145418045186669,-0.30768722321937625,0.0079696404069201972,-0.17943341873091134,-0.53344795258891009,0.82658147216184097,-12.766903326878762,-6.2892811238048836,-5.17925257846339,,0.2207722770995473,0.40625,0,2
0.93498240943542088,0.022044778910958643,-0.35400836398184593,0.0382882008047584,0.98596179086212365,0.16252187741682578,0.35262147938755889,-0.16550943985985267,0.92101287590989134,-1.9824734352081241,15.794950497449355,-3.6521149966088418,0.297063828693593,0.2682041715995869,0.2777777777777778,1,5
-0.81307860324967229,0.5232142471410538,-0.25524505191322144,-0.51704257511297991,-0.85051427787549172,-0.096397295867001714,-0.26752599959275264,0.05359398024547099,0.96205900277651768,-4.0749531681303122,-11.340538783621898,-1.8263144956921733,,0.3670935015852353,0.1538461538461539,0,2
-0.84944186640233721,-0.28916636868332329,-0.44139701723665203,0.37814632814080762,-0.91699574963286379,-0.12698090277236962,-0.36804058215981766,-0.27477555636876022,0.88828178159056048,-17.764842023110866,5.6255213621894269,-8.1116148088620843,,0.4229437480748379,0.4298245614035088,0,4
-0.35198100474072458,-0.82623393475043716,-0.43982593985407653,0.91700637994748135,-0.39859336433169024,0.014920758907023771,-0.18763973842799672,-0.39807136920099673,0.89795908235571542,-5.2714172572023088,-9.071386860420068,-2.3431814888664717,,0.1165172643847898,0.2307692307692308,0,7
0.85968952040380864,0.37111897048826331,-0.35100518265632602,-0.35304236036410608,0.92828777784061778,0.11680279662862697,0.36918155465354718,0.023505557969535604,0.92905999184559163,4.0917658456299444,4.550208419201323,-0.56639221280331853,,0.07883456965847938,0.3414634146341464,0,5
-0.072676517702199406,-0.87411526191940869,-0.48025059360114042,0.9896379495626596,-0.12299033472617245,0.074095251867858633,-0.12383397175290498,-0.46988922784365883,0.87399614472627596,-16.125887709365976,4.6972702855683126,-7.3705911604012275,,0.1227818124887428,0.25,0,5
-0.94541598864666265,0.0048849926541316528,-0.32582931921179675,0.048645911015481644,-0.98656785093491328,-0.15594053624103413,-0.32221449960038678,-0.16327894030902002,0.93247938524068008,8.63181258140491,-11.616136542193091,2.6000227632272459,,0.7070863132693476,0.15625,0,3
0.92456105504565844,-0.034478735325611055,-0.37947077924815881,0.14002148958414298,0.95696052944392496,0.25420567960028029,0.35437386747261168,-0.28816273509381651,0.8895962006189968,-22.424966965654249,10.531506796030802,-10.128282443416062,,0.1049561289888382,0.2692307692307692,0,2
0.81564414982834221,-0.39664218235303944,-0.42118831896079495,0.5229603523914137,0.81683668735898762,0.24349598766929459,0.24746129127087851,-0.41887086955601854,0.87367620086616526,1.2813222622791527,14.050108043415197,-2.3363674183459167,,0.2678553894278225,0.2051282051282051,1,5
-0.9172910122193062,0.059711528242061725,-0.3937152934503293,-0.018347286249255863,-0.9939812774015121,-0.10800276506898829,-0.39779464047290702,-0.091846358502973208,0.91286563657570918,4.8094787059230599,8.5053949260833974,-0.67620629218703809,,0.1317334413656816,0.4375,0,2
0.88473874506032812,0.30905630859929856,-0.34888615779943161,-0.27743322113556335,0.95069244038783629,0.13861706821227016,0.37452391218641889,-0.025847280406159093,0.92685692385404572,-20.105202305372156,10.719500009119042,-9.2356398703126743,,0.203882594245664,0.6779661016949152,0,2
-0.60969772827706159,-0.66972736682741518,-0.4239503912679034,0.73305291371904668,-0.67988325807370897,0.019803562282974942,-0.30149976089842523,-0.29870388265554326,0.90546887559136846,-0.23280387625307686,17.103397960677349,-3.1799730392171468,,0.08295657351656753,0.4375,0,2
0.92496693694459853,0.11058905885511114,-0.36360174039856757,-0.077164601793009435,0.99144761265924441,0.10524854194909614,0.37213141467692945,-0.069294237955439902,0.92558982211167473,10.122739905149885,-1.6223972987831641,1.9172553841290654,0.2699993525252415,0.2232873353782264,0.8421052631578947,1,5
0.67352331344343574,-0.55103336026352079,-0.49267492540707591,0.70311033462718342,0.68323675512338211,0.19703652907245692,0.22803991665632811,-0.479113527595667,0.84761313350266743,-12.836398597112067,24.683641330084289,-7.9937632474111169,,0.3015960219971773,0.5,0,3
0.92261453165574925,0.18768773219035764,-0.33698032756065094,-0.070180046283430983,0.94073096192620975,0.33181322815259223,0.37928509999906196,-0.28248641110437384,0.88110398958356395,-27.18733121773759,5.3682728983511661,-11.483351855561569,,0.3415398739832842,0.2285714285714286,0,4
0.57948477173396018,-0.69160290859118401,-0.43114129488678521,0.79520404003729661,0.59566330799459488,0.11329500526191624,0.17845989475734084,-0.40849802978368249,0.89514324307679838,-11.848264487077143,21.043755241457042,-7.3580504483330325,,0.1236098992555893,0.5789473684210527,0,3
0.47217070611046574,0.83449065413635182,-0.28404255394258948,-0.84358334309862459,0.52125284174236786,0.12908376436273988,0.25577718337977995,0.17866399507060904,0.9500827381484821,-18.455248908469123,16.85243508850672,-9.2074596890327811,,0.1294983569799198,0.3333333333333333,0,2
-0.8726342149570181,-0.31093488672518954,-0.3766019425116407,0.3161011837356158,-0.94741892339659717,0.049773740375567678,-0.37227619924901201,-0.075610050966953987,0.92503705421214544,-9.4521630215546679,18.61059899107034,-6.3376198410874505,,0.0820279626967963,0.4090909090909091,0,2
-0.021977376091458813,0.97785042885746321,-0.20814786504648161,-0.99707397187470193,-0.0061910731549191843,0.076191634863647453,0.073215364167225974,0.20921331075355637,0.97512527454342768,-15.769782901557809,12.561114512690066,-7.9221964869874766,,0.09245942375651801,0.3181818181818182,0,3
0.93052640672025078,0.20730502352645228,-0.30190268898602945,-0.11092849671347056,0.94518448694022672,0.30711749260572863,0.3490207372251507,-0.25229132539236715,0.90251515894115319,-1.64038676202992,-8.6753022560343158,-1.1726589882418854,,0.5553218654327075,0.2982456140350877,0,3
-0.58107742386193473,-0.59447998452296491,-0.55582602986865659,0.75604073941499095,-0.64710345950097581,-0.098282821727415037,-0.30124977646931334,-0.47733705146724625,0.82546829828512758,2.2171987838650487,21.398027924590043,-2.8558686585571524,,0.3229961651569492,0.1333333333333333,0,2
0.43668626338490446,-0.76600216302341972,-0.47174759523962739,0.89410267865109894,0.42750701992209655,0.13348463561870144,0.099425888981990146,-0.48008169529859163,0.87157102891237204,-5.4416251024799802,14.97415575267506,-4.6221013135588862,,0.07311606753468401,0.1818181818181818,0,1
0.69145546369904887,-0.56946401199486019,-0.4445223062608335,0.68875663278246246,0.70530129739684688,0.16782246777022461,0.21795330352829415,-0.42220944912808561,0.87990655103144988,18.968325199370753,-8.0471828037019435,5.4340723026711784,0.6776116995461994,0.5259473311159006,0.905982905982906,1,5
0.91023650087244012,-0.14706414927244871,-0.3870938497034887,0.2345188508763488,0.9535217258368528,0.18920155110555206,0.34127763047573606,-0.26299896265172013,0.90241959452406972,-9.8475166035789563,-5.0450717137740373,-4.2929860524950509,,0.0697340315784767,0.2121212121212121,0,3
0.65490574843041272,0.73087996531145538,-0.19212739778367321,-0.70941392442622964,0.68220188552074446,0.17700980544059125,0.26044259348842286,0.020373112139922656,0.96527436089370866,-23.081393544792018,11.416164385066269,-10.471699144106934,,0.40840219699443,0.7021276595744681,0,5
0.16224633639860081,0.95118624574514865,-0.26252781229896571,-0.98003168683626696,0.18632787752076221,0.069424886427480278,0.11495224713807368,0.24602164125104267,0.96242367640974524,-8.084510542471298,17.89909999691336,-5.765411623498542,0.254017891196927,0.1496219393752689,0.2941176470588235,1,3
0.44111359193204447,-0.68376655232579453,-0.58127626902644614,0.891707365896377,0.40709526288310571,0.1978166336390331,0.10137441797097548,-0.60558793652006537,0.78929492493136855,-12.728029819666112,-4.0431868588104471,-5.3688592353326836,0.7960865387645212,0.7925524807770457,0.6280487804878049,1,1
-0.90522308742392554,-0.1968764007832528,-0.37657780711206029,0.20487264714625802,-0.97860146117232982,0.019141019896181173,-0.3722880073894147,-0.059823599072716845,0.92618722542907395,-4.7957697904689862,18.0869951962237,-4.753029764085241,0.210377448198047,0.2339692562722669,0.8311688311688312,1,5
-0.6435543680531971,-0.63991865933492242,-0.41993080953252726,0.69745479569300706,-0.71627121524262261,0.022635241984152451,-0.31526906496590218,-0.27831574811686555,0.90727380708674366,26.911059017462087,-0.72166390593106311,7.5434796076434925,,0.1206333874736141,0.1333333333333333,0,4
0.051894981728891898,0.98537487946038627,-0.16230606211657217,-0.9928483179758758,0.068404597002375792,0.097841855059163721,0.10751338690523067,0.15606779948911037,0.98187764695953583,9.7757735587497017,-10.390583827298835,2.8216872996279196,,0.3666145299263059,0.2857142857142857,0,3
0.93000266065577719,0.026066594993394577,-0.36662730912825553,0.010496582760718551,0.99519166878681009,0.097382565830190893,0.36740287549707945,-0.094414379216168187,0.92525728966255838,0.57106384036972158,21.26015775481568,-3.3477525197026083,0.2595044234181089,0.2630335658580213,0.8541666666666666,1,2
-0.20906372130672851,-0.88233839425242644,-0.42162936147928726,0.96005040007751707,-0.26719678426057375,0.083121043014431961,-0.18599889715904538,-0.38740784260112421,0.90295048244450304,20.503508274979634,-3.2402291136555634,5.4351280853178494,,0.2470323726800998,0.4074074074074074,0,2
-0.91433106446699497,-0.15734751917555356,-0.37314938397370062,0.15458195198491667,-0.98726683150608818,0.037531633703633757,-0.37430351944803619,-0.023365821561194988,0.92701181961805967,-16.262541230519712,14.689851283589931,-8.3376360641645135,,0.09658195215883056,0.4054054054054054,0,4
0.62274361776532083,0.72402709795654596,-0.29660604841638549,-0.72053612932148758,0.678447686306619,0.14330534982199677,0.30498864384591357,0.1244728820660089,0.94418664932057428,-23.18077632209534,7.9089460665746216,-10.17236066004223,,0.09213341472621416,0.3870967741935484,0,3
0.8928946749202531,-0.20948521472181411,-0.39856623579025063,0.28376746287207122,0.94907242687308147,0.13688519118000217,0.34959280100454287,-0.235324187796736,0.90686680395943675,24.88813101315494,-9.6408687572971914,7.6990127031665132,0.5586332474454161,0.4778539389881929,0.6981132075471698,1,5
-0.26020424585436147,-0.82307087192284634,-0.50482481142623115,0.94946815869449486,-0.31314851660694926,0.021171258161821128,-0.17551058675946082,-0.47380623290437424,0.86296215884377991,9.7675710108827136,10.288480274260928,0.68879727969255078,,0.4377904048043892,0.2666666666666667,0,3
0.13881604054087318,-0.82969201649286084,-0.54068592052740316,0.99006250815855923,0.10386500547650557,0.094806595636320504,-0.022501929413673828,-0.54847353482677386,0.83586508765905898,10.1499732734604,6.4362794363312847,1.2615852574795725,,0.1135957742611973,0.1764705882352941,0,5
0.19275860944826728,-0.88983863828332455,-0.4135593262177123,0.98123700136023173,0.17297501175981619,0.085168024917050916,-0.0042503700015783996,-0.42221658319489208,0.90648501985972163,-11.408555592468465,18.850609884842601,-7.0152724758946619,,0.06380300407378436,0.2272727272727273,0,1
-0.46195408803386317,0.82535618592004911,-0.32463146321992592,-0.88039422932086897,-0.47100693703656754,0.055303401721259075,-0.10725866644385385,0.31135129938212747,0.94422240327464491,13.309251092958524,3.7538441141199681,2.4781600585831494,0.4214342754328598,0.4093800327506642,0.9454545454545454,1,5
0.19955872961149665,-0.89244264575352394,-0.40462629360472435,0.97988345059261239,0.18083287491021863,0.084426859508225219,-0.0021763939353730915,-0.41333472560644624,0.9105765579660412,-6.773642931412847,18.121163665600836,-5.3913706593889517,,0.08569882158866422,0.3181818181818182,0,2
0.92032791079470377,0.15686969937927323,-0.35831331824104956,-0.096408667531972025,0.97876859441989505,0.18087953837295226,0.37908034166514731,-0.13192397808571063,0.91591165434722799,2.3639743546526355,19.423430157346502,-2.5650850231945506,,0.1381130708557335,0.2777777777777778,0,2
0.92026088752007718,0.14442970078872322,-0.36367562529105557,-0.10753049593810021,0.98695066594780634,0.11985647845856515,0.3762407358913526,-0.071193008893164253,0.92378269313766215,16.129417478477801,-3.0215924624319679,4.0945598660432374,0.2312702997197847,0.222137066803087,0.6896551724137931,1,5
0.92456969788932364,-0.10158413929968708,-0.36722137245480063,0.14395865525563259,0.9854977444256896,0.089833742596360552,0.35277015083739094,-0.13592225121230517,0.92578526792315319,7.1715265098169709,2.3837952562167208,0.66211123001205718,,0.06906570039258539,0.1388888888888889,0,5
0.84862942452283707,0.41350892164317454,-0.32990676191241752,-0.38704325830072683,0.91049077236653364,0.14561617231389243,0.36059064884990361,0.0041140195540673172,0.93271510055595963,12.161204828475334,-9.2330429324317151,3.4151234325632829,0.5788359130737813,0.5868045765279317,0.6133333333333333,1,3
-0.50091020858821422,-0.668000525609865,-0.55033104647753328,0.82367004090590457,-0.56320685994233677,-0.066073418467336109,-0.26581314235037051,-0.48638804539054858,0.83232808594627183,-0.8090716840510872,20.534908109137554,-3.6885510439035167,,0.2967072681510985,0.1304347826086956,0,1
0.49528213161116497,-0.71123688593005197,-0.4988363481135098,0.85526604222064406,0.49991619216109312,0.13639573981392733,0.1523666864210679,-0.49419216192456478,0.85589631379121434,19.180524710901352,5.9932082316925541,4.2346995306737023,,0.2409253906555761,0.1818181818181818,0,5
0.84305873612140425,0.42742445330611561,-0.32643575809850933,-0.39411907312396716,0.90398275647300086,0.16578700853619499,0.36595371790608355,-0.011113627465568987,0.93056668951519605,-18.084906221584294,11.872421993351763,-8.629670169495494,,0.0874702345891126,0.16,0,1
-0.77046140097854987,-0.50087238474128992,-0.3943552761226139,0.55169336303298133,-0.83383513614531612,-0.018798907278904684,-0.31941143183600818,-0.23204702095285554,0.918765757567932,-8.132474880703354,23.527446405007598,-6.3307127308502853,,0.1406585410887571,0.3076923076923077,0,3
0.90150936592157271,-0.17797743802268984,-0.3944678627094525,0.25727628497578731,0.95336117688619915,0.1578333918891022,0.34797956311361367,-0.2437755073034224,0.90525340413290789,24.624727833023307,4.691210088910287,6.2325834280870893,0.4504425544770547,0.2475776252624188,0.3571428571428572,1,7
-0.3681144755460255,-0.81637885303033797,-0.44499134959945535,0.90420237051237529,-0.42581193969204872,0.033200379146876478,-0.21658671716722599,-0.39014069300774706,0.89491923300718013,18.248381102020897,-3.7365404041315871,4.8215222993345241,,0.1516324695524114,0.2142857142857143,0,3
-0.16638578547799329,-0.87823449200372972,-0.44835248125311145,0.97521102776539126,-0.21382600369166996,0.056937610329369524,-0.14587399259511735,-0.42776467502611804,0.89204156914583255,5.3247240610404249,16.554352330508376,-1.3226667788671895,,0.08742432074706688,0.2142857142857143,0,1
0.85056981454576164,0.44627989916013933,-0.27814608066482432,-0.37617673669353485,0.88597484680574046,0.27118191974788114,0.36745347100577253,-0.12602707023952864,0.92146357725775008,2.4903241530019136,5.0016127222256594,-1.0986090469879435,,0.1484109758799938,0.2376237623762376,0,1
0.6695512770839217,0.69798256463961372,-0.254010682480867,-0.67948113075109362,0.71370412578298714,0.17009354424420781,0.30001080031976102,0.058709115982516706,0.95212749114393658,3.9796644486451389,-9.6262693584220376,0.82481764576332528,0.6347951830067041,0.2971722270472143,0.1818181818181818,1,3
0.69766861884414899,-0.48221685063544834,-0.52983526425043459,0.68179793841547542,0.67402976021181715,0.28431576375784878,0.22002288392916297,-0.55959877708232242,0.79902386649928314,-10.581407908724866,11.940794116070672,-6.0741138232568561,,0.3470417124486893,0.2241379310344828,0,2
-0.90885613362129614,-0.10986062467196098,-0.40238187275973564,0.15069253672708771,-0.98601623717487985,-0.071159956451951362,-0.38893738281849555,-0.12531010802874132,0.91270208122482188,14.896732557082688,-12.527443150223155,4.5989848000063249,,0.3104478843451251,0.3333333333333333,0,3
0.69285751483757274,-0.54960123791053639,-0.46678361520120609,0.6874077617782578,0.69893093423663477,0.19739837439581512,0.21775911732946526,-0.45763962727708585,0.86205970696093992,20.855710121300262,-8.1871943196044725,6.0756872453378659,,0.8274126632989252,0.5,0,1
0.89172257743525074,0.31758770208271231,-0.32244208220710741,-0.25514742954996483,0.94120806411045632,0.22142079678181176,0.37380561002515511,-0.11517565515016219,0.92032816667450335,-3.100810023119418,25.083516512309199,-4.88399945145198,,0.08653836168150829,0.3333333333333333,0,1
-0.84855172293447712,-0.34577598229647755,-0.40049836900021957,0.38108846031988441,-0.92449226958244046,-0.009253588132626403,-0.36705797759475278,-0.16047745495618476,0.91625074490274527,14.435995147030223,6.2559578237589877,2.6270493091206077,,0.2043968682972709,0.1428571428571428,0,1
-0.88758221516759095,-0.15109677949554795,-0.43516384792887663,0.23571930976759653,-0.9606012536221451,-0.14724686258882272,-0.39577041112352074,-0.23327021834267125,0.88822901715350555,-14.791001352823931,11.571741644360189,-7.5228609248308898,,0.1758076209430159,0.25,0,3
0.82694449687719829,0.46942157647795762,-0.30952573822134072,-0.41322265449774981,0.88067736449331746,0.23163423209650466,0.38132641777662124,-0.063645606337382296,0.92224693000280378,23.112597734493217,4.1814960515373674,5.7509254057037227,,0.2257289327819683,0.2352941176470588,0,4
0.67151028137297475,0.68368430471430774,-0.28574413991839159,-0.66807196741379915,0.72541865631892488,0.16567323085007052,0.32055231767411008,0.079646371868143107,0.94387640455834987,-16.097992864638982,-12.628781571434615,-5.8272940614845119,,0.3786484691287845,0.2352941176470588,0,1
-0.61731181140721803,0.74788422827008483,-0.24412150376809849,-0.76681166187035921,-0.6413537494046736,-0.025792311726255644,-0.17585790490266928,0.1712733173305922,0.96940159276422555,19.077876715538729,0.30627827758192849,4.7543924250670262,,0.2650196523385858,0.4594594594594595,0,4
-0.39049624176920172,0.89142530243563523,-0.22994263489328365,-0.91731296146134933,-0.39786990374874887,0.015377594934532356,-0.07777927679747626,0.21693425240956765,0.9730826862257721,-4.2689522788166272,18.904006147148493,-4.5836191827449753,,0.4079709548977482,0.2,0,2
0.18727923093770021,-0.73151607289214793,-0.65559951552745499,0.98228518218608474,0.13504285639993172,0.12992015930177339,-0.0065046534907166834,-0.66831703706833434,0.74384812122312249,-16.411205946484522,-10.917447671234664,-6.1497168990431952,,0.186025055860997,0.5,0,1
0.24214497164173354,-0.8441160582341658,-0.47836585678729027,0.97010472443312679,0.2188738247534705,0.10483831585023889,0.016206058779093001,-0.48945104869537398,0.87188017215087954,4.6661113591775951,29.811866312171176,-2.8273059263952449,,0.09950767553929842,0.375,0,1
-0.93026511743991058,0.073976503699609855,-0.35935259589279539,-0.028459154813892214,-0.99105988582315641,-0.13034714887357993,-0.36578256899664857,-0.11103053459555126,0.92405374984664079,-15.583026352894455,7.4915621311228691,-7.355585488506958,,0.2131660650436517,0.2075471698113208,0,1
0.70757142860446232,-0.58537726123769085,-0.39582336394975592,0.66886845484138635,0.73550223467627718,0.10794189596398299,0.22794223728992671,-0.3411303633687025,0.91196075115500463,11.491685610932569,-13.356693775145393,3.7134769903708609,,0.1330595110225959,0.2962962962962963,0,4
0.0036317963070583992,0.99821870675822744,-0.059550176603573535,-0.99652464411686448,0.0085685618191127244,0.082856583420446911,0.083219250917930504,0.059042300313290566,0.99478066077421046,-3.9246985163880246,-13.416909898603075,-1.517648144576883,,0.7088749111510508,0.2162162162162162,0,1
-0.76757494003946336,-0.41008648672121456,-0.49260307026252481,0.53831415643190261,-0.82961949299107762,-0.14815318367904556,-0.3479174908055413,-0.37889387730323526,0.8575504937516496,-13.258386587517744,23.218436421533525,-8.0002159261754908,,0.3549010363481866,0.5238095238095238,0,1
-0.53884352663366319,0.81606245808007127,-0.2090208561778199,-0.82635468044076787,-0.56025255798093909,-0.05705272464528853,-0.16366305605918918,0.14198287146035149,0.97624549591444487,22.542799472983361,-0.14557927289548434,5.9438926316228047,,0.3294567655003227,0.1666666666666667,0,4
0.51805039014514254,-0.6714628824095551,-0.52986922048437379,0.84773632299142943,0.48552810632838644,0.21355464089113718,0.11387238449877578,-0.55982144967071745,0.82075149986895546,-3.4748024715891126,-9.0871247078304833,-1.6882892195792372,,0.2230259602468459,0.2391304347826087,0,4
-0.92669318246826504,0.13797282356777252,-0.34957580797815141,-0.14329465765110241,-0.98962190789199356,-0.010729422578401714,-0.34742824677261702,0.04014946297211075,0.93684664378304672,21.371899430135443,-13.495261289748072,6.9224614249950651,,0.1461226802860985,0.1666666666666667,0,3
