axis_00,axis_01,axis_02,axis_10,axis_11,axis_12,axis_20,axis_21,axis_22,location_x,location_y,location_z,dbh,dbh_approximation,score,reconstructed,number_clusters
-0.5061782799254908,-0.78019867722081737,-0.36752356794436924,0.83231635811075699,-0.5535527683667838,0.028789106528635207,-0.22590491130765356,-0.29132345716807223,0.92956850976715255,-7.5620013669528339,15.401485322502424,-5.9844556631276955,,0.08473579411835182,0.2608695652173913,1,5
-0.70109487134499238,0.66071277128109129,-0.26818764930512656,-0.67890026710038953,-0.73351822829941238,-0.032333204040304618,-0.21808349021594697,0.15940402321946706,0.96282394479815436,-14.815718594635142,13.446686705136646,-9.2080897704827223,0.4680868660212487,0.1525566475356084,0.3947368421052632,1,5
-0.17705653514580236,0.93871575949401009,-0.29574263514033056,-0.98394132629024811,-0.17572734886507602,0.031294812334299635,-0.022593135690967183,0.29653435170049891,0.95475490492650206,-5.9306615597245349,11.298058484401247,-4.8194417556656903,,0.08180387619386149,0.2,0,6
-0.064456572230098375,0.99598778978379499,-0.062077958229452397,-0.99785483922820439,-0.063613832305140255,0.015459630277224029,0.011448586166033101,0.062941265804279667,0.99795156542477259,-18.113483715719436,12.462151820050716,-11.060597204727053,,0.3697955402912159,0.2258064516129032,0,1
-0.9191898849343042,-0.1549190416357919,-0.36206359382449371,0.15940762509159823,-0.9870551886169695,0.017642666662797006,-0.36010993390507368,-0.041498736883980931,0.93198642175726842,-7.1006065780257206,-5.5143088562586033,-4.2645137474955268,,0.08486076091038214,0.119047619047619,0,4
0.67953596516496861,-0.62989923857847896,-0.37610878916288087,0.69627684965210501,0.71525178061666816,0.060111887037649532,0.23114804927979837,-0.30272403202081488,0.92462356651299216,3.5904480689470955,1.1475705158607563,-0.0040737928581977495,0.4868833674185398,0.4074863261658246,0.9155080213903743,1,5
-0.74428637646772577,-0.52622949849646838,-0.41124239168244453,0.5983710160597947,-0.79891990826847725,-0.060655645342010921,-0.29663094400974177,-0.29122069824180125,0.90950568330904125,14.871636268004332,1.4569170640053937,4.8803479777750249,,0.492899144758158,0.1818181818181818,0,2
0.20260353899347958,0.95328716756228893,-0.22404325954687163,-0.97049765524818443,0.22600389586524319,0.084003215483154633,0.13071383685400184,0.20041410932068024,0.970952150025996,7.5159675052805222,11.016251925628815,1.0000728426331578,1.060697760334904,0.5575106028375567,0.8125,1,5
0.94734483974643069,0.19719397929136664,-0.25229405291652546,-0.13840345479636063,0.96264672282785202,0.23271392465692606,0.28875982806866018,-0.1855419671126555,0.93925073336874465,-0.48132651010681937,-2.9982552478236379,-1.3774405341753675,,0.575995854502638,0.3186968838526912,0,2
-0.60165227758828521,-0.62473914767303174,-0.49771029147246287,0.75777990792147765,-0.64344994365682506,-0.10835949962299862,-0.25255523756862963,-0.4423495985900785,0.8605478979137946,13.521352195656132,10.281200147408066,3.7607872786875483,,0.09842255440051573,0.1764705882352941,0,4
-0.90945387451528414,-0.23413797647357301,-0.34361760447043205,0.28240074596128573,-0.95436613690345673,-0.097134419298629579,-0.30519414936994937,-0.18537714180781095,0.93407272012703579,-7.2696274950453663,13.699509931917913,-5.6789104485432418,0.5622132550233989,0.3161697775226474,0.3265306122448979,1,4
0.92569904140281756,-0.082452797640350975,-0.36916503207533724,0.18171900459578136,0.95289376261900915,0.24284085432749286,0.33175214862096036,-0.29188184822470126,0.8970760829284824,18.455587863097776,2.7023529100195933,6.3455165260802096,0.6156337624899845,0.6356035481411144,0.5,1,5
-0.37756411890501745,-0.81819490232631098,-0.43359247908919535,0.90859740820112278,-0.41766183882047325,-0.003055847394950469,-0.17859475335428543,-0.39511478104512537,0.90110389183155926,-15.287025919254971,5.7867919136854358,-8.9874988563885143,0.302618743352604,0.2825867319531676,0.8007662835249042,1,6
-0.8970471274517906,-0.24484342065593934,-0.36791051968106325,0.28498851393046581,-0.9567660677440849,-0.058139818895714152,-0.33776914906218991,-0.1570044297942593,0.92804181531156449,-1.9993492273825506,17.561834761915804,-3.6636936051119826,,0.1047737880093206,0.3181818181818182,0,5
0.47349576014100009,-0.79360952449707522,-0.38208073460464137,0.86859853045532831,0.49266058557825698,0.053123820537806087,0.14607654849201696,-0.35702866838002628,0.9226007651933984,-2.9606133532311603,-5.5357702031461731,-2.3667554209473631,,0.0944700366748618,0.5314685314685315,0,5
-0.13085465042911956,0.94650173442153251,-0.29497716385866862,-0.99121098935328789,-0.13073797664203579,0.020207821476422985,-0.019437979482173524,0.29502889384020903,0.95529059283187412,-10.590228717477588,13.817189277483026,-7.1874262770829569,,0.09647740141905436,0.3125,0,2
0.5289270692603002,-0.72136744317695933,-0.44706282257424013,0.82794087347550982,0.55431833731407121,0.085118099990388579,0.18641369432614094,-0.41516285098946443,0.89044356459350094,-8.1186882487037781,-4.9951320890756641,-4.7114237689261325,,0.0903997402279903,0.131578947368421,0,3
-0.34731164575987333,-0.85435108735980803,-0.38659906912288394,0.92277217238840681,-0.3847576913726759,0.021284661029663379,-0.16693153861732429,-0.3493504522062062,0.92200223587482177,-8.255704035383916,12.402436926229353,-6.1020099910171872,,0.07120697678021186,0.2702702702702703,0,5
0.68368240348951781,-0.59111556748719207,-0.42797284613990649,0.69169699181626743,0.71184654005490655,0.12177756330369457,0.23266637632267229,-0.37928470742458631,0.89554981326709193,5.2509076758973006,7.7143384775652555,0.50592138159255706,,0.0745851024658846,0.2692307692307692,0,7
-0.6108148552234518,0.72159940047197146,-0.32588267501793455,-0.76502846025239757,-0.64394630506330652,0.0080381091781611333,-0.20405064969805589,0.25421931758583172,0.94537604736104608,-1.5984971418319347,8.5146098045883694,-2.8104915012657337,,0.07861307069666199,0.3265306122448979,0,5
-0.54254330509157456,0.82707165645286962,-0.14696678942066027,-0.82171064058475962,-0.55886390659664531,-0.11163671910854314,-0.17446600026966319,0.06019642012480745,0.98282145161471879,-11.548172566201261,17.377789327541361,-8.2180290706056773,,0.3620411458220208,0.1818181818181818,0,1
-0.78411616759582925,-0.44125997062050804,-0.43640746332162839,0.54650341315982909,-0.8241675511719454,-0.14859968707873039,-0.29410177680436961,-0.35501758537180617,0.88739318171669868,-2.1682707303862969,19.501794049431368,-3.8588759165962481,,0.6297393871192569,0.6764705882352942,0,4
0.92943198974070262,0.1342656924159229,-0.34369885115709969,-0.10815368572491392,0.98966656699462563,0.094142798116411394,0.3527874100797162,-0.050327030641034588,0.93434909604285543,6.0261311733020753,11.605757404184533,0.45705361534281769,,0.08695977171193255,0.2580645161290323,0,5
-0.89399502789167262,-0.28860326053169272,-0.34275508474046529,0.36298031686956755,-0.91495800625789558,-0.17634380156343715,-0.26271311286313037,-0.28206383106497818,0.92272521128162055,-9.0827842425190113,5.2136752161938782,-6.071343705915262,,0.6184673142257329,0.2464454976303317,0,2
0.41306675459368347,-0.80659101140084211,-0.42283187743689343,0.90197525213698804,0.42645723393493484,0.06763780124295117,0.12576367035777172,-0.40932281630997641,0.90368043647420571,3.5785124456034136,19.475731661573931,-1.1854827789009041,0.2336821693480621,0.2195342223232932,0.673469387755102,1,5
0.84494626966287012,-0.30816899598441855,-0.43714719637297977,0.44236245764421878,0.86206298988947405,0.24731125637501472,0.30063475755435831,-0.40234223165953753,0.86471930195494995,9.5320883631737434,-9.0325749638970176,3.1761798454428876,,0.606455780209721,0.2307692307692308,0,2
0.26241525651350367,0.92346577675098163,-0.27990925729360533,-0.95577990790257894,0.288651022453765,0.056261486703901076,0.13275165083225621,0.2527677716919261,0.95837646715432667,-17.743482294162959,11.545320006678855,-10.674327466153462,,0.09734939009073833,0.2105263157894737,0,1
-0.93589639698104643,0.093497447957361868,-0.33964122444626216,-0.050427951245674216,-0.98976383621187025,-0.13350868983076081,-0.34864732302293622,-0.10782289067087183,0.93103129292001685,-3.6808018379922793,14.316073966466055,-4.1434879764862709,,0.09248866781723866,0.2,0,5
0.50633480306899215,0.83866189012180115,-0.20067710696143945,-0.83118831885291644,0.53662740812775511,0.14545447208164586,0.22967595826195528,0.093151805690581249,0.96879909955213983,11.892778834389766,3.0651556048074378,3.5261159608564769,,0.3161419257937941,0.6666666666666666,0,4
0.91601523718859501,0.27238046152562118,-0.29449103452806663,-0.19404855789529946,0.94339630367517702,0.26897689750379483,0.35108580492107039,-0.18924137600192492,0.91702042463176436,-20.570727067220904,11.68371355541246,-12.18493475614858,,0.248160605999677,0.1578947368421053,0,1
-0.82467418597699083,0.45239531389279208,-0.33948632807674267,-0.48686693148972976,-0.87326992374634349,0.01897976032068693,-0.28787684520461593,0.1809367852259402,0.94041948179902135,0.74004548811177484,-6.1529540699098639,-0.76864582166297291,0.1519643414018993,0.111820075867087,0.5,1,5
0.72907859568748923,-0.54240102803189483,-0.41742727043199201,0.63668078131800665,0.76128324925138313,0.12282262458338125,0.25116127092100093,-0.35531526733198648,0.90037163259964359,-3.0073130223473501,-8.7188792577242236,-2.0963752276058489,,0.4908551562050867,0.1612903225806452,0,1
0.37092888422737108,-0.72599782996081952,-0.57908454800488229,0.92254746859812287,0.35950628552144809,0.14021911015894808,0.10638576516166849,-0.58624430194480548,0.80311872559928166,-13.806699892834638,18.701641124593888,-9.2862833593226952,,0.3082298903083354,0.3333333333333333,0,1
0.844744562275205,0.47606113974417796,-0.24448397847701128,-0.43585259989495845,0.87708095378286022,0.20189480348972494,0.31054651128499033,-0.06399055974769785,0.94840185184967807,13.972811767719609,24.405359830435689,3.0354637985746065,,0.478045362850503,0.1818181818181818,0,5
0.16784488557633676,-0.86611325928212701,-0.47082471948863985,0.98538284247427621,0.16151458878630187,0.054163561242835827,0.029133282396273972,-0.47303367713608052,0.88056254300982861,-30.804694130324165,9.2077460152739903,-17.16418388026409,0.5614318752144705,0.4977778328463439,0.3673469387755102,1,5
0.48620456090571157,0.82375571662506009,-0.29160185918820269,-0.84653770570560094,0.52678234615296393,0.076643803404286684,0.2167464827238961,0.20958740207634399,0.9534642537178345,12.033800600999372,18.762058591054302,2.5588002238810188,,0.1382821516848386,0.4615384615384616,0,5
0.59825628171727918,0.76708098718590167,-0.23168120442477932,-0.76820147167311703,0.63129083418088927,0.10648183694157604,0.22793841340386459,0.11427441435902294,0.96694645038793614,-9.2558416238629437,9.402510444319061,-6.3407963134475205,0.7388198581338744,0.3623408301715073,0.21875,1,4
0.8098857672229296,-0.4228992561032992,-0.40649878626756381,0.51215754082897902,0.84764239180360323,0.13855334347997234,0.2859714975687942,-0.32040379961033977,0.90308455184081082,-6.3531071187058057,-12.642230085383282,-3.3021151994314644,,0.5825483434491809,0.2352941176470588,0,1
-0.2344737254863769,-0.89175705943988204,-0.38702896402682146,0.96454267589583653,-0.26303272936375532,0.021707364168721273,-0.12115897999009102,-0.36821614606449393,0.92181200433991584,-4.6646837304437385,-2.7311115581477798,-3.2871429058337136,,0.1198911599454814,0.6346604215456675,1,4
0.72117921901079729,0.60439507186430941,-0.3385367501071494,-0.6273714762502951,0.77706014819700886,0.050818863343899928,0.29377808777119441,0.17573879250232952,0.93957985927504917,-0.95878792895670906,-7.7820902828683058,-1.2802374491037212,0.2214092868934491,0.2148859468780767,0.7826086956521739,1,5
0.93178151550176413,0.053479710725923564,-0.35905866917525919,0.043753534483991101,0.96533405257603999,0.25732429958571357,0.36037318933210727,-0.25548011170694174,0.89714050010732116,11.8851526378602,-5.2646268100292097,4.0309096884069042,0.6102246179151651,0.2128524468412686,0.1875,1,5
0.91842123857077973,0.11573188999446055,-0.37829691801602922,-0.053217371102098003,0.98370332080631273,0.17174308733575039,0.39200808659401126,-0.13760053151403029,0.90961296921930457,11.250302231169455,7.5882392775007412,3.1030630864259763,,0.2525384922873541,0.3617021276595745,0,3
0.50131748942281962,-0.72738481010485367,-0.46860656507087822,0.84918208966638187,0.51752910981681455,0.10513514674956573,0.16604382972166784,-0.45063838997686562,0.87712854707301613,-11.95478990697907,11.35773822864536,-7.7424427800155753,,0.2722738766780203,0.2075471698113208,0,5
0.85210971763553356,0.4234554846372145,-0.30756215898863848,-0.37733552613425503,0.90430259313011485,0.1996364715555119,0.3626664167359252,-0.054058048325956232,0.9303498253792023,-9.8964627675598198,-7.0875774759377537,-5.2888016667969664,,0.5379754332218024,0.3229166666666667,0,4
0.69133764136795095,-0.52595699121575812,-0.49540035225973122,0.68313694721135843,0.69911848145995292,0.21108590724128251,0.23532143332587543,-0.4843579175283465,0.84262757535287158,-6.5315429397326819,12.404100711298833,-5.2334005629399822,,0.4229926867377227,0.2666666666666667,0,1
0.17892565773779651,-0.87813733380586612,-0.44368956712934138,0.9836082740054376,0.16991027823520177,0.060375994054598994,0.022369003356018258,-0.4472195437661034,0.89414445553416999,-1.0280069417073234,19.102349399493644,-3.2534429109691096,0.108368465562373,0.08638624351562012,0.3571428571428572,1,5
-0.52530272823630175,-0.71907531520583234,-0.45495904735385961,0.82288019824586667,-0.56540109538769057,-0.056478143287852722,-0.21662230504345942,-0.40404491383512431,0.88871957588523154,-12.275503225780708,15.127507645390418,-8.1974196711978742,,0.229570468479078,0.4666666666666667,0,2
0.60389004150170889,0.73781916504639278,-0.3015620955380644,-0.75419966998799459,0.65134095911035184,0.083293533813903572,0.25787531011142806,0.17713789734399385,0.94980128961772015,7.2844399510803601,28.869754483683952,-0.017807209260632541,,0.3312591072420412,0.3333333333333333,0,2
0.85905036837384741,-0.30687496511818618,-0.40970748147973707,0.40875803420119539,0.89303388923318106,0.18816838777284828,0.30813849819964284,-0.32911734755975819,0.89259869900336408,-19.056749647921297,11.930043169940223,-11.52653039169242,,0.4672200819092563,0.2666666666666667,0,1
0.18916622793127988,-0.84664290019351074,-0.49740520480004247,0.98124122693476257,0.18216008211528584,0.063113857807251039,0.037172473334614389,-0.50001350385331933,0.86521945377488707,15.2497610143185,11.375295088833576,4.4434230357785385,,0.1917827340211563,0.4545454545454545,0,5
-0.93291605329813088,0.1360741904492255,-0.33339383946352014,-0.095970077147411056,-0.98632089456294869,-0.13401804819077417,-0.34706970739458015,-0.093031756095070042,0.93321364679633134,-2.4868674769287473,-12.039245040664365,-1.7148141142125068,,0.5427036460344108,0.5833333333333334,0,1
0.26643282215299124,0.9357764231886827,-0.23094596139311135,-0.9522857541826939,0.29257776253158674,0.086891284100929431,0.14888046769234203,0.19677585897717834,0.96907887587311681,-23.317299146108574,3.4470563482156762,-12.588057622204687,,0.1629930491382279,0.2,0,4
0.44229241620124321,0.85087733489415163,-0.28352280249442235,-0.87405051640893583,0.47979196075296804,0.076389588047678231,0.20103013041864604,0.21402671646373339,0.95591811956025508,-1.5532615662597353,-11.154155186008662,-1.3600458858581148,0.688723014160735,0.25781635906552,0.4487179487179487,1,5
0.58293994173772368,-0.69982730924709169,-0.41282291791856057,0.79431039922893509,0.59779169135445132,0.10824085838699664,0.17103220165684882,-0.39100745642450269,0.90435676312882807,6.3169676899953506,-13.646874470450827,2.1571085910993859,,0.1744289380787408,0.1304347826086956,0,5
-0.87990620125296104,-0.26407753625510239,-0.39500396433709301,0.32577423508574982,-0.94046368467220876,-0.096949500086732893,-0.34588469863652382,-0.21398858067244586,0.91354948557312088,-9.5541084966080394,14.868365696700728,-6.8330534002104919,,0.1388336909572519,0.16,0,7
0.13327921081080196,-0.88113939869029845,-0.45368492595781618,0.99097802373273836,0.12500186078555714,0.048343471936805479,0.014114122162086634,-0.45603497111060182,0.88984992930254603,3.0750103415340106,10.962013378327734,-0.78555775024641639,,0.08076212342723108,0.2,0,4
-0.8307872004660124,-0.31650451152901465,-0.45784006129174137,0.44953252689990247,-0.86659671171389285,-0.21663482292940961,-0.32819679279486286,-0.38579143773345714,0.86223652890069413,-28.975444666856642,16.67478313531371,-16.516936600440275,,0.3082971840760362,0.2352941176470588,0,1
0.85527158969340489,-0.28379045845664846,-0.43355908888210409,0.4249126652575384,0.8629788878383915,0.27334349461610952,0.29658006468245635,-0.41800767317619564,0.85866748535086135,10.784662026904041,14.11310529359119,2.4068763986623058,0.3317889957578219,0.2937140060989673,0.5888888888888889,1,4
-0.57610823143007639,0.74986730020575354,-0.32526656416029498,-0.79551352631665906,-0.60580944789493307,0.012375067210716885,-0.18776989941346511,0.26588332953265453,0.94554138986661307,-5.3246449681388333,5.85144517992814,-4.1916590981906374,,0.08848889295103038,0.4043321299638989,1,5
0.37140678721512133,-0.83871147433859927,-0.39827134120259522,0.9225507989573426,0.38172282635567506,0.056459783759801228,0.10467579354229867,-0.38839509092135488,0.91552838928920277,15.048291092775992,-0.46771505382144118,5.1130332459850614,0.1658998502039398,0.1086082175671193,0.3333333333333333,1,5
-0.83708248466561685,-0.41066482343506749,-0.36145167956323415,0.43676784892962117,-0.89951321984997501,0.010479191596818652,-0.3294339994709557,-0.14909852483568034,0.93233195262438329,7.0981727218653834,-8.5881945560937538,2.1711211035952735,,0.1109204607250165,0.32,0,5
-0.83305646673443501,-0.41033504151159272,-0.37100145139826418,0.44565169004403649,-0.89514330654020502,-0.010631646963777068,-0.32773692863763931,-0.17419418607963888,0.92857142490129352,2.2397619946775782,-3.3834718744799752,-0.19253543915801771,0.256880070927902,0.1595607443939718,0.540650406504065,1,5
0.93115176467539329,0.16651814169416762,-0.32438880934554831,-0.091015391491858888,0.96761601587897972,0.23544732813534669,0.35309005884262024,-0.18971282060317141,0.91615307457067674,9.8292202815978875,-5.7938759747177677,3.1545957317546653,,0.78303124544193,0.46,0,1
0.62276166284872692,-0.60155696546094695,-0.50029704035833278,0.73252497153103246,0.67295199754031987,0.10267801658561054,0.27490921659586104,-0.43042400759241106,0.85974420400415585,11.820715484549792,8.8270132672050412,3.1367514886028083,,0.2052539061454463,0.125,0,3
-0.68415378591756282,-0.49899837107260553,-0.53191561631667905,0.66952163627676187,-0.71895021594080077,-0.1866852044377493,-0.28926523429536699,-0.48385040318838535,0.82596271802211785,15.807451105362512,14.951269344824803,4.3459903277511938,,0.3912140663292062,0.375,0,4
-0.93563820463676484,-0.016849414245541348,-0.35255814735114988,0.018296199952587335,-0.99983231278869134,-0.00077160282099162703,-0.35248602680303198,-0.0071724154369756455,0.93578959032755504,-12.051389122156181,-5.9774043987040733,-6.6016026980503177,,0.1141349182903166,0.4358974358974359,1,2
0.75079188872470459,-0.53546047284007237,-0.38677334687265796,0.60778226054586137,0.78931782366978698,0.087052265926592515,0.25867404893215296,-0.30043211423394417,0.91805679625280734,-22.636816514960255,12.926946195612935,-13.389208741779498,,0.1240406175801977,0.4210526315789473,0,2
-0.72202715875342915,0.61065814733886248,-0.32522824156447183,-0.64729190997767805,-0.76221966182604295,0.0058626276738622113,-0.24431529894769205,0.21475058606313643,0.94561737530866008,9.3404417047232684,11.872698176526608,1.8199564975256421,,0.08416651083546267,0.3333333333333333,0,5
-0.67366511013109998,-0.59425940311009673,-0.43935302571768303,0.69252794925497219,-0.71516960487297221,-0.09453822383849779,-0.25803170133290587,-0.36795135287299452,0.89332605639048579,-11.300422354738702,12.888844978880282,-7.4676774730762396,,0.3371505418465774,0.5918367346938775,0,2
0.1327940401162416,0.9483610937922704,-0.288057248981404,-0.98672231538959299,0.1539160525677214,0.051854807628328926,0.093513716757524734,0.27734650627527102,0.95620818875132729,11.65615400666926,17.839547857175905,2.4924795320250355,0.3249341635058021,0.223479145174436,0.4137931034482759,1,5
0.78295003713565958,0.5257496273165061,-0.33253055307117851,-0.5378128126229238,0.84071282126259306,0.062923213072052078,0.31264455525066942,0.12957346001880871,0.94099102043051652,2.1345449458691159,8.0482307967327262,-0.92970374611447715,,0.09934490534908108,0.4758064516129032,0,5
0.88700175235314138,-0.26609864411587131,-0.37738495322700705,0.33115062841980253,0.9361389471271615,0.11825029796502826,0.32181850882077184,-0.22985948592856245,0.91847561976844572,-23.600284340772046,4.3155965846460074,-13.002182853354183,0.4092410975458682,0.3085000269071859,0.9047619047619048,1,5
0.43247089969015112,-0.81979604135719963,-0.37537097849495088,0.89254273210080648,0.44825561263383484,0.049339407336271283,0.12781389711303057,-0.3563724965781323,0.92556050660529454,4.714438926402245,19.062776554188748,-0.70597703180339177,,0.09397633120453751,0.2380952380952381,0,3
0.76435278130834905,-0.52661033270412894,-0.37208383893343011,0.58530892901573262,0.80875156785470248,0.057743909696328567,0.27051484861398722,-0.26192071125019495,0.92640124012090164,0.99704594334208352,21.937643015746357,-2.5930518883060563,0.3011858458998953,0.3066223857438451,0.8205128205128205,1,5
-0.67392283291966826,-0.59738338045747386,-0.43469657466183304,0.68917174012786875,-0.72033042461572439,-0.078526377619599699,-0.26621481528768243,-0.3525013136516395,0.89714686422860213,10.453007986796674,3.1784705960837809,3.0614752584399381,0.3540911938764129,0.1291208535038353,0.2142857142857143,1,4
-0.18441097421967009,0.97035266705456069,-0.15623154011739454,-0.98054475613477443,-0.19251824107022511,-0.038323727269437786,-0.06726495227046371,0.14612470152348495,0.98697669567255975,-10.144561704974139,16.867792476827532,-7.4340737685708635,,0.4094001837945378,0.1333333333333333,0,3
0.93615296311544616,-0.021018039405971412,-0.35096420283228164,0.050241620542145114,0.99596442241416838,0.074368332309598606,0.34798478302286273,-0.08725314495616085,0.93343102556096247,-10.379256835301984,-9.5298437374074574,-5.1580973545913356,,0.09364065648349391,0.5357142857142857,0,3
-0.35722482310531567,-0.76917851796684023,-0.52986303254304401,0.92121791687358645,-0.38374633740127068,-0.064002329349796577,-0.1541037812270212,-0.51098253984793351,0.84566474952080695,-36.13875692525297,9.0368657403984063,-19.204314734451096,,0.2217558215974032,0.3529411764705883,0,2
-0.30103808229046114,0.90515894976923195,-0.30010556253348947,-0.94913392654324946,-0.31486341336114021,0.0024125528316035227,-0.092308518000642506,0.28556664122273173,0.95390294628190164,1.9151355315251501,27.251358570334762,-2.5371421014608706,0.2558121941394567,0.3088808043000386,0.75,1,4
0.87694900325644265,0.37113821040881112,-0.30531438626778801,-0.33255029806014141,0.92726773041915422,0.17200248656173925,0.3469448730672382,-0.049305018992544886,0.93658863443589879,0.71131725843461402,6.7969447905647584,-1.7486168041767121,,0.2668414624476907,0.288659793814433,0,5
0.92552763654871861,-0.11048088505861001,-0.36220514632071249,0.1791565637572434,0.97042632921985539,0.16178895271177599,0.333618823880247,-0.21463157641303079,0.91794976265546124,6.6863239716475089,-6.4622935720454571,1.9398120429469303,0.4923721157272056,0.4873356668878889,0.6135265700483091,1,5
0.9215679904471975,-0.13573014270061765,-0.36371660306560771,0.1802878507996146,0.97936465988866528,0.091329917416012679,0.3438149645334983,-0.14974041312761815,0.92702161724481924,2.3523148791735333,-13.00628052911487,0.30022171302877199,,0.1016491369962266,0.32,0,4
-0.94502197621594741,0.025698505938320772,-0.32599547736347945,0.0077969831195935603,-0.99485306477569424,-0.101027652455356,-0.32691385948463159,-0.098015133009885388,0.93995763850181901,-35.092550942420658,7.0798871502963445,-18.567731477241928,,0.2428640665493584,0.3157894736842105,0,2
0.57749283664180817,-0.70165696172783676,-0.41734821394880917,0.78648342596707277,0.61525600276729497,0.053887584264915835,0.21896539522604022,-0.35935714702461852,0.90714750541234068,-5.0311343962431314,23.459923877913372,-5.4616697094934779,0.2901152868721109,0.1881592131468492,0.2941176470588235,1,5
-0.075894549233068986,0.99648249934112409,-0.035533729097519437,-0.99692358695352778,-0.075131934103231254,0.02232832850034925,0.01958007079714081,0.037119011096395836,0.99911901185134322,-28.799978414964563,9.1404904631343395,-16.366116220626502,,0.4381257270972868,0.4782608695652174,0,2
0.80344821938507782,-0.45737364769059163,-0.38115653630122831,0.52331548169868392,0.84781201575043585,0.085765334277061206,0.28392228757429622,-0.26837312150695003,0.92052376518544787,-4.5645277324867228,7.2331098066372794,-4.108350326457999,,0.07171294598560632,0.2847682119205298,0,5
0.77719749466764265,-0.48400649064210305,-0.4021215877053293,0.56821349480949157,0.81437664614916527,0.11800043441962778,0.2703654537819557,-0.32020055468901482,0.90795050866119575,0.18628332266772415,22.831271845607418,-3.0699018281025947,,0.1141383142216146,0.2,0,2
-0.6307709466570216,0.71894691217085915,-0.29196463884071883,-0.74693222358951417,-0.66451489062089764,-0.02263213438276505,-0.21028615317473515,0.20380210406932189,0.95616130237522601,-1.7289248900293168,-9.0146386321644467,-1.4996147754136677,,0.8302708824112447,0.5859375,0,1
-0.77611623974770427,-0.49504175783627002,-0.39061136747188863,0.54847438887249489,-0.83560067860950582,-0.030779062010980018,-0.31115820276963013,-0.23812846093171691,0.92004098220865371,-13.523286431719674,6.2510867860904638,-8.3595356662310252,,0.07616749351182654,0.3608247422680412,0,5
-0.53582814060016914,-0.72429108102071571,-0.43392468666210898,0.81324674863510771,-0.58088738022460695,-0.034634914901289643,-0.22697561449502016,-0.37144620263187095,0.90028317154935866,-4.098249759457385,12.393789340696209,-4.0687167795379011,,0.1563886087829387,0.4666666666666667,0,5
-0.90186552274089127,-0.20657768065138499,-0.37942619934315697,0.24995173517068492,-0.96584914926510523,-0.06826090351757573,-0.35236729271665163,-0.15640039232868422,0.92270049761716877,6.4762537053034084,8.433042697789725,0.95090752724415484,1.10900668918423,0.5789734270043857,0.6086956521739131,1,5
-0.20642117060564172,-0.85532080546926925,-0.4752016625151872,0.97210428124617865,-0.23454904835658016,-0.00010147843956643329,-0.11137130109973413,-0.46196651788460147,0.8798769059618109,-10.261815567073111,19.004170383320648,-7.5363466745855456,,0.09156197041203507,0.1818181818181818,0,3
0.86709226846276377,-0.33222530264922145,-0.37118370957213564,0.39115746994221373,0.91547329122239474,0.094363588140991925,0.30845880062093278,-0.22701321842146063,0.92375222163815429,11.847066980253807,11.650045892051828,2.9612554859346711,,0.07662237397686993,0.4347826086956522,0,4
0.096114695619430909,0.97646200852762721,-0.19309042231083376,-0.99279209612396968,0.10799783301049939,0.051964621992379709,0.071594826347710222,0.18670408128165861,0.97980394307892682,14.173915845126521,1.1833052557260328,4.6502777987997064,,0.2482460360638234,0.3181818181818182,0,1
-0.1300204921396684,0.94671381292268975,-0.29466528137047537,-0.99142929623939835,-0.12795805397615423,0.026356915238462387,-0.012752340256217099,0.29556673162590291,0.95523697843727318,-5.7497777537645742,-8.2720804874306939,-3.2782632405681347,,0.110161047861708,0.6056338028169014,0,4
-0.77548922821432176,-0.50140588739129333,-0.38367772024565844,0.5487251204070891,-0.83583441717306706,-0.016780026912524375,-0.31227743939929681,-0.22354633335912541,0.92331459302011976,8.768410175742261,7.5743285329826717,2.0562965725700071,0.273247139816935,0.1076831304251001,0.35,1,5
0.22070351400149357,0.93028779677843776,-0.29300951191473656,-0.9686033126328506,0.24430496833621487,0.046072824993798556,0.1144446663853789,0.27364154949744129,0.9549988066613373,-15.545759212306287,1.3417241098318402,-8.9129483063630435,0.2903188331045553,0.2449411962154359,0.8181818181818182,1,5
-0.93248252041875501,-0.033287638578597484,-0.35967802578326269,0.076302356299924198,-0.99142761155970449,-0.10606244132631355,-0.35306415781917605,-0.12634565348629517,0.92702884329914748,-2.4399736887784367,-1.9873065608516327,-2.3114652878314583,,0.4537888972284434,0.3034657650042266,0,1
0.47660981054332924,-0.74019509165596475,-0.47429349013271271,0.86501509345134409,0.49109786309782366,0.10281914686532581,0.15681829164741598,-0.45927564179822222,0.8743419858702981,-3.3603409872354018,-6.9945378617616649,-2.4194676104560791,,0.08958257323769728,0.2808988764044944,0,5
0.80086879376100895,0.55726252701954149,-0.21924336058266694,-0.51250944812019761,0.82719568934790189,0.23039391726297831,0.30974705933602809,-0.072151004872035088,0.94807752411321233,-15.965928050332987,14.761577601012027,-9.922584712482772,,0.304044687336082,0.2857142857142857,0,4
0.93744262221887653,0.012064629080560775,-0.34793070398075793,0.016866661474277376,0.99665185253087163,0.08000375352128411,0.34773099628607934,-0.08086735788889568,0.93410043606132653,9.796998813534687,9.6770663660464287,2.2216516820648695,0.3737995842876762,0.3582952066542343,0.8916256157635468,1,5
0.64615539887327145,-0.64624009434687868,-0.40602578854730303,0.73029637447408779,0.6780735396067733,0.082966742223272397,0.22169890828988048,-0.3501285697335727,0.91008767639134436,-2.7594570242075722,4.7734761986204797,-3.0302605163477359,0.5652922659125384,0.2609424084480436,0.2795389048991355,1,5
0.93344198761976938,0.15063163785509809,-0.32557052296782818,-0.12113883664045264,0.9866151280930362,0.10916030082113011,0.33765579812266244,-0.062455573770901114,0.93919532755390944,-11.544258592965161,-9.3838643034375515,-5.6980968616240881,0.169501633599061,0.1547886423261841,0.5357142857142857,1,3
0.93666118455350711,0.029483294773794022,-0.34899363988488563,0.001696339852447585,0.99605689164042344,0.088700569596377773,0.35023270518602995,-0.083674392408301518,0.93291781431869769,-3.3836958530088816,-11.233797125301622,-2.0936620973239397,0.1185703132411526,0.1101824742442391,0.3953488372093023,1,5
0.93719674363549688,0.010473740478797362,-0.34864389350654668,0.020170487673215599,0.9962489812837656,0.084149383349400642,0.34821748253935503,-0.085896845410309036,0.93347004065610584,14.464533449881033,0.38164184923152505,4.7525000743248098,,0.09678144917408299,0.15,0,2
0.6163723729236259,-0.6735168789274667,-0.40799523489411177,0.76112299346968726,0.64242491685534708,0.089342123408510651,0.20193287673937488,-0.36560257111131389,0.90860215346902828,-9.7591486312590554,-16.28653305213718,-4.5686632784297423,,0.1756879829684397,0.5909090909090909,1,5
0.018579332324652982,-0.79950083805840078,-0.60037756316694879,0.99892547514079799,-0.010656432377971618,0.04510360920928308,-0.042458256265420415,-0.60057043749495953,0.79844376513440918,6.3862684304851989,22.42707816165013,-0.194956698478677,,0.3391064701494417,0.2142857142857143,0,2
-0.33976118492530677,0.91751657546575438,-0.2067018891150865,-0.93574749381093603,-0.35186838808838872,-0.023775308423462736,-0.094546100103087963,0.18534284774350782,0.97811505649674113,-8.4575125790241152,16.82875396841921,-6.5918510870682292,,0.1978430631535427,0.1764705882352941,0,3
0.92089876558833383,0.19896706460825592,-0.33519780837448132,-0.18045236985494764,0.97983024459154933,0.085846572426605428,0.34551759108852115,-0.018568763686290728,0.93822854106211595,13.998819965651512,-5.9484494734023414,4.9777168361978719,0.3295468602050957,0.1721115823208001,0.4444444444444444,1,5
0.14770110476673556,-0.88774356718758107,-0.43599970477943728,0.98851502668501046,0.14675765788091674,0.036058728086865832,0.031975391610120044,-0.43631817377961502,0.89922412420986719,-4.3202969284379975,14.85576722585097,-4.5763185406874483,,0.1140892754036624,0.2424242424242424,1,5
0.89188252094604936,-0.24267335887140601,-0.38164801810698373,0.32099076364600237,0.93411837590122659,0.15616590363331476,0.31860712246413286,-0.2617871285944427,0.91101975874148888,-20.124185847867565,10.704967743279303,-11.869513727290069,,0.082942872914838,0.2571428571428571,0,4
0.10685883966664717,0.96190596605481282,-0.25163088215331542,-0.99313658355253731,0.11536482304532446,0.019253155931318339,0.047549077748074792,0.24784646471531299,0.96763175595545081,-12.14892128579941,7.7351131544311986,-7.6602911823871374,,0.1332660307441877,0.2586206896551724,0,5
0.93659361040777045,0.10140213445807625,-0.335425127369256,-0.073590673956323668,0.9927873873739067,0.094644683833506438,0.34260300881631117,-0.063959444952536554,0.93730057492320562,1.5621642887142673,15.089179911701587,-1.8240431353742046,,0.08865908057008887,0.1428571428571428,0,5
-0.1667045726762845,0.96753267638760032,-0.18997396024472424,-0.98502495427941983,-0.17201473797918584,-0.011694843512363894,-0.04399346423781611,0.18517950761409513,0.98171947371138402,-2.2319406023787329,11.110174612210159,-3.1392463677485618,,0.1832536862365185,0.2717391304347826,0,5
-0.24907505820027523,-0.83298187359824127,-0.49406762051291403,0.95825012678909971,-0.28592946955687476,-0.0010163402966138109,-0.14042189961399801,-0.47369350501741891,0.86942288525958888,7.8446956275121895,5.575402718072084,1.7808684966044457,0.4450307831852752,0.490470607753745,0.5858585858585859,1,5
0.31944896309780524,0.92882211586308105,-0.18772809342068977,-0.93638610777211029,0.33980307091207446,0.087834675214988736,0.14537337152015142,0.14772728279621791,0.9782858645459982,-11.044188819507479,6.9839750804206195,-7.1741675390115329,,0.1306521323284297,0.1111111111111111,0,4
-0.91303417461209591,0.21167059226159191,-0.34866051735468351,-0.22659365814807553,-0.97398717155163395,0.0020745457143365137,-0.3391517508099901,0.080898393213182582,0.93724678708333997,-10.011876255638873,7.3216135520059531,-6.6910466773532979,0.5465358390231879,0.4013276259874616,0.7058823529411765,1,4
-0.92090342570868766,0.25428354083160498,-0.29542640603058062,-0.1978646685822017,-0.95795823938952318,-0.20776328961724916,-0.33583694472892561,-0.1328754772253592,0.932500752872229,22.542142298767388,-0.89003076559663852,8.2370777063080212,,0.5157884896878432,0.125,0,4
0.72522346732355147,0.66641704617834174,-0.17302960153147467,-0.62225177907112816,0.741963615731701,0.24958508844311517,0.294709426191329,-0.073336985848042685,0.95276861861666207,6.2779648522152725,6.1684467417328399,0.98163077295094936,,0.2348524987025956,0.3538461538461539,0,1
-0.76754145153292974,0.596376846142324,-0.2349782491297,-0.58249276744453682,-0.80193867859101986,-0.13265191915119406,-0.26754867978281843,0.035057284050894318,0.96290637695543735,-9.775472448584182,-2.3551296770853702,-5.6698332055614991,,0.3502376078199432,0.2183908045977012,0,1
0.36303985406533146,0.89244495471139806,-0.26785083007224891,-0.91629248975820399,0.39412270323517073,0.071241617102030391,0.16914531496004742,0.21956615769460325,0.96082285819098512,-16.452270518106243,-13.442817427608407,-7.6001082912399145,,0.516553055857354,0.8611111111111112,1,1
0.53229653261775867,-0.6735093101663896,-0.51287972321228015,0.83181455276391847,0.52868800008128014,0.16903712130836393,0.15730528018243234,-0.5165986911416347,0.84165363489827349,-5.4122702702391106,13.671793539768123,-4.8025024196837096,,0.4421772775610374,0.16,0,2
0.89342964182865814,0.35829569936377076,-0.27093849287124561,-0.29246071061132867,0.92177010463882925,0.25457141815773066,0.34095484723146569,-0.14820278678738805,0.92832414928074536,-14.440732583066149,9.1852107908113556,-8.9036671332183417,,0.2250041693671262,0.1944444444444444,0,4
0.53584121989597144,0.79225107693768471,-0.29191166155444492,-0.81228874895081293,0.57804777952064212,0.077767299806403914,0.23035011479988718,0.19544563357193376,0.95327846347714418,-10.214154541020251,-19.309825820560867,-4.4643662247896705,,0.1464541733562759,0.3571428571428572,0,1
0.62076989998719889,-0.63788085605561262,-0.45579901793185323,0.765827785605804,0.61780013185979699,0.17841188264274277,0.16778716894921866,-0.45981627912871459,0.87201860954008903,25.689484856931479,0.0058593891206342131,9.4326057808003707,,0.3511059436118991,0.5454545454545454,0,4
0.89286536580868303,0.31964598794420845,-0.31720321708724514,-0.28851050028371028,0.94687807549609193,0.14206900214635321,0.34576455828405855,-0.035332032718034735,0.93765586314950422,-14.536223100460221,-12.824960194610746,-6.7913208592886924,,0.5357530281417116,0.25,0,1
0.89913362215479919,0.35537352285273388,-0.25547678713736055,-0.30495949696197538,0.927379360974249,0.21671923322975312,0.31394017698200027,-0.11694947667360742,0.94221249470715429,19.882728369732867,-8.8453258842396068,7.4711794626040353,0.2270596668025765,0.2882412538651778,0.1176470588235294,1,4
0.51838699848255732,-0.72484021146666466,-0.45374176317064424,0.83852668185995893,0.53495656429213256,0.10341410991583268,0.16777342940159318,-0.43408310513278142,0.88511238508175349,13.023103418396978,14.434038698077796,3.3156028392947294,,0.5755248423393979,0.5151515151515151,0,2
0.82238665429490199,0.52723705708055735,-0.21377856880115548,-0.46651243340680948,0.84000465252270029,0.27705294298576705,0.32564757071793798,-0.12811428250296913,0.93677125826119101,-38.652353165480825,13.160989294219499,-20.759709100926088,,0.3612162622088013,0.4666666666666667,0,1
-0.49994116601997368,0.80593597253071769,-0.3170584152795104,-0.85312528074433691,-0.52132009819197667,0.020065158260103935,-0.14911769134976732,0.28052194816461856,0.94819373058697332,21.419084889318103,-6.9111778584011656,8.1233372663756782,,0.3120778493955961,0.2857142857142857,0,3
0.036800001474024936,-0.80651041698263704,-0.59007347609429373,0.99908302328829379,0.016762400077256413,0.039397138484546609,-0.021883154905824407,-0.59098220721282391,0.80638772206006759,13.406245662646878,17.806861626133326,3.2461359327735733,,0.255182700705231,0.125,0,1
0.17037314178459417,0.94409414140251813,-0.28223969374963676,-0.9801638896100785,0.191802142142488,0.049906790860514534,0.10125088672643258,0.26813837927270862,0.9580449193530105,-13.674282990915998,13.861882675124212,-8.7794927152208846,,0.09379655394182858,0.4736842105263158,0,3
-0.93491077365619857,0.13434066911725936,-0.32847287547481663,-0.12703541351475761,-0.99093482784041498,-0.043705499494009481,-0.33136663835501284,0.00086694521934985473,0.9435016689923148,13.467313710436116,11.835855362847695,3.6921186083143906,,0.2775278448453981,0.3888888888888889,0,4
0.82574500357123737,-0.40069911723668139,-0.39697028418117386,0.48196569021218494,0.86685704228440841,0.12754584156380719,0.29300898029826616,-0.29664639840670898,0.90892609808328129,-4.5625299314202294,0.075470426164472776,-3.5355709023583981,,0.3839735347710979,0.282051282051282,0,1
0.58077822584791816,-0.61221015952267366,-0.53655882525419896,0.7913892788104564,0.57907863733222509,0.19588502027801424,0.19078695386427583,-0.53839265630455502,0.82081282024132318,24.747975540034322,-7.2079094214036834,9.528134498499762,,0.3873485810005038,0.46875,0,3
0.8719777385903017,-0.21273537649349711,-0.4409064333746045,0.377329287751618,0.86587257798419726,0.32846200282507237,0.31189330228108642,-0.45277846490659324,0.83529290054987815,-9.7098127690813474,11.858177475509263,-6.6234170090707298,,0.5972961378731648,0.3831168831168831,0,3
0.93123075857157689,-0.08540195279099258,-0.35428206382724442,0.1391938265225641,0.98180036468420673,0.12920186749411108,0.33680016767842164,-0.16963062920783073,0.9261701229722018,18.363508097712316,-8.8617528837412465,6.9655208230229082,,0.1430701613076129,0.5714285714285714,0,3
-0.26916933009518174,0.95753939146318556,-0.10327722659145609,-0.96077428602920367,-0.27440942254545891,-0.040152710037324277,-0.066788045645795227,0.088418225579229626,0.99384182561624745,-12.076372782832733,10.07837691087086,-7.7189853331047367,,0.6788159589569512,0.2972972972972973,0,1
