axis_00,axis_01,axis_02,axis_10,axis_11,axis_12,axis_20,axis_21,axis_22,location_x,location_y,location_z,dbh,dbh_approximation,score,reconstructed,number_clusters
0.94318818481215538,-0.1119564340722885,-0.31282871495527653,0.24599371426557348,0.86819035599602001,0.43096705012951081,0.22334533926764566,-0.48343692724627713,0.84640746499667596,-9.8647905398479772,-11.410617677000408,-2.401225707289365,,0.3237970991762345,0.35,0,3
-0.15079756286097878,0.98559197599690151,-0.076606474176226569,-0.98039048251252503,-0.13915616325964239,0.13953517128564732,0.12686448216127461,0.096145821944478821,0.98724940318471355,10.372961310246868,9.827826746148224,0.57138050056072331,,0.5300854836908326,0.2727272727272727,0,2
0.0661298067241778,0.9835377969312753,-0.168167329378198,-0.97756380614094252,0.097640608000749959,0.18664221546176737,0.19998963369598879,0.15205168094044982,0.96792790678713603,6.9905831947807453,-5.9940552290697955,1.579308199816345,0.6664577671162204,0.6951937631879717,0.7536231884057971,1,3
-0.11118685476071809,0.97003389087521452,-0.21603641795287687,-0.9845373237477083,-0.077906595509015034,0.15689748412225815,0.13536521516297501,0.2301408545427904,0.96369676018662365,-6.2618313310749718,8.7863684762200283,-3.6718386752894712,0.1247384237550847,0.08860149528338858,0.4117647058823529,1,5
-0.33483826123979465,0.93522637123425623,-0.11504335425358717,-0.93983912843906225,-0.32269970851500496,0.11210401767659894,0.0677181767682455,0.14565896015122523,0.98701454693578294,-29.992166408953402,5.6520255517453997,-9.3887210191523831,,0.4713668326177017,0.5,0,1
0.42022137976127727,0.9016319657543812,-0.10234153761508138,-0.86704007203911804,0.43222953167766742,0.2478288631780115,0.26768545995240306,-0.015408772682958607,0.9633831347156101,-5.7283774192611325,-4.9540714430304869,-2.2489022005826067,,0.08389898430353977,0.2,1,5
-0.41459903569067991,0.90073721603338897,-0.12953805331553214,-0.90912133090789982,-0.40370997549085619,0.10255077463101255,0.040075494914058964,0.16028325970478507,0.98625718317576838,-7.5207641418362448,13.814827119355259,-4.6113552816711225,,0.1731573863859572,0.3529411764705883,0,1
-0.057279647291285443,-0.91957973105319002,-0.38870575020486725,0.98974553908337359,-0.1033358704751106,0.098617775972254476,-0.13085415496173033,-0.3790709908569817,0.91606897885473559,11.054657348983632,-12.536148000317818,3.657267831105095,,0.3218378149334841,0.7441860465116279,0,6
0.05744502718742623,-0.91300866479842768,-0.40387528626350472,0.98766579458610604,-0.007050156384986613,0.15641794494092801,-0.14565832298921955,-0.40787923862086828,0.90134243195692776,-15.828466136561245,17.042321409746492,-7.1671869619637985,,0.1502700976126107,0.375,0,2
0.92951027032901223,0.26721395894742572,-0.25417977397214192,-0.21732864479230424,0.95370875616032935,0.20786502489802736,0.29795791230579227,-0.13797212967393258,0.9445553313213646,7.8720441274018187,1.9522743151916142,0.89967196908055813,,0.9069551863279786,0.6279069767441861,0,1
0.93987993237497625,0.24670818648029674,-0.23613721316728722,-0.17457205878821971,0.94137557617764878,0.28868082871337702,0.29351372882584575,-0.23010235830995493,0.92784836891107636,-13.806503051101499,-11.321380524751497,-3.385530274370788,,0.9381861023617242,0.9577464788732394,0,1
0.16762459391307261,0.97551449974302928,-0.14238488791506196,-0.96288871349787408,0.19299399866600275,0.18867602364189209,0.2115356256848627,0.10547405970196755,0.97166244231013654,0.11389155127930559,8.8238701632700103,-1.9936315731685152,,0.08312682321636404,0.2142857142857143,0,5
0.61283590637897833,0.75942635669129877,-0.21841190584589407,-0.72251711899104443,0.65043796229544648,0.23430635921764426,0.32000181970972652,0.014214990943615158,0.94731028148908847,1.6191993759337366,-13.630522143949435,1.1905797875910589,,0.2966790533580837,0.2631578947368421,0,7
0.51679096616197895,0.82361370191898775,-0.23363982388426277,-0.80789073094706576,0.55946861836969852,0.18522265495699225,0.28326606599305987,0.093034053285889831,0.95451820348593353,-20.139149939602497,5.9989011590886925,-6.8853551248878899,0.191457524679466,0.1333793440736709,0.4705882352941176,1,5
-0.35693657111339733,0.90754901944966393,-0.22124886778866212,-0.93223211433533049,-0.33099136848306304,0.14624636402861338,0.059494278747549152,0.25845597552709726,0.96418926539899119,-20.426954767981304,1.5976540925980587,-6.4167393003395299,0.6162155034610739,0.5020810571478592,0.9684542586750788,1,3
0.90216808189889364,-0.28659721261790516,-0.32242020675279986,0.38682667205417187,0.868277787196713,0.31057818669100623,0.19093946106126208,-0.40491446254786517,0.89419595180766043,-9.6995879687326454,-16.884804116434189,-1.4397303449368177,,0.3663704692248809,0.1428571428571428,0,2
-0.71215197192620117,-0.58250460279053029,-0.39182643684349733,0.63955996220419609,-0.76848213410638744,-0.019956560441652858,-0.28948682807166198,-0.26480860500961922,0.91982268893840013,-12.98868406878246,13.631052343085676,-5.9601881521147506,,0.29607732287987,0.2222222222222222,0,4
-0.77714795570020145,-0.52513127961363415,-0.34681146769151933,0.55462493259991286,-0.83192967307374277,0.016858327258609918,-0.29737558590028962,-0.17924887232773207,0.93778334527741358,-8.8698519469606918,11.837049018166285,-4.6831157684142442,0.1810371192954965,0.289641542098089,0.3809523809523809,1,6
-0.36599721423999071,0.90387236306590102,-0.22149670528978557,-0.92922997524615014,-0.34196495310742697,0.1399700823400285,0.050770978645339152,0.25705003818692379,0.96506351376243393,11.431659165853022,0.53649020153110138,2.0374565738219359,0.516923354976637,0.477727987162972,0.7238095238095238,1,4
-0.70229513624016715,0.70775470679022512,-0.076582090789467233,-0.70866762255154758,-0.70528065763400738,-0.019219643973759776,-0.067614660840243673,0.040773385726759252,0.99687802095132705,-7.8479017783084331,2.6324405918439098,-3.3774547249257383,,0.2141253626933667,0.4228855721393035,0,6
0.90106047428461389,0.36721417526011019,-0.23074611842894047,-0.3030311325442922,0.91370727881055225,0.27076030240332255,0.31026142910601884,-0.1740481489032622,0.93458284141772996,6.6548491474859626,9.1117738552585159,-0.33015710206937915,,0.3878621219507801,0.21875,0,5
-0.88752341970719029,0.40138624297647163,-0.22625486386039886,-0.42805068334120677,-0.89998186273004055,0.082493995224456065,-0.17051331901755004,0.1700639018316332,0.97056863607445099,-15.346420311125881,14.243885542147103,-6.6802281544600053,,0.1860248668270534,0.4285714285714285,0,2
-0.79619005380223595,0.58148967994335166,-0.16718597532618829,-0.59363660303255661,-0.8041704652077859,0.03009063687358263,-0.11694862874936718,0.1232055802586446,0.98546608426001714,5.4756378367859737,-12.360235509565538,2.0904096616839301,,0.1755977497260746,0.28,0,4
0.89608566679050183,0.39527624512384291,-0.20195833187422541,-0.33241727137916172,0.89910160951556717,0.28480704600720869,0.29415852097373774,-0.1880770741140852,0.93706871612023768,-8.5860703427961305,-9.1932968303018221,-2.3665559682011765,,0.1801568700578267,0.1904761904761905,0,3
0.6349762210259664,-0.70014590494223528,-0.32649794872893528,0.7707064478426332,0.60315476277801372,0.20546509044601616,0.053073251128744843,-0.38209952097695327,0.92259589533219211,-6.5329276062553552,9.8176819431752964,-3.8363053950275652,,0.1500807048049871,0.5811965811965812,0,6
-0.014686120467595877,-0.90027033854151362,-0.43508348096423932,0.98177924476629608,-0.095430626465993859,0.16432440499946771,-0.18945667687292625,-0.42474264334377387,0.88526823873536264,18.870821026338071,-1.8830969053514863,4.4486556140685245,0.3714013890720518,0.314119734657967,0.2666666666666667,1,6
0.18067097103956589,0.97352660297476601,-0.14001411901673608,-0.96340448205492701,0.20382953569062595,0.17408424494083866,0.19801465647799502,0.1034382602355445,0.97472597284536633,6.0486252149444795,-21.00553340743247,3.5965250596668716,,0.2625893422297582,0.1,0,4
0.86022464278539301,0.4462400054927147,-0.24674566144636401,-0.40509514044792555,0.89194812283110081,0.20081452478232309,0.30969580418568349,-0.072790134468461304,0.94804541304404044,4.2101440280887736,-14.601199259321948,2.0553915770408571,,0.09610003172064356,0.2,0,3
-0.2155247714490223,-0.90844570376232436,-0.35815565918692771,0.95034555309647006,-0.27945102661116178,0.13693229507947846,-0.22448252181765127,-0.31085933642363683,0.92356595344168291,-12.176240099206479,-23.245644359693991,-0.97725312045167922,,0.1602136139205931,0.1538461538461539,0,4
0.95854845002740763,-0.16556755708744592,-0.23188844945393411,0.24786171135430018,0.8859370848608531,0.39202047613966723,0.14053270435941953,-0.43324688770763153,0.89025147755961587,5.862538302884186,2.3010794119414455,0.20088134339713942,,0.2959662497108625,0.1454545454545454,0,2
0.93569115686284821,-0.18389731550608801,-0.30110436117452782,0.26618563145539181,0.92809584649326127,0.26035227928453514,0.23157562172076862,-0.32375897990883984,0.91736189933582279,-18.778098961282879,7.348136449742138,-6.7353210043034624,,0.1317684645926215,0.4117647058823529,0,5
0.4381693675114931,-0.82111404981908886,-0.36575855774578137,0.89852994766601457,0.3885400756709747,0.20415813171388358,-0.02552525263123339,-0.41810085719511403,0.90804192342139356,-6.3827355162856296,13.251119521345736,-4.2258926507376717,,0.1630623573420086,0.4,0,5
0.87866541691295164,0.40494392540013868,-0.25291797564174151,-0.35787699991247701,0.9092655568279483,0.21250929414970743,0.31602395171068065,-0.096211041195326336,0.94386031672979964,8.9989251644804185,-3.7969778418833031,1.8911050093819803,,0.1183871047509995,0.34,0,2
-0.84879681078667502,-0.4489664534670389,-0.2792366338065258,0.44897020068457699,-0.89097095056409159,0.067797670669212079,-0.27923060880859973,-0.067822480875809096,0.95782586005611192,13.514244724524159,-8.494100442407154,3.8447450754913453,0.6567831334652833,0.7254963325636153,0.456140350877193,1,5
-0.65882223089192349,-0.68166960773249952,-0.31824489622994584,0.69533948768643616,-0.71324084537779187,0.08826377143957348,-0.28715198927841923,-0.16313810829659889,0.94389072072716862,-4.6616001620970406,11.536050737143327,-3.5570024394090467,,0.6593301411371093,0.2040816326530612,0,4
0.81373093299612254,-0.45437532996476876,-0.36247072737624997,0.56539907857773297,0.76338743572134093,0.31235157263290192,0.13478075021571534,-0.45911075189130957,0.87809536319757764,-10.888182806111949,-7.8884290025561796,-3.1731963593785375,,0.1052220611327604,0.3103448275862069,0,2
0.95905182666648869,0.12216902446557922,-0.25552753908101516,-0.051334455303925552,0.9622242707313805,0.26737469310709322,0.2785397053676914,-0.24330882079487315,0.92909442483371285,4.1311484557273177,-8.2179567730323164,1.0971468015402039,0.4669356362042852,0.4243087194699715,0.7246376811594203,1,4
-0.70602397692396535,-0.59199957916058288,-0.38867292455503039,0.63492675061220705,-0.77223379175317886,0.0228690234057276,-0.31368481851293273,-0.23063275818539006,0.92109194192887556,8.6149934755375472,7.5993333790940012,0.34493619292264693,0.6004091674343408,0.4744360889188593,0.1153846153846154,1,4
0.37879480502090818,0.89864697573307983,-0.22124219465319384,-0.88750338777049065,0.42049720486337711,0.18846707245030767,0.26239708913224336,0.12496284931081214,0.95683439210087395,7.5988031237045313,8.4042355443230541,0.024365940646215473,0.9188427114196109,0.3211296865700208,0.3333333333333333,1,3
0.92515022313147166,0.31369626570156117,-0.21375621049383342,-0.23364588302992353,0.91437448759287776,0.33064920653530999,0.29917664678740508,-0.25595692865042402,0.91922760222530664,-2.2801698184532473,12.990861289719655,-3.0743898769405336,,0.6619376126957142,0.5483870967741935,0,2
-0.95007098620931563,0.13757284682538867,-0.28006933602166473,-0.14829162772895152,-0.98879162689914835,0.017341041480637118,-0.27454455796601773,0.058007158097024822,0.95982313751063031,-8.1680706596958448,-7.6719145357579555,-2.4732685556191432,0.5160303679897883,0.1782546631801349,0.3181818181818182,1,4
-0.60100601856442559,-0.72594356494132406,-0.33436163979981348,0.74451040926495315,-0.66065371769395143,0.096129682165780911,-0.29068198455609567,-0.19116120374554019,0.93752940115875172,-0.57028756521494028,11.132564508286579,-2.4935161575011229,0.8677789514438631,0.5858051946432741,0.1951219512195122,1,3
0.95239423978052762,0.16111021624069821,-0.25882177314852245,-0.10654284132188953,0.97131925843095313,0.21257356647570447,0.28564634602236455,-0.17487823313385095,0.94224400692180199,-10.896864251874369,-16.673819311775684,-1.838432510001446,0.2552800609494698,0.2045194774253768,0.7627118644067796,1,5
-0.96839417875444833,0.024006712698498849,-0.24826677647222678,-0.036919508900595137,-0.99818933796180132,0.04748679228923932,-0.24667724746526129,0.055151820684309412,0.9675270602201107,11.050202613647802,-1.7576463730667105,2.2371576248707714,,0.2864630657032925,0.2058823529411765,0,3
0.016898413376053519,-0.95205965993140951,-0.30544532662436225,0.98592996443630432,-0.034944390365639073,0.16346557683073323,-0.16630258221688118,-0.30391000890603315,0.93807364190384046,-1.226653259446747,-18.098319720049666,1.1848264313046146,0.4259047632130445,0.3833366555027255,0.55,1,5
0.9327056234837352,0.27644445902848508,-0.23160026121372662,-0.20864938649453241,0.93744428241549849,0.27868198880076123,0.2941524323157525,-0.21160500570388366,0.93203952068771589,10.169097245472845,-6.499796670380416,2.4944362427077715,,0.4517029674026918,0.7808219178082192,0,5
0.88266758133758316,0.43776364146854385,-0.17105827972904611,-0.36363156762343873,0.86666292731507966,0.34156617725614619,0.29777512300959758,-0.23928720113256507,0.92415994908390309,-10.321023712086978,-21.383120107633676,-0.79772872308547071,,0.4393450622882293,0.5,0,2
0.85097232503445985,-0.36233396540892288,-0.38021073043312664,0.50331870031617953,0.76942808925393624,0.39325653380340575,0.15005461651504789,-0.52601759759354327,0.83713147060927029,25.057252639222579,-4.7571732273388099,6.7150102394629201,,0.3521904184732207,0.25,0,2
0.77666116803796847,0.58301978699510382,-0.23850651570571735,-0.54555858274907132,0.81184981231836306,0.20800412262131557,0.31490198927717622,-0.031429448146953559,0.94860367221429986,8.6528328442768228,-8.3479082164537992,2.3715907621341996,,0.2703041069824427,0.1578947368421053,0,5
-0.92223271467248191,0.29852570834699321,-0.24570148848501391,-0.3316521014326918,-0.9374439216588768,0.1058573443843486,-0.19873022820674535,0.17911252106079262,0.96354813122964611,-9.9243532366738147,-6.1088371799435626,-3.1390552123478983,0.2601472050527415,0.2018194269499585,0.5,1,4
0.78887127904673571,-0.47770970573827976,-0.38662066956981667,0.59669456869519799,0.74596117404382511,0.29579979463956718,0.14709757572719898,-0.4640424160166875,0.87351413231416963,-20.366084660875419,7.5386357347439423,-7.2292182268504526,,0.4237867248780984,0.6428571428571429,0,3
0.79746245472080801,-0.48554338448819656,-0.35819164575742285,0.58843015606037985,0.75712809981351803,0.28373754053971983,0.13343007438138182,-0.43704080158781422,0.88948960252386322,15.32498174276053,-4.1629817252681045,3.7532216629376278,,0.186968151943834,0.5,0,5
-0.96380778611235174,0.078217288969706783,-0.25486586106310172,-0.032691420831519317,-0.98345274223723855,-0.17819083812045999,-0.26458613424218475,-0.16340979007478365,0.95041644455180352,-16.043914559088893,13.441341776686144,-6.7652305598995595,,0.7214391975770736,0.5777777777777777,0,1
-0.61174692898137195,0.76668550567430815,-0.19483077341834193,-0.78786824834247859,-0.61259501706852926,0.063174111126013635,-0.070917685633511265,0.19214754864878617,0.97880028678614917,-0.64637766282471354,4.3777057196100415,-1.766262263332034,0.2518793487643154,0.2724598310204123,0.6047297297297297,1,4
0.45826379158792263,-0.80346791740067691,-0.38004421193761234,0.88858943663402645,0.40449466295874015,0.21631662150726999,-0.020077609964472096,-0.43683334733707646,0.89931836200113269,-8.685211282952551,10.304934350929276,-4.3897415556191914,0.6924309177537509,0.3018034630281933,0.2340425531914894,1,5
0.93514279195815275,0.26191286321201246,-0.23855735313085097,-0.19509290953443914,0.94279311024822654,0.27033295751325481,0.29571390785368729,-0.20625906853411727,0.93274352388496384,-11.689743074675164,15.848743810627569,-5.923189267802436,,0.9434707066241916,0.5652173913043478,0,1
-0.95473051672736875,0.15089994883163477,-0.25635687209844948,-0.18284117665529287,-0.97745702373052712,0.10557874255344755,-0.23464599836519429,0.14767183957162974,0.96079877354664212,-12.300456149061159,-10.422050399215527,-3.1687323503951088,0.2254231250042688,0.1582948226848311,0.7209302325581395,1,4
-0.85730008184717743,0.47205206102268649,-0.20543471310627062,-0.48482618019815021,-0.87450195066456138,0.013780902668080769,-0.17314775383842768,0.11141449622068969,0.97857379148053836,-6.9619336012777495,11.91971672985151,-4.1576038907002877,,0.2152326974496452,0.2,0,2
0.49183648514895978,0.8518017235694435,-0.18036267795871946,-0.82578694052794832,0.52201791974575695,0.21347885215590284,0.2759942041598093,0.043944455718964888,0.9601541980753695,-17.119456863268834,5.8529362586540126,-6.0739131943690303,0.1347133548227091,0.1283293109555726,0.3194444444444444,1,5
0.66936936803462144,-0.65904141199013822,-0.34294178284218452,0.74190787869393771,0.6171732819220046,0.26204930759970235,0.03895315993334849,-0.42983899004588494,0.9020649056290464,-8.1300952485084306,-10.88299224071954,-2.0176584359128924,0.7260104151270936,0.4854950372539531,0.25,1,6
-0.72090420293503932,-0.58758770385702397,-0.36747492494947814,0.61843307912756618,-0.78473785895666071,0.04155742245270401,-0.31279011626231384,-0.19729972882937588,0.92910449367789727,5.7427800805502072,1.4343313438116061,0.25147717169553552,,0.111645827711918,0.1272727272727273,0,2
-0.74348132025019886,0.61700910369457052,-0.25794435911072761,-0.66210321832190389,-0.73339964250209044,0.15409183192364057,-0.094100237655378588,0.28535018895355363,0.95379264776856654,-4.7475502738247481,-2.4857464065026105,-2.2775202326152963,0.1691816673099786,0.1364499571079394,0.7702205882352942,1,5
-0.96349309984637499,0.059031688063974838,-0.2611442251950854,-0.070063312566550434,-0.99699228605501033,0.0331287455091136,-0.25840313229646761,0.05021594717939034,0.96473114382622271,-10.632814542954904,8.9726531253267865,-4.7420370569707577,,0.08766776707761255,0.2714285714285714,0,2
-0.59935616950612236,0.77408524331388506,-0.20387304421779334,-0.79960819389843463,-0.59085854142704397,0.10729827712125119,-0.0374021165902522,0.22732844104156499,0.9730996154393341,-3.7743644609375715,-12.38919877990044,-0.56109914860582066,0.4227169471389693,0.3264116969473981,0.4222222222222222,1,7
-0.64253272907646886,0.75819391042395934,-0.11087689687924153,-0.76471192511771569,-0.64367557957745258,0.029956966441679566,-0.048655561329638865,0.10403721666622769,0.99338255163861322,-11.833133350478967,-11.954125624350823,-2.8407600483149973,,0.2526206925307202,0.5,0,1
0.94650256908173702,-0.1608690468381902,-0.27973922944600377,0.23852674206964891,0.93263609168824801,0.27073033409300401,0.21734277084667664,-0.32297224377621453,0.9211140264434402,16.761157366883712,-5.6494187094324388,4.3753565419773404,,0.2090215548642893,0.3043478260869565,0,4
0.25469611671698922,0.96103827602250602,-0.10740260773825423,-0.93774363567601315,0.2725794274632507,0.21526107282307508,0.23614987164599632,0.045889952533184931,0.97063244865298193,5.0070212700569794,-9.2209161121592302,1.4724132323189743,,0.1819920135481793,0.25,0,4
-0.61071056881951336,-0.65281048153749177,-0.44818643032440819,0.73388587451650222,-0.6791879743624416,-0.010733995835344564,-0.2973955687586754,-0.33547305506736697,0.89387566529494045,-17.446228207847355,-17.046582369586751,-3.4855285860050778,,0.2646110544446559,0.3076923076923077,0,1
-0.43492874585670038,-0.82317753592775889,-0.36498730165777088,0.85910729593386226,-0.50076704122935878,0.1056741429660118,-0.26976219175548866,-0.26760253130771522,0.92499580817265226,-22.244726472788365,3.8890910206648659,-7.183283672503574,,0.08801794394036846,0.2075471698113208,0,2
0.95525357897698782,0.13829050516347,-0.26146956999484117,-0.071617916941250997,0.96580940338996368,0.24916474529218197,0.28698688789673116,-0.2192896087486913,0.9324969671104536,0.67801185395887686,-4.1239155019203766,-0.46410790326117746,,0.07313779017126071,0.2241379310344828,0,2
-0.30054804677796126,-0.86117979559271274,-0.40992710478918831,0.91730673017022191,-0.37869832475703363,0.12302821469334693,-0.26118812063791941,-0.33905300247765113,0.90378306420762367,10.116281428945829,6.8032940427749642,0.86097953640051939,,0.1667136821397702,0.4,0,4
0.70574103880140715,-0.64508648564989624,-0.29290444206835609,0.70458212472181614,0.68232806767758858,0.1949164887377608,0.074118929255623967,-0.34393579937429075,0.93606332597467223,-10.859004124689847,11.665494784343252,-5.1905901089882489,,0.07662731999269437,0.225,0,4
-0.79863134088483556,-0.48347410353740045,-0.35838634539446046,0.51436578187109872,-0.8575055827635093,0.010583854191588814,-0.31243531137920988,-0.175889075095989,0.93351336865909684,10.209413570567097,0.12828565470311817,1.7348769038799903,,0.07579179647162246,0.1142857142857143,0,2
0.78636760631082103,0.60192383104349689,-0.13897370027062511,-0.53408080946926417,0.7754809231548877,0.33672990181969148,0.31045720591032427,-0.19057030053175417,0.93128904420356606,-2.164947705273331,-11.713113779427406,-0.1748666478188613,,0.1126571969036467,0.3333333333333333,0,3
0.085784291238857197,0.97329547455549903,-0.21292480970152794,-0.97761185764988279,0.12344305801919622,0.17040207513177108,0.19213565821833101,0.19353999751124915,0.96209467216295996,-14.171576554336093,-5.2398499685278894,-4.2537208264183164,,0.07090260409122481,0.28,0,1
-0.18686992655708526,0.95994491786402836,-0.20877113118334772,-0.97654236920547288,-0.15837309082255141,0.14588682342787282,0.10697958541288616,0.23113571504710578,0.9670220522483195,-6.6810271505976146,-4.3339703164486831,-2.5170543359361619,0.3007976511136767,0.2726319659701958,0.6426174496644296,1,5
-0.4697047415184829,0.87377082550631768,-0.12610313354181041,-0.88259440210458884,-0.46151310807390306,0.089625735420189367,0.02011410372597033,0.15339555264079319,0.98796013444942554,-17.942046027175106,5.6330392010118437,-6.244474555339063,,0.08470865324889999,0.4473684210526316,0,2
0.6879796716483686,-0.633090588569028,-0.35479610773502696,0.72254415953717144,0.64328215597289418,0.25321533390690965,0.067925760336751004,-0.43056285774807235,0.90000095367198785,-6.4009972991405553,-13.157982455863193,-1.084017842218328,,0.1070406545807109,0.2413793103448276,0,5
0.55804807271676016,-0.7631737452893389,-0.32580390273622151,0.8296904143828655,0.51978977301227647,0.20354952260576709,0.014005885130874226,-0.38390679386133514,0.92326562202261808,-17.851677874970051,4.5858929548058711,-6.1122854546303564,,0.07004536999988503,0.2708333333333333,0,2
-0.25994995429941076,0.96557398769151803,-0.0096382339271582473,-0.96119252716058812,-0.25778964899141821,0.098251832570816183,0.09238477683242298,0.034804757812427034,0.99511490886391729,-14.393705870668851,-20.260281041550318,-2.135133711826628,,0.222922412113909,0.5,0,1
-0.95684055843968285,0.17605316587683989,-0.23121727554310875,-0.16372720044839578,-0.98390286237069213,-0.071613973860482683,-0.24010320605557697,-0.03066659752077051,0.97026285626026743,-5.7180781276127393,-14.291755684835787,-0.75609934176120441,,0.4002934314562152,0.1764705882352941,0,1
0.048129705668293658,-0.95324306654884516,-0.29834742752173482,0.98499168437593376,-0.0042719103086542457,0.17254892782215567,-0.16575558253809755,-0.30217446427332034,0.93873088795383075,0.36931698014373027,-10.013504063447185,0.27020572382874258,,0.08924964950907911,0.4761904761904762,0,5
0.85809716045631634,-0.41528297607757597,-0.30200879622447718,0.48954682474997285,0.83912467947303093,0.23709424007449514,0.15496183270091268,-0.35129734140672697,0.92335096703612074,8.1801983495049129,-5.9474737553983417,1.9355482576667906,,0.06872391148223395,0.2903225806451613,0,5
-0.90578342460075556,0.39859964842706996,-0.14378702303178617,-0.37940220066043229,-0.91400189132098919,-0.14371677979858855,-0.18870706889925512,-0.075623164013886399,0.97911734700799813,5.709255542328866,7.7419769112387993,-0.47395817987852118,0.6796722257617762,0.4138341262127815,0.125,1,1
-0.43113967465284958,-0.8477542704664589,-0.30891953296306579,0.86093268709399651,-0.48897952656567056,0.14033506651127928,-0.27002497890629917,-0.2054549086916555,0.94067783606352617,-16.815847274402209,18.588233893745649,-7.6942644477494717,,0.08551549794865124,0.2916666666666667,0,2
-0.94545896825638254,-0.17193435257405673,-0.27666932925157756,0.14784061345726185,-0.98332848157461428,0.10586902444410032,-0.29025935360666383,0.059191855259866387,0.95511561180557514,-3.279519302555022,14.014604225912954,-3.4824463170379127,0.5090739600562224,0.4393096154857467,0.8768115942028986,1,4
0.96483821644554912,0.040547817632348708,-0.25969807579461374,0.012025528119050144,0.98018511968909761,0.19771827890594076,0.26256923422143169,-0.19388915809122287,0.94523245374619247,3.143957844024555,-9.800394725200352,1.0688207971118269,,0.06999077381337958,0.3125,0,3
-0.72004779946993069,0.64946903046958082,-0.24437910086464271,-0.68784900685491945,-0.71451793254163964,0.12778054564416338,-0.091623742813800563,0.26010402253198983,0.96122369259994145,1.1095954191023951,8.7115625897712086,-1.7147259182783059,,0.08336714504249806,0.2272727272727273,0,5
0.85184389035921226,-0.34845649499340559,-0.3910755138775549,0.50033997624819215,0.76223741189360328,0.41067509795177587,0.1549899823396389,-0.54550178643763647,0.82365399675331286,2.3600397607367412,-12.801263100432596,1.3175363083571201,,0.3016836535578353,0.4,0,4
0.48747818228540063,0.86390127078553069,-0.1266476061000226,-0.81040550962382663,0.50165689128870494,0.30262728461574345,0.32497374011920904,-0.044888280850322711,0.94465713911198235,0.051162328398462957,9.876963217305688,-2.0934682846751267,0.5762791659969599,0.3070081644793906,0.3636363636363636,1,5
0.95418158008167742,0.11801561504956788,-0.27497241104755316,-0.02818012677814722,0.95029587626520828,0.31007035977033776,0.2978982925221289,-0.28811466841834232,0.91008051575373694,-13.448712622534298,17.583023749558752,-6.5901871547338748,,0.5627738718315031,0.8412698412698413,0,2
0.69091247436574099,0.71852195424367205,-0.079788182305804672,-0.66065069312661995,0.67234371725732067,0.33390805251734412,0.29356534951715013,-0.17798912083176099,0.93922268841229084,-2.9723950421434409,11.637075663294963,-3.0911382750895937,0.5934681123298805,0.3773697255320846,0.6862745098039216,1,5
0.2339468866830211,0.96524757206773693,-0.11647308199177399,-0.93879848914980935,0.25542466393674873,0.23111823342790611,0.25283641150229685,0.055275362234360886,0.96592876722277154,19.795753959800969,-4.8139053584377498,5.166350146046125,,0.2928286366829165,0.2,0,4
0.32068026502791419,-0.81653391968719802,-0.48003804601498723,0.9448206163047852,0.23994946802726466,0.22302075194671722,-0.066919134984495574,-0.52506819632662294,0.8484251402329106,0.4804136953885102,12.322114387078251,-2.3526075647697882,,0.4247248121705742,0.4736842105263158,0,5
-0.51616655211031537,-0.797654898611315,-0.31195953776719798,0.80956562791587816,-0.57327722952581173,0.12631988047960618,-0.27959897099188546,-0.18734962190670307,0.94166051982213639,-3.8597541644581947,-13.749157842219875,-0.39531075621201034,,0.08034190638571898,0.4571428571428571,0,4
0.34136769948349688,-0.77218777816346529,-0.53590496266065246,0.93785121917586167,0.24192909245204181,0.24880796795054733,-0.062475470704062785,-0.58753412622612977,0.80678402691178963,-3.737438866368112,10.319573829311729,-3.2334209744813034,,0.5423550517078736,0.2608695652173913,0,3
-0.59686526614665047,-0.70599849613556998,-0.38120595158260767,0.74591112152954564,-0.66328963962235954,0.060526463205575559,-0.29558155024666771,-0.24821961530860925,0.9225066773361712,-17.562735856980701,17.521470361566664,-7.6486370686431666,,0.07660212563722152,0.2857142857142857,0,1
0.13556748462018578,0.96660441387822371,-0.2174795718795019,-0.96765435916913778,0.17631271334706267,0.18044076117430319,0.21275924961026038,0.18598315564408585,0.95924124573641356,4.2701639854739515,-10.38310644256936,1.5078661986042754,0.6809782344616797,0.5399267304004386,0.8352941176470589,1,4
-0.090013105322887851,-0.92694781544525962,-0.36423260193369811,0.97701792161872536,-0.15313735572025811,0.1482731638525108,-0.19321910284947774,-0.34251525181262837,0.91942899702466152,-23.145628826640909,11.952375425998685,-8.4944743574928427,,0.1096206341968314,0.1111111111111111,0,1
0.31112017987562363,0.92264789016828352,-0.22787080647194766,-0.91783055557644333,0.35390761984155966,0.1798234352589248,0.24655892789432332,0.15320008938019056,0.95694222797904838,15.579605610647658,-5.7981188449081564,4.1092131129183809,,0.08175531375456917,0.25,0,5
0.22222135495593326,-0.91584588940647615,-0.33443082432516635,0.96976308018777857,0.17212864514797779,0.17300664098303961,-0.1008822962975265,-0.36276443648293677,0.92640419143965236,18.883741166231975,-5.7135693963430088,4.999074267568238,,0.1194342068489178,0.5,0,4
-0.78407518655474973,-0.53013073843919523,-0.32278088851579584,0.53651916186613036,-0.84037298025511653,0.076944415051365483,-0.31204693682136642,-0.11284792518715428,0.94334090073597221,-4.2900271851375216,-7.8042096316348148,-1.4059805901155604,0.3274332169139243,0.3212090266738081,0.6904761904761905,1,5
0.94151049924646335,0.21724687225298878,-0.25760779550504598,-0.16559548132160021,0.9640549353006348,0.20778887912580188,0.29348955070759092,-0.15297672443474225,0.94364294381226321,-5.6149351045654132,15.213582423017275,-4.2693619514017023,,0.09833490151425872,0.3181818181818182,0,5
0.79200985527468393,-0.51389770838512161,-0.3295899489734101,0.59819433220719376,0.76111258949629912,0.25074123519163777,0.12199971337246779,-0.39574836882387643,0.91021936834494865,-0.059172251599788228,-15.338220922560735,1.0271692517295232,,0.1290006945723507,0.4347826086956522,0,7
-0.95567047550157491,-0.061350151694925262,-0.2879758690265618,0.10143512965624339,-0.98677989334030392,-0.12639761299534044,-0.27641428459147127,-0.15000533652609968,0.94925947047552661,-21.132722652136138,8.8374483386685245,-7.5601005408061912,,0.3686889204157894,0.4,0,2
-0.73459507912285205,0.67063871418580734,-0.10302322438992487,-0.67246659747912529,-0.73982852324485904,-0.021034054962813273,-0.09032577153469655,0.053828163897138799,0.99445652683670593,5.4337643169609855,0.376663498274179,0.31383741101239254,,0.09456993956325034,0.2916666666666667,0,1
-0.19107788729896888,0.95872082838887651,-0.21057923496562556,-0.97485830741356816,-0.1602980973572507,0.15477661467546633,0.11463211352895383,0.23485930511050851,0.96524638582638234,-9.8679919518207004,-14.359570679950824,-1.9214116333879696,0.1781586562473337,0.1198377263999435,0.3611111111111111,1,5
0.94780504016624156,0.22762875482648823,-0.22327282819817298,-0.13073393190963997,0.916110886078217,0.37901119172978137,0.29081651411657133,-0.3300393830819679,0.89805331731025828,3.0522192135164232,10.580364348070695,-1.3395802619048123,0.5279394681031768,0.6509581543061848,0.273972602739726,1,3
-0.67149435008517167,-0.63008836610075525,-0.38997947216254075,0.67559409569822737,-0.73677486750215415,0.027118489539020157,-0.30441411869587753,-0.24525791632822794,0.92042414071826073,-18.918062762753717,-14.117448654087186,-4.180444185457052,,0.4299052782490675,0.2173913043478261,0,1
0.85435574710366224,-0.3362714962339034,-0.39622940099335802,0.49628713845144845,0.75414502045737508,0.43007483572864186,0.15419252121492888,-0.5640804631787536,0.81119535098607831,-20.887277926427984,6.5681846491379909,-7.236317176378873,,0.08846839760161324,0.1538461538461539,0,1
0.90385373080591536,-0.30923245606029215,-0.29567502672215634,0.38934117902254034,0.88100487542003947,0.26878217166222074,0.17737496899384253,-0.35805823214253957,0.91669647254115316,-8.8140467179890329,-21.146365863115761,-0.45396652781706726,,0.1797374164786132,0.6333333333333333,0,5
-0.29627358089470446,0.9298550926910315,-0.21815469708530993,-0.95170641782028897,-0.26816956572865724,0.14946564252890451,0.080478938508804651,0.25190194642649666,0.96440061688234102,-2.5597390445487731,5.2108526096752623,-2.2689056459962633,,0.07427955044021498,0.3247863247863248,0,2
-0.64723600600312314,0.74092751228574349,-0.17919814193006145,-0.76063831558645578,-0.64320039596869449,0.087878344815521453,-0.050148832438316734,0.19318300174646771,0.97988031026309519,0.84717468005593966,-6.6802895281196966,-0.10710974909089455,,0.06930168601976541,0.2978723404255319,0,3
0.1802760670859008,-0.80173561397955684,-0.56984256151402279,0.97658850999073332,0.076763045551525216,0.20095351948083418,-0.11736874281562065,-0.59272880823735707,0.79680432861236616,8.1883329792524187,-1.7702575612828295,1.3340666748773267,0.7576793942221398,0.7369463669732033,0.1926345609065156,1,1
0.95341659796200762,-0.10656188623108342,-0.28220799976865274,0.20163168027121811,0.92095644867734683,0.33344247652423342,0.22436901800728987,-0.37481166476309435,0.89954141634277263,-8.2763594373698393,14.528380860638771,-4.8830685445979514,,0.6985838841258817,0.6933333333333334,0,3
0.82669491806509021,0.50449882413202241,-0.24911131827912145,-0.46805981135480507,0.86233871309478627,0.19311125521971387,0.31224273480716758,-0.043045096671235655,0.94902665621820459,-26.35277743345894,9.535697758534436,-9.0028750352318969,,0.06480173257176799,0.375,0,1
0.824038308688678,0.53307142898897342,-0.19182209833373126,-0.47235995588184321,0.83341623959363265,0.28686833854733879,0.31278896702538095,-0.14578142260679627,0.93856850518751833,-22.179878569555527,6.3408663005134542,-7.5257108309427787,0.4476991002569667,0.2944627863825549,0.3508771929824561,1,3
0.65443402163208586,0.73553285986717565,-0.17523562248033009,-0.69325834920052087,0.67620771368165289,0.24927091531344153,0.30184262885520935,-0.04164780922264729,0.95244762973757824,7.5590113082100761,-4.2334214995775934,1.5186198371862309,,0.1453563285492189,0.2083333333333333,0,2
-0.023701461552580693,0.98076204352087371,-0.19376288269178851,-0.98462955896159055,0.010646526842707895,0.17433095848211239,0.17304008882156763,0.19491656023783033,0.96543496011159502,31.185549782032446,-5.4901502378612648,8.5560213175724886,,0.24796033933039,0.8260869565217391,0,2
0.94782126428474534,0.22807242108970688,-0.22275058183525867,-0.16113043679935213,0.94561309267164007,0.28258248584232265,0.27508513828725245,-0.23194579044737135,0.9330216058523122,-0.66149218774687812,19.34333581579752,-3.4464344685617587,,0.2621269705982445,0.5333333333333333,0,5
0.36781952806114498,-0.86030016232197426,-0.35297652257007095,0.92818114271197649,0.31661241299030835,0.195541162557511,-0.056467345349016131,-0.39955001019801972,0.91497061606370522,-13.656208329286173,-3.9183837973255797,-4.1669134339001239,,0.4419139246232998,0.6811594202898551,0,1
-0.8305664509560694,-0.45952376978033693,-0.31463832499094113,0.45142248828508091,-0.88636061448072023,0.10287175592875014,-0.3261550361664573,-0.056592986351899653,0.94362075341687413,-13.056623116588264,-13.953009489245035,-2.8212775903305101,0.1474100749639811,0.1891528951403506,0.5416666666666666,1,4
0.36046711013698013,0.93052602432590559,-0.064689879901878522,-0.9006463301430927,0.36525860625637385,0.23541949485000532,0.24269250196344069,-0.026598282047464727,0.96973856316166462,-15.226218836373889,8.8790364310916736,-6.0524144017866295,,0.2337930614758733,0.2972972972972973,0,4
0.74507984122068494,-0.53571150605281914,-0.39732758838165044,0.66180049307049749,0.66786467630423407,0.34055378652525131,0.082922479329820262,-0.51669135509282538,0.85214664582695776,2.0147133740710648,-9.1697465174112338,0.64321864549978602,,0.5210494621846918,0.1764705882352941,0,3
-0.59508717128961064,-0.64993648708393292,-0.47270902394975139,0.74742464747309112,-0.66374221250853482,-0.02833146102835013,-0.29534328317443664,-0.37017406458485463,0.8807630254458193,-12.201794924780216,19.111624325179235,-6.4676170456679927,,0.5384784864404236,0.2222222222222222,0,1
0.95838549999440414,-0.074469882903537746,-0.27559294247278887,0.14507746534672675,0.9584749133745295,0.245516536062764,0.24586533397176166,-0.27528181373280453,0.92939236094285405,10.619665584063664,-7.7347011617072061,2.9329104129350791,,0.08378441810889922,0.4615384615384616,0,5
0.88580218870794214,-0.35815274417262849,-0.29509505980587764,0.43338232128678122,0.86581925965950557,0.25007353558252926,0.16593446319646821,-0.34940466717587071,0.92216166287664458,-2.4037360463042918,-7.2311862645130143,-0.92063217185754476,0.6596406686702263,0.5485862443215146,0.6291079812206573,1,5
-0.84651372366877098,-0.3688773996705394,-0.38385411246036227,0.42768005161593431,-0.90058298108520407,-0.07771787200817018,-0.31702411436706662,-0.22995599185928559,0.92011735812220685,-8.0314591092520917,-23.262684649927429,0.14837818350519999,,0.4403878478566126,0.1176470588235294,0,3
0.96859510018624162,0.053585045836890943,-0.24280068936859242,0.013992215286963322,0.96320752728579362,0.26839425718772669,0.24824937020377047,-0.26336268194762635,0.93220831789401337,0.42668299438067481,-5.7129411314148157,-0.35437454592425938,0.3646978580809519,0.2719255313500976,0.7482014388489209,1,3
-0.92693349219367605,0.27339547437736733,-0.25700041953197611,-0.31440910392775812,-0.9397391375827816,0.13430289893563463,-0.20479554784462867,0.20529312673624847,0.95703370666757315,-15.561517847791283,2.8331462776878844,-5.389376130537638,0.2439312501000928,0.1949193200377319,0.810752688172043,1,5
0.36211628191757872,-0.82567616309190794,-0.43258602852151068,0.93093954057074213,0.29687322637763869,0.21264491355794612,-0.047152626354465252,-0.47971362411542551,0.87615721686574044,8.1931895064645062,-7.6288384524349571,2.1213850615126222,,0.2204396807980121,0.4444444444444444,0,7
0.94465155844729032,-0.1718303206707997,-0.27947768072115542,0.24012148768193575,0.94258831424691913,0.23209683539110498,0.22355112228866114,-0.28635923373155237,0.93167767225589271,-21.118657570420705,4.2132224301935679,-6.9135460703442639,,0.7676335850481752,0.49,0,1
-0.95458542032703753,-0.023675737617017491,-0.29699517630315697,0.03254598020063252,-0.9991586002972167,-0.024956975475544704,-0.29615440984701402,-0.033489564052060355,0.95455278252581188,-20.984454457200947,-24.152453802818325,-3.1426878313603006,,0.2448262204945245,0.4117647058823529,0,2
0.61645918868091365,-0.73441275145958185,-0.28392953207518934,0.78687052887633169,0.58766456339837836,0.18837497634153944,0.028510339821748363,-0.33954126615090535,0.94015897012361072,14.148831979715622,-6.9735817503202613,3.8186072811167397,,0.09951888853205917,0.3684210526315789,0,2
-0.021736618211063218,-0.8929777586183455,-0.44957562438560095,0.98438633649272966,-0.097682645303567878,0.14642964635933586,-0.17467415365522534,-0.43937321654767919,0.88115839474261226,-5.9926258801122305,-2.5983186541735299,-2.5905613288804186,0.2170117954646664,0.3179363189425951,0.4042553191489361,1,5
-0.50001424006895778,-0.72608133636540484,-0.47200810661480308,0.81435916674314779,-0.57963783071170216,0.028967788131636047,-0.29462672531471029,-0.36989982182972303,0.88111816150881284,-16.403562456504748,16.125336786788754,-7.1855307591724742,,0.1767289243421673,0.2380952380952381,0,3
0.71279444674540382,0.66140716474888406,-0.23337660359975332,-0.63378370042492549,0.74991818497233187,0.18958095084552162,0.30040355817566833,0.012778038450651499,0.95372659812377647,-11.031966562450394,-12.764932854948452,-2.4375786890274158,0.164711019153871,0.1133948640551912,0.5853658536585366,1,6
0.11762731762065001,0.97209698557663693,-0.20295631249652113,-0.97236353959692634,0.15425059781825515,0.17525952166785877,0.20167538524050579,0.17673201098138877,0.96337574978954454,3.6125380810155701,8.6712150984356811,-1.0538566288246685,0.1240935376711721,0.174087782139936,0.2777777777777778,1,8
