axis_00,axis_01,axis_02,axis_10,axis_11,axis_12,axis_20,axis_21,axis_22,location_x,location_y,location_z,dbh,dbh_approximation,score,reconstructed,number_clusters
0.39551465019058962,0.91682287487104952,-0.054808554056824936,-0.91425774359215295,0.39870520153777544,0.071881433962511648,0.087754998526583833,0.021678984752660457,0.99590616116865838,6.8014522157044786,1.7592219346176545,0.64847473594314731,,0.06928324524670791,0.4545454545454545,0,1
0.44077667858083169,0.89679819953741535,0.038326347669726486,-0.89243883086886377,0.43325475903485955,0.12586996039985651,0.096274881338103413,-0.089684463983993976,0.99130613038719706,-2.7848680690591272,9.007789552198453,-1.46493641327699,,0.1045091603604592,0.5833333333333334,0,3
0.45593308512080077,0.88752214246795891,-0.066554252466043629,-0.88441975062590716,0.46016987948336896,0.077752084982145198,0.099632959381109248,0.023412147388627829,0.99474878474900219,-6.8295550790595838,7.7781944507296235,-2.4115123076677252,0.359091861022268,0.1881336101725881,0.7899159663865546,1,6
-0.97483628359103969,-0.018629226909824111,-0.2221422339384172,0.068770435803362617,-0.9730301894457104,-0.2201882775868389,-0.21204916258694304,-0.22992434045134408,0.94982627375441098,-2.4442857047193391,14.538988048480752,-1.189159862750879,,0.424653373791064,0.8484848484848485,0,3
0.65325562457555308,0.74315525235709778,-0.14483563047283962,-0.74164569454097085,0.66657110967732025,0.075130682895799009,0.15237700853228348,0.058337180576425486,0.98659921986242638,7.7574293850312674,8.5642998319834245,1.0495903891997003,0.6687986071344391,0.3043772017775864,0.4705882352941176,1,4
-0.37363734342234944,0.92660374177580263,-0.04243396431363769,-0.92545671499504212,-0.37548367928351312,-0.050417013619423308,-0.062649854515989201,0.020433118185866107,0.99782637939189023,-36.715610278085201,8.2470019570487203,-9.2508207284235837,,0.3967538977088785,0.8035714285714286,0,5
0.3318353532217857,0.94186807766429448,-0.052629104392348122,-0.94053349194722424,0.33463202738057929,0.058465004718423766,0.072677705506811213,0.030098679840338646,0.99690120904437463,-7.5743745335798804,-2.9297541148725208,-2.7782148030648246,,0.2223460238960582,0.2471042471042471,0,3
-0.92593193066579271,0.36323763883002824,-0.10348177380921937,-0.32745728726349155,-0.90859245992380266,-0.25929031371736039,-0.18820676074878856,-0.20619931985047354,0.96023958244890617,-12.811944430526939,11.723874923827704,-3.7633262152264622,,0.1142608561957568,0.2272727272727273,0,2
-0.31313312845050251,0.93667057664248765,-0.15683071994679648,-0.94698837864904228,-0.32044043998371863,-0.023042029569872918,-0.07183769602694097,0.14130164639971549,0.98735666815709033,-24.44823330833945,4.2879580131871409,-6.3454240147926164,,0.1670245886827788,0.2682926829268293,0,3
-0.46170611701711667,-0.85073488250372487,-0.25115258549405595,0.88093104567591118,-0.47292000491803604,-0.017526029575160321,-0.10386507725564562,-0.22933998482536191,0.96778882876740258,8.7026914175618213,-0.133513401058897,1.0085530956370354,0.2194431451310295,0.219080669923744,0.296875,1,3
0.96862161829314308,0.14360084618302829,-0.20285698792669382,-0.13472578652867775,0.98924352115841818,0.056975593812817311,0.20885670451149441,-0.027857724630921562,0.97754939729866663,-8.3028143262252545,12.59095969729637,-2.678482379757932,,0.06262572126971283,0.2727272727272727,0,2
0.57311090655571306,-0.77847654632338537,-0.2559651453055688,0.81187635236380684,0.58183128685467,0.048261186366235331,0.11135832819922567,-0.23547106077276458,0.96548055510156228,6.4511035322185775,-10.70524340460023,0.30884084430813041,0.3333070170296244,0.2895951749876756,0.5833333333333334,1,5
0.78935879771022088,0.61268129789288661,-0.039170341966379606,-0.59063963587295454,0.77527104404771641,0.22382946364817008,0.16750375820661076,-0.15354619980140147,0.97384087792267682,-19.568834931360151,10.559550766310718,-5.3109556827135576,,0.489482417317408,0.375,0,2
-0.23159056977906958,0.97279820901667269,-0.0054270179067205382,-0.97101758255232273,-0.23149827807467227,-0.059442422752650784,-0.059081827693876848,-0.0084965747460827613,0.99821698335278553,6.9276918486747974,7.9606868260165111,0.79461786722106242,0.8574929731546914,0.5348246776494006,0.5600000000000001,1,6
0.28308391505000441,0.95047196935760458,-0.12832198761490596,-0.95691830425177804,0.28891127270257094,0.028941933129692933,0.06458216493634128,0.1146006630472045,0.99131015933524957,-15.102774877170065,15.207532206394127,-4.1926519478856097,,0.8303919742013591,0.7702702702702703,0,2
0.19949201162590954,0.97702493846438421,-0.075001379428091194,-0.97903996364811463,0.20193740631791918,0.026495914958577508,0.041032753713936561,0.068143624413881096,0.99683135964635172,11.709344125946487,-3.9314054095130313,1.6170546726966908,,0.2862738568751316,0.475,0,5
-0.044103261712185718,-0.96996169391819187,-0.23922628333378995,0.99857300564310747,-0.050018788319212117,0.01871024361061242,-0.030114028412636325,-0.23805972600679462,0.97078355576633735,1.9866449635651167,-12.796178939264179,-0.79652693276575848,0.2686619646519096,0.2351002864799587,0.8586956521739131,1,5
-0.96912249835182529,0.18090672033558883,-0.16755399644812474,-0.16317756571108649,-0.97995974320767099,-0.11424527885632822,-0.18486391004444641,-0.083376616804576767,0.97922095286676869,-29.476622408975675,5.9610127050070174,-7.5678201732943711,,0.3211476450874676,0.5769230769230769,0,5
0.7903269266692623,0.61266794699374305,-0.0046190592105674741,-0.58948249157341293,0.76243012146170197,0.26685333427989194,0.16701419433664813,-0.20817852102070197,0.96372608259593884,-19.12561895182515,5.5840420013426293,-5.1820222826478552,,0.498994281155414,0.2394366197183098,0,1
0.40550273303127643,0.91308130460032366,-0.043012378375727876,-0.91070726815480618,0.40759959283001146,0.06689427221234151,0.078611737254531022,0.012045875401157343,0.99683252939079225,-9.4163892884925904,9.9351259814549504,-2.9281240311536503,0.4787719187054298,0.3044703007540426,0.3880597014925373,1,6
-0.24163946255630281,0.9669522440916849,-0.081324828813575237,-0.96845822556066929,-0.24556878642426294,-0.042244958018631894,-0.060819696475585716,0.06855165045548442,0.99579196408710213,0.072173544625370206,-7.271663140327095,-1.0873870324514028,0.2271744172990672,0.1384631335744853,0.108695652173913,1,3
-0.20481025174165743,-0.93147121684818601,-0.30068942941992383,0.97758242038952359,-0.20999250307762601,-0.015354478061936213,-0.048840271568452429,-0.29709345471510085,0.95359850410881364,-11.838001366121109,13.215468950697936,-3.5334325971650564,,0.07073459184653505,0.2142857142857143,0,1
0.53540693137967088,0.8399015432006075,-0.08890902968677189,-0.83156311285170659,0.54263766642746969,0.1185206830832945,0.14779109301640961,0.010476674252307618,0.98896310958580602,9.2687345039411984,6.3791137936490632,1.3246655042097901,,0.5685090048378979,0.5161290322580645,0,3
0.88220802252757569,0.43173805546699745,-0.18791289591073984,-0.43277067849192458,0.90071641779111233,0.037675914842052828,0.18552235667332384,0.048085197130948526,0.98146282099285553,-1.0482580568952247,10.440960571719557,-0.99951647402662203,0.4251274217218902,0.2914172334771532,0.8853503184713376,1,5
-0.61516027342479607,0.77897290612261538,-0.1215691141977206,-0.77864832822473951,-0.62446351523671795,-0.061254380178240239,-0.12363097893630588,0.056978326274904893,0.99069109786156972,6.5583119545539219,10.797305004115772,0.81956160833054059,,0.1688838420950828,0.2352941176470588,0,6
0.43592466342131864,0.89996551159162863,-0.0056361127230963098,-0.89487281228218252,0.4341072901979724,0.10369913420636789,0.095772321989116518,-0.040161406133136561,0.99459274268326614,1.6489376607187534,-8.920496817609278,-0.793021361553231,,0.4928449234884003,0.2272727272727273,0,2
-0.16736608655751456,0.98511989529535293,-0.039081772780880389,-0.98553290277350036,-0.16824715168494764,-0.020439997571950516,-0.026711245221098624,0.03509541057141289,0.99902693734231374,-8.5571169996457659,-2.9025796626643023,-3.0080743522356768,0.4013667980272943,0.3620268730523934,0.5569871159563925,1,3
0.83323503118150122,-0.50296172321978672,-0.22967126025636295,0.53005632559299198,0.84482074664441198,0.072925974371512298,0.15735207183516575,-0.18250318083518791,0.97053228409683545,-3.6097723024272996,-16.497528247932426,-2.1036596584453902,0.2115294528220584,0.1449319203824537,0.1935483870967742,1,5
-0.78527723853290032,0.60890516318030574,-0.11213456601114488,-0.5985618554758031,-0.79292720227945745,-0.11397437016555934,-0.15831413017007082,-0.022382004772532275,0.98713508804563133,-16.655301198511321,12.034330980656122,-4.5815495896836529,,0.2259153446578132,0.3,0,2
-0.85436171250881254,0.51170996645254097,-0.090658559618763498,-0.48557535402131041,-0.84820878290625656,-0.21156189677672554,-0.18515571761651986,-0.13672882224983279,0.97315085644523047,14.613807429578825,1.193887173358388,2.4913662729498753,,0.4650859282907862,0.2826086956521739,0,4
0.026459487725658825,0.99892200012616739,-0.038140964503187082,-0.99955289831202587,0.025906180268071562,-0.014928941688796649,-0.013924761589522008,0.038518923762948458,0.99916084467257804,8.813998308460457,-11.329421448542483,0.88886973818220882,0.2052430530197599,0.2637189465818296,0.2444444444444444,1,5
0.89344318942075873,0.40425436452287872,-0.1958000920374281,-0.40825866454651011,0.91261738899303957,0.021315818779179201,0.1873075815346564,0.060892610978099448,0.98041213773999536,1.5851209469980418,8.6089892710198264,-0.43045400241117715,0.3446078201371709,0.5221904165847637,0.8,1,5
0.83110864294449871,-0.50089718199985589,-0.24157904852771828,0.52995623006374593,0.84504034322550192,0.071085951762274335,0.16853728916645228,-0.18710647072169817,0.96777391511369792,-14.759936330086523,13.959202514756788,-4.1780569514199559,,0.08107492979805395,0.1578947368421053,0,2
0.81968390942228198,0.56432114118342958,-0.098284984853418245,-0.55476534009170164,0.82481526552168904,0.10915674599091393,0.14266641534412963,-0.034948925245533037,0.98915361120355783,10.940243627704971,7.8504849008204038,1.7692986757969893,0.5350152300823053,0.2197240199203156,0.4117647058823529,1,4
-0.98551157659366573,0.011212375322714121,-0.16923715620244426,0.033935310625334968,-0.96460097437164505,-0.26152123228150181,-0.16617859998396292,-0.26347531740353936,0.95024493159736179,-10.846020210729522,16.945628466258615,-3.1558531996377259,,0.7211921510458442,0.5517241379310345,0,2
0.81969901522891431,-0.5234260907831596,-0.23263415897114056,0.54879838272958581,0.83399277494980606,0.057239727855005376,0.16405444079981829,-0.17458859876573812,0.97087844843465199,-10.585773391217623,10.579779713340951,-3.2219685267752722,0.210771307465399,0.1738804436253502,0.6349206349206349,1,5
-0.97443622568162391,-0.044657890699385229,-0.2201810956409137,0.099700902578656991,-0.96421191518568272,-0.24567277553477332,-0.20133000795796085,-0.26134470611099003,0.94401545140077459,-0.39851772583146761,0.84460379844816047,-1.0785874083608116,,0.09591960927377277,0.205607476635514,0,4
-0.54027258443237436,0.83982121393821907,0.052970398621289529,-0.83412851893329909,-0.52617584370003367,-0.16543456533837614,-0.11106371330413259,-0.13356388031909378,0.98479720829275486,-5.170418023274352,11.3058877443182,-1.954417788806728,,0.3332522539025707,0.4489795918367347,0,3
0.094913554177803408,0.99548056384895456,0.0031407375415099569,-0.99548225541010782,0.094904692805126534,0.0028597984490400497,0.0025488030409861764,-0.0033979821265040901,0.99999097861957065,-3.4670520945135279,8.5754373859565636,-1.6029292259547367,,0.1820848562758119,0.5964912280701754,0,4
-0.58730709117720736,0.80612208300857868,-0.072371043511048797,-0.79953742208856982,-0.59174379093641838,-0.10285522139474089,-0.12573898096028951,-0.0025442433270493341,0.99206009671438855,-40.673392792692276,4.5367822657368277,-10.057748671503262,,0.3197963523834584,0.4285714285714285,0,3
0.83735208415976958,0.5407223660780005,-0.080379163819363275,-0.5205156883107751,0.8335644450991323,0.18502360413994975,0.1670476140974527,-0.11309128476405865,0.97944139994936119,-11.885409797853013,4.1137621435483185,-3.6497194005682765,0.2715121787972994,0.1664567986589,0.1938775510204082,1,5
-0.19590868708948445,0.98062167911094211,-0.00095329980177743568,-0.98061287544607278,-0.19591096946002121,-0.0041569886480914212,-0.0042631950764887997,0.00012042787148966399,0.99999090529107737,7.7039036069206288,-13.676160128257457,0.56488391388181147,,0.3230004150165067,0.125,0,2
0.47023967765359631,-0.83888306453791117,-0.27413472890482976,0.87748111582251509,0.47762420266050903,0.04361206722671003,0.09434795670874821,-0.2610561722396077,0.96070189861397093,-22.564126620957051,14.428308619994104,-5.927252665304108,0.4252299086598666,0.2268558422939773,0.2962962962962963,1,4
-0.89355151476070793,0.41477810516994623,-0.17182786136268483,-0.41060754724920906,-0.90977885556354587,-0.060859478402906425,-0.18156853419806376,0.016172737588745482,0.98324529490257562,1.5840625652544889,-3.4869913312766889,-0.72156176153238305,,0.0789360762280856,0.2666666666666667,0,1
-0.79066942570046683,0.58457899864658702,-0.1819594834127875,-0.58768876557536864,-0.807989421935846,-0.042130853970427415,-0.17165015024460134,0.0736239660785247,0.98240304230996511,2.2278179896793606,-10.550779988631104,-0.66634370501359319,0.662838763971023,0.4190070487589362,0.425,1,5
0.15303096624461326,0.98333204430542021,-0.098181536005320147,-0.98764476309650007,0.1555784829287355,0.01879248726624019,0.033754189344416256,0.094092647383932582,0.99499106951267902,-9.1128012994187024,7.2343310103814327,-2.98006335380285,,0.07094602570426226,0.1707317073170732,0,5
-0.55447809742239407,-0.77820531881264343,-0.29487373781087317,0.82254383776386142,-0.56630440184479502,-0.052162816334133756,-0.12639491459525543,-0.2714697151118744,0.95411137680122926,-11.842225469288522,5.7432745931990556,-3.6139615472572757,0.2232794286393882,0.2633476831504299,0.5046728971962616,1,4
0.90836814615026262,-0.32966834509155252,-0.25726658023173526,0.37408233524985302,0.91557764611506609,0.1475804200712639,0.1868949370998354,-0.23029623570304225,0.95500467344796658,-2.0106999866373263,-11.694416782290254,-1.6530254868048684,,0.123613161009355,0.3043478260869565,0,5
-0.64887695607825358,-0.67254473521247993,-0.35586833942989976,0.7485911615452111,-0.64802385136596974,-0.1402724524530968,-0.13627167250390274,-0.35741945554039134,0.92394878866428443,-3.3075485233913433,-9.1812187364290327,-1.8822976767818977,0.7668073750052179,0.7463792831660262,0.708029197080292,1,4
0.73469106649507565,-0.58207967961833751,-0.34844265437478084,0.66134289061699636,0.72898295265498847,0.17666192506811312,0.15117743827266325,-0.36023201039584146,0.92053152083102896,-2.7971460896057425,-19.934027076485108,-1.9234545141605048,,0.3380563807552616,0.1666666666666667,0,5
0.53617494029570489,0.84103879835754058,-0.0719039154441765,-0.83387050192728907,0.54097346364033527,0.1095796406843514,0.13105883951275579,0.0012046967604158526,0.99137385949564316,11.052678841383061,-0.56720085159776834,1.5887914344209353,0.3741626223167498,0.3191705429637784,0.3209876543209876,1,5
-0.63980342238635124,-0.72873890452111467,-0.24411306753240034,0.75621367929982575,-0.65359807685895532,-0.030828966348152517,-0.13708556431124616,-0.20432611914202495,0.96925661467633351,-14.658783818951539,-8.4965058061519834,-4.2907556041974972,,0.2394793845057418,0.7931034482758621,0,1
0.76561464027612158,0.63207210415283333,-0.11966234891007492,-0.62197049629919854,0.7748126859082709,0.11321662196400879,0.16427697443097458,-0.01225385275832503,0.98633813611985222,-11.977330008145637,9.8253340402131872,-3.5938163002430925,,0.08066810704071981,0.1612903225806452,0,2
-0.83403775458446172,0.54745072946412798,-0.068401189586912811,-0.52534062511368329,-0.82592040678457812,-0.20462822205639855,-0.16851780776189487,-0.13473373915242082,0.97644690997572126,-19.614382355570058,13.142191363847001,-5.2766259241593971,,0.2336586567722006,0.3571428571428572,0,1
0.87444106534561161,0.45669824692127181,-0.16364453701932238,-0.45420603313745728,0.88922366597343383,0.054572441161278434,0.17043973333341736,0.026607952416583206,0.985008788879282,-2.4477218562535041,7.8202653553684875,-1.4180416474424629,0.516871591006927,0.4022677466513662,0.6590909090909091,1,5
0.95469985031012605,0.23742492032383969,-0.17938116686832772,-0.22092517517300328,0.96937684490497855,0.10724084826617186,0.19934959942924976,-0.062753006073722167,0.97791707083786539,-6.4713522788895812,6.4839620835573282,-2.3736586116647391,0.2817844877928726,0.5944151303539245,0.6356877323420075,1,5
0.97826623118602851,0.053150437740846164,-0.20042507799434708,-0.046271142054014294,0.99817290504824352,0.038856570108117432,0.20212412605649255,-0.02873817314142036,0.97893817734849475,-15.253836421427152,11.784246394519283,-4.2703294001094276,,0.181134995155177,0.25,0,1
-0.93771993045459856,-0.26850365763502609,-0.22042485763823158,0.28726809341240039,-0.95612863862682995,-0.057402690745368294,-0.19534168662993159,-0.11714867576808823,0.97371341432187142,5.9599847274515456,4.7899540872067359,0.51955320731721277,,0.06667022213411342,0.1212121212121212,0,5
0.74371782550416343,-0.62539752405883065,-0.23613922361277268,0.65311615109968058,0.75509720882682907,0.057162036306196276,0.14255907266848303,-0.19673876619267522,0.9700364780135261,-14.091856330811916,-18.965184926807517,-4.2504397712848796,0.5350772227738492,0.4734096425393517,0.9859154929577465,1,3
-0.27335773211465225,0.96186665328329846,-0.0093857122649829358,-0.96061632752457438,-0.2734827587641358,-0.049228568453258972,-0.049918148867257928,-0.0044409413804434817,0.99874343875357807,-6.7152363695949902,-17.010427523356022,-2.7573456777575633,,0.2268690645672798,0.1875,0,1
-0.25898857359931787,-0.91109916511134426,-0.32066061510326332,0.96402972442400592,-0.26437303780901089,-0.027451544703556166,-0.059762941460128935,-0.31623600081750303,0.94679627302550518,-3.9804097327942651,10.568531420034772,-1.6889513069827333,0.231707492366558,0.2199276963742629,0.6326530612244898,1,5
-0.037430498649543911,-0.92323519164247436,-0.38240781723669148,0.99929456170298037,-0.035751352032940872,-0.011498685953871424,-0.0030556049639183288,-0.38256845366640091,0.92392209711512163,-22.970772626261493,5.8161319144956982,-6.0311262429336789,,0.5867250123135691,0.5,0,2
0.52342346853612776,0.84204557687034032,-0.13033464258863123,-0.8447978093059203,0.53279299198165408,0.049480188835091761,0.11110595833495447,0.084207328471659362,0.9902346145505817,3.3673367541353314,6.7566244170877674,0.0036901743837562812,,0.07725942310564753,0.2051282051282051,0,5
0.25399300619801185,0.9651843377062439,-0.062503976265965849,-0.9651236397776527,0.25715470577478095,0.04906951436708662,0.063434318352391827,0.047860751607612093,0.99683771784113506,-10.521225258212553,1.9644347448911084,-3.3768589230729167,0.2240949337833452,0.2385472015665553,0.2537313432835821,1,6
-0.8368593358954266,-0.4977216466117369,-0.22790264241287289,0.52194151921387888,-0.85100404504556681,-0.058044515992418187,-0.16505605849340024,-0.16752694651961858,0.97195227235931669,13.29847075302084,-10.94742166712496,1.9888545161548916,,0.1301318945483225,0.4117647058823529,0,5
0.68427272666095074,0.71636928533851618,-0.13633005014145216,-0.71446571132387482,0.69602640212303379,0.071316161493267929,0.14597802194322634,0.048603441969140973,0.98809317502869898,-24.418816831008002,13.119624393312389,-6.2953649211819593,,0.1902156592114654,0.4137931034482759,0,1
-0.44449715177098292,0.89112813694394299,-0.09117524671916967,-0.89008605178407341,-0.4508360155355054,-0.067035121507383486,-0.10084196788502262,0.051356894794050839,0.99357604986744197,9.9781950487435491,-12.819432367650702,1.1440983496023638,,0.2326274541523788,0.25,0,5
-0.13409471196796097,0.98237668736718309,-0.13021003164007752,-0.99083505790852955,-0.13507061490892813,0.0013479642152781938,-0.016263340420441759,0.1291974191135585,0.99148551711700017,-0.45403644265044646,5.677741853938775,-0.95229396262035049,,0.09825178332444974,0.4842105263157895,0,5
0.48941693566377797,0.87193711469880808,0.01402608627508394,-0.86657302473372244,0.48448045100904669,0.11970749932196623,0.097582046962160218,-0.070741505502706178,0.99271012058399333,-6.5436787450664919,-14.582846900722062,-2.6736316286733031,,0.1455446197540454,0.1,0,3
0.89032490462872038,-0.34168060135862638,-0.30095835401774079,0.41786769118086053,0.87568162178595654,0.24200886333664293,0.18085396557730546,-0.34122729070448687,0.92241844041272225,-1.7910323442533052,2.7753815565065643,-1.3661889336119857,,0.1076910153043235,0.3888888888888889,0,1
-0.30436729544505109,-0.8519679083475088,-0.42604135082106465,0.94705963264185178,-0.318629194330601,-0.03941432151533731,-0.10216947530327852,-0.41548299564026042,0.90384472043047859,4.3683435983408989,5.0739813285824287,0.098069821952747563,0.508174247384516,0.5191954236757842,0.6363636363636364,1,3
-0.84195823784976398,0.51748360583771824,-0.15269919255226505,-0.4994269643969208,-0.85458238564531597,-0.14234343461514892,-0.20415443406940093,-0.043585133175815215,0.97796794590408198,-2.061680582843656,-16.271136752239538,-1.781067324713691,,0.1497890258858678,0.3076923076923077,0,4
-0.067227221864060993,0.98845723984629386,-0.13576739533440113,-0.997662671670974,-0.068265550290880828,-0.0030013659921239912,-0.012234957898405887,0.13524828885768006,0.99073619403264723,-3.9743768962941086,6.5743811453084415,-1.8174788057072246,,0.07586996580594749,0.2432432432432433,0,5
-0.35757877454344494,-0.82348226086014942,-0.44047064152411464,0.92956536693060499,-0.35915067614661916,-0.083180649351854943,-0.089697539538040022,-0.43918988817148696,0.89390524863026677,11.2138259699586,-9.9068697793298792,1.5160631208269582,,0.5195049389076816,0.25,0,2
0.97460030113357599,-0.021454776869379397,-0.2229213887894739,0.036028486584357929,0.99745564089689254,0.061515791447478763,0.22103438914518109,-0.067984829134551061,0.97289355112610476,7.7771215420155908,11.498572782237844,1.1607809761590313,0.5425120893163737,0.2319411404993413,0.3809523809523809,1,5
-0.20301183684285715,-0.93734687832672015,-0.28313781766631407,0.97793386450214226,-0.20865468501309173,-0.010420128693737414,-0.049310757057621474,-0.27900546968337597,0.95902262597144394,1.2087040309728276,-5.2661105607646723,-0.80031556968800799,,0.07165046101944242,0.2407407407407407,0,5
-0.62259031257876829,0.78153468957548111,-0.039809944401211612,-0.76534154424721634,-0.61872182767008999,-0.17730093235476438,-0.1631981106886865,-0.079917638570840735,0.98335118229089613,-3.9649038661458689,-21.542412943825827,-2.1434266682020526,,0.3428946928098647,0.2666666666666667,0,4
0.50216948929410321,-0.80617016903079719,-0.31291446528876904,0.85878053451584102,0.50741034304201016,0.070927690718622191,0.10159624775938567,-0.30434257398340819,0.94712924149894584,-23.736565658698456,2.4524866078071765,-6.2590001057183979,,0.7423324115653404,0.6,0,3
-0.27075170097064782,0.9600287949370524,-0.070980485439393129,-0.96098257958590338,-0.27388416222897322,-0.038729154555139117,-0.056621534365675116,0.05772502552484865,0.99672555062777057,-14.146785021757362,12.048409904728123,-4.063420013287236,,0.203452269330404,0.5263157894736842,0,5
-0.19595696168242327,0.97497141046308444,-0.10503150930943224,-0.97999457552474356,-0.19850870426941905,-0.014315246115719441,-0.034806624517046005,0.10012513724784776,0.99436585610168116,-7.5629335192622964,-22.95705367462979,-2.7373179041054385,,0.09778812701190266,0.1,0,2
-0.4070199060464405,0.91190284157503865,-0.052611820053281841,-0.91014914512311651,-0.40975895318420247,-0.061042066782250944,-0.077222598464496237,0.023039266758273353,0.9967476423215833,-16.208873110259912,9.2617723436157569,-4.5635464680632367,,0.2033289894061235,0.1935483870967742,0,3
-0.97877560785445361,0.048081850324971573,-0.19921457059781797,-0.034512225168992453,-0.9968763295493871,-0.071038650733438499,-0.20200795970216306,-0.062655560435365479,0.97737764705537467,-6.7280541785752259,14.583186929144937,-2.2457605214980019,,0.1291349407778528,0.5777777777777777,0,4
-0.30081014148160923,0.94608630680560801,-0.12014141191420731,-0.95102763721091021,-0.30697852211905996,-0.036202489122040438,-0.071131512305362049,0.10336772722916381,0.99209647762938358,-0.58283839040038043,13.439703577726419,-0.83193019559291448,,0.7798145342729571,0.7619047619047619,0,4
0.95605145304167949,0.22164696643618326,-0.1919329086074936,-0.20397758018222636,0.97304066363395714,0.10763370149629187,0.21061520818758186,-0.06375334645669116,0.97548795220426798,-15.671038962494791,7.0389075909425802,-4.4875902403093653,,0.1668792550627965,0.1785714285714286,0,3
-0.92014242947958824,0.38045859490628864,-0.09267775910829025,-0.37408422101561078,-0.92400980300557267,-0.079163625085937162,-0.11575363950453302,-0.038172522991488302,0.99254418210471618,-10.613882997690204,13.561929180629482,-3.2049341279967658,,0.4856059500099746,0.6785714285714286,0,2
-0.2673895236665233,0.95480834255532576,-0.12978394207352137,-0.96211837229360553,-0.27198611535949818,-0.018756085592523931,-0.053207897238042798,0.11985233430519038,0.99136488622156915,7.4311915414641589,-3.6506917795952134,0.65255024745643286,0.276783146134609,0.1933320845831973,0.4594594594594595,1,5
0.46460843058217444,0.88538721990186742,-0.015115457863149641,-0.8750355041966642,0.46166103396148883,0.14554022164645841,0.13583767013336223,-0.054392651673298292,0.9892368608259039,-33.661893827274355,4.3978760868028139,-8.5046728309334263,,0.4016934126111722,0.1875,0,3
-0.61640388676863545,0.77142832993202837,-0.15793853283730824,-0.7762516515127369,-0.62898156801782013,-0.042609395883932741,-0.13221052114059897,0.09633544971673938,0.98652919836546449,-10.312706277645464,7.4085598218626334,-3.216965966122157,0.2286424467385565,0.2519701073023151,0.5192307692307693,1,5
-0.96471845024479164,0.19412709467969247,-0.17785663571683,-0.18154600233080984,-0.97973398963604186,-0.08463071894735133,-0.1906813068839969,-0.049355654823593692,0.9804104541170221,-9.5341228879993842,-17.469486029559675,-3.3412600924769658,0.6920537666662082,0.6864404977541014,0.9506172839506173,1,4
-0.32120873204876238,-0.82219716538455212,-0.46991145090243802,0.94421932507890283,-0.31610862546801755,-0.092332026146197552,-0.072627932664835471,-0.47335732606386122,0.8778713033574479,-10.276222202046522,12.232993263916532,-3.1587288552940964,,0.3480937771656496,0.1304347826086956,0,1
0.77890106907491063,0.62709078599997092,0.0083827625458357431,-0.60511689453431938,0.74796169202762075,0.27273952997011658,0.16476246096457392,-0.2175096627120672,0.96205139056278099,-12.974879007446708,-3.2803145337744364,-3.9633703931879287,,0.113248781243849,0.5714285714285714,0,1
0.3705616009960182,0.92510660331730432,-0.082836419321390548,-0.92452726134374741,0.37593654600328336,0.062618339257383249,0.089069876498731548,0.053380575847799754,0.99459392277585301,-9.2806942277541999,-5.8911094326753055,-3.1513333296887436,0.1467140700939535,0.1257492084812193,0.3125,1,2
0.51773025985790866,0.85201833180427711,-0.077589563066938441,-0.84670373699662682,0.52327270817990523,0.096324735296880237,0.12267094107166897,0.015825142764714143,0.99232122071084761,-3.7321482479398314,-14.099327957288523,-2.0726613576709574,,0.2787995631257348,0.3333333333333333,0,5
0.31941649679259398,0.94717314312270351,-0.028916059963380467,-0.944010883824005,0.32071228708431399,0.077376224610470001,0.082562417591589998,0.0025818327226254704,0.99658255119243644,-15.459321713595312,-26.302206210613036,-4.1916092753333052,,0.324923834374135,0.2,0,3
-0.67311452909314595,0.72853479673493216,-0.12709791764660874,-0.73088684936597992,-0.68155308396013925,-0.035913885452500779,-0.1127884929750573,0.068720038495441366,0.99123978540088942,-9.6765312561121011,11.142685107718895,-3.0209585523974725,0.6880720170094549,0.5157394665056256,0.7162162162162162,1,2
-0.3823931281772327,0.90623821584281139,-0.18029917267937565,-0.92129412766970975,-0.38886600125342508,-0.00060281877771281578,-0.070658515722720652,0.16587805525508223,0.98361163318692668,7.7126725631297264,3.931427208589743,0.93434375018698268,0.5910738601748557,0.5281369091724212,0.8373205741626795,1,3
-0.95588658617282296,-0.2088359723212089,-0.20656323738633039,0.22088285338483743,-0.97460494216882343,-0.036823522111228996,-0.19362747598271951,-0.080825388120064387,0.97774007649262407,2.2466302947548926,20.642181140720215,0.10491668883724024,,0.3089873789400179,0.7741935483870968,0,4
0.53309002292830243,0.84511782734234075,-0.039885904307959422,-0.83838986341306787,0.534003722455894,0.10928156902911804,0.11365502356042012,-0.024816976274516594,0.99321027648130533,-7.8968922594572026,7.734475606470407,-2.6834404667221414,,0.1697081699655373,0.4883720930232558,0,7
0.40849536931925584,0.91003980590099531,-0.0704207705184033,-0.90759991117262306,0.41316756911244285,0.074531611234183115,0.096922311591158217,0.033468067010143612,0.99472908573462004,-9.3705434045437972,13.966622607205128,-2.9250839247156821,,0.1275284066925088,0.2173913043478261,0,5
-0.97658281959172832,0.075539761266482722,-0.20144413852498674,-0.074069165193337519,-0.99714269803973421,-0.014839087357470944,-0.20198949290949095,0.00042920140190986562,0.97938759464285885,0.65665974403746619,-11.15094652477384,-1.0820076085169106,,0.07955401282801786,0.45,0,5
0.86609602067000679,0.47684430862528498,-0.14999062741135893,-0.4656584475325275,0.87873903771302797,0.10478508405673609,0.18176879055870757,-0.020909541622308018,0.98311896423981648,-13.21375090386012,-10.562138452598127,-4.0187295699803673,,0.1223627962010932,0.46875,0,2
0.87288145172002363,0.45430642679863797,-0.17799899385276949,-0.44823300820742373,0.8907352750987978,0.07535144356940339,0.19278262783889066,0.014012147020461283,0.98114143635839257,-15.588754941359761,10.108870556236838,-4.3964165064238534,,0.1266718832730405,0.4,0,3
-0.92071618440522762,0.37305880727959728,-0.11449381679987071,-0.34090598054821619,-0.91171847284803587,-0.22924340490863354,-0.18990739901524961,-0.17203648618467207,0.96661193207020435,0.46890190733748971,0.9370336708189958,-0.85925180878544216,,0.1310147668973699,0.1467889908256881,0,4
0.79415081315662039,0.60732581456123091,-0.021905271744873205,-0.58587032249848647,0.77467837462838696,0.23796928604053191,0.1614944307962321,-0.17614985339380285,0.97102563198462677,-7.6954501191874165,-9.3158606491145743,-2.8778672307816735,0.8812678688217498,0.4678358509688136,0.1851851851851852,1,2
-0.97115961156271324,-0.070280803187522917,-0.22783682224933552,0.09800609707592732,-0.98877875884771438,-0.11274471600707515,-0.21735642112737905,-0.13182251232201886,0.96714994258377918,-2.0230586635323307,12.735556445800242,-1.2036135219760753,,0.08862400357447009,0.325,0,5
0.1575670056518943,0.98689940101019424,-0.03467291472626384,-0.98673197204361951,0.15873802892136937,0.034091839508410833,0.039149126130792189,0.028841124455841347,0.99881706806768022,-1.0863182835922167,6.6709889556679443,-1.0614866387718926,,0.08200089833380152,0.3095238095238095,0,3
-0.51131652773376857,-0.76669358418806255,-0.38824780286711819,0.85216441932249609,-0.51079629644740132,-0.11359113511349261,-0.11122594529621059,-0.38893198827106118,0.91452758164665759,10.474183282775446,2.0915592452909739,1.5257523868438232,,0.6705930595455185,0.4915254237288136,0,1
0.89805068924720943,0.41007149562500261,-0.15920530147732459,-0.3793417050815821,0.90517938131691811,0.19170330832961516,0.22272141865660436,-0.1117660776559455,0.96845418763976399,-7.7006538166533787,6.8407380081624529,-2.6375295688572686,,0.2829369798047923,0.1578947368421053,0,4
-0.88663101881306661,-0.37374812246487771,-0.27239268975595082,0.41177488287696673,-0.9061019661887636,-0.097060149909819565,-0.21053950296835836,-0.19822100752149088,0.95727819878392795,-6.2400051508842465,-15.758086036570756,-2.5832492779489069,0.6248556064060754,0.3229617950913193,0.2391304347826087,1,5
0.11527647012434646,0.99211107704068235,-0.049264046208658534,-0.99283387030956305,0.11664941946617027,0.025958021965080288,0.031499863520416102,0.045918664520906954,0.99844841371340376,-9.2925786090313593,8.4470777592198178,-2.9563417992169803,,0.2064342473334794,0.2222222222222222,0,5
0.71498276975973774,0.6917150323897141,-0.10163637593299017,-0.68239729525305648,0.72207085495375911,0.11378757338857855,0.15209723987636342,-0.011999766349609984,0.98829268702624118,-12.928246240764484,-6.230370619607184,-3.9420690818052084,0.9380478000051867,0.7103127426009108,0.6477272727272727,1,1
-0.93119435886736168,-0.28068906781485697,-0.2325741026486601,0.30655949221152112,-0.94822325380334305,-0.083029745763878435,-0.19722663042453767,-0.14861462968303829,0.96902804298717571,10.136879141806107,3.2170770622896945,1.4435401779269452,0.1869517892927509,0.2132925663785478,0.618421052631579,1,3
0.96683921093779357,-0.14896802748074039,-0.20743786294137476,0.16232138695274373,0.98552969239017518,0.048815906783206735,0.19716416391151018,-0.080868734414645482,0.97702944697857053,-12.539585835536624,9.2269716888092876,-3.7278563987629254,,0.07624914985210908,0.2558139534883721,0,4
0.97881877204153211,-0.018814600683042523,-0.20386226306073879,0.02863776055547981,0.99856092651748218,0.045342636700078751,0.20271578668045365,-0.050220382651728054,0.97794898793180418,-11.656892644830851,10.8785401474117,-3.5055981110870853,0.5496347946737885,0.5555062032005952,0.8384615384615385,1,5
0.042431519093732654,0.99426301999864442,-0.098186624601182687,-0.99897934754998186,0.04374434953305277,0.011255889682396349,0.015486424894415729,0.097608805684248942,0.99510436221377518,-25.721902169279552,6.1269975765298188,-6.6893905710110229,,0.1994423162694923,0.32,0,1
0.42970761671817459,0.88534983134844292,-0.17750222608652225,-0.89654848119555919,0.44172666778304148,0.032838572368898256,0.10748109136179922,0.14502836653763568,0.98357236027610218,-18.344385584650972,-0.24915196514383561,-5.0845454567246948,,0.120229487056837,0.3684210526315789,0,5
-0.61657596408555126,0.76455886188907574,-0.18783989783551192,-0.77808208683747493,-0.62815660501692194,-0.0027469467151301145,-0.1200930749652704,0.14446115838002016,0.98219581910375187,-5.0359567187642718,-7.1503611596119372,-2.2764928391699333,,0.07294423956801459,0.2127659574468085,0,7
0.64281337597689125,-0.69845873157577487,-0.31455740962621215,0.75613455835152854,0.64431730815777655,0.11452395415307894,0.12268452767864231,-0.31146525760328003,0.94230456858406042,-22.156822569340314,3.448838632101539,-5.8991930179066214,,0.07125433392547884,0.4,0,4
0.97356784836472976,-0.078959426887528897,-0.21431531334942924,0.096373671979076231,0.99273434557291818,0.072046057971130686,0.20706945689729436,-0.090796079350945122,0.97410385072370842,4.3721720957052401,9.2451986927719148,0.24054459483188198,0.3571993470286632,0.1436860565444646,0.4310344827586207,1,5
0.052935972426106426,-0.92273270296864196,-0.38178808480030735,0.99805089066880304,0.061540515455808839,-0.010352999210005641,0.0330484864783777,-0.38049589200097494,0.92419190307634236,8.7548531434605774,-6.956079452556005,0.93042685278819859,0.5194827833532232,0.5295573316996712,0.7563025210084033,1,4
0.97785660833848065,-0.032711552269337502,-0.20670367165798789,0.0569949352418768,0.99199995019685638,0.11263958525406623,0.20136541630959656,-0.12192642518159953,0.97189809957469198,-17.791541720296681,9.2229408514386471,-4.9129210122678755,,0.06721579212459858,0.2380952380952381,0,2
-0.67635814086847545,-0.65777411935878205,-0.33147077274281533,0.71461420112176588,-0.69505802770071323,-0.078872566104416314,-0.17851108883215278,-0.29021982363473026,0.94016288223551259,-42.371799088919396,12.817289971117427,-10.543844098754811,,0.527584134207646,0.5416666666666666,0,2
0.22993901304610928,0.96379814765962624,-0.13498585424871121,-0.97197342500356088,0.23440411183871177,0.017954760927167808,0.048946004599234719,0.12707416307407948,0.99068483672295804,9.6939559463754961,-8.6710228392358548,1.1223795940814507,,0.1187913333676664,0.1875,0,5
-0.41736923087589745,-0.85833831523968307,-0.29842630867529729,0.90377737002508696,-0.42633336017325807,-0.03776680333196579,-0.094812396597693471,-0.28547364606015896,0.95368517177133483,-8.4151774217275079,4.4064830731618674,-2.8391997524172257,0.3774380629433509,0.2909065898875531,0.328042328042328,1,5
0.50759597676988111,0.85049111106519082,-0.13788108777539923,-0.85448335897600425,0.51743741019378553,0.046007779396890457,0.11047404039010815,0.094463731299610554,0.98937964900681052,2.636898984747758,-11.300432130780329,-0.622994246801303,,0.5098274244223701,0.6428571428571429,0,1
-0.84134837638291149,0.53185710383374429,-0.096233729323041986,-0.50096727849217426,-0.83419678224644367,-0.23053744678429919,-0.20289084611678018,-0.14575235706931508,0.96829311418121533,-17.667270369906294,6.2058274879156761,-4.8648608905633761,0.7911731539900538,0.3240650510444572,0.4285714285714285,1,3
0.60912621804802014,0.78301114218656098,-0.12593173427779228,-0.78071031351189002,0.61995107183393661,0.078435163722138809,0.13948712077708567,0.050539289109067562,0.98893332606079598,-17.975957772865126,11.926326921658848,-4.9191886087058236,,0.5704421171400131,0.8,0,2
0.093346420890115009,0.99323843270395196,-0.06902073244180007,-0.99487286121433383,0.095760295026845632,0.032526234266770586,0.038915751646484538,0.065630646013646196,0.99708484221635862,9.7731677535275594,-3.997329113270002,1.1955556601491897,0.4703204034846624,0.3409646741630963,0.1111111111111111,1,4
0.91195998122550725,-0.30840806518280506,-0.27057985507678445,0.34956979431790769,0.92933108351820026,0.11893147652083592,0.21477884333358022,-0.20304729138082397,0.95532290138947429,13.600620198082336,-6.4896558669305264,2.1238865349977623,,0.3610789853343299,0.9,0,5
-0.61332770279564386,-0.75971396010519643,-0.21601811915832259,0.77830779300544428,-0.62788086931854881,-0.0016103697645540962,-0.13441022405462233,-0.16911626995964663,0.97638802681337888,-9.3025573113595144,-4.6347275123227343,-3.2250032730935994,0.2161460554107164,0.1728737375306914,0.6405529953917051,1,2
-0.57954575504117811,0.79983394847835843,-0.15618057713835895,-0.80706114534694806,-0.58988856071057072,-0.026149447682209614,-0.11304435184928281,0.11089247406533535,0.98738231385347675,-1.1963015445945642,4.7051679062857925,-1.1531213544786842,0.3355329375711875,0.2392795244845704,0.6985507246376812,1,5
0.76608924873933126,-0.60287451224932853,-0.22282186931749212,0.6227298419712034,0.78203339095873203,0.025126069014214877,0.15910627544043407,-0.15800663880268245,0.97453532271013743,4.6039857464104346,4.2753121524421571,0.16582518656639969,0.9484520018419234,0.7569653661212917,0.2580645161290323,1,4
-0.88756036328798849,0.42562863540693735,-0.17628631892952837,-0.40956760741166653,-0.90421103579376993,-0.12106517958456042,-0.21092884221741182,-0.035251488910221083,0.97686557726763823,-5.402073352229773,12.698870782368759,-1.9412737544380638,,0.1614398088694668,0.2272727272727273,0,2
-0.88737014534497805,0.42838391879192006,-0.17047417185870686,-0.42119707881374951,-0.90359355290733445,-0.078177438836699503,-0.18752932023872534,0.00243089793686023,0.98225599758210891,-8.3184109105945296,1.7691619635291171,-2.8617267092687828,0.3899572571785874,0.3559049849984861,0.5747863247863247,1,3
-0.92022500838304466,0.37771021659374299,-0.10257156636775797,-0.34847903176681738,-0.91000545204210437,-0.22461620972785709,-0.17818052184593267,-0.17095341334514266,0.96903386530108326,6.418832469084637,13.339407783986667,0.86945918673956313,,0.4072035046101711,0.2941176470588235,0,5
0.97243809365061762,-0.045258651185342211,-0.22872649280316598,0.12040530701577815,0.93753335093550672,0.32639512546310623,0.19966651211354741,-0.34493893717080454,0.91714252630869064,-7.5391332153092954,-5.2137537618938978,-2.8084903763810014,0.4336273987125263,0.3150223958066214,0.1758241758241758,1,3
