axis_00,axis_01,axis_02,axis_10,axis_11,axis_12,axis_20,axis_21,axis_22,location_x,location_y,location_z,dbh,dbh_approximation,score,reconstructed,number_clusters
-0.90532652147832915,0.35114581117302129,-0.2389152753667908,-0.37326584513667627,-0.92620129294879461,0.053139192639563133,-0.20262403204544011,0.13728723260238937,0.9695853327077647,-10.464246886894344,9.4023273163613688,-4.912953115342062,0.355576451199645,0.2930731818979904,0.926923076923077,1,5
-0.52310131715015362,0.85220058997149128,-0.010916338581045392,-0.84974604317644653,-0.52249420297954563,-0.070224425656190331,-0.065549020600972771,-0.027458374041648692,0.99747148510282857,0.11344855716887962,26.353179347080378,-4.416614433259106,,0.4336536576682797,0.1,0,1
-0.95947993652529084,0.15419111258622334,-0.2358460349568044,-0.16172063130155062,-0.98675355126656639,0.012801034108526635,-0.23074810685431757,0.050423505057089132,0.97170611880388347,-16.549034581921816,24.141888889236984,-8.0586392221592558,,0.1148427692551425,0.3333333333333333,0,2
0.89533203619656421,0.37169951414903624,-0.24539766938886165,-0.35949984363047766,0.92834612783171067,0.09451629155617651,0.26294563580667535,0.0035969599998397898,0.9648039461408644,2.8125377760783765,-4.8401861720323831,-0.52008553019150983,0.2876842720722738,0.2526897266534351,0.8895348837209303,1,5
-0.95856584486286156,0.19458343684030913,-0.20805962407387316,-0.16288108859069997,-0.97357101047357064,-0.16009134437869901,-0.23371194244594473,-0.11956911671867482,0.96492588020285774,3.528650448310847,-8.9862283815005952,-0.071329861706313766,,0.2963345260533319,0.1666666666666667,0,1
-0.88601871610626592,0.39264736663960975,-0.2465742893741848,-0.42080355426815924,-0.90428280257214166,0.072090094240179675,-0.19466690377331425,0.16763251010246627,0.96643889518792558,-4.0651396927951327,9.3466144086495735,-3.4563770229251825,0.2515815681270206,0.2292163890118064,0.8855721393034826,1,5
-0.83833631196203051,0.50782508866824039,-0.19825717481341287,-0.51593254410670442,-0.85654024518237959,-0.012345781242770507,-0.17608474657813505,0.091937411873537364,0.98007228015106684,7.2381087450117372,1.5371110891734765,0.078611373134704857,0.2474375675387792,0.2199046051501274,0.6826347305389222,1,5
0.50688072699591724,-0.81733367664685586,-0.27392989909650622,0.86124440080474096,0.49362054498225372,0.12081738142297641,0.036469311517664367,-0.29716059393929506,0.95413079330198358,2.5703884804344646,23.810519231827985,-3.512894270121083,,0.1577131956847702,0.3636363636363636,0,2
0.51440735842350338,0.83820904545539154,-0.18108193094981215,-0.83415661384293516,0.53807538166568536,0.12106868805522555,0.19891659855788676,0.088772066338947908,0.97598755476495314,12.870572061513899,16.69819260478581,-0.039221059608278735,,0.1327418861585387,0.4666666666666667,0,3
0.96665061543459718,0.020853123922294034,-0.25524837884420709,0.016100908318999296,0.98975915402484682,0.14183644727404474,0.25559215252275963,-0.14121601979485593,0.95641554113370697,8.6532772265138256,13.472230064763481,-0.75610909671370152,0.2804766382937479,0.1940960439935345,0.9148936170212766,1,5
-0.95142045066430103,0.15824213302913098,-0.26411844576274507,-0.15624487513454458,-0.98730152373344837,-0.02869216317743923,-0.26530485305008633,0.013968842758117118,0.96406338296819005,-12.29461947270123,-0.062198914812398649,-4.5392310792070898,,0.3021100361459665,0.3716814159292036,0,2
0.81587664246958447,-0.51533259763712802,-0.26225487237633571,0.57084905711489653,0.79007459350508269,0.2234132733049061,0.0920687692086299,-0.33198561792696507,0.93878053411117346,-17.258848121683588,18.862206578048728,-7.6040715838713684,,0.2628078559960307,0.4285714285714285,0,5
-0.40579164018083191,-0.82843333877471592,-0.38604578480528257,0.89582777987196627,-0.44424778188545083,0.011683197315837007,-0.18117873376589749,-0.34108959452969739,0.92240563470446812,15.401182413272174,24.80424254411146,-0.42362061652352923,,0.4333897789529161,0.5384615384615384,0,4
-0.7439701061626609,0.63096376369588136,-0.21998456772930022,-0.65371697206621282,-0.75545907603527529,0.04399664610525339,-0.13842904886223018,0.17653983499101916,0.97451069008628266,-24.617334316125486,25.147322658790259,-10.100546280883007,,0.1088973599718498,0.5384615384615384,0,1
-0.77304974207071442,0.59016718006699553,-0.23258717904513276,-0.61724674365307564,-0.78438183705703524,0.061250233833885601,-0.14628928099514643,0.19091315634811915,0.97064494692916559,-9.804437674987792,-10.288845892814461,-3.2909882783338356,0.5630250117672255,0.5723969556866717,0.9918032786885246,1,5
0.031070091491758694,-0.9387384475250683,-0.3432270044051281,0.99703577897151285,0.0049263301325270115,0.076781421724879867,-0.07038682309468329,-0.3445952094989852,0.93610888080660171,9.456748938887781,15.811283824532817,-0.79663140915265029,0.1960663565495181,0.1214041169285627,0.4545454545454545,1,5
-0.90710765048229725,-0.31974341910369808,-0.2737149180741969,0.33117957703369044,-0.94355614956816214,0.0046776455499791762,-0.2597610405589596,-0.086405662730993149,0.96179949223096695,-14.707821715357321,-5.5875549406870464,-4.7885417783390238,0.2617598915968047,0.1999243430037901,0.5510204081632653,1,3
0.91917928719892483,0.36454412644446521,-0.14905374151398945,-0.29978820803536749,0.89307211385147234,0.33548357602691575,0.25541430717056662,-0.26368500020992075,0.93017941944383764,22.294593776319921,8.0434191357533216,3.4614170175823271,,0.4154956839630023,0.3571428571428572,0,2
0.93821028324989408,-0.19819592372104228,-0.28368969002153616,0.26715941512175206,0.93587447437799631,0.22970593183353344,0.219971160191412,-0.29130283903194515,0.93099696275335531,14.81422109957211,1.6773648699747192,2.0272810619275807,,0.8593788560556899,0.5490196078431373,0,1
-0.96617816806359602,0.0097718947212715075,-0.25769023580809375,-0.013811707759637724,-0.99980839085575546,0.013871492464355924,-0.25750530923854159,0.01696147540701283,0.96612800604577342,20.39986042633943,-9.7919428337577621,4.4404398150450186,0.7360894243485299,0.5560208874090812,0.6578947368421053,1,5
-0.015095367381262728,0.99901526990031775,-0.041720742917865837,-0.99891584682695755,-0.013229909644179905,0.044632952499113192,0.044037039428258179,0.042349262057334212,0.99813189467203811,17.43915551932588,-17.325652106529727,4.0979233380511086,,0.2707579755863144,0.2,0,5
0.31314305010179488,-0.88720635097666101,-0.33883081465477832,0.94956818075856952,0.28641559436197228,0.12761809196637119,-0.016177152524588491,-0.36170567882320315,0.93215197346958434,-15.567957729666759,26.374977526917501,-8.1011278537256377,,0.2336157802791692,0.4838709677419355,0,3
-0.82643706769657932,-0.47911040214127548,-0.29572790821480771,0.50751903444128943,-0.86133756695479979,-0.022847875878689992,-0.24377490194206156,-0.16896987397880142,0.95499894181654865,15.858548851675522,2.4452541822219946,2.2931837922634757,,0.1457834625862551,0.4285714285714285,0,5
-0.73805478952245951,-0.58535642513755526,-0.33560837774575858,0.62925475535326991,-0.7766494887472537,-0.029223697471854129,-0.24354379591411263,-0.23275185751957234,0.94154818904447712,-32.406235289986405,17.215049738554896,-11.136136185613163,,0.2352538971235464,0.3125,0,2
-0.46944129766108322,-0.77757989045591236,-0.41832329842939558,0.86600271055084432,-0.49788608304908172,-0.046354650517866136,-0.17223290443137931,-0.38402989761815948,0.90711458171860393,7.4413500900766527,-8.9598238169047892,0.90708769869075034,0.5738574036502394,0.5891219734932528,0.6582278481012658,1,5
-0.26562151506253084,-0.82486134976943359,-0.49904805819924197,0.95220796724111911,-0.30544418142342178,-0.0019593767153083118,-0.15081511150551949,-0.47571798966522627,0.86657209535644197,-0.21021439824607233,15.913609988227568,-3.2304540049061341,0.2961873229300547,0.2421887914849259,0.3666666666666666,1,3
-0.85554194006044304,-0.45126190483444412,-0.25379259650904157,0.45052931152944714,-0.89042855780973851,0.06450056503372982,-0.25509082353235374,-0.059158065232537353,0.96510569113829592,-5.2547808054082763,4.5033614903714785,-3.2415774127303529,0.2448796596105828,0.2285253426965473,0.8492647058823529,1,5
-0.93681858119531802,0.28451953750888942,-0.20351800584449659,-0.26879435195722895,-0.95781017243454081,-0.1017313616187781,-0.22387617622937525,-0.040599339362172512,0.97377161149844116,-6.9481351401597422,7.9303164607582906,-3.9876223882075501,,0.2632507535765355,0.2386363636363636,0,3
0.8138736539957554,0.52760800941222319,-0.24339158517843101,-0.52280116257464215,0.8477438199652616,0.08949502847259011,0.25355200599127681,0.054407757854727734,0.96579044111185008,11.469555226751952,-7.5723027324922398,1.8864968233663715,0.2874799338728858,0.2648689781551806,0.8256880733944955,1,5
-0.75927640267532548,0.64638682274162174,-0.075388458840917785,-0.64363097703249961,-0.76300322632479622,-0.059709647647115435,-0.09611716675291504,0.003186220950241203,0.99536492717568137,13.97514356778683,-17.128063805402892,3.1147469933339553,,0.7480552243316032,0.5238095238095238,0,2
-0.54434347438350117,-0.71410515270398078,-0.4401636204614397,0.81304923523085659,-0.57829405574955906,-0.067282435859926493,-0.20649727113600697,-0.39449944989359625,0.89539324380242702,-23.676280462146792,17.75617233439619,-9.0320805107997142,,0.2639672832750862,0.1,0,1
0.96199354944883908,0.14666090777650254,-0.23034536884642651,-0.070251180904148877,0.94805941595402621,0.31023880383099012,0.26388100045360718,-0.28226569389687312,0.92233014460578089,-12.381903356491023,17.248512922990333,-6.2827452503075571,,0.543183933101992,0.3333333333333333,1,3
-0.60652673935841261,-0.6911564012953374,-0.39297346397909821,0.7573892340170657,-0.65262084856812519,-0.021155997004734237,-0.24184057277118751,-0.31046554875331983,0.91930641268241231,-36.011424325742489,22.353671472626996,-12.549432219291973,,0.3953122505425535,0.4523809523809524,0,3
0.82369607887230578,-0.482969829719397,-0.29709411510698963,0.54271533333088728,0.82328662062264901,0.16631057474280803,0.1642706200692407,-0.2982269000015853,0.94025309331983187,18.814834316216178,-9.6750118646993037,3.9753046809773518,,0.17039856803776,0.32,0,5
-0.38888057099672368,0.92114119078034751,0.016456249543122924,-0.92094441757245948,-0.3881855412003416,-0.034254420811358696,-0.025165079840641053,-0.028476169875201563,0.99927765235986998,-12.041409735016146,-2.2953773754566886,-4.2977110811082442,,0.4689922370824112,0.1442307692307692,0,1
0.5047900373622074,-0.79085135401427986,-0.34603634785039505,0.86134503497682224,0.48800353738000662,0.14119942714251976,0.057199203671348925,-0.36933275424524553,0.927535211051841,6.3134736102376721,19.91218244979386,-2.1153615547865909,,0.1406842703232209,0.1612903225806452,0,5
-0.51474511931932054,-0.73621140314175837,-0.43935205931118815,0.82970371818335875,-0.55684008884778569,-0.038998147195735321,-0.21593795907539845,-0.38460614313350955,0.89746805653143924,27.556938108778773,15.130932968775289,3.9117918856647047,,0.3280866681313346,0.25,0,4
-0.95156572457512612,0.19487087199159636,-0.23779826547527758,-0.20903690677270914,-0.97725838544550869,0.035631722991398544,-0.22544676405021533,0.083614540157037801,0.97066078794479727,-27.524718819058325,13.48765365707464,-9.5114012302119537,0.4885316258755206,0.4047251960349438,0.9453125,1,5
-0.64484286818084358,-0.7005248253394275,-0.30568389627107967,0.72702630616752539,-0.68558664840760353,0.037465953419517375,-0.23581862839204953,-0.19808058109868856,0.9513956368908254,-10.488733332531993,-26.847557105043137,-2.9322248253915912,0.2658216952220934,0.3365383458271546,0.8695652173913043,1,4
-0.83847224573385926,-0.47099583165528197,-0.27409345066485274,0.48577229991462312,-0.87394347112452964,0.015750616320142158,-0.24696065631933023,-0.119940551283359,0.96157407327161659,-12.515984354160553,6.9625210754544504,-5.1737929308900625,0.2525543324214652,0.1277073542969199,0.4862155388471178,1,5
-0.017043358240300926,-0.95447735351032681,-0.2977960805246011,0.99618766373830636,-0.04169554540185056,0.076626497435658331,-0.08555502647715961,-0.29535480888173155,0.9515491970018829,-37.638982449221807,22.75760789792718,-12.978808519758481,,0.2712161490501235,0.25,0,1
0.42849982976201001,0.88053939729316089,-0.20257903570835242,-0.88319672219780687,0.45549873398929397,0.11173384998826942,0.19066055122384168,0.13103920462498195,0.97287063942657559,-17.327070337639245,-11.418269345798739,-5.0399680932770439,0.2333782460585511,0.2627177930295994,0.8529411764705882,1,4
-0.85594510585772077,-0.39519484304240182,-0.33343516879733465,0.44862164393283066,-0.88823514527574454,-0.098878447054869117,-0.25709258323261736,-0.23422075640230808,0.93757348560905418,-11.222016565660066,-4.3643742740365576,-3.9725631481863517,,0.2945433037886631,0.1651376146788991,0,1
-0.25881825804083752,-0.91396180696326434,-0.31254907569396179,0.95345517658369727,-0.29356013600965547,0.06888884373933428,-0.15471372127402352,-0.28017184362179592,0.94740033908116539,19.660500243362915,-13.381319647509452,4.4929656771268549,0.1578846023079448,0.1284265654413766,0.5185185185185185,1,5
-0.76009246725348378,-0.57147035616645547,-0.30932357370154639,0.60880406604802317,-0.79269472031255384,-0.031506976243312272,-0.22719386080593315,-0.21226566470248301,0.95043476220122958,-17.505276089637118,-9.8755215656090432,-5.2710609353230247,,0.3159303049048292,0.5454545454545454,0,2
-0.85639989649791626,0.47611229118676907,-0.19974059041477024,-0.47119861990848771,-0.87886524775540176,-0.074617269342765996,-0.21107126255057207,0.0302152688010443,0.97700356174201652,16.297145192453875,24.088433427511713,-0.12936927282654259,,0.290504554569754,0.7741935483870968,0,4
-0.35081285071235263,-0.88096586303338786,-0.31753659937857731,0.92682245321152268,-0.37512441569731086,0.016787285984539772,-0.13390475718975819,-0.28841085436853753,0.94809740801478992,-37.738939334236974,20.742130060111773,-12.843441863432332,,0.1676364828852854,0.4444444444444444,0,2
-0.13103794349067713,-0.90445012446487072,-0.40595446754680758,0.98477486277994108,-0.16593252268793071,0.051815707571800811,-0.11422577205902805,-0.39298393131258869,0.91242320374244124,3.8613774467742843,1.2230127376627022,-0.73756258839873123,0.2047145486752487,0.1547589536255571,0.2541436464088398,1,5
-0.95498235234676054,0.19578680670749005,-0.22288165699655771,-0.18762216650551886,-0.98055968517377512,-0.057451078733845522,-0.22979693066275411,-0.013047226954072672,0.97315113961130761,4.1776066986826548,-7.2812743922403413,-0.0019369560332942895,0.4966801358852597,0.4698069591657614,0.6545454545454545,1,3
0.77934612558516136,0.58895303417286837,-0.21390170657096449,-0.57115200750144279,0.80810651581427273,0.14404597677682573,0.25769167790689496,0.0099087152088416387,0.9661763899518766,0.57580050175811781,-16.522323432394316,-0.46141433292731493,0.2757771157122928,0.258680470967677,0.4545454545454545,1,5
-0.6735276072705989,-0.66657031269051226,-0.3194441742840427,0.70095768887727694,-0.71313084678133198,0.010134780351204832,-0.23456103821429497,-0.21709079577129264,0.94755089876123211,-18.927926193600321,-11.247866650346376,-5.5420085740131997,,0.1276651610635196,0.35,0,3
-0.96756022932737218,0.057092072568247623,-0.24610505454749221,-0.074741271669319584,-0.9952126232930758,0.062972825467552979,-0.24133160782047422,0.079324206191904945,0.96719528812893252,6.09865779100301,1.9361864466305398,-0.24551646048187326,0.2542743251229284,0.2339933361576638,0.9081967213114754,1,5
0.96176336540780138,-0.10530776473214723,-0.25282702317311295,0.13893364131561389,0.98312379371672998,0.11901701365270648,0.23602684650319655,-0.14959238254384088,0.96016323967053296,0.92087098267920098,16.158886318985523,-2.9348598884651986,0.6474562534954054,0.6620551681497062,0.9947780678851175,1,5
-0.94744890383155977,-0.18369197608816165,-0.26191187935869059,0.17855333582447774,-0.98296818031118938,0.043500146685495907,-0.26544167135987962,-0.0055510734578672815,0.96411094003187148,11.439196495277288,13.333121159888655,-0.054072199285747878,0.2723310542849403,0.2860744511745669,0.5609756097560976,1,5
-0.9643667595388673,-0.046672692675647429,-0.26041968599725579,0.052023515490122817,-0.99855204735475889,-0.01368804440629059,-0.25940375273413774,-0.02674824259692981,0.965398479688788,10.264105222746126,-14.07448484191117,1.9517314272961666,,0.2772546321338827,0.8,0,5
-0.84518991800215648,-0.43249237008687325,-0.31401329959755864,0.46918515509833247,-0.88177392195083693,-0.048373968234916992,-0.2559673665584361,-0.18821556892052832,0.94818542852812315,-5.7460007187774469,-11.474030748838484,-2.2465822426472872,,0.08385661815192189,0.2058823529411765,0,5
-0.62912789233122257,0.75671392006911908,-0.17771364118857386,-0.77235956384368654,-0.63431120409750141,0.03331666993517346,-0.087514565816581513,0.15821927673329095,0.98351810417497176,20.1884205190924,-10.863889395315068,4.3961649806681224,0.2015046447891887,0.1443099566069684,0.4285714285714285,1,5
-0.92475801245966838,0.29057330221570132,-0.24574331004344288,-0.31140341192022564,-0.94897454621956268,0.049751639890749419,-0.21874764784126791,0.1225335328260764,0.96805733295971452,-11.538087517861591,-9.0023006823323719,-3.7617796448925938,0.3941128562864626,0.1277475413836587,0.7870370370370371,1,5
-0.8421720056316635,-0.39353768058963984,-0.36861145788820693,0.47717369417857697,-0.8622863455895623,-0.16960991655492882,-0.25110073379883346,-0.31873241467714997,0.91397924993938617,-3.5754375735878905,-11.194796225616111,-1.7337124633220764,,0.3285313754148139,0.2289156626506024,0,3
-0.79465531908395037,0.57349665076422074,-0.19905907518574925,-0.58641516939685445,-0.80997656663205209,0.0074303841227108544,-0.15697188586763844,0.12263585556098139,0.97995932261394569,-27.569258188030044,-30.815508430341328,-6.6144404761118887,,0.2092617931423106,0.3846153846153846,0,1
-0.80173337764737629,-0.52028338797863793,-0.29415775930544447,0.54185755044685635,-0.84041532161822341,0.0096167672879808614,-0.25221813215917388,-0.15168151958234238,0.95570849657588042,5.2223932619003968,0.59728969393209863,-0.39560266315390141,0.2517372211199265,0.2293591683925557,0.7099697885196374,1,5
-0.80076052362467798,-0.4982818548489325,-0.33241205894587988,0.54265321710352465,-0.83844328000417212,-0.050401906541725543,-0.25359430153599011,-0.22074433026502244,0.94178653148381808,14.434429753843785,24.586251000103047,-0.65225036632203359,,0.4988222474733209,0.7428571428571429,0,2
0.14486372873832828,-0.94125133307838893,-0.30505807328143647,0.98896235638972074,0.12804426017775719,0.074552834148816055,-0.031112019222771559,-0.31249095253092535,0.94941110528906092,7.0859096006495585,7.0682585007196801,-0.47365363000997723,0.3965701446002103,0.3937568912160787,0.7619047619047619,1,4
0.096058881976129329,0.98433361185892809,-0.14785138402548717,-0.98794399188796778,0.11240121390554048,0.10645485430466477,0.12140576627970565,0.13584295225486287,0.98326361278993757,-6.6753964231939742,18.912626989494285,-5.1375584888959693,,0.5597576046228302,0.8135593220338984,0,3
-0.90208693658581163,0.36247482370235562,-0.23420324725155167,-0.38262228394103515,-0.9227800516601149,0.045575915678143841,-0.19959796259724494,0.13072481952598569,0.97111877486068987,-12.822951397295483,-13.057102257565976,-3.9055157853782942,0.2374675977317482,0.1158837543044828,0.6279069767441861,1,5
-0.76367502822521771,-0.55394381064250642,-0.33158212544718391,0.61715589926961589,-0.77715811858265571,-0.12306037021632524,-0.18952321035146263,-0.29861599651044529,0.93536593874598073,-12.336802539873762,-9.5431374229688721,-3.9185562958924987,0.6705276377092763,0.6492722217994196,0.5443037974683544,1,2
0.72788560953392423,-0.59382684463422819,-0.34285888937751879,0.66948447761348573,0.7235481417435129,0.16813274759579075,0.14823317330485672,-0.35192011191642331,0.92421813505292527,-5.7289991523914319,22.530291876361424,-5.3129370202722086,,0.2408122303901259,0.8301886792452831,0,4
0.018785152903869253,0.98145687293632544,-0.19076038529114564,-0.99615791661632025,0.034695234510620676,0.080409239922313816,0.085536677472353537,0.18851696811772981,0.97833778907833691,-17.282826577445277,17.828425915533099,-7.5101500763049041,0.5551578575343432,0.53450562619561,0.8779069767441861,1,5
-0.33026847786952557,-0.87246350138179507,-0.36018074807291645,0.92890216366796796,-0.36815608302835862,0.040023353959722105,-0.1675216489254909,-0.32135422400496844,0.93202358331506319,17.407989363814838,1.3127113964391666,2.7425180913225904,0.5131784047948801,0.4039676851198086,0.8928571428571429,1,5
0.6591524873525294,0.74078084835506408,-0.12946711214561607,-0.71309486034288883,0.67037460190640141,0.20516728119120387,0.23877545638011075,-0.042914191466062707,0.97012610190700732,9.8295306482334706,-9.2171345163951042,1.5567780573798446,,0.3651061928962634,0.3103448275862069,1,2
-0.70679930313252892,-0.61904370828415523,-0.34237352748887051,0.66932391236810518,-0.74187241292177097,-0.040383453020785554,-0.2289983524474006,-0.2577017853632963,0.93869566122196701,16.339257111414796,-12.812988432646865,3.4895673537459633,,0.211099062359327,0.1578947368421053,0,5
0.68174337012967923,0.7243449773881776,-0.10271480427254888,-0.69267019136218666,0.68426460289241686,0.22801306810521943,0.23544422541761209,-0.084298914352464338,0.9682250305360306,8.5676198043567009,-7.8259354833636596,1.1368582666955318,,0.4506820528505429,0.1264367816091954,0,2
0.32702478168217269,0.92968177355950288,-0.16954819986359165,-0.93167531492847577,0.34721661288721223,0.10687250014881138,0.15822736716084554,0.12301391647447486,0.97970999619017796,21.636512363393461,7.3734500600189365,3.3566620047676938,0.5837366580585678,0.4921836759117468,0.9298245614035088,1,5
-0.86213644017606461,0.44834489005984585,-0.23602461328803889,-0.46970113959088367,-0.88189731997643539,0.04047167510008879,-0.19000420518390887,0.1457531357316422,0.9709039218361547,-29.486496581709179,13.43811843325846,-9.97570291795755,,0.08847104003247364,0.1538461538461539,0,2
-0.048300592947238055,-0.85685575465390718,-0.51328867943626755,0.9944500717137128,-0.089341004496274967,0.055562935345312148,-0.093467147113496324,-0.50775624135216579,0.85641549015555807,-23.662492587730977,14.64927104837216,-8.6954274203492954,,0.571324500674924,0.1363636363636364,0,1
-0.01203973227196297,0.98052185871454622,-0.19604063208884073,-0.99687147727195302,0.0035463787344188731,0.078959996197491014,0.078117236564379203,0.19637797173014293,0.97741157634371301,13.125570547315927,11.266093811607405,0.63438421295334502,,0.8249174052014028,0.5789473684210527,0,1
0.29374903846812322,-0.86777069459133882,-0.4008559891126976,0.95582225162310785,0.26194352714292268,0.13337695411898678,-0.010738980453765264,-0.42232642611656585,0.90638019842802386,3.2343361916755469,30.298639150775099,-4.2455607904183381,,0.2335078384858015,0.2307692307692308,0,2
-0.27459367501608456,0.93909336206379934,-0.20664455223612888,-0.96155081450039048,-0.26721784141580718,0.063361315979957755,0.0042830800595309079,0.21609785412351015,0.97636231628858849,19.212400622470373,9.7195481869208979,2.376438808859489,,0.0870135133786802,0.2941176470588235,0,3
0.39507100422575653,-0.86637176855915221,-0.30548135829169659,0.918183719827939,0.38299908531531263,0.10124404817352846,0.029284095734411236,-0.32048659767815801,0.94680028646261916,5.2386620711874148,4.205753144865799,-0.66872187171724806,0.2088663017026224,0.1051602028733103,0.3389830508474576,1,3
0.78696052756014356,-0.52231035046216734,-0.328458560342623,0.59745242334341464,0.77802194774097966,0.1942484251529833,0.15409000585158689,-0.34910420598070807,0.92432814706858191,14.252369767960101,28.598203343253282,-1.2509604888398342,,0.09941581523936971,0.2666666666666667,0,1
0.27852900777587919,0.95613417544603985,-0.090714003172084987,-0.94878899221667978,0.28858336692479386,0.1285266065171205,0.14906723340775133,0.050270059463568745,0.98754841959556006,-17.753832975701602,36.857073903209432,-9.7920752732639897,,0.1305336401659752,0.4444444444444444,0,1
-0.47169293523302686,-0.78839650517242166,-0.39488824429598068,0.86068146472766882,-0.50900592005231282,-0.011848612827358421,-0.19165904916148763,-0.3454618994673786,0.9186527553384386,-28.208123212813501,11.244799263720642,-9.4397571344580982,,0.760092061537694,0.3333333333333333,0,1
-0.94090487203646855,-0.13294772691866838,-0.31148502963255809,0.19793679971736636,-0.9621656847819442,-0.18723839976281534,-0.27480728719537922,-0.23782787249448267,0.93162162811361615,37.481190815315131,-10.754452926819072,9.0030913882506223,,0.3364513337311825,0.6,0,4
0.77843013090063673,0.61875353826924973,-0.10578558590517501,-0.57685078500907172,0.77156611659588359,0.26819563671984786,0.24756757287745626,-0.14774906632676599,0.95753877741798743,-11.940644939227663,21.592979508884302,-6.7296595910751007,,0.2673359303307647,0.1,0,1
-0.94834216728542819,0.22067524981973785,-0.22792447842514071,-0.22241484221122176,-0.97477926439320639,-0.018358204519961868,-0.22622725678514838,0.03328392744307291,0.9735057310881281,0.093258922660812926,18.656483265813321,-3.490442669439545,,0.4231524563599479,0.125,0,1
0.95605708092382558,0.17295463488567395,-0.23673097027422696,-0.14180883605335631,0.97952128009720785,0.14292765951319619,0.2566030242078336,-0.10307645758509094,0.96100475121567619,16.174581961918705,7.3969054982046698,1.8876936569860905,0.60315163048854,0.4142699555316674,0.6382978723404256,1,4
-0.66003592361765517,-0.66813995213439215,-0.34342624229380098,0.71568023493689781,-0.69821915782866306,-0.017082416740589666,-0.22837333656724276,-0.25705838247932039,0.93902428463925269,-7.6599003828128875,2.3173915865143679,-3.6211461932149187,,0.498450107103084,0.3043478260869565,0,1
0.90605290675712247,0.36679871521842572,-0.21101382104279995,-0.30165850129506122,0.90956834727658276,0.2858103745999524,0.29676637065777539,-0.19530520767931339,0.93476499565396332,10.700872556340107,-10.134329349604307,1.7946861278524231,0.6012621175219064,0.3232899929796057,0.2368421052631579,1,4
-0.13055016837070824,-0.83286294325345023,-0.53786240925870565,0.98487972170947025,-0.17125676469415294,0.026135307764939466,-0.11387970540819053,-0.5263178111195661,0.84262742323903317,14.353150676967788,8.3686138136123933,1.2879250137986733,,0.7549320114144304,0.4942528735632184,0,1
0.95862017809535038,-0.11001883557724924,-0.26257039049874481,0.16030010236199205,0.97080006605396729,0.17846878979907491,0.23526842399942255,-0.21317384353582794,0.94826456282041316,-11.05201632745478,6.9191120507021875,-4.8295041282553859,,0.0881314208843323,0.3035714285714285,0,3
0.83532761205265271,0.53169324120562278,-0.13975005473584395,-0.48707987249201706,0.83365897484942642,0.26031886498324203,0.25491366843614383,-0.1493820970172213,0.9553554368585363,10.011379785436571,-16.850276430879997,2.0009309653923277,,0.3644783735359491,0.35,0,1
0.43498236899345161,0.89686531749184362,-0.080143252648618629,-0.87528848295482831,0.44204368613041589,0.1961312090384168,0.21133009788357524,-0.015165151911205566,0.97729709295384193,26.921615443523418,8.2089858330912442,4.5862258857424134,,0.569437790853289,0.32,0,2
0.94780560837221672,-0.090868700985529391,-0.30562625528474263,0.1692891034166196,0.95568315018075223,0.24085455346534604,0.27019572202862385,-0.28002249131417384,0.92118493048661765,14.812930542550273,-0.8395316368325636,2.2468219202147863,,0.6867532211864703,0.3063063063063063,0,3
0.16223119293764091,0.98537576686458084,-0.052111784790665819,-0.98362233079743966,0.16569420574573795,0.070940401316186855,0.07853757313950091,0.03974956928480923,0.99611837717563967,16.917286426678494,10.618288986298605,1.7004845813362279,,0.5663311604415886,0.7948717948717948,0,3
-0.46979834806869125,0.88108245247376837,-0.054618898695760462,-0.88003772831970217,-0.47231249563453181,-0.049542943002796686,-0.069448606075476607,0.024791498750365716,0.99727743015867154,-6.4983126094117818,-1.1647173508235071,-3.1209905368857895,,0.3959194222380751,0.2596810933940775,0,2
-0.97070804750617823,-0.077675553946516748,-0.2273596156441261,0.084826752794172941,-0.99615638156540864,-0.02183770768438267,-0.22478947599284818,-0.040484216499940259,0.97356598117294901,-8.8356892762439667,-0.35147929237532666,-3.7194339369741574,,0.3781994742959437,0.2920353982300885,0,2
0.098017766714689397,-0.89457290048175797,-0.43604110257167294,0.99362470578579176,0.06344721665556996,0.093190100068414092,-0.05569974380878788,-0.44239549774191506,0.89508868952597087,10.301986669876078,12.757434419096139,-0.21818142179925462,,0.6232502408324856,0.6333333333333333,0,1
-0.94936918040100704,-0.10554686035412247,-0.29590204388294888,0.17768177638468671,-0.95715396967951538,-0.22866015102664217,-0.25908945490988522,-0.26965930096351592,0.92744623335175946,14.057863655522432,2.7474596194181293,1.7924877046651551,,0.5059734254144886,0.3513513513513514,0,1
-0.43208844766003507,-0.7907798845829096,-0.43355132053516121,0.88351791162734339,-0.46757797253974182,-0.027693671285757709,-0.18081944926472979,-0.3950164727383727,0.90070323249832718,18.935901369162384,-21.484057991810573,4.6641108567135401,,0.4293881580348418,0.5,0,3
-0.85522097914142592,0.49693163464718648,-0.14715986994848088,-0.48571077991457939,-0.86756083732909706,-0.1068795200569564,-0.18078195460595536,-0.019928472588471319,0.98332128059405866,13.38867186723898,7.2161011137409936,1.1437326406308894,0.6509182693572018,0.7234716907277448,0.2419354838709677,1,1
0.017099666637744385,-0.95980776265439083,-0.28013685967621255,0.99739709700157542,-0.0032541253509744553,0.072030837569962189,-0.070047357506961935,-0.28063939391427595,0.95725383169236788,12.950844461686829,18.775333596975784,-0.25816512438215539,,0.1817877180932314,0.3333333333333333,0,2
0.1059378208682371,-0.92700700068652409,-0.35977103661615722,0.99292697578853661,0.079113845941865338,0.088526945794590292,-0.053602228135785759,-0.36660471908918724,0.92883140616605897,10.120002102233377,3.2381520952297591,0.7274675487941582,,0.5127546452757308,0.3116883116883117,0,1
-0.46571729246198151,-0.78438625671129336,-0.40968964324757512,0.86425340497605452,-0.50265633143782162,-0.020066500760392594,-0.19019320568615727,-0.3634209855634582,0.91200423889525206,7.5655153567842257,12.514048397528793,-0.94219496693221139,,0.2131791407463481,0.125,0,2
-0.74704805291226251,0.64046535370656399,-0.17811046387431709,-0.64996241565538015,-0.75993839504117755,-0.0065187404967022734,-0.13952800749462985,0.11089529495774959,0.98398890678747686,-30.080900462011673,20.088748817145458,-10.852075222747844,,0.3070904785561342,0.3793103448275862,0,1
0.91851857515801993,0.36041656101667241,-0.16255315941130216,-0.29710319534059898,0.90044673533837039,0.3176875322339186,0.2608703095564669,-0.24350683637915888,0.93415796428041409,19.999487052729229,7.6102815369637336,2.8067665431162556,,0.4702094515324857,0.4193548387096774,0,1
0.92977393328193381,0.29849543865855482,-0.21545511386244495,-0.22352389146343146,0.92278631217321561,0.31385106660771672,0.29250214176051148,-0.24365117517835652,0.92470352108106535,19.384441155556534,16.894235426628612,1.5822341091374634,,0.4702817658242087,0.4705882352941176,0,2
0.29589989008469231,0.95289732200921484,0.066557860208490069,-0.94287619014552082,0.28020156493675435,0.18019870438951904,0.15306124625304229,-0.11607659847988194,0.98137580884226283,-13.324334459759534,20.741778516671452,-6.903899215784425,,0.6298992784665091,0.28,0,1
0.18406551839057253,-0.8552413275497075,-0.48444004437146143,0.98170189148170439,0.13549048946541409,0.13380479634776382,-0.048798372932443573,-0.50020455707184064,0.86453115610931597,18.695524886617179,12.160350903221369,1.991576469980165,,0.371360134374303,0.4285714285714285,0,2
0.34279149208149462,0.93848300953993258,-0.041756840893598247,-0.92504029400387078,0.34495910255630441,0.15907127972321736,0.1636900956862555,-0.015901520946747551,0.98638364453482563,10.139461936266034,24.604976454742971,-1.7993700702850683,,0.2120533795105304,0.4545454545454545,0,1
0.68838572015259458,-0.59939217174116022,-0.4084778142634054,0.71550449356472279,0.65358070230228271,0.24675004613321758,0.11907317069215716,-0.46212691983206372,0.87878341472051358,-11.679600008340316,14.865510463520724,-5.8149357043105701,,0.4335866353554185,0.2560975609756098,0,1
-0.94862348462904156,-0.13910333691130594,-0.28418963047654106,0.19607052378499568,-0.96337470943345405,-0.18293583281217629,-0.24833411789951604,-0.22925843688760239,0.94115393799469482,10.494934655278858,16.026454138327313,-0.59987230185725304,,0.2115430295987611,0.25,0,2
0.91405096935987462,-0.26885848358684206,-0.30368724243151468,0.34874150240627488,0.90326466404222883,0.24998462191121743,0.20709946864173298,-0.3344070311701951,0.91939205325706874,38.993865020510995,-4.5314845722312604,8.9343751484039888,,0.3067227081801196,0.3125,0,1
-0.66402726853194327,-0.70040082180450358,-0.26173741700716702,0.71175094333805689,-0.69935005776326986,0.065727401925672072,-0.22908160402658675,-0.1426470662933122,0.962898454238306,21.111502745380683,-15.226580794350131,4.9767117154049352,,0.06265478917185691,0.25,0,1
0.96338390863303125,0.11685596951108487,-0.24132162558827469,-0.082924865081214522,0.98575966661939884,0.14629199027176523,0.25498021754286238,-0.12092378614663153,0.95935526610623179,-0.99258555420554362,-4.7382001099246764,-1.4497485608455409,,0.3974172050300077,0.2828571428571429,0,1
-0.71802798591436401,0.69092628722429772,-0.084004030059334961,-0.68390134282927273,-0.72279335073760409,-0.099240744685966609,-0.12928559362929848,-0.013807163066856547,0.99151126949115731,15.228713544601154,7.3803905917744705,1.5714739776308011,,0.2400437974851454,0.4,0,1
-0.55270894977316876,0.83285495954710076,0.029418246012259994,-0.83001201620917964,-0.54696813057125693,-0.10911423870310039,-0.074785491835072215,-0.084725913964863231,0.99359380519093687,38.016130335634948,-12.571940305086175,9.327456651203363,,0.3396450100734156,0.3809523809523809,0,1
-0.74561015343536308,0.66554900992283017,-0.033316879878456142,-0.65172121704774522,-0.73872372969667599,-0.17189155428013064,-0.13901422353090656,-0.1064507706584303,0.98455232419731098,-10.024192389396589,21.126925217818044,-6.1927459394559357,,0.4705879159903823,0.4583333333333333,0,1
-0.57401002994801098,0.7826717281121639,-0.24070199735981024,-0.81478083912734001,-0.57518747592858266,0.072743052766938862,-0.081514843495103295,0.23787461728571324,0.96786930767596135,11.322164772767943,1.2526211657213084,1.1477309291700213,,0.1043556680277884,0.3720930232558139,0,1
-0.93498030659579301,-0.20657925241172034,-0.28833459513393561,0.2407124831259296,-0.96659599484597292,-0.088032285072422597,-0.26051742119364091,-0.15171418925314134,0.95347442442567731,9.7601682922477533,-19.713021447820765,2.0603485511636679,,0.3601486207273447,0.1111111111111111,0,1
-0.55991992711628047,-0.77820316710486503,-0.28441080486868869,0.80160258769429538,-0.59562401030691403,0.051626831664530914,-0.20957806807943336,-0.19907754532810967,0.95731142494291077,-0.92298097019896574,-11.000787779364932,-1.0879593718993643,,0.2138990746475861,0.3703703703703703,0,1
0.13023787722865118,-0.85362689778329359,-0.50434037585329661,0.99036188241220435,0.087822037099039615,0.10710103484434486,-0.047132124924826657,-0.51342809543366907,0.85683729705202827,36.527856900990109,-6.9514041831916389,8.4913727907112939,,0.2204808269375627,0.2258064516129032,0,1
