axis_00,axis_01,axis_02,axis_10,axis_11,axis_12,axis_20,axis_21,axis_22,location_x,location_y,location_z,dbh,dbh_approximation,score,reconstructed,number_clusters
0.75073846228968355,-0.59785700169755629,-0.28099602623547948,0.64600093303124184,0.75335035853814591,0.12306921553830184,0.13811066490929308,-0.27391648875461327,0.95178527065019103,19.312371233016869,-5.7819805104079727,4.7751243662206688,0.3274431319332572,0.2197806340459364,0.2,1,5
0.20086880044583777,-0.90277739275410529,-0.38032184283781645,0.97911159268637227,0.17253341666796698,0.10757652717965879,-0.031499429750527448,-0.39398629324505713,0.91857639130363766,-0.1028896266247987,-14.290297478796823,0.47794785061483647,0.8608181333944854,0.4155194374110706,0.4736842105263158,1,5
-0.46860093988633239,0.85077532067887973,-0.2378960127059617,-0.88247781029510253,-0.46318149885330467,0.081827950339519798,-0.040571831045771695,0.24828260680876402,0.96783762774643023,-25.738490358656364,6.7466686946303751,-8.3773788806923086,0.4807186771110423,0.4332010548712654,0.9214285714285714,1,5
0.70784426838856185,-0.65259387715746631,-0.27032891670342779,0.69492013074285652,0.71198073152831964,0.10084369003924674,0.12665900519818668,-0.25923863413655407,0.95747210245166969,-8.8387032681921038,-10.618154266961291,-2.2525057438895768,0.2027968211241775,0.1353093037881027,0.4411764705882353,1,5
-0.18122468080647913,-0.93730555062884269,-0.29768426197391035,0.97360045226422853,-0.21370983583649755,0.080188935755668295,-0.13877958934036089,-0.27529331780320992,0.95129060478668725,-15.610907972628949,-13.983106785637288,-3.581253487927996,,0.08384556995315605,0.1111111111111111,0,2
-0.96491095228300416,0.11795976219716552,-0.23458974544232405,-0.064320051644815648,-0.97237590434009358,-0.22438367056270797,-0.25457766029389617,-0.20142143669722384,0.94584333783037866,-11.785587327224894,-13.334202646453278,-2.6864234813364769,,0.1910845000952293,0.2666666666666667,0,1
0.86292562411508167,-0.41584188655511417,-0.28711477257689322,0.47529608662699269,0.86086453192812507,0.18167522589840646,0.17161875562613726,-0.29323673551322699,0.94051008482784615,-13.252372248407324,-2.9023495441895877,-4.1973863174273456,,0.07805892630106392,0.2,0,3
0.53227202355385972,0.83983570057482537,-0.1065949763444444,-0.79547028520747476,0.53924584302229661,0.27647955825903692,0.28967830138589806,-0.06236919771141565,0.95508982032215983,-11.443759589235695,8.1891789810335727,-4.8362493008388103,,0.5448776401169383,0.3442622950819672,0,2
-0.47321283713062484,-0.82166400545595952,-0.31770721256032908,0.85520349762115278,-0.51501846725440181,0.058163184605677487,-0.21141567688166446,-0.24418075379725537,0.94640328139946361,8.3792016001424283,2.3110833172152088,0.92290727064432587,0.2117839533179769,0.1829773435817756,0.4090909090909091,1,5
0.23662549725000886,-0.89717885546364595,-0.37293226645079752,0.97127066660121975,0.20841922232540966,0.1148682722308203,-0.025331132055406196,-0.3893989330676369,0.92072080712590476,-10.316688507355048,-14.077959165843403,-2.24695115843604,,0.09678444003861657,0.1333333333333333,0,2
-0.031147132602573319,-0.93581133034436148,-0.35112250017587243,0.99532916219962153,-0.061155466055488591,0.074698513014230292,-0.091376774979416278,-0.34715581943941787,0.9333451248191682,9.0163509759246097,7.560689521932618,0.48085817898919986,0.3828437213354806,0.2019042830193205,0.3157894736842105,1,6
-0.40493078906403018,0.90073351458858453,-0.15719475743445591,-0.91429485202154237,-0.40072089491157936,0.059056650329734915,-0.0097969196632125399,0.1676362135045962,0.98580024360260388,5.4975138783059965,7.1304388529520848,-0.38023421906382271,0.6953979972676642,0.4777113375416737,0.2735042735042735,1,4
-0.53644584542863427,0.82712922348631823,-0.16758013777676131,-0.84108639992215439,-0.5402895572113533,0.025707240893380372,-0.069278588238706432,0.1547399173558017,0.98552322914702106,-8.021617695683247,-13.049334116220738,-1.8034921341092254,,0.2876709203630859,0.6979166666666666,0,7
-0.93223432648033788,-0.22240792263692968,-0.28543629145586136,0.23732057315488744,-0.97125905879528507,-0.018297165505399834,-0.2731631492152366,-0.084797150048936121,0.95822301018833367,-11.355617717700571,-7.4440283198760451,-3.2270389101612595,0.3840557615757628,0.07626137725829626,0.2765957446808511,1,4
0.7879928466250441,-0.5274354386930975,-0.31761475355905738,0.60083766313493925,0.77137346429336384,0.20970713183533132,0.13439261968689373,-0.35608262607809965,0.92473984837846102,-0.97416064222648002,21.073256912266952,-3.1563592118630157,0.3930982917366601,0.1962715967107184,0.25,1,3
-0.96397602819357953,-0.02456193270751611,-0.26485265437560329,0.035615100414715613,-0.99867998574738903,-0.037011494026111452,-0.26359397127131151,-0.04511094688949225,0.96357834179694624,9.6010265952678964,-20.593312420417647,3.67033934985152,,0.09297991921663246,0.4444444444444444,0,1
0.63505737262275463,0.74509894862539483,-0.20378834666097895,-0.73993587400771021,0.66251542371856342,0.11648268408419739,0.22180404828120345,0.076817121088620835,0.97206074608211901,17.024146623731692,-0.55582581791307339,3.5860055676640537,,0.1327625963743305,0.3333333333333333,0,2
0.45494737234475857,0.8746735977956458,-0.16723930673086723,-0.87018090875517617,0.47655398161234552,0.1252257507361671,0.1892302154377471,0.088557325663332659,0.97793124790894292,2.9991768873929199,-6.3852031507019458,0.43263380099155824,,0.8352340722555007,0.5381526104417671,0,2
-0.90616651395708414,-0.3236754153772764,-0.27220667600779436,0.32200858905621793,-0.9453029196641769,0.052085109661073603,-0.27417643508676764,-0.040455105422305335,0.96082811516336286,-7.909804684657912,11.861100004068991,-4.2861747750050805,,0.06724147309963789,0.2439024390243902,0,5
0.36831574603499512,0.92219687460619049,-0.11788314421179887,-0.91620949584280009,0.38156403269850964,0.12234806364766686,0.15780896980263154,0.062942937788328712,0.98546157491421604,1.0368557963366531,-9.3822085245945743,0.27611380358409177,,0.183070548360801,0.1724137931034483,0,2
-0.46025079873514446,-0.83303386985974703,-0.30695891244620149,0.86387543472818007,-0.49994085299429625,0.061468502344962421,-0.20466664490546257,-0.23688333663182964,0.94973567337934139,15.983662603435532,-0.69003706166000489,3.3685116612688963,,0.1119537033303569,0.3,0,2
0.62982874356465202,0.75948913165947407,-0.1627636712258278,-0.73890016799049596,0.65045090597696398,0.17589815421818211,0.23946251381664782,0.0094803905449348507,0.97085932383210194,-10.121964323018393,-10.760390594150325,-2.5363289542432224,0.1496604253745749,0.2087548698754185,0.2608695652173913,1,5
-0.9171424566311005,-0.27909495635369991,-0.28452718601672444,0.2874990122436592,-0.95769685570504637,0.012690568607734836,-0.27603266510250118,-0.07016222566733267,0.95858397122308281,-7.9114770014769746,-0.41525799633071103,-3.126698612911766,,0.07766695631757088,0.3144654088050314,0,4
0.48777225496381976,-0.80643138399590752,-0.33428528264635543,0.87153805715807486,0.47178462915805769,0.13356900319805018,0.04999642199834986,-0.3564935996573253,0.93295909406078659,-10.92669277194036,16.554660261335041,-5.405839548896445,,0.1030464281447451,0.391304347826087,0,2
-0.95200333621794753,-0.12880331216435112,-0.27766770536990643,0.13866373538548799,-0.99020889540250101,-0.016084525317885592,-0.2728772916877471,-0.053814962986617351,0.96054252037060184,-5.7635475490938379,-20.24074600617007,-0.41260472341050186,0.3241637262123327,0.2957367153003577,0.5862068965517241,1,5
0.23168873978814158,-0.91787253206678665,-0.32222716014123903,0.97239757611461841,0.20911357819539689,0.10351070176910186,-0.027627555479939898,-0.33731517352710716,0.94098628676861151,-29.711864956663913,12.095585606060904,-9.7100802989093502,,0.07707321488387808,0.3809523809523809,0,1
0.40292654771004577,0.88791895804276888,-0.22192368305052093,-0.89461259893457779,0.4332754735930936,0.1092733353119647,0.19317995490729581,0.15450659510494774,0.96892167748022384,-3.8157380199830775,6.2572223637290785,-2.7102926532951055,0.7367767143203154,0.6558499322978173,0.9679679679679679,1,5
0.93419025503926989,-0.22602871186038045,-0.2760427300335942,0.27951051029049467,0.94451197844090662,0.17254274026684066,0.221726051754885,-0.23834459086872567,0.94553128661975439,-6.8527001076205485,-9.1055011783788249,-1.8530913448029795,0.228808185999193,0.2131657336723863,0.5962732919254659,1,5
0.91554449339242105,0.36339535493906278,-0.17240097629516821,-0.29334238306542332,0.89652994795881202,0.33194020351633818,0.27518816638132004,-0.25333351223571293,0.92741231642781419,-11.470783342187087,12.906887370276277,-5.2657815067256468,,0.1697260424431604,0.3442622950819672,0,3
0.58911791222885912,-0.69472880056493125,-0.41266448739469008,0.8030586008791426,0.56003389319348174,0.20361464099761087,0.089649144140611425,-0.45134679808342953,0.88783393650766218,-4.5146319293580834,7.4485004736152023,-2.9710335391633915,,0.1907940297177256,0.2413793103448276,0,4
-0.75183251980911081,-0.56755552453689528,-0.33560183063436094,0.60148312704446694,-0.798877597047842,0.0035542672770966259,-0.2701220280508318,-0.19918662480878818,0.94199722847733991,-19.882118766378362,-19.706671362063016,-4.0719056887507543,,0.2932745927915146,0.6585365853658537,0,4
0.96613461634987918,0.12844526027332701,-0.22379838740212318,-0.075939172392950074,0.9704285354224389,0.22913249384174159,0.24661132412512468,-0.2043777697088878,0.94731862752828566,-1.1447984862224407,-19.666065790112931,0.7199059065097797,0.416147330616881,0.3619589939087294,0.6,1,5
0.92645263928276944,0.31083312977747085,-0.21229289342493696,-0.25214149204175956,0.93122983120094394,0.2631267175191751,0.27948197644382178,-0.1902465950134257,0.94111426401306408,-15.569960818152857,12.644837959847097,-6.2916221920897009,,0.2885044803847771,0.4358974358974359,0,3
-0.96523196470472539,0.054061473339525774,-0.2557432529170891,-0.055116565240389236,-0.9984752832946282,-0.0030451413453450584,-0.25551794173473669,0.011156421920623164,0.96673994212589121,-25.264058494494581,15.110675193870945,-8.8854125368742629,,0.3076811301695854,0.1666666666666667,0,1
-0.78036830832008719,0.59065205220379624,-0.20531794027091016,-0.59566373603627831,-0.80206266006303439,-0.043361306529115184,-0.1902892980200091,0.088462661954369526,0.97773428931330741,-21.030959023977871,10.76555905502544,-7.5683711505985221,,0.2624668300915282,0.1764705882352941,0,2
0.95718391675073766,-0.1013047730357598,-0.27117575937736449,0.15409429447204351,0.97132672756228544,0.18105064687624067,0.245058968260458,-0.21508540462643033,0.94534880906034091,-14.041063877480202,-12.181920929735696,-3.3717287136318563,,0.07945587023770326,0.3181818181818182,0,2
0.9079638358326263,0.36860736032029551,-0.19932457635175896,-0.31322808699370819,0.91296297790950498,0.26150863558374376,0.27836996666013814,-0.17500632812647959,0.94439554572081763,4.3199775519672192,-17.520169193173029,1.9671938930198796,,0.5788419106154283,0.3793103448275862,0,4
0.93242881239390618,-0.19996788893182715,-0.30098065255733436,0.26208193706250127,0.94767051192341401,0.18230101232955931,0.24877614050237518,-0.24886430886521957,0.93604326165502594,-17.300750348102643,21.254923874234894,-7.4028375030317113,,0.1806976137372905,0.3103448275862069,0,3
-0.10389092451143692,-0.86109914160868362,-0.49770969864464965,0.98930652148936826,-0.14097506130027226,0.037398377371105344,-0.10236836592798589,-0.48850209867734801,0.86653702589390902,6.0578589493507131,9.827265153823797,-0.48205549073516302,,0.3642544164758227,0.4285714285714285,0,4
0.93261626323166646,0.29358145037935085,-0.20984955932515237,-0.23564129670083153,0.9358508425771539,0.26202362438677779,0.27331316259001248,-0.19491827118253741,0.94196962940121221,-1.1190251764915102,-7.8299802741589266,-0.46302585754388931,,0.2175936763486426,0.2391304347826087,0,2
0.93375338787014617,-0.1955450115345268,-0.29977784959030135,0.28579522970459992,0.91156428891054264,0.29558693114058843,0.21546623243357296,-0.36168037774667522,0.90706207452075893,8.4901825673271922,-8.2694938802691897,2.0842825441469799,0.5320115675669536,0.4743020831785964,0.3382352941176471,1,6
0.68705973645487528,-0.65534564644863136,-0.31380089582947751,0.71706749280941495,0.68128170978643598,0.14720544373931951,0.11731636415511967,-0.32615535499405168,0.93800829159988064,8.3910690717033685,1.3599197646283849,1.0205824515411561,0.4502255608633634,0.2105906355971252,0.323943661971831,1,5
-0.29556790227963886,0.92800990522022664,-0.22679777546342378,-0.95525817897407506,-0.28436037104462342,0.081369471440437241,0.011019375896385788,0.24070063396781455,0.97053685049169758,0.33296324190123938,2.7161479493139971,-1.3121733901510892,,0.1030657362261019,0.4008438818565401,0,3
-0.33638022514288968,0.92092829986703639,-0.19682329800312864,-0.94172330944480687,-0.32947322929928657,0.067857200232692649,-0.0023563915503958342,0.20817890786318705,0.97808792536241407,-14.667997060623133,-13.694179571007504,-3.4241156863438813,0.3238704243586126,0.2491821995629111,0.375,1,4
-0.28883141199309964,0.95236531897669807,-0.097860690047049698,-0.95735378866944998,-0.28655467684759311,0.036880082660187753,0.0070808732740419659,0.10433942872751394,0.99451653824684727,-9.400900985359776,-6.1235163947258995,-2.875645041054784,0.6513711384984421,0.2504635914155162,0.1585365853658537,1,4
0.069700617759390862,-0.84538620750877502,-0.5295885044427332,0.9948602078421076,0.019818773440654816,0.099299461588004997,-0.073450600653221107,-0.53378776341654688,0.84242247886107746,-13.779521464552836,-7.4250474089863561,-3.8504934537326618,,0.2884363162483261,0.4,0,1
0.82790702297755825,0.50156177278971592,-0.25100946073898178,-0.49187986626882518,0.8643406749150947,0.10473487884502351,0.26948869821163146,0.036755758234001533,0.96230185273272961,8.1840785194552712,4.1390436546923359,0.65739919161191895,,0.09365924498160019,0.6842105263157895,0,5
-0.96377528169118842,0.066152338349038942,-0.25838164511440015,-0.086840714253585624,-0.99379619563411092,0.069482457434192985,-0.25218226890286433,0.089403521597986368,0.96354092470267227,3.4408002277837948,18.49376069417945,-1.8362818727557635,,0.1701889432898004,0.7368421052631579,0,1
0.93786153426585428,0.24140876515797591,-0.24927404728410543,-0.2161201626376755,0.96837173742457583,0.12469263594444098,0.27149183753100548,-0.063071279218114645,0.96037190498880587,-12.722545995561124,-8.0307113098744765,-3.5248166645597756,,0.07666792977041287,0.3181818181818182,0,4
0.94703770164547718,0.20358816289798065,-0.24833737453286786,-0.17126027828453091,0.97439169481236143,0.14570772856166517,0.27164224403424009,-0.095460384498073758,0.95765223659088416,-2.6149178966747666,-14.985261007432888,-0.13577188782434962,0.3880748250360147,0.3146028328321194,0.5769230769230769,1,5
0.78784116454363595,-0.5096255610140803,-0.34581510523922099,0.59681391596069822,0.77036590082363154,0.22438700622775162,0.15205081113294339,-0.38316858745111199,0.91107759517207698,-28.023011278750101,11.846082386139921,-9.2988844386663896,,0.2051863471155708,0.2631578947368421,0,3
0.61196145700957827,0.75573728117523031,-0.23316161128407131,-0.75265356435160591,0.64704887696447155,0.12182102810204443,0.24293165130039537,0.10094014395118792,0.96477733189351833,-18.312665347594272,-12.497736637072148,-4.4050967427222867,,0.1274420555371403,0.2352941176470588,0,2
0.25962414623147939,-0.85621203477950658,-0.44665003547779125,0.96568369991715508,0.22678374680039412,0.12658642858335364,-0.0070918550386415537,-0.46418755227376729,0.88570854230169804,4.5691823306585464,-13.175303210283078,1.6282678516140008,,0.3612390558045908,0.1764705882352941,0,4
0.22200773320546138,0.97491793823413486,0.015734678461141422,-0.96442471174681643,0.2171857416364299,0.15071605422748915,0.14351843703525408,-0.048635042296031557,0.98845186574350719,-18.162277342407876,9.8954387945280669,-6.7465834898333901,,0.6121531448706758,0.5223880597014925,0,2
0.82988261114903727,0.5426498885082085,-0.12971488046667951,-0.49581279828162067,0.82388481722104567,0.27456051612129773,0.25586035404611829,-0.16353870017421965,0.95278044310991272,9.6680701652807262,-0.27497078583396029,1.537986907948985,0.838417494339067,0.5135354581653537,0.4285714285714285,1,5
-0.9312622644386781,-0.23871755964015343,-0.27525355865455148,0.24660375871514292,-0.96909699816535222,0.0061314218959681744,-0.26821107549858625,-0.062168600324863217,0.96135211245075969,-11.725886171107859,-10.776487244409678,-2.927885990002558,,0.1218488086704338,0.1764705882352941,0,3
-0.46816059586080533,0.85903002187573474,-0.2071064412311461,-0.88249454197020216,-0.46647624826525247,0.060027437036556108,-0.045044865146415855,0.21087278468438989,0.97647510403665283,2.1598366836123897,10.311549489804509,-1.5711071809195198,,0.1354063010838061,0.2692307692307692,0,2
0.058620585037030846,0.98952741206290018,-0.13190575342272359,-0.9919975945509163,0.072541870343184267,0.10333658332028041,0.11182307192665056,0.12479253913280519,0.98586125938778768,4.7945284929285377,-4.9733315334436687,0.67018098062212739,,0.1395554392807794,0.131578947368421,0,2
0.19074968457956931,0.96009263154372626,-0.20454020799890749,-0.97414482746638464,0.21083607097408008,0.081178853753298849,0.12106367313641885,0.18376694488306139,0.97548618494321226,-5.295088948969692,20.155971493884408,-4.2658519523372345,,0.1580246198320722,0.4,0,3
-0.87177826365281119,-0.36904096460112862,-0.32219780487886485,0.4091202924670812,-0.91020272980403538,-0.064432731968567206,-0.26948700398004444,-0.18798871536225706,0.94447710273055774,-8.7927934133736052,14.298547170613418,-4.6867218714180412,,0.1636822730025638,0.4347826086956522,0,5
0.045216021625731254,0.98399215702376353,-0.17238023756817847,-0.9930342340647671,0.063067054673121611,0.099526662710341773,0.10880496938900384,0.16667927744797092,0.97998953928380239,-10.394150835370235,-7.0093857798834867,-3.0581349603528687,0.4684328547014884,0.3988497901235671,0.9259259259259259,1,5
-0.58933071318811303,-0.72321868125724142,-0.36006117476579858,0.77906406359456826,-0.62673294273193958,-0.016278922264154817,-0.2138889789323169,-0.29010439082354511,0.93278665680646966,13.550329777337154,-0.69714842606823157,2.668989337925777,,0.2339719510177277,0.2666666666666667,0,5
-0.92320240378493057,-0.25828254472161366,-0.28458293824095415,0.25985405250100124,-0.9650867547526345,0.032915455333879413,-0.28314871188923652,-0.043562402288641056,0.95808617778481175,-0.1881840436427682,11.403497374587253,-2.2867477772824123,0.5085837382368086,0.3829411197079528,0.2258064516129032,1,3
0.70233844734521489,0.69408331198476558,-0.15801601629256243,-0.65245686350261556,0.71644691887424561,0.24698958217691985,0.28464143522867885,-0.070371645283157758,0.95604763735448817,-1.3239438578362634,-15.089013913146259,0.21584518144983461,0.5038530651484876,0.2449774229403716,0.2142857142857143,1,5
0.79630123018641596,-0.53732410169847922,-0.27782577370993344,0.58309900591489194,0.80404451703154423,0.1162237666425258,0.1609344590343095,-0.25454906082213996,0.95357478759135661,-15.751144779394174,-5.4048360225780909,-4.5694323259195553,,0.1015296933040849,0.2972972972972973,0,1
0.95535697731832792,-0.14741611611271677,-0.25604986740755947,0.1891852402120543,0.97089052587254487,0.14690313698774385,0.22694050051741316,-0.18878579258295511,0.95543599144250901,-8.4863825888171149,-15.033783052014728,-1.6896939596476983,,0.1152504608510764,0.34375,0,5
0.81949354690247189,0.55486093798690983,-0.1433864222354867,-0.5096356390876442,0.82001233498912274,0.26048279374541417,0.26211036217008887,-0.14038913762102137,0.95477172563974211,-7.0727395672599123,13.167132670699797,-4.1914422270159095,,0.3278309289714504,0.4632352941176471,0,3
0.60695597664171996,0.78250827323932171,-0.13887132436507943,-0.75696566918309938,0.62244448511828698,0.198911635215271,0.24208969019162799,-0.015609780839130725,0.97012829906413711,6.5040391075006401,11.478520607601217,-0.46953515376559268,0.2816784778987839,0.4023411967248604,0.4769230769230769,1,6
-0.92921831228554508,0.2676056848300935,-0.25483431001303763,-0.29111745275898171,-0.95487953894572519,0.0587851580071257,-0.22760482598645904,0.12881096051740862,0.96519623892670503,-1.197715670028711,-4.4253221716325104,-0.92214646225019525,,0.06824383808549317,0.2711864406779661,0,5
0.82694843428420484,-0.46006306228810601,-0.32326191509825564,0.5358107424034001,0.81908150299281934,0.20496911908904913,0.1704791346764129,-0.34270609882684322,0.92384489740803699,-4.7868223360567868,-3.5378517654128121,-1.9382478001194114,,0.1441610057993002,0.2340425531914894,0,5
0.23373637465632263,-0.92855765459099393,-0.28835393054888592,0.97190981182500091,0.21473018405941566,0.096344515838223524,-0.027543145078427585,-0.30277323222881192,0.95266455009352946,-7.6245956743201315,16.355917180073739,-4.6512724970027426,,0.09234720368559039,0.3125,0,5
-0.93979571020498121,0.26969155579614151,-0.20988208073242665,-0.27496085755859434,-0.96144613548488855,-0.0042255617161911585,-0.20292991374107086,0.053738192130287271,0.97771757517987323,2.5524783654871608,-14.956989376058131,1.2340235103620829,0.7893235204416504,0.5802909522713426,0.2,1,4
-0.94277794225703848,-0.2029575311387648,-0.26453353690533182,0.19567401145827071,-0.9791870762060999,0.05389203123636073,-0.26996561416857484,-0.00095412001844249388,0.96286949106386011,-0.52779395416916086,-8.7770674117939009,-0.18967862121435675,,0.07936872686570159,0.5483870967741935,0,5
-0.90963335130811473,0.37878154488927512,-0.17056291343448715,-0.3728378623836176,-0.92548204702198811,-0.066894760730596817,-0.18319141508591727,0.0027426066585088675,0.98307343751498744,-20.382193199029519,19.798120595824145,-8.0675324540354616,,0.2855457215555934,0.2727272727272727,0,3
0.29996479097288575,-0.86217441330939315,-0.40826021752210712,0.95392096194070441,0.26774311441045134,0.13545635110955295,-0.0074781379176527144,-0.43008011546733621,0.90275975305331835,-18.197106858816593,27.358092488918683,-8.1362498440511537,,0.6141067381129461,0.7619047619047619,0,1
-0.95597878243149326,-0.10594147832858859,-0.27364387570408383,0.12584347989382036,-0.99045813364859425,-0.056179213749895533,-0.26508109345823305,-0.088142433928817612,0.96018900495271797,-5.4109292091620169,15.4949217636825,-3.9001706543421735,0.491368683242891,0.5034411309088743,0.3,1,5
0.9199646608443266,0.35961517461793058,-0.15601906608519936,-0.31951219555396532,0.91847883650378281,0.23304202150458145,0.22710565754702633,-0.16454042992277737,0.95986950531359183,-13.052917371162648,-14.028473221218777,-2.9361656927930651,,0.2375460019245307,0.2352941176470588,0,5
0.96334949604638309,0.10511692262411453,-0.24679582866251051,-0.026730861977865551,0.95306210258432444,0.30159258882715739,0.26691423619788363,-0.28394200322527552,0.92094176217571855,-15.508728559620268,-16.567208283554557,-3.3192807813404932,,0.3825924677832976,0.3571428571428572,0,4
0.16147552376143665,-0.9234570265064439,-0.3480700725742536,0.98570968852524865,0.13377248004143535,0.10237838410045669,-0.047979841323482118,-0.35962764601659897,0.93186151924367633,-5.6136748501468459,-13.885619257348008,-1.0247300622529236,,0.08300295337493506,0.3181818181818182,0,5
-0.66109581968128373,0.72071604881206719,-0.20861614075773915,-0.74286907696617477,-0.66777610564505108,0.047123319248040897,-0.10534634159454515,0.18612750928933369,0.97686165786071955,-9.8809875116814165,-19.124389146516595,-1.5993745057638562,,0.296218986459558,0.7647058823529411,0,5
0.334444453791368,-0.88244662428236931,-0.33080940527869468,0.94235539964299087,0.30917967877134372,0.1279618185184441,-0.010639929130028121,-0.35453614981761561,0.93498177007929306,-16.018768373258805,-9.260779239336637,-4.235728649302497,,0.5729826872425985,0.7647058823529411,0,2
0.13146473911112391,-0.85989752839467115,-0.49324766905803119,0.99079846001688932,0.09782490821519324,0.093534480064041747,-0.032178160273790252,-0.50100551692913109,0.86484567294284886,11.720969425364649,-0.61338063025163547,2.1322967868685381,,0.372090734785851,0.4333333333333333,0,5
0.75544708980765474,-0.53922316779921065,-0.3722070254706793,0.64148787195997969,0.7243468238937959,0.25261628776313783,0.13339042180532734,-0.42960453212641525,0.89311082254501983,11.831002653888198,0.75928929580715654,2.0327210706028773,0.4758864883397663,0.4024285783033067,0.2,1,4
-0.81188521875320685,-0.51452268234748721,-0.27587823567654568,0.51807488473483843,-0.85279685535592897,0.065847834452032614,-0.26914829625513309,-0.089464701670463456,0.95893444081332968,-8.9006963107237596,-18.474409066075701,-1.4428016105715442,0.3929712708974473,0.3754908318864179,0.8536585365853658,1,5
-0.040230685578256875,0.990457000410782,-0.1318196581515082,-0.99642814113544242,-0.029965869920693011,0.078949390075312043,0.074245885349096,0.13452500502573167,0.98812477528475928,-4.0637610523875924,-1.4548449328810169,-1.990511007245523,0.6271485318010684,0.2325071724746736,0.4266304347826087,1,5
-0.94419549109267265,-0.18227438555261166,-0.27435546827370733,0.19637242621663847,-0.98022114732337506,-0.024583989949511133,-0.26444800022321635,-0.077087941414105729,0.96131405090453037,2.0618542626453915,-3.1380326464206885,-0.22354283346309539,,0.2110050484659987,0.3103448275862069,0,3
-0.79592539240057436,0.56765405618426479,-0.21040827509758891,-0.57897952589208579,-0.81528793901861762,-0.009396014503489012,-0.17687701470164727,0.11434355682908268,0.97756844910313401,-15.823728281393459,-21.997879309312069,-2.8328693920723511,,0.2382959931516603,0.2173913043478261,0,5
0.13568621010522183,-0.94331142368526999,-0.30290726358433717,0.98863760596499928,0.1089504902549418,0.10356386795115226,-0.064691084850058381,-0.31351770064555734,0.94737622670343891,-4.5336324160395938,-14.748585372899576,-0.72190026246775296,0.4024247721726255,0.3907875198231505,0.9294871794871795,1,5
-0.91436206962106203,-0.2823310863919597,-0.29022605550677905,0.29395504622655161,-0.95581208069348067,0.0037009726215303223,-0.27844646960633956,-0.081929384576811509,0.95695095982324541,-2.8876000209966275,2.8478459538753729,-2.1462969935860725,0.5182221043156071,0.2610205688722685,0.6806896551724138,1,5
0.20330289329881343,-0.88789720546729911,-0.41268206418463493,0.97899935265693083,0.17783748144063788,0.099669943775244921,-0.01510632561680381,-0.42427866163432104,0.90540566389223964,-7.5775777718642923,-4.863878775153986,-2.5453655670873676,0.2757533789337371,0.2539880761511613,0.24,1,3
-0.36116228361741132,-0.86550116968707014,-0.34708720829579975,0.91451501255457901,-0.40150128493246284,0.049588406002627795,-0.18227478351257648,-0.29950700069931036,0.93652093400390568,15.151188039092268,14.736407309927833,1.6899608660471344,0.5633937101625468,0.3594240446941371,0.8125,1,5
-0.92475218649511071,-0.25782337845024594,-0.27992945378615258,0.28554681130885057,-0.95632421609426788,-0.062506097806792088,-0.25158778214345018,-0.13773561353617225,0.95798355342873942,12.301788049315977,4.0183568763032689,1.8412637821392974,0.4045708301319021,0.3781291663266922,0.2222222222222222,1,5
-0.9326853271313702,-0.19448384392235785,-0.3037665468859857,0.22485304278688761,-0.97201235156527344,-0.06806686090917087,-0.28202693081216529,-0.13178779479805489,0.95031194217422033,-3.4724845996589386,-13.902366326693912,-0.48464526063281638,,0.2465278210256396,0.3,0,3
-0.8636291303636765,-0.34801073631822393,-0.3647372377404442,0.41050641764037754,-0.9054279209962619,-0.10809607280772515,-0.29262468498632455,-0.24308189419954038,0.9248145686833763,-14.061037584979799,-8.6087629085490942,-3.7765418937030755,,0.3026380002247984,0.203125,0,3
0.82441122197754257,-0.47118825078280158,-0.31357259032277696,0.53570187927682655,0.82840506839218842,0.16361093851392561,0.18267357120494673,-0.30286411967477239,0.93536286616310238,-10.853140383748283,-15.403196409836717,-2.2542419041932948,,0.09830879722393926,0.3333333333333333,0,3
-0.96889390537952058,-0.086462248641256526,-0.23188117577396827,0.091920605175373246,-0.9956838360953103,-0.012817990588251874,-0.22977206632359284,-0.033733930966089454,0.97265966269757542,15.549247372946112,-3.2560314148011349,3.521639915608421,0.2140610984068194,0.1619626519404802,0.2857142857142857,1,4
-0.96350121915128939,0.10655887421304451,-0.24558217976967955,-0.092254417636859806,-0.99333723161667886,-0.069067117433668987,-0.25130563686567486,-0.043890210873962908,0.96691216057560081,3.3133674277462188,-8.5019235449609418,0.71956344834321495,,0.1365967458807433,0.4210526315789473,0,4
-0.22962022438402943,0.95201631809498855,-0.20233507514687196,-0.97308348617622653,-0.22037749686668553,0.067396496985350995,0.019572467523293547,0.21236451906012066,0.9769944879882454,-23.855960511132174,6.828569930156573,-7.8597987198825638,,0.06806862392851983,0.3571428571428572,0,3
-0.93074124002775038,0.28532417145654515,-0.22871567784968716,-0.28996629200098012,-0.95693751423128115,-0.013789247987441602,-0.22280101798422758,0.053485615257682986,0.9733956006402017,-20.01176043271073,9.7343073796750321,-7.1790731865706245,,0.07082793328421352,0.2702702702702703,0,4
0.38092604717579581,0.92419648428838441,-0.027499182024425882,-0.90606561918322404,0.37904876113028091,0.18806150701225172,0.18422931448915317,-0.046721463104106714,0.98177220604795423,10.112292060806066,-5.3795742099575401,2.2028960374776188,,0.1266246147124001,0.4285714285714285,0,5
0.21570201348079579,-0.83372940629759362,-0.50829904431839379,0.97530030159709535,0.15859965920520436,0.15373831599379462,-0.047560099715469886,-0.52890587553425317,0.84734680724034084,-15.80813246867036,-7.7349043955561321,-4.2523276881902525,,0.1735032848879148,0.3846153846153846,0,2
0.62818759800349933,0.75019193170375664,-0.20637928026131649,-0.74234727354576924,0.6573241934048587,0.12978994654369022,0.23302546464658358,0.071672661254043132,0.96982584130090366,-14.461998624444695,9.8796534322556617,-5.7874938269829359,0.6997595005535258,0.7428861053020281,0.8396349413298566,1,5
-0.61355751434870942,0.74842799724904152,-0.25179894662214591,-0.78422991450913815,-0.61483352079507403,0.083445688299180129,-0.092361343511361604,0.24866699547893853,0.96417535105615204,7.546606917882035,-0.40558855285731893,0.93754479007308544,,0.07989786943158964,0.3392857142857143,0,5
0.19159525418267007,0.96153528158812429,-0.19682774407060882,-0.96964710620229699,0.21648004622900596,0.1136700445068954,0.1519070373886286,0.16907481138813799,0.97382645278605762,16.684846312308029,-1.382391390030298,3.6756533902494959,,0.1520763085126922,0.3225806451612903,0,5
0.95421386845354816,-0.088771856897887913,-0.28564917411716256,0.15575086173261729,0.96273477398190177,0.22109596114711186,0.25537729405815074,-0.25546293740759923,0.9324811661854725,6.6111639083843965,-8.3750874885497648,1.5816294037239587,0.5400940068613003,0.2111013706668619,0.2272727272727273,1,5
-0.81449566120706063,0.55547524147650862,-0.16746364973177558,-0.55880725068539328,-0.82871898172219682,-0.030972663991929533,-0.15598485329128747,0.0683528012589045,0.98539160748595556,-26.10642737486581,14.999052652792777,-9.0980592141839658,,0.4674901175326853,0.2777777777777778,0,2
-0.64317212745271135,0.74246268177061125,-0.18729330112405418,-0.75631602103370421,-0.65419496273478239,0.0038764752266527633,-0.11964819595672693,0.14414616509095601,0.98229638719373868,23.032625220545043,-4.632140526994279,5.6878080060894298,,0.2251006058340751,0.55,0,5
0.65159546340088792,0.73294659051262523,-0.19548055537904563,-0.72377138672234742,0.67786168540381331,0.12906787060888453,0.22710863444041995,0.057383193684384479,0.97217736923114373,0.33315914429372279,-6.9014116131852301,-0.1913995349771595,,0.08452973864494348,0.2363636363636364,0,2
-0.47089301950625406,0.8495066240623248,-0.23790388785077468,-0.88101943468213639,-0.46673486741113268,0.077222530747709656,-0.045436988155588311,0.24596149946067539,0.96821403671419903,-15.360972470111264,-1.7501966077033513,-4.8689591691847971,,0.07464665599097353,0.4102564102564102,0,1
0.85250786638048659,0.47275208930315765,-0.223015245709551,-0.45076451545213519,0.88090938247811323,0.14425675537468888,0.26465390488068363,-0.022452659564743214,0.96408204459468949,-9.8973388636724344,20.53166635957983,-5.4604694592469185,0.1071626181681313,0.1592662037150558,0.5517241379310345,1,5
0.42017157432804558,-0.86162433341975564,-0.28470924850740842,0.90696701369724009,0.40892418769358757,0.1009546669760716,0.029439500535872611,-0.30064017824984918,0.95328316833462279,-11.812164395987313,-4.7064502229973781,-3.6057235481712793,0.4430140528416499,0.4305450084115299,0.9445544554455445,1,4
0.26350700113006931,-0.90902828954674908,-0.32284923595875137,0.96448384867811165,0.24191685899256626,0.10605252931556217,-0.018302076234540984,-0.33932845760248675,0.94048988929526622,-16.24777905837708,-4.12919523565178,-4.8241114448933633,,0.08675776981480293,0.4,0,1
-0.15477337463220905,0.96333142845865005,-0.2191751843817514,-0.98657053529616279,-0.138986418514563,0.085798335379760296,0.052189859076270231,0.22951107688369107,0.97190580006361094,-5.2102082436272168,-10.344586023595467,-1.2742813234650689,0.3163312363681139,0.2666510741423478,0.8232044198895028,1,5
0.96060883802829133,-0.08433063198800804,-0.26479993355444376,0.12925212039766171,0.97909220881726855,0.1570743009089311,0.24601737677376162,-0.18511291457330639,0.95142454203343496,-8.530164308681595,-6.7671399062646236,-2.5369687783404191,,0.0795794449045666,0.2222222222222222,0,3
-0.59753963878285321,0.77416498298572667,-0.20884194789832747,-0.79717977662132178,-0.60160163807112332,0.050792448416293039,-0.086317922989594939,0.19683507865431871,0.97662949370880214,16.116175892051384,-7.9249990292317047,4.0538866416446151,0.5549546663105843,0.5002274997067588,0.7916666666666666,1,5
-0.65103866701470936,-0.70806636001754919,-0.27347885450837139,0.72008498283919886,-0.69008864467232311,0.07249330992435836,-0.2400547261379857,-0.14973206839490569,0.95914234405170629,6.4119921781378117,6.0015267368413863,-0.093911010913723128,,0.07834359494707148,0.25,0,5
-0.31145468164456491,-0.90238658765622182,-0.29781609711337376,0.93481028529532018,-0.34724058516328116,0.074523194520527455,-0.17066256703731211,-0.25519095288356464,0.95170996935968522,4.2879585113457619,18.998878397614437,-1.6426184458008792,0.361695031216901,0.3769872383604252,0.7272727272727273,1,2
0.40084501064995842,-0.86544017657821326,-0.3005604401801823,0.91582549270882574,0.38720274538957883,0.10647864042806511,0.024226934219394092,-0.31794234497317786,0.94780046472413437,-13.355375483610066,-4.8265651126770379,-4.0076811566409773,,0.07249836149317944,0.3023255813953488,0,3
-0.70867788828702982,0.6834844703373536,-0.1749989413130954,-0.69695618286205374,-0.71674298803723002,0.023055764351239651,-0.10967100721426981,0.13830570453575536,0.98429863469857393,-14.099235076084225,7.4082497271095606,-5.4809646343925564,0.6341993503964591,0.6977301714216302,0.7811447811447811,1,4
-0.43186279361085472,-0.82694665739781115,-0.3600746496397868,0.87168119560891677,-0.48521071898326229,0.068865458726091774,-0.23166014054307577,-0.28412987171772813,0.93037830761536422,-5.1610830898353557,-15.842969104068949,-0.7870830281624166,,0.2244267158161105,0.4444444444444444,0,5
0.74818450709634976,-0.60657925083554876,-0.26885229364239649,0.65221574898031209,0.74676902532669509,0.13019462198827297,0.12179720901171461,-0.27275929914194191,0.95434155552849831,12.758183935666391,-6.8879096036255536,3.0740498076678491,,0.1185961123888233,0.4090909090909091,0,2
0.78570464364959636,0.57522839813452764,-0.22755329689337978,-0.55279561356002793,0.8179924478771744,0.15907660055677939,0.27764225646729929,0.00080324062032945435,0.96068420005132416,-0.51325886414117994,-15.870558071985561,0.49494635954771199,0.3556719762103884,0.2745990117887356,0.4848484848484849,1,5
-0.88485675204284209,-0.31139065070133948,-0.3465030894811601,0.37141750990760974,-0.92051560769115093,-0.12124375996735638,-0.28120732867089909,-0.23598067432056308,0.93018039091833649,2.4490154052298512,12.595791347780869,-1.6958813115204101,,0.3627637268762611,0.2244897959183673,0,3
-0.96112710848367533,0.070660506978235713,-0.26691154731743455,-0.042252300931783261,-0.99295296517588605,-0.11072105497322988,-0.27285421822610395,-0.095139380395258322,0.95733958128462804,-28.137717186405482,10.254801615704071,-9.1790516006979566,,0.3170158714399291,0.25,0,4
-0.43604033627494132,-0.78356321584818078,-0.44260310879036185,0.88128343664551523,-0.47138509604841233,-0.033698598156284718,-0.18223152700755663,-0.40475273685681951,0.89608419948764173,5.9433486941343396,-10.254764741303246,1.6718414265735428,,0.2272413636613795,0.4444444444444444,0,5
-0.96538200235125915,-0.0096435770464478373,-0.26066183256860637,-0.0047497022290938782,-0.99850072994472572,0.05453194136088222,-0.26079691306648911,0.053882220830260751,0.96388882990383817,-10.930937622171371,-12.716683988320986,-2.5116677181251608,,0.08552964359148885,0.3809523809523809,0,2
-0.63884252253696205,0.76061122953157678,-0.1155456139759254,-0.76257639438020941,-0.64591340237741823,-0.035680798243684995,-0.10177167647577501,0.065317946536080612,0.99266111625650932,20.722675380842041,-2.7282329366153761,4.8341904221514866,,0.4230005661977425,0.1333333333333333,0,1
-0.86987341202822654,-0.34441302904156135,-0.35312874772919267,0.41085086135690529,-0.90205673952279597,-0.13226945378201163,-0.27298684358162795,-0.26014093124289228,0.92617756349601799,5.0785187116160744,-6.8730201803400899,1.0225266280465064,,0.5458044434266577,0.4130434782608696,0,1
0.24022029271120346,-0.89721531691543188,-0.37053864314277035,0.97039756095701446,0.21214403726491049,0.11542738471273749,-0.024955653836789098,-0.38729779568864814,0.92161685791672276,16.217025164589728,13.282694759233328,2.129547282180265,,0.1963079401869161,0.2307692307692308,0,2
0.7245513286218781,0.68786696269843117,-0.043178858487761887,-0.64378904472275744,0.69783039190515661,0.31395606385042935,0.24609152380208174,-0.19967920713366832,0.94845515241957468,9.5269345587174161,4.2334195739736842,1.0377916457418772,0.7103604625324916,0.4864315732941406,0.1304347826086956,1,2
0.24213526732501855,-0.866266337437679,-0.43698185882225321,0.96656134594771281,0.17617094640769157,0.18634098358000764,-0.084437413728679356,-0.46748949749072227,0.87995675626628622,14.475772026598824,0.6729538974635606,2.7591111552230925,,0.224073584659583,0.1818181818181818,0,2
-0.21701811840333754,0.97616249504665875,0.0031495315457847721,-0.97486375107981027,-0.21689382991500245,0.050967964206988209,0.050436129067145771,0.0079906075541813001,0.99869532244605908,18.00751624939992,-4.8978556479259838,4.3356629161720903,,0.6250312479807806,0.509090909090909,0,3
-0.38755759298125653,0.9082256929551682,-0.15787717624368655,-0.92184539579744851,-0.38175312329398492,0.066825287895631788,0.00042233827807659248,0.17143699574885518,0.98519499497256191,-12.220780591143898,11.097578287269393,-5.3111378823455198,,0.1734836329423472,0.2,0,2
0.070130687821116824,-0.92480272193264823,-0.37392728187670682,0.99513855274290608,0.038877990015254008,0.09048625717272471,-0.0691443957995998,-0.37845531757175621,0.92303338245762778,-12.183357369482522,6.0475497070021369,-4.9379069834262461,0.4352933565050141,0.224815244406873,0.3831168831168831,1,4
0.088042667818754264,-0.93346244210653628,-0.34770153554429073,0.99359651581441721,0.057482110940192545,0.097271633497693577,-0.070812798312216846,-0.35403908837635506,0.93254590851969976,-2.0425315647152638,-18.188978888076313,0.2743076085394115,,0.1424149299763108,0.1363636363636364,0,4
0.89177389724042677,0.42835373775802177,-0.14578200008695372,-0.36287034560437414,0.86949615175328809,0.33511424077049462,0.27030432568048668,-0.24594616775822087,0.93083084074576194,-8.4834795494408262,1.0156944490043218,-3.4590899157203925,,0.1870477696629537,0.2137404580152672,0,3
0.37258347135384745,-0.86196559925828742,-0.34379770588126241,0.92788469090460968,0.35183585088577363,0.12345660944778046,0.014545008036258383,-0.36500252016497897,0.93089290630793842,1.3997094920032724,12.707976115722042,-1.9709889701344103,,0.09806027226806625,0.3846153846153846,0,1
