axis_00,axis_01,axis_02,axis_10,axis_11,axis_12,axis_20,axis_21,axis_22,location_x,location_y,location_z,dbh,dbh_approximation,score,reconstructed,number_clusters
-0.97044102015099487,0.026374356372791532,-0.23989293389805538,0.0091259286778707857,-0.98928939933908022,-0.14568185124128516,-0.24116580154338252,-0.14356489014115711,0.9598063234239993,9.8305313656477349,4.958123814502966,1.3472368206927097,0.6715062775859024,0.3058859404753781,0.1875,1,4
0.95406465461495871,-0.12386424763203449,-0.2727971461965672,0.16351847466840863,0.97823946264352679,0.12770772164995789,0.25104251284704393,-0.16644879658758779,0.95355778789645862,-18.425622892199272,4.1768725577768677,-7.8528884180020269,0.5680848729151937,0.5795562316976705,0.9736842105263158,1,5
-0.84743916073843117,0.47883408499944563,-0.22927011992339266,-0.48641689775133407,-0.87333805559532918,-0.026062276012238983,-0.21270982682732709,0.089434667169467852,0.97301385903766813,-12.964875861275432,10.257844934680085,-6.3383546127497237,,0.1198653140516438,0.3473684210526316,1,5
-0.37208953942944256,0.91788015397122691,-0.13800506364964657,-0.92578003083415639,-0.37771809306925225,-0.016136191522076203,-0.066938099434437681,0.12175822400924476,0.99030006852984764,-12.65309518333479,17.729341161910078,-6.5335606455989508,0.405136672600809,0.2784136319287784,0.1477272727272727,1,6
0.46374120493082038,0.88036884642991919,-0.099472554430681731,-0.86883163062174551,0.47387190104982024,0.14344692058942612,0.17342344847358615,0.019902653870363329,0.9846462267679934,-3.889205453142166,-12.914806689478084,-2.4292113869800458,0.3300924043272889,0.4142768469084335,0.3855421686746988,1,3
-0.47499736751345989,0.86445232467117239,-0.1646198020466853,-0.8745392627660532,-0.48450706216067507,-0.020832296969873751,-0.097767984206958855,0.13407119409865303,0.98613707778232851,-6.4077449553860646,22.41664290962423,-4.5106329200222612,0.7832508733177166,0.5856958618408763,0.9411764705882353,1,5
-0.61911654399951288,-0.67114177513707063,-0.40775412028814773,0.76428938857037232,-0.63426262469384154,-0.11650173146870405,-0.18043401969924058,-0.38377029663894174,0.90562902115205723,-26.109662483621545,20.518102662805052,-11.261809637356675,,0.215258909116698,0.1875,0,1
-0.26218893505385926,-0.90105445598051837,-0.34548202513730747,0.95993773888786926,-0.28020395426248818,0.0022981458854212989,-0.09887618416063805,-0.3310386856144118,0.93842255345474002,-3.3081763520870311,-19.52055448280203,-2.1983897431134447,,0.2296342302303643,0.5769230769230769,1,5
0.042597375475334452,-0.93989237791952529,-0.33880345560721875,0.99903534685601658,0.036449584850587392,0.024490885988419,-0.010669551766183651,-0.33951987525474714,0.94053836443396022,9.7976925306738245,-12.557610089129295,1.7511812697013744,,0.4768482300886462,0.3404255319148936,0,1
-0.96571099703156216,0.051256259511527062,-0.2545094616575081,-0.024910895004670339,-0.99408813635090754,-0.10567982057350064,-0.25842158873123178,-0.095716106415106375,0.96127868459170551,-22.752754209885076,13.444556835269498,-9.8056594598197417,,0.1824745003463787,0.2857142857142857,0,5
-0.96885005083876541,0.090995295790640279,-0.23032462988941232,-0.057659089753768419,-0.98737319686845382,-0.14754524551654002,-0.24084228938973265,-0.12966891011242079,0.96186327790999937,13.017644142893301,-29.739661972888101,2.823570734751272,,0.2902666465192662,0.3,0,3
-0.54104650253659281,-0.75915045579348039,-0.3618829473206393,0.82480140213066278,-0.56302116372152222,-0.052055895390982425,-0.16422950141863854,-0.32664622249494163,0.93076899185220596,5.9540195959762006,-12.215797904070779,0.4682551972390141,0.234370384220393,0.283157062063647,0.5079365079365079,1,5
0.91129791470677357,-0.27380797921926242,-0.30751471699245636,0.33917329080416847,0.92263047691902689,0.18361503714358715,0.23344718772381401,-0.27162877899080151,0.93365958302146157,-16.403965206983237,22.907513574304975,-7.9945116421672857,,0.1487626191083806,0.3043478260869565,0,1
-0.93084488063956705,0.3049954571971254,-0.20125997932084572,-0.27554040340174463,-0.9476040267052549,-0.16162949812825478,-0.24001102949721856,-0.094996735002335797,0.96611092844382118,2.4286540899679623,19.063512777712113,-1.5036842977004021,,0.7878503976888942,0.5915492957746479,0,1
0.95049673726823503,-0.16162538026651199,-0.2653925185383833,0.18799216275734615,0.97914892534839459,0.076982652142550179,0.24741644889589742,-0.12306347322739913,0.96106216363612729,-12.241073650566767,19.233416669744035,-6.4321084775265271,0.5556935503000011,0.3706306166143688,0.9166666666666666,1,5
-0.57217340280316564,-0.77342194484156102,-0.2728297864276259,0.80255975445243821,-0.59651931232599487,0.0079088909061224982,-0.1688651463680084,-0.21443694938051142,0.96202981091153905,-19.282853054795069,16.917735588765389,-8.6501253894337378,,0.1820320279680139,0.7058823529411765,0,1
0.94325982553170651,-0.17551393193323864,-0.28187898331594113,0.23192881155855605,0.95574283361130508,0.18101011676055273,0.23763402093751207,-0.2361154287588331,0.94222055613062394,8.0612792404350149,-13.969927681455715,1.1836331465294252,,0.0942079835428514,0.2173913043478261,0,5
-0.71328025165061004,-0.6175378462802239,-0.33147894505809145,0.67434593248361185,-0.73357203348292166,-0.084437166192027735,-0.19102053802680757,-0.28375884145399638,0.9396765794403068,18.782710031519716,-3.8008197374363739,4.2278725812906606,,0.2169001029085357,0.4,0,4
-0.42025959911384786,0.88295349836964743,-0.20922473340757056,-0.90334682896742202,-0.42888663995315907,0.0045559482210564455,-0.085711002486095589,0.19091718043824762,0.97785697024991269,8.8652320317504358,-8.7373248927460558,1.3989372280180308,0.2316109224674548,0.179697501297212,0.6625,1,5
0.97233239994166243,-0.033541120744257261,-0.23118109188016447,0.054942057844649603,0.99471272398635324,0.086763857794840804,0.22704861660772352,-0.097064875000524034,0.96903422836226516,10.579922191636223,7.3330280654922424,1.4478852255785986,,0.1018272553504433,0.4545454545454545,0,5
0.86155447643033944,-0.4223497342022573,-0.28168171073416526,0.45447630090318153,0.88891820820523126,0.057233827746900806,0.22621930965371703,-0.17732772242512873,0.95779940634733751,11.65208579276656,2.0955235133239891,1.9666616804709727,0.487419131186018,0.4486771046404311,0.5714285714285714,1,5
0.30775082906006618,0.92594493533484734,-0.2188958746541089,-0.9459713542303223,0.32245711317599363,0.034053004828575525,0.10211573918105067,0.1965893865139976,0.9751538283376413,3.9142360630219484,26.284623531884769,-1.2882031721580289,,0.1654652917729518,0.5,0,1
0.15493864117618195,-0.9279217497168194,-0.33905050342531046,0.98778560912470503,0.15125413179579167,0.037440326131578695,0.01654109659653849,-0.34071016130602755,0.94002286041681282,-11.367574997134867,26.072091339369535,-6.232215942060165,0.2059130537110597,0.1487195990437697,0.4444444444444444,1,3
-0.373082633067299,0.91187118888784957,-0.17117325661396718,-0.9120087827791965,-0.3943299853099323,-0.11288863015856561,-0.17043863716065086,0.11399472602593703,0.97875220224584525,8.852262830551199,-6.8823843628383479,1.3383325755766076,,0.2092846890658047,0.2222222222222222,0,2
-0.71325173902199912,0.69203822504473489,-0.11115328091886922,-0.66420237809395744,-0.71799306974026988,-0.20813734104979323,-0.22384628144427066,-0.074626046939921128,0.97176324040462403,-13.186651571809721,12.214854056096819,-6.5198877049420645,0.7645442806870266,0.6868373495782182,0.4081632653061225,1,3
-0.94905861003559411,0.25940663158861577,-0.17887412950215714,-0.1961945274985461,-0.93068942891064466,-0.30874729843935611,-0.24656735813348968,-0.2579251565897106,0.93417297729127502,-31.923169910202443,18.29925779995267,-13.477132213050371,,0.4362195640390749,0.3,0,1
-0.52714946816357811,-0.79579109721996233,-0.29804356695004441,0.83530951113628327,-0.54969439533747511,-0.0097001206091509862,-0.1561136086961066,-0.25407203962659203,0.95450298054006255,-6.6751385174624929,16.389192419475659,-4.4026061285145257,,0.0705877045040858,0.3043478260869565,0,2
0.16464531243715022,-0.94065967644855075,-0.29673438323891699,0.98608932971294516,0.16392959505627822,0.02747583831221492,0.022798134106709306,-0.29713037705423512,0.95456470923288406,6.4444008872952638,-15.868311323002386,0.75152810772733714,,0.1155382224165178,0.2857142857142857,1,5
-0.22152885665466257,0.95183374297722412,-0.21198464897073724,-0.9745040580018216,-0.22402146806784015,0.0124989112611318,-0.035592226781447002,0.20934877017718148,0.97719306476153478,8.9909722974981392,-11.356648726086462,1.5385165215308829,,0.08375523140196413,0.2352941176470588,0,3
-0.96054634025110586,0.11598926767446173,-0.25277899045322094,-0.12037566460133478,-0.99272658972336203,0.0019019537354197202,-0.25071981892541811,0.032255353672945269,0.96752217781167149,-6.7097821325247304,-11.057447776628726,-3.4304564644746676,0.4389780385831486,0.3881725816651302,0.9349112426035503,1,5
-0.93801785904043611,0.240578940189042,-0.24948801506027271,-0.2428842948156664,-0.96980609280731245,-0.021985488070825242,-0.24724424250747273,0.039973940152720107,0.96812828109480087,-0.74230114319314788,6.6320412360417302,-2.0766979519884226,0.7249895738987724,0.6336976188667176,0.9993002099370188,1,5
-0.80356195724688018,-0.4881863756704638,-0.34053229432067084,0.57272731883081907,-0.78994812909001599,-0.21900998062199153,-0.16208516011783602,-0.37102023658679395,0.91436993876256401,10.859826856265169,5.4304360407699006,1.5628841205626447,,0.2821192781926148,0.2142857142857143,0,3
0.79385650438613031,0.57642623582804531,-0.19371279021516741,-0.56576683857349552,0.81689194645625463,0.11222937309575068,0.22293437333526489,0.020502255096046525,0.97461783419019721,-17.293745513664312,-28.251542202008739,-6.6023240610780318,0.2502430427195227,0.2825343413811054,0.7241379310344828,1,5
-0.90218285587947467,0.35407654231518004,-0.24636537244362136,-0.36492534262442061,-0.93103516136194586,-0.0017385678553340749,-0.22999041038183951,0.088336461836915847,0.96917546432136381,-0.64750660181668174,-2.8496325765949786,-1.6657732548212305,0.4007281880860525,0.3386737075078368,0.9836702954898912,1,5
-0.94148430711985498,-0.13843281551933972,-0.30731686422068377,0.16484265998357767,-0.98439574836998378,-0.061578470593527175,-0.29399693348159978,-0.10863409307619684,0.94961278262506965,7.7526322000945287,-22.739226435617564,1.1354075743660541,0.9367150504319817,0.6516279426990054,0.4461538461538462,1,3
0.93903764824202085,-0.1572186540956956,-0.30576230962699291,0.24334321242484375,0.93217144550948638,0.26803073917652115,0.24288346207770595,-0.32609613763596301,0.91360217429034984,-6.1772026484795859,11.64413674367756,-4.047399368094351,,0.7837192009469516,0.3640776699029126,0,1
-0.63729682436304624,0.73850072541318001,-0.2201577530340105,-0.75626675313863256,-0.65424103267493172,-0.005410107354787334,-0.14803160390243714,0.16305014482865887,0.97544927829048389,12.296011250764794,6.2347013242413167,2.0278352806208768,,0.08814200366735551,0.4230769230769231,1,5
0.37758912775310088,0.89846213615113191,-0.22403624819523552,-0.91805766865546712,0.39480687463645125,0.036022892203238552,0.12081625563450088,0.1920763432662706,0.97391483751502461,-14.067072331516998,11.833482277475552,-6.7857594092160021,0.4922093419347888,0.289516528153556,0.4761904761904762,1,5
-0.78340350337702447,-0.55769668129764083,-0.27432346338985086,0.58021045419635442,-0.81446578709812301,-0.0011447654328361856,-0.22278864364654083,-0.16006215454077102,0.96163679575289884,6.4535955000918577,19.256617972983118,-0.23917803499718365,0.1874818367350642,0.1895049623221944,0.4242424242424243,1,4
-0.32603049764397501,-0.78722601511287382,-0.52343033513116821,0.9393069548431231,-0.33230838759103576,-0.085285286655936723,-0.10680149432176171,-0.51946735861471716,0.84778954000653228,-17.498476598844935,21.222401714352578,-8.2651319780166794,,0.5495871790267596,0.48,0,1
0.32821706937681921,-0.9037027775351808,-0.27494516770601757,0.94235646690857988,0.333318822781004,0.029374336681244128,0.065098729982001585,-0.26873751553343578,0.96101108375483668,8.3577514039861303,-9.9805170608708682,1.2276354662269067,,0.08831782609399791,0.4137931034482759,0,4
0.43906589989935424,-0.85363356318919381,-0.28023360851705825,0.89313923658357286,0.4485726140501119,0.032938032715439616,0.097588112085869455,-0.26474959815110388,0.95936656740702919,-9.7304010156683969,-3.7244368534186068,-4.6320395249743473,0.4886495204393991,0.3685461156361834,0.8693820224719101,1,4
-0.83385424566982669,0.50216179113695192,-0.22917380413243696,-0.51187598681959168,-0.85884019452190619,-0.019403463377559636,-0.20656735244436281,0.10112890682541384,0.97319210493531205,-1.5656738139625466,-27.003677491706096,-1.472964315757459,,0.5797149835834968,0.625,1,5
-0.51083699897900436,-0.76218461357286127,-0.39764327645128655,0.8482837175139839,-0.52196017311094378,-0.089287805923604302,-0.13950016155826525,-0.38292583161597149,0.91318536585210142,-12.763105709690434,31.006261539479333,-6.9237520566733899,,0.4709837610626732,0.95,0,3
0.94299907271216277,-0.20085300219246469,-0.26535037285497637,0.22597444971445663,0.97179311090965759,0.067481091164701829,0.24431188456612116,-0.12359701088134788,0.96178764909981385,-22.945298583805368,-11.234454418790412,-8.772943502993499,,0.3194664237314178,0.8529411764705882,0,1
0.94379549553087627,0.23161371357650076,-0.23580744326447919,-0.19871207249851591,0.96769735953342051,0.15516227826179488,0.26412795168056802,-0.099583673538129594,0.95933285000862911,17.412483914157619,-23.374362232265742,4.0587249829635192,0.6888715502781338,0.4453193745698557,0.2068965517241379,1,5
0.54605766227568719,-0.79057402073986527,-0.27715293107093947,0.82863803605311703,0.55836097257062256,0.039900244560908141,0.12320728337254741,-0.25144729475814603,0.95999699128839233,-4.3862076324009953,3.577471036408129,-3.1964612074202523,0.5020368832673524,0.4358337500486776,0.8900880431695541,1,5
-0.15736323027028645,-0.87700364213962523,-0.45398394843070672,0.98560157140578575,-0.16827026763600675,-0.016572853470492099,-0.061857547650618128,-0.45005525072322006,0.89085572069505892,-16.916004909233081,20.263376956925867,-8.0595141282595346,,0.2395007782923832,0.1363636363636364,0,5
0.30387984113031169,-0.88838271554500814,-0.34414123971923916,0.95169438217430002,0.29973725912573917,0.066598636845420972,0.043986874093247703,-0.34775526769938053,0.93655295028889762,-16.880199164364846,18.270853721630292,-7.9270081858401999,0.6768235855470738,0.3034559631480231,0.671875,1,4
-0.19249921769265266,0.9735555715960551,-0.12301869858682496,-0.98085925515581596,-0.194639994657368,-0.0055130803512436696,-0.029311648928305931,0.1196027654114197,0.99238903951174617,7.3183667054126467,19.59438338528415,0.027406306020925281,,0.1902956358280125,0.1052631578947368,0,5
0.92512930806525595,-0.22192402752255827,-0.30803488336042006,0.27574830676069284,0.95047441472173644,0.14339197424536634,0.26095715103693085,-0.2175962154255901,0.940506912444108,12.322188249500261,11.094203439133111,1.8544009308174192,,0.2021065868555442,0.5,0,5
0.52159821847491539,0.8483517098067711,-0.090745109795089318,-0.83875416163997729,0.52934686568039691,0.12760623858557726,0.15629061013193915,0.009553651776585674,0.98766490922899464,-23.816055251045814,20.407108181893978,-10.344003248711296,,0.6897419654491905,0.6170212765957447,0,1
-0.5589411847330652,0.81898916536264788,-0.12977480120497731,-0.81285090909954605,-0.57209562133173564,-0.10945318464575336,-0.16388456786787325,0.044309672438974303,0.98548389197546593,-21.295274819595654,5.0284874447317813,-8.9195094420373273,,0.467230714685513,0.4285714285714285,0,3
-0.37942775938770001,0.91509661622494531,-0.13650186218394572,-0.92320822873769215,-0.38418626376280429,-0.0093531346077636874,-0.061001162259776247,0.12247080349876162,0.99059565943593997,-28.718530270196123,21.965676558486091,-12.247117530828618,,0.2442335740058816,0.4615384615384616,0,3
0.62425332842052605,0.77260438212726268,-0.11571625068954693,-0.75861210496834275,0.63487744997897577,0.14641822872748519,0.1865890032970742,-0.0036183181099288791,0.98243139792183987,13.795709409575686,11.231149218187721,2.2566206630139307,,0.2706232018471197,0.2083333333333333,0,5
0.96011856824068142,0.013353529040725351,-0.27927409149726751,0.028758134380303182,0.98884441656124034,0.14614954513315007,0.27811023826250997,-0.14835229387448221,0.94902386285896478,2.3151894972565992,-21.356170776917466,-0.47567825937363895,0.2888472245786856,0.2206671058120939,0.3571428571428572,1,5
-0.81996871480088984,-0.49879171830400604,-0.28081689496736922,0.52417692092415735,-0.85141337503605208,-0.018270752042250694,-0.22997796050545158,-0.16217918041800808,0.95958743797566304,-22.391382045772243,15.566426736090801,-9.7703249806385788,0.5295469024702555,0.3959775670664982,0.4130434782608696,1,5
-0.78203031362004316,-0.5299894865076874,-0.32793251252453642,0.58988664858213258,-0.79925500658877946,-0.1150007663770575,-0.201152505338306,-0.28337709617061241,0.93767536544479779,3.9599581196173395,1.5878775200988127,-0.40889384376910548,,0.2602279332442103,0.2203389830508475,0,2
-0.046250710478120551,0.99883640741240454,0.013663930904061969,-0.99888276212008364,-0.046377033690066918,0.0090773501344543206,0.0097004803809993042,-0.013228831149890423,0.99986544030023672,-23.418981950192215,17.625137843419605,-10.207764340467406,,0.6999127245473763,0.2978723404255319,0,1
0.7405406915009507,0.66851219710916421,-0.068490339082023996,-0.63513325215419736,0.72955553386867122,0.25368183815486345,0.21955690888543156,-0.14436123204612536,0.96485988539414269,-27.203438760838704,10.006685851661045,-11.305946933176878,,0.5723558556870202,0.6,0,3
0.3510189292158537,-0.87779031896042559,-0.32599059383901202,0.93368446442771302,0.35445679483666109,0.050928395620303789,0.070845128403386623,-0.32224918391437013,0.94400022841524367,-3.4308035271630963,-17.747539260300307,-2.2902622270930131,,0.1281899554083571,0.4444444444444444,0,5
0.84211581201993502,0.49691943216192874,-0.20955199136699124,-0.4885219086066071,0.86748400750322108,0.093903362759325287,0.22844540695177745,0.023293232193446013,0.9732780288163394,11.495577987332897,9.8805552402563883,1.6576811991000349,0.2147096476669155,0.195382437722909,0.375,1,6
-0.41817123873579298,-0.83421419588149859,-0.35947112607823867,0.90031649252975898,-0.43320345111930314,-0.042011703336548821,-0.12067737307832395,-0.34120586942212777,0.93221002263374375,19.142748469325653,-5.7967739995856924,4.3908688154430759,0.4025159146616368,0.2419667271006133,0.5238095238095238,1,5
-0.66293018386714031,-0.64958299953867549,-0.37224386902703788,0.73219275081569302,-0.6662874955544511,-0.1412612789150943,-0.15626050995318763,-0.36620062804167386,0.91732205525161969,-24.250597319837738,8.8121534198811418,-10.191767331498072,,0.2829756275320106,0.3125,0,5
-0.59977835905301569,0.77840007860045757,-0.18536244939704674,-0.78561268367343229,-0.61683224735641096,-0.048277218982319611,-0.15191652728751842,0.1166674601422359,0.98148360785132849,-4.5346195105617308,-24.212382082463304,-2.4610680990967779,,0.1146227102750964,0.2666666666666667,0,4
-0.95977636172119973,0.1209844767660561,-0.25336158324193553,-0.12719479539602349,-0.99184375308833661,0.0082130069893312837,-0.25030145725780401,0.040108924708681735,0.96733678450337712,-6.3617464356599882,6.4276772440257561,-3.8834293355736187,0.1401115866499614,0.1013952941412005,0.6144578313253012,1,5
0.54497406142311888,-0.74568394389626425,-0.38335196385476566,0.8295296338985565,0.54604532365265956,0.11711144692638283,0.1219994215564949,-0.38182451510134491,0.91614746673639047,8.1736758367011078,-7.6562006782080552,1.1530753450785411,,0.1023739113918317,0.3469387755102041,0,5
0.28195694043549657,-0.86739656890107564,-0.41002862826746239,0.95742809623325142,0.28195307701924954,0.061918518252220951,0.061900923122577903,-0.41003128492594332,0.90996847258493196,-19.665161213166119,18.688768656069765,-8.8868759454346584,0.3230633175319755,0.2244952480375614,0.375,1,6
0.35165208446553436,-0.89412587762990958,-0.27727193591056043,0.93331033749775605,0.35783576812190881,0.029755284781522624,0.072612846045797166,-0.26924427200062917,0.96033061837264244,15.77919271057109,8.3579888500801598,2.9546218309210932,,0.09659889201233349,0.6,0,4
0.84541097669019782,-0.43191799792462854,-0.31420872610496969,0.4899280671445263,0.86138290710573961,0.13412671758488368,0.21272228260282469,-0.26733187317423823,0.93983131468865111,-25.798544711513351,10.134492569011519,-10.79264114246174,,0.07485473671861861,0.1666666666666667,0,2
-0.96009689739611626,-0.019412336339519404,-0.27899302645083035,0.054333241826969074,-0.99152769588765799,-0.11798613105058105,-0.27433892622616352,-0.12843671393162534,0.9530173996688216,24.656910876283678,-15.671902275716059,6.1147777883577756,0.551549545331633,0.3248598865226554,0.125,1,6
-0.7150094149646814,-0.63555598980995609,-0.29125610779612826,0.67041692814798159,-0.74146139707624281,-0.027859273112729271,-0.19824903269495953,-0.21518266766269151,0.95623937409682103,-13.353223569363335,18.613176224243031,-6.7440870653585776,0.2091820108840198,0.1888719190274931,0.5573770491803278,1,5
-0.95455752090724222,-0.073712811755590996,-0.28876696601672436,0.15311208647936903,-0.95257717882649195,-0.26297035451338535,-0.25568853758695059,-0.29523404234953343,0.92057603270159061,-1.6785522603499921,-24.170336123655446,-1.5392520056135686,,0.5162767059300125,0.4444444444444444,0,1
-0.9554711945306964,0.13039801334708978,-0.26470956638780224,-0.10189078807500165,-0.98768083630320935,-0.11876376932739205,-0.27693512548526816,-0.086503894215966076,0.9569869448210534,-5.9890162701323328,17.956780181705398,-4.2637164482633922,,0.2870981646100529,0.1951219512195122,0,5
-0.90696365067736839,0.35103785099032314,-0.23278608962323399,-0.353115389257253,-0.93495741093317397,-0.034119812584999389,-0.22962242534142727,0.051254920868463373,0.97192925404428931,-9.3384374487553661,10.691100917570454,-5.0393060613790723,0.1517825781625271,0.1241138319780952,0.4881889763779528,1,5
-0.4870910081877049,-0.82222561326054489,-0.29442722469399057,0.85959542039886694,-0.51095258819002709,0.0048130916475621109,-0.15439579972259709,-0.25074388032459161,0.95566178301101179,-0.52654780205130958,-25.033378898595913,-1.1701553051335063,,0.1259944225565837,0.125,0,3
0.45792908548040157,-0.8121912785769122,-0.36145024508870449,0.88302803258546436,0.46256896556788479,0.079318634391309331,0.10277376289368818,-0.35549300850657911,0.92901145017895992,25.333915351012092,-2.2991314764507909,6.0696274690510483,,0.2558486581517227,0.8,0,5
0.38657384542659595,-0.8111784845419403,-0.43880534209183902,0.91860380025552468,0.38098179164314239,0.10497586671464085,0.082022680937671705,-0.4436691792908572,0.89242923481874747,5.4470486909886215,25.115307086825414,-0.77962684828364059,,0.5907431810135673,0.1,0,1
0.43854540319514479,-0.83675100493837817,-0.32791109324178486,0.89389466689332575,0.44384061506577938,0.062911309934713,0.092899159501464948,-0.3207074432448449,0.94261152232045031,7.6869964530442747,-11.514227735676421,1.0925965523641674,,0.1250063870944315,0.1935483870967742,0,5
-0.93328499406874099,-0.24734136905435478,-0.26038695627935882,0.25561024442375335,-0.9667774633932672,0.0021769750826027613,-0.25227469708978006,-0.064525835362269315,0.96550188698886663,-0.40491062617952062,4.2399146332170998,-1.8860387828425333,0.2729536096122326,0.2303671961407605,0.946164199192463,1,5
-0.65116405284484669,-0.61111872000143275,-0.45002142876365814,0.7352148139674789,-0.65504198421020599,-0.1742962312981037,-0.18826723986248761,-0.44435786139750788,0.87584332925974528,21.027224906835961,-9.4900321343534682,5.0197985530346951,,0.1892172448518883,0.1,0,1
-0.94928731272961764,-0.14469395602350274,-0.2791366278023179,0.18317955940010511,-0.97609399155310328,-0.11698619009060046,-0.25553639057591088,-0.16218563051084198,0.95309861732521484,-14.728690178931251,22.801006898772084,-7.3661714755294216,,0.1112558832150292,0.1304347826086956,0,2
-0.1385369252471943,-0.88574901741219236,-0.44300812463925404,0.98878268436552064,-0.148921149850504,-0.011458369260884482,-0.055824040000418594,-0.43962616992228659,0.89644436931551552,-4.0577885679793724,22.951636694755202,-3.6583579066748944,,0.5091477747635147,0.25,0,2
-0.95575673796579741,0.15975950188394808,-0.24699384484390105,-0.13304648478482292,-0.98364580225228926,-0.12140662501632447,-0.26235032060087543,-0.083173537073070014,0.96138154341103044,22.282947362861329,10.361052862487634,4.7811417995952832,,0.3139773838335588,0.4166666666666667,0,6
0.78536000156467156,-0.47090760577304291,-0.40181549841617586,0.58762264663105501,0.77126544866290592,0.24464102858090164,0.19470308962277399,-0.42824716522576939,0.88243700759172561,-21.525512426136636,13.040482309585679,-9.3273183955495451,,0.6867213960818592,0.6,0,1
0.084346337906982483,-0.90076179049700111,-0.42604447193024098,0.99643640840964176,0.076429344885156889,0.035679675392577159,0.00042341159060130278,-0.42753567339002541,0.90399837870516264,-12.03278296907504,32.865753892753567,-6.6194963117109449,,0.1964785520299108,0.4,0,1
0.42870443006356873,-0.80879171985232601,-0.40257727896912998,0.89833192030581599,0.4289575985712536,0.094842709723257784,0.095980584513418926,-0.40230750990542191,0.91045944163930925,0.067431802076517403,-18.484892529469136,-1.185760754079632,,0.6965761769896106,0.1228070175438596,0,2
-0.87692842243963409,0.45154703433134435,-0.16462629712200635,-0.43439810332884321,-0.89121291867792685,-0.13052900599436076,-0.20565706830021457,-0.042951244081398214,0.97768111411135583,19.459207925995212,22.537605022643302,3.5057815134178201,,0.2444949255991582,0.3684210526315789,0,4
-0.75886702720703103,0.63082982707207724,-0.16178555032565844,-0.62390247763783058,-0.77544318462772954,-0.09712654535080395,-0.18672582417903419,0.0272322729609248,0.98203455636451131,30.148756875588564,-2.8437685317322376,7.5037552737518682,,0.215969428127014,0.2222222222222222,0,4
0.76798396175005235,-0.48941485575494337,-0.41312677649973312,0.61176800917888452,0.75148919392481706,0.24698966447916751,0.18957989724650889,-0.44242184663575929,0.87654000033050761,-31.563559680905641,10.048221565740034,-12.914415401988547,,0.2917123675404915,0.375,0,1
-0.64841398941322759,0.72752704317818362,-0.22419567296813289,-0.74512616659069009,-0.66686321991598996,-0.0089689344485883102,-0.15603299072660157,0.1612384797983698,0.97450287759309606,6.9350359792819996,21.410569211858039,-0.15461034753283776,,0.09981824821336679,0.3333333333333333,1,4
-0.35052459684852255,0.93467680814170317,-0.059260200187130851,-0.93376943895349762,-0.35365754002461358,-0.054781194402911945,-0.07216052855025068,0.036133207798047899,0.99673830538089181,-28.927943417563025,14.740145176196377,-12.206055864272338,,0.3944958256681944,0.2,0,1
-0.36190845792164977,0.93166394732433455,0.032008707265554527,-0.9290833847920078,-0.35766904945982131,-0.094217382482921663,-0.076330414568496804,-0.063836825692906454,0.99503694780508223,-0.80915756543148598,20.073337457675922,-2.5912974313489605,,0.7231260186433699,0.3513513513513514,0,2
0.9226809108325551,0.32076921727337215,-0.21393233985312968,-0.3019942520209542,0.94619700437230814,0.11623553958740497,0.23970692216018974,-0.042641976580581845,0.96990837366309524,12.240395087561993,7.5598988105571383,1.9717460415530388,,0.08897477667191096,0.2857142857142857,0,4
0.80373171476865235,0.58827231803320301,-0.089168438984226023,-0.550991149848443,0.79244842500336798,0.26159940079895466,0.22455307493715679,-0.16112471426048647,0.96104877243079823,26.182769925528184,-4.9231374616692092,6.3678495821476524,,0.2019754854976192,0.25,0,1
0.40876446192166754,-0.74785079786204656,-0.52309731294185735,0.90837641199632446,0.38872992474469553,0.15408224990786265,0.088113045564066197,-0.53815260823030964,0.8382290029916295,-1.6439054344875292,21.855585270798557,-2.9396400482332168,,0.333395844064006,0.4,0,1
-0.65187208508977268,-0.69088614025370265,-0.31263257329659955,0.7459181294874192,-0.65845857420402487,-0.10019206634855442,-0.13663428845901851,-0.29851071549032304,0.94457526113844092,-10.368724129852337,27.161115097746265,-5.9618243626148066,,0.4554561467737855,0.5238095238095238,0,2
-0.1719602844535883,-0.8430332117871594,-0.50963189106890427,0.98282077260402856,-0.18202070917568194,-0.030525241509325556,-0.067029765840720359,-0.50612593813695061,0.85985088546580579,-0.33361870814533889,19.563211689977202,-2.3711418241578803,,0.4341251664794575,0.3548387096774194,0,1
0.22847303607765945,0.97047824396575777,-0.077279038390721838,-0.97082129966554742,0.23305294241333233,0.056500709271519935,0.072842816400475102,0.062115247899579,0.99540726342398156,10.008526975200361,-10.384820623028173,1.7887912920629316,,0.3790379872488474,0.2564102564102564,1,2
-0.68020722248082122,-0.66132576211128669,-0.31617458919535529,0.7065198730788701,-0.70642209837657255,-0.04239679079667228,-0.19531462676805164,-0.2522222339389712,0.94775320694645548,10.52032853253797,0.87084990486872815,1.6845928050409227,,0.0943025594000424,0.3103448275862069,0,1
0.69378025663856635,-0.65420085694225572,-0.30114812679899855,0.70116206425497707,0.70904293293090348,0.075032519019715693,0.16444061283097522,-0.26320972253464153,0.95062081126756992,22.258999885135584,-0.30045581305004698,5.1270386176545593,,0.1619842874512476,0.1538461538461539,0,3
-0.84518969983961545,-0.38254871653137901,-0.3732436881786691,0.48460371710659184,-0.8430510492253972,-0.23328987497624448,-0.22541874068385562,-0.37804947808475015,0.89792259324974832,-2.8071485610783311,14.111154634428109,-2.9303677890354081,,0.4911264439773327,0.2916666666666667,0,2
-0.83170000374104724,-0.40399026506285635,-0.38087658041888739,0.50491996792594585,-0.83565019884605274,-0.21620492861684404,-0.23093490374303299,-0.37212983070831052,0.89899302518440061,6.1725525441911477,-4.438274741622168,0.46789926368188339,1.024555168071092,0.5236209860295754,0.2008733624454148,1,1
-0.52055642060367147,0.83308645519103819,-0.18705071811015092,-0.83486781166267243,-0.54254304472515413,-0.092966562106702455,-0.17893224979827807,0.10776828289245918,0.97794133115669912,7.9952975303346774,-5.1110339945733791,1.0909572430650518,0.3502737529090382,0.3203768810103041,0.3698630136986301,1,4
-0.7868326828153418,0.61167143880877772,-0.082172867780139949,-0.58550418161659046,-0.78191864236225062,-0.21398151797728338,-0.19513888019331083,-0.120255094162266,0.97337532831119467,0.19737231230923169,-4.4219411073423149,-1.4473167173067194,,0.7145592817395288,0.2665562913907285,0,1
0.27219875372950286,-0.81108181739649166,-0.51773943635472697,0.96089596449703452,0.25755770893942681,0.10170040304339228,0.050860435324723265,-0.52517645801642554,0.84947213259994714,-13.500984577823534,15.296540406266331,-6.6838960719831908,,0.4400147204878059,0.391304347826087,0,1
-0.74866501161236487,0.64463475037225382,-0.15474733923385806,-0.64460460117254381,-0.76237040452723848,-0.057238749533510797,-0.15487287862838481,0.056898197805170365,0.98629457392397768,11.630435168269468,19.550075828777729,1.3065113509297643,,0.1824614918612702,0.2941176470588235,0,4
-0.964429535298167,-0.049721110154102459,-0.2596218069608292,0.06137090300009055,-0.99743063670574217,-0.036955882153347504,-0.25711725673224634,-0.051574568983388025,0.96500299487859775,15.296371206426036,19.473366846697292,2.386237281425605,,0.08010777305250688,0.2307692307692308,0,2
0.92654353113859944,-0.1950701096787244,-0.32165934964671339,0.29675137269817314,0.90451512399287715,0.3062531849138897,0.23120490415855383,-0.37920976092142145,0.89595995977217258,19.641556510260845,-2.5492813139094603,4.4445472351845474,,0.3828786851294286,0.4,0,3
0.10010009618945423,-0.92461153484308634,-0.36752344194347092,0.99496664575035565,0.094735061835453244,0.032659484125157755,0.0046200202543477493,-0.36894278376754658,0.92944062624715551,-12.56485226883605,26.901657034662641,-6.7461005087089951,,0.1545260047016055,0.1111111111111111,0,1
0.40436872222401316,-0.86315728963531135,-0.30239945409399144,0.91254065924211936,0.40292271217466785,0.070162905040842743,0.061281985255696343,-0.30432348145227794,0.9505954643905512,16.310335455512586,27.116328500592939,2.4541982883124143,0.3908425570274245,0.3935905651760082,0.4117647058823529,1,3
0.67245533702513416,-0.67934151604006554,-0.2937667855473089,0.71818081797185462,0.69486808916220344,0.037076291094798458,0.17894170113109809,-0.2359098201611233,0.95515780075747447,14.008611037128256,15.502698932183414,2.1311978003492267,,0.09734499191954325,0.2941176470588235,0,4
-0.2777423884746375,-0.83854012315568782,-0.46873193565453602,0.95502185001147999,-0.29378024298623256,-0.040329081710370737,-0.10388662880782658,-0.45885033582748375,0.88241936609865468,-0.2782410040076706,-31.065255210129717,-0.94736460468616379,,0.4883898341002471,0.2105263157894737,0,3
0.69123110724609049,-0.63455732988052227,-0.34574058406592295,0.70236790357425904,0.70247298818153492,0.11493924005319187,0.16993788395776824,-0.32228666737891415,0.93126388291705431,25.210581801511317,5.5995441576490217,5.7514269859495819,,0.2182315982212154,0.3157894736842105,0,3
-0.50164748738148401,-0.81422346063512796,-0.29221559601636521,0.85111880507290372,-0.52497053452791642,0.0016484928710401156,-0.15474681920839559,-0.24788322659839157,0.95635104847333874,14.992405518232216,14.255836547657969,2.4737084586570655,,0.08362731358253543,0.2105263157894737,0,3
0.63593060367220466,-0.61341979501533517,-0.46830377149500885,0.75673164990678421,0.61474776800145403,0.2223564520462285,0.15149084903868498,-0.49578355844115529,0.85513109277874111,-23.553554413429758,7.4387583465572744,-9.8745737531866862,,0.1980175083490074,0.1,0,1
-0.89629659462085864,-0.29834512884325054,-0.3280893149228683,0.37171980527270237,-0.90890562528333496,-0.18898399587355239,-0.24181976933054322,-0.29134300819449016,0.92554980997086733,-13.822693387310618,16.585384692575204,-6.8150565778407302,,0.1633177118892743,0.1379310344827586,0,3
-0.66725771462608918,0.71898241992519185,-0.19450301311415388,-0.72772899183934658,-0.68495078585739577,-0.035396827397740187,-0.1586746883042725,0.11792667548884803,0.98026304760492289,11.119681509055852,-11.862076601386937,2.1903341150212667,,0.106619390982496,0.1785714285714286,0,3
-0.90826096576847559,-0.24559381009209874,-0.33874134454737376,0.33735491183605426,-0.9087534635549217,-0.24568029212173823,-0.24749481109995941,-0.33741787581777666,0.90823757660494064,13.161281488821208,3.3360633184678239,2.3102330503989021,,0.6904299874907087,0.4301075268817204,0,1
0.89754961900429542,0.38470331231624805,-0.21542526063150305,-0.37390446452871096,0.92304002277457409,0.090512804408058506,0.233666713142334,-0.00069126638908315182,0.97231650676106351,24.92401206387207,9.9286697273567128,5.5333907284805823,,0.1055955069608312,0.375,0,3
-0.90568852190902471,-0.263752371831461,-0.33190810118996045,0.34457580021004469,-0.91406777732844924,-0.21388692423670172,-0.24697331676084697,-0.30808243183133294,0.91874337875439349,6.0521832912592473,-7.5478017608006889,0.53076355271999121,0.7642098587328969,0.758030377181051,0.6109660574412533,1,1
0.95609815653086772,0.15546284555548703,-0.24841018242025947,-0.14164837520150886,0.98724653613200475,0.072663709636452897,0.25653859920302108,-0.034286740106766724,0.96592565271443276,27.011499707774597,4.2238698497466691,6.3693382493842519,0.7066692392341385,0.6504995258439301,0.9552238805970149,1,3
-0.73666082663601207,-0.56751840452993341,-0.36776852369356672,0.63666375793013907,-0.76536551349332815,-0.094206635081438797,-0.2280133457458581,-0.3035432280168554,0.92513319197123556,16.335941191295966,11.304543847093012,3.0168303488586767,,0.4083936679009502,0.1851851851851852,0,2
0.37179927489712256,0.92676685152663552,0.053558398943411641,-0.92105164329883471,0.36107433545536038,0.14590817198493949,0.11588429385594372,-0.10357860390484908,0.98784730765975792,-3.1845335798639023,20.977782502226823,-3.327856175161529,,0.6199004690189934,0.3333333333333333,0,2
0.80964380825791171,-0.49910121395945123,-0.30882824024662475,0.55591188702909855,0.8208920691581153,0.13076002696946173,0.18825216495268243,-0.27755033600683926,0.94208647871260631,7.1213630067142848,23.980603665280906,-0.23755504857861984,0.7474993589699697,0.5974379808566289,0.7446808510638298,1,3
-0.15253641673140947,0.98015376758429695,-0.12661450730880228,-0.98812221780903586,-0.15366773799252564,0.00084200499625925775,-0.018631270565773423,0.12523904419377135,0.99195164073987818,17.654638523805104,-30.318706133920287,4.201474033835642,,0.1676846708449862,0.25,0,1
0.8729087483472987,0.4644298044859505,-0.14944990386043719,-0.42473256741426624,0.87411870474389564,0.23562414179056443,0.24006783049054675,-0.14220213332434928,0.96028432770797945,-15.494731056436777,23.146336393893659,-7.6364588113446343,,0.2931507330357546,0.125,0,1
-0.52040884080630367,0.82664928441230279,-0.21406914535090329,-0.84527071581871593,-0.53427424481629204,-0.0082733490979073725,-0.12121078908230119,0.17664085571183097,0.97678347278372657,-17.121541004155144,2.9202294801679463,-7.3155252404710023,,0.1051173411414912,0.3333333333333333,0,3
0.77906195209516238,0.58650421142539699,-0.22152942192392441,-0.58689848852495119,0.80651530100181967,0.071296798084292221,0.22048274074131646,0.074470660197274038,0.97254381999217909,11.345167778406113,-11.024093859893489,2.2015073252316166,,0.06654330926661525,0.2,0,2
-0.64557321644628873,-0.66545121598040691,-0.37471309205496262,0.75009728808991416,-0.64469247310204925,-0.14739631449164489,-0.14348965331113406,-0.37622638700091376,0.91534934594224138,11.176337730106439,27.721006402114071,0.82410958169231685,,0.2229654938268362,0.2352941176470588,0,2
-0.73732428501606007,0.65702905684017443,-0.15705323044518157,-0.650946236647443,-0.75317343475755016,-0.094861868893917678,-0.18061532526363328,0.032289249654119376,0.98302365619383081,16.37655538460178,-5.0049493359784272,3.5138785930722474,,0.3029468426976277,0.3061224489795918,0,1
0.84790417776935589,0.49521427561620196,-0.18926522804570742,-0.47188493203510234,0.86769538551691638,0.15629884475221723,0.24162598419768555,-0.043215034172972129,0.96940669720294859,3.5911261816645705,18.924293323741377,-1.1152995190594079,,0.4076911140918342,0.1379310344827586,0,2
-0.0010791977793666091,0.99689350596545923,0.078753876704888995,-0.99976480196908646,-0.0027814416539308274,0.021508238562005549,0.021660472660294739,-0.07871214230486695,0.99666204030148153,-8.7927834750915821,-4.6167996870290846,-4.3569458190272803,,0.08637400986940497,0.5454545454545454,0,1
0.26294113031263161,-0.89683127746680591,-0.35574656955081513,0.96359942878045357,0.2625865353701346,0.050243927954461774,0.048353933075809055,-0.3560083864174638,0.93323090709455958,8.2546062724900899,-26.611234522009234,1.3992817929026513,,0.1421639764934463,0.4166666666666667,0,1
-0.69035394705434416,0.72040390412281397,-0.066555561083179102,-0.70392493543757206,-0.69009339626285349,-0.16810945750793416,-0.16703626269675467,-0.069204908489278558,0.98351897164482449,-26.96166743198415,12.337560677146147,-11.285579470780425,,0.3776939639214513,0.4,0,1
0.72722032100896405,0.67481138106150895,-0.12561928475150083,-0.65457337667756021,0.73686894496708044,0.1689906875778649,0.20660178909331062,-0.040666422672290758,0.97757963502237644,3.5917835857672422,-21.056131418533454,-0.067167202426878778,,0.07397257369603298,0.1538461538461539,0,1
-0.38592935477425011,0.91765250048045766,-0.094722866750826626,-0.91889050580253406,-0.39148526814394718,-0.048780356417569157,-0.08184602293022096,0.068214171461842693,0.99430782725586564,32.711105531052688,-16.123366699346409,8.7652424446134809,,0.225036270583904,0.1904761904761905,0,1
0.73059236599107447,-0.53697976400527825,-0.42176714879705896,0.64514547797644328,0.74518250075020631,0.16879085526833612,0.2236562250466364,-0.39541847911359068,0.89085471283110151,-17.850220621148178,16.751151127779821,-8.1882914663574731,,0.1889012684192158,0.4347826086956522,0,2
