axis_00,axis_01,axis_02,axis_10,axis_11,axis_12,axis_20,axis_21,axis_22,location_x,location_y,location_z,dbh,dbh_approximation,score,reconstructed,number_clusters
-0.92847460428582662,-0.16829169241529041,-0.33107826183589129,0.20361661195283026,-0.97618825358567984,-0.074811555913451441,-0.31060454686486511,-0.136873663739005,0.94063298668584538,7.8723537069502605,7.4375122613853719,1.4366173248433678,0.1880467669081181,0.1582115904196943,0.456140350877193,1,7
0.47784150106019618,-0.76765484341161161,-0.42705215284697345,0.85797112585189594,0.51219155152581863,0.039311089402444495,0.18855515656955882,-0.38518288634396908,0.90337207007896825,-12.30234319763372,23.029291961669699,-7.1926139161821245,,0.1338479032817385,0.5,1,5
0.43170879564437081,0.84479498395574282,-0.31614703991418919,-0.89143179107845971,0.45310825995774678,-0.0065012777754451245,0.13775658829231152,0.28463018083344566,0.94868792684464143,8.8789985807192906,-8.3322236961533207,2.0328830873742243,,0.0736236633547178,0.15625,0,5
-0.94838050768171644,-0.07923215945064413,-0.30707764092841117,0.14383391312163918,-0.97043457248319454,-0.19382607142868385,-0.28264150099638102,-0.22798904675038276,0.93173750406236489,-2.9685250132906269,17.594337181814968,-3.2487626615753467,,0.4771433476797889,0.6428571428571429,0,4
0.3466904428090325,0.90643987012170213,-0.24118975666190368,-0.93224254632405523,0.36138011769282824,0.018117542867591024,0.10358364585260692,0.21856617393839559,0.97030884563720865,18.886848990351304,-7.8857322598512418,5.8846398520207259,0.4745001900363112,0.4578470153351297,0.8278688524590164,1,5
-0.17082340421583972,-0.90594539060866341,-0.38740458671397765,0.98380476603460265,-0.17849155663276181,-0.016399589580681089,-0.054291315140757766,-0.38393191251279107,0.92176392837567567,-4.3781552395221111,11.786473118848022,-3.5775846847952493,,0.1003052712101107,0.2142857142857143,1,6
0.8681025899042889,0.39296409770224577,-0.30327728454094111,-0.39245469513266051,0.91744391583453655,0.0653909287785647,0.30393618683828638,0.06225655961625718,0.95065604458970898,-18.26090190830006,14.981783165235683,-9.4358802899129799,,0.1736003042016611,0.4,0,4
-0.89046013590696793,-0.27235832974411917,-0.36455683586999027,0.32649123941359692,-0.94042448769733678,-0.09489601427550165,-0.31699245566214784,-0.20352573094868495,0.92633312576798521,16.07091463256662,5.0188391581032601,4.6932919429034357,,0.1351490065632134,0.5,0,3
0.56245671296593946,-0.66554228346068922,-0.49060769965980039,0.79704897429224408,0.59424371330446724,0.10764451578133714,0.2198985643864714,-0.45158374430890263,0.8647061600663658,13.527558042246332,5.9866046693121611,3.7485578635558237,,0.7648630471664207,0.5681818181818182,0,5
-0.17285462396504497,0.96553847648900049,-0.19456805851218867,-0.98107387192592288,-0.18628414963655263,-0.052841966451527493,-0.087265897108668819,0.18175166027711012,0.97946464825859492,6.074759235854323,9.4057513943376918,0.53782894064325004,,0.2002770946051933,0.24,0,5
0.85126462329433084,-0.35382899099140735,-0.38749656290290296,0.4068758017955062,0.91140266522483038,0.061621941987734463,0.33136177063871575,-0.21011955395697526,0.91980930089018831,-14.415405095190264,-9.3719465379090128,-7.1766305496231766,,0.1225446688246291,0.25,0,2
-0.18904611829479381,-0.80924778795599894,-0.55621900618910314,0.97699376625424683,-0.21194764372073302,-0.023693396159509689,-0.098715479323219821,-0.54790164629206228,0.8306979235151819,-11.707807297866685,17.146815204153626,-6.8363199359622069,,0.6183269013945933,0.4473684210526316,0,2
0.37807067772017883,0.9212865528451516,-0.091069480040806228,-0.91777200082666044,0.385891896040022,0.093712320797563115,0.12147887531103156,0.048151138276628973,0.99142541360196734,-9.9263435963124191,9.7077291484873385,-5.9087170759647591,,0.2659209959937709,0.296875,0,1
-0.8516553954462357,-0.38513218682508948,-0.35546629387135958,0.42773240128916085,-0.90269481142792529,-0.046766123513824878,-0.30286643969697885,-0.1918730728696092,0.93351842167835641,17.627670460683241,1.2040390674051829,5.3344225202237254,,0.0928285862044244,0.3888888888888889,0,3
-0.49830945143748262,0.85200257252109135,-0.16055935670498186,-0.85287912356330497,-0.51500125269494901,-0.085854005803587985,-0.15583610364085845,0.094155860890736576,0.98328519904550604,-8.7706375441471369,-10.905523975160335,-4.8537844152159471,,0.2871778444332852,0.3111111111111111,0,2
0.8910921943240514,0.31065835440877421,-0.33082637145605898,-0.32098582771132433,0.94676797547044012,0.024464239863183097,0.32081583443344225,0.084390683488403312,0.94337448180303107,-0.83771288781147657,14.393591181556646,-2.2980673663467588,,0.07937122927412701,0.3225806451612903,0,5
-0.11735071072251478,0.96574898558176092,-0.231425382230906,-0.99161229193659783,-0.12666021275749864,-0.025734276451320846,-0.054165239528395692,0.22646431805479977,0.97251223101553141,2.2113424496825611,-24.113573362959297,-0.50045583206323252,,0.3320387489925058,0.7407407407407407,1,4
0.93380427250289533,0.18598490929963515,-0.30564553680390366,-0.16423872511480195,0.98177433947982706,0.095628382353858898,0.31786038102916259,-0.039099358712871422,0.94733099723393388,-2.5528135483898966,14.903774442166744,-2.9305931772289591,0.1638387873637956,0.2461397939734928,0.4107142857142857,1,5
-0.87746389185084261,0.38058232795770042,-0.29191473094770354,-0.35233095518472929,-0.92439930641067858,-0.14611235514518608,-0.32545355508365409,-0.025357719805889849,0.94521794816309823,-13.733045198102252,23.798142713244061,-7.8718160148950691,,0.7664604476167058,0.7352941176470589,0,1
0.49863228196981152,-0.70870625553819755,-0.49910048160526249,0.84430919147444783,0.52744712700498719,0.094559597111813776,0.19623413711518709,-0.46854559177865657,0.8613693701632571,-20.448904143935675,18.83883075228319,-10.58064095339626,,0.2473581729119327,0.25,0,1
-0.94062834395539596,0.059656303044562528,-0.33415482048712708,-0.025960718103940777,-0.9941949771757892,-0.10441450317824243,-0.33844402737122803,-0.08954034211173631,0.93671669541609881,-1.5860908615077267,27.590728135827788,-2.923686502751734,,0.4660013404685698,0.7727272727272727,1,5
0.93674986528247428,-0.052614784263563932,-0.34602221658466453,0.070793494758785824,0.99668464459884287,0.040099879310489618,0.34276518346107387,-0.062059678518154526,0.93736899101107429,-4.1550505852155393,14.888257205850783,-3.5847013950887665,,0.07377325944995625,0.2777777777777778,0,5
0.79082307519452111,-0.40787544093582323,-0.45632936397002616,0.52557783322600238,0.83462547251071617,0.16482797656260975,0.31363482740496373,-0.37018636565609964,0.87441137327975504,-4.9965095239403983,-11.723822125736806,-3.3792235849779377,,0.1315390224179478,0.2916666666666667,0,3
0.49058033463164025,0.83432768707109561,-0.25145227352184568,-0.85723048332553553,0.51389509495193797,0.032676135662116718,0.15648269466678455,0.19952228439684627,0.96731795408691112,11.152427200609864,-8.3792053413336252,3.0191183149763012,,0.1525452805078288,0.1666666666666667,0,4
-0.21036699521990787,-0.88872719365067365,-0.40732014753501344,0.97638726283679744,-0.21193441762982904,-0.041853501573609571,-0.049128813258761055,-0.40650679931546424,0.91232591863767776,-22.190058026205026,10.651799422465453,-11.30131335377202,,0.08228312545357601,0.3448275862068966,0,5
-0.51992793802849779,0.79590532560812399,-0.31017680752444893,-0.8294442750048846,-0.5571972746907472,-0.039413090957495581,-0.20419876081664776,0.23678241012758605,0.94986154587661642,-3.9151561781303004,-6.8258978396769505,-3.0690862652802022,,0.07550856681353318,0.2307692307692308,0,4
0.01528323973929061,0.97099401979267108,-0.23861482793393715,-0.99962264013063629,0.0093900433867537495,-0.025814810157200111,-0.022825422697701964,0.23891931820609646,0.97077111590045073,12.443912414358412,2.8061865671240271,3.3540585601105821,0.6111774197499422,0.2553605289617008,0.28,1,4
-0.48442294557297955,-0.66024589845173487,-0.57394229969576238,0.8598555668642669,-0.48022084175759011,-0.17330997453742483,-0.16119185443107664,-0.57746280981487785,0.80034610597277089,-7.5354923994379481,18.136838596421288,-5.1013406803907895,,0.4025865355924918,0.1666666666666667,0,1
-0.49356968481249808,-0.7255431746758767,-0.4795582007591388,0.85839489529801094,-0.49504168269189203,-0.13450626797253026,-0.13981119397390634,-0.47803852781845041,0.86714012475537094,2.394148680342671,-17.702878964683919,-0.48947703755066257,,0.2627573788652406,0.2857142857142857,0,3
0.65522778814685101,-0.58812990823437716,-0.47410943534210254,0.71273905226854328,0.68928358771996479,0.12996606892274482,0.25035892037537461,-0.42307368949169583,0.8708209139934342,-12.671525869170974,-10.780799408529719,-6.4101928371654724,,0.1948805955010636,0.7,0,2
-0.70498635675821097,0.66553360798971795,-0.24506989497074899,-0.64897746533047895,-0.74473307677688638,-0.15556636476970295,-0.28604630093397915,0.04937267453381159,0.95694297255968541,-18.895567252316649,8.7729157285308847,-9.8470680027427058,,0.3313414369382649,0.1568627450980392,0,5
0.87349587960167441,-0.22296090549993472,-0.43277405529623036,0.3352655952367069,0.92006392451714192,0.20268042691066723,0.3529899842339328,-0.32213476903427057,0.87842316773282103,2.4985126472736892,5.7303926049033223,-0.75641759535567665,0.6259022082380123,0.3934810027432933,0.3427835051546392,1,5
0.93463797393223425,0.11188092240390574,-0.33754187427028992,-0.078365385511843258,0.99068331883970073,0.11137965759660365,0.34685836307840295,-0.077648058409774123,0.93469784154440183,2.2125095547363909,10.623414747419446,-0.97305930747862002,,0.1305368690844843,0.2,0,4
0.82332643340478628,0.46961403939401686,-0.31874164782938091,-0.48156466193968456,0.87522381675766747,0.045593277476604001,0.30038152477785929,0.11595656335100668,0.94674442960492378,-10.026675067210912,15.110219436361476,-6.0156901808295391,,0.09353507050107872,0.2321428571428572,0,5
0.47421604531385148,-0.74723068328197639,-0.46558076456060882,0.86122386740371981,0.50350666521130527,0.069097672189229034,0.1827911173472905,-0.43373649148963739,0.88230383846449867,13.197292665250108,13.788862290947215,3.3025559476103257,0.9584996524399486,0.7164370740927966,0.5783132530120482,1,5
0.45135865491144328,0.86358064047878169,-0.22473059877726728,-0.87983141653591412,0.47271052837625033,0.049410877736107299,0.14890279753227956,0.17542301374820413,0.9731673664558208,-24.140540983861058,12.300604109026704,-12.285711414125622,,0.2823169436549255,0.2058823529411765,0,2
-0.28841607066212638,-0.88584839214401789,-0.3634402238603715,0.95411748234145211,-0.29778881085605602,-0.031331358402477777,-0.080473598616115929,-0.35580113865022089,0.93109051636292506,-6.6877107558046376,15.205575987754237,-4.6434882755301894,,0.07370358616701489,0.21875,0,4
0.53278068609130191,-0.7207481004117382,-0.44347143795395844,0.82023282698208533,0.56876397573896387,0.061038098287736341,0.20823748478373774,-0.39626975112223445,0.89420771316090986,-21.304277355107889,17.766591517360979,-10.983294868593303,,0.2451642313438041,0.3333333333333333,0,1
0.58621516137362217,-0.67482261976745539,-0.448292556737102,0.79008690455639141,0.59859329793728677,0.13209370504707479,0.17920509988334341,-0.43162541110869784,0.88407298152417813,-5.4491007889061569,-16.070310643968686,-3.5227777779837499,0.459039825523628,0.3469485516274421,0.6216216216216216,1,5
0.93608932310897941,0.035828155650645781,-0.34993302562639883,0.073131029926538527,0.95324150148313602,0.29322771409275128,0.34407649094824327,-0.30007829497124511,0.88969904195963578,9.7828799286192538,7.4179411233050763,2.1781934371020819,,0.1771871773717296,0.25,0,2
0.93108955025260842,-0.10720862500989088,-0.34868117261172021,0.1294263447431824,0.99074157494867865,0.040987229165085105,0.3410587496265336,-0.083291310421321263,0.93634474789549871,-12.784824697522765,-5.6957881206442567,-6.727224317541868,,0.08100640826356956,0.4375,0,1
-0.64865444943671746,0.70029995879893636,-0.29803921374905779,-0.71874308695958644,-0.69243914731933387,-0.062740753960071408,-0.25031136644937446,0.17351655530779111,0.95248948805767153,0.9016943820982668,-12.192041176885086,-0.96841649040181865,0.2362508747861858,0.2185703821730234,0.5416666666666666,1,5
-0.42935059690178473,0.8865022970448132,-0.17254489929972042,-0.88619292161657637,-0.45036974201677571,-0.10876213105865203,-0.17412688079890978,0.10621098253011488,0.97897857819935463,-12.140930725792904,-8.0190188213463962,-6.2214095991179494,,0.1489024666406697,0.125,0,2
0.92638644111573976,-0.094193447012442283,-0.36460356040064718,0.16205839466359104,0.97368855880717364,0.16021132034618918,0.33991945874864821,-0.2075046625691184,0.91727671755915763,-11.095780406334461,22.641570922282579,-6.7277840795685702,,0.2867529488325465,0.2916666666666667,0,1
0.65838182918395105,-0.57709947574409315,-0.483207576613082,0.71705986678503864,0.67606903819300601,0.16957536095496434,0.22881982966215444,-0.45813409684575601,0.85892644321892087,14.518623739610144,16.923893805122123,3.7145707454362853,,0.4414160215245558,0.2857142857142857,0,4
-0.27261586227479528,-0.85604388369008066,-0.43916905723533584,0.95858860789142164,-0.28075668759679989,-0.047786642385286411,-0.082392186868392656,-0.43400985192329083,0.89713264123905734,-19.511786694790626,17.862359656373705,-10.209272022797897,,0.4862072520781673,0.78125,0,1
-0.096652880743150052,-0.88203609648346526,-0.46116216794557358,0.99517835201066118,-0.093405672838111645,-0.02992370249491072,-0.01668137684349498,-0.46183081835437395,0.88681115626988716,4.725496717369376,-4.1425391736503192,0.32462065719028238,0.877442635578907,0.5621088890284438,0.8587570621468926,1,5
0.60041668571482276,-0.64282584530798736,-0.47568344108167171,0.76524042564703254,0.63455574769208656,0.10837939853351419,0.23217858314404727,-0.42908499819384183,0.8729141824109713,-13.371222026006011,-9.855384825649212,-6.7490357616325927,,0.07400904793211634,0.3333333333333333,0,2
-0.93145234665252208,0.14431291796751974,-0.33402141791090129,-0.1185020780720165,-0.98825193084099783,-0.096516209424388363,-0.344025847005894,-0.050318017615349528,0.93761096073752126,-31.863194341462989,5.9405872496411041,-15.515080164692678,0.3079838414242739,0.161132242058814,0.4230769230769231,1,4
-0.8379930423071521,0.51179096657558421,-0.18930839277864389,-0.49435083837869997,-0.85891084161874487,-0.13375131679372837,-0.23105174666961634,-0.018497910190317258,0.97276560263997369,-13.374185231188166,20.480918535475404,-7.5135416845737506,,0.4651417221637991,0.1176470588235294,0,2
-0.89424374516549821,0.3237270440932844,-0.30907753906585972,-0.30403916013654825,-0.94613413025746895,-0.11131215865935344,-0.32846356470063126,-0.0055685262473412081,0.94450022666994982,-20.170674085168208,16.376696718707063,-10.411484828959038,,0.1205923447137521,0.3333333333333333,0,3
-0.9303406125053777,-0.14582236751296201,-0.33645531925655953,0.23400343133620885,-0.94251460722862368,-0.23855525415206005,-0.28232736113596751,-0.30066934046155808,0.91098255134794581,20.199930622253266,-7.6783802689276603,6.2874378741539223,,0.4624979470078616,0.24,0,2
0.4864162197051724,0.85291450743001163,-0.18956820467354032,-0.84116543068658212,0.51581318895489914,0.16241142914842593,0.23630484427024784,0.080458667125408889,0.96834210042671187,-5.1518804595007746,7.3791899470065738,-4.0362259915797134,0.8599432259118813,0.6664175707316147,0.4793388429752066,1,2
0.93341573878928985,0.20986866634899892,-0.29101580964843887,-0.15104292473484254,0.96555766225999373,0.21185947167535463,0.32545520961875618,-0.15379708623998134,0.93296589583762546,-0.29780899348025269,-13.830113283534455,-1.4208296065954125,,0.3370473907494679,0.4285714285714285,1,2
0.74068050222164405,-0.56026079136769458,-0.37081024700611603,0.61063436738354981,0.79155643003990983,0.023750524890299142,0.2802107474719413,-0.24402103130369202,0.9284049080453517,-1.3660018761727566,-13.669996585694768,-1.9501999633865452,,0.07592164877168642,0.391304347826087,0,1
0.79536585745102029,-0.39785757761827661,-0.4572772689877781,0.520777290511094,0.83456644448369732,0.17969380465047768,0.31013572269109418,-0.38106193417023099,0.8709808469979784,-5.0975454892620204,17.320585957411673,-4.0520314026544586,0.3536513023018296,0.2822216074970112,0.3775510204081632,1,5
0.89044509722198195,-0.27117797768648388,-0.36547234266248241,0.31436123206560951,0.94720413764985512,0.063097839845634149,0.32906617056076443,-0.1710754980611254,0.92868112361327271,3.4604278132124846,-6.0574150708711478,-0.11658715647041849,,0.3113584868270582,0.776536312849162,1,5
0.92724662106076938,0.18767992535964978,-0.32402152605711554,-0.16839937839738547,0.9818875940368913,0.086823971527562258,0.33444783313210436,-0.025942210650618028,0.94205713660042867,-16.291638389741024,12.494712472833292,-8.6732162123738981,,0.2417226701569505,0.3666666666666666,0,2
0.69975434111718793,0.7054283271235583,-0.1127596442851282,-0.67184310059104091,0.70349039356745158,0.23179325776762633,0.24283885660220692,-0.086441549326528574,0.96620761137250533,-21.108458817043093,20.388969229626063,-10.927365337136971,,0.3269213360083286,0.1111111111111111,0,1
0.80678049173103161,0.54318678460750469,-0.23249377451879516,-0.50563662189050862,0.83829678505020722,0.20393652634494611,0.30567440973262849,-0.046974644248236892,0.95097662328385435,-25.084468702191888,10.518713834941618,-12.649982307087329,,0.4859783214562071,0.5384615384615384,0,2
-0.46214641017724761,-0.77588478237824332,-0.42944557284264678,0.87322797329001833,-0.48256259168937804,-0.067869372811582909,-0.15457555506641432,-0.40636947421760988,0.90053886545779527,5.0189112296566938,-7.7281467176155951,0.56181694867948784,,0.0797446065509354,0.1923076923076923,0,4
-0.2443150422857038,0.94336185044963683,-0.22445173028776902,-0.96461994279100749,-0.2600883983390016,-0.043155428619444332,-0.099088476034349532,0.20596709486151304,0.97352916225016084,6.9645158405774907,20.580163911296737,0.61228785141911091,,0.1089510901510038,0.4545454545454545,0,4
0.65321028187885799,-0.64884635142321556,-0.39027521045093766,0.71464185625388765,0.69863406122351701,0.03460441862439928,0.25020660450463839,-0.30151096289043272,0.92004771306663402,6.3183271139048012,1.6301807199410825,0.95983597615355576,,0.9525101512024132,0.4149253731343284,0,1
0.0634937102856694,-0.82616062304699656,-0.55984566952041226,0.99709271916199071,0.076195121718859449,0.00064251100903436084,0.042126691637345774,-0.55825883634103579,0.82859665308209252,10.336105631474361,13.85656442970037,2.1143771956941531,,0.2665208750497253,0.1333333333333333,0,5
-0.65847439145647635,-0.56724021841494399,-0.49462107760243079,0.71697213426593753,-0.67262386010470898,-0.18310680354369002,-0.22882839527071286,-0.47520067069650457,0.84960101699999313,-7.9699026785512341,-16.786766368904846,-4.5558327048582763,,0.3309216488802065,0.1176470588235294,0,2
0.82217295803635537,0.50242508070466474,-0.26758300647212135,-0.49557937327790619,0.86304215680407681,0.097771776911561206,0.28005840793524855,0.052223307611422895,0.9585614295844036,-23.092575314318946,13.639553223802677,-11.780991204186025,,0.4096015844487059,0.2580645161290323,0,3
-0.63078469022355976,-0.68684693614596293,-0.36104287956760889,0.74493162895666409,-0.66627577053474574,-0.033962711586406708,-0.21722693838365956,-0.29037541890668733,0.93193056250732942,-6.942397476714083,-14.172351030880442,-4.1155899830541802,0.2833560814393128,0.2398204533735064,0.8833333333333333,1,5
0.22801080970200227,-0.90245396732483951,-0.36549679549716252,0.9684817148235555,0.24887096657891905,-0.010315524538271099,0.10027082682147583,-0.3516249121631343,0.93075543642506087,9.2865395292575652,-5.9502459644431225,2.2077093750084602,,0.07535188899160938,0.1739130434782609,0,5
0.67746395953287031,-0.64735317945120119,-0.34925126283016711,0.68860830157329489,0.72508662599614393,-0.0082457143941637376,0.25857530922032679,-0.23491114459716245,0.93699283007164125,-7.4259991272153858,19.161711611117845,-5.0873401105066502,,0.06072609971564073,0.3125,0,1
-0.14674131576000385,-0.87953518994880531,-0.45264206155718822,0.9876132778425063,-0.15597318557391263,-0.017099088019707078,-0.055560774636453349,-0.44954445277819227,0.8915283423975664,-31.31949802949811,10.038074409689749,-15.366699728916746,0.3293579896130354,0.3337202890819276,0.625,1,5
-0.61862904400291374,-0.69144298904341972,-0.37310145914850279,0.75698173033781835,-0.6517185486693795,-0.047345467101295315,-0.21042045017251357,-0.31172026918854423,0.92658173299834579,9.3332448475065526,2.5513650715883309,2.0964949152477734,,0.1634839841147939,0.16,0,5
-0.9274739795979382,0.15943201614892027,-0.33819143897422271,-0.15523141258011366,-0.98708326020602544,-0.039621281774166399,-0.34014000899210245,0.015750226910612529,0.9402428966150812,3.978874575341786,4.9521616943145421,-0.1489615365604248,,0.07620726534413753,0.28,0,5
-0.85451190891596307,0.3944963123189299,-0.3379083560487407,-0.4107509867806845,-0.91139632837773066,-0.025305325097422882,-0.31795129246394216,0.11717248903372118,0.9408387659073959,5.361839715610917,4.7155327847850756,0.5591853169744323,0.1774314538739589,0.1454432647242124,0.5866666666666667,1,5
0.93530461361338912,-0.055782354460814962,-0.34941895867900219,0.088961022944155699,0.99284736171483445,0.079624448083633587,0.34247805207084386,-0.10555778164920791,0.93357717334083301,6.6154017009346999,7.7621377539131471,0.96607820576787395,,0.07623278050665687,0.2222222222222222,0,5
-0.8760549124060657,-0.32652161826395537,-0.35483999669638366,0.36953658150193158,-0.92734085961372403,-0.059005466041264526,-0.30979106730354272,-0.18281838774359729,0.9330631981392068,-7.32620308409959,10.906253712196778,-4.7899253896415432,,0.0910157472388792,0.4382022471910113,0,5
0.0062220927673183055,-0.87745798272199205,-0.47961315048593961,0.99965955136680584,0.017611384625150796,-0.019251506245045371,0.025339039498625589,-0.47933008218662715,0.87726883301998704,4.7941034359411843,2.6883166170978545,0.26934919106983513,0.8454714459148395,0.4385053455143053,0.2352941176470588,1,4
-0.8135255459798757,-0.39496338216362209,-0.42682562339674351,0.51041975796083949,-0.83666719236431975,-0.19864460703579548,-0.27865365011308224,-0.37946269378040348,0.88224724839898305,-5.7116726379643996,6.4145757011055542,-4.1088770912201156,,0.2171423224312894,0.1301775147928994,0,4
0.41994689553854581,0.90204099600213106,-0.09983309300538952,-0.89457542056983963,0.42996495239989763,0.12192192838062496,0.15290330879295613,0.038107495840567746,0.98750615032055811,-0.47462824351288518,18.175529448739301,-2.1925026755298229,,0.4892112823568937,0.2222222222222222,0,5
0.93790239690464439,0.067530201927779143,-0.34026278919111308,-0.052917307397209873,0.99724117413464664,0.052055731561280745,0.34283939747110703,-0.030817404792491798,0.9388884039668951,9.8636099970080888,12.437972057556964,1.9572946886792724,0.1209195860488564,0.1329452026476249,0.4090909090909091,1,5
-0.046401698073870248,0.96275773266369502,-0.26635395738025397,-0.99834857503678642,-0.053736252152870465,-0.02031102967801339,-0.033867464296569443,0.26497162753929687,0.96366126385846629,-0.29589039153583319,3.3779159770728988,-1.7114842749534749,0.1902146405958093,0.1628416535039873,0.4353233830845771,1,5
-0.27587323170342282,0.91873740032034601,-0.28251645842697631,-0.95403392966971712,-0.29753239046026292,-0.035968564969413606,-0.11710346309339831,0.25960752277161275,0.95858787445487736,-17.770488391320971,12.407337440268481,-9.308352720906921,,0.08541943699986575,0.3043478260869565,0,1
-0.87305350767384704,-0.30997333814388134,-0.37642277080210185,0.37125993502123983,-0.92301964849611007,-0.10099895612402848,-0.31613863001287512,-0.22792818634398326,0.92092622314902417,7.9901890223152101,15.587904461501214,1.1544648997953451,0.1723557131610065,0.1218616995340371,0.4,1,5
0.91772800972671409,-0.11040477685304516,-0.38155744706540934,0.19072454687960597,0.96509636959303502,0.17948020675247753,0.34842423477796769,-0.23748638412837983,0.90675287149973471,-15.498689214600699,10.641850262540332,-8.2647537366747663,,0.1258001507160854,0.2,0,5
-0.86425965067276778,-0.34371421893844012,-0.36730885085786208,0.39180186236563969,-0.91789289168415644,-0.062959828799906956,-0.31550999487464965,-0.19832593147451827,0.9279656610235979,8.3875158999323656,-10.931814102354451,1.8893635456691791,,0.09893452139285611,0.2105263157894737,0,5
-0.83532471287612253,-0.31964435792831813,-0.44728079380073599,0.46338092570910566,-0.84716677294608367,-0.2599741843050784,-0.29582214546479713,-0.42442424914313243,0.85577643984389562,-9.8062457621627601,25.405536780535417,-6.2212058457473667,,0.2413304677819473,0.1666666666666667,0,1
-0.027638870724009192,0.9600852102327937,-0.2783387898180093,-0.99932648547083935,-0.033261894950868176,-0.015499089675783404,-0.024138522357469831,0.27772294726314911,0.9603579001090522,12.000034521149082,-12.486387230849433,3.2932476688382253,,0.1529262194895528,0.45,1,2
0.60132813390302597,-0.64870511604620451,-0.46646130363855853,0.76451705770069012,0.63680628640909276,0.099957101171148088,0.2322028076087429,-0.4167246405065817,0.87887566249912519,-8.4778481837327799,22.983390652565159,-5.6338152639701775,,0.2473775952969011,0.1764705882352941,0,1
0.42047790149258801,-0.82210283448103483,-0.38385578528222986,0.89151510019819746,0.45294432143970587,0.0065013686345417702,0.16852050461290216,-0.34494691071782685,0.92337016862753385,-1.2666092507159095,2.5408596938703836,-2.0985975677687483,0.1579674850232234,0.1408558438219508,0.6579310344827586,1,5
-0.87979798030576883,-0.28273704962173696,-0.38211945072331288,0.34877834768852606,-0.93014764468524092,-0.11479992713482487,-0.32296931438381665,-0.23427573467539251,0.91695458017764075,-18.877332459320382,12.995050977951104,-9.8666717084022597,,0.1879809959740866,0.2333333333333333,0,5
-0.84512975897822828,-0.37900440472151758,-0.37697659302812098,0.4401953908528517,-0.89352761031752737,-0.088523598391355707,-0.30328816060193758,-0.24075728608276212,0.921982766019385,-9.5152551577674203,11.865095135744694,-5.7690134230112555,0.3738466114693618,0.4211462907105525,0.5956284153005464,1,6
0.79690404289993988,-0.47462484410883243,-0.37373145942561165,0.52514076920681585,0.85006528152482586,0.040201861436914885,0.29861533605393586,-0.2282986519907321,0.9266653152959865,-1.8432614945685195,3.5389276077286249,-2.3746447580088534,0.1628822780756838,0.1294072517187812,0.509090909090909,1,5
0.20743521500462028,-0.80189202470966592,-0.56030332167765884,0.97603356877500758,0.20817747549112287,0.063408290644555942,0.065795928447803659,-0.56002796305646563,0.82585687403721264,12.877018715104567,0.51410762630622231,3.5498468215745724,,0.3494434419381523,0.2698412698412698,0,2
-0.73268238219017501,-0.53683707920458834,-0.41830906901382819,0.61813328032422055,-0.7820956791075141,-0.078978455777343234,-0.28475915188760448,-0.3164368801395338,0.90486459003754227,-26.111808530609299,11.784643171713435,-13.068394390975683,,0.4624660593957252,0.1875,0,2
0.44088500391123853,0.89402762889330478,-0.079592789256330676,-0.88932115818579438,0.44710538284148338,0.095940889287354905,0.12136017027536217,0.028484652175974613,0.99219974484029638,-2.8655002048590457,-7.3498717699474492,-2.5355152117654578,,0.295832537070691,0.1136363636363636,0,2
-0.91548225137379846,-0.16019643353687413,-0.36909260369401459,0.24589709624702971,-0.94883856777841602,-0.1980908638819148,-0.31847584755651415,-0.27210746953781001,0.90803670605592235,-7.1085077407553161,-20.321777222880204,-4.1671195553681795,,0.319378027897088,0.2631578947368421,1,4
0.88613932508103987,-0.3039681550011275,-0.34980059646908834,0.33097116957926792,0.94345758152295067,0.018597762612655999,0.32436889717149359,-0.13225412134249601,0.93663956030891293,-0.71093810673086055,11.807594958056532,-2.1333289818807497,,0.07375998355957068,0.1694915254237288,0,5
-0.23740348250179433,-0.86128510287268878,-0.44925222099128431,0.96884426064624851,-0.24353170924058984,-0.045089967921706678,-0.070571843598165249,-0.44595995130049326,0.89226640457164907,-8.2443052102418406,8.9203906042555197,-5.2016177689594914,0.5541044770968273,0.5027298487793457,0.6268656716417911,1,5
0.87730955003086541,-0.21801420773498237,-0.42754854537271963,0.35275996691218586,0.89697044693069039,0.26646655151645504,0.32540491571080199,-0.38459566112821131,0.863827423894727,-7.8732702373589722,-14.550038575019446,-4.5948967025897618,,0.2529358451255248,0.2727272727272727,0,1
0.55433635027481221,-0.7259493908349085,-0.40707332596281198,0.80397632941675934,0.59355105280624454,0.036320923035535156,0.21525164924235829,-0.34741132632518451,0.91267305090016815,-40.046300503953631,9.3973577747313115,-19.144763929962355,,0.2652757274814314,0.7837837837837838,0,2
0.8392202790269101,0.45040606635852465,-0.30470263972836958,-0.45711914901028261,0.88780526873936783,0.053328120225029869,0.29453591780648991,0.094531371438588807,0.95095342311589015,5.7886610881637068,-8.7044626997760091,0.91810208534750504,,0.09543606038347655,0.1875,0,4
-0.72083168023172828,-0.52491859960869292,-0.45261700427530582,0.65250099784554538,-0.73416921582801153,-0.18771790096059182,-0.23376085340550784,-0.43064605689049507,0.87172233945207422,-21.002243328063216,12.978871679678306,-10.762834240981404,,0.6095814955413726,0.1481481481481481,0,3
0.91142398829453131,-0.19972956782751214,-0.35974214834618162,0.27197775604363411,0.94848994351993465,0.16246515706151207,0.30876271435968483,-0.2459165036694112,0.91879848685348486,13.502817242946355,18.595214901483523,3.3200860786047959,,0.2500546978541724,0.6153846153846154,0,3
0.16906943667918753,0.9371161567748586,-0.30533397173013865,-0.98447469005242372,0.17539439428528436,-0.0068111011945934559,0.047171074051445716,0.30174511622363853,0.95222096942254764,11.188302800170895,11.334831319379653,2.548741161013059,0.2516318744172935,0.1145738781039225,0.3214285714285715,1,5
0.72696999897280778,-0.58110412111209242,-0.36583141065252789,0.62855576784247924,0.77764199678423318,0.013804765459141867,0.2764638625669314,-0.23998109355524924,0.93057874864548651,-12.703280847283821,4.7173375536325661,-7.0309779817504179,0.4380206689508484,0.3529867113601073,0.9768292682926829,1,5
0.54588694851227182,-0.68031902870890859,-0.48905363572979021,0.7970957999505518,0.60152715886218655,0.052946792654271747,0.25815833347995748,-0.41872556206631556,0.87064526560884603,-9.8387538442807809,-2.8497618251082582,-5.5409473935945455,0.4401883636610272,0.1993588716873618,0.2626728110599078,1,2
0.69938903386073326,0.63788783260295745,-0.3224191252584942,-0.67227410776657859,0.74027550282392773,0.0063011066832249574,0.24269837935594485,0.21234710484460062,0.94657604222910463,6.5046311654471323,5.2924551062497223,0.99568696319475936,0.7991101547511188,0.8160182514727405,0.9285714285714286,1,1
0.45044325031496962,-0.75820890369935079,-0.47140230864593047,0.87276512861918332,0.48519165601468106,0.053573194790593123,0.18810079349121547,-0.43555518052797743,0.88028959791833006,-11.301894420809068,11.074605884103754,-6.4774387937514906,0.2585152983652266,0.2024245167349976,0.2631578947368421,1,3
0.58556331311044296,-0.7053314522672165,-0.39952865827339712,0.77682349962405794,0.62909900500368143,0.027922971460962794,0.231648131378073,-0.32671391820061435,0.91629534478957686,-20.729713111484777,11.245758080420458,-10.672786828030043,0.02278330986634047,0.1005849093707347,0.2830188679245283,1,5
-0.77554200285988018,-0.4945403232264986,-0.3923830660249184,0.57316516901577752,-0.81211721600010067,-0.10930378082829915,-0.26460591608503492,-0.30966997946083785,0.91328430020094153,11.457211766551913,3.6258907833312906,2.8747143620612374,0.358563224640818,0.2705610533157884,0.7741935483870968,1,5
-0.22208804415549382,0.94354437074487718,-0.24576598845007383,-0.97310551860267036,-0.23030880668238213,-0.0048480129502919125,-0.061176386851598805,0.23807955393143598,0.96931706664619954,-8.5496628970102737,14.392537776899275,-5.3999148721294334,0.6993204766354847,0.595332850281036,0.6111111111111112,1,5
0.31925062263905507,-0.84700975216940044,-0.42503355123390585,0.93661745378407468,0.35031202299830455,0.0054066449736633309,0.14431488215569263,-0.39981991730373451,0.90516144886733996,-8.1428516545078615,-13.008178738507301,-4.5961411280917641,0.160178347635351,0.1448825419968068,0.4705882352941176,1,5
0.68775661943068944,-0.62884906529373108,-0.36268400227811176,0.67799838918329425,0.73497607936616771,0.011329034574673593,0.25943981324023313,-0.25369078784760102,0.93184331701586798,-10.279519996255035,-10.144278407209939,-5.3712961311647831,,0.09430561810503083,0.25,0,4
-0.39424267502889343,0.88900098714247533,-0.23291620391412327,-0.90539702405878708,-0.41917829764324332,-0.067422426613135841,-0.1575720216648677,0.1843008400540149,0.97015682152105165,3.0197576834241806,-14.11458552173228,-0.20518440338785324,,0.4750448709036503,0.7659574468085106,0,2
0.64699954728781539,-0.65912639488636127,-0.38333272932723989,0.72201036219480752,0.69122768292236614,0.030088656418987801,0.24513796664875276,-0.29623754982426831,0.92312008502763587,9.9385328875480656,15.256390822058334,1.9220083369893473,0.2215668917524263,0.183445418158237,0.5294117647058824,1,5
0.61803992939637409,0.71441112857423084,-0.32809051348830337,-0.75743585313130701,0.65288916339458203,-0.0051641759431944835,0.21051739610534365,0.25169918492362398,0.94463217510616759,-9.4704660881626808,-5.2171341010151444,-5.4527014459368166,,0.1074381009848553,0.4656488549618321,0,2
0.43013690860517395,0.84975247307530621,-0.30479989231951005,-0.8944816758377766,0.44679312291562207,-0.016686428789534961,0.12200316162307694,0.27981536737232027,0.95227022884067236,-13.934349192169563,12.026181905301247,-7.6070129089248839,0.8778357766533854,0.6696975155427771,0.7636363636363637,1,4
0.89020440757012487,-0.29335767044443123,-0.34853606690576522,0.31443428605724333,0.94927031283597851,0.0041173923733189618,0.3296470726313146,-0.11325701020113801,0.93728632612766982,-2.4948381925639627,-2.8974382867678865,-2.4250473900419838,0.2357414348644735,0.2019584052056939,0.8530559167750326,1,5
0.83769049052995614,0.44077999876855589,-0.32247113787325599,-0.46044565209578742,0.88752449893698526,0.017031302144505694,0.29370809240088325,0.1342134735123271,0.94642606683564523,9.3584443998280715,-4.9535474274771172,2.24543851128991,0.2825125707008936,0.2356946489413594,0.8,1,5
0.17514844145009698,0.98269203779082348,-0.060327293326654367,-0.98344372161164739,0.17751778417383002,0.036412672583123425,0.046491610858671963,0.052950875011955612,0.99751427807086235,-11.957968598623792,16.154346065813204,-6.857036890582525,,0.2508494907284635,0.2352941176470588,0,1
0.053677803169152896,-0.85386247546877514,-0.51772344589874397,0.9980656597303017,0.029592754768944653,0.054673647512340891,-0.031362913035180136,-0.51965675387848187,0.85379928896341173,-23.246690731962001,10.559488529046012,-11.755216563906012,,0.362913618573487,0.375,0,5
-0.79370260401991599,0.56902361609100049,-0.21505418085386352,-0.53026004474372579,-0.82043543056957247,-0.21379894577500266,-0.29809471870596194,-0.055658140436437381,0.95291222580192103,-22.926510351950462,12.950948893303906,-11.631890492537131,,0.3426152159280897,0.2857142857142857,0,1
0.16624513580998049,0.94230756441754238,-0.29054949468377822,-0.9856790271848932,0.16724786508871509,-0.021564020754674638,0.028273842812080098,0.28997345682793912,0.95661694744965275,10.144371540181071,4.5483562297815565,2.4410414344181217,0.4034009073374933,0.1342462764899962,0.1363636363636364,1,5
-0.81447286532896823,-0.38749402474818839,-0.43183600177297737,0.49546431650966405,-0.85180177034258786,-0.17014363081480638,-0.30190903051818774,-0.35253669996992371,0.88575889070665514,5.9717319072113852,17.052058813239228,0.33509701618544008,,0.3399249210658633,0.25,0,4
0.4964927329914619,0.84446480185838968,-0.20093323395829771,-0.86016644812212362,0.5097348242002987,0.016854985092299834,0.11665610833402534,0.16446764855059423,0.97945992514681224,-12.032136358459312,13.465727635168781,-6.7903928176140687,,0.2049402650984117,0.2558139534883721,0,4
-0.48717935121664374,-0.7638148903605545,-0.4233711055464518,0.85806260408988588,-0.5088370204112258,-0.0693790611172449,-0.16243413191387643,-0.39707895930472142,0.90329588334435873,-8.6295673389804968,-3.8142369960876588,-5.0593324007844709,0.2430263593298379,0.1890940102356236,0.5524193548387096,1,3
-0.92270341317189564,-0.16162032357382355,-0.34999611759107807,0.19443904179995367,-0.979046929758975,-0.060502630962972162,-0.33288416956180289,-0.12387889383352704,0.93479524459516361,-3.9063596486071526,21.630934349407724,-3.7288766519422465,0.2742846270466163,0.2537442930125224,0.3125,1,9
-0.75490020075307462,-0.55362482186768724,-0.35160381612681568,0.60028814116383089,-0.79920484793955082,-0.030426281534104396,-0.26415872970818283,-0.23403240724714047,0.93565431537350807,-21.745222354756599,19.956058239770897,-11.111513369899384,,0.06680762964082146,0.2,0,1
0.3735008144366066,0.86764519963691089,-0.32815994448167629,-0.91986445317359133,0.39210238404339753,-0.010252229764030819,0.11977699863847822,0.30569188405076991,0.94456653689544234,-5.687289700579055,-2.5925290128583214,-3.89411690664982,0.1236929906775168,0.09535697136066427,0.5126582278481012,1,4
-0.94603073254395575,0.029924441706875703,-0.32269239357455776,0.047502985880162087,-0.97216852548694266,-0.22941626878888147,-0.32057654220921183,-0.23236369303545462,0.91827980199071679,9.582252477092597,8.2542478535932116,2.0212178629270205,,0.4015246863107074,0.25,0,2
-0.87735526619217352,0.41189020700619661,-0.246158880110495,-0.36329423056903087,-0.90532553769054436,-0.22000675635212483,-0.31347254890997456,-0.10359598533591854,0.943929463944295,23.68569717117364,-7.227191633691108,7.6444384497695053,,0.2481086219229571,0.3076923076923077,0,5
0.304796117298333,0.90377327843101962,-0.300488249477259,-0.94534967927045832,0.32544787737474096,0.019941489801848237,0.11581584858344068,0.27798838160312062,0.95357702830478008,9.7483460054507365,-13.991068770643277,2.3450477094782678,0.5325262227450314,0.397481432878123,0.3333333333333333,1,5
0.94030284311062318,-0.013337109736246751,-0.34007746873611561,0.021108672941010393,0.99959352176250771,0.019162859314249995,0.33968365748847829,-0.025197475157475481,0.94020215915564687,-6.2994511197946723,12.970525305482349,-4.3423887680225999,0.3732277235770895,0.3206135463580634,0.851145038167939,1,5
-0.84473934622048907,-0.34880245303220975,-0.40589689048537259,0.44346035724736232,-0.88078288337071275,-0.16602537128769307,-0.29959697678218195,-0.32024734365781637,0.89871201749119289,-8.5984208503967405,25.724616800324892,-5.6200900310105322,,0.4745621484376823,0.1111111111111111,0,1
0.65688740506653398,-0.62842362367595939,-0.41663255546216399,0.71085486414338495,0.70038866263540744,0.064351249991563816,0.2513648726227411,-0.33843680423051381,0.90679448076925984,1.8378331985863221,-5.9215411178928257,-0.78786180288664254,0.2823228553134097,0.168961134206669,0.4008097165991903,1,5
0.2786482134398256,-0.86955265224377698,-0.40771725266734321,0.9531049670622681,0.30257915825260423,0.0060642190246011276,0.11809358538051999,-0.39028712247133956,0.91308809384692724,-13.113596383898889,14.618615681255266,-7.3217237338815497,,0.07114538003460669,0.3333333333333333,0,2
-0.87840213087568886,0.42307491088287241,-0.22230005905194761,-0.34971027934768489,-0.88602552510256438,-0.30440349765613794,-0.325749009195138,-0.18964806523710079,0.92624035453018949,1.0133515984474615,-13.550558486725595,-0.95226336847730997,,0.6791575510824419,0.2280701754385965,0,1
0.92289334382714705,-0.11950910849866976,-0.36604022853424134,0.16169570581681111,0.98302179768287368,0.086733177047390184,0.34946011881178912,-0.13923260489620895,0.92654838356875113,18.845531669590887,12.86714898078368,5.5064232321873625,0.6146113914731997,0.414094983759018,0.25,1,3
