axis_00,axis_01,axis_02,axis_10,axis_11,axis_12,axis_20,axis_21,axis_22,location_x,location_y,location_z,dbh,dbh_approximation,score,reconstructed,number_clusters
0.89742905348804503,-0.38270690077368535,-0.21944594335678969,0.42384895546102574,0.88594900937816656,0.18827218524370881,0.12236485161249612,-0.26197286287332239,0.95728630106557289,-15.79875415040974,-1.5769212051472004,-2.9346011369462723,,0.08296272752925291,0.2627737226277372,0,1
-0.9547602369155429,0.23969753308876401,-0.17600563239890324,-0.21323885222373035,-0.96436635613117128,-0.15661009885889721,-0.20727296472835777,-0.11199385605223336,0.97185147748988354,-18.988543990092456,-11.576479401397338,-2.5091639602070139,,0.2175277426771149,0.5833333333333334,0,2
-0.29082860440446517,-0.90053279069279757,-0.32320181891071115,0.94882490454307911,-0.31491527290995763,0.023657375316432791,-0.12308543122143542,-0.29978169352895434,0.94603430849306136,-12.61572744472997,-5.5869850241376762,-2.0999724607478014,,0.07314873451057258,0.3333333333333333,0,3
-0.0010367771939843477,-0.87219253980625078,-0.4891616282982259,0.99707476666206918,-0.038286016038431278,0.066152026890223536,-0.076425354293126552,-0.48766213148267584,0.86968086717999238,-0.55588838835230536,-14.768884326908555,0.5294278869429343,,0.6212987080200035,0.2857142857142857,0,1
0.96422339205439089,0.22040156534134184,-0.14729697963709781,-0.19537951962881217,0.96639621786177332,0.16704847623392338,0.17916498967359645,-0.13229323526751977,0.97488379121704238,-10.44749094831228,-20.834938383430426,-0.33288097325416344,0.2787787177584887,0.1968053176298796,0.4545454545454545,1,3
0.94606575701153517,0.28170874035651278,-0.15999927817630261,-0.26694318232366337,0.95767076614582658,0.10774061945515559,0.18357810550582124,-0.05921899421986225,0.9812197459807267,-15.271585254514493,-15.584532810891794,-1.5422927062266476,,0.08105850307209314,0.2777777777777778,0,1
0.266582666390346,0.96381020809820928,0.0018880534683970412,-0.95704830290467113,0.26447968751435619,0.11878148340375499,0.11398345444625506,-0.033472042931296395,0.99291862428625222,-12.406397136447165,-18.967797716805485,-0.82829387985796388,,0.3638043499475719,0.3333333333333333,0,4
-0.98551376481353825,0.022530919605715013,-0.16809216824339965,-0.019331852952599336,-0.99959997177461579,-0.020644027940469999,-0.16849005556550106,-0.017095440617563459,0.98555509591581258,-23.012827593255043,16.670936908621901,-5.3704735516023376,,0.1463818989463678,0.3076923076923077,0,1
0.97215295997028439,0.13896799647431096,-0.18869689551482333,-0.10068896830867068,0.97478300390444694,0.19914775158148287,0.21161369067702535,-0.17460238043892867,0.96163072676735406,6.5977863880863739,3.2777493994994749,-0.40454038934457537,,0.3956476116645306,0.1875,0,2
-0.33399129575553843,0.94109285831779488,-0.052858739890198153,-0.94244198685716063,-0.33247206179331162,0.03557287640369302,0.015903325698246606,0.061697326928705158,0.99796819793097047,1.2188424218059246,-6.9248755848189605,-0.086289224170815609,,0.07576997549773895,0.391304347826087,0,4
0.97338966272637628,0.20108632009410776,-0.10989475132344288,-0.17769788482373808,0.96515460906259709,0.19209383731498256,0.14469286861003483,-0.16745409065243982,0.97520413314196119,0.12698583277324738,-11.929147856020794,0.30749172129416313,,0.2188301577973276,0.25,0,3
-0.74276313605555611,0.66857709857739334,-0.036160572102059453,-0.66071684020386023,-0.74063545762476368,-0.12211623962430961,-0.10842592304398477,-0.066811542167427379,0.99185686318403254,-4.1260913326824662,5.562685987577737,-2.1763279725138744,0.5769460693858343,0.3168614062424508,0.2416666666666667,1,6
0.92754560510554862,0.36095460193247336,-0.096803542255194316,-0.32220448666382828,0.90364185099090699,0.28216249557910411,0.18932358337798888,-0.23052804706043656,0.95447021970065715,0.88112150267551415,-11.792742468358798,0.37973612672032142,0.4150731745914618,0.2295746538018353,0.4117647058823529,1,3
-0.97962008751491181,-0.011375092858137783,-0.20053700755657328,0.041228208303048339,-0.98852431527932261,-0.14532691747115176,-0.19658260090200461,-0.15063294913137443,0.96884725094237045,9.2539506025722407,13.778615235832028,-0.94976857712874396,0.3497660184884933,0.3163910670059627,0.2105263157894737,1,5
-0.89696525487942247,0.41303411021870318,-0.15765835003239448,-0.42477481289982516,-0.90400708947877573,0.048348117833395994,-0.12255484431474516,0.11033587797247787,0.98630943631653023,-4.8951166153199006,-8.0762958606600925,-0.73935160521651178,0.1292769781022013,0.1058198724434519,0.5533980582524272,1,5
-0.75239096868733935,0.65494715929442748,-0.070370794864692249,-0.65306760264008257,-0.75563072364960759,-0.050248540861470917,-0.086084473743315765,0.0081503379642740223,0.99625450331298682,-10.525759020462598,-9.9382067867895874,-1.3338445514000963,,0.422624748153327,0.3214285714285715,0,4
0.81377747030915626,-0.54349578518824826,-0.20586053604282817,0.57426812658067727,0.80642272814559146,0.14106205132402311,0.089343984748556413,-0.23301226365329278,0.96836095407467715,10.191863072832955,12.145241591008633,-0.65757525797839245,0.1988890241433692,0.1644246902729179,0.2941176470588235,1,5
-0.90977028764723045,-0.37335625003223316,-0.18144733196204524,0.3716892099964304,-0.92729408098634758,0.044416421962104199,-0.18483818568278987,-0.027033274488208296,0.9823970924142339,-1.183208239542811,3.67166524082349,-1.586049147470123,,0.07485316920414234,0.2121212121212121,0,5
-0.87302115720948825,0.47624776350615627,-0.10498631729891983,-0.47380128748932931,-0.87928174932247316,-0.048743669146508024,-0.11552661614562697,0.007188397860070533,0.99327837381981976,-7.4241000260700698,-5.5284049146766172,-1.3947639491704837,,0.07184568025847711,0.2926829268292683,0,5
0.78488248929630333,-0.53264044295307467,-0.31662854660752138,0.61329685743374107,0.74071935341267614,0.27422947351042515,0.088467184073737298,-0.40942520441548264,0.90804435978172593,-23.067063456762131,4.8879091552802496,-4.4946362465925107,,0.6339138254870915,0.5555555555555556,0,1
0.67857377650030437,0.72107804490461658,-0.13994314203507988,-0.71419374039075623,0.69222243634900682,0.10370824365355999,0.17165352030405875,0.029572821501858585,0.98471341881566909,2.8507966102529601,3.1783841692309074,-0.97811056339484814,,0.06858860966301272,0.203125,0,5
-0.11414475253897627,0.9917902311575103,-0.057646446970724456,-0.99268394026490225,-0.11156375526709596,0.046174920149925539,0.039364580627314717,0.06249532695519068,0.99726865181895707,-21.461338982791233,12.94963208019078,-4.88865816301512,0.5011641159052904,0.4231217365721004,0.9220779220779221,1,3
0.81600639244005635,0.56260844359699191,-0.13268499044856386,-0.54709219051741964,0.82579607092216556,0.13693423357351303,0.18661109980871013,-0.039148287866578743,0.98165355853544378,-1.4046205525650177,9.1077313734401866,-2.2765473497250679,0.3261233939024198,0.3069239404539053,0.6994818652849741,1,5
0.59045394635674342,-0.77925171248351599,-0.21007357240560987,0.80606986909424316,0.58235655583098189,0.10541445830181544,0.040193324945029488,-0.23157635991651535,0.97198605245017755,-18.82502967285189,-2.6841552708479011,-3.257382528700858,,0.1374223238152631,0.6060606060606061,0,1
0.39349220639010818,-0.88962506661579444,-0.23179975055872584,0.91931900396157251,0.38188749203926753,0.094944785949836713,0.0040561638707537588,-0.25045794911082664,0.96811898197579627,-2.3747730469524764,9.157226196564709,-2.3936801589119807,0.3123503981909757,0.2438570913526223,0.7192982456140351,1,5
-0.98285422159603586,0.082201280645240071,-0.16504704950750687,-0.085533509454873508,-0.99624821328218061,0.013172558308717221,-0.16334502701699863,0.027063757912492003,0.98619772619717117,11.308541550470547,-2.6769914811279225,0.94531915131252342,,0.06944007640468622,0.1818181818181818,0,4
-0.90315041869709423,-0.37718372021873836,-0.20506526378012921,0.38422947648869177,-0.92321888822811671,0.0058816507941332639,-0.19153858776885524,-0.073480103570902983,0.97873062881199357,-3.5201781634940756,16.135281958084548,-2.9689433231914633,,0.105122602598071,0.2857142857142857,0,5
-0.74911222782806819,0.64359083964709951,-0.15691303719197389,-0.6577693528969969,-0.75074638174685859,0.060986463116545826,-0.078551565916500046,0.14889829218745701,0.98572762468935848,-11.783362388580937,-2.0876249948872005,-2.3282368504588251,,0.07171624610089304,0.2704081632653061,0,2
-0.82914922850962081,0.53487940698310765,-0.16252869545806287,-0.54848751639543869,-0.83456516260959035,0.051598776310988768,-0.10804166427940709,0.1319280460850803,0.98535373822597794,-16.083608312072972,4.1674615509559203,-3.5054977297664394,,0.07834230378602999,0.2919254658385093,0,2
-0.84468062147422407,0.51260325242073912,-0.15411863389479102,-0.51121705816553953,-0.85790277812142601,-0.051574632641529242,-0.15865612861307302,0.035223981876235197,0.98670537849668849,-0.74110821841301877,-2.0931272239730312,-0.91494034891480047,0.4724932062738634,0.441206014849222,0.8094405594405595,1,3
0.38828399812740672,-0.88921641272818686,-0.2419291386605,0.92153310324621407,0.37366393367272133,0.10560305058866117,-0.0035037721956669029,-0.26394968461251028,0.96453008640133042,-7.7665250440205895,25.171693565464398,-3.9900858319660459,,0.7812510633147841,0.5909090909090909,0,1
-0.97986332573366453,0.16036103257658715,-0.11896302834551414,-0.14125311474563187,-0.97782193182471921,-0.15463449556044528,-0.14112200557256199,-0.13471677279962863,0.98078334542835366,-22.404582105640205,3.3728436171191971,-4.2880125781821468,,0.3373728807458689,0.2692307692307692,0,3
-0.2208797500658134,-0.92243614674817287,-0.31673915322114438,0.97237725098246552,-0.23340891162742197,0.0016618497784097542,-0.075462691329209144,-0.3076228781239882,0.94851122664524479,4.1490885152993719,-9.7053678087835635,0.63148439771946885,,0.3771163955636297,0.3793103448275862,0,4
0.96318378633450807,0.22379147236599387,-0.14897775215978815,-0.20044187874904637,0.96707521976855515,0.15680743781197087,0.17916485979643229,-0.1211730011424292,0.97632835501600768,5.2457395409862002,3.6585837858582746,-0.65932562340506351,,0.08803177238609239,0.2580645161290323,0,5
-0.96426706011086316,-0.19106644433489109,-0.18352833741516797,0.19343348615794773,-0.9811001982237173,0.0050879738763756517,-0.18103182929511835,-0.030594360503294386,0.9830012522308702,2.4156289962629733,-11.134308094357225,0.52187258692819283,,0.09606831391090381,0.2592592592592592,0,4
-0.97094453623724708,0.16491939923484136,-0.17340213178348388,-0.16519356767304491,-0.98617612482144479,-0.012951294592040277,-0.17314096208144625,0.016069928070084696,0.98476594410110185,-13.058387995935076,-9.2090512914606606,-1.8191161247775292,,0.1319954612864563,0.1578947368421053,0,3
0.96924768026863739,0.17233715963387389,-0.17566683723228374,-0.11710612483671101,0.95084156009070453,0.28668185001845436,0.21643726532090918,-0.25729405553491441,0.9417827133510166,-16.075909297349874,-10.716173188337002,-2.1191168301487253,,0.7440578709013569,0.2317073170731707,0,2
-0.42325771831753123,0.89940281119059518,0.10921303542660271,-0.90600170932446322,-0.41967346705974712,-0.055091594161017596,-0.0037157214357892462,-0.1222651392200831,0.99249051841602287,9.9074490588502151,0.043046411113293152,0.43632727560010637,,0.619369894582136,0.35,0,1
0.90721741086211549,0.40384523851077286,-0.1177522516167599,-0.38791397433495722,0.91142898227958102,0.13718585487019311,0.16272466913254999,-0.078779652150695351,0.983521452975337,-10.640195532048969,-1.0516947078663892,-2.2957438228444915,,0.1057243797245454,0.4335511982570806,0,3
0.22547565662392813,-0.90967657728048623,-0.34878252969044904,0.97381677853158921,0.2210983244698016,0.052881119192060913,0.029010517409501651,-0.35157368454408955,0.93571060388120364,-21.265231629313131,1.4598879689283861,-3.9239049446288905,,0.7039794024351858,0.676923076923077,0,2
-0.62779040228274052,0.77649630118859303,-0.054154455422510739,-0.77727558390369578,-0.62908756692165524,-0.0095655533954136333,-0.041495511430075148,0.036087773345354852,0.99848675261424036,-8.5608543205188941,-11.248026959082663,-0.93297478945082879,,0.1318687007158152,0.2702702702702703,0,5
-0.29230618422079768,0.94809808442544763,-0.1251683545273076,-0.9560715558716435,-0.28670308636516523,0.061061610868560691,0.022006242738186226,0.13751858993418056,0.99025469587528991,-6.4530247543171129,-6.1956587506311349,-1.1740690038187667,,0.08646717502518728,0.4369747899159664,0,5
0.96928991967894096,0.16720692176748247,-0.18032996678820595,-0.14477993079370893,0.98073267241952167,0.13115714577647877,0.19878587285861471,-0.10102113918337399,0.97482249983775648,-10.409636211845429,-4.2739910730688289,-1.9454164620271104,,0.07784166245758409,0.2765957446808511,0,5
-0.88447051047792691,0.44382897838095919,-0.14397136536211486,-0.45188328304608799,-0.89165858490018834,0.02732153870638785,-0.11624721329307924,0.089223348531141486,0.98920461962047368,-9.6574934419615701,-1.19379720291266,-2.1597742076270396,,0.07959386495823546,0.1238095238095238,0,3
0.73265914658327724,-0.61322671563277298,-0.29523477126196807,0.67649187589750703,0.70372136139442998,0.21710593580517948,0.074627855205255389,-0.35878857388636665,0.93043078328054651,-16.026610992496863,1.6406383744053867,-3.2314871434464303,1.001271145758046,0.6317417246058303,0.2068965517241379,1,1
0.26618925336740196,-0.94163428509845515,-0.20607803017019638,0.96352063057364568,0.25376720943620373,0.085030570231700381,-0.027771853569240629,-0.2211946575803429,0.97483416415677882,-16.59355405688137,-9.8134293901155214,-2.3032397389441184,,0.06693138937920738,0.3888888888888889,0,1
0.77812032758280203,-0.58469182587871504,-0.22948687228913112,0.62211297960309386,0.76779345563517298,0.15319481092113027,0.086626764985159324,-0.26197075835752126,0.96118006916175291,0.96573192211392533,-18.124488743403408,1.0829856349666991,,0.1222299360462235,0.3333333333333333,0,1
-0.88495304833472554,0.44161826319358133,-0.1477545662812581,-0.45175770756719197,-0.89114035133552261,0.042235623296429541,-0.11301803350224045,0.10412580773029825,0.98812182460858577,1.4779591773471881,13.39471003793871,-2.1530293658717419,0.2002654082301196,0.1818038223648082,0.7333333333333333,1,5
0.3265976610030677,-0.8739558634188932,-0.35990987291690407,0.9440079262163662,0.28279914564804154,0.16992256607470713,-0.046722618376978928,-0.39525408538872114,0.91738280173301967,-19.546887120821754,10.899997499380216,-4.5375201207642091,,0.1534716612939179,0.32,0,2
0.8152715151285479,-0.51958422475683774,-0.25566499565610862,0.57080487314079886,0.79542550024189473,0.20366656663195359,0.097540521931751556,-0.31197837577109017,0.94506896025237974,-13.362913271589244,0.10237909664117072,-2.7785196133628651,0.2589369485916133,0.09348018290932888,0.2915129151291513,1,2
-0.41693234398931478,-0.87787530386223112,-0.23558941275951231,0.89723652271129917,-0.43895534912786843,0.04779983038639566,-0.14537552355370134,-0.19145013016665011,0.97067646763000359,-5.5232581732876413,6.3787828541503631,-2.3966387380009304,0.737819503138642,0.6338845611852011,0.75,1,4
-0.90120646800264737,-0.38200022417901225,-0.20470156510730339,0.38896361299087995,-0.92122869937475393,0.0067075492828627204,-0.19113924191352277,-0.073576573550862084,0.97880144974618855,0.12588590803625557,11.247965937126997,-2.2223884849242683,0.302303345865316,0.1238891126082855,0.5,1,5
-0.71186052780989573,-0.67158048234091694,-0.20550971919828503,0.68090621963628817,-0.73165442841211858,0.032380819099504028,-0.17210842224259515,-0.1168822190227297,0.97811923499616715,-6.4455699739936509,9.8278515109855231,-2.9570770553441936,0.2821778534004419,0.2469267828852114,0.7299270072992701,1,5
0.93920210621086675,-0.27634946733113358,-0.20379002820273329,0.31444097591484005,0.9306447512292243,0.18715560284217678,0.13793576894625653,-0.2398568717283171,0.96095910668972329,-15.820393879695706,-8.1847708475389602,-2.3104748492919698,,0.06845606676288291,0.3478260869565217,0,1
-0.94242568816342076,-0.25664879718273753,-0.21439500272711032,0.27895635130331914,-0.95690476232463506,-0.08072564591239953,-0.18443745920295793,-0.13588477009984956,0.97340544116913041,-18.920149556457591,2.1071973895200329,-3.6730024628091922,,0.2028755868129885,0.46875,1,3
0.44774797264605126,-0.8593542957525182,-0.24704644778471238,0.89411602110896826,0.43303222880120307,0.11419119762805524,0.0088483776828400251,-0.27201706415435778,0.96225174617728093,-19.570934661174899,-8.3152788407898495,-2.8636098314150686,,0.5117457331758408,0.6,0,1
0.9754644902169638,-0.11986862049766743,-0.18466332106226502,0.15486007522096545,0.96978122936737166,0.18852778116040822,0.15648445746564066,-0.21249913173162857,0.96455001611372582,-4.1829525204672686,-5.9488876231403278,-0.88148957383768434,,0.09030262835258089,0.3619047619047619,0,5
0.59001473161570617,0.8056522817256484,-0.052981293176973247,-0.79590085653490783,0.59139537073334736,0.12958912779306728,0.13573666801364945,-0.034291637835259903,0.99015132203675271,-19.933894007218633,12.318373069505366,-4.7132122307988,,0.343462449511632,0.1,0,2
0.17673188018609634,0.97899659277305273,0.10164405474320032,-0.97903045661860522,0.16422281395323809,0.12054141359069685,0.10131736050179432,-0.12081613599197562,0.98749088793006901,-5.6572513072990072,-4.2789672399495906,-1.2607725042330076,,0.08455820040122322,0.3205128205128205,0,5
0.98282122790157811,-0.040574181647997566,-0.1800449104241193,0.086818406127084774,0.96249965489999934,0.25701552224512536,0.16286496966378741,-0.26823152331703543,0.94948767846425286,0.92093199007366755,-10.560971539121356,0.24711503743562546,,0.5665860893096607,0.75,0,1
0.5339108542294797,-0.7906162744669033,-0.29977509283464931,0.84491584477581616,0.51248854989352555,0.15320803332332433,0.032502538096538566,-0.3350841577516111,0.94162741689119145,-14.171459870756959,-14.462160340705768,-1.5182102805422708,,0.2713931315442006,0.8055555555555556,1,5
-0.93891287156657099,-0.29369906325200801,-0.17939754694952822,0.29073411539606436,-0.95582770593010968,0.043209613759570151,-0.18416376883492355,-0.011586924582314573,0.98282727344495291,-15.391124685075919,-3.7972110881247918,-2.6696791085209313,,0.1209560177061772,0.3529411764705883,0,1
-0.090871398895670447,0.98339912720567624,-0.15706223439725678,-0.99406917652769899,-0.080111499265028793,0.07354332031566603,0.059739945934753826,0.16281371040739828,0.98484660458524698,3.7075978585982741,-7.7817203084696196,0.37276414419401094,0.1252017133404583,0.1048432160644865,0.1875,1,5
0.9455497060140452,0.28305035202697043,-0.16068058897751486,-0.26873270065404609,0.95745064749509057,0.10521878734529888,0.18362594875435181,-0.056309464822891418,0.98138206378322634,-8.4374976132574506,-4.5993969083482824,-1.6237334273330097,,0.08525713813186275,0.4042553191489361,0,1
-0.19531893698271185,-0.86889390261177235,-0.45483392448236215,0.97477634304408134,-0.22305720544510865,0.0075209135499384704,-0.1079888600622791,-0.44189237275959214,0.89054451713507687,10.019571492936885,-13.429759194296294,1.9108850086820472,,0.612645172915397,0.3125,0,2
-0.87258771029409921,0.47162203032229949,-0.12713515783752352,-0.45503525726069521,-0.87948807967821285,-0.13944042582271757,-0.17757703256162627,-0.063823022637602714,0.98203514157488569,13.897916748414653,-5.3304997855566123,1.6012557498674893,,0.3242494190083277,0.1578947368421053,0,5
-0.66263177333612644,0.74854044103034434,-0.024623994548332185,-0.7471727050569491,-0.66296677428357687,-0.046989413849383835,-0.051498366802259311,-0.012738302011057535,0.99859183547562302,24.300390270558506,-1.5413894722457855,3.3609352281158493,,0.3225049571893282,0.7878787878787878,0,3
0.45931171844839158,0.88459130154858234,-0.080814444999457932,-0.87954674895562424,0.46563501347724473,0.097885395364367342,0.12421860447444194,0.026120173212118486,0.99191102164145306,-22.907215581674169,0.11140273306739533,-4.0887443646407835,,0.1278683653455939,0.3,0,2
0.71108061457786809,0.68595708520403043,-0.15436073603722014,-0.68109326803636372,0.7265185445633221,0.091009695313952893,0.17457468260635034,0.040418828087698581,0.98381400606461666,-11.22790279298154,5.036778291977785,-2.9697518318988925,0.2282710179126225,0.1826468166029619,0.6153846153846154,1,5
-0.15769223450685088,0.98401413614455102,-0.082760733708263839,-0.98618255076067607,-0.15262113066937344,0.064426446808509438,0.05076549764755612,0.091776741829811256,0.99448473789581182,-1.2951620994133834,-18.155183296443766,0.78901891100214105,0.6237310625376188,0.5258197605709185,0.8137254901960784,1,5
0.29295442996290721,-0.92014022121939754,-0.25984548343087949,0.95589524104420109,0.27588447474353472,0.10075735578375264,-0.021023560929535633,-0.2779023747466064,0.96037923759108845,-14.286227383842213,-6.5013910624271185,-2.2614889214026985,,0.08228769303514083,0.225,0,2
0.97901586071928171,-0.06604638517602604,-0.19278438594778372,0.12732473892196947,0.93688768400061906,0.32562229411759919,0.15911114140290841,-0.34333561215396224,0.92563724109843804,8.2594041890706542,-1.5020731385879913,0.35544907005450344,,0.6139526936793973,0.2040816326530612,0,1
-0.88978808955458777,0.42505839981762711,-0.16614003861585064,-0.43931292743600625,-0.89635950463196634,0.059529742511984333,-0.12361758561954013,0.12595632259007547,0.98430366113571977,-9.3504656716318539,-0.096819687947661839,-2.2376160881331999,0.1395574602039152,0.110539769585432,0.6238244514106583,1,4
-0.78219709596827525,0.60917978083028779,-0.13064339893909338,-0.61709043606224878,-0.78640267579082779,0.027752931908711167,-0.08583179352256505,0.10232705476357862,0.9910409058581342,-4.0453687540573737,17.239124470811184,-3.1089573780392916,0.717327910172006,0.6617739603041495,0.8877005347593583,1,5
0.91314017851660001,-0.32334817959924367,-0.24823571283867846,0.38707256999916612,0.87876588821463608,0.27918692531095013,0.12786649261206887,-0.35102203415198396,0.92759565092064289,2.7891637794640358,4.3343367251066383,-1.1356373392155958,,0.09494240862006467,0.2692307692307692,0,5
0.011017207717416233,0.98952167535433655,-0.14396345070210292,-0.99694681269944252,0.021999883137775154,0.074920342967351922,0.07730248238273274,0.14269849034194348,0.98674285762380698,4.8520331738292439,0.81870586189516725,-0.44617869482796657,0.3921729236556946,0.2400502409276659,0.603448275862069,1,5
0.95843666122194249,0.25357014549760387,-0.13077212140995034,-0.21963800926786292,0.94831042349318662,0.22905563860997233,0.1820942374447497,-0.19081279308918495,0.96458911806163283,-22.210019937570721,-5.7563249992289087,-3.4669243758744188,,0.2910948181323176,0.4444444444444444,0,1
0.75405642120856498,0.64213479056625244,-0.13806456597754796,-0.63179365643156316,0.76659144978816107,0.11477946159711575,0.17954300133107259,0.00067812692242475087,0.98374989241011379,1.4648651914652331,8.5539112572694584,-1.8381759083706208,0.2620493450973772,0.202682295760457,0.5789473684210527,1,5
0.83808693645845489,0.54365524922884301,-0.045268719040938606,-0.51431782220079103,0.81506986900470657,0.26671761547990597,0.18189960061615956,-0.20025004026610355,0.9627109933251552,4.0586844171204559,7.7944474756637074,-1.3469739195874777,,0.1768296489322495,0.3157894736842105,0,2
0.39679696948582649,0.910768554916908,-0.11424887037266672,-0.90755009554962662,0.40791350719144209,0.099796767075091553,0.13749541474073534,0.064087518483271336,0.988426932504335,-5.4069088096944169,9.3882291411620393,-2.7647466879324485,,0.1060763110413025,0.5333333333333333,0,5
0.68224865207205365,-0.682080529636096,-0.26325449252996241,0.7284190599456194,0.66505845160229715,0.16462967247824606,0.062788930981546212,-0.30407796211448346,0.95057569035953005,-3.1111573412512077,-11.710692887628836,-0.1072382269803426,,0.1179392904625434,0.3939393939393939,0,5
0.89223091843765645,-0.41104628481148686,-0.18698914387357016,0.4350476068378239,0.89342805986961116,0.11189227686621357,0.12106844332268794,-0.18118292850127243,0.97596884092225245,-2.6735353647604665,-13.171824963883443,0.09500029735939701,,0.0764939907740884,0.4242424242424243,0,5
-0.98459141071174772,0.094031604250203057,-0.14743748286912514,-0.056511248194794868,-0.96897700679946053,-0.24060348942071533,-0.16548786293899823,-0.22856425288327828,0.95936028139786578,12.621956340291581,5.9751148039196726,0.39225851710052095,,0.4392612190226921,0.25,0,1
0.98585738520805466,-0.018183968504712128,-0.16659699673209855,0.055969825021678743,0.9727420888058792,0.22503379157943296,0.15796390321139156,-0.23117563010618711,0.96000272568739475,-4.4225489495639749,21.434704072458153,-3.2848087642644366,,0.2106007224432367,0.4,0,2
-0.92726690856791039,0.34273544170976916,-0.15069338827871837,-0.35033486006592995,-0.93625463072256532,0.026320187558959606,-0.13206652148631956,0.077198986046209644,0.98823011007353012,-15.166421585101462,7.5083127402885657,-3.6713984545208884,0.1405054579493684,0.1237324813012086,0.46,1,3
-0.21003962787503708,-0.95327903577538464,-0.21712308645851233,0.97377690283457774,-0.22383094405895454,0.040721640285925453,-0.087417951405961827,-0.20287628849333725,0.97529447519154699,-3.7449442084204514,-12.313324213095301,-0.10781602815815712,,0.07854123826665479,0.4333333333333333,0,4
-0.22813415816537391,0.96431973988065445,-0.13432142477908374,-0.97299825943231644,-0.22083832859520383,0.067117954117800679,0.035059849113460009,0.14600641047496396,0.98866219462481619,-27.01191808509272,7.673631751335777,-5.2612382904671522,,0.3611847172730007,0.5625,1,1
0.97492859884100647,-0.11852372691924205,-0.18832512662702655,0.15902723114932862,0.96310344369838141,0.2171223076731125,0.15564243288669927,-0.2416275706402162,0.95780559102127705,-14.38348291525768,-12.139573078842075,-1.7226847562256704,,0.08524866570894744,0.2,0,3
-0.39183748267681162,0.9068495097185858,-0.15520101124883062,-0.92003266162534991,-0.38588883530595602,0.068041960059851817,0.0018134806514503747,0.169451389812456,0.98553687793940703,-20.825783562743055,3.5982157344091714,-4.0672135198826753,0.5695117134148916,0.4571201289536828,0.9325513196480938,1,4
0.45742937862951577,-0.84797554602665826,-0.26776078298997669,0.88914767145483253,0.4406282459662636,0.12354419129664718,0.013220511074230485,-0.29459161936057182,0.95553178695920526,-12.778050944794357,-2.2798588467594976,-2.4241498701806399,0.5690070971370803,0.4581622884196826,0.4967658473479948,1,2
-0.95054430889136265,-0.25215755232663184,-0.18133418221307507,0.26996393734892704,-0.95946255692745419,-0.080938707583561517,-0.1535740517317539,-0.12588951766876602,0.98008511874011195,-0.11861332530686074,-8.5162995365967742,-0.095274029223231887,,0.1061176658493318,0.2264150943396226,0,3
0.78393093266284519,0.60123268494867155,-0.15482748904432789,-0.5934706637358993,0.79892498352559382,0.097526621921909015,0.18233174188613224,0.01543143700500115,0.98311596805907275,-3.8517558147510216,2.9401833537414226,-1.8618200756589049,0.4515331499438653,0.4237893265217417,0.9681794470526864,1,5
0.66930093454334549,-0.63876728519873993,-0.37948993976024747,0.73367475575313867,0.64882987937082914,0.20184434697609852,0.11729284628644965,-0.41351679892776688,0.90290987657382316,-1.0434940144510441,-11.92834150903415,0.17720500232934933,,0.6366520575944158,0.225,0,3
0.81019871746335015,0.5861394272965551,0.0043139296714454715,-0.55741868187670152,0.76818123258424442,0.31493174974935856,0.18128003562329822,-0.25756196472658488,0.94910451637878035,-22.22629371888414,10.814453171675337,-4.8352093543198693,,0.4506589024235388,0.5897435897435898,0,3
-0.6665784523276348,0.73447974336150124,-0.12732899702785261,-0.74317466306838609,-0.66808228411697357,0.036844020169339929,-0.058005060690308315,0.11918711440701663,0.99117599077744156,3.677859545507975,3.7909813208302325,-0.9266205284925394,0.3253824106245673,0.2646140285222329,0.6555555555555556,1,5
0.95489205200537841,-0.2403035687489172,-0.17445734109946001,0.25972784100388285,0.96065782842615766,0.098376751781109439,0.14395352591868163,-0.13925060692892804,0.97973805215756826,1.2653970676059867,3.9023298799647983,-1.3043693007048394,,0.06649705707587913,0.1891891891891892,0,5
0.067744767756326624,-0.97538973355306335,-0.20982257771966281,0.99596731624437496,0.053715911494834095,0.071858930031379761,-0.058819651602308433,-0.21384449614512346,0.97509526716819828,-10.130331010568387,-8.0417651562428105,-1.5041509168400209,0.1470672561333979,0.1639092471415632,0.5206611570247934,1,5
0.77620261288156778,0.62019961342592445,-0.11341050772376114,-0.57636375478317203,0.77091435090886973,0.27110124628079429,0.25556667609074363,-0.14506378965506916,0.95584631139260001,-1.4693337582267372,23.910991179458616,-2.9982623836535134,,0.4688532818356281,0.36,0,2
0.93194811684373646,-0.31174133745658689,-0.18517571663744528,0.34738302178704927,0.91400016082431057,0.20959184666210681,0.10391219218894089,-0.25965562680964982,0.96009437649669438,4.8434981058098101,-3.909003517992955,0.10360242685997961,0.6922834228200522,0.6466405544033498,0.8493975903614458,1,3
0.068163907889376874,-0.94599013493347939,-0.31694849150892968,0.99585812000854312,0.045355627193278743,0.078800202378891765,-0.06016881646084226,-0.32100705863024548,0.94516357411575058,-19.363484669968368,6.4678383702745519,-4.1029275893722916,,0.2039836280229194,0.2758620689655172,0,5
-0.75049367774831932,-0.63130598450838349,-0.19547888270527652,0.63650326698347726,-0.77006098867212314,0.043239621236465416,-0.17782809333500357,-0.091971885101989143,0.97975422508485499,-2.1465856837611632,14.312141536119343,-2.6936371826406749,0.4292089147834987,0.4078644364115069,0.8253968253968254,1,5
0.16719201429590294,-0.95809883332322998,-0.23257999901183302,0.98423546277762253,0.14839324544286028,0.096228886088609675,-0.057683482615027794,-0.24500218425883602,0.96780501421608767,-4.1022842484767974,-6.9681120013494739,-0.74146951894972213,,0.3051965617350898,0.3809523809523809,0,2
0.75997515632875601,0.64583194032684677,-0.07306754831485468,-0.62591219053088998,0.75751851582236507,0.18547136687668164,0.17513335349928741,-0.095219761814141851,0.97992933696882045,-1.0165554743491798,-13.675156416855891,0.36799351926222662,,0.2716884901609059,0.2,0,4
0.87579697558373526,-0.41031779698671211,-0.25420260233591846,0.46777066128590344,0.85138665319617235,0.23734231649574994,0.11903892640027598,-0.3267722023602857,0.93757648315541608,5.1917371553261784,7.079612113316764,-1.053084105950427,,0.3384022144149087,0.4189189189189189,0,4
0.96576896001850299,0.23058496870884898,-0.11883134296269574,-0.19572725003322528,0.94837611964355373,0.2495467476932256,0.17023853693923119,-0.21774597101984278,0.96104398059891882,3.9821452058422522,4.7719264375986032,-0.99585988112625656,,0.1310142230765283,0.1818181818181818,0,5
-0.15032546356114063,-0.9619093774534323,-0.228325654652029,0.98517208146143675,-0.16506655711659812,0.046786767687163368,-0.082693560293821508,-0.21790681790348437,0.97245997028006725,9.2252756557203526,21.981675367806478,-1.2011131473894885,0.5056687246646207,0.4098130602158091,0.3333333333333333,1,4
0.46224242531051302,0.8859099732660245,0.038671171573219559,-0.87560487180169078,0.44910312279954545,0.17782714519678983,0.1401714975314117,-0.11605991710959902,0.98330160526682442,-8.2254740184715214,-2.3215968757924399,-1.8624037663881861,0.6444718657640053,0.3336024034286474,0.5507246376811594,1,4
-0.9741530926726778,-0.1677946179819369,-0.1512306788074177,0.18996374815819891,-0.97079515861737153,-0.14652827164325732,-0.12222735545672599,-0.17146931556802728,0.97757800067139755,-15.793955561692707,-12.345311165815954,-1.9258695757178419,,0.322903917650928,0.1666666666666667,0,2
-0.83863951769323797,0.52984238597488886,-0.12629649792330358,-0.5347189436723202,-0.8450110725697485,0.0056514168561521355,-0.10372757898077137,0.072272631465589085,0.99197643928665358,-15.120589147623335,5.2181696402624098,-3.4448669198871316,,0.06786590885679955,0.125,0,2
0.051463301129951698,-0.91341323576366351,-0.40376699886018746,0.99640333935816616,0.019709000870817055,0.082413230737362286,-0.067319491625408887,-0.40655604289744462,0.9111422885756475,-10.144386307405391,19.326046547497935,-4.0037614638718289,,0.7156991738409164,0.3235294117647059,0,1
-0.9130924019783514,0.39026456425496997,-0.11813481847568673,-0.38881724955870756,-0.92061039990479498,-0.036022743270545464,-0.12281454268533033,0.013040762018081929,0.99234395580916468,-11.713104139958203,9.8395585722841279,-3.5058983181217935,0.4373503191513399,0.4325876538705454,0.6864864864864865,1,5
-0.23939369741554986,0.97059178913754407,0.025342385374991117,-0.97036444634662611,-0.24005946457476998,0.027645880967724409,0.03291654453491509,-0.017973100090332473,0.99929648691918516,-14.928108272858116,1.9695244308754523,-3.136011403159995,,0.1115052346556136,0.3174603174603174,0,1
0.73048958799952535,0.68087085993826657,-0.05291345680645787,-0.66329641445262932,0.72580440316624306,0.18233440410075891,0.16255100245328905,-0.098096077553684768,0.98181175953948141,-12.449685443623654,0.14401566683998604,-2.6611574098335686,0.5557532870976591,0.2209734199619088,0.2244897959183673,1,2
-0.93599615110238288,0.34863077742141702,-0.048659902959863346,-0.33035415026015774,-0.91771681299407681,-0.2205946204101171,-0.12156208507348831,-0.19040071476371329,0.97415102899399186,1.22628829900706,15.953944025711943,-2.3128456000344637,0.5222206968127021,0.2937214469215215,0.2777777777777778,1,3
0.93571670853007272,-0.292962114050416,-0.19648776325450784,0.3254167004756286,0.93189095446145176,0.16025985163003514,0.13615510430829786,-0.21389822047889254,0.96732070113626811,2.9309272252756422,-4.1314789318086955,-0.15441910600767797,,0.07054553866593161,0.2380952380952381,0,4
0.059291151221896071,0.99789302593073925,-0.026345173857363669,-0.99288567221902713,0.061682538974969128,0.1018494294916357,0.10325987259798704,0.020118975729243312,0.99445091660003682,9.3804968087720777,10.598065652603937,-0.71472964736671152,,0.2390482189188021,0.5238095238095238,0,4
0.95670154335872315,-0.17166645289338786,-0.23505911147207467,0.25205948397585826,0.89247258104659788,0.37411055667790183,0.14556157965913613,-0.41716102530201432,0.89710005322489605,-3.8987796607322869,-10.246830083575148,-0.34942118667588173,,0.6113826404824547,0.4137931034482759,0,2
-0.63781967217847457,-0.68660954205814373,-0.34893180212879632,0.75494343733571889,-0.64704084281560637,-0.10676401150293918,-0.1524679382882613,-0.33151996091212393,0.93104674603961268,-11.919969825788311,17.808621306538278,-4.1738539109221708,,0.2941077415124272,0.5,0,2
-0.41654228731342319,0.90097485537585331,0.12139535765489867,-0.9091037052530605,-0.41351029749376383,-0.050395306941962766,0.0047933260745823729,-0.13135274586805618,0.99132410450773567,-8.632532037442612,-12.995155661304105,-0.79202012697109947,,0.5489493630168775,0.4642857142857143,0,2
0.77735593453382479,0.62839370482638768,0.028967270834698074,-0.60271138260917878,0.73081670860298054,0.32038403159339651,0.18015754305156356,-0.26651133214419465,0.94684474414782027,-0.42913635627455154,-5.1619954348507049,-0.48455141511109734,,0.5176942633513654,0.1043478260869565,0,1
0.2429960388067397,0.96979424941149595,0.021261207224119234,-0.96311946745809007,0.23859654672917172,0.12438882301943202,0.11555871463234133,-0.050703073844764433,0.99200573676527404,-19.734709781344158,0.15346114303166369,-3.6545363491872878,,0.7735798019598534,0.5333333333333333,0,1
0.27278075470501056,0.95727354467415571,0.096010523014617599,-0.95455793207110617,0.256846277461105,0.15115933340189439,0.12004088546281572,-0.13288096335197402,0.98383577663955335,-1.0668577184481074,13.215097422400001,-2.5036256227324478,,0.3956858148117908,0.1111111111111111,0,1
0.80099487218932086,0.59044057431294217,-0.098929990050628094,-0.56434326084730702,0.7998376853478234,0.20439266384502508,0.19980965607958623,-0.10788700247221755,0.97387704359170413,-17.94111409472896,7.2611477342027895,-4.0121477203639921,,0.4380324374400362,0.1363636363636364,0,2
-0.70689453695549409,-0.65299899464401456,-0.2718316144534782,0.69112456712746662,-0.71943169204697477,-0.069028060897719221,-0.15048902396969022,-0.23666506601594944,0.95986598032866921,-12.318503186961598,5.56878990356884,-3.1081097339205788,,0.1955379442291595,0.2960526315789473,0,2
0.21708871672643115,-0.84582331555074586,-0.48729396460536467,0.97544462977517077,0.16896907047483345,0.14127005155251524,-0.037151895144808419,-0.50599641509956761,0.86173508956844458,-7.0646630709516973,-13.484075578209493,-0.52837544292725602,,0.6370779074556013,0.1379310344827586,0,1
0.48523181720394826,-0.82082805885042398,-0.30131608217418315,0.87425881585651577,0.46131147166420933,0.15120598205151983,0.014886452569945155,-0.33679819464309252,0.94145917044502614,-10.881872807908872,-6.6279180808628331,-1.7551035157547572,0.8555233840538435,0.5639403946197289,0.3793103448275862,1,2
0.5669139190636816,0.82126380623670825,-0.064299058604717546,-0.80817350788697451,0.56959887565566358,0.14970872386560258,0.15957502787566974,-0.032907163618266629,0.98663718207914763,17.176771331884471,22.453774859324728,0.072256431661117615,,0.2416704454887558,0.5238095238095238,0,1
0.93138832273553374,0.34740654957010786,-0.10874043216616183,-0.316160396544304,0.92005042577629759,0.2314083353853181,0.18043945225155122,-0.18115160320750034,0.96676041537007251,10.417331535896585,-1.5794346427275867,0.72204879709384251,0.5843777846259407,0.574852218472897,0.4946236559139785,1,4
0.26798629279370106,0.96226450180397549,-0.047226850865107209,-0.95568195745167317,0.27171502961026439,0.11332669096568178,0.12188249700439709,0.014763849492573379,0.99243472615186812,-12.725926451708784,-8.1552394926521625,-1.8834729875621361,0.7742740698895815,0.560014042563253,0.3609756097560975,1,3
-0.11806788383573069,-0.91562630624637942,-0.38430253982528551,0.98763369137715196,-0.14847932298588876,0.050334702764533321,-0.10314875890331496,-0.37360722417435238,0.92183402821844385,-10.845086705649701,19.632920539496084,-4.0923151473694439,,0.5461415615968812,0.1777777777777778,0,3
0.98542149455840433,0.076564139345695822,-0.15192896573246062,-0.040176965189936256,0.97248174403677756,0.22948871210435551,0.16531875129702908,-0.22003906489858116,0.9613805284007737,7.0448386136320345,-4.5762838438396694,0.43976605785654876,,0.3849145521487832,0.1904761904761905,0,3
0.20474516371031531,-0.87517272861501083,-0.43835158608791763,0.97801888371949686,0.16485436662388447,0.12767968081534126,-0.039477601564757055,-0.45485792605339403,0.88968858938456652,6.5713413425727047,-11.797328495202743,1.2019401051121663,,0.3162090636067083,0.2352941176470588,0,1
-0.95049799584059391,0.28080267529753361,-0.13305418989555981,-0.27850420399492365,-0.95976123816978853,-0.03596907093532143,-0.13780046538444551,0.0028676214087810827,0.99045585892925481,5.1209725933569787,20.797561149689006,-1.831351470781148,,0.1326714257924665,0.3333333333333333,0,3
-0.98156135446824988,0.014863415845524407,-0.19056858682337294,-0.010290596308527992,-0.99963541208524775,-0.024962903131876733,-0.19087014182964637,-0.022541556613498683,0.9813564424730552,7.9641603190465737,16.659331825891524,-1.2917800552884022,,0.1412762008199598,0.125,0,3
0.79583245932576074,-0.56642635248678763,-0.21403710867983972,0.59856638401414175,0.78931422736769841,0.13675282228593558,0.091482132745947353,-0.23694775306688831,0.96720565636518396,-9.6359869204161956,-11.418550962229594,-1.0619098662961968,,0.08589486352378273,0.2222222222222222,0,1
0.0033935676975456034,0.99756318860758275,0.069686214083948539,-0.99633108131451509,-0.0025863868400613616,0.08554348022942726,0.085515262409297674,-0.069720838622217451,0.99389443330611504,10.07310034217563,18.741646758209839,-0.99403232152941501,0.6421525794973132,0.2750828158836404,0.7,1,2
-0.98289927732783366,0.081603583871727628,-0.16507533349265924,-0.085749614880268388,-0.9961516524543671,0.018135293223980289,-0.16296016131652674,0.031980312877205958,0.98611421519617493,-4.9511320394379998,2.370488182597692,-1.9304304704506261,,0.06601543703363674,0.1919191919191919,0,1
