axis_00,axis_01,axis_02,axis_10,axis_11,axis_12,axis_20,axis_21,axis_22,location_x,location_y,location_z,dbh,dbh_approximation,score,reconstructed,number_clusters
0.96523392945858688,0.025768887255225068,-0.26011425541781352,0.024911313614943528,0.9815301036955606,0.18967889179705702,0.26019778607035449,-0.18956428985705409,0.9467642220400373,-2.9832735637918257,-13.64789684482613,0.25334499639856412,0.5449359616410313,0.4434674558647063,0.8854961832061069,1,5
-0.71946176414118634,-0.56575539471785741,-0.40285928472171745,0.63771506164442937,-0.76789291820432348,-0.060497655520605785,-0.27512591679210069,-0.30043518355760168,0.91326033002097318,-0.8552620133237554,4.0544579856341798,-1.8791738988503732,,0.1821707901428029,0.3059490084985836,0,4
0.40031188308971699,0.89886152976233324,-0.17832090895484409,-0.87916731255149705,0.43160428608521817,0.20194696525039882,0.25848642671935707,0.075932144353929851,0.96302599998944538,14.761014889910518,0.66914022328712042,2.9077930232458784,,0.1813638109584207,0.1875,0,5
0.43793708606751686,0.8814069287247932,-0.17701111446070344,-0.87432169136184157,0.46339747461067055,0.14430648127725065,0.20921923587677366,0.091567497073910986,0.97357213642275042,-0.28137690037460172,19.097940984034288,-3.6324420593036026,0.319310551621548,0.2860414928759509,0.65625,1,6
0.55152992706368309,-0.75084794235365449,-0.36337598574535723,0.82957132408743217,0.53932584680729656,0.14470331446589191,0.087327875303082322,-0.38125450610959893,0.92033626667983337,-26.85823056030921,24.982791240049366,-11.17410855993033,0.3160547997545178,0.2580790026956781,0.4444444444444444,1,3
0.73872081700810988,-0.52400493626083644,-0.42392261238715279,0.65914485177933591,0.69301604501575031,0.29198771502158355,0.14078216823045731,-0.49512381090491392,0.85734053501705332,15.214659682531938,-5.4517554059359181,3.7150591199929237,,0.3887626073264164,0.125,0,3
0.6478934410316477,0.72340048510185795,-0.23859133937041493,-0.711888915165382,0.68647142737119393,0.14822669080705853,0.27101339733088281,0.073815428992540968,0.9597411218187023,6.8627680750946309,-15.755958239802728,2.8699665137586794,0.5454350264997938,0.4205931472072642,0.7380952380952381,1,6
-0.17063416404638113,0.97008272998548428,-0.17269475685180916,-0.98365929858241774,-0.15749182364563438,0.087239382145453473,0.057431405803277463,0.1847588224380238,0.9811043834163502,-10.892105015960775,2.1136694774546987,-4.1709334662754047,0.8987190170738228,0.7665290671991458,0.995740653099858,1,5
-0.9435178651548195,0.27083420384469437,-0.19084777222043428,-0.22511343654358537,-0.94667219955066606,-0.2305117942436811,-0.24310075857806243,-0.17452959813657556,0.95417055108248672,-13.72018563198902,2.4313157202348283,-4.8811281722641349,,0.4075481414641081,0.141025641025641,0,1
-0.82955251090721216,0.51688013070993899,-0.21137067470398188,-0.52852833495109597,-0.84891409332238998,-0.001631352949879411,-0.1802787585972403,0.11036209782303683,0.97740461251353683,-16.095975889220611,-17.162256913031634,-2.8511136197067608,,0.2306983520795278,0.6842105263157895,0,4
-0.91786147245326377,0.29987328866202995,-0.26001216920164733,-0.32731690989705647,-0.94242490459930506,0.068548812436345488,-0.22448598593535721,0.1480246936764604,0.96316910881766826,-9.03590671278209,-7.2742330172769991,-2.2956684968328829,0.1620788437410713,0.1417951097850902,0.5254237288135594,1,5
-0.73289944531706597,-0.58176335265375456,-0.35271774064115519,0.61450060801355744,-0.78855792802876157,0.023778075909448231,-0.2919715838997114,-0.19931832743641636,0.93542760197839159,-10.112895441801243,19.200083220054779,-6.3970531973973888,,0.4077350036497041,0.6276595744680851,0,3
0.30496550201040201,0.94545656005577716,-0.11448989313926559,-0.92324597409758269,0.32299658982132112,0.20806266910813892,0.23369406046399463,0.042250396581501662,0.97139177991815273,-0.86413846415538786,-15.094021509250023,0.95637624777355745,,0.4692134325735761,0.2,0,4
-0.89590840748172684,-0.31980002905740018,-0.3083440721311867,0.33747335417666152,-0.9413255042631159,-0.0042462035448376876,-0.28889420316840919,-0.1078621177183009,0.95126542191809615,-4.1976263082983163,-11.159641918194636,-0.52970671141507419,,0.07329626049635134,0.4230769230769231,0,1
0.32052101022338481,-0.84046147508609037,-0.43691050674193393,0.94707071907423945,0.27558247396441932,0.16465525535448985,-0.017981520446921088,-0.4665606165759843,0.88430642651891544,13.050603348883874,28.863739006215955,-0.63834690980177444,,0.1755735226022527,0.2727272727272727,0,2
-0.93591357499745986,0.23970920348220667,-0.25807998353495082,-0.26238237511245949,-0.96329118122798918,0.056794272587382566,-0.23499206234640996,0.12087016974552221,0.96445276333259056,11.339730761747878,-0.059570264511754421,2.0302273473774033,0.2200545635990021,0.2017191658192629,0.46875,1,4
-0.85687881017893974,-0.42185243398778854,-0.29630934613154425,0.43580649332931359,-0.8998010494250166,0.020755043378554851,-0.27537502617036946,-0.11134898020286181,0.95486648258772355,-13.61204348809475,-7.6190938480158046,-3.4779572187769752,0.2708556646522159,0.1048403431492301,0.2903225806451613,1,3
0.95514532968310906,0.17002675578040236,-0.2424629899661743,-0.083247128771896384,0.93989498110547942,0.33116059554839178,0.28419590907643449,-0.29612214846499019,0.91189054082861154,-9.9900338310089225,18.359010565961725,-6.3097250824647491,,0.2187334038121289,0.2929292929292929,0,2
-0.9444225958907404,0.23412131849932191,-0.23076648065768468,-0.22046542828068769,-0.97180013922084718,-0.083662920958773895,-0.24384617139501574,-0.028137122000663609,0.96940566692252816,0.73346894385786732,30.089718289638508,-4.2955420600484544,,0.1455584099505783,0.2222222222222222,0,1
-0.72342677677296052,-0.57920896284160128,-0.37572686357491181,0.63528181924569571,-0.77154073758004305,-0.033792016665489616,-0.27031594252607943,-0.26313849512832294,0.92611415257398899,13.712868446064196,-4.3025143191104362,3.1619923755545978,,0.1785896764862364,0.25,0,4
0.95154952687294603,0.20829517438484971,-0.22620039397812183,-0.1562533953568265,0.96110712744302929,0.22772344195903732,0.26483650493717009,-0.18134555386386736,0.94708786062670625,-32.842248028889479,11.836895665215724,-10.993635286225746,,0.2530101457583815,0.4736842105263158,0,2
0.87592814161335264,-0.39821818982512974,-0.27234567009992089,0.44007088922228454,0.89085162606133261,0.11278737873976223,0.19770559726240841,-0.21864504027367246,0.9555662421699701,-15.777831730487588,-0.43044844395304599,-5.0478885978727694,,0.06663653968560655,0.2777777777777778,0,2
0.89964350776711077,-0.30577534165504056,-0.31167771715063408,0.38146052877960479,0.89774422347652427,0.2203251556171365,0.21243687042430204,-0.31710684264183631,0.92429098580157809,-2.034463494148707,20.140734098385821,-4.2137331043033557,0.4188715508454612,0.3580887970452936,0.9024390243902439,1,5
-0.76112530557071223,-0.49915602916310753,-0.41416364853764015,0.58647710604527448,-0.80235366742187764,-0.11078445946712707,-0.27700699143640861,-0.32721835358791063,0.90343526374088789,-12.11731477568966,31.941301079749564,-8.0176284368318385,,0.3107880154503942,0.375,0,1
0.86106014158531297,0.44950130512309222,-0.23774778498593419,-0.41372263512095592,0.89111538471585772,0.18640534410601334,0.29565015434065584,-0.062144571889631649,0.95327280377812162,-4.7302136388035647,-14.297279898740522,-0.12177704286768699,0.8797055219983183,0.5214439067685206,0.2352941176470588,1,2
-0.76414414947303899,0.62267695652387767,-0.16839574412760039,-0.62403770078755827,-0.77970435022254547,-0.051362186867554338,-0.16328094445435201,0.065837178388815004,0.98438041382378993,14.457484198772981,-18.953731692220043,5.2402964945914166,,0.4316274874787086,0.1666666666666667,0,4
-0.23716092714017778,0.94789444301898851,-0.21272240016447896,-0.97096420507714509,-0.22421718816494707,0.083397631802800742,0.031356133322240222,0.22632449585745273,0.97354713058893627,-1.182336100207863,-10.052006240909932,0.10784502613881886,0.3562396545716349,0.09827973547958842,0.3,1,5
0.90689354175530401,0.3582717132179512,-0.22177800483906254,-0.30748987308536602,0.92258317633179987,0.23300270534796946,0.28808693457438617,-0.14311415813049838,0.94684964797486848,-0.51978756906254819,14.964935532849406,-3.1369736091471054,0.448261291499625,0.4048364210471765,0.636986301369863,1,5
-0.88841664198160164,-0.3508146536753356,-0.29604889632760223,0.35544854205033871,-0.93384283304106663,0.039923641268363175,-0.290468938450268,-0.069761321263940773,0.9543380710477215,6.1900056215156729,2.6938735464001624,0.28484254649827828,0.2039637416189681,0.1883511204340179,0.5443037974683544,1,3
-0.81624498178398364,0.5157279594487072,-0.26032441598001593,-0.55126429811026312,-0.83009226869000019,0.083991065537275089,-0.17277674421478934,0.21206484221567815,0.96186106031722496,-7.5871518777968499,-1.8084076912426807,-2.8546842592375725,,0.07570579827878263,0.3485714285714286,0,5
0.41074966169512678,0.91173906898739587,0.0040725298446489993,-0.88732548481329798,0.39871614850765263,0.23168710995665809,0.20961440651392296,-0.098779061552638853,0.9727818345243685,-8.3704294245000828,19.329241429885087,-5.9205511790920875,,0.08918763552587136,0.5333333333333333,0,1
0.22510939874790981,0.9665358758775483,-0.12302097072034358,-0.96123032022308408,0.24094216383343336,0.13410124969995768,0.15925460771727135,0.088064035388369682,0.98330193511043917,18.053412653946527,-4.8196012787796869,4.3820205739785987,,0.2800453927949229,0.7682926829268293,0,9
0.19468817805532734,0.97952077254328029,-0.051337797787923238,-0.95664270364803461,0.20117987488682379,0.21062145070600269,0.21663621784566953,0.0081064231778533603,0.97621874342832926,-0.30400120570161954,-13.070198961482632,0.69010924777308935,0.7164148599331133,0.2764442756906776,0.28,1,3
0.17368224124093468,0.97586676721083032,-0.13235759037927922,-0.97360215390851235,0.19036090477890488,0.12594273236857337,0.14809903774917371,0.10698961905362581,0.98316829507085357,-7.1907514751817105,-10.859429430267339,-1.2650849212866568,,0.08317648982756946,0.2173913043478261,0,5
-0.81059419077571138,-0.49123302432500876,-0.31879017188925035,0.52610414177273301,-0.84995876434195206,-0.028009479250433341,-0.25719931938138646,-0.19042115095442999,0.94741136544741977,-10.043199382029851,-3.5837925857686113,-3.0924151346741646,,0.2500482762419776,0.119047619047619,0,3
-0.1621043355786867,-0.93099675964060813,-0.32705843197398238,0.97552184107584639,-0.2011070348222963,0.088955596389289585,-0.14859112345824366,-0.3046325558499472,0.94080799526032166,-21.785104978756841,-7.74323754996849,-5.7226464328041589,,0.2410807862896052,0.5454545454545454,0,1
0.49519384093958457,-0.79905643994173636,-0.3410159317145468,0.86735052128438095,0.47722783573605582,0.14126806442502599,0.049861138406726686,-0.36573542156362021,0.92938230470052907,-10.760622514760373,-15.615615066733126,-1.55540455747166,0.2073678785345276,0.1700240478964484,0.3928571428571428,1,5
-0.17619684706180899,0.97233822563631922,-0.15333964279302167,-0.98405936161775764,-0.17017634013029723,0.051644806828061739,0.024121440627124444,0.15999496312781655,0.98682306817169618,-12.405011241108641,19.214928456188368,-7.0291160146663909,,0.2310611794161429,0.2692307692307692,0,3
0.029292188371911096,0.99933183299588679,-0.021859900765199641,-0.99317523607944069,0.031567762125876087,0.11227834534276601,0.11289339280458266,0.018421833661283415,0.99343631799206167,-21.981397648185663,-10.733080567734641,-5.2882954806573945,,0.1153008640535287,0.2307692307692308,0,1
0.95038394907668022,0.1630370543060024,-0.26493257304574042,-0.13029569657510884,0.98197897702104064,0.13689528897196676,0.28247722172136663,-0.095583511192740361,0.95450008464988934,5.341852444725701,-5.9491669062851518,1.0740730692672553,,0.07044246017506448,0.3023255813953488,0,1
-0.7197458388736877,0.66949442396264713,-0.18369306929477369,-0.68162383657274273,-0.73169191223811625,0.003986349355346583,-0.13173789447181022,0.12807873300533387,0.98297556699639399,-23.731366518817804,14.1299782429217,-9.1108612360034531,,0.1546540370735079,0.1875,0,1
0.64493565437967049,0.72573128397092213,-0.23952474856637204,-0.71598935617676429,0.68337289873228091,0.14269100574255816,0.26724004855457129,0.079470653351767964,0.96034742239691262,-0.054572035735810653,-2.3858413249608397,-0.76980940690750488,0.263707883529044,0.2169056841170604,0.4772036474164134,1,6
-0.067124346073346428,-0.92136664134847102,-0.38285484765699657,0.99314952139782042,-0.09848512092930721,0.062886477901198057,-0.095647008899932565,-0.37601089500940821,0.92166558822748634,-17.728831892607019,-11.304250719865291,-4.0929468037159458,0.2992516569082264,0.2215503913242277,0.8571428571428571,1,3
-0.47884233064523435,0.84364418110442307,-0.24284669664396694,-0.87669771575505695,-0.47400436381594024,0.081981572766751734,-0.045947117125067299,0.25215939160002038,0.96659428078993026,-15.537825149694708,-6.528518704133643,-4.0728132086860871,0.3054456267217669,0.2721537485790358,0.7548387096774194,1,5
-0.71186140469154602,-0.61395708474041244,-0.34104257594563447,0.64408853954735945,-0.76430164335045048,0.031511128122467764,-0.28000588160667117,-0.19723005873561794,0.93951956349871513,-8.8572432938492067,-3.4688327498538776,-2.8507718902525911,0.710817137596761,0.4874911080414864,0.4071428571428571,1,4
-0.10969648799394102,-0.94974963004962343,-0.29315920715952076,0.98473671757711301,-0.14394087047326357,0.097850001854123056,-0.13513059452710158,-0.2779508338321775,0.95104314118485156,2.0029184946547156,-4.5634425688973943,0.11450517434369305,,0.07273008662109837,0.2413793103448276,0,5
0.76210363202186115,-0.58442785721372204,-0.27864338099381641,0.63059783402952418,0.76757082293933876,0.11481029348232839,0.14678019545006768,-0.26320925417774244,0.95350745290156824,-3.9784372507938177,11.355554000162194,-3.6207588588839492,0.2063674715287087,0.1581387015351836,0.6756756756756757,1,5
0.67411008116677817,-0.68075106908044025,-0.2866244588571602,0.7300075721359095,0.67315535353670608,0.11811356665984168,0.11253685215766769,-0.28885957133304774,0.95073424517881611,-10.194276556588859,-2.0539877602461427,-3.4230665568011287,,0.07142643748030096,0.3762376237623762,0,4
-0.95336230369099284,-0.12467466563773465,-0.27487550936582833,0.15488080258893788,-0.98373413149847422,-0.09098953519141427,-0.25906033059967121,-0.12931893238448203,0.95716475010132296,-20.515965731555909,-8.0820818102342216,-5.3034655800630297,,0.199292692784954,0.4166666666666667,0,2
-0.42138054486609056,0.88780783333677249,-0.18502888281082941,-0.90653917696893305,-0.41798520116475735,0.058949912873114213,-0.025003140379703848,0.19257627754509171,0.98096341435245704,10.79396667121275,-5.6171820851383192,2.5093829107722887,0.2743378591363964,0.2252268966028044,0.4823529411764706,1,5
0.95813571007130427,0.13920103831304373,-0.25019798564083018,-0.03231697371149847,0.92085214255239289,0.38857038585923948,0.28448475230895737,-0.36421752084329828,0.88679987777089453,-16.069586508631946,-5.5578584360742296,-4.3472401161028094,,0.3608160326652399,0.2631578947368421,0,3
0.69135960150016995,-0.58459841182538286,-0.42457814157675011,0.71524630311812221,0.636890740595912,0.2877375721365743,0.10219895933611953,-0.50260807935650154,0.85845238148436853,-13.830135258986299,-12.411815302620786,-2.8601181889192762,,0.4582292408651432,0.4705882352941176,0,3
-0.87296184890558859,-0.36597228012787997,-0.32249325657032829,0.39346755128522565,-0.91907284429918557,-0.022099614417710526,-0.28830694830500236,-0.1461827522309104,0.94631374633852361,3.3008016011768087,6.5351880360745245,-0.95182753417014276,,0.07910433220047215,0.3125,0,5
-0.96022968989166479,0.10676492134862293,-0.25799262435189946,-0.103981587437895,-0.99427865084953304,-0.02444982492223664,-0.25912694210454706,0.0033490348243941479,0.96583746657566194,-0.86504062824633166,19.944810070652224,-3.8716281738570602,,0.1395839997392671,0.5,0,3
0.94196881465540216,0.21164095415756798,-0.26058176977672642,-0.18001142970703926,0.97364201370570691,0.14006110924137063,0.28335602586061992,-0.085025500118315556,0.95523820429152961,4.3152633927175232,2.0398348148239309,-0.22069768059028314,0.1926309734697167,0.1686024319250774,0.6433566433566433,1,5
-0.8263123089529727,0.54351000353409651,-0.14766463398923449,-0.536512232262639,-0.83937227275023152,-0.087228506640155287,-0.17135516538863957,0.0071458936794632387,0.98518340602050081,-15.130448926352367,-14.078445414485492,-2.9680738791861043,,0.397180719829924,0.75,0,3
0.6132984069702675,-0.73320215473299444,-0.29373400263269966,0.78449285090072285,0.6086942647536332,0.11858439586088119,0.091847868202744445,-0.30315984620481695,0.94850307155838121,-11.70855737196792,0.31411117280238021,-4.120994450186954,,0.06965439769054972,0.3263888888888889,0,3
0.43077360556866434,0.86488380120619945,-0.25770159323622777,-0.87654191770470491,0.46892479638965751,0.10855322122110289,0.21472858974047315,0.17912438622933349,0.9601073309823408,-1.4916299736294496,-3.9100553543958956,-0.93034764000337911,0.4148507096226147,0.3799020396850591,0.9171511627906976,1,5
0.92233741877841768,0.29778940111973295,-0.24620145917909547,-0.25532573344828774,0.94798262797005672,0.19009920280231948,0.29000423403850317,-0.11247403988358508,0.95039314738270597,-5.2330568565200357,-10.303073145222664,-0.93318336488942666,,0.0725844665095552,0.2727272727272727,0,4
0.87996121452582132,0.41271134057752296,-0.23523947434251766,-0.3746444699509679,0.90738496583738348,0.19050996012662097,0.29207838342711795,-0.079510207715690381,0.9530835980141551,7.531570445666838,28.27712111227196,-2.173345606607243,,0.4209062534688439,0.5555555555555556,0,4
-0.63201896109622402,0.74927776686395386,-0.19782532926351182,-0.76889858231836716,-0.638152231673208,0.039455029075004741,-0.096679899274125347,0.17704394170338422,0.97944292318770376,-18.036190889858421,15.318955811347388,-7.9886133663578045,,0.07047973175510214,0.1875,0,3
0.60371801697583694,0.79503591886327107,-0.058672341831546793,-0.75670096870507786,0.5946547441051051,0.27164200572460906,0.25085493804101217,-0.11959775512327295,0.96060823285557662,1.80974022549074,-9.843402454256049,0.81144516888029128,,0.1380054957921581,0.4545454545454545,0,2
-0.89747594406158548,-0.32151596273905353,-0.30193445569319505,0.36794629428142844,-0.92325023454392607,-0.11056459170615898,-0.24321277588837892,-0.21032472540946007,0.94689548289455094,-16.11596418121627,-11.163071910169332,-3.700281054006259,,0.306675613783545,0.4166666666666667,0,2
0.88101557360745253,0.39956205693974517,-0.2533016417538827,-0.37484724788276086,0.91622443161425426,0.14150028857870769,0.28861929910498446,-0.029714534612162207,0.9569827305740326,-8.8487169847510057,-16.46106684049132,-0.95158321168713145,,0.08367517389967452,0.3157894736842105,0,1
-0.74206898607140304,0.61840161138604999,-0.25867560176038701,-0.65542586509751266,-0.75028026095936085,0.086582130811914612,-0.14053666878127707,0.23379259408692021,0.9620761236398977,2.9650839431378833,1.4394815229717823,-0.50578041521200556,0.1602876692880382,0.1451899865545935,0.7219512195121951,1,5
0.87087126194648168,0.4207928783222229,-0.25400117847963066,-0.39814724743155483,0.9069667850915929,0.13744096952254031,0.2882048134199332,-0.018563520515206565,0.95738883491905347,15.352897484609546,-4.1334143324930599,3.5963248022052272,,0.1858203469452464,0.4285714285714285,0,1
-0.93949149837041623,-0.1971289379253148,-0.28017120894579217,0.18586775027596195,-0.98032248570922453,0.066490626559228411,-0.28776536257350704,0.010392586074866388,0.95764455319163888,0.58097762052987711,-11.541367379133195,0.69081350950041231,,0.09795485236581239,0.6956521739130435,0,5
0.93891340817643143,0.26221687106567815,-0.22289891088797292,-0.18397344506570357,0.92978176603558682,0.31884108746898121,0.29085285533612265,-0.25835669156472696,0.92122550793307612,-14.194294053569356,-25.404366101600079,-1.3196552853701826,,0.4884583273664011,0.7297297297297297,0,4
-0.71151872283183992,0.68062374038298468,-0.1746208208857781,-0.69024637863119531,-0.72353424704115576,-0.007624312763012937,-0.13153343242791166,0.11510654797040533,0.98460623538959424,-6.7996504053835576,16.277950904305996,-5.0645108071852185,,0.2648862829522114,0.6592592592592592,0,3
-0.095828464392220758,0.98345696518412218,-0.1537182586522052,-0.99066275951366467,-0.079183479897016434,0.11098321235290638,0.096975266563182949,0.16291830511712352,0.98186222227599962,7.5719439338260104,7.6475577225175861,0.043870157009903793,,0.5463108177716225,0.1111111111111111,0,6
0.3977317361711209,-0.82738626268148907,-0.39653680581790146,0.91743612407139596,0.36381077454584126,0.161098350622249,0.01097380021504986,-0.42787111686851831,0.90377313694230099,-5.1588892842984402,-13.935080661845712,-0.22227875506704944,0.5858912729164806,0.4147499643369264,0.5675675675675675,1,4
0.8569801775728586,0.47650792155641353,-0.19627831245753727,-0.42890559495798364,0.87062094088852127,0.24095470092970497,0.28570083279705316,-0.12230853600780461,0.95048180211864008,9.5607064939425328,8.1244001410555171,0.56280302262721438,0.2263356471261277,0.1674924402450614,0.6071428571428571,1,5
0.69747420413401096,0.6713276631286772,-0.25069683541245397,-0.66449920111456728,0.73685352905369628,0.12444954173968037,0.26827326792979461,0.07978750177379991,0.96003302457517881,-4.7711296996383297,-3.0784036763740792,-1.8783476031161721,0.3738775770054066,0.3477194080192926,0.9181084198385236,1,5
-0.1817154224068967,0.97092235923451431,-0.15585017676591695,-0.98195754448895634,-0.1707295620322532,0.081306810720219641,0.052334368064415472,0.16781295833981191,0.98442873024538391,-19.150989488809582,-8.1429923885020781,-4.9073781218786419,,0.3914723105994216,0.2222222222222222,0,2
-0.32091721203111834,0.91354928599655294,-0.24987966119186814,-0.94705871848090117,-0.30685971616733082,0.094429329887583707,0.0095878449866095249,0.26695470898430257,0.96366138066211771,7.7733032855657171,-6.1798037627299287,1.8196615269592762,0.5266011167889664,0.4855637716934371,0.6916666666666667,1,5
0.71902091457171791,0.67080137417847596,-0.18175379173133943,-0.6273025363427428,0.73898282254985403,0.24575580537235009,0.29916626197887397,-0.062688949397156316,0.95213950832694094,12.410004309781602,-3.7870453678355624,2.6725644457925624,0.7211778491482574,0.4662357631713633,0.2272727272727273,1,5
0.047153812839306516,0.99887472976536884,0.0050785993023889815,-0.99208420583275359,0.046239652932664799,0.11675111577136267,0.11638490654679877,-0.01054365841751656,0.99314821894582528,-8.6024585955443165,-11.304129870419168,-1.5850628857508884,,0.08744713890252001,0.1363636363636364,0,5
0.62592228205571709,0.74177641753651191,-0.2408091427102857,-0.73670477065988493,0.66369290342001785,0.12952918913076678,0.25590501697530427,0.096330038599628354,0.9618904022549889,-5.2938616020916731,-15.560974642067841,-0.12517851602353805,,0.07666527284076428,0.391304347826087,0,3
0.74798446552103692,-0.58599201802413214,-0.31166102443394023,0.64646222012248855,0.7495965984865417,0.1420969299165474,0.15035237707968135,-0.3077633739570233,0.9395083120212816,-13.722995789374695,12.439634344795165,-6.4962729123684442,0.2091097296226532,0.1026341515397466,0.2461538461538462,1,4
0.2158673017388453,-0.86837809664920884,-0.44645356903029271,0.97558741664869519,0.17290791993035068,0.13539587771451189,-0.040379456617367748,-0.46478202685264774,0.88450391010895435,-9.6787528659159374,-14.059424977107541,-1.535793335087732,,0.294767460485537,0.2,0,5
-0.94443840656082934,-0.12942320521181686,-0.30213528454244076,0.15067524562612772,-0.98741629110746221,-0.048021228754469784,-0.29211824073198134,-0.090877400976716913,0.95205474182074712,-18.461513156006319,13.845893742565101,-7.8918725407747505,,0.1212549281144357,0.3,0,4
0.50519404067147644,0.84846442824577006,-0.15775644288460752,-0.81476605624851794,0.52917842932008685,0.23691024361044746,0.28449122105130514,0.0088489515708605228,0.95863780501336016,-7.2359421379630371,-21.658429423063627,0.10821794534390319,,0.2265684123716228,0.4166666666666667,0,2
-0.79448294673773179,-0.52384540496081267,-0.30721790156885753,0.5417494024919649,-0.83995923575560338,0.031242073690149003,-0.27441653055624954,-0.14161381984221702,0.9511262238983671,-2.8018369095603424,-10.476303410041577,-0.29036146886094411,0.3980777859660648,0.11900415536668,0.3333333333333333,1,5
0.27436085465501125,-0.83972656937054835,-0.46859941327976673,0.96133541486492868,0.22751360297916667,0.15515083172807376,-0.023671534792799279,-0.49304852616411698,0.86967971649794451,-17.809804560790518,-13.211943153071152,-3.8439479009044564,,0.3612541166915268,0.2272727272727273,0,1
0.92735032041172649,0.30037123016510153,-0.22315579159271454,-0.23915502622150625,0.93442666340791369,0.26391605511098237,0.2877955118921387,-0.19137380907913179,0.93837615513891071,-6.5192914800747861,13.290118757257842,-4.6533815963606324,,0.1050981799378221,0.3265306122448979,1,5
-0.46045918999039215,-0.81660650264490897,-0.34803901245613528,0.85978919355317085,-0.50779341470659933,0.053929496843552784,-0.22077109639302686,-0.27440784941153096,0.93592759077759802,-26.226819665203827,-22.285744113346109,-4.943938258724927,,0.2845679039038299,0.2352941176470588,0,1
0.21777134177412955,-0.91562368520800552,-0.33794808741581095,0.97348891427270956,0.17895286615166556,0.14246124204232843,-0.069964108584573526,-0.36001269252932389,0.93032031297169404,-11.957149697996764,-8.7970941502406426,-2.8630563699375262,0.5961454565019562,0.6055691991475084,0.2916666666666667,1,5
0.93883077891253586,0.2248999273259204,-0.2608002899831155,-0.19416179131782677,0.97114111305066864,0.13851403298930018,0.28442567985105366,-0.079403786002330959,0.95540414035619614,6.9673828809116998,4.8206894926131589,0.28610632934102248,0.2558996813146662,0.2298115076556437,0.6585365853658537,1,5
0.040763226256868776,0.98763100961492967,-0.15140458458093553,-0.98897972494601039,0.061466716276716522,0.13468833073384817,0.14232871470945052,0.14424573351455486,0.97925262589997852,-17.431411485710715,11.610326349003346,-7.2282135908041258,0.2613891461629945,0.1603321088000839,0.2419354838709677,1,5
0.36089579460551613,0.92301303187339356,-0.13342101943824222,-0.90755451821989575,0.3805250502207751,0.17761048002055013,0.21470682777850084,0.056987973699397669,0.97501453781927327,-2.5224821768591963,-8.2948584643322238,-0.48528716564793639,0.7283722882955042,0.6755913029810018,0.734375,1,5
-0.26947077099071659,0.93081414374407601,-0.24692212008577169,-0.96273982972805139,-0.25433228282995951,0.091908161583747511,0.022749150245040387,0.26248832300977715,0.9646669665986517,-5.985675051979757,8.3457626779060075,-3.7908490894632441,0.4001390082132774,0.3758242922761086,0.9293563579277865,1,5
-0.93392177988446012,-0.2199576099089659,-0.28179559773100699,0.21414904403758661,-0.97543431224152377,0.051653552052993719,-0.28623468691831899,-0.012105880597408998,0.95808306093977647,4.7639674749400083,-6.9626686853723481,1.0369746812905138,,0.087891223236425,0.2954545454545455,0,5
-0.14621416998734896,0.96143676825661639,-0.23293938511806728,-0.9867600678068742,-0.12503868136711394,0.10329519225862023,0.070185362267944224,0.24495850425377352,0.96698983764932656,-10.023095124895546,-17.005857587775964,-1.2084127794730442,0.8094991133528272,0.3399913576187502,0.7627118644067796,1,5
-0.65757527205393529,-0.6797845511365509,-0.32478873998227109,0.70697018597950756,-0.70575838171031846,0.045806798422641064,-0.26036112943235862,-0.19949453797462824,0.94467667040051129,3.2200257454018102,2.6134165317691904,-0.53625771170948133,,0.07635046497366153,0.3563218390804598,0,5
-0.88657834408847391,0.41179906990094362,-0.21071394311259567,-0.41830300370747853,-0.90818594045677781,-0.014862524884412674,-0.19748781451684941,0.074965482626049129,0.97743477507811383,-0.95724924362355357,-7.7476703426204931,-0.27030929416223815,,0.3150653420990205,0.452991452991453,0,3
-0.81816877983403091,-0.49568097747123907,-0.2913764168186061,0.49993123797667954,-0.86359638117861259,0.065345602073198519,-0.28402219103442894,-0.092204441261585862,0.95437400216667734,-20.364290856562324,21.423375036050903,-9.0928393523460738,,0.2086363639008443,0.65,0,1
0.47670558554178238,-0.8011075763285157,-0.36190943046889024,0.87682615498520144,0.46267714613643057,0.13078896121964539,0.062671194716012874,-0.3796794827115339,0.92299285574741496,-8.3906257058743012,22.628740298416876,-6.2219824143955957,,0.3268756083007902,0.8051948051948052,0,4
0.85558802597388628,0.48937677091517784,-0.16875872095610986,-0.4306117241878108,0.85377008930321807,0.29266051596205378,0.28730240653727451,-0.17772734932983253,0.94120684044373704,-18.462833076003129,-9.280387109393482,-4.5890084034020395,,0.06869495426083982,0.4,0,1
-0.16906292199760883,0.95910493795767349,-0.22701419865470143,-0.98408804144304773,-0.15148873432828938,0.092854133243478826,0.054666764074848738,0.2391001492195661,0.96945482800838367,-14.748690843419242,8.5665839154314281,-6.085057742622916,0.386330649670998,0.1932215191880039,0.4788732394366197,1,5
0.88254799384450255,-0.37570046601642459,-0.2827688073251437,0.42458975827354789,0.89513342217910163,0.13586645526817387,0.20207071962620646,-0.23996940707717301,0.94951677601650397,4.4211902038351187,-5.7803509269699482,0.91356426414973591,0.1555443477717497,0.08990699496906764,0.2857142857142857,1,5
-0.19202103126249637,-0.85439271293560692,-0.48284678277422538,0.9636855951521327,-0.25719092555081874,0.071853333329718841,-0.18557477535798317,-0.4515151380594517,0.87275201681462045,-2.9852038848621669,-18.780928041797097,0.91827691505457198,,0.4672110100091881,0.4545454545454545,0,3
-0.34923524867276118,-0.80231272502304196,-0.48407544076370562,0.91787884239474393,-0.39683541154461033,-0.0044818331410806109,-0.18850244499358473,-0.44588781931145072,0.87501478891566176,-3.3272641299742158,27.238514933465087,-5.1497390246695067,,0.3415006882034922,0.2666666666666667,0,3
-0.94164561761100529,0.2688657340893566,-0.2025209812996637,-0.23438303196837745,-0.95555948328020013,-0.1788034346386726,-0.2415949609559308,-0.12090198900707581,0.96281596574570483,-27.264060507123663,18.566813111170649,-10.579174215837888,,0.4968417142329871,0.3157894736842105,0,1
-0.68691670379491643,-0.62982896402231192,-0.36257539647100756,0.68024961268871864,-0.732810160620324,-0.015802940500509951,-0.25574578488095434,-0.25749707681873901,0.93182044887705096,-7.4862076196233458,-7.2910207554736743,-1.8248697580256859,0.5208071260140084,0.3209357655798731,0.5,1,5
-0.36458987463529635,0.92891162048692155,-0.064787534586364715,-0.93113786298112433,-0.36425613951519792,0.017313143805436186,-0.0075168767691057648,0.06663832343213022,0.99774888143950924,-23.757967910682265,12.046580167861961,-8.8659218392975827,,0.2330047743514175,0.1818181818181818,0,4
-0.80793995152084297,0.53347301803674851,-0.25027899185361091,-0.56455885140597717,-0.8224721949142042,0.069374288408410451,-0.16883820075936723,0.1973474793854047,0.96568505960513107,-14.264099454776787,-0.27355497662593359,-4.7370623499820503,,0.06561450380044555,0.2166666666666667,0,2
0.82365786227559945,0.55978349601041022,-0.090720248599485132,-0.4905106739549453,0.78354096985456401,0.38139589312895561,0.28458215799282732,-0.269640475733395,0.9199494601326822,5.0111172571603033,-8.8621554128022098,1.3736739653725922,,0.7937952401105834,0.6086956521739131,0,1
0.45958677538316067,-0.76759903934506235,-0.4467344968652483,0.88601754486535067,0.4309632748302949,0.1710075025790512,0.061260967048233611,-0.47440738879583866,0.87817123806933572,23.511557088896964,-9.5010618824664448,6.477757608306459,,0.2580657258523016,0.2727272727272727,0,4
0.70168204480644925,-0.63911826185436804,-0.31491293298385192,0.70261780529108397,0.6940245043570803,0.15702931904535933,0.11819698678130729,-0.33144808751320431,0.93604040382862674,3.3630803027458125,-9.7758496375460382,1.1488917849471891,0.3649059153164401,0.345153569431483,0.7789473684210526,1,5
0.70031323019543745,0.66805597181722376,-0.25152057198682032,-0.66411090643855986,0.73895154888300241,0.11361035319356146,0.26175959115682235,0.087474721621484772,0.96116080315140684,4.8874137680652492,3.2056023006449825,-0.12877497660960049,,0.0834572768118142,0.282051282051282,0,2
0.95228448725909509,-0.12678475054283025,-0.2776326392113771,0.18087573172739663,0.96712475095070005,0.17875593911986462,0.24584186990372731,-0.22044351459804443,0.94391018210097755,-21.599424735737738,-12.908408154795397,-4.9090083168942495,,0.1413928239284439,0.4333333333333333,0,2
0.35621639830025198,-0.86328064507766156,-0.35757014055467823,0.93395900192599624,0.34074805764547555,0.10775594615719382,0.02881770815649029,-0.37234028662653695,0.9276487754810413,-4.0307438295017688,-10.139832354957019,-0.66294152126985051,0.2509425773351249,0.1985649002378892,0.2727272727272727,1,4
0.17876885435899798,-0.92179022966309643,-0.34401230967630891,0.98212822472306804,0.14626419430565685,0.1184522505756325,-0.058871443956189366,-0.35903977211692623,0.93146368427584991,-11.683040539557389,-11.521087791128631,-2.3891053515986105,,0.09933856807446054,0.2333333333333333,1,4
0.2606210445888521,0.95608982025981815,-0.13404822532568009,-0.94968159607568847,0.27886859144968579,0.14260846671218516,0.17372834308928387,0.090136365016661196,0.98065993010270147,15.912491788597441,-4.870438698432789,3.79618529413841,,0.4722187300512803,0.2307692307692308,0,1
0.7343572291621383,0.64497148166247098,-0.21149763076550898,-0.62093751264026131,0.76419988402647543,0.17445670709389868,0.27414606576318384,0.0032132687466174198,0.96168269690710884,-4.7475011341348994,-5.4942386171982598,-1.5502809017857133,,0.0681153088016018,0.1914893617021277,0,5
0.6212304237815387,0.75568263344259745,-0.20740423834018101,-0.75353444854990992,0.64871327590006533,0.10656885342157046,0.2150781146857873,0.090082424391587534,0.97243331977001957,-3.127905908764625,-2.309273777238682,-1.570363613503462,0.4277790049808428,0.2483847306582198,0.2389937106918239,1,5
0.62329479661678933,0.77613964412790104,-0.09545076910874338,-0.73643127103531858,0.6236479970444091,0.26216818804691305,0.26300680514340385,-0.093115136232042206,0.96029005610427298,-26.251474528861614,10.996574077882951,-9.3920672385724675,,0.1295833663283936,0.3333333333333333,0,3
-0.70693007615461734,0.69561239497530658,-0.12795805322349138,-0.69674825680641617,-0.71601799118488374,-0.043128910683951173,-0.12162127307855215,0.058665426413538869,0.99084137664838701,-4.3037166044407256,16.362621383196107,-4.3989321626471929,0.3352889217329124,0.1643546150869125,0.3703703703703703,1,5
0.11954847453516611,-0.94357290244305103,-0.30883383883815507,0.99030020618883041,0.09114347720506448,0.10487310515728042,-0.070807230271172389,-0.31837563402083185,0.94531650350724272,-7.040298054517474,8.98688669834549,-4.2256280081949011,0.1420600749452143,0.1284329508195242,0.6418918918918919,1,4
0.22012121660240017,-0.88638075895297519,-0.40727852896933608,0.97518948597116228,0.1899018965466335,0.11376614671900791,-0.023497158397949774,-0.42221608193665339,0.90619063320102899,-7.8337207428397262,-20.894899883392071,-0.18286842407945003,,0.5859474312272166,0.2142857142857143,0,2
0.010250379510136954,0.99305418471545781,-0.11721056240380147,-0.9941403058620778,0.022734990822279137,0.10567957443501076,0.10761032469216074,0.11544048861395273,0.98746823321472965,-6.6184383305828254,15.712898176628526,-5.0041043414461823,,0.4823792264918669,0.3392857142857143,0,1
-0.10205397756171389,0.97114947096338089,-0.21553118268913773,-0.99065792778633877,-0.07951636696181591,0.11078816497835195,0.090453611193306596,0.22482404771896422,0.97019188400509249,0.42173573441323786,4.4928530467956396,-1.4683082433625965,0.235933044535137,0.1977714317648428,0.7612903225806451,1,5
-0.3154207201682192,-0.90143171856765569,-0.29653098665860078,0.9300197547618928,-0.35575504708603273,0.092204133450955017,-0.18860812559693421,-0.24669658131594749,0.95056181899223879,-12.039954175001615,-0.82027996335141706,-4.0460892087633678,,0.06735555087653403,0.2077922077922078,0,3
0.58557352685654973,-0.7325891998240226,-0.34701110781353811,0.80798757412787414,0.56195494873491458,0.17709521633090794,0.06526656647728081,-0.38408293361400048,0.92098891166328867,6.1597012364868453,14.084741002778564,-1.1518339979355472,0.2502258183273025,0.2947877261622233,0.3333333333333333,1,5
-0.74368505295566467,0.6607929766326438,-0.10141589640338175,-0.66430685514273835,-0.74745903982905859,0.0011772799950636043,-0.075026290196806969,0.068246800736684821,0.99484341982470403,2.2064377638315014,-12.202681711797766,1.2053144534895117,,0.2267517093963907,0.3333333333333333,0,4
0.91373715779470333,-0.29957268687880334,-0.27448244341209044,0.34361892201199007,0.93026371165944954,0.12859029203210295,0.21681891730329908,-0.21181508927788423,0.95295536362078714,-10.51124450436599,-5.3196372614933471,-2.8609670285559097,0.2418820428528995,0.2500216933535012,0.7251184834123223,1,5
0.47661699824575493,-0.80885210826376186,-0.34437552749937694,0.8768566270351722,0.46543728837304471,0.12037685083290597,0.062918142118998585,-0.3593416167788186,0.93108265467845475,-12.584498672775164,-3.0480030113058456,-3.8063238554926389,0.1316448347193452,0.119560861932867,0.196969696969697,1,4
-0.91058034722928527,-0.27216749845407912,-0.31107601004423924,0.29584993570313523,-0.95474143648271448,-0.030685583054156078,-0.2886455383064937,-0.11997350644276256,0.94988952566473916,-0.32234170862952599,-4.8654349222925664,-0.45347112974329101,,0.06986519462418243,0.163265306122449,0,5
-0.91709607675998539,-0.24837273679787542,-0.31184253976482307,0.27548351263947912,-0.96023447952066321,-0.045371561616211073,-0.28817289993206502,-0.12751755939953113,0.94904986791502699,7.8056262312473175,25.702796009769855,-1.8766874348916507,,0.1292795712459588,0.5714285714285714,0,3
0.89659394313807528,-0.3057226076335301,-0.32039505038291333,0.38893504222902625,0.88957287695400733,0.2395613272506078,0.21177543307574748,-0.33940209747366323,0.91649188876719179,-2.2737211329151323,9.3539934489252961,-2.8782287514064815,,0.08684822398837137,0.1875,0,3
0.37978258819653521,-0.81429111065276583,-0.43897058308573161,0.92502210075187108,0.3393929727267726,0.17072352850231387,0.0099648794943629423,-0.47089531445489069,0.88213281539748511,-10.890037697087791,24.01086005057234,-7.0356800133149013,,0.1275866027407788,0.3636363636363636,0,1
0.26647839150645158,0.95747055224191724,-0.11063186001190123,-0.94778660275453208,0.28117038391179383,0.15047847304487547,0.1751851092392194,0.064756133303749477,0.98240359359093876,11.730922491115876,2.6899917309172374,1.8144222735959716,,0.1610293183700286,0.4117647058823529,0,1
-0.72559821902980848,-0.61509519438177562,-0.30848845422352006,0.63290140908241921,-0.7725076240473957,0.051650529233849135,-0.27007967513728109,-0.15776524533969519,0.94982477143978916,-7.9862138947779675,-19.024903519768177,-0.40322963472355605,,0.1467594018561358,0.2,0,4
-0.54637728673999242,0.82709287047003688,-0.13186828334470255,-0.83675510069948567,-0.54586861202219028,0.043224528480487301,-0.03623205746348164,0.13395835930094913,0.9903243892711926,12.385529916586806,21.194393407273864,-0.11544251006383904,,0.2122834946305356,0.4375,0,4
0.9165678601089926,0.315166269320105,-0.24611700570677641,-0.285690600549457,0.94675731531063811,0.148430005940454,0.27979320680265463,-0.065732857755003885,0.95780736729179916,-27.268486283500547,10.398180848183864,-9.4961450895488877,,0.1549656097716987,0.8181818181818182,0,2
-0.95333681703629813,0.16472610986133743,-0.25301031997341189,-0.17012948282111109,-0.98542157411455134,-0.00052947579620492942,-0.24940904626360069,0.042539746115228663,0.96746343478310903,-6.6023345810747349,-3.7672952185353163,-2.3203737573180256,,0.09654731491270246,0.2716049382716049,0,5
0.85090288340767639,0.46303505535895351,-0.24811856141214544,-0.44121255122623193,0.88627915219812381,0.14085719370842706,0.28512412673946291,-0.010382768787978927,0.95843436419159833,-14.679422605325438,13.54098981548116,-6.919455480790802,,0.2431108719075137,0.2765957446808511,0,5
