axis_00,axis_01,axis_02,axis_10,axis_11,axis_12,axis_20,axis_21,axis_22,location_x,location_y,location_z,dbh,dbh_approximation,score,reconstructed,number_clusters
0.94831267118395524,-0.085940628907181127,-0.3054787815462659,0.17940017772634506,0.93922844274073247,0.29268670721195184,0.26176068059146856,-0.33236146083722956,0.90609999748727232,-5.1397974393565411,15.705134087629649,-5.6558947499705541,,0.1105271042490852,0.2,0,5
0.96291923332582219,0.15216167212078793,-0.22278549241056511,-0.10117317405561872,0.96917246353606601,0.22465245330275085,0.25010105746022671,-0.19378225269832902,0.94862948488671694,-3.6032333066018847,-16.411565849609858,-2.2946745662351917,,0.2799098970808537,0.2631578947368421,0,2
0.75298437796471374,0.61889934716320893,-0.22355787756652024,-0.58899768503091599,0.78538317868848828,0.19040743068847824,0.29342163105216867,-0.011698748399717714,0.95591154701497616,6.9479687443289011,8.9235275268607861,-0.76642809548181901,,0.08059271322043411,0.3076923076923077,0,3
-0.86559561212532665,0.40705130494136627,-0.29163928304484649,-0.44242122349384921,-0.89447224889985866,0.064675010245337047,-0.23453719805520556,0.18500981350609427,0.9543393901725179,-13.218422982691925,-11.150990339569891,-6.1121023708230604,,0.07659070081566399,0.375,0,1
0.0025227568800161664,-0.91637098988647359,-0.40032217599354974,0.99739972398135401,-0.026527119139442383,0.067008227495445091,-0.072023789817280692,-0.39945027330651328,0.91392125090497245,6.8315706352984691,12.435715940862087,-1.1834615782046345,,0.1706857927046629,0.803921568627451,1,5
0.3882757757934116,-0.8170174753445183,-0.42629141079042937,0.91884751921618868,0.37858504591136755,0.11132205281319439,0.070435490786111124,-0.43492046168691351,0.89770988278160446,-22.015545432185267,8.0895554540995107,-11.437329712686049,,0.3323964426130767,0.5964912280701754,0,5
0.7118467934419701,0.67336162013303724,-0.19964536357801493,-0.6532432038643603,0.73918606225477923,0.16394292291312929,0.25796794233278686,0.013714732957152351,0.96605613026806225,-26.642078104982811,5.9329533904379019,-13.158258978387794,0.2439299151687319,0.2352888118022429,0.36,1,4
0.25706165993265728,-0.89049057581860469,-0.3754275394412579,0.96633028458337489,0.24135108483500789,0.089193244957107551,0.011184099860100744,-0.38571516463216116,0.92255012204384013,-15.841586172656228,6.5018290274381725,-8.8445197327986502,0.2166381585179294,0.4117746030564572,0.4468085106382979,1,5
-0.71130071112625004,-0.61105951068159403,-0.34735798933788992,0.64574134584712317,-0.76328297727293104,0.020425740351707966,-0.27761378318598773,-0.20977457188834975,0.93751011534501461,-33.520464906318708,2.6768988053291896,-15.636322306489848,0.3882470388890553,0.3544522672850547,0.7741935483870968,1,5
-0.90276159405617973,-0.29454034076464353,-0.31347646157151049,0.30190795381561997,-0.95298327637314695,0.025970413473189749,-0.30638715984847087,-0.071195945217060658,0.94924077328391154,16.595579356232403,4.8311441229632184,2.8055889793881459,,0.08088063034234669,0.2173913043478261,0,5
-0.34048286687619156,-0.82898454165826141,-0.44368462566941957,0.92648700407110185,-0.37624147424941101,-0.008011513089557545,-0.16029113715712445,-0.41379582253361746,0.89614718021238204,-4.7521202721888187,8.5027091457439994,-4.8894931737418075,0.4664785495679283,0.2200609940644119,0.1592356687898089,1,5
-0.95247283702783236,-0.067644876064931789,-0.29701795478777282,0.058969782147107991,-0.99753313929368626,0.038081502129043002,-0.29886127135792295,0.018756512283516494,0.95411222281725494,15.981168655332809,7.0144112704276127,2.4047991414253871,,0.09361567703094882,0.1875,0,5
-0.89055264353351737,-0.25117050442746364,-0.37924842359740651,0.33701990792160436,-0.92427490039673876,-0.17925816623270382,-0.30550543491070281,-0.28745310261371659,0.90776491617476085,-6.995363406739366,11.538980606476807,-5.8921602665734492,0.6948288186441961,0.2570099597965042,0.2916666666666667,1,3
0.74041883739879832,-0.58873816600622164,-0.32429510806153689,0.66211084193401704,0.72191633224476515,0.20111201414061186,0.11571161660974329,-0.3636264307306295,0.92433037419294184,-2.8622527633419632,15.94414705885541,-4.9510587573030431,,0.3046364541297127,0.2115384615384615,0,5
-0.41609384852410142,0.87028890291252547,-0.26355859820486838,-0.90712684606407834,-0.41739758177230996,0.053852983951353142,-0.063141067224422989,0.26148897528947734,0.96313899382790014,4.5340717191729007,6.6176607559365905,-1.4436986342683125,,0.07832815578672336,0.2777777777777778,0,5
-0.64823993965688631,-0.64967608717503933,-0.39712210009840571,0.70914972677053034,-0.70504570563493596,-0.0041494562315921267,-0.27729342879866314,-0.28430887203649968,0.91775640538566383,-4.3007724449470226,18.596394650161333,-5.6635658641710585,,0.2808749986064658,0.3333333333333333,0,3
0.20857127227963959,-0.90192935435132282,-0.37818178715937495,0.97792801970267218,0.18741175041756425,0.092377616801009699,-0.01244237357026738,-0.3891018832707327,0.92111069463724449,-6.7485959525367081,-10.148064202328262,-3.8719965513327739,0.4078564740428111,0.2385124123361715,0.5206611570247934,1,6
-0.11672992727920822,-0.92261992595158393,-0.36762289960567834,0.98600042160665125,-0.1520335130873906,0.068476123501653691,-0.11906843691297157,-0.35448312108674812,0.9274504968976518,-4.1540840423394734,13.048706405550551,-5.0212742296893067,,0.07484975445293836,0.4736842105263158,0,5
0.87437814524369051,-0.34894530956522535,-0.33719435056452768,0.42984004337207904,0.87943281505139981,0.20453718714370736,0.22516748485092972,-0.323782480599553,0.91894750068908015,6.4365829726379404,4.8847209901432063,-0.64682046011210192,,0.1690412886992358,0.1509433962264151,1,4
-0.68218611561562137,-0.58533437190151139,-0.43818463771786215,0.67440832264207096,-0.73523856501055407,-0.067806097604340324,-0.2824810046930214,-0.34177174487058565,0.89632391265420164,-22.995099832625669,4.9529589447074498,-11.478655865802262,,0.1996363898277654,0.25,0,2
0.53660920511686927,0.80937756970840624,-0.23865982199933819,-0.81308413739388208,0.57159709352956678,0.1103220204084292,0.2257094293606012,0.13485070382265515,0.96481632509832993,-14.364748364251982,-5.4951547905448823,-7.2357416987162573,,0.1664684304682573,0.1,0,1
0.95543175986638129,0.1730259794083753,-0.23919064088797889,-0.10868145802350937,0.95948577064038798,0.25995268150281553,0.27447858371922895,-0.22237146037293695,0.93552789412774506,-23.440441737691291,5.4326894495900548,-11.724992388843111,,0.5630225783742431,0.1,0,2
-0.38962607297650848,-0.83227393402589411,-0.39434961899051701,0.90217219506266644,-0.43099036806766339,0.018238231512661483,-0.18514009212678359,-0.34866517086448628,0.9187794865544856,-13.497624490502483,-8.4719030659192978,-6.4714362842858417,,0.2461206543845338,0.8405797101449275,1,2
0.47605748998300002,-0.80889728139781847,-0.34504268486421352,0.87578589723803968,0.47168162553967208,0.10254514287480265,0.079801807185346352,-0.35100090067615425,0.93296840208791709,-7.3425281339070958,-8.1658888851222429,-4.2391931560569676,,0.1648649278340364,0.375,1,4
0.78122774992565791,-0.5245518918965083,-0.33842061913230082,0.59207471291156788,0.79442377381666751,0.135419355801046,0.19781490610361027,-0.30616364954494507,0.93119980810808911,-1.1547716938413004,11.318835782375372,-3.8632403015161381,,0.2709957758273199,0.6965811965811965,1,5
-0.5162288045514829,-0.79399257406700208,-0.32106636958392493,0.8305804109781838,-0.55556908903216629,0.038459955944822669,-0.20891146988773954,-0.24681730011979169,0.94627544515902906,-9.8288050682643799,-8.8478903780672091,-5.1492280280955267,,0.1010670614152816,0.4318181818181818,1,3
0.35254572437051107,-0.7803920574257095,-0.5164298102694499,0.93270789080743466,0.33781673225802883,0.12623726007821037,0.075944075829640412,-0.52618256538332353,0.84697367446279359,5.1509518029800869,13.230646677338747,-1.7579253452639534,,0.3306960150449435,0.4130434782608696,0,4
0.92270516520841883,0.26703465717713198,-0.27804256861854093,-0.24263909168249842,0.96273981946523546,0.11940817058952551,0.299568772212987,-0.042714539472371651,0.95311805083760015,-18.688736243135146,11.99135534674461,-10.589905339242888,,0.07577411414839617,0.2380952380952381,0,2
-0.75746796432899233,-0.5736072311905166,-0.31179645177782628,0.59119840035754612,-0.80525939739894148,0.045185775586704356,-0.27699591049322608,-0.15010678607792211,0.94907387401792176,3.0911969991648385,4.4802154146466915,-1.7262094395115271,0.395153787211093,0.2941716798035167,0.9418803418803419,1,5
0.63151562873502187,0.73224044524541276,-0.25497439285193035,-0.72511065525285789,0.67420066542515467,0.14024264821747107,0.27459524450030309,0.096319224909042225,0.95672360617408225,4.3866599459998339,-12.958307538496427,0.20404281184684706,,0.2007635262508589,0.4444444444444444,0,6
-0.91802903289123894,0.3190912067848527,-0.23537947344950355,-0.30004843496097588,-0.94712234802631801,-0.11371101330383662,-0.25921734403054159,-0.033764768941941664,0.96522863039388318,3.208283709651897,-5.8549656518396471,-0.82476809577826427,0.1614611981055507,0.2021437554953204,0.2083333333333333,1,5
0.36831816395824762,0.92458200793369993,-0.097415813417092462,-0.92223443835069652,0.37660141405986863,0.087492946276157016,0.11758133703271394,0.057614976641456768,0.99139051016650537,10.124025481099491,4.6425697494724094,0.65193164785372726,,0.6381735749245321,0.4492753623188406,0,2
0.84242441351962449,0.47229758602735672,-0.25933780622741381,-0.45132593700787155,0.88143913601154089,0.13917596089552792,0.29432296222021592,-0.00019934883629186333,0.95570599776812004,6.6169358553315156,18.332887144991478,-1.781971852768192,0.1956935392784813,0.2888606408845198,0.7741935483870968,1,5
0.30166543663036632,-0.86178801697683527,-0.40782272881454862,0.95248620141907592,0.29127390127962116,0.089048023782724028,0.042047597420894804,-0.41530823279641815,0.90870846332729105,-12.150050438804849,15.168008608178399,-8.2734882186724548,,0.1260793980717863,0.1666666666666667,0,4
-0.58214847178117213,0.77544928055412687,-0.2445026995575553,-0.80386143641449181,-0.59406729698483574,0.029846904341318925,-0.12210629733340868,0.2139216210232551,0.96918914160771907,2.9587481991744013,12.072058880650404,-2.5303910704987786,,0.8186244813073784,0.7816091954022989,0,5
-0.94520052476789163,-0.12078961967578163,-0.30332463757018147,0.12620688302440447,-0.99200238785412276,0.0017564649104916499,-0.30111092749311874,-0.036621445497106699,0.95288565897170241,-2.2292265799011544,-12.569990931756777,-2.135940802281358,,0.05626291053628509,0.3684210526315789,0,1
-0.81577280123306051,-0.42977595847758215,-0.3870495604997401,0.52119228885428148,-0.83637790111334653,-0.16979577311602437,-0.25074555790123448,-0.34024201980929558,0.9062902587741356,-18.491760425569783,7.5336796463409952,-9.923312285054104,0.8156344891906464,0.4460157412078016,0.2857142857142857,1,4
-0.9570952701767701,0.082847168033946927,-0.27767785391350686,-0.062029417179504338,-0.99462132348236254,-0.082950432660500714,-0.2830565229943075,-0.062167271316571494,0.95708632587004661,9.2424716221657448,10.731957907152003,-0.22300777461135002,,0.3431205727666233,0.1,0,4
0.61722548541927802,-0.68536284984796692,-0.3864071223427587,0.76224473154210526,0.64259531844996021,0.077808906575658018,0.1949760738789304,-0.34256243336721703,0.91904042884972714,-19.907901675805167,11.799424679539865,-11.079130641910721,,0.1647899377937042,0.3846153846153846,0,4
0.73442716348672421,0.62150537669508588,-0.27266794507595243,-0.62266418660893663,0.77686871785059797,0.093617871903806507,0.27001120763308023,0.10102505612107206,0.95754262870551021,9.8053165935475146,14.865750585272213,-0.34845237020933528,,0.09750698804038141,0.3888888888888889,0,5
0.55913032805453144,0.81685854598158103,-0.14182874217340072,-0.79516980047328156,0.57678072432269567,0.18716031754906462,0.23468758949913091,0.008130922865400899,0.97203684262914813,-0.44094483652433086,12.656435132961846,-3.7128616586801679,0.303849510427884,0.209905746276162,0.2105263157894737,1,5
0.84939008514356595,0.46994003644437604,-0.24019335004629869,-0.44211039956699677,0.88212534422667199,0.16246006176191358,0.28822712893569818,-0.031799987730076133,0.95703389852494281,-20.191378118939372,5.5606503819858153,-10.455140295010327,0.3928805363406328,0.3641956172729667,0.578125,1,5
-0.88787766639076626,0.37921693062506651,-0.26051443156146115,-0.38920212749708261,-0.92104223272372499,-0.014244630252825675,-0.24534659866448585,0.088745281939935652,0.96536486442027147,-10.826686562195182,11.453009535824043,-7.3021267183022847,,0.1431478546059465,0.2166666666666667,0,1
0.802550108905425,-0.50257484432848487,-0.32145271587605118,0.562413335449929,0.81709951704096784,0.12664761884655223,0.19900895156744977,-0.28243035442320169,0.93841810089981137,-11.410096986173725,-8.9245188816646053,-5.5938448962561118,0.2326117323674986,0.1169680658888316,0.38,1,2
-0.68941894612952559,-0.57178783540765366,-0.44470235888455029,0.67535936583844514,-0.72935718644843894,-0.10921456656649967,-0.26189930067097589,-0.37562849446739993,0.88899493274832952,9.7803292109912476,21.734805105097433,-0.92250740544814203,,0.4714649326464542,0.5789473684210527,0,2
0.81369112770777563,0.5358406326804227,-0.22534765376700153,-0.48494229922137821,0.8394894704164807,0.24512934439952136,0.32052724551203343,-0.090178963336801421,0.94293692231027204,9.055169455288711,6.9370937897904694,0.10889435332249853,,0.3201395444084553,0.5625,0,2
0.95611579489355247,-0.029741285891942009,-0.29147562963061524,0.081326858740068633,0.98268130846400215,0.16650341751131872,0.2814756273685925,-0.18290134474346925,0.94197588572557789,8.1793167105403537,10.765851086519257,-0.56790406504843838,,0.7089071563583317,0.7063953488372093,1,5
-0.72498358855207667,0.6266858550975114,-0.28576849957763845,-0.66534438310166777,-0.74448488999761164,0.055309135233747808,-0.1780888772641756,0.23023268140284767,0.95670124083166153,17.871033010314797,10.057713375684481,2.7645523255720543,,0.4813213851801494,0.8928571428571429,1,5
0.60854002064248547,0.75363396277204675,-0.24842482451024178,-0.75519467722282763,0.64615569778550919,0.11028968090274684,0.24363916510025971,0.12049342046693906,0.96235195892845005,5.4116292316641674,29.881871234673604,-3.0291721469761357,,0.2862086447074168,0.6923076923076923,0,1
-0.84337573922510478,-0.38063021834668298,-0.37925980457710662,0.46812029036912872,-0.86699004330128404,-0.17085566587374176,-0.26378164498545209,-0.32163473335103865,0.90937909700574004,-0.46194649191412179,16.700622646976026,-4.0973514735933909,,0.3027318714665961,0.1777777777777778,0,5
-0.75262460289611055,-0.57323806411984457,-0.3239665553102728,0.59746696513280151,-0.80133575395279333,0.029903762504181662,-0.27674795878284369,-0.17105300722594741,0.94559581007346272,3.1846525289005365,16.083506244068435,-2.703114776965744,,0.1100933387723971,0.5,1,5
-0.68768162904482888,-0.63325933168340831,-0.35507266285949518,0.6662551099298043,-0.74476048029297903,0.037894003301237024,-0.2884408181354951,-0.21050996610529668,0.93407036598088922,-10.928222956103392,7.2437335977257273,-6.9916468317672367,,0.202830706804659,0.2439024390243902,0,3
-0.94984921318948445,0.073859572526536174,-0.3038605531317195,-0.018430938346206276,-0.98323984800821451,-0.18138274945666794,-0.31216465641548141,-0.1666858267369466,0.93529089723466485,-4.4757969114240392,22.294102306473164,-6.1263660494290528,,0.3456712305570655,0.2592592592592592,0,3
-0.92937713157953705,0.24223787119809997,-0.27853000027717567,-0.25366034417631544,-0.96727964406202926,0.0051497549053710692,-0.26816893386323454,0.07543808017602914,0.96041372281429316,-12.915939489828927,-15.392376919110166,-5.7184653145299285,,0.2008870728887019,0.6666666666666666,0,1
0.73706991847924763,-0.55700808389119705,-0.38271390065276256,0.66183454728631463,0.70952140731937652,0.2419801739272249,0.13675879237297403,-0.43164958824883454,0.89161407888912192,2.0886952393753386,7.5836327902387106,-2.3812204110949908,,0.8127955874089219,0.357429718875502,0,3
-0.84407444723817482,-0.41758602793317179,-0.33639297970463883,0.44913414981251903,-0.89328145391133429,-0.018076492199468389,-0.2929451194195849,-0.1663434801038145,0.94154819506767495,-18.895920734454641,3.8127246178167615,-9.8263217012292312,,0.08367280098852299,0.2121212121212121,0,3
0.75222879453798774,-0.56055437484437209,-0.34631002513753728,0.62831625392674961,0.76851896442789047,0.12081923011730741,0.19842007388211133,-0.30847592151984576,0.93030751911564158,-23.307177944958585,3.6847477391975669,-11.454002528326274,0.2947009668114348,0.2101767691436585,0.4404761904761905,1,5
-0.93489001443621711,-0.1823005634512142,-0.30454419297175794,0.18647047239038977,-0.98233669189775863,0.015600855036576058,-0.30200897972403801,-0.042203415936831808,0.95237043625330364,5.3792614734411446,4.1323276407138305,-0.94378846356448209,,0.07764704695202462,0.2804878048780488,0,4
0.9425224409254922,0.20778870024200818,-0.2616778638012569,-0.14386118335526746,0.95917706359234711,0.24348166379007749,0.30158814345970963,-0.19184164493169664,0.93393863556147327,-13.66926416198479,8.4013710375183877,-8.1198088169374056,,0.07026637341134892,0.3703703703703703,0,1
0.95125049341596601,0.094289180783408116,-0.29365293998711134,-0.062070197202174125,0.99116831508061798,0.11718644033987299,0.30210890320406553,-0.093246563300966728,0.94870189682396766,6.2536693970313975,-2.2235066467002049,-0.084882521211970888,,0.07121210853287877,0.3230769230769231,0,5
-0.95552387857997823,-0.014348807089401555,-0.29456447375504519,0.0098068401906758265,-0.9998092468831542,0.016890699583328249,-0.29475064605349066,0.013250720057824784,0.95548232587997095,13.861496174721875,5.3935450721207099,1.8500691101687783,,0.08186469972869484,0.2962962962962963,0,5
-0.70358753460864076,-0.60875074371646587,-0.36658847931704958,0.65385942440420308,-0.75661460746023679,0.0014794916686781559,-0.27826684003154456,-0.23865638018381863,0.93038201720391045,-1.8713292515910585,24.005370280742252,-5.2774949277833763,,0.2318643766048279,0.4528301886792453,0,5
0.45225612658902198,-0.78291646002069448,-0.42720745849219083,0.88660448820889215,0.44670791604212962,0.119935479459347,0.096937492491504643,-0.4330056054763724,0.89616363917283393,5.8023428236183774,16.278013985737719,-1.9289159424389157,,0.1172489048357407,0.2941176470588235,0,5
-0.20049420935154111,-0.87427322593228107,-0.44209546303311653,0.97332138445486116,-0.22914546091981561,0.011740540989205163,-0.11156860929210528,-0.42794705765761548,0.89689116466983732,2.6420670746522332,18.77953411882465,-3.177323229911007,,0.5694734473102893,0.5,0,3
0.92134594519655155,0.29582627924030996,-0.25220718027191036,-0.2445948248764441,0.94540343246278524,0.21537344667169561,0.30215065929687351,-0.13674488070278273,0.94340119603912254,-15.821699328273938,12.2907907228175,-9.3333361400258799,0.4360981271870982,0.4814898252354487,0.6901408450704225,1,2
-0.95274043550381515,0.088721551781406033,-0.29054113100471807,-0.092804439794017868,-0.99568431762097065,0.00027495123331093275,-0.28926285366517424,0.027225464057780192,0.95686246430525157,8.2956804848934347,14.877341600498664,-0.83539197152537115,,0.1465823783071849,0.4827586206896552,0,5
-0.94601896263584095,0.21668228870569434,-0.2410330020861674,-0.19500423614144954,-0.97453329400327882,-0.11071678628829812,-0.25888505213761964,-0.057737722854136427,0.96418094004150567,-2.8529275320318432,21.578134488817138,-5.3893101551204738,,0.4462885855553246,0.4,0,3
-0.8295078617802133,-0.34273647762895149,-0.44096305304108796,0.43824597170625468,-0.8888835225890489,-0.13351610971311037,-0.34620395076899202,-0.304002944347883,0.88753875087218492,2.9768182677481683,-19.099624414713542,0.27827792609173957,,0.5381646061018007,0.4545454545454545,0,3
0.83813111322965062,0.48456023681232385,-0.25047477704713283,-0.47304420753275644,0.87432545292922847,0.10855496340474115,0.27159789166363657,0.02750235009018516,0.96201777841336378,-18.54401116376151,14.41774448645759,-10.668347303066479,,0.2574020351380554,0.3571428571428572,0,2
0.68834951811618805,-0.6091653370626009,-0.39381789323317934,0.70745787748540223,0.68372210088556318,0.17896211985914956,0.16024447726227956,-0.40179805982861494,0.90159859506595241,-13.749714593303098,23.17141797617187,-9.813598837650872,,0.7096599641082526,0.4705882352941176,0,1
0.75231351694348592,-0.5789532219162844,-0.31438438106381766,0.63108748538319492,0.77027497262958355,0.091679072493191807,0.1890845261168706,-0.26737545394678652,0.94485840664615495,2.2179977610931738,-4.0131249938719069,-1.3139917668699179,0.1426199421062081,0.1097855248936255,0.4459459459459459,1,5
-0.92771967960156576,0.2436380629659291,-0.28280150345105803,-0.26071942271550219,-0.96512088515177052,0.023813014566791649,-0.26713588059050403,0.095823646967087298,0.95888281347778026,-1.6836167237158581,21.760317628570256,-4.9571668729696885,,0.07161910404671434,0.3571428571428572,0,1
0.37642653945141225,-0.86619103274345677,-0.32865811292505498,0.9252089746216321,0.3698036150486696,0.085050805854635175,0.047868712915869555,-0.3360928161858851,0.94061161232041934,-14.175387637694946,-15.681242544287505,-6.1394157930730326,,0.1082738693263135,0.35,0,1
-0.18987644759649211,0.95443014169361828,-0.23023909154362804,-0.98176570086971027,-0.18239716844101339,0.053547936846395659,0.0091128065897173247,0.23620833510145051,0.97165970338625118,-25.128311000091273,5.6046253666970394,-12.405758049788091,,0.159967149879773,0.6206896551724138,0,4
-0.67036634429477082,-0.66116211806272773,-0.33685845406590914,0.69746214967243514,-0.71639303309287938,0.018098947767522407,-0.2532893882719367,-0.22281309605764615,0.94138133081872599,-3.1269851586425612,-14.4658930278342,-2.2973945445918091,,0.1344255296076902,0.52,1,5
-0.71494486638184229,0.64229182881180891,-0.27625177768809578,-0.67864902036745989,-0.73253352630759261,0.053199060044810391,-0.16819436729135143,0.22551239317817193,0.95961180449935934,7.3472765679451344,3.8700174465545771,-0.23888993099066894,0.2726180382709689,0.2347152318979007,0.6051282051282051,1,5
0.8087505204200135,0.54689755805881357,-0.21639236749401408,-0.51997054258842823,0.83678992885636605,0.1715029148581835,0.27486947913628584,-0.026185414907248003,0.96112491044893977,2.2149461918881244,-7.8773942872430567,-0.95670830098850967,,0.6955911869200151,0.6026490066225165,0,2
0.68120062679355653,-0.60090188745232709,-0.4181897030204077,0.71482266310231868,0.66928865336155419,0.20268512228771468,0.15809575064300352,-0.4370007095391355,0.88545813762758829,-11.637463918576811,17.881323945018405,-8.3036769226411327,,0.1086375072147086,0.3636363636363636,0,3
-0.61098378631423178,-0.64758276486880528,-0.45534094424507826,0.74910894985903553,-0.65894556517792913,-0.068018551685790782,-0.25599725409116897,-0.38265820881984691,0.88771510132506382,0.5307466994828659,3.9229269077574145,-2.5862936878079044,,0.3310852531655328,0.1578947368421053,0,5
0.28469756903646953,0.92487076406060542,-0.25211379171055864,-0.94555248616397813,0.31420420735454607,0.084889410351464217,0.15772694789997832,0.2142190137841451,0.9639670243527545,-11.813971783327164,-9.973718886882093,-5.7670259880174459,,0.06965768067542807,0.1875,0,1
0.41877227834631048,-0.78926118721041794,-0.4491063985870612,0.90670036390634223,0.39077792693577829,0.15870432228480591,0.050241705591514536,-0.47366590565817107,0.87927036845118245,4.6429421054635203,14.406324126362689,-2.1022153912681367,,0.2375591966303461,0.4285714285714285,0,4
0.95445385862392584,0.073327053922621593,-0.28920749457945971,-0.04029316726365692,0.99212761825492291,0.11857170728161263,0.29562525675212903,-0.10151813758556852,0.94989461273943199,-2.924458312605124,12.292392229768845,-4.5693654450862997,0.5781384774820494,0.5240284494691829,0.9585152838427947,1,5
-0.23485681575634193,0.9556514216276194,-0.17768690563432551,-0.97189434232595184,-0.23392095820559278,0.026502314370304366,-0.016237716822164704,0.17891714745458959,0.98373014129847403,3.7062540001284807,7.7955893223223711,-1.7782429224642007,0.1317016175667851,0.1643975568691977,0.2807017543859649,1,4
0.082038216527136429,-0.92660520079250563,-0.36697756456400543,0.99537652965732781,0.057722458577865808,0.076770319675396284,-0.049952930208173513,-0.37157895478620506,0.92705651668256461,-5.420100033597536,-10.237676507682552,-3.3964816295444789,0.5725328862143162,0.480416805984062,0.9133333333333333,1,5
-0.8984633020581565,-0.31891339693258797,-0.30175808209834154,0.32068015455057208,-0.94611329077833484,0.045098553081093888,-0.29987986483285756,-0.056248433484895811,0.95231726877040301,0.60918601748048251,-12.137080161101425,-1.1275431525093034,0.4430328384063055,0.386338556444965,0.8319327731092437,1,5
-0.1110394302842222,-0.88561391796322342,-0.45095258423917034,0.98680715464674795,-0.15204728069755047,0.055617119401050755,-0.1178214091756918,-0.43882754328131118,0.89081339392576742,6.514855720308339,14.181921166467578,-1.4474710284655212,,0.2885133799879004,0.4444444444444444,1,5
0.94373632353529668,0.16497441970588428,-0.28660982621464631,-0.097359525866545227,0.96687391810552303,0.23595751568940593,0.31604251986579984,-0.19477748157829103,0.92853586807774691,-7.7282175618216984,16.050932467718521,-6.6875392983543485,,0.2688421978594371,0.2592592592592592,0,3
-0.93743715323348442,0.25765767841764126,-0.23414547719299089,-0.22847620119699805,-0.96273960792581192,-0.14467575061994109,-0.26269794293844578,-0.082127754646562134,0.96137652493319403,-10.619416047326853,10.370567517102591,-7.1609209564502381,,0.5383936462071038,0.6571428571428571,0,4
0.95687070329718316,0.11964858834643485,-0.26473132130192001,-0.076217056443425329,0.98272194426193948,0.16866695163289511,0.28033804144042734,-0.14121542257394928,0.9494571011628733,-13.079757822662458,12.790857783759144,-8.3467227545987708,,0.1998462442515206,0.3,0,5
-0.42236306248927152,-0.7971528540533811,-0.43145888647614239,0.89180316023106898,-0.45061027545675109,-0.0404660728841904,-0.16216216219131324,-0.40186777293948256,0.90122457036306913,10.429188372346736,-4.2271746704616584,1.4573673647644203,,0.5015713856765799,0.2052980132450331,0,3
-0.72956903446695709,-0.59652213993821157,-0.33450016518753534,0.64079296359161209,-0.7671449001716879,-0.029547926357854463,-0.2389841035684809,-0.23590260427580523,0.94193235401352582,-1.268724291026863,3.9819554415662703,-3.2247675493316708,,0.1940551292638448,0.4489795918367347,0,4
0.5094779861370522,-0.79824217793841945,-0.32131232002813193,0.8549470056441103,0.51187631936884581,0.083953863577385351,0.097456652835508001,-0.31747765122844507,0.94324447615057183,11.92308529817794,7.3386946710807992,1.0573569795911,,0.07742451303771822,0.3,0,5
-0.93096769905355825,-0.13369290888231558,-0.33974306384900305,0.2044397706136955,-0.96186733920853518,-0.18170195913999215,-0.30249549337195497,-0.23861564885496656,0.92279957120231715,-9.7212179662767522,9.5733857910468956,-6.7816119982716128,,0.2501073904756185,0.2380952380952381,0,1
-0.39657277917176237,0.90470216267092773,-0.15570493787459144,-0.91650028274194528,-0.39988869478419981,0.010782556177578765,-0.052509642485149027,0.14697968785629825,0.98774475893509373,-8.8089797371617333,-23.709251137485722,-3.3648552670296512,0.4908058597293735,0.2884872382565835,0.5333333333333333,1,5
0.49084658825362348,0.82603419854363802,-0.27701467404479968,-0.84509197847059359,0.52872481950011663,0.079180888914086256,0.21187065564734064,0.19523720977553818,0.95759764890825994,4.0293089303039133,-4.6974626820061873,-0.61467516974440217,0.3464351675775728,0.2324736844224156,0.6911196911196911,1,5
0.92936967297607342,-0.13466156636623022,-0.34371248667475013,0.20718515927718006,0.96089068019219748,0.18374822582834743,0.30552630120439128,-0.24198215484528871,0.92092253529208112,-15.818269817674768,11.296192646444277,-9.2548981179415541,0.4591741809112467,0.380375494140493,0.8482758620689655,1,5
0.82868734663538324,0.48024904731303719,-0.28746849232799099,-0.47620631931984608,0.87484227670055559,0.088761096980785645,0.29411702257137845,0.063339114710484881,0.95366835618124546,-3.5325383304208118,4.3941923351730345,-4.0123356909977277,0.3052781451098968,0.2328958231804133,0.9112271540469974,1,5
-0.64711850983778507,-0.67717285904212121,-0.35024927295005892,0.72171606314787207,-0.69217251486318654,0.0048097673860854123,-0.245689964019008,-0.24966803689037106,0.93664417626740593,-6.6114015917695639,-12.899482333165285,-3.5616480420064494,0.2407320402812162,0.1465929892391919,0.5925925925925926,1,4
0.59161676683606357,0.78302553482287163,-0.19199117952082975,-0.76109248837397225,0.62098896249074009,0.18737911464565374,0.26594703483806259,0.03526641858809678,0.96334233498835276,11.969698119955725,-4.9456043013277453,2.0266668115770865,,0.544859632267821,0.6923076923076923,0,2
0.95186502219432523,-0.051906811899509853,-0.30209048710846098,0.13224841683414063,0.95865232205237727,0.25198428853491855,0.27652004586984597,-0.27980601905965963,0.91937220750364468,-6.554524264282688,16.455838955029485,-6.330692999094925,,0.2787536103026347,0.3125,0,6
-0.60071055815775121,-0.73015530611075152,-0.32560720857517561,0.761047506631638,-0.647004421424202,0.046818493219023066,-0.24485407484371099,-0.21967819103372097,0.94434526229371318,6.1383092482366166,-9.7882870509479201,0.50319881317021353,,0.07618810556051789,0.32,0,5
0.86275937496113553,-0.38807501470071853,-0.32410498897997342,0.44672899616879286,0.88529894592918801,0.12914712663737887,0.23681103204600523,-0.2562099906360128,0.93716432699905983,0.10967140803201451,9.5891404190211844,-3.2402743449262781,,0.1534810863744004,0.3768115942028986,1,4
0.85615946931801423,0.4689395346684479,-0.21699464491557546,-0.42380326746226554,0.87754283931302635,0.22429747136055667,0.29560404866206508,-0.10007136451239161,0.9500547186447863,11.855237498727655,10.750037961107978,0.69906124219549515,,0.1735859609586926,0.2,0,1
0.94727556527878032,-0.18640863828269671,-0.26061623702171244,0.23649223077492668,0.95553570276977606,0.17613331744836982,0.21619534733399207,-0.22848050311976328,0.94923981768848786,-12.99249916919578,9.5167343535790963,-7.9763843212338186,,0.3309896065372804,0.775,0,5
0.059821595789633177,-0.91614412063302819,-0.39636009752082518,0.99679210279837704,0.033676069167388807,0.072604587762915521,-0.053168416150675454,-0.39943193737477922,0.91521978066968124,-10.531115393265425,18.572794668484526,-7.9552247049686944,,0.08803550043476278,0.3636363636363636,0,3
-0.77525548533551658,-0.50958773188984274,-0.37322818216817283,0.56692524935922761,-0.82190370753897612,-0.055408096634538911,-0.27852234038972568,-0.25454791109150937,0.92608350965924169,-14.642720474072439,8.5396304818478903,-8.4835064213635007,,0.1609693458585331,0.2380952380952381,0,3
0.32591466062489954,-0.89074369825106081,-0.31678904339604058,0.94503046311631589,0.31631089665305911,0.082854332660985353,0.026401851675896718,-0.32637873810124279,0.94487028821078012,0.3515593491053704,19.015492811765565,-3.9368715430344934,0.3534865320809636,0.3235228992576089,0.9113924050632911,1,5
-0.91906485960298023,-0.2522942800271028,-0.30276621361796718,0.25358634944796643,-0.96665254818578361,0.035732540625950021,-0.30168484750913249,-0.04393685641391689,0.9523947739419063,-1.8337824223676689,-11.313073213367366,-2.0219652186688259,0.2358277453249853,0.1662798456429768,0.4358974358974359,1,5
-0.93748393047261736,0.21739937598221978,-0.27177452314032968,-0.21599891303140842,-0.9757501744553202,-0.035441030172123217,-0.2728888962102749,0.025477605322180012,0.96170813761358187,5.3096379948595986,10.676598360098579,-1.5699676819982242,,0.431032644222284,0.4754098360655737,1,5
-0.84126129593871168,0.4969780171359971,-0.21281983563355208,-0.49234093241501253,-0.86688536924277249,-0.078167530737112023,-0.22333794622552511,0.039020598104000805,0.97395972950598442,-25.019751659743939,2.9468477779864153,-12.075245842961898,,0.6117096741660779,0.5,0,1
-0.65266036891286472,-0.68741833592368318,-0.31857569632104488,0.71426429375753231,-0.6984974098470913,0.043907711167383352,-0.25270726446538377,-0.19889042177244132,0.94687994941999032,1.7513876683573868,-6.2641327128400137,-1.2753884866583931,0.2722134330442113,0.2278089431774407,0.7552742616033755,1,5
0.024081716299858412,-0.93768252497624982,-0.34665768892989995,0.99737352623136877,-0.001158817578691515,0.072420344618244564,-0.068309004625006234,-0.34749120779666565,0.93519182010492197,-15.829948715726081,13.600314843344837,-9.426685407623415,,0.06943517580536462,0.3571428571428572,0,2
0.89541162851441081,0.36363675862826289,-0.2569169579757285,-0.3268579043170482,0.92867907393042826,0.17526861678346745,0.30232751430632149,-0.072962219114095062,0.95040759081317761,-14.251633268599589,27.244987360509317,-10.227001643318179,,0.1360888788723292,0.2222222222222222,0,2
-0.84720855647487814,0.47177422496035049,-0.24426776803093181,-0.47185031615389572,-0.8794901062481103,-0.062084073297060359,-0.24412075082061541,0.062659665453518629,0.9677183605491998,14.481015165458322,7.6654146498548528,1.9217056759706099,,0.1684906483180731,0.1764705882352941,0,5
0.57467432329281987,0.7999032765581352,-0.17292822296982088,-0.78007654043692021,0.59929753032154032,0.17978615411223703,0.24744699070287049,0.031578763466333773,0.96838668335021616,10.889374484295828,2.9592943359310522,1.0383827424691716,,0.4022182016709821,0.25,0,3
0.94823667456661143,-0.083404690486750574,-0.30641616571529512,0.1542785174780954,0.96436535034580328,0.21493629311304344,0.27757043800018549,-0.25108390760306498,0.92731414487818531,1.2797334501205144,-18.421133087488002,-0.34848683771290667,,0.1798473586883576,0.2380952380952381,0,5
0.89592236619063914,-0.28906256752095683,-0.33729207790512816,0.36744515333094407,0.90893007243995871,0.19705375588374408,0.24961404818832947,-0.30048120652127913,0.92054542064721134,2.7244336155005029,14.270084927983838,-2.7805728707116049,,0.28112515684281,0.6075949367088608,1,5
0.13618104172294468,-0.92679199999386497,-0.35001616051637913,0.99000847668134151,0.1142667199989196,0.082621624286744272,-0.036577861806631418,-0.3577704647508827,0.93309289707809595,-7.4568943179243021,23.265465589221801,-7.3047054628920334,0.2389088748903356,0.177475283881694,0.5294117647058824,1,4
-0.19344313923842948,-0.92624975772690787,-0.32348282518926097,0.97297859765111683,-0.22347752369761084,0.05805553302527542,-0.12606506413137109,-0.30351142105829909,0.94445138408111018,3.8498851244331109,10.164497679080132,-2.0809918311344484,0.3305711117735872,0.2496503829746021,0.8409090909090909,1,5
-0.9018182567526245,-0.28478784512282451,-0.32499186921822515,0.31214555398377736,-0.94941840042452275,-0.034203129440169469,-0.29881262509442014,-0.13228977362456423,0.94509810648341863,-20.510746572839317,7.297992840138539,-10.775845268915418,,0.1387860150867956,0.4375,0,3
-0.36127214409933012,-0.83188830600890873,-0.42124136100755921,0.90732250172204243,-0.417805662390557,0.046950040929065642,-0.21505421587759252,-0.36524002354618212,0.90573252642999269,-26.306121654813385,3.7541945217427828,-12.82199515550141,,0.4754298392116699,0.4210526315789473,0,2
-0.1718516192832642,-0.92412223146596528,-0.34126986720201991,0.97726767419696081,-0.20358519394497096,0.059168925763865989,-0.12415681181224567,-0.32334373369025232,0.93810122905999049,-20.65599574825502,8.2411950231829945,-10.942531822145888,,0.1640558226475775,0.4117647058823529,0,4
-0.40741138538416949,-0.76856493595739417,-0.49327872676222295,0.89289382481263146,-0.44861997487658561,-0.038480329432092265,-0.19172005808162706,-0.45612285336139397,0.86901977075935333,-20.166669210439721,15.143315162215696,-11.395392321730581,,0.3342844476035366,0.1538461538461539,0,1
-0.080857636046078957,-0.91869804944286093,-0.38659531378810397,0.99241271422943833,-0.11024861571533587,0.054426531844413678,-0.092623146830576986,-0.37926130396170782,0.92064206724897513,-7.3605110224202068,-1.2524547324237087,-4.8748878165570835,0.4621947004244513,0.264303207589179,0.8628192999053926,1,5
-0.95302483597257226,-0.030686409443549202,-0.30133371250976226,0.049194769108461718,-0.99732703307816672,-0.054024659035175622,-0.29887043465658891,-0.066310884226985653,0.95198704293767467,10.13418269901115,20.676438584435058,-0.69110970328643706,,0.1900060062717247,0.5,0,3
-0.77221271089943866,-0.54971957019169437,-0.31858424831369125,0.56884149591668298,-0.82153360671929965,0.038754168215169416,-0.28303159125548322,-0.15129747909016328,0.94710199618222279,-18.01305715278577,4.308817734555328,-9.4722204545997748,0.4290868302265237,0.5164592602915696,0.963302752293578,1,5
0.69751718317161637,-0.58249542768751139,-0.41733542373428673,0.69893458270456121,0.68146471127470598,0.21701681130014153,0.157988063726137,-0.44306311515451602,0.88245954451727782,-0.83748162363416323,-3.1693537645263756,-2.3873666455719476,0.1846139572201387,0.1157308457184999,0.2905982905982906,1,5
0.95068253155119498,0.21325178072262813,-0.22522522554553825,-0.17218165202891048,0.96683236877568024,0.18864954119265903,0.25798488891407112,-0.14056617198399379,0.9558686878362318,-2.2965769584280364,24.82904671862039,-5.4158343936294351,,0.1993149484401911,0.2941176470588235,0,2
-0.93487089993713723,-0.13960637233357409,-0.32638391696679231,0.17324279313938964,-0.98192546961538485,-0.076218808347197242,-0.30984404960558654,-0.12779840736278222,0.94215934533365742,-2.3478469049575512,8.1863533224414713,-3.9582745902093692,0.8456377289405098,0.7158479860365132,0.8951048951048951,1,2
-0.73627352929255252,-0.48141581120830473,-0.47554190854407252,0.61916019741728112,-0.76282345679052732,-0.18638944096794693,-0.27302369860010767,-0.43167023349867473,0.85972022746584098,-25.947808888906582,15.769826878189923,-13.836180095795422,,0.1253614252741448,0.3333333333333333,0,1
0.44646447804423611,-0.79445014223068244,-0.41172617278275592,0.89190397393529564,0.43210888221670496,0.13337621672493127,0.071949781953206685,-0.42676795266172191,0.90149450550616639,-8.678252024225193,15.655862375731315,-6.9880441209807396,,0.1136017738819014,0.2666666666666667,0,1
0.78515263544333669,-0.50797667926031431,-0.35425278034765872,0.58643644590921973,0.79370486721467293,0.16163192342201704,0.19906690826389359,-0.33465247210711285,0.92107550664799043,-23.291384907870725,16.105760822003536,-12.906356243400287,,0.1394152467056879,0.3076923076923077,0,1
0.90841334973941856,-0.28420271453254309,-0.30661702996987011,0.36615512705298475,0.89481887968111995,0.25540085258087603,0.20178109165138078,-0.34427894158452355,0.9169276969496658,6.4990260789744978,6.2566297698298916,-0.7600799693871908,,0.6574987052461139,0.3245033112582781,0,3
-0.4587165573411342,0.88834194661755106,-0.020681051734370685,-0.88530771016319565,-0.45889849771180341,-0.075116090975569191,-0.076219278051540981,-0.016147900098514106,0.99696031364127613,6.4534778362982497,-11.084439393548084,0.76193186026070547,,0.4185079965235937,0.4807692307692308,0,1
-0.092158344689408742,0.98385603560916823,-0.15340841143665693,-0.99472605834412176,-0.083999140062818056,0.058857568076436613,0.045021198954197518,0.15802356047158769,0.9864084579831055,-23.718230929344074,12.802834228354239,-12.800129493672577,,0.4481123013859821,0.425531914893617,0,1
0.86749691022595776,-0.36738695301985075,-0.33537432444837956,0.4473223599313228,0.87106324913771782,0.20285837992824843,0.21760472663499034,-0.32599945207382136,0.91998507607117153,-6.5599104215431501,-8.9525574572919737,-3.8531087507468822,,0.3923449781028682,0.2903225806451613,0,2
-0.46753656365579949,-0.76106195321823999,-0.44966016613500881,0.85920413347686475,-0.51082279275424436,-0.028780747367346472,-0.20779273004894941,-0.39980592512666835,0.89273590919846657,-11.837821136940066,8.706920591366341,-7.4495823812606083,,0.435883511306884,0.3142857142857143,0,1
0.34604461126389413,-0.7491836230115968,-0.56478051137272489,0.93746809455994107,0.30016609884337769,0.17622112469082277,0.037505982154469937,-0.59044408043130026,0.80620660452905191,-14.840149340098746,9.7182924732895426,-8.630592906943356,,0.5415114212920484,0.2727272727272727,0,2
