axis_00,axis_01,axis_02,axis_10,axis_11,axis_12,axis_20,axis_21,axis_22,location_x,location_y,location_z,dbh,dbh_approximation,score,reconstructed,number_clusters
-0.87104401126157061,0.4113214905068921,-0.26850877433063747,-0.44149911281452936,-0.89519226946849273,0.060904302539578223,-0.21531573056638484,0.17159671363705573,0.96134993838852767,-17.843722117076982,17.31344144917049,-7.6278819345525477,,0.1678006858587653,0.4545454545454545,0,1
-0.57878315205947417,0.80803483871660597,-0.10995345520868559,-0.81125286941928088,-0.58423728879784964,-0.023142433690543987,-0.082938801239726773,0.075805605322870243,0.99366728106069335,-15.126031756130672,8.6583044747996283,-6.108860964798974,0.1556788182984046,0.1993553937182375,0.4761904761904762,1,2
-0.49419768532557512,0.84179141122226708,-0.21715401863945932,-0.86741941199972805,-0.49410514954666301,0.058682747699087122,-0.05789828585449415,0.21736448924305152,0.97437183216224899,25.4399132089879,-0.17802332792250908,4.1165814760360107,0.2337711010211821,0.1944544294788074,0.5,1,5
0.071706392243102587,0.96176319942167854,-0.26432885114881732,-0.99001974927479641,0.10086388016843242,0.098424456936456656,0.12132225417188162,0.25463312022504736,0.95939714650769581,6.2373774829987756,2.9209161179382619,-0.19756753119408665,0.2012668083099326,0.1413225667320676,0.5784313725490197,1,5
-0.54954522468413236,-0.77645211425523009,-0.30841880665006638,0.79949551200170221,-0.59589279512745974,0.075622106584786394,-0.2425014893067752,-0.20502168417942482,0.94824002061726442,3.7902446386861954,1.5184325396649219,-0.6720628469021106,0.2639021295019384,0.2061256059095633,0.7746031746031746,1,5
0.54575292769933603,-0.741268725503473,-0.39073573998043865,0.83413341192399726,0.52502253619994732,0.16903487094149169,0.079844805840049479,-0.41817701165012955,0.90484959739601645,4.1574727759016579,10.261224338100751,-1.2426800861079956,,0.628569231262469,0.1052631578947368,0,4
-0.92618858179144714,0.28996278021055322,-0.24103173453243451,-0.2751440993613492,-0.95681731719187191,-0.093788837866669666,-0.25781860977396392,-0.02054769121616816,0.96597482205278273,5.0758157861979587,1.1306985277430515,-0.31771792029249601,,0.2546598234602492,0.1886792452830189,0,5
-0.17512867764303114,0.96466514312008433,-0.19685301093991761,-0.98350133455350497,-0.16220413047600557,0.080093351709103616,0.04533289311833668,0.20763184174309823,0.97715605053435117,-20.071971509661882,17.847764133801107,-8.2335352994601489,,0.2255021307988915,0.5588235294117647,1,4
-0.67288715637404817,0.72055085403199126,-0.16741965697198047,-0.72656168090829754,-0.68628410176840327,-0.033500082024459601,-0.13903596161625589,0.099098932454916661,0.98531639738905175,3.5723945221274809,-8.1946238923196937,-0.12059711645749263,,0.3177007707973712,0.2380952380952381,0,4
-0.46719212350181294,0.84540859185261719,-0.25887416356145138,-0.88255438979723655,-0.46352319564560207,0.079018960687392892,-0.05319087127970009,0.26538756549669618,0.96267344997784321,4.5664928529244522,5.2606860749370261,-0.80495794668612641,0.2100484636569495,0.2032232213377867,0.6601941747572816,1,5
-0.23720707889633252,-0.92234100369040806,-0.30499159764301531,0.95760241078188346,-0.27483864846810702,0.086379049386693274,-0.16349441759948108,-0.2715709671883102,0.94842964166785293,9.0300148806886273,5.711695050434324,0.24985809489008753,0.4060086508784873,0.3391638519558179,0.8652482269503546,1,5
0.19211971619211113,0.95363750699267624,-0.23165819628723452,-0.9690880717363517,0.2215849712691057,0.10848230144123915,0.1547847662678111,0.20365560577715963,0.96672957457965281,12.04929221550449,8.6475731280400208,0.66201774998040153,0.2416936233330071,0.2096228974833467,0.8048780487804879,1,5
-0.93988201453387465,-0.1705443917883768,-0.2958655255099491,0.18353211137594383,-0.98287563512300313,-0.016475738995303947,-0.28798917141037422,-0.069786075338034811,0.95508750428391687,-1.2345766336277981,-11.751926819820033,-1.0359063692226178,0.1470778166321054,0.1256822237029981,0.3846153846153846,1,5
0.74309424244375422,0.65165242808240831,-0.15218429558020577,-0.60992120280278328,0.75310522936747737,0.24663462828841387,0.27533084320240614,-0.090452343660402446,0.95708479264263291,10.801241225351831,11.341323400026489,0.278801772693197,,0.2791280462794186,0.1904761904761905,0,9
-0.94007216423170359,0.22524758664384154,-0.25598408299706332,-0.2413463878810006,-0.96988149143739988,0.03289093528557039,-0.24086562040589338,0.09270068650388251,0.96612128411923248,21.484080571523108,-6.2348770120119887,3.59816626039777,0.1604208545930511,0.1257192685500467,0.5238095238095238,1,5
0.56737300954249936,-0.74314261773676238,-0.35472090119703925,0.81643690471009256,0.56380908609435154,0.12470002030816077,0.10732496759883346,-0.3603586604215373,0.92661911656791607,11.788289306231931,1.8839310750517804,1.1544771390409654,0.1640718673251287,0.1484048037933307,0.2105263157894737,1,7
-0.39175333680792723,0.90318675585295038,-0.17545086819870556,-0.91986551107606285,-0.38850196053352881,0.053978404889180952,-0.019410425874530443,0.18253742277524701,0.98300728616523625,24.965678802343437,7.8407718956812475,3.9018177622120356,,0.2800440203116548,0.4666666666666667,0,3
0.94487188938342326,0.16031455422351881,-0.28551069394527895,-0.10914215345526521,0.97628071140685113,0.18698653126383186,0.30871524580452397,-0.14551706511281445,0.93995727603375989,18.883028339427558,-6.0239927815701098,3.0614441607707241,,0.4396948776942737,0.62,0,4
0.4648069270177812,-0.82184787048324259,-0.32942464749688583,0.88414456363805882,0.45072141019158107,0.12303902220100753,0.047359383289422415,-0.3484484010252783,0.93613076043754351,3.9289381480596703,-13.355009236506952,0.21886933951293694,,0.1736183234741674,0.6607142857142857,1,5
0.79854894601836923,-0.49988251983865228,-0.33531633895876861,0.58114316517535125,0.78539804016247583,0.21312564387918476,0.15681901154811118,-0.36505805684671894,0.91768208697150244,4.7740357760217327,17.39024531624662,-1.7211728481412325,,0.2548505247936114,0.2857142857142857,0,5
0.95151204701156655,0.14268970211110266,-0.27251508821219872,-0.098342674521072648,0.98051948059159277,0.17003019304945508,0.29146791034331737,-0.13498591442012525,0.94700858504464591,17.878829285302402,-20.656105579997035,4.015396916068406,,0.1939049133974888,0.5862068965517241,1,4
0.43399721177705508,0.87287726008611555,-0.22300607389553179,-0.87514435774378641,0.46724386195982465,0.12572003249317623,0.21393637670802731,0.14060036374570928,0.96667614247772604,19.748302520338573,3.734745713177023,2.805138474224468,0.2714435274744386,0.2572582645922636,0.7142857142857143,1,4
-0.74145544477069081,-0.57327535217484038,-0.34871075981206684,0.61034032747991107,-0.79212657116746721,0.0044922046019347421,-0.27879832867435039,-0.20950146977833708,0.93721962532221059,-17.7284199879361,14.913566992717778,-7.3236781749531437,,0.1533098948533403,0.25,0,5
0.81644842151740593,0.51579879246015126,-0.25954494928313637,-0.4984194767525153,0.85648157833412863,0.13422865255983271,0.291530444714587,0.019771486310575282,0.956357196937204,1.8889367658566316,12.891216142976287,-2.0455773111698177,0.1840899772842867,0.2251994144390839,0.8088235294117647,1,5
-0.16440783542668669,0.96063417865743794,-0.22394650800014831,-0.98502548260344358,-0.1479441700716323,0.088528646006070535,0.051912062877174536,0.23514782018331559,0.9705723262028807,-13.083409463925342,4.862769301113878,-5.1626581835779266,0.1611791099713282,0.1184685626484804,0.5863309352517986,1,2
0.84402683354731556,0.50134770246317395,-0.19044470453911178,-0.43940006266570586,0.85005320053683064,0.29040857629633648,0.30748380312053275,-0.16143121597754329,0.93775992307548839,-9.6615271997849952,12.558773230032186,-5.05699815564435,,0.1127568794975384,0.625,0,5
0.88108365842026826,0.40384893664041266,-0.24616584498903124,-0.37063021213965919,0.91288899016747538,0.17107582377506722,0.29381087916220361,-0.059495613329174205,0.95401018824775585,-8.0463453049633742,13.8973790902507,-4.7153540988052463,,0.1463013392155428,0.3626373626373626,0,5
-0.2436985368409206,-0.91470128096008352,-0.32238577783701233,0.95579254146033987,-0.28290189409274752,0.080169420651015205,-0.16453461894196597,-0.2885967514174701,0.9432074396657949,5.9500204824815466,10.837908808109409,-0.81535492986902203,0.2879894988520858,0.2877232660581092,0.7272727272727273,1,5
0.32259042998376192,0.9134562764694073,-0.24805855248617459,-0.92749162251026529,0.35736041690525,0.10978534785015738,0.18893042279147573,0.1946565267540509,0.96250409450343799,10.866851605791972,-18.384541418246116,2.2696334668169236,0.2045736881058597,0.1612327087702675,0.3333333333333333,1,5
0.82040486006322977,-0.48984097897559276,-0.29494352154414943,0.53839468926377532,0.83548017762584326,0.11001832286874362,0.19252798279001959,-0.24905559240964895,0.94915977987496081,-17.119425416234268,12.396194254761488,-6.9918904851693826,,0.4094966244585854,0.6951219512195121,1,5
-0.72964842104172423,-0.58754610816235098,-0.34986104735250589,0.62744739077785627,-0.77865842591179646,-0.00090970468968409564,-0.27188775896935402,-0.22018316588658035,0.93680116352552867,10.529089579027669,3.8999703114633197,0.7116988322397122,,0.3328030937085893,0.5258620689655172,0,5
-0.32804413033082186,0.92504557145364907,-0.19151433181223382,-0.94396006103214614,-0.31317698163159624,0.10420931509375519,0.036420485055548804,0.21496713448830848,0.97594194466587203,-9.859743943146885,2.9642083581949468,-4.2012697090439541,0.7427055107532347,0.3185539164081517,0.4315068493150685,1,3
0.72480451636265586,0.6486451031965671,-0.23220237543877981,-0.63020735816230566,0.76039408637212158,0.15696980323742082,0.27838300734488897,0.032563223265245245,0.95991798488839364,15.178536198045856,3.7458037383414333,1.7627642907862489,0.2232485665715452,0.1253936500704483,0.2352941176470588,1,5
0.75660218088784248,-0.57934300498088476,-0.30317457422329974,0.63269596054748456,0.76569853728807102,0.11576515668284777,0.16507259428099041,-0.27940549846885077,0.94587716223763274,5.8148534682421227,-11.136597459793169,0.62953018120057824,,0.07474775156029549,0.225,0,5
0.8356211349359135,0.502751734868777,-0.2213097646622281,-0.46789877141281472,0.86251810646080052,0.19269991109923626,0.28776389377195055,-0.057473551427677745,0.95597527809431138,-14.353289127754191,21.141395214061049,-6.9729136464798902,,0.135527492802608,0.2,0,4
-0.78082966324850855,0.56722462117651007,-0.26184206331753612,-0.58506787582132935,-0.81089666376046232,-0.011923983565425058,-0.21909043263715905,0.14388477971389332,0.96503707311872056,-2.317435517149419,-12.516644007524667,-1.2490741659751832,0.8631196026483474,0.4929244792103206,0.4444444444444444,1,4
-0.36886624218444641,-0.76270935096246861,-0.53123642696179596,0.90871377215191695,-0.41606400954541406,-0.033615774012029392,-0.19538929263948837,-0.49514158168689876,0.84655645907785582,7.5645026843426466,-5.3037504976260728,0.61120498745968332,,0.2762528546245621,0.1,0,3
0.95650503009262655,0.12994997754780246,-0.26117260718312363,-0.042456117270670786,0.94777844846355741,0.31609095326236714,0.28860978069671106,-0.29125421192377382,0.91207202485486827,9.7967589004637112,-5.5673135611409386,1.084941596356416,,0.4801538299976702,0.5,0,5
-0.51561865407016061,-0.78703847790940695,-0.33868545564419977,0.82183472591014362,-0.56608570514541168,0.064301304172001514,-0.24233259554396394,-0.24518851669697972,0.9386999011488496,2.2405652543831147,17.276189089766117,-2.3254928077326658,,0.08257751135027459,0.3076923076923077,0,5
-0.80064480950939598,0.53929907185437753,-0.26100651352537241,-0.57069816002400831,-0.81909521524801854,0.058194832270691735,-0.18240476734689454,0.19554932742101078,0.9635813205922561,6.2093321364389169,1.5706011351635973,-0.10042126085709793,0.2069433607164719,0.142423068807987,0.5471698113207547,1,5
-0.95795778184946434,0.0063256460900135338,-0.28683945752911855,-0.0082303828595940258,-0.99995135868538898,0.0054351689237813758,-0.28679112432577064,0.0075674609209056571,0.957963248012768,-11.351059465947868,2.8744072115770676,-4.6409622414841856,,0.08159056647306573,0.2362869198312236,0,5
0.66481260526163988,0.7449898684741546,-0.054902602452829762,-0.69833808167681044,0.64591084859990533,0.30842032900070504,0.26523220687764115,-0.16670114436263725,0.94966446964336004,-13.918350584195084,9.3864756020329114,-5.8204815053486767,,0.1357409505960414,0.25,0,4
0.46027614107586184,-0.83602870109409588,-0.29866684600609866,0.88623794026441649,0.4524897677499517,0.099173198584485145,0.052232051387976264,-0.31033694757233182,0.94919059823582863,-0.85042783151499068,10.715685469028491,-2.5277613223315085,0.3081653736858086,0.3140120032255244,0.8203125,1,5
0.95494038567060002,0.16757896566063843,-0.24496152776180108,-0.062099307327283922,0.91989407602144202,0.38721901416398513,0.29022842011897571,-0.3545591335289045,0.8888505414221648,-16.574569334060325,6.6416446194206857,-6.2854585596153392,,0.3806506152256647,0.25,0,1
0.48930372037483755,0.84140403839155853,-0.2293929236173583,-0.84328726496081996,0.52353770423816781,0.12155188602373751,0.22237009237359642,0.13396834110865555,0.96571425670244349,12.060391340461953,10.509019568507721,0.57576863517630161,0.331225461546546,0.2828500130576699,0.8269230769230769,1,5
-0.14754833290804775,0.96045778635121049,-0.23611507807293783,-0.98852017610705301,-0.13535612807850339,0.067131065989435162,0.032516932286703493,0.24330959543127229,0.96940347115415992,-5.276374928706649,11.074302046483266,-3.7092978716219456,,0.1798334769643168,0.1160714285714286,0,4
0.5431265343858811,0.83930386154892112,-0.02413701794029699,-0.80313171793720106,0.52767514923367409,0.27665570755807495,0.2449347082167436,-0.13087385097981946,0.96066592728195055,9.7188428122225599,1.4288867286348566,0.70739228733800164,,0.5213951704258111,0.16,0,2
0.28296068418272458,0.92885601868788437,-0.23908104850476533,-0.94224081284758743,0.31577740586049258,0.11165518596256818,0.1792079847862878,0.19367789366706598,0.96455864087857668,-13.47555614024019,14.076756364983245,-6.1471334587287441,0.2976486782202662,0.23267127688024,0.7111111111111111,1,5
0.28775142433441936,0.92535766817140008,-0.24680418098140464,-0.9409165682823728,0.32119973593399587,0.10726947919913842,0.17853607289630855,0.20135519757960146,0.96311004308045933,4.4411029109223534,-5.4983242232787983,-0.08610915412725878,0.1847458856191442,0.1071332932894421,0.4482758620689655,1,4
-0.93161891451655543,0.28010611152783782,-0.2315745331416004,-0.26277984504973023,-0.95931984493940425,-0.10320943823642317,-0.25106363964269202,-0.035298744881266636,0.9673267532014056,0.57882271918997419,-11.268404986233307,-0.58194171751882062,,0.332600723657506,0.3333333333333333,0,1
-0.2687863303977453,0.94168408398030734,-0.20244751065272265,-0.96318619545113382,-0.2616602707976684,0.061694858606384656,0.0051245959533426687,0.21157738221336675,0.97734781416446348,-5.8460830624046087,25.140215881582094,-5.1490801086643394,,0.2146706621568082,0.4166666666666667,0,2
-0.84769389402436035,-0.4152920004078719,-0.33007213822291231,0.44062571176230642,-0.89768831820195927,-0.0021599763191567003,-0.29540488176023455,-0.1472692695743634,0.94395323934570852,9.7803579560509277,2.9195488954568889,0.61836850720525605,,0.1031468898381556,0.3076923076923077,0,5
-0.69028475003020451,0.68964311507721843,-0.21885917321950987,-0.71114909031222151,-0.70241793936391073,0.029597462861810895,-0.13331892297733591,0.17607217919463289,0.97530746561779968,-21.656690224895868,17.74625882658907,-8.6444738963132135,,0.3037722649690543,0.3461538461538461,0,4
0.49225484150222171,0.84710630684122223,-0.20024004576369536,-0.83959209327716766,0.52277920268772349,0.14760427549245109,0.22971784415688265,0.095461039943070078,0.96856435094881599,9.6955718957786843,26.492532546630589,-1.2034327116614241,,0.2480521035939599,0.6818181818181818,0,1
-0.92381364738477811,0.27595170398760249,-0.26536578900071145,-0.26324883290276702,-0.96114701580385764,-0.083044963644214626,-0.27797193541967968,-0.0068608365143390136,0.96056469435502367,12.390527625075936,3.8413360057729715,1.1143444411344929,,0.3383645631502548,0.5217391304347826,0,5
-0.8352083248123825,-0.45863633969983408,-0.30344647315602741,0.4728297754177484,-0.88065567385270971,0.029624104871381229,-0.28081854932054401,-0.11873622874997973,0.95238786759373273,-3.7019947210148927,-10.42584266843774,-1.766441999513195,0.4634659721768362,0.2840247493178734,0.3898305084745763,1,5
-0.80301490393036479,-0.42838251524945625,-0.41431326878855429,0.5203656559563038,-0.84287079001641318,-0.13707084094829761,-0.29049380056530144,-0.32566432406030793,0.89975335501873521,-7.9224396462979545,28.493699715688464,-5.9625376569994728,,0.4365727160445629,0.2380952380952381,0,1
0.84245062490166456,-0.4066889514673232,-0.35338511762269137,0.49650036104721507,0.84070252577688509,0.21611722428429944,0.20919927361914831,-0.35752392913870029,0.91017157943458449,12.960042678965767,-18.837807929579725,2.8173081639925681,0.4086733557584,0.3112911351191837,0.4473684210526316,1,5
-0.82907006152313545,0.53772040036631641,-0.15329580593059494,-0.52216063385183076,-0.842619924186921,-0.13168119007162543,-0.1999777626174386,-0.029127897162575526,0.97936737747660763,-12.026180754195556,15.517988331763041,-5.8823106958647049,,0.5773788617787201,0.46875,0,4
-0.75493238270346508,0.6014771324978706,-0.26134719556139885,-0.63587296839249186,-0.76885202467866298,0.067321112700562374,-0.16044521062777176,0.21700650503996385,0.96289434059867163,8.0789365135741757,0.46451460035436687,0.41223204428093863,0.2405130194456589,0.1981927399116716,0.7480916030534351,1,5
-0.43172652143888401,-0.84791087245166041,-0.30766761783545687,0.87615211824722772,-0.47528141180385941,0.080405505312918804,-0.21440540193095989,-0.23485044596933202,0.94809049760601938,-11.410130186063492,12.49626262830912,-5.4732970163837313,0.3744816057241087,0.3092566758474924,0.8871794871794871,1,5
-0.43026476656354845,0.8968459996637772,-0.10266198683590938,-0.89939807370183866,-0.43563068620276962,-0.036180246819594565,-0.077170821399268383,0.076766907750576069,0.99405810001175388,-3.1869712642916768,21.392184775893575,-4.0434454691191233,,0.3474281293915983,0.3,0,2
0.77690192907595113,0.58473620237267354,-0.23346727015333182,-0.56331988323265381,0.81116817864560131,0.15708881280195042,0.28123673613668321,0.0094741536593351151,0.95959165203727381,-19.923736392759768,20.89485914227383,-8.3788319124228607,,0.3029630560575061,0.2222222222222222,1,2
-0.28219533567306332,0.95151928779794681,-0.12237988998546766,-0.95846731343900604,-0.28512275648057467,-0.0067396443476323512,-0.041306193160116696,0.11539522817433527,0.99246044743415962,-2.4245356817702057,8.4153598178123872,-2.815233573315056,0.7110496003300322,0.4981612773312289,0.8434343434343434,1,6
0.91401002303617573,-0.19484670612046612,-0.35583765807375561,0.31955099465484732,0.88616160504763708,0.33556634449016781,0.24994567330623674,-0.42041927983074351,0.87222404778938067,5.5778250161444154,-13.359040762629519,0.58831150224388551,0.6489063592700434,0.3545136523297756,0.1290322580645161,1,4
-0.08577021694331835,-0.93877927322329624,-0.33367191378933442,0.98812698079641859,-0.12300123576380001,0.092063922481791918,-0.12746975997330268,-0.3218138781453016,0.93818297156014896,14.728416735469184,-3.7122960283484927,2.0973805789322815,0.3739757084421171,0.3771153634964783,0.7622377622377622,1,5
0.8858773472369591,-0.35809575421857409,-0.29493856387905371,0.40791427091377602,0.90406684409852911,0.1275503390297652,0.22096894179339005,-0.23330360522794358,0.94696470607428329,6.1480919758369161,7.6337206993098219,-0.65801504441616554,,0.08838721895154175,0.1764705882352941,0,5
0.90919573750737059,0.36959953385076749,-0.19172713807837388,-0.33312135612496002,0.92195151782676488,0.1975741908002959,0.24978645478067057,-0.11576520787447157,0.96135588813606609,12.944182654653996,-10.738974627867337,2.1240856378103281,,0.2626847741745603,0.3181818181818182,0,3
-0.047397272049229645,0.99362632137377882,-0.10227527597373109,-0.99575189482378934,-0.038908820221126891,0.083452187891227353,0.078940880139025629,0.10579620589705274,0.99124946419186744,-8.0551876105701137,20.983352611448542,-5.301227876617042,,0.1420182537571658,0.25,0,2
-0.53254467545936601,-0.73039145620403467,-0.42769672589818603,0.81196857515420207,-0.58352046503679811,-0.014522391169986743,-0.2389627619566142,-0.35501012321818198,0.90380562667571307,-15.719264021515736,8.2705962683424605,-6.1522893996159871,,0.2683979395232954,0.5185185185185185,0,1
-0.12469111764619864,-0.93104877292589805,-0.34292901249868307,0.98302258481761429,-0.16281419506159417,0.084605765908368324,-0.13460580566468255,-0.32655737676498042,0.93554345530378036,7.2631940628958276,-10.653159102282833,0.97682695746749859,,0.8055376778595388,0.8571428571428571,0,1
-0.23548074432404281,0.94017842313147904,-0.24619778985726284,-0.97157987504681098,-0.22144505894527305,0.083633918195597581,0.024111521242306491,0.25889499521375592,0.96560448217510464,-7.7312057728880843,9.5743587145589153,-4.2166474040408648,,0.08092458663313579,0.28,0,5
0.79010447687713736,0.58315214045887886,-0.18886105129680036,-0.54074198570190612,0.8081944166139543,0.23328071041813411,0.28867459278201857,-0.082191033770465494,0.95389287315184301,-16.255049907913779,16.436281049817577,-7.0615332474977368,,0.3204673945481033,0.2631578947368421,0,1
0.69141609604871268,0.67150248100156695,-0.26651116324367868,-0.66829176448039895,0.73461365598099304,0.11717036303568774,0.27446292946850459,0.097093740555096078,0.95668328400395275,-8.0826936014985229,6.7286941815767456,-4.0759750637366778,0.05892460376765511,0.1164100859999581,0.4598540145985401,1,4
0.83833579018786786,0.48032783816405195,-0.25783380456164146,-0.45901796033239628,0.87708899227559323,0.14148290257578866,0.2941013685489563,-0.00025983385432053256,0.95577419796937324,-3.5004518925648349,-3.9973380850368452,-2.0143711132038744,0.3957653972557723,0.3125481138918099,0.5776649746192893,1,5
0.25360745138181595,0.94339874022189862,-0.21373366031431651,-0.95297818725996009,0.28156618256421984,0.11204043664201732,0.1658789776021703,0.17526922657428556,0.97044570327541346,15.541431112345304,1.711893915902271,2.0531128915562364,,0.1406020729147206,0.3636363636363636,0,4
-0.4012835596356179,0.90363935857759847,-0.14969106317891673,-0.91532645504732113,-0.40166525074764603,0.029025971686326309,-0.033896687989717907,0.14866383545199413,0.98830667233001668,3.5741042932751181,-14.399508289103858,0.24346191071421242,,0.1740859288757235,0.375,0,3
0.57234061753654009,-0.73766290359953757,-0.3581614973318471,0.81449085980698666,0.56200945909115929,0.14404862784121658,0.095030820309870187,-0.37416414652550722,0.92248053347811709,1.7866153769300341,18.389809134918224,-2.5559267494680409,0.2491898453255568,0.1435575433335883,0.4166666666666667,1,5
-0.91955645109447803,0.36447828099848195,-0.14687244782776249,-0.36826193954882808,-0.92972081221047276,-0.0015346733960639014,-0.13710972660705931,0.052676313681662222,0.98915424926886264,-15.94583681082189,10.712525041061596,-6.5208650356101341,,0.2176499006500352,0.2702702702702703,0,4
-0.79748461989556307,-0.50783985541440069,-0.32575598579720871,0.53101209640509073,-0.84711282305217683,0.020640215406903289,-0.28643399676278203,-0.15652011459634588,0.94522855396208127,-14.73605069574757,12.876672639857178,-6.3747086772067307,,0.088455506964494,0.2608695652173913,0,5
-0.46548894645530003,0.84869878915373642,-0.25105857088917821,-0.88343162981659829,-0.46271627518157216,0.073771296055313434,-0.053559277137802931,0.25613280533948263,0.96515666596744965,-1.9450992115928829,-6.3812907225873507,-1.5054132989329838,,0.1316219386200522,0.226027397260274,0,5
-0.37695565660853503,-0.86690468569402068,-0.32616054156286278,0.90499778839767342,-0.41969077874242172,0.069560428649484793,-0.19718883321869085,-0.26895337172144057,0.94275163637806592,-9.2390826999638023,4.5511657588663166,-4.14486627145555,,0.07633794306075523,0.3105590062111801,0,4
-0.43943926229843638,0.87272069998753787,-0.21272450391026521,-0.89714865469386929,-0.43824655654906169,0.05535564157221233,-0.044915767071120716,0.21517094480006474,0.9755429454320611,9.002549172502988,-12.83759834268427,1.34758995776734,,0.1145746523200529,0.4166666666666667,0,4
-0.88027196630214621,0.40465357948232195,-0.24774330657900362,-0.41865678636926118,-0.90813460835833248,0.0042459779582212304,-0.22326612051432446,0.10745703194301924,0.96881640454550588,-5.5425496662054394,4.2199939446787731,-3.189040917223859,,0.08228944498730414,0.1983122362869198,0,5
-0.79198742752427342,0.55432918351038007,-0.2558809702814967,-0.5835968376402807,-0.8104686048198958,0.050550684442018448,-0.17936177335137082,0.18936683159943357,0.96538570392887257,-5.2775761749093819,8.1271120730064474,-3.5097425990808899,,0.113043743745642,0.4907407407407408,0,5
-0.83968297662953562,-0.44914003607647407,-0.30529612960498986,0.45786363784883233,-0.88779075452329914,0.046781035888331102,-0.29205031740163662,-0.10050275705758217,0.95110767420383535,-6.1904346985257996,10.696137797806125,-3.8404720684642952,0.2645245552285035,0.2150435687667792,0.3636363636363636,1,4
-0.26033148819907775,0.93118456222288026,-0.2551917462024122,-0.96525752559417866,-0.24485157032904284,0.091244823366615838,0.02248167110907499,0.27007965414889124,0.96257548009439697,-6.5431232637895018,15.22828366973612,-4.4030049397729103,,0.1213788123905519,0.3142857142857143,0,5
-0.75928731810300254,0.60079805811512477,-0.25004891907993737,-0.62918606481632711,-0.77587117306871611,0.046355351815285974,-0.16615554281724829,0.19252432616703169,0.96712290812752233,18.105633817190721,5.7790751218863106,2.3346208864205185,0.270568253696045,0.2055353089431155,0.4615384615384616,1,5
0.63841233438935119,0.73594354738049583,-0.22542578904941657,-0.72172561260495705,0.67415188354059685,0.15694386903815546,0.26747304800584948,0.062500663897900516,0.96153618527998386,6.3236759257476143,14.413893267618477,-1.044193755943112,0.2289670749748854,0.1695284828686925,0.4375,1,5
-0.37825676995585067,-0.84102026702881516,-0.38679028740306853,0.89858434227788631,-0.43397970823367693,0.064867500756792068,-0.22241401888277276,-0.32302712469418804,0.91988340615331265,-6.1051602743738025,5.0156319296062719,-3.4114315212036628,0.3409136040565822,0.2999829617060965,0.8072727272727273,1,5
0.92587017949546069,-0.23797122993966061,-0.2934861230825897,0.28440149966621942,0.95030079040750848,0.12666568098135611,0.24875730684474232,-0.20074387032203611,0.94753453806153209,-15.131053503760464,14.242203864796819,-6.5716463828326557,,0.1006822507162421,0.5384615384615384,0,4
-0.55569184812778882,-0.76712988731883913,-0.32049696707848596,0.80133028282564289,-0.59692375327881464,0.039393027277785805,-0.2215318210797223,-0.23493354114242271,0.94643007322008965,-12.930382939138456,12.585655169234215,-5.8714365777223625,,0.2319957224619728,0.2465753424657534,0,5
-0.36451737743027779,0.90627000841295635,-0.21401344210711223,-0.93116900726269947,-0.35651814228055356,0.076282987213555462,-0.0071666913393000969,0.22708915886938544,0.97384760227627221,6.7489540481680885,-7.4354398217197462,0.51486378313514913,0.2921930132078663,0.1540737814292959,0.1025641025641026,1,8
-0.12536311731653335,-0.91610680714764892,-0.3808312050166372,0.98730521745917166,-0.15293480953436467,0.042887662685066823,-0.097532027532403864,-0.37062010459556899,0.92364941491617425,5.5744352170360205,-20.013016759464037,1.1406311506587994,,0.2142256351838892,0.2307692307692308,0,5
-0.95211453354769315,-0.11691941362869095,-0.2825026826845759,0.10787477906239747,-0.99303301644509079,0.047417932179751821,-0.28607856796603637,0.014672387899987344,0.95809382316337643,-9.6048520339480827,9.026604467256746,-4.6696170241057589,0.09827080873154466,0.1073301733664136,0.3611111111111111,1,5
-0.89001354856575932,0.36630686719564443,-0.27146852932650462,-0.39723366074201805,-0.91524274434805319,0.067350855167085277,-0.22378852102571761,0.16777961128681554,0.96008786050734207,-12.973438818393676,9.8469346537680043,-5.6611609929317899,,0.08428612046817688,0.2837837837837838,0,5
0.38473034243293047,-0.7319115044897031,-0.56239497971359853,0.9227516726410907,0.31991358728857505,0.214906136036699,0.022625522082573565,-0.60163181952401257,0.79845302897961179,-0.51563488583340911,2.0438152659062432,-1.786370777300492,0.456345559230939,0.7526847653934032,0.3065549531789059,1,2
-0.89619703182397037,-0.32571854386459942,-0.30122800389842475,0.33548245810216637,-0.94182788646209936,0.020291687659287051,-0.29031431321178885,-0.08287136094610037,0.95333621408153157,11.694051699547803,-24.160971243319484,2.8717976718954263,0.1986590145895975,0.2912855965841664,0.9047619047619048,1,4
0.15287425064655583,0.95092212397021458,-0.26902895315045389,-0.97788366306026553,0.18487667729038912,0.097796501542240025,0.142734035916771,0.24812845128690994,0.95815409337583535,-9.5636566920962096,-3.4045255698876806,-3.6351580653786288,0.6894400984208546,0.4446428593697621,0.5123152709359606,1,2
-0.72025283398432405,0.66639399938954724,-0.19275604456190942,-0.67795711367056932,-0.73505816287742654,-0.0079780455458943588,-0.14700342567783709,0.12493412169966138,0.98121427734930278,-8.5018121660414803,12.82956467195706,-4.7458706018699299,,0.4940822332686374,0.3783783783783784,0,1
-0.54808162658409043,0.80168131833858258,-0.23856570253884138,-0.83287154432495192,-0.54934625548088334,0.067406841217363803,-0.077016370043703042,0.23563903627380006,0.96878414692296011,2.9083858417799715,-16.806077083803554,0.27919021473582339,0.5532152879938782,0.3485262451902136,0.6060606060606061,1,4
0.32137689339864406,0.93673502324367319,-0.13872414576457517,-0.92026436593572924,0.34348408693237947,0.18743579917705,0.22322721424222994,0.067425353190800064,0.97243171100532777,17.621768995408697,9.3978484819432158,1.9335101903732459,,0.2635146523040554,0.2105263157894737,0,4
0.95588564440959645,0.021254725962925512,-0.29296906225042146,0.087572729398683088,0.93140192891372509,0.35330081217208775,0.28038126163728461,-0.36337127492419213,0.88845239865884307,-1.6913948575583682,11.949595069646957,-2.8895509618803166,,0.4496679998436506,0.2068965517241379,0,3
-0.55297437965231444,0.8152746608731265,-0.17189113643916276,-0.83111388375377382,-0.55430881719462122,0.04462563626458519,-0.058898622053974337,0.16753794351880111,0.98410466404830899,-10.004355556756821,-5.2934512840594872,-3.5799494008870933,0.2168324474232418,0.2399520709359571,0.2916666666666667,1,3
-0.55676565642728693,-0.74938373774644962,-0.35837971123412243,0.79512361067096127,-0.60564675013247449,0.031152171795010054,-0.24039643836102512,-0.26761171060910754,0.93305601373561797,1.2110147473790451,17.726767069193976,-2.6219759945345094,,0.1368697947268646,0.3333333333333333,0,3
-0.19643809692014169,0.97576912449290187,-0.096367472545192664,-0.98037823038552607,-0.19381067990962234,0.035999246368694122,0.016449907736429296,0.10154819564780738,0.99469460865943049,9.8475449183610468,-24.718866117249686,2.4185194837228661,,0.3740525992734399,0.28,0,4
0.92708754464902265,0.26385328053778534,-0.26625200638886387,-0.23824339006624437,0.96314052539922079,0.12490162298167606,0.28939380029017592,-0.052361958358737692,0.9557768848797551,8.0879578402834333,7.0798333853804243,-0.16782857194291312,,0.09849941811281052,0.4375,0,2
-0.41767953346982467,0.89688315071583724,-0.14541121443157459,-0.90793534844365131,-0.41809138649094318,0.02920608821099906,-0.034600727838263325,0.14422276694099465,0.98894013121571178,16.381295033493949,19.26444540007871,1.1095450407536869,,0.262435727739787,0.4210526315789473,0,3
0.23212006837786109,0.96850228860392085,-0.090130964852397466,-0.95873553691886038,0.24344424480216389,0.14683688202085932,0.16415372096044853,0.052327971885704545,0.98504585642150067,-15.342439565811022,5.4409362607696297,-5.7811826600751113,,0.4836315902554876,0.2941176470588235,0,1
-0.60937569467386177,-0.681042194756452,-0.40600836407894675,0.75604137351905876,-0.65337511490492317,-0.038760814624989329,-0.23887801126969113,-0.33057901957670094,0.91304699087590446,3.2901550990691311,-22.22628575615779,0.64590673105056229,,0.1941853276285806,0.1176470588235294,0,4
-0.50804706106455955,-0.7858335664003665,-0.35263832698977027,0.82911031183830641,-0.55710770076024152,0.046979788814155557,-0.23337582254177314,-0.26850812962016191,0.93457964335889165,-8.8739994522266326,-8.1218996411446316,-3.1589706630517553,,0.5764220927978645,0.5,0,1
0.93674363282896878,-0.12198967783447055,-0.32806993897068393,0.23991605873405059,0.9062553271607785,0.34805397103643304,0.25485613807775115,-0.40474658799618396,0.8781961901474763,-8.1537272749008221,24.545703529856937,-5.6758085229094499,,0.2982113759984774,0.1379310344827586,0,1
-0.73484268710461231,-0.58354025910179452,-0.34566890403431155,0.61842570810444941,-0.78575488383063496,0.011785842855505,-0.27848854332697792,-0.20510979631337617,0.93828252818215818,1.9371573893697493,5.2890328420512436,-1.4640540865342704,,0.1727143879744527,0.5328467153284672,0,3
0.67494256287256538,0.73361070525172145,-0.079169880403382215,-0.68716172538529796,0.66401890142424269,0.2947671313373369,0.268814620116753,-0.14454837145888041,0.95228381710500187,-12.509470639619664,18.809358788973285,-6.3120916407224534,,0.297008502895071,0.375,0,2
-0.62854195740421515,-0.67992696060524938,-0.37766961225995505,0.73313790967819081,-0.68006700160033495,0.004204607832157768,-0.25969946702904489,-0.27424113764429486,0.92593087498386861,-17.112886527214751,9.9636616188571416,-6.7438549354915569,,0.167499890416349,0.2,0,1
0.099471421371020011,-0.90402057180772177,-0.41575502652267332,0.99127217670708745,0.053701524761975004,0.12039774883539946,-0.086515362894817371,-0.4241025253245716,0.90147220700169095,11.342088184099936,-25.467341459560849,2.8745237714445064,,0.2364659350941279,0.4117647058823529,0,2
0.90251204869672053,0.3464642254817506,-0.25580176390826465,-0.30976030176363351,0.93488085852186709,0.17333878914057302,0.29919986197949944,-0.077203114125973568,0.95106210194744967,-4.0788782228942662,4.1725095071255103,-2.8247112886691479,0.9071877755352475,0.8420479729137494,0.2930310663308144,1,1
0.42523339858042269,-0.75204884351240442,-0.50358623263885827,0.90436205380329182,0.37526631795794185,0.20323500251428286,0.036136302694588798,-0.54184659044598948,0.83970020843728577,-4.6821104104068132,-9.071347008169468,-2.0854443754976395,,0.5178498830790051,0.3809523809523809,0,2
-0.93683530975375895,-0.051539811381681573,-0.34595267052202366,0.12623864404710533,-0.97224036210534437,-0.19700884001084276,-0.3261953512049604,-0.22823743368696181,0.91733541669133389,10.097848786256886,19.502824781897807,-0.52879656493939287,,0.4235759187733392,0.1428571428571428,0,2
-0.95450794362024471,-0.090526956021905275,-0.28411169599166075,0.096022818963501635,-0.99536423494607396,-0.0054459185192282517,-0.28230161849368218,-0.032479378436532598,0.95877572256092425,14.792645696845719,20.552594094645297,0.57434408689665217,,0.1845775131786499,0.5555555555555556,0,4
0.84989026192076333,-0.41503342108958269,-0.32470571610449622,0.48683491472091772,0.85424423538660876,0.18236927404972855,0.2016886424688642,-0.3130719496975502,0.928066617119505,3.5102574176351404,-9.5962858710881296,0.0130745187086331,,0.1348377223370056,0.3513513513513514,0,4
0.28250767083502659,-0.88411302540311454,-0.37220098633926246,0.95920067306634027,0.25586284527279862,0.12028413527139556,-0.011112367364685244,-0.39099662750650371,0.92032502550462714,-14.95997142476639,16.273200105428256,-6.7230286968107018,,0.6723690125652451,0.15,0,1
-0.17601431129195239,0.97211978195165849,-0.15492608482331266,-0.98148805101927783,-0.16123795391703105,0.1033611528720013,0.075499456466914597,0.17025114318238804,0.98250413755784838,17.874887320459038,-8.9334572352341706,3.1722845314671817,0.3079025817162229,0.2965659212148702,0.1,1,4
-0.94153126390409825,0.1895406235523647,-0.27855561583736299,-0.21336250958213546,-0.97527613964813153,0.057557718316938622,-0.26075911987112738,0.11362571652764029,0.95869383952731035,10.483619195228142,9.2933135465573429,0.19604688563937028,,0.1174383901482106,0.3409090909090909,0,4
0.95137407951543018,0.19420270384854843,-0.2391080731470194,-0.089094499737404867,0.91653237030243673,0.38991099536219537,0.29487205859950344,-0.34964800014544539,0.88926753288961435,1.6271643449885229,-15.669894577121184,-0.057065440302405152,0.6110319753527539,0.4446618202568778,0.4375,1,3
-0.80707861396731018,0.57107557655747954,-0.14998932207376489,-0.56089622015731955,-0.8208935871033205,-0.10737387422401505,-0.18444386975401791,-0.0025307137698847913,0.98283979080925377,-17.419772596943183,16.229977383682389,-7.3215022442917892,,0.2323095579946913,0.1818181818181818,0,1
0.45197868981854572,-0.71911142873536882,-0.52782006120655089,0.89083764562781054,0.3944448381919049,0.22543637407495123,0.046082025587100124,-0.57209441763221092,0.81889219329033269,-3.0766688346473092,17.47167819284018,-3.738125509048682,,0.2447071882544764,0.3125,0,1
-0.60628065465666758,0.76097715014352707,-0.23094922547719932,-0.78866707011079296,-0.61263977248983426,0.051737430226690161,-0.10211767874339858,0.21350945206955108,0.97158926175880533,-5.3126204977112135,5.8396879767767969,-3.2536071837016372,,0.07209068841175034,0.2761904761904762,0,1
0.82816197029784488,0.54667942035270489,-0.12365016099958238,-0.47737048500389945,0.80357568000961488,0.35550463645953678,0.29370933080093642,-0.23538848285316799,0.92645943847561441,13.042073218721583,1.5476299723520033,1.4606943935570393,,0.7481447640340189,0.275,0,1
-0.74809176656951615,-0.58447898812587917,-0.31423402303100323,0.60149110626270963,-0.7972536833199183,0.050941275206706833,-0.28029833727256137,-0.15090022157761071,0.94797782951399556,1.7441291036357351,20.658835429968178,-2.7466882656293907,,0.2140832716988859,0.925,0,3
0.83515196264954739,-0.44423760109773114,-0.32430564758194191,0.51515821396397454,0.83835570508187829,0.1782462519721382,0.19269980245982968,-0.31593142535620039,0.92900706165472335,7.4973798633815898,15.275382836617631,-0.84474685986746734,,0.07862537605472364,0.4375,0,3
0.50755891595531855,-0.80011653212704958,-0.31968340878319751,0.85975120579660502,0.49471399855521253,0.12683029513801594,0.056672841516416696,-0.33922204328506772,0.93899765408863423,3.3950290579014162,-5.8404184222508615,-0.32475061334427052,0.3670424575449554,0.2619087345879935,0.5421686746987951,1,2
-0.68123623669958844,-0.6473182615147699,-0.34190094781512237,0.68480377934794801,-0.72857444411796635,0.014935299426667777,-0.25876818505788163,-0.22396059405103666,0.93961730439267555,5.4735072549401238,-18.961258516003394,1.0447147236071266,,0.1388490528269631,0.2666666666666667,0,3
0.29576533769531854,0.95376233685515799,-0.053481490392109969,-0.93795145212074604,0.30056018919276439,0.17294694601811458,0.18102469025676354,-0.00098867031756040514,0.98347805468573901,-4.8443116951802061,16.761631100581795,-4.072925398644438,,0.3100642401274804,0.2424242424242424,0,1
-0.60214073565150139,-0.73180542929264858,-0.31919797638279473,0.75887571907348239,-0.64882613597002392,0.055966849856971791,-0.24806083421163821,-0.20853167370931983,0.94603401819924859,-14.503274799308496,3.5731613876148813,-5.4585055810558236,,0.07057352629431843,0.2142857142857143,0,2
-0.53203276674260824,-0.6905256043839163,-0.49001584137906345,0.81233809427669224,-0.57951407217758255,-0.065347232038292069,-0.23884713877104793,-0.4328254034115625,0.86926072870140714,13.190803489669861,0.29634222319371301,1.5303560269852641,,0.4627405885319151,0.2631578947368421,0,1
0.53768892295457715,-0.72523852066578531,-0.43002291831302347,0.83323930103488342,0.53500963176597183,0.13955988366481778,0.12885219960421782,-0.43335179941952662,0.89196599071770266,-11.728821654195636,4.0492598740603274,-4.7789311477561434,0.5114159029592183,0.220477898390229,0.2277227722772277,1,2
