axis_00,axis_01,axis_02,axis_10,axis_11,axis_12,axis_20,axis_21,axis_22,location_x,location_y,location_z,dbh,dbh_approximation,score,reconstructed,number_clusters
0.92066769398114989,-0.2348790260407467,-0.31177370059962162,0.33320065503639135,0.88894942352995765,0.31423915397205987,0.20334286499100962,-0.39319303850895743,0.89668886115828483,-5.8951194619307232,11.057605747983569,-5.4041668404625254,,0.2228142190846668,0.2586206896551724,0,3
-0.80212405261297526,0.53249996973661562,-0.27026058989472085,-0.57287660583068845,-0.8139329083693263,0.096569224732110159,-0.16855087870328281,0.2322864673285005,0.95793193828392531,-17.239125062907974,-9.2779859331584174,-5.5969197438618812,,0.07445175013939137,0.4705882352941176,0,2
0.94258492599811827,-0.072667956178708512,-0.32596476101862654,0.16688356583299274,0.94793127724361992,0.27124927479745148,0.28928106183431052,-0.31007363926668696,0.90563282046087812,3.9619297390258832,5.6317684728556987,-1.572567614827115,,0.118681557584545,0.3396226415094339,0,5
-0.46705015379963971,0.86598368776362256,-0.17870760018266793,-0.88419164722820853,-0.45548923329401148,0.10360834582744342,0.0083237496117219926,0.20640206123134708,0.97843185982052472,-6.1065389947209932,13.747209957459043,-5.8606970621179357,,0.09881987434510971,0.4583333333333333,0,5
0.86983702083275127,-0.30841392974715981,-0.38505117208848832,0.45340158720669677,0.80739610365708259,0.37754275588045672,0.19444937106417395,-0.5029834785927626,0.84213838670106456,-4.211531762958642,-19.25155226228291,-0.58465806619976435,,0.4879558961408882,0.4,0,3
0.54735738178635129,-0.72732322429945218,-0.41400582604432051,0.83569885139910582,0.5014924930710285,0.22385868123354094,0.044803196026694615,-0.46851489494791287,0.88231880113581418,4.7684069340797777,10.853683635406057,-2.0849290854830342,,0.1291594891396683,0.32,0,5
0.94149669705543249,0.13521310595668767,-0.30870922469413947,-0.069566505259826772,0.97423320134395308,0.21454643027803252,0.32976426546799398,-0.18051893356835938,0.92664364447380532,2.9611309947803912,3.3114843992067087,-1.447654723447896,0.2282355743747223,0.1722765151156469,0.3461538461538461,1,2
0.88275327257480996,0.42175574261781523,-0.20704770785342841,-0.31092577044245451,0.85477961787899248,0.41554418553675992,0.35223830716324617,-0.30244652159933733,0.88569423422489979,-0.70599726892889636,13.137735678193447,-4.1315562094426079,,0.5533608159922749,0.1851851851851852,0,1
-0.18751397552076521,-0.86839866058628179,-0.45904495997271422,0.93603427491789659,-0.29965583494339204,0.18451616938172799,-0.29778909510478357,-0.39508245579414358,0.86904056749978209,-7.5445632428273202,17.55423345376882,-6.904270918954678,,0.3538889428191963,0.2558139534883721,0,2
-0.7989696020502508,0.53225488908078922,-0.27991482284663316,-0.57790823323953056,-0.80830134889779182,0.11256555123116362,-0.16634196389855904,0.25170153440058368,0.95340268964733021,-11.597612572915017,-5.4829164129903694,-4.5210934220546362,,0.5582594002130458,0.6323529411764706,0,1
0.041605846953967997,0.98495287252928421,-0.16774025275870499,-0.98126780042382966,0.071888919128457532,0.1787330052282462,0.18810225238051023,0.15716177080592267,0.96949353811488836,-33.674644967916755,9.4631797538209792,-13.703787492502826,,0.4401948046116904,0.4736842105263158,0,1
-0.65197771411665417,0.72283354267941236,-0.22899067638826065,-0.75345576038185458,-0.65148031472088064,0.088757065513591069,-0.085026333818553609,0.23040197288372527,0.96937374291274425,-3.1673798272706484,-13.299192880992681,-1.0748962097377233,,0.07197767201136336,0.2424242424242424,0,5
0.13396367765272932,-0.92393997313878984,-0.35831363231957641,0.9821875580241316,0.07571622666600071,0.17197282890635998,-0.13176241471811681,-0.37496930415136076,0.9176255701602346,9.7960237266025256,-24.812179769914259,3.8654676009499918,0.6683082553594792,0.6936844185492905,0.9104477611940298,1,5
-0.49107245963019319,0.81954011019657125,-0.29529958884452479,-0.87109582127736895,-0.46444245759737102,0.15964107784032583,-0.0063174002452842867,0.33562957462045445,0.94197286537045977,4.4932727171296589,2.2096345492442611,-0.82323858527459925,,0.1286110206630551,0.4851485148514851,0,5
0.54329843973959979,-0.70687752360704859,-0.45293594690163735,0.83953292626706133,0.45960145019123649,0.28974294244308507,0.00335724440294583,-0.53767152946876273,0.84314770669719552,3.4633441316672116,12.277239109018561,-2.6303490541302188,,0.5371133097385845,0.1764705882352941,0,4
-0.15505981629959675,-0.81449217999076173,-0.55906971130891403,0.96242123991639228,-0.25225250095372831,0.10056854737135065,-0.22293902827214798,-0.52246642427670542,0.82299880022791294,-8.3589394122415559,-7.7429493242057008,-3.3797848696125978,,0.2067380458107105,0.4,0,1
-0.50196180259453693,-0.79295850390902722,-0.3453276122964965,0.80650104023026659,-0.57336143187397293,0.144266214156066,-0.31239465559375296,-0.20609094962609045,0.92732739614371118,-9.6414090407133344,-7.1478064243289383,-3.7698842039414688,0.1993644466985048,0.2143190961771997,0.8079710144927537,1,5
-0.95414711943545527,0.041176231698261422,-0.29649248289991198,-0.039533498206200175,-0.99915164440843141,-0.011536637097010558,-0.29671598708631097,0.0007137359867907155,0.95496550387348411,8.9785947259148511,14.867278769933597,-1.3833023179055817,,0.2385771131470479,0.1818181818181818,0,4
0.11448041929499798,-0.89110672183485184,-0.43911620773866478,0.98445471007213392,0.04249354920243345,0.17042072084395016,-0.13320344370485582,-0.45179985455611321,0.88211888881728562,7.2611181009350645,-0.13065739780432239,0.32598479123311691,0.5946547726205871,0.3142612804103022,0.1785714285714286,1,5
-0.69888141931334091,0.67388451311588426,-0.23967566568414342,-0.70858266744198772,-0.69795323495537198,0.10378769298971814,-0.09734148724653309,0.24236531269531603,0.96528943331144668,-2.414431267550242,-14.567942522545536,-0.71132546194421808,,0.08920681854167047,0.1538461538461539,0,7
-0.94255961549436651,0.12011193961514829,-0.31169615525540223,-0.15475157868151809,-0.98395474080637124,0.0887976178748342,-0.29602925553852061,0.13193252065565245,0.9460235144322553,-10.841970762029458,-11.137073724503473,-3.4693986238392753,0.1605651204117017,0.101357037845211,0.3611111111111111,1,5
-0.57314587449200771,0.77980688754492034,-0.25180354383982601,-0.81801030414624887,-0.56268374292152934,0.11935722752468057,-0.048610172426686742,0.27438699602809408,0.96038993515515625,-9.1684648369985453,13.894303460767679,-6.8706506458103682,,0.08446972326489327,0.36,0,4
0.89649324165769095,0.36471288660786949,-0.25156386466311254,-0.27309023998481674,0.90197446918499113,0.33446042779899776,0.34888621137431119,-0.23114187695138413,0.90821354550142608,-16.609068088296578,-5.7922307321817401,-6.0318984599477137,0.4857519031744823,0.3471374708970804,0.8227272727272728,1,3
-0.94387027697675652,-0.0099555137034515184,-0.33016630353008963,0.050302875594313089,-0.99221952701604332,-0.11388604354794322,-0.3264636594580872,-0.12410196595929236,0.9370273107536804,-21.370245303520207,8.9773346320414529,-9.8224211157017951,,0.6319187647893635,0.2352941176470588,0,4
0.73214194305394609,0.61314289081672713,-0.29668833927557609,-0.58312141025003339,0.78931297728935279,0.19223538901729231,0.35204771853997929,0.032261731564262652,0.93542588404815408,5.7689148952710063,-6.6953627086028886,0.75603081384831794,0.3355614875141177,0.3265309224793321,0.8991935483870968,1,5
-0.80137725433490947,0.53670411919154604,-0.26408934979939752,-0.57413443430137179,-0.81403315680882238,0.087861658106971885,-0.16782177327178183,0.22203312378717185,0.96048797200028724,-4.9190006630515368,-12.599085838965435,-1.621912231293295,,0.1512726883518251,0.2307692307692308,0,1
0.67995235084721917,0.69682378599433148,-0.22825733690260269,-0.65076640231743921,0.7169205315503463,0.25005607582377815,0.3378873927688909,-0.021484010661341972,0.94094130905904327,-4.0351990726143905,-15.094567946826897,-1.0127378117138841,0.3653093381863928,0.1879077842648116,0.3142857142857143,1,5
0.77146751165704841,-0.43737564490022751,-0.4621043428770088,0.6218085617553033,0.67221697741775077,0.40184381020384535,0.13487768898332728,-0.59734988115798016,0.79055747956430322,-0.38734916091352095,17.834065025317457,-4.7095312589401237,,0.5505863967110669,0.1578947368421053,0,2
0.89544523271052145,0.31834154252201619,-0.31118563193165755,-0.25186490787502192,0.9386696213687411,0.23550670924746922,0.36707206839680451,-0.13250661954849166,0.92070630082492866,-2.8203667830606456,-17.112963921902747,-0.4729895215413123,,0.1875916260847332,0.7037037037037037,0,4
0.81646427958638401,0.53412693139992451,-0.21930458570852801,-0.45498674248583815,0.82900367860466018,0.32517682116360636,0.35549000593773955,-0.16571457996580458,0.91987256381802363,-16.962572150513363,18.776825764760698,-10.071605485066343,,0.3477700533163539,0.3809523809523809,0,1
-0.2011261959618173,0.97731624221679558,-0.066341661097465143,-0.97390969290349838,-0.19223868812626993,0.12059932361379126,0.1051102438706234,0.08886646998015027,0.99048199738648712,-24.029443277292867,-20.404188426323,-5.9217640086275569,,0.5830578402870942,0.1739130434782609,0,1
0.38386636650643863,0.8842337485632108,-0.26604001685272338,-0.87843817931674595,0.43849255728950814,0.18992272723501949,0.28459265237146408,0.16079476080880245,0.94506722888512795,-5.2124395267473771,6.3601913554528524,-4.3739407785177846,,0.1389449358471466,0.6184971098265896,0,5
-0.35589524515597992,-0.82244078503482654,-0.44376765270427743,0.90712015716825867,-0.41818020561691716,0.047521953760625547,-0.2246588412112889,-0.38563774548336427,0.8948809609797882,5.9519616558917239,-8.0898738369252641,0.860535372251794,,0.4656177112109431,0.456140350877193,0,2
0.57345862178878537,0.78643580663840928,-0.22948623299253162,-0.74399357997766202,0.61720790946777737,0.25598427577185029,0.34295591852033963,0.023939894055975918,0.93904638832405918,-2.74348833100554,17.203797919007979,-5.3559188340498016,,0.2048840547300647,0.4406779661016949,1,3
-0.30170414246943256,0.94378661299975597,-0.13506087345798515,-0.95103013233105993,-0.28793311144510658,0.11241090130368413,0.06720340627640238,0.1623617949395402,0.98444011993054181,-18.66312346989826,-3.6614335456028839,-6.9564455225373631,,0.5338859301832076,0.1739130434782609,0,1
0.75256271990256574,0.61634470121811713,-0.23188049054028484,-0.51443295869806382,0.77007153321921862,0.37729108753130908,0.41110592749072478,-0.16464824021456162,0.89659515578450399,-13.816571537522016,-12.024540629808174,-4.1664875215329529,,0.3079433609027757,0.2162162162162162,0,3
0.54782969278037619,0.79814615457222471,-0.25068973582843301,-0.77238840722735413,0.59766794419651725,0.21496319885203588,0.32140126958204435,0.075866622578571796,0.94389908331853511,-11.612648644557156,8.065726455599691,-6.5907459225861418,,0.3689220800419361,0.8622129436325678,1,1
-0.65667855072008396,-0.65132743962896555,-0.38019185605500272,0.6724040334764706,-0.73393844400057995,0.095954031611922272,-0.34153491298657113,-0.19263158309162323,0.91991683124447254,15.256509099911854,-2.0563905698185243,2.7356483735422881,,0.1222417952409881,0.4,1,5
0.40365057934589976,-0.82203955544454244,-0.40164309912938817,0.91490143602101859,0.36489954559899745,0.17263743507224369,0.0046445839854136351,-0.4371490488451108,0.89937708272638228,6.1993098700528071,-10.167003451587862,1.1876598604932325,0.5443950330817729,0.5793723732040938,0.6416184971098265,1,5
0.93534922273984022,-0.13259754295870965,-0.32793249781211076,0.22200354025548089,0.94181247410783919,0.25239590275775764,0.27538384054626353,-0.30888048694630021,0.91036068958946503,-14.23661983531869,21.388879774788052,-9.6925771943658798,,0.1600212320952215,0.375,0,1
0.07205770173482573,0.99393103167347963,-0.083119142784250449,-0.97840662579864812,0.086625643054839552,0.18766052477449957,0.19372186818735754,0.067801933909212686,0.97871075172605093,-6.7136422841781016,-9.3078750286032932,-2.5655108886373172,,0.1412314957784679,0.2,0,4
-0.41338951885347264,0.89432454325893518,-0.17115115257219457,-0.91027902018582574,-0.40127705955101206,0.10182743681162459,0.022387744674847408,0.19788969857673211,0.97996859954060922,-14.401651987669055,-7.969573133396521,-5.0341748796164847,,0.2479561889877353,0.25,0,1
0.4613231852998711,0.84066516251472667,-0.28366001346483249,-0.83246693289461615,0.52071581031016401,0.18935113025820344,0.30688715245479209,0.14878551484306948,0.94004422567827706,-7.2537498465305994,13.751238534533069,-6.2579275228636329,,0.09157590965186119,0.3493975903614458,1,5
0.63776330039333606,0.72060595735458521,-0.27200188767080818,-0.69123245909450903,0.69126211228283929,0.21060479485621031,0.33978766923706766,0.053700524646882984,0.93896783410673468,10.89686859487626,6.1630620354559014,0.25392339675970038,,0.1747321684912205,0.4814814814814815,1,5
-0.51283347400316104,0.81462055913271902,-0.2709154343704816,-0.85826698240821275,-0.49366509582190676,0.14025890372824465,-0.019483707289692381,0.30444723320379397,0.95232991517898113,-10.961776098892281,13.234368917641483,-7.2966787321204913,,0.07696078502979575,0.2,0,4
0.83559561923321135,-0.43411609297259018,-0.33663508275353193,0.51175354270352591,0.83792581538471766,0.18970671954952939,0.19972048630186684,-0.33079229999210519,0.92232758910122403,4.326903115942077,-12.90327026783809,1.0972426013809273,0.239733733875837,0.2532133350095943,0.6,1,5
-0.20114824747098861,0.95189414019125429,-0.23116428878376458,-0.97390601010180122,-0.16901828998912957,0.15145923919240198,0.10510216946828772,0.25559805069425762,0.96105315693480542,0.55361823769025675,1.5235113663493571,-1.8824051917916629,,0.2637136610010192,0.1642228739002932,0,1
-0.94757716987122187,0.15656148618092222,-0.27854265056480371,-0.16239678731972426,-0.98672318982351603,-0.0021517743230037656,-0.27518137765313561,0.043195459360051293,0.96042145003305501,-18.150052861682642,-23.765221989099587,-3.83104067059864,,0.3912294690380996,0.3809523809523809,0,5
-0.88992585846163708,0.33829322135557288,-0.30592427629429375,-0.39726076262078464,-0.90443762358563595,0.15548785008713559,-0.22408893976113711,0.25990436977403125,0.93927305169960706,-9.8657276218934324,-18.633361199771631,-2.2171905443076003,0.3705476228388699,0.3894370417838559,0.8775510204081632,1,5
-0.70376439673306768,0.64060427683892285,-0.30715115885606342,-0.70117528473842372,-0.69589138789202942,0.15520436955735373,-0.11431926330646165,0.32459411078050421,0.93891946900875467,-7.789960639661234,-3.6245934468783885,-3.6429418247082181,0.2633470309471658,0.2255068492545539,0.8975265017667845,1,5
-0.07302252671315887,0.99530491006605737,-0.063528313300629038,-0.98717609466584633,-0.063065799741817682,0.14664945626633608,0.14195445999584894,0.073422346062502072,0.98714643816708592,-5.640619445052355,-14.981266338957541,-1.4228583147287643,,0.2780734578165073,0.7142857142857143,0,3
-0.8396263976074152,0.46092777563164472,-0.28735535159808823,-0.50511069046689883,-0.85711984701339006,0.10103839978838264,-0.19972657013239206,0.2299807676894062,0.95247999647034243,3.9756401179395917,9.1832000810780663,-2.0229355362545132,,0.1737009720967753,0.1714285714285714,0,5
0.92792597056007953,-0.076459000484822306,-0.36483888828494832,0.17785740017731644,0.95095911377940923,0.25306819065628627,0.32759752496363725,-0.29971784258656092,0.89601845766309784,12.137347479540418,10.071789033520719,0.24326803199009703,,0.2215486806476832,0.3333333333333333,0,3
0.94821137669590883,0.043556661130315949,-0.31463948000152264,0.022564506137910743,0.97881444521975947,0.20350214960016152,0.31683754223134913,-0.20006273791066934,0.92714015808424821,18.445627304187855,-11.748804190157964,4.5373878330009445,0.2772162341880272,0.2416396865442112,0.5666666666666667,1,5
-0.94164439979219938,0.056043041360446071,-0.33191113547915424,-0.039976745106948368,-0.99768338917168109,-0.055042845325832125,-0.33422699500585556,-0.038562060188490094,0.94170339455869889,-6.2488236966679889,17.319251666270098,-6.4790389642029131,,0.1738818935694174,0.2777777777777778,0,2
-0.90307817617592723,-0.26027275529569482,-0.34162538044698909,0.27170996434551148,-0.96226448206736648,0.014858055962487765,-0.33260111694058325,-0.07940503386064994,0.93971875452577103,-3.7540061306832131,10.74836637357247,-4.7166921934560069,,0.2112538845324342,0.2162162162162162,0,3
0.74336796875480426,-0.5539122958528041,-0.37494697162723223,0.66275447095068463,0.6856607114679002,0.30104135925850939,0.090335896875132951,-0.47228228555855101,0.87680606092987101,1.3783773828620438,13.484086199773822,-3.5299234351053776,,0.1806493326705899,0.3,0,2
-0.48759684704072026,-0.71352570821741546,-0.50312064007431145,0.81276080445689491,-0.58142790708637038,0.036898016203368134,-0.31885606391368787,-0.39092537980284547,0.86342814288826109,12.526752636075159,4.9728898470682878,0.87215067124793944,,0.1927345739628382,0.103448275862069,0,4
0.79527532804608614,0.5908030266549229,-0.13597402802216607,-0.49154973692374593,0.75966489511244417,0.42577940681061061,0.3548464579665217,-0.2717738597238184,0.89455182099162489,-12.429134820017678,12.226305776941564,-7.6010301511416944,,0.5782961847707007,0.1538461538461539,0,1
-0.82053343831984238,-0.40219973960699079,-0.40615298356541152,0.44763203232457299,-0.8940155926040898,-0.019017986689693425,-0.35545807099570681,-0.19741197947648939,0.91360717495167698,3.6121678385606453,18.899877755271312,-3.693749359583284,,0.1281982142608171,0.2727272727272727,0,2
0.73727659196544149,-0.5930285752046589,-0.32363611654226448,0.66348658726774079,0.7258547169311439,0.18144001329535081,0.12731368919182376,-0.34849969712977225,0.92862219747582297,-10.914015175693528,-1.5359959006078858,-4.8518597947589619,,0.4192916006289506,0.9863138686131386,1,3
0.93056535114617356,0.20811611361719534,-0.30122385446553512,-0.14050615876468114,0.96273308571994665,0.23109094532098029,0.3380919203343869,-0.17272141996007551,0.92512764767440703,3.2032598618994714,10.446438486251481,-2.4202034005216815,,0.1335723466530564,0.1428571428571428,0,1
-0.94761215313321434,0.12182301822475422,-0.2952801372677234,-0.14129693151218253,-0.9889233004858059,0.045451984571656577,-0.28647230996987472,0.084793030296550456,0.95432895671966922,-15.055834212897468,-6.5814756401788639,-5.4956336950063314,0.6269790691161156,0.2786773969375217,0.3454545454545455,1,4
-0.72999334132982552,-0.59577496930744533,-0.33490581894143062,0.59543699871773881,-0.79494294545332134,0.11627765921280661,-0.33550633700740889,-0.11453339871282442,0.93504951655362112,-3.3405810283084763,20.900228850362634,-6.1406097529146777,,0.1837098478093653,0.2727272727272727,0,2
0.91308605319845182,-0.22638033191923765,-0.33915454408662765,0.35069292566696719,0.8603508929820054,0.36987945716436738,0.20805848058085827,-0.45667087302038439,0.86496438215292015,-2.3109942731646815,-11.097823602806841,-1.0860646788473143,,0.6596009485388578,0.5221238938053098,0,4
0.85927431226616369,-0.34346797471473395,-0.37904802680514188,0.47167216948208707,0.81876510516418366,0.32733632108512684,0.19792175427570785,-0.46005809732124386,0.86554810742880384,-1.1287471290237223,-9.5002829726973044,-0.91544434916498785,0.3392167607628223,0.5181936729958018,0.3825503355704698,1,5
-0.79977950749663751,0.52777035728158206,-0.2860265535982755,-0.57671242544103474,-0.80777033806958465,0.12210593465048006,-0.1665998731402718,0.26261289174337921,0.95040988597542764,-17.368715416439922,-15.533954302524556,-4.7319452016106407,,0.1756729843745389,0.5588235294117647,1,2
0.60403682106450385,0.76730569508040958,-0.21536362064066875,-0.7129400162692302,0.64102424200265751,0.28426124316717438,0.35616857244894262,-0.018162914471185197,0.93424518009866875,-21.288581950182998,-10.548094472176992,-6.6036229845467878,,0.3774556755280015,0.2857142857142857,0,2
0.29840171292689871,0.92982486441141254,-0.21536513005728539,-0.91858316452466415,0.34105285765517557,0.19971959878062157,0.25915514190180883,0.13823411231507662,0.9558922233276701,2.2558935066326153,-12.487427923332657,0.38217693169255906,,0.08412324610091293,0.3714285714285714,0,5
0.30117949400794553,0.94112788615837617,-0.15352268328877497,-0.92356589617231677,0.3279655095619729,0.19865714174220156,0.2373119209322275,0.081956857143395304,0.96797010581455134,12.009491502197612,7.0984268172240972,0.52037963959819866,,0.4103168077925925,0.66,0,2
-0.25304369732324888,-0.85468030274380435,-0.4533105639037544,0.93434571124240229,-0.33742846075055238,0.11463038758742115,-0.25093222018686545,-0.39454228414362974,0.8839510206424438,-15.857633036595354,18.485125180809145,-9.6829316369169742,,0.1253320874599956,0.1515151515151515,0,1
0.13906187519393784,0.95773775247536186,-0.25179394820167683,-0.96584158506196482,0.18731481084645688,0.17906198424720871,0.21865915812637995,0.2182923707347536,0.95107129777239308,-4.6935422928726602,11.686294152662947,-5.1760365289904318,,0.1484964513001578,0.2745098039215687,1,4
0.94342181327463537,0.139914576984353,-0.30063132469003973,-0.054286855036468212,0.95955948184419126,0.27622190024173543,0.32712110847184411,-0.24427343684935393,0.9128648686645553,7.4058831077742804,5.2850135868524442,-0.53579126492585316,,0.1047229858326791,0.15,0,1
0.92426269677871742,-0.11574224975138757,-0.36378867349853139,0.27790989108183772,0.85732706671299186,0.43330865802586815,0.26173375743723759,-0.50159149943333869,0.82456134272351189,-5.0075856648386798,-5.757205174229024,-2.4638767393773899,,0.2466031439616069,0.2131147540983606,0,1
-0.95405619864689994,0.053064887111460429,-0.29489131485901099,-0.06330577614994741,-0.99767386197570118,0.025283271871807171,-0.29286370299079589,0.042789985818400676,0.95519624611080911,2.2248264739007779,12.951422751994528,-3.1907495586342542,,0.1496951741549749,0.2727272727272727,0,3
-0.045962030178890702,-0.93043054671281722,-0.36357459967044348,0.9813324415124115,-0.11009490792357966,0.1576887772943516,-0.18674616734252905,-0.34953985322561859,0.91812186554394237,15.629546004179366,9.4770727431820223,1.4163513924862423,,0.1041785003499083,0.15,0,3
-0.92002491822567389,0.30419450112292962,-0.24702197337568063,-0.2956778214218479,-0.95258446740112768,-0.071815446704317693,-0.25715515892758845,0.0069669184495669426,0.96634501410430251,-9.7226984130877945,20.464296497085463,-8.0686406414815028,,0.3258834792507603,0.1111111111111111,0,1
0.60120483409879244,0.77083698405351597,-0.21062547678646557,-0.7279698483919177,0.63703176133936568,0.25347669493883673,0.32956432951473141,0.00093758207510520586,0.94413265680801461,6.8585778499195236,13.808959696694213,-1.8752336679652648,0.7212558882286966,0.6930005295574563,0.2424242424242424,1,4
-0.32454468996981584,0.9146387195160216,-0.24105343178326077,-0.94431925900249758,-0.29872500350463843,0.13792936365446573,0.054146849302320575,0.27239564064655075,0.96066057151700834,1.4662169005267551,-10.255544333514898,-0.060457557001844499,,0.2714168939952408,0.6048780487804878,0,4
0.42446954776092716,0.89403300832539723,-0.14328497146691072,-0.84216786670170163,0.44795043373504745,0.30015611473312792,0.33253403933843823,-0.0067371315277454319,0.94306718940913159,6.3535294892800307,15.508947408586984,-2.2976579004182081,,0.3448297260028559,0.4285714285714285,0,4
0.15651188854974921,0.95339599931683505,-0.25795367264151176,-0.96208659817785835,0.20623095980225828,0.17848856777282532,0.22336831993178,0.22023818857249228,0.94952711069519247,-21.48056715923207,13.672995652865499,-10.522449295118966,,0.08294772818328175,0.2857142857142857,0,1
-0.9391501710289849,0.18623004342974642,-0.28864394533816812,-0.19758060849593986,-0.98023119948399706,0.010425867088082906,-0.2809961910820194,0.066821901217482632,0.95737974394441738,-18.607355434548079,13.456025525866771,-9.6971707204507869,,0.1090298801168489,0.24,0,1
-0.75268735808226472,-0.48897154399568366,-0.44087251008156364,0.56152586141925331,-0.82638594037759738,-0.042130564957045334,-0.34373019643392777,-0.27927245963165004,0.89658041767082008,9.6298672432781753,-8.2830433141812367,1.9000945141740131,0.8609956337072663,0.5628179902743637,0.4788732394366197,1,2
0.93924089316854131,-0.047036904682475567,-0.34002069671985163,0.19694430790840703,0.88514933763890735,0.42157275725535487,0.28113961688534783,-0.46292351385006947,0.84063210511035369,-20.494784777376108,17.314653127975248,-10.87887545653491,,0.3423380370822138,0.3720930232558139,0,1
-0.89077976458579489,-0.29876035124391531,-0.34242322282387316,0.28865081973193513,-0.95396552328892903,0.08142778791150404,-0.35098734346491384,-0.026306518216810484,0.93601060454823393,0.19642062573292826,25.603964574653954,-5.8162349222832326,,0.3617454143474169,0.5769230769230769,0,1
-0.60999744850766102,-0.67831570076278247,-0.40962290330600354,0.70930757149546819,-0.69786287288516458,0.099348777887126871,-0.35325045199312205,-0.2299461257494026,0.90682903428347239,-4.2243394790379831,-13.024110691402269,-1.3592731539973475,,0.2748795170267786,0.5416666666666666,0,5
0.88615305921648679,0.38533011975018233,-0.2573974639629773,-0.30167929960190382,0.90134979553134786,0.31073806700708934,0.3517418880840989,-0.19771000204569253,0.91497999937601127,-12.983409365443014,24.736192351571088,-9.7622903989761163,,0.1414058386346742,0.2380952380952381,0,1
0.45577076220916213,-0.76057971880252717,-0.46237593326377702,0.8900776097617622,0.39288907906744058,0.2310844437653182,0.0059043133442896883,-0.51687199856038601,0.85604233317524936,0.59876436609621464,-6.3308376865708524,-0.78977954435893161,,0.2939466204177848,0.2035398230088496,0,3
-0.46203351903770906,-0.75336089936011807,-0.46794484995664315,0.81016385518501133,-0.5731840828601209,0.12285981811626766,-0.36077632272280724,-0.3223466495422535,0.87517602943150385,-0.021532594870127222,-13.245033400759167,-0.22416263851134291,,0.1728658383965352,0.28,1,4
-0.061409586452107943,0.96280907046364794,-0.26311130064044325,-0.98549616569337428,-0.01670784693638569,0.16887319282350879,0.15819661847029712,0.26966561086589241,0.94987066920759622,4.2558972441735392,-15.649328686975181,1.0953794655412226,0.2124632473729541,0.1351053033174177,0.2580645161290323,1,5
-0.84289018917454872,0.45698468156215949,-0.2840794427811083,-0.49963212963003256,-0.86068645681676104,0.097910970241171971,-0.19975951550464788,0.22446341320968313,0.953788400063456,7.5950746186330385,-12.325405360811004,1.8691970235740392,0.2094266027612776,0.1606223335558933,0.5757575757575758,1,5
-0.87951513442844431,0.38557790383728013,-0.27889569445182311,-0.38427141544797661,-0.92115676305226091,-0.06169033273283954,-0.28069308431260653,0.052914061982889629,0.95833788115859553,4.491843259518598,11.807363399401705,-2.2727965443081803,,0.3351683922788067,0.2222222222222222,0,2
-0.45537337266679301,0.87950140280324407,-0.13824750968171048,-0.88816094350641517,-0.43800962179634945,0.13898816368170355,0.061686545501132034,0.18607754749282193,0.9805967144668557,9.6954698257764598,0.096887933776261287,0.98270728822081954,,0.09050183128230131,0.3888888888888889,0,5
-0.9491998521437085,0.023523068956808609,-0.3137934128008657,-0.064580631644710049,-0.99053766161914303,0.12109699802410326,-0.30797562031227649,0.135210229424155,0.94173733660311831,-26.85503168231946,15.217172924272388,-12.513766658975323,,0.3346299444830768,0.8641975308641975,1,1
-0.19049552678119272,0.97403681608313875,-0.12232634708425255,-0.9798173581465186,-0.18096162070655752,0.08491664445815017,0.06057556397700125,0.13603371915035314,0.98885055913570186,-5.6101540249521982,18.497132091295107,-6.4387997244512674,,0.3567330092844614,0.3404255319148936,0,3
0.79028619755012453,-0.40427769428543209,-0.46044247400193333,0.59119066138959309,0.70061100613236238,0.39954701847459062,0.16106311758904213,-0.58796578470983696,0.79268840546777553,-10.624771221945853,19.484490709189473,-8.1606585334481068,,0.4432319655419897,0.3855421686746988,0,1
-0.019407915850336882,-0.87026005912021787,-0.49221007944009104,0.97266487083511466,-0.13037521456939682,0.19215970563386181,-0.23140091150566997,-0.47502603394557036,0.84900169919045876,6.8777345676788588,8.8799507402592557,-1.1087163900456223,,0.2765619468437696,0.2380952380952381,0,2
-0.90856031236964452,-0.20310289669723666,-0.3650580394128658,0.23257990869891335,-0.97182825911982795,-0.038163082235704651,-0.34702268637133654,-0.11957862739350891,0.93020223984588701,-12.089714423076208,16.259529998775143,-8.1101859560125487,,0.1722598416750802,0.2142857142857143,0,1
-0.092323090022908103,0.98444099935707408,-0.14950707619864573,-0.97870935318175445,-0.062073774799432178,0.19563958821440244,0.18331516315671648,0.16438602515723488,0.96921245642523157,-4.5496216293590921,17.66707346324527,-6.0268703337564657,,0.1806094487617304,0.2903225806451613,0,2
-0.4788362015426752,0.86058480862552156,-0.1735214086363889,-0.87764340997228985,-0.47406810819167139,0.070721098179963207,-0.021399463180016533,0.18615374280025584,0.98228755821147551,11.932857322266651,-15.122569547365686,3.2727018124124783,0.5285519440917869,0.323609364591478,0.2727272727272727,1,5
-0.56789170879413542,0.78323996609108637,-0.25304972357327532,-0.82150344156868838,-0.55849679163462473,0.11494968127241877,-0.0512942742777125,0.27316018972658612,0.96060002507539943,-1.1462671133450404,-18.764248765340287,0.15351661559787955,,0.1097339345528117,0.2857142857142857,0,6
0.84631207579584933,0.44489741307454789,-0.2929541981294968,-0.39633840173273871,0.89335737928717951,0.21172733452504569,0.35590973809950666,-0.06307840131707268,0.93238906772506891,-13.583069678923565,12.847495596698133,-8.0241798171798795,,0.3908260528189037,0.726027397260274,0,2
0.82991417856237371,-0.43544235601896225,-0.34875838456701486,0.53547403425098095,0.79715978496128914,0.27893338968909448,0.15655674646631371,-0.41824183414039828,0.89474228318033311,-5.2747290021491837,-11.230657754435759,-1.9440021033282913,0.4671446121418623,0.4252460562643641,0.8018018018018018,1,5
-0.52376521254474673,-0.75132123335772116,-0.40148026904667233,0.78741355965488624,-0.60682711618182528,0.1083546821234293,-0.32503828728255435,-0.25937859466864543,0.90943546028739242,-0.99283609849593601,-12.838957540056931,-0.52107331258321776,0.373759776334756,0.1861613135536005,0.2564102564102564,1,5
0.41543163755883133,-0.78133773707757537,-0.46575518798364418,0.90828998941046057,0.38404337060275823,0.16589148450964941,0.049252915161750961,-0.49195734582844103,0.86922501127930196,-18.951403370594253,8.6656252150115431,-9.0079617104255938,,0.2902386418362161,0.2935779816513762,0,3
-0.94266273370060094,-0.0690277877667273,-0.32653045035362649,0.066022115409659118,-0.99761178143649876,0.020293196296526948,-0.32715141871760867,-0.002428591181608018,0.94496880963126439,-19.426642610853023,-12.373592642673181,-5.804177228890774,,0.1244145655493085,0.2,0,2
-0.85276511577473235,0.42988658979435362,-0.29662969715233994,-0.47911133447902055,-0.86997977539539351,0.11656551624177855,-0.20795188503939988,0.24152165600202705,0.94785194159773623,-10.186373321776987,-2.8760104522745222,-4.4722662458177611,0.2538354575815581,0.2218870116439474,0.6779220779220779,1,4
-0.9472227619744914,-0.044828961198982782,-0.31742621730921555,0.0041969771281913024,-0.99182357219135187,0.12754758730988414,-0.32054863060135297,0.1194837473609159,0.93966600956733071,1.7384974252938767,-16.179427074481069,0.55605504041019549,,0.07832450416417465,0.2631578947368421,0,3
-0.9434866984471707,0.1168237214965198,-0.31013717601887092,-0.14346054573834383,-0.98755629772159359,0.064433148664904807,-0.29875060112025398,0.1052842672298228,0.94850582570913333,-2.6075240423246897,15.917833149354902,-5.131677505891358,,0.4917599437576023,0.4328358208955224,0,3
0.90268255015962073,0.32557124560133549,-0.28136733583506029,-0.25234197693775745,0.93015268568527965,0.26671990549564573,0.34855091494998108,-0.16976261470081336,0.92178789010133722,-6.7108561189978593,21.494743463503511,-7.3057325720130191,,0.09347225714599283,0.5,0,1
0.95137419256702416,0.041596237162803598,-0.30521615090184551,0.056707097716704874,0.95025607745122553,0.3062640892033503,0.30277293601970179,-0.30867967267202007,0.90169030653162907,-11.228909604208939,16.639240008425794,-7.9085109429545053,,0.2064158388208881,0.1875,0,2
-0.94598598656833333,0.12328540585853956,-0.29985200002439777,-0.13118717681921443,-0.99133771107676427,0.0062822953834262736,-0.29648008002990756,0.045279700742999904,0.9539650469729396,1.3801968843171386,-13.557830908834704,0.28065384416293654,,0.113535290998232,0.4117647058823529,0,2
0.61340867142640976,-0.65214243030501806,-0.44546610692032607,0.7869347992629373,0.55241623604699741,0.27489984332601519,0.066808858154339706,-0.51917872909772844,0.85205048191089006,6.0528942729487198,11.329136411704217,-1.7647450163588758,,0.6858283857814046,0.1818181818181818,0,1
0.73659460421304179,0.62201924799844022,-0.26555685674387774,-0.57842027102600169,0.78285271538384571,0.22928501059237813,0.35051159625672884,-0.015286632578668984,0.9364336280559159,-19.026965984463786,-6.5982086752434874,-6.6591580484162485,,0.08867894023646988,0.125,0,1
0.85062795594393648,0.45476684906877024,-0.26385449314859855,-0.38776782710590474,0.88154562587030605,0.26928316280543091,0.35506082975767206,-0.12674550286694,0.9262113067085721,1.8067452133096682,-17.909493440030769,0.83004107272157501,,0.1403418749242412,0.4,0,1
-0.94775128390583829,0.09613897739545775,-0.30417889617820437,-0.13875348779541788,-0.98282163907400422,0.12169262669732273,-0.2872541966263365,0.15754022595274766,0.94481008870953265,-16.035515226300785,8.9256919122837264,-8.1396926050338436,,0.2091284491359944,0.7625698324022346,1,5
-0.93207596890076272,0.21987081327548255,-0.28790834247601049,-0.26394570839337378,-0.95653218064991286,0.12401149302320022,-0.2481270868293623,0.19158030392162204,0.94959461662905087,-13.322018543680128,-13.695414950351241,-3.8405902645538834,,0.1076478664115865,0.32,0,5
-0.036671137321211023,-0.9311359253941226,-0.36282380865648772,0.98174856381683151,-0.10136711572602866,0.16091757297751433,-0.18661453622683474,-0.35030072265100543,0.9178586048945806,17.001383880759011,-0.4517982459932941,2.9681265669239019,0.339875718500073,0.3318051187786359,0.4,1,5
0.47844656816866432,-0.7751665820334368,-0.41255987626795176,0.87791010541324999,0.41206433410177229,0.24387872267698887,-0.019045425196738679,-0.47887342237783742,0.87767734226150174,-4.5654688217258421,13.41326459126668,-5.3474386548256696,,0.3964517809423104,0.3620689655172414,0,2
-0.7540960812531029,-0.47742226752548106,-0.45100673909548356,0.55438172580706857,-0.83091383292806908,-0.047361422486666659,-0.35213634054140119,-0.2857449574701405,0.89126304587955274,-12.439527193261144,4.2341116771191398,-6.2206734886228663,,0.1386814781198384,0.2727272727272727,0,1
0.92763478503427055,0.13072407383931864,-0.34986414808218658,-0.036251900594527486,0.96383791292387289,0.26401188858427588,0.37172503991217254,-0.23222337119550218,0.89882857129315175,-22.855924569839434,10.918818583902793,-10.523703746724973,,0.1816832426969021,0.5813953488372093,0,2
0.16390688292914926,-0.92661446528170455,-0.33840828367395709,0.9786097901625207,0.10949791686592771,0.17416395953265257,-0.12432784212122087,-0.35971633120102514,0.92474144967161342,-11.502491318720905,11.258133129407456,-7.1589116519366582,,0.2090463069499472,0.6638655462184874,1,3
0.25134244265961392,0.96104486733014738,-0.11497712596981811,-0.95051927534014247,0.26749145230657462,0.15799186735326345,0.18259267160746187,0.069577912596600761,0.98072362587731632,-15.800575750884436,-1.5686151604480802,-6.317109907107417,,0.606790665785288,0.3385826771653543,0,2
0.18253101986651685,-0.87684460919889828,-0.4447763011956925,0.95318342553022894,0.046889984467549252,0.29873514465340623,-0.24108874731299221,-0.4784818289919327,0.84435262494030727,3.2981780215429719,1.1832121849863073,-1.0060105100414909,,0.2536005646190609,0.2183908045977012,0,2
-0.80414885051453189,-0.44450460065414238,-0.39466477701140051,0.47865822039810879,-0.87789794016478662,0.013472739132781941,-0.35246408932183804,-0.1780754521311847,0.91872640056047228,-8.0050398024858058,6.9258661255611758,-5.3178175174866391,,0.2135557139702054,0.4425087108013937,0,5
-0.87120353662539074,0.39238806557397454,-0.29501864986222009,-0.43988811643770165,-0.89075322147889235,0.11426785830611871,-0.2179514688831069,0.22932576048078526,0.94863420389083952,12.147373578303771,11.515084199684107,-0.0072542082905555577,,0.09319081317080119,0.2857142857142857,0,4
0.042114676929443581,0.98461679561939319,-0.16957629483900935,-0.9808120126360278,0.073080076986931919,0.18074041666558052,0.19035269857817128,0.1587106427804453,0.96880172481897731,-7.0779122112901005,8.6313752275771574,-5.3032790866409156,,0.1323103528384041,0.2318840579710145,1,5
0.93821246918994106,-0.12413972957568646,-0.32302738304575684,0.20399292955131146,0.95241712034061687,0.22646967473628951,0.27954292577274847,-0.27837197492377447,0.91889324528339489,1.9236057849873089,3.2027240574232767,-1.7566012701776479,0.1473146158765876,0.1581536582502659,0.5363984674329502,1,1
-0.59523975724748346,0.75992702270771662,-0.26115235313996776,-0.80213545764152983,-0.58120012763760698,0.13705881667460224,-0.047627082486437516,0.29106241906610814,0.9555178330210351,-18.076587364068821,11.718842746247958,-9.2056124092031837,,0.09449469499796115,0.2678571428571428,0,3
0.87834408036265188,0.3802109778265983,-0.28974348798899419,-0.32423424735743994,0.91923263098962116,0.2233461953211919,0.35126034409315388,-0.10223004677705856,0.93067996013856347,-11.766003423397667,-0.033939560127601687,-5.4593083372369398,,0.07328725362492344,0.3525641025641026,0,2
0.85786991222246189,0.45591634116618884,-0.23706434476964244,-0.35359283379147222,0.85848203807595769,0.37145753215174465,0.37286904081022987,-0.23483798704337311,0.8976746616935749,7.4343383116150283,-15.107191997792308,2.0439616248603487,,0.2704505491324314,0.1428571428571428,0,3
-0.88921531793278719,0.35759544531020426,-0.2853447315916145,-0.39540820949941075,-0.9144507393636222,0.086210168412990576,-0.23010533721355492,0.1894870517231266,0.95453977969234727,-15.052879473130446,-9.6129791170003198,-4.9395517926874675,,0.1106285188412159,0.3174603174603174,0,3
-0.76117003952358553,0.60698176573998608,-0.22845854545372732,-0.62199615588081603,-0.78298021815966856,-0.0079221234606117602,-0.18368710624633239,0.13607025402271655,0.97352140858280167,-16.064359433927351,14.690455860887374,-9.0968318975553508,,0.2716223678827147,0.5925925925925926,0,2
0.49446470605698895,0.82282485119585147,-0.28011411731382019,-0.81186664969516309,0.55231273407923342,0.18927014261809288,0.310446770923337,0.1338279045208694,0.941123208934317,-14.969041307956006,15.206512136996354,-8.864272068209182,,0.3252556514737145,0.7777777777777778,0,1
0.37438503228486525,0.90088775074532312,-0.21962947925561802,-0.8796062830674316,0.41999736238925672,0.22337189253432288,0.29347680383525759,0.10956037670207583,0.94966725197173218,-1.0572383516350732,-10.921816003431577,-0.61476687159690824,,0.1099760063863131,0.3255813953488372,0,5
0.92690102657295814,0.21454797620789035,-0.30793449440277987,-0.15872229857010145,0.96759389740377144,0.19639063532562681,0.34009075093954061,-0.1331586107320076,0.93091732474656486,-7.561179451791169,19.569940759646876,-7.2066394617407497,,0.3365665259269015,0.8584905660377359,1,1
-0.80482048517121674,0.53040237295596071,-0.26634058911749547,-0.5701124985272864,-0.81564889772042803,0.098430760793697045,-0.16503249883505713,0.23106319137875986,0.95883996366344693,-1.2878632831331229,-20.285691778676135,0.30238803763526356,,0.09157688880321488,0.1818181818181818,0,4
-0.90271707103307097,0.32847617097855242,-0.27785840776327597,-0.35512367315990745,-0.9334694666790776,0.050218836498805292,-0.24287664858295735,0.14400749937814808,0.95930848724274487,-5.3380201000307874,4.7692215981369177,-4.1946195774893278,,0.09131431351995883,0.1620111731843575,0,4
