axis_00,axis_01,axis_02,axis_10,axis_11,axis_12,axis_20,axis_21,axis_22,location_x,location_y,location_z,dbh,dbh_approximation,score,reconstructed,number_clusters
-0.066912487177142391,0.98090993898945944,-0.18258809011396435,-0.99749118756759569,-0.061526405897442613,0.035011885158216405,0.02310951719006139,0.18447274316017415,0.98256590478512118,8.5147171529455861,-13.91741637354137,0.75561797099660666,,0.08412554966738153,0.1666666666666667,0,5
0.82112569164095262,-0.51324377665211263,-0.24966662623395269,0.5459905242867481,0.83380442999803972,0.081636510855909991,0.16627370783214607,-0.20334944859409257,0.96488447797662757,0.96765538726626144,-15.190430742156229,-0.43330425944154749,,0.08146558457846795,0.2631578947368421,0,5
-0.94593914017993497,-0.19036537717032745,-0.26260267753860528,0.22133695115334107,-0.97069316052143517,-0.093620201725114302,-0.23708457800917648,-0.1466826891344255,0.96035154583022597,4.2269873779543596,-9.1591553609766105,-0.24946708171954096,0.2458636305838471,0.1627382426778508,0.3488372093023256,1,5
0.96474048675234936,-0.1357703139359096,-0.22548218349702323,0.15696297906708789,0.9844555286705593,0.07880314252842989,0.21127805476013278,-0.11141693732873668,0.97105501885993017,-9.5773333646812624,-14.962086104655221,-2.501113866971445,0.2990931498744933,0.2434173050274512,0.509090909090909,1,5
0.51295023541282725,0.84297078286544336,-0.16211821373660029,-0.84401713494917097,0.52971724671995457,0.083873204538895574,0.15657947471529532,0.093807770267988005,0.98320037140718686,-10.845930873511728,-13.757555659865464,-2.8097969791424888,,0.06934263401412488,0.3333333333333333,0,2
0.43757697389165262,-0.84378920694111181,-0.31071878953406246,0.89542192151446354,0.440468818312933,0.064859868681292079,0.082133880896801334,-0.30660560063980807,0.94828636564338109,-6.5176554296816507,13.348971258537658,-3.6014565379577275,,0.1736382535742024,0.2,0,5
-0.9193846784209444,-0.26500355301269474,-0.29069731676688099,0.31639779918313771,-0.93728953425945971,-0.14622161823667543,-0.23371830428291968,-0.2264099067142005,0.94557617799137861,7.1496859308112892,4.6590625390406064,-0.68887459455752331,,0.1733129091732037,0.3095238095238095,0,5
0.72392885468455237,-0.58451312221663865,-0.36643065280032122,0.65807331162434735,0.7445000660343809,0.1125129690416513,0.20704233838246081,-0.32258961798445984,0.92361756614183277,-5.1434864650413417,-1.0194659429018131,-2.4357715113108638,,0.2261001578300136,0.2325174825174825,0,2
0.14213955125173156,0.98569627648328295,-0.0905494257129658,-0.9850325245376802,0.14986627732500563,0.085152947827243849,0.097505248950408824,0.077090527613553256,0.99224481705846301,-6.5779246791643882,-15.922590794428247,-1.835133766022417,,0.2780348952484321,0.1,0,7
0.93306413734953653,0.32470068712067257,-0.15479269806915441,-0.2810923463552007,0.92668516831143488,0.2494828484127436,0.22445134976803588,-0.18927245603883106,0.95592757517101445,-7.4292611210595085,-15.973952978755728,-2.0431323756850732,,0.5451411074500384,0.58,0,6
-0.83210495365273185,-0.4497912088112751,-0.32448299582979095,0.50831306618985184,-0.85251882926659761,-0.12177632153493803,-0.22185394485394147,-0.26626962692353967,0.93801988941106274,28.30980118054342,-9.1156181699435734,2.9464897522350832,,0.3052715057910975,0.3,0,3
-0.97340757934797284,-0.015806182660994907,-0.22853413105618883,0.046621568046743118,-0.99040707673569317,-0.130077868004984,-0.22428578613185218,-0.13727340216351591,0.9648066641548817,-8.8325311639208799,-18.239890552003452,-2.1100432454440941,,0.2032162760641761,0.2380952380952381,0,4
-0.30223647561030464,0.93926706901365531,-0.16257455482688471,-0.95280023920527268,-0.30281164608992645,0.021836006106561449,-0.028719627104791676,0.16150071225479859,0.98645461272181956,-3.7573974850996588,-11.299926375477492,-1.6163961539871115,,0.07892313811887283,0.2857142857142857,0,5
0.20773741321995057,0.96102017746447133,-0.18244282845549142,-0.97351748232150503,0.22131616712081656,0.057296298181901989,0.095440446159278727,0.16570869825421697,0.98154559168681044,-1.3325260549795617,-16.076646452205587,-0.86784634683751349,,0.07261638455526805,0.1851851851851852,0,5
-0.91625094332442314,0.38670462458928556,-0.10461234238064199,-0.34633905596351339,-0.89588784082446538,-0.27827007560494205,-0.20132925066022417,-0.21873387936974328,0.95478899388527494,-11.85597181860852,-6.2329058980296068,-3.4266544450870331,,0.1206517788829405,0.5,0,1
0.30436676424057724,0.94401591562706511,-0.12725888522423748,-0.94579247440225811,0.31538778574651105,0.077505741503245865,0.11330255155898286,0.096770324194494953,0.98883670854470052,3.3365580086352824,10.331279311272054,-1.6226138265689667,,0.5616599418579201,0.391304347826087,1,2
-0.94642469928026585,0.26422995505318619,-0.18564164253973017,-0.25464620037006058,-0.96418787505615655,-0.07414212184571059,-0.19858399036515703,-0.022896996468628202,0.97981637377794739,0.091841828113104179,12.855699118458393,-2.3503313455007744,,0.3294091753910092,0.8279569892473119,0,5
0.79313376676786562,0.60813473944223961,-0.033331167038324505,-0.57120822491695211,0.76173196843189195,0.30575410390720942,0.21132910779124128,-0.2234648673782865,0.95152691041702175,1.3915282306274821,-5.9440801004609538,-0.9758348079774638,,0.3787819017793208,0.1122994652406417,0,1
0.38857077496000497,0.91836411504343551,-0.074967359880615536,-0.91174684387858551,0.39497486548299715,0.11274993709145942,0.13315571908266269,0.024539923332741208,0.99079127299265368,-8.0472150794897797,-11.890946509880362,-2.3454225173045495,,0.135954094890242,0.1923076923076923,0,3
0.44619119715728783,0.87416026630830301,-0.19172178902551529,-0.88349190570035563,0.46441092255225613,0.061355909056241741,0.14267259071490074,0.14200818223595577,0.97952958507476395,-5.4593609334101885,-5.3476723778787099,-2.2755806766118636,0.1464930661380384,0.1010166275327661,0.5,1,5
0.26120986819981157,0.96218696295790851,0.077237640233717278,-0.95983229748556298,0.2504117672917624,0.12655397072159374,0.10242736674650384,-0.10719232769024253,0.98894814799650876,-15.418957814654096,-9.2624709272282644,-4.0082583879045455,,0.09128276520429411,0.4285714285714285,0,1
-0.93596813953735214,0.28164258068457587,-0.21128440197117856,-0.28247926724013883,-0.95889733489806928,-0.026858233464868111,-0.21016447214136985,0.034545012240717009,0.97705554436727238,-5.9133779559792927,-8.2383924602517844,-2.2536741865226495,,0.08675783928878666,0.25,0,5
-0.047784284279017299,0.99550984656785024,-0.081711734545268214,-0.99819394184025778,-0.0446107413503017,0.040233521217805893,0.036407645479338828,0.083486688415763677,0.99584359023293345,-4.386747578624937,-2.2684985138038689,-2.2264088406530247,0.4715975602238215,0.4367801959605507,0.7722908093278463,1,4
-0.066386765775189691,-0.96364799380870181,-0.25879594540559331,0.99648511138988471,-0.077311306536558752,0.032254994340417238,-0.051090313252124431,-0.25574500173038572,0.96539332604991901,-13.386226885562964,-8.8821150973697574,-3.613331032120473,,0.09922881236483411,0.3157894736842105,0,2
-0.72073884037306912,-0.62992568121306247,-0.28935991451122273,0.66474174007576792,-0.7464392509407729,-0.030771149735066405,-0.19660606038147233,-0.21452757585736354,0.95672565357997974,2.6547160529925438,2.3925908566663474,-1.2475640256991982,0.6127182383036298,0.4443491712074522,0.3409090909090909,1,2
0.65776743198169618,-0.66976525472429083,-0.34461066290570619,0.73969566160402012,0.66069819228149795,0.12778195068221462,0.14209973127488848,-0.3389578178476883,0.93000820646461924,9.4980629829332806,-17.265434719154037,1.1858027090141143,,0.3445955560778185,0.2631578947368421,0,5
-0.8041813059472237,0.556775275947332,-0.20807142826152211,-0.56574494244873641,-0.82435409288937733,-0.019312939450211418,-0.18227750069246984,0.10218425333829056,0.97792294743042107,26.130770489693987,-3.2458611752974433,2.2970616232802405,,0.1215879232997694,0.35,0,5
-0.96263822780288089,0.13682795032307499,-0.23367874182927986,-0.13941375535337036,-0.9902189574403073,-0.0054973761106397448,-0.23214531481552608,0.027286046547958465,0.97229832071899769,-8.4767337910260121,-10.039694738856596,-2.5618759537931854,,0.07187020115623906,0.2222222222222222,0,5
-0.9692501657103777,-0.096832627976357236,-0.2262245752114419,0.1204885154966376,-0.98833144014917329,-0.093185202935215011,-0.21456149212713241,-0.11757723662279641,0.9696076317378719,24.011912217060111,-3.148213651128605,1.9134936040371699,0.4748096548371293,0.2470814619900195,0.2380952380952381,1,5
-0.48122869718029443,0.86494359278739896,-0.14244831450804543,-0.87482067337644664,-0.48420545851750607,0.015292592161986437,-0.05574702183379307,0.13197596462189051,0.98968409824488146,-11.546685469148656,-2.0577796227630589,-3.6424859919097101,0.649799278108777,0.3721757294910937,0.792147806004619,1,2
0.033462125967639943,-0.91094365859257187,-0.41117142045101518,0.99896944769517182,0.017862217701049971,0.041725097368415252,-0.030664779427369532,-0.41214389726014378,0.91060259128441468,20.77501182772405,-8.2217917782874821,1.9137867162186282,,0.1470293550929278,0.2352941176470588,0,6
-0.083489783117709757,-0.94326694058519667,-0.32136728973870726,0.99455313746811191,-0.099067431061314812,0.032399087259492372,-0.062398019738565118,-0.31691185352074802,0.94640021356229143,-15.829210051795849,-13.1953440238865,-3.8171319171670564,,0.07807021980099622,0.3846153846153846,0,2
-0.54256261019797725,0.8204709343162061,-0.1801478835774965,-0.83499957096409649,-0.55017560700038348,0.0090839392080723155,-0.091659863107764764,0.15535201126491091,0.98359759154392734,13.785647249936785,-7.6012832708937381,0.98671529908444522,0.6092973135102191,0.8611330964877446,0.7916666666666666,1,3
-0.31368650495495903,-0.808663255931511,-0.49765903499825076,0.94255532072424009,-0.32858277160598182,-0.060189945822844738,-0.11484878747104063,-0.48795194508268835,0.86528183576592721,15.613586291386017,1.1886663966199569,0.52377669044391284,,0.4142068853517554,0.3035714285714285,0,2
0.18529421376664415,0.97864937936878893,-0.088946313052794046,-0.97589043344752291,0.19388212271140631,0.10023763962965981,0.11534260379498788,0.068228401373648093,0.99097980251657425,5.0282239474199564,-14.666600892132539,0.18879967911268075,0.1657325627928429,0.2865951969828959,0.3823529411764706,1,4
-0.97194464896976562,-0.031963745576040925,-0.23302772004160802,0.043957706140827668,-0.99795256050509418,-0.046458659603614623,-0.23106561710881299,-0.055398609640297095,0.97135970404379357,0.04563126151053478,14.186722427276559,-2.4101571790809868,,0.07892368518727796,0.2272727272727273,0,1
-0.83642246509392704,-0.4220621565936446,-0.34965839880906729,0.50193866013236799,-0.84609270826141902,-0.17940097684065537,-0.22012505843434146,-0.32556207549157179,0.91954026211520401,-3.0532557649511585,-10.007907914365703,-1.5672637906138749,,0.3654112626127979,0.3469387755102041,0,3
-0.026296675899745263,0.98383387604233785,-0.17714228514991254,-0.99856275048989274,-0.017573931184804471,0.050631909669411265,0.046700301612338832,0.1782191384061233,0.98288199725862058,-13.216093642642573,-16.095346887917078,-3.1402503683804626,0.1607920146033052,0.1679725415866061,0.6896551724137931,1,4
0.96257896905553186,0.15385065760120017,-0.22309572718379952,-0.14033812250956601,0.98723568313728005,0.075305493232295406,0.23183386228607783,-0.041178648546880456,0.97188341852373061,-4.5722540238959137,8.0954753214056403,-2.8939861663218918,,0.07517912078949673,0.2608695652173913,0,5
-0.52758913635802396,-0.81138819838278431,-0.25159271595603477,0.8343145023806483,-0.55065980226736988,0.026326664889290308,-0.15990314041420917,-0.19601778922332708,0.9674750704765851,27.439667045429655,-12.185461893596102,3.140904661323924,,0.0900744428575033,0.3333333333333333,0,1
-0.96190732403065404,0.15604341342352052,-0.22446548310001394,-0.16097797301166428,-0.98695092648427785,0.0037364310353336875,-0.22095337105652471,0.039728098859147125,0.97447487703880575,-6.8017952378653233,-2.1114125582345102,-2.6873350607435667,0.3813307031729332,0.2469238128584241,0.8406130268199233,1,5
0.45192769504235331,-0.84405529276966407,-0.28867286190638719,0.88936746806310851,0.45142104792697851,0.072419225620867167,0.069187175146287805,-0.2894645060038053,0.95468499231906401,2.533363806292273,-4.3812257871476303,-0.86622559956573209,,0.09979493639195251,0.504424778761062,0,5
-0.97394882126998572,-0.075141390525335611,-0.21395668948813609,0.099265145091314386,-0.98957707214761181,-0.10432472980918624,-0.20388752908602334,-0.12284538945226391,0.97125634400683125,-14.443286471704756,-9.7987856022283673,-3.7370434994511625,,0.3166494204723926,0.1666666666666667,0,2
0.89386423460396325,0.40609406624965444,-0.18998510323889656,-0.38547631731204673,0.91251115713709074,0.13686269357232425,0.22894265414600051,-0.049101908895183462,0.97220073218211245,-7.9835538102998784,-3.54194909044489,-2.8562605073048979,,0.07203817134495454,0.3464566929133858,0,3
-0.56170813007328135,-0.67371142197454481,-0.48020505673161562,0.81032030245869746,-0.56510973464947545,-0.1550225636081555,-0.1669280804203499,-0.47619734113646212,0.86334877556045719,-44.481038697887897,13.370937934495121,-11.124228806915633,,0.3581299393112208,0.1666666666666667,0,1
0.065250779207615267,0.97842744472901788,-0.19601548717854811,-0.99675434451185618,0.073189666763181116,0.03352684559923113,0.047149894056500552,0.19319163563710262,0.98002748910952586,-7.6233471644585231,4.9026282294142112,-3.1903005706012517,0.3643551667068752,0.268876050643369,0.7616645649432535,1,2
-0.58009413825016309,0.79410765125622373,-0.18133898914498156,-0.80808510759600705,-0.58903970551163942,0.0055393332009097051,-0.1024170378860383,0.1497506712742358,0.98340504717210242,7.5028467032477968,6.7956479305910999,-0.80808326991486701,,0.07758280583455773,0.3125,0,1
-0.31177055126998404,-0.86725846495236636,-0.38815187533911938,0.94156320474586586,-0.33681577424158504,-0.0037236663030132209,-0.12750629329372259,-0.36663045316845505,0.92158789921525575,2.601599118295892,-17.404428121266957,-0.017309724757208274,,0.3379899381246448,0.3125,0,4
-0.67278860367744031,0.72728216011803803,-0.13570613227043632,-0.72876267146001106,-0.68309090284676433,-0.047872613616364072,-0.12751652225586016,0.066689414617565487,0.98959186462386495,8.1118966290639936,5.531844330628398,-0.64069307647190021,,0.08677029131866701,0.1666666666666667,0,5
0.77945010952595206,-0.53486228711666661,-0.32615925646884425,0.6082087316083391,0.77085610988442055,0.18937527993176262,0.15013216029670676,-0.34598149036355497,0.92615179251052404,-5.1681814338931638,9.1184286425333116,-3.0647769945417345,,0.08214995996801114,0.2222222222222222,0,5
-0.91753526776201599,0.35523971389630565,-0.17870024645690336,-0.33743428737154435,-0.93330807928864701,-0.12277675203635377,-0.21039756205561216,-0.052352409738321948,0.97621313813923183,6.4080556171268324,-5.028518421803664,-0.16318851011280344,0.4668739349206974,0.4772683312961675,0.3319502074688797,1,5
0.94779395950052803,0.23387889347108645,-0.21676548046921773,-0.21576757924428591,0.97087986887042865,0.10409914490138612,0.23479983407441213,-0.0518935777421363,0.97065755779664575,2.7613807274138287,-13.80243824451029,-0.23585335884717784,,0.09727961427444043,0.4516129032258064,0,5
-0.84788036518192544,-0.45735697838682815,-0.26818553402418305,0.48218240610790847,-0.87550904450823774,-0.031369415427483956,-0.22045183959076864,-0.15591185748731345,0.96285641666652588,-13.487345981378457,-6.4174207513300816,-3.7952285564263666,,0.09999413535763405,0.25,0,1
-0.94884472769411488,-0.2012757838827495,-0.24327297743371612,0.21327899643773193,-0.97670217748074395,-0.023768175842646292,-0.2328212885575428,-0.074437324822683559,0.96966660882369637,-40.045533921436039,20.793826514451101,-10.583319725672217,,0.1054823607319711,0.8333333333333334,0,1
0.064783502804863252,0.99323788753794007,-0.096341042777743177,-0.99590610622109377,0.070451085775621813,0.05663631436257182,0.063040664303863139,0.092277533951697327,0.99373574524212471,-4.7350399660037166,-6.4612060423882429,-2.1097593152224112,,0.08001634045982466,0.2063492063492063,0,5
0.67585950645793258,-0.66746691422407578,-0.31257294500105143,0.72204365694489747,0.68471272171967068,0.099103209740555115,0.1478745583123732,-0.29267115869424393,0.94470985380300188,11.790601466619668,6.9988624345321284,-0.22174948880182643,,0.2369461295904943,0.2592592592592592,0,4
-0.37149495029364393,0.92683456434703915,-0.054490294896959571,-0.92689271524081684,-0.37362000404959655,-0.035748944145053661,-0.05349202127261321,0.037226105163098745,0.99787415075978203,-4.7560925313199958,11.171355110224777,-3.135691845667774,,0.5717709303622179,0.1818181818181818,0,2
-0.053683099963102138,0.98989856877797677,-0.13122099035468954,-0.99840985092402523,-0.050945933442544326,0.024130508563522064,0.017201580050040417,0.1323077299215045,0.9910594181212351,-10.017456745886262,-10.362743533852459,-2.8481187850086047,,0.1079665273004201,0.3809523809523809,0,3
0.78228317236887235,0.60420170518555061,-0.15156958032324719,-0.57725852761160057,0.79459351469406314,0.18813223728490039,0.23410602411766263,-0.059677850639979456,0.97037772213443352,-2.2387238776893477,-16.980152665642798,-0.93947473833049588,,0.2083358009512572,0.16,0,3
0.97488034415650471,0.052784950981010215,-0.21638406486437142,-0.025457363678738743,0.99155206761900327,0.12718655524468722,0.22126960300010615,-0.11848310491548479,0.96798838662339493,-4.1734424362362734,-1.3984306047447532,-2.2545735968730787,,0.2446011164121798,0.2970588235294118,0,5
-0.7297081977695532,-0.60485086330705018,-0.31887517818830985,0.64210181604409444,-0.7664620787024089,-0.015528674897049717,-0.235013199503318,-0.21608173237897343,0.94766949987393545,22.079564989470445,1.2621616520504069,1.4712305122248279,,0.1830180814836405,0.3684210526315789,0,4
-0.36725222210297409,0.90980046355868005,-0.19336215211058866,-0.92890352124014797,-0.3693932287531384,0.026208601240537983,-0.047582072128919788,0.18923995101389732,0.98077733831495906,9.343589739469671,-11.667950552309289,0.72178313678088946,,0.08961577642942296,0.5,0,4
-0.77301838786394927,-0.57997437051335676,-0.25704532979973893,0.60015903671227688,-0.79988069246170257,-9.2084633709182549e-05,-0.20555218966679234,-0.15433926063909773,0.96639934289534979,2.2480077340103604,-10.537393177981553,-0.53695214415803039,,0.09556020690682997,0.4857142857142857,0,5
-0.3269355545047446,0.93436649831729301,-0.1416770624446832,-0.94288764572476891,-0.33263006696324238,-0.017892067841119564,-0.063843799544492791,0.12773599874079555,0.9897512232300667,-1.6749270957209843,-6.344686520711174,-1.5040561869398639,0.2120633096384484,0.1980448267167682,0.3988095238095238,1,5
0.96487208291889137,0.14196524816446682,-0.22106047117782593,-0.094773033089002492,0.97285699215189891,0.21110979375735395,0.24503047933445324,-0.18274337507762886,0.95213702956158908,-4.0266882681411111,9.2356223307262688,-2.8580287149630395,,0.08845026042811008,0.4,0,5
-0.071088866644636442,0.99028791864631971,-0.11948310015362938,-0.99720257212924157,-0.067784544339219682,0.0315005664639572,0.0230955228996211,0.12138819436776176,0.99233638605572061,12.613632426545026,-11.904389795634009,1.212355478723016,,0.2349109886455183,0.4166666666666667,0,5
-0.93932495629000412,-0.24779490218069875,-0.23720521272527051,0.25245177522020434,-0.96754649047951302,0.011040378116100423,-0.23224282051109868,-0.049512374352649553,0.97139682782424908,7.362291446489472,1.9331786551183001,-0.49433449604939389,,0.2656082950214605,0.1052631578947368,0,1
-0.74929942955501161,-0.61741411058021844,-0.23947897804394749,0.63056964341945954,-0.7756690362795754,0.026822955746379749,-0.20231729947384974,-0.13090974835188682,0.97053096195848165,0.67819792626374797,-10.971658484504262,-0.77768093631995405,,0.09031210795191967,0.3658536585365854,1,3
-0.094490911789448725,-0.9571093191234803,-0.27388541187179999,0.99380598720504454,-0.10685165420307145,0.030534960119073824,-0.058490404209620789,-0.2693036859032088,0.96127748198651763,0.45832951007494743,-8.8551657077226569,-0.98428782384382008,,0.09720884122229681,0.4313725490196079,0,2
-0.318910726371812,-0.87687102930026439,-0.35971258885240309,0.94061173151172617,-0.33942183295349881,-0.0065107493424323617,-0.11638521876731628,-0.34042622884904444,0.93304044047624324,0.93510964877941305,10.868489571567387,-2.0572802346893897,,0.09263308096433646,0.3,1,5
-0.16297694435664606,-0.92021348154131266,-0.35587310097531605,0.98314544612971522,-0.18175641491895417,0.019739234793002318,-0.082846528971194419,-0.34665797845344015,0.93432579896522161,-3.5920180596739848,-14.364037496681208,-1.3977446557374995,,0.2426932431695648,0.5333333333333333,0,4
0.65746536080743934,-0.69227316081190449,-0.29748473936966713,0.74355385057212176,0.65998188145699632,0.10747831152309052,0.12193018755712068,-0.29185919030926316,0.94865760018792167,-6.2050845611420211,6.2093167184751614,-3.0061066700629744,0.300094667302729,0.24517024133858,0.8006230529595015,1,4
-0.8664062638100658,0.46033700289496993,-0.19346842066952361,-0.4550132753768531,-0.88741819504029096,-0.073836754683974007,-0.20567718702255594,0.024058073013224459,0.97832413026633458,-4.9138842153087277,-10.50509239047731,-1.9147651441090681,0.1659794507215724,0.1516147965954716,0.3243243243243243,1,5
-0.92992321009111734,0.29024677656925868,-0.22583098110088101,-0.28863664566821545,-0.95656590649009865,-0.040872402892140301,-0.22788530034039628,0.027174900771323899,0.97330869443195467,-11.35183571239031,-16.153084851394684,-2.7255344417731462,0.1341287509180149,0.1597560458433027,0.4210526315789473,1,5
-0.15077497845798177,0.97793862029419998,-0.14457856275420941,-0.98851302010475495,-0.14760151812053179,0.032493090525412702,0.010436232767310738,0.14781693673457055,0.98895967473908453,0.45241272625795875,9.0881169320282087,-2.0277425739788102,,0.1121511692918528,0.367816091954023,0,5
-0.63240963892718227,0.75616158079980067,-0.16815978209529511,-0.76754125381061189,-0.64098557338662654,0.0042330141804305995,-0.10458715165270055,0.13174656895936182,0.98575066283346258,5.9437681846879711,10.847500110571708,-1.2895351603442997,,0.1882881382587061,0.3181818181818182,0,3
0.83182048481157012,-0.49640330614012046,-0.24831117312960999,0.52721093826202936,0.846522574534191,0.073811634454718514,0.17356067418835427,-0.19231039612346512,0.96586407113947503,-8.5686499685049924,8.3270858888677832,-3.6387561994420357,,0.07157752878510586,0.15,0,2
-0.97000824959599585,-0.017735412276612472,-0.24242411362546179,0.074152074640241442,-0.9713849601668656,-0.22563849181415288,-0.23148534627975981,-0.23684744945427644,0.94356654251024807,-6.3227731335828619,7.8023797637763268,-3.1710910954649574,0.3487377367608566,0.2085023106187371,0.1645569620253164,1,5
-0.8699946050641133,-0.41005310245768695,-0.27379890489949554,0.43932168730244558,-0.89677093515018924,-0.052899385020883184,-0.22384334304390147,-0.16630797646138587,0.96033109641427794,14.784481627461448,0.46592341697337808,0.44331524852998588,,0.1022457312819915,0.35,0,1
-0.28031484377408428,0.95951942090034181,-0.027314268706720803,-0.95985875749846283,-0.2804754842225089,-0.0021606488971073561,-0.0097341673202226836,0.025612178064768988,0.99962456068333982,3.8265603150737033,-18.398347584896133,0.28426569734932838,0.5603319015252395,0.3204775760578526,0.8518518518518519,1,5
-0.72842079147406535,-0.63884520520656862,-0.2475478829092963,0.6561327205954659,-0.75446834446560318,0.016351457529089473,-0.19721309163513931,-0.15051352425583042,0.96873767114931619,9.8586214732365693,-6.4244240778903832,0.41452248076588138,0.2605071899687285,0.253036294090689,0.78125,1,5
-0.19803008778048656,-0.92129445233606189,-0.33466493157850907,0.97621733260731602,-0.21610591118369735,0.017261363460651963,-0.088225868376058503,-0.32328743750145827,0.94217908536701811,0.66108893700834548,-10.149898860913877,-0.86245156843182957,,0.07710830559666598,0.1818181818181818,0,1
-0.090956473132024068,0.99068006818622412,-0.10138995262806914,-0.99566150963936562,-0.088460049457228393,0.02886135604376892,0.019623409949442821,0.10357520045147586,0.99442802637163907,-4.8953093880282159,-12.447711803798985,-1.7681218569652972,0.58944452650421,0.3832299700240261,0.851063829787234,1,5
-0.72489409005586936,0.6724058013871631,-0.14966294285146559,-0.67279130323943714,-0.7377261784649447,-0.055784835689366832,-0.14792031803458897,0.060253828661727141,0.98716212226976685,-3.5083774548607694,-12.747559441461259,-1.5018379161812041,0.1068746801924787,0.2259548942964572,0.3541666666666667,1,5
-0.76226547573964309,0.62232510005265274,-0.17794047976745292,-0.62926841487097196,-0.77689298066450896,-0.021413982347756995,-0.1515671684145028,0.095649184202851983,0.9838082267495728,-9.5420357016972037,-7.6660380986929155,-2.8845222201198908,,0.09996784461832935,0.265625,0,5
-0.73520964127840938,0.65746598973926562,-0.16494015795870137,-0.66422681281357521,-0.7473118286698377,-0.018104470985490104,-0.13516480500038996,0.096247093807098297,0.9861374003772978,-7.8112535378041796,-17.788244169753504,-1.9820039369065299,0.2307540814398807,0.2968163072552262,0.75,1,5
0.88081990440795155,0.45429136274472792,-0.13332536793237962,-0.42280835317619214,0.88148749404765003,0.21026862419778722,0.21304786430096612,-0.12883771021378712,0.96850991318812263,-9.229550548119084,-15.830957820872296,-2.3655568195359007,,0.2836008855438236,0.1923076923076923,0,3
0.8516162994856129,0.49900006578485162,-0.16046374293635612,-0.47664249771520273,0.86459538669233971,0.15901807030063286,0.2180862394151549,-0.05893854135485295,0.97414816148300465,23.845899547740554,-10.5708319817989,2.5171188243558134,,0.1831047259556863,0.1818181818181818,0,4
-0.837648504703571,-0.45590323855449522,-0.30082755798529009,0.51051416208824063,-0.84930002192536269,-0.13440521963420538,-0.19421707668279789,-0.26616105994885936,0.94415995323445401,6.4290522046781469,-9.7286168479254211,0.10048526912859945,0.4967305285680115,0.2107620734533662,0.3333333333333333,1,5
0.96951721712939731,0.10134429601581227,-0.22308227037290146,-0.07013344285834372,0.98714049226431633,0.14364869900211072,0.23477151846530347,-0.12362435923887732,0.96415732736948723,-11.748346455408951,-14.163782225224805,-2.9408174339697246,0.7070801726104897,0.2350343860408129,0.2631578947368421,1,6
0.92218437595254177,-0.30703869804905398,-0.23516635526657151,0.32889198386675389,0.94251304908520972,0.059154165130552994,0.20348474069868816,-0.13189537597824913,0.97015337452298978,-8.2867359317300178,-11.105340383745949,-2.4456958953421495,0.3077641635759341,0.2909217890605981,0.9075144508670521,1,5
-0.62375861103676511,0.75970188645760273,-0.1837885711088855,-0.77291606590450446,-0.63450814335749206,0.0004136178584896539,-0.1163011187572581,0.14231113704060147,0.98296571153322643,7.5926782478992703,-10.768995466900162,0.39138853007981356,,0.1365403009431504,0.3541666666666667,1,5
0.61706997038176692,0.78400796174770904,-0.067499389399066051,-0.76646373147609048,0.6182484694538618,0.17407520888886949,0.17820774389681221,-0.055680750122088812,0.98241623260258082,-17.154731678182092,-15.06011743627049,-4.1102815337353471,,0.4256004031628729,0.3448275862068966,0,3
0.43549758320691606,-0.86712633525621352,-0.2417307877082773,0.89803404346598081,0.43707086748262824,0.050039120437158573,0.062263245956798191,-0.23887439273206318,0.96905227552480944,-9.1946693488293061,6.2728803640485786,-3.5930842453709699,0.2718939036993929,0.2091510495429567,0.8510158013544018,1,2
-0.45324277660659223,-0.80297006740221533,-0.38705304069342783,0.8694648997751504,-0.49395082321497874,0.0065857652731081831,-0.19647334046362219,-0.3335440826957155,0.9220339317973818,2.6823268193445768,-8.8249824165353274,-0.60002585472011705,,0.3721710747009148,0.5,0,5
-0.26243221588144527,0.96409577506271049,0.040603799991946077,-0.96472524915630697,-0.26122959215438563,-0.03262351641308564,-0.020845280229730562,-0.047732972766053705,0.99864259753079787,4.2900757105983249,9.9523223421975331,-1.4513042582549043,,0.3218891184371386,0.2857142857142857,0,1
-0.18993287530435998,0.97789813139761717,-0.087411369327269894,-0.98160111825451257,-0.18736210889864086,0.036806042853663519,0.019614982031862894,0.092793775427578051,0.99549212338510595,6.1436084547786098,-11.385544415122782,0.18987874975409905,0.4682604376931,0.203556591490479,0.2777777777777778,1,3
-0.94737804935261649,0.26295407500569018,-0.18256501867207076,-0.23395425089352181,-0.95800673633145728,-0.16579656701030163,-0.21849540062363476,-0.11436016606079372,0.96911377676971733,-18.013073798701257,-14.40781073930834,-4.2789394007681327,,0.2963336305830157,0.25,0,2
0.5559336238444248,-0.77297329594816777,-0.30569607395292386,0.82566774739644011,0.55597718365523152,0.095719079415158614,0.095971749950148386,-0.30561684345896761,0.94730553054739564,-14.914629610227802,-3.8112009950710015,-4.2307165983061212,,0.6451854056024335,0.8174603174603174,0,1
-0.28451393392983493,0.949613530997785,-0.13147609343789343,-0.95863532125751427,-0.28301295148376893,0.030364290374552804,-0.0083750962545928401,0.13467669077596969,0.99085420053828377,7.9193751382703219,8.0752430410299034,-0.84877154825135726,,0.4476844078256373,0.125,0,4
-0.38632800831257613,-0.78211907018261484,-0.48891761069726403,0.91178985668539025,-0.40385753998031559,-0.074420055406355753,-0.13924771897189286,-0.47454066997227035,0.86914971397532825,-1.9977901481563047,11.863937529007115,-2.6465744072771207,,0.5000961595071155,0.1692307692307692,0,3
-0.70974749971514073,0.68893335325504057,-0.14706910423631026,-0.69092345792280774,-0.72149832404040382,-0.045441651586160224,-0.13741638162932199,0.069361395456357638,0.98808184624566897,-8.5927870821457724,-14.887691537400096,-2.3459651655157057,,0.1880129150808012,0.1818181818181818,0,2
0.49312067608374704,-0.79485350153165202,-0.35360982724124085,0.8639701959661733,0.49506392575248598,0.092017443458886392,0.10191908212342042,-0.3508840556671235,0.93085599325444013,7.0964453772315403,-8.3680124219851173,0.099293613737090516,0.5769104745370219,0.3415371026551133,0.125,1,3
-0.52008357737323718,-0.75280312468154476,-0.40348547435609056,0.83956879212346025,-0.53740042108497577,-0.079530061675105457,-0.15696278488549878,-0.3801160913292071,0.91152314357540876,14.098025151458533,-0.71902513294150261,0.45982280016603566,,0.1265827407996141,0.1176470588235294,0,3
0.20839018342926519,-0.84851816137830982,-0.48640565504678346,0.97801673714898885,0.18461866661360404,0.096949521887740461,0.0075361334093621149,-0.4959162003292375,0.86833768140294854,14.376685088973236,-11.523526525392297,1.3820431296482376,,0.168963371991718,0.3333333333333333,0,1
-0.19635122569023658,-0.93385244709454618,-0.29894113672338457,0.97651175005855417,-0.21382147920193045,0.026555169543390413,-0.088718646109606322,-0.28670539249798904,0.95390199692895716,-1.7364288677231781,-17.920784650669571,-0.79123814343028531,,0.1033449166460232,0.6363636363636364,0,3
0.014655105191071506,-0.94981831728471922,-0.31245862452853179,0.99925330722806571,0.0027395150720657736,0.038539889088349343,-0.035749907490942853,-0.31279012006070989,0.94914924269410583,10.675237379392096,8.811552387928872,-0.49695729063067318,,0.3247569278993746,0.3548387096774194,0,6
-0.97058059915988781,-0.033687131957845659,-0.23840821645842614,0.068040163031762399,-0.98818052986542615,-0.13736730546056844,-0.2309628471184148,-0.14954737555484082,0.96140092870540506,3.9845837376189523,15.805195786432289,-1.9451227484027178,,0.2298833267849142,0.1111111111111111,0,3
0.44892513104246079,0.8787139915475084,-0.1622588912114043,-0.88195786649356878,0.46490356546259559,0.077556408827887599,0.14358463862343282,0.10828848451618012,0.98369561129069127,-8.1352826945224308,-0.16689417351016972,-3.0400265896506578,,0.07544738496656958,0.2445141065830721,0,4
-0.53251345082089929,-0.8103935035777613,-0.24431904152926398,0.83085880588889183,-0.55556986651774209,0.03187111692963987,-0.16156444340170326,-0.18602282864320396,0.96917100547420343,-9.5829392233148667,-12.271961929938625,-2.697166951550503,0.154112664664083,0.1211580778791193,0.5263157894736842,1,4
-0.95123335698370592,-0.15589953570105949,-0.26617745082877164,0.2073415261900991,-0.96202805077989995,-0.17751484735026188,-0.22839569190041556,-0.22404768305166728,0.94743761992044084,-9.3209274366275157,-2.9097192164616867,-3.1232802097521031,,0.2970030480703698,0.1728395061728395,0,2
0.91727093956266059,0.32870668677640158,-0.22486871170155082,-0.32374009443840301,0.94425998466746075,0.059711243571222594,0.23196201130109317,0.018027629469471864,0.97255777714687153,-8.0346578814535743,-8.2947872478264362,-2.5953884269670513,,0.08575542385606118,0.4615384615384616,0,3
0.92352626673714056,0.31585911750145501,-0.21755976773696323,-0.30631140468467161,0.94879461472782622,0.077214651612104251,0.230808487726649,-0.004668720882355459,0.97298799840422456,-14.494580316189486,-5.6469816215254323,-4.0465297741203345,,0.09936890752466358,0.1666666666666667,0,1
-0.76227138336777855,0.62364670613089668,-0.173225644841218,-0.62558868923276378,-0.77854615188783471,-0.050046790952836408,-0.16607567552957705,0.070218767524981254,0.98360977764795865,-0.62751669129481225,-11.49907550873745,-0.98478149263895265,0.4217185167822465,0.1368099415580989,0.375,1,5
0.7660957206758533,0.62825127022631,-0.13563807806502096,-0.60863483774700988,0.77693970945873903,0.16102273798082398,0.20654534863515012,-0.040804770863198177,0.9775857965580238,-10.5772060814386,-1.7183577927178362,-3.480604392317677,,0.08349747308073671,0.2429906542056075,0,1
0.33818644115739438,0.91793239829061657,-0.20743684143789851,-0.92929520496318352,0.36051096381342085,0.080263734044413532,0.14845993752433731,0.16562595551046355,0.97495009606210858,2.039349666073571,-14.965357641856798,-0.30209160865528262,0.2560273106001983,0.1612656477532364,0.4210526315789473,1,5
-0.84410594185955679,-0.48064521854506553,-0.23762435230244469,0.4953462338844008,-0.86869206373950003,-0.0024913796477686596,-0.20522491928109216,-0.11980931635634551,0.9713539314895957,8.1669518933794869,3.2580123785654731,-0.43542934215654872,,0.2832094173511784,0.8110236220472441,0,7
0.021114189964973502,0.99397689341815665,-0.10753662786657406,-0.99822359376044523,0.026952852085764433,0.05313379926586724,0.055712187554480319,0.10622372199859091,0.99278027430175164,-11.038906880376404,-3.4581165192373708,-3.4270413156462927,0.3070596489050254,0.2315099140753018,0.59375,1,3
0.87538807664359419,-0.41819798995641438,-0.24249980714764255,0.44388642545607759,0.89403311298405297,0.06057750559300519,0.19146946640667106,-0.16067119867748253,0.96825833812546425,-12.327125301716785,-5.3758539824676159,-3.5696112910374755,,0.217413886278049,0.5135135135135135,0,2
0.83425649301460625,0.5342038440004625,-0.13653701665885892,-0.50719589909800655,0.84063298717216128,0.18996973657974001,0.21626008369816391,-0.089232471293472893,0.97224952675006437,6.05977205309184,1.7780625291959846,-0.70586417369200372,,0.4539966178122693,0.7358490566037735,0,2
0.95184363418634932,0.20820161205736656,-0.22504618369489496,-0.19995575868232079,0.97802123682263775,0.059094457385572702,0.23240350821082734,-0.011249402678880208,0.9725543996665007,2.0607819382149692,5.6360860798104921,-1.5396584910045628,0.3167073781593013,0.2182969340130241,0.6043165467625899,1,4
-0.22739895367973528,0.95757098515018269,-0.17705232069608901,-0.97377013612802932,-0.22506502359138963,0.03342838825021914,-0.0078382300656304298,0.18000984293731381,0.98363357943653107,5.242457562010407,-13.693894445388493,0.17320996156879104,0.2340285778675907,0.2060090696270236,0.2222222222222222,1,7
0.53384541168829702,0.82522730503388197,-0.1844152147895321,-0.83007484782353058,0.55301635930339166,0.07175411732831051,0.16119808755098666,0.11477282504730225,0.98022567564850382,-14.40081900958287,-2.6142852710250137,-4.1664807543100055,,0.1552221356012379,0.6,0,1
-0.18192013835237153,0.9830589273968483,-0.02236534209913903,-0.98318983539519422,-0.18221067235924165,-0.011705488198434415,-0.015582388694437965,0.01985991298446858,0.99968133573595563,8.1118704243786777,-12.266413726490018,0.53617853245246261,,0.3100698434389731,0.3684210526315789,0,5
-0.84075258837286615,-0.4471023515897124,-0.30534336794382094,0.48637223694857712,-0.87146625474640516,-0.063155474536352174,-0.23785948009268781,-0.20160866559060325,0.95014568024530499,16.201948617874436,10.088306581172002,0.085726086331144188,,0.4805729152679796,0.8636363636363636,0,5
-0.9482767395345898,0.25042839390789268,-0.19508163619972604,-0.23258907417701244,-0.96634475680255583,-0.10990966096613559,-0.21604061616077916,-0.058850917791688162,0.97460916353374594,8.971251406288463,4.7891312594619109,-0.49865924982174203,,0.221148369660369,0.2083333333333333,0,2
0.41989642710975073,-0.83637236644659574,-0.35237516249728335,0.90451200252445907,0.41750684564464841,0.086868124931120672,0.074464943360341276,-0.35520317915860045,0.931818476810781,22.23923499041048,-8.2838107902453029,2.1239975470704682,,0.3448160452884066,0.2727272727272727,0,5
0.71864011646357129,0.66910641128523529,-0.18934886687334374,-0.6659225484480793,0.7406073717538626,0.089709979223343575,0.20025868889424342,0.061622490057044919,0.97780321447698715,-6.2119187490495955,-14.689460491141142,-1.8458576771976107,,0.1226264066365572,0.4285714285714285,0,5
-0.94806441572231948,0.23112604731819664,-0.21852829082790093,-0.23543147273114573,-0.97186922579200818,-0.0064984310480986586,-0.2138828775024797,0.045287506108305363,0.97580897541565459,-11.6856567399014,-8.1329088252725281,-3.2796964529529831,,0.0861271346243932,0.3571428571428572,0,3
0.24960994192656949,0.96833825845157173,-0.003986741826534336,-0.96509846577790026,0.24910752197975874,0.080810852280165713,0.079245367338143885,-0.016323593724447867,0.99672148168049501,-14.639222134641615,-18.470987271920759,-3.2847641347057199,,0.2279876677805919,0.1538461538461539,0,2
0.66831770761620302,0.71829731019413345,-0.19339187122135401,-0.71830085976502644,0.69073422082319746,0.083247288511967291,0.19337868690072316,0.083277910346283179,0.97758348651197513,-6.9577172080723582,8.7408155184458387,-3.3508019205821622,,0.08405954801819196,0.34,0,5
0.97096026510574407,-0.03293987449083232,-0.23696229289553833,0.063608867978489442,0.99036989535109277,0.12296902982767866,0.23062973680832619,-0.13447094500595144,0.96370508427056034,11.542444218102657,-13.898981516205867,1.2579348854375019,,0.1321723096177586,0.2,0,5
-0.80743924698459235,-0.5343024812131425,-0.2501254105412587,0.5498491018948739,-0.83521395617293992,0.0091439903404696762,-0.2137938904046475,-0.13014801567225456,0.96817026727855016,-5.1941925264743745,13.536116534101129,-3.3333493174118729,,0.420275641894954,0.1621621621621622,0,1
0.4800212656158987,0.87696467236103004,-0.022639522680989878,-0.8689453860259222,0.47885904936404161,0.12501170723747876,0.12047199118788293,-0.040335769149463324,0.99189693268320434,30.295153842179925,-7.8651278171995331,3.1672378056217587,,0.2194708574919479,0.2941176470588235,0,3
0.89294065350156937,-0.34562415431082821,-0.28844571981763523,0.3975895258885504,0.90599825047654448,0.14522306647760014,0.21113871797447942,-0.24435857687088536,0.94641921349987812,5.2632146039681702,10.856053914832382,-1.4041417297101559,,0.1975098520071938,0.1304347826086956,0,4
0.31956399033874944,0.94625038858452237,-0.049890461838075419,-0.94051554734881515,0.32315703106345689,0.10488106821257685,0.11536620507728775,0.013406542354121035,0.99323255250126208,-2.3417592777960783,15.795406074250199,-2.9487038275602062,,0.6183160515817319,0.1304347826086956,0,1
0.6727358537587208,0.73004793007796043,-0.12023514817395392,-0.72292534503451411,0.68317233656818299,0.1032206571123294,0.1574973541817645,0.01748079909093252,0.98736467684887785,-13.690066569523037,-13.249500822721297,-3.4041467106812204,,0.1796081629209531,0.1724137931034483,0,3
