axis_00,axis_01,axis_02,axis_10,axis_11,axis_12,axis_20,axis_21,axis_22,location_x,location_y,location_z,dbh,dbh_approximation,score,reconstructed,number_clusters
0.086131554348175821,0.98608244976793213,0.14220674247461168,-0.98882554389353583,0.067178759263407009,0.13308289915493343,0.12167743870258016,-0.15208029643416196,0.98084972567018491,0.67849516526038356,-7.1006708925961037,-0.18469203643708079,,0.1271744592577838,0.28125,0,1
-0.38931904289412356,-0.83329558324615116,-0.39249096012833234,0.90935752510176182,-0.41554568027747107,-0.019765605063659604,-0.14662733162955022,-0.36460973457272167,0.91954345578336161,4.7383440669965431,-5.2323582746392852,0.13769183196412707,,0.6617537221717578,0.5600000000000001,0,1
-0.32379367658609087,-0.90599384776187175,-0.27264042770744545,0.9391893637041504,-0.34261947775495505,0.023135093860051491,-0.11437217366061271,-0.24856999271947283,0.96183780577163114,-13.374732078772242,6.2765386493869029,-3.2128856815246087,,0.3193640412474419,0.1666666666666667,0,5
-0.34602628136179825,-0.91858141738718468,-0.19098165419190666,0.92708721189423648,-0.36603150998799538,0.080809870919831869,-0.14413574903228329,-0.14909431017600758,0.97826160740573054,1.4354191517606527,-9.3623572205656114,0.21819556285151254,,0.07024564562244885,0.1851851851851852,0,5
-0.88663450337087257,0.45628811841221595,-0.075368497584369115,-0.46005906444341377,-0.88684109545716683,0.043110655664035671,-0.04716900100422293,0.072897355261845556,0.99622339911291546,-20.638829980222685,1.3613890016134202,-3.3772887688383091,,0.07102537381441161,0.1724137931034483,0,1
0.62861200223841218,-0.69452331356184283,-0.34997759579849047,0.77757895026624413,0.55272388122415461,0.29977873044522657,-0.014762342112941178,-0.4605797195313574,0.88749557475615382,5.769935309811534,-12.292227718773775,1.170429815910329,,0.4371030861804427,0.1764705882352941,0,2
-0.9879664603352194,-0.086569844198419468,-0.12817150747400466,0.095725595270029967,-0.99314520588140964,-0.067076154071108354,-0.12148614597103594,-0.07853828436013903,0.98948110352187624,-14.072511439595386,21.826251486835705,-4.7797455648898932,,0.2419611768803324,0.1666666666666667,0,1
-0.25027243462549875,-0.95486805041951672,-0.15997098097672491,0.95835135847598329,-0.26780618199880463,0.099209488409422592,-0.13757318842660318,-0.12847900673360368,0.98212359846145825,-16.47952348820494,-0.11786705398041132,-2.8378319344336775,,0.09282893628330613,0.5029940119760479,0,3
-0.64892085985030756,0.76066634282994128,0.016983301706678777,-0.75798882933229716,-0.64825045438696449,0.07227920167342973,0.065989789047941005,0.034030328720373072,0.99723983297328833,3.6474062128558207,6.5532825966030552,-1.1916507898839626,0.9683623672954002,0.602279636452452,0.3893805309734513,1,2
0.54327521482450114,-0.76828883275955262,-0.33850304343440724,0.83885778501934494,0.48032190279476916,0.25614153549951812,-0.034200255405929449,-0.42311126096167229,0.9054320534295176,-24.755056811097209,0.010915220542807849,-3.608677737122223,,0.5464832304684483,0.4035087719298245,0,1
0.29512250962854247,-0.93413437819104406,-0.20073780857671489,0.95371993980105918,0.27533853972266487,0.1208592775472962,-0.057627950999621834,-0.22711594401323168,0.97216118377487359,9.2821892849318015,8.6254588946923025,-0.5595180546229942,,0.2185244917842958,0.5454545454545454,0,9
-0.21128231965290192,-0.88904854674848888,-0.40614340192411036,0.96828374991326727,-0.24707778211018777,0.037136898650971785,-0.13336551674248812,-0.3854156861259167,0.91305442763950195,-11.251250069336402,-7.9865219348904128,-1.3578603697382385,,0.7136899449654845,0.3414634146341464,0,1
0.33418932236820048,0.94250371916786591,0.0020581957685918313,-0.92294913752460017,0.32681162616352544,0.20336924680724749,0.19100362917410213,-0.069863440790524062,0.97909995060934885,-27.39812240543387,-1.3827627008725412,-3.726124331189999,,0.63566366241588,0.8354430379746836,0,3
0.3634109183639101,-0.90535075367185425,-0.21971007541690887,0.93093061516675546,0.34376596626030459,0.12326049726641709,-0.036065137725300192,-0.24932904617577817,0.96774703955833974,-0.64545553541636669,6.0121993999429426,-1.7269934876016386,0.2557016309075167,0.1498538483445138,0.3636363636363636,1,4
0.78171130261683797,-0.59219670834021776,-0.19552620794178879,0.62359888317186674,0.7386273562105663,0.25603527406236148,-0.0072022404767951862,-0.32207559250647755,0.9466865587108092,-5.0513494525742395,-14.165636274259287,0.10636983972608985,,0.5975835729195171,0.1666666666666667,0,5
-0.8885982971561861,-0.40299673933154079,-0.21905865511152886,0.42661591391010284,-0.90156620606482119,-0.071953026903190234,-0.16849904536754298,-0.15739124553173103,0.97305501773548042,-7.1975263130782077,-13.330749541263824,-0.21618697016929206,,0.6359277601280293,0.4565217391304348,0,5
0.062155287135795233,-0.93431970948024179,-0.35097492895906723,0.99432261530838539,0.027536942289602302,0.10278255443231166,-0.086366990032991489,-0.35537078845354542,0.9307267836194173,1.1257636424652206,9.0600049724149159,-1.7362849920605008,0.6697545856281452,0.5410930343887264,0.6391752577319587,1,5
0.28308693532582579,0.95866581254654581,0.028664383864018768,-0.94439709680632533,0.27341229822954699,0.18264675940356148,0.16726000894301332,-0.07877547226966905,0.98276065976262728,5.8560395623507038,-0.81590855339989399,-0.22874050494735734,0.6427219062881403,0.5774288640512835,0.5909090909090909,1,3
-0.74765960052225366,-0.58322781125847489,-0.31756958595172857,0.62931011032855222,-0.77496042682861688,-0.058353422246455136,-0.21207052314069708,-0.24347824753816605,0.94643776139298996,9.1789260049949668,-6.6611969759561571,0.95541268416188674,0.2756136545894531,0.2837688511915386,0.3333333333333333,1,3
0.47789634121653246,-0.86230977140670273,-0.16744236378041055,0.87687094711974367,0.4570067368550535,0.14913813920798299,-0.052080986445874618,-0.21809791517943422,0.97453623341834172,9.7842949021001893,-0.67217868222288202,0.37306151281829308,0.1658372605802613,0.1563305298338801,0.2571428571428571,1,5
0.78218575166123983,-0.57376730144362664,-0.2428508465956826,0.6226574875803762,0.73362317829241164,0.27220338982502501,0.021979605506815408,-0.36412651107305977,0.93109010352141841,-8.660864283654174,-12.35467578293674,-0.49975266813980318,,0.2679413764986093,0.3333333333333333,0,4
0.88091130101661164,-0.43303278865907452,-0.19099184193929811,0.47111078260297812,0.84090562830140314,0.26633128769679343,0.045275934627902956,-0.32459255727321884,0.94476968701710684,-1.6532082841784608,-3.999812370964237,-0.88306112908020806,,0.6029651885071758,0.1476997578692494,0,1
-0.97285936026663999,0.21108322425011353,-0.094807898308951435,-0.19992639380268865,-0.97304962885309931,-0.11490803648961388,-0.11650794909634492,-0.092834757655860842,0.98884154725028695,0.82792699915683299,-3.1414704152347217,-0.64755989177163431,,0.2576926556373192,0.3186813186813187,0,3
0.55685199877756908,0.8248792434538047,-0.097417068199081552,-0.81617474199638207,0.56516881608621439,0.12017903249255113,0.15419027850213068,0.012587416048797791,0.98796098858844084,-3.6550050939025591,6.5864217761961221,-2.1549469441384974,,0.08462531261554218,0.2792792792792793,0,5
-0.32103284518986375,-0.91072724825279328,-0.25983416172473711,0.93558706007241887,-0.34756190427702566,0.06227018323706135,-0.14701960867296032,-0.22310670537934008,0.96364341573033474,0.76081084839625179,6.5727026620841933,-1.5596423525334315,,0.7302710792403999,0.4666666666666667,0,2
-0.70402997311702775,0.70872026569668289,-0.045358372365646583,-0.71016812620414949,-0.70243386973027289,0.047411930771080996,0.0017405391478054876,0.065591490656771834,0.99784504151541376,12.61997925678738,12.013791429643968,-0.46682529675142398,0.2023991673345,0.1501903691736165,0.2727272727272727,1,5
-0.92236719731401029,0.38226848843498945,-0.055763393626343541,-0.38285437229522523,-0.92380868865273102,-0.00019074630032544943,-0.051587623840678443,0.021173320933436129,0.99844399319497257,10.776015311487972,8.0168693578994148,-0.32589418662937386,,0.1876129337079178,0.3703703703703703,1,4
-0.25600050792290746,-0.89591364011962016,-0.36304612570694761,0.95610547946417224,-0.29005538451543816,0.041595505192110714,-0.14256946405804724,-0.33646191963016092,0.93084226620678778,-13.208146701298132,14.553524945585254,-3.9857595062555733,,0.3559739970859269,0.4838709677419355,0,2
-0.99408970995310697,0.034330148930623604,-0.10299072501807276,-0.039034541051746016,-0.99826798792674876,0.044015098381800663,-0.10130129895626526,0.047775152067588728,0.99370799618131878,1.0357208063997243,3.2004801898107713,-1.2554411006509907,,0.1643728842937298,0.1195652173913044,0,2
-0.96854502199928205,-0.207862716698031,-0.13679777544727661,0.21105170058060077,-0.97743278571896064,-0.0090735375520402135,-0.1318245805699598,-0.037659532771742957,0.99055743879341362,-15.744394696947271,-0.74595014446415553,-2.6972916133624829,0.2034377630262469,0.2091518562705983,0.5211267605633803,1,3
-0.95399456478639399,-0.26793501163446287,-0.13455556435338656,0.26413419129725302,-0.96340343328244138,0.045683188673188699,-0.14187141835395928,0.0080407885213061199,0.98985243666628964,13.800628777234801,-1.4058930367532854,1.026580736586604,1.058656854414603,0.8685080830725281,0.4594594594594595,1,4
0.90996277149207705,-0.33495899056048639,-0.24447950658727749,0.39725574738815045,0.87325194381169347,0.28216823668900487,0.11897741661988219,-0.3538834797949742,0.92769114314121803,-1.5931957196815492,-11.804833290817941,0.11183865808827026,,0.3526914034586264,0.1724137931034483,0,2
0.41699552892665281,-0.84733801511565066,-0.32883585114012448,0.90561873850035968,0.35658643781457272,0.22956657605960651,-0.07726208211146296,-0.39352814449106793,0.91606013457699309,-3.4508805896652692,-15.673250024833475,0.48565885074427495,,0.6185339640587514,0.2903225806451613,0,2
-0.71729998768550762,-0.67864048123090071,-0.15788548033641725,0.67973822827263541,-0.73135696762376079,0.055433987164509195,-0.15309039385653325,-0.067557998363389257,0.98590022221621543,-1.0557611080787399,-9.5015212003775531,-0.10730789862087671,0.2675410802188843,0.2404698982591369,0.7553191489361702,1,5
0.90658056980060442,0.41973561776775614,-0.043973647075625226,-0.3958363232640747,0.88181683994287374,0.25634481851198676,0.14637375326468308,-0.2149908648531019,0.96558461689534236,-22.229512958683188,7.8056535896706425,-4.3154669077881262,,0.2854328754915132,0.3333333333333333,0,1
0.13557691381794831,0.98325952559423035,0.12173580314685208,-0.98265592617877273,0.11775823162640819,0.14324918718777982,0.12651573493182167,-0.13904569109623563,0.98217109741746678,-1.1525687013026076,-10.443884592817664,-0.054654695386063823,,0.2576300109365138,0.1666666666666667,0,1
0.0032979962951226165,-0.98603211709220406,-0.16652263294550362,0.99388038499442122,-0.015154302804979891,0.10941721724589829,-0.11041242477084941,-0.16586443611926141,0.97994800131795812,2.0582084408139365,6.8177012406747091,-1.3962182408289563,,0.07784463159987534,0.34375,0,5
0.43312770479686996,-0.87124376562581507,-0.23094304968010293,0.90020115196994266,0.40530911826753907,0.15925578369773499,-0.045147284850645904,-0.27687329143010686,0.95984524959145101,0.64490475024963345,20.198110001475847,-2.8854558984639298,,0.2161613363632829,0.5,0,4
-0.9148668304025187,-0.35433622272579957,-0.19355754672360356,0.37781489761774112,-0.92036607628487266,-0.10090683208822979,-0.14238885408395915,-0.1654452383370375,0.97588589873215004,-8.3358848659951459,13.006934693719064,-3.2762925266819276,,0.2025142307666156,0.2962962962962963,0,2
-0.86096501822075056,-0.49152321436398566,-0.1309357366857461,0.48580646261332444,-0.87086415093866199,0.074750996602139949,-0.15076908928315563,0.0007485660826086854,0.98856872364320159,-10.905397683407507,1.7128313352030329,-2.5208036491754906,0.3759598022874452,0.2303244019445124,0.8114406779661016,1,5
0.9339314817651595,0.34685611350084222,-0.086387637396931269,-0.32476034838818557,0.92433424797757169,0.2003419929283935,0.14934089688600746,-0.15905041509794002,0.97590996612108383,2.8494502093209624,9.4556940082918217,-1.5514679993729465,0.4198085317350477,0.2032784514323759,0.574468085106383,1,5
0.17459511872467695,-0.88309009315911713,-0.4355093935631445,0.98037761693445158,0.11479855222818969,0.1602529894268363,-0.091521979499146006,-0.45494305112896655,0.88580502792545979,3.0296261822703454,0.12000255977617785,-0.69303567796225696,,0.4754277182793856,0.130718954248366,0,1
0.96581458295479583,-0.21420325254106737,-0.14601081450591549,0.24334173148089086,0.94329770491504183,0.22577475860223209,0.089369978581933532,-0.25358707873793923,0.96317526983691937,9.5796688285706413,-7.7440181001045101,1.1408353200126602,0.3282240188287717,0.3034371146579813,0.6428571428571429,1,5
-0.99320431235797124,-0.061997522527901083,-0.09849619847452315,0.07238835147131234,-0.99176124497481943,-0.1056861369208987,-0.091132433769739687,-0.11209790438005339,0.98950944378960082,3.6689000272910905,2.121306339080042,-0.75994040543269958,,0.2020486460778201,0.24,0,2
0.87537666473281273,-0.46552111581824851,-0.13040623285943129,0.48148218234493467,0.86377269184870831,0.1485652883441978,0.043481063988989634,-0.19283886419435328,0.98026658084962581,7.9654440777561062,5.0372197655478574,-0.3892480530689269,0.8107825606016714,0.7467522191176688,0.9644970414201184,1,1
-0.97683672500237129,-0.12671599421886484,-0.17243279704210979,0.14412022488642259,-0.98523456125257869,-0.09242413154650031,-0.1581751354206081,-0.11513433945857549,0.98067563975664696,5.0110420487273872,8.1014982013530812,-1.1349305517262973,,0.1940358246366856,0.3076923076923077,0,3
0.57469909587497958,-0.80325241418727411,-0.15654554705515353,0.81789842707864135,0.55730775952900757,0.14300428018434599,-0.027624485203638829,-0.21022278723077131,0.97726315163632382,1.7432688277768524,1.0862808755312674,-0.97842170801097794,0.5939709450912116,0.5355896887306886,0.989084293511219,1,5
0.26806623857320638,-0.95212596729184096,-0.14695793325230488,0.96017524400149112,0.25157079054181652,0.1215550827931213,-0.078765427338966562,-0.17369018324229332,0.98164541852003195,-22.467209112612903,2.0027864717385473,-3.6754795695105806,,0.0961998761724055,0.625,0,1
0.98442101078476429,0.17175211966559414,-0.037636191569765519,-0.1537229543216192,0.94461887320192683,0.28993867921571564,0.085349439600585775,-0.27963618110161587,0.95630490920980227,4.5590277368578702,2.8074869178688053,-0.70038091767658672,0.4452700747957609,0.2154201710576316,0.1904761904761905,1,3
0.83373279881132256,-0.50728056004315214,-0.21807350501274955,0.55179106836116076,0.7800254463333739,0.29510493040488384,0.020401888713768187,-0.36636967188173214,0.93024568070063318,11.995922567036507,8.2948878539630204,-0.18991291692512671,,0.4657864377920163,0.6097560975609756,0,3
0.5448253367815068,-0.77377616828801066,-0.32316527318145066,0.83786346894193431,0.48674279797740266,0.24711587571363694,-0.033914006155363316,-0.40540336703911739,0.9135085933804018,-9.3335807059666802,-1.7496377150654241,-2.0147577651349025,0.7655735326023398,0.7085777245061141,0.2943249911878745,1,1
-0.16369689923322114,-0.92571279069439982,-0.34096796671566632,0.9800524925681291,-0.19208662394008474,0.050988633187196479,-0.11269621551954026,-0.32581982451669134,0.93869111264541472,-8.0353406644694676,6.8023157358573689,-2.6970874944908032,,0.5959169448809432,0.3968253968253968,0,3
-0.89954373629925799,-0.40839303093411616,-0.15503612085322915,0.41140767616749918,-0.91134984874349001,0.013607982424895181,-0.1468495504767689,-0.051542074848265715,0.9878150758340889,13.219345180856056,18.327595309646149,-1.082819941939446,0.5886162477418579,0.4259394862852243,0.7142857142857143,1,5
0.44323532243285546,-0.87148096142744447,-0.20991279812659866,0.89432963762301676,0.41398687300828957,0.16967430048743584,-0.060966779617468811,-0.26293687996611242,0.9628848575695641,10.219393701898801,0.71972602863634938,0.30956929915972548,,0.1735415601052534,0.3714285714285714,1,5
-0.31151269237146029,0.94973797275838212,0.030945526207881439,-0.94501250921383795,-0.31304588964311481,0.094623614425347474,0.099555009521620885,0.00023254752090630734,0.99503203265060791,9.7120150856861915,4.2462255443157826,-0.063355138936490918,0.9407265083202877,0.5242844879102149,0.1666666666666667,1,5
-0.91082720944824802,-0.38012667479823614,-0.1609270195944526,0.3861426473593832,-0.92241490455854058,-0.0066783035679399061,-0.14590288009153318,-0.068223565980492284,0.98694371401103775,-13.233356378548743,-9.9636175953699553,-1.2433278915305002,,0.1597650569205268,0.3125,0,2
0.99160514837242231,-0.0063509188059139542,-0.12914679845674851,0.056416603680416254,0.91995897955169581,0.38793381235897745,0.11634602077627831,-0.39196318930803209,0.91259435768418073,3.2653615650901866,-16.706588210783163,1.4340774128169269,0.5978059027461539,0.3740418768665112,0.4166666666666667,1,3
-0.73034625527424346,0.68295607487304311,0.01285874025311347,-0.6827630574918494,-0.73045187920366894,0.016572854075606335,0.020711222350998416,0.0033244491026162854,0.99977997244738448,7.0090577624647912,-6.1634870616325017,0.55348946174534519,0.8157416103379427,0.4297751545125472,0.2352941176470588,1,3
0.82274155706138552,0.56751998825037009,-0.031896602021323023,-0.52865907155825798,0.78460847811250112,0.32389677697245745,0.2088442394306522,-0.24962091060302807,0.94555459104503714,19.18451365851579,-3.7767805239693035,2.1309735732100767,,0.5815792879997204,0.3076923076923077,0,2
0.99206738383467852,-0.052596074090649383,-0.11417512391790058,0.07732262648551011,0.97143543760435214,0.22435329727869813,0.099113658820564943,-0.23140190914660255,0.96779627973996085,18.375420188019838,13.890341713163798,0.086100466453230995,,0.1731136971398446,0.3125,0,3
-0.31519242720861673,-0.91880780748212543,-0.23758355738609252,0.93836255619934794,-0.33915245885157641,0.066718234223904674,-0.14187828217654258,-0.20191043203564263,0.96907312958404423,11.855298100893377,-4.0704780427188298,1.0176147852166912,,0.6266899700898234,0.6607142857142857,0,5
-0.16185197309729785,-0.9782074107302654,-0.13005460544287109,0.97831264948236385,-0.17632100421600932,0.1086980374020404,-0.12926058435311541,-0.10964107380287455,0.98553058616566702,3.4130577804055653,3.2694161016284116,-0.91179020154395163,,0.06995107050209803,0.2298850574712644,0,5
0.51748252831005936,0.85064191275580181,0.09284486607766472,-0.84124173217696618,0.48588188576751157,0.2371310631842741,0.15660198254724003,-0.20081615808036357,0.96703086285604967,11.965066520178565,-8.3175466576661403,1.6168570311560375,0.4125265544617772,0.4860568152541435,0.2222222222222222,1,5
0.41535441456915934,-0.88902017900955443,-0.19267545669267361,0.90722358899725886,0.38935231629833855,0.15921725208045584,-0.066528714588843546,-0.24093130785960126,0.96825928088927604,13.245257861039086,5.6824437848433949,0.28410634787656391,,0.1048637456309628,0.1538461538461539,0,2
0.97811503702349656,-0.15854617823182907,-0.13473709109449009,0.18369317799189547,0.96214085254354387,0.20134993475544249,0.097712797052186218,-0.22169368334452863,0.97020828694532091,-21.06553398923063,-0.99665334907676129,-3.1413587260021734,,0.4945061370718609,0.8115183246073299,0,3
-0.41112409379411657,0.91012883291247182,-0.051405126236094938,-0.9097932849601611,-0.40613730026553518,0.085607663058995198,0.057036463278910772,0.081963411559089996,0.99500193016005212,4.3933287490458817,0.16615441889040969,-0.46557784600671981,,0.07340631795199168,0.1081081081081081,0,1
0.36158595508704955,-0.90972747008330446,-0.20408705804047458,0.93007842112602379,0.33672798314127661,0.14686182596349123,-0.064882413946375797,-0.24292014232137682,0.96787399841872646,-26.302303743315147,-2.2289348223228216,-3.506805763944242,,0.09971644144563496,0.2777777777777778,0,1
0.97621261808094639,-0.18359087923016398,-0.11533999030275756,0.19848426011112269,0.9708101809353179,0.13465359661173576,0.087252064661445486,-0.15434371271882508,0.98415704821765304,-6.1431669757467517,-6.2518325873366907,-1.083209990410219,0.5230794282231651,0.4500504412891781,0.9473684210526315,1,5
0.33325702260000706,0.9387477022122066,0.087706946583959638,-0.9320578781922404,0.31399319478339144,0.18076610669453247,0.14215438293474508,-0.1419895250397806,0.97960762869192697,-25.532289837135497,-2.6534254988679087,-3.4014715183582598,,0.2417405081092381,0.3157894736842105,0,2
0.29396227065352681,-0.93764196110674491,-0.18550939653861184,0.95361017739866705,0.2745255326930271,0.12354497748307117,-0.064913889067791108,-0.21322121065106775,0.97484506581024821,11.577126488935084,-10.339320906758187,1.8524136148886929,0.7952467692602845,0.7119344961516907,0.8333333333333334,1,5
-0.97107128805463327,0.23223395843407166,-0.055569254682397949,-0.23035109687796076,-0.9723548675249486,-0.038267267575045859,-0.062919994302571891,-0.024359806045649926,0.99772124071124313,16.647913346347874,-6.9853551850433666,2.118939062857029,,0.6262111083806309,0.1666666666666667,0,3
0.44684495959361958,0.89423350735868734,-0.02600031543572346,-0.88396733064435717,0.44581181402526976,0.14090274954374921,0.13759120771061861,-0.039978253994878768,0.98968196849707957,3.5625651362439514,7.5772667922658803,-1.2853681230596425,,0.1965985212501234,0.2432432432432433,0,5
0.81319326095589806,0.58155107478294343,-0.022695104201458913,-0.56496844929997936,0.79816721394387513,0.20914050272639312,0.13974037223182345,-0.15724962958263189,0.97762220840395997,2.3624709748678518,-10.263150438361048,0.43382845338446818,,0.2589284754856077,0.3529411764705883,0,5
0.94340518351281377,-0.29971629019023549,-0.14197466364022532,0.32363823207765385,0.9254946957397221,0.19676855159117457,0.072422057819446939,-0.23158090066376485,0.97011614355650966,10.082262337156987,-2.8521912390946826,0.62512187153145382,,0.07734574451287715,0.3333333333333333,0,6
-0.97536312832447125,-0.18769228336982183,-0.11592400384961175,0.17827003336852953,-0.98012858647922041,0.086992811019246899,-0.12994830936909338,0.064183804262988309,0.98944119388796747,-3.592139637062143,-3.818997398879421,-1.1623950606445916,,0.06876056937775117,0.1182795698924731,0,4
-0.43303187659358144,-0.88582398085842284,-0.16673112723776784,0.88915182571668949,-0.4501500656719547,0.082304004764119129,-0.14796088901638288,-0.11260902855308937,0.98256133753054331,-21.644509559503785,11.75516180051816,-4.6518723199892911,,0.1464634842821414,0.4666666666666667,0,2
-0.89621867298404945,-0.40768302888510211,-0.17489036037980221,0.41696425464380621,-0.90873702767981268,-0.018380012867054898,-0.15143612694480474,-0.089395539501292628,0.98441634330867755,6.1293224982386958,10.900818459778741,-1.2387236109938127,,0.2851377028780811,0.5,0,2
0.57033370634541114,0.81909144194808925,-0.061714448338343109,-0.80856285435863007,0.57306221020804538,0.13351334683429508,0.14472585794435922,-0.026247151442964994,0.98912360859672088,13.254242288641144,10.076155810493287,-0.18872158235251144,,0.1022945936065137,0.2307692307692308,0,2
0.98915374576079251,-0.063126339478579943,-0.13262704291142782,0.084481720231958865,0.98314611375819327,0.16213129848617144,0.12015700642927031,-0.1715773419370927,0.9778156828051795,-3.7570442990184736,-10.877639161409283,-0.29555784840018046,0.4536701953220982,0.3390774938812386,0.8651162790697674,1,6
0.80861761656105269,-0.51777380569860254,-0.27937042849862936,0.587846712539976,0.73038100810531581,0.34782154268389592,0.023953971342243276,-0.44548161480744397,0.89497057947481529,3.4872863793312021,-8.6277665325353823,0.39531910451051822,,0.2700239085974385,0.1428571428571428,0,1
-0.78929952148604554,-0.57903248780092642,-0.20427345263878036,0.59255828411697176,-0.80550268015260151,-0.0063334186128006587,-0.1608755584489085,-0.1260428908667397,0.97889337741947435,5.9440752111377178,-15.497781724838466,1.6661093782158274,,0.2474605457629345,0.3333333333333333,0,5
-0.26194360753141538,-0.94752854469911896,-0.18323537718955349,0.95521116451937338,-0.2816355430856306,0.090846310042871317,-0.13768506691348706,-0.1512318678428328,0.97886247476231159,2.0172917940822428,3.5770675380478747,-1.1365321361183163,,0.0654319539142417,0.2835820895522388,0,5
0.6809993818768828,-0.7185822352195812,-0.14099437261867487,0.73226360867483886,0.66680209992764528,0.13843759223052463,-0.0054634507233139971,-0.19752096283410694,0.98028343857645639,7.9128066077435459,6.1659493683709066,-0.53895801893128981,,0.07405423349307132,0.3888888888888889,0,5
0.44622763227059992,-0.86762832644033072,-0.21932165273070009,0.89388624801489913,0.42034686771716573,0.15580720910861282,-0.042991578338342613,-0.26557409127909853,0.96313141690698667,-15.59165951117553,9.6558224837525088,-3.8208856295282212,,0.2046273524582804,0.3714285714285714,0,6
0.45788643035741849,-0.85780771305930725,-0.23346508156574874,0.88764323070808826,0.42657548341569979,0.17355936139191583,-0.049290078846038109,-0.28670417570140599,0.95675033512548524,-23.318175621044613,-0.96094953106696712,-3.3779699432948487,,0.07505638316562165,0.2352941176470588,0,1
0.21367605375422277,0.97651965843622679,-0.027420808515001508,-0.9700083940409816,0.2154133759568673,0.11260902694233872,0.11587173746025183,0.0025365619367999906,0.99326094572951074,-16.084808818632993,4.7384055348502159,-3.3502200136258451,,0.2840138972432006,0.6486486486486487,0,4
0.31358114928195657,-0.93734088744058608,-0.15185164980039079,0.94681601124578663,0.29649877494591337,0.12501166867212934,-0.072154720314230578,-0.18297687610095967,0.98046578683231367,-28.138908750829543,1.6329928203406221,-4.158462031414385,,0.4071522480188792,0.3214285714285715,0,1
0.99335990465691271,-0.06241762346663652,-0.096644400255715635,0.083559304506518148,0.96884743617047908,0.23313620065591939,0.079081871819000241,-0.239663692925456,0.96762977002722284,-17.804078894872355,1.6919536600484051,-3.1544340583771779,1.11334946204666,0.7186983336455599,0.8883861236802413,1,4
-0.86566064960816946,-0.48161424366554295,-0.13667245522938629,0.47696290545519993,-0.87635486191438916,0.067145683545151574,-0.1521118882260534,-0.0070623153058233515,0.98833804801941394,-4.3582143447267887,-5.9799500637203087,-0.96040243554609972,,0.1107707602513442,0.2530120481927711,0,2
-0.96661565551307915,-0.19985235509349547,-0.16035339310598995,0.21897378183203403,-0.96928922707351084,-0.11193246691381752,-0.13305884933816861,-0.14330886379711325,0.98069256761228862,-12.769915562862543,-6.8755327863581535,-1.6628977899729431,,0.5849133533168029,0.3125,0,1
-0.61505752876941522,0.78539499328236428,0.069706103255413029,-0.78821766904213642,-0.61473371643212626,-0.028554580916673213,0.020424067024970322,-0.072506292199647618,0.99715881136237183,-9.5839379467179384,-9.9884874836229454,-0.89735871077145157,,0.512067257838457,0.1176470588235294,0,1
0.38575521503479149,0.92187356770134132,-0.036633853838513628,-0.91091092755029579,0.38686794180235168,0.14343806215601068,0.14640422173872225,-0.021961802731383283,0.98898103271896287,-11.861807846594253,9.6850684956229394,-3.3893345428843804,,0.7682036847962761,0.4680851063829787,0,1
-0.9355860550989108,0.34721395785253295,-0.064196580725434632,-0.34697743860421904,-0.93775100264961064,-0.015156323080010199,-0.065462894865054994,0.0080947206270289649,0.99782217097730241,-17.744669391763157,-3.9016642330517781,-2.476636700440654,,0.4862493072540249,0.1071428571428571,0,1
-0.59698028699228955,-0.78271139706828641,-0.17600399382405091,0.78699435984232002,-0.61394530367363898,0.060918319686793364,-0.15573828854518257,-0.10214711447954054,0.98250269846170046,8.0171223659100228,0.6583609155463841,0.026970426121426413,,0.07014338542667958,0.25,0,3
-0.65191423200611087,-0.73879923243441858,-0.17083187133025374,0.74218502378301598,-0.66785115047231414,0.056002065006662834,-0.15546454444691318,-0.090280313286566605,0.98370739574976918,-5.4852373893141868,-2.8362692959292937,-1.4707473194917133,0.7491570593957583,0.7944941991112656,0.5524652338811631,1,2
0.68148977116445641,0.73019900126017945,0.04879662239186535,-0.71472360860887585,0.64974966542169754,0.25883495819054259,0.15729543888913103,-0.21126947447047303,0.96468821598568655,4.5336512041168628,10.773853298147609,-1.4475461825710565,,0.6254029647019358,0.1555555555555556,0,1
-0.26943447938776027,-0.93473269032780515,-0.23168914292558265,0.95305764111701397,-0.29332956321397308,0.07509260984393841,-0.13815279231894159,-0.20058056978990862,0.96988723107237373,-9.6068685656938957,-6.2785515596932422,-1.4159423656293519,,0.1119992542466903,0.391304347826087,0,1
0.23063598750826966,-0.95674944439374932,-0.17730635047379745,0.96924428505195437,0.20981055385804329,0.12862755297333184,-0.085863596245507032,-0.20151930960092365,0.97571379548398096,8.4054416412164912,-8.0483435029652277,1.0040957378701094,0.2196743873649153,0.1501301164168812,0.5,1,4
-0.019664177715775492,-0.98923063871391392,-0.14503814513576402,0.99322112086137826,-0.035950729201998252,0.11054116945605037,-0.11456493874492775,-0.14188124787830542,0.98323170530189097,-8.3096098690991216,-2.4185793994333702,-1.8300966931523257,0.05998527262261487,0.1175282663337313,0.631578947368421,1,3
-0.36685995514643494,0.92099025379745747,0.13111340785766565,-0.92806765953097092,-0.37204167471272742,0.016595529809426243,0.064063973047745582,-0.11559387824207608,0.99122846139035692,14.288905514046286,-9.1010238335335742,2.0476831648106479,,0.1671634425560743,0.5,0,1
-0.73247044873874478,-0.6598072337548414,-0.16775415347837208,0.66289080328997319,-0.74735721986126324,0.045088455671235879,-0.15512196697449179,-0.078176724196060393,0.98479722540020254,-7.0930298120751187,-6.6199179527203453,-1.1504730903588234,0.4731539962186606,0.3698845246886008,0.7996485061511424,1,4
0.97489857549461389,0.20321559479870069,-0.090973565002053045,-0.18098416593460454,0.96127910895064306,0.20781531795325686,0.12968230094938912,-0.18613408265459624,0.97392843889826108,12.014433104524199,-0.58515686577612569,0.69722393515661496,,0.1673024579234656,0.1428571428571428,0,1
0.98143595987882071,0.17279048993509941,-0.083228019589114202,-0.14572333786359343,0.95396318559106252,0.26214299406782732,0.12469228307570047,-0.24514829619016393,0.96143338168405024,4.3621573268396769,9.2869350780945883,-1.3132989181188333,,0.09153544892820924,0.3333333333333333,0,3
-0.95437217906718241,-0.22891124762200063,-0.19176387703292114,0.26536779730315596,-0.94461554938284797,-0.19308390926903143,-0.13694406148873059,-0.23516186888243507,0.96226047380461976,18.699789588998907,-9.1909922393201011,2.7298111864875083,,0.3666824212960404,0.2222222222222222,0,1
0.98334916691821717,0.1475978190360725,-0.1060155636548005,-0.13184835730191982,0.9809403352658228,0.14273075816152073,0.12506169116894059,-0.12637619421541424,0.98406739146137456,-14.822071989136324,15.36930345432299,-4.2603152209430553,,0.1111062498580256,0.4210526315789473,0,1
0.65777784188739108,0.74335449129525921,0.12145950351097275,-0.74168600646215233,0.6111331260582219,0.2764383657391446,0.13126377466837441,-0.27191984573670114,0.95332545279895797,17.38969365702555,19.737344456636983,-0.66297027855505641,,0.3966200256637082,0.1428571428571428,0,2
0.2596291338134642,-0.90564196569312205,-0.33526906038399518,0.9621587472755263,0.21284596170579295,0.17013859534721981,-0.082723986342893852,-0.36675499527754596,0.92663235186480875,5.3010516774576981,-9.1032092260517334,0.71516010865781976,,0.3107634869394548,0.2380952380952381,0,2
-0.90128560979662176,-0.41000693426271573,-0.13992341987680712,0.40737222059451073,-0.9119831808232941,0.048317199663525698,-0.14741819243712551,-0.013453317505987123,0.98898275252233514,0.72562992745612709,1.9284072994071675,-1.212269896675044,0.4915839677544838,0.6149888736823577,0.665938864628821,1,2
0.28204671543933441,-0.92831281733736581,-0.24224979561816931,0.93655704890482094,0.21163722757921921,0.27941112728249412,-0.20811185563675971,-0.30568774438917806,0.92910949756940941,-8.4987513154304928,-8.2876921698292794,-1.0391959969519466,,0.4082153658349215,0.3219178082191781,0,2
0.11581350823417071,-0.96248730673577987,-0.24536791901754115,0.98832444274414766,0.087042350608069807,0.1250536887704346,-0.099005187666932754,-0.25698601824443046,0.96133041106682404,-10.532794767635661,-3.4761471850608965,-1.9050576118586791,,0.09025136023221969,0.2093023255813954,0,1
-0.11105936252136393,-0.92918803808052386,-0.35252717325677813,0.98602842794416101,-0.14733753008737635,0.077714808844374011,-0.12415215375624511,-0.33897085732525412,0.93256903262003465,-1.0556383970695566,-8.5709812504123093,-0.26584362157483238,,0.7717015689678619,0.625,0,1
-0.93284791755864971,-0.32612702390394649,-0.15308797139568228,0.33223065831324344,-0.94307225183977883,-0.015411602337132506,-0.13934687790990952,-0.065237198663062587,0.98809238208143102,2.083723555926118,-7.7050197617102016,0.049131997386644283,,0.3251190968617224,0.1142857142857143,0,4
0.0023987407389175859,0.99909884663998261,-0.042376180638699121,-0.99361000173522451,0.0071631367233268442,0.11264037430694913,0.11284241443089622,0.041835201863253034,0.99273178925149053,1.1462152922265898,16.336425403380836,-2.4473335945971826,,0.3072597160790467,0.3,0,1
0.84220285302814113,0.53194133167967339,-0.087936192788373974,-0.5170275658366561,0.84306639441990605,0.14805928125193962,0.15289490022980032,-0.079230513381363638,0.9850612545588443,-8.9374500014504541,-3.5780530373481536,-1.7264896595658636,,0.9064662372696934,0.6541666666666667,0,1
-0.46287794314791819,-0.85396204185877989,-0.23768222653689774,0.87468452412598419,-0.48351373014109117,0.033785440940588364,-0.14377410407181923,-0.1922584298007057,0.97075522309638596,-16.450793617231721,7.0747259274066057,-3.6290889804931727,,0.7274747159392526,0.4375,0,3
0.89033051020917142,-0.41462566115482113,-0.188141286544457,0.45273367169242074,0.85010613321945672,0.26898287079024741,0.048412860962513897,-0.32466155204241653,0.94459042527374437,4.4264294195498115,3.810863708886016,-0.75684950833502196,,0.6701403551678722,0.3297297297297297,0,1
0.20809384133326217,-0.91975526725613721,-0.33278702131206855,0.97422541610933544,0.1646136150217466,0.154230983774548,-0.087073485090237712,-0.35630409217978987,0.93030403744699297,-2.1266806295845893,7.3128734453676287,-2.0206439246223447,,0.310247771225023,0.1494252873563219,0,1
-0.93395300750595589,-0.30247495370373279,-0.19036985620760785,0.3321117733311007,-0.93129851219208604,-0.14961567833512474,-0.13203616847459704,-0.20295808328502865,0.97024453961040968,8.3931940954462316,12.272040021530531,-1.0598451975053758,,0.5846557563086443,0.2,0,2
0.78337336086663478,0.61921100810326068,-0.05388789222318132,-0.60484841583210591,0.7794153444567975,0.16330987321862842,0.14312432130810415,-0.095338598002258468,0.98510201521520557,9.4392640193431365,2.5097352414371823,0.051202811247199435,,0.06858638054297572,0.2777777777777778,0,2
-0.47451250134027556,-0.79102303315283595,-0.38616116725207245,0.86713362997847143,-0.49550694644730053,-0.050518647872171529,-0.15138412675097448,-0.3588250646821658,0.92104691472458955,0.25462736124805885,-9.5467434293339597,0.047384415800865332,,0.238972693956562,0.2,0,1
-0.38232269649286948,-0.82762552523926614,-0.41093228848418534,0.91239166264233651,-0.40847996906160983,-0.026183369076169968,-0.14618758390223788,-0.38494169019197549,0.91128979225324969,-20.259911471670446,5.0150101659971309,-3.7735702991942741,,0.4520539881109923,0.1666666666666667,0,1
-0.74744531287505989,-0.64143075468955013,-0.17289329425832778,0.64476312190616902,-0.76312790523550433,0.043775756768794048,-0.1600188141779372,-0.078755235948247598,0.98396727177270549,-0.9492113068131931,13.210882155726797,-2.4216576538783392,,0.0759845874241076,0.1578947368421053,0,2
0.13041690094322431,-0.96142978085414399,-0.24216566320417376,0.98668470245789686,0.1019159478622703,0.12675345165677546,-0.097184000143731311,-0.25547194769306292,0.96191961933312076,8.7848702894853208,-10.044888918083641,1.3144977824012865,,0.1979372192921491,0.3,0,1
0.90226250555444243,0.42097473807851432,-0.093287946543737496,-0.40572727779694728,0.90212211400708675,0.14683687367573842,0.14597173398332833,-0.094635940947995073,0.98475189340198244,-0.41952645983461906,-6.4084540416803497,-0.44013085639443267,,0.07314230462140725,0.1578947368421053,0,3
-0.11973676510801036,0.99237366412533967,-0.029285112803542294,-0.98790548106888676,-0.11616684822559305,0.10270357270992848,0.098518361514596517,0.041228317013662197,0.99428082467716328,20.013294411602683,-10.745360984152253,3.0720882123487891,,0.8970630370370389,0.6764705882352942,0,1
-0.58084787418477746,-0.80316276056185198,-0.13245877510263496,0.7994085585124947,-0.59350925044218261,0.093234790805439782,-0.15349822028935831,-0.051733448427726002,0.98679377110000821,-10.840781352204978,4.9231352756557722,-2.8392016689898232,,0.07734156088740779,0.2291666666666667,0,3
-0.25381909071644698,0.96479011606388154,-0.068963041792817342,-0.96387264991872612,-0.2463342528926768,0.10133583073355555,0.080779848517616812,0.092192558253085588,0.99245914186742323,3.8910827390933793,-6.5935137814520353,0.16584717171744129,,0.08712358360954947,0.32,0,1
0.44322593198894034,0.89605785088704681,0.025121725184033859,-0.88380981465872932,0.43214190627353483,0.17925842896549724,0.14976977240230352,-0.10165481152391426,0.98348122227554491,2.500735831369818,-13.230648918573552,0.86220271105281743,,0.7976620429064054,0.5,0,1
0.99214241044514084,-0.028863469059732267,-0.12173880872566076,0.070917467700259154,0.9313537469754205,0.35714270364915346,0.10307351828228167,-0.36296983090703577,0.92608247563606849,8.2574433937273497,-3.2542182656407692,0.40071431543829095,,0.5542663075884319,0.304,0,1
-0.56506674794538192,-0.76655697840027526,-0.30510648834836201,0.808733681912991,-0.58780011017919009,-0.020996719095810822,-0.16324644592114895,-0.25861444147450657,0.95208674423864426,-13.642945025477294,11.020889795238242,-3.7187334867927424,,0.4980392853736324,0.2777777777777778,0,3
0.56448159683176002,-0.81454840097911052,-0.13368406524578538,0.82321087908744983,0.54361217095083392,0.16373654493175457,-0.0606990559262107,-0.20247644321375918,0.97740417154479708,20.042393823383517,-9.3879061037535418,2.9225738618848403,,0.2637077285841591,0.3870967741935484,0,4
0.64871763224918699,0.7596723117357792,-0.045424799295384115,-0.74603357939363701,0.64659186587393591,0.15922580633421318,0.15033074211925657,-0.069404162466525421,0.98619659815180571,-13.367440100806085,3.6298249773253173,-2.9543412697515183,,0.07377137808654813,0.2926829268292683,0,3
0.38095218658573587,-0.9099251974485344,-0.16404745223194511,0.92272570894036188,0.36287440777148539,0.12999780861614779,-0.058759659597836952,-0.20089375110425717,0.97784917199494892,-14.773776595838191,2.0772362176743018,-2.9331989355996639,,0.1029624994517082,0.3382352941176471,0,2
0.94145491509208235,-0.30836353313755505,-0.13628856987981242,0.33020581172715635,0.92495264659045129,0.18821988063679798,0.068020326010468216,-0.22220380958985517,0.97262464612674993,-12.556346587874835,7.843111534880606,-3.2923209325719198,,0.0746897040138581,0.3,0,1
-0.64743746936610558,-0.735033048175184,-0.20137313959689471,0.74762763890359285,-0.66383582341527925,0.019362672800959858,-0.14791090834773279,-0.13801600501701258,0.97932320790987692,4.2483525105458311,-15.482751136428117,1.4547302279537457,,0.392728152040403,0.5238095238095238,0,4
0.87917732748007094,0.47580443311742665,-0.025639194035778107,-0.44867819611408738,0.84476944903953033,0.29163753925250679,0.16042164185922214,-0.24489736502309123,0.95618522129759909,13.541319010327859,-6.1247438389163458,1.5612338412043847,,0.3578468265103061,0.4222222222222222,0,3
-0.7538700944077017,-0.63447147767282797,-0.17066289806920751,0.63803951111295854,-0.76894852256001811,0.040295805135300858,-0.15679752235433878,-0.078511869627614209,0.98450516672647126,-0.096156670108414721,8.1562993600465568,-1.8497438998621965,,0.07307483722245807,0.3050847457627119,0,2
