axis_00,axis_01,axis_02,axis_10,axis_11,axis_12,axis_20,axis_21,axis_22,location_x,location_y,location_z,dbh,dbh_approximation,score,reconstructed,number_clusters
-0.80151184317655255,0.56221895018450863,-0.20368754822313812,-0.56344504970656384,-0.82414066378648521,-0.057635425345338401,-0.20027091952875273,0.068571264732387463,0.97733798680093642,-22.158346100369513,4.6701280575078714,-9.7325468920264111,0.4761548699298602,0.2479614743621176,0.2121212121212121,1,5
-0.35769133963332606,0.90363937788924442,-0.2355690562855344,-0.92870458696204605,-0.37063873969717254,-0.011606670123191035,-0.097799262302808707,0.21462245773364974,0.97178830252755954,5.4852579485522712,12.361704710577346,-0.6285559399154258,0.2106205448696027,0.224054307408928,0.5555555555555556,1,5
-0.79500151884729497,0.54659383242036652,-0.26307369193918306,-0.56079774550189287,-0.82758222893633937,-0.02476979993372232,-0.23125413222359981,0.1278391047715004,0.96445771790199952,6.016663615845335,11.333507258465076,-0.48760042253542768,0.16101329787158,0.1060841794561298,0.4117647058823529,1,5
-0.89392178840210279,0.36893898073819487,-0.25453460415402995,-0.36185140375137487,-0.92913792435036657,-0.075936020023782261,-0.26451351160790704,0.024222840992639012,0.9640777230862142,-0.61687188252949188,17.551103707679076,-2.8224313486833243,0.61315941296335,0.4014398819719644,0.7619047619047619,1,5
0.87297480903515756,0.44179414054494964,-0.20671942378542918,-0.43627883559638347,0.89675426895563426,0.074111798794184239,0.21811868420814948,0.025489576104657411,0.97558931990326259,-11.631358301620526,-9.2927073455224836,-5.8193588180319757,,0.115043522617428,0.2592592592592592,0,2
0.08733787179176361,0.98525191568084347,-0.14714196817398512,-0.99617613228978552,0.086718084755653124,-0.010634248091673282,0.0022824563630788231,0.14750808934949977,0.98905821566246088,-7.2246998625699517,8.1562276690392821,-4.8988685386203104,0.1817306155195387,0.1970777209102326,0.154639175257732,1,5
0.66848741017265234,0.73763072384946393,-0.095002619300602734,-0.72749480841128888,0.67508306327708023,0.12253228721873755,0.15451823897288505,-0.012797379018722934,0.98790705074666252,-6.8847379476013941,-0.60836756914240953,-4.4936872333621114,,0.3271902986995576,0.2091503267973856,0,2
-0.7341806547542381,0.65447951126723658,-0.18065252701259865,-0.64353486294780604,-0.75561179046020788,-0.12212167001915515,-0.2164293102964262,0.026596831557883237,0.97593594164560549,10.388125020599388,11.135814689576717,1.0490678049786564,,0.1031099161782079,0.2142857142857143,0,5
-0.67741526083550008,-0.67713799090366256,-0.28738946686008304,0.70962239826948681,-0.7044652552368964,-0.012835732868683863,-0.19376433175750735,-0.21263312403989559,0.95772779969028832,-4.2898213125984546,8.9456030548395695,-3.8812014861384938,,0.07082893004042773,0.2857142857142857,0,1
-0.95262470737618743,-0.11471616510223946,-0.28168487421349359,0.13169071775725327,-0.99039977006232904,-0.042022021810805263,-0.27416002945910156,-0.0771264994974106,0.95858634526174158,-2.4327424904823869,17.608954117492043,-3.437552231242051,,0.1082256453061817,0.6111111111111112,0,5
-0.66373335657110999,-0.64901445704020666,-0.37180406927258813,0.73304742911599508,-0.66322888574966798,-0.15089371018596451,-0.14865899919372491,-0.37270320586233419,0.91596551370598023,-6.1339439585515958,24.075430329187718,-4.8171150785059957,,0.5852172020406485,0.4666666666666667,0,5
0.28652403415359928,0.95507525842354091,-0.075731292076350723,-0.95471364076702436,0.29123965196978829,0.060838550721472956,0.080161349699963316,0.054869990593428876,0.99527053716391956,-23.091864519020778,0.3013766017869513,-10.014783534834939,,0.4623492846132713,0.2916666666666667,0,1
0.17464523887230446,0.9797200992194367,-0.098222032786406427,-0.98187448781139308,0.18074726907443855,0.05703433095292363,0.073631044569195461,0.086480933780751335,0.99352882060263303,-0.28240753597024376,22.914381376946501,-2.877010922140919,,0.3046555213718271,0.1666666666666667,0,3
-0.31113744357974393,0.93515531830820575,-0.16934586455695172,-0.9458571286419879,-0.3220407023359082,-0.040547234629870497,-0.092454223266416252,0.14756123027026738,0.98472224506270278,-24.075412118104552,3.007870787980115,-10.358944775706448,0.3771751071668425,0.3236904912694264,0.8526315789473684,1,4
-0.86090827096444156,-0.40903855634691977,-0.302530012406446,0.44449854842436104,-0.8940185685040325,-0.056141247034932493,-0.24750351398243345,-0.18280661528410044,0.95148502456671324,-10.867228697020572,-18.788826467553914,-5.3969359092720603,,0.09276291777429006,0.6,0,1
-0.48342325979235784,-0.77303838195554531,-0.41074762557473726,0.86584541226782907,-0.4913382388488613,-0.094331633610650847,-0.12889404154764197,-0.40124605302538918,0.90685606960810639,6.7136273541070537,-6.3388054952252029,0.057346137229340732,,0.3015886569426542,0.2765957446808511,1,4
-0.36391054953803398,-0.87836359998593228,-0.30991369468721347,0.92560534898722269,-0.37819299667852313,-0.014993171431028133,-0.10403773287210608,-0.29231394678166134,0.9506464677553691,-3.6409015375504028,8.3298125857948833,-3.6260701607192689,0.3919051284421092,0.3134884968726911,0.8534621578099839,1,5
-0.012024034337606489,-0.93183181199601062,-0.36269118648029064,0.99965746134710143,-0.0027697736593008675,-0.026024763725075478,0.023246130243931393,-0.36287987338251371,0.93154592743598752,1.8543628625571198,3.8430094984802765,-1.5896593497244573,0.8887843817612654,0.566600616793238,0.1470588235294118,1,5
-0.96019726982008935,-0.014777142769890414,-0.2789316028735474,0.026380740131123431,-0.99893355035991904,-0.037892195970448891,-0.27807419797633554,-0.043742405248077536,0.95956309975057508,7.3633165875418056,4.3400627702996664,0.11487192913682995,,0.3586386010861628,0.8994708994708994,1,5
0.33965846954361234,0.9168861838850616,-0.20964696484322973,-0.93637716260214099,0.3506149265861303,0.01633960257056976,0.088486911034642388,0.19075874568598386,0.97764061265879065,-11.057252584730405,18.36287997246648,-6.485870591275738,0.1996267517671019,0.1586867509237846,0.3555555555555556,1,4
-0.45879165840164304,-0.8108340383975734,-0.36339837142859227,0.86864504291148892,-0.49536017983740477,0.0086070701607351124,-0.18699198808068759,-0.31171534195053174,0.93159408649169484,-9.703815991200921,20.962947027503684,-6.0119855454239879,0.2016082033762062,0.17652413658714,0.7608695652173914,1,2
-0.424000065576984,0.89547208045531324,-0.13547581893366126,-0.89858836138869191,-0.43461464528628801,-0.060407506813801325,-0.1129730107923958,0.09612420729299602,0.9889374275477667,-10.450573605939677,7.1234880647125598,-6.0303603591011115,0.5613059440288741,0.172401316100979,0.1428571428571428,1,4
0.92734353508889389,0.26064477210754561,-0.26851121150119561,-0.23135804335973995,0.96330784823676108,0.13605677233498786,0.29412144379760363,-0.064049139716842479,0.95361956984950047,-25.657633290505903,7.1107347292456087,-10.810559479925788,,0.1488886598305527,0.1176470588235294,0,2
-0.68969767494717071,-0.6618510281948109,-0.29371811937627823,0.69763129499062859,-0.71603183546107763,-0.024677659044938707,-0.1939785901128388,-0.22192707604911832,0.95557348199608549,4.1502289707126003,10.235849286652392,-1.0372016852010673,,0.126915106311924,0.5416666666666666,1,5
-0.90890475008978699,0.35228512539218776,-0.22313078158701757,-0.32322318480059986,-0.9332411965766918,-0.15680447002385536,-0.26347471998577016,-0.070399285788390817,0.962094076735173,-38.915033106737447,10.156442555185938,-15.046082327020402,,0.7568722206962735,0.4666666666666667,0,1
0.58828488355417707,-0.73557705426735442,-0.33592751155124417,0.79136023985820114,0.60913098218668937,0.052042456819899996,0.16634261797032163,-0.29645546676632911,0.94044898302413982,-9.4695155550345049,25.215082180814949,-5.9820115397283775,0.2577399718272105,0.2867089123711486,0.6086956521739131,1,3
0.62575638707602221,0.74698359762584932,-0.224598416983532,-0.76258817807478685,0.64639465268934049,0.02516393520905625,0.1639762625935304,0.15552960442491862,0.97412644325738729,-7.9276366416989035,-14.411558164862706,-4.4908822266809363,,0.2492043785578825,0.3559322033898305,1,5
0.29293787582160152,-0.87808346400838577,-0.37836071564601181,0.95298645006223259,0.30021077973603361,0.041113425156109148,0.077486946687247052,-0.37261631467947953,0.92474475133832001,-18.670597423980894,15.3114482430984,-8.7814805870835819,,0.1462873357383995,0.3076923076923077,0,4
0.0066901135075620429,-0.95043872122144768,-0.31083995815241644,0.99996321538463107,0.0080271076474879213,-0.0030221549341953547,0.0053675188762197859,-0.31080830546456717,0.95045746195995462,7.4236686466633515,9.337646206374167,0.037744863536708029,,0.07005663398318167,0.4090909090909091,1,5
0.94207959816575881,-0.1499180141498305,-0.30001769906659265,0.19537917905519861,0.97239080134318345,0.12760527361703197,0.27260412159679098,-0.1788315366386258,0.94536039391964621,-8.6137373482400506,-2.7340360418790137,-4.9789281919936501,0.1496337057889632,0.1212654113142891,0.2530612244897959,1,3
-0.91171527147285547,-0.25386121728678912,-0.32300115498376658,0.31649627872101965,-0.93529867755635809,-0.15826082685577703,-0.26192626695107191,-0.24651747629528681,0.93307221829935461,-21.07959212270034,1.6684315157979421,-9.4094832638320582,,0.0773921093902262,0.3809523809523809,0,2
0.93425289029908742,0.22997344453525201,-0.27255045730358174,-0.23634761748642999,0.97162034307985101,0.0096805279752564134,0.26704183319526609,0.05537258998803405,0.96209278949679666,1.8446712898236552,-4.7575956036475384,-1.5024794275219955,,0.06657969404478667,0.1111111111111111,0,5
0.75080591012558162,0.64118040478856675,-0.15867631781607025,-0.62448307195479869,0.76732063309180754,0.14573928390617566,0.21520078569186149,-0.010331241297971163,0.97651517514621766,-8.2765054434517555,-17.720318629243717,-4.6295110116784288,,0.1590431069038195,0.375,0,1
-0.45299271799970237,-0.81918480891480172,-0.35175822134310114,0.88221151785706675,-0.46874827256836099,-0.044473528356855696,-0.12845401978752,-0.33047133885920826,0.93503382772658539,-3.5910796506958715,-5.4663164135957043,-3.2843386900153089,,0.1089635577613569,0.3125,0,1
0.95791601181697084,-0.047189990776820651,-0.28314310705922624,0.071248151979659419,0.99461409908782628,0.075276123274214804,0.27806584677761537,-0.092281626915627274,0.95611897072992547,-1.7025721020365219,15.917172761133131,-3.1724759635937385,,0.09598304847830116,0.2413793103448276,0,5
0.1572521679124832,0.97441124875270091,-0.16060658140633019,-0.98559243378911676,0.16510667048908167,0.036706155037774801,0.062284108281901215,0.15252050899539307,0.98633573604088609,12.763433769380299,-6.8878597869389351,1.9372444130458855,,0.3154797999262086,0.7763157894736842,1,5
0.94446262381092205,0.18501162653564462,-0.27158985671564501,-0.17841115902182278,0.98273397367216686,0.049024436019225258,0.27597066974712969,0.0021529136416408106,0.96116364600528492,-2.0068927939545982,14.173681442967649,-3.2907065845842935,0.1232767371049766,0.1072039423921837,0.5172413793103449,1,5
0.92644904578791831,0.27594122880879091,-0.25602461561762191,-0.26470570300367968,0.96116369993338036,0.078071971460333622,0.26762484256134422,-0.0045585275988982094,0.96351240960879514,-3.733643659384569,-4.2916374600405325,-3.3166586854276625,,0.1430153511071514,0.4032258064516129,0,5
0.50012294619017039,-0.73524055760880724,-0.45749137821510205,0.8534157484145054,0.50806041322996598,0.11643099615955133,0.14682846812581404,-0.44866015975979623,0.88155854144358459,-18.05854683187837,12.29935219310239,-8.5591651848921284,,0.2680970634825328,0.35,0,1
-0.96057015268864099,0.039554527664023904,-0.27520977654327061,-0.016296086412990348,-0.99613667071185286,-0.086291197875135423,-0.27755975812668049,-0.078403906818355643,0.95750373788527687,-27.211099871035824,13.949920233741086,-11.335142161897588,,0.2046639027482487,0.3333333333333333,0,1
0.81228009231516884,0.54282559748689574,-0.2134043634545823,-0.53533684139655313,0.83908615971137301,0.09668962107890168,0.23155024912969197,0.035704163536129228,0.97216752405856599,-3.3949377087176233,14.709217323474254,-3.7227374827907171,0.6302845418072066,0.1922849284758942,0.6666666666666666,1,5
0.84742428874026665,0.46706253731398906,-0.25243743995467782,-0.47524080729635643,0.8792914731605348,0.031506829537162412,0.23668174820496918,0.093268920144895906,0.96710012852943228,-2.7615736092034902,-6.6754700862377989,-2.9737738759249277,,0.1661395378353208,0.416,1,5
0.96256382574452626,-0.075211250469179092,-0.26041149969025051,0.091972151424024165,0.99436235085687241,0.052769674632614068,0.25497451780619046,-0.074744785779731759,0.96405456913405263,-11.840454892480558,14.475355430466459,-6.6304096055303727,0.1464273213539403,0.2256844453297852,0.2888888888888889,1,3
-0.033891337593623456,-0.86648482546606087,-0.49805162832096744,0.9990450947499524,-0.015623405284663211,-0.040802057097303716,0.027573100880668541,-0.49895887249788756,0.86618691266000036,-4.7792892212301519,-6.6920757215556694,-3.6879426555558901,0.9135105941303284,0.6133848317331465,0.4654377880184332,1,5
-0.94686322781130605,-0.0020965267358680826,-0.32162965098758922,0.087995024890135387,-0.96351585576053034,-0.25277276612134281,-0.30936532354699536,-0.26764304637650582,0.91250221715509505,-26.410732258383042,-0.1109683108247794,-10.994854761705925,,0.3556048237339873,0.25,0,2
0.62328414085387784,-0.69736933228028297,-0.35382607896393975,0.76065367510475457,0.64564969836300523,0.067397726618865464,0.18144659354662526,-0.3111470414429699,0.93287976304109665,-7.9752659625008038,18.95381971183437,-5.4073157688414497,0.1370330742277685,0.1109256173957043,0.5384615384615384,1,4
0.44809868509960199,-0.7915478507750785,-0.41552324645603372,0.88699377010785674,0.45166288155558065,0.096138926636195943,0.11157786609295804,-0.41164625755405992,0.90448755571311124,-24.845329346103046,11.601699237284453,-10.564686862205392,,0.2953665153981236,0.3469387755102041,0,4
0.64082114090482634,-0.70618547824351219,-0.30108194181554482,0.74539744752351988,0.66618970164496005,0.023956766217940951,0.18365976857999833,-0.2397777131849031,0.95329729762805915,2.0647523884606929,2.4072116842941202,-1.5934125260706995,0.4019523449627312,0.3325976490462706,0.9371002132196162,1,5
-0.93419827893574037,-0.21659206384497309,-0.28348095793699774,0.239034719493398,-0.96988783753240704,-0.046690314664025699,-0.26483198166047717,-0.11137980286429086,0.95784057180915994,3.5927396227930211,-6.3742237750148654,-0.93292738833080346,,0.07158709471273428,0.1914893617021277,0,4
0.074983434435851315,0.9804278000446861,-0.18204069176901602,-0.994938350599472,0.085804081201015223,0.052300460377056636,0.066896659607239561,0.17719759746900388,0.98189910295539351,-6.0668219252629987,-15.778410939917515,-3.9087817096103357,,0.1806809761742968,0.3,0,4
0.91244788863249393,-0.27497467742067311,-0.30303098407176321,0.30760850107518078,0.94930255278116427,0.064820315869684161,0.26984414130454054,-0.15236006714543676,0.95077365831361449,9.3250650374997157,-4.2150405782655174,0.82446150433494669,,0.4615003408645706,0.9053497942386831,1,5
0.59672569746390314,0.7785651173885545,-0.19430594425278389,-0.7853871591413778,0.61632196871463674,0.057569446198060661,0.16457658473201936,0.11825222562582847,0.97925020239593707,-9.0504960265244403,-8.1738330366732175,-5.0598815358161868,,0.1551635294250824,0.1891891891891892,0,2
0.92031445500651121,-0.25190566205083076,-0.29927385674796381,0.29060772820226344,0.95240911244345405,0.092000167629146742,0.26185578514745017,-0.17164037975198129,0.94972160543151141,5.7862199004758228,18.942427808061314,-0.70869752704815103,0.2645736123758669,0.2122878280071998,0.4736842105263158,1,5
-0.91684443341442434,-0.19261054949653411,-0.34971053907428545,0.29944583386815127,-0.91109652522300322,-0.28325838788212104,-0.26406150324496697,-0.3644232401332464,0.89301020405972698,-6.9568778108202221,14.704125438343896,-4.9603820227581235,,0.3986238009233946,0.1538461538461539,0,1
0.49866553032149674,-0.80739016576629008,-0.31536297990262274,0.85472791885117427,0.51852019203679445,0.024020724103676058,0.14412797648451051,-0.28152785061873969,0.94866706263075851,-6.0970468560931046,14.232333918618423,-4.6436825466888392,0.2699887756865115,0.2000731223325571,0.78,1,5
-0.50013350236664966,-0.69879186716841535,-0.51142585600431623,0.85043082899840561,-0.50766444961018364,-0.1380007669945108,-0.16319891206608067,-0.50395112161921862,0.84817414610395803,-3.5313966728410517,25.368947181062737,-3.9983945534761842,,0.2697731688014299,0.1764705882352941,0,4
0.71193704208668007,0.67416757432210606,-0.19658008504809479,-0.65527001475799496,0.73841711437351465,0.15925254459300942,0.25252100083740653,0.015435249688268753,0.96746829260866984,1.1015958509990551,15.167726473712804,-2.1973038023153388,,0.1914618513466877,0.2272727272727273,0,5
0.82237914772141441,0.55900567914274213,-0.10585456097477625,-0.51760547831051329,0.81234700091812262,0.26865762397943793,0.23617177269086509,-0.16614752717237183,0.95740163620006469,1.983470110391971,10.983244854841052,-1.8694513518749378,,0.3856327850410872,0.3150684931506849,0,1
0.61574923332386278,-0.68779542755144085,-0.38443508099600598,0.75995687621892194,0.64727369906058629,0.05918027367293411,0.20813079529145395,-0.32859429140469854,0.92125314854690765,-8.0609724162632457,12.139464532821773,-5.213949818727257,,0.1953565847878304,0.1944444444444444,0,2
0.91600381863539138,0.29431778384564561,-0.27260602773520665,-0.30043250124126042,0.95359261176918797,0.020036041952884991,0.26585205743665108,0.063546619826751069,0.96191710176360468,1.6401900959033562,12.343545937552703,-1.9586623647959194,0.4022625929733213,0.304392168865001,0.7857142857142857,1,5
0.95982747924895462,0.044646838891436967,-0.27701601010699328,-0.036263228171010208,0.99871804941251585,0.035316229417576991,0.27823764727515399,-0.023851992676917965,0.96021606635388335,-9.5789725801714507,-11.746848403116394,-5.0722461891259334,,0.07525343401655842,0.3125,0,3
0.46044580747137448,-0.80361347990366372,-0.37708756715006964,0.87964314255111287,0.47011907155440169,0.072221882581597119,0.1192375785767078,-0.3649567556272274,0.92335744236845341,-0.25867583245154302,3.9501293563553355,-2.3520471475044404,,0.1195672132543427,0.2913385826771653,0,5
-0.61423369150899987,0.75171187521392846,-0.24009629084512113,-0.76814407095919868,-0.6392483638243075,-0.036279685750767766,-0.18075303169091053,0.16214433696649472,0.97007090231809301,0.21256520001100884,-10.072619854999628,-2.0545048829386148,,0.1433922035847164,0.6447368421052632,1,5
-0.83498407061180102,-0.44218259919550607,-0.32753038148124985,0.49691759727037466,-0.86158916974566113,-0.10361951601903972,-0.23637788252623046,-0.24927625547911447,0.93914154689627394,14.406624983732879,13.690132245729869,2.3226491648250853,0.1967495225040443,0.1495255085122419,0.3333333333333333,1,5
0.78954464220403531,0.5648094734184631,-0.24001982564709187,-0.57300112422954597,0.81851681474691762,0.041230275383950889,0.21974751329327583,0.10497848690716795,0.96989202888161874,-7.5684716162477486,10.156485668005949,-4.9624412614265028,,0.1028105714091224,0.1666666666666667,0,4
-0.62016299026326382,0.75317637909144453,-0.21937002412916032,-0.75840476129330703,-0.64712512869552896,-0.077790011302466044,-0.2005494541387981,0.11812878476263239,0.97253560688292262,-22.264504210708548,13.075228335146049,-9.8672168578632977,,0.2883069586864355,0.2857142857142857,0,2
-0.67779492051830736,-0.65012874366135587,-0.34340451712941866,0.70408684232713115,-0.70845936479875249,-0.04844633000298823,-0.21179179441468399,-0.27462327850030466,0.93793725308484954,-6.9996027875917788,17.449635381997421,-5.0158679555400356,,0.1097257269120684,0.2692307692307692,0,3
-0.24507197189173516,0.94704836147976468,-0.20745874195027245,-0.96621122557057004,-0.25620560861026798,-0.028187828899358384,-0.079847330415699372,0.19354091850338875,0.97783757173180408,3.8836348094015349,-5.4178177204165365,-0.85538007369068703,,0.223333779094588,0.5502183406113537,1,5
-0.048015123730575968,-0.89555817258347825,-0.4423461398182183,0.99854863777402358,-0.053853570416891358,0.00064105615580961682,-0.024396022068760771,-0.44167335494944027,0.89684417912752612,-4.3963392024238921,21.118966760788162,-4.2036719002843022,,0.2779590092002636,0.5333333333333333,0,4
0.9117966638534486,0.35464394963101181,-0.20701331545540458,-0.32574164309148945,0.9316081298048321,0.16124104451907056,0.25003844852698009,-0.079586188950473619,0.96495948764005712,0.81904052139532701,11.673220066035402,-2.2233040377280733,,0.1852351768123867,0.3111111111111111,0,5
-0.14986396703120683,0.98424562946529226,-0.093815415919459536,-0.98815222934936298,-0.15228128095169988,-0.019120227603108386,-0.033105332161972832,0.089838479229010268,0.99540598985151041,-10.931730579943428,9.9088233419913081,-6.2511914679356533,0.436967831767376,0.2001596379204673,0.1612903225806452,1,2
0.90557349599563464,0.34969338115906573,-0.24010660658088057,-0.33461551897911368,0.93678325117012484,0.10232103784398694,0.26070883722763172,-0.012315823182905597,0.96533891597238775,-0.0037885512893123916,-2.7200344083243575,-2.1927841016776632,,0.5787221560273186,0.639412997903564,0,1
-0.65890275947186283,-0.65337279812264815,-0.37276150583683815,0.72467603358784605,-0.68423757506555127,-0.081630798181828307,-0.20172208581053497,-0.32391808770396985,0.92432963414274005,-31.258553724806362,7.053491614366008,-12.535990998842864,,0.167187864116931,0.25,0,5
-0.054007064281504064,-0.88437533966922732,-0.46364155938896789,0.99282863397179133,-0.097151424702606681,0.06966278952182571,-0.10665149119164692,-0.45655433330896561,0.88328002364109059,6.0307258997136266,8.723659567273339,-0.3780915544068526,,0.1402387882502978,0.3181818181818182,0,2
-0.57438722119198993,0.80332864304263851,-0.15729720721810822,-0.80112924684708531,-0.59113369740611277,-0.093556836400124854,-0.16814056612717027,0.072277541866411651,0.98310971257748403,-24.975299957731483,-1.0182427406464001,-10.60075906111982,,0.2942127459907538,0.16,0,1
0.72514031086689312,-0.59571928607376101,-0.34538393384121824,0.64876433956758028,0.75916336239400495,0.052686059864738795,0.23081672656310609,-0.26227756556441917,0.93698138580245816,4.5091498355808284,17.382086038831375,-1.1416617149870081,0.2597183236344395,0.1587561175069565,0.2692307692307692,1,5
0.52571492800430253,0.809173946834572,-0.26241443984200818,-0.83742772448401137,0.54649689799202128,0.0074797560542674661,0.14946110108976265,0.21582090781308025,0.96492627439187073,-14.910044002928011,13.662275455474875,-7.6166957936764748,0.2668273487464944,0.2248466184886526,0.8723404255319149,1,5
0.52397596470198493,0.81769479557842184,-0.23837871066559035,-0.8380550403015371,0.54491381028488139,0.027068224655548919,0.15202939794597389,0.18559138084721832,0.97079498428628563,12.038584790752139,10.61123509849274,1.6253496080978707,,0.08560733068091193,0.2857142857142857,0,5
0.55705660564440851,-0.76231358965879337,-0.32949344322680574,0.81621025867513397,0.57577267779642582,0.047818794805030443,0.15326040500208243,-0.2955737040480082,0.94294614572304158,0.15323215111965549,18.876107061472247,-2.6222956340952797,0.4212960830367446,0.3052849342798455,0.7755102040816326,1,5
0.86821060817481321,-0.40438311618292638,-0.28754936132585612,0.42768543605649689,0.90369618742790736,0.020454061049815075,0.25158598458158582,-0.14073910677012066,0.95754738587062271,-6.9924033557035408,10.977666091107382,-4.8617607662031066,,0.07702301101619954,0.3013698630136986,0,5
0.30677063119764153,-0.87598213116489687,-0.37221913668483858,0.94610577378181637,0.32330720537474217,0.018876328283992657,0.1038058025897942,-0.35794937747198319,0.92795290748836423,1.0021495193077234,10.528305142969634,-2.1918459874674743,,0.1338542155936588,0.1515151515151515,0,5
0.33354915965803072,-0.76462264569771554,-0.5514500591872743,0.93730539184132011,0.33165094056855277,0.10708060536429739,0.10101267502948151,-0.55259375974238167,0.82730682106288,-27.080526056704763,11.2312965930836,-11.280457560739814,,0.1765553810222728,0.35,0,2
-0.046977253084322379,-0.91598330597113398,-0.39845667377375593,0.99887665487657029,-0.04059715592209881,-0.024439706905593567,0.0062101558149570994,-0.39915717970898468,0.91686148345948348,-28.502330424832142,7.4591554636518671,-11.661277338379749,0.6212894879415153,0.2278512083342186,0.2352941176470588,1,4
0.042032854968285349,-0.90049792795750028,-0.4328241223031174,0.99905767675857715,0.042571706366854228,0.0084503447721813122,0.010816543485303922,-0.43277145418946383,0.90143877819060303,-0.98186451823999388,9.3005696127206114,-2.812047860582747,,0.2382919646064243,0.1621621621621622,0,4
0.93737677679398768,-0.20182480691649948,-0.28388646611001417,0.2218056881108402,0.97428076971027811,0.039739382159573192,0.26856473158065858,-0.10021840692141168,0.95803405777933737,-3.1260508307347226,11.844916652195732,-3.5503484427046095,0.1768000174561193,0.1426095844773186,0.5348837209302325,1,5
0.94384399726404089,-0.15083073083374454,-0.29395339675668997,0.18580781341787392,0.97800433557102318,0.094778563384078168,0.27319217650127919,-0.14407501601748895,0.95110904971935473,-11.796548094247614,-5.0765158727609494,-6.1061957029505693,,0.078833628688638,0.2272727272727273,0,1
-0.45182731840455137,-0.83916663346864129,-0.30273988111291034,0.88312544405616611,-0.46876588323548984,-0.018654671668249169,-0.12625974973819312,-0.27578598221693235,0.95289063780094441,-11.464253946371048,10.642386267370094,-6.410341948493433,,0.0959348283438974,0.5802469135802469,1,5
0.26175352983307187,0.94768616288747076,-0.18269106790303319,-0.96235248919349781,0.27064308138377369,0.025099980919825234,0.073230978165027036,0.16924319534539536,0.98284991970609359,-5.7838274679397799,13.339843263463763,-4.4412852219978642,,0.08153677607677641,0.2903225806451613,0,3
0.91851495971315034,-0.19417055723990784,-0.34442424926867893,0.28867267018545562,0.92459136613103721,0.24859383573198474,0.27018208354949924,-0.32776302472531205,0.90530273464281841,-14.221912430631987,15.870936528041339,-7.4502987381204404,,0.139278803818629,0.3684210526315789,0,3
-0.75270242810365418,-0.57300758111145378,-0.32419340942663266,0.62244667063540926,-0.77979820052965543,-0.066894758132502175,-0.21447423374792116,-0.25214495521329067,0.94362266008120532,-9.7924756148792369,-7.0703887541061716,-5.3676479336384846,,0.1207859806992952,0.4408602150537634,0,4
-0.80441873260140728,-0.44782551620999911,-0.39033679005596494,0.5473527883472703,-0.81410792285025357,-0.19399282213761038,-0.2309013376496872,-0.36970339054936219,0.90000220849056345,-3.8295423672688869,-10.08346705845797,-3.3215147924519774,,0.4412643162736845,0.2142857142857143,0,1
-0.85853305380906364,0.45426096845742675,-0.23784021538294783,-0.44560404245046153,-0.89046567352520067,-0.092238395612244464,-0.25368885050213247,0.02679284996850128,0.96691473787582483,15.198753314851263,5.0901877236216873,2.6217066145182093,,0.2881271275585671,0.3928571428571428,1,5
-0.82490227767271063,-0.42463490292628353,-0.37312388225247611,0.51323347642926576,-0.83926129155752227,-0.17953240143642521,-0.23691270747409099,-0.33959635408818095,0.91024539841040131,-15.439858605748976,-16.848495425158887,-6.8680890860263881,,0.1930501090168447,0.3333333333333333,0,1
-0.76799637742815052,0.62437848385010541,-0.14259408529908374,-0.60045044956181071,-0.77940734609186879,-0.17883916371715119,-0.22280220348609203,-0.051727147254361984,0.97349035966396114,-24.068497655443927,13.752369534372432,-10.42129026787325,,0.1764242519662334,0.3055555555555556,0,2
-0.022327160282406312,0.96619272895430486,-0.2568523085930085,-0.99973166464206087,-0.023163454071150811,-0.00023045066434074988,-0.0061722464094319104,0.25677824072792471,0.966450639434283,-5.1300726087608535,9.3281455554322328,-4.20486964645381,,0.08723584897884826,0.4054054054054054,0,5
0.43808714667964938,-0.83633230616348631,-0.32958750823013228,0.88885949511273521,0.45774601762167572,0.019934424983656614,0.13419556573156985,-0.30169000152268965,0.9439145581667987,-17.931932268694961,13.515345129773413,-8.5783386866217448,0.4684839337838611,0.4230921493234794,0.8333333333333334,1,5
0.88989137905241489,-0.35174059031900362,-0.29046839864300195,0.37611696540314465,0.9260572901117673,0.030885656327489623,0.25812663912142186,-0.1367349719453255,0.95638600241899729,-7.1621467006015136,4.9038950982797838,-4.8158970736941944,0.2761393892282808,0.1989694493646458,0.1720841300191205,1,1
0.80580563557109108,0.54429396366607452,-0.23328385884699293,-0.55099958827709772,0.83347785646228756,0.041401890119884432,0.21697172949566179,0.095177433794487773,0.97152690374274098,-26.71881918216479,5.21749360711914,-11.119370215456367,,0.1140048062338455,0.3043478260869565,0,5
0.51959330340597576,-0.75120421062395359,-0.40708111353452292,0.83904698196734173,0.53856704418103574,0.077108371618110641,0.16131633862433142,-0.38162517325635609,0.91013145535680451,9.8849675393038403,5.6811568468642433,0.89673283779555457,,0.4238955996056756,0.6307692307692307,1,5
-0.82308024836773497,0.50342371006885378,-0.26287539422208844,-0.51505235030068253,-0.85670200039784239,-0.027977829867201133,-0.23929057899685624,0.11236659047441902,0.96442406033264394,1.4945722198957099,-8.1526723675666961,-1.5917112993118296,,0.1407610273907844,0.7536231884057971,1,5
-0.83356966772307128,0.52303148552809753,-0.17776297195513047,-0.49849311983417183,-0.8508622734545499,-0.16594577755926421,-0.2380466730077169,-0.049713748179215235,0.96998057955400874,-2.5617731640029486,8.3220237644957678,-3.2640656046972261,0.780469485194496,0.4267296189525549,0.25,1,5
0.70510664139477552,-0.64057172955486164,-0.30412576930617563,0.67823048554637799,0.73440303403980278,0.025604532189774942,0.20694934823889721,-0.22432129388050984,0.95228773192521488,-7.0708243333402878,-1.7291992526834916,-4.535216366616603,0.2071925454052712,0.1801726192445653,0.7255172413793104,1,4
0.95601018813938377,0.10810467138170693,-0.27268645034022748,-0.061710204355929658,0.98292926330674746,0.17332603385990339,0.28676884567897126,-0.14887391766427091,0.94636155130438515,-17.046610490937535,28.191346588619862,-8.3016006911404752,,0.3418350282571676,0.4615384615384616,0,4
0.55143098432760218,-0.75832709678849264,-0.34765483428226374,0.81746719072694407,0.57429771466277402,0.043926381800841539,0.1663468112363144,-0.30841878867775152,0.93659307555739424,10.969251361048984,4.4104734512011641,1.3028922005722212,0.3149979202402091,0.1200979745890916,0.2941176470588235,1,6
-0.13133823460167898,-0.89623483615720601,-0.42369020119655948,0.98987182884829261,-0.14179592266406185,-0.006904981418079663,-0.053889058112487016,-0.42030588239294742,0.90578084250089719,-26.240995969949449,9.5696982349428339,-10.972666138496722,,0.2672484981114731,0.1470588235294118,0,5
-0.23575761505861026,0.94989844698946357,-0.20521034902967852,-0.96989375489153151,-0.24324735030829006,-0.011697469401661244,-0.061028281675653405,0.19627446847463986,0.97864798669425357,-13.131502879681936,8.4574644026606673,-6.9625513636495429,,0.1488710390437772,0.2444444444444444,0,5
-0.47917150534078246,-0.82216570982626136,-0.30730801170052152,0.86751805213363054,-0.49685466277366219,-0.023406693537131623,-0.13344323771446581,-0.27781106829273328,0.95132219181638455,-18.376415641097722,5.6583871310794009,-8.5095829939733392,0.2314622833835783,0.2141793353705939,0.8074866310160428,1,6
-0.0026381296469438959,-0.94532812877090555,-0.32611005692321671,0.99999625097495393,-0.0022546392643351038,-0.0015539104942160291,0.00073369476094103773,-0.32611293374578915,0.94533053274276069,-9.8884424422143304,4.5088505298080905,-5.7748224838404001,0.2635400294742106,0.187847039902639,0.6027874564459931,1,5
0.71672215602205891,-0.56224282623988875,-0.41254376181064245,0.66054280685067124,0.73702243442165105,0.14311230372341152,0.22359014151999301,-0.37507457325306337,0.89962576281146167,-32.583647283456528,-0.14424455190406185,-12.828544865017681,,0.1971147419123495,0.4117647058823529,0,2
-0.71285317692762151,-0.56244173322786795,-0.4189267774538018,0.65961336423803663,-0.74061150742117599,-0.12808124294333961,-0.23822375587412437,-0.36763282198269998,0.89894134977664708,-19.630470324101548,23.117361525778502,-9.1985680291241909,,0.2822461173659841,0.375,0,4
0.92332858059622835,-0.25912684112829393,-0.28340362111488332,0.27720417597445779,0.96048781768737812,0.024919809318320024,0.26574833409915893,-0.10156983942594172,0.9586768958530878,1.2691848153438203,5.7344610856871343,-1.8008725786632809,0.3017861817466697,0.2747423137012671,0.8793103448275862,1,5
-0.24659291523861745,-0.88757087282216141,-0.38911422471020901,0.96773045931053636,-0.24700620298038123,-0.049856732863607083,-0.051862243267510537,-0.38885200450418378,0.91983934810179746,-32.884797254819752,-2.9097568767124593,-12.703891754467948,,0.444583983631049,0.9830508474576272,0,2
0.95433536163368737,-0.064532575907600753,-0.29168401427268537,0.099473893248754539,0.98931549089511639,0.10658238145626725,0.28168947814470063,-0.13073028004897574,0.95055806334009996,17.991392551769561,-4.9828555020475624,3.58186147263143,,0.1139626964073995,0.4615384615384616,0,4
0.39577441157026449,0.88543574512316803,-0.2436517112691618,-0.91122268533993744,0.41161553840679738,0.015680123212375666,0.11417457189796655,0.2158151750926296,0.96973603487322957,-4.6889207009882821,-0.76288080095085864,-3.7457401693344696,0.1911833075995748,0.172381403100121,0.752046783625731,1,4
0.62111549826469825,-0.63162649336714705,-0.4639649886490545,0.765711228930268,0.61525385280962419,0.18748069365407147,0.16703847372834285,-0.47171036609304523,0.8657872018081989,-2.169998410508533,21.455902711387736,-3.4579151197773985,,0.5023254906037591,0.36,0,3
0.21460638655288325,0.94730212682000159,-0.23782930722057255,-0.97489703257989635,0.22255370121836812,0.0067546976926328084,0.059328532070395991,0.23040948460579566,0.97128347802588755,-21.848486344410087,1.4734165847919496,-9.6163502314863667,,0.178344214053864,0.2608695652173913,0,1
0.9668527277902168,0.17424150000312993,-0.18664324911787569,-0.14028407453008637,0.97326085750236746,0.18188920167782019,0.21334521601820683,-0.14967699532799567,0.96544322250028181,-9.4906834784876803,-12.595191983390967,-5.0462940328746582,,0.2353054271479214,0.2173913043478261,0,2
0.95165448622871907,0.18919780045988413,-0.24198746071210964,-0.13899034172922334,0.96776223412082396,0.21004271735879146,0.27392594573487683,-0.16625417441560156,0.94727193864414683,-2.2084678986506741,-2.869443804370996,-2.8969375293155641,,0.1570273416357394,0.2783505154639175,0,3
0.14519143418318811,-0.91473004451477358,-0.37707876246459432,0.98843299390421224,0.15097877553471975,0.014339661767036068,0.043813970390564158,-0.37479908617823188,0.92607018146497821,6.125018942627511,-5.4528054198223028,-0.20399990860180114,,0.0895646808918944,0.2,0,5
-0.87954701593990592,-0.34531294954026837,-0.32734693160469391,0.40297261251146171,-0.90641609491578434,-0.12658173819041976,-0.25300221405532308,-0.24324643832422427,0.93638723289336057,-8.1966053093275768,17.489081097037815,-5.5061341193527822,,0.2869256266928867,0.3333333333333333,0,1
0.90553913357804128,0.3320653984311373,-0.26406712919919034,-0.33471644762328767,0.94162019022704335,0.036281083876243743,0.26069863300212914,0.055533670161066688,0.9638216817592683,-10.230922358840427,-17.023646595046088,-5.2584396919183538,,0.1350167458701279,0.1538461538461539,0,1
-0.32391603515733824,0.94157573192160271,-0.092268863785397365,-0.94133240860952661,-0.33051627768390313,-0.068207673229367285,-0.094719051248083649,0.064762112707008518,0.99339527384037196,-0.4411309823273048,-9.336237894633987,-2.216398952615414,,0.2127177941713027,0.4270833333333333,0,5
0.17259679128268271,0.98401581862108212,-0.043854490561450694,-0.98215425143429702,0.16855127675592033,-0.083447549355781095,-0.074721978215639057,0.057474653608625234,0.99554672927196675,-16.380742920396241,14.433667284555863,-7.9931401611253587,,0.3316818942390308,0.2222222222222222,0,2
-0.16826388409595941,0.95928359617457537,-0.22685292023537212,-0.98417980884076794,-0.17643912498528747,-0.016104007096867108,-0.055474040587389813,0.22055434088859077,0.97379587878369478,-9.5576347042173939,7.9852274387881543,-5.6727757630971665,,0.08167736988408973,0.5333333333333333,1,5
-0.14302840769878244,-0.90870706499152154,-0.39216622065859502,0.98896516381325827,-0.1466791277854636,-0.020811973378594924,-0.038610611947579726,-0.39081543406906366,0.91965891347740614,1.3034894319315757,22.481579444538941,-2.2649666680911662,,0.2039569980921513,0.1,0,1
-0.52681574761145289,-0.75204736953655427,-0.39609332491438942,0.83389613766341775,-0.54752211270768114,-0.069546874021424412,-0.16456731041923414,-0.36693908223200677,0.91557266793636449,12.839865398249552,0.63454089091674548,1.9932455930810415,,0.1806879456262373,0.4328358208955224,1,4
-0.75805360294485635,0.60366883419233652,-0.24685759799363244,-0.61621372464754554,-0.78692534490399646,-0.032080322687335038,-0.213624391440489,0.12779843572043498,0.96852061372440024,-6.5312795399573131,7.2312295716097141,-4.5486989871542205,,0.08521415578519971,0.3269230769230769,0,5
-0.90747248520680246,0.33670344631377369,-0.25124585137474048,-0.32146594267249756,-0.94155084230803954,-0.1007058044538852,-0.27046873441171154,-0.010620762187782257,0.96267017358817031,-9.9438964461076065,11.232639613019938,-5.8910793215802348,,0.07390927908730392,0.2456140350877193,0,5
0.95915383079679095,0.071625032940046032,-0.27366728617826613,-0.067306188892968646,0.99741532002405875,0.025150672317198221,0.27476136155679481,-0.0057038616428150063,0.96149553309301161,5.149497816754101,6.9693047211926222,-0.71039018491350847,,0.07459457439986823,0.2972972972972973,0,6
-0.5410390079236681,-0.78260564661301546,-0.30790452058129536,0.82831038506343824,-0.55923279903220546,-0.034067322798591322,-0.14552902769218126,-0.27347226253503137,0.95080714328560834,-16.509297789414649,11.450260943456247,-8.079155316840712,0.1622572593845147,0.1685420398452288,0.5466666666666666,1,4
0.48874337738431506,0.86012666168656027,-0.14598642717358201,-0.86623043032968328,0.49833885329827321,0.036100261276261883,0.10380150593235847,0.10881412201224849,0.98862770253360732,-10.933071583841201,17.174912331990946,-6.3025387280046656,,0.202119356279352,0.3043478260869565,0,2
0.899780963230016,0.3683467111136704,-0.23391220280397285,-0.34652013696597483,0.92899570288317934,0.12996452862865934,0.26517543793863474,-0.03588432020158458,0.9635322011628481,5.1508272448552876,-2.6066542451884196,-0.49660397345991597,,0.354543747740147,0.9610091743119266,1,4
-0.9570040188810931,-0.046483340949520488,-0.28632604991443944,0.088507496318611739,-0.98679933000863651,-0.13562265809928586,-0.27624215996267909,-0.15513343066107807,0.94848504877540207,-11.830114695814633,-7.0872952649919689,-6.0136758424921117,,0.1412129106146162,0.125,0,1
-0.81960914238017146,-0.49521805998195517,-0.28809707876781343,0.52268329872963526,-0.85224192066473059,-0.022042638018103848,-0.23461249531076975,-0.168649879126547,0.95734747887830896,2.7726998521978561,4.2982490528474138,-1.2809765199729919,,0.06669206239511312,0.1935483870967742,0,5
0.64351963949158952,-0.70673880992015958,-0.29394340975985628,0.74197653245956685,0.670304712015102,0.012744345005836877,0.18802472940518061,-0.2263003482166725,0.9557378581646333,-18.450983072857337,8.4907531238387204,-8.62586651427406,,0.09232466832399003,0.2941176470588235,0,2
-0.95795085651321232,-0.046730502327313989,-0.28310142468352067,0.063868755377630385,-0.99662297079334361,-0.05160848935555138,-0.27973369227197969,-0.067519732221673873,0.95770044751404282,-7.2661325389347091,-17.045839674912077,-4.2892239788437951,,0.2825700730156835,0.8275862068965517,1,5
-0.32426206703447896,-0.88646062843670215,-0.33021457586565417,0.94024541723733102,-0.34036231821284035,-0.0095941495182055095,-0.10388776273807983,-0.31359376041686166,0.9438571322932765,-12.021752286915547,8.8345618918274642,-6.5909193864516018,0.3399531869782006,0.3075143976820728,0.9285714285714286,1,5
