axis_00,axis_01,axis_02,axis_10,axis_11,axis_12,axis_20,axis_21,axis_22,location_x,location_y,location_z,dbh,dbh_approximation,score,reconstructed,number_clusters
-0.97736372664937599,-0.11661093833727447,-0.17652771705923354,0.14616506497228698,-0.97541720611661487,-0.1649152745906349,-0.15295724765989874,-0.18698439258868044,0.97038184098660407,-14.390744887253751,-8.3891227957130088,-3.1081882896301676,,0.2575413696376166,0.2307692307692308,0,2
-0.48280824815613332,-0.8356246164469413,-0.26196888345814756,0.86481833047673462,-0.50202880676820261,0.0075054944093192457,-0.13778770185992431,-0.22293177782182044,0.96504713442057499,-6.6302513145083779,-17.530175824376659,-1.2189043653861984,0.2599665121975124,0.3201696610951144,0.3478260869565217,1,6
-0.84334542611522678,-0.51149369056663463,-0.16475040746854344,0.51257091688036283,-0.8577493880265129,0.039205133701685387,-0.16136773970949522,-0.051382797225012412,0.9855558130975548,-2.001631995846739,6.094097963519733,-2.1205322687853867,,0.08298460106476797,0.5111607142857143,0,5
0.18202223957227384,0.97778545097999403,-0.10393996417617563,-0.97839385979038129,0.19064066842360991,0.080009941054092537,0.098047740542930764,0.087130634078090977,0.99136012285121544,1.5909772221365541,12.244259416423668,-2.0766716328213093,,0.08297419502706782,0.3333333333333333,1,5
0.85611407848182208,0.51586649473608137,-0.030829275598554296,-0.49407878859012538,0.83452740185184593,0.24382404767316093,0.15150853207175266,-0.19350910874457092,0.96932935039765844,3.793944735822361,-8.6193412164778707,-0.28385638218442316,0.6045315652584166,0.5688189430792769,0.16,1,5
0.18297528263637991,-0.95303642572864189,-0.24133300059981919,0.98211509282531295,0.16611330497155768,0.088635852543728202,-0.044384573771346816,-0.25323495245680794,0.96638608664722314,21.218309944740735,5.4992448487066756,0.53622769808368154,0.3233090784613681,0.4044870094499489,0.8933333333333333,1,5
0.5161430281258933,-0.82965057228057937,-0.21278228881075115,0.85614825078492229,0.50689841432180893,0.10032033809728942,0.024628178880137585,-0.23395282745148507,0.97193596874099941,11.37096399029369,-21.344617545667003,1.5624544486367851,,0.219502943376313,0.5,0,6
0.94106244243730408,-0.30550247870055874,-0.14515410756072342,0.3219654164022841,0.94060657313203155,0.10769189951764668,0.10363276545011794,-0.14807940467407965,0.98353075185096817,10.330387602481833,18.640720267772004,-1.4474841326297134,0.3349099463032437,0.2125791456060951,0.6122448979591837,1,5
-0.93618516619840875,0.33093613006931377,-0.11848465050294033,-0.32772884484880405,-0.94364292279187245,-0.046171836858416276,-0.12708713091468421,-0.004394551121339285,0.99188182213221121,-12.796265335975606,-14.668148269260245,-2.408927156397592,0.3378004865754883,0.3325301533182434,0.46875,1,5
0.53993913835274898,-0.81700343861907543,-0.20241321142528906,0.84133676033114924,0.53096899546840581,0.1011156840789747,0.024863277949177354,-0.22489399088432707,0.97406596813241697,-22.19172075563657,4.6501841722562665,-5.459162485559796,0.1598012500335994,0.1726267462776368,0.78125,1,5
-0.98889501837559035,0.021016142431898883,-0.14712227699850755,-0.028170469002952829,-0.99851096745805223,0.04671480003318796,-0.14592144224923606,0.050340536581061725,0.98801455610159727,-16.323807342919512,6.7123215256586501,-4.5121136116385605,0.5145014064948679,0.4817221506722856,0.9087301587301587,1,5
0.78608629255561657,0.61166692814502122,-0.089061269190360629,-0.59642007104672923,0.78841892135818248,0.15059449955763018,0.16233126472980747,-0.065262343338499215,0.98457573961234068,15.071058092565506,-7.0252055117757788,0.96280816545286896,0.6867613045499441,0.5140922343388541,0.5365853658536586,1,5
-0.76260874340074658,0.64445949821314019,-0.055676383248212585,-0.64576672060904838,-0.76349667007257482,0.0076274072872034703,-0.037593178138716439,0.041770682912270866,0.99841973288115315,-7.9714048492388558,-4.4601343124823964,-2.2735170171481887,,0.2136819547412798,0.2926829268292683,0,5
0.41618022530792653,-0.89335161941980157,-0.16946062711633678,0.90928062809592025,0.40854763793517318,0.079357210807082232,-0.0016611538557529352,-0.18711416733537145,0.98233676962142602,-2.0262031004935164,7.0616568988509876,-2.202234646894087,,0.08844805543795883,0.5895316804407713,0,5
0.38936859935906842,0.91978108907836709,0.048937122994426568,-0.91292137682089214,0.37831704089469381,0.15313646303911402,0.12233827519057422,-0.10430227582606667,0.98699259454207644,-10.14946528729905,-16.173582834287217,-1.8583297394739078,,0.2363287956928933,0.3333333333333333,0,1
-0.068760982270900509,0.99743453298302021,-0.019906775984255495,-0.99601612985885157,-0.067500215525560278,0.058271690939938676,0.05677848516945231,0.023834288681421865,0.99810226445235284,-11.027620788764754,-13.812941602817698,-2.1310275692074749,0.3046558289466618,0.2057642272543788,0.3461538461538461,1,5
-0.16696260488012057,-0.95782639938046665,-0.23386337297981699,0.98072341569375199,-0.18575709763686318,0.060629057286999709,-0.10151389304733695,-0.21923250061836441,0.97037726693848003,-24.64038726264792,4.627621785329441,-5.9229525906973359,0.2964091011583612,0.2790746566740614,0.6382978723404256,1,5
0.98028408488909957,0.12657216887571318,-0.15173199721627206,-0.083212428545411138,0.96093018550313913,0.26398649648131112,0.17921719964533456,-0.24615577314985002,0.95251694509666551,-0.15294809570917212,-8.0033022536858294,-0.81624408191372344,,0.7099401574980984,0.3931034482758621,0,2
-0.2552767016635844,-0.94406072513170591,-0.20876578467641507,0.96124101686864938,-0.27106547845811862,0.050390612990875813,-0.10416099594899447,-0.18781068567062184,0.97666659268700529,6.3923974014662841,-23.118847991830389,1.015625613127993,,0.1000098790234706,0.5714285714285714,0,3
0.40332685944485308,-0.88991508539124453,-0.21302249938315354,0.91505567180818037,0.39205473009673342,0.094690052806285271,-0.00074962792861298522,-0.23311848790233569,0.97244804933533446,6.4038669661077785,25.298724327400819,-2.2938902616316001,0.6204214420132428,0.5284427102511673,0.6666666666666666,1,4
0.52740704660899917,-0.83038781890949942,-0.17971610221094955,0.8494149854012385,0.51991657611378239,0.090448529329858141,0.018330023540238681,-0.20035674205986925,0.97955152296761228,1.9537548979623871,-10.58219309795968,-0.37916197529906764,,0.08064914425722131,0.2083333333333333,0,5
-0.96067816771140968,0.24111205554898499,-0.1377041566242346,-0.24876167184354522,-0.96769298922085167,0.041084172553633933,-0.12334945765690612,0.073724183832414469,0.9896209658318641,17.979811981006712,-3.0653217347867172,0.77941428830470416,0.6029046062333767,0.4877148739041516,0.9036144578313253,1,5
0.84970874311392208,-0.48469991032570758,-0.2075115630657953,0.51919186051495181,0.83774617669852747,0.16917788094789948,0.091841514854565362,-0.25149023908941254,0.96349249908443424,3.9955357541534249,-11.146835856982541,-0.1060033844818656,0.1126249031076631,0.133665274507723,0.3333333333333333,1,5
-0.059229535962742393,0.99251729587562565,-0.10677677396032592,-0.9963570763487779,-0.052204032570244661,0.067433785249832151,0.061355020001250565,0.11038186613362354,0.99199365176875265,-20.061286348332214,1.2972893084054695,-4.8262838902371703,,0.06430076108200405,0.3636363636363636,0,1
-0.5413975452405595,0.83360942093897339,-0.10947160056054138,-0.84049210188952905,-0.53994106049119728,0.045129567436030374,-0.021487779522751851,0.11644305267997559,0.9929648990844292,10.134825525231467,23.552808425771854,-1.8004394478035299,,0.07810558873654469,0.5714285714285714,0,1
0.53164384619960969,0.83919469145321357,-0.11448620281427806,-0.83552768329322602,0.54179122289801895,0.091409853086656501,0.13873828328453866,0.047058905930920873,0.98921036596056988,-0.8911510051589796,-13.645559808007205,-0.5769940864748474,,0.1011586822154442,0.5454545454545454,0,5
0.32639382898416336,-0.92393624793801676,-0.19952162325742137,0.94422773163869378,0.30896341795518006,0.11391047875370963,-0.043601137662947015,-0.2255735270630676,0.97324998057170498,-1.7075494089557504,18.478518955680549,-2.8945240647983685,,0.7246038264564358,0.5364963503649635,0,3
0.34377099156576568,0.93563673184007479,-0.08003381403828648,-0.93050990619867247,0.35087441552572629,0.10506407090732058,0.12638362166051775,0.0383542769597425,0.99123969332087747,1.4959992345232604,7.6813186172823569,-1.7532761936190622,,0.09886940867924762,0.3392857142857143,0,4
0.8529044043452394,-0.48930058197125309,-0.18204125227839354,0.51342560738182275,0.84932273705150196,0.12265819993767994,0.09459504602831513,-0.1980803594754881,0.97561055163264931,-22.936830872517611,2.6960871051064998,-5.4740020802233058,,0.1361940576606248,0.4594594594594595,0,3
-0.32861637675527688,-0.91502654453602361,-0.23396089357561151,0.93789661642055899,-0.34532150684199364,0.033211350759066935,-0.11118099583607234,-0.20851733670570338,0.97167860244942106,-18.381329877673434,-7.5173284340037281,-3.9053250791701788,0.6417186688357034,0.5350977860379823,0.9583333333333334,1,4
-0.85568805042891749,0.51127788456604617,-0.079955519551985585,-0.51196139215449721,-0.8589060670128964,-0.013262767119543476,-0.075455240350741026,0.029585347760455766,0.99671019554407358,-17.201757473346031,6.1763398865043539,-4.6588330909161106,0.5271922951019068,0.2042686512055167,0.4901960784313725,1,5
0.31342498390474477,-0.8919980045687087,-0.32573661033073065,0.94887873415295021,0.28069489937094982,0.14435900158780843,-0.037335336299637409,-0.3543302602270601,0.93437473175959684,12.661842946402107,12.377880269693051,-0.77148435041540753,,0.3965505407347272,0.1714285714285714,0,4
-0.97973500881320807,0.12614767564461662,-0.15558302103778748,-0.12824179044180264,-0.99173691095692862,0.0034558110322466798,-0.15386148215217729,0.023338024232365553,0.98781677498150711,-19.996828019635576,-3.2758894692069744,-4.4403468872667968,,0.1475935155193799,0.4230769230769231,0,2
-0.94168397289560579,-0.28786394584741676,-0.17425740693785202,0.3038789577304073,-0.94991362295950654,-0.07294990037433921,-0.14452983858093085,-0.12164891120392431,0.9819942302084419,-9.6860189258041931,-9.8319320727514832,-2.1986533681205911,,0.127089665192,0.3448275862068966,0,5
0.62504262298588575,-0.73670352648445447,-0.25804967257544204,0.77900532716945958,0.60976089798014277,0.14609020342258749,0.049723432026831889,-0.29233467355039994,0.95502252274365473,-33.249545452974296,-1.8438347898595693,-7.0316656281858716,,0.1637442647775237,0.3529411764705883,0,2
0.18938124303245718,0.97157068996414653,0.14207441426968756,-0.97728378092320611,0.17248722734294533,0.12314450027502982,0.095137565303749325,-0.16216827928462599,0.98216612284375759,7.6156908021225913,3.1909812399263981,-0.60083160446273676,,0.456052202519568,0.3700440528634361,0,2
0.51528678542255646,-0.83913191913414042,-0.17417563279386714,0.856843666772654,0.50852712501546293,0.084965250750538235,0.017275979870401654,-0.19302275879741068,0.98104217804626292,12.357658944824122,1.9628036216552953,0.024519474912267372,0.4068258090684633,0.3782873331993598,0.8979591836734694,1,5
-0.8497360673776212,0.52415102342952302,-0.056694977162007082,-0.52050255930082878,-0.85116017489126083,-0.067848673092164483,-0.083819458116263137,-0.028143583937798859,0.99608344887576261,-25.613339505819415,5.7801727685455093,-6.14427520272028,,0.2180750958288631,0.3142857142857143,0,3
0.98016576226426655,-0.053165173666317185,-0.19091501458486942,0.11045945317670791,0.94638874486785596,0.30355733032056409,0.16454114284522653,-0.31862487017882929,0.93349044152294991,-10.494458499404914,-19.299003471840418,-1.7014086994513333,,0.5259180916002952,0.1666666666666667,0,2
0.97488434431490412,0.17961456941835377,-0.13167809864347027,-0.15793935177003007,0.97442503122725321,0.15984686321673441,0.15702126089215718,-0.13503505089578052,0.97831991631439841,32.350002605422894,16.594174902136242,0.87261551114158242,,0.341856378820472,0.3333333333333333,0,3
-0.092017737268893257,-0.97395501820082242,-0.20723020665277006,0.9922411657670468,-0.10715911419877684,0.0630427886548975,-0.083607445751951601,-0.19982128706814586,0.97625880188055936,-28.218292225483044,13.833359979770968,-7.1605517952151603,,0.1671564189927171,0.4444444444444444,0,1
-0.38169872246329517,-0.90437401547687313,-0.1908238072152556,0.91595217854800293,-0.39777065348615698,0.053010506867627226,-0.12384543545506914,-0.15455143918913253,0.98019189996730349,25.311754704836176,-20.448703437636656,3.3375383192825208,0.727413081862857,0.6662486749985878,0.9811320754716981,1,5
-0.42807272393506901,-0.87579619638527251,-0.22301292657579727,0.89453139874827237,-0.44575090766669501,0.033461992884155578,-0.12871410053398208,-0.18516789870657713,0.97424100181234485,-0.45308330337667263,6.078403639070074,-1.8883918120637648,,0.1203807587391087,0.3381924198250729,0,5
-0.97718631065046202,0.17028167270737635,-0.12692937491895848,-0.1694016773622472,-0.98538676802964353,-0.017776082216029651,-0.12810146753334481,0.0041315048193118556,0.99175246139534845,3.519835727715479,-13.731751052539801,0.0051542250019246082,0.2107863024196162,0.1457147556140356,0.4268292682926829,1,5
0.79095291247048916,-0.5523844515422851,-0.26318227134208771,0.60693473264473297,0.7628395930735633,0.22294839211985173,0.077612631471415755,-0.33607614157165289,0.93863150730326173,-5.3659281816202604,-12.637617009644131,-1.3352855334703659,0.7852696848246187,0.439734578141491,0.1621621621621622,1,3
-0.85561046894309212,-0.47936939440969561,-0.19528366326517085,0.48771232651650009,-0.872983147857474,0.0060918076725268487,-0.17339957323720737,-0.090030035322319429,0.98072788312610815,4.7999431331585471,32.177378126318743,-2.9094205980673831,,0.4504784860225375,0.4,0,2
-0.20187238779294919,-0.9165863730126913,-0.345133249418558,0.97576197239328499,-0.21861295741942774,0.0098462215848110074,-0.084475512889469168,-0.33478021992909152,0.93850204691640915,-17.465991006430652,11.315571240827378,-5.0558116663171457,,0.4128065211900141,0.1578947368421053,0,3
0.98843130550235769,-0.040438559233596821,-0.14617892197583163,0.07505243491998749,0.96793633629941023,0.23972146521297608,0.13179789951090437,-0.24791928484566497,0.9597735888667327,3.5304225789226713,-17.668464278041494,0.30210599080000278,,0.5317846694453165,0.3846153846153846,0,3
-0.74047499284897411,-0.62189322762906873,-0.25484426302040142,0.65363182553419308,-0.75460745700709631,-0.057732334771094594,-0.15640403324131485,-0.20932367104172186,0.96525715699365167,15.143180455787032,-20.236115377877969,1.9592635004454955,,0.3934888959276993,0.4242424242424243,0,1
-0.98593519215088077,0.077346216444291863,-0.14815316290974256,-0.072888809201058585,-0.99671547611994893,-0.035291375096998194,-0.15039620464512946,-0.023996301063666084,0.98833453808090932,-9.9996706935843314,-11.439139651204099,-2.1222802264782432,,0.1245325074003987,0.1904761904761905,0,4
-0.52548752179062386,-0.83065230706984028,-0.18406414425927894,0.83914393513852392,-0.54170344666945225,0.048937020614952816,-0.14035783042844968,-0.12874051664486813,0.98169524742224912,29.470378619104387,3.2888915041845896,1.5670635533161223,0.7940207690488865,0.7272701690385546,0.7321428571428571,1,4
-0.18613020451088305,0.98249969695389427,0.0070634590848711555,-0.98227658912803362,-0.18623999817306799,0.021151017268506576,0.022096366663636256,-0.0030014273275321751,0.99975134009125721,-5.8300469762817793,-4.4949812813786325,-1.9069547850958171,,0.4204741323520015,0.3037037037037037,0,3
0.93306673581088828,-0.31296728729629947,-0.17730748321943077,0.34080351917289098,0.92685665303843923,0.15744747072517151,0.11506271265091057,-0.20733601182808667,0.97147946471175417,-42.212412275054717,-2.1191636609216831,-8.6144803778383015,0.3747653751102331,0.252134141385524,0.7142857142857143,1,2
-0.77967728834563144,0.61883844747923955,-0.095615385579350981,-0.62054137135882081,-0.78404214477814149,-0.014363900716936939,-0.083855426002838546,0.048134095329365696,0.99531471223764523,3.1218256542670431,-15.283673476194387,0.050983091543669937,,0.1409351982826766,0.4545454545454545,0,5
-0.73722212081775207,-0.61621186632752945,-0.27710373576355746,0.65970178598717288,-0.74508039697972006,-0.098228079498060741,-0.145935253254006,-0.25522174247835155,0.95580581920388186,-20.200170556413415,9.4223356896896711,-5.3915436350896053,,0.6973744460057181,0.485981308411215,0,2
0.35864338799815348,0.92926725445668057,-0.088528470221454728,-0.92630599314718576,0.36601589377164534,0.089384408965719989,0.11546483146314997,0.049947325264607385,0.99205500724208817,3.0141547618660756,8.9722400052995859,-1.6470685489295818,0.1690837949935771,0.1362537315258115,0.4423963133640553,1,6
-0.24630573689427201,0.96867507009439435,0.031655845441094635,-0.96905506422533705,-0.24668888758648697,0.0087678526772337669,0.016302345604170147,-0.028516684922380735,0.99946037050442371,4.1238257138540515,18.67274713509682,-2.1340726040366746,0.4039200989883419,0.2407597456598027,0.6285714285714286,1,5
0.95176431448760057,0.29442364060269272,-0.086367873206440265,-0.2585178440135833,0.92109425742815987,0.29112521920890794,0.16526709894747937,-0.25475495831705142,0.9527784092948165,12.690362005254439,6.7977591245593079,-0.38125125763172851,,0.4107086367073716,0.2727272727272727,0,2
0.71567982753336834,-0.66000304356858808,-0.22846961929764198,0.69662633512567484,0.6980445135173361,0.16566715533779472,0.050141137513818948,-0.27772259473897115,0.95935187845767744,-9.5355711853502125,-18.017970701353409,-1.6196167990013817,,0.3217482217088452,0.4761904761904762,0,4
-0.37443431202923699,-0.89350995773547248,-0.24786871808025099,0.92051285501334024,-0.39035890511092619,0.016613517261210381,-0.1116021045069573,-0.22194567044246144,0.96865117025762426,-32.223063118851861,-2.4503125404196839,-6.7973521098544269,,0.5480996083479027,0.8,0,3
0.96860953333924615,0.20506447809668574,-0.1405138133681548,-0.18717502495935948,0.97360510898528929,0.13060858237192804,0.16358814735728858,-0.10020804149705463,0.98142613907697274,1.4743937814313153,-6.4588018783880967,-0.69823119700755587,0.4742613203989562,0.3856144647105177,0.8283582089552238,1,5
0.80677723354674269,-0.53853644352817509,-0.24308227912106201,0.58555077072672135,0.78374228346500041,0.20707082848728217,0.078998672976244202,-0.30939704604454754,0.94764586083985014,-29.261596621011162,10.008472882087888,-7.1676920152919248,,0.1878017344002244,0.375,0,1
0.016067908925741718,0.99584505761933961,-0.089635057415552527,-0.99755897664062099,0.022058952702221656,0.066253231841163177,0.067955208972321199,0.088351705251322105,0.99376861781438464,4.0339611441990213,4.3769893083634095,-1.1379162769381266,0.7422360027495365,0.6510547993931015,0.836231884057971,1,5
0.95857133322297139,0.25892817867778928,-0.11873161925005063,-0.2360147373392574,0.9553246444484168,0.17790971718314924,0.15949308098415285,-0.1425167428624077,0.97685768417005037,-22.095152330338898,10.4588391099417,-5.8137331453810148,,0.5661738666390529,0.4285714285714285,0,1
-0.98923445537422972,0.021275851378572446,-0.14478442750713219,-0.0013558419313122101,-0.99066489753155729,-0.13631295789999728,-0.14633302427377232,-0.13464916987083894,0.98002869705942064,0.47292677061628402,10.149668370707733,-2.0827805720987178,,0.1089594293589857,0.3157894736842105,0,5
-0.43387702854879673,0.89840447293420966,0.067971516898418766,-0.90058620757959129,-0.43024743776672647,-0.061900121264630237,-0.026366774832651461,-0.088071251308086837,0.99576515699132206,-1.0747605737809351,7.7872960605182309,-2.0785215685689042,0.153559698875557,0.5487418367916099,0.226027397260274,1,5
0.56297714482062078,-0.79947601216220798,-0.20951095529073238,0.8256119469445079,0.55558566738805826,0.098435152539450607,0.037704740711492622,-0.22839148883042756,0.9728389796660597,-3.1773226334775169,21.94019203257475,-3.2766910423884665,0.3135056589254642,0.1152184740105253,0.3448275862068966,1,5
-0.66373663903624214,0.74109391737198804,-0.10116066248851484,-0.74652947477283504,-0.66475401760592245,0.028210625164658276,-0.046340234098127611,0.094243841767124567,0.9944700503246463,-29.172702885924956,-4.4722695506816246,-6.0455977765550282,,0.1479059854596087,0.3181818181818182,0,1
-0.32900711265691296,0.94413546033569196,-0.019040807700101959,-0.94414659061337536,-0.32848262754202101,0.026198832726451207,0.018480672452593966,0.02659691598288751,0.99947539679868991,-9.7637746023930312,-7.3044868665160125,-2.3647306338235579,,0.1741011971451246,0.4615384615384616,0,5
-0.046458498031371198,-0.95297528576927437,-0.29946571201665073,0.99583687489506467,-0.067721338431433589,0.061014251780110426,-0.078425292858239001,-0.29538436829667514,0.95215416210090387,-0.32347006616592899,-16.717952300125756,-0.27565091997088059,,0.1012644814164289,0.3478260869565217,0,4
0.98497143463066128,0.10107777844457506,-0.14005197487478038,-0.086937648305189727,0.99080625320115023,0.10365719427353116,0.14924181139606918,-0.089923586017278262,0.98470332101045177,-23.51213974590658,14.662677738589714,-6.3839166383058146,,0.4092946793808057,0.4375,0,3
0.80962239769981414,-0.55417126730868327,-0.1934057383644375,0.5814008562244336,0.8023858799998741,0.13472172786274786,0.080527122910860074,-0.22151999021830249,0.97182522935422067,14.112866832729013,-4.919177832123256,0.66428174527248329,0.221678470440503,0.2343267350890685,0.5357142857142857,1,5
0.94456599780111705,-0.2433951643611158,-0.22034942651072717,0.30460064671787218,0.90011425692607083,0.31146873117133611,0.12252967729099351,-0.36132135066178062,0.92435564570078343,-7.4458349397973693,-15.080383031606635,-1.4954352333429028,,0.2458541602892917,0.2857142857142857,0,3
-0.56906304406134822,0.82137563952092896,-0.038849847943328776,-0.82169052005458909,-0.56982005577655848,-0.011392685689556339,-0.031495097016098678,0.025439395362062547,0.99918011190553691,-8.2788075012016371,-8.65854484856394,-2.03203333908422,0.1122264050798152,0.09662354176529617,0.2941176470588235,1,5
-0.40318474021283679,-0.89448433463013999,-0.19323519441546708,0.90877205759455904,-0.41618612240173952,0.030372007762996249,-0.10758909143058475,-0.16336121516896285,0.98068226290866556,5.9704972659572091,23.147524255691298,-2.1792214662840323,,0.1379934034164409,0.4375,0,2
-0.9638006096515459,0.24970646923640211,-0.093461564596347704,-0.23578816309763781,-0.96189382889822117,-0.13843483691094552,-0.12446817656874883,-0.11138644957537751,0.98595168840701397,-2.9739119148271267,24.559196705197358,-3.4390195983582932,,0.141949040118972,0.1153846153846154,0,2
-0.67358161357499102,0.73693244323054885,-0.056730802638120345,-0.73705213365750533,-0.6754496728942202,-0.022844948194501589,-0.055153985573394397,0.026425622061639998,0.99812811020130321,3.1524234245493923,-9.4003677159569836,-0.29511085040078366,,0.1259151348175745,0.3214285714285715,0,3
-0.044981743426695447,0.99547724200336385,-0.083676181865998456,-0.99739581137197864,-0.040025359164489516,0.059996383902584327,0.056375865544819923,0.086157015251982397,0.99468524192678287,10.934942910718645,17.02264983732525,-1.244775295789311,0.236383049033849,0.1540290872640361,0.3571428571428572,1,5
0.92299838644488486,0.36050774925914308,-0.13456649413670932,-0.34908794696968792,0.93159275354653326,0.1013535732970258,0.161899919396603,-0.046573643444485786,0.98570751840273518,16.097231435868903,11.578200259431988,-0.37568441896944776,0.4765143040724092,0.4111177090701835,0.8135593220338984,1,5
0.79223892714502731,0.59578297649510858,-0.13190954186383319,-0.58888026954391393,0.80312390042645276,0.090620244458340229,0.15992970473925247,0.0058860413208927436,0.98711085702649703,1.1482200294900196,4.7270257866647176,-1.5729897580046961,0.1982402924484157,0.193670383725249,0.7607361963190185,1,5
-0.98320588395617559,0.1073551301187177,-0.14758409735180911,-0.10783338784706782,-0.99415748748685728,-0.0047802237649067596,-0.14723501696056854,0.011214549077513635,0.98903795865963062,-13.280811081495052,-6.3119921866528994,-3.0518301900669615,0.2921604511397551,0.2128428814672857,0.782051282051282,1,5
-0.85039522748839202,0.50754017993301859,-0.1386756028237292,-0.51481809605030915,-0.85706058926415263,0.020235471561521563,-0.10858307899530294,0.088600858256236245,0.99013110388077263,-13.079652919352659,-13.003024262280572,-2.5683914622368755,0.6178899272230198,0.5422251352400854,0.5846153846153846,1,5
0.97967865633563633,0.17533828231876172,-0.097397212865197119,-0.12731907591282274,0.91885085997349192,0.37350093712690879,0.15498252556048772,-0.3535103730861095,0.92250248394864087,1.5587219043836091,-23.976266795656688,0.41497267984645625,,0.256843852710923,0.2,0,1
0.83372549600714441,-0.51080506046858587,-0.20971406130092102,0.5400748991897506,0.83343465945481521,0.11707165192572323,0.11498217502214307,-0.21086692158591747,0.97072871638169689,-8.2603098763960308,-1.1655008465729277,-2.5435278272197688,0.4420881728144614,0.3460494674647291,0.9404332129963899,1,3
0.98762145820933722,0.11403525598724917,-0.10770244043839028,-0.077091755573847648,0.95086583493238586,0.29985167196612145,0.136604233122567,-0.28783697530070557,0.94788668053873215,22.413134333042699,4.1557543138013839,0.73475573030037566,,0.2874854410274138,0.16,0,4
0.85386427828781719,0.51148478242279538,-0.096431901432724718,-0.49460952248071416,0.85505134144195072,0.15571969615215711,0.16210248158317925,-0.085267349250612523,0.98308304054965212,-4.4441668438411686,44.283178834693388,-4.8747049536181333,,0.1818588113310138,0.3846153846153846,0,1
0.77069590391010678,0.62844054207149347,-0.10531053497666218,-0.61502236912611319,0.77686496079208467,0.13501228895183959,0.16665926068084538,-0.039285083357425296,0.98523163421345439,-0.55387729482489378,-28.315660918756908,0.39797848869434493,,0.3715869106354636,0.8461538461538461,0,5
-0.95563200147114524,-0.23243485746976689,-0.18094616546714221,0.24520879270713256,-0.96810455519606997,-0.051441405382530184,-0.16321803130586937,-0.093528643963378871,0.98214676449856908,32.161904642941806,0.7148213948919766,2.0593281868554021,0.5474280057148369,0.4535779363363499,0.9090909090909091,1,4
0.49034593836235629,0.86169750576443127,0.13053072163632112,-0.86120441662152536,0.45608816267636443,0.22430011292479618,0.13374533084604759,-0.22239828332488626,0.96573867585958528,-26.027119317798384,-23.278469571755121,-4.0235773770780865,,0.3513721575744923,0.2941176470588235,0,1
-0.79509891186077708,0.60444561264817842,-0.049630854397022098,-0.60432095568939959,-0.79651001776252572,-0.01918265150059557,-0.051126342255835372,0.014740860026161892,0.99858339870700352,-12.534982715240657,15.842135853358281,-4.481728695028611,,0.6090312687642582,0.4,0,2
-0.9889102970579533,0.10274257766583378,-0.10723985782968759,-0.08003920972232946,-0.97694915643643465,-0.1978991426084615,-0.12510055667252826,-0.1871211064330246,0.97433851522327963,8.7241968250792379,-3.4805930971323082,-0.035619717381205361,,0.5776793411536858,0.28,0,2
-0.79339382344368836,0.5951240707689115,-0.12788112180007194,-0.60398252939271357,-0.7957935761403726,0.043791418818032203,-0.075705647806388235,0.1119818046164477,0.99082224961143173,-11.844718187378259,-9.6400314892909158,-2.5622092248399646,,0.07831125412472317,0.3888888888888889,0,1
0.091533117621166421,0.99141768835526645,0.093341606986639666,-0.99472909133532583,0.086681798588336439,0.054775000179704159,0.046213885681094108,-0.097863338435747391,0.99412627153720456,-15.530114144758821,13.121719718527704,-4.8056966134109871,,0.6863832204281091,0.2884615384615384,0,2
-0.5104091724284513,-0.8290153894987049,-0.22850811949516345,0.84846778642841414,-0.52874406197695745,0.023067993353906024,-0.13994603279183063,-0.18210766293162864,0.97326867154317154,2.3116010969827379,-11.930904810275184,-0.25938496939057759,,0.08129323879782184,0.2608695652173913,0,3
0.63599051432999421,-0.70139919404372297,-0.32179999421548394,0.77138591351902852,0.58965901830875944,0.23930318541875684,0.021905207296055097,-0.40042653848361032,0.91606700037243494,-11.284300840500936,16.120591942591982,-4.2401883412714918,,0.5596947475037318,0.2592592592592592,0,4
0.81511120854380847,-0.52184110499773362,-0.2515463751299083,0.57161084163161691,0.79503872409980114,0.20291494008809402,0.094099752579092338,-0.30918487724419025,0.94633500846584384,-8.3135565957838402,15.780484898430512,-3.7406334210318555,,0.2614640151118431,0.2666666666666667,0,3
-0.94866960317947302,-0.25081240190690818,-0.19266323741956734,0.28218354351422942,-0.9463438359475127,-0.15749854581519143,-0.14282307857294643,-0.2037804779998186,0.9685427636470737,18.911794806530189,-19.762370123983352,2.4256374198205983,,0.5694854233222695,0.2142857142857143,0,2
0.18761950271927205,-0.93987366485644197,-0.28537066476548278,0.98133681968037922,0.16689285342830434,0.095523933200832911,-0.042154104651525311,-0.29796689343596389,0.95364498733918202,0.025835462153620838,19.919744403730846,-2.7595071816565881,,0.7989926180609218,0.5154639175257731,0,2
-0.78254940900678116,-0.59177489871334388,-0.19343963326048008,0.60193422010810249,-0.79850832888273748,0.00772291186976459,-0.15903338368401773,-0.11039437466514873,0.98108178299074666,13.043002128755093,-21.146280638879986,1.7689660900744621,,0.3272979455821352,0.2727272727272727,0,1
-0.36236992047470001,0.93107288294659396,-0.042324075615153091,-0.93202759536935442,-0.36216643966682405,0.012650353713423487,-0.003549958475478092,0.044031314090932083,0.99902384414699907,12.199379921086498,-25.982536018949865,1.9634183405598626,0.8291204875616511,0.6574051831394012,0.5416666666666666,1,4
0.9630607462420574,-0.2209695704576751,-0.1539040219729268,0.2394826942216452,0.96415142217864469,0.11428068200373825,0.12313422845023454,-0.14691658872519517,0.98145477620790988,20.699895403970356,-5.23891057091231,1.2963201114335536,,0.1219993895427129,0.5,0,4
0.6951167150501959,0.71685082865158856,-0.054200017706228142,-0.70496952178435701,0.69447844524299385,0.14393631386140324,0.14082160989336617,-0.061843177104709178,0.98810156139570793,0.48684499100492334,-13.245284190394171,-0.40261731702401854,0.4580558671927799,0.3274530070380397,0.1481481481481481,1,3
0.33742479357116839,-0.90783664346934556,-0.24895207863716773,0.94135175171422225,0.32507988047422176,0.090443080749333132,-0.0011782308853220324,-0.26486921316977907,0.9642836261633827,1.9210615397021413,-15.612519462289139,-0.09149317859841917,,0.3513190941646531,0.8205128205128205,0,3
0.92454517799011837,-0.33103630120758298,-0.18876223440620385,0.36419793428825414,0.91335587725997602,0.18204643950055083,0.11214311621935928,-0.23705697365287884,0.9650015091838714,-14.680543326148189,-5.3028691315071708,-3.3708536286136441,,0.1100154715198537,0.35,0,1
0.97297822682262569,-0.17148527264472768,-0.1546162067671509,0.19126492175465915,0.9737189811964716,0.12364900065867451,0.12934875273957239,-0.14988044209858822,0.98020648500254692,2.9769695134434442,1.6647526308737783,-1.0708165393175209,0.192461543186423,0.1452865733228274,0.5481798715203426,1,3
-0.98722428389103378,-0.035123810211012158,-0.15541728106004574,0.051543655466297751,-0.99335378509472894,-0.10291505827208824,-0.15076957543552372,-0.109611019492734,0.98247338871277123,-9.7338598972098076,7.272841427519789,-3.4033146981635123,,0.5049358305081155,0.2470588235294118,0,1
0.93494516020386997,-0.30009570742843678,-0.18926202417385876,0.34227415052646226,0.90335723340931195,0.25844557401600482,0.09341281118106215,-0.30641193715340098,0.94730447664789985,-22.074801917212596,15.314738813091004,-6.1497356821688838,,0.5834401112213182,0.7945205479452054,0,2
-0.9174906841970889,0.3841112988800473,-0.10329256742012677,-0.38229715648701107,-0.92327339770537842,-0.03761804396180423,-0.10981679540718771,0.0049742499182855327,0.99393939869805292,3.7669080445098144,29.141562880599217,-2.8678119299744664,,0.5902710426337238,0.3793103448275862,0,1
-0.94482183514385887,0.31410615271366843,-0.093000132595654053,-0.3025388441499795,-0.94555416382914315,-0.11998987893053682,-0.12562622184793293,-0.085232904988555167,0.98840953267935794,-9.0548159075138486,-20.196647646630204,-1.4136703630702294,,0.7700226825728292,0.3428571428571429,0,2
0.51838462996071388,-0.76864184597561425,-0.37478939157304664,0.8549778354032157,0.47458490563199529,0.20924165052757149,0.017037499515070314,-0.4289042783203158,0.90318926236354458,-13.61229420481563,6.7491821365454427,-3.9962979637426117,,0.7993895857431604,0.4047619047619048,0,1
0.93399589472405697,0.35279483335038159,-0.056457720463065485,-0.31862391241127258,0.8939622255625268,0.31513543391219656,0.16164922232520257,-0.27634642177631186,0.9473659187943626,-14.354620082987433,-1.340163326765988,-3.6123502158472154,,0.7315074423732673,0.3275862068965517,0,1
0.44999898900676433,-0.83472917013346071,-0.3173769405946103,0.89301934955963791,0.4222747009353518,0.15556515760941261,0.0041654777603799655,-0.35342791270394019,0.93545248907508116,38.490198609359268,-5.7727673374873483,3.619521936039209,,0.3692266537629846,0.5,0,1
0.96243159196879002,0.26000193960194778,-0.078258687592157622,-0.22071487522992841,0.9170069994834199,0.33223953219123881,0.15814668707456067,-0.30248496541421876,0.93994280201813396,-15.579012993190803,-23.430409856174645,-2.2518388644964373,,0.4954515717924437,0.25,0,2
0.29553050508011397,-0.90804492027503092,-0.29684363447748735,0.95533163347393346,0.28148241959735726,0.090050638763096283,0.0017862393784452949,-0.31019682496816231,0.95067067858883325,-2.8851543210474491,20.589633538858433,-3.1519185384913224,,0.1698723904011975,0.125,0,2
0.51446086273089686,0.85486685727378398,0.067325159138502108,-0.84661041563949646,0.49387116270533477,0.19834837730316607,0.13631149932745867,-0.15904065826990268,0.97781656979628639,-14.116849756184889,6.0828980477522343,-4.1116746911217765,,0.4898491879217706,0.2727272727272727,0,1
0.80034176486654018,-0.57303068217223652,-0.17632043755484819,0.59517933713596205,0.7948016432641406,0.11854072933392361,0.072212298514232998,-0.19981537767109667,0.97716897146268844,30.033034256904727,-8.0859377397519498,2.6619402908291501,,0.3645015583385655,0.4,0,2
0.64532513476294306,0.7570035244418275,0.10247504294139639,-0.74924437498480878,0.6010593844362131,0.27813752521870133,0.14895750063965452,-0.25626798544455792,0.95505936079354514,-13.313079055376411,28.349558712109644,-5.3075634836643966,,0.3191345103337609,0.2307692307692308,0,1
-0.85545647265324321,-0.43966984759097194,-0.27365059567814398,0.49412666834984403,-0.8511484444683749,-0.17715857615297434,-0.15502599466268474,-0.28676950779048571,0.94537304297322133,-11.19313209950618,20.522141978396835,-4.5118241055366664,,0.5726251861076135,0.3684210526315789,0,2
0.22301862556133784,0.9697621934587195,-0.099115996644660059,-0.96948117217406038,0.23127011119350027,0.081365794216949172,0.10182803863740462,0.077945005014294716,0.99174373037623997,-10.863544950609233,7.7689435737008834,-3.6044270913565488,,0.07536544598565674,0.1818181818181818,0,2
0.93465384878086732,0.33007409541894966,-0.13218651403404422,-0.28455280449505377,0.91730265612726047,0.27854180748295482,0.21319447556892787,-0.22272612912551118,0.95128396758888722,-21.642052220205468,24.489763250427277,-6.526884513176153,,0.4084825820250783,0.3333333333333333,0,2
-0.10850776372908495,-0.95481467828880862,-0.27668573388368173,0.98635961725612598,-0.13806451687817417,0.089626417007175774,-0.12377710069661879,-0.26318647249323968,0.95677171260426774,11.520115109531387,-33.180067573915146,2.4366842562531468,,0.3215491392906517,0.4666666666666667,0,2
0.86847068555734752,0.49548401723233548,0.015945438057889727,-0.46837450883629306,0.80956558460186001,0.35387693298745809,0.16243148647941555,-0.3148001793130929,0.93515606147024055,13.508522733408055,-22.444693816205262,1.9309877225983687,,0.7118710086041886,0.303030303030303,0,1
-0.53802582422735712,-0.73319684086353998,-0.4158733040388608,0.83071441984252625,-0.54488845166174205,-0.11406194769231584,-0.14297470101443946,-0.40684022391277269,0.90224124660560567,27.367526524652952,-20.688814250002721,3.6302610297961162,,0.5405752919513565,0.1818181818181818,0,2
0.46978613412488118,0.87800589401542872,-0.091687721414421358,-0.87287684486174266,0.47751741685341337,0.10031515491616227,0.13185978116245112,0.032905420158580188,0.99072207577906479,-8.8028144422559187,23.548881717511883,-4.2626253276886716,0.2570999048818526,0.1513001872729239,0.4,1,2
0.95008097530697755,-0.23159697034117102,-0.20906693590458506,0.28716964254327115,0.91108015598185521,0.29574743579217511,0.12198252645896029,-0.34102168949330436,0.93210754236505355,23.571213380094623,-16.392768384079307,2.7914460355407398,,0.2783272794138064,0.2352941176470588,0,2
-0.19036654029920733,0.9759474566397669,-0.10624096297041249,-0.98138542410534202,-0.18638954947400804,0.046277264401146295,0.025361973268804801,0.11307297522063622,0.99326294232024248,-13.65848969041407,22.658417602427789,-5.0382663824922629,,0.1576077835790364,0.5600000000000001,0,2
-0.54307854691438251,-0.76877665500594827,-0.33771015175624958,0.83403655093671014,-0.54043519767432824,-0.11096318676167806,-0.09720454507357297,-0.34192433641461661,0.93468659163618306,-4.5177993521514015,21.231381849348146,-3.4049256397541492,,0.3957210066338239,0.2105263157894737,0,2
0.46440052447626479,-0.85323656302788575,-0.2373173410826348,0.88559891648713884,0.44947130182757206,0.11700473473425384,0.0068346165200256492,-0.264505040303184,0.9643600840304597,-13.701917678589389,0.45145631353423554,-3.6200521209983556,,0.2049250515640077,0.2307692307692308,0,1
0.80950869787890756,0.57461713474043552,-0.12046085057431834,-0.56476267293570137,0.81819868934813456,0.10767556829437627,0.16043313659253136,-0.019132517128891711,0.98686126455109946,1.2841318003897964,6.0614027716150094,-1.6588945282244862,0.1632999535927382,0.1115787980610698,0.5581395348837209,1,1
-0.97859148664197659,-0.14053005588487244,-0.15036623844747307,0.1349879992057253,-0.98975544203091215,0.046501667073666889,-0.15536068467370634,0.025208497836834542,0.98753612050118389,28.416164270617948,-6.8426287703687141,2.3583700280731397,,0.07746893054786294,0.5,0,1
-0.63633402673974226,0.77071678094546903,0.032781854466137794,-0.77034563287404434,-0.63264359699439665,-0.079559318083298011,-0.040578471201771889,-0.075879659666114693,0.99629095395064282,-8.1935604761994654,-25.923187872820929,-0.90797175000776531,,0.4042443099898578,0.1428571428571428,0,1
-0.89793991051199251,0.4299991620506915,-0.093833031206605744,-0.42772610997148908,-0.90282915679650533,-0.0441575416749002,-0.1037029023623456,0.00048401840484541692,0.99460820113641291,-5.4696506617466802,-20.317527765221378,-0.8374452554886278,,0.3893038987020938,0.125,0,1
0.83084518425214604,-0.47322599410117633,-0.2928368800407003,0.5499595307337215,0.77866631600855662,0.30203192359220538,0.085092857280519893,-0.41199020233570655,0.9072063044419505,8.4572530638367311,-21.972931921386522,1.1969488070415319,,0.4105638245749359,0.2857142857142857,0,1
-0.54737637951216911,0.83539833757294968,-0.049887039724779314,-0.83657986747956892,-0.54781640682328592,0.0055955109767381233,-0.022654458281240929,0.044797343621871474,0.99873919194372629,10.769409725235619,-21.902841023743886,1.4997927795268284,,0.3019112869800087,0.1428571428571428,0,1
-0.89445621702136802,0.44704607557983234,-0.0098935403417957021,-0.43521230184160881,-0.87543224601002856,-0.21025849559902557,-0.10265635955727297,-0.18376122810459256,0.9775957666070062,-3.8738110407685147,20.235160054230303,-3.2751771585173266,,0.233909531751816,0.3333333333333333,0,1
-0.21753699301347998,-0.87346896528925555,-0.43557964064814997,0.97083240904861867,-0.23972346238850714,-0.0041346246893963923,-0.10080719325280972,-0.42377426568514553,0.90014070096374776,-17.288262358573284,12.85800564962422,-5.0791527651420951,,0.3825623672128901,0.3076923076923077,0,1
0.397117924312966,-0.81604871164997039,-0.41995458612067255,0.91775136198976137,0.35037657901362357,0.18699917231006094,-0.0054581824171926058,-0.45967461654210795,0.88807063635251837,2.5964927809366958,17.625079809003939,-2.296260234973301,,0.6711161461746951,0.2068965517241379,0,1
