axis_00,axis_01,axis_02,axis_10,axis_11,axis_12,axis_20,axis_21,axis_22,location_x,location_y,location_z,dbh,dbh_approximation,score,reconstructed,number_clusters
-0.96379009103242053,0.16044969146575763,-0.21298957001755051,-0.136548066173486,-0.98301307784783343,-0.12263732875601371,-0.22904865433352603,-0.089113328344712486,0.96932735887280508,6.6958165794153146,10.559710867554042,-1.4232081232434621,,0.6728836147713587,0.1176470588235294,0,2
0.10069039824704286,-0.97190106115894503,-0.21276694061570584,0.99421947636718699,0.090280842603231382,0.05811198044298875,-0.037270316781691099,-0.21738835474092438,0.97537337810195812,-15.615916565335784,-9.0666858342749865,-4.2876498898300612,,0.0691734353480298,0.5,0,1
0.79621136838431916,-0.54024126036385212,-0.27237260775644678,0.59144444181723299,0.78983949297668565,0.16231773648567996,0.12743990387265819,-0.29033249204112416,0.94840187418948041,-23.064820747364571,-1.7164214691499253,-6.6975857950721807,0.3052156612473849,0.3137425813125981,0.7533333333333333,1,5
-0.45709147081174178,0.88751390813502185,-0.058193214192534218,-0.88850263981649302,-0.45861214733695088,-0.015425866397507031,-0.040378785894097373,0.04465379246929134,0.9981861512101976,-37.85647474915698,2.2736755363523846,-10.197918713465624,,0.2686985774231246,0.3333333333333333,0,1
0.64281041658632443,-0.70713962053020107,-0.29453068669413562,0.7612935653296361,0.63240076329465389,0.14318303660709988,0.085011032906363387,-0.31626386398186945,0.94485464100222871,-12.761618603649525,-12.566581165460512,-3.3104434751556187,,0.1019353276385236,0.4,0,1
0.54489262026953045,-0.74839187627378689,-0.37815556574405568,0.83620229532670076,0.51840321493122521,0.1789520272009453,0.062110817625941513,-0.41372419106981373,0.90828109088402031,-8.396650399701695,-12.227891032383843,-2.4094038068049262,1.542035335594722,0.3893343700190611,0.4696969696969697,1,7
0.76111689118089088,-0.61002611150807484,-0.22038425814353413,0.63877931176034397,0.7639270049743454,0.091523340945957168,0.11252585847759283,-0.21043686547101614,0.97110980678016856,-6.3992829798427158,-6.8948965915305394,-2.4578866518875824,0.4532486401952248,0.3864430427140021,0.737885462555066,1,5
0.52834025140408425,-0.81368947634278599,-0.24241702670247972,0.84685960088211243,0.52546598886317819,0.081940899078732157,0.060707455391059317,-0.2485858616998245,0.96670557783789457,-11.91830686264313,4.0943671544118372,-4.9029838786928295,,0.1291735985504423,0.6415584415584416,1,5
0.3526188843943564,0.93367935813670622,-0.062472222290446792,-0.92698109757128799,0.35765572673492196,0.11308592255114958,0.12792953964589004,0.018034337335822902,0.99161927954374085,-14.940014449691667,11.041368577487725,-6.33711880740191,0.2795192327975319,0.1492597870928525,0.2857142857142857,1,3
0.60413702032937167,0.7924623466435764,-0.083796717237037188,-0.77919819425740089,0.60948563241867948,0.14621025251742018,0.1669390150131296,-0.023036775541681889,0.98569806342464095,-9.5043752275194553,16.73541295784668,-5.5112354118784275,,0.09009510019108247,0.2857142857142857,0,4
-0.71420308207399474,-0.64630603302016987,-0.26870517158725865,0.67269130330307414,-0.73987577946798488,-0.0083810152758341319,-0.19339174753959579,-0.18674137902021912,0.96318600973291157,-21.375581668145777,9.3054309264689987,-7.5494970443972313,,0.1578863375200196,0.1666666666666667,0,2
0.96740667625247734,0.19378002096728481,-0.16301419022911634,-0.14987077212525177,0.95703287778884605,0.24824750249253638,0.20411534583346924,-0.2157252287172727,0.95488195673086462,-5.820917097128695,-4.6582748973155033,-2.5451597482942518,,0.1083581677987523,0.296875,0,5
-0.42397021770467053,-0.85307122019916837,-0.30416894609304845,0.90078044059126594,-0.43205886471293026,-0.043814783705711208,-0.09404175853129737,-0.29256560066227077,0.95160996052030966,-3.423585363954083,-17.620796899401782,-0.89421696596586819,,0.5451120824160365,0.8372093023255814,0,5
0.88507226887894508,-0.41274738672426448,-0.21514337920040216,0.44052652143903459,0.89205268142944893,0.10088804420423148,0.1502779517104928,-0.1840695746363907,0.97135726121900068,-5.2199961078571526,-13.124028035714339,-1.6673252347008345,,0.09626521840167825,0.4545454545454545,1,5
0.91621327880506798,-0.27636415508668888,-0.29013114538857476,0.34437786622795002,0.9132686650172851,0.21758729455055262,0.20483435501289765,-0.29927111334167461,0.93192257603605855,-8.2624444318901809,2.603485685084586,-3.8491472803686948,,0.5203301353389516,0.3811420982735724,0,2
0.88600023870763345,0.42707113417787645,-0.18059297705625102,-0.41737925557188377,0.90420477820631462,0.090599536903511566,0.20198547974613845,-0.0048954489980640213,0.97937628139077915,-13.685369005387773,-2.0607857315918743,-4.5854336389599881,,0.1378935347246525,0.5222222222222223,1,2
0.97645094877304617,-0.048853336586258858,-0.21013542334553581,0.10201521046169063,0.96280370217460731,0.25020377277996281,0.19009587442833892,-0.2657487207556416,0.94511437188419978,-43.887361650191089,6.2580864618630025,-11.775482772271948,,0.1792207734904316,0.5714285714285714,0,1
0.92617322101810928,0.32387316278503786,-0.19315625564955585,-0.31701059323828606,0.94610049063690238,0.066318514694785682,0.20422401534503798,-0.00018985317685477925,0.97892416228843837,1.4701445130846065,-3.0399737282237513,-1.1978453213672735,0.1662826669301972,0.1370250291926162,0.7034220532319392,1,5
0.92576136844539547,0.34325774734299369,-0.15855600771690243,-0.31821572137111054,0.93379464109899091,0.16360416537200606,0.2042171475816191,-0.10100340164479762,0.97370101647775187,-16.13824041534636,19.197527988353926,-7.1569027449046221,,0.6372399898506231,0.1923076923076923,0,1
-0.95128016510052427,0.26293653583197008,-0.16102926942330503,-0.25278574476653715,-0.96413008756134044,-0.080947770208884134,-0.17653728991107595,-0.036298104408445012,0.98362443691035206,4.2659461786969999,-2.5441629548379354,-0.61051159641861086,,0.3969204683294518,0.3517241379310345,0,4
0.72811120176187671,0.67723439022324416,-0.10586622959105071,-0.66021300401643823,0.73440949173299552,0.15735783355166197,0.18431730031786284,-0.044679739831744468,0.98185072880356994,-15.958044920469696,9.6014854942773393,-6.3971243421398318,,0.1008525908811053,0.2666666666666667,0,1
0.94814069351654684,0.26124875085299804,-0.18104782648711423,-0.24293384942235216,0.96293008313136463,0.1172552762371898,0.204969193057879,-0.067191853511938737,0.97645936152961876,-19.361376493195401,-1.1112119641435481,-6.0064317001180729,,0.1928409751285125,0.2786885245901639,0,2
-0.7669690485799423,0.63377392821013201,-0.10044444455257938,-0.62976244807732673,-0.77347397268417772,-0.071674769422774995,-0.12311676373276674,0.0082838095858272457,0.9923576174881289,5.9306308274497175,6.9905472820634991,-1.2118084803394318,0.3077569387472804,0.2763526500507771,0.391304347826087,1,5
-0.57522343572502244,-0.76875779675396994,-0.27951645554901183,0.80195508662841497,-0.59733728065196223,-0.0074974778512706354,-0.16120185490096736,-0.22847236829275538,0.96011162835536301,-13.959262524484966,9.7019568673770014,-5.9716790331442757,,0.07710391537285645,0.2903225806451613,0,3
-0.98085690634691403,0.019314211875374857,-0.19376968413865611,-0.016525989575158988,-0.99973548045341765,-0.015995649131456187,-0.19402737162607533,-0.012487207142033479,0.98091663698688969,-5.8125021640055214,15.05757070317377,-4.5999331338869762,0.7230884895978009,0.4811069746758186,0.9136363636363637,1,5
0.90945156751121814,0.40551281498921232,-0.09196305361889269,-0.36278495995434751,0.88190052327363322,0.30106235214754545,0.20318690701496755,-0.24043881535479039,0.94915976362700627,-9.3728160436435157,-10.473819292082469,-2.7586050866336387,,0.09359284334904351,0.3157894736842105,0,3
-0.86826798227030311,-0.3958708115934429,-0.29899333018079649,0.45750867921017568,-0.87200564297267291,-0.17404587634061819,-0.19182418880739388,-0.28791050545640368,0.93824891230217844,-27.178331709432523,8.9672430630174453,-8.6774951686805188,0.3306451584004597,0.2993105009780572,0.5,1,4
0.19253378090048501,0.98121445309568256,0.012204107845430912,-0.97667009705273011,0.19040700579166034,0.099301025515671007,0.095111853809992625,-0.03103818908366672,0.99498259586951154,-31.652076116846551,-1.4429528259122535,-8.5311265070882083,,0.1658874408752907,0.4090909090909091,0,1
0.70538214483632011,0.68987165225774105,-0.16282853913638007,-0.68527448864015461,0.72243150443824433,0.092149859544494825,0.18120404235305598,0.046581378320844809,0.98234172782624007,-20.784459822038315,-2.821816100308089,-6.1259890334160527,,0.06861813293919794,0.125,0,1
-0.81938864159946045,0.56469588422392436,-0.098594180144419175,-0.56619588622365391,-0.82413889881802282,-0.014740891371511727,-0.089579419741371999,0.04374510024649584,0.99501853940679019,7.8624562201139518,21.786030596301284,-2.2644067460938517,,0.552506129305666,0.6666666666666666,0,4
-0.9517226221763202,-0.22341512930022567,-0.21049876588139776,0.23365412108341499,-0.97200429083404571,-0.024767121369660951,-0.19907235402879281,-0.072755333824854398,0.97728033811259485,-28.782730381331032,15.044023864520563,-9.4967082643354015,0.4357729865131277,0.5757906417971391,0.6428571428571429,1,5
-0.9151994153845644,0.3958811832337476,-0.075419618410599534,-0.36925564122845267,-0.89871443082487723,-0.23656424761168376,-0.16143203368822592,-0.18865434155769106,0.96868428185385469,-10.619223146796173,-3.4620130227255284,-3.748970831565293,,0.1102706195247529,0.2264150943396226,0,2
-0.43521064995226838,-0.86518886658755334,-0.24907813091691922,0.88823031728845236,-0.45780541758074478,0.038224378129306923,-0.14710062412436101,-0.20460309080427322,0.96772877482048592,-10.535948031768143,-12.170518152363337,-2.8632034589426842,0.735969682532418,0.492321796285717,0.9686274509803922,1,5
0.5300539892639432,0.8468252294686045,0.043929479860610805,-0.84130342758981547,0.51870400054448407,0.15216669328330412,0.10607219801157572,-0.11761458478688799,0.98737809285723976,-11.683455382469059,-14.884804127626246,-2.8722462399647091,,0.316094926346108,0.3888888888888889,0,3
0.76431872647338273,0.63310148915189191,-0.12247199188288448,-0.61884496132809907,0.7735387773864546,0.13663335507221905,0.18123961542921149,-0.028640256862045167,0.98302183978075797,-11.955086524797833,16.166237249311905,-5.994929110693076,,0.2089627673790642,0.2916666666666667,0,4
0.72977791239286405,-0.6292496531434516,-0.26733700193269033,0.67491488322158089,0.72548585518820807,0.13475969103494886,0.10915172462912913,-0.2787743674384015,0.95413350903833483,-24.238759998973133,-1.2566017501890543,-7.005281596971658,,0.08097639534815933,0.2954545454545455,0,3
-0.71887686084737701,0.67693004808985269,-0.15805622079276344,-0.68800957219581815,-0.72534707894163408,0.022681349998761181,-0.099291930715180707,0.12504929053740707,0.98716958392717047,-19.663458915139511,13.510702293290194,-7.5694572830169315,0.2797623540473572,0.2153807520406082,0.6162790697674418,1,5
-0.82000978589442841,0.56389847570086349,-0.097992143254529609,-0.55797047524571763,-0.82574107591800361,-0.082587070996893622,-0.12748686125025366,-0.013045483663734404,0.99175446334490358,-7.025301789431432,9.5069276389271948,-4.3274830093260537,,0.1509590996010281,0.1494252873563219,0,5
0.62201882664089336,-0.72764808199494768,-0.28917269593334316,0.77924565847967076,0.61140512100334099,0.13769524956029638,0.076607982905622721,-0.31098560542244053,0.94732210476435508,2.4174906705617025,-3.5246312845185379,-0.9327074373864962,,0.1519407613494959,0.5263157894736842,0,3
-0.68418865139633944,0.72925037773648005,-0.0089317339672501037,-0.7248400921812771,-0.68130199025097471,-0.10214910105674235,-0.080577478659350832,-0.063415176821200625,0.99472900092519656,2.2603479619509685,12.097393145847812,-2.4923204670990393,,0.2197309812630199,0.1739130434782609,0,4
-0.24917779805948095,-0.89280372615915859,-0.37524915924029884,0.96043636237113483,-0.27757642981853264,0.02265655411795555,-0.12438817785276554,-0.35475742721685155,0.92664704663909081,-23.329200091959414,10.132083305128706,-7.9867361324400266,,0.3290173011914961,0.4022988505747127,0,4
0.35024441121086819,0.9228834913142846,-0.1600465990738581,-0.92841241261902652,0.36467860113069261,0.071133044165699003,0.12401308201343295,0.12367529800617871,0.98454313067158816,-12.558162336311181,-11.179516096343953,-3.3847483090851096,,0.09285755735907306,0.3863636363636364,0,2
-0.98011998231915209,0.059476684464228907,-0.18928112495398927,-0.037831854696705518,-0.99253088430618996,-0.11597928465282348,-0.19476542565073632,-0.10651275840722485,0.97504946606188747,-21.013762155900341,31.166529490294767,-8.8283383186461322,,0.4068997026659156,0.2608695652173913,0,2
0.94903976695477588,-0.22868921211233198,-0.21685194258264157,0.26172687530495914,0.95521414881578803,0.13807596693571278,0.17556355966295153,-0.18779556481868942,0.96639032608615372,-4.5674420683806831,-8.879041280169961,-1.9286597151617226,,0.06929024172281781,0.25,0,5
0.25288293596194045,0.96698811798416162,0.03137196800837723,-0.96150811745469422,0.24758315910710374,0.11918355337577909,0.10748190902658852,-0.060303888796627313,0.9923764810937451,8.9513893948603904,21.671245116517486,-1.9533814186845129,,0.4296562553821999,0.3793103448275862,0,2
0.047037495677445446,-0.8851274079899788,-0.46296538275052013,0.99772710980804291,0.019243920634316309,0.064577750601192904,-0.048250267921370334,-0.46495068893761354,0.8840207964193797,1.7143357905007064,-7.2973840235385685,-0.75934349431065618,,0.1151084997205991,0.4150943396226415,0,4
-0.9607677672667263,-0.17030781010962157,-0.21890762251912349,0.19376449108633514,-0.97687229936392095,-0.09042031148751957,-0.19844550731967606,-0.12928944485576349,0.97154702411850613,-7.2563352278255371,-9.6372203246264139,-2.4010262673146321,,0.5537614150313643,0.103448275862069,0,5
0.78375281319484214,-0.58135418511922965,-0.21853795838143966,0.60918437405767345,0.78810517580976591,0.088230551771022347,0.12093769558384901,-0.20228085254471115,0.97183153400198619,-11.642086916995545,-13.067125515123333,-2.9939992406457376,,0.09834388878342382,0.25,0,3
0.93880302127759563,-0.23807912659137875,-0.24893215284800968,0.29892287427284009,0.92220024560693625,0.24534021732885755,0.17115490783650436,-0.30473765189748642,0.93693167362379448,-2.2540740614916541,-7.3247287167654891,-1.6058595820933657,0.5683257927502317,0.2416098662839617,0.1538461538461539,1,1
0.84720217950096199,0.49679649725046704,-0.18825968067667964,-0.48784167850835153,0.8677885203306237,0.094623362297795915,0.21037814467993859,0.011675799846355773,0.97755036286575725,5.5034913091775799,-12.487188217435829,0.56330551638422399,,0.1451747628755679,0.5555555555555556,1,5
0.23493876334303021,-0.89339849027214935,-0.3829398321646541,0.97187420890064313,0.2093185308948329,0.10791790721552856,-0.016257292289863896,-0.39752344610535212,0.91744798775948511,-17.648972992126883,7.8504991606244889,-6.5987145277512163,,0.1790496986982984,0.3478260869565217,0,3
0.91492830157443139,-0.33190082432592832,-0.22966942719895234,0.36726197966782004,0.9206086947539559,0.13265846913744703,0.16740621633798186,-0.20572183635965016,0.964185503301213,2.6403023889034833,-21.36371473842177,0.66126861626639721,,0.2892060369028161,0.1666666666666667,0,5
0.29705808533164568,-0.91351972755381705,-0.27791761604672982,0.95485025928696465,0.28292025828139489,0.09064827518274314,-0.0041804639352726516,-0.2922975108070367,0.95631829894512477,-2.6035969155954453,-10.501183276878036,-1.3876885691342924,0.2117834158644446,0.1521973686969362,0.4126984126984127,1,5
0.59855698025891202,-0.7199957663465737,-0.35119173940504667,0.7977558335326308,0.57563714742586525,0.17952020657316006,0.072905222364311309,-0.38761833154073427,0.91893245540985635,-0.30163488438568392,-3.1436926344730787,-1.5062811216924437,,0.1904740605908284,0.1343283582089552,0,5
-0.71878913499155361,-0.61628419555859359,-0.32177005721911084,0.68465238588583965,-0.70789786292570056,-0.1735849249389248,-0.12080269003180497,-0.34507159542611121,0.93076973742766078,-7.579720638326136,12.620065902644132,-4.7318159872559225,,0.4506565328994065,0.1666666666666667,0,3
0.35652951314566816,0.92825439327524595,-0.10597399502386338,-0.92587182058210682,0.36622609289775498,0.092950636000084075,0.12509227837116199,0.064978690707413342,0.99001499566716744,-17.135178100840697,17.232424992922432,-7.2095722449976432,,0.1551541299919493,0.2857142857142857,0,1
0.87922170157097856,0.44562497438655252,-0.16848614687747335,-0.43173104767135567,0.89480508587203822,0.1137196586968503,0.20143858111897783,-0.027244091111994197,0.97912218723520617,-17.286948073006592,21.259080611949379,-7.4743199362140924,,0.1010878305991265,0.2105263157894737,0,1
-0.34816171440036492,-0.90629990806192906,-0.23959110432722092,0.92943045083152021,-0.36705170130256481,0.037842907367296653,-0.12223934592804386,-0.20950781660317846,0.97013608173763566,-9.6016148013907134,-15.30186998856116,-2.3835836372355743,,0.09889916576295497,0.25,0,2
0.18967912923095476,-0.88607028570455626,-0.42296722890270405,0.98170427687628981,0.16382924447959815,0.097039638375486154,-0.016689538549274657,-0.4336351317002462,0.90093397752461424,24.876377677756572,-2.3447904922615685,3.7841454801059751,,0.6190554648328052,0.2173913043478261,0,5
0.83190643518878504,0.54155702872448541,-0.12102754946950553,-0.51540757305031271,0.83489838757842383,0.19313134406753846,0.20563734275144058,-0.098288692422140181,0.97367993519845697,-21.264911449216321,14.755705600084051,-7.9826225974190992,,0.5239159129442075,0.5625,0,5
-0.60653846071336504,0.7712129811451397,-0.19323983385598267,-0.79140793333928339,-0.60890290629853894,0.053951216379583458,-0.076056418027049572,0.18565502528727604,0.97966710308271299,-8.8294096638683577,-6.2761708824694908,-3.1258877573704043,,0.07329665985929912,0.2407407407407407,0,2
0.29332358539718928,0.94024875483988357,-0.17289752245704978,-0.94913065145433095,0.30807193117442155,0.06513594777340824,0.11450886742787909,0.14499642838535928,0.98278367662261945,-4.1060750881249302,3.6712286174702053,-3.0140135269077701,0.1563905544639031,0.1241374837597568,0.5218579234972678,1,5
0.87202227628169704,-0.44387483259013061,-0.20628204638690337,0.46830180121080101,0.87919213675948449,0.087832850591386374,0.14237476128585522,-0.17319445618544807,0.97454251200007691,-15.716826589348964,1.3453483035362965,-5.4352894403273719,0.2749582302690134,0.1710552115965001,0.5104895104895105,1,3
-0.94469351286334646,-0.26110273753261848,-0.19844275549105556,0.25643006645914929,-0.9653016312969328,0.049359716685137708,-0.2044450727448982,-0.0042568848296857713,0.97886878138077327,-13.249718385859699,-4.9750294610847092,-4.1657879267616309,0.2218700900006865,0.119761517970826,0.5603448275862069,1,1
-0.79466805742721536,-0.54683552147613301,-0.26357843416482657,0.58186847624363425,-0.80990916767606302,-0.074001462608372273,-0.17300796183634878,-0.21217458039593851,0.96179529660684038,-19.215743498757799,8.0516683425074351,-6.9409641516235911,0.1784796604556254,0.1486892090755832,0.2391304347826087,1,5
-0.61494398082033253,0.7868644379457459,-0.051848401606667906,-0.78605489235841919,-0.61690356796535528,-0.039340742634156912,-0.062941295285648222,0.016563336860008916,0.99787977693699415,-28.768748102958206,16.023272437113139,-9.5517384475851106,,0.5039907229901353,0.515625,0,5
0.31288769316057352,0.94898830012550039,0.039019196475153506,-0.94454263972089214,0.30658385657826881,0.11766707540634669,0.099702022134670332,-0.073671874623272751,0.99228622970982983,-19.17562597880092,11.723159393544879,-7.3077088917054764,,0.5075298927781289,0.813953488372093,0,4
-0.57053944860864314,-0.77989887009593972,-0.25737616440615407,0.80409001816043124,-0.59423009614368805,0.018161374722802888,-0.16710469854586543,-0.19659182399108349,0.96614060801922397,-18.090256414015712,7.6745418886929553,-6.6613911534560017,0.2104779238607003,0.1397749634977362,0.3389830508474576,1,6
0.52539532404844436,-0.72943111763440172,-0.43805250609334256,0.84898869602268801,0.48353603887751101,0.21309878726154619,0.056373287058016357,-0.48386273232526811,0.87332634723395364,-19.808646389305064,18.116510470208699,-7.8692148932285084,,0.3291309272301343,0.1818181818181818,0,1
0.529665517377648,-0.80215182622672243,-0.27569346633934411,0.84624577584542138,0.52183654512851718,0.10749282316561637,0.057641361580463082,-0.29023967311425197,0.95521641819311431,1.1684049629543425,-3.9240070904164113,-1.1256583721563549,,0.07432062996570914,0.3137254901960784,0,5
0.54878995263876218,0.83468295813603788,-0.046194667224885043,-0.82283149253480703,0.54910085615812998,0.14641237877771832,0.14757344874904432,-0.042339215435351713,0.98814445708136811,7.3232110393702232,23.228424495747927,-2.5030020389363945,,0.3883921225546387,0.25,0,5
0.27559883985912387,0.95093368606074336,-0.14060726931148679,-0.95503875810485561,0.28749799860001485,0.072428387518440537,0.10929890203401237,0.11432421229080801,0.98741264145150875,-5.0166365676948663,-2.8295072477715406,-2.5789916970763933,0.8529381206096065,0.7159458033321411,0.9874813710879284,1,5
-0.65092791013683282,0.7591176299309268,0.0057688588947329743,-0.7573068045802408,-0.64880993485331084,-0.07437790110044204,-0.052718683038934837,-0.052783447819319276,0.99721344159359648,4.8126430818855326,13.67783551093142,-2.1452264913770533,,0.3244084121848025,0.3214285714285715,0,2
0.87402736957156024,0.46872591757387394,-0.12795378632282883,-0.44902435724694184,0.87982726752487372,0.1558239581023533,0.18561595793139465,-0.078740037555508208,0.9794624661756911,-7.1525089799067123,-16.264368892502002,-1.814456185102604,0.718250584272901,0.3449793905758504,0.1176470588235294,1,8
0.41188288554057073,-0.88314869478882685,-0.22450138416403079,0.9108289230562755,0.40637879233777208,0.07243583410329664,0.027260989030470608,-0.23431743432977112,0.971777844183636,6.0771544295448896,-6.9967107595838023,0.19393744140438823,,0.0858846181740255,0.3243243243243243,0,5
0.92120478041378218,0.355867617868729,-0.15728951362131963,-0.32924277021487386,0.92840565944752029,0.17222697165963968,0.20731847675504206,-0.10686987441861572,0.97241857198313442,-19.460678866719679,-2.2310614059333878,-5.904322702652804,,0.08026747875874581,0.2941176470588235,0,3
-0.77989469443499948,-0.56651084599074586,-0.26613854844232487,0.59563061227817327,-0.80238450904476455,-0.037460290470318118,-0.19232378768438219,-0.18773534834932129,0.96320662356053777,-3.9825644375696743,-12.522829497689941,-1.4324437798032481,,0.07179401576991529,0.25,0,4
-0.36104261811808003,-0.88707856037255717,-0.28764536434608656,0.92401286011356332,-0.38193419212216989,0.018069511137195092,-0.12589067577542876,-0.25926415219874877,0.9575665183878711,11.962845771749729,-5.8191995578065754,1.312601465672393,,0.6191898235528642,0.7446808510638298,0,1
-0.92851453464309108,-0.30102262804261942,-0.21736176380136438,0.31090999969238114,-0.95036388558941265,-0.011977356080499961,-0.20296731522047826,-0.078701095123957537,0.97601762616178311,-19.574561805703553,16.424083774021611,-7.7092893546234897,0.2830041098781032,0.2651854556641242,0.8924731182795699,1,4
0.40421630328470326,-0.86710680153108721,-0.29109272560024074,0.91422618112162379,0.39285576586384346,0.09927153156522453,0.028278435434461967,-0.30625176238849861,0.95153044518991503,-11.024648812310945,15.16516245525237,-5.7390313714217704,,0.09334050460162643,0.25,0,1
-0.78675376813011955,-0.57707966177194292,-0.21908348249523357,0.5952549714526747,-0.8032399115390455,-0.02184407177298265,-0.16337082754866245,-0.1475964378971516,0.97546156470982415,0.49486511179281456,9.0083369686991013,-2.6076234751679248,,0.225948028820639,0.5131578947368421,0,5
-0.87695056139404104,-0.42231247052598919,-0.22936845927222274,0.44105772984568314,-0.89679053428884348,-0.035139956649156215,-0.19085542123306401,-0.13198073665564822,0.97270514203317726,-20.176834476968974,15.131010771732846,-7.7829341828487983,,0.2086459118732583,0.2222222222222222,0,3
-0.84195559282449195,-0.48591230146349146,-0.23452081996703417,0.50161552124743158,-0.86504862593775311,-0.0085289862745843627,-0.19872757371644434,-0.12482031104614856,0.97207368105258196,-4.8172739675854386,7.6064704866735324,-3.6599660836308652,,0.08329769126238054,0.2045454545454546,0,2
0.9753460006564022,-0.038677633612478529,-0.21726532089060985,0.096616456792868607,0.95999200847739841,0.26283189292078324,0.19840725611819879,-0.27734344109365405,0.94006126204730822,-18.642809612569863,9.9430255874033548,-7.0109949738771089,,0.159784221748084,0.1818181818181818,0,4
0.79517348896397866,-0.56707757909582868,-0.21476066151804049,0.59265582231199643,0.80172859503089811,0.07739726215747407,0.12828951137385927,-0.18882340743826106,0.97359515306664302,-11.79768948774775,20.96654955566903,-6.3112088723047721,,0.1435949933395937,0.2926829268292683,0,4
0.17684192443203148,0.98419871821079519,-0.008934026830195986,-0.9770899491201458,0.17664222486678657,0.11871291304024967,0.11841522322558877,-0.01226407217601597,0.99288842648209708,-8.8835199462822612,-14.235107932322979,-2.3351556693908231,0.880392698379137,0.5965427050442176,0.675,1,5
-0.02243446902077343,0.9856659406775915,-0.16721049006540853,-0.99833100400933172,-0.013184413421510027,0.056226129837025116,0.053215608927036175,0.16819281979587847,0.98431665348892439,-15.200534718905246,17.039471809065542,-6.7840932802277818,,0.0987368225956014,0.2631578947368421,0,1
0.32260055454885489,0.93279765606742915,-0.16067798554837051,-0.93835921364662866,0.33743602420814434,0.07495942723288597,0.12414051864420884,0.12659171537549965,0.98415632357315896,-6.0514129711734732,12.547439516535979,-4.3920176245338425,0.1517049309525682,0.1178992075979124,0.4390243902439024,1,5
-0.9661013572952708,0.16556054467474218,-0.19808552061985277,-0.17370459225340371,-0.98449684175628016,0.024345085787247294,-0.19098398378480361,0.057928185013104184,0.97988236197962719,-1.2666795435038929,-11.732778856763709,-0.98261235892880205,,0.08070653280867474,0.4074074074074074,0,5
-0.9795540826881346,0.010413366992057201,-0.2009113259049749,-0.0010125144687232685,-0.9989020237423778,-0.046837183709443085,-0.20117846282208474,-0.045676128899789975,0.97848909924703409,6.8880180808088118,-2.7211496504784791,-0.045085677941907897,,0.2375371946192053,0.5384615384615384,0,3
-0.86013814054699722,-0.46394855125838047,-0.21192951885380157,0.46839467008877272,-0.8829439709047755,0.031880672441728909,-0.20191288272119715,-0.071844874752182084,0.97676481394604886,-4.1722417923157611,6.5644517524908306,-3.4181210877390535,,0.101192531062931,0.4805194805194805,0,5
-0.58547984014612553,-0.78036054755588569,-0.21966058499590752,0.79522955435884879,-0.60549162988230187,0.031461754825492856,-0.15755415785276269,-0.15626036593055345,0.97506891314540178,-0.64388702851518165,-13.298319337876793,-0.65250602429858029,0.1703099394269985,0.08101400742986006,0.2272727272727273,1,4
0.77402967934469036,-0.58055142376708835,-0.25266202693630668,0.62148969507715912,0.77288911793324921,0.12803503541322081,0.12094880903281387,-0.25612976348400351,0.95904584345649146,-15.11769751516538,4.6009660554651148,-5.6691060020753712,0.2476248953627185,0.172292375505105,0.412621359223301,1,5
-0.49194510037410177,0.86832745577721682,-0.063225372765846888,-0.86943074088516348,-0.49377682317288107,-0.016572136288753637,-0.045609264648647778,0.046817501436566676,0.9978616720455028,-36.884385912005236,1.7389987026475695,-9.919386522453431,,0.3041429765565408,0.2222222222222222,0,2
-0.88276878886867582,0.46006827073748907,-0.095165391082833894,-0.44389867027454638,-0.88313339301482385,-0.15175434316887113,-0.15386109296317171,-0.091720207166918546,0.98382628937706107,-4.1863110135858568,15.229146789929018,-4.2255564581498772,,0.2852039729028951,0.2,0,3
-0.13833461267092639,-0.96274124280113982,-0.23236358223031139,0.98675412527496309,-0.15405345301234913,0.050831386640692686,-0.084733884544664115,-0.22225398314696143,0.97129981765945084,-2.2878288910845201,11.514829427232602,-3.506969331144183,,0.08275810170538402,0.3454545454545455,0,3
0.83825309553325333,-0.47024520132537889,-0.27604564560842521,0.52484075860516977,0.83311247720019499,0.17454448842660233,0.14789836353275934,-0.29119246378264724,0.94516296113449316,2.4550656040483263,-6.0089456873245322,-0.71553200008956386,,0.1464653598509632,0.2763157894736842,0,5
0.27507962668540159,-0.91587571049394312,-0.29240875826458068,0.96136002916848773,0.2585936894199013,0.094425622102089449,-0.010867074113253805,-0.30708465725173839,0.95162015530399435,2.1540314724486445,-8.1764854650094421,-0.50753194838468441,,0.2116087378400202,0.2395833333333333,0,5
0.47008316903126424,-0.84295894693919893,-0.2616142732510599,0.88099553255036633,0.46611800825707883,0.081122586279961675,0.053560114075866423,-0.26861536842409117,0.96175729684082434,-10.220343198432557,4.9694636410918775,-4.6110303631032501,0.2060041303051431,0.1430165943234458,0.4511627906976744,1,5
-0.75863843485682281,0.6509892625552679,-0.026090327628039627,-0.64313890681439778,-0.75468756443119778,-0.12968819003474522,-0.10411566500566344,-0.081606740718246432,0.99121151535369756,-30.850106446909372,1.2186950853496072,-8.6681945908359062,,0.309682015676469,0.1851851851851852,0,4
0.22712637672034797,0.96291043258048303,-0.14566093445242451,-0.96820362023688444,0.2393704990134822,0.072687784133427788,0.10485875622988276,0.12452013102186861,0.98666072092296186,9.8483125795649382,-2.9188803420588556,0.62983160966114138,,0.3661341112526537,0.3333333333333333,1,4
0.97864099330984444,0.084785807428948187,-0.18727833049272474,-0.050256689072748335,0.98201986915773454,0.18196494657727735,0.19933908652586441,-0.16866636724032319,0.96530595416426701,-14.050301214145049,12.706777479970471,-6.3343027566766503,,0.1641380787093627,0.36,0,1
-0.54386796926301151,0.83558292951835167,-0.077516449268911075,-0.8381810667959172,-0.54538897873458225,0.0018333411330941623,-0.040744708547105039,0.065969915661469786,0.99698938758295341,-15.324892354052041,10.196352097819288,-6.3592004167366323,,0.1752665671948204,0.2181818181818182,0,4
0.67289060991370808,0.7396532012550574,-0.011461630036925333,-0.72433631614025051,0.66194370032144956,0.19278858556750131,0.15018364827879474,-0.12142355404900818,0.98117337525626869,-14.471193024294246,7.9704049269587749,-5.8831344975449538,,0.4315664353438783,0.4043715846994536,0,5
0.086483976647940553,-0.95712331016414409,-0.27646969259502846,0.99544215422937288,0.071823738561989758,0.062739685703419729,-0.04019252873785617,-0.28063556388920136,0.95897249226150694,-39.453277238178075,4.7863817275751703,-10.790432246157142,,0.2364109666011924,0.2692307692307692,0,1
0.80995879954681571,-0.52305072917207196,-0.26530110770451942,0.57559469349441761,0.79571142253024807,0.18850485637233944,0.1125055192323849,-0.3053870769489973,0.94555869271811932,-23.011324861750609,20.150464985568714,-8.587914388769347,,0.2898100554493285,0.2727272727272727,0,2
-0.68430918792974715,0.71166685833091603,-0.15890631852866172,-0.72297778738509144,-0.69056076256743892,0.020711160035923371,-0.094995022304782628,0.12905857567662826,0.98707640524005658,-0.7032872484947883,-13.254770452541502,-0.74913969437695238,,0.09777431808202994,0.4444444444444444,0,2
-0.79918750991090182,-0.54889824572361623,-0.24496946716672457,0.575229978979937,-0.81665364511588545,-0.046768527897284091,-0.1743840453859066,-0.17829060480147033,0.96840211944954557,-12.596107095269076,21.723775204396201,-6.5477892763096781,0.5179925931295185,0.1592840696801768,0.3333333333333333,1,3
0.97882290716870934,0.079956520457244593,-0.18844805978881005,-0.047180271769488323,0.9838970213946423,0.17239684813391584,0.19919773682839359,-0.15985495340189318,0.9668333132010527,-13.486692247968916,22.74524118623297,-6.7845127662198959,,0.3392046468034483,0.4285714285714285,0,1
-0.78992717040297011,0.58616233139148499,-0.18007994534887661,-0.60040681014242014,-0.79901795510153784,0.032893308741433779,-0.12460629114839741,0.13410454385685258,0.98310184799093159,4.7933515898000758,-8.0257925414371414,-0.019716507610450389,,0.07526679876678841,0.3571428571428572,0,6
0.80419596680058536,-0.54905098963646304,-0.22762218204931434,0.57978163234035329,0.80897068141133799,0.097055115360449057,0.13085146457883376,-0.21002249259566336,0.96890063826043482,-10.65136072049394,-9.7569929419965487,-3.1488997540406451,,0.1149441067655313,0.3076923076923077,0,3
-0.86025989665279023,-0.42565709097986476,-0.28065806795723852,0.46379345535201055,-0.8819527902642712,-0.083993490924651484,-0.21177474113683512,-0.20242360693265474,0.95612558922601831,-2.8967186590126763,-15.666633980693373,-0.97532122603093196,,0.290318321239518,0.2727272727272727,1,3
0.0088756557700512204,-0.96499150357639318,-0.26213092293741963,0.99839076757764511,-0.006131234724749985,0.056376264300419206,-0.056009802270426359,-0.26220946967285885,0.96338418923267877,-4.298138770030846,-9.7448944185378359,-1.7714141484723169,0.111043691738807,0.09552932173953337,0.3666666666666666,1,5
-0.12692255296678209,-0.95462623548576198,-0.26940567193486725,0.98854050645346581,-0.14411280557203324,0.044935135149266621,-0.081721066128140854,-0.26061513730487762,0.9619778674992685,-0.1346181461225224,-13.850498403448901,-0.5359519033768495,,0.07822135772920398,0.2105263157894737,0,3
0.2507104379281036,0.96800882936628252,-0.010157882792063859,-0.96029528094243477,0.25001179236106907,0.12380257299464924,0.12238157424052175,-0.021284030382529188,0.9922548767010857,-17.880054155098936,3.1284238883935345,-6.1338996128381575,,0.7878251798482085,0.6777777777777778,0,4
0.89423510856101518,0.41418761259791109,-0.16968262193669453,-0.40171035422437373,0.90985541172816475,0.10388417135396349,0.19741418876513619,-0.024733607084572659,0.98000810545361738,-21.300862152395858,-1.9497864366162883,-6.3749218564652805,0.5128454485636428,0.3774554306989314,0.9565217391304348,1,5
-0.92489205614925962,-0.31204817654573663,-0.21725703667884844,0.33064282804671924,-0.94219187235172053,-0.054312023858681821,-0.18774984616042056,-0.12206724044082812,0.97460226968640806,-26.357253963147219,9.45361146630791,-8.5293878903158102,,0.3370856321689276,0.5,0,5
-0.61700712198801388,-0.75577121282695725,-0.2193446723267716,0.76900736638286138,-0.63823122227646778,0.035896759747672105,-0.16712235597000275,-0.14652911237551591,0.974986839583735,4.1738913298826095,9.3319603840122092,-1.8400481670461526,,0.08875839981034506,0.35,0,4
-0.35793504721693054,-0.89531470901198207,-0.26513029589355674,0.92908634475440965,-0.36982275136839032,-0.0054494551292385892,-0.093172238165162485,-0.24827948847439005,0.96419719437373963,-15.067125455669052,21.631127664483596,-7.0432738011819227,0.9085234084664947,0.8487990433213481,0.7522123893805309,1,5
0.98449755719050558,0.055065527939661782,-0.16653032011814561,-0.010559515158888463,0.96632630338916614,0.25710303774525273,0.17508014315031545,-0.25135883316675778,0.95192735041257714,-28.97600282163944,0.50886109456540918,-8.200436574325547,,0.2983397163996314,0.3333333333333333,0,2
0.73619608006449022,-0.59825928123446037,-0.31638768009280238,0.66765315787259472,0.71849743456249715,0.19493767545003252,0.11070046287360552,-0.35474958624914155,0.92838469320407901,-23.768068916401447,6.6032687696225034,-7.7725802947181339,,0.12385534351818,0.2941176470588235,0,4
0.70504168680753332,0.7032283028118923,-0.091576055756371955,-0.68032614857644791,0.70715775013265147,0.19257270832198473,0.20018129639585711,-0.073470201793872633,0.9770002958145112,-15.145841244066007,19.391596497148843,-6.9223004620100994,,0.4335175308213959,0.2571428571428571,0,3
-0.57585179812127818,0.80848857831835008,-0.12141221243870778,-0.81651827252223952,-0.57621814629088297,0.035644894759209768,-0.041141429700326325,0.1196614667044916,0.991961952974176,5.1743835301135706,-21.807067172938929,1.2595071859852449,,0.6317431072319325,0.9384615384615385,1,5
0.91608543866912906,-0.30596494848285,-0.25917738975125776,0.36649695012532857,0.90113085200599929,0.23160995900818585,0.16268821287118729,-0.30716223378343266,0.93764807232241998,-14.710480130757182,-18.280178793105684,-3.1679493142229527,,0.4779718323208739,0.5,0,1
-0.77296012684720483,0.61651055538261723,-0.14982448867314854,-0.62317172142227084,-0.78207866907502721,-0.0031561047888834905,-0.11912030861258271,0.09092684135969907,0.98870757132551168,0.20585932457362197,26.50288559402248,-4.3581629984245538,,0.8815332338920372,0.6666666666666666,0,1
0.89014003410207743,0.44101366420119165,-0.11470687719832509,-0.41746301369336453,0.8901323663144689,0.18272657890262919,0.18268922214188488,-0.11476636452917482,0.97644934824390672,-2.901547131630418,-11.970286249107367,-1.2475460351633472,0.1989356847693274,0.1775476470461691,0.2413793103448276,1,7
-0.63761418458726893,-0.67729425779152996,-0.36704310370273002,0.75127268933581559,-0.65209491023489707,-0.10179181845253012,-0.17040392563331319,-0.34065336694117981,0.92461764298568005,-8.2597050785519173,20.048321369486565,-5.5115838059147935,,0.08811612739866755,0.7,0,3
-0.92925172267763434,0.3378948468516248,-0.14939313361652681,-0.32758670867092959,-0.94055500865357078,-0.089684023096807591,-0.17081622933080981,-0.034399828019894732,0.98470222282139974,-7.2350054399286217,17.087509385081106,-5.0765147903862076,,0.4445635706038751,0.36,0,2
0.42166190802936149,0.90672638907917258,-0.0069635238554080527,-0.89233132156665373,0.41630741299876184,0.17445042399888033,0.16107776962743545,-0.067345328195241694,0.9846413351582024,8.5534621606070971,-6.3806586781473991,0.62461119970169532,,0.2978691381523681,0.3333333333333333,0,2
-0.97900550215669568,0.012650263678410352,-0.20344089455118008,-0.014890092370648589,-0.99984416865361048,0.0094828033073362517,-0.20328923212042302,0.012312970325586375,0.97904130600585559,-4.6534475332675092,-11.922556162725872,-1.6426402510510505,,0.09034292454407328,0.1818181818181818,0,4
0.70190777300014262,0.68951792096558362,-0.17857915575251515,-0.68873917235845949,0.7209520250114746,0.076593277060329104,0.18155944112319422,0.069233043405261083,0.98093983252790806,4.7112530158015016,-6.1485824916485337,-0.17995637266648712,,0.08239524710841151,0.3050847457627119,0,5
-0.51235996473193979,-0.82502632093492456,-0.23836702016945707,0.84709532726173864,-0.53114954616107346,0.017597333440373456,-0.14112679784935114,-0.19290341981796591,0.97101570407039262,6.1870638449937561,-9.6388542001285291,0.42332676355924914,,0.08550338967144319,0.3333333333333333,0,5
0.046896559230655513,0.98557854464382255,-0.1625904212125959,-0.99664792789444578,0.057090029568001723,0.058597238395948818,0.067034472892927383,0.15929739753583042,0.98495214024960531,-23.848880319142054,-2.1157098364023783,-6.8193140006892792,,0.07659470831741824,0.3333333333333333,0,1
0.63513455564556853,-0.73828546795526429,-0.22702128541391084,0.76814566044772103,0.63454784840258316,0.085447483421037751,0.08097123291788523,-0.22865606463361179,0.97013404411247672,-3.2720429228604222,9.5295271749999024,-3.4964072731405116,0.140077870536558,0.1332827373224007,0.514018691588785,1,5
-0.29564344171470619,0.94779808854853365,-0.11947275302273039,-0.95529641450685554,-0.29357403675208082,0.034972065644384549,-0.0019276414164257939,0.12447115444485585,0.99222135429032954,4.6700277344728782,-11.285171630369026,0.23115968633683429,,0.1063866125970329,0.24,0,5
0.7438210007971312,0.65985221396855642,-0.10642074278048287,-0.64243312369046257,0.749758256722733,0.15856304128454493,0.18441800443142767,-0.049574309847782133,0.98159685586530221,2.8030178985555505,-11.045821022745464,-0.21749934738971205,,0.1542416659010214,0.1,0,5
0.60054151567730973,-0.72659142262406284,-0.33378854461641028,0.79690942704765577,0.57805671934816383,0.17545881083324535,0.065461844081706105,-0.37136953804206974,0.92617461268588175,-17.865574619423548,3.9504861365022621,-6.2188232842445625,,0.3284084094129233,0.1914893617021277,0,2
