axis_00,axis_01,axis_02,axis_10,axis_11,axis_12,axis_20,axis_21,axis_22,location_x,location_y,location_z,dbh,dbh_approximation,score,reconstructed,number_clusters
-0.96292894783541771,0.10368152992259981,-0.24903409761212417,-0.10065974344967903,-0.99460992128264336,-0.024874093647394378,-0.25027076830748868,0.00111572355161365,0.96817524120984211,-7.3345583098038034,-26.447460412849313,-1.1338581582212484,,0.2281265231631815,0.5454545454545454,0,5
0.91650414152089343,-0.19568744650475264,-0.34889336745702143,0.28686104548186597,0.92938565890490543,0.23227793181218462,0.2788026168458636,-0.31296760264018475,0.90792091094849992,10.116787093518303,8.6745446127576589,0.62842127434844997,,0.5435403845585488,0.1052631578947368,0,2
0.52852765157624382,-0.76347102500944608,-0.37117450813643893,0.84449848974163655,0.51740427871983052,0.13825741638880595,0.086491747256002477,-0.38652917914879176,0.91821259592926807,-24.19693834617842,-26.527752908022723,-4.9745248618038298,,0.3214341409937773,0.8536585365853658,0,2
-0.32251694731798469,-0.88284150414637397,-0.34142890511679985,0.93215285471930487,-0.35892689351805823,0.047566170206641743,-0.16454140552255889,-0.30292303257765779,0.93870323436249858,15.693611298239837,5.1635598903649917,2.0361760252381753,0.09822053697621426,0.2633676747378517,0.1818181818181818,1,7
0.93959718519928703,-0.13190019748362136,-0.31584722172176821,0.21003115796581262,0.95079797738466409,0.22775012378651474,0.270266613271262,-0.28033113295710599,0.92107025445720936,-0.086627511454345787,19.63543615614028,-2.3619677285686089,,0.4579297624978498,0.4482758620689655,0,2
-0.39287942373016926,-0.83276743018634669,-0.39005661849311046,0.8913854160388891,-0.4491186976474425,0.06102815331175826,-0.22600397890884219,-0.32371407544976316,0.91876623733846352,-12.736060655370446,-30.089815310128291,-2.1763383502646598,,0.1684576585754426,0.4117647058823529,0,3
0.65249828634465101,0.74646686037840393,-0.13051135074813192,-0.71460156023083954,0.66342836854387588,0.22182743276443634,0.25217175978476097,-0.051478404870578594,0.96631225667433041,8.5717109407926966,3.1605088040373146,0.5521329024182241,,0.2390223947956381,0.2181818181818182,0,1
-0.0085271056495189144,0.98024701648979773,-0.1975932061891118,-0.99015056973460769,0.019338061147981919,0.13866466256862064,0.13974669127916575,0.19682943391141425,0.97042724416755644,1.7785016282519581,12.651884145875034,-1.4466701721502937,0.1703863487327629,0.1701526615092767,0.3846153846153846,1,4
-0.22022429730522342,0.97392901720769387,0.054438298258458168,-0.97462116532800591,-0.22199352448461848,0.028852368734256492,0.04018510882280845,-0.046702725057039214,0.99810020163365654,-25.892156562953975,10.61139091031743,-8.1309835047852914,,0.3653921595346352,0.2280701754385965,0,2
-0.95153825487699961,-0.06307290684034178,-0.30099295328685804,0.084532003682121881,-0.99468443768785031,-0.05879804227261122,-0.29568444304548869,-0.081392123969801861,0.95181197318407607,-7.8440320503181882,13.581105375769493,-3.8169137665933439,0.6010774829271678,0.6633100425044255,0.905511811023622,1,5
-0.89802663576521313,-0.31455227762329618,-0.30757930050348214,0.33660340854182375,-0.9414343012735682,-0.019990041109903961,-0.28327779089480476,-0.1214838303131172,0.95131244717927133,-17.86308602920823,14.799580758356045,-6.4033208784124334,,0.07172409534670396,0.2941176470588235,0,2
-0.35744501104165582,-0.86699333794352118,-0.34721119803799638,0.91492541160468455,-0.39969694504875808,0.056159089368394345,-0.18746881148987934,-0.29759856195929457,0.93610391551276539,-10.647513003858045,11.150503931740269,-4.349025185167072,0.4706375383980246,0.2637752428284078,0.5833333333333334,1,5
-0.74676928442560098,0.65395996188298855,-0.1211280483309941,-0.64706410579559814,-0.75649269888069615,-0.095009681249558289,-0.15376501172054119,0.0074273005998237041,0.9880795293782686,2.5122441673872324,10.83370565089306,-1.1219772599193911,0.5252498680670118,0.3764273595618308,0.1707317073170732,1,4
0.40895821918476605,0.89805326889058901,-0.16202932202583464,-0.88403164124348343,0.43392546612057514,0.17377211264295001,0.22636526288628603,0.072173513749632115,0.97136489110501278,13.398956909606358,6.0593751799465183,1.4250027894969353,0.6402436039939109,0.4332828665420137,0.2272727272727273,1,5
0.59095855611763537,0.78580394222188277,-0.18242847732716563,-0.7700524309680028,0.6168850023200092,0.16270263511360647,0.24038976374136481,0.044328978120303654,0.96966370623385734,-1.6326676731192917,-23.155605959630932,-0.019942602853546033,,0.08567147597906485,0.3,0,5
0.46086995354263471,0.86178789650396481,-0.21194458558991869,-0.86144798372635722,0.49181834382052464,0.12657838684163666,0.21332195680568034,0.12424306065494692,0.96904974311109915,-8.8941742667894328,-22.52242127211359,-1.7840332001168979,,0.1223092094870053,0.44,0,5
0.3774208685140753,0.91908531271578964,-0.11329464223960238,-0.90551663576558061,0.39189862660112335,0.16265020387302706,0.19388942818489391,0.041202602081320504,0.9801577603732281,-21.388778907510574,13.699609644821177,-7.1618249159693681,0.5000126561904346,0.5417895313601356,0.7631578947368421,1,2
0.74255872940032797,-0.57482201030272362,-0.34378218374852931,0.65405987658966824,0.73287798796506298,0.18733801694207844,0.14426437961908634,-0.36396361250517623,0.92017296066842946,-26.225004544028046,12.722349383859051,-8.3845027335812183,,0.2190657008218929,0.3043478260869565,0,3
-0.69655205742302029,0.67903358876136444,-0.23179434124589937,-0.70623119495371856,-0.70589017184013814,0.054374300673608586,-0.12669937085084945,0.20157492560674131,0.97124395431458743,5.9618630164254549,9.5496108209333688,-0.18176876153008392,0.2307249909018272,0.1865821068893454,0.6527777777777778,1,5
0.67867561967092949,-0.66321599185321456,-0.31550586589544949,0.72459637274154765,0.67474013957967249,0.14030623881280815,0.11983113065507037,-0.32383682957650373,0.93849358438711028,-30.008702583631749,16.894428818950963,-9.7276626837227571,,0.1047549977636631,0.5555555555555556,0,1
-0.53148814826791235,0.83435166224355028,-0.1462109844101023,-0.84441475585694126,-0.53551764192835216,0.013585848319497485,-0.066963186466959507,0.13068343007023792,0.98916013504551892,2.1874012551505069,-23.958688955465373,0.78855377900008872,,0.2045256421660785,0.25,0,1
-0.87899077032096506,-0.32004167188818761,-0.35348062739784192,0.38344037172935613,-0.91506934987806787,-0.12498626421245262,-0.28345847494582233,-0.24540051582819772,0.92705441038411784,-21.857999276857019,-27.275429444457099,-4.4109834248465596,,0.2553310638417476,0.1875,0,2
-0.94862411132945168,0.21771690805380473,-0.22959016388316772,-0.19831618150334865,-0.97452737222336949,-0.10472388906713771,-0.24654206042446281,-0.053812161589239682,0.96763694829556546,-16.060325994229657,14.783559375741062,-5.8845885235973068,,0.7753566191636337,0.4489795918367347,0,1
-0.81528075697842606,0.55554046606029095,-0.16337710326174801,-0.5467884453296975,-0.83144160927466593,-0.098626803763917567,-0.1906297021836246,0.0089241770639512732,0.98162145234765219,-1.6399592022653904,18.34733866989356,-2.6716797448019576,,0.463509708585289,0.3513513513513514,0,5
-0.18348142876615753,-0.90324677262102615,-0.38791730181525752,0.97257233001466148,-0.22418756754594363,0.061991914373449565,-0.14296023288936563,-0.36590326905827586,0.91960707343119363,-7.8249809237097043,-21.833956792560315,-1.5572199534064104,0.3679547679902407,0.3998263034859278,0.66,1,4
-0.8939498064925776,-0.32598711614881215,-0.3075486036009023,0.34660668589741739,-0.93791579531121971,-0.013332899044558104,-0.28410833983375638,-0.11851734476735488,0.95143895769839248,-38.285155669502458,11.143795433902071,-11.623516665284697,,0.1209448059221559,0.4375,0,1
-0.67024696963017338,-0.68182796812661317,-0.29305225060030787,0.70705264677704627,-0.70664549612246208,0.026994397481975275,-0.22548958820119575,-0.18911045632163132,0.95571527188942695,-13.78308378594055,26.644873776515809,-6.0470615949839965,,0.3228337020439383,0.1428571428571428,0,3
0.76520986559065929,-0.57203596222406305,-0.29534508549341976,0.63093167403691697,0.75756244957676599,0.16740477199955578,0.1279807966051886,-0.31444235228995471,0.9406098674725144,-15.996310297019628,16.704926841461194,-6.047368229368546,,0.09205879220789051,0.2941176470588235,0,2
-0.78133015111113391,0.59661559271173903,-0.18322944495324367,-0.6086314292608066,-0.79336137035874843,0.01206313965920384,-0.13817010632043769,0.12094449369735737,0.98299616029956582,7.6742973633384173,10.2607974881861,0.10965425745113255,0.4018892921666022,0.3498493026626712,0.2592592592592592,1,5
-0.048041956016413367,0.97296789870476064,-0.22588811069234999,-0.99386388183491714,-0.024006159362575111,0.10797355554342052,0.099632097469372113,0.22968929535940713,0.96815095555969577,-16.59343613970173,-26.424028230441891,-3.2697803628664239,,0.08296302003292218,0.2142857142857143,0,2
0.72100715532233217,-0.6207762680458615,-0.30787254993755347,0.67972163388214746,0.71995141445710564,0.14017296905536719,0.1346372251889586,-0.31033334634271242,0.94104518049940189,7.3270680027330677,18.912790782135733,-0.52401684459909748,0.2299772478390243,0.1608935679626157,0.2962962962962963,1,5
-0.84854170488811731,0.50498501404720764,-0.15800984353295303,-0.49467731760116535,-0.8630886274177364,-0.10184484608011833,-0.18780662000175194,-0.0082557137734304287,0.9821713275562507,-35.456913696143538,9.4882672273954096,-10.629525509709064,,0.1273387178909228,0.5,0,3
-0.33586552448894824,-0.86586503091953848,-0.37077229897940195,0.92392024317962518,-0.37941873597397302,0.049120332193659466,-0.18320953496656961,-0.32606620650202273,0.92742390268674546,-3.528997103739953,16.287032579003021,-3.0057529923246764,,0.1158906984801396,0.4615384615384616,1,4
0.2348323446860365,0.95210798815914577,-0.19581662026703517,-0.95921793525357879,0.25959205542336933,0.11186115254606117,0.15733633584497053,0.16156219744920539,0.97423966957739094,12.794262264743963,9.6586529793194131,1.1090034399360162,0.2188410365734362,0.08887607343407211,0.5,1,5
-0.84439933198109152,0.52171777657088347,-0.12165660590293037,-0.50238530667232861,-0.85002655774351743,-0.15831568074722657,-0.18600745089817647,-0.072563163799831451,0.97986520270378097,-8.0199447719838997,18.787433815280224,-4.2053362432957764,,0.3491533746031574,0.1176470588235294,0,3
0.73332167223817046,-0.60458774032670559,-0.31098712075013851,0.66511837213047686,0.73275386751628824,0.14383782775899553,0.14091442821910585,-0.3123226438902087,0.93946670512217312,-14.031166955097676,-22.781526859717644,-2.9389909377741144,,0.1605074971550128,0.25,0,1
-0.85529966879005681,0.45185823633461014,-0.25354804441011963,-0.48029095806788902,-0.87499899995191111,0.060805803023938565,-0.19437868238531064,0.17378401635286403,0.96540978009051626,-0.60780251975382005,8.1402850783861496,-1.7255364179431698,,0.08024393417340282,0.273972602739726,0,4
-0.88369588096100071,0.39317133023397893,-0.25396435784299343,-0.40809438015345845,-0.91291522599740349,0.0066908167867477811,-0.22921729179912431,0.10955407442972136,0.96719043518643277,9.3919035252850644,-27.810844404816809,2.5800714465447814,0.2363179495560181,0.2634459303528228,0.8181818181818182,1,7
-0.82281848694075055,-0.4685284708625177,-0.32163769918926605,0.49956962068986294,-0.86611975053181212,-0.016333151027830631,-0.270924217507997,-0.17411964199923613,0.94672193311327546,3.954950456087206,11.829044424817678,-0.83935216262798551,,0.2705354740854328,0.1785714285714286,0,5
-0.023686286894858383,-0.92382375134787265,-0.38208459306635018,0.99113517447257204,-0.071677658729606408,0.11186321630574796,-0.130728825193065,-0.37604785557769899,0.91733199256270093,9.2392133734816415,-34.665405009017171,3.0223789518481983,,0.2624717558456062,0.2857142857142857,0,5
0.81335646084916646,0.53128890497623316,-0.23703030828160748,-0.51131041980390479,0.8471823272344009,0.14437367842393994,0.27751202171234546,0.0037688023110461931,0.96071477241388725,-23.153967708317126,-21.382305178046266,-5.098635508430581,,0.08357557895321865,0.4615384615384616,0,1
0.87088883669721795,0.44957664361998823,-0.19857863839686682,-0.40938156711282297,0.88713619995243087,0.21306359436142611,0.27195471428974477,-0.10426027165391039,0.95664540407103638,-8.4630190212130731,19.971535839626291,-4.3598938563261846,,0.1756771327731797,0.2,0,3
-0.30334496663580474,-0.89442949831244944,-0.32859961011124783,0.93262489385162428,-0.34941056098183637,0.090128060239897639,-0.19542936981162945,-0.2791202830732657,0.94015915088464175,18.72118180209554,5.7710230111774825,2.6675329892888442,,0.09187420681084017,0.2857142857142857,0,5
0.80577256537207687,0.54060049440497038,-0.24182985411814681,-0.52083619851299334,0.841231091381069,0.14512031288675531,0.28188690500311714,0.009019775103487988,0.95940524099300517,-7.5252289088384909,-22.750334205609406,-1.4404571362574823,,0.2380789589307761,0.5789473684210527,0,5
0.94566258800606329,0.20269291222769611,-0.25423975491321088,-0.1562007859485057,0.96897953267315973,0.19152018099817497,0.28517290213963725,-0.14140102048132488,0.94798848478876374,-3.7401615860432984,-26.758774261237061,-0.24520834497247301,0.405204440868433,0.3812732659596752,0.7538461538461538,1,5
-0.55059651283241551,0.82460888988065018,-0.12986015088003613,-0.83152342599917506,-0.55548697022895377,-0.001737216294031975,-0.073568145765530224,0.1070252523270077,0.99153079795484023,-22.279735619149168,18.04100839621745,-7.6880554049598686,,0.07629826965198297,0.4545454545454545,0,1
-0.45276805579461155,-0.77994918436906613,-0.43206522361096927,0.86160142345280955,-0.50741675499925309,0.013085253154644299,-0.22944296623793214,-0.3663434270572587,0.90174742511186723,-2.4145260974154557,14.354768454939588,-2.5693809021234206,,0.3256981516947861,0.4054054054054054,0,8
-0.94980511894252284,0.15772978037116747,-0.27016948831177257,-0.15600931609443028,-0.98735940127969657,-0.027973308641428319,-0.27116660805182086,0.015579765359714066,0.96240632873491005,0.16247981289529576,12.702853116764869,-1.8112698335743849,,0.1937089836656623,0.225,0,5
0.92581353769117103,-0.18899812649989323,-0.32733622104388288,0.29905896311079316,0.8958827252439544,0.32856944348579242,0.23115585653592385,-0.40208686970478968,0.88594193895545281,-8.2774131145961718,-25.516918873345013,-1.470029333295795,,0.2130078447281386,0.3571428571428572,0,3
0.065920702894269934,0.99504366891272444,-0.074448357178847915,-0.99106750032501567,0.073960224733978799,0.11097339751861136,0.11592959384665244,0.066467902885552599,0.99103095166424859,14.427601026845398,11.156416106286919,1.4088073025414161,,0.2365895193423317,0.375,0,5
-0.87544816294589933,-0.38395843355971709,-0.29354119862979894,0.38900731672726829,-0.92020760644842392,0.04348871769912125,-0.28681670371040385,-0.076117556009315551,0.95495669856798604,-23.915585345797801,9.2860258319512621,-7.5672465234763431,,0.08775349474616931,0.2068965517241379,0,5
-0.89124337567440648,0.39203254295376189,-0.22802572350876696,-0.40159079122030344,-0.91580626185571223,-0.0048710525472438846,-0.21073699657046532,0.087231737407174798,0.97364292338895264,-28.54778017130262,9.4229707487122365,-8.7574485626741652,,0.07813809326857259,0.5,0,1
-0.4540527115305345,-0.75856933159197137,-0.46734217049168736,0.86694897273709826,-0.49714107560636184,-0.035358586157276758,-0.20551305024708647,-0.4212164765450912,0.88336915616580081,-9.539797463953489,-24.887537748433925,-1.7755746573246589,,0.2732690867354243,0.25,0,3
0.44074975418287393,0.89758862676052209,-0.0086204001007951798,-0.87533825483093497,0.43191128447359328,0.21733748405165909,0.19880290193372613,-0.088245676690318464,0.97605845456519558,1.8042340212525871,14.760951032193343,-1.4885340915316267,,0.296068392890297,0.1176470588235294,0,2
0.93827427439941991,0.28166576940081406,-0.20076299546502663,-0.19990066848723434,0.91524148475846845,0.34981816321550729,0.28227842414644394,-0.28809272626180943,0.9150527156051933,-15.425687519460107,-22.3576585677284,-3.1995858771803944,,0.0967707288665391,0.1428571428571428,0,3
-0.69402114005739557,0.71611669135202571,-0.074239757007017751,-0.70890467252224276,-0.69772336356432485,-0.10313230925668758,-0.12565358104552748,-0.018947092217887353,0.991893232796213,17.099972429696162,10.265234259471493,2.0891226912118692,,0.453887859102323,0.3,0,1
0.91655480124551469,-0.2586850245270903,-0.30497435039559434,0.33223473769814377,0.91702604662360832,0.22064294432526577,0.22259239740036399,-0.30355442329061105,0.92644877717025653,-15.038860169640275,-23.451028847364658,-3.0776922591881641,,0.1426018022189996,0.2631578947368421,0,2
0.4120258912646742,-0.85474927667280975,-0.31565541173067269,0.91117201110318069,0.38669457738978869,0.14224229328690829,0.000480738740725599,-0.34622388398930887,0.93815179531119686,11.399222827023703,-28.774075345838355,3.0982073887471833,0.5162659075930355,0.5285444833058573,0.25,1,5
0.89686140635399669,-0.28569076969294738,-0.33766907158486581,0.3917975569684703,0.86741352967932117,0.30673839486246623,0.20526639312433026,-0.40739974550988045,0.88988266373281766,5.9849004224403526,10.995091788092868,-0.26720822973707514,,0.3514138290591076,0.2,0,3
-0.46150869262440947,0.87973985698320101,-0.11431321300394717,-0.88672161643739666,-0.46138411828277037,0.029145674448905139,-0.02710168951853786,0.11481497912558331,0.99301712925489505,-24.05963669758329,-23.196580151597548,-5.2211060141497372,,0.2381663161038741,0.5263157894736842,0,2
0.41855365231263458,0.89244094865610302,-0.16841019356781717,-0.88602292770388891,0.44197632160673966,0.14007249095381039,0.19943974458162469,0.090587440082890158,0.97571394577532056,-18.050116982266061,-30.068075973694437,-3.4025129241222012,,0.344012773135211,0.7407407407407407,0,5
-0.46043915181795342,0.86563008948288589,-0.19667316963688106,-0.88614956876542528,-0.46126842016639619,0.044389033939145124,-0.052294638826720564,0.19472029359840953,0.97946377064745704,-5.3656049703158333,-31.997350652863343,-0.29731296208334695,,0.2283841094661442,0.2941176470588235,0,5
0.94727813078180922,0.20072850279720725,-0.24974429144089402,-0.15494077231816408,0.96922320927841177,0.19131055294862295,0.28045944451198901,-0.14252872959810112,0.94922497924526761,-23.298913193251021,-24.252686979309207,-4.9537236081626324,,0.09382983612916662,0.3333333333333333,0,2
0.88838979716670874,0.41147690609373294,-0.20359352652190135,-0.36076372506673132,0.89998022349162909,0.24471438862464384,0.28392446700851753,-0.14395260704650897,0.94797918962308592,-4.0112681037691402,-28.67887925569374,-0.20846378663859064,,0.352414832375743,0.2272727272727273,0,1
-0.607642867490086,0.76309701909472849,-0.22012061474829123,-0.78505930342710906,-0.61906332949213538,0.021035307952445518,-0.12021661986168193,0.18558969132700154,0.97524583094837169,4.8255619895157986,12.069186535061544,-0.58581765012366438,,0.1391094659209803,0.2,0,4
-0.30068098230203522,-0.8053917762046986,-0.51081800448273618,0.93748892588626764,-0.3480008677405057,-0.0031479981683278503,-0.17522973698118696,-0.47983276552742449,0.85968311394595165,-3.7366744937597489,12.575335899491039,-2.8147813461514222,,0.2397724946782984,0.5,0,1
0.74975623559318594,-0.54380540904646291,-0.37701626527372079,0.64546501086908992,0.72651696018361311,0.23568628791113053,0.1457412327822874,-0.42005807176790666,0.89571798542271519,1.1119921283805723,13.350845907026031,-1.6426032115554052,,0.08991420233348388,0.15,0,5
-0.95728980789432783,-0.0014877909295779469,-0.28912628759729153,0.022216292357050318,-0.99740886420949715,-0.068425097370975643,-0.28827531988629884,-0.07192596245078188,0.95484239320946629,14.019117180852913,7.8119381748880015,1.5434267854280612,,0.3165225908631099,0.375,0,4
0.30872797635042304,0.94156122182328372,-0.13472008824677442,-0.9361151308235981,0.3258690135718349,0.13227943089096578,0.16845028483707314,0.08527515202194226,0.98201458746087078,-13.078005283281215,-24.216726791273448,-2.6170173418468621,,0.1377681595655708,0.2758620689655172,0,4
-0.59252740559014605,0.77806197470304361,-0.20864044944787477,-0.80157208282961545,-0.59519064455717963,0.056835663625944402,-0.079959174913219869,0.20091704793971507,0.97633952608423447,1.1718754558827276,10.818404253663099,-1.4848753198649505,0.4947316678479657,0.4288792830321678,0.7828282828282829,1,5
0.51472688681094803,0.83977694044727991,-0.1727163057933947,-0.81882045699943207,0.54123032093074519,0.19131857961119658,0.25414423305114148,0.042946827568637325,0.96621233629499803,-10.062692069249568,13.81163840957581,-4.427929982924228,,0.09778344486344638,0.36,0,5
0.95264270181481048,-0.074337337238919526,-0.29486580502189091,0.13829330959937822,0.96949360424314124,0.20237863486963403,0.27082622324847178,-0.23357249757596316,0.93386136293193855,-14.113556461416414,-22.042078909146049,-3.0180765659140527,0.4628027429745448,0.4088608237721368,0.1666666666666667,1,5
-0.2546963908610233,0.9412338226621888,-0.22183020434352979,-0.96629946508126885,-0.23885915500695515,0.095977329891058852,0.037350933937755612,0.23879948732375184,0.97035030405925593,-6.3696385125684483,-22.160595745203175,-1.2281363120812643,,0.1081727579467642,0.2307692307692308,0,4
0.54260191477551623,0.83914743554515947,-0.03761307618270749,-0.81686649797386757,0.53756996183902073,0.20915941436211744,0.19573524611028445,-0.082765436906818035,0.97715791757717951,-19.152130787546398,10.411599943880494,-6.3970480809290011,,0.2932522487269941,0.2424242424242424,0,2
0.9430321240352606,-0.16677291161445046,-0.28788402003095676,0.22823627011221631,0.95386529946267951,0.19506202984239818,0.24207151431510687,-0.24965533527768222,0.93758924669845667,-21.751883104291718,19.3497566029544,-7.7219481145928155,,0.2047891495819766,0.3333333333333333,0,1
0.33607060159799163,-0.86335399673905566,-0.37639929205069117,0.94178610705648902,0.31219564046888248,0.12479106789993685,0.0097713508250540475,-0.3964262332224267,0.91801457630918393,-6.5256267955126521,16.811285393859389,-3.7036605143634662,,0.3796453870306887,0.4814814814814815,0,5
-0.95740693482844119,0.14023655174032074,-0.25239982309501441,-0.14315625797730269,-0.98967636393501124,-0.0068542301035382711,-0.25075535277306865,0.029570326754378089,0.96759875404595996,-5.5254474185683593,10.806655422628593,-3.0988672803670436,0.3343900248891979,0.2748399926485776,0.8612099644128114,1,5
0.50276841444373488,0.8449334510328298,-0.18251406730300684,-0.83553282298718712,0.52913895053479765,0.14797591945311858,0.2216051063238299,0.078098875489256411,0.97200398275856792,-8.8070684979130043,11.391944988723573,-3.8819038183104491,,0.0824796634601415,0.2,0,5
0.9509212193858676,-0.060777769779650069,-0.303405499657317,0.16105365861503412,0.9344544698609506,0.31757922287769591,0.26421686844031422,-0.35085738763420826,0.8983810661262247,-8.753171882314259,-20.377380428502534,-1.8719493049016538,,0.2386197242211343,0.4166666666666667,0,4
0.88417710558779961,0.40880296392297866,-0.22607738197831717,-0.35158338352549584,0.90098864010318425,0.25418220794103558,0.30760359292951411,-0.14525703801469828,0.94036185722521259,-14.514945552370929,-28.116830674925158,-2.6751089924415257,,0.3750294211142409,0.5555555555555556,0,4
0.050262386843238617,-0.84971222803725999,-0.52484552202793522,0.99544034611613941,-3.5049235650747894e-05,0.095386142052876086,-0.081069166722009756,-0.52724674327633947,0.84583607271828509,-27.475469733641898,11.369752828398331,-8.6467951791067268,,0.3958517290162569,0.25,0,2
-0.80848667649584283,0.5645169194958094,-0.16634284334371047,-0.57067376340118647,-0.82107705398300257,-0.012803405333032265,-0.14380803070146925,0.084576113800276756,0.98598485347403264,7.7062643704444733,15.749204319394634,-0.12756645168256214,,0.5222381098753022,0.2,0,3
-0.35315480841406455,0.91721973923053357,-0.18436277080771432,-0.93552936189340341,-0.34793435222497254,0.061045061856881896,-0.0081544055177021086,0.19403514245533252,0.98096068685905646,-6.951722262729306,-23.969784909717525,-1.292701184715773,,0.09067070379919237,0.3888888888888889,0,1
0.23935190056050185,0.96233770725092804,-0.1289061864345725,-0.95474449803173789,0.25742051704135066,0.14898866025402924,0.17656050287706615,0.087411753266896625,0.98040072124341393,28.157316940340454,4.6684276531076634,4.7288779791187565,,0.1879035421692243,0.5882352941176471,0,4
-0.5974597661032417,0.76438792423169777,-0.24239003522549893,-0.79641391848391752,-0.60090994473285664,0.068059597164907393,-0.093630648470220429,0.23370566875862053,0.96778869700835746,-4.8733723818191379,11.70173275187426,-2.9868455258975075,,0.07952129769212021,0.2307692307692308,0,4
0.94791531428591025,0.22449669520889606,-0.22595971052939751,-0.15133188537724601,0.94163777735537968,0.30069412486011293,0.28027703689459321,-0.25083765685699011,0.92656637781223339,0.35137611890613574,-31.633127518053939,0.9280527815300279,,0.1970296316960748,0.3333333333333333,0,1
-0.046612194635498629,0.99730791681132669,-0.056605851081985341,-0.99179121441991336,-0.039450808742394011,0.12162985114290842,0.11906926686066983,0.061810620082834854,0.99096011874052703,11.153548814405504,6.1023674193177548,0.89420957136187085,,0.2845576004206473,0.3333333333333333,0,4
0.90836730400252819,0.3764677032381849,-0.1820464485721793,-0.32196865297101307,0.90743263492101145,0.27000407327360854,0.26684270183613518,-0.18664962228430762,0.94549293544579971,-3.7180360295244039,-24.611095407075315,-0.36062965832493288,,0.2015455760219972,0.4444444444444444,0,2
0.69482535086695885,0.67109085110768063,-0.25856295433061638,-0.67062711795268282,0.73445379705427893,0.10410037780445648,0.25976335472711704,0.10106774733870785,0.96036884059656624,-20.673670528239466,15.835196022053161,-7.1428100822206932,,0.2968861456263874,0.32,0,1
-0.92286628726970521,-0.25380249022774426,-0.2896586124651368,0.28634108505995398,-0.95515831945539009,-0.075374848469803496,-0.25753950925580471,-0.15250206795107193,0.95415749247329618,-9.1001671168550402,8.7472242303353323,-3.8418252361556542,,0.2064518427560874,0.5615384615384615,0,4
0.93186199948236836,-0.15867587237968936,-0.32627470242920686,0.2770987488663163,0.89176862103461296,0.35772197292694696,0.2341996953402054,-0.42375782478034524,0.87497417598463179,5.1424374341575154,-26.610182450416922,1.6090155296830995,,0.1161475154347352,0.5,0,1
0.55972420481348162,-0.70973141517870775,-0.42777345973581105,0.82489605584228665,0.52646180850736679,0.20587486791493742,0.079090527888970183,-0.46810178646484824,0.88012806221973316,10.835774374389183,18.070993770277791,0.40355014183135318,,0.6163961411482467,0.1,0,3
-0.92832374962124775,-0.23403832556485124,-0.28886169364584863,0.24056642551614413,-0.97054255684884871,0.013226498390924806,-0.28344807426322893,-0.057211952528298485,0.95727946895583582,11.06778537394781,15.05851487923567,0.60650511326932488,,0.07594602843959701,0.3333333333333333,0,1
-0.39770359493317509,-0.86483816898938493,-0.30640951688274293,0.89483926695428406,-0.43939176170357225,0.078724621712329912,-0.20271787512192238,-0.24287820241042216,0.94863883638607849,-0.91196884203301143,14.109235584287156,-2.1414332945870824,,0.1430154201448481,0.4864864864864865,0,3
-0.6981694908979077,0.68101008750066172,-0.22087241272213759,-0.70393520652209496,-0.70922688801259415,0.038372468498490776,-0.13051661579298121,0.1822703542606785,0.97454755192326792,-2.6842739411577861,6.4243568774746693,-2.1229250403316025,,0.1556306298987962,0.54,0,4
0.7832804617570871,0.57765206859082541,-0.22976032268941957,-0.55991638871197935,0.81611369464896055,0.14301075154742784,0.27012100229589958,0.01662904264126145,0.96268277176829908,12.416841607669955,-26.902717273748092,3.0641207920641778,,0.12921208969263,0.3333333333333333,0,4
-0.36462200839558578,-0.81409611067273713,-0.4519937096698271,0.90911995309928173,-0.41621643276431725,0.016272429864838844,-0.20137453133484609,-0.40498321407740978,0.89187268959487798,-1.4677110821845865,11.352680985556592,-2.1185415587144041,,0.3366012266771086,0.4893617021276596,0,3
0.10069533919945718,0.98951139641409969,-0.10357434542455532,-0.9872554283190963,0.11227182454660099,0.11279076499188606,0.12323622810677047,0.090896830415565094,0.98820574694869079,-5.8042004826463094,-26.196850908612674,-0.78119283990843968,,0.2738070042440044,0.6521739130434783,0,4
-0.16436925779580475,-0.87729486310407301,-0.45092845359642408,0.97629760897185913,-0.20994707157409395,0.052585224667137033,-0.14080385579765686,-0.43159697671400371,0.89100972154283742,-12.339192263441895,20.665394631278261,-5.3217940423338828,,0.6453019170714992,0.1578947368421053,0,1
0.48439634753945637,0.85280496679686191,-0.19515088290099375,-0.84726563722679726,0.5128753452242012,0.13820209924536278,0.21794751309685306,0.098400045059743313,0.97098728759296182,-2.6400156507025323,-23.82495423292756,-0.20903263938801675,,0.3520189999502731,0.4666666666666667,0,1
0.91561891092701508,-0.26252449178077231,-0.30450435328263198,0.33376514610952729,0.91858740643340742,0.21165538968906938,0.22414914051879062,-0.29542861736330345,0.92869752602636668,-20.170009948284594,-23.616716084705111,-4.3068449966022957,,0.1235574439784913,0.4375,0,1
0.79959080335440436,0.56323511337283905,-0.20837647241218024,-0.53346599676868167,0.82550412305041232,0.18427417919602099,0.27580532533411284,-0.036182176422314465,0.96053228609281471,17.999187671314072,-29.151306445987863,4.5259158503144574,,0.4141835563976036,0.2352941176470588,0,1
-0.61037458424419622,0.7809450016523457,-0.13254346948433107,-0.78948559853962053,-0.61339022296089829,0.021562098101013408,-0.064462055561880796,0.11780211700219358,0.99094263437523944,25.353283227552797,5.4069133541335548,4.0716534688720065,0.712005051406479,0.4892071580231884,0.3513513513513514,1,5
0.32132327337197575,0.92357496101749526,-0.2091904523898106,-0.92989391724839576,0.34949552311118576,0.11467424292174551,0.17902138602400408,0.15767742611665628,0.97112778388802867,-3.0905422698778593,9.1365115547007729,-2.3820142191817681,,0.06725105732096934,0.2028985507246377,0,4
0.83170271543046748,-0.40530026605337222,-0.37947633323127378,0.52277457964630669,0.80186779760160476,0.28933505498846745,0.18702227680470115,-0.43902133149383288,0.87879630089809091,3.2109537919648079,-32.410290876901612,1.5828350152333681,,0.3858529601824863,0.6363636363636364,0,4
-0.86808355919149582,0.43830923993013032,-0.2330578135426867,-0.45430318173825374,-0.89068357822674016,0.017069930864276339,-0.20009885887711953,0.1206970325612169,0.97231305298601867,-4.9389279572878051,14.564251383173101,-3.1970012205303164,,0.0853734636108929,0.375,0,2
0.89982661947530107,0.39786188565760389,-0.17893567230887297,-0.33094214904456687,0.8897977277010547,0.31422491588638307,0.28423467218025378,-0.22353058788232194,0.93233294879649509,-34.352135430005632,12.202020895351383,-10.569960159329199,,0.5128549002280895,0.1111111111111111,0,1
-0.95531917852983439,0.18195489400033557,-0.23293278790760577,-0.15224266622493451,-0.97839409979904413,-0.13988265102986214,-0.25335239827916789,-0.098170270590162215,0.96237994589374554,-15.502232951601052,7.7186029976796382,-5.3989801430139792,,0.1026168260806452,0.2,0,4
-0.24142556485992359,0.96876715268990266,-0.056603007880910793,-0.97010524994720448,-0.23945260719336667,0.039474712578714134,0.024688067096062423,0.064441079890073694,0.99761608174971894,-18.587904897986459,12.151923458069199,-6.3817675013651298,,0.4432257415880853,0.2456140350877193,0,3
0.96452297433360978,0.077130798190807245,-0.25248024071815234,-0.041006379490642036,0.98853208714356033,0.14533681408599264,0.26079476379658506,-0.12982739563761531,0.95662476369694582,-12.144428238416683,15.311508705692216,-4.9460040703456007,,0.09107627517646084,0.3043478260869565,0,4
-0.063262602330437387,0.98380783888121093,-0.16769012881580894,-0.99622623011865352,-0.052247755827671792,0.069307073481337425,0.059423409275776648,0.17144185068662096,0.9834005034893919,8.065903435845037,8.8218130231943412,0.22274491511634889,,0.09570432733436907,0.1071428571428571,0,3
0.95291210110003932,0.10069514267217768,-0.2860402346162878,-0.055160946128226584,0.98508015816148919,0.1630164164088298,0.29818752086455608,-0.13956206590176243,0.94424924260593623,-16.424916772186492,9.6385037329859493,-5.7333294001475679,,0.1345546248824814,0.3055555555555556,0,4
-0.40517073437381534,-0.74192594058481609,-0.53421210646551209,0.89207468545654878,-0.44872244667882544,-0.053394020397127914,-0.20009855465390974,-0.4981907912977766,0.84366255333012841,-5.614186433305294,27.897869752142096,-4.2623920016925041,,0.1921548134060698,0.3333333333333333,0,1
0.92425477444597826,0.30138147822315248,-0.2343551076845618,-0.25536675909943818,0.94435446516046206,0.20732212250155166,0.28379734012295577,-0.13177195724252672,0.94978693454037888,-21.805020777457322,-29.936458895601334,-4.1647519058178091,,0.1809412723265235,0.3684210526315789,0,2
-0.90880946850944822,0.3087642224676449,-0.28058867559387574,-0.3042582510174171,-0.95065722600546709,-0.060644499597347905,-0.28546850375373628,0.030257124244398831,0.95791035060545315,13.638001556092192,-27.752510879226353,3.4519083118555254,,0.5999809716792903,0.8787878787878788,0,3
0.42502620346036957,0.89485670839761611,-0.13632387101256116,-0.88304179913516456,0.44300652553421566,0.15486251746060137,0.19897212707361128,0.054559048469407456,0.97848525940757847,-17.324870695735566,-23.42720467712962,-3.5395275601578642,,0.4902760347194298,0.1363636363636364,0,2
-0.049702974420083416,-0.92070129152296576,-0.38709010077982942,0.99311393442044849,-0.08672572273521445,0.078761426320193131,-0.10608641568897047,-0.38050989580298245,0.91867180842903262,35.004182391462308,3.1712557255411964,6.0597290080734876,,0.1479229508698982,0.3636363636363636,0,2
-0.95799096018040419,0.16969205154130232,-0.23120970536794547,-0.15944489563459932,-0.98522962751298482,-0.062449229992830049,-0.23839178985170575,-0.02296059046125961,0.97089760830736982,16.632284072244307,7.9914598660499996,2.0952601675959293,0.4896437426956141,0.3771329918110416,0.7777777777777778,1,3
-0.86120306920134648,0.48900565116784278,-0.13857397563790985,-0.46972528565091215,-0.86989216281779302,-0.15048515238505109,-0.19413250531106532,-0.064506574812938436,0.97885211967260544,-13.091555304887414,7.9186243722937748,-4.77866208712397,,0.197397989781685,0.158273381294964,0,2
-0.57972466974986647,-0.74379856275976797,-0.33269055490036475,0.77954839010694588,-0.62511510139934534,0.039184403583007399,-0.23711519302878542,-0.23663222104986117,0.94222161787762659,-12.64247397077038,9.7333986649540432,-4.756963654618084,,0.07701653108587778,0.1111111111111111,0,2
-0.9252795827834277,0.33896356847455106,-0.17018047165031558,-0.30160977611797302,-0.9296216801672611,-0.21174294489560752,-0.22997660018834865,-0.14459332975623926,0.96239468637135106,4.0990761401084077,7.3510230145650084,-0.48575540926663585,,0.505287003387187,0.3127753303964758,0,1
-0.9008998778697539,-0.32396837135363549,-0.2888319657114416,0.32527453571429449,-0.94455352469677678,0.044890036742523912,-0.28736020335132106,-0.053508254927327595,0.95632681661894159,12.03113426165087,6.7848657725172714,1.1025878323742149,,0.08135071466226935,0.1379310344827586,0,3
-0.72548147000762297,-0.6112846845588823,-0.31623989485725146,0.63299940034891267,-0.77300916755902516,0.042054560128705398,-0.27016364639509588,-0.16966985970834625,0.94774666597833779,-26.653756781551145,9.5280158416972789,-8.2472391356264776,,0.08826280517495105,0.2608695652173913,0,2
0.47126158864208478,-0.72135406616157827,-0.50750450865258012,0.88076363831710702,0.41526830403015169,0.22761293699246216,0.046561018985320592,-0.5542567517857403,0.83104243249726395,-10.249010875473656,-22.44939827629365,-2.0824289558911802,,0.1043205781666309,0.3333333333333333,0,1
-0.81978037868838605,0.53551406823417391,-0.20294041845036842,-0.54481826244073051,-0.83847198395530154,-0.011738527723861775,-0.1764460020192842,0.10094263145641295,0.97912072469438882,9.4883716017817878,15.556750909065133,0.26239980588070067,,0.1666061022881728,0.3888888888888889,0,2
-0.95230220409366795,0.21733057696794195,-0.21421468762231116,-0.17525767994654751,-0.96418246099275962,-0.19909024972032122,-0.24981044353288409,-0.15205131445905987,0.95628193545270757,-13.765621955264136,10.542079549644573,-5.0874142809622658,,0.3588877558828257,0.2837837837837838,0,1
-0.41643712364911806,-0.80953487072763486,-0.41380359486457013,0.87671960665932258,-0.47807590007029815,0.052973248636436272,-0.24071321805412449,-0.34072969763137217,0.90882364615257527,5.4820942666191055,-29.930290667423215,1.9151327865155694,,0.5660101065705784,0.1754385964912281,0,3
0.52072807889861406,-0.73078487329831776,-0.4413567001926228,0.85143774242910819,0.48234717201558602,0.20590040411759833,0.062418255452890883,-0.48300587429857272,0.87338953896831661,-19.260922580079946,-28.230933813443929,-3.7169123365240884,,0.2704686222935994,0.4285714285714285,0,3
-0.67663676882314971,0.73158711638416851,-0.08332451150331506,-0.73136971315257249,-0.68086931579548016,-0.038927079152182076,-0.085211652722457731,0.034601531019502238,0.99576187328668841,15.493306759595821,7.4186861005399116,1.8291811553369759,,0.4281158906160131,0.1578947368421053,0,2
-0.49545044854943304,0.85568458847058926,-0.14944142024915236,-0.86700038593599082,-0.49769740692274467,0.024649988422276475,-0.053283992145934767,0.14177861685139292,0.98846327194524397,26.89887291422113,9.3291592865509898,4.2041118617999889,,0.1713154151612745,0.5,0,3
-0.20771849032399317,0.96814298551890399,-0.13982913991033738,-0.97750115030205909,-0.2000823705219637,0.066772345806203295,0.036667832437610758,0.15055299597435845,0.98792168994686635,1.1694841073088913,19.705558809008956,-2.0638342532636291,,0.3599253393094768,0.1578947368421053,0,1
0.17134264088129472,0.98520432705700567,0.0037594366568566772,-0.97483458240799836,0.1689843380125943,0.14540230551084501,0.14261569463858995,-0.028578443879933236,0.9893654714958241,13.401846919378556,-29.710086865331132,3.6134423587104316,,0.3086150572763846,0.6111111111111112,0,1
-0.3608162969760309,-0.78294001928992485,-0.50677068387072011,0.91516057725220457,-0.40192401334596584,-0.030630137761426968,-0.17970174645761486,-0.47482840446856628,0.86153657416845564,7.2932275413997463,5.5811297457416078,0.23687826320354599,0.5094082640069718,0.3190506470120572,0.1507537688442211,1,2
0.50805007494456511,0.8592201535577324,-0.06021502361577781,-0.84696158761280771,0.51106908068802837,0.14650755568599724,0.15665628125681408,-0.023433362646454112,0.98737515011158017,19.793430020094796,-30.334884641636506,4.9834224417586155,,0.3456740441187366,0.4705882352941176,0,2
0.93635338092522202,-0.18621031505794333,-0.29760387194377674,0.25876803925095565,0.93897215743957108,0.22665036822271808,0.23723711322666655,-0.28923520898967209,0.92739503232903875,1.0112515751139359,-24.401212565953116,0.5428667202606422,,0.08899229782223801,0.25,0,1
-0.84889159467631969,-0.42702330501429342,-0.31150306172261844,0.44751146103758072,-0.8942556231847576,0.0063539469978391742,-0.281276648031623,-0.13400737806968407,0.95022390513761734,-11.077772465783026,26.028074881432008,-5.3268223023526362,,0.1684772855900302,0.2857142857142857,0,1
0.61746550082663942,0.76346480003151707,-0.18936170257405097,-0.7447071715548822,0.64490330040695087,0.1717875483233563,0.25327373318928065,0.034946133363476607,0.96676325118371509,6.8273634322123424,21.715736505698551,-0.78568357276102541,,0.2005982278069121,0.4615384615384616,0,2
0.9554001839370968,-0.078513101550238051,-0.28468611033544311,0.15453823833291122,0.95440113808202764,0.25541417447097858,0.25165138868268216,-0.28801763923880275,0.92396829927296997,13.337237359750622,-24.709410566954148,3.0687482911151394,,0.1928026282227935,0.5652173913043478,0,2
0.93855369743261829,-0.12362166324972106,-0.32223383033277908,0.24919863476783544,0.88868250503011403,0.38489407073017995,0.23878232234696212,-0.44154398379864079,0.86488260064925415,-1.4799336559940539,-31.971327910870528,0.5753418083927746,,0.3471505076055205,0.3548387096774194,0,1
