axis_00,axis_01,axis_02,axis_10,axis_11,axis_12,axis_20,axis_21,axis_22,location_x,location_y,location_z,dbh,dbh_approximation,score,reconstructed,number_clusters
-0.93779123494978933,0.20622326897171644,-0.27931982204270428,-0.22708474212707924,-0.97287425093849145,0.044138551788056216,-0.26264066620465831,0.10482201674976566,0.95918310309350518,-14.609386977690997,-7.4367729336914552,-5.1196390341510325,,0.06644751779796336,0.5416666666666666,0,2
-0.88443145850256144,0.40635216448580108,-0.22947530069429151,-0.41438843888832194,-0.90998804228661312,-0.01428231812682028,-0.21462343051663846,0.082460180166434541,0.97320969053960227,-10.781360348691042,-5.492531710106987,-4.316249127064026,,0.08345460527034058,0.1904761904761905,0,3
-0.87934942965148144,0.40965976173385599,-0.24274155018820803,-0.41297242032142317,-0.90988512215749384,-0.039532828513880243,-0.2370619341553587,0.065482395287608089,0.96928514652908926,-2.555576434489454,-18.213187822405487,-0.70220899579521345,,0.2687790956102977,0.2307692307692308,0,5
0.59969421311245519,0.76160129046387703,-0.24562232211912211,-0.76391958090446177,0.63625825856510154,0.10771398385750813,0.23831434004311247,0.12304024858338437,0.96336253433396235,-8.2002393812541712,9.9605720373822333,-5.5002006309637688,,0.07331305745096177,0.352112676056338,0,5
-0.55027478635639115,-0.77415028862766755,-0.31287216258102485,0.79833737995237264,-0.5975825431817956,0.074515312890427926,-0.24465299358726278,-0.20877364465390827,0.94686771939205683,9.4403011924943865,11.677673525106586,-1.4643561915928687,0.2606753763904472,0.1627695202828807,0.6875,1,5
-0.8352765570618701,-0.4456678727715021,-0.3220143170764192,0.48684701128794777,-0.87166066926380681,-0.056459412488665706,-0.25552506887360682,-0.20393093153785288,0.94504979463478134,11.85029731646671,9.2597904863700968,-0.70892951505414414,,0.2557490352946336,0.25,0,3
-0.36068489968005579,-0.84386860872656222,-0.39723063118128821,0.91444827094156922,-0.40377112126771947,0.027445243707851775,-0.18355043697785897,-0.35334777887529589,0.91730833652002375,-0.68365136476183364,3.0692524584343612,-2.7741672742962629,0.3712283780409592,0.2694175214595104,0.333743842364532,1,4
0.28989656179312828,-0.84446677277014159,-0.45037301556343695,0.95684282349189675,0.24575691151952789,0.1550978773950063,-0.020292722650653593,-0.47589852923450382,0.87926605488888232,5.1568839351686364,12.772124342054607,-2.5675547991056753,,0.3482100673348372,0.1,0,4
-0.58961107169391924,-0.68311095527847043,-0.43095035318988212,0.75696966358414541,-0.65345000441572509,0.00014192390622375185,-0.28170145997004403,-0.32613266396916613,0.90237562740973987,3.2950286290004867,-19.27185833469207,0.89181879597790659,,0.1470200762424033,0.2857142857142857,0,4
0.15465551942579051,-0.88476075436940549,-0.43963630177547758,0.98510391534411157,0.10423641156857676,0.13676639381444233,-0.075179427271293592,-0.45423911988179333,0.88770201964633033,-1.3429780361393455,15.22773541255053,-4.421019401790816,,0.4016934464780211,0.4285714285714285,0,3
0.93356144549555542,0.24605428380854674,-0.26061526606036045,-0.17628675302691127,0.94831776114458566,0.26384920808095935,0.31206731355827416,-0.20037642904589259,0.92868901064421938,-2.6674400273157439,-9.9651858593124771,-1.7038865441894389,0.6751109879536422,0.3432012985967745,0.4736842105263158,1,5
-0.066721244968111784,-0.92683094207889727,-0.36950328858489057,0.99085107183498555,-0.10508905779082781,0.084678470558321242,-0.11731337908936756,-0.360472876563244,0.9253631051370349,2.8125832073569743,-13.79311807433737,0.096569748485169152,,0.3825308493951217,0.3125,0,6
0.71433915977949469,-0.60076912312385922,-0.35888163160924647,0.68755858870297548,0.69802493177032288,0.20006094503377897,0.1303178878983923,-0.38966351552079603,0.91169051369731668,18.03574015599234,-5.0451842671290112,2.064168956129429,0.5100658861623877,0.2649402352970942,0.4242424242424243,1,5
0.86275515186421503,0.46712327128970127,-0.19351846772689285,-0.40995683799432237,0.87028152109526635,0.27303015405227221,0.29595428517501382,-0.15622395290005486,0.94234024514865633,-3.5061210131273688,-7.6137311872359632,-2.1809895048867411,,0.3534342169249245,0.3384615384615385,0,5
0.028151823093140429,0.96863750582270125,-0.24687822336145376,-0.99375100038861686,0.053806770101273028,0.09779458429734772,0.1080112220241714,0.24258238560300308,0.9640992490983491,-11.099778749611074,-3.315492263257831,-4.6410931918249299,,0.3575860728289433,0.5389221556886228,1,3
0.40502437266402508,0.91385043321055515,-0.028855558719157157,-0.88917164019045147,0.4010431584982207,0.22031382004494088,0.21290620429930307,-0.06357492227799233,0.97500214226852455,-13.530717568546232,-13.952889319459954,-4.0519073425382075,,0.4129503464310803,0.125,0,5
0.36020841221590261,0.90885594628544075,-0.21031112350632752,-0.91312013241790502,0.38965099443860135,0.11993217377382805,0.19094900770102252,0.14883874305638389,0.97025022804603878,-13.656312296054251,-12.926500963439684,-4.2406933778093139,,0.09153003167345727,0.5384615384615384,0,1
0.93821970488219031,-0.18897408436753568,-0.28988373670874912,0.2347430432067151,0.96306174522381616,0.13193854081544248,0.25424297244334204,-0.19183552935759726,0.94792385803885404,-9.173547355325816,-21.446519104020755,-2.006818056875936,,0.08246104689372036,0.5,0,3
0.35671923892027085,0.93214209061825337,-0.062149074667076254,-0.90742079369178541,0.36153938780865302,0.21418864171265917,0.22212358668073126,-0.020009846595497975,0.97481317096113962,-9.350067676203512,-0.39645495369402922,-4.5189639041739431,,0.3917778764984914,0.2118380062305296,0,3
0.38410144661339041,0.90471655603015966,-0.18426619862152691,-0.90256475591379204,0.40997489450727831,0.13151975994512427,0.19453261960858384,0.11579524652883261,0.9740372276199456,-0.78359134990134405,-20.776938271251645,0.1174487709402352,,0.08895804606836172,0.4166666666666667,0,3
0.32911924262233222,-0.8927370029900723,-0.3077355482033336,0.94427039448714856,0.31315654999829101,0.10142187775945177,0.0058263393985902179,-0.32396545909320623,0.94605096854437043,6.9060490627758648,8.6489475148710948,-1.673086382048643,0.3074465493230743,0.2886769389563188,0.8055555555555556,1,5
-0.48307860457109109,0.86591839297259787,-0.12969347908588902,-0.87371083328730403,-0.4863971714973665,0.0068681406338832809,-0.057135292088627221,0.11663244947747595,0.99153034755716507,4.0246075325986848,3.1828329624484417,-1.705867943220529,,0.1163903951757652,0.2972972972972973,0,4
0.2432116234093735,0.96884831047609066,0.046701793607970388,-0.95644024394759686,0.23152554187495483,0.1778144629015585,0.16146258388877083,-0.087914019059151416,0.98295521732011226,-16.296243080123375,-13.124362014120742,-4.86277643516138,,0.3752039376936341,0.1875,0,1
-0.5716987354050278,0.79115782486927355,-0.2173243016425305,-0.81605758463100775,-0.57573213812798996,0.050818536901216398,-0.084915101734020948,0.20640203796158293,0.97477567892454542,1.3547192633225165,-13.53581569785025,-0.33010818106361978,,0.0795717242649216,0.3809523809523809,0,5
0.19945058241363495,-0.90688465013671149,-0.37118687547012807,0.97988310435459203,0.18188878575032449,0.082131427716072972,-0.0069690010238009506,-0.38010090892378456,0.92491877051990024,-9.2225302183822766,15.36531176397996,-6.3643556152953717,,0.1905986389951099,0.3448275862068966,0,4
0.95687008885155667,0.11436989259265613,-0.26705647479430161,-0.078968879098455957,0.9870314833447259,0.13975967594497524,0.27957744757964398,-0.1126427030688421,0.95349256538800442,-6.1789387872519512,-13.778938298150367,-2.1235421770960983,,0.08529861703684687,0.2608695652173913,0,5
0.8274752952783031,-0.4536079285727746,-0.33094483352970172,0.52717662114926522,0.83052236308596417,0.17977044953982338,0.1933117839598231,-0.32322198494227283,0.92636823274130498,20.475956947178926,-5.3519174288478828,2.6166196337410907,,0.1851887969848771,0.4782608695652174,0,8
0.75299226340443748,0.62096193366755792,-0.21773591387024194,-0.60310638711088138,0.78360862475188098,0.14906444593036111,0.26318308661295448,0.019073545824336614,0.96455734032278528,-13.079615177775556,-12.336280167992289,-4.1131928752180711,,0.1185406044003845,0.3260869565217391,0,5
-0.94010110695567928,-0.11456414529908608,-0.32106847449196424,0.16459124520318766,-0.97732692810616439,-0.13319833933286537,-0.29852911198603632,-0.17806496626360527,0.93764238230061392,3.1538249670960701,-8.5780767616596378,-0.48041636027936518,,0.1785527493223204,0.2,0,3
0.72242192232553648,0.65105470896267947,-0.23288265732123173,-0.63712643239462574,0.75763262065229742,0.14164293581972084,0.2686567983274834,0.046049734646941128,0.96213457824327964,-10.022011612120046,1.0734922645057581,-4.913825368400274,,0.06409721688281599,0.1527777777777778,0,1
0.38911799525330265,0.89757932727719247,-0.207216160119506,-0.89928562777148568,0.41889094671285187,0.12576062358964002,0.19968110940621114,0.13741079290446068,0.97017819421984153,7.2966038706951446,4.6165738171575139,-1.122030107157884,,0.08611454190447998,0.2777777777777778,0,5
-0.51703812497583035,0.83757455121954039,-0.17646656473922365,-0.85081150137601225,-0.52546956494643504,-0.0012350875676358387,-0.093762286916291154,0.14950119552829469,0.98430586002920739,1.2660230683918086,-11.76936349026276,-0.59591260483440645,,0.1532621632050715,0.3636363636363636,0,5
0.77695486841065975,-0.50737271334568779,-0.37271176826766395,0.60749417983610843,0.75957466601671031,0.23237286461817461,0.16520276607317499,-0.40696345843065218,0.89838120504824404,-13.67297848167809,2.5545300951497105,-5.9868643312349947,,0.2026247844563518,0.4166666666666667,0,1
0.8174049747565626,-0.48652983862439325,-0.30844419814829521,0.54343394338486728,0.82890261387191355,0.13266501382611021,0.19112471431082798,-0.27606008919152214,0.94194594894567785,-2.9793428302677141,14.020174050676776,-4.6304209563700214,0.3706402914507887,0.2706925977103786,0.5774647887323944,1,5
-0.075531449027162093,0.98551412823613516,-0.15184499746395333,-0.99485676614773877,-0.064172417075801486,0.078370375376879228,0.067490851660953019,0.15698345114571835,0.9852924342592202,-3.4812924744683791,-15.788512353793084,-1.1804191220603888,0.3545858319888903,0.2479575252220665,0.3269230769230769,1,5
-0.9097911823550241,0.33285643420686295,-0.24796491428454087,-0.34730920609462351,-0.93761970126120864,0.015671986752299465,-0.22728026722742478,0.10037873287671205,0.96864224051767256,-0.25924139592992762,-15.763946854539451,-0.43056803673235927,,0.3609819667917374,0.2857142857142857,0,5
-0.022586482416171859,0.98093824830596632,-0.19300260055887081,-0.99710724300358111,-0.0080889935870599502,0.075575883273345412,0.072574077754125041,0.19415128429441705,0.97828333423654301,7.3208042849739998,-7.9337329066148996,0.45536017858766087,0.6652144375616086,0.8555351252416392,0.6644295302013423,1,5
0.33562079756440616,0.92974630947313086,-0.15142813563973354,-0.92367417555889431,0.35636437984502006,0.14082061703909579,0.18489104263816958,0.092607930539277988,0.97838595326864941,-14.438857661071202,-4.5171798724912566,-5.3736753858792659,,0.2785324039480955,0.3714285714285714,0,1
-0.55007291137387937,0.80798953987269029,-0.21112246595040934,-0.83223279316707699,-0.55135836261504112,0.058245462928759234,-0.069342412346187404,0.20774229090577229,0.97572269135202172,20.642012393863236,5.443169426517227,1.4358089024297089,0.2237259642318742,0.1819977134723989,0.5652173913043478,1,6
0.11668574841144461,0.96319346688800511,-0.24216271691143085,-0.98487432975604094,0.14366561865576696,0.096864568361421557,0.12808977595908996,0.22719712885624332,0.9653882503605633,-5.2999219134141988,10.811763291995018,-4.7997710583513458,,0.07430322999453498,0.2461538461538462,0,3
-0.80822803839488466,0.56213993858171207,-0.17540275768557656,-0.54934642009854884,-0.82704213252762071,-0.11924689408564662,-0.21209891248487006,-2.1806281540022897e-05,0.97724820329700335,-8.0606256772029976,-15.854534326653907,-2.3986320277319217,,0.3861061701475954,0.2631578947368421,0,3
0.13086157370760179,-0.9372422781940184,-0.32319059468440131,0.98985993466586031,0.10535321015824299,0.095278595983844666,-0.055249961720072731,-0.33238172795001858,0.94152526713566842,10.147631265666998,-15.140750462316413,1.8475046206414543,0.1582991295864764,0.08866691784898659,0.1666666666666667,1,4
-0.95679474722817615,0.05991980496281963,-0.28452316012899437,-0.035461978868286358,-0.99527839385899575,-0.090351351800645643,-0.28859358920689304,-0.076357944515790324,0.95440201413136594,2.7325205609369045,5.218060592906741,-2.2331783756785053,0.127290218688563,0.1404533609240684,0.2156862745098039,1,5
0.93012225642524027,0.28829501330765134,-0.22750510632590673,-0.23409173998224717,0.94273701672448229,0.23758782496059927,0.28297287038602326,-0.16772865765683989,0.94434816250476772,-13.105133544287822,2.220615908624612,-5.7946291861257944,,0.4319880765513704,0.2857142857142857,0,4
0.65576238101300299,0.71484732571298537,-0.24283533632721163,-0.71079369353833899,0.69299399571997766,0.12054728168725071,0.25445633195950024,0.09355545316576673,0.96254836362058471,4.2901622864088056,-13.889770695577969,0.50952135472096538,,0.1032058143852641,0.3478260869565217,0,5
0.45326136588959653,0.8636451081827291,-0.22061564156681843,-0.86551969853524724,0.48560103736843757,0.12274886538844965,0.21314264153226536,0.13530986519370591,0.96760604315078003,-20.069694344649808,-12.823255106147569,-5.9412249633576373,,0.1846008243794276,0.4347826086956522,0,1
0.87890064716376459,0.41405343562388569,-0.23684046289257851,-0.34704667068106521,0.89569309875311232,0.2780152535657604,0.3272495390131242,-0.16215309215091339,0.93092111047155546,3.9639650983335257,8.0999923453080349,-2.3298439807971998,,0.4080054310648654,0.8524590163934426,0,4
-0.50728502783158891,0.84517957554709211,-0.16832523760845106,-0.85984339142539623,-0.5094787287285566,0.033177811790513385,-0.057716919182998414,0.16156395034527796,0.98517300368455718,3.7497633457353614,5.7014571617993095,-2.0773965907832195,,0.09463823820675828,0.2857142857142857,0,5
0.80713610844514139,-0.41325576709940931,-0.42160523407935951,0.55665296087616856,0.77060419172042449,0.31033314494379421,0.19664379876270541,-0.48516888880264186,0.85202251481177582,10.320095896024897,-8.8178622350915941,1.0719078905998982,,0.6290686550998228,0.25,0,3
-0.48612543805183073,0.84566190110853068,-0.22031343012268126,-0.86802641619078147,-0.49642070367635921,0.0098298401033206362,-0.10105542674148676,0.19601641251429536,0.97537960136098922,7.4462881908998417,6.716496965186157,-1.3133975633232973,,0.2666660418581031,0.5714285714285714,0,3
-0.31819396557600549,-0.90194497949468955,-0.29197235183376502,0.93066061279825985,-0.35585923903202055,0.085058954740337339,-0.18061955613106626,-0.24466192176118295,0.95263692978130043,3.6975750552741982,-6.3124250763629082,-0.5918100492680699,0.286889277930186,0.2333875416751911,0.7727272727272727,1,5
0.93183113273090379,0.25225936240492725,-0.26087536133659672,-0.21101571339134539,0.9615048654045425,0.17601352932469055,0.29523398987139327,-0.10896608592792369,0.9491908571737121,-10.392110798267282,10.88251305428552,-6.1449303039810026,,0.09233628795766635,0.3055555555555556,0,5
0.55354764637735387,-0.73739585145897346,-0.38708185367075554,0.82815993727309423,0.53646963016431359,0.16233131000269169,0.087955224324181638,-0.41042379824086844,0.90764320322008885,-11.110535730303317,9.0828800546772719,-6.0382298741046316,1.018318376553525,0.7056816773113626,0.8328474246841594,1,4
-0.90363852666202227,0.34399368645172379,-0.25515829755946223,-0.36512311306666501,-0.93013759524794937,0.039104554860903716,-0.22388060531586298,0.1285005742699826,0.96610821183534501,-6.2229920131708116,-18.290812632720698,-1.5677605643553332,,0.120390099495206,0.2142857142857143,0,4
0.94134975836612544,0.26026721313844714,-0.21475942398223891,-0.22828419600093056,0.95990705149336708,0.16267998755077137,0.24848935244844131,-0.10411258453451462,0.9630231624739346,16.861486142493824,-12.215983341301465,2.7152084073792069,,0.1726026047177479,0.5714285714285714,0,5
0.67520808703685153,0.70330735929658805,-0.22237984971506886,-0.68733784238310591,0.70931158171177,0.15634503662631682,0.26769521779100436,0.047284652994472841,0.96234267907176407,-15.073802672884577,-15.15873994689046,-4.3418400417055896,,0.2686082239506987,0.4615384615384616,0,5
-0.22483919714614295,0.95286794949440001,-0.20369095771048901,-0.97397022636215635,-0.21359738605166198,0.07588250675846081,0.028798152488109439,0.21545029008621838,0.97609007725467478,-3.2157815753178332,10.310587553168695,-4.2607382314725548,0.1894359115466587,0.1444843176292389,0.3711340206185567,1,5
-0.6163637579548652,0.75706143404289283,-0.21668803142923102,-0.78108905839193621,-0.62271015111825978,0.046173050090643285,-0.099978001281057868,0.19771204510396731,0.97514837152130485,-18.349535928603487,-12.991648313101059,-5.4542848574513201,,0.1161574653501299,0.4193548387096774,0,3
-0.93896831580153894,0.25361918759863461,-0.23241301513174878,-0.24001534640257274,-0.96699284181533196,-0.08554225487536643,-0.24643687916396512,-0.024538776654875777,0.96884813723731167,-14.50209538309781,-13.118416176342384,-4.4370740373207598,,0.5372483969067143,0.6060606060606061,0,2
-0.96408682597805673,0.067650550987550698,-0.25682678000286041,-0.035804745404988847,-0.99129332828263073,-0.12671052643261044,-0.26316271047023498,-0.11296433177523862,0.95811504923184176,13.521642452405489,-14.15142397489323,2.3436614336549453,,0.2329510377193908,0.2857142857142857,0,5
0.47304472424485788,0.86851263724201533,-0.14803542756727472,-0.85827012302720185,0.49222007804015344,0.14523013011430205,0.19900021302244503,0.058354037778584382,0.97826055910067111,3.0914417619964305,-20.850171963940184,1.0730000452573745,,0.1865227046305413,0.2857142857142857,0,6
0.053950293040021149,0.98310150491070691,-0.17493083468388052,-0.99334918530089977,0.070685399193959539,0.090889880640414394,0.10171903431970854,0.16886386642231618,0.98037657697130476,5.6458205155157879,-11.992965764086152,0.49435312936362757,0.5229946642797815,0.2981159487101779,0.3214285714285715,1,6
-0.7937877379870325,0.5877256585305769,-0.15645950698576927,-0.58312784135926177,-0.80855115838316616,-0.078784166613144441,-0.1728089918178958,0.028697989163704484,0.98453718963015457,-3.9044578461404775,-17.392400147437485,-1.1381538480921607,,0.3156038990731332,0.3333333333333333,0,5
-0.26722588845366968,0.93512402017905516,-0.23266583639268737,-0.96351077736933821,-0.25542686902890444,0.080025598849520124,0.015404753593624167,0.24556095264160546,0.96925874363065045,-6.4369467733479873,5.9460525676180094,-4.5203244999379741,,0.07132018400968579,0.1761006289308176,0,1
-0.93723860613480559,0.28033850594195353,-0.20735022849449811,-0.26696065996146856,-0.95944892511390056,-0.090497326649568915,-0.22431183919584882,-0.029463234445915715,0.97407192579016566,-9.3230239186639015,-9.9904757375118862,-3.3840944598877458,,0.1925118890041048,0.2,0,4
0.9470516644585123,0.092372228849618668,-0.30750693680584745,-0.037513565819950349,0.98299681024332064,0.17974983569096656,0.31888223096596968,-0.15869669936331657,0.93441397698523121,15.427475695111049,-9.7970806758294096,2.1157526187638735,0.6973868765328957,0.2731456554812712,0.3529411764705883,1,6
-0.10198176127301817,-0.93947416861524657,-0.32709021213167794,0.9875492296114754,-0.13519993680763132,0.080420744717983994,-0.11977578829394452,-0.31481623781486473,0.94156491913551055,1.2467719966509931,-18.457367231342204,0.33696606643901694,,0.1040666313426942,0.25,0,3
0.75717015912356866,0.61323786288847859,-0.22501705191553961,-0.59525900770031659,0.78961408297373903,0.14891713709702717,0.26899826000259464,0.021187814646912401,0.9629075825986958,-4.1582328921804299,-12.625663327146432,-1.7680257250725895,,0.09881460489863475,0.3478260869565217,0,6
-0.95579553640445891,0.12616515533305681,-0.26558849027979131,-0.090909094154626405,-0.98580739990193478,-0.14113577469434438,-0.2796255159839644,-0.1107525344106092,0.95369987256596078,-1.9852225582054659,-15.080867220556959,-0.93027369649445535,,0.2842411178054436,0.4090909090909091,0,2
-0.89452117019021704,-0.33695272681234817,-0.29375965682041671,0.33785122388055305,-0.93990630143792542,0.049322358415765016,-0.29272585571475995,-0.055127165816897569,0.95460597577485318,7.9909396094383167,14.127055079946469,-2.1054905702335911,0.1924816861883496,0.1964327437552042,0.5925925925925926,1,5
-0.86673330412009209,-0.37028081632705173,-0.33416387684673843,0.43400928174293779,-0.89004889884270022,-0.13945931675538223,-0.24578308096785115,-0.26590425857641115,0.93214033405967478,0.55354630407225192,-4.4693061887260672,-1.6150271669222003,0.475757438152914,0.5232358036871555,0.8696808510638298,1,5
-0.96044698687866614,-0.0016062841806915322,-0.27845826482046088,0.013976901682997724,-0.99900099964797151,-0.042445835151366434,-0.27811190484234016,-0.044658958266892222,0.95950995087673852,-2.1307381614976957,-8.2335254432172942,-1.8007626984467187,,0.1458341066180604,0.2575757575757576,0,5
0.7930154835947395,0.55437006670366651,-0.25258715708042578,-0.54404184951150547,0.831022744205137,0.11584327599762484,0.27412571706992434,0.045552472564432581,0.96061441977734485,-14.560340287613842,-8.4939625080811982,-4.9691614239617268,,0.2392617520331876,0.8064516129032258,1,4
-0.95512287710796639,0.10964042096111129,-0.27517134246950631,-0.1203389129954342,-0.99248352746873347,0.02224845437995511,-0.27066369472849017,0.054363827998862801,0.96113773131702251,-15.303717119112539,-4.9139217331301559,-5.5641555888085179,,0.0923712059518956,0.1842105263157895,0,2
0.75073071877767006,-0.58308488668943936,-0.31050829747033787,0.64334853940637893,0.7520604322239145,0.14320531808162382,0.15002014773770525,-0.30727369102730545,0.93972167904928894,-3.1410864613511058,-3.3240344056829687,-2.6526358274146542,,0.1973443546338079,0.5828571428571429,1,5
-0.52099866968875852,-0.76373544843901031,-0.38114111688482077,0.81252584378944259,-0.58054482933813834,0.052625605013215275,-0.26146154469978777,-0.28226913739623821,0.92301787345467257,17.910252687581142,-14.182852210633824,3.1359807590872597,,0.3219794549038087,0.3548387096774194,0,5
-0.9166511522884383,-0.27381485991772975,-0.29116333473930339,0.27505308197963502,-0.96069653974904279,0.037522801171017126,-0.28999390873220399,-0.045690053649010694,0.95593721127266973,-4.2408477220701979,-9.3266348434623509,-2.1147977862382143,0.1259653400300891,0.1031345318035989,0.3846153846153846,1,5
-0.62638388340865747,0.74098386473811928,-0.24204574527070211,-0.77199211594988104,-0.63270996453427297,0.06087917287762664,-0.10803427010497374,0.22499113977398999,0.96835302628023345,2.4723112657999624,-11.391230506871388,-0.27587837163303042,,0.08045757863760439,0.3333333333333333,0,5
0.083814406126885233,0.9759622439460186,-0.20117863633460173,-0.98892270852659836,0.10628523188013721,0.10361141850492286,0.12250315051464748,0.19026599243174749,0.97405945929288573,-8.5730685349086748,-14.385962133158671,-2.7245992545023188,,0.09894249459587359,0.1,0,4
0.51206938614018338,0.8274606945123093,-0.23042079510153202,-0.83075829467436013,0.54527007553356788,0.11189817048265716,0.21823290221175351,0.13412435932679503,0.96663594834219368,6.6557336285002329,-17.479522586724059,1.5193974211097034,0.1824928516189512,0.1625691644891493,0.4736842105263158,1,5
0.47181252756827691,-0.7803114321016108,-0.4104960508472239,0.88069256193465251,0.43931945164208269,0.17714127345674516,0.042113539184106957,-0.44509829065098944,0.89449089513362645,-2.3327639201831714,11.894527467558943,-4.2301283410941437,,0.1089080111906126,0.1940298507462687,0,4
0.3639553563489476,0.92701789586785088,-0.090411942384017133,-0.9109014290552423,0.37451891808386945,0.17318824019662282,0.19440958085965265,0.019323579845052348,0.98073009239644759,18.715031032233089,4.2544110426805597,1.1465714908606399,,0.4793542012990107,0.2916666666666667,0,5
0.31338958349654922,0.92411488533821529,-0.21862901832144152,-0.93113372273699191,0.34424423624701483,0.12035736866789885,0.1864858153796439,0.1658541060904043,0.96835709124018043,-7.5283633639358802,10.921625470811055,-5.3885390364460353,,0.08273626668181813,0.3333333333333333,0,4
-0.24329412683646087,0.94507183235501224,-0.21828238485050425,-0.96971811810361475,-0.2320483239470183,0.076160007713781369,0.021324616490517687,0.23020166602898257,0.97290927310259168,-10.273485796497495,-9.3018621369262426,-3.7211852533886729,,0.09412876953229839,0.2916666666666667,0,4
0.95847259965167753,0.059625536371739118,-0.27888182287366442,-0.016684429507069842,0.98794809427162089,0.15388369906230046,0.28469616353048938,-0.14284032496972077,0.94791599629585666,2.440814340789152,12.894131332940407,-3.2045489745568245,0.2129443878289717,0.1551642325260147,0.3448275862068966,1,5
0.88643937103832704,-0.3455346487547008,-0.3079465018199446,0.40955121111635928,0.89552417814073582,0.17408116451380765,0.2156224639185326,-0.28043226076064354,0.93534202310084225,-1.5087230932166362,-20.181445307526388,-0.10981942020448818,,0.1475468639812393,0.45,0,1
-0.0025731110047862078,0.98174569644831255,-0.1901808786523391,-0.99759235733533125,0.010660065092353998,0.068526283996466278,0.069302724952880632,0.18989931679035982,0.97935457409288773,-7.4856341650269771,-4.7006259694536636,-3.5092863584847982,0.2107814970076078,0.2164472793003231,0.4742268041237113,1,5
0.87421556237027509,-0.33670781925043536,-0.34982137579805161,0.42599485866852344,0.87760160333554038,0.21987224975170336,0.2329710945538313,-0.34123785000862211,0.91064877907121,1.2849126108744451,16.346067970987757,-3.894652388672339,,0.1547044205289248,0.5454545454545454,0,3
-0.620859833873593,0.75568222153921827,-0.20851246181464883,-0.77636046894285504,-0.62957557398922448,0.029983643857401425,-0.108616246230862,0.18049647277908129,0.97755999016378858,0.93689792380167747,-10.319570890164082,-0.77549944496623113,,0.1405946226347944,0.3928571428571428,0,5
-0.95411167508936245,0.12937228662402311,-0.27006244261622819,-0.14299014079338696,-0.9892294408523653,0.031287904800503454,-0.2631059313167593,0.06846842195194526,0.96233432033849486,0.38805041085212244,13.90063068489987,-3.8686918358840319,,0.0920391074771485,0.3181818181818182,0,5
-0.62595935951337545,0.76410862525015733,-0.15592590886674002,-0.77238354846414825,-0.63505492831919619,-0.011353064759395593,-0.1076964915841509,0.11332804964268491,0.98770350756927561,-10.494288691541563,-4.3104059886968056,-4.3554104423420652,,0.09662190508980575,0.3090909090909091,0,4
-0.86521313283339174,-0.36101429553340003,-0.347958206101179,0.41043671684608457,-0.90855351591814226,-0.077924387565057915,-0.28800683366412466,-0.21023602720110829,0.93426595604755969,-16.239091671853114,-15.551204929116878,-4.5796394917571419,,0.1170189251746492,0.2608695652173913,0,1
0.96049493003592923,0.061986633219289766,-0.27130637050650763,-0.027698022404173364,0.99133095275419514,0.12843582703575904,0.27691570726518033,-0.11584731077413381,0.95388526126375828,-9.3948480238505478,-19.126235968933123,-2.402776817890814,,0.09246469300052514,0.3,0,3
0.94328896047679933,0.20083505016119355,-0.26433164712033641,-0.16664398698005531,0.97511853640756374,0.14619720092314323,0.28711621104700863,-0.0938569261222717,0.95328650403374982,-20.092190724320044,-9.8912934900403222,-6.2766087589739632,,0.1019244982429713,0.4285714285714285,0,1
0.96168559225435557,0.055195606578363858,-0.26854099624607564,-0.0078323491949583105,0.98465506469989061,0.17433604867307664,0.27404283598823853,-0.16555315936369078,0.94736090032691511,-9.1551727405022305,0.61733314543942885,-4.6250815894133703,,0.06985580455674631,0.3120805369127517,0,2
-0.95479588779708613,0.15153022600742397,-0.25574089084836155,-0.14260294184759451,-0.98834866715670455,-0.053210084626670456,-0.26082410475679985,-0.014335366605178951,0.96527989911844214,-16.128246072076099,-7.534105250078281,-5.5083695807156037,,0.1171852499922698,0.2857142857142857,0,1
0.58739473388726793,0.76938119145695916,-0.25103786334689848,-0.77299918113976063,0.62523271807849456,0.10750029861092282,0.2396657934682497,0.13090695350686277,0.96198943703389339,-5.1028602035176744,-13.671454283394736,-1.8847551735733943,,0.08329559707190519,0.3846153846153846,0,5
-0.28930881149016413,0.93563280890379563,-0.2022168600709198,-0.9572333842154559,-0.28325532490274447,0.058912384586483922,-0.0021586425303285438,0.21061260127787695,0.97756722144586683,4.4661031966885885,-7.3244747969405921,-0.27330970692806444,0.4561892697102657,0.2962218513141044,0.6422764227642277,1,3
0.94352526086825472,0.23800169430724483,-0.23046751530394488,-0.16131437784551556,0.93764814957961917,0.30788572407669651,0.28937476324622297,-0.25332023428221878,0.92308781017809782,-11.426287921077462,-19.949181397420077,-2.8030845001442213,,0.5726686468632339,0.1481481481481481,0,3
0.94014833118507324,-0.18799716866738025,-0.28421502413308436,0.23736149376807725,0.95971613989409876,0.15034777052872186,0.24450079068605915,-0.2088109082395333,0.94689881611187632,-18.124261441130056,-10.832368108221573,-5.6287284941361087,,0.09692659929832641,0.2592592592592592,0,3
-0.78782965010877248,0.59212377735294486,-0.16945168840341879,-0.5910867311750343,-0.80421552354454473,-0.062079528983284657,-0.1730344435027367,0.051252550992648645,0.98358134253270812,-0.73748422379201906,-17.071724314847287,-0.38691160625909032,,0.3202171582824437,0.4705882352941176,0,5
0.17354150788773051,-0.86137491091286489,-0.47740612468830573,0.98453923328503434,0.14003424381141827,0.10522788928169541,-0.023787458093902706,-0.48828646654399277,0.87235914818806892,-9.9315847074648342,9.8540595475682728,-5.8932672256031031,,0.225132671650092,0.1833333333333333,0,3
0.53104124320155688,-0.78697393607741628,-0.31411339028090668,0.84434458747569885,0.52263197596133515,0.1180594566447095,0.071255986551576084,-0.32791438156563191,0.94201631766280625,14.369980441933505,-9.4770242646004164,1.906561707039095,0.1444978700779927,0.1073559958557975,0.3636363636363636,1,5
-0.81552120182147114,0.52193527507635729,-0.25001747541047992,-0.54703504507644618,-0.83621608669167569,0.038669313625530721,-0.18888575604812852,0.16830396605257536,0.96746883472962597,-11.845063415491188,-0.058304351955639697,-5.2438936951673716,,0.1686434012623545,0.7755681818181818,1,2
-0.65450463709472317,-0.69729257931446587,-0.29224431363926467,0.71131424935377541,-0.69890966883559291,0.074547390795372273,-0.2562337188735721,-0.1590859316253391,0.95343376679825986,-15.994281518109426,-9.4723411576688026,-5.2898400131042305,,0.1044977860744571,0.4814814814814815,0,1
-0.1501570899131926,-0.90879912678750008,-0.38927753017491001,0.97792866357068242,-0.19439072829380213,0.076601395028180017,-0.14528722351142773,-0.36918341228132345,0.91792986158020728,-7.155256378747163,-9.9824079845748326,-2.8321040489170648,,0.2093868401592568,0.1,0,5
0.90612576859148752,-0.26579952206647839,-0.3290694540119441,0.35686941336228811,0.89801425889745345,0.25732200182517473,0.22711299676800448,-0.35060091968802737,0.90856958006141042,4.2489049950199309,9.6260465289125126,-2.4030835733498628,,0.2279983340655203,0.1538461538461539,0,2
0.75245816534937215,0.62239981434603575,-0.21546503312852786,-0.5886854029295483,0.78225045121210202,0.20379825307430599,0.29539161426271582,-0.026508539765203596,0.95500842485434889,-14.534849063153741,-13.474992661048086,-4.3454472740136154,,0.4277920988950405,0.75,0,3
0.9126695038240229,-0.25877779074985169,-0.31633594769522821,0.33777547031533744,0.91335424205971316,0.22735821991909558,0.2300915218839337,-0.31435343727427761,0.92099935289390034,-8.6123903578281578,11.067757014886748,-5.6968014938157969,,0.07609557268327645,0.1333333333333333,0,5
-0.27294813458270728,0.94388195342291337,-0.18597358368963368,-0.96193209484354458,-0.26503237212585851,0.066666983096957469,0.013636742196358066,0.19709058761870196,0.9802904363169036,-1.9143231217660213,-13.808662687380755,-1.0277459134277658,0.07554002158866932,0.1250784350533268,0.275,1,5
-0.13066379607920064,0.96841513583580519,-0.21236547995917962,-0.98957593762164708,-0.11431043145655941,0.087593315615141512,0.060551102999132717,0.2215970440785141,0.97325655095727692,-1.7425010995407653,-12.831609607096809,-1.1064201502408688,,0.08324033435708907,0.3333333333333333,0,5
0.73261154116280591,-0.55373748217697416,-0.39579682993597148,0.6476311976969652,0.74601220837447135,0.15504714355911059,0.20941385227499532,-0.36991970181182604,0.90515482249546531,8.2705837581139061,3.9986230759751225,-0.82772120844845742,,0.4114159881088301,0.2959183673469388,0,2
-0.42718288527983006,-0.82358760828329003,-0.37311959745664391,0.8808159840758728,-0.47224096651338288,0.033936289469473989,-0.20415186680618355,-0.31415270336050621,0.92716238828526421,-0.010661965976971768,-9.0755509177697675,-1.2204292075125136,,0.07401253036292194,0.1578947368421053,0,4
0.38520299990991386,0.91476202278433039,-0.12177475326160193,-0.90164593674480298,0.40118142845796401,0.16151800584459627,0.19660430720609967,0.047580491085618758,0.97932775068210032,-10.262816728358885,-13.527368815196434,-3.1804700736591598,,0.1045467798923162,0.5,0,5
-0.6573982431843457,0.72820575363542539,-0.19376256147769449,-0.74210813397890374,-0.67027902948225859,-0.0012410151773970296,-0.13077869604979495,0.14297693173579859,0.98104766940803223,-0.50800196066158487,-10.794185895039538,-1.1442074064687031,,0.2295381380752018,0.2790697674418605,0,5
-0.77939797085738804,-0.51067107787555255,-0.3629791361012471,0.56050621930998745,-0.82719511528147505,-0.039762034270039846,-0.27994924743283534,-0.23444251209174635,0.93094850952450714,13.60286773291749,1.3023321012059617,0.5415475008289875,,0.2400061803523541,0.55,0,3
-0.12347030032233688,0.97576486859794354,-0.1806599184887144,-0.99028027943078967,-0.10940691422127943,0.085878374990761799,0.064031657082947571,0.18950738331425146,0.97978921129016161,4.6450351387263868,-14.913039415648935,0.71889826650627908,,0.100164725147916,0.2727272727272727,0,4
-0.90632556518438157,-0.29276266371496595,-0.30473593917969122,0.30732694382590192,-0.95160397015409504,0.00018326372925085184,-0.29004158234956895,-0.09348746825901938,0.95243686078746292,12.401077660964054,8.1097633308312709,-0.44117235233252727,0.7646743045549305,0.4612681231162155,0.5833333333333334,1,7
-0.67291735394959862,-0.57619584142417135,-0.46387561595643395,0.69261737241814847,-0.71098031100937698,-0.12160663132242536,-0.25973719444478799,-0.40311952282480651,0.87751423928016714,-9.3245296385574719,-8.1088701822838622,-3.6439763925791762,,0.3684967323683582,0.4363636363636363,0,1
0.10943055709296333,0.99138550279602655,-0.071970396832262196,-0.98599735831204749,0.11743131004380421,0.11840226696756941,0.12583386895421814,0.058005795117949323,0.99035406050399366,-14.415688477796621,-9.3760823711525116,-4.8107148659533365,,0.172876125016049,0.3947368421052632,0,1
-0.40419538579132308,-0.8255534691360924,-0.39381157893384444,0.88257809895347394,-0.46506439893363627,0.069072455379613651,-0.24017075041036248,-0.31965070693158137,0.91659229551936849,1.8648325854052343,10.772432105568917,-3.0889532423046773,,0.2437660836987914,0.2857142857142857,0,5
0.88632009960909841,-0.34331812614605739,-0.3107560864866189,0.41109420287637705,0.8922600729511061,0.18674452757369903,0.21316246712391757,-0.29326545394377385,0.9319641281362705,0.77191881397741979,-7.8061008284650848,-1.1042293955626818,,0.4760468959020147,0.1458333333333333,0,2
-0.58511509158463682,0.77262392811807601,-0.24635867206026102,-0.80546336101252025,-0.58896940507258966,0.06590761681970779,-0.094175918717661539,0.23699642526382761,0.96693515333027957,-9.9967990904965287,8.2846107135562335,-5.6866558554055446,,0.2041553459022493,0.7153996101364523,1,4
-0.87609305615939592,-0.33983986181980658,-0.34200851636704177,0.38236965333591394,-0.92182471170487845,-0.063503142426115364,-0.29369100285344685,-0.18640833996501671,0.9375486790745452,16.060378115301482,0.48379791444495679,1.054559839238097,,0.1375314616665257,0.45,0,5
0.84384053200957487,0.48083710871598084,-0.23817815059206074,-0.45440250737880145,0.87641557986306717,0.15941798098440016,0.285397123015732,-0.026294605053890426,0.95804857701444557,-0.96606208917639225,13.736966405369493,-4.1215710846606139,,0.06557844042406732,0.1333333333333333,0,2
-0.92487577290350698,0.28251894252644044,-0.25453457880980279,-0.2979169192734536,-0.95430783978879419,0.023282098880064522,-0.23632671010014142,0.097363206764098043,0.96678337390640789,-11.263816386859302,-8.3432302168155577,-4.1398604405984676,,0.1397692779304791,0.1234567901234568,0,5
-0.9585549132575929,0.092373088218627691,-0.26951751490892317,-0.10326792945119535,-0.99430058413169287,0.026496851553285222,-0.26553382650161717,0.053231202957734841,0.9626308877316796,-11.890548696516179,-5.9360027831696378,-4.56904669491096,,0.08819950270586635,0.3287671232876712,0,4
-0.93564776077080891,0.26979122742876821,-0.22754331756184118,-0.26678506050068357,-0.96272947630669714,-0.044471192292075842,-0.23106059650709981,0.01909578625537323,0.97275194766655282,3.4449494765208422,13.137844817774456,-2.959699029302219,,0.1045015741251093,0.2962962962962963,0,5
0.60978721868341446,0.79131041691952664,-0.044579950706473748,-0.75297372213413416,0.59596439887653108,0.27902868857378071,0.24736637141255607,-0.13658059652227678,0.95924742321666212,2.2143318952424846,-4.039036146038689,-1.1784904037995163,,0.6336825954458934,0.2375,0,1
-0.64287649219153653,-0.71117342462528743,-0.28450338467977271,0.72230079654313983,-0.68647756667063076,0.083845749869127281,-0.25493406029923121,-0.15159455981238551,0.95500142111655439,3.2914445866790309,3.6103491186182581,-1.9541869509530092,0.4228823216733498,0.3619953204249865,0.9426605504587156,1,5
0.95012577171506796,-0.14597740236979995,-0.2755932073187094,0.19280447592809419,0.96952340675681448,0.15116480348531772,0.24512741989614403,-0.1967611794740704,0.94931427160189363,-16.436631696066705,-12.175004722001582,-5.0353382386014127,,0.2279463040043473,0.7191011235955056,1,4
-0.055257069627758525,0.98995021903877567,-0.13017380720112096,-0.99362949088819563,-0.041694959123942256,0.1046994041096667,0.09821960646133511,0.13512991603910041,0.98594767340759437,1.6633633645121266,-17.023247219779101,0.19835044860954634,,0.210269610225614,0.1388888888888889,1,5
-0.93456646930090925,0.25330565798593041,-0.24984346717644962,-0.253354449599964,-0.96682659734094079,-0.032524660521512282,-0.24979398977224024,0.03290249696383564,0.96773983506271632,-4.9069078367677399,-16.134107403020931,-1.5439703247321361,0.7596730432714234,0.2938629393217881,0.6888888888888889,1,5
-0.9611708676388141,0.043620996112048151,-0.27248444341033862,-0.040241656664531472,-0.99902817720889736,-0.017980829000966109,-0.27300397848995406,-0.0063174235935789958,0.96199216103240504,-3.8841824381862469,14.088504456153851,-4.8896642108823176,,0.1212711662458158,0.2580645161290323,0,5
-0.22897143478457918,0.96598033244535275,-0.12022511959427537,-0.97305147511962764,-0.22367108773025635,0.056054181655618499,0.027256353758494837,0.12982003636700562,0.99116287729992303,-11.5715601050068,-10.308963598929612,-3.9690943467030433,,0.4640547086547477,0.4848484848484849,1,4
-0.69293232217936063,0.69196265556769254,-0.20256475551987072,-0.70896872092896235,-0.70503940496688877,0.016816366679091775,-0.13117983695472862,0.15526467963977339,0.97912447096009658,-10.277312727624951,-10.733211473500059,-3.5859076395242027,,0.1125567424111401,0.3783783783783784,0,5
0.40649587175080204,-0.86101754573401479,-0.30563031948373426,0.91330557760300757,0.39215143898427834,0.10995531284024801,0.025179915980644917,-0.32383025621571238,0.94578006798117431,13.802460703469613,4.6203240783006008,0.2061986058668612,,0.07099237687185725,0.2727272727272727,0,4
-0.4860231198210278,0.86966162959499915,-0.086430185754770933,-0.87320006720027099,-0.4873127740815682,0.0069211890862752321,-0.036099441005037321,0.078834701921780478,0.99623386819161464,19.244198647273755,-11.416986098701731,3.0825805286260648,,0.214748894769183,0.1481481481481481,0,6
