axis_00,axis_01,axis_02,axis_10,axis_11,axis_12,axis_20,axis_21,axis_22,location_x,location_y,location_z,dbh,dbh_approximation,score,reconstructed,number_clusters
-0.94674422672710112,-0.20143166090263107,-0.25119843778358159,0.20336667397002883,-0.97892758336606245,0.018514384771032195,-0.24963446291983102,-0.033557003905135288,0.96775852484575897,-5.4201765367346626,7.5974644439010834,-2.5744497935362674,,0.07674192731944575,0.42,0,4
-0.96132564410253174,-0.11075761981255684,-0.25216216140474007,0.10839550623220463,-0.99383512370222282,0.023284353640425505,-0.25318653246078704,-0.004949398877180532,0.96740481869341477,-4.9310349493802885,-15.645642413250991,-0.33654817170671458,,0.09887502101292747,0.3181818181818182,0,5
-0.38920153534018637,0.9156952676225848,-0.1001216347371736,-0.92085614558928508,-0.38952865501145195,0.01707003384338901,-0.023369296508170424,0.098841306034327989,0.99482876526673736,1.7708608817202194,-2.5859750603051066,-0.2278078546522449,,0.3187815832879023,0.1801801801801802,0,5
0.63361051855547668,-0.63216794379375807,-0.44598363379773515,0.76567434088948327,0.59497054435598606,0.2444439711921676,0.11081748273316602,-0.49636049620040684,0.86101436883037619,-1.3408079777327386,-6.161660069144002,-0.50079090180937669,0.6854904453708048,0.4022382004986587,0.2702702702702703,1,3
0.96357177633881286,-0.04243765079388441,-0.2640615035145451,0.11683313994487175,0.9549330158789886,0.27286068349046211,0.24058148152733586,-0.29377198807809501,0.92510462638922997,18.108576487300631,-5.1222444448440179,3.9944992040331542,,0.3495052649185746,0.5211267605633803,0,5
0.90118803712535656,-0.29895621899546682,-0.31382367798826366,0.37937469097697379,0.89422419962102062,0.23756667413227503,0.209606692613267,-0.33314900560571908,0.91928057440351052,-5.8811524100267256,-14.850260763694354,-0.62271481214756252,,0.2733181848673314,0.25,0,3
-0.80344543457161932,0.55534617084400606,-0.21463006358598236,-0.5728895143092495,-0.81925866701597272,0.02475562388074001,-0.16208959886598193,0.14284910587088945,0.97638163383553755,-5.7100369658766841,15.394679010992474,-2.9789088020134891,0.1973017131194477,0.147312548457305,0.6585365853658537,1,5
-0.91039200408782028,-0.26229272919807345,-0.3199826918800272,0.29614326084429454,-0.95317849417713196,-0.06123664993060389,-0.28893869237170444,-0.15051007424103321,0.94544230368779714,-30.071808368063138,14.511458161403711,-8.516657637748354,,0.2275755998043364,0.2,0,3
0.77662034265882096,0.58820016014680776,-0.22556909134844919,-0.57569675930808828,0.80805093541630035,0.12500770814236575,0.25580086921404432,0.03277586575685431,0.96617372036980398,-18.692109679539076,-3.1772847715605179,-4.5047712483525535,,0.4007516868838301,0.8255813953488372,0,2
0.96769502137617125,0.059533658626453927,-0.24499405930414297,-0.037085125063588006,0.99476270533034883,0.095246278577512888,0.24938131265752686,-0.083083714254936838,0.96483473057452407,-8.8960890525665341,17.380132180690222,-3.798124340430729,,0.1426713007310293,0.5135135135135135,0,2
-0.96811058914687231,0.039782777882142011,-0.24734433036897627,-0.020005119323664337,-0.99643435023236215,-0.081965729898886203,-0.2497232115413846,-0.074403738219200807,0.96545450506819153,-11.03652096386595,12.736462489752922,-4.1563216292820382,0.3788202831243797,0.3018261203919805,0.558974358974359,1,5
0.67935056090094559,0.71498232537107997,-0.16517593593055524,-0.70043605356505712,0.69892362274442765,0.14455139029429923,0.21879705269902563,0.017494112631669143,0.97561355349003431,4.2747339486934965,15.676455973520705,-0.699235179522397,0.5758707494024551,0.6275090672556299,0.7681159420289855,1,4
0.3617214305669243,-0.86222275586990382,-0.35458359512071058,0.93144612013455574,0.35037856539840329,0.098198707708613872,0.039569330988818575,-0.36579609097073085,0.92985347656264228,-15.307691524575008,1.8576413915194627,-4.2567855083504371,,0.1737636539348415,0.2959183673469388,0,3
-0.34911055213612141,0.91155957712921165,-0.21721178543354158,-0.93668842013899922,-0.34617339877140885,0.052714149528931407,-0.027140854163416335,0.22186282998074655,0.97470008654365892,-19.342132395968164,-6.6365786798635389,-4.3084990069098437,,0.07816690808017127,0.2142857142857143,0,1
0.7010699786293193,-0.64360650322213875,-0.30703673082362326,0.70119272845493996,0.70052781832792888,0.13262553792776971,0.12972911248676536,-0.30827170606282472,0.94241122267007882,-7.3820119001276172,-7.4610755200625887,-1.7476174805225335,,0.07767983520715888,0.2156862745098039,0,5
0.7820079187170047,0.60719368979540334,-0.14063939041585219,-0.57238246715278496,0.78894095451778679,0.22349604376958224,0.24666156238860967,-0.094276154764646389,0.96450509603775714,-0.42835623400803247,21.406561893822659,-2.0225148990065089,,0.3100973405553289,0.4545454545454545,0,2
0.10064030689863798,-0.90518383867308194,-0.41293310212722184,0.99483395417755072,0.086005804327195609,0.05392963227660149,-0.013301587980586168,-0.41622736554327472,0.90916326802731018,11.566269099653923,-0.36857588257705409,1.8543726410870096,,0.7100895456582768,0.25,0,3
-0.77342589522520944,-0.52666788502282624,-0.35275107863855992,0.58779209701873747,-0.80420462456997033,-0.088064592786144077,-0.23730325593510013,-0.27545573275184754,0.9315639022722727,-7.1632537259748741,-9.5875793151870905,-1.447132646312689,,0.07239076311141669,0.2857142857142857,0,3
-0.6605512108183923,-0.66123532814751851,-0.35558394043600916,0.71878967184517994,-0.69375909232714594,-0.045163364158493084,-0.21682597984340871,-0.28542277873893979,0.93355253298455998,-20.877013189567965,-11.516609665765685,-4.2469938069307078,,0.7041736098100985,0.1379310344827586,0,1
0.29750003910346229,-0.89566802640076015,-0.33056393211723228,0.95440750385618767,0.2701227767266387,0.1270433078776371,-0.024495781605004433,-0.35328808637832415,0.93519382199985812,0.8685793234676541,-11.313600108327,0.64021686287215918,0.3530877381395932,0.1566739394342953,0.34375,1,2
-0.90031501414939563,0.38277863572948639,-0.20715547621592956,-0.38932735203509305,-0.92104682642429225,-0.0098466487234729859,-0.19456898070997333,0.071786207329918833,0.97825847922860831,0.59843874532971997,1.0946304656405679,-0.76370986900414262,0.453488914202453,0.4502699591922008,0.8160583941605839,1,4
0.94515434709913082,0.24181153000588776,-0.21956876853466478,-0.207552051636127,0.96370647950992905,0.16790463725643498,0.25220112216493423,-0.11312384941643457,0.961039847598401,-16.332996469354402,-13.785257524409149,-3.0448988309899581,0.3410129740753817,0.1902590308785833,0.4782608695652174,1,5
-0.92131572863211064,-0.27612833842373019,-0.27373430346676064,0.31080597614938987,-0.94603138947984655,-0.09178374207154362,-0.23361715126443003,-0.16964006259778591,0.95741593667376956,-15.031513374076305,-13.216682093530899,-2.8188401387730413,,0.2263611890045883,0.24,0,4
-0.63961391198536521,-0.72401562822815257,-0.25825455209186665,0.7386582121334011,-0.67189483578250986,0.0542344475096906,-0.21278648745318585,-0.15607273858745241,0.96455337386126427,-19.793086276866454,16.114120047778378,-6.3047547154952959,,0.09628523656062715,0.3478260869565217,0,1
-0.74899542175711864,0.65970728717347826,-0.061580463111980996,-0.64564314506065956,-0.74757279669022014,-0.15581990529115022,-0.14883140603735565,-0.076949391803787931,0.98586408986126028,4.1534863715856352,8.2588765831295703,-0.38321225075519871,,0.6751897633968748,0.3392857142857143,0,1
-0.31597028273690392,-0.87924897082105746,-0.35648846788819527,0.93829488306815634,-0.34526253900687942,0.01991209598806621,-0.14058980345414804,-0.32819967469306677,0.93408751233280596,-12.693104125990107,-1.3801439648097344,-3.4138296946743862,,0.09066958306677282,0.2875,0,3
0.96388127869270812,-0.094336663906329374,-0.24906520115972661,0.11834519798673075,0.98947930135385354,0.083217343779838471,0.23859441464374723,-0.10968731027477412,0.96490486539632181,-9.3996332067364534,-1.6806981725605441,-2.7068341863887286,0.1448117581278671,0.1200800876471586,0.6761133603238867,1,4
0.91632528216468356,0.36609585026567804,-0.16223996327681869,-0.30528362860702324,0.90087226715893365,0.30859530840317723,0.25913294535883019,-0.23324447835302156,0.9372551039858279,3.5886641064890252,-5.5425586957972621,0.59749952653793914,0.5352180745660506,0.6562039683266656,0.3870967741935484,1,2
-0.93647749016551884,-0.16234138159353656,-0.31089417208367287,0.24010280349048505,-0.94289073062402762,-0.23088463322468331,-0.25565710271631459,-0.29086482414618103,0.92197456575824877,-0.17690868965912551,23.025542945332557,-2.0024378777852627,,0.146576019248187,0.2857142857142857,0,1
-0.927964236153628,0.33568484545087185,-0.16185815071981388,-0.30267016204958902,-0.93226121926664751,-0.19819130166669591,-0.21742389340799048,-0.13492480715601582,0.96670685680263124,-13.213817628772151,9.3473229371095723,-4.4447035807226563,,0.5006155326080484,0.4170616113744076,0,1
0.053540113934505022,-0.9335341455095969,-0.35446784814359011,0.99740476644311682,0.032882988780722225,0.064050299963376994,-0.048137179772312085,-0.35697718164683018,0.93287196533450112,-1.6111486500238075,21.908563758915189,-2.288632862992094,,0.2770143176043473,0.7761194029850746,0,3
0.32460531822750982,0.94502386828617591,-0.039512982016682172,-0.93486699915849869,0.32690373903667652,0.13841112414912501,0.14371875751898661,-0.0079896040749146326,0.98958632011761649,1.959856590575028,-5.763609288107423,0.17430148252244604,,0.108094203186892,0.1875,0,5
-0.73695992189340298,0.64339122236525548,-0.20721440226541016,-0.66212224682337895,-0.74880108165581538,0.029850801876013244,-0.13595662464341121,0.15920011022113911,0.97784002838968875,-9.0230639473475129,-5.9028041566534437,-2.3012181794972268,0.5548817912329549,0.4789848161847605,0.7892376681614349,1,5
0.29990347532992223,0.9315902641779179,-0.20542026475971659,-0.94378337257212164,0.32112423548833818,0.07843577652081031,0.13903543124479781,0.17034906830079133,0.97552567561680603,3.505443946427556,5.9591226468472929,-0.46274210517224523,,0.08752230738041017,0.5675675675675675,0,4
-0.96558419769717241,0.1611970750470913,-0.20411433108376176,-0.15946065551369409,-0.98688672611760486,-0.025037754612169068,-0.20547373676616698,0.0083721448350258902,0.97862681891015557,-12.48538566993529,-11.042997786036798,-2.4720805869550349,,0.2826522823411769,0.2173913043478261,0,2
-0.84835332503703087,-0.40983016985474147,-0.33516543344361804,0.45496289820704816,-0.88808699613484132,-0.06565248320694142,-0.2707496946510885,-0.20818433940387662,0.93986907794294117,24.448890402188976,-10.608212548606911,6.1545857523562661,,0.1863730913031195,0.1666666666666667,0,5
0.3310652011810582,-0.88922266181052323,-0.31571963874544273,0.94318109360795543,0.32190505156437177,0.082380595032083032,0.028377054594272928,-0.32505414241314728,0.9452695632847844,-16.867468210673657,0.35467442584910591,-4.4427189286605016,0.5609904556575469,0.572945469540038,0.8640776699029126,1,2
0.85303004298720531,0.46482324521270291,-0.23723215732943745,-0.45906731821231478,0.88456410988111878,0.082483530838454514,0.24818731456422383,0.038544600402083434,0.96794492129937004,-10.904464025703708,16.537684080050671,-4.2825320864059995,0.5283685816182867,0.481514835904051,0.953125,1,5
-0.50822443923001381,0.83133876593449896,-0.22490837161795979,-0.85781301700522117,-0.51186669277111552,0.046360723548717418,-0.07658163765380091,0.21649098153517821,0.97327637785379195,-2.8309205004849995,-10.165391004212758,-0.34620790976159904,,0.07770023115545505,0.3461538461538461,0,5
-0.90920968524375567,-0.27046498878573211,-0.316522413266557,0.30328224856106906,-0.95110533542703091,-0.058468099250592098,-0.2852325822319276,-0.14915539133188882,0.94678141261324866,4.7292203886346984,9.4317700510194449,-0.33305124948854942,,0.1668255036957394,0.2222222222222222,0,2
0.65829585020458636,-0.68733234357642536,-0.30695410581577276,0.74315285970093192,0.65834603770566302,0.11960067623379926,0.11987660623219623,-0.30684645038030622,0.94417946131403352,-14.180230516179398,-11.02040817808169,-2.7885152322585758,,0.08930450410853212,0.34375,0,3
-0.76943081074556186,0.61064793673372064,-0.18731077074817701,-0.6198676670494776,-0.78461994918097999,-0.011645200465141076,-0.15407888506237394,0.10714771444172397,0.98223167555717206,-9.8724493837083038,-4.9241077840095784,-2.558878725274937,,0.1909000612879182,0.2727272727272727,0,4
-0.48461116368020135,0.85627769246857277,-0.17871914675607226,-0.87459696123831698,-0.47787557971246652,0.08194562652867371,-0.015237303869911258,0.19601898809852933,0.98048170858798067,-13.923322068774887,23.414121436552062,-5.2938930535804536,0.4030806484133087,0.5062459331881529,0.8309859154929577,1,3
0.28342899359217733,-0.85929816238806578,-0.42576363596227834,0.95899211255433869,0.25464021161178391,0.12446883420709369,0.0014607018492966591,-0.44358204511318972,0.89623257896781927,3.6528065571208561,-3.6651035095105793,0.30124921090046303,0.4162771364136244,0.3825545202331077,0.2564102564102564,1,4
-0.74234108985359393,0.66713523881254477,-0.062131147176818433,-0.65379047214648656,-0.74152377211503884,-0.15066689722284091,-0.14658691908029423,-0.071225476641528118,0.98663022791303867,1.7750165443410291,17.365079647065482,-1.3020370036015985,,0.6791063835357449,0.2253521126760563,0,1
0.9493715408883262,-0.14562875738506725,-0.27836296875447997,0.21580579047548809,0.94623146225915555,0.24098522906632816,0.22830141950626606,-0.28885685876119016,0.92975275046543571,-3.8712011994285023,-10.068944223211615,-0.64830442006545763,,0.08698305212908974,0.4,0,5
0.9260184991212681,0.31386966378780434,-0.20970353702053909,-0.28322875642776868,0.94498051962265639,0.16368655737742865,0.24954200211101468,-0.092182708180142015,0.96396635703483002,-3.8846846695896917,-0.48445536736562883,-1.6000557199290815,0.3658949987078403,0.3904722576945501,0.628032345013477,1,4
0.60544282500591218,0.79399666441507089,-0.054847812596322959,-0.7687567063369517,0.60125316956727326,0.21796273201460195,0.20603910335376105,-0.089799348455591538,0.97441467810482496,-18.090757715779617,-7.5580089512180635,-3.9499171681314733,,0.3249122035111652,0.25,0,1
0.95966549812716417,-0.12084430474106746,-0.25384795787240272,0.15366140641917453,0.9815674349543495,0.11363777019292143,0.23543641154592543,-0.148060881561559,0.9605455072351291,-11.965755784979514,11.868746068032657,-4.3185403985909039,,0.0647778848427672,0.2857142857142857,0,1
0.88218550814562691,-0.35398806028941759,-0.31054980661783826,0.41937819957778832,0.89054194513432527,0.17622987736267662,0.21417435639388252,-0.28570526269025392,0.93407807378952989,-0.40771115008930969,-10.209762484494336,0.2248053005968739,0.4016221830107525,0.1715516828469864,0.4615384615384616,1,5
0.58386332145060427,0.79291592436414371,-0.17432142368172923,-0.78867688951648551,0.60490453013508061,0.10990574764160281,0.1925938363688485,0.073313343340853515,0.97853603300078662,-14.285842958528104,14.349040673450991,-4.9627196498100661,0.1784070288006218,0.1502765363528687,0.3076923076923077,1,8
0.82106112787253127,-0.45684186776845603,-0.34227785810729211,0.54497809434352118,0.80575755613598132,0.23184830690663794,0.16987495690180732,-0.37689556721139528,0.9105450183456113,-24.707316531174058,13.677567073885402,-7.3043715645182976,,0.5858022487720858,0.2857142857142857,0,2
-0.57614533081145691,0.7837492043022094,-0.23193478078936572,-0.81205243246139114,-0.58113053130475389,0.053461692070049728,-0.09288382376762451,0.21914490717584303,0.97126108999650396,-2.7381184047820391,4.1107798848958756,-1.6810248935955499,0.6765371620966684,0.5749374643552613,0.9811529933481153,1,4
-0.86351132963820487,0.48478772018965527,-0.13902895360239328,-0.46495892083809531,-0.87203367211380378,-0.15287405480587421,-0.19534939344552285,-0.067365726100385839,0.97841733091121952,-3.6942411419342318,-12.183190206497663,-0.34907050893872771,,0.1883803477055114,0.8571428571428571,0,5
-0.70500351868354283,0.67392277410330237,-0.22090299497456331,-0.69640663756478349,-0.71674747902703706,0.035928351814386306,-0.13411873023383,0.17916792640786863,0.9746337878132324,-9.416877884400785,11.852099970422552,-3.6979476080932985,,0.07636115180506632,0.35,0,3
-0.23454565785556356,0.95614410664127969,-0.17543312605163955,-0.97210509422120506,-0.23072101502564876,0.042184108556616487,-0.00014202212143205235,0.18043353502241183,0.98358716912586508,-15.980219297166846,6.5049599176603961,-4.8228150360565376,0.8935799495790042,0.7921781532489,0.9552715654952076,1,5
0.46068000045434832,0.86372836211352355,-0.20432144689696785,-0.86892448921638465,0.4858244061731361,0.094577367306154944,0.18095350016350983,0.13397000726733008,0.97432431352777249,-13.747739060720054,-8.5650156352066382,-2.9250080068847217,0.4503282550025467,0.3900215115079467,0.9540816326530612,1,5
0.25206654885824381,0.94507820934373832,-0.20806160907367988,-0.95823641708707907,0.27377245432174852,0.082653567513841286,0.13507562294808639,0.17853801129809957,0.97461723492194996,-8.2479368445404901,14.345273527821869,-3.5305606956014222,0.4901133092905683,0.4713327768940584,0.9564032697547684,1,6
0.37895388207895331,0.90282556060024244,-0.20322392178124485,-0.89623044380060346,0.41275986980829821,0.16248163428772663,0.2305752520594187,0.12056241952903751,0.96555670788154146,-10.863807141143615,-6.3848955252833806,-2.5749137383442249,,0.1756528057747762,0.1794871794871795,0,4
-0.16921485956218082,-0.86784800442523979,-0.46712543552934427,0.97960153823078122,-0.20021928584607651,0.017119108363868735,-0.10838430513334572,-0.45469998767364761,0.88402531842156307,2.0587333256534888,10.038393683099734,-0.95970915137828294,,0.4994550948943832,0.24,0,1
-0.032977735351653249,0.99096019244689693,-0.13003986295242104,-0.99727130897922456,-0.024027642403643027,0.069804073573005693,0.066048506856243597,0.13198700461079793,0.98904854550013321,9.031802328001076,-18.95019856231313,3.3054057253530127,0.6297478109069897,0.3801087104906708,0.32,1,5
0.95307876873108588,-0.083496217996715638,-0.29097979684899394,0.19570217249955876,0.90328421786446744,0.38180922125575995,0.23095783223997809,-0.42083964088144277,0.87724140143394291,-16.886806171358042,20.371769169717631,-5.819389287746648,,0.5367853598785807,0.3333333333333333,0,1
-0.93806340115588804,-0.18785313173788529,-0.29111553773049803,0.2440633777410984,-0.95466910427305507,-0.17041117625346389,-0.2459067365027934,-0.23090712904272132,0.94138821678401885,16.542132455705719,-2.7154408264449104,3.4112534408074016,0.4522403898277357,0.3487071981068673,0.3448275862068966,1,4
0.71381993558847201,-0.57852526994603848,-0.39467659113549347,0.69002532843029374,0.67731043985894046,0.25517761301249353,0.11969187809176986,-0.45448771170621588,0.88267478395324794,-14.154677532283225,10.896939780228843,-4.771635833772053,,0.3227567904953443,0.2222222222222222,0,2
0.95583947205455921,-0.12698925897276717,-0.26503703848332383,0.18002128850925397,0.96582642949856379,0.18647156288701289,0.23229989097270645,-0.22594918939355541,0.94603579449535946,0.80602065398810807,-3.9346913381786859,-0.27836492405676905,,0.09215572991874024,0.3295454545454545,0,5
-0.92376479711599691,-0.23846288978899913,-0.29965655307822125,0.2853506673184471,-0.95045885688354981,-0.12330027588181872,-0.25540868479783174,-0.19940765172153088,0.94604597782811095,-1.5415131811925107,17.956742994949646,-2.1440908997238703,,0.7089565222436578,0.4545454545454545,0,1
0.76883606189231746,-0.58185566359716612,-0.26520764821892984,0.61989830362383425,0.77997108975667895,0.085855648084866301,0.15689870330314001,-0.23041068960376235,0.96036123985618738,12.467881652466868,-7.0574850531457152,2.8721193909385705,0.4044506457888636,0.3606771914239628,0.9738562091503268,1,5
0.90230237953338732,-0.30498217295543989,-0.30469048240430185,0.38304576206817648,0.8914579620715789,0.24203025848186469,0.19780384235397927,-0.33509487617474332,0.9211867692880944,-0.052143649133393186,-2.9341563209009971,-0.5476074634793151,,0.1108091367087089,0.3545454545454546,0,5
-0.91409005065957305,-0.30429140529878113,-0.2680412653799269,0.31898244399755227,-0.94768513626811046,-0.011961727209809989,-0.250378872324579,-0.096434553754276828,0.96333317037029642,13.672554737805722,1.959231509399743,2.2219520488108668,0.4895785448110505,0.3722970131994886,0.4,1,5
-0.79857815488147754,-0.53592872260719937,-0.27395863707996349,0.54991714535347358,-0.83468532814583829,0.029858603858203343,-0.24467133831403731,-0.12681012287152083,0.96127786250642855,-5.4792505663132287,-13.887436019125534,-0.64224647154146408,,0.07736287327606478,0.3125,0,4
0.40976019987990359,0.88693007801939694,-0.21319384442072759,-0.89738716116957429,0.43388339562693712,0.080258843545450154,0.16368525151153879,0.15843053905023094,0.97370781178639998,-1.7687942966487735,-10.220052054303311,-0.06994476307513281,,0.06917854387691515,0.1951219512195122,0,5
-0.91463792912089747,0.36226937286059901,-0.1794390149901243,-0.35111560029860572,-0.93184211445575416,-0.091586619948440612,-0.20038785851539873,-0.020764758939576321,0.97949657015519731,-13.508459384914902,-20.560476998479874,-1.924013966383461,0.664948134567387,0.4585059217563382,0.3103448275862069,1,5
0.9589925317799175,0.019697587078059076,-0.28274605046515933,0.035008744410536911,0.98171100337141948,0.18713068608402683,0.28126093188557466,-0.1893555146352574,0.94076393280784065,-16.611514988770317,-6.5169694877187938,-3.7416532331086123,,0.1436968580802702,0.625,0,2
-0.66466865736652814,0.70609331912358198,-0.24422899214389171,-0.73724857698494595,-0.67284982723596687,0.06113628809636952,-0.12116151058917075,0.22069285144193887,0.96778848602066847,-17.576519536741259,18.660468246645245,-5.8905724572312552,,0.1914278374811615,0.4523809523809524,0,1
0.89079377261241022,0.42103829914530178,-0.17091870970663875,-0.38494418218718734,0.89907626782419492,0.20851820360715603,0.24146310541196234,-0.11995255432106972,0.96296778421537244,-11.674696904322838,-1.9558497561976427,-3.1168028571091626,,0.225030796354488,0.1518987341772152,0,4
0.33938901978092373,0.93281912773545927,-0.12109322104478332,-0.92883885203585226,0.3526734150354115,0.11348942363048943,0.14857146496169493,0.073959024183106459,0.98613213239454822,6.91763103281406,20.528012561539093,-0.26254355018789632,,0.3166318378934238,0.375,0,1
-0.86612829592807117,0.46406458580174353,-0.1856497648729778,-0.46726809474377906,-0.88364513973307091,-0.028840850553346471,-0.17743252978880297,0.061768335178940793,0.98219263392776879,-9.553426028051458,6.9541382425465121,-3.4513005300411859,0.7083708775844793,0.4058803943733287,0.3467336683417085,1,3
0.96516734679539851,0.14922074594960788,-0.2149073327231405,-0.071135912213999647,0.94013242127862096,0.3333027339436036,0.25177703364964454,-0.3064052862452622,0.91800006856619887,-11.180399804494821,-5.3431101301689852,-2.777893693932969,,0.3113804914469737,0.2456140350877193,0,1
-0.90472760599259805,0.35327787747355893,-0.23803928298220173,-0.37042884727983422,-0.92837322142535361,0.03009370105596652,-0.21035785713359226,0.11540321931423674,0.97078919900979277,-10.834695897866126,-9.4550062771737498,-2.2472557744041572,,0.0735129584678334,0.3666666666666666,0,4
-0.89402621487585432,-0.2925105397638586,-0.33934453176942481,0.36947707551592912,-0.90977509114092059,-0.1891982404984979,-0.25338472286811348,-0.29452821200453283,0.92143871991058834,-26.047577948514689,14.147561927495582,-7.635545858632879,,0.70441041291273,0.6818181818181818,0,1
-0.70378398473188897,0.69689178256774964,-0.13794907112572583,-0.69774899152864789,-0.71458265104440055,-0.050179474360669635,-0.13354567628965339,0.060938314842985224,0.98916736406355332,-7.5105571284759431,-3.9462548425186972,-2.1248221900765007,,0.1844580538632987,0.4056603773584906,0,2
-0.96390896545584404,-0.033406857604075531,-0.26412778759317496,0.080696655854437083,-0.98208583095999347,-0.17028056366341282,-0.25370761921502266,-0.18544919113503858,0.94933715900074445,-3.893762369900772,-8.6551256003969748,-0.79482317575233652,,0.09352245521576368,0.6666666666666666,0,4
0.0024843530516394535,0.99958654824649285,0.028645428161880596,-0.99755909669397602,0.00047830142113172431,0.069825638778674315,0.069783068096882755,-0.028748978980360187,0.99714784240581567,-14.186812408506356,-5.8945515544606248,-3.2983154804641774,,0.3674707046757839,0.1272727272727273,0,2
0.23550045370392883,0.97062818642599558,-0.049198170907325971,-0.96389165429581947,0.23974149894198515,0.11591761067205697,0.12430774345997964,0.02012305643864612,0.99203964009280143,-11.681428046832414,13.926207878650114,-4.3767568127869128,,0.2727259034177983,0.1875,0,1
0.040898404907719725,0.98932332335150619,-0.13988095777744575,-0.99602181401967183,0.05146121524867462,0.072748122464376702,0.079169858361415435,0.13634920314347618,0.98749229279482109,-6.1449495303123083,-1.2915180931310029,-2.0696783914877077,,0.1313995903306776,0.4472222222222222,0,4
0.85228328840048184,0.46547710176805041,-0.23862997306054701,-0.45631616595360736,0.88464156135325933,0.095837699345652144,0.25571224648550056,0.027209844837552326,0.96636994538388621,-7.2881296690077821,-13.861725554805163,-1.0539228058890655,0.1118843765846674,0.07691470124340981,0.4,1,5
0.054054672033292887,0.98002278764759132,-0.1913986105561318,-0.99536529841372445,0.068151548294946809,0.067847543645726899,0.079536250509628814,0.18684405839214216,0.97916458407073925,16.762248305254843,-5.7519478066155134,3.7220505768204335,0.5304290461057699,0.4790196391226363,0.9834710743801653,1,5
0.92299081153443696,0.30079901633691747,-0.24001648608740406,-0.28901998831605524,0.95365476099634994,0.083726000637693282,0.25407756330850928,-0.0079087672704751533,0.96715150996287702,-5.2726796824657729,-11.459203881893878,-0.78488872798163212,0.3861970708172499,0.3650307889993156,0.8645161290322581,1,5
0.72724192311541236,0.65150683818630906,-0.21600468758773875,-0.6469211627491035,0.75577264058824012,0.10149248704031243,0.229373482448922,0.065928412196553959,0.97110310987788351,-0.31340406675912347,-13.626483550872162,0.54623262545990448,0.2862650273502429,0.2876900643403203,0.8404255319148937,1,5
0.8858316775470273,0.42980446906788916,-0.17484380865071861,-0.38922488447850406,0.89342624193185005,0.22426221155207113,0.25259894765599172,-0.13060500984571996,0.95871586147632126,-15.918548002904148,-5.4477959273508105,-3.6887706988637112,,0.5154175574138122,0.5714285714285714,0,1
-0.90598153043497975,-0.31401002378613274,-0.2838928873228837,0.32309585799274992,-0.94623876832503517,0.015532542182416249,-0.27350782997680323,-0.077652419669654929,0.95873018553753031,3.3465809226168761,-18.386477703706234,1.8469261751234969,,0.1817628707828696,0.3666666666666666,0,5
-0.853524549891579,-0.45137295105111891,-0.26030424850889849,0.45943757689031101,-0.887609383410355,0.032660303474550963,-0.24579047107961238,-0.0917171823667432,0.96497409435961989,-4.6949773939717021,-6.1321339107232493,-1.1606489445260249,0.3889767494113758,0.3681121497730365,0.8806941431670282,1,5
0.036122544021580778,0.9846571671244595,-0.17072031233524457,-0.99682894415108936,0.047622233284747836,0.063750913715787005,0.070902876641456739,0.16787610350317159,0.98325500047371206,-11.224710085886242,1.0370955993242474,-3.3331866199568916,0.1990130397282883,0.1664226479671206,0.5266990291262136,1,4
0.073326485924481086,-0.85014527614764313,-0.52141752550697329,0.99618080661052433,0.037585513680497465,0.078810720731245842,-0.047402816401266271,-0.5252050443447982,0.84965442056874341,14.594123248251233,-8.718994492645928,3.5400616467864929,,0.2044990146445691,0.4,0,1
0.072436061334842011,-0.92039330279265463,-0.38422543537970577,0.99623490584388485,0.048370124191653395,0.071946809963408173,-0.04763433002070825,-0.3879903339776824,0.9204316766297026,-14.988780256272053,-2.1677297995911773,-3.9157614990731835,,0.08689998493538026,0.1935483870967742,0,1
0.66456918743769289,0.74507642341803015,-0.056647315691049922,-0.71467190916286671,0.65591944894018728,0.2429274351642991,0.21815558063434565,-0.12095784293958675,0.96838904520316338,-10.861039623484974,-10.517270092361334,-2.1602157355064402,,0.2904605828132177,0.1351351351351351,0,5
-0.95118614875238716,0.19294615646689825,-0.24086654214783229,-0.20587861741889257,-0.97813325120499095,0.029484534536597263,-0.22991064636351125,0.077634551533487819,0.97011028811002054,-5.5798116847916459,-8.9117427345678397,-1.1058034681254836,,0.1015031896953561,0.3461538461538461,0,5
0.9687731785517687,0.029002192849215652,-0.24624662704012795,-0.0029870459073735476,0.99442867106067334,0.1053693301167387,0.24793064771312615,-0.10134343087955884,0.96346245538791486,-1.7803648195338477,-13.287677720598944,0.25585608963910283,,0.2005871308981531,0.4418604651162791,0,10
0.53579446636663741,-0.75147937685818755,-0.38497147422597611,0.84042327467636657,0.51855828645593138,0.15743577398463648,0.081320410679874874,-0.40789220353510008,0.90940141912256678,-19.113233568846642,19.454027292231128,-6.316932992594225,,0.09505087432401085,0.4444444444444444,0,1
-0.58274376655023385,0.81204964048884754,-0.031386046721096982,-0.8065071245414186,-0.58264507385808018,-0.10035425239043895,-0.099779560085109811,-0.033167744735582649,0.99445660543755077,12.947280575582901,1.0918651455852555,2.1131021932559038,0.5495732278720421,0.4061506740199748,0.3333333333333333,1,2
0.53790386897145182,-0.76101262183280882,-0.36265578329415665,0.83901309045929262,0.5251073366753306,0.1425458487914989,0.08195402237529871,-0.38094891308533257,0.92095681974542842,5.5014513322882399,6.9517310596209141,0.0042281864815780805,,0.7649731610860605,0.6666666666666666,0,1
-0.33714916910890375,0.92494580055934028,-0.17551553719490864,-0.94059451767812186,-0.33888848270995214,0.020893769415978928,-0.040154589812839876,0.17213326905101187,0.98425491952175437,1.9044717588091815,-8.7239438092260162,0.62731909335158453,,0.2886928120848924,0.8273381294964028,0,7
0.4282330282119019,0.88369470433589248,-0.18894481489885659,-0.88942454629709478,0.44914411318698227,0.08481475127408751,0.15981379787950259,0.13173167849146242,0.97831810516270779,19.242709637919962,-6.2199139299681736,4.3856110497960561,0.2560913053081214,0.1263607994740565,0.3333333333333333,1,4
0.87094791757129664,0.4490425181171866,-0.19952579232068748,-0.41283438058810024,0.88891522049726179,0.19848804743042914,0.26649108630995838,-0.090501644688264174,0.95957905001414945,-10.529442708444044,-13.5810980008072,-1.7830195863698406,,0.1016716715786599,0.3846153846153846,0,2
0.80752298305092363,0.56025007904134927,-0.18446268126290358,-0.52984983814033981,0.82642268378543637,0.19048542397656712,0.25916361794664294,-0.056083835987194852,0.9642037245695374,-7.4277521782518861,-18.63182626358623,-0.68446009298816335,,0.3209806406815042,0.7037037037037037,1,5
0.91052328695556239,-0.30946824884091884,-0.27418378301966523,0.35731408294957528,0.92262372599307008,0.14523121689419774,0.2080240131271959,-0.23020613196437803,0.95064775115100164,-16.997574400643913,-13.094570950969739,-3.2010077008847047,,0.1412893453220488,0.46875,0,3
0.66486568072517072,-0.63899895857163425,-0.38682548718798471,0.73738520769992855,0.64413888706714362,0.20334244424918871,0.11923372869783198,-0.42043480482979523,0.8994542194178331,-8.8710473005500621,-9.3988265785093006,-1.8205876625398816,,0.1228351816235284,0.2380952380952381,0,3
0.096341455192776176,0.97016672420285988,-0.22247438338116707,-0.9910685220980876,0.11420543562993167,0.06884985823434972,0.09220362529559703,0.21385426281014305,0.9725044194039838,-1.4943693861464857,-7.3596469620340388,-0.39180253125345527,0.165116440803627,0.1433586040579396,0.4363636363636363,1,5
0.53007586166811071,-0.74689157954323315,-0.40146301110341803,0.8439366607968467,0.51070184281262532,0.16417837954753939,0.082404450364510939,-0.42583634903000234,0.90103990500139364,3.841522317956847,9.976130899797603,-0.52955997152528156,,0.3955024823328261,0.6428571428571429,0,2
-0.96063627214113445,0.1700538043645384,-0.2196808054153358,-0.16383811775970397,-0.98539784549167853,-0.046348217541934071,-0.22435468307066983,-0.0085316892526854163,0.9744702080939952,-6.3316109549182169,7.0743684586401789,-2.7586389054960159,0.8438391091524989,0.7726060983076813,0.8131021194605009,1,5
-0.57952717842054902,-0.74753407283045381,-0.32456287438557813,0.78764498315588527,-0.61600467202195841,0.012394537364591739,-0.20919758598339488,-0.24845734846172485,0.9457829116737555,2.1067530471972948,6.7252742704030606,-0.79493462236663104,0.3219065195641788,0.1347760945906701,0.2291666666666667,1,8
0.065479685506578733,-0.8881584006801807,-0.45484839901574098,0.99662831151961628,0.035624800414683175,0.073911313565463349,-0.04944107061459932,-0.45815448147610349,0.88749650795923984,-1.1889433577531838,20.326302137296093,-2.1239000550169989,,0.3563457280552098,0.5454545454545454,0,1
-0.19566616482511767,0.97986866973080555,-0.039650246186018312,-0.98055507448684853,-0.19486265979195067,0.023244132956459732,0.015049845205879023,0.043427340452628665,0.99894322574433181,-12.379110979092593,22.514008779512924,-4.8589966754416851,,0.229145105600606,0.2142857142857143,0,1
-0.96425497086506706,0.13035165373415125,-0.23069633185376015,-0.11388701297545005,-0.98999036312610811,-0.08335963767295386,-0.23925321196911439,-0.054106628856438792,0.9694484892330556,-18.687866583350242,22.879275797180775,-6.294690173849129,,0.306893831801218,0.3333333333333333,0,1
0.94359170770052825,-0.16747437022629022,-0.28563442452916632,0.24253047900682692,0.93687363524886036,0.25188639964933346,0.22541884551101668,-0.30695297179355052,0.92464383261642313,16.884993358281346,-7.1167780752838175,3.8364328388168425,,0.797230183679132,0.4915254237288136,0,1
-0.96092694000722412,-0.098400647265901656,-0.2587213338439765,0.13970636232983097,-0.97930687671077354,-0.14642463437399386,-0.23895930258711584,-0.17684839225914209,0.95478955684613454,-1.1946367480098889,8.683378686941623,-1.618205246675982,0.6365693341770062,0.3656810491423026,0.7959183673469388,1,3
-0.8496782521101387,-0.41678092148197421,-0.32301784993974658,0.45873881962353541,-0.88632946038596994,-0.063077595248401841,-0.26001069835963592,-0.20177648807666451,0.9442884546567234,-14.604035228698219,6.2816472977846702,-4.5145822669531874,0.3402324706709383,0.4417557997264505,0.4717948717948718,1,5
0.75039193309912477,-0.52615857453574677,-0.40008636715372992,0.64443609221410081,0.71698467793052612,0.26577263716319199,0.14701724317772005,-0.45726373796242581,0.87709509413349973,2.9476854230554705,9.0084381689765092,-0.74502227089140882,,0.3922505219060449,0.1875,0,2
-0.49298817191339489,0.84758302740712999,-0.1963814502565174,-0.86683056165243022,-0.49785391645519511,0.027317672952791073,-0.074615278186313735,0.18369673247390025,0.98014696384756073,-7.1761921559258948,-8.3281678983763783,-1.5545860976028978,0.2628977743745969,0.2654310806126999,0.6789473684210526,1,7
-0.96847351630387013,0.057520615376756762,-0.24238487375390447,-0.020550808573561927,-0.98810886058903968,-0.15237632326710859,-0.24826742131216051,-0.14259122845430836,0.95813935786131932,-16.423749669935564,-3.2489559650412931,-4.02249664015575,,0.1186502369744073,0.2857142857142857,0,2
-0.85557611571066017,0.49748831793668097,-0.14316034276988113,-0.47862460134782969,-0.86555586457959721,-0.14741620086169607,-0.1972511120629972,-0.057605718539019329,0.97865907239524097,-12.620663406299652,-8.5846027327519554,-2.7168948764136638,,0.3954674395994375,0.3010752688172043,0,2
-0.54270018555861366,0.83601215566065212,-0.080994963931562219,-0.83577598091811411,-0.5470764480279855,-0.046753285803740184,-0.083396752424837267,0.042320628548164027,0.9956173693162842,-4.8160392521935593,16.675198018496925,-2.8380022779806846,,0.08566233168559484,0.2352941176470588,0,1
0.41379089013771247,-0.76180486643684731,-0.4984279734446872,0.9092331755394113,0.37320584089830711,0.1844245992754395,0.04552067373796826,-0.52950046817026108,0.84708743496165551,-6.550568624467946,-2.8981169565118017,-1.9912302495332999,,0.3501843829050522,0.3128491620111732,0,1
-0.41824371375903358,0.90735933930866841,-0.042085927225011414,-0.90833482863859127,-0.41780407154321786,0.019172816277514274,-0.00018703783902952048,0.046247023377154257,0.99893001649044488,-8.0475623913690111,-2.393752153743208,-2.4302794903164724,,0.3083766379484384,0.3428571428571429,0,2
0.96679736020452611,-8.3431453298401075e-05,-0.25554423754166811,0.082031600627945123,0.94717795335343835,0.31003990256031494,0.24202000082633096,-0.32070846219017179,0.91573598896168673,-16.285361303823187,15.259830416945404,-5.4973189821374513,,0.1375256526134686,0.8,0,1
-0.21168151774351873,-0.81862876893968273,-0.53388938340268544,0.97008214271816051,-0.24243419395905594,-0.012895657360704277,-0.11887628621866618,-0.52064632934816923,0.84545598839391711,7.9547683637608273,-14.930242314249085,2.6712977227509604,,0.2892642982354164,0.1538461538461539,0,2
-0.16127995087447305,-0.87437282696629448,-0.45766902550740579,0.98009199155054216,-0.19631350961478564,0.029676489705111823,-0.11579492883723247,-0.44377152387878199,0.88862723852574088,14.233170484331366,0.44112327142690611,2.4872012589353969,,0.3732942028860196,0.2285714285714286,0,2
0.53201928845712776,-0.80130849134347149,-0.27360588153477183,0.84284513391176685,0.5320941054232784,0.080547769770836025,0.081040464897642051,-0.27346035302151073,0.95846329005054942,-7.2431788481153685,-1.0205537199182626,-2.3503868592322514,,0.07986532386716874,0.4147465437788018,0,4
-0.52256368969090761,-0.79611536830106988,-0.30516800384620457,0.82998367640318615,-0.55689387386642031,0.031564381101224587,-0.19507508072759228,-0.23679006230182861,0.95177527771749793,-10.434106737020031,-16.555278029023288,-1.500012318810142,,0.1870241984404122,0.2272727272727273,0,5
0.20988174931463394,0.97236089602916664,-0.10229339752880422,-0.96502989964518582,0.22282552994481059,0.13807996232479719,0.15705713640402433,0.069735723113559855,0.98512434993070663,-11.785993610197579,3.3130101942766199,-3.6583628013854179,,0.2113455932595992,0.1875,0,2
-0.95299366904675142,0.20393936679861077,-0.22407989964874805,-0.19617909934546127,-0.97893254473560487,-0.056611251862833299,-0.23090436924583077,-0.0099903717275785075,0.97292515885649222,-13.809944818379922,-15.84892800948537,-2.3771627699893587,,0.1547967765528109,0.4,0,1
-0.66493200082686976,-0.60828976572599214,-0.43341549947988012,0.7130856079976412,-0.68964495368239154,-0.12609025944555305,-0.22220339768556746,-0.39290380346012238,0.89232967634364824,0.37327853018658019,16.566449431102587,-1.6171661128200998,,0.4332205663539887,0.3846153846153846,0,3
0.23956734101462782,0.94726954882391368,-0.21280951809099372,-0.96276371002711092,0.26007017500771556,0.073821018187845464,0.12527381120575459,0.18720017612811199,0.97430106552522566,-24.27734917193531,-11.451716773097342,-5.0528841685756127,,0.09692535650351612,0.3,0,1
-0.67657009646982624,0.72625380118756666,-0.12168944417417847,-0.72995155565785841,-0.68322956753820907,-0.019185526686134838,-0.097075388000679955,0.075847045441219105,0.99238278639966104,-10.875214552908286,-18.479136989376631,-1.4636587268557726,,0.2045613621931455,0.5294117647058824,0,2
-0.2035816061269182,0.96298575745593007,-0.17667190094582824,-0.97897274650292687,-0.19784113246475699,0.049711647624859724,0.01291863968458379,0.18307735316551496,0.9830136273249771,-13.960896056102092,0.5408069445089484,-3.8382177622538012,,0.6226518482287544,0.1607142857142857,0,1
0.95918198339824856,0.17318568132804499,-0.22355456270705806,-0.11783809009919262,0.9634078456159908,0.24074780897721809,0.25706829296118516,-0.20457771821119072,0.94449131809960341,23.039537412307741,-11.324249654951538,5.8979363760372276,,0.3982663324585043,0.3225806451612903,0,3
0.96214042404621158,0.14730791800551885,-0.22931677153897082,-0.10135131438274968,0.97439738376266194,0.20069292361558275,0.25300931897672524,-0.1698532184250873,0.95243696311177184,-19.421901298689612,-2.4181214079044566,-4.7370283576240784,,0.6291051357970583,0.5641025641025641,0,1
