axis_00,axis_01,axis_02,axis_10,axis_11,axis_12,axis_20,axis_21,axis_22,location_x,location_y,location_z,dbh,dbh_approximation,score,reconstructed,number_clusters
0.90406213105997912,-0.34235828638869426,-0.25585634040274624,0.40097482229790671,0.88663100102010695,0.23044448336474607,0.14795558477614582,-0.31092808134853217,0.93884656529300337,-18.472650143004241,8.3284058307885811,-5.2129779342246225,0.9687839683967521,0.6119981489997717,0.7247706422018348,1,2
-0.3967390630515667,0.91268835313354824,-0.097969821390758827,-0.91784152973528088,-0.39294059654203328,0.056254900963303656,0.012846872855487258,0.11223928743342605,0.99359815831868004,-9.4718749769394268,14.670113033828175,-4.3597964612909337,0.1590719783351552,0.1555819763392233,0.5079365079365079,1,5
-0.53487338998087319,0.84479267954382209,0.015355301349643876,-0.8449270240063671,-0.53471803125390005,-0.013226910285371981,-0.0029632404750732275,-0.020048831415385403,0.99979461068999809,-18.258506944579217,10.815392872078926,-5.4410282473071101,,0.246516336668051,0.4666666666666667,0,3
0.94871261638380178,-0.25078022153246715,-0.19249325183582158,0.28311722335535816,0.94490031744426828,0.16434119365902697,0.14067341381282641,-0.21041071879029397,0.96743905237714989,15.189522399084051,-6.5014331339111067,2.7084244775948911,0.3339272863944703,0.1441436730604294,0.3478260869565217,1,5
-0.92620341840738918,-0.3251302206901529,-0.19088626803528674,0.32981342930770741,-0.94401541950335954,0.0076150895060893694,-0.18267547612845203,-0.055903732736449954,0.98158262163068843,-12.150820934331007,-9.9505452065392443,-2.0510737015631237,0.1774722952598646,0.174166825986377,0.3880597014925373,1,6
0.35408349337986794,0.93385557190631374,-0.05038502292786301,-0.9264784695809376,0.35761312349428115,0.11726252303113657,0.12752460593498333,0.0051599151346048864,0.99182198511473407,-17.305634805736972,14.295633563904852,-5.6562722252508939,,0.08251255730577317,0.2631578947368421,0,2
-0.69135820333125131,0.71860798842352225,-0.07500929049445694,-0.72250829353415913,-0.68795872332961983,0.068516864851185327,-0.0023665293026305591,0.10156453105576377,0.99482613836312217,7.337669906907748,-10.884689007144589,1.8081597497482578,,0.6180585548539002,0.425,0,3
0.55410601559209116,-0.80665122137258349,-0.2056218143650568,0.83244604965655755,0.53702881559811533,0.13650503883915324,0.00031288312648704932,-0.2468073302708122,0.96906451995145548,24.01862370532562,-6.3973026776251718,4.4540756587452348,,0.1737478872471582,0.1875,0,5
0.66556611409040856,-0.6364971636318969,-0.38973466417954672,0.7451510365270424,0.59615893058337355,0.29890544031242228,0.042091335655548699,-0.48935252137312946,0.87106970403549988,2.7389159297960002,2.7181820960323568,-0.89613108564376243,,0.372221331953599,0.1063829787234043,0,1
0.18151897953935406,0.97806096451509528,-0.10221354978081411,-0.97545396566563158,0.19225552864337617,0.10736560237455141,0.12466122466182432,0.080215717897799882,0.98895147386914617,-14.202129656792465,-11.602421151320549,-2.2016938407778577,,0.07166457334113389,0.3548387096774194,0,1
0.036065139194310744,-0.97865785744177392,-0.20230695440931357,0.99534320014385702,0.017068317333249084,0.094871420727202491,-0.08939362204475973,-0.20478640240721205,0.97471601491246207,-23.837467199161971,14.814499785206783,-6.8107800677809127,0.6820413060078676,0.5705474033677149,0.8131868131868132,1,5
-0.5664053059884705,0.8131925011999398,-0.1338020378779497,-0.82385992599502489,-0.5628410567864871,0.066818913003290778,-0.020972641406803588,0.14808072388955709,0.9887528748503166,-0.34859909540568818,-8.7189591002667477,0.045051912458015125,0.1627174518745403,0.1587875472036273,0.4782608695652174,1,5
-0.059748971412535608,0.99728354217999293,0.04307663998118489,-0.99386586131002863,-0.063456527557476827,0.090575486931178867,0.093062936433453355,-0.037400609717914854,0.99495752887000644,10.474416447662785,-5.9345044530599385,1.6715756444492162,0.6889168101747654,0.4607028222752466,0.8503937007874016,1,5
0.75293562206490305,0.65148544159797028,-0.093030470339752314,-0.63034339074292078,0.75456119810608613,0.18249550147722954,0.18909034552947207,-0.078766221812436074,0.97879554735855834,-15.937296269583053,0.97878755298200049,-3.9857439229236564,,0.06869059103510708,0.2857142857142857,0,1
-0.93512038789948482,-0.26383129937640953,-0.23652252663133999,0.30004130552496844,-0.94467961403097933,-0.13249770493541543,-0.18848096751022356,-0.19486783291152857,0.96254945461663166,-14.398510040896953,17.763739358277927,-5.5504915379027358,,0.7111639330827533,0.4444444444444444,0,1
-0.84030233436323309,0.53997072478681563,-0.048203767870404798,-0.53481043603898815,-0.84024207934459549,-0.089280712376520743,-0.088711805119106243,-0.049242912910109495,0.99483935947500535,11.616355963512945,8.2050978066306879,0.18193805787499137,,0.2033045027056601,0.3076923076923077,0,4
-0.93791110564097879,0.32256207515967922,-0.1275792521689878,-0.32124668421881863,-0.94647721327602319,-0.031328144338075792,-0.13085612631333435,0.011601397240598955,0.9913334866674961,-17.072930083598727,7.0869522821472133,-4.8319117157412581,,0.1023345926720219,0.4,0,3
-0.80287844931312813,0.5960473894807905,0.010663260368356639,-0.59221909614895651,-0.79541764286540151,-0.12879175274435326,-0.068284242582468915,-0.10971910914505521,0.99161432992033538,-12.259834062152201,-2.2097941984451284,-3.0104608096583187,,0.4975452281909171,0.8547486033519553,0,3
0.18395212983168246,0.97960947723168146,-0.080789145609178672,-0.97440114675010325,0.19254523924649114,0.11605488380760171,0.12924402942678703,0.057372493072767948,0.98995170483016215,1.2029863893544437,-10.132295857516153,0.54283585506301413,,0.1094762362308388,0.35,0,5
-0.22664860913528431,0.96950617598903954,-0.093210421606973057,-0.97231773566581725,-0.2196409570051423,0.07972497046448096,0.056821025041249723,0.10869969974647442,0.99244936716604715,-5.4185954841884127,16.615588305230155,-3.8645108841770206,,0.1147621854952337,0.16,1,4
-0.34238547916975548,-0.85414380560373859,-0.39142118364041095,0.93594916108439774,-0.34654960317101557,-0.062470316210374875,-0.082288222238115036,-0.38773925760847999,0.91808873023805071,-16.636678180819079,-16.895442947199417,-1.9449972478367181,,0.308654036389194,0.1428571428571428,0,2
-0.35204388796459635,-0.90821221661289042,-0.22630879466311132,0.92378868068004227,-0.37605080477017661,0.072112867639060996,-0.15059739172441527,-0.18367460855219492,0.97138255274582774,5.1440400582103871,9.294425613627336,-1.121973856929201,,0.08207109980299099,0.2777777777777778,0,7
0.93334721149893252,-0.31125208819967992,-0.1788438435577388,0.33570934922814316,0.93325648158946106,0.1277950406395961,0.12713070293199408,-0.17931669515858817,0.97554257068024397,-20.057171154790701,-11.092138798443942,-3.233640902649773,,0.279993443539924,0.125,0,1
-0.96378794661117551,-0.2012589299546905,-0.17495038462520995,0.19673368264420957,-0.97951276128764009,0.043018700444244141,-0.18002403195202388,0.007042271519700858,0.98363700333587567,6.926639263863092,-7.7466255002060933,1.2366927579632025,0.9725086643772627,0.7834692013740918,0.9023136246786633,1,5
-0.77345067900735087,-0.58360604706680486,-0.24734192723864554,0.60092222483480351,-0.79927863581677472,0.0067927922437039084,-0.20165943281349058,-0.14337937143792626,0.96890444781898244,14.141891885070176,4.3358904201248087,1.101933119006322,,0.1384418726747044,0.4615384615384616,0,3
-0.63119105594840252,-0.69368260965339479,-0.34699032833091531,0.75440063496719134,-0.65300173621358837,-0.066846200065054276,-0.18021524034287098,-0.30396244762551661,0.93548345660501475,4.393176847685635,3.5853841625271072,-0.70729849964949743,,0.2434563163866408,0.44,0,1
-0.22064650665027391,0.97326412480622726,-0.063812714001207721,-0.97375470217428439,-0.21606784644414698,0.071529474529451811,0.055829195735758973,0.077920658994632061,0.99539513350495212,-13.912250702335658,14.964576142233533,-5.1797058130709264,,0.09995382314628307,0.2142857142857143,0,1
-0.79205622394665098,0.59640351978290995,-0.1301913195951592,-0.60573749187926562,-0.79430574607215121,0.046480885195742026,-0.075690349709784915,0.11567723780986078,0.99039878211430143,7.7232632588076022,6.5889356674343631,-0.36588856552072024,,0.0716272450604787,0.3,0,5
0.73979629734974961,-0.63461053101029408,-0.22354174634379376,0.66985178874474272,0.72591278621533584,0.15604232734920392,0.063245707704704751,-0.26517937465029251,0.96212259079444284,6.7678959917917068,-15.498187779184976,2.2717987576898357,0.2237097331328178,0.1756538601774514,0.6153846153846154,1,5
0.98888280265064898,0.022874843553434006,-0.14692700280820623,0.031855546887790367,0.9325659092719677,0.35959150295331838,0.14524471334364122,-0.36027429327687621,0.92146969936594758,-16.569766423506724,-11.810022479767261,-2.5461986763107891,,0.6607519609727788,0.4375,0,3
0.4558091624346135,0.88794024451054288,0.061645191371378721,-0.87523448972907048,0.43453627408886036,0.2124683846826729,0.1618721576718791,-0.15079903408022394,0.97522154195399202,-10.330086878613052,-18.361925296911707,-0.56462885025535725,,0.4560417706019035,0.1153846153846154,0,1
-0.68954913016319552,0.7234541180907017,0.033706618174852321,-0.72309067003182892,-0.68509017550031692,-0.088268535423812591,-0.040766162489260453,-0.085238432942830206,0.99552625758708635,5.7388029940194292,-4.3694061803848676,0.4883216267368346,,0.4686543562836753,0.2758620689655172,0,3
0.091848636133755476,0.98439427327948248,-0.15010577195740549,-0.98952207442635209,0.10709310010226537,0.096835593319062871,0.11139969597506863,0.13963875767510189,0.98391621853266387,-9.936358929363486,12.576895696195823,-4.1915225452570484,,0.07548329904361716,0.3428571428571429,0,2
-0.3928067894283796,0.91947602903528325,0.01632967263837291,-0.91961744484613328,-0.392693793050929,-0.0097642221371479591,-0.0025654071096405918,-0.018852504575832946,0.99981898449548412,13.758158986898312,9.1674768027505547,0.45673034665405432,,0.2513832286507213,0.25,0,3
0.18194695807736927,0.98004181757364239,-0.080083333180774818,-0.97536596545480503,0.19020824198373218,0.11172313150763849,0.12472585088427776,0.057782873660012522,0.99050724461398243,-33.793012217786277,-0.061191461200063212,-6.7818409201772969,,0.4837001046355613,0.6363636363636364,1,1
0.06589910076375663,-0.89505860691941108,-0.44105260309628752,0.99426558093979367,0.021592975434889902,0.10473632593480914,-0.084221511960915221,-0.44542545233894237,0.89134892344786409,-14.661488029380688,-14.007810103089987,-1.9626561099926938,,0.5901975301766039,0.2222222222222222,0,1
-0.89341904187593857,0.42605360814447024,-0.1424104581853359,-0.43501334423603166,-0.89963851175773513,0.037602373580805738,-0.11209730572169416,0.095545126246213044,0.98909318211204555,-4.5142406077562871,11.037334044417475,-3.0872836411565392,,0.1052050128063012,0.3970588235294117,1,5
-0.46579746593095622,0.88399249039837058,-0.039874774627417647,-0.88487466640731682,-0.46503873244151539,0.027125671968256531,0.0054355756678229573,0.047919247160991246,0.99883642317883303,-26.027866654319414,6.127581294274008,-6.2309227439908135,,0.1314412777865796,0.1818181818181818,0,1
-0.35498713648020797,0.9274775117529177,-0.11734393093040149,-0.93380621581936785,-0.34578890732389345,0.091847606767186563,0.044610360127376666,0.14218121101033118,0.98883487954508453,-15.063042222138561,12.203094239660258,-5.0495424389505379,0.5396851990462788,0.4600933528341357,0.9328859060402684,1,5
-0.34730052405002965,-0.90785446538776637,-0.23490980326514133,0.92924106432347553,-0.36685180280864021,0.043940859698287621,-0.12606899051530784,-0.20302715200569407,0.97102347303188719,5.8328480853820945,16.981426872898599,-1.9001437405496595,0.4747291721583698,0.599401538342849,0.6341463414634146,1,4
0.20565012514186212,0.97779108547040305,0.040405682815004403,-0.97261696687545229,0.19964490566129728,0.11898801363787039,0.10827863027915859,-0.063769152559070827,0.99207319962126117,-1.9010111574630801,-2.3391027805833184,-1.1845119687380925,,0.4350708037250481,0.2401433691756272,0,4
-0.37679174626185252,0.92616611857562292,0.015630123208370601,-0.92597183089693269,-0.37705319238301116,0.020175690797640578,0.024579429088688612,-0.0068710200367173152,0.99967426732377651,-10.812067090860529,14.192595104013394,-4.550715519186836,,0.4589284212002509,0.1333333333333333,0,1
-0.98395848645718953,0.073789378487664994,-0.16242174900942649,-0.0874834200977367,-0.99304183544158853,0.078832507703382002,-0.15547459000389727,0.091777125065045276,0.98356728858676223,-11.088927424451427,-14.653836522203671,-1.2023695125103815,0.2689889589212859,0.1767647785206144,0.6119402985074627,1,5
-0.74610746293087449,0.65417716451303531,-0.12399956124333289,-0.66267736541829303,-0.74767734379394368,0.042863725217289553,-0.06467119235891719,0.11415264783139416,0.99135604596530202,-0.26054444361209617,5.9597592762596623,-1.8239632146024367,0.1568245922159783,0.1182163906718763,0.5117370892018779,1,5
0.98460106704967687,0.089609826643126625,-0.15010269062753387,-0.049395646680525214,0.96624906617286432,0.25282961102109602,0.1676926022627386,-0.24152188532109214,0.95579619692552398,5.2005259205456671,7.9311803554255498,-1.0596759414668517,,0.1184418944178563,0.6666666666666666,0,5
0.98601962739643867,0.042697725285609354,-0.16106582084484494,-0.015142134559461864,0.98557293097401388,0.16857257633516665,0.1659397786848355,-0.16377698857509587,0.9724407888726706,4.0795285009835149,-3.2725814141678837,0.038082507467350341,,0.131183449429372,0.3116883116883117,0,5
-0.70976891550828669,0.70370821913347825,-0.031981696361795757,-0.70233228364780387,-0.71042593548536448,-0.044992816491125659,-0.054382441323007111,-0.0094727247258589772,0.99847524634415297,-12.646872202703811,-13.724091261201071,-1.6139162787792811,,0.1580272384898964,0.2692307692307692,0,2
-0.92617376036200039,0.34581904231328708,-0.15037072717265049,-0.35540508299388157,-0.93378936872614193,0.041528807304620483,-0.12605313403094337,0.091905412395315481,0.98775705645336853,-20.935881900176064,10.248905504033495,-5.7970186839412499,,0.1452542049563417,0.44,0,5
0.61572185995083217,0.77923435203926017,-0.11696330954894588,-0.76667750002684176,0.62672080721001422,0.1393794847264839,0.18191262224287771,0.0038541421850721777,0.98330714604173297,18.527895605950466,-5.5020582843233452,3.2499530057380812,0.09535040217140936,0.1988036072417706,0.2083333333333333,1,5
-0.85221150658883527,0.50090698751214169,-0.15108851014918406,-0.51305285562082792,-0.85667491444333432,0.053710876950766186,-0.10252958293537945,0.12328941894995522,0.98705997983814597,0.077565804712952574,8.5161540371775395,-1.982113605278909,0.1985703887370474,0.1595292005349288,0.7048458149779736,1,5
-0.93938486175526936,-0.25640814176905069,-0.22762017999196787,0.26779792348381937,-0.96326531727935194,-0.020104743332440032,-0.2141036050205315,-0.079842303080831692,0.97354242483620645,5.7080143236064806,-9.5707718136584408,1.3115987013811665,,0.186801524535261,0.4666666666666667,0,6
0.9843218047810558,0.066268753543733877,-0.16345958808318828,-0.039719354041441467,0.98621320444312144,0.16064211246295473,0.17185155672002611,-0.15163102481283255,0.9733833133802503,4.9154841812610748,-19.771575719736614,2.458471152774595,0.4134653230643388,0.3447114728571694,0.4210526315789473,1,5
0.88662896498402577,0.43671672364147707,-0.15220900677426519,-0.41484073114606546,0.89647635738049714,0.15568335954748735,0.20444130266057342,-0.074890880283572075,0.9760097898160649,5.4664082532547971,2.4775988896638106,-0.34005615931901506,0.2688367805983646,0.1879151832713332,0.4545454545454545,1,3
0.77111568247764439,-0.60300947880162092,-0.2043530589749861,0.63266181151664747,0.76176129207359911,0.13949468142848495,0.071551635100188957,-0.2368529129518108,0.9689071478427288,-20.994220112489035,7.6258169621502017,-5.4790415039680225,,0.2669311535895303,0.34375,0,2
0.1161806390781057,0.98755249988880589,-0.10602885959385464,-0.98756603859370129,0.12624060552223892,0.093683664177499945,0.10590268419519407,0.093826272870390165,0.98994002444567541,-12.944195778104302,-6.0669879660443646,-2.6464017876498196,,0.1077732054025836,0.2923076923076923,0,4
0.63170855176799057,-0.74564760751762649,-0.21202346810301537,0.77446859412908553,0.61897031103853728,0.13066809388896944,0.033803880411994162,-0.24674966961699971,0.96848949308342835,10.709094964047688,7.9616200510841297,0.013838780250207837,0.163822571558712,0.09226574185885339,0.4565217391304348,1,4
0.75279234701598718,-0.56925734039935871,-0.33052951861461494,0.65343989339919284,0.70688720407680783,0.27078919185765793,0.079498352112556417,-0.41982920469390955,0.90411473325981506,30.914413192129793,-7.875583617920598,5.8908826659007021,,0.3321806691559288,0.1111111111111111,0,5
-0.73488743243130483,0.66716219409087585,-0.12179929568915072,-0.67513340935449451,-0.73671070230436186,0.038108013377639444,-0.064306618849860497,0.1102358738617437,0.991822923150114,-4.7434831952234768,-10.321448017664204,-0.62831958590065429,0.1808856550537736,0.1096589277143981,0.3333333333333333,1,5
0.92792456817674229,0.34707300828161097,-0.13600118637850536,-0.32076696783411923,0.92930833282548753,0.18301523129952754,0.1899066826641789,-0.12619964129690453,0.97365758992369666,-13.021497722716175,-10.42642667640183,-2.1335109290999674,,0.09498610454065688,0.1935483870967742,0,2
0.44070258607496066,0.8901147856033147,-0.11609004727886568,-0.8832297952581375,0.45307019953367689,0.12096496626207331,0.16026964589438705,0.049224615233453908,0.98584510845264561,-11.245185603662256,-10.069097873426491,-1.8346586670229974,,0.09234323691004903,0.3170731707317073,0,4
-0.92468920188485804,0.36808518851127436,-0.097278846190552312,-0.36858137413824488,-0.92949777200010242,-0.013478222627981304,-0.095381604913676435,0.023392003878802199,0.99516589752594864,-7.7249294855706028,14.398539516226922,-4.0034759644880218,,0.2575848651673844,0.1282051282051282,0,2
0.68940442925714684,0.7137040956465186,-0.12388703232385621,-0.69979515921860014,0.700372679923283,0.14058749713716415,0.18710496533988885,-0.010226097714344601,0.98228669891773235,-2.721704394913802,-9.7123472853962252,-0.29304009134409847,,0.1008383366488371,0.475,1,5
0.35722601708389873,0.93119038410720945,-0.072622594725344408,-0.92191359636545911,0.36400622382984499,0.13256994323617041,0.14988293283385837,0.019594324673337798,0.98850956944569668,-11.451523997021495,5.5780186079521705,-3.7264444434254402,,0.1371528851650176,0.6059957173447538,0,7
-0.60983548227872741,0.78111427972671976,-0.13401927682569781,-0.79201057920979845,-0.60677015503282461,0.067447916062723962,-0.028634367002512817,0.14727681748480539,0.98868074324218325,-7.3744946076227871,-3.3246120337981808,-1.9683592830245182,0.1613328768504745,0.1371745182420049,0.6338582677165354,1,5
0.62831393065137819,0.7736626869602522,-0.081655687829192858,-0.74643380842785279,0.62909923563177128,0.21695787923791321,0.21922174660673352,-0.075367091843619977,0.97275979937584267,-4.0020802372447104,-9.315709307047058,-0.61760679901361615,,0.4365090557198297,0.1052631578947368,0,2
0.1295361839911281,0.98835892796384983,-0.079793524493954535,-0.98564736880118675,0.13712992107918759,0.098461409293762125,0.10825729265187867,0.065893962234536751,0.99193666346633258,-5.8029017789980122,21.278727793544626,-4.496589218059218,,0.1755964856163616,0.4545454545454545,0,2
-0.48605306943850868,-0.85073754905626553,-0.19999509072760474,0.85819993088230018,-0.50786123509699677,0.074631390978382436,-0.1650614804338662,-0.13536095637772153,0.97695041796679205,-6.0774740013904758,-4.4394059510640744,-1.580588256815264,,0.07776266435303837,0.4651162790697674,0,2
0.98663802763682995,0.0079757534181383698,-0.16273226409756852,0.018514748779269431,0.98684254019291651,0.16062068653580625,0.16187219186305066,-0.16148742434940946,0.97350870837319525,0.85952048072027576,12.464559776232138,-2.295374120917228,,0.09130913594496048,0.3684210526315789,0,5
-0.74170297684842912,0.65906483643244129,-0.12454009600308827,-0.66779696226271312,-0.7429608165942525,0.045348012065513636,-0.062641131270686976,0.11680225333391887,0.99117774505345313,-3.52956967905213,13.266361551426842,-3.1690539224760625,,0.09733429757854409,0.303030303030303,1,4
-0.24153822321504698,0.9700865146587706,-0.024319555985195224,-0.96901339280555499,-0.23978441312095072,0.059299913892924945,0.051694596328680613,0.037889171295240921,0.99794392598430848,4.986447447307115,6.969611488789452,-0.91535623755715512,0.1888773178220221,0.1092961668872833,0.3875,1,5
-0.58992811106721477,-0.70299553451216223,-0.39721795305427549,0.78791504193780038,-0.60875015853264347,-0.092806956499157808,-0.17656361590322975,-0.36772343268065183,0.91301958719226628,-8.9644725767656528,-4.8383096034183435,-2.0898516611221791,,0.1245675458942503,0.1568627450980392,0,5
0.3423121707204228,-0.88329571872464585,-0.32032959753882384,0.93958624091231191,0.32190273571852984,0.11643163069028178,0.00027141286650810893,-0.340833246646566,0.94012372819508094,7.1500444672939079,-5.8722868397104824,0.95663167589764053,,0.1932952219025436,0.3548387096774194,0,5
-0.50474659847925585,0.85951043316522802,-0.080453008668064541,-0.86325809105574602,-0.50298071260598187,0.042377717885326134,-0.0040422209749878509,0.090841719636416629,0.99585713956525346,8.0686249978705558,11.146394580451496,-0.81436693558460704,,0.09729899426311786,0.2,0,2
-0.87130449630784768,0.47061861162007901,-0.13909204546097068,-0.47957279925720092,-0.87668365224286349,0.037890686226639755,-0.10410766026734096,0.099719086873588561,0.98955429299597175,-14.127643107646344,-2.6724513214556329,-3.2407038393744783,,0.07135174580526085,0.2941176470588235,0,2
-0.94855199041694127,-0.26274319697650717,-0.17667805160411085,0.25548227940250323,-0.96475391190942483,0.063076892494511622,-0.1870238658229525,0.014693600580773064,0.98224547426527364,-4.6665313850618126,-5.4869731814748484,-1.1658383572995623,0.201812650768971,0.1305816302758883,0.6304347826086957,1,5
0.16236173919357977,0.98003972119088045,-0.11472057589699369,-0.97910599099782947,0.17444048038284635,0.10450826376875781,0.12243416205534474,0.09535545968587078,0.98788522221455588,2.1642290654271688,-6.4046132619539922,0.13486675341610857,0.1805602482824828,0.1045929412199607,0.3333333333333333,1,5
-0.025535858165218771,-0.95348130681215393,-0.30036863602505742,0.99388663436302782,-0.056499069700726011,0.094853640718138926,-0.10741172181051332,-0.29611020361132451,0.94909507918593772,-3.7891122970835487,-17.298147430715005,0.51648368618978024,,0.3399879850478868,0.8269230769230769,0,4
-0.23779833456918167,-0.94670528443508239,-0.21725804127537346,0.96223556995141368,-0.26011776356727517,0.080258687984763918,-0.13249399985055946,-0.18996803283565245,0.97280906991256577,-25.714635736497865,18.65951212044358,-7.5912741936769894,0.8396960659692523,0.7471959074999114,0.9204545454545454,1,5
0.52384609784908265,-0.82971383119934194,-0.19276987338482107,0.85172456724661427,0.51346226667013206,0.10450723541716156,0.012268957447859939,-0.21893254445714683,0.9756628586046836,1.3315652717866324,4.5359307808242892,-1.391562770670395,0.1615268234189734,0.1255895048082673,0.5555555555555556,1,5
0.74477347009540074,-0.61591001427199543,-0.2568410647881802,0.66316816553875613,0.72597874276464969,0.18210669748754379,0.074299814656677995,-0.30595705478600965,0.94914162176603256,-18.309932255391764,4.7263519789153117,-4.801248470786307,0.182064687880738,0.2170372380575024,0.4485981308411215,1,4
0.89052712540943979,-0.38803788989051075,-0.23746164936536618,0.4445239998712443,0.85321442966773275,0.2728068007679349,0.096746330413459578,-0.34849925827193029,0.93230274832558813,0.49490633906882181,-5.2022911583725922,-0.35158317330517463,,0.3013911002835704,0.1830985915492958,0,5
-0.87815170968698764,0.47752936710701854,-0.028553079066729988,-0.47072292099306323,-0.87318906274694508,-0.12633602950413564,-0.085261400560740955,-0.097501611522485473,0.99157648687579281,-6.4267463372075406,-13.690795461923637,-0.45456663705548117,,0.4599715720004836,0.1666666666666667,0,5
-0.9837843528583009,-0.04050114389104572,-0.17472264997615605,0.043761896821937867,-0.99893163629536408,-0.014848649595571918,-0.17393459534468578,-0.022254063713911486,0.98450572024264904,-7.1977458862399306,-14.775225919867374,-0.4336776935443582,,0.1253277379367661,0.3478260869565217,0,2
0.51570418193926737,-0.83428703170573881,-0.19497267874750909,0.85676649143556238,0.50233595218596983,0.11666092016871787,0.00061309342525940808,-0.22720858229618718,0.9738459242854639,5.6801374428300244,1.41370665866808,-0.15973519803263683,0.1896745070902313,0.1136703304450749,0.4117647058823529,1,5
0.84464913837561328,-0.49828454142079764,-0.19565364505268085,0.52703734179590001,0.83809319787931669,0.14082411732772279,0.093805508335313106,-0.22206374636461068,0.97050925763563356,-13.788120846294568,10.557746756802167,-4.6419815741938306,,0.07518752266651174,0.2419354838709677,0,4
0.52597838961411858,0.84891284810375078,-0.051900963221482625,-0.83336870347404512,0.52661026316201587,0.16786373879555336,0.16983326449470429,-0.045040060577349078,0.98444301775890586,-17.0450004346893,15.58949952317362,-5.7729529969800799,,0.08694588326943438,0.2352941176470588,0,1
0.80860404325942126,0.58178510782558712,-0.087667494186186634,-0.55632006323689009,0.80453949781267808,0.20790426570762174,0.19148756738915884,-0.11934104395258502,0.97421261886904786,-10.306035767370416,1.2541331269880371,-3.1039846118942389,,0.2219303096704784,0.4647137150466045,0,1
0.7996232398974833,-0.56499971423339435,-0.20341582320959217,0.59528881576291348,0.79035574863914926,0.14480682449608029,0.078955050778535402,-0.23688206666869813,0.96832483519081902,-12.473534836481697,-0.71372429526363168,-3.2051687546351326,0.3974887380292047,0.3852495560774846,0.835820895522388,1,2
0.33431431409424883,-0.92130591873578482,-0.19856823384948583,0.94188088045927643,0.31921310709418321,0.10470625236601921,-0.033080907136157515,-0.22203242187052211,0.97447794085928929,-19.310666873092579,4.2786211637751883,-4.9104791091033473,,0.07640955415799744,0.3235294117647059,0,2
-0.94431011431013967,0.30318657518695336,-0.12789178487290112,-0.29381418405225962,-0.95188124825100684,-0.087151101414779317,-0.14816083578758416,-0.044721246119826322,0.98795160654974101,-8.8053207585324778,-5.8383745988983717,-1.9417144267433875,,0.3444699002237505,0.5066079295154186,0,5
0.87697954144035917,-0.40836002790939441,-0.25327647245825236,0.47387981542785784,0.82233148695005498,0.31497435784611183,0.079654280645277464,-0.39624867593009039,0.91468146499124692,-18.387469409024344,-10.489795625864465,-3.0222750851437663,,0.7868525198420497,0.3536585365853658,0,2
-0.96977010524408636,0.17537815536524193,-0.16967158157911622,-0.18502927981936831,-0.98180389924698552,0.042723167402950707,-0.15909151009528941,0.072825861094117275,0.98457416448508384,0.14253788280273247,-10.017482474205506,0.32018366390059333,,0.09129636393923501,0.2916666666666667,0,5
-0.35319311009239651,-0.91223226869235918,-0.20757387826904408,0.92360968593023651,-0.3753299715343657,0.077926635522535995,-0.1489958893362838,-0.16419409375615182,0.97511051913949021,-9.6042798940560949,-15.915697573309057,-0.72124559088105522,,0.07971175390407058,0.25,0,1
0.8604715625043069,-0.4401640926060274,-0.25660136730288413,0.49980140139786255,0.82701920426567244,0.25736704322136289,0.098930527554087377,-0.34970674479638864,0.9316211372450629,-4.0241517117384875,-11.931023360631368,-0.27866606554478118,,0.408191053312966,0.1666666666666667,0,1
0.97204131405953131,0.18008807943358801,-0.15067835746165098,-0.13987749458195409,0.95952242244142527,0.24444019174762116,0.18860002722930549,-0.21652945406586174,0.95788570573479437,-14.883152809365688,8.3151237311309671,-4.6409533684134967,,0.1917420443456427,0.1714285714285714,0,3
-0.68826593483826914,0.71285875189482684,-0.13461947403014399,-0.72384690039143862,-0.68717175388403762,0.061972941334435566,-0.048328746465323653,0.14009775341126801,0.98895750755743095,-0.73723491411336117,4.4033785340018889,-1.7674847701290148,,0.08488883244311204,0.4747899159663865,0,5
0.365216213758708,0.93079344947433418,0.015513594793740999,-0.91863232584246446,0.35764544978679502,0.16794160343424669,0.15077057778299555,-0.075586286206373796,0.98567486840870144,-17.319973289304272,-9.5803846441051821,-2.9442395396424872,,0.2662427666027714,0.2173913043478261,0,4
-0.56192757651365177,0.81691771691100556,-0.12993399305187195,-0.82684734799123383,-0.55922151731629266,0.059956298170638279,-0.023682522529439139,0.14112667489660838,0.98970823971475019,-13.922974275215241,-4.0109570065594822,-3.0420955773303873,0.1601867420208176,0.1590393901377609,0.6235955056179775,1,4
-0.98470430491441296,0.047634358192087001,-0.16759594208288678,-0.061001625313004855,-0.99527552065143798,0.075534361062898278,-0.16320610770493285,0.084602635370515891,0.98295786303186428,-0.66489202460333041,13.045293981864667,-2.5942487476346363,,0.08999827602817573,0.5294117647058824,0,2
-0.93697352256460198,-0.30088077660269902,-0.17762707080801732,0.2931034723587258,-0.95357682621423145,0.069149049150725866,-0.19018667804064845,0.01272771692600928,0.9816654382821639,-14.184501939433169,-7.0960362658151874,-2.7158328443704978,,0.07354962974989086,0.3448275862068966,0,3
0.33014957711624093,0.94280296460142898,-0.04608499396468807,-0.93125734665848114,0.33330207764484893,0.14720556827862713,0.15414607041560849,-0.0056828669160171735,0.98803172722288757,6.9144543096164544,-18.904869952641153,2.7547974603533985,,0.3474184014465322,0.35,0,6
-0.23727159058455397,0.96399926131947677,-0.12003173112547945,-0.97009441873417102,-0.228617216586495,0.081553583741332231,0.051176274212634654,0.13579246096800479,0.9894146736843793,-10.782829835092858,-1.9082176729383775,-2.7664188816137902,,0.06757951629477461,0.2658227848101266,0,3
-0.96991750013904776,-0.17399793870274871,-0.1702491123360515,0.16556695509941088,-0.98420743489608431,0.062636319131783053,-0.1784590325624584,0.032564434932353052,0.9834083237772635,6.3081473633647054,0.097770709065846659,0.089556109909218709,,0.09433479946096117,0.3150684931506849,0,5
0.92599373780042227,-0.31195353725672276,-0.21265132999212907,0.35943089788535099,0.9007810066008034,0.24372732262217395,0.11552067866721204,-0.30212343295458127,0.94624331123660033,-11.93678313424294,-12.67878825271562,-1.6394944489496677,,0.6212487259282018,0.4545454545454545,0,5
0.97801993134593268,-0.12035291515561831,-0.17027093029534424,0.1411879017940452,0.98315826654298866,0.11604223074028289,0.15343725192107871,-0.13753180992676009,0.97854075591217848,-14.485183281263595,-1.0923557159240536,-3.460709578764201,0.2410428700634868,0.1450441795017665,0.6333333333333333,1,1
0.77587092277080161,0.61519912189748116,-0.13983687501998365,-0.60143510965680202,0.78818455041828162,0.13054088767142291,0.19052590393670024,-0.017180072715238047,0.98153182578590081,2.0144485922284314,-7.7287085430433926,0.36058132851501451,,0.06702960562735952,0.2068965517241379,0,5
-0.0077895741903319616,0.99761435179173297,-0.068592475047158527,-0.99551678627659557,-0.0012704465392667252,0.094576499232687877,0.094263729904205798,0.069021670979139735,0.99315172967668708,-11.576514908394794,1.3319799714511402,-3.3103296371598172,,0.07040215300217824,0.2692307692307692,0,1
-0.38301037843882019,-0.88649168546297497,-0.25968354128278293,0.90897806256122882,-0.41175243123368332,0.06495242224572241,-0.1645051117460716,-0.2111691904094106,0.96350694923869029,18.337144002103607,-7.4221981902350542,3.4459279050818985,,0.3542838525190689,0.8571428571428571,0,8
-0.012735580182723156,0.99388790812568895,-0.10965687884921924,-0.99554515077145123,-0.0023573754710592,0.09425654118594104,0.093421934110025667,0.1103687857250924,0.98949030988924369,-7.3038642921290347,18.772646443060324,-4.390450423418212,,0.177401288057431,0.3888888888888889,0,1
-0.88888321357209144,-0.39818627756537261,-0.22657078582285259,0.41608484257107814,-0.90863210192927635,-0.035512070147869369,-0.19172907033716585,-0.12583875278394274,0.97334709733241065,3.7872962824699332,0.77959525075434888,-0.47580711365086042,,0.08352997830918873,0.2234042553191489,0,1
0.86819174500278629,-0.40354628037277146,-0.28877931627164438,0.48534350092018858,0.81177139967970247,0.32475972776283751,0.10336720961481333,-0.42211087910566575,0.90063179253071568,-0.3032580287054758,14.139038822776831,-2.7131304433362233,0.434576959019971,0.3133475209026756,0.25,1,4
-0.92076007922760583,0.37544073208388068,-0.10604307234842837,-0.36918418312456142,-0.92638598342122724,-0.074243172422363085,-0.12611072686898889,-0.029210724280750614,0.99158601147634728,7.7118535142925335,-9.0798163339955309,1.5947340192915052,,0.2088326681532346,0.3055555555555556,0,3
-0.48133102223514246,0.87509279058460343,-0.050329463546962674,-0.87653870383140431,-0.48049818751663831,0.028308876325055753,0.00058967756860714925,0.057741663121851826,0.99833138417075129,-7.3702720864710809,-10.514669456439742,-1.066536638234078,0.2221855613816016,0.214181846640025,0.2258064516129032,1,5
-0.84377221494508903,0.53008700120728824,-0.08400131211904513,-0.52852593038144147,-0.84789308727502555,-0.041685170812363496,-0.093320899058509613,0.0092240827342676985,0.99559335378286928,-0.67965638727657551,11.54950759129755,-2.4538362718410447,,0.07333686974317165,0.2666666666666667,0,1
-0.9740757378828192,0.16280974167236525,-0.15706509760166512,-0.17030421423818459,-0.98475514622099913,0.035408708024648378,-0.1489057805484979,0.061239611427881965,0.98695328081495659,-19.442620663057848,15.519401572870487,-6.1376515377540173,0.653434817492079,0.618417962334059,0.9482758620689655,1,5
-0.98870219855288088,0.020566385430608288,-0.14847554130907126,-0.020733255749319401,-0.99978495306092741,-0.00042395635878848315,-0.14845233134826605,0.0026592147864549342,0.98891598930039881,4.9543499736772629,10.869234715415935,-1.381988637311097,,0.1068583118411098,0.35,0,6
-0.38858945731908201,0.91131701601658577,-0.13601297724514466,-0.92129472718463812,-0.38193898756519956,0.0730659663554378,0.01463759960666672,0.15370070297918978,0.98800902555667924,-6.5947055600807571,10.502044901940867,-3.4164544952515064,,0.07174208678303383,0.1621621621621622,0,5
-0.76434225482696683,0.64471021836591191,-0.011386475337323574,-0.63725771324961955,-0.75796617248356857,-0.13924757906145313,-0.098404900233143647,-0.099176689323591471,0.99019213282318008,-11.044121801656775,-8.3060571222445336,-2.0324867921199554,,0.350583680575113,0.4324324324324325,0,3
-0.35487897840139726,-0.90567053602867198,-0.2319952388699352,0.92385109211868277,-0.37777024952043292,0.061553214119054178,-0.1433878317009393,-0.19248511305243202,0.97076743403005405,3.9242546536204754,7.0196106071204003,-1.1344606216487441,,0.1971316445383485,0.1126760563380282,0,3
0.87068702172945422,-0.45293207583046191,-0.19172022552616011,0.48060590086587168,0.86633163536449898,0.13596861998114351,0.10450874721666627,-0.21052798448325402,0.97198553976107194,-21.54224508174698,11.829777134086211,-6.0602508079773303,,0.07996323170953774,0.4615384615384616,0,2
-0.23083367427094514,0.972142194537851,-0.040686219063809925,-0.97138233910829297,-0.22784474793792503,0.067105306091293573,0.055965758201583296,0.055012039011805798,0.99691599920589469,-22.317242523705499,14.609166392552007,-6.5897862459714469,,0.08264212444274585,0.25,0,3
-0.94303523627557784,0.32352706553150085,-0.077555019252395926,-0.31324742275010614,-0.94198236165941174,-0.12060382441271096,-0.11207406159803383,-0.089439746148631358,0.98966657846255845,22.827941325612514,-7.7202693337316148,4.2748724866303878,,0.1853539022245814,0.4615384615384616,0,4
0.38157720321855326,0.91974976254271679,-0.091973976137401395,-0.91443983601488965,0.39014007544627105,0.10765922087698658,0.13490227682648157,0.043024363253793635,0.98992438088655932,11.403714454618546,1.8505702576636158,0.85486322987219587,,0.1090940006891791,0.2857142857142857,0,4
-0.61311710960409704,-0.73182570768959565,-0.29752066058568283,0.76954238072363634,-0.63840718010394071,-0.015517624236104104,-0.17858312960891926,-0.23846887838113795,0.95458926238604158,-2.5487949164071333,23.294270283349213,-4.1905170709579407,,0.2115853521989353,0.2352941176470588,0,1
-0.90144550022362457,0.42443855001118491,-0.085134760180445551,-0.42355148678052856,-0.90540367276120171,-0.029126060436144838,-0.089443547406074991,0.0098033981317273405,0.99594364560073778,-32.509280791289449,13.360165077561176,-8.0927620461663725,,0.4454419648960715,0.4615384615384616,0,4
0.49509287384512202,0.8673166781372873,0.051427872721703613,-0.85998137767616367,0.48075470656287039,0.17119270477405329,0.12375409616649392,-0.1289833010220707,0.98389442103279789,-8.298033955982115,-12.408097942823289,-0.95082788611618019,,0.2132960496933383,0.2608695652173913,0,2
-0.58670077443073099,-0.78106623412249643,-0.21381706946846446,0.79042940688883923,-0.60975202366540893,0.05851343744214977,-0.17607826103110572,-0.13467742034075469,0.97511970467354514,4.0243019019445763,9.4086966018962528,-1.3948358575569644,0.7553900395638909,0.447037659763002,0.6862745098039216,1,1
0.017997395548689742,0.99800297950918193,0.060548712985990294,-0.99469115740564762,0.011735149338965046,0.10223398480449269,0.10131927325280735,-0.062067214862502204,0.99291594090674951,-5.7465183963895736,-9.7065489770866069,-0.91783889245411721,,0.3604636004772267,0.2222222222222222,0,2
0.84057119779761502,-0.50050474094746034,-0.20720778393245384,0.53415484997062279,0.82945178707355371,0.16336563033070808,0.09010359418993498,-0.24800148630523075,0.96456031698616573,12.270912565078138,-10.830473658771911,2.6976407858585589,,0.08047205499618379,0.2307692307692308,0,4
-0.18624525290309993,-0.963116067714472,-0.19421674974438213,0.97450027485108859,-0.20626219847866981,0.088346589033745995,-0.12514759320982585,-0.17281014318886925,0.9769722280212626,-11.429528313138373,-4.7759382313554459,-2.5147821500454981,,0.08077606164450318,0.3478260869565217,0,2
0.63226651133821055,0.77472129305311255,0.006780614302753357,-0.7520656274854185,0.611627349279382,0.2455794730193081,0.18610843773234134,-0.16037114361253091,0.96935274575421571,-5.2962892769737397,-1.9996870499841797,-1.8275412381707108,,0.2180800832810266,0.3539823008849557,0,4
0.59866636080372848,-0.71853134055376189,-0.35399336305082746,0.79531304400593472,0.58578071829713552,0.15600676942141606,0.095266733312500684,-0.37493154403611695,0.9221445585214173,-1.9233299192490296,8.6947107810276041,-2.3671222894911002,0.4602619327445813,0.2586551528660352,0.3076923076923077,1,2
0.98009711017859169,0.11599890340466865,-0.16110216953377773,-0.092300591836182805,0.98474304145913361,0.14751861931467206,0.17575623848462979,-0.12971274689378501,0.97585057663917241,11.423453240256878,-6.7953174845973967,1.9437599451015939,,0.08338171925746198,0.35,0,4
0.97395777067871947,0.1736670970289598,-0.14576007801889143,-0.11479365017915441,0.9321032417807027,0.34351996236092497,0.19552155587833611,-0.31784160531849726,0.92776507539111241,-8.2064784911904702,10.134564538704938,-3.6594757049935818,,0.3073789049146609,0.2,0,4
-0.82782772240716873,-0.51487863607814566,-0.22271338559787532,0.53141215607373238,-0.84693720060852062,-0.017277112098643795,-0.17972863542359158,-0.1326550727854412,0.97473085991624542,6.5122475435358478,-21.979662342854763,3.0801559269061802,,0.2485501807594034,0.2941176470588235,0,4
-0.83121721719207486,0.54788428953245971,-0.094343749803450991,-0.54873931981965574,-0.8357785762752743,-0.018956010211477567,-0.089236185078284389,0.03601356303933248,0.99535919473820478,-26.573826915004389,4.9495997064733004,-6.148808721188443,,0.1327229326378151,0.2,0,1
-0.024148282785952001,0.99863012317632627,0.046419150394265515,-0.99468108540959443,-0.02865168188195891,0.098937452229810194,0.1001319068373345,-0.04378308132339212,0.99401038376012385,0.38130956170944241,-6.9546443879615261,-0.057553826327880961,,0.4784670897601541,0.1538461538461539,0,4
