axis_00,axis_01,axis_02,axis_10,axis_11,axis_12,axis_20,axis_21,axis_22,location_x,location_y,location_z,dbh,dbh_approximation,score,reconstructed,number_clusters
-0.95511372692098129,0.18395202148513573,-0.23220556074014551,-0.2010912727215054,-0.97817934723742994,0.052225134498633495,-0.21753176476634015,0.096575454592186014,0.97126366805721431,-3.958129994640903,6.3820270157591494,-2.8099103888030901,,0.07103879355485533,0.1609195402298851,0,4
0.10770594209778901,-0.94778182259507415,-0.30018168964010206,0.9906162381098117,0.076758117005797238,0.11308253740913536,-0.084136192152913111,-0.30954451736718441,0.94715536895375529,-21.160528986541031,15.90941571171474,-7.6806241559167194,,0.1401891123526746,0.3571428571428572,0,1
0.43117567755171149,0.89044677068436984,-0.14557501044341575,-0.87658019091580075,0.45163680380459054,0.16622685205222618,0.21376319604141741,0.055935194886152326,0.97528280513459653,-5.6704592677177201,21.90073613560579,-4.7611652815502632,0.1673827015361304,0.1577851626412188,0.5384615384615384,1,4
0.5239035995015684,-0.81105677719166869,-0.2602151467550724,0.8509921230008638,0.51151382944830492,0.11902104382676253,0.036570821973017427,-0.28379659345135533,0.95818686513937523,-6.345712730580539,-1.0144313398081473,-2.4316156858451787,,0.07127529653188801,0.3693693693693694,0,5
-0.76359251630399094,-0.57863582310893924,-0.28654328339638691,0.59607355171522403,-0.80230369809234647,0.031703264389411977,-0.24823938041765201,-0.14659249722406437,0.95754260989653872,-7.6903511526750989,-6.6041856068350935,-1.8800470563115808,0.1187802389609938,0.1683943648060519,0.1907894736842105,1,5
-0.09928929333367835,0.99486083199441444,0.019838376765290388,-0.99159710104664733,-0.10058573924801972,0.081349236356681218,0.082926626756335567,-0.0115945686988438,0.99648820391989801,4.8862842043764418,14.615898154349662,-1.3906606455976345,,0.2496735123837557,0.3181818181818182,0,5
0.037850840038419702,0.98629697244804571,-0.16057894023876007,-0.99428596478256848,0.053223049067370583,0.092535005724143207,0.099813496806699015,0.15615885881943933,0.98267577392923833,-10.758555355726143,-19.60860571885917,-0.74883151095978551,,0.4622388143803298,0.4074074074074074,0,5
0.33901119779710875,0.94073413882840851,0.0095230148032459522,-0.92001775499620819,0.32939670216259648,0.2122855225778307,0.19656738859715939,-0.08072851198417344,0.97716128100376276,8.0245137469993413,-3.3872595578345779,1.3245575715781774,0.8293948417546781,0.5830620933063225,0.2954545454545455,1,2
-0.89214519359947053,0.38354588214553548,-0.23868286454323936,-0.41271798318350167,-0.90684490824882436,0.085417672293991956,-0.18368674392646311,0.1747136762602863,0.96733360917178401,11.583575610636199,-4.6270862215478292,2.3375199886463252,,0.08005948302358371,0.3333333333333333,0,5
-0.90932799146014864,-0.25753853104203134,-0.32679735154337863,0.30336290178088349,-0.94791491954093343,-0.097099202544558574,-0.28476929920575328,-0.18743321568073218,0.9400932059585615,3.8115783278081401,2.9211756559383444,-0.47824654345691842,,0.264846009332866,0.34375,0,4
-0.94617325188278478,-0.14133796986546404,-0.2911696338835254,0.18338248417046293,-0.97538601095760613,-0.12244588244477024,-0.2666965352625093,-0.16925042954899053,0.94880306185027441,-13.850985797881293,4.9134399996502323,-4.7901282081546155,0.1691125951730103,0.1361354112788729,0.3488372093023256,1,5
-0.96398679633153894,0.085956085655133976,-0.2516763950737223,-0.09269707900611858,-0.9955809216442979,0.015029304761843739,-0.24927235715616461,0.037817718026584006,0.96769474120771792,10.454257737480482,0.54327995888001812,1.4507550033145542,,0.1149316205390604,0.15,0,5
0.39238384636217571,-0.87991578654527769,-0.26792373112964402,0.91979184831306149,0.37402594641122316,0.11869097349011211,-0.0042276341925854832,-0.29300648456918826,0.95610110715841112,-18.298368367369715,13.536646907280547,-6.781366712104183,,0.06590168415508385,0.2857142857142857,0,1
0.26930153597576328,0.95845890385718768,-0.093985170840791513,-0.9531715103588565,0.27921143222526984,0.11621122129523048,0.13762541393692579,0.058288126849227545,0.98876778856670766,-24.370330096614619,11.992774271943642,-7.8944395521932433,,0.3361154004124963,0.3095238095238095,0,5
-0.18123746111063915,0.98343934991443482,0.00016652339747674121,-0.98220212478532876,-0.18101793943196529,0.05011478495403051,0.049314995258571942,0.0089191167543461215,0.99874345084159011,4.34404834073157,4.6819306501935314,-0.51798793945669597,,0.4920569650958508,0.25,0,3
-0.043730410687985222,0.99085761461470612,-0.12762773499954957,-0.98877810623816942,-0.024660170414928725,0.14734222958529572,0.1428478484441382,0.13263884632776987,0.98081671511027946,-19.046554887586076,7.3839571711449077,-6.236281427399418,,0.3459964395786441,0.1428571428571428,0,2
-0.96576926517701389,-0.062812976973788487,-0.25168284876634184,0.064296447893519626,-0.99792811442336715,0.0023335020246045913,-0.25130796491103674,-0.013928688635806243,0.96780695306717024,-18.155739260890279,-6.1800855669725205,-4.2806042570257432,,0.08152476591765455,0.4166666666666667,0,1
0.96357296355914135,-0.033543198985685301,-0.26533374775866997,0.14017454352383202,0.90825870797703046,0.39422990339620539,0.22776795482626636,-0.41706231331265475,0.87987543752997099,-8.1944997295499462,-11.67566173920889,-1.2962723474196494,,0.1673823381797905,0.2105263157894737,0,1
0.88204666924619135,-0.39639368363644517,-0.2546874964438347,0.43808909781388022,0.88893644712517383,0.13367847750887996,0.17341169409333124,-0.22948647137816497,0.95773918360171428,-4.6785806151061387,6.9513322156868025,-3.053275782724918,0.2835775362503584,0.249740808530962,0.9028571428571428,1,5
0.92693692895699331,-0.26754113374912858,-0.26307731085749092,0.3184292860661489,0.93176794356969894,0.17438832848357894,0.19847095382241858,-0.24541850192706521,0.94888304832613291,-15.522033745070948,-5.7003489572630279,-3.7493578411425501,,0.06765413108710547,0.3125,0,1
0.92098642200678127,-0.22854661355015229,-0.31551617377545743,0.33737583313944025,0.87287179455670483,0.3525228751170999,0.19483725950807226,-0.43111631342610446,0.88100917509709809,-2.9952543887987764,33.35793303426059,-5.020557865529482,,0.4159356436212761,0.25,0,1
0.049166641639611298,0.99753792727128943,-0.050007249526257742,-0.99062456554545542,0.055092782782622987,0.12501102120670737,0.12745827351631267,0.043392037755400237,0.99089430292623759,8.7153361527875131,2.0166760951224294,0.86414767081112387,,0.3038912812235374,0.2,0,2
-0.45535893173201514,-0.85225015206235366,-0.25752266230678217,0.86439265044187741,-0.4924867698105585,0.10140082555693428,-0.21324537311262792,-0.17642692501785803,0.96093701717375779,-22.249637272281348,5.6138068326499466,-6.6687396671159176,0.5307698717152721,0.5097474694266747,1,1,5
0.33933096666154494,0.93532812802322729,-0.10007890883250758,-0.93003132988821324,0.34954364144019845,0.1134062086267135,0.14105396304571191,0.054594282276534817,0.98849544452759486,-16.98248436470611,16.083090170149195,-6.8054769564630169,,0.1797953768661526,0.4444444444444444,0,2
-0.91799207739560884,0.36972411988218956,-0.14350826114281565,-0.36077635355632909,-0.92877041748067379,-0.085005495865695002,-0.16471480975763167,-0.026259984579478767,0.98599160475959047,0.86285990577285632,23.814663995442462,-3.2830303414061217,,0.5234400186647054,0.4285714285714285,0,4
0.82013945530602439,0.52698632257638267,-0.22283781022923274,-0.50850150200479494,0.84987375081915351,0.13835038896747515,0.2622927683128265,-0.00015325144413734677,0.96498833164178188,0.28901146064609429,3.0155197776713072,-1.3687646907450228,0.4997612245843803,0.4456143077787639,0.951063829787234,1,3
0.44719404976546645,-0.85283436323584261,-0.26961274216638198,0.89434955572129071,0.43056622634436836,0.12145615222251803,0.012504160727169474,-0.29544250475462153,0.9552786883149984,-4.5736644298651798,-0.52899599667875596,-2.1031506229179131,0.1106631077181038,0.09114976554411655,0.6034115138592751,1,5
0.54512576825726866,0.82101281073274179,-0.16963449352842855,-0.80662926372866184,0.56878450971730676,0.16072775865481445,0.22844502112867382,0.049215303700846161,0.97231205186563119,-12.735582382023697,26.85189907987823,-6.814728430476193,,0.1616315668395189,0.1666666666666667,0,1
-0.55201004341668602,-0.78468247189593443,-0.28206086269880382,0.80159985904130648,-0.59253433588043491,0.079628680685339195,-0.22961397595108238,-0.18214411629810309,0.95608626333920177,-23.872761648072775,8.017663250445171,-7.3045090100586361,,0.08791381231162279,0.16,0,2
-0.85254539268494023,-0.42810624771129396,-0.29981893549647093,0.45163471033711833,-0.89214274865536902,-0.010363611356542519,-0.26304456244216085,-0.14424408720012954,0.95393983116201486,-7.5408455254385558,15.488381307302909,-4.7659527615891548,,0.1169917252229773,0.4444444444444444,0,5
-0.1599218316360117,0.96319380513705599,-0.2160618002141548,-0.98426729137593671,-0.13893517671648581,0.10915546618577786,0.075119284432552988,0.23011890495210741,0.97025892559150584,-4.5865904874813719,12.185833928887908,-3.6780153397622493,0.1830647837476362,0.122982714602059,0.5185185185185185,1,5
0.22927747474405008,0.94592847355946941,-0.229458411230541,-0.95928543675233613,0.25953893754612811,0.11140462617102842,0.16493420024322139,0.19457354087048837,0.96692184109329626,5.5272209114170581,-3.254794118771823,0.74805879167403433,0.5402587874634923,0.4721445560069361,0.9935344827586207,1,5
0.46068451452503389,0.87420838161960623,-0.15339323186784701,-0.86035919925841964,0.48230543023418121,0.1648135923339821,0.21806381251423745,0.056046208369974572,0.97432386617546474,1.7834027848409666,-5.6434613278498693,0.2690967961424634,,0.1980495747423463,0.2555555555555555,0,2
-0.38232565229208876,-0.88498896486917578,-0.26574730037991545,0.9025466203520891,-0.41931223180552663,0.097912462686264953,-0.19808254261910552,-0.20241488166153321,0.95905762183066812,-33.729250921219894,7.8455068463448683,-9.4649468034416611,,0.0907871957315569,0.5,0,1
-0.23450232821510561,-0.93132712958227437,-0.27863674518221282,0.95846087386006895,-0.26937987582685652,0.09374025698119702,-0.16236197627858687,-0.24508010976729599,0.95581082252471006,-5.0577759236701194,-5.7317372253489314,-1.3295503603879093,0.241740734672864,0.2122702155378008,0.7558823529411764,1,5
0.9205952506979419,-0.28426512965181433,-0.26776430019035408,0.3391897713241015,0.92183989941724054,0.18751399646830222,0.19353212503741207,-0.26344740633843405,0.94506125762939541,-7.3667444402501339,-11.525701155831866,-1.1277163847322003,,0.09319278190192978,0.2608695652173913,0,4
0.88371301721056783,-0.31297296889437681,-0.34799313779733354,0.41381879285478856,0.86984185893707056,0.26856870093349766,0.21864425419571412,-0.38134375723530661,0.89820466984137814,-17.581034249771644,9.4632099354098269,-6.1152374354072014,,0.2536822270250726,0.3023255813953488,0,2
-0.26293905614470808,-0.85658016908912815,-0.44399714714958466,0.95028251880122971,-0.30949189563960489,0.034320562265105027,-0.16681183175817929,-0.41289851108552544,0.89537066756111472,19.576086342356877,-4.1614313557552496,4.2601096489783936,0.490645225178498,0.3861249752037787,0.2727272727272727,1,5
-0.36910503723909832,0.92702930569313557,-0.066167498598830532,-0.9291929261919496,-0.36663381406088535,0.046692101066553353,0.019025703654923121,0.078716661344790995,0.99671546081475215,-11.460865225714787,-11.651181177657008,-2.044048070908139,,0.4037958732041627,0.3055555555555556,0,4
-0.37465819520233135,-0.88743900908575402,-0.2684832246540293,0.90622029264997228,-0.41170543729561193,0.096246631580674105,-0.19594901877051829,-0.20724535713526379,0.95846405461485462,-2.2533882248619981,-9.0960560738011171,-0.19577188757678679,0.4464998204130574,0.4208618914363368,0.9790575916230366,1,5
-0.32356493633309913,-0.90766619756900313,-0.26729722364137026,0.92795125460277461,-0.3596199179641863,0.097877391079696507,-0.18496540502724673,-0.21636910221669614,0.95863038265488298,-1.8260907503855044,-2.6079969989177396,-1.1093851200982334,0.3333205097266659,0.2912324768694549,0.9280788177339901,1,5
0.92441806565128282,-0.28097092924311706,-0.25788869075203785,0.32646132598413452,0.93254661115123838,0.15420707074262846,0.1971655206526271,-0.22674248598487379,0.95378907653378897,6.2457655242463845,0.35155491011920603,0.39414645831704281,0.2635465473025574,0.2490629178773511,0.7720588235294118,1,4
-0.8991032903820193,0.39232654217190011,-0.1941472573374797,-0.39776798204273023,-0.91741022504105663,-0.011794551783377972,-0.18273999476272135,0.066621042453243712,0.98090148894604234,4.56990737113495,-4.7462161494430912,0.8002194750014443,,0.1667276411986633,0.2790697674418605,0,5
-0.86626072894064787,0.44758720578751421,-0.22194152993647831,-0.47180021764255958,-0.87901897111809335,0.06877647160856161,-0.16430734654193818,0.16429041855755133,0.97263135577799131,16.829262279699353,-2.8014226998448337,3.4009673175721367,0.5926306785582423,0.5372483237356713,1,1,5
-0.57084614798898492,0.8169690019903173,-0.081831076695124044,-0.81996151989542243,-0.57239285403194973,0.0054338332645993258,-0.042400250198867985,0.070200216809523722,0.99663140043998677,1.640412627553685,-11.777137639613194,1.1113715040571248,,0.3451442476961597,0.1071428571428571,0,5
0.86329734250018653,-0.4164526686086843,-0.28510502142337146,0.47711780302875534,0.85760927144671384,0.1920024467595402,0.16454877837629003,-0.30178388349502983,0.93906878725550702,-13.124308926776308,-9.5653036201856132,-2.6802704308071168,,0.8168282203819959,0.5680473372781065,0,1
-0.069446862727428463,0.98446325663382073,-0.16127377218646097,-0.99342382697163945,-0.053495738590140778,0.10122897785573692,0.091028749647238782,0.16724324288481168,0.9817043671325052,-0.36015375211143352,-29.355773023476889,3.1351125850744981,,0.3538202485498791,0.4347826086956522,0,4
0.86127460190542171,0.4696807212960144,-0.19392287166683567,-0.43071319741906272,0.87727746019935471,0.21182634254316834,0.26961491368561907,-0.09891550873863951,0.95787448052929736,-15.435099653385054,-21.606842682491418,-1.5053517321296535,,0.157525541371334,0.3636363636363636,0,2
-0.297132028137092,-0.90273608881943868,-0.31109502052929211,0.93558991899444888,-0.3403431498306978,0.094010870856932494,-0.19074606504748146,-0.26312372433192227,0.94571763458370617,8.6178777138757106,-11.75546911238315,2.7926054188251119,,0.07413110609299203,0.1875,0,2
0.07086391905013309,-0.95832233059090899,-0.27676093594953799,0.99335405929457576,0.042571431267520707,0.10693636482891182,-0.090697397205452085,-0.28249952908039128,0.9549701556643081,-18.114554859723466,16.770542656577941,-7.1287353208885351,,0.08571663387078227,0.3125,0,2
0.82994902394555681,-0.48379647538852982,-0.27771494027771287,0.53747891315415941,0.82679095500705635,0.16593111412011702,0.14933531252333335,-0.28698029047332724,0.94622474989476113,-9.0492258026161405,-22.793580626059338,0.15902099299718947,,0.2930070108469228,0.44,0,1
0.76814555822768571,0.61259114586341834,-0.18623772277608083,-0.58455620380313711,0.78965524041055513,0.18638306223316639,0.26124020741520881,-0.034302905152354277,0.96466412016191749,-11.264831902865103,13.313908824836929,-5.3260127705328975,,0.09208485128530697,0.4074074074074074,0,3
-0.30132299082275904,-0.91578528200667875,-0.26559701139428143,0.9361597922840742,-0.33704093360145265,0.10004125342926433,-0.18113337216610489,-0.21849651332917808,0.95887954152266996,-2.5498167912446945,-5.1505952217544486,-0.8236787048558768,,0.08451978700581445,0.4285714285714285,0,5
0.91148118460837457,-0.30692994329865292,-0.27385408525636434,0.36452414906471681,0.9111780187616586,0.19203323377536019,0.19058907327955216,-0.27486110680171483,0.94240499633341179,0.20439193851821597,-10.012281974894263,0.57227041722032423,,0.08005274802129958,0.3783783783783784,0,4
0.77863064966291173,-0.55997857946642815,-0.28312241512157543,0.626175125915445,0.7225299847649248,0.29301046534274927,0.040484850132970721,-0.40543114292609417,0.9132286489457897,12.734892556035753,13.71607573879564,0.6688850069769563,,0.2726792594297941,0.6956521739130435,0,5
-0.96622916984271257,-0.07734147204870194,-0.24580375921942643,0.079538171425081461,-0.99683132549007525,0.00099388533183138281,-0.24510175566775574,-0.018590460538629894,0.96931910336356453,-2.3731492464990809,-16.168850877435762,0.72140550884005028,0.6349946101898639,0.2286211367763394,0.35,1,7
-0.96021102409793824,0.16464099519879449,-0.22558397970764632,-0.16835858558992783,-0.98572185522540445,-0.0027947789082576413,-0.22282319416736721,0.035295422237700921,0.97421971716349209,8.6571855933439981,-17.599533429145634,3.6351417752801423,0.3011842311784056,0.2153209266561778,0.3125,1,4
0.61206825499344264,-0.72292806771698492,-0.32054244669976084,0.78803722855817937,0.59145711502688936,0.17080927226123493,0.066104293624742058,-0.35714631454217127,0.93170635522857659,-19.822610369741263,8.6529708000748098,-6.551487364917203,,0.08267307228587914,0.3571428571428572,0,1
0.71149444568151199,0.68227234345665888,-0.1681668906726819,-0.6517125830355035,0.73019284576048871,0.20515632360078861,0.26276674614104117,-0.036371106037057274,0.96417362532278983,-11.550203033550408,-7.5489421688980762,-2.6137257377386236,,0.1149299571891424,0.1935483870967742,0,3
0.51277402641453196,-0.80489129871775311,-0.29868511024669098,0.85814318696173131,0.4908837151402381,0.1504109333834506,0.025555205062612205,-0.3334414123329113,0.94242440335320354,-15.253496794922381,-15.248183008277255,-2.3715207708053674,,0.1651149700622188,0.8333333333333334,0,3
-0.79011291310843468,-0.51537974665786224,-0.33182118870587535,0.5456841475778792,-0.83798804971854934,0.0021999116128115074,-0.2791959806686079,-0.17933138393426468,0.94333973684707828,-7.5459934118121739,-14.928553582801737,-0.64187581012717543,,0.4610617304592903,0.32,0,4
0.2083045532368373,-0.93520997583592846,-0.28634160402876263,0.97559862759481386,0.17790173798371273,0.12867901716088173,-0.069401231515858211,-0.30615890109441113,0.94944731098926483,-21.89905454206945,8.1047651379232448,-6.9578628150238817,0.2525843736064558,0.2328936204639279,0.8105263157894737,1,3
0.95118813066469476,-0.17258430522210935,-0.25584330687669854,0.22020751274555392,0.96037247248225521,0.17086066085771584,0.21621700074929212,-0.2188592508653005,0.95149925743410813,-8.5727902665770337,17.914700730423313,-5.2102338336961305,0.2236975886873427,0.1639725453484286,0.2727272727272727,1,4
-0.96963801698788155,-0.011704427495920806,-0.24426445175015132,-0.0063211543467112091,-0.99732059372204751,0.072881248244165503,-0.24446300133053736,0.07221246232400165,0.96696597730508105,-0.31808451697683421,6.725555510452585,-1.9924763712217046,0.381954209226473,0.2331461155640088,0.8338658146964856,1,5
-0.90982527917979161,-0.2683847367509562,-0.3165242399004139,0.30734133056527468,-0.948283687961331,-0.079368467748998209,-0.27885348821877981,-0.16949241937496012,0.94525819323751004,7.672452369970487,1.7305118339215608,0.62565254629046707,,0.2939878203483889,0.1794871794871795,0,4
-0.88737723875844954,0.3957603257819336,-0.23650666094299941,-0.42596979184125056,-0.90002980907442354,0.092174178684585967,-0.17638416190846326,0.18253796129691449,0.96724791036911251,-31.654378865301215,7.6364534427190982,-8.9651450866657445,,0.1469656730444225,0.2631578947368421,0,1
-0.10977516651733925,-0.96045776389802962,-0.25587164083596103,0.98427549313695151,-0.1408837365571079,0.10655292761683084,-0.13838773943561841,-0.24015132009152895,0.96082057483808869,-9.4097982337683757,8.2363915044451499,-4.2179702642376098,,0.4302626074657513,0.6789667896678967,1,1
-0.897076681131033,0.39431367959807995,-0.1994245477687086,-0.40193235662141413,-0.91566599132737025,-0.002484557751539238,-0.18358597133683038,0.077926339631007577,0.97991003501343199,-31.505555752431054,5.2293978667544883,-8.6536973010099363,,0.1650375722759589,0.391304347826087,0,2
-0.97542154489749544,0.090259020994680625,-0.20101273312619689,-0.073555537259725454,-0.99330439284462657,-0.089084039502029325,-0.20770746902366072,-0.072108891855635793,0.97552955620377568,-12.109115202944547,22.217422255662942,-6.2705172877976239,,0.5234057537227295,0.5897435897435898,0,4
-0.69128001915473647,-0.59488140746879292,-0.41018050437017928,0.64381992751785833,-0.76479605333228395,0.024143275218179883,-0.32806681643885621,-0.24739261883756605,0.91168473503528835,-16.328145204549241,12.111670714640209,-6.1473606870249693,,0.2413257167354695,0.2727272727272727,0,2
-0.61866956303841625,-0.68574113876860088,-0.38341500018934666,0.7639081715191619,-0.63906804220845215,-0.089645651953150995,-0.18355456206835183,-0.34835488804981302,0.91921520587710948,9.74441651107316,-16.365477869168515,3.8022199134640133,,0.3381886203428408,0.4583333333333333,0,2
-0.75428488859993459,-0.58761046106251003,-0.29286217386287638,0.60197489563916795,-0.79702496443386517,0.048758907795490698,-0.26206970799769608,-0.13951756921298866,0.95491063248395225,-9.0472798007850717,16.424435758165114,-5.2250865417791799,0.1783333588608732,0.1459339633078728,0.7068965517241379,1,5
-0.96598088016294503,-0.088400639313371068,-0.24303552441692075,0.067013033093221194,-0.99322692127187984,0.094918576982736147,-0.24978028856430456,0.075402982897018314,0.96536221057951244,-5.1771559312304269,-2.2971864168913272,-1.9975482498529957,,0.07243306896933717,0.2958333333333333,0,5
-0.34704894539295433,-0.89419791864088105,-0.28278456782497047,0.91945916990947296,-0.38382433493746515,0.085286076115601642,-0.18480223042761648,-0.23041042122293351,0.9553843066645219,0.51933263160491372,14.179430627478851,-2.4906183677330187,0.2097149229764148,0.2271694604488023,0.7040816326530612,1,5
-0.93376190282367277,-0.25556125706447314,-0.25055369229516433,0.27220146747403268,-0.96165471741501085,-0.033564349814015064,-0.23236839273037255,-0.099542193873155133,0.96752068799526025,-11.286199901242895,-13.877970122810256,-1.7330148711980633,,0.3147964090681751,0.3103448275862069,0,4
-0.50612832684727793,0.85532326469531772,-0.11070785714536298,-0.86245806447156015,-0.50187398655757876,0.065487316671035634,0.0004514318824160619,0.12862587021181288,0.99169308847118065,3.0141445081060709,16.967459363839428,-2.1063134648988733,0.3802787605422109,0.2777418459018755,0.4,1,5
0.57092943093876403,-0.70827240777687306,-0.41519848418544369,0.81883012252359444,0.52797387830394271,0.22530160735487229,0.059639042044071867,-0.46860834415388358,0.88139060833062044,-1.9949512514138663,7.3960989237623354,-2.4506059302194356,0.4252987319380755,0.2816859940188881,0.25,1,5
-0.2678944738735814,-0.92865891929364963,-0.25656414886797374,0.94816766363949301,-0.30136552690984386,0.10078145076737831,-0.17091118306425224,-0.21626703587625859,0.96125851709978349,-14.716615621180999,7.7498351765190394,-5.3123591123329152,0.3484299091093935,0.3001851420705172,0.8443396226415094,1,6
-0.96477893457352515,0.11352306789150529,-0.23730596380974925,-0.12884908049970381,-0.99040028674554181,0.050051837815692113,-0.22934585642115751,0.078865613995252506,0.97014467636100388,-4.1910155208788016,4.6532426100318602,-2.6626109729697882,,0.06519620237652193,0.1476510067114094,0,1
-0.82336122115529342,0.5191619081150961,-0.22923178806604666,-0.54919549879930818,-0.83069550706308726,0.091264881766097511,-0.14304056626091696,0.20103703068711726,0.9690838501885497,-2.0470663718806277,-1.3870795957992217,-1.3467203546814033,,0.09389111220211495,0.4859154929577465,0,5
-0.60861998912554804,0.77704285352175684,-0.16058054872114741,-0.79090886806663208,-0.61032975249170274,0.044280420469733676,-0.063599302279014627,0.15395452904732523,0.98602897104265652,-13.010512516564672,-17.769034565088099,-1.524387282277206,,0.3525706501463416,0.4333333333333333,0,2
0.97098712731872228,-0.077208023039368023,-0.2263248103052076,0.13502542093005721,0.95814771626128514,0.2524303656970468,0.19736295063662951,-0.27566623841456595,0.94077414436960749,9.1447766602426643,14.198867153793554,-0.25164028792206394,,0.1455204296129775,0.1621621621621622,0,4
-0.82538828204181336,-0.49134963883450322,-0.27804624846465348,0.49900929175927322,-0.86527975693091785,0.04775635019011109,-0.26405285570501402,-0.099330129682666593,0.95937980733974815,-11.008385856958647,-17.399606177418512,-1.0814332251264185,,0.2191117659538873,0.4444444444444444,0,4
0.91255541621903957,-0.28741860234562644,-0.29091778796591528,0.36970687942159353,0.88389437687000394,0.28643944184754594,0.17481257288204974,-0.36894617163384819,0.91286323553919302,-6.4790615243728835,-10.399124952981191,-1.0125436067211018,0.6699534312712274,0.5711431658858258,0.5196078431372549,1,5
0.87721733964282,-0.35936118151402824,-0.31835401717398609,0.44703524083635654,0.85321118163400234,0.26868229004735167,0.17506922196763705,-0.37800822842307297,0.90909875523184813,-7.202840832005406,3.7771726441991742,-3.2361330769378629,,0.4362222817178928,0.3124215809284818,0,5
0.97115426198192667,0.033973893350540435,-0.23601943565084646,0.010595537475492996,0.98267222055779535,0.18504875446653424,0.23821656957471146,-0.18221163935000523,0.95396634346576337,-7.3701046122904641,11.659134639983872,-4.3055026994552392,0.1890457070765669,0.1402709658368195,0.2121212121212121,1,4
0.064243247370547776,-0.95288552976696173,-0.29644893713424542,0.99450303272914009,0.036519310863902976,0.098132858037300638,-0.08268326952794014,-0.30112374050340635,0.94999366831858811,-3.2328898878814676,-18.279630592359098,0.76292360173334361,0.2337996754881911,0.2509938999770186,0.5142857142857142,1,5
-0.96144227324576037,0.15587280676632401,-0.22656659799452383,-0.16003834676754861,-0.9871107978679049,1.7219085707751052e-05,-0.2236436513293722,0.036275898932697517,0.97399567574845525,-1.3313999312353573,-9.8880570917123229,0.1467068828166794,0.389090351829565,0.3569628654812391,0.5,1,5
-0.17203945106242896,-0.83038927665372864,-0.52995856111269268,0.97328677008435449,-0.22631523386112204,0.038655893485346045,-0.15203713512462277,-0.50915131752837806,0.84714204558752371,-1.638599184294355,14.864797509516778,-3.0961548589093821,,0.2107968670956462,0.2162162162162162,0,5
0.22684825262277725,0.96256697380827272,-0.14833978298344763,-0.96248560769153457,0.24484789324756143,0.11692289835138243,0.14886680378328013,0.11625115098705228,0.98200017547123464,-23.679866800287261,9.4841916499801524,-7.4540803692244753,,0.2439575586694928,0.46875,0,4
0.96564139882173172,-0.083695494090570893,-0.24603201651521803,0.13162667896995961,0.97381875496052761,0.18534144131970856,0.22407834849656599,-0.21135774590977965,0.95137626467081293,-17.409903208745863,14.586326885836311,-6.7243744334704818,0.2394033042248902,0.2884046870108165,0.7727272727272727,1,3
0.77264672387171462,0.61118089917481955,-0.1716826973639585,-0.57202304705549589,0.78754510867763572,0.22926477146582144,0.27533011772715871,-0.07893421489942623,0.95810370836906733,-6.991926471492623,-21.789312439347508,0.49839210212373841,0.2476570652523078,0.2966586996422788,0.4864864864864865,1,5
0.66383320324881345,0.72854028143700378,-0.16898087639762807,-0.71197872673568952,0.68478832518629706,0.15540669986963948,0.22893617219706752,0.01714666183947439,0.97329040940898881,4.5657666900511078,2.4217570197020524,-0.22420426939028265,,0.12674289474634,0.3043478260869565,0,3
0.89130590850375824,0.39409886003821282,-0.22418712269635452,-0.36564807648742237,0.91715051216579202,0.15854470093658826,0.2680956203061457,-0.059338238519570694,0.96156316059947744,-10.69848806158533,-15.358319795774735,-1.3780120924436445,,0.1115355496433949,0.1875,0,3
-0.64996965968902709,-0.65306936771581536,-0.38863844693364413,0.71934044932187946,-0.69364822949600713,-0.037435967817733617,-0.24513008679704335,-0.30389559830362672,0.9206295160804665,-3.6284348169515006,11.369397430899324,-3.3183898148422095,,0.1463515980614892,0.375,0,1
-0.48597953151104706,-0.80998577169082553,-0.32824829719393722,0.84524570493074835,-0.53109660808401193,0.05912775302493517,-0.22222419591129963,-0.24871558563964852,0.9427390753604632,-24.403652131861367,6.738552023368781,-7.2951185986594655,,0.09177045196173725,0.2666666666666667,0,2
-0.15903926080734201,-0.93431685396065489,-0.31899612838860553,0.97566448771400571,-0.19814048837471376,0.093910352360096497,-0.15094807363998297,-0.2962977611655131,0.94309189148920358,1.2534359462838913,-7.3256334088071746,0.43939952100831509,,0.07260616940578556,0.3055555555555556,0,2
0.26604252769270975,0.94708119738157426,-0.17960673435358018,-0.94786672282650519,0.29092496705288295,0.13004360539226809,0.17541393678101744,0.13564611720046643,0.97510516441634254,-14.494903113763874,-6.1553328129026621,-3.4782066496809989,0.3663740420626747,0.2483577579257935,0.815028901734104,1,3
-0.85316812474027226,-0.40309461011898018,-0.33108742987343209,0.44868296950974879,-0.89081491384675004,-0.071640645866162492,-0.26605966210435061,-0.20967480669177796,0.94087657619885745,-15.972138964748751,-10.552883193166869,-3.2307453748621962,,0.6860131784653014,0.4761904761904762,0,1
-0.88094390448417748,-0.36830669706596114,-0.29713299050851877,0.39098077992075148,-0.92021188456301062,-0.01855039734220228,-0.26659307358731943,-0.13251514783357846,0.95465589020856711,-14.359521077666614,20.249141773900202,-6.7007178145499964,,0.198098314170087,0.3076923076923077,0,1
-0.83373704446719943,0.49675162114768878,-0.24108166162162184,-0.53111107928400991,-0.84088272657375462,0.10410216910161962,-0.15100848368510028,0.21483497628885104,0.9649053688409529,-12.985699444354127,-0.018384353327376125,-4.0204080495131267,0.379282230720089,0.3557995807660552,0.9835748792270531,1,1
0.78911639974905945,-0.54796397743562197,-0.27754420743372932,0.59958950646360709,0.78528188054838932,0.15435281604529885,0.13337065414030033,-0.28821493284581773,0.94823226115697512,-8.252089722621692,-3.2273090109018114,-2.4999628893567056,0.2612871594048743,0.2161661765949898,0.7715355805243446,1,5
-0.475728646653924,0.84693070387172398,-0.23746712949832058,-0.87932815926881036,-0.46453946564393744,0.10480969981910158,-0.021546300604773774,0.25867251051975165,0.96572474817188858,-4.9382152899061422,4.2524472991402602,-2.8164564367354625,0.4679888122530337,0.4263524991562269,0.982713915298185,1,5
0.44260302658409484,0.89317221638165967,-0.079661488452533014,-0.87144588900066555,0.44937060573935628,0.19659125423396537,0.2113873775854147,-0.017591207500282396,0.97724404629357731,-4.7718820269962015,21.627837552118798,-4.4894912337232409,,0.1127868019239198,0.3181818181818182,0,3
-0.70425314120578508,-0.65595459595360672,-0.27157150282959591,0.66429716531476979,-0.74380624263477613,0.073902297476449663,-0.250473130807569,-0.12835825436985857,0.95957666149118959,-4.9527099576737159,-11.880084495641695,-0.47907532480505777,,0.09200140691987754,0.3783783783783784,0,5
0.57686638949862801,-0.71485203276093823,-0.39523630896512124,0.81662072570864752,0.51587985788684765,0.25884080545719274,0.018861574958096181,-0.47207472235251197,0.88135673680178994,0.19756672437965758,-17.930525591619805,1.542325744868372,0.603518994053416,0.6564718895539922,0.4848484848484849,1,4
0.85841620290272536,0.45439667899759006,-0.23800269055207848,-0.43552461999051578,0.89076538202368483,0.12982811548472661,0.27099802208906243,-0.0077905265650012366,0.96254837785934477,4.3665895545906102,-10.053645839244904,1.5651915928662925,0.5701678113328954,0.4887649729090361,0.9770642201834863,1,5
0.91002969427863067,0.37098789291314727,-0.18497010256526666,-0.31814969043576868,0.91109271207935416,0.26208938259973702,0.2657569002053693,-0.17966093984990181,0.94715110551879911,11.873876529448339,2.3861245273582918,1.6359087783667532,,0.4957714786679068,0.35,0,1
0.37074846925459709,0.89986547134110906,-0.22975575299307946,-0.90911368383036806,0.40221646751312268,0.10832461924069757,0.18988913191057044,0.1687129122186829,0.96720115324214784,11.646184345391585,1.0939344398850546,1.6940462307182074,0.4834902137180022,0.4090484134877158,0.7352941176470589,1,5
0.88347308380135403,0.40182180923849475,-0.24086208464353076,-0.36996849358999712,0.9138251577768971,0.16747207159635816,0.28739976330761446,-0.058845684925322252,0.95600133965198786,-13.647258109559026,8.8678162802425913,-5.2217425111812332,,0.1427991101599824,0.2238805970149254,0,5
-0.96793647197854116,-0.00216476009588721,-0.25118578786918322,-0.00068601627193206238,-0.9999363558416241,0.011261156594574799,-0.2511941790635478,0.011072401722306953,0.96787338341576989,16.404936532790163,13.694029923945898,1.6255942830134258,,0.1777431899927025,0.4,0,3
-0.96093310890706141,0.15091769047789572,-0.23201597123264214,-0.1616404673693986,-0.98645786232702393,0.027807286127906523,-0.22467736760699888,0.064224111936366707,0.9723144264748792,2.4716451753677053,13.495864278103369,-1.9077258198206843,0.2958322594601326,0.2419873934341693,0.4210526315789473,1,5
0.82668001556210013,0.52079490797467376,-0.21300895684899993,-0.4961822466647276,0.85325515206928326,0.16049555620629899,0.26533625829311619,-0.026987206133224338,0.96377816988149989,-0.47497617496707351,-4.7836496237098398,-0.34909412308472804,,0.1141826130861544,0.4563106796116505,0,5
-0.92258625842583464,0.30868098043121245,-0.23141012960508892,-0.33200014030176117,-0.94077364603153446,0.068708469435314001,-0.19649555364798874,0.14021768523463043,0.9704269669295118,-15.116824740467262,-11.464433784655276,-2.8956495519822711,0.3070002705601971,0.325183095374779,0.8490566037735849,1,4
-0.68694219172105331,-0.65379739600926678,-0.31726864043737363,0.68195340387776915,-0.73080357049878686,0.02942271717143315,-0.25109755110912835,-0.19615072346980589,0.94787916609094847,4.2262963963215618,5.897932480068385,-0.68795397071587905,,0.1710884408600326,0.25,0,3
0.5871078884266554,-0.76546764424195168,-0.26336972674525549,0.80723346421999442,0.57798174542804837,0.11962957909870316,0.060650322262790463,-0.28283632646925522,0.95724874031716334,3.699071284958515,-4.7635448535374492,0.57210442128625916,,0.07127046407496321,0.2352941176470588,0,5
0.6941316388741462,-0.65085837657900203,-0.3075136444953937,0.71352245943910608,0.67860000632452322,0.17432077125898529,0.095220626913828571,-0.34041945457524064,0.9354398041332399,-12.529545407093321,11.227287650385295,-5.2405031969033935,,0.5401180594076909,0.4482758620689655,0,1
-0.7599964825556681,-0.59396692913159066,-0.26383448144812444,0.59643704573434764,-0.79866852512577824,0.079946466145153119,-0.25820185316665722,-0.096601625614700731,0.96124915029866298,3.3767274650193544,8.1689869888856972,-1.1793901548249408,,0.1114574781328244,0.6052631578947368,0,5
0.91273323552507091,0.34779365929653472,-0.21437726400218016,-0.26767510493413071,0.90547562200772369,0.32933863446037864,0.30865527529338715,-0.24321486077715479,0.9195533984118115,-12.944363514045866,-11.199891674288859,-2.4393078879479604,,0.4521015241852684,0.3181818181818182,0,2
0.69944763625740924,-0.62224614877768059,-0.35154336071851422,0.70843656199330163,0.66855323702052516,0.22617295793371872,0.09429019972952403,-0.40724231067108124,0.90843990369987848,13.804354248744172,-3.7327352637206102,2.7683885180891328,0.611673068308759,0.2710720350532141,0.3611111111111111,1,4
0.9431844315505945,-0.11846409891208541,-0.31043418843537407,0.21487186737993355,0.93009744487280999,0.29790740784634723,0.25344271283515324,-0.34768520289195121,0.90270803197974281,-9.5574723371767547,-12.734971597642287,-1.4199144470554528,0.7020518411787982,0.4716990146613299,0.5849056603773585,1,6
0.70656141246323279,0.70528620147357735,-0.05781301262635688,-0.66123437379258876,0.6871097758843957,0.301080153446253,0.25207156391208729,-0.1745036672825791,0.95184473354210786,-1.0119625268927845,9.6948056879806472,-2.4481380605766727,,0.3397690181124133,0.2653061224489796,0,3
-0.81971054406314448,0.55250663172480263,-0.15103326074681669,-0.55127488161542448,-0.83258776765962406,-0.053792323276298668,-0.15546906075358563,0.039166708358957657,0.98706400000441763,-16.90868302168116,5.5129960334171271,-5.5363995204230045,0.7017990675475898,0.456150887680513,0.3866666666666667,1,5
-0.17168006193561161,-0.93822808720623052,-0.30042305622425802,0.97412013140124754,-0.20718221853255589,0.090363144714785404,-0.14702355570656536,-0.27713459672380752,0.94951592370330062,-17.455559947092052,-8.0334259408056834,-3.8728429359660361,0.1623623354194497,0.1522661989102241,0.4888888888888889,1,2
-0.91052909002256122,-0.32606207079816552,-0.25420523639275794,0.34848334021343269,-0.93611077957211131,-0.047497052146231587,-0.22247727483132881,-0.13183373754735603,0.96598329583275877,-3.9885993202713173,27.392590552796584,-4.7930334556253884,,0.2912756591031078,0.3636363636363636,0,3
0.22269864776576048,0.94901006557493517,-0.22312599068858027,-0.96066793796427008,0.25257333075861993,0.11542887661661948,0.16589884041421057,0.18864413064539134,0.96793128202484779,-11.244752188204679,10.036636935201988,-4.8045649818992882,0.4361989623071942,0.3887315148622777,0.8901515151515151,1,5
0.57288265004683014,-0.77337178363262449,-0.27148030049381738,0.81805128530452875,0.5600951920715147,0.1307114013006524,0.050966301483711951,-0.29696710272227955,0.95352659953134256,11.653210156790555,-3.3162983518207962,2.1775752461091638,,0.09724067273793142,0.45,0,5
0.88495880875081823,0.4340341651688796,-0.1687075880939769,-0.39896528657867292,0.89352738123050324,0.20599883275532538,0.24015538078404683,-0.11499201040730155,0.96389949197152125,3.4008458674610469,-6.7932018708960218,0.79918198804978591,,0.1476669027639527,0.2978723404255319,0,4
0.18523014190992831,-0.87070399230153739,-0.45559230932731221,0.97854611017776416,0.12086998086150084,0.16684710960189914,-0.090207010725306486,-0.47672319590796702,0.87441276849054506,-2.9803486644045929,20.349283875092503,-3.9565936300890718,,0.2654303657157922,0.24,0,3
0.072178884929172266,0.97496656271238757,-0.2103102711784976,-0.98929448730662106,0.096797220280771451,0.10920950293195507,0.12683306333567046,0.20017617175555061,0.97151576122375993,-21.128989316462391,9.8584439068822665,-6.9522587434246006,0.1962345357977485,0.1475489923763902,0.4782608695652174,1,5
-0.068763762894361535,0.97351441732660748,-0.21803950139789818,-0.99296417045205376,-0.045667609638229585,0.10925486546783561,0.096403843860463453,0.22401818829542899,0.96980521250494467,11.433320085807592,9.2701002995605535,0.79708905130926577,0.5316965816528377,0.5290570620564347,0.8717948717948718,1,5
0.45292006185291933,-0.78977080732321969,-0.41367316745370147,0.89109775432214933,0.415805657059373,0.18179782121754254,0.028429031168337449,-0.45096311097189917,0.8920897167490367,-0.086732864117826464,18.063817611397496,-2.9960283292777423,0.4207249611209004,0.4741279380253703,0.3829787234042553,1,5
0.76775772999670633,-0.58594548160536486,-0.25926041081615614,0.6291163399984282,0.76608663215007955,0.13162029778089165,0.12149361619972901,-0.26415746180489696,0.95679681050655019,2.9351596094359915,-3.2919684491937198,0.16270785144223285,,0.06932709628452044,0.2857142857142857,0,5
0.9438687398411717,-0.21788703080864388,-0.24826808847701928,0.25441196952241801,0.95889564758014667,0.12567293589144959,0.2106806866192634,-0.18178112899100712,0.96050469516207559,-13.634792905653027,11.366688447983583,-5.4639178711266627,0.3742622952784362,0.3550832601302479,0.8645418326693227,1,5
-0.95469479488086939,0.18279944689440553,-0.23482378679016511,-0.19432481303522503,-0.98057347473116196,0.026711939137370438,-0.22537904886257351,0.071133837719844578,0.97167086066478658,-7.1118797641591911,17.395448810211786,-4.7895506976154074,0.2940587880064761,0.3052210869287441,0.7058823529411765,1,5
0.050957718831766689,-0.9589982806999291,-0.27879312851295451,0.99388653146699379,0.021319073080489446,0.10832848051872219,-0.097943215487184446,-0.28260890774631797,0.9542218462194535,-8.1487240394020919,-1.1792839123183039,-2.8653949783721147,0.2441208888749984,0.2238071278886787,0.7593052109181141,1,4
