axis_00,axis_01,axis_02,axis_10,axis_11,axis_12,axis_20,axis_21,axis_22,location_x,location_y,location_z,dbh,dbh_approximation,score,reconstructed,number_clusters
0.86360386712193393,0.49985613664512496,-0.065819475463209598,-0.49348106630081218,0.8647995452663485,0.092726391657018278,0.10327050834897313,-0.047598205484319187,0.99351377088594861,-6.6933310875384162,-6.9661678525185389,-5.0982544046967995,,0.07591126436525153,0.2808988764044944,0,5
-0.97872954875632456,-0.16818936075309471,-0.11747684589188614,0.18607773072226791,-0.96890306891504374,-0.16310095394037566,-0.086391831329656443,-0.18149154794776173,0.97959035800840366,-19.238983835009741,-12.915799042742911,-5.8328888778364734,,0.2738448528305058,0.4,0,2
0.36265367796439285,-0.91914818881612248,-0.15378204334362502,0.9319000805883616,0.35649100380983567,0.066905933982429486,-0.0066745530415045998,-0.16757318162133794,0.98583704492324586,-4.318792845559714,4.4105529080830532,-5.7905950395238781,,0.0702451396563419,0.2157894736842105,0,5
-0.73263405668187465,-0.64864896178162179,-0.20615980056617109,0.66676993652339223,-0.74480650985256747,-0.026098172921255353,-0.1366206087618218,-0.15658156743646551,0.97817024182945156,-20.341134838839434,-15.144440211479784,-5.7942934415583727,,0.162162722659824,0.3571428571428572,0,3
0.85312004620348469,-0.50070491907601578,-0.14656319721828162,0.51945963088815827,0.84131680178138846,0.14949157473876004,0.048454913510422554,-0.20366792347695964,0.97784022125461811,-6.4060958432973782,-11.027771002557023,-4.7447893198023081,,0.2049480128312758,0.36,0,5
0.93505292157698594,0.35091312946449305,-0.050358806774788746,-0.3386418580770606,0.92616776547440438,0.16593662089564812,0.10487004247381841,-0.13810592226833024,0.98484974916276147,0.39563075203508202,-4.1031736993112427,-4.670806131480437,,0.08438070264987305,0.3043478260869565,0,5
0.66153784337772648,-0.696270181129513,-0.2785238170229305,0.74964271450846809,0.62394572052601283,0.22074315033914574,0.020086870426291495,-0.35482329786409311,0.93471757495477048,-11.390629529936916,-14.799099466295178,-4.947176032623676,,0.7387615530607946,0.4545454545454545,0,2
0.26280204309956867,-0.95196832092086336,-0.15713498052885999,0.96477427924926928,0.25723588796140023,0.055138807057853505,-0.012069641326305643,-0.16609037873345561,0.98603666759935016,-9.4176581331527878,-0.47338833953483955,-5.8369077612639124,,0.1464001920598051,0.2666666666666667,1,3
-0.66832601158951799,-0.69294875555724955,-0.27048542364516992,0.7375738468898968,-0.6645131721174754,-0.12002943166744354,-0.09656688157379216,-0.27972176578527053,0.95521231730389833,-16.996750561889556,8.5073931859642986,-7.2048875469533682,,0.142579706177304,0.2727272727272727,0,1
0.057808548143015004,-0.97853270264556413,-0.1978179001373897,0.99767049592946999,0.049436392993783697,0.047006644207075655,-0.036218135145851135,-0.2000744683884822,0.97911105283600164,16.546089153692233,-2.7568370312517594,-3.158303775913887,,0.09282551887603674,0.375,0,5
0.83849931248625031,0.53774375088917026,-0.088037272445998266,-0.53495727940134397,0.84310741691109659,0.054686312410053541,0.10363210012152328,0.0012417443953879265,0.99461492342275759,0.89155023163273472,-2.7673163296515222,-4.7364485930960187,,0.2683126624244214,0.9048442906574394,1,5
-0.47987515341818332,-0.85637721969549541,-0.19062501073702093,0.8726885760187062,-0.48826561018631615,-0.0033679661263140322,-0.090191387717003149,-0.16797247243521349,0.98165715098790118,12.251812699321194,-5.5236547371462841,-3.3613123214599616,,0.2802812831114633,0.4285714285714285,0,5
0.99062342294114025,0.099598523124171084,-0.093516672908438403,-0.071988150212350138,0.96229558025154005,0.26230692415061535,0.11611606327026443,-0.25311529076655259,0.96044245503350156,26.356945156656082,-7.433517924786984,-1.7922771183896056,,0.3148672984265095,0.2142857142857143,0,5
-0.28120673506800525,-0.94631774566486004,-0.15939101728820915,0.95731628220254039,-0.28819667070466892,0.02209558382687727,-0.066845403598891642,-0.14637418909945163,0.98696823088850161,-0.27404882721861462,-11.772393495601202,-4.1174662565914097,,0.2884912535029786,0.4146341463414634,1,5
0.83253991357362644,-0.50880094129445175,-0.21908649991430146,0.55120610926037716,0.80027752998732504,0.23606715169930723,0.055218814011677768,-0.31729714328254938,0.94671717288949442,3.7870755031811232,10.146542077614004,-5.5327897890933961,,0.4692156205261434,0.25,0,1
-0.90400397744321104,-0.38553705856464815,-0.18476467530394811,0.41447936680133657,-0.89629068923519772,-0.15770179100522949,-0.10480297353996013,-0.21914419194588031,0.97004750392626082,-8.1387331631955782,-13.818320346155987,-4.7093691157079371,,0.462058508994422,0.3636363636363636,0,1
0.57050925162981048,0.80978747334923229,0.13697971313833379,-0.81128905403316032,0.52971709715878323,0.2474062808088186,0.12778601101362286,-0.25227771400648624,0.95918021789697461,-2.3052969982361096,-9.6710001750588077,-4.4596981000803124,,0.3971321443632758,0.2753623188405797,0,2
-0.98842772002098156,-0.095027105884267479,-0.11823912821645141,0.11013821668597684,-0.98555781110584173,-0.12862882333869338,-0.10430827157689396,-0.14016294130591059,0.98461877615913784,6.3344529645238383,-0.40408880924847806,-4.3229478424900742,,0.1845398350504432,0.3260869565217391,0,3
-0.98385335808040963,-0.14927569015470599,-0.098738736687976253,0.14941693176921267,-0.98875604912404769,0.0060046499713173971,-0.09852487145170892,-0.0088455440443075094,0.99509527486366045,21.102111235216832,-7.1341612015687312,-2.3668504550930116,,0.1198120144129755,0.5600000000000001,0,5
-0.5332074598847496,-0.80623832367297832,-0.25626074643659191,0.84137004561426454,-0.53697967003414127,-0.061231367068483741,-0.088239736322724679,-0.24825913761835763,0.96466634103335713,-11.989570560615851,-0.34995583106927342,-6.0759221601927198,,0.2420248043410347,0.1846153846153846,0,1
-0.81539615949360367,-0.55003325966726224,-0.18053397559154541,0.56919515451309632,-0.81861279818758326,-0.076746092554007966,-0.1055745194727174,-0.16533753325637179,0.98056999797811661,-14.382522962411988,12.122604695127524,-7.3888958410395764,,0.1385249828875893,0.1578947368421053,0,2
-0.34474913499410198,-0.9281014020459476,-0.14062653178247439,0.93675855288091892,-0.34977284029791289,0.01193204904362187,-0.060261492889467236,-0.12761954282271729,0.98999081044444803,-9.7263174282759639,8.9271575014815934,-6.7135693089613282,,0.2190001915494681,0.585635359116022,1,5
0.84039594751525681,-0.52552939592070391,-0.13248964270143915,0.53909991764689669,0.83571596575080176,0.10464274166092125,0.055730872889661651,-0.15936649149813673,0.9856451649526472,-4.4770736210433171,-2.1098453212586965,-5.2887340970097156,,0.1254119256586455,0.506993006993007,0,3
-0.97575935706027161,-0.19643006017270534,-0.096482685337171664,0.21077857764362523,-0.96212833358024885,-0.17286254923673405,-0.058873324314621632,-0.18900873308564173,0.98020897287338915,-10.349441266524689,4.63043478470368,-6.3507027230054911,1.111207595258231,0.4336342852164155,0.4222222222222222,1,2
0.99512501865115877,0.032495885721437384,-0.093113987486905775,-0.017462874928500134,0.98729617967390271,0.15792815328670567,0.097063099341428039,-0.15553221856739813,0.98305060080025375,18.71985394715049,-3.9651083046842794,-2.8428943850579755,,0.116689899420649,0.4230769230769231,0,5
-0.090615762942532263,0.99588159978766089,-0.0029364452510182194,-0.99556760073493378,-0.090511858260566236,0.025549087676602765,0.025178083192140325,0.0052385798255467223,0.99966925600829637,13.982065881866694,-3.504441949078585,-3.3413497990561702,,0.3691512329357134,0.1923076923076923,1,3
0.9794489432363267,-0.15049247061570617,-0.1342824779381995,0.17375937137897138,0.96764836197034976,0.1829325789302787,0.10240824405889812,-0.20250596007050969,0.97391164264767516,2.74050687316136,-5.7637796202068676,-4.3143833158176168,,0.2185521415910829,0.1756756756756757,1,3
-0.65487257878843608,-0.74753668532881667,-0.1110441787694951,0.75213383607215023,-0.65900997205411371,0.00074119405692941434,-0.073733290896159362,-0.083034696487937876,0.99381519458739398,21.79644702060936,-14.699883920055479,-1.7826133496297663,,0.1613543086995221,0.4210526315789473,1,5
-0.94630776370756498,-0.26497134907303038,-0.18518045392860849,0.29850865102700691,-0.93611326513908133,-0.18596919124598099,-0.12407337187657892,-0.23126205698528646,0.96494749048334727,0.8829258348047424,8.3980897925277187,-5.6299288042455746,,0.1590846019052471,0.3636363636363636,0,4
0.99397067535115058,-0.046119728439730612,-0.099474957605540232,0.060038037630147624,0.98807166743362052,0.14180907605815038,0.091748191151103803,-0.14692634434842111,0.98488320056588941,-13.92206411452865,-8.2083640741790376,-5.6373643284055097,,0.1698826915989669,0.5476190476190477,1,3
0.34915018283351651,-0.86272049686324637,-0.36579706685450153,0.93703185544058121,0.31806661789332263,0.14423913640716857,-0.0080902235386091214,-0.39312462511770691,0.91944960569307876,-14.375299454407266,13.143220952058689,-7.4995566009379004,,0.1077361533061361,0.3333333333333333,0,1
-0.66622489559943554,0.74515718549523369,-0.029751594719332176,-0.74511751693086381,-0.66677301075548556,-0.014616363803944479,-0.030729048900107771,0.012430648932675975,0.99945045125849385,-21.880384965157791,-9.7196847586363262,-6.3051175459186322,,0.333752092473024,0.7666666666666667,0,1
0.23518414095006973,-0.96238402134082646,-0.13603461071888878,0.97170267667693822,0.22964728147262428,0.055281409633880861,-0.021961966771064236,-0.14518650619150258,0.98916052814265332,-7.3238816188841538,-8.2271825778620222,-5.0180904891127707,,0.08904749508206167,0.3026315789473684,0,5
-0.87317670728750241,0.48692721771929443,0.021548143648653637,-0.48319930793076926,-0.85900369532427634,-0.16920721094109434,-0.063881661420016972,-0.15815984339706879,0.98534491284566594,9.6906901736705553,-0.77040782760405813,-3.9887755370363314,,0.2462825142014069,0.3636363636363636,0,3
0.13526910149828161,0.99074156444332206,0.011550872878182197,-0.9885869274223783,0.13417626190861739,0.068502683668691985,0.066318603041909771,-0.020685338397773548,0.9975840614534397,10.447974281482702,-9.7262033539676889,-3.2346428285523254,,0.224680261657308,0.1818181818181818,1,5
0.6245366800819161,-0.77036198793255672,-0.12843808929152872,0.78076890247918851,0.61981575584243631,0.078919894392440126,0.018811064661599559,-0.14956883484894076,0.98857235824608614,3.9437699700075362,-9.5320208844567542,-3.8687367112659241,,0.1914071576024149,0.5227272727272727,0,5
-0.99492080040187236,0.0090180245414962119,-0.10025605298966735,-0.011378448616208689,-0.99967077769838675,0.022997111187961772,-0.10001565794807483,0.024021062617464648,0.99469586141490585,4.3830949657290681,-6.4005814597635453,-4.0866572745921816,,0.1857835462027407,0.4444444444444444,1,5
0.72572159336132824,0.68720883236099894,0.032744307201841287,-0.68075097273386465,0.71038795985004877,0.17868144733570834,0.099530307198326132,-0.1519637036437283,0.98336196322813307,-10.760592254690907,-0.50813823124973312,-5.9560309320279465,,0.2996050343787438,0.2067510548523207,1,2
-0.77659620591314094,0.62958119591029216,-0.022931435137884065,-0.62948576675245638,-0.77691821965049168,-0.012072672909695029,-0.025416577609675174,0.0050594200536056974,0.99966414352588173,-11.929549848344946,9.3090301491304768,-6.9040421625939441,,0.25988422719263,0.4375,1,5
-0.6067083490443721,-0.78150021405031211,-0.14547300312831044,0.78952588715045924,-0.61370351534401557,0.0041071612675919224,-0.092487040817257324,-0.11236285281940112,0.98935369640344129,2.4638452386917673,7.106826855365096,-5.3768966201386892,,0.06640072048654397,0.2571428571428571,0,3
0.78947050458843915,0.61141963185374404,-0.053873520106901739,-0.60706359175134339,0.79076448162119706,0.078519616506441986,0.090609701218109226,-0.029284268647047477,0.99545583209651889,-18.159315939419042,-14.288105103488846,-5.6338045356414472,,0.2730699859139146,0.7746478873239436,1,4
0.70800357151119175,0.70595398502292983,0.018971393139183567,-0.70035364792055554,0.6984279903904993,0.14731975455945651,0.090750815818740199,-0.11758959677340965,0.98890696031471992,-12.71890973775179,-4.5561559512337979,-5.7990184984730524,,0.1708801237699616,0.1785714285714286,0,2
-0.79400304226845086,-0.58516652223857235,-0.16474012905075811,0.59941160484772738,-0.79876735348935146,-0.051734350034482512,-0.10131582720541712,-0.13982437645429655,0.98497931293344931,0.70852640213482643,17.429849575152318,-6.4948839865521606,0.431543070016426,0.2882449656150282,0.7,1,5
-0.43625596445567488,-0.89150689270742733,-0.12204996408027545,0.8962871315935087,-0.44253803180047846,0.028800488711794563,-0.079687585085311555,-0.096827427236842192,0.99210601153201583,-5.4644316590151627,6.9045967149688918,-6.1136274278527463,,0.2977665475783459,0.8985976267529665,1,5
0.48609660401780508,0.86639076389869063,0.11435530505141139,-0.86976237620667152,0.46690608859360178,0.15972511815474952,0.084991178940419437,-0.17710377936472066,0.98051555359262432,-17.351563666590835,-3.8649647027439333,-6.2650166790767337,,0.3038521594393787,0.3043478260869565,0,1
0.96303809218148262,0.26823190817839832,-0.024683525729276786,-0.26004226843989192,0.94969472863633664,0.17452203592954099,0.070254192985813299,-0.16165260850147753,0.98434383349141874,-9.384681891677074,14.862464232887127,-7.1521170797034728,,0.2082166434139716,0.3055555555555556,0,4
-0.93804241883818806,-0.3175992657573512,-0.13858977902642214,0.33218665517488244,-0.93802833254934093,-0.09876676292369975,-0.098632887942739028,-0.13868508832997845,0.98541260378126894,7.6182551589894523,17.373283454241758,-5.9120547035539284,,0.4121420257977785,0.4117647058823529,0,3
0.34343590799222795,0.93856736044916234,-0.033809569666710594,-0.93461091993362921,0.34509014685501627,0.086111665205126642,0.092488947676847705,0.0020249550803191326,0.99571165209339241,-6.3688439564264892,-12.938869810507015,-4.5925772811725132,,0.09375592586021102,0.25,0,3
0.27775272533640794,-0.95347249463293182,-0.11723321008422152,0.96027026404329374,0.27212434334038604,0.061881837042753983,-0.027100619225768938,-0.12976341448966677,0.991174562172356,-10.267101609530787,11.90062480581526,-7.0325287806991756,,0.2107515449137572,0.3333333333333333,0,6
-0.075670089274184199,0.99554256133545338,-0.056294281760079244,-0.99643484569190688,-0.073384379957030996,0.041621281446733757,0.037304636175455305,0.059243070041721593,0.99754630106669673,-8.0817627616208032,-9.3237116711242756,-4.9972668265607503,,0.1050842828112319,0.5517241379310345,1,5
-0.38478645803843797,0.92225389833698812,-0.037244176893354845,-0.92298673265977904,-0.38420704313678061,0.021918926481892691,0.0059053403170283196,0.042809987226372845,0.99906577959082299,23.010252798856115,-12.027525261309885,-1.8494739553193009,,0.4170678981834803,0.9811320754716981,1,5
0.95078945366888212,-0.28922666342510817,-0.1111186391025734,0.29994970635875307,0.94909617593292439,0.096159359839783784,0.077650424643568139,-0.12475730837701865,0.98914408735997328,-16.503906411620587,-7.729741211266612,-5.9170340613399333,,0.07522260317487268,0.3636363636363636,0,1
0.98855144137563711,-0.1045665838146133,-0.10877443313340164,0.1160840150804828,0.98761259911857868,0.10557393383331136,0.096387495023709427,-0.1169922373988448,0.98844436727185969,-20.98740845764511,4.3187049810920817,-7.2391790823338287,0.1742453728391222,0.1907549903010384,0.7450980392156863,1,2
-0.48839077094469485,-0.86054138013576575,-0.14471692344048315,0.86893746982956732,-0.49482263711569191,0.0099111716795991581,-0.080138183048014344,-0.12090943251832792,0.98942345876063542,7.1349335241718332,6.1384021477344666,-4.8480074070058672,,0.611940388055816,0.3333333333333333,1,5
0.99349244218046828,-0.056273742433465557,-0.099025417155492998,0.067088682367351327,0.99171894818905981,0.10951089672263702,0.092042794549600918,-0.11544173298818512,0.98904061102473584,-16.339171657214273,-10.774054812573935,-5.6925247479341916,,0.07051965231199786,0.1538461538461539,0,1
0.3948385968835067,-0.8870836179062831,-0.23913414071053235,0.91874844852081017,0.38067858684369682,0.10480983665329871,-0.0019418423388075777,-0.26108708960993654,0.96531329675258548,-14.862289869237475,5.2700746185074019,-6.7817047885043964,0.06466240828030509,0.3184153527773738,0.4102564102564102,1,3
0.64107676058360885,0.76737595289966865,-0.012439210222134327,-0.76009787235906467,0.63707185886968554,0.12802605622116453,0.10616878766778871,-0.072619512168887762,0.99169279264170451,-6.3474473658883435,-17.87298269013662,-4.2524318658684974,,0.5456069491101961,0.8859060402684564,0,4
-0.82750059378870922,-0.54708862781805256,-0.12624104162868335,0.55153378089243998,-0.83415249935956881,-0.00031039760837423149,-0.10513446539467812,-0.069883053198507863,0.99199954791412581,-8.1056118055159061,12.725159179650612,-6.879255107578528,,0.06769008430899598,0.2647058823529412,0,3
-0.70612993028807058,0.70416782585232784,-0.074351829740570835,-0.70686092819318302,-0.70717975122769572,0.015634182019094018,-0.041571020497895857,0.063596167242535279,0.99710951142129978,-13.319517639293538,-16.735041797190789,-5.0262569765339107,,0.1110883415220044,0.5454545454545454,0,3
-0.55178091235487481,-0.81941765839020886,-0.15521767257348362,0.82805822481239966,-0.5604413211220608,0.015003396265382715,-0.099284445314254982,-0.12025068273097654,0.98776635507663146,-1.2117842873509159,-12.751966154256927,-4.1250395358483889,,0.1771180981564133,0.1851851851851852,0,5
0.81060582640896961,0.58015311529092917,-0.079627614619940335,-0.57663483465445964,0.81448513314979243,0.06407991370928158,0.1020316698621361,-0.0060274950182293459,0.99476289016476138,-7.6734825071930581,-17.432580136962493,-4.4185086894784531,,0.0822478988465572,0.1875,0,2
-0.94876575458444223,0.30538158195150877,-0.081151908989301011,-0.30666685716192227,-0.95181021993541104,0.0035698662346862471,-0.076151044945181282,0.028273567714356917,0.99669535151040922,-14.79566508115626,17.174821102513278,-7.8473408238546263,,0.08638243507229387,0.2307692307692308,0,2
0.95282308367982038,-0.24662861880173279,-0.17692511295694785,0.29102378784350991,0.90789371555167797,0.30171867057075791,0.086216739187322602,-0.33897393063437692,0.93683688453977232,-3.7934634190859109,-16.499240387911364,-4.0928305731287802,,0.3694442164129453,0.25,0,2
-0.61879039860356877,-0.73112902572247751,-0.28731305285722386,0.78199868973157693,-0.60807767679828151,-0.13681954625601447,-0.074675912141291267,-0.30934105244164689,0.94801456814764218,-10.018964183055967,-12.222930355528002,-4.9929808154231212,,0.5139387066968897,0.5217391304347826,0,2
-0.65464608235291122,-0.74391374569894264,-0.13427898502802263,0.74939706381209625,-0.66197551646650232,0.013872863753295418,-0.099209614502808074,-0.091546461204557963,0.99084645522458592,-11.359335140321372,6.2706914761741439,-6.545911737197164,,0.3698093960575096,0.7269938650306749,1,5
0.98563729318557991,0.13855524745260656,-0.096548276448372855,-0.1313535580979997,0.98831257598140554,0.077359517397635066,0.10613844287909972,-0.063566465690224686,0.99231745695762819,9.0472015693750478,-14.260214363392167,-3.0290344486914926,,0.2341310607277388,0.6111111111111112,1,4
0.12260508805826473,-0.98302970168969961,-0.13645731192605728,0.9919889557031798,0.11716797139186919,0.047218409998942792,-0.030428673075559028,-0.14115336367148432,0.98951999665448187,1.6514179059870104,7.2945718574477176,-5.4631138120624954,,0.2573618486898276,0.5289855072463768,1,3
-0.92861760593384135,-0.34947201299243846,-0.12465413785637161,0.35715872822112199,-0.93295398917513161,-0.045105398099123221,-0.10053350090976275,-0.086406980141782608,0.99117447958349159,19.684921371524261,-6.3612269482739574,-2.5884809559233561,,0.2734964491425825,0.32,1,5
-0.98912870169970268,-0.092055336934663029,-0.11467443662694482,0.10173830741762338,-0.99145447327520186,-0.081653807176334331,-0.10617781443248259,-0.092432907367660244,0.99004163011355406,-4.4105542580752672,-12.553571123844581,-4.415551935198077,,0.1805990961513723,0.1794871794871795,1,5
0.80378268152465115,0.58978633496037891,-0.07800948644264645,-0.58470547019513541,0.80735480187045372,0.079358282621324744,0.10978576412689973,-0.018174239756430875,0.99378910388691044,-14.259083472361111,-9.673119605174243,-5.5698319862959504,,0.07112362790415974,0.4444444444444444,0,2
-0.10090445321910078,-0.96892360847351267,-0.22584360133335746,0.99344966924575173,-0.11036369727958033,0.029624466210999213,-0.053628779550347942,-0.22137501048096475,0.97371302689164607,-15.061406691557858,-10.493335841582985,-5.5887518731111712,,0.5596323507435985,0.625,0,1
0.91154993887980751,-0.36509618830400642,-0.18915993818487148,0.40114446024163725,0.89065725780687166,0.21403918130423874,0.090331782588767257,-0.27098786393827456,0.95833488231020059,-16.790953757139437,9.8959154810168055,-7.3016524681694577,,0.2430535919218706,0.2173913043478261,0,5
0.67189983088879079,0.73844440606895057,-0.057012949380736033,-0.70729199914003305,0.66258039572079819,0.24642493209691024,0.21974677518478225,-0.12524806725832532,0.96748347605731388,-3.9584442973235494,12.706153226157998,-6.4616189363928873,,0.1944727608205344,0.3684210526315789,0,2
-0.63744200555467845,-0.73421791893674782,-0.23364874719676793,0.76314452689372991,-0.64342573891845356,-0.060114470548991585,-0.10619849634798642,-0.21662725130839713,0.97046097982556367,-2.9625392365124501,14.468248455351221,-6.5288787404151583,,0.1735939381788014,0.4642857142857143,0,3
-0.81784969398540974,-0.55684022613192841,-0.14508907818754654,0.56293377137158696,-0.8265012151365253,-0.0011447389248270335,-0.11927886274328303,-0.082611766348305693,0.98941793442583137,13.546097129622943,-6.6866029084860488,-3.1350238696112815,,0.1882880907480146,0.6666666666666666,1,6
-0.70152760129146285,0.7102131732169823,-0.058790077524280893,-0.71015603322611942,-0.70358226112198885,-0.025503143081035448,-0.059476323850659464,0.023858969456667638,0.99794454579283942,1.9956379324132454,8.6995455449300181,-5.5463295687360965,,0.2781290754459527,0.175,1,4
-0.31599496091357604,0.94835351208961471,-0.027799294676694408,-0.94868777082416078,-0.31547124100689311,0.021665862232004139,0.011777018549397781,0.033219154186478285,0.99937870180889021,-17.909372187006568,7.457572328784253,-7.2416953259946082,,0.1419497198956534,0.2222222222222222,0,1
0.79160110234556069,0.6086337632329244,0.054153827364487421,-0.60240151694969291,0.76249306245376958,0.23604394100798559,0.1023723944332799,-0.21947499165691078,0.97023225100755961,-8.0879705501020585,15.286450271667851,-7.0539140234242179,,0.5513835783703085,0.6111111111111112,0,1
-0.85694483952925848,-0.49814619001043853,-0.13227212624835066,0.50513251066889275,-0.86272162860097334,-0.02350613131561987,-0.10240453441872945,-0.086958409151559543,0.99093468321999645,-14.218996217826037,-12.4336344578176,-5.3606846172036899,,0.3621010122156207,0.6896551724137931,1,4
-0.58870102000079794,-0.79329426482996723,-0.15529107649154772,0.80423849994076158,-0.59414980905486769,-0.013654289183234022,-0.081434294145988462,-0.13292935638130399,0.98777438818234109,19.738970942233756,-7.5479481334147271,-2.4766274586722736,0.1993267101610294,0.1305383331632514,0.1304347826086956,1,5
0.42058883072189196,-0.84568960212219513,-0.32850286503224801,0.9071956750151644,0.39603738281544848,0.14195209983114088,0.010052000088140388,-0.35771984607384244,0.93377484921105802,5.1673397238409162,0.89699974136172167,-4.5496356834704832,,0.3637406793190837,0.3902439024390244,0,3
-0.93859192363231636,0.33787312900117245,-0.069906720643618692,-0.33668024816912889,-0.94118600412352404,-0.028553741169364794,-0.075442768937529853,-0.0032640987960698181,0.99714479102790621,-3.4083518912413076,-13.078709478475547,-4.2895762794496317,,0.09837602483192268,0.2083333333333333,0,4
0.62515493002717626,0.78039019380636498,-0.01313235978728868,-0.77522523863745751,0.62279453320558775,0.10560681222692493,0.090593282544654555,-0.055840082558142524,0.99432124705131675,7.7643484088784689,-7.6897724577984699,-3.6539638988150118,,0.3873220820939205,0.5,0,5
0.23549447776501631,0.95679741524939277,0.17053168947225938,-0.96977022678270008,0.21979499097373909,0.10599938296369428,0.063937924489401499,-0.19033882450759906,0.97963415298623202,-1.1242043453436976,-8.2804432198752078,-4.4424666208038612,,0.4385530392912921,0.18,0,4
-0.69156622504571208,0.72056110805789519,0.050277688196670584,-0.72109381607427525,-0.68468170613207469,-0.10599372484968084,-0.04195074248999673,-0.10955661021795744,0.99309490199179251,-6.5871333673034096,15.844815861316917,-6.972143325774967,,0.2022561742418091,0.1666666666666667,0,4
0.081355754148541168,-0.98545761229415074,-0.14917954162160796,0.99602038347207467,0.074919994866092521,0.048274113947386212,-0.036395562573790091,-0.15251324119818455,0.98763104157583081,-0.33772293930908998,7.2823436143309834,-5.6213414822990231,,0.07233602783558685,0.15,0,2
0.99337916620479361,-0.057239621319020405,-0.099606515356800415,0.070158075963226096,0.98883759222669509,0.13144603674683639,0.090970745448234899,-0.13756395585533163,0.98630648457871584,-4.7869919056981489,-10.68034568773701,-4.623604568036952,,0.1956561743581372,0.6390977443609023,1,5
-0.79330534593040003,0.6079562701285206,-0.032493102801461449,-0.60578747467662419,-0.7935474559031136,-0.057480177057965272,-0.060730253112985584,-0.025915417054604512,0.99781773261238382,-16.763164689753321,11.842775018456187,-7.5059966919606804,,0.75502514493531,0.25,0,2
0.32030297148758441,-0.93514349495116811,-0.15136925152335157,0.94724774355779906,0.31425879655540906,0.062953324870138688,-0.011301273418636333,-0.1635483189704563,0.98647059184805697,-17.136642093738121,-8.6220027366542897,-5.9216086601291842,,0.06608097508425577,0.32,0,1
0.55680740325416078,-0.82074994946512914,-0.12780859178609688,0.83034281709351498,0.55410556349586249,0.059142460247582428,0.022278280511801175,-0.13905590586494165,0.99003390510705058,-6.7348230860163936,13.1175855286025,-6.7702500349866535,,0.16714559931783,0.62,1,5
-0.47383732102956816,-0.85871751192536327,-0.19514719550185156,0.87237829890385898,-0.48796941269836647,0.029016475878752657,-0.12014281835021648,-0.15649308925165661,0.98034464154976719,6.9845073206557666,2.7379409728067028,-4.5961594671288903,,0.1583058977022959,0.2916666666666667,0,3
-0.15058372877285356,-0.97724502760357279,-0.14938773929930635,0.98688913170238979,-0.15747654372029327,0.035369194302602498,-0.05808943412160588,-0.14210311116229782,0.98814590189982987,-16.403134985235642,7.1264654912936907,-7.0636348921204437,,0.6449084715960907,0.5106382978723404,0,1
-0.55031067655920396,0.83165936197936774,-0.074167815776282578,-0.83478848406295825,-0.54982294534301268,0.028686506413375317,-0.016921765298608851,0.077700929250608175,0.99683309508300955,-9.6314062990780567,-6.2814354674873938,-5.3734512023030216,,0.2964841545484014,0.8551587301587301,1,5
-0.93042806798537203,-0.30164749798382462,-0.20811630706195949,0.34700840477225037,-0.90778254417985926,-0.23561837682948503,-0.1178506568603982,-0.29144405885596925,0.9493005758110189,-1.6115564520066541,14.417958127352852,-6.4182566847933105,,0.2849113196540148,0.4545454545454545,0,3
-0.33914810095604314,0.93985515249039309,0.040630751348808891,-0.93955299848482177,-0.34056920754508446,0.03539460284128728,0.047103382639560168,-0.026170731922748613,0.99854712664677858,-0.039875671922938859,13.242760406363963,-6.1556582513133602,,0.2521721478668981,0.1875,0,6
-0.14034989877660559,-0.97252002600466592,-0.18575980440687923,0.98982830971666125,-0.14223033715715055,-0.0032324101876856767,-0.02327709597125099,-0.18432398165200495,0.9825898669287696,-20.14106652766575,-18.775689456010188,-5.5673129973979822,,0.2016759564747725,0.4,0,2
0.85329609587594912,0.52140493316024938,0.004761138416421928,-0.51102421532838327,0.83442319477982374,0.20637873766801551,0.10363408759126848,-0.17853522814724604,0.97846060125052403,-6.2725093145718773,-7.8939482139263388,-4.95093980822503,,0.1066392106617115,0.2352941176470588,1,5
0.54765206259599064,0.83607654886207428,0.032453393924848507,-0.82768327064632441,0.53565773904495229,0.16736543876635249,0.12254640682843933,-0.11851915897496806,0.98536063810632557,-12.646759520125103,3.5434291642767191,-6.4594695190912281,,0.7727837633944353,0.5177065767284992,0,3
0.92991537515759548,0.3674210805248046,-0.01609796979419708,-0.36044188591608167,0.91920018228651645,0.15859593866708666,0.073068747921175362,-0.14167841921203428,0.98721232954558047,-9.8372534856948608,-9.2055818443393793,-5.1910256642285644,0.5353969064741181,0.3544328183596702,0.3829787234042553,1,5
0.9762320958930496,-0.17176541003965817,-0.13216481703605212,0.19942510659366289,0.95069818182834487,0.2374923028824017,0.084855888471992158,-0.25820459132670048,0.96235641381425885,-11.016550754770943,-2.747658972653042,-5.7771604097282152,,0.4608019330260515,0.5376344086021505,1,3
0.49526726348607952,0.86614711187268334,-0.067078448950608258,-0.86447174789339121,0.49900742534265735,0.060664541101345275,0.086017061174833848,0.027942262748407862,0.99590174974208334,-8.6311710819863841,8.0302829966507474,-6.5030725716293132,,0.09593798520797396,0.4264705882352941,0,3
-0.06555089293464339,0.99581227721052712,-0.063725889497566995,-0.99710899400624198,-0.062909107101926126,0.042615705033463201,0.038428303466737167,0.066335155087054842,0.99705712609270547,0.57679124329243336,-5.1429070448824623,-4.5791167214319746,,0.06789379856324969,0.1754385964912281,0,5
0.93459946585197773,-0.33513771031398293,-0.11919124781081607,0.35390326999829652,0.90976994351561336,0.21695881028460398,0.035725535877173642,-0.24495176055929646,0.96887683483773612,18.616024361002626,-14.201862193719073,-2.1142271028434769,,0.5705063708491142,0.4,0,3
-0.94249370535556143,0.32359050558439689,-0.083634921299541753,-0.32552927627499217,-0.94547574450302496,0.010310521050475883,-0.075738402762574028,0.036943216590965285,0.99644312085281028,-5.8474111722943656,-19.049580414565657,-4.1332422713586583,,0.1521614121763617,0.71875,0,4
0.59003984036599777,-0.73810903716711551,-0.32718196165604824,0.80710875724520215,0.54963195218167382,0.2155926045092128,0.020698810568997486,-0.39127965241396634,0.92003901702473045,-9.7882859699238498,7.8227128500959582,-6.5682679331890226,,0.09432561118324742,0.1851851851851852,0,1
-0.70196700649456123,-0.68081908761497312,-0.20911167287404625,0.69900682984592721,-0.71486051189269306,-0.019076172710096324,-0.13649825501380453,-0.15956133139214498,0.97770568572682115,15.959288287334688,-4.7506154244680365,-3.0561407613346914,,0.2276962044858335,0.1944444444444444,1,4
0.84660358548065906,-0.51242984261145097,-0.14379855858977597,0.52910420732426755,0.8395505936019767,0.12330263003816032,0.057542217919122604,-0.18047287104651732,0.98189532842007954,-4.1164608230897475,-17.29595145765947,-4.0764905158383309,,0.07938079355119859,0.5,0,1
0.38080979427839801,0.92406443756199808,-0.032997209198246093,-0.92142425599924405,0.38221799783943361,0.06990524003144781,0.07720907354633888,0.0037838288601876715,0.99700774400265957,-7.1833681436483046,-14.025792799089244,-4.6288996629991823,,0.09678690211104028,0.3809523809523809,0,1
0.94989894807692565,-0.29221235632443365,-0.11092306907795892,0.30250296993679926,0.94879009308864692,0.091045661270889824,0.078638041823072047,-0.12003873569877362,0.98964981701108456,-2.6939459219238109,-20.758985752204737,-3.7153350265719474,,0.1511713663570205,0.3333333333333333,0,3
-0.99408259961049183,0.078153162716994157,-0.075444471692619183,-0.056868001869034727,-0.96617252887780103,-0.25154855357425243,-0.092551691043820619,-0.24576966370812753,0.96489971338254787,-11.085884113186976,-20.12401496268124,-4.5824435166302449,,0.277310874964112,0.52,0,1
-0.87911282023559789,0.47453084491761571,-0.04450984744062484,-0.47181678096660962,-0.87967789889621661,-0.059629853193214552,-0.067450533694849477,-0.031420875470170986,0.99722773431597267,1.933417472064298,10.903849113328663,-5.7339070269212469,,0.4928374841550415,0.1666666666666667,0,2
0.15184710103029722,-0.9117328593958467,-0.38168789738026654,0.98797215435048424,0.12859307265981207,0.085876911285699159,-0.029214382361402412,-0.39013717428845762,0.92029316258541205,-3.5278776743280087,16.233281019702549,-6.7261051746676959,,0.4942482035925757,0.2894736842105263,0,1
-0.91086883108641892,0.40549410590643936,-0.0767626382454345,-0.40682275085619057,-0.91350526414587763,0.001838957197252975,-0.069377387822429748,0.032903836446666085,0.99704769976467411,2.2124437980520657,3.1475646924196661,-5.0167852934109955,,0.07057444027240947,0.1827956989247312,0,3
0.25613967710252511,0.96622141738527878,-0.028436568003149212,-0.96430219514268944,0.25745431239088912,0.061956060836091495,0.067184389978664424,0.011552039530660287,0.99767369822295959,-4.7848766392135049,-18.422817351527364,-4.0707602312363873,,0.1267079760691467,0.52,0,1
0.37749399695932917,-0.89254930199584337,-0.24668608750069562,0.92581341799231687,0.36929184894863082,0.080579435127597895,0.019178042784678769,-0.25880354287921303,0.9657395761115487,-17.882928381370387,-21.297422178899581,-5.2102764174176794,,0.2083640575412937,0.1428571428571428,0,2
-0.50125940536737135,0.86400196077928815,-0.047324626784528208,-0.86524342260253218,-0.50108710664955392,0.016295127880266626,-0.0096347378690296078,0.049115408164080415,0.99874663879638181,8.3832165211554752,2.5426116321668233,-4.4000764692807213,,0.07251878430105695,0.1052631578947368,0,1
0.82417364795841042,-0.54092176256374602,-0.16775412005628731,0.56329835402350914,0.81360746439237297,0.14400645207566604,0.058589780383048684,-0.21318194264511822,0.9752541704421066,29.020362897034669,-16.183327270623149,-0.96323244196528679,,0.2684962195389907,0.4375,0,4
0.97876155168963108,-0.15942071301976454,-0.12888312998362811,0.18638866401694967,0.95378636231693692,0.23569225906720431,0.085352743717372767,-0.25470887561782252,0.96324363367811661,-14.323970064181051,21.41561801177215,-8.1983594982879424,,0.3506316275464373,0.4,0,1
0.15470276322163498,0.98791133456442359,-0.009912118377582704,-0.98661045883250009,0.15500792884939418,0.050718285816316502,0.051641626367836216,0.0019331406988601439,0.99866380999469662,21.761837891543433,-4.8982353283058115,-2.4454438857431198,,0.1590743145314551,0.6,1,4
-0.089344452226393326,-0.97693436111125298,-0.19395056828097731,0.99450754344413606,-0.098161813048437588,0.036318101433768131,-0.054518940645207487,-0.18964048233220626,0.98033880499128068,-1.4573079185881614,-10.012779281153449,-4.3490499743111286,,0.08729554241406878,0.2941176470588235,0,4
0.77702486409294025,-0.5744949324806079,-0.25727015593622576,0.62774846805066731,0.73742955020200074,0.24925793738397756,0.046521193464785761,-0.35518056118399377,0.93363940979140059,-18.443223089654268,11.496894667286442,-7.5743161768634488,,0.3606728642414129,0.1578947368421053,0,1
-0.77033841236602951,-0.61876649193671462,-0.15396999347183896,0.62939039113202944,-0.77658250340356272,-0.028059774734079536,-0.10220795460265002,-0.11852275673383592,0.98767701712257905,-2.7624950661394565,9.8976626514070993,-6.1144280610021315,,0.09275811251113579,0.2714285714285714,0,4
-0.99770825347606951,0.061865413621307687,-0.027402765247251794,-0.060219440370552151,-0.99653973820932251,-0.057290218808734791,-0.030852227588765442,-0.055508744961129515,0.99798142231489029,-13.662506959205652,5.2172837979792703,-6.6632326324872686,,0.1925880732957528,0.2941176470588235,0,2
0.84865587507329798,-0.49922252563938246,-0.17481440329049772,0.52533461639172296,0.83405070383119662,0.16847244361986385,0.061698837299723357,-0.23481118655831373,0.97008090391623536,16.636262893743485,-13.290521228629158,-2.3713100118235113,,0.2614794165432996,0.3548387096774194,0,4
0.89056187788633556,-0.43802750776975957,-0.12260278990535545,0.45111505592295104,0.88506299906067831,0.11471135084790045,0.058264465802031817,-0.15746552045044876,0.98580417015453559,-9.6395782264886183,16.293863254663108,-7.3072999877545,,0.1041461852393801,0.1923076923076923,0,3
0.51165076074553273,0.85223513317240029,0.10912734219771947,-0.85322774082165276,0.48904181222046456,0.18121955797457751,0.10107384093273218,-0.18583160034489349,0.97736927258450235,12.950490766475815,-15.121301051151717,-2.5843353705493781,,0.1197315638121043,0.5,0,4
0.88176907077634503,-0.4440735418589602,-0.15900312966435989,0.46533764522862525,0.87409396066043799,0.1393578984845425,0.07709851979967329,-0.19687162659405411,0.97739315573975238,15.917822979285422,-16.579376744227901,-2.2085341334964137,,0.2674625157007299,0.3888888888888889,1,4
-0.61000052805883587,0.78296080584659133,0.12194971207837388,-0.7920591376962749,-0.59795306026907125,-0.12285951370034817,-0.023273980316549106,-0.17153575202536975,0.98490294324736172,-14.633222706838964,7.3044177579881575,-6.9025176356530578,,0.4941398773907093,0.4516129032258064,1,1
-0.37770582286172877,-0.85058101722472002,-0.36585549676519175,0.92179763496193357,-0.38269306617953114,-0.061928485180041237,-0.087335167916081327,-0.36063548110948485,0.92860896948608018,4.8493244527212109,7.2861700904817255,-5.1755141781327696,,0.2452459737331864,0.2972972972972973,0,3
-0.46113441816501871,0.88709702690401648,-0.020344857867903212,-0.88687803817457478,-0.46151016756376179,-0.021347380141047582,-0.028326556218990061,0.0081993959121371539,0.99956509348788714,2.6934568233557417,19.703829457032505,-6.5736457373403381,,0.1926444210393507,0.3703703703703703,0,3
-0.29703311845886621,0.95291584590503453,-0.061014073472395007,-0.95471845014595136,-0.29525220201706565,0.036589864101786183,0.016852521755348182,0.069119663100795828,0.99746602181894817,11.02803881040415,0.93423382671512911,-4.0119098427968494,,0.2789208927674849,0.625,1,4
0.98369646034732094,-0.15001202400480479,-0.099185011741370399,0.15788033062868034,0.98446089599431663,0.076880071921452839,0.086110830333544136,-0.091286017067517641,0.9920946466881162,6.8939622751223126,-12.174639898424301,-3.3944675568771761,,0.08503413483289801,0.4230769230769231,0,4
-0.25498504388567933,0.96583267558325925,-0.046366692466694899,-0.96677050283439647,-0.25373482202759079,0.031199918909422222,0.018369056697223149,0.052781463283143155,0.9984371261575482,11.198494555312417,-12.404723157043263,-2.9388563528105607,,0.07882471765954918,0.2857142857142857,1,4
0.14827319354765869,0.98656020694427771,0.068658707745207534,-0.98822842112612863,0.14516294198868043,0.048293974279907982,0.037678213250312349,-0.075011188147197219,0.99647060864784587,2.0389070002570508,-10.026705258705318,-4.0485296290794786,,0.1779705322085545,0.4375,0,4
0.90703602874849953,0.41687366104617468,-0.059177641707910233,-0.40501108099515803,0.90224365236978077,0.14806220324434952,0.11511588432221002,-0.11033015219964315,0.98720595150774815,-8.7295520817370793,-12.764801802269172,-4.8487002964949966,,0.4213317427369327,0.1538461538461539,0,3
0.069508066899370169,-0.93101430793055329,-0.35830292639679207,0.99565672385898085,0.042444433547247154,0.082862285119670198,-0.061938008285001109,-0.36250631510284831,0.92992088622647895,6.8592447253850546,-9.1804774575060382,-3.6418991356358639,,0.3814443387713676,0.34375,0,2
-0.29293368617777299,-0.87235196729857012,-0.39139736924590779,0.95355020548086922,-0.29661036107822625,-0.052576604382910029,-0.070227210749786356,-0.38861850039770318,0.9187185640983565,-5.4402449046681776,19.755358633755382,-7.2537698383819702,,0.6072523441758307,0.1212121212121212,0,1
-0.78897553703826373,-0.59672877867914342,-0.14639797352177325,0.60588157074876403,-0.79519327885010727,-0.023982733343521773,-0.10210349740432274,-0.10762162407115845,0.9889350139670916,27.22029644893281,-19.103588814464384,-0.97442340241201175,,0.5440022449808306,0.5384615384615384,0,2
-0.80773715679640257,-0.57821844999228111,-0.11499612871305312,0.58017615826788571,-0.81426741384654322,0.019084132811863878,-0.10467239802346467,-0.051303048995038535,0.99318260468849895,9.2728118447054282,10.097512793939678,-4.9787234705313121,,0.07886585083007175,0.5714285714285714,0,3
