axis_00,axis_01,axis_02,axis_10,axis_11,axis_12,axis_20,axis_21,axis_22,location_x,location_y,location_z,dbh,dbh_approximation,score,reconstructed,number_clusters
0.003247269708204081,-0.89719359113837416,-0.44162553737263893,0.99442204394450384,-0.043661283634161135,0.096012972189462129,-0.10542416116184787,-0.43947394954837449,0.89204730474996397,-3.3294637764221817,-10.29960026740109,-0.46397897552650513,,0.1795156060085687,0.48,0,3
0.065676528568472434,0.99022037888541736,-0.12308612771232492,-0.99293117468760939,0.077075883312856919,0.090260681057847125,0.098864937812543727,0.11628804517904252,0.98828276045864438,10.845208602131232,8.0092446204720122,1.2158528694271538,0.5519666656974497,0.6903983010417123,0.5633802816901409,1,4
-0.15180770566954196,-0.90613663655664245,-0.39480478263208052,0.97243654333016372,-0.20844280213940916,0.10449290613411512,-0.1769790656982673,-0.36805976977399435,0.9128036021940763,-6.8750717134023462,14.591048034211511,-4.8096847625734842,0.4940185293241294,0.1556739799351891,0.2840909090909091,1,5
-0.25837241557515639,0.96171224521623722,-0.091396128315171812,-0.96592404388246322,-0.25568169570043736,0.040219546659538634,0.015311313451446248,0.098673339281153905,0.99500207828702469,-2.0310380440327203,-3.568167775171899,-1.0198889435922129,,0.3405550220562341,0.2624434389140272,0,1
-0.52557752334882213,-0.78715750806556484,-0.32272484324348127,0.81930459665606759,-0.57049716043875687,0.057209857800508315,-0.22914677577648232,-0.23434173215056353,0.94476224931138986,-5.9853694766860421,-13.44224075926213,-0.86906204449423885,0.1338448005508212,0.1003570000310413,0.25,1,4
-0.58236168031670699,0.77499171492697827,-0.24544391435366006,-0.80713435908556697,-0.58721371045452331,0.060944110771801639,-0.096896850734356527,0.23359773125776773,0.96749320424951357,-9.8296405979919843,-5.7877763830576052,-2.965299134056441,,0.0738164864277438,0.2727272727272727,0,8
0.54710024741570795,0.80298965044768444,-0.23640841895240841,-0.80364557696074201,0.58288088074079425,0.12001527193766862,0.23416896871513079,0.12432819527662312,0.96421335499470762,-5.5011547637865279,22.279088161388902,-5.1368596145310841,,0.1045671038516609,0.5555555555555556,0,1
0.75552352519922483,0.62853289630509379,-0.18474469175829325,-0.59453342984890822,0.77626729638079228,0.20961651977300949,0.27516214067823674,-0.048533316721459684,0.96017202287162307,13.413482376389029,-1.8340348033393805,3.3591145824560318,,0.7114341467344538,0.5609756097560976,0,1
0.33710224500160896,-0.88242848315736033,-0.32814943018002651,0.9412901211272342,0.30912682679931169,0.1356963994410515,-0.018302575861128413,-0.35462737777220354,0.93482856110158419,-4.3555091475707632,19.002866967571801,-4.518222309774246,,0.07938691490189581,0.2307692307692308,0,4
-0.96453424207671812,0.020423211470433231,-0.26316646498884433,-0.0010405136715749799,-0.99728865244250542,-0.073581662394312464,-0.26395570308820743,-0.070698204663522266,0.96194030514609596,5.9468713754396196,-9.1005586942855228,2.0685315873904373,,0.130409043823713,0.25,0,5
0.2516074177877326,0.94570371590722113,-0.20576245778437155,-0.95150046279932443,0.28059596956365401,0.12614583289711262,0.17703269925881673,0.16404384652863052,0.97043755070031679,0.38346223237957877,14.494973042842112,-2.857927977155402,0.1714679214319456,0.1765122385761153,0.45,1,5
0.37995599380695122,-0.83740041801083664,-0.39292999718200156,0.9246764009968057,0.33253546788309879,0.18545542871364681,-0.024637293068965119,-0.4337979973617262,0.90067324889506339,3.2744777456798522,13.97875900511009,-1.8568132009430172,,0.31231743800814,0.875,0,2
0.56709022375478779,0.80678763544881305,-0.16583844369945605,-0.78843787348229788,0.58997202050900854,0.17406531726690938,0.23827378743885488,0.032042570175173181,0.97066929276459124,-4.3118631880687186,4.973631652831382,-3.0182885892153637,,0.0814812687509459,0.2734375,0,5
-0.86160616207924479,0.4754066702820362,-0.17782946695759369,-0.4634563088331668,-0.87971815075463644,-0.10632132916578282,-0.2069856789002823,-0.0091909240117582121,0.97830080018673149,-9.8286724645241321,12.792401179707758,-5.5000607807035955,,0.257220331476091,0.2452830188679245,0,1
-0.86196897147068319,-0.3047482583840101,-0.40513947133510153,0.41623642368407282,-0.88163623668506341,-0.2224068024195574,-0.28940755315033828,-0.3603415673714479,0.88679040534041775,6.9709729792588613,26.693296101433784,-1.6734334017131876,,0.5099191451085413,0.1428571428571428,0,1
-0.72789768105380992,0.67139495903119106,-0.13926153418654935,-0.66809566172919621,-0.74015100967381253,-0.076319523435770864,-0.15431510844733809,0.037487222707756167,0.98731026300679414,8.3822722158009277,-4.7567961189010397,2.2579528987261073,,0.3806901585801853,0.375,0,5
-0.08304782953652147,0.99582315918030651,-0.037938023794442451,-0.99416109266111063,-0.080157096208728726,0.072239613552756099,0.068896878362809916,0.043715850300999649,0.99666551289001715,-1.4033142222086878,16.650457850040141,-3.4717466145376177,,0.1342827304768335,0.2142857142857143,0,1
0.95442414113451424,0.12741743068878322,-0.26988767511006356,-0.059163268807212968,0.96711472612740346,0.24736372840730689,0.29253079571848761,-0.22012247696268442,0.93057607356525229,-3.1612290407709551,-14.586173802379893,0.13818862398240719,0.6211161192588907,0.448076788301306,0.5633802816901409,1,5
-0.32262323711942292,-0.79693022673809766,-0.51070192929119596,0.92508755801639742,-0.37966841082526298,0.008056539249476545,-0.20031788955019386,-0.46984477386960938,0.85972008909503339,3.288828014379741,-5.9292024482291401,0.90787862758818128,,0.541580421625464,0.2823529411764706,0,2
0.93944894701854975,-0.18059521374781812,-0.29124052725731364,0.22847889046115577,0.96349584812456146,0.13954621908303885,0.25540765955502853,-0.19763886110305373,0.94641735403706029,-16.436695233069543,-5.9322488218311786,-4.8626500789627043,,0.09467578323715878,0.3,0,2
-0.51942824679394539,0.84771836223280594,-0.10755405508811579,-0.85162670741300317,-0.5238944522989839,-0.016326483737619028,-0.070187232837998104,0.083115468979467463,0.99406517450460341,-3.5288484984262212,22.089747015702518,-4.5028767933495724,,0.1600339464391914,0.3125,0,3
-0.59746286006760685,-0.69088966929250151,-0.40707443509109353,0.76333443667574663,-0.64552928018821709,-0.024748458630837175,-0.24568001266842052,-0.32552021947120252,0.91305964651312033,-14.859747404218734,11.627553297591065,-6.7867499090223928,,0.1717868304384932,0.1304347826086956,0,3
0.024576895930374234,0.99468850498690931,-0.099953760476203621,-0.99474829995941294,0.034269767657451565,0.096443780268926693,0.099356911758992736,0.097058544557452733,0.99030694383817364,-7.5293715187145649,20.345770569025419,-5.5455782828533948,0.2015979177388479,0.1716850871640813,0.5681818181818182,1,5
0.26210512412363435,-0.90260595874771454,-0.34147238122760859,0.96478741634747789,0.23699978567661714,0.1140891881240101,-0.022048699863993191,-0.35935161725301379,0.93294172916209006,-4.785531059227722,15.476350999880285,-4.3281404911555637,0.3278662201385983,0.2640339550259259,0.8214285714285714,1,5
0.66275996954389782,-0.63030923391464777,-0.4043012396865755,0.74228065867976945,0.62424124829698624,0.24360272509671924,0.0988364635147332,-0.46155512516551073,0.88158846403146096,-14.964046336048625,25.461985502001674,-8.0012828276946379,,0.4232784879076377,0.2692307692307692,0,4
0.92046367384314587,-0.26506339688137148,-0.28720727840513738,0.31291532815651607,0.94010423238261021,0.13523324170115009,0.23415939558317408,-0.21434884625304226,0.94827419535180357,-8.7504544159395472,-0.10264944340381246,-3.5084306598454162,0.4633185702323913,0.4679242545790074,0.911619283065513,1,5
0.1965479247634975,0.96825003074865212,-0.15446938604914359,-0.96901081429598235,0.21586113698012904,0.12009167880867294,0.14962270900034522,0.12607873530807173,0.98067180924839348,-7.985373440511947,4.3718256748730138,-3.9371598040185556,,0.09269992519280193,0.3005780346820809,1,5
0.69766396067244196,-0.63251486176082761,-0.33643713771003686,0.70229156229517598,0.6966184936062646,0.14666027374425353,0.1416035292916176,-0.33859655051021958,0.93021546776794561,-1.4955805321543405,-8.894985822289426,-0.11286296653993094,,0.1507145227382029,0.3333333333333333,0,5
-0.4150199011972025,-0.85764632555320786,-0.30364660688923473,0.88670947033541347,-0.45602277575140654,0.07608904792066111,-0.20372726088512191,-0.23766785281367692,0.94974164640242131,2.2018524562543114,1.366454974469443,-0.45733180540962948,,0.0663914774882202,0.2297297297297297,0,5
0.93939679235303708,-0.18582550486290611,-0.28810162835234171,0.23389183479833275,0.96179574260051948,0.14227986199805104,0.25065569239794694,-0.20104186444111846,0.94697090378244697,10.798139865096603,4.7155688723767639,1.735242285467508,,0.08079909864851774,0.3333333333333333,0,5
0.13905976294732897,0.98954599832400103,-0.038224331648677383,-0.98434134482929281,0.14234459681625639,0.1039717876006554,0.10832589343592341,0.023167497883302801,0.99384544465079416,-17.557095198906762,19.098272501285972,-8.3476096505238822,,0.2489157386654525,0.1875,0,5
-0.94082557481501639,0.21340369939125917,-0.26326051519382671,-0.22736292291410568,-0.97352948044838716,0.023376312409090997,-0.2513032810329951,0.081848712781680155,0.96444152189649779,0.59364484924510363,1.9357696614252971,-1.089286539676924,,0.1174168473502596,0.1417322834645669,0,5
-0.96029931532734347,0.04615465572277324,-0.27512719374309047,-0.05113602793448576,-0.99863159604610474,0.010956369174723259,-0.27424502115611737,0.024590305681743668,0.96134540371167276,9.087117408549048,-0.9766303018264838,1.9729518783792479,,0.9526175306268216,0.573394495412844,0,1
0.77836986871618197,0.57317719036210357,-0.25614108597286545,-0.56286040016228822,0.8178417610795613,0.11967883590439266,0.27808005574636652,0.0510172743576826,0.9592021269332186,-14.411799512006448,5.8924130418874885,-5.9481383556911949,0.2416876832706518,0.1860758155571106,0.8382352941176471,1,5
-0.24002564385447875,-0.85640953749052462,-0.45711092131725384,0.95740870326750938,-0.28668222643567243,0.034378422789762941,-0.16048758581232647,-0.42939027136295421,0.88874503073658828,-8.8445419518813999,12.988589389630455,-5.1508519252574985,,0.08390417959765367,0.2040816326530612,0,2
-0.163363888787418,0.96083933253462728,-0.22383033059588928,-0.98555026053453854,-0.14864809955753247,0.081206074023056032,0.044754036695657529,0.23386218067987583,0.97123918611591109,-16.19150993518732,-6.9094152193438365,-4.624571784238789,,0.09208801507316731,0.3636363636363636,0,1
0.91139990487629918,-0.29924291147466314,-0.28249582886060431,0.33920313178464701,0.9349493357121853,0.10397583872626746,0.23300525483121687,-0.19058703939017024,0.95361686836880633,-6.2370328936273047,-2.707348625771731,-2.350696007173013,0.3551327694582078,0.3101981261415809,0.9539295392953929,1,5
-0.44416704039054317,0.8642590577245689,-0.23616079558586167,-0.89486496862563569,-0.44087574170563443,0.069607961485361039,-0.043958254712243273,0.24224958517311898,0.9692176279484942,7.2301885643330541,1.8695545297413192,1.1122580061396086,0.1316054145646417,0.1057035140534431,0.3636363636363636,1,5
-0.92896244315509136,0.28459852546146708,-0.23671176251399462,-0.27518010051973935,-0.95864391794808201,-0.072648130458369278,-0.24759784224679604,-0.0023490181584507942,0.96886004697707551,9.0872475504196917,5.0992117421435212,1.1685841783278013,0.4664496951558962,0.2437613757472906,0.3,1,3
-0.7822079904758561,-0.54181955189921904,-0.30754224557847698,0.55609626746825491,-0.82976133195135171,0.04746654933943905,-0.28090496781580376,-0.1338943806813708,0.95034977449271474,-20.445300384435857,7.9378034674255682,-7.8195869297220986,0.6859923111699699,0.6063852679565663,0.7794117647058824,1,5
0.26211747271746977,0.93599208333358463,-0.23497499959158349,-0.95148521526631336,0.29131948422659742,0.09903960439929313,0.16115308134139331,0.19761522726451883,0.96694255585705224,-1.8876208026562484,-1.8237113749685232,-1.2223323012795433,0.3941072788354553,0.3370946026763592,0.9302004146510021,1,5
0.39312832098453204,-0.81940877706035997,-0.41715630082299865,0.91907829654994666,0.36365599165534029,0.15182030346438891,0.027298499056373389,-0.44308416334779616,0.89606429241413943,0.91269543730857028,3.1172422111756868,-1.1537939322137487,,0.09896755423083202,0.1818181818181818,0,3
-0.55122483866183114,0.82058060718734527,-0.15099219963390942,-0.83027044763882463,-0.55735696418690306,0.0020489631488459139,-0.082475214579074071,0.12649380056116327,0.98853283071414888,6.4953935042157349,-2.16423615168357,1.378746985894338,0.9103556188883296,0.9044204997131917,0.5849056603773585,1,1
-0.13906070800801312,-0.82243310616824483,-0.55160303241258768,0.98041317940875539,-0.19278868868767166,0.040280505901781699,-0.13947084688179667,-0.535197447109513,0.83313358801427151,-10.104030161000658,-8.9024721333952694,-2.6187912338881092,,0.7122088168142358,0.6790123456790124,0,3
0.067387523250759321,-0.88991774961573566,-0.45111563997382648,0.99510262547282147,0.027175932346930387,0.095038063312411242,-0.072316571318247772,-0.45531073743097883,0.8873908078703725,-21.283393575332109,4.9530856169247981,-7.6886217041577734,,0.163245348515523,0.5357142857142857,0,2
-0.86063818985009521,0.44336388720891001,-0.25046031560020759,-0.44765270142760621,-0.8931794203257738,-0.042867027084696939,-0.24271169126376479,0.07522623628441516,0.96717736134504462,11.035420744866965,-1.6722925513511091,2.6702379605926558,,0.2016215553474487,0.2222222222222222,0,4
0.95901849560769725,-0.0032356212129132601,-0.28332500037539254,0.081162187613193701,0.96117133878946404,0.26374676640958167,0.27147048529110923,-0.2759333039794874,0.9220437014430356,-7.3827448781835603,13.632897639980465,-4.862916218572753,,0.0809485697521881,0.2702702702702703,0,2
-0.90418316557537581,-0.32017112076177251,-0.28274238543282243,0.32700412150724228,-0.94471688312307356,0.024048186199819379,-0.27481103982076271,-0.070713960236823484,0.95889437803141553,-15.731237676863079,-13.326842126875228,-3.4823993728952267,0.2568858313575539,0.1209214562502091,0.4117647058823529,1,2
0.30284360005067618,0.9426064523790143,-0.14063722779475832,-0.93591910972900816,0.32199267632581224,0.14274500494448483,0.17983652007422288,0.088395657845786652,0.97971681302384706,-1.0306487723816093,-5.0734868014531838,-0.49048781306793787,0.3394869609039295,0.1832258349296978,0.12,1,4
0.2245514026069074,0.9673591694919057,-0.11744319813084818,-0.96266370957936476,0.23891341795955279,0.12727513888336744,0.15117952852872313,0.084478493824257525,0.98488990970311907,-3.3295391776511036,13.298683244052691,-3.7640700986334559,0.5553967813727925,0.5050396812549813,0.7223880597014926,1,4
-0.57497222545619353,0.78332121423459045,-0.23625159318827924,-0.81308271507042273,-0.57921516742620649,0.05836341557124939,-0.091123204551108089,0.22564942976546487,0.96993757347514808,-2.4526538353963945,-4.6493776331538612,-1.0036292603233397,,0.0734967090331831,0.2209302325581395,0,5
-0.31537390961249034,-0.85991734825470856,-0.40134953756834096,0.92741667043331277,-0.36891119700556674,0.061667237057500088,-0.20109106528664747,-0.35277001416575682,0.91384665046569524,-29.295587134477977,9.9239658443944254,-10.644055172048629,,0.1324518754846178,0.2727272727272727,0,3
-0.050522638142915931,-0.87723185239466572,-0.47740102657965017,0.99435260071109899,-0.088852102464550664,0.058036276127113519,-0.093329354943412809,-0.47177280658369108,0.87676681647630428,-10.291968728911019,-0.58122300610529476,-3.8924520958446598,,0.2932633950292827,0.1974248927038627,0,4
-0.90341536360037322,0.35963222470274042,-0.23346379540768772,-0.36277136571920598,-0.93136547838255412,-0.030907634840892276,-0.22855550097301788,0.056771547738223939,0.97187415560986012,3.5717142739042198,20.784019019112002,-2.3388182072429013,,0.1363142772280655,0.1666666666666667,0,1
-0.6293494197601186,0.73322207036558251,-0.25749699682988797,-0.7698180239056287,-0.63353905905919916,0.07751432587862582,-0.10629919057845832,0.24700942527602818,0.96316500450710474,12.937628929810058,-0.97966954816458351,3.1134975969809524,,0.08004971107559261,0.2051282051282051,0,4
0.75572457736802534,0.63416549717779436,-0.16344566482828832,-0.59982488307168369,0.77044923510370611,0.2159122177556333,0.26285066636773274,-0.065131392717767342,0.96263566777503284,8.895914546031424,15.836551627846323,-0.54195391854691544,,0.4676148943189787,0.4,0,4
-0.96584812486199445,0.077527598386003607,-0.24723849050879609,-0.065320774288812292,-0.99622290175321415,-0.057211244250725699,-0.25074009680719112,-0.039107563346553208,0.96726418435824235,11.041651760647211,-0.085109511459863937,2.4673627751715337,0.6572037174605678,0.3729174778932512,0.2173913043478261,1,4
-0.56629964766604046,0.77996780768957641,-0.26637366240158772,-0.81995985306900954,-0.56589046758891171,0.086219592013945703,-0.083489810206798507,0.26724183366366694,0.96000586140487387,-5.8669231823437213,4.3146091422851578,-3.3223423152340676,0.1886207939197947,0.1639314275566572,0.6764346764346765,1,5
-0.9515299992599543,0.14073364857519294,-0.27346791524247566,-0.1382294519302944,-0.98998991799457603,-0.028505804464059269,-0.27474220485284423,0.010677191943896866,0.96145864104744017,-11.527905185924366,22.962992230654557,-6.8671785605813751,,0.2291747455181974,0.6764705882352942,0,5
-0.41007951240685575,0.91136427243615326,-0.035354722896333138,-0.91142067079502753,-0.41092817735680931,-0.021222485758095141,-0.03386966713295831,0.023520118646207216,0.99914946312709918,-3.7881865601391156,22.859126392471595,-4.6341953505253342,,0.722765775911783,0.5172413793103449,0,1
0.84817911106787691,0.46139129963608966,-0.2602119600791345,-0.44243992671154214,0.88718742440792586,0.1309403880546979,0.29127153448215648,0.004067258603762486,0.95663177378124897,6.8984024520480656,-4.5331929137723055,1.8129613980284685,,0.07175526744578954,0.1282051282051282,0,5
-0.5608589420222353,-0.76354176469026047,-0.32006440090610327,0.79454939809132574,-0.60504722945046518,0.051079390433214966,-0.23265532692464036,-0.22565864421289147,0.9460177985353071,5.9966232528968693,8.408986275074092,-0.33802188087760904,0.316892726578326,0.3146933903026763,0.6636363636363637,1,5
-0.74069053221800785,-0.5933441865942517,-0.31515109347328951,0.61987138058985836,-0.78444758086634137,0.020036576518143064,-0.25910809907879523,-0.18051224088064136,0.94882997627816434,-8.612690556008797,17.533350105931749,-5.5700469576748279,0.4965349086964714,0.5007338924865369,0.6153846153846154,1,5
-0.68162724939847252,-0.6654192263291282,-0.30430502149819594,0.68845950865427619,-0.72409990973511218,0.041265308251793281,-0.24780596808992622,-0.18137412702242689,0.95168042337008663,-8.0062543801898318,16.269506637100115,-5.2533880799669648,,0.08488882880045534,0.2777777777777778,0,4
0.43373401233901387,0.88233211460669803,-0.18266046664227098,-0.86963944865009091,0.46297814178802837,0.17140148651067516,0.23580083946386826,0.084506093035806487,0.9681201807358204,11.419105196796748,6.0228861740571773,1.6827861558107293,0.8033019462040047,0.397096878484241,0.7808219178082192,1,3
0.1567884599650993,-0.92153406114878611,-0.35523563020113741,0.98652484585977684,0.12910329833520678,0.10050406389950206,-0.046755826622112577,-0.36620665272711439,0.92935815495173135,-28.086865795993084,10.874045295101292,-10.41059803466616,,0.3732476483722135,0.8431372549019608,0,1
0.93757660098228035,0.23309502894458836,-0.25810235328612452,-0.19871150019514275,0.96812260731692912,0.15248723517746393,0.28541873971536919,-0.091680557825489686,0.95400776639191842,-14.592114586530158,9.6155581473968805,-6.4313934616861186,,0.2487690613460975,0.2710280373831775,0,3
0.60443572827222036,0.78422871935557736,-0.14015265293936038,-0.7625508883134775,0.62046001920530791,0.18315432645742855,0.23059400061657309,-0.003831488700104023,0.97304251015769272,-26.177463227139185,13.870241172157549,-10.257984527551622,,0.7432492042150192,0.2833333333333333,0,2
0.91008683631670606,-0.23684506519402848,-0.34006817765896186,0.34404055911621351,0.88927655787641269,0.30136903838066087,0.23103688892913651,-0.39126924068308433,0.89080319782162309,-11.653570683457696,14.978646621836468,-6.1557504134634922,,0.1444021357904106,0.2631578947368421,0,4
-0.10114396627196967,-0.90133241872174186,-0.42115290459402999,0.98725510000072425,-0.14321500890434624,0.069403377058226676,-0.12287093069287384,-0.40876562011223672,0.90433036120928945,-3.9942204134100483,3.2013082902362449,-2.6374933880216078,,0.07343764518345652,0.2365145228215768,0,5
0.041943467864395831,0.97495630401040045,-0.2184054733148611,-0.99348504200849741,0.063881976995204426,0.094374595737193909,0.10596328047433691,0.21302417300758208,0.97128393629543408,-5.9263936928222947,19.486953621735154,-4.9601824781864146,,0.07375104270951606,0.4347826086956522,0,2
0.93949722704099126,0.23100294816766204,-0.25294781738559513,-0.18226663305096766,0.96230782913140012,0.20184775566915683,0.29004109167245906,-0.14353145972315698,0.94618966661615345,-24.119775056438737,2.2638840216208158,-8.1705536837879151,,0.2009289262155927,0.6956521739130435,0,1
0.43463732927053023,0.87262449693788291,-0.22274846654576019,-0.8771780828783724,0.46622495017787552,0.11486037937191543,0.20408087348500731,0.14546746431949803,0.96808585048127394,15.478520185679473,-2.037042146917488,4.0361817277317185,0.2783131475879377,0.2435808065883429,0.4444444444444444,1,5
-0.83688789040216094,0.49203973871611228,-0.23982400718527255,-0.51084274323826717,-0.85945728273498401,0.019309863660843581,-0.19661726927974432,0.13867254478799521,0.97062432214683281,-15.257077801291494,22.945486489661572,-7.9756486641009356,,0.1208101791369652,0.2307692307692308,0,4
0.8729499725167037,0.42220257817176782,-0.24434264561921631,-0.38781220707060859,0.90450729325449408,0.17739292121291425,0.2959054537011932,-0.060096085018411405,0.95332493045936328,-1.0260430245484438,4.822624270157907,-2.113260355629063,,0.08127665468046724,0.1491228070175439,0,4
-0.48066048306579656,-0.81610997689627918,-0.320827064988772,0.84877550632363385,-0.52491142607500962,0.063624952974118534,-0.22033075110845074,-0.24172815389659186,0.94499833847987857,-21.451719863880001,3.9842497473407188,-7.5687184792185347,,0.1355194972293078,0.4857142857142857,0,2
-0.71015447994610092,-0.63463508810072067,-0.30482604804031177,0.65307280704892745,-0.75553955038966059,0.051535390657533341,-0.26301430247368285,-0.16247551430409787,0.9510127149233607,5.9826210208863939,-4.2045997475405823,1.4791694037047112,,0.1249284373037097,0.2432432432432433,0,2
0.57705845677347289,-0.7299929450893351,-0.36621556163824909,0.81211370000392702,0.5603625349389435,0.16268118423079569,0.086457363666438872,-0.39128522787935838,0.91619921125880066,-0.46954825217601781,15.036980695225781,-3.067820764659456,0.3071674550513194,0.1391380371553424,0.5714285714285714,1,4
-0.64616846022351782,0.73505889232550825,-0.20531620935904177,-0.75414439093149754,-0.6562740971451918,0.023886126576419607,-0.1171860001831684,0.17027252928602743,0.97840416348848891,-20.808159836547034,16.723501196035784,-9.0294027648440931,,0.123124605367325,0.2916666666666667,0,1
-0.83735718300163664,-0.42569492264570286,-0.34295303017940265,0.46489600600993553,-0.88458815825235171,-0.037087651256495442,-0.28758416450071617,-0.19049310515969523,0.93862011762748998,0.68443382159586075,-11.445105656387012,0.8107401646786847,,0.5515846571824625,0.2,0,5
0.36114806237990438,-0.880211878916762,-0.30789466584055031,0.93230031634157962,0.34779444769399132,0.099273069372422362,0.019702720335806275,-0.32290257101338621,0.94622710405288724,-0.26076782701451362,2.3604474198098346,-1.3960432086867574,0.3075397861113605,0.2675382134744125,0.8379814077025233,1,5
-0.32754649792658108,-0.88824355696392032,-0.32208178341551058,0.92622007000946716,-0.36919428266231541,0.076236235223919369,-0.18662709773152081,-0.27334770012118631,0.94363730385713773,-10.913691859178027,12.411571099934104,-5.7150676833323395,0.2145762210526871,0.1662059497610217,0.6285714285714286,1,5
0.7007833233418691,-0.58082442080403229,-0.41418078893592492,0.69987610918588117,0.67218585236656858,0.24153594280988738,0.1381164925588439,-0.45913959976883839,0.87756177127730028,-6.2981907994747823,-0.95044080958679344,-2.7078771069218095,,0.07872332759240913,0.2551724137931035,0,4
-0.51569966054252458,-0.76563568171500873,-0.38452030245634355,0.82611018419896354,-0.56334072099236032,0.013754840404773473,-0.22714714103214709,-0.31056277136289306,0.92301405263642644,-29.866886286569677,10.879826834085893,-10.900497196756751,,0.6275408044802366,0.4,0,1
-0.93064437958964585,-0.17198172848487372,-0.32299121320177854,0.210072140792507,-0.97382902354840095,-0.08675672053287449,-0.29961764701207877,-0.14859110997001607,0.94241707732660596,-11.582211844622011,10.952674012009643,-5.7564332679110937,,0.1507901940245244,0.1777777777777778,0,5
0.045780561789331146,-0.83262021755544047,-0.55194901347876613,0.99678599783544175,0.0017134920448869384,0.080092062429517941,-0.065740510200750141,-0.55384170776760955,0.83002261900239904,12.177448504806833,-3.4241842057432312,3.2631312974373192,,0.7215491266123059,0.2888888888888889,0,2
-0.38936690685648973,-0.85259888905084635,-0.34852337975273995,0.90024001541447196,-0.43230088789434745,0.051805954988881728,-0.19483666618878698,-0.29358316831014308,0.93586729657223156,-9.7753111631030869,-2.9666599031479004,-3.3694329415402406,0.1539290859686846,0.1501394811271279,0.5577689243027888,1,5
0.92784949185607701,0.28423581057288239,-0.24146495491147132,-0.2467092610814518,0.95330984688500708,0.17416910268107438,0.27969601527205629,-0.10203107281638839,0.95465166381297029,-4.9917306785479436,20.176042137320973,-4.7609841695809845,,0.2041980784890572,0.2173913043478261,0,3
0.81454134006892542,0.56469110332371431,-0.13283961436923297,-0.50598155775275122,0.80358560879144503,0.31342117439219497,0.28373415115706369,-0.18808010838557548,0.94027698275393901,-8.0219815923002749,5.7391335137647781,-4.2261828939009956,,0.08968685332307758,0.2066666666666667,0,5
-0.71884201725939545,-0.63197548484155364,-0.28960859928829386,0.64107794451921796,-0.76376040190348804,0.075426239036811255,-0.26885911417219704,-0.13144213572331842,0.95416861281590859,-12.67808519165874,-0.19605258690171676,-4.6620491904116879,0.1739573665810144,0.1441157641652218,0.6366559485530546,1,1
0.78444247214600837,0.5680746006374755,-0.24888000322250239,-0.55334824436914343,0.82229357171493533,0.13281190597940415,0.28009949722740796,0.033534012984851466,0.95938508515928345,-2.9349212881781139,15.631170358524766,-3.8167382519484718,0.1986298190776881,0.1231219695477894,0.462962962962963,1,5
0.53176997308403295,-0.77248875969432163,-0.34710490038622838,0.84160723280563188,0.52773098025489384,0.11487940706869046,0.094434958651189893,-0.35321541391215572,0.93076361658554851,-15.764648555235125,-11.676802202859285,-3.7921906610963743,0.3207271871606724,0.2862835497918226,0.6875,1,4
0.87124051728811369,-0.37194523053633921,-0.32030720647030336,0.44269220771362044,0.87729732207343958,0.18539961680761929,0.21204615126236262,-0.30332516243140939,0.92899422795342368,3.6127823068369587,1.3120932947507333,0.0060111277121288687,,0.08700604397734239,0.2891566265060241,0,5
0.1905521774011468,0.97109525804924213,-0.14374932167477861,-0.96885478730955088,0.20962605188054917,0.13182306126144699,0.15814635245571673,0.11415304712205634,0.9807949903204557,-0.57392596328234158,3.8617803908449018,-1.8426956780501342,,0.4722151943643554,0.417607223476298,0,5
-0.82608900391521511,-0.46009513946442165,-0.32540654611052894,0.46548951584433962,-0.88257612126904517,0.06617326351851982,-0.31764204420915637,-0.096808330255735695,0.94325589261012643,-13.041912525759841,3.9189087937540377,-5.3493251769505914,,0.1410830143527938,0.1745283018867924,0,5
0.92651573794850473,-0.15260572653021598,-0.34391871069182078,0.25738561855721259,0.92379018600309293,0.28348604128650395,0.27444713642823909,-0.35117400882547845,0.89518466521259388,12.60384696118758,0.73454899116722383,2.8419822638025951,,0.5126356270718925,0.1428571428571428,0,3
-0.95038485266937234,0.16760649837750555,-0.26206238478317911,-0.16914666004797593,-0.98544703109165099,-0.016839130240761589,-0.26107094670075848,0.028323322797335702,0.96490401086040023,0.77917701059514899,-5.9104740918098235,0.14482257821950195,0.4363837921157729,0.2155035956525005,0.7345679012345679,1,5
-0.53841657658511755,0.81306465273428941,-0.22143500295217941,-0.83931092575490651,-0.54088881304824354,0.054739947275308634,-0.07526459969204656,0.21532571233675568,0.97363754941963099,-6.9803153321459819,-5.757769855709757,-2.1270515024108532,,0.07872227423128718,0.2115384615384615,0,5
-0.54054140079135626,0.80543103839334951,-0.24309635213867534,-0.83785147559556139,-0.54155367021131939,0.068735195664167179,-0.076288261697722654,0.24083285629926404,0.96756376350805906,0.38052171607335883,-2.8118431890540228,-0.36240364622376919,,0.08584209580553639,0.18,0,5
0.42208601174628763,0.87703524326488802,-0.22946150169344981,-0.88297625622630083,0.45507374277629292,0.11515563197761426,0.20541745210351556,0.15400347628179273,0.96648155681545456,0.0066842644708304914,-8.9126775966738219,0.33004712703485573,,0.07537200716903032,0.4137931034482759,0,5
-0.14093506112033596,0.96071413925931382,-0.23909339425053705,-0.98857926032292676,-0.12354549384192862,0.086299229490931148,0.053369978512096343,0.24852535801923614,0.96715396489650407,-2.3678098881485208,4.9227692282662181,-2.492440313835143,,0.09127003350680291,0.4871794871794872,1,5
-0.35214080346227544,0.92166419731144777,-0.16288634666904889,-0.93451491401864928,-0.35586022800645767,0.0067359928674373508,-0.05175644900552432,0.15459173819269359,0.98662184471503667,-16.727374980297913,3.779538320040404,-6.3173444186695678,0.403965275115717,0.3229158847681152,0.6862170087976539,1,5
-0.86856359428977636,-0.39223005562908686,-0.30290735569746002,0.4016224854698402,-0.91519425626247175,0.033449252147220603,-0.29033887414442472,-0.092601602391015933,0.95243282251041894,-6.1834715561672384,-8.8010745635174548,-1.530218879955294,,0.07482130697173459,0.2592592592592592,0,4
0.90070470311998085,-0.23311993065930967,-0.36658714612891991,0.37037328244681833,0.85308759025011927,0.36751216988123525,0.22705653354862268,-0.4667940244804375,0.8547213986336365,-24.902147164604926,3.7895590222587838,-8.4839596007965525,,0.4046900043859927,0.4,0,1
-0.53078616020550118,0.82639294025886123,-0.18799138391057799,-0.84294019274277443,-0.53776851522855673,0.016026711691670623,-0.087851486003792362,0.16697225014710601,0.98203990962065157,-2.7550502525005811,-9.2440629659299702,-0.45779705934173998,,0.08270497234438158,0.3333333333333333,0,5
0.49589225227059663,0.85506412542242849,-0.15151308707030794,-0.8475441072269454,0.5145625491322231,0.12997834179366322,0.18910277745944598,0.063958771455745494,0.97987214222621755,-15.408573899977588,2.4303253878201327,-5.8014416980606063,0.252728190360156,0.1467008866213197,0.2,1,3
-0.96047099466096164,0.071293362583166126,-0.26909612569966113,-0.0090521749015240825,-0.97413741482299354,-0.22577501006871131,-0.27823286388299784,-0.21441444329512799,0.93627609173891901,-10.185256042079358,26.84192747563355,-6.7980055596121236,,0.4093358765706505,0.1481481481481481,0,1
-0.75197086399108659,0.64144242013152664,-0.15195868308297086,-0.63952629352599133,-0.76577714043496437,-0.067760542177274688,-0.15983097195915577,0.046227619915593314,0.98606139137455984,-3.0653681544516314,9.40965111965739,-3.2487363509313942,,0.1030997197711038,0.3163265306122449,0,5
0.79612270087459935,-0.50127435193327519,-0.33898771252953902,0.57974547136298049,0.79237523757140549,0.18983327242023576,0.17344691864155415,-0.34765716874175751,0.92143944968522817,-10.071753369120529,16.00225165635911,-5.8050924694081267,,0.09433715741088797,0.3,0,4
0.87832209566360175,-0.37641086780956445,-0.29472895151978112,0.43220535204817812,0.88869710411102676,0.15302284406448954,0.20432530418430658,-0.2617867753335244,0.94324909452936379,-7.244145067841548,8.6836331397509241,-4.3700436655107247,,0.09151191984763425,0.2096774193548387,1,5
-0.90949911626148161,-0.15705507700822893,-0.384896168213617,0.21885885022092685,-0.96808243820630613,-0.12213597552117315,-0.3534291459395496,-0.19532049462991341,0.91484301559227499,-11.086082360247939,-2.2383799952400776,-3.8193218181023409,,0.4287968133864168,0.3125,0,2
0.0012687343822215765,-0.9428674133163697,-0.33316577137990611,0.99561267848382917,-0.029980591855271212,0.08863723006877447,-0.093561662850360744,-0.33181652312401227,0.93869271341934313,2.545904920515508,-11.762791574927158,1.4859928139341592,,0.1094085634708945,0.2608695652173913,0,6
0.90497783618429573,0.40747456157345507,-0.12239116669804834,-0.35660158328179337,0.88335438665555777,0.30417156076349466,0.23205694735583141,-0.23162363706431749,0.94472221522360134,-3.6623342669003467,17.531590709644586,-4.1789665489420376,,0.5197888170783829,0.4693877551020408,0,2
0.57670041048163756,-0.70811153793695059,-0.40742445482675427,0.81160895743702099,0.55355794390182955,0.18672038707964106,0.093314183050074509,-0.43835106089040787,0.89394676052768995,9.8457418088836821,5.5317002944269298,1.3395156574480176,,0.3857427503415299,0.2142857142857143,0,2
0.28865194342521572,0.94222641524770101,-0.16996893235622013,-0.93568850330681297,0.31523591359467251,0.1584719014828449,0.20289672332569189,0.11329475358373606,0.97262388335579042,9.6273689163712177,-6.2776242751658247,2.8519188509088371,,0.1374240348563959,0.25,0,4
-0.83709814902584645,-0.4374807239155587,-0.32844680710858121,0.46583249500745399,-0.88483033619077955,-0.0086811722505177064,-0.28682185323408177,-0.16026818885490512,0.94448257376647038,7.6200808882221667,7.8362135766389907,0.24023109638790302,,0.113773464014902,0.1739130434782609,0,1
0.92818784209126237,-0.23791779645156153,-0.286116151109301,0.27899923319350389,0.95373418089996953,0.11202919289409342,0.24622501430887128,-0.18381032156736588,0.9516233540712935,1.2534813518332639,-10.07447121733426,0.77005707767860887,,0.09699340343543997,0.28,0,4
0.89240181409770358,-0.28607068452974233,-0.3489735887539529,0.4077524025664353,0.84247817078606535,0.3520916215280695,0.19327953951835705,-0.45650202102690662,0.86847505686802628,-5.9927717934480871,-11.657107990375625,-1.1097796007820753,,0.5023843118309568,0.3055555555555556,0,2
0.19142797079023161,0.96437908806654382,-0.18256041876342205,-0.97052111419189713,0.21373302564708618,0.1113865371373968,0.1464380377731582,0.15585624224805306,0.97686474644418564,-36.337535421732419,12.581631462253226,-12.766508977443085,,0.2048699430569892,0.3846153846153846,0,1
0.060466436560797039,0.97711846454288209,-0.20391987715522131,-0.99379601699548381,0.07803653726314376,0.079245034266452172,0.093344987297402912,0.1978630968658365,0.97577502952530459,-0.37350029500154958,-12.505049660563149,0.72280383919473823,,0.127233809782474,0.1818181818181818,0,3
0.19892602184623509,0.96951458759771036,-0.14307306618533719,-0.97082189222303039,0.21489784867202272,0.10641319568846774,0.13391523965899807,0.11773011114994804,0.98397476060907907,-0.66759545337897797,-15.831270704869787,0.95445985976632619,,0.2153487833146896,0.1,1,3
0.95136637150059145,-0.03673167289716163,-0.30586404068470524,0.16342181004698847,0.90182354061691061,0.4000095168744684,0.26114237338809104,-0.43054045779154759,0.86396734604143433,-13.673810161417142,-3.8601570703334778,-4.3270394732980595,,0.7289381710140301,0.4375,0,1
-0.79059037842116597,-0.45445510137813327,-0.410411274673673,0.54424696420410745,-0.82866400295431286,-0.13080983205534732,-0.28064585424069827,-0.32678208494213073,0.90246959697176676,-18.554042334740252,5.516415838650274,-7.0449191817241745,,0.5514422399800981,0.196078431372549,0,1
-0.54733683418340562,0.83106644132003826,-0.09874694961231284,-0.83306147627833005,-0.55231850395211601,-0.030868218819156856,-0.080193308243632438,0.065366966456657252,0.99463369790551415,13.166852839233064,-11.900474523476259,4.6122128603775456,,0.3711133304915717,0.6666666666666666,0,4
-0.22914192656069871,0.97249947972019213,-0.041698194637256297,-0.97308527982763593,-0.2277820941611613,0.034933590744822711,0.024474796726884254,0.048580649681853529,0.99851935624787258,-13.35974805737029,-10.123449625379157,-3.426706273161745,,0.6798873164275339,0.7407407407407407,0,1
-0.066126800095552343,0.9693052726101129,-0.23680062246404013,-0.99507096731196165,-0.046485131848787588,0.08759510562718098,0.073898689582150415,0.24142580849452444,0.96760144825791017,14.500679637526028,8.4778586382195744,2.3622935094092257,,0.1085647801460119,0.3846153846153846,0,1
-0.94789257984423236,-0.074203689883912322,-0.30982812894225309,0.1018779668239005,-0.99203365106395025,-0.074095310462647987,-0.3018617845174732,-0.10179905483028874,0.94790105785550516,4.7401415975697958,7.6918929385326553,-0.63002841611510318,0.3748648247569368,0.446584163238154,0.2051282051282051,1,4
-0.3268460378518559,-0.76925727499091678,-0.54901267054057401,0.92743575282940416,-0.37279431662967449,-0.029787948273938776,-0.18175420741842521,-0.51891005228475162,0.8352830452747958,14.675237932487299,4.5931442317546294,2.9684453237537398,,0.4154940362456145,0.2666666666666667,0,1
0.77388945444282398,-0.48266722914492782,-0.4100334842567675,0.61126575668633465,0.73862877906826341,0.28422121918464799,0.165678263525635,-0.47059523227682909,0.8666549719198785,-13.902374622064396,7.6892976904274954,-6.0481600968902933,,0.4695673464445214,0.2966101694915254,0,4
-0.28225264076215584,0.9390300514740717,-0.19635684151918376,-0.95930877702760731,-0.27461384005829292,0.06568035601481631,0.0077535218181276145,0.20690529543015254,0.97833025181805289,-8.6687912190075771,15.336626000443092,-5.3620181667259761,,0.1681218074148853,0.1538461538461539,0,1
-0.75707416541992434,-0.54870753091329483,-0.3546248067645012,0.59149352251642551,-0.80616290925282008,-0.015387545812734054,-0.27744210364476907,-0.22140778952887813,0.93488206200627244,-1.5358519813001839,-11.310078591310541,0.15850460502049579,,0.3266344248405677,0.25,0,4
0.31769996016132535,0.91820624124430661,-0.2365671867641316,-0.93085291925785441,0.34952115710499171,0.10652606932164069,0.18049813855722602,0.18636592842038213,0.96575781783083992,3.8944250572098498,-8.7249413495293524,1.4425855029143793,,0.09663198558324841,0.4328358208955224,0,2
0.95500109776230424,-0.10549866156608063,-0.27720558378315574,0.14089373615769171,0.98378412403802873,0.11098537021722969,0.26100164440922857,-0.14504768077599284,0.9543790190051249,7.9747530092015086,4.4060875497154441,0.97162236148111492,,0.1741966352733121,0.3333333333333333,0,2
-0.89515833763535924,-0.25207386003754961,-0.36762796363670525,0.33709681463293817,-0.92244342814911995,-0.18831850527451249,-0.29164582651947435,-0.29250109563943505,0.91070622097551468,2.8152674040152998,8.9756083333119392,-1.4150078160697406,,0.6642453472456835,0.3444816053511706,0,1
-0.93953368390749226,0.23247650620986202,-0.25145801014020686,-0.21354752117501039,-0.9717486872508011,-0.10050843261315598,-0.26771984051098041,-0.040732823211764642,0.96263540559755745,-17.653873513348195,2.9137646149537617,-6.5142140421825756,0.5562105402885779,0.3180615225023964,0.4285714285714285,1,2
-0.78706274477297311,0.5591160518480196,-0.26061749050345534,-0.59108333155229076,-0.80442889752214919,0.05928443296807448,-0.1765013624635253,0.20070722308174169,0.96362019470916904,3.7264699439245028,-10.394814946265162,1.5961610065060865,,0.08647642592780889,0.3333333333333333,0,3
-0.66418060184504857,0.74167534116743117,-0.09371134636170543,-0.73721583645292244,-0.67060625856575429,-0.08246245482313902,-0.12400378468323832,0.014315525719121584,0.9921784754305133,16.045445445317508,-0.12655402959919346,3.9630604148444224,,0.1931483931815995,0.2916666666666667,0,1
