axis_00,axis_01,axis_02,axis_10,axis_11,axis_12,axis_20,axis_21,axis_22,location_x,location_y,location_z,dbh,dbh_approximation,score,reconstructed,number_clusters
0.91008435612178407,-0.3079720852255497,-0.27730787847485366,0.36528793671570359,0.9121658575433661,0.18579066613304221,0.19573243990810951,-0.27038240152421544,0.94264636471670316,-8.9980571246591179,-8.4975018727471525,-2.6460742696978028,,0.1708411540044934,0.1304347826086956,0,4
0.090089618388358009,0.98583058235963905,-0.14149884643732669,-0.99269708806112311,0.10033081633377983,0.066979240431370116,0.080226878373809013,0.13443135861193811,0.98766991338611776,-16.157536168441144,4.1567207374322415,-5.5304807519602859,,0.1189792100402021,0.3142857142857143,0,4
-0.51683709398456945,0.84479940889925498,-0.1385401638697441,-0.85271418358215367,-0.52236120469734781,-0.0041584786830414014,-0.075881087231321059,0.11598590668958673,0.99034808529626983,9.7381752035513998,-12.976560946654391,2.1002982165145578,,0.114451589995072,0.3571428571428572,0,4
-0.12425362332383746,-0.94321621038788972,-0.30806528131616101,0.98875899952128066,-0.14372023194374725,0.041232702988175843,-0.083166567541131053,-0.29947900659569282,0.95047127607933668,9.9235179817463806,-1.3013984475618177,1.0748940121787232,,0.1346326397646513,0.3076923076923077,0,5
0.58656834637734412,-0.75583674141745394,-0.29094397287380647,0.80285200477786556,0.58993820822275744,0.086032371251094239,0.10661253890754019,-0.28404881763944834,0.95286412239380736,-14.092415609491535,-12.134605272253491,-3.6343342165765868,,0.1671673447155171,0.7027027027027027,0,2
-0.24813539356524358,0.96870510443753266,0.0062647503454152159,-0.96870516653183569,-0.24808327393027479,-0.0080616084353420069,-0.006255141465246087,-0.0080690664085081958,0.99994788032804216,-15.567047303853322,-0.42303863474910319,-4.9903707984232764,,0.4017405601519978,0.1645569620253164,0,1
0.94742435668390479,-0.15563108173944171,-0.27958192852668456,0.21347761646065203,0.95829953457409434,0.18997186450985998,0.23835770520872138,-0.23966845522864505,0.94114007243127573,-16.845430906175153,-11.48541634408776,-4.289556631653495,,0.3270463533535591,0.509090909090909,0,2
0.20784775764430083,-0.82698760605117305,-0.52238951853955429,0.97734736458867577,0.19735948078881821,0.076428818349755678,0.039892838628102729,-0.52644157774678058,0.84927488285341035,0.81968300887809231,-8.6844573892271271,-0.37579761666926254,,0.3431496254028741,0.2,0,3
-0.92219180278059876,0.35489315208820821,-0.15366564184997847,-0.33939188828352601,-0.93316694631451802,-0.11837481350938193,-0.18540610845280317,-0.057011410322269862,0.98100676554316057,-1.8536932482403592,7.2205045569399591,-2.5271401658489485,,0.1667328632384216,0.1935483870967742,0,4
0.96795542646750943,0.062420675325887715,-0.24324052224899137,0.013969501996853753,0.95373055274324947,0.30033795261008173,0.25073321556200301,-0.29411169996434328,0.92229667816707561,7.0142152297744849,2.6628637204715662,0.028393487979983971,,0.6686553165287518,0.5,0,3
0.79697320224076407,0.59017378398115838,-0.12856367920786499,-0.5612079727403777,0.80222487302865497,0.20366851604210615,0.22333680001902331,-0.090167387649411693,0.97056195884742114,-21.660820732494443,12.178148944224766,-7.7717997142738255,,0.3179132510965826,0.1,0,1
-0.72767151670737851,0.66274250488291298,-0.17682345996588239,-0.67195030035905046,-0.74052485584741146,-0.010282593036430872,-0.13775687866733138,0.11133422696409682,0.98418887023078117,-10.068431825649617,17.440815144332404,-5.6911430676365775,0.3532977701142033,0.1847853286198485,0.4375,1,5
-0.13792167160787064,0.97694503921331588,-0.16296012658740652,-0.99020920967838888,-0.13243412979610497,0.044123942857015541,0.02152518452862685,0.16745026611397582,0.98564551173805237,-17.702762427272972,-2.0279140352867309,-5.3518312002009862,,0.1201976812503426,0.3333333333333333,0,1
0.97168337878534483,0.040875462909834341,-0.23272431743202493,0.0027988703594301412,0.98286322122793057,0.18431509618630443,0.23627013716719739,-0.17974728061743317,0.9549174505650373,-0.084649498718378763,-11.756681149651511,-0.28453235710776753,,0.4046430545361172,0.1538461538461539,0,5
0.23295204332242048,-0.87656313551554732,-0.42115367143960813,0.97245340753701404,0.21363092703207623,0.093253403074986169,0.0082289538557008875,-0.43127589368125829,0.90218256902240845,21.420911339171319,-11.387318824535546,4.7619090902904215,,0.3974333154901346,0.3,0,3
-0.53329277887718263,0.83172550588799732,-0.1543745278626219,-0.84013113455086996,-0.54207520859345049,-0.018279633109982717,-0.098886241488493551,0.11994645090090136,0.9878432872478089,-8.8030506533086683,-17.907384976917736,-1.9059610064554551,,0.2625343202102671,0.6923076923076923,0,5
-0.71710895258896989,0.67630198002815101,-0.16843509707526205,-0.68485281171734091,-0.72861557424384971,-0.0097964918290948024,-0.12934982179965709,0.10832809782926794,0.98566406387830197,2.7987429675252611,11.050504375661864,-2.0331628397930874,,0.1045044604049526,0.4545454545454545,0,3
-0.87828813627839875,0.43890811479999015,-0.18965657498577862,-0.43586816239302251,-0.89802479565005422,-0.059752919676016987,-0.1965423483240889,0.030184982365364051,0.98003059756053323,0.0063991352884578629,8.3791293758343421,-2.3096888049879194,,0.1852224824435573,0.2083333333333333,0,5
0.95328913647677316,0.24452285463951223,-0.17733695563619151,-0.20296223853521142,0.95334186630254159,0.22348515763594534,0.22370997296532055,-0.1770532674472049,0.95843935044536033,1.3897744581612426,-6.2026621441069318,-0.44467578906184196,0.6047304407920082,0.2591451485537545,0.282051282051282,1,3
-0.1293872375774093,-0.90200690476375678,-0.41187678559320828,0.98786760724966938,-0.15323225946594232,0.025248073308172195,-0.08588674693396961,-0.40361295620615156,0.9108897014916959,-14.724775175437916,12.840861902076046,-6.272866954719178,,0.4511327963419139,0.2195121951219512,0,1
-0.70326905160029218,-0.62750705003973084,-0.33413701263353252,0.68552060700823325,-0.72308807878709458,-0.084883023526811124,-0.18834579482507774,-0.2887534111771225,0.93869448123725885,-10.183620471851308,15.499742439123597,-5.5113157256856642,,0.3427606736633282,0.4736842105263158,0,2
-0.86089992924827385,0.49789996910394008,-0.10462758998760294,-0.47609532465950727,-0.86089855846676788,-0.17940711766036743,-0.17940053973630318,-0.10463886847695721,0.9781953555124796,-0.31630142688526919,-3.7818941040092748,-1.073459726304095,,0.3614906129144243,0.3333333333333333,0,5
-0.79210697192744839,-0.52629477463915486,-0.30916072714924564,0.56836097716019374,-0.82064725674087946,-0.059193577735928704,-0.22255863197242803,-0.2226025386000598,0.9491658259457989,-25.527687344086264,-16.17809273824049,-6.0828827033186288,,0.1818740502186679,0.1818181818181818,0,1
-0.97190987631720327,0.034042468948964955,-0.23287830003015805,-0.029870745201430026,-0.99932427508382604,-0.021418025336055888,-0.23345006082284242,-0.013860141992181782,0.9722700065135027,2.6626572489460938,15.350050564581119,-2.5480869294254824,,0.2269239966791739,0.4285714285714285,0,5
-0.96577524472497245,-0.008945069146316648,-0.2592260835918897,0.048142992345289369,-0.98822128707433798,-0.14526162625133479,-0.25487335867929234,-0.15277000200009391,0.95483029776208406,1.3771939718426107,-14.479898214840002,0.29267747934362659,,0.3424009383924622,0.2352941176470588,0,3
0.30223314371953497,-0.88925095226567763,-0.34334803149573007,0.9530205156041428,0.28950680194446482,0.089093818334957428,0.020174827756910086,-0.35414482280907944,0.9349729519095753,-7.9851210019977694,-9.6793062780847006,-2.3160108355944948,,0.1636252166242894,0.5051546391752577,0,1
-0.2883937672041097,0.94335425341460466,-0.16404812587285347,-0.9574831689449198,-0.28279391460294057,0.057040188032116419,0.0074172922968056432,0.17352335412882769,0.98480182237182379,13.612536627741347,-23.747670386103263,3.8972855497088035,,0.4806977346898781,0.4705882352941176,0,5
0.95382493199804042,-0.16960149502296093,-0.24789782569621566,0.19713744114687434,0.97617519978709921,0.090657645119872232,0.22661603737819935,-0.13534146521519036,0.9645350482986137,-8.371308027596708,-11.560416568240521,-2.3040933529128864,,0.3704976935371848,0.3809523809523809,0,3
-0.82542049735577983,-0.50204783565594402,-0.25812588645488621,0.51877042954846353,-0.85490482036393756,0.0038716333255428281,-0.22261680972253867,-0.13071235148863042,0.96610353337376487,-0.86353377080927984,6.3334253621664196,-2.2387302248191765,,0.07410786492276504,0.3676470588235294,0,5
-0.96389467792394967,0.14173587866270487,-0.22542845998142536,-0.14201456480837146,-0.98974992842197651,-0.015064613203865143,-0.22525299832005569,0.017493424147494996,0.9741432476075691,3.3880697861316094,8.8038791029007282,-1.5932694863282011,,0.09426447754698315,0.4166666666666667,0,5
-0.98152981722329158,0.046139111144630769,-0.18566205946394937,-0.016340727611203733,-0.98715440409213573,-0.15893131567641702,-0.19061006931101027,-0.15296197208549539,0.96967542846715871,0.69466877715187014,9.8366178557403074,-2.2709306084461747,0.7366042139244618,0.5447061844685683,0.8108108108108109,1,5
0.52607611231874996,-0.77680930871630927,-0.34613757660687433,0.84548253849236232,0.52160226043349112,0.11441310683302043,0.091668975952072476,-0.35284327937819976,0.93118119560348522,-10.188088461694109,-9.9389249612222166,-2.8305231100898407,0.4428594873883131,0.524072133141716,0.6767676767676768,1,3
-0.95252677278363396,-0.10503806614598751,-0.28576170455592287,0.15304422679006027,-0.97658783283461759,-0.15117430140608515,-0.26319234748872911,-0.18773174856612951,0.94630152636655696,-5.6568235287666493,15.811007197251165,-4.4224938116646957,,0.4493586549495137,0.1666666666666667,0,2
-0.86254689044330801,0.49662535682466941,-0.09683035033164715,-0.47482495079700948,-0.86059336517613583,-0.18417471573327232,-0.1747973909622148,-0.1128818620221328,0.97811224168763922,-19.168670654502193,18.094210251209628,-7.9261897595964648,,0.5563196357493598,0.4285714285714285,0,5
0.84182513105051393,-0.45670642243155013,-0.28766246269118739,0.50989441664546931,0.84770138420538843,0.14632172460043075,0.1770257964409733,-0.26985478859201695,0.94648838369437804,-2.9486219594605818,-11.382174752554327,-1.008514391871703,,0.6082364442123364,0.7826086956521739,0,4
0.96550935574709607,-0.10523496330327234,-0.23815391339087144,0.13033852599497983,0.98717319654713576,0.092200589262577723,0.22539643432468878,-0.12006116156971632,0.9668411270091104,5.7352543120987374,3.7545389232875821,-0.36204143285502727,,0.07216169766576892,0.3488372093023256,0,5
-0.72579538996356019,0.65418807341380003,-0.21274166613708576,-0.67377030882596844,-0.7384094590890421,0.028018595118007757,-0.13876102785797637,0.16367478526324097,0.97670668156659435,-1.4260596596167543,-3.0104000162414333,-1.3755522772072455,0.2467460508395163,0.211628422969467,0.8361290322580646,1,5
-0.97087749901118203,0.020646059538139201,-0.23868519463791624,0.038944638841551561,-0.96942789061461587,-0.24226613466185878,-0.23638992579907775,-0.24450624761761078,0.9403916725793896,2.5784975761867908,6.9248708567729205,-1.5322386565610435,,0.6135602188642177,0.4901960784313725,0,1
0.16022092765325205,0.98080973213014089,-0.11109241063516694,-0.98268662478809821,0.16910242309581333,0.075705798758747403,0.093038980027227228,0.097039372740788832,0.99092235232311077,4.0998468229662448,4.926169919089272,-0.91613854441037124,,0.06710673157856517,0.2631578947368421,0,1
-0.75833424333442656,-0.54872957027648106,-0.35188781463783669,0.61878688860699249,-0.77573595340431112,-0.12384069235910952,-0.20501697947848549,-0.31165620369261759,0.92781380073020325,-7.5522069935872205,-12.568545960689903,-2.018999744906171,,0.292711476447146,0.25,0,5
0.90539704859824222,0.38722243589256594,-0.17411194540013863,-0.35167886359276956,0.91375319282957146,0.20341356762975096,0.23786164317033398,-0.12293855268056827,0.96348739014743556,0.05930540942936055,-10.551898850081042,-0.35395467835555677,,0.4374136820717003,0.7636363636363637,0,2
-0.97057149325621206,0.090555702544470124,-0.22313816619996682,-0.070512351593839867,-0.99285876189918065,-0.096226229234719587,-0.23025851721730797,-0.077660438169659646,0.97002570666564436,-17.442112500299032,-3.4851708666964902,-5.1262995804852602,,0.1080868893614404,0.1,0,1
0.6020020955187626,-0.64172981901882664,-0.47515925369615064,0.79202911170230539,0.55546875915372007,0.25326733666283152,0.1014069189309894,-0.52880742901957289,0.84266205551610862,2.7346374838084788,18.187861146395171,-2.8226537802539604,,0.1846549462200928,0.1666666666666667,0,1
-0.75378347260264345,0.65473174337072437,-0.056007326787050712,-0.64117130490494045,-0.75147471184311143,-0.15551564302927312,-0.14390911784037722,-0.081314830646347758,0.98624442412586544,1.7077330315279375,-4.0727241122931845,-0.55201398709339144,,0.4976089777539808,0.2349726775956284,0,3
-0.54049296804298974,0.83901080754643209,-0.062675484173348645,-0.83713765645630633,-0.54373731583923424,-0.059584188395816029,-0.084070777556313439,0.020263173103654091,0.99625373684460938,-11.32963347142616,21.270563181259764,-6.3177036506401736,,0.2754853304810048,0.45,0,1
-0.9407178062787056,0.29536171814427081,-0.16676769592773166,-0.26327071838172655,-0.94581646692758692,-0.19005193956228714,-0.21386570036578942,-0.13488019255428857,0.9675064836286984,0.71890320642746697,3.7248062517761329,-1.5323919711741389,0.5207638430007819,0.436950901923475,0.2181818181818182,1,5
-0.72751580473206878,0.65622096563929722,-0.20023685505041,-0.66873176559960601,-0.74347230596279323,-0.0068378318493865983,-0.15335768498214958,0.12893011487544404,0.97972365794397387,1.4934925730805233,-11.480822226058228,0.065355223811504728,,0.09798414292594421,0.4545454545454545,0,5
-0.81279154531908637,-0.52967467599863993,-0.24251730136950667,0.53705705852414731,-0.84258166834047588,0.040321806333194057,-0.22569807209456336,-0.097472405235107751,0.9693087797345491,-2.822868459661608,2.0741455622237646,-2.2026006788376984,0.6776646065526023,0.4480887110359581,0.9701204819277108,1,5
-0.097065255246051266,0.99482461775181763,-0.030038577512424804,-0.99477513433487763,-0.09601270861971721,0.034698586318932127,0.031634922681208787,0.033249657117875371,0.99894629083274467,9.0315845661272842,5.1919339742648942,0.13937632265738834,1.452241334340823,0.752982494668903,0.6103896103896104,1,1
-0.76569898688363436,-0.55655152997636326,-0.32242123994294491,0.60528336926974291,-0.79305668239383864,-0.068506506230774228,-0.21757091802638695,-0.24761157685263505,0.94411408348658132,-19.145332957143705,3.6764882839240358,-6.2689421424797285,,0.1253715389139557,0.2941176470588235,0,3
-0.20766600305628921,0.95677040936884672,-0.20363009338207935,-0.97819979058367623,-0.20312297353271269,0.043199853301615306,-2.9608740451342488e-05,0.20816205557064893,0.97809435012371082,0.35882486467359725,-7.5102769768065638,-0.58755280559669831,0.2980878598871991,0.2609882613782958,0.6222222222222222,1,5
-0.96511026174589953,0.13438233345071104,-0.22472999605994759,-0.13288573606573148,-0.99089063896572604,-0.021843139892532011,-0.2256181814992553,0.0087823724834412489,0.97417621922860131,-14.944626431900847,8.1311094023441068,-5.7986273609773962,,0.07103114884337436,0.1666666666666667,0,2
-0.89161646616154866,-0.3325792590762221,-0.30726391539180475,0.39282892311225831,-0.90564852504932314,-0.15964393581482561,-0.22517884988616149,-0.26304331488995464,0.93813788968128164,22.965695301651419,-10.072749349121631,5.048346871401435,,0.6304889193923207,0.2777777777777778,0,2
0.6279560503037398,-0.72489314228144808,-0.2831980422959462,0.77138646496742191,0.62796419893652411,0.10307223932308472,0.10312187232586939,-0.28317997303365028,0.95350667659994359,7.5905153725459078,-12.107537150929348,1.5495628622166111,0.2905320037119738,0.09842449397116042,0.2307692307692308,1,6
-0.8580362559379241,-0.44877795560846173,-0.24974412917207536,0.45660999997182,-0.88919169077373239,0.029076536669366857,-0.23511931316198414,-0.089086944154798328,0.96787521146033906,-1.5527794462343216,-9.3665133184212319,-0.86429032461060395,0.1913258979335789,0.1787497500374499,0.5625,1,5
0.29815696949740983,-0.89591476228631373,-0.32930101769897241,0.9544844194705675,0.27699830958696592,0.11059579320162916,-0.0078685785282209784,-0.34728759724963071,0.93772565831831856,-9.8329819662251232,-20.786254761190651,-1.9515545122426727,,0.3183089013181947,0.8235294117647058,1,5
-0.97121486720103267,0.078792679828520631,-0.22479634190333425,-0.055577610059321492,-0.99261781438608598,-0.1078007598465052,-0.23163076433793192,-0.092204057225428473,0.96842428761540011,-6.7110573869309293,12.180495660554296,-4.3010772802683617,,0.09581804225487497,0.3720930232558139,0,4
-0.095863551507523154,-0.92417874822030144,-0.36973479797054853,0.99234052049236932,-0.11780631499897672,0.037174770144499852,-0.0779132266133227,-0.36333911636970739,0.92839335178273563,-5.0185676690854182,-12.475732111237299,-1.4112502569887497,,0.09952206775099519,0.2222222222222222,0,2
0.59067732457011612,-0.70231626889275978,-0.39730612465357534,0.80091221730342743,0.5702055498541686,0.18277103460234817,0.098183086184930185,-0.42616603497235406,0.89930116881006261,-18.765667830457929,-10.884444417227186,-4.8321552889283623,,0.129416458079201,0.2142857142857143,0,1
0.63611226201999527,-0.69537716098277391,-0.33438270602909659,0.76361193943279337,0.62952708037498772,0.14350073529508686,0.11071583474594704,-0.34662120399375457,0.93144819763550302,-8.0886931617507507,-9.5919847210585925,-2.38204000484845,0.1509414563454017,0.1275352786855228,0.2794117647058824,1,5
0.8555340568842853,-0.34945028856519461,-0.38202875982420426,0.43094542333874902,0.88959539021878997,0.15134755962639823,0.28696257528553043,-0.29411653731672771,0.91167315572101548,-24.11366494969435,7.7859704018003972,-7.8448827687162099,,0.6044794668254838,0.5142857142857142,0,2
0.81014709383203243,0.56206286366386682,-0.1665743787185899,-0.55199130125069162,0.82707278952011642,0.10609525992701256,0.19740134168510357,0.0059948415646766508,0.98030442831578302,-8.4671127426936952,13.79065788468575,-4.9210591462454012,,0.2481863080918884,0.1923076923076923,0,4
-0.84403528489242452,0.51250846880420664,-0.15792247231009143,-0.50889278882834554,-0.85832031244439988,-0.065683869586506377,-0.16921160520210535,0.024926103773265824,0.98526449343088152,-2.1832086071117511,10.888493196967758,-3.0657164387996247,,0.1144661647172051,0.2708333333333333,0,5
-0.14015480807633715,0.98479499325668596,-0.10264234520727941,-0.9900556876032357,-0.13812261315926663,0.026681064044388109,0.012098149344849384,0.10536111707181539,0.9943604325353107,-5.5960402523633821,5.8419530453553135,-3.2732865705833691,,0.08779591934830412,0.205607476635514,0,7
-0.034248468762570004,0.983839413343507,-0.17574712270567536,-0.99846249970317125,-0.026013707855395769,0.048948173511472966,0.043585308005271869,0.17715331144384111,0.98321768961434342,-3.5363479632758188,7.0809016522912573,-2.9631841417789722,,0.08050642630172647,0.3209876543209876,0,5
-0.72654108709952459,0.68213405518632386,-0.082650949851180086,-0.67299419416720019,-0.73070225681289858,-0.11468664484489058,-0.13862490170774591,-0.027700950229155252,0.98995747079504359,-17.233972293292126,13.822208671193039,-7.0180176204555558,,0.6154052930310363,0.125,0,2
0.32291349451690238,-0.9083465208686764,-0.26576958645535925,0.94613493907394075,0.3168175815302785,0.06674801193185291,0.023570153211889738,-0.2730077252736185,0.96172305255644741,-5.1049256572603268,-11.399674427612606,-1.4916704559877478,0.4290563887836208,0.1693644873699863,0.5555555555555556,1,5
-0.7161501159626118,-0.64428570991176237,-0.26837461767133292,0.66572355308500852,-0.74605585110647799,0.014588279461975851,-0.2096214737917122,-0.16821590600560146,0.96320415628884481,-22.965844900433339,-14.407544426232747,-5.6063688412739605,,0.3595016962180288,0.6538461538461539,0,1
0.97238049901250412,0.032794537134827183,-0.23108587900238917,0.0035007366951009841,0.9879190702207542,0.1549311315932114,0.23337504147356039,-0.15146098186752213,0.96051843344567878,7.9469631902799422,-19.917989957672201,2.2585746013830788,,0.1901330083241793,0.5185185185185185,0,5
-0.72124152969251254,0.67449754923014293,-0.15768231330537896,-0.68448419382682679,-0.72891429788773465,0.012858255560930126,-0.10626403082908192,0.11720495901352394,0.98740617444625811,-17.040539439501757,6.1199857315888684,-6.0101986189208514,0.5727126286531339,0.2086534888055308,0.4137931034482759,1,4
-0.87307868675316103,-0.40792640604123032,-0.26707612021980032,0.42759264582592971,-0.90380484381584814,-0.017358961103457724,-0.23430351250665635,-0.1293555238453146,0.96351907738131859,-9.8974674123480675,11.597470598252553,-5.0506847547522264,,0.06874750224024723,0.1578947368421053,0,1
-0.94412156763556043,-0.1664260364439524,-0.28449400682426929,0.2135503900291788,-0.96635288859998369,-0.14338174783720725,-0.25105914929306355,-0.19612360665667727,0.94789494906778526,-14.208947865168652,-10.795527908565708,-3.7561676194699816,,0.2647251769500099,0.2857142857142857,0,2
0.44509825883411308,-0.85599204383393301,-0.26299270118360213,0.89360593867724847,0.44357806397193345,0.068607051559334581,0.057930702944076672,-0.26554871879923997,0.96235539776139223,-19.668666635417097,14.654700835584526,-7.6160464127938079,,0.08543044994498729,0.3809523809523809,0,1
0.42066594802071633,-0.84991236253572955,-0.31731551519704915,0.90576458037799013,0.41323919623615457,0.093935571679649513,0.0512902048008946,-0.32692865078336836,0.94365617265424084,16.738529319753976,-4.4555857231906009,3.0734242363901028,,0.2120360552187876,0.25,0,7
0.89185266476434899,0.4251514916147906,-0.15441837173875658,-0.3855686072795822,0.8930553353814058,0.23192459340761742,0.23650723759160824,-0.14730369012527847,0.9603988491466775,-3.4969716580449899,-13.176717276654584,-1.0120659030675947,,0.5529217526381862,0.4,0,1
0.46227526016064463,-0.83119539425372835,-0.30889448103648204,0.88453045540538444,0.45679904725879833,0.094554237788675818,0.062509657683846823,-0.31693666085646088,0.94638453902280384,-14.428076947199852,-16.514224053961438,-3.3473027485045823,,0.4322355695833889,0.6764705882352942,0,2
-0.35881016021347412,0.93284212150882961,0.032570619682275974,-0.9327561514086965,-0.35703383350597878,-0.049927985551816524,-0.034946114759990515,-0.048295114358819211,0.99822159413241018,-11.945017115824021,-16.624361603763575,-2.7436655747641692,,0.3088512972949295,0.2857142857142857,0,1
-0.58789192332274143,-0.74327807386699452,-0.31925035849699213,0.78283033915168942,-0.62219548854529061,0.0070309414403294775,-0.20386207738453499,-0.24578543273037404,0.94764432909293761,-9.3336100094709789,22.007277068035663,-5.9289852166397141,,0.1288280198629417,0.3636363636363636,0,3
-0.33740055689469245,0.93077462689185675,-0.1407815973111409,-0.94111522123402958,-0.33693741063930693,0.027844598637848716,-0.021517540955584325,0.14188648718607377,0.98964903889470868,-14.343458494413351,8.8772588361356348,-5.7435633503783539,0.5430003818762512,0.2672933662763693,0.5375722543352601,1,7
-0.74160477123923518,0.66121118155084024,-0.11323487390085671,-0.65274593285030924,-0.75018711093548762,-0.1055558891471505,-0.1547420770914649,-0.0043671476283246771,0.98794525030439351,-16.214541393701555,25.007829777201351,-7.981735672899366,,0.2230485516036745,0.4545454545454545,0,2
0.8574402159379404,-0.44317121503646595,-0.26152542946222301,0.48165484302736988,0.87007712350044208,0.10475882468544467,0.18112119776706823,-0.2157894189349851,0.95949467866951899,-20.656677934073283,10.890636214852844,-7.4044626080918157,,0.09616196583197464,0.3636363636363636,0,4
0.92451437984488172,0.35297531425484019,-0.14381094877210321,-0.29224829473259145,0.89869341085477761,0.32701848191210886,0.24467140349033031,-0.26030478446026445,0.93401141508076302,-16.760482700987719,15.907223644617483,-7.0940826794742486,,0.2920849300143092,0.32,0,2
0.59738214702626724,-0.74461644473723443,-0.29779341940541315,0.79568623185097287,0.59667717910992601,0.10421019322609996,0.10008991386292232,-0.29920343272813937,0.9489253474255025,-16.630795695589711,1.0149576664091702,-5.3377233078002178,,0.07917263731199239,0.3214285714285715,0,1
0.77920444643367992,-0.49558669740961231,-0.38371116221529938,0.60746137865181016,0.74792217632795854,0.26758754007481722,0.15437326227175621,-0.44159511263994228,0.88383406383104057,-19.964731337644164,-1.68971084387073,-5.8746728052693173,,0.3941826849304707,0.225,0,1
0.39345982146889408,-0.86638725020956475,-0.30751016497666378,0.91749182929812456,0.39125938309651681,0.071587976016330226,0.058293327755820967,-0.31030505605491204,0.94884807009653038,18.98357655331764,-13.198352400449721,4.3832477891316612,0.3302129991362355,0.2373566833049419,0.3157894736842105,1,5
0.0040864484726188168,0.99751937844558514,-0.070273683299037271,-0.99785343557988504,0.0086607362184112375,0.064911576391076767,0.065359177169699148,0.069857578498598624,0.99541353049173042,5.6470805823283587,19.537569284944709,-2.3185591828422463,,0.2107738577310278,0.6666666666666666,0,6
-0.91646770340547201,0.35220659544965405,-0.18983535691873507,-0.34301593449549289,-0.93588313542869572,-0.080391700456808449,-0.20597819616863228,-0.0085598447367465531,0.9785191422558881,-17.759862379131437,7.071716181461329,-6.3456071670410754,0.9626608246090543,0.9393130546280164,0.9302325581395349,1,5
-0.483340751044465,-0.80577547730039678,-0.34220987501983352,0.86273793914106089,-0.5047592910862454,-0.030021765916514294,-0.1485428111569437,-0.30974818521410036,0.93914380954684651,-11.204465189689062,-20.712526749327786,-2.2903695636055201,,0.1983252321242588,0.4545454545454545,0,2
-0.64906348033395178,-0.6565457733879827,-0.3842710579046435,0.73471582792746759,-0.6719883787017048,-0.092866953663346311,-0.19725427926824268,-0.34260657660971727,0.91853768729112917,-15.68878130212746,-13.513766468623425,-3.8879331357249898,,0.1543376764935389,0.2068965517241379,0,1
-0.33108888294954986,-0.86431843666612806,-0.37859449497614056,0.93437915965174045,-0.35625988795709235,-0.0038050284238835765,-0.13158927614257057,-0.35501060867503631,0.9255548228670486,-16.917973546672709,4.7829402023709413,-5.7818139850921275,,0.08662495161294383,0.3333333333333333,0,1
-0.53613655056118137,0.83896121705025728,-0.093282771388447205,-0.8402399012805174,-0.54099514457333819,-0.036347790086598962,-0.080959912601635001,0.058892527825050889,0.99497596087438778,-7.1005773104839154,-8.664273542179652,-2.2420131855130023,,0.139581156520533,0.2894736842105263,0,5
-0.88880509879622493,0.44043014496824684,-0.12667590045893068,-0.42181480923075848,-0.89425921774525285,-0.14957512557663549,-0.17915848589294031,-0.079509363479380826,0.98060210995676089,-19.150466567497848,7.743589921465758,-6.7219690462523136,,0.5001061049228266,0.5,0,4
0.67805616944024583,-0.64319870364598264,-0.35571794825697123,0.7245620479989181,0.6662355191132272,0.17646549711358198,0.12348955293317547,-0.37739324411024811,0.91778247401893021,-15.483046868063491,9.7132423228525884,-6.1502250379355754,,0.08919267357284456,0.2941176470588235,0,1
0.83042159538065041,0.54154634386892964,-0.1308721947842689,-0.50813550157745901,0.83252203396729629,0.22069294278608267,0.22846944207504158,-0.11676737729842182,0.96652319870594328,-24.42301270416495,-14.47733012325172,-5.9332371870217839,,0.1978441035113663,0.2307692307692308,0,1
0.48210900060594025,-0.79422039287151291,-0.3698443984728717,0.8746577208904196,0.46062747708851659,0.15098410061276082,0.05044584047786,-0.3962780525061752,0.91674365134447178,-10.255327609804365,-18.677653050402927,-2.1385265591013436,,0.2408514553848408,0.5555555555555556,0,2
0.89800832833106126,0.38035778015234079,-0.22115379563922774,-0.36546438396387537,0.92472192286992327,0.10641968529204238,0.24498331841568066,-0.014741928006061399,0.96941520993674635,-0.36857372114670328,13.868512640733339,-3.0416415188430737,0.54826515902369,0.5073062313961636,0.9255813953488372,1,5
0.22103964790125996,-0.91942719961768304,-0.32526158497257757,0.97513915331680712,0.20300360752889066,0.088843497223138043,-0.015655852716113135,-0.33681324192116086,0.9414413069025015,2.0134667097214969,8.4825572137976284,-1.8773184444081608,0.6105076443516979,0.2110661801652188,0.3243243243243243,1,5
0.94667307106089538,0.2367688040743334,-0.21851917523490383,-0.21052421360036652,0.96797305318056348,0.13677618142149264,0.24390500613164937,-0.083478750191337769,0.96619958924148386,-4.8447400019540314,11.361695714534093,-3.8425903781223076,,0.08872413597911838,0.1764705882352941,0,2
-0.42032689337122403,0.90711404918171978,-0.021665744530028657,-0.90537370361434788,-0.42086538933108086,-0.056309687149167384,-0.060197670324815288,-0.0040528804994006927,0.99817824793326515,16.912685255534274,-6.6717627524148932,3.3014486557432297,,0.3126892470472194,0.3571428571428572,0,2
-0.91640474782649783,-0.30713146908453498,-0.25665657766561772,0.32116230130502582,-0.9469268973629057,-0.013573034705616525,-0.23886631068761383,-0.094866810574802812,0.96640735400236455,-8.6438243667167942,3.536395698975983,-3.6828171183237632,0.720667899508978,0.8344329378723971,0.6353790613718412,1,1
-0.96760948083267673,-0.071290279797929235,-0.24217677140686575,0.074016700528059337,-0.99725464848359213,-0.0021665919802069042,-0.24135745409176801,-0.020021540505218528,0.97022972396754592,-8.6106664385627401,9.8334955422965287,-4.4987339205668881,,0.08663958619687992,0.3625,0,4
-0.62280460910667312,-0.73834946785879429,-0.25875564184790145,0.75814756170924191,-0.65122484573151418,0.033443608900607824,-0.19320117377959994,-0.17534612517703685,0.96536368423283037,15.666623087487503,-2.444268965083332,2.6107926955171288,,0.1010489061059755,0.1363636363636364,0,3
0.051852953710889702,-0.9044186164784157,-0.42348345582646446,0.99816643988551002,0.033677872701080601,0.050294723148824258,-0.031225462010087239,-0.42531490340405248,0.9045066077506887,-12.315421788518124,-8.5112020449390009,-3.4612121029010168,,0.1618057015469049,0.1666666666666667,0,2
0.29924640844204509,-0.91360908975547661,-0.2752635430831793,0.95394244007520335,0.29283459285708391,0.065128505660670993,0.021104692793381227,-0.28207504735866729,0.95916018453629615,14.05496692239778,-5.0905898927273192,2.4951482144547708,,0.1021052229504718,0.4848484848484849,0,5
0.13594634877000791,-0.88648163435981198,-0.44234477751959572,0.99049468895039194,0.1121748794934448,0.07960570062312218,-0.020949019479927923,-0.44896225715909388,0.89330511597630624,-13.101142182855577,-14.689374146123669,-3.1508129452939722,,0.301582279956375,0.293103448275862,0,3
0.06752711036095535,0.98895259946621117,-0.13195774086927656,-0.99588431677380063,0.074824643775497815,0.051143917408138354,0.060452601021626695,0.12796104365350286,0.98993507581902895,-13.373908068154977,-11.167206853598653,-3.5174163073805618,,0.4171302868046912,0.7794117647058824,0,2
0.94126163037445165,-0.18666248014017828,-0.28139591626878013,0.27821106206219914,0.90096471222079877,0.33295824404738195,0.19137697910420659,-0.3916882763637563,0.89997508078176103,-19.675285944314691,6.4329669870916399,-6.7280044313721667,,0.4948670906666678,0.3571428571428572,0,4
-0.9348636938649223,-0.24088012503618164,-0.26078082608924025,0.25969367515243569,-0.96487366325366553,-0.039724161983277204,-0.24205178986955289,-0.10485980794377806,0.96458040188412486,-8.1501921876654659,-14.850059662250676,-1.9866823059584104,,0.1010363696397963,0.3,0,5
0.18553885380847127,0.97994042111544255,-0.072746854169296438,-0.98246897365547747,0.18636681017296797,0.0047040270307925148,0.018167265391143095,0.070598747368796164,0.99733934412423808,-7.100837007398642,-10.957177284823208,-2.0070315884618508,,0.3265961426749572,0.7641509433962265,0,5
-0.68557139212085361,-0.66423606672496138,-0.29796361181732911,0.69725483205837224,-0.71679507085307148,-0.0063659698390587634,-0.20935034147745332,-0.21212089492196071,0.95455600174153254,1.3691561527871645,11.9819673363682,-2.3647021944397322,0.1254096893867975,0.2195398998956721,0.3137254901960784,1,7
-0.27212415632469306,0.95899205777680163,-0.079263337461843608,-0.9610729951278314,-0.27495809256874604,-0.027143053751867558,-0.04782406905099118,0.068791572535979312,0.99648410823626965,1.8968553875597804,-7.4819655981923177,-0.21299808909374729,,0.5741580548975025,0.24,0,2
-0.20944903813273891,-0.88300436698081775,-0.42004093647890506,0.97114670128104796,-0.23794827294462906,0.015959448411737836,-0.11404027804336968,-0.40457867874552333,0.9073648151037802,-3.5341328764238562,15.208616409394446,-3.8703639912047487,,0.09763737635603031,0.15,0,3
0.69725646385788065,-0.62221665795629777,-0.35592113476175807,0.70106164585898678,0.69547235493535708,0.1575778291072559,0.1494857595688992,-0.35939481643780335,0.92113482922086121,0.74052149901196673,13.800224859259073,-2.7305763658213982,0.2732153530710203,0.1389794249566501,0.375,1,4
0.9685753002039289,-0.063054735280894406,-0.24059507100837771,0.11842528046900558,0.96755805825730734,0.22317449864889827,0.21871749079739228,-0.24465384579034524,0.94462011145184044,-9.0746930984396972,16.473251710085645,-5.2935914382603571,,0.2315854072290365,0.16,0,2
0.3703605046416113,-0.86433795844871919,-0.34022491117834164,0.9280988381997789,0.35942635957633629,0.097186617257326413,0.038283718913279217,-0.35175642940307661,0.93530838296241448,-3.8033047960635358,-6.1205173280834666,-1.6573393730836847,0.2145948684664833,0.1298301247888224,0.4536082474226804,1,6
0.65753542087878036,-0.69406781659922301,-0.29311607982325533,0.7432445236381614,0.66128518869320341,0.10143706076615969,0.12342912286672235,-0.28455538156250382,0.95068053858915713,1.4248993834396466,-15.228219961669316,0.32000131472724247,0.8386459077039119,0.4566345211972785,0.5,1,4
0.94389966087631105,-0.19334531429789462,-0.26771443673555306,0.23746981211687054,0.9607517420188989,0.14340215668123907,0.22948097640276066,-0.19893134405291865,0.95276691893796139,6.2695601436186568,8.99828541933406,-0.94037954040131633,0.5839069044161304,0.3344359619056434,0.3421052631578947,1,4
0.89218678726171419,0.41657157458185817,-0.17455904412550746,-0.40251374084653085,0.90864403060589827,0.11112476804924208,0.20490345303423063,-0.028881635941503801,0.97835598124608492,19.399088123306097,-9.2195210721203686,4.1286854500240153,,0.160309276127418,0.25,0,5
-0.32938083315771233,-0.81123458072318555,-0.48312184983418927,0.93483833162935059,-0.35205579241916513,-0.046195375748728298,-0.13261055940151883,-0.46685669542482888,0.87433361222832162,-0.90150151706114046,2.5569093901416662,-1.7633143001831784,0.5140387987184115,0.5112800219788378,0.7198581560283688,1,4
-0.88842122582132244,0.43394888431757189,-0.14965323688338628,-0.41852601296722769,-0.89967400503804129,-0.12418800718494619,-0.18853037415731272,-0.047697489015113267,0.98090837878048465,-21.875589243935671,25.418089731013755,-9.3355797162878602,,0.3360553806038694,0.4444444444444444,0,2
-0.61655365431044717,-0.70356809480679527,-0.35334618623436242,0.76765310412650833,-0.63688192501568552,-0.071345114151214986,-0.17484365324874807,-0.31523538754119945,0.93276811017550343,-2.2224598498998502,14.846725480755634,-3.5656038365621283,,0.4377925432222356,0.1428571428571428,0,3
0.41144137781661738,0.90450512835321351,-0.11218941751831961,-0.89907536616662909,0.422978411203626,0.11292807271886789,0.14959772248501968,0.05440345980167792,0.9872490997660629,4.6195593646008763,-10.499770445884931,0.70056202663256906,,0.303889945780154,0.2857142857142857,0,4
-0.25416640480711089,0.96615182444009517,-0.044159832410287633,-0.96702632566835689,-0.25310556804944556,0.028242820091581293,0.016109752691640458,0.049882096522142205,0.9986251810938731,-11.257748825395902,-7.3434398274764385,-3.3130984184262813,,0.5568002776695732,0.2,0,2
0.9617223824811717,0.1932813292366046,-0.19424826074708543,-0.12833985237280565,0.9440173470363461,0.30390809595564044,0.24211348852896014,-0.26734542498982011,0.93268830935599634,-2.1571653745408583,-13.190332495703288,-0.68770611859602893,,0.2959372078091653,0.1578947368421053,0,3
-0.056857499839696658,-0.93739222640397846,-0.34360302470928822,0.99598435781593075,-0.077094775472686644,0.045514333795019318,-0.06915478073110555,-0.33963540668223757,0.9380114108206915,-4.3373145134020996,14.761168642781305,-4.0667429671626039,,0.2049426130583795,0.2631578947368421,0,2
0.72474118414499078,0.67181769162097849,-0.1530072064615782,-0.65711082884915029,0.7407161285436219,0.13980334589891244,0.2072572667321915,-0.00077855019634874394,0.97828616429258175,6.2879152801845555,5.4688467910004608,-0.48332870428248981,,0.09888237193343259,0.2,0,3
0.97171717214502418,0.0013841698715613257,-0.23614364575877081,0.021082418982076367,0.99548128917065437,0.092587982594914325,0.23520473840537603,-0.094947811901584259,0.96729708158701688,9.7791580552772466,-14.8698950143999,2.2870462273041632,,0.07746670863181808,0.25,0,4
-0.24124976230203085,0.96734109267534152,0.07778021992055667,-0.97045264046333113,-0.240099672865945,-0.02395453417236976,-0.0044971999024620993,-0.081261045472862836,0.99668270662317338,-6.932821687260919,-3.0585613530799214,-2.5953098631130609,,0.4673123039804869,0.2637795275590551,0,1
-0.13227698136328206,-0.9364279976085198,-0.32496985321151645,0.98463407468137598,-0.16184656830449637,0.065585267434135661,-0.11401113620066683,-0.31130096951817321,0.94344749043032439,-14.695616012185255,11.112903809011872,-6.1182980647573304,,0.2077964678967938,0.125,0,2
0.97262168952907657,-0.022058226131233764,-0.23134494530364696,0.090116381900365611,0.95339171815131096,0.28796400725381932,0.21421037969900428,-0.30092800870047554,0.92927727122144421,20.240697558203653,1.0593128094776891,3.3190364459049584,,0.356028585647287,0.2790697674418605,0,4
-0.94461223195183108,-0.15071261009580864,-0.29153634491275787,0.20138844901467692,-0.96759662534895641,-0.15231370002982716,-0.25913398821930844,-0.20258943647540481,0.94435538669408514,8.5104104634813389,7.5343227124280867,-0.24725669618056323,,0.3694015189706625,0.2727272727272727,0,4
0.96846215004387048,-0.013295032490748581,-0.24880575966700147,0.10024786263131358,0.93497674930884145,0.34024820982589415,0.22810398937821552,-0.3544597584535405,0.90682239146748056,-10.166852417703078,-14.745050036317398,-2.4732077340592444,,0.3196944739367208,0.125,0,1
0.53156102576745756,0.84700779608249677,-0.0045463458424175691,-0.82967399834393951,0.52174845618723398,0.19854371039702495,0.17054011949400033,-0.10176611342538668,0.9800814893677271,-0.16904388965207459,-17.475965490428376,0.20391482907946201,,0.4141421602339902,0.4347826086956522,0,4
0.010825690869986507,-0.9596794024144425,-0.28088832122152202,0.99897429548486916,-0.0019717169487512864,0.045237918749453793,-0.043967731095607684,-0.28108994452618097,0.95867370972013799,11.14768237186108,-16.412684028762555,2.7564725727739643,,0.1405039288345638,0.6071428571428571,0,4
-0.49460266829559435,-0.77764818913016875,-0.38811273421191445,0.85714015234392094,-0.51033449077687787,-0.069781564638129248,-0.14380180720254804,-0.36718115619687625,0.9189662881625239,8.701563464732974,-12.166503161173903,1.8396627181845873,,0.2125388683401285,0.1071428571428571,0,4
-0.78626466134920092,0.58938923090825435,-0.18549451960315022,-0.5895683348777655,-0.80546776175004875,-0.0602566452005611,-0.18492447329352013,0.061984024318722186,0.98079606438156697,-18.451172266375366,4.6005722476035373,-6.2131597244313799,,0.2108162021638001,0.2857142857142857,0,4
0.86882471422029139,-0.36096745710207806,-0.33888952606017225,0.45958875341464711,0.84257256122128732,0.28080181055643261,0.18417870043737264,-0.39971736763650817,0.89794444834574316,19.154505593803322,-5.658054819794482,3.7107510342334424,,0.5538139446356386,0.5517241379310345,0,1
-0.95597270709253479,-0.21522733857007251,-0.1994827712515912,0.23051153274995112,-0.97142351572144647,-0.056575492685915239,-0.18160566225599759,-0.10006770625646048,0.97826675176105826,-1.4507027997646627,13.104015331590022,-3.1750474493692225,,0.1712758785883495,0.16,0,3
