axis_00,axis_01,axis_02,axis_10,axis_11,axis_12,axis_20,axis_21,axis_22,location_x,location_y,location_z,dbh,dbh_approximation,score,reconstructed,number_clusters
-0.49829981315365501,-0.84326550878135542,-0.20149585085245544,0.85597741575194686,-0.51544039338921621,0.040297203195620461,-0.13784034218490498,-0.15239580887443191,0.97866008271710803,7.7686448984546255,7.0373961300065826,-0.3842277737626798,,0.1090839250140542,0.4333333333333333,1,5
-0.94845343241024427,0.28692937226109594,-0.13456456399468641,-0.2625408579854947,-0.94919732381508637,-0.17348411555678075,-0.17750601239807873,-0.12921290878287522,0.97560014338170442,-10.631779122840788,7.8540372833329197,-4.0408718949767435,,0.3049574927926047,0.2094240837696335,0,4
0.35909622076576081,0.93201027048921292,-0.049058739632957545,-0.92586720287604063,0.36236469810108018,0.10705955449473592,0.11755775971940952,0.0069771966246646652,0.99304153581661248,10.138232266148023,-6.034353174321355,1.4811203151472079,,0.09527850548863213,0.1388888888888889,0,5
0.027653853070031209,-0.95717814994589034,-0.28817573401753332,0.99918403744802065,0.017978850504457987,0.036166562507525889,-0.029436774949942339,-0.28894073821581706,0.95689431291018001,-10.137990844209977,-0.1154216043871944,-2.9859933579525806,0.3367288295967319,0.2336006493560036,0.9155602761550717,1,5
-0.34179007293830366,0.9337625171741063,-0.10614663236064519,-0.93974207158060452,-0.34055489579528658,0.030119791686773405,-0.0080240228203988569,0.11004510198340632,0.9938942049268823,9.4934760633234561,11.818675679250845,-0.45885739586374069,,0.1213822008800532,0.3684210526315789,0,5
0.93168281024329347,-0.30447686120655482,-0.19814384191027107,0.32687174216062209,0.940622542539023,0.091564712877297783,0.15849922799193045,-0.15007689181625034,0.97588673588113417,3.0084676135866322,-5.1626273089510244,0.058203685901780093,0.4485026656279316,0.4032025255227902,0.845771144278607,1,5
-0.015552456335498838,0.99985038500465473,-0.0075715723581262539,-0.99865123740532347,-0.015157756050395358,0.049658317131481229,0.04953611945587242,0.0083336689134284291,0.99873756454420648,-24.860348461420848,2.1367604942567171,-5.6724163453409915,,0.4087355610389692,0.1666666666666667,0,1
0.96094945815643584,0.20224669484913854,-0.18887141999638532,-0.17646644887622057,0.9736092784107091,0.14472237357642223,0.21315658866164047,-0.10574141769040497,0.97127906458183,-24.677722452148725,6.4724160123647749,-6.1085725947921512,0.4510925671662948,0.156389585135689,0.3529411764705883,1,5
0.35796223969588248,-0.86150288459125568,-0.36010528292827537,0.93373357797308287,0.32937992514477393,0.14018013510197333,-0.0021541396175889793,-0.38642158939760168,0.92231974657921068,-6.7549596621703651,14.648348132371133,-3.697418920544723,0.3336778864825931,0.2656874491527652,0.1025641025641026,1,5
0.26251307043444388,0.96480527786202097,0.015416343946287259,-0.95970514626941494,0.25939861490346877,0.10806660358391586,0.10026425123184235,-0.043164040540146921,0.99402411717682548,-3.9696797578069538,-4.4925186763309846,-1.371915244192965,,0.08409361263834192,0.2359550561797753,0,5
-0.28034616571090931,-0.92422890461149332,-0.25924305053719432,0.95574299232800508,-0.29386414951152356,0.014113619230349792,-0.089226453404255446,-0.24381302982512607,0.96570898644487624,-18.071312430793299,7.333135959921754,-5.2242675987486438,,0.1104721783587541,0.3333333333333333,0,2
-0.53515897647214772,-0.8178682218592469,-0.2114153295626352,0.83201103294633194,-0.55361562342183956,0.035600316836037919,-0.14615919730506804,-0.15684805761003898,0.97674775447251316,-3.4241869429312235,9.4311318637919026,-2.8436755566524905,,0.1185555447046423,0.4137931034482759,0,5
-0.36817694963613584,-0.91023606767879339,-0.18951526285045775,0.92229408515001865,-0.38332669316761325,0.049338289415757991,-0.11755574955705474,-0.15662358507526952,0.980637393914922,-12.694061553424925,-14.48529669860079,-1.9340158400864413,,0.2308936942263199,0.8823529411764706,0,1
0.0056434530783676983,0.99576692590281968,-0.091740834503511254,-0.9985141356974826,0.010583931620376182,0.053455600303094465,0.054200297505283629,0.091302845900352814,0.99434708129547766,12.559838101250671,13.569351939476231,0.058942881240597718,,0.1359828179758328,0.2631578947368421,0,3
-0.97888926961217171,-0.067404241733141246,-0.19295716113824321,0.086565738302589942,-0.9919283031877697,-0.092653193615544888,-0.1851544511759769,-0.10740069614025964,0.97682287016547209,1.508792845761822,1.5759578505508935,-1.0068722968251433,0.6761770861979596,0.4755759407958738,0.2606382978723404,1,3
-0.71055823446779842,0.70126947953633856,-0.057689795465385448,-0.69906098049287613,-0.71289582830227782,-0.055617295345489134,-0.080129526283034963,0.00080935779590095508,0.99678413107232733,-25.286267057853689,4.550729588971282,-5.990091359731621,,0.2949163112313985,0.35,0,2
-0.10087900477229088,-0.96747047307868583,-0.23200066835476207,0.99208553178041692,-0.11534423962114065,0.049618585410995925,-0.074764456984047878,-0.22515903292367606,0.97144927086531696,-11.738343610360124,-4.6613938377678572,-2.7496270875994591,,0.1048429912639576,0.2727272727272727,0,3
0.80651078449920854,0.56622010158570391,-0.17010335401380922,-0.56183302229637477,0.82359617952663677,0.07767231248295485,0.18407609715493539,0.032926123813832961,0.98236035181943504,-3.3672640418314668,-7.3395238680594534,-0.9405251555105637,0.1659144270747913,0.1542167900527491,0.5873015873015873,1,5
0.81791643417239157,0.54920220740434866,-0.17143407506359878,-0.5456619990050926,0.83495240901024814,0.071466478363985286,0.1823888416337113,0.035091452950463183,0.98260007143157646,-1.3519766558130812,-2.5062453345301532,-1.1682074861148299,0.1339444631791702,0.09197711125483998,0.4615384615384616,1,5
-0.51793534797016594,-0.7895665759434134,-0.32913158079409172,0.8439155788474344,-0.5345231647491957,-0.045732724881685775,-0.13981942319156865,-0.30144586329803674,0.9431759753083615,-5.7500171080435027,8.5091297212675236,-3.3156004782067803,,0.09968388415115251,0.3285714285714286,0,5
0.19682057237664582,-0.94904013129417453,-0.24613917096322629,0.98033416646505334,0.18681641727250797,0.063596763272450355,-0.014373042496195578,-0.25381579034921953,0.96714578023108944,2.3984447958982744,-8.5605942393552859,0.24092052138927025,,0.08274777762438741,0.303030303030303,0,5
-0.68770905116791492,-0.69294724828763143,-0.21651875676791735,0.7067036382774059,-0.70725797529856282,0.018871248555764497,-0.16621139728430825,-0.14003666472454926,0.97609605262270194,3.7190857364320449,8.4784221410886627,-1.3416021932665549,,0.07846569502151041,0.2352941176470588,0,1
-0.92137682738077054,0.34205649555863504,-0.18455919324674738,-0.3425868483928271,-0.93900622161641523,-0.030026106539688985,-0.18357285549343835,0.035562193574190243,0.9823626301494659,8.8302752945659364,10.336409183693441,-0.47458267121133746,0.4687404239812376,0.2543681826557208,0.4473684210526316,1,5
0.9396923469533417,0.29984153016073822,-0.16453981241081714,-0.28352923112302175,0.95197699299941552,0.11554644044096661,0.19128373735398368,-0.061926259298111255,0.97957933330243074,-18.290623593835303,-12.252586796403701,-3.1742149889609723,,0.2839811891586791,0.9056603773584906,0,1
0.69031847806981128,0.7131551709570203,-0.12194302346851379,-0.70407185219479718,0.70096748193213643,0.11369879603894989,0.16656297842668025,0.0073682705557323756,0.9860032874218273,3.8131155192553008,20.020850774573624,-1.8764851498943167,,0.1412873643610329,0.2083333333333333,0,1
-0.96443620952181985,0.20382740450656381,-0.16827711352201566,-0.19851051644199319,-0.97892177075113307,-0.048018138358315955,-0.17451754245667364,-0.012905654635965323,0.98456948533524036,-0.50151924117917746,9.0371654966734152,-2.2088861635465751,,0.09536398566717888,0.3815789473684211,0,5
-0.55377167675722083,-0.80379290110368307,-0.21737962682096498,0.81959021694478262,-0.57225973690699539,0.028118851390851747,-0.14699934118866229,-0.16259079202237148,0.97568203224187633,-10.376615866331374,-17.687701049838697,-1.2865544018199273,,0.1460814005617909,0.4090909090909091,0,1
0.96154760102432768,-0.18916364490001711,-0.19910631936857806,0.2119052392099697,0.97218977679637164,0.099715633117318944,0.17470655557169998,-0.13807300004259507,0.9748915150412949,-10.234739618852725,11.825242891107829,-4.2935047648155216,,0.1469345468561112,0.4328358208955224,0,4
0.83069748848756308,-0.45896169768420697,-0.31511242863347211,0.54320079671711552,0.7921857153189984,0.27816305809797337,0.12196137530523746,-0.40223867604117408,0.90737504397591739,-28.425916860535558,6.4254130727599215,-6.5993558630474487,,0.3998392934849176,0.2272727272727273,0,2
0.090112137184050783,-0.94945153983253239,-0.30070180618306402,0.99449616671562557,0.069577917761404082,0.078334460794174651,-0.053452568881669341,-0.30610567925084542,0.95049573171599766,-10.569046733922383,-5.1718923846666591,-2.4648832185517966,,0.1428456773466502,0.3157894736842105,0,3
-0.73477124636599855,-0.64621211506528131,-0.20620649324551577,0.65814861687670223,-0.75276077097736105,0.013842679684684542,-0.16416946615324363,-0.12554331531557025,0.97841057964564893,-8.9296139457068318,10.686037903491398,-4.0026298160434743,0.1904088938861079,0.1557942368455313,0.7245508982035929,1,5
-0.25802130940708867,0.95669257974273825,-0.13477504129858528,-0.9660232083726531,-0.2533059750001494,0.051334626857791235,0.014972133356887622,0.14344124544358777,0.98954557465956838,12.067465097076477,7.7575021281907022,0.48626823587974682,0.1306505126063465,0.09875529230551156,0.1739130434782609,1,5
0.50060756091413872,0.85899462537707438,-0.10733267689244505,-0.85510256441249866,0.50999629836465721,0.093291907417079836,0.1348765149711639,0.04507781303089585,0.98983650997605976,7.4905937635457214,11.247409853037693,-0.83270611429942265,0.5532938250232243,0.4687611491944354,0.85,1,5
-0.19747794007333994,-0.86679280586941554,-0.45790031106935986,0.97631783605511957,-0.21599819319293789,-0.012176351589659818,-0.08835126589381212,-0.44946080166173819,0.88892015478587794,-18.652824261441705,-17.08201382442817,-2.8565864074151439,,0.2064964195773353,0.4166666666666667,0,1
-0.43800995729944225,-0.80483142372195382,-0.40049176857487584,0.88998887219575129,-0.45104072220482783,-0.066948295577109213,-0.12675600449001784,-0.38575723752463603,0.91385133857924983,1.5053900358468177,15.24227813999248,-2.1350266654599404,,0.1263295290541042,0.5714285714285714,0,2
0.71500055279453834,0.68158114672517778,-0.15563209801418529,-0.67855419812827078,0.73015218739702203,0.080261967592652056,0.16834016070446392,0.048217462273912326,0.98454896608846221,4.1307282029609285,11.135311214169544,-1.4464924535467221,0.2401802891706113,0.1914884902203087,0.4081632653061225,1,5
-0.32606773742736278,0.9428003297772426,-0.069335191504189625,-0.94240452783976592,-0.32995928420282716,-0.054777519800235402,-0.074522053890829748,0.047480616469040213,0.99608837687406637,-9.2130433501867586,-7.7641765244411509,-1.9452463191757026,,0.1976389772410023,0.3333333333333333,0,2
0.13248154102926377,-0.93711735059361878,-0.32289272599875801,0.99099983286399929,0.13153593300260749,0.024852154688467774,0.019182610615802242,-0.323279089248796,0.94610922091713734,-3.8561388607324445,16.34162361996297,-3.2061813649602979,,0.4028077501488397,0.4090909090909091,0,4
-0.97038403310912102,0.17267397643853019,-0.16893349622789972,-0.17175168241347655,-0.9849337754372488,-0.020169719657617172,-0.16987109193449063,0.0094422382850935811,0.98542105531653368,-8.2072730419970519,15.753443705125576,-4.0626102268211994,0.3105835815011236,0.2108646664111163,0.5737704918032787,1,5
0.92271010188635427,-0.31789383514097119,-0.21805865599933935,0.35311148740898751,0.92391925667294006,0.14725992193646251,0.15465557001506788,-0.21287723393610139,0.96476159642422976,-26.231346866366145,11.903141150661671,-6.7635200031341469,,0.2442078573534877,0.3333333333333333,0,1
-0.79143061054212216,-0.58042342452586393,-0.19169308010095606,0.58486330061705327,-0.81021541071911563,0.038547474944279854,-0.17768654503999237,-0.08160659590328577,0.98069763699971657,-0.063635880059931926,14.991289989214438,-2.4413848335409667,0.2118847885955016,0.1761546745320394,0.4324324324324325,1,5
0.53483254490148291,-0.79312853577408693,-0.29137823298087179,0.84309303356020948,0.52381732110289314,0.1216944981288416,0.056109586315044438,-0.31074513649201391,0.94883569413788049,-17.241357071162074,-10.715310530141901,-3.1280934564913361,,0.6140704582176116,0.1272727272727273,0,1
0.083248288536656695,0.99455050410807622,-0.062761590436250889,-0.99123823113573162,0.08912304514173372,0.097487701581117567,0.10254994680945524,0.05409600357729405,0.99325582344446495,-4.6889799769118321,-2.1789833071556504,-1.8249904418139475,,0.9060480387622174,0.5692921236291126,0,2
-0.97243518704392473,0.16188819667128088,-0.16781543068909904,-0.15440478493075233,-0.98637307444403743,-0.056809509787579461,-0.17472541140124762,-0.029332060792546664,0.9841801973319354,5.2496691829572386,2.7691587602846064,-0.2962827456311094,,0.07299376888029732,0.3,0,3
0.42096418833029198,0.90623703809031975,-0.039033100526382467,-0.89798829855410811,0.42243650073293476,0.123143893508409,0.1280865637110922,-0.016787901649621798,0.99162089457356972,-21.020910375813845,21.940021524444262,-6.7994932355290629,,0.493312107139894,0.3478260869565217,0,4
-0.74487435273900371,-0.54979970032434844,-0.37799800019961322,0.6442085321672758,-0.74010483423273288,-0.19297720442638411,-0.17365933811498271,-0.38725330711124373,0.90547076729007148,-12.350101134767757,-5.2732637194163496,-2.8027296232197698,,0.124472142611389,0.4,0,1
0.71035357745244554,0.68968073347179515,-0.14049299227477119,-0.68319827857507232,0.72363227397415852,0.097961442491655837,0.16922738298682688,0.026397309347634807,0.98522346445191566,-18.637459769417013,-6.5920605202843907,-3.7655245933839012,,0.2586491627679272,0.8636363636363636,0,1
0.3682220534653875,-0.80659772228957638,-0.4623987821556198,0.92951633460232019,0.33023294104086937,0.16415111440061725,0.020295394778132969,-0.49025128153709563,0.87134480999317077,-20.764174666252558,14.979798253739968,-6.2505475759627069,,0.4718998140135523,0.3684210526315789,0,1
0.30472564790266882,-0.91034698697210492,-0.28001900439275706,0.95119659963491265,0.30589693001015167,0.040645996768996898,0.048654993097109307,-0.27873900251162637,0.95913359868453452,5.6808349611572799,17.486221150983383,-1.4586095964919112,0.1424722505143888,0.3181708806611618,0.5714285714285714,1,5
-0.97245952353826193,0.18262210609672275,-0.14481588809427379,-0.15100724656381079,-0.96696455799304826,-0.20536882692006711,-0.1775367189202062,-0.17784462305649115,0.96791115474765632,-15.898558520755158,7.8023993587287874,-4.8398426891592354,,0.5003660766975138,0.3932584269662922,0,4
-0.87332348043295105,-0.42351368832769865,-0.24071197378515682,0.44959069416024972,-0.89097035116011103,-0.063561317466940381,-0.18754814381641291,-0.16373145437788458,0.9685131411593344,-0.20784040525187958,-2.6576408793849549,-0.87269855016350184,0.690458375985751,0.5771670516261624,0.46875,1,1
-0.53995552820145865,-0.75273361060728361,-0.37661670040879203,0.80931240048928144,-0.58722644164312121,0.013362060074476923,-0.2312173565694409,-0.29758564766681839,0.92627280880081975,-5.8020273367300703,10.378972710315303,-3.4371992834998846,0.514337932061477,0.2344720065341337,0.25,1,2
-0.87644625693449041,-0.43433877065542092,-0.20782634821181903,0.44616059622503029,-0.89488122559326544,-0.011327597133609965,-0.18105988258487324,-0.10265195753727017,0.97810014545143553,2.1265640494256148,3.0026026820459215,-1.1392992174022665,,0.113307712811696,0.2087912087912088,0,3
-0.41905806732363671,-0.87554567549275719,-0.24043732309462471,0.89919414987335733,-0.43690383944226474,0.023767959822768959,-0.12585792404337287,-0.20623967903034152,0.97037362791295667,-5.9058584000042949,-6.113604693389286,-1.5429128271276209,,0.07406669551204154,0.3529411764705883,0,5
-0.43452782827073316,0.89099499035813423,-0.13158074940898218,-0.90031729220947487,-0.43372331680180876,0.036233379790427046,-0.024785879183917198,0.13420883584603116,0.99064304801171155,-2.0901394678527301,12.68431318710177,-2.7383526975482049,,0.111396048361547,0.4814814814814815,0,5
-0.88339474543646823,-0.40594119412863622,-0.23414839449514852,0.42910745427079877,-0.90151685682670801,-0.055983475656016829,-0.18836272567701132,-0.14993032970920345,0.97058764663930175,-10.249026008141563,16.064497724045829,-4.4544862169297987,,0.1917932056955362,0.125,0,1
0.11999639300439208,-0.95313710565945864,-0.27772382591532457,0.99224285255844891,0.10599136300393601,0.064961161590906216,-0.032480566691599662,-0.28336458632595191,0.95846206184893668,15.544410859313286,9.4391771955838166,1.0660162460781941,,0.2648623605059172,0.36,0,5
0.24501920036962521,-0.93703921878462748,-0.24884351289459752,0.96950568330706999,0.23550235841612038,0.06780390265858903,-0.0049316818145232174,-0.25786845801675595,0.96616744763759244,-15.28312541513241,-20.055394565289394,-1.9556291809941162,,0.5613315924962119,0.5769230769230769,0,1
-0.34883364418412688,-0.89756008484126759,-0.26963119772192257,0.9301836570824431,-0.36668974154861134,0.017233616560200584,-0.11433920054798982,-0.24479486829333058,0.9628094409982163,2.6535104146064263,20.658871459744887,-2.1200378736340597,,0.1701741374451184,0.1052631578947368,0,1
0.14443133935611968,-0.90330991048480191,-0.4039440478973999,0.98920279800209554,0.12155618511655267,0.081865244669123094,-0.024847789370936013,-0.41140648935067847,0.91111321353799268,-14.398051832015016,2.5392284515798154,-4.1640893974719662,,0.2465533109949463,0.3,0,1
-0.98032447632391062,-0.056149215728946801,-0.18923843873081203,0.060054087052506713,-0.99808302258760351,-0.014959500348739132,-0.18803570870592917,-0.026029706018665659,0.98181720633529412,9.2881969021648878,-0.67109901852285136,0.84277578648745433,0.183349435036034,0.1941872861005588,0.3134328358208955,1,5
-0.94624335732314557,0.27652712275601865,-0.16779826906765286,-0.27871288865914129,-0.96031306005548578,-0.01086058848067528,-0.16414211652436972,0.036490780577390067,0.98576152720409704,-25.853757697559523,6.4251116349101762,-6.2471796878663453,,0.3450291804745047,0.62,0,3
-0.142893079048626,0.98831936457080583,0.052975480879000302,-0.98941859312790326,-0.14400216767032309,0.017726344209906691,0.025147873325652197,-0.049881953857145382,0.99843846838279937,-17.409075768505613,-8.7521172192154033,-3.3433250859404069,,0.5032413632904947,0.3666666666666666,0,1
-0.98062661174608412,0.073454087992916403,-0.18159280077284254,-0.080988106292955886,-0.99612065888886714,0.034417431250628412,-0.17836023933174464,0.048457506043334021,0.9827713341024884,3.5336623446946684,-7.1506162183924573,0.35225562021594126,0.1796471092843644,0.1315787498483879,0.6052631578947368,1,5
-0.84115123702090677,-0.48842317096180993,-0.23217967724546545,0.50593525989456845,-0.86236623019938163,-0.018814829447056581,-0.19103431433544421,-0.13329400241315068,0.97249092523635883,4.9441382013395359,3.9551478403054063,-0.61575943482556328,,0.1016575051473059,0.25,0,5
0.89574948593043024,0.41721401085183413,-0.15351002444236669,-0.40192828902349781,0.90759091630476607,0.12137701233643243,0.18996449388771014,-0.047023374932055065,0.98066421025343109,9.1871267491776774,1.270619742275505,0.65811086669390284,0.6123184244161579,0.5412661707126136,0.8959537572254336,1,5
0.9716067570742285,0.18657973790373278,-0.14549333665661532,-0.16612836488491547,0.97582822556122339,0.14198817055902271,0.16846862018893954,-0.11378609581934049,0.97911748447764257,14.211539242492471,-2.821219018413835,2.0262513612488333,0.4935842894995109,0.3491592426064167,0.8229166666666666,1,5
0.92938592533539399,0.33383037826981532,-0.15747723750658346,-0.29532311830228547,0.928455719560079,0.22528700054017603,0.22141828647310749,-0.16287189862099316,0.96148150635095675,-10.298908677220393,-9.1482611966635776,-2.0225056220511437,,0.1686407076067281,0.3384615384615385,0,3
-0.11796079323984707,-0.97055242722421164,-0.21003151493863498,0.98976932900697123,-0.13201021120635578,0.054129284997527942,-0.0802616135853019,-0.20149761821531612,0.97619505388945671,13.103140332638398,-4.8345678613874714,1.9747310845078101,0.359928379578945,0.3437443358143512,0.9349593495934959,1,5
0.33637754618343924,0.93949285671705129,-0.064833005492895598,-0.93562677649590997,0.34122906429394939,0.090361832567448175,0.10701720201668503,0.030263804432182545,0.99379646840477875,-7.2119721161459971,-11.949091562726155,-1.1581198070923977,,0.2924102646654048,0.5,1,3
-0.030572977154836277,-0.9528846871767499,-0.30178811443122833,0.99849268502836663,-0.042884576076236233,0.034253044822360496,-0.0455812572526361,-0.30028600713124776,0.95275949898620271,8.7779412476742564,23.144075726246299,-1.0201865531606737,,0.250028230705572,0.4285714285714285,0,2
0.97729738216712725,-0.093295062939143872,-0.19022580802946054,0.11491951782346678,0.98770387173981933,0.10599323645116257,0.17799812142969901,-0.1254475706474675,0.97600183185593814,5.5880922242007376,-5.2202801853122649,0.5664762306522988,0.1614749358265092,0.103777057909378,0.358974358974359,1,5
0.32134605388626025,-0.86092644775869409,-0.39438859669281284,0.94694860252601187,0.29434792145276811,0.12902575444642223,0.0050057792362597177,-0.4149276475315094,0.90984063961124884,19.450043740456138,-4.9680639223724299,3.2251412385571063,,0.5007929381434774,0.2727272727272727,0,4
0.36094000291841072,0.92700657984646095,-0.10188775792324133,-0.92460455079733717,0.36997339861559281,0.090697899433681992,0.12177330962946019,0.061469384560079471,0.99065270192115928,-8.1771043480621834,-7.8936642266354893,-1.7294271474088061,,0.09188388374943299,0.3170731707317073,0,4
0.89252390205214238,0.42575874904966265,-0.14876347627453557,-0.40952833530446692,0.90325904880497498,0.12810009107991863,0.18891169060799243,-0.053409534351067725,0.98054056254294353,-0.62401686825276148,18.070553083434461,-2.6466799491826132,0.1932755056109116,0.164027422868953,0.3333333333333333,1,5
0.58936340223318395,0.79324117404970795,-0.15303339472274802,-0.79334427125142004,0.60404668799617467,0.075713050350690661,0.15249802418615363,0.076785666065313951,0.98531635229819814,-7.1197394487271746,3.2154060477153803,-2.8606368458617264,0.5110080321468952,0.4664030297217948,0.9850199733688415,1,4
0.04092391043842801,0.99915889421783477,0.0025957002564232019,-0.99729444979316195,0.040688496132143072,0.061222762876713688,0.061065652917014275,-0.0050941523238173638,0.99812075203650608,3.5296334035795289,0.46870171701947122,-0.4725581578003214,0.3593240716726038,0.2507254451683214,0.303030303030303,1,2
0.70177036748930421,0.69956230096085981,-0.13465117299257467,-0.69268272750731297,0.71420912818052473,0.10047865562718239,0.16646017639951721,0.022757598686236606,0.98578552503832184,0.56530582407900754,6.595383370428884,-1.7749731844466639,,0.09385637493393539,0.3142857142857143,0,5
-0.56608608305843844,-0.72666156353864486,-0.38924223645838807,0.81079623070491302,-0.57606321786320258,-0.10373351097788393,-0.14884897998394611,-0.37431823506298112,0.91527582730949164,8.3961784010813378,-3.9734774098403363,0.97120771085389623,,0.6304024263340484,0.2926829268292683,0,1
0.96947923573403583,0.19905573981194991,-0.14313219039918118,-0.15481173026928907,0.94970979015666435,0.27218494200012883,0.19011401750417839,-0.24171910749566722,0.95154008503053589,-7.7071549911009294,-9.1990660790798628,-1.5066842239379286,,0.134973528661078,0.125,0,1
0.43225263133249958,0.90107932784868294,-0.034838306932108716,-0.89260043163232372,0.43303646801734141,0.12547464611169304,0.12814886716596011,-0.023140058142353873,0.99148494973612655,-18.243038773732486,14.69803711256654,-5.8047193235518062,,0.2915952995448415,0.5769230769230769,0,2
-0.42102931959345202,0.89495749653124934,-0.14759875150282942,-0.90639730467435753,-0.42127808332817573,0.031123987315221275,-0.034325473365042873,0.14688722173782773,0.98855748743733063,-5.2515295401764384,13.517261213846837,-3.3842624522891813,,0.08372733119060524,0.2307692307692308,0,5
0.77692040901051196,-0.57371433547239492,-0.2593193770939749,0.61066099242311622,0.78692471017418031,0.08855875366160347,0.15325739915499484,-0.22715933128698521,0.9617228331559442,-1.0870573442159213,-10.032141223250017,-0.27747045352555588,,0.1397256915628134,0.2647058823529412,0,6
0.32614674981218761,0.94531843510134761,-0.0011635482308726159,-0.93460968812273415,0.3226363578739635,0.14970140762514117,0.14189090335208684,-0.047737164090077694,0.98873056729857689,3.3246357186432385,-12.007046559917299,0.71372036168973296,,0.3140389004402098,0.6,0,4
-0.5770462578718204,0.81251149739231587,-0.082720510645335629,-0.80758034598040174,-0.58276360972615759,-0.090556943218689553,-0.12178506091595519,0.014547913397979916,0.99244987639349447,-27.670753905795465,11.739093277287681,-6.9921638070684482,,0.2507409789778058,0.3043478260869565,0,3
-0.43116462530849203,0.88774947976262353,-0.16123872693549074,-0.90164839967280119,-0.43058007189402253,0.040385208371549221,-0.033574234914036334,0.16279331334218947,0.98608879310182185,-14.82813282500779,17.822600094248013,-5.3787115830641143,,0.1462392352808767,0.5652173913043478,0,1
0.061323946274995024,-0.89037403579685959,-0.4510803143477608,0.99728071711698196,0.036152037818984427,0.064219945719172555,-0.040872299664935274,-0.45379191987115403,0.89016984254677634,-20.120458334464967,9.065318396451735,-5.6226887876993059,,0.7494158734409788,0.3648648648648649,0,1
0.98164839372980706,0.094932082361741291,-0.16539144725817537,-0.071176656597760249,0.98700442638194286,0.14406993391411083,0.17691894936171967,-0.12965400896584467,0.97564825798841592,12.284894515466961,-8.1629807694441432,2.1169562612868389,,0.274455525720141,0.1428571428571428,0,4
0.80222928534720639,0.57936272102207054,-0.14410763762275944,-0.5691637886517168,0.8150551481248256,0.10834060735865331,0.18022418100503002,-0.0048931590123963481,0.98361339029922989,11.842676856352925,-7.4593182082494183,1.9326404248539488,,0.08504630543712648,0.4761904761904762,0,3
-0.067594634594485753,0.99771239155678371,-0.00097422178228434705,-0.99692363979752163,-0.06750230146903409,0.03983334920947957,0.039676463891060922,0.0036637454096541972,0.99920586226396535,-12.095123656900217,-2.4972288505260378,-3.0746716561395981,,0.2008287483799339,0.3428571428571429,0,1
0.24009056114647492,0.96574210176686515,-0.098482055844139757,-0.96601097508574174,0.24769831460852443,0.073948231581224613,0.095808759840970759,0.077380474378320158,0.99238749675855997,-11.945150958771151,1.8236502735816964,-3.5807313878516114,,0.2384580206033711,0.4308510638297872,0,1
-0.97652332594704949,0.16477595807199255,-0.13874825232329099,-0.13631498539885623,-0.97143173137490857,-0.19426429428398539,-0.16679454018948056,-0.1707901487773878,0.97108717757139384,8.2480141296176619,18.606572735120142,-0.9930465687873955,,0.2363791831601871,0.1363636363636364,0,3
0.54809218932842163,0.8245221654934437,-0.14056368879329917,-0.82320287406447634,0.56151597734070546,0.083885846977290401,0.14809449729535132,0.069735255080296432,0.98651153772762479,-22.428148154836745,7.9801851432147988,-5.8799227308376327,,0.1815803891948516,0.5205479452054794,0,3
0.81301089156929141,0.56227890307211237,-0.15118110116588185,-0.55318171849131847,0.826945872957905,0.10074973709583629,0.18166803933740799,0.0017199877646947919,0.98335841132589685,-21.493709742337021,10.510264509240052,-5.9841335929620474,,0.07334632460776663,0.4117647058823529,0,1
-0.67961437576167494,0.72155111762244384,-0.13224327928431939,-0.72847333366934952,-0.68504854467617704,0.0059239825890357312,-0.086318609759033604,0.10036172624488555,0.99119958712381129,-13.098925243467024,8.7071216544716705,-4.5324300171295171,0.7096674279630413,0.7755759610344666,0.5437788018433179,1,2
-0.75638894381898936,0.65021705624944093,-0.071369078953747056,-0.64305962200079392,-0.75913877245413341,-0.10090910121999945,-0.11979185373217445,-0.030431955558977489,0.99233250871886014,18.067142184035887,-2.7374118762223065,2.725972281881786,0.7170729199200472,0.4817162465039226,0.2857142857142857,1,3
-0.74071968344141315,-0.57698030489803431,-0.34413380874628535,0.6491207617597422,-0.74668397282882382,-0.14527656856154395,-0.17313748067621107,-0.3309936139570317,0.92761341102032335,-22.887775248812826,12.374845423143027,-6.3189462457815084,,0.3562100853218744,0.2,0,1
-0.012246926369908933,-0.9314346584532518,-0.363702474320103,0.99847163886906509,-0.030995253773626774,0.045756754885289345,-0.053892477848156192,-0.36258622598712109,0.93039068651604817,-7.4119763469927529,27.413979712361225,-4.3160660799164727,,0.4040047613345795,0.7586206896551724,0,4
-0.44710120133747894,-0.81955797173343037,-0.35836468398932392,0.88492614778630152,-0.46368295827214606,-0.043632868024996968,-0.13040793199295361,-0.33663458701710369,0.93256148649681248,-11.166955610201828,6.5101208038768066,-3.9945327912610344,,0.2942449621558121,0.2264150943396226,1,1
0.64345093566284572,0.74829459651890329,-0.16132603700339457,-0.74855742641003786,0.65916617106670905,0.071845238447895199,0.16010206982106595,0.074532917169973109,0.9842825668968973,-12.089411887841358,-3.7805101738083491,-2.8992596512391122,,0.1158860401238238,0.25,0,1
-0.8797464467365399,-0.37397093478998189,-0.29358462048741568,0.43666243702839375,-0.87980964176478416,-0.18777888684872401,-0.18807473393004376,-0.29339518433339884,0.93730846591029715,-1.5314380569741513,-7.2565780818014636,-0.61544732040201855,,0.1646201172414135,0.2941176470588235,0,1
0.9803860581189322,0.082555743544788229,-0.17896291865576269,-0.061462200922928624,0.99082475690183747,0.12036901166049371,0.1872580436289227,-0.10700864599732902,0.97646483540273332,-30.225458280592136,6.4309195846600522,-6.8533487832770579,,0.140286003723516,0.4838709677419355,0,1
-0.8784631933368191,0.45091126141110188,-0.15805521910119552,-0.45701407858270493,-0.88945578019881255,0.0025587200163614027,-0.13942937254997279,0.074481201679148096,0.98742695966170102,14.756480729176113,7.0418207716613539,1.1384110260818046,,0.1510746790830035,0.3,0,4
0.85455076788173001,-0.45589748812976016,-0.24879804145072951,0.49609770261736358,0.85829441525410144,0.13121648601220678,0.15372070312914088,-0.23555928565988038,0.95962584811419471,-12.015574552494348,13.127093203709762,-4.6131106974405158,,0.1765622981976563,0.3829787234042553,0,4
0.9308837618812783,0.34138419271131654,-0.13004712542998262,-0.30692783660982664,0.92392620590065655,0.22837615717063892,0.198117957237022,-0.17267657344544327,0.96484821397117659,-21.886303144959232,9.5922078771295656,-5.9154375690055883,,0.1968323338324583,0.3055555555555556,0,2
-0.49390879177477537,-0.80986294068500153,-0.31650611797029082,0.85852829404304032,-0.51189209096646604,-0.02992750463246897,-0.13777980162247577,-0.28651091516907573,0.94811825304328479,7.068129801591903,3.4694552724005785,-0.1146802907045264,,0.08990503133703345,0.4,0,4
0.83280005922517086,-0.50013840434130374,-0.23728809042488114,0.53452890036253642,0.83799360804252554,0.10975230091933166,0.14395456238608606,-0.21823906474965599,0.96521955770976076,4.8737587731865135,-8.8212852777930717,0.77181978596967749,,0.1322910471659107,0.25,0,4
-0.97191705031333264,0.10303558301004231,-0.21156775733559147,-0.07186626656355613,-0.98605912507411519,-0.15007545298377595,-0.22408142948590565,-0.13065630674349543,0.96577245895071107,-14.674741925874798,4.9030863772962041,-4.4366408758108875,,0.4200739168874124,0.196969696969697,0,2
-0.63489002494368418,-0.73620413047551314,-0.23434618515734432,0.75545827868791871,-0.6550989010647682,0.011323382251709525,-0.16185624914995875,-0.16984966321581299,0.97208726280955882,-6.5743583564377124,11.404978520170971,-3.5378010868173511,,0.08601769712663311,0.2954545454545455,0,4
0.70828476396119333,0.70207228953930589,-0.073669487587958576,-0.68486396189595156,0.70870169471171462,0.16942036952185793,0.17115503742693597,-0.069544289296673445,0.98278662230903591,0.096978323364280389,-6.2719925778272785,-0.41980179314675314,,0.6200072448654946,0.2311557788944724,0,2
-0.97050086723508233,0.20288684783052741,-0.13024973578992663,-0.16753977606272974,-0.95600618584351205,-0.24079575591316044,-0.17337384500784309,-0.2118704783737754,0.96179644949483156,5.9272971044540324,6.8948987472623608,-0.7736893798861586,,0.538787055171575,0.3068181818181818,0,1
0.20591938070451676,-0.87082929718143043,-0.44637825195764641,0.97848598763138184,0.17729227184830326,0.1055112427749131,-0.012742866997171432,-0.45850167449352147,0.88860217973361366,-1.3622245469649104,19.621710130622301,-2.8412753844466501,,0.2474189954520477,0.2173913043478261,0,1
0.47720160838257669,-0.85608663430832665,-0.19847997258092159,0.87771791218862727,0.4754747850635227,0.059455827233614991,0.04347288327588477,-0.20258184352858016,0.97829990549536661,-19.411688597572933,11.730634975377564,-5.7862089864423458,0.6486401470752683,0.2035465414211822,0.7692307692307693,1,1
-0.94588458279007592,0.3125221942632449,-0.087362658687394928,-0.28070557052422662,-0.92308258784153874,-0.26291237837050574,-0.16280890244919644,-0.22416158037597403,0.96085630932342503,-2.9816036815255647,14.629073417588048,-2.9958353106938489,,0.2147248026733538,0.25,0,1
0.37496369861634232,0.92686550597294259,-0.017959915296988024,-0.91702543559993777,0.3736835413183669,0.13937346020856822,0.13589177746537071,-0.035790288980203935,0.99007700712218161,9.8348938426265509,16.712543889598699,-0.63267133670218811,,0.2157205070260164,0.2916666666666667,0,3
-0.64090368361598304,0.76615227301328592,-0.047467492919250821,-0.7634196604900978,-0.6426369089008831,-0.064870835477132613,-0.080205300975977972,-0.0053383400878100878,0.99676407028968461,8.953853709213087,5.4346908779663208,0.12650844673072192,,0.367080325299624,0.6363636363636364,0,1
-0.38341649114469789,0.91169909780621139,-0.1476365448580666,-0.92330207856897306,-0.3822637514670793,0.03725179223243693,-0.022473674121105108,0.15059608020680654,0.98833989831324909,17.389053821722957,-4.520912491064637,2.7989094789295494,,0.08122190395613636,0.5714285714285714,0,3
0.61781970564865263,0.77809743392143049,-0.11341602460454023,-0.77524999368874992,0.62686978855766329,0.077599713139053644,0.13147721702943557,0.039983140428882902,0.99051253898355029,25.73856528728858,-2.0494692313184113,4.2312963883076176,,0.3598598500285705,0.5,0,3
-0.35794879111774131,0.9260052606686584,-0.11994548824910864,-0.93356471811016051,-0.35741365197245745,0.026690793986058531,-0.018154339350219817,0.12153081336714704,0.99242162479718066,8.9272329953564533,-6.9209815189437753,1.3396462297227347,,0.1910342749773149,0.1071428571428571,0,1
-0.47698683930529928,0.87744086229620177,-0.050804412233960067,-0.87809300433448556,-0.47823885501001367,-0.015500751515584039,-0.037897636712298975,0.037217344499690379,0.99858832278372545,10.297599509073452,-12.619451881480197,2.0984738589280738,,0.2787746545621064,0.2307692307692308,0,3
-0.81068104482940784,0.57220841718817594,-0.12399101117945588,-0.55501359221868007,-0.81848776215498187,-0.14845098738320273,-0.18643002978817036,-0.051529705040235713,0.98111596332525852,-3.7849697966875988,-9.9739145299335519,-0.72780647460416903,,0.09049314080941259,0.5454545454545454,0,2
0.3550533480375922,0.92574837576266411,-0.13010405381880297,-0.9276990095891553,0.36608624056318823,0.073180681040912743,0.11537620055538686,0.094714356055990406,0.98879599670624807,6.3350249553436599,-9.0425757342623214,1.0685438410976678,,0.2555901193622429,0.1818181818181818,0,1
-0.76361392174091935,0.62478220195767642,-0.16291402223372611,-0.63624801097452477,-0.77107524836967634,0.025128268595411663,-0.10991927517234806,0.1228420183347692,0.98632022765277738,-7.9291483140107619,11.563811840110883,-3.7979847903141546,,0.0936585436308667,0.3571428571428572,0,1
0.59927880875435446,-0.73557177450802735,-0.31590991425574977,0.79679251898624448,0.58620635337833682,0.14657350697322122,0.07737306421176901,-0.33955305300642707,0.93739913224223637,4.1965455978031754,-11.766685557031803,0.87176024580834133,0.6899548847885975,0.2978795899087627,0.2121212121212121,1,3
0.97982632449278184,-0.055741353484660527,-0.19191997119284732,0.081340570998948508,0.98840679412735499,0.12820187530784641,0.18254885740680551,-0.14122645231889708,0.973001029714197,1.41248086359883,-10.557872302650649,0.27472888179292876,,0.1152677200018486,0.2307692307692308,0,2
0.62290455830224856,-0.73304170780269962,-0.27320279256988428,0.77753953179230195,0.61859390582199303,0.11302148547997204,0.086152119802643742,-0.28282756991070307,0.95529386994365162,16.0095125338195,4.6956041133569872,1.6660517486108946,,0.78584403644988,0.5263157894736842,0,2
-0.83881307926217319,0.53884813228353945,-0.077687247301303552,-0.52874881786222216,-0.8403221903421122,-0.11951277767644228,-0.12968155484884941,-0.059171840880417659,0.98978855700538837,9.577965973195596,8.6430250884486153,-0.13002105889808566,,0.3410916714990863,0.631578947368421,0,1
-0.98121482992561337,-0.025792434830309362,-0.19118631708250564,0.048466420042836182,-0.99219553134110039,-0.11488704763801989,-0.18673099277377464,-0.12199499125895927,0.97480703651822576,10.577096111676092,1.1056044669758738,0.91218371349278249,,0.09890329739402159,0.1052631578947368,0,1
-0.98162090577019212,0.056862436474937161,-0.18217316123140587,-0.036679061813353342,-0.99299640399473144,-0.11230666978424041,-0.18728332488345625,-0.10356063427609911,0.97683169033817319,-0.83172545349477089,-13.364396211224241,0.11896861696088511,,0.1814781419611524,0.2916666666666667,0,3
-0.18168818148869137,-0.91033327327326985,-0.37186386793947418,0.97933575181178723,-0.20166913544031564,0.015200165591105453,-0.088830681245692211,-0.36141789023556919,0.92816281906091058,8.8911858106634369,13.029442326290081,-0.61517409623402364,,0.1059452968442538,0.2,0,3
0.69383583337584454,0.71431374047078711,-0.091365838792623943,-0.69836239302826919,0.69838319392098536,0.15668721215386866,0.1757321949088323,-0.04490873660386531,0.98341313853800438,12.915652751605517,-11.004096659002393,2.471949623267208,0.5164336496269161,0.3864879733311191,0.7826086956521739,1,4
-0.074837864503014009,-0.94577361665266424,-0.31608789929443576,0.99261511318430162,-0.10099957544429307,0.06718871064538684,-0.095470053497133292,-0.30872536631092257,0.94634777808237236,10.749790961971289,2.8926839152115877,0.80897131500937025,,0.4456394439320456,0.5434782608695652,0,2
0.98287967314139035,0.02612634071970232,-0.1823868483363659,0.011000107190795281,0.97980880677029281,0.19963391449642637,0.18391994390839048,-0.19822239151007515,0.96274676719102092,-17.816645601386742,16.92094863892337,-5.897467397628092,,0.8625424001937033,0.5,0,1
0.97100025067039752,-0.0912769530006073,-0.2209683937782711,0.1643449478850473,0.92608809289819682,0.33963448337417179,0.17363539760856708,-0.36610020765236451,0.9142326764310108,12.911096964598133,3.2184049447985466,1.1798618212073164,,0.3164573608037315,0.1428571428571428,0,1
-0.98073615560900673,-0.048164676277876219,-0.18930598786175157,0.056286572534757218,-0.99770032400544351,-0.037760895536549259,-0.18705190411635947,-0.047688860737912987,0.9811918047598871,-26.412218571588021,9.9799478184269432,-6.6407543569942131,,0.1785729684480289,0.3214285714285715,0,1
0.20515217972549918,0.97355844773574929,-0.10048150076623537,-0.97461074743591081,0.21261867894708925,0.070193933820591456,0.089702141202378849,0.083529912038460913,0.99245971185663528,-12.554273116147787,6.868738552915068,-4.2584160105607225,0.9626501524267742,0.7225428021629334,0.2986111111111111,1,1
0.78317856516086193,-0.56313887694060649,-0.26363979280572603,0.60780677650553072,0.78277248170378888,0.13355959089952008,0.13115737686660831,-0.26484306138799213,0.95533025458639531,-5.8569537799074531,-15.660860595284349,-0.65832310892515999,0.3931236566758574,0.2986877070407818,0.25,1,2
