axis_00,axis_01,axis_02,axis_10,axis_11,axis_12,axis_20,axis_21,axis_22,location_x,location_y,location_z,dbh,dbh_approximation,score,reconstructed,number_clusters
-0.96568282390859073,0.17300121072163488,-0.19371955166368368,-0.1761748155358141,-0.98435852112314848,-0.0008580577893930047,-0.19083793642473715,0.033299894610892271,0.98105657280304259,7.680601447894813,15.757709553405936,-0.38416695184232902,0.2912161555065741,0.306774156213815,0.7,1,5
-0.55361980177851966,-0.76678262864618829,-0.32488384922177133,0.8070266255251386,-0.59024479980393763,0.017863426264781219,-0.20545836749137331,-0.25230037001727063,0.94558520637588683,-19.980892410398127,6.4890155430545926,-6.0769360570094415,,0.08191717051218628,0.3333333333333333,0,4
0.23096427112940063,0.94643468669726638,-0.22564771055322744,-0.96329703847093462,0.2550434389388152,0.08373565505440464,0.13680029654497125,0.19802582677648711,0.97060365278248228,6.4957389561554733,0.25021783132911302,0.39068978313469782,0.2030195429144558,0.1981264259630675,0.8,1,1
0.96939621924197261,-0.043308922917844397,-0.24165121004262502,0.073943033882078416,0.99011579504398151,0.11917692790442905,0.23410125557049552,-0.13339808694325384,0.96301690148210628,-17.310619184053017,-12.193860220083781,-3.6504148329460473,,0.185281986718592,0.6190476190476191,0,1
-0.96836396415090153,0.12192708264493307,-0.21772693781810309,-0.11660078216991317,-0.99248211840071821,-0.037195460101843901,-0.22062522641646612,-0.010631611943587369,0.97530071172749844,8.6696488998472621,-6.1018477387814993,1.5755937917064431,,0.148462707248511,0.2727272727272727,0,5
0.44359656617671045,-0.85424457295537881,-0.27108724804481871,0.89507859204350848,0.43758033349160402,0.085777420145314739,0.045347552763524479,-0.28069496133286448,0.95872516298504462,5.1135362639204809,13.049845130007281,-0.9249516229872724,0.2574915819797324,0.2658445634485209,0.8888888888888888,1,5
0.72069282431693837,-0.62920086320340729,-0.29104660575612851,0.68175036901257524,0.71941472924236338,0.13288672507197863,0.12577077295339123,-0.29419164008045073,0.94743495374483733,-12.346069188510139,15.578137439490458,-5.150615760612502,0.1656183183835942,0.1467602138690265,0.5600000000000001,1,3
0.29130272094440746,-0.91919168259781081,-0.26500825536837425,0.95660868967723234,0.27800691083932638,0.087246618040946564,-0.0065222392161451651,-0.27892437715011514,0.96029092062094767,-4.0028837584367416,-2.0486766997837065,-1.7289655530525303,0.2442292646039766,0.211489181291922,0.7100115074798619,1,5
0.54523781536057991,-0.79268499220811928,-0.27270171951939848,0.83547958932075295,0.54043271030902118,0.099530605626972232,0.068480512039913163,-0.2821045706046959,0.95693648206905135,15.85406222509833,7.7236640727291261,2.2702115303372081,0.5821953022548366,0.5312183123243019,0.9436619718309859,1,5
-0.35832567353262407,0.9237737350676638,-0.135073306343372,-0.93352001342089641,-0.3563802220682778,0.039160207624770425,-0.011962283646588023,0.14012574252329277,0.99006145266455825,-0.39325901221043363,-10.048432488254466,0.059414298224889792,,0.07316099278359928,0.3529411764705883,0,4
0.88802613148840215,0.40654324727974817,-0.21478402614017147,-0.38334500425613188,0.91256720887001097,0.14236466207266832,0.25388225126150621,-0.0440871567061921,0.96622985107476078,3.58120034307011,-5.9609666788204159,0.47043391278285757,,0.1164349600863901,0.4,0,5
-0.72105936270884885,-0.6431931445118485,-0.25763535142303562,0.65266993121541583,-0.75533748154222213,0.059052941202950876,-0.23258408444512013,-0.1255701709420492,0.96443598845771572,1.7583898207586326,-7.0180711722281721,0.23151628872646041,,0.07186413711826861,0.1886792452830189,0,1
0.150191124238609,-0.93634068039591956,-0.31734642968788579,0.98835168831060138,0.13422324402824837,0.071729080407573684,-0.02456758867951073,-0.32442295078837868,0.94559303222276048,-16.529970768128873,15.533563294635321,-6.0372419129071693,,0.1388536371431659,0.3333333333333333,0,3
-0.85303386171429207,-0.45344742032269358,-0.25829956982444902,0.4568504379629908,-0.88811736642928474,0.050350975956123034,-0.25223185386034086,-0.075053184139016613,0.9647518393083111,4.0611003102357826,5.6032491865653675,-0.58476585975166295,0.3983781625895175,0.2420782565705092,0.8076923076923077,1,5
0.71480803179593788,0.66053093595886736,-0.22967011194607154,-0.6598469541261387,0.74582760396314918,0.091341021983803353,0.23162788003708784,0.086255827674952629,0.9689728878465248,-13.992233219978012,0.5952535974485238,-4.2434199870216336,,0.3151242348405446,0.5612472160356348,0,1
0.9632873630525205,-0.10508555333454576,-0.24705157895406318,0.14527816912219052,0.97787557136672509,0.15051119726022696,0.22576915147961998,-0.18087673538787422,0.9572418173249635,-2.8606220738412858,10.79915301248989,-2.7933490523141091,,0.08064400258735274,0.3214285714285715,0,4
0.88690369340781539,-0.38454612693365409,-0.25598069239671589,0.42325259663534337,0.89845792949291137,0.11675011080401582,0.18509207995215596,-0.21189059722327644,0.95960580278953511,-4.1636579448502582,-4.1179506286449374,-1.5447608889813016,0.2749025073839856,0.233890340822504,0.8181818181818182,1,5
-0.87929724553594935,0.42077176001210637,-0.22313108248114383,-0.44296001998408169,-0.89462907237049272,0.058525580434654945,-0.1749936418519098,0.15029953042450203,0.97302994633545559,2.087678972119734,-2.4735971684828919,-0.30291539468110662,0.09333006128759741,0.09265112078874134,0.4205607476635514,1,5
-0.49627601488405404,0.86814581453146999,0.0057412335165961306,-0.86654861178245679,-0.49493797958177443,-0.064264296350361919,-0.052949225383365515,-0.036867886825810881,0.99791639852860425,13.747125330430688,-2.4953611029060232,2.4998930388175693,,0.3547993800152839,0.4444444444444444,0,2
-0.50687366633802577,-0.81639999691349885,-0.27671308500446296,0.83810547346822251,-0.54181847480016276,0.063340000851213801,-0.20163903817379789,-0.19980937266520957,0.95886282276427892,-17.47864900064414,7.7688736019486697,-5.5895109046769704,0.3149305959003388,0.270201411786691,0.8662420382165605,1,5
-0.94177144962185955,-0.20862048690157797,-0.26371201929774041,0.22250999979716171,-0.97464480885101834,-0.023596537246609681,-0.25210282955058311,-0.080901106449245017,0.96431279899619671,-2.4349547559607529,16.542728805292668,-3.1077445588970116,0.3149662747433377,0.2740972392124125,0.5714285714285714,1,5
0.010161900490750291,-0.93194580731994037,-0.36245516687888668,0.99686429452877201,-0.019004960715267347,0.076813994570424121,-0.078474926390982316,-0.3620991903981513,0.92883037323341988,23.506664700590346,-6.0549584137934236,5.2650570863586044,,0.4962503705157111,0.2352941176470588,0,4
-0.14739107661529519,-0.84420288663290488,-0.51536138459808589,0.98564343773999208,-0.1687518725489045,-0.0054606914699276013,-0.082358267188398532,-0.50876742398851593,0.85695555550671065,2.0811465053564882,32.548901745727605,-2.7892914134755271,,0.4346900581791752,0.2307692307692308,0,2
0.68579596075409355,0.70860086935882294,-0.16603827317004458,-0.69009005779946542,0.70559706015295864,0.16096117802076446,0.23121334810019128,0.0041948358039786251,0.97289402866544383,-7.5603775234757009,-8.3405169203754195,-1.8963724037579024,,0.09764916715997905,0.2295081967213115,0,5
0.92967816455661134,0.29636761599009775,-0.21878013287087295,-0.26468423711815214,0.95048931776646595,0.16282601583598347,0.25620453736776905,-0.093468138978927834,0.96209300071665826,-6.9219334334228106,-16.225219442160952,-0.90149831762776189,,0.1108012127352396,0.3333333333333333,0,5
-0.88047972631020022,-0.37584467967882079,-0.28895713923320965,0.40367497669507491,-0.91397263569260023,-0.041237536242515457,-0.24860000954735817,-0.15295358107035834,0.95645346843994861,-2.9185186870148652,14.693928558052908,-3.1571861229679827,,0.1216734700119643,0.2941176470588235,0,5
0.89155070089709798,-0.31629058048534103,-0.32418762534393325,0.40973691940413887,0.86826176420760981,0.27970907331063455,0.19301037435096188,-0.38220645927474062,0.90369531252605628,-5.6183427626472637,-13.880688584994921,-0.82870106768118013,,0.4061680143608601,0.12,0,4
0.78451251732486749,-0.47703865468707224,-0.3961997376260481,0.5963142427409821,0.75565028901063147,0.27092796943541914,0.17014533218648686,-0.4488059298321479,0.87728205457689157,-13.063244522486023,8.8853356724496884,-4.7597609018163363,,0.3031779879245402,0.3880597014925373,0,4
0.11121277231389955,0.98458207246176332,-0.13501800569241285,-0.98778444684984512,0.12443673358425907,0.093794380942709255,0.10914946557726554,0.12293755293554454,0.98639381194450837,-16.987661574314586,-3.0337754300077546,-4.5103632218905974,,0.1609497696050602,0.3571428571428572,0,1
-0.97042044710275988,-0.076141641852804781,-0.22909955526111375,0.074399658958990658,-0.9970961886389893,0.016244425147959329,-0.22967117057146458,-0.0012810064640732892,0.97326744136993149,17.294918191868124,12.176262853020638,2.3843555993221166,,0.2746904990312204,0.2439024390243902,0,5
-0.48398213192656553,-0.80845038196649643,-0.33491681933585032,0.85409609905964745,-0.51971883121590823,0.020302464152486578,-0.19047611279871654,-0.27622511902033137,0.94202894545512472,-15.874506990279089,-9.4509690157057769,-3.6172985375028466,,0.1081942485519314,0.1818181818181818,0,1
-0.73265310298687125,-0.61949333941787932,-0.28186421039322351,0.64064961249818808,-0.76752786697594966,0.02165750265548921,-0.22975531482347145,-0.16470876064203566,0.95920984121209585,20.960602033734631,11.985493377288273,3.2922576419859757,,0.1669645779591111,0.2222222222222222,0,5
-0.85816818665639349,-0.38380006679042772,-0.34094702248669473,0.44878916109275263,-0.88334555231791356,-0.13523654863174078,-0.24927023949228821,-0.26906903190784559,0.93030436082587187,-9.4941159225318348,4.1840785065509492,-3.6073235606635827,,0.1101186203291216,0.2979591836734694,1,5
0.75556543466171078,0.61345393993561548,-0.22977192500810534,-0.60893280613126133,0.78703422877349527,0.09888356969697687,0.24149888521806415,0.065202655746369451,0.96820808823416282,9.6435872858047222,-4.6499664312177202,1.6255972443655844,0.4943011746476165,0.4865368316866439,0.9658119658119658,1,5
0.61127686569401263,-0.7435035835530146,-0.27118815370722221,0.7869965122529784,0.60722773507969829,0.10913737880135024,0.083528936117694824,-0.28013728597565773,0.95631899376580454,-13.732728652678063,15.978671282150886,-5.4921040198562059,,0.1064642834786213,0.4242424242424243,0,3
0.18247299025095406,0.96553514741751545,-0.18559495394625786,-0.97564829598189484,0.20118160970056123,0.08738628305356036,0.12171281927759774,0.16512976418480524,0.97873293119408766,-16.645282239412563,9.4719798325926075,-5.5848941302761439,0.2085811273796827,0.1495513608896858,0.2467532467532468,1,5
-0.51492986791231177,-0.81711422250773413,-0.25917480299479939,0.8344715022667325,-0.54700633821047295,0.066643663331742889,-0.19622574509098997,-0.18195717444814755,0.96352843426145696,1.6856947854285236,-10.224250254334027,0.62088272620082707,0.4611024519273062,0.4338624860298633,0.967741935483871,1,5
-0.26184272799133818,0.960288207180233,-0.09635841918912072,-0.96507570706238599,-0.25967651562348859,0.034597498055172982,0.0082015508343053298,0.10205227280279609,0.99474522777427488,-7.5866193559472608,-12.464876820979438,-1.4462246758146313,0.4255222925338458,0.3056450994825868,0.1923076923076923,1,5
0.8771149122737617,-0.40077345111795282,-0.26466974051825104,0.44503891097091974,0.88540804591052413,0.13413783939935134,0.18058183294232621,-0.2354426323245522,0.9549643807468825,-13.436277881448644,-14.016701982141898,-2.5780608310549256,,0.07796581065016761,0.3157894736842105,0,1
-0.67261791390099701,-0.66376477689914049,-0.32711078069593785,0.70706779051028756,-0.70687615489524958,-0.019525400467269412,-0.21826653779810429,-0.24442263108914825,0.94478425891262974,2.8181882956288673,-12.676242101867043,1.0781011756937444,,0.2515589064423359,0.1666666666666667,0,3
0.30956862512578776,0.94114360986099432,-0.13570546030114244,-0.93743731770895777,0.32597922122749623,0.12226537815157749,0.15930643961988061,0.089365837688294092,0.98317608054198802,-0.93372032572306862,20.972636560923846,-2.8840368248707193,,0.1303701988551907,0.2857142857142857,0,5
0.75112349594410766,-0.56128825616891664,-0.34751832660675497,0.64668588471744692,0.73141020282688929,0.21641737847950629,0.13270591677809732,-0.3872913744038019,0.91235658103863038,-34.474618158450802,4.7701673688503003,-9.0722187592011387,,0.4374473328024362,0.1052631578947368,0,1
-0.41139795705168997,-0.86097271822911636,-0.29912823236676006,0.89419673563932267,-0.44481721341130659,0.050495986226422908,-0.17653305329505534,-0.24670554334705697,0.95287588697382752,-7.2427185927279245,-18.231751336490696,-0.77151608950171024,,0.1785368940311306,0.375,0,5
-0.46421558173722344,-0.78593067211445178,-0.40843221261562818,0.86272124070110789,-0.50562267941399264,-0.007600454286146449,-0.20053915955621318,-0.35589139451796398,0.91275701081533567,-21.224383866242,8.1239771641511567,-6.4135109069566623,,0.3841649779592967,0.1818181818181818,0,2
-0.028758280738545073,-0.93584860354665045,-0.35122692454985394,0.99371085110016955,-0.064807733582189414,0.091316493985032041,-0.10822063432978692,-0.34639190075364884,0.93182667132763197,-27.224814550997166,7.6107011657118377,-7.7248238212793776,0.2392051312085492,0.2027355965929578,0.2982456140350877,1,3
0.90709046892269418,-0.33929355064610034,-0.24913202861047198,0.37399964603230013,0.92122184659895257,0.10711943855589486,0.19316093279263574,-0.19034231226602782,0.96252722465595786,7.0441506333774431,-4.5873820372578331,1.0038359515065221,,0.07072564714703486,0.1538461538461539,0,5
-0.29717978085946251,-0.91617479685133596,-0.26890131919113841,0.94272082868212759,-0.32623157584513651,0.069644799450358785,-0.1515309110947457,-0.23280184822292846,0.96064649192446661,1.2785163611342449,6.0398630857768225,-1.3894441797648327,0.1544424165727428,0.1147137688821694,0.5789473684210527,1,5
0.83173428679935246,0.52713361145893256,-0.17420743908523709,-0.4964313786815629,0.84664436990902281,0.19170080115032578,0.24854368312772687,-0.072962089961961962,0.96586881666491708,-3.3894056443991127,-22.785393370784981,0.69714170907910933,,0.3012518900841493,0.3333333333333333,0,5
0.4295450187583798,-0.86351132792105667,-0.26427119292854606,0.90237733721646685,0.42169118186576926,0.088835175548707929,0.034730651274950335,-0.27663104252535425,0.96034839937043348,7.7641501570994889,-6.0875849450954069,1.468179331868892,,0.07307110915285182,0.4166666666666667,0,5
-0.67359534570179747,0.71402800999582383,-0.19087511935891324,-0.72808590740985635,-0.68546614298199571,0.0052036772143905664,-0.12712286057213046,0.14247865723254705,0.98160053512269874,-7.0812496839280055,-20.46737534878649,-0.41496956622459974,0.4762654389908768,0.4959234177792221,0.4339622641509434,1,5
0.2996899654763856,-0.86096478383035857,-0.41100555421637275,0.95402373045383038,0.27269157546489137,0.12441071658596554,0.004964506392467676,-0.42939369542928824,0.90310376369598833,-9.1577287850884428,-10.060614461604825,-2.0620499760063837,,0.4923599799507586,0.2661870503597122,0,3
-0.96461534255706571,0.11523060007674593,-0.23714794898853486,-0.11615472994287639,-0.99317956849782341,-0.010120446154955645,-0.23669668273005676,0.017783518336677403,0.97142082892027626,5.1258986610270867,5.3932405047057266,-0.29808270600247017,,0.09200688867707953,0.3148148148148148,0,5
0.18233833834987434,-0.89990538145307919,-0.39613512189604672,0.98179775856948481,0.14485845115723286,0.12283806574618365,-0.053159116205434863,-0.41132266356246,0.90993833571519622,-26.674705271754949,6.0964019573377444,-7.4938624822254152,,0.2361201674593401,0.25,0,2
-0.90492077009317795,-0.33729644529462238,-0.2595178372397241,0.35784085698458445,-0.93312729255086446,-0.034976806161136145,-0.23036562444624917,-0.12451732364738387,0.96510471721217106,8.9119644879698665,4.2440504395232326,0.74908697427451809,,0.1810230102832246,0.3103448275862069,0,5
0.32452650817722833,-0.85727839915854109,-0.3996952486913819,0.94241625185262579,0.32916505192538914,0.059177502777701535,0.080834112442361924,-0.39588396649413082,0.91473588064453359,-23.415722793589993,4.5919793234274087,-6.7235419839141768,,0.583018745314267,0.4393939393939394,0,2
-0.96800032871989039,0.10551170848351182,-0.22768979549174903,-0.095780026986505701,-0.99396874804353674,-0.053407062671783738,-0.23195161139480866,-0.029889919465498752,0.97226798912938461,-12.289013053838286,-13.564284323360761,-2.4132420766761786,,0.497315119583294,0.1538461538461539,0,1
-0.96779477939447212,0.16662230930291133,-0.18870683882512504,-0.15013745520989008,-0.98373435589343472,-0.098617754882316819,-0.20206931860108049,-0.067109783768802639,0.97706922344458325,-1.8340566832795684,-10.21508340159183,-0.29208249037742395,0.1761436501165024,0.1826975035563894,0.303030303030303,1,5
-0.54444618678526069,-0.75339574914549057,-0.36874543368629475,0.81407166628135297,-0.58054879800236836,-0.015824515661017894,-0.20215259546414335,-0.30880080684400707,0.92939571219131423,-0.74384237103398421,-16.763979498958058,0.6065024342072739,,0.3094543572831029,0.25,0,1
-0.59823339692929356,-0.75336611648009855,-0.27304999054776269,0.77275103454704008,-0.63255665011565942,0.05222952231195406,-0.21206753972477271,-0.17975421812616846,0.96058095945158728,4.3573136705846212,-10.28383133893983,1.2348966859622426,,0.3825064088419499,0.2631578947368421,0,1
0.84343089654374026,-0.4535727420676034,-0.28791681161179233,0.51076563550402554,0.8431479564756269,0.16798806231141983,0.16656166528824645,-0.28874433525915616,0.94280640669872229,4.1407687839938712,-11.292385929867024,1.2466722329834286,,0.08729524501497651,0.32,0,4
-0.059190152430691645,-0.95771427937109943,-0.28156683921216097,0.99372669840023686,-0.083340997816847603,0.074575645953998515,-0.094888222355545337,-0.27538634165765669,0.95663921521470996,-1.0325376480277135,-6.7536130706834712,-0.49417077704313533,0.2401378159179629,0.2184534441988807,0.8027522935779816,1,5
0.51518534618687395,-0.78444327350878429,-0.34530104216630164,0.85594002567214467,0.49165936623211259,0.16011789421737443,0.044167086463561295,-0.37804737565953378,0.92473209646375965,-2.6764748971526804,-11.412506789145127,-0.40437794447477271,,0.5077664688598014,0.5617977528089888,0,5
0.27750994120724076,0.96040217229604719,-0.024817332253648933,-0.94966703399729957,0.27813252627899976,0.14413473684172706,0.14532982168132644,-0.016430620033820349,0.9892468234244568,-13.46038438133059,1.7558346760665926,-4.2285005773760274,,0.1933822066344165,0.2,1,2
0.9290423879524855,-0.19017883576497707,-0.31735193683767354,0.29107185567861249,0.90520462468434237,0.30964780361224675,0.22837998208983598,-0.38004815205070719,0.89632917273928425,13.805161839264033,-4.7923313207937017,2.6602631335151021,0.5280704063910069,0.4112341294062395,0.1538461538461539,1,3
0.94063343390318777,0.24175371646693661,-0.23825172317933332,-0.22493975705370192,0.96964925994299989,0.095824936152414331,0.25418664150603804,-0.036543854017014113,0.96646453531077092,8.2711548010738412,-11.419800369938599,2.2482093065937172,0.5293525103603537,0.48933711407255,0.9461538461538461,1,5
0.049830840864167232,0.99720269875241307,-0.055710545677415679,-0.99246870547144861,0.055689787389654924,0.10910781933630097,0.11190512034128694,0.049854038767189218,0.99246754045661489,16.328699023104239,-13.423377851640952,4.3307658399340747,,0.2715087239360964,0.3478260869565217,0,5
-0.96777371369186138,0.043423126284886877,-0.24804933217146641,-0.015665428815937413,-0.99349418319831206,-0.11280027611283455,-0.25133370929319554,-0.10527934296321241,0.96215779709887406,-4.5208025903679836,-9.581908735449348,-0.99205629386471805,0.9172080434804587,0.4218852668508581,0.25,1,3
-0.060007192245378732,-0.96117890367733083,-0.26932183722169822,0.99348044798223767,-0.083708837269948197,0.077391408049769017,-0.096931606588556596,-0.26292193839342903,0.95993558010712543,8.3773371508537373,-9.1721336008549343,1.9502382959547147,,0.09491538166133717,0.3181818181818182,0,1
-0.28806904094432334,0.95707259189422211,0.03206682856621608,-0.95758472913413872,-0.2876584469437608,-0.016855397681539919,-0.0069075450427096893,-0.035562223591627237,0.99934359160135899,9.4641451451427496,13.34574273638883,0.26445986828084872,,0.2925891551081886,0.1666666666666667,0,5
-0.96439820419213362,0.18073536827865236,-0.19305654716731788,-0.13347742971575363,-0.96287339813244555,-0.23464567953693885,-0.22829778690881555,-0.2005231802611751,0.95271746843987304,-11.147518658173302,-7.3527508534857944,-2.7735938283100663,,0.2986874501538366,0.2,0,3
-0.95438349276636592,0.20877178808793342,-0.21346308634899655,-0.2007959175226619,-0.97787665343254615,-0.058636594186536981,-0.22098223512604917,-0.01309928128300525,0.97518985873960173,-27.118541598260045,5.2043745368145036,-7.5125582520711918,0.1917115469522172,0.150512907631019,0.6538461538461539,1,4
-0.7326177940477091,-0.62336908112138512,-0.27328036253369781,0.63942814119775049,-0.76793532529105957,0.037509844234609881,-0.23324412123150887,-0.14726277490253664,0.96120281680764286,-4.4153804092874811,15.661597351597541,-3.5793122725677589,0.2016953274768052,0.143789912560309,0.391304347826087,1,5
0.11940381305075437,0.9927260356121721,0.015419067633329193,-0.98763509368241109,0.11717381871691403,0.10414997808079685,0.10158568381359255,-0.02766431681853801,0.99444207192731349,3.2288781127047463,8.8053516552261453,-1.1066535079248063,0.6564849643295001,0.4238615928762003,0.2346368715083799,1,4
0.33577064202582585,-0.88395679739975075,-0.32538969910607474,0.94178947870911223,0.3213009868334229,0.09898612858723152,0.01704857021524326,-0.33968523104581055,0.94038465005707694,-3.7325514768948538,17.098552542894975,-3.414628010385151,,0.2117113797281517,0.3888888888888889,0,5
0.31601687069045525,-0.90172438423332368,-0.29500249544376134,0.9487507142017847,0.29958821504186389,0.10059315935805181,-0.0023280336373318498,-0.31167296367677494,0.95018658376779874,10.408449235029039,-1.0414783877070151,1.4701719729250757,0.2640614975752932,0.1995171401896117,0.5714285714285714,1,4
-0.7881475668567629,-0.54626901061763344,-0.28357288462862051,0.56589732953019201,-0.82433634217589014,0.015159399680444764,-0.24204054472001651,-0.14852529416535781,0.95883085667115042,13.900353598680811,-8.4759436783452209,3.1536601241102717,,0.439285326203123,0.3103448275862069,0,1
-0.69385588020250788,0.71856357685848182,-0.04722714813270662,-0.70955600635058802,-0.69340020426154281,-0.12540506601352217,-0.12285882695275936,-0.053502735840294961,0.99098091096518937,5.6802651347871418,22.57812585829236,-1.3327487839075083,,0.5568697542010149,0.3,0,5
0.50089331775825729,-0.82893225412099913,-0.24895220887352143,0.86389952967302952,0.49636670550087597,0.085426555010287897,0.052758760939246252,-0.25785928672065828,0.96474095040900454,-25.062513821410551,2.793979631499111,-6.8858802262698475,,0.1728770021836727,0.6764705882352942,0,1
-0.38664820500044739,-0.86353232858854923,-0.32375157613882283,0.91033870251876758,-0.41355929434478733,0.015879444495644521,-0.1476028870530007,-0.28858383104997648,0.94600885840997273,-7.4873367876901975,-14.701990569705982,-1.1588656088088105,,0.2935108223942603,0.4146341463414634,0,5
-0.92810346099667484,0.29346329695682977,-0.22913589641350701,-0.31069165380129748,-0.94956949991998019,0.042290200755416625,-0.20516983682843948,0.11044029228930169,0.97247533639411399,0.40514953731931413,5.3994442339634388,-1.5192029364010642,,0.06453533532158462,0.1428571428571428,0,5
-0.5081366567136828,-0.80754596010655522,-0.29944391865493392,0.84055044792501898,-0.54078496242824514,0.03204011399060322,-0.18780863291364014,-0.23541696354991729,0.95357578129692788,-13.42600996636965,-8.571429314810258,-3.119924491111135,0.2082720482053668,0.1615245768443456,0.7047619047619048,1,4
0.56781494021174217,-0.78366478799286898,-0.25190413599706568,0.82004839377397709,0.56509993355271482,0.090458260913185595,0.07146205665286065,-0.25793713412149372,0.96351523563467045,-9.0939089308716827,10.713224827869915,-4.0973377223194678,0.3977876843054635,0.3589342251485755,0.8868501529051988,1,5
0.69589994899576735,0.69671263720091459,-0.17411134986621971,-0.68058138417587022,0.71720791667778383,0.14973905224747211,0.22919912849080981,0.01429354467099061,0.97327460363444873,-6.6805009424110411,12.656950825615162,-3.7352243014912698,,0.09530222479083664,0.3714285714285714,0,5
0.9478026866682101,-0.19521989690324984,-0.2521096170272128,0.23603063071449898,0.96115288510024222,0.14308973697647592,0.21438192206676185,-0.1951264290570752,0.95706116219100423,-3.4702355689425808,-12.500307233992338,-0.49596949029791404,,0.0934935684225581,0.3870967741935484,0,5
0.052286815266430628,0.98274660628493959,-0.17741250458952787,-0.99345756530645368,0.069250362677648752,0.090809984056755361,0.10152908393494059,0.17150363000370927,0.97993793171347521,-10.44207265326515,-6.8385459816464849,-2.6890227397632382,0.2861050002527328,0.2563332665660088,0.7703349282296651,1,5
0.3231225063445059,-0.81900518694487978,-0.47415435213760104,0.9463566383769686,0.28015796536653537,0.16099884298195191,0.00097923107021519466,-0.5007414684236432,0.86559633947206893,2.3846074565386188,6.3597012921535203,-1.1296037719721324,0.540242762121303,0.3416110385084762,0.3617021276595745,1,5
-0.48148193294202701,0.86818574629784739,-0.12011934971377122,-0.87421501035098115,-0.48551353996516639,-0.0049717388835872596,-0.062635963530892069,0.102616336105625,0.99274700887830136,-12.663428060790274,4.9859979289309129,-4.3522021066313803,0.3945227006549282,0.2994723986064421,0.106145251396648,1,5
-0.32304841505638804,-0.90931222555551683,-0.26228038048018093,0.93326940634334099,-0.35206876198343978,0.071104163162191925,-0.15699661369947815,-0.22180816777278711,0.96236853647455456,2.3000191686515232,-3.7216148722907834,-0.053873583530946317,0.3447009699580155,0.3110933561831321,0.9467312348668281,1,5
-0.022887371516082632,-0.94609237896412834,-0.32308726172828411,0.99731718785273804,-0.044083229399540763,0.058438820138787206,-0.069531252243799413,-0.32088296831041591,0.9445631400863076,7.0477578559027618,12.269849066275635,-0.29266073583786795,0.3267473966104297,0.2515675299009311,0.5952380952380952,1,5
-0.14735537050438385,-0.94853299169019589,-0.28030618697910675,0.98192369788817679,-0.17432916114462671,0.073723775678016704,-0.11879497594228242,-0.2643756933794425,0.95707536089955569,-13.139163462858134,16.674720390332492,-5.4248871246415931,,0.1111125323683708,0.3448275862068966,0,3
-0.37308331688125929,-0.8796042394888024,-0.2951359356943889,0.91554559061451168,-0.40055893442853818,0.036452867593617017,-0.15028343279018355,-0.25661044780522602,0.95475963881282633,-20.211453883754913,2.0465100606519693,-5.7313435439535345,0.7614004347794711,0.4731814375888934,0.4705882352941176,1,2
-0.61260530860024931,0.77280993605588932,-0.16576953461985994,-0.78625765075832388,-0.61726534178896308,0.027971493527431911,-0.080707140321002832,0.147473050281894,0.98576775000086081,-9.1993200888804108,-8.7086418540366601,-2.2264116368409819,,0.1054408685348115,0.3243243243243243,0,3
0.69617686795043421,0.69598554453960182,-0.17590307081639647,-0.68046137342724433,0.71784916396911103,0.14719000326909737,0.228713986901178,0.01722496968830068,0.9733412621557791,-16.043963414410253,-1.763488299213918,-4.495003612855033,,0.4079053096935866,0.2,0,1
-0.43673613533380184,-0.85526048620035178,-0.27891046742285341,0.88124842661764613,-0.46903716499901937,0.058355363366252348,-0.18072841137358564,-0.22030351471100487,0.95854243658189675,-19.453645229331343,7.7042691425193901,-6.0626636340104421,,0.08363644586122715,0.3170731707317073,0,4
-0.07358111295869614,0.96989847510645111,-0.23212662019238486,-0.99520488162722376,-0.056369967371587205,0.079935413702992869,0.064444265851214599,0.23689528227617004,0.96939546204538773,-0.62366323478448971,3.2762018900473135,-1.5537670846776472,0.4568457498747087,0.4273771851743349,0.9848569826135727,1,5
0.42989868651160418,-0.8523313909560134,-0.29785620578827182,0.90249007726328134,0.4153164227913051,0.11412243163002929,0.026434443003670451,-0.31787335363446512,0.94776460752249236,-11.429731860814675,-15.899336366682229,-1.9545014610541862,,0.1480079909900697,0.2,0,5
0.96981060344805659,-0.042237362100780503,-0.24017368440877063,0.083830914065869191,0.98260623461841001,0.16570264190986925,0.22899731720392935,-0.18083415864210237,0.9564827420197427,-13.711391672870802,-2.6444840323555652,-3.7937545655294262,0.5554952990684462,0.4966097695250948,0.8538899430740038,1,2
-0.80806863799177597,0.57563848599933987,-0.12516153454837239,-0.56778359030739156,-0.81768476934847267,-0.094938993849642536,-0.15699321919039569,-0.0056525579981327161,0.98758350417385643,2.8455070312890292,1.8639373055658488,-0.59254621228446158,,0.4607965686002196,0.4247787610619469,0,2
-0.93906308392806703,-0.21315246750669301,-0.26967860500847246,0.24421338715675267,-0.96580925823521946,-0.087018953340981406,-0.24190978884066175,-0.14757541225740178,0.95901050659527365,-7.3057949598449445,21.526465885131554,-4.461789902097502,,0.4838986755165859,0.7674418604651163,0,5
-0.88824744898519581,0.42966937409371436,-0.16248291706271356,-0.41972812069353171,-0.90287108752741152,-0.09301668670806075,-0.18666754959116202,-0.014423185257954317,0.98231725916663315,8.7129307234371005,3.2620888957560252,0.75579440566405343,,0.2733278928295055,0.2608695652173913,0,3
0.44141373732312306,-0.7973710809239839,-0.41152554210954084,0.89562128230649207,0.41958951448337967,0.147672468711258,0.054922046412242853,-0.43375569003958941,0.89935508570095501,17.878470846132782,-5.3521561912537212,3.8280830393949752,0.7342496210659577,0.3968952001371106,0.2916666666666667,1,5
0.43756065496093099,-0.79830462624988252,-0.41382411352916076,0.89853811472236544,0.40569377268744478,0.16745691742595806,0.034204233967995802,-0.44510929726378717,0.89482276673540173,-24.71875852428229,5.6473060722952324,-7.0846263338136986,,0.410792114613411,0.2727272727272727,0,1
0.5587718531793392,-0.68257810568708444,-0.47102138564098983,0.82700094536805735,0.5010714153092044,0.25494484329040584,0.06199558415617748,-0.53199113375756735,0.84447734199827529,-14.282135904280986,-4.9688104707379424,-3.6977529516105228,,0.4540743340132197,0.1,0,2
0.37039247699506922,0.90405979054780927,-0.2132728489520121,-0.91220601673345436,0.39733063229734228,0.10004274922990732,0.17518446284057559,0.1574936943272488,0.97185705750712814,-0.075526371055161856,11.239919279050795,-2.0658134911145623,,0.1269401850083932,0.6987951807228916,0,5
-0.81456609378449041,-0.47306914633972713,-0.33568982951242393,0.5256121724678996,-0.84674919056397302,-0.082144095544552653,-0.24538525426409241,-0.24335445560058991,0.93838408230803272,11.950891728505063,-7.0311518629112548,2.5179369032523846,,0.7084693644107047,0.1830985915492958,0,2
0.063363045175997945,0.99798789467547622,0.0022992579748577152,-0.98884878419166278,0.062471340260155245,0.13518658827254149,0.13477094089118091,-0.010839452352882984,0.99081749064295144,8.3606787179320641,14.397953215208503,-0.14479687525987953,,0.4323623134716596,0.1818181818181818,0,2
-0.91092633453032112,0.34829141867111463,-0.22114768987989972,-0.36485890616159811,-0.93029786153579419,0.037734167759350679,-0.19259073615757355,0.11506075135332205,0.97451004707201094,0.65980686536924893,-7.7731656149747277,0.019356740705140575,,0.1153076008347069,0.2978723404255319,0,2
-0.13542207041457638,-0.93331289486835023,-0.33254759526583638,0.98458684904743288,-0.16426115885800743,0.060058374715546696,-0.11067790894066488,-0.31928875953137686,0.94117218855501539,5.1937617779725622,-8.5496500188120379,1.1849953489765346,,0.07214257092452195,0.4,0,4
-0.82158375419603358,-0.48533710946669045,-0.29907862681186137,0.51809688117062502,-0.85454243443380551,-0.036508211038279927,-0.23785658822580902,-0.18494625685982979,0.95352982413300269,-9.6066618491473506,19.672781446741375,-4.8536988659262779,0.3315604291350175,0.2421667584396026,0.6229508196721312,1,3
-0.93411937554045477,-0.21953372733130491,-0.28147101947436043,0.24869292210834004,-0.96590407034481762,-0.071980256907913931,-0.25607190930113077,-0.1372380029559542,0.95686619117384197,-14.116468087739234,-6.6671423822084126,-3.5043389874737696,,0.1440980513041198,0.1578947368421053,0,2
-0.82937959950812645,0.54691472791485984,-0.11407786949954274,-0.54334186615121427,-0.8371331655313633,-0.063148077205522818,-0.13003498147443102,0.0096095555180114658,0.99146283845421601,0.96505054764677212,26.227980417941804,-2.7203799984389576,,0.2880454916334382,0.2916666666666667,0,5
-0.44914940197108327,-0.85433427480260882,-0.26149141784486934,0.87388765451642769,-0.48099480383400117,0.070458256921872062,-0.18597091706177113,-0.19686783785624415,0.9626307040734845,1.4760869730930306,-6.2532126348043482,0.084383102798496382,,0.0876362765198002,0.3230769230769231,0,5
0.97206362211995656,0.02922887095383472,-0.23289050571844663,0.024458954975167438,0.97420020936826246,0.22435621584514995,0.23343965831141991,-0.22378477421307483,0.94626967654989869,-19.807883628013844,11.72526246688288,-6.4426046220080817,,0.4224403220148034,0.7,0,5
0.34479972363774347,0.93080562110193688,-0.12130146868184528,-0.92568820386382267,0.35860038200003924,0.12044548666012772,0.15561008902608081,0.07075776815631557,0.98528109615420489,-11.232742433010134,-8.7742668741780978,-2.6194234564459644,,0.1863225863314842,0.1578947368421053,0,2
0.025672490561783147,0.97730862053945033,-0.21025884867855638,-0.99544340925350161,0.044313577058987988,0.084431782297916549,0.091833230380515302,0.20713321102014048,0.97399306501143279,4.5664788391337039,1.8580807920865674,-0.1528369993514842,0.5028788869303059,0.4479175369048892,0.9535714285714286,1,5
0.78187013916112313,-0.5248397362331042,-0.3364852697502988,0.59869977616978665,0.78262948479840622,0.1704396301874305,0.17388980275569027,-0.33471531305715096,0.92613605679869737,-11.405325618912372,-6.3087646098315346,-2.9378332997047356,,0.1361269623155574,0.1714285714285714,0,3
0.43040177266376439,0.87543789282733742,-0.21991546077963978,-0.884565673540467,0.45758318210841559,0.090339363764845165,0.17971611859204437,0.15564744538079814,0.9713269220322488,-17.507928686272823,-6.5427756913378019,-4.2380456031506339,,0.2094664575623086,0.765625,0,1
-0.55160497628089211,-0.79488987553302004,-0.25274895829114136,0.81150194688086341,-0.58149055685213158,0.057734933102638886,-0.19286404628837578,-0.17325939532071136,0.96580776637091548,-10.24461630753207,7.1343772286770637,-3.9563015501328178,0.3744018493426944,0.3807116055867657,0.9268558951965066,1,6
-0.92874252176608274,-0.19036429702589105,-0.31811752966697088,0.27191150605801789,-0.93306390925679683,-0.2354907091918586,-0.25199496252274217,-0.30521005170253224,0.91833837075606262,-8.6981857089634058,27.717809227242675,-5.0644209574387462,,0.5321549317536196,0.25,0,2
-0.66181262997215562,-0.70688328527964683,-0.24963986821337539,0.71692664900832981,-0.69412413972995346,0.064868008955402942,-0.21913517004585301,-0.13604300656926374,0.9661635873973774,15.615519645806389,-6.2234611385106824,3.3701041166188008,,0.08246884730422206,0.3125,0,5
0.54446433436458197,-0.7967482730920834,-0.26220369549210598,0.83617492806630445,0.54020649826880351,0.094807325146683316,0.066106567587830581,-0.27086736339570622,0.96034410143907023,-0.41027918823935106,-1.5342999406615951,-1.0261754925522695,,0.09197886335522849,0.4210526315789473,1,5
0.60962277502670192,0.77206646809646384,-0.1796481032735833,-0.75448716423620932,0.6346531202215312,0.16722600275040519,0.24312381860185436,0.033597408145974714,0.96941323644477129,7.1860530199481349,-13.353010360550297,2.2400646602990508,,0.1580328987281367,0.4,0,4
-0.063197036283496003,0.98743836065205093,-0.14481580893594714,-0.99487630798394355,-0.050858711711044113,0.087375758968551487,0.078913030718760255,0.14959570634173686,0.9855931504565647,5.8411459747862189,-6.8952738174316162,1.1481027147534557,,0.175161464297103,0.3939393939393939,0,3
0.91686385162653972,-0.31360244550385691,-0.24701049320736951,0.34648732827768353,0.93246449246720209,0.1022570370726462,0.19826045728672262,-0.1793417867143185,0.96360225955244427,-0.29200519165002303,5.9951382117052336,-1.7389680554900813,0.2869494731476634,0.2486461060581078,0.9269662921348315,1,5
0.11977173911719105,-0.88710633486733759,-0.44575450771369873,0.98985651039432632,0.072146411634581714,0.12238866008834232,-0.076412167478810911,-0.45589170416502628,0.8867490821730224,1.7727505383808069,19.341333106171877,-2.1412337204903191,,0.268587131969688,0.1428571428571428,0,5
-0.86194549916412133,0.48174908896266044,-0.15801193548071446,-0.46352130170783423,-0.87505285219093554,-0.13939335972557851,-0.20542141887785106,-0.046907581009432632,0.97754883228923906,4.5480111785682968,16.995442738080541,-1.4160765518898379,,0.4494275762549542,0.1948051948051948,0,5
0.53883087994081869,-0.79208856226242008,-0.28680479834768552,0.8398464289186004,0.53165795398731253,0.10953445026428801,0.065721067055229704,-0.29989252990876308,0.95170647357788041,-12.571602259745786,-5.5136000439445318,-3.2986937892606236,,0.08305473491155932,0.25,0,2
-0.56898818998899259,-0.7416744290002194,-0.35520625138115064,0.79412676915306168,-0.60774425357339135,-0.0030978642710222841,-0.21357695139590913,-0.28384144097668385,0.93478282088232112,1.3543605754895669,-17.010317927206103,1.1611476646107841,,0.3192361087159162,0.8235294117647058,0,6
0.95359521222640375,0.2049372376878969,-0.22058309052992822,-0.16759369258573734,0.96991032266767163,0.17659648973909536,0.25013701330342414,-0.13143323244730581,0.95924802839729362,-12.536932282045468,-0.30244576212082658,-3.8385571581552349,,0.06789710174292166,0.2432432432432433,0,1
0.75305565598583157,-0.58476027234585526,-0.30160007107716552,0.64613715229367019,0.74375200322722801,0.17128846464754338,0.12415296780011535,-0.32386475816532978,0.93792198982907782,-28.15518844556156,5.9426377424107306,-7.7808244915134575,,0.6318728095918521,0.1923076923076923,0,2
0.51870072769221365,0.83086315366144226,-0.20153405414304543,-0.831665004373769,0.54499789335581672,0.10635138333703771,0.1981990807030849,0.1124442800923442,0.97369061219823194,-9.2780516715186607,8.1785061269118309,-3.8158954993321568,,0.08850081835601487,0.2564102564102564,0,5
-0.86544885041236141,0.4498051867024519,-0.22062089958907843,-0.46932900454885396,-0.88198159984382074,0.04288056699853536,-0.17529567253387518,0.14065472460072756,0.97441658218566318,20.91243258970211,-4.5705945924281286,4.512412620801725,0.5922807009146551,0.5760948882659447,0.9921875,1,5
0.23804435099647669,0.95490519377114114,-0.17745691834235577,-0.96134393700512111,0.25768340383165789,0.097041734182895509,0.13839335873574027,0.1474968958948967,0.97933239707425701,-19.895995475733898,2.8439227445787592,-5.7747805056701198,,0.5209650987565612,0.1621621621621622,0,1
0.93809120610301733,-0.21086236025261329,-0.2748125798810595,0.26640082114489699,0.94627099497301892,0.18330795554502577,0.22139442523584721,-0.24516987804677334,0.94386240489438888,-19.166833803178815,9.1555032538515135,-6.0747788025422036,0.3531348969269313,0.230188944195026,0.4878048780487805,1,4
0.92264670418951711,-0.28444942432545567,-0.26040657489614316,0.3290001475628121,0.93286825021914799,0.14668241420400238,0.20120129758992994,-0.22100984759504183,0.95429171908496979,-5.5214729327857102,-3.4539328879375635,-1.8624119821519325,,0.080325300554223,0.3709677419354839,0,5
0.5389748850104884,0.83272583524039301,-0.12678231994691666,-0.81768943945325923,0.55338640187244903,0.15857954101737315,0.20221289260219594,0.018198174245123346,0.97917249375153426,-16.559520216085808,-11.671873003927066,-3.5614415655071903,,0.1901466302019178,0.2222222222222222,0,2
0.42827868494206339,0.8903553176805532,-0.15441753884276976,-0.88188130011900001,0.44909457712131295,0.14352502673976905,0.19713635008470454,0.07470923020745518,0.97752534002811942,-17.877343256823146,20.25363913004902,-6.6540974724609212,,0.1109553102334796,0.2142857142857143,0,2
