axis_00,axis_01,axis_02,axis_10,axis_11,axis_12,axis_20,axis_21,axis_22,location_x,location_y,location_z,dbh,dbh_approximation,score,reconstructed,number_clusters
-0.87606142819418598,-0.3225812634681135,-0.35840996427231125,0.34650242492909944,-0.93804523951516228,-0.0026829351830036929,-0.33533929615930452,-0.12654033776728235,0.93356044226880408,-9.967912483724108,11.344976291738403,-6.7701293601690109,0.4053950285411244,0.3041177016635081,0.3125,1,5
-0.64332166065729013,-0.66520278204388616,-0.37900197847797601,0.72812802937631105,-0.68457738623747644,-0.034400219313749363,-0.23657306221485944,-0.29809236993478821,0.92475625178797527,-7.220288259069445,-10.584099758778583,-3.1293604296812831,0.1814497960366539,0.1435061200133182,0.21875,1,3
0.94607850017777417,-0.019676981902245459,-0.32333927674285556,0.061099911233804052,0.99107678444877145,0.11846353098699045,0.31812304592499357,-0.13183180082932602,0.93883869963988076,-15.080956408783248,-13.026288828325354,-6.0767828540529667,0.4462982105429836,0.3741975176216442,0.8690476190476191,1,2
0.85879539392028104,-0.39457749603980163,-0.32677067034890078,0.43551858967465018,0.89817472259316966,0.060047695563495415,0.2698036868338039,-0.1938833858628505,0.94319414929124945,-10.133106668005585,-15.240673743732389,-3.8384405494898513,0.2719277316627111,0.2446673151695273,0.9193548387096774,1,5
0.90283480910010938,-0.26825541276145998,-0.33604812304392956,0.31701747751544251,0.9432668432918645,0.098729839946932407,0.29049823825096632,-0.19566986449215867,0.93665579467737525,-17.901203573535792,8.8561769282916103,-9.836701596721559,,0.07297759658012332,0.3333333333333333,0,1
0.16420134127169417,0.96619506353778362,-0.19875869470237889,-0.98212111751460274,0.17893734463923683,0.058476809295012706,0.092065357526286126,0.18560314083731422,0.97830232753217938,7.7236080326966432,13.133663953004337,0.37440580642596993,0.2603283622067972,0.2053585311827154,0.3333333333333333,1,5
-0.78043001738729212,0.57539238255949554,-0.24464789811763937,-0.57903891505405092,-0.812753313532255,-0.064389332931535564,-0.23588752153070572,0.091409285276977517,0.96747166353917247,-14.817993235582998,11.109776851622586,-8.7609879114769864,,0.09263789770635508,0.3529411764705883,0,5
0.30771657679825659,0.92248351367634085,-0.2330979951842467,-0.93873879469034571,0.33429984232207199,0.083744198406544235,0.15517726543176238,0.19304865298362001,0.96884066485378839,-25.142685238221087,7.6404249837663318,-12.662907012845839,,0.1643275371603635,0.3333333333333333,0,1
-0.4332571356919005,-0.82782800909902154,-0.35635521845933565,0.88069446849584032,-0.47287121699440132,0.027750050433530474,-0.19148239483795879,-0.30181716235062644,0.93393837750556974,-0.21349729512516438,16.788155779305946,-3.2296664429773108,,0.07913769729664757,0.2727272727272727,0,5
0.66155643971358713,-0.66794645939473996,-0.3408674294436389,0.72749644431219496,0.68192738275464282,0.075656910870823699,0.18191206828189363,-0.29803115949751574,0.9370621256789593,12.605773711142234,-7.9253027744276627,4.1775642235597585,0.291334775471058,0.143815620104962,0.3846153846153846,1,5
0.68725396805342309,0.70834464604622616,-0.16102746912397453,-0.67746075810517592,0.70499234716179238,0.20983972853315505,0.26216198164948773,-0.035123394781178131,0.96438448894445639,20.855588536410547,11.134882021168368,5.5391147894586403,,0.2977114907757121,0.1333333333333333,0,3
-0.15709543108273713,-0.92064778601451314,-0.35739149351866817,0.98358617074359245,-0.17838186394139993,0.027169014313155476,-0.088765253646264003,-0.34725720255074216,0.93355940626279776,-12.722693377951977,5.3815356686324778,-7.4023759778543035,,0.2133786575600785,0.6633165829145728,0,5
-0.59880041434387477,0.78013272755405028,-0.18119324264630465,-0.78437044804774858,-0.61696225789233738,-0.064191686110924351,-0.16186742726990722,0.10368461667705303,0.98135031270874651,-13.021608649661108,-32.709575082997667,-3.2859853691936181,,0.4808069547421914,0.1052631578947368,0,1
-0.29240927521780169,0.92645337510539139,-0.23702522971706752,-0.95406731355799568,-0.29952723935433945,0.0062445244011666134,-0.065210252007092684,0.22796398101585458,0.97148342569113044,18.601725761459356,-3.5026344363444113,6.0169610271618819,0.8104143713193777,0.7395959303511704,0.6266666666666667,1,5
0.93356436488793959,0.18329896719808611,-0.3079919889144736,-0.15274355220874175,0.98085945612713199,0.12076479033494095,0.3242329160804524,-0.065697914351232151,0.94369317056968505,-4.3541185667903299,15.235425080100693,-4.9272743600778215,,0.09533678160076235,0.475,0,5
0.88292739164901091,-0.29683278770646976,-0.36377124297871455,0.37275847077480062,0.91425299350613931,0.15872172608277019,0.28546513542200791,-0.27573857185288325,0.91786594688496081,-8.0997585726710035,8.6574903158118595,-5.6620653260641971,,0.08084767801750452,0.2941176470588235,0,5
-0.68629376614636162,0.65954005989595965,-0.3066068752345264,-0.70026384830253252,-0.71309786141322962,0.03349601182840925,-0.19654874537674866,0.23769381447634566,0.95124667739262758,1.0324044181466052,-6.4123023377615516,-0.29577314310500991,,0.0720406010973734,0.2772277227722773,0,5
0.51985234169882366,0.8328872030734692,-0.1898748266271835,-0.8250849562623519,0.54712927213497908,0.14101196588446138,0.22133313755468681,0.083357462350419576,0.97162913485068791,-17.555011867509638,21.367650160742468,-11.132565432800588,,0.6666573857909323,0.5384615384615384,0,1
-0.91124470372680511,0.24719780348786943,-0.32943335574987009,-0.20761723006415544,-0.96649453880588332,-0.15094168489483323,-0.35570799219350607,-0.069148770120489436,0.93203555290583684,-10.470764093505576,-6.9620467622958859,-4.8813936785108458,,0.5355752889012919,0.3,0,2
0.56921573961597383,-0.74050408525507261,-0.35727740132002284,0.80835965792481346,0.58340474953140697,0.078699184645555947,0.15016026509406244,-0.3336054525105141,0.93067679504870882,-2.0256500364526606,20.179141164087582,-4.5235122477454963,0.2706147448314552,0.2156625217931615,0.2857142857142857,1,5
-0.18887865355602679,0.9758838092627905,-0.10943329040838914,-0.98191895606532575,-0.18912212735707998,0.008245281287630921,-0.012649820174303321,0.10901197990439768,0.99395994400522991,3.2253265807932419,-9.2618212202246344,0.72234529074974263,,0.09360640243839627,0.2448979591836735,0,5
-0.79828324504588577,0.57708206619123803,-0.17239532928551715,-0.5556913201367274,-0.81610188612703627,-0.15869741076840158,-0.23227358309483104,-0.030886895932504588,0.9721599571345978,8.3389196074026337,20.550713526123612,-0.32380765042580101,,0.4535161492295235,0.125,0,4
-0.76090903997057235,-0.52415801643929438,-0.38246020275773535,0.57809744492310344,-0.81530994701569381,-0.032757204866209415,-0.29465365611925276,-0.24602451930588556,0.92339111910168714,-13.12721200535425,-15.856760864814877,-4.9948910831793292,,0.09601905809856441,0.3939393939393939,0,3
0.76837889361481915,-0.51566739715837451,-0.37905278175364016,0.59707619735469497,0.79083223163088667,0.13447823603158771,0.23042111535126863,-0.32965363174340673,0.91555152377059501,5.2100871421295567,2.4957204086859939,0.71470735459466161,0.5074080715298046,0.4174764244402418,0.9040816326530612,1,5
0.0094246502378452848,0.98513803713001524,-0.17150575432770634,-0.99838475686455941,0.018880258117912965,0.053585568149414869,0.056027254335625679,0.17072370559773567,0.98372473950724082,19.701011951434754,-1.1692768036912715,6.072351330407094,,0.2772265866318615,0.423728813559322,0,5
-0.92960760757731076,-0.094243111018553441,-0.35629753291306243,0.17216860476235488,-0.96582895647974132,-0.19373280145457836,-0.3258644924943101,-0.24143873519135181,0.9140676504945503,11.465513717141869,6.53589592744492,2.6909857535355073,,0.2248913377617014,0.1785714285714286,0,1
0.89674588005722833,-0.26002550993181361,-0.35809713875579624,0.34090702713072435,0.92185201896493152,0.18431292408068201,0.28218650827649316,-0.2873596863079092,0.91531152359824519,2.0371612009808242,9.913868118850754,-1.4851832697203309,,0.1414502148002741,0.5490196078431373,0,5
-0.87311925906331278,0.41161519928251761,-0.26121961483078521,-0.40333029627068984,-0.91088936005407217,-0.087208060696696538,-0.27383833106949812,0.02921474730156802,0.96133192341520424,2.1476487079059874,14.539381680523984,-2.1230825895562053,,0.08523371367159457,0.4,0,5
0.93402581595794454,0.17469458292429677,-0.31157274884206854,-0.15125695268659284,0.98361796777819011,0.098066445473817598,0.32360023082201683,-0.044469047221741255,0.94514834520890345,1.4769869424499191,2.375726419775432,-0.87869980038364159,0.1750583567810046,0.1581756499644533,0.6005089058524173,1,5
0.51034909271258966,0.80085742788117387,-0.31332281081177094,-0.8317580770999391,0.55223271591138423,0.056723263800225417,0.21845435391964679,0.23166011241620452,0.94795109977723169,-27.791485264968777,7.100239183075737,-13.565042151133662,,0.05738231742486717,0.3571428571428572,0,1
0.52575041203672124,-0.68364285299626093,-0.50618075209390501,0.84001805741247948,0.51099965931723101,0.18234311448102053,0.13400062486489672,-0.52106793964396558,0.84293062277450237,-19.499896018783712,13.908340061341267,-10.940681899953793,,0.397362966475619,0.2,0,1
0.60063684579153687,0.75858598507777564,-0.25255233659812704,-0.76092784349605713,0.63933105646415933,0.11065539857079412,0.24540618669877229,0.12571039529013611,0.96123498690276798,-4.1644108986731458,34.771108056118308,-6.574549442647486,,0.1092147991093715,0.4,0,1
-0.94604837556743604,0.068086377494997644,-0.31679128189681144,0.020923347428804008,-0.96279724392424593,-0.26941358656209191,-0.32334916826642685,-0.26150661997640701,0.90942817368384055,-14.30793556401356,-14.002600882961225,-5.6683887572786729,,0.3826311511120413,0.2,0,1
-0.88899163427137262,0.33095382856361277,-0.31648607797911388,-0.35991616716516339,-0.93228677981968966,0.036079257012475885,-0.28311521825690172,0.1459826138021954,0.94791078148675323,1.4664423025418212,-4.8173435361200205,-0.27326752330434201,,0.08742790590238247,0.3759398496240601,0,5
0.71484724416608136,-0.61122861238604209,-0.33969545317650968,0.66776995154604735,0.74086002327034006,0.072178374407174437,0.20754929371200007,-0.27843492834144651,0.93776184682420582,-9.8905555392014755,4.8572782438381816,-6.1330689912878364,0.2554915617983318,0.230708545003172,0.8173076923076923,1,5
-0.93961630460921985,-0.093636273968797784,-0.32917084972663507,0.12202590815250451,-0.99028831258455741,-0.066623837310584882,-0.31973563744454769,-0.10276821568788186,0.9419170961354606,-6.3731912749363806,-16.583020654000766,-2.1196450958027682,,0.09063937984168552,0.2666666666666667,0,4
-0.38398955332144202,-0.82193091020615316,-0.42069181331193412,0.8993699409082998,-0.43608141398142541,0.031091956685952771,-0.20901132105845363,-0.36641858471923128,0.90667066150932385,0.74477626050133272,3.9028509872989257,-1.2870555967198702,0.5473055010065518,0.3935077818852419,0.3082706766917293,1,5
0.55074704882039283,-0.73285526048288152,-0.39950075769414656,0.82331539665982811,0.55567227111615647,0.11567231620177558,0.13722042791982134,-0.39262131156520519,0.9094058829072531,-13.371376678827303,16.033648816811493,-8.7921996808289791,0.5461497954695683,0.5181995988391366,0.8062015503875969,1,5
0.94061142737151515,-0.069171282122763786,-0.33236347035679625,0.12179326886048822,0.98260616204400153,0.14018391481704545,0.31688569289003382,-0.17233822571515831,0.93267518118525761,-12.402948817555432,-16.592558591699984,-4.6202152578561098,,0.1396407360207912,0.1666666666666667,0,2
0.22883241940647917,0.92720887187209855,-0.29651211062998484,-0.96374739203236248,0.25871552649333279,0.065247534069094365,0.13721037926992716,0.27083202224432174,0.95279763200149403,-11.216747447735886,-10.605161916282258,-4.7004408679985659,0.345833134387543,0.353365580418301,0.9263803680981595,1,2
-0.43736782541265473,-0.8026296137220742,-0.40557994091197241,0.88356423526418049,-0.46749226489999746,-0.027662690048032602,-0.16740259094717938,-0.37045470092175092,0.91364089614527799,10.588549885019155,-18.614935885630551,4.1829365943208732,,0.1749717992344236,0.2105263157894737,0,4
-0.92721916209708732,0.18694065778376279,-0.32452706498433964,-0.18764344746923153,-0.98179619893776149,-0.029430602665002571,-0.3241212150752209,0.033606758527676826,0.94541843842788731,-2.3145673265022308,18.559075127386773,-4.3875672624356623,,0.1196249572845871,0.1739130434782609,0,4
-0.56761361642521757,-0.7300704030884867,-0.38054170465653359,0.78522397005832145,-0.61899694958632834,0.016312364901151951,-0.24746332919148631,-0.28955134766917401,0.92461987744609453,-17.976760260395846,5.608432523515309,-9.5638135383898835,0.151757490858719,0.1207008927934612,0.4666666666666667,1,3
0.89717207864281701,0.39282168994287536,-0.20192419670299458,-0.3501418729000127,0.9112226814360872,0.21696519001558112,0.2692265405672285,-0.12395299410199556,0.95506686944284291,2.5135644897591862,-22.645539619110597,1.5831942179786807,,0.4075105462953109,0.2777777777777778,0,4
-0.056611290280469469,-0.87441283984102336,-0.48186859965548401,0.9936604160798056,-0.096300100601197813,0.058010931213922846,-0.097129497727969957,-0.47552967956306991,0.87432109921112855,-0.79154901379566855,-3.6687118895560236,-1.1991827623133193,0.6143872365727139,0.4108338281185103,0.1693989071038251,1,5
-0.94459111462680501,0.083915286413638254,-0.31734185175329244,-0.098952913206089038,-0.99459219306238555,0.031538713787714633,-0.31297914808517169,0.061193089523836237,0.94778661029706956,-2.8221218250415459,-18.318876319202079,-0.57557416030252051,,0.09037542686366615,0.4210526315789473,0,4
0.50926590560071761,0.84871179405464214,-0.14260619911221678,-0.83229479582474231,0.52785689512557032,0.16927040825686027,0.21893745736107506,0.032486749621111907,0.97519792907046521,-8.4013992030052407,-19.32108796439093,-2.6039011323516563,,0.07858273148488665,0.1764705882352941,0,2
0.92489698659603248,-0.15846978599328418,-0.34561957570835167,0.22673433872245685,0.95957044545288106,0.1667815932813009,0.30521648682479219,-0.23261961899332967,0.92343435556065889,14.734065955900535,-19.849588904462827,5.6322208365903128,,0.208959170828594,0.1428571428571428,1,5
0.50519939370079392,0.81594198891525249,-0.28109116551284974,-0.83267925862541292,0.54644929081161209,0.089657263099642975,0.22675719362212707,0.18876398834658087,0.95548382081755256,7.0893671829707898,8.9935729591223428,0.59996704218440355,,0.09353545931723253,0.1739130434782609,0,5
-0.82402412083207832,-0.44613551803896323,-0.34920960443697308,0.49080008235003098,-0.87002367152997695,-0.046627139550932915,-0.28301859912755573,-0.20981399029046022,0.93588384002838276,-3.0787455231271119,-23.660210885688738,-0.37411057667219627,0.2318584501740673,0.1697640281354093,0.4615384615384616,1,5
0.8398069978726217,-0.31250956117379758,-0.44391663688032101,0.47671918737090913,0.81572937561416303,0.32760403256453824,0.25973644857161327,-0.48674773747300304,0.83403454205945082,4.1188427861478409,7.626402032873056,-0.3311278262034672,0.5734690896533716,0.3983324659039719,0.3333333333333333,1,5
0.6930634260530506,-0.58725001548131828,-0.41809150527701266,0.69282457826207822,0.7028397305219084,0.16127745334008581,0.19914113393164182,-0.40143957517549483,0.89397375591196038,0.81724966782537756,-17.540017006939717,0.53827703203772359,,0.09249022855982174,0.44,0,5
-0.037625560110350106,-0.92678280787820488,-0.37370836791243095,0.99714903809759592,-0.059298505077884839,0.046663509475467602,-0.065407285889428443,-0.37088719891217409,0.92637172486840269,-11.212785391182095,15.487588039741784,-7.7214838432638588,,0.08089879334498859,0.28,0,5
-0.94893864799279359,-0.042125090762526546,-0.31263544116727887,0.066152132665631483,-0.99558145754889127,-0.066644255030831739,-0.30844665290678541,-0.083922810445520468,0.94753238688581365,7.0815477889177014,17.940438992713876,-0.473475004707481,0.512275056402824,0.3684706508013958,0.2592592592592592,1,5
0.92217873560827712,-0.17322038413797317,-0.34580497120633014,0.23438649860714711,0.9615066544423353,0.14341521095681542,0.30765134302095887,-0.21330647430914756,0.9272815101980626,-13.626708973668766,6.383770921180755,-7.8706278789745587,0.4193838459354077,0.4065879638415356,0.9395973154362416,1,5
0.94261498651866626,0.17563373919258798,-0.28395382872510333,-0.071158397941379584,0.93660072181912724,0.34309702751598764,0.32621077479573174,-0.30320270042517783,0.89535169227630818,-8.4813238667387747,-8.3992241646129582,-3.7161748193932769,,0.2377398430267679,0.125,0,2
0.59040167542464972,-0.63848825211927651,-0.4937191646689843,0.79005441656239539,0.582274114826004,0.19175733121278138,0.16504508634316087,-0.50327885621121282,0.84821607645971553,-2.79456809951215,-14.024732536991621,-1.1733565031386002,0.08895878018725308,0.1406421174133119,0.2647058823529412,1,5
-0.70811528085974185,0.68938415621027072,-0.1527161883337278,-0.67570414381411859,-0.72436837114669939,-0.13680048579850462,-0.2049308640623923,0.0063204468616398822,0.97875604361153812,7.0586336976345594,22.570054328073041,-0.97132033433736831,,0.6383661172131618,0.4347826086956522,0,1
-0.27199123165674266,-0.85545811294451224,-0.44069511785276488,0.9448150237723143,-0.3243025185796522,0.046394474854396968,-0.18260706655540243,-0.40375647789268787,0.89645711877575163,-11.900970847619213,12.866875025578913,-7.7365558654126829,,0.3683469747123789,0.2857142857142857,0,5
-0.058305214418977833,-0.92403496773145222,-0.37783578493982095,0.99406898568962088,-0.088543078243662199,0.063142497457292557,-0.091800619069614772,-0.37191329863917261,0.92371702627685959,12.98183209356125,20.445871199148097,1.6040402415016208,,0.1883335723604345,0.4285714285714285,0,5
-0.71048731540596388,0.64457558501136591,-0.2823651711073476,-0.66776648826813756,-0.74414158507008032,-0.018472101001975629,-0.22202633130614369,0.17542980526878393,0.95912913188480031,8.7563908501269108,5.1800917036441199,1.7805129336571701,,0.08634495652147675,0.4,0,5
0.89379928706187628,0.33075170260200382,-0.30286324582814234,-0.31294570762889662,0.94371737154300495,0.10706309693172227,0.32122860788592794,-0.00091316692773734753,0.94700123949329196,-6.1631728015880869,3.0638207845304657,-4.2922558174655059,0.4683375111334241,0.3566845621064842,0.8790760869565217,1,5
-0.82730147529718834,-0.3654781215976603,-0.42661224971224337,0.46801019893259566,-0.8684513763242675,-0.16358074659188157,-0.31070681142544615,-0.33498947684058844,0.88951859325137261,-0.25920843823785478,14.257201597949548,-3.0050374363297085,,0.1548954608236521,0.2941176470588235,0,5
-0.78820175641584045,0.53828586276258195,-0.29830575108926033,-0.54139595113136163,-0.83697317817296146,-0.079789241866433658,-0.29262333345369623,0.098611505256714013,0.95112951575978999,-5.2335988680041554,-12.368633356153728,-2.1573725692535648,0.5450221126128932,0.1824947906798623,0.3333333333333333,1,5
0.24960321334957269,-0.77685207033300196,-0.57809955604973084,0.96778270183344195,0.22052551501863327,0.12151188936778698,0.033088939504470206,-0.58980450832889952,0.80686787272599614,-36.813725806495377,8.6326748790742069,-16.933481704900537,,0.4240569554801799,0.3043478260869565,0,1
0.38442853582440106,-0.82093420131206696,-0.42223422168273533,0.91957986902583544,0.38075011162337935,0.096965029681892162,0.081163817839807334,-0.42555421466001497,0.90128577324773274,-5.7151465366381879,17.824742685990334,-5.7356764957480886,,0.07285992980149647,0.16,0,4
0.94604576081517822,0.10723091033047429,-0.30577598060234978,-0.020995436602814371,0.96195897274084319,0.2723859879017983,0.32335214563303594,-0.2512697089445507,0.91230856801930382,-3.234149919167824,-14.849042322225728,-1.2215122548889974,,0.1969080050167893,0.3023255813953488,0,1
0.92194523636614001,0.2707504224517841,-0.27696784991035062,-0.19007689423412433,0.93933030216146574,0.28553346164601889,0.33747259951008124,-0.21060102607401845,0.91747449686434257,-5.6787225792482321,20.487618622593534,-6.1207195309464479,,0.641150966979339,0.3541666666666667,0,3
-0.94492410559625029,0.071861989490136766,-0.31930281729049653,-0.077937137565794706,-0.99693854555035399,0.0062720797186598528,-0.31787456213289411,0.03081218691469825,0.94763198124923831,2.0829622852877079,-8.3246687358438685,0.28282865148497438,,0.1330684927035439,0.5465116279069767,0,5
-0.75125753264971828,-0.56036653706201878,-0.34871401431284244,0.59627021470122865,-0.80276549638877137,0.0054211500475850041,-0.28297340987662922,-0.2038551003747735,0.9372135014787093,1.8683385081583197,11.846069678839692,-1.9495335149000594,0.4082810422781556,0.3625096869354989,0.8058252427184466,1,5
0.13238140286790767,-0.84684527227638851,-0.515100231991652,0.99115010442356088,0.11825033813188232,0.060318554631710798,0.0098302937844145493,-0.51852670360823705,0.85500492569884468,1.023543932796394,-18.826790618932023,0.76562687623958225,0.929389186546078,0.3828297234006737,0.3571428571428572,1,4
-0.42492435591991029,-0.78554934355029549,-0.44983499262923987,0.88768848438714054,-0.45895041628879613,-0.037063055389446022,-0.17733709829730962,-0.41506233777113505,0.89234231622816684,-17.691620298319975,-16.542480365641051,-6.7088878733686652,,0.3169688802956747,0.8846153846153846,0,2
0.92778940314461433,0.12316278096296661,-0.35218993852469527,-0.083305264781980554,0.98849717359687206,0.12622824822756276,0.36368538088870783,-0.087773955000691434,0.92737731078098518,4.1980119165161307,-13.160338732349167,1.5192308396610454,,0.2426701767866574,0.2,0,3
0.66659787065156229,-0.63375751927261992,-0.39242666271319965,0.72035960134662358,0.6830453615109332,0.12054492468010794,0.1916489592732965,-0.36304330441947918,0.91184989747526368,-1.789665938796253,-5.3154463187622651,-1.540811853783802,,0.07306760995153624,0.2517482517482518,0,7
-0.059076305836161837,0.94914205834680321,-0.30925611257652708,-0.99767389195653844,-0.045582134964426917,0.050686036345107072,0.034011695003998525,0.31153109323031963,0.94962707551631886,-11.957068512284016,2.842833802405448,-6.8289786878860887,,0.0725998330844447,0.3466666666666667,0,3
0.58852949267814214,0.79303962434101127,-0.15722973787765407,-0.77276695685633767,0.60895426618130455,0.17890201812887147,0.23762210890193478,0.016212832098554099,0.97122236250837035,-9.8150437284948708,6.5256741038406316,-6.2892621923937355,,0.117490178645426,0.2407407407407407,0,5
0.67943433480453141,-0.61463237433232076,-0.40074434382950086,0.70333310400730908,0.70115333854836981,0.11707493604490037,0.20902518866434883,-0.36140149455292542,0.90867894783512193,12.562055513725994,6.0157177488602098,3.1053104000200573,0.6853542155416686,0.5804539055536345,0.8982035928143712,1,4
0.11039683045643542,-0.89686544201882057,-0.42830470314667179,0.9937527618753107,0.092508505558687434,0.062430959182844796,-0.016370341791325134,-0.4325211616923314,0.90147515584066507,-11.85873702324958,10.990829154188024,-7.5070043084174252,,0.08165761512560643,0.3272727272727273,0,3
0.92993695542291854,-0.13194155112918682,-0.34323269952668745,0.20059100432152169,0.96431882896438892,0.17277860136612044,0.30818907820368391,-0.22952259843068548,0.92322200411688082,-6.3596714744178469,31.910141332355213,-7.2470823403455169,,0.2132726643332464,0.3,0,4
-0.43404490885877073,0.87882518390883924,-0.19816990997973696,-0.89111365035449785,-0.45113871057844523,-0.048890959997736176,-0.13236872457519527,0.15537103959623039,0.97894757817215294,-25.766740133623319,-0.52763897124796233,-11.831745417012757,,0.6220548214699343,0.5294117647058824,0,3
-0.90507523823332592,0.29629302900768179,-0.30503975822561397,-0.30949434076416299,-0.95088635628103801,-0.0053282711573400116,-0.29163687382058562,0.089585592591794841,0.95232471112962935,-5.5284974971975238,-15.977656439125433,-1.9155250091865199,0.1858490592526788,0.1111607948190159,0.25,1,5
-0.27665560734081235,-0.89294661410162324,-0.35511690932893153,0.94976314254191918,-0.31034477068050059,0.040448688237877325,-0.14632719499732014,-0.32608659536343082,0.93394640334898338,-8.923253077799739,7.5239437998074763,-5.9440145416747239,,0.08115270307497319,0.3098591549295774,0,4
0.30324854822421288,-0.86203577581612656,-0.40612145869554345,0.95149972976014974,0.29711303191055388,0.079825500532597751,0.051851540635441173,-0.41063142534638886,0.91032590331799534,-3.790867404369727,-2.5638978764657772,-2.6848366384153288,0.6424974234106247,0.5855799868283535,0.9778679454075987,1,5
0.072712522337050042,0.95238663229017051,-0.29609557870791348,-0.9947155080941541,0.09082691914259361,0.047869914518994743,0.072484115862546772,0.29105012179013945,0.9539580072275573,5.7142401152888063,-8.9655019588651861,1.7349680304817907,,0.08976507536676032,0.3,0,5
-0.94825696062693909,0.043155422125144567,-0.31455738135316613,-0.052274890011432346,-0.99842004935866724,0.020609243385673204,-0.3131709956187726,0.035986311006240244,0.94901470637883689,13.329018894681282,8.7017556295277192,2.9948403244117219,,0.1035263270364265,0.4285714285714285,0,5
-0.91085679858060664,-0.21949441384559437,-0.34951694489690777,0.25677607698710714,-0.96437958748619279,-0.063545712106109403,-0.32311907830798292,-0.14762863384364253,0.9347726181820154,-2.2696726090899952,-11.357149986199609,-1.0460974793343554,,0.06931475755076474,0.2903225806451613,0,5
0.51835351770517712,0.82263693481053068,-0.23361957145796702,-0.82898396743906777,0.55045096952122263,0.098940951491932036,0.20998860067073083,0.14238048896770009,0.96728102635669833,-8.4772941405540276,19.181746541263081,-7.1252376504238368,0.3696166351981722,0.4124852980123906,0.4137931034482759,1,5
-0.90655614481344249,-0.30001298724301523,-0.29689756446712673,0.32036703321993476,-0.94705567756993425,-0.021225164508441245,-0.27481069907637595,-0.11435799520836132,0.95467341463197708,-5.9913279376816595,-8.130816895501134,-2.8078100970820614,0.3219644392336411,0.1497537109679156,0.2788461538461539,1,7
-0.86922054784750558,0.3882786076889691,-0.30609698138138669,-0.40577381422985548,-0.91394631600385356,-0.0070528822716550924,-0.28249469178205122,0.11807562946729842,0.95197420912589004,-12.427733513932878,-20.339910345179504,-4.1162620496896301,0.2325036670222193,0.1893456377051608,0.7575757575757576,1,3
-0.38334669336268318,0.89186997796022249,-0.24002761320549956,-0.92231550055247302,-0.38338389784058624,0.048486124996738517,-0.048779402707879289,0.23996818391151531,0.96955445467579138,-16.943007318080138,-17.213744858462476,-6.2656065140780601,,0.276644004153541,0.88,0,2
0.38229750847321897,-0.84265881328840531,-0.37917639615691667,0.92051819888758657,0.38308861316327397,0.076742165602712825,0.080590697552037155,-0.37837711195580703,0.92213659542177373,11.319459946746878,-12.136504378258328,3.9379117015593876,0.323898476022295,0.2391485589469125,0.4117647058823529,1,2
-0.84474944044300271,-0.37330414867734468,-0.38346107423246689,0.42142621964923205,-0.90565867801456179,-0.04671509744262483,-0.32984590987822143,-0.20106310332131966,0.92237481764161866,-8.8813147968311572,2.665781426582075,-5.5022967668611713,0.7385136051261763,0.7680278610175144,0.5306490384615384,1,4
0.53136090179960838,0.78976802858368955,-0.30646705053845341,-0.81677255948263983,0.57361226432752099,0.06206090789886174,0.22480697968453717,0.21733713727774667,0.94985598416024597,-13.175259434762376,19.661767599176343,-9.1944027458196675,,0.8447773609802323,0.7115384615384616,0,1
0.36972151067164494,0.89948762897323309,-0.23286908311493296,-0.9125606156844277,0.39867208492807743,0.091069706273597062,0.17475447704804656,0.17883672448133406,0.96823462999856214,-0.22810103757474307,-14.227437703062742,-0.1292603745688061,,0.1159128549249113,0.2391304347826087,0,5
0.77408925153208663,0.58071453170789988,-0.25210407241012617,-0.55860434089233901,0.81392462197238491,0.15964930342268083,0.29790438230870503,0.017243619410851105,0.95443995965743411,-2.6257804535513833,-12.9273051852878,-1.0784327836583463,,0.3577349726377655,0.7304347826086957,0,5
-0.50401416015286515,0.84801561167898465,-0.16382688642015092,-0.85404835109032751,-0.51760769402144824,-0.05180433466122826,-0.12872894144401237,0.11380596398483539,0.98512794204417309,-10.088365574418741,-18.166258910946539,-3.4097324217751641,,0.3931590728864041,0.1,0,3
0.94609164892684139,0.11804283110247968,-0.30162307911730257,-0.055304454988325952,0.97642327106049853,0.20866004167056207,0.3191426155958107,-0.18073042288676225,0.93031419700756857,9.737201393272116,10.204064664602093,1.3803636564548154,,0.4469683961039476,0.3636363636363636,0,5
0.71486274687607998,-0.59876631964833082,-0.36117883047539978,0.6692465636053746,0.7355568564765953,0.10519100718533538,0.20268273293791406,-0.31691482348583999,0.9265444967316766,0.9563675010430317,-22.319595276177004,0.96114037476743708,,0.1086491551080935,0.2,0,6
-0.8230254947114668,0.48566148599962022,-0.29455382542344899,-0.50852733991572696,-0.86104500203814316,0.0012037538658578116,-0.2530394823208062,0.15077939342554636,0.95563413234618411,-10.936571480378641,-12.765445429076284,-4.41357199893109,,0.07820178848380736,0.2631578947368421,0,1
0.44850265395377192,-0.73103446006512285,-0.51423145332983888,0.88864705118703768,0.42630959332264373,0.16901641653302477,0.095664976940394206,-0.53277457600600386,0.84083260126413828,-7.4191234277487101,6.4620642675237523,-5.1480583825726605,,0.238513555017353,0.2638888888888889,0,5
0.93753544133377098,0.25586955314107146,-0.23570759007397257,-0.19901401439576027,0.95018546949172078,0.23987704275499522,0.28534315887572215,-0.17798411542097264,0.94175418042111092,-0.1177738706575835,-16.745341035563854,0.099571337428655704,,0.530230173635684,0.6097560975609756,0,3
0.60736792493212222,0.75354001360245404,-0.25155844582057307,-0.75368861298244594,0.64666782271324774,0.11736354514032395,0.25111287984539038,0.1183138832399715,0.96069982128052567,-4.1662620729496576,-17.571953522878186,-1.2413481116068019,,0.09277049360969244,0.2222222222222222,0,5
0.72776276891617453,0.62252084630717663,-0.28780053525394622,-0.62763163848193038,0.77369739031658225,0.086434221196211594,0.27647762758666139,0.11772911335054298,0.95378193383694621,-1.2736096022191326,-13.058677081024312,-0.54477670550739044,,0.07537959585717129,0.2962962962962963,0,5
0.35767283104299158,-0.75440356575662293,-0.55040476552023487,0.93107747139453778,0.33344604621260626,0.1480151226285146,0.071867156582443775,-0.56541046527180006,0.82167275576465426,-1.4558313371087674,-4.2040830312103399,-1.504836417304902,,0.1336604181621094,0.3195876288659794,0,1
-0.86382603920947165,-0.35924070415696757,-0.35320063768413906,0.39292256410403353,-0.91920243588834016,-0.026052648135134086,-0.31530371485535658,-0.16128545605152264,0.93518477803301747,-19.814069083821586,10.919516887285214,-10.744848311579506,,0.1486353062155835,0.5,0,1
0.82093367778108051,-0.39500102476769927,-0.41236159752976131,0.52095793847613225,0.81378232479327273,0.25760658802281183,0.23381771323731596,-0.42630097148203155,0.8738402363647193,18.499691474372572,1.4102590107841693,5.5622153409533208,,0.4808022888986665,0.3555555555555556,0,5
0.4271650192975065,-0.82179477457663375,-0.37707213469984902,0.89930953510092115,0.42935718692483277,0.083034728352411838,0.093661125154066632,-0.37457409749545451,0.92245424771114815,9.8519839186175933,-16.086778430419528,3.7632159071781857,0.5241941304687504,0.2359463151816905,0.2222222222222222,1,6
0.74362774092208417,0.62760776064468748,-0.23049139183422931,-0.60427971559093618,0.77842351132781673,0.17000841843100326,0.28611852134466326,0.012858296568163837,0.95810795631437606,2.4842537250873811,12.457395309423298,-1.7047824812092809,0.11652323289292,0.08273850041290401,0.2941176470588235,1,5
0.36772048229172377,0.92979012029758468,-0.016491788870405571,-0.9128490094951518,0.36429098459374243,0.18438753864467744,0.17744952174312226,-0.05274856150385155,0.9827152469013658,10.275323480423227,18.495154303127762,0.88058696957897098,,0.5503800521972203,0.2,0,2
-0.80207888015354345,0.51928606634556129,-0.2949770352264583,-0.54381553361989621,-0.83920370689700285,0.0013430279360076424,-0.24684840571765002,0.16149030816021928,0.95550339871973877,-17.577789331085278,4.4836437307570138,-9.1841905165319417,,0.07715734271428581,0.3333333333333333,0,2
0.91421829346026129,-0.2053675811337726,-0.34932659292111051,0.28035744820505187,0.94299395283845777,0.17933796627053553,0.29258266035183911,-0.26189036165801033,0.91967865329802934,0.74592957636595081,18.615062624284633,-3.1554314596501913,0.1508238741061625,0.151780926807272,0.4736842105263158,1,5
-0.27167758296987204,0.93121906068761562,-0.24294516237975128,-0.96137325173145827,-0.27419268079283748,0.024079963764906214,-0.044190064120007484,0.24010296710310053,0.96974110123339496,-12.401703859209512,17.669718286801778,-8.6639484466724781,,0.1327672160176075,0.1923076923076923,0,4
-0.36111613399411052,0.88443421079298901,-0.29558630642864892,-0.92923720943355281,-0.36786575042503983,0.034539807011134203,-0.078187891474906096,0.28714267610929217,0.95469143558717606,-5.5973226168479977,-9.1779063592267374,-2.4931127772152757,,0.07536392511720987,0.2033898305084746,0,4
0.40761855525220198,0.86955732296478716,-0.27877800396089325,-0.89222700003097943,0.4442453932054069,0.081098773304475708,0.19436587619699366,0.21567589734155629,0.95692518697967632,9.2594146531301309,-8.5151367740156783,3.0659108906312622,0.1976440134827762,0.1185445454973283,0.3043478260869565,1,5
-0.60457263082231039,-0.68503453156572014,-0.40647216955546406,0.75438325743703927,-0.65623736678485267,-0.016075426400725318,-0.25573000402626372,-0.31635456215742846,0.9135217326604278,-11.177346720861111,-14.502429216420355,-4.4850848606901499,0.1679600422459806,0.09473161708446592,0.3793103448275862,1,4
-0.9397710628472441,-0.06267473135558968,-0.33600926696218741,0.11824841393888387,-0.98195852661975591,-0.14756274800808269,-0.32069870912727466,-0.17840776341926157,0.93022739581020564,-3.9986836348962771,1.4056023571238321,-3.192716031865094,,0.2859592587951469,0.1996634885025238,0,4
0.43458698823139025,-0.82185338977246558,-0.3683628040118575,0.89442882420417313,0.44175708173466027,0.069625851305515782,0.10550463540864302,-0.35973279869478864,0.92707124076335412,20.693623051371119,-0.74002962648372095,6.4777732396040975,,0.0729294445235581,0.3181818181818182,0,5
0.91132498577105947,-0.20210495618524438,-0.35866468601569745,0.27507454631549833,0.94711674943068036,0.1652387875687312,0.30630175363308182,-0.24924576151505981,0.91872508732921665,-8.4944010230739018,9.7933395925290245,-5.9725950595535631,,0.07286118320844975,0.2068965517241379,0,5
0.67361725919462057,-0.62112523955874355,-0.40055364796518883,0.71211340670957868,0.69051690524690268,0.1268104867616143,0.19782387140991109,-0.37066135535193434,0.90745571547545045,-19.452914108396282,11.940811491229127,-10.817850968584757,0.3434954844723755,0.2691031770760418,0.5,1,5
0.92659755942433486,0.19641485741302317,-0.320683904579395,-0.17534226403165329,0.9800456986587659,0.093624350383346544,0.33267409474306647,-0.030522652700435922,0.94254777828978442,7.751112018860252,-17.259024810624727,3.1141766009213012,0.226839585800416,0.2664924193463033,0.6511627906976745,1,5
-0.72862547705431102,-0.57615117008134509,-0.37034408784436379,0.6220004106070981,-0.78299675575226546,-0.0056186907751681657,-0.28674100402973074,-0.23444809595158328,0.92887764905432946,-1.5338852620870551,23.647496217019988,-4.7052885534643316,,0.1702287736764995,0.7142857142857143,0,5
-0.94620167996514926,0.0017355093798506578,-0.32357281844790747,0.01642794362273526,-0.99843836587485701,-0.05339430884910662,-0.32316018241648881,-0.055837420752914507,0.94469554828219882,9.8077716515835007,25.105572728059649,0.081750526736057927,,0.2306797141121582,0.5294117647058824,0,1
-0.88068955116681058,0.3382799643867902,-0.33159098323095865,-0.33505850449144697,-0.93968623589862821,-0.068742829666972621,-0.33484580486181553,0.050561287138870918,0.94091542829805042,3.2601006774581323,-16.083068077071825,1.3370698793425999,,0.1558094932015054,0.2592592592592592,0,2
-0.012879773008878097,-0.93850229696908261,-0.34503267965657392,0.99771567117099136,-0.034946389923660094,0.057811671236195475,-0.066314032806474812,-0.34349991035669825,0.93680855068572166,-7.1049379148078362,14.121814643994433,-5.8936293210541102,,0.07635242518886057,0.25,0,5
-0.90808375915455919,-0.24174342083340566,-0.34197076606559296,0.26858598800728034,-0.96270156907583027,-0.03266888343804001,-0.32131830543229034,-0.12151463855313134,0.93914255531917223,-11.989489976047267,-24.247350477547641,-3.6008963165879102,,0.137540902293078,0.4666666666666667,0,3
0.78523810683514106,-0.49456030017642089,-0.37257378472374081,0.57125278780412847,0.81077251423425345,0.12774264201228383,0.23889614479931476,-0.31314220356201711,0.91916842436429969,-6.8525219394835126,1.4902011605796561,-4.4194413907565062,0.4734759821119567,0.3767953227016837,0.898059848733969,1,5
0.86673568122619316,0.38495255016123725,-0.31714475088471461,-0.35496519559309386,0.92277214577511579,0.14997092017836405,0.35038403046789129,-0.017409799135797589,0.93644430164699466,-8.1277069895198988,16.609314246761258,-6.6326781404495518,,0.3068228076807797,0.4705882352941176,0,5
0.055209837979867275,0.95774931923874262,-0.28225540789852321,-0.99611413672288829,0.072259915121766258,0.050350087263179341,0.068618513617328111,0.278378781814132,0.95801709453674566,-0.26897447842175437,-7.9525599127347331,-0.56866373595593711,,0.07332189984217118,0.3181818181818182,0,5
-0.88666236234658646,0.40434747264539433,-0.22435012048861075,-0.3681947339756631,-0.91085494489357666,-0.18648299449416664,-0.279754344149582,-0.082742919504951246,0.95649940731881056,10.717316138283918,-16.572731618264516,4.1129276296248598,0.6632132443270152,0.574910691940411,0.1904761904761905,1,4
0.94496071395279291,0.0084310056984522597,-0.32707517060874863,0.02833614962021697,0.99380293794401531,0.10748387394649157,0.32595446263324901,-0.11083608923431608,0.93886583152903902,-29.166519405706332,5.529507545812697,-14.016549332009975,0.4711814130967061,0.380208709103782,0.8526315789473684,1,3
0.87013116477582109,-0.31033255839925206,-0.38283868571925433,0.41185605701808919,0.88452113902936891,0.21908204606424939,0.27064061850244059,-0.34830454749767537,0.89746175283911345,-9.8356411600135729,16.003635395907736,-7.3030436351456851,,0.1327639048431883,0.4375,0,5
-0.379275695722888,0.90844680747749074,-0.17571096897426242,-0.9218023176509802,-0.38743085193719112,-0.013334996831773147,-0.080189985703954664,0.15691313823634145,0.98435147850837412,-5.930547265102919,4.4178954174605858,-4.4019344212924363,0.2464118735885322,0.1705148489001516,0.5458333333333333,1,5
0.87547541504074267,0.37239596068421693,-0.30800007487875619,-0.36123001628526785,0.92764385170313479,0.094814343492522699,0.32102285431692468,0.02825124534338504,0.94664998502232223,-2.1242324602961866,13.389391286491627,-3.6577551839290483,0.658573236168846,0.6167395079535452,0.9014778325123153,1,5
0.81716463478026535,0.49804871108644838,-0.29015416772737285,-0.46381342606417325,0.8670334283802702,0.18201686700349948,0.34222662881057436,-0.014160348028331124,0.93951073388049533,8.4614156052541496,-20.522115638462783,3.5550499571962102,,0.2107423580801702,0.1764705882352941,0,3
-0.65795653990905745,-0.66755582440847783,-0.34851458059774226,0.70636547783657178,-0.70751585904100089,0.021659199574038251,-0.26103831770760039,-0.23192785624800255,0.93705307543628158,2.6262853053905162,-17.344299424368977,1.144625989915975,,0.07681973685917318,0.4,1,5
-0.38371121759501747,0.88801109100501252,-0.25338114322860467,-0.91970145281329208,-0.39219341863105428,0.0182636271207102,-0.083156113334300868,0.24004296414302995,0.96719410470730183,20.394056363941626,-2.0377161043326009,6.4336918616461816,,0.162366261167513,0.4761904761904762,0,5
-0.015556969696120481,0.99986650890213624,-0.0049945039522402007,-0.99916818012856368,-0.015357402045361946,0.037776950922372009,0.037695205430507715,0.0055780443053159955,0.99927371470947857,16.277466981700677,-8.7588240307260552,5.5123182724610631,,0.3828419557482305,0.1764705882352941,0,3
