axis_00,axis_01,axis_02,axis_10,axis_11,axis_12,axis_20,axis_21,axis_22,location_x,location_y,location_z,dbh,dbh_approximation,score,reconstructed,number_clusters
0.91325026416335964,-0.39569872232682374,-0.096935422599140272,0.40324976651575772,0.91186032037825659,0.07681394355617617,0.057996386185190069,-0.10923954077431673,0.99232209585440323,-14.674897486729334,1.0539641081652122,-5.4664339908926349,,0.09138301835202504,0.25,0,2
0.91555245046846812,0.40141430327231364,0.025105130343955572,-0.40162067433949461,0.9157991054087028,0.0035822445073322808,-0.021553291727101527,-0.013362472114985582,0.99967839826351312,-11.374491172661092,2.6327867252939225,-5.1610125289581408,,0.1461724827556526,0.4336283185840708,0,3
0.62078010233505498,-0.77138245977596809,-0.14000416170548988,0.77888673996187696,0.62716176960881587,-0.001887075170679397,0.089260914494754567,-0.10787592637431592,0.9901491168770713,-11.333245324151827,5.9614922587931414,-4.8907139939902251,,0.1968210742887732,0.3255813953488372,1,5
-0.49674964669140481,-0.86449817389757211,-0.076698734277227634,0.86438978281188661,-0.48487502998946319,-0.13314093533972937,0.077910794389386112,-0.13243531485401305,0.98812488861334435,2.7753811157789321,17.241243284238745,-3.0748854631223472,,0.1706560113580461,0.3666666666666666,0,5
0.91050909739992436,0.40799255372039539,0.067195681860402909,-0.41292484373793314,0.90566636137565704,0.096236766864751674,-0.021592984415723007,-0.11537121816678279,0.99308772273285806,-7.6235405126888232,-15.030572506291653,-6.3772950630141896,,0.5189345089356001,0.4299065420560748,0,4
0.37459642821177291,0.89963064712414109,0.22437070826197653,-0.91697072377539646,0.39528353561824292,-0.053996464772864676,-0.13726692139699154,-0.18551448790900499,0.97300676619746651,-14.153207314166929,-16.332164974867325,-6.7858092234744918,,0.3083850705172716,0.1904761904761905,0,2
-0.94234056498875907,-0.33168355659281923,-0.04450031306185908,0.33077289665121895,-0.90294014114317489,-0.27438730355704233,0.050828637770722815,-0.27328578411304272,0.9605890535416749,-15.124853413521787,7.2074181253492311,-5.0981693507076136,,0.4620145869241998,0.4727272727272727,0,2
0.98284649107159905,0.18428148989635304,0.0072874872093583263,-0.18442506552110691,0.98216481849752357,0.036601427748969885,-0.00041254791436855302,-0.037317580137355748,0.9993033713627264,-6.1030260224583746,9.2514394397779949,-4.3096223053489426,,0.1260598022218051,0.2580645161290323,0,1
0.99118466192846599,0.13238624146498895,0.005181604821622156,-0.13235566690998729,0.98769497802209816,0.083310310446791991,0.0059112938149208996,-0.083261716657188692,0.9965101821580814,1.8296076871266613,-5.5791538780779772,-5.1184611397416582,,0.1014281692064979,0.3580246913580247,0,5
0.99840182246891462,-0.03478492982113459,-0.044539976965508536,0.038136981693535472,0.99631955413786588,0.076765335079257299,0.041705773198158436,-0.078341270731731458,0.9960538508444613,-6.4628694200478938,11.869275236948837,-4.113350349250589,0.6029047916775748,0.2760799566346011,0.4736842105263158,1,8
-0.62462536804852331,0.75104221118148273,0.21395968455266784,-0.7755954483636972,-0.56467100423055172,-0.2821318086617976,-0.09107606748078044,-0.34217284229595224,0.93521275436520146,-2.1425514419529366,14.304961982120007,-3.6217403337019727,,0.503331459566979,0.2916666666666667,0,1
0.17920700295455194,-0.96031245522677844,-0.21374011890228681,0.97926765359677148,0.19497496090987931,-0.054951134995237093,0.094444230692620632,-0.19946115650548984,0.97534380314552216,-12.501574553600934,8.3181556345884147,-4.8358528245644798,,0.2997391606784557,0.1875,0,3
0.45531670147862735,0.8894281515609197,0.040053271596053833,-0.88657687449123079,0.45706463620640814,-0.071227550476367515,-0.081658722571334524,-0.0030792110074756916,0.99665559321542374,3.6830292364933381,10.418029517503507,-3.6189083075782795,,0.09087023144449777,0.25,0,5
0.91761416656334838,-0.38418626181575832,-0.10190759321211058,0.39467217286576617,0.91107307980840535,0.11907862618388759,0.047096892547875878,-0.14948832556578073,0.98764119154269403,-7.5786475212974755,-17.561865351111319,-6.6172390614037235,,0.4989220281687615,0.6904761904761905,0,4
0.99335807467374548,0.11413188379129842,0.014616722707860394,-0.1131521931984386,0.99199974873471264,-0.055973919682739397,-0.020888194150096351,0.05394823085622108,0.99832523344480828,19.327293235596287,2.5691966305301999,-3.6509558197765895,,0.2326205899670745,0.8536585365853658,0,5
0.49578774080299448,-0.83705754828970913,-0.23136373294162771,0.86294271860444449,0.50478114413592179,0.022931657864206024,0.097592932515801881,-0.21102288353648271,0.97259701940059162,-19.646729722599954,8.8961363266325026,-5.4791865774495809,,0.2339204763415359,0.1363636363636364,0,1
0.25158940782409334,0.96062483044867986,0.117909732406481,-0.96573797159992969,0.25718823691643405,-0.034704192857214697,-0.063662705572231526,-0.10513869847616558,0.99241771145116187,0.63895887944397911,-14.183158360569713,-5.9598804285871037,,0.26549735675627,0.2,1,5
0.99637030586277653,0.084385702238171115,-0.011192267540107758,-0.084609705339846394,0.99618578300858518,-0.021332686044610864,0.0093494041105828974,0.022202229377796777,0.99970978271368038,2.6440881303640515,-15.581084094125517,-6.0172749721997079,,0.07860692909877105,0.125,0,5
0.78245455824659782,-0.62054676354811578,-0.051832215166658611,0.61781225475901436,0.78402600468945927,-0.06009360898023635,0.077928699133931315,0.014997940546806893,0.99684611632420461,-19.062593011512412,7.9037617462629086,-5.4868623235271876,,0.07777659073532164,0.3684210526315789,0,2
0.48924734310555307,0.86772382694283978,0.087706313454802093,-0.86796489810484512,0.49426828895988878,-0.04833005469179396,-0.085287589495804797,-0.052480650570842537,0.99497327019054027,-14.321647999782195,10.436433724174876,-4.8437382894033902,,0.4626647615417553,0.1509433962264151,0,3
0.21882726514898071,0.96623214718823691,0.13605170255247806,-0.97382586500084878,0.22504223432776371,-0.031924558322980183,-0.061463913662955227,-0.12550470313409823,0.99018723320817226,-17.883254386852389,9.2772438631808036,-5.2993559302701101,,0.2016658366610419,0.2307692307692308,0,2
0.33853293873562368,-0.9205709844659411,-0.19479351105832746,0.93459805577838151,0.3529841179179426,-0.043916814922777103,0.10918756122513212,-0.1671863482976412,0.97986060305362199,-13.591230011692778,-13.208925275209772,-6.4829611415840587,,0.2910007905888506,0.2058823529411765,0,3
0.085527453369833348,-0.98583283088834317,-0.14428681250463005,0.98852403963517455,0.1020613616439945,-0.11137190634414863,0.12452019026417775,-0.1331056272366013,0.98324850074359305,-10.447717470003477,1.1035027216965123,-5.2205233683280365,0.7747441138263007,0.2496650488757981,0.3224893917963225,1,4
-0.10038293877087341,0.99494877856742614,0.00044003512440957864,-0.9895900647303667,-0.099796424280079607,-0.10369270701384807,-0.10312501825780436,-0.010844433046405338,0.99460928453399722,-28.897447098587573,14.917000854077825,-5.8097831665239301,,0.3629051226215736,0.7777777777777778,0,1
0.98627617624222796,0.16267019633036003,0.028243785207573403,-0.16494404099609758,0.97832341055423333,0.12520689957590339,-0.0072641253353065626,-0.12814722621802951,0.99172855202204258,-20.225801141228999,-12.681603115651976,-6.6952552765942572,,0.2146365452206965,0.1666666666666667,0,3
0.044593201187424526,0.99731371266460245,0.058110282558286666,-0.99576568400622223,0.049053982942212075,-0.077745799327841411,-0.080387492581108042,-0.054397291188543632,0.99527824539063958,5.830346878588256,4.927340004670504,-4.0083294734595833,,0.1691465539938416,0.203125,1,5
0.11783798102044732,-0.96898791695736708,-0.21720181173196274,0.99020349432762256,0.13115640353179972,-0.047906551054833081,0.074908277582589777,-0.20942878169732532,0.97495042712251945,-17.104807692276157,-12.187462419565364,-6.5510759722177001,,0.2141533420234738,0.3414634146341464,0,4
0.90942416444051266,-0.41443975650200054,-0.034458342418638224,0.41187124737935604,0.90904545379221158,-0.063233207430018062,0.057530554611015521,0.043313406357348254,0.99740372172750302,13.7351779365175,0.87674899927840688,-4.0534449450297139,,0.08012432100668074,0.1739130434782609,0,5
-0.27019736906074804,0.92241013154225304,0.27595820513413449,-0.95727881205778498,-0.22671073842325573,-0.17949795839735297,-0.1030080469569523,-0.31266881889914327,0.94426032001261628,-20.928915569413487,11.827980564068662,-5.3297739612366222,,0.5767763700539965,0.3809523809523809,0,1
0.90174777810236051,0.43220030957581035,0.0073373762360554144,-0.43141849525798942,0.90091751403827858,-0.047177482429862194,-0.027000493269344394,0.039376710142690653,0.99885957374475309,-12.500089242991407,-0.52828391413049747,-5.4573621717586649,,0.08031614159107714,0.3720930232558139,0,2
0.64343506266469808,-0.76098260063584022,-0.083046984672477273,0.75989081100104316,0.64805983317051186,-0.050837072960453519,0.092505543022319489,-0.030396285307960687,0.99524810492139282,2.7140052204332465,-3.6386092534298027,-4.913886735087079,,0.1617399631219591,0.2608695652173913,0,5
-0.83626006940109954,0.5474917363810875,0.030362722534219871,-0.54129966803438501,-0.81542654722644792,-0.20512000259413568,-0.08754293638628291,-0.18796899923331892,0.97826575612973987,4.2286011873471248,-11.475035872540774,-5.5728450645236602,,0.566628553154591,0.8295454545454546,0,3
-0.75487542889764481,-0.61669646695292124,-0.22326789848605821,0.65471273034969746,-0.68834228326977853,-0.31230776772439067,0.038914361932846836,-0.38192979552626166,0.9233717039874173,8.0219871664030578,-8.8669984490414215,-5.1763536707394282,,0.3423300914225824,0.1346153846153846,0,2
0.50965897810841343,-0.85591819049990114,-0.087474437436671326,0.85528950263511205,0.51505980994253031,-0.056508927296020132,0.093421585919261738,-0.04601568594880457,0.99456269984902923,-0.08194386811234354,-9.0071391833961254,-5.5212941099552593,,0.5106964588470351,0.6702586206896551,1,5
0.93002441294845173,-0.35922806199980944,-0.077522840452015088,0.36341274165702298,0.93035635287590157,0.048664523677692667,0.054642204578635813,-0.07343198305446888,0.99580217580776265,-16.791169319233621,-23.338986592794765,-7.5490454251537269,,0.1636017882184308,0.4,0,1
0.4877920871739802,-0.86791364784380487,-0.093727154960086045,0.86879402933170935,0.49313465691444003,-0.044890363636876374,0.085181067661924834,-0.059532428443139752,0.99458537877632058,-17.541483166216914,2.5946044098326637,-5.5444244060344676,,0.1730774907224807,0.4363636363636363,1,2
-0.99810840008555735,-0.054196346190913014,-0.029023744386329795,0.058593884719986333,-0.98150974056760609,-0.18222345031397788,-0.018611242625608093,-0.18357937038366948,0.98282869128727868,0.039984605646207171,5.3651273234201851,-4.2679628430194558,,0.1087957953772357,0.1911764705882353,0,5
-0.68982545668879114,0.71816765395199944,0.091520817966092002,-0.71979504845741105,-0.66677410171033369,-0.19315119855846583,-0.077691231939614289,-0.19911684535834609,0.97689127049751345,4.4924042967821434,3.4598332332803099,-4.1999465701928562,,0.619762793814414,0.55,1,4
0.87508254368856808,-0.48289749172876617,-0.032257622566034663,0.47917826369387467,0.87384463747333807,-0.082363469829864741,0.067961263487887877,0.0566176831136498,0.99608016977750002,-12.456086288533241,-2.0228115128560344,-5.557106866393724,,0.06612329898415545,0.225,0,2
0.9897021388488344,-0.14004856733603172,-0.02959856660662892,0.1379766097971197,0.98841700330246518,-0.063200338064504133,0.038106843308459246,0.058465599883172285,0.99756184877097442,-7.3990056978512442,-19.769064222326833,-6.7930283137174774,,0.2872562094302049,0.8617021276595744,1,5
0.97616836470884349,-0.2155218286074454,-0.025409941663974322,0.21662575919000879,0.97472268833508346,0.05467139380134426,0.012984767884563231,-0.058872932987343633,0.99818103246077206,-8.2819969308439436,3.0841530201318785,-4.9455210321916621,,0.209774280045833,0.5964912280701754,1,5
0.58392093401924539,-0.78353188493859272,-0.21240086652052306,0.80716358836720747,0.58830900019854282,0.048779728367074927,0.086736868909746287,-0.19992575014231706,0.97596434873501714,-25.790096011783902,6.09515801766059,-5.9825780579697412,,0.2536961605173502,0.375,0,2
-0.34263305422790064,0.93819051374071138,0.049001531378123742,-0.93344038455691281,-0.33407124696613338,-0.13071132479145142,-0.10626212226708087,-0.090526028728943525,0.99020876561150628,-10.686486468940023,13.838686297386431,-4.2780877063624274,,0.3025214833313983,0.6825396825396826,1,5
0.14990882935677396,0.98865119710060922,0.0098057815810660628,-0.98423059850955086,0.15016580044703623,-0.093489899634310675,-0.093901394230406582,0.00436381113647521,0.99557193879395367,-9.136621469785565,1.7135387166011555,-5.0966833878821971,,0.143516876298634,0.5260663507109005,1,5
0.6273026520428705,0.77538165633126577,0.072626921764345334,-0.77317961688740855,0.63124059834358692,-0.061062157124283548,-0.093191538080565184,-0.017849202441946752,0.99548819340179251,-0.16978979929603416,2.6874699477710897,-4.5111766353407026,,0.1019342716466525,0.2523364485981308,0,6
0.091012795179025413,0.99278362553017308,0.078085491564481052,-0.99101240039195782,0.098010989989736064,-0.091039925914965861,-0.098036184049928102,-0.069097892300689884,0.99278113796371625,-6.3796831137752674,17.28595923680442,-3.715848637100378,,0.104132474927979,0.3157894736842105,0,4
0.18857342843016231,0.98197290701328399,0.013010456639741583,-0.97751981563259349,0.18895763814807226,-0.093541547085361276,-0.094313690075805687,0.0049214710587719979,0.99553036467347489,-1.0800912368762603,-4.0772848803107191,-5.1271400853892741,,0.1024061324325016,0.4714828897338403,0,5
0.84691834603202143,-0.52389007149370326,-0.090931337528418144,0.52135109238228405,0.85177798968173157,-0.051645859132623352,0.10451006471237079,-0.0036673265562188061,0.99451706726920741,-18.77532111583799,3.5121003574440532,-5.5849931842621601,0.8404612388734887,0.5306248540650427,0.970873786407767,1,4
0.98890126777159593,0.14853474837733313,-0.0034221519857143543,-0.14853587742695851,0.98890701647173995,-7.6746116995802383e-05,0.0033727906449287056,0.00058420668028021474,0.99999414147574917,-23.452043716918261,-15.714177833401003,-7.1413610469701423,,0.07797217668444192,0.2142857142857143,0,1
-0.58094397590131142,0.78734627026970705,0.2063733208444303,-0.80854078872789248,-0.52906521562898712,-0.2575884131220415,-0.093626330843703115,-0.31650568447317828,0.94395882424442135,-16.745262479791595,14.44002777230142,-4.9029592360712462,,0.3601943046995094,0.2142857142857143,0,1
0.040003226572757351,0.97662330624045346,0.21120288722395228,-0.99660500846627398,0.054220311273329734,-0.061956556919836897,-0.071959703749434653,-0.20800739302579632,0.97547666578084014,-11.1134221154608,20.077857054055372,-4.0174546836870846,,0.4097413437514649,0.375,0,4
0.84128361493967196,-0.53697794332419913,-0.06242249287998243,0.53596036016609272,0.84357961938804626,-0.033465177180944529,0.070628404800552116,-0.0053022765330390589,0.99748860359349312,-6.680651726729943,-14.301035966047568,-6.2802040835354811,,0.05589218692523872,0.4444444444444444,0,1
0.72775711304542967,-0.68280885916988232,-0.06435562330446136,0.68195575325083491,0.73041405685698568,-0.037837232375094114,0.072841849371555328,-0.016351372567593336,0.99720945522758009,-15.797301054299531,11.314944923263578,-4.9674821355145866,,0.1728451402595129,0.2777777777777778,0,4
0.81241531247408871,-0.56495514187152784,-0.14424648255867503,0.57831062100709962,0.81229938514456568,0.075673869493655579,0.074418987415922455,-0.14489788323740879,0.98664401774160992,-22.100718660752666,9.0471973113298993,-5.5785383860950315,,0.4554350979149432,0.2857142857142857,0,1
0.66408867734742605,-0.74092492297122858,-0.10008240174489159,0.74240678226420598,0.66932450389136566,-0.028928846134716024,0.088421706990166854,-0.055090534673907676,0.99455851246786309,-17.565167289312654,-1.1048365829580638,-5.7726978757077596,,0.0932436825865971,0.3043478260869565,0,1
-0.93010637777055793,0.36667481068926994,0.021253452343567222,-0.36406143264203816,-0.91272921307950561,-0.18543100294690107,-0.048594231068709567,-0.18020812078609219,0.98242741915603415,7.6356094960731387,11.905547972015944,-3.2967382326391159,,0.5735773004627113,0.5,1,5
-0.99606074318052096,-0.083382548231549239,-0.030171949640069758,0.088342833177880775,-0.96249349090975345,-0.25651866166511755,-0.0076511254580398846,-0.2581736442915335,0.96606823241034856,11.828895333995099,11.562461977612992,-3.1411629427379744,,0.2374958747586255,0.1153846153846154,1,4
0.47018618332510631,0.87891292591073789,0.080231051826547661,-0.87823020456405876,0.47493952347547136,-0.05607278156345024,-0.087387990030322174,-0.044096685906277501,0.99519788056975966,-11.607361366328881,-2.7006206938987751,-5.5836858707228112,,0.3723213356687585,0.959412780656304,1,4
0.76159993882080612,0.64685827008522434,0.039241707537966491,-0.64619182215373072,0.76260475578579245,-0.029497719141203436,-0.049006756368747094,-0.0028922094050884833,0.99879425957249646,-5.2978900566840599,-14.704838115117472,-6.2560727296490413,,0.1030863959640163,0.2580645161290323,0,2
0.85695634413459698,-0.49907994283193324,-0.12862750448617319,0.51072350752506868,0.85583167807985849,0.081936790615112026,0.06919048423560395,-0.13590934279102324,0.98830224498042818,-6.0536507411129001,7.1742352933592954,-4.4807233759844562,,0.08661686080129941,0.34,0,5
-0.74127736364645036,0.67084571203655807,0.021769262448033583,-0.66577487093376209,-0.73078534761420022,-0.15065389787697064,-0.085156863366968316,-0.12616975213796511,0.98834685321851634,3.7069676520061106,-15.513459234218542,-5.9716759638792549,,0.1260528742040144,0.1428571428571428,0,4
0.64035094730904529,-0.75869272493676265,-0.11973309236981945,0.76329447663598859,0.64595841436865786,-0.010921027576332874,0.085628302665662098,-0.084398317722336788,0.99274604897135621,12.879806765372678,15.397948382880625,-2.7207998650104526,,0.2015107577667115,0.4,0,5
-0.057164422883046323,-0.98158446449334125,-0.18227497859489319,0.9934415651577162,-0.037817379207436851,-0.10790598892956711,0.099025680373503039,-0.18724792360718298,0.97730861539810598,-24.030559542880784,-22.684669777193996,-7.776416885900816,,0.1800523084516074,0.25,0,2
0.91067593785945489,0.41184747143396422,0.032419075823535891,-0.4123590702560237,0.91095744457642547,0.010794968660296347,-0.025086517920785673,-0.023199018174031548,0.99941606559749219,-11.182189505399048,-21.169123891756659,-7.0955046880170816,,0.07603405375240022,0.3,0,1
-0.59674544026978282,0.80133152454572754,0.041984131364638383,-0.79738254493569427,-0.58631953107040613,-0.14286526700795585,-0.089866326002004573,-0.11873161017437255,0.98885127708685383,-6.8047268092685025,-0.68833748598808941,-5.1645239505601124,,0.1141354221451374,0.3505376344086021,0,3
0.99823527042768589,-0.049192206345796921,-0.033263669505890922,0.054188979752404609,0.98370244663447715,0.17144401698145448,0.024287843616881521,-0.17294398896803634,0.98463215331019183,-17.815395267349903,0.89298562424666494,-5.6546181927638521,,0.3407151923429358,0.5789473684210527,0,1
0.72467665771481016,-0.68833583760534545,-0.032210501881217254,0.68400838724873558,0.72421306327439183,-0.08745264522074718,0.083524056035828007,0.041342637202646346,0.99564778833303003,1.814258106767477,3.9985055413471007,-4.2791204890235806,,0.07565439376506042,0.28,0,5
-0.82723189778827699,0.55862023784491055,0.060256262344257558,-0.54651373401699177,-0.77510171661683114,-0.31708053776358608,-0.13042287304153855,-0.29523000993756648,0.94648249609797508,-4.2162418017349452,-11.83860194305699,-5.9499147932628222,,0.6629551413650119,0.4329268292682927,0,4
0.74781809938536892,-0.66200237199997736,-0.05020905992008956,0.65903271201085534,0.74934982755290047,-0.064426085136815081,0.080274371571956396,0.015089579611200849,0.99665858239212768,-12.394930092085854,1.7912205153774865,-5.2679365364382731,,0.09033228869182741,0.3535353535353535,0,4
-0.85469941871260291,0.51757897625723226,0.040011335754436085,-0.5115200107758,-0.82653307239211526,-0.23492628379552652,-0.088522213191178062,-0.22125795709661175,0.97118934003270929,-19.796105280523705,22.283640631603813,-4.5474335596346531,,0.3414892472086486,0.5263157894736842,0,2
-0.40036144994961254,0.91542853660936907,0.041246863583457874,-0.90539456950161479,-0.38822915130988983,-0.17186855323237049,-0.14132014333147777,-0.10615422947029068,0.98425601174406796,-7.1062915717145518,-9.9118539693991661,-5.9222356399901122,,0.2211369661997632,0.6751054852320675,1,3
-0.95329924398570909,0.29787050302629176,0.049937108878476889,-0.30055212388617297,-0.91926425029928138,-0.25420790496995177,-0.029815637571372622,-0.25734490775720709,0.96585952716098844,-9.5800872958861643,-16.274272970443132,-6.5870556530618067,,0.2287218695722861,0.2307692307692308,0,3
0.65685048383705591,0.75139358452969918,0.062889768727789577,-0.75153439039301007,0.65917118491003324,-0.02625659994952053,-0.061184164124647576,-0.030017163622038146,0.99767503123434709,-1.9916172356499435,7.1963264775515174,-4.2128179534402994,0.7681479000633675,0.9113861446756975,0.5613207547169812,1,3
-0.079122607482354307,0.98913847659148391,0.12387367400490694,-0.99307889579138064,-0.067391437678613317,-0.096190960393293168,-0.086798155043571135,-0.13062721100096347,0.98762473238935444,5.2870552144311711,-7.6976850474493057,-5.1865647513068396,,0.1909430596794719,0.2857142857142857,0,8
0.90369806101065464,0.4275188908381396,0.023609584962703212,-0.42770541099865905,0.90391230465411676,0.0032598922302292592,-0.019947328845044764,-0.013043905527542596,0.99971593995521402,-15.595551419672873,4.5811387021980252,-5.280530202494087,,0.2153948721233133,0.2765957446808511,0,2
-0.13020694875653463,0.97970779425901089,0.1523771254606677,-0.98522912402815943,-0.11060848789114512,-0.13072618549142745,-0.11121925940329698,-0.16714783957496218,0.9796386456562457,-20.236378039797437,-15.458601361382126,-6.9705760697728909,,0.338154819424945,0.7361111111111112,1,5
-0.79202685732704703,-0.60964539422291097,-0.032030463240995621,0.60838741473479363,-0.7838698484512695,-0.12414835593473612,0.050578759029415304,-0.11781576291725586,0.9917465579185385,-3.0125391520522937,-5.660132456619289,-5.3552237099801392,,0.09475627068382204,0.4738562091503268,1,5
0.91828945037511989,-0.38513128141751291,-0.091751737877090886,0.38616673018478581,0.92240315910971005,-0.00690424237837563,0.087291132586035505,-0.029091375665872537,0.9957579776400064,6.389347498089502,-2.0116198476266907,-4.6110549823255731,,0.6593468192352063,0.6504065040650406,1,4
-0.99981198689737272,0.014781694694768933,-0.012549595940790933,-0.012845988093631914,-0.9897337731351129,-0.14234478882498683,-0.014524856151602416,-0.14215681417956183,0.98973757569170384,-18.555430902761803,-14.503315250085674,-6.7888997933502635,,0.3911628995765415,0.8728813559322034,1,5
0.97253087115975956,-0.22856423000993387,-0.044069234179916102,0.230100634799279,0.97258592284002909,0.033620240308136227,0.035176732454948977,-0.042837080355388989,0.99846260923502683,-12.107291248406199,-10.631407423435494,-6.2154982442418492,,0.08410672319729502,0.2352941176470588,0,5
0.7122752029636632,-0.67222818599216705,-0.20192399857559037,0.69104748184869857,0.72201048309786586,0.033974109662530387,0.12295288965147282,-0.16373798659587022,0.97881175854802904,11.661295430003801,-0.9522039461512436,-4.311735884981875,,0.2817246481044522,0.1176470588235294,0,5
0.90621981368491089,0.42231431271531428,0.020402709640542884,-0.42242416159252699,0.90639747550436045,0.0012017080229304801,-0.017985466013848185,-0.0097076091347658051,0.99979112085332611,-6.1471336479477969,-13.29511836671583,-6.1784880523844743,,0.4270291387680394,0.1052631578947368,0,2
-0.87663603516625643,0.48115116562042137,-0.0016785917001582878,-0.47667949493032485,-0.86895295732543698,-0.13303163935074921,-0.065466945560002973,-0.11582017862828246,0.99111036986884371,-6.6599498834761421,4.7222118453502411,-4.7198453013600865,,0.1066910205032187,0.5469613259668509,0,5
0.9098814609275564,-0.40365285755564156,-0.095812826111642699,0.40827834069168867,0.91222160087092863,0.034066808281978542,0.07365136510870976,-0.070115058950588394,0.9948162417883909,-12.268550582788011,-16.049696055904032,-6.6615970927063808,,0.3790239687964332,0.3478260869565217,0,4
0.94659065246129726,0.31988862285432523,0.040464869223301926,-0.32187552977326112,0.9448774407503594,0.06002303969504999,-0.019033654564431478,-0.069841899526103687,0.99737647308551802,-15.74487810699693,3.0027541175387298,-5.3927674656616293,,0.1112907701422171,0.2444444444444444,0,2
-0.94343468442206435,0.33155619544855736,0.0012188064316137996,-0.3274478384471245,-0.93115482110847936,-0.16040140966569469,-0.05204718364854799,-0.15172734884032635,0.9870511143239441,-19.320951845615099,-16.128447261078986,-6.9527400870547611,,0.1065952306799882,0.3636363636363636,0,4
0.88425574417293251,-0.46581086889543766,-0.033346863661404838,0.46216297268984524,0.88311133247520779,-0.080745037793972907,0.067060909415697742,0.055987577843143219,0.99617680436536904,-9.9299965469450662,-14.590381286672311,-6.4395488491704036,,0.2879741816701795,0.797752808988764,1,5
0.8877945255624442,-0.45744503132118486,-0.050645075781511541,0.45642666157553646,0.88922785544433836,-0.030798112034244554,0.059123455450147862,0.0042266323974657974,0.99824173054136089,-0.26023002748060037,12.898057357613347,-3.6164490168337702,,0.1288211193153606,0.3157894736842105,1,4
0.54228200849006791,0.83882860896269362,0.047924816678743216,-0.83680405178785811,0.54433373364447812,-0.058819769874481079,-0.075426800140284148,-0.0082067778315054254,0.99711756910517946,-3.5191202481059629,7.5317170172545129,-4.2842603513654609,,0.07142638072008026,0.2222222222222222,0,1
0.46826277959269708,-0.86660524137437023,-0.17241033864183181,0.87818843046609574,0.47799593959471603,-0.017463170572970237,0.097545116964496206,-0.14323141189499783,0.98487040406489434,8.1527792244529671,-2.4679222675995622,-4.5644668682937573,,0.08083432605859502,0.3157894736842105,0,5
0.20039571784017129,-0.97004800813308889,-0.1372895414383411,0.97378793846520784,0.21260895320802017,-0.08083615475436226,0.10760393659622201,-0.11749168027063625,0.98722697384956981,-24.549789705589333,-15.133682421266844,-7.113685992496964,,0.4958071544067242,0.2352941176470588,0,4
0.8145005912183555,0.57675534815235541,0.062785788858665675,-0.57847572391963109,0.81560936513289861,0.012132614852925529,-0.044211126886887019,-0.046202076632614164,0.99795327765092567,9.0802484496595408,8.6753598093405238,-3.5170737387979818,,0.3195311858206789,0.7383177570093458,1,5
-0.82163585991527244,0.56554739752198369,0.071208530790919725,-0.56202391589950695,-0.7829324738181902,-0.26673181174714067,-0.095098010800825555,-0.25917731883218387,0.96113655936328091,1.101136444787814,-19.694685204175684,-6.4634030892662651,,0.4708566948462842,0.3,0,4
-0.062594790267216968,0.97676177251356333,0.20498373590986579,-0.9938458787873159,-0.042195652528093867,-0.10242019393262557,-0.091390707672450999,-0.21013321171078791,0.97339189018978256,-10.812727268856424,-18.498857038707616,-6.8277327805164454,,0.4631329351576794,0.575,0,2
-0.59668993022500261,0.79348990758808413,0.11972841652646912,-0.79709371932902817,-0.56881228813578644,-0.20271700341103169,-0.092750901743857486,-0.21639396345920839,0.97189038620829871,-23.069504058805027,12.645934879308379,-5.4050354773392586,,0.1399550232822089,0.1,0,1
0.73486489087336193,-0.67027186285788809,-0.10348537105648434,0.67391282674243747,0.73881081035573415,0.00029741136589864513,0.076256764379949049,-0.069958676106110937,0.99463093131260549,-11.181709447347412,-13.10659135774115,-6.3723089623481126,,0.0868737526501806,0.2903225806451613,0,5
0.70956907155652227,0.70269659091147008,0.052242069367635757,-0.70206267782669585,0.71136247343287884,-0.032732671664035672,-0.060164184472355768,-0.013451115673236071,0.99809786012891599,0.99744913634644494,15.191891864089268,-3.3710412193595425,,0.179423430625595,0.4242424242424243,1,6
0.92675742922580517,0.37527558526439037,0.016997131500519291,-0.37519716763148392,0.92691296551736169,-0.0077097183555878846,-0.018648130632551763,0.00076776316642494682,0.99982581371138401,6.1554250841364802,7.4180678166299803,-3.7854672508549059,,0.09652597141714665,0.32,0,5
-0.2280984915840403,0.97363030321838384,0.0038872602128536059,-0.96813959000020622,-0.2263848216622886,-0.10703105528380756,-0.10332866209971545,-0.028177032771580762,0.9942480789083129,-20.510711828707045,-20.182262845950614,-7.3975986289239444,,0.07177428057288157,0.3333333333333333,0,1
0.16896109531130959,-0.95800192841046516,-0.2316990579027724,0.9644938692654923,0.20911966856898967,-0.16130883536519366,0.20298700554587665,-0.19621740335511945,0.95932007494896721,-12.427854519394447,10.033913969524784,-4.6948770225102345,,0.4487812120826959,0.3296703296703297,0,2
-0.22579649789331466,0.97409819735982939,0.012191941578210685,-0.96807883288079422,-0.22296820146073318,-0.11449259567992304,-0.10880861577685279,-0.037654787712826883,0.99334928504279296,-6.507438089252946,-21.548456081324034,-6.9243755734589918,,0.1062739852583396,0.2857142857142857,0,5
0.96329115099618001,0.26663616946176205,0.031229978341560615,-0.26761529096554804,0.96295942717820415,0.033033280945910092,-0.021265334558405249,-0.04017828696429037,0.99896621104156236,0.87921864083293488,6.6388709057363382,-4.1140565908788096,,0.2268703080454877,0.3617021276595745,1,4
-0.50403025791348766,-0.84424442991579296,-0.18222195713969624,0.85767851572351284,-0.46441646818432769,-0.22069188418586694,0.10169101619108575,-0.26752324503742431,0.95817026179623765,7.0855001828244628,-10.996239888383814,-5.4137613207254187,,0.4274800491404441,0.3333333333333333,0,7
0.24873066498110116,0.96661824366206672,0.061499815590953862,-0.96512226444098193,0.25269923124963423,-0.06842596879954381,-0.081682745903718712,-0.042335204564357548,0.99575883600203274,5.6810378214429766,10.437774529092755,-3.5311899607828439,,0.1376367737502835,0.3157894736842105,1,5
-0.21549293232114428,0.93298083031031065,0.28828729835550965,-0.97101702379994237,-0.17347442317530753,-0.16441582647268727,-0.10338634150765387,-0.31536232301509665,0.94332278124308255,-15.349368405629967,-18.643804965127998,-7.0307029284322828,,0.4578630350432038,0.1111111111111111,0,1
0.81883756177842959,0.56514331617405422,0.10058866538804968,-0.56940593428488206,0.8218662823309224,0.017683211493071758,-0.072676883683303828,-0.071755460777151003,0.99477094068269889,-6.3453588027034078,-18.055429587360429,-6.5953425366053411,,0.2697151551843713,0.3684210526315789,0,2
0.65819368319033578,-0.75191504515786434,-0.037481198934768901,0.74760497761721989,0.65866456491183534,-0.085133943709076204,0.088701030717220575,0.028013493083701095,0.99566428647157623,-1.1197302284924169,1.9539200165830477,-4.5862256473866658,,0.1179914524477875,0.5949367088607594,0,5
0.99901319217563256,-0.03671682725447558,-0.024990327237084064,0.038218097102308411,0.99731206862257327,0.062514117074799327,0.022627834914769881,-0.063407510407901768,0.99773116053922095,-11.133250039710669,3.5724187122714803,-5.0809265657336127,,0.07904320396289762,0.2695652173913043,0,5
0.96695782467884606,-0.25280088907319159,-0.032928343052121001,0.25056630091812082,0.96623429576725917,-0.060065085760023076,0.047001001442140179,0.049829671551727413,0.99765119640908695,-9.4672937017568195,8.0926554683123086,-4.6226178037682288,,0.6498348238208156,0.9406307977736549,1,5
0.3933171378137314,-0.91781662918588236,-0.053983926236234103,0.91404039330981413,0.39668087394948304,-0.084702087581801602,0.0991553755479503,-0.016028706514853174,0.99494285869461141,-12.167785414616329,-14.054797201101072,-6.4930857347218183,,0.1751645123631966,0.7008547008547008,1,5
0.2057987932819749,-0.97732286723414519,-0.049868525794459578,0.9731142756542861,0.20976588197378152,-0.095115094898740232,0.10341887255969169,-0.028953202603361324,0.99421639941085815,-14.971946730760935,-3.1122917745201386,-5.7802565581483831,,0.1206971386813823,0.3673469387755102,0,1
-0.24845671518565687,-0.96216743416066108,-0.11181721387981308,0.96405393126197192,-0.23440308547703567,-0.12512078619151662,0.094176845867182418,-0.13888492416218562,0.98582031808183634,0.39266362524196019,-3.4474268369274266,-5.0138210287533651,,0.3936091252253986,0.6198630136986302,1,5
0.6323636688408909,-0.76576642200752709,-0.11712376896206511,0.76886323237958021,0.63888722150402599,-0.025931604148036563,0.09468643104961072,-0.073653955254670472,0.99277871383830096,-13.246269922612713,-14.615002564624357,-6.5950258212281323,,0.2726598455242271,0.4772727272727273,0,2
0.54848612096194205,-0.83351372272145219,-0.066466902644470166,0.83135329212868969,0.55211848942660613,-0.063378839529246167,0.089524738362717599,-0.02049506448661171,0.99577370599588433,3.098560317732403,-9.0442854133549542,-5.419440603190095,,0.4398236126654019,0.610655737704918,1,3
-0.22645577488181204,-0.9355546007104828,-0.27102651367002351,0.96912018401553612,-0.18853863272061364,-0.15893159819726047,0.097590219573335982,-0.29864824302394771,0.9493605089650281,-1.2956889094161386,12.952338479476085,-3.6866737940567509,,0.08694354284225965,0.2352941176470588,0,3
0.98475334356086563,-0.17151146957002719,-0.029063175181424948,0.16996187324594356,0.98421520022423736,-0.049329517434243977,0.037064996808665672,0.04363777553330575,0.99835961985553046,8.2980770166390663,-6.312066896962496,-4.9215676915693418,,0.07677945903200192,0.1428571428571428,0,5
0.80009123888077327,0.5997843234773983,0.010619546929630351,-0.59814360487261531,0.79899784789578232,-0.061860059876325091,-0.045587689305595883,0.043141677861084728,0.99802833537686098,-1.2633788110381703,2.8108422566150204,-4.5481076382638248,,0.1788853824767865,0.6712328767123288,1,5
0.99582519301587324,0.089765960428992805,-0.016560715659631634,-0.090856469855700242,0.99221986385131355,-0.085116647397796633,0.0087912934349208792,0.086265949986893006,0.99623335571170257,-9.506788684977284,6.1789438330066364,-4.783385161954711,,0.07182513686679626,0.3207547169811321,0,5
0.57188456456188486,-0.81803733106218812,-0.061343050172902244,0.81487615947389336,0.57510074936305922,-0.072360022133258067,0.094471633504143115,-0.0086054093859422778,0.9954903602709364,-12.492353062818733,6.0328654807480602,-4.9640694841678696,,0.08130201562601151,0.38,0,2
-0.088658081033153022,-0.98065023780862437,-0.17454184527902641,0.99455472141012813,-0.077517360529036378,-0.06965604738595417,0.054778196285947219,-0.17976698779948483,0.98218286449579129,-1.9806131393803863,-13.051658510565515,-5.9809226757477738,,0.2023754292095725,0.2083333333333333,0,2
0.84456064071984938,-0.52874013452312496,-0.08456473432433298,0.53267921275384089,0.84570502377922729,0.032184919675605203,0.054499361893748634,-0.072227992489369425,0.99589805535211751,-7.96651134609316,17.295001729775031,-3.9102301330432021,,0.3167534023404421,0.5,0,5
0.35845112692468845,-0.92297417108793012,-0.14011234460592434,0.92878686588731685,0.36772277066674669,-0.04620521278369602,0.094168717532077756,-0.11357219482654929,0.98905692920106669,27.115974246103359,15.580563951688392,-2.1132981839848952,,0.2403095418064372,0.2222222222222222,0,5
0.87616775454063789,0.4691672783713296,0.11050851011961794,-0.47944756743477762,0.87189446422542227,0.099649753305969674,-0.049599354674157763,-0.14029293695231199,0.98886692525192865,-4.8083024791585309,-15.670888596246963,-6.3212526782155276,,0.3387174898906259,0.1666666666666667,0,4
0.79310311876984207,0.60705124313705072,0.049761744375713915,-0.60660866715649631,0.79459816126269844,-0.025292035279129682,-0.054894152039828475,-0.010126713371219429,0.99844082536128698,3.5268755211942522,-2.1901191405706961,-4.7650767957509856,,0.2800055009896372,0.2209302325581395,1,5
0.45612504303912849,-0.88508817241725901,-0.092568202746024578,0.88205259678537384,0.46343948104109278,-0.08489442806533945,0.11803881402628409,-0.04292754895680076,0.99208067410056366,9.4218542805585237,0.94960795695594458,-4.210288131189424,,0.9053166350789784,0.8598130841121495,0,2
0.82087485885522427,0.57091554100198072,0.014829401263429803,-0.56948969062532806,0.8202260908918011,-0.053950459607157483,-0.042964617662494778,0.035841384777530391,0.99843349140858884,-3.1960590616407702,8.8166029272261479,-4.1627504674261937,,0.07031756246690445,0.2549019607843137,0,5
0.54884427058174345,-0.82089147194170475,-0.15782001756106581,0.82372354679384852,0.56324631091048705,-0.06506236779498048,0.14230068554633268,-0.094290956825711342,0.98532214547016805,11.622246510353625,-3.9083281320498271,-4.5975709283409305,,0.2954290146896417,0.3255813953488372,0,5
0.99250885261243027,0.12205083064413892,-0.0054563930424460175,-0.12166778045837866,0.9914768004489477,0.046590829246212578,0.011096336525615749,-0.045577943246637012,0.99889915527300188,5.0355513398462843,-10.358771806842901,-5.4245976497039257,,0.4498523290019167,0.7826086956521739,1,3
-0.99916942654527474,0.039997676153342869,-0.0077873589565384555,-0.035960278770017916,-0.95538837910394137,-0.29315508425392345,-0.019165474373682215,-0.29263156182386518,0.95603318646193203,-5.4091681306463402,6.0402154241506727,-4.5256197507209208,,0.4584389207869284,0.896969696969697,1,5
-0.99062880498285733,0.13630943990512101,-0.0086201700092920618,-0.13276706919791403,-0.97585326525564986,-0.17344540935546104,-0.032054267653983802,-0.17067554389144135,0.98480575883903532,-9.1520910923085079,-1.6371422334222721,-5.3532088242261908,,0.08881512760619986,0.436950146627566,0,2
0.98919210822213821,0.14528198708704521,-0.019801950890774973,-0.14597869083477488,0.98847660240932067,-0.040052819020520873,0.013754812001850391,0.042510595354158652,0.99900132854237389,-2.6138888604859178,-15.734073940782478,-6.2365408428555167,,0.2099163871820792,0.3384615384615385,1,5
0.11318905198390743,-0.98734022701918878,-0.1111193710415939,0.98795134035370391,0.12372313553870787,-0.092977066128101388,0.10554803458285293,-0.099256545588518375,0.98944820508884135,-9.9151592996251541,4.7024102933336431,-4.8935424495759108,,0.1751201541100101,0.2285714285714286,0,8
-0.24163153678675642,-0.9670529238688369,-0.080142640752644032,0.96586361078510985,-0.23173960093317528,-0.11577669333888371,0.093389966223484458,-0.10538216071076596,0.99003682477608379,16.142181858238839,0.29717606265914903,-3.9928578011045115,,0.08026026787178377,0.25,0,4
0.7592751722764749,-0.62729918685013908,-0.17319625556484955,0.64495910592910066,0.76084193818443635,0.071744663765931485,0.086769605529041602,-0.16617844408016857,0.98227071639107189,-6.666119430746499,10.081540115376328,-4.2684616879074149,,0.1348433603557971,0.48,0,4
-0.14962473730657724,0.97397830315480904,0.17023132194051616,-0.98253766638734408,-0.12720685175392438,-0.13578715328397814,-0.11059915061178924,-0.18757580294519072,0.97600366087090906,2.9504659829232547,2.721480435123723,-4.3419788912493162,,0.07361420895011853,0.2727272727272727,0,2
0.81479671034392409,-0.57664114281531276,-0.059927566489650287,0.5749311571472856,0.81699571543021376,-0.044409070131661024,0.074568662010289832,0.0017301391057945213,0.99721438079515867,11.097732738816068,1.0789888899790321,-4.1371439059547548,,0.07667081824272634,0.1052631578947368,0,4
-0.18284303411161476,-0.9534992906421772,-0.23959868034220069,0.97837891073541972,-0.15251034954868037,-0.13969717358884945,0.096659877431293478,-0.25996095096264848,0.9607690524103919,-13.806627222139523,-0.39199919533254635,-5.5254020301047397,,0.6312926785621987,0.1666666666666667,0,1
-0.67371664089433447,-0.70469267326456853,-0.22251769374432168,0.73632680833796593,-0.61459429091246942,-0.28301358430404816,0.062679495091137585,-0.35451670457827,0.93294650815043223,-19.430927868383783,5.259433998715231,-5.5723334729367764,,0.1630585120961537,0.2727272727272727,0,1
