axis_00,axis_01,axis_02,axis_10,axis_11,axis_12,axis_20,axis_21,axis_22,location_x,location_y,location_z,dbh,dbh_approximation,score,reconstructed,number_clusters
0.93643674138005151,0.29705315810376681,-0.18666989755739746,-0.27192197923689365,0.9507403001849859,0.14883319123116759,0.22168596392510082,-0.088613220597952916,0.97108343129406638,-6.3827760944815122,18.208999216245648,-6.4478082672557271,,0.1574872203411933,0.5294117647058824,1,5
0.65154182068357547,-0.71750905147457711,-0.24632096328243011,0.75579153429302559,0.64192460583230537,0.12927473503369921,0.065363694749650939,-0.27039519500000714,0.96052799330867122,-5.8242914049573686,16.219887410110712,-6.0971715533533413,,0.1315568279917417,0.3333333333333333,0,3
-0.9545305978848595,0.25407392928379985,-0.15594157931694733,-0.25057754168758389,-0.9671842498607971,-0.042018120174684224,-0.16149994830767064,-0.001032123780219233,0.9868721808912857,-1.8926532712435635,22.864482385836006,-5.8321861235452426,1.013344376308288,0.4850770346997415,0.4666666666666667,1,3
-0.95992379296981167,0.21412490403568377,-0.18082266772216582,-0.22304147723436177,-0.97433902646962522,0.03026484646149034,-0.16970212468783416,0.069382901135172717,0.98304994883602093,22.202334972236759,-10.883595398561949,2.7205464874980612,,0.1175558680083282,0.4583333333333333,0,5
0.78787858626818352,0.61174479416375949,-0.070821184073627766,-0.59007453466711635,0.78282893079643434,0.19746115730821565,0.17623670683894729,-0.11378564022605614,0.97774917603693856,4.5973873172339745,31.287371949043447,-5.2216001105815693,,0.4430854895614988,0.5909090909090909,0,5
-0.68798554812565527,0.72430610663486039,-0.045349194719315658,-0.72021978661047326,-0.68911469882643128,-0.080027438020464942,-0.089215158717588075,-0.022396333467899272,0.99576054335477104,1.9269642575714168,-6.0372393443361201,-2.1377722110586079,,0.3192571976082256,0.1518987341772152,0,4
0.40296650676337276,0.89763446025124904,-0.17852274419909087,-0.90168011657437441,0.42280340573373448,0.090610415926524718,0.15681505604165505,0.12445744601832552,0.97975475621670194,-9.5222770294396764,-16.935841679816502,-3.6374985425277329,0.4206061446052681,0.4218745302930523,0.9099099099099099,1,5
-0.90933026401656336,-0.33142030777002335,-0.25155327575126407,0.37441918781707456,-0.91547979383926548,-0.14733302028540396,-0.18146278609668337,-0.22816074743399684,0.95656360509502492,-8.1605610950372771,19.207308838531201,-6.9774138812687934,,0.5942784173269298,0.1739130434782609,0,4
-0.56584406589440261,-0.71955278492826258,-0.40257208397263744,0.80579942727533993,-0.5860372856009769,-0.085132736877022067,-0.17466475344162671,-0.37256420867740414,0.91142094243974614,-19.599572890072768,-7.136164272434967,-6.9792640782213091,,0.2709095397455313,0.25,0,1
-0.78135484286336332,0.6112886520960048,-0.12574097722150271,-0.61861780121391197,-0.78523971944793369,0.026657063277776064,-0.082441649396612193,0.098614232339860011,0.9917048994659583,10.682788053694606,4.0304651000727967,-1.1032356385270234,,0.5949346618186599,0.6360294117647058,1,5
-0.96330671425143444,-0.12112693741367411,-0.23951709607226129,0.17157774238533824,-0.96413703197124567,-0.202486695611409,-0.20640070880705688,-0.23615259603582747,0.94954236281983939,-27.421520105690394,11.441651699888576,-11.027733681596574,,0.3670147768994766,0.3,0,1
0.89916537288376486,-0.37919269364332664,-0.2184365658362121,0.41133440151827561,0.90271283144536341,0.12614893606961639,0.14935073596873097,-0.20327922921787259,0.96766311939341043,-15.615384880728604,-0.94034633744275653,-6.6529820362870566,0.3257322929659251,0.2857962580432369,0.6818181818181818,1,1
-0.96609127441440201,-0.15713169119056758,-0.20488357943951055,0.15544096213247566,-0.98754319003840951,0.024424477478325841,-0.20616924307879766,-0.0082510261392814161,0.97848156026363731,-3.7054889910423667,13.959214425873487,-5.38029365567761,,0.2354828111945452,0.5294117647058824,1,5
0.63806947652812995,-0.73617236220927673,-0.22564927707026156,0.76993538778747583,0.61313193928944099,0.17682964586210828,0.0081756807464117426,-0.28656496321494546,0.95802592872111247,-17.180779058160017,13.641972134175369,-8.5820397675214721,,0.2031221465653158,0.2222222222222222,0,3
-0.5110578040985112,-0.83347625983686491,-0.21008866023266912,0.84304187425050658,-0.53370921038317609,0.06659487226775708,-0.16763149802528113,-0.14307970869594655,0.97541164532174973,5.0575654196667026,3.0123216109715418,-2.296258807347912,,0.1089829400145528,0.4370370370370371,1,5
-0.55125188672007663,-0.78516470322184884,-0.28220160559802132,0.81630528419897685,-0.57749231216912611,0.012178356801457289,-0.17253127361838713,-0.22364931969514687,0.95927782285608731,-2.3464658259932833,7.098486173561227,-4.4161530543443988,,0.07588314185162379,0.4482758620689655,0,1
-0.51929825023910925,-0.81893716959945417,-0.24427697301840454,0.83796583824361104,-0.54406036404529945,0.042562591692452141,-0.16775750723971089,-0.18259307906744726,0.96877096686543407,-10.828318426419646,22.770129531191355,-8.0351758157809012,,0.08256764373027975,0.4210526315789473,0,1
0.38373230886177545,-0.87920491341488261,-0.28239730055852214,0.92332442100454004,0.37023032746138534,0.1019878336100262,0.014883840641518428,-0.2998803508984284,0.95386070599055184,-2.8129501249749094,7.7923286454290732,-4.6303901403264129,,0.1065029018983276,0.1690140845070423,0,4
-0.90691559950093381,-0.33927807312117131,-0.24978887981863038,0.3593842555664668,-0.93239985094736577,-0.038385867246498007,-0.21987963123672355,-0.12458293242862119,0.96753916753518976,3.9253298307097015,14.456447030404119,-3.6364649872953088,,0.1768101171743247,0.3888888888888889,0,5
-0.36447324080742899,-0.86986574346121581,-0.33240464059335523,0.92243843087241306,-0.38614306034146234,-0.00093712313557578594,-0.1275405738773796,-0.30696437138990179,0.94313640408597998,-14.940550947999791,14.180410099528592,-8.0788137001075011,0.6421189973510173,0.2728548062193658,0.2391304347826087,1,5
-0.97787998885414851,0.11233706341697128,-0.17644010763276741,-0.085265444381961999,-0.98435935704455091,-0.15416374474300204,-0.19099877327605463,-0.13570939680689142,0.97216378672801473,3.2256864141797306,-8.4716496124888785,-1.5774131053880547,,0.1903519670130199,0.1818181818181818,0,2
-0.65551515596035581,0.73841882169410267,-0.15823250005659978,-0.75195843641945026,-0.6575674949010536,0.046513434050461655,-0.069702153509660969,0.14947452430914152,0.98630572155831597,12.109368325866656,-5.2432973793013122,0.077325938560522292,,0.3768391089272331,0.9591836734693877,1,5
-0.91737559707979577,-0.31479902761390693,-0.24356433666656982,0.33814398530460121,-0.93919736796325426,-0.059723941708636957,-0.20995394515180973,-0.13714910216342538,0.96804414397844318,14.320860988422162,-29.046445277636582,2.6737591392998086,,0.3776457250152581,0.9,1,4
-0.95017068596896026,0.25370873930965215,-0.18112852653069877,-0.25304959131741073,-0.96707275874861087,-0.027132703891097884,-0.18204826793838635,0.020053799746120888,0.98308507935802592,-14.475058031896724,16.596814526498044,-8.3105039957884959,,0.3893198625680387,0.225,0,2
0.37996426693897895,0.9136070489202438,-0.14473878544733301,-0.91323958181311882,0.39538543366231532,0.098304756026674295,0.14703952550020488,0.094828893333770592,0.98457445575729252,2.8329172585327234,18.721666470961253,-4.3623826055821224,,0.6134655390457135,0.9259259259259259,1,5
0.95705316462526313,-0.20351368253500896,-0.20647377824268268,0.24683548547396247,0.94555140013135508,0.21214333084136044,0.15205749962301154,-0.25399750142604399,0.95517735844068508,-7.4064341328338612,17.606536102846317,-6.6317620864673632,,0.2750690443357356,0.1333333333333333,0,5
-0.79644009636716961,-0.56000722625089039,-0.22819964821497246,0.56927456075006289,-0.82161992066127432,0.029447927862307342,-0.20398442926232341,-0.10645474399642788,0.97316891652948878,-10.273473163531399,12.948083809627265,-6.8683105868502743,0.4525115865259563,0.392024296316297,0.928,1,5
-0.51575501300696558,-0.82664818048453526,-0.22505455396368004,0.84149716338970293,-0.53811572789762485,0.048103922878402157,-0.16087041544444064,-0.16457292939853538,0.97315798324008884,3.4390162210545294,12.793418432631142,-3.597036811093727,,0.07014065795786113,0.2,0,5
0.85184981204271082,0.51197940076968906,-0.11058476798506091,-0.49553621793288505,0.85613938501672737,0.14652375281828364,0.16969311842137827,-0.070017473609744862,0.98300651012581719,-3.6920657366222964,7.3209197996014463,-4.7029199445509944,,0.420191869660991,0.1921296296296296,1,5
-0.4328815665775107,-0.84952479533275538,-0.30153137719355255,0.88814525550877965,-0.45918387784914044,0.018659352632665917,-0.15430992979923455,-0.25972637224253137,0.95327365280232601,-6.6426244032238104,-3.3555830829696291,-4.325570099191526,,0.07270436799062521,0.2325581395348837,0,5
-0.95909050578971322,0.17003506089829809,-0.22634813842694565,-0.17279797999509888,-0.98492717647118977,-0.0077016334697628374,-0.22424598059640913,0.031725937555905324,0.97401601889935763,-1.4883993811243277,-32.796096886370982,-0.38900571705540393,0.3443333841454456,0.298683208496731,0.3181818181818182,1,5
-0.41535119626072425,0.90393562033295571,0.10190082461913511,-0.90954614568199565,-0.41090363790702678,-0.062321819853053191,-0.014463493347419932,-0.11856894470326255,0.99284047697107103,-16.967516042749935,2.669704554987272,-7.4065680370746803,,0.3636660814082815,0.2,0,1
0.97732740724918266,0.051378603521813504,-0.20540539949022429,-0.019212322721266422,0.98762930325166454,0.15562533859974653,0.21086020415252438,-0.14815059385226959,0.96622428858209519,-2.6279649556593774,21.529177715748951,-5.9186622835757818,,0.1665061725497746,0.6129032258064516,1,5
-0.16974737536537271,-0.90996956642347748,-0.37834008079984671,0.98219424167254443,-0.18757591919477626,0.010475980313477743,-0.080500311687973419,-0.36982517859294284,0.92560738820346289,-19.502927448795546,11.891993341796686,-8.9770444014456707,,0.4575312021374381,0.351063829787234,0,4
-0.20581180503302787,0.97822519026900379,-0.026776445473918071,-0.97798644577964189,-0.20656964051222107,-0.02952110245153812,-0.034409486778349034,0.02011120935753357,0.99920544758214147,14.789035886912798,-35.817875129722189,3.4106574932616498,,0.2768976427240568,0.25,0,2
0.022293172973000878,-0.97181674565347609,-0.23468111834206898,0.99698680300047482,0.0041651153074831271,0.077459450407094496,-0.074298917096345507,-0.23570079482675424,0.96898132398738634,-11.391889575415529,16.978982826183039,-7.5147147402578192,,0.09210887928332245,0.3666666666666666,0,4
-0.97792729610264917,0.096217952886556851,-0.18547320313102178,-0.09346996810758372,-0.99534414570902796,-0.023524384470833878,-0.18687313503906389,-0.0056689633165737819,0.98236769809251501,-16.629950755748819,16.669827503323273,-8.79345195766094,,0.09859275735609965,0.375,0,4
0.056568625967190089,0.99209873392204373,-0.11198255536672448,-0.9967244673346296,0.062610281871340157,0.051188756778118807,0.057795560146798659,0.10872007521276228,0.99239085972869023,11.518314522758947,-22.03641806978489,1.3882660361659944,,0.2513614976163202,0.7631578947368421,0,5
-0.28580736442887089,-0.89088387127465762,-0.35304401756849146,0.94951927680731696,-0.31299563300362565,0.021139458175855944,-0.12933403809334837,-0.32918028741608824,0.93536786611852885,-11.371108174866386,-2.9226995034026477,-5.463916590948525,,0.08043494619827138,0.2439024390243902,0,1
-0.89276020671460532,0.44249493430945225,-0.084719811244885562,-0.42739284102151587,-0.89128886977069444,-0.15145794817848071,-0.14252919964152186,-0.09900698830563219,0.98482640273105804,-15.541171631740351,4.9463591847497907,-7.3075981118391491,,0.3368996249427021,0.4444444444444444,0,2
0.85460309438370041,-0.45693366478684438,-0.24670868864770149,0.50283987778830208,0.84678975072990537,0.17349113915307304,0.12963644694163087,-0.27232103121729173,0.95343360942495714,-4.529052594708082,26.018829625134675,-6.8105502434449052,,0.4645499767373583,0.8108108108108109,1,5
-0.41697582639140024,0.90353714114886774,-0.098751176042314329,-0.90879631497046165,-0.41622685985032259,0.029059577341203742,-0.014846484476753298,0.10186184616268781,0.9946877631674228,-14.171401454775108,21.848855920912055,-8.7892209544747661,,0.781269986152817,0.6666666666666666,0,1
-0.94476339956340549,-0.25661262459303014,-0.20389232389885095,0.25454504036512771,-0.96636186779726374,0.036763608268229338,-0.20646777295963853,-0.017166868289263049,0.97830279431381928,1.4872154780380178,6.7479523989185344,-3.5207128983964071,,0.1372371254030295,0.6319702602230484,1,5
-0.35333308672024816,-0.86538799350373319,-0.35532991786271451,0.92743540837535632,-0.37379512802707648,-0.011864466058623638,-0.1225532256628785,-0.33373765589576976,0.93466565354506304,1.284814751040608,25.68354081114623,-5.4074509227569854,,0.2123609202275109,0.391304347826087,0,5
0.2078792833243793,-0.91193950533941459,-0.35376905201818432,0.97763106017727419,0.181873179724064,0.10563927618890283,-0.031995526893606803,-0.36781583040750238,0.92934805167947632,-22.034821126498951,11.648013722826045,-9.6462827834867824,,0.5568486896604756,0.6551724137931034,0,3
0.97892027083814337,-0.048845951463764907,-0.19831585001652036,0.073248564787477419,0.99035120031245083,0.11763990732851637,0.19065610690127446,-0.12968644133172411,0.97305276107514471,-2.6391307194601201,14.789612435464949,-5.1781150595661378,0.6341266594192184,0.5528986718256971,0.6844919786096256,1,5
0.94562061029304467,-0.22706107415078691,-0.23290540997259015,0.27754873182914874,0.93663122172392688,0.21374904900835207,0.16961239002219358,-0.26676810734687617,0.94871830068441554,-7.982642163415524,23.515063304325409,-7.4547277587932612,,0.1720087868601383,0.25,0,3
-0.85327263427714251,-0.46243218666415298,-0.24100266457190106,0.48378753146812947,-0.87448940797614083,-0.034898420215143812,-0.19461612469094064,-0.14637195111956816,0.96989680684892032,12.955580863310512,19.150393825881203,-1.9860866315980372,,0.3019467331545082,0.2424242424242424,0,3
-0.27059649862724061,-0.91019167363715991,-0.31357399792116447,0.95350333352882022,-0.2982955775579148,0.043024892316143835,-0.13269863556232769,-0.28735146711122744,0.94858853380637109,20.175076920298871,-13.611756972532504,2.5299613282427242,,0.1236760642213847,0.4444444444444444,0,6
0.06281968355527591,-0.97183538629213273,-0.22713359352688456,0.99552632824465925,0.044924303894106447,0.083121216854284655,-0.070576321310493628,-0.23133912092434991,0.97030984432820588,7.0691657847836549,-14.279099719204483,-0.23997682982054958,,0.4534965882243776,0.6923076923076923,1,5
-0.96793685387592998,-0.15343886090475914,-0.19888379238393489,0.14485635347502895,-0.98780390238163929,0.057097174164066213,-0.20521911160192566,0.026456878195550732,0.97835839538967617,11.432974584896382,1.796035775410971,-0.71648357527199791,,0.2741082071469253,0.9034090909090909,1,5
-0.96435013532175229,-0.15401949798987283,-0.21519017343704705,0.1573535930862045,-0.98754093617770244,0.0016571409502483625,-0.21276433734951919,-0.032262882887543677,0.97657075685277706,-18.299305982620968,25.237752998849761,-10.154210270488917,0.5093238459179673,0.3499927596863738,0.6944444444444444,1,4
0.4874418592175811,0.87300878912066004,-0.016002749782077649,-0.84788852607915322,0.47763408738537194,0.23011024729651772,0.20853172714440762,-0.098596818841292719,0.97303298304248087,-12.568739589094752,8.0524699395771009,-6.8875694878786504,,0.5240548837732113,0.4945652173913043,0,2
0.97671281778031926,0.1472809129857251,-0.15601411555920383,-0.073291887749288201,0.91246076783243046,0.40254645242108028,0.20164416870759014,-0.38173771078679486,0.90200662380576946,-12.18006904089637,19.501944527358251,-8.0259465460512942,,0.4411317964297335,0.375,0,1
0.29107909984173802,-0.90606860572428805,-0.3071036296694783,0.95657291483782825,0.2704270968210078,0.1088000179394359,-0.015531137562451246,-0.32543642547478585,0.94543636313620294,-9.2216438199138757,13.751453861125428,-6.6955391652935141,,0.151831264643091,0.2307692307692308,0,5
0.97868920590157027,0.060206055537228478,-0.19632286960107503,-0.026403896358722347,0.98501310933821928,0.17044649802483433,0.20364251154616606,-0.16163045909883511,0.96561137223143167,-38.175580555704464,17.605073517044335,-14.660479432350314,,0.2426898240375924,0.4516129032258064,0,2
-0.97967066616411658,-0.0030570775749915037,-0.20058923234873685,0.010383067072274869,-0.99931643077822685,-0.035480460747245743,-0.20034364920238348,-0.036841898069517237,0.97903273529075985,-2.8758577444798097,13.28831066521745,-5.1412910559863576,1.083633110910105,0.2688682816314196,0.7044025157232704,1,4
0.88827694728843642,-0.39902721742849245,-0.22746723866792481,0.43575976995468269,0.88867029078026516,0.14275341387707841,0.14518087961222023,-0.2259256382878958,0.96326534151251852,-7.4245388589694308,14.814900022710624,-6.3407346458319784,,0.08245048860091476,0.2962962962962963,0,4
-0.97196629516840805,-0.13109759753441971,-0.19517925345000975,0.15589298146895361,-0.9807512572847138,-0.11757699461703444,-0.17600823669737822,-0.14470795159616132,0.97369436136783882,15.280260800183878,0.4358736317220071,0.23824281556893601,,0.3004005929774471,0.308641975308642,0,2
0.32339026694853285,-0.91804092071210353,-0.2293896317208543,0.94623701481430122,0.31184799106209266,0.08594383204079234,-0.0073652588736336545,-0.24485035913514488,0.969532905368928,-4.6497476212810405,-4.1311795506877118,-3.8672519649609174,,0.7103579792670235,1,1,5
0.7890089211590694,-0.56632354168992094,-0.23820698658768558,0.60628558001600208,0.78044287282322566,0.1527308669656863,0.09941185943367728,-0.2649274775994645,0.95913018606272882,-17.765241091346823,12.545024544556572,-8.609918555500105,0.4242732747441233,0.1533554580797065,0.2916666666666667,1,5
-0.95934311142325113,-0.17063389047520178,-0.22482186278485591,0.19658238909386244,-0.97553340496232421,-0.09843749336895391,-0.2025244648503115,-0.1386313500760574,0.96941486986387049,2.9903779934100756,-7.3580428381192107,-1.7452749677938493,,0.2743739641203414,0.2666666666666667,1,5
-0.75919725011622008,0.63919058047855171,-0.1226985625158673,-0.64084472286110894,-0.7670561927941173,-0.030705671744176974,-0.11374346837087658,0.055319064739786893,0.99196886265612083,-18.441857386486518,17.457171683238492,-9.3023111373795491,,0.2711515525081065,0.1764705882352941,0,2
-0.98033418684062223,0.063100128874614775,-0.18698464067281906,-0.035483619641714564,-0.9884225132538953,-0.14751897515226742,-0.19412829481726354,-0.13798300268098312,0.97122340175805166,-18.739732098710938,-8.1040997189708399,-6.6600406025599677,,0.5115359533514904,0.7037037037037037,0,1
0.44599249893000603,-0.86569028983737772,-0.22731258869548826,0.89467218049830244,0.43844120938666598,0.085621231911069171,0.025541737227136898,-0.24155667656438973,0.97005050985326824,7.4857581488498068,0.52266776457485797,-1.4752794115070174,,0.4954807811514526,0.9851851851851852,1,5
-0.94755542279707117,0.26873738167886563,-0.17297092361507346,-0.27093132415417809,-0.96253292300915683,-0.011251209513306878,-0.16951382928813666,0.036202096787843051,0.98486266548602441,19.242851064870539,-8.9515444740688146,1.9647747631337513,,0.166681875751733,0.4347826086956522,1,5
0.88386084099665729,0.46363072712834708,-0.061939992049735187,-0.4307304551673885,0.85837242559735794,0.2786898885237889,0.18237677687681456,-0.2196436382792539,0.95838164810240212,-29.708549343057335,17.418755746359029,-12.181346745872933,,0.5040724888243685,0.75,0,2
-0.79747452567561083,0.57599585606772885,-0.17961947191566457,-0.5922726897870676,-0.80412595131327569,0.050936385393052161,-0.11509753181910527,0.14700417755057776,0.98241657658644321,-9.4844195189283482,11.375318303391003,-6.4506664539261545,0.2617819210852758,0.2110240784171708,0.6319702602230484,1,3
0.67373223127426163,0.71648450043061052,-0.18092772364925877,-0.71386465456713066,0.69431248764077413,0.091254722978210814,0.19100297249507656,0.067676658818070834,0.97925366190240359,-19.852460057135332,14.902199471279792,-9.4129701222142348,0.534574222026847,0.396096195286409,0.826530612244898,1,5
-0.77098858218089938,0.61204694255586534,-0.17599757457051723,-0.62808330761469366,-0.77645786995595445,0.051230214514961868,-0.10529940570807451,0.1500390492221278,0.98305662037649055,-2.2187834775089392,5.7635163554922961,-4.2182999759706092,,0.1187524327912867,0.5190217391304348,1,5
0.9676734393315739,0.18320754598839914,-0.1733294836578918,-0.14639550784381689,0.9676479204816627,0.20548931181612409,0.20536910696439642,-0.17347189132658347,0.96318795301032722,13.306267174071738,-7.4616687594316007,0.55456168771545011,,0.350799955548899,0.3384615384615385,0,1
0.8067717724304122,-0.55298324542812238,-0.20815580098875663,0.5795963482031613,0.80912140057002835,0.096905274826264695,0.114836319860267,-0.19882678243982924,0.97328337611693239,-14.019862870889803,-3.3015659171652905,-6.0123747935424099,,0.08847014616157317,0.576271186440678,0,2
0.68940585965045498,0.71641463796521532,-0.10709634535681944,-0.69864449815912733,0.69666525417569836,0.16295210589707343,0.19135157661121827,-0.037517864191332143,0.98080425365866075,-18.758828645906966,-7.0674247277288114,-6.7980904734147396,,0.1505844544426828,0.4285714285714285,0,1
0.84383819714056996,0.51718081180084796,-0.14304231874368342,-0.49507194616813255,0.8531888648426591,0.16423315446581757,0.20698034970463056,-0.067769969850306505,0.9759950645482991,-7.0037657232962074,-1.3167342909392163,-4.5990923697727499,,0.6338611785527735,0.9722577891591976,1,4
-0.65256658279816937,-0.67954764107421384,-0.33521912016708005,0.73580577655958113,-0.67395269939365354,-0.066163571257595574,-0.18096053215182439,-0.28983230063345033,0.93981408976076219,5.7143396286763997,21.3104204825792,-3.9343559593630997,,0.2518804519192495,0.2727272727272727,0,4
-0.59118283397866134,0.79016887791378565,-0.16166632668996705,-0.80429488575889774,-0.59251183393972728,0.045160418326918264,-0.060104854637873323,0.15672546384633709,0.98581161254628702,-5.4332788425974741,-2.0768580240915742,-4.1463951524130955,,0.09267792810980693,0.3765432098765432,0,5
-0.93006581104830199,0.32597204056152856,-0.16946921812299098,-0.31642691353683783,-0.94512262902775279,-0.081346324374366327,-0.18668582032017109,-0.022032813524884117,0.98217257120098966,-9.9863921641548021,15.321519752581638,-7.0552207111763803,,0.5991618282936096,0.52,0,2
-0.25466331704572936,0.96389501858491489,0.077800951783719666,-0.96694760367635868,-0.25486504646457758,-0.0074926520775981768,0.012606613177759239,-0.077137547522558414,0.99694075654794634,10.40461748632093,-9.8265115892168424,0.10619702402744083,,0.3504380856007411,0.35,0,2
0.96365322342745185,0.21821863500982613,-0.1541203825336882,-0.16970846766995795,0.9455599779565047,0.2776965323658353,0.20632862375103686,-0.24144762459246294,0.94822547086632347,-3.4058776703851823,29.795847796029193,-6.907850285796223,,0.4007359315164186,0.2142857142857143,0,1
-0.95619329777530682,-0.19796849778726175,-0.21564519742724983,0.20047145370024308,-0.97964402200249334,0.010430072199582845,-0.21332035425831694,-0.033257541079163108,0.9764160805826958,-5.647093005894968,17.805721358762042,-6.2582810060408507,,0.1612811122774091,0.3793103448275862,1,5
0.67538907268447923,0.71675807124854818,-0.1735150362316184,-0.71292671649803985,0.69477480166318617,0.094991956907954964,0.18864012670087424,0.059546975355098453,0.98023928727853848,-13.555807678130254,2.5613994543651826,-6.5600372029423761,,0.07783466805835602,0.2608695652173913,0,3
0.82484627294213708,0.56104368669480509,-0.069703713196400771,-0.53615464755706155,0.81538471061251971,0.21837116934774045,0.17935110793197728,-0.14275067537226518,0.97337321966670831,23.819461162011695,1.5393547569018668,2.0288553018838682,,0.2870672019437236,0.4117647058823529,0,5
-0.87182019027091862,-0.40622191593499868,-0.27370296098156921,0.44318081896510647,-0.89214598190678074,-0.087557459242508226,-0.2086152380278031,-0.19763426317742819,0.95782064108105269,-12.204144504888269,16.290827860340809,-7.6979471446546883,,0.7086902756179057,0.7954545454545454,0,1
-0.96769318661896653,0.14943043356810304,-0.20307742881689139,-0.15174723857838363,-0.98841038965507588,-0.0042044269213236535,-0.20135210988481331,0.026747843755159255,0.97915365530614484,2.5126766317096094,27.911530510490451,-5.3141706756410674,,0.239483760846722,0.3333333333333333,0,3
-0.54405750891731308,-0.78605821308616874,-0.29345172112370821,0.82587087159765171,-0.56343341857384854,-0.0219108712907739,-0.14811728608512381,-0.25427400274893436,0.95572276371802101,32.446738255425643,-5.10235848565459,4.4389022404979261,,0.2501274526974778,0.1333333333333333,0,3
0.30241054981638876,-0.88216903741962183,-0.36100643869311599,0.95310824619393597,0.27528720294010123,0.12570452233127508,-0.011512184713079188,-0.38209258736012214,0.92405233850014079,-9.8185760867002578,19.389232602771838,-7.4185192901002761,,0.7366234594213037,0.4166666666666667,0,1
-0.6094059381331568,-0.76063776943107875,-0.22372882309385414,0.77195798388941739,-0.6335924627406655,0.051395158017120211,-0.1808459943638058,-0.14138873672655877,0.97329540811073145,-6.8598233287568764,26.279308232307567,-7.4394733511365256,,0.1109130686197718,0.5833333333333334,0,1
0.97810196497869639,-0.024198189024974649,-0.20671476423498855,0.059118273144809656,0.98460923554311752,0.16446787851606626,0.19955344117601928,-0.17308697504755069,0.96447878316928259,11.222568932623775,-20.333911304955169,1.2272196290432174,,0.1559537254818535,0.4333333333333333,1,4
-0.32379063146383624,0.94123454938435469,-0.096110093234178282,-0.94607943421179719,-0.32106166328239766,0.043047793576757268,0.0096608041972182038,0.10486625489437755,0.99443940863518265,22.723146297263515,4.7723549091668191,1.4850281431707608,,0.3084352174694473,0.2,0,4
0.29462826459250885,0.94809273462566457,-0.11964260216676689,-0.9470202768069037,0.30643283063243226,0.096184799356083872,0.12785453069712274,0.084965209707408146,0.9881468170872153,10.923395690042009,-26.866548124393404,1.7401533021351268,,0.1231732553554509,0.2857142857142857,0,3
-0.97880911535852333,-0.0023432281913183485,-0.2047613854531932,-0.0064366061942421962,-0.99908837318191035,0.042201808888086931,-0.20467360795121581,0.04262548362622736,0.97790172428207989,-12.498455684971018,9.4926400206865136,-7.0345042370795019,0.3418098304055746,0.3671026222244465,0.3671641791044776,1,4
0.68915843379928687,-0.69436921641214633,-0.20715222524147744,0.71974669272090086,0.68903206977889575,0.084849897663672777,0.083817369564063965,-0.20757215158925502,0.97462220908615083,-1.6966532175548017,21.771844942499175,-5.7188256031995301,,0.1385555141386177,0.3636363636363636,0,1
-0.96725186379215677,-0.1351787680177638,-0.21482675035432364,0.14541403939426115,-0.98883688873116959,-0.032501763513766067,-0.20803506708640143,-0.062676216874186882,0.97611121430946435,-9.4651488061681928,16.021199387618687,-6.9795725803771287,,0.1281080957568799,0.2413793103448276,0,2
0.5582265015838469,0.82820478265794828,-0.049598497073592589,-0.81133341749269194,0.55740536608668656,0.17617418516171737,0.17355477115045662,-0.058104180918991256,0.98310866417230036,-21.07027703645586,12.951144362851423,-9.4772492691326455,,0.5398675761408722,0.1219512195121951,0,1
0.43462127417953228,-0.83636452611386924,-0.33406395718317594,0.89954976939196463,0.42116057519749461,0.11590505720708999,0.043755690114808912,-0.35088195929349009,0.93539686241987074,4.8263987593934319,38.367837852853526,-5.8616486103036802,,0.2820090066402335,0.3571428571428572,0,2
-0.84138093145112491,0.53518429877392237,-0.075205681542697828,-0.52478352762823088,-0.84230821480282725,-0.1229598324890837,-0.12915253509128902,-0.063989355533077455,0.98955797458155759,-21.077925409822605,22.47004508604498,-10.583882435586704,,0.4205464855989444,0.2666666666666667,0,1
-0.87570594075799757,0.47286309662404213,-0.097670861428951081,-0.44675811718282421,-0.87023874212689067,-0.20758544369166598,-0.18315646331049706,-0.13814855610005397,0.97332866309128185,23.199503480050492,-23.458968037411331,4.0257085966094213,,0.4745502854197952,0.3157894736842105,0,3
0.97581216872010845,0.10190371383290618,-0.19340694011544696,-0.087218656052347937,0.99272524010820418,0.08300303421279609,0.20045826851038379,-0.064126677437471635,0.97760127446042655,-7.1956341893511375,13.216272173025713,-6.096075494811112,0.3672266174521755,0.4006232800491905,0.6950354609929078,1,2
-0.020034918499035513,-0.9370124884676887,-0.34872080307364201,0.99839340134768728,-0.037240676886121309,0.042705364188338958,-0.053002058319768612,-0.34730495021040564,0.93625319939277918,22.289593302860997,-7.730070224410805,2.509296222701022,,0.2086156411188409,0.125,0,4
0.13868026555209081,-0.91034443534520582,-0.38992408617886026,0.98965674967550021,0.1127979591822193,0.088634858977998832,-0.036705609491261011,-0.39818290952820157,0.91657136590203969,-15.128114387931252,16.027017223649445,-8.3756230274996106,0.6010440440296043,0.3144981836792513,0.1764705882352941,1,5
-0.81967235722271181,0.5584806480698048,-0.12742288858951129,-0.55965725001004962,-0.82818960330697866,-0.029761442932398949,-0.12215150148955538,0.046918511333594093,0.99140186805255093,-22.417059322871058,15.689179933761675,-10.140900323879418,,0.1993563070041269,0.2,0,1
0.7267209396908324,0.68641925996626141,-0.026557020959516595,-0.65458676814094541,0.70370723981414507,0.2762467802671183,0.20830947839612549,-0.18337044522094581,0.9607197515559921,19.905280580021174,-5.2126042866739599,1.7506256092923078,,0.3402397762105324,0.5,0,3
0.36532333034602765,0.92610482213280643,-0.094173896209346811,-0.91982399840440332,0.37467829651691548,0.11636144584232874,0.14304781111300496,0.044113858837604263,0.98873216352773352,-17.668965295397832,5.7979492461282582,-7.8881817868920194,,0.369504904692111,0.3,0,1
0.94211911321343611,-0.19037144022229985,-0.27598965789611646,0.29065926383040819,0.87405241117629162,0.389293687164941,0.16711902604878126,-0.44697997412031459,0.8787947051888223,-22.187509104184997,12.566150415453235,-9.7503897284654855,,0.4475088452282975,0.3846153846153846,0,1
-0.94517837075439792,0.27005531878097683,-0.18359731004610907,-0.27968508045200879,-0.95967608217510902,0.028250187142511884,-0.1685648339085454,0.078050894287884601,0.98259551936198375,5.9403875511662525,18.056249608205551,-3.5355884267122177,,0.6447898691613561,0.1333333333333333,0,1
0.91986448749289307,-0.2993877169229846,-0.25340939131192713,0.3592459911861603,0.90241007939509854,0.23790411182408469,0.15745362004765651,-0.30987585185324823,0.93764882230615187,-4.1383153219940478,28.194379445868815,-6.9716316435005448,,0.2136738973850031,0.1764705882352941,0,1
0.85523103281484114,-0.42265229689611067,-0.29990818001331998,0.50068790965279941,0.82320680325061124,0.26766056155029472,0.13375910300973923,-0.37907201823710363,0.91564889960709239,-8.5783594137923966,15.731550997891864,-6.7332369415430211,,0.344201928726656,0.1428571428571428,0,1
-0.27970733179904905,-0.88325035320222012,-0.37634109808258953,0.95000434051579552,-0.31127588196549705,0.024476076232705472,-0.13876441020306329,-0.35067953871698082,0.92615781570218425,21.875134277385815,-12.448557323545748,2.7924937264335283,,0.2370641746489562,0.1666666666666667,0,2
0.9710372166363278,0.1699005341447633,-0.16798967945828822,-0.095984974043543891,0.92126118381015565,0.376914733013412,0.21880038543164065,-0.34987374823218109,0.91088679408197104,17.520383005855781,-22.964912808959323,2.7957436139087877,,0.2926442036963349,0.1,0,3
0.53807009788368221,0.84289112455460191,-0.0038886900780983648,-0.82546362258086536,0.52786734305294691,0.19991467163241725,0.17055901488669434,-0.10435813473467755,0.97980559406219969,-13.470784019506528,11.559939359694177,-7.4870409835290062,,0.7708890185777827,0.7246376811594203,0,2
-0.97475615132861959,-0.124722349531393,-0.18518850119374797,0.1380669988098866,-0.9885454657381294,-0.060953802245766173,-0.17546495173295579,-0.08498351425985072,0.98081081408057402,10.892222212616257,-41.016900404157958,3.0908164274066925,,0.1474904066357962,0.5384615384615384,0,2
-0.97712973650047685,0.090564071542605359,-0.19239445676041497,-0.097927414692626821,-0.99476819338598832,0.029094035113666844,-0.18875301189153945,0.047269338616092657,0.98088628807251155,8.1382401428375228,20.658428608433557,-3.261888621724037,,0.1574279598137397,0.2222222222222222,0,1
0.5566773704842688,-0.76660934682351634,-0.32003189615027716,0.82964378417547568,0.53272253723714191,0.16702661374349387,0.042444040449945666,-0.35849240951858868,0.93256726070983209,22.002383883195524,-8.9262710369779246,2.5342680358873206,,0.1267271854828843,0.5,0,4
0.97234796094866172,-0.044345899819668209,-0.22928777553145743,0.11825323185802661,0.94012665627325331,0.31965300455275508,0.20138424961776899,-0.33792796767011735,0.91937428323410941,10.098815063821108,-15.511633930131316,0.54880608455230218,,0.421886836554576,0.3666666666666666,0,3
-0.92673296821890483,-0.23175093158088844,-0.29573216146974746,0.30785473207577718,-0.91959207625843165,-0.24408170193862977,-0.21538679057623267,-0.31724110546096806,0.92356191533170828,21.840871293783049,4.0492465992824238,1.3787275175972897,,0.3673883406160048,0.16,0,2
0.56424095117187911,0.82558898019504978,-0.0059147951065731874,-0.81217112378887779,0.55632952080150333,0.17571434195387226,0.14835839950662041,-0.094341401649907078,0.98442342781476255,16.055583313518056,22.301450514184459,-1.6401555644273782,,0.5722652155806822,0.3333333333333333,0,3
-0.72706774155328902,-0.62291388467981346,-0.28870537138353203,0.65804311734853826,-0.7522013576845854,-0.034239935859802985,-0.19583604086790771,-0.21487533541700343,0.95680553683944225,5.2505386928813849,27.507363454592394,-4.662776204367769,,0.4498581429835867,0.45,0,1
-0.36729903780713291,-0.89850996760116275,-0.24035651634043814,0.91967578181695187,-0.38943167796393297,0.050392703217562458,-0.13888078760336939,-0.20254087567588042,0.9693757375316937,21.160411334420363,-6.1848863449348448,2.1349333584077215,,0.127991602500794,0.45,0,3
0.012401326262606222,0.98982844827675387,-0.1417245571133022,-0.99687371723273321,0.023299449185121803,0.075497864594051625,0.078032038276083848,0.14034521242173953,0.98702290872744014,29.07693351788182,22.838339612003704,1.3477218032435831,,0.3196396186234801,0.9615384615384616,0,1
-0.847551944873009,-0.49150797027725746,-0.20018895048405874,0.48894250207538803,-0.86984600817205227,0.065598412567707987,-0.20637570207327557,-0.042282824185178772,0.97755881274360501,21.03176568968037,-16.979408912305782,3.0338949726423636,,0.1426622657486024,0.64,0,2
-0.92651623541556005,-0.30287553491875119,-0.22323547177601352,0.31189902371564937,-0.95009960006006799,-0.0054542617212231777,-0.21044397001720874,-0.074680387742559903,0.97474928836599695,24.005091335134701,5.7150073028142954,1.732282681536552,,0.1092795092967145,0.2941176470588235,0,2
-0.95775119304952805,-0.19920726956490567,-0.20743460647804488,0.1992608328736678,-0.97972455750606013,0.020854541520907693,-0.20738315431755414,-0.021360130431486546,0.97802657025934236,1.0309710286158413,27.222031716477179,-5.6195785872139403,,0.6056139595789238,0.1666666666666667,0,1
-0.96574954020263359,0.18960889320380658,-0.17713354627633229,-0.18717328064479136,-0.98185278988522684,-0.03051658577336375,-0.1797052826465273,0.0036832882896067343,0.98371359895871513,-18.768971064848195,20.204054139414733,-9.7311435110339719,,0.1098051520531247,0.3333333333333333,0,1
0.43319985501011288,0.89071179621061347,-0.13773300879048464,-0.88401424479056423,0.44968563755943231,0.12767788524303944,0.17566075437212822,0.066447900373369922,0.98220566884404914,23.051765408932731,-12.157993156256174,3.043710234807016,,0.10923159981822,0.375,0,2
0.21639215225800457,-0.94365632086262019,-0.25037408918890075,0.97582988831184903,0.20104084642158043,0.085665670763603916,-0.03050353288444211,-0.26285989836054791,0.96435170364107814,-9.5949905048218689,-2.4226616738697122,-5.1056142952045045,,0.6898330563618531,0.5901639344262295,0,1
0.12930871706350849,0.98665513682771611,0.098948959887761007,-0.98647641832871491,0.11786282895802262,0.11389745226018674,0.10071510200927736,-0.11233874897599735,0.98855271670547173,1.0525546168430588,19.464225314411962,-4.8513986787228855,,0.4512368376332624,0.4393939393939394,0,1
0.95225078849644273,-0.20963029197461294,-0.22197652239491489,0.25482823226531687,0.9461504615080979,0.19965439195906862,0.16816958062751811,-0.24668693697609984,0.95439223974051335,1.9962136392597354,20.598513101552456,-4.7410410514538874,,0.1245414983321493,0.25,0,2
-0.92141325713630662,-0.32128747291849147,-0.21856799701491425,0.32719791967090378,-0.94490687930284289,0.0096182539577102065,-0.2096166284827968,-0.06265260722277835,0.97577431810418791,-0.25347651489898515,22.878353883445925,-5.49399406144284,,0.09153311560748852,0.4782608695652174,0,2
0.47554297524421313,0.87954257068212682,0.016240229485967105,-0.86483236405877018,0.46405129519524818,0.19162822731562953,0.16100888414121675,-0.10517253341765488,0.98133321427643128,25.033183262233145,26.697690483330884,0.08172717770296993,,0.2765402639637221,0.1176470588235294,0,1
0.9059082487350727,0.41269163146644161,-0.094951894090214359,-0.3678778534829521,0.8779974222076059,0.30624567182831042,0.20975254418129982,-0.24249978126663199,0.94720521868025342,12.953600306660586,16.282254552920961,-1.7589347891625637,,0.4422023516611657,0.2571428571428571,0,1
-0.75641927095843942,0.65390796414926,0.015305585414270979,-0.64594008227182864,-0.74311140906716644,-0.1747765540021709,-0.10291402546478595,-0.14209084466066324,0.98448915444826179,12.542038762776018,17.397158622430855,-1.9770804347190538,,0.6757318248262776,0.3650793650793651,0,1
0.52683798748519384,0.84996570279058448,-0.00019754052490764327,-0.83301610379515989,0.51637819698950849,0.19858934637033307,0.16889613897446698,-0.10445985713934615,0.98008276818131335,43.207850371412654,-1.1988592537936835,6.5080556228486435,,0.3108890090199864,0.3571428571428572,0,1
-0.91188286708637156,0.39357807747655493,-0.11647288802205447,-0.38036336247005709,-0.91694482248143105,-0.12056494106898968,-0.15425092934828943,-0.065639084807422768,0.98584895462785449,4.4367397101353898,8.8521312621162078,-2.9921835057661732,,0.7444923765032079,0.3786666666666667,0,1
0.9597190175248983,-0.19448292587830082,-0.20277031080229321,0.2189350010048762,0.96997618677803332,0.10589458162975032,0.17608768479379269,-0.14602256204217326,0.97348371256975907,16.329890779092914,17.563790667372846,-1.0996908482319703,,0.1392879440181153,0.3888888888888889,0,1
0.3961647539699637,-0.86584524646645544,-0.30555768176133224,0.91812540452072366,0.37717267587509773,0.12159981145904002,0.0099613897410862282,-0.32871382956100259,0.94437703750661206,23.021923092632587,9.0336063855319075,1.1660161603228301,,0.1735583084295799,0.4,0,1
0.097363652006265261,-0.92594808273889562,-0.36488418346122586,0.99368600204559054,0.069903563448237463,0.087758880780740692,-0.055753462732398042,-0.37112483060205065,0.92690771466416555,39.05094689466776,5.9053228609432766,5.1024784851280796,,0.3585441793334988,0.3333333333333333,0,1
-0.19624391372415373,0.97724144580089833,-0.080544912534535454,-0.97993526689240185,-0.19253686284085017,0.05154055828102648,0.034859704914745653,0.089043321233951631,0.99541754450927966,17.207158857819412,18.161514611185144,-0.94575776450424087,,0.1004718547391941,0.3333333333333333,0,1
0.96984232546968197,-0.097539589920008787,-0.22336493038477551,0.16159277882751188,0.94338731256721664,0.28966903928105092,0.18246544209346025,-0.31702745446639286,0.93069863841965361,-7.0351951577484648,-2.5805703147989059,-4.4723839437229502,,0.2347679680497065,0.1,1,1
-0.0014300128592190766,0.98445823098155139,-0.17561305906992217,-0.99716163587849427,0.01181585660604784,0.074357632189235384,0.075277001769111132,0.17522093763400196,0.98164708323272365,16.188418989787419,-0.14296471108815126,0.48904301675856593,,0.1317478263248788,0.2272727272727273,0,1
