axis_00,axis_01,axis_02,axis_10,axis_11,axis_12,axis_20,axis_21,axis_22,location_x,location_y,location_z,dbh,dbh_approximation,score,reconstructed,number_clusters
0.27428003838397369,0.94529671836531659,0.17659154790603604,-0.95365333075522729,0.24374157332700175,0.17645217530973956,0.12375696054585048,-0.21680442726070345,0.96833881210897055,-16.201256898870511,-8.9875274324724295,-8.4100921310784784,,0.1674999072805982,0.4210526315789473,0,1
-0.42564293197999686,-0.87957923105689595,-0.21252875275790931,0.89358165046042382,-0.44558256338799329,0.054479474713057467,-0.14261812092401688,-0.16672299031011201,0.97563492971815946,12.489086381568038,-1.0381283312801974,-4.4728604525556035,,0.1643194997264571,0.2972972972972973,1,5
0.97980623000198608,0.16428291829579139,-0.11397751710541244,-0.13572304821989786,0.96503902390642704,0.22422965129445074,0.14682985333778525,-0.20423223323939357,0.96784822626011768,1.0144486186546593,10.59926707529729,-7.7084682550270154,,0.1050256426585146,0.358974358974359,0,5
-0.63790041398375164,-0.71587003041296515,-0.28392456990527942,0.75516360165454344,-0.65375383661782804,-0.048309997346382534,-0.151033097616038,-0.2452264681146995,0.95762883350518146,-16.622874604001286,-14.157868777282667,-7.91733651234021,,0.3890468591502814,0.1538461538461539,0,4
0.52296658888273229,-0.80657625210357486,-0.27557339576764089,0.85234032210280231,0.49664839252730331,0.16387906979762734,0.0046821181156988939,-0.32058559503289452,0.947207978232529,1.6428121289738709,5.9117525095990473,-7.0530705640027396,,0.08329574521948305,0.225,0,5
0.18831900864583881,-0.92781678925526356,-0.3220123546678027,0.9699554460592994,0.12428713595530293,0.2091390458425533,-0.15402072471766273,-0.35172249489062013,0.9233465779139296,-27.052724877646028,12.664833948990292,-13.059119036410815,,0.3218209514361581,0.3157894736842105,0,2
0.74667865252288934,0.66234938584375835,-0.061353736145389803,-0.64249628027800809,0.74202022655083666,0.19132305981864159,0.17224842436296839,-0.10343729724736812,0.97960767955474615,-5.1183263225189055,8.496249075190013,-8.6062042127635188,,0.1517394146618967,0.4848484848484849,1,8
0.92438516647384161,-0.34434813191917701,-0.1641232099579463,0.36842880654092774,0.9174432355106541,0.15019362212347295,0.098854835561820051,-0.19930447476038818,0.97493868926539706,5.9443821590735348,15.481532877623883,-7.3967111516785353,,0.1775400097004097,0.4,1,5
-0.32714223097276324,-0.92829434653823895,-0.17676981331468344,0.93657333470584125,-0.34339939701888816,0.070051715503939821,-0.12573125877101604,-0.14264101903803386,0.98175617658135894,7.6383112688851069,13.416930840382584,-6.8725592218072622,,0.2651750291737743,0.7291666666666666,1,5
0.29238638348397922,-0.93566036282889864,-0.19761044553376983,0.95501471818972428,0.27498016695408578,0.11105312162612223,-0.049569050769231945,-0.22119130455964719,0.97396987427386095,-1.0846757538625833,-7.2049448790832384,-6.0221450524110436,,0.08984344643393791,0.19,0,5
0.51647534316748289,-0.83189913852932795,-0.20297054765209888,0.85620297395890976,0.49809293488033296,0.1371856246339774,-0.013026407177311107,-0.24463697908627463,0.96952723591428447,-10.104452932480148,-5.8357142983660149,-7.7555471365134174,,0.288331278454274,0.7420718816067653,1,4
-0.90922588183547537,-0.389538932216835,-0.14685951139736092,0.38514144003653128,-0.92100371254863189,0.058465653491812666,-0.15803280345260765,-0.0034031983494603037,0.98742799802006065,-2.6062360547245347,8.6235159483783352,-8.0934603801914928,,0.09607463827889524,0.4622641509433962,0,5
-0.24958201634509253,0.96820513949807641,0.016959509622301014,-0.96700624483527053,-0.25012009385381989,0.048361773128634114,0.051066031436828127,-0.0043297228626405278,0.99868589352870429,-5.671670245116891,15.096050625910493,-9.5262982320938505,,0.8793122418847524,0.462962962962963,0,1
-0.9816167350509436,0.13562760277760796,-0.13428975699108431,-0.14217580723816603,-0.98901697416301715,0.040391393311014746,-0.12733666127278864,0.058741622230141323,0.99011857699654882,-20.136780571288408,-9.7323735892357384,-8.92458007163318,,0.1072395550753466,0.5,0,2
-0.98641505237656324,-0.082573490993646789,-0.14201043282119749,0.075538172671717266,-0.99566623064933402,0.05424704244440131,-0.14587436003067694,0.042782890618434849,0.98837760767632299,-7.5519268852932386,0.30099637629063558,-8.0564157676802299,,0.1649371104941899,0.760593220338983,1,3
0.98587492443675118,-0.089146710466454823,-0.14178680255877182,0.10636017557727283,0.98719832815755504,0.11885694735310916,0.12937598856821061,-0.13225855320522045,0.98273573695376537,-14.54930627372002,2.8707026201976298,-9.5234672156485871,,0.07544005740881726,0.1818181818181818,0,2
0.53221734748596961,-0.82872565044695379,-0.17308521406022107,0.84660747493066846,0.52080860902856307,0.10960919739351632,-0.00069168382679550653,-0.20487115232020126,0.97878870678021079,-6.0625985134683829,-13.39583802756818,-6.2289216208778191,,0.08331772694699321,0.1935483870967742,0,5
0.6055254263250831,0.78659157817476644,-0.12088278296910629,-0.78057506364738327,0.61662417947744363,0.10235815207228033,0.15505330723886276,0.032377622338567731,0.98737539035869815,-9.116314062074208,0.80432824401412972,-8.409135159931509,,0.2657320548866636,0.8896103896103896,1,2
0.31617092240993849,-0.92154710372602189,-0.22535945384347481,0.94805960052108718,0.29817104410638418,0.11080172524065021,-0.034913345331614221,-0.24868647745844416,0.96795459307090748,9.5262480906544997,-6.7266235560342871,-4.3667146525847427,,0.1722871488732836,0.2142857142857143,0,6
-0.037323146794594524,0.99837100435780468,-0.043154610077473191,-0.99580266429869968,-0.033546221023357213,0.085156942351543558,0.083570547975714421,0.046151800751884735,0.99543255662972896,-17.516611028746649,3.4162906664871979,-10.092681354076115,,0.1005775853092504,0.3684210526315789,0,1
-0.90873704216202511,-0.39050418432173867,-0.14732097688322127,0.3958569130637975,-0.91827972819562909,-0.007723028198931124,-0.13226599178252166,-0.065336228940565705,0.98905858502194466,3.4855775646800127,18.140684475732122,-8.0778649548562029,,0.1446145820662401,0.2941176470588235,0,5
0.12483409491285011,0.99211306490800188,0.011318797910642379,-0.98654049807272937,0.12290241723957264,0.10785565121532757,0.10561389307142278,-0.024630515129051178,0.99410212921750529,-6.3892164774617211,11.254225485058983,-9.1747668627109107,,0.3341656539708362,0.2461538461538462,0,1
-0.75651221743508035,-0.61043459566468439,-0.234646264166195,0.64443420637854365,-0.75691190788409868,-0.10857678090876785,-0.11132752813529409,-0.23335374031488687,0.96599804003959477,-9.0581753227044697,14.115387148366031,-9.9681645596338129,,0.8338388707729418,0.4375,0,2
0.90960426357178903,0.39582435811729982,-0.12626623148352736,-0.3824216164242632,0.91642913731209286,0.1179463588961841,0.16240009539245265,-0.05899757458100667,0.98495964141181036,-33.25327261305565,8.8212168671926126,-13.538514226201343,,0.4092547012098058,1,0,1
0.53078135321693343,0.83889198462906756,-0.1205462284864402,-0.83416703040779738,0.54225270951914428,0.10063480709865018,0.14978825206883606,0.047140610350847094,0.98759366259505366,0.66201999316991333,-8.6454450252528847,-5.5841421367932522,,0.0737234372145696,0.2916666666666667,0,5
-0.6765209165470909,0.72697668373321644,-0.11757699937717374,-0.73591541906422919,-0.6733111964754831,0.071277827437947722,-0.02734859151409429,0.13474766791677309,0.99050245862046571,0.24343299187674391,11.52613915666918,-7.9403821990592203,,0.08552462747716665,0.3255813953488372,0,5
0.99211892106499189,-0.060314869712413066,-0.10982787877588618,0.07887181650390751,0.98169588266319019,0.17335636856923736,0.097361609611848837,-0.18065245764648194,0.978716203258164,-3.8223064576053054,-12.719425230514476,-5.9263590893953637,,0.4881802507675032,0.96875,1,7
0.33519346855364257,-0.9189161284638907,-0.20793866280207235,0.94132596489843323,0.31741691258642496,0.11468187045970479,-0.039379772053845817,-0.23417867634145856,0.97139568719443625,15.224824355123731,5.4711248357184221,-4.6958325599632378,,0.2157720842998151,0.2083333333333333,1,5
0.43692413459584106,-0.85181631371253763,-0.28897451150725928,0.89930592847558788,0.40702952886082766,0.15992438727096384,-0.018605042766301063,-0.3297513158859513,0.94388448554637672,-24.056695114229196,15.8570417040777,-12.916184360406804,,0.3394977291936144,0.4090909090909091,0,1
0.60331746114309337,-0.74293738582019808,-0.28991737069465739,0.79749852986406178,0.56296466975569381,0.2169490158344213,0.002033702169267113,-0.36209780634175909,0.9321378882429221,-7.1452590821167004,-7.3499647645112098,-7.0843003051361109,,0.256976353757263,0.23,1,5
0.82900275922211353,-0.53572524950903277,-0.16047704583712169,0.55469957684542592,0.82419422584365343,0.11407128268538254,0.071153388180960939,-0.18358195751344294,0.98042585656739212,5.2014761663226645,3.9347447914517359,-6.2523610001179435,,0.08596200290472591,0.325,0,5
-0.98183530806139308,0.14866032232253415,-0.11789629515361998,-0.14542204630615094,-0.98872692141957141,-0.035658145048617688,-0.12186819229036297,-0.017865705335554045,0.99238548975725283,-12.107404538099329,4.2265428249118298,-9.270484095267733,,0.1217580580374153,0.3828996282527881,0,5
0.78009043500548081,0.62195268763797984,-0.068071782354020491,-0.60475988404123104,0.77743770256344058,0.17278918162696383,0.1603882659903654,-0.093624104656721926,0.98260375083745288,-15.079741746928367,13.737802296876882,-11.003319763521013,,0.1543334517940928,0.5671641791044776,1,3
0.57172364892892635,0.82034196341813359,0.013081754877503217,-0.79781207713530489,0.55216106829888534,0.24210337509436644,0.19138432232668315,-0.14885300705835547,0.97016226656020865,5.1239023939788249,20.105188227118216,-8.0188201616888666,,0.2183527679119926,0.1818181818181818,0,2
0.25717891184712738,-0.9499377160982182,-0.1774185526804567,0.96520642369124032,0.24352185166106802,0.095255799974227048,-0.047281782604854355,-0.1957433097136789,0.97951467050577745,8.4967326863742123,7.7866695052536619,-6.0978603788001333,,0.1077156310290908,0.46875,1,5
-0.4273497135158103,-0.88098478502159894,-0.20307149213615031,0.89344279784793978,-0.44589195943841381,0.05422478660001525,-0.13831915750032692,-0.15825981507830561,0.97766131231617281,-5.041950480136963,4.9648744736439303,-8.1571143784156028,,0.1073226245718459,0.3685800604229607,0,5
0.61305282625493374,-0.71768248958204972,-0.33029997936444261,0.78988806426359348,0.56504578067352962,0.23832774004919424,0.015590963881462876,-0.40700750593859381,0.91329174525717394,2.5995721367405711,8.0899926657694863,-7.1535132258784655,,0.08601169494497746,0.2666666666666667,0,2
0.94313560755583004,-0.28792095649027916,-0.16612269132787813,0.31475357802618109,0.93422743051613855,0.16777751098084931,0.10688971363050484,-0.21052465623991681,0.9717273065191967,3.03348092905446,-7.1270575431408316,-5.3521142044620786,,0.1003237249710587,0.1891891891891892,1,5
-0.99071166116088138,0.0031571156891106148,-0.1359427712692888,0.010937938175421604,-0.99464067317023408,-0.10281192919080714,-0.1355387986825885,-0.10334391078331839,0.98536758123843915,3.3020991488879887,6.190648437062471,-6.8206719734236776,,0.1841345265416446,0.2758620689655172,0,4
0.0174677035147137,-0.98261829050405025,-0.18481389152556013,0.99689681798412255,0.0029259827903241509,0.0786649408430692,-0.076756847427802213,-0.18561447624474275,0.97962015729635576,18.136849277902325,-7.3900039803736943,-2.8941565511059957,,0.344850816264666,0.3571428571428572,1,5
0.95100068449065056,0.26838400374756105,-0.15351783163770366,-0.23059392396052256,0.94641942548418312,0.22609005572708507,0.20597121238367744,-0.17961151855773838,0.96193324200309271,-6.9086976532074678,-9.7986492513150996,-6.771763486054784,,0.1622124993044503,0.2413793103448276,1,4
0.12220201334972611,-0.94476700213235298,-0.30410849974165632,0.99078574122745344,0.098094280782381013,0.093386974777824913,-0.058397627637088556,-0.31271844166859591,0.94804899310464252,-8.6347090666726274,7.9246894959109593,-9.1221018590048377,,0.1564850276177981,0.3452380952380952,1,4
-0.69976903915632149,0.70905632074573166,-0.086962209313958344,-0.71385445515488943,-0.69868455539488128,0.047452174957244499,-0.027112887964113066,0.095283923424589773,0.99508083352211285,7.2477477912159207,1.3781759090568788,-5.615731381650372,,0.2679757970043826,0.4193548387096774,1,5
0.57247673879338834,-0.76345883458442498,-0.29899998567805852,0.81991159406223091,0.53479143074265412,0.20431129074663765,0.003919370206934468,-0.36211701630718396,0.93212440427121357,12.956726276488208,3.0766202632331079,-4.8121112077152155,,0.2075255209500774,0.2666666666666667,1,4
-0.47635382743156951,-0.77212717733887781,-0.42060272598497461,0.86728992682867712,-0.49126820503773777,-0.080397347844979664,-0.1445517689715419,-0.40308209180475429,0.90367561290183207,-27.105145792769399,15.274287791163772,-13.369725608387073,,0.3581827561880575,0.1153846153846154,0,1
0.69124422804490337,-0.66277298384588512,-0.28794685113511675,0.72173304062488564,0.65296585300340326,0.22964540683822912,0.035816689754410186,-0.36656181838205842,0.92970403787413802,-14.512180251681649,4.2165068721793402,-9.7297523553783609,,0.2625413777924389,0.2947368421052631,1,2
-0.57358290471534013,-0.79707259653624352,-0.18888601660600676,0.80523879113396468,-0.59096095194968135,0.048534961871194222,-0.15031014826492933,-0.12425952326360296,0.9807988734734957,7.4997622460975872,-9.4818004777029525,-4.3988741606281527,,0.1029273423058278,0.4,0,5
0.98640653421785152,0.11229924277899496,-0.11996261635856739,-0.075664717219110028,0.95844584346126149,0.27505711356004664,0.14586637659337598,-0.26224119665509582,0.95391433313292062,-15.115076813171475,-10.792394288312265,-8.0143096440094936,,0.1391231633109393,0.125,0,1
0.96564326591145155,0.22644647635378867,-0.12749539735542834,-0.1994104863315273,0.96027151215719209,0.19522827889515079,0.16663895385200092,-0.16309695363890786,0.97243552113896925,-15.91277762833397,1.7871973312503351,-9.5881797256562482,,0.1592341216723911,0.3214285714285715,0,2
0.98636429496731859,-0.048106051783780267,-0.15738896211424969,0.095757385448966767,0.94553673651499881,0.31111220328451161,0.13385066583921976,-0.32194112455904345,0.93725018622140388,-7.2943045344145991,8.0597486673297318,-8.9083582989671815,,0.122414844507505,0.3063063063063063,0,4
0.2240373458350019,0.97452107671605059,-0.010767483800595751,-0.96647338385183079,0.22358220877305476,0.12625448200421446,0.12544507155403958,-0.017879232543665802,0.99193944727813443,19.427959750038408,-7.5733020513776363,-2.7091739780797717,,0.2773160608453743,0.1578947368421053,0,5
0.56633991773483539,0.81438688295524098,-0.12662188772304073,-0.8099362746385107,0.57838166542074765,0.09735440477868855,0.15251992854965016,0.047419974436609072,0.98716210290896045,-15.705950364565467,9.0647552518027084,-10.517319542518386,,0.1013538741838848,0.5151515151515151,1,4
-0.71187076796970827,-0.64771572985375481,-0.2714854379340379,0.68291717322705803,-0.72861778639539421,-0.05234745323165766,-0.16390284995015442,-0.22266668957950164,0.96101789844410512,-5.0541127923416305,6.5102160447082555,-8.3524903758233524,,0.1434763320692221,0.2777777777777778,0,3
0.33941337725791304,-0.90976605196061267,-0.23900688282636914,0.94046131115619236,0.32329745691239586,0.10493462999578794,-0.018195646642891514,-0.26039294355642151,0.96533125578180135,0.77702274919504344,15.991545279577213,-8.3388923290794761,,0.3531394477348406,0.8888888888888888,1,6
0.82498049777296745,-0.50116929583940895,-0.26122119975625613,0.55628387355448305,0.80167933050075157,0.21876586358727515,0.099776902725463676,-0.32579071189292297,0.9401622103269287,21.659820952111073,-6.0106257087328165,-2.4840203719359195,,0.4445754463490368,0.4642857142857143,0,4
0.36513694676862329,-0.90633020901768468,-0.21269828942999963,0.93034861499922361,0.34701107719079616,0.11846842142912774,-0.033562846624112533,-0.24114075667303439,0.96990961991189828,1.6556026541094742,7.9436111134417287,-7.3013202613963806,,0.08372989720333765,0.2708333333333333,0,5
-0.50779763447470483,0.85947828457383912,-0.058639924692179039,-0.86117133648674371,-0.50462916249957246,0.061101043924102615,0.022923604331106195,0.081525987887240137,0.99640755801202163,10.688638429084083,12.934589624975482,-6.212469077945495,,0.2561599034780432,0.2083333333333333,0,5
0.98718258870705222,-0.097742457278287273,-0.12616238979523181,0.11622279664963546,0.98204665485526721,0.14858206226363926,0.10937457699383019,-0.16134057063485516,0.98081926070741443,7.0515906276862159,-8.4304018646320156,-4.5782023957017408,,0.07562147695332604,0.2666666666666667,0,5
-0.27703820259910905,-0.90727813663751233,-0.31637986200170509,0.95650444312770067,-0.29171599650049407,-0.0010137369926369536,-0.091373325306796011,-0.30289958759510821,0.94863204418630698,-19.495587936658943,6.5363568589842282,-10.774350317371345,,0.1159573002326565,0.2272727272727273,0,2
-0.97045475160119765,0.19904410794500549,-0.13637821742138634,-0.21056190166946753,-0.97463256564598999,0.075862029683183549,-0.11781876191844561,0.10233672397869573,0.98774791028142062,-1.8002552503040408,-12.752245712268641,-5.5580159215248299,,0.1160169951272935,0.3191489361702128,0,5
0.97898153854147263,-0.14374755877218098,-0.14467821723400265,0.16318637110157513,0.97760237978419573,0.13290521181268827,0.12233296972472227,-0.15372126198842812,0.98051232431368007,-4.7104709530390068,-7.7577533596077846,-6.6357259828909747,,0.08699299476713354,0.2653061224489796,0,5
-0.51768944789474469,0.85537532793190207,-0.018184716215165247,-0.854581020058925,-0.51799600723704442,-0.037032642918474939,-0.041096419472769936,-0.0036310951339104951,0.99914858727550993,22.549240075018513,-5.1608473188679795,-2.4253488414289088,,0.6174165518893204,0.6829268292682927,0,5
-0.98905329594387281,-0.042957841916510191,-0.14116728233000159,0.037155291397172815,-0.99836283995612751,0.043487056878193937,-0.14280427901065651,0.037765905425558174,0.98903016854069481,-4.7740253602137557,3.935363714839891,-7.9915203709977503,,0.1023683509330108,0.2239263803680982,0,1
0.39982994369390629,-0.84942953470180593,-0.34439146577986257,0.91622264770259687,0.35975856796956324,0.17637979648852462,-0.025924427912144495,-0.38606118472175316,0.92210882529594418,-12.530322927510595,-11.254870506986634,-7.5230375296973744,,0.2868275995291794,0.1014492753623188,0,5
0.93958923419146734,-0.28481078895232542,-0.18988124048427005,0.32163262327328435,0.92441364796711167,0.20496795627239336,0.11715172486069843,-0.25365768655510951,0.96017355275682992,-12.183574939931155,11.163393303922827,-10.188790403217988,,0.1847609471439983,0.375,0,4
0.67372599279902579,0.73202809466026253,-0.10113434260939055,-0.72158724007165176,0.68119638699771745,0.12362579547583445,0.15938990429994043,-0.010312660632554873,0.98716184460195511,-18.171026400126639,2.6931067455114337,-10.106685001969765,,0.08923376996480745,0.25,0,1
0.98261796479921526,0.14107459025197411,-0.12066439093239201,-0.11141278364576286,0.96807400270189026,0.22454379736043081,0.14848948411975152,-0.20719721348989581,0.9669644191116199,-3.0283787561777271,-2.8816907684201012,-6.9188445691333813,,0.07937651594880828,0.3048780487804878,0,3
0.60099803144444186,0.79905955173236476,0.017469945196748046,-0.7833542019863875,0.58456634112056538,0.21127798526865935,0.15861135025645234,-0.14066280821235658,0.97726987774904772,-10.112027432920975,-2.7280804499486098,-8.1299560940314297,,0.2660693547242481,0.3483870967741935,0,4
0.95548315474154644,0.26624241136065513,-0.12714920132665797,-0.24967079457403138,0.95923766901394447,0.1323917999026645,0.15721461554803076,-0.094752692508229167,0.98300838853009143,-0.63134152677474431,-10.341233251157368,-5.623863450806482,,0.09831740766970815,0.4444444444444444,0,5
-0.33959000176599613,-0.9019860094148674,-0.26664558785101611,0.93105639105677551,-0.36258952393016441,0.040777859291894633,-0.13346395533215569,-0.23441432540683135,0.9629316157812855,6.7125744429328806,7.9092532401107061,-6.4448837069590423,,0.1201540246082144,0.1363636363636364,1,5
0.82944812279510538,-0.51799555857976476,-0.20903686967450161,0.55152913072564025,0.81875187160800333,0.15956500462009951,0.088495364583105238,-0.24764081656712045,0.96480184308347727,11.969779095150811,-12.029695467655269,-3.4053339024573019,,0.1515876901527892,0.3333333333333333,0,4
0.94192182727719065,-0.28818479240950051,-0.1724320060855675,0.32170065653746899,0.92164735652861862,0.21696736571929973,0.096394807340237282,-0.25983778714364103,0.96082899908887875,-3.8336335873437815,-6.7721358894413806,-6.6002724842795182,,0.6968351247017157,0.4432624113475177,1,4
0.92073612269793093,0.36911738640090463,-0.1264806207122072,-0.35613673724147021,0.92744483381957954,0.11407324229797125,0.1594102153131346,-0.059986959232294274,0.9853882219591843,0.75210225452954682,8.3621913173555775,-7.5021023144386625,,0.1887569461518543,0.8296943231441049,1,5
-0.10119771722702729,-0.96952975075903691,-0.22309433973357015,0.98807983914812536,-0.12409567033075584,0.09109608155225056,-0.11600540287871317,-0.2112163038173884,0.97053099873454218,6.7248129667458532,-7.1118802226279003,-4.8042062051103134,,0.4751315600406182,0.7291666666666666,1,5
0.74292585689331525,0.65788126549681225,-0.12350470301832824,-0.64920894420565434,0.75312089198422527,0.10647379405404736,0.16306108647593384,0.0010782231666762608,0.98661538580750441,-16.329070480470588,-7.9327116845519852,-8.5571057608407237,,0.1099163575404842,0.4772727272727273,0,2
-0.97399764611893669,-0.1291461551847562,-0.18614471777562472,0.153162758139367,-0.98076899725929789,-0.1209683575739313,-0.16694236991822628,-0.14633333391947176,0.97504707604817731,17.929744988763265,-2.5739199767017533,-3.4159444736841662,,0.2198618217528681,0.1785714285714286,0,6
0.9828214605251302,0.12772040428972256,-0.13322715586290643,-0.10989607754917388,0.98493461503802782,0.1335165017486479,0.14827281905512993,-0.11658174140044639,0.98205084832786727,1.3946808308779419,-2.7505126898741494,-6.1310614310526006,,0.2328105523580464,0.8252427184466019,1,5
-0.2950368748471352,0.95186247852288419,-0.083132812178509249,-0.95450832086432791,-0.28968266042345481,0.070695273185340607,0.043210043753696734,0.10020867342830581,0.99402772289737606,-19.305114404975495,16.334854452982306,-12.092453723597165,,0.5343058473007137,0.8983050847457628,1,3
0.58772990019726978,-0.73029164328926177,-0.34820637581178404,0.80898617151243624,0.53616812806063208,0.24096703665358271,0.010720947521492509,-0.42331767526743763,0.90591788098613779,-20.443849207930459,5.6379175362441485,-10.903550551512433,,0.7420786895844181,0.3411764705882353,0,1
-0.48007050923010602,-0.82566866734156341,-0.29631665146925684,0.86518194842609975,-0.50143808407132551,-0.00447704819002468,-0.14488789557849324,-0.25851711667370209,0.95507926273244526,-9.4833385570557436,4.6151340876097997,-8.8760327831777346,,0.3449764320663858,0.3468137254901961,0,1
0.22168483258929123,-0.94485159230437454,-0.2410628621744664,0.97443922385373027,0.20542935848281449,0.090922921690179806,-0.036387278205400532,-0.25505734099066257,0.96624102520622435,-3.87068405720572,11.296272769963219,-8.6506418504532316,,0.1918851762169562,0.2,0,5
0.43619146733528796,-0.81565507170533158,-0.38005763750417976,0.89963413219310928,0.38594729897475905,0.20421339477918307,-0.019885472512337514,-0.43098896321768859,0.90213806125642604,-5.9496558972272817,5.6784316341276142,-8.4037442758437866,,0.10451888705785,0.5294117647058824,0,5
0.31847957652599435,-0.88858875537874793,-0.33012237602178734,0.94778937612821201,0.29250582686037063,0.12702613806309659,-0.016311279358692872,-0.35334171147372051,0.93535211396484508,2.8954815011175055,14.377029930810014,-7.7976485854030537,,0.2233316388539284,0.5,0,5
0.37457542375913772,0.91905375645870535,-0.12261094834804404,-0.9179121202027053,0.38623495985018302,0.090883966542526076,0.13088388556517538,0.078503175277639434,0.98828470592774631,4.0607006581624168,-3.2171238065018271,-5.6136830487307856,,0.2116436783540289,0.7137096774193549,1,5
-0.52908380129788846,-0.78184463559125028,-0.32983222553498681,0.83509219387841405,-0.54873823873673544,-0.038824902722910865,-0.15063651259742628,-0.29598194395147037,0.94324086527630646,-11.420882840905071,-16.408201525213656,-6.8115890115467002,,0.3159643170122713,0.5,0,3
-0.88765054077149874,-0.42789065098734225,-0.17025307123719124,0.43127906660582749,-0.90202946716274213,0.018471791404924675,-0.1614771939800595,-0.057030090020351594,0.98522722488601522,5.352797111508977,0.95635533966010211,-5.8759468866563838,,0.2182578099072117,0.2241379310344828,1,5
-0.44662059076639993,0.89396642745461108,-0.036797751120319341,-0.89461524688440985,-0.44554914735987927,0.033904532570622613,0.013914307220258628,0.048062291569645609,0.99874741961301539,1.7928586525371819,-6.1000000873708142,-5.6618594998975293,,0.07281508338175009,0.2156862745098039,0,5
0.73357245912964186,-0.61322797677387431,-0.29295545004029555,0.67592784320076826,0.7031497354969618,0.220685296874331,0.070661149102239432,-0.35990540142150518,0.93030914433599876,-12.178632100583972,15.956536953344163,-10.776442517977131,,0.2100749810933144,0.2777777777777778,0,2
0.26297309127634799,-0.94526539621328243,-0.19317992645797338,0.96338641128545588,0.24642247104986151,0.10565315098098647,-0.052266392788219582,-0.21389085179929188,0.97545831674217731,12.384521230815047,-5.3979024719245388,-4.0514287220618925,,0.1646753659900129,0.2592592592592592,1,7
-0.077392774929867708,-0.96830926694778341,-0.23746056921455785,0.99120719645975142,-0.10036782619286617,0.086224086841896197,-0.10732498346170428,-0.22869950373441031,0.96756285838005385,16.270237315453578,9.6474349250408249,-4.9262266558519636,,0.1571559609026331,0.2222222222222222,0,4
0.985172492941364,-0.076061619015108689,-0.15378487983055653,0.098601230521141253,0.98455046686152436,0.14470029558529215,0.14040283647923574,-0.15771812931795318,0.97745180709487189,4.7337668690949313,12.830623074129075,-7.3238998930274883,,0.431528452154092,0.4857142857142857,0,5
-0.95431303864350681,0.28256503379089948,-0.097178320389597839,-0.2790081990400694,-0.95905253597806561,-0.048709938436182952,-0.10696284001190552,-0.019370981203531413,0.99407430101768512,-12.094162454180708,-8.6770063478381605,-7.7450909826611536,,0.3221842902283428,0.4166666666666667,0,5
0.26993347299340298,-0.94658850013400342,-0.17636930450557473,0.96179500106778237,0.25637890631419558,0.096022040793579663,-0.045675990178065999,-0.1955506783705882,0.9796293360807744,9.5279009678187503,-4.7349569891649592,-4.5859485530327957,,0.718540642918572,0.7588652482269503,1,5
0.68848806744102198,0.72193631285169679,0.069225292902407864,-0.70733306132349261,0.64733149145985147,0.28397514067801943,0.16020025390137035,-0.24447883415637753,0.95632942979889313,-16.107829752023431,-13.034484694237632,-7.9152419307159283,,0.580532633444008,0.1904761904761905,0,1
0.038921758109366711,0.99325666136903701,0.10920760683995914,-0.99478902210873632,0.028209594022132321,0.097974590058094391,0.094233211967018907,-0.11245187171026381,0.98917878986118524,-11.483876039136083,12.907394708740597,-10.272538592829164,,0.551409657578852,0.3846153846153846,0,1
0.97288939842029132,-0.16840944881692504,-0.15850702189677038,0.19408425532498619,0.96725033825266149,0.16357898699117163,0.12576772350785898,-0.18990797955665759,0.97371322216777945,-8.2091308790964366,6.0788613315556974,-8.840216394473833,,0.08569569163673714,0.5161290322580645,0,5
0.41895623404852805,-0.8693800375904438,-0.2620191294373635,0.90770645740916422,0.39358457957322296,0.14546534260735267,-0.023337976124340375,-0.2987800678783778,0.95403658730103857,-0.77712092840371916,11.111276986918146,-8.0709353638795065,,0.1198981285726274,0.3333333333333333,1,5
0.70344515419365183,0.71044042983105837,-0.020959740049207976,-0.69250412490015234,0.69172808346263304,0.2048177129678643,0.16000922485201752,-0.12956332123935901,0.97857569648529663,-6.7358378678090016,9.512385822016606,-9.0127739220543255,,0.08420911638734008,0.2083333333333333,0,4
-0.28473236702409249,-0.90800186073198097,-0.30734361889604911,0.9467614880349039,-0.31661555586425899,0.058286143796811067,-0.15023369776050163,-0.2743851502760829,0.94981188946295037,-19.18387120172568,24.770830596517513,-13.353444903816506,,0.3751208688574398,0.7692307692307693,0,3
0.98257637792352559,-0.092759601037953332,-0.1610568780337043,0.13623877236338752,0.9489000868871168,0.28465351220481699,0.12642253933377884,-0.30163600832941106,0.94500426455519126,-16.179541349843866,2.740025611007558,-9.7516584143053873,,0.06780171297113706,0.5,0,1
0.79291802763646002,-0.57955335777195971,-0.18814597243723788,0.60584495331939892,0.78282990425414878,0.14187753008442278,0.065060694636027178,-0.22648453920894418,0.97183942064149209,-14.109115126168602,-16.367389187651312,-7.2494521288352427,,0.1208293480713349,0.2083333333333333,0,4
-0.51807284183391022,0.85264819994263752,0.067761181281883492,-0.85495308461260577,-0.51858484406071259,-0.011179562688981012,0.025607687625529663,-0.063724458766681091,0.99763893252487246,-0.81311234220316586,8.7478057536972056,-7.7683860936633105,,0.512531002046739,0.2647058823529412,1,3
0.80935132792297626,-0.56395081806410352,-0.16404238109141978,0.58401091395392446,0.80238483536663296,0.12292204178405926,0.062303132922959227,-0.19528965865730999,0.97876466469192436,5.7273270381389372,-10.125179043907512,-4.6263119618399324,,0.1240659533099528,0.3666666666666666,1,5
0.67430398466932251,0.72986807336205484,-0.11227970317842458,-0.72133319511820948,0.68356305566555486,0.1114449215968303,0.1580903472057292,0.0058433223367142821,0.98740736158104503,-1.7811878187958294,13.397489695265538,-8.5303599582187868,,0.2353861074209697,0.6990291262135923,1,5
0.95061428044838836,-0.24515661117819629,-0.19034370439606213,0.29093599640500478,0.91746158222243712,0.27133096237202481,0.10811445695844674,-0.31330892285653911,0.94347696477182508,-17.173310528495406,6.6282377193212376,-10.421420111588045,,0.1151279864703989,0.4,0,1
0.74773019803292495,-0.63249134075445612,-0.20212435484195465,0.66222107953388665,0.73261833418170663,0.15726925396210772,0.04860856684391833,-0.25144597887310638,0.96664995057048897,1.8976606088452745,9.8013530326713436,-7.4506781272584508,,0.1120786289504301,0.3181818181818182,0,5
-0.65144745896413037,0.75818117538936336,-0.027883928962419365,-0.75830679630338027,-0.65184897180104362,-0.0079825210319437144,-0.024228307602495874,0.015944379797455839,0.99957929443521065,-16.469822889575312,7.9078657631301317,-10.458165678890879,0.4443118491838238,0.5935487315183279,0.1138211382113821,1,1
0.86084026715400375,-0.48318438360681731,-0.15964612705833323,0.50294833371729275,0.85560235828010334,0.12242376450888259,0.077440351608344254,-0.18568105973423304,0.97955374329270517,1.7867106768109515,4.6690798609440405,-6.9088031271148855,,0.07894788508569858,0.4487179487179487,0,5
0.7753792591481572,-0.57063168548804377,-0.27049303872730257,0.62924927088783311,0.73425340480043988,0.25478872154413018,0.053219917042268264,-0.36776543754958319,0.92839443308002378,-3.6260916147008642,8.8143700320534055,-8.3231530372458309,,0.1960176661892064,0.3214285714285715,0,1
0.90766226606856848,-0.35705633449651453,-0.22059008307533909,0.40212007390135107,0.89036564811023533,0.21342084910058085,0.12020256619907782,-0.2824177520290716,0.95173082140802978,-2.626792667714422,-2.7068092013465139,-6.845596370195377,,0.336568054415245,0.291970802919708,1,4
0.29356228517747907,0.95433058214151978,0.055446593320096375,-0.95477796634350531,0.28985284153050567,0.066214539503433048,0.047119207403527548,-0.07237727713943938,0.99626367496137513,12.302164550961788,8.3411275735788344,-5.4737002587201458,,0.3019000277387469,0.3333333333333333,0,5
-0.86802006460077463,-0.4649925728133677,-0.17413521952457495,0.46964058183459667,-0.88271158931241944,0.016061568653273559,-0.16117968651330877,-0.067839201955412362,0.98459075322365519,-10.244527390158275,-11.522594254489233,-7.1439100662812622,,0.6675518343377687,0.2941176470588235,0,2
0.80351889537607679,0.59516847741990153,-0.011483390583215956,-0.56861829890853166,0.77309715205689067,0.28105875476116016,0.17615508769257426,-0.21930635414233252,0.95962185683362855,-11.51110226944988,-12.291908336132446,-7.234538827981698,,0.2105333734381895,0.1666666666666667,0,3
0.014585359716915372,-0.98389815845961492,-0.17813388521476409,0.99646870745063076,-0.00042987637769041631,0.083963862929052807,-0.082688465662370592,-0.17872948549715703,0.98041745632170618,-19.590370815075733,8.9423494658038525,-11.181808025208783,,0.3747835835297838,0.9556451612903226,1,5
-0.81474900152662033,-0.55845713590975343,-0.15591565624673623,0.56364190145261284,-0.82591831769448532,0.012912762043575613,-0.13598482061707548,-0.077359936971188314,0.98768596664808195,11.794438414057986,-8.8175412203206847,-3.7529510084098847,,0.1221702150440996,0.1,0,4
0.93648110683109032,0.33856223250320822,-0.091535519176221769,-0.3122539021874236,0.92371270683200102,0.22192867278886133,0.15968918910541113,-0.17924968607934058,0.9707568763203871,-6.0933499085754477,6.7711523078049094,-8.5435572157457251,,0.0762540677561019,0.3829787234042553,0,5
-0.54281364814606448,0.83695694871933857,0.069687942836444486,-0.83985158058250597,-0.54077942574969151,-0.046978029746898228,-0.0016327827250405096,-0.08402784464835944,0.99646206919497193,-17.143000299100702,0.83175873515033527,-9.7290387971552654,,0.5046351084487551,0.3703703703703703,0,1
0.86903916129437597,0.4779237102065913,-0.12790568149669193,-0.46670129901877272,0.8777141424414362,0.10866361696761143,0.16419754453388521,-0.034739190846358826,0.98581557858880631,-6.1860325735832298,-5.927889639717395,-7.0629962815042013,,0.2403363982368609,0.8829787234042553,1,1
0.65479785507436983,-0.71964839510604262,-0.23096743582440857,0.7551857263262467,0.63532269157139776,0.1614298495556937,0.030566120838342498,-0.28012723001481316,0.95947613167870138,-6.6926211904826882,17.532669475596357,-9.9998298749145285,,0.1687644063380525,0.4230769230769231,0,2
0.55393512066889372,0.82825392557939492,-0.084565458976222307,-0.81502109354222596,0.56020020840358931,0.14804169543006523,0.16998970313160566,-0.013082861571379856,0.98535899019714246,-3.8089218828120806,-3.7561284706778539,-6.9505327828844656,,0.7002559020953484,0.8597701149425288,1,5
-0.74059210389029051,-0.63378765860765873,-0.2232409896322281,0.65331463825744573,-0.7568579795639454,-0.018600597004565667,-0.1571728955446754,-0.15962206165503998,0.97458579834671233,3.389913864526521,1.472968927209255,-6.280829858022134,,0.08248792240382943,0.421875,0,5
0.56946901876310418,-0.77315600414272734,-0.27916810334821435,0.82123069832896944,0.54992388867882847,0.15219676994755696,0.035849362492260041,-0.31593276170477702,0.94810406247969037,-9.7832776279186096,9.2788338820585121,-9.4891377921799496,,0.1675110291909528,0.3548387096774194,1,4
0.79127263738925258,-0.57286060947744744,-0.21381846372140745,0.60987194939416478,0.76460193125835807,0.20842286836657084,0.044088758898571785,-0.29532119603088991,0.95438020333285811,-16.929381683966319,-11.119534905679775,-8.276866271955388,,0.1908275992260515,0.2083333333333333,0,2
0.083971663410134983,-0.9691641925738137,-0.23166684608912613,0.99350519861696718,0.063512704021578367,0.094411634605739689,-0.076786587794974381,-0.23809011793985746,0.96820293103986699,-13.480196584444439,13.296067957778837,-10.705578809719302,,0.1342212648300861,0.1666666666666667,0,1
0.57646886256750574,0.81524132655792392,0.055364518982863424,-0.80268474197637985,0.55230503082907623,0.22506967347736317,0.15290799680997683,-0.17418591330234146,0.97276842676897712,-13.750588657062199,16.16759188811189,-11.148400027556624,,0.6012759554431526,0.3076923076923077,0,1
0.9884698494029589,-0.04055581183178681,-0.14588551315314405,0.072484519408414022,0.97263556433819953,0.22073978669610697,0.13294115716144,-0.22876906502229757,0.96436059833518784,-21.262983777519562,4.8837769494499605,-10.926051751040589,,0.1071286444785471,0.3333333333333333,0,1
-0.15202416369571584,-0.942760632669704,-0.29680135299697719,0.98416936338484373,-0.17206903800479062,0.042460691642690007,-0.091100591805365755,-0.28564774749387395,0.95399478327944076,3.6547700672144861,9.2717422153274409,-7.1322522982642713,,0.1329684579325425,0.2380952380952381,0,5
-0.11011130853567995,-0.9645743341415085,-0.23973287978086616,0.98763315069236846,-0.13326888556606256,0.082584282968650793,-0.11160761347697902,-0.22767467592037252,0.96732000008194186,10.366414086409188,14.16944893706677,-6.4754009848944944,0.6650478944103601,0.2383795383284924,0.1666666666666667,1,4
-0.31067563597562137,-0.93854036750025349,-0.15040820384418591,0.94209213317145102,-0.32506304785306844,0.082440448427577237,-0.12626583792780058,-0.1160861468607025,0.98518066600975673,-8.2397365659928212,4.5877693086745568,-8.62945729343914,,0.08338962882511479,0.4408060453400504,0,5
-0.92840692447910589,-0.31613968766014428,-0.19523391218073044,0.33713407231534992,-0.93761901602474318,-0.084918773382918825,-0.15620883413979911,-0.14465918109452108,0.97707344732202517,5.90847096791083,2.3938818945230209,-5.9354172516568449,,0.7807937290172808,0.4408602150537634,1,4
0.85331700305126656,-0.49350064263713384,-0.16824746066535834,0.51604100156424859,0.84549344385746139,0.13726806292294444,0.074510247672198979,-0.20395576018045264,0.97614049751100995,3.8475134201753427,4.716450848172844,-6.5465894946065006,,0.06991942471009771,0.3333333333333333,0,5
-0.3341439324041543,0.94174339283046526,0.038304236027504317,-0.9417997995410734,-0.33520273301095943,0.025539486415667431,0.036891327190554511,-0.027541057389764041,0.99893969794776527,-18.018991805142072,3.9487534855649677,-10.240108448053018,,0.422192754272757,0.3529411764705883,0,1
0.96084781303151323,0.26149983693600831,-0.091593206489340162,-0.22902677903228638,0.93562010984155319,0.26862938139037579,0.15594298534610052,-0.23713465656145827,0.95887900174048313,-15.732526390809866,-16.260548775544123,-7.4929911300974368,,0.7099502620546232,0.2105263157894737,0,1
0.95990956341900413,-0.18652200923365225,-0.20924428338231665,0.25675490525131917,0.88458648638282467,0.38933747153115816,0.11247465797291405,-0.42745325847433979,0.89701346875816013,4.2157925938022771,14.469152934277416,-7.5771473275563839,,0.2437741359867835,0.2727272727272727,0,1
0.31375331181863475,-0.92435132566413369,-0.21710247825807208,0.94920684049368387,0.29962082833428255,0.096092315968946365,-0.023774635282923222,-0.23622443982627295,0.97140762851952489,-1.9675505883407116,-5.2361998731767745,-6.4364535755810834,,0.1145149153037615,0.1746031746031746,0,5
0.9492797130052939,-0.27243278360069795,-0.15699810475340786,0.29560614515811129,0.94341288255254652,0.15029683954979436,0.10716824819576122,-0.18908334525671575,0.97609551536987493,-14.54786535382433,-2.6086151765820325,-8.8903746300291271,,0.09986920416723324,0.4193548387096774,0,2
0.83103009998271382,-0.52317029394689374,-0.18889631138337068,0.55199416079095953,0.81751102942297238,0.16425030661912915,0.068493936778424372,-0.24076660961045751,0.96816321987631881,6.8940556093532619,9.4013718254362182,-6.560440298051625,,0.1168366206461851,0.2653061224489796,1,5
0.74228004769735312,0.66038335359017841,-0.11364047294606743,-0.65006203865279899,0.75081627821043995,0.11702248620154733,0.16260281883467859,-0.012990099122558545,0.98660609192919768,15.37948455753067,0.40539437875882328,-4.1229204260206629,,0.4610587064590869,0.9220779220779221,1,5
0.81890069734661786,-0.54723498434661844,-0.17301884230447373,0.57029387378539065,0.80975485186876528,0.13806512013484099,0.064548783164960641,-0.21173320897334766,0.97519357196905943,9.4331787539273719,8.0535853905687187,-5.9477799595275744,,0.1003396173460447,0.125,0,5
-0.063469828762307307,-0.97910457021938768,-0.193198916695701,0.99225852198091213,-0.082618457024474262,0.092721174038895751,-0.10674552165378874,-0.18581827448990079,0.97676863303059502,-4.8734919758510911,-1.0352340328284146,-7.4408774922600793,,0.146144186834143,0.1855203619909502,1,4
