axis_00,axis_01,axis_02,axis_10,axis_11,axis_12,axis_20,axis_21,axis_22,location_x,location_y,location_z,dbh,dbh_approximation,score,reconstructed,number_clusters
0.16499791242189576,-0.93687203415783382,-0.30829609227069416,0.97500643840687184,0.10778162377396767,0.19428218302714992,-0.14878889058516603,-0.33264682951985391,0.93124000818737684,-3.6438443642193419,11.392964794406058,-4.2151141633035207,,0.08576696885798148,0.3902439024390244,0,5
-0.96628425484087133,0.094250820807579905,-0.23960701497185033,-0.11977039940465287,-0.98831795134723655,0.094247962690194281,-0.22792496632241266,0.11976815028169981,0.96628453361576039,-6.1851812750358253,9.7859704080673353,-4.4254230642561323,0.7995863247148028,0.6679496953200971,0.7338129496402878,1,5
0.35336134354637277,0.93223280272534736,0.07796000519462977,-0.89693123813242526,0.31394077244752627,0.3113768544020023,0.26580089343216567,-0.17995330760476427,0.94708325512215008,-12.038067027230419,12.597809316681744,-6.3308987580796261,,0.7485767876758163,0.3272727272727273,0,1
0.90702686151405065,-0.34179887733134207,-0.24591827900139068,0.39540221047075136,0.89217888263899747,0.21834361297705518,0.14477349359193939,-0.29528015312252964,0.94437824346239596,-25.953778711727562,4.0964166534689586,-7.7856517186092091,,0.07219522386313486,0.44,0,2
-0.81373091340898218,-0.50506535613101355,-0.28766471211957328,0.51370204854028501,-0.8564743325605797,0.050615442213078038,-0.27194154866091969,-0.10658660188392838,0.95639274903709859,6.4538919982756227,-9.4520779229135261,2.3319090803179376,0.1080514462645087,0.1404954939559039,0.2307692307692308,1,5
-0.56399426083160475,-0.72401225520761325,-0.397135654478666,0.75913487562031701,-0.64385739972672984,0.09571775924069989,-0.32499956056268536,-0.24749525879563911,0.91275483154445236,1.8101224501749524,7.3724302988333612,-2.1084112256465923,,0.2056002894933353,0.3409090909090909,0,5
-0.96347491094948579,-0.10318288095675353,-0.24712221480139354,0.089643100085436939,-0.9938205203982714,0.065459054701262093,-0.2523493819646761,0.04091535546435987,0.96677077071520523,-16.443772520267647,-7.0568054780778553,-3.2463566494698739,,0.1498173652730587,0.28125,0,1
-0.30816016821098668,0.93324667573522635,-0.18462923104786541,-0.94860936459429834,-0.28675610253463163,0.13383277275447,0.071955431568285225,0.21638294731400973,0.97365334487153288,-6.6876043957839517,-11.455940898047126,-0.12391134228004877,0.2105740160143757,0.1393667601704988,0.2777777777777778,1,4
0.81665318721035629,-0.47028741783031008,-0.33452550941545245,0.57015372782438201,0.74727153911563804,0.34133557311787471,0.089455566999093558,-0.46948374994055614,0.87839780855522709,17.049821756553538,-3.2984411990328226,3.6139791942904105,,0.1964287031439228,0.1851851851851852,0,5
-0.51108357445692587,-0.81776946509237136,-0.26466333686944171,0.81056681853545276,-0.56099461824486196,0.16812635423875327,-0.28596330640423973,-0.12860070086448686,0.94957192835904547,-13.862344644726432,-18.333611304979996,-0.1766272805564448,0.2629991980813068,0.2336666514252091,0.4,1,4
-0.071873687125192376,0.99703051422422839,-0.027646460981495237,-0.97977856262778251,-0.065386534063010954,0.18909936377011849,0.1867301296365074,0.040678678309380982,0.9815686954140983,-0.31442059741156841,18.297360202825992,-4.7027948105149955,,0.5550128365318224,0.2,0,3
0.3619214306684283,0.92941633632250209,-0.072098209407563285,-0.89359602658163617,0.36792003140978502,0.25714002365430327,0.26551651417648386,-0.028637811792829652,0.96368088931725138,-2.7755203162595699,-12.426386792107609,0.93871734714532484,,0.4300134563290026,0.3809523809523809,0,5
-0.80971470180090588,-0.52743748146981329,-0.25723880894657203,0.50304172085496324,-0.84959323868743764,0.15855710597720951,-0.30217731345477877,-0.0010158333384138959,0.95325119423784654,-22.047642557409311,1.6389387231711139,-6.4376600586072401,,0.07967379510395659,0.24,0,3
0.95390670859481463,-0.20482238075563075,-0.21933942563844477,0.25749577387142869,0.93400117385601789,0.24766455877645285,0.15413603646182622,-0.29272785924331923,0.94369088301554649,4.5648664425325265,-14.021211819100381,2.8006560593195666,0.1509680088237094,0.1093350811477501,0.3157894736842105,1,5
-0.74148993584988765,-0.6231009378218948,-0.24887325352235912,0.60005555085028095,-0.78178467938541429,0.16954660412998718,-0.30020994475049506,-0.02362067661435031,0.95358064824595956,3.3030944489278316,-9.4864719788733449,1.6165095921281134,0.2366734768185134,0.1639701065830938,0.5925925925925926,1,5
0.80808564106304293,0.54955099499153315,-0.21211152870965319,-0.50749193948260451,0.83230473920896386,0.22298150696970842,0.29908113960581745,-0.07254326291333818,0.95146620903633261,1.1530934315465728,13.904629780055846,-3.5451532549861673,,0.1003582986402007,0.3571428571428572,0,5
-0.78636810762957088,-0.56663403285950986,-0.24607127444798854,0.53994214285683662,-0.82396638705783487,0.17187750104660982,-0.30014610054148094,0.0022947340211624829,0.95389048245881791,-10.242782455943303,-4.604913278030959,-2.4744770748988874,,0.08479834832894052,0.4596774193548387,0,3
-0.97341697461202736,0.007292030279068132,-0.22892404817226267,-0.039216421162370514,-0.99003954812948836,0.13521747465018527,-0.22565785128903196,0.14060056697598014,0.96400726901701794,1.8299374991693524,3.699249329318961,-1.4059272762741124,0.5387899871372759,0.3483746170539797,0.5932203389830508,1,5
0.92609676664831342,0.31115430948652983,-0.21337238455690699,-0.256471910572178,0.93397446606956913,0.24882495015074424,0.27670731448770292,-0.17571195866538056,0.94475307339588943,-18.587820099559494,-10.347817391979984,-3.0113594065245457,0.4861242522594566,0.3078785631336672,0.8695652173913043,1,1
0.45707524329525256,0.8893621154694159,0.010828182412156389,-0.84322728878638742,0.4294279566371812,0.32335641249923136,0.28293101882357052,-0.15692882981205336,0.9462152931343244,-13.034467015425122,-11.071487967333018,-1.5899038451139538,,0.3393216016017627,0.25,0,2
-0.77156917479487941,-0.58646558577897612,-0.24645308925487433,0.56088215852543089,-0.80995221622877278,0.17143106974510877,-0.30015364857719484,-0.0059602116590975881,0.95387224675151128,-16.003054389155555,-4.7589139131536191,-3.6724049997128896,,0.1320453413368715,0.2105263157894737,0,1
0.81345352589304187,-0.49902657025694414,-0.29877390011473481,0.57578241403918429,0.76356694606498032,0.29230143783465878,0.082267690470728336,-0.4098023926901731,0.90845694782417785,-3.5603825001220422,14.452088661989286,-4.7232349399352662,0.5247039636519522,0.3321799197794338,0.2857142857142857,1,5
-0.56029579436281585,0.82816834837363107,0.014346064667124923,-0.82776084025900898,-0.56047262169805756,0.026123392976526289,0.029675143690318578,0.0027617166759654269,0.99955578071859541,-22.631455574668173,13.388608917581083,-8.9193069437285484,,0.5717743222241454,0.3076923076923077,0,1
0.82868211895849497,-0.49977794301482298,-0.25200784391429404,0.55092190543222808,0.80782031817108035,0.20955044181508672,0.09884836788426149,-0.31248734570514519,0.94476486965846185,-7.0555073297169493,-9.3664150384934945,-0.61648377665050158,,0.07444491283945127,0.2244897959183673,0,5
-0.13624359499278438,0.97289426676101998,-0.18685402999929943,-0.98048885395669261,-0.10544420706888014,0.16590095377153966,0.14170141174361511,0.20581123608576884,0.96827808247977698,2.6423533483331028,-3.6773196871047342,0.17664376149338568,,0.09396966720028627,0.3230769230769231,0,2
-0.54533722816705488,-0.72720408792118663,-0.41687110967994478,0.79162630011475077,-0.61031354919207093,0.029071853040494412,-0.27556325687889577,-0.31415217042588178,0.90850058077857199,-28.227786199729703,12.539528324275828,-10.050919453045923,,0.3451010778427637,0.1935483870967742,0,3
-0.39471270727019175,-0.87912362540468292,-0.26710209653756478,0.87744080703324101,-0.44690683564716061,0.17427538668640752,-0.27257936252088311,-0.1655775694566399,0.9477787503529187,-2.4294806319905837,8.672357290325353,-3.3044379900394301,,0.06872785678683863,0.1836734693877551,0,5
0.94319233533239499,0.23778742069839842,-0.23204603234665416,-0.16415186382754221,0.94073078161524981,0.29678234806589121,0.28886395443558827,-0.24183204725421037,0.92632331113314315,8.3789722893994458,1.6530129268408282,0.57421059116597772,,0.2017969608054769,0.4827586206896552,0,2
-0.18768798007466037,0.97193372556680713,-0.14183813042098528,-0.97319199295146364,-0.164469027708675,0.16077090464297722,0.13293068491003904,0.16821049916812453,0.97674697899658636,-13.409282775115635,7.1319388338886656,-5.6023693028614847,0.2824716351988958,0.2186149953618461,0.7555555555555555,1,5
0.35873025293779337,0.92543526624691541,-0.12199251458055588,-0.89454863540757035,0.37816673378020127,0.23827014154624454,0.26663710266510149,0.023653529303566276,0.96350670264085059,7.8195569290436531,-6.1536033722536594,1.9076903992224501,,0.1256046298451429,0.25,0,4
-0.95147587769385611,-0.19851324486804339,-0.2351300614099926,0.15998898275022827,-0.9718275534532631,0.17307435323465217,-0.26286342378743721,0.12705785281125379,0.95643040649790112,-0.63410224031462237,3.7784948216321443,-1.964469238509553,,0.09152136350762616,0.1742424242424243,0,5
-0.93525536473671922,-0.24389293306681759,-0.25654169238401153,0.22562161531108355,-0.9691852863827396,0.098867423166713542,-0.2727494994231987,0.034584936884044508,0.96146325603484317,-15.100471101854486,-2.0492711378771133,-4.0883220131917568,,0.07411068528770326,0.3333333333333333,0,1
-0.92593261034913921,0.31209161078932929,-0.21271489737898386,-0.34385875094365259,-0.9295610407133974,0.13295650035743803,-0.15623687302138681,0.19625263835869347,0.96802631237262926,-5.0018818553800513,-10.472080047607436,0.021145804549663128,,0.1078175306742267,0.6428571428571429,0,2
-0.4549527002832513,0.88655083647736188,-0.083938399116664481,-0.88433579494086723,-0.43869876001216651,0.15966715300929157,0.10472937644845935,0.14687073331701544,0.98359582421014746,6.9754556188925871,3.237777260129171,-0.072415455621750752,,0.1709343594799136,0.45,0,3
0.98273988523581612,-0.045712742261981201,-0.17925585949023751,0.11851272233845092,0.89960602516670218,0.42031385193411763,0.1420459524612486,-0.43430328651606565,0.88949626346079713,-1.1752190281616681,11.221903897631686,-3.4920903107429426,0.578716543093019,0.314503902518384,0.2022471910112359,1,5
0.94657358380042178,0.27201062392282477,-0.17323010975099318,-0.19877318341948447,0.91511481465364697,0.35079067484000342,0.25394423010674921,-0.29761568586775894,0.92029192733662135,3.0885580514334632,-13.41884966427855,2.4389999811251033,,0.2477622617695613,0.3,0,3
-0.15665876946836643,-0.93155489658716428,-0.32812117364342069,0.95981358854395871,-0.22191865935645053,0.17178470210063898,-0.23284309136203057,-0.28802358110737081,0.92888455231587286,-5.4269846624795308,8.3655738972303535,-3.9965451837915995,,0.0830570886695491,0.375,0,3
-0.12933926933394463,0.99068978544837161,-0.042486496871612094,-0.98050370023744837,-0.12138238763472085,0.15452769911173411,0.147931900646323,0.061644667087709708,0.98707450974625621,-9.7063357655653455,-11.362302722510236,-0.83089965559545609,,0.2412947195276391,0.3157894736842105,0,3
-0.73101632192525734,-0.53611332476018592,-0.42213462318725842,0.6125559952322519,-0.78816171637877486,-0.059801852311527307,-0.30064977928462633,-0.30229722434955264,0.90455851019525657,-17.147781972619988,-6.574277685064728,-3.5175526431305641,,0.1254883775879359,0.4615384615384616,0,1
0.95282896614625467,0.24463131466852911,-0.17964543177105599,-0.15607273358366774,0.90256701297072195,0.40126560895351127,0.26030417419700275,-0.35429974171689399,0.8981722718470887,-0.65206631522570191,13.719145327563336,-3.8944518793622751,,0.2294672546480496,0.24,1,5
0.67093488178223515,-0.60416651035436308,-0.42991768069490949,0.74123988136556396,0.5622836037644896,0.36660685646995744,0.020244077677767702,-0.56464145854148051,0.82508799567993141,-18.123367213241199,-21.464685416902494,-0.41336041720394578,,0.2013952735473695,0.3846153846153846,0,2
0.9011138598612316,0.37495136885186636,-0.21772754203844957,-0.32696100449091997,0.91743691397051974,0.22672893601509755,0.28476360917132976,-0.13312017082456429,0.94930959492220313,-12.423293555859951,21.647172370989157,-8.2424822991062481,,0.1974081183433903,0.2,0,1
-0.65384612296264921,0.73562100010390374,-0.17705081669635095,-0.75656116145270624,-0.63873708005116048,0.14010764272176537,-0.010022797416114962,0.22555861050700377,0.97417804161154509,-4.2947037332498663,-13.639267893293795,0.84550645713042316,,0.09698566433681807,0.25,0,5
0.62377174576625738,-0.64461792606888091,-0.44201418368008299,0.78159071379806677,0.51083502304608253,0.35799935102474201,-0.0049764734846639534,-0.56878406150327632,0.82247183908720733,3.6870847327230885,8.9266578685706435,-1.9578456110551374,,0.528446785501228,0.2,0,1
-0.95649696648374893,-0.11259395967063143,-0.269139653995977,0.1334441657286051,-0.98921329356901033,-0.060412866670501317,-0.2594343996858986,-0.093699840298900189,0.9612045215184839,-12.026165259080079,-0.89992618726582019,-3.6766568988128747,,0.3606504615038056,0.1676829268292683,0,1
-0.86326409123728653,-0.4285866953117084,-0.26662436756990182,0.4143316065379315,-0.90337672087460885,0.11063372002032167,-0.28827838733411487,-0.014964784783854022,0.9574296980000222,-8.3252158969366441,-4.0739179998720694,-2.1222162139590779,,0.07151915380897442,0.3225806451612903,0,4
-0.82451832941042325,-0.46360289611562877,-0.32441004790148847,0.47785779957044566,-0.87754640393420424,0.039550377139008538,-0.30302054032018388,-0.1224118607625406,0.94508935476425493,-14.751840308958426,6.7768544898629033,-5.837434740864655,,0.1576936158709016,0.4320987654320987,0,4
0.78967017394589467,0.59704109605312905,-0.14129028984306918,-0.53548315820208947,0.78309453943833585,0.31626054066825388,0.29946419429069676,-0.17408294553326745,0.93809185286531749,-14.857712290630408,-0.026909511898686914,-4.5594777786226244,,0.2123382588255169,0.4666666666666667,0,1
-0.40887425273775546,0.88925426457864831,-0.20505779277274375,-0.90901197589084692,-0.37697621004433512,0.17772496939830298,0.080740777400025124,0.25906715343573922,0.96247864229578761,0.83579803504407324,-12.223828823154571,1.6408738389241526,0.4191184873881149,0.3683075279135231,0.8880597014925373,1,5
-0.70311301945120219,0.67904855129248753,-0.21100982646736582,-0.71043873314537953,-0.68341973179922755,0.16797105891867306,-0.030147774793538706,0.2680121922134257,0.96294370370232529,-14.863818138261896,-8.6887670030407715,-2.563836730366206,,0.09521158783186871,0.45,0,2
0.77481489309172336,-0.58221408801004759,-0.2463506386553303,0.62925302864298949,0.74775999946817939,0.21188583987367623,0.060848232405599979,-0.31918918985137379,0.9457355622451431,0.14513199223841328,2.8259986188935797,-1.6312586239905782,,0.07558904388003657,0.2567567567567567,0,2
0.88671798649725941,-0.35829735512386485,-0.29215444157755033,0.44522430755493719,0.8320367990071087,0.33089285435051624,0.12452521184271804,-0.42348290450648468,0.89730468694099585,-5.3441126675607542,11.84243367357452,-4.6490432514413458,0.5936556821146874,0.3339757099473808,0.6,1,4
0.78535009637736974,0.60010149147043113,-0.15199811201136851,-0.54091825854473408,0.78462649049038802,0.30293350424419807,0.3010525929019523,-0.1556903027028384,0.94081234364314636,-3.8667492385612587,9.8464786956344561,-3.9062783042397742,0.2393310943131349,0.1565020497139759,0.3461538461538461,1,5
-0.055633469777156913,0.97637213461216565,-0.20881180951621967,-0.98143681624875878,-0.015031978196334625,0.19119575137279105,0.18353934932884391,0.21557248058225978,0.95908384037244432,-6.2400508791744755,-6.5890708577521977,-1.1071047625065151,,0.08265078070124102,0.3417721518987342,0,5
-0.87780875620327659,0.45822138081932812,-0.13958851561960492,-0.45566819384281243,-0.88865027361668669,-0.051644828598969739,-0.14771013727190649,0.018271764036791625,0.98886190036126775,7.8989448472721113,-2.0420517674773144,1.1158736240777025,,0.2876387665122356,0.2380952380952381,0,5
-0.75388015102843708,0.62850993142854161,-0.19141573598069569,-0.65471766648982721,-0.74298389993730751,0.1389953294901132,-0.054858865021588613,0.23010908397896779,0.97161737036701012,-4.3691953921931859,9.028691020521963,-3.8513786616908452,,0.08504058984150664,0.1162790697674419,0,3
0.9474662595262936,-0.20421160492771787,-0.24618145233160402,0.26799052519532013,0.92698407207724032,0.26245305965187804,0.17461032462253939,-0.31463971543328961,0.93301290666703396,8.3467319590880109,-7.2030444850625308,2.257895319699267,,0.1028035644815041,0.3,0,3
0.17556636774543213,0.9641838346194328,-0.19881142717470304,-0.95626233766810009,0.21501655528766267,0.19831848756424297,0.2339632280385468,0.15529782358679095,0.95976236325196085,5.3143749501856714,-5.2770847491358444,1.1434487788033598,,0.08154192656044854,0.2727272727272727,0,3
0.9627975031340994,0.19078415898346288,-0.19136972759481977,-0.10042476256407407,0.91008965727021407,0.40205930258325379,0.25087015570348759,-0.36788343318333294,0.89539150351483154,-6.691771081185947,15.872270851912665,-5.7688434573881793,0.300790481742915,0.2327429518434538,0.5434782608695652,1,5
-0.57675468256376761,0.78683163436403758,-0.21965886120251524,-0.81664302507209729,-0.54835878153718154,0.17999115620538808,0.021170870125302225,0.28319361905783808,0.95882906108600086,1.7372976553603561,1.7570604199291631,-1.0622818637570932,0.2065251947597111,0.1492035538686249,0.7657657657657657,1,5
-0.58047722881099117,0.80639419375401988,-0.11302473672482895,-0.8142446964170077,-0.57360930676656996,0.089319301091929315,0.0071945249104957421,0.14387761281929823,0.98956933629773136,-5.6363069819681852,9.3592566572576015,-4.2866570037584237,,0.2631506045540816,0.6612903225806451,0,4
-0.43720027629915725,-0.78983241667640613,-0.43014029335909459,0.84822316375202556,-0.52110173357764611,0.09471244763427783,-0.29895381395534071,-0.32344665221559993,0.8977799732072862,-11.509262773732319,-10.882788030819649,-1.3300809773977775,,0.7750559236718834,0.3513513513513514,0,3
-0.32569820301818109,0.94323610599328989,0.065010221514326894,-0.9363735468267228,-0.331316945298336,0.11590367794561879,0.13086352186102085,-0.023124232069275139,0.9911306717771049,6.8235201094106257,-7.4046447372238715,1.9009163989954407,,0.5936166964815448,0.5833333333333334,0,2
-0.5855448069224225,0.80468848323890196,-0.098049599840370844,-0.81047991415239062,-0.57872705080701137,0.09053899391837178,0.016111729941725373,0.13248186897418346,0.99105447204045782,8.2834289960977721,-8.8246893100919941,2.5441814301936363,0.6572963192175298,0.3624974260456069,0.5348837209302325,1,5
-0.43394918074455902,0.88154410182305742,-0.18592499851312297,-0.89801634861976598,-0.40662704392264537,0.1679913234734271,0.072489627828735567,0.23986338547537805,0.96809648804524706,-3.4976432283675316,-12.902063947674307,0.85904873949514327,,0.07591772528382859,0.2903225806451613,0,4
-0.50396790426944771,0.84344445469768514,-0.18605860180595168,-0.8621990314753003,-0.4784798166059861,0.16634270414946414,0.051275545724205195,0.24425093027545836,0.96835546235370495,-1.471892077518917,-12.580358620308338,1.2212769245354314,,0.08699640374069814,0.1363636363636364,0,4
-0.9362901706269926,0.29919231542438812,-0.18396922236687355,-0.32140191636594434,-0.94107549521136891,0.1052507504437708,-0.14163871131712963,0.15767330371268279,0.97728071952369555,6.8771619966864703,-10.964949906772807,2.6977934629212963,,0.1131473193004052,0.5,0,4
-0.66558874277148783,0.74518485291420267,-0.04112372165929077,-0.74599942133337105,-0.66590485520250053,0.0074556815929158185,-0.021828624925725779,0.035640690298838769,0.99912624444004916,6.7356266703642937,10.618016008261561,-1.5328661319076309,0.9149576904062116,0.5818163440834876,0.3846153846153846,1,5
-0.58157152903035347,-0.69359016651088679,-0.42509673903794692,0.75866854625856728,-0.65102399119464693,0.024285794343685472,-0.29359256383499954,-0.30838359847500285,0.90482206132056653,5.9010392913041043,-3.336917695096794,0.80249192540528802,,0.1873756599117017,0.3076923076923077,0,1
0.66650163194715795,0.73792155308324492,-0.1060535530144459,-0.68242772515216965,0.66117285224543099,0.31167749260618299,0.30011326954236917,-0.1353596725352659,0.9442509118320912,-15.808116503069925,7.6550993882379759,-6.2444282661835757,,0.3532109771540966,0.2077922077922078,0,4
0.91896205455252944,-0.23345497731801496,-0.31781679606030627,0.35127661803577581,0.8508530551521446,0.39070937557167568,0.1792023434945563,-0.47068869978331324,0.86390894658080264,-0.26433036295700868,20.098556747342915,-5.0630617479294173,,0.3645757802351524,0.4545454545454545,0,4
-0.72625803205095885,0.65373372073462743,-0.21255938759774642,-0.68617698615655109,-0.70801828928779553,0.16694683495980586,-0.041357158395874144,0.26709983977614854,0.96278100367683539,-11.328247159778082,3.9686188438102414,-4.5434235422229019,0.1766343378427132,0.1270724723519244,0.7212317666126418,1,6
0.56636383814206048,0.8233519098025508,-0.036381801350206536,-0.76536626752636994,0.54182468757430957,0.34733339094845778,0.30569016892557505,-0.16887166890717195,0.93703568772099566,5.6370110250790537,-15.576922028151573,3.4146107387066587,,0.551921445452108,0.5142857142857142,0,5
0.58953633986549259,0.78120389524329314,-0.20534696986979492,-0.75209556824201573,0.6236137741736224,0.21320909195353741,0.29461697203100851,0.028746038294665745,0.95518296942190251,-4.1983931460121564,-6.24135006326369,-0.68771167513471643,0.1244416928836643,0.09641523174741737,0.55,1,5
0.90049946110850654,0.40552714059895095,-0.15699827636292454,-0.32850973402030176,0.87094789227864722,0.36541910676549688,0.28492468337650428,-0.27748424671145144,0.91750772074668563,6.3897629769428299,-5.5942607525181511,1.4565287693762936,,0.4053512430538235,0.1666666666666667,0,1
0.96431842323129002,-0.11265480405047018,-0.23958062054571222,0.17464421382035838,0.95080694801309695,0.25586235789793033,0.19897079483126989,-0.28857415465417169,0.93655516659182569,-6.6562831326905814,13.171435913911166,-5.1498086666916736,,0.09596631243680688,0.2222222222222222,0,5
0.58777035470046135,-0.77060552998325027,-0.24635975177477371,0.8086370883356796,0.5501226982630435,0.20849718516992707,-0.025140992488135425,-0.32176409683962948,0.94648602550787253,3.1882861602009029,-11.247437098446682,1.9909018852272158,0.1856755209677763,0.176106858868547,0.6666666666666666,1,5
0.2223162586412821,-0.92709698575126864,-0.30177253048389813,0.96551071056375926,0.16632579733758282,0.20031174934756665,-0.13551586228337828,-0.3358971690129734,0.93209899845384581,1.513105497893789,19.252765384010363,-4.4672172027303683,,0.1370553749717673,0.4516129032258064,0,3
0.9478945677148104,-0.19150158644183665,-0.25460367414280027,0.26433158266410017,0.9188487556999172,0.29299450260202298,0.17783335711571482,-0.34502768952502155,0.92159166150632066,-10.137385378867521,12.803167598640847,-5.8795250014720413,,0.6397982542358956,0.2368421052631579,0,3
-0.94013515070963216,0.1207739803080748,-0.31868408193808656,-0.11798786693337804,-0.99261713002365204,-0.028108654185479996,-0.31972607284468957,0.011174921214585598,0.94744411944935247,-18.932323084212108,2.0086044974291219,-5.8382495748163024,,0.2404359135988435,0.2727272727272727,0,2
-0.67614853285815313,0.73072422400820236,-0.094155562562060424,-0.73659939338546443,-0.67316561270772624,0.06534058105035484,-0.015636341577664387,0.11353486828037757,0.99341096153939434,-12.226246212950398,-14.629763583712558,-0.65311294886461058,,0.4174490634947442,0.4166666666666667,0,4
0.97117331583271138,0.093722475966378047,-0.21917684210068442,-0.0096344178164066412,0.93414595239837861,0.35676114924563396,0.23817969814372411,-0.34436526700069253,0.90812058355468739,-6.108397233590046,-14.789009518633218,0.72429163008942776,,0.1453098233429685,0.1111111111111111,0,1
-0.80448341722933048,0.59103841013485736,-0.058991771869308506,-0.59169504300140319,-0.80612688635841467,-0.0075112700428352349,-0.051994302481982446,0.028862446801147055,0.99823020975828225,2.9988391424328547,1.6970569126468038,-0.7599574732651857,0.2240654290915376,0.1242415715726708,0.3945578231292517,1,5
0.027578278414081531,-0.88314827308261834,-0.4682825710091113,0.98138373739350937,-0.065152237778958219,0.18066860793159653,-0.19006682650915768,-0.46454742886338529,0.86491056635767538,-9.7171419914563621,0.74545625577378394,-3.5462646765883998,,0.1582164507959412,0.3636363636363636,0,1
0.94448698083152327,-0.22709234886922511,-0.23743084914309606,0.27724671652473004,0.93865459299192744,0.20508976871461582,0.17629123975969235,-0.25953153977930488,0.94950765065046894,-4.1475365891162062,7.4425958884667889,-3.4643491309702172,0.2741066322911247,0.2460842717820587,0.8932584269662921,1,4
-0.92745657081418886,0.29457571602750077,-0.23032467688129066,-0.33908554714257555,-0.92219262815870418,0.18596168500194415,-0.15762392258983352,0.25057115575546085,0.95517998038629692,-15.998034459441346,-0.9974408681410446,-4.5552330466447248,,0.0965185037621277,0.225,1,1
-0.61371171305488836,0.75775479103927568,-0.22173319534129243,-0.78944393505918664,-0.58479655774417405,0.18652415245440279,0.011670760793659637,0.28951798339237966,0.95710142128977538,-2.9178238498221698,1.586466506455916,-2.0922073600380715,0.2344308645732739,0.2234176301060571,0.8234519104084321,1,5
0.05549422267548812,0.99728459425234206,0.048413110998838896,-0.97418204662729213,0.043453906721911399,0.22154254223436365,0.21883722553236853,-0.059457514727290654,0.97394818787436011,-13.439147453688841,17.433757069060821,-7.6486515489003688,,0.4637296308753696,0.2666666666666667,0,4
-0.46105401608857177,0.87331378727446451,-0.15732839287595485,-0.88510498249100067,-0.4399250249666129,0.15183919908156474,0.063390568842731185,0.20925821695803679,0.97580358393343603,-2.3597867595063868,-1.988060485972611,-1.2944470605558076,,0.1429112812839416,0.2217898832684825,1,5
0.33039856204555174,0.92995385616833004,-0.16131526770856208,-0.90956620297839064,0.35935613660471377,0.20869233211598368,0.25204387038312481,0.077775269091065635,0.96458534869658219,-24.989537599855229,5.7928166345751331,-7.8854479717327788,0.7637227075641715,0.8535663300374295,0.9708222811671088,1,5
0.29528737011585243,-0.85756379882193978,-0.42117656629986816,0.94739000285710873,0.20582821748911068,0.24512634981099615,-0.12352146184558747,-0.47140118353196697,0.87322584285406368,-15.439297509582547,12.224065220603698,-7.0554275979472809,,0.3085730836568254,0.3333333333333333,0,3
0.45852811674946448,0.88394386964157678,-0.091625332049958083,-0.83998386815108983,0.46475391045856856,0.28005518020454817,0.29013629107046024,-0.051449373529171533,0.95560132616449067,3.9510525271165871,-6.1619651914274565,1.0344148960461914,0.7130915144128753,0.6348813437631821,0.6190476190476191,1,5
0.96783128749291591,0.12633178791502092,-0.21758418672320498,-0.063987833244766354,0.95995773525560291,0.27273925958609896,0.24332726141237096,-0.25004284809833627,0.93716082822983349,5.7928716869104351,12.387136822023965,-2.1212846496322961,,0.1219804334300656,0.4736842105263158,0,3
-0.60283535609816141,-0.73937043110847467,-0.29986813608729906,0.74055057704366678,-0.65838429249616837,0.13459185055051209,-0.29694170518520069,-0.14093079506192963,0.94443852882276946,-10.761925342497602,5.0166848024321498,-4.5931725531091034,,0.07405938921258828,0.2863849765258216,0,5
0.11802745952482416,0.99210784976792887,-0.042326507379818835,-0.96847667963822814,0.12442308161938995,0.21580504571777051,0.21936827435850967,0.015521314029182911,0.9755186564160514,3.8636098243418817,-3.7183856505923223,0.516333674635019,0.4007120287878856,0.3395400162343322,0.7146892655367232,1,5
0.81052270687944417,0.54260210602557646,-0.22053547598839573,-0.50408805204069085,0.83796527711493418,0.20906800362445221,0.29824181031948049,-0.058285065722715496,0.95270912333778879,-3.839736449700764,-8.4140186235076957,-0.16602188207958568,0.829284552871894,0.8108031294262594,0.7421875,1,1
0.42642573667582745,0.88181635507155876,-0.20139763411914446,-0.8614368843850313,0.46381928506812115,0.20687717375270714,0.2758397819776704,0.085273599239200901,0.95741361383223689,-7.2225418303765121,8.9724567584136867,-4.5536227079264355,0.2298745130128737,0.1059586997168372,0.5396825396825397,1,5
-0.51731868400936731,0.84491228046690203,-0.13603167826295109,-0.85440691590307094,-0.50087172343039554,0.13826184840680833,0.048684712506272126,0.18775184415627966,0.9810091965848724,-5.5348317956401072,-13.013843797872555,0.47120851958828985,0.1438381854184443,0.1353365307381082,0.1290322580645161,1,5
-0.41567200949298522,0.8856155072501205,-0.20712786833783778,-0.90641887051561887,-0.38459816944584596,0.17461122309890401,0.074977407912347194,0.26032560645664005,0.96260530173364856,-7.000781008374382,-14.556823170128911,0.46421479693504808,,0.07561737817848049,0.5416666666666666,0,4
-0.47247496435928144,0.86366213956595361,-0.17565624592953155,-0.87925822775117091,-0.44819621240313767,0.1613230427414295,0.06060014014478271,0.23066829835901123,0.97114353169168144,-4.0578737129037457,-3.8240911221052523,-1.2975430778100805,0.3299521993737048,0.2991478693041503,0.8675645342312009,1,5
0.94814086963589161,0.2424202497120555,-0.20557556726332885,-0.17319259322764519,0.93634784049135489,0.30538016841022814,0.26652057514792032,-0.25393925284744862,0.92977504746368655,1.9642915168322395,8.5485584669399586,-2.2448581258077476,0.2686206494676151,0.2317681775106231,0.564625850340136,1,5
0.96763154427175724,-0.026659733168204903,-0.25095508195223881,0.14547787653768821,0.87148261166661234,0.46835269295780324,0.20621683240788047,-0.48970125197934838,0.84715246670331956,-10.422937166239134,27.589244254304003,-8.9568089823530741,,0.3304001992329485,0.2222222222222222,0,1
-0.91408163410122767,-0.29548674128501268,-0.27774512043165217,0.2836138078144812,-0.95534234753025249,0.082971121677102175,-0.2898585417333765,-0.0029299727216951805,0.95706501401109101,-16.581630164425125,-12.145537126681447,-2.2255211656568092,0.213280917914476,0.2617422671117418,0.7222222222222222,1,3
0.93783458427258171,0.30936845312398426,-0.15734501184959035,-0.21623366257540932,0.87539490362373495,0.43235028146031795,0.27149455926684529,-0.37144975827326276,0.88787148921858972,-30.65032688615165,15.754584309126983,-11.282060429254212,,0.2716566291595826,0.2222222222222222,0,1
0.2987739775433958,0.95006926670304814,-0.090013881203021673,-0.91930776458342811,0.31184413823392082,0.24005513413748217,0.2561393064711463,0.011028232654259148,0.96657696732593634,7.4365592091372195,0.51453246959171195,0.55948486478281223,,0.1639572842010325,0.3125,1,2
0.016946684017199242,0.9856882381802442,-0.16772449735785952,-0.98141160799566618,0.048470621367871135,0.18569290389127047,0.19116502188470924,0.16145988968576036,0.96818729511932733,1.2171317489334892,-8.456287337537276,0.92979644686327279,0.2180823945138946,0.1114583460628644,0.3,1,5
-0.40761091861151488,-0.82060353694434662,-0.40057854932972431,0.87113330139885348,-0.48098522681330419,0.098893795464070539,-0.27382496274556872,-0.30864712333307703,0.91090989841784287,-0.87673082471163966,-3.2003183708205505,-0.70200820937532193,,0.4630111153027625,0.1397849462365591,0,1
-0.96033378142447223,-0.14394489714680045,-0.23882817011477525,0.1150856148115241,-0.98471455338737612,0.13073847792656443,-0.25399671162916371,0.09806689009292735,0.96222063766532961,-0.90603756170252769,-10.131809320455451,0.91711071441071668,,0.09179178108834561,0.4090909090909091,1,7
0.70197034934001634,-0.63236502430318231,-0.32764631034927144,0.70988243207868063,0.65837529853902321,0.25021770301021778,0.057485313546268166,-0.408235768045486,0.91106475972611256,-1.7693209278654491,-17.372953873720398,2.2110305766853138,,0.760843440176889,0.5666666666666667,0,4
-0.36617995672601267,0.90597711173355699,-0.21240930372057268,-0.92553685068932956,-0.33094612868888529,0.18400053783051426,0.096404239057285207,0.26396994700299281,0.95970104187242777,-6.0433578096629024,-2.3311888640582401,-2.0207286717669519,,0.08558152171505495,0.4811320754716981,0,5
0.46940477470242009,-0.7849507182504234,-0.4043655863259315,0.87886120040096172,0.37114363942027667,0.299758885352298,-0.085218236993912497,-0.49608947664309089,0.86407932694147516,-10.830076709288921,14.065241603929186,-6.4148297844442501,,0.2605196261316643,0.3043478260869565,0,3
-0.9668510593388181,-0.043506150225563249,-0.25160732093473726,0.056235970019744293,-0.99746403829045294,-0.043623479838733582,-0.24907136473577923,-0.056326789450959071,0.96684577263325888,5.9664363992342766,16.927797512226828,-2.9456046217907277,,0.4297881804418064,0.6296296296296297,0,5
-0.97084509243178363,-0.019363643761085958,-0.2389243725562864,0.015236146793000884,-0.99970128313773521,0.01911031982117619,-0.23922304724257551,0.014912873400497592,0.97085011195081838,-17.282142869820447,-5.2613888210256201,-3.8316821039349076,,0.1590818595860474,0.3571428571428572,0,1
0.97153061063866564,-0.053705573276708274,-0.2307465795869606,0.10813966510242878,0.96711228155167983,0.23021652352391792,0.2107939406709689,-0.24861525751836755,0.94538688816033367,-1.0247503988817979,9.3913572875946514,-3.1249155453740509,,0.1002756906635856,0.2352941176470588,0,4
-0.75856242979725874,-0.59835498301881773,-0.25798130629297411,0.58137440863895251,-0.80029682162903371,0.14672693777958812,-0.29425641382948198,-0.038682186947186656,0.95494337598267853,-3.6915796210435481,8.1456693566499183,-3.5137954666906435,0.5086473333713197,0.2172003930836132,0.169811320754717,1,2
0.72261902826090563,0.6636188765580201,-0.19347280602487049,-0.62213489134136479,0.74636704300806633,0.23639884535899239,0.30128046231200328,-0.050460120761523432,0.95219948500395601,-8.8887436706973233,-13.450685690488912,-0.17823205533397732,0.595688024071427,0.5360174039602491,0.9545454545454546,1,5
-0.46375909734267562,0.86308001370911447,-0.20005096742525377,-0.88452546695573497,-0.43819922177083553,0.15998793812713252,0.050420213591809558,0.25114603714832417,0.96663512769092286,-11.962785478956466,-7.1514282608902509,-2.2256188984929257,0.2627704408470195,0.2656517617249981,0.358974358974359,1,3
-0.28931636740740163,0.93583684948891133,-0.20125961017763891,-0.94962167892119775,-0.25413804832779707,0.18339171004989585,0.12047699561772003,0.24417871228018237,0.96221725717018858,-19.432935039271587,11.43558102869047,-7.7862043987219289,0.3596495735955693,0.2609282001296565,0.925531914893617,1,3
0.91199701628566787,0.34887851919070323,-0.21574341504051076,-0.29280308176376452,0.922023355836047,0.25325735251415099,0.28727651765447565,-0.1677996130512128,0.94303525504838959,-17.167797078234198,14.259574844929389,-7.9002966140233628,,0.1161858526277354,0.3846153846153846,0,3
-0.96302797705470966,-0.055107921714373058,-0.26370482053659144,0.092870346341245358,-0.98676271894566037,-0.1329452340981975,-0.2528877501587819,-0.15252033786774108,0.95539799683500437,-16.453087849501845,-3.5578634756914536,-4.0067136679340676,,0.6649425000877055,0.2916666666666667,0,1
0.42059391003230562,0.90037707568500513,-0.1114535079064615,-0.86474893471132519,0.43501392299024511,0.25094255661458803,0.27442675299497571,-0.009165608848079921,0.96156432382606538,1.8470162881105352,-6.8385219327657945,0.69594812718741939,0.2530258176776622,0.2982775929607701,0.2307692307692308,1,2
0.9680533926502588,-0.066684198983912507,-0.24171439051946672,0.15065638136835777,0.92526965195618704,0.34810734827329931,0.20043773030873008,-0.37340231490277365,0.9057568258058748,6.73788623052888,-12.602047384419135,3.03213226684327,0.5019253365600782,0.2197512992707931,0.1111111111111111,1,6
0.48292704818789528,0.85197638301992551,-0.20228126187270135,-0.82903889498717831,0.51921948127894157,0.20761898000632281,0.28191483949406676,0.067434212657321205,0.95706669058970084,-3.1454387653739881,-11.039897895449444,0.56710188904260217,0.36927276490089,0.2815190192439659,0.8230088495575221,1,4
0.087490324990808999,0.9749662387256598,-0.20441691803307716,-0.97235338744194844,0.12818026312851422,0.19518890868712996,0.21650481048505718,0.18168834164426734,0.95922625774495174,1.2162851915262611,12.412369182679132,-3.2307530229430794,,0.0738988953390424,0.32,0,5
-0.46535209765809032,0.86140219968346321,-0.20355263590950495,-0.88283478544220639,-0.4351724605033046,0.17671352872011453,0.063640920942660953,0.26193735892383169,0.96298424347523925,-7.1585078246908145,-4.0728180957302511,-1.8969979460370179,0.5068548679308041,0.4808803935163246,0.9455587392550143,1,5
0.43211612488932144,0.90180300174197014,0.0051962159124341618,-0.86178700785059714,0.41123033806680731,0.29700633352400779,0.26570436148198856,-0.13281925727330188,0.95486137066425347,-13.04679216946505,-24.471299265895944,1.3211940916086737,,0.2630137089845162,0.5,0,5
0.83515857108494507,-0.48995323104398569,-0.2499119695671056,0.5418110126916762,0.81103721283164576,0.22058890708350434,0.094609659492947876,-0.31963177375197427,0.94280673604869492,-5.3203607767447894,-7.7280337274772615,-0.69674233045351941,,0.1339203589948005,0.5454545454545454,1,2
0.77680104997778365,0.598348620870776,-0.19636460132990771,-0.55158044932492656,0.79692194861118659,0.24632177277752343,0.30387355376196468,-0.083032136692908695,0.94908720758436349,-7.1993166313438941,-19.910380994883308,1.6213896958065876,0.2201284124874238,0.1797431921386449,0.7352941176470589,1,5
0.97115324003059367,0.063093389573017383,-0.22995784085407389,-0.0053053534418618879,0.96983900148568181,0.24368866289204422,0.23839722650009385,-0.23543902690387356,0.94219702133238548,-2.3808767009104566,13.507026854975456,-4.3124901053146081,,0.07606614535166045,0.3225806451612903,0,5
-0.95252764589918537,-0.18625579375412621,-0.24083160733337419,0.16072858462089593,-0.97945572454306773,0.12179000675580004,-0.25856799083320348,0.077299825050479498,0.96289528566903126,0.61891107432278614,-20.318788642067616,3.3913512532252685,,0.1503582224145995,0.4375,0,5
-0.70482250821910064,0.70608313574928749,-0.068350839923076903,-0.70877669954728517,-0.70492796719770268,0.026686161982812175,-0.029339769709292716,0.067254490355430144,0.99730437251645365,-20.58352093949944,25.845631329631715,-10.935440576984846,,0.2680912397722853,0.4705882352941176,0,1
0.76156402458309502,-0.59594427239209435,-0.25469719406357172,0.64542912174123557,0.73298712517632603,0.21482812463474732,0.058664173642321571,-0.32799435746488498,0.94285641335362447,-10.422310480331841,-3.4278870307142379,-2.7673309683857927,0.1272336014387175,0.1118106984231091,0.5512820512820513,1,3
-0.96447331729450003,0.15662874387995906,-0.21274082075974343,-0.158586234369783,-0.98731319366603698,-0.007941277062488275,-0.21128565141853639,0.026078615829011931,0.97707639378970157,-13.244911676657093,-9.3691939699424651,-2.0171692770953817,,0.1859337446777146,0.2,0,2
0.3831204250437712,0.92369049944921711,0.0038211440089057883,-0.90055752583476101,0.37259897124151498,0.22397801073350751,0.20546260627339163,-0.089251710667198253,0.9745867070539822,8.1219893480670784,4.0083754132774763,0.10300107672267415,,0.3953628362844774,0.2307692307692308,0,2
-0.72150742381236421,-0.61458846391414601,-0.31891700708381043,0.62439457934388609,-0.77658425934950681,0.083954138769620032,-0.29926317292579829,-0.13855651610165273,0.9440570137317742,-10.357966319284337,8.8296174420683649,-5.2241815750549927,,0.07228496246257052,0.2941176470588235,0,2
0.93969349427446269,0.26745985068972045,-0.21316980341334285,-0.20924085064306341,0.94258977128992172,0.26027445030540514,0.27054464186233307,-0.19997437668022863,0.94170900252197665,-6.9524516789853585,-18.728771474628211,1.4023289198847422,,0.1056185918456248,0.2666666666666667,0,1
0.96779398392904636,0.11415093463360382,-0.22437550845183338,-0.061706563150126244,0.97166265302147481,0.22817534658123784,0.24406373088794556,-0.20698128622062245,0.94741313185933418,2.2327844322778474,-20.263569006479408,3.7346209191162623,0.2569491515011928,0.3304332885207595,0.4814814814814815,1,4
