axis_00,axis_01,axis_02,axis_10,axis_11,axis_12,axis_20,axis_21,axis_22,location_x,location_y,location_z,dbh,dbh_approximation,score,reconstructed,number_clusters
0.87292448670624878,-0.43842908969942107,-0.21396909546466972,0.47376824645367499,0.86646939537159495,0.15739896929965205,0.11638938594580585,-0.238769177637567,0.96407613322259889,20.672231682096527,-3.7791768789025411,0.9423395125334304,,0.537232404349435,0.1,0,5
0.15998766973153244,0.98670240339083437,-0.028675994780041927,-0.98696629075093756,0.16040639669016224,0.012935564240245952,0.017363365319239668,0.02623270942219175,0.99950505676617829,4.1351539552417824,-24.809381279826773,-0.63381805070998354,,0.1342259636549333,0.5454545454545454,0,3
0.73575092165513389,-0.66499972732467738,-0.12824174024757196,0.67580292051033097,0.73327539356525584,0.074817175978693543,0.044283110926498018,-0.14171294877259449,0.98891680450725861,-1.6486327879910414,13.38363179429278,-1.1280681673134674,0.8774049855253095,0.3249988022254642,0.1142857142857143,1,3
0.84374274607277333,-0.52017308946897911,-0.13235609333110493,0.53329119751250742,0.84036231509122616,0.096910670362915979,0.060816750202969935,-0.15235201464638232,0.98645333722783723,4.3067819118806803,-8.1693324902863136,-0.76726591851257619,0.6490425163655531,0.221019944509817,0.3134328358208955,1,5
0.99173155024901194,-0.079636448337695315,-0.1006308518141832,0.097922761482480303,0.97643441018306842,0.1923199817857926,0.082943746143611038,-0.20058384458026504,0.97615903226321832,8.7429903623171477,-18.896201315239228,-0.29188871446749226,,0.7180957174816472,0.5833333333333334,0,1
-0.51438839546797044,0.85708265842349129,-0.028528849216312813,-0.85671426774002202,-0.51507303970240881,-0.027210792388286404,-0.038016339363020124,0.010444156329796258,0.99922253654528526,9.9861030526114796,-12.102083484681867,-0.22280987145527462,0.3707853289127326,0.3652167344055523,0.8813559322033898,1,5
0.030158810347684348,-0.98635480246188967,-0.16184761295360148,0.99944091028233384,0.032095804021710354,-0.009366227534058285,0.014433052775909585,-0.16147465133749742,0.98677131290030995,3.0598319326678212,-2.4461958853065613,-0.95328075507779431,0.7603955731742965,0.6397736867158431,0.8830917874396135,1,3
0.43988011110202646,-0.88466189515430993,-0.15452772928783262,0.89765576880730158,0.43826570481159882,0.046230863208088217,0.026825521128980914,-0.15904874488023241,0.98690622055400046,-8.0383670946513526,17.672811353495192,-1.6549503845496039,,0.07539728876279692,0.2352941176470588,0,4
0.27006075605918478,0.96278103542164939,-0.010948327231050131,-0.96223993121229368,0.27027656007259332,0.032324848891929617,0.034080827708577711,0.0018052445104419195,0.99941744945490907,-14.391298387081838,11.073954831974886,-2.3495727643288493,,0.07156882277956819,0.1785714285714286,0,2
-0.01873034074917336,-0.97818975780314532,-0.20686703957963967,0.99841860527062842,-0.029267978008018038,0.047996605221370524,-0.05300436760186629,-0.20564090836296786,0.9771910528769594,-16.203137207680658,-23.2578125200478,-2.4554328169312249,,0.2482134856288561,0.2222222222222222,0,2
-0.98700007089503605,0.13979556398468992,-0.079297290895708472,-0.1390750897941059,-0.99017473195463745,-0.014564326188527576,-0.080554201950969129,-0.0033467131288651198,0.99674461125168778,12.852773952935973,-3.2798517527910627,0.13238033555371179,,0.0724753946145261,0.25,0,5
0.27968222705885454,0.95897238287430675,0.046366159553848117,-0.9594729964392068,0.27744082622100924,0.049377697898681697,0.034487982999431718,-0.058297142555851611,0.99770337385339791,-13.451011963104108,13.854362455416837,-2.2645662641574535,,0.1092117577767642,0.3076923076923077,0,1
-0.96198301747416581,-0.24540623453361682,-0.11985180075131222,0.25704491412202329,-0.96184660196312255,-0.093696458929878365,-0.09228535211669564,-0.12094169811949945,0.98836052098445915,0.42051485628140522,-10.70798253634173,-1.1558140760207638,,0.07839176255166316,0.3414634146341464,0,5
-0.43202532085796541,0.90053974434412365,0.048808718424004728,-0.90185409926366311,-0.43116973733142527,-0.027419723756415659,-0.0036477087192274145,-0.055864357744196659,0.99843170410145199,12.835459068176489,7.3614242173538136,0.20802825237657793,,0.2868568219548159,0.15625,0,5
-0.70777687411204704,-0.69061830671080315,-0.14865480452405,0.70362966453244169,-0.70791850123875433,-0.061291849326320771,-0.062906213223688112,-0.14797888376312279,0.98698787140373556,-4.4802008317593875,-23.465170881975823,-1.4549344801449551,0.3676531079673274,0.2765623571323458,0.4347826086956522,1,5
0.98860142562137132,0.12742494554104727,-0.08018793246650853,-0.12183158232212057,0.98999564712841537,0.071173620223217035,0.088454998774973384,-0.060592919723772357,0.99423549085267937,-3.2325140331885547,14.307668687488523,-1.2517118482137486,,0.07497951242249035,0.1666666666666667,0,5
-0.66359549137273099,-0.72682807727186749,-0.17709311087409124,0.74530646030469871,-0.6627414363850217,-0.072746606287841034,-0.064492666698342138,-0.18026295955519508,0.98150189065255378,4.6281445033424022,-10.512815177582345,-0.74377962358367689,,0.1327348189297927,0.2678571428571428,1,5
-0.57690341106575449,-0.79326173177725745,-0.19472616464780065,0.81596044275233326,-0.57057096710760125,-0.093044759966973506,-0.037296248660049033,-0.2125666869282247,0.97643453105891576,9.6910357650131189,5.603428510917194,-0.060358603853650904,0.1215932588702428,0.1444018316221842,0.36,1,5
0.89898597287771442,0.43681885885652394,0.031835595116041927,-0.43070462741492915,0.86852799874430908,0.24526035007838468,0.079484240529021602,-0.23419735255653293,0.96893439177430107,14.30165341023857,-15.311964010302145,0.25751083571389427,,0.5184351677360716,0.4827586206896552,0,2
0.38586470743943685,-0.91532066636854192,-0.11531047338089438,0.92211212107646645,0.38652890433302806,0.017454004668521827,0.028594819750048867,-0.11306406959665369,0.99317614371757101,15.118318990720162,4.8820021967261233,0.41778629090012309,,0.08895810150286966,0.25,0,5
0.29568781455139348,0.95418402158894067,-0.045842875893399401,-0.95412965001222494,0.29734914086971226,0.034929921150698762,0.046960912399257482,0.0334116950842204,0.99833778418841257,14.228356854634947,11.847735938566878,0.45374015209933005,0.7670695751290375,0.3657299437334102,0.5384615384615384,1,4
-0.78284794303897676,-0.61218559836967645,-0.11125597165277887,0.61741251529339281,-0.78645763560391357,-0.016916659226565014,-0.077141973261829908,-0.08193400117816034,0.99364779243563373,9.7970089270302747,7.6576531942937871,-0.056351266630670055,0.6252938489436068,0.610380830844314,0.9831223628691983,1,5
-0.99611782262029169,-0.044511425545087392,-0.075947458510163171,0.055458539903338225,-0.98732043648104406,-0.14873703660712911,-0.06836398035514514,-0.15237154820643106,0.98595602208576039,4.856131548863555,2.3463517875145117,-0.73951457959591937,,0.5130651068622706,0.3952941176470588,0,4
-0.61542446691194375,-0.7438794791008102,-0.26056869746548045,0.78630884311960214,-0.60229364109497152,-0.13769812318428568,-0.05450806140437265,-0.28963026511272777,0.95558525562749685,5.2998206709038813,14.494664135232156,-0.38626696601950283,,0.2034444547249312,0.125,0,5
0.38739688295154534,-0.91658616930400783,-0.098961857905108044,0.92163918773050457,0.3876602903444919,0.017340903363999065,0.022469150381845656,-0.097924938246742629,0.99494012068590787,-10.367266081163889,-7.3279240992491985,-2.1306226156297892,,0.08490512207131745,0.4285714285714285,0,1
0.050926516745792669,0.99820474441895424,0.031524246408624015,-0.9948769873219091,0.047946044662141432,0.088999757856629655,0.087328517618377552,-0.035895194953462523,0.99553265390434598,-3.971904219811349,16.036299882504032,-1.302469530405219,,0.1603381536232043,0.2916666666666667,0,4
0.18233260249552891,-0.95063646394498125,-0.25108790390098368,0.98322365829842706,0.17761061411149717,0.04154163594750411,0.0051048829041972681,-0.25444996202223935,0.9670724672936436,-10.001187257442959,-14.558652306716066,-2.0015366021682381,0.5339078047522322,0.3792330436443003,0.4324324324324325,1,5
0.96934897489659,0.24043102013464807,-0.050551848867715736,-0.23088892023150401,0.96180052190756971,0.14707162395465215,0.083981375204637859,-0.13089186611604559,0.987833208595155,-7.7097098698283846,-7.1464298858744559,-1.8928402429906053,0.1572411263312797,0.2180788980747165,0.25,1,4
0.027717060708097867,0.99866406166496968,-0.043610279574081798,-0.99950996170310746,0.028322604017824125,0.013329161935496107,0.014546511676575979,0.043219463676398097,0.99895969736399681,19.041171322305395,5.2836894266755072,0.85880290949369487,0.3782605884864998,0.4329064330116543,0.9340659340659341,1,5
0.86318494521265088,-0.49018255606929401,-0.12096616090298469,0.50032608159155501,0.86260641647257463,0.074726048601440512,0.067716781062556033,-0.12502492545775615,0.98983998988564259,8.0700401042973215,-7.455771315444319,-0.41866827128872497,,0.06964376384392254,0.35,0,5
-0.97519756372298716,-0.20196132795572441,-0.09056121531379363,0.20561853256125692,-0.9780769958666532,-0.032960722440789833,-0.081919050141626454,-0.050764280422594059,0.99534529539103689,12.23700544569507,15.962660788788561,0.30064402096148296,0.4545792186232396,0.4987933332322957,0.8584905660377359,1,5
-0.20525739072981122,0.97862545993404093,0.012712699149895203,-0.97868715187582989,-0.2051508581224874,-0.0091969649767044571,-0.0063923629406706295,-0.014329500357417072,0.9998768939802245,-15.210188816971193,11.594520255543818,-2.4046298378933697,,0.07830547938369603,0.4,0,1
-0.98703825248315336,-0.089583956662897951,-0.13315480781264116,0.11384695609776864,-0.97564031128713291,-0.18752294147335102,-0.11311215108145588,-0.20025158601160981,0.97319316868623751,3.748530085949235,-5.8929887761296929,-0.83831564537427161,0.62185377728263,0.3120511381126474,0.581151832460733,1,3
0.35652484075047353,-0.90906976537483797,-0.21559730890989032,0.93418530605319727,0.3502502750081361,0.067989402196369814,0.013705906834073777,-0.22564774879901223,0.97411254051048646,2.4137579480416438,-8.5369414749840669,-0.94323148283291258,,0.07380471409633792,0.3333333333333333,0,5
-0.68003506878052611,-0.71644249394538118,-0.15576411042980517,0.7307089475171179,-0.67969822575407801,-0.063833814903898792,-0.060139331947503746,-0.15722746190179915,0.98572957040804421,11.968718993639571,6.5875314361302992,0.13209302609616883,,0.1235633914682953,0.2571428571428571,0,4
0.13590157949695303,0.98920225575845988,0.054860349001879499,-0.99047859680382355,0.1344314256075434,0.029670542338363373,0.021975212485035915,-0.058370275067864477,0.99805310531290869,-9.8432030979402114,-8.9833962242042702,-2.0680206357603104,,0.1176211049799489,0.2173913043478261,0,2
0.39812421198824699,0.9121680219130236,0.097193681008679256,-0.91615685797743562,0.39001611446937173,0.092433987445770902,0.046408225667961538,-0.12584486582095186,0.99096384713916585,1.1833971035675206,-11.852513875446732,-1.0803370454679686,0.3828335519102913,0.3100466699600134,0.3846153846153846,1,5
0.98407738723389282,0.1587274127167623,-0.079983150645355258,-0.15415364396794398,0.98619442259039136,0.060474911351806979,0.088477963280804317,-0.047182298628268983,0.99496003975528247,-4.1537059008354511,18.471547868543762,-1.2432786168450252,,0.1076805740842663,0.4482758620689655,0,3
-0.94186695130436915,-0.31864815262265478,-0.10653638285009678,0.32450084798098677,-0.94492593502511624,-0.042593156451831954,-0.087096760561077541,-0.074688232989400416,0.9933961053641629,14.890605259158288,-11.23537166805113,0.30774183502176222,,0.09819843542733915,0.4347826086956522,0,4
0.97427810329854869,0.2136632370100407,-0.071625404594838848,-0.20891794225612753,0.975543605738875,0.068322519753446526,0.084471716192158722,-0.051601302816749191,0.99508885769621902,6.313808042049855,-8.9402902567430171,-0.58985675382211877,,0.07361486454307362,0.4137931034482759,0,5
0.9552696793187998,0.28743133340294413,-0.06959215726188947,-0.2833234096936017,0.95693525566576487,0.063267384832073476,0.084780217584938367,-0.040720327136502039,0.99556726024118902,-11.765975617360578,6.5235741239130389,-2.204832904806115,,0.08217029602588397,0.2040816326530612,0,3
0.97460542405772432,-0.20130883152031989,-0.098076611631867608,0.22062263013384889,0.93820579551941108,0.26663746984738151,0.038339567943413713,-0.28150424438312449,0.95879374107479431,7.9143246492598616,13.451896688453228,-0.14892122113810452,,0.6335723832707063,0.25,0,4
0.52231185917419343,-0.81238575162489879,-0.25926764611660397,0.85274354853859025,0.49603522883226603,0.1636382968107799,-0.0043315345789910614,-0.3065590356100576,0.95184179121008383,-2.6869971916694575,10.01921523630779,-1.285474917740987,0.6414590144515812,0.5495894424547628,0.7184035476718403,1,5
0.64593761498088165,-0.75667597480297832,-0.10102507960290709,0.76319635891549154,0.64307592555609983,0.063124256100983558,0.017202188551093549,-0.11787630434539804,0.99287927845379287,5.9955768892836669,-6.6843288941505037,-0.61978916105487791,0.5194994036849632,0.3060515758525537,0.8157894736842105,1,5
-0.22638146089179165,-0.91610909721318901,-0.33090112748029826,0.97369826157977557,-0.22182472933966113,-0.052014275443456451,-0.025751302122802855,-0.333972920244472,0.94223084166373916,-6.6488774498477152,11.76813491073213,-1.618647119787211,,0.1125996911662791,0.3142857142857143,0,5
0.40671530124916117,-0.90855145931132464,-0.095482508937848959,0.91317565963742953,0.40733130063085365,0.013835684736314979,0.026322582995400728,-0.09281948776867574,0.99533495081545842,8.2033751565709654,-0.52563779837477509,-0.40680618533649621,0.7584840826920046,0.6260846728041192,0.9927884615384616,1,5
0.73569994184842424,-0.64473317606329572,-0.20752042609719332,0.67456211455511561,0.72503762231005131,0.13887548322839002,0.060922484939112891,-0.24215610237679969,0.96832271114051671,-8.3751867644374638,11.458376157311129,-1.8174747536040574,,0.2725833600234094,0.2105263157894737,0,6
0.43789253041426479,-0.88449804715590863,-0.16097619819332365,0.89847942968331307,0.43680343794765608,0.044016713110550165,0.031382260010083561,-0.16390839262982299,0.98597626370119429,-5.7651197676049195,20.825206618750812,-1.3847395232422464,,0.1152087666676076,0.2666666666666667,0,5
0.42747401778427874,-0.89028155607872606,-0.15705003987713631,0.90362845022259164,0.42595024469501896,0.044966798780575884,0.026862391324778599,-0.16113702228320273,0.98656640525715211,-15.872754356711539,-13.456561346062747,-2.503096098546246,,0.131020953575183,0.6,0,2
-0.64527675586266109,-0.72998900063652572,-0.22524201937703872,0.76351058521898019,-0.62622451068970297,-0.1577797467041108,-0.025874593753928754,-0.27378626912452853,0.96144244977894588,-1.1712355766407576,24.042686441918267,-0.87269881311346387,,0.484282872745264,0.6666666666666666,0,2
0.91889599842372804,-0.38066845783539777,-0.10354549381831882,0.38651466935710221,0.92127378346346656,0.043139613752089356,0.078971858611972992,-0.079662670756945539,0.99368873619219455,14.903622032131514,1.4643189994362968,0.43344213030542256,,0.1171779834252668,0.1851851851851852,0,5
-0.16085642347963902,0.9816792844376363,0.10213223551528977,-0.98697643885753472,-0.15981973163903182,-0.018307444358190483,-0.0016492924056822535,-0.10374698012395064,0.99460235468740088,-3.2369150611449444,-5.3881746103058719,-1.5379495483614889,0.2916208394090016,0.1329751683256404,0.2638888888888889,1,6
0.24956261319346565,-0.9571849528778329,-0.14668151921871,0.96828829588743748,0.24849109476268869,0.025883428502471783,0.011673823000656365,-0.14848953433794823,0.98884507383545606,10.348594504364369,-0.20917506336003422,-0.10653727176864056,,0.06752151316526496,0.1355932203389831,0,5
0.18757369955648512,-0.97235269312289219,-0.13909114785403637,0.98224409554417458,0.18619498196311102,0.022977499001511519,0.0035558407305623981,-0.14093143321635793,0.99001297321211068,9.548346423152255,-9.9869003226131721,-0.28542286856987231,,0.08027175427196123,0.4375,0,5
-0.33166063440934423,-0.93712265488034818,-0.10863863628194338,0.94258920257667322,-0.33394115612294584,0.002983191771014269,-0.039074528392082482,-0.10141219826667489,0.99407683167532779,6.9001713421026993,-3.7750300449016598,-0.5138891012649619,0.3891541486791669,0.09567860943497675,0.4814814814814815,1,5
0.86837039592531395,-0.48464164816511451,-0.10514432150294148,0.4911917554982152,0.86973979935742007,0.047784314835476245,0.068289931989234443,-0.093140508252400986,0.99330827586977721,-5.3256336794003376,-8.0344015932069226,-1.6809586321830845,0.3125217425082008,0.2808101100770136,0.8846153846153846,1,5
0.43174773636903846,-0.8697923673939052,-0.2388621564072371,0.90102360391377934,0.42816881545407959,0.069483312117902554,0.041837272024293742,-0.24521970372699362,0.96856437038206666,-22.274421683632731,14.965200993446915,-3.0389124344466385,,0.4710422025926603,0.3181818181818182,0,3
-0.72261006188811028,-0.65769710790098268,-0.21276562860749818,0.68825240228508489,-0.71320329965139773,-0.13285211370229494,-0.064368697414739648,-0.2424367291171885,0.96802949498870539,-4.4077192477056508,9.7814794064471489,-1.455022319058912,,0.1821444786600953,0.2558139534883721,0,5
-0.96796376935600092,-0.21601093299760188,-0.12800553909744869,0.23892795906769729,-0.94913712005219786,-0.20506622763089122,-0.077198261572834062,-0.2290807808711269,0.9703413957188507,-9.0829314558322789,4.0870422542015286,-2.062205322678119,,0.422562218161988,0.169811320754717,0,5
-0.19629941017932279,-0.97655609256914389,-0.088344437455540548,0.98015396149115852,-0.19796429257413151,0.010409161292473995,-0.027654173942446084,-0.084547838125581851,0.99603559661884167,22.011890105436112,-0.82474074596644098,1.0879284939868765,,0.121699162855559,0.6,0,1
-0.23451127589207629,-0.96326391352939933,-0.13087052522052967,0.97165726602621894,-0.23639100239706318,-0.0012047257640088948,-0.029776145786942234,-0.12744381851521289,0.99139873626323405,2.1702411372966894,15.084897695612735,-0.74587330986246603,,0.08586249455959748,0.1851851851851852,0,5
-0.42277693631757235,-0.89347741929362778,-0.15151819471709108,0.90437563397150933,-0.42667246618334459,-0.0074376931674693348,-0.058003230914821124,-0.14017384853610065,0.98842648557695989,-11.000363435377439,-6.0415808123129109,-2.195223778408955,,0.08693946931193602,0.2777777777777778,0,2
0.75617844433143766,-0.64415771935442834,-0.11513033016798642,0.65210839293568479,0.75641555340877509,0.05089355975107504,0.05430289302907159,-0.11356206742305733,0.99204579161008255,0.29212678158867489,18.031530199731666,-0.86854176912921344,,0.07690293557990931,0.36,0,3
-0.61039501474922542,-0.74087792109603368,-0.28021033528710576,0.78980954302309991,-0.59614272103895161,-0.1442731503153559,-0.060156560065675678,-0.30937640857811743,0.9490349972979768,2.7339008564458736,-12.649499556335517,-0.92994171906986778,0.3365700273051464,0.2252544224195303,0.3035714285714285,1,5
0.56086069602979927,0.82593185035830652,-0.057200159201460203,-0.82534815221230695,0.56322018041184252,0.039792662848589837,0.065082311642252644,0.024891905121035757,0.9975693889503352,1.5757260391135977,13.795582112222402,-0.79419200838785042,,0.07289310584049631,0.15,0,5
0.97639540042179496,0.2051627172895486,-0.067529856134403446,-0.18934955022604449,0.96347373968859373,0.18938083524916829,0.10391712979272999,-0.17212382857944669,0.9795787961010568,-2.7755280760975918,-13.198605996881961,-1.4167125557195104,0.8143622878102854,0.5110338323896888,0.8771929824561403,1,3
0.80420445129148643,-0.5730339600929899,-0.15775703186579382,0.59115579329178025,0.79868087573862512,0.11244414963415794,0.061563208010348182,-0.18368706897745579,0.98105506069228654,2.482130309375969,-6.2591714948610413,-0.93811170652955078,,0.06846239930277036,0.3088235294117647,0,5
0.0038771087958167478,0.99819914397332499,-0.059861815862095977,-0.99992931929211337,0.0045427332094391893,0.010987265128310445,0.011239414904581553,0.059814985964304485,0.99814620322210001,3.1147780055927083,-4.2573907357333347,-0.94022872963529869,,0.06671244412100912,0.2466666666666667,0,5
0.39975752645305923,0.91616346660231363,-0.028955526369966528,-0.9155560730941209,0.40061607682325384,0.035550471322000968,0.044170092422398853,0.012298839537736318,0.99894831772290416,-16.329006077626488,12.316555596973473,-2.5273932738606266,,0.09782964971849378,0.2916666666666667,0,1
0.51078918702573572,0.85969857308810715,0.0035734923898915411,-0.85930128474043843,0.51041678899992315,0.032802493052204333,0.026376285959548516,-0.019825865360196808,0.99945546504168936,20.150926658229832,-9.2015555910377422,0.83508780571280394,,0.2019679363234213,0.5,0,5
0.93849904064246781,0.34452564664055052,0.022839210145657929,-0.33508298622266253,0.89282512527725677,0.30096957988765755,0.083300318470399468,-0.29011269272570728,0.9533602060408064,3.5773521411893445,4.7817127248865461,-0.80104172506118532,,0.1244345685688277,0.3478260869565217,0,1
-0.10573304359818726,-0.98148095541058711,-0.15973621273144553,0.99410520758595389,-0.10820444362510395,0.0068289552839297107,-0.023986657581914813,-0.15807255468962186,0.98713611407543256,18.625075189224848,-7.9252097509400299,0.72276463035898963,,0.2170573608698532,0.4,0,4
0.59418176653729415,0.80226543092705471,0.057603877074813972,-0.80261880891219406,0.58672439893206529,0.10750594066459931,0.05245069966162634,-0.11011202494385661,0.99253426443008608,-12.819481953704871,8.0313831882154325,-2.2619173617013613,,0.2580412562930874,0.2222222222222222,0,3
-0.057316412396403491,-0.96437352051563086,-0.25826060829769037,0.99833912455450791,-0.053857616436122038,-0.020453594685481906,0.00581560433178137,-0.25900399626281295,0.96585874156946394,16.749358544222272,-4.2590581767300986,0.5986861244891899,,0.4846539214162098,0.8,0,3
0.16619398329605947,-0.9748196923009923,-0.14868129478313072,0.98609281604275534,0.16440400322578999,0.024336841869960907,0.00071976736388723258,-0.15065819335679551,0.98858565168092982,-6.4006496157779509,12.980711288688711,-1.5656602341519297,0.1290152582613468,0.1761715357622297,0.3870967741935484,1,5
0.34040790513726671,-0.91899861198124078,-0.19890703682024441,0.94017937676988106,0.33573099977477627,0.057857024524490527,0.01360873310252745,-0.20670328242865846,0.97830902858788049,-6.7078564910561242,-8.3672443749215581,-1.8099458103878157,,0.2695303647308561,0.1923076923076923,0,5
0.98233326813484467,-0.14635108822944395,-0.1166306533016678,0.16180505613077681,0.97734804946126808,0.13641815870613411,0.094023795530878668,-0.15287952507878008,0.98376184957826818,2.0775821306915137,16.613237937504412,-0.69934911805837985,,0.1500675364983949,0.3157894736842105,0,3
0.96549610022246746,-0.23049454570840489,-0.121200432564744,0.24530841563409958,0.96119804247361629,0.12618282119200838,0.087413166481330712,-0.15156050786257802,0.98457521336977738,-5.7136083880956212,-15.89725694625553,-1.6600726093604554,0.1039073359797463,0.6249437356843053,0.6767676767676768,1,5
-0.21001423923627158,0.95585637436867665,0.20550574419411621,-0.97766804220273928,-0.20697053421840858,-0.036447183990108815,0.0076953605160743847,-0.20857082620566578,0.97797698944423683,-18.56766344543064,-9.3682004963594068,-2.7575887614404544,,0.3634545818093112,0.25,0,2
-0.92089181054894709,0.38235276242234734,-0.07592521538911283,-0.38293340484484401,-0.92374682920336992,-0.0073350521917821014,-0.072940254440315849,0.022319511749169879,0.99708653520016088,7.2083393831640254,4.4482719565411566,-0.34964417301451772,,0.071193891771968,0.4565217391304348,0,5
-0.69815920696195577,-0.69877830817633724,-0.1558287449621196,0.71386260856630668,-0.69602051972187517,-0.077172613127970344,-0.054533456017031898,-0.16511908474887796,0.98476483996258313,1.8111168197941649,6.9726002645901968,-0.92852425867774036,0.3981425077501236,0.2770992784580684,0.4875,1,5
0.90732143597894599,0.4202148588607208,-0.013685181977893444,-0.40620476866306376,0.88453936405370071,0.22932029861061559,0.10846887907824322,-0.20250823645506227,0.97325480550540822,-1.8909092009196207,20.58474653499578,-1.0201972834324395,,0.3928377240987979,0.28,0,4
-0.95370905299796516,-0.28041568123479588,-0.10865582334761548,0.29509006392003834,-0.94225382527404788,-0.15836534637378868,-0.057973238700201588,-0.18309771837477307,0.98138388468558024,-3.7202449825495094,2.5983302478902739,-1.6095141754957563,,0.1708648174831748,0.3157894736842105,0,2
-0.87829953386736259,0.47526924418511274,-0.052048768862336441,-0.47308907415307005,-0.87964614166097355,-0.049085571993744491,-0.069113361409818982,-0.018488131129828746,0.99743748289402145,-7.0629464083040325,20.383162300954361,-1.5141212701713094,,0.1741009878389534,0.125,0,1
-0.29530476653911236,-0.94704198993949418,-0.12612122799403155,0.95501427277495388,-0.29636713338750698,-0.010689295757757818,-0.027254974874424621,-0.12360417282241645,0.99195724444427524,2.3670015108988567,-5.0472686648604936,-0.97923129548393895,0.6168896540065857,0.4227822871892498,0.4402173913043478,1,3
0.90094328865035056,0.42759864007192372,-0.073895829682961309,-0.42608422265150564,0.90396822864321347,0.035967719014609212,0.082179229999763084,-0.00091902790662114512,0.99661714291113501,-9.6068802787242422,6.6324268472548615,-2.0517634214058518,,0.06877743491211942,0.3157894736842105,0,3
0.73478257422273996,0.67772277898722089,0.028042886093262588,-0.67451107953990164,0.72568528065269056,0.13570437362863327,0.071619635551416899,-0.11862844636031279,0.99035242187698946,-2.683654169667494,-16.69870622710323,-1.3949956436877624,,0.3780910762250666,0.2653061224489796,0,5
0.046303440754216003,-0.99211811330774835,-0.11643728192032965,0.9988986205807947,0.045101369522336975,0.012938789317197533,-0.0075853263677991591,-0.11690815075897457,0.993113763427942,1.921224132700726,-3.1695208313520209,-1.0507107084649194,,0.0861963699692844,0.3892857142857143,0,5
0.77861829930487425,0.62624978100994644,0.039556993978053553,-0.62402176753856098,0.76613885790267544,0.1537142935762148,0.06595739250179411,-0.14436918714385977,0.98732322983802301,-11.50345430930293,9.0072063717027291,-2.1346553471208769,,0.1061680601788411,0.1578947368421053,0,3
0.9417567351774877,0.33597111386944822,-0.014753385820243473,-0.33140914134994848,0.93463211749183306,0.12896040470788706,0.057115959044111833,-0.11655992277817591,0.99153998992699055,7.7152306706722884,10.2986156901465,-0.24208207511418964,,0.7530246807495798,0.6,0,3
-0.64973597911360681,-0.72288681997491788,-0.23511231986400308,0.7582938862729921,-0.63801908874083113,-0.13387316550870865,-0.053231001176807798,-0.26526644700917229,0.96270461337050039,6.4683434489576976,8.0684522015362745,-0.35905870225403808,,0.3905061314286616,0.4772727272727273,0,5
0.70338834552239671,-0.69856111509778984,-0.13136667711638417,0.70902978756765445,0.70260062965518899,0.060242140980392433,0.050215492878540137,-0.13551650704422361,0.98950173349696591,3.7620332689913538,13.771673846876585,-0.60074348706503133,,0.07520040069625018,0.4736842105263158,0,3
0.15215514038996536,-0.97586272849164557,-0.15665487031609421,0.98835615270698751,0.1503862052063635,0.02315393465209525,0.00096366962902145407,-0.15835379510599643,0.98738196606803386,1.5652657972571964,-7.4508918971463345,-1.0355847569912906,,0.0714184725515819,0.1428571428571428,0,5
0.96831370313019749,-0.22094586545311709,-0.11641089669552855,0.23284465935280918,0.96725711854330942,0.10098035075285081,0.090288077513911824,-0.12488631296690461,0.98805438711255911,1.8488095483813021,8.2122510806356583,-0.88768156677959387,,0.113851289827022,0.4021739130434783,0,5
-0.99880216305408698,0.0057583995421642119,-0.048590944765358572,0.00030525757502101466,-0.9922984525191213,-0.1238696409374415,-0.048930010180769576,-0.12373609805901678,0.9911080829762412,-6.9282993096893124,-10.019585350850466,-1.7995175823215972,,0.4712212419106503,0.125,0,4
0.10017451962180118,0.99365284135162979,0.051177109066207038,-0.99476312042666937,0.098972582246343588,0.02551004120903622,0.020282994294170735,-0.053464556832763729,0.99836373196603012,0.76531592829225048,-5.099689869198988,-1.1477496501819542,,0.1102158051463505,0.3020833333333333,1,5
0.31518456064768491,0.94775154656066696,0.049251382936806899,-0.94891370438686617,0.31553494077608502,0.00069482100274177445,-0.014882014518174311,-0.0469543090812196,0.99878617256276858,-3.4398284907274794,19.402396891239352,-1.1841505913716601,,0.2173451577018632,0.2142857142857143,0,3
-0.97995153175916849,0.18977231468268996,-0.060675068873740537,-0.18557149833411196,-0.98022592709368228,-0.068704809579556228,-0.072513546381981195,-0.056067819944282643,0.99579023150350465,23.689428013646889,-26.493446897451523,1.3099813507463229,,0.3741401063683707,0.6521739130434783,0,4
0.5377332490363167,0.84311185211081674,0.0023146730036942465,-0.84035890994810547,0.53575159079025003,0.082262600472801276,0.068116483700187247,-0.046180491508686666,0.99660800059619103,-5.2094815055528807,0.27025202064856585,-1.7539441563802329,0.22634421439705,0.2639242370402517,0.4172274562584118,1,5
0.37198980945022764,-0.91399546333929005,-0.16197491984989784,0.92805649050779726,0.36965081953739387,0.045490900647102137,0.01829568505234869,-0.1672440271296127,0.98574575996954461,-4.7265637473131994,8.3633681242259001,-1.5389715485390316,,0.07942376967657502,0.4022988505747127,0,5
0.98129754585471696,-0.16442578273042432,-0.10009639590412588,0.17442224206311793,0.97947852690818027,0.10098859737344144,0.081437141239015465,-0.11655890055790341,0.98983938834921503,1.0661652590760979,18.368516004656808,-0.77105465107592519,,0.08509351513421647,0.4285714285714285,0,3
0.92814324185554375,0.37221369167477547,-0.0026627669289084419,-0.36291176580419238,0.90649194710352066,0.21579481012608195,0.082735559699355254,-0.1993221451979279,0.97643510260279531,-4.6441533451072754,25.247180553021899,-1.2497162486196662,,0.5139336327102575,0.1379310344827586,0,1
-0.7492353696315357,-0.65202969561084778,-0.11620515020738219,0.65782134405866588,-0.75299927798274524,-0.016222412222406019,-0.076924899700586191,-0.088596633113728882,0.99309274310457285,17.344318629206263,-4.3414930871105701,0.63544346735378121,0.2407272401907887,0.2667228134206334,0.8936170212765957,1,4
-0.9056858247879308,0.41801352480010223,-0.070695684892363858,-0.41821866035927024,-0.90825915929587731,-0.0125877592304661,-0.069471856931446793,0.018165699527988962,0.9974185021620342,-8.6867734685781155,7.3064942406841951,-1.9559607772572956,,0.06947386832854167,0.1884057971014493,0,2
-0.8159379547076131,-0.5436972221647568,-0.19656699793679724,0.57285255425446857,-0.80618774373538515,-0.14799078665572693,-0.07800772494880874,-0.23335520662967169,0.96925752119193542,1.3448359688173648,15.227517201648304,-0.80381027219704249,,0.2696707252779571,0.2093023255813954,0,2
-0.18333446521058289,-0.96428352403371431,-0.19116945138559827,0.98266921633338544,-0.18518106752560098,-0.0083176619797100029,-0.027380378680352584,-0.18938124909082163,0.98152180686733626,8.6827078031210032,7.365857760451715,-0.16788738444961593,,0.07959354276777264,0.2702702702702703,0,5
-0.62851116976062094,0.77772201151625886,-0.011053609783273514,-0.7768652493309629,-0.62838871555916398,-0.040099956855911806,-0.038132582761698355,-0.016616105470569562,0.99913453106722017,8.9138711080507615,-12.653182767483727,-0.31536877792420703,0.2431041585961427,0.332979812724834,0.6285714285714286,1,5
0.32892514890950364,-0.93503001975123912,-0.13238998670162869,0.9442037110035727,0.32814187840297482,0.028324190460603194,0.016958730552201644,-0.13431965530838652,0.99079293076600694,-7.7362867737392342,16.470395844994993,-1.6259860194406099,,0.08759462446212909,0.44,0,5
-0.96666926934750907,-0.24009069377031447,-0.088921214926710207,0.24140917175611354,-0.97041423570657459,-0.0042217212191506702,-0.08527681684479281,-0.025547405013309724,0.99602971572433796,-0.66900171939863262,-10.973841287830718,-1.241586411450466,0.3755492892061688,0.3376253237453877,0.9018181818181819,1,5
0.86062107960257861,-0.49608040478159571,-0.11504603137623486,0.50487626378179229,0.86070919697808657,0.065418930800472688,0.066568127609477099,-0.11438492133610541,0.99120369962863997,3.2181069928681647,16.090919109617065,-0.57509455009552413,0.165227102388826,0.09458549513836265,0.2272727272727273,1,5
-0.13767222979916555,-0.98417695220152634,-0.11154408947784414,0.99019079049109526,-0.13946787464818736,0.0084208293973007699,-0.023844403300286664,-0.10929061577479113,0.99372380757171219,4.8557827313218391,-14.32792507649968,-0.72106934374802356,,0.08091694400671989,0.3333333333333333,0,5
0.050849248357931337,-0.95183493745121894,-0.30236502077566579,0.99870459336742101,0.04789644265696729,0.017177484321739454,-0.001867920835897763,-0.30284679728873348,0.95303742226824917,6.7953198247615942,-5.281537676976015,-0.53583526433951356,,0.3519393500291526,0.2592592592592592,0,6
0.99133870954024128,-0.092861050125418093,-0.092867584962110838,0.11404042115278015,0.95937972301785657,0.25804133274628355,0.065133288803704822,-0.26639702031326529,0.96166016984058766,-0.92595552949925131,17.059243207607189,-0.99794123837517745,,0.2898536571641146,0.4230769230769231,0,5
-0.86742971453799234,-0.48663021574304599,-0.10371462511340085,0.49129781830345265,-0.87066480532716117,-0.023858970951908139,-0.078690177702204558,-0.071650749406358225,0.9943208868583131,-11.992754169153214,-15.993488428100811,-2.171339908314192,,0.07914832905664994,0.25,0,2
-0.88724064665154534,-0.43905275387557841,-0.14155110117415792,0.44685926155402195,-0.89418480567239389,-0.027392219114482402,-0.1145462146591511,-0.087556910743197075,0.98955189459086279,7.8068510673540672,11.699863373018344,-0.2074330769517061,0.7636659171843764,0.4845943336670477,0.25,1,3
-0.39519820574394776,0.91539330319287049,0.076638623724668731,-0.91831482030361422,-0.39163625021295934,-0.057610227649908384,-0.022721553369131644,-0.093145842573779544,0.99539318011714129,-14.029649480076516,-10.128112794107937,-2.4003989427395389,,0.188026890907854,0.1363636363636364,0,2
-0.48124028217450354,-0.86462786932728919,-0.144313680554396,0.87545365097135452,-0.48243451553001732,-0.028945521695828026,-0.044594795812183105,-0.1402696895550482,0.98910854731854403,5.490741274453911,6.9820421737214184,-0.45632462912430111,0.7868858040280742,0.7760563822569726,0.79182156133829,1,4
-0.55964193505344273,-0.82041753964287856,-0.11711517910144971,0.82673292134656795,-0.56250331776935591,-0.010133817653642479,-0.057563715059126858,-0.10249428347373123,0.99306663450334431,3.9978167199722456,-2.1174383241252355,-0.86799360546694759,,0.08621238452855745,0.4310344827586207,1,4
-0.032843765754784905,-0.97212129153711602,-0.23216692613560727,0.99944387740045393,-0.030605186546277221,-0.013238522697663487,0.0057639376986399864,-0.23247261579953746,0.97258586249519852,4.7590040295824387,-16.458842653682993,-0.74525309399483031,,0.3350623593741139,0.4358974358974359,0,4
-0.8181044537574218,-0.51770058365245575,-0.25038212481760269,0.57004973395784697,-0.78746438424735621,-0.23439954000919228,-0.075818227075412206,-0.33449357128028601,0.93934319990901205,4.0324019813802705,0.49991880704853298,-0.81848936317318999,,0.08836909642636435,0.2213114754098361,0,5
-0.46150766838109253,-0.87701288576147307,-0.13363783234466575,0.88577817047553187,-0.46387488587866993,-0.014735092808356762,-0.049068367962134561,-0.12517383296593759,0.99092068643567455,-15.162372384656857,8.8856013527399256,-2.4249235086037184,,0.07905520414117145,0.3,0,1
0.21591525639959616,-0.96006838781742987,-0.17790248106066106,0.97638465699109467,0.21366137612176589,0.031965887225864714,0.0073214511048075217,-0.18060317568469131,0.98352879433513563,-4.5566319393559445,22.645225310438775,-1.2840281399447153,,0.08992165784475839,0.1666666666666667,0,1
0.30447793018194991,0.92337123951041078,0.23383486497338946,-0.95181967919083454,0.28553583151815742,0.11184179551621755,0.036503264746766906,-0.25662198456921437,0.96582227593827286,-0.1647005315805343,21.819734782565906,-0.79149820434134832,,0.4991479348836244,0.1,0,1
0.63683859924751041,-0.73936260568985801,-0.21858530558107811,0.76966335712643652,0.62632128776921847,0.12385459694324034,0.045331172556347638,-0.24711248813973866,0.96792587681085129,3.1250321504821517,-11.758217756485319,-0.9102076241259982,,0.07903070614438978,0.2564102564102564,0,4
0.93698527546360055,-0.33691203045015572,-0.092460138991652494,0.34113577861409844,0.9393986080395158,0.034009348167447953,0.075398767322517296,-0.063407719966698819,0.99513541135609851,0.025869944192748115,2.3884704268978947,-1.2041149816546521,0.3555625210179087,0.3134407198813244,0.9454446262956901,1,5
0.2944379623249917,-0.94386097792199963,-0.14977563452723311,0.95553612073559258,0.29338759827114658,0.02957091730510172,0.016031478767838021,-0.15182282943225905,0.98827770396366899,12.311144626710039,1.1460935539119064,0.17415884527425604,,0.07497531223186842,0.4285714285714285,0,5
0.91041388618223063,-0.3722552201242732,-0.18047882683793479,0.40603609226329851,0.88761310359405121,0.2174342891718925,0.079254322444384934,-0.27123611377979318,0.95924434997320507,-17.716678692322535,13.126448406241972,-2.6268020691030833,,0.2848486073890827,0.3703703703703703,0,2
0.25460463498960245,-0.93569376470241661,-0.24424098455997978,0.9669909822158842,0.24901175844220289,0.054051683328833935,0.010243053986475986,-0.2499406386615409,0.96820698044916509,-9.4763183730581613,16.556084508635969,-1.8004105805130242,,0.1586756498308669,0.3,0,2
0.79339512532344802,0.59422392687707903,0.13199280222714516,-0.60859565961538342,0.77852282208334711,0.15334124882984851,-0.011640369852658278,-0.20199044586852388,0.97931831473098074,20.143733863404037,-5.7363203734130668,0.87194027810273633,,0.369625234660473,0.1538461538461539,0,2
0.84119760075738514,0.53889415407803298,-0.044493675736422419,-0.53530333439248567,0.84156090134885575,0.072288239079299849,0.07639984730549737,-0.036991080295398354,0.99639084866846994,5.2099797816849653,11.530594049657342,-0.46686369960766355,0.9084583879775285,0.796675330303918,0.3333333333333333,1,5
-0.56428834852822229,0.81326743931802981,0.1420377832141369,-0.82467724901937367,-0.54723419264168127,-0.14297612861469391,-0.038549898380275123,-0.19781509181278895,0.97948103339777259,-11.388388677245764,-4.2696273113341192,-2.2389791669115184,,0.1323380960866282,0.5,0,1
0.38561125011822411,-0.91529513638496884,-0.11635625076583604,0.92234896877307537,0.38568444931675339,0.022800994681757992,0.024007156964230888,-0.1161133879673419,0.9929457878198793,-1.3962858857044316,11.167784506067736,-1.1440771203560738,,0.07708908971006169,0.1886792452830189,0,3
0.63104385535988428,0.77340127724410912,-0.06028363766159632,-0.77287836597695447,0.63348596069635366,0.036804469910746304,0.066653462155590801,0.023366684784087145,0.9975025383551035,9.7636794342277842,-7.0718527419125445,-0.25334249937609632,0.4339707938160005,0.3877001194564721,0.8524590163934426,1,5
0.25625830736600103,0.96438217694782957,-0.065564446854039921,-0.96603466959138617,0.25785293536265819,0.016996495883603642,0.033297102777457711,0.058982035487299016,0.99770357443300839,-3.24349701991376,-10.142915113146683,-1.4828608228955271,,0.07814220131908965,0.2727272727272727,0,5
0.79822198365787767,-0.59018350057246205,-0.12052012469839087,0.59989287701161709,0.79697653807966784,0.070405495959273548,0.05449954968626905,-0.12849837898814467,0.99021107127794294,-3.7445246442081643,4.0113695353638192,-1.5741647761611899,,0.08835250016089984,0.4345403899721448,0,5
0.94048019488048429,0.33411440671575499,-0.062165635704501281,-0.32969044753538074,0.94136408458155652,0.07167893040390845,0.082469460053320148,-0.046917198178354061,0.99548860599888656,-2.5838978470817713,17.106420520154959,-1.1286329396581962,0.4118125381544429,0.2841712242914274,0.1052631578947368,1,5
0.91206651868331523,-0.3832400757295199,-0.14581395629955909,0.4035357539221564,0.90202119204137554,0.15335144086291641,0.072756860868062295,-0.1987078595906254,0.97735440129644791,19.758431633913563,4.3175842224154808,0.91243557483901117,0.5234884578981125,0.6202598919017447,0.375,1,1
