axis_00,axis_01,axis_02,axis_10,axis_11,axis_12,axis_20,axis_21,axis_22,location_x,location_y,location_z,dbh,dbh_approximation,score,reconstructed,number_clusters
-0.75702830881737071,0.65248496078655327,-0.034227410017126619,-0.64635080092593566,-0.75551791524998713,-0.10687994142360634,-0.095596975849196991,-0.058788227424222197,0.99368262665944063,-10.262417880507819,2.5441365655366677,-4.6116509979562608,0.5940884003052614,0.355640431851929,0.4248366013071895,1,4
0.91043710387158983,-0.33533193480367163,-0.24219160471564102,0.39258318113749607,0.88493977915605981,0.25051952649481701,0.13031778766490451,-0.3231626227892847,0.93732768733782479,-12.844642989202914,-8.7872209265525871,-3.7683721552916061,,0.1775288627921492,0.2307692307692308,0,2
-0.092426230978254323,0.98516565669128875,-0.14458914448593857,-0.99377634438759543,-0.082200552345028849,0.075177433647331718,0.06217691824769999,0.15063763829200663,0.98663181216045581,1.6590726356189305,-9.862571439488157,-0.88363961861800089,,0.936816132796382,0.6903225806451613,1,2
0.88769025392781764,0.44458253466946662,-0.11980143132883415,-0.41708398069176361,0.88662994172205956,0.19982066833100126,0.1950563152832471,-0.12741160193957174,0.9724810114132374,7.8770952988484799,-10.286976939290524,0.39961519600478457,,0.6461525492440665,0.7818181818181819,1,5
-0.96432022632177006,-0.18962511922295064,-0.18473985835875528,0.18128799270955523,-0.98152525034397076,0.061178808721212841,-0.19292787462176503,0.025504844576829912,0.9808814087834683,-2.6445133101466305,-9.1251439356951245,-1.762411301872117,0.55368803502695,0.1185829185813037,0.5135135135135135,1,5
-0.58117954931503324,0.80178029558161623,-0.13920735998872527,-0.81253403314511496,-0.58118439383863185,0.04486808820704101,-0.044930796108100218,0.13918713293791815,0.98924626134528038,1.4126306281985779,-6.0354166825198066,-1.3632974434760059,,0.9332148623829944,0.9906054279749478,1,5
0.96703127007259426,-0.17242068762682689,-0.18740765507330684,0.20514810625224625,0.96347232218821455,0.17214917623492923,0.15088000928850867,-0.20491996207187776,0.96707964095081556,15.378692733857312,-8.9934148299416439,1.7864334983461163,,0.5122757231475296,0.3888888888888889,0,3
0.97291199830721542,-0.12888855160150911,-0.19191139834810617,0.15719699326358572,0.97753511640253032,0.14040727014218135,0.16950324144024079,-0.16677181256422327,0.97131653629251824,-13.914030422820872,2.5515231985590789,-5.245807163405197,,0.06773305005403298,0.2207792207792208,0,2
0.84678654189670544,0.50789843717992578,-0.15808772872304006,-0.49396855457592392,0.86108295344910823,0.12054548672403531,0.19735151266912765,-0.023985928990790127,0.98003931332251026,-2.223123871658387,-5.3927076116901143,-2.1732689382355113,,0.1044681253400569,0.4523809523809524,1,5
0.26405610919982919,-0.90574374520975864,-0.33151566962610962,0.96412855280390386,0.23823911174287668,0.11703956298711754,-0.027027853457095911,-0.35052873441326476,0.93616189918631987,-16.628988325753021,-2.1330794221093168,-5.250257455097036,,0.08585118238526103,0.1764705882352941,0,1
-0.79720503926502639,-0.55221515793209297,-0.2439724261478782,0.56992466368590822,-0.82169332716511867,-0.0024400440205391352,-0.19912308528383291,-0.14099111831016692,0.9697790993131874,0.65732569652944839,2.1354939965074298,-2.4891700577193681,,0.09161661751133895,0.2573529411764706,0,5
-0.84092547480333335,0.53143184205329053,-0.10210065170524318,-0.52855382599241962,-0.84707102009882163,-0.0556914709584631,-0.11608272419082821,0.0071333134368840789,0.99321393314021134,-11.417558413688051,-18.383308221410001,-2.492884976884159,,0.221717203838216,0.2142857142857143,0,2
-0.94297592299683464,-0.26449151660044268,-0.2020906882928199,0.27310884101575772,-0.96185831581118331,-0.015496491987027046,-0.19028391841481915,-0.069805572494408691,0.97924420470147833,-21.294476140995446,16.164787999486361,-8.3424215155125037,,0.1329829238213689,0.4615384615384616,0,2
-0.91673979946365958,-0.31483356478894503,-0.24590235167971097,0.34110746606457987,-0.93729051244350492,-0.071639317964309696,-0.20792747936318717,-0.14955374206510219,0.96664359593388638,-4.4261758550235495,9.6568084881284495,-4.6018453373494026,0.6176119887406999,0.2800088620493231,0.237410071942446,1,3
0.084998720317762261,-0.96477440634232603,-0.24896899889575455,0.99618117386086569,0.077281064911734282,0.040628879523004181,-0.01995711375748789,-0.25147163234233744,0.96765889224331014,-4.1602747989648785,-14.27136475004532,-1.500371281235015,,0.166781603986832,0.375,0,4
-0.26765661977979532,-0.92231329914173543,-0.27874381089871758,0.95644633739511553,-0.28930893836300187,0.038868262975595452,-0.1164917918632954,-0.25620014912087524,0.95957862940924166,-14.104196753986869,-22.009463494625603,-2.6670826148229101,,0.2137150557684045,0.5,0,3
-0.56501937360373045,0.81250514533413365,-0.14348692016349879,-0.82420147336628324,-0.56383117221077972,0.052785798698754202,-0.038013665349390532,0.14808712992348874,0.98824347364287124,-23.627771432572942,10.624202062448653,-8.0813824359616326,0.5259277829879762,0.4788288250948068,0.6228070175438597,1,5
-0.037037499647415706,0.99907156563612454,0.02200523476926506,-0.99589657924059016,-0.038721419036892343,0.081796425133744341,0.082572556438313877,-0.018885402965046177,0.99640609917748368,-4.7452974504273735,-11.732957353723384,-1.9255203700970369,0.2999864952695678,0.2574287580902465,0.3,1,5
-0.84994607771345121,0.5086855430426872,-0.13722493679679981,-0.50266621118681187,-0.86094838828204812,-0.078067617138212003,-0.15785545638531082,0.0026250740769383652,0.98745874034081826,7.2078137400940641,-7.8632854613079184,-0.037012071911918111,,0.661474580940399,0.5241935483870968,0,2
0.22152470103084401,0.96438217782352831,-0.14454695406525675,-0.96816595497054014,0.23522217932438874,0.085587440608225221,0.11653965191803413,0.12098570762793993,0.98578951509974477,-9.3247596855171491,-13.497248993432144,-2.603903536707354,,0.1035083170462693,0.375,0,4
-0.97793076902582265,-0.082738000997033018,-0.19184846672199019,0.078973927098944754,-0.99650559503924252,0.02719775531282587,-0.19342835839435277,0.011446494943901127,0.98104762775431331,-9.666569217469986,-5.9784647747128599,-3.4473870603790653,,0.08699063225943125,0.3333333333333333,0,3
-0.97788909305019778,0.15510196505197985,-0.14027224290812626,-0.11658000131454289,-0.9611818404422513,-0.25007713389582054,-0.17361458748320413,-0.22819476339535372,0.958011025496041,-10.31370344547952,6.2305766782723948,-5.1039669128692768,,0.632198043218252,0.2655855855855856,0,1
-0.71211025669607331,-0.65687098635799135,-0.24782955753770011,0.67684880650076706,-0.73609620069988257,0.0061706120997173826,-0.18647969178100793,-0.16334898406870396,0.96878399757478595,-11.841810217827341,-1.165709707549053,-4.4234875678858776,,0.1256386828431166,0.3951612903225806,0,3
-0.065903278065597301,0.994452267349478,-0.081984424762821764,-0.99584007349072445,-0.060368520238090091,0.068250932552251731,0.062923016219800412,0.086141335767130567,0.99429390237598136,-18.605950583099684,6.610817119479969,-6.6696954590958946,0.5280448263052189,0.7472890579080806,0.9715025906735751,1,5
0.25367014776539482,-0.9389459591038305,-0.23244771888592619,0.96693728683724034,0.23965062876955212,0.087177172781609927,-0.026148412122328733,-0.24687661293234342,0.96869406859469054,-12.360817619538301,-5.0738525363344875,-4.0806308756127612,,0.1052167413245287,0.3333333333333333,1,4
0.62507362258051424,0.78051681104951243,-0.0087449427197667171,-0.76506888905614057,0.61484664994416027,0.19139799385271922,0.15476615053840068,-0.11294735376069077,0.981473552331382,-15.796898565731208,-4.7082188219579546,-4.7515042772102412,,0.3173681554627781,0.1911764705882353,0,3
-0.27431661645664113,0.94582154929063389,-0.1737008659542191,-0.96131735472000623,-0.26503949033214191,0.074986746019603881,0.02488649131376703,0.18755176741887547,0.98193940601655605,-21.14811410542243,-13.484139116783103,-4.7942400843775443,,0.2691581340286353,0.7272727272727273,0,1
0.95924856529636071,0.22350192553115994,-0.17288458364104747,-0.20707284043938839,0.97233742032637382,0.10807765627278022,0.19225771435559649,-0.067873634917524864,0.97899445399544804,3.2130509975225183,6.3600861289368025,-2.5344644902942517,0.2768756721828711,0.2464307094744796,0.7428571428571429,1,5
0.84359665112566506,-0.45576429834041793,-0.28394294245117158,0.52561084294562821,0.80907588367165584,0.26292481099910486,0.10989964507471783,-0.37104597938691553,0.92208836300717723,-33.738794163345112,16.714967741700033,-10.754805424612183,,0.4057295071643585,0.5,0,4
0.9007281293580125,0.42335953604096382,-0.097239602150542462,-0.38610746089717946,0.88287107527338038,0.26731945885991715,0.19902227418746113,-0.20323722023489144,0.95868908760267313,-20.920780787564436,-7.3435315848612213,-5.4111533636630691,,0.6690906396721236,0.1707317073170732,0,1
0.8780270700930477,-0.43202538017199726,-0.2059673155407408,0.46238058379791214,0.87680683089772671,0.13196202869684476,0.1235826035917667,-0.21110152102324187,0.9696202802701448,11.97291155245105,-5.4821995438377558,0.60042183926544834,,0.08206677384557245,0.3333333333333333,0,2
0.79654947910718621,0.60274282464011275,-0.047010793217408219,-0.57249587066646257,0.77699429335481052,0.26177919352750145,0.19431264859478606,-0.18160659525170914,0.96398217782133444,1.2776130594176955,22.983141244498512,-5.1835033081344779,,0.3065555544157452,0.5416666666666666,0,1
-0.38861296903266335,0.91682175107860897,-0.091748771374727062,-0.92134520304779421,-0.38775478580324502,0.027735228636142542,-0.010147764307364438,0.095310559938724643,0.99539586097377852,3.2920692887556373,-10.780766507361522,-0.46868307609340409,,0.4591943726525621,0.8571428571428571,1,5
-0.12865932516602047,0.98157056083606886,-0.14130113993803722,-0.99094241957092077,-0.1217234779594879,0.05671433688561122,0.038469457271356942,0.14731812180926901,0.98834076706560903,-25.847709023400871,15.625344177068079,-9.104601331567828,0.1568037678848536,0.1437556756459625,0.5185185185185185,1,3
0.022496791754425902,-0.97643614692242586,-0.21463071854710122,0.99700140440281015,0.0060123460987831293,0.077149538645496479,-0.074041164088515646,-0.21572274492430196,0.97364346828946713,-10.090575649031516,-7.0412478322303578,-3.4202832540181567,,0.07563231297101498,0.3333333333333333,0,3
0.95503041277091261,-0.22415654822711256,-0.19408954781112395,0.2516522368882923,0.95894126941128777,0.13077764904213265,0.15680581096292082,-0.17373970100922398,0.97222757312343622,6.3078729015198753,-3.4870938089534942,-0.74656121821054722,,0.08691856580136892,0.3015873015873016,0,5
0.0036639834530449093,0.99391574329785715,-0.11008210776471836,-0.99701409805318753,0.012121917239638883,0.076262359035262337,0.07713276546606973,0.10947398936323917,0.99099242284916234,-7.3253351132580091,-7.1817782102760273,-2.8582846180000168,,0.08341023375549998,0.4166666666666667,0,5
0.84588415838507491,-0.47964814594144661,-0.23327590250196656,0.52044833856989303,0.83794206254785086,0.16427606853370966,0.11667697919046542,-0.26036657985998662,0.95843399700709797,-31.068491981596438,28.002603733664102,-11.677990632103036,,0.3796217820824014,0.4358974358974359,0,2
0.51534149328555778,-0.73515180676461911,-0.440425891960189,0.85651129763849077,0.4589174494743245,0.23618461335491356,0.028487581782956663,-0.4989454835738043,0.86616503168014281,-15.249708805194611,-0.63033687500352631,-5.1656638928009428,,0.13488882873752,0.375,0,1
0.82421929984070086,-0.52988352923141624,-0.19971477466467927,0.55546413937640082,0.82511116726432332,0.10320441619688883,0.1101005705568294,-0.19599746708813581,0.97440384710760275,-9.0848521560823805,-11.747433051824759,-2.7277209858173115,,0.08722698871595938,0.5652173913043478,0,1
-0.94377022265750199,0.29881539366979054,-0.14144655291302366,-0.29012733290303333,-0.95372226539929961,-0.078993488239220727,-0.1585051971626836,-0.0335141908390389,0.98678918796510096,2.4772025888848397,9.5427610191589345,-3.1270925696492808,,0.08696322735111132,0.2352941176470588,0,5
-0.31716944622991944,0.93810666008455601,-0.13913819275527914,-0.94823847105513925,-0.31126123343208012,0.062930490013596671,0.015727186309620948,0.15189581583223111,0.98827137808571752,-7.9718395719222688,-13.170853975351942,-2.419566132995417,,0.08782647307406424,0.3636363636363636,0,5
0.33488006516954122,-0.90690896854876324,-0.25567844007241158,0.94223469724154474,0.3202888780956189,0.098024537144450058,-0.0070083711501124539,-0.27373556095996687,0.96177945777592611,7.8439961739951229,-9.0288659754053171,0.23812399298758677,,0.07949089402054127,0.2307692307692308,0,2
-0.89942965562403621,-0.35410154183496989,-0.25619990759975947,0.40895983170599043,-0.88865165462486051,-0.20748516280328513,-0.15420165574673966,-0.29139377962234375,0.94409295864462917,6.7589607534476395,-19.165152076293381,1.1575786734753504,,0.4177773935167283,0.46875,0,4
0.89977863861482987,0.40633254617112879,-0.15903541559832271,-0.38845123198404141,0.91193350371960669,0.13222301298852188,0.19875623729212652,-0.057193939502100645,0.97837866463946699,-15.167227122174197,-1.6384890159004437,-5.0028581346451606,0.1526302832061313,0.1265332399613671,0.3454545454545455,1,2
0.57217450774450351,0.81062729841378012,-0.12449785441408741,-0.80220039467166104,0.58474823786605834,0.12059861152256485,0.17056042763773246,0.030868776764161811,0.98486357387463475,-17.978031836755779,-1.9989777394580472,-5.4727073382070657,0.8014819864485329,0.8636957501621448,0.7422680412371134,1,1
0.73717539265890064,-0.61240103678039415,-0.28554756277806981,0.67061796842016053,0.71482924629849898,0.19821879090625621,0.082728356022673491,-0.337615341456249,0.93764166946822936,14.086848075087733,-9.2540326687973948,1.5498096050151704,,0.6007484130438259,0.65625,1,5
0.063015276246734031,0.99415170658430951,0.087700964960778352,-0.99389670321864332,0.054540073118820087,0.095889122194880605,0.090545117431360039,-0.093208179467778651,0.9915209614474334,-17.159482939338833,0.063702212147451004,-5.6143247724512948,1.198456870837711,0.4967311316639921,0.34375,1,1
0.30290977380231032,-0.9305837598654445,-0.20557124023006401,0.95291950582165696,0.29262732024502158,0.07945858588489936,-0.013787108458391787,-0.21996162692822394,0.9754110919604343,-11.1415837629789,-2.6300930938448421,-4.1233053370747719,,0.07743702984687649,0.3372093023255814,0,4
0.94164901741170359,-0.25599253713180126,-0.21855193648283466,0.29928745753034913,0.9338943890249034,0.19562282053181307,0.15402644504302854,-0.24961789014536975,0.95601608937652383,-23.761678994780095,18.10363937036637,-9.058423975381638,,0.1483396224523386,0.5098039215686274,0,2
-0.97175767794283496,-0.10393575209502447,-0.21185932784654868,0.13650135942061925,-0.97991580600817541,-0.14536984560654703,-0.19249517977204697,-0.17018334986651909,0.96642807967936095,-9.6486830587286789,13.466144261802189,-6.0169324174721766,,0.1950554608009835,0.2083333333333333,0,2
-0.97004287934520039,0.15995818781829635,-0.18283924737747131,-0.17279613236640429,-0.98333688943925379,0.056480602928307519,-0.17075804189228005,0.086382521483339567,0.98151910379334717,-13.171908160247199,3.1297435994793168,-5.2276070086660065,,0.09901835475154111,0.4879518072289157,1,5
0.34347155701458759,-0.89926390882110874,-0.27083521154708945,0.93901080729967457,0.32363348046702956,0.11627585344864866,-0.016911336327733388,-0.29425463906721777,0.95557742443563043,-1.3061025595321505,5.2323860886715243,-3.2587003819659892,,0.1800108372733113,0.3291139240506329,0,5
-0.24597939830619256,0.96359962444858327,0.10473728739790972,-0.96878630614566552,-0.24784690887071079,0.0050002787792263557,0.030777079678875861,-0.10023808420846043,0.99448735428896107,-39.008850798242172,22.777866150842502,-12.465199862696918,,0.7107001164712257,0.4848484848484849,0,1
0.43453405040343646,0.88578094208099833,-0.16301006621090233,-0.88780372452174561,0.45172565853851054,0.088025428958146051,0.15160707689715663,0.10647089773289233,0.98268979956578983,-11.062039159766872,16.682488869371788,-6.6401102457538137,,0.08171136056552736,0.3846153846153846,0,1
0.79333980442787833,0.58479152849345994,-0.16920645056444955,-0.57738181526663357,0.81088440705951847,0.095376715120310859,0.19298236735449126,0.022030583061204929,0.98095487118431723,8.9248519193260378,-7.7732789115345291,0.33376882961068605,0.2174841362390895,0.1210036368120757,0.4418604651162791,1,2
0.97524072907846904,0.15954027977985649,-0.15314182797087247,-0.1269494080034122,0.97090778270035971,0.20303183321699403,0.18107834810953621,-0.17856364865121677,0.9671223579394107,-14.411753828719622,-5.7192560949793227,-4.3717283523591686,,0.07269783337589802,0.2666666666666667,0,2
-0.80690041669757584,-0.55801640109871264,-0.19372509811100722,0.55852545548654142,-0.82750977994469899,0.057244036103574425,-0.19225252431848616,-0.062010162076200005,0.97938435085131614,-9.3999538647868768,-7.8719625147259258,-3.1893040713426228,,0.08249615672318471,0.2241379310344828,0,3
-0.15687735395747582,0.98298756356399497,-0.09552458162075414,-0.98653503848630986,-0.15144211138591018,0.061756819362652211,0.04623974106885255,0.10392659321606211,0.99350951156412559,-5.2122256694607314,-12.825575291018145,-1.8850715100106932,,0.1320785974815828,0.375,0,4
0.7534832742462243,-0.61299704873524008,-0.23769218260825309,0.6512505767880421,0.74547423359560283,0.14191847405567595,0.090197791904415486,-0.26173036752913192,0.96091704795400223,12.31647462184198,-2.3017784887535506,0.3459772204502703,,0.0868776251976555,0.35,0,2
0.87897594286417113,-0.41472357334527798,-0.23538404699079579,0.45361852177078782,0.87940562001760503,0.14448526633514233,0.14707660783593948,-0.23377363665130305,0.96110267829940943,2.0636437414383795,-8.9889769345070665,-0.89220756697376968,,0.4683487262615439,0.3018867924528302,1,4
0.27901577147909606,-0.92996500925900127,-0.23940610021432479,0.95991410049674841,0.26315831389366123,0.096501924831397884,-0.026741707751083737,-0.25673485034671811,0.96611184532848216,-19.167671727913365,-15.149492427289504,-4.2593164427139305,,0.5997335150787018,0.8256880733944955,1,4
0.90373921394691858,-0.38299254670944405,-0.19123844367600701,0.40693408138147585,0.90728077957502706,0.10604829288558597,0.13289125849664291,-0.17366144125495095,0.97579793873344156,-14.33424487173242,-7.1695821382955316,-4.2142571425120607,0.1872242322914774,0.130608059494893,0.5892857142857143,1,3
0.98232120246789656,-0.038296604275386281,-0.18324416848292974,0.063414984250418985,0.98905209746983236,0.13324596903112806,0.17613516103988153,-0.14251076658098391,0.97399542424692909,-3.4806537804673341,-8.2040168157312952,-2.0401077342615839,,0.07473408053178232,0.1951219512195122,0,2
-0.67031309407270023,0.74207484521478373,-0.0022978281346292258,-0.73936529729504341,-0.66812370873932048,-0.083364662634873854,-0.06339805257651078,-0.054181490565216248,0.99651645897578434,8.8424604147662613,12.248675046288488,-2.1814214144818433,,0.2894884824639009,0.4545454545454545,0,2
-0.56699344139450891,-0.78125849124123359,-0.26106245857856064,0.80650704047031152,-0.59098145662098955,0.016950268492038949,-0.16752561322803872,-0.20093801978123629,0.9651730835031429,3.7492857176699044,11.802839091858157,-3.209415416362619,0.2787166114762872,0.2449171710922965,0.2592592592592592,1,5
0.95565469993038277,-0.22513102414660613,-0.18984234634999303,0.24784182554021442,0.96303049133832475,0.10557794402979993,0.1590550974155322,-0.14794693210528509,0.97612149923396863,-10.562241303720503,-13.974888397221074,-2.7605893515415452,,0.08610934657217123,0.5333333333333333,0,1
-0.92369473474704022,0.3694121736949228,-0.10160060495188089,-0.35788958051575265,-0.9266106787645837,-0.11535899686499171,-0.13675922330451704,-0.070194700123517806,0.98811417301631488,-2.5236514581312948,4.5154368764548503,-3.4105482011786261,,0.2798805070441727,0.1946902654867257,0,5
0.97272650792380877,-0.097897555426946073,-0.21028364040928099,0.1411560492223958,0.96921417288713652,0.20173957678806564,0.18406007321055906,-0.22592024193535928,0.95659914997536566,-6.8077598491008358,-15.675666374875775,-1.8706809695259146,,0.1791208736196234,0.3571428571428572,0,5
0.60453059063461334,0.79295483774546016,-0.075930167147428659,-0.78083516987503587,0.60874123971362393,0.1404654425762587,0.15760457630788979,-0.025626712001175722,0.98716972662193203,6.3676912493867537,-10.303963749992812,0.093424047268124644,1.080758613629969,0.5367352690594082,0.75,1,5
-0.98289663521185611,0.029768840821458968,-0.18173612905902506,-0.021525105458164353,-0.99865509282063669,-0.047166464976938653,-0.18289580182231327,-0.042447870377116836,0.98221550790863676,-13.967476115284436,-1.5529618252355721,-4.7535747564684172,,0.1488004477985938,0.3358778625954199,0,3
0.97564151662326359,0.17306370005142543,-0.13480573713892335,-0.10792667156260853,0.91367085387282398,0.39186401257160791,0.19098550889131638,-0.36776966501849334,0.91009340668181427,-21.488806599143508,-4.9568332674279736,-5.8118994922905332,,0.6368111280934992,0.3461538461538461,0,1
-0.51120059018784769,-0.83391160095828598,-0.20800336146029766,0.84400403662627377,-0.53277643058875501,0.061696524761606981,-0.1622687362067943,-0.14401637683365265,0.97618038315341893,3.5685898175997428,3.4479024267381724,-2.0584468010216246,,0.08194634174420298,0.2926829268292683,0,5
-0.63545090658719139,-0.74287217525701443,-0.21057795835848456,0.74816340784922009,-0.65981385309773966,0.069979957243169313,-0.19092841714359318,-0.11307789567031019,0.97506908936639791,-4.7783813750878723,12.577579114268479,-5.0578574576015471,,0.09473011810291383,0.3666666666666666,0,5
0.074919886367035005,0.99667690262273567,0.031971274686814988,-0.99649030463666532,0.073628398416612381,0.039823758131676164,0.037337426154948172,-0.034842656686220247,0.99869510156161789,6.0587438401458158,7.9276943360436807,-2.1631835926810874,,0.2923523583237125,0.375,0,2
0.6164527799969246,0.77446956539830114,-0.1420664010448299,-0.76670788785896227,0.63149138630644475,0.11566176427676401,0.17929022485599308,0.037623414153045681,0.98307654533029953,-0.8153009557479971,-14.708493979396517,-0.78861785284422736,0.1443622051343126,0.09448379127629811,0.4090909090909091,1,5
-0.89916096522972067,0.40867253195315134,-0.15651300340277025,-0.41079567617959251,-0.9115071666365947,-0.0200399002561506,-0.15085248105121268,0.046275769006312181,0.98747257286649048,-1.6241146788084979,10.237873364446799,-4.0885744187575286,0.6945282840929698,0.2408824688083425,0.410958904109589,1,5
0.92297415970878416,0.35272827758103314,-0.15395279375374171,-0.32828183859853127,0.93033497597313164,0.16342541701779936,0.20087243453553411,-0.10029753075620217,0.97446943018648746,3.7300211419541127,-11.975193365601847,-0.22702473601270001,,0.1474410544009872,0.1875,0,3
0.0018119025043715029,-0.95527254720573929,-0.29572128358366973,0.9974512738599145,-0.019366800715364681,0.068672289209585693,-0.071327927802146876,-0.29509199851082024,0.95280272833905233,2.8930942842853233,1.4480295084927923,-1.9510286742363043,,0.1847157225212666,0.1025641025641026,0,4
0.29141123507186728,-0.90618750992133867,-0.30643708805634678,0.95609890378957774,0.26556529215205388,0.12389496267630509,-0.030893012903529724,-0.3290885480638282,0.9437935946418502,-32.033406171878909,15.373886887407419,-10.252984520869482,0.3116472786406332,0.3330053204799946,0.4166666666666667,1,6
-0.86128755331377505,-0.46677900144152173,-0.20075137439137744,0.46789814474197866,-0.88264342479195135,0.044854328871908801,-0.19812893946565582,-0.055298720462510165,0.97861482456655235,-8.2713549789476684,12.746317392850823,-5.6671906511300429,,0.07036639532898212,0.2941176470588235,0,1
0.7792367855779907,-0.58970659956951177,-0.21221724347056309,0.61933203400875136,0.77642254745431138,0.116601284105883,0.096009706033627587,-0.22229294687128853,0.97024119790834262,-10.303437507481226,-8.3561065348194585,-3.3122320032426664,,0.07353387576775515,0.1904761904761905,0,2
0.69989329934645583,0.70669654552372119,-0.10358263404051726,-0.68973051060356994,0.7063945665207918,0.15899226123444313,0.185529491651519,-0.039833515219499245,0.98183099298850174,-19.333479550259565,21.388564534893241,-8.6060704063838056,,0.0886473656320305,0.1666666666666667,0,1
-0.49910450149868602,-0.78448662883824261,-0.36806986532145969,0.85251564940772451,-0.52064346844505005,-0.046340546829246647,-0.15527963195047081,-0.33691409578632564,0.92864262661252472,-13.641351339210761,0.16680739640980155,-4.9031754330708015,,0.3350946534462533,0.2903225806451613,0,3
-0.31188073863055088,-0.86608806963554663,-0.39066847902823643,0.94230902820832707,-0.33457858018168984,-0.010529436864525623,-0.12158988538666118,-0.37141436337139466,0.92047122195812381,-7.3098363643855349,4.4511969393149258,-4.3182945975280465,,0.5891825887428469,0.344752582925503,0,3
0.9577570787007087,-0.040636763074726835,-0.28469287255829423,0.11096979953764301,0.96551698433831235,0.23550510938157346,0.26530563844226907,-0.25714899657797641,0.92924017980804108,-19.189517559973172,-0.12230637139763706,-5.9520017526589486,,0.5077777141909791,0.6428571428571429,0,2
0.45131198625880425,0.88837971489402967,-0.084255404716466031,-0.87944755182464074,0.45879913853494975,0.12678861963612331,0.15129274486497493,0.016876985642899543,0.98834491586026341,-6.0627569980639437,-13.586731942132003,-2.003497129503867,,0.3921940653231015,0.5609756097560976,1,5
0.97296524954765862,0.15232259105432791,-0.1735985352102864,-0.12598903821658128,0.98003741570496694,0.15379670369546061,0.19355977222016421,-0.12776733570370991,0.97273332548301883,-14.697690666806288,11.678049301704785,-6.5850055928706253,,0.1140447536473997,0.6162790697674418,0,2
-0.42524290345699184,0.90498010070469714,-0.013397402284943728,-0.90499883497888545,-0.42535586190904517,-0.0070355828809285379,-0.01206572610035345,0.0091328017678191549,0.99988549853747866,6.7179356685085496,-1.6552767764950191,-0.83218829755787782,,0.6630814667665832,0.3032786885245902,0,2
0.97639046862374446,-0.09013538307462346,-0.19630910701924548,0.13036211376562201,0.97050852830686252,0.20277799628708446,0.17224219017204154,-0.22358177296380111,0.95934551581956129,-0.16632343547467332,-8.1795679900960323,-1.4337618900237608,,0.1267693405587192,0.196969696969697,0,1
0.83130987695987102,0.55436022878031932,-0.0401076702838222,-0.52246894308964642,0.80402292527930375,0.28385443299708846,0.18960509480431037,-0.21501598166634692,0.9580282019086418,5.9232223292926856,-12.800510207466887,0.27605288947415169,,0.2371521919029282,0.2,0,5
-0.95482312999560059,0.27457564392912059,-0.11367060387942753,-0.25129797372538976,-0.95019267466915613,-0.18434535363439278,-0.15862571931095623,-0.14745201513029518,0.97626624668022699,0.54651689644982282,5.1073290471646926,-2.8304356434538631,,0.3734093843632153,0.3888888888888889,0,1
0.81693746051049265,0.57210350763575735,-0.072874976264366176,-0.53809509930280319,0.80157503185566858,0.26063601518572199,0.20752553992454828,-0.17370965677373412,0.96268276468553116,-36.093504639199679,20.112049405345722,-11.65316247222033,,0.4494509720485384,0.3,0,2
-0.92168872647213473,-0.29255730078227493,-0.25475501418650215,0.3331520018106458,-0.93338284932972748,-0.13343987509990993,-0.19874515134647888,-0.2078621714889694,0.95775450010958263,4.6148186465641174,21.61301795899935,-4.3993779068434042,,0.3665541967389063,0.3333333333333333,0,1
0.98232105082091137,0.067910228733930128,-0.17445215374825471,-0.035572387078461956,0.98261670871748219,0.1822059522264898,0.18379324903717076,-0.17277906291714609,0.96766080680465338,8.8706739132310695,-5.2520041812253622,0.037860591219660553,0.2463665343784378,0.162353464518681,0.225,1,6
-0.70691684224534002,0.70206994472657058,-0.08582756469518267,-0.70294542401175264,-0.71081546972967724,-0.024679928158615121,-0.078334596512735305,0.042885436975821256,0.9960042822621693,-6.0482342612989006,8.9096260646824152,-4.73120795900524,,0.2490444437013596,0.4202898550724637,0,2
-0.98189766916006471,-0.040393516371407007,-0.18505494085050256,0.033733334816316039,-0.99866965593749646,0.038999749125488897,-0.1863840911134865,0.032051242485021246,0.98195401543807759,-12.777095131310535,-2.9181008393131482,-4.4235367345039149,,0.0721104715785998,0.25,0,3
0.98071285326274504,0.048443391801556379,-0.18935558411625059,-0.021047876423001721,0.98934008820104524,0.1440943329087927,0.19431748851641639,-0.1373296314314898,0.97127817127101324,0.81501395363653151,7.4573787744079478,-3.199980691671517,0.1837217833548106,0.0909305693115339,0.3023255813953488,1,5
-0.82822422958478292,-0.4711743589214446,-0.30337987577237091,0.52195869103340331,-0.84563940975549257,-0.11159351918045828,-0.20396997422020191,-0.25077621929391292,0.94631260028241349,15.5909928222245,-2.6457075615143446,1.0862817991756795,,0.3039828339319723,0.1923076923076923,1,3
0.97275332306140505,0.14643952556659579,-0.17973991717151949,-0.12971917574330566,0.986336205957007,0.10155700006801564,0.19215594686991005,-0.075474195392649948,0.9784578365531964,5.5388546088018371,4.6240611534455081,-1.8271563734564209,0.9206296011344937,0.6241218767654081,0.9882154882154882,1,5
0.33682603434704667,-0.90034285535105707,-0.27555573919689608,0.94152459054640247,0.31929024438787951,0.10763449835047138,-0.0089256922684822614,-0.29569660575839191,0.95524020505865181,-2.6470254033661385,14.462399270212272,-4.8853562561402226,0.315505715646091,0.2856495188374932,0.7818181818181819,1,5
0.84764125570121041,-0.44084117594155425,-0.29523441403017942,0.51885424935959068,0.8050278418191541,0.28761161627704046,0.11088088002343632,-0.39697510185207252,0.91110712814397721,-13.327641309602006,14.239146847586623,-6.696033226720032,,0.249748786806379,0.125,0,4
-0.028009618980241457,0.99781376898531793,-0.059859365749193073,-0.99728308445512059,-0.023812819652703841,0.069709390184309578,0.068131569072363285,0.061649266366289993,0.99576978125078486,-32.588906198368583,10.234709121298032,-9.6848027210701062,,0.2997388970378611,0.2941176470588235,1,5
0.64600913912644742,-0.73291430877647989,-0.21332793571354292,0.76066519920201658,0.64143371857169051,0.099755899084967126,0.063723205255725432,-0.22671435920556143,0.97187445302464293,0.23403164291495124,-9.0808948096085409,-1.1989670445469218,,0.0675947542929545,0.35,0,2
0.79916026966529774,0.58834980068117004,-0.12323707001918867,-0.56869170243115075,0.80641629024948103,0.16211882804357697,0.19476296099219317,-0.059475027185287715,0.97904550975266813,-5.4319827947504393,-4.1750687280328433,-2.8761537147412524,,0.07363746893661509,0.4050632911392405,0,5
0.96255947082389026,-0.14629001622139415,-0.22820713459745043,0.21476758605913068,0.92523267129474218,0.31276091179546661,0.16539089789214087,-0.35006247317120698,0.92200982411886034,17.680499865815683,-0.85798505337151754,1.2698278074447329,,0.5049933715916948,0.3076923076923077,0,4
0.9829994209328321,0.005693319959813886,-0.18352036550081297,0.020302087817385316,0.99001980028171488,0.13945831018769833,0.18248277638169577,-0.14081328473545487,0.97307330410716741,3.7949146948152954,-9.3336231618274255,-0.54513764240199969,,0.08291902451286584,0.2121212121212121,0,5
-0.7404493383088202,-0.61777754765669934,-0.26473699969838793,0.64482850675933634,-0.76405000440670268,-0.02058610299792302,-0.1895546735603055,-0.18595293054262788,0.96410089376270902,5.0469170221499962,-7.3638710537339183,-0.51121291770859612,,0.6565652432357216,0.3394495412844037,0,1
0.78277542930339061,0.60812958393261685,-0.13206451614584055,-0.59187422256563327,0.79309055449033228,0.14384810405613563,0.19221740800775564,-0.034435178584694442,0.98074802397691363,-8.9771112967870135,-10.716264259921154,-2.7937218011658089,1.004942279321097,0.3662357307056678,0.3260869565217391,1,3
-0.4653018090458394,-0.8405182011205734,-0.27753086329938953,0.87011781629083684,-0.49187679294602615,0.030857840728042884,-0.16244756776244546,-0.22712633961336892,0.96022102329718773,-7.5609664056608086,13.798096641287783,-5.6788094159488107,,0.1531291233251115,0.391304347826087,0,3
0.56717718372616466,0.82322712420588873,0.024640296916985552,-0.80293809309922415,0.54604481732417698,0.23900936409184065,0.18330428503075552,-0.15534529102971492,0.97070457897563001,12.399580487884522,-9.5885777457308503,1.2441615820392868,,0.2556063683516449,0.25,0,8
0.41124129134117726,-0.8831884361180502,-0.22551892737283244,0.91152649943229358,0.39851140927238032,0.10152880139373902,0.00020280224106661833,-0.24731931381736685,0.96893401007713476,-1.3209434573008088,1.8906648249906479,-2.8770854302348323,,0.07209935720043287,0.2103321033210332,0,5
-0.83495484291841371,0.5373039782001664,-0.11897413709442424,-0.53849691388524423,-0.84226685012599278,-0.024650089551705889,-0.11345256287610066,0.043485494007937955,0.99259131962138936,-21.169171272479417,-2.7764541359159254,-6.0035485399426358,,0.1335503706134225,0.3333333333333333,0,1
-0.26144416574664714,-0.93980958650614888,-0.22001111178342989,0.95702055502864325,-0.2820446836004713,0.067545937741489981,-0.12553328423054513,-0.1928956649690482,0.97315602910655685,-25.348212642471342,14.983113410454669,-8.928331619775312,0.207671553598754,0.1267458789567431,0.4,1,2
-0.094205125351842237,0.9920958040866058,-0.082893364458166766,-0.99430175391290254,-0.08958711298204837,0.057776910208725177,0.049894052983988885,0.087863898737151752,0.99488216326132739,3.8284560995682844,-4.3710250380027507,-1.1063600860516845,1.069646038276983,0.8538472632275599,0.8241758241758241,1,3
-0.54975820041062895,0.81803705109997515,-0.16906006065573909,-0.83455122394443504,-0.54658587730033625,0.069051671584882179,-0.03591901577314429,0.17905100324621814,0.98318389050187893,-5.8481205129729457,-1.055941138331896,-3.2834632791850527,,0.227122129387978,0.852603706972639,1,5
0.9483106415144088,-0.2524582575086009,-0.19228040827461104,0.28069324079550284,0.9499564038769851,0.13709170399708293,0.14804807247055962,-0.18397733270386016,0.97171709323697963,-19.453636669087263,16.052395440306334,-8.0045752744266156,0.1916897797116074,0.1499636244297603,0.4210526315789473,1,2
-0.36078273144311213,0.92462554093033478,-0.12207960415946005,-0.93248366811143091,-0.35514367761149374,0.065933124892057354,0.01760765168599978,0.13762476997934125,0.99032792209966303,-2.6675300410503899,-11.751062700059585,-1.4884860670095448,,0.1021221279855069,0.3157894736842105,0,5
0.34248040005468738,0.93931818149704505,-0.019711151348022642,-0.93358742812255413,0.34259605631142825,0.10508309212889888,0.10545942172179398,-0.017586816338954075,0.99426807967527753,0.77006341227571784,-3.1446891769268057,-1.7989835066579776,,0.1788879313887222,0.2307692307692308,0,3
-0.46905815848150295,0.88242047382925193,-0.036311862096280602,-0.88213430531199188,-0.47010136691976845,-0.029047757433135868,-0.042702591884688682,0.018406851635283248,0.99891825314147009,-11.850497102063754,-21.127083187376872,-2.2799666437188253,,0.3856884368553775,0.1111111111111111,0,4
-0.20556544157998344,0.97454905119336022,0.089425924910767909,-0.97695213463258734,-0.20972144070845014,0.039767372857680935,0.05750978929587746,-0.079190050671103226,0.99519925643553975,-20.873820525256257,8.2663227798354573,-7.3366529011017247,,0.3639936328662233,0.2258064516129032,0,4
-0.056758749667569108,-0.95900549508673083,-0.27764528580479669,0.99332398449172121,-0.082216961548999323,0.080918681817858967,-0.10042861230577542,-0.27119887836623408,0.95726969146799579,26.72796657521285,-2.123302808763273,3.2694834801926844,0.7880632229455159,0.6537249673767107,0.3103448275862069,1,5
-0.57728675232543536,0.81371953466917124,-0.067827166293007224,-0.81567591153580243,-0.57850556672885323,0.0020289415876603881,-0.037587403871366429,0.056496266792737553,0.99769502299485047,0.2332331161716929,-16.458240192853413,-0.40017067668678746,,0.1680076728112176,0.2727272727272727,0,4
0.51547276527080454,-0.81291201628323906,-0.27103852502252962,0.85624451858656037,0.50105605013947285,0.12565094113893077,0.033662332874282636,-0.2968448894640911,0.9543322057567335,0.9053294722041807,14.647875050163266,-4.2014137753843688,0.2259021514203966,0.2107906071503303,0.2352941176470588,1,5
-0.96997649834608535,0.1753211893831417,-0.16854694660404701,-0.18229022665348418,-0.98288268595722306,0.02668143384708101,-0.16098405487155654,0.056604824872048723,0.98533244535959386,1.7214453535314906,-13.639680961385448,-0.44678756124126817,,0.1486030862969026,0.6296296296296297,0,2
0.85080101407770337,-0.4394070191162503,-0.28819976751503851,0.51188694788942113,0.81698786207290619,0.26552323025677965,0.11878294079877066,-0.37343313293936964,0.92002081943740954,-9.7044188711023907,12.414454573788346,-5.8438413270633482,,0.4565439130443477,0.375,0,2
-0.19691529733509663,-0.91561999555619167,-0.35052016976646216,0.96423986755374091,-0.24555085767234625,0.099730908530497639,-0.17738614234312042,-0.31834698056374616,0.93123002339409766,-16.933440254781523,1.7731718049353835,-5.7458641924406351,,0.6288819583802886,0.25,1,2
-0.57561675525518941,-0.76912576365794161,-0.27768851389115118,0.79963988705854594,-0.60045428266532297,0.0055412502080835957,-0.17100117571082277,-0.21886117542054145,0.96065518465214983,-24.671681100351311,-23.173134576614753,-4.5461525589220457,,0.8460865843585244,0.7142857142857143,0,1
0.9664358863101784,-0.16660571257127232,-0.19556127988556121,0.19671361916465013,0.96950315764495187,0.14617585078121775,0.16524354658202303,-0.17973915504165036,0.96973625613251624,0.045410617181342781,-11.377203319894951,-1.0158053568089063,,0.0788589075363566,0.303030303030303,0,5
0.75942262284690198,0.64418124573038837,-0.091147147830171846,-0.62184313026495375,0.75988955974997241,0.18941747101382997,0.19128094847792387,-0.087168684928913304,0.9776570048422647,-14.783695404957529,-15.466445517850058,-3.4277830224817709,,0.08643278851981284,0.2307692307692308,0,1
-0.98306665507236635,0.050011340902802751,-0.17629185309007139,-0.015245465450760092,-0.98102371891394879,-0.19328745099316205,-0.18261305393650631,-0.18732679655977694,0.96517415206926971,-5.7070737204954707,14.894886758326312,-5.4953248127481036,,0.753173079539204,0.2619047619047619,0,1
0.29443653962921645,-0.93402246125678368,-0.20226014436609346,0.95544770799897472,0.2831243360947317,0.083428338053825934,-0.020659172555522676,-0.21781334251771076,0.97577176963190737,18.351923077577595,-7.7786755805508809,2.1710207691819225,,0.1155314344830185,0.5,0,1
-0.83515354818262177,0.52774275827445161,-0.15493912368040216,-0.53817548491556821,-0.84221864462567297,0.032169894012687258,-0.11351519014594551,0.11025123914844828,0.98740010424972202,-17.007957448335731,-15.537005861325776,-3.8098507437980969,,0.1186891753809639,0.3333333333333333,0,1
0.92842986606044597,-0.30340838690506106,-0.21438594767999325,0.34022248038765474,0.92617734126624041,0.16261671612681086,0.14922013150326577,-0.22391713485275011,0.9631170588632938,19.438703860002423,-7.7763145759803276,2.4290117495490202,,0.1149428000875852,0.4,0,2
0.90660357649890744,0.39255237297668605,-0.15483084172658446,-0.36702887785103272,0.91459627269947963,0.16971582362181425,0.20823006003649314,-0.097037582588355362,0.97325430883331154,16.69809771623795,-1.7719463500988739,1.1793847172416556,,0.1770843301540852,0.2142857142857143,0,4
0.18021741657453386,0.97718883242528309,-0.11235510022475118,-0.97735600254954014,0.19077393611580395,0.09154534165793414,0.11089151024125161,0.093312866648689721,0.98944215691177217,9.9588121401082219,4.5332212711586637,-0.93513689719284376,,0.07186490524477999,0.3125,0,2
0.78378242551341504,0.62087343173670639,-0.014187713691576131,-0.58913055148093951,0.75055070211957609,0.29933064804589721,0.19649504514891228,-0.22625168576454374,0.95404395701698708,-7.9426854390235739,-16.957759199281586,-1.9503455590838754,,0.6707561465011235,0.5600000000000001,0,2
-0.49817141543380167,0.86700628190493856,-0.011195891302466354,-0.8617282342438094,-0.49648836624049159,-0.104516757005245,-0.096175314669247086,-0.042419445130993647,0.99446010454067491,-6.986182715055854,-10.42633128567495,-2.4502076743547199,,0.2804944730134928,0.2156862745098039,0,4
