axis_00,axis_01,axis_02,axis_10,axis_11,axis_12,axis_20,axis_21,axis_22,location_x,location_y,location_z,dbh,dbh_approximation,score,reconstructed,number_clusters
0.066235897136006278,-0.94109452282007378,-0.33159298100027057,0.99732509902133082,0.052146607888427975,0.051218923727684634,-0.030910399426087073,-0.3340985339743171,0.94203116551605182,-21.78556412059358,5.2938727780716732,-10.965470270267476,,0.2705546935341714,0.3661971830985916,0,1
0.95235253569388489,0.26518347883829579,-0.15067305767338632,-0.22970415882403733,0.94860875925606192,0.21766355065011755,0.20065055987056182,-0.17268220641946286,0.96432370519952293,2.9530790128734492,10.717749667646846,-6.63776270566263,,0.4027044628414125,0.396551724137931,0,2
-0.74549051394890986,-0.63352826397899509,-0.2070889479232359,0.64887342540495663,-0.76085166621120182,-0.008247413344606342,-0.15233900162279312,-0.14052288341547842,0.97828735442157877,16.410228029588463,3.0494542595020717,-3.4255087630287817,,0.1387528465114894,0.6428571428571429,0,5
-0.9039272522200843,-0.35161252560959827,-0.24348337628735237,0.39698498743851396,-0.9016025656384663,-0.1718014359153551,-0.15911769996543951,-0.2519552449713533,0.95456802381450745,13.733650389036869,-1.2147582605831255,-3.6310469040588282,,0.4831446653310444,0.625,0,3
-0.59146139669226239,-0.74090547668217177,-0.31817053736196504,0.79445938186349352,-0.60293340724483546,-0.072839529084200272,-0.13786844015913555,-0.29585533804631015,0.94523114218565052,12.37830555494947,0.096619707015575262,-3.9296688997384983,,0.5967239264921841,0.631578947368421,0,1
0.50042834947233894,-0.80201726853544053,-0.32609778903780207,0.86307741047602837,0.49185427471123311,0.11479005172174413,0.068328987775209751,-0.33889183144366108,0.93834081015928172,2.090809857818944,7.6147756154716175,-6.5149306104476565,,0.5585877227580129,0.3174603174603174,1,2
-0.1451057307430946,-0.89396214210653091,-0.42400001814364902,0.98614603492022124,-0.16548580909650823,0.011421243312311218,-0.080376145196429605,-0.41646864884163387,0.90559016106370427,18.86392105237211,-4.3992838611311544,-2.4084733813835015,,0.6287695627341696,0.7183098591549296,0,3
0.70825239829867503,0.70556111473900973,-0.023707671172420047,-0.69138419909953364,0.70002741978944483,0.17874423285361379,0.14271100006541088,-0.11020492235457006,0.98360990517031277,-0.74518544901340356,16.993231779178121,-7.9605616436947244,,0.4342332424700351,0.9453125,0,4
-0.75299667919095215,0.65225802350699746,-0.086922217517409361,-0.64515351256808162,-0.75779746155307304,-0.097570243849161603,-0.12951041019340676,-0.017391895654706561,0.99142552701505071,-16.672230527955499,-21.068283898291824,-8.1796342137732125,,0.4892807482747402,0.3396226415094339,1,5
-0.74787555200187372,-0.61523008889503961,-0.24934734094450342,0.6500387620072986,-0.75489467799387155,-0.08708405723522053,-0.13465424837676362,-0.22721347419273014,0.96449067934291521,19.616646392210992,-8.1122123894711873,-2.0663155064164078,,0.4884831011710273,0.8333333333333334,1,5
-0.97378494261054582,0.16776865753614584,-0.15361172837220932,-0.16439788335022421,-0.98579125277087165,-0.0344810369682007,-0.1572139354349483,-0.0083236716030706207,0.98752949069691154,9.2724938195668098,2.8986041118827606,-4.7848431252440671,,0.1113494018392107,0.1052631578947368,0,2
0.49918036960153067,-0.77423672720762349,-0.38907126448416585,0.86500529428594986,0.47160670394695542,0.17132704879722266,0.050840923100949148,-0.42207180317466964,0.90513567684802165,2.2289285258455305,21.557229925574592,-7.6998935671482522,,0.2685916467336842,0.3684210526315789,0,1
0.76687754949863707,-0.57503495200796095,-0.2850151365176356,0.63608182928862267,0.74010854357923339,0.21826417518654775,0.085432608082650061,-0.34867484522148545,0.93334191044116754,-20.205103891781643,17.439436435877472,-11.782875634164229,0.8077992997538332,0.3778036775303409,0.3185185185185185,1,5
-0.7662388758936387,0.63278669152920586,-0.11161983736224877,-0.63426744054788364,-0.77266702452557168,-0.026277044575758107,-0.10287273171297648,0.050662335460588688,0.99340350756154905,3.3695913303595164,12.280363415742642,-6.6662002064595436,,0.2150408129242379,0.1666666666666667,0,5
-0.97943188075647558,0.10113763161711074,-0.1745977388992099,-0.092510818751414828,-0.99408561914068816,-0.056881721419267096,-0.17931798396083415,-0.039559591612626961,0.98299547269540655,11.485545816668226,1.8574369212276061,-4.2836960579764902,,0.1600528937157333,0.4473684210526316,0,4
-0.98484674039100017,0.0083403989249702156,-0.17322625576683395,-0.0060488765898357348,-0.99988713774595472,-0.013752194814089144,-0.1733214038519916,-0.012495979992624773,0.98478603841179657,10.815111800145928,0.109280292401237,-4.2536178974273504,,0.08196052884626995,0.1590909090909091,0,2
-0.53011038677316002,-0.82198999907061765,-0.20812356729380002,0.83830422685188355,-0.54493744485237305,0.01700601187910512,-0.12739309666334492,-0.1654558026351837,0.9779546903087436,1.0742493921375975,15.111760515426797,-7.3485459286522303,,0.07375489422820668,0.2272727272727273,0,3
0.96386560836500634,-0.14370995583870261,-0.22430010611677204,0.21271688495296184,0.92207356514244809,0.32331388358900476,0.16035777457630607,-0.35934355296614739,0.91932453196605224,10.49923907034643,3.5869396088734811,-4.5860565234854871,,0.7073783198337663,0.4117647058823529,0,1
-0.20089189397660925,-0.9329272482753459,-0.29881297890132286,0.97665482695977834,-0.21442902185160628,0.012866373379033588,-0.07607756509416036,-0.28925238808548309,0.95422495255374085,0.39395751698164572,12.987945270855979,-7.2931325507680045,,0.08326880871744387,0.2083333333333333,0,4
-0.29444327033841666,-0.89125208526117605,-0.34492445704824087,0.95373954680354767,-0.296964911356214,-0.04682646993057632,-0.060696271840875303,-0.34275583429141149,0.93746167956019255,-19.765846938060672,-21.510937843316736,-8.7261737872492127,,0.3024881891793658,0.5,0,3
0.61540943671802295,-0.76515207912074001,-0.18924460630521581,0.78511175434568858,0.61632080232422026,0.061222559654636736,0.069790818784722944,-0.1862551058082427,0.9800195289756829,4.6036112645572853,10.305986592439371,-6.1874908567266953,,0.2257553143209568,0.8539325842696629,1,5
-0.88042999631835439,-0.43035659012619748,-0.19908849016910746,0.44130149953832176,-0.89727891636300494,-0.011980515667533817,-0.1734820108486502,-0.098406054617506331,0.97990828158890741,-7.9231721383321823,16.871635514778731,-9.3363017849802059,,0.1014098086309534,0.4117647058823529,1,3
-0.90006006158233265,0.43003753562252239,-0.070424452430362328,-0.41474074497521846,-0.8949661110377013,-0.16439517800548301,-0.13372359553126473,-0.11875764417401319,0.9838773409060857,-0.07124377286256213,8.7547899956431507,-7.026870040279988,,0.1009092786519077,0.4461538461538462,0,5
-0.59477237597291222,0.79093897646349076,-0.14374058678891979,-0.80059599642392176,-0.59896672378899452,0.016879404713035166,-0.07274524925742587,0.12511754195301478,0.98947143940899618,17.729903310445287,-5.890693348159358,-2.5582804038907052,,0.1813250541710135,0.5,1,5
-0.76741070819533608,0.63255633082765972,-0.10465798238538641,-0.63200564708829488,-0.77379174559478137,-0.042605122906584254,-0.10793362310066652,0.033448808337940381,0.99359524466712978,-11.640537069485513,24.746081201060623,-11.034581157314621,,0.142400487072649,0.3333333333333333,0,1
0.24429768406816019,0.9634622448574961,-0.10981413521532263,-0.96604100996661024,0.25163906019436966,0.058673251547762824,0.084162988430937322,0.09175121862215313,0.99221887971340539,-8.5061018876936316,19.088593723155586,-9.7744685513718981,,0.07213546628560524,0.4,0,1
-0.80947293764227701,-0.51307729494183107,-0.28549124792181663,0.55498854467380432,-0.82732157033141795,-0.086756755040798203,-0.19168014635228972,-0.2286716175644237,0.95444644313593363,-1.2204913906064812,13.416390686279135,-7.6635961228926126,0.6383381690802741,0.4610513589017159,0.7131147540983607,1,5
0.68449837115212675,-0.69133705984869154,-0.2313332003190475,0.72350524122601656,0.68315392598759206,0.09920120627403424,0.089454713730296939,-0.2352738470113214,0.9678037358389997,11.434686520365723,3.1834483990193285,-4.355313508397038,,0.7631645611888902,0.1153846153846154,0,1
-0.60924004113454555,0.78946903730721463,-0.074600344580955283,-0.78958097986701659,-0.61264226515041842,-0.035090328918463864,-0.073406052275131403,0.037524579738938128,0.99659593487270282,8.8448942703453515,4.0365986092732831,-4.934995038314872,,0.1477124921029538,0.4615384615384616,0,1
-0.63725287987412815,-0.70917627844292486,-0.30162521974459056,0.75702071187489017,-0.649337117205527,-0.072670145256832755,-0.14432050749828876,-0.27464579791625815,0.95065307910003494,13.77996702945563,1.5210846845870991,-3.7775049654677262,,0.6300651690794612,0.5405405405405406,0,1
-0.98177414228184567,-0.063107305183174103,-0.17926796026971392,0.077371083379177377,-0.99427339635262679,-0.073716543340987761,-0.17358931131690794,-0.086243152411823856,0.98103459146892047,1.8759182063352091,11.067012256063856,-6.8622195737726832,,0.212611235644478,0.1914893617021277,0,5
0.88617930257763577,-0.3890882612693819,-0.25158809317093134,0.4291284643839377,0.89399074703377557,0.1289546636360076,0.17474268150197184,-0.22224056596481562,0.95920494478559659,-17.494732088696008,-21.325853311450778,-8.2713661984895914,,0.339350225427335,0.3265306122448979,0,2
-0.2503542420501354,-0.94337710859708601,-0.2176290064823726,0.9647857666395806,-0.26183351280222161,0.025132370825806733,-0.080691870576776403,-0.20367337221308832,0.97570793758899488,7.0798170846129906,13.433860318581205,-6.0235530808246613,,0.1718572868319817,0.4444444444444444,1,4
-0.98077355620282403,0.026187456281216413,-0.19338419942380342,0.0038226524214047641,-0.98818716421270136,-0.15320416382632895,-0.19511181097445415,-0.15099783315921758,0.96908773369571133,17.375388408121935,-4.0402529273089733,-2.6995737791303518,,0.5140512452737653,0.5441176470588235,0,4
-0.00093542826730618476,-0.96010803524645616,-0.27962776262228778,0.99495559008948098,-0.028943629123313455,0.096050195641989938,-0.10031200687679014,-0.27812735749717588,0.95529193144713043,6.630351643935442,19.825765874841366,-6.7525697019434459,,0.1510168671875535,0.4615384615384616,0,2
0.47745682469153039,-0.78303554638601902,-0.39861047860214277,0.87742432329534303,0.44890603439911758,0.16914469891121658,0.046492337488979033,-0.43050982030147267,0.90138768417302195,19.404772070876387,-6.6714020899509148,-2.1565718187995566,,0.3866510200869954,0.125,0,1
0.34916542579375021,0.93699254691232281,0.01133456929161112,-0.93158831483719096,0.34579539378545882,0.1121104691612695,0.10112723218337223,-0.049704252006409079,0.99363110370167651,-15.406861837597077,21.128612407239963,-11.353027535545268,,0.278095936705101,0.1333333333333333,0,1
-0.80270927439235329,0.59550777871078464,-0.032067215336722681,-0.58236635473857168,-0.79430997575446227,-0.17297714093329145,-0.1284805420015519,-0.12017548798276197,0.9844036785867345,5.2037694801089378,12.459043427652594,-6.3105964554025862,,0.5167975218746335,0.1875,0,3
-0.69027049567024312,0.72057518619360261,0.065559468036371554,-0.71784271326211102,-0.67064802530813528,-0.18690389286151673,-0.090710979620152205,-0.17607562918346664,0.98018819161628279,20.854222989892335,-6.6913384555666457,-1.9238913248676692,,0.4407570486397965,0.1578947368421053,0,1
-0.41221646794338734,-0.84301029841242514,-0.34555928626919391,0.90111688109477095,-0.4331969432835886,-0.018132151990030224,-0.13440963567509839,-0.31886367792577369,0.93822172472040832,-1.7288403447700404,10.914805087987336,-7.5602527681204075,,0.2900295039460712,0.2888888888888889,1,4
-0.95984075705009708,0.25308631910720419,-0.12104972608917014,-0.23123400572799896,-0.95802360218702987,-0.16947451798890342,-0.15886017657197932,-0.1346777365912934,0.97807226295717309,8.3921963321029018,11.388375496261633,-5.5238557216389319,,0.2556729889898334,0.2142857142857143,0,1
0.91936063116312927,-0.29184993399323339,-0.26381744804974155,0.36531242320588692,0.88219393402496415,0.2971206761923515,0.14602350262466543,-0.36953684362686035,0.91767077859302115,2.2846991903093814,13.625138490971056,-6.9857540903304578,,0.3152696897481656,0.4,0,1
0.35943534385206022,0.92908076469526402,-0.087264920003485957,-0.92463124026959198,0.36720736939210918,0.101073326756582,0.12594960542799247,0.044358545257826253,0.99104440685326622,-2.6414750512022813,15.36613489155258,-8.1417615491646185,,0.2121110835496931,0.2608695652173913,0,2
-0.33637063286253494,-0.88071915833788694,-0.3334494886549712,0.93702219060686298,-0.34836573133809529,-0.025114369185567663,-0.0940436688883029,-0.32089730657311227,0.94243339657301461,17.421830746858429,5.8783064283452378,-3.421239616899955,,0.2591391752225934,0.2222222222222222,0,7
0.74897166976343199,-0.62188464249295949,-0.22869396433483277,0.65960295797070956,0.73256646566184014,0.16813777453032741,0.062971229367608864,-0.27677764508559027,0.9588684787043571,22.730040884740696,-7.328519754483394,-1.4848387024230751,,0.3660537409271138,0.3333333333333333,0,2
0.91293257350462387,0.39822807194174648,-0.089266561218555723,-0.37103786497464925,0.90099360199553469,0.22481421645031208,0.16995593249216354,-0.17211894689624696,0.97030410136721978,0.54841321373881469,1.7989607989192724,-6.4005560550745928,,0.4334171303561579,0.3921302578018996,0,2
0.97341725915759914,0.19218159870446166,-0.12459964965241636,-0.14880741019480373,0.94421073264961786,0.293806819220363,0.17411259071423593,-0.26745527751134202,0.94770906943328759,-7.1738123872932551,20.938141279538769,-9.7072681571533117,,0.6997135032933025,0.2307692307692308,0,2
-0.63206841885776444,-0.73123271800215561,-0.25649215583683371,0.76149102757871567,-0.64744695023712473,-0.03072232975797886,-0.14359989136401793,-0.21473508970782312,0.96605792396129953,-1.9268865488303466,11.765678492202451,-7.6785538349143536,,0.1909920068116279,0.2,1,1
-0.23791651527525642,-0.89618602895105393,-0.37449477068741638,0.96772307735456586,-0.25170863541954186,-0.01244220280503497,-0.083113039378235831,-0.36536743747654077,0.92714554322238896,14.877556793538165,-1.0546189964635564,-3.3754687752680592,,0.2352550506318594,0.1875,0,1
0.13041039300741855,0.97883290641081,0.15773164147696489,-0.98931813845497929,0.11801951625345765,0.085562928346768791,0.065136397809712393,-0.16720506903400667,0.98376812032597816,18.270311454387191,-6.6906801346761338,-2.3499189637217328,,0.3148571231459862,0.25,0,1
-0.17464681461203341,-0.88880643503752932,-0.42369990698812937,0.98195111459897633,-0.18894860289168686,-0.0083924968340022121,-0.072598200278651479,-0.41751831876117612,0.90576374116827107,18.167335671431914,-2.9925517384493885,-2.6306193681162076,,0.6456955368712706,0.4375,0,1
0.23088338793038285,-0.92106892687802033,-0.31356800397611051,0.97283579720241653,0.22410784007652976,0.058018856398353677,0.016833682286673243,-0.31844576925436796,0.94779160113638206,-15.294055708993978,-24.713277584046796,-7.6947419782540845,,0.1599414468596831,0.2857142857142857,0,4
-0.11421866711829615,-0.95075300015860231,-0.28813682300451843,0.99149506133652754,-0.12730581793807211,0.027032796089076085,-0.062383005915032541,-0.28259858706040225,0.95720760504943192,-5.4942043982786304,19.135240726568718,-9.1416978805820239,,0.4829551351741065,0.3076923076923077,0,1
-0.984474997804761,0.0082923204344925033,-0.17532887987758483,-0.0071363650345381393,-0.99994845226884066,-0.0072225410517725713,-0.175379733696373,-0.0058592001981854526,0.98448342737784433,1.8065015528710842,12.58061484973175,-6.9993470828162412,,0.09069458813520213,0.3157894736842105,0,4
-0.97551915710901871,-0.10107122363645786,-0.19531252357680293,0.13753867001398862,-0.97339943674963036,-0.18323932652759159,-0.17159687748934482,-0.20561649809324964,0.9634709997440376,5.4263785454651448,9.68788598471955,-6.031790054500787,,0.2979851666244923,0.4,1,3
0.4078933155906333,0.910969249038453,-0.061303102717546958,-0.90633371264983242,0.41210488769620418,0.093427848371191183,0.11037320513082605,0.017452473842324248,0.99373697060436084,-15.363880605266939,15.362413790839385,-10.667460909202401,,0.4343759713383242,0.1794871794871795,0,1
0.37963451062458914,0.92169302373741768,-0.079747152529766524,-0.91904983599968493,0.3856048477625848,0.081586152813738599,0.10594827649273804,0.04231868825673734,0.99347072998274488,14.943008999947319,3.2120619354295319,-3.6837565120654356,,0.3826255995969542,0.6666666666666666,0,1
-0.93975542122189137,-0.27539073709810297,-0.20253318297165623,0.29431504384281587,-0.95317337931365587,-0.069564099473710742,-0.1738919298066135,-0.12498180222876656,0.97680148743733108,10.056807599507344,1.1227209914806184,-4.4977892395513495,,0.1190333887998104,0.4181818181818182,1,2
0.09723527812437377,0.99523952336463073,-0.0066024102432403415,-0.9934823348542523,0.097455804068648316,0.05912035678070228,0.059482358902619069,0.00081079360973633865,0.99822902762497534,-0.98768566402696167,21.312473584237257,-8.4000643600364899,,0.6089948298412011,0.1818181818181818,0,1
-0.82891989476482053,0.5583752369539251,-0.033300192487839574,-0.54265017287789119,-0.81716605359046879,-0.19434616213080624,-0.13572987120996574,-0.14302704505102135,0.98036761801137606,11.238880736924404,5.8890626479652175,-4.5997408869674183,,0.6247622651817379,0.4166666666666667,0,2
-0.74788262045847853,0.66339400300852658,0.02408283182024672,-0.65650865939759884,-0.73377274012487581,-0.17485407054340615,-0.098325816305416563,-0.14658090810864219,0.98429978727312484,18.568117740012806,3.8888470307757492,-3.0030342995565245,,0.3347330790701443,0.1666666666666667,0,3
0.97340200655112585,-0.11282754998097964,-0.19939527980253788,0.14460198660495502,0.97763308669662241,0.15272135825068825,0.17770424618489913,-0.17749223014353116,0.96794509613228208,13.828029560628071,3.4722689279673884,-3.9392044557699548,,0.4380518947556721,0.4230769230769231,0,2
-0.65949378948441328,-0.70659175438454758,-0.2565073766332206,0.73752949796067557,-0.67418333306399558,-0.039077782135074547,-0.1453209594978068,-0.21495331133641568,0.96575198300399456,22.646792832200443,-10.931048503012263,-1.3028094604681613,,0.1414359746339385,0.2222222222222222,0,3
-0.88322663921371147,0.46578172164479531,-0.054388340339304383,-0.448713431238423,-0.8731161100079271,-0.19058991335028017,-0.13626063411526645,-0.14392930982338784,0.98016192201302621,-13.361939592762594,6.276619667905095,-9.5125565784818598,,0.4789269059944342,0.1184210526315789,0,2
0.95598196537307101,0.24873947276860475,-0.15565075190386293,-0.2332682227820265,0.96604458648347835,0.11110262447881589,0.17800117449487871,-0.06990373103606444,0.98154421717296148,-9.8492591569913301,16.900770737524187,-9.7292940424931693,,0.1131374628968047,0.3,0,1
-0.92055591273272963,-0.28475176602811036,-0.26738220448766797,0.33181424632440948,-0.93123722200517667,-0.15065371647671408,-0.20609734949527342,-0.22740639414043398,0.9517406235078284,-10.497962757516406,-27.08043930198307,-6.6351006379295923,,0.2963288006731466,0.2857142857142857,0,4
-0.49886268630373276,0.86311764375485733,-0.078510847994958929,-0.86519229442500356,-0.50126555888484736,-0.013233787948266285,-0.050777099970575411,0.061325137708165167,0.99682541781580436,7.1642751262977775,2.9139755146130257,-5.2201783173903555,,0.1263639080344752,0.35,0,1
-0.72146767502537978,0.69035428280434985,-0.05380853191793937,-0.68476356673754446,-0.72284849852294852,-0.09267635001441249,-0.10287493165173134,-0.030016868537697378,0.99424128663058498,19.913042376821487,4.8088294536185812,-2.833268902153955,,0.2293834752452796,0.3333333333333333,0,3
0.23662007295126231,0.97152528889803225,0.012229231706720347,-0.96687234870884298,0.23420907051957565,0.10150848530346709,0.095753863518852983,-0.035843051180859828,0.99475950525906587,-6.3966553044432723,14.930793800001682,-8.8574577519405651,,0.2825170550125266,0.2857142857142857,1,3
-0.86938962028941602,-0.42311621954859746,-0.25521432735629918,0.44919917927055464,-0.8919489258307266,-0.051451054917004517,-0.20586836929379229,-0.15937307948432067,0.96551459650281779,5.4788913618235666,7.7820930960477659,-5.8892429802736768,,0.5670674121921329,0.3666666666666666,1,2
-0.98416406176437932,-0.013886016352376547,-0.17671524575231634,0.031912089701340567,-0.99451795667062126,-0.099577368867561369,-0.17436375214571873,-0.10363982057855134,0.97921196353400042,-8.1556308762669563,-21.58072181126531,-6.5245182235616737,,0.2992765626555137,0.1904761904761905,0,1
0.42803951378400779,-0.84357269924359424,-0.32429504425819933,0.90301400047539171,0.41378051584247405,0.11554825682183879,0.03671361579822506,-0.34230218491855036,0.93887236865029067,22.126251805318372,-9.5892429780913329,-1.5130595144908612,,0.218222920334055,0.2666666666666667,0,1
-0.95712617059525118,-0.19065804529685379,-0.21808026807864617,0.22852890505294757,-0.95961885461633145,-0.16403107455644497,-0.17800009302517855,-0.20683607912650048,0.96204719388115512,28.255028081063184,-13.112597889067828,-0.11822928187932155,,0.6017124425996367,0.7241379310344828,0,1
-0.20954587697584173,-0.86482891288792041,-0.45624716643013219,0.97495170546665799,-0.22037806287833853,-0.030044656923438409,-0.074563378746415596,-0.45111468700884744,0.88934573800903183,10.869992412818787,12.738717456387835,-5.2052430340313718,,0.5238247470328818,0.2727272727272727,0,2
0.71325360109169678,-0.65084906114534768,-0.26012458579677944,0.69485582049491768,0.70525558653091003,0.14067674431574029,0.091894990364334059,-0.28108727696777958,0.95527234518370596,8.6735631128899389,6.584888083174584,-5.1938191646445242,,0.1010568189324754,0.1904761904761905,0,2
-0.82031957982731063,-0.50026309175936456,-0.2771509083068423,0.53402353892086663,-0.84346808309069154,-0.058141660500439958,-0.20468181851444284,-0.19569985138133558,0.95906565017153278,17.557618756913232,0.44882525710585597,-2.9629767893703849,,0.2458389889513737,0.1333333333333333,0,3
-0.94725554640977272,-0.24699903700321837,-0.2042018744169756,0.26657580952728344,-0.9609497650776051,-0.074248816638172482,-0.1778883570411422,-0.12476788335456505,0.97610896303252181,-13.39316601150747,14.288029202579015,-10.167101148755867,,0.7286403554843845,0.3140495867768595,0,1
0.84388099082295687,-0.42062249870553164,-0.33307894996589049,0.52150355381132218,0.7889420151928257,0.32496852159192985,0.12609090645175997,-0.44793661409422458,0.88512929737071477,11.587647016694742,7.5629224463824265,-4.6934196688560101,,0.3065896630091133,0.1851851851851852,0,1
-0.30734562650976616,-0.92352261528769253,-0.2294442087251258,0.94690114538896197,-0.32073205021208595,0.022564858249553756,-0.094429268377923425,-0.21032577354887264,0.97306021512272178,20.251059446228869,3.8390511823616764,-2.7023269733447823,,0.1761278492699765,0.6875,0,1
-0.51126441753590302,-0.82493453310677456,-0.24102222189993736,0.8501152669849662,-0.52659581160761737,-0.00094023209622909332,-0.12614566263155397,-0.20537737773480208,0.9705191417555985,20.906962612381246,-7.840865902639985,-1.8086953877290699,,0.07708504991407081,0.2631578947368421,0,1
0.084106291685638962,-0.9482419801469778,-0.30620790124657221,0.9960712728619574,0.071458559882512887,0.052303858353646461,-0.027715538566861996,-0.3094039775220378,0.95052671062705674,15.759390159125401,0.80846634615967183,-3.3297689576425902,,0.06679985060027917,0.3125,0,1
-0.8447291955475793,0.52021301089741379,-0.12574183664392594,-0.52007757196247462,-0.85333772261209218,-0.036524653438812248,-0.12630085245617853,0.034542067978853161,0.99139040756333097,-6.8336594924309875,-32.068408281443695,-5.6663883008704419,,0.1540638497989705,0.4,0,1
-0.98209322704626023,0.11226370364956763,-0.15129360274890999,-0.083067317763778528,-0.97882317885705783,-0.18709624595831778,-0.16909380269363625,-0.17117840218627453,0.97062105917580399,-12.273672669100323,-26.530764341379321,-6.9663303119685942,,0.3876056489997543,0.2142857142857143,0,1
0.6365150902668516,-0.68447234576668214,-0.35545203297103067,0.76719155280280593,0.60920353373256486,0.20071914656000309,0.079155929472164224,-0.40046056281288472,0.91288864406398784,14.789135986534616,4.6306572469951215,-3.86664140403317,,0.2256590922602498,0.3636363636363636,0,1
0.94900658049664699,0.27250796543709349,-0.15851157354401152,-0.26024756450769032,0.960959981500073,0.093952749417967163,0.17792615137151208,-0.04790952649229268,0.98287688035145426,22.334907101299436,-8.2643182569813796,-1.5144803055343861,,0.1212587207574797,0.3333333333333333,0,1
-0.23419682263209721,0.96767585542161783,-0.093569691156224141,-0.97218915364203207,-0.23307859971934089,0.022860793810830851,0.00031274561564906337,0.096321364125059983,0.99535023835997971,-1.5222808253372055,-33.695538214671153,-4.6410496305583289,,0.2183798548538217,0.3125,0,1
-0.24184190709878078,-0.94471632944939909,-0.22141262123573766,0.96669379674570666,-0.25428000060955108,0.029065178880888647,-0.083759150569928983,-0.20700902917907291,0.97474697564759971,-7.9514340587988901,14.327761246613564,-9.1321553683768659,,0.08381456203173043,0.2142857142857143,0,1
-0.68750931305704122,-0.67726674837063627,-0.2619936946021818,0.71026866626662377,-0.70225993134149933,-0.04847071850162845,-0.15116006807244764,-0.21940998241579263,0.96385159305602364,9.2902693328360471,5.8910135024607015,-4.9748508974729528,,0.08758749700796473,0.25,0,1
-0.20912588021533379,-0.90715920610130751,-0.36514180945190083,0.97474477920365354,-0.22329421997871893,-0.0035080962524746224,-0.078351653711858302,-0.35665370614889436,0.93094530035382628,19.774465530714398,-0.063687474285262322,-2.4902809388413285,,0.5954100149714127,0.2,0,1
-0.91941993920169407,-0.34744373602996426,-0.18425478471913359,0.35138931192186973,-0.93615421921793329,0.011867152461171111,-0.1766140619130554,-0.053834265426421432,0.9828068706518942,16.78317123676559,-3.2684563840439047,-2.8460020564864772,,0.1377575877018601,0.3333333333333333,1,1
0.19491934575031158,0.98074946363610538,-0.011702060919514106,-0.97787131604504252,0.19524399470119341,0.075149662603756412,0.075987748411230988,-0.0032050133562762182,0.99710360042514079,-5.5162044352334778,-29.333665270216716,-5.5687037135686799,,0.1202403112489848,0.3571428571428572,0,1
