axis_00,axis_01,axis_02,axis_10,axis_11,axis_12,axis_20,axis_21,axis_22,location_x,location_y,location_z,dbh,dbh_approximation,score,reconstructed,number_clusters
0.90296894298873875,0.40422588290105049,-0.14576873324093884,-0.34973720687519716,0.88844156892623827,0.29724647135167381,0.24966171938232198,-0.21742358243013155,0.94360797563305532,2.9932283260078174,-5.611288466164905,0.32025097839405897,,0.2509297980441947,0.2592592592592592,0,5
0.24584356404128707,0.96877049403462012,-0.032321384676349395,-0.95492676876848592,0.24778390710861795,0.16345642130967858,0.16636047700357476,-0.0093201537490960051,0.98602095638238718,-13.109751060941228,12.981408314425879,-5.4400145814129095,,0.1606654314926927,0.25,0,2
-0.97911111397666584,0.049778828170210315,-0.19713826303732587,-0.02217115805271419,-0.98992481992689696,-0.13984738339812683,-0.20211349840615492,-0.13255534375762362,0.97035004745881481,-2.6664101965908706,7.3048686266685303,-2.5229446835255658,,0.6765272950608352,0.345088161209068,0,1
0.19704949764965549,0.97792505091051196,-0.06952762240787079,-0.96963366271543994,0.20487422144099682,0.13355565700480948,0.14485184018527134,0.041099248054172463,0.98859941139185536,-9.4932471544324688,-0.27851831118333348,-3.1183080866282142,,0.07400189918041142,0.2857142857142857,0,2
-0.88568684828763289,0.443781342090805,-0.13644386091870955,-0.44331790433626367,-0.89566296579286098,-0.035455428386075134,-0.13794217072825685,0.029085599860080243,0.99001312386026297,0.35028973369537403,10.924159461053179,-2.2482371459187922,,0.09255857558830347,0.1578947368421053,0,2
-0.48764359752645903,0.85738605806635138,-0.1645991167196714,-0.87289297867396576,-0.48230885721344391,0.07372932954498454,-0.016173112660957719,0.17963104878306785,0.98360109634950654,-11.393460056938927,-5.8151101336624036,-2.8130335379986433,0.1653044135530676,0.155323378312977,0.5187165775401069,1,5
-0.9342164417711365,0.35535609732651019,-0.031011030575426153,-0.35493873951055244,-0.93471149550002053,-0.018245859113145847,-0.035470144052970345,-0.0060385654743755702,0.99935249267106685,-6.1133113627423983,-17.215612169559229,-0.040497507534790055,,0.2438027188637125,0.1428571428571428,0,2
-0.8275433170249461,0.53575581628495295,-0.16774314818851588,-0.54902781226312458,-0.83472007842112395,0.042554107230683688,-0.11721996335487178,0.12731102072278519,0.98491186620611193,9.0963084545718473,6.7988738587993822,0.21412480492152161,,0.08617089526241783,0.3333333333333333,0,5
-0.39870514723763439,-0.86517116807609407,-0.3041595888609529,0.89978741957956121,-0.43314728915624146,0.052593017245207027,-0.17724786354868061,-0.2527098649171553,0.95116818651644475,-10.606504669930947,-16.640414476219092,-1.2024292406825745,,0.5704807454212751,0.2777777777777778,0,1
0.52867180524396384,0.8411263271439281,-0.11407288952881112,-0.8229765700888656,0.54083502181014342,0.17380173839287807,0.20788383156189219,0.0019952365738450158,0.97815148704388311,4.1278229335041772,-10.439553652951783,1.3741590865657307,,0.1329436551544876,0.2580645161290323,0,5
-0.74190306436901732,0.66888353943470547,-0.046633182961960722,-0.66447753872429904,-0.74275724490544648,-0.082348501330437598,-0.089718691535044179,-0.030107902845804252,0.99551196405440989,12.789458505303958,8.7956042995516786,0.81867493629678068,,0.2022528607622714,0.1176470588235294,0,4
-0.68578423418664047,-0.60364847934938515,-0.40658147709926268,0.69518363348620515,-0.70867644861877788,-0.12040517806969299,-0.2154523146173202,-0.36522076139268433,0.90564567882466462,-6.4975663013190932,-6.2135115769579574,-1.6777665611968617,,0.1337566628849748,0.3587786259541985,0,5
0.92622026179764438,0.34403438580626794,-0.15413100926941409,-0.3184592448665659,0.93284492596541568,0.16847567616601358,0.20174175570397151,-0.10696114006256094,0.97358080225628785,13.940141871087635,-6.1001882468867556,2.9723248700889133,,0.1310321398087027,0.1333333333333333,0,4
-0.97074969293673963,-0.11878942064359252,-0.20864828589371456,0.1065561716230025,-0.99191214218256674,0.068964371090005708,-0.21515300591038661,0.044714379498662464,0.97555615333704626,-18.553634490142858,13.048082368647506,-6.6759391806422785,0.6698269552587306,0.6435992025116788,0.9485294117647058,1,5
-0.42514183389678911,0.89187084200873457,-0.15433995673676584,-0.90511474972146977,-0.41803212457811029,0.077565666743431128,0.0046594964874689636,0.17267178112054976,0.98496839801952074,-4.7193690852858197,-2.8094789379422767,-1.7543691366401739,0.294638925891929,0.2634986687943997,0.8082408874801902,1,3
0.13131569184172889,0.98495288584641438,-0.11235658298003444,-0.98595371482968763,0.14155992306573922,0.088634419923421762,0.10320591693148017,0.099139300201500552,0.98970699596693268,-24.664409849221457,1.824978997662547,-6.507788666441213,,0.1142071882745168,0.2571428571428571,0,2
0.49949830737070916,-0.83325982867120496,-0.2370221484516393,0.86629900439450236,0.48208613954394919,0.13083955458769425,0.0052417476943047063,-0.27068618727679183,0.96265337068888046,7.5385203881134473,1.4520334971907425,0.5061370998306719,,0.1046946111052365,0.2641509433962264,1,5
-0.7738884352974037,0.61146739472654177,-0.16493730596584977,-0.61695857388849773,-0.78669595312325113,-0.021716248409212255,-0.14303428896040085,0.084953531567766541,0.98606495204715472,-2.5521565705651832,22.321640604860768,-4.3310801671907413,,0.1651928231814074,0.3529411764705883,0,2
0.98495793307928825,0.050077170267731196,-0.16537879876861938,-0.004673532833902011,0.96445514652883579,0.26420527705723534,0.17273108624398006,-0.259458180352859,0.95018178497220029,-5.0654337440165653,-13.601416463506446,-0.30496348337589185,,0.2017586934782644,0.24,0,3
0.67637569526001051,-0.69663059730481947,-0.23921063889440383,0.73364487584385196,0.66603269162889767,0.13478000530355128,0.065430230089748451,-0.2666575792665507,0.96156779293511419,-12.537473487792335,8.6700675240892853,-4.8080843544159846,,0.07460610647569971,0.2941176470588235,0,4
-0.60412641169477754,0.7811561750274717,-0.1575636662090647,-0.79587856999392503,-0.60140047424427767,0.069962642911638978,-0.040107113050129865,0.16766782576036218,0.9850273700195219,-1.598938876612404,-11.459037679528898,0.14456693150545202,0.2845355247600127,0.1549862749177016,0.4054054054054054,1,6
-0.95223332703331953,0.23294718599261718,-0.19745201803268114,-0.25026437945423047,-0.96582296488545405,0.067481411338692551,-0.17498408860078132,0.11367325559688159,0.97798719812611146,3.051595250104874,-10.415309584093366,1.1723640867636236,,0.07398147567238009,0.1428571428571428,0,5
-0.7520273331274161,0.65560888682438823,-0.068057899954029735,-0.65512593117520079,-0.75482818803965024,-0.032317500562450065,-0.072559661872778458,0.020282851319889255,0.99715781168842255,-16.94106111904027,8.4783532208826973,-5.7087110092959366,,0.242201314719964,0.2962962962962963,0,4
0.55229046854746755,-0.77480807214548919,-0.30764864649435703,0.83317224544274815,0.52552642753377765,0.17218008998567266,0.028270970544145606,-0.35141773617985794,0.93579181815333079,-38.018417520739177,6.2785838843977526,-9.8824578123926692,,0.2901750324283412,0.5833333333333334,0,1
-0.97894543324232153,0.048126015765121009,-0.19836765195106282,-0.058646458466443348,-0.99714799454658865,0.047502314481076988,-0.19551580919032202,0.058135734090924811,0.97897589591284739,9.5550240739231711,-7.508615404325897,2.2069755921464957,0.942277520373711,0.76654455572397,0.982078853046595,1,5
-0.91678694249775372,0.39029850068133426,-0.084668662629830152,-0.36896080369554335,-0.90886284895118485,-0.19451541618256143,-0.1528712772300935,-0.14708977585895944,0.97723844093230483,-14.00659706403675,-9.2095086684802059,-2.8917195240996039,,0.4015214365189446,0.1333333333333333,0,1
-0.9836470448676301,0.16586987372488787,-0.070183161183215048,-0.16122033711925221,-0.98461124629305607,-0.067444025475872887,-0.080290061790572853,-0.055026163447266699,0.99525153971945279,5.2361366170929005,6.867805949992758,-0.67206925124766359,,0.2596123803190554,0.125,0,4
0.063576801556140622,-0.93034531032758194,-0.36113099265414306,0.993349687865687,0.024187246054679527,0.11256720101980491,-0.095991603388181287,-0.36588602143258486,0.92569597136381709,-4.2882874298472453,-11.650683683310424,-0.40073321996438777,,0.2462750859404876,0.1707317073170732,0,5
0.85155725875921584,0.50229314300642447,-0.15017267908384074,-0.47268474904882829,0.85950448487177367,0.19447665284540841,0.22675838037686022,-0.094623670262968043,0.96934359127959813,-13.831686172056573,-1.0472433160836154,-3.8866530786511913,,0.07058128903705285,0.2272727272727273,0,2
0.4423075970657514,0.88548391683727123,-0.14241566838113134,-0.87821116617303763,0.45983005776832409,0.13153503556760818,0.18195916351454569,0.066892084698439075,0.98102819114324258,-31.423310883903049,-3.8161868488068529,-7.2713865113066527,0.5857686044551784,0.535793086719889,0.9550561797752809,1,2
-0.75002883843164003,0.63922195901536139,-0.16985884914672325,-0.65513608877544061,-0.75327796966731897,0.058043135665646763,-0.090848482127681915,0.15481468769611689,0.98375757469442204,-3.3980272891418548,10.021049455918014,-2.9778901407540559,,0.1025328867820015,0.25,0,5
-0.64916331918290104,0.75562262716693362,-0.087300803780834449,-0.75856124864826846,-0.65160131224306816,0.00074962143156959789,-0.05631888738796309,0.066709633460635631,0.99618171421027868,-9.3880657246183521,-15.339886228052343,-1.0857972721120703,,0.1449944961940311,0.1428571428571428,0,3
0.63242604704191629,-0.73284907336351079,-0.25093730430762889,0.77286264091019763,0.61877763311662293,0.14070387002461873,0.05215969045393868,-0.28292486003324929,0.95772276273821311,-19.391540387145167,5.0698448696742817,-5.8197477323761797,,0.2662910500814757,0.532258064516129,0,3
-0.89848902878438675,-0.3634514030556632,-0.24621239361770494,0.37677739010341932,-0.92627252230585355,-0.0076166086946800613,-0.22529150774262577,-0.099610702427108427,0.96918597002898932,6.777140411036914,9.6186394944174847,-0.65606237759269082,0.1064429157791546,0.1416881743358807,0.3703703703703703,1,4
0.30505968318201698,0.93635896045636879,-0.17369653672412363,-0.93809222298858141,0.32688152388026959,0.11459254126710493,0.16407794143402676,0.12798580592698575,0.97810943284276286,-8.9056618854458929,11.025492501292341,-4.3037556986538554,,0.07688599269939927,0.3023255813953488,0,3
0.22490191204297721,0.96352052448666781,-0.14507697561070509,-0.96314015495817207,0.2423806049880633,0.11667340842183425,0.14758106879461419,0.11348938813191574,0.98251716876341788,4.7262259157781745,-6.6462584004573868,0.90434249426384583,0.1884015072241726,0.1036368906857241,0.4523809523809524,1,5
0.36363227574972362,0.92243234972299737,-0.12996202605987062,-0.91547268453322761,0.37966640365798082,0.13327860220958274,0.17228270925023798,0.070512283454194316,0.98252057788907066,-11.00885478887969,-13.385088530534423,-1.6873021766566656,,0.07159639184196454,0.1212121212121212,0,2
-0.87616286587993963,0.46274063926215031,-0.13494344455477703,-0.46299657835940133,-0.88580376832992169,-0.031398287214393,-0.13406267519536616,0.034968339791409356,0.99035570091341163,-15.499935654206975,4.9282370445587702,-4.9904440879797942,,0.0945119250725537,0.2666666666666667,0,4
-0.7377755983992238,0.67180276576415687,-0.06609243767859535,-0.6706748374185727,-0.74060053257442171,-0.041305128060038165,-0.076696993814885747,0.013852619323237853,0.99695821180110011,-9.8437675424847821,-3.8383757170439208,-2.7446214994323861,,0.3896904781116945,0.1204819277108434,0,4
-0.2856143565056285,0.95833084162507287,-0.0051417261747400741,-0.95764663586132515,-0.28519749093850333,0.039690200123821635,0.036569935484800829,0.016260047741704902,0.99919880437582365,12.921681301910935,-5.3200602692001793,2.6500434792276288,0.6704471654966768,0.4794731419363465,0.4074074074074074,1,5
-0.81928813092268737,0.54174507316935205,-0.18782767161934827,-0.56160615708332695,-0.8242338664648774,0.072367518255489524,-0.11560918153550602,0.16477502562310453,0.97953239256065361,1.3677768485556552,7.9807937522830539,-1.6582642188139654,0.5235081991066179,0.1677932351053721,0.7302631578947368,1,5
0.96755788699392109,-0.1434278969919601,-0.20799080191278566,0.1761375279379131,0.97312693014106988,0.14832244970380998,0.18112787352525514,-0.18014554171192265,0.96681967151767156,6.3727171974706049,-3.3310455215876034,0.79042534931180775,,0.1185701488866937,0.3207547169811321,0,5
-0.51997578247411813,0.83807834123622227,-0.16507537548396314,-0.85395128738967185,-0.51451787029875307,0.077708171441347673,-0.019808695210711061,0.18137269666071146,0.98321491063758359,0.92745924592449924,3.8000677304083785,-1.3639227267003093,,0.08513124680247564,0.4076433121019108,0,5
0.50139905970534404,0.85961165973211051,-0.098319771049386329,-0.84262534625151353,0.51094219918814443,0.17006056257492416,0.19642176249365523,-0.0024214750441700996,0.98051651066032397,-8.1904464775097008,-0.20491305559958642,-2.8878253071326214,,0.1742790583966511,0.4065573770491803,0,2
-0.9381129392542833,-0.25012012775424025,-0.23954965016858917,0.26435639571198966,-0.96399718473350571,-0.02872496948723503,-0.2237404953285321,-0.090273747668295878,0.97045908787133595,5.707682410327779,0.6553961763519135,0.095746522521137287,,0.08125364652522302,0.2291666666666667,0,2
-0.45995923440163139,0.88632126068807959,0.053592215301835999,-0.88793400468014927,-0.45889517454342615,-0.031439181182580586,-0.0032720057056408593,-0.06204709205959405,0.99806785958952249,11.797236457739452,7.4811440390389166,0.72983318817207654,,0.4107206345048466,0.4,0,1
0.77900657320140687,0.60562286841668678,-0.16238750001076693,-0.58429792298877747,0.79512284055471139,0.16240568222574212,0.22747460539586201,-0.031632415003480817,0.9732701034250697,0.18098600485382421,-10.413568178570692,0.42088822633480666,,0.1048978575646808,0.4137931034482759,0,5
-0.74105640299447662,0.66464197577203799,-0.095322880898181195,-0.66906809094176445,-0.74288553712654182,0.021655678510533086,-0.056420716624569947,0.079825577167035755,0.99521082186917509,-31.326902570146409,9.6922803769861137,-8.7714406658532909,0.5275608291164897,0.4139962665308278,0.4117647058823529,1,4
-0.97378026912864279,-0.080639927207047199,-0.21271856899620034,0.082638716496585177,-0.99657944261417941,-0.00050704497755965899,-0.21195006485383802,-0.018072539911544661,0.97711337791967656,-5.2462210763020858,16.666929734945501,-4.1859747499614439,,0.37027918249772,0.631578947368421,0,1
-0.42321086393422058,-0.86950984649949603,-0.25464719022301019,0.88270407071405854,-0.45906061221147726,0.10048322178779014,-0.20426964579418377,-0.18225252030204372,0.96179931932325269,6.0229453508003559,8.5636702556061053,-0.67832291478172013,,0.08363613414141816,0.44,0,4
-0.42399196275663159,0.89649331382357877,-0.1285712012365047,-0.90534765243079418,-0.42331369289551912,0.03392853732785886,-0.024009243133198591,0.13078706234477733,0.99111972060260933,-4.7318845237338678,15.530492117562417,-3.8931948721759189,0.2905073681029499,0.1753658250033724,0.2380952380952381,1,5
-0.91552673002745477,0.37450751866413196,-0.14681595645321091,-0.37219423673570157,-0.92711235749009191,-0.043978707687843066,-0.15258524419472833,0.014380370412440615,0.98818568508192661,10.466675009755471,-8.7441928301321408,2.6035102596775279,0.4779023637133895,0.1969898324899815,0.4193548387096774,1,4
0.85421338313610318,0.49805803800647175,-0.14919010305083086,-0.46764944468039898,0.8614163647597638,0.1981561086976335,0.22720803894512168,-0.099498931156158377,0.96874995212257675,-2.9609246490449177,-4.0884292554552273,-1.2395220588798339,,0.349652463214082,0.4090909090909091,0,1
-0.28644370977495709,-0.93071568407264837,-0.22741661450198089,0.94458199818448019,-0.31406016864827896,0.095556575778067657,-0.16035850409683688,-0.18744206008736919,0.96909784040313929,-22.873823934522338,11.938124343983853,-7.3424023370047866,0.6600388282935302,0.5710764178810817,0.8484848484848485,1,5
0.95779974309051552,-0.14538023707594175,-0.24796015567725091,0.20902472193550101,0.94443467209114462,0.25367659681547144,0.19730260453306225,-0.2948011818494557,0.93496734992438923,-16.906941836461023,5.9445039477687533,-5.388549621384338,0.9773486273996741,0.6843291478958067,0.7207792207792207,1,3
-0.41268216641254774,-0.80214707764351956,-0.43157096212906704,0.88228280159236627,-0.46979306193769638,0.029521804984284743,-0.22642987333691783,-0.36858451511582274,0.90159578951848607,4.3675935987897745,2.5215402432608198,-0.43212750145791284,,0.4932445622440649,0.6883116883116883,0,2
0.071134564331024386,0.99613934634906376,-0.051441971314253376,-0.99055326740316207,0.076609005894961252,0.11373339286553627,0.11723522591079856,0.042865637415614187,0.99217863257308592,6.4360938880889469,7.2519147063144649,-0.43085593323025512,,0.1070026606178247,0.2674418604651163,0,8
-0.96566670198831572,-0.12575895512227073,-0.2273158724716878,0.12641599394206685,-0.991908003738879,0.011726405859935032,-0.22695113382983848,-0.017412562284376563,0.97375047395523473,15.657932928292007,5.2195837774553304,1.9104264689221113,,0.112048177618967,0.4166666666666667,0,3
-0.65806933100360487,0.75288149140722416,0.010687164680258576,-0.75064391957551524,-0.65486959161929748,-0.087632893234691478,-0.058978484185135391,-0.065690774609602112,0.99609550773729294,-33.242669080570153,-2.09650432459327,-7.8257319017706903,,0.4167662437316984,0.2,0,1
-0.6566816634059317,0.73343959989825669,-0.17560053031669023,-0.75184440646035844,-0.65492829550920262,0.076150615333568622,-0.059153879168563378,0.18203098923670935,0.98151186316662287,-4.9646253897229,-4.5033818299095936,-1.5899534206005539,0.1638290523810604,0.141338390725825,0.6019900497512438,1,5
0.13248960601431312,0.98067104365462121,-0.14398197260603934,-0.98344754541896884,0.14817552479492352,0.10428297685217781,0.12360190009694426,0.12778230702684598,0.98407024764664042,-10.241034210800008,-7.7525010448356069,-2.3157503579118286,,0.100764069699834,0.3333333333333333,1,5
-0.63008074684081705,0.76156646903414071,-0.15170618215283793,-0.7748122059456567,-0.62955898404349164,0.057632726187051633,-0.051616838126173202,0.1538570728078438,0.98674399069305652,1.254268859958215,5.3959122549598479,-1.4356831242711015,0.1632388963215068,0.1180348564731451,0.3803680981595092,1,5
0.70431105378670844,-0.65045759275231352,-0.28434285562454698,0.70498395214027798,0.68789946417971637,0.17260346000568255,0.083328066931439806,-0.32202367492487993,0.94305736095390558,-16.489866785267349,2.4284629747972541,-4.9330438042004952,0.1624821990127051,0.1997337857854148,0.3875,1,5
-0.95697503057281963,0.25790670431307927,-0.13297715115957515,-0.24067660220776921,-0.96148515531912782,-0.13274437558961061,-0.16209122126097328,-0.095028563975881941,0.98218939518751047,-8.2328786495697024,-9.9320523615477363,-1.5956062057479314,,0.3154596312894728,0.21875,0,4
0.70210110331393472,0.7112996685590004,-0.033268937963368349,-0.68343525693117546,0.68624206100109442,0.24897406149313384,0.19992571197515382,-0.15206779810605889,0.96793857990597809,0.35941815922424436,-3.0344926582381997,-0.75483072040996213,0.8206337397685592,0.4340998776785381,0.2373540856031128,1,4
-0.29353934176847879,0.94025625850223304,-0.17249006690679711,-0.95517142648890085,-0.28122008649926195,0.092535447091948941,0.038499361725714297,0.19192037749215385,0.98065507078176228,-15.147079726775562,-8.8262413044453005,-3.1555713307937792,,0.09220397782284376,0.5185185185185185,0,1
0.11573061610983651,-0.96499253813151831,-0.23536317860984635,0.99049627277542918,0.094389684888565084,0.1000385975742485,-0.074320643920937068,-0.24470387969366192,0.96674528866193599,2.9666098391971629,4.138348024693574,-0.93178478433126399,0.1554102369515079,0.1252804350363788,0.5172413793103449,1,5
0.56843007860798012,-0.77511732018122559,-0.27582673128034829,0.82207749940172559,0.54847306649908001,0.15285902100465645,0.032799858401095332,-0.31364061484471611,0.94897509662198054,-15.731675944563397,-18.961663100131748,-2.0121282886258776,,0.1763168904019412,0.2307692307692308,0,1
-0.87107989966515376,0.45887903885811959,-0.17507094589335773,-0.47265700169158875,-0.8801015551221073,0.044906696867688306,-0.13347346984050468,0.12186582937106416,0.98353116497670756,-11.70306871491376,-4.4888122180247443,-3.0598644877072281,,0.06941611142021721,0.2933333333333333,0,3
0.96920170139521222,-0.13563762979373364,-0.20554925297009749,0.16166324567595947,0.98005752169615978,0.11555193275881033,0.18577690117488074,-0.1452228892107589,0.97180103696134201,-12.218725664998228,-2.9732197877017286,-3.331133207545629,0.2211442155897326,0.1711428825465081,0.7813852813852814,1,2
-0.34082228341077275,0.94006546033472471,0.010821340782429889,-0.93976731161197213,-0.34098774932707171,0.023764570992647581,0.026030197007962549,-0.0020700469851495616,0.99965901373878807,-2.7690221879023325,-10.626680352963353,-0.29008627203348952,,0.3990902191885777,0.2580645161290323,0,3
-0.96316113010595139,-0.11567720762769773,-0.24277442428823709,0.15801185457277095,-0.97391947238650523,-0.1628284837516592,-0.21760719488909355,-0.19519130344830779,0.95631974976503054,-9.9727213305458129,-14.344513088856587,-1.3271278912169793,,0.3707616178835417,0.3125,0,1
0.46970061295332349,0.87516190945866379,-0.11607310809976089,-0.86842204042461357,0.48167961254307601,0.11759213649349197,0.1588222084471316,0.04556734678493702,0.98625510037259534,-24.195057106964125,3.0790153265732312,-6.5514003981014914,,0.1028455900511588,0.4166666666666667,0,2
0.8524351497532574,0.48914406227041068,-0.18464127872916761,-0.47249250881935001,0.87191821578017537,0.1284891205523315,0.22384178469342592,-0.022287021701333763,0.97437063999740159,-8.2001884743942828,-11.59276203276259,-1.3194523992384075,,0.09688631908254189,0.4897959183673469,0,4
-0.58390126887466043,0.80394779823800711,-0.11281509613000464,-0.81097237437083858,-0.58399486978195281,0.035690335886400713,-0.037190270419633756,0.1123295587840565,0.992974800289259,-13.16588826365629,-17.476003402430972,-1.6237838505320452,,0.1861010098956185,0.25,0,1
-0.35915540822209174,0.92239249749988894,-0.14212485110191223,-0.93312035819770156,-0.35210970143366288,0.072836496849383162,0.017140299350247204,0.15877921372841863,0.98716532122333478,-8.6199585895806994,13.163573301658541,-4.5122544314443598,,0.1535266425591521,0.4354838709677419,1,5
-0.83074633988383695,0.5228080112453547,-0.19113425163294726,-0.54463744278420989,-0.83435109697847321,0.085019426534738526,-0.11502423521626183,0.17472844745059882,0.97787493830469885,-13.939419857488062,10.1842403110616,-5.3215928704157989,0.5425882733717838,0.4848743057529978,0.9209726443768997,1,5
0.51253495235160584,-0.82788194717151498,-0.227858298434441,0.85845397450974581,0.49993937424891283,0.11453119978427818,0.01909702244743847,-0.25430710494028091,0.96693495133361251,-17.444505046965915,1.8859285248974218,-5.0853596242126615,,0.08053345327664033,0.4047619047619048,0,3
-0.95092290162507431,-0.22663309852498531,-0.2106729071758254,0.21501461367018038,-0.97358470643575212,0.076821450797768087,-0.2225182039142253,0.027753523152477647,0.97453342214590721,-11.36701849845662,-8.9222527069165789,-2.3833102289168568,,0.0748455531152411,0.2678571428571428,0,4
-0.71330007771518367,0.70055444740345085,-0.020651037619403709,-0.69671011482283207,-0.7119711667686176,-0.087704467353086873,-0.07614469801022529,-0.048171816587900325,0.99593245807712916,-23.222597217372748,9.2911374426046134,-7.0785859989440247,,0.4333495201169764,0.1,0,1
0.41895440069034806,0.89967853856006319,-0.1227018231185746,-0.88344524051972695,0.43510070765120501,0.17381565293282303,0.20976586267845004,0.035579508932125699,0.97710407910258779,-1.1208780831675988,-10.093831897679092,0.10050038519801573,,0.4044586730316582,0.1111111111111111,0,3
-0.55317118887633465,-0.77910246859491583,-0.29495928401467636,0.80582059261396244,-0.59022921060336153,0.047777101940307397,-0.2113168434281196,-0.21125534876031088,0.9543146070891585,20.887501177500877,-6.0792576111776313,4.6562784970269844,,0.4240408347385579,0.8367346938775511,0,8
-0.33391235624273841,0.93347938369607086,-0.13083875023412408,-0.94216676023172496,-0.32629858598556033,0.076492017219314437,0.028711221898042264,0.14881355112431388,0.98844837636514615,-37.474365453458475,-0.40653410900834552,-8.9831214281932485,,0.1772352385521601,0.4230769230769231,0,1
-0.14296107647728906,0.97856921171869204,-0.14820400969174879,-0.98708841955522908,-0.13004258416960851,0.093516727286884566,0.072239757699025811,0.15965971369994233,0.98452536444158611,-8.4727783817607776,-3.4176940372751856,-2.5047819274533443,,0.0688442323935743,0.2549019607843137,0,4
0.43058694236031875,0.89113568303398927,-0.14308067476894887,-0.88309219493765956,0.44871634733691784,0.13711971000845138,0.18639490419262808,0.067311470464999759,0.98016636630464993,20.861713283502709,-4.1627812916446407,4.4782313071881328,,0.2077898394491299,0.1538461538461539,0,5
-0.91007412922015962,0.40376026528720049,-0.0935025534377424,-0.38648852542577061,-0.90826075740678491,-0.16027793444222704,-0.14963856133491044,-0.10972713761901826,0.98263332745819065,-12.593770172423678,-5.3342442694084315,-3.0948105256882572,,0.09022268469451533,0.55,0,1
-0.97886508103892045,-0.064180313779520423,-0.19417528278807589,0.058359937506412239,-0.9976622710646561,0.035554332905558053,-0.19600324185307394,0.02347083759208185,0.98032231891649335,-9.1184819424090406,-11.552621887671124,-1.5925855191900278,0.1962902943174036,0.1748386117568964,0.569620253164557,1,6
0.94081650629221814,-0.26771864191835293,-0.20782451794120962,0.30970829589017973,0.92816217001883294,0.20638739690865363,0.13764110194598228,-0.2585376469981151,0.95614497443628954,17.670559411334338,-5.4934104936507344,3.8182302985374652,,0.2035538173513053,0.1739130434782609,0,5
-0.93292153156446234,0.30319996240086888,-0.19423490608932767,-0.32194756117432227,-0.94395234690363949,0.07282674391332801,-0.16126742943733008,0.13047509178085739,0.97824795764031791,8.2696241154717409,0.21757816912078567,0.77375022485104683,0.1355307419538549,0.09220404112116698,0.3333333333333333,1,5
0.8539687971269162,0.48786473637373445,-0.18090133370595965,-0.46399212026772335,0.87134938539252738,0.15956679136188651,0.23547527654314582,-0.052328267495224651,0.97047057995483732,7.2305373441219611,2.4777697124650233,0.29763517933944372,0.2589362697819225,0.2034302428524558,0.4909090909090909,1,4
0.358373590005923,-0.8967056186430975,-0.25978337799052681,0.93331732934000478,0.33754444371367404,0.12240306888174733,-0.022071083795549382,-0.28632635577593718,0.95787790727637301,11.966925387528924,8.4456092975026227,0.63987057440682349,,0.09439454149680704,0.2564102564102564,0,4
0.74837531650093625,0.64359540882524213,-0.16037248950862318,-0.62517402526336852,0.7652251448768691,0.15358357914885268,0.22156674792965014,-0.01467744484725594,0.97503474236800158,-19.162852102685498,6.8142351624369795,-5.958033369293755,,0.0747014207726997,0.2692307692307692,0,1
0.87045420580886601,0.47857920931010178,-0.11520163195794653,-0.4385868543710677,0.86028138088750439,0.25991828883551132,0.22349730817740998,-0.17572104630466517,0.95873409615129768,-2.9864391304337676,-3.0306839675199067,-1.3958845612434909,,0.2644359556503648,0.2689075630252101,0,4
-0.41286230282572445,0.90306670442510362,-0.11838600535630199,-0.91074899473839654,-0.40805547746998833,0.063458615567466264,0.0089993048864609217,0.134019605526663,0.99093781734579001,9.0983411557126104,11.316578295136088,-0.35021789886678822,,0.09532978110194849,0.3684210526315789,0,2
-0.52644663622582011,-0.79702678865627608,-0.2959767514025094,0.82453236011391617,-0.5635198171785758,0.050909751246687111,-0.20736520038688777,-0.21724114207784925,0.95383749132502538,-0.23119477630188504,-18.08817756148656,1.4583947860286668,,0.4390431585515508,0.7358490566037735,0,4
-0.88835247755646973,0.42100542222907822,-0.18326022501622558,-0.43721991258030846,-0.89751076426973386,0.057560195128453152,-0.14024487036091346,0.131258761512037,0.98137786497545232,-19.596459151690073,7.6615743950505202,-6.1501584345742728,0.185511647679163,0.1659871948105127,0.6470588235294118,1,5
-0.60606565833674719,0.78023370038765172,-0.15466024235153963,-0.79418642059416189,-0.60438175305283171,0.063171401129138466,-0.044185372338338934,0.16111508109478098,0.98594603478848897,-2.623060639808537,12.336070152545641,-3.0911716484816871,0.1105460809569608,0.09483553236353501,0.2916666666666667,1,5
-0.37434953780715136,0.92697959758528048,0.023900820157565415,-0.92714227753890011,-0.37462290716261215,0.008054478817047234,0.016420132263583534,-0.019144270413493696,0.99968188748560516,-10.020540814600992,12.664834785260393,-4.747310285444871,0.4831960491387308,0.5433122240743835,0.3673469387755102,1,2
0.72988157563401423,0.67591492500617978,-0.10203871669077863,-0.64593805847353813,0.73081634868056622,0.22061615787752881,0.22368931616294682,-0.095112978373600082,0.97000856242584699,-9.8193751868788652,3.3054591555555981,-3.6020238417245385,0.4549210620626612,0.2623632027527183,0.1720554272517321,1,5
-0.97805994400156449,-0.039752475951746039,-0.20449568845177096,0.027736190070527012,-0.99773419105907024,0.061295903224240313,-0.20646900421135742,0.054279136391524173,0.97694642926445174,-2.1023341752884646,-6.3893943556747894,-0.6149569042551587,0.18323469226565,0.1396043230886631,0.6706586826347305,1,5
0.11443783803361852,-0.95806840978268437,-0.26269545752196022,0.99002356351905885,0.088104950883527641,0.10995845263933614,-0.082202949480035176,-0.272658100569728,0.9585928412472593,-25.053143850966844,15.552580610772784,-8.2529111819661711,0.7932787912208408,0.7379452566981154,0.8356164383561644,1,5
0.70760131601547505,0.70559565872868402,-0.037883293895876184,-0.66586940432545316,0.68378445474197802,0.29842378564129329,0.23647053507029792,-0.18593973710976616,0.95368134101864277,3.0809176505142171,-7.3836011925449743,0.68597373649206483,,0.4132967945097167,0.1935483870967742,0,4
0.87321874563881252,0.47624335132286588,-0.10335033906933486,-0.4428128388708153,0.86395720929323705,0.23978058770762242,0.20348418119389666,-0.16361604698503368,0.96531030097727799,-12.935051808294823,-18.946521483233926,-1.3796732849923175,,0.2558702249889477,0.3076923076923077,0,3
0.9648603739392988,-0.17359600977896933,-0.19725335026441718,0.2107366765823927,0.95963102731873029,0.18627491658891324,0.1569538529145583,-0.22129780115495651,0.96249299803128807,-10.242214756554574,-2.3930441259740998,-2.9902274351275064,0.3928291125446882,0.3284817455154281,0.256198347107438,1,3
0.62910342365560834,0.77229796546672203,-0.088231144618866872,-0.74845506894701774,0.63247159918159657,0.19948605464089478,0.2098663672728637,-0.059460312517148367,0.97592037540111654,-16.335537626111094,13.206491177131198,-6.2209226229805168,,0.08117244591119344,0.3333333333333333,0,2
0.967371485736503,0.16993496692192783,-0.18792156768501725,-0.13031699963536153,0.96980523876995717,0.20614382954719582,0.21727836567405509,-0.17492828779699832,0.9603073497263378,-9.938688330692921,-12.098080482035909,-1.6256965687148055,,0.1077191805705438,0.34375,0,3
0.3069709908655916,0.93599030402243655,-0.1723106541772296,-0.9382022391478021,0.32801559419968368,0.11037358569820796,0.15982918765059226,0.12778075261093214,0.97883947102532443,-5.4190842352237203,9.2996375985869779,-3.3555342773846766,,0.07166952524288295,0.2535211267605634,0,5
-0.95916686367387938,0.25183973692617195,-0.12874655154593928,-0.23581147431444421,-0.96337867058040283,-0.12764985566926676,-0.15617898774055017,-0.092077597577765388,0.98342759764643839,-3.1465853783519533,-14.670719599209296,0.24395711161342815,0.7920123858129834,0.4791005069214906,0.4861111111111111,1,5
-0.97565016560546902,0.14883804126129443,-0.16110242651034667,-0.14469154351132685,-0.98877585339645779,-0.037238004463397943,-0.16483662090181966,-0.013021106466329228,0.98623493103624249,-6.9399101498401583,13.109592361230138,-4.104951402052758,,0.3202377988003052,0.1794871794871795,0,2
-0.64221741091099482,0.75502530070652896,-0.13226334494406747,-0.7643265442519005,-0.64382420081135672,0.035990723826629253,-0.057980435275404654,0.12420625484504672,0.99056099023868371,-5.5797232411860165,20.083887568173754,-4.7198713372748085,,0.1589179628337907,0.3703703703703703,0,3
-0.97881965306424235,0.091824551210366145,-0.18297633336093516,-0.045408677145321936,-0.96888439594507159,-0.24331271921966263,-0.19962499546677301,-0.22985055816588593,0.95253271969823827,-20.329739669115874,4.5836704491323497,-5.9419753385842373,,0.4812453539641085,0.1875,0,1
0.4641537240499457,0.88454063796562055,-0.046359251913068396,-0.86587661895981671,0.46414131519872281,0.18662936602880958,0.1865985026448031,-0.0464833229553583,0.9813359768691583,-14.283637839206436,-11.657042712458738,-2.6272158840398925,,0.2522676944467735,0.1071428571428571,0,5
0.96828282629943319,0.15383990958894067,-0.19687978695449673,-0.12767522520924401,0.98197371316122906,0.13937956639377458,0.21477291533466294,-0.10982216933759022,0.97046982743444177,-16.875845089215783,-13.405749858881864,-2.9506540245745234,,0.2366508587915296,0.4615384615384616,0,2
-0.22364344702462344,0.96107556724200693,-0.16222626992383121,-0.97350597214405721,-0.21212464811727585,0.085377138983316891,0.047641691854920031,0.17702228026883279,0.98305309189566392,2.4600429269507598,-9.1799161996688774,0.83491654910722202,0.1598403058086409,0.1524312475844147,0.4166666666666667,1,5
0.2433617096963388,0.96878501756326185,-0.047229948111601694,-0.96108277986189528,0.24741839646304539,0.12289844321465622,0.13074772849501368,0.015483114564094113,0.99129476174182862,-16.266911242964252,12.020922882243227,-6.0492758813380973,,0.08228864137057984,0.28125,0,3
-0.96909924083573973,0.15140568259344209,-0.19473823633279377,-0.17078599581600057,-0.98147543670884541,0.086822294200963157,-0.17798540683081363,0.1173979830133185,0.9770050708873903,-7.6745404684231104,-16.053256154771411,-0.5836370006453192,0.3377418407233432,0.2466073939236325,0.6440677966101694,1,5
-0.92834135354411107,0.31646315011786802,-0.19502155244321745,-0.33237343678860526,-0.94158676132948294,0.054242689888916992,-0.16646389944134385,0.11517571578475215,0.97929787331345264,10.450195221403789,-10.512443004143178,2.8814482256003204,,0.7658111026241508,0.425,0,2
-0.50304988842020637,-0.82940347972414619,-0.24296229662623861,0.84981488839183061,-0.52587401859766214,0.03565349956914067,-0.15733869590154592,-0.18853748801080364,0.96938029193221054,26.370183809343004,-4.5182239961906543,5.7986801749178642,,0.1943904074868317,0.1875,0,4
-0.9527953805383933,-0.17111362349338466,-0.25080089848256704,0.20848383047585151,-0.9692472188549387,-0.13074525296194645,-0.22071577935167003,-0.17686140505189693,0.95916869639717406,-13.766888198358945,15.763514734897809,-5.9187976664299429,,0.7111639330827533,0.4444444444444444,0,1
-0.69183292835091059,-0.62244199277273704,-0.36596880315473307,0.68886270347889789,-0.72087997179447483,-0.076159319990013852,-0.2164148215930409,-0.30479178450001143,0.92750557577631365,6.0682448186267504,3.4980794141306428,-0.087936014278865951,,0.2434563163866408,0.44,0,1
0.59100472546581073,-0.75697865433192391,-0.27874133414854663,0.80581954577258452,0.56986162035434984,0.16097389011259156,0.036990189617619448,-0.31975154500478176,0.94677910588431768,10.10283514758299,-15.212818069311091,3.3554015494762246,,0.1610881810812766,0.6153846153846154,1,4
0.97734162463517416,-0.051832177388959358,-0.20522371730040512,0.1258243782603829,0.92192186379882324,0.36637180962116955,0.1702103833227139,-0.38389256626929091,0.90755436364567821,-13.335790411939737,-13.805370323594886,-2.0710325944415713,,0.6607519609727788,0.4375,0,3
0.52876842419552472,0.84864641349513925,0.014255470375230062,-0.82566854326036998,0.51041486599903263,0.24030838778013514,0.19666064742108463,-0.1388377809856767,0.97059191235394748,-6.5841775203148991,-19.710395904102821,0.25269694747428895,,0.4560417706019035,0.1153846153846154,0,1
-0.61944507524639769,0.78492846042999975,0.013232942226688799,-0.78402896354930207,-0.61770419150486622,-0.06115648872463543,-0.039829424660565299,-0.048258095738535865,0.99804046667802926,8.1062660644952995,-4.2816370113421778,1.3209004502358423,,0.4686543562836753,0.2758620689655172,0,3
-0.30725886098489402,0.95155851189472629,-0.011330965844114511,-0.95155919829011038,-0.30707446834981245,0.015503645931293332,0.011273175938852848,0.015545717364440539,0.99981560608738118,14.85093809893935,9.940020730161697,1.1337714639495315,,0.2513832286507213,0.25,0,3
-0.022480583664014578,-0.88025961339316905,-0.47395953032620153,0.99383990579709269,-0.071137488437091917,0.084980582394380638,-0.10852126521263351,-0.46912948187869302,0.87643634351211075,-11.258064466572298,-15.795160967265145,-1.4570529327153732,,0.5901975301766039,0.2222222222222222,0,1
-0.32063642817802329,-0.90756769355122757,-0.27113310854144124,0.93744335140692814,-0.34503847538142174,0.04635098067366876,-0.1356180070204035,-0.23931011706271332,0.96142520460160841,6.2969092185086559,16.905627836871584,-1.6631780578564228,,0.5917744991403159,0.6341463414634146,0,3
-0.88849442592628691,-0.35884498290564892,-0.28602086172404073,0.38012450310505652,-0.92470426281532625,-0.020673375880535579,-0.25706617287588057,-0.12709171717546588,0.95800035396044592,8.4741869405358656,-9.427826013655574,2.2840536209177555,,0.2041163660633714,0.4666666666666667,0,5
0.95728392129586326,-0.19283707954133175,-0.21545615512763791,0.2306698604541409,0.95861034663651057,0.16690601786483045,0.17435283050894765,-0.2094756885068004,0.96214397385116912,8.6394979148310505,-19.649779973773011,3.6986702175095303,0.1994358466037758,0.3559829307875364,0.4210526315789473,1,4
0.67486971489996694,-0.63469412205054987,-0.37644951765850199,0.73334023027944761,0.63368570152749149,0.24628142100714204,0.082237306403623742,-0.44227344834852161,0.89310202234760616,33.330557846290091,-5.3266143360644476,7.3688507099459999,,0.3331189285340699,0.1111111111111111,0,4
-0.48003374348432387,-0.84665097082024476,-0.229673112761515,0.85649251717332731,-0.50894401371830333,0.086003249510708285,-0.18970549054395883,-0.15542884066170179,0.96946052129420701,-3.5906089934378578,-5.4924019334595524,-1.1168014555966903,,0.08089706708220323,0.4651162790697674,0,1
0.97897462783778866,-0.037497423756539569,-0.20050591328308615,0.072424530751934349,0.98281106066547885,0.16981491801063009,0.19069180736262395,-0.18076604284327688,0.96486282566982418,1.8087502438898775,11.949530707594711,-2.0742916242318654,,0.08822337804719371,0.3684210526315789,0,4
0.5124653803230379,-0.79942637750106604,-0.31352304688154614,0.85779717516380927,0.49339190765962804,0.14404315928562206,0.039537833164631137,-0.34275631636997889,0.93859195997895162,9.6158199424193675,-5.6757250628485645,1.8597545765154571,,0.1787983782869763,0.3548387096774194,0,4
-0.97833049754552104,0.051219844314811178,-0.20061397040261084,-0.050760206399092331,-0.99868317282467367,-0.0074378601199582752,-0.20073076251201424,0.002906521152345186,0.97964213522905186,-3.7935017751567277,-15.851176958008196,0.29715222218584425,,0.1253277379367661,0.3478260869565217,0,2
-0.86580310255793225,0.48030373213320143,-0.14033286322161914,-0.48042019267505798,-0.87632764917613459,-0.035302829341147042,-0.13993364881657194,0.036853442014934491,0.98947480904797835,-6.1613649214242825,-7.1452976327745752,-1.4679722319366126,0.5156844282040151,0.3290563128788652,0.5066079295154186,1,4
0.82759209997908834,-0.47004629406826715,-0.306835130786699,0.55404555392577026,0.77179166024849544,0.31204351835274075,0.090137895622701553,-0.42824539063901085,0.89915574021920797,-15.254084703418579,-12.661321633479933,-2.7230722556648499,,0.7868525198420497,0.3536585365853658,0,2
0.97496980183625459,0.098117846040193399,-0.19951634969547477,-0.045652007600614872,0.96658245068069049,0.25225832045374341,0.21760004528815591,-0.23683592279158797,0.9468679770517372,-13.420025641136361,6.3288986613503946,-4.7014187898146114,,0.1917420443456427,0.1714285714285714,0,3
