axis_00,axis_01,axis_02,axis_10,axis_11,axis_12,axis_20,axis_21,axis_22,location_x,location_y,location_z,dbh,dbh_approximation,score,reconstructed,number_clusters
-0.9185540932834837,0.39426896858154842,0.028466789875209529,-0.39491877119198937,-0.91843895154566257,-0.022562279226917333,0.017249402087212519,-0.03196674361498815,0.99934007496461763,-16.059138703783663,9.4370184387125207,-0.76311118896970309,,0.06898367778162599,0.3142857142857143,0,3
0.5159597391745061,-0.84809235010221529,-0.12051934802793129,0.85639897651910635,0.50755648330618508,0.094695349784906568,-0.01914002528742172,-0.15207163427792927,0.98818413136420924,2.7394715843512731,3.8395108176952686,-0.86373250076755004,0.1465871516143208,0.07341146165794687,0.1794871794871795,1,5
0.5908046630775714,-0.8004994107485035,-0.10074990559348872,0.80656544711645084,0.5828958690993904,0.098410290644356954,-0.0200506758897986,-0.13940265125945753,0.99003276269939522,-26.692287172556451,11.613001278354682,-0.77694404316899512,,0.1096627847284511,0.6,0,1
0.95315393012617955,-0.30129662573024857,-0.026794193560988045,0.30171815217775216,0.94069189612614368,0.15512869885692335,-0.021534672773458125,-0.15594582356115144,0.9875308390032046,-24.774036155345584,6.7688403203830285,-0.85768067428546901,,0.4894036488240326,0.375,0,1
0.99031656116827382,0.13662859825897053,0.024611680430916816,-0.13866624609561598,0.98204252331273978,0.12792245541458627,-0.0066918509842037463,-0.13009653547783495,0.99147874943796399,-10.291432893716998,9.6652185097133589,-0.78919735935103086,,0.1326859239571526,0.4090909090909091,0,3
-0.04891121913918068,0.98511754930803586,0.1647759287264052,-0.99863001699968856,-0.045161286912304303,-0.026430045622867805,-0.018595208778644505,-0.16584291425850803,0.98597684861294999,-0.78981364875292859,19.116101050109808,-0.4590558220806637,,0.3955602006912948,0.5,0,2
-0.75931817499708176,-0.65066988745136878,0.0080378282591446262,0.65064564132911484,-0.75936017217510521,-0.0056901962723983181,0.0098060460189156023,0.00090910847363175832,0.99995150631580965,-9.1537608921384095,-13.450049573800309,-1.166020819497531,,0.07557761135725227,0.3846153846153846,0,3
0.020879257096687486,-0.99958932771558884,-0.019627341648554772,0.99959344484276291,0.020490035101316358,0.019826837592681831,-0.019416530340670573,-0.020033331691096532,0.99961075623008666,-12.240244014955284,-16.043804333508476,-1.1079136124909967,0.551694617242,0.5624637904254893,0.9386503067484663,1,5
0.27253759520167009,0.95027552694637185,0.15066413670308687,-0.96205006369308055,0.27135009242814812,0.028788926471390527,-0.013525315147168768,-0.15279250710041814,0.9881657328728507,-9.3271115691549689,12.425842299412663,-0.63952296617495685,0.809908666328306,0.3048531559514668,0.6818181818181818,1,5
0.5753263898802492,0.80783901917957324,0.12804555516824409,-0.81736451208463978,0.57363302093170088,0.053482816692919599,-0.030245652447867546,-0.13542996857326328,0.99032516080338284,-10.673633817805229,0.40419273242634957,-0.91352035338084914,,0.1145601323867604,0.2040816326530612,0,3
-0.11253308443334913,-0.9911587918093917,-0.070289076867341718,0.99361048423838372,-0.11286145589363451,0.00070525536732042626,-0.0086319476064581884,-0.069760599141030652,0.99752641483221016,1.2797379972534184,6.5556888198834553,-0.80006872480322377,,0.08077985542963328,0.1830985915492958,0,2
-0.3655697970041234,-0.89126682111823941,-0.26833221404101704,0.93077549464545239,-0.35127340177237376,-0.10131128157702814,-0.0039625857567280234,-0.28679339389367836,0.95798426246628265,-3.8903222783947489,10.821289869825719,-0.70581669651784229,,0.3186089283296475,0.3777777777777778,0,2
-0.99950282611333074,0.024297851309194363,0.020092660680511465,-0.024601527990613423,-0.99958468658033939,-0.015007304042118284,0.019719670686726889,-0.015494152956576719,0.99968548344575148,2.6391968990670032,-2.5246375191043802,-0.97600739761557698,,0.07564180414243703,0.2033898305084746,0,5
0.54138791319324764,0.82081541376709433,0.18210212511284762,-0.84072848780615184,0.53073601750753363,0.10721422252399448,-0.008645070239301559,-0.21114292846931285,0.97741696655928811,-14.379615630435591,9.8734035493972172,-0.74688755012195496,0.6681049237791951,0.2830353313516984,0.2083333333333333,1,4
0.76065760267558979,0.64846774900119408,0.029825995325365402,-0.64911343102322128,0.7603168553034475,0.023875368201092199,-0.0071948006981402014,-0.037521434498170303,0.9992699218910337,-9.9027885181765161,20.488198673111391,-0.45592990589788873,,0.2840220052854892,0.3793103448275862,0,2
-0.034367625284699742,-0.99434538876968048,-0.10047942159847376,0.99937472710485242,-0.035028067631412509,0.004815527189262341,-0.0083078972304545841,-0.1002510963056393,0.99492748305247125,9.5969866818913463,3.8057489732901097,-0.80912798491094884,0.3788849923577092,0.1882849215964391,0.2173913043478261,1,7
-0.11280236690397308,0.93902231765400557,0.324827204785194,-0.99345110424605942,-0.11256812537656564,-0.019578575573611392,0.018180470102482381,-0.32490845494832338,0.94557070936548515,-8.1228812933514689,-6.4573911273670754,-1.0301838128709782,,0.2759543386061614,0.1333333333333333,0,3
-0.1028200057713617,-0.99219060592796671,-0.070610536901178869,0.99466035466364511,-0.1031901360803463,0.0016045797307269126,-0.0088783598468286252,-0.070068518779942982,0.99750267037357643,-15.301644183641816,15.844155370645719,-0.61060903118935406,,0.07564598555842422,0.3333333333333333,0,2
-0.99262789137641028,0.11567481347818674,0.036182962681473432,-0.11981561319635418,-0.98154916091494149,-0.14901497757459331,0.018278076923019602,-0.15225170683431311,0.98817272258954558,-17.8143854197181,16.309050259535368,-0.60685541053965808,,0.08784833653928333,0.3333333333333333,0,2
-0.98513699815634437,0.16027120592769142,0.061791871746955995,-0.16936913003351908,-0.96627776941789412,-0.19396229045994887,0.028621541803292062,-0.2015450641401674,0.97906097586694774,11.693178750121319,2.7785036248316834,-0.81223434292180674,,0.1346203599818847,0.3333333333333333,0,4
0.96401761939219621,0.25852772650634948,0.061914813484823375,-0.26537977949199604,0.94956380692048603,0.16703936429312893,-0.015607758909652214,-0.17745982986053854,0.98400427166130033,-10.079961539046359,-9.7976375439387482,-1.0877014598066916,,0.1527219267290028,0.1818181818181818,0,1
-0.67386400153537218,-0.7274650080469387,-0.12923609984058312,0.73884203676750204,-0.66241139164423968,-0.12378850077932373,0.0044443379694746182,-0.17890167770932414,0.98385691925848828,-0.80644207532205026,-6.2913970109474464,-1.0613911165683036,0.2198437276941203,0.1889857283729668,0.2209302325581395,1,5
0.99689459158140159,-0.078515252768338692,0.0060438694952310466,0.076041890630151376,0.97974904405870211,0.18522807977046007,-0.020464704863339837,-0.1841932836690407,0.98267697139297694,9.4473808503117702,1.7692740626075769,-0.89170057677582126,0.9681653373015051,0.2781662326812494,0.2916666666666667,1,5
-0.99973273758718773,-0.013874491438651508,0.018491941048621244,0.012611889755765869,-0.99769144858595837,-0.06672865692668635,0.019375077631207119,-0.06647760454295705,0.99759978671860894,-7.6081047132839883,12.34240170598911,-0.62624900301633346,,0.07804741158059389,0.3428571428571429,0,2
0.056378027749114913,0.99670320315069261,0.058345889454777602,-0.99838539491242639,0.055874285854159933,0.010230708961047356,0.0069369454861669443,-0.058828471078523958,0.99824400312643247,-2.7617559578486421,-14.40705715632266,-1.0976897814381537,0.1981220945322304,0.1106588754138025,0.3703703703703703,1,4
0.10580462175206949,0.99322231641655112,0.048112495134238986,-0.99434344270578046,0.10522354336776663,0.014461115764288187,0.0093005356790851618,-0.049370396932497694,0.99873723468328246,-12.874264302105429,7.075511833450463,-0.80136238261558401,,0.06641784250267807,0.1235955056179775,0,4
0.69982647150248478,0.70968788567821806,0.08115426486614169,-0.71431013422869349,0.69497679133393742,0.082269627721121757,0.0019854275532013841,-0.11554377710966017,0.99330040453463286,-5.695091652071139,11.332576592987223,-0.66550699708530447,,0.07267955624999611,0.5454545454545454,0,4
0.44763643535429076,-0.88884115286174648,-0.097892934998937822,0.89390805356540437,0.44192182471223451,0.075056596072031093,-0.023452366921375773,-0.12110535009821596,0.99236257520292148,-10.170970330397758,-6.496513432720497,-1.0098766110373003,,0.129713045742872,0.2916666666666667,0,3
-0.94807389212614634,-0.31804762745723436,0.0012655977265977787,0.31773266112236409,-0.94729776033340163,-0.04090121420474984,0.014207432029829927,-0.038375251610200056,0.99916239367731008,-14.105605387888668,12.136154930069571,-0.69491506900249833,,0.2049200016245156,0.3513513513513514,0,4
-0.91060721167168124,-0.41241630691914299,-0.026595034098539534,0.41323449600516271,-0.90775775722660035,-0.072201838662826312,0.0056353671474394084,-0.076737500494274899,0.99703540491549525,9.298821719018072,0.80643641507529829,-0.91732294113919344,0.3527088246744539,0.1466608135681647,0.3428571428571429,1,7
-0.72360776699666685,0.68736695343075105,0.062597690639714931,-0.68975957345151162,-0.72343504445088069,-0.029554480072239413,0.024970590182979632,-0.064563207724520094,0.99760115368529589,2.8637676182096796,0.35171878724100103,-0.94463093081165095,0.3534780117458537,0.2933033643453055,0.8805555555555555,1,5
-0.99698688994193929,0.074247805706285849,0.022458954376863547,-0.077376608280112141,-0.97234700866485146,-0.22035007427178729,0.0054773876041863427,-0.22142393296190394,0.97516226349091062,-7.2021738168144456,-10.460311778820342,-1.0937635749290451,,0.385541319367051,0.1818181818181818,0,4
-0.98865686946796016,0.14250545577049126,0.047431946296334196,-0.14791473375314004,-0.97862226814715869,-0.14289747312408713,0.0260542893311532,-0.14829245214155742,0.98860028456666604,-15.406990977040776,-7.8777938862146177,-1.0307929908395295,0.7085509633351589,0.7255657358019283,0.5789473684210527,1,3
0.9746090369559971,-0.21880076772683663,-0.047575719919416164,0.22388519996100004,0.95560944655492419,0.19153590497192513,0.0035556043265336972,-0.19732412345463038,0.98033185604709105,-20.417892528999168,9.5867442429243397,-0.76433707959444075,,0.2438124605638265,0.1818181818181818,0,2
0.91995658550419923,-0.39196574118394656,-0.0065374708851534688,0.39133904194023678,0.91724758348633195,0.074233582978202858,-0.023100542001272047,-0.070850041119278284,0.99721945259438438,-14.698044199247724,13.614530780039654,-0.65538482725833902,0.4664042234290416,0.4477689347012429,0.8787878787878788,1,5
-0.59749453885765536,-0.80187148048817258,0.0015507465893614279,0.8018681677432532,-0.59749653577001705,-0.0023089614346951449,0.0027780560390297093,-0.00013609752141793233,0.99999613193357351,-13.966538035457175,-8.092405290317215,-1.0631897626498548,,0.06895532021033582,0.2,0,1
0.21431246087023756,-0.97662614134827785,-0.016478748463330063,0.9766450254382476,0.21399101981782195,0.019296054624049853,-0.015318727181742025,-0.020229272663726126,0.99967800472203483,6.4222771755701205,-3.9522099893807217,-1.0209201493668576,0.310788812763185,0.2879369966510434,0.8508771929824561,1,3
-0.049331619102687255,-0.99792799039187596,-0.041305173394391582,0.9986857183396024,-0.049860210125196772,0.011865725042519116,-0.013900623770925706,-0.04066553133434498,0.99907611682998199,-10.986080609692811,14.393774269566149,-0.59627867830892556,0.2847611763201415,0.1825768423465107,0.8653846153846154,1,4
0.85111909711216571,-0.5248349162955438,-0.01202468993449533,0.52336447575703005,0.84649770348184916,0.097628190168226936,-0.041059810600395215,-0.089386512612384131,0.99515031192099557,-6.8283772946823929,15.944721797924428,-0.56294957902848752,,0.266924069937632,0.8333333333333334,0,2
0.67041776508443496,-0.71649674872877256,-0.19280152831419539,0.74169013706065223,0.63982222620002238,0.20130389824193112,-0.020874885536016196,-0.27795670152299867,0.96036675870852195,-2.8503598679836473,-11.756433972427022,-1.1022582257464442,,0.6484281331317754,0.2666666666666667,0,1
0.091838573424155551,-0.9887767696055586,-0.11783962117985892,0.99144871880510532,0.079779316672385636,0.10327002765082859,-0.092709839883001036,-0.12631611346017524,0.9876482800416273,-13.92946925730798,16.602476866668383,-0.60990029603704321,,0.620574128179907,0.1724137931034483,0,2
0.38832258843053208,-0.91250885657820657,-0.12858131272057549,0.92136507699826542,0.38187059217488939,0.072534445058743874,-0.017086901491858288,-0.14663709455091462,0.9890427697016313,16.272591449652435,-4.7895976142989696,-0.91047569365202152,,0.0918865860755579,0.3043478260869565,0,4
0.94923786679922129,0.30711177214246627,0.068042866238700886,-0.31421110716955358,0.93591165180124081,0.15918781408749919,-0.014793659646856113,-0.17248692540070082,0.98490070981803324,6.5049482177217559,8.7125703166601305,-0.67497964587121639,,0.07898984193416596,0.25,0,3
0.71483629408100957,0.69836698659593888,0.035953090234869957,-0.69928463693421083,0.71365023460495414,0.041283643202643869,0.0031732022182442829,-0.054652490164694548,0.99850039364362808,-6.0986720420398388,-15.557372136826414,-1.1053545299394085,,0.0771798193184885,0.1538461538461539,0,4
0.34258235566287437,0.90980358087595603,0.23429633760211574,-0.93945663220926279,0.33377850248087043,0.077544487100363796,-0.0076528286604862694,-0.24667662132215998,0.96906763371117577,-19.933617337532898,12.536046664109072,-0.72216458631651093,,0.6122590718257785,0.3333333333333333,0,2
0.77335101850236387,0.6290793018385864,0.07866024522994107,-0.63373582009549978,0.77051176729448478,0.068487420659670936,-0.017524625794628094,-0.10281463154146611,0.99454614726102653,-15.949604745791603,-9.6994553834073933,-1.0739354406550583,,0.5387091493407629,0.6896551724137931,0,2
0.96367599284863437,-0.2669566560113017,0.007919887528463513,0.26613732482436292,0.9623550537633544,0.055169509980277046,-0.022349611686371111,-0.051057754625480983,0.99844559218320628,-8.0278133653143371,-7.8906216263231448,-1.0485421434414057,0.3670517919523161,0.2444223119074221,0.7931034482758621,1,5
-0.42006766192277101,-0.90728104728421832,-0.019602567321403502,0.90748353644280222,-0.41986783414903517,-0.013587970130408711,0.0040976202853855405,-0.023496873959142569,0.99971551274457382,10.395150368463868,0.78873141427837468,-0.8951386372924125,0.2058234956802913,0.130199134979447,0.2121212121212121,1,5
-0.94871458898265748,-0.30804632693397627,-0.071049905798345567,0.31545182130474492,-0.9372047388438195,-0.14878651123071587,-0.020755170126673606,-0.16356875603603072,0.9863135834823723,-7.9453526627988822,14.601269646277169,-0.57035192653593325,,0.2902618822712338,0.2857142857142857,0,2
-0.5475575753651627,-0.82818416183685106,-0.11954788054506543,0.83676676474304512,-0.54169331439926982,-0.079935815230667479,0.0014432884956912674,-0.14380315440812433,0.98960525953563494,-14.498226500151128,15.440313503653721,-0.63779318542303609,,0.09367283965094816,0.1666666666666667,0,1
-0.15043290211649518,0.95360409694521164,0.26078567493272325,-0.98852697530733569,-0.14871392984185999,-0.02643078055449595,0.013577961943479972,-0.26176973346874399,0.96503484164519326,-15.134504588376657,18.120768047503599,-0.56954815016323745,,0.2695940731608053,0.2631578947368421,0,1
-0.97116449595896592,0.22788678746897137,0.070050937794156165,-0.23772610124162344,-0.94787818793929479,-0.21216324285176627,0.018050556147284767,-0.22269834513527945,0.97472028013003942,-13.595750976250773,3.9497298006869173,-0.84924880490370036,,0.1475644441144524,0.2553191489361702,0,3
0.064096645168364011,0.99616707023884676,0.059521326009391133,-0.99786033030265953,0.063206263734993814,0.016725113839138047,0.0128988870229392,-0.060465993718930966,0.99808691120420667,-0.99300946702488579,-8.5289437970863169,-1.082699930350224,,0.1302157571486029,0.3076923076923077,0,5
0.031342031960380941,-0.97316603162281079,-0.22795954011206568,0.99940141622494283,0.033854546838959138,-0.0071189118485172169,0.014645350121205637,-0.22759996606730587,0.97364458051487546,-4.5472738400352881,11.707303606111292,-0.67721916156993012,0.7723558000460339,0.6684814256070085,0.9597701149425287,1,3
0.79524587896728827,-0.58959088747813748,-0.14130314005105735,0.60588599308017776,0.76435867981819461,0.22058552077558194,-0.02204893137531079,-0.26103331969181687,0.96507795054901002,5.2772318819289818,-21.250507729692163,-1.0405807914454483,,0.5091323547999101,0.26,0,5
-0.102622518205497,0.98137023100573206,0.16242256140363348,-0.99451712641693835,-0.10452517614385239,0.0031894851449794396,0.02010731261396833,-0.16120470603506362,0.98671613888270371,19.213191502585577,-4.0887522555980187,-0.91934298254955238,,0.1323197904641954,0.4,0,7
-0.56890953726944815,0.81171776199418955,0.13212196360563089,-0.82119213560404503,-0.56939936658283385,-0.03778674049367018,0.044557993962149281,-0.12999475450268241,0.99051297264390059,-1.1716955190890996,7.2762506151244883,-0.80637539875928166,,0.2646504016355712,0.6727272727272727,0,5
-0.87336808941777044,0.47842647666057525,0.091303268380168626,-0.48656341646764567,-0.86547882655118002,-0.11917400113667442,0.02200504810459324,-0.14850759987872586,0.98866641018908619,-19.043624455696641,-18.231027245874611,-0.94126396573301618,,0.4136271640106525,0.1,0,1
0.20871282706578762,0.96733119556271774,0.14390731013193872,-0.97795479336575231,0.20544523148532601,0.037372168693958284,0.0065861939810114879,-0.14853489472559694,0.98888523454327093,-9.3583024749078092,6.2370652986196111,-0.83413301867553158,,0.06866839299517423,0.2242990654205607,0,3
0.25637958697026392,0.9541305060102927,0.15461075281331546,-0.96657617419353015,0.25306471975604722,0.04109436818095405,8.2863474693794942e-05,-0.15997882708451294,0.98712044250856634,-22.562138828919004,7.8911318906435737,-0.81363564589191095,,0.288165389090838,0.6153846153846154,0,2
-0.43237822504129342,-0.87703267897413706,-0.20943435850306436,0.90144195686194062,-0.42590993023048679,-0.077479866675013997,-0.021247797981360384,-0.22229352519250609,0.97474823402683464,-10.973010732867962,-5.0629341993559844,-0.99511833552952034,,0.3308312069217468,0.1805555555555556,0,3
0.95272712645651192,0.29120348921016004,0.086669200906358199,-0.3037410943272113,0.91967738285021428,0.24886715148988442,-0.0072367209996311247,-0.26342748403613708,0.96465205671452581,9.2829963141393641,-14.494215039685473,-1.0908159121199015,,0.3999312307990279,0.3529411764705883,0,2
-0.97710683811833443,0.21102585477075483,0.027024350513207444,-0.2116117650496035,-0.97712770735801457,-0.021021522443890706,0.021970156917505156,-0.026258943839002659,0.99941371817354874,-9.5845955317149905,7.2222112721559473,-0.82557154016537559,0.8624832071427914,0.4977769013756361,0.8571428571428571,1,4
-0.99961073990363725,0.018288877642225192,0.021068593305916355,-0.020119039077421397,-0.9957194490257848,-0.090210881263779769,0.019328552348884798,-0.090599645619474131,0.99569980982107298,-14.527741364602921,4.9154333119306992,-0.83197289309535094,0.8307359961387346,0.5869128413140648,0.8861386138613861,1,5
0.98591205440236773,0.16393482417308455,0.033208348460039845,-0.1660361216664894,0.98320675084141562,0.075739629005020459,-0.020234309626332606,-0.080186398617267202,0.99657449003611309,4.4603014749628089,-5.5358204920355734,-1.0199390242258235,,0.1069108433530858,0.3214285714285715,0,5
-0.2572489282047084,0.96486541604905851,0.053457626677636483,-0.96622258982325648,-0.2577035206908469,0.0016740187515331972,0.015391421401775868,-0.051221326964644237,0.99856871561811578,14.062644051560932,3.5306312219102067,-0.78416576793015791,0.1695124978700691,0.105245861399733,0.8235294117647058,1,4
0.06677351144047157,0.99431615795356132,0.082925727023513224,-0.99775451669169901,0.066106978833784164,0.010760658473535458,0.0052175273093366609,-0.083458045639342809,0.99649763272515501,18.747575034799308,-7.909035858082949,-1.0155559811373911,0.5123654811304521,0.4033619588830004,0.8658536585365854,1,6
-0.27721510328619253,0.92652822553082348,0.25435650926353293,-0.96069876824546818,-0.27128389142263265,-0.058846639209334729,0.014479751436610637,-0.26067316231115406,0.96531851699272653,-12.752999113213248,5.6827969864514332,-0.82268973934448097,0.2125462723592543,0.1642022565239067,0.4166666666666667,1,4
-0.71983173554034086,-0.69307801326819751,-0.03853751462132831,0.69339869612403071,-0.71536518888442113,-0.086318565476090278,0.032257103442106798,-0.088856705186296403,0.99552195617221839,-5.1249202923284649,16.657283950121393,-0.52572261998141179,,0.3113572313290381,0.3793103448275862,0,3
-0.4529514813710846,0.86654365726363491,0.20961165420821723,-0.89135374032050996,-0.44490774526348931,-0.086865458159131909,0.017985136651632726,-0.2261839699464204,0.97391855234352098,-12.29923258627138,-19.73927983466681,-0.98314440034759665,,0.3586287539044025,0.3714285714285714,0,2
-0.37370471760007334,0.92374642897372383,0.083888729885146229,-0.92749112726881999,-0.37314958729177239,-0.022794612117653195,0.010246603391549978,-0.086324506730554584,0.99621437786084133,-12.503477967016865,-7.3598735212890158,-1.0511015262433214,0.408113375694353,0.2754795638582411,0.576271186440678,1,5
0.93731241431526668,-0.34729752606496411,-0.028807401126134169,0.34817360913961987,0.92973289828946459,0.1198827582972771,-0.014851796833300472,-0.12239757443441315,0.99237002065932778,5.113314031457068,-11.582705087610808,-1.1473346530373403,0.2104642710613963,0.1472190757803595,0.2615384615384616,1,5
0.1602870943819141,0.9808151744514052,0.11094882126666551,-0.98698446806893436,0.16074091356703599,0.0049008668943961425,-0.013027170271599321,-0.11029030905521041,0.99381403721381401,-1.0944334087632968,14.626236489295319,-0.56857590139943837,,0.1151045641143803,0.3043478260869565,0,5
-0.9752029754096907,-0.22007215036338978,-0.023396696059933449,0.22114085680070256,-0.97314767775799338,-0.063877372579629346,-0.0087108096947713775,-0.067467369214007186,0.99768345475195852,-2.1358017967041545,14.049103438933798,-0.59053548419088175,,0.2904829392209748,0.1153846153846154,0,5
-0.11299274059832901,0.97101636241030809,0.21061781620635237,-0.99267812444633097,-0.11943141098825205,0.018063203344658413,0.042694048973996916,-0.2070346879168059,0.977401583885251,-15.983817819505916,5.3066168403379486,-0.81933198290453368,,0.2620927022437896,0.25,0,4
0.23725574486420395,0.92687055239782001,0.29089635719048301,-0.97142893262227503,0.22452691638242242,0.076899237214350907,0.005961576408977585,-0.30082992357403876,0.95365917218320662,-20.836589399626906,4.7654064276072452,-0.87442082292901335,,0.2350787497579141,0.4444444444444444,0,1
-0.58194932689135104,-0.81017076004778477,-0.070415342747854048,0.81318795732968197,-0.57891022065684727,-0.059902441294315281,0.0077670447843454981,-0.092121094124172312,0.99571751869326997,15.874074087907555,-5.7582380933562103,-0.93532093402475769,,0.161153910853932,0.5483870967741935,0,6
0.33489788732922599,-0.94194705882971663,-0.024065398905250193,0.94215156672473666,0.33437472490901154,0.023323135727167814,-0.013922297962123345,-0.030484122163358506,0.99943828619649355,-12.650949037875346,-9.8100222666068095,-1.0934485988352016,0.4160328593984551,0.2323849128665925,0.8227848101265823,1,4
0.56517672596386936,0.8052360386064874,0.17936050445427643,-0.82488674777165638,0.55468780768738291,0.10901050111647016,-0.011709900915911177,-0.20956230131465914,0.97772517615546906,-19.10160426372218,15.91430780268214,-0.64534189202592174,,0.3627704635122697,0.4516129032258064,0,2
-0.81919757461166509,0.56782941496870631,0.080530051823298407,-0.57170879931503882,-0.81965636655628016,-0.036228297634782962,0.045435476624802719,-0.075717872791399451,0.99609358054543407,-11.433934361728406,-10.557550966324429,-1.1170489790503422,0.1635977073926195,0.1956353585070951,0.2857142857142857,1,5
-0.98612640693456155,0.15664343454104585,0.054932176012932994,-0.16470235330912411,-0.96454832697382142,-0.20620295765686142,0.020684398970413395,-0.21238964039516137,0.97696611829277169,7.6470983616754591,6.5426911304080724,-0.74819110053368809,0.7851340140667938,0.7645644626062875,0.4210526315789473,1,1
0.952543539796189,-0.30410682098193303,-0.013410675777526058,0.30094469853170563,0.93418796794028414,0.1916380154908322,-0.045750335716890314,-0.18657942541412803,0.98137404937868966,11.929834764295116,8.4178453172332564,-0.67357155238479394,0.5296894556043267,0.3388616590698111,0.3571428571428572,1,5
-0.97040609218907092,0.23871993345754841,0.036397934177075916,-0.24104786261200439,-0.96660827763786739,-0.086973361048875195,0.01442026950231301,-0.093173123656864712,0.99554549110299384,0.2283130320069513,-5.2094170977074636,-1.0358559522636497,,0.1706218400211086,0.3225806451612903,0,4
0.9064002108392083,-0.41499009769332124,-0.078878873008713421,0.42197099080096045,0.88090371609924745,0.21435747219304183,-0.019471535971587562,-0.2275782541874829,0.9735650966976388,-4.224573423267568,-14.477561131802247,-1.0915613823339967,,0.439494149813367,0.38,0,3
-0.18947281369696528,0.97851596740016544,0.081280713657506415,-0.98168349235619379,-0.19046459878703151,0.0045560338279688655,0.019939250364583376,-0.07892869029582085,0.99668083564553633,-3.6277995987406344,12.616422958650801,-0.64893798858594898,,0.0696939798067694,0.1428571428571428,0,3
-0.77889861132157479,0.62597102221735246,0.038434784056688799,-0.62677971068564431,-0.77908095373177688,-0.013418711011248733,0.021544083970809418,-0.034541958203703794,0.99917100917175872,1.4783958529123631,8.1913867223406776,-0.74538344549864577,0.2130834711031149,0.1547324015267591,0.6262626262626263,1,5
0.16460239731374485,0.98555905186273718,0.039741742412618755,-0.98635159971621533,0.16430104363494621,0.010755872708909063,0.0040709379546842355,-0.040969773637284192,0.9991520930830694,-15.121757197423145,7.8898023461560109,-0.78837017348841365,0.3619580203050339,0.4140852821069694,0.5882352941176471,1,5
-0.62713336041504841,0.77377750786423627,0.08928670997377508,-0.77836597685769304,-0.626853811798884,-0.034651186178525056,0.029157406004283543,-0.091228652059652804,0.99540302326167374,0.4870736744840618,10.820043114205832,-0.68082599877926775,0.748038666724691,0.6287296937932618,0.7251908396946565,1,5
-0.30063355356824767,0.95160900078745858,0.06371637222271577,-0.95365860687383075,-0.30080771868890571,-0.0070695058272511298,0.012438971195116728,-0.062888997427787474,0.99794300738976849,0.68888763813581233,-12.206631895791277,-1.1282982473042114,0.1811394105051127,0.1330585007607724,0.4772727272727273,1,5
-0.95795360523155282,-0.2866131458686087,-0.013333973120163904,0.28659432401826251,-0.95359773202923215,-0.092277076835036873,0.013732576756922198,-0.092218599447203703,0.99564408613299693,-2.4837455047176982,11.825354660172398,-0.65882236152830165,,0.484692748467337,0.7241379310344828,0,7
-0.6977866406555483,-0.7077111167934127,-0.11062901649054623,0.71608229135548895,-0.6853425915494572,-0.13240726647486667,0.017887317566292256,-0.17161150129083572,0.98500230278664214,-11.725648423578694,6.9863103280333476,-0.80328712159666138,,0.156140355157626,0.1900826446280992,0,5
-0.3035847950488742,-0.9525119552677036,-0.023606085809170622,0.95278288244375631,-0.30365134740118421,-0.0007988389155660447,-0.0064071161454128884,-0.022733989828935406,0.99972101836920346,3.8124966353549925,-11.413041779437638,-1.1556336848768367,0.1934510193441144,0.1256673809235251,0.2592592592592592,1,5
0.97668658239362816,0.2029168152775902,0.070057732263153677,-0.21197492634812057,0.9631730684927744,0.16542149415938315,-0.033910918182264424,-0.1764154364215737,0.98373148949305356,8.9874368800065856,11.285738775037029,-0.61282091621325241,,0.5615277697724237,0.7941176470588235,0,2
-0.15159356538123367,-0.98337724784270308,-0.099942880488398916,0.98841223610829787,-0.15160857795841334,-0.0074893658492363293,-0.0077873260110046666,-0.099920105658172803,0.99496498935332356,-13.183914977403207,-2.2793161393544596,-0.93634967900022148,,0.07644777524367742,0.3478260869565217,0,1
-0.98799566296004904,0.14763056519233081,0.045494902935666978,-0.15434191427774571,-0.95584733086294627,-0.25006889766474755,0.0065683688396563069,-0.25408875674294201,0.96715860138221998,0.878973564828186,-8.0438108871919862,-1.0953403071218435,,0.3767317841795321,0.3488372093023256,0,4
-0.90775785992732116,0.38827873147761766,0.15879324425900979,-0.41892079813301886,-0.85885076353837364,-0.29475537460943196,0.021932456127025744,-0.33408830068064965,0.94228656719521953,-17.847436380645007,-18.089416786710789,-0.97116636298059289,,0.3862686808330615,0.1785714285714286,0,1
0.42184009024894897,-0.88127628562223226,-0.21307990674542754,0.90602881819084391,0.40089659295479352,0.13562338428508777,-0.034098663704911776,-0.25026791675546428,0.96757596651447397,-13.583520494764192,-15.367948549108377,-1.1302447186598836,,0.5409064486486782,0.4146341463414634,0,2
0.88347091770078456,-0.46596602164161222,-0.048526325354627489,0.46822351194401685,0.87475944488182533,0.1247503765639721,-0.015680575236438288,-0.13293449614577255,0.99100077663679198,7.7553347191536206,12.069828904194337,-0.56581979979353725,,0.3190770115180819,0.5333333333333333,0,7
-0.78300618356688667,-0.61919310421756457,-0.059171075581198614,0.62170776034003383,-0.77608730376416668,-0.10567855822751201,0.019513514009491698,-0.11953408143907306,0.99263831587619011,-1.5105299623625379,12.544126218773405,-0.63325596786010552,,0.1673943725455949,0.8,0,5
-0.99956115133723722,0.021416830939465385,0.020465192153693471,-0.021733734083557811,-0.99964533204263917,-0.015390091882353046,0.020128326809808125,-0.015828123005347947,0.99967210673398577,-0.26933934021230954,9.65130384305027,-0.7111266363833173,,0.07238737879055737,0.2307692307692308,0,5
0.88344113822706349,-0.46819878175424939,-0.017934772145415782,0.46803489669555731,0.88005726349222613,0.080265487289082393,-0.021796576870008345,-0.079303932679354858,0.9966121590159025,-14.397408224585645,6.5187613051607869,-0.81803922627182624,,0.06856410119742253,0.3103448275862069,0,3
-0.4733099304959793,-0.87951354236543511,-0.049331921609591677,0.88089585112848723,-0.47259615620664713,-0.025987931878467985,-0.00045733850579766547,-0.055756631305217012,0.99844428432786592,-0.082508616740668089,2.2711758148760763,-0.91417804951022053,,0.06594858844430873,0.1746987951807229,0,1
-0.98015097798583606,0.1931416045139944,0.044725618600209988,-0.1963826903304623,-0.97678817283184372,-0.085549426382647439,0.027164301794476622,-0.092634691242482456,0.99532955079532859,-6.6813288557770267,11.003954071672055,-0.65512847391018691,,0.4483733677856711,0.6404494382022472,0,4
-0.88138901973710437,0.46926156664050772,0.054286075203159881,-0.47233902282400336,-0.8771603284058288,-0.08651939544775103,0.0070173645004659932,-0.10189867685635103,0.99477003184172808,1.5001138227429403,12.587111201299503,-0.65654727779348498,0.9471407795333825,0.904141153260646,0.7457627118644068,1,5
-0.86394929903127737,0.50269649145578321,0.029796747832789787,-0.50342173913504373,-0.86364429877716897,-0.026173990065333236,0.012576218414648323,-0.037613330984347632,0.99921322852664884,4.9866851318845988,1.3249119596754488,-0.90913340857831948,,0.09820488275264853,0.4133333333333333,0,6
-0.89886512082686132,0.43079260332645219,0.080369319271286335,-0.43780036321566035,-0.89083774075621802,-0.12140412518770885,0.019296023661564302,-0.14431165082409378,0.98934413168890678,-10.296156872475576,16.652810104354721,-0.49938617259044893,,0.1081930239900104,0.3,0,2
-0.15465322184998515,0.93887192621520543,0.30757419777408102,-0.98788887289505634,-0.15091620074300915,-0.036053781541345434,0.012568046051577995,-0.30942496104588263,0.95084080565581486,6.9667472652338702,-5.2017027794114084,-1.0392722681081819,,0.1979296561430035,0.25,0,4
-0.0053679162558935983,-0.99598688057302631,-0.089338229227366978,0.99990139391840649,-0.0065053263257324892,0.012445206684598559,-0.01297643691836701,-0.089262615107376084,0.99592359025634847,8.2184009490042769,2.0546587931355322,-0.89759845168769159,,0.2468323231530344,0.375,0,9
0.7134065458101172,-0.6933982257224941,-0.10124228839854442,0.7003805836225474,0.70085598973509056,0.13515886851030401,-0.022762655377097409,-0.16733135455539461,0.98563790476160118,-7.2965101509626002,17.397928629355039,-0.52842404176081115,,0.2373145035203153,0.25,0,2
0.92815712979842813,0.36679564765239819,0.063129195049538747,-0.37207958943373814,0.91854506368406952,0.13353555746860463,-0.0090067492007817034,-0.14743106472140777,0.98903132388410586,17.791524018337061,-5.2917088387252758,-0.93362363697657558,,0.2026188271876152,0.375,0,9
0.88675199230035295,-0.46192107890783052,-0.017315340365699029,0.46181281779540923,0.88367977755936034,0.076413166748294667,-0.01999563630441072,-0.075755973977399471,0.99692587835581647,6.5555308422534084,-16.244204460532025,-1.111790079849637,0.5292488903122373,0.4441620584471765,0.8536585365853658,1,5
0.88265569968243685,0.45882139738115912,0.10198941672207797,-0.46996230673564854,0.86492285698944171,0.17619274021630685,-0.0073719784194849636,-0.20344870793992101,0.9790578518002705,8.0885559126194249,-4.3887212304189083,-1.0159638146284389,0.3006519609150999,0.2947022755765186,0.1724137931034483,1,5
0.93776110239338939,-0.34567919571284139,-0.033316789900252129,0.34719228940237151,0.93102847845418668,0.1124432589656707,-0.0078504151147742209,-0.11701224704535911,0.99309944367315017,8.8316359974904,-5.4934071538563609,-1.0378917063258262,,0.3331005293822399,0.1935483870967742,0,5
-0.24167684647792709,-0.97016163703371316,-0.019460213373708898,0.97035676910957758,-0.24162397434408184,-0.0050592158870903566,0.00020620307018714491,-0.020106045116738171,0.99979783177903381,3.1269354445607762,4.7604722121869969,-0.83448046828400702,,0.09490918753735267,0.1914893617021277,0,5
-0.66947035718223913,0.74038916383300313,0.060277084642105225,-0.74254730396000868,-0.66927376544957073,-0.026384242696629995,0.02080726402021936,-0.062422055073660269,0.99783292429362791,-6.6147654958074424,-0.90229018509139858,-0.94512832642761235,0.2390246456439685,0.2094729651527005,0.5580589254766031,1,5
0.99298035017081365,0.11065481902963645,0.041779602680816784,-0.11693712760787918,0.97149229673452675,0.20622421189640283,-0.017768859318116854,-0.20966217687268332,0.97761241769299356,-16.851077954969192,-6.0386498181757542,-0.97922917783531827,,0.323705637759371,0.1875,0,1
-0.94406886031157078,0.32688385495934663,0.043369717049227173,-0.32881656402790493,-0.9431037766943372,-0.049345046415635974,0.024772044947799946,-0.0608458030746203,0.99783973364328871,6.6874222907156344,-0.85701667475133592,-0.94383037427210237,,0.08625947380623583,0.2580645161290323,0,5
0.63846995936869022,-0.76915960943863848,-0.027378937012674867,0.76939637510977021,0.63695098815005413,0.04819394840242109,-0.01962979754579075,-0.05183564317022131,0.99846268690694717,-10.168317337486423,11.891489152475787,-0.68740357419855314,,0.07899783097927074,0.3636363636363636,0,4
0.057926089756689926,0.99695563238351692,0.05219229046788483,-0.99827867707816231,0.057363751214864152,0.012209952401030628,0.0091788352516084543,-0.052809725480666189,0.99856240760309145,12.386281000097551,1.4173183519824695,-0.83873353024742914,0.5206259866763148,0.271915092776741,0.7608695652173914,1,5
0.30784081364475069,0.92977276035219403,0.20188275696948452,-0.95142741458139202,0.29983261428708369,0.069901918376684399,0.004461864801359113,-0.21359545294044757,0.97691200946946044,-2.2600131489243043,2.1009936317460105,-0.89009829958628461,,0.08721631004959376,0.3018867924528302,0,5
-0.45347496490123373,-0.89126855857073173,0.0009015048948257503,0.89126901169388495,-0.45347465123352587,0.00053803609348635091,-7.0725035734182199e-05,0.0010474692752578767,0.99999944890289161,11.296154973554339,7.4342571437347802,-0.68839671070322395,,0.1022288831523745,0.5238095238095238,0,5
-0.93212156824444858,-0.36206629047675426,-0.0075751774839068267,0.36185971391445104,-0.93035125902557902,-0.05919528929966951,0.014385042900934706,-0.057918357451869469,0.99821767887110457,-7.7566076872816385,7.5767806673936269,-0.7941747640870136,,0.06667989281017839,0.2845528455284553,0,5
-0.94627415133445858,0.32064627125912543,0.041847332577711213,-0.32216152345325128,-0.94598019526161836,-0.036516064671185733,0.027878007865168353,-0.048035808522490793,0.99845649768883749,-1.4634407734764416,3.5266564280189656,-0.87716345884226377,,0.06541844664731003,0.2208588957055215,0,5
-0.26751811227571071,0.95216623205996076,0.14769402875261534,-0.96343659672326565,-0.26670566323794437,-0.025651769745972275,0.014966084950058167,-0.14915614543674149,0.98870038969331953,-3.7018026213111481,-3.6772589433367768,-1.0024917139039355,,0.07968629548548005,0.1666666666666667,0,5
0.6049519297890037,-0.79076156223719229,-0.093430799700933445,0.79452070750607096,0.59170358997096162,0.13646870322359028,-0.052630865360669785,-0.15678971045215728,0.98622866451331448,-11.230359916054281,17.702408872921559,-0.48285590298638725,,0.5153430277247859,0.7101449275362319,0,4
0.95086947804053867,0.30148986453299059,0.070364034241882173,-0.30776942694857029,0.94515903225855324,0.10932695722384184,-0.03354423298664494,-0.12561156524760839,0.99151223850711179,-11.171613077049157,15.643088193840059,-0.54959134450235003,,0.1446426958114935,0.1875,0,3
0.73022949272555615,0.67694779772534752,0.092231052843276332,-0.6831699948046962,0.72481645056543009,0.088993658135188516,-0.0066065234676378473,-0.12799528172762301,0.99175277247060822,-3.3715379511950339,17.613708804843437,-0.49859517523921154,,0.7555784077765579,0.625,0,1
-0.76404041515887722,-0.63451405787805015,-0.1167653816804534,0.64511402842999488,-0.74901045360376439,-0.15103387274087679,0.0083746239721576073,-0.19072296858903565,0.98160817790293042,13.763231809014192,-3.8816140073137864,-0.95012143671682558,,0.1986930138153022,0.2727272727272727,0,5
0.42889305999788474,0.89899447276907485,0.088654842035305034,-0.90335512664896589,0.42687779044389995,0.041531520352198703,-0.00050817583786101205,-0.09789938690506593,0.99519618759364747,7.0141005286386466,4.1810788103519361,-0.83263370059158603,,0.08674766392598834,0.125,0,4
0.49121959373794077,0.86574774324220072,0.095834001267656871,-0.87103576888304579,0.48823648750010673,0.054053876825620926,7.3657132716636546e-06,-0.11002716639355445,0.99392858023157338,-17.946012039533667,-16.94006661941,-1.0258221823705533,,0.4810670285959459,0.6785714285714286,0,1
-0.98895195035175953,-0.14530231951680261,-0.029347501401103201,0.14823632354718641,-0.96961639244569964,-0.19460227100884708,-0.00017965707500988638,-0.19680266117007639,0.98044310405026103,-22.006219713013348,6.8440915310711956,-0.83043387919994027,,0.4824906481738786,0.1587301587301587,0,5
-0.98690015157028943,-0.16090891252134223,0.011679584827342137,0.16044307461864687,-0.98647586567497636,-0.033516954630772977,0.016914805273941503,-0.031203979105316287,0.99936990201353326,-20.615269369141899,6.5695831748375673,-0.81195504548192199,,0.0808987107122673,0.2702702702702703,0,3
0.075852797439880007,-0.9916627958964187,-0.10416934460503731,0.99701394022086021,0.073913093413711828,0.022361968323282237,-0.014476053530575952,-0.10555450656847576,0.99430814640998799,-6.3402675936188686,-7.3218794973453045,-1.0508375280590441,0.1976860268721325,0.1030641317207496,0.26,1,4
0.97896606988274293,0.20049939885620602,0.03775480203412631,-0.20279375551052625,0.9765451559904138,0.072348123939702011,-0.022363513683518528,-0.078482796649696637,0.9966645994946185,2.8638662787026719,7.3728824660077068,-0.7582640981037212,0.7367048300697829,0.429802788239004,0.927536231884058,1,10
0.54007072421920732,0.78559360862687289,0.30193756792746113,-0.8416187124340383,0.50464972324024138,0.19237099499254176,-0.0012472859390918784,-0.358010249738966,0.93371682289633751,-16.517057178679998,12.212082742409113,-0.70624870367587944,,0.1966520725179906,0.2564102564102564,0,1
0.73837476912274114,0.67259366412653132,0.049198204233348732,-0.67438997985098537,0.73630658893174383,0.055233705038573215,0.00092487811455373799,-0.073961950167282769,0.99726063520422092,-2.7223628063120784,14.916800325981656,-0.56783862377393046,,0.1639947420951773,0.631578947368421,0,5
