axis_00,axis_01,axis_02,axis_10,axis_11,axis_12,axis_20,axis_21,axis_22,location_x,location_y,location_z,dbh,dbh_approximation,score,reconstructed,number_clusters
-0.96626745165868233,0.20334681172493815,-0.1580420387945515,-0.20654217162525801,-0.97842997705938073,0.0038873296620623209,-0.15384259229926669,0.036398546027028147,0.98742473264637198,7.3593605434335334,8.410075370605318,0.43798701360240105,0.4515149503241346,0.3914005765385291,0.8597122302158273,1,5
0.58869171877041582,0.80807553099285057,0.021354073657212626,-0.7963549177904613,0.57521291083699588,0.18694638835072153,0.13878366316711196,-0.12705921224788883,0.98213800019185915,-6.1985471782631345,7.5479140803310854,-2.0955840172553981,,0.1279610075518243,0.3108108108108108,0,5
-0.96667826038870397,-0.17615577457916279,-0.18574790436040831,0.19882197551921552,-0.97369431435440346,-0.11130680232826688,-0.16125434239890948,-0.1445286313376091,0.97627276505143368,1.2838638007080365,1.5324376412362561,-0.61893003946595782,0.50033263559326,0.4287904764249751,0.3297872340425532,1,5
0.97344422457922963,-0.12679715824377358,-0.19060121273131189,0.15173662604385751,0.98080358711333526,0.122475792801848,0.17141277067409502,-0.14814453809343806,0.97399736030592643,-16.191840154951603,12.810403218288155,-3.9365132813973229,0.2736821717711198,0.1629811236881344,0.3333333333333333,1,4
0.14079442733318331,-0.94264860218938373,-0.3026392935861475,0.98980762229681796,0.12741739520461132,0.063605646309049829,-0.021396263109267604,-0.30851000014533286,0.9509804307846117,-17.61226706457191,7.3451956418344437,-4.0774078303230104,,0.5625878340324069,0.6129032258064516,0,1
-0.97494207996460203,0.16694678212430827,-0.1470262311719758,-0.15149453821553649,-0.98223460517902483,-0.11074558808217723,-0.16290287169094927,-0.085696862994771666,0.98291337465093953,6.6050985339737167,18.910865638269087,0.19102989249979904,,0.6689350315543167,0.6410256410256411,0,1
-0.82343750890349465,-0.53091306266933835,-0.2002048671183341,0.5422495108642259,-0.8402147980208523,-0.0021356859050468829,-0.16708122844387457,-0.11031959514900619,0.9797517287700207,-27.040482532700569,6.9100526441018824,-5.5729200192691852,,0.08107240518481555,0.3888888888888889,0,2
-0.98484537233196745,0.01067341428252872,-0.17310595259511713,0.018018780765697132,-0.98640631851588179,-0.16333370237542341,-0.17249613368428629,-0.16397759913933105,0.97126537611740005,-20.91062924953976,11.658062002663673,-4.6963979916417005,,0.2293379431521653,0.3333333333333333,0,1
-0.3327626796546484,-0.87414187721925285,-0.35375836035443736,0.93413526145234727,-0.35690465042746178,0.0032223926835877412,-0.12907483232766145,-0.32938586641635564,0.93533129888009925,-15.963557320079719,-0.39572895468891806,-3.5449238678511508,,0.2276896408462303,0.103448275862069,0,2
-0.74434850565614896,-0.60089111973326959,-0.29133342470982637,0.65008454827850348,-0.75181585856063726,-0.11028596876423624,-0.15275922956401861,-0.27148255384541681,0.9502430429845713,5.0978357499600522,14.572445402341822,0.026200780631645579,,0.3345526788352757,0.7654320987654321,0,5
0.98469462034114019,0.0028127997896398344,-0.17426586822599963,0.036551486376631026,0.9743017395115986,0.22226135342954259,0.17041271523826212,-0.22522923554018573,0.95928686947289477,-1.1827050199933233,9.0802194409995565,-1.1281317361739736,,0.1074535262778018,0.25,0,5
-0.98410550158135945,-0.043665958929839391,-0.17213264010070267,0.045963789650782315,-0.99889902694892385,-0.0093842421873619897,-0.17153335476880024,-0.017146952826377355,0.9850290808958535,0.80597513511855245,-16.758751707598122,0.51010353669872865,0.8236944701021992,0.7606000227765074,0.9255813953488372,1,5
0.20773068923354229,0.97764708929861577,0.03246736109544731,-0.97733113139058481,0.20604738700145855,0.048665531176291424,0.040887899987122646,-0.041840687085847504,0.99828730160151147,15.840384738913327,-3.4008972410323102,2.2685484912598097,0.6069973982194592,0.6797271617075171,0.4090909090909091,1,2
0.95214083769201718,-0.23871905561286091,-0.19089535794892262,0.27638294854220691,0.93911441757917113,0.20414841770155687,0.1305384654201944,-0.24713826733680339,0.96014706470597655,-8.4476377406266128,14.156200545638921,-2.4961218612623699,0.4987371709228745,0.3203131889425245,0.4235294117647059,1,5
-0.72189345605592092,0.68899614745387616,-0.064452671762736349,-0.68821646177846085,-0.72455297807820718,-0.037162934425809861,-0.072304493918251861,0.017529710542891538,0.99722854422018392,-16.707260388788473,-1.221758935885719,-3.5750958779816715,0.3520271216606344,0.5579915764464377,0.6114649681528662,1,4
-0.1710964974919725,0.98165539387816969,-0.084134869203411608,-0.98344944697050207,-0.16499285414623013,0.074863498008670315,0.059608504421708168,0.095551272888311459,0.99363815368072006,12.354159967448352,20.491004892706769,1.2561952840170372,,0.203251598613105,0.6551724137931034,0,2
-0.60957151179998004,-0.73223524875617452,-0.30373362092608697,0.78626607759095513,-0.60729458671478487,-0.11392515164200659,-0.10103577203952344,-0.30826096967651212,0.94592121624502923,-11.021574682699059,-9.2904235561983519,-2.1064467617588107,0.5375943298076185,0.3986105430753822,0.2619047619047619,1,4
0.59476873754469295,0.80354814878371561,-0.023675333698961791,-0.79153523138879178,0.59051372739325325,0.15737063013923394,0.14043548807116119,-0.07485927027691032,0.98725577402404907,-0.014229077135863603,8.2017718219493112,-0.90675082073051638,,0.08186954903955559,0.3166666666666667,0,5
0.90998187025743804,-0.3447846520698582,-0.23034005187947834,0.38863836989440326,0.9028452854743616,0.18393098690144075,0.14454484857162811,-0.25689284574270227,0.95556938657410928,-9.708288193783293,9.8082070412553595,-2.7142204767866973,0.4841118221775801,0.4898047531711642,0.4047244094488189,1,5
-0.95352183870045459,0.26163755908373432,-0.14947204018815824,-0.25811018158135318,-0.96516344106968688,-0.042879671017418387,-0.15548388111102021,-0.0023064473170985394,0.98783573685883008,-25.027225575833256,3.4805871853770713,-5.3239538803611861,,0.5691032577141256,0.25,0,3
-0.2987350820810471,-0.92485963711254027,-0.2353550559773287,0.94948162178742468,-0.31287843177112779,0.024325641211742056,-0.096135324527214169,-0.21619837782116019,0.97160499216788021,-13.548560720052533,-24.285319039804246,-1.5999989322037385,,0.5588144486110331,0.4482758620689655,0,1
0.028016812317166302,0.9918734073826817,-0.12410560807092269,-0.99795504690429049,0.034889859838920935,0.053557651541821419,0.057452437597019283,0.12235130325210779,0.9908225754425819,-21.021711564725205,2.7258773412455386,-4.5354415616429993,,0.07850318972253478,0.24,0,2
0.97645491056285338,0.17971746493058346,-0.11932074604449934,-0.12475677645435958,0.92169910150239676,0.3672962197169915,0.17598736990593494,-0.34376212573318793,0.92241858532067356,-15.664975368044324,22.051111686499564,-3.8965234567274307,,0.2539686418999199,0.25,0,1
0.6118994988269042,0.79024878187263226,0.032952482216111995,-0.78445378007237387,0.60103515379671957,0.15293466196619904,0.10105083010814714,-0.11943034224757593,0.98768675352313984,-26.017127885946323,0.1213544958289548,-5.1274677437069549,,0.5915589990914748,0.5135135135135135,0,3
0.4204417067378286,0.90120552109861751,-0.10515407731872504,-0.90011327920562667,0.4288695303190444,0.076596413503617858,0.11412649049662715,0.06244625453374205,0.99150169412948119,-16.357321094179376,-6.6830861553612868,-3.1634775429178075,0.457340860151483,0.2625962789549864,0.4,1,4
0.57806355011244293,0.81220389008849048,-0.078532623517386935,-0.80386635152746932,0.58335988527964833,0.11614703237031758,0.14014785375921832,-0.0040106323242084319,0.99012246409979277,4.1051761319384807,-5.5876333192312622,0.3017323259307676,,0.08108067772621556,0.2463768115942029,0,5
0.96519428562166665,-0.17767377066847959,-0.19191670646331396,0.20796991868678691,0.96636546360927811,0.15128219876983712,0.15858279832533079,-0.18592961560673915,0.96968122293650594,8.0854386950738864,32.439502218395347,0.18456433303828784,,0.1597376885600959,0.1111111111111111,0,1
0.19009119005790973,-0.9481053703940453,-0.25487555020507152,0.9817309252682731,0.18135892767028869,0.057561529915242236,-0.008350439166172079,-0.26116114945422741,0.96525909691723621,12.035451069072156,-22.640267087363032,2.9369913163605159,,0.2330216448291627,0.75,0,5
0.84505126855022417,0.51873401691802301,-0.12962782576958207,-0.50385482766153256,0.85370215033094499,0.13161668269063645,0.17893760410775597,-0.045909238856822701,0.98278872379762416,-3.056080558027864,15.4140317124146,-1.5246409536264924,,0.3780981755460657,0.3333333333333333,0,3
-0.90362178941689564,0.40772294589827995,-0.13126180357985029,-0.40459903911533845,-0.91307781689562606,-0.050877478711723566,-0.14059615655469315,0.0071344012464460652,0.99004132291581759,-4.7989289659307737,12.100173624441668,-1.8004907190397876,0.2179657692158612,0.141633079294918,0.4846153846153846,1,5
0.94927539707859288,-0.24220758420493424,-0.20052856817643055,0.2671513140517488,0.95757758382106273,0.10805251669368302,0.16585052276584339,-0.15614306618298635,0.97371091550894695,-7.4821361502855179,12.489618088581169,-2.3148304308843022,0.3303228425589713,0.2516099192378844,0.3756613756613756,1,6
-0.040877908724015963,-0.95265943756823701,-0.30127892822187369,0.99722534579546684,-0.057674874376503045,0.047066108493963629,-0.062214196783869066,-0.29851901928993479,0.95237376530473195,-14.740188430876405,7.6394257779133374,-3.5203830796568876,0.1622120923663565,0.1681763479185093,0.375,1,5
-0.53813067543145021,0.83076878512209151,-0.14226243997083615,-0.84098272458671619,-0.54049087174328803,0.024853058340656355,-0.056244405111928887,0.13301444744442259,0.98951691428932143,6.9533894273303041,-11.985554639867873,1.2041129961179085,,0.1249195490899857,0.3846153846153846,0,5
0.027716151996164805,-0.88765924044587652,-0.45966606114610653,0.99875312840241237,0.0054901899652969807,0.049619011684435867,-0.041521120227189422,-0.46046816465983348,0.88670461029019365,-18.295155575596283,-15.271645376931273,-2.9862104288877553,,0.4564127286384405,0.1739130434782609,0,1
-0.9376851335196017,0.30754391440567569,-0.16175083025555767,-0.31329105704306148,-0.94959723724275669,0.010667736299972945,-0.15031734415285838,0.060678066325148494,0.98677397022513358,5.7716012729001491,-3.0626002445345879,0.40034252964159572,0.2452246385241645,0.1821870111771789,0.3450704225352113,1,5
-0.084235639100056922,0.99474644496260711,-0.058171018038716951,-0.99617564269961734,-0.082709700418821488,0.028163706230429443,0.023204439174650763,0.060320939074956406,0.99790928360833775,3.4479516585320833,8.0435742852191687,-0.30455683671042155,0.6331969791630696,0.6698317220009191,0.7653061224489796,1,5
-0.84396314863114552,0.53301435023567467,-0.060182274761302841,-0.51868017300381974,-0.83952926133424244,-0.1617451622037239,-0.13673727321155271,-0.10529160368435408,0.98499573415738506,-3.9902428067455937,9.6704262955473759,-1.6367334780554403,0.6600788370635773,0.657784329352159,0.2741935483870968,1,4
0.52659075007908984,-0.82792483477784429,-0.19298354823461264,0.84838797620709072,0.52627773976434988,0.057180262816501737,0.054221985931710424,-0.19383551941428759,0.97953446476120209,-8.5653772434773874,3.9043403266548355,-2.4269751580951913,0.3228313746958781,0.2925873898153536,0.9280973451327433,1,5
0.39356653792709922,0.91907768173112003,-0.020039839516021129,-0.91263919095555535,0.39324238080270335,0.11158018225747478,0.11043136943851996,-0.025625083109568386,0.99355335425912639,-8.0471088146532743,-19.33118043954407,-0.92460902588547578,,0.1723431812043731,0.5172413793103449,0,3
0.97037570313732946,-0.16334578207700287,-0.17801446637390589,0.18071413585602156,0.97976301699981783,0.086062951501948828,0.1603539705231696,-0.11568312753840866,0.98025711838292051,-10.685985525670521,-0.026827041256900983,-2.6422311643431322,0.1575466110389827,0.122013698851442,0.4715719063545151,1,6
0.27727004327519073,0.95876346498148846,-0.06240145285861478,-0.95621587172818767,0.28169818833401666,0.079355764405846574,0.093661783867686352,0.037666283411360732,0.99489131131832653,-6.9374141157662583,17.791706819063357,-2.249249606791349,0.5523931633536014,0.4401439639632935,0.850828729281768,1,5
0.40755373132702866,-0.85022077873497715,-0.33320351662115882,0.91273766027762315,0.39064157031165647,0.11962076347931695,0.028459086287998273,-0.35287928665725593,0.9352359538939462,-11.609111521570847,-23.314025802114489,-1.3046819614722487,0.3913453604084733,0.3059434331053367,0.2857142857142857,1,5
0.94679854883334025,-0.25999428840392858,-0.18967202725867532,0.28327810341752369,0.95296242021229149,0.10777820645799534,0.15272859604950084,-0.15577418162348455,0.97591412546815892,6.2599938142493459,17.25736081953729,0.16680275356516031,,0.1235301988559106,0.1428571428571428,0,4
0.1713138973391285,0.98418674578065746,-0.045033298881562739,-0.98282770263594255,0.1739009989923658,0.061710205645503502,0.068565702139128881,0.03368815784715385,0.99707765620889899,11.025238974036244,-9.1698477791511142,1.7328556664257362,,0.1370721790816388,0.2857142857142857,0,5
-0.43668060405961834,0.89624294781907532,-0.077837192412756773,-0.89896240698880214,-0.43802572665906275,-0.00023152904406857576,-0.034302199040660848,0.069871605601801182,0.99696605652930848,4.3646670620404588,3.7012287698752639,-0.071114205424051058,,0.07445714110990312,0.2142857142857143,0,5
-0.21227950220538616,0.97601674443489705,0.048256890970505624,-0.9771662199446608,-0.21247325510892623,-0.0011377444706378531,0.0091428410517090854,-0.0473965235657944,0.99883430958862274,18.338121298043454,1.8576909069136096,2.8983010331841896,,0.304807098601495,0.2631578947368421,0,3
-0.46751625243023159,-0.84255166942247606,-0.26746072247526603,0.87596878817176405,-0.48221585143053197,-0.012105981084525434,-0.11877388543987173,-0.23994698785883178,0.9634927125593582,-16.076906929640057,6.8292859840517988,-3.7929140623549382,,0.1161157791561096,0.3333333333333333,0,2
-0.52477830438415651,-0.81903858208812208,-0.23191276872731165,0.84230326182119764,-0.53899846370299709,-0.0024230664826135045,-0.12301604112090449,-0.19661245427715568,0.97273356909795827,25.99670312698575,-17.661396681138505,5.5067059090980992,,0.3898913335919157,0.926829268292683,0,4
-0.3483707591173188,0.93019908675513918,-0.11561778925377227,-0.93719852414385763,-0.34791893516503597,0.024725308819171638,-0.017226158439975794,0.1169703960561559,0.99298599482161254,3.5955281163676767,-20.928872796647088,1.2620177676862219,,0.08273801376861395,0.1764705882352941,0,1
-0.59886815723947129,-0.75202152542627954,-0.27535532597015377,0.78812732473280078,-0.61446222637129055,-0.035937339528030361,-0.14216979374718178,-0.23853678470702658,0.96067057417593216,7.4888985472722824,0.3333711625701955,0.50395476626135316,0.8084397684132596,0.8715148930805604,0.9980582524271845,1,5
-0.63664080789530997,-0.72343034845480703,-0.26708989620905416,0.7568445223177368,-0.65257578719822718,-0.036485764350640111,-0.14790149005349279,-0.22537385140510494,0.96298067288122968,-11.076452784769966,-1.6011070656681756,-2.6088958105425908,,0.09089971869266833,0.21875,0,4
0.67287059588674158,0.72538829650730996,-0.1451102356184526,-0.72446144985538896,0.68584005595250608,0.069130494895444414,0.14966886404475471,0.058610894390758332,0.98699746412757627,-13.71817017287859,12.191197178945847,-3.456733442808956,0.2892291434603333,0.2426126566602718,0.8275862068965517,1,4
-0.22206305632601409,-0.8698512989190994,-0.44050734021569499,0.97177923057682258,-0.23432151326480985,-0.027176376520958504,-0.079580940146927778,-0.43411075336836097,0.89733757737837183,-23.255280964420042,-0.54281449492381662,-4.703092086276957,,0.3553380262828976,0.1538461538461539,0,2
0.030230420301510789,0.99466605952886111,0.098618211856244309,-0.99787425474399793,0.024333971724483632,0.060455186206173267,0.057732949062948895,-0.10023616034865424,0.99328727906434733,-5.4196407549881194,-2.288715569521599,-1.5651102496732603,,0.1118385160799523,0.2564417177914111,0,5
0.91005377130173548,-0.31857458774983505,-0.26516478910200492,0.37276299175678823,0.90878580245088891,0.18749964597359145,0.18124537322650935,-0.26947838003022839,0.94579676325321937,21.479456549277778,10.052813984215774,3.3106451512911166,,0.426218171752506,0.6071428571428571,0,4
-0.43350347035293912,0.89907408597299499,0.061159865302192855,-0.90051902670732042,-0.42965707373256046,-0.066785339182140607,-0.033767199025961779,-0.084027298679637652,0.99589115336292844,14.319165307625829,10.745652697044799,1.7758919173658949,,0.2758682643363292,0.4166666666666667,0,1
-0.57918891957158758,-0.76216261187631518,-0.28922024220889209,0.81001432459261313,-0.57799944234026901,-0.098961803788683259,-0.091744151858682954,-0.29159011936657075,0.95213350581077605,14.663523050821633,17.190340383932494,1.7291223350343128,,0.2317933039054301,0.3846153846153846,0,3
-0.014371323063453999,0.99618129132649125,-0.08611794171072075,-0.99892685970879758,-0.010511523479433706,0.04510694876027381,0.044029467697514667,0.086673771610716127,0.99526331354523823,6.8871597182910396,2.1382163752543475,0.44207645034668963,,0.06730942114289229,0.3809523809523809,0,5
0.92176544990713138,-0.29834599460649791,-0.24766534448679353,0.36005860287704311,0.89562709667124552,0.26117026286020018,0.14389669159412388,-0.32991176276467288,0.93298015570416637,-3.4621461181244841,-5.3008711582572383,-1.0184136928203471,,0.07771991507428644,0.4827586206896552,0,5
-0.98087462846158513,0.13953436416938969,-0.13570233769612211,-0.10118634890455125,-0.96113076832400735,-0.25688318157534207,-0.16627172350016292,-0.2382389711964604,0.95686775813982672,-27.05325916889263,-1.3049905195282254,-5.1439710041439799,,0.4019340202765104,0.3055555555555556,0,1
0.60853715603030134,0.78045302430328334,-0.14344199728953497,-0.7752876860720429,0.62328889837147006,0.10217608816125177,0.16914944148772554,0.049030868060206345,0.98437007290025447,10.913803251629652,-7.4855209527788231,1.6000328334580982,0.3008195555354392,0.1454177908301511,0.2857142857142857,1,5
-0.98135116764968877,-0.04348736820747176,-0.18723977824966107,0.058498572991479487,-0.99543560361318018,-0.075404747975347769,-0.18310598764255367,-0.084951797306784163,0.97941584090915834,-6.250817199575442,-2.0959663972307441,-1.7627087946926416,0.3423792839137663,0.2904381828394544,0.6255430060816681,1,5
0.44443270078548014,-0.82033623296017844,-0.35990004079636756,0.89545641102333617,0.4181484017342863,0.15267524384872214,0.025246592437968205,-0.39012866982543692,0.92041416251082586,-10.33806601979671,-16.755031189272572,-1.464297566281727,0.2770623701231832,0.2474747138861621,0.4444444444444444,1,5
0.90916801770269251,0.38723060691311367,-0.15318607200479176,-0.37660532459283796,0.92155429130810662,0.094372229283487041,0.17771309764583679,-0.028109522253385456,0.9836807966427964,6.1711130589897012,25.560826517301457,-0.016201340916300884,0.6132356191692601,0.5136025197412745,0.9431818181818182,1,5
-0.9823057632285388,-0.055941035909704409,-0.17873440639492821,0.059694129087846215,-0.99809347361383272,-0.015685307836209507,-0.17751619216410022,-0.026077163013300753,0.98377232279056104,7.847186425448669,18.933094289730416,0.43233561653250385,0.4865453238683922,0.4389043979537132,0.9016393442622951,1,5
0.61950272385144822,-0.74611204713834045,-0.24399423816080693,0.78393487984368371,0.57187811567704749,0.2416640746452389,-0.040773512297892882,-0.34098714627490834,0.93918330839628361,-16.196255036124068,-28.564889219410844,-1.8985667818747702,,0.3049976951600606,0.3571428571428572,0,2
0.30394221880568867,-0.91437082278343085,-0.26747920679900999,0.95264507153313949,0.29444381915782325,0.075961865718106175,0.0093002855383764529,-0.27790076610565112,0.96056476558678616,2.8200818221564137,12.011485627801298,-0.40238543864849019,,0.07833654481353915,0.24,0,5
-0.5451734631546945,-0.81453577083939743,-0.19828608901026543,0.82730941752204623,-0.56095940932979627,0.029726566631542328,-0.13544379923514585,-0.14783781352359054,0.97969329799754912,-5.7259679375035626,10.407372481522616,-1.9555156349074376,,0.09477083372182722,0.3539823008849557,0,5
-0.044464955391755483,0.99901090497894418,-0.00028191339195952312,-0.99826575419311092,-0.044420888424559588,0.038629893564864244,0.038579162086145688,0.0019991009789915655,0.99925354732820781,1.5630155536394983,-24.715327321297675,1.1157151412353372,,0.4123906689397807,0.4782608695652174,0,1
-0.05126665190785875,-0.94136609277037819,-0.33346905371322044,0.99793030523593151,-0.061266425748671374,0.019532817710278982,-0.038817989307522081,-0.33177749239243887,0.94255867681959526,-21.626223910316394,-1.7409570866976631,-4.3890732893274462,,0.1887759739089555,0.2173913043478261,0,2
-0.76059133535168411,-0.61396879291886797,-0.21105246245824918,0.62884542385315001,-0.77751805460253698,-0.0043712316386716951,-0.1614133002168488,-0.13604409611899754,0.97746496122585924,1.0337014817586443,10.82319831483964,-0.72777721749781898,,0.08630136368115222,0.3466666666666667,0,5
-0.9730557986248457,-0.097792125625855764,-0.20880400601554974,0.1491511837568571,-0.95757325558444406,-0.24659153386387392,-0.17583042156149528,-0.2710906865884305,0.94635802025370974,-3.8776043944133112,3.6259171610959231,-1.5876203748435196,,0.1643264600426336,0.226063829787234,0,5
0.9839485036324549,0.051266544174970452,-0.17093005484059642,-0.041568300097285051,0.99734183065813986,0.059844375228525412,0.17354370811549336,-0.05177851164166742,0.98346406497934546,2.2627949747174623,-4.6990782213820497,-0.12582705658069693,0.1660051962385428,0.1362108295427335,0.6544502617801047,1,5
-0.91904348093875898,0.3669733569651597,-0.14383892178993399,-0.36337945215924777,-0.93021821619135214,-0.051472750210416696,-0.15269071318326552,0.0049624130723304512,0.98826156485218286,-8.7538264922912443,-18.478996194419111,-1.0818590279441307,0.46931546379016,0.3458545628400169,0.6785714285714286,1,5
-0.27844159480559749,0.95919262579302655,0.049191309256782778,-0.96044815076173329,-0.27824016977027072,-0.011034383742606945,0.0031028987227500735,-0.05031813341621387,0.99872842027701692,-17.477624683611182,2.3125802579685368,-3.9724521888305104,,0.4572320861737412,0.3636363636363636,0,3
-0.268455171398991,-0.94269544140648975,-0.19813411039132431,0.95898192271728822,-0.28097544449967399,0.037502953079232758,-0.091024682644824065,-0.17993916844209792,0.97945719804888587,-12.187492780877175,-1.3689221799747748,-2.8419955910113659,0.1992823799235848,0.1774507835640661,0.6153846153846154,1,5
0.90932624817787444,-0.29982514472915717,-0.28849723909058655,0.39179333448687109,0.85043476936269902,0.35108216433004907,0.14008482225569568,-0.43227952258596858,0.89079215136104417,-17.724763410602744,0.26232367006505014,-3.8616213728979116,,0.5059548443643108,0.2753623188405797,0,2
0.27511645543933139,-0.91953538341415475,-0.28065212380433407,0.96121047035982432,0.26903910554700577,0.06076505045758987,0.01963078238748522,-0.28648322522593173,0.95788412349668073,-7.008067978655105,-0.99722012162549867,-1.9703853917265757,0.3917177637850363,0.3475230657521892,0.7472335468841002,1,6
0.94059617924100469,0.30011255567135275,-0.158780608153617,-0.28983132151666191,0.95330275310931956,0.084921528378237382,0.1768520078063254,-0.03385727163549454,0.98365494584852797,7.4365608964009509,12.459829048003286,0.46101229750599293,0.7841910768771159,0.5084893372738435,0.9347826086956522,1,5
-0.97529557382834253,0.14439442217525908,-0.16717892963982792,-0.14855378599075553,-0.98882430825529388,0.012580145915423536,-0.1634940865556252,0.037104423565305848,0.98584630922534222,-3.9313429124624326,14.931549726624013,-1.6791029604132783,,0.08824113328888383,0.4722222222222222,1,3
0.10369344232630817,0.99314417091177842,0.053965968929288476,-0.9930887902443164,0.10038334321499923,0.060809860187801226,0.05497567379851629,-0.059898582528604034,0.99668943763915896,-2.2348350500851342,11.954265706679317,-1.3272925929382622,,0.09634294091237311,0.4375,0,5
0.087253382924577447,-0.94562704535378705,-0.31333103622795572,0.99570362680807212,0.072996458766287034,0.056971963006673614,-0.03100217297979407,-0.31695584566789303,0.94793346663543965,15.755397559730362,-12.048136402306325,2.9659362927157025,,0.4344125235858716,0.1666666666666667,0,1
0.94193678550449,-0.27231057758926153,-0.19647402231967584,0.29946558080149083,0.94592912820340813,0.12465332057978637,0.15190608292196683,-0.17625275529575132,0.9725530876111399,-21.611360341052997,-4.6876042269553562,-4.211811373052039,0.9830059551418528,0.8500504373988799,0.9292452830188679,1,4
-0.22934306820515343,0.97332461842166484,-0.0063987686759025154,-0.97334547565167828,-0.22933412059241631,0.0021085920685924501,0.00058488858340725479,0.0067118035150355868,0.99997730454191858,-15.228753861781714,27.455179837360568,-3.9230574401743192,,0.1570937801524181,0.6,0,2
-0.98028988479119772,0.16891187846087144,-0.10247204053243029,-0.15798052449582378,-0.98164819099313905,-0.10681284098797052,-0.11863345083105631,-0.088518960876847463,0.98898457920697536,-15.213679464093758,23.315000068678543,-3.8391733184984522,,0.2144652649246904,0.375,0,2
-0.72139527665251357,0.68073967306567806,-0.12720987515864068,-0.68438142937391677,-0.72886775094553213,-0.019335479298842669,-0.10588160346140274,0.073111552753550496,0.99168734332066899,15.299193501918984,8.3776641521846535,1.9790335348251904,0.6123018315399733,0.5329813613556691,0.3658536585365854,1,5
-0.97308322623479671,-0.1305714172398374,-0.18989507581941267,0.14819326598701155,-0.9855771730102374,-0.081709191387822122,-0.1764873670736323,-0.10765101504922832,0.97839841998149624,1.4808277190260892,-13.085913710033296,0.33876818651400453,,0.6016908970549216,0.2028985507246377,0,1
0.40496698913102913,-0.8682227458116063,-0.28668973014306648,0.91432011234603705,0.38609185138873736,0.12227761222213657,0.0045243644502838435,-0.31164458273259377,0.95018797307677416,-9.1965793725795422,7.610031135163033,-2.597971494782541,0.5786504108035665,0.6127990582804624,0.5837628865979382,1,5
-0.064426497521894749,0.98541579053586348,-0.15749586083335845,-0.99724935248331914,-0.057780442126098876,0.046423587531690402,0.036646355735069552,0.16005355438193766,0.98642785055017901,-0.77914103795006528,14.093983229646135,-1.0689987889284851,0.3997190097578737,0.3806810738584073,0.9625,1,5
0.017978084675024094,-0.96590058106155241,-0.25828831947336539,0.99809608073314937,0.0020936420463412908,0.061642763469124624,-0.059000017767338979,-0.25890477818676766,0.9640992240093943,22.846656597262506,-14.08204643728258,4.629287273145283,0.3720787190402565,0.3210959744084544,0.2,1,6
0.56428502323813157,-0.80098775072113515,-0.20000258934283588,0.82385561001333285,0.56198240202236949,0.073740854800630418,0.053332414146569668,-0.20638411521206157,0.97701650476818125,-14.53417994445007,10.807699204506187,-3.5929728660075337,,0.08964442821451186,0.2195121951219512,0,5
0.87150540093371276,-0.44975849394758849,-0.19543703145863991,0.4748742162928104,0.87346475726850481,0.10748858781359255,0.12236345387270361,-0.18648489196679857,0.9748079658191523,-5.3421464882785754,-11.421939945816844,-0.92132736022487971,0.2808314883410836,0.1712002610476251,0.62,1,5
0.63417611920866501,0.77059020814011792,-0.063335463557216379,-0.76100854563713749,0.63657067843426196,0.12507503677789766,0.13669909762937876,-0.031120772424757012,0.99012365603039709,-22.818236353547618,-8.4213262327333442,-4.1196538621626946,,0.1184025264449088,0.1428571428571428,0,2
0.30867987655298773,0.94599775233954686,-0.09902013118431377,-0.94723451578930207,0.3151891536795039,0.058331548069679814,0.086391584709620592,0.075789510958473152,0.99337427192374816,-1.9502647494176959,-7.8632972757895221,-0.58828392804892837,,0.100472431232969,0.2527472527472527,0,6
0.98054427246828468,0.076403875914658428,-0.18081863143730753,-0.046473643578973899,0.98531165280794297,0.16432025831702765,0.19071740922668248,-0.15271998751341515,0.96969246425439704,-16.280733142259642,17.92750313837746,-3.9818380197712684,0.6194187726022522,0.5106701649256572,0.2142857142857143,1,5
0.44161329392100757,-0.87429018238208167,-0.20148045965438932,0.89650816018188173,0.43885178029310729,0.060681411164105629,0.03536689637973435,-0.20742659406131214,0.97761106311077939,-16.60236438676143,27.472537755299442,-4.175119365655779,,0.2922447202749334,0.4347826086956522,0,1
0.47713387888605513,0.86876183157728548,-0.13265044897634898,-0.87040481244205314,0.48799628739911655,0.0652310199398453,0.12140314698087867,0.084335659594021201,0.98901404055957665,4.6961852629037208,-9.3452326881566119,0.66031182184781811,,0.09056675628434643,0.2142857142857143,0,5
-0.7238713009212675,0.67169459156391143,-0.15759668577207242,-0.68323370394058869,-0.72964804566509534,0.028380191273668219,-0.095927292790816562,0.12821897332647877,0.98709566374132529,12.269988035707842,-11.573412271334261,2.1989685451889178,0.7263170940246474,0.6769600983274969,0.7155172413793104,1,5
-0.14636023756322558,-0.96100419950253446,-0.23462653174551573,0.9861574007294388,-0.160425535730045,0.041919309062588263,-0.077924719101148732,-0.22524337065543429,0.97118132299215143,-3.5611314088343184,17.052058153115038,-1.6135000720575612,0.5322177900672362,0.4951007984327568,0.42,1,5
0.58394180139961704,-0.71758164129927648,-0.37958999018468359,0.80951980642640109,0.54971237555493968,0.20614069749835409,0.060742535191852055,-0.42765978561466661,0.90189658619294311,-0.12029133781920127,-11.995311721625393,0.007628152070256502,,0.2287090874949462,0.1851851851851852,0,5
-0.64713385959209524,0.76222244016443574,-0.015320557405386553,-0.7584262457655252,-0.64569386754213154,-0.08870771754755051,-0.077507402894496799,-0.045786254796149201,0.99593986834963699,-10.14445105517615,5.9941068291938855,-2.7416007651166332,,0.2972030547814455,0.384,0,5
-0.79951401434223013,-0.56366679140946285,-0.20750202199625506,0.58913364561930481,-0.8032244393909167,-0.088045712924910063,-0.11704225078868083,-0.19264020407824919,0.97426426769281171,-15.814369594313261,1.6142736771811794,-3.6418420627247454,0.4547264732337502,0.5268629606928901,0.273972602739726,1,5
-0.7640139079940198,-0.60109358391221956,-0.23445522338235053,0.62808273893575206,-0.7760492803023783,-0.057092798084548736,-0.14763069275278851,-0.19087697064266998,0.97044894798006121,-19.425888108092487,1.1274049570778601,-4.2494677131607999,,0.6233600539374533,0.9425287356321839,0,3
0.69933108503535391,-0.6644560071920228,-0.26350379126249729,0.70869794165272404,0.69258840761766127,0.13441921414301153,0.093184016872354683,-0.28074812936165261,0.95524720719794076,-20.370150297501702,-0.98343603929990686,-4.2539037975728613,,0.206896579925517,0.3333333333333333,0,2
0.98552781652532373,-0.067481732847099574,-0.1555028571659737,0.095583909437520431,0.97882511005389938,0.18101138136761422,0.13999513959944621,-0.1932553224620856,0.97110954131272287,-14.78766216233903,9.5427947568888634,-3.5654669396916736,0.6267724866443329,0.2929365750801667,0.2127659574468085,1,4
-0.97903654620963187,-0.087437736992263843,-0.18396217909012491,0.09281956284552946,-0.99546496781926663,-0.020833305012678667,-0.18130628764353515,-0.037471856029001133,0.98271251649028124,-10.409342984808506,-5.5150171669100363,-2.2070424568121081,,0.1054972730934404,0.4112903225806452,0,3
0.95586393503730571,-0.22150056325482761,-0.19303273860356057,0.24836095178500606,0.96016342673474442,0.1280743205698851,0.15697444162487809,-0.1703634187224064,0.97279768206846107,-14.769683754160605,5.1645122946821491,-3.530297928859051,0.4750155638795853,0.3941494980141461,0.9155206286836935,1,5
0.82853905473668832,0.54101644459039877,-0.14430606868319865,-0.53314280366339373,0.84101169066736237,0.091967858857109688,0.17111921481228248,0.00073677919977598342,0.98525005530496623,1.4240922870523121,-10.403398157987754,0.17119998889740543,,0.45569413295314,0.3142857142857143,0,2
-0.75827302487447934,0.63713723879102413,-0.13812370793407541,-0.64112091752570732,-0.76719725683303375,-0.019296067445566268,-0.1182623729624232,0.073922310932615684,0.99022699573768391,14.872450114894489,12.265643046489338,1.8762601420197496,,0.1256554471257373,0.2727272727272727,0,4
-0.58304563776335683,0.81040676865031991,0.057433906456620894,-0.80997145418331418,-0.57431424917920681,-0.1187829390017404,-0.063277386903125482,-0.11577569915777326,0.99125776657297404,-0.072116107312485245,4.1690533081081176,-0.90808262330859502,,0.1474510137568683,0.2980769230769231,0,5
0.006280797507551116,-0.95414046708246414,-0.29929336888465441,0.99907917674554136,-0.0067157238317406718,0.04237567281903723,-0.042442315866590502,-0.29928392561090295,0.95321969225085101,17.50216313051201,-1.4206365313668552,2.7400541678921244,0.6862041051050612,0.4534393323580826,0.1875,1,5
0.34101596359574887,0.9319911653528371,-0.12288441836589593,-0.93092858576136028,0.35297987863579899,0.093686570492312091,0.1306907830920653,0.082448001689053974,0.98798899094689574,-8.3242962008741781,-0.63694762580790787,-2.2094766568050175,,0.1177447406394224,0.164,0,4
0.48496014847346108,0.87030011197000345,-0.085973074259318202,-0.86558758536710834,0.4917001251747905,0.094810964352409766,0.12478696426685452,0.02843768640545374,0.99177593817402487,-10.282816138260172,7.8253105095450763,-2.7544858827745209,0.5066702948265873,0.2829192613474167,0.2878338278931751,1,4
-0.81756483584343687,0.5635839098745089,-0.11815631901366334,-0.56344714747811142,-0.82528768659312923,-0.037782884439156811,-0.1188067809137026,0.035684883190571504,0.99227593839647299,4.185426496014653,-7.5362780531343372,0.43161844647450132,0.3480823821483204,0.2048205784957454,0.1978021978021978,1,4
-0.60344971370101774,-0.7603921078821706,-0.24010890301000684,0.78183056895758962,-0.62342060743852368,0.0093652370195836266,-0.15681009048403344,-0.18207303065388653,0.97070078141047023,20.483795807121894,-12.85564609476884,4.0144993152747261,,0.2088190276977066,0.5128205128205128,0,5
0.11157038789669416,-0.92925069524356141,-0.35220050246122586,0.99292757306342216,0.08976810916111172,0.077695052789877372,-0.040581808670441054,-0.35837805731796341,0.93269410035554468,-18.64974915303269,-9.5024262030123321,-3.4125775942591594,,0.3391731274306589,0.2380952380952381,0,3
-0.16063188159239419,0.98020583556714613,-0.115732098124071,-0.98682655612635195,-0.15720604688912634,0.038204802647007971,0.019254784857018675,0.12034441716010906,0.99254545211718292,2.4707272074055733,-6.5011784705804034,0.075061533315769161,,0.07284599266902561,0.2333333333333333,0,5
-0.84491431121626592,0.5138129558776009,-0.14871467000354988,-0.5194084073813976,-0.85452495852865851,-0.0014147767009007315,-0.12780732781598322,0.076048284819027673,0.98887913585666298,-1.3431744848086209,23.999466256420266,-1.3883978982376286,,0.1172304804828333,0.4814814814814815,0,2
-0.80030111718984642,0.57523298347518625,-0.16918964668950198,-0.5889246378103673,-0.8071170962408607,0.041590430818246968,-0.11263166874644957,0.13292481964612915,0.98470559027428706,-0.46478499102510484,2.6308937483105566,-0.91299721331452688,0.2071319685669048,0.1933336903386057,0.8108695652173913,1,5
-0.75594684431456494,-0.60881640479321275,-0.24059707775764405,0.63318007476066618,-0.77331796835246447,-0.032593139604738537,-0.16621480528800103,-0.17697995671228905,0.97007769453028247,-4.8813309912953811,17.952164392938393,-1.8950023716736475,0.3393689641208106,0.1900296510585607,0.1764705882352941,1,5
0.9827707216992958,0.10110166429630407,-0.15472608715779751,-0.076479235999866779,0.98454457282724595,0.15755288184381699,0.16826358795509389,-0.14300502646037486,0.97531375842625379,-5.9038995929201974,19.071816687146462,-2.0568549171330415,,0.1987584154748999,0.24,0,4
-0.35192501126562065,0.93531878290478099,-0.036435707639797948,-0.93587499496263826,-0.35230497611548528,-0.0043815074973301569,-0.016934587369480864,0.032557305628497853,0.99932639392784883,8.3233460624937035,11.130134230653995,0.6281628848332772,0.3441646431164036,0.2525935357195376,0.3636363636363636,1,5
0.7225964169412048,-0.58330439818526536,-0.3709587541512655,0.68482628131970813,0.6771558883714115,0.2692078514043475,0.094166780966290844,-0.44857093296562472,0.88877260053446538,-22.615855376667188,-6.067675358283517,-4.2966106037346323,,0.3696459445735866,0.28,0,1
-0.12432598681376143,0.98074938601127193,0.15057785641088878,-0.99208631475285491,-0.12555006273834277,-0.0013877415096148194,0.017544032685895161,-0.1495587629826883,0.98859717950852177,15.675718870461274,-13.501578642617726,3.1036952529597235,,0.7691156901056033,0.2972972972972973,0,2
0.94018351029685565,-0.24604555314576376,-0.23561950840937856,0.30539271746303204,0.91522183287219294,0.2628769384229202,0.15096441662334428,-0.31910904470299539,0.93561699562498035,-16.904201938159254,-8.1007018625608787,-3.1798337737659397,,0.1156994018177739,0.2222222222222222,0,4
-0.83409225955249122,0.5328197393902655,-0.14280485940859716,-0.53869005820995253,-0.84249895483098081,0.002921009151337999,-0.11875657346175586,0.079363949150694321,0.98974655333313899,8.2782114888994425,-6.7806235711953322,1.06527410492617,,0.07871171318526943,0.2380952380952381,0,4
-0.44901894198093917,-0.86521631848934055,-0.22312039790675803,0.88558950693817517,-0.46413459452155265,0.017615429864561452,-0.11879905278796365,-0.18968342148977052,0.97463171745465793,-3.889759914247767,-14.601973638585399,-0.44316551109234081,0.505442339605609,0.4664116086210672,0.9567901234567902,1,5
-0.95300897041950172,-0.23878374957627566,-0.1864302101008741,0.24555438155934661,-0.96928509842442856,-0.013763853724605401,-0.17741743994593204,-0.058895831012390008,0.98237178964605409,-2.370659611923859,2.4693217581919584,-1.2568076413992508,,0.08312790752512619,0.4519480519480519,0,5
-0.31123930526368787,0.94057019563986177,-0.13585949334871542,-0.95027205040566487,-0.3096230998119846,0.033415060685735451,-0.010636027303014937,0.13950355958473085,0.99016444684021998,-1.1727885716970121,4.9779818670572631,-1.0815111677761255,0.2104050276989132,0.1884991620944696,0.6015473887814313,1,4
0.98306973611808368,-0.025089875282499709,-0.1815059009702748,0.043452907170140463,0.99424591982421029,0.097912694638509254,0.17800488416665916,-0.10414196594658379,0.9785033020596281,9.0967542258115834,-8.4072252033161092,1.3407307975601375,0.2284526547540719,0.2025421886599077,0.6621621621621622,1,5
0.98436885501878468,0.054646734970209873,-0.16742667537193703,-0.02825877390739788,0.98733480284297315,0.15611351252301967,0.1738372772631202,-0.14894200700984281,0.97344587912303682,3.9267838345714909,-3.4014052755157773,0.086505395678525054,,0.1125987013244221,0.3515151515151515,0,5
-0.98220978883055665,0.10327164516545817,-0.15684035842299326,-0.09382357899543399,-0.99336455071755492,-0.066513197203242766,-0.16266857947963043,-0.050614589621270301,0.98538170095022015,2.7049493976478898,-12.583166559504324,0.54768119037199359,,0.6126881175254053,0.2,0,5
-0.070900459120144629,0.99580037131259813,-0.057920163934891036,-0.9968179954897185,-0.068613031187100729,0.040572599364311457,0.036428131497671948,0.060612477634641358,0.99749642545253159,8.7127405066723931,27.651054822585944,0.43266510824146681,0.1889476075795525,0.2199836416809607,0.5185185185185185,1,5
-0.9735067794058011,-0.097507934233155777,-0.20682541723039624,0.10624864304065026,-0.99383873732409767,-0.031556141178281032,-0.20247413736812267,-0.052695037295989074,0.97786883411907988,3.8626121489453293,4.8080745935695894,-0.22123006448744242,0.3781686043354052,0.2331963931542986,0.6078431372549019,1,5
-0.63034679536677363,0.77249405714858865,-0.076914558056018392,-0.7731924231349333,-0.63359900439023031,-0.026940275470743142,-0.06954419010650284,0.042488037208404314,0.99667365386901241,-15.053103807751008,-28.362345393078904,-1.6961827456879672,,0.1890421485965475,0.2,0,2
-0.055014930284981611,-0.93426828366222991,-0.35230119441831409,0.99675721861194233,-0.07213859208406459,0.035652078159822673,-0.05872311802624066,-0.34919736206758639,0.93520735547487854,9.7189891062738418,2.7766615797516718,0.87582500578663702,,0.5894001847289713,0.2533333333333334,0,3
