axis_00,axis_01,axis_02,axis_10,axis_11,axis_12,axis_20,axis_21,axis_22,location_x,location_y,location_z,dbh,dbh_approximation,score,reconstructed,number_clusters
-0.97178656643524286,-0.021682388442051736,-0.2348632438834358,0.022518761032101299,-0.99974603374593085,-0.00087943780928186781,-0.23478452823297655,-0.00614345511331059,0.97202802596514193,-6.7328481798804818,6.1375640103816709,-5.1677611624003692,0.4855685012339656,0.3599828533390082,0.9792828685258964,1,5
-0.94221862992361383,0.25098603443749051,-0.22187848913810967,-0.22857545780431546,-0.96586251484117724,-0.12191334018155572,-0.24490266130529292,-0.064153043123603704,0.96742290315226975,0.48018707735518629,15.256971417979967,-3.4691616326580466,0.1338623830698182,0.2575020632138126,0.4455445544554456,1,4
-0.090864953456115172,0.9899568260382462,-0.10830070550877571,-0.99442800801766984,-0.09603231397865987,-0.043482542955900247,-0.05344620756822388,0.10374621560415871,0.99316676628066292,-10.144563070013483,-5.6811758988450203,-5.5388819225205728,0.3923976411369829,0.5367310437807636,0.4502923976608187,1,3
-0.91941547786498157,0.352128870469118,-0.17515832165344028,-0.31958497141337527,-0.92849963000174285,-0.18908697240512889,-0.22921741886038896,-0.11787152187347467,0.96621202601820877,-12.105310200503871,19.682325770734224,-7.7155692754054845,,0.5135887161208774,0.4137931034482759,0,5
0.016931416705870513,0.99915324049615217,-0.037498388423655722,-0.99877832179879322,0.018642583462722736,0.045763719108293514,0.046424035080112711,0.036677732861705226,0.99824824211165408,-14.00952003839129,24.765204063884017,-8.4334849234825615,,0.352639995984491,0.25,0,5
-0.54920075464125051,0.80756706799102385,-0.21497432822981988,-0.82766812093189779,-0.56118199512576938,0.0063442840196960074,-0.11551628757254412,0.18141168386584747,0.97659909290476798,2.0553500207507378,-4.6472154602446487,-2.1496049644695985,,0.3367924397354279,0.933993399339934,1,4
0.73137895479997872,0.66422627471381956,-0.15455833997391616,-0.65216614738743806,0.74748395083309715,0.12628166711273206,0.19940947990884841,0.0084379634240778507,0.97987992126369106,-6.5754214754921589,11.153876832536216,-5.3746452298530114,,0.1110893278878881,0.3061224489795918,0,4
-0.97387470561360545,0.059473891208926342,-0.21915956294554872,-0.023684735501033428,-0.98643352527412742,-0.16244363182194996,-0.22584749516047598,-0.1530090078385189,0.96207128241623185,2.2652838054866726,-13.316910141994576,-1.7942360811078524,,0.4027893725434497,0.25,0,3
-0.91872561524441343,0.35142950723569122,-0.18011259072550517,-0.32544282961487569,-0.93214303498892026,-0.15873350929752558,-0.22367433591281102,-0.087216189814299586,0.97075389656093547,-14.445973967772872,-7.6809156325220309,-6.6123376699996275,,0.1822015927362816,0.2173913043478261,0,2
0.21627072043089496,0.97141398480962338,-0.09788690208904513,-0.97506317838721757,0.2200136942169546,0.029082168255219931,0.04978728389577123,0.089156292393173714,0.99477252771122748,-14.003714065800262,15.801299081042741,-7.9492183144578945,,0.1432332787555862,0.391304347826087,0,3
0.021323023273918097,-0.93102665782697203,-0.36432772484947734,0.99953867647151717,0.011968969573105703,0.027913760135887783,-0.021627827353337147,-0.36475485765496612,0.93085236794084503,1.1040218883980248,11.03894839101781,-3.1024772908355649,,0.08713996098427985,0.3103448275862069,0,3
0.36530387374974871,-0.87913366488468592,-0.30606711533558867,0.92877946190468852,0.36633139735400549,0.05630291694663149,0.062624204326005503,-0.30483652435212305,0.9503435707434722,15.629598011702381,9.5853939512789186,0.95239149473828244,,0.1570691342485153,0.2,1,5
0.95483421412566816,-0.15903145818065012,-0.25099924072385726,0.22517357375820696,0.93842894117147657,0.26200760304376286,0.19387750054086741,-0.30669221979162897,0.93185374233476614,-15.689672149598819,-14.49847440473502,-6.630881961229008,,0.3346783677583016,0.3695652173913043,0,3
-0.79439115319106746,0.58163000082598082,-0.17506923736320845,-0.57958384313556266,-0.81206919484320694,-0.068016112524290351,-0.18172854621103796,0.047435903342035984,0.98220393532409966,-5.3360902199541922,10.961767045655561,-4.975694584514728,,0.08822063365912933,0.3548387096774194,0,4
0.57485712345779905,0.80555413497091921,-0.14360300568260417,-0.79296716627814945,0.59173818221021401,0.14508272440008987,0.20184737009588596,0.030470630873103279,0.97894288895704684,-7.794122727139837,16.178727610327282,-6.0220604342921824,,0.1493936131029958,0.4117647058823529,0,5
0.96801445796557539,-0.049828825452193533,-0.2458965175102501,0.088060355738478743,0.98520559800447904,0.14702143859944289,0.2349327199792027,-0.16397261300196447,0.95808120703230715,-8.7404489031357517,-0.82700016460230608,-5.39419949019846,,0.1659382751810255,0.5945945945945946,1,2
0.13897406536133408,0.98734670119173007,-0.076372120585672276,-0.98856890780541873,0.14287126012395482,0.04815929350597966,0.058461300681266926,0.068806211030705972,0.99591564986511427,-10.138215553449148,15.495905770098771,-6.7678811151369311,,0.1292138591132729,0.24,0,1
-0.76362971522570111,-0.59419305565489,-0.25259507246939855,0.61445839429922522,-0.78894737571467,-0.0017088089871779705,-0.19826885710956693,-0.15651405995769677,0.96757057072651109,11.255873097035964,12.825738717860215,-0.38026809102649739,0.2569179425818184,0.2599631550700489,0.7758620689655172,1,5
-0.55141166638577432,-0.78571995047400545,-0.28033789183909635,0.82046713867348187,-0.57157097973218529,-0.011844386220423126,-0.15092663294002187,-0.23653916072209971,0.9598283059559517,16.912642476765928,-9.3003563922893733,2.0403222743282998,,0.1625893193989792,0.25,1,5
-0.63948794056224612,0.74583613237233404,-0.18650371986460704,-0.75622272500950594,-0.65393844259564404,-0.022174387810743226,-0.13850041174904432,0.12685809766610182,0.98220398034312806,-10.366688476548882,-3.5780831970994251,-5.7192870824092061,,0.2023364845721558,0.6703296703296703,1,2
-0.10642947029601758,-0.95057193081919322,-0.29169465574668951,0.99284221531665806,-0.11758504133371023,0.020930684166064788,-0.054195049013899793,-0.28737912657884579,0.95628245527624334,-24.273227907463674,6.597978982070086,-10.418407730756384,0.1958834583446832,0.1550006524393497,0.5230769230769231,1,5
-0.68509183821642539,0.71419487345717458,-0.14343938070394202,-0.71198731254740788,-0.69812725813189014,-0.075447983569939869,-0.15402350463731151,0.050438221427211334,0.98677897517047908,-1.2868198978479448,2.1990441168676909,-3.3573597372003698,,0.4283996724118475,0.1727941176470588,0,3
-0.95238657498637558,-0.12779303041057763,-0.27681898989087023,0.18161972610047683,-0.96704718089810748,-0.17842092088152123,-0.24489607362493235,-0.22020147886765773,0.9442124876464979,-6.2209283472163284,-6.6282748155380737,-4.3503014285185273,,0.1732333606995786,0.2906976744186047,0,5
-0.20647583177687415,0.95972452206740411,-0.19051659411857333,-0.97806947749946105,-0.20788680631854106,0.012773916494530519,-0.027346445399353717,0.18897597069778632,0.9816008630919445,-3.365451327441908,15.298056732363687,-4.6901361096252927,,0.122461957489683,0.25,1,5
-0.89522707070374752,-0.31385781232506438,-0.31632541080620047,0.38230913330292493,-0.90565629492448274,-0.18337503117061515,-0.22892841342295872,-0.2850963856420885,0.93075874018000193,12.930045030042619,9.5518651348043591,0.19322920623654874,,0.2273602782496396,0.2222222222222222,0,1
-0.93202845810276813,0.29270716668021479,-0.213647999898469,-0.29394739755807009,-0.9554492459428221,-0.026677066857682459,-0.21193838905543533,0.037937488073571578,0.97654639738378723,5.3002622239954489,-12.806709836062891,-0.97427734964624391,,0.1485803802869887,0.35,1,5
-0.75994861379679357,0.61673550038870206,-0.20522043501714976,-0.62427503878791268,-0.78047456712511276,-0.033765752134622483,-0.18099386822398469,0.10245375850189101,0.97813314381742233,-11.81076818471143,-5.8531575661147555,-6.0102498906456372,,0.1326666362634703,0.55,0,2
-0.82637832798005173,-0.43699142356278659,-0.35515821091094413,0.51855482056077107,-0.8364383597550149,-0.17740284215177096,-0.21954443085188918,-0.33077086640589881,0.91781854242492344,-9.2405153258105983,34.312032772949642,-7.5231238822813573,,0.3308963726550785,0.4090909090909091,0,4
-0.95931623789933773,-0.1531764857648224,-0.23716939075564042,0.16783631657316161,-0.98488609686176987,-0.042782555411560792,-0.22703155406642472,-0.08084763705346594,0.97052580235718466,-2.4759613424731404,17.098767964050094,-4.4280166524814355,0.09974992602663149,0.1360766730364268,0.3571428571428572,1,5
0.50424882952648953,0.8404346248405995,-0.19850128284272342,-0.85155479509111243,0.52211780101531491,0.04740709672893114,0.143483618850723,0.14512974619964561,0.97895342478052971,-1.9160844091513876,12.314196903945344,-4.0283372990167523,,0.09485410949479811,0.358974358974359,0,3
0.43109757978800706,0.87930300660966743,-0.20243788990236272,-0.89265110272674497,0.44834456307302678,0.046488294909385719,0.13163922478368015,0.16066541423111222,0.97819105453295585,2.9132391860714537,-14.741062015305058,-1.5598031794008911,,0.1139094015572268,0.2631578947368421,1,3
-0.97476883735830799,-0.020579465816969043,-0.22226605521721177,0.036933267711199556,-0.99688593098582778,-0.069673340229191139,-0.2201400632581568,-0.076124412570528044,0.97249340684628149,-1.1447931691429223,-16.970358642853871,-2.5180083941292311,,0.1144836746500324,0.3666666666666666,0,2
-0.73771200097203149,0.64995502255711191,-0.18259099724418415,-0.64726319495371865,-0.7578013475758193,-0.08238612790134503,-0.19191498138536728,0.057407196979617221,0.97973111293599202,-19.795453914567261,20.775432187712919,-10.036518464329301,0.4585743287878929,0.5031590704312763,0.8103448275862069,1,5
0.064432357775415339,0.99698294086430472,0.043283794855150312,-0.9973025251263925,0.062803603821847395,0.037991850751299516,0.035158848786919356,-0.045614942426252192,0.99834018870294317,-11.302993388732849,7.4603870760282982,-6.5925044815139184,,0.2066189638054088,0.125,0,4
-0.83330968732119082,0.50702449652924864,-0.22027511193033472,-0.51979467681125924,-0.85429122301805116,1.5264387778172537e-05,-0.1881713553528756,0.11451055057759879,0.9754377862432223,-7.9432550500178554,13.121129952735282,-5.9010265549063607,0.1624980395542772,0.09842605912162201,0.2142857142857143,1,5
0.84470242950418761,-0.46278414828311887,-0.26890265466817309,0.49852414755407309,0.86312381319426257,0.08056647815611577,0.19481139570160502,-0.20210916652854535,0.95979185499249231,-15.673055886617592,17.924761561433243,-8.5830099481243778,,0.09398265197681328,0.4666666666666667,0,1
-0.41880284637481724,-0.83951055753036485,-0.34615921143804085,0.8993703739348371,-0.43612918925586175,-0.030401657312310967,-0.12544762395781589,-0.32405764004892684,0.93768306989582473,-6.1502831351154494,-14.886831100326578,-3.9715216834752121,,0.09732421581465961,0.6,0,5
0.7381583129234115,-0.58963101483817992,-0.32780721682562425,0.65435246690822912,0.74399898147894494,0.13523448010551251,0.16414979169398494,-0.31432591668392762,0.93501554211019999,-5.8994594001116125,6.5723506366649929,-4.9070494302700078,,0.08606020521631812,0.2100840336134454,0,5
-0.57564085591062697,-0.76587113046699795,-0.28649435687929947,0.80510351241385925,-0.59211292209687771,-0.034793990641542066,-0.14298929786997169,-0.25068645556371733,0.95744992646694238,-1.0893130820229968,-18.976509179518175,-2.4378253200269908,,0.1641399876045134,0.4193548387096774,0,2
0.47744639571030489,-0.8181642974036335,-0.32039369793623634,0.87333078769567229,0.48197973602876693,0.070631928477816464,0.096634747819271297,-0.31353264026518429,0.94464755808833145,-26.227973120837923,10.859097468722538,-11.32825226296182,0.4167944546339833,0.2663780507997626,0.5555555555555556,1,3
0.49966520802208347,-0.80374191359704217,-0.32300714577175133,0.85785256343451688,0.51084921292493524,0.055875406600783509,0.12009853996230241,-0.3050115046704624,0.94474563916304199,-21.241948201532807,6.8365843138764006,-9.5674506174136553,0.6057284651322568,0.3656141732540497,0.8125,1,5
-0.012999685934710258,-0.9575884255533027,-0.28784616622763137,0.99950170471881772,-0.020725168949689416,0.023807764199602458,-0.028763699862429628,-0.28739324038389125,0.957380684446825,-12.091410055765909,5.9162394352290191,-6.7220382128234153,0.3821374346664655,0.1762569352515144,0.4893617021276596,1,8
0.31663004697270147,-0.86091558166186455,-0.39820820509612698,0.94471719930644782,0.3239134019362806,0.050887340082260445,0.085175270405482284,-0.39230660113982252,0.91588247281705004,-4.2143248978931602,7.4991219343081239,-4.4670707206634823,,0.3889996588124395,0.5901639344262295,0,5
0.17964669841239056,-0.91317995451005884,-0.36582705535612703,0.98373073921552789,0.1671206424573291,0.065913000137458516,0.00094682205224295882,-0.37171637244767253,0.92834586334099922,-2.045087524406489,13.400915937116707,-4.1363319098168647,,0.08053512181720977,0.28,0,4
0.69508110550001656,-0.65875546986598799,-0.28792965755287658,0.70244138143020629,0.70757860385165028,0.076867581110460881,0.15309592558686455,-0.25568290966154011,0.95456162047073245,-13.856295158251116,-21.913726597366544,-5.7967330119464773,,0.1460670399081735,0.3125,0,1
-0.27431191854044185,0.9527676281529579,-0.13033348798542835,-0.95955202233629477,-0.28011858743816404,-0.028169014927285099,-0.063347358090041841,0.11733466544646304,0.99106997154972776,-7.5832918225683033,-12.113323423367095,-4.5058930963346286,,0.1420223087328953,0.2692307692307692,0,2
-0.61614460310267838,0.77662002106737327,-0.13125231786431826,-0.77785443550334865,-0.62616396934702379,-0.05348981827737604,-0.12372673613738448,0.069137734768307091,0.98990487845848008,-16.722948108617235,21.329551049339162,-9.1280573543625501,,0.3049168488639757,0.2941176470588235,0,2
-0.32823185927938509,-0.85172032315258661,-0.4084560413102658,0.93796600470625846,-0.34502827669817476,-0.034282098740720454,-0.11173012382244406,-0.3943703581755903,0.91213398139915836,-14.68211599789973,6.1943466393872413,-7.5519830194360216,0.8194815711868029,0.4228856978911019,0.75,1,5
-0.17674743939033072,-0.89791034538931913,-0.40313441221482971,0.98193487714941419,-0.18897530356663031,-0.0096037325798682214,-0.067559157088636357,-0.39754917467495121,0.915090385704461,-3.3354555363344685,29.755132876709578,-5.5083253816927167,,0.1727140959022981,0.4,0,1
-0.83749691563272011,-0.38182276856217856,-0.39090956718043285,0.45431433536198251,-0.88404347181733867,-0.10984363714729388,-0.30364024929228384,-0.26958952751295684,0.91385123825766112,-2.7347352974963908,-2.8618788647725633,-3.5796589967303833,0.7663750006575641,0.5665777948547801,0.2017804154302671,1,2
0.60792150125145683,0.79193795246644305,-0.057146546347373962,-0.77198906140541379,0.60636635952662366,0.1906639113854989,0.18564573086005196,-0.071792182566677104,0.97999058420770058,-6.4751951684271942,0.31728088220156847,-4.747099501224918,,0.2682817535488766,0.2586206896551724,0,2
0.72454999261831843,-0.60453843645480332,-0.33099937620119124,0.6685303825904314,0.73323925011330637,0.12420680193438965,0.16761394855526618,-0.31127717703368329,0.93542080547080797,-13.774591867284242,20.878810612305834,-8.2845706041419653,0.3455442391032015,0.22714149094331,0.5909090909090909,1,5
0.30532709931743096,0.95183526863656542,0.028017562384333904,-0.94724101138596895,0.30057720029044172,0.11130055262237129,0.097518350944267099,-0.060522459014121788,0.99339176722177147,-21.16743374085917,10.221609081965164,-9.64817186877975,,0.2176037256158582,0.1935483870967742,0,3
0.52865302757259502,-0.797541237480211,-0.29060961951879982,0.84040549272009257,0.53990891107056227,0.047084769857113337,0.11935067760271253,-0.26912142661841754,0.9556825171000255,-5.2102719789194056,9.4096796466187413,-4.8680880454807935,,0.07044787986057482,0.2954545454545455,0,4
-0.46170328398869992,0.88456069282861993,-0.06620013788960559,-0.88461185637139017,-0.46467020616045174,-0.039286932610820183,-0.065512908050351745,0.040422521066307476,0.99703263671227504,-13.20342145150107,13.577581219223843,-7.4734297109025034,,0.207187069063445,0.4,0,5
-0.35789500532281793,0.91089604076398711,-0.20537664931893396,-0.93163175119967567,-0.36318231477397694,0.012684099969675443,-0.063035270457141815,0.19587498348668231,0.97860081009699074,-5.4343618517465071,-3.3413460700075306,-4.2797467571948298,,0.07320952884922867,0.3128834355828221,0,5
0.9040670239237123,-0.33695800225713929,-0.26291086126023627,0.37131371578127015,0.92386148634265708,0.092768952378703654,0.21163397819449437,-0.18149175950332755,0.96034983235587568,-3.8072393824499504,5.1008353166547185,-4.2808426428679578,,0.06915045594337452,0.2611940298507462,0,5
-0.21812266360871271,-0.86680600856324408,-0.44840812563879628,0.97284091086457414,-0.22960133902640528,-0.029390258002747513,-0.07747945384698264,-0.4426404507452294,0.89334560255011874,-1.4559271252781507,-14.612404341066478,-2.7520439018201315,,0.2281496561377127,0.35,0,1
0.20866815352372986,0.97070007123856716,-0.11915944529259299,-0.97489690898947223,0.2161364268006038,0.053488894666469423,0.077676370588297128,0.10500674600857143,0.99143328809603815,-10.498682370254183,17.356764118046659,-7.0410052499079923,,0.08565584115287843,0.2222222222222222,0,3
-0.92156326651612386,-0.27653966381872436,-0.27248295385795945,0.31797991420113519,-0.94033057445298096,-0.12110815378646399,-0.22273284439608487,-0.19825293209421674,0.95450817437216129,-0.53337480747415045,-13.344474806441589,-2.5966699668372697,,0.444041557689124,0.3423423423423423,0,5
0.88409963802070035,0.41127051529385394,-0.22186571006263123,-0.40032127241954668,0.91149768195322911,0.094418507943552096,0.24106162884221682,0.0053421946631897095,0.97049510666263517,3.0843532396161413,-5.9982062474360243,-1.8446312031790695,,0.1587084992093144,0.2947368421052631,0,4
0.4775456365200153,0.87238753759240062,-0.10435587810066756,-0.86758069892528722,0.48697261800535513,0.10080377059079126,0.13875840836865938,0.042398744869142191,0.98941823843131083,-7.0054760233504654,-3.5430467800235639,-4.7782023885589746,,0.1016278430469163,0.2391304347826087,1,5
0.17345430739366446,0.98129708664904147,0.083484315776599302,-0.98257605220637678,0.16668539293192966,0.082220930508348833,0.066767543590540351,-0.096291263971509708,0.99311131682488329,-14.151729355569834,2.0392485013837871,-7.0605451359638352,,0.5370829212587638,0.3670886075949367,0,1
0.8105163118655454,-0.5214315722207149,-0.26678160298511555,0.55459008670980914,0.8297197180144783,0.063206212204035245,0.18839624179659425,-0.19918409833470271,0.96168214657833362,-12.128731650155512,4.2791747898641548,-6.6775593956151926,0.3829957916884464,0.3355351330131178,0.9113247863247863,1,5
-0.75142968618438555,-0.60733866412619641,-0.25786270334858707,0.62892550342684361,-0.77746394818361619,-0.0015875811893612754,-0.19951475599595475,-0.16336938615343113,0.96618026568944371,-14.352655508126963,14.593807886930987,-7.9447893678385801,,0.08177439018120589,0.3478260869565217,0,2
0.92314788844435136,-0.28895206261092743,-0.25358367765616707,0.31628775554485339,0.9457956461703626,0.073706521947425954,0.21854068672248503,-0.14824743234902213,0.96450125300529688,-16.328710191113203,19.47271710791853,-8.9287195184080446,,0.07707200630183311,0.2142857142857143,0,1
-0.95153435972232603,-0.13188956181610237,-0.27782639498755307,0.19464953577240493,-0.95768207509632497,-0.21202971787649094,-0.2381048518854888,-0.25583234065136035,0.93693964212506042,-8.7917025790894758,-13.389672183133307,-4.7582300349010991,,0.6652116815584284,0.2830188679245283,0,1
-0.95091853222301703,0.22215066315222207,-0.2154136205903697,-0.2180411982565508,-0.97499320782844812,-0.0429683668672746,-0.21957226814347774,0.0061096276008573121,0.97557710690283672,-8.4060139766377109,14.166874594855951,-6.131994797345504,0.2002750294418576,0.1570864042683203,0.3166666666666667,1,5
0.39616133730926351,0.89933219249560048,-0.1850886338011932,-0.90964563780911334,0.41184377266932087,0.054125045296536896,0.12490399687835202,0.14692281801870324,0.98123018558809938,4.731143908825362,8.0890462161108871,-2.0224618744677572,,0.07445184163306749,0.2571428571428571,0,5
0.30481702488722862,-0.87169967294553641,-0.38370074475500299,0.9511825796665242,0.29908041002283148,0.076174854640568196,0.048355780190534943,-0.3881888567787854,0.92031034439201276,-22.800398501409532,2.7731232777993391,-9.6898055369447587,,0.4100466410476749,0.660377358490566,0,2
-0.82549949839217318,0.51451645863193929,-0.23199868954612213,-0.53171612075377361,-0.846807861027561,0.013943221739797064,-0.1892842969842686,0.13486756577759634,0.97261615996054529,-12.489141836646152,-2.9025720859903354,-6.412737087127649,,0.06820565229262643,0.3846153846153846,0,1
0.96811982000608388,-0.075647467032091797,-0.23879169760068145,0.11915113269617124,0.97762366209856422,0.17336373000778105,0.22033388683678712,-0.19628916433827923,0.95547032516702102,-12.860224806690931,12.512346767987623,-7.4127598659795444,0.3466087723210992,0.2309350971238625,0.2698412698412698,1,5
0.43333955791596801,-0.79592353286923212,-0.42275590755204534,0.89815517435508097,0.42011914073470502,0.12968111029570453,0.07439160116832394,-0.43589636086264028,0.89691708215549104,-1.283099777335291,16.036167870584606,-4.0107749402733139,,0.1169453551839205,0.32,0,5
-0.79829732652907481,-0.49526983624206905,-0.3426793950112646,0.56459226458545109,-0.8134898771610628,-0.13953420557967694,-0.20965913580572704,-0.30486391892979653,0.92903231252091723,-2.6002608742432343,7.7835235306701387,-4.0217797567969962,,0.08367331000866382,0.4492753623188406,0,5
0.18093903717266396,-0.93012896192483163,-0.31956404524862492,0.98340328151098555,0.17552608548149803,0.045919268602273973,0.013380984285742832,-0.32256891899899109,0.94645139429099479,-9.4074173295453161,19.269886082882916,-6.8224844620603307,0.2132926613543295,0.2045596245852244,0.2222222222222222,1,4
0.48393480810758865,-0.78991213659105541,-0.37662437250930125,0.87096201603715095,0.47657995863939029,0.11956884896902793,0.085042742914211045,-0.38588905075089985,0.9186170978096353,-0.45241350353740895,26.588264715752338,-4.5695002859741347,,0.2341454642619716,0.4827586206896552,0,5
0.85410589935248271,0.48184638632359333,-0.19577326854854324,-0.47067227820868224,0.8762467384576097,0.10324369166321443,0.22129328778147409,0.003964004199622821,0.97519924500256372,3.8258466843351546,-3.1768417647159266,-1.7526344044756943,0.2406854162119233,0.09165437316871534,0.4685314685314685,1,5
0.82703010364405105,-0.46606062681701765,-0.31433851147678143,0.52783616054616733,0.83618086194320906,0.14896494131100876,0.19341715354743141,-0.28911772386147527,0.93755039675889928,-14.847106663423263,8.9851632995269135,-7.7249710761408963,,0.2339391078378431,0.4482758620689655,0,5
0.9355598733001862,-0.22165595013701822,-0.27494792823259334,0.27416547193148144,0.94657463011580267,0.16979329675143029,0.22262303894953836,-0.23423302369646115,0.94634764919604775,-14.976373745047685,11.290749929144763,-7.9383236871985723,,0.1584928870230505,0.2307692307692308,0,1
-0.96515691600267306,-0.024241977688311607,-0.26054645269120097,0.041636345934027527,-0.99724136883416148,-0.061449711008512778,-0.25833803860343679,-0.07015681580236631,0.96350375142341926,-17.725527532243824,10.250668174534585,-8.6489124386222151,0.4235661201733693,0.3816931522746292,0.8470588235294118,1,6
0.97112005675029955,0.024160574356612487,-0.23736491321181796,-0.0073374242655496269,0.99741331920159515,0.07150407599853785,0.23847850549356134,-0.067697395267587335,0.96878535553111156,-11.798367510420729,8.2738394377469202,-6.7606913465050651,,0.06853155681675809,0.2391304347826087,0,5
0.82985087965333826,-0.48404297368187599,-0.2775786684307508,0.52410397764847172,0.84687744270453902,0.090075621847820739,0.19147464101450193,-0.22022941826065806,0.9564708386463967,-18.004429124849896,13.617262080176033,-8.9874563807604524,,0.110715666432305,0.2857142857142857,0,4
-0.96675688300533269,0.14900104146755108,-0.20779754282329727,-0.13041636265938289,-0.98635117016729312,-0.10051338945786904,-0.21993794923230334,-0.070071811388018684,0.97299395668025213,1.1884208820477051,6.8349482652955142,-2.9132840665705411,,0.2445558697049563,0.3994334277620397,1,5
0.78938203622669301,-0.4699944095150646,-0.3949446238489463,0.58800649069298128,0.76372588313462952,0.2664040959391491,0.17642099587499552,-0.44252460999905513,0.87923125613211628,8.5646949932736813,12.939073094757964,-1.1006444563384481,,0.4047286041615649,0.4285714285714285,0,3
0.95412057903044711,-0.22236226486918981,-0.20052167920913,0.26640964686647794,0.93612982283491675,0.22953617330509407,0.13667414066707526,-0.27242609632946685,0.95242018107115178,17.313087198854372,-8.1247979326944133,2.0905618243198725,,0.6343190328049501,0.2857142857142857,0,2
-0.56995082950861253,-0.72230967882716057,-0.39169475336676274,0.80470569205095099,-0.58706564605955425,-0.088332759480718628,-0.16614692631296157,-0.36554432711954776,0.91584526192336269,-9.5174166664298809,-10.805340228151161,-5.1097878885018515,,0.4588038407039846,0.7075471698113207,1,5
-0.36159564042777159,0.9053556613221464,-0.22266503842222179,-0.93006362147100985,-0.36693717577573293,0.018405679828782877,-0.065040393909173669,0.21374806559515036,0.97472124815994032,0.68596689857060655,2.2657298368831911,-2.8699263824962147,,0.09164489604292687,0.5677655677655677,0,5
-0.61073839062986002,-0.72252640111230848,-0.32396638391435861,0.76901424115277872,-0.63873474987624068,-0.025199527867676638,-0.18872126301788616,-0.26452508197944719,0.945732925243011,-18.110735704861785,7.9248688906425508,-8.664808620826026,,0.1487484762051131,0.1842105263157895,0,4
-0.54515753878834583,0.83479474111192931,-0.076948022158465232,-0.8303422018141241,-0.55032480651736193,-0.087603853899815107,-0.11547764194295453,0.016135288763904979,0.99317902045290918,-24.590743688597072,9.2076409694821848,-10.789106501164115,,0.3225713201596505,0.2777777777777778,0,2
0.33116763373674163,-0.82356700562199614,-0.4605055760965624,0.94178981977879517,0.31848458312428135,0.10770100126358047,0.057964935316382867,-0.4693665492586494,0.88109880757540249,0.82303028687882962,8.5790945308560946,-3.1286466796762173,,0.5497964127342123,0.2573529411764706,0,1
-0.46724974768650523,0.87877900035047096,-0.097083169653265022,-0.87725691769337766,-0.47447699521920322,-0.072745318522026745,-0.10999078891440059,0.05117665044513503,0.99261421348034551,3.2601653613589532,-12.099043584517817,-1.5362707676034746,,0.1037488868820246,0.375,0,5
-0.8595468196108158,0.46172605568678782,-0.21906235276024125,-0.4695333992330244,-0.8827266357794562,-0.01822288369505333,-0.20178615388973636,0.087193669411279123,0.97554067681106138,-17.173580822188846,13.791918251585392,-8.7195344781215685,0.1437716457883539,0.1369790891297014,0.6666666666666666,1,5
-0.16934801380366776,-0.92181727172529093,-0.34867487401545399,0.98322594546033337,-0.18233591745128419,0.0045114721356722303,-0.067734705981388796,-0.34206217381660092,0.93723288399920968,-1.4441102068331826,21.422366610975374,-4.4149768663891198,,0.1233278263198453,0.25,0,4
0.5569464353402348,-0.78982053714450606,-0.2568933383071047,0.82236989991737897,0.5677196789144443,0.03744481116469249,0.11626872267159717,-0.23211610301321881,0.96571408752812116,-19.238539150365654,11.281863813860731,-9.2140455665670533,,0.1143635506571592,0.4444444444444444,0,1
0.93559870998678751,-0.24817105265101772,-0.25112981204378182,0.27368553107556287,0.95913585473317531,0.071795837241085333,0.22304995841951306,-0.13590268868328953,0.96528709473280905,-8.8046527521789759,8.9227458331791798,-5.8933400107998617,,0.07035408007342814,0.3176470588235294,0,5
0.59098978520650713,-0.76120729980939561,-0.26701033781195715,0.79690663497029146,0.60228606761978087,0.046811407706105271,0.12518342111435185,-0.24044737359345295,0.9625560615414136,-9.8577295632869593,12.062632043584397,-6.4093121842599876,,0.1180283201511627,0.5529411764705883,1,5
0.89297890508354749,-0.29413244539253464,-0.34069748992793625,0.39857256840272959,0.86841603942322787,0.29494658870603357,0.20911380344836167,-0.39917375544978201,0.89271032825182328,0.74486187183263675,7.7007437035121304,-3.1162178269482781,,0.2787517746618308,0.1044776119402985,0,1
-0.17761196328218756,0.97897489258600778,-0.1003102695902155,-0.9840039571804966,-0.17809799864701256,0.0041611454014890709,-0.013791401385302122,0.099444771426875425,0.99494750348130767,5.4295307563067379,9.5503192918812001,-1.8305328434323729,,0.07219850728368418,0.2413793103448276,0,5
0.31422267950274502,0.93834807015912713,-0.14410762268096175,-0.94331058146738644,0.32569983292307703,0.06391217196702513,0.10690769185506728,0.11585559141674179,0.98749593789529122,-4.2322749380922495,14.002854603892002,-4.8163152945690673,,0.09548078637373698,0.1666666666666667,0,5
-0.9620772463437659,0.1561501017835317,-0.22366161445493848,-0.15404804586578807,-0.98769635057969929,-0.026928026598237512,-0.22511457445605096,0.0085477929628665593,0.97429480323100115,6.5683501628727905,19.510858474885463,-1.9884567325958666,0.1771949713863595,0.1178805430080254,0.3333333333333333,1,5
0.71424251643643955,-0.61453112741813731,-0.33497629938360662,0.68176051856506581,0.7191260664301008,0.13438860035978825,0.15830421043179865,-0.32435966767612051,0.93259347142503746,18.508276622471872,1.1496610094441326,2.0891728176197915,,0.6195362719548139,0.40625,0,1
-0.8296036851587969,-0.47521252692954163,-0.29313952278767091,0.51483509966503072,-0.85424444751790518,-0.072188946783610333,-0.21610771787199459,-0.21080673170956557,0.95334043035113647,-2.0243130939501177,9.6124119400020387,-3.9536696680239056,,0.1621225305109173,0.2272727272727273,0,1
0.68498988353105683,-0.60218714622138969,-0.41007255502635914,0.71395407841183356,0.66694730116353562,0.21319209973585768,0.14511524171918383,-0.4388074046736371,0.8867861231573082,9.6066917437020507,2.462719778859416,-0.29775090533935067,0.8037080795931443,0.5160022068629806,0.5038167938931297,1,5
-0.17456231245332351,0.96461189296566952,-0.1976155232266352,-0.98446052681743201,-0.17487492963820406,0.016007189708947954,-0.019117275153465819,0.19733893415446863,0.98014890443110037,-19.939116514367406,6.1243343546554607,-9.0584477653597979,0.1281322301245934,0.1392914885255471,0.4366197183098591,1,5
0.97484123375303144,0.076024660773192587,-0.2095347702153221,-0.044149573111121658,0.98726965222049934,0.15280526495680574,0.21848428815128224,-0.13971000235750805,0.96578762213661273,7.3246464021558628,-9.1952488514121828,-0.55237642517198626,,0.1421175862373518,0.1379310344827586,0,6
0.41540482213230867,0.90885028035412396,0.037815362611696761,-0.90113408596240963,0.4054954604325261,0.15339749243486606,0.12408139613139475,-0.097798770282876299,0.98744073628002615,-7.6360779600160775,-4.5872161366875357,-4.836665807311455,,0.453250165963921,0.152073732718894,0,1
-0.73058109550350991,-0.630214946541923,-0.26283147461453621,0.6548564056932179,-0.75570834978625301,-0.0082448763421192599,-0.19342789564964527,-0.17814042555943999,0.96480652877457829,3.3072522345029598,15.089485730901828,-2.6372965366858896,0.1338828234197591,0.1008640054972592,0.4324324324324325,1,5
0.13092790331972817,0.97538119822941771,-0.17745253526744573,-0.98980915918455348,0.13871800441360185,0.032173648314639494,0.05599743321497936,0.1714317164122558,0.9836033011744526,-7.094909944485349,14.414410332428895,-5.6887895678296507,,0.07832873724164005,0.4565217391304348,0,5
-0.92634231716545434,-0.22827915690009407,-0.29963066924719051,0.27377041044531325,-0.95436886691279454,-0.11928884370381701,-0.25872702563346905,-0.19253231519038885,0.94656834608721607,-32.05979143153273,15.680752385186631,-13.295497003484236,,0.2974585958066187,0.4827586206896552,0,2
0.94030762198535434,0.26177741747767697,-0.21747220451121213,-0.24464037587978307,0.96414937669877288,0.10279623485695639,0.23658542331607596,-0.043457601292364673,0.97063833345086259,-38.316691100925908,5.2908854149250688,-14.296450851501739,,0.0998969201592072,0.2857142857142857,0,1
-0.75575018861960208,-0.59622650103422015,-0.27084241149776866,0.6284490748115551,-0.7766050903125411,-0.044003341567996998,-0.18410163706479055,-0.20346619661540977,0.96161743643973285,-18.697285420382688,14.823065942063888,-9.248354960149566,0.2486364348307434,0.1742879895025658,0.4666666666666667,1,5
0.92005006338794171,0.31685849988815412,-0.23045297114264568,-0.31028413803612981,0.94840322045573533,0.065231013424337819,0.23923134105509747,0.011490103472939215,0.97089460961484453,-12.360418111542995,14.191188096294878,-7.3281242222466574,0.2497036538066285,0.2578503140587097,0.8641975308641975,1,5
0.74254371397132002,0.63973182110414095,-0.19842386426147887,-0.63920437016910459,0.76532842375231258,0.0754332615861113,0.20011648107638849,0.070820906966657299,0.97720918596686546,2.9133836610327268,10.454784898337243,-2.5693180402835143,,0.07502587128104071,0.3333333333333333,0,5
-0.30245463258375377,-0.89240641590505498,-0.33486114149020135,0.94832654864907207,-0.31708707060291508,-0.011512896412337251,-0.095905955789856195,-0.32103983944045944,0.94219714982379266,-11.325279218600048,-15.774076979542533,-5.3544363166379796,,0.1436053472913194,0.4230769230769231,0,3
-0.10575461232082493,-0.95664636676985326,-0.27137371081022366,0.99329019927530138,-0.11447236517592746,0.01645167574021417,-0.046803226347166084,-0.26781300669883074,0.96233344088544914,10.574450354866784,19.221470942097611,-0.80149226688693809,0.4543896635773716,0.6728857264763489,0.9230769230769231,1,5
-0.92928975395099545,-0.26915102077955039,-0.25293928365325979,0.28193983085580787,-0.95931424866370141,-0.015036757888466458,-0.23860110012046604,-0.08528716388838295,0.96736529537562987,14.01422770366924,-1.2698483238028515,0.95653419601700485,,0.07496490706368314,0.3548387096774194,0,4
0.96929941192296498,-0.044410812533428282,-0.24183947108756942,0.095430687853430535,0.974402149846335,0.20355204295379126,0.226608988925011,-0.22038178260682451,0.94872558521072026,18.429286729608375,0.069934147787942783,2.0784905496056401,,0.4719197363246774,0.4358974358974359,1,3
-0.512830407636652,0.85417817829145826,-0.085933769461775125,-0.85321853000982129,-0.51819730239822792,-0.059073647551823046,-0.09499006817085108,0.04302552170379343,0.9945479834734029,-3.4745320982773915,12.872161366291047,-4.5039243435416543,,0.26348195413168,0.391304347826087,0,7
-0.114506315291117,-0.9201926121534113,-0.37434457428515333,0.99314893993550357,-0.1148792678198179,-0.021399460978434814,-0.023312804709778898,-0.37423029054776408,0.92704271895803148,1.262741664489579,19.716965148489557,-3.5064698889628425,,0.3295246978459449,0.1333333333333333,0,4
-0.90840147356977097,-0.29483910696857052,-0.29643998350128992,0.3482789557370532,-0.92589427210950082,-0.14636108043303708,-0.23131911249824741,-0.23619842903117319,0.94376997743954016,-22.615203197029665,12.28816112262138,-10.324845701071718,,0.09722800439671168,0.75,0,1
-0.91856202817992616,0.32905864836367749,-0.21900732024992073,-0.3288674380617605,-0.94359452374349551,-0.038413317273849272,-0.21929434230886091,0.036739361703176918,0.97496677416872468,-11.639390761449773,-20.7478334227131,-5.2277573873123853,,0.1478612858871757,0.1666666666666667,0,3
0.74553785000333794,0.64239168674484204,-0.17749995778455077,-0.6368586508022186,0.76518589205264831,0.094348341278322478,0.19642905363203847,0.042702124124098025,0.97958774772069934,-1.2005008725037258,13.869603202896226,-3.8982993444245677,,0.07721803871149174,0.2068965517241379,0,5
-0.19725959802766341,0.97591727318638644,0.093134992792249488,-0.98005283584840808,-0.19396361733283124,-0.043296121034753908,-0.024188632277532929,-0.099817789234237772,0.99471167632682966,-18.408098585428849,6.3744635201670832,-8.6590513260501272,,0.4667363503807248,0.1909090909090909,0,1
-0.13945189230677096,0.98508644385576516,-0.10078624838569089,-0.99018069653480201,-0.13972466321553301,0.0043825448268535331,-0.0097651391139241175,0.10040775179689694,0.99489844981142561,-21.004657495949932,19.466148493087889,-10.333085034431592,,0.2267587270734371,0.1875,0,1
-0.78106869911570864,0.59056678540339091,-0.20288558164640458,-0.59891335161447101,-0.80044593682067711,-0.024271371720399521,-0.17673280544261138,0.10255327496269324,0.97890159938311005,-10.769845739015883,-4.594130398100976,-5.7693900953703317,,0.1217302651584187,0.2608695652173913,0,1
-0.73044865660945624,0.68256411485747004,-0.023473158421469915,-0.66329681342666846,-0.71718050392413912,-0.21375093470940731,-0.16273320913528441,-0.14056441192548183,0.97660613798223472,-15.209926817846856,-5.7781314872440994,-6.9490805208576667,,0.5498024022144612,0.2083333333333333,0,1
-0.55236904296276079,-0.73119286911064652,-0.40030666811601351,0.81894200924785776,-0.56564914273465605,-0.096824753098731051,-0.15563555463159842,-0.38131094330649529,0.911251633002227,11.725623540323355,-8.960719140665681,0.63202937277200932,,0.2554651496930752,0.25,0,1
-0.96667875473148379,-0.026857697573062982,-0.25457975023921675,0.046119344996726569,-0.99648063088602734,-0.069995416178904299,-0.25180387440994823,-0.079404133079198094,0.96451531479913821,-32.655033533355848,7.7940703819458115,-13.186956963897593,0.2017782980156967,0.1714392118822262,0.2,1,4
0.041711529256775799,-0.90007812861543079,-0.43372746133396517,0.99874422792178452,0.049619170334071136,-0.0069213530669991171,0.027750955298525497,-0.43289409827751585,0.90101752710838945,7.9689038453132373,9.5586337184510697,-1.1696685796205035,0.7907102004101951,0.3818415368113296,0.6136363636363636,1,4
-0.17059860000979765,-0.94263765071690964,-0.28693270487276662,0.98308290354164585,-0.18253274576585873,0.015159204705483258,-0.066664251580764375,-0.27949249752736027,0.95783078953805567,-3.0410480492956129,6.3946988739006256,-4.0624701983205949,,0.1068602440552421,0.5612648221343873,0,5
0.93087169482791721,0.3239036318334183,-0.1690098371495638,-0.29283425479049802,0.93810004579619433,0.18497676421234957,0.21846278170318711,-0.12269776429217796,0.96810085820032554,6.5886558187811337,-12.681450727209313,-0.65191806284895792,,0.2200628642448142,0.1388888888888889,0,2
-0.68816839665487839,-0.67600352016978604,-0.26352134365836716,0.70075115913248365,-0.71340577513956971,0.00011389464374376751,-0.18807464161851761,-0.18458450833037768,0.96465355877874559,-12.908619753504929,-6.2836520790779469,-6.3089695944692208,,0.173565863030355,0.6923076923076923,0,2
-0.63017683270162828,0.77516260654653313,-0.04472239861777836,-0.76396362698764797,-0.62930077790000161,-0.14261874902806382,-0.13869656147872167,-0.055708745690748372,0.98876680743618317,-12.631913426428605,-13.601177688705326,-5.8238224885576013,,0.1494062317701601,0.3157894736842105,0,5
-0.90207492101766451,0.3717069697349768,-0.21930518808595312,-0.37597688950636171,-0.92632981640409318,-0.023546757693578804,-0.21190142856549002,0.06121274288250704,0.9753721262578221,-1.8649397248157848,-7.2296197406338205,-3.097107755588195,,0.1119935448938455,0.2083333333333333,0,1
0.96818341801538188,0.092175234719658786,-0.23264693246296561,-0.076659907862652935,0.99424060104596546,0.074892494672339827,0.23821025923864278,-0.054674979068424966,0.96967340845117855,-1.4744831436833605,-5.1047235621603262,-3.1511744405889459,,0.250688843879412,0.8478664192949907,1,5
-0.35645574990378415,-0.8394225557501015,-0.41025488572166752,0.93038518865384168,-0.35912429386644129,-0.073574059888560153,-0.085572770751485186,-0.40792096593935656,0.90899823237067756,-9.8177721273704286,-12.831632624254672,-5.0548647008682615,,0.2757033052386881,0.4375,0,5
-0.89139407621444,0.38974483842077101,-0.23133430747334421,-0.4023547204546033,-0.91544833819601734,0.0080634373593516037,-0.20863192425346294,0.1002661509110489,0.97284090125969735,-12.546130464540648,-4.6460053622940194,-6.3580898603264524,,0.142338969885395,0.5192307692307693,0,1
-0.96490647742345503,0.093161532946168663,-0.2455125630296329,-0.075131474887235122,-0.99381047858436466,-0.081829054358368403,-0.25161627790651442,-0.060511663628064115,0.96593353149035899,-0.66363448099403133,-15.991104601613756,-2.4186200518071619,,0.1421613126201408,0.5652173913043478,0,7
