axis_00,axis_01,axis_02,axis_10,axis_11,axis_12,axis_20,axis_21,axis_22,location_x,location_y,location_z,dbh,dbh_approximation,score,reconstructed,number_clusters
0.65286600961301211,-0.67548457838090392,-0.34276312208514381,0.75068412911296634,0.63743134493066123,0.17365085314445203,0.10118948458160121,-0.37067757535284102,0.92323281101824406,26.013440518441012,-1.6693834330170474,5.5797031033654161,0.7335359239078012,0.5856958228730078,0.9230769230769231,1,3
-0.2345795015770831,0.97048076497287705,0.056031618373089925,-0.972030973405835,-0.23484508608216054,-0.001890048350669098,0.011324494670957974,-0.054907835148755336,0.99842720588920508,-12.181176206315115,16.421680932763131,-5.0033627972344661,,0.4818482765600686,0.5795454545454546,0,3
-0.97391314527472805,-0.041447202706922322,-0.22310382078498181,0.047919716280573371,-0.99857060781008522,-0.02367365644309993,-0.22180371108860045,-0.033747156999781008,0.97450717962555622,-13.313616314144394,-15.763474523548771,-2.0761997295818206,0.4348727120560157,0.3294211287352988,0.4680851063829787,1,5
-0.67332266852033462,0.72773568446457348,-0.13052722939499864,-0.73150987462758377,-0.68135978297948652,-0.025340668114389814,-0.107377313148505,0.078419510933352296,0.9911208266028827,-10.790737621936104,21.793693198548695,-4.9729775463508261,0.2934613039204345,0.3487961307894424,0.8695652173913043,1,5
0.006019874378796434,-0.93381272460481235,-0.3577115548575438,0.9966971549895417,-0.023367186938993374,0.077773747565050094,-0.080984827889040462,-0.35699827722370903,0.93058781837668969,-0.90329719879965353,10.768470049988093,-2.1910615224618972,,0.1060351911917082,0.1454545454545454,0,2
-0.91632689050337757,0.38058867572777988,-0.12448811046917532,-0.36547465004686486,-0.92192686415519243,-0.12837109223689996,-0.16362551730562247,-0.072132635171243409,0.98388188977626734,-5.2424166803180023,-3.390512266267518,-1.8244483763124053,0.4072907578699052,0.2612054893982584,0.1801801801801802,1,5
-0.53170845387972498,-0.75479654192968371,-0.3841461966020534,0.82673638697408125,-0.5610211674005493,-0.041978520478533884,-0.183828905577643,-0.33990797286841645,0.92231746348782184,-9.1076814242994928,-12.425858482774405,-1.5458173944237537,,0.5482165662716351,0.2093023255813954,0,2
-0.66174746802967854,-0.65887570076204127,-0.3577332798351861,0.71410607099173562,-0.69925525007150235,-0.033084960634521592,-0.22834799742729678,-0.27735339585584795,0.93323752918438341,15.339434364370531,-2.2961955722564635,2.9302909817164289,,0.3469128832939086,0.275,0,4
-0.84743296309377658,-0.47903660734146236,-0.22886961766229436,0.48280013436971647,-0.87467057027853512,0.043074629902147457,-0.22081984357092296,-0.073995420908356688,0.9725036114945329,-10.769475582073991,-4.9787279078336804,-2.7882450155847396,,0.0728924153312886,0.3043478260869565,0,4
0.74143951717161072,-0.60576875498886407,-0.28863758912444287,0.66358850601685826,0.72576761369961851,0.18141572585383939,0.099587835896976576,-0.32604537473180473,0.94009397219498958,-19.69512714429251,12.05507549999893,-6.5027280938522267,,0.2192427761990444,0.3636363636363636,0,2
-0.81642586861248212,0.54909036247942189,-0.17874164286078534,-0.56135503488352112,-0.82726289635590189,0.022729388987962867,-0.13538584073408913,0.11889438231078256,0.9836334683120852,4.6096091311235812,3.0742298553705467,-0.20552385387545583,,0.1036108261970961,0.34375,0,2
-0.56478226637344875,-0.75167900060826365,-0.34058724526123146,0.80138186258301414,-0.59808660912522027,-0.0089173038569015824,-0.19699772057831355,-0.2779767760617049,0.940170628161341,-9.3029329834954027,-18.717691822281694,-0.81493244732086434,0.224871480292351,0.2142614991882597,0.5,1,5
-0.60847654169245702,-0.75378840284833859,-0.24811155140650046,0.76893069870338671,-0.63733211392605471,0.050530754497334192,-0.19621895627464472,-0.160033809833733,0.96741268386795054,4.3584848926966595,7.5349064587746168,-0.68815994099855893,,0.06835655958717615,0.3783783783783784,0,5
0.7417916583018469,-0.55969373898223995,-0.36944289710031869,0.66122184211870116,0.70235197220039347,0.26360459527741431,0.11194110585011971,-0.43982340284516264,0.8910805592822425,-21.023826737161851,13.782373959144341,-6.8560605483557904,,0.2789322594065691,0.3809523809523809,0,1
-0.70324479839616483,-0.64078710086258206,-0.30795883636756677,0.68932741878006587,-0.72058080216202602,-0.07477310528220521,-0.17399558398634843,-0.26486826711340683,0.94845681916974545,4.4643056077071108,14.563921829150335,-1.0444182394561867,0.8778190915426795,0.5894922287491993,0.3103448275862069,1,4
0.46899725802503439,-0.84458539810963607,-0.25829649100401519,0.88230253708262907,0.46121482781915657,0.093931441260645648,0.039797047912574914,-0.27194923772596546,0.96148832914274651,-14.349600154687732,11.089102572877209,-5.1895239735612195,,0.07824926735187317,0.2258064516129032,0,4
-0.17248237368332822,0.98488605157393361,-0.015789115987689343,-0.98422460842430881,-0.17168120756193841,0.042749071827247562,0.039392270061286275,0.022913497881872413,0.99896107065002115,0.27100144746399929,-9.7298023667440177,0.13546161753488059,,0.1322280617339152,0.3125,0,3
-0.099192985064541758,-0.9404904673763631,-0.32502066470945312,0.99014151300128084,-0.12575109040059321,0.06169641395247337,-0.098896592183546683,-0.31569660124437671,0.94369228036327013,19.920158382346219,-9.3367354919859125,4.8156994572350156,0.1739065452192835,0.1374602428088513,0.45,1,5
0.53187193907984243,-0.80340392534400873,-0.26768334494563961,0.84520451551307729,0.5231796743913586,0.10914373669641038,0.052359978760040483,-0.28429766275083895,0.95730521338738006,10.005624223646226,6.7795856238356356,0.81737835502535516,0.450455018874919,0.4025840319523698,0.8833333333333333,1,5
-0.81931211863528086,-0.50635285679939512,-0.2689506212457205,0.52457938360492073,-0.85134806397278107,0.0047900173777164013,-0.2313960296851463,-0.13716143182720392,0.96314205549600096,21.901414344788158,5.7116819566276842,3.9335248077564828,0.7255505637384506,0.6806421803945346,0.9047619047619048,1,5
-0.17211893541159054,0.97406792349975779,-0.14685623065314715,-0.98339634307491108,-0.16120264205195095,0.0833387102273698,0.057503952035244103,0.15876205026498061,0.98564086101175175,-7.9799364571585718,-7.4995083651627308,-1.9015062786234729,0.7394734012292388,0.6700192502928377,0.4485294117647059,1,5
-0.87302635895978609,0.45456434576730609,-0.17662455129047808,-0.46157186539628847,-0.88710140076008537,-0.0015867715927551426,-0.15740517664934736,0.080139630187804442,0.9842770189521608,-8.067504551961413,-1.4176339847835324,-2.6598104022520315,0.9111530688968186,0.7828972587592269,0.983790523690773,1,4
0.68658371020916686,-0.65042960155412755,-0.32487557971868902,0.72126355943560361,0.66560501886108492,0.19169986097339442,0.091551552175257372,-0.36593891879530138,0.92612473296269737,-20.642301843358574,15.735944437128056,-6.8585457304229882,,0.3242315840639299,0.25,0,2
-0.76992390563566848,0.62523856583235782,-0.12764762170371666,-0.62657740841169096,-0.77859891890293675,-0.034416198966002065,-0.12090463514194909,0.053483261671992181,0.99122228078373908,-22.24032718041029,-6.6558693160905475,-5.0277354122139828,,0.2350735611285002,0.3636363636363636,0,1
0.83834598799991611,-0.48468504062432183,-0.2495123560055568,0.52635346458464394,0.83881040493184733,0.13910116785207627,0.14187330518524624,-0.24794659903509306,0.95832898803216005,-11.903893903409903,13.107543506986749,-4.7867643358558789,,0.07401921089448776,0.3684210526315789,0,2
0.88665497089900325,0.43035892885946703,-0.16921629629270607,-0.4074479501284769,0.90010597772225376,0.15425756644251987,0.21869872088375561,-0.067826405032247405,0.97343230286662008,23.833121801590174,6.7469061158367722,4.2956560470439582,0.5210342100255388,0.509741062968592,0.543859649122807,1,5
0.87624581052672379,0.43873772561484925,-0.19925483094940016,-0.42500228442856941,0.89854451999336704,0.10950252883101234,0.22708222688018112,-0.011267373793332827,0.97381040686723952,4.0317900011459429,10.411758328673868,-0.99850816315881796,0.1298916860703987,0.1303641077337817,0.4375,1,5
0.97222457427109188,0.033606619380910314,-0.2316246366800864,0.015715917558064004,0.97803031020921549,0.20786948368477506,0.23352170588342219,-0.20573601397386268,0.95033694310778216,-26.46384792725415,11.620786331485732,-7.949896574744014,,0.363933898520076,0.3214285714285715,0,2
0.74205435339128001,-0.58965916305661237,-0.31883758880725566,0.66009244346797791,0.72561176242915304,0.19433356967063597,0.11676173469730343,-0.35466835444938294,0.9276729249377943,-14.075757204739688,-14.877697830073963,-2.3478127900869667,0.2013261487335472,0.1448352138902925,0.25,1,5
-0.78242885468399259,0.58860815122801657,-0.20333600681097702,-0.6102784801077652,-0.78973939281633121,0.062224337292170986,-0.12395670242166504,0.17277770614876892,0.97712977653058852,-5.5934563525260588,19.095680577961591,-3.6291748812611182,0.1564610091258766,0.1624608192211232,0.5714285714285714,1,5
0.40226372658304538,0.91460253790769142,-0.041062049733674354,-0.89748072990484429,0.40279956952425877,0.17966871246975508,0.18086523636395305,-0.03542180746209421,0.98286980919709255,11.182415070144962,1.998633738808107,1.4701511340834428,,0.2393167703063975,0.4153846153846154,0,7
0.42402845426739744,0.90559023901096181,-0.010304803718191143,-0.89063672582076092,0.41903585611495908,0.17656492831045864,0.16421355787777048,-0.065690716985522243,0.98423505175900527,-15.552169162369305,13.569315218766782,-5.6511783177483021,,0.38533698135136,0.1818181818181818,0,1
0.96890633755945177,0.17264485274722757,-0.1772406946979676,-0.11677419192615682,0.95060588085370834,0.28759737027020627,0.21813825234727438,-0.25795777582044926,0.94120852565021074,-23.003270929307533,6.9739047568204935,-6.7741124387785465,,0.4170150816649025,0.4736842105263158,0,3
-0.85886353258132042,-0.42227567561246376,-0.28989081770206787,0.45630472618841794,-0.8878967558303611,-0.058526471310288895,-0.2326788113689108,-0.18254480209515261,0.95526853081633178,7.8989078841565403,5.7241145078127289,0.39216395754671635,0.1903772503856351,0.1952265620928825,0.3653846153846154,1,5
-0.32235773721665573,0.94604863514470683,0.032824825930901809,-0.94661167555613457,-0.3222877147277089,-0.0075474920600781823,0.0034387435734027001,-0.033505355936436915,0.99943262212427686,-13.714757252821089,17.519200256638165,-5.4212763416928649,,0.5052792403727147,0.1111111111111111,0,1
-0.86659674193144132,0.45589756578260709,-0.20289774860087914,-0.47237451611525899,-0.88053186460708399,0.03906343477534565,-0.16084900807492367,0.12969597112118161,0.97842043706999893,-9.5652583138907907,16.941008264758317,-4.4676455173768153,0.31596738563858,0.3210288498210579,0.917910447761194,1,5
0.015949559210952834,0.97951466428576506,-0.200740215228841,-0.99675269434196323,0.031424174624172255,0.074138974711187758,0.078928308502164923,0.19890586642513747,0.97683508250812334,-1.1194885184127494,11.830269657529504,-2.2643707875012598,,0.08275823198708691,0.2352941176470588,0,5
0.86910690164788695,-0.4213950211153849,-0.25899696849031767,0.47162044711427709,0.86382869809872254,0.17712745186671508,0.14908838778301822,-0.2760909569693118,0.94949799162927662,6.4722280727906103,7.6252491366017949,-0.231554135749893,,0.07205871162584673,0.34375,0,5
-0.83809259034860628,-0.47458735079079484,-0.2690123723402692,0.49707293651891299,-0.86751915502036037,-0.0181386728628617,-0.2247650012418064,-0.14892065720421846,0.96296590390035897,-25.57492721980406,17.257259582558515,-8.0959722358261672,,0.132938686703515,0.3888888888888889,0,1
0.96680059125201556,0.05295196222815942,-0.24998541247628861,0.0068848235771502642,0.97254085360132214,0.23263036620510719,0.25543926080198415,-0.22662828105203092,0.93988850736049367,-20.483278552451466,7.194925577809629,-6.2874597786378459,,0.2762828080336343,0.2727272727272727,0,2
-0.97572417427459079,0.061423668817345393,-0.21021291265092287,-0.057011859530255782,-0.99800862966517734,-0.026989312453941587,-0.21145208348245198,-0.014349495560860757,0.97728302367741859,-12.245207505026864,14.607166452694571,-4.9637007640573563,,0.08425654197305935,0.1923076923076923,0,1
-0.045470523129091472,-0.94951295371908906,-0.31041517721596346,0.99463590197371776,-0.071931963250047581,0.074331791098577599,-0.092907771640996381,-0.30537017435015656,0.94769045715679723,-1.9253590425501252,8.9258365369343924,-2.2466115293586375,,0.09686570854761885,0.12,0,5
-0.88144949725914823,-0.4114807337037214,-0.23179816559291966,0.41381404570763797,-0.90944557736965892,0.040824960230785877,-0.22760650113006961,-0.059936196020564166,0.97190685410172528,7.526808466144657,15.766323101857523,-0.33177032793563804,0.576625439485897,0.4870813261200972,0.9259259259259259,1,5
0.22651964322242499,0.97359707236250459,0.028241669949656049,-0.96637754231516859,0.22102892066750165,0.13137983839788109,0.12166880020481573,-0.057052229717332544,0.99092973824636055,-13.332683599674118,-10.68560312700868,-2.6717108965055045,,0.3086616070722436,0.2631578947368421,0,3
-0.60780878260021087,0.79386942444620567,0.018434226956910438,-0.79305234665031243,-0.60567336657560067,-0.065021138819692265,-0.04045317375041544,-0.054139726176138679,0.99771360158268385,4.6211201631194418,15.650488672252369,-1.0466527124545761,,0.2914005733302149,0.3157894736842105,0,4
-0.74179288586701786,-0.60962469316093182,-0.27946564720108613,0.6349566373241583,-0.77254776292399918,-0.00015072863809785796,-0.21580867265955561,-0.17756037702585858,0.96015567972873861,16.743683072875811,-3.1260877355682051,3.3208177953858309,,0.2874286632797738,0.2,0,4
-0.97293405452252968,-0.048481475009616519,-0.22593997461990351,0.053274669728157552,-0.9984647836812347,-0.01516196932262279,-0.22485803324699441,-0.026788473813869274,0.97402322485401549,13.792299392012314,1.5612764498503837,2.1715425093632987,,0.07594941944594555,0.25,0,5
-0.84030999082532087,-0.4882313084189886,-0.23560413578422951,0.49331633517018803,-0.86887998122191479,0.041067891181084504,-0.22476234732135617,-0.081717609554422976,0.97098100883349214,-12.099781577441689,17.569986361355696,-5.0658091174361797,,0.08163809073181715,0.5,0,3
-0.5892018851133628,-0.76490594806695889,-0.2603075665259223,0.77982799613334919,-0.62265841693033142,0.064535201808466724,-0.21144605701101538,-0.16497086542053849,0.96336658574858891,-5.4701002887178802,-6.0481057725487801,-1.5448091232125296,0.3105774290484203,0.1489846335108597,0.2235294117647059,1,5
0.93715060113962634,0.28358617185440782,-0.20329199176701282,-0.26859457947102988,0.95820586536148844,0.098480817754633854,0.22272337700029934,-0.0376882305209882,0.9741529113120686,-15.663055561395765,-0.76375650555305852,-4.3554297264090671,0.619578977065199,0.529181508791513,0.9772079772079773,1,2
0.96813936505614118,0.16212830456008309,-0.19084177396252761,-0.11352202188736267,0.96346035324602153,0.24260440694607358,0.22320152413300567,-0.21321013245979614,0.95116902758719957,-19.869352605334615,16.103524497317803,-6.7168701310160364,,0.2759463608012069,0.25,0,2
-0.77877018072849236,0.61773862222390474,-0.109160433404345,-0.613513595322004,-0.78631682865594144,-0.072848564347775452,-0.1308360575803969,0.010239120341879624,0.99135114185209072,0.68642574560478764,-18.150903815252754,1.2819197119721377,,0.3271169857035316,0.2285714285714286,0,5
-0.16944703709620587,0.97613198583517202,-0.13584567659223271,-0.98481511924205822,-0.16242314681236361,0.061301731556463783,0.037774098686380514,0.14417027297280743,0.98883165900944869,-4.2856697388140264,-1.9764067667486331,-1.7789205676199982,0.1789204893752372,0.1290270782675821,0.5413793103448276,1,3
0.91854231136658038,-0.31587012671817838,-0.23771008661052254,0.35689323495941172,0.9211977663231764,0.15498998084197627,0.17002129592949916,-0.2272019770341622,0.95889103685571131,0.775104614215395,-14.738351126337271,0.83688456347377971,,0.8185938635118445,0.5853658536585366,0,2
-0.43426399923129583,-0.8605224286093025,-0.26630044842618994,0.88534654821580572,-0.46224292827482166,0.04992959865928126,-0.16606103857919263,-0.21408555560865533,0.96259602448053649,-23.207115576264837,-4.5169827754020195,-5.4756399674741747,,0.4423379931664706,0.9230769230769231,0,1
-0.22976032559230528,-0.82991611042994595,-0.50837923092170889,0.96491435159768169,-0.26245363175110931,-0.0076410248971710898,-0.12708456579987976,-0.49229802033878156,0.86109939745999886,12.194300246641401,13.92451456824805,0.92939391152546014,,0.562438074710941,0.2,0,1
0.27647796209872433,0.93926653181567699,-0.20331826943166051,-0.95154728360322971,0.29718810783702987,0.078974651803977475,0.1346020190823673,0.17163219619638617,0.97592247934339238,-16.854002317392801,10.046235062604598,-5.6520778692744988,,0.0674262265100881,0.4,0,2
-0.052139570922692495,0.9867285718571005,-0.15377968209371334,-0.99637775594952227,-0.041042270411338816,0.074477509950829926,0.067177619732995519,0.15710587996739195,0.98529432652719517,-19.158181918915027,2.6837654589539528,-5.5051898397143164,,0.6683327724089141,0.4383561643835616,1,1
0.32116796653350893,-0.88671068103014916,-0.33255872476869391,0.94698851501514369,0.29773961999972015,0.12068086472939632,-0.0079931034112878507,-0.35368812084868112,0.93532925938857747,-20.003021946053604,11.170502055934517,-6.5306904106948274,,0.2385065953894486,0.3095238095238095,0,2
-0.75465224270473308,-0.61671604469517438,-0.22396721366364228,0.62158413101771137,-0.7812772948077995,0.056911832554947014,-0.21007893908641195,-0.096265823807546211,0.97293356942752307,1.7798263919927089,3.4297813082760222,-0.9429476725925986,,0.07652559267428746,0.4077669902912621,0,5
0.69219465364399024,0.69935527578144363,-0.17823793003549601,-0.69114629556215212,0.71345705082686928,0.11530756591022429,0.20780606246544264,0.043373204424939846,0.97720796432515911,-22.700123963498687,-8.9783638977072222,-4.8515258949582645,,0.1177438691317529,0.375,0,1
-0.2952331165021429,-0.84057525714824566,-0.45417028083153288,0.94090602201130735,-0.33835348278536009,0.014586926676811442,-0.16593150593931755,-0.42302500842997243,0.89079547460656316,-8.5180624574720607,11.132973812442525,-3.8799176822830952,0.6645351280303419,0.4094523311797544,0.303370786516854,1,4
0.052917863675190226,-0.96444685462954916,-0.25892463053797088,0.99621982837005685,0.033099058224297463,0.080315041598695749,-0.068889427827422453,-0.26219595141770452,0.96255261144198045,-15.110925731389294,19.976126952765448,-5.8623295777554532,0.1864498748703526,0.1046704660743423,0.2857142857142857,1,4
0.20655236108824634,0.96958056960728567,-0.13133788931182061,-0.97074826364841893,0.21986829154995585,0.096466279053795331,0.12240886713164134,0.10757069029673898,0.98663296916159893,-22.022538162869083,-2.4545758734410503,-5.4364224201236038,,0.1237203146002389,0.3846153846153846,0,1
0.28820704758180893,-0.90718085850707897,-0.30652828202718324,0.95748896000676276,0.26890311016125318,0.10443183810875152,-0.012312156161474123,-0.32359543770573213,0.94611542821512584,23.647209107466569,-14.080619955580472,6.2667282800228428,0.4586306681760823,0.3211577114029746,0.6666666666666666,1,5
-0.71707776803501422,-0.64694985115322523,-0.25933639290069549,0.67877868671250641,-0.73270460843660656,-0.049025006278489554,-0.1583002496990111,-0.2111867582699743,0.9645419555813276,-17.59038823913265,15.3910079073873,-6.1520776291583994,,0.1364284691893421,0.2857142857142857,0,2
-0.96041478769253286,-0.13831392269244117,-0.24181127841963354,0.16357644095586624,-0.9826311185896397,-0.087628949231896444,-0.22549098329139486,-0.12371476697914319,0.96635835634901868,9.4688904266851655,3.3535740254592286,0.94779833116877354,,0.4221577479004667,0.303030303030303,0,1
0.86983859545452935,0.46777537468944003,-0.15673868919908304,-0.42686148137843649,0.87291517145685715,0.23623797145220596,0.24732588536806932,-0.13858319622017901,0.9589705960832694,-2.5313696490611668,11.081269514073824,-2.5241268519246916,,0.0998001850735675,0.2631578947368421,0,4
-0.17668331053216974,-0.934643846363446,-0.30858368108883921,0.97716889429341469,-0.20415155138331681,0.0588480763761434,-0.11799982968114955,-0.29114090149398542,0.94937506585779408,-12.188134036038813,9.1888266264470282,-4.5703811544041422,0.2022081352068681,0.2137502968750913,0.2526315789473684,1,4
0.54105060345161937,0.82708547911524111,-0.15229528798144212,-0.81833998713475142,0.55951925777533107,0.13136919591303411,0.19386570083677263,0.053551941283715508,0.97956535240065123,-10.58682630627904,1.2258486619273503,-3.4711495570863211,,0.1538457045020068,0.3945945945945946,0,4
0.91934629113756039,0.36273612408136818,-0.15239718257907287,-0.32986394056378482,0.92172886947125532,0.20397468445612077,0.2144578692595466,-0.13725303446433723,0.96704158485712866,15.099882989394224,-13.154241106151881,3.9366815499164516,,0.3578526995831597,0.2727272727272727,0,6
-0.976180047111184,-0.01442944996703059,-0.21648165417803153,0.020608123738477088,-0.99944136206497347,-0.026311005866197574,-0.21598106597104172,-0.03014555966241848,0.97593207979584984,7.154392599628423,0.10692588582982855,0.61197147120134365,0.3572680301564102,0.1989047772140455,0.3333333333333333,1,6
-0.8367454508757407,-0.49203805153443464,-0.24032396110448559,0.4993635615298827,-0.86573141049587299,0.033840187603157455,-0.22470666179475898,-0.0916934061043813,0.97010269323511955,14.49793724161964,-6.195725934122569,3.083260273296339,,0.1015123429732618,0.4411764705882353,0,5
0.046308199180711739,-0.88218773509398751,-0.46861535478298327,0.99658329410248003,0.0086826290037248597,0.082136166634648386,-0.068390705541693186,-0.47081781190108496,0.87957563597008803,-10.0876812218987,14.552005309202134,-4.4871191358950107,,0.2452523306317864,0.2903225806451613,0,4
0.61978442636316333,0.76689315146489401,-0.16655977627845359,-0.75687221880261768,0.64022077904886354,0.13138416372938252,0.20739264510220171,0.044634608884921503,0.97723898942234344,-6.1932652827248598,18.457781296217167,-3.7735798099521456,,0.1877723226517033,0.3571428571428572,0,3
-0.019701566646748971,-0.9407719040906134,-0.33846724028387876,0.99507972620605933,-0.051328187748619414,0.084745239607397133,-0.097098850484114305,-0.33513227480528296,0.93715429445662712,-16.760601755833246,17.007492864612654,-6.0863739661980052,0.6003898142814578,0.1650056659439031,0.5208333333333334,1,4
0.55732490374843269,-0.78903195997053588,-0.25849084665971456,0.82828229274123977,0.55000570002198601,0.10696809559229023,0.057770192946851734,-0.27371937470405883,0.9600730746763515,-5.270249869028981,-13.585802812081951,-0.57423304076989301,,0.08450277467937353,0.4137931034482759,0,5
-0.301361970700114,0.95041073377787655,-0.076814059491363537,-0.95320525727747674,-0.30232249287109397,-0.00092076206871660304,-0.024097720106341348,0.072942082668418243,0.9970450102486198,-6.8790645084572217,-7.622051682415127,-1.6511338343289512,,0.1915386525309663,0.2045454545454546,0,5
-0.93080259439725144,-0.28686526168827658,-0.22652781705535394,0.28479896218564965,-0.95764541589566388,0.042483038403574688,-0.2291202335048656,-0.024971564839620129,0.9730777664442537,-14.044572662663441,-7.3008166233116318,-3.2131437165416785,,0.09818232806536659,0.25,0,2
-0.93477479025462551,-0.27288692063461795,-0.22743970640804267,0.27295708648775441,-0.96150119834277092,0.03177852296020113,-0.22735549353498682,-0.032375517478045762,0.97327349980747502,-8.141133707103366,-3.8064090780148665,-2.4133655062978931,,0.06872535012155412,0.1904761904761905,0,4
0.62345219768045268,-0.72879675245692088,-0.28313009521359472,0.77810851904508971,0.61378733794654372,0.1334624904831016,0.076514637794806648,-0.30351342208334176,0.94975002649033302,-13.178273688956937,1.723847418472263,-4.1195757061252376,0.1807722922559357,0.127707418585333,0.4623115577889447,1,1
-0.88259753770704363,-0.39884572493944132,-0.24888486119287062,0.40766130911749537,-0.91296728765562818,0.017406571153863095,-0.2341662731523752,-0.086097731493089774,0.9683766504566651,-4.5675583603516916,-6.9322431286621899,-1.2825831361512208,,0.176524285321315,0.375,0,5
-0.95654538215036944,-0.1525453933745804,-0.24849715259334493,0.19763697270135694,-0.965789948738211,-0.16789699800082436,-0.21438413865827091,-0.20971332307805396,0.95397052533886628,-12.97262276388626,7.5073667363202539,-4.6262437632822282,0.5103391249581462,0.5367251058749065,0.3723404255319149,1,5
0.61822701280218773,0.78597411731352229,-0.0063283137496960131,-0.76452130386851236,0.60318311312576867,0.22732643482687473,0.182489825943461,-0.13570121205478325,0.97379805117590434,-7.5943525027689631,14.738499048259726,-3.8697595040268236,,0.2907119627886263,0.1481481481481481,0,4
0.35040644897882772,-0.89354303017249659,-0.28070656163367613,0.93659096744462977,0.33543559478381102,0.10139192005856834,0.0035609289771699791,-0.29843561279140846,0.95442312671196083,-23.033517421173286,15.375259924490999,-7.4124514935384687,,0.1057617198512949,0.3448275862068966,0,1
0.9442308099985588,0.25641211575458162,-0.2065938148728689,-0.23823381504286847,0.96507678501049265,0.10895617652952055,0.22731657840902525,-0.053662146137391467,0.97234127098068968,-8.4342730267081691,6.8570502811253862,-3.5584507727742141,0.1660311015295851,0.169644213865516,0.6722408026755853,1,6
0.95693626145473476,0.19873264732546239,-0.21160889962392687,-0.17945910670709542,0.97794163326846739,0.10688587811349957,0.22818286643156868,-0.064307828506457401,0.97149219382342789,13.207238023099819,-6.1630720966204144,2.7701214160830836,,0.08052531132440376,0.4814814814814815,0,5
-0.88021040466055855,-0.38581821844430697,-0.27635836488834326,0.41654133872652227,-0.90711525596052456,-0.060292831543977771,-0.22742681605126105,-0.16818506093031863,0.95916152373865182,-15.937312571612066,-6.7416453104585585,-3.6748067513123286,,0.09851071964879352,0.3333333333333333,0,2
-0.83387115017206792,0.51911063387283185,-0.18757146560940777,-0.53298545647578,-0.84562170997729902,0.029162078121680576,-0.14347615863278076,0.12429027884439464,0.98181796606538296,6.6569464542387955,2.2042823103476654,0.32200118341479,0.8336783151440457,0.3502062351582533,0.45,1,5
0.13231806965303203,0.97526949863781942,-0.17703483688255092,-0.98568618678335174,0.14829033098127808,0.080204232568848607,0.10447329624258214,0.1638883240630615,0.98093116354207543,14.059187667995019,8.5824906422565093,1.7347109179436442,0.5439423189195165,0.4440340601360003,0.8421052631578947,1,5
0.51202470387668175,0.83544751218202096,-0.19964507759738798,-0.84043478158649476,0.53528013831313359,0.084525448399473541,0.17748262033127618,0.12450954949859547,0.97621580173852918,-17.254086737441334,5.6271833877898381,-5.4307113790780956,0.2355831018989525,0.1966943173019418,0.8529411764705882,1,5
0.84104698109098708,0.52348143317497098,-0.13640808157442333,-0.49194391796924181,0.84500776941845523,0.20964982994392817,0.22501368218579071,-0.10922023046818988,0.9682147406880699,17.69301080395509,-10.38069558391155,4.3380922951661285,,0.4718811688127342,0.5,0,1
0.50525772075637976,0.86235414594563697,0.032557066612957819,-0.84497473002380963,0.48670642512604351,0.22166317096490848,0.17530642098126203,-0.13950692710901255,0.9745796406919971,1.983493813864466,-8.0825641269425592,0.28991716211462476,,0.4921769637536042,0.5,0,3
-0.94791086264076108,0.26444842217100767,-0.17757260064242222,-0.2559796210367401,-0.96418465367891237,-0.06944341022705304,-0.18957697671799587,-0.020371195874086465,0.98165451370485934,7.5341004055686502,8.601514183659873,-0.024110943961987399,,0.6322200911331544,0.2686567164179104,0,1
0.64372068535604532,-0.72144861815845218,-0.25521671301465371,0.76081493961759472,0.63923737075684639,0.11196522443397548,0.082366904150999246,-0.26624701911032672,0.96037920527021292,-13.659657900490053,14.306300927993361,-5.2213998072262511,,0.6432279367185147,0.4320987654320987,0,1
-0.82223241757542032,0.53156574835489478,-0.20340036053060503,-0.55248335822932804,-0.83129881344732881,0.060863960113577163,-0.13673328185823475,0.16241963531840523,0.97720206287917366,-0.62727855518942044,-2.2525380235495853,-0.95507388199115895,0.1580482363194956,0.1417475897203501,0.6507177033492823,1,5
-0.76872319425540625,-0.5528743631726567,-0.32155029025052306,0.59939458422254022,-0.79815585513061582,-0.060608277697065609,-0.22313848394764713,-0.23932649136095616,0.94495081751083787,-9.9261922822766522,18.995557713584741,-4.6274867538498183,,0.1165525313473614,0.3478260869565217,0,5
-0.97481580217244757,0.055368005492214635,-0.21602901611289024,-0.067318860038266759,-0.99655908119220915,0.04835461484170419,-0.21260837922818931,0.061679669755563694,0.9751888511569482,-10.852225528813895,-9.434693900932972,-2.3403476587524308,0.3601589616414884,0.3249905416228714,0.803030303030303,1,5
-0.24425912361443688,0.96792894402827667,-0.058745551690449746,-0.96879277913720274,-0.24094560886001651,0.05818732390043356,0.042166712258904906,0.071125051025528185,0.99657573495138507,-5.9503805627655568,4.2215253401157726,-2.7830384249116702,,0.2942778031666818,0.4417040358744395,0,5
0.96739203334866353,0.14883986417432468,-0.20493742617225183,-0.092085317768057492,0.96043205497449968,0.26285083608201748,0.2359511561003558,-0.23540807677313938,0.94282028474406365,-19.370495117216965,24.979293213907461,-7.0369887114891663,,0.7799679731711562,0.8860759493670886,0,3
-0.83497896213873679,-0.43332218658626165,-0.33917844182350426,0.49887639546092111,-0.85621167281476607,-0.13425316900416043,-0.23223366430739056,-0.28130669019389171,0.9310929444553433,-3.6724813106467602,7.7329058616853219,-2.6210424835836976,,0.3860775285630362,0.2946428571428572,0,6
0.12316896609418046,-0.94575859149664054,-0.30061618785684685,0.99146970851915339,0.10426119812137059,0.07821393517297727,-0.042628897243970627,-0.30768537367997961,0.95053273901700797,5.4974438912186478,3.7667898196508616,-0.11813955570812237,0.3256521270394147,0.09987875638787322,0.2857142857142857,1,5
-0.35156039732803679,0.93616167496816316,0.0025700878113977233,-0.93616516466410915,-0.35155984229682063,-0.00067952458220804071,0.00026739479460201424,-0.002644920611273503,0.99999646644124984,-3.1889335415102562,-11.216560133334207,-0.46128586664158638,,0.5568355645180794,0.3333333333333333,0,4
-0.94610990971168685,-0.21573455253313259,-0.2415256541005,0.21861374047535101,-0.97569391540414629,0.015146482057028017,-0.2389227306488883,-0.0384705898922416,0.97027621968830247,-3.8919929799559303,25.455735096674317,-3.6167759886992847,,0.1417999454659485,0.1176470588235294,0,3
-0.36288703209039225,0.92037172411759349,-0.14570137743149345,-0.9317705522643398,-0.3602117182736177,0.045289689239102503,-0.01079999414968839,0.15219529382729177,0.98829143103802641,-5.8059195962055297,9.8323413193094993,-3.2532816494808223,,0.07451152441322856,0.2121212121212121,0,5
-0.66413586364295241,0.72139117100079786,-0.19626088001771042,-0.74254537901630635,-0.66701061756260438,0.061017998658444018,-0.086890245279653222,0.18625685077561496,0.97865135304376427,25.22804407490948,-8.7359284905900072,6.0492932840718527,0.6333806127128196,0.5913592311089729,0.9390243902439024,1,5
-0.92886588575951667,-0.27907716914065084,-0.24356539150016671,0.29025285448211174,-0.95689230331077235,-0.010507156113374147,-0.23013354109554524,-0.080455289006039238,0.96982756185508545,6.2173525082314072,11.995282958182749,-0.5045168854001566,,0.1198716722641315,0.3809523809523809,0,5
-0.96014451110004095,0.20011315974417709,-0.19513390556657081,-0.18974538253007925,-0.97928840247830495,-0.070646405287187811,-0.2052296460382266,-0.030805000709124924,0.97822893246843468,5.4620242746611707,28.806406726154197,-1.6931447664860237,,0.7284273992397072,0.7878787878787878,0,5
0.72363444009855782,0.68198784287546044,-0.10604611861508213,-0.66039724579940862,0.72883385125677791,0.18076696325039421,0.20057087237134733,-0.060776635578897856,0.97779216898270738,-10.514664956508081,10.020641480082809,-4.2617405092458922,0.1755906395840122,0.2099977837163117,0.2884615384615384,1,5
-0.95357457691127956,0.23633427019958325,-0.18665915192592325,-0.24153073209123896,-0.97037885761955367,0.0052704971719939086,-0.17988449550738003,0.050109733727094263,0.98241059789777052,11.640246032833003,-16.573215346710388,3.5375916313243807,0.8848126562040775,0.8480023291359531,0.9347826086956522,1,5
-0.76699692420484744,-0.59076175058014546,-0.25043217107988786,0.60242395722464226,-0.79736738948975994,0.035925227070798191,-0.22090969653255704,-0.12331180085364168,0.96746736676134226,-6.9849426158720478,-13.648834232432689,-0.96390538960927885,0.3964821314697237,0.3237137235647849,0.1041666666666667,1,5
0.96339860350895723,-0.12602325243400772,-0.23660361494057122,0.17957067348485706,0.95870743047395612,0.22053216540500381,0.19904146296987119,-0.25494745066381713,0.94624748000659642,-18.30735301399082,-4.1387568843013369,-4.460528554473175,,0.6538927588635601,0.6923076923076923,0,1
-0.36806247250074253,-0.86457422059727285,-0.34211318801714991,0.9165126824527744,-0.39933501756659556,0.023152681233627979,-0.15663498727889361,-0.30502944255219788,0.93937347202081189,-0.33236173752127962,-6.991276226778055,-0.36127135877949929,,0.4477562769746988,0.2857142857142857,0,3
0.69436199111371921,-0.67942937973825879,-0.23714371854442173,0.71282110604307047,0.69458857080951275,0.097122541566474693,0.098729408365110141,-0.23647924908812368,0.96660750497530878,-15.743775005967011,-4.269517082395569,-3.9305178659766629,0.8324426543018434,0.7493089985789525,0.9764397905759162,1,2
-0.33851596092504294,-0.90732243098571697,-0.24934504292077517,0.92917487873738436,-0.36413534041073314,0.063557049863298562,-0.14846207907193384,-0.21017007421164388,0.96632683445276957,-8.9330597967005261,-6.2184554270058552,-2.3363367720321091,,0.08260106852129026,0.25,0,5
-0.26166135009132829,-0.92921614415913611,-0.26094193856567327,0.95659356963042974,-0.28562174202005081,0.057870225739529053,-0.12830463908252063,-0.23447297908172657,0.96361835893181502,2.9266149690882108,9.5334035224272,-1.228076764407541,0.1302921255921,0.1142244876422315,0.5849056603773585,1,5
-0.47452880501472011,-0.8428542522386917,-0.25380922499873831,0.86453252642926626,-0.50049491896833997,0.045698433591394277,-0.16554734657231462,-0.19774110743604423,0.96617417191355037,-4.9306757392838367,20.102737479396254,-3.5602276791199201,,0.1154363067315301,0.5,0,4
-0.97502915809754231,0.16036184185081068,-0.15363014202237696,-0.14614422421237996,-0.98421421486038263,-0.099821064891755087,-0.1672124594309938,-0.074876290940309981,0.98307351427350642,14.532236423573444,0.52343453911261228,2.4706128155700133,,0.6876739880734567,0.6666666666666666,0,4
0.0049256194837853399,-0.96808341804475428,-0.25057979563302302,0.99700795741969284,-0.014576409294252381,0.075912193578498335,-0.077141889492764737,-0.25020396479447138,0.96511507339105096,6.1053001118676669,-9.4532441658466535,1.31069141005339,,0.08771388692775867,0.1666666666666667,0,5
-0.48660874005770821,0.86068944901498534,-0.14975181619509714,-0.872194165133379,-0.48841348970394283,0.027011134417198417,-0.049892608738542649,0.14375651438977236,0.98835458827475731,-16.774008544968837,4.4178811556323199,-5.220986613303892,,0.1560697636273944,0.3888888888888889,0,3
-0.93382817006847618,-0.25136777774407598,-0.25451756147379301,0.27704181175311421,-0.95830271648131393,-0.070026695803000041,-0.22630241564577516,-0.13590490755134166,0.96452945666596812,10.716147529891686,10.707147671144751,0.76014480710349042,,0.08297007433775327,0.2105263157894737,0,5
0.071016889331282793,-0.96349111454042158,-0.258150099034199,0.99537692488775864,0.051675522075380259,0.080959359058899713,-0.064663581950734031,-0.26270613357874861,0.96270665758028651,-17.833738356138461,12.651216456672325,-6.0966582886108123,,0.08006375454878925,0.3448275862068966,0,2
-0.30546815485748491,-0.89032519040237057,-0.33765405625128636,0.93570092188334686,-0.34639816835847326,0.066873714900176157,-0.17650209957566759,-0.29551542141295778,0.93889171076993927,-1.6855192577833791,23.276861572605338,-2.9534086663078152,,0.1616133680965795,0.3571428571428572,0,6
-0.40295937143890576,-0.82864745516234428,-0.38854490090919191,0.89757899085904802,-0.44075918540695902,0.0091266449393039312,-0.17881750512188746,-0.34507207295341308,0.92138459089004687,-8.5739668296583051,13.534390899255813,-4.0578150881481143,,0.1615423014471198,0.1666666666666667,0,5
0.78914092264907165,-0.5715770869165957,-0.22484714343863199,0.60080681782272072,0.7943999639723166,0.089218074954126814,0.12762355526434116,-0.20549533073216675,0.97030093125224248,-7.2363683145277022,4.0873822001365268,-3.0702830387931619,0.6035501053358528,0.2664170262754802,0.9217447081462476,1,5
0.81815449245628835,-0.50106016439525913,-0.28206725816689365,0.5586749273746302,0.80876603115293522,0.18379290621806088,0.13603511310152494,-0.30795489687505417,0.94162531268765792,-13.418317974611352,33.656695743151637,-6.2578842021794703,,0.4390377692614132,0.6666666666666666,0,2
-0.71386711418411153,-0.66058968461590983,-0.23241129891961407,0.66780477276470451,-0.74207268356454936,0.05800791135690226,-0.21078550414848429,-0.11379543438276311,0.9708862293567192,-0.17768240130237806,7.4659369479353712,-1.7249777799021002,,0.07898784023432318,0.2673267326732673,0,5
0.59531638364882589,0.79656085355145301,-0.10530531776062264,-0.78443441258053437,0.60455833099938783,0.13846254648339887,0.17395705136244599,0.00017609263585613422,0.98475322455560788,-1.5435883144344456,14.747561109156706,-2.4635788916657844,,0.2786580979197238,0.7826086956521739,0,4
-0.89847726492179203,-0.37795552835588081,-0.22335671694373549,0.37488282813100982,-0.92527451873635735,0.057705546957802223,-0.22847640926614873,-0.031885475728462821,0.97302715627387182,-19.286747843917517,19.590223066158124,-6.7531722375003023,,0.08504741902805671,0.2857142857142857,0,1
-0.96090974554889774,-0.1412862927752449,-0.23809797223618032,0.15050030584822655,-0.98838945311284898,-0.020879341820908441,-0.2323835597643332,-0.055896980679745197,0.97101668816871789,-19.599269742378166,13.569551735786407,-6.5315971876472796,,0.1180627915527913,0.4634146341463415,0,5
-0.97534577439599668,0.059310046763456491,-0.21256278771410134,-0.049259167980459352,-0.99741699320741883,-0.052276916807943927,-0.21511428297011428,-0.040517403840675495,0.97574801319206639,-15.174819817410455,-6.1403214544903619,-3.6060908568296699,0.2765885405231277,0.2101376852549047,0.65,1,3
-0.94251494769253419,-0.22168152939848598,-0.25004574161478427,0.24216533024364248,-0.9687329377043169,-0.053967103264409261,-0.23026403584608426,-0.11141721110453297,0.9667288548841193,-16.094378906993153,12.827995052648593,-5.6799076211257287,,0.1381803229354903,0.2678571428571428,0,5
0.92598426743025486,0.33040353710302034,-0.18272011148603029,-0.27699973281877066,0.9233522807944623,0.26587913338581881,0.25656243780020482,-0.19558647249101202,0.94653137681142852,8.8240824425330047,2.1569507361523477,0.85774067941435983,,0.3600386481998456,0.12,0,6
0.13619409656108036,0.97603837369604796,-0.16970639685847522,-0.98466333994407895,0.15221989128093261,0.085247942312956154,0.10903795225554808,0.15549340105353734,0.98180065552876949,-0.41992216909601282,5.7311634085856547,-1.681589649173137,0.1432265679651792,0.1251819549975287,0.4473684210526316,1,5
0.85651635097471224,-0.45263008568563406,-0.24800352022739339,0.49525342684622808,0.85603424919719484,0.1480858109288746,0.14527141394655496,-0.24966251167047523,0.95737393246127078,12.821077689857665,-4.7292049681144945,2.4974214647080881,,0.08701512715638657,0.1111111111111111,0,5
0.32633507047109639,-0.91599779064966913,-0.2333526715200599,0.94524713504843239,0.3152808223775449,0.084296243828942921,-0.0036435509265359033,-0.24808476488060149,0.96873147671105497,3.8386229510798038,-11.102379746038125,1.0081996315071409,,0.08261929258002512,0.2592592592592592,1,5
0.80055160133246817,-0.55007272633595128,-0.23777537581792643,0.58483986865090543,0.80368069704874801,0.10981650708172956,0.13068841433124076,-0.22697430015879252,0.96509233000113159,-13.13925009485539,-2.0397226880070174,-3.6815945546728779,,0.08874147094835366,0.3170731707317073,0,2
