axis_00,axis_01,axis_02,axis_10,axis_11,axis_12,axis_20,axis_21,axis_22,location_x,location_y,location_z,dbh,dbh_approximation,score,reconstructed,number_clusters
-0.33252632811436833,-0.8862983896716915,-0.32233740952012346,0.94286883446684766,-0.31989390845422672,-0.093092686742885969,-0.020605875421971908,-0.33487766691621451,0.94203627642402887,24.59926830615165,2.6647387181172388,1.8849784713921685,,0.3169754210155314,0.2857142857142857,0,2
0.97189705021268036,-0.1523024026048346,-0.17949958760032161,0.17302499820714257,0.9791957882982073,0.10600923626963348,0.15961977879733125,-0.13408797984848442,0.97802962116535308,2.8033271988960782,-5.7860801086588118,-1.5383651423984135,0.2196335159134978,0.2225566293308204,0.7569444444444444,1,5
0.39785055307992667,-0.888358893159371,-0.22920168925785622,0.91386633004040285,0.4057906464065395,0.013501189112427554,0.081014000225164737,-0.2148311621567538,0.97328531455781109,-11.843597277488637,5.2901513254818813,-3.6441050834341504,0.2421852556115739,0.152522197619192,0.4889705882352941,1,5
-0.30365663859042225,0.94896651303059298,-0.085177479338865936,-0.95099395431205935,-0.30734700894365424,-0.03388679617936681,-0.058336478312272483,0.070713317274376575,0.99578937635334075,-7.4025771794085999,-17.659322207558766,-3.3652639379736282,0.4983093535452121,0.5069780786687039,0.8761061946902655,1,5
-0.1827929049067932,0.97510361505411569,0.12553761915908676,-0.98226879549964208,-0.17572438954356803,-0.065337219922670192,-0.041650537852697983,-0.13525486618948776,0.9899350250741944,1.16914508675602,-17.15105628058123,-1.987010787607461,0.8052594354714543,0.7366629854190125,0.5714285714285714,1,1
-0.11163263910866325,0.99164334464507398,-0.064665531056092768,-0.99348522401126937,-0.11286715792646883,-0.015751645402310239,-0.022918629036517098,0.062485851860506259,0.99778266910202151,-5.673884699402743,-12.775146039780941,-2.9379346322261495,0.7279502210620939,0.6789907429998845,0.2844036697247707,1,5
-0.2074577821226409,-0.91501630905015996,-0.34598615985177139,0.97607424702077095,-0.21716173048208395,-0.010947470797433956,-0.065117838873759257,-0.33997931846841423,0.93817574583558849,22.611615041783629,-2.2503998527046534,1.5860024784755138,0.997316690938149,0.7039264313347542,0.6363636363636364,1,3
0.44282195214164477,0.89138853630858506,-0.096618818245214566,-0.89507585115239208,0.44579055504129617,0.010488170469382814,0.052420791536226356,0.081836778856527195,0.99526619667358573,-5.7027911733941679,-16.244418271560193,-3.0602814655681048,0.8646310997218027,0.730189820292915,0.6056338028169014,1,4
0.84557185952823255,0.53376387324486196,-0.010215575980371741,-0.52597449297740761,0.8362041339869245,0.15528515395986001,0.091427912100883926,-0.12593162399421851,0.98781686712014227,-15.097105477282119,-34.24803815435088,-5.5122638796777546,,0.3801181220033209,0.2142857142857143,0,3
0.98568565062487745,-0.053734054483533349,-0.15980128141217187,0.065076720606134994,0.99565450884513895,0.066611706564954645,0.15552754928745743,-0.076057546667673046,0.98489919839927387,-10.664996840972828,9.3479634474961468,-3.4817284121204382,0.2173073259057126,0.1413359947246633,0.5797101449275363,1,5
0.5393556205472958,0.84207808910428184,8.0215482382228336e-05,-0.83908871545168318,0.53743288596401018,0.084237881538180417,0.070891763877668157,-0.045501482776686322,0.99644566980816218,23.221396719544305,-9.3511748721542443,1.6128565229948812,,0.3631903138236587,0.4,0,3
-0.35098486970479581,0.9362770529754515,0.013960705924502109,-0.93411268408304093,-0.34905851143617722,-0.074777329647003524,-0.065139194602665401,-0.039286583785856775,0.99710252715603553,7.411663371899162,-10.646966713620671,-0.92397513934685105,,0.2304158778713757,0.1538461538461539,0,3
0.69371332374417483,-0.63718021870094133,-0.33580231291048379,0.7083127706964395,0.68806630473811747,0.15766349974666199,0.13059419331709565,-0.34722633710629325,0.92864364935727883,-30.185480178819319,5.0770261269802965,-6.1782187004601683,,0.2398380450218472,0.2608695652173913,0,5
-0.80403519837121606,-0.57252396185427201,-0.16044847423035333,0.58321508476803074,-0.81191922858739418,-0.025442703257926771,-0.11570464415562197,-0.11403279946024379,0.98671624896323773,6.576766398458834,1.0191822958706083,-0.93777269774479455,0.2806588580234244,0.2207004017712424,0.8776978417266187,1,5
-0.090679928569238025,0.98989057705605299,-0.10905868149905588,-0.99530613542036306,-0.093800014428637529,-0.023817096543658905,-0.033806025339581845,0.10638704220355992,0.99374994334687539,-1.3798227161979881,-5.9482471188989816,-2.1559997473247812,,0.1083226062900446,0.2738853503184713,0,5
-0.67482665364986105,-0.69793346938961198,-0.23978711356015414,0.72950182167488109,-0.6799817002781785,-0.073837520677688701,-0.11151717220572374,-0.22475266314902109,0.96801351266945779,12.327423884885715,-19.30566924142428,-0.34739830340445027,,0.5314609248450178,0.6739130434782609,0,3
0.94060938635194036,-0.26697017521885258,-0.20971625556985726,0.31041749818774039,0.92645610581798499,0.2128850882787211,0.13745893614272819,-0.26534130763262231,0.95430552305764227,23.038464815143978,-19.043759501127042,1.3766657583713815,,0.3532036842670709,0.2857142857142857,0,2
-0.98729829174159123,0.0019411075169941192,-0.15886571444381553,0.051170780539928656,-0.94275784873443402,-0.32952873906316216,-0.15041154989917147,-0.33347244376594393,0.93068388559472726,21.908008505084101,-0.39974237874999879,1.4605669318690686,,0.4044393927046924,0.1428571428571428,0,1
0.96542046910559443,-0.2038458963043655,-0.16251205614293698,0.21285711564172941,0.97626723728176812,0.039926554207809807,0.15051633184680874,-0.073137760220666009,0.98589842371173697,-7.5832801948292436,-6.6471571522506938,-3.1224741432717376,0.5793731897979327,0.5234684532738579,0.9746543778801844,1,3
0.95321982356764801,0.29391603556096879,-0.070606883501441633,-0.26935668351355185,0.93191326204787772,0.24286755457628584,0.13718215993431207,-0.21248773155033721,0.96748644379978266,-14.695812331891945,26.90377824649007,-4.2483233906762683,,0.1809423792482865,0.1666666666666667,0,4
-0.65722096296867016,0.74300301496060106,-0.12651926965482402,-0.74578643505484743,-0.66535255804961457,-0.033295146568471296,-0.10891831399133543,0.072474086791700407,0.99140521867750619,-8.3424430120289959,-15.17300181621709,-3.4630331632285483,,0.08892858813361007,0.4074074074074074,0,5
0.1951232389355459,-0.94905017498727096,-0.2474483521544103,0.97967559737110288,0.20056142743732783,0.0032920722768214361,0.046504252954714928,-0.24306147202083014,0.96889549244291184,-13.149134202486795,9.5405276749361168,-3.8197988309152118,,0.08732587221139546,0.4705882352941176,0,5
-0.10253946444140308,-0.9305424030677456,-0.35153448525710246,0.99472670489733062,-0.096671387507239401,-0.034255297422802554,-0.0021073196648323076,-0.35319326002959184,0.93554801067262194,1.4365892212663887,-20.379688806303598,-2.0386814489728522,,0.3668586155968105,0.4347826086956522,0,4
0.38775173517122852,-0.90011403599026463,-0.19860340904681598,0.91774624882634359,0.39708881636776461,-0.0078926979431419471,0.085967520825456778,-0.17920712633420377,0.98004815760969644,-7.7286677131002897,-9.204808022989651,-3.1771122898994388,,0.3985886007668812,0.5641025641025641,0,5
0.78027740411364421,0.62279398374899397,-0.057400578705539031,-0.6143029807231396,0.78039424102964572,0.11669051564900026,0.11746923216033674,-0.055789626041238723,0.99150819316929517,-11.581675005887824,16.104780191501188,-3.6984721667789495,,0.5187916261798378,0.6666666666666666,0,5
-0.23444847338945943,0.97200402531461305,0.01555918049069383,-0.96778180610353359,-0.23185841013929392,-0.09818377372388172,-0.09182749642854951,-0.03807692765795466,0.99504666145854537,-9.6306272220027918,-21.672246919599864,-3.8703397589639588,,0.3999197332112284,0.4090909090909091,0,4
-0.90604142542774102,0.4138193947531828,-0.088557574125422395,-0.39703126012990392,-0.9036484637142066,-0.16057905376050191,-0.1464756426459044,-0.11033114951393901,0.98304217791425708,6.1068959286848878,-24.002109149408117,-1.5694451657060344,,0.1465286481741773,0.375,0,5
-0.76557111362414176,0.62870490590014561,-0.1364954624937425,-0.63001802983839206,-0.77560747285335507,-0.038862966080617969,-0.13030023815343697,0.056242238141111858,0.98987810289249079,11.053803264661276,-19.680988835622706,-0.57840224724554834,0.7010744295447566,0.6222893338221127,0.8611111111111112,1,5
0.93848104317368708,-0.30716789195879396,-0.15780119693215078,0.3120436687164545,0.95004561770766793,0.0064863771422985867,0.14792592882116493,-0.055328206405478385,0.98744959828760348,0.020989547783814896,-17.991670614087596,-2.1966778128088915,0.3256292279044936,0.2682747520411769,0.926605504587156,1,5
0.26281480451278511,-0.90203907511066828,-0.34242354694500199,0.96335432174440139,0.26505574852586949,0.041157027951188765,0.053636082120996444,-0.34069188007183371,0.93864381612400172,6.4608282335472973,-26.728395975931747,-1.6537964935299678,,0.3875212487550238,0.1764705882352941,0,1
-0.97489806874679619,-0.14376832469995063,-0.17001301234533675,0.16904134898543799,-0.97489595532713824,-0.14492376830585418,-0.14490955070991524,-0.17002513078881915,0.97472697562614674,22.112821060905635,-13.494780743621289,1.3624592694167101,0.5112263401603219,0.4015415453338909,0.25,1,4
0.94886995635805904,-0.25290817874067478,-0.1889001298229524,0.28330768956553765,0.94621378852966631,0.15625690202154721,0.13922125898759216,-0.20178433914060193,0.96948466801878774,-16.394888028231783,-14.552692376207354,-4.6488225584574092,,0.4404456008970394,0.95,0,3
0.76255072418521352,0.64021727578852428,-0.092942093943090165,-0.63845091809862653,0.76793306982754816,0.051567678290357827,0.10438782603170961,0.02001599478311223,0.99433522603255653,4.7686514558727939,-4.6430058972089814,-1.2285538790704185,0.2700900482681447,0.2643143381502632,0.8522727272727273,1,5
0.028862616834927,-0.94995664533317081,-0.31104552936312857,0.99900381111126313,0.038008806336313594,-0.023381959414487456,0.034034317014042158,-0.31006080472745556,0.95010734269194608,-9.7959060636521151,8.8643293546663262,-3.3715983312226636,,0.3352200904662925,0.1777777777777778,0,3
-0.79023455364095163,0.59542877405738437,-0.14489280608920713,-0.5990194217730842,-0.80042417720986514,-0.022290555770298703,-0.12924814339294899,0.069178837533085777,0.98919624234377534,4.0387824167177966,-6.0551615232775564,-1.348127747893846,0.2944982264033217,0.2489843928343404,0.8958990536277602,1,5
0.41627310417799368,0.89537017898348947,0.15820538968407741,-0.90780348319688564,0.39950017379742886,0.12764187021281756,0.051083643503758873,-0.19675328135230039,0.97912134469813483,-14.982660400649559,29.18122457046525,-4.3965916775897318,,0.7929468819818761,0.6346153846153846,0,1
0.95570858639197098,0.28256284004426835,-0.082336743455019568,-0.25740263262698088,0.93811947467143209,0.23168024507690704,0.14270593054726244,-0.20022510499014187,0.96930125591496419,-20.322188810726004,19.98311587201156,-4.8771953820918741,,0.4500331918189747,0.2368421052631579,0,1
-0.90835507366950263,-0.36093546496042078,-0.21122653780403219,0.39631086993282033,-0.90420518436151598,-0.15921896541194372,-0.1335243592456625,-0.22833872800636179,0.96438201496112208,23.756916543254395,-16.600590780287884,1.5666138571216484,,0.4040066506880184,0.2608695652173913,0,1
0.36862386390627871,0.9290665131558633,0.030852246129104879,-0.92856022613446321,0.36646399379558059,0.058991929045477481,0.04350118848858385,-0.050394001466426711,0.99778158492541957,-14.133667600786859,-17.658816911624225,-4.4124001620985975,,0.150183575207002,0.4545454545454545,0,1
0.97323232168514273,-0.13198992660188366,-0.1881422528380513,0.17292695348400822,0.95977365284476246,0.22120308330527821,0.15137739853124532,-0.24781685693401015,0.95690735634817958,-28.906811729533175,8.1644546067346759,-5.9633024467819595,,0.1614254285082446,0.4,0,1
0.19833891236449558,0.97874166098600024,0.05221529366416687,-0.9800523753363628,0.19735545977219004,0.023412904468721678,0.012610211719991632,-0.055817412592072513,0.99836135693039751,-1.6449015280166144,-29.383028247599288,-3.0898429774295328,,0.2815264913872065,0.2173913043478261,0,5
0.91716262949393423,-0.33821478812729688,-0.21076875516019825,0.36394851730985289,0.92632529827343968,0.097277533514078612,0.16233972960348211,-0.16592829436425421,0.97268371700241685,17.809387125192178,24.259398471037436,0.053194574053015024,,0.3439185545762147,0.2727272727272727,0,4
-0.21042270043598815,-0.94845417808306665,-0.23697459614481975,0.97744962377935174,-0.20851082848949992,-0.033398613387770462,-0.017734714963309074,-0.23865855626689014,0.97094159114015388,-3.3390627714925154,-29.150732080654134,-3.3454366424423934,0.2751644539562645,0.3097382956778307,0.84375,1,5
0.47366839393281629,-0.85308283898136505,-0.21883309261764208,0.87657003611360174,0.48070469678550853,0.023408679504672417,0.085224552664747849,-0.20291048352376378,0.97548147665614215,-11.942113558464772,4.2379300705453273,-3.656580640930553,0.7255129028570081,0.526314816622919,0.8687821612349914,1,5
-0.61784312846397538,0.77871996595090065,-0.10892696286629083,-0.77836126714479981,-0.6253443735557056,-0.055661048058425269,-0.11146123280579469,0.050394732776839618,0.99249018357350116,3.6626820859086626,-11.290211434674191,-1.5059981059922916,0.4057721179787335,0.3423745716870749,0.9204545454545454,1,5
-0.71172027464370102,-0.64842979080962615,-0.27017227291430262,0.69259297357394145,-0.7119904990840481,-0.11569140923186726,-0.11734233514423534,-0.26945933942736855,0.95583599052257173,-28.34085074979205,31.127777746379326,-6.0925277070495758,,0.4122113492384054,0.7878787878787878,0,2
0.039579872872056145,-0.92427493816779449,-0.37966995185075031,0.99857164732981607,0.050235518925603892,-0.018194993467777101,0.035890093514074586,-0.3784074937328733,0.92494306304461604,11.48895512310485,8.8943398863500587,-0.14796428712367138,,0.493022914659337,0.2972972972972973,0,3
0.97869479697267203,0.14301044638731791,-0.1473244942388077,-0.14397437666956472,0.98957268947836419,0.0041558514371730281,0.14638262615908618,0.017143642047638546,0.98907948229457887,15.23111182794251,-12.392418342731773,0.25925263902874396,0.2473444847569148,0.2208541370355136,0.7727272727272727,1,5
0.54682476206613051,0.82940112379679254,-0.11435233026020113,-0.83400146106806339,0.55161501010145275,0.012745335111743051,0.073649457076451888,0.088400545673613398,0.99335849570885171,2.3712483355856961,-20.253566931640606,-1.9182062551714207,0.1873377552454504,0.1503712815205145,0.6071428571428571,1,5
-0.91472169882001786,0.37965057779226058,-0.13838226941997844,-0.37482543231609894,-0.92512367432253229,-0.060432462278374149,-0.15096393276829476,-0.0034096905989247444,0.98853339094496451,-2.1174158596975272,5.5819783640477931,-2.2356875054016587,0.1743571682733675,0.1217590997926035,0.5550239234449761,1,5
-0.74391710529962007,-0.57642523938938128,-0.33811430587529001,0.64508059215481883,-0.75153831128763304,-0.13806229134750037,-0.17452326511907623,-0.32081787678031276,0.93092293981314578,-12.001379528623255,-13.959059067873138,-3.9679412964704319,,0.3666456885189158,0.36,0,2
-0.1065071896585094,0.9939558114472663,0.026609461498756856,-0.99413046794935178,-0.10593835118537218,-0.021947173916676152,-0.018995558582215147,-0.028790808226451185,0.99940495201685831,3.9490836425818299,-16.646786684004212,-1.5439987485407667,0.6092254974780872,0.3087242171559533,0.2413793103448276,1,4
-0.53084725260816901,-0.83279620322522996,-0.15700852936067128,0.84464481180976558,-0.53502835147918271,-0.017883092470669146,-0.069111043120511848,-0.14210963024056475,0.98743532279926349,-2.5451388718186627,2.8831027915239593,-2.3022759789980092,0.302716789416293,0.2628435355917053,0.9153661464585834,1,5
-0.29244671092560015,-0.92160528913082485,-0.25518348754354708,0.95627513460710889,-0.28084218990019688,-0.081642705150050413,0.0035760594171354658,-0.2679017644924177,0.96343959664365841,-16.184506291867773,-21.357151146831381,-4.8553483052105761,,0.3512429060115013,0.25,0,2
-0.80047135307363504,-0.56681520589303724,-0.1948490063533751,0.5871519844425247,-0.80686760286167269,-0.064940115625578596,-0.12040830566729661,-0.16638868297060352,0.97868107476625876,-1.0805553375916803,-21.457537358536829,-2.4927342342420831,0.2298447516539582,0.1148007958700284,0.3928571428571428,1,5
-0.78544434317375533,0.61893122361924768,-0.0011507412954828722,-0.60739375382480565,-0.77115757541292396,-0.19075854292238753,-0.11895382125413015,-0.14913126537531274,0.98163631457714484,13.012333914128382,-29.905728194860004,-0.78348162951497613,,0.406845708352194,0.2083333333333333,0,3
-0.10266118381190209,-0.94229326999492058,-0.31865981023753215,0.99469551208670937,-0.099323915310256791,-0.026750665075878151,-0.0064435683359270503,-0.31971573807012077,0.94749159746004097,-23.789443984508885,19.663460613992534,-5.2998050788350373,,0.3429779863139961,0.1578947368421053,0,3
0.86940340298982555,0.4842524466396852,-0.098169704049625273,-0.47898404651994736,0.87477150947945737,0.073137469073038086,0.12129305853629523,-0.016564242406807275,0.99247852360864774,-8.0971547703029216,7.6039220139555104,-3.1109613277620589,,0.185987863229541,0.2231404958677686,0,5
-0.63468890724903504,0.77139005467600175,-0.046123470836237641,-0.75792305178296293,-0.63302957809649618,-0.15756332324171263,-0.15074030181416681,-0.065045651675785424,0.98643115553344463,-29.479968597976786,3.5642018528015544,-6.100358977587053,,0.3983952528441622,0.2195121951219512,1,5
-0.94899460887501197,-0.27000762176156723,-0.16280392045901848,0.28586436464678494,-0.95466685477902513,-0.083022656012769855,-0.13300675678796905,-0.12532789225462618,0.98315925570161833,2.9016071949433342,-17.779176675299684,-1.7269463578179869,0.2883559519909465,0.293402431147502,0.4210526315789473,1,4
0.89677777037476825,-0.37582860143565727,-0.23354334266807469,0.40617618520994997,0.90857306028841611,0.097549478145376553,0.17552930561576374,-0.18233994751853169,0.96744075085195125,12.962106733921122,-25.135545454150012,-0.51213590636049044,,0.6165087062330588,0.3809523809523809,0,4
-0.98451235836715767,-0.062793733658883966,-0.16368372929376901,0.089183158417733985,-0.9832056356541049,-0.15922638686048995,-0.15093634577853049,-0.17135817760231384,0.97357824261424386,-21.563164863834587,20.270668571881789,-5.0423128004208477,,0.2194801848321112,0.4761904761904762,0,2
0.11332617545346468,0.99217333771953387,0.052433251621182939,-0.99355039418849433,0.11337169502006608,0.0021149411729273842,-0.0038460583690833072,-0.052334756011247797,0.99862219139585784,6.1120887195629265,-5.0977348821906432,-1.0240560963539858,0.1856914739185452,0.1756078295263378,0.3214285714285715,1,5
0.92444021826747058,0.35438317331248481,-0.14079364091665011,-0.35546777005098618,0.93451080891214178,0.018226696940358843,0.13803241396343355,0.03319810987616046,0.9898711725250311,-11.561636918661762,7.8227644539752106,-3.6128466205586749,,0.1310592776989702,0.6089385474860335,0,5
-0.85265194232427644,0.50240198282686943,-0.14344655068097664,-0.50432871204075935,-0.86314146585853502,-0.025285571515978929,-0.13651818729366719,0.050784422485747611,0.98933499229070121,7.5427835933430609,12.869679071803501,-0.83630422016788797,0.2896203055258751,0.3045665509220056,0.831858407079646,1,5
-0.039065278860212327,-0.95889101242967445,-0.28107282022488006,0.99835534867496667,-0.025643524555819711,-0.051273847334104901,0.041958333613954193,-0.28261358058300912,0.95831574249325124,-9.8486248901776712,12.070972352790259,-3.4246355419907917,0.1527508129693373,0.3176138251550238,0.3658536585365854,1,5
0.54483190711788387,-0.75914722315079597,-0.35616525177047575,0.83301975220525049,0.5386736614989267,0.12613000770333874,0.096105595165911106,-0.3654123424157657,0.92587123002501304,-32.487773295596057,5.9413867113719956,-6.478017045218345,,0.3114474137977445,0.1764705882352941,0,3
-0.083477387804459499,-0.92675811035799027,-0.36626620184099795,0.99650935330594004,-0.077340492298979019,-0.031425420040611003,0.00079655453118277441,-0.36761100791004403,0.92997930749250579,0.4545343570212696,3.3736189750463512,-1.8486414426240749,0.33866006763475,0.3105494100374784,0.3947368421052632,1,2
0.087967884202322821,0.99193223949238007,0.091280247614683938,-0.99567718261154547,0.09030076596594705,-0.021742117944175014,-0.029809384020840241,-0.088973051659446328,0.9955878648832075,-28.304529785252456,12.90919946083787,-5.8670819121618356,,0.2610049849558774,0.1666666666666667,0,3
0.52932545094577466,-0.81919616650066707,-0.22075372651818304,0.8471641669162977,0.52448311048960627,0.08503141245542481,0.046124194020807391,-0.23202393756196846,0.97161589690791517,4.6863947788459193,3.4527263471665632,-1.1939039087720833,,0.2547473840524111,0.6601307189542484,0,3
-0.90032124108910616,0.41817331054332169,-0.12063475947259647,-0.41200821542048816,-0.90821969403081415,-0.073390856382796382,-0.1402529617148858,-0.016372834935167311,0.98998032152482196,-10.292200317377864,4.3103251464475871,-3.4354893896965515,0.1780460349014848,0.1276964858070214,0.4836601307189543,1,5
0.98389042609207678,0.1428765701562453,-0.10745192015380142,-0.11389787111439398,0.96425713001198887,0.23923934077958764,0.13779297659881057,-0.22314675198494427,0.96499669568274149,16.507513573111936,-1.6557209127247192,0.59778691873952849,,0.4390627065068647,0.2857142857142857,0,3
0.9869464496230993,0.0688982181117372,-0.14556696437512076,-0.044856476816829943,0.98570248330021337,0.16241462650689764,0.15467579663263875,-0.15376491783505533,0.97592609760126747,-6.7415640782926243,12.483557313402061,-2.9646790020728999,0.5929251806088582,0.5653107798550674,0.6574712643678161,1,5
-0.94964041131618471,-0.265888484115894,-0.16579023858411965,0.28403184628827061,-0.95388347632074744,-0.097119637027339042,-0.13232157605358119,-0.1393184396151412,0.98136709385117393,29.613665085308838,-19.748678275761087,2.3863961575297825,0.5641972338560852,0.4093701890796531,0.391304347826087,1,6
-0.16053054713926262,0.98700916203866229,0.0065465629842770537,-0.98640019548966207,-0.16018738074625813,-0.036805670590419837,-0.035278857310379587,-0.012365965445183801,0.99930099826102614,-28.361065773132957,2.7184878294424109,-5.9726859041072702,,0.1252735618863961,0.225,0,5
0.91991205878719295,-0.35849123111376657,-0.1588893996226412,0.36533856669791104,0.9307507875851514,0.015188913481078556,0.14244134154459287,-0.072020890192746906,0.98717954577413147,-2.6894786288561785,-30.094757032991218,-3.2762806856272739,0.6432019041845328,0.5679182767699806,0.8518518518518519,1,5
-0.39733993198029161,0.90741688835979795,-0.13680485800335762,-0.91487125670418312,-0.40333818774577779,-0.018135323610574825,-0.071634922421998523,0.11795294411490276,0.99043199709228946,1.1922265782024846,4.9932484639540125,-1.711210394677172,0.3779549556933545,0.3112502075432185,0.9422066549912435,1,5
0.68721725322899885,-0.69378681873784231,-0.21538871142660637,0.71749953374527797,0.69463224387170008,0.051773205899146982,0.11369637610626922,-0.1901207403714576,0.9751549816008277,-13.632920310026716,-14.29070863646951,-4.2334038602236603,,0.07340299790308777,0.2631578947368421,0,2
0.59402646899148781,-0.76923709332778878,-0.23538659347150429,0.79794864517991559,0.60055291534200606,0.051128813107232746,0.10203192536182802,-0.21819828166791766,0.97055602418620146,-11.629910141652509,31.271135179342348,-4.0992560664317095,,0.3814665426734474,0.2666666666666667,0,1
-0.20785446451845749,-0.95696303128436511,-0.20252969741444013,0.97690140975444262,-0.21358771977297283,0.0066273359628692434,-0.049599971769427653,-0.19647402555356117,0.97925369546571084,21.721629275129594,-11.815817332717357,1.3139464713248381,0.6826454857496032,0.3376843169661637,0.546875,1,5
0.81744594987058961,0.55873301736384939,-0.13999833694604419,-0.56388866260897352,0.82584377107654827,0.003412030939161302,0.11752316886994274,0.076154324115934729,0.99014585980915604,15.82782010910414,-7.4441416574683581,0.44313649116096315,0.2442140476081348,0.236987655802372,0.7352941176470589,1,5
0.26662715223625633,-0.94513353751626783,-0.18876588132490923,0.96347576849152217,0.26645329676176061,0.026778427408277912,0.024988101569652994,-0.18901120841573082,0.98165694510514734,-11.143037496327775,-13.102944050651962,-3.7941536016763786,0.5818651624582077,0.5100404458473534,0.967741935483871,1,4
-0.61729406320042191,0.78404018516580509,-0.065030974025341012,-0.78345115439291835,-0.62015742214611802,-0.040113095585933151,-0.071779720101975253,0.026187015909661715,0.99707668309906361,17.884735776473729,-10.531476136624828,0.70029474065812702,,0.1253201330263097,0.4666666666666667,0,4
0.92797295744736774,0.35599438106467635,-0.11015530353443513,-0.34614518213572237,0.93294027831379123,0.09902499676351223,0.13802066196991422,-0.053762791502709718,0.98896908906154546,-2.0841418113213201,9.4070593003016771,-2.2745281843317144,0.3118440889616335,0.2849125708999732,0.7306273062730627,1,5
0.24523188198999105,-0.88267560272276346,-0.40093029869748303,0.96783943811705475,0.24683881135237554,0.048553303032955859,0.056108342346844295,-0.39994297289507713,0.91482100563494761,-2.5384079776330686,14.85410608234238,-2.4258883521649923,,0.56879552845332,0.1891891891891892,0,4
0.24229290086791277,0.97008626797320507,0.015059312030503364,-0.97009490156422795,0.24200482357928527,0.018696184729819532,0.014492485918720906,-0.019138914655206465,0.99971179336732752,40.208888690561281,-1.4531208650342362,4.4337163511963729,,0.351571768427015,0.35,0,3
0.33110106309671467,-0.92180181061166877,-0.20162715087327462,0.94117550356743673,0.33791751636123118,0.00065086161270811415,0.067533380641036228,-0.18998203622791832,0.97946213219801759,-0.82636788710531506,-23.568723370287323,-2.5779758402599118,0.3116549787846609,0.1880393258915764,0.5416666666666666,1,4
0.96458173073756281,0.25319428938948985,-0.073991462668875033,-0.22063524634808668,0.92814653192472962,0.29977342001087459,0.14457583752566497,-0.2728308397096052,0.95113677255540119,20.652338704568727,-3.8124288432508493,1.2403761696256925,,0.4629471713919608,0.8,0,1
0.55711241841345271,-0.78281041497223636,-0.27718875781768182,0.82478131687586931,0.56047441283077193,0.074861284349849136,0.096755013213896207,-0.27032625986573566,0.95789466051595806,-4.0832567265681083,-14.251364732760617,-2.7326024657165999,,0.7337700356281243,0.4157303370786517,0,1
-0.80814838941015932,0.5881144320339492,-0.031899773152035418,-0.57166074194920624,-0.79627179247943647,-0.19787680161067189,-0.14177509233941329,-0.14167797053519421,0.97970769919256051,9.8629323988867359,-10.147572865714119,-0.52536969536807732,,0.4713785951616857,0.4594594594594595,1,2
0.23456444055846803,-0.9402431980851268,-0.24682433364672163,0.97194911054424138,0.23132401174710654,0.04247502915225268,0.017159537807092888,-0.24986382299940871,0.96812892747731161,-4.5472854252186066,-12.523133181019389,-2.756243735719853,0.3995314645803036,0.2802306500730452,0.1818181818181818,1,3
-0.69774630249407543,-0.65088729071894524,-0.29915854013615834,0.70975752259924718,-0.68466351360617894,-0.16577132517483609,-0.096924488492978869,-0.32799635351173212,0.93969358602332798,-13.699730399665736,29.038967854161207,-4.2328104925759389,,0.7514260742282919,0.3055555555555556,0,1
0.86561842634363106,0.49799596708385768,-0.052007275862025096,-0.48735207100951738,0.86180489283128858,0.14064240318902954,0.11485947438983839,-0.096396802126753084,0.98869356106056738,-3.0361793781405315,-16.821927540927803,-2.6101551890765209,,0.2739848005883612,0.3823529411764706,0,4
0.67973938078100848,0.73138365667330141,0.05506651402296573,-0.7274152507436018,0.66262628607550622,0.17830720116530555,0.093922453125300565,-0.16125864861449124,0.98243280739496597,15.621276941012463,7.4177499324662248,0.44042648766555076,,0.5367694823811002,0.16,0,1
0.91009694763687066,0.40669453273760225,-0.079517941015809834,-0.3866398283422442,0.90240578232265189,0.19019318381614542,0.14910797779304255,-0.14234943298793082,0.97852105234710396,-2.1691571533909704,11.193626868623213,-2.2904865444206637,,0.2399874311731838,0.1568627450980392,0,2
0.67184298102928619,0.74060890696782544,-0.011200703621011094,-0.73488123043523579,0.66838539043081668,0.11493714374665616,0.092609859063044198,-0.068988526426996072,0.99330961800727358,-27.881753246059052,15.566628046805844,-5.8072481337894706,,0.7359457356626355,0.3181818181818182,0,1
0.99280141358012797,0.024406228446731716,-0.11725906875933145,-0.0084319358902999238,0.99083149716229857,0.13484007819732285,0.11947491640692431,-0.1328806992912222,0.98390470275603159,18.743867148649617,7.6829969763262209,0.91290367594058719,,0.566762934512305,0.9459459459459459,0,4
0.19819405337735813,0.96669966258687212,0.16189774414821412,-0.9800205640162688,0.19262952905790068,0.049533409333157107,0.016697643878333421,-0.16848034570643272,0.98556357572688025,-28.288727365684018,9.7066803362171399,-5.8821775774528202,,0.3046020905553853,0.5,0,1
0.016742563169104729,-0.89837892491650473,-0.43890203217163892,0.99972579032101871,0.022228820570321391,-0.0073636745628701599,0.016371644558319114,-0.43865839419976732,0.89850474815247305,4.7678928565993131,-16.087011175690535,-1.4319807053191855,,0.1952601965789397,0.3333333333333333,0,3
-0.14743298550174003,-0.94528666592333588,-0.29102686132655847,0.98881840221020845,-0.14753345107678995,-0.021726671715275103,-0.022398264140210289,-0.29097594409317862,0.95646814778255396,-27.349957081670404,7.5848055861438182,-5.7816705127666417,,0.7676054603142769,0.5873015873015873,0,2
0.21717601993870347,0.97582236463085892,0.024602622824049521,-0.97589429632016633,0.2164973293494751,0.027554106668740027,0.021561511388381673,-0.029993650507789776,0.99931750818039067,-8.643021561744975,-16.238480633119682,-3.5374723692137229,,0.1113951745440258,0.1,0,3
0.97652192337266519,0.16875862935433125,-0.13388598952466482,-0.15225036981415399,0.98037234082912428,0.12525932391912958,0.15239671277296174,-0.10193428449580393,0.98304864761634492,-8.780899845159686,-10.695809832276938,-3.3760879810988924,,0.1568418858518742,0.2592592592592592,0,2
-0.77018890018098052,0.63087993333328463,-0.093806011296730524,-0.61926667995160956,-0.77486965834787414,-0.12682977439686685,-0.15270179154064528,-0.039591947277695258,0.98747893170995715,-5.8594384410409068,-7.8373468606565089,-2.8716102956833036,,0.163184951590199,0.3333333333333333,0,2
-0.74945392413371725,-0.5674495314289455,-0.34105695254845975,0.65357706916626357,-0.71631492441885358,-0.24439710250911187,-0.10562116388588695,-0.40607137098776397,0.90771703267235693,-16.141301381069731,28.493891255143126,-4.511932638348199,,0.1650295811609918,0.2222222222222222,0,1
-0.69872546311787831,-0.68550529170962504,-0.20460992700455541,0.70877121079925909,-0.70215817168224903,-0.067950516421838816,-0.09708809367198476,-0.19250038176051498,0.97648220930501217,-9.703451234945156,-20.138892599044894,-3.8208299136929389,,0.5590923410306667,0.3,0,1
-0.53750078480761077,0.84326321071156829,0.00025257002928095996,-0.83801473385954317,-0.53412196260174294,-0.11155731666180109,-0.093937277826863577,-0.060173802662618028,0.99375796917941717,10.844161126206501,7.0917584905835316,-0.2633517339845447,0.4863974100091825,0.5074623066610948,0.3571428571428572,1,1
0.16972694862418203,-0.93767842952967873,-0.30323575927894547,0.98469178972712346,0.17375201630090031,0.013867807157788861,0.039684280952515312,-0.30094750310664831,0.95281465050614933,9.5142496661285794,3.1553775010979161,-0.47315186705621282,,0.8919059164066225,0.4267676767676767,0,1
-0.27146141716852573,0.95019373679258512,0.15310310757459572,-0.96088080635785977,-0.25848972592502828,-0.099454198324014156,-0.054925176029978505,-0.17411181508256829,0.98319291132855968,-27.556351485038562,14.105335861353652,-5.7620804024940959,,0.4297946340436944,0.1904761904761905,0,1
-0.5485354597888189,-0.78579685260697019,-0.2857134154835041,0.83298945510640521,-0.54315822347067499,-0.10539313050534112,-0.072370000938266177,-0.2958081315805241,0.95250203792697274,-3.9022012134113,-14.969937956641893,-2.7308557700804488,,0.4332340507048056,0.3055555555555556,0,1
0.84197764596377778,0.52024299913914474,-0.14290159391694454,-0.52563846405100068,0.85070806101055496,-6.4627529632818518e-06,0.12156417567441728,0.075120015830468984,0.98973690161286321,-23.936659599464832,21.995711467820193,-5.338802595301253,,0.2320940794046646,0.52,0,1
-0.096020719326947834,-0.95088366038141903,-0.29427926512000629,0.9950825635213788,-0.098919926156220458,-0.0050537100204219882,-0.024304592892252723,-0.29331742639823383,0.95570611284822293,32.623860107385717,-0.53089103050361475,3.2065788114533311,,0.1201118937316977,0.45,0,2
0.96947341269370968,0.20931456477884358,-0.12770557956274262,-0.19724948432426045,0.97514786911360141,0.10089238968830579,0.14565007042163114,-0.072622629631863694,0.98666712251474564,-28.612667969288282,16.472046671627783,-5.8950639453682916,,0.3502868122244127,0.4347826086956522,0,1
0.83334522748648343,0.53976251949693643,-0.11913082880522174,-0.54226207624999789,0.84010650280887111,0.013149319346970344,0.10718009370466777,0.053642208050809208,0.99279148920047222,29.628169314322729,-0.67463474982496197,2.7255952673959958,,0.1141818836691137,0.3333333333333333,0,2
0.66947987966777733,0.7411343499716011,0.050165386594647025,-0.73768064620925089,0.6553829592599697,0.16217410681100328,0.087315261714777812,-0.14557833631353587,0.98548617091660051,22.601614934341061,-22.082305909443615,1.2100084387813512,,0.3253349188551992,0.2857142857142857,0,2
0.091040291191641365,-0.89796296593847669,-0.43055101577248084,0.99545938944026979,0.094124646377920701,0.014182909413677241,0.027789734704496923,-0.42988726748672768,0.90245480102764619,47.050989284807166,1.6602381598665557,5.256103033254842,,0.4900992244081042,0.2857142857142857,0,1
-0.15519331714850557,0.98403286908446252,0.08714554993713329,-0.98597430903201944,-0.14880684535914046,-0.075572380557276192,-0.061397852090087066,-0.097651601807973276,0.99332495610603788,-5.7382369610155326,15.363930132822583,-2.8872698685030764,,0.3573269426235807,0.4,0,2
-0.47259886633785342,0.88127489652820989,-0.0022064191281955217,-0.87682952698235805,-0.47046324421408076,-0.099168122173696666,-0.088432415708668236,-0.044932088675642266,0.99506824653345993,24.273087987331131,3.5834664658497597,1.7994688708760327,,0.4094002896518922,0.24,0,2
-0.9780368448879061,-0.1006677642146528,-0.18251008544661834,0.14710825191063906,-0.95371223164017416,-0.26228256030417635,-0.14765870194981706,-0.28337074737513213,0.94757476078173031,24.460464421299221,0.99897105156735555,1.8561926422368218,,0.5381320528207414,0.3333333333333333,0,1
-0.85167145413621226,0.52381227388118667,0.016626362829307989,-0.50574334941605614,-0.81314770319413632,-0.28812233046317542,-0.13740232432873831,-0.25379423658058758,0.95744926066478253,30.019331055974,-13.041706380187906,2.6349873942216377,,0.6796560447674173,0.2173913043478261,0,1
0.28502495998922384,-0.93021272236103714,-0.23122513561637209,0.95682707443373038,0.29045029013742668,0.010980828278133625,0.056944901560459324,-0.22437228018797942,0.97283830006302541,11.891930338307757,8.2036689658067168,-0.12223671070049513,0.6685842968764022,0.5393981428185735,0.6296296296296297,1,1
-0.74282094244833508,-0.61954455218729076,-0.25373528590879318,0.66128442459438241,-0.73813597834640643,-0.13363452869476095,-0.10449859926833686,-0.26705771909016879,0.95799802579405813,19.036292384828069,-2.508354562446141,0.98279970763273572,,0.1681939387386259,0.1666666666666667,0,1
-0.96095818150714463,0.24722173582464613,-0.12426096221392456,-0.23229678478103075,-0.96482250473877895,-0.12310864360386896,-0.15032490537125565,-0.089436836289293262,0.9845828939909963,-0.74023979531151485,-33.479115609578592,-3.1635449354964167,,0.2692337707627427,0.6923076923076923,0,1
-0.26747062572361779,0.95220977200556944,0.1474992015982369,-0.96203309576713147,-0.25526665288482353,-0.096598439809802525,-0.054330350852219989,-0.16773635867658535,0.98433364615571006,-4.0757529618338841,-5.9499439120986022,-2.57061659399182,,0.4924724785166971,0.4078947368421053,0,1
-0.30568712828428485,0.9513446164456244,0.0387143430944537,-0.9502386377575065,-0.30226397850279613,-0.07538579847968882,-0.060015922171254836,-0.05983233289442437,0.99640261994153023,20.603637138209113,6.6585975518611367,1.1962825435258873,,0.2632889759103975,0.2777777777777778,0,1
0.043096945334636448,-0.96775302417967823,-0.24818690032697177,0.99886058364393249,0.046834119106121765,-0.0091705904965823475,0.020498481537073517,-0.24750888767606008,0.96866875802620667,-29.102202362247215,7.0878935421685325,-6.0251255272072894,,0.5414204841563452,0.8571428571428571,0,1
0.65297995089060912,0.756357726049116,-0.039245050397574574,-0.75207042385208844,0.65365746472717834,0.084391921256587732,0.089483301804517718,-0.02559119091109039,0.99565949483039351,-4.8443692215355023,-17.377505286288361,-2.9231712725308756,,0.2735578581851489,0.1818181818181818,0,1
-0.052227560186565943,0.99112556920856232,-0.12223906093373717,-0.9983952758945438,-0.054505444127726045,-0.015363255901567811,-0.021889610056287683,0.12124051559376774,0.99238177247979598,39.397298721194211,-14.132207800889113,4.1370748422187367,,0.3333032972355621,0.9032258064516129,0,1
0.7136787471751932,0.69747218627080998,-0.064770326609209852,-0.6933571816327212,0.71654878686162149,0.076247326021764178,0.099591488134163395,-0.0095071249994785993,0.99498298983724742,25.9223387431113,-22.573196504011296,1.7512520426149649,,0.4587024571177237,0.3076923076923077,0,1
-0.73059065784956134,0.68190655651026277,-0.035224123143958973,-0.67197629566896822,-0.72719081387222195,-0.1401477016538871,-0.12118229541462067,-0.078720825758952298,0.98950385692521303,5.1967620809892905,-8.2601300277345793,-1.2289772338913914,,0.2443729773381226,0.3665158371040724,0,1
