axis_00,axis_01,axis_02,axis_10,axis_11,axis_12,axis_20,axis_21,axis_22,location_x,location_y,location_z,dbh,dbh_approximation,score,reconstructed,number_clusters
-0.80435091321366892,0.5936445475527079,-0.024612183431761622,-0.58572232036007377,-0.79920909006100005,-0.13488585469158865,-0.099744532904561048,-0.09407965521200648,0.99055542330090851,-15.450060607922948,9.9843277022107451,-5.2878316738729216,0.2376880098083135,0.140187811371847,0.3653846153846154,1,5
-0.98593224920141487,-0.0057933919930273471,-0.16704501367551644,0.021322659789892583,-0.99559313431418528,-0.091321712018228959,-0.16577980626156749,-0.0935988649272574,0.98171090873036815,-13.734306538942533,11.039513330303951,-5.0270709100931787,,0.4182026116242043,0.5769230769230769,0,1
-0.51353853751919365,0.85677215811939755,-0.047113050782970026,-0.85575060637899902,-0.51541121290838943,-0.045190500000321883,-0.063000556859635556,0.017109958495964722,0.99786681433728563,5.9258178430233963,9.1104897636519482,-1.0646344118493598,0.5724655217782709,0.3706378652410182,0.631578947368421,1,5
-0.43627392278608551,-0.84961149930847113,-0.29635344529742341,0.89117556066355319,-0.45350543334683047,-0.011787366156425817,-0.12438321580037533,-0.26924546823988671,0.9550055986534538,-10.429283088643041,-23.459435232900304,-1.020912723710752,,0.1799500735414242,0.1875,0,1
-0.24677026551849562,-0.93666838092322591,-0.24850911499298151,0.96396087476748205,-0.26356807003112953,0.036211936948705885,-0.099417644175682399,-0.23061703458055602,0.96795243446557255,20.382659148079604,8.8614078334202269,1.6729191415896651,,0.1787357392822821,0.2857142857142857,0,3
0.94063465345327268,0.31080256408229506,-0.13641193086644646,-0.29131188886922205,0.94550059149898713,0.14548544558996637,0.17419481084776084,-0.097110234450010657,0.97991110323272512,-0.52560092667632696,9.2655401067093131,-2.3122519729466009,0.444895559027105,0.2027597810330695,0.3118279569892473,1,5
0.56828598571195876,0.81207281011724242,-0.13262273376639505,-0.81114557777530893,0.57995796243723963,0.075442782697914573,0.13818064299657498,0.06470326787674606,0.98829125111331539,7.2214083010181769,0.47682006343932193,0.19515510675970033,0.2752692027814201,0.2183146745183669,0.6503496503496503,1,5
0.73058077628732432,-0.60329354398208013,-0.31982593564148881,0.67779903821944598,0.69746538010160253,0.23265963841741424,0.082705459966110492,-0.38675437082115799,0.9184665827032169,-7.5997453650685092,-1.917693265144139,-2.4831059995566296,,0.562682379837885,0.3479415670650731,0,1
0.19080102037000563,-0.94227941006710825,-0.27514447839153039,0.98131403693487163,0.17599704343806977,0.077767612896649574,-0.024854205687362914,-0.28484127872315268,0.95825242728365112,-2.5728806384881775,-5.4718634284964418,-1.0516736383687204,,0.06978125779695676,0.2264150943396226,0,5
-0.94522938672440837,-0.22321801387828694,-0.23814937487390475,0.24709843576682314,-0.96606370353809912,-0.075254792191865344,-0.21326924183807613,-0.12997937908177837,0.96830862409632978,-6.655895627516335,5.7978879860928174,-3.1331963919681267,,0.168517415535693,0.2233009708737864,1,3
-0.420657104861338,-0.88309714742066747,-0.20781488961851585,0.89923692867556559,-0.43618994222267415,0.033335872718654916,-0.12008557880033451,-0.17285185136775061,0.97759996483373923,-10.301641768509137,-14.678234792365965,-1.6930253373054123,,0.0952051234036366,0.4736842105263158,0,5
-0.95263278702664567,0.26059953218929299,-0.15677581734619245,-0.26815482231835108,-0.96294628134410021,0.028765439558291962,-0.14347043022608771,0.069443092300744705,0.9872152210042402,-17.10860438076817,1.0252538158414133,-4.586380450553599,,0.1012035463911799,0.4358974358974359,0,1
-0.81960253694553253,0.56979982366917137,-0.059831784020110773,-0.56303962058557144,-0.82036910212558101,-0.099904564102569676,-0.10600974994453959,-0.048194369217262632,0.99319647386226995,-12.52327495611598,10.068682150886669,-4.6953909142066497,,0.2003140439970851,0.1587301587301587,0,2
0.45856309565079961,0.88737399417179152,-0.047825534756624877,-0.8778900195093059,0.46070217187084794,0.1306239736014578,0.13794564492257794,-0.017913774060356408,0.99027778716166748,-3.2202948123535164,18.181402918514841,-3.5469913204920509,,0.2693514001327279,0.1111111111111111,0,3
-0.93137973236350202,-0.32417974988696741,-0.16564807244792973,0.33490955347364509,-0.94136723084311857,-0.040783914560056984,-0.1427143480333172,-0.093462433404988027,0.98534125479827694,-4.702479177492136,15.932478361030171,-3.6894192628900311,0.156885332331689,0.1501348813710031,0.4444444444444444,1,5
-0.50854687381704167,0.85508455233322045,-0.10104694697025662,-0.86031911236989034,-0.50939553650632741,0.019162783683865866,-0.035087063456463528,0.096677793461200756,0.99469709069116874,4.4717673528840383,5.6048342594272871,-0.92344126783580804,,0.109528799612831,0.2727272727272727,0,1
-0.7942313387048715,-0.56616245017242017,-0.22058254834376506,0.57840849183932497,-0.81567387708037642,0.010942706101522162,-0.1861187717217829,-0.11889577899752621,0.97530692428042676,-16.093388514270753,-2.8040668052163986,-4.0035716876712844,,0.3159262021671587,0.6948051948051948,0,3
-0.68233171198675091,-0.68663212602309331,-0.2509178318299386,0.71493593540646427,-0.69841252436909207,-0.032962919604864249,-0.15261075676935043,-0.20188182017556772,0.96744699472420004,-5.6667232013416173,-21.436433952282762,-0.29010045792227218,,0.4287224636600087,0.5217391304347826,1,5
-0.49383390951897715,-0.84988026647949677,-0.18393369038309165,0.85944868503565441,-0.50920714985624937,0.045343536758394136,-0.13219692734586277,-0.13568939230468807,0.98189223503208201,-2.4533338975813295,-12.664068931364435,-0.4484155749646424,0.5679498303762657,0.5759315992712836,0.9563492063492064,1,5
0.52739822930459668,0.83893360693129371,-0.1343186915050395,-0.83748773582872582,0.53994996450975064,0.08407334989396828,0.14305733138448568,0.068150120962247956,0.98736526217503773,-5.861833361635342,-14.480206121373543,-0.93124460237146056,,0.09436913106833894,0.3939393939393939,0,4
0.12408252558172454,0.98649811303358137,-0.10688779082030096,-0.98920513580002811,0.13144181111837913,0.064778465532678686,0.077953358825061214,0.097696076027157339,0.9921586317604596,-11.165425999853682,-12.805314616619395,-2.0364205245764548,,0.07325309893383131,0.2142857142857143,0,1
0.35710723549977796,0.92747501377055552,-0.11074529870389264,-0.92754621957470307,0.36609561697810988,0.075046717330566143,0.11014732364602846,0.075921657389215164,0.99101133648051254,2.2081176432906511,6.138757987800715,-1.4590135841914023,,0.2146003745142512,0.26,0,4
-0.69125357633136264,0.71739479196503253,-0.08667874982109422,-0.71818252710009256,-0.6953170943485727,-0.027349516902164691,-0.079889617455742759,0.043345712222833836,0.99586083277467485,-1.3200103257973308,-10.076856531376205,-0.44575665776966,,0.08307478249311917,0.1111111111111111,0,5
0.38868152495750463,0.92075465885681662,-0.033727293846028426,-0.91737215940567163,0.39014199043979109,0.078851432726695342,0.085761257593876816,0.00029238526914472624,0.99631567347240446,-13.950504715519985,0.63255010772505593,-3.9560837437692862,,0.4381663687461457,0.5347721822541966,0,3
0.44274069578715303,-0.80411101942932239,-0.39671922656488939,0.89634283855017483,0.40848609160416022,0.17236191210871621,0.023456173467189964,-0.43190807054081992,0.90161257008095408,-0.83696487205749504,-8.677937441897642,-0.4681460397759325,0.5910999916544892,0.39012793740475,0.5512820512820513,1,5
0.75673711671990707,0.65224290929198447,-0.04391040260315552,-0.63308953494954523,0.74794251947669943,0.1994483098354477,0.16293120301468184,-0.12313072255605621,0.97892402577882065,-11.994769999014188,-10.317861464190777,-2.4534389892885407,,0.2252650655096818,0.2272727272727273,0,1
0.18631501661771019,0.97189851824090068,-0.14387489295873052,-0.97859109703570912,0.19660826956731217,0.060865861861935315,0.087442434693868504,0.12945446527212148,0.98772231018435508,-14.122809597598067,5.414019944316288,-4.5520394900042929,0.5654609452261263,0.5241971708262961,0.9328859060402684,1,5
0.63506112857534358,-0.71744653287134985,-0.2863002540052843,0.77001561583170341,0.6174369853591134,0.16077164080139369,0.061427309463573228,-0.32255548605089496,0.94455526258156919,-17.87067742644448,-3.5571680630345974,-4.222182531303166,,0.07215853720615463,0.3703703703703703,0,1
-0.92121387709432978,-0.34323812992201874,-0.18317363024318825,0.34860943940699901,-0.93726308633372657,0.0030603516978991753,-0.1727323114103741,-0.061036818100328925,0.98307581367411156,-7.4829548398830052,-15.155627592320135,-1.1508293374882665,,0.08342082954697987,0.1666666666666667,1,5
-0.67036047434844459,0.74181950262601637,0.017906980622634152,-0.73800034732391351,-0.66400753057617778,-0.12020601768593073,-0.077280798269120349,-0.093796720954504628,0.99258745375763824,3.6751284370483903,7.0618839686138246,-1.2478354696335163,0.5269184156754659,0.3399613713048178,0.2258064516129032,1,5
0.00060377365434917342,-0.97328928514416602,-0.22958136440254606,0.99712998237613493,-0.016794786498669407,0.073822309588866028,-0.075706232926652614,-0.22896703380623262,0.97048578749306391,-5.5346734927047798,-5.6326990673650874,-1.6953158026499691,0.765274977150736,0.4418065363266389,0.8345534407027818,1,7
0.19314550394865346,0.97711268703723109,-0.089138157571849938,-0.97654435224672653,0.20025129802917715,0.079123610462691701,0.095162715384980057,0.071764994729415318,0.99287151390904804,23.319186939401032,1.8854030225499514,2.7999242361889665,0.9198000884630715,0.8537011821049585,0.9705882352941176,1,5
-0.98562789522121896,-0.022476544322012185,-0.16742896140492472,0.035097532068727233,-0.99672825660648934,-0.072807593868182349,-0.16524471369600843,-0.077637538842560916,0.98319204490170442,14.961601039314523,-3.1138051479430109,1.8477571149620946,,0.4996739624001917,0.1176470588235294,0,3
-0.15335302472037998,-0.95621237426627592,-0.24928045472752455,0.98069892240786538,-0.17823585571380851,0.08038409871372168,-0.12129498504539019,-0.23214192865145522,0.96508945262334134,0.48440908679999944,-2.4028569026511297,-0.7924259274415868,,0.598980450201543,0.3384615384615385,0,5
-0.73916077679181424,0.65971524914077329,-0.13570974947898098,-0.6676758747732392,-0.74421495254493697,0.018789109992899702,-0.088601762388285973,0.10449829883621439,0.99057045849451086,-14.504740119281527,8.2924759717408065,-4.9776572320319108,,0.07916351516628924,0.2692307692307692,0,5
-0.41567228971662074,-0.87608421356528843,-0.24432150601908142,0.90135785973651372,-0.43269859114849007,0.018053750561111848,-0.12153417730396941,-0.21271666591925092,0.96952620582800386,-21.690948460913344,-2.3436586002331894,-4.9962831663823817,,0.07921842679042146,0.3333333333333333,0,1
-0.87710764460949564,-0.44894558775077276,-0.17067524427021172,0.44831399554950924,-0.8927704972788294,0.044445478768332734,-0.17232742428881617,-0.037532631504133433,0.98432441827395389,-16.415268174895974,-4.4071081655895528,-3.852633374367727,,0.08120202772542906,0.4216867469879518,0,1
-0.32281833221430528,-0.91011630287716694,-0.25976266017957816,0.938856294328407,-0.34264961602330307,0.033765355603250807,-0.11973797637468768,-0.23297973275862371,0.96508199710564202,-21.631913502395726,6.5281394770696055,-6.1611190573286487,0.4048980031545409,0.369818196671742,0.7619047619047619,1,5
-0.3773476562407046,0.92512042584453547,0.041963603454327994,-0.9260240837636261,-0.37648129301322514,-0.02722558173531164,-0.0093884300808571228,-0.049132816897823721,0.99874812825071213,-26.492601015394388,-10.88422678929456,-4.9197130443997592,,0.1996821305241262,0.1538461538461539,0,1
0.21090133188485993,0.96854935447008106,0.13203323886348484,-0.97321384199396943,0.19540492593694042,0.121126927934776,0.091517462598837668,-0.15404240609380529,0.98381679756156948,-6.275526382437346,-3.5857746180909049,-2.0821516509464097,,0.2486713682714342,0.2906403940886699,0,1
0.27230201607515064,0.96162489338472501,-0.033603221039417749,-0.95659993066350835,0.27431500184356239,0.098325237951079267,0.10376986410311184,0.0053706783912296791,0.99458683437779261,1.6280910026008235,-3.8119445356293133,-0.40596697053027697,,0.1300282652837109,0.2727272727272727,0,2
0.58386106778554492,0.80858230410569321,-0.072807355476299226,-0.80023862302380577,0.58830451573587783,0.11625808782935416,0.13683712853347529,-0.0096153134063939848,0.9905468923795635,10.202268519784768,8.0068302651821988,-0.18647285303600369,0.5758920852034036,0.3942942973554516,0.48,1,5
-0.92357049734112595,0.35538416069584966,-0.14394316506028637,-0.35910701052174909,-0.9332963833436525,-0.00012582444461088497,-0.13438635137244678,0.051574791944951182,0.98958594846563819,-10.189621577554346,-13.598576649746752,-1.7471752326689751,,0.07321097034187639,0.2727272727272727,0,3
0.9372301247694621,-0.25112100929133152,-0.24194613432977533,0.32029375550982908,0.89427782174698101,0.31253653820455068,0.13788257107418844,-0.37041249469203602,0.91857660560782495,-15.835132644633934,11.673488364124887,-5.4383927723370666,,0.4644260247822123,0.3846153846153846,0,1
-0.13429219000172984,-0.96016589826698251,-0.24504500711032115,0.98774177217367154,-0.14955823224516232,0.04470488419531024,-0.07957260337423433,-0.2360376727830967,0.96848046847594493,2.4940778891672242,4.0705991018963994,-1.1700230003514669,,0.1661662387306066,0.5903614457831325,0,1
-0.6469092661669732,-0.72893360080419989,-0.22397367471632026,0.74721326355668338,-0.66456790415509814,0.0046732784927441626,-0.15225222531141744,-0.16433291327522967,0.97458398996812878,-4.1435179074047701,-11.37134803861391,-0.85160593548504138,,0.1031525911190719,0.4473684210526316,0,5
0.20285958602031956,0.97570407749548294,0.082761956950968302,-0.97491126806411432,0.19333787591001883,0.11031085685563057,0.091629731863002647,-0.10306317915381612,0.99044534091560221,-24.666428633393284,-2.997736785654332,-5.4145589650359538,,0.2718064491656227,0.3333333333333333,0,2
0.21084987976843264,0.97445833730649656,0.077286978563648356,-0.97327561225388093,0.20191898183122098,0.10937690509462279,0.09097752905785321,-0.098283638669431753,0.99099112789995558,-7.6050543107219406,-11.488607992473845,-1.4909892279622419,,0.2998649615847774,0.4090909090909091,0,4
0.11305224900660757,-0.94609088324194646,-0.30353126633186112,0.99240762025727491,0.092626835428758894,0.080915910757695719,-0.048438664823070736,-0.31037446738565472,0.94937947404882883,6.5590627409304263,-17.808757555379977,1.595525168760092,,0.2855183613413265,0.25,1,4
-0.21278997793125135,-0.947707998235363,-0.23784443523601709,0.97388616778003656,-0.2254315648250749,0.026950728881302163,-0.079159064539274362,-0.22589856055592819,0.97092928828006198,-2.2659166179707633,8.9710027484470078,-2.5813028103084963,0.3826883031449678,0.1066552111418607,0.3815789473684211,1,6
-0.26108832137868987,-0.88249529820960426,-0.39119680095522308,0.96021038319551943,-0.27904671407333748,-0.011355675602406639,-0.099140851535439056,-0.37859606443122928,0.92023698662573483,10.456598161297139,3.0231864717155927,0.53906285212013694,,0.160054887498316,0.25,0,1
-0.7700124092987094,0.62417593251986669,-0.13223197339884019,-0.63008797460426513,-0.77651477982590811,0.0037337609746604557,-0.10034955797158079,0.086192818580644107,0.99121176558797575,-4.5964826458448398,-13.516765431256133,-0.77115745208773612,,0.1661865573783776,0.6551724137931034,1,5
-0.21065038529360217,-0.9588739021354924,-0.1902294797845781,0.97282970227646459,-0.22474661190163514,0.055599737476188474,-0.096066568296896346,-0.1733487820614556,0.98016397312565406,1.9211434969497021,-8.6548003730856919,0.029481547550730073,0.1424644893217105,0.1003157266472441,0.3658536585365854,1,5
0.35908948079505221,-0.9150992031498294,-0.18343443836119458,0.93329368812110614,0.35296631697348074,0.066163969012442744,0.0041995827939334696,-0.19495698878656098,0.98080280180453872,-8.9877641414306844,-10.744398820997601,-1.8241011005721117,,0.0733840717721333,0.3333333333333333,0,5
-0.83271097282065221,-0.50403590344697635,-0.22921658705354314,0.52671894646771289,-0.84872910207417174,-0.047181169170693781,-0.1707617848818245,-0.16002099652471111,0.97223129629487492,1.095192429214763,-10.743908366654461,0.017470538333065756,,0.08203002985237501,0.3809523809523809,0,5
0.28251754875602791,-0.90812455199813491,-0.30902044059102907,0.95922570534367135,0.26463926577836022,0.099257771565896408,-0.0083594768270975096,-0.32446241240932455,0.94586165060261307,-23.380650703066213,1.227038102787557,-5.686728741821117,,0.4465159725985743,0.5714285714285714,0,1
-0.91877791695215794,-0.335855997483677,-0.20747985028743987,0.34166898917912858,-0.93978404026572981,0.0082619304725860734,-0.19776107087687014,-0.063298551453140353,0.97820440207022574,-1.9669178952646891,16.655151391125621,-3.202229126045169,,0.07644316677203886,0.25,0,2
-0.98276015399062233,-0.068484920911892413,-0.17173320976450593,0.082434685658490617,-0.99373615523064718,-0.075451815006640791,-0.16549018801340984,-0.088307810498858968,0.98224982986823861,6.6060514534306849,-8.6027931926615171,0.84861540180768358,1.028521317435594,0.7568822917870147,0.868,1,5
-0.67482358226738282,-0.70550105005009756,-0.21652113336583417,0.72166477786589189,-0.69221413945329757,0.0062875693795183714,-0.1543148768057967,-0.15201267552128475,0.97625768385056566,-3.3027440944475259,5.6714282533796139,-2.4852193320900988,,0.09250459252780036,0.4431137724550898,0,5
0.95882184039422091,0.24435941134990538,-0.14473823429822721,-0.22637683851311019,0.9653139521160542,0.13008651288621206,0.17150570068615772,-0.091964405803621807,0.9808814111284494,16.650842570533719,7.1617362630931494,1.1805437635700589,,0.1108538050876895,0.1764705882352941,0,3
0.97912923305906396,0.12287908053222124,-0.1618847631394783,-0.11171800951553035,0.9908013983372076,0.076365407108989633,0.1697793606981042,-0.05668615898603261,0.98385041955591646,-20.317727970603823,-3.3553252876394817,-4.6719729047066192,0.314796635134497,0.2365102160578055,0.75,1,4
-0.97412303209474815,0.18766769173822864,-0.12595696018949992,-0.16629355068668572,-0.97252419445456484,-0.16292067456438394,-0.15307113817617221,-0.13775895135396604,0.97856614389590768,-15.859427531571821,-3.7179079079077377,-3.8399312211388272,,0.4206648534385217,0.1568627450980392,0,2
-0.88541117963540605,0.44520835844909556,-0.13355358678710422,-0.4484412908796449,-0.89378869956936169,-0.0064937782767244129,-0.12225977102398265,0.054141278976130414,0.99102031780382382,-4.4007018178691144,-7.0407086966105998,-1.2923374958648108,,0.06751430438138964,0.3207547169811321,0,5
-0.97866479338387713,-0.10571181577406184,-0.17618238900822417,0.11418950062149011,-0.99270620552554911,-0.038667136678094093,-0.17080977764375513,-0.057960344346963302,0.98359779297458438,3.1944344073961015,5.6332890499641826,-1.2064839510662109,,0.09173026001339668,0.3188405797101449,0,5
-0.77152983596614,0.62509127907518314,-0.11833260344559875,-0.6310673576259076,-0.77552206143990687,0.017875188364126274,-0.080595920201440227,0.088467084523846509,0.99281311061182831,-4.9957199056647852,12.477610888058841,-3.4331591402863011,,0.1306104640183147,0.4444444444444444,0,5
-0.83707071646275888,0.52890798058563604,-0.13988911220444905,-0.53815485708308375,-0.84205603895623082,0.036482558233064011,-0.098498555514334327,0.10582048634440991,0.98949485053304997,-18.085520998523272,1.1695355033285286,-4.8312397231929864,,0.08166996503486029,0.4705882352941176,0,2
0.90904712275089983,-0.37993800185730758,-0.17111529260410371,0.39603082995938366,0.91547019594975565,0.071231327724522009,0.12958746212498065,-0.13251956486644903,0.98267270980098687,-0.54259991394345564,-1.6032018964553443,-1.0940840571874826,0.5006809116877667,0.3909537260784542,0.9076600209863589,1,5
0.48073874349467888,-0.85887495223807631,-0.17670335854533273,0.87632410199444788,0.47765620131476239,0.062454956642178011,0.030762457099242333,-0.18487392937781688,0.9822806632880563,3.5517505196897385,-10.420906140578875,0.46491219434040704,0.4830316922221876,0.4081040471101886,0.89375,1,5
-0.33276419258433004,-0.90420689684210098,-0.26772724896221728,0.93454387272557671,-0.35416470584203719,0.034570378749794038,-0.12607831726660887,-0.23869907590730552,0.96287434750138545,1.8508826327165686,-5.5669389536257112,-0.22444420064853118,,0.1387391428690697,0.2363636363636364,0,5
-0.78140437222658388,-0.59673135603976579,-0.18253464269590075,0.60175141840265711,-0.79800983148114601,0.032795415987952978,-0.16523449251160638,-0.084213998707904442,0.98265231130143715,-25.524020912099431,-9.8551257855790837,-4.8711954005047167,,0.1850165416102643,0.7058823529411765,0,1
-0.92872593571185336,0.36827277954319237,-0.042933625326477383,-0.34530989373456905,-0.9013081151976976,-0.26154303425592285,-0.13501560511720059,-0.22807639361912344,0.96423645702106242,-10.829901554673766,-11.267553339330053,-2.1635454285460565,,0.2860908819702149,0.25,0,1
-0.6531083613530716,0.74238516776623098,-0.14937781298242167,-0.75448957892357804,-0.65480091751513203,0.044511051628370941,-0.064768384466713985,0.14177454320873961,0.98777782687784876,4.0358657664060189,0.72889830406942957,-0.40488249689408973,0.09733838501691944,0.09312644080701063,0.4175824175824176,1,5
-0.49941380356822029,0.86479728907258901,-0.052072080986104143,-0.86299074009405319,-0.50186856107032252,-0.058094147047029462,-0.07637300123368887,0.01592470476662702,0.99695213950352402,-17.815671027491909,10.346971362892184,-5.7147416245888145,,0.2670562021796171,0.3684210526315789,0,2
-0.60533803779634632,-0.76764794370063927,-0.21043406218825209,0.78248103996806717,-0.6223701639112037,0.019462814894895715,-0.14590847160929579,-0.15287908164729877,0.97741429512122313,-1.4867165525445238,-4.4013739712310613,-0.97347778674162877,,0.0698203919975266,0.2427184466019418,0,5
-0.81178595196097403,0.57958742170830646,-0.07128806910228809,-0.57494051015067382,-0.81464376069742606,-0.076150856491815438,-0.10221045928131653,-0.020831796712525847,0.99454464870071557,-31.643761087961284,-10.108935340820162,-5.7918990573316469,,0.3691507610205854,0.25,0,1
-0.59116692237851443,-0.75540886863187628,-0.28262892823952696,0.79348480068253846,-0.60752984568331847,-0.035907627181356101,-0.14458056913467804,-0.24548916024197784,0.95855700468588767,-0.6857684353464486,-11.043000760885835,-0.23317722126799581,,0.08964498687426714,0.1818181818181818,0,1
-0.3652362192412274,0.921707116317668,-0.1306081769405868,-0.93089413228441253,-0.36255216757994191,0.044632278247214004,-0.0062143891755469301,0.13788371010549144,0.9904289292295132,10.338031542747387,-2.9123235494882453,1.1292530560462226,,0.07303109941727481,0.4444444444444444,0,5
-0.48371523202572037,0.86922261376694021,-0.10233094362153404,-0.87340332497645135,-0.48693805505924681,-0.0076133077698419928,-0.056446489938561439,0.085693513472653207,0.99472127529390331,-10.525448015497249,-6.5364847993511113,-2.548667593478716,,0.1735552827144754,0.4818181818181818,0,3
0.88774944598466565,-0.42403873707687589,-0.17914259854140707,0.44369445223221426,0.89188489643411251,0.087616006363379489,0.1226219972609937,-0.15726563823976408,0.97991395786403857,2.368967234098184,-2.6551493396307371,-0.39914869179530821,,0.06720863076426009,0.4166666666666667,0,3
0.83736797207312474,-0.5062078142580374,-0.2063214194654629,0.53547659102336997,0.83548487261788851,0.12340927069171848,0.10990768768441087,-0.21381926108461632,0.97067070821009915,16.708314984689867,-6.0657718931690399,2.4494691298829316,0.7053660524610847,0.6026204566705009,0.7735849056603774,1,5
0.95336698357976135,0.26918918862315211,-0.13648653907412844,-0.24670699268281257,0.9555608461257441,0.16136644357750518,0.17385929478008114,-0.12016925596781666,0.97741101668577057,-9.3560409230298305,-7.1051888719607925,-2.3107269341253587,0.1436415613292125,0.1474803160881165,0.5172413793103449,1,5
-0.49365905980439739,-0.85077888107267297,-0.18021106568068845,0.85926460975275742,-0.50911091826501764,0.049703152111228985,-0.13403381326918895,-0.13031257968470109,0.98237140047765981,-2.2432523562264182,-2.4826755898974073,-1.3532247608877481,0.1309296503769426,0.1149698066350799,0.4607508532423208,1,5
-0.97542379489252495,-0.12120729940160109,-0.18400329053915634,0.14154911312168622,-0.98469018853295909,-0.10173043389955008,-0.16885576369176902,-0.12527578847765178,0.97764702622642541,-7.412756213564621,16.841733201172701,-4.2256787428916631,,0.3748033974384964,0.55,0,2
0.34719397301574417,-0.91654212745735519,-0.19851164625151851,0.9377861361851294,0.34015324386421275,0.069662999272349993,0.0036753068591392738,-0.21034804321552084,0.97761965653054084,-27.625914527691645,-9.4017406050855694,-5.2248393578538534,,0.06799852847891602,0.5,0,1
-0.80579929908936965,-0.56165600886794265,-0.18769660969131838,0.5682859274968034,-0.82254627612393749,0.021650132649523965,-0.16654907443807515,-0.089219680212258026,0.98198841870291109,-3.5012407440772888,-7.3054796670920927,-1.0686006435748938,,0.0948586609490004,0.4084507042253521,1,5
-0.94015980148220457,0.30681802852467255,-0.14819664317782374,-0.30953646210232266,-0.9508747530026086,-0.004937887342318082,-0.14243147933697586,0.041229861441208618,0.98894558607610938,-3.0911899206907321,-11.160463369176071,-0.66255048000408101,,0.07261051775604327,0.21875,0,5
0.56930088885479302,0.81717025146342837,-0.090162509239380836,-0.80882828624566772,0.57635951097962912,0.1166469779815159,0.14728646006351009,0.0065187595845951499,0.9890723959627219,4.1174728119497654,-5.5041591395967489,0.17891853946428624,,0.08064516457001725,0.2758620689655172,0,5
0.74824993808523921,-0.55948025913447841,-0.35651629667415402,0.65771185122281117,0.69592110046081923,0.28828621662241405,0.086816766332886611,-0.45019513721520771,0.88869971728997532,13.681491668345025,-2.4080059450239335,1.6022027794380758,,0.6075323332814623,0.3243243243243243,0,1
-0.74597707712552841,0.65391238182400735,-0.12616179017637905,-0.66073580184521241,-0.75041857778824017,0.017325076341542768,-0.083345069219595724,0.096283721404657893,0.99185837922016484,2.9701447657209066,-3.6130708851815241,-0.18749795623989901,,0.08105678132403685,0.4230769230769231,0,4
0.36495493442397864,-0.88198747830707225,-0.2981710649092596,0.9308060668357816,0.35259903097289219,0.096301553978532309,0.020198063800582221,-0.31268516348958697,0.94964205190808526,-11.475748181604079,14.329127494655795,-4.8375509479109633,,0.316606187021562,0.6881720430107527,0,7
-0.98417257939379521,-0.033326262559898324,-0.17405083795590809,0.069695695171741873,-0.97580129725075038,-0.20725428429415202,-0.16293202276990448,-0.21610457771075162,0.96267957672767013,-12.408107483788664,9.5054990880632779,-4.6492247106166849,0.2467702207985096,0.1886213012090832,0.375,1,4
-0.74347845576832361,-0.58960429189562735,-0.31560507725099157,0.6284461033931602,-0.77734030448392311,-0.02824085966812255,-0.22868161477981075,-0.21933725174510868,0.94847028896987617,-6.6834853568233754,7.8630060060513607,-3.3365368961119235,,0.436289606646513,0.1666666666666667,0,2
0.97995768849603593,0.11869395902705217,-0.15998335178383932,-0.08712732517167826,0.97759703803977582,0.19160600310085948,0.17914172592094738,-0.17382685438775694,0.96834522084209329,9.9924000359239873,-9.658731204464722,1.5392699678890325,,0.2096301101438315,0.375,1,4
0.98355034084636428,0.11213588176110653,-0.14161310335791261,-0.056238697979370665,0.93510974036620975,0.34986709236769276,0.17165644721531675,-0.33614776139950364,0.9260338798529546,5.7357058430886427,-4.0077233211006487,0.31634333734376191,,0.6177650098231681,0.3083333333333333,0,3
0.39100140548747297,-0.82341459575434728,-0.41122536936031368,0.92031187957983829,0.35559860077256122,0.16302048777016476,0.011997716909760569,-0.44219683244829128,0.89683778698360583,15.675648781391054,-0.87816353542113412,1.8327481905379579,,0.184571927899599,0.2727272727272727,0,1
0.13385352488925498,0.98837022506432792,0.0721632321962664,-0.9878069047579866,0.12722600397803427,0.089727714917009482,0.079503162120562437,-0.083293709955025677,0.99334858186578223,8.3537399419788141,-11.637937141216751,1.4322761906841324,,0.3682078931346757,0.1578947368421053,0,1
-0.96894755053128667,0.22559899054053789,-0.10122124177518527,-0.20578129352089763,-0.96268651584223719,-0.17575190312597011,-0.13709377650457508,-0.14946493797083157,0.97921679354527469,3.8571467360184872,-7.7550577310776347,0.28013923904096627,0.6704499608098043,0.4900603604606518,0.4310344827586207,1,3
0.20216288992357748,-0.95053226857430007,-0.23583590128888621,0.97903228664741848,0.18999796501461758,0.073461248234904408,-0.025018945614746869,-0.2457420999529748,0.96901231812140942,0.16105656096037546,-4.604486121332596,-0.61239762953794352,,0.07435908608316276,0.2454545454545455,0,3
0.73242393665698458,0.67867729786869413,0.054335093351665878,-0.66165430191333874,0.69068922349428497,0.29182525817419375,0.16052651423194417,-0.24969085266887622,0.95492707382398145,-8.7341701934587537,13.114238549354228,-4.185371908803214,,0.651822404096158,0.4390243902439024,0,1
0.52570642700364778,-0.81154629350640739,-0.25500071784815131,0.85064729515254267,0.50351087574520803,0.15124806529657908,0.0056508279679256014,-0.29642775089776541,0.95503856290778699,18.905164685714926,-7.1987454061120388,2.9045880245621163,,0.3134847960556737,0.28,0,4
-0.79283867928028229,-0.5348033831366874,-0.29221938680151344,0.58431252942365053,-0.8033180559076355,-0.11514759663715754,-0.17316378546230252,-0.26204091748872294,0.94939394403273669,-7.1522380320105183,12.556358744624527,-3.8655142115879184,,0.2776601150345543,0.3170731707317073,0,4
0.95551833014604781,0.27620559455740623,-0.10341755310438253,-0.24941243595957213,0.94388814233528551,0.21649159694444373,0.15741079233527888,-0.18106806536226372,0.97079153177309174,14.46435225252838,-10.930481144468969,2.4438768120172152,,0.2881749572294182,0.1052631578947368,0,4
-0.128662189811588,0.98935964512419561,0.067922996934863714,-0.99103925759135958,-0.13075397423923465,0.027287142272745538,0.035877999186889678,-0.063803532977195682,0.99731734084692125,-5.1084013091769229,-10.618455474067888,-1.1356676260690419,,0.6315973324565057,0.1428571428571428,0,1
0.93834798951169507,0.33379400787978947,-0.089914464258587831,-0.29846629849903505,0.91350486610387316,0.27645384472788881,0.17441593745884157,-0.23257347206440793,0.95681171651075703,18.813377270690328,-1.5633531448175637,2.3363821456541114,,0.3238034026209758,0.7777777777777778,0,4
-0.82750487952304397,0.56145780553825253,-0.00089831270887203915,-0.55112788379007593,-0.81258354769287311,-0.18964712950091561,-0.10720881528412572,-0.15643883986732385,0.98185190293971536,14.332707362586527,17.237481338384292,-0.42529735457151679,,0.2243723838735385,0.25,0,2
0.85733398644193415,-0.48283041795600673,-0.17847471302122406,0.5118575138573922,0.8363895448992954,0.19609797217431316,0.054592318134604995,-0.25947507911083884,0.96420556009655589,5.9760147197267219,-12.39975315975339,0.99890094512834338,,0.2160052484345145,0.3157894736842105,0,4
0.38274852770241186,-0.8836155874187992,-0.26967954726335253,0.92379381453545606,0.36934724807777503,0.10093363445059293,0.010418865949204494,-0.2877604976502251,0.95764572949730598,-8.621609575284122,-8.4959106315495454,-1.9941571965139915,,0.5589465283610645,0.4705882352941176,0,1
0.98604297193741253,-0.090345435706099778,-0.13984620030558326,0.12643487852620267,0.9528282532568374,0.27592125921644295,0.10832118437728949,-0.28975165580648204,0.95095241677620357,15.168387611053356,-5.4132514224657768,2.107333570171364,,0.5332146834803785,0.4444444444444444,0,2
0.98386989898050436,-0.040462815021458626,-0.17424919649924228,0.080957671603687734,0.96933549977823441,0.23202272362462747,0.15951763942775044,-0.24238698288113586,0.95697579553569612,-8.717932448135409,-14.482645238060917,-1.4601230991553276,,0.0767081749738594,0.3333333333333333,0,3
0.98077556524601162,-0.090386467386392166,-0.17294385542648094,0.1159202640485181,0.98280210142893576,0.14374464097763723,0.15697701423867366,-0.16102892889253351,0.97438590971977568,6.5854651933705846,6.9181429164599049,-0.71999800353675403,,0.6462286744665904,0.4418604651162791,0,1
-0.21533164724716561,-0.95579424623167497,-0.20022397599749767,0.97217899623701776,-0.22917310997367923,0.048452914675760891,-0.092196968330888376,-0.184220098076774,0.97855131418601493,-9.0972725750783194,-3.9090944154502139,-2.582666335998713,0.1326059404142418,0.1113598944207443,0.5094339622641509,1,1
0.96479828209760465,-0.12964352490468273,-0.22881615177211551,0.18382368114698702,0.95465177831843617,0.2341982843724903,0.1880774550845524,-0.26801592975742289,0.94487794570790051,6.9289173679396168,-10.555218939278216,1.062223671056141,0.4708383429106604,0.2070716486431426,0.2105263157894737,1,3
-0.5939303110934111,-0.77923653047294672,-0.20009301622237616,0.79135667225570938,-0.61065845147045472,0.029169726157021594,-0.14491860764185227,-0.14102015892839787,0.97934259170882376,3.232619274825121,-4.3047613575426578,-0.046130013708928677,,0.06413209271328055,0.2033898305084746,0,1
-0.69338493761374131,0.72008474317093174,0.026368370121091139,-0.71673220775720148,-0.68546200794369383,-0.1282059984138344,-0.07424466751139322,-0.10779516834373258,0.99139695935980665,-3.1856312556992936,-14.895784153247742,-0.41998093068913056,,0.5057777691063932,0.3142857142857143,0,1
0.29301561074170768,0.95606718256653322,0.0087974019434775303,-0.94644608590477419,0.28873760992284581,0.14446590979042301,0.13557897453955042,-0.050657033424132566,0.98947066991774424,2.4101560266432474,8.9903115925587578,-1.7117357753459783,,0.3902707247351515,0.1818181818181818,0,2
-0.43838174020384318,0.89103329008061749,0.11781818969904803,-0.89853964105515782,-0.43139158809921535,-0.080794870936867602,-0.021165143711269048,-0.14128331000279998,0.98974292773746764,-9.7285873920147186,8.8259170238615869,-4.0114082595195883,0.7192633770468391,0.7529139712898414,0.3333333333333333,1,1
0.75132040446456194,0.65467598830348683,-0.083168504700157228,-0.63533258977694806,0.75163283730226638,0.17720208310361635,0.17852212804726267,-0.080295879270344664,0.98065407844442221,8.323070878331249,-7.2232761001018764,1.0670238146807962,,0.2264434190012528,0.2068965517241379,0,2
-0.95923468040485182,0.23849591080926319,-0.15161968353700611,-0.24192240924815792,-0.97028609542734723,0.0042942896873973402,-0.14609030019877708,0.040799430726572196,0.98842957798733366,-7.8212763589375642,-3.2117075546181533,-2.3908327118855377,0.2932501413503222,0.3913609214145288,0.70625,1,1
0.41525111248003566,-0.88718742580451793,-0.20115910389153713,0.90964352210214461,0.407552232309284,0.080310899866235283,0.010732021323961486,-0.21633226628053603,0.97626081263370879,-12.370732591407094,2.6639599566802334,-3.9446077579436132,0.8494191337003745,0.9078978921424179,0.9803149606299213,1,3
0.92666432675118326,-0.29544450376472581,-0.23239141705749894,0.33921088885943212,0.92364817766587226,0.17835362842877192,0.16195430962457166,-0.2441036441549557,0.95612980944236881,10.636571829787925,-5.9842688476779093,1.3228407489991785,,0.2374663166706246,0.2173913043478261,0,3
0.90923197546880175,-0.37651896568306092,-0.17756881276299588,0.39758721877077086,0.91183779556331368,0.1023534955551646,0.12337592251012856,-0.16366216136662667,0.97877120854752386,4.6639702468641726,-13.585845827552079,0.91656999802899619,,0.1282651202294587,0.3888888888888889,0,3
0.77471130904134022,0.62040292153665944,-0.12215810489784019,-0.61070868869614481,0.78421409502880024,0.10974128990127566,0.16388192455084585,-0.010414802299536332,0.9864249828033419,13.008940139756884,-4.2831811058084082,1.5974551354469038,0.9999877844015507,0.5396561271022478,0.3043478260869565,1,2
0.96763996378842243,-0.17681377341831492,-0.18002719241580223,0.20310335963471979,0.96911811733588726,0.13985385213298182,0.14973952646054828,-0.17189230401888553,0.97366889137655466,-5.8382087389455526,-9.1147644734773188,-1.3507994067941429,,0.09668239004731945,0.1818181818181818,0,1
-0.30824434565579711,-0.88444202714444353,-0.35035371268456572,0.94398961396852943,-0.3299661092037201,0.0024444828711608232,-0.11776685480549338,-0.3299767679664562,0.93661427520171581,-15.047704560234326,15.51730698737393,-5.447555090640309,,0.7115524704804048,0.703125,0,2
0.8870161938532638,-0.39429860065606281,-0.24027252311227873,0.44222606163480643,0.87512539116699917,0.19644760152716481,0.13280957139091376,-0.28050697541322928,0.9506195108935459,-15.161403506736086,7.169594829493124,-4.9989362954820358,,0.2589573961020609,0.3333333333333333,0,3
0.73970868057129846,-0.62160214465712216,-0.25776315028556196,0.66564852771308414,0.73208594686511808,0.14478329999005171,0.098707170159389582,-0.27867712529067012,0.95529888223469395,16.611763960808428,-9.9711162524758237,2.7451080809247923,0.5436023103616827,0.3008748025747527,0.5294117647058824,1,3
-0.88120682610633394,0.46407321348205166,-0.090058770544825986,-0.45272036352270234,-0.88329097628360898,-0.12182497144601842,-0.13608380533875369,-0.066581557088979296,0.98845743164798616,-11.711327652753978,-19.680876814630299,-1.5038213455752949,,0.2525515018309222,0.2727272727272727,0,3
0.8264447392941956,0.55985014107653819,-0.059639856048868289,-0.53778619251212412,0.81632213077057836,0.21072301715165268,0.16665864524908927,-0.14207743786669177,0.97572480629169955,6.0802159561008784,4.6338975037359944,-0.50459296387763697,,0.2433932924802952,0.3555555555555556,0,2
-0.94396809314438868,-0.23472149311759744,-0.23201305953327833,0.27534790126206982,-0.94767480008256333,-0.161542584351765,-0.18195541320862166,-0.21637535432003202,0.95920484446595677,-17.014675960626793,6.0685442134360077,-5.3418931629925641,,0.4328286158610716,0.3529411764705883,0,2
0.94509917563965695,-0.2440017187058092,-0.21737228313161608,0.29599712705060349,0.92105924100680736,0.25305251497219267,0.1384675015410807,-0.30350129460115016,0.94271613712315117,1.7665142649851397,-17.073095482444788,0.68527156996052363,,0.1817574442010532,0.3181818181818182,0,3
-0.82127094515907195,0.57029524254344199,0.016654457957039875,-0.56090242404430934,-0.80171400530977199,-0.20650211715956246,-0.10441506279624531,-0.17893571477623094,0.97830440285157483,12.049198148677892,-3.5736695686177655,1.3963793022633741,0.5746513741999639,0.3873736839729249,0.2666666666666667,1,2
0.69820974585509066,-0.66058701099648975,-0.27591294224028978,0.7130525713755026,0.67601321225651712,0.18590902966076936,0.063711704166139776,-0.32654392929183146,0.94303227993261063,17.319051598475173,-1.428799239372029,2.0878017237636119,,0.1965813901155523,0.25,0,2
-0.77363163592993378,0.63022273824407293,-0.065676419577480549,-0.62795008152254972,-0.77641437648199585,-0.053473461716036022,-0.08469230782188937,-0.00012724863842557139,0.99640714409501607,13.092968618028534,-5.7353888714069292,1.7420293777127978,,0.600146105291933,0.2888888888888889,0,3
-0.72648317451471722,-0.62243589223576901,-0.29119711056891129,0.67007513651503225,-0.73561793950172749,-0.099325517907510014,-0.15238605110501829,-0.2672822611770122,0.95149287138092808,17.270987794092324,-3.9031873996586226,2.3853493396388132,,0.4940582359865883,0.2941176470588235,0,2
-0.8400325565800919,0.5222877660475187,-0.14683594015978191,-0.53080060258744832,-0.84717666753286291,0.023289789194293573,-0.11223201048861371,0.097504786677400618,0.98888664284470851,20.948926655161991,1.8265620636774069,2.3990673279579764,,0.1132587311545143,0.2857142857142857,0,2
-0.77984065903645317,-0.54600841767621577,-0.3061427025756237,0.60381525632459299,-0.78511526515714225,-0.13784468305631911,-0.16509295182792463,-0.2923505229069146,0.94195301847427437,8.6531003536808484,-14.331406295191121,1.7285945377379999,,0.47550567285877,0.125,0,1
-0.87112154554179355,-0.45955596112488534,-0.17307677916884565,0.45995920169727539,-0.88702919725434748,0.040208655688974949,-0.17200228390019542,-0.04458163089090017,0.9840872382671294,-5.7229103429102866,-2.3010339188759477,-2.122333378314043,,0.07466795854038172,0.2363636363636364,0,1
