axis_00,axis_01,axis_02,axis_10,axis_11,axis_12,axis_20,axis_21,axis_22,location_x,location_y,location_z,dbh,dbh_approximation,score,reconstructed,number_clusters
0.23981239323574094,0.9640575079074456,0.11438154351919014,-0.97063593173072349,0.23580760887423557,0.047546394503117255,0.018865420318054972,-0.12242505072207058,0.99229844445707027,25.758841293652143,-11.004622087889524,0.97503829528379393,,0.201976275027454,0.3333333333333333,0,2
-0.37960577421789715,-0.87572967822265091,-0.298323627727482,0.92344102209539991,-0.37824659367327118,-0.064700796640938654,-0.056179488177054662,-0.30004507170527139,0.95226930017382383,-4.6294146077759866,-23.050500202449872,-3.7766841091391434,,0.4774694798468627,0.3529411764705883,0,5
0.99015791577921886,-0.030137150435625114,-0.136671335631777,0.029747419069302124,0.99954546875410766,-0.0048935622859541134,0.13675669226209239,0.00077977993799639082,0.99060436051169254,21.227777303148439,5.3460771694468452,0.38756455100484222,0.2106654077782052,0.2321738948041148,0.84,1,5
0.4052112944489164,-0.90064231493432845,-0.15699435467802167,0.91094686250981649,0.41228636949548186,-0.013991540721344972,0.077328006146257594,-0.13734398449866619,0.98750038449991229,8.2844418810094407,8.5769603351295913,-1.167427925484017,,0.1016921326249405,0.4,0,1
-0.89055775530335379,0.4532577320092539,-0.038266340860854793,-0.43605915458751132,-0.8746451586892845,-0.21177407792697578,-0.12945770803423268,-0.1719106592251432,0.9765692126394826,9.4033610404742234,28.933111437688478,-1.2252257352989779,,0.5874511850245522,0.3181818181818182,0,1
-0.93523933724578767,-0.31459563882760677,-0.16234828640521695,0.3307804346994821,-0.93995272520263995,-0.084102190245870609,-0.12614153197136171,-0.13235731341630078,0.98314284592684553,-16.647785750774371,15.440910996544712,-3.837446562578168,,0.1262796693325559,0.5633802816901409,0,5
-0.56360530648922669,0.82517685837416133,0.037844562369444577,-0.8213565735546019,-0.55494463828231255,-0.13194630544413755,-0.087877400825407029,-0.10544951799540454,0.99053417991440751,-15.466753926684532,3.7512278837378905,-4.0493236268120834,,0.3708509891297054,0.1379310344827586,1,4
0.94608259939234962,-0.25566403351514377,-0.19890605092299757,0.29423269408242492,0.9350874794330517,0.19758169839471462,0.13548002384120264,-0.2454532700419963,0.95989471056240205,14.968530447968595,-0.098052141785941932,-0.38410820189853362,,0.5625456257874463,0.1320754716981132,0,5
0.97517251551003303,0.18045687132431953,-0.1283506236279055,-0.16941255890795962,0.9812048407946462,0.092392885469659083,0.14261118426719349,-0.068354794952441941,0.98741565317191371,-9.4995242593183278,33.839019964500601,-2.7271595017314603,,0.2561465933985929,0.4117647058823529,0,3
-0.92220830522815844,0.38666657079657013,-0.0045612275354435343,-0.36354516402759729,-0.87096243011614072,-0.33054403494592843,-0.13178298630838631,-0.30317224205822152,0.94377954849903123,8.5033201995228644,6.7217761295761012,-1.1781744903015048,,0.3775973630954491,0.2857142857142857,0,1
0.92676683740932397,0.36596577586036166,-0.084689314421859688,-0.36068966919869422,0.92994385916077205,0.071465945334179756,0.10491039801496144,-0.035685707336340598,0.99384120395576692,13.946518101512799,-10.676253558812695,-0.69752042282159576,0.2286016863212564,0.2896081843098627,0.5,1,5
0.7851563076330057,0.61852486967746412,-0.030928274678398558,-0.61366502762318786,0.78376462440146122,0.095541862076629541,0.083335505376389715,-0.056035695117611223,0.99494481978466953,3.3243018475042811,13.487026850903378,-1.7199807982099435,,0.2162756569117407,0.3191489361702128,0,6
-0.68070924721274939,0.73247666472727468,0.010623388774804159,-0.72326280569697032,-0.66970289536620109,-0.16849019506628313,-0.11630062190031185,-0.12237633581757335,0.98564608139913268,-19.457946730474905,19.01965901687873,-3.9861849320581335,,0.6546812124074592,0.64,0,2
0.496852097945994,0.85743025253629013,0.13398266605131912,-0.86782967683175982,0.49144439063140682,0.073171462517908209,-0.0031056040875820606,-0.15262952844217301,0.98827859547334707,-6.4622157949654149,-13.655351043657419,-3.600472839826848,,0.7525674223593971,0.3043478260869565,0,3
0.89678482294366202,0.4263750017344573,-0.11824271323783869,-0.42816954353884079,0.90363055909142709,0.0110749565170578,0.11156981367576506,0.040696075634581018,0.99292296081030296,1.4026525791797562,-9.1934216859016544,-2.3787726819967365,0.6503557410257469,0.5109200620410437,0.9826923076923076,1,5
0.93271406123636935,0.35233027131345063,-0.076862603964153731,-0.34598438660874331,0.93440435923751808,0.084754337121451209,0.10168227079944463,-0.052458301098256582,0.99343285754546806,11.035930454089584,4.7387497200144635,-0.88861408553774901,0.2302921034836129,0.2228585686721588,0.5942028985507246,1,5
-0.92501892067141067,-0.32571491105642286,-0.19557554324456142,0.36244633579977958,-0.91089042131684961,-0.19725945862879515,-0.1138975419629942,-0.25335437053407744,0.9606450504041899,-14.980658991756462,-12.306608526106938,-4.6279939957707148,,0.2291874481281312,0.2666666666666667,0,3
-0.76270499767133249,-0.62168754465249942,-0.1782853985920298,0.6414556563694811,-0.76234402901582154,-0.085826699432761722,-0.082557419041357993,-0.17982262996594775,0.98022859288706643,-9.1316971594857446,-14.180446398165923,-3.9658711966221039,0.4652646907049168,0.4419815522124379,0.8008130081300813,1,5
-0.94391488073384378,0.31388922037208106,-0.10246099386313513,-0.30004684171872664,-0.94493539920522207,-0.13064832223754547,-0.13782812014908893,-0.092577797894934005,0.98612005386418,1.6398445897087792,-15.410976524631574,-2.5427443051283154,0.4010102171801465,0.2745752433368227,0.4347826086956522,1,5
0.7748760190807108,-0.60468517178986558,-0.18418196999459566,0.62216753033045302,0.78107443462998238,0.053200486557524809,0.11169028272922392,-0.15581582263978691,0.98145132847174399,5.6764612096364244,-22.194866852875784,-2.2054102013144461,0.3453138858892265,0.2171324903494939,0.4705882352941176,1,5
0.8064725031898331,-0.54239054853928281,-0.23540304682391253,0.57997623891344618,0.80311618624043468,0.13649891462730807,0.1150202760148767,-0.24661079508787895,0.96226475143360912,20.890773155610546,-6.4282137739125034,0.33222372291151803,,0.5896550707519186,0.2333333333333333,0,2
-0.23099046515066493,0.97292032597014744,-0.0083333260840048225,-0.97145227027561831,-0.23110100643132792,-0.053598613813935971,-0.054073020868336548,-0.0042853401930583908,0.99852778843335288,-16.095886018144522,5.5124682342428075,-4.0791174343132131,,0.09486756162686058,0.2676056338028169,1,5
-0.928627225878638,0.36028493115752713,-0.08857902538276885,-0.34666278253804694,-0.92765515760446737,-0.13885540599058291,-0.13219830014007017,-0.098237859049588011,0.9863432123198439,-16.583289230812657,-7.7052073543002066,-4.6495223498471754,,0.7731640399161606,0.7887323943661971,0,1
-0.67615012145156328,-0.70187292499751808,-0.22404332263306762,0.7340397866123991,-0.66787350665823975,-0.12300638509463614,-0.063297748230566803,-0.24762749495856573,0.96678540473544838,15.998710105181962,-3.0294815451741739,-0.29148679263187477,0.3567342909433134,0.2132246970989378,0.3571428571428572,1,4
-0.85507243382331932,-0.49715719657991719,-0.14726117887706336,0.50897877034972816,-0.85899434232910021,-0.05540154492317418,-0.09895324273990945,-0.12232514760012961,0.98754484152156952,-1.6208116125341576,-17.167149563755185,-3.0583389300373183,,0.09843597256438602,0.2903225806451613,0,4
-0.3417011651455778,-0.89992609665826084,-0.27087512674954389,0.93958868401774009,-0.33335954385209288,-0.077746507243323479,-0.020332697901808493,-0.28107727598678511,0.95946972141901499,28.699876358225925,-21.978049920930022,1.2326889875626923,,0.5538662527620849,0.6530612244897959,1,6
-0.98131149107574589,0.14871342145067434,-0.12211501039238019,-0.14229055854894299,-0.98801801953682844,-0.05978118448436473,-0.1295420952066425,-0.041288150248684423,0.99071395176333077,17.111835197765188,-5.7408063981661108,-0.21189158507106312,0.2412132386806854,0.2426754668728989,0.6,1,5
0.44877171828151052,0.88964916319865539,-0.084429327194959658,-0.89306193897363451,0.44988863568169751,-0.0063709215278534128,0.032315909817204932,0.078259708052061491,0.99640910276266181,2.836081559813834,-9.7693202406917194,-2.2008893660411331,1.080964750067941,0.5091208341752504,0.3076923076923077,1,2
0.68079264811421114,-0.71572695720729573,-0.15574431931991967,0.72426359070988522,0.6895176005346737,-0.0027802382864330244,0.10937834084343698,-0.11090717415790273,0.98779348918417387,0.4984542210981967,3.4378458089459469,-2.1789761514217649,0.1897440019912351,0.1507425518218667,0.5661605206073753,1,5
0.99072057878470443,0.020547381673555333,-0.13435229763150261,-0.01137028885218482,0.99757118598852546,0.068720051054019002,0.13543799800617437,-0.066554744322327136,0.98854793242627903,-24.860410372436,8.0438559719579992,-5.0113936159132706,,0.2181473739880092,0.2777777777777778,1,3
-0.57103888423625349,0.82084463819685038,0.011343396038948302,-0.81516965852385392,-0.5653496193261105,-0.12600887171118239,-0.09702072207687415,-0.081202757781393131,0.99196425924343556,-0.36626403431534088,-32.965576062619142,-3.7573536073917104,,0.4574951428846183,0.48,0,3
-0.43257772909808589,-0.86172484803950211,-0.26515428444519057,0.89703973135105552,-0.44088913557002446,-0.03060213250646902,-0.090533025277906715,-0.25109172907050203,0.96372024723278293,13.098855799669225,-0.53922267898567566,-0.65320379550358643,0.6781791979857685,0.3997810072643225,0.2222222222222222,1,5
-0.63072553873702264,-0.7520682426155022,-0.19125546589345893,0.77268297486529947,-0.63143583540162029,-0.065190537073794172,-0.071737822229313172,-0.18889717896223124,0.97937303446741208,8.5423851282554022,-22.794694199776028,-1.8169998856873419,0.2662799396213537,0.2567906262298233,0.2962962962962963,1,4
-0.97716014800597029,-0.15620066589492837,-0.1440812171066449,0.17040601378673914,-0.98105902316993099,-0.092113970287764066,-0.12696391461460535,-0.11456240670849413,0.98526931310931087,1.7370850427880986,2.0527560125123641,-2.0288025896082691,0.1220637687990574,0.1197786911151781,0.2975206611570248,1,5
0.18742520192087533,-0.93781452405721555,-0.2921912253170138,0.98022320073724956,0.15933216969968872,0.11737008322060571,-0.063515906837117678,-0.30841072965467392,0.94913041854769897,-21.618801034738066,14.806837317406085,-4.4089202880288063,,0.5376875538784072,0.5333333333333333,0,2
0.87798726923339077,-0.39335312422954283,-0.27278503390573172,0.46118812536377662,0.84776599558752186,0.26191282853068287,0.1282336464721279,-0.35576134751312638,0.9257375413842226,11.710717643624935,6.5447160016825174,-0.7970207365696822,,0.7167181238771947,0.3230769230769231,0,2
0.17684836812965196,-0.95446630707512803,-0.24024721298747348,0.97855908743871545,0.19669320099535043,-0.061105622272527013,0.10557825098470436,-0.22428966391827326,0.96878655006066217,4.3329763199552724,9.4506061815593618,-1.6288218171949735,,0.1502996779669856,0.6388888888888888,1,5
-0.91227709242803312,0.39176440187332329,-0.11946196070670649,-0.38742365116085459,-0.92003759007616859,-0.058598185705937438,-0.13286617760832073,-0.0071753934855437584,0.99110801256779302,7.4683946964157686,9.2791151997691408,-1.297296299537718,1.06787788529313,0.9222685239441401,0.9447852760736196,1,5
0.4448639131767177,0.89336943095202959,-0.063143951361516529,-0.89494612065947943,0.44612368852913092,0.0067153294567110621,0.034169282545101126,0.0535230265737167,0.99798183638618521,13.091235086404344,-14.262613351362926,-0.92846919170055864,,0.1936119316319808,0.6153846153846154,0,5
-0.50465273269531596,-0.84397335800367757,-0.18175420315125029,0.8621738711986342,-0.50354200466852461,-0.055692596965520577,-0.044517807734775018,-0.1848091461870853,0.98176562594138994,-4.8692038667142734,20.401532700606584,-2.4538931287664272,0.2492407079316938,0.2800406562184443,0.6227544910179641,1,5
-0.52176819337818348,0.84972600269274101,-0.075654958374737194,-0.84805240943202487,-0.52626591430026959,-0.062058829365681509,-0.092547626849121323,0.031779046453878863,0.99520099928159134,-24.543452723903275,11.802256837654051,-4.8433611501279312,,0.1502462045442542,0.3043478260869565,0,2
0.008239325208544852,0.99995303043302253,0.0051039639423282115,-0.99834605206957638,0.0085162900480829605,-0.056856249620508455,-0.056897045944411584,-0.0046270651209672229,0.99836932867109207,-1.4152600925524723,-19.769586658588072,-3.1646113377296108,0.4666843374429687,0.4118491789214976,0.9507042253521126,1,5
0.13227860571682604,0.97665559018878789,0.16925196785444618,-0.99118030569456494,0.13170954286294295,0.014635502111749046,-0.0079982543621031476,-0.1696951810506844,0.98546414113113912,-0.21741073686773624,31.994482143184527,-2.0171777051655235,,0.3204439474094428,0.2307692307692308,0,2
-0.83005730938191069,0.55616891390473389,-0.041000028630399317,-0.54376767832686035,-0.82348060682782365,-0.16185302649470887,-0.12378035041427561,-0.11205279730782999,0.98596277590323389,-6.6022885094376322,22.832163161924758,-2.6346115213649486,,0.204856224748465,0.2826086956521739,0,2
-0.60592330779200843,0.79056557101783398,-0.088673688293859493,-0.78914891714056523,-0.61140481350639797,-0.058550325337089086,-0.10050339123762747,0.034499738295412016,0.99433839129708912,9.9284525105500894,1.042536320078717,-1.0576607085076046,,0.1005763190207305,0.3142857142857143,1,5
0.8841959070377019,0.45555486642182541,-0.10328292045236206,-0.45218858104867649,0.89020495771760633,0.055322874330424432,0.11714557245991376,-0.0022129018026055222,0.99311228867568213,11.639127009299239,-11.325527128679502,-1.0203358970161021,0.2471050652628597,0.227941543358927,0.7666666666666667,1,5
0.079193423247500533,0.99138391021127592,-0.10433764559612632,-0.99674208626705718,0.077144375648658017,-0.023536328723338388,-0.015284475075597074,0.10586164498995543,0.9942633941474881,1.4658876559034315,5.8055899966177966,-2.0350086058036179,0.1713565094740546,0.1310838794432211,0.6081081081081081,1,5
0.93848475440323298,0.33428085900420129,-0.086617971900284058,-0.32520637783473044,0.93992169982838347,0.10386534555537835,0.11613430831722214,-0.069307326417464218,0.99081245295794718,-17.689800345034556,-7.7640258305703336,-4.772750762467445,,0.641805339629267,0.2424242424242424,0,1
-0.90065195724221647,-0.36046219594204204,-0.24267891793974625,0.42074059344399062,-0.86301295063784145,-0.27961759611971054,-0.10864347630743301,-0.35394300717489513,0.92893538135213061,11.746173194879026,-1.4742553483586907,-0.85420916409998005,,0.3770183336278161,0.3269230769230769,0,1
0.97301454795323716,-0.17960515033935839,-0.14486089687329293,0.20178754573841923,0.9668156000699073,0.15668242353988254,0.11191280470180197,-0.1816854023664044,0.97696772654511688,-19.922224434276355,-10.973356124823555,-5.2126883841955909,,0.3928481172194629,0.2424242424242424,0,2
0.33279976937021449,0.94269434123586648,-0.023910092199909437,-0.94281628364613446,0.33312591517746415,0.011161537925797363,0.018486989988211064,0.018828267022032771,0.99965180316054192,-1.5089861787436047,36.867155664918116,-2.1338522039350023,0.3696974785609153,0.4309909050811093,0.4615384615384616,1,5
-0.42862404473800969,0.90325982338263511,-0.020077841895960704,-0.89887540626277329,-0.42857432408809826,-0.091362206345751318,-0.091128657887420264,-0.021112560128993176,0.99561530096540618,-8.5688364422143017,32.968857094486189,-2.6672299016072247,0.7056919650386629,0.6076248953745423,0.2,1,5
0.97985088454008196,0.1596501935753554,-0.12001691446363168,-0.15608112190485579,0.98698841953877592,0.038633445112633565,0.12462314171509506,-0.01912264070940194,0.99201985724145569,2.8635082902848361,6.9436078225259426,-1.8439648888173408,0.1934589373111982,0.1376614451326515,0.6099290780141844,1,6
-0.99013592372809567,-0.039970442124437941,-0.13428781143308058,0.048900122692527262,-0.99675950360820398,-0.063869162883047711,-0.13129977358611641,-0.069805843044135285,0.98888195136382706,11.047573009955533,-16.748929226287405,-1.282921020827797,0.3525817095449794,0.3621732466899566,0.5909090909090909,1,5
-0.95000591821717006,-0.27841278045992301,-0.14133321983498878,0.28678598316916781,-0.95705617987150871,-0.042394202757537379,-0.1234607435991068,-0.080807129922600585,0.98905391791531061,-0.17497324774224762,-2.9533234921266236,-2.4113701778015399,,0.1557419605454969,0.6801242236024845,0,5
0.86452081221100774,-0.47377851620789413,-0.16774290695544422,0.48365255989551509,0.87500114882773494,0.02128827979561106,0.13668930667953463,-0.099533447292792759,0.98560089605756629,23.757639269377243,-16.446919400414533,0.59064440865091916,0.2350727937612358,0.1944256625092586,0.5333333333333333,1,5
-0.047247864434092061,0.98519931385017601,0.16477242273985221,-0.99836781674395891,-0.041278283390221021,-0.03946904876301937,-0.032083356998896889,-0.16636831221569651,0.98554159876393943,-12.709490909019619,18.903080638778725,-3.2993415079807065,,0.3419148829054096,0.5,0,2
-0.79913929987054677,0.59497157760059771,-0.085937193635062317,-0.58944564829912849,-0.80360460938455558,-0.082301029623678176,-0.1180262983560624,-0.015114682376864232,0.99289543219465637,15.833836313580411,-26.84495638962234,-0.87194157872669364,0.6839221920452324,0.6021234472967057,0.9393939393939394,1,5
0.46153528183560411,0.88711823756181618,-0.0025330231245485326,-0.88630777924647519,0.46123216634791708,0.041513963592885818,0.037996105959871108,-0.016915120786656902,0.99913471294949074,4.7600368620694153,4.611523053049579,-1.6489525520988759,,0.1470893499468952,0.2622950819672131,1,5
0.9428631509401868,0.30551343755997001,-0.13293087703552312,-0.30369929950950447,0.95215324916239774,0.034218789968747144,0.13702486663587501,0.0081073781075790378,0.99053442966089844,-11.833302457811929,42.150982304089439,-2.8948923062109633,,0.3972721895594626,0.9069767441860465,0,2
0.61510510940086915,0.78394684118254865,-0.084101454142295543,-0.78562910506835615,0.61841861769762274,0.01858285646651358,0.066577876644110426,0.054642140192943563,0.99628390675384082,-10.95467679256484,-21.041443640166516,-4.5428356985939784,0.4913484931880416,0.4709922096720606,0.8828828828828829,1,5
0.89287067555168842,-0.40202699407633685,-0.20287003912312457,0.43319534841349167,0.88986056929155855,0.14314313582221871,0.1229786438890369,-0.21569066566277192,0.96868663142069045,-19.315118449574797,9.7886050598976979,-4.2977123311321472,,0.312529680867471,0.2,0,4
-0.40336162357105559,-0.8630204717931047,-0.30413001478994273,0.91474598432039966,-0.38874221784686869,-0.11008756620619024,-0.023220353137422291,-0.32260680918031859,0.94624820310036417,-21.972963693816112,4.9432907267732507,-4.7555452118973678,,0.7523862245328323,0.3928571428571428,1,2
-0.66663311055738095,-0.725929919901799,-0.16919233818337881,0.74209068737881312,-0.66768264019869983,-0.059171814936965543,-0.07001219618203415,-0.1650019495904872,0.98380518854959631,-6.3843511329236122,-14.898270256117854,-3.6366726979875321,,0.3124093737186791,0.1785714285714286,0,3
0.41609612621361758,-0.88681435000797459,-0.20105800747534469,0.9058806589633942,0.42347675498782422,0.0069043248061829319,0.079020538254737621,-0.18500742310760548,0.97955500505536464,0.143969402335205,2.4759040874955009,-2.2603662754389586,0.6140793330182301,0.4772823941380793,0.9855746859004187,1,5
0.37355530714824325,0.92760723027617431,0.001121980725012338,-0.92725465255816508,0.37337939703760997,0.028047017257956681,0.025597691509568327,-0.011517473993736267,0.99960597536338536,-0.17542796966155785,-13.679151124410003,-2.7295307512488347,,0.6973056672209428,0.5,0,1
-0.73984690139482823,-0.65214957588239075,-0.1653102936083862,0.66899772080710485,-0.73914001891084935,-0.078192595553350439,-0.071194185516599728,-0.16844275918212887,0.98313703257874518,-3.7449577643375895,-14.403864589422575,-3.2505410667019685,0.6635822125854507,0.5595854418795577,0.9966555183946488,1,5
-0.55541520847316916,0.83157316560893924,-0.0001282023138154397,-0.82367298021992486,-0.55015979086033118,-0.13743007740717833,-0.11435369627752533,-0.076225158311700264,0.99051146252227817,-11.627597376888536,19.103078649600249,-3.1579860381051308,,0.4253120753660444,0.6666666666666666,0,3
0.76004169133468402,-0.62120378664046016,-0.19089914325807569,0.64457156096255441,0.75803162581187811,0.099576890227086601,0.08285004665906609,-0.19873074682231515,0.9765459333979305,14.088133302316564,-17.249857427408759,-0.80993985237728161,,0.5512374073760243,0.2631578947368421,0,3
0.75514118903550853,0.64635071059150284,-0.10951047228415944,-0.650027488844102,0.759905656456065,0.0027671344580895503,0.085006166653196241,0.069095240096100879,0.99398179028943601,0.31305212766881713,7.9201889192341453,-2.1167818118620185,,0.08271086163715932,0.4021739130434783,1,5
0.75129933026701179,0.6546147904385986,-0.083837894053751597,-0.65553662882089059,0.75490195447501407,0.019868754463846172,0.076295770619872916,0.040031428513512018,0.99628130571474938,12.728682405894835,-11.827751172457022,-0.89202284052974246,0.3157288413801867,0.1582598596771842,0.2777777777777778,1,5
0.049166117199313519,0.99405979305787362,-0.097096965685246936,-0.99860386815576541,0.047044273564322371,-0.024023963643596637,-0.019313400112021172,0.098142570531568274,0.99498493879333161,-17.128708632869746,6.5002486552683285,-4.1368479469426163,,0.2635557995269524,0.8,1,5
0.45441188963031415,-0.85367268060976964,-0.25446569305731398,0.88775224977016476,0.45756876248971851,0.05026699336184777,0.073523993298921619,-0.24874441094054617,0.96577452877740655,11.80560959813203,8.6858583997083976,-0.7662513028038167,,0.498851471518537,0.3488372093023256,0,2
0.95108155924141957,-0.22026552463266671,-0.21662632879963239,0.27864515148846175,0.91441883026992155,0.29358999029217764,0.13341944094802122,-0.33958990194952032,0.93106280737178659,-6.3706538061138893,-17.157206484144542,-3.7358748092956549,,0.5142765553869744,0.2065217391304348,0,1
0.90984222207707022,-0.37540514239274925,-0.17679963232693174,0.39264570017465161,0.9166937582171395,0.074174846006536052,0.13422550078213966,-0.13690702213844036,0.98144790092442868,16.345571337227874,27.957341866615458,-0.49334540953628281,,0.2032870714047254,0.4,0,4
0.68484527514825588,-0.65108677569943785,-0.32722004769943508,0.72041262823252206,0.67244882768326963,0.16975929792063552,0.10951070354180173,-0.35199230766695333,0.92957453770694087,2.2438052781179176,-11.523228043463197,-2.3204857258051881,,0.1929538694050592,0.5454545454545454,0,1
0.19591741246959213,-0.96848654853943905,-0.15378612677802156,0.97905641719577707,0.20203827106487959,-0.025081247434772084,0.055361533929161898,-0.14565144119877504,0.98778578560218766,8.8285041235394832,-1.4491374573681586,-1.2200327539924118,0.2891417221400317,0.2307961995992456,0.8169934640522876,1,5
0.99187236294687886,0.010693690249987408,-0.1267866736333621,-0.010127145163144224,0.99993565078271396,0.005112262179780779,0.12683318395837878,-0.0037867245196258701,0.99191683329016656,-9.2408582048289265,26.125507993302779,-2.7821505385020173,,0.07605029268551869,0.1904761904761905,0,2
-0.20529211914991283,-0.90856945515077148,-0.36380859113271152,0.97854783936815048,-0.19712223157837508,-0.059891167007212115,-0.017299476375378126,-0.36829929538975759,0.92954631790596942,-15.974755343872843,13.506775228369989,-3.8060446133280057,,0.3134116711502861,0.2941176470588235,0,2
0.98392301919032499,-0.087812319048213655,-0.1555136294051794,0.12159655654094777,0.96715438189577618,0.2232189038078643,0.13080431852496627,-0.23854013960584322,0.96228313507618168,31.937550056437846,-12.991226105676517,1.8356657021066765,,0.5572922702019839,0.7096774193548387,0,4
0.97846863713107057,0.1939383834300214,-0.070618903867274443,-0.18289402957013681,0.97328618945412559,0.13879397452867104,0.095649882898324795,-0.12288977520696134,0.987800183767506,17.156233806373326,-17.581340589080565,-0.40736142616407722,,0.4177058679009439,0.6578947368421053,0,4
-0.96949842949024023,0.21091636254655213,-0.12484824078092112,-0.20524619816512302,-0.97706041132725718,-0.056806256308398695,-0.13396564244134571,-0.029448949508324621,0.99054831584235958,-18.606441050096674,1.3359023011864104,-4.5096961574591798,,0.4935979560485682,0.12,0,1
-0.41240564372332411,-0.80623096478256839,-0.42416178098800944,0.91046632382604753,-0.38070259884207153,-0.16160632541325742,-0.031187468698720532,-0.45283237810547738,0.89105004300291935,-13.006061178693022,21.656813195668803,-3.2491104418062751,,0.1404500953487617,0.2222222222222222,0,1
0.97276676696256126,0.21150144944058857,-0.094825914062225819,-0.19342037309735416,0.96614832745798318,0.1707219043386706,0.12772382848978026,-0.14773133125600685,0.9807456741690177,-16.789008286740611,11.318569586624653,-3.9586184150190888,,0.138840619330951,0.3636363636363636,0,2
0.76926695281679913,-0.60651677656958003,-0.20091230684953887,0.62787611499714779,0.77584628336775086,0.061920342380646143,0.11832134008726156,-0.17378131178033582,0.97765030361364902,17.177574777310959,-26.864400298330867,-0.66611267884855418,,0.3531407506415946,0.1818181818181818,0,1
0.94815155238481463,0.31630500296846159,-0.030980297083604353,-0.29970975282157253,0.92230324125583207,0.24398933425996197,0.10574827551264704,-0.22205376886265435,0.96928294422216699,-6.138753047540451,-18.831897996250408,-3.7625006065609896,,0.1896162450146363,0.5,0,2
0.14858812706755203,-0.89675076314059299,-0.4168448599914874,0.98780697435264186,0.15439921943149212,0.019956514205289818,0.046464501663495528,-0.4147275609912025,0.90875854892234842,-13.109884912760327,-33.612768072595728,-5.6127548794490565,,0.4409366842442066,0.25,0,3
0.007218381288182165,0.99947094291320671,0.031713234520664851,-0.999546555214614,0.0062845396461154177,0.029448064792674929,0.029233182005652333,-0.031911421679716417,0.99906310222938466,0.59344983936630125,-11.743595182073159,-2.5773145288865233,,0.4744816301335179,0.4772727272727273,0,3
0.60682159312106598,-0.77495197016593109,-0.17668332705140555,0.78847118648301329,0.61497947311395318,0.010650621322449353,0.10040289940077021,-0.14577273951060588,0.98421012299584265,21.857790124944184,-21.048218268628283,0.20290499495723199,,0.2218567868782272,0.5483870967741935,0,3
0.94292409048739012,0.31408837779159693,-0.11064651153458289,-0.31175063352215848,0.94939239366673334,0.038283486600412329,0.11707135463922129,-0.0016043017154569309,0.99312221007232737,3.0191896477926972,23.675845317931287,-1.7104420597100582,,0.1797215375052377,0.3125,0,1
-0.92815007124340487,-0.31208570524735663,-0.20282987410912354,0.3543150057986249,-0.90774299372023703,-0.22464090014452484,-0.11401018339070948,-0.28036613549443168,0.95309837275652431,-19.451377362404351,14.043984832501607,-4.183112918397069,,0.6932287615241177,0.1739130434782609,0,1
0.80191481795312636,0.5964066908395157,-0.035095353952664866,-0.59044377100134282,0.8001202319744356,0.10575333408876232,0.091152498774955557,-0.064083332521287548,0.99377288575410805,12.931231438188824,3.0450057868729918,-0.64881785141417814,,0.1565411681286865,0.2380952380952381,0,1
0.39911810992821894,0.89775125396633415,0.18640659947866964,-0.91643221736219327,0.38409396657515715,0.11235575562104119,0.029269870309575837,-0.21567223011421019,0.97602703028636595,-10.911671216267512,17.528325464251395,-3.1516452196909785,,0.2444717118202186,0.1,0,1
0.77912888195796415,0.62403920005902269,0.059441249050029454,-0.6205447933505629,0.75436996704064885,0.21412639321811078,0.088782570048627926,-0.20371801495396785,0.97499570544632364,23.710392693485868,0.57303292548989915,0.76436400398423943,,0.3422413319726393,0.125,0,2
-0.85592111025082174,-0.47743360889747644,-0.19863585306317005,0.50725213362259169,-0.84982855976886862,-0.14313172931429305,-0.10047052285287469,-0.22326792894704631,0.96956542117660494,-11.289018022051764,-18.404211455559878,-4.4374585462888705,,0.6903164761798423,0.3898305084745763,0,1
0.33518051934957238,-0.88073260733151204,-0.33461036121373922,0.94026777618519897,0.33516368694518534,0.05968091839986548,0.059586311484204277,-0.33462722145149476,0.94046482876679671,-4.6631429867075376,-15.070635757600613,-3.389784114885861,0.5285508542911873,0.2411519318541077,0.1818181818181818,1,4
-0.93771107657366126,0.34488930615574198,-0.041824674182548989,-0.32013443925868151,-0.90455451439940082,-0.28159380547198404,-0.13495139003209633,-0.25066411186900084,0.95862173214951141,-12.668882999307007,15.781574736385412,-3.3690897023995738,,0.6024761077705145,0.2857142857142857,0,2
0.83514605803554387,0.54939986648572992,0.026283996141276127,-0.54143798119068576,0.81275108984263489,0.21512921345964217,0.096829614642665651,-0.19389546839746352,0.97623182342263415,-15.511636826809404,11.280007880115987,-3.8111305867735754,,0.6553011729630769,0.3214285714285715,0,1
0.22090615883764292,0.96440951765543326,0.14530915746508369,-0.97528645714267725,0.21781257074565005,0.037067648148426419,0.0040982315310908752,-0.14990652514412292,0.98869168005881958,2.3711771144177818,30.188236929729662,-1.8115209040295326,,0.2201279273110916,0.1538461538461539,0,1
-0.72873062398966226,-0.61929445756769741,-0.29227735541018218,0.67969649818310884,-0.7061229974596307,-0.19850184587616987,-0.083452669323742262,-0.3433142689789615,0.9355057267051784,-27.318879792209287,7.5125938119170463,-5.3082241111349395,,0.4314128127272953,0.4761904761904762,0,2
-0.25319184770857023,0.96571898412702195,-0.057277674102510591,-0.96548042652505039,-0.25598546977878678,-0.048155843457889841,-0.061167264536900683,0.043107806239786967,0.99719621077813259,7.3029421767841756,-25.018400440305516,-2.1116139728243764,,0.1880163070890397,0.2380952380952381,0,2
-0.83364172801198622,0.55227305394905379,-0.0059952647126847534,-0.53431218545918369,-0.8091834093678425,-0.24440273826957271,-0.13982831539792109,-0.20054097807086682,0.96965527808977503,-2.3749119480889678,-17.991999575685899,-3.2233039357484081,0.4042506323633147,0.479720738912894,0.1724137931034483,1,3
-0.93248635414253433,-0.31297262007820764,-0.18032564548434804,0.34431545969288974,-0.92106360017620359,-0.18190301989501292,-0.10916072349723079,-0.23171099134877765,0.96664055001522053,-7.2595935140663039,20.848716831464682,-2.7219784309112671,0.392552229640155,0.291256161953748,0.1290322580645161,1,3
0.33445147147645848,-0.85337023391733147,-0.39987680239182571,0.9399065782116921,0.33297117392750358,0.075536888787722273,0.068686515864616521,-0.40111026064814104,0.91345099558824716,-21.918461024413961,-31.307093803873364,-6.6100680592142256,,0.2173726956638071,0.5555555555555556,0,1
-0.92795629775343813,0.35421766331307386,-0.11587474468908074,-0.34847079908144996,-0.93490338032711529,-0.067258989291172758,-0.1321560125278812,-0.022034437818111832,0.99098399174899443,-4.1444726475972598,-24.297359046890413,-3.8135395474061782,,0.1293931500918344,0.2941176470588235,0,1
-0.80486773022128821,0.59345408050997639,-0.00043723505204141475,-0.5847420795532714,-0.79317749274486216,-0.17013572641479527,-0.10131454608370752,-0.13668108621544189,0.98542054140494717,0.55849252594400134,27.10985020512787,-1.9373417840610099,,0.4124753046349786,0.2272727272727273,0,2
0.47906150118983037,0.87776353904088178,0.0055899560080402465,-0.87666330029492101,0.47812029717929549,0.053501769514647669,0.044289231126343358,-0.030531147302511316,0.99855210833017038,8.2463925442752544,-12.205435464312977,-1.5206717988165097,,0.3933461746667541,0.3658536585365854,0,3
-0.98210759825332927,-0.10036231159435118,-0.15934889979073294,0.13937032838989932,-0.95641728454495023,-0.25659674469516652,-0.12665139958788571,-0.27421412114459609,0.95329221057728519,28.269592345896783,-23.87185887069742,1.1007116664464798,,0.5042099758296043,0.3333333333333333,0,2
-0.47231833933816786,-0.83474812242872887,-0.28303879314777541,0.88114294110542657,-0.45532656567909052,-0.12753366585715939,-0.022416593517214398,-0.30963412390852324,0.95059150303718076,4.388188189172225,-19.768125627337248,-2.3162748921777574,,0.6636952482456876,0.3620689655172414,0,2
-0.13552392910827349,0.97648174648045827,0.16768024161937248,-0.98981524638282581,-0.12599578747613641,-0.066263410464410449,-0.04357800669101726,-0.17495273741426204,0.98361196465074308,24.007737766750076,3.2482002996290165,0.78617221810258886,,0.4135950330366442,0.35,0,1
-0.62633721818725863,-0.69372486760368257,-0.35559456854921279,0.77264647028210609,-0.61302304143236741,-0.16498540127421438,-0.10353318827337402,-0.3780853855166374,0.91996321675634751,12.299433218408749,9.9785265492931661,-0.69727977005948638,,0.5743567091560731,0.2528735632183908,0,3
-0.047509492635518173,0.97652456110859975,0.21010147467633758,-0.99835426403242489,-0.039659162065031631,-0.04142359656734456,-0.032118711023174838,-0.21172371717867505,0.97680164618322241,14.259145051792341,-0.8480332566242158,-0.48695112751390146,,0.1883649038204908,0.3157894736842105,0,1
0.25857356098480744,-0.91707018257161454,-0.30351605196052106,0.96598167427106052,0.24689812952356832,0.076946205950923302,0.0043724743698245611,-0.31308719851796685,0.94971431893599245,20.312071993811379,-4.7981512919458478,0.26720516230474201,,0.4301824048355524,0.2727272727272727,0,2
-0.5886245392711249,-0.76444524704632921,-0.262953638567965,0.80637581541389292,-0.57825789492883628,-0.12399940027294312,-0.057264265326942849,-0.28502854457184978,0.95680694640863539,3.5148351153640993,-16.982684226740663,-2.3198187719328116,,0.2195168748851339,0.1176470588235294,0,1
0.2220748173729955,-0.91658096898291475,-0.33250880106711855,0.9734973206543468,0.22754579765829985,0.022932000498358241,0.05464194512972053,-0.32878904675549925,0.94282130892659133,-5.5122738089313872,-24.021634622712487,-3.976147272012462,,0.6107673439369508,0.2857142857142857,0,1
0.85237745710941359,0.5125640430888504,-0.1035894412770987,-0.51318604421723424,0.8579797350663102,0.022602173263012521,0.10046270269287663,0.033895072620594761,0.99436329850798855,9.9169591227261122,-22.065898635596643,-1.5722295346983359,,0.1037704130192937,0.1818181818181818,0,2
-0.034543207217953176,0.99565445201481162,0.086481090523790799,-0.99894034197919523,-0.031764392640861117,-0.033304902441626739,-0.03041315507451705,-0.0875399082889841,0.99569664278592918,-0.90236515064652312,31.59840271027538,-2.0688014805194404,,0.5199090705396175,0.48,0,1
0.047389349702434025,-0.96868203344180515,-0.24374036929042214,0.99843782558585226,0.053167607455527045,-0.0171788811292094,0.029599965779995935,-0.24254550831649285,0.96968836149626858,30.661187458751535,-2.677364081765103,1.6724611944896042,,0.4230991392338159,0.4166666666666667,0,2
-0.10113898373273715,0.99347991062886398,-0.052617232408922791,-0.99274512137509929,-0.10423819009415608,-0.059929322637873733,-0.065023303172392799,0.046174309986832009,0.99681487907323663,2.8033895617232494,-17.818650967857575,-2.4576692409114784,,0.4512084627711584,0.3,0,2
0.98994573553354903,0.086937098855889725,-0.11157679660870815,-0.055915722331512673,0.96509336653373801,0.25586759440914048,0.12992641261531446,-0.2470561367687443,0.9602512132717238,-1.9901158763871085,32.446612830313867,-2.158617943992895,,0.4456686570875955,0.1785714285714286,0,1
0.40548261172040895,-0.84184820435433561,-0.35619580628886927,0.91098448343840688,0.40431630787401546,0.081459156155609294,0.075439528941104519,-0.35751912398150931,0.93085388405519276,2.7466784867000578,-15.669086135042543,-2.3865282512557711,,0.3483000765947551,0.2857142857142857,0,2
0.56876998697371095,0.82096633909048844,0.050149496490853804,-0.82069087871461222,0.56242734657614302,0.10070730568313865,0.054471859822872552,-0.098436527283730368,0.99365138080906246,33.984769100761952,13.489484672849176,1.9424927448093472,,0.4128712336595746,0.3157894736842105,0,2
-0.62332877019293098,0.78072288142608315,0.043966199148009859,-0.77517803667246554,-0.60955619409494977,-0.16595257666303867,-0.10276310481096904,-0.13752464745722484,0.98515314323782954,-11.297348652256424,-9.2699034225243544,-4.0379660230218155,,0.1718263877166548,0.3181818181818182,0,1
-0.97948403980999177,-0.10293571072247565,-0.17324911317394276,0.1573412986132621,-0.92779069331676567,-0.33830185507248939,-0.12591557293754846,-0.3586205081320003,0.9249522147867717,-13.389551229036609,10.524478919074362,-3.6042026385869015,,0.3485641203824706,0.148936170212766,0,1
-0.50538785188227786,0.85856834778567537,0.08627578658229644,-0.85826324315486879,-0.4898150924795166,-0.15318413961167895,-0.089259871269818714,-0.15146473965864032,0.98442425204839235,15.701514998621409,-33.002927640585149,-1.1194426646533691,,0.4071879673361108,0.375,0,1
0.99059088971502385,0.0059841258724749507,-0.13672556253729987,0.034801451418467182,0.95518817955321456,0.29394625464697627,0.13235765256594267,-0.29593872994145132,0.94599245236305884,17.572954539782625,-3.8556728535456344,-0.096479373123318196,,0.2565387427991505,0.2666666666666667,0,1
0.98287311211710726,-0.096957739956937142,-0.15671516244344599,0.12681247692220046,0.97288622197762298,0.19341922030388808,0.13371253185131568,-0.20997998892406508,0.96851915989171855,31.470317784738398,-11.762166601128293,1.7806063523701832,,0.7528378833215135,0.4324324324324325,0,1
-0.56139757667760626,-0.72940892224944032,-0.39089050262627439,0.82583779674767943,-0.52413671037604748,-0.20802077372011155,-0.053147853799093897,-0.43959450972354663,0.89662253633146216,-22.503898259457312,3.0438005102284262,-4.8860619672983647,,0.6854318730022593,0.2758620689655172,0,1
0.61565069702202124,0.778701823496741,0.12082089777497587,-0.78562447162648708,0.59457868001768421,0.17108589319412701,0.061387367087238638,-0.20024900337150237,0.97781998742652898,7.5765961235681383,28.209604319548632,-1.3675270815393916,,0.264657084301034,0.2222222222222222,0,1
-0.22593533909246605,0.95972841025636302,0.16695688394303254,-0.97258102125469159,-0.21253597528488258,-0.094417245802266292,-0.055130569055235903,-0.18371128913732729,0.98143302501961271,2.3813009421635574,26.638628849640362,-1.793740298402503,,0.5984955094054901,0.1153846153846154,0,1
-0.028339337152311003,0.99909082329536336,0.031849784563798868,-0.9991601401714153,-0.02736916120175651,-0.030494971843723379,-0.02959554463774669,-0.032687242497724131,0.99902735093464257,4.744389729993129,26.765591456096779,-1.5725939136248093,,0.5771393034897065,0.3809523809523809,0,1
0.87942493398813881,0.4759547089355311,-0.0088825965827346483,-0.46438140554134766,0.86184600566173186,0.2038905900534897,0.10469811682833678,-0.17518155601264571,0.97895338334651438,3.6116580026140808,25.030765288092425,-1.6611592257766619,,0.147879743836586,0.2857142857142857,0,1
0.51767621424032495,0.85069627456306085,0.091253414480422679,-0.85430607922464241,0.5081485315712192,0.10929864071356732,0.04660965790075159,-0.13453965328684395,0.98981140702854664,15.126312221067833,-11.548997775538801,-0.57104638550305709,,0.09120526496367309,0.5,0,1
0.95177953977524643,0.29173440413321089,-0.094903872999264963,-0.28276431262848667,0.95422387009662302,0.097473838754624842,0.11899601324817417,-0.065938176975584975,0.99070283417792648,-17.257249743867074,8.2585638850245395,-4.1165588581805785,,0.09834132278033686,0.103448275862069,0,1
