axis_00,axis_01,axis_02,axis_10,axis_11,axis_12,axis_20,axis_21,axis_22,location_x,location_y,location_z,dbh,dbh_approximation,score,reconstructed,number_clusters
-0.96572984538141371,-0.086721307704629061,-0.24463295062110757,0.094437147821105502,-0.99533058530553065,-0.019966248189490821,-0.2417591587737781,-0.04238443989660267,0.96941016520544387,9.4722658377926052,-8.7794973042177187,2.1511906177835338,,0.6532235585489827,0.4181818181818182,1,3
-0.32236648773256499,-0.82208590853885177,-0.46931290901574535,0.92601243376779463,-0.37673844679890062,0.023856135709673935,-0.19642000940437893,-0.42689917039671477,0.88270962282065391,-5.3397065590675741,-16.443282103475454,-1.8999760181116521,,0.5318423481556422,0.2962962962962963,0,2
-0.57383629995032959,-0.7446344648900225,-0.34092728631962677,0.78919190170292619,-0.61401417355603105,0.012756839687909406,-0.21883336844694026,-0.26173671574743468,0.94000311089055011,-11.37886119324542,-6.8034046279855778,-5.1179836928168783,,0.6214462115745041,0.8103448275862069,0,2
0.063388894594059789,-0.92473278663677549,-0.37530137404641534,0.99560649214780728,0.032626683965294091,0.087767945666783864,-0.068917057651077099,-0.37921599756921248,0.92273813530833626,-13.557199617601391,19.320961947188319,-9.1626263272952819,,0.1162405564091435,0.4444444444444444,0,3
0.52122076309796106,-0.79473697725861914,-0.31100169307161724,0.8511070603918216,0.51088520063207943,0.12088458762932904,0.062814710592121861,-0.32770329377800478,0.94269022662817226,-22.446491720307236,2.4546451439164216,-10.659068550821528,,0.1070179023273919,0.4193548387096774,1,5
-0.32847774021085535,-0.8864649399136445,-0.32600963864565208,0.91805562021667342,-0.3807764316984934,0.11037747619664957,-0.22198254970728928,-0.26303843705219471,0.93890070202263121,-3.2670811047657025,8.2517103130861287,-3.8320892264553645,,0.1381768786731634,0.3387096774193548,0,5
-0.23029723105912986,-0.91181680397597165,-0.33993131858294784,0.96006965191887628,-0.26991323942194823,0.073573817687526577,-0.15883780667984912,-0.30941389621636878,0.93756791327206812,5.1092446390671782,1.0233645001581384,-0.11831273046617075,0.4528689473953806,0.3584975237963474,0.9736842105263158,1,5
-0.73025282554320914,-0.60877646011193964,-0.31003553409203732,0.63129664784556694,-0.77477876725922268,0.03438610508953923,-0.26114240024383029,-0.1706138429842515,0.95010292251788975,-12.252367096788603,14.577154771675438,-8.0949858591820334,0.1452710390461975,0.141531947728455,0.1428571428571428,1,4
0.81232398797529481,-0.50114716391745118,-0.29829726558821773,0.55886828152176304,0.81511351568972501,0.15249983753711802,0.16672127179464502,-0.29058815639566449,0.94221151600569186,-10.974173675344153,-21.500569208280865,-3.2974659037605969,,0.1164964706157965,0.4166666666666667,0,3
0.79916513716077509,-0.51289459934507697,-0.31348718236867706,0.58132333001176806,0.79214478224184848,0.18592963709705684,0.15296492908777579,-0.33082589670348833,0.93121208998783089,-3.4196076074657937,-2.9147542362161225,-2.6710016714598628,0.381252130511359,0.3488946785078097,0.8723867595818815,1,8
0.050528504609460095,-0.94379877607049556,-0.32663548568666817,0.99467868241640611,0.018154644001208548,0.10141364625902596,-0.089784124255311612,-0.33002163442571947,0.93969385006111561,7.792101636801994,-4.3642969249367605,1.3058575256108504,,0.08231353908802522,0.3,0,5
0.91586608817573623,-0.21237269081244092,-0.34071564203417326,0.3355280126470534,0.87091346510469658,0.35906919810595012,0.22047734862972709,-0.44317894410318576,0.86889709531381909,-11.152409362968218,18.305617784721566,-8.1393235147836371,,0.3255954229351911,0.3333333333333333,0,1
-0.96479138635977191,0.064369009974610703,-0.25501806085231804,-0.05230068529336096,-0.99717938499970804,-0.053832262161716146,-0.2577638825045761,-0.038599283497124541,0.96543662463658086,7.4874649267423088,12.476853232336049,-0.80725357360146677,,0.1605910306099193,0.2105263157894737,0,5
0.84863721108833434,-0.43724486958574588,-0.29771094702270795,0.49786208771376983,0.85038681379850978,0.17022223278674545,0.17874066569614255,-0.29267591451734182,0.93935753762235641,-12.257779342182884,-10.213437510120237,-5.0608139967312553,,0.09611167269626114,0.25,0,2
0.64684884360827433,-0.62257443644534827,-0.44044028495063614,0.7528462994802384,0.61345657481845295,0.23852354217335764,0.12169232877035407,-0.48587251609529336,0.86551653665408324,11.67560409600188,8.959184802186682,0.97230658998213559,,0.319650940866916,0.3676470588235294,0,3
-0.14423435598825993,-0.90931967515979073,-0.3903001139122878,0.98294425948309783,-0.17713339725785116,0.049440290503974381,-0.11409221402828949,-0.37651226798496895,0.91935927621085001,-21.660621604226243,3.9317038960229227,-10.750819217982777,0.4762878381387397,0.1795162598575923,0.2666666666666667,1,5
0.18924430443517432,-0.93115076683008635,-0.31168067420131862,0.98080024242865038,0.1640290590361371,0.10547678533032612,-0.047090101834114509,-0.32565736169087423,0.94431446302902244,15.48289919709379,5.6467187750289733,2.5321392724429086,,0.07934577283512487,0.2352941176470588,0,4
0.79121346011792615,-0.47095202180633439,-0.39010954062255865,0.57860083600056833,0.78303485227393188,0.22820493575684128,0.19799579063116771,-0.40627652317216978,0.89204094839389014,-2.0815365547188178,9.9153361088164544,-3.4904604037933042,0.5656530330443821,0.2640247040723649,0.2653061224489796,1,4
-0.69496303650792424,-0.63161371452913628,-0.34364297389353271,0.67190179846357956,-0.74063612464956763,0.0024706447490362099,-0.25607489355477953,-0.22917732541151517,0.93909712086031405,4.9016145276607705,-20.650500461303714,1.8147007314368941,0.5208952378096026,0.304306712520423,0.6923076923076923,1,5
0.87560586007027663,0.46270137956010032,-0.1386427465241924,-0.40357457348488857,0.85851060094532294,0.3163654717269111,0.26540900784841809,-0.22105877367270621,0.93845142502701639,-8.9342426952760121,10.453349868070037,-6.2454464793654063,,0.1940640433219429,0.3278688524590164,0,4
0.15772857797885265,0.97554699173288106,-0.15306783662707885,-0.97534016494125053,0.17813965225441336,0.13029899058338937,0.15438023947753976,0.12874133452625761,0.97958787785642532,-33.512457425547638,10.389678627207729,-16.187416740918461,0.6052198959054724,0.4616631037600136,0.8596491228070176,1,5
0.67673406612988174,-0.68012370530741939,-0.28189137840349732,0.72747625701366436,0.67659279031421271,0.11401969819385273,0.11317817466590496,-0.28223029882302653,0.95264723754680525,-9.3814728829584375,7.9457905964622721,-6.092603452978115,0.8324973934885149,0.6109783602987701,0.9113300492610837,1,6
0.90532948064397345,-0.29977227050388061,-0.3008573039064551,0.38704522896850185,0.87398349634282901,0.29385172936888349,0.17485571826403859,-0.38247801761318484,0.90726845191103977,7.3017169255404797,-8.9564433557122758,1.5179712208185885,,0.2605966976828921,0.2857142857142857,0,4
0.83701766790429744,-0.4574145562177534,-0.30028877331023868,0.51765472212070973,0.83978343363782026,0.16369903253716725,0.17729921681209726,-0.29246488395632969,0.93969637616105994,-7.9132431204318756,17.935250465734018,-6.7313159787556165,0.2243568826202333,0.1338789010643696,0.55,1,6
-0.96164858372382234,0.058679650381927614,-0.26793413379601599,-0.076718925824939443,-0.99540185112144663,0.057352952881826881,-0.26333668153569878,0.075709004847853881,0.9617286201120947,-7.6500472934695622,-6.1051581431597066,-3.8783065836722868,,0.07316918859743894,0.3103448275862069,0,4
-0.21152146310243658,0.97449032666416024,-0.075015157701509905,-0.97667172462658991,-0.20783843151255588,0.053995635947020615,0.037027192196102385,0.084686419362129686,0.99571943709746569,7.3531269161069783,20.16609185180986,-1.6998425031940976,,0.3047279114556496,0.2105263157894737,0,2
0.93721127031243556,-0.16263625917137725,-0.30851982432591213,0.23628167302834635,0.94675626662025081,0.21868594515014009,0.25652681300456037,-0.27785251270777644,0.92573861072750874,9.7876317235853918,4.2221172508997036,0.96506480656201055,0.4066278186733661,0.3872780419164965,0.2346938775510204,1,4
0.2902456335400348,-0.87715960532009885,-0.38255522347189419,0.95683090075590715,0.25964635662864372,0.13060779780744117,-0.01523481439276844,-0.40394900208337953,0.91465463654116919,-6.8140937550680443,10.660091560491475,-5.4905054285813435,,0.06883576179242269,0.3043478260869565,0,5
-0.87214118912740346,-0.3147599286162156,-0.37456098777763014,0.38596809666187187,-0.91310947962900535,-0.13137620245257436,-0.30066322453311606,-0.25914718896635319,0.91784767792057254,-19.460297958281817,13.461961457890538,-10.866002771028167,,0.2668530707427804,0.2631578947368421,0,2
-0.662569265567856,-0.65694713848986286,-0.35975328428640208,0.70689570669835955,-0.70724108828634435,-0.010416472098275256,-0.24758923275518024,-0.26120968640065434,0.9329893201715509,-10.531761092222181,6.2990466635127262,-6.4029952814071116,0.5035102106255218,0.2901272736153661,0.4752475247524752,1,4
0.084847777576338254,-0.95243820123120149,-0.29268127284783557,0.99350251636768783,0.058507782560596966,0.097619615605235299,-0.075852518820591727,-0.29906238849998307,0.95121400492909935,10.301969701566176,12.617335331040538,0.10828114207823897,,0.08541842206448762,0.35,1,5
-0.72757630873563484,0.6632854409790403,-0.17517174073425212,-0.66990264574530933,-0.74195877569890278,-0.026974439508915649,-0.14786196329706475,0.097722049449577311,0.9841682990532219,8.5431523991736924,-5.8508062445286075,1.657510946181636,,0.1491394254146286,0.3333333333333333,0,4
-0.46951095443364427,-0.80647413041074034,-0.35938689548319497,0.87882443267219412,-0.46605525260040337,-0.10227471858661141,-0.085012235620554544,-0.36385708527087207,0.92756721659024832,-12.861636797886888,-14.423036159291145,-4.8001417924393213,,0.2929792908288293,0.7407407407407407,0,2
-0.87636206620447976,-0.39520832807602657,-0.27531782785930614,0.40986641637977239,-0.91213349901466589,0.0046904903011913751,-0.25298033449621704,-0.10873296369829269,0.96134181900277682,7.583524815834414,10.272676928846392,-0.39404528980539799,,0.07763839352507067,0.2352941176470588,0,2
-0.90084776744287343,-0.31762625493137386,-0.29595077643327705,0.32956010965843852,-0.94408084974629392,0.010073890223375586,-0.28260119252244431,-0.088458528817658338,0.9551500691851027,-6.338954731402743,7.0428450948541785,-4.8555717517260293,,0.07278578665018223,0.2328767123287671,0,5
0.30250729774659302,0.94848693139581364,-0.094137536516560399,-0.93657480028405371,0.3141315242154411,0.15539957840022534,0.17696603708886674,0.041157337929418399,0.98335603687150097,4.3406633363797358,-12.271426230733642,0.89773836289398234,,0.8204702207928299,0.2328767123287671,0,2
-0.63003781710059636,0.77053469063662094,-0.096584882609236977,-0.76876738814011925,-0.63644950791751054,-0.062679556505895684,-0.10976817369043042,0.034760816979515094,0.99334920025516804,-9.8186550216692066,16.531322204855343,-7.3848414899823407,,0.3482085535086845,0.4814814814814815,0,3
0.27744389002661929,0.9403483552959474,-0.19690063123084389,-0.95065270635435528,0.29832640139114802,0.085210270121322054,0.1388679941096517,0.16354304914980394,0.97671354617756145,17.76694349552945,-3.798255290770522,4.0688305988283622,,0.08879474959545031,0.3448275862068966,0,5
0.25122020970253189,-0.91820062166064942,-0.30626136651398189,0.96741773085425531,0.2278947756428864,0.11030369560209938,-0.031485556463527013,-0.32399319378140362,0.94553533520303024,-6.7511272156435576,-14.483789124584002,-2.5505111986469466,0.1960524009414399,0.2074485156931216,0.7722772277227723,1,5
0.36294106230659046,-0.85898151298662129,-0.36114338653639633,0.93179301276351478,0.33704720756269496,0.13476261068738737,0.0059637787395483066,-0.38542176926245741,0.92272124345424111,-12.065676772414184,-0.12131631322697949,-6.2441329355649531,0.5829530011515784,0.3851953040917681,0.3157894736842105,1,5
0.15491503710817037,-0.94345177812503311,-0.29308714340701841,0.98631517902523902,0.13075549194036842,0.10042593764482324,-0.05642427582330025,-0.30463378617636,0.95079680132911182,-4.5794824231300302,5.8427516508792277,-4.1758419605481771,0.1108571671046507,0.09777107937294374,0.5754189944134078,1,5
-0.70704045403319071,0.70108287001788083,-0.092609965597824195,-0.69946579208369575,-0.71259372598508164,-0.05438554395632992,-0.1041220536930911,0.026324723250000341,0.99421607655506339,-0.32683134919392892,15.36110148766355,-3.7037271215946346,,0.588385865322674,0.4571428571428571,0,3
-0.60447310011092403,0.76648578455481819,-0.21705255888303596,-0.79042095639666599,-0.61101311369287281,0.043562444655008803,-0.09923196526960909,0.19789521714969655,0.9751874179346276,-16.08699257667238,8.1625601470783113,-8.8558598778995545,0.3671414742953366,0.2148541266664912,0.4883720930232558,1,6
-0.86041557254352052,0.4803704883912247,-0.17008596769687467,-0.47220023490010743,-0.87705504307864957,-0.088325475207280651,-0.19160370738816454,0.0043180195790254164,0.98146287450011371,-2.4369715534765333,-18.922193834909667,-0.55674754692418671,,0.410446676224882,0.5384615384615384,0,1
-0.82506015250737041,0.50392921090781495,-0.25559948188198672,-0.53703891844291896,-0.83999645292476866,0.077428413075983554,-0.17568421904705289,0.2011499676053474,0.96367719995348733,6.2601562060389364,-6.2551622901773269,0.92732604342377944,,0.07067982479925525,0.1794871794871795,0,5
0.75549440541230461,0.6006088150075527,-0.26171980193697697,-0.58071501935071734,0.79884329514054897,0.15690588296646088,0.30331216541906647,0.033443103088858499,0.95230419990913795,-8.1698465853121238,15.863930860106834,-6.6726381442116303,,0.09407766553698857,0.1923076923076923,0,4
0.37533113130082396,0.92439865580181768,-0.067923979773243506,-0.90644795945132983,0.38137206665141704,0.18140408921671744,0.19359400477019756,-0.0065170491650361683,0.98106008449391957,0.54706616339111613,-16.284071992274253,0.040962725585792482,,0.2113793893623603,0.2692307692307692,0,1
0.792705621377369,-0.54472891794808287,-0.27365709160887774,0.58746557842335556,0.80249962126712504,0.10430029738132399,0.16279432423899551,-0.24344355365716941,0.95615544979795875,-4.0572321616747633,-12.495533154956467,-1.7770776009384819,,0.07245603161164528,0.1666666666666667,0,5
-0.62759833382519303,-0.68462353419580169,-0.37068982695117375,0.7411569595531059,-0.6711582350759514,-0.015263839481912502,-0.23834154628565521,-0.28431890530702236,0.9286312871097866,8.4647035931755727,11.539599147670764,-0.32584809790897429,,0.4184927645432898,0.68,0,5
-0.38791488126959217,0.91858185695510031,-0.075692912234353496,-0.9216217625038774,-0.38761044010503087,0.019273650428246848,-0.011634937423306801,0.077236770999981191,0.99694488786324165,-13.225938020157159,1.2973251258678304,-6.9716845169713144,,0.2947316034565969,0.2,0,3
-0.86699742026131432,0.4723756704744575,-0.15867167108225022,-0.47325419168037314,-0.88024468473344208,-0.034637624853343672,-0.15603186635166461,0.045061302048776154,0.98672363696249121,8.9333800372617294,13.764827746056033,-0.45873793859054024,0.5735623750986594,0.5068712814436047,0.3888888888888889,1,4
-0.018600460219725345,-0.95151167958277338,-0.30704974596502138,0.9944558244344065,-0.049396259341704191,0.092831152160966074,-0.10349703439277741,-0.30362070611309899,0.94715512493534204,-16.51101884519856,17.815111322505565,-10.139065366031364,,0.06715559154457591,0.1666666666666667,0,1
-0.41610556462705134,-0.86165595114316751,-0.29052569756557872,0.88515958717859866,-0.45697599649606002,0.087552520536223588,-0.20820342051036475,-0.22073051552967518,0.95285328104687128,-11.618629317381014,11.814691351069929,-7.4586358007634006,0.2381253840962243,0.2229431030926932,0.6956521739130435,1,5
0.56324966787653641,0.81366846297646689,-0.14385216020096769,-0.79496756361048304,0.58110236233977342,0.174202805058778,0.22533615875882676,0.016238129222550413,0.97414574818923672,-37.223083866683815,9.9147977865048844,-17.649392675779378,,0.1290350923934795,0.5714285714285714,0,2
-0.96011787538764737,-0.072971489670216036,-0.26990521865355083,0.057553875381043687,-0.99624934407770238,0.064612660163260643,-0.27360777911041706,0.046501678680014057,0.96071659561506884,6.4143402493972488,2.3249865308839008,0.10215654031790267,,0.08258686752489539,0.3855421686746988,0,5
-0.41949880459084737,-0.79946394310916236,-0.42997459996515924,0.88714777676509138,-0.46142291913207245,-0.0075968335766383732,-0.19232674054224561,-0.38463787302862618,0.90280902271987096,-17.040866839035036,9.5286096109730263,-9.4852129258405231,,0.1550248511609756,0.1851851851851852,0,3
-0.95252407309418696,-0.11741143259661464,-0.28091359111240988,0.12301154838079588,-0.99240252466266932,-0.0023212083316258105,-0.278506820636441,-0.03676662261848767,0.95973025706195725,-8.8555420363483552,-14.311147558769292,-3.305643234360705,,0.1481633546581291,0.25,0,5
0.51321064703468489,0.850091174131547,-0.1181517136307754,-0.83816290248186198,0.52603832190003641,0.14410632462100725,0.18465584386480061,0.025073483129438988,0.98248335343166837,-10.141466821272264,28.004386534069017,-8.6126358968656493,,0.2871385606395944,0.6896551724137931,0,3
0.63437847831405225,-0.71693084790514661,-0.28909186355543603,0.76654901903080941,0.63171733232072058,0.11548079263884595,0.099832598257539498,-0.29486161392693971,0.95031051817684764,6.1470559143750405,-8.5912487920543796,1.1314058902454343,0.6444200269998505,0.5179426484681412,0.9674134419551935,1,5
0.29342910870622796,-0.89684961453223377,-0.33099868138295024,0.95568696877996906,0.26661033975041321,0.12482525562691013,-0.023701811492434798,-0.3529584899836698,0.93533872392862272,-8.9568267672561834,-11.908677767450174,-3.5346965307125955,0.7169505501823705,0.8207290419136136,0.7184466019417476,1,4
-0.32477650182609741,-0.88721871343887204,-0.32766320877613936,0.92666050732495731,-0.36782817123480854,0.077477355467967191,-0.18926311850399255,-0.27846973079659715,0.94161248983019274,-14.568702111129914,11.22084347947491,-8.6767240182460341,,0.1424319028681803,0.4042553191489361,0,5
0.52210165077521908,-0.72660139017863856,-0.44660976931574425,0.84679683079013723,0.50407000671055135,0.16984862583667193,0.10171034176312765,-0.46686598518771505,0.87845953706083291,-8.9898548081889675,-5.6942653080006274,-4.3800473256802848,,0.2144078721143323,0.6666666666666666,0,3
-0.95472015013872091,0.12246667066207401,-0.27112976504995656,-0.10461068144170389,-0.99133738381813619,-0.079415343435100108,-0.27850680466983191,-0.047456359126671829,0.95926109778883428,7.0336690298397686,9.0782312378313179,-0.44004388395810445,0.4600049999731388,0.4548585793597341,0.6444444444444445,1,5
0.96364557114341087,0.13562469730380303,-0.23020242113613926,-0.050176828064654032,0.93812089269996213,0.34265358104825927,0.2624299890276619,-0.31864577850816977,0.91082126056535528,11.957381711793589,6.2999761338914571,1.3802085705702081,,0.4597621444723158,0.4172185430463576,0,3
-0.13453385997213813,0.98410512544198803,-0.11592127759736962,-0.99066482546879431,-0.13098032912508484,0.037780377991333859,0.021996456530103532,0.11992187232149831,0.99253962159655151,11.054152588524429,3.7139848382282601,1.385522542334416,,0.1553921020401411,0.3333333333333333,0,5
0.91231549598422879,0.32372323979494455,-0.25076622540469179,-0.29686820428872829,0.94467720042833803,0.1394785154540466,0.28204557268185881,-0.052803891973449077,0.95794678553822576,4.4133225359300292,9.3280682521082188,-1.337021921650398,,0.1231498729679019,0.2068965517241379,0,2
0.42379974070080811,0.88835038706968328,-0.17671267519641551,-0.88969257896228993,0.44486472287443302,0.10267664428333255,0.16982607197176755,0.11370562050751878,0.97889230109529546,-8.5743668268803379,-10.350355882964108,-3.7104245331967438,,0.08984879916318179,0.125,0,3
-0.33334248363695318,0.94266106908847336,-0.016519607371966359,-0.94280580117454249,-0.33329315459255027,0.0057353616604054469,-9.9369899226208838e-05,0.017486621363851446,0.99984709240908443,6.1283383139429555,13.271381085878406,-1.2795515440029219,,0.4157426828522156,0.3636363636363636,0,4
-0.95109709766010098,0.21310992336865101,-0.22360337963532587,-0.188400177856203,-0.97387116583093358,-0.1268082227099214,-0.24478497463341781,-0.078480016086298537,0.96639598678223559,-16.378549394433048,29.909253725435427,-11.278054186545319,,0.5139063950012142,0.3888888888888889,0,1
0.5977084165802472,-0.70373469753519369,-0.38406005290082296,0.79719907713881788,0.57247352392451212,0.19169688524978173,0.084960462323074804,-0.42075116148443398,0.90318889494465593,-2.3860752689384843,16.317443052493402,-4.5901577691216335,,0.2929373038404555,0.1764705882352941,0,2
-0.56657834859836265,-0.67343621478992721,-0.47483959345127058,0.78978007907868819,-0.60817315938667527,-0.079830037530313175,-0.23502425745019176,-0.42024882249810663,0.87644425127839198,-13.270283825233836,21.752123191443982,-9.2629198285907943,,0.1432335759706539,0.4285714285714285,0,1
0.61967024247675895,-0.69930287884891729,-0.35634852914304371,0.77914372448412017,0.60280391533382394,0.17193747775056231,0.094571915417886093,-0.38419125873948246,0.91839709794966329,-10.278427834503892,-6.9725363331976951,-4.7911608962109424,,0.1024942704281617,0.1891891891891892,0,1
0.52353965587723794,-0.80446163105966539,-0.28062022891582117,0.84975668903602775,0.51691739026440986,0.1034890384570317,0.061804515712627336,-0.29263953218090077,0.9542234046817718,-9.2716143640802375,-3.2205086479038521,-4.8281959352402222,,0.09564039256988036,0.5492957746478874,0,2
0.13528120775323249,-0.91767793644334195,-0.37358559901837329,0.99009782211663566,0.11094089325499369,0.086014073521017878,-0.03748729743155331,-0.38152237571192871,0.92359914430579892,-3.3723398674964011,-15.249466248754905,-1.2541118858837439,,0.2323918806529503,0.1764705882352941,0,5
-0.86641792068546686,-0.34307802599918436,-0.3627911999919175,0.38650669202109417,-0.92080331198849319,-0.052286113394794852,-0.31612112194218156,-0.18552285225148188,0.93040244386743276,4.6934126935511982,12.169698961800053,-1.6421299623719423,,0.2438723741245082,0.2941176470588235,0,4
-0.27307981586235386,0.93423973666405302,-0.22939818788836294,-0.96184252443779916,-0.26096612175676576,0.08219270939904505,0.016922539753412971,0.24309010208791856,0.96985608721870709,-7.5828285891101901,7.0692848510859285,-5.2379333210116208,,0.06576450311316039,0.1875,0,4
-0.47792435130739425,-0.80780962335234252,-0.34501003876228359,0.85128898096344119,-0.52278118209942404,0.044798510387670604,-0.21655342370332498,-0.2722929453035367,0.93752928840665706,-10.963097454440204,-11.792748006141951,-4.3453712887582627,,0.576864848581823,0.6410256410256411,0,1
-0.20553297780449156,-0.93078682686630676,-0.30231122699458707,0.96687636497883278,-0.2409014586231959,0.084359836880699368,-0.15134824042630929,-0.27495885176762536,0.94946897787894657,-18.869755039672373,8.5099253102693755,-10.09196230643046,0.324523671843285,0.28131489148061,0.8846153846153846,1,5
-0.91065791567150167,-0.22617870119535521,-0.34575331632598699,0.3018903659937805,-0.93559429515793147,-0.18309975911528212,-0.28207156458065225,-0.27112084020509247,0.92028752162653327,-17.953549706611138,15.612595657214374,-10.497936304507157,,0.5954160235376152,0.3666666666666666,0,1
-0.54932524487879475,-0.774683491940519,-0.31322078898709066,0.8028885348564927,-0.5931979721138988,0.059043767460697387,-0.23154216880483453,-0.21904714833752562,0.94784311511470665,-11.376152451376354,17.421562859702668,-8.0345656771387901,,0.08717321807446832,0.25,0,1
0.72750972050882201,-0.60233193137559937,-0.32852070103802544,0.67431077758323854,0.7160892005709748,0.18033644129989493,0.12662772919176768,-0.35272156337678373,0.92712076717587,-1.4880372399464261,24.032344594289466,-5.0972302837348495,0.3567478312639934,0.2719284644016224,0.25,1,3
-0.59171799454841723,-0.69686763427006293,-0.4052719028435679,0.75171951524577241,-0.65856143863291605,0.034851139786328755,-0.29118307870867344,-0.2840287518062054,0.91353165397874891,-10.823511838448777,15.148191446819437,-7.6662310411880084,,0.3074518174131138,0.5,0,3
-0.25949026711158357,-0.8990026600202502,-0.35278749772472695,0.95005861481877629,-0.30320750598137691,0.073850096311256511,-0.17335925035309632,-0.31600542019571204,0.93278461861457829,-2.7943930223295657,-12.676490985934615,-1.3521272655951015,0.3874300978920524,0.218053429143659,0.2987012987012987,1,5
0.9197401193314928,-0.28241831574057041,-0.27261329356132125,0.32337186430939602,0.93883744535220492,0.11838449466721311,0.22250561850244865,-0.19703843822667014,0.95481260129725842,-0.82574763163053999,-10.274289076086532,-0.96648210038918125,0.3582365797663919,0.2845642746019674,0.8372093023255814,1,5
-0.69688874050506366,-0.64013719667419444,-0.32337354992542383,0.66318273950824402,-0.74683784080424487,0.049212737794138761,-0.27301050781170921,-0.1801599538658851,0.94499082199111073,-9.0678141279593358,-8.3293286227316763,-4.1501834593826148,,0.4484770527145477,0.3617021276595745,0,3
0.93790906890373271,-0.16415985057897217,-0.3055783400799586,0.2220688033030109,0.96090188049449088,0.16538749245852979,0.26648081557159409,-0.22297784535697965,0.93769336961090699,13.751247223403208,-12.007032149769106,3.6623407461043698,0.05329342148677949,0.1657426112317107,0.5600000000000001,1,5
-0.23310000485042282,0.96301771702895256,-0.13513424594482429,-0.97223338097770184,-0.22783470170322603,0.053419112801204496,0.020655281440798649,0.14383402027387496,0.98938624104060346,-0.26166226068389087,13.261057023739321,-3.3493095960343009,,0.2344803928265741,0.3846153846153846,0,3
-0.95098011370277424,-0.14886216195180815,-0.27106619132767595,0.13464103728526938,-0.98838791362263723,0.070435241771696813,-0.27840368966772927,0.03048588105540509,0.95998020637702219,6.2800755062341871,-12.997527674195709,1.5364708495377888,,0.06807227102955453,0.125,0,3
0.23742003367363088,-0.93326802204304127,-0.26952277573941907,0.97093555621370442,0.21934388758656237,0.095772671772264534,-0.030263398526873382,-0.28442759713199889,0.9582197392557309,-19.274728438285049,23.692833036814367,-11.918307215820844,,0.4621214475103644,0.9259259259259259,0,1
0.86120733768041058,0.45251234959418107,-0.2314184413355431,-0.43004987833737729,0.89145109132627842,0.14273070417815917,0.27088562838848712,-0.023399257209146911,0.96232710192253945,12.526273610514002,-12.176552420644169,3.3646607493616112,,0.1579111169100574,0.2083333333333333,1,5
-0.18998832955432637,-0.81258257082940444,-0.55101179680423629,0.97047640657090806,-0.24037652383325342,0.019866330286677263,-0.14859333404421152,-0.53096957763521402,0.83426094760782621,-7.6077458580329846,-7.8409052527496286,-3.6061448586915015,,0.1662507942496373,0.2857142857142857,0,1
0.11319294041933498,0.98779852914621247,-0.10696459253324866,-0.98519198596559898,0.1255394264870357,0.11677586731197945,0.12877930357159006,0.092162455554771247,0.98738137148607918,-8.8763945901219987,-4.8152832936585126,-4.394485458630859,,0.08221617901845213,0.15,0,1
0.67025702233397377,0.72923872018575631,-0.13771860075471187,-0.70358198060234456,0.68343545910845283,0.19464935089771254,0.23606761866820619,-0.033568768447157817,0.97115663885969672,9.2666574057972131,6.454003454332347,0.58934598216038092,,0.2077510148841898,0.5061728395061729,0,7
0.94554194885412279,0.20953087759787645,-0.24909282263888993,-0.14542434115699687,0.95657346746027627,0.25262415234904956,0.29120814541526668,-0.20264257372054406,0.93495123047125461,-13.878819244833336,12.289834140398847,-8.5254237838115881,,0.1505070251913778,0.375,0,2
0.15545390917639321,0.98326844358603605,-0.094959201606124852,-0.97886337612015994,0.16625936021922733,0.1190979262209724,0.13289308865558291,0.074437846471994418,0.988331135804287,-9.4488141671300827,-18.852972410713413,-3.112797996080654,,0.3663694240743813,0.1666666666666667,0,4
-0.065046798654431401,-0.94538066126300357,-0.31941245951705827,0.99092082597933862,-0.098937650911715663,0.091034377421373561,-0.11766405834083517,-0.31059096339397574,0.94323296318182537,-11.955906872679025,10.085886969185429,-7.297398333075666,,0.1151828559605676,0.3793103448275862,0,4
0.74277584647857231,0.63279661860043357,-0.21875210027768446,-0.61171397725301702,0.77420713152501186,0.16250946904445082,0.27219487857293806,0.013105608863037773,0.96215289382456937,4.4890320105905293,14.359599396226667,-1.9458421033892539,,0.1412435760665379,0.5,0,5
-0.38432473536662493,0.89255520598955262,-0.2358806945180569,-0.92315871551600492,-0.37390869571065527,0.089276386792905393,-0.0085137390266254772,0.25206644269498441,0.96767247801871603,-9.0206299503123475,13.412945581872751,-6.7263008408557035,,0.1197060808421903,0.2982456140350877,0,5
-0.12741798623749215,0.96481739190160187,-0.22998273210693984,-0.99005131562970294,-0.10976617404640286,0.088032831688574328,0.059691282471365396,0.23891167263113144,0.96920491304858647,0.7670233210352505,5.9505876984721837,-2.2067929222206613,,0.09502853251893688,0.2307692307692308,0,5
0.19733590070126422,0.9489382004495972,-0.24611955229502239,-0.96868061930701044,0.22734282386425622,0.099865400496938719,0.1507196074617001,0.21870421158475037,0.96408094461081684,5.5527376148639744,-3.0999408305132028,0.48095738353475015,0.319288316698454,0.2627201796139558,0.8933002481389578,1,5
0.3301864101921938,0.92735864239530874,-0.17601955260459856,-0.92260619773571495,0.35647139279566287,0.14739725240983212,0.19943605096381117,0.11372816051027521,0.97328884052110143,8.6840623858779651,3.3120680682337542,0.76575214710853745,,0.0860618975899865,0.2698412698412698,0,3
0.48094956010973966,0.87666560660530635,0.012038888054865715,-0.84941686480410505,0.46251090166654046,0.2541154375986785,0.21720614728089987,-0.13244274247747018,0.96709896574675003,-10.978394587122335,16.094180534713306,-7.750585171468777,,0.3365981651578427,0.1538461538461539,0,1
-0.95984280242706776,-0.055187432476766295,-0.27505661585494301,0.054685311968453144,-0.99845844454206356,0.0095000619763376728,-0.27515688485637474,-0.005922990736415717,0.96138109347795586,5.4539206557723281,10.951142732407909,-1.1660069778213926,,0.09450138305210118,0.36,0,5
-0.87314409180740382,-0.39381034805779586,-0.28728523231176217,0.40497075626354279,-0.91406084408733945,0.022168894371980483,-0.27132652194940271,-0.096985478649844664,0.95758850004472273,-12.859353464237174,6.6944566221625088,-7.3297102917217805,,0.09035333731632571,0.1683168316831683,0,5
-0.96240818034495601,0.06919227178574977,-0.26264600497672969,-0.066745169567395263,-0.99760334251898319,-0.018238786537788401,-0.26327851553920806,-2.2805225162207573e-05,0.96471986749283412,-15.087236553706425,13.148535705872822,-9.09250624631016,,0.1540034440368135,0.2307692307692308,0,3
0.8323459075231302,-0.45298970256828386,-0.31937535846804777,0.5245253913017468,0.82996766358891927,0.18980724769222973,0.17909049139819147,-0.32550577070744496,0.92842478916006221,0.77826833091770675,5.0118396619938546,-2.0861700854494423,,0.08050974965716604,0.1916167664670659,0,5
-0.46183843712410866,-0.83670395456139623,-0.29433272060048415,0.86097174615236594,-0.50264755609199641,0.077930011433914925,-0.21314997143351308,-0.21742108171947203,0.95252042650109503,-9.7030231487692156,-14.032691973832902,-3.708180094364729,,0.08602554762751613,0.36,0,3
0.45881930777169033,0.87349959385753451,-0.16273691144491473,-0.8636380181284824,0.48147033975246317,0.14938435521083113,0.20884016964898014,0.072005357226882644,0.97529534607298063,7.1129194178492865,-12.674544484436774,1.7331677401878225,,0.1658121755595622,0.2857142857142857,0,3
-0.37974890703464204,-0.86913997543969035,-0.31683824058766802,0.90449701319786013,-0.42070205044580156,0.069963832562604286,-0.19410286119000067,-0.26001055333080708,0.94589565568008727,2.3365286963121381,-11.864413470219908,0.22266003953167079,0.2707405905305014,0.1554813739256378,0.4347826086956522,1,5
0.90659978684610087,0.38772454285519098,-0.16657282298844051,-0.3138170311839108,0.88335379914245737,0.34814499347183503,0.28212709446191353,-0.26335478808694712,0.92252293096819971,9.1815017338556419,-3.935416733147076,1.6785926737543599,,0.09844392437785071,0.1590909090909091,0,1
-0.39957557734753962,0.88758575047982391,-0.22919619004806352,-0.91652960222000213,-0.39163710947092711,0.081202603035257989,-0.017687460016208162,0.24251166988502795,0.96998723895098216,-1.7506044649524315,17.439856404366473,-4.4856613323184282,,0.08410722849630725,0.2105263157894737,0,2
-0.80969263832597138,-0.50281376037047132,-0.30261552145062642,0.51840864702972189,-0.85450626347032443,0.032734085824999863,-0.27504600728885642,-0.13037395473058,0.95255043215693702,-9.0775098183353524,6.2091441803036167,-5.7519125225648429,,0.07430919485017375,0.1678832116788321,0,5
0.014200372378584876,-0.93752172119031618,-0.34763683884286145,0.9959374184635047,-0.017656828583627694,0.08830002779512286,-0.088921358112438925,-0.34747842911570276,0.93346222921483202,7.3895831090462885,-14.041813881866346,2.0011503859816457,0.3486455001261092,0.3227991393751043,0.2592592592592592,1,5
0.89124773215303876,-0.33731705588262895,-0.30314135934039244,0.40387835887881185,0.89439687203005558,0.19218872634004963,0.20630014823412815,-0.29372000121464004,0.93336424279326702,-1.5920805061845025,4.637061627707066,-2.9027009658897605,,0.07423572787377879,0.2641509433962264,0,6
0.92635051864161833,0.28505122681364725,-0.2462123366211395,-0.24734745133086286,0.95333876453758226,0.17310239267579428,0.28406681420492097,-0.099453497283871678,0.95363255342163922,-2.7366133303572533,-9.3027536779183411,-1.6693664944487443,0.3221767283824654,0.2038177461647324,0.38,1,5
-0.35159121652880193,0.90643906950821473,-0.23399108899460336,-0.93613298057579419,-0.34208389910729742,0.081447213886233438,-0.0062176473105625355,0.24768290058183606,0.96882120209112432,-10.006279624484391,11.270454955517726,-6.7597719334683868,,0.07943984910562332,0.4310344827586207,0,5
0.61683295507645541,-0.72406335446448644,-0.3086249572754674,0.7802422682036283,0.61412233883678446,0.11864129066263603,0.10362966969022822,-0.31398409460237686,0.94375573105365607,-3.0152807504721886,-17.913990967182002,-0.97624423749513445,0.497056481459164,0.4006374012626759,0.8985507246376812,1,5
-0.61739869288786198,0.75658641392645221,-0.21539696442213435,-0.78043139410623086,-0.62347101663163207,0.04701840611636806,-0.098720277115515148,0.19713165570813282,0.97539398050429116,-17.776944277621581,8.6276782988649021,-9.5955533151261374,0.1409937138193197,0.1142314836717764,0.3829787234042553,1,4
0.72114774421860461,-0.62065820166480179,-0.30778129851346514,0.68192987231164692,0.71427649040610941,0.15741900934180286,0.12213754646889474,-0.32340762507916831,0.938344248015201,1.5733265127009883,-13.279319530917881,0.11407208881179642,0.5232954121791837,0.3675328675616592,0.3690476190476191,1,5
0.41235189361230756,-0.85342192757590885,-0.31880547261137893,0.91073217007512375,0.39502214485056503,0.12051729945495605,0.023083115573953341,-0.34004193654647907,0.94012693353882804,3.2435253608904597,8.4856167953561688,-1.5966219146614309,0.3662387179835818,0.3993110229740603,0.6370370370370371,1,2
0.12883652244110241,-0.93382634886807558,-0.33372069256341008,0.99017699092592193,0.10270617499007886,0.094873432844994651,-0.054320135549994021,-0.34266571433195064,0.93788567058848049,-19.012087740156176,17.834389470391574,-11.21241001838826,,0.1481012072395879,0.5,0,3
-0.24410708739361234,-0.92751246334375681,-0.28307659780738453,0.9560151651636164,-0.27912120017962488,0.09014632320549365,-0.16262451802047198,-0.24862016400984502,0.95485144404055178,0.62692407904687408,-7.1294794989617341,-0.65004562537244948,0.5978127297230214,0.5269995334051691,0.9865319865319865,1,5
-0.52372631680398307,-0.71444345156473898,-0.46398415878475491,0.79747930508382714,-0.60270184236636948,0.027879152985704161,-0.29956218561418979,-0.35541671840875277,0.8854046833090522,-8.9896298600014077,16.771432407901308,-7.0775940560876185,,0.1125973724650972,0.1428571428571428,0,2
0.87275209328114367,-0.35473513673532325,-0.33536065129760484,0.44115737219156614,0.86726794342058822,0.23070866320113712,0.20900707316838368,-0.34929829240979021,0.91340393380212181,17.914596565450761,4.1435168566924512,3.3920189959783071,,0.3989225176966361,0.1578947368421053,0,6
-0.088213186349083456,0.98940056527573628,-0.11534710740281288,-0.99397520138409068,-0.079870325725106842,0.075060176538710166,0.065051770057384828,0.12127346165018743,0.99048524204643351,-13.737756444653742,16.582455825155041,-8.9603641030437906,,0.3057431865796993,0.3181818181818182,0,3
0.6045786472996445,-0.71436105524811244,-0.35238181277434871,0.79202372595778781,0.58619309717425949,0.17051706760671467,0.084753033864729099,-0.3821857343884687,0.92019073440274946,15.210219301310655,8.3052551106720642,2.1041234633132468,0.4621474962602681,0.2577864458770687,0.4,1,6
0.60129618314460309,-0.74325126706539169,-0.29329243792062115,0.7942867037877881,0.59592635265005567,0.11823880244290288,0.086899553057896511,-0.30405482437036097,0.94868284028723016,6.314054980737656,-9.5146530391767001,1.2714658991258228,,0.06849502939511566,0.3333333333333333,0,2
-0.96393441196059748,0.057013450069306755,-0.25996137395654084,-0.063023773718494866,-0.99790173710116292,0.014836678764547034,-0.25857001640650007,0.030685332028137953,0.96550502692314655,-7.8972655358767758,-4.0148687501248501,-4.2224470238751444,0.2896161303484707,0.274627476691884,0.649025069637883,1,3
0.78396308722642549,0.58740953033527465,-0.20087787717343006,-0.53724754177385547,0.80408098771071423,0.25459545176634968,0.31107387663441172,-0.09167229065237828,0.9459541396929263,10.171517858883488,13.940362682544974,-0.10945316575721731,,0.4342368276289676,0.2121212121212121,0,3
0.11612212612812026,-0.94233354785715495,-0.31388395372562855,0.99104983747171616,0.088977782304652295,0.099514691897385668,-0.065847334576052588,-0.32263049892887297,0.94423179870735996,-19.304464244222519,9.8161599270027526,-10.436659689865317,,0.07159952572129727,0.1111111111111111,0,1
-0.95938716246268363,0.16342651443740014,-0.22993052620442053,-0.1238152931628687,-0.97633314271385918,-0.17732277805592639,-0.25346803680305002,-0.14165228136998248,0.95691618520217636,-11.303555873812412,-3.7794648729753564,-5.5327348967189636,,0.582453787093721,0.4019607843137255,0,1
0.13178486021040742,0.99077805956567822,-0.031489479236596445,-0.98222924678034507,0.13479842018491486,0.13059514801464331,0.13363553939217976,0.013719424146800203,0.99093557813434097,3.7654020726948252,18.474017564002761,-2.6341787342677305,,0.3176890944307094,0.3529411764705883,0,1
0.010715105665081586,-0.88480262923148756,-0.4658427780009412,0.99629293852856093,-0.030320132210712579,0.080505094378252248,-0.085355533790800742,-0.46497849077970571,0.88119772807441765,-7.3166685800710534,-12.786323997502974,-2.9088833199490804,,0.2156566422888391,0.1621621621621622,0,4
-0.24537263229733411,-0.87816853911242787,-0.410624266492645,0.94830577792477144,-0.30537031661759778,0.086400933347758002,-0.2012670436856786,-0.36819694002261005,0.90770181804600047,12.956627289604917,-8.3844745732885944,3.1848968171886982,,0.1788654933100577,0.25,0,2
-0.88592832177585079,0.41571272050464597,-0.2057035310490567,-0.39688175468160797,-0.90895264016226229,-0.12763216970223756,-0.2400330841285678,-0.031432975561961715,0.97025568103003057,-6.7472237501175867,17.838706318016399,-6.2826321472990472,,0.4588186566361989,0.1111111111111111,0,3
0.28008775128558477,-0.90849930886016916,-0.31012877547944045,0.95976954595154007,0.25833878703873725,0.1100158614715466,-0.019831042427388753,-0.32846624927372187,0.94430749909353895,1.6804065244978263,9.692528857063289,-2.2044309918061145,0.2464781708792801,0.338787262349004,0.609375,1,2
0.49335113290659821,-0.76889744817730032,-0.40669567719145194,0.86606297059196691,0.47768380322168347,0.1474893728683116,0.080867735402915517,-0.4249881155116052,0.90157945353956481,2.8730912975061584,15.148722248750559,-2.6167605551639701,,0.2539362188585267,0.1621621621621622,0,2
