axis_00,axis_01,axis_02,axis_10,axis_11,axis_12,axis_20,axis_21,axis_22,location_x,location_y,location_z,dbh,dbh_approximation,score,reconstructed,number_clusters
-0.8433140806470667,0.41770955259861614,-0.33814211664662125,-0.45474671624938368,-0.88994184779265073,0.034769693812363986,-0.28640318685865862,0.1830907895424207,0.94045253859083067,8.934532811085953,14.3058149922525,0.27766603357885133,0.2681689158963308,0.2914506333364547,0.4305555555555556,1,5
-0.40477902568715129,-0.81599600941083328,-0.41267960088833511,0.8887946620803574,-0.45717341051324639,0.032195052060052916,-0.21493717459114273,-0.35375554461418929,0.91030710512084578,-17.721973241150302,26.260934311865071,-10.248705582434951,,0.2209326256483985,0.25,0,2
-0.2229216347427152,-0.78185649012519176,-0.58224253847752594,0.96408039125101819,-0.26529903294872442,-0.012861660925286704,-0.14441240933147301,-0.56419575677737022,0.81291340502263321,-2.4850421016348996,16.456720498706854,-4.036895511597506,0.7367457054082729,0.3254567636425585,0.1702127659574468,1,2
-0.80567995828479166,0.48904131122083322,-0.33424302646072157,-0.52879297227778754,-0.84807812962749851,0.033785773887020643,-0.26694156155952431,0.20396588432120252,0.94188116062761895,-12.586463174505409,-8.9915535305693375,-5.6460784730939579,,0.1158228336312387,0.4393939393939394,0,4
0.95211823041305332,0.010507056844661009,-0.30554946747061718,0.054093498886970334,0.9778521399732355,0.20218577033987378,0.30090657801596832,-0.20903299764923694,0.93046248564920275,-19.149530515101254,18.682151792459351,-9.9797076429556917,,0.3173805904686359,0.5,0,5
-0.12987593106600637,-0.87192150066977703,-0.47210712682557754,0.9847726155940808,-0.1689254285326845,0.041074264096165797,-0.11556443270198072,-0.45958361183228974,0.88058376411869899,1.9801651357554568,1.847222654605033,-1.1412163773244859,0.1825813358161774,0.1601336111976069,0.2830188679245283,1,5
0.15703059755136914,-0.8906701904838501,-0.42667083708184156,0.98753773409607648,0.13701050017126506,0.077442537272510381,-0.010517374626984032,-0.43351439956047499,0.90108526245004905,6.9322710078104599,16.669487743645764,-0.64046572946746239,,0.1141958446627899,0.65,0,5
-0.93268850760225563,0.11843320538901972,-0.34068419929307031,-0.092606705893551633,-0.99152123405623482,-0.091157229220434788,-0.34859166055748286,-0.053471658632250472,0.93574816906734759,-37.440937761901445,21.336799041572888,-16.575709470541945,,0.3432737410472674,0.36,0,2
-0.81935144568895657,0.46985590648531894,-0.32847927725851672,-0.5054042666443509,-0.86245988280621588,0.027008846839056307,-0.27060993275396272,0.18814456593467924,0.94412493167172973,-30.851776618733521,12.703602756070774,-13.426528330293669,,0.08847104003247364,0.1538461538461539,0,2
0.65595958759644069,0.67723042143485479,-0.33328062608480019,-0.69758573140160551,0.71256864069785952,0.074967190416153809,0.28825538465949629,0.18331636200070625,0.93984251055037504,1.191066448595,-4.2388678068975585,-1.0146839594745329,0.2919395044426243,0.2504768516319849,0.9266409266409267,1,5
-0.57428260057630054,-0.71406103909126128,-0.40039521366673431,0.77459534176220346,-0.63224088215676821,0.016538544371469194,-0.26495575327895188,-0.30064646909874054,0.91619329260961291,-10.837081573905333,-26.743902206709656,-4.7347423871947996,0.2522225594874354,0.2832644872538633,0.828125,1,4
-0.41252154966978788,-0.82483775518268099,-0.38661175445559559,0.88600810799536267,-0.46192892634852217,0.040140996113452891,-0.21169696177440883,-0.32598212317195924,0.92136857540714245,-18.486102212261912,-10.212333659063887,-7.6694292461605658,,0.4921098685830811,0.2,0,1
-0.046894558737481586,-0.88773193195615974,-0.45796606571469806,0.99577678994873486,-0.077770939107816878,0.048787966033436748,-0.078927086353218587,-0.4537440886839964,0.88762988741035487,15.070547068397804,2.5182533753543948,3.727050875383362,0.4795425960695565,0.382059334915807,0.6,1,5
0.687646517727587,0.66194799230191514,-0.29827356930272653,-0.66212815060197483,0.74029235175091623,0.11641969815932188,0.29787342754521312,0.11743972678170964,0.94735385771944036,-18.146241538181627,-11.653789893985408,-7.4231001498331741,0.2441366172682051,0.2650982223373691,0.8070175438596491,1,3
0.52076905012234576,-0.71608143094166321,-0.46478702724496407,0.83465856257032423,0.54141967898907339,0.10104362984082711,0.1792893760452948,-0.44055886719473697,0.87963810977775425,-13.815282213395939,0.030607411429230746,-6.4667148275663369,0.6319075968621961,0.5266335197545731,0.4630541871921182,1,2
-0.78777733762815605,0.52214464607169908,-0.32675959801994348,-0.56432250210107948,-0.82442751581098872,0.043120584366397874,-0.24687442140058138,0.21836721308928855,0.94412328660283895,-10.854755438196566,-10.196691137957735,-4.9260089347905796,0.4855124081738332,0.5519000504769775,0.987603305785124,1,5
-0.081752837222677247,-0.80027227092220499,-0.59403768062224704,0.9917999956170328,-0.12406992404905581,0.030650002292245456,-0.098230556855265536,-0.5866608443892245,0.80385310309808833,-25.226978195077269,14.140241737071092,-11.590665192989928,,0.571324500674924,0.1363636363636364,0,1
-0.78857982166015805,-0.46316577133865489,-0.40449886666182716,0.5164294473165163,-0.85591211735349582,-0.026740854732288034,-0.33383003282327872,-0.22998242460615242,0.9141474681677374,-19.706912801868679,-11.563616501671712,-7.9253055683564204,,0.1406455538143741,0.2,0,2
-0.83275840062471718,0.44119194182663241,-0.3344594394784034,-0.48352977207094239,-0.87382680753962017,0.051241291417540379,-0.26965237938869507,0.20439271242478355,0.94101605374066521,4.1304659928466805,2.6749553109042572,-0.40918465022653322,0.2635828120148341,0.2272815136210104,0.8594249201277955,1,5
-0.80022399609477046,0.53508112500566607,-0.27079465603439423,-0.5351477656385849,-0.84093783682354284,-0.080252249380121765,-0.27066293615148973,0.080695379429120029,0.95928610473239073,2.6177172493292398,-6.5898081350980799,-0.34216902281501033,0.489359504368216,0.4434553758008963,0.680379746835443,1,3
0.80179511075467191,-0.41052750086518425,-0.43427154109300126,0.52421463410968983,0.83206681159191176,0.18128386147838613,0.28692092596244723,-0.37300401081041573,0.8823516250136314,-8.0398719541041448,22.774983652718092,-6.5497226106282538,,0.2242494824317096,0.5,0,2
0.48496121616959831,-0.73593781910521872,-0.47244909273059082,0.86508687684359831,0.48289269482818131,0.13579153432583885,0.12820808993309502,-0.47456313773009301,0.87083437804411234,3.6707625377605537,20.65043371197854,-2.211175585470202,,0.1519626164696103,0.2777777777777778,0,5
-0.80593266520785234,0.51274212014215981,-0.29591900476835076,-0.5327194225399261,-0.84615390026728754,-0.015283779348867524,-0.25822965747507731,0.14532410431370388,0.95509075417246303,5.2557977837773082,2.3173372696089003,0.10811471747825642,0.2280334055787698,0.2290371460942787,0.723404255319149,1,5
-0.82280455483962256,-0.39780965200692497,-0.40588193517980004,0.46093119521602866,-0.88489515555611453,-0.067104373553758964,-0.3324681906767824,-0.24229742970871232,0.91145864291511203,-6.8726873832522006,-11.24945698316281,-3.5772657156210927,,0.08210853978695239,0.25,0,5
0.023297784188859947,0.9564465472276017,-0.2909763144111398,-0.99674107265266765,0.044706785149672017,0.067145643557808887,0.077229834514263684,0.28846369902984709,0.95437112645077393,10.62692046983341,12.297298855876489,1.111428947247221,,0.8249174052014028,0.5789473684210527,0,1
-0.93392589072636456,0.11203193914170695,-0.33945732462728817,-0.10850708013598999,-0.99366047741626651,-0.02941205843255669,-0.34060041719194795,0.0093648402563604911,0.94016150504881069,8.7443168015652031,-13.182740261758692,2.1406480521423847,0.2541360887836758,0.2668919797993242,0.7213114754098361,1,5
-0.55862465396934102,-0.69880008400037719,-0.44678511454467629,0.78610637139762796,-0.61787107403979269,-0.016495718019152533,-0.26452838945128065,-0.36043553995961397,0.89448921329903852,12.731810598316786,26.192132106829202,0.41333116078776999,,0.4860536290714045,0.7826086956521739,0,3
0.92623240395287076,-0.12417990876059336,-0.3559113430728178,0.18043103585802714,0.97504410162892274,0.12935857597332373,0.33096551960421122,-0.18403355709994187,0.92552335178225353,6.2268403528987832,14.297063197254554,-0.66769114506949034,0.2545366137208559,0.1807858311689686,0.6052631578947368,1,5
-0.79326637359655972,-0.49656592960861923,-0.35235030590719141,0.51481257324922192,-0.85599557479130273,0.047324310478039436,-0.32510994285853206,-0.14385358351335961,0.93467088943910481,0.0067458453273365748,24.407514949919371,-4.008803921385292,,0.1641377824292682,0.4347826086956522,0,1
-0.65031330990321234,-0.65302378229811531,-0.38813984427753884,0.70436012347053223,-0.70970643820446688,0.013913591761494351,-0.28455125272489146,-0.26434203472810086,0.9214954548170613,-14.132376108796834,6.8690920646471998,-7.0738705774733237,0.08918453467077811,0.1107172752308476,0.2777777777777778,1,5
-0.80326784113932026,0.56601294857743689,-0.18544572638390047,-0.53770495340286673,-0.82304076294094641,-0.18296799070768244,-0.25619164404288763,-0.04725721722934341,0.96547014295748279,-13.412426804818345,-9.4999256197490585,-5.8771169935501337,,0.7285156440333318,0.3278688524590164,0,1
0.9310524535155309,0.12873645478503601,-0.34142093376371924,-0.027877904901916422,0.95805582823192437,0.285222461263345,0.36381884396082231,-0.25603897203398746,0.89558913212409486,24.489391482330142,16.723739224623994,5.7751554456164245,,0.3470439011197107,0.3809523809523809,0,4
-0.56225411690258609,0.77083514262427655,-0.29947202026483982,-0.81487729876822301,-0.57812088354970259,0.041847723425719047,-0.14087333309855815,0.26756200570918642,0.95318690566046915,-28.940420359912025,12.77909880474631,-12.799739735823646,0.4472029516422675,0.4083645788301011,0.9493670886075949,1,5
0.25225707962981719,-0.83426120866267461,-0.49028012553776912,0.96751817768269999,0.22613164346507397,0.11301794405019679,0.016581363942230726,-0.50286451012621602,0.86420619230906781,0.44695267615338397,30.922437169747834,-4.6338607147559072,,0.2335078384858015,0.2307692307692308,0,2
0.61803412466578145,0.72165610029788085,-0.31184338000261674,-0.73780282642785633,0.66940261198781659,0.086874233112904972,0.27144209338948883,0.17638768655080131,0.946153567857559,16.561561329398401,10.997849606976661,3.4580626889106321,,0.08034322508038073,0.2941176470588235,0,4
0.30330131130053256,-0.86217829893754716,-0.40577936788917185,0.95170842561522562,0.29532712665311095,0.083862750228012872,0.047533011438012258,-0.41161932547437047,0.91011545625797308,3.2425884720786362,4.8984911057134468,-0.87096439833622374,0.1863548839920159,0.1109948656542614,0.3389830508474576,1,4
-0.69764583412521641,0.65427637154289242,-0.29191217817761239,-0.68465230941111854,-0.72886510158880957,0.0026227664699960264,-0.21104858527304271,0.20168810903620824,0.95644153053265413,-12.233296836558358,9.4629207446192538,-6.6602083326463601,0.4322742715865228,0.3191250066563755,0.9401330376940134,1,5
0.93479702411605159,0.21720379022680025,-0.28102853452076165,-0.16264049241380232,0.96516189230817095,0.20496485519109603,0.31575717558144362,-0.145893917444228,0.93755659611652598,15.803053406089278,-16.133610900448588,5.0560456391337736,,0.3066625789000185,0.3,0,5
-0.83941345345921003,-0.39486136619983192,-0.37345622987772625,0.42868353367791423,-0.90341612488021583,-0.0083506442764031564,-0.33408903320088101,-0.16710417944868006,0.92761021507187191,-15.792865336950909,-5.6857961015527723,-6.9637274943975171,,0.1878153659331047,0.5333333333333333,0,2
-0.29427270789506654,-0.83240926239061575,-0.46957256443963558,0.94007047750781159,-0.34066050256219327,0.014762090377345593,-0.17225292655377397,-0.43708722456780258,0.88277046133934245,-33.769633274898865,16.392809357236398,-14.830690694448649,,0.2543913259282345,0.625,0,1
-0.58329097282349207,-0.67061628289954156,-0.45830714824517899,0.77060399279214442,-0.63525249383487836,-0.051222606038490839,-0.25679004520314064,-0.38305100206966164,0.8873166303513077,14.554483987833576,-11.696051883046007,4.3199394312073434,,0.3116867554550554,0.1428571428571428,0,5
0.25822573332509596,-0.8828518297967094,-0.39229085800375069,0.96512265816685727,0.25385965402476618,0.063980706086804034,0.043101338049490436,-0.3951302603990593,0.91761340006307424,4.8850963079119163,7.8156398221244743,-0.53341986529831931,0.3871238542876866,0.3887225587522519,0.6851063829787234,1,4
0.74251737357163139,-0.51970441854549199,-0.42258166937123437,0.62995447844526409,0.75622584543540361,0.17686103522897489,0.22765171870873771,-0.39752960649466301,0.8889009545102069,11.188040691035065,29.671432924952569,-0.60553398420184534,,0.09941581523936971,0.2666666666666667,0,1
0.86889984207936932,-0.34385345750563018,-0.3560587931730807,0.40263376794970107,0.90939546462195142,0.10433569778197088,0.28792206122677189,-0.23401856483289613,0.92862058881573284,-1.3718197409648309,16.672865525326849,-3.5939682455128041,0.6417773417823809,0.6520825201188303,0.9911111111111112,1,5
0.30351001382497539,0.93383404874964382,-0.18930303986944047,-0.93654825813288045,0.32894642668835655,0.12112641560464514,0.17538252962091372,0.14052835217424814,0.97441918625351365,-20.197899275388011,36.583558713947319,-12.164006874701029,,0.1305336401659752,0.4444444444444444,0,1
-0.84464945305537276,0.41402470274146574,-0.33933883799692321,-0.45779040918724795,-0.88723217599036408,0.056982516121851276,-0.27748016633524131,0.20347631657577714,0.938936710265033,-6.0001278644038312,9.6512670279048773,-4.4897458483661916,0.254869954193752,0.2300097760556515,0.8908629441624365,1,5
-0.62426555736302392,-0.67857412406195794,-0.38707837971627945,0.72675100073014942,-0.68620616853921224,0.030888140061529248,-0.2865754644556297,-0.26202719784839307,0.92152930000068889,17.810247160431235,-12.049750176077158,5.5955057522991698,0.1714553868092804,0.1350326292094842,0.4482758620689655,1,5
-0.48781919241736582,-0.72959768846176676,-0.4792907765652446,0.84042571712304526,-0.54098929227356585,-0.031862197720197244,-0.23604459220131174,-0.41835128616581596,0.87707762020013003,-29.52647309215882,10.534952789925578,-12.830465309210101,,0.760092061537694,0.3333333333333333,0,1
-0.54997007932980246,0.79056097839850281,-0.26934411312589335,-0.82455390719257593,-0.56525004516268484,0.024560956354362975,-0.13282983842280624,0.23559653197189911,0.96273075579176681,18.259272196109322,-9.539730277797787,5.7123790511681865,0.1794604274123407,0.139246344172247,0.3846153846153846,1,5
0.9288620730791215,-0.04511257731209864,-0.36766847099447886,0.18113781749288832,0.92110805700130005,0.34459982356525315,0.32311660475604015,-0.3866843708964075,0.86375393315190152,-14.302018128077558,17.067184267441267,-8.0854371008482602,,0.5555033911515336,0.2857142857142857,0,2
0.32685363999288175,0.9177878464485586,-0.22545990094631088,-0.92352801555784658,0.36083059016916247,0.129989575266478,0.20065568146252197,0.16573096907183815,0.96554158035131776,19.212743283488177,9.0012859768612419,4.6494967013892072,,0.4267869163787017,0.8809523809523809,0,7
-0.20540530523623676,0.93474043359187042,-0.28994651642896496,-0.97860331294493397,-0.19980445648407708,0.049129777755485833,-0.012009016363105862,0.29383413855028162,0.95578098042826021,-19.079475215530575,17.606212927304924,-9.8116589745395668,0.572971412240305,0.4859412142753893,0.8778625954198473,1,5
-0.85045955154215036,-0.393812652023661,-0.34875513802210278,0.40289038981023378,-0.91390818063670975,0.049509303811071326,-0.33822756391116771,-0.098404433189719018,0.93590527434101334,-6.9774533042754854,4.7591248588608348,-4.4762862281848488,0.2481488555386406,0.2366593285086502,0.8643171806167401,1,5
-0.72305410078316545,0.61293889166083371,-0.31858857862490603,-0.65464301797604751,-0.75522846157981671,0.032748890591848295,-0.22053409340929861,0.23224100824224278,0.94732720204518917,-13.69975290283621,-13.090268664126658,-5.8582249814167113,,0.1149297379367309,0.65625,0,4
-0.91487096945697166,0.28592232013453195,-0.28506058319898842,-0.23406750719639258,-0.95088739367986053,-0.20254768973155035,-0.32897342038488137,-0.11858158115663622,0.93686439642600583,34.935921468306688,-8.7248893680350683,12.011616102858206,,0.3899654720923371,0.6,0,5
-0.93434183692553441,0.12731602773017667,-0.33286027226694959,-0.1289562552703179,-0.99150009207040524,-0.017258379154344857,-0.33222825887825302,0.026799188558376298,0.94281821550887412,-9.2489244602331446,20.143336682224689,-6.7121448133664918,1.209935731437425,0.7055118446027198,0.5564516129032258,1,1
0.24296718097099801,0.9115699232777883,-0.3316733693656051,-0.95744004145426775,0.28027768236349598,0.068941916052548569,0.155806020394129,0.30080674152065473,0.94087182350449305,9.6703731271536899,-6.6095969830395109,2.2443234646954036,0.2722065952062548,0.2710484009115818,0.7573529411764706,1,5
0.77544552673505873,0.59637047866836068,-0.20742827010669873,-0.54395894497319996,0.79777324133851235,0.26012789467468966,0.32061332045039892,-0.088882549339640807,0.94303074773448181,-14.042991953214909,21.5681548298429,-8.4740130729725553,,0.2673359303307647,0.1,0,1
0.93514528858451262,-0.020041854602338965,-0.35369706431109482,0.082584640471030521,0.98322434663775737,0.16263351849180718,0.34450408763388951,-0.18129591347532648,0.92111276473659165,16.870386949622709,-8.4237688352608355,5.0751132271880408,0.176228623787371,0.1719805151013792,0.3529411764705883,1,5
-0.91224338824754037,0.25805392701962271,-0.31815117687728045,-0.26189825200126104,-0.96458355481794489,-0.031430421146726319,-0.31499413676659327,0.054651043215367012,0.9475188427034793,-2.2611061807520865,19.156450603791175,-4.2029868746314554,,0.4231524563599479,0.125,0,1
0.92008046669809296,0.21598049572602609,-0.32680936379877429,-0.18197554420082954,0.9744480527582744,0.13166584138803561,0.34689600187005826,-0.061671856965292073,0.93587378740138949,13.719139429710589,8.5606276767850371,2.6523561295537972,0.4341860428393661,0.3855087644538177,0.6382978723404256,1,5
-0.66545497872006765,-0.61027006262618144,-0.42981405509698123,0.6876470610868467,-0.72520268306226565,-0.034965523847259948,-0.29036389354617864,-0.31882835372897356,0.9022401510591157,-9.2510252536304094,2.500167497065648,-5.0613950341027767,,0.498450107103084,0.3043478260869565,0,1
-0.79999752265729474,0.54744001966378608,-0.24558784296602454,-0.54148404904205261,-0.83503720313461349,-0.097508430477299166,-0.25845500261208931,0.054975396784706296,0.96445773228957477,13.286144592933638,25.243991451729837,0.76472008211120557,,0.2750156307716788,0.5769230769230769,0,4
-0.94441981425260269,0.054809714438672351,-0.32414057081801845,0.015967217268555715,-0.97719169253181537,-0.21175798454722938,-0.32835386767903052,-0.20516405935240487,0.92200403813121379,-4.9033638717467491,-10.801365143189759,-2.8833268602926534,,0.2283925629092142,0.2169811320754717,0,3
-0.76063123833502455,-0.52044836816193418,-0.38803816222957804,0.56614432118841118,-0.8242955151929765,-0.0041846408280251275,-0.31768022735927609,-0.22286857048567105,0.92163380658189453,3.3266418266664108,1.2964413273383213,-0.52054897012852575,0.2484483425421731,0.2233928107272218,0.5862944162436549,1,5
0.88738427914803109,0.37613696194841734,-0.26658981034005197,-0.30575272341180754,0.91292889158496204,0.27032593481890654,0.34505711592023808,-0.1583724242589849,0.92512364686410453,8.139254242045201,-8.3322080343955314,1.7216280934179553,,0.5134102749068954,0.1016949152542373,0,1
0.37835994665036171,-0.78577996498348102,-0.4892786500566868,0.92158844128955852,0.36928587880281533,0.11959383177368893,0.08670925932226918,-0.49616306427160678,0.86388871852825566,6.1668754705211386,-7.9000422954223097,0.94380323350568396,0.7425488286762731,0.4906010214154704,0.7040816326530612,1,7
0.92673910265632509,0.16609269609410446,-0.33699829660094865,-0.071229058362084166,0.95837989680878433,0.27646770993668429,0.3688916600474999,-0.23220936608366011,0.89999875191603707,9.022513497812966,-9.1952767161881166,2.1984270756678397,0.6074879550324953,0.3294121139018723,0.2368421052631579,1,5
-0.74376262649981073,-0.53748307501603976,-0.3974029434886025,0.59912865354981881,-0.79966460787988425,-0.039766460741340146,-0.29641526937336482,-0.26767229773664186,0.91678216011586011,13.345059346213169,3.2928995155193737,3.0321638989619886,,0.2799527945148098,0.2758620689655172,0,5
-0.91469830336399327,0.22862134845756552,-0.33325559688094553,-0.24366901899369089,-0.96985225856687596,0.0034649293471151789,-0.32241653649538987,0.084373429361219346,0.94283015512452872,18.415583654291709,-8.4569312278534117,5.6196877866298358,0.7361646849318469,0.5681633237043168,0.8938053097345132,1,5
-0.93437950372158596,-0.049856830675403696,-0.35277363770555259,0.081761783501390031,-0.99374108804060124,-0.076116100127076869,-0.34677075104984872,-0.099964725653039765,0.93260768806687289,-39.116649898992648,19.667069911448596,-17.079563531739613,,0.1771438583056258,0.1666666666666667,0,1
0.6815545660305139,0.65972705588806202,-0.31661267386544922,-0.66437954675445487,0.73923147492261276,0.11016643925481635,0.3067298345079989,0.1352665450619997,0.94213574945953915,-0.53204480720093839,-15.999035721507491,-1.1966107032034923,0.3253199978077815,0.2908248686133107,0.2592592592592592,1,5
-0.63685373979787763,-0.66303926147794934,-0.39344154819265698,0.73692403319955357,-0.67349607795654531,-0.057844639077933968,-0.22662807283821337,-0.32677510724644959,0.9175280627238116,-8.7389015828792775,8.1228394451083759,-5.2923847479907264,,0.2632737753960978,0.2577903682719547,0,3
-0.16121261491243799,-0.77114395759751153,-0.61591191696048675,0.97879907897776641,-0.20482260938935015,0.00024834494973896234,-0.12634419569323471,-0.60281398071360714,0.78781498390855997,11.920274095797106,9.4497196967375388,1.8540215348594655,,0.7549320114144304,0.4942528735632184,0,1
0.92426799434442297,-0.13078086910595194,-0.35864333104970514,0.20024782909127486,0.96595146232695595,0.16382484357583127,0.32500689465727955,-0.2232356080563894,0.91898660584413583,-12.721909203190778,6.95652691109796,-6.4834893338816748,,0.0881314208843323,0.3035714285714285,0,3
0.94104338948885546,0.11588405883318435,-0.31781791014301353,-0.043161695390683409,0.97294712638021819,0.22696025493349425,0.33552109792131907,-0.19986188775457395,0.92058721405027655,8.6880386409359787,-15.569631462595561,2.2442488375999554,,0.502766658620592,0.35,0,2
0.40934121453278177,0.87038120513576123,-0.27363539213933463,-0.88877730944889299,0.44817328878362583,0.095997903256557354,0.20619084434963128,0.20390502928395085,0.95703086404728743,10.280322402004821,17.715316074256272,0.47498815055106003,,0.1507336162678833,0.2105263157894737,0,3
0.38343205564966232,0.90675424593409337,-0.17543259725823229,-0.89353684995881688,0.41225567283877623,0.17786837261841579,0.23360598550968231,0.088555054586075169,0.96829037268853835,24.113182951077906,9.8317384854252925,6.4122569988278846,,0.5351166128876329,0.32,0,3
-0.15811308338709906,-0.83646299722730533,-0.52471888390960097,0.97347253408745327,-0.22105309585463348,0.059048744190154594,-0.1653828232894104,-0.50146304258897811,0.84922514015909156,11.703467231555342,25.539482674483885,0.036547056203637657,0.5499138194729527,0.3454118439503515,0.4705882352941176,1,3
0.90981757766125482,-0.10475292120575072,-0.40157041832967327,0.20864644652954695,0.95189651986867962,0.22440961613195071,0.35874592085374274,-0.28795805416893328,0.88790851066427012,12.674741474937576,0.25459656966521876,2.9721461785516108,,0.6867532211864703,0.3063063063063063,0,3
0.93165833582588642,-0.11801517287166945,-0.34363521975811828,0.18955741485088987,0.96474049868814671,0.18260272907597555,0.30996892063751785,-0.23526195859725482,0.92117917859436893,14.451276527996807,11.745931821406886,2.603421346875431,,0.4895737752924424,0.7948717948717948,0,5
-0.42299785466119305,0.89417624526336525,-0.14670261537797641,-0.8990387358277151,-0.43436646663458728,-0.055273177443385703,-0.11314665895788684,0.10851089839317582,0.98763516467194179,-7.9898873517143931,-0.94258657872776408,-4.3969843936224846,,0.3959194222380751,0.2596810933940775,0,2
-0.94777681534543479,-0.03077435511456816,-0.31744613300676433,0.044102246790525546,-0.99841783811579432,-0.034882837616962981,-0.31587038500260417,-0.04706123244737942,0.94763449719754311,-10.287694966816623,-0.23419894514253731,-5.320256727910559,,0.3781994742959437,0.2920353982300885,0,2
0.0602289385805687,-0.85051909152792959,-0.52248421019583402,0.99708879929507566,0.02674292045006587,0.071405479664425925,-0.046758970024620837,-0.52526383004382449,0.84965375746237359,7.8577104147813124,13.65331972912422,-0.020644270946104912,,0.6232502408324856,0.6333333333333333,0,1
-0.92727837910622279,-0.038447900160848598,-0.37239302707671235,0.13790121299668678,-0.95984890518574417,-0.24428126139303061,-0.34804893778918211,-0.27787018225593979,0.89534914905687613,11.799535055099772,3.8406913088061603,2.4088043188301231,,0.5059734254144886,0.3513513513513514,0,1
-0.53360191398510926,-0.69017109186225223,-0.48880759133742679,0.80733864086561202,-0.58785393261298968,-0.05130373160610318,-0.25193911239959699,-0.4220090258147462,0.87088177485477014,17.390432842299948,-20.248288133272993,5.7767902531612778,,0.4668891224542882,0.5,0,4
-0.81266201010561834,0.53326532197931475,-0.23496500527821607,-0.52113597949799739,-0.84549087901154829,-0.11645799406198232,-0.2607637785501602,0.027807730626136409,0.96500206316549697,11.024018847596571,8.2458146483413834,1.6843448904140319,,0.7234716907277448,0.2419354838709677,1,1
-0.62976627551813125,-0.68584072567414101,-0.36471487113468276,0.72629794883940402,-0.68640254633603082,0.03664469804878466,-0.27547364253535189,-0.24181406780867809,0.93039788739986096,10.237885319813847,19.811966581590919,0.16262230680229345,,0.1909657153836047,0.3333333333333333,0,3
0.067937172553128478,-0.89062987477326483,-0.4496253626596769,0.996722437652524,0.040749314144883815,0.069884731356232466,-0.043919504385838061,-0.45289945855353042,0.89047917301665303,7.9684213648217268,4.1635946297354192,0.94246820079818039,,0.5127546452757308,0.3116883116883117,0,1
-0.48216775163800718,-0.72417921564097376,-0.49303014402161383,0.84424431864643457,-0.53441235928736508,-0.040681207874517268,-0.23402091725648463,-0.43585306454645512,0.86906059421187498,5.1887836013234425,13.327441163142753,-0.96278552689960317,,0.2131791407463481,0.125,0,2
-0.70195325025015598,0.65901717420978323,-0.27010738338630313,-0.68076343346221757,-0.7322939757836715,-0.017512301153123862,-0.20933891688832257,0.17158641300376015,0.9626709306655773,-31.645112518210659,19.323262760318336,-14.369324658478009,,0.3070904785561342,0.3793103448275862,0,1
0.89419846950463455,0.34210220032925398,-0.28874760893460472,-0.28272903053627579,0.93164968484135968,0.22823926048559673,0.34709277207626515,-0.12245386586334182,0.9298019457430361,17.299712805670808,8.962663257960271,4.0595853744488819,,0.5226845221175873,0.4193548387096774,0,2
0.90658563963339978,0.28046240911823006,-0.31534634147568402,-0.18465290541836565,0.93551962140486045,0.3011749366847507,0.37948093829737506,-0.2148112544493562,0.8999168530652365,16.531102572614135,18.174029079867655,2.6660125748620502,,0.4702817658242087,0.4705882352941176,0,2
-0.11561107026319932,0.95458759451949249,-0.27458442203098066,-0.99294753725018003,-0.1037605125694917,0.057349318218438604,0.02625392735194005,0.27927814168102455,0.95985126497692008,-18.644652036240995,23.944969796395561,-10.252395730739718,,0.1406935579051255,0.5789473684210527,0,1
-0.59187901753496253,0.8017289487397693,-0.083125936713357856,-0.7891779188093998,-0.59739299260112089,-0.14254762311151548,-0.16394340811851235,-0.01876979338465835,0.98629116075872114,-15.345301387985236,20.645445982343965,-8.8394139825990159,,0.4375337574859621,0.28,0,2
-0.58356156451843966,-0.62439603416375156,-0.51921622946261259,0.76142167992288612,-0.64297902114790706,-0.082553035723049339,-0.28229935487032692,-0.44351727236293814,0.85064652080375824,15.949779976580716,13.469521856644775,2.9386069245942439,0.4716305380423598,0.3376864392894577,0.4285714285714285,1,3
0.36502187106447076,0.92013553172153706,-0.14180845146928842,-0.91012956064267247,0.38474581691692056,0.15373626510784064,0.1960184085461609,0.07294696449103362,0.9778831851926767,7.319531064288908,25.503016515615599,-1.5418231834728628,,0.2120533795105304,0.4545454545454545,0,1
-0.24439018989808139,-0.82008207838469949,-0.51743484594083089,0.95134767244201834,-0.30604259406312145,0.035714657470981466,-0.18764605303798357,-0.48353212440472565,0.85497698416268453,-13.518413526735706,15.144155840918629,-7.6291761004444769,,0.5798664950390311,0.2560975609756098,0,2
-0.93282849534299228,-0.032440089485734541,-0.35885740743405176,0.12025357152454758,-0.96686554226128218,-0.22518903553101688,-0.3396617093693694,-0.25321663409412221,0.90582076560781255,7.9706491354898166,17.038005567963147,-0.3021731343784308,,0.2747119309193616,0.25,0,3
0.37643418271346618,0.92015798718971253,-0.10773386048881403,-0.91510620671269061,0.38744171453059145,0.11166713158986322,0.14449199465976276,0.056552598990445374,0.98788859039198884,36.085070243881674,-2.253753892380038,12.027744800915908,,0.3299803224380606,0.3125,0,2
-0.92651132365454192,-0.15750490606702391,-0.34171475195654888,0.16241056883988697,-0.98661813273636345,0.014403724688943435,-0.3394106278079872,-0.042152873219135391,0.93969333349255946,19.289174191282939,-13.861734891413763,6.2767907225498751,,0.09102196396542342,0.25,0,2
0.93755012739953925,0.085482258454446652,-0.33718324706698466,-0.042618935257875308,0.99026016138395512,0.13254598874846563,0.34522946712381464,-0.10989811766063383,0.93206170330298244,-2.5016651420054123,-4.3061408085993804,-2.3572147560118468,,0.3974172050300077,0.2828571428571429,0,1
-0.79588808828636182,-0.46663455445556129,-0.38576462190297023,0.51205435429490898,-0.85877187197762395,-0.017641149273007715,-0.32305183666325982,-0.21157283494841342,0.92242855893580578,12.486753040986907,-16.02741750931057,3.6901068366634484,,0.8339173136121993,0.9447513812154696,0,2
-0.67260817236679182,0.71943109197609434,-0.17325458251800913,-0.71346824367777339,-0.69259889989852907,-0.10615945140542817,-0.1963703433025423,0.052207928108983455,0.97913891788336649,12.789092640052223,8.5170345642014134,2.407596610519346,0.9340128049767447,0.2400437974851454,0.4,1,1
0.59008312392667761,-0.65760753543869599,-0.46835268355287241,0.78859294733451957,0.59377710017084573,0.15984341940460459,0.17298286120650253,-0.46366052737638247,0.86896251074592745,-7.7932837068332761,17.199031310383653,-5.8514488873570327,,0.4441685225466239,0.2727272727272727,0,2
-0.50709484136727634,0.85978378559036395,-0.060221789201253782,-0.8525785172555248,-0.51063336615337573,-0.11119099462296113,-0.12635146921610255,-0.0050405760361205481,0.99197273088535887,35.511469331616787,-10.488301645266978,12.416936128161394,,0.3396450100734156,0.3809523809523809,0,1
-0.70049653888876484,0.70365211010607465,-0.11907269606476158,-0.68246103722220641,-0.7092775832437308,-0.17655662712434192,-0.20869003732438382,-0.042414830557274075,0.97706164108020654,-12.158391277233507,21.167563280042717,-7.731138105448105,,0.4705879159903823,0.4583333333333333,0,1
0.37417548411071677,-0.77684425162353066,-0.50646393337530704,0.9247396071174685,0.35357102736541218,0.14086939921784558,0.069637390234991312,-0.52105713441737234,0.85067625836978433,-6.6567864850046643,23.727746107977786,-6.1836638619545621,,0.1849863488941279,0.2857142857142857,0,2
-0.52829481666557643,0.7805114195161228,-0.33422523945568822,-0.83824704552567264,-0.54208267604146887,0.059061518802017224,-0.13507952232579948,0.31136521376134313,0.94064085936535158,9.2014477787093139,2.2308295636479563,1.5913913285981929,,0.1043556680277884,0.3720930232558139,0,1
-0.85622323186016147,0.46460638066875992,-0.22588202288985984,-0.44595196114995267,-0.88544551636761348,-0.13081699389223519,-0.26078463445811167,-0.011276018196389213,0.96533114828238265,8.6509968972316376,-18.734493298373078,2.2575480108659569,,0.2400324348718765,0.1111111111111111,0,2
0.627408366391078,-0.67339983959058558,-0.39101329622130909,0.77183190704364446,0.60429358081197926,0.19774927423079811,0.10312249537249581,-0.42586608720208069,0.89889033075194458,-2.5213218291901596,-10.725294818295152,-2.0099425385768042,,0.4728559316529502,0.3703703703703703,0,2
0.091602218314625061,-0.80410753680452984,-0.58738411866000517,0.99517430769115145,0.053088056919715847,0.08252124286464757,-0.03517287180878062,-0.59210871254072939,0.80509014502854437,33.885965785161552,-4.9362294800333064,11.308438913434651,,0.2204808269375627,0.2258064516129032,0,1
-0.7993181391719989,0.55978950259428983,-0.21846332684423431,-0.5444538538928364,-0.82851144458994208,-0.13091519073325725,-0.25428431601624785,0.014300313588339164,0.96702377822855223,-12.034944260858405,19.797915743386557,-7.5659846084748548,,0.4140396346887443,0.3571428571428572,0,1
0.93212050941307933,-0.013746860216090229,-0.36188724731012623,0.14910716142471714,0.9252173104309821,0.34891257198719999,0.33002789328080195,-0.37918854454355411,0.86446378602204998,12.251435747327108,0.89125678187909452,2.7266000640507495,,0.6259551379586943,0.2773972602739726,0,1
0.92499890590126022,-0.056524460300666698,-0.37574194531511951,0.19845552041978221,0.91514683534267227,0.35088698490711429,0.32402535471222804,-0.39913814043512602,0.85772741261638863,47.991852376583168,1.193198981805351,14.738138011564621,,0.2486746824977231,0.4615384615384616,0,1
-0.92582601594058478,-0.10859981331151117,-0.36201142075394266,0.14709213909559812,-0.98584677429311418,-0.080436560295317441,-0.34815239597605013,-0.12771929440991239,0.92869677021704378,16.880028070387294,-13.504671377601971,5.4165356320735398,,0.112649976188567,0.4444444444444444,0,1
0.32115124789910865,-0.86054311590404398,-0.39538262688566017,0.94559637040247235,0.31432889756494803,0.083933595403005101,0.052051707508171369,-0.40082775580760904,0.91467356467743199,17.642557426259984,-10.405039112623708,5.5043134995215812,,0.0953626305876582,0.3157894736842105,0,1
-0.42371804065597257,-0.77242599171220672,-0.4730973571582035,0.87982039460582229,-0.4751493549006538,-0.012213262182858802,-0.21535806290528867,-0.42141568298404086,0.8809254945094821,26.932893633676887,1.8571836015294212,8.2691818655350957,,0.4122771789780171,0.1956521739130435,0,1
0.72991343519077267,0.66762160587371777,-0.14665527095404204,-0.60994244395662756,0.73300128940613651,0.30113007951574189,0.3085394499706991,-0.13034761639377593,0.94223824307456294,11.739618980757083,-19.457666016309833,3.5392341362835924,,0.1494499067343011,0.1111111111111111,0,1
0.56286192009933222,-0.71986237869246683,-0.40618298172783762,0.81292837811734386,0.57098176878600815,0.11457430674242031,0.14944534436909651,-0.39468718684196624,0.90658045069876581,-9.1886337736883377,21.566564917592245,-6.8419216720640836,,0.1437052473248278,0.2142857142857143,0,1
-0.85673191317153541,0.43924358558365323,-0.27032480736524633,-0.43114810124585601,-0.89757617355924069,-0.092023515749214926,-0.28305784522873534,0.037710544710581821,0.95836119029940781,34.420085080455259,2.1256881996725014,11.135966835232022,,0.216666586349107,0.3333333333333333,0,1
-0.20110560854060108,-0.86572618292010661,-0.45833907799804308,0.96947512358864241,-0.24290103368705335,0.033422635691207729,-0.14026588664497422,-0.43762685479794605,0.88814875837517027,33.964624894270528,-7.9074510874983392,11.447624180055627,,0.09589525597737938,0.4166666666666667,0,1
0.92456809887375935,-0.12799985037236905,-0.35887305394751318,0.20098855548466862,0.96402190414547217,0.17396944815663856,0.32369342147956881,-0.23297597865958247,0.91703040421703641,-8.3046891827936768,26.41686247144758,-7.1292008503503732,,0.3802651619945472,0.7777777777777778,0,1
-0.92494445949360848,-0.12082769361524689,-0.36038648047297267,0.15243166147831913,-0.98646125913354121,-0.060487790566586402,-0.34819870107603124,-0.11088215674439293,0.93083984223102334,-0.79101146837064251,-51.021219200520193,-0.85438453579413032,,0.4491523754059509,0.4210526315789473,0,1
0.92407448773563516,-0.16569888120797199,-0.34442738259689903,0.20384542100547604,0.97593921218055779,0.07739314222521991,0.32331623134514059,-0.14172697306730017,0.93561748575684345,17.854561779647426,-3.9857659172718409,5.1984943397598222,,0.1141676784022058,0.3387096774193548,0,1
0.79721730122334322,-0.37538739329319698,-0.47278840889631452,0.54799383144662894,0.77855516283090709,0.30586699580991711,0.25327324242132954,-0.5029275925875204,0.82638762169305779,-8.1943781705732111,-10.43368300496291,-4.0040202699038678,,0.5830093418197997,0.28,0,1
0.11567852459199721,-0.76989436980617776,-0.62759950469146064,0.99294034501711159,0.072946460067935481,0.093532268233245036,-0.026228804500344809,-0.63398854351187206,0.77289752005694601,32.301904083314248,-19.158882023508617,11.603086645677921,,0.376477283827813,0.1,0,1
