axis_00,axis_01,axis_02,axis_10,axis_11,axis_12,axis_20,axis_21,axis_22,location_x,location_y,location_z,dbh,dbh_approximation,score,reconstructed,number_clusters
0.74514438941202332,0.62378989069898438,-0.23589406772857258,-0.62694769314878274,0.77580892435138149,0.071113310654003725,0.22736848722547953,0.094903557143566034,0.96917330021946801,18.860749657348137,15.557114542065515,3.4746306965346241,,0.4200903455790085,0.3333333333333333,0,6
0.88153938117190278,0.41135179499068081,-0.23168517475445913,-0.39908201438953494,0.91146571264867893,0.099818838185122022,0.25223375117904084,0.0044671494021901502,0.96765602325535549,-19.865574662201233,15.245569678478446,-9.5875993395587216,,0.1001299195698392,0.3333333333333333,0,2
-0.75129228701152218,-0.58693778415088549,-0.30176801853915047,0.62275487055886258,-0.78185184361042093,-0.029733244663179108,-0.21848631689927581,-0.21026586070742595,0.95291762348523845,11.707108622256598,16.429418707843841,1.3233590790002683,,0.08880291216910673,0.25,0,3
-0.00071669243466999705,-0.932786003584961,-0.36042996250027665,0.99998619384723308,-0.0025447737308508687,0.0045974168380140028,-0.0052056187795275375,-0.36042169141528568,0.93277494921897763,5.996454833453063,10.447657324005275,-0.16629857434198736,,0.1414383679635748,0.2,0,5
0.82392577827234115,-0.47783500125333833,-0.30466378760124979,0.52528045714859273,0.84570422865289274,0.094153061428621052,0.21266582526603275,-0.23760906804210624,0.94779490268099631,-20.720267273456606,17.176558989912188,-10.091971023963675,0.2603841456127742,0.1436739007057138,0.3214285714285715,1,5
0.58749012519484978,-0.70926221389087241,-0.38961835781333121,0.79615546591518105,0.59279618575336257,0.12136373531514603,0.14488556481554515,-0.38149678124839026,0.91294489373959331,4.4248016151627629,-6.262228463183952,0.57949494810171653,,0.6160420341819358,0.2631578947368421,0,4
-0.36942010520138274,-0.83961562508251242,-0.3982139977327549,0.91991349642846343,-0.39105704143496378,-0.028871256171048208,-0.13148363001438837,-0.37698805347309899,0.91683807871226919,0.87521628137410634,1.8395944073002781,-1.026287080537069,0.267142208806594,0.106012625372975,0.2705882352941176,1,5
-0.069224150517374114,-0.92273927600198635,-0.37915728333829768,0.99558868654893085,-0.088029415022091356,0.032465201472398376,-0.063333910355535192,-0.37523732572093416,0.92476254529737467,-16.746239442849223,16.723047879556507,-8.4916903547233478,,0.385465760143102,0.1875,0,3
0.30328285363020674,-0.8364143772673901,-0.4565418931427021,0.95268781610202014,0.27627283066578273,0.12672508862367773,0.020135435050721261,-0.47337544564153244,0.88063059890001472,-7.1061486760524257,29.615687017768359,-5.8300331090874371,,0.3603086712091685,0.125,0,3
-0.84048057760516393,0.47832940029192589,-0.25454544483226743,-0.4992452466544664,-0.8662132756864348,0.02070615168248105,-0.21058628246258404,0.14448372171612794,0.96683911370902109,-31.023517907499052,15.304531829317099,-13.620978684471059,,0.07775906834149125,0.2307692307692308,0,1
-0.42795650571386151,-0.85866960204674558,-0.28202791304774194,0.89237147725364196,-0.45091192364090199,0.018750565394516579,-0.14327028931824737,-0.24364923894677842,0.95922295247732747,-8.862365302760729,10.336406986764858,-5.0456978607308569,,0.07598061220261991,0.3214285714285715,0,5
0.68906181792076437,-0.62764908399353192,-0.36228502376693877,0.70113017951270762,0.70383389499416316,0.11416794486117117,0.18333107336239929,-0.33267773538279544,0.92504877813030206,6.7355769011540101,22.704044813937958,-0.73648577914847846,,0.5147618334920151,0.6,0,3
-0.70217267975501041,0.69547210747496102,-0.15255187815954202,-0.69223341708148434,-0.71696203103597234,-0.082330688861838391,-0.16663260209622538,0.04779114747638484,0.98486018405737741,-2.0740282479643399,-9.9117193487873507,-1.3909601463969199,,0.5071326490754451,0.5555555555555556,0,1
-0.44848341667293695,-0.8268660571553581,-0.33934517602836295,0.88040323713338919,-0.47415487921901689,-0.008203082216381127,-0.1541193207045041,-0.30243953782062205,0.94062615365958779,1.4588932178263885,15.22938046060124,-1.9777590834729024,,0.1140707592297841,0.2758620689655172,0,5
-0.84589373866649997,0.47927282896175177,-0.23401140635406992,-0.49099415134256785,-0.8711134175613694,-0.0092820844610493874,-0.20829912681574525,0.10704657473992199,0.97218954150116621,4.4427082179643325,11.934933350201499,-0.73522681701018455,0.1590844406678428,0.1284663037599356,0.4810126582278481,1,5
-0.72256566856332727,0.6556191165759202,-0.21923144982835222,-0.66981370346013913,-0.74242231466009734,-0.012597989988715723,-0.17102180349488827,0.13774135426571377,0.97559154468168818,-9.4976934601530552,18.27205983873051,-5.9120354946390465,0.1467461117517972,0.09829813070493516,0.4333333333333333,1,5
0.8768526453576363,0.45284538353029996,-0.16143263903129951,-0.41719845949966511,0.88360632419809659,0.21256836365798584,0.23890350294715354,-0.1190416836760254,0.96371893922821483,13.402633396545628,9.5844686114821425,2.2085184242421514,,0.2310083042494194,0.2857142857142857,0,3
0.94863201456717483,-0.15580684025702526,-0.2753570944561729,0.19366221264376085,0.97419192664650966,0.11595273800426049,0.25018442863644924,-0.16332274362710089,0.95432354737896419,6.77331566541109,16.767665903119926,-0.32230424481529413,,0.09617453359369341,0.1818181818181818,0,1
-0.58530260045116755,-0.73231581975987892,-0.34804368408939412,0.78729444154525752,-0.615941576187232,-0.027989945264865996,-0.19387709564835773,-0.29039544564852521,0.93706038062098884,-2.5420369022625522,24.707840816496383,-3.9515942250785772,0.2960902593725495,0.261579090888343,0.3870967741935484,1,5
0.44254745346278634,-0.84981033280702811,-0.28631128110504339,0.89174725120765286,0.45070921274366171,0.040596126805206752,0.094544124075474162,-0.27328301045326048,0.95727624268045264,-16.169803217389813,14.880209649255958,-8.1067188048739567,0.3174636435361374,0.1944866994142248,0.3272727272727273,1,5
0.087735291685499484,-0.85517492060311984,-0.51086042493454686,0.99576709827004062,0.089393799816197481,0.021369009272378371,0.027393513752743019,-0.51057281921961617,0.85939804030403122,-22.737431179317383,15.002525124166519,-10.578456471473141,,0.340610412026437,0.3793103448275862,0,4
0.57824069045432847,0.80149459494339537,-0.15246021835030635,-0.79257855704073543,0.5961692776211488,0.12806804183676274,0.19353794155701462,0.046782546929377576,0.97997676425549685,-23.916350677789239,22.26684135253327,-11.536246667431792,,0.1867158202988386,0.3333333333333333,0,2
0.63652481183890541,-0.71215254497524272,-0.29609950455671225,0.75833650175062028,0.64787727858509858,0.071977649348930875,0.14057707503742184,-0.27035862216406392,0.95244123251540913,-0.35269770642522225,9.478422658470592,-2.0324325514064281,,0.09170416756621901,0.2682926829268293,0,5
-0.073118716990273336,-0.90886212082809525,-0.41063767307634358,0.99469697740806395,-0.096318647362974921,0.036064404964307746,-0.072329636809256914,-0.40582306919891148,0.91108510038580759,7.1800467828124992,12.50226825236191,0.13148133096351081,,0.1944838453156901,0.3333333333333333,0,5
-0.5722313387859701,0.79861574871722851,-0.18645155084374568,-0.80965460950746826,-0.58631129259821047,-0.026428800107568717,-0.13042510576774133,0.13583796992239378,0.98210861808296812,4.3213141860933995,16.30456899500129,-1.092017704844767,,0.2558615888461097,0.7583333333333333,1,5
0.12009387049394606,-0.94531317514676394,-0.30324983621385254,0.99276253602302245,0.1143242152156092,0.03677663503467174,-9.6638096428577626e-05,-0.30547172489328706,0.95220114259110178,-5.1486290723514507,11.124617619626653,-3.760061816644606,,0.07541032759415059,0.28,0,5
0.70904708901323532,-0.56272885688624452,-0.42495700863658842,0.68467228105662581,0.69360374440469252,0.22391452230819398,0.16874860922263543,-0.4497222246846273,0.87708256595951994,-29.331516969510766,12.685870178963397,-12.894673049753324,,0.2122710702828704,0.3,0,1
-0.019951000764912373,-0.95505801137562241,-0.2957467708627089,0.99899552385528001,-0.030913944846190925,0.032438731959821221,-0.040123570199982563,-0.29480251512035605,0.95471544252364504,-4.9571873850403234,9.1247611576506458,-3.6646800056574613,,0.08904131024613704,0.373015873015873,0,2
-0.36768716091153836,-0.8503042933979611,-0.37654848337206975,0.92006532946133146,-0.39150239920648067,-0.014340883472812177,-0.13522551986967482,-0.35172216314096938,0.92628590550186674,7.6374666592755451,10.033716311138788,0.40929172130579439,0.4646758531699381,0.3041869632731508,0.7368421052631579,1,5
-0.66026707707607746,-0.57941788993027721,-0.47783082336550564,0.72303950783117843,-0.66248825150695012,-0.19576308827383754,-0.20312867115367855,-0.47474648544671499,0.85636120738350341,-10.708525958196168,-13.31600909131819,-4.1838822476698185,,0.5041399046688059,0.2173913043478261,0,1
0.50142676080203552,-0.82011342049740821,-0.27565409678003799,0.85866970542243537,0.51078018514577628,0.042307676043406878,0.10610155767624484,-0.2579100230361101,0.96032540291100632,-3.3093220673140347,10.22251866822085,-3.1202643662551361,,0.07761996841234928,0.3963963963963964,0,5
0.70240988330105336,0.70128422452370098,-0.12174067633782792,-0.68097202583416905,0.7118819244963126,0.17175920821526264,0.20711701009890091,-0.037743370406171511,0.9775878385690332,9.585483815909976,14.036703522282805,0.73895931926509573,,0.1872105124491472,0.2380952380952381,0,4
-0.9542443922191064,0.03444918350672313,-0.29703685575044175,0.002970873847685841,-0.99220064149697995,-0.12461565279515803,-0.29901306631478441,-0.11979624688905061,0.94669955392633887,2.6572858752821156,-7.5505709781884836,0.067605161397911812,,0.6161427433765313,0.3125,0,3
-0.82029683415426846,-0.47400964304983806,-0.32004368791190008,0.51935286422350269,-0.85171373065591705,-0.06968732621520439,-0.2395531387799556,-0.22337989906870595,0.94483634265026362,-7.3544905389157043,8.0039180388987088,-4.3654904800704211,,0.1181473073106282,0.182741116751269,0,1
0.34933497958000209,-0.8863047434012884,-0.304021337846893,0.93458833130447483,0.35283984591482198,0.045262502408960958,0.067154471417441366,-0.29994657017405579,0.95158937153031686,-6.2335884929995808,-7.1213545799077798,-2.9215684790300389,0.725783971499977,0.521750992214798,0.7894736842105263,1,5
-0.34304419146517284,-0.85102521088312488,-0.39758869846027994,0.92847704929011732,-0.37133690460056568,-0.0062667553956222248,-0.14230618975829559,-0.37130175561529971,0.91754234487214426,-22.65561220918374,13.892338457854748,-10.462902526655338,,0.1688527292129341,0.3846153846153846,0,3
0.92921138451067464,-0.19752266243243208,-0.31233155575663368,0.26644327844780979,0.94374190113830336,0.19585505713625118,0.25607456387884076,-0.26520939248349557,0.92956430432369619,1.1779364481774846,21.246945029658768,-2.3785903079707698,,0.3444478962399021,0.3157894736842105,0,5
0.26076779833421276,-0.90167214699384712,-0.34494564019194868,0.96465872196934532,0.25738031781180121,0.056470542157531431,0.037864303511311037,-0.34748051936562152,0.93692239976478364,0.81439693436664951,19.588775424230715,-2.3978841606873309,,0.07975079919830577,0.2,0,4
0.56005366781728272,-0.76757563449005684,-0.3117170744466764,0.81914185311738918,0.56932643840850694,0.069814260724393867,0.12388104631386476,-0.29444023479523046,0.94760668765997591,-35.963715210330349,15.43812969314946,-15.472691581496658,,0.1147207067383664,0.4166666666666667,0,1
-0.12433028851835495,-0.93533817729600488,-0.33118646326432166,0.99012190879482354,-0.13875179258066953,0.02016298043806973,-0.064811920828175829,-0.32540810399902165,0.94334987187698494,-38.549028411470104,13.897658223849076,-16.187591137372731,0.3613374382222656,0.4124308506268632,0.8723404255319149,1,3
-0.9663556527020829,0.012739240057571663,-0.25689387741533409,-0.013292102918605974,-0.99991156969572059,0.00041567852869852468,-0.25686586478302303,0.0038163531536790887,0.96643952886762352,-8.3176854760082524,13.801697221748165,-5.0360912263607762,,0.1533398448261389,0.2545454545454545,0,3
0.65983342911863985,0.7092655137670778,-0.24811746572593421,-0.72480791777058995,0.68785870856452902,0.038779883818812408,0.19817499376712233,0.15424923997434045,0.9679534306012556,-15.812335326671709,8.5770126400731606,-7.4734996778184328,,0.08358000659431911,0.2467532467532468,0,5
-0.1184696619757887,0.98456480186259021,-0.12882969426580659,-0.99201819881745923,-0.11171463161773457,0.05847849431610154,0.043183705333225186,0.13472932871425086,0.98994099600829799,7.5856891311042141,15.021067823350505,0.063101433371533205,,0.4724567023349088,0.7727272727272727,1,5
0.72090284922823855,0.6574384731435956,-0.21925723706465083,-0.65792605040190588,0.74864927332479958,0.081593981106437577,0.2177897935559778,0.08543371454447414,0.97224929223012402,4.2050555584156459,20.301676581347706,-1.346325445858531,,0.2606120037580024,0.8518518518518519,1,5
0.69019327804515096,-0.66365538661888901,-0.28843503038469731,0.70510234593940824,0.70639961733673284,0.061889113560142123,0.16267735150300253,-0.24609166673873761,0.95549723749978388,2.4149795775335341,18.836652931950397,-1.8530106561363999,0.8334562555732954,0.7353497507382831,0.9897435897435898,1,5
-0.66116672717404712,-0.68080323414439681,-0.31522296118222121,0.72212418470887796,-0.69143557397733368,-0.0212957483356019,-0.20345815475546086,-0.24171016407500168,0.94877867590199272,4.6049276024180212,2.4842449283259933,0.075518787177404942,,0.06786572355617848,0.3366336633663367,0,5
-0.18610155644317222,-0.92964303482937816,-0.31800949432784531,0.97898294137124009,-0.20292786543177527,0.020314574458209538,-0.08341829052158517,-0.3075452962159011,0.9478698642650949,-11.239585621624421,-2.4644018330143682,-4.9969326639952012,0.486825526920845,0.4326955208359238,0.9857142857142858,1,2
0.94739906966823695,-0.16165907485910366,-0.27622698330803541,0.19805716740082724,0.97408652423293207,0.10921905396480022,0.25141273084893606,-0.15818276398996178,0.95486640528587885,-16.690463073055479,12.620711565378175,-8.1445819627672602,,0.09211223601656628,0.1333333333333333,0,2
-0.67605820028250052,-0.67944458203080704,-0.28513219702406195,0.70708599043441578,-0.70707793233975202,0.0083785278851834545,-0.20730342969224633,-0.19594860945442574,0.95845157962763528,-18.011316671268254,9.45695482073722,-8.4702545458903984,0.3066239555768645,0.3090525454822415,0.9190140845070423,1,5
-0.36968246129103982,-0.8603924444107196,-0.35079868787489144,0.920114335874336,-0.39153869129044194,-0.0093307095709686278,-0.12932318714108695,-0.32622430139938158,0.9364044096671893,-16.428844787971563,17.322765454602138,-8.4393896520594414,,0.4635163466869984,0.3478260869565217,0,2
-0.89228322772343027,-0.29942684453680274,-0.33789673909966877,0.37318451273149511,-0.91037685637226418,-0.17873807327793809,-0.25409439383979471,-0.28558281487597681,0.92405546092574997,-13.327748127018507,-3.3490359467753961,-5.6540682052631821,,0.6099282476055177,0.3333333333333333,0,1
-0.86729252859480044,0.43537265454037821,-0.24135932035473803,-0.44475132196384759,-0.89548965771073918,-0.017162008755185303,-0.22360664447875109,0.092460394827014694,0.9702840532201823,-11.91286144208925,22.437897668558154,-7.0076597134234557,,0.3212170790054162,0.8395061728395061,0,5
0.71014999065687878,0.69307792586283901,-0.1238142942139529,-0.66864039830323818,0.71899198193516956,0.18965903002447143,0.22046997193931264,-0.051899119401019447,0.97401204965774268,6.0035196096681887,-9.0971927191515558,1.0963365043393678,,0.685965753674292,0.3103448275862069,0,2
-0.24515561853870771,0.96032018715350553,-0.13298067846254383,-0.9687994482430784,-0.24781973008415084,-0.0036070022073722129,-0.03641911287784165,0.12794733106428383,0.99111206666588214,-10.764854142389828,14.656632528168174,-5.9514055060595856,0.5399971506418351,0.4410810214020568,0.5128205128205128,1,4
-0.33449411036728954,-0.89109548775502412,-0.3066961392522462,0.93474998354106642,-0.35509511987897519,0.012244350048658269,-0.11981718741304748,-0.28258854814159379,0.95172871873221032,-2.733746722415801,22.1218101429989,-3.7801904553266974,0.2217273820069418,0.140465334788056,0.4,1,5
0.87541100627833746,-0.34021638061835052,-0.34337790325776263,0.42781767992953246,0.87598423720065155,0.2227636615691701,0.22500578398445614,-0.34191289904731775,0.91239682520195009,-26.847971751657564,13.66280481910837,-12.106049816569291,,0.2617196147757591,0.32,0,4
0.36002543664560671,-0.81851379916897082,-0.44767940039510068,0.92770427293922642,0.36487216947301215,0.078949869628504893,0.098724196317015109,-0.44373805393952198,0.89070201108312552,-12.782274829604027,18.388874152733287,-7.0342858258893388,,0.4766626032353316,0.2666666666666667,0,4
-0.43114666301845983,0.86608203366272707,-0.25301080201185122,-0.89806865866203112,-0.4389834059998538,0.027681285839831489,-0.087093279287356593,0.23915576560769147,0.96706736088008471,-2.5772708211132715,11.775409063432381,-2.947304715879338,0.5008039673267963,0.472357569735352,0.9718045112781954,1,5
-0.051387802043283991,-0.95629096813260583,-0.28786607662099251,0.99758650186685016,-0.062630512491035573,0.02997649409405409,-0.046695450465980788,-0.28563088623801358,0.9572014060440287,-0.98058726681518882,19.275491252831536,-3.0122189376932171,0.2475930529184246,0.2355772177151238,0.8382352941176471,1,5
-0.90440413015280741,-0.2929941174420268,-0.31017352644433099,0.33514118867816745,-0.93772213436611462,-0.091419813887604243,-0.26407111355452934,-0.18663238160680232,0.94627416805165099,20.330329639289154,1.8037946838642029,4.6860519148437207,,0.4061513596763948,0.5434782608695652,0,5
0.59042833783492477,-0.75298571271066528,-0.29052864632441827,0.79594864042053382,0.60284968139233674,0.055118267914195954,0.13364183362327414,-0.26378926835405764,0.95527748963693249,-17.88249267353601,24.393244313178972,-9.4602101342097153,,0.2730162304969941,0.7105263157894737,0,2
0.93255881479018632,0.27985391059069792,-0.22806982633442963,-0.24961619944891289,0.95623136788292018,0.15268701336210727,0.2608175797943913,-0.085459696956246237,0.96159806066066045,-1.4463787057863668,-12.475163151420869,-1.120722480937284,,0.6866305206044045,0.4054054054054054,0,1
0.55014955420533473,-0.77170372135845655,-0.31907496681685982,0.82658661902651176,0.55755666169158025,0.076714602584255831,0.11870142903095472,-0.30594760244991231,0.94461951880170192,1.6367073666431073,9.5146761964533866,-1.3424826638828864,,0.09178717068984416,0.3333333333333333,0,5
0.61484223040343966,-0.7332343700502475,-0.29040728346503325,0.77602109171157485,0.62812041485812997,0.057061455092089541,0.14057132328928032,-0.26044596947441373,0.95520029316014843,-1.6971872639996475,4.8184457106174747,-2.1571673731973706,,0.09358762432068804,0.4191176470588235,1,5
-0.48399869876296481,-0.82485487929816848,-0.29216380284655236,0.86103897344421787,-0.5084573562445005,0.0091106032170623664,-0.15606776030264105,-0.24715490077855051,0.95632489731014558,3.520534244818267,8.3625487620149244,-0.67339145304416292,,0.1161822277547328,0.2,0,5
0.92175501306307239,-0.24953612326904753,-0.29681546300175821,0.30599505970052909,0.93823948238262589,0.16147351837762758,0.23819051058336266,-0.2396630903627737,0.94118376727703945,1.7116046430530358,13.407799330497335,-1.6930225193475645,,0.1357482350410723,0.2916666666666667,0,4
0.60501291737315543,0.7944816746360015,-0.05251893448269692,-0.76992150539571236,0.6005701654963026,0.21572285888367004,0.20292916335712666,-0.090079659098590101,0.97504123485925376,-20.748653078915932,8.8173435838358234,-9.3240378235952566,,0.3643957470562659,0.359375,0,4
0.79722108419949156,0.57534988522069208,-0.18278690457558253,-0.54698946581629659,0.81654849507138383,0.18452934585767114,0.25542330980900896,-0.047128173879263352,0.96568000291660616,-5.3658200220435175,26.936036334835109,-4.9850945563506235,,0.2316486667149691,0.2666666666666667,0,2
-0.04385179610752192,-0.92995485797903665,-0.36504928721932473,0.99852803845834637,-0.052472812295247709,0.013724444701239187,-0.03191827674975551,-0.36391010715700151,0.93088702725857608,-10.906322069217472,18.601894822985475,-6.375895850652916,,0.1925446381932882,0.4117647058823529,0,5
0.087667225268278054,-0.94440980289660215,-0.31686682029925733,0.99590999547467718,0.076114308572140243,0.048681546238933469,-0.021857230551682393,-0.31983860965084526,0.94721989276472895,-11.86694178511657,14.431948754310405,-6.3195638468937734,0.7618041127130654,0.5589313667153317,0.8810408921933085,1,5
-0.089527438127225217,0.97372932124218303,-0.20937059673128183,-0.99594226250184303,-0.085590607371666377,0.027807511439516944,0.009156832699436469,0.21101056106978711,0.97744089106806253,-3.0863724775804555,13.274313186066328,-3.2108618149054315,,0.06956729950817273,0.325,0,4
0.38921914223532506,-0.83326271709916178,-0.3926597809938267,0.91781190746902475,0.38704250761624159,0.088427370232310037,0.078292795490186584,-0.39480544777225862,0.91542279662660697,-29.132806815384679,5.9428122226574178,-12.321998919386219,0.4817517672823798,0.4038182798943445,0.7272727272727273,1,4
0.77223690570713588,-0.57054761369205842,-0.27950953825256969,0.60703286711858739,0.79244163326619399,0.059559685225774588,0.18751335872853017,-0.21566566341609306,0.95829382859415368,0.68672077595468617,16.571984955423527,-2.3349171055098763,0.2312006774468603,0.2377432743889885,0.9010989010989011,1,5
0.78071417115585828,0.59128130355298547,-0.20216775960845512,-0.55413935863070629,0.80461943384561574,0.21334745813885075,0.28881647143604738,-0.05453427130384602,0.95583003671185596,-10.362838563593513,11.625679396583285,-5.6826835757162124,0.6356059435092037,0.2675964268872967,0.2183098591549296,1,3
0.88662380007041253,0.39150109335597633,-0.24622171116653413,-0.38805909071530859,0.91937665475176067,0.064472543075869096,0.25161156424518522,0.038385682207522046,0.96706678163379911,8.7664473947424408,5.9760811578268997,1.1991606416146763,,0.07264908265277141,0.3725490196078431,0,5
0.30859519303859023,-0.83137048188762419,-0.46216028461932257,0.9498030461114888,0.2955882445530984,0.10247811122065711,0.051411870524334609,-0.47058549863755417,0.88085532753184403,-21.444597276472464,21.998570698112442,-10.682222440286955,,0.1186826394675037,0.3076923076923077,0,1
-0.87405613372596358,-0.39504995969830486,-0.28277447628523289,0.41619447048808073,-0.90912843682295108,-0.016359954003699932,-0.25061531842879459,-0.13198869156948534,0.95904689534277154,-30.381280361841622,16.075012508671502,-13.496226278317826,,0.09027992799757101,0.2857142857142857,0,1
-0.42493147834181466,0.88848771961990047,-0.17327091734872285,-0.90154190984556581,-0.43262765329782527,-0.0074497244261522736,-0.081580779024528094,0.1530453713336167,0.98484602390785203,2.7815278395625356,16.538653733095416,-1.6688854771790747,,0.3708605307956569,0.8611111111111112,1,5
-0.3698069322483738,-0.85749823789758373,-0.35768646167220985,0.91974521368497408,-0.39238245137410638,-0.010234928296194818,-0.13157345767527684,-0.33276535855792672,0.93378565066035724,19.694321716050386,-8.1486072893205606,4.9852684563195053,,0.1339393753437451,0.25,0,2
0.96135180362145733,-0.048089804669424391,-0.271090539046694,0.093208800302183578,0.98333303003054096,0.15610340033831055,0.25906529914289583,-0.17533830938449191,0.94981137498041668,-17.947643851420466,12.616089529166837,-8.5716150892214884,,0.4601320457114049,0.3478260869565217,0,3
-0.9450638786625738,-0.18175398826451444,-0.27169790760547557,0.1904377667987005,-0.98168267005539067,-0.0057089657243378118,-0.26568350009734226,-0.057136880058860827,0.96236565541023122,3.0886453675765297,1.3424938608048551,-0.26354955343067532,0.4580232778965899,0.4251905472161692,0.9532794249775381,1,5
0.30164592340232022,-0.89793201176868587,-0.32051183930675919,0.95190878140170054,0.30256041891449942,0.04823758696920756,0.053660122857582246,-0.31964870584334099,0.94601548405276448,7.4897048796827841,3.3861213886049328,0.92610461210466155,,0.1229771114154547,0.3943661971830986,0,5
0.37347222695871252,-0.86949852719931353,-0.32325037801791268,0.92491218551821275,0.37574415001865824,0.057911853766550746,0.071105166974152631,-0.32060668259563707,0.94453978757096158,-24.372412917694042,10.817657546152681,-10.996307857855264,0.2098272207076334,0.2107868637784481,0.6976744186046512,1,5
0.40444774867521538,-0.84573892008109797,-0.34806277831966942,0.91074425964375183,0.40718529689365435,0.068884160150070831,0.083468030511710423,-0.34485622084237366,0.93493704324345384,-22.186729123908396,18.466493099781601,-10.761411964286745,,0.3447590816781423,0.5,0,5
0.90230492495626891,0.34259689068408539,-0.26167382920968052,-0.34088426850169001,0.93858698103125826,0.053407813348743463,0.26390100016431878,0.041010358840461732,0.96367754595613941,10.030759224999557,5.5665446052422283,1.5278646702717287,0.3516161085502608,0.2573545490079764,0.3720930232558139,1,5
-0.32531208323092825,-0.88614988345152423,-0.33001580653478307,0.93832692470113488,-0.34573259515950516,0.0033992683307239578,-0.11710948247201916,-0.30855689378641876,0.94396928573551198,7.9248007055436105,8.243194164322702,0.6342620260107279,0.1667133312751342,0.1016598203797044,0.25,1,5
-0.92962823520116533,-0.25286927376320734,-0.26804565787050771,0.26278094531846674,-0.96485484284335965,-0.0011432494248213077,-0.25833605844770885,-0.071500088308913731,0.9634055315792609,-16.100872566248075,11.233719626594532,-7.8719405661012036,,0.08046731906977493,0.2105263157894737,0,5
0.83699779450841083,0.51581431845358627,-0.18267534279786571,-0.49024723196134656,0.85515643884258574,0.16841946639359728,0.24308916788350141,-0.051410640769480744,0.96864059509881051,-35.305578250782418,20.182957780867962,-15.568317953522763,,0.5331090942414033,0.4375,0,1
-0.4225374391519871,-0.78160307973905074,-0.45886679794610563,0.89473707693734683,-0.44048601969656387,-0.073604548809777542,-0.14459486736566199,-0.44166581506191943,0.88545108963578412,6.4034843973990556,4.8620524028745882,0.49741966866823645,0.9564568732517356,0.4911397717088002,0.3125,1,1
0.91792466333492462,-0.27380042692123613,-0.28713696846489717,0.31267869707508883,0.94471257040013457,0.098743059115025775,0.24422601179417253,-0.18042030247651564,0.95278652888115145,8.1914333089875697,-13.769473387098335,1.9724462458631598,0.5068267205318611,0.3291180618954468,0.5483870967741935,1,3
0.65483702262870513,-0.68339656120461933,-0.32273458743753158,0.74028663114187421,0.66599324730185494,0.091807942472014237,0.15219782372749999,-0.29903534018913408,0.94202637318207894,-28.207096209621895,13.935213379785081,-12.567902046558753,,0.09428576874074157,0.625,0,1
-0.5827080109309245,-0.76185998465051141,-0.28287936967062266,0.79159166822976224,-0.61087557943198978,0.014617018945515911,-0.18394022068636451,-0.21540749810987039,0.95904411002408974,-3.4143204233546673,-2.586596431426472,-2.1603092602002887,0.365216507895685,0.3310049508780866,0.9297439264609324,1,5
-0.96526456731175769,0.075288792028186433,-0.25019175223692192,-0.018825297722315445,-0.975134710433748,-0.22081192149192538,-0.26059532470501257,-0.20843198963265339,0.94268031826259213,-19.104712870832213,22.323050152464347,-9.7884897177256764,,0.3647748352778914,0.1764705882352941,0,1
-0.95215638827426485,-0.138609177278952,-0.2723705348281259,0.16189261968609775,-0.98467549337127169,-0.064845604671522686,-0.2592083948480059,-0.10583793614812667,0.96000486421279418,-22.269800541694604,9.9644884777446165,-9.9986215550952924,,0.1295562383502981,0.3265306122448979,0,5
-0.449802320672961,0.88111371338491007,-0.14600169999789211,-0.88848110649142276,-0.45809689001541881,-0.027359875108989268,-0.090990085861027387,0.11741321664641004,0.98890593123499237,-0.46095671474200539,6.3632876225535648,-1.9764954209038568,0.2238318099250696,0.272030266416312,0.2989690721649484,1,2
-0.84475902598631969,-0.39479540150566367,-0.36127382823092163,0.47267265880644904,-0.86699465620807736,-0.15779994842673123,-0.25092378450733949,-0.30406719168075119,0.91901055342792148,-5.9317822025982885,13.697357966019435,-4.1993950876730572,,0.2530361131686726,0.2631578947368421,0,4
0.93590080096381845,0.24787596316203436,-0.25029422215020808,-0.23954280955750928,0.96879172760435683,0.063732494966550216,0.25828072546084163,0.00030888810325531565,0.96606985846964599,5.1999180090170203,6.6359107283915613,0.0060667718702090171,0.1534283403838444,0.1354556486092532,0.5057471264367817,1,5
-0.013610291981238223,0.99048439500743779,-0.13695044066717962,-0.99916156731255712,-0.0081830009829520801,0.040114846384189405,0.038612463761064912,0.13738159171323572,0.98976531354692243,-10.323091107185727,19.73460514022447,-6.3480891697033668,,0.1802156044928499,0.1904761904761905,0,2
0.90207772167183098,0.38842655029264306,-0.18809731282269093,-0.36602895743098607,0.91949230581911134,0.14337608538888524,0.22864511012778257,-0.060487309141771778,0.9716288895702121,21.296546213517569,5.4781641659239124,4.7445261748069711,,0.3923073629635632,0.3636363636363636,1,5
0.13074448642710917,0.97849673382686897,-0.1595306276520585,-0.98990599739723117,0.13772212261052383,0.033447470168064874,0.054699136975853734,0.15354725277190748,0.98662619343918501,15.764746270839057,4.2704336398566793,3.2398852635072872,,0.1382216177278613,0.3529411764705883,0,5
0.95757979223087186,0.13365705749134171,-0.25529734133719095,-0.10235218183730062,0.9859171324300402,0.13225520350471115,0.26937886402653427,-0.10051467039036929,0.95777441428140642,-16.404372948993007,19.222589201439213,-8.4732241635624188,0.3416255546140706,0.1580878355155049,0.4583333333333333,1,5
0.96849451072997816,-0.0011918502577942663,-0.24903205050528057,0.047140309136073165,0.9827869867186636,0.17862678967894671,0.24453256212712651,-0.1847385131189872,0.95187998604347734,-13.336449381565709,13.199279936047374,-6.8814889524747942,,0.08145001218909648,0.1666666666666667,0,4
-0.54443287933372808,-0.70168161529565753,-0.45960390626763048,0.81742552641508637,-0.56674235522397431,-0.10304664749618579,-0.18817106224232946,-0.43179394802528354,0.88212563605380723,4.9813008039993125,10.183972432742722,-0.46250791971602712,,0.1313915285091786,0.2631578947368421,0,4
0.535205921659339,-0.76265849479132986,-0.36318953969436019,0.83636197158010905,0.53876818801936177,0.10113106383781066,0.11854650528552578,-0.35788386370575193,0.92621048697562924,3.6654091293687836,3.425606670305938,-0.28794570397179531,0.4256664995906655,0.5804418427321083,0.6951672862453532,1,3
-0.84907503546098417,0.46757632878431005,-0.24585353549932237,-0.48339023510698775,-0.87539309581637681,0.0045616225437966626,-0.21308558083582485,0.12271635815003522,0.96929625537410014,-14.00067457134648,7.9596917024032523,-6.7212698120107834,0.366408118117148,0.2379076827379915,0.8793103448275862,1,5
-0.080445915222534942,-0.94562250234506307,-0.31516112987275452,0.99492038815708272,-0.095373752592305336,0.03220665375078665,-0.060513436139175335,-0.31096933992778797,0.94849153589871704,8.9557309898810509,4.9293536782655378,1.2375611839219103,0.3445903416395802,0.2351872781314984,0.8369565217391305,1,6
-0.36303202188729461,-0.86919590880664788,-0.33571747526485385,0.92050226745781227,-0.39043133335302327,0.015457992793581831,-0.14451064559211141,-0.30341695082833647,0.94183588127687412,-15.64911950023621,20.835684025536761,-8.3667958210267042,,0.1228198242606431,0.2631578947368421,0,2
0.75927567036142629,0.61366989559536889,-0.21658650843756549,-0.61196606451450797,0.78650394906785348,0.083120839645040884,0.22135490118773471,0.069431961952982069,0.97271846408893059,-4.4218584507979912,18.15185646140835,-4.0896141741463534,,0.1025933538213441,0.1666666666666667,0,4
-0.61645929484427875,-0.72663307820799938,-0.30328585106143885,0.76326457875224984,-0.64607657903014826,-0.0034981210456861735,-0.19340403465865039,-0.23364379658503029,0.95289320267020894,-5.5928453494298109,14.768001057187677,-4.1781103581285519,0.2937452666475689,0.10986480276741,0.2790697674418605,1,5
-0.93099757505260827,-0.15122336747174697,-0.33222734441443591,0.25560225993817326,-0.91984559374067809,-0.29757615561458928,-0.26059739054845055,-0.36196073931624773,0.89502705167663743,6.1083655563080876,3.3877122503613042,0.5647417241317304,,0.1657159035876049,0.1842105263157895,0,1
-0.37261706965501767,-0.8575264066449324,-0.35468997914846356,0.91684768148155327,-0.39923203862081941,0.0020268943151836279,-0.14334171885256536,-0.32444142960678496,0.93498177008490269,2.0584165898022722,-3.3393910198574086,-0.26706948509318557,,0.4566918051897451,0.2365591397849462,0,3
0.43362490166060669,0.87384195351947791,-0.21993109131974189,-0.888876526160299,0.45486413885790583,0.054746108740767629,0.14787821307085591,0.17175230842791919,0.97397801753871849,-17.611060972568449,13.716281188544688,-8.5510709471715334,,0.09684559191634093,0.4074074074074074,0,4
0.96206640207123906,-0.070830085047614066,-0.26346031400923958,0.09162991486283284,0.99350258769231248,0.067502347743670893,0.25696730669081086,-0.089082586967516988,0.96230561465224973,5.8070998705643309,15.759041288489025,-0.528184986874633,,0.08143345444859051,0.44,1,3
0.1481522679850075,0.96253612510463982,-0.2271015485624093,-0.98596366029126992,0.16163118894088147,0.041845183075223891,0.076984193675977752,0.21771441530156616,0.97297166828945103,13.063020041959122,8.1564847552741941,2.1940169941029746,,0.06941764480728796,0.3125,0,5
0.8777993542474759,-0.37678315717284172,-0.29580863096532556,0.42383351159476956,0.89865689422197692,0.11305282356738229,0.22323406579633154,-0.22461130634537707,0.94853377005242301,-13.062464269054299,16.509216143163826,-6.999740135298028,,0.1041992473070658,0.4761904761904762,0,2
-0.6555588129745441,-0.67347772277867624,-0.34157049001963741,0.72507420295506442,-0.68775258391769778,-0.035549733101785705,-0.21097403380625937,-0.2709688916377278,0.939183590585002,11.267222808007697,4.3409735859724163,2.0252357504823344,,0.5573244454705286,0.792,1,5
-0.53998969720423218,0.82249391921401116,-0.17864736149537194,-0.83446210307962121,-0.55088751691376181,-0.01399793672389698,-0.10992781921432829,0.14151571137003219,0.98381358904937699,-4.3528482230155996,15.663102470638645,-3.9011841881832972,,0.1611734432959776,0.125,0,5
0.68443411499647699,-0.59506083064771709,-0.42125117217384278,0.70979654745227727,0.6758445805613017,0.19855216984647656,0.16654970265303648,-0.43489850626872212,0.88494321048947433,-14.392010044555963,17.750287936956902,-7.6482503254912917,,0.3829768918377308,0.6086956521739131,0,3
0.49164999194952413,-0.79391342973158741,-0.35774537244786536,0.86407745344812958,0.4957101767203802,0.087416103427494035,0.1079372033111364,-0.35209783695399,0.92971859901461218,-14.51777557275652,15.090699816887053,-7.4603625287596547,,0.1472986335645551,0.4,0,5
0.88465998821001823,-0.36782811897672113,-0.28649464244606299,0.42541264090796044,0.88827714965716287,0.17316983095406971,0.19078991120068448,-0.27507486305911966,0.94230198423702882,-26.822516419692576,11.516820560480094,-11.857893952506432,,0.1878923297101711,0.2857142857142857,0,2
-0.64152766612703549,0.76399243617834267,-0.068976887838474138,-0.75212177988619577,-0.64413569850155594,-0.13929117034735122,-0.15084787640010416,-0.037480119772956073,0.98784622224685625,-5.0011754722070858,-6.047958949931739,-2.5203208717864936,,0.4511259123666767,0.2586206896551724,0,3
-0.42477995450688094,0.88093935591625228,-0.20858533372936472,-0.89908020257894561,-0.4374675486927051,-0.016641309185215305,-0.10590929883506171,0.18046604954576329,0.97786258000887416,-8.0125670692820581,24.044196198253537,-5.7263289359513747,0.4943098267194943,0.5833316650093036,0.4337349397590362,1,4
-0.90314031801460259,-0.32568573252063071,-0.27976127253246136,0.34462597829163383,-0.93852813111668765,-0.01994698446260228,-0.25606737602243684,-0.11442792812559882,0.95986235898792627,2.7566288747635572,-10.327293947082234,0.12217327614677145,,0.1956561895481174,0.25,0,1
-0.6284958039036711,-0.6632272481936563,-0.40635285372315089,0.76065006443265615,-0.6332240577401741,-0.14296423391067029,-0.16249462746218485,-0.39894474548806746,0.90246251229255325,-6.2952652109016789,10.104423969635247,-4.232568823119883,,0.2899142104694175,0.2957746478873239,0,3
-0.93754352896605819,-0.18158558564820476,-0.29671334041237024,0.22942993334839878,-0.96391193899163652,-0.13503954810769916,-0.26148429585276778,-0.19468037639726501,0.94537056970703304,10.314977410633659,-7.0983277076526434,2.2676318202800321,,0.231566839930314,0.2857142857142857,0,1
0.0011269451889431331,-0.95639380355705583,-0.29207811029279263,0.99937762440156297,-0.0092208335821256301,0.034049083299543474,-0.035257535932473001,-0.291934699454721,0.95578817601718213,9.7413301111727399,7.6681343296309565,1.1476660758468773,1.021845688097228,0.2672522922648278,0.1923076923076923,1,4
-0.89345392364874787,-0.29072668766729171,-0.34237125959207176,0.37224268610589906,-0.9058411257868304,-0.20220592838468587,-0.25134730743996792,-0.30810687741634829,0.91754819117658637,-1.7991466224754051,-5.4904481760096058,-1.4154852693602373,,0.6920103437240452,0.3800623052959501,0,2
-0.4125495322642434,-0.83645254655892554,-0.36076310895605912,0.90730979527457267,-0.41260776045440661,-0.0808935807812389,-0.081190016796191172,-0.36069651144402037,0.92914272735933678,16.120618598701171,10.857553726541287,2.8957172156806728,,0.1976175199085372,0.4166666666666667,0,3
0.73723454335829797,-0.5882062743001425,-0.33241330742499997,0.65190834240629947,0.74853602513971285,0.12128203564052911,0.17748448151980195,-0.30611631440023762,0.93530319195310252,-28.766735139271638,14.506455389104955,-12.840859595598028,,0.1292846206222482,0.1428571428571428,0,1
0.43806663183547806,-0.83070757004392726,-0.34354411528075129,0.89259413806746024,0.44729404011786017,0.056601646289224074,0.10664581923323586,-0.3314407560134337,0.93742930106398747,-25.533018949055485,22.862513108878883,-12.119489374770982,,0.1548209413686226,0.631578947368421,0,2
-0.06096261066313706,-0.94541075356638371,-0.32012820422789751,0.99650508886360734,-0.075997163493266198,0.034670434233118365,-0.057106636830319385,-0.31689578441819222,0.94673961248482141,3.2146419578186856,-15.655007236573612,0.51412031993748675,,0.3713259773349247,0.7586206896551724,1,3
-0.3722967460788898,0.92613830780654327,-0.060522455934159072,-0.92537491568727814,-0.37541404718650234,-0.052398078130907369,-0.071248847540382951,0.036498328568334945,0.99679058670108056,6.2766993461236602,-6.781584148512021,1.1301721134919365,,0.6292014548118962,0.2317073170731707,0,3
0.86347946741637471,-0.37568912293023643,-0.33654255639108122,0.45676889965614503,0.86544422003966748,0.20583603743476622,0.21392844985473236,-0.33145736514948898,0.91889642149205808,0.60909068309790693,-5.9698928141176166,-0.56257525192429692,0.6367765643134043,0.3963344552337501,0.2903225806451613,1,4
-0.3678582685181141,-0.85608639290250443,-0.36303771452844175,0.92065458975752068,-0.39016771443602083,-0.01281721382295738,-0.13067295298288295,-0.3389472562198298,0.93168628671875531,-5.9102689242273456,25.675462434661078,-5.136959214911319,,0.1234655619399855,0.2272727272727273,0,1
-0.54121583454340982,0.84081846885031886,-0.010474868957876507,-0.83348277701664175,-0.53805985814715185,-0.12569029185777744,-0.11131882525479114,-0.059294953333915504,0.99201422754566426,-28.931755982023454,11.983618458875529,-12.693370192644501,,0.569894980255728,0.2545454545454545,0,2
0.40397804338502169,0.91456253646377039,-0.01941925229669466,-0.90659058341526422,0.40310849222559753,0.12488818021884657,0.12204611638876187,-0.032846771417577129,0.99198076346361719,2.7077079624749913,10.4167087436331,-1.119695494796509,,0.2941304175706492,0.2181818181818182,0,4
-0.83274315603648497,-0.48106196602567408,-0.27407703464155608,0.49787562885586339,-0.86719761743145718,0.0093888504399545179,-0.24219557028520161,-0.12863777503019258,0.96166190970086207,-9.7409342079843881,29.921975148298657,-6.6472445796360846,,0.229836136496935,0.25,0,1
