axis_00,axis_01,axis_02,axis_10,axis_11,axis_12,axis_20,axis_21,axis_22,location_x,location_y,location_z,dbh,dbh_approximation,score,reconstructed,number_clusters
-0.051786246814314034,-0.94390075614461444,-0.32614344572674075,0.99286308602461248,-0.083794334721258995,0.084861073987451338,-0.1074294049623707,-0.31942115148851086,0.94150361174622366,5.5963601511803427,5.0292375101998497,-0.041118710152221266,0.2277011803288961,0.1562787376299192,0.7677419354838709,1,5
0.075377832578529577,-0.95392414676524018,-0.29042538555362424,0.99368209201501612,0.04757159023770207,0.10165059670713389,-0.083150961295846579,-0.29625270635129114,0.95148318514575525,-6.2557653781789506,-15.112923350876995,-0.81918524066384413,0.4457369920379173,0.4009888868400228,0.8325123152709359,1,5
0.37169424643417603,0.91151813048721797,-0.17600592308447371,-0.91215572998764982,0.39384767314282554,0.11338401391148628,0.17267110765390972,0.1184006256447563,0.97783739979022199,-1.7426058757110019,11.942956121709436,-2.5752405911115672,0.5629017637425913,0.5946078224413639,0.7352941176470589,1,5
0.14329948594844125,0.98917711959376953,-0.031525916308471263,-0.97741159069599548,0.14645141019174637,0.15237639852016241,0.15534426188320896,0.0089783364285976192,0.9878195937391292,11.099513977564028,-8.8249580042564801,3.0082746501879973,,0.3481969486178828,0.4838709677419355,0,5
-0.97078956896950375,-0.029953437196608659,-0.23805546492386126,0.070818830820231243,-0.98374460983108736,-0.16501889537122402,-0.22924289734092609,-0.1770574320055284,0.95713027315530397,-8.7797991857024034,1.9868676042194617,-3.4833604219953607,0.4977841475572551,0.214630404052545,0.2773109243697479,1,4
-0.93509925974295804,0.26759604409102994,-0.23233969014140274,-0.2737261497171487,-0.96178853299435307,-0.0060673521073823728,-0.22508524915950529,0.057923872344668496,0.97261578006086336,-10.287808848068581,9.682878934242602,-4.5270695563724308,0.3308906699707411,0.2274682950810741,0.5448717948717948,1,3
-0.76918765936919442,-0.52763775055668183,-0.36048404799883282,0.58163232273932375,-0.81172680918268392,-0.052947411636050171,-0.26467751286990598,-0.25039566977402578,0.93126141482368818,-16.973236628222665,15.488239225233393,-6.7337035962548057,0.3311602087540791,0.2736358984818787,0.6065573770491803,1,4
0.68745182980820818,0.69791481209301731,-0.20081059920859723,-0.68246209638919209,0.71537497031462305,0.14994712014381109,0.24830519262676876,0.033964200395734931,0.96808623810384931,-14.408802874049346,8.0403065860163565,-5.3454830776145892,,0.07835505907586404,0.5,0,3
0.32251486074920233,-0.87565768086683804,-0.35945485187271298,0.94648782705244838,0.29350108233183636,0.13423080090491749,-0.012039843747227143,-0.38351106973456711,0.92345779630343205,-4.7547294093039092,-12.746667145057391,-0.70570500333834718,0.4535900960151343,0.2184733602726875,0.1818181818181818,1,3
0.61544738973875313,0.76289442300016108,-0.19803184041715888,-0.75082415704163274,0.64390447154927866,0.14713978633111469,0.23976570994718449,0.058130292224414057,0.96908888831697337,0.53272724244762115,-7.2404880506768547,-0.064702855618774729,0.7364050261388266,0.2568384836934582,0.2258064516129032,1,4
-0.95229025822658797,-0.12809157585884037,-0.27701229626270585,0.13437041479198464,-0.99092418997040199,-0.0037203978459559753,-0.27402163366305254,-0.040765155776731066,0.96085917092939799,-20.501375792164836,9.90503299082207,-7.0492573496394986,0.2858819985346043,0.2238044957382753,0.5,1,5
0.71019964858839368,0.70075286225321576,-0.067541729240876702,-0.66536438983419233,0.69947319357507176,0.26082078178408841,0.2300145384220203,-0.14029496610290743,0.96302161689169197,-4.8731148929714916,-15.302088151187249,-0.41754423234623655,0.5462765548759028,0.465946857030461,0.1428571428571428,1,3
-0.46222382515733124,0.8710219125965849,-0.16634290857597034,-0.88612302063063975,-0.46081791659913329,0.049323828416558912,-0.033691657207041842,0.17019892924993096,0.98483358833704548,-21.544706304870878,6.0748512780269994,-6.9437695820326022,,0.08426182746765673,0.3333333333333333,0,2
0.72374326957519064,0.68708710760087455,-0.064085773095714907,-0.64407555192486354,0.70592286455634623,0.29468558279841761,0.24771427725767808,-0.17200062751404327,0.95344293011038672,3.3102071806428914,1.7447255333213751,-0.28246679406155778,,0.3197184749428437,0.1875,0,3
-0.88951398230855105,0.43353005178016402,-0.14427948392294127,-0.41272674993467701,-0.89785722684717362,-0.15332654723387271,-0.19601404328756816,-0.076838105141854227,0.97758600666758089,-0.84150319062789947,18.75290185399183,-2.9683968499552225,0.7526215353658433,0.4347745940917371,0.2258064516129032,1,3
0.83882104841290028,0.53194915750441008,-0.1157987157520793,-0.47501882153339303,0.81907355351637379,0.32167628622434408,0.26596309504987536,-0.21482227016863933,0.93974199880131071,0.45754327649166471,-9.2693487022407925,0.27492548188530375,0.5632186191322827,0.2954181861821676,0.2068965517241379,1,3
-0.6611680807433391,0.73696378036631516,-0.14050322214938893,-0.74735496822233993,-0.66337629100281403,0.037315519676627842,-0.065706319936184726,0.1296776116511292,0.98937677178964745,-20.275251916054774,-7.1288002497432723,-5.264189382038353,,0.2507544120163623,0.4869565217391305,0,2
-0.67433217720697081,0.73739847644557244,-0.03898206919925018,-0.73388534179523401,-0.67509588815809563,-0.075218660518014777,-0.081782760294569087,-0.022113993935527706,0.99640481301066597,-12.378513028612931,17.40689283188529,-5.7566646409334128,0.552265494528716,0.3715676794969093,0.2777777777777778,1,5
-0.41033195511297471,0.91173765869220058,-0.019029669877022919,-0.91190028236772125,-0.41041171513391456,-0.0003147991564448093,-0.0080970136985164809,0.017223989180889854,0.99981886987887092,-27.035940016739328,3.384718883210978,-8.1214736309753803,,0.3201331119671477,0.2222222222222222,0,4
0.96755708355747272,-0.02933261425720865,-0.25094399335029816,0.062411366108961822,0.99020526060828251,0.12489340752856093,0.24482261218721169,-0.13650325858571971,0.95991080260475714,2.7026693301203264,0.94652368310711288,-0.37524973836336561,0.397906866193501,0.3137548473479844,0.8554216867469879,1,5
-0.9490120801251809,0.22377159232823168,-0.22204131652321829,-0.210810340686852,-0.97418474137063216,-0.080765648267854359,-0.23438232022908595,-0.029838970282518411,0.97168645344910931,-26.163148267437023,-7.4017654052728528,-6.7067082369710702,,0.2334968669199223,0.3103448275862069,0,2
-0.85898688180876936,0.45312309037085974,-0.23837156259338038,-0.47101083915368647,-0.8818787495034357,0.020944225313852788,-0.20072450343739362,0.13026640452173027,0.97094816420486285,-25.572793605342092,10.454805720520746,-8.4228656138935882,,0.2080822861929669,0.4,0,5
0.55622159637866986,0.82593346105604248,-0.091931787918817731,-0.80033599938403754,0.56217651086068821,0.20837432357768096,0.22378521803711154,-0.042325979545534798,0.97371899829652753,12.358866252021025,8.5175318934632021,1.4097241971188736,,0.2625348984001652,0.1666666666666667,0,3
-0.55467388581401122,-0.7723721562210869,-0.30948042375952489,0.80095071232271953,-0.59638966724893328,0.052889708152301873,-0.22542146487349918,-0.21854202591972222,0.94943380289580481,-18.531685458181737,13.542676080499337,-6.9665858691271163,0.1558525277186922,0.1322584579153534,0.2857142857142857,1,4
0.64710873213561526,-0.69264290133423545,-0.31858452571512164,0.75690243612740959,0.63374625524255168,0.15957564397624979,0.091372813124194152,-0.34440019627946639,0.93436583511194127,-5.9892269308439223,23.908396150878637,-4.7528661280004725,,0.2052262665942605,0.5600000000000001,0,2
0.2191943520798125,-0.89959559705854997,-0.37773217730183045,0.97511240544980449,0.18876554907333951,0.11629000051997604,-0.033311150598658891,-0.39382144334191727,0.91858316880393664,22.980706144394841,5.2146387652053798,4.5329126291944739,,0.3484855223989362,0.125,0,4
-0.73683861128801464,0.67424262262924628,-0.049656286059131277,-0.66497358837488396,-0.73604061118680064,-0.126705743546185,-0.12197945597099805,-0.060341565390675922,0.99069667800352612,-7.321353674714854,-5.2166001907555462,-2.287650086469335,,0.4944087400293343,0.1751824817518248,0,2
0.24420443908509823,-0.91227430276895727,-0.32881573630005412,0.96871179248400086,0.21401023810482972,0.12568643955793155,-0.044290574997035183,-0.34922086778101952,0.93599312522726619,17.580705686277131,8.8031921350412183,2.757924120244613,,0.135020879647494,0.1923076923076923,0,5
-0.65595460977678643,-0.6382621043969231,-0.40292063238731812,0.71481343972876932,-0.69673416261354171,-0.060027102464910748,-0.24241554466599302,-0.3273881377478714,0.91326431604780856,-9.1223458701927971,8.8453905100053731,-4.1082241258157888,,0.07902743994554579,0.1621621621621622,0,1
-0.90216023384816701,0.3787037797165852,-0.20661645551937752,-0.38325551925187834,-0.92344410090679296,-0.019136338819539578,-0.19804575084053697,0.061922853041628062,0.9782348597577124,2.6643681536334793,16.907771485463027,-1.9179438164770053,0.2757233386464612,0.2510609690806382,0.4038461538461539,1,5
-0.45858173608813241,-0.83807788387435711,-0.29551353926186463,0.86443497763341903,-0.49780154738472687,0.070326302798320556,-0.20604601614761731,-0.22320188167228902,0.95274653462904002,16.04531816273181,0.040058691515971315,3.3081891006008703,,0.2378530460746442,0.3333333333333333,0,1
-0.68037321071556478,-0.65755490482785139,-0.32359518117152092,0.69023567268834995,-0.72334532857752631,0.018607841721488064,-0.24630674024284271,-0.21069666053809727,0.94601263572377237,-32.11024177113692,13.042977153416182,-10.482794599735499,,0.2012365762763894,0.5,0,1
0.62040176766269306,0.77270656162340445,-0.13426174550162032,-0.74769603853249056,0.63440547167827344,0.19616404223885664,0.2367536285758389,-0.021313543318826848,0.97133591111796658,-19.798689274252492,6.0546337932562935,-6.5091798724713179,,0.07295784237499901,0.2857142857142857,0,3
0.96306104495352807,-0.058503485485433028,-0.26285122384930182,0.13892611539879873,0.94412562705153524,0.29887511573355546,0.23067934054271022,-0.324351880726168,0.91737827493143698,-2.8212293470023471,-17.045545732919997,0.2853264986307309,,0.1399925619712098,0.3157894736842105,0,3
0.051153933230248708,-0.91478123689677893,-0.40069759636997376,0.99462781073062789,0.01051067489660254,0.10298079352197771,-0.089993295507351717,-0.4038128456783131,0.91040452131396477,15.110767883007812,21.323474974162263,0.79259284142090047,0.4773453461708716,0.3937136851493376,0.2,1,5
-0.30945909139382155,-0.89107044784152367,-0.33200681881132582,0.93076961419103188,-0.35532460229217594,0.086095019046310214,-0.19468691803094507,-0.28237897228620468,0.93933972552969269,9.5966414615519646,0.93813139995037809,1.4337442203766526,,0.148289854762663,0.28125,0,5
-0.25290180119132377,-0.89285273654769171,-0.37263208368776007,0.95216884915367628,-0.29797119794593141,0.067732177700331603,-0.17150848858160611,-0.33767907254368645,0.92550401528598902,-3.2936201326458558,12.715754149388223,-3.0122567276024892,,0.2169569851562901,0.4782608695652174,0,4
0.96788554858491016,0.080793775001469489,-0.2380544701565192,-0.011175054896085616,0.95983974981037323,0.28032619005728115,0.25114275420278137,-0.26866339647405135,0.92991789766971844,-6.3966114243720646,-4.130781031328187,-2.2291601956667342,0.6602838647070416,0.2217951528026263,0.2186732186732187,1,4
0.8887725052737242,0.43017371880420729,-0.15822138136050717,-0.38560197219284614,0.888360645176271,0.24925184681961177,0.24777924229130993,-0.16051771164628084,0.95542635055632941,-3.4261159511055217,18.934072083507449,-3.6446759079938214,,0.4469335148830162,0.32,0,2
0.90633155319593106,0.34388823300229776,-0.24556872537847468,-0.32718660977572928,0.93886017798774946,0.10719369651372405,0.26741734810014867,-0.016806230730566581,0.96343422844723292,3.185099343785128,-3.0018393287378222,0.11570617483992707,0.488891312887934,0.4277526809099174,0.9503105590062112,1,5
0.80006882875100638,-0.46255612771684251,-0.38201007574747642,0.58085284457567987,0.75651320152156043,0.30049583836043231,0.14999947403018959,-0.46230899259607544,0.87393967363626845,-5.623445507166112,0.92680759791687439,-2.5437868357351987,,0.7446751880059229,0.3671630094043887,0,1
-0.18169685068104796,0.97933479413115909,-0.088823507342763425,-0.98230436179322644,-0.17658730736410216,0.062410445278807306,0.045435616586460531,0.098591500049330358,0.99409019754921224,6.408557587522842,18.899335874112076,-1.1418998390068575,0.2615211346413034,0.2788035340606394,0.4666666666666667,1,6
0.67869037831975343,-0.68297072536622661,-0.27005621390540235,0.72716155933960525,0.67648539987324341,0.11663434475801777,0.10303124281005231,-0.27553310518169799,0.95575418960836755,0.2677736945976068,2.8989852715978635,-1.1356581528013057,0.3771596977852688,0.2953374873598431,0.9231788079470199,1,5
0.80114372926250932,0.56324455761531844,-0.20229753676227552,-0.53770079636738588,0.82583752309554315,0.16991244519839691,0.26276715671719519,-0.027348743374119362,0.96447160019702949,1.6858095560067667,-17.520989150141023,1.5534470450580717,,0.08943344828774286,0.2857142857142857,0,4
0.81823116733618129,0.54103867542521644,-0.1943576818492094,-0.50393732271627834,0.83771475840591791,0.21043088728241666,0.27666754701847635,-0.074237020704247231,0.95809390624496582,8.7137935224607155,-14.410440559576504,3.0542052381280169,0.557209083189218,0.2802921979214331,0.2272727272727273,1,5
0.76540157457165225,-0.51917527465578128,-0.38028602896941854,0.62102109040053277,0.75084890279677974,0.22485268610048917,0.16879939253732062,-0.4082682443626568,0.89711972764178205,-12.397441474661658,11.774607435893355,-5.2182679770920837,,0.1994529929165564,0.2105263157894737,0,4
0.25684180794962203,0.94849676969188268,-0.1854350656516543,-0.95297448792310002,0.28048744810682891,0.11474500783138523,0.16084747762049342,0.14724357146776518,0.97593412667277002,22.379926801269171,6.7588027082243736,4.2590838254179779,0.2718937134084838,0.164568456692611,0.2941176470588235,1,5
0.96748338083342933,-0.049367314744508402,-0.24807010308788674,0.10620641046918977,0.96940707568180617,0.22129193386406903,0.22955632464902401,-0.24044290351966349,0.9431283602779984,-7.8903799752205792,18.213473184302657,-4.7296873691112706,0.2159094287565195,0.1608088075762984,0.3928571428571428,1,5
-0.49616730177901885,-0.77282094190533146,-0.39568396530297389,0.8417452883162706,-0.53987381782859678,-0.0010632123655569094,-0.21279774021987935,-0.33359264466671329,0.91838612205410697,-20.350480635863043,20.724685233952886,-8.1860708337616579,,0.3264946334805758,0.65625,0,4
0.016125386834695457,0.99549030603921129,-0.09348273894891107,-0.99388996185251233,0.026168879878339067,0.10722841719771231,0.10919118841850299,0.091182456140816354,0.98982980560492528,-7.1201421058341436,10.12031742706743,-3.7563122137747138,,0.09289020260417473,0.2222222222222222,0,4
-0.50549370268312099,-0.7959073350005097,-0.33317807646976993,0.83353346439312415,-0.55022304451048654,0.049765098476828751,-0.22293066250407514,-0.25255913244624217,0.94154968235005865,-5.3418432136140783,23.073768040927298,-4.5460364090303802,0.4246230003248522,0.3695205010945251,0.8205128205128205,1,4
-0.95704291082300308,-0.16729840805256602,-0.23681239305938051,0.17991868915158127,-0.98314230657359503,-0.032564863259771773,-0.22737223255580297,-0.073772946858777819,0.97100948511039875,10.190595548326456,10.617497925830746,0.65548020115434025,,0.2672137529671202,0.2258064516129032,0,2
-0.88013179569495947,-0.40101767109336167,-0.2540725283804251,0.42970233924023482,-0.90046057938390178,-0.067280343541612095,-0.20180168943355198,-0.16839112935800246,0.96484221803116577,5.2013151433897562,-12.844046032094621,1.8914800788020543,0.8300422104870445,0.6295853765497949,0.676923076923077,1,2
-0.9727220405997955,-0.019495986930769326,-0.23115306233092828,0.028094090198032075,-0.99902813879623431,-0.033963215237628283,-0.23026626723711749,-0.039530803013952245,0.97232441180182094,13.319614211883074,7.7499094824687385,1.7900900540426441,0.4795526814578221,0.5015039858281989,0.7980769230769231,1,5
0.96209117453245929,-0.056619575994283119,-0.26678604817527685,0.12105692200518449,0.96522287139755003,0.23171109202129281,0.24438861168512785,-0.25522349450099019,0.93548659762356801,-27.8420991231119,4.6900823342033062,-8.4268785942368982,,0.2401319808185037,0.6610169491525424,0,4
-0.31180748996327734,-0.81972654045022886,-0.48044197160978758,0.93400037725426466,-0.35725602906458837,0.0033800866694763038,-0.17441153772526621,-0.44767904639205641,0.87702000372272371,-7.9535311972097684,22.494562096778822,-5.1220593056071024,,0.1721207595733696,0.1,0,3
-0.39238788331294666,-0.77911950519980777,-0.48888091151771362,0.88484767807113907,-0.46487082677381147,0.030654543329586705,-0.25115002616224796,-0.42055666803872971,0.87181176484770051,-17.091162231771843,-6.5079823401556265,-4.5302421964350836,,0.5826309556575927,0.5968992248062015,0,2
0.95860610935562951,0.19932952180411362,-0.20332749160752303,-0.11395405018094987,0.92298145859532266,0.36758631848398443,0.260938309861587,-0.32920049943248103,0.90749007136165638,-2.5981364081052662,-14.07159589374862,-0.0026937406251953092,,0.2678199510134689,0.3714285714285714,0,1
0.12112668428373409,0.97460367349883925,-0.18835075247260358,-0.98303362751411871,0.14410595002095303,0.11348287247418073,0.13774328851476281,0.17140931938236606,0.97552326045974536,3.2552910450521297,-22.111264874833658,2.5711964411442394,0.4291178924435963,0.2045325105885999,0.4705882352941176,1,5
-0.95301438414758066,0.19063707564368762,-0.2354168409392812,-0.19980675833522313,-0.97971270507338759,0.015500801313322245,-0.22768584262394903,0.061810362463006349,0.97177087636994675,1.9637663345936114,6.9479946503501893,-1.1703642824801883,,0.07442924088351026,0.3,0,2
-0.56935671931125431,0.82190224771658793,-0.017596061307740263,-0.82006397231056671,-0.56932502648339345,-0.058000823596711638,-0.057688885353583304,-0.018593262707328691,0.99816145141382651,7.7921011711031882,3.5221147193579823,0.70414183369420902,,0.2829523293864784,0.1363636363636364,0,3
0.85939571012277116,0.50429128204471552,-0.084435278623785276,-0.48249859494151692,0.85448547147675324,0.19248294707483538,0.16921619101623006,-0.12467911568842997,0.97766098357718612,-8.1407479732463717,-14.197984796200902,-1.394161874568099,,0.7899028355424751,0.5174825174825175,0,2
-0.76610696760278485,0.61294565678140522,-0.19333322534752778,-0.62841983738728802,-0.77746223847493767,0.025317498369199457,-0.13479103148429736,0.1408903459373691,0.98080644790552252,12.330212953653428,10.073693744049532,1.2498093866532252,,0.101563124276377,0.4705882352941176,0,5
0.29791812054171912,0.9519544704440599,-0.070904722370649931,-0.9390215625569992,0.30561004941057207,0.15761028758389919,0.171707013560604,0.019626102538122837,0.9849525458585614,-28.722890668331541,-7.2664444493313001,-7.3443052888035174,,0.1625829928874565,0.2857142857142857,0,1
0.9717326954567892,0.035666954487423956,-0.23337402798485571,0.0045880389828597476,0.98548219346038757,0.16971681198631006,0.23603923080406772,-0.16599010431377159,0.95746162679834257,-0.26323070206126659,-11.535906120633118,0.27471067315527714,0.1714286559694434,0.2229234895791058,0.5733333333333334,1,5
0.8725983779407035,-0.37511637786059893,-0.31282546871378292,0.45811809266611075,0.85068559805095301,0.25780191318269402,0.1694104010597294,-0.36826853833776907,0.91415447255009641,10.061757671039162,17.246978057746393,-0.12649461052803412,,0.4713339564433486,0.1333333333333333,0,3
-0.0044805612631865135,0.99214791121506918,-0.12498978695214673,-0.99531020355264144,0.0076534927884142892,0.096431440682682945,0.096630860881847372,0.1248356772710186,0.98746064752248219,-15.007632527320633,0.10523927573922401,-4.7563268028751899,0.2533668345801297,0.1487415794263377,0.2947368421052631,1,6
0.83479850899441832,-0.41146421913107389,-0.3657986409974095,0.50906349421558272,0.82992188931043109,0.22821922903301928,0.20968025237899127,-0.3767318064860728,0.90227896891372916,-24.680462056451933,1.8872934044105649,-7.3261906056245589,,0.2057739476485439,0.3684210526315789,0,4
-0.39671825963519824,-0.85900836770824962,-0.32360353316863871,0.8921180022016536,-0.44383414453807857,0.084479123396733219,-0.21619457120785432,-0.2551781267063436,0.94241393826221143,11.694227574867863,15.152627999372957,0.56880783959050296,0.1907632920493505,0.1757642838365719,0.6744186046511628,1,5
0.82093418807753149,-0.50842583362141736,-0.25994274475709206,0.54862339342155475,0.82851824175979305,0.11211554424734634,0.15836486679848466,-0.23465015401151479,0.95909325625106456,-3.2131584113779965,-19.028545728524037,0.4236972738853344,0.4856491688590966,0.4408918685534984,0.8811881188118812,1,5
0.56519542587042504,0.82066983189111087,-0.083994985558463117,-0.78727806618335061,0.56699732411847947,0.24229585417231048,0.24646982996252184,-0.070817098685992091,0.96655965229878371,-4.8616919843078463,-22.291256421063313,0.38053642267510934,,0.6308340520346752,0.3870967741935484,0,3
-0.80275889316413052,-0.51937226309021389,-0.29296861910186101,0.5344462375074811,-0.84456539554863475,0.032810240106960487,-0.26447188633198582,-0.13023726415403894,0.95555893400965763,4.0083089818137809,-5.1891208677686889,0.67674709237889685,0.3614356104013913,0.3026538297861391,0.4740740740740741,1,5
0.81274183718673132,-0.45244941730272548,-0.36706979018813418,0.5586670656928735,0.78400756405620398,0.27059794753983657,0.16535360835630833,-0.42499607561138913,0.88996433631829708,-10.535035650766575,-14.570187256513433,-2.0248434968914055,,0.2242834493420377,0.125,0,3
0.92643863265307214,0.31003318893767362,-0.21352021376217015,-0.26468570607019931,0.93979725023165384,0.21615412431675352,0.26768066222651582,-0.14373778283443528,0.95272583299489388,-26.375893667705256,-2.4639950047258545,-7.2687351523168946,,0.6736711883910584,0.3333333333333333,0,1
0.36913281875822213,0.90927306117565221,-0.192258842022585,-0.90964734588464646,0.3958800533593535,0.12578032229729219,0.19048009932962781,0.12845810045478315,0.97325014676953459,9.8575997172109648,-12.093568466957789,3.0872183200722265,,0.0948460217314112,0.3,0,4
0.60296263424639363,0.78034160496032201,-0.16584040904013209,-0.7611368414827846,0.62497812125250696,0.17341584844902988,0.23897022877392107,0.021663968326118815,0.97078519881387981,-2.5953273754511881,-10.109590568587002,-0.49175602701781357,,0.129607501412428,0.2407407407407407,0,4
0.66696110997868308,0.73668122157712645,-0.11164074324204457,-0.69502685877304482,0.66911926989291493,0.263091368619434,0.26851544342938194,-0.09787839615362226,0.95828976630574381,-25.534539715490777,5.4804798925687832,-7.9424126679567673,,0.4202086520792638,0.2058823529411765,0,3
0.8247400502108494,0.53314936333177609,-0.18856194196371787,-0.49787388763716894,0.84267346711254698,0.20499517026889255,0.26818918991498997,-0.075187659914657617,0.96042770379102471,10.898522140586172,-13.136352310223145,3.5349411073256918,0.3548071248319989,0.2225307270179915,0.4444444444444444,1,5
-0.62865128711025542,-0.68077314795084198,-0.37595941302714975,0.72887034833702991,-0.68434695182485306,0.020427061538262292,-0.27119287330177955,-0.26118416980577508,0.92641095358010084,-4.9619221534850091,28.065241167643649,-4.8867581247843672,,0.1707899357984823,0.1333333333333333,0,2
-0.052849161664706323,0.99636123087973671,-0.06686750863577233,-0.99443042195061315,-0.046395704449367685,0.094633897244982015,0.091187181174025911,0.071496406961918627,0.99326389332396048,4.4983045332130862,6.1111871194546987,-0.40210369970586757,0.9939438767451566,0.4496015170212214,0.4285714285714285,1,4
0.0065225093819238373,-0.95281818791047412,-0.30347151045586368,0.99407155706157713,-0.026759588524022382,0.10538341360573256,-0.10853200593619652,-0.30235976122663155,0.94699491998555096,-0.6065734772378043,16.634971744796331,-2.6769359756158266,,0.1070270886451936,0.2083333333333333,0,5
-0.81536906543103715,-0.48271058764933739,-0.31963068643255638,0.53035583333488168,-0.84417585157700925,-0.078037309422437612,-0.23215507141946937,-0.23314720711486445,0.94432325113213123,-20.921630272666626,0.6830110825147786,-6.2696144604296276,,0.2374211710478868,0.4583333333333333,0,4
0.18348012790017898,0.98297126680453584,-0.010125774164082314,-0.9721484377569477,0.1829686426278945,0.14645781229293928,0.14581652043737006,-0.017028342596796552,0.98916509133508457,-19.687747828616914,-4.3007978653189829,-5.4133166645343609,,0.1323847899165318,0.3866666666666667,0,3
0.83266164154040634,-0.48334680440042499,-0.27027848116920594,0.52945493641712182,0.83789758362270617,0.1326842479828366,0.16233317902011526,-0.25358135979430135,0.95359552901326861,-9.4099233458657316,-6.4776808314393399,-2.7146262479306493,,0.09415624351577104,0.6038461538461538,0,2
0.39234578317598551,0.89529688035537613,-0.2109698614730405,-0.90034427383136206,0.42074702450226398,0.11114013654647335,0.18826835900676472,0.14634014281263566,0.97115374045435121,-3.8884402900909634,-14.23333127204412,-0.29691500190441561,,0.1365004818175764,0.5714285714285714,1,5
-0.017152054906424984,-0.92235801525463779,-0.38595530661983773,0.98679658943811599,-0.077793874072290534,0.14205845356798522,-0.16105371180382586,-0.37842278585247813,0.91151406849365735,1.5616303936131486,-19.13744079217674,1.7321328546451906,,0.198239271473721,0.1578947368421053,0,2
0.60963051384526945,0.76504310639133066,-0.20750826959872476,-0.7574085444169425,0.63941216580314453,0.13222851079529546,0.23384382273851576,0.07655800145011786,0.96925535282556086,8.1301152762487874,6.7252499604667015,0.46854254710027071,,0.1027529501896326,0.3695652173913043,0,5
0.86965236568444815,-0.37407292811810694,-0.32214004300705606,0.44220003220572002,0.88037399465076449,0.1714665012762408,0.21946274029252064,-0.29156658586299061,0.93103438799622007,18.893315672250132,3.2043186118921647,3.7047573501476503,0.3328879455768296,0.2956747419330085,0.5666666666666667,1,5
0.5357267133806648,-0.690782438057849,-0.48560942313880801,0.84260172800669353,0.47476379073573877,0.25420792860642011,0.054947397849997297,-0.54536131718071712,0.83639812122722279,6.9888254920574679,-17.577081773381334,3.0248169580047297,,0.5319006184582992,0.1176470588235294,0,1
0.66457531090754451,0.74630827773861463,-0.036927099953362318,-0.70473658068603551,0.64245005056123783,0.30100545572600496,0.24836668048491886,-0.17401691616819251,0.9529071858854965,3.9137882390903833,7.8934293463908007,-0.74090385095862454,,0.5363664505401712,0.3548387096774194,0,2
0.90219813749195554,-0.32187653666718896,-0.287113245687451,0.37886421627825778,0.9095482868555359,0.17083272374466624,0.20615631528019787,-0.2629018999955986,0.94254027216283764,-1.1542997657224676,-1.8017481142147604,-1.0959764045992999,0.3463061633298453,0.3592987863398813,0.8215962441314554,1,5
-0.96163314595987315,0.055404502801936158,-0.26868575261927885,-0.061926550527853702,-0.99795480338957032,0.015852846161052196,-0.26725791836920243,0.031883404161962718,0.96309742685151334,-7.7276325739097835,16.938564408118957,-4.5662841251446977,,0.1502363225554043,0.2222222222222222,0,5
-0.44779668635969239,-0.82321588112316435,-0.34898959977611482,0.86910486405494525,-0.49244350442967511,0.046434149298301135,-0.21008299065206515,-0.28251550048029944,0.93597549595438201,-12.931935146964978,19.235919850003569,-6.104675174159091,,0.2667933685333053,0.65,0,5
0.48645583191686542,0.84643671776813689,-0.21657702188361261,-0.84891712992001866,0.51653003873954906,0.1119661806443326,0.2066408239492617,0.12938934227216858,0.96982367881174492,-7.5871347339948629,-16.338443829861628,-1.0131162998709493,0.09154919339274065,0.0910353875306303,0.5,1,5
0.47824976540329567,-0.74984435203755773,-0.45717678157258651,0.87746542644038783,0.42961626055210833,0.21327047163405355,0.036490920699281434,-0.5031533726276699,0.86342636994703847,-30.2172458390306,5.3079876997662021,-9.0547591612184224,,0.616024858071522,0.4333333333333333,0,1
0.072144912177701442,-0.93023761869167676,-0.35979589271934465,0.99053896301899569,0.024603300461914411,0.13500829732884292,-0.11673763055726392,-0.36613201222676395,0.92321160913121991,6.0328571848623938,-5.8628785463005464,1.2622517925763976,0.3554813766989073,0.2745372437177731,0.5405405405405406,1,4
-0.96023662298646795,-0.02730302966367134,-0.27784919011350367,0.036618606382936451,-0.99892589593302239,-0.028392465567130758,-0.27677555083879218,-0.037437935381025265,0.96020502782077233,11.890862825047462,11.131482584349763,1.0568837467696806,,0.1636351440132384,0.25,0,5
0.45199399782582955,0.89177648691883726,-0.020883565503069971,-0.86834049786106515,0.44523290845230318,0.21852330998202529,0.20417200029343258,-0.080637178830858594,0.97560824088687281,-5.4807555400968617,-4.3059772185042426,-1.8849825323300031,,0.09790951811649606,0.2451612903225806,0,4
-0.91987739143422154,0.35252077212416244,-0.17191477524970494,-0.34010802303352738,-0.93526834441381379,-0.097977837318798625,-0.195325670090743,-0.031658003070752679,0.98022734783578347,17.767848684159706,0.77841282178929538,3.6953952088381956,,0.4882466841828397,0.6,0,6
0.6415889271948263,0.76603938447492192,-0.039335860665243028,-0.7438271264345151,0.63386973934039104,0.21196782663583108,0.18730951519120645,-0.1067371302866455,0.976484680134311,8.2213667979460467,-16.083966239531051,3.1082765696703589,,0.2889690438242858,0.4,0,3
0.76987461667511692,0.5934692468196362,-0.2347068973819833,-0.5823545359383997,0.80372185036055632,0.12204254063635187,0.26106755652764335,0.042725172115957777,0.96437455928510907,3.543859522045397,-14.067211514931827,1.6173315397848869,0.3564303785630988,0.354119845257363,0.68,1,5
-0.68007820590076495,0.72690739462298903,-0.095390112177395667,-0.72182596364152285,-0.68666119902203748,-0.086392568954775706,-0.1283000860162801,0.010101356346399632,0.99168394689446238,-21.607818293509609,-4.6556274572620513,-5.8651195791236885,,0.2765548585183146,0.5228758169934641,0,4
0.94248702704669185,-0.16708893805211017,-0.28948141672533567,0.25374514887625349,0.92141339810576672,0.29429704248081162,0.21755827557336749,-0.35082564982025294,0.91081818172330131,2.7671309938336961,-11.796670399114484,1.1132321729975923,0.5365267504660853,0.2401397330883508,0.1724137931034483,1,5
-0.94384491066475706,0.23314586407388926,-0.23409355112321245,-0.25258570230005573,-0.96593029442697897,0.056383768070225659,-0.21297241043342721,0.11234621655155516,0.97057770426727108,-14.729221625661006,12.811722671624699,-5.9237835448457181,0.252151324059278,0.208418712136163,0.6774193548387096,1,3
0.077348825716053352,-0.89267979652441087,-0.44400443695697933,0.99363767749110032,0.032455684199581267,0.10784616095730608,-0.081861621230218243,-0.44952131144170876,0.88951068882239215,-5.1418298507883309,4.2317773781109151,-2.6445045122743052,,0.4857344145089235,0.2304832713754647,0,6
-0.96922550381034822,0.0049147685055428896,-0.24612551231864196,-0.0085993708640750982,-0.99986644126050628,0.013897858172867504,-0.24602433534981688,0.015586683149020755,0.96913831919086424,-2.1189430011065937,-18.419745070486179,0.64104869453969382,,0.1039845097686436,0.24,0,3
-0.83852939459566,-0.41490019019303492,-0.35316608922265136,0.4754478060667649,-0.87376871756648344,-0.10236020666511517,-0.26611621165449151,-0.2537440844236743,0.92994413892161032,-34.64407896236979,3.1571874686361152,-10.025602277845094,,0.2884918563689122,0.1875,0,2
-0.97511142577240961,0.11340170998730507,-0.19051970895436132,-0.10398522406045979,-0.99284220289212544,-0.058748900699573794,-0.19581823333182072,-0.037475489700170228,0.97992387825102922,20.095155643335744,-19.674045961684627,6.7592918213158013,,0.5086894870017676,0.375,0,5
-0.52639619916184499,0.82545846557257585,-0.20377772970207644,-0.8488708370076733,-0.52382441682173397,0.070896279304793919,-0.048221816492707154,0.21030050393648503,0.97644680062879241,22.399211718465736,9.6070989469109662,3.953967134830128,0.3482528488104309,0.3007913505762499,0.7307692307692307,1,5
-0.27332933629469053,0.94111135503253696,-0.19899872197963173,-0.96139045388105404,-0.26040219227028882,0.088989288384664689,0.031929126312591156,0.21563885477726502,0.9759510311502646,2.3522028430364519,20.857608380841473,-2.3846956315842447,0.502547771401975,0.4301527139597988,0.759493670886076,1,5
0.87128433466491595,-0.39821880754082745,-0.28685430010421004,0.45616714231166611,0.87271138785349711,0.17402980143076224,0.18103907435336367,-0.28248294608981972,0.94203409637108826,5.2218443295835995,-6.656840774414106,1.1237974127981822,0.7797259094156107,0.7550094913834737,0.4360902255639098,1,1
-0.8737205579528774,0.43481647380712934,-0.21805279341582923,-0.45486655248479185,-0.88918249669833549,0.049506635877569358,-0.1723624264191953,0.14243988792205664,0.97468049754144503,-1.2261136570707543,-13.282644931357146,0.28688670671004501,0.5905457719201317,0.7067611645919618,0.3928571428571428,1,2
0.28841424312116182,-0.79959845005696006,-0.52674428618766678,0.95727708444047876,0.22877132083699422,0.1768735886661249,-0.020923861258953579,-0.55525309673067469,0.83141818034068249,-8.8957561885635243,23.317392561163231,-5.4581775048728636,,0.3500796043839935,0.2058823529411765,0,1
0.68371726164007762,-0.60821858513669902,-0.40323796799124167,0.71288427317912917,0.67478874726236393,0.19093496175911431,0.15597025097517286,-0.41800753493495979,0.89495417846297554,1.0335342639303386,18.37874315547251,-2.4614040547531864,,0.3136991319673221,0.125,0,4
-0.96628001747848458,0.13903194470160027,-0.21673266060811244,-0.085297959141520038,-0.96700946459538828,-0.24003531729566999,-0.24295511105566744,-0.21345447696272973,0.94626106348961447,-27.690710843026654,0.56547321614956081,-7.9552376648406513,,0.1310185471512859,0.3846153846153846,0,1
-0.7363081815346082,0.6584331928760474,-0.1559358596482967,-0.66711514608145883,-0.74494075685424799,0.0045442982004897927,-0.11317086053359061,0.10737317773296495,0.98775672968075112,-4.5072136419250945,11.711324501010502,-3.1683591852574553,,0.2903711042503228,0.203125,0,5
0.59092866929134968,0.77829861869785999,-0.21226061326246587,-0.77277258372763014,0.62164173590916827,0.12800033599470975,0.23157254079116851,0.088390114316247659,0.96879375825956004,-8.6057749361803282,17.523754874120613,-4.7918437506480887,0.2693803688168829,0.2200835924031697,0.6046511627906976,1,5
0.90224359789158237,-0.33275197750941976,-0.27428563857268179,0.38588494101549264,0.90691484772960596,0.16911023406362993,0.19248195333880777,-0.25842132348387309,0.94666209241086685,0.32466521962406891,-18.315307445324155,1.2939805712695223,0.4358815194574052,0.4201259549981081,0.6235294117647059,1,5
0.44846140703547255,0.89015096590404152,-0.080707027574225418,-0.86987494509217356,0.45542623616026751,0.1894848894180767,0.20542625513953389,-0.014771638940709627,0.978561113258826,-4.9251411085731327,2.257068127881356,-2.4914096972317004,,0.4044627460194315,0.2288329519450801,0,5
-0.96063098535734714,0.12936977467544572,-0.24586901263029926,-0.12740929342067617,-0.99156140007268789,-0.023934532289899481,-0.24689062744749526,0.0083337438355523506,0.96900751637552673,16.11210141418108,0.91285477624569134,3.1928281723762075,0.7416222422651058,0.4084522972578271,0.5272727272727272,1,5
-0.92489652226202046,-0.256634137354188,-0.28054472486947657,0.26990407767611224,-0.96284483306899116,-0.0090341732412035133,-0.267802561528873,-0.084075840625096557,0.95979843772625295,-22.36244819943192,11.818324930961152,-7.8087496812138166,,0.1013363644541627,0.3571428571428572,0,1
0.59419390783001846,0.78084122207034323,-0.19292637407411239,-0.76976661640023425,0.62161607400704966,0.14509587455126396,0.23322297522633945,0.06229319747576581,0.97042598964311488,-0.26744964962063983,4.4501033043429796,-1.4590253546705201,,0.08543006811319287,0.3949044585987261,0,5
-0.32427175274366549,-0.90379845227351352,-0.27927797628985013,0.92969260297354439,-0.35901105341707812,0.082357316011612544,-0.17469829520870475,-0.23293651751574493,0.95667187920352847,-1.366773564166516,-20.553250788466045,1.0462468647533985,,0.1121298711355187,0.625,0,5
0.87271626843717209,-0.37521191591962405,-0.3123817103433269,0.45587799093339337,0.85528507307172652,0.24629799260900148,0.17476147226328251,-0.3573562115489472,0.9174720518248789,-7.728426486750263,-24.140482297332731,-0.18848780956872493,0.6995746134296367,0.5291563576703957,0.3181818181818182,1,5
0.88877693135648861,0.42891092516101142,-0.16158893701633037,-0.36615361282629033,0.87648974634385801,0.31256560330326333,0.27569384850372969,-0.21863472467017475,0.93605115194929267,0.29837094442071144,27.452635228376831,-3.5219522329795776,,0.425520301911026,0.15,0,5
-0.71166983977918896,-0.53589155922743625,-0.45425353702249849,0.65613148422998258,-0.7380899347256944,-0.15720917167512788,-0.25103289535601375,-0.40993107348114854,0.87689166973108434,-3.35384235290682,17.362798195104801,-3.4127752345119085,,0.1990887957792382,0.2916666666666667,0,1
-0.54920321416245099,0.83132008764767873,-0.085338979529229281,-0.83448234553008616,-0.55102869204436733,0.0025681788257165966,-0.044889247623902562,0.072624323868322793,0.99634866539300881,-5.5467161358948189,-24.503898547296206,0.45755579876571628,,0.5526620943664844,0.5098039215686274,0,5
0.82927539311594867,-0.47009583857686266,-0.30217912721613494,0.53204570246394067,0.82956397718263908,0.16956113425715613,0.17096693499633384,-0.30138598227793834,0.93804946395396505,12.76778229472875,16.731163452972403,0.67112705866860656,0.270588809330193,0.2362032218700923,0.2954545454545455,1,5
-0.6803576068065873,-0.67925327869329766,-0.27518813609023446,0.70182767257954093,-0.71199802969269221,0.022287299417095074,-0.21107213189333257,-0.17797131538011476,0.96113202321006552,-22.101430266492223,-6.9156170975248195,-5.7836836395212998,0.4481344449017273,0.3666852067177181,0.9336099585062241,1,3
-0.57767728437015853,0.81338241636527886,-0.06854195700809429,-0.81205302863793793,-0.58118618605854033,-0.052844070761823916,-0.082818076545352878,0.025132884484439458,0.99624771232601583,-0.1637148462817021,-2.6416054661251533,-0.77795059087986906,0.4552331292444327,0.3319086643630564,0.2805280528052805,1,3
0.57255526122747835,-0.76870660108090183,-0.28508004892553046,0.81729677480766971,0.56265227891405656,0.12429157220745632,0.064857187186285206,-0.30415879814246261,0.95041094837065998,-5.9435021611784622,10.263900949446517,-3.4138499047099451,0.2595849779647595,0.2478759464606112,0.8028169014084507,1,5
0.038425597505331976,-0.91942921757774621,-0.39137371822943418,0.98960936667300259,-0.019291743090861433,0.1424820341010602,-0.13855242635702089,-0.39278205472359667,0.90913446895258154,-2.8259977755895243,23.887277812381608,-3.9545072078162464,,0.3047409908895473,0.6,0,3
-0.41883842240184133,-0.8312447893437872,-0.36552219646519341,0.88691439216727141,-0.4608425659237983,0.031733112033470207,-0.19482617094860719,-0.31089585011957355,0.9302615403701967,1.943566353013505,-12.615055675892325,1.0254136934389413,,0.1162204438843231,0.2962962962962963,0,4
0.69258022301251809,-0.61698583278799146,-0.37371261261943028,0.71309446678856458,0.66372782069291747,0.22574689693053218,0.10876082073736164,-0.42284023244854568,0.89965394552316413,-27.38178135022131,-9.6164944417262532,-6.7421369580166415,,0.2677866655989751,0.2333333333333333,0,1
0.94683992947726503,-0.12691419676840329,-0.29561281197897876,0.22174262887458387,0.92320631287737087,0.31387945202443335,0.23307585565063704,-0.36274356027640381,0.90227088781070741,-36.317198957740878,5.9634959910794505,-10.721178192092925,,0.3482823700794349,0.25,0,3
-0.28017895565661222,-0.84743526884446685,-0.45094702341370113,0.9430589618902846,-0.3307188860834378,0.035564206530572677,-0.17927506018849712,-0.41530528952354689,0.89184189702445238,15.961673434326478,2.3343504603916148,3.0371929507628228,,0.2724200217036934,0.2711864406779661,0,2
0.96489977905986246,-0.045363947620994868,-0.25867069533766063,0.10527988858281712,0.96917410397576664,0.22275031143134236,0.24059210591833396,-0.24216454827040645,0.93993179014797235,18.372510045977656,15.821307429474205,2.2835630922984955,,0.4481593002138619,0.4761904761904762,0,1
