axis_00,axis_01,axis_02,axis_10,axis_11,axis_12,axis_20,axis_21,axis_22,location_x,location_y,location_z,dbh,dbh_approximation,score,reconstructed,number_clusters
-0.10201163112972414,-0.85421111078574863,-0.50982056188862257,0.9890810668356842,-0.14188863003399885,0.03982787835499331,-0.10635915729939871,-0.50019095841213779,0.85935832734739281,6.5262529256689756,-6.4291437699643756,2.2333249102281698,,0.2082350547523541,0.2142857142857143,0,4
0.79898435479783969,-0.48670941033198417,-0.35318260246304961,0.54818962233920221,0.83093507190165683,0.095052849738403736,0.24720869472549523,-0.26955677728093019,0.93071317014106769,-3.1737698938354462,-2.723518083370112,-1.8583863978474287,0.2981303166434594,0.2843428722653655,0.9183006535947712,1,5
-0.11119692402694285,-0.91838162486521646,-0.37975049071314065,0.98615122259226595,-0.14928062324905161,0.072256914562922089,-0.12304881253683432,-0.36645666405770216,0.9222627082892243,-2.8822513811045627,17.81743318483327,-3.0988874584121802,0.194488449581859,0.1368333428998727,0.475,1,5
0.41743045720553057,-0.77588297770817671,-0.47303003953224199,0.90412507953074217,0.40683607839006108,0.13054595314955156,0.09115730338656669,-0.48217217902206755,0.87132102913702258,17.312864251425964,10.07494835261131,4.7944922445371487,0.2066911751717352,0.1879064011471956,0.375,1,5
-0.9346710806759928,0.1527969021783247,-0.32100323617166093,-0.097870256713787976,-0.97862816832670496,-0.18085441937728622,-0.3417768040677262,-0.13762272647432006,0.92964971971115307,0.18885446665665892,1.5862996412282964,-1.0692888214907343,,0.1069400585744706,0.3333333333333333,0,5
-0.2974665953437175,-0.85230359957117774,-0.43022342894434734,0.93643968646217213,-0.34825252574554627,0.042436917070837646,-0.18599553293895699,-0.39025472767137931,0.90172440870639159,-4.7432888679867924,-16.040650924452287,-0.67635818617914145,0.5705052690603687,0.615993936397156,0.7816901408450704,1,5
-0.93592374947169943,0.13505257090791789,-0.325280706876378,-0.13463537844472348,-0.99060683799427152,-0.023904129141965717,-0.32545360659528794,0.021421848896664118,0.94531532006202379,-11.950189344435497,14.747103404866513,-5.729374023626681,0.1576081595213132,0.1141196316998187,0.3157894736842105,1,5
-0.56869704243778529,0.8117709298644683,-0.13270882167170231,-0.80885773863942423,-0.58121829390482194,-0.089075549246039359,-0.14944173635779182,0.056685555985132002,0.98714432337780433,-16.06191689104266,17.385238169214926,-7.2254010663693489,,0.1554698275756002,0.25,0,3
-0.37381780747277715,-0.85313730438222979,-0.3638914490444482,0.90362619000771904,-0.42344139629590466,0.064475519657526056,-0.20909317432278651,-0.30471974628237847,0.92920714626891621,-14.73741982918404,-13.092115012496818,-4.2416812986452914,,0.1384976291885787,0.4411764705882353,0,1
-0.30365397479816969,-0.86077891161866549,-0.40847757453972722,0.93246434512099152,-0.35654761826244202,0.058172510599598805,-0.19571537667580677,-0.36322645997224096,0.91091274560666935,12.038849380202819,-14.10832572847292,5.6936407887050482,0.2379118436791866,0.2013052792484545,0.125,1,8
-0.91849180330071656,0.24854508390582564,-0.30756812015493828,-0.27043119956458245,-0.96227240999841845,0.029979580682439604,-0.28851303882399748,0.11071201480453696,0.95105366631250665,-21.498936961945521,2.65568655337094,-7.908669832237206,,0.1509358401318978,0.4788732394366197,0,4
0.23115234074990265,-0.83491333232983878,-0.49948806078196406,0.97272598345169037,0.20851322099038438,0.10161888500745554,0.019306902490670838,-0.50935445828038195,0.86034021139669847,-6.0387758275037378,-28.510612474084443,0.49478400645792087,,0.3802633467620429,0.5333333333333333,0,6
0.16915013320156583,-0.90487477217496481,-0.39062754526428306,0.98536835208360041,0.14685183284412409,0.086508669521456388,-0.020915141642926145,-0.39954497352817292,0.91647497018654522,-4.3915993829863096,-12.057072148265092,-0.98356678476908854,0.3395204656193455,0.1841540889239441,0.484375,1,5
0.52590383515345596,0.8390723287159485,-0.13922206489663436,-0.81566131141311404,0.54392947798590263,0.19707193621067123,0.24108459352419445,0.0099171649769213312,0.97045343453670929,-9.2581828035379701,4.2895123488106615,-4.1575645301565416,0.6491550429320343,0.3485667535232901,0.2147651006711409,1,4
-0.90828413424088639,0.32108222423233534,-0.2681904859764806,-0.2839174386049611,-0.94392150704214428,-0.16853212334533157,-0.30726343671560191,-0.076931097907830537,0.94850977150075455,-24.5727234395405,9.3378737223676094,-9.4083587335469971,,0.3075332384261406,0.2380952380952381,0,1
0.024721693418248727,0.97857167692393121,-0.20441700270970631,-0.9943529923957577,0.045179500960639947,0.096025721588283056,0.10320350957277095,0.20088873989159653,0.97416258899458363,-18.100348738115631,6.2616465431430894,-7.0721282100102503,0.7280770606737101,0.7591180604655341,0.7008928571428571,1,4
-0.81068372793115817,-0.42920880180556276,-0.39821061979845923,0.47957358967829949,-0.87695006720283974,-0.031108708041394161,-0.33585869848897748,-0.216190619790887,0.9167663554928932,-9.6769109906968502,-13.579340297602025,-2.5640834092922211,,0.07895266571645496,0.36,0,5
0.94099552671920117,0.023888216971611278,-0.33757483879041,0.016898477395437893,0.99294450475540508,0.11736972325842789,0.3379968345357246,-0.1161488853410195,0.93395266276073619,2.265500706874588,1.9397265808073716,-0.2959849287653743,0.4763692888424409,0.4290427952470978,0.868421052631579,1,5
0.62433580614714768,-0.63837472994449196,-0.45020273803130911,0.75706320315119258,0.63651383933683137,0.1473276578485567,0.19251001947183549,-0.4328138589520702,0.8806883988687314,19.310242678345091,11.197356942905746,5.6071490810563409,0.3361414933609754,0.2811685501074298,0.6333333333333333,1,5
-0.79138960636549049,0.52671464981940164,-0.31028078993437219,-0.55777971416081396,-0.82987251267535433,0.013906947061559377,-0.25016850602614527,0.18407414367997904,0.95054322796026869,-2.3770806149737793,-20.108234008820027,0.78385567222730923,0.2945531229733007,0.2795343057011332,0.9032258064516129,1,5
-0.81594071111463062,-0.43969213752170094,-0.37538191238703744,0.46726472857354678,-0.88389866316750221,0.019667909949790306,-0.34044739590257034,-0.15935487897237749,0.92666153107316251,5.3214797130161413,-9.7934338262244172,2.1664236355676492,,0.08925177673470645,0.2631578947368421,1,5
0.38900341177164394,0.8870402878080178,-0.24866819948576332,-0.89603589259637162,0.42702106384796251,0.12154295623021225,0.21400005796505273,0.17553500743619443,0.96093258679021309,-22.417698853776468,15.482211305656369,-9.1708169870063543,,0.2438523698815916,0.4444444444444444,0,1
0.42581983705355009,0.89115279644872725,-0.15660191490943173,-0.87488557623579621,0.44966623359436808,0.17993195063582665,0.23076545423058129,0.06039016266469218,0.97113353015282344,6.3267375253052824,1.4925127054601117,1.2603738271713565,,0.2502035649926214,0.3333333333333333,0,4
0.64184259148130196,-0.65383274492176158,-0.40067546646711616,0.75163133132704774,0.63994158120427791,0.15976581115275656,0.1519487727100694,-0.40370473655116196,0.90218293940755745,-14.180962521607491,10.946413714363505,-6.2376027062657,,0.4105272592596291,0.5094339622641509,0,3
-0.70108457131717983,0.68228932332770975,-0.20727205101996346,-0.68460837781460415,-0.7253448873734587,-0.07201502195542861,-0.19947880310214075,0.091411561819064138,0.97562909626493644,-21.49933586141205,14.290256215023394,-8.7015301944655761,,0.6125271604082394,0.3333333333333333,0,1
0.8751498679287687,-0.33027318856433291,-0.35359910856760929,0.39098423252043751,0.91322281365293656,0.11469709039125081,0.28503339906871245,-0.23862881959093465,0.92833843391080906,22.952278093512447,-1.2047118873127536,8.419077072672362,0.4276536181621453,0.4110607159531171,0.8953488372093024,1,5
-0.47632988201615362,0.82249425104334206,-0.31082639929569844,-0.87261581865000692,-0.48560165505660463,0.052274904572504485,-0.10794200544855197,0.29613213200687666,0.94902807326907146,0.68687537419634259,-4.0706010760494546,-0.44894693922220696,0.2568895448907511,0.2302280361531731,0.5625,1,4
0.4889721618404983,-0.74578634888347051,-0.45244772821188256,0.86608998788421832,0.47685695866164735,0.14998524548327957,0.10389589901312381,-0.46519905717340831,0.87908786783417026,13.242976675075973,-23.460764284947281,7.3502925641545103,,0.2744140237158323,0.2857142857142857,0,4
0.032037980271883988,-0.91507360182111441,-0.40201227726305888,0.99702948242673806,0.0010736760797702253,0.077013365018976612,-0.07004126635040786,-0.40328544539793137,0.91238975801913869,-6.2027403227769931,12.208102249878502,-3.8254360673282757,,0.08373246965895216,0.3658536585365854,0,5
-0.89139653266171592,-0.27631078601377296,-0.35925557906749689,0.29102838154254979,-0.95661711418552497,0.013644705349805815,-0.34744021456272961,-0.092390726698137401,0.93313945952617139,-8.5553218271848017,-15.439824551108321,-1.9686466076987827,,0.06809845800119727,0.4782608695652174,0,5
-0.90876151332104316,0.29818067305978002,-0.29196026805040226,-0.27858739782247255,-0.95436830102865844,-0.10756490025177326,-0.31071139934181624,-0.016414390189315394,0.95036255929711444,-11.843607670535807,-22.739741622456279,-2.081505630096435,,0.3451663130412268,0.2222222222222222,0,3
-0.69124384292224939,-0.56621937203817641,-0.44897391054578428,0.66177700806822659,-0.74556790515582949,-0.07861100682356402,-0.29022946303631403,-0.35145998567438819,0.89008018585710091,22.146311929859479,-1.7659672014662449,8.0771373788927434,0.09920181375857942,0.141117912333364,0.1428571428571428,1,4
0.81071441089596052,-0.45757859509349036,-0.36519032473202823,0.53001989620114998,0.83858804951307941,0.12589278313220348,0.24863839928003642,-0.29562123152121106,0.92238117602070779,-9.157212386597644,-22.533864869226559,-1.3577545076245747,0.301400040007738,0.2951731595173646,0.7142857142857143,1,4
-0.27540715927117271,0.93631418235611497,-0.21786842024713574,-0.96097688703133399,-0.2742651279945359,0.036084098405071902,-0.025967657070845546,0.21930433530812932,0.97531086803198785,7.1257835119201536,-5.6228226477528533,2.3092551611057348,,0.2274062516498541,0.5454545454545454,0,4
-0.098305374719454705,-0.92468860462599234,-0.36781386294714863,0.98848586633924607,-0.13345427861125717,0.071313726363860214,-0.11502932386490923,-0.35656828237405697,0.92716088930454621,-3.2341609936975027,7.6433518508527802,-2.5787110262969297,,0.07319618257297715,0.2592592592592592,0,5
0.73618318512493575,-0.49310775031166759,-0.46355049835144263,0.62534759678769813,0.75753411404225113,0.18730309461958231,0.2587947084682285,-0.42776957891461587,0.86604762353121012,1.5223009173076922,5.2434165181475336,-0.93085619064100178,,0.3583085584869793,0.3478260869565217,0,3
0.85224014962732686,0.40802918213108075,-0.32741245225652971,-0.39286929446409197,0.91244028715777858,0.11448336053208039,0.34545686392150271,0.031062982807081613,0.93792038375794351,6.2027310035697303,-18.465204057517468,3.8764395187567642,,0.09797445640129065,0.44,0,4
-0.87401061732605423,0.35159844277611529,-0.3353863083650574,-0.39334493570816487,-0.91719409649884909,0.063519689076694863,-0.28528091831398428,0.18743938856353337,0.939936845357633,-9.4995587186801593,8.639888508333609,-4.6048392762187937,,0.07559155818726854,0.422680412371134,0,5
0.099655182962333666,0.96278617461081695,-0.2512202748326981,-0.98884162860230118,0.12392429447698003,0.082674075631567326,0.11072975233375705,0.24017816557017699,0.96439274713751966,-9.5228628868865286,6.300644594362157,-4.3612538629685487,,0.09159448807095771,0.325,0,5
0.64082062078806323,0.71735667201603437,-0.27340142115007665,-0.69376660881904673,0.69362403538826811,0.19383908279656853,0.32868955636059044,0.065460695426910825,0.94216669060931246,-11.789864939243047,-11.411804260922629,-3.4502216075073875,0.543593044529643,0.2549167625310918,0.24,1,4
0.60237860611503147,-0.70738935193813979,-0.36978415279653487,0.78312198581073567,0.61339786105787053,0.10228890159484601,0.15446672856884891,-0.35120274602310364,0.92346990256914674,-2.5610773228564008,22.126797702768545,-3.3271438086684153,0.2281877481161453,0.1855428806824201,0.8043478260869565,1,5
0.19037185412820326,-0.80393806449066196,-0.56342004367860454,0.98166493256785725,0.15026765850829671,0.11727570495622752,-0.0096185925340613512,-0.57541569258184511,0.81780453863268643,-8.7473344777857402,14.39999847715927,-4.7500268786798134,,0.116870383256455,0.2,0,3
0.087488344659276379,0.98012987120673489,-0.17802029411572565,-0.98868585721399249,0.10729176808116254,0.10482724954443451,0.12184443070494762,0.16683498455146589,0.97842732108005825,3.253787971366084,12.628432018487818,-0.95410376286494036,,0.1473690513217384,0.3103448275862069,0,4
-0.75628713882376486,0.6077581769808279,-0.24219777447925606,-0.61424167143136932,-0.78705873252790037,-0.056971226323231192,-0.22524860205329075,0.10568136006181851,0.96855279536456984,-28.255680850573164,18.06716870312194,-11.343507360144702,,0.1650140722602124,0.2727272727272727,0,1
0.050176323904825244,-0.87896753077537748,-0.4742345583801702,0.99698128656908325,0.015911533250137902,0.075994324397853974,-0.059250744724894125,-0.47661609598529797,0.87711256193106668,0.56267980125865158,2.3554805412806563,-0.98215699405369106,,0.08867486850018751,0.2341772151898734,0,5
0.49372305439001768,-0.78097824959026374,-0.38250558065304113,0.86247315354501786,0.49602660881256289,0.10048712735480797,0.11125468519529644,-0.37951360583889088,0.91847254613584339,28.297218032533507,-4.465152986495541,10.845033007601314,0.3470100807342137,0.2884108829597524,0.7631578947368421,1,8
-0.8976676258898697,0.31940237230978707,-0.3036032904830317,-0.33540917007631549,-0.94207235076011786,0.00061201472343259955,-0.28582078660930393,0.10238071349714567,0.95279833514015588,7.8374065106608137,2.2167593901651421,1.8910486991799906,,0.09793869393851889,0.2340425531914894,0,2
-0.77395117791878298,-0.51466075425998281,-0.3689497014806688,0.54900773222832333,-0.83569860928431128,0.014083479462914827,-0.31557896658624535,-0.19165631339670089,0.9293426566038725,-10.304309277361032,21.758383247866281,-5.7163447959345843,,0.1049619388997773,0.2105263157894737,0,3
0.93657595091151424,0.10155552814044838,-0.33542802935698124,-0.054058338009344453,0.98750289438941963,0.14803962194016207,0.34627039184120373,-0.1205176679024003,0.93036138540757685,-7.8491655135405534,1.7886290514702168,-3.6038982426224981,0.4456470931139465,0.4018903855787032,0.8637444784233775,1,5
0.9416590576765298,0.089879488853210593,-0.3243453353745589,-0.040434686380894744,0.98691455931157712,0.1560919240579525,0.33413059607439155,-0.13387057220435164,0.93297128287244202,3.5781273190782854,15.226217562039,-0.96567950801881364,0.2474366122884865,0.2603686023417729,0.4565217391304348,1,5
0.90129117476955234,0.32962352443023696,-0.28110949899409232,-0.25727591145914158,0.92933629389174943,0.26484553656502569,0.34854457916511705,-0.1663802422096366,0.92240679276384041,4.594821399783596,-12.70410972029932,2.4608578800403444,,0.7469905244245627,0.3333333333333333,0,1
-0.15631882721296556,-0.89983140777569726,-0.40726878328589211,0.97825695357235853,-0.19795005961061971,0.061879776078140096,-0.13630024595022461,-0.38874054519764212,0.91120965286444844,-14.842762364770531,-14.586039765143461,-4.0783506893726083,,0.09094250293418654,0.35,1,3
-0.68551485277890567,-0.52546222725809244,-0.50394328484907902,0.66665525705994411,-0.73124955532634539,-0.14437747770813042,-0.29264339195316708,-0.43492934548037415,0.85158458745221421,0.20421070423768437,12.234665970511472,-1.8379134271429738,0.5906251456266614,0.5428393913507206,0.4166666666666667,1,3
-0.93928957520177236,0.064033341609709721,-0.33709764917538199,-0.07039092544568458,-0.99749726280801898,0.0066579505413066264,-0.3358276515300293,0.029982359026678167,0.94144614642316149,-21.494451123261491,-19.140805429087631,-5.7797816268441196,,0.277592715667122,0.2,0,1
-0.60548490978771607,-0.65926837734387489,-0.44581748580975999,0.74513851719160318,-0.66638011367826067,-0.026573187457416124,-0.27956504469775895,-0.3482854443247988,0.89472936414013882,22.60551150327472,-8.1486134627559199,9.1197582421637726,0.2768243573652112,0.22588275338668,0.5,1,5
-0.87801124290062338,0.39174313005061068,-0.27501559482737231,-0.40313623152269823,-0.91499467435430359,-0.016307198929906525,-0.2580260377825862,0.096550846508005272,0.96130146045078213,-24.755867087151007,6.4647431985934594,-9.2350974337472493,,0.204837426209782,0.2765957446808511,0,4
-0.60963133671679692,-0.65351605267448931,-0.4486272419165433,0.73949825835380734,-0.67269502140208126,-0.024974668617181346,-0.28546796525105211,-0.34698440466050734,0.89336994785912516,-10.898546677042546,-15.218728741692251,-2.6694324739995539,,0.1158352816228622,0.2,0,5
-0.48348026044427678,0.84772210406400739,-0.21820648945901652,-0.86575995386979043,-0.49989336208779134,-0.023797664085866435,-0.12925378151572101,0.17740873941792693,0.97561242260542658,-6.1980097700580652,14.599542417983786,-3.9035949233719087,,0.1782380743996998,0.3888888888888889,0,5
0.82266617876656378,0.49867767735213286,-0.27302185338229584,-0.46827202034798754,0.86667989189597938,0.1720095344519865,0.32239986549754623,-0.013657931536551581,0.94650503835600808,9.029409064137667,8.383646189095499,1.6612457432146917,,0.1110218507162986,0.25,0,3
-0.13896387130855217,-0.91262144859201944,-0.38446213602999352,0.9828077268129719,-0.17475278971140129,0.059585523449934522,-0.12156485753563856,-0.36957212294474784,0.92121573551174907,-7.6651230607959331,-19.74582880171695,-1.0925389988364709,0.2164252755739461,0.3008808559812036,0.4931506849315068,1,5
-0.93386166714350127,-0.036035974201732837,-0.3558142706571677,0.044367229011728342,-0.99889844000123695,-0.015279252367684383,-0.35487171714547916,-0.030055201320679681,0.93443177880666706,-16.65528658897102,13.20889696511145,-7.1169622508760808,,0.1907891863796816,0.1951219512195122,0,3
-0.89576234431542545,-0.20644294698836832,-0.39368913135276085,0.27121215433315315,-0.9554985615509346,-0.11604510423134905,-0.35221270540470789,-0.21072211206433106,0.91188946788448222,4.5371706173749669,-16.181937047027994,2.811133290613431,,0.1155276883331533,0.3571428571428572,0,3
0.86309960554149878,-0.31367133037778583,-0.39581481454480749,0.42244385923479083,0.87790149563740505,0.2254554274184235,0.27676751382509929,-0.36180002827064273,0.89022496192503853,8.0015347454543946,4.3246655729727754,1.7218859973974199,0.2525868952049328,0.1486738920819459,0.4428571428571428,1,5
-0.68734148588486288,-0.54099701284629365,-0.48464823725355372,0.65989318209724979,-0.74392091014537842,-0.1054640586647332,-0.30348421705774992,-0.39230589026913631,0.86832794407239089,-9.5652115496099359,-16.944202956296841,-2.1242689966853257,,0.08904972627611724,0.2352941176470588,0,4
-0.2882090446789895,-0.84218348014600153,-0.45570004644984896,0.94023626221522838,-0.33902529483350696,0.031900167375585431,-0.18135963658091328,-0.41927179160089456,0.88956160381786675,-12.311320183400801,-14.022860715869738,-3.3021267255687876,0.6578216304614101,0.3334355609990481,0.2727272727272727,1,6
-0.022297202999803065,-0.89420330627592237,-0.44710544817033393,0.99704640777149534,-0.052764923253951691,0.055806125326542097,-0.073493506436573763,-0.44454056048825763,0.8927387045448647,7.2809394373908249,-30.624661840969317,5.8155618595614689,0.2563868416352791,0.2498108362547774,0.7037037037037037,1,5
-0.83959188156512421,-0.37154177406184469,-0.39628548110788964,0.40862019726957527,-0.91264906439804527,-0.010060797023388785,-0.35793156719309877,-0.17037721496828617,0.91807221819764373,-9.1978234779660806,-11.719631423516839,-2.5528921594591676,0.8825026148047842,0.5472112665723147,0.5426356589147286,1,6
-0.34573873535806443,0.90776625436208158,-0.23753979522270058,-0.93681493969273499,-0.34832034430565983,0.032414603364583364,-0.053315060175366642,0.23373781291058338,0.97083682417503769,-0.16179238513469824,19.175070242006335,-2.4278370837488423,0.3922086853815251,0.2008089203577162,0.32,1,5
-0.13552282001942648,0.95515913816136588,-0.26325764194191653,-0.99043559648447377,-0.1236601819880785,0.061200397115699516,0.025901630651875111,0.26903379002926664,0.96278238732958832,-10.938130283151363,12.033086055188681,-5.2499457996613659,,0.1137070190985602,0.1162790697674419,0,5
0.1015929621361298,0.97938047019215435,-0.17462177599200185,-0.98633833353509826,0.1220425183231935,0.1106449977203542,0.12967483118790288,0.16099539846693439,0.97839916180915687,16.933359711032352,15.413489634359763,4.0949346346684568,0.483444563560134,0.3272787489775981,0.2857142857142857,1,6
0.61452100425226153,-0.69670477620918059,-0.37008970553111725,0.77163282876792316,0.62844028281896758,0.098211957001323374,0.16415453968869109,-0.34592667682289674,0.92379003099289925,16.619325618199895,2.0723545822471854,5.331427873082168,0.6251878567348685,0.6823017521369223,0.8295454545454546,1,5
0.36478213401644866,0.92461391518561942,-0.10964990901740446,-0.90780342384774471,0.37935762361844588,0.17883158852081052,0.20694670413591179,0.034305994340420962,0.97775056144171901,-1.3436633128359103,24.626344946011621,-3.1424051408091733,,0.4631183682983503,0.3076923076923077,0,2
0.49243954961502645,-0.73595348127469618,-0.46462432499236145,0.86390920855826492,0.47812872657660566,0.1582839227163248,0.10566063289221848,-0.47933849649479521,0.87124648431711138,10.817040229847031,-23.750100285809708,6.4416073512715739,0.4665499499998373,0.3652538993969271,0.5294117647058824,1,5
0.2770989794328706,0.91966990624713285,-0.27825064086296525,-0.94289246925226267,0.31598372849423573,0.10539485164964928,0.18485114829135385,0.23315562800470935,0.95470859748150183,2.4702918256833732,9.2184282781670071,-0.84988004413297569,0.3800994836642151,0.3527138240619413,0.7979274611398963,1,5
0.30275717532178842,0.91649730571197363,-0.26147807061752576,-0.93307815210080547,0.34092918876567324,0.11459690362189051,0.19417325990804402,0.20928444010549838,0.95838237059453968,-0.78075799838540505,-12.992996809046147,0.40672274086964161,0.5725087854123908,0.5613890231810071,0.8256578947368421,1,5
0.38640508253804862,-0.84428753287133562,-0.37130805812262796,0.91982041445264662,0.38242037690343028,0.087664476757688112,0.067981742732331193,-0.37541073128917246,0.92436208570451617,-9.1628355360685969,-7.1281602172784595,-3.1927378905572397,0.1682383778832936,0.09990139002457074,0.45,1,5
0.27068288840953753,-0.74411362291886707,-0.61075829106842883,0.96245058512184589,0.22268300855295189,0.15524544727759959,0.020485241538382611,-0.62984696068835921,0.77644907173023914,5.4448378091422223,-11.915352322138391,2.566475939763682,,0.3693057628087499,0.4285714285714285,0,1
-0.90703544062363406,0.32486440786380616,-0.26786157984300274,-0.27076103362833143,-0.93721551408909276,-0.21980796805219693,-0.32245181364229974,-0.12684713892720073,0.93804830964336539,-16.636882985331255,4.4695029450222163,-6.5009815773930493,,0.6632434770014585,0.2430939226519337,0,2
0.93806373020343325,0.14572238486819927,-0.31432693907004605,-0.074100959118118481,0.97063833490982143,0.22884551702243072,0.33844569126315521,-0.19137975167664181,0.92131878560766955,2.9121874444754776,11.202951464903045,-0.87534147224274184,,0.1765575366058811,0.2205882352941176,0,5
-0.30302509638687658,0.94193380683320871,-0.14469448677964183,-0.95264146961895058,-0.30346670804520604,0.019549615608805245,-0.025495515722780682,0.14376599268570248,0.98928323448096689,-25.328261002858056,22.124331258471745,-10.726677009126028,,0.2507506520564807,0.391304347826087,0,2
-0.21058912876143934,-0.81594582049590592,-0.53840935807502643,0.9609521328229903,-0.27391625915520357,0.039254062125673901,-0.17950826518699595,-0.50911914223066057,0.84176866284263185,-10.824644527734211,-3.8307501542072759,-3.9877828464068301,,0.2970382488458313,0.3630573248407643,0,2
-0.26232714969946708,0.91598624263214612,-0.303568229298121,-0.96492385472317777,-0.25235742018380047,0.072371866525192161,-0.010316061104752314,0.31190533144981647,0.95005717885633734,-3.6167877576495706,1.7950195507543878,-2.3575040358592356,0.5257672444205623,0.4746149781154764,0.9827538247566064,1,5
0.93835719080585089,0.010359368537075721,-0.34551188973241748,0.038796557495293316,0.99007885404306162,0.13505069382751483,0.34348305575307148,-0.14013046157167899,0.92864570431905902,9.00113062682078,-7.1704411675464481,3.4226343625435711,,0.08504909341766399,0.3846153846153846,0,5
0.85695167459032662,0.41024721773907369,-0.31197924250530429,-0.37176581508638212,0.91127104887010535,0.17713061345892514,0.35696499289144912,-0.035809158444821215,0.93343114262460758,-11.762078536232766,-15.950537364089987,-2.9305413330559351,,0.1537802869239111,0.32,0,2
0.23939994731234121,0.94851246604078743,-0.20739278432981223,-0.95865679452487818,0.26476412958216644,0.10429336507123753,0.15383372692011643,0.1738506757301263,0.97268243893371731,16.040755252576943,20.094913933888151,3.4324420209748863,,0.3977451353584179,0.1739130434782609,0,5
-0.80825201305285288,-0.47290953548933895,-0.35083508182516343,0.48502691292502581,-0.87252544830360512,0.058721680842878092,-0.33388257986069136,-0.12270253993235442,0.93459430212243333,-7.7825125355607137,-2.4414794921603837,-3.2305010048442493,,0.08553749768020331,0.4888268156424581,0,3
-0.33849845433336895,-0.772943911455375,-0.53663442505861148,0.9198858478515507,-0.39186707831410322,-0.015818339230232521,-0.1980626752731427,-0.49899689646092477,0.843666565644278,-19.377404192503008,11.1680414670983,-7.8540230596427847,,0.4534590366287236,0.3518518518518519,0,2
-0.93565310287649117,-0.049824746838041112,-0.34938627002233663,0.062460956687957751,-0.99773458761939371,-0.024986427467427619,-0.34734982361766237,-0.045201629068929258,0.93664556410752042,-13.331373273055799,20.144709631028427,-6.5232889186166974,,0.09519683035875696,0.4705882352941176,0,5
-0.46584811647876928,-0.76554933207080167,-0.4437564112653849,0.84501014636561289,-0.53369206955397819,0.033624803856047158,-0.26257072363907813,-0.35931461849073432,0.89551639852462184,-27.333262132485963,16.790413265385506,-10.891620936961735,,0.2395330908039697,0.3333333333333333,0,2
0.72033132849363846,0.62082691721698691,-0.30934885816735003,-0.62079719817611456,0.77596895881948669,0.11172740794132936,0.30940849362497586,0.11156215221774272,0.94436236173688581,-14.140569332451213,-26.560059547994683,-2.4514598354841608,0.526185250986124,0.4095756541107675,0.8611111111111112,1,5
-0.30718183419458728,0.93961214633229384,-0.15089179966343225,-0.9514783602451875,-0.30625956692831724,0.029899960702458941,-0.018117690967068518,0.1527550068891354,0.98809799976739232,-18.334120056413909,2.4767319932409579,-6.9522517758773477,,0.4173098516227325,0.25,0,5
-0.86116323306441867,0.40547907951477613,-0.30656908209062667,-0.42203977828242389,-0.90647804869586446,-0.013415393391990152,-0.28333780468790609,0.11783150388749697,0.95175386793343264,2.1270989030791521,7.4969964312969521,-0.85368506948627698,0.3959650499433527,0.2992527109106861,0.6666666666666666,1,5
-0.45174095919094109,0.85157354808097052,-0.26599360518259785,-0.88735135228673134,-0.45975578249806892,0.03510267873678273,-0.092399585411179111,0.25188710302112688,0.96333545764051809,-27.074466021517086,6.7965740282389779,-10.102823913086981,,0.138792503926651,0.3333333333333333,0,1
-0.93985374506994745,0.061885866257847096,-0.33592421382733045,-0.040738384304976595,-0.99673955473581233,-0.069646565380313441,-0.33913908934567577,-0.05177257558370154,0.93931053358046346,-5.6177931563272292,0.89657642638344981,-2.9283662748620092,,0.0862589718742631,0.1813186813186813,0,5
-0.46916480075898337,-0.76242084576701841,-0.44564430173478786,0.85131824545338386,-0.52464794717169616,0.0013328490898195484,-0.23482256000426055,-0.37875979917149116,0.89520912631888183,-9.9696149884267413,12.303686943882667,-4.9587663215781514,,0.1102470083458744,0.2083333333333333,0,5
-0.9380705260412282,0.13648886259731347,-0.31842499675689168,-0.093878195621888691,-0.98488030777303692,-0.14559417484112452,-0.33348249213341502,-0.10668444004530928,0.93670051654341824,-8.2857326587506801,21.73732140172439,-5.0909838527203446,,0.1411144029691324,0.3333333333333333,0,1
-0.31692729039549472,-0.8764962792328499,-0.36236910063295907,0.9293660996401627,-0.36324785399662657,0.065800071477744332,-0.18930331598310857,-0.31591971932409552,0.92970908648887773,-1.6153693285461257,8.7727132739143805,-2.1666011454728054,,0.07590450397932633,0.2835820895522388,0,5
0.93394237715967487,-0.028583237558581488,-0.35627887205952363,0.14177463592709874,0.94465216683488862,0.29585847343263444,0.32810301545867482,-0.3268260733552632,0.88630306838129869,-14.631033208899193,-11.00963273341673,-4.4328945532486026,,0.5684201191739856,0.1875,0,1
-0.41311504733262377,0.87085983133436051,-0.26634397277890798,-0.90821805616889717,-0.41547019365076288,0.05024420998071083,-0.066902317718836424,0.26265504441393345,0.96256761192539642,1.8267918742016283,-22.252779582284834,2.5666625300412091,0.2701428454012495,0.1877434049126167,0.4210526315789473,1,5
0.85869813518902016,-0.24387994184853015,-0.45073283282545284,0.43096094840835658,0.81957762652407673,0.37757803835516091,0.27732683528621926,-0.51847380653714714,0.80887251057568477,-0.88141296792440316,4.8570464113051699,-1.6671774121531302,,0.1903297540378898,0.3035714285714285,0,1
-0.8297749807276098,-0.34164620884103869,-0.4413064120801341,0.42858094190948187,-0.89656539774903532,-0.11175358513755335,-0.35747987018918559,-0.28186584671375237,0.89037058962314297,21.907358423769416,-4.6411694335513802,8.3491136156559254,,0.4284573408832909,0.4468085106382979,0,4
-0.29879084794570221,0.91383711716527261,-0.27500136813287218,-0.9539785044248279,-0.29370718811316776,0.060507030550377913,-0.025476308195191592,0.28042434085100304,0.95953798610530416,22.306169808217518,11.034272587807655,6.8425318536087465,0.4298835664255085,0.2743546641532361,0.6521739130434783,1,5
0.71626911425216244,-0.58835488024215732,-0.37522938432865161,0.66579921035773793,0.73721761624697379,0.11498520679696875,0.20897360468593798,-0.33218778001360316,0.91977242367566037,18.001145214507414,-7.0742565109312823,7.0893514212886997,0.2164033642419803,0.1770554130225359,0.3846153846153846,1,5
0.060673887928295769,0.97171534677186344,-0.22822787772684863,-0.99445448563951067,0.078524839866181875,0.069958026812125096,0.085900845834718839,0.222717611274967,0.9710910926956603,-1.5107761431127313,26.758902847218437,-3.3277821900599185,,0.5031342969191104,0.75,0,4
0.89424567797791998,0.308232516170733,-0.32452639860706378,-0.28534183750471248,0.95123273619812232,0.11720203647748287,0.34482561271930812,-0.012206455672873224,0.93858739563913873,12.812471788346915,-6.9067442216503085,4.8871189698170481,0.5668951735628558,0.5263706420653261,0.8934426229508197,1,7
0.20349502501894565,0.95855426510017205,-0.19940786256015169,-0.96715087047292614,0.22849420673776294,0.11139834482945317,0.15234489993432679,0.1701884788860579,0.97356402620395222,-6.9983207790420714,-2.3404698956163474,-2.9780117953845529,,0.07192257589298851,0.2710280373831775,0,2
0.37059042285185329,-0.81806586183466157,-0.43980789464401099,0.92687622863126851,0.35616684676488691,0.11851427789019482,0.059692506135706112,-0.45156773906720837,0.89023782313770983,-21.471752018569003,6.4378800763573905,-8.2153080400733192,,0.07017200272955598,0.2105263157894737,0,1
-0.9365970734246496,0.1181725726836003,-0.32988053158336583,-0.11004622508439606,-0.99298408002220639,-0.043271759464226511,-0.33267965131197808,-0.0042260960465465569,0.94303042883840638,3.5522723655389723,5.2493499410292568,-0.20873293236868304,0.1729944410388342,0.1093537340331621,0.3146067415730337,1,5
-0.83568559491122607,0.47647706741531659,-0.27312852411487398,-0.49686549767498656,-0.86780432673686492,0.0063504107712656476,-0.2339962898809666,0.14101508686688732,0.96195659028766245,23.766514950232736,-7.8215014838934263,9.5109300557109062,0.2127735710716959,0.1850342555993863,0.2941176470588235,1,5
0.11456296070702476,0.98229038891904108,-0.14825963668956021,-0.98786797517148317,0.12839809361783874,0.087354411370572163,0.10484365343040611,0.13645336709874345,0.98508288328585869,3.7815642433736971,0.67849810830706225,0.31134223356471102,,0.193989927037759,0.1826923076923077,0,2
-0.45264786959323061,0.86333201197247822,-0.22308685137466838,-0.88638301633366468,-0.46289814774141136,0.0071030396877470887,-0.097134208742054445,0.20095557200815334,0.97477269328337846,-2.5506834066737056,-3.8710653595732372,-1.5988555950051608,0.300412445087017,0.253491017253706,0.4988505747126437,1,5
0.16266405864501463,-0.89507048318155757,-0.41519782533421823,0.98556090521883966,0.12734380882780194,0.11159415960277153,-0.047011765860812751,-0.42735510350335237,0.90286073642632514,8.2028313906701769,-11.249888433649746,3.6309838778965049,,0.1148210244132203,0.3809523809523809,0,2
0.34496936107561366,-0.82812807417957157,-0.44181447766536319,0.93848713883970303,0.31205846719340535,0.1478560221478013,0.015428225806997509,-0.46564300253363322,0.88483815697556334,-9.3318304583026563,1.9281915861314414,-4.0609432262162306,,0.1773871786657855,0.2236503856041131,0,3
-0.68170095161606359,0.6631114635369364,-0.3091391264328352,-0.70688389548682073,-0.70592426757199445,0.044565533255214694,-0.18867689542477586,0.24890583636959249,0.94997205945965701,1.4892382664383892,18.16669308118508,-1.8241412275364366,0.3626476690167691,0.3467235905491041,0.5957446808510638,1,5
-0.66236190090888059,-0.58002197224027197,-0.4741847993587307,0.66362611519596748,-0.74796704349439647,-0.012069841596296989,-0.34767382911902156,-0.32267601950680613,0.88034260091225858,3.7229517615227357,-15.405666696303342,2.3929820751426076,0.314826251490735,0.4693156345475176,0.2291666666666667,1,3
-0.85114197504396261,-0.38991861096475749,-0.35145528185186897,0.39845863696703077,-0.91576644369304638,0.051015049075408353,-0.34174267065240549,-0.0966193429345516,0.93481369781698032,-14.092417204445558,-5.5649091287505996,-4.8548186900239774,0.406057655394735,0.3476944293760719,0.9142857142857143,1,1
-0.76363157881015364,0.56786507527815733,-0.30723943126370529,-0.6037650901422571,-0.79666424478447073,0.028174403409850654,-0.2287674097624581,0.20701530707008531,0.95121508339032013,-20.133775771846373,7.1101166115900503,-7.7756255167983239,,0.1873160939024135,0.5789473684210527,0,1
0.90811541399013129,-0.19788557493307773,-0.36900907049412429,0.28915907775282124,0.93376853166206564,0.21086336104408326,0.3028422404927526,-0.29819059091640504,0.90519000704948938,-3.7901663167241608,-9.5815230014853778,-1.0129942022373795,0.3888409822951298,0.166869466190611,0.2727272727272727,1,5
-0.93208172132654588,0.035817621450616344,-0.36047297091816,0.0025672713767213523,-0.99442163076822843,-0.10544680828709783,-0.36223897345070782,-0.099210474516948186,0.926790271776468,9.3869075940100437,6.9645046354277156,2.0681349500576616,0.1912459774894124,0.2189645425140082,0.2258064516129032,1,4
-0.94122424583978526,-0.021616468478358766,-0.33708996919791612,0.028310526657290211,-0.99948730013415021,-0.01495496409003364,-0.33659386970608185,-0.023619169356085681,0.94135365390230119,5.6327494516061547,-14.890919343412881,3.1309668407973894,0.3899921430443388,0.1843136190938872,0.1578947368421053,1,2
-0.60228632979883057,0.74520748213441002,-0.28621143497132823,-0.78381265319615889,-0.62000424862623094,0.035106358042663634,-0.15129078500375134,0.24548022375807643,0.95752313711817549,-14.626255346450353,13.423628797612192,-6.5157986010055993,,0.1154840340341424,0.25,0,7
-0.53552849212949294,-0.70794317341476376,-0.46046248200363366,0.80126938739060261,-0.59817898074465992,-0.012217848663692025,-0.26678943560081436,-0.37549749694334111,0.88759508045115088,6.0983121569462737,-11.480648633488409,2.8157176918954714,,0.1335111332627426,0.1666666666666667,0,3
-0.31730881991976889,-0.8229671381835747,-0.47121141992852961,0.92901717117933336,-0.36950895631269032,0.019754160540399992,-0.19037386494756364,-0.43149533099981957,0.8817990535662209,-19.255565696495257,3.6189229533431511,-7.3092009206463464,,0.1009692664993947,0.3157894736842105,0,4
-0.850819186174263,-0.38173957122224611,-0.36108394065759875,0.40023090463577987,-0.91606214373234018,0.025404168849508822,-0.34047310526999014,-0.1229025979528704,0.93218722154095457,0.72593945098548818,20.268901290756681,-2.2154050551177638,0.5291128769284756,0.476346819813611,0.4385964912280702,1,6
-0.16188577020566025,0.98139701577211746,-0.10321286178816462,-0.98668152228322814,-0.15929252004623928,0.032946420779355418,0.01589248217781097,0.10717178029174036,0.9941134937819357,-0.24340431171679419,4.3954763687647995,-1.462045306212874,,0.1743072055882764,0.3125,0,4
0.60299064820654624,-0.70876938911802256,-0.36612597726016927,0.78235611129093874,0.61511825181554047,0.097716177826974476,0.15595253541115892,-0.34536283722001437,0.9254206164583606,-11.577818290208191,3.4223840047506675,-4.8989828470069279,,0.08197334749286629,0.486013986013986,1,5
0.039368872209792259,-0.8764007070302684,-0.4799707205838446,0.99682911708527311,0.0012051150698793374,0.079562924962969989,-0.069150583742466631,-0.48158109225188062,0.87366918702307539,-5.7421626862790474,10.375379862299418,-3.5371823548842354,,0.09149166521116699,0.2978723404255319,0,5
0.14463893418693446,0.94393586306215016,-0.29675691254355435,-0.98023953840049827,0.17759302668812629,0.087127287505865458,0.13494452961734654,0.27829086096540362,0.95097012078691945,2.456971042313552,-8.3641569766021195,0.78847288672201665,0.1552709288360951,0.117944247181712,0.3404255319148936,1,5
-0.44599906072872514,0.84553362919064012,-0.29352635271266564,-0.89049114074350688,-0.45219292375708492,0.050468682976148087,-0.090057570955599284,0.28389160186896051,0.95461782525880612,5.1303299616833469,-8.1977119960404838,1.8872088734128631,,0.4118925549848563,0.2,0,1
0.92567597977668237,-0.10748677661946772,-0.36272658203726504,0.19747950296041467,0.95508348740646143,0.22094655008399666,0.32268533647345632,-0.27615597935853048,0.90532427819513595,-2.0811246660854801,15.759128382937874,-2.7256538031430888,,0.1562690741971462,0.2857142857142857,0,4
0.14881224099963511,-0.87750004976752538,-0.45590413420658699,0.98852521753914668,0.11991433602532092,0.091861016240787158,-0.025938604778404518,-0.46434277713085798,0.88527564865896569,1.7229676307009838,-6.7962055944005328,0.38053023451875118,0.8865112732284384,0.8853132726182724,0.5278884462151394,1,1
0.89270425747106263,0.32795194112684067,-0.30907383099217178,-0.28433392878472735,0.94200135698889886,0.17829094304791884,0.3496188290622832,-0.071280907276856806,0.93417648580067969,-14.868442133569001,22.25640378173442,-7.2595124196584004,,0.1643338282688244,0.391304347826087,0,4
0.4784977095266662,0.82140889136177597,-0.31036651747498623,-0.84562635791007401,0.52628164979024561,0.089127368982816341,0.23655021620255615,0.21980686587519049,0.94642957314775844,-11.757809663113761,4.9633932180744313,-5.0132541477045001,0.3402086908545673,0.2830219054001483,0.9284525790349417,1,5
0.61345721056409852,-0.67274172972384916,-0.4136288383261974,0.78377166508687901,0.58284762523038969,0.21445424400145699,0.096810267089068439,-0.45574906566164158,0.88482798403683194,-4.0547994831969927,7.7787598904884048,-2.8432621939170595,,0.2111791677401247,0.1052631578947368,0,4
0.4841411443032278,-0.78474547665222871,-0.38701665244098504,0.8689054331534436,0.4832595211587204,0.10706812525616245,0.10300825515067376,-0.38811695670674995,0.9158354258749235,9.7650322781652878,-10.4360965744187,4.0939994152448866,,0.08886364002444432,0.1923076923076923,0,5
-0.46959040827497189,0.87863496503993044,-0.08651847586165852,-0.87723600396411783,-0.47540751793004316,-0.066668472643827539,-0.099708784995156438,0.044590246746063746,0.99401703611654135,-21.0977982969113,9.2584847894310744,-8.2368489201439239,,0.546571869901995,0.391304347826087,0,1
