axis_00,axis_01,axis_02,axis_10,axis_11,axis_12,axis_20,axis_21,axis_22,location_x,location_y,location_z,dbh,dbh_approximation,score,reconstructed,number_clusters
0.37295539302111064,0.9091447765013102,-0.18536464111812831,-0.86385350890944101,0.41314092893389665,0.28822159527780644,0.33861687784473415,0.052634097313628593,0.93945104281099423,-5.7968859957764751,-19.538346799296804,1.2551075335494726,,0.1257841279789032,0.4736842105263158,0,3
-0.79293273210221316,-0.51849966138616821,-0.32002466077374347,0.51202491319397458,-0.85172886233665368,0.1113033392644313,-0.33028498396025135,-0.075604538257562096,0.94084843793527051,9.9555983491536058,10.971036003933349,-1.4219518897225556,,0.07324955737707262,0.3529411764705883,0,4
0.96192927550915597,0.12419975156213031,-0.24344710027095456,-0.044326742199392088,0.94988061960386194,0.30945427517966606,0.26967982654329137,-0.2868819098738869,0.91922334660445415,-18.54123872162107,-18.253176524258947,-1.7591397488835683,0.5161772729892973,0.1684782830654901,0.28125,1,5
0.81486125395071163,-0.51529665267301628,-0.26546279692992186,0.57298593395912223,0.78532645788020428,0.23441304152781736,0.087682702369762569,-0.3431205535920499,0.93518983602679262,-2.6613535241009365,12.535280211274081,-4.3906410670123925,0.1101215086517189,0.1137525796263316,0.4794520547945205,1,5
0.28731589243231587,-0.841980916577723,-0.45663739890065957,0.94729226097838082,0.17924170516325549,0.2655367835548148,-0.14172843838231544,-0.50886201199255088,0.84910099664563132,-18.864708970878286,-22.991308582266974,-1.0590841619933817,,0.2149293008518704,0.3333333333333333,0,1
-0.30101813642112119,0.92821922094415577,-0.21862561472842082,-0.94372909013493289,-0.25703087000336,0.20811183603631897,0.1369798743562245,0.26896878951867359,0.95335843431849532,-18.708755560704802,-19.706366274534481,-1.5530450764265489,,0.07077759296417754,0.3571428571428572,0,2
0.60028568986477981,0.79620089788765924,-0.075638751618804165,-0.73771351173917166,0.5877454598128008,0.33216569519879524,0.30892695761461947,-0.14359458441154802,0.9401833492392061,-0.60192330318394072,-26.311509393007839,3.5271783826489358,0.3737130712645896,0.4373544415023208,0.3461538461538461,1,5
0.51464383483318255,0.82562615010842089,-0.23126431528738464,-0.79425751196101035,0.5606667808109026,0.234110584102138,0.32295003942049744,0.063199850888164225,0.94430347393516068,8.7235274056914385,8.3185435757087642,-1.1873228620151635,,0.1042730032957851,0.2653061224489796,0,2
-0.61765191587860668,0.77945020829912071,-0.10470665496492328,-0.78628450475212741,-0.60927889904954347,0.10264453594652462,0.016210749464096327,0.14572781462518805,0.98919190031377591,-9.1166652149700607,12.388633694022031,-5.7513034931679732,,0.09879936280121945,0.3303571428571428,0,5
0.38252676886422837,0.91260321590214966,-0.14432131314309787,-0.87309634316698481,0.40814190321187804,0.26668888689074555,0.30228471124212031,0.023990772551981499,0.95291573404033347,1.836165163830781,-23.402853167058758,3.4408732804760969,0.2072519832416025,0.1846387511720917,0.25,1,6
-0.47425724692720289,0.88016898564283463,-0.019560686324715585,-0.87536875875401599,-0.46906919172171196,0.11706250285635021,0.093859469072028912,0.072640554031503365,0.9929318959402571,0.31377494101839398,-24.007395145227544,3.277035549382961,,0.2865262260250712,0.1764705882352941,0,2
-0.84919155536203117,0.51728242853387885,-0.10626660544078212,-0.51685250399227378,-0.85541056551767902,-0.033708359758987297,-0.10833831925376612,0.026299306660389779,0.99376614706401234,-18.977754398363466,20.430323820686212,-10.012599077085147,,0.4000444282571931,0.2307692307692308,0,1
-0.56633808848275757,-0.77125777799322282,-0.29055569073527898,0.76121726140215584,-0.62463206100141233,0.17430739890358143,-0.3159263371058203,-0.12245908808286476,0.94084766103169726,7.0069286321315065,14.178793011335856,-2.63101709904267,0.7888043682911632,0.2253728108094655,0.2380952380952381,1,4
0.96163954191006784,0.11801000725005288,-0.24763487158281408,-0.026552559920209242,0.93853980770986023,0.34414821066747048,0.27302811759355122,-0.32437118788939984,0.90567045853916517,-16.213941302170475,-23.208463225371805,-0.45562989450588942,,0.3441635110286305,0.4444444444444444,0,3
-0.93747745883275746,-0.20533659847649302,-0.28102116558468981,0.18599894417115753,-0.97802963509526919,0.094140456991816335,-0.29417750924856367,0.035984916305542188,0.95507312748856743,10.863202792921888,12.739456227138632,-1.6499872874188244,,0.09449629922170288,0.3214285714285715,0,4
-0.77242172023400457,0.60921831703539964,-0.17949297562661515,-0.63291425561132386,-0.76185088834294812,0.13785053128307076,-0.052765814261747791,0.22008240756502151,0.97405313136690796,-21.246546497127323,-25.36420659612893,-1.1303665377009646,,0.3085928801073626,0.75,0,5
-0.76128871991780611,0.63120997607562646,-0.14836930622104649,-0.64612316226703415,-0.75768718100030397,0.091842228467410525,-0.05444579054394915,0.16578329786326212,0.9846580899183357,10.113260236362965,8.4065700806780637,-0.89882513732866032,,0.08680818935991717,0.1785714285714286,0,5
-0.82080889233846788,-0.42111155409092776,-0.38592463159174073,0.46652183641181216,-0.88408081487009715,-0.027540677725413645,-0.32959086517840186,-0.20264790102477856,0.92211912993994671,13.25937823821948,13.684407176013167,-1.3612029362893949,,0.3327699204182288,0.5,0,4
-0.12517411611687743,-0.90111180218220943,-0.41512523486568365,0.95933335990505808,-0.21663142682639247,0.18097052103708247,-0.25300384429417316,-0.37559066133104518,0.89158326021369316,-13.554214836859122,14.312456116013411,-7.246320694038503,,0.1371808285770747,0.1944444444444444,0,5
0.84292400248651878,-0.44541675883732434,-0.30179966364951483,0.52782788098275124,0.79332014912187032,0.30338238092300607,0.10429215737228756,-0.41502656775694036,0.90381197932231916,-22.541696132777041,-19.002568994604484,-2.5476654178599851,0.2776083280867061,0.160529053277378,0.8214285714285714,1,4
-0.31610637538119302,0.92521631438651708,-0.20988456597947827,-0.93962263346132902,-0.27474706832967677,0.20401802648649622,0.13109563734373855,0.26170368747359601,0.95620348976154734,-0.2127894036730216,21.391608563771914,-5.648501647620134,0.7830258177141813,0.7027160573769236,0.8776978417266187,1,5
-0.32078291851187563,0.94123135931635393,-0.10574425483443975,-0.93785786677357796,-0.30004659100258824,0.17434065778996644,0.13236669113457486,0.15509858628373485,0.97899105594018077,16.499740646469753,9.7469120020626896,0.0203123827756721,,0.2898095821041968,0.3181818181818182,0,6
0.91715676154943382,0.34997486746431256,-0.1906333309982636,-0.26406909733345663,0.89194516883727348,0.36701679474016285,0.29848113269962306,-0.28627156325975939,0.91047108987115322,-10.285053362504962,-21.281012205305661,0.60998037119725346,,0.4600671539893062,0.4459459459459459,0,6
-0.59912950232767681,-0.71573952374760486,-0.35883251467243205,0.72871422039558731,-0.67313571794568328,0.12595193614629352,-0.3316917611787194,-0.18602483536157335,0.92486503674582621,9.2554992470348125,9.8628399432050013,-1.3967671409554139,0.6796524480265754,0.5836376068348809,0.4,1,4
-0.70480951653772328,-0.60955028569006053,-0.36289391647287778,0.63312721727164689,-0.77124579361024947,0.065801615393203686,-0.3199898000682514,-0.18338041076859762,0.92950425109227941,3.3925760064503221,11.536404936919142,-2.8664037246207692,,0.2591814959496964,0.1612903225806452,0,4
-0.95428442990004114,-0.13242553155519771,-0.26796400027368811,0.099965052396493129,-0.98627512886463253,0.13140912632849833,-0.28168815230626959,0.098614647874320296,0.95442492427372427,13.765571026422929,7.2932490753274859,-0.029916707949508754,0.2390541122670764,0.08011678509410702,0.3529411764705883,1,4
-0.10117419834167278,-0.87525607383480619,-0.47295939234272438,0.96394925408233945,-0.20384319914684365,0.1710256872977883,-0.24610082719084969,-0.43860546665181843,0.86432611176518293,20.185948054236697,3.7851477512670599,1.8915733681296172,0.6853771345177816,0.6315020379093881,0.3061224489795918,1,4
-0.87641265626726494,-0.37435163530875082,-0.30292195212004852,0.35301303320007615,-0.92728404775832385,0.12460374458185507,-0.32754030946654306,0.0022689016290448317,0.94483448167388517,-8.3950877121819758,11.077775881532629,-5.2929905142228604,,0.0730290526440471,0.3058823529411765,0,5
0.15357794683181605,-0.92820543500642594,-0.33889302836065427,0.96862372821847464,0.073594626281738851,0.23738556003808201,-0.1954018612477029,-0.36471701551611563,0.91038432061077978,-19.26435087371333,-25.626322193470113,-0.59427296909444971,0.2595901864479058,0.2814080826784983,0.4705882352941176,1,5
0.26749922769734691,-0.89900619847614571,-0.34674488933911124,0.95354497869221411,0.19524087630970463,0.22941877392376739,-0.13855012375378475,-0.39200619296037675,0.90946962999790359,15.050001548604959,15.213098395401259,-1.344473312563274,0.198366638305391,0.2954146439768543,0.4615384615384616,1,6
0.59476350005603995,0.78579520303175132,-0.16965340519240282,-0.7358572845296224,0.6171325000369271,0.27867819111452258,0.32368261585352276,-0.040906922280474184,0.94528101001964504,-6.209811956323354,-25.660058385045669,2.1939263222127017,,0.3362483489176028,0.8620689655172413,0,4
-0.80050052273789585,0.57412815631238734,-0.17197608329559602,-0.59668793798958497,-0.79037790221188764,0.13880301276583359,-0.056235378135937271,0.21372793880181895,0.97527326961289873,-31.283418565344721,-20.668038416616536,-4.2236608621004024,,0.3746199607171439,0.8125,0,2
-0.32001353944932931,0.94315191427192335,-0.089754115082924718,-0.93700167776398446,-0.30106731772755962,0.17716186402217182,0.14006852050546667,0.14079395158009822,0.98008054401761846,-2.1339500637019366,-26.813766200657465,3.2908895173441888,,0.1520874797363468,0.1666666666666667,0,3
-0.69440712548690753,-0.65574789889144414,-0.2962995733585656,0.63699381834686986,-0.7517137224446524,0.17077867219380879,-0.33472021071469027,-0.070151069755647472,0.93970272317965176,7.187399073016663,7.1571269154980461,-1.2373443679780451,,0.1771065741532898,0.6410256410256411,0,5
-0.026574837048076214,0.99850261990888434,-0.047815228442008008,-0.97214031106121523,-0.014670536296193517,0.23394014399966734,0.23288837164116036,0.05270003225687131,0.97107451462514105,-2.3616478752741927,16.299452126434009,-5.121222421160458,0.7677592655085878,0.3960973002669184,0.9139784946236559,1,4
-0.61355176191483951,-0.72380949032103992,-0.31568030849641648,0.71707476349250721,-0.6781164198872901,0.16112698297122455,-0.33069324004787409,-0.12750663826029243,0.93508504329082198,-4.8251497690395651,12.943217708554618,-4.9331448594499463,,0.0759578787816044,0.2131147540983606,0,5
0.90945118784976486,0.34719160761137352,-0.22881548138813257,-0.27854719330157818,0.91726040468896508,0.28468370359690548,0.30872317376974789,-0.19517002227306213,0.93091281244994584,8.4769244008781506,11.459681162217629,-1.8465708115491022,,0.07029999230953979,0.2333333333333333,0,4
0.95458500407076841,0.2070978513063183,-0.21419138635229376,-0.11350475613491286,0.91748141105219494,0.38124077786672728,0.27547076131227682,-0.33961498841773669,0.89932058761270217,-2.0627546367243745,-23.193144344682544,2.5892179243544797,,0.2969386557935709,0.5172413793103449,0,4
-0.35998780607098751,0.92587494469201637,-0.11473607223429486,-0.92844761349366067,-0.34345144962377588,0.14151371223048914,0.091617730151559232,0.15746964324238194,0.98326471663484083,-17.341957841982278,-19.568588027968719,-1.3052587866026863,,0.2869035298627231,0.2954545454545455,0,4
-0.30239662679288465,0.92705531820555209,-0.22164096437952793,-0.94321470170430188,-0.25749296140465655,0.2098651979627025,0.13748565959091566,0.27251754404783241,0.95227720837631558,-13.769355796749304,17.275204463032566,-8.0123980686690821,,0.0768487351765712,0.2962962962962963,0,2
-0.51107152922859178,0.83943830617431736,-0.18479508147984419,-0.85720597372812024,-0.48193915818495586,0.18147332149052078,0.063275671602713676,0.25115329568844941,0.96587691319756508,5.0876661899782869,22.817620273373485,-4.7491584766171009,,0.160807670310169,0.5,0,4
0.89317599180642626,0.42123064386092091,-0.15748457808027275,-0.34506821532647619,0.86651905873817681,0.3606558575912851,0.2883826874692863,-0.26778623100529042,0.91930732622555222,-20.174767444367131,-17.265904983014927,-2.3286906848833477,,0.2333190778345847,0.3043478260869565,0,3
-0.92202622554188218,-0.2930758875839391,-0.25293114385119903,0.26153012146492299,-0.95327766656487112,0.15120742705031581,-0.2854288615041099,0.073268100463436264,0.95559518127444909,-31.575810323612131,-25.107991775904836,-3.3364052740979644,0.5372957304140271,0.4698354568798004,0.1333333333333333,1,3
0.59371509133071532,-0.73828081280428759,-0.32006847981517955,0.80305412014849831,0.51839318537008394,0.29389213237917389,-0.051053603581730438,-0.43152050566212657,0.90065730594628579,-27.398094301811188,-19.770770594317167,-3.4530869276926013,,0.1883072452943817,0.3043478260869565,0,2
0.4992204408976707,0.85424288307570317,-0.14507945445322373,-0.80528580349752321,0.51922059691146272,0.28622499266879547,0.31983390388650607,-0.026058941985702123,0.94711520179295117,-28.527202933382448,-22.829138762016338,-3.1846265738699122,,0.2766061777587212,0.3548387096774194,0,1
-0.6995891937870039,-0.61206768071786632,-0.36871142395795448,0.64316331839038321,-0.76420639664066436,0.048265196680036301,-0.311313195694498,-0.20337585292788368,0.92829001752272233,22.692150385730447,1.8932475695866071,2.6652518254891828,,0.1507631303714756,0.1515151515151515,0,4
-0.96314672951964608,0.049135743936218751,-0.26445047945398642,-0.093022733551235678,-0.98335358290498698,0.15608491929260973,-0.25237897784535213,0.17493258603175973,0.95168452855238539,-0.23852001843494572,17.177746982758055,-4.827797732561379,,0.08727704484047469,0.2857142857142857,0,5
0.96023746863305748,-0.10614346940736122,-0.25821999871300771,0.17867297375500132,0.94433069747658094,0.27625260587538047,0.21452266146661916,-0.31140503802212688,0.92574668782108849,-15.520544515052185,-19.47493789518413,-0.92695888770450419,0.1869334780746862,0.157948658506225,0.5,1,5
-0.59171985164198337,0.80183758267111926,-0.083211226339516983,-0.80565588997162185,-0.58461275325419904,0.095637417816354195,0.028039331782769912,0.12363017329390884,0.99193214290318021,-6.0347875531674511,22.438354949998022,-7.2392973037237924,,0.3778660497152306,0.3703703703703703,0,2
0.8840042604667957,0.40575199107489474,-0.23216758864086237,-0.34702794315142416,0.90234024903981302,0.25564366144080464,0.31322208438845123,-0.14542144512253796,0.93847990343417986,-0.099428817471776551,-23.013572460213695,3.0373827978770191,,0.1106588267179914,0.3333333333333333,0,4
0.3116132222034243,0.94329012320293448,-0.11445935180574889,-0.90401150091194815,0.33140692840483471,0.27006046364508784,0.29267799023316798,0.019318159153127134,0.95601590089287147,-21.13135599570348,-19.778909865806767,-2.1087146344081136,,0.3050197368863806,0.4390243902439024,1,4
0.94419239292026569,-0.19454075896884318,-0.26580936449141379,0.26819631136507394,0.92253616854549714,0.27748469560601458,0.19123666939598985,-0.33328802982588607,0.92322674650007219,-3.383024315823306,23.760045472031472,-6.9174123349439114,,0.2958655641314351,0.5238095238095238,0,1
0.936707140671862,-0.22069666712184044,-0.27179535267486704,0.3030805457854347,0.89977897703046406,0.31391077595459177,0.17527668236461696,-0.37641834920115469,0.90971825913517312,-13.076299337296723,-23.113038515921769,0.34393051586492968,0.241333359757992,0.2350915506075956,0.7368421052631579,1,5
-0.64864465727303289,0.72532385481597972,-0.23057626553060309,-0.76109044045564589,-0.618640112474099,0.19500192995215995,-0.0012041753122536854,0.30197635151270308,0.95331465586599262,5.8643249468039906,15.004150617577102,-3.056844299062119,0.2511162421090033,0.2270307265867448,0.7021276595744681,1,5
0.94003869242907434,-0.21752746826562797,-0.26269575041515397,0.30931454761186972,0.8682507448129072,0.38789838201195764,0.14370722797374857,-0.44589510502109853,0.88347370529423419,-2.9809544612740555,20.78737192898685,-6.1955861318022523,,0.5217824997415067,0.68,0,2
-0.49755793766291223,-0.79511103262045446,-0.34674853204283895,0.8124548586687248,-0.56721639511149324,0.13484310787839437,-0.30389669510248268,-0.21462527093042102,0.92821484139386179,-8.1510504593484008,16.377622911228901,-6.4540380020532551,,0.3810987367367267,0.3116883116883117,0,2
0.82012901051965081,-0.43627479514463319,-0.37020630630172574,0.55297612076175107,0.77055895223898818,0.31694843585611565,0.14698916957158489,-0.46465385422469196,0.87320729485202708,-5.9114492638832203,20.478918475019338,-6.819551240491931,,0.5800838264009015,0.6956521739130435,0,3
-0.90837344565542777,0.33596401972049467,-0.24896959790571613,-0.38769713881968909,-0.89973895338658716,0.20040145785357205,-0.15667996610643495,0.27856416354595465,0.94755126247017929,7.3670884044244911,8.6832063120650869,-1.4847963704440978,0.3413476104483883,0.2686965630246441,0.87,1,5
0.74532813283491195,0.65188209557545884,-0.13977019665498361,-0.57524648071367457,0.73477471431123564,0.35944068444650801,0.33701255292845761,-0.18749894046898094,0.92264114719193713,-13.632253681198234,-18.269912411132541,-0.81043332672684965,,0.1150516754510209,0.3529411764705883,0,5
-0.49816276976625956,0.86277469607919688,-0.086334689576424775,-0.86409299827101183,-0.48571517592989699,0.1320002204937602,0.071952381182424682,0.14035879622181846,0.98748279132617844,21.046331262786257,6.5127170736724436,1.4122819214573434,,0.4078350418935958,0.5652173913043478,0,5
0.93966698426208339,-0.20273676951593414,-0.27554266634052255,0.28736764745937149,0.9047953566792537,0.31426930764127886,0.18559578088272344,-0.37449054035837198,0.90846631269443723,-17.651594662002825,20.171009659248163,-9.6557537350236622,,0.1286050023141959,0.4285714285714285,0,1
-0.80973880296971434,-0.49427462234455721,-0.31625253939109932,0.48179188017261765,-0.86767874668356837,0.12251602651639115,-0.33496216975191001,-0.053161924906614227,0.94073064932281003,22.402440624729078,5.2224001765774233,1.9922108257175808,0.4788930256863053,0.243188128483623,0.5161290322580645,1,5
-0.87944203601128335,-0.40016678124490629,-0.25777558550882856,0.3544886788296866,-0.91200034814177156,0.20638105913787233,-0.31767826787161774,0.090121652100801974,0.94390603660783445,-11.968980410830044,20.887650184552754,-8.3304678274197919,,0.09903796885037056,0.3888888888888889,0,1
-0.66104200761428833,-0.68932851479639368,-0.29639443796716219,0.67279946863873008,-0.71940793268997705,0.17260678254975018,-0.33221128693756702,-0.085313686307251987,0.9393387225915657,0.41643358850398549,12.181968456653365,-3.6712283862050801,,0.07909119183483333,0.3015873015873016,0,5
-0.20961287102081202,0.97776039963417183,-0.0068589510596109501,-0.96353607839165278,-0.20536011664987702,0.17153847418927445,0.16631497208624338,0.042565518871200955,0.98515354471431449,-27.780300914260895,-18.685217752498751,-3.8203139670630724,,0.4530205012782078,0.2,0,1
-0.63565125177061244,-0.71265274505571141,-0.29677188392267212,0.69550192690267021,-0.6954971701054119,0.18044599205866482,-0.33499933700997891,-0.091704696389673795,0.93774500417914874,12.768373078048594,8.4673413023928958,-0.40650878954768138,0.2032830081431172,0.1498151385569978,0.5454545454545454,1,5
0.64212971266466945,0.74872679265392372,-0.16455279418884922,-0.69108056452760591,0.65828271206134437,0.29844852878405553,0.33177866936467593,-0.077923430130674071,0.94013342329228766,-29.636224925426195,-18.30456821209167,-4.3102417283767345,,0.1557211814608482,0.2272727272727273,0,1
-0.8947976432001159,0.38215667029839895,-0.23085375688941759,-0.41875067978150571,-0.89770294158577169,0.13703027713165716,-0.15487106219705588,0.21928453665202366,0.9632908418952516,13.753503864852823,24.923080674409775,-3.3580840420522389,,0.1707805974390594,0.1538461538461539,1,3
-0.89242819901337578,-0.36098798566807005,-0.27066507681829333,0.32098603462423775,-0.92954906101056001,0.18140151253667755,-0.31708023461255191,0.075008115412240714,0.94542789647881353,15.408363530523392,7.851569720273039,0.14299024227219279,0.4727017484920987,0.4522396973205486,0.9586206896551724,1,5
0.65577278631792668,0.74714630682887972,-0.10832566139557222,-0.6816093005732059,0.64762825503137411,0.34056776808312711,0.32460870921299673,-0.14949929590798394,0.9339588569236279,-10.905217225636877,-22.912268870255751,0.79345508620614735,,0.3710389998864738,0.7777777777777778,0,5
-0.95159290500625426,0.23783085436869245,-0.19469829956118345,-0.261724972264821,-0.95912820312818781,0.10757847766664547,-0.16115514895508984,0.1533283231316121,0.97494586685154561,-17.169474140158606,15.75204465727613,-8.4893649112356755,,0.6270591225007313,0.7043478260869566,1,5
0.27742819506816296,-0.91251674031945262,-0.30057743630881895,0.94848179181148462,0.21030710105701297,0.23696669353955821,-0.15302250547973961,-0.35083346744824101,0.9238506323724347,9.486166530281066,-26.417456201403905,5.4298871989850657,0.4585896148684028,0.1172638049181769,0.1666666666666667,1,5
-0.90620339273395456,0.38134652359567073,-0.182675230775731,-0.39654429868461155,-0.91642252295841464,0.054059028804295209,-0.14679247316602981,0.12142729658536669,0.98168598923778594,-15.292428333260137,19.499417048006176,-8.8831281805589537,,0.3013167471266935,0.5578947368421052,1,4
-0.34192264441373954,0.9318303752292304,-0.12157737058049677,-0.93232562250768569,-0.32017150361401991,0.16810455642008623,0.11771932234247567,0.17082845217846379,0.97824322183879142,-5.8667720412034754,-24.015243915891233,1.9850495551113545,,0.2601534332404145,0.3541666666666667,0,5
-0.94336915277753208,-0.22526615202381142,-0.24353603909932225,0.20829331052958924,-0.97356956637427627,0.093681354700004521,-0.25820251427208368,0.037649172397133376,0.96535692955579167,-15.399264175934107,-17.562951561420082,-1.2328205998637844,,0.1603989172882715,0.25,0,5
0.93243462724275528,-0.24290137873979259,-0.26751558108822615,0.31484345397274294,0.90944504024084216,0.27163084926393299,0.17731121061336408,-0.33750353922239101,0.92447395615192041,-28.741883893210314,-20.69869401290795,-3.6428151419519512,,0.08911882093250272,0.3571428571428572,0,1
-0.75455571961901013,-0.55666313952395408,-0.3475223950849391,0.57033872869035018,-0.81822250707557276,0.072288750652085065,-0.32459112826156039,-0.14365959073552662,0.93488101993975092,6.4828303543722496,17.107793255737278,-3.3264371032079345,,0.2105359765661977,0.25,0,4
-0.49810107578260571,0.86324746673092956,-0.08184821004056593,-0.86512537892554597,-0.48834010190508842,0.11437667424024635,0.058765611059042377,0.12778010820922547,0.99006002186882447,-7.5440557332104703,-19.138417821323838,0.71943351849805537,0.9543873536977083,0.5530888726912939,0.2954545454545455,1,4
0.94448546024226476,-0.17778733127552443,-0.2762949153149295,0.26688976239682555,0.90561182149845898,0.32960140092240064,0.19161698807444799,-0.38504401514654152,0.90278681663009841,-9.760204715054936,17.241147667018552,-7.0324662867679262,0.9066103484165393,0.8279068848634736,0.4861111111111111,1,1
-0.31299617754069897,0.93102652166241917,-0.18767793905008298,-0.94031509549163783,-0.27598421580241445,0.19909855302959151,0.13356988446301088,0.23879348523169894,0.96184029722996911,10.238224236209897,16.077015090378538,-2.4163578783790318,0.5160366504747578,0.4466325179397111,0.8918918918918919,1,5
-0.5901038214290909,-0.74138855476086174,-0.31956296844970195,0.73860536955707157,-0.65558683689075081,0.1570605213191483,-0.32594414858414961,-0.14334891058247229,0.9344578652023714,12.858603666067083,9.8753297140241401,-0.69543309005552667,,0.09424645264102072,0.1904761904761905,0,5
0.67826990681056454,0.71516661032022688,-0.16877989512458305,-0.65435987547802466,0.69235872719923541,0.30406010299846842,0.33430986656031036,-0.0957920265686657,0.93758242345209108,1.6666604403472185,-25.270058487274081,3.7628677934390309,,0.4998558827134982,0.2631578947368421,0,4
-0.097547835175357034,-0.90850544813535361,-0.40632778708941542,0.96365488680110489,-0.18824837415027765,0.18955687477410657,-0.24870399875544943,-0.37306889489497386,0.89384893615470185,-16.045082240773176,18.943755968949858,-8.9854643273393684,,0.2144836411347004,0.1363636363636364,0,1
-0.72710169268364966,0.67925213138752483,-0.099697896176777503,-0.68579181244096177,-0.71188918160809034,0.15133863716283366,0.031823238136803586,0.17841058016515615,0.98344137923905794,-4.2031109751956617,17.150998309629202,-5.69418897093498,,0.211245014213282,0.1290322580645161,0,2
-0.71718309298696126,-0.54842512947240274,-0.4299747533249304,0.61184650649617078,-0.79088887925013585,-0.011774258655892749,-0.33360495143520813,-0.27152284994387305,0.90276413217200346,-19.52755434804169,-18.698016754316225,-1.934360266318653,,0.3603460728585008,0.3571428571428572,0,1
0.77775771954862682,0.61721605249630096,-0.1189002700728763,-0.54033067892564546,0.75315778633334185,0.37522807237360517,0.32114745381875687,-0.22759106622700262,0.9192750510480453,12.91217845348929,12.185835091372082,-1.1478219791202022,,0.2216827585743883,0.2,0,2
0.09866760574672373,-0.91038753211256684,-0.40181991606962381,0.98252270060811897,0.025076230750938035,0.18444599600168787,-0.15784120617233652,-0.4129960339099108,0.89695062830054706,-16.353342882222137,-20.739441434362217,-0.92849508701945327,0.3805072856373998,0.5323549728336033,0.5,1,5
-0.95906411779923684,0.20458683912264694,-0.19580664750660795,-0.21678559590075971,-0.97528027649059001,0.042806397867519372,-0.18220873568499774,0.083502140968025426,0.97970779781209893,8.5765919499398802,15.411744438136697,-2.5175116314537505,,0.3268219635598684,0.1851851851851852,0,4
-0.83642840416070185,-0.4700656037889358,-0.2818259265002494,0.44213174962223617,-0.8825842393928669,0.15988926277675414,-0.32389356382793549,0.0091317309343285531,0.94604945473319813,-8.9703778922778223,16.458264988631409,-6.7008103087395181,,0.08249668128476895,0.2916666666666667,0,4
0.89601249284460027,0.40189570845447875,-0.18878943877313892,-0.3240885981017913,0.88256539273844947,0.34065364833044309,0.30352626450905323,-0.24404542008875771,0.92103943438209057,4.669642991246576,-27.731143033833039,4.5789585516523106,,0.209665147098996,0.1,0,5
-0.69357537660722757,-0.66167107034464789,-0.28485889776011747,0.63714488685676307,-0.74795614705360458,0.18603224246621375,-0.33615411661382905,-0.05246900755392097,0.94034430562952942,-14.809976628822305,14.534576478280135,-7.6584880204620385,0.2241289611159222,0.1480714673097482,0.5303030303030303,1,5
0.96663191604072052,0.05902185103582646,-0.2492772753215797,0.02591827807622912,0.94556882712670443,0.32438840304146566,0.25485482485722966,-0.32002502131323085,0.91248726236614264,-4.2513832358860082,-21.005899894529936,1.8333897921234275,,0.1353683781919097,0.5483870967741935,0,5
-0.96668154382011307,0.0059917246505347991,-0.25591188341551241,0.0087879416899947684,-0.99835993577680637,-0.05657040495333239,-0.25583112578108208,-0.056934505104048697,0.96504346907802108,3.3300773236056189,-28.027862752449607,4.4645697924815151,,0.4621850014486444,0.2857142857142857,0,3
-0.64209567295624104,-0.69067944826082062,-0.33267859342163963,0.69320470728608496,-0.70840291374446929,0.13278759578650259,-0.32738414831400353,-0.14535202629641847,0.93364469038507381,17.180949534245084,3.6914184592889066,1.1964821370424104,0.5090389908236082,0.5501018146492245,0.7027027027027027,1,5
-0.93014757573699924,-0.2612989936407073,-0.25796961695699172,0.23104680426774721,-0.96254071008469877,0.1418899420935302,-0.28538195736283817,0.072375530063672547,0.95567720547251633,-13.236090221465748,-24.417129145083059,0.50470081916687382,,0.2713871617451031,0.25,0,5
-0.027913014329547962,0.99366474951751749,-0.10886335102929012,-0.97477214706156567,-0.0029309431648134347,0.22318304345345896,0.22145005067514067,0.11234667390916667,0.9686785328051426,9.3421301028412209,18.920844855610341,-3.1188974528012876,,0.3740717826500536,0.375,0,5
-0.60520208896077676,-0.71927880850698989,-0.34112816821581299,0.7304004152949698,-0.67214150107186832,0.12141266768253554,-0.31661595799082282,-0.17568095562587119,0.93214298097230397,-2.9526044834267733,10.836637220338277,-4.0870175383566663,0.4307290784891718,0.2297844290477043,0.2892561983471074,1,5
-0.93146370838630022,-0.25254560584846764,-0.26190852778379242,0.22040839651466981,-0.96440961887658483,0.14606240366416851,-0.28947452168554522,0.078324989530499503,0.95397573203408792,-11.672335328786637,18.152076525098099,-7.6777526512778751,,0.2800722425723726,0.7735849056603774,0,4
-0.96504236078014149,0.12132117708256969,-0.23232394170896584,-0.128822183004524,-0.99151621294735603,0.017333338642114379,-0.22825005381344399,0.046655883378552414,0.97248400577095728,-12.068000437735378,-24.71971226086389,0.78995133748923074,,0.4671615513293259,0.32,0,3
0.96264178062802153,-0.010612895653204607,-0.27057008082041611,0.15435750145930255,0.84248556877916714,0.51613159963529132,0.22247373762436257,-0.53861436375638694,0.81264998813926603,-21.841489170670908,-20.821476784011768,-2.0368279608845046,,0.3978648725168778,0.3703703703703703,0,1
-0.70771857303085528,-0.60652485110748144,-0.36230101625059868,0.62291316639769623,-0.77765254968691433,0.085062912563798665,-0.33333707941896518,-0.1654814701242637,0.92817146828048236,-13.94054829459051,16.46169374362886,-7.8275968305056374,0.9588550539326799,0.7015374928206854,0.7428571428571429,1,2
0.72470533675656235,-0.58174764405846269,-0.36928559883779094,0.68898017247541543,0.61987409814278538,0.37558277967368942,0.010416180312596654,-0.5266173004033351,0.85003865918180388,-0.26826923414988596,13.733894241873584,-4.0990097548378088,,0.2206148575641878,0.2424242424242424,0,5
-0.51066310713715835,-0.81501807945234284,-0.27380416573682459,0.79807700464810194,-0.56780190039255052,0.2016782005138946,-0.31983790529100459,-0.11552719193516099,0.94040267027621727,2.4088730891010193,12.637889716279824,-3.3771469408852619,0.5580502700400909,0.5218939044112358,0.9901234567901235,1,5
0.69951885876005415,-0.64494763260593357,-0.30775951233882853,0.71452074031446555,0.62427883001521611,0.31581015508577565,-0.011553263586546431,-0.44081571386559598,0.89752327463395931,-25.194658364605552,-21.34653918745407,-2.6931538791959615,,0.2097517989748555,0.2307692307692308,0,4
0.54567695189755083,0.83339195398489485,-0.087718385763975448,-0.77011420335685099,0.53999029387064146,0.33960947618336806,0.33039488185479099,-0.11776388902689131,0.9364672383406808,10.090341854631154,12.093282681258243,-1.668579024393547,,0.1886427937765975,0.2631578947368421,0,4
-0.92956384904834266,0.33167255170110543,-0.16094834261497751,-0.32489787453079166,-0.94333655414922812,-0.06750938254224198,-0.17421946408999364,-0.01046250705798372,0.9846512653108499,-7.0942338574260644,20.697222807652615,-7.1319159236336516,,0.4889770496708338,0.1923076923076923,0,1
-0.96625111630740246,0.052037955691964038,-0.25229116393980378,-0.082863447210010044,-0.99011813903376877,0.11313584698397515,-0.24391069954221695,0.13022335398732732,0.96101480151198448,-16.382000672499778,14.682381516089315,-8.0486271551738096,0.177434647762134,0.09532751562173307,0.2068965517241379,1,3
-0.52553838152910448,0.82588389863366651,-0.20426746074063079,-0.84898065271890966,-0.49352955715705837,0.18883968735764173,0.055147627770771514,0.27266162581121206,0.96052817603714435,-4.7876775502507236,-23.308486023869058,2.119867142305865,,0.1618822563489697,0.3529411764705883,0,1
0.95991087154488586,0.12806093717570283,-0.24934216462447406,-0.046091820250355742,0.94954130277777893,0.31023677800203975,0.27648989637226629,-0.28630702172450939,0.91737758121467894,-7.4798223977364779,-29.372218013830647,2.6172678947097858,,0.318596305026166,0.4090909090909091,0,4
0.7405600843055441,-0.54194567079344291,-0.39732310710756702,0.67056700461958074,0.63444098034987817,0.3844795635247848,0.043711026628174839,-0.55116198377693937,0.83325255102530627,3.3933186452397748,26.387954460528423,-5.852966015091571,,0.4081266931008193,0.1481481481481481,0,1
-0.95224288392467993,-0.0067790943690598099,-0.30526633272331855,0.0030083874557712601,-0.99991328322705098,0.012820906013809988,-0.3053267751438194,0.011290257111083441,0.95218070263718391,21.354158972400061,-1.1257724391819366,2.8813778007024839,,0.6208659536789779,0.4725274725274725,0,3
0.1328580519500788,0.97662226301662203,-0.16899021691305763,-0.95937839238904687,0.16953233423490152,0.22550363160240597,0.24888117295014131,0.13216558942916165,0.95947403233323858,28.391130577894995,9.5368522084209388,2.3439993340288625,,0.136398497782022,0.3333333333333333,0,3
-0.48494596010019497,0.84622212823155263,-0.22076124087747531,-0.87139283139400758,-0.44614016369381571,0.20404285759220089,0.074175125059793151,0.29131952222691471,0.95374576632971086,6.213445674222613,23.886706965950136,-4.7536572001463702,,0.1579128006542799,0.7222222222222222,0,2
-0.97364235491002205,-0.10102231011000605,-0.20448730421545686,0.094283987563683794,-0.99463960174056743,0.04245694688100813,-0.20768026968000144,0.02205800329593308,0.97794803035551903,14.250209722453874,-27.942481798801897,6.6465142873394969,,0.1994801234345416,0.2222222222222222,0,2
-0.8753168701776981,-0.32000283427247556,-0.3625169828296344,0.36366954195038831,-0.92975923258829307,-0.057377989459573731,-0.31869239250398451,-0.18206030724573299,0.93020922565070063,-12.932498929259756,18.993563907533744,-8.1164945538808677,,0.3478201917848291,0.1666666666666667,0,1
-0.36620709222295561,0.91328678125471441,-0.17832448174889406,-0.92339299971329525,-0.33296694874602256,0.19099313894285924,0.11505535053221329,0.23460662017122938,0.96525747864792166,-1.2420398499393321,30.523258391671668,-7.9115220653106704,,0.05833898917764661,0.3333333333333333,0,1
0.58493947218421705,-0.72974092768604881,-0.35401128843690138,0.80610438745376023,0.47479710581440349,0.35321866433990251,-0.089674580615958788,-0.49198159190174134,0.86597493198197206,-2.4551498286593265,-25.685579279443381,2.9804803931444144,,0.5853704237532671,0.4857142857142857,0,4
0.63724864988528307,0.74561132277455533,-0.19487922816390851,-0.68960613547593519,0.66458069116706531,0.28770798188762647,0.34403130109530561,-0.048951611600463539,0.93768129105170261,15.787565976502222,4.3984372503484561,0.81144929143902511,0.4653713049067943,0.2041312633465509,0.2,1,4
0.16129440133513057,0.96895577125397114,-0.18737350253321233,-0.95123728366720262,0.20321903712099701,0.23205528029557296,0.2629291658591415,0.14080744406897219,0.95448494877361989,-22.633403754167492,25.322677238677525,-11.950830353214332,,0.1185127482867206,0.6363636363636364,0,1
-0.07834729722762071,-0.89899229384899004,-0.43089970598418642,0.95837795985574326,-0.18694970658865245,0.21578112352372278,-0.27454214080878397,-0.39605891330274112,0.87622140473374766,-26.115801592554348,16.116182488825022,-10.841179042504047,,0.2008178629931617,0.3333333333333333,0,2
-0.85242019844810824,0.48733797747195218,-0.1894241299075578,-0.51103734241408227,-0.8531490984227954,0.10477332923375084,-0.11054700328837626,0.18611370603456096,0.9762894286481042,-0.64696320233799609,15.651778337648683,-4.5907329713240266,,0.5257001292553892,0.2537313432835821,0,1
0.97102479270628983,0.0593440270578399,-0.23149327938898348,0.056612825740172699,0.8839820659008002,0.46408048345892206,0.23217631212382633,-0.46373914393580412,0.85500886923485664,-12.690986276737057,-20.615702771874375,-0.076901345910474428,,0.6813706926700697,0.3235294117647059,0,2
-0.2205130739763313,0.97504498622163538,0.025714957700928263,-0.96167421537340159,-0.22174276794865308,0.16128499108231567,0.16296222780589942,0.010836037399406133,0.98657280147083792,13.18197144287438,4.6722796257694927,0.27763700098062372,,0.7198895698390906,0.573170731707317,0,1
0.87944854099929759,-0.32952336928506293,-0.34348888312320652,0.457877449554774,0.78284920934075575,0.42130197794903573,0.13007115331011385,-0.52778922358226898,0.83935691487412167,-8.8602783010351054,19.161995343881266,-7.2517271359982809,,0.2467949520583026,0.4285714285714285,0,1
0.14744672178065862,-0.84651852708520081,-0.5115328411134904,0.97164175911859418,0.027310620001130999,0.23487533283015904,-0.18485604175428311,-0.53165826743939215,0.82653961217250982,-20.928077945426185,-18.083441015419659,-2.3706359118729732,,0.1950595801527105,0.25,0,1
-0.96420873967505927,-0.07253879991660421,-0.25502868238865511,0.026580912262384283,-0.98344818172185211,0.17922926371350018,-0.26380856968175626,0.16603552744711844,0.95017747930995733,-8.1509749728537795,17.894738236114488,-6.7586534505622415,,0.1392718178505823,0.3333333333333333,0,3
-0.94685215177203419,0.23229454053161941,-0.22250898661373913,-0.2531683285542507,-0.96488659296941504,0.069997572278772402,-0.19843588410798157,0.12260958016027459,0.97241456732774512,-12.974735020402527,15.923857998876443,-7.4649647637798306,,0.0906580469932136,0.3125,0,3
0.69841245573808308,-0.62923225473810107,-0.34100852081305277,0.71526021178249732,0.63027900950582549,0.30191256949192008,0.02495738589592306,-0.45476932589342672,0.89025950661348263,-22.62564024817457,-17.095056457956371,-2.9282656300294341,,0.1886171692242224,0.4,0,2
-0.88811924393325026,-0.30944040262530315,-0.33983944117556664,0.32470192370138301,-0.94573278394572657,0.012576252020618768,-0.32528890128630628,-0.099177308863243621,0.94039937904413329,30.396432111893287,-0.98356301904784504,4.4236692672161206,,0.3707641984250452,0.1875,0,3
-0.25641661475379818,-0.91456462118663939,-0.31276520482934511,0.92140833643116737,-0.32903686684048083,0.20673997633488531,-0.29198835119461791,-0.23517290220928849,0.92705798569081432,1.3206419156002336,14.78955137049487,-3.9875021986536154,,0.08565881434936956,0.3333333333333333,0,4
0.93734917662817852,-0.14687273607359616,-0.31591916762477446,0.28695911375134814,0.83969927719062543,0.46104185376230333,0.19756261819867488,-0.52281308637389323,0.82923789626782496,5.5417597237451357,-30.38055086947071,5.3689327987915876,,0.3444846672405507,0.5,0,3
0.51368892218076756,0.8432440485774505,-0.15831350469076461,-0.79418719447593911,0.53715009771949063,0.28414164188020646,0.32463886298346833,-0.020229855626105141,0.94562167994507662,-11.321263149309456,-19.564600239054915,0.015234884965857596,0.4617323977960422,0.2031755341694959,0.25,1,4
0.56354147607580585,-0.74959414486476839,-0.34717376445630099,0.82560579986725291,0.49670673399090637,0.26768915486743378,-0.028214676462009154,-0.43748261496034818,0.89878411959691429,15.147395387656308,12.18883039163801,-0.65588595863855825,,0.1753662872283241,0.2,1,4
0.91510604583410782,0.34267942175986815,-0.21248938510002466,-0.22584608331044487,0.872180756855644,0.43392888129743989,0.3340276508482431,-0.3491010473674328,0.87553068889432217,17.030714886365175,-28.200633716148076,7.2370364134611149,,0.3344733519634559,0.2727272727272727,0,4
-0.96351291119277482,0.13241124553478345,-0.23261584645236619,-0.16043602966298939,-0.98134556325739408,0.10593000453603207,-0.21425020501927156,0.13938488989468931,0.96678265505657757,-7.9971450091835958,20.83593550274993,-7.3214720829460731,,0.2707023925734575,0.2,0,3
-0.41140059912805849,-0.78403821521882011,-0.4647941739238568,0.85927831071866512,-0.50369125522590841,0.089083691759068398,-0.30395777957728026,-0.36273846843894941,0.88092591728760827,12.23624893628671,-27.176639928845152,6.1095519755067533,,0.4349184308811557,0.2,0,4
-0.27189366469347892,0.95842904959039854,-0.086530873107788425,-0.94579124701434447,-0.24954157611159716,0.20786514585853916,0.177630943730539,0.13835735865137783,0.97432257960924473,3.8151715800756603,25.590656005193569,-5.5838100785835199,,0.3780160205997256,0.3333333333333333,0,4
-0.95237839190244489,-0.10626568827347492,-0.28580238300804572,0.11951976362725041,-0.99239979825004498,-0.02928594433779361,-0.28051813620477228,-0.062050333834999027,0.95784097392582157,23.774721251309487,2.593084452966238,2.7187166123829405,,0.09352490068942138,0.3,0,3
