axis_00,axis_01,axis_02,axis_10,axis_11,axis_12,axis_20,axis_21,axis_22,location_x,location_y,location_z,dbh,dbh_approximation,score,reconstructed,number_clusters
-0.1808302917498312,-0.93409536441628283,-0.30784128339402883,0.97151772374137335,-0.21838758551195991,0.091979209339052181,-0.15314606766760849,-0.28244063565689037,0.94698129299774458,0.13818000450730633,-3.3770173380038013,-4.5883942596992977,,0.08393419715700309,0.2,0,5
-0.41516967911079028,-0.89721431623625558,-0.15046796432381426,0.89371547485395542,-0.43314810436967011,0.11685619233712743,-0.17001996222095139,-0.08596040031125167,0.98168427817945458,-1.7792774880839546,-10.162836547031546,-3.824211312128845,,0.07034969731993525,0.1333333333333333,0,5
-0.030682668637680755,-0.93336787906822483,-0.35760729322673773,0.99146647446389158,-0.073772005774094374,0.10747986405931716,-0.12669966006036712,-0.35125787320393359,0.92766648244551642,-14.180827334917263,13.161687922906749,-9.6483694331209655,,0.1882886501691434,0.2448979591836735,0,5
0.72494668773909454,-0.65338688727192351,-0.21803182216644673,0.68764927242292817,0.70484511873717837,0.17416037645971424,0.039884559322273479,-0.27618641192766613,0.96027615184080695,-11.230530104696374,10.525468914335708,-8.7004534797804833,,0.1435107976256888,0.3389830508474576,1,5
0.98967713943777547,-0.047502941384931004,-0.13521327684085491,0.072931386933986625,0.9791034845653499,0.18983513718981318,0.12337006311965235,-0.19773678735068465,0.97246079121684037,20.713345327348556,-7.6258740921485391,-0.81318597527109271,,0.1121981859216681,0.2272727272727273,0,5
0.97190853906218,-0.17875859917231962,-0.15309851377452471,0.20960226031720763,0.9532759180503183,0.21755899552820182,0.10705458499259109,-0.24353724004199556,0.96396521127309964,-16.808934824530827,10.940663313418616,-9.6207232107632752,,0.1371941496732338,0.4193548387096774,0,5
0.87096453179948186,-0.45772758738597508,-0.17862317904774586,0.48646027952290444,0.85444327920664898,0.18243650694169178,0.069117152674327109,-0.24578880846043988,0.96685608072855944,11.480906576194911,19.945991542719902,-6.3302793084647844,,0.5622199286027367,0.9459459459459459,1,5
0.79051093801111061,0.60460863588187852,-0.097677296757480117,-0.58607803592763574,0.79308636328755755,0.16591129006346281,0.17777793082382223,-0.073908171296356642,0.98129128678880562,11.994675328686204,2.1748235570706123,-3.5019129460692717,,0.3046410527706056,0.796875,1,5
0.97936009106287258,0.16480077107656896,-0.11702357833313111,-0.13601418660506012,0.96561536165110295,0.22155612017178525,0.14951238435489567,-0.20106635520638194,0.96810039134819892,-21.509686656196134,-9.1330349195280025,-6.9484775512072341,,0.4054125859537111,0.3695652173913043,1,1
0.94175062505636531,-0.29472943961390646,-0.16198863426431179,0.32376174850509276,0.92486497432341497,0.19950716647447472,0.091016978695567519,-0.24033172219792659,0.96641428636714033,0.64991681872485541,-5.2043286274466034,-4.2209893270688434,,0.1547148769755664,0.359375,1,5
0.93637921784416667,-0.3099164767521545,-0.16475963652265982,0.3371599475621046,0.92469510216501305,0.17681102282368127,0.097555779682531207,-0.22111251766819709,0.97035669955999482,8.07843531807071,7.649472096725777,-5.0665622553963328,,0.09831947110403064,0.25,0,5
0.20500815883362108,0.97874820165956022,0.0048592756480937997,-0.965115325100531,0.20132152791118962,0.16739788426261334,0.16286210138563223,-0.039007693442185062,0.98587744460687177,-18.623320767776047,10.884557789857171,-9.8828656287949794,,0.2996580422073626,0.2345679012345679,0,4
-0.80012745422222287,-0.5219055875402252,-0.29565286180613354,0.57172217363987166,-0.81267397549368747,-0.11267105095713861,-0.18146573552151621,-0.25918249796152887,0.94862775606770944,-11.435283227012954,11.991846918237103,-9.0014356415444148,,0.2837360333131448,0.1739130434782609,0,1
0.51522492807434594,0.85702486920102205,0.0071865890209398611,-0.84136705835361625,0.50417920106332548,0.194691567183917,0.16323218618939059,-0.10635650796315982,0.98083818573998971,-10.685769406808022,13.062385718342972,-9.1472498814708789,,0.3162551468744641,0.6557377049180327,1,5
-0.49838875866395776,-0.83410017290135485,-0.23640124112053809,0.8486003094424599,-0.52516187742600828,0.063894579680544419,-0.17744339957170166,-0.16876582611512816,0.96955244101808014,0.29058000458399813,0.095263095914597487,-5.1242098331951516,,0.1553349124920348,0.2171253822629969,0,5
-0.23522707017003749,-0.93972138315396692,-0.24817725017095249,0.95969107707313595,-0.26497437168164406,0.093710292594371317,-0.15382217670227186,-0.21613029494985961,0.9641713714685074,-12.308764777413701,7.6229576359088229,-8.3830373299214269,,0.07854254295918764,0.25,0,5
-0.82893431785081728,0.55407035697723483,-0.076641608857840604,-0.55799537384186926,-0.82864944559493336,0.044511336604074962,-0.038846614527799694,0.079662637631000108,0.99606465889790474,15.746972189743468,-4.6672229263070095,-1.9393164881669853,,0.2011868996501305,0.5217391304347826,1,5
0.96163075940214837,-0.18548544853440946,-0.20214210584051526,0.25680147643703716,0.86784380049473819,0.42532357052320663,0.096536440121888778,-0.46091461934380012,0.88217822995342332,7.050445209786572,8.549345053817607,-5.3639438200064333,,0.6238144890430917,0.2474226804123711,0,1
0.97739193824513382,-0.15333510960593183,-0.14557933649924287,0.1818253340364698,0.96095163670522876,0.20859410302324183,0.10790990202918874,-0.23034820614817364,0.96710659028277335,-4.4238139856938323,9.1073617142840995,-7.4283628964551145,,0.07353311069527384,0.2571428571428571,0,4
0.54430335892444559,0.83827211134391355,-0.032151528837412735,-0.82302647521252081,0.54103695668317886,0.1729347640072933,0.16236155506406053,-0.067667413472226531,0.98440837389325309,-6.8645350295604048,-7.58030982257959,-4.9874403247093735,,0.1291499357909867,0.1025641025641026,0,5
-0.4513403577314587,-0.85670638906747998,-0.24969189897511507,0.87530917602218572,-0.47946097291518214,0.062857154108267685,-0.17356764633480012,-0.19018763993011575,0.96628305054140906,1.8244664949819314,-0.18496896852688124,-4.862276229443486,,0.08059101162181598,0.3008130081300813,0,5
0.38646439713612535,-0.89483212801090461,-0.22342947975969391,0.92001876308992125,0.35697981465473227,0.16165051033499828,-0.064890255884096484,-0.26803148062970023,0.96122233644602117,-4.5145980789933793,8.0140135425952934,-7.1846308229407851,,0.08919913994681467,0.2717391304347826,0,5
-0.99022536282307716,-0.020889523845988942,-0.13790343946179531,0.026693128314242733,-0.9988281817533593,-0.040370041318756822,-0.1368985307543677,-0.043656513016577601,0.98962260541507896,-13.546023385407631,-1.390786977548752,-7.0253653963270191,,0.3753806245502107,0.5137614678899083,0,1
0.39841889211125037,0.90945875927443487,-0.11894179916181849,-0.90135412316875918,0.4122314978665883,0.13276270866982107,0.16977376433219202,0.054313509789696769,0.98398521919732285,-22.824227473534314,-4.6414833574086787,-7.8471273178052057,,0.5909564857478899,0.8243243243243243,1,1
0.1610189879317678,0.97336854128047734,0.16317649454178595,-0.97728944467833634,0.13417059357901517,0.16402314818026359,0.13776148534964036,-0.18588150705266798,0.97286681436365741,9.1776734151708972,15.754681669166413,-6.1098103207514223,,0.4788905579839107,0.48,0,3
-0.65349721323777121,0.75692274022483541,-0.0030590228821581675,-0.75684936053475727,-0.65336459374444833,0.017139226916099929,0.010974413360013393,0.013515656538943627,0.99984843315360827,-12.472109232739887,6.3369396360840629,-8.1222928800973513,,0.2046472398449792,0.2803738317757009,1,7
-0.98992609944780297,0.051476685482523252,-0.13189567272580366,-0.066844175042926765,-0.99112911406275672,0.11486921049613949,-0.12481255503710154,0.12252848692818019,0.98458549450832467,-17.741767495947858,-1.6515201952209444,-7.6140725566898251,,0.09107922944039153,0.3076923076923077,0,1
-0.94196766837989798,-0.30479636003376775,-0.14069858079278585,0.293270489791575,-0.95110095713524445,0.096950446898565662,-0.1633686981779191,0.050061444711351225,0.98529412878036793,-10.867074204289869,17.001026952989879,-9.8447055237628991,0.2104928818249346,0.1827192477897912,0.5967741935483871,1,4
-0.91452857163034862,-0.37275462911493745,-0.15713522248414052,0.36727030040230407,-0.92792978238494395,0.06370906847092607,-0.16955830299385644,0.00055266302308292772,0.9855200030691551,-5.795823599879137,4.1493104602990236,-6.735583875414318,,0.08279345443967913,0.2369942196531792,0,5
0.97743284711361722,-0.16037462031868147,-0.13749549280251494,0.181687188470711,0.97027634326332712,0.15985488184336014,0.10777195798989676,-0.18122858179985019,0.9775179825506225,-5.4974574880620084,17.940189788718413,-9.188946189477015,0.4335538339804124,0.2938856072165356,0.7333333333333333,1,5
-0.98723648629652871,-0.088782496914964426,-0.13221871413090458,0.076707075142253653,-0.99263287084554119,0.093787037164323905,-0.13957128912497085,0.082447874190217568,0.98677363325816037,10.07951847650844,-3.6445855449117888,-2.9499755150874059,,0.07308742614279228,0.25,0,5
0.81008301713106323,-0.56664688175009859,-0.15058823579125447,0.58631415489019956,0.78242360949522527,0.20987855316790741,-0.0011032367035056384,-0.25831106578571622,0.9660611658489453,-8.536043361312446,-13.475299447499602,-4.3305111980112692,,0.1135546500070355,0.2857142857142857,0,2
-0.81666991897942276,-0.55669382678495227,-0.1521256936012737,0.54828184584341666,-0.8307051092991603,0.096519629624271366,-0.18010347290565851,-0.0045830779827387902,0.98363699322642684,-0.93132463240178209,-9.2903843078683295,-3.8008162729310793,,0.345723940675509,0.8177570093457944,1,5
0.98386699905932551,0.12289840031990147,-0.13000658199031939,-0.099274111855344557,0.97959592011148688,0.17474691418237295,0.14883003351920918,-0.15902143408905081,0.97599272775104851,0.13530349042747747,13.257034139767661,-7.350649520901853,,0.1327285131566037,0.4,1,5
-0.97157917616218603,0.22402584058371811,-0.076461279081416436,-0.21322113884416824,-0.96853380494717956,-0.12837061433418256,-0.10281366834231598,-0.10841905471501749,0.9887743211555905,-3.0037800898388634,-7.522245603239166,-4.419877800255601,,0.09269064376962435,0.2307692307692308,0,4
0.85358894668197394,0.50984607950207972,-0.10697142290685796,-0.49000266186920832,0.85549314343994975,0.16741825733272123,0.1768708609789903,-0.090490091963671943,0.98006542730215629,-8.563607086208668,12.194127050441901,-8.5882105598809755,,0.07020389978843852,0.3043478260869565,0,5
0.57619554462902423,-0.79874018831852645,-0.17324204430376172,0.81686217962568197,0.55576243129833092,0.15448074137104625,-0.027108556708943295,-0.23052598882176523,0.97268848797079199,-0.10877159903196429,8.488130577537456,-6.545414525414385,,0.2758598889232745,0.8423076923076923,1,5
0.98691495785273575,0.095687264420052751,-0.12977986513454054,-0.072968831835307196,0.98278725674473366,0.16971964400372722,0.14378600608933848,-0.15802897015410863,0.97690963197468217,5.8925051371309829,10.427206945707436,-5.8617597807511244,,0.07428625066795526,0.3703703703703703,0,2
0.33526653535398337,0.94161947369075383,0.030807743151402899,-0.92697211569202564,0.32385741765518666,0.18931209617761682,0.1682826402252634,-0.092027929434822228,0.98143355006987265,2.7545180334450721,13.157128389967708,-6.849486882646767,,0.141891021864744,0.3076923076923077,0,4
0.98294845721745761,-0.091581314713168771,-0.15945279316846842,0.14061397959474684,0.93314178687415894,0.33086872673589057,0.11849067134735536,-0.34764819629146482,0.93010789289143414,10.289201509875186,4.1344499059433124,-4.1316301970744647,,0.1949475196622871,0.2592592592592592,1,4
0.24689691196161151,0.96709272660586443,0.061429414858491273,-0.96114868860206981,0.23631887062170945,0.14264147288430182,0.12343060099644471,-0.094260540705621343,0.98786630532858155,-12.52022540315302,9.0691654791045426,-8.6870483805661465,,0.6340640951461014,0.475609756097561,0,4
0.050542706055036794,-0.98254571287913539,-0.17902334196262296,0.99140970573506693,0.027708648530867085,0.12782420025528013,-0.12063262510176601,-0.18394605975509501,0.97550582615463299,3.3219978828614227,0.67071599279990612,-4.745114847544543,,0.1143840396862522,0.625,0,5
0.26221970734373246,-0.92825542935186145,-0.26378529708715559,0.96097244059362052,0.22620471972485379,0.15925888733047763,-0.088163447641914902,-0.29525121956224348,0.95134322084455947,1.7209824445002571,1.4468094987542341,-5.1112853820311432,,0.07866459765647243,0.3076923076923077,0,5
-0.84442952262637661,-0.51067867990988858,-0.16169745576997605,0.50493229483095092,-0.85962690591521207,0.078006155291677926,-0.17883556400710623,-0.015775566935389583,0.98375249556691224,-16.584327452622674,15.711418054847988,-10.501319871431726,,0.12005316804092,0.45,0,1
-0.96297647088858462,0.24100248272489433,-0.12080612499126307,-0.25212770401905643,-0.96376543347899657,0.087108036926119667,-0.095435514254635839,0.11434156091063351,0.98884683852833066,0.97394402749045961,-11.068988673575085,-3.2610871363505312,,0.06904493489291022,0.3333333333333333,0,5
0.80274240926980223,-0.57510473455162969,-0.15766790623336577,0.5954931045620655,0.78706316253822495,0.16099546762055575,0.031505345240877981,-0.2231280405319509,0.97427988316993708,-15.04826200938434,-0.72208661147329356,-7.3466260406442867,,0.0932651153291188,0.3461538461538461,0,1
-0.96518763498810789,0.24984202357492283,-0.077406669751720447,-0.24496563396101387,-0.96719443613066958,-0.067281207598826845,-0.091676973358323491,-0.045977015712914501,0.9947268200777506,-10.476859454739305,-8.116889350893393,-5.5044313710137462,,0.2775549373231518,0.1724137931034483,0,2
0.68398988238984337,-0.70959052280254609,-0.16923099815677092,0.72896609055277861,0.65604798084714622,0.19547246775589835,-0.027681755950915071,-0.25706484935749524,0.9659976105624084,-13.673097228927494,10.671156711931502,-9.1175527063454282,,0.1200955178653557,0.358974358974359,0,4
0.34930718716601383,-0.91926007155092282,-0.18150870460217067,0.93423391235708531,0.3267806328553175,0.14290351637608814,-0.072051967330115083,-0.2194888125688163,0.97295075680169452,-6.1777826981963493,-8.9252697798845038,-4.6906752927782955,,0.07506763384947002,0.2753623188405797,0,5
-0.74230413932973882,0.66984239611642349,0.017196775829961781,-0.66718428058497703,-0.7412479408863053,0.073597730074518461,0.062045954535687703,0.043158481169093703,0.99713973194780225,-4.705907440349903,-11.916294788629038,-4.0101661173149408,,0.2022911103408963,0.1818181818181818,0,4
0.85057557419589935,-0.49810144750577801,-0.16857087700420079,0.52373079628050334,0.8312058833348358,0.18655517290320814,0.047193703062026034,-0.24696503295447436,0.96787448922320996,-11.498049223750016,19.310103329282189,-10.431561951689423,,0.08849113947044063,0.4615384615384616,0,1
0.7923968437631933,0.60969744390118696,0.019397651777661059,-0.58275172480963922,0.74721200196464077,0.31949123830143411,0.18029883312301037,-0.26446786387073939,0.94739066902420366,9.4610986431717823,6.6741328527007777,-4.6705625124132979,,0.1020304593280085,0.2903225806451613,0,4
0.68868091937150844,-0.70728156533981879,-0.15959755206165066,0.72506279407710084,0.67227210822112393,0.14944616807745514,0.0015924630995563834,-0.21863897145381658,0.97580452152205976,-0.51586127143864868,-4.7088201280489717,-4.4887278895841982,,0.3500080666234416,0.9644171779141104,1,5
-0.74654087589070983,-0.63920825555153915,-0.1846334927879843,0.64604874128506984,-0.76276370066079668,0.028505452780558643,-0.15905264697045901,-0.098001749928283755,0.9823939701070471,-5.2468724876499593,-2.8080458345369621,-5.5590085326524799,,0.1496355222447652,0.1758241758241758,0,3
0.51932206376349288,-0.82974997090200286,-0.20449836154980019,0.85174001504672037,0.48307098049459302,0.20293194566702999,-0.069595551988905144,-0.27956647437079934,0.9576006712357934,-13.04889741467561,2.6700752405050907,-7.603044786120905,,0.2031119980617383,0.3045454545454546,1,4
-0.51514179609571153,-0.82598145602967732,-0.22887455998948034,0.82908874041336933,-0.54792425408479828,0.11131429515291394,-0.21734946614854356,-0.13241467471814219,0.96707060935809219,-14.461875488246408,20.160280007751606,-11.022688267910468,,0.2048430543553789,0.2941176470588235,1,2
-0.15968572934671624,0.98710070051030674,0.011518458884307135,-0.98142152910941405,-0.1600025293148952,0.10588188142159326,0.10635906187790266,0.0056033619281889687,0.99431199947076732,10.510467895663698,5.1517076801481112,-4.2698088702140442,,0.4038062440529261,0.375,0,5
-0.75223355490286836,-0.63776836946696158,-0.16551793191569159,0.63131245674517356,-0.76955402710026088,0.096079036902676412,-0.18865116176840316,-0.032219656752131454,0.98151547765799818,5.9029772693055449,1.2768154897029242,-4.4018556185958104,,0.5884660229023513,0.688212927756654,1,4
-0.72575948206973884,-0.65860083478057263,-0.19879163617264967,0.66368901174484218,-0.74635789490000071,0.049666773698280965,-0.18108028571609111,-0.095889692599226722,0.97878245641113071,-10.825300880864773,6.3908895917288069,-7.916483310255221,,0.07317121882847957,0.2115384615384615,0,5
0.98700624951722682,0.12464902387590393,-0.10139666789752719,-0.074109417234537678,0.9130545234559968,0.40104766733357228,0.14257088654804073,-0.38832210604513206,0.91042818731933972,10.96036092787133,-4.5238887623741455,-2.7127701704407956,,0.1137353389686348,0.3684210526315789,0,1
0.97900669837740117,-0.14985350261646566,-0.13816588683809439,0.17851415597167528,0.95754633697833069,0.2263574797904894,0.098379777647139205,-0.24627005561569681,0.96419524944750745,-8.6680641251145776,6.2300762914481407,-7.5563260023170491,,0.3775559667565944,0.2348484848484849,1,5
0.90422028181190928,0.40991274244067261,-0.11982164055278026,-0.38839943605565358,0.90597946748641656,0.16836591865541306,0.17757128155094015,-0.10570122079615543,0.97841488740235405,2.8295783674154675,-13.504753290164778,-2.6255451651442141,,0.2165024668778856,0.3214285714285715,1,5
0.49873114488913839,-0.84256002526389462,-0.20337120972466557,0.86563334813601467,0.47223784825495418,0.16634398477361381,-0.044115209535969861,-0.25900582715999976,0.96486777839492688,-10.255708672853782,-9.949789656287864,-5.2239455538033726,,0.07030779269848092,0.1666666666666667,0,2
-0.33853415436479134,-0.90176261400236035,-0.2687355843876042,0.92420094328992475,-0.37231058848425302,0.085073157485334061,-0.17676889644541774,-0.21956551115815251,0.95944970871814339,-7.7892797608708975,12.860325849917528,-8.6044669141798646,,0.1313503319686116,0.28125,1,5
0.901626457048742,-0.38584377207193199,-0.19543366010755844,0.4277349929555469,0.86243966432903374,0.27063000793212721,0.064128837125368279,-0.32760099045229996,0.94263730209642205,1.4620152636370993,12.475430427123477,-6.929890189007593,,0.1177855638458125,0.3076923076923077,0,5
0.73302933881542764,0.6793673470713667,-0.033585654214717688,-0.65143333564988515,0.71538208212479049,0.25271146744630441,0.19571049445515579,-0.16336610513816388,0.96695859169465248,2.6353414659821328,6.4657304085535596,-5.7860476746139815,,0.6161353711281539,0.640625,1,3
-0.34967666067671777,0.93489973816874805,0.06073477216541754,-0.93320852701809653,-0.35330336855772232,0.065563517801291396,0.082753115220477208,-0.033752175304294897,0.9959983496891619,-8.4075022126571035,18.063464049507317,-9.7093748000308899,,0.5209343326695595,0.4918032786885246,0,5
0.59502487814474003,-0.78297716695696185,-0.18136193209405496,0.80235503054965962,0.5656174242924551,0.19053433886946824,-0.04660256796029142,-0.25888933033406458,0.96478210767959827,-2.8908443681055824,6.6264518447509815,-6.7521710690829533,,0.1035638680167603,0.24,0,5
0.05102296654578891,0.99788194978331224,0.040351842355978947,-0.989623623469568,0.045083912895555113,0.13642772690691932,0.13431954718442982,-0.046894083791886448,0.9898278659188624,1.5816398440928239,13.999098921896431,-7.1987064768590736,,0.1212398419188364,0.2727272727272727,0,1
0.92687565328447841,-0.34463947857048899,-0.14874526264433602,0.36708636045882376,0.91500341636102578,0.16738085915882403,0.078416371463907938,-0.20974360027975344,0.97460684115602314,3.844965509649386,7.3868367358180693,-5.7422238190555479,,0.08617397951536114,0.3076923076923077,0,4
0.97330904197677803,0.21718870382388764,-0.074152381873715506,-0.18086303231228226,0.92479848033282108,0.33471829098050687,0.14127304183407427,-0.31237291448748317,0.93939613047188109,-10.03408204146282,-2.8748818344613092,-6.3122819679945454,,0.4733767992178792,0.7471910112359551,1,4
0.043377765092242379,-0.96055754350061717,-0.27467721987755483,0.99219003351945323,0.0092352942626790016,0.12439311365404813,-0.11695001872710171,-0.2779278952605192,0.95345622770832528,5.5790533985146658,-8.2969924967353048,-2.9811798671067637,,0.2405516155161664,0.1785714285714286,1,4
0.82104536581702769,0.56470089745389407,-0.083650485265481786,-0.54240761777183388,0.81738497495862372,0.19410249584942404,0.17798450340821292,-0.11399429427238054,0.97740821431982816,5.7500265977171914,2.8649405471505589,-4.626185426287428,,0.5332739599517942,0.3733333333333334,1,5
0.018293094210215056,0.99531939019011628,0.094892961887547839,-0.98650533714784794,0.0025231502189207106,0.16370966218212121,0.1627039719337782,-0.09660716963325322,0.98193404681395202,-11.383034265217338,-1.6372142471096323,-6.6720017357042298,,0.4272103572461776,0.2318840579710145,1,3
-0.92784224521705183,0.36446934947016224,-0.079188769957467639,-0.36432660467088296,-0.93112040816266739,-0.016760388777535305,-0.079842927799312124,0.013299578932608757,0.99671873067613692,16.781366419898578,-5.3491196058506221,-1.721056232669238,,0.5372429971892296,0.3666666666666666,0,3
0.98650500015626352,0.1206434695077542,-0.11069344123217596,-0.094061303043425512,0.97096293778310494,0.2199623711487359,0.13401625250865098,-0.20658200966379656,0.96920767503502769,23.071164452443085,-2.1823468020020487,-1.2452159316999061,,0.274380350736316,0.2307692307692308,0,7
0.68240352454570175,-0.71556951756328746,-0.14928394160741984,0.73097375014027355,0.66755130183695677,0.14160733039517803,-0.0016751995309172043,-0.20575598399567452,0.97860189492791383,-2.1483493347881941,11.812962494987213,-7.5314913551178364,0.2381432694303455,0.08289310593840263,0.421875,1,5
0.98109372218853419,0.15724040880164,-0.11282979270627476,-0.12702745555909684,0.96303495476048873,0.23754515664110332,0.14601073185361929,-0.21872158043814,0.96480139740477877,-11.83728602528095,15.900972455234868,-9.8007931267039297,,0.2373971561076519,0.4117647058823529,0,4
0.8505141700240807,-0.50374009616137194,-0.15123346887372996,0.52351771639880995,0.83845841483749972,0.15138258553996048,0.050545496385187155,-0.20792643436446445,0.97683762759614046,12.895635497886452,-7.0275799170125408,-2.0737392883757444,,0.07317167947605144,0.2,0,5
-0.92889516892742963,-0.3191855419298027,-0.1878146825098074,0.310695745332498,-0.9476369587985678,0.073840017275765335,-0.20154880048158361,0.010236412554205276,0.97942498277430889,-8.9480292829037289,14.533775724691964,-9.1041620804618617,,0.1709444903098737,0.2195121951219512,0,5
0.25297405798536082,0.96733600057014557,-0.016284593558756146,-0.95360204032171425,0.25215179694082479,0.16450720347077935,0.16323992979869428,-0.026087033186386728,0.98624144712075934,4.1745729867119898,8.2725032720517309,-5.8242014302261653,,0.3067104146214977,0.2448979591836735,1,5
-0.69723860885995936,-0.68840174821891731,-0.19990336506463943,0.6985595983987587,-0.71507908753646798,0.026007423036071696,-0.1608502713705926,-0.12151103496041184,0.97947039699158656,7.470157853643161,-7.1588445612843916,-2.8528475115272234,,0.1902802587563636,0.2,0,2
0.64129745791739923,-0.74055189231960594,-0.20079956486639025,0.76727365009916992,0.61710516648960789,0.1745633390930926,-0.0053587621871041911,-0.26601524067933358,0.96395392804539093,-19.204251883149798,9.8952960467825335,-9.7633529450785783,,0.1169226801961327,0.1621621621621622,0,3
0.96786157251679072,-0.16800477857238993,-0.18713196098520277,0.22680985920795477,0.90458138701597191,0.36095678692930672,0.10863362376075392,-0.39179957713236924,0.91361470388096555,9.931198929722683,13.832762215431501,-5.6924516921434867,0.8546358948746577,0.4696764750452798,0.36,1,5
0.6947365907377594,-0.69179232364919208,-0.19688689755828445,0.71916879556131885,0.67257239471347396,0.17447812860145345,0.011718062167319774,-0.26281125320167431,0.96477610470492514,5.4373756782149822,17.940801993125657,-7.1577063829189136,,0.1416491860804713,0.2222222222222222,0,4
0.70325093339751876,-0.64937875013102164,-0.28938791189991053,0.71093166607487168,0.64018043866936958,0.29111024048820489,-0.0037803237328739559,-0.41045857869383789,0.91187140778133247,-11.495611881271326,13.837982249340403,-9.3484395801591909,,0.1383851885422839,0.25,0,4
0.98938874961093115,0.076805888378346468,-0.12333190038968148,-0.042766722712109219,0.96519728223757084,0.25800235229484364,0.13885571494102403,-0.24999012354815153,0.95824006833183339,-12.581534130444998,16.652312695483548,-10.073198104969785,,0.07000893088925829,0.25,0,1
-0.86176604657383415,-0.47756256937567121,-0.1711527776689904,0.47990526386808691,-0.87680181281820535,0.030158228568845324,-0.16446950685219858,-0.056147781523548969,0.98478282273086903,-2.6377060647135013,16.805472651598162,-8.5199089911769015,0.1246176299660015,0.2465423586228995,0.6323529411764706,1,5
-0.29165775227236662,-0.89786779180463916,-0.32980173434852028,0.94083628907105366,-0.33147025317343121,0.070388553246610003,-0.1725190792533976,-0.28976007264804909,0.94142247030361348,4.4974280775719917,15.479065239203585,-6.8900971324969786,,0.2035638559159681,0.25,0,5
-0.19011621396448677,-0.9567569256745001,-0.22016359908415498,0.97029783991920648,-0.21728058871256664,0.10635434930854017,-0.14959253669863348,-0.19340457839099756,0.96964774120371611,-12.745768487008238,-7.7462502234154034,-5.8512452981722811,,0.09487961164440266,0.1666666666666667,0,2
0.98952427903992801,0.059739351037280987,-0.13142644759771024,-0.039908134447512428,0.9880832987882826,0.14865643430603401,0.13874091680332962,-0.14185416664063649,0.98011649991787264,-8.0304595858398446,0.47470902771746071,-6.5231574216911579,,0.599260406146042,0.8382229673093042,1,4
0.83648975867580333,0.54403102464109554,-0.065689632808041423,-0.51777743904108131,0.82393189479135853,0.23031013083575161,0.1794196400914769,-0.15863945591649395,0.97089758253688296,-22.263117433479128,-8.3267652612191689,-7.19724239545556,,0.1209643196197181,0.2777777777777778,0,1
0.15210760472739618,-0.91569530167200075,-0.37197498716972588,0.98312566075271612,0.10148064630966851,0.15220254135233036,-0.10162288990985284,-0.38884931904324527,0.91567952654079532,-3.12232454183621,3.8867625225116433,-6.3024211073813756,,0.08776333127768828,0.4175824175824176,0,3
0.87082598363031805,-0.4690201077021422,-0.14724892123665806,0.48856641847513438,0.85890790202565992,0.15355803650821867,0.054451455193305423,-0.20566320625953102,0.9771067928422057,-13.075087400959882,17.892767580433979,-10.427899761470211,,0.06650203748416339,0.4375,0,1
0.55311681682929692,-0.8026318455556537,-0.2232574913425146,0.83254984389803988,0.52276141363944317,0.18325190813479378,-0.030373415448015948,-0.28723270167169007,0.95737914679838665,-10.165620680066176,0.0085302876276901005,-6.7644354214162554,,0.087993402108128,0.3049645390070922,0,3
0.146916958663527,-0.94647487909556738,-0.28740339333085457,0.98330360229826075,0.10820713387512455,0.14630530368306632,-0.10737519715615362,-0.30409952222843323,0.94656962111411302,6.4185963296394126,14.152547341988654,-6.3707707856194462,,0.2465621238471131,0.25,0,2
0.38633812171032661,-0.89939106086690779,-0.20454480033976505,0.91952392343868505,0.3581926071323252,0.16178322045154919,-0.072239946963322269,-0.25058686284090259,0.96539505604404807,-2.4845889683023836,14.260856753405051,-8.0173272134503435,,0.8971877175754726,0.8456375838926175,1,3
0.8845079150130537,-0.43843890137544456,-0.15942734407858902,0.46242890235607498,0.86914505607685377,0.17534646207699295,0.06168677771626125,-0.22881914530444286,0.97151250130769229,-10.187113074768572,9.3852512703814863,-8.3432661694912333,,0.08078366553601439,0.3628318584070797,0,5
-0.49996327435542987,-0.83041861196870692,-0.24584884216071115,0.84965085660894868,-0.52529548684663474,0.046455068208280423,-0.16772044049392409,-0.18565985132634985,0.9681943366111998,0.026320518473413507,24.975644533914647,-9.7925679207492049,,0.213193970986391,0.1052631578947368,0,2
0.8388385596884812,-0.48399435849506933,-0.24919737503573436,0.54269904410823477,0.77943490812954053,0.31298397964289404,0.042750652670603941,-0.39778220791538854,0.91648333141535998,3.1287496533585064,8.5246740332222455,-6.0267584974903379,,0.09111705590968704,0.1967213114754098,0,5
0.87339104231829512,-0.43852249976740038,-0.21186340976183698,0.48386334280766591,0.8307688852338192,0.27513510283922066,0.055356595678861392,-0.34281347191309092,0.93777106523380194,0.64494748438372762,9.5185085824358122,-6.6492619814540594,,0.7644589507718742,0.8650793650793651,1,2
0.43315072331238913,-0.84878340101471783,-0.30322794900180855,0.89948834154415758,0.38562683156880961,0.20545722231243829,-0.057455846700712285,-0.36174394941186006,0.93050531473163267,-2.7385712860896398,-4.4396924204211539,-4.9031410037218697,,0.07684830994838657,0.2142857142857143,0,1
0.45631746366609377,-0.8498937869478711,-0.26354301975341582,0.88839893763119704,0.41843471439112223,0.18883780714724593,-0.050216530835010181,-0.3203013279707505,0.94598380500464718,-10.28622247990136,14.849134674194772,-9.3141992380491576,,0.0797904090917094,0.3214285714285715,0,2
0.11954138141833555,-0.9130153452171379,-0.3900164580202069,0.99082427429548303,0.084756688650079515,0.10527849351080619,-0.063064376595883417,-0.39902291052908895,0.91476969849108403,10.911903941033216,7.2219359695807626,-4.5261939570752725,,0.4109890893678025,0.2,0,2
0.94033468083540717,0.33366024154582385,-0.066644813974958486,-0.30805523263742168,0.91803429810512094,0.24962972809211664,0.14447374039208119,-0.21420520701939624,0.96604527203589241,-13.868740604422255,-8.1380445785972277,-6.0015370409689819,,0.5687510581175664,0.5728155339805825,0,3
0.67295318407127269,0.7316585135885415,-0.10867304882877385,-0.71740714916683379,0.68138826009057107,0.14504144695589799,0.18016934914865954,-0.01964328139975742,0.98343944761393332,13.764143573162771,-6.3277593331577497,-2.0300259430416729,,0.1229547120854781,0.3548387096774194,1,5
0.79709671354968858,0.59698632908914306,-0.090797313445691669,-0.5758993124498536,0.79677471732298144,0.1830028189801173,0.18159518487028228,-0.093580835193712394,0.97891052508203025,-22.360289750475182,14.53991281969312,-11.145952054357627,,0.08660843142759653,0.2142857142857143,0,1
0.88193594973452416,0.45960386121466268,-0.10465787749823151,-0.43473463995173467,0.87890910652139587,0.19627678237579815,0.18219432864910337,-0.12760514578312968,0.97494725671585325,-6.5982600557479749,20.268331359709649,-9.8004639064263124,,0.152279655461179,0.3333333333333333,1,5
0.025844384027335278,-0.94614322408466434,-0.32271514890522779,0.99138831926643844,-0.017199550870231183,0.12982055257904371,-0.12837939178977884,-0.32329116129046598,0.93755082891283714,7.6160262727937802,11.537035233241872,-5.7417991341837871,,0.1049689180507323,0.4,0,3
0.81345594697424328,-0.53326099765818147,-0.23221139228909637,0.58040212243630462,0.77013451459245708,0.26462465059944101,0.037720002699796265,-0.35003648068457693,0.93597631571866513,-13.284759681106383,12.281305579000115,-9.3559354972459072,,0.0996753811062059,0.5333333333333333,0,4
0.3766498951022953,-0.90918161426702648,-0.17754900393478118,0.92381004974052794,0.35445191080761268,0.14470257400348996,-0.068628336114415364,-0.21852376347581806,0.97341538732369093,-5.0506500835198587,-6.6972545681670645,-4.8966991019709516,,0.07009048275111307,0.1594202898550725,0,5
0.33609747365835174,-0.90464296884590512,-0.26202974472021529,0.93834723111811813,0.29774084444209797,0.17565552483161131,-0.080888578015910151,-0.30491226355883766,0.94893917058892208,-4.1883833895665514,4.9751171130338498,-6.6612524197352485,,0.2375500769801793,0.2264150943396226,1,5
-0.7882980531863687,-0.54263927562204517,-0.29004964384560666,0.58777913500524903,-0.80351763585937985,-0.094207734902369347,-0.18193918707926154,-0.24474890278678657,0.95236343209386332,4.409036988359901,19.297151153757362,-7.6080388762352547,,0.2963861901177172,0.1111111111111111,0,1
0.36167355451184369,-0.89224585098355103,-0.27035084865671893,0.92957645056868576,0.32295176677689325,0.17773513688578244,-0.071273154237012942,-0.31559388102167479,0.9462138446180044,3.4716574068451274,4.1447863651294439,-5.2650744997736538,,0.1129424700296519,0.3728813559322034,1,5
0.96356854860022845,0.25720781633190609,-0.073347061060555427,-0.22998092533406736,0.93677779629135138,0.26373496991867629,0.13654459392789808,-0.23725829720642314,0.96180251313654497,3.3836476098189654,11.603474338885865,-6.4615503284291504,,0.1961065845970179,0.5352112676056338,1,5
-0.16474747133997286,-0.9555871037037218,-0.2443594850260912,0.97465209985466472,-0.19574038565148863,0.10834659973390411,-0.15136563327247415,-0.2203156568656395,0.96361271079406396,13.802467993908339,10.509564323918122,-4.5464910182259235,,0.3700325335286178,0.7727272727272727,0,4
0.51908290296937321,0.85437993064389195,-0.024246112220871398,-0.84064106802907324,0.51545302272947935,0.16622507663401032,0.15451710127952764,-0.065902317652582476,0.98578970878184313,15.201677390258238,-6.5636323812035107,-1.7451482821550077,,0.4011443044521988,0.9019607843137255,0,7
-0.98662672149989716,-0.043008569893618898,-0.15721951322298264,0.065257591792836078,-0.98810926359976547,-0.13921756319419815,-0.14936250913721794,-0.14761553476527015,0.97770163892682505,-14.755769259041381,15.658514215062652,-10.18821944902175,,0.1829430943855946,0.3125,0,2
0.42336833420506553,-0.89145446480372947,-0.16145646711706502,0.90404997066736281,0.40415424417900336,0.13911505112114758,-0.058761417007836575,-0.2048616218172514,0.97702549187707322,-11.45709460454626,-3.0159665895712093,-6.472723510376083,,0.0728987716360449,0.217948717948718,0,3
0.83200930419335573,0.55436481306987506,-0.020980270867863225,-0.53010097117421784,0.80560577136121925,0.26456058192717402,0.16356490484158759,-0.20899520372366504,0.96414082307755489,-11.573078541335621,8.9603354543887672,-8.5140119649775343,,0.473816211051711,0.2473118279569892,1,3
0.62866772957608541,0.77762667895643889,-0.0085810235303746436,-0.75828880698386592,0.61540782893729473,0.21510762256524174,0.17255425521451181,-0.12872432659705185,0.976552649246061,15.754755657032561,-2.6573768301018461,-2.2288480040626268,0.5068618984342339,0.1807100328560406,0.4117647058823529,1,6
-0.98383778070456873,0.14910986989464028,-0.099143673314599112,-0.1373229048703688,-0.98363273925943462,-0.11665785037855401,-0.11491579985481624,-0.10115770339912257,0.98821125170013269,-15.888399963510707,0.65189756479933059,-7.7158840993749545,,0.2509098736191399,0.3125,0,1
-0.94149777500297438,-0.2728252128504457,-0.19785940184271911,0.2940029432841309,-0.95188719928458387,-0.086446684022122647,-0.16475499690363796,-0.13956060716141064,0.97641109576039864,-19.207619173637219,19.545194102898446,-11.624937277606914,,0.1629517737320851,0.25,0,1
0.94989305808099012,0.28548636805172045,-0.12728201705733355,-0.26706505772057965,0.95284444597060425,0.14409620649995233,0.16241746566871801,-0.10288340701790089,0.98134375802067519,-18.189193756853573,-0.37434060932115648,-7.8470121625912155,,0.3675699558809929,0.7241379310344828,0,1
0.18372538832172591,-0.96029915496756779,-0.20992978505825663,0.97971349899270543,0.16150079040843676,0.11865477061172168,-0.080040249734125227,-0.22747093806907509,0.97048984062507015,-19.740738619053037,12.967773018959031,-10.405865103134643,,0.2817019953346064,0.32,0,2
0.83382893092466448,-0.51400920058052046,-0.20130537914225563,0.55051284325543826,0.80124034006750766,0.23441315419429937,0.040803472448389326,-0.30628166639072801,0.95106604264324079,10.325007060365003,-5.4354330791049392,-2.6701760875002316,,0.08702470249702465,0.3714285714285714,0,4
0.4901376920745189,0.87140779922482281,0.020334459865358905,-0.85610643986510271,0.47688382081594832,0.19915718682860287,0.16384995095929872,-0.11502290595413739,0.97975656398745414,-3.6509427914526533,-5.9416102060171063,-4.8332383025413463,,0.5448694496054926,0.5555555555555556,0,3
-0.48336247006845312,-0.84079055259644087,-0.24378672891257797,0.85558404605484162,-0.51266857467111004,0.071741708100093338,-0.18530154523303363,-0.1739027866633073,0.96717173145465052,10.797266804606341,12.123256259416738,-5.3189671445797293,,0.1758889283799251,0.5555555555555556,1,5
-0.030675961828570613,-0.96179898130413322,-0.27203254387705689,0.99621686997872083,-0.051559334886990618,0.069954148953521228,-0.081307646231411512,-0.26885749859050234,0.95974200289242606,-4.4770844985310134,-14.199776288651677,-3.6142070834378854,,0.2143436223029208,0.3157894736842105,0,2
0.97998358465189139,-0.12250861589782716,-0.15691976562443732,0.15754336598721155,0.9591226165973008,0.23508273897708348,0.12170563522799277,-0.25509889329894531,0.9592248396447024,-14.526731701868091,-10.350623120422506,-5.7493308803026428,,0.1384941404840528,0.2608695652173913,0,2
0.53037087072550904,-0.81879347337487152,-0.21973617691354189,0.84743166263222347,0.50476789461552796,0.16452644083488135,-0.023797408561684084,-0.2734714254252561,0.96158570227599982,-11.587999600497366,22.056771953236449,-11.042122002288524,,0.3602103133489828,0.7666666666666667,1,5
0.77351857838089233,-0.60891316687961683,-0.17576622002034578,0.63336332636025638,0.75267302152088078,0.17981718354067522,0.022801441214891718,-0.25041580995469381,0.96786983443191377,-1.4164562802838916,-3.5721572039555984,-4.8001950423936819,,0.06764264653498051,0.2408759124087591,0,5
0.92278029957538033,-0.34694970320295165,-0.16763777069310906,0.37730346577895246,0.90189173074351114,0.21031738094524091,0.078221566251018573,-0.25732704767252612,0.96315324694950788,-5.085060480578794,12.327721239602138,-8.0763291614695039,,0.07892339183663903,0.1780821917808219,0,5
0.06919964798216062,-0.975738902562161,-0.20771375194226843,0.99118780369323756,0.043673238866523405,0.12505753082754997,-0.11295196558237076,-0.21453727469532372,0.97016267256444277,-5.6104723322462151,-1.3502456894548744,-5.8477004323959871,,0.6572537042770485,0.9494163424124513,1,5
-0.3956920181774391,-0.89826051319376665,-0.19119591310364542,0.90244913183279929,-0.4189197532749937,0.10045797514506408,-0.17033317705277809,-0.13279416686319467,0.97639762291917653,-4.4466101582520885,2.7391173898511529,-6.3211757180299255,,0.239552229093016,0.4096551724137931,0,3
-0.98222652459335547,-0.1100610236583555,-0.15204481397447439,0.11626455390550371,-0.99268627727974779,-0.032503975228107738,-0.14735537957744144,-0.04960368909416038,0.98783898796202496,-21.113186960780151,-5.0505552964347906,-7.5100166071032435,,0.1366271063192735,0.3529411764705883,0,1
-0.094701081370079168,-0.93203693433379997,-0.34976972170985615,0.98560452572956325,-0.13721187152307371,0.098775610221042351,-0.14005507505528461,-0.33538046357948181,0.93161393323654818,-26.829660533497858,13.580019368672762,-11.549778718646388,,0.371391325100964,0.1333333333333333,0,2
0.86706931215389649,-0.4669133684114456,-0.17373173089464161,0.49517185906926903,0.84603145386002987,0.19757431276704557,0.054732420984775321,-0.2573376876366224,0.96477027141956639,-7.1896089498020048,14.243876496854645,-8.7251090928919162,,0.09106568747254892,0.3461538461538461,0,5
0.75286337470388531,-0.60751231787684634,-0.25323017722494684,0.65661396700053776,0.71975844549498391,0.22540159377977081,0.045330314021563102,-0.33597107578859414,0.94078084528978434,-10.154821356776974,7.3665289507784557,-7.9757947929492747,,0.65249290944122,0.6094182825484764,1,4
0.76332209117305205,0.63791373593097678,-0.10200711072165738,-0.61779295132592515,0.76697791085042566,0.17342650766107859,0.18886835208472588,-0.069361010503730808,0.97954979240603157,-7.9637895121472875,23.206620864738753,-10.691300220214597,,0.1361141837333094,0.6896551724137931,1,4
