axis_00,axis_01,axis_02,axis_10,axis_11,axis_12,axis_20,axis_21,axis_22,location_x,location_y,location_z,dbh,dbh_approximation,score,reconstructed,number_clusters
0.99758316697965144,0.018424365930084528,0.066995281169087872,-0.028689280089721839,0.98739558967044594,0.15564984647370247,-0.063283095426695857,-0.15719571317128214,0.98553780119982692,-6.6721710139108623,-4.5196123828036274,-1.9146756652427448,,0.07724165376534951,0.2614678899082569,0,5
-0.77796637955121184,0.5923898052863793,0.20938631970772553,-0.6275685917247239,-0.74877450119687006,-0.21329418425739036,0.030429836815647964,-0.29733998209145113,0.95428662365205008,-17.755534673199346,-27.070439581549241,-1.2927920548361371,,0.2410589795755602,0.4666666666666667,0,1
0.99749346543087491,0.021519306064960345,0.067407016616870416,-0.031226052796098861,0.98872660789617439,0.14643984589209319,-0.063495827024141763,-0.14817764441577322,0.98692029346138888,-2.0805964326826754,21.370681357463074,-2.2582861961503524,,0.07705196744133122,0.3448275862068966,0,3
0.48761094857688647,0.85546123578182587,0.17441799477858169,-0.87129540932290561,0.48951407020731863,0.034932574509981926,-0.055496599182112478,-0.16900310394692972,0.98405186770592767,15.790882167771819,-9.350385935111607,-3.4205374299075366,,0.08097438823626432,0.2054794520547945,0,5
-0.70551304782348678,-0.70711682450666735,0.047298370483799666,0.70578676768173476,-0.7070914386581526,-0.04343657377963471,0.064159004950081033,0.002737494466094306,0.99793593391954039,1.2198697826814844,-20.285695394243401,-2.4614476466820139,,0.07077648973301659,0.15625,0,2
0.95518834518894002,0.27973318159373695,0.096770720420278622,-0.29185621389531874,0.94457045451827082,0.15035493627359481,-0.049347498679306864,-0.17186041884794864,0.98388455664651209,14.914150165690577,36.168985790240853,-3.5584108776452497,0.4077512697741555,0.3904596131430824,0.4567901234567901,1,3
0.99367225450946806,-0.075799284253276242,0.082884975265504049,0.070264414919297302,0.99522340997404712,0.0677737134564695,-0.087626266690536483,-0.061520994354137645,0.9942518818888697,-15.214212451416433,25.022981500149388,-1.4765945163652452,,0.1487813002662894,0.5185185185185185,0,4
-0.83660733900931572,-0.54579947484272806,0.046809118525725488,0.54386061969034527,-0.83778174617972612,-0.048346376473148378,0.065603251945209246,-0.014989297163383356,0.9977331979566294,14.983791862282875,3.4092244207437572,-3.5685417113128577,,0.08565868013417575,0.5041322314049587,0,5
-0.60632641024868794,0.77702266307082324,0.16912736416460245,-0.79471086056604145,-0.59965692998998499,-0.094054316293130324,0.028336060652850072,-0.19143496908692584,0.98109618298990764,24.148645322428205,0.080669635440828141,-4.1023113794520789,,0.1413622957425327,0.2558139534883721,0,2
-0.77981954573690837,0.6142785827777606,0.12059560036430483,-0.62550682132576341,-0.772283578509387,-0.11099230081259612,0.024953808559428844,-0.16198733624972148,0.9864772730950766,-20.469390470748124,7.8969008683650594,-1.1733832057574518,,0.07269227243965866,0.3684210526315789,0,5
-0.98130447633092477,-0.18608408324375697,0.049134903034618246,0.1795972905877703,-0.97713869124655872,-0.11377517867485697,0.069183364665378791,-0.10282359667067763,0.992290768888477,-2.6479274293161699,13.089510674145574,-2.2046908134485581,0.3604734057874256,0.1494175526375017,0.4434523809523809,1,5
-0.85640898114733721,0.50102735593808234,0.12464046538694627,-0.51485228006022399,-0.8468052373907613,-0.13359648065860624,0.038610707413473389,-0.17858465367794354,0.98316668716131816,-17.596816134861626,8.4679828553041983,-1.3025940480531648,,0.07049592577436756,0.2608695652173913,0,4
0.93989937950538982,0.3040244003247855,0.15542947086231429,-0.31979869710283426,0.94332572649784308,0.088686904662679339,-0.11965763551363537,-0.13306290893585701,0.98385787211813025,16.541031907284868,-24.157883783293599,-3.5240420769510297,,0.2189846172293804,0.3888888888888889,0,3
-0.21545706862114156,-0.9759420408183076,-0.033397373318602624,0.97635520299910816,-0.21468073663525344,-0.025351506746459484,0.017571828526238578,-0.038069860534842528,0.99912057158338163,23.581132731840427,-27.882627452199557,-3.9743307492057727,,0.1740619886270289,0.2424242424242424,0,5
-0.25686636667612772,0.96052205397163892,0.1068506130291732,-0.96636782714535407,-0.25385619678377291,-0.041112698924373213,-0.012364963767555978,-0.11381746433910442,0.99342472914783275,1.1166350054108312,-6.2148354422483063,-2.4121154871535464,,0.0841981723524588,0.3225806451612903,0,5
0.92349913714083443,-0.38285593314151911,0.02388887101708571,0.38137652889634654,0.92305908512028378,0.050138494032811953,-0.041246659344830322,-0.037192201269094061,0.99845653548747471,11.33479170345073,-20.718876022716024,-3.158966804929829,,0.4028592146332798,0.6523297491039427,1,5
-0.94275881110384119,0.32433169696711533,0.077554976813242069,-0.32978406142585037,-0.94126707444468405,-0.072517359272218723,0.049480267941292996,-0.093942774649125704,0.99434725230961518,15.270267152077547,-16.542339247125966,-3.38005119270731,,0.08415403990001238,0.1764705882352941,0,1
-0.84859451735055103,-0.52507754176473032,-0.064660036010610697,0.52462082555364919,-0.81942016419820518,-0.23091899857048126,0.068266642791285068,-0.22987859761120549,0.97082207218537897,-0.83367618638995622,-6.292747193479812,-2.2978217107871965,,0.2494334895376303,0.2569444444444444,0,5
-0.4332617448705337,-0.9012480529452509,0.0060172663340415595,0.89983247187038962,-0.43293863554988476,-0.053531863556465047,0.05085059487719517,-0.017778776971382294,0.99854801191031251,-16.393771346969132,1.8287489494713929,-1.3322860043544309,,0.09043903623016507,0.3888888888888889,0,4
0.99593803351130405,-0.079534183766585109,0.042210745293355077,0.066882007704493443,0.96731669011975019,0.24459194193837935,-0.060284578882609068,-0.24077527827489797,0.96870688803197469,-3.8133769335312744,21.024199488342607,-2.1613929477002531,,0.1659492720829956,0.3152173913043478,0,3
0.12717051013070776,-0.99170718359094401,0.018561340663184132,0.99162619471210278,0.12669156045693714,-0.025034745250994417,0.022475571491988824,0.021589592935149549,0.99951425110550818,-18.268056403160923,21.803642765711235,-1.3702128800066007,0.1843995500105283,0.115103296392405,0.6091954022988506,1,5
0.07736550543615632,-0.99644021313683584,-0.033488508662319963,0.99612767646946254,0.078661015938393392,-0.039269539634305226,0.04176398855663227,-0.030320722540171145,0.99866732350892762,17.897041605074186,6.498565311701384,-3.8030581514728294,0.3805286154103915,0.2888579422990069,0.3650793650793651,1,5
0.20956383673254012,0.9633628755689444,0.16737672571021495,-0.97665710866695865,0.21448618248641318,-0.011686300214438266,-0.047158142714002704,-0.16102064308013514,0.98582374797822081,7.278085905574823,-8.3873835560414207,-2.8358300000830581,,0.08633700709470446,0.451219512195122,0,5
0.47562360583743973,0.82262216330572957,0.31156855105801912,-0.87793938833534935,0.46599638533081911,0.10986263818042465,-0.054814377489342161,-0.32579156725859593,0.94385127998199148,34.509542500037021,8.4504716627814513,-4.4766742491509781,,0.3955532596306028,0.5961538461538461,0,5
-0.98695310534164205,-0.15589654578427856,0.040247172186661462,0.14619300448308872,-0.97242799219863574,-0.18169041094328484,0.067462384309332102,-0.17343606026735764,0.98253181103831966,10.42159626283385,11.47518225634628,-3.1663802682983517,0.5440234618321829,0.3630243455874843,0.2692307692307692,1,4
0.99829948218524123,-0.0011336471081985385,0.058282576409374252,-0.0020886938745170646,0.99847326569343464,0.0551976000690899,-0.058256169000192856,-0.055225470027177828,0.99677297627579153,-35.78746050473859,19.258890678200938,-0.67617625698260131,,0.1018916734007622,0.3684210526315789,0,4
0.85988576095432179,0.49557627885880007,0.12247705883337427,-0.50549645342183436,0.86007468531062803,0.068883025962667196,-0.071202624150772831,-0.12114325206255237,0.99007802661899091,-23.524628840896444,13.791007448562604,-1.0933411212540152,0.526600605612497,0.4879004781129461,0.6755555555555556,1,5
-0.95746375732984434,-0.28720879381920505,0.02782556653033574,0.28106935328335769,-0.95010382537173899,-0.13528761827625721,0.065292970867404709,-0.12171207732556645,0.99041556842994127,2.6678857097024959,10.321858052725698,-2.5854463452944527,0.2425252141688501,0.1351352564007298,0.48125,1,5
0.69881574619713127,-0.71380448829209198,0.046256949326682111,0.71486798542516605,0.6991818394514755,-0.010417235497743664,-0.024906149463758156,0.040347340374746209,0.9988752553965754,26.75708418953101,-8.5695705995882907,-4.1754195401932641,,0.07795259067552493,0.3,0,5
0.99501078897757667,0.07324274995577805,0.067742375195559729,-0.079667418382777369,0.99203332581248482,0.097585772147602695,-0.060055243455039889,-0.10249575628451997,0.99291892301296225,-16.186289285791077,13.669169500640942,-1.4281591518731316,,0.1314007033098246,0.3536585365853658,0,5
-0.86474544155073452,0.49116924358558095,0.10472867550386855,-0.49931484515972646,-0.86321873393038062,-0.07441843047760531,0.0538517104681435,-0.11664558091586676,0.9917125600356469,-17.627181759623817,5.9312583096515565,-1.2795785224042313,,0.1033821613277903,0.4,0,3
-0.48103705565914867,-0.86749237737905283,-0.12672934258496441,0.87509455933452285,-0.46636820927891315,-0.12926796044302039,0.053036433759213367,-0.173082837286717,0.98347824995313748,16.392086037886813,16.968670350552038,-3.6186050057768102,,0.610086068482486,0.379746835443038,0,2
-0.12265980387034814,-0.99159496864173913,-0.041158118019132967,0.99163984003655248,-0.12078030389902134,-0.045415260016221294,0.040062453329378696,-0.046384656455009166,0.99811996447259943,35.216046539916384,-4.8040692743795761,-4.667158990342096,,0.1273714468544549,0.2727272727272727,0,4
-0.34771080459302073,0.8789869961570177,0.32631128842891427,-0.93758493663388265,-0.32387821033665154,-0.12663882290343087,-0.0056287624317435782,-0.34997823568900915,0.93674092020018895,0.61234975189863761,-26.281025747453189,-2.5010900737486641,,0.1275121917706217,0.2692307692307692,0,1
-0.39728970831797566,-0.91768926052815658,-0.0027034747833536176,0.91616167166075502,-0.39645480726648769,-0.058918394199635606,0.052996972030385725,-0.025884491622946693,0.99825914173076002,8.175483464651645,-21.043908765758776,-2.9326666826425343,,0.08558090852633482,0.36,0,4
0.35425821537279939,0.9088070605944959,0.22038793854127367,-0.93413123313358892,0.35489049997159422,0.03809950543291498,-0.043588486154030055,-0.21936831959858025,0.97466793536634611,16.28377890217299,18.139486432222924,-3.6354325908052592,0.3656657240130189,0.2679288094244651,0.8476190476190476,1,5
-0.65564591003012829,0.72950372778558747,0.19481466014573262,-0.75484545540974024,-0.63953100335389657,-0.14563115805493251,0.018351542388243304,-0.24253743400986699,0.9699684603098615,2.5339505033697063,-10.215327230894987,-2.5206909834075111,,0.1028051798606823,0.2547169811320755,0,5
-0.98508850217016208,0.14848285968603472,0.086910777649293711,-0.16231925780763481,-0.96954909028104219,-0.18337671629730554,0.057035966169832017,-0.19474958771371323,0.97919328870678735,12.134061246140394,-11.457660844920081,-3.1636789560849681,,0.1410616950837048,0.2258064516129032,0,1
-0.91368954894485988,0.38838136192673711,0.11971351576522589,-0.40302113295640563,-0.90384059410942685,-0.14368767111500166,0.052396321812444593,-0.17953300016389917,0.98235560125276233,35.981117927743917,3.7164562473787828,-4.5995417318248455,0.4977688910626649,0.4861329022681862,0.5773809523809523,1,5
0.37617615254934555,0.91738993180045769,0.12995081871355413,-0.92500845164602552,0.37992122767290187,-0.0043846490095320878,-0.05339350743857578,-0.11855620521367305,0.99151074606821099,-21.793277124664005,0.99889329755722511,-1.0111613946654754,,0.2205498986033594,0.6451612903225806,0,4
0.94319148444162915,-0.33022051433425692,0.03666381853564047,0.32809051554043384,0.94310214224379552,0.053990396438395566,-0.052406462284797742,-0.038894231037283185,0.99786812831296012,-11.207368949277461,12.587410092944015,-1.7092727876977982,,0.07718438278958664,0.2898550724637681,0,5
-0.90023717404489811,0.39491187018305779,0.18335115286295803,-0.43021195783790717,-0.87160804472587472,-0.23498316472124586,0.067012698803517123,-0.29042043860179179,0.95454977190370383,6.9868050188197142,16.946425220430296,-2.9067543570012071,,0.2784061005708213,0.2878787878787879,0,5
0.27059079630348182,0.94701192674785328,0.17305788497831681,-0.9613496530062432,0.27530939741272431,-0.0034029929503239915,-0.050867136941496596,-0.16544831910165578,0.9849057762475627,-1.1518380487080855,20.63089004139788,-2.3183314172212532,,0.09533898991642106,0.2912621359223301,0,5
-0.098495657516811802,-0.99512307080524254,-0.0053553152546457414,0.99425016848692638,-0.098179204666154082,-0.042748640151949457,0.042014377468318549,-0.0095350785139480011,0.99907150613141005,14.800062546742481,19.138594715331781,-3.5338707444971118,0.3820876247121121,0.2710615026992655,0.6954022988505747,1,5
0.93785398534799169,0.33899580814618646,0.074241122204633428,-0.33998052900120046,0.94043223850365742,0.00066684560725384302,-0.069592686878387239,-0.025865939811148875,0.99724009701311822,11.781447253236612,-12.611061294533823,-3.1332885863012403,,0.08885757281143511,0.1923076923076923,0,5
-0.3300709926636719,0.93916238977841449,0.095011291053835392,-0.94393870644031574,-0.3277775129270315,-0.039263475433963198,-0.0057322147379544547,-0.10264456948649565,0.99470158040948686,6.0590913628494203,-10.649331164938378,-2.7587025278787189,,0.07882638722495322,0.3532934131736527,0,5
-0.67640721341829158,0.72537295514281441,0.12770026461633976,-0.73627810991470888,-0.67045173277895265,-0.091591587354541135,0.019178803302771014,-0.15597611984236995,0.98757461669627455,21.195185803557589,-26.749930668673429,-3.8091508144543273,,0.08091939413914756,0.2692307692307692,0,3
0.8150694691601601,-0.5792381046470042,0.012040704627352154,0.57794072320047707,0.81434808164298267,0.0531198869624658,-0.040574387358115784,-0.03633758452816948,0.99851554772130313,6.598121284598883,-11.96029053406189,-2.7843686977672326,,0.1912322436852403,0.2975206611570248,0,5
-0.9256318239074226,-0.37303440627415529,0.063647924597010838,0.3578474135118756,-0.91753598642601086,-0.17341551907516187,0.12308921647601422,-0.13774267802295539,0.98278990605234939,-6.3863653559855331,4.0077373352227879,-1.8952076511401812,0.7686938179727081,0.7674648601843274,0.3283378746594006,1,2
-0.91651259760618542,0.35566485348423682,0.18304963923809883,-0.39613965842204085,-0.87051065047179688,-0.29203523492968575,0.055479991478283801,-0.34016719331999745,0.93872693107972816,15.708970211832801,-6.1727970460429784,-3.4069514519467581,,0.2408583046020124,0.1041666666666667,0,5
0.47054245299365399,0.8261448023326281,0.30995897391348304,-0.88042159196724534,0.46295421952858623,0.10262168883106476,-0.058716440019617504,-0.32118243445036315,0.94519533614590079,-0.10332625508358313,-13.71448896744346,-2.3404532199773946,,0.1779933643420097,0.2558139534883721,0,4
-0.5347363449108945,0.83819658225968685,0.10716123795252559,-0.84492827162876127,-0.53222002264558754,-0.053273476492197692,0.012379710568970493,-0.11903082366896012,0.99281337913170675,19.283820327257807,-15.220556077719104,-3.6660606141233885,,0.07769447850692611,0.1304347826086956,0,5
-0.77371761756912505,-0.63343451491883884,0.011034653265627015,0.62996298230153924,-0.7710896903205392,-0.092559874735899092,0.067139326723669582,-0.0646637826832787,0.99564597423792267,10.232524739783777,22.85426644008772,-3.2035665940517841,,0.1238411518692079,0.2307692307692308,0,4
0.98054484452085,0.17589791659725063,0.087130538964991899,-0.18334681994068161,0.97923828742860353,0.086465716047089011,-0.070112420449037413,-0.10075861933672575,0.99243737793784037,7.8185578875775521,15.288317729377708,-2.9640941252325144,0.4539788555611565,0.1757010224391501,0.1290322580645161,1,5
0.99823634350827817,0.0069100626247856527,0.058961458036121212,-0.014023398894877023,0.99254143610759238,0.12109848014287122,-0.057684892152615665,-0.1217117440676936,0.99088783652507439,2.2844457929793749,-19.002785601782566,-2.5313481537699136,,0.1826201238667137,0.2758620689655172,0,3
-0.69348891119306433,-0.71961645514012629,0.035004107527787445,0.71716371365370601,-0.69414116849881768,-0.062001983948262132,0.068915440002100051,-0.017894012592328461,0.99746201253113542,-2.2937242219103755,-1.5523528163645641,-2.1878184419673143,0.3307205467582577,0.259476931540241,0.7490706319702602,1,5
-0.04844369144761216,0.98613255552446177,0.15873182319157816,-0.9985326079791933,-0.043963008600049099,-0.031620953133986524,-0.02420412281406455,-0.16003073707768106,0.98681524290475731,40.865261936180737,4.6891320736559452,-4.8317545731767195,0.316830451338051,0.2987171352906771,0.7215189873417721,1,5
-0.28151416601467033,-0.95938150436317049,-0.018354929009011391,0.95836129860506791,-0.28015724310183554,-0.055276943417560488,0.047889410824042467,-0.033151896226914647,0.99830233702395377,21.676004582220866,16.420943226314986,-4.0219490971166643,0.5020678393080545,0.3753879399295633,0.8301886792452831,1,5
-0.29373034987782942,0.94740568124383995,0.12706280615327414,-0.95580649415683483,-0.28935959574107811,-0.052009326857605717,-0.0125070895203251,-0.13672417306188531,0.99053019803147624,-1.7254427021717531,10.889120360369484,-2.2744214855866733,,0.08911214937885126,0.2010869565217391,0,5
-0.01126602926341152,0.99024882570806727,0.13885366314372369,-0.9995495113821028,-0.0072894161665645026,-0.029114235482841502,-0.027818175361365362,-0.13911911297785562,0.98988485265904536,21.956871343434738,5.1218918959412809,-4.0840409626622574,,0.09441346912157179,0.2769230769230769,0,5
-0.35932507870761943,0.92793509785624695,0.099105711128481058,-0.93312733846895857,-0.35869479826178596,-0.024726744665963894,0.012603888828543715,-0.10136318792567357,0.99476964475196161,-21.860426847325115,13.3212714445768,-1.1607583388495422,,0.07870527592296399,0.4444444444444444,0,5
0.7008483317178682,0.68977544132047508,0.18171806866524623,-0.70667430026716038,0.70608829841716148,0.045285187205955701,-0.09707239190522815,-0.16015353692473799,0.98230738332779355,11.116665483835547,24.652377132754317,-3.3045235637764634,,0.1606371507101569,0.3333333333333333,0,5
0.98708980569836169,-0.15999372583664154,0.0074647959971946157,0.15688255567627829,0.97518392526666142,0.15621835879942134,-0.032273506330263844,-0.15303045316019587,0.98769433591305722,24.955136875975203,3.8809025617193194,-4.2229347867065519,,0.3813232728159304,0.2894736842105263,0,4
-0.40022715873098075,0.90071349168315962,0.16891840430828026,-0.91641552232811596,-0.39318798354420759,-0.074738209990103707,-0.00090102730885761591,-0.18471170914798329,0.98279233444986669,3.9574299066684793,1.7160188680520283,-2.6120545166924551,0.2044723541584329,0.1455770663340054,0.4101910828025478,1,5
-0.61722302719373379,-0.78592067672632704,0.03693811846636353,0.78413556538213047,-0.61831568228914502,-0.053076662839285062,0.064553464699032836,-0.0037956461032306291,0.99790703137417069,22.264478667923445,-22.925736490518652,-3.8693097327554886,,0.1159937171090416,0.2380952380952381,0,4
-0.48528166336142342,-0.86639236292208188,-0.11775389876968671,0.87068074771309423,-0.46650014218894642,-0.15586100506367676,0.080104573945167873,-0.1781625404174072,0.98073511532170554,13.828452276551227,-17.528844735657788,-3.2917877982439587,,0.4008975016653874,0.3783783783783784,0,4
-0.94986062600293164,0.30350154593932027,0.075177142681544046,-0.31066130986003232,-0.94329729148438768,-0.11696055076078639,0.035416687103222856,-0.13445085158027129,0.99028714360228476,20.30513160521928,-17.155064749131121,-3.7207730603193929,,0.096205091469902,0.2333333333333333,0,5
-0.96334413745091718,-0.26352526539573734,0.050224569057931219,0.25965915152807589,-0.96299020949362624,-0.0722978661313156,0.067418082638624699,-0.056606456500368427,0.99611771955718387,-12.003069527406696,7.8643731117008535,-1.5919778960099056,,0.07647282385562515,0.19,0,3
0.78970325465420499,-0.61202130197071369,0.042411030671606793,0.61163365154380944,0.79080381147577949,0.023099957890976353,-0.04767647100762689,0.0076979016265322428,0.99883316746231798,2.7013382188485116,-16.025622881912025,-2.5445555014716286,,0.09933207468742969,0.3050847457627119,0,5
-0.96974116731375015,-0.24159979362801179,0.035094274972809224,0.23503781323443521,-0.96278428237027969,-0.13343032627824813,0.066024955637544444,-0.12114439871346593,0.9904366410293054,15.524179043305637,-31.418304707654571,-3.5209391572662239,,0.2172617234499418,0.3061224489795918,0,4
-0.99419192521888833,-0.099295699223561504,0.041506384391617544,0.085873655370930016,-0.9643828841594082,-0.25018266937103456,0.06487010977943114,-0.2451652847694504,0.96730856090552597,-12.980195838169809,26.618992271678529,-1.5485058293402933,,0.1906859685448972,0.2105263157894737,0,1
-0.052214778185900881,-0.99820570544908849,0.029308472288486757,0.99819384194944683,-0.05304231239848739,-0.028205797092508023,0.029709776727529141,0.027782777116571695,0.99917238075443793,12.901855891458268,-26.761646590867645,-3.2968959656417232,,0.07461895825436085,0.2424242424242424,0,3
0.70516333371884132,-0.7086084396720691,-0.024874726210457863,0.70904432937362416,0.70477327044942673,0.023468622522976757,0.00090097815561912054,-0.03418649566033808,0.9994150648018213,-26.739606901042833,31.455857878341792,-0.63153701766870229,,0.1796924233547387,0.3055555555555556,0,5
0.48908823268099966,0.86880923986783276,0.077221793382796,-0.8704252053571172,0.49185642859640061,-0.020909699362109534,-0.056148575511730511,-0.056989107456359912,0.99679465242312137,-16.518884641827075,-11.493158878349366,-1.2362690345807104,,0.1966711179213616,0.4090909090909091,0,1
0.92093892927582122,-0.38961347678078828,0.00853388862648863,0.38941933743710111,0.92087976313371034,0.018249424123783768,-0.014968906919084897,-0.013483343857768582,0.99979704503667166,3.1868120734153238,-26.926461364686126,-2.653505492506413,,0.1867563919581547,0.3823529411764706,0,4
-0.74173403859908937,-0.66997721544523436,0.031002367131186998,0.6679880971572294,-0.74209984982578481,-0.055495179473653136,0.060187357806689323,-0.020453451366442572,0.99797752393901762,16.809583745212766,-10.376136392148883,-3.4767733398492577,,0.1244396053802537,0.3846153846153846,0,5
0.99431781054109403,-0.094344948894713912,0.049306411944276929,0.092040156986227167,0.99464088834379139,0.04709684423210965,-0.053485522739481255,-0.042291061144487413,0.99767267427977468,-31.944492976493841,25.517394957003155,-0.61645974284903193,0.2258182019343542,0.301576068658233,0.7792207792207793,1,5
-0.65221865410430913,-0.75790686563665188,0.013711683309935233,0.75562836080261175,-0.6514841339600318,-0.067780554358215436,0.060304291631057091,-0.033846805154628332,0.99760602754379124,13.054616112743915,-9.4684226408634142,-3.2008321037403484,,0.08732482418784041,0.2545454545454545,0,5
-0.9960319834379453,-0.064712744515812604,0.061094587860998723,0.06144353674894662,-0.99665121270524504,-0.053954165779356897,0.064381517227034821,-0.049986207201553508,0.99667266408242083,-2.1020747131308868,8.978226905065311,-2.2322983895309458,,0.08400339875285023,0.3771626297577855,0,5
-0.46377787866170944,0.87932165716824773,0.10818272735946209,-0.88592919527748792,-0.46116236640633879,-0.049585610468039124,0.0062881013849259461,-0.1188389458275052,0.99289363213567883,-7.177933409006914,-17.289852239194722,-1.8917001078782054,,0.1515720554283172,0.3870967741935484,0,5
0.050395029809317302,0.99052783318742366,0.12772999902742815,-0.99819655991255274,0.05413149697537404,-0.025950121655806298,-0.032618533830693595,-0.12619188847241269,0.99146943398901788,32.442981117080102,5.3260801517005918,-4.4100292199986955,0.2664108630865054,0.3368019829328041,0.8486486486486486,1,5
0.60831998634028073,0.77321037121691794,0.17914384181868362,-0.79081269854510816,0.60968014854910779,0.053901690928412876,-0.067543097639695196,-0.17445870086566131,0.98234519984244917,-30.525784935910515,15.244095238430518,-0.80590193125261056,,0.30119536708539,0.3823529411764706,0,4
0.63711661533222863,0.76010660499549576,0.12775119377065328,-0.76776928723176019,0.64046527144004939,0.018290917496374109,-0.067917155794690126,-0.10973689043091185,0.99163757231526628,15.055397615986983,-7.1521233704189155,-3.3405778062664129,,0.1390739518967734,0.3076923076923077,0,5
-0.50944878925319825,-0.85902248321680064,0.050421269881782249,0.85856731306145384,-0.51135661138062971,-0.037102357603721686,0.057655009070203114,0.02438830304389299,0.99803863181930697,-2.7619801064062606,10.693903304642687,-2.217396027879829,,0.08869301614831412,0.3907563025210084,0,5
-0.60038391913376921,-0.79821180716684603,-0.048959784977205462,0.79697727035519539,-0.5921498936638363,-0.11910387890866297,0.066078590956208577,-0.11052788939152743,0.99167394111365925,12.576744583857979,20.082385247169885,-3.3874106325032605,,0.13033380631148,0.2596153846153846,0,5
-0.91329832425405688,0.37444326387984994,0.16024485342667663,-0.40350884517553576,-0.88533864391259975,-0.23098938819803869,0.05537854078826393,-0.27562243691325983,0.95966946887465321,10.622787729429495,3.7796928325888621,-3.0768364629524587,,0.262009106433174,0.3671875,0,5
-0.89181386353498548,-0.45196669804351464,0.019852875520752655,0.44697469528158651,-0.88704259288103127,-0.11562465218467641,0.069868838438410907,-0.094241934798353619,0.99309455901275001,27.221388109096829,-15.395410092808172,-4.1755908082472946,,0.1506821735058701,0.3714285714285714,0,5
0.99639433306111214,-0.061384011108487645,0.058569072247518845,0.059375366669229379,0.99760635316478641,0.035441923736587382,-0.060604446013445015,-0.031836571823746766,0.99765401508635032,17.097313012238732,-14.103503217389148,-3.4936048702823279,,0.07176833164540936,0.1739130434782609,0,5
0.81369665517932643,-0.58075728723844955,-0.024874216960847489,0.58020096441306157,0.80881083624403738,0.095874251331500557,-0.035561133898280847,-0.092444602295967515,0.99508261027022815,15.041481811950037,-28.710119178411773,-3.4716469759096773,,0.09486637846242407,0.1875,0,5
0.34275350577095098,0.91659704461973357,0.20583948133458976,-0.93719208792132191,0.34872902176540821,0.0076850319592245888,-0.064738123384877028,-0.19554520493459221,0.97855559280384952,17.008457034982278,35.892634260356033,-3.6636491198751804,0.1572205905577622,0.2611903984569274,0.1904761904761905,1,5
0.94436786424739583,0.2803465038011107,0.17197434338675982,-0.31373036370021123,0.92479851784552536,0.2152230477510565,-0.098704588897104706,-0.25720330323931362,0.96130321175654088,5.2155446986470535,-13.161830579872342,-2.6975582284986115,,0.3161106186099581,0.5,0,4
0.717032734590201,0.64392216808816416,0.26688630345286796,-0.69397574071070212,0.69533989030589327,0.18681570665878253,-0.065281918102416903,-0.3191655971341929,0.94544782657471038,-19.545652227031759,9.4803977663379158,-1.2517682072993055,,0.6069387473535233,0.4851485148514851,0,1
-0.37504833109923091,-0.91584714686993052,-0.14339718585066571,0.92261492178058835,-0.3537419299171598,-0.15378021045076898,0.090113569718890105,-0.18997539469281785,0.9776445642276278,15.942000674752121,-15.21807896079285,-3.4216705855905292,,0.2974668101411845,0.1971830985915493,0,3
-0.92457557792234757,-0.37654905142179695,0.058058699459279724,0.37416874669867273,-0.92612118094741269,-0.047930232573133148,0.071817474917338434,-0.022591371669623495,0.99716191274164878,-14.464686976302284,8.109923098799932,-1.5016837401922356,0.2238430683558011,0.2076831418781272,0.7396226415094339,1,6
-0.44700442498022624,0.88979588843284663,0.091925627417490552,-0.89453146309853859,-0.4447194242082993,-0.045145268396888275,0.00071103789334454046,-0.10241050073034794,0.99474196843466633,0.83064243999984733,18.640056162249238,-2.4739040505810319,0.1954402331745111,0.191393128588318,0.7051792828685259,1,5
-0.30045829843914518,0.90263774772605887,0.30817187944243196,-0.95379225115931165,-0.28511122369697306,-0.094825796861751771,0.0022699179512074307,-0.32242314821061135,0.94659292252290417,-2.6601724972810907,-9.2668751563475453,-2.1682490175837823,,0.09548144254851146,0.2137404580152672,0,5
0.95453636147543452,0.26914701090188647,0.12814141072978805,-0.29365600529888347,0.92291452632238025,0.24898780623765551,-0.051249245586080829,-0.27529740940611502,0.95999210996817141,12.172846625998542,-15.355651551506723,-3.1765595679765637,,0.3347548055880432,0.125,0,2
-0.52238922647544039,0.8263452392728966,0.21038783613462675,-0.85267082005934403,-0.50849545357188164,-0.11993684303020676,0.0078720189098516816,-0.2420452834238791,0.97023301948064922,-5.0312459727937835,-7.9780074747636389,-1.9990346392759581,,0.1758537741391479,0.3605015673981191,0,5
0.87025406225988466,0.47755639883946832,0.1208211614231897,-0.48938637464482887,0.86614668463658351,0.10144405850046946,-0.05620358913949268,-0.14741033417143534,0.98747726553440518,20.269662050545509,-1.6698709804550558,-3.7819816419486081,0.4952746837801973,0.4404809722577747,0.3763837638376384,1,5
0.32106464138630975,0.92628530771975692,0.19726384553180537,-0.94389306104016857,0.32998600368554604,-0.013233544191300168,-0.077352345612144824,-0.18194715187152127,0.98026111243593728,-24.705349209380294,9.1427576546829297,-0.91176757605915004,0.2648620045461132,0.1745246957296847,0.2830188679245283,1,5
-0.042673815492606564,0.98960937925787307,0.1373033938260417,-0.99869615886543706,-0.038398503057560728,-0.033638329779568391,-0.028016561864787591,-0.13855984789174905,0.98995769647671883,6.5299644826073502,12.497698890480358,-2.8616048569538415,,0.07701999633687931,0.2651515151515151,0,5
-0.6951481766714166,0.68878968557811748,0.2057614675093527,-0.71851195385914302,-0.67472351884906279,-0.1687860932466127,0.022573981304164388,-0.26517341901694436,0.96393644666800682,41.954695106280859,3.9030229147043025,-4.9344864017903385,,0.1244318989066183,0.2916666666666667,0,1
0.10894591982188367,0.9710573485457481,0.21255214040198434,-0.99395394415924643,0.10347983167601256,0.036708055336413817,0.013650767174075091,-0.2152662311455405,0.97645998703682368,-8.201194623983536,2.7008355659094394,-1.7766958668393691,0.4883390497721625,0.1974559839633724,0.1704545454545454,1,5
-0.99882399816361567,0.0025101780502121886,0.048418175291988608,-0.0079635611821750191,-0.99358922275302752,-0.11276984580255493,0.047824704763827428,-0.11302280935806941,0.99244074995893961,-18.172520478086625,13.239322982937001,-1.3686646484159659,,0.3431298020675704,0.1159420289855072,0,3
-0.22791306000211156,-0.96666102148254085,-0.11671378079217706,0.97135055012826987,-0.21743879679876654,-0.095908698313613858,0.06733309621561287,-0.13522884009350666,0.988523856546206,13.201712363348463,-3.5882274988071692,-3.2199056450190944,,0.369843843903304,0.3737373737373738,0,5
0.30908328585958034,0.92991039305406864,0.19933435050756459,-0.95091110988981398,0.2987958187098253,0.080555073146556411,0.015348729275314506,-0.2144474751811101,0.97661491740505435,6.2055442973120636,21.140419199673929,-2.8103230554555889,,0.1778068465652649,0.3333333333333333,0,2
-0.59127664921163492,-0.80642303056594999,0.0085918490379067666,0.80455209712157161,-0.59057198260006138,-0.062615145013915116,0.055568400321964889,-0.030110282972128515,0.9980007633990049,25.89969417129797,2.1915501751015585,-4.1734541575354731,,0.1166965102297254,0.25,0,5
-0.99169806998094479,0.10515717622958035,0.074006123283755984,-0.11261086240201147,-0.98807230101332855,-0.10503295501556367,0.062078431561571626,-0.11249487213934325,0.99171123421952256,4.2132307834261127,21.110336586086881,-2.6443204083696887,0.3660549912812762,0.2141401059171993,0.3174603174603174,1,5
-0.33938936700849937,-0.94061115971012732,-0.0080934411926798129,0.939332744758967,-0.33844850656095338,-0.055736909048180787,0.049687545573865829,-0.02651894861093761,0.99841268680812334,21.244067289250808,-8.3324594450093734,-3.8303867725187901,0.2053566487149165,0.08920070115190956,0.358974358974359,1,5
-0.99056764855730284,0.12139014278881188,0.063562306954423387,-0.13112822146393335,-0.97439505615983824,-0.18264628128426724,0.039763339489561539,-0.1892583096325704,0.98112189307326181,-5.5271015188113957,7.2734680015117474,-1.9981294797092559,0.6406559533398458,0.2219340520112321,0.2281303602058319,1,3
-0.27061325795633989,-0.9624008812987731,-0.023516128371851006,0.95982735927099416,-0.26784678150883212,-0.083603480969577468,0.074161344466817714,-0.045195633757099639,0.9962215866343036,-2.6378569870699176,14.470329984760335,-2.2092232579642794,,0.1133937210111328,0.1568627450980392,0,5
0.64985994747910669,-0.75993436735959752,-0.01348354434938895,0.75982820225766079,0.64913229442529796,0.035893834958668915,-0.018524354680921756,-0.033571142964121954,0.99926464294687189,21.507256634209334,-21.818594503611269,-3.8156057852423735,,0.06838629930189784,0.1578947368421053,0,1
-0.90315213794925187,-0.42301574493130395,-0.073306856827371716,0.42373188630458758,-0.85084273079296247,-0.31067335898903409,0.069047116134206943,-0.31164776109734427,0.94768569091052623,4.0010248564176507,6.1735974592033793,-2.6570849817380235,,0.3876330044693826,0.3347547974413646,0,1
-0.99787005442721644,-0.02019193812870948,0.062029348795799917,0.015925371000489633,-0.99752239627428307,-0.068523364553329483,0.063259284187551515,-0.067389573123875002,0.99571929196850484,13.721312258275942,14.979337147917041,-3.4125685148147262,,0.07358301790338187,0.2786885245901639,0,5
-0.0047087535013008979,0.95228366188233382,0.30517807089048377,-0.99830256850070553,0.013239440983859192,-0.056715949496847072,-0.058050059133113605,-0.30492711344583334,0.95060488433430357,29.8847468264863,0.76981215988319074,-4.3997604151800616,0.375434514648238,0.4074909883526541,0.8,1,5
-0.57363275847417983,0.80624626731116855,0.14461125423739213,-0.81866062409961904,-0.57017488041426234,-0.068522903422166742,0.027207369481915929,-0.15769452175452944,0.98711306183966863,3.8131472708464798,-13.02297466950691,-2.5914992385871867,,0.1518328962244898,0.102803738317757,0,4
-0.85587029553093785,-0.51550680893414669,-0.041698527196036561,0.51288285393580768,-0.83559444663912286,-0.19680726329208215,0.066612426516725137,-0.18982795022965268,0.97955506937852288,15.90022536829475,21.731344665567597,-3.6198031616812911,,0.1105674543916487,0.2372881355932203,0,5
-0.56464907540472198,-0.82531440734548311,-0.0052488734569622461,0.82250967352356275,-0.56218200794809037,-0.086192963167625897,0.068185472094539734,-0.052986026152445742,0.99626463473708526,11.975015459123883,33.120452491310758,-3.5131962109354764,0.2531178758991247,0.1065346803544308,0.2333333333333333,1,4
0.98297341924418236,0.17370097272954937,0.05992686486217385,-0.17928365322865084,0.97810425314488247,0.10568557926642619,-0.040257033477266724,-0.11463002247535128,0.9925922270514268,-17.32728464537572,-21.486462949430351,-1.2268961217547896,,0.385625388773058,0.6025641025641025,1,5
0.99276183765613957,-0.10680024009213851,0.054933072095661784,0.10393545703475263,0.99319169729301149,0.052608679884638042,-0.060177690754819504,-0.046518395764351239,0.99710314631482799,-12.812046835244679,11.536050543963082,-1.6335768871575402,,0.1317747460989179,0.1621621621621622,0,5
0.92381958548107979,0.36059466831898679,0.12856460889951749,-0.37680889351012514,0.91580346406717095,0.1389930680798315,-0.067619754903733967,-0.17684880656224269,0.98191245453159903,-2.7408126704972586,-11.774144225138308,-2.1858337162093058,,0.0824296809587904,0.3138686131386861,0,5
-0.89492973050462465,-0.44520438697768011,0.029897011134041748,0.44147801452138169,-0.89318423424704618,-0.08555165917021719,0.064791512971834428,-0.063363850169845568,0.9958850748648036,-13.102021528566002,-14.014450106315424,-1.4886687184436489,,0.3528357904291676,0.7540106951871658,1,5
0.16787269131804283,0.96524697354165567,0.20029238522298357,-0.98500920496308886,0.17241893541365894,-0.0053457318305795152,-0.039694151302441451,-0.19639244073918774,0.97972158472337656,-1.1570591699810744,7.3925483186593537,-2.2903058285613516,0.2144184291761291,0.08829993184631262,0.4530386740331492,1,5
0.2270757854744036,-0.97348779486228965,-0.027533632258376243,0.97376834636699838,0.22738215620210789,-0.0085183715909490157,0.014553187446876033,-0.024877063633738452,0.99958458193396493,-25.482964766589806,13.961369284551337,-0.96475805766214229,0.2301971900153702,0.2398959700941205,0.5757575757575758,1,5
-0.98951635031850371,0.12278484428685976,0.076034692514669794,-0.1374300145041005,-0.9623697047708506,-0.23443025072005749,0.04438900275689342,-0.24242201499186891,0.9691548808531748,-2.3602857388845027,-5.6248212430236162,-2.1973376972414966,0.4329722910521721,0.2592973512470004,0.3076923076923077,1,5
0.13737912115440901,0.97654528299352183,0.16578988911856193,-0.9898004733390614,0.14171502635789832,-0.014555901969655907,-0.037709415914493609,-0.16209923370418203,0.98605366911943781,13.315384124762218,-11.221834761389422,-3.2639592077204145,,0.08165916300250783,0.2903225806451613,0,5
0.95278019984108275,0.2847287416825347,0.10554351922627309,-0.29497699997830618,0.95035615951038888,0.099054225374094376,-0.072100348643987719,-0.12550981531555205,0.98946896160762488,-8.4799304777205702,-16.816775581811594,-1.8217918432874021,,0.1100097293324687,0.2738095238095238,0,6
-0.94746201690884424,0.30698620327004539,0.089862102784583536,-0.31750879058671855,-0.93665715439768304,-0.1478564946689635,0.038780077555157305,-0.16862042022684054,0.98491789478480873,0.76238738925859117,32.159126230075913,-2.4576269792330034,0.4792439565756454,0.5585762534248322,0.7668918918918919,1,4
-0.90381539203725025,-0.41759665330697177,0.093438601570060689,0.39105539406663437,-0.89468272246695457,-0.21591318831999901,0.17376252728347649,-0.15860599378943724,0.97193143937529081,31.294933260065388,-3.1896247791071604,-4.4125337934619333,,0.2520788623114248,0.12,0,2
-0.15919951050477441,0.96932458595976512,0.18725747757825414,-0.98708249237262902,-0.1528270307795051,-0.048083800957900165,-0.017990806165344014,-0.19249349525906154,0.98113331671922721,4.3622721989817714,6.9153003580075971,-2.680622500848195,0.2509251773030147,0.136866208274941,0.4471744471744472,1,5
-0.025496932377689213,0.9762769362834498,0.21501918547034155,-0.99618231417162051,-0.0068493791424887891,-0.0870280583319957,-0.083490738234862624,-0.21641725829139424,0.97272445581605205,-22.613698887452561,27.926083052286124,-0.98459623312528721,,0.5408698301443123,0.1290322580645161,0,4
-0.84711283281988703,-0.53040326953989547,-0.032744772609643542,0.52839954861170524,-0.83415565561581417,-0.15804511770725121,0.056513409902555621,-0.1511843704406706,0.98688880864849526,-11.354533160098995,-15.097510467077123,-1.6062203518102867,,0.37433563397152,0.1666666666666667,0,3
-0.76084323038254509,-0.64676107349925038,-0.053081942194618377,0.64696579939685372,-0.74962290702597623,-0.13964509183181656,0.050525569683532404,-0.14059022394186518,0.98877780908560697,2.335889405784791,-4.9173801711200111,-2.4859891007791353,0.3837401890986092,0.1430756565912905,0.2731958762886598,1,4
-0.57564505370215258,-0.81674286090735115,0.039545812738151422,0.8154858942862403,-0.57697112982821031,-0.045684478380833643,0.06012926382732816,0.0059510084551577802,0.99817285934348587,8.7626718049841337,11.607324847001653,-2.9984595745266813,,0.0742256860387726,0.2785714285714286,0,5
0.96247932804066028,-0.2686332983760128,0.038336589546099815,0.2671471202989103,0.9628337101791028,0.039795259249632439,-0.04760209250024193,-0.028060604882468199,0.99847215446562732,2.4868166203968749,11.311821254728354,-2.5331981222214512,,0.07014845685746431,0.2396694214876033,0,5
-0.30725502125404219,-0.95148290015134152,0.016572345451731699,0.95047357706999691,-0.3076932428335849,-0.043873085215402424,0.046843689072739746,0.0022713507316082329,0.99889964949433829,-8.1767412901695149,-23.811283311605305,-1.8943251757639898,,0.0789956277434892,0.3157894736842105,0,5
