axis_00,axis_01,axis_02,axis_10,axis_11,axis_12,axis_20,axis_21,axis_22,location_x,location_y,location_z,dbh,dbh_approximation,score,reconstructed,number_clusters
-0.73390125071343981,0.67033625598680213,-0.10971899612576723,-0.67836682987790009,-0.73157850182833761,0.067906846370701587,-0.034747637655790892,0.12426664706268556,0.9916402584128684,-16.405500202998375,7.2069686893252829,-4.5273686529128678,0.2362038729471839,0.08636185052899192,0.1818181818181818,1,5
0.69124545320643005,-0.67712967125046708,-0.25233931864391151,0.72254517743193425,0.65268948794189519,0.22787035546556528,0.010401441789176073,-0.33984090489872304,0.94042541935356316,14.131819791430205,6.3414333261769311,0.60868417289688725,,0.2281264801493825,0.3,0,2
0.80236373947691497,-0.56611458656354086,-0.18901509054203264,0.59329286507661105,0.79100048918228949,0.14940482710597119,0.064930777153888383,-0.23201832038304654,0.97054185545231497,-0.38532146137062145,-18.182935622439945,0.54871404056514306,,0.1182187359986114,0.2857142857142857,0,3
-0.98653668545561624,0.075947653610994661,-0.1448355003486024,-0.086566675578611973,-0.99389003905707907,0.068474819768910428,-0.13875005920543959,0.080090849502935088,0.98708352072982386,-3.2424887712423569,-4.0443259279976953,-1.4531427202695715,0.2728833153870577,0.2445764822491816,0.8547655068078669,1,5
-0.67196505780811955,-0.64808086205817961,-0.35840501854586027,0.71005136568350402,-0.70131565971888143,-0.063114210159537512,-0.21045194029973363,-0.29689651676467688,0.93143031900249007,-5.3410603818886404,6.4949724502264967,-2.6600289847968437,,0.5220558945966963,0.2921348314606741,0,3
-0.12293377487180526,-0.90243088967983986,-0.41292345095359206,0.98530066185362508,-0.16071693847847737,0.057902257615020498,-0.11861657871722311,-0.39973560641724237,0.9089232928116997,4.7942395662171275,-6.4627880091578414,0.2069338966101002,0.6907185709278584,0.4542940572012714,0.3142857142857143,1,3
-0.26092960602608217,-0.94690017598950915,-0.18787175788316862,0.95421581233095443,-0.28246942954986892,0.098403276710434709,-0.14624610831284462,-0.15359387383880271,0.97725175759501171,-17.551819726595173,4.5541074802790096,-4.5096153788435682,,0.07701958953615783,0.3134328358208955,0,3
0.25881509575929001,0.96502997557722314,0.041616011876850954,-0.95499249841917888,0.24918334909837525,0.1609254066181364,0.14492782400286336,-0.081392903680491707,0.98608879978440767,-11.128697268932662,-4.5554241100543793,-2.6389917775090832,0.235620708612292,0.09917122875575819,0.2857142857142857,1,3
0.48976427673671014,-0.80003022369996601,-0.34652935575380939,0.87168490309314806,0.44148081420558943,0.21274426057560275,-0.017215776254853231,-0.40625894679988644,0.91359579968002835,13.791622412279175,-0.71277129163287789,1.132046404013672,0.4619438949711929,0.3658643150123518,0.2372881355932203,1,5
-0.97848065481295776,0.14816493425517477,-0.14360626871402643,-0.15455219042529361,-0.98738799287417212,0.034330335894912266,-0.13670855346886387,0.055786232934958671,0.98903926495532879,7.7829941609964566,11.20678785206913,-0.71638841126982167,0.4134194073568832,0.3212447744254286,0.2666666666666667,1,5
0.1999860022862579,0.97541922868424724,0.092536085948067962,-0.97016689846297222,0.18392484544701937,0.15794885360149416,0.13704666364526008,-0.12136300729760038,0.98310184235580833,4.664133664369043,-7.5807442132807532,0.28714342981632107,,0.2762143839076099,0.2352941176470588,0,2
-0.48164730990538329,0.8685587883496444,-0.11671118216137044,-0.87601182174292636,-0.4733831928908207,0.092258554373732302,0.024882866144127005,0.14667645983282043,0.98887150788328593,4.8289254718662304,-5.1569028452573207,0.053042723941256344,0.1306079628858627,0.08404956449793108,0.4489795918367347,1,5
0.98341261472374975,0.1175618875035013,-0.13812614455204758,-0.09406039227431065,0.98165835037862481,0.16582980955522245,0.15508794862078054,-0.15008692727393896,0.97643312236633306,-6.3181381650040143,-17.657658681473411,-0.51992583599703746,0.1538102166182384,0.1249137000057031,0.3529411764705883,1,5
0.80250815705073431,0.57998928288387452,-0.13997531784883668,-0.56676657866420066,0.81435595576229913,0.12490005053541416,0.18643042449211558,-0.020899977376099641,0.98224583876408855,-7.9671035239273076,9.1819066836047138,-3.2137101201733329,0.1053345098607769,0.1199289777179287,0.4606741573033708,1,5
-0.93481537246071778,-0.28229275180342894,-0.21547858754497459,0.32020294202312705,-0.93240013711424208,-0.16763072579058025,-0.1535913257018886,-0.22570065704067044,0.96201295109813689,-8.8097619305201409,-28.244417118997319,0.26665299067336945,,0.4870875147273949,0.2916666666666667,0,3
0.98220959817874398,0.11425389540098534,-0.14903138136396105,-0.095208529177757725,0.98703471867258086,0.12921996791033125,0.16186303227530907,-0.11273203413688446,0.98035291974982275,9.9771780582770937,-1.6530667529888268,0.59922074537658621,0.158483568709439,0.1404277699120028,0.6835443037974683,1,5
0.8430542820468776,-0.44184276880595302,-0.30665036307872628,0.53362756090533425,0.75830930641321637,0.3744444178370569,0.067090265796531476,-0.47931405514651654,0.87507538690923914,-15.552457225698719,-6.1531330121494792,-3.1141952383518969,,0.2369275319969374,0.2857142857142857,0,1
-0.1152614818010638,0.99311999204639978,0.020675401103307928,-0.98752445317294568,-0.1168104534639218,0.10559721751556048,0.1072858107976012,-0.0082461724037627207,0.99419402303684645,16.727254117624636,5.7055984363334895,1.0750548742103261,0.1815333730025075,0.2234140845702449,0.375,1,5
-0.98727601970798085,0.071200275716964634,-0.14218502610118763,-0.078222656305712554,-0.99594586116419326,0.044419113795670095,-0.1384459351156456,0.05497601629567702,0.98884294035110176,-4.3864274181372309,-17.183722899483616,-0.20863685450327604,,0.08697333926674669,0.4117647058823529,0,4
-0.81824436636095377,-0.53600865364311034,-0.20777603359931296,0.545021259607533,-0.83826648715742613,0.016159303344156946,-0.18283321223011148,-0.10002009662288039,0.97804294219485599,-8.8827164984304421,6.2856030816638908,-3.21466432306817,0.6463713455281324,0.7286435771444172,0.3710691823899371,1,5
0.98870427155158846,0.026567228123996478,-0.14750608735049336,-0.0050474025663517748,0.98950828157537141,0.14438796494545447,0.14979448301915874,-0.1420124750983664,0.97846516022465491,0.77504341972317381,11.664640142272045,-1.9750301695691426,0.468019029058501,0.3799573775768824,0.8874172185430463,1,5
0.70124167759684342,0.71281046027709738,-0.012702650145439651,-0.68501057209200966,0.67861594815564585,0.26503001911291379,0.19753639088366096,-0.17714864557305074,0.96415648711622071,-1.7795919769902711,-17.056746889476781,0.21296931942914721,,0.2887329521356392,0.1,0,2
0.16532906340710349,0.9831051569052075,-0.078552856468233026,-0.97657526429106023,0.17431144424273198,0.12615971457188846,0.13772092784968226,0.055854909116404547,0.9888949262483967,-6.1507032146228662,17.343521785446534,-3.6006785282835656,,0.07695724476838772,0.25,0,4
-0.188386095768765,0.97860329449038308,-0.082742195605209859,-0.97873183764079064,-0.18010693702038996,0.098211410871724081,0.081207566822821486,0.099484085409186934,0.99171984342404629,-10.113042529411103,9.1798614659611406,-3.5692564853386943,,0.07158549971849029,0.2807017543859649,0,5
0.33374740576672973,-0.92332058754575452,-0.18997831917916527,0.9410188852726542,0.3144334420033304,0.12496026612547684,-0.055642849533336883,-0.22047835078324862,0.97380345559651271,9.3957405411348791,-5.3469433132422131,0.83234604513725852,,0.07948580710045132,0.4,0,5
0.0051895819343436653,0.99639255832573714,-0.084705005474522782,-0.99374991768680643,0.014584272423647323,0.11067249023735835,0.11150860655936867,0.083601248262002867,0.9902407090966433,-9.5896827900001647,-10.888645995932356,-1.7797809251489867,,0.08246136250576949,0.25,0,4
0.062628647396403211,0.99605530859820524,0.062860756745623442,-0.99097709308353199,0.054583882765993144,0.12241323754358638,0.11849917092119758,-0.069960145479578337,0.99048650901234692,-13.859559572114229,8.1360024238969437,-4.1609445701410674,,0.09881469050329705,0.2816901408450704,0,5
-0.61005203979821498,-0.77603108175988489,-0.16003833565937242,0.77224565831819958,-0.62753265766758848,0.099193783924929432,-0.17740674154814268,-0.063075539658714389,0.98211421145915323,-29.551059489031513,7.7845320503541497,-6.6116733415812448,,0.3349467816184076,0.7096774193548387,0,1
0.39981108869088994,-0.89215948547293134,-0.21024401499324713,0.91576205644443498,0.37900526732090756,0.13317230687972501,-0.039127347679922264,-0.24577725652241075,0.96853631364025383,0.65676685275881019,5.4765672976961035,-1.5577243380861518,,0.09676762748354413,0.3611111111111111,0,2
0.64910794903299573,-0.68841483882358667,-0.32364159218134031,0.76069108487453607,0.58584921933102085,0.27951702202483969,-0.0028184915431921018,-0.42762799475330027,0.90395041579098356,3.5645449801044475,11.639418134631198,-1.4696026336965078,,0.4751917984107303,0.3,0,5
-0.28988977289665968,0.95185903347963086,-0.099640854839509976,-0.95492330777081635,-0.28071765488510836,0.096535353688947417,0.063917101357681014,0.1231339864498442,0.99032955400462697,-6.6544354627058606,-2.2198022310701799,-2.2105881623752128,0.6345384466866349,0.6143490173615644,0.9850357839947951,1,5
0.4713726709867137,0.87183263994166538,-0.13310016145443759,-0.86559690339143114,0.48625580496007842,0.11957128828356497,0.16896687807383043,0.058848450064314328,0.98386333097590883,-9.7609284315469651,2.0662766763762392,-3.0081777353706505,0.6050437056391467,0.4950362226575261,0.9952183614918713,1,5
-0.27005429991268609,-0.93569304939947828,-0.22704447230481897,0.95404219720178252,-0.2918527847983271,0.06801057244176173,-0.12990058143466435,-0.19824345969278784,0.9715067522317945,-3.3466981657613872,7.1271149800352003,-2.3669196058712032,0.529174442632213,0.1441636103869675,0.2285714285714286,1,5
0.63761239330939723,-0.73266178022663486,-0.23802762800440103,0.77034906609991494,0.60783817444220634,0.19260080490422526,0.0035710302787912269,-0.30616902110746758,0.95197047131559887,5.7365462998723364,-10.667971826867264,0.76757029320257719,,0.1597294782967602,0.5,0,6
0.85824810900817106,0.50232050114402937,-0.10528199045568508,-0.47977591719294721,0.85808936868695829,0.18302378159158719,0.18227795441458655,-0.10656805091972872,0.97745485719679415,-11.308802776439206,10.968700949932982,-3.948878585448286,,0.08096167635011625,0.2653061224489796,0,5
0.66466322869054761,-0.68773038043775248,-0.29197554049885999,0.74694339020899003,0.60261111336003748,0.28095447652258032,-0.01727322349064709,-0.40482930955888147,0.91422911016458119,-14.371914183823394,-5.9336156797713775,-2.9705663653155936,,0.3922043155570405,0.1777777777777778,0,2
-0.91345350873107134,0.3938781706796099,-0.10228721351654986,-0.38829098004672652,-0.91882890861913236,-0.070594273848013034,-0.12178999220481436,-0.024767384760199636,0.99224683141388414,-0.26996792952990512,-14.889650991508324,0.2304787813359743,,0.3252444274997213,0.4285714285714285,0,4
-0.35922602837015216,-0.8564374018046339,-0.37077167816802531,0.92258897771075321,-0.38577443675607942,-0.0027680592761585646,-0.14066356581586195,-0.34306422246520657,0.92871992576680995,16.022399631405932,3.7729844135239503,1.0948918061107169,,0.3585917024344092,0.1132075471698113,0,3
0.15539329139112751,0.9788339398342899,-0.13318049113557165,-0.97865291093192419,0.17089726198632055,0.11416043872571691,0.13450429329616728,0.11259770900892635,0.98449497256757901,-0.28893149957104663,-2.289282007510653,-1.1085174616617419,0.3697044928993372,0.3320899885119087,0.8358369098712446,1,5
-0.79130955709815831,0.61088931615948605,-0.025365887473415057,-0.60917076452770402,-0.79127722762870956,-0.052833026422476809,-0.052346580498168545,-0.026355121673421411,0.99828114430341208,-9.3030158602157282,-20.082877664338859,-0.71691659128967189,0.4067462924877913,0.3238370156750513,0.5909090909090909,1,4
0.65100103540590437,0.75294692933657437,-0.096273430930168186,-0.73862217213224024,0.65758762566939211,0.14837722669312978,0.17502839408248427,-0.025484037535620039,0.98423352162776445,21.407063915797611,-3.6379454195994638,2.6003899835496016,0.3392264432203784,0.3005726228196964,0.9166666666666666,1,4
0.38936325567207597,0.91502653426246394,-0.105464196427354,-0.90717845899041294,0.40078378767723799,0.12806091940505651,0.15944747936616463,0.045812630689717047,0.98614284167815469,-15.172842251623702,8.6022747780571098,-4.4304693737658862,0.3259153097506904,0.1450028905357196,0.3114754098360656,1,5
-0.93325492312714264,0.35512094724063925,-0.054077363932279195,-0.3445309734758461,-0.92750708372304558,-0.14501385437039865,-0.10165459544329004,-0.1167035666742211,0.9879507177743122,-15.825424162825945,-8.2793881647899745,-2.9584437631627463,,0.4818533222406599,0.5,0,1
0.20180193222733167,-0.90348548986161736,-0.37814011921353807,0.97628881743355367,0.15468016163887771,0.15144039272784474,-0.078333422646457984,-0.39973493368091312,0.91327753596133476,3.6527083279864097,5.4972617116949358,-1.0661355329525903,,0.2627280596749317,0.5555555555555556,0,1
0.65498039778635719,-0.65232747766744714,-0.38140469372525077,0.75551246355593071,0.57481000426006512,0.31431572727783302,0.0141984480586621,-0.49402663985110251,0.86933082493959413,-35.192235063431148,4.990080713011154,-7.0716057368546208,,0.3234111576654536,0.4,0,1
-0.88757279430543312,0.4565172588873197,-0.061697059466824314,-0.4570534781526559,-0.88941932023909887,-0.0059490246241635878,-0.057590389106210477,0.022918663212042688,0.99807719238502179,-15.042038365431829,-8.8069603288106997,-2.8122813832286599,,0.2521234488360602,0.4528301886792453,0,2
-0.95806734035520025,0.24907661676266449,-0.14166089907514468,-0.25919053495371458,-0.96409492901557403,0.057803411982884752,-0.1221770761440986,0.092096725395209203,0.98822616603506264,12.244123183736411,-1.5475807653169049,0.93095521547187454,,0.07794742958216519,0.3684210526315789,0,5
-0.85049419564038309,0.51393841865444201,-0.11192374642134215,-0.52136318693504036,-0.85186009496883786,0.050147840518019279,-0.069570471400986642,0.10100336841241532,0.99245063810669709,5.6317100349083793,-20.625113679941844,1.8464738827339777,,0.1446510472212362,0.5,0,1
0.86861091741284291,-0.46096222111437779,-0.18173856183132439,0.49319776370254675,0.83960483968459365,0.22763936183580752,0.047655430226004401,-0.28736308719720122,0.95663546666766808,2.864297713494306,-19.492113002595037,1.2831458732693437,,0.1491059392447431,0.2941176470588235,0,2
0.72653739741024748,0.68710763477478021,0.0051486307454282967,-0.65910450236589313,0.69477015048278346,0.28788138696195759,0.19422838393333242,-0.21255007935152415,0.95765223262012389,-4.6105170507244297,4.2067123124104784,-2.3706387285020005,,0.4949548909217433,0.3297709923664122,0,5
-0.6020152339306617,0.79847999438595274,0.0027123201916086511,-0.79822386168244286,-0.60172837731291939,-0.027597582813194261,-0.020404037742095447,-0.018779203970670965,0.99961543442568412,-15.703562340459836,-4.4535303727979558,-3.3077738433032793,,0.3997638838420411,0.4881889763779528,0,2
-0.61238805288682507,0.78921456306581439,-0.04605698781205507,-0.79054685888404586,-0.61163950501127062,0.030541444270646277,-0.0040665206322184413,0.055113422633733478,0.99847181935973739,-6.4756184899107652,-6.8221336323637445,-1.690021616803369,,0.07718451737206411,0.24,0,5
-0.73462388722745808,-0.65302259726512024,-0.18409028159013802,0.64990070716169945,-0.75520034499361188,0.085448872153195937,-0.19482508859369851,-0.056867621566644169,0.97918806082989551,-15.659496157341076,10.987333610036517,-4.7102855473173779,,0.314580317338497,0.4102564102564102,0,2
0.054762606184557229,-0.95796676030558814,-0.28160387624017152,0.9913129425778936,0.018385583543073025,0.13023294589057502,-0.11958138166718035,-0.28628946272504591,0.9506516905213872,-12.415600790377674,-8.0983017658649548,-2.4730021100442086,0.3831171510712014,0.2475563581528112,0.1833333333333333,1,4
-0.72515850078106681,0.68445530593689086,-0.075273387859144017,-0.68743111061944584,-0.72592552157946377,0.021693438457264794,-0.039794684286612092,0.067476449924556162,0.99692693403684718,-2.7744726993401767,16.430409344115152,-2.9746676172930808,,0.1442943136655161,0.1904761904761905,0,3
-0.97470794904837144,0.19888733990653015,-0.10192271624531665,-0.18361223363866713,-0.97267263009470717,-0.14210736195871879,-0.12740079167783258,-0.11979891773113466,0.98458989309778711,8.6317043425806883,-7.4467947736081515,0.92985824953119345,,0.212940270993591,0.3571428571428572,0,2
-0.64180735036406522,0.76628585258964799,-0.029821420818160072,-0.76657261418135014,-0.64215202091858814,-0.0026849985742385166,-0.021207362066707515,0.021137032694515796,0.99955163630652011,-5.4062425250059265,-14.551195401170313,-0.71323995996391609,0.7859951327021115,0.6225914107866016,0.6533333333333333,1,5
-0.022975787032122628,0.99362292502943173,0.11038838737028132,-0.99361023661407366,-0.03490001531830389,0.10733446150471565,0.11050253800696018,-0.10721693796569134,0.98807576496303273,-1.1908992486228771,-6.0937515753369524,-0.8811421297509987,0.5984485942116242,0.361946139098838,0.6621621621621622,1,3
0.53305297790129558,-0.80103871616512856,-0.27238116299605791,0.84608175580083067,0.50451081965988964,0.17208862643153178,-0.00043040858027938543,-0.32218908741704827,0.94667523824056221,-9.4711966356797195,-9.564641996044843,-1.8818180771002992,0.6907179156924981,0.7679686699330646,0.7341772151898734,1,5
-0.43322208222109571,0.89513861665646233,-0.10509749971514246,-0.90011574141485273,-0.42376397671956867,0.10107296419917852,0.045937778932048319,0.13838695388356903,0.98931227196553995,13.159459771826585,5.7971390921544002,0.46593419596242786,,0.07689004365124143,0.2631578947368421,0,5
-0.6805890615006096,-0.69898598000773915,-0.2195839910338199,0.71007031098986639,-0.70313594266330226,0.037416568332019985,-0.18055105321341852,-0.13045476567611758,0.9748758235262146,-1.3180227645156601,7.8666156886445533,-2.0811406947036435,0.2779223069268804,0.2555977400185532,0.6460905349794238,1,5
-0.093753278582537486,0.99020849579760006,-0.10342851446907773,-0.99006704507091092,-0.081795512043049953,0.11435357656921523,0.1047738947428281,0.11312218641747687,0.98804139686581405,-4.829379104750811,-3.7235274383606112,-1.7082075687223039,,0.06948688060176655,0.2794117647058824,0,5
-0.28534444777769447,0.95708093200337818,0.05074086832118925,-0.95715065928824727,-0.28729462925793131,0.036392463830062553,0.049408112152937084,-0.038182268071625503,0.99804857239434497,-9.8468949917418804,13.030759470234742,-3.8722618242408413,,0.2889782988450831,0.4705882352941176,0,5
-0.70937147239517495,0.70111474344591795,-0.072320333756600394,-0.70459998019281755,-0.70804078771430534,0.047086206527892666,-0.018192912471139824,0.084358517386633178,0.99626937044162234,21.774087314861184,10.019427204575912,1.4906672052549197,0.5062721469430327,0.3943596248473485,0.3,1,5
0.44820864688790879,0.89275644711906366,0.045770459712097249,-0.87857682990573105,0.43048502478205347,0.20684631345806354,0.16495988241904877,-0.13292317166597326,0.97730223965084217,-13.677574857810086,-5.425425274098691,-2.9209878072277657,,0.07432468599612574,0.2368421052631579,0,1
-0.27390328312241979,-0.91942740458573935,-0.28218830449097659,0.95486117597358544,-0.29504374847417497,0.034486535120982556,-0.11496576061202941,-0.26000468107909214,0.95873898413690173,23.739734334891089,3.2110746711911418,2.4002878077076053,,0.4591582126709691,0.5263157894736842,0,3
0.83286799921400245,0.53912344656509692,-0.12520704951813733,-0.5253192086690841,0.84124121688142528,0.12787863004876249,0.17427169847268237,-0.040732350578281715,0.98385479148491028,-7.7949218605980519,14.531921246042131,-3.5949497906943391,0.5391467805715603,0.4547327100265656,0.9313725490196079,1,5
-0.8797803512833704,0.46609811095541781,-0.093483070443275348,-0.4712518100890517,-0.88097099798979517,0.04256562214579683,-0.062516117789764541,0.081502464163100127,0.99471055254875063,-10.430659454952798,-13.928682379666816,-1.6112243993683169,0.6854793075021424,0.2802947667684296,0.4166666666666667,1,3
-0.13310229136888393,0.98960763398884499,-0.054410576024822958,-0.98815271321640663,-0.12827371909264321,0.084261903332385354,0.076406775847481609,0.064981410735240233,0.99495699447938502,0.85515723170583824,-18.378614464876833,0.83199504798785062,0.1647319171489282,0.1522655412346877,0.2857142857142857,1,4
-0.00011707118066883534,0.99656796581056195,-0.08277847434289963,-0.99381380861442614,0.0090773465431888533,0.11068746806673477,0.11105899378991434,0.082279349170580399,0.99040194294964834,-7.5932620767685624,-5.9423352641753953,-1.9478197395738146,,0.07095134679240903,0.2717391304347826,0,5
0.0094851102515540603,0.99269994433024,0.12023665501940346,-0.99366768736482936,-0.0041055623394144402,0.11228388773510466,0.11195784818648616,-0.12054030398425392,0.98637491621838991,-19.431866262016356,-15.823833143772797,-2.7726028434225181,,0.1927949797503436,0.2,0,1
-0.8810787130440012,0.46679793972790168,-0.076157631833672704,-0.46610234561406094,-0.8842951283475009,-0.02776201350672702,-0.080305073524637685,0.011036731702069808,0.9967092282704817,9.1922699937825971,-6.7881516522728074,0.98213610383021621,,0.4863723433775578,0.3888888888888889,0,1
-0.12616838029863114,0.98423430974228709,-0.12395306909853386,-0.98786640733266073,-0.11324981584622507,0.10627530510170324,0.090562139310442422,0.13585765615865031,0.98658055737308947,-6.9236620995063651,5.494367110587457,-2.8317455869143742,,0.09047699830304608,0.4589371980676328,0,5
-0.98641361445295717,0.073624409582226699,-0.1468592099104489,-0.051685743109753976,-0.98764019947183135,-0.14797101184500241,-0.15593833775260427,-0.13837009323155719,0.97802707126032296,-4.8565195960216077,15.783451299185112,-3.229968454240459,,0.3137869058758317,0.2790697674418605,0,5
0.45205291636431022,0.89121265370772851,-0.03725810888584067,-0.87668227077511085,0.45161217609655757,0.16575475410957632,0.16454894990584462,-0.042266396493658043,0.98546293426608589,-5.7484593160541877,9.5222871429233198,-2.8180115760421369,,0.07578428923926192,0.1818181818181818,0,5
-0.71043439114908413,0.70376311749108011,0.00067106770688691393,-0.70360200958998154,-0.71025068788320511,-0.022094625191997418,-0.015072756004484426,-0.016168946183080471,0.99975565875155659,-3.792559771752372,16.244872807799371,-3.1203665041828761,,0.1788653446054026,0.16,0,3
0.49196566450575013,0.86229904850488193,-0.12004222546666732,-0.85400563985959621,0.50477502988519207,0.12600212812648962,0.16924583314048428,0.040528016876944017,0.98474023367211139,-12.672584043588422,-3.9015865904192735,-2.9125812003328346,,0.07795421836554767,0.4485981308411215,0,2
-0.069631243122215469,0.99115418988669335,-0.11298168812381834,-0.99198781701735472,-0.056828257308404198,0.11283049260033015,0.10541186304395857,0.11993298562673509,0.98716990335415866,15.076736333674907,7.1804284881970917,0.67118865432862618,0.3337057405479867,0.331443807910056,0.851063829787234,1,5
0.90725899987772907,0.39873910430062343,-0.13374690217870153,-0.37910843498406988,0.91304562518997512,0.15041436382665255,0.18209311262316258,-0.085760206523678648,0.9795342185509518,-1.7893527261767763,-2.4403866970551769,-1.3167488040934119,,0.08652896347230273,0.467680608365019,0,5
0.084144549457410678,-0.93738341613097509,-0.33798228645778566,0.99189885608043749,0.046401213300172994,0.11825221651449801,-0.095164878515811971,-0.34519452279388085,0.93369394735650713,3.2333305320919483,-5.405447162406265,-0.16190543804279073,0.6850968486265263,0.2247399901121736,0.6470588235294118,1,5
-0.50988807675232894,0.85249697851781714,0.11516531944906107,-0.85991885221955766,-0.50877111270924757,-0.041128122616931828,0.023531187458570055,-0.12000356865771655,0.99249454745414256,10.203046851403606,-9.1592314626696822,1.3486194844757822,0.2435955993246544,0.3242243754889937,0.4583333333333333,1,5
0.57013829871074273,0.81722329621862133,-0.084192662749149952,-0.80291816557518192,0.57597618151616647,0.1535378054924641,0.17396763990065878,-0.019937964881817007,0.98454951009269542,6.8718064818773437,-24.162974657241239,2.4302948126943784,,0.2049740224388387,0.1,0,2
-0.92376235675422202,-0.33541938867645743,-0.18481596777279938,0.33776879119245945,-0.94102528369669958,0.019587218790078346,-0.18048643145751878,-0.0443311306358996,0.98257793528873461,8.9691646290125462,8.0595318877826383,-0.37048715331780224,0.695301216084651,0.3458945273355939,0.2,1,5
-0.85010590903750971,0.52381877749946182,-0.054164857227536098,-0.5256982631011371,-0.85018605019929161,0.028723095567436793,-0.031004509219752518,0.052892044633363944,0.99811880656690621,-13.149429542703198,13.472516745903979,-4.4078738193552365,,0.5035368029412162,0.293103448275862,0,2
0.62755645230150481,0.77235108142931275,-0.098217647038197686,-0.75784916195668373,0.63488473717519378,0.15028645389234818,0.17843079021374386,-0.019879072336400218,0.98375163307958102,-11.821073142388261,20.066924931330728,-4.7731809059012136,,0.097571641752843,0.4,0,1
-0.35537528642880883,0.9279565657044816,-0.11227207115567504,-0.93330287550135482,-0.34564603962107365,0.097337340600452918,0.051518427543389277,0.13937513214418881,0.98889859144567771,-11.545237342015657,16.413036882485279,-4.4016325895577859,,0.08850852601886951,0.4444444444444444,0,4
-0.93443906609609162,0.33654246175780062,-0.11645944868263279,-0.33682321614671867,-0.94139852888895581,-0.017858635734289533,-0.11564494289870302,0.022538439158658375,0.99303487649842714,10.502363243552487,0.33264228162871645,0.54157489658155489,,0.2599769723698451,0.4479166666666667,0,5
-0.73715485596031627,0.6706248256960039,-0.082855666639833597,-0.67507380876693635,-0.73626559639345657,0.04677952847444139,-0.029632263683840962,0.090417447030944384,0.99546301499421819,15.36274313964306,-6.0260805123427765,1.8668159765860302,0.4480654826741008,0.3751473780562621,0.8532110091743119,1,5
-0.35789187831701724,0.92751752117611086,-0.10781767640809919,-0.93241630671236531,-0.34878621989165792,0.094593888759060704,0.05013216942832982,0.13438534416003994,0.9896602168741544,22.120927729641281,-5.5103497324918784,2.9502071390704669,0.1788116138390297,0.136481878873119,0.3333333333333333,1,5
-0.90462535490464924,-0.38710156773476134,-0.17834052686063559,0.38697463477650335,-0.92134990270431638,0.036945755187032796,-0.17861578682532805,-0.035591193349453758,0.98327497052082657,-5.7135999069507015,-3.1013578228224032,-1.9412829505358349,,0.08178557489595646,0.3333333333333333,0,5
-0.78150438302025038,0.61143053353616261,-0.12411124840167428,-0.62174826852693554,-0.77975041656893285,0.07360963554001769,-0.051768618910460279,0.13469220660550435,0.98953424376109611,-7.4648502930698371,-7.345521534840632,-1.7880892787051104,0.1282611808018281,0.126407086038491,0.4871794871794872,1,5
-0.97831036316248843,-0.14010218481734166,-0.15257854088399198,0.13059951164546227,-0.9889135950281629,0.070665897903031211,-0.16078744007803392,0.049206497313691248,0.98576169520593093,-14.537240938518657,-12.669462312081036,-2.3954708170222463,,0.1595506788168465,0.4411764705882353,0,3
-0.70516903447438184,0.70852095056305953,-0.027105265755719178,-0.70788033181045007,-0.70568663502953011,-0.030196174867483092,-0.040522446303212036,-0.0021061229591536564,0.99917640864448243,12.340219298835304,-0.089754210791547759,0.82987867659241166,0.2942197020679108,0.14292685924978,0.2727272727272727,1,5
0.77547072162665887,-0.60797906549977521,-0.17031328724985084,0.6297666534527282,0.7641051948335843,0.13977558237146745,0.045156639586903788,-0.21564950067726002,0.97542614828538832,-2.7703111039731692,-5.1640723929058412,-1.2473512320890805,,0.08659134012562579,0.3977272727272727,0,5
-0.9830185474697023,0.1472436818204918,-0.10951636176619127,-0.12597978147123542,-0.97544094055905473,-0.18067668953610896,-0.13343024391425387,-0.16381168958659054,0.97742626338960725,6.1522510795670762,-25.210979376701768,2.4526154501593265,,0.2192581284833555,0.1666666666666667,0,1
-0.74246783794242599,0.66976569580010559,-0.012466850063268175,-0.66866542016218755,-0.74211237270320807,-0.046430401248967926,-0.040349293679380185,-0.026136928094466255,0.99884372926367215,-15.554511231872162,5.809069144468201,-4.2900325489020963,0.3187739857084981,0.1958237071058792,0.4459459459459459,1,5
-0.88474893361585616,0.46439604013226354,-0.039441632510330699,-0.45885807866639222,-0.8827652385403324,-0.10087020009605677,-0.081661423623359986,-0.071146690255447953,0.99411747814707652,-21.222125125741705,-16.226323495780711,-2.9671923997988556,,0.3535337926070846,0.1176470588235294,0,1
0.17179336124782324,-0.92392253081331688,-0.34183943319443272,0.98159430158049787,0.13115528948564301,0.1388197289459687,-0.083424625476354097,-0.35939594752230197,0.92944869937435348,15.293088775044607,5.8785599421923145,0.85780482186282581,,0.2140452357448969,0.3333333333333333,0,1
-0.9828896866729645,0.14087178107933498,-0.11867183797117492,-0.12210659607467844,-0.98068407704342642,-0.15280288030183617,-0.13790519579398086,-0.13569776095801239,0.98110563888095415,-14.474150999675251,14.064564717963856,-4.7105414923793871,,0.1641851988079701,0.4375,0,4
-0.79996150667272647,-0.53295588086800394,-0.2757165517159092,0.57129286536022061,-0.81700397139597414,-0.078287755822448069,-0.18353759786596924,-0.2201420899587733,0.95804562020718664,-19.971020208538512,-16.746619665063378,-2.7552441282515536,,0.730961332298532,0.5952380952380952,0,1
0.93970619916844578,-0.3027065981817299,-0.15912565683018887,0.32555050336828995,0.93431593752514297,0.14515715153986553,0.10473360970121945,-0.18820851283552281,0.97652876388521948,-22.696828381901589,11.849685677392447,-5.9793337306213523,,0.1623379298844221,0.3809523809523809,1,1
-0.56977964179579954,0.82075722099039328,0.041336956675320398,-0.82179364358103568,-0.56890123911190305,-0.031726763256710103,-0.0025233241678926676,-0.052047712044511307,0.99864141137150697,-3.2496107228263278,5.4048596881781688,-2.1966884987744573,,0.1107608248905834,0.2916666666666667,0,5
0.64987706934528255,0.752724428820991,-0.10519376880452501,-0.73915352849712324,0.65815918949494245,0.14310325850103114,0.17695156413391583,-0.015245180860635248,0.98410148278065668,2.5458952508783672,-6.295998401365174,-0.21687689816721401,0.170628936840061,0.1778223866663189,0.1785714285714286,1,6
0.32199968289890724,0.9461834468128939,0.032451335724062627,-0.93583983043563146,0.31291908851632277,0.16212789954947132,0.1432480924243425,-0.082574384765412068,0.98623600370165054,-4.488432874211318,-12.748999907684603,-0.80681836626573167,0.1397635825868534,0.475301488985222,0.2580645161290323,1,5
0.34398147147495634,0.92842897048170858,0.14034384223114041,-0.92615846497735377,0.31086249845871233,0.21352986864324042,0.15461967867227039,-0.20343095590957277,0.96680328978805297,1.1310007668454007,8.4348158330877467,-1.6864221097104106,,0.2750613296319977,0.4705882352941176,0,1
-0.98862654779074099,0.019525893387887822,-0.14911837073535972,-7.6705495893969149e-05,-0.99160109418637377,-0.12933392487918716,-0.15039130001310003,-0.12785151346696347,0.98032466427433018,-1.5016494968277632,-25.670924620126272,1.26852068667235,,0.6203871078381318,0.5531914893617021,0,3
0.55301197430359583,0.8306109383050434,0.065293379793483916,-0.81819393651041095,0.52660600070484187,0.23074835271189098,0.15727822015281787,-0.18102924954180505,0.97082025745031408,13.968133423813352,0.94532714388771821,1.0211690150449599,,0.4024839783800623,0.2830188679245283,0,5
-0.094572868595075271,0.98908112752706234,0.11302431462076999,-0.98634299595565722,-0.10847383950158367,0.12393918054031257,0.13484608579754234,-0.099759457263864704,0.98583192473742809,13.138616671884286,-9.829242937481375,1.9160964800159865,,0.3553866992885478,0.35,0,4
-0.92988136102892183,0.35168130542731219,-0.10789306661663339,-0.3545125267630963,-0.9350199579841505,0.0076515710388209354,-0.098191256123163359,0.045364496958070127,0.99413305932188789,1.9351410709099715,7.1332247166005915,-1.5017427912096963,0.7864415198775364,0.7034668558215096,0.6019900497512438,1,5
-0.78525320588194014,-0.5923856785188002,-0.18015718286528898,0.59378896577483675,-0.80293682154820933,0.052030036768290433,-0.17547668442327649,-0.066118594116032769,0.98226079262888932,-12.713905751324601,-11.731145461836292,-2.1805816062391328,0.8279117389106377,0.7558250128670009,0.9841897233201581,1,3
-0.46417862552984224,-0.83865344403445885,-0.28495368818523159,0.87209816417545183,-0.48898056053206151,0.018514952431933917,-0.15486444279766851,-0.23991334316975921,0.95836245342045612,-17.427039793338285,19.131839721941539,-5.585822664724267,,0.301201847020825,0.2173913043478261,0,5
0.93453240102288326,-0.28991918932979194,-0.20638811762492942,0.34493304792056356,0.88063249855850001,0.32481932660302704,0.087580727849428636,-0.37474426765591756,0.92298231292283961,2.2483006204642315,-4.6155166329216364,-0.41365313802211734,0.7417810164887122,0.3474018590120203,0.3636363636363636,1,5
-0.54527442136825011,0.8364779048496912,-0.054594139793510424,-0.838242463167022,-0.54449833063208808,0.029515095841887953,-0.0050376924486009843,0.061856953021810698,0.99807231151738374,-3.1982928822683396,20.511725484510222,-3.4099809817133986,,0.1752535572377546,0.2631578947368421,0,3
-0.2573784744630262,0.9588904969648413,-0.11952127724219645,-0.96362158990475721,-0.24547020717423826,0.10572515717304599,0.072039935816976486,0.14238466286913484,0.98718633267845102,-12.28281411990662,5.0885776680052803,-3.6832149383781121,,0.08344928344838566,0.4055555555555556,0,4
0.96327024318330801,0.22623150305324183,-0.14467116376058911,-0.20650972793280059,0.96845926852694886,0.13942875411251959,0.17165130604423862,-0.10443156721279144,0.97960700125243538,-17.924252015607632,8.730091297345874,-4.8857539078430321,0.2190796625771295,0.1342209390266955,0.3421052631578947,1,3
-0.71748092170309374,-0.6346712279515544,-0.28707761912511659,0.66442055708738657,-0.74731167508727681,-0.0084014045215939186,-0.20920432670422034,-0.19676811908618419,0.95787048028400967,-16.453925441181113,-6.1164182228678898,-3.2546142506083724,,0.3682334318408791,0.1904761904761905,0,2
0.99446276859508076,0.029244113409985312,-0.10093851449804277,0.0076414868728671244,0.93783521144777127,0.34699672022525896,0.10481130452665628,-0.34584663942212707,0.93241873235357209,-3.0213846335777075,-2.4729509508178307,-1.5433363966517606,0.6191396772234061,0.3441094498992945,0.2774390243902439,1,5
-0.84374926690676399,0.52161023758541225,-0.12653037042698975,-0.53284682198483035,-0.84235843055844095,0.080663119006084166,-0.064509215581713214,0.13548075329438122,0.98867766566855442,-1.0533972385363459,-15.938930761880572,0.22210507545502231,0.2182100846328485,0.1839859351557825,0.7049180327868853,1,5
-0.70600177318028889,0.69895415863068122,-0.11412528378569001,-0.70782238448206181,-0.70172458487227884,0.081056023909121588,-0.02343007239459587,0.13800612710566285,0.99015420040965296,-8.8522037115245311,-11.814505006416033,-1.5705973447178945,0.6888169473212058,0.7063049665733969,0.948905109489051,1,5
0.78481133960803118,0.61249227281144414,-0.094468920650761873,-0.59143300278818289,0.78575743450086522,0.18108632565595012,0.18514363190669458,-0.086246564412103668,0.97891948887102442,-1.1227693872853313,12.090865199274798,-2.2909124563264296,,0.09835120653375824,0.25,0,4
-0.94567353548499267,-0.28617414155423648,-0.1542916880101157,0.27824865612078603,-0.95786707149867012,0.071192406235069394,-0.16816435309033739,0.024393319664579641,0.98545711033278893,-1.4380096890400349,18.920596470823156,-2.9925637890726482,,0.08109722023833546,0.3157894736842105,0,4
-0.80650161669660791,0.57802970320126734,-0.12424493745346143,-0.58747357957847579,-0.80713734252653191,0.058344696386752222,-0.066557761102759544,0.12004571011187717,0.99053475048618311,-13.340765765028507,-9.764179887989668,-2.4377405182311138,,0.117612528123417,0.3658536585365854,1,3
-0.01371128986212442,0.98943391125757152,0.1443348044785473,-0.99400018603042917,-0.029153074707607685,0.10542166953034014,0.10851557815257867,-0.14202335543366196,0.98389721811252973,-10.691240473409064,-16.595486933929859,-1.3453565069742301,,0.3056673679238967,0.2857142857142857,0,1
-0.033032133736571635,0.99726069857452038,-0.06618139632456238,-0.9859883511762404,-0.021682353268014123,0.16539905350853784,0.16351100723060935,0.070717569495992991,0.98400364627322945,-25.651780662894261,5.8380007764272657,-5.8877323271721806,0.3318570514819468,0.292322014495604,0.8780487804878049,1,3
0.66132910375072562,0.74010496331478748,-0.12201827653707811,-0.72813128507658409,0.67249037655554167,0.13259534355665767,0.18019058861378964,0.0011561647819287174,0.98363103603841873,-12.45198784367329,-10.43838693518803,-2.2266429580929219,,0.07881656947712104,0.1818181818181818,0,1
0.69325202628722027,-0.69346649126303572,-0.19622908434785835,0.72031720369772934,0.6755280162931816,0.1574961118887839,0.023339967989450702,-0.25053168402087328,0.9678270099536993,-13.370969955777912,4.078029099817071,-3.7581187949300237,0.2798788173584166,0.2370778636002024,0.790990990990991,1,5
0.13238034968172563,-0.97124375001781305,-0.1978914375850547,0.98700075813090815,0.11080998459281882,0.1164072625034696,-0.091131479013327119,-0.21072903303976606,0.97328738210611188,-10.898209648941336,-2.2483732866462187,-2.8048429851222885,0.5898464543641986,0.5176788905743059,0.9692378328741965,1,2
-0.24272039311020971,-0.92171011377942047,-0.30255127982732699,0.95922738589451517,-0.27458509788882013,0.066976459800160634,-0.14480895317072323,-0.27395892059598159,0.95077698589494908,-12.483315823038714,-1.9584494061864364,-3.091987608472567,,0.08237758336602205,0.3225806451612903,0,2
0.19446178169658623,0.97865896307187228,0.06641723766070122,-0.97225211544582146,0.18332667831061752,0.14531742163526562,0.13004014561094385,-0.092832984540432373,0.9871532796434408,-13.723299659734209,9.8201107269703503,-4.2865632480559004,,0.2971594624012381,0.2222222222222222,0,5
-0.98501489574871026,0.11534947337860217,-0.1282191644975052,-0.11014921523573709,-0.99280515851085727,-0.04695814750588511,-0.1327132455187138,-0.032131234422479948,0.99063352367986157,-11.68781752305464,-8.3588674729799237,-2.3919338923042517,,0.1388799203153141,0.3823529411764706,0,2
0.91936017744893372,0.36660390453898978,-0.14275307806780593,-0.3513609417301744,0.9283536586553589,0.12126406346356368,0.17698122145456793,-0.061327494959255269,0.98230167749753561,-14.774091442594838,-0.98757725041310063,-3.5292096016664045,0.1777447611381629,0.1320679416872954,0.7672413793103449,1,1
-0.67937617454261556,-0.70913537476733723,-0.18861345052098027,0.71129514769217506,-0.69957912060225069,0.068178199499172948,-0.18029760490203181,-0.087841187782099997,0.97968193787352287,-6.31239474412045,-12.524299881240434,-1.0994606043488444,,0.1574004009704306,0.4358974358974359,0,4
0.90151167843820079,0.41826154865305298,-0.11105841056798849,-0.39490079056203964,0.90006924503430741,0.18419750203748289,0.17700299221486093,-0.1221991450940729,0.97659475202627621,-11.512127371347104,12.578811717402909,-4.133030318712728,,0.08036715365914779,0.2121212121212121,0,5
0.31660105319990994,0.94297186795859034,-0.10279994820716097,-0.93620406139802692,0.3280714393859111,0.12605985118623839,0.15259662032478954,0.056331047371263918,0.98668185580130585,-7.4145664748883746,15.390676682463964,-3.6089091731385379,,0.08879646939264643,0.2941176470588235,0,4
-0.49096175499911815,0.86414507869520651,-0.11049813616094487,-0.87075850905176544,-0.48280999875810393,0.093134977388454512,0.027132527381983722,0.14194290424694203,0.98950292465045842,12.906685690914466,4.8648305324463958,0.49369658690575696,,0.1033649589379617,0.3611111111111111,0,5
0.87398785605604845,0.48229553411270065,-0.059466337044571049,-0.45522857684237378,0.85540392993457481,0.24708512597595625,0.17003579121061768,-0.1888786235322355,0.96716735639699336,13.593109407782018,-6.4156326268748272,1.6015559932699484,,0.6805205584213574,0.7173913043478261,0,5
