axis_00,axis_01,axis_02,axis_10,axis_11,axis_12,axis_20,axis_21,axis_22,location_x,location_y,location_z,dbh,dbh_approximation,score,reconstructed,number_clusters
0.35260423349522724,-0.90477886855787037,-0.23884190070501737,0.93483362198376008,0.35201435441979162,0.046604650960427894,0.041908874119562199,-0.23971043634677111,0.96993945840782925,-3.3716110811448101,-11.023881405631078,-1.4921234180547449,0.2263677013516614,0.1494082718878055,0.3859649122807017,1,5
0.30288633239054819,-0.87827054146507955,-0.37000098060091258,0.95288870911447943,0.28569349038124559,0.10189375641284608,0.016216586975737003,-0.38343198294927838,0.92342673599936498,-8.3180458032178759,13.250613607138797,-4.1224432048910939,,0.1680153445686238,0.2857142857142857,0,3
-0.86306700213917786,-0.47053690783185159,-0.18360383489059348,0.48712494230612063,-0.87151389091919773,-0.056327866266525022,-0.13350895251537037,-0.13805273015380906,0.98138514523877329,-11.293932911131598,1.9705241389864627,-3.6585554763126558,0.4625899818933789,0.1931278208431273,0.3795620437956204,1,3
-0.7035451011911743,-0.63397757027969859,-0.32108679663316853,0.68597437909457437,-0.7238741223229459,-0.073792995988758284,-0.18564331880170867,-0.27217401678601461,0.94417046277187289,-12.270267195263274,-8.456602666466587,-3.3169259121209116,,0.2144541534825413,0.4444444444444444,0,4
0.11438309821306832,-0.95749086187161425,-0.2648164577127593,0.99342021417289172,0.10870611469555641,0.036045231314044836,-0.0057258113718523336,-0.26719698737102299,0.96362491926266813,13.417277815813081,-4.3774120792340749,1.2139720174911772,0.1939059656662869,0.1120682653504302,0.3793103448275862,1,5
-0.15533748128462879,0.98515215317960492,-0.073112939988330544,-0.98783891675562641,-0.15540793397952182,0.0047590544531630708,-0.0066739382091226115,0.072963066970942236,0.99731231287244015,-0.56154254910136658,5.6964828167095884,-1.930003980897669,,0.07488287886665954,0.2014388489208633,0,5
0.60980434664986882,0.7749084447346144,-0.16629961240456062,-0.77507699270754393,0.62690215182951137,0.079052814035664651,0.16551227804110444,0.080688253857105,0.98290136407837714,-20.291259665454088,11.764519521675563,-6.0337129092786101,,0.3588333187304643,0.3529411764705883,1,3
0.87360337058945192,-0.43014824688472586,-0.22757336530610631,0.45563313315415022,0.88724774686981844,0.072040847070001371,0.17092571154417321,-0.16662509227732761,0.97109241566222249,0.20822616317958118,16.634153120728239,-2.8151880672072322,,0.08349278891515047,0.3125,0,2
-0.22385751031191053,0.97335511509735251,-0.049675295578105336,-0.97412721127655189,-0.22507677493543252,-0.020411311453019401,-0.031048209731325889,0.043820831786764221,0.99855683031763165,-1.745187861871158,14.383422070211484,-2.9961808160143022,,0.5221394780389172,0.7134831460674157,0,5
-0.96140785647017424,0.21597443210599315,-0.17044054152084101,-0.21535221668258431,-0.97628051584535191,-0.022355696156222946,-0.17122603857860236,0.015211806507640388,0.98511433075326427,-11.629956590579576,8.7631117740855125,-4.3349453567759344,,0.1012714498161236,0.3389830508474576,0,4
0.27687558767640058,-0.89614363306015998,-0.34679460473684559,0.96012639832892011,0.27253846065817078,0.062290341899929193,0.038693774444776632,-0.3502133298259959,0.93587040525459753,2.4572162773540063,14.782693815443537,-2.2397862294058162,,0.2502127526905292,0.2380952380952381,0,4
0.73255502872263423,-0.62650703913230121,-0.26618050231160745,0.66695152707276917,0.73881663988328172,0.096569317937325289,0.13615722686836632,-0.24827183196902564,0.95907367132158405,-6.4410965782244292,-10.459971463735503,-2.1273897657827718,,0.1060200640575963,0.1333333333333333,0,4
-0.85345173176268574,0.49736019506621615,-0.15573367623917225,-0.49039090854229611,-0.86752727450692491,-0.083145563956515109,-0.17645650560501586,0.0054096534344865209,0.98429357271059381,-8.2862399682748737,-16.576425990749776,-2.1829729040057231,,0.2228482152807337,0.3529411764705883,0,5
-0.36860355091523989,0.92673674127250238,-0.072735373981986998,-0.92783926995027066,-0.37157805987426207,-0.032311523613539797,-0.056971145247616935,0.055576593955574294,0.99682773377021983,9.1584661110383898,9.183279201985286,-0.59221054387239114,,0.213560527666658,0.4705882352941176,0,5
-0.47974120080895444,-0.81309445614653719,-0.32973593318009586,0.86777944480249736,-0.4952232645189284,-0.041385425665129337,-0.12964264508506118,-0.30599235883103593,0.94316565931567209,4.6811498703678147,13.777591397039838,-1.7823607062475297,,0.2691500803544439,0.3055555555555556,0,3
0.9754065124931236,-0.059141405908170207,-0.21233094332481853,0.11716087253694185,0.95508411921577008,0.27219047589550022,0.18669618456836415,-0.29037324141360121,0.93852432858108359,-8.9702408855269162,-13.347483094727131,-2.4865977703512887,,0.2232220118873339,0.12,0,2
-0.20502119038338817,0.96853529745362787,-0.14108752276580322,-0.97862670631188786,-0.20520963531288672,0.013370686889525902,-0.016002536890262774,0.14081329184833571,0.98990683180383754,-13.880831721472793,0.90948824721117327,-4.1197570652803215,,0.113910494152333,0.5063291139240507,0,3
-0.025154674507141622,0.99909208124636595,-0.034383943072970102,-0.99894803526137577,-0.026440458224305317,-0.037466318425038191,-0.038341429262318198,0.033405319332319758,0.99870617272670803,-10.983500897829098,-14.737936891332344,-2.8139766727421316,,0.2495091486523625,0.4117647058823529,0,3
-0.22641213279843814,-0.83533380504196286,-0.50095407002616477,0.97156377888330214,-0.23026773067331535,-0.055141597479220976,-0.069291916438076057,-0.4991935560127741,0.86371547627193823,-12.38194555780492,-14.7536982757392,-3.0692674801215083,,0.3466260546340833,0.1538461538461539,0,1
-0.97291345474792468,-0.086440398658852363,-0.21440024965040533,0.120644700209574,-0.98099676931532243,-0.15195458171519949,-0.19719093762594531,-0.17370491090524157,0.9648535319133168,-0.24566962348338964,12.512364256822785,-2.5896241626992462,,0.08243262372293453,0.25,0,4
0.55295441657601774,-0.78835080466264562,-0.26971173867081688,0.82833439127241304,0.55509308522906575,0.075721879045871882,0.090019716864898652,-0.26528225632076513,0.95995925697756945,-11.906158070936836,-11.127954956407242,-3.1874784497018123,,0.06604530296203823,0.3,0,2
-0.92907766153399507,-0.28183948810691745,-0.23954373667903511,0.31541527761040733,-0.94195006194637709,-0.11507946580153479,-0.19320429987056165,-0.18247351518192334,0.96404124121775991,9.3720314253093626,-0.81536403889997899,0.25319677090949044,,0.4814683920476616,0.4318181818181818,0,1
0.84414332746937781,-0.45017635253404953,-0.29114136481796093,0.5137988634980476,0.83437467696610179,0.19957361124614209,0.15307766184861968,-0.3180568346331375,0.93563191447604399,11.905489021326424,6.6448019178055269,0.033760803279550999,,0.5387263682888569,0.8181818181818182,0,4
-0.47636777846438627,0.87816719297210233,0.043544469550160801,-0.87300108090461093,-0.46651167189949305,-0.14225319933457167,-0.1046080894591196,-0.10577920953116959,0.98887203745008112,1.0133330167471357,18.939441654301113,-2.8106341410425095,,0.4866600219784012,0.2222222222222222,0,2
-0.74246654342739971,0.64643585806647985,-0.17568185249712429,-0.65648713794364189,-0.75433626792392428,-0.0011969165256233093,-0.13329692271591748,0.11444420605892357,0.98444626775360755,1.9591005954755196,-3.6107480832087271,-0.91698176908429008,0.256375779649739,0.2125293373728693,0.5793650793650794,1,5
0.56515670130109552,-0.78512848357955833,-0.25332028589618749,0.8197911902836148,0.56886532072273976,0.065838068109466338,0.09241378310531792,-0.24487856409060421,0.96513946222350977,-1.686957909827675,-5.263690419303952,-1.4641103071905526,,0.0687635126690789,0.1136363636363636,0,1
-0.83599640835282785,0.53232979967697225,-0.13317278099163823,-0.52910405021519302,-0.84632326427907301,-0.06152915070023883,-0.14546102318851775,0.019024108806697172,0.98918106230207437,-2.9475866256126646,22.412148932521877,-3.8349039032178145,,0.1887177736941254,0.1666666666666667,0,3
-0.8125009230638145,0.58116478795415394,-0.045713666038221377,-0.5638278919215306,-0.80334047067286463,-0.19168254085968267,-0.14812278120455774,-0.12996760142937411,0.98039179120743503,-9.0541840127368918,-9.7402933769701754,-2.6591744697711044,,0.2596357609463361,0.1379310344827586,0,2
-0.22342389608630311,-0.91153558035001692,-0.34523129697867244,0.97183024703765453,-0.2355801980772893,-0.0069239596039898524,-0.075018221788772155,-0.33705319465898059,0.93849209393037902,-9.8922642454346104,-17.038737970681566,-2.4567223612436435,,0.2352652319306281,0.4166666666666667,0,4
-0.11451546190449824,-0.95532809391270768,-0.27245998232018054,0.99133655984956681,-0.12765275452746053,0.030928940608728913,-0.064327553120150593,-0.2665576996499362,0.96166988029516087,-9.9130165467217477,-19.256971952975565,-2.3879933267395983,,0.3954235665353313,0.8805970149253731,1,5
-0.033989520388869453,0.9881297546120138,-0.14981422013325996,-0.99925967523160319,-0.03089684545480665,0.022923490069643102,0.018022595810977655,0.15048246738854348,0.98844838663882217,-6.5637317972850564,23.867773876103545,-4.6070770643505785,,0.1644547025298785,0.25,0,1
0.97978882865062833,0.067266121385461827,-0.18838556251790201,-0.037797124237453655,0.98705539485301286,0.15586219840275975,0.19643123135287968,-0.14559160829292006,0.96964831508329485,-15.515127631855602,-14.881018763448314,-3.7082771852555005,,0.3034121906069521,0.2307692307692308,0,1
-0.91652525825075459,0.3932471598613167,-0.073062454444100949,-0.36018042088417507,-0.8908801351544865,-0.2767718359927952,-0.17392962772364809,-0.22735271286732484,0.95815407349328807,-13.149743271109855,-0.29146323759537424,-3.8986311895228951,,0.07909164835348637,0.3636363636363636,0,1
-0.93665314695172053,-0.26513854832134348,-0.22887208763737318,0.28970525664616437,-0.95370003360400202,-0.08079053270838725,-0.19685463311037119,-0.14197815359334545,0.97009816891137635,-7.0753004529177419,-13.773621377677632,-2.0963633217242963,,0.1071738259950034,0.3571428571428572,0,5
-0.96086381569089685,0.21504236774987892,-0.17463535658181567,-0.19797249197541306,-0.97400439501757474,-0.11010145733592501,-0.19377208291437928,-0.071219509679408419,0.97845805292002641,5.6142853633332459,7.2985961034716587,-1.0452558987586396,0.5708353844053258,0.189881890938271,0.1818181818181818,1,5
-0.32494645414738055,-0.87195853270290968,-0.366194100421667,0.94125409825760731,-0.33581676589264992,-0.035606491805012859,-0.0919267341435753,-0.35625190103631849,0.92985700973736063,-14.183509956120474,-10.592506402418161,-3.6208159930320707,,0.1443024490621853,0.2058823529411765,0,4
-0.40249516005072561,-0.86959660225936397,-0.2860059360829949,0.90954109018550555,-0.41524798284115927,-0.017438979629263825,-0.10359851060658309,-0.26715325580145516,0.95806914495498696,6.4784733082303871,15.695937151863825,-1.5942647691645344,,0.2533740870919965,0.5333333333333333,0,2
0.1810192189721338,0.97617306531765236,0.11965863492058135,-0.98161788660836846,0.17185159525104493,0.083026224171589044,0.06048443645466637,-0.13248839857892966,0.98933738289258633,5.9247283975085256,10.587433099709898,-1.2354926782643774,,0.2207108213671703,0.2333333333333333,0,1
-0.48725393172598824,0.85966052798936765,-0.15351671776913292,-0.86929926993064266,-0.49421496379538954,-0.008387422653803012,-0.083080595301297355,0.12936516601374262,0.98811045359646843,2.72514927377423,-8.72521456239458,-0.48279237703936417,,0.2030910896095637,0.6309523809523809,0,7
-0.96770950468767813,-0.14076315365107125,-0.20910296294250716,0.15162913421222127,-0.98775238773832397,-0.036794376952102352,-0.20136265839321538,-0.067312369527793181,0.97720116900941778,-2.5844400164067403,10.624826784901051,-2.8324355727553217,,0.09258804997162573,0.4567307692307692,0,4
0.9593970370882291,0.23255259905916331,-0.15961395270199769,-0.20239897393270492,0.96173669451228172,0.18465423303996595,0.1964484170903795,-0.14485102381211501,0.96975574260906861,-3.2113754694648224,-8.3690254606910734,-1.6263491037655815,,0.8609740252908925,0.6744186046511628,0,1
0.60449146487013583,-0.7526025363672193,-0.26111202797417427,0.7876974633852013,0.61360379656023134,0.054982606553249838,0.11883928254443796,-0.23891379847237518,0.96374136666629839,-24.566413817679681,-11.425750337115897,-5.6175294574863726,,0.3906654903605788,0.8,0,3
0.59951938737350419,-0.75817076528721472,-0.256424637714666,0.79346555033557986,0.60498753823884466,0.066351330102399741,0.10482807159322241,-0.243243025058277,0.96428414182052424,16.774375812115419,-9.0074165261348007,2.2127990674319098,0.3621203379323953,0.1305172340546352,0.4666666666666667,1,5
-0.75913708816039294,0.63206650041943746,-0.15557255679227364,-0.63663654707423667,-0.77076104871076201,-0.024926145303260445,-0.13566424845460565,0.080120814011163721,0.98750993253406594,-11.777494260476429,0.23672732053490772,-3.6723726021730725,0.3720477409613077,0.6297161606789214,0.5158227848101266,1,1
0.69679278373013775,-0.65692010535196665,-0.28798574917166575,0.70752938610715466,0.69544714798497509,0.12552064433548604,0.11782183302103719,-0.29122025950116176,0.94937283304276077,-3.6046830627178328,-12.100254158660082,-1.517980730723425,,0.1052763952542361,0.15625,0,2
0.9564448180526689,0.21700612287539511,-0.19524767003676682,-0.19570259086986835,0.97295580913735669,0.1227089621531046,0.21659595090171496,-0.079153876092457512,0.9730472023250063,7.6628158868211793,6.9792156037827722,-0.69263419322720099,0.1724057189056806,0.1152425634266962,0.1481481481481481,1,5
0.51351129488535463,-0.80557208528517354,-0.29556685442461633,0.85450195362870773,0.51151029170446172,0.090463433082858272,0.078310671494291814,-0.29901644919587994,0.95102923290527697,-0.90737335396115559,-6.304419003814866,-1.2947957823802108,,0.142362767434258,0.4830508474576271,0,5
0.92807545800431357,0.34984632909709623,-0.12760677986442925,-0.33077139511538922,0.93185795217198386,0.14910077513968348,0.17107375141587816,-0.096168097574620373,0.98055365410842021,-1.2222828286195324,-11.483835991483367,-1.0964760228547279,,0.4970302065294541,0.2916666666666667,0,7
-0.020702825033529187,0.99861547044748378,-0.048358403805161189,-0.99930006496494894,-0.019161189332831993,0.032128320597267904,0.031157233456784058,0.048989703064045258,0.99831319524336493,-18.867710165755557,-10.495541248116295,-4.5266262524399368,,0.3748585795233582,0.6376811594202898,0,2
-0.97588525600510678,0.15480959740783098,-0.15388942673969735,-0.12335508651752544,-0.97275078308731655,-0.19631463682890749,-0.18008745026264658,-0.1725975160697201,0.9683896982643202,2.862134226529061,-4.6307981515086007,-0.71610983348635826,,0.3042559581310363,0.2631578947368421,0,4
-0.37622310155975364,-0.88331257032241506,-0.27966959248936618,0.92183650292637032,-0.38719902226940245,-0.017157477264985517,-0.093132377427182098,-0.26426467842681428,0.9599429878960174,-12.328857612428234,-9.766430651910893,-3.2832942486302987,,0.1443197603005413,0.2894736842105263,0,4
0.46650882384282838,-0.82861867065637873,-0.30945212217148688,0.88019697370553063,0.46942647857789588,0.069943324839338364,0.087308675149758069,-0.30500799964855363,0.94833924066969932,4.7391191404999766,-5.3624544970784473,-0.32547670622502084,,0.5204016351403867,0.3763440860215054,0,3
0.96920829123425245,-0.11787825043507108,-0.21619437152050544,0.16153422328326075,0.9670243986320417,0.19690227819558209,0.18585473604687427,-0.2257621104718493,0.95628943660601118,-6.6251755230187444,-7.3183485827660677,-2.3007827253637672,,0.1627766755748384,0.2359550561797753,0,5
0.061558257983573776,0.99764682440092856,-0.03018931328748926,-0.99794695202318795,0.062056116673333959,0.015840433423796069,0.017676589650040771,0.029152223691649489,0.99941867404615536,-7.0394987170933367,27.196739669426872,-4.9059944494156218,,0.2752398547253283,0.6086956521739131,0,4
0.80258637512936293,-0.55582760947914733,-0.2165889632400623,0.57707379988460561,0.8154048829167464,0.045833463782135951,0.15113219360364885,-0.16177312958653745,0.97518639992584266,0.60681860913808927,10.724286076567422,-2.2819664270173821,,0.06686552382933332,0.15,0,2
0.83088786949253801,0.53329532267736279,-0.15881261644025277,-0.52690934061713779,0.84580844500550856,0.083514197162976048,0.17886278288275673,0.014288917657091071,0.98377026369555642,3.5725864812453945,13.36989450244589,-1.909206259296246,,0.09494268542234469,0.1363636363636364,0,1
0.71248074889553281,-0.64387319085635941,-0.27892381854138837,0.69457699974549236,0.70360624502613889,0.15000347790889931,0.099669322651504064,-0.30060865931750097,0.9485254135053649,-21.597700612620763,-10.196358283554538,-5.0844729766031245,,0.3213969510026273,0.4444444444444444,0,3
0.97587162135879313,-0.089370484542897657,-0.19921720588123962,0.13155216108987688,0.96885961041246282,0.20977388832739297,0.17426591043329046,-0.2309198384807554,0.9572394792615263,-2.1950275204817578,-9.3786010132078275,-1.3686646969126339,0.3339843684367773,0.2039699525678342,0.25,1,2
0.97828013183227647,-0.064549331394010895,-0.19698062716625184,0.093178454084825599,0.98579722819014193,0.13971972153921197,0.18516414165973338,-0.15503937793096004,0.97040044926524793,17.8820872441372,5.4515517568628233,1.2122566183984935,,0.3768389693146655,0.8571428571428571,0,4
0.94837495778435632,-0.2178094403615129,-0.23052979663576065,0.25537448094088444,0.95547353095956988,0.14783168171885705,0.18806598292007629,-0.19907129206657653,0.96177014236419778,-8.0977926193004954,-8.46286007604966,-2.5384666126358488,0.4223819075207456,0.5508915227992209,0.6474820143884892,1,5
-0.20604131620775612,-0.93563302091282419,-0.2865969751984806,0.97501930281453486,-0.2211304540656609,0.020944723053152092,-0.082971893761888113,-0.2751221046412986,0.9578222655499864,-0.8369960653086771,22.797627838651874,-3.4404193639947063,0.3155355314309299,0.1380543265618037,0.6216216216216216,1,5
0.52994590341370906,0.84795960868752285,0.011038183253179028,-0.83853550237337082,0.52202494405987754,0.15603899845461755,0.12655256107430712,-0.09194813654329638,0.98768921704742163,-16.561753334464221,13.854942995514474,-5.6040564596254789,,0.3456922853593851,0.1,0,1
-0.48057548899109004,-0.83942680579204376,-0.2537909318686189,0.86693427184483551,-0.49837623975055728,0.0067891054609693817,-0.13218232741875902,-0.21675737904362585,0.96723527176602608,7.6332609672907159,10.648477796520222,-0.993325448043064,0.1134241206390241,0.2325808490078659,0.3142857142857143,1,6
0.9160938009727515,0.36628242242232084,-0.16312367959230542,-0.35226274557707221,0.92954060709789998,0.1089275806881346,0.19152834228332777,-0.042325486181539196,0.98057403969394186,-6.5854675064259434,-8.2845721614857517,-2.268944136949596,,0.0624817294355882,0.3636363636363636,0,1
-0.97289015063169537,0.15880103887190977,-0.16812788244975671,-0.12371361589783007,-0.97158177640982146,-0.20180137013860705,-0.19539625391834198,-0.17553085712072722,0.96488819152953731,-10.031936138860726,16.520257738701694,-4.69285141955572,,0.4040041081608685,0.25,0,4
0.97954462720844626,0.069643252874208639,-0.18879126207577474,-0.043275867799054672,0.98915536382016456,0.14035264690070914,0.19651850440430177,-0.12931157548686598,0.97193569430893922,-14.545100211399353,8.9278515443412498,-4.8815215477824676,,0.09361271862680762,0.1724137931034483,0,1
-0.86745653185815286,-0.38689477893013624,-0.31278042677448181,0.45459949562081525,-0.87182718433748985,-0.18236408426953132,-0.20213476672241784,-0.30038274032767831,0.93215435706502436,-21.356923172019119,-9.1332925220706542,-5.0982512659566535,,0.3588063284719414,0.2777777777777778,0,2
-0.10455097464073962,-0.91782131832758906,-0.38297927009836746,0.99221713410347068,-0.12245291921119293,0.022592949523082842,-0.067633220337101577,-0.37763647890539376,0.92348061014120364,3.4987602461375737,14.81246447909011,-2.0825744900873255,,0.08478837499563249,0.3809523809523809,0,5
0.94879972352285247,-0.22964140393111637,-0.21689608166932611,0.26095129264595418,0.95675597877861929,0.12853956565110025,0.17799861659396873,-0.17855761723296437,0.96769502934484575,-18.445107116467479,-0.49176345705564362,-4.9564006929972377,,0.163417267036075,0.48,1,2
-0.74357114813550107,-0.63260608044533639,-0.21659061531849261,0.65365744808846304,-0.75592479595287143,-0.036188995870147088,-0.1408328378572721,-0.16848516209803191,0.9755915446199136,4.3812304222866976,5.5258427494446494,-1.0901245323990292,,0.1181267869403478,0.2205882352941176,0,5
-0.91795761592404501,-0.33051181252528905,-0.21935304225903135,0.34627335092660017,-0.93741797537054294,-0.036637492958119293,-0.19351636056185975,-0.10958777866824808,0.97495740263944453,9.0475050071871692,7.016517567531614,-0.48609762138721002,,0.08301560861068465,0.5,0,5
-0.88790915823625727,0.42979543600636017,-0.16399149340220376,-0.41860715917353775,-0.90271374051087638,-0.099377809301288048,-0.19074950329907203,-0.019590453822347399,0.98144324395768956,-13.29330922458831,7.5844571889551711,-4.5476619364363744,0.4616737611450898,0.2179476110220736,0.3974358974358974,1,4
0.55558302420583816,0.83135078842744714,0.013541410390211254,-0.82103913877823664,0.54597577731505165,0.16674886260336355,0.13123351633094879,-0.10376086529268229,0.98590640885690939,-3.9484307215650607,-5.8163689226556903,-1.8906999473317254,,0.1100600385432658,0.1904761904761905,0,1
0.93355738105101171,-0.27744039641759594,-0.22693047992903786,0.30947210513027512,0.94332831382200255,0.11982782852064444,0.18082486673964981,-0.18209480711262563,0.96651117365046713,-10.792960012170978,-10.833123773049024,-2.9360108109406338,,0.133686074101028,0.35,0,2
0.63134188734008301,0.75865865245467445,-0.16076215458098075,-0.76185114376380736,0.64548149414041966,0.054189256020260736,0.144880143690017,0.088264884172067862,0.98550446685261206,-12.201247767333435,-15.858177420744303,-2.9988679267301621,,0.2140003226662936,0.25,0,1
0.17761135226464458,-0.92513799581081935,-0.3355203365727123,0.98398900922682164,0.17208753183102046,0.04638438432410838,0.014826910249386852,-0.33838671678340054,0.94089031913236754,-3.4612012952755578,-9.5925998712247367,-1.6261206350394848,,0.1804299434091957,0.1428571428571428,0,2
0.023332783645766603,0.99952872529114611,-0.019947644602744338,-0.99830463411109349,0.024359196418693347,0.052862908188557219,0.05332390382986002,0.018680387246871277,0.99840252624512693,-16.036115839541932,1.8265944138943342,-4.5983084154358531,,0.2037456477287172,0.2982456140350877,0,3
-0.28027477012391927,0.95312836639395249,0.11398407962158708,-0.95938269873743254,-0.27416436686578388,-0.066473583507774034,-0.032107485034885086,-0.12798522225741507,0.99125621929370766,5.5026823104280611,13.893878658821656,-1.658527262718263,,0.4545374966462303,0.2608695652173913,0,1
-0.18585260928157968,0.975654160713052,-0.11643782163257034,-0.98250985397996005,-0.18592220291440176,0.010359599207151649,-0.011540990230704476,0.11632666567372194,0.99314395351214246,-11.174724222404198,6.6829469835955582,-4.0698356307358807,,0.08466439460263556,0.2112676056338028,0,5
0.91463370628737328,0.39354549662806354,-0.092558767314577767,-0.35614147872168905,0.89267048382950098,0.27622935114417735,0.19133329678064942,-0.21968465896228478,0.95662438823169904,-6.2606649453865932,4.6228108396994712,-2.8985706736890982,,0.7231357004188934,0.3155650319829424,0,1
-0.63881275227804246,-0.6997140956034793,-0.31987255577926299,0.75517177322652673,-0.64975141732783248,-0.086825621808173992,-0.14708453504313604,-0.29702403958985907,0.94347382552822656,-14.194473836478616,6.8284141965769702,-4.6112625450934344,,0.1093037537175714,0.3793103448275862,0,4
0.76745829984767588,-0.59836503504871963,-0.23014569912570548,0.62716493091591019,0.77517125259636466,0.07598472594821,0.13293572666577119,-0.20265442008337181,0.97018517747722555,-3.6982463827155678,23.012787386635893,-4.0138491519965802,,0.156511847219496,0.3571428571428572,0,2
-0.58507108211625214,0.79940034399261284,-0.13656836711263204,-0.80519022842709398,-0.59268682751859836,-0.019774239086848708,-0.096749805771600125,0.098394179250767322,0.99043326911646412,-4.1079959265665087,-14.772128773272424,-1.4642131541313328,,0.07723434349274214,0.2727272727272727,0,2
-0.2512219925075872,0.96767080300843811,-0.022376940933081502,-0.9676496602274397,-0.25163810567742023,-0.018231808270147584,-0.023273279576325759,0.017072808090183057,0.99958335004224519,-4.7700079733255851,-7.9457252036033932,-1.9288301064794391,,0.1082635180091336,0.25,0,5
0.54521245877821323,0.82150501255164809,-0.16695175694053627,-0.82788824905526692,0.55894381765466772,0.046721042174058848,0.1316982227261238,0.1127445034498018,0.98485747957389158,6.3324063923229783,12.818706391394167,-1.3622331922093691,0.5205662163937709,0.5108905442556028,0.8633879781420765,1,5
-0.2183678186205224,-0.89816603718383592,-0.38159306262090287,0.97095957871856686,-0.23913453692908287,0.0072228624781088373,-0.097739410094286883,-0.36893419860077858,0.92430220426937393,10.23302835215816,16.347093907076545,-1.0161989645212215,,0.3562662584007639,0.1,0,3
0.48064290981322227,-0.80022804504648126,-0.35863277759759588,0.87253430050420566,0.47725216090149192,0.10447138057139886,0.087557339440599263,-0.36313282808904018,0.92761428485882025,-11.834531910116912,-12.537786119233838,-3.0362829784200449,,0.225398545158818,0.4,0,5
-0.77975756021980969,0.60636478756414336,-0.15588422525176096,-0.60792931730951372,-0.79282557312585544,-0.043006461761550076,-0.14966660427643508,0.061231976939752707,0.98683866592488723,-14.921302839060539,-12.0521076046209,-3.7267856790622158,,0.3215380415771269,0.3461538461538461,0,2
0.96912695132432236,0.17591059675519646,-0.17276693597461262,-0.13359581398815118,0.96356918977738226,0.23170363613159514,0.20723202141963609,-0.20146929905320562,0.95732179064165357,21.194998784095141,-10.509274040864126,3.1115154812207635,,0.6679043545014243,0.3181818181818182,0,2
-0.89712005541095485,0.42403798848574864,-0.12396527941487323,-0.41200593911490302,-0.90431182773640661,-0.1116746361090481,-0.15945755646407694,-0.049111124371181307,0.98598244667413115,3.9214567667050382,10.404841611477412,-1.5845441906482647,0.2950468321026773,0.2744139010570948,0.2952380952380952,1,4
-0.5981033995468219,0.80125272102983769,-0.01632177970740338,-0.79520601633687293,-0.59587459966049794,-0.1121644019334254,-0.099597766200737278,-0.054106732683865427,0.99355560812976185,-5.4098379104580712,-6.4870614796485757,-2.0730994568025078,,0.6647461351543202,0.4113924050632912,0,1
-0.97995589052548471,0.060853403553498449,-0.18969268805191189,-0.038648465060598505,-0.992185555629293,-0.11863439361775018,-0.19542965172374585,-0.10892514161820785,0.97464997037428225,-12.139565473376429,9.8604349464048955,-4.531350283658143,0.8318168733436808,0.9232330571584851,0.8065843621399177,1,5
-0.92647150525348942,-0.2569690865631486,-0.27498625148220773,0.32119180069139763,-0.92067585361154358,-0.22179224455619284,-0.19617945132442483,-0.29380752394647375,0.93551630758126858,5.4661327844535643,2.5514656796025683,-0.67218390787492088,,0.4448806127204804,0.2469135802469136,0,5
0.5297779790109054,0.8477900924082864,-0.02423328639435984,-0.8400301196383626,0.52844121260775967,0.12287913947452365,0.11698158425786377,-0.04474197170432747,0.99212573039536178,1.6063910685070446,-12.298448873580391,-0.51840139768370941,,0.302524728259588,0.2142857142857143,0,6
0.67612997839611433,-0.68007236584055153,-0.28346045497406569,0.72783381137816827,0.67628805913536016,0.11354472284371393,0.11448229264300278,-0.28308309432207718,0.95223829285543804,-5.9148436517155067,-8.647791425836278,-2.0908494724722644,0.1805148197151033,0.1334248739770913,0.3571428571428572,1,7
0.68033289513528883,-0.62336874498614336,-0.38543295081146839,0.72291047410980158,0.65731236476761623,0.21293403097190669,0.12061342470544863,-0.42349954297260312,0.89783101911374052,-16.698900591645266,-7.5517756600865846,-4.2254471894994348,,0.1655511115695544,0.2058823529411765,0,2
0.97323551463331393,-0.010824983070081295,-0.22955490148973667,0.052438873647351267,0.98299808959533885,0.17596852099882265,0.22374717336097763,-0.18329641456790252,0.95725630153032992,-14.621077082937937,-8.5656535453078018,-3.767897658076135,,0.3218714356316376,0.5052631578947369,0,4
0.69798884025953578,0.71185852411387263,-0.077903918512278542,-0.69877336201269558,0.7008416944059892,0.14330634292876365,0.15661215602443759,-0.045589045049895048,0.9866074556564105,7.937972530578568,3.5821752635389839,-0.34633705440283741,,0.5349933691265552,0.1379310344827586,0,1
-0.97207541229131811,-0.082043375930512003,-0.21985967634968462,0.10501308762256251,-0.98993309509487604,-0.094893196088307846,-0.2098610117354803,-0.11533148616836042,0.97090524978061432,11.930482641631624,11.750065338531485,-0.37806992854675614,,0.2381436267470687,0.1875,0,3
-0.95288811434328913,0.28122831273482113,-0.11364364328732575,-0.25437087612053699,-0.94498893918356897,-0.2056486377352971,-0.16522620532155791,-0.16705250952032649,0.97200502063415295,6.6065745461482468,8.6979878623304145,-1.0033673712505602,0.7874591402726372,0.6735369038217307,0.6,1,5
-0.65607975484837944,-0.70503912927027657,-0.26921957855234574,0.74034388441310017,-0.67049122322712351,-0.048295469637629151,-0.14645916867923978,-0.23100074842564436,0.9618671249900268,-11.223465086043287,-18.889208838363714,-2.6708169462355995,,0.1665241194321179,0.1538461538461539,0,4
-0.64285424726488782,0.76582726470389273,0.015716787510434659,-0.75907075175882655,-0.6341630604476356,-0.14713533426059885,-0.10271324451006492,-0.10651672826294435,0.98899149440345224,-3.5527377854946787,-2.5778835387765029,-1.9794403682203459,,0.6073833626892164,0.3854907539118065,0,2
-0.97049327636611482,0.14446013672288147,-0.19306493577594569,-0.14853039516332389,-0.98888515533831001,0.0066986016565367549,-0.18995136809402155,0.035176959071706863,0.98116311554688829,-13.775097528134443,13.159546205298412,-5.0669115864512841,,0.5965161807402615,0.4827586206896552,0,1
0.9818636826571292,-0.057736282896412784,-0.18058302887116773,0.084119656815198729,0.98628024963091476,0.14203926402679254,0.16990465566391291,-0.15465377727454666,0.97324951433763462,-4.4812728044133259,15.337901016217186,-3.5669136626705731,,0.3982105819995942,0.3076923076923077,0,2
0.50940850832182361,-0.80460576246014104,-0.30514347226390226,0.8546918367396763,0.51429482990068187,0.070729711917893665,0.10002417637698402,-0.2968339518204835,0.94967613910571747,2.3164747076159729,-16.4328991661,-0.1630897153125109,,0.1569202267212556,0.5,0,4
-0.0044489919927667865,-0.92897245495616643,-0.37012212093167685,0.99971052782518366,-0.012883438484110036,0.020319388975051027,-0.023644598235994029,-0.36992458007753509,0.92876086159394045,-9.855920170244417,-6.6038798209994463,-2.9223897592390911,,0.1359676865401017,0.2142857142857143,0,3
-0.45827834486221458,0.87731912885153696,-0.14245035900807304,-0.88724536577397861,-0.46106031343932713,0.014800279856384642,-0.052693638543444533,0.13317106863883396,0.98969128870301937,-9.8903377452731451,-14.031691951369814,-2.6246988673887008,,0.08218565535845779,0.1111111111111111,0,2
0.51031013514916479,-0.80169992386956401,-0.31122467452240393,0.85530834074991835,0.5108428901035158,0.086528514804706927,0.089617008473070914,-0.31034943805043724,0.94638893595292783,-13.575169444987621,-14.031894635165877,-3.313820172808339,,0.3980060479540227,0.6938775510204082,1,4
-0.59257015046342654,-0.77891323601669449,-0.20531631093936897,0.79358584169172275,-0.60822009159861745,0.017024454241108388,-0.13813807819059329,-0.15284793401864744,0.97854758720260449,1.5697515099101178,1.7078551472747163,-1.2942562631913677,0.6299390038128314,0.4358750807467054,0.9616724738675958,1,5
0.85678515243234032,0.47829307789116099,-0.19275615220503661,-0.47847992816064894,0.8767469075633314,0.048701318519268136,0.19229186389151123,0.050503383248401937,0.98003737039033034,1.6354606911895515,-6.9319331533762192,-0.80922621817267815,,0.07722175006612597,0.1627906976744186,0,2
0.55226437223424718,-0.79023223320739966,-0.26558817887993219,0.82763765390569544,0.5579543847694961,0.0608507876199589,0.1000998351556541,-0.2534164992981694,0.96216427957250206,-4.8896225091626722,25.989456954477163,-4.3658097483152591,,0.4464905690868188,0.4444444444444444,0,2
-0.38832508624391721,-0.88765716146846407,-0.2475245262340765,0.91577308282350878,-0.40167822363499589,0.0037769608630789432,-0.10277785836249591,-0.2252096098109137,0.96887426608370342,18.895280688628166,-6.767009338141813,2.400761942339297,,0.1244037081469429,0.1904761904761905,0,5
0.31347409882480332,-0.89290912473955952,-0.32318305079754978,0.94939819283508453,0.30165861541588679,0.087436555209170236,0.019418053647408673,-0.33423849973066272,0.94228847201392762,-1.6795629302797448,17.288143232299856,-3.2518102604103318,,0.1806601694604101,0.1891891891891892,0,4
-0.18401254808861123,0.98263729531035415,-0.023734532038538741,-0.98289905873607519,-0.18412589872095803,-0.0026634105835783252,-0.0069873086144656635,0.022838548232130506,0.99971474843225883,-13.331522963128497,10.911434448073368,-4.7998830665221695,0.6429722770069858,0.5490442063369746,0.4646464646464646,1,4
-0.38181943109200489,-0.89271457920589403,-0.2393211275960013,0.91852080850334838,-0.39527014947268951,0.0090018488208141074,-0.10263257955899219,-0.21638435481587262,0.9708987406542382,0.54823318663777731,-9.8260330685814861,-0.83870947422834141,0.2094261094279907,0.1616214024105731,0.5294117647058824,1,5
0.11171576530771038,-0.94871954111075663,-0.29572084826117268,0.99355775711545025,0.11233705785719093,0.014945524671479258,0.019041298732707598,-0.29548539345724872,0.95515747978853527,19.971948538909015,-18.007585646216597,3.2959342108520695,0.1964366172850182,0.2052666652750942,0.4166666666666667,1,5
-0.4692350031208945,0.87240251208518704,-0.13686624402528078,-0.88001202681483659,-0.47485203068797099,-0.0097150199563313423,-0.073466621722901207,0.1158853133876928,0.99054189696027428,1.8517868480501274,6.8078422845425779,-1.6540532451594459,,0.08049963629056593,0.2592592592592592,0,5
0.18702382645990506,-0.94646339744877928,-0.2631142824439785,0.98218128694660367,0.18520092837573757,0.031945824463895989,0.018493455821139482,-0.26440055487551328,0.96423562404285401,-11.336312496150457,-8.9136434240266649,-3.1241537088029956,0.7027634887758106,0.4076473461259968,0.8352941176470589,1,4
-0.86041302149460941,0.50076159983591262,-0.094484139263130137,-0.48402933598030473,-0.86106521756789267,-0.15582776711877364,-0.15938956789257736,-0.08834314475121878,0.98325503020451543,3.5527443813420612,6.5945830526049161,-1.3836687734665034,,0.153545309544721,0.1851851851851852,0,5
0.91017559535818948,-0.34819035961614048,-0.22437437261137419,0.37629861593537695,0.92145784671357511,0.096513151306444986,0.17314657738310818,-0.17227568081526731,0.96971199463559854,-12.212572451821798,3.6506772219936643,-4.030122685348795,,0.07962039188786776,0.171875,0,3
-0.94259750925111929,-0.24461683721511346,-0.22731594423722859,0.27815628796691289,-0.9518123857615205,-0.12915983034764197,-0.18476746201118843,-0.18497509362570552,0.96521769550713621,4.0757971590603379,-7.3571726850855477,-0.33916033161330256,0.3656340933457702,0.1861504213691363,0.1764705882352941,1,5
-0.52840899148158771,-0.78435971059327114,-0.3249058049950036,0.83830041363721242,-0.54257446310363333,-0.053529136771315648,-0.13429949447816117,-0.30065394789665395,0.94423029468295816,-3.4197319734988518,12.639997175707167,-3.1990700986843619,0.3421530748526251,0.1682206455803747,0.293103448275862,1,3
0.45293684365625725,-0.85536000602842366,-0.25141096981985644,0.88899794423155554,0.45460516567879611,0.054925390214551957,0.067311743483390016,-0.2483815682074817,0.96632071578954404,-12.475013348274265,17.750159974463998,-5.1931234282730232,,0.1158686482295705,0.5833333333333334,0,3
0.91667400412818145,0.36721189715288488,-0.15768383793206783,-0.35243372838601578,0.92883802385310499,0.11423831467853156,0.18841241267904699,-0.049146190432609732,0.980859528533226,8.4336169310193032,14.654466417931278,-1.1589546284070109,,0.1887553022820747,0.15,0,2
-0.96354699374672503,0.2282651620440109,-0.13954284875503703,-0.22175606958221614,-0.97320799725484974,-0.060748989149223553,-0.1496710942202833,-0.027590032189664038,0.98835082520260864,-5.4009128406424018,-16.204379337124646,-1.640921274157195,,0.7330853688226775,0.9019607843137255,0,2
-0.96109130017336175,0.22269433968945568,-0.16343421857540866,-0.20386916911052205,-0.9710743293828703,-0.1243061088595155,-0.18638904103316387,-0.086150321438087069,0.9786915997896638,-13.894193549583193,-0.74879917280294006,-4.0337969289198963,,0.09291616729720223,0.1071428571428571,0,2
-0.93363670784893416,0.31124131770483915,-0.1773452562386732,-0.3041267709312499,-0.95029442254316676,-0.066688962252244008,-0.18928656835585653,-0.0083278230472041102,0.98188657308436567,12.536315004013662,-27.178067762562293,2.2579607847455425,,0.3271288311877678,0.4285714285714285,0,5
0.48105886043116458,-0.78684219294572511,-0.38660281452807677,0.87337290349278818,0.46844046404900958,0.13335405162995315,0.076171807417475687,-0.40179957073385447,0.91255408645890357,7.4034500619101049,12.576816301972306,-1.1458106565752297,,0.10174039642823,0.1666666666666667,0,5
-0.31999223890156137,-0.87441340302783133,-0.36470010645467799,0.94339276812433814,-0.32953446727768476,-0.037644653361544121,-0.087264265844986422,-0.3561014398753532,0.930363752746868,-22.397240418385923,7.8590703718512689,-6.1879263683848347,,0.4809440200469013,0.4,0,1
-0.72971341769966069,0.67417498827645184,-0.11404566283522291,-0.67148775402861716,-0.73803559397831309,-0.066390196645895586,-0.12892836855666223,0.028134448697699824,0.99125472436593842,-19.318677591226486,5.6474404446221271,-5.5155277897623414,,0.162425739335454,0.3,0,1
-0.15757166054447255,0.98264688604529515,-0.097858413735066901,-0.98678674526110777,-0.16046720873177614,-0.022409692073378007,-0.037723880636124266,0.093034253193748986,0.99494800696440133,19.640871189173215,-8.9191344435158531,2.7182854674387049,,0.2377108625752798,0.1333333333333333,0,5
-0.95397392405503967,-0.1772320860741867,-0.24191432344700328,0.22699515896088601,-0.95391083406222532,-0.19628377025885627,-0.19597691198544634,-0.24216297884792673,0.95023688712033649,-9.1413449555730981,5.6424076094790765,-3.5304536241549558,0.9795249263460405,0.6813276970329868,0.3267148014440433,1,1
-0.10064291427735286,-0.96656403967027793,-0.23584944566828142,0.99363639535023807,-0.1096977343927977,0.02555623024768584,-0.050573882994554668,-0.23177653954911287,0.9714535079320531,5.2153530125459522,12.239124933326545,-1.5035798308394785,,0.07863291493034265,0.4583333333333333,0,3
-0.97443406128675836,-0.085030866527885246,-0.20796156361624021,0.10783912697997677,-0.98903468164573038,-0.10090154208001452,-0.19710145330867296,-0.12074829290489153,0.97291873600222323,3.2518484030526307,16.711478676011282,-2.2439169615397563,,0.07512219812866192,0.4117647058823529,0,1
0.94911189143072971,0.25617954667307746,-0.18319022193107948,-0.24834023690409596,0.96649467785784615,0.06492429750774413,0.1936846516355881,-0.016126919694508284,0.9809312810701708,10.344096033611004,1.5140415693156992,0.25920800904689817,,0.07291944299980734,0.2058823529411765,0,4
0.77286597023981229,-0.59086254489956103,-0.23142956829257721,0.61994456669828779,0.78089576706695052,0.076619417892539232,0.13545082600909658,-0.2026900441850405,0.96982978904636674,-14.21631481004172,14.287951115300352,-5.2448971362921153,,0.112631896453835,0.5454545454545454,0,4
-0.54456229264431055,0.83808591023016565,-0.032617732963016295,-0.83398354524532325,-0.54520450110589891,-0.084991165622720688,-0.08901323322974744,-0.019080331431659433,0.99584767171613364,4.4769024885968758,14.90672810927108,-1.9019045155983996,,0.7329012726350675,0.4878048780487805,0,2
0.5307383587375949,-0.74167355842188654,-0.41016719432731447,0.84326624498091074,0.51062165425502037,0.16783195846340207,0.084963725438088014,-0.4349550079533322,0.89643477532723936,-3.4475084572996,18.992914068705897,-3.6490875363178819,,0.3103016220389601,0.3333333333333333,0,1
