axis_00,axis_01,axis_02,axis_10,axis_11,axis_12,axis_20,axis_21,axis_22,location_x,location_y,location_z,dbh,dbh_approximation,score,reconstructed,number_clusters
0.84110946188990354,-0.498795231642988,-0.20913677345100201,0.52402962972907086,0.84726461731913982,0.086807922478681215,0.13389481052412247,-0.18260883091808511,0.97402576690015741,8.8163388839770445,-7.7685681610923263,-0.50177574136079095,,0.09623419065127141,0.3870967741935484,1,5
-0.081988038768737115,-0.93953103252816239,-0.33250473743305081,0.99442588467517701,-0.099312149201070579,0.03541548967692431,-0.066295711677665084,-0.3277476711399035,0.9424363865405041,-20.372632883755401,-28.748706265101998,-3.5245426665180921,,0.2812715370418595,0.1333333333333333,0,3
-0.73551793436882129,-0.56873176135699099,-0.36818141159705042,0.65306809692547452,-0.7397978242593819,-0.16186797088745719,-0.18032035104214025,-0.35950432938263571,0.91555513660029242,11.074656030849214,-14.309008673813809,0.16156487660629856,,0.3072818320477801,0.32,0,1
-0.98095466791566321,0.09939140615290043,-0.16688105907328302,-0.050852747232596654,-0.96061152284748375,-0.27320230649014715,-0.18746182969705863,-0.25951271752187383,0.94737068344499864,34.606559392673603,16.726061699465319,1.0692053244239283,,0.5163086627437744,0.2777777777777778,0,1
-0.59824859348986592,0.80121211372162604,-0.012560621526102394,-0.79837767419127625,-0.59732560891830477,-0.076126252260997618,-0.068496056385211126,-0.035514303542390081,0.99701906927780137,-17.377273085185937,3.4715366140863293,-4.8217181091235597,,0.09522428130190858,0.3970588235294117,0,4
0.32287083556008767,-0.92361356032211261,-0.20662142854467239,0.94639472335467134,0.31727254832887236,0.060623078801206209,0.0095630095244501612,-0.2151188538134528,0.97654105268689062,-4.4803634099667073,-7.7441935485323459,-2.2329320182177983,0.7479085948435453,0.6067807615205194,0.9852941176470589,1,5
0.28934054620160216,0.9564087204334395,-0.039552595396886291,-0.95430382684708992,0.29143715082540583,0.06609533405445002,0.074741249579855867,0.018621133092291211,0.99702908634282139,19.473240244728302,2.7895517127637088,0.26963249654076682,,0.2623035394611867,0.3333333333333333,0,5
-0.22918311604607769,0.96900724710628783,-0.092195739461781501,-0.97331420169217331,-0.22700779035288515,0.033569746847850142,0.011600176883920942,0.09742904174113165,0.99517486791099552,-17.840802213739121,7.2369552528166334,-5.0934318997311516,,0.1203947441708205,0.2972972972972973,0,4
-0.04265911685347025,-0.97089018475682398,-0.23569567007508249,0.99693181374146689,-0.056862177911047238,0.053792671186338785,-0.06562894559134036,-0.232677764012964,0.97033700312545856,23.90197602304011,7.1310958450116155,0.36910505232229829,,0.09042718825266524,0.4444444444444444,0,1
0.11258822874886701,0.99004666067738545,-0.084448211518959329,-0.9895370499934667,0.11943451570368115,0.080943332948763116,0.090223707734829614,0.074451367617964281,0.993134772537139,12.285613750284686,1.4800783636424912,-0.51646932047823191,,0.1234618359667425,0.3333333333333333,0,7
-0.91696473483006902,-0.33538802905142096,-0.2160799505901112,0.3618460491955599,-0.92724903214595777,-0.096315466390136967,-0.16805687061107041,-0.16650556252986989,0.97161349614289849,19.952487684276427,-2.9803682602734125,0.64554374909876411,,0.1150221007504835,0.3,0,4
-0.7212351230240801,0.66901584926342639,-0.17954857490599999,-0.67414035978512354,-0.73751519480976013,-0.040076336328367358,-0.15923150638370287,0.092136479523892589,0.98293244758514264,11.900798902531465,-23.511893505231576,0.89665118272261335,0.2340518562416991,0.2183536525409622,0.28,1,7
0.97989758087750856,-0.015866304979658172,-0.19886928208423771,0.044823684132885677,0.98885582492730184,0.14196828817768414,0.19440053583044184,-0.14802843603051122,0.96968861692565989,-12.655510872777368,24.667310855231648,-5.4151296668304933,0.7061562748356742,0.5101341177784225,0.9207920792079208,1,5
0.89264618561539799,-0.3899044239203403,-0.22617985656027581,0.42613151060057958,0.89353591695858936,0.14144080308821741,0.14695143068220662,-0.22263895731052877,0.96376198913846578,10.675372054274717,-15.020701741722194,0.14398057589305419,,0.1109236043059869,0.4166666666666667,0,3
0.10756343621750285,0.9812983894810634,-0.15963576664067389,-0.99134619496359455,0.11801671658748664,0.057487184111876262,0.075251770213644056,0.15207079077778662,0.98550070810321211,-1.6522969321802554,-3.814406929086501,-2.0951188871429207,0.5057301215507607,0.4393001431396303,0.9418604651162791,1,5
-0.039592551325905632,-0.86922256360599059,-0.49283320180131501,0.99709668748377767,-0.066474503812414945,0.037139415070396455,-0.065043260130343131,-0.48993190880072635,0.86933083406174749,7.6001284174415442,-6.8523594367820637,-0.72620523639243906,,0.4058923683090165,0.17,0,1
-0.50390264296371934,0.84859698821339391,-0.16113745067281857,-0.86253467838176934,-0.50428912352958899,0.041550071944779977,-0.046000597855197889,0.15992383025964507,0.98605695246879554,9.9423730461441,2.3958606387073038,-0.84654399913231038,0.8264519208253435,0.8051487438816295,0.984070796460177,1,5
0.91597167852105588,0.38281239525772431,-0.1202104578826771,-0.35781857733430728,0.91488091293120444,0.18697267412276544,0.18155371068025947,-0.12824813913351465,0.97498239212152904,15.411825238253687,1.3092387259908358,-0.13017167290577039,,0.1581760545426287,0.34375,0,2
-0.47238145372192386,0.88053069452392341,-0.039005873670243101,-0.87979951933441469,-0.47372573675857771,-0.039201174873662335,-0.052995923980007562,0.01579944093187078,0.99846973399685246,17.294732742135416,2.283937027520794,0.05537485024715498,0.5107030843685766,0.2650501567959437,0.1875,1,5
0.96380821291554408,0.23966827126651288,-0.11675978958813589,-0.19707505466332195,0.93545721448187036,0.29339601684969746,0.17954150368645455,-0.25976704876088608,0.94883398380963657,-3.0526052229410974,-9.1886006853464792,-1.9379007333719522,,0.7324343584324365,0.4507772020725389,0,3
0.41035827791946572,-0.88419436505377391,-0.22317349428219671,0.91148778428591293,0.40526149208238033,0.070378563019722243,0.028215294443421308,-0.23230033973784395,0.97223477067895214,11.025425375252741,0.38921320047843977,-0.57542153737350932,,0.1099648330444885,0.2962962962962963,0,5
0.91324935985920774,-0.34701660112756433,-0.21343637285762876,0.37551852593284374,0.92018224148414085,0.11068188261159449,0.15799190928010201,-0.18122947055900016,0.97066700551885088,1.7251394560123241,4.7012737389535522,-2.0344710057720707,0.5041247807268932,0.3322736139782079,0.8982456140350877,1,5
0.87057173382135544,0.46028109086705493,-0.17391427101164658,-0.45305500914073099,0.88773943199454997,0.081607962690448052,0.19195315825422268,0.0077471460698332311,0.98137351032316,-18.255506108905863,4.2075071956321821,-4.9906961778140788,0.2217071539827161,0.1939952891384746,0.7013888888888888,1,5
-0.90385983604835318,0.42546825407837535,-0.044879411205384939,-0.42008368242700178,-0.90247045065961362,-0.095272165110291851,-0.081037624207604408,-0.067259575212246306,0.99443906450071362,26.913946144471133,-5.0377468845003524,1.4763858453921181,,0.3007009491613464,0.1111111111111111,0,4
-0.98097604706739094,0.064275484784346415,-0.18317930324076834,-0.038490760296811012,-0.98926222500102268,-0.14099188472319618,-0.19027468683934165,-0.13125895109196489,0.97291655927239074,-18.76669892935816,9.5534417101904907,-5.4170322694709432,,0.1170664222876051,0.28125,0,4
-0.70988510519771664,-0.6374285984279402,-0.29957957094003773,0.68459420007786198,-0.72443065933583639,-0.080814609038192986,-0.16551108312792134,-0.2624595239659544,0.95064245625860067,-13.381821063262993,-23.616842134044063,-2.6614773638412772,,0.2198519849669122,0.25,0,4
0.8416101937773045,-0.49803282150929246,-0.2089392027112737,0.52343529805588529,0.84747287684948958,0.088347109480715655,0.13307054700149054,-0.18371998177646429,0.9739297704746378,-16.432598366996544,1.1336701930484032,-4.5229334230862639,,0.1145454370138071,0.4117647058823529,1,2
0.87837799464187449,0.44266896780227832,-0.18026725568939325,-0.43487854503051726,0.89666761576342835,0.082872419496892696,0.19832485875719144,0.0056010522220468163,0.98012033884260663,-3.2965436572846682,10.882883654105211,-3.1091055499332332,0.4902883658648933,0.3878600676101048,0.9553805774278216,1,5
0.97224678800783693,-0.13463959576383436,-0.1913331190907539,0.17731300128609465,0.9575784951618973,0.22716409306577215,0.15263119859112245,-0.25478540942532152,0.95487596700336419,15.922780205386156,-1.3423219596453675,0.1128754664350453,,0.5659292556350832,0.4933333333333333,0,3
0.25376677265638664,-0.93587759794736369,-0.24440856522600671,0.96721492878026738,0.24293701647924604,0.074005996843128433,-0.009884666921267939,-0.25517587598445879,0.96684412687641641,-19.090364352041981,6.6891942743345219,-5.2217189533993951,,0.09663703030828438,0.3142857142857143,0,5
-0.87264364843279629,0.46824047743050928,-0.13872245004161218,-0.46688162611965839,-0.88321330342263282,-0.044224516381126594,-0.14322922202456545,0.026174719729728735,0.98934335496090975,-27.852761826850433,23.240196140686283,-7.8774429824383727,,0.1863593791220823,0.3076923076923077,0,3
-0.49869644906711585,0.86614207375392382,-0.033162625968100025,-0.86606230908402904,-0.49947363432489011,-0.021498032429118474,-0.035184207705829681,0.017999907986891564,0.99921873223062352,-16.813975592064061,8.9554465567604886,-5.1043792711887184,,0.09786258863208513,0.3043478260869565,1,4
0.11508868194583864,0.98718032551934209,-0.11058752278397339,-0.99090024470216054,0.12191263475051296,0.057043970210585007,0.069794701354527491,0.10301608804315103,0.99222799056825561,21.459920432442765,0.48900969520131971,0.6380174880538223,0.2363828631673799,0.1643807401157966,0.3809523809523809,1,5
0.93784245118892773,0.32916839644094936,-0.10999865241192208,-0.28476059794954139,0.91100323415640616,0.29830271405401104,0.1984009541392491,-0.24843766651026061,0.9481116955589004,-30.340128697820301,0.28590291945956497,-6.7978472193080144,,0.212526120423691,0.4,0,1
-0.24801651076824185,-0.94286635336113223,-0.22246539075961341,0.96320619423424869,-0.26455066901547064,0.047400115107896032,-0.10354534163892362,-0.20252403122332877,0.97378764574312127,-17.133562451145274,-24.66994510448335,-3.298992258016002,,0.1013632730309179,0.2941176470588235,0,1
-0.97990550747696104,0.11497612264327563,-0.16298983906439987,-0.11384253073500318,-0.99336492291870182,-0.016309755073955573,-0.16378362131840399,0.0025731569406127869,0.9864929316782709,10.360324436620369,-8.9585197023588741,-0.2300496567236186,0.4719054336873258,0.2706694865983226,0.7407407407407407,1,5
-0.70960638627672501,0.69206227460000735,-0.1323200084293851,-0.69726907828064588,-0.71674749664346415,-0.0094264802013725064,-0.10136374612723757,0.085573559764639512,0.99116222528921138,-10.65441721972001,-31.282033701480461,-1.926131651540802,,0.2375159710869391,0.2173913043478261,0,2
-0.49910410140227635,0.86445451761158287,0.060112252863721675,-0.86413328089395114,-0.49134894279098834,-0.10885719668278154,-0.064566003553588852,-0.10627607162058528,0.99223819105394961,20.475914412178149,7.2801086016521506,0.059301646061359924,,0.5151923447447249,0.4,0,2
-0.89451364106853248,-0.37532343467093632,-0.24285317648556004,0.39312147624941218,-0.91907216345573384,-0.02760187081120084,-0.21283996535847755,-0.12016104921149298,0.96967029004636085,-16.04965638699689,-14.381256099126009,-3.6483312065850599,,0.1339095418732629,0.4333333333333333,0,2
-0.96018889171311872,-0.12034434162212096,-0.25210024131338954,0.17218373049279534,-0.96559927920651845,-0.19486096312354231,-0.21997739698504334,-0.23051089222721854,0.94787903942449026,14.867706374298047,0.22076803994770497,-0.13397013515754347,,0.2168097021595707,0.4545454545454545,0,5
0.062954323334606974,-0.97342134464679486,-0.22019908937030083,0.99699528900923828,0.051361876124550468,0.057985785968230563,-0.045134763396619981,-0.22318791066496926,0.97372994699050863,-21.350725307137772,6.6188759220984457,-5.5577410280961876,,0.08523062303938342,0.3448275862068966,0,1
0.80810535701264274,0.58479941887431575,-0.070536314418398,-0.55973889749456829,0.79968083433420911,0.21726235253745074,0.1834614362721326,-0.13608895209679903,0.97356134810198813,11.131414785668596,-13.078594395303115,0.1057229413794105,,0.1479061461946746,0.2,0,2
-0.050601397661563886,0.99098219922586706,-0.12407167030454665,-0.99692304748293126,-0.042672380449039427,0.065753367549940545,0.059865983262963447,0.12701711996528761,0.99009227614585604,13.119112748331087,15.678624779285943,-1.3262574661964308,0.5880654664932949,0.5344308536676282,0.9468085106382979,1,5
0.89943185726465036,-0.30728801956761048,-0.31079962543040018,0.41015893404430326,0.83908036409149267,0.35737066390475919,0.15097013930278416,-0.44890780303566041,0.88073253681954666,-25.846389955752716,-0.71522459128938687,-5.9713128192251705,,0.7537829428336044,0.2692307692307692,0,1
0.83066871981939838,-0.50905309034695168,-0.22550926615511876,0.54064665084992325,0.83425093489240909,0.1082893187525997,0.133006303754232,-0.21187337926072569,0.96820400449609656,-8.1473394881509567,-24.192570954711897,-1.8720769064845901,,0.1756392175756377,0.5,1,4
0.04980092039129793,0.99127335998288146,-0.12205324295744253,-0.99666779735911304,0.057228410053439607,0.058122377705057959,0.064600077674207515,0.11875198891388838,0.99082026376809729,-16.200023158953325,8.3723886879003864,-4.945077608702042,0.1589901401855804,0.1603673894183112,0.5925925925925926,1,5
-0.92025230475039499,-0.31207092055268437,-0.23610894973928209,0.33504688186251297,-0.94006875776935306,-0.063358642821584099,-0.20218625708933302,-0.137413504472399,0.96965882981222851,10.525843455939894,-16.534551021868239,0.20554424006821298,0.5381806050045859,0.3383134115491088,0.5185185185185185,1,5
0.82157570282878778,0.55628949579685816,-0.12472113448594524,-0.52346519147155801,0.82275594818054643,0.22148779436161983,0.22582638871272095,-0.11668181777641057,0.96715448381391689,19.785428425820076,-10.225367949854368,1.0608860332562731,0.3493304565068207,0.4327057538084049,0.3736263736263736,1,5
-0.91313473614714047,-0.35343192307537624,-0.20315223206436567,0.35853681666569581,-0.93343363706161775,0.012369167197082167,-0.19400078540233223,-0.061542838358020838,0.97906903449660621,-8.8921305202102428,18.067117089665278,-4.3981010172834125,0.3964392040007857,0.2588500896259958,0.4222222222222222,1,5
-0.59651148954382327,-0.70216645341497086,-0.38876254261547838,0.78585615446495649,-0.60941034466906452,-0.10511487192535167,-0.16310777826872735,-0.36821366556521817,0.91532210131694403,15.570484655459785,-12.603333083809952,0.64261531586011855,,0.4728966350586382,0.2,0,2
-0.65677205895433444,-0.68283531201858982,-0.31997874810267979,0.73147674695775189,-0.68001278907246965,-0.050243162300800531,-0.18328183553475283,-0.26705531891043588,0.94609155233764564,-9.0389991056582968,-22.541393018882072,-2.1202387737623027,0.592956223501639,0.1960257028790407,0.3157894736842105,1,4
0.80035131817936134,0.59232507741908291,-0.092675617877829131,-0.56924501991852872,0.79929615976968649,0.19257662442619156,0.1881432294463812,-0.10137382126520732,0.97689583558103921,-27.60397353612699,15.319939217828889,-7.2336643231662157,,0.1659699958082328,0.35,0,2
0.51368479447034621,-0.7660714608163367,-0.38634498683518687,0.85527458595474715,0.4929373190393716,0.15974411450257212,0.06806845488104081,-0.4124891712772582,0.90841585687894466,-18.941311271583217,-3.0479213871935604,-4.7001891368256992,,0.3021045560808323,0.2857142857142857,0,2
0.62816359087567819,-0.74019823055621536,-0.2398271931612907,0.77455450456675268,0.62418492259923275,0.10226681697962481,0.073998801027636785,-0.24999952376202503,0.96541411610004679,11.523981158679035,-15.675904069025934,0.29041876220212126,0.1686519103607832,0.1871288187997413,0.4090909090909091,1,5
0.50741654603391195,0.84513576110294208,-0.16814872618002613,-0.8487256465838543,0.52390420023617834,0.072035864718263468,0.14897390926545692,0.10615994668348679,0.98312605502973316,-18.102773159493132,5.5725589372452138,-5.0048212988949041,0.1074412435396825,0.1021617950079038,0.5370370370370371,1,5
0.77020630422931002,-0.60381773158588192,-0.20539327142802669,0.62726561159307215,0.77541189769118291,0.072623972844558238,0.11541274382925053,-0.18477157774246006,0.97598123067012177,1.1086716934967833,-5.9929127726279781,-1.589719494341437,0.1394362028111109,0.1039532656624509,0.4180327868852459,1,5
-0.54519872399884695,0.83158108277788056,-0.10597761139031617,-0.8351988144563729,-0.54969533944789728,-0.016672555890745584,-0.072119981147378137,0.079422519194676314,0.99422873211553942,-20.71525480865547,18.040812114708764,-6.3599540067817042,,0.6970389050241961,0.3932584269662922,0,4
0.17251104362592698,0.97454401712006877,-0.14319182421693388,-0.98076791590270029,0.18341709121958438,0.066726799596717137,0.091292031212846528,0.12892683717530029,0.9874429784514176,-8.3469409536348333,16.36517986406384,-4.1578675485871566,,0.1189541605965234,0.4375,0,5
0.55268892874223874,0.81838919628467011,-0.15739781272396688,-0.81941478805609558,0.56808197340460986,0.076434786633497467,0.15196826366297847,0.086729435010593034,0.9845728271397719,-17.672446981798895,11.735417137603275,-5.4466484959512149,,0.09320190827635284,0.5,1,5
0.94383745609690994,0.28652171485589673,-0.16454836184097929,-0.26739580351806119,0.95491391584800023,0.12899185083085099,0.19408848685443464,-0.077747798913373162,0.97789822529478054,-8.2732685818460556,-21.941214521480937,-2.027420078956724,0.1944415795401976,0.1992964862897912,0.6190476190476191,1,5
-0.36503571451947714,0.93036432742453967,-0.034222001419243135,-0.93083275910127883,-0.36540909750714584,-0.0051542257336514487,-0.017300338411576757,0.02997348352956378,0.99940096486642827,-27.774252915767615,-1.5168677472466456,-6.2305244825536157,,0.2398698189486831,0.2272727272727273,0,1
-0.85145656256387092,0.51988431615337571,-0.068862325582687373,-0.49996906638550953,-0.84435262583274484,-0.19261250194873764,-0.15828030428490153,-0.12957214618538768,0.97885566055899853,3.1284267222914193,3.4423799988265977,-1.7732738960091345,0.5685270752091472,0.6218977406563623,0.6005025125628141,1,3
0.87823667813058104,0.44356171767273794,-0.17875497140323754,-0.43641492200413901,0.89620803606752353,0.079706787290124259,0.19555652133918491,0.0080099128086564692,0.9806597209320439,-16.79958017914738,-20.478267577404669,-3.4747470877384039,,0.09710965854632372,0.3181818181818182,0,1
0.88285804407961033,-0.42437397872578064,-0.20116759228160272,0.4483253391115059,0.88913693440957398,0.091868940231720833,0.13987874861636293,-0.17129576191253823,0.97523930275411097,-16.02050262545611,-32.347974721560441,-2.5961658109462009,,0.4834588933838726,0.90625,1,4
0.97858123758506099,0.081477138463050186,-0.18905088562174041,-0.068250995964270769,0.9948105714721398,0.075456798482048851,0.19421782358057793,-0.060937696011158664,0.97906385604232993,-7.1722963347995492,1.299470476139758,-3.1498800435007475,0.3632054211385039,0.3430793126596862,0.9470252648736757,1,5
-0.12359115355972522,-0.95983653666119662,-0.2518710972938677,0.98897892978166202,-0.13999138019808954,0.048198443109226399,-0.081522409248597327,-0.24313830706096989,0.96655980695962673,5.5339299527643595,-21.314448953751942,-0.050680852714060247,0.745302163956876,0.6339215654832163,0.9302325581395349,1,5
0.79265677696824766,0.60751700013458554,-0.051169604979739117,-0.58204893056346174,0.77905340551881164,0.23301251850377294,0.18142292125373491,-0.15491573805464298,0.97112658173213706,33.102118851022823,20.282851492951991,0.68756754176545498,,0.6489634106807488,0.3529411764705883,0,4
-0.97974245736160692,0.082271383151430885,-0.18258186316660951,-0.077684740450977133,-0.99645962657235332,-0.032144886255056293,-0.18458005944333311,-0.017309885199984325,0.98266503424628837,12.619082508808752,-0.27060084046115079,-0.3558989597133822,0.6029964778844701,0.5196141940484136,0.9577464788732394,1,5
0.93975875153600297,0.28809371055599603,-0.18399864904278734,-0.27822011193152513,0.95734764959943441,0.077968244325801225,0.19861283500394025,-0.022079215215135294,0.97982929637114902,-5.4908303033579786,-5.594613570155154,-2.486380119584322,0.2565696551228468,0.2274021831915281,0.8941717791411042,1,5
0.77263564551726516,-0.53181612103465226,-0.34670704158377913,0.60686227293895489,0.77907247581249683,0.15736663914169507,0.1864197976597049,-0.33199049811559889,0.92467830525078942,-14.867896754472289,4.0504573128182217,-4.4715878664978908,,0.3815773455123796,0.788546255506608,0,4
-0.96467521254686028,-0.15222056550984167,-0.21501310130672197,0.19234202452235324,-0.96467714427945861,-0.18000709126995931,-0.18001744332234351,-0.21500443423495474,0.95987854094098501,-6.428286886218241,11.826687773952401,-3.6423050404041666,0.2009413105734479,0.4598404224856106,0.2718446601941747,1,5
0.42590468444262364,-0.82651207150991957,-0.36808014809034656,0.90476497967472713,0.39012316556061355,0.1708925020214668,0.0023518767017497409,-0.40580994485269606,0.91395446130243929,14.004583123090503,1.4704095804332957,-0.31413240718714308,,0.3567691372127164,0.1578947368421053,0,3
0.86325935709126689,0.50408136677653903,-0.026177434233873521,-0.46584777464799293,0.81560466215796379,0.34318345811199352,0.19434282402467348,-0.28406163193027317,0.93890353924949332,-34.411426053244647,12.931097940139519,-8.2368435323715623,,0.3388533013084011,0.3157894736842105,0,1
-0.59687625691015656,0.80195331196817088,0.024690471040493024,-0.79928576496417036,-0.5916478739965364,-0.10533308654462839,-0.069864152915213973,-0.082605560458477556,0.99413043486193453,-11.816582759926806,16.3414497842546,-4.7140657656902105,0.840123033569749,0.5173890558587653,0.1702127659574468,1,1
0.96123900722211553,0.22105314934536641,-0.16478797334494996,-0.2085253821975738,0.97386574917178181,0.090014818610264946,0.18037942225763029,-0.052163279752890597,0.98221293835472567,-13.190710848829454,22.584425426626872,-5.3169189414244098,,0.1703870661527136,0.6666666666666666,0,3
0.19212251021051394,0.98099042938169467,-0.027326151063226559,-0.97657779572135495,0.19385870152564269,0.093352090211261812,0.09687491922283506,0.0087510744660886479,0.99525809151257771,-4.1494212257306788,-20.927686221915028,-1.4832006334512673,,0.5263537225910433,0.6037735849056604,0,3
0.9735542193865192,-0.11364539826449729,-0.19818401895210958,0.13737870875476582,0.98434719581168029,0.11039786446555769,0.18253567403545962,-0.13470457138117556,0.97392782389324672,5.2593038200436233,-9.23518465140058,-0.89454865692833962,0.145019426453074,0.1264573007085242,0.4925373134328358,1,5
-0.85880620436583488,0.50622799994752077,-0.078645504715027903,-0.49878947764160447,-0.86126901469250761,-0.097081106939572115,-0.11688011095461802,-0.044146306750738495,0.99216437310735273,-15.036271502832999,18.209087678196337,-5.3844910041731975,0.306777167000243,0.2158247851809061,0.3703703703703703,1,5
0.97985427618835486,0.10988958754272422,-0.16676293348668433,-0.093022141609221495,0.99002570076142316,0.10581111946428885,0.17672713036154988,-0.088166832661392774,0.98030308120123177,-35.674247353919213,6.4896175586458051,-8.0215854723285567,0.4252015986893602,0.4666182526964044,0.55,1,3
-0.81989664584262378,0.56542258206458873,-0.089815331806035306,-0.54435824533541755,-0.81851533392273834,-0.183593978301829,-0.17732340756752879,-0.10163637058042137,0.97889042149970928,-30.444508191209245,15.963843312722437,-7.7143342750640587,,0.4872928819530948,0.8909090909090909,0,4
-0.60359880140352784,0.78566331129490929,-0.13565267498041936,-0.79407855357471535,-0.60765499422506364,0.013952015840940015,-0.071468438467009177,0.11614029997574674,0.99065821201089888,15.941171000685197,-10.974460521239751,0.68283515319574095,,0.6723793668511475,0.3863636363636364,0,1
-0.10195708392314223,-0.93286152765551689,-0.34550560524845897,0.99005476582417917,-0.12899834351887257,0.056133662255514076,-0.09693458467811443,-0.33634624658170559,0.93673629624546906,-15.045450075904997,28.12715786182747,-6.0120101367817318,,0.2904601966602092,0.3333333333333333,0,2
-0.68520850686292356,-0.67420263717136408,-0.27557232472413073,0.70718562026940435,-0.70638226416943273,-0.030209193154473152,-0.17429228498950064,-0.21558038152402628,0.96080554666128704,-16.266286766531397,-15.801906094497976,-3.5657412419218919,,0.2592865382866785,0.3928571428571428,0,2
-0.96773558900213319,-0.12128045176256361,-0.22085941636924369,0.16662993589598749,-0.96554111258499975,-0.19991204158684325,-0.1890034238896045,-0.23026378770529504,0.95459745119585204,-16.455762859023377,17.477911930625602,-5.5624908647802878,,0.2726456190440226,0.4666666666666667,0,2
-0.84046333398232065,0.52878094773861839,-0.11837268916422902,-0.51866253539044294,-0.84828472964896728,-0.10678104619611287,-0.15687752743360101,-0.028350075009201326,0.98721107906733541,-7.6267780683598243,-26.584446977548662,-1.7172008879081511,0.8297590534438956,0.5017811498964143,0.5428571428571428,1,4
-0.32241776492979474,-0.81421894129898398,-0.48279840563907994,0.93938686734750532,-0.33804952772916308,-0.057226132641742165,-0.11661517188048931,-0.47198520361559199,0.87385975376786418,14.901757535818502,-14.254446944641426,0.65339760955876547,,0.4657362844333601,0.2777777777777778,0,1
0.76647971900444956,-0.53202271178404581,-0.35980644032703379,0.63235961139415953,0.72314330947423877,0.2778220218774492,0.11238399455566941,-0.44047200604419406,0.89070435592238784,-5.1794872863408594,-27.44405385037296,-1.2845426972842726,,0.2908757782482898,0.1111111111111111,0,1
0.016914197343123688,0.99640506283732988,-0.083011208161145961,-0.99809849484636881,0.021747901448202607,0.057675153818698865,0.059273134839058182,0.081877832987533886,0.99487824177213502,9.4686583045513437,-9.4636026668943742,-0.33142976246435207,,0.09068870346784214,0.2962962962962963,0,4
-0.97713919919019776,0.11602452369955298,-0.17814964301460706,-0.10513860070910917,-0.99203244799677903,-0.069408189447997676,-0.18478327859108507,-0.049091058471074818,0.98155244787597562,14.058906796336831,-29.823458345030133,1.5983267390731972,,0.2450800049217326,0.3125,0,3
0.79367668302542271,-0.56250731019506506,-0.23165243102302033,0.59644141289438057,0.79447202697995811,0.11433214478400665,0.11972870919840958,-0.2289098606951411,0.96605657798609967,-0.8421468187531358,-20.464648966757668,-1.0273232608012555,,0.5290307839377938,0.175,0,1
-0.56785187432644146,-0.77760320875961109,-0.26995832743352227,0.80807829852642699,-0.58906748755937233,-0.002993083881889228,-0.15669624205635152,-0.21984709419786766,0.96286735477851348,-36.486995640703583,5.94601514151387,-8.138969449137031,,0.1204400107261539,0.375,0,1
-0.88497629567798808,0.44363569329763491,-0.14143665621186302,-0.43396747472718283,-0.89592358926137627,-0.094832236522840188,-0.16878740168323517,-0.022545372858722976,0.98539460075427798,14.115764022704957,-27.574333346966991,1.4859237625834725,0.5292367090674926,0.4241454353715998,0.3333333333333333,1,4
-0.97665546648533552,0.1003863033155389,-0.18991232158802132,-0.10674385365815392,-0.99400827802584768,0.02352217936958325,-0.18641311512476266,0.043245038128424076,0.98151923933601648,2.7892207329636411,30.363262107527312,-3.4750617902137044,0.3544328321776559,0.2768696397390895,0.6071428571428571,1,4
0.96436046620790172,0.2440122580763,-0.10230791329991541,-0.20387851626951611,0.93173801259770128,0.30049596750077295,0.16864887138376725,-0.26892804574642282,0.94828016134051352,-20.244996276752087,7.6185924580988482,-5.4429229827032533,,0.2340609356590503,0.1666666666666667,0,3
-0.89632694115863765,0.42163695496027476,-0.13718707214977288,-0.41717659925764761,-0.90676164828181294,-0.061212729371213248,-0.15020552448236979,0.0023646177442847717,0.98865196555607948,8.368754334525919,-12.031503021887843,-0.32062482317616181,,0.266106888558461,0.25,0,3
0.013716735562198688,0.99732493240310793,-0.071797147385196713,-0.99809938407041499,0.017970914589502451,0.058946295448262589,0.06007887052678143,0.070852137836142609,0.99567590303284603,-11.391938657944209,-22.459940432638401,-2.4833522821357064,,0.2254460560098068,0.125,0,1
-0.9492697894990153,-0.18918240654942953,-0.25119093096021972,0.24407492945898157,-0.94691997205892109,-0.20921279914365914,-0.19827832850336574,-0.25990879855845261,0.9450572050822178,18.451127123693482,-7.7529583845038212,0.74094319983277757,,0.7057123803602743,0.4571428571428571,0,1
-0.78102715313303128,0.62449078406255798,0.0028011943602374448,-0.61357450790146839,-0.76652388534960492,-0.18965088041455538,-0.11628804462361154,-0.14984122867047228,0.98184759350325845,-24.806194494571727,-0.6599443651035094,-5.7964835335298126,,0.6512473436683592,0.6097560975609756,0,1
0.068220667210562802,0.98712142466880659,-0.14469704048518767,-0.99542904223739381,0.077063799539671171,0.056410926874627648,0.066835338225304464,0.14018724535540236,0.98786667815245888,18.043597490054996,-13.838200835733973,1.0418207639546961,0.3864606564772777,0.3539222109219903,0.875,1,4
0.81779447536728178,0.57328570385706912,-0.05055390995616945,-0.54325222925264349,0.79796785529794778,0.26100635494797098,0.18997160701216567,-0.18598603083107609,0.96401244020236421,19.022225723558627,6.6655309822231601,-0.029083751403888174,,0.5753191183749778,0.4146341463414634,0,1
0.66765999438457724,0.74072509942840092,-0.074541659326658197,-0.72459455469765222,0.66955253092219691,0.16328545445994652,0.17085919115135967,-0.055006685161587077,0.98375881260939002,19.503939447087205,-8.1771366259166065,0.87878682713467271,,0.4164566155409516,0.3170731707317073,0,2
0.86399421452276071,-0.38989751328391536,-0.31858111432760189,0.48368633225572033,0.8184817835026561,0.31005661106210886,0.13986253701476478,-0.42198044884725394,0.89575162379448892,12.316103694454547,-18.086725734416035,0.56492170355843352,,0.2402063323377241,0.3636363636363636,0,1
0.94333258721916091,0.3135077072400923,-0.10879589786138436,-0.26601823620099091,0.91040052980738884,0.31686775370008796,0.19838832601470763,-0.2699699850492393,0.94220925450432502,-14.238755128808577,0.4261369479413577,-4.1411640369944029,,0.5702339989156634,0.1354166666666667,0,1
0.06199258020553565,0.99704953518476747,-0.045267476042957479,-0.99700083864866318,0.063967261514057655,0.04356050032144259,0.046327613076031435,0.042431283768366662,0.99802471834341144,29.822671576811313,-11.101998883034607,2.1713505410938145,,0.4405238249693226,0.53125,0,3
-0.70731334586539418,-0.59561470641828196,-0.38072424700689361,0.68447177275733284,-0.71164494095085862,-0.15830309636101061,-0.17665283201561255,-0.37256489302846729,0.91103741823459206,-15.148784874068349,-15.759118750220487,-3.426368235516482,,0.4853284423127639,0.1395348837209302,0,1
-0.80307666870795302,-0.51020759050503706,-0.30782475333861659,0.56272977390715984,-0.81926320069071257,-0.11019532454875208,-0.19596700164908487,-0.26171744799507057,0.9450401640563294,10.766676229026338,-24.774256672075307,0.86625533710896052,,0.5470379910333963,0.3928571428571428,0,3
0.5754620946499257,0.8176787372347426,0.015648012503725803,-0.8024505634435426,0.56084514276982389,0.20377884841326552,0.15784951963899288,-0.12982375940363383,0.97889188404238314,19.66516898414481,8.219217843128181,-0.10512227130661243,,0.5167015521588094,0.2888888888888889,0,1
-0.090037215788710254,-0.88196935227989559,-0.46262658960764258,0.99314008310841395,-0.1143067499210601,0.02463213847589709,-0.074606133101969396,-0.45723520048380473,0.88621097733107834,-29.273674847655915,7.4742814185865356,-6.9613969758059202,,0.472543714246446,0.2727272727272727,0,1
0.88114352617859493,0.44286435622211823,-0.16570228803948731,-0.43041607716011093,0.89630114866395438,0.1067063794989684,0.19577560316764148,-0.022702706703061456,0.98038589357084371,-14.5677651933471,-35.965718280112597,-2.2303041453900616,,0.2327623661077316,0.3,0,1
-0.41967554741689883,-0.86377810547785849,-0.27885447709765671,0.8978619862716839,-0.44011314938561946,0.012011217512703233,-0.13310254884333503,-0.24533202040286664,0.96025825237612761,-8.5660521772997864,-5.0059681940814373,-2.9749707382671207,,0.2583752235245536,0.2804878048780488,0,1
0.75534649479442295,-0.5853116288157828,-0.29472354838864417,0.64768914553917001,0.73524241387214784,0.19979330217551408,0.09975191001939758,-0.3418024137077908,0.93446276888435165,40.135263878335898,2.7023285853429759,2.6124569716782107,,0.2826849640882286,0.1111111111111111,0,2
0.65640859984780331,-0.71537721438925295,-0.23950614016872193,0.75045045978083247,0.65165304419177394,0.11032867900202314,0.077148282291855899,-0.25215818671672557,0.96460582177962684,23.838995714773933,7.9041511468787533,0.26681040547871571,,0.1437802803115598,0.6,0,3
0.52994723723134662,-0.76316100420227906,-0.36978535316563299,0.84518244830565759,0.51101716345128767,0.15661445570015073,0.069444616975814027,-0.39553348824488799,0.91582241993189573,0.71932971176883231,-21.916280766791623,-0.71220344410234049,,0.3873891426995976,0.3095238095238095,0,2
0.75786289907261539,0.63570993874730319,-0.14668571841576952,-0.6276995201189941,0.771782438702311,0.10171125676687516,0.17786831829090452,0.014991367136225292,0.98394009993482401,-8.9859596081889102,22.878750894094416,-4.719616820452937,,0.1127922503582042,0.375,0,3
0.89729254929530244,0.43577311370534366,-0.07048314940952663,-0.40458777755069825,0.87570428112366816,0.26353508737597897,0.17656390128144187,-0.20795144960597836,0.96207140242865985,17.33970102570817,-16.75701676759757,1.0739142183311006,,0.3621530904171554,0.2962962962962963,0,2
0.024410708996496378,0.9996986265065505,0.0026025847165910259,-0.99778010124678707,0.024202346045235197,0.062041244360989442,0.061959558118515369,-0.0041112780039002173,0.99807019319832158,32.159478938668322,-3.6476377585728126,1.9499945614767964,,0.4795508532711865,0.2222222222222222,0,2
-0.010386295718817161,-0.91533967289726592,-0.4025486406405655,0.99972983489800049,-0.01787686405204714,0.014855131991351883,-0.02079379898087752,-0.40228559625220289,0.91527805445774335,3.8743584583669852,-17.072573565369289,-0.56563432177909934,,0.3024178688467398,0.1111111111111111,0,2
0.64560287491000645,-0.67912610064519252,-0.34926303458910407,0.76094055070484801,0.61072901892980691,0.21904233319163918,0.064547704846387846,-0.40718276591659724,0.91106299943504043,15.551255579085101,-16.381619273611172,0.84119135965673164,,0.3033487877179868,0.4285714285714285,0,3
-0.10006273320436622,-0.92898342523500665,-0.35633866624645988,0.989677912762843,-0.12985471810764387,0.060624922058222883,-0.10259180480454108,-0.34659421204604446,0.93238799529119176,15.076948360324748,-14.991632175998477,0.7318499183643199,,0.4696462064900854,0.2727272727272727,0,2
-0.27645718375156036,0.96079088681282154,-0.021267284019999871,-0.96102485646538527,-0.27635159330472325,0.007811666507593483,0.001628130167125713,0.022597979895824682,0.99974330730282268,11.981390406051455,17.702410778341985,-1.5783435707275058,,0.7598019023974356,0.2,0,1
-0.96338345281857185,0.23339498559394006,-0.13198145148077167,-0.20287954983787748,-0.9563522380445233,-0.21030997371691973,-0.17530604978992301,-0.17583281117822067,0.96868499080981807,1.8372717230851121,-11.094559574490113,-1.2218589219095617,,0.6724411743015504,0.3197278911564626,0,1
-0.75454038964784431,-0.58600969203169773,-0.29540047602364217,0.62172351281645089,-0.78241213299858881,-0.035932266109601881,-0.21006826033756745,-0.21076976771233952,0.95469755997238981,32.868318467382245,-1.6722142536191236,1.9075673453029642,,0.3378914541336858,0.7368421052631579,0,2
-0.90526356737976355,-0.35201247538840164,-0.23787620886880434,0.37623756582326268,-0.92430972703001568,-0.064006426092107008,-0.19734023319701208,-0.14744065141143489,0.96918423773456064,-12.130428915649633,22.040062508092767,-5.1264769020247583,,0.4625365064281442,0.3260869565217391,0,1
-0.98144512393767858,0.076564484550801185,-0.17579348225808802,-0.035408774867446417,-0.97341974218249505,-0.22627466537761293,-0.1884454492985731,-0.21585153516904695,0.95806911410598361,17.183970239844779,-14.583729663425459,0.96840505527885912,,0.2700732987828501,0.1111111111111111,0,1
0.28087729524986033,-0.84740340042981821,-0.4505723271053213,0.95974347980567198,0.2476912912545822,0.13244424187988668,-0.00063085943206627382,-0.46963443355084128,0.88286074827220529,22.748306295677388,-14.628503909274066,1.7002217771841068,,0.3971170344545724,0.1538461538461539,0,2
0.84399069054762532,-0.44087923137837609,-0.30545902770773742,0.5193680040709292,0.81397870007236062,0.26018368929640917,0.13392755734472006,-0.37823825714451903,0.91596901160244204,25.192847884375816,-13.836603886128898,1.9244332133691826,,0.3632183704058354,0.2666666666666667,0,1
0.91145201112133889,0.40441851696004233,-0.07550426850653133,-0.36081583304843612,0.87396625449645571,0.3255686112373225,0.19765415767048647,-0.26949702993034208,0.94249890441012929,17.711312456390182,-3.7525549020130966,0.44653353336108603,,0.6151922182241675,0.1111111111111111,0,1
0.96903525544671698,-0.11845328886432929,-0.21665523778237836,0.16855526849837474,0.95852112213633001,0.22983990053937653,0.18044332950473932,-0.25924134850701092,0.94880668634949528,4.1538917059094187,-15.486669997092667,-0.61663600840424138,,0.1722550882240666,0.16,0,2
0.50649530391023667,0.86107576525450247,0.044844549370573375,-0.84958917313095306,0.48950954792123946,0.19641445820663575,0.14717589481820625,-0.13758244432091016,0.97949493464700632,20.166510513416206,3.397587261682566,0.2504168254924774,,0.5170812925258361,0.2432432432432433,0,1
-0.90122382507429011,-0.37929673534754399,-0.20959390180336943,0.38491430923668929,-0.9228312640071531,0.014947665898134524,-0.19908940620562268,-0.067204499296217121,0.97767426252869993,-17.735945816671457,2.4887020579468544,-4.8208111897785093,,0.08331193308635966,0.3333333333333333,0,2
-0.98359641282255927,0.024491388726008888,-0.17871281028752642,0.017117653978212907,-0.97359569209280117,-0.2276365837483556,-0.17956915827857528,-0.2269616712500406,0.95720599516431826,-13.938240481583843,31.522352479192072,-6.0096898105911452,,0.6235096584184356,0.5,0,2
-0.24066549582663732,-0.90917267352876219,-0.3398310886706557,0.95135193386387495,-0.29035565419065035,0.10306838512844714,-0.19237883732881145,-0.29849395938290552,0.93482176865963718,-10.875340573905113,36.96351585176069,-5.8518439079350948,,0.3186290991417186,0.3125,0,2
-0.38241014274802604,0.92211938269209459,-0.058807540222193568,-0.92383969525038656,-0.38272978973716393,0.0061745872266112034,-0.016813690942418719,0.056689964820034661,0.9982502430180501,27.887470634058801,-14.477814063662896,2.24342063475016,,0.340894216143545,0.625,0,2
0.54748625035951592,0.83495774277145829,0.055716904555702412,-0.82619766619813206,0.52876809026729144,0.19442665219522215,0.13287671743401033,-0.15247909529202133,0.9793333975020404,15.874997453656043,-19.005285917054902,1.0247325362804685,,0.3475612207585174,0.3076923076923077,0,2
-0.97257376303701815,-0.11194614616261561,-0.20388314253844378,0.12448379799373949,-0.99097594858417903,-0.049703655446449439,-0.19647915789993325,-0.073720619144333172,0.97773268883877873,27.494262418188868,23.743278515620378,-0.34417261377143871,,0.5835303606912341,0.4705882352941176,0,2
-0.15060093839394986,-0.89298745760172915,-0.42413766387914831,0.98485698710109826,-0.17279398945804114,0.014105040422529358,-0.085884063207375863,-0.41559070944039889,0.90548787397392416,-14.645907927115596,50.306814251413257,-6.2245430023014441,,0.1861524170155879,0.2857142857142857,0,1
-0.38734891609360189,0.9138420485671247,-0.12187504860205461,-0.92166687558856086,-0.38701576869542359,0.027367229014120073,-0.022158240993647101,0.12292886175236441,0.99216808419961577,24.870628319931278,-16.64247695420957,1.9854469884756467,,0.2176767401312689,0.1176470588235294,0,1
-0.79279156876615287,-0.55803782973486793,-0.24510265008379664,0.58002146926148335,-0.81430035505680431,-0.022136552353774271,-0.18723414135528685,-0.15971447128910982,0.96924437783862716,20.604862756596287,-4.3946319833549294,0.82044435770509416,,0.580215802967169,0.148936170212766,0,1
