axis_00,axis_01,axis_02,axis_10,axis_11,axis_12,axis_20,axis_21,axis_22,location_x,location_y,location_z,dbh,dbh_approximation,score,reconstructed,number_clusters
-0.9733496077039534,0.19318658618386664,-0.12356975399014096,-0.19701161683800344,-0.98020908448087984,0.019405502622504112,-0.11737531262337998,0.043233015390784391,0.99214612954281345,-15.022898284901959,-6.9204702731235868,-2.1584039964767139,,0.2743392983691554,0.2083333333333333,0,3
-0.51454170389250409,-0.81253446523453554,-0.27392440154434167,0.83120022094499368,-0.5511067390393215,0.07339996516646978,-0.21060158512317084,-0.18991867994347619,0.95894622756030246,-15.851126455895111,-5.0598827688065384,-2.6329376581413912,,0.08125109337636136,0.3478260869565217,0,1
0.62452477710000698,-0.76054794300276352,-0.17758273897665838,0.77977440251901975,0.59444905901021161,0.19642351544043868,-0.043825608544466557,-0.26114582638085454,0.96430398391771066,-11.788595708758606,-3.2063247381071611,-2.4148760663337554,,0.07150817287632739,0.3720930232558139,0,3
-0.19823743502176133,0.97041118567233542,0.13785517791510657,-0.97106181002641878,-0.21355899680359619,0.10691826781452268,0.13319489653965463,-0.11267069541923669,0.98466463018102646,-1.075870646745118,3.9553556835669577,-2.3592774784898984,,0.08194095213661477,0.2833333333333333,0,2
0.5181725756219665,-0.75079679335287686,-0.40963563927511826,0.85254281616845851,0.4151594949487491,0.31751116571461491,-0.068322239957800665,-0.51375750003765119,0.85521067736681822,9.5224730716989701,1.6843624390715035,-0.496702089972334,,0.282256858759548,0.1764705882352941,0,1
0.77490701921321414,-0.5962835725333302,-0.20967835534689716,0.63202795502423814,0.73503040158722799,0.24550147211452319,0.0077314708801397144,-0.32276339611146621,0.94644810448783856,2.2078640288022688,-8.2408794747757081,0.52173942000185414,0.5814612684561888,0.1633217974159442,0.2272727272727273,1,5
0.29269694786543171,-0.94330847914969918,-0.15651712326305467,0.94844629497729227,0.2655963403330544,0.17293990154251859,-0.12156530037024704,-0.19906706700499183,0.97241667024990996,-3.0254196652468215,12.593688969887761,-4.3497062810570073,0.221939111587388,0.1752773486982085,0.6931818181818182,1,5
-0.94884861840718515,-0.23356195560044174,-0.21245025827914038,0.25242817183453931,-0.96535426678390268,-0.066114731084581407,-0.18964787742299813,-0.11636130154914673,0.97493267977370668,-13.5536883215137,-1.6370896500982277,-2.9388452377146432,,0.1449359124208304,0.186046511627907,0,3
0.77224141163521043,-0.6055603167452146,-0.19219756746403574,0.63516318671971195,0.74278044735405957,0.2117662231437383,0.014523373978438581,-0.28561146652741126,0.95823544173462083,-2.9032702223131701,18.384178092393153,-5.2668149211872741,0.304476592665694,0.2750019252178006,0.375,1,5
0.2481489197537726,-0.92888516514449193,-0.27494447366609348,0.95424992605759917,0.18551343086860955,0.2345034020785712,-0.16682083875853776,-0.32055750957019746,0.93242355762499418,-4.873295049499438,-2.8401624987864653,-1.4699939523389027,,0.2938864166887267,0.2325581395348837,0,4
0.060932442666167853,-0.98252560614628248,-0.17587117642642069,0.98741905954498299,0.033577124859961095,0.1545191817653698,-0.1459138042751095,-0.18307378281178777,0.97221044623525155,3.3076859800514735,16.020159500735655,-4.0613468675729676,,0.127319427122797,0.5789473684210527,0,2
0.92904167938376947,0.34638128221827957,-0.13000602023216051,-0.32087305687177292,0.92928680721347101,0.18293854518049676,0.18417936730684159,-0.12824210411488546,0.97449059687132866,-3.674584963238996,-0.89856200827396038,-1.7016044153599574,,0.1169958155297045,0.4964028776978417,0,3
0.75853582754210136,0.65125406466957025,0.022170737163714052,-0.61706869906584827,0.70695358804975617,0.34560504188561419,0.20940300611070756,-0.27583467438837084,0.93811812339217737,-2.1280003143001549,3.9462080398054513,-2.5298003075725184,,0.1793861885059525,0.1511627906976744,0,5
-0.89069010282042094,0.4495333362747439,-0.067756330445532892,-0.45163656284076775,-0.8920006746524427,0.018952876429787293,-0.05191874269590397,0.047482375649113749,0.99752186349953842,-11.115210548887143,-5.9757416773850149,-1.7820133983113569,,0.08889599401466156,0.3333333333333333,0,2
-0.7236083791102913,-0.67266735754933527,-0.15462709907701155,0.65909358369605697,-0.73993091619564533,0.13452838803970815,-0.20490622638677006,-0.0045678600534593133,0.97877095024447192,-3.7207188519465131,11.574594910578833,-4.3272705782670524,,0.08590760030977451,0.163265306122449,0,5
0.95855551160013563,0.25764950703533096,-0.1216061787305774,-0.22642305548904168,0.94798328422347478,0.22374157587690649,0.17292753142287268,-0.18693427817638483,0.96703239062539481,-3.1016385055418394,14.729321588680662,-4.7994769164778033,,0.1486522127132875,0.1111111111111111,0,1
0.15331972652702738,-0.97520764062937593,-0.15957167391415042,0.97752537407844076,0.12603127126404834,0.16899781565562549,-0.14469694015590812,-0.18189605911523826,0.97261329375444194,9.5870382809369801,-6.6224563524314384,1.2244119581050992,,0.08488610792631129,0.3783783783783784,0,5
-0.16425640836241023,0.98194502052367716,-0.093828614935081323,-0.97635170357461953,-0.14828879368497233,0.15731428604673453,0.14056024771897341,0.11744960764604713,0.98308107825599544,-8.4548838555734456,-8.3204357955654977,-0.94957286241643368,,0.1147008470509551,0.2333333333333333,0,5
0.039340557694441496,0.99527708968355344,-0.088745902842471108,-0.98496078206569448,0.053579401836679003,0.16426048061344048,0.16823964548472253,0.080949134954356836,0.98241674417597114,1.9657964840277695,11.989687841801153,-3.6419426247435931,,0.08632847107861612,0.1724137931034483,0,3
-0.58228586482139721,-0.76008867440710437,-0.28845862557262703,0.78316985990192611,-0.61964280759255763,0.05184362583781648,-0.21814706546363671,-0.19572429087076651,0.95608778874784328,-11.257081445477505,-8.7027407092037325,-1.2772656578629069,,0.1389801783163442,0.2592592592592592,1,5
-0.97731384303663638,-0.13817492492143249,-0.16051586317843097,0.13777028314007739,-0.99036942578483145,0.013702173335864969,-0.16086330001732288,-0.0087229922377380902,0.98693814806904545,14.144353902256443,-3.4811953587169109,1.3135313091534471,,0.533409879852956,0.2857142857142857,0,1
0.98549405438387716,0.099330497877959778,-0.13760421855940738,-0.074946034562757335,0.98219690149074312,0.17225660685530325,0.15226477162281016,-0.15944497136410773,0.97539363358049114,-10.074702408711518,-2.4168188831454849,-2.3194395561331467,,0.07020230435687382,0.2727272727272727,0,3
0.982999495560541,-0.12976612930112338,-0.12989512467343076,0.16027523861699755,0.95159571466946624,0.26225453992061271,0.089575887458547984,-0.27861505255264285,0.95621640483579962,17.397183223978423,-9.7647257086001034,3.0179749639182178,0.5826865842432161,0.2555803481451142,0.25,1,6
0.88353060460498467,-0.41881707553984782,-0.20968053787273466,0.46547981957964735,0.8348534173445914,0.29385082799297385,0.05198276916872438,-0.35722825865867164,0.93256944134216857,-1.787262725594132,19.296066284312875,-5.2577183973406454,0.4376333054368667,0.4180600879616184,0.8157894736842105,1,4
0.45373039250249431,-0.86362017274120995,-0.21974741899275091,0.88812731025730673,0.41797663783202649,0.19111622380571777,-0.073202538853886043,-0.28187892340698006,0.95665336504099963,-0.4451470145555575,-14.181070068462128,1.260977717086903,0.2768164394547106,0.1553810561934015,0.3571428571428572,1,7
-0.98816241819192718,-0.053295127002536316,-0.14385640309303668,0.044285623457737566,-0.996894133839478,0.065121958442577191,-0.1468802874045467,0.057980301432648505,0.98745352590273205,-18.024814007348628,-10.275348213563948,-1.910146116189972,,0.2924862276965968,0.375,0,1
-0.8390750053998316,-0.50061890278682675,-0.21291747106751463,0.51970102923960626,-0.85333085258439689,-0.041680885725711096,-0.1608228078369674,-0.14562681827225232,0.97618074877521233,-6.7426205754957129,19.597006908730922,-6.0167006455695002,,0.1877603220886458,0.1818181818181818,0,2
-0.92119888932726413,-0.34235445071877085,-0.1848946629172028,0.34685401507028518,-0.937880878368897,0.008470550136294136,-0.17630909940170386,-0.056328394820353636,0.9827218392836935,-4.4356389685940343,-9.7961688083249321,-0.062937550832092293,,0.1693531384877305,0.1875,0,4
0.36979322109674895,0.92897233865365325,-0.016228605832059852,-0.91702759630582764,0.36773522927701674,0.15437353646961605,0.14937657528691312,-0.04220420790562715,0.98787926569526296,-7.4206073436503814,-5.3224913530386946,-1.3660574643078411,0.4429722823699623,0.2421332488862642,0.552,1,8
0.64513556783082171,0.75738271294689752,-0.10085397983619393,-0.73511678731476671,0.65125055642226604,0.18835079444404895,0.20833484616745868,-0.047372343079956802,0.97690964422688309,-9.8010406867796487,-7.0233181452773401,-1.3647583282125706,,0.07733789671144994,0.25,0,4
0.21460513130651826,0.97665162664258809,-0.0098100863043700769,-0.95750627131503796,0.21235847506680869,0.19515537005082204,0.19268206457604131,-0.032488124656352646,0.98072327582607544,22.594657910030833,-6.9148961908268589,3.2071498217950234,0.1750293342905736,0.1376610850682927,0.3478260869565217,1,5
-0.86043127422130994,0.50427740412154887,-0.073227877439706379,-0.50733644621354379,-0.86120373678430773,0.030624403539607662,-0.047620926968134351,0.063501365663873766,0.99684493471829361,17.166323515254142,-8.0499801994852369,2.6023684887315461,0.5749896508406326,0.3024643178017609,0.5555555555555556,1,4
-0.42311023472803511,-0.88999535945102159,-0.1699587874281126,0.88263747764662914,-0.44723874381234979,0.14466716658159992,-0.20476526151177099,-0.088801836629648453,0.97477454905696959,-2.0797513617261938,-6.7493271503299725,-0.35521078925412924,,0.07296238913968797,0.2727272727272727,0,5
-0.21734550615579684,-0.96075930270365151,-0.17234411281582815,0.95733749775538024,-0.24426755804617062,0.15439648790574584,-0.19043593764137309,-0.13143409890342417,0.9728613628365026,-13.05998800655682,-5.0523185488660731,-2.1739692377723312,,0.102632895169082,0.2769230769230769,0,3
-0.71100202783123323,-0.6831807906792694,-0.16655366602606278,0.66920710746918111,-0.73012880703516503,0.13810782906894684,-0.21595824534526314,-0.013263950552299005,0.97631250318898433,-16.346273871908316,-2.9200336664876114,-3.0955535330010422,,0.07710760840934189,0.5,0,2
0.98611781189151515,-0.049436090650964451,-0.15851729877663212,0.11591860304221296,0.88848240607262463,0.4440291562140285,0.1188887654029272,-0.45624016377402588,0.88187888874857323,-0.17728513848574795,16.08075766097388,-4.5599420789348661,,0.346826821056595,0.24,0,2
-0.61732287021169285,-0.6868104062673116,-0.38367165618081417,0.74802162714481413,-0.66348497914384608,-0.015853320602206039,-0.24367215523572516,-0.29678131392225815,0.92333348930348913,-8.891640913624089,3.3639178819686677,-3.3082960781392705,,0.2264146512448027,0.2285714285714286,0,3
0.67628647102572481,0.73090450785769756,-0.091734451003246856,-0.70662447859939603,0.67886653897662708,0.19955467547022326,0.20813086112276144,-0.070134318640669907,0.97558327271284528,2.1727577563244198,11.06048720265947,-3.4762391434263198,0.1882224743613868,0.1824586865823753,0.373134328358209,1,5
-0.84542658580814767,0.52808894965332076,-0.07984954140651683,-0.53338492934529269,-0.84250718926530077,0.075380058262116523,-0.027466436902080511,0.1063188472959294,0.99395266363824863,7.1581316121600596,0.9155247643286748,-0.66187236769976354,,0.1069177302628859,0.4444444444444444,0,3
-0.94253547565324103,0.31785370782239952,-0.10293637626549709,-0.32477227809451831,-0.94395163871390875,0.058976869623809602,-0.078420944373401386,0.08901867328195652,0.99293797957914032,15.480592221938565,-0.87373301950248972,0.9662464612168199,1.002940003124706,0.7847823921645048,0.6056338028169014,1,5
0.83718260973118108,0.53480638678872039,-0.11448758279255949,-0.50688614099502993,0.83732442637200277,0.20482735429615873,0.20540622685511878,-0.11344572998042189,0.97207939404060706,-10.131939692655967,-12.352287276816714,-0.36753499765030379,,0.138011395205061,0.7857142857142857,1,3
0.48734039287656644,0.87303137719311341,0.01776389335727754,-0.84672792837236488,0.46748957334640889,0.25397896394511771,0.21342716974452156,-0.13881539269363224,0.96704660175513546,9.2708138513862544,3.9486155288293525,-1.0735192953493353,,0.2266449603805104,0.36,0,5
-0.78281453483935237,-0.54190495521434245,-0.30584378947166818,0.5865069359120143,-0.8067617491499316,-0.071729312248504373,-0.20787260081922507,-0.23553025203290709,0.94937583822528726,9.3913779601284997,0.080251751168962895,-0.15866541323261107,,0.3564957565084331,0.2941176470588235,0,1
0.6336283401059718,-0.75052585033679697,-0.187686106547023,0.77246079698205816,0.60038821621479921,0.20697416978033042,-0.042654938054067157,-0.27612485908849499,0.96017478536616685,4.9296830886013474,-6.2681032525885936,0.52659424147501799,,0.1059194731972313,0.175,0,6
-0.18376293777716657,0.98296636124773573,0.0028836357069503714,-0.97356891537521817,-0.18240931212169292,0.13744238744438378,0.13562724547312183,0.022449398804334553,0.99050556524367761,8.1190404020821898,9.342183220248776,-2.6179472186439643,,0.2002216015169307,0.5714285714285714,0,1
0.037483389028041617,0.99219193439674236,0.11895444869791172,-0.97324806830483457,0.0092443518128055482,0.22957077231318218,0.22667861188890837,-0.124377277979592,0.96599539317457761,3.1824969414107289,9.0577778022892108,-3.0125803936355204,,0.3364521922964616,0.2352941176470588,0,3
0.2497685786271685,-0.93409099793311412,-0.2551267620436577,0.96289958422798239,0.21179556385843182,0.16723345904293829,-0.10217655222281244,-0.28743111646132918,0.95233571048535792,-6.0653890430092217,-0.50567109555277068,-2.1091583082290346,0.5914490271641873,0.5427948528166981,0.3716123105190629,1,5
-0.99065650180208253,0.057732256662304367,-0.12355841524533653,-0.049026941302167282,-0.99617186886425169,-0.072373798505114176,-0.12726372013977527,-0.065639882877583211,0.98969457476132672,-4.6785672490794603,3.7603861456503611,-2.8518453560005388,0.765007013380677,0.6754167619189921,0.4706477732793522,1,3
0.9154178247548459,-0.37430347327444136,-0.14801052670602721,0.39770550117375703,0.89774562902510802,0.18942840310376816,0.061972094181468595,-0.23227073741864784,0.9706749013350251,12.824443767512689,-10.322059788108749,2.4134158749320691,,0.09671900604492827,0.3125,0,3
0.97586277003402289,-0.14319966339813672,-0.16488089781470672,0.19086921416320818,0.92613989885404613,0.32532111956547871,0.10611690320699525,-0.34893945628615491,0.93111785435597771,5.1162018843213302,1.5668732846977977,-1.0879820239254578,,0.7966007769890295,0.7333333333333333,0,1
-0.88099671849425465,0.46852413019208911,-0.065802138491854609,-0.47049863085650623,-0.8822231134185079,0.017703573433299483,-0.049757616145751388,0.04655660616820665,0.9976756296801037,6.9939147537470046,-1.0517175214032568,-0.22272382243430672,,0.1068490962225052,0.4285714285714285,0,2
-0.96177647306740943,0.23900544866467852,-0.13365033244482463,-0.25301755813118765,-0.96228802304920291,0.099919347342692172,-0.10472884574627699,0.12991595823706273,0.98597855588445749,4.8959148422266265,11.034001745203181,-3.1983130407963367,0.6063032552292641,0.3149140382047447,0.5925925925925926,1,5
0.98877349408301651,0.06583903681512672,-0.13413500151011429,-0.03460459872181304,0.97418495594569376,0.22308337758871352,0.14535989524681248,-0.21593724282842597,0.96552659622275183,-19.170160676811236,-7.118836698875608,-2.6785666040199372,,0.2679338700128194,0.2,0,1
-0.87117836232264145,0.48880099014356493,-0.046063576234487251,-0.48511039247888643,-0.87143790527238874,-0.072552631678330648,-0.075605344585026019,-0.040860363301632646,0.99630028735368625,-17.382226743333398,9.7227083742133846,-5.8058881457374154,,0.3639482764090237,0.3076923076923077,0,3
0.89618663909745655,-0.41216330913677995,-0.16422823905962769,0.44044636908345175,0.87105818449950245,0.21740431269327845,0.05344627081856064,-0.26716857191266363,0.96216653980365541,-21.273142961420032,-8.1686929776275452,-2.7676724199874556,,0.09035660539089307,0.5,0,1
0.58959706232220566,-0.78725470886188254,-0.18056945332978835,0.80608581394839385,0.55941155209978721,0.19309162573364924,-0.050999653451584574,-0.25940073005313719,0.96442226052477609,-3.9041896542105787,-2.8871108915770667,-1.3564121537911586,,0.08603026931309582,0.3316062176165803,0,4
0.95715303483568548,-0.23661774878813732,-0.16694343012910301,0.27542357591764072,0.92190970326959931,0.27244146682562681,0.089442281576312649,-0.30674833328934875,0.94757877682577418,-19.922182858132903,-1.9172578554912083,-3.7721300850198092,,0.07628537623929707,0.2666666666666667,0,1
-0.40265056804159149,0.911392234682872,-0.085068881593355405,-0.90781082703953608,-0.38569800125260961,0.16467104827362847,0.11726901707432121,0.14353134288197314,0.98267325762173896,-6.5324559931174324,-4.0633164943508913,-1.4771652599304574,0.03901676592827958,0.1325256632983731,0.3272727272727273,1,3
-0.44172496318366916,0.88319452943804955,0.15762766277240239,-0.89303476007479621,-0.44966891469493242,0.016934711548615557,0.08583690464211359,-0.13328649716976484,0.98735339948453982,0.14953307253254364,4.3636921439876337,-2.3078286292593249,,0.2547982840941506,0.1714285714285714,0,1
-0.23081730760541011,-0.93774034924488081,-0.25955039569971533,0.95380482700489,-0.27078632546860193,0.13011962927008974,-0.19230112452079581,-0.21752655777468141,0.95692344216804337,-11.708526813792043,-7.7970974817890681,-1.4756011759575509,0.1864116448791561,0.149117620835569,0.3267326732673267,1,5
0.97783327743998749,-0.15043554253855018,-0.14564075347273106,0.1791803558329467,0.96107629515536575,0.21030158100693272,0.10833504333571554,-0.23173584623784241,0.96672747760363187,-14.763497431694255,1.3954118007079779,-3.7018968061341515,,0.07753498144318675,0.3275862068965517,0,1
-0.36759687978858402,0.92188886673031656,-0.12244774954399973,-0.92463190738491818,-0.34819192066754007,0.15433153348417919,0.099641205409338671,0.16995088637763084,0.98040212484675504,-14.184799572975788,-0.0066267121473915355,-3.3855447538356529,,0.09054157924120061,0.4496124031007752,0,2
-0.93264520845889365,0.34572994249245342,-0.10316841572318591,-0.35377977547235429,-0.93243955048112803,0.073459888138244125,-0.070801028279240438,0.10501091163644689,0.99194754036283861,-12.018730043050514,13.269802600263164,-5.7720961191584221,,0.08497185993544125,0.3695652173913043,0,3
0.19152973484815902,-0.93313896319331713,-0.30424995651519188,0.97552981696500729,0.14688839985744132,0.16360126588612148,-0.10797192635687687,-0.32813941146686837,0.93843837824385901,0.85587133188509612,15.195719088339803,-4.2707351110765064,,0.4253301903597628,0.84,0,3
0.75253759093735595,-0.63560348668164368,-0.17232348053685914,0.65852655701009843,0.72411741404102248,0.20493107230229207,-0.0054724709798459311,-0.26769792378851071,0.96348735002629637,-9.550783398394918,-5.0506612905153698,-1.7437180620438988,,0.06901210564244657,0.2564102564102564,0,2
0.96430661341561874,-0.21090074643348802,-0.16010506074667333,0.24717430763675513,0.93381488823157655,0.25863993535673729,0.094961133982219642,-0.28898205769708973,0.95261311840744956,-5.7229406097609701,-7.3017021664032749,-0.70626942372736645,,0.4558044148581469,0.7333333333333333,0,5
0.18381989921128425,-0.88890480059875798,-0.41959325557787003,0.97355950019366633,0.10574697306566862,0.2024832765195872,-0.13561763984309752,-0.44571945566682564,0.88484011132150719,-12.325071032771104,16.869105057128262,-6.3845069652259401,,0.4629831365229347,0.1142857142857143,0,1
-0.59634344993829358,0.80239158263928434,-0.023286000629548553,-0.80272815414233922,-0.59604045264066152,0.019060151183799393,0.0014143065182859976,0.030058724616007261,0.99954713386189675,18.515412165513474,-7.7479374797655467,2.7792276165537166,,0.2113510384502792,0.2,0,5
0.87713773114969817,-0.38896013036803262,-0.28167253607272991,0.47818982175699992,0.76151326874813219,0.43752946859445341,0.044315854516966027,-0.51846654521253266,0.85394879620139574,-5.3298973195574,-11.116452076026565,0.075305315013836457,,0.6011401847235038,0.1923076923076923,0,2
0.97687831113207979,-0.15630679043775655,-0.1458662143979349,0.18532355056266694,0.95927244363839714,0.21319371586157657,0.10660181446196725,-0.23529676185418974,0.96605977403799959,-6.6640906311240649,6.524996781001196,-3.6717340568212808,0.500472536380562,0.4349471613549002,0.9405568096313017,1,5
0.58291669234705557,0.80612647151199313,-0.10182456339602808,-0.78421261300436795,0.59096178409914768,0.18914213528247512,0.21264690777913925,-0.030402000953491617,0.97665603512700139,-2.7222836957657601,-2.5025351429109874,-1.2445961955003928,,0.1005630106077991,0.3795620437956204,0,4
-0.65240120717256056,-0.67096110990550439,-0.35239729549779386,0.73118620103031795,-0.67955167308577824,-0.059801864763328327,-0.19934744619040751,-0.29668284851115589,0.93393783684818632,-8.4396544573605699,16.37261719793386,-5.7995257900384525,,0.6179916486251634,0.5357142857142857,0,2
0.40160729596041056,-0.88639045062939281,-0.23026842784973489,0.91102460754083348,0.36099767923791326,0.19928582498489644,-0.093518684156895487,-0.28981484540627345,0.95250281421930749,-16.69860473776798,-4.8084124638604475,-2.7607190983629648,,0.06585936629556965,0.2068965517241379,0,2
0.73215355881916866,-0.65463340931594394,-0.18816552743744044,0.68107877329080235,0.69990727085894477,0.21508490595920499,-0.0091033445020006539,-0.28563072594902694,0.95829651857486708,-15.390326276388867,-0.19124383051198909,-3.4837414577377555,,0.07712357512877543,0.2857142857142857,0,2
-0.64577075358087577,0.75329692745736265,-0.12459483497675362,-0.76283579430430215,-0.62957063088414744,0.14738511341469093,0.032583504227020582,0.19022239566211308,0.98120016074237115,-13.064736470313989,-13.114768989293893,-0.64346210489381883,,0.08934173342672427,0.12,0,5
0.97601800889107948,0.18466876147398825,-0.11526619129630113,-0.14737204531690942,0.95022883501888222,0.27449342680248073,0.16021961983291283,-0.25092351351422054,0.95465546863058182,-13.12578895876835,2.9893690870553558,-3.8188878698867197,,0.08100841327045122,0.1590909090909091,0,3
-0.92911363963421012,-0.33034317228347032,-0.16619636930861417,0.31582213739477527,-0.94264351440092709,0.10807211615058579,-0.19236481533031854,0.047922784597343837,0.98015263328696423,-9.6753719233695268,-3.4805811186777307,-2.0495368271700238,,0.1022338846344943,0.163265306122449,0,3
-0.85429446712130297,-0.49657739405599638,-0.15359640346858777,0.48168940516261188,-0.86736990271526071,0.12507905027545332,-0.19533632637074644,0.03286858038120645,0.98018537839722253,-15.136550293376146,8.2333201333628008,-5.2073691511723847,0.4267176989423854,0.3879386785443487,0.8955431754874652,1,5
-0.94895057629486768,-0.27280730035619027,-0.15833186862412071,0.26367731988753074,-0.96157492792045529,0.076471752769896012,-0.17311000758641126,0.030819391089678683,0.98442017980448493,-6.7307693002635967,13.882658469837144,-5.1654444377594144,0.6558745655857842,0.526959353362615,0.2755905511811024,1,5
0.76979665565223376,0.63499833650386406,-0.064731920904309931,-0.60236542133649951,0.75626879069966313,0.25536917470942155,0.21111373267681605,-0.15759006583853805,0.96467422637088618,7.2425674237393727,7.1195157910388334,-2.2023015983411618,0.1432952260625242,0.1550565116453437,0.4,1,4
-0.45626140846761359,0.8846885429858965,0.095664565292708351,-0.88527617050112706,-0.46216878672891815,0.0518277388700411,0.090064582861470455,-0.061042562880447175,0.99406346700347981,-2.3532551697504145,-8.4445919619006364,-0.06211476791526957,,0.1231879567305532,0.1818181818181818,0,5
0.24229927326700429,-0.95586577403978223,-0.16616763882781221,0.96188445748439189,0.21429458495545162,0.16987089600260791,-0.12676495029873069,-0.20099366377599925,0.97135585368991417,-15.038955312217595,-4.5308647969886202,-2.5430522339128121,,0.4875065995495156,0.9348441926345609,1,3
0.20968535848039768,-0.96206391295922611,-0.17454248142080209,0.96874205150522075,0.18021206493977623,0.17047712249917937,-0.13255522654503449,-0.20483319807034664,0.96977960015864972,-10.60133005516677,-4.0519801298666511,-2.0517336295323019,,0.07643956280549009,0.3125,0,3
0.70502488172237765,0.70562852538047838,-0.07091050924735319,-0.67679382411187472,0.69932653251883203,0.22998373977134223,0.211872687707436,-0.11415246420712398,0.97060763396908711,-14.626015955184766,5.3588682248124062,-4.5557643591001202,,0.2076953321775564,0.2793296089385475,0,1
0.34667045807838215,-0.91110982678935448,-0.222931552328507,0.93200932358035127,0.30780148174860567,0.19135534639162818,-0.10572707437086197,-0.27411153087974266,0.95586853404835093,-17.554320433209632,-3.2831325978651646,-3.1650097427508839,,0.05626943463325679,0.25,0,1
-0.89529247671597467,0.43363184549701334,-0.10205294560488012,-0.44280513851897974,-0.89131398586115207,0.097380634160471935,-0.04873387360928208,0.13237371785653984,0.99000111534476276,11.480247067309117,0.42699314959204021,0.077475726325642119,0.2470642575040266,0.1560317950173497,0.4375,1,5
0.94157444468910623,-0.29369314792024348,-0.16486934212612098,0.32777272344737884,0.9116361788827001,0.24796072091369367,0.07747649238504585,-0.2875131513806779,0.95463793184162871,-8.3667342741062392,14.458705044444883,-5.5266301839440413,0.3310083483260673,0.3029296623643243,0.6480446927374302,1,5
0.90931480476574278,0.3956446579429001,-0.1288871229994891,-0.37024175148244498,0.91066073814735715,0.18335229874785636,0.18991480008954398,-0.11900556557639293,0.97456146243774322,-1.7507277647239223,-5.8385403599843553,-0.47121678637026476,0.2191560085263847,0.1766816798274228,0.6851851851851852,1,5
-0.93501997923359548,0.32955711521344538,-0.13088065650124669,-0.34101937468210763,-0.93688084515965009,0.077201477086668649,-0.097177283999038439,0.11681776314041874,0.98838766973765857,13.871610425212756,-8.4231826832756216,2.220528510146432,0.5601892361227938,0.2375349164673598,0.4545454545454545,1,5
-0.051159247998436484,-0.93294678773162654,-0.35636080396905895,0.98805524584358029,-0.099219076409284429,0.11790846465572896,-0.14536011318521042,-0.34607205339022706,0.92687894104734925,9.7480115857452478,6.8987919868967165,-1.8275998142081826,,0.3688785541625357,0.3846153846153846,0,4
0.23289249693741015,-0.87043737708749747,-0.43370480449182913,0.96415741972569002,0.14836338554410342,0.21997448901586597,-0.12712810412398168,-0.4693901132309129,0.87379137483893321,-15.740676755196514,-12.176985217792414,-1.2199389354175423,,0.357457822887709,0.2,0,1
-0.89457503123663706,-0.39781888592115355,-0.20365570822449552,0.40300105641948719,-0.91503771365762265,0.017208460390373326,-0.19319850416798304,-0.066679206569077998,0.97889132256781786,-13.691192455213113,-2.8414479324521036,-2.7395153964191623,1.167037863189594,0.3022804553072605,0.1739130434782609,1,1
0.47887793025958469,0.87593741221564636,-0.058391590073009918,-0.85261076960021254,0.47990724353030145,0.2067460112526544,0.20911911311984635,-0.049220803407766828,0.97665065864917366,-19.339283220551017,-5.0647138532472047,-3.0466095468326557,,0.1232847645754671,0.2173913043478261,0,1
-0.38684732906347358,-0.88086387642548591,-0.27281491015911169,0.89638686196185036,-0.42864343922067871,0.11293978800784285,-0.21642490082854296,-0.20085724587810116,0.95541437558769304,7.4729581609161704,3.108101888162611,-1.1058838766356842,,0.4613074154538951,0.36,0,2
0.0033453196409078249,-0.905982349722664,-0.42330224524268578,0.98772586407576435,-0.063110636282542529,0.1428798971996966,-0.15616153903020871,-0.41858455487393642,0.89465107396610422,6.9801979610299183,-5.9278042683866534,0.76472929954172697,,0.606741040293201,0.5263157894736842,0,3
-0.3224366292019718,-0.89601486433266342,-0.30527361996050295,0.92401782807941091,-0.36793944841323606,0.10397891946338302,-0.20548886475981926,-0.24855165498600695,0.94657086436433213,16.089182571757117,-8.8205070785564832,2.6249643313001925,,0.2459497786380223,0.1764705882352941,0,5
-0.022507511126721488,-0.95554661133937746,-0.29397973654780019,0.98573843782164461,-0.070263651459391924,0.15291419647808338,-0.16677273201523479,-0.28634540827718297,0.94350048384447016,-8.9018314370120919,19.79696223627711,-6.3484447823474683,,0.1091579138730589,0.5333333333333333,0,1
-0.94177729430385626,0.3200203267226836,-0.10316258245126712,-0.32689013099736525,-0.94327704991753325,0.058062460810761891,-0.07872972875752253,0.088404737334504241,0.99296839437445572,-15.691303501076094,16.072776708582545,-6.7086061848741521,,0.5318663463530067,0.4666666666666667,0,1
-0.93529016257034348,-0.28075033211112882,-0.21543343013244187,0.30325695774020395,-0.94962607947674249,-0.079028645185065596,-0.18239388526289782,-0.13924640102035521,0.97331542185541409,8.6758158724271066,2.7761379407244542,-0.91598162777511283,,0.4358736522082846,0.3529411764705883,0,1
-0.98911037700818594,0.06548812490442793,-0.13180276018060122,-0.073817012348359454,-0.99550561667209103,0.059326350488472589,-0.1273252166017603,0.068409594873972232,0.98949907354504041,5.6679075798206027,-1.0030376524828759,-0.45613709768954513,,0.06885562257607589,0.1951219512195122,0,5
0.99000186209115704,0.016217869006669359,-0.14011885590784234,0.011716292290066058,0.98048084303969096,0.19626524126077299,0.14056685793960794,-0.19594462778310154,0.97048784706039803,1.1594181382916697,-3.9414147963830621,-0.43143150844213901,0.4023895758885122,0.287450768081745,0.5287356321839081,1,5
0.45209458128342156,0.89098633979260433,-0.041878775974796577,-0.86896821232620924,0.45054408874359014,0.20470532495468363,0.2012578831766908,-0.056154843078645579,0.97792734804690495,-1.2647601565871234,-10.20036680365582,0.41563606468272951,,0.1384611645072064,0.2222222222222222,0,9
0.29622573767703597,0.95409916501553693,-0.044103238592543864,-0.93459464462345743,0.29907223727914795,0.19258413000555952,0.19693441187067612,-0.015829725376644978,0.98028886416997063,-14.573426294549238,-11.064344669824674,-1.2936029945672258,,0.1286011043996994,0.1666666666666667,0,1
-0.98054635511988231,0.1506522010272062,-0.12582829485760097,-0.15605656769625958,-0.98715582009132341,0.034201382116654383,-0.11905962010680152,0.053172372389097916,0.99146230673411828,-3.4477321623868562,-14.52293273458039,0.93611830698603438,,0.1076868470062111,0.25,0,4
0.053979103258057978,-0.95948509660426684,-0.27654042345696384,0.98627135572025426,0.0079470600892869152,0.1649413748022904,-0.15606110757388683,-0.28164728585633164,0.94674164219842694,-3.7271399970034307,9.5994188773047213,-3.9666851878704077,,0.4132627052787524,0.3939393939393939,0,1
0.29152444476530359,0.95651232103535822,0.0098832085798005523,-0.9338461190394366,0.28234754793813283,0.21957069050377648,0.20723157109683585,-0.073239619611751836,0.97554653095578292,-4.0287117399937626,12.839199513652057,-4.612155169819288,,0.3060072438236368,0.25,0,3
0.26136635493916022,0.96434988728043392,0.041435774495356764,-0.94026427268784518,0.24466673444889037,0.23673040903296033,0.21815298763164687,-0.10083394248133552,0.97069139793811721,-5.0309427177183963,-15.756857247405557,0.97763484064923856,,0.4019243429865395,0.4285714285714285,0,4
-0.95790941094110049,-0.22631763589254753,-0.17660659136759846,0.22889941086574861,-0.97343226906949121,0.0058887383653005295,-0.17324728031281442,-0.034784266820360052,0.98426390497974836,-19.014693995350505,12.36870280251312,-6.5619144900189843,,0.4249590667249328,0.2222222222222222,0,1
-0.9759394947902672,0.20441030915737035,-0.075884965696153953,-0.19042983765980928,-0.96857896034214253,-0.15997273052427818,-0.10620065648279632,-0.1416729441097449,0.98420028320962238,-20.164430081972021,15.542493173449149,-7.2436908405362441,,0.5683233580815938,0.15,0,1
-0.15128097837028534,0.97277191259690732,0.17558152421563336,-0.97633422400387226,-0.17481605228980462,0.12732176130012479,0.15454950217353297,-0.15216489057717666,0.97619685384329646,-0.6878401952513421,-9.2197749556798865,0.3226415567077891,,0.3465209425407648,0.2222222222222222,0,4
0.26973291047200448,-0.89940556947820904,-0.34396769993690074,0.95300363166637736,0.19816798419554155,0.22915830351652858,-0.13794286875007103,-0.38961400338213714,0.91058920119313236,25.018009076709088,1.3078723955793183,2.0010941744822941,,0.4072794464587619,0.3333333333333333,0,2
-0.96760162255637749,0.23337680486228438,-0.096345041276324969,-0.24117507382454889,-0.96724617288730541,0.079179699422167626,-0.074710667190093269,0.099850428076862563,0.99219363443880193,1.7362405642518204,-11.498631989530665,1.1278028002156564,,0.1358273859106823,0.5142857142857142,0,6
-0.94872980491799619,-0.2243934333467634,-0.22261928113061732,0.26160920915435054,-0.9527140081133888,-0.15458538233014521,-0.1774045629229884,-0.20489901370034352,0.96257156369733399,-6.5273190443095217,14.851760305948186,-5.2965874072628178,0.4778200640150916,0.3066752398220509,0.1578947368421053,1,2
-0.75924986971880171,-0.62699981047628539,-0.17438713540477563,0.6161663994227623,-0.7788054557453814,0.11747778651139539,-0.2094722023428664,-0.018256499224380197,0.97764415647090053,2.5490729939435166,6.3730554332665292,-2.465746834307708,,0.06569597045386322,0.2121212121212121,0,2
-0.90456058952178853,-0.39955863864340319,-0.14873813959245152,0.38019983034218763,-0.91383724697788071,0.1426519366978895,-0.19292026563263143,0.072487104517405115,0.97853328547725804,-0.90608835302746737,-7.6229484884109242,0.012895755964874231,,0.0658541080795098,0.25,0,4
-0.98723535639871385,0.091887810129371028,-0.13008836007088923,-0.10177351959552294,-0.99223549209731121,0.071490411465784123,-0.12250919061623239,0.083817412105338135,0.98892170551693359,-17.664225932150462,-5.1776410231965988,-2.8353665755130866,,0.4096860891621395,0.1428571428571428,0,1
-0.90984910908062033,-0.38680836788632172,-0.15017951004821581,0.36762363443353085,-0.91929225184775942,0.14055112627993518,-0.19242521173454349,0.072670779724704676,0.97861713436007269,13.388080203736134,2.1180569870230621,0.023115970882252347,,0.07933905009904459,0.3,0,4
-0.97616415316787453,-0.12719229499512538,-0.1758569480115027,0.1446116725995733,-0.98538474995884917,-0.090024211723799374,-0.16183636865056372,-0.11330937579216767,0.98029076050914077,-8.4236430087921299,20.495397254086825,-6.377356406919036,,0.3577202661791337,0.2,0,1
0.46864848614600302,-0.8251985861661465,-0.31530285412988607,0.87976994771966566,0.40373217087804214,0.25100831318392647,-0.079833799373423858,-0.39502864147742028,0.91519338770016678,-1.3509619267131647,-14.190833135145022,1.2102938030383579,,0.5744994272445334,0.2758620689655172,0,1
0.85942026452984122,0.50599448544381243,-0.073255645624828988,-0.47914770135812607,0.84710052604317265,0.22986556736624567,0.17836560542515822,-0.16245085249955848,0.97046145277568097,-12.482091070858662,-14.348415493965106,-0.35090729533104664,,0.5573102909254243,0.9108910891089109,1,4
-0.15750497757242873,0.98677642223697759,-0.038268453811186612,-0.97135736786925142,-0.14782892371669215,0.18604158997085724,0.17792427019951162,0.066474821022359146,0.9817963394941015,-10.441860668430694,14.523105202969253,-5.7844985367823263,,0.151568707476181,0.3571428571428572,0,4
-0.35001743010083319,-0.89211381251160127,-0.28569344436235483,0.91429416063771796,-0.39172202455870925,0.10305359430606684,-0.20384794933818151,-0.22513729367131416,0.95276398575354304,12.515066369489544,3.4610869319889237,-0.4395813142832477,,0.1974741917483279,0.5384615384615384,0,6
0.57612597074849226,0.81057331250171683,-0.10511789043308482,-0.78929671122729295,0.58513536051636383,0.18608415171412429,0.2123430419742724,-0.024238707337224774,0.97689452736297688,-31.895958024264882,16.405409846580689,-9.1200342657799389,,0.1299203207547203,0.3,0,1
0.33160365710438439,0.94156526318588685,-0.05910896511265868,-0.91031830872873765,0.33579122312726961,0.24200171748139274,0.24770868250477096,-0.026440681390310514,0.96847369555366214,15.97001246195323,5.8013754217087934,-0.3738264747519654,,0.2019397076495754,0.2222222222222222,0,4
-0.37354184825548914,0.92654900657920147,0.044423259774222568,-0.91845058918154932,-0.37614221449422858,0.12233376356281506,0.13005769040674964,0.0048962110323041335,0.99149433900733375,0.18493606434648913,-8.6284423589570931,0.31475269809112771,,0.2553698751407482,0.1627906976744186,0,4
0.58339062883893833,-0.76529968422340544,-0.27197751287645877,0.81099656482298688,0.53073978681368328,0.24617036892827249,-0.044044818403798633,-0.36418631498248605,0.93028403294437712,11.160414997930197,-9.6697102003925028,2.0964649920774914,,0.1910278519740224,0.1666666666666667,0,4
-0.43707086720359645,0.88897499604662666,0.13672056701826529,-0.89522336159037852,-0.44465211807450888,0.029319392126639355,0.086857296208888199,-0.10958079346196176,0.99017567118139627,8.4267789132340258,-8.28162154762272,1.4292771378604414,,0.445963113204065,0.1428571428571428,0,1
0.69392078756623798,-0.66614656171056819,-0.27335452969475782,0.71942649975769568,0.62560305364591096,0.30173884522100253,-0.029990865773505734,-0.40604134960629562,0.91336245290687101,11.909823835509346,8.9588467942771075,-1.9764686170357544,,0.2970538395895102,0.1666666666666667,0,3
-0.11124030261803103,-0.88877054107601361,-0.44464876069646198,0.97772766264875555,-0.1780030382002874,0.11119143889198174,-0.17797250564300982,-0.42237642418453919,0.88877665559364916,3.2959970044380178,-9.7765670421893063,1.0194611663796174,,0.6177890492634972,0.3225806451612903,0,1
0.84394125001603304,-0.51367693542369275,-0.15459357210149097,0.53610789349152577,0.81771468652873847,0.20959727567715758,0.018748148107331414,-0.2597666211215961,0.96548941449071057,4.0168048672333034,0.021520135567646249,-0.82945836427102793,0.6241873653496217,0.509178136174063,0.5232815964523282,1,4
0.98290338112842013,-0.052277246272808775,-0.1765447050705618,0.11959752440173922,0.91029741564316358,0.39630171237373246,0.13999062655511954,-0.4106406027117987,0.90098663690489655,16.663282599145614,-14.468055667018287,3.8395109032173989,,0.369812364714159,0.5625,0,4
-0.8477481386749246,0.51512077307035398,-0.12638703463805381,-0.52937359930465688,-0.83654672365513549,0.14125569546425429,-0.03296491669081493,0.18665521233884252,0.98187226561009899,5.6545949053503133,11.982898620238707,-3.1755921838558168,,0.1291362868453331,0.25,0,4
-0.27223972564440935,-0.94004747278796374,-0.20541733297368245,0.94580118421983461,-0.30070275297776383,0.122629418493094,-0.17704703247842671,-0.16089935753929546,0.9709612479569032,-11.072874689348113,11.143772085229779,-5.2772467084677146,,0.08194184229825903,0.3043478260869565,0,2
0.69369265029825955,-0.70204675013368112,-0.16099958866069441,0.7202097039414439,0.67316379596121578,0.16777510588780573,-0.0094068735908408776,-0.2323378239413961,0.97258965977200429,-13.661257160187082,8.7362735834108829,-5.0722279191309614,,0.084318219781429,0.2941176470588235,0,2
0.0038987392663978712,-0.96890526876129968,-0.24740125302578006,0.9865877721928048,-0.036645904006565429,0.15906490964125239,-0.16318507159593626,-0.24470320366953721,0.95576721774817863,-17.989792394687644,4.9697727005480603,-4.9053519479088177,,0.2470257311775086,0.2222222222222222,0,1
0.99370943803465495,-0.046391928116971001,-0.10192812058720846,0.077690286102871167,0.94110240724130434,0.3290751867429037,0.080658367241748227,-0.33492394373978812,0.93878654640108883,-5.8532691488949604,-5.3423135739361314,-1.1648450027088393,0.6043834847937192,0.3352873731521285,0.4216867469879518,1,2
-0.91085351276658766,-0.38059110430199455,-0.15967557611280572,0.37339800769358245,-0.92471023422737897,0.07406018205223229,-0.17584028585973013,0.0078354349805620782,0.98438752522948725,-11.543051414500368,8.7299828024538311,-4.823585447431852,,0.1954465392923466,0.5652173913043478,0,2
-0.69446893785734032,-0.69664968455941922,-0.17997808576201507,0.68876320583508233,-0.71600220869992304,0.11378085702178678,-0.2081301050763151,-0.044945012405088733,0.97706796346048974,3.6730657753321818,-12.176727604595069,1.503432175255101,0.6435025055521933,0.5070426205349969,0.5,1,3
