axis_00,axis_01,axis_02,axis_10,axis_11,axis_12,axis_20,axis_21,axis_22,location_x,location_y,location_z,dbh,dbh_approximation,score,reconstructed,number_clusters
-0.23700669007680869,-0.8420859109235308,-0.48447822188713707,0.96184868175484883,-0.27353797409099012,0.0049081703979751597,-0.13665629244675953,-0.46483146984071894,0.87478955319575102,0.89022610737882812,3.0808008698415974,-1.2547558004287138,,0.5448173466600558,0.154639175257732,0,3
-0.40493380014978614,0.9042798123269189,-0.13530202701455737,-0.91428242616682776,-0.39870293503991461,0.071579429957631585,0.010782518201001083,0.15268919610945819,0.98821543536452361,-14.550248667993372,-13.077142932068174,-2.2162036287069102,0.3417765903452757,0.219742801708309,0.4615384615384616,1,5
-0.88609567159369329,-0.40019064323057452,-0.23384163413220768,0.41129958426780355,-0.91149917612001574,0.0013798237803930929,-0.21369864942028574,-0.094956311023712492,0.9722737198097634,-15.866995328261604,-14.425850041736149,-2.2741506275998429,,0.1117773591928737,0.25,0,1
0.50106146265736728,-0.78610821904602157,-0.36189954212177866,0.86537266269925894,0.45909726294096836,0.20089763018240675,0.0082198109744403003,-0.41384003081916154,0.91031250875682301,-5.9457331898292853,6.3780003684989621,-2.7507102420394776,,0.1923705936092773,0.2627118644067797,0,5
0.89279668668174039,0.42401143800249441,-0.15208016535092181,-0.39457088077278196,0.89898745255663115,0.19009308296708349,0.21731980189641692,-0.10970806984354575,0.96991558556139634,9.5122766347529755,16.875478021927467,-0.82917147876045083,0.5084331907009918,0.431294148614899,0.7636363636363637,1,5
-0.61212943836377254,-0.72557203898754197,-0.31439269541118875,0.76264169026128814,-0.64677439895776201,0.0077800468012963406,-0.2089861310323175,-0.23500658095527008,0.94926113580186999,3.9495768215013274,9.9527618750595614,-1.2743889607123782,,0.2938876693557494,0.3931623931623932,0,5
0.69828959689305159,-0.65129870018303193,-0.29698761255451939,0.71226266402391913,0.67348412362375543,0.1977398105195127,0.071228760402594307,-0.34961284067756421,0.93418270446678398,-2.0120393449499172,-20.360410997304161,0.92790904817346276,,0.6754896516565611,0.4193548387096774,0,1
0.87872308422293188,0.45144694416938896,-0.15505288727998376,-0.42682461425687823,0.88855883806926139,0.16817829810493307,0.21369719211586705,-0.081601764007436142,0.9734858305043117,-3.4772426515776353,20.146763400371345,-3.5296344995407618,,0.09392351461800208,0.25,0,1
0.15583342158491531,0.98727011365147377,-0.031838143911732515,-0.97955422313473306,0.158606735089244,0.1237635953066978,0.12723784286149994,0.011900683801215563,0.99180083941737807,-6.70456743436824,-11.615736582235201,-0.99468138737904177,0.4001784580853155,0.1657747845980141,0.3888888888888889,1,4
-0.68712615449207692,0.72581110859733355,-0.032494344887100145,-0.72335053785231551,-0.68761186044092371,-0.062880273295673472,-0.067982697811263967,-0.019701878531824386,0.99749194923098039,0.32249736354832836,21.498047170600703,-2.9572141400131411,,0.7059456247441741,0.5,0,1
0.75698854969645024,-0.54356798561066488,-0.36263229399438551,0.64735007658000343,0.6993781912241791,0.30299838942123203,0.08891689367229319,-0.46411635465598616,0.88130005977561943,-19.445879278437118,-2.9837287767984249,-4.1713006528583474,,0.2205241432838079,0.1724137931034483,0,1
-0.9796057593241384,-0.051443492772244297,-0.19423213778973331,0.039651625563948911,-0.99715414862220764,0.064119829036395667,-0.19697792995438421,0.055110533810808514,0.9788577650373792,-11.432590669081927,-8.7137857055755372,-2.143674238471752,,0.1065808912845538,0.2857142857142857,0,5
0.59557152008191316,-0.74032514246937864,-0.31179039096003835,0.80259288883570534,0.56470358474213833,0.19223557467267996,0.03375232225605182,-0.36473078401345932,0.93050106713278435,5.0749082275162429,5.8364862934674226,-0.72463441897798619,,0.1371190775760685,0.2580645161290323,0,5
-0.9773921452619907,0.085273571754904631,-0.19347612860589633,-0.098825195477233604,-0.99320313594115095,0.061490743169606246,-0.18691756236119383,0.079220885609951636,0.97917612111617802,-3.7998086777849904,-8.5927556533329668,-0.83881160937211174,,0.07813316097650826,0.2653061224489796,0,5
0.97522760620294491,-0.07307353703653667,-0.20878547431428848,0.12995020979462032,0.95307592366832294,0.27342133548446168,0.17900854469551628,-0.29377975067853518,0.93896187303705259,1.1410955805621139,4.5023121318370256,-1.3680772231405465,0.4604462227935538,0.2394097013721822,0.4504132231404959,1,5
-0.97915533263226762,0.067856996575056977,-0.19144258302061756,-0.0803167084232147,-0.99507563156132139,0.058083679471065422,-0.18655846516803695,0.072248982613251106,0.97978366162408337,29.361157269759772,-9.3555761431785811,5.4224929314085735,,0.2201287437519183,0.7647058823529411,0,2
0.097635078165900988,0.99446711113739816,-0.038762822105430958,-0.99190092299349242,0.10041480502931233,0.077778055360004317,0.081240079247850802,0.030855012509543738,0.99621685276190741,-0.4690143442693579,16.027849280633308,-2.6172797860213692,0.5116194312454815,0.6762898957387309,0.6024096385542169,1,5
0.83841533338817487,0.53869876118910143,-0.082845479254598939,-0.50233565081793463,0.82273253895099141,0.26602643340198101,0.21146778160494994,-0.18142440311210634,0.9603991687306368,-8.6812224991162985,11.430909392280832,-3.6912378748027113,,0.2503901856714892,0.2592592592592592,0,5
0.82469853296501705,-0.52328564467140859,-0.21457973764122806,0.55458017041668073,0.82264526871536048,0.12528206751502363,0.11096469846737346,-0.222321604755503,0.96863818825864179,-15.280412747393386,-5.470958677428702,-3.1744152317236369,0.1734029498919565,0.1068624586410247,0.3448275862068966,1,3
-0.85261134892791668,0.50981943373285266,-0.11462125748582061,-0.50837969503824787,-0.86002441108182326,-0.043681781284428144,-0.12084690046557035,0.021027537461051567,0.99244842148909074,5.8487820341986003,0.5909589025895492,-0.22263081987944014,,0.2229118154595007,0.3767123287671233,1,1
-0.65132294887542475,0.73578944460644047,-0.18545163648231289,-0.75671469472039832,-0.64794443150244785,0.086895825441646299,-0.056225324031403671,0.19693122375772881,0.97880376278743841,-8.2504734502484389,10.149467484466591,-3.484425257871592,0.1267333250009235,0.08733947548804784,0.4100719424460432,1,5
0.5416330732172584,-0.80082888697618249,-0.25555177123572836,0.84028953606569945,0.52425695194631217,0.13808745024242763,0.02339037356950192,-0.28953020933997914,0.95688303794341978,13.573368807715212,10.559545525214476,0.4640725362718926,0.2843006166664828,0.1934292941115746,0.5217391304347826,1,5
-0.47295797122687627,0.87704840853289534,0.084242783328147247,-0.88108014810245583,-0.47110552452611776,-0.041920846612707098,0.0029206288213205842,-0.094051442577385985,0.99556305479683249,-19.152991278179687,-13.036405166031965,-3.065799225614398,,0.2916766943302059,0.6666666666666666,0,2
-0.72326867736005584,0.67089008467077804,-0.16367319462963686,-0.68607662991290141,-0.72507543187659496,0.059703232545015736,-0.078621105545461201,0.15547383181553309,0.98470635693256492,-21.044640476731999,-15.298860291677943,-3.0739468011163371,,0.1574576277938538,0.6,0,1
-0.12361736307430099,0.99220247890242508,-0.01590560927598245,-0.99000192391074215,-0.12221422076595334,0.070426379259488414,0.067933336437914812,0.024452507079123692,0.99739016272367542,19.548020235687133,-2.6309416898278024,2.7298676804643405,,0.1280253176181167,0.3157894736842105,0,3
-0.8619958610056252,-0.40064282984989502,-0.31056152127885961,0.4443215545570271,-0.89206589062746289,-0.082442725179719706,-0.2440112533577056,-0.20905446579516068,0.94697135044620118,-12.654650313738026,9.0412172336484282,-4.1958393159869214,0.6005279969464397,0.2572357068316268,0.25,1,7
0.77513076771951539,0.62846175440220042,-0.064869994514135942,-0.60239072840024732,0.76610439439817191,0.22407469116620674,0.19051956138931028,-0.13461010414348473,0.97241062138918766,-10.372973640843298,-19.82842025820872,-0.66573772413191801,0.4904094901703525,0.4643391161068355,0.4285714285714285,1,4
0.71355392179073651,0.68538308354456456,-0.14522682082868016,-0.66880393073218003,0.72811363620331282,0.15017268397407255,0.20866744579413041,-0.010028038977580979,0.97793524095413353,-10.53276678329491,-15.766101636768189,-1.1895055569638278,0.3198463055461046,0.2571711392561561,0.4,1,5
0.59173407423818924,-0.74947558436054451,-0.29687898853386924,0.80536110124940719,0.56573296496852288,0.17703024866464562,0.03527438135269418,-0.34384961944917763,0.93836195427182589,13.380885950179964,8.6616204009165916,0.61429869639371082,,0.1630554609577523,0.35,0,5
0.47625649469509473,0.86175050975529377,-0.17483080448603161,-0.86173802933094656,0.49696872292848876,0.10212569331781444,0.17489230990972279,0.10202032820628826,0.97928776800648498,-2.8238019681350379,2.8561530781324751,-1.9073097848378626,0.4324459325971094,0.3256609440671414,0.9706422018348624,1,5
0.15886139323174697,-0.95367698479701846,-0.25546676184767547,0.98571485285286531,0.1385438246236676,0.095769710889725981,-0.055940026865595398,-0.26703149126482273,0.96206283374172741,-27.685216913393166,-9.3609717756197313,-4.9404000318698511,,0.2850914497867438,0.7111111111111111,0,2
-0.72942555798790332,0.68333632857083515,-0.031461363755682925,-0.67780308689253632,-0.72819511398428827,-0.10156205673556418,-0.092311054337954015,-0.052757350433287102,0.99433160023317901,-7.9356102911796382,-17.704853433078434,-0.43891587114762365,,0.4298463465402435,0.3157894736842105,0,4
0.97996224714389546,0.047617125078591768,-0.193407868433362,0.0020540995838911683,0.96853676572935488,0.24886203829716702,0.19917272616396645,-0.24427268130057209,0.94903165506880904,-12.367637366684784,11.342823485133678,-4.3462049826095832,,0.129629043747669,0.119047619047619,0,3
-0.63857295509662204,0.76631048733325524,-0.070659875617192169,-0.76878915427025318,-0.63934954950811917,0.013978190877030916,-0.034464725381136749,0.063248640671832654,0.99740252263445217,-16.411748006798891,7.5324908808474982,-4.6676122718244324,,0.1744127415822669,0.1785714285714286,0,5
0.91280675482921059,0.37899671376322319,-0.15213585801790064,-0.34994760238124228,0.91791238994894186,0.18701208507965894,0.21052435470934311,-0.1174663157458303,0.97050562117862837,16.104161782559615,24.735091601615434,-0.25039359122190491,,0.1925403279201352,0.2857142857142857,0,3
-0.95451237685327095,-0.20978485672275185,-0.21188779182325498,0.21616596633767865,-0.97633049606124023,-0.0071440505395604648,-0.20537379928125737,-0.052622013935506515,0.97726788866623193,-6.2087893018835629,-13.357449260343467,-0.67104667875012236,0.5005149567949795,0.5654271109790414,0.7888446215139442,1,5
-0.41536642559012299,0.89481686057151377,-0.16362615478408582,-0.90965260198884001,-0.40825533718972606,0.076548829847599642,0.0016959326102168539,0.18063877128967629,0.98354804565894915,-0.3237159085055511,9.8922686087815901,-2.0842339356843289,0.2550837175258899,0.1560297095107422,0.5873015873015873,1,5
0.84961537960374978,0.49136820287884003,-0.19160113762813794,-0.48240876575411923,0.87086398210404414,0.094221586685197367,0.21315602141240331,0.012377959181863542,0.97693976102016067,-21.738184945951339,-5.939228827283527,-4.2797809478931859,,0.1001190032686024,0.3666666666666666,0,1
-0.64865008627737553,-0.66200481885577622,-0.37550324284097164,0.73037779930939606,-0.68017512849210804,-0.062530511406106187,-0.21401246657220263,-0.31481965375826954,0.92470927850822748,11.821198598241693,10.071873739661816,0.16313300924151361,,0.4802508833815977,0.4444444444444444,0,5
0.37070534816360834,-0.90280494557276847,-0.21799260329710518,0.92864790512427831,0.35682034959368031,0.10145100504250032,-0.013806272168387606,-0.24004680453027263,0.97066313336997501,-13.1230762676057,4.6208198318368456,-3.8253316377681137,,0.3569394299795174,0.256440281030445,0,1
-0.2961100018306364,-0.92996179921412958,-0.21792181813273867,0.94281553113956429,-0.3211292888562487,0.089302038502489162,-0.15302856288249156,-0.17901684792526601,0.97187202197666978,4.8127171637352912,-9.0000179529120103,0.68854957200958433,,0.07829465767593598,0.2222222222222222,0,5
0.81781136317982495,0.558741954615248,-0.13781147414743036,-0.54689313471754097,0.82910995703103996,0.11612311721103623,0.17914372289527028,-0.019598655686514577,0.98362768324326011,-11.074429239137148,9.8666545321321859,-3.988981994532427,,0.1578163723484154,0.1805555555555556,0,5
-0.5381577164336927,0.83922589374723078,-0.078013918675027924,-0.84239884852281033,-0.53857276289217493,0.017422946884248103,-0.027394383554211581,0.075095128569368202,0.99680001475463154,-17.91100095922106,-5.9943569058666037,-3.6011481314087717,,0.4417997294986949,0.3181818181818182,0,2
-0.9264560490770698,0.33247587138509155,-0.17646241547488806,-0.34093112808478543,-0.93989480956735993,0.019071257199610371,-0.15951537553271647,0.077830211968503288,0.98412260571211141,-1.6158834877620434,13.565447730443047,-2.5898445645124344,0.5226314348236676,0.3041011429938595,0.148936170212766,1,5
-0.60709773308796988,0.79417572878041387,-0.026781603677612942,-0.79354047629430891,-0.60768508598487414,-0.031817428465476555,-0.041543410573131635,0.0019359978441788103,0.99913482421057564,-9.2786384454892676,19.665441293808474,-4.5614542028439686,0.4506566396453466,0.1669341140872328,0.1428571428571428,1,4
-0.44167325585915634,-0.84474725100986825,-0.30220327094530686,0.88243643318948628,-0.46983714109395397,0.0236432279622978,-0.16195887267633527,-0.25623259503804419,0.95295025095829633,8.5367539501217866,2.3133474545974244,0.16863840978142614,0.2890907508126317,0.3277558944355104,0.7633587786259542,1,9
0.9282665253189526,0.35620212651579758,-0.10696402684034982,-0.30986212516271949,0.8997682066615651,0.30725012232816956,0.20568597755297391,-0.25206590278467994,0.9455982546998607,-2.6843298932482238,-6.6502495611141228,-0.89154933287127447,,0.2684194517982658,0.2108108108108108,0,5
0.88157237459317861,-0.42501768549811408,-0.20540232561480715,0.45345767052795832,0.88339237098916312,0.11829649156886911,0.13117274638240459,-0.19742817907272545,0.9715018397895735,6.3039588341292045,1.6002239118153143,-0.22512082037544309,0.8883594980582752,0.645331599521057,0.9964093357271095,1,5
-0.22456582377161724,-0.9285776232414179,-0.29548906647978318,0.96386251949702184,-0.25626249661388073,0.072791320485847924,-0.14331515726756722,-0.26846439325269866,0.95256896613989694,-12.091976555940404,-2.9871790107827749,-2.8674699916207156,0.1140804687542081,0.08482856123424939,0.6129032258064516,1,4
0.49086131111724834,-0.79171679356593971,-0.36364775818630318,0.87110270673498336,0.45333756272461267,0.18885213406762047,0.015337782344346533,-0.40947475258991978,0.91219251226053277,-14.524698223550203,-1.0088668612515006,-3.5448127226509847,,0.09938999560930335,0.631578947368421,0,1
-0.90313160050231422,0.38865922209372689,-0.18247553604696803,-0.40562542146211039,-0.91166879511756405,0.065787730410578046,-0.14078824396168385,0.13343169447469597,0.98100695882944566,3.9695794889974594,-11.708335873985897,0.89256782886938446,0.466489412969659,0.4648255304317083,0.875,1,5
-0.11593750598119129,-0.9675549857481075,-0.22449018744889815,0.98652803320432803,-0.13843529918530884,0.087167124774624044,-0.11541635243266912,-0.21135992404771115,0.97056996043442656,-3.3773232145912084,26.096924558450642,-4.0968551952207228,,0.09232636680941599,0.2727272727272727,0,1
-0.86683528814903643,0.49138339785878427,-0.084492245373964311,-0.48433968034910946,-0.87010513678345269,-0.091280474266805162,-0.1183708463216382,-0.038202189097042316,0.9922343148114231,-3.8972659993890075,-9.5572326989016965,-0.74506799145724179,0.6568984267720782,0.6176194998924471,0.7714285714285715,1,5
-0.63577107027159663,0.76774443612817056,-0.07977234483168455,-0.77126363543991194,-0.63598510817417631,0.02598743597762819,-0.030782313976025499,0.0780475686675626,0.99647429779767149,-4.1575829691880299,-18.844040521898052,0.39491819711922743,,0.2100570772591452,0.3783783783783784,0,5
-0.13162614168000228,0.98706554958004422,0.091521361761507478,-0.98905136242134661,-0.13698098065941838,0.054896388133113497,0.066723019407947795,-0.083293527778746324,0.99428880457906055,-19.428073423469609,-1.7332516193380723,-4.2847861317563289,,0.3215810232926116,0.1578947368421053,0,1
-0.08936876422858693,0.9950430512586288,0.043618231534220703,-0.98968703133683389,-0.093639619162257562,0.10840295995419995,0.1119500066276897,-0.033480559509437763,0.99314966049986386,-16.632057555041886,-21.301150503743987,-1.6117079070840141,,0.4819404871984733,0.2631578947368421,0,2
0.97426591745351232,0.061173213466594115,-0.2169418356210607,-0.012705897244023372,0.97584220131193589,0.21810675898260998,0.22504328975485838,-0.20973754097167369,0.95150705811542202,1.6483684950143247,11.576831043888449,-1.8410986593822685,,0.7451036562322904,0.7107438016528925,0,4
0.85495341915974143,-0.47382721734128158,-0.21105075023246817,0.5038237649599715,0.85533964431768517,0.12064703361482852,0.12335422541862551,-0.20947997748022637,0.97000096603367192,9.6606429896459396,-7.4589199535883797,1.3773939085307232,,0.08362540439084283,0.25,0,5
-0.050497008480176311,0.98765920593562551,-0.14825432562041485,-0.99533541605981535,-0.037549878668937199,0.08886740768686556,0.082203781370375401,0.15205031911363784,0.98494834320681701,-8.497658762947145,-2.9047787899189093,-2.3177210260740511,,0.08598076475765733,0.3846153846153846,0,5
0.050062289465228671,-0.94556159168635023,-0.32156965575295771,0.99579066630715996,0.022504952699256044,0.088850863808671313,-0.076777054313397985,-0.32466413942962702,0.94270805687624071,-15.796635866746298,0.16092937643328864,-3.8556338976603164,,0.5877698287895281,0.3660130718954248,0,2
0.98109142926029846,0.0065280811308177627,-0.1934347217764589,0.0316287409258042,0.98058784460592852,0.19351253643769367,0.19094300243642073,-0.19597158765456496,0.96183985499287561,-5.5596100580354131,14.142158659769194,-3.3419171670801417,,0.5198254006565065,0.3207547169811321,0,1
-0.490226809826667,-0.84152436747609161,-0.22696786968893493,0.85345106030264151,-0.51631749979110175,0.070975538587341583,-0.176915128226691,-0.15891185718325126,0.97131254447325244,2.8637247134998995,-7.3670812088283633,0.15806821350320599,,0.1208463984909008,0.1,0,1
0.96593622789926215,-0.14590879990388519,-0.21372371357047024,0.19264681350500054,0.95687839386952667,0.21741882299388143,0.1727842842335898,-0.25118591014681368,0.9523923716964573,-3.6908772394093887,-5.0036131819628595,-1.2242145011757319,,0.134485523567782,0.1578947368421053,0,5
0.91696295266091132,0.35412939069049432,-0.18376974205936286,-0.334981461126868,0.93355585892404291,0.1275181515310794,0.21671724469615736,-0.055369964039847001,0.97466291759435175,-4.8609682331307393,23.727154308604334,-4.1358711054957702,0.6948009143804339,0.6466099954635297,0.9597701149425287,1,5
0.61104461531967091,0.78485145265886169,-0.10311486482613404,-0.76872252665222518,0.61941989636975103,0.15932566961637903,0.1889183821290456,-0.018088373076740848,0.98182618403319355,-6.7908465916928646,11.198597564351189,-3.3628866591269269,0.6873257199262534,0.3966832430051958,0.7608695652173914,1,5
-0.9640204353253552,0.18265672670370059,-0.19313497991043133,-0.19717573305620156,-0.97861093216240158,0.058671745721304132,-0.17828721369986861,0.094642293094184232,0.97941641082279818,-14.277287006308093,9.8732024068228057,-4.5332432474900211,,0.08175093067921568,0.2162162162162162,0,4
-0.93702666890973585,0.31091310602418232,-0.15910393538288239,-0.31253460523382581,-0.94978192137946194,-0.015376031740169762,-0.15589465123365034,0.035317733833495596,0.98714209483417603,-0.49089975223305904,-7.7688578875034082,-0.35109233213473229,,0.08907041192808496,0.1636363636363636,0,1
-0.68995286065976191,0.70518089348576796,-0.16335531068816592,-0.72030122136378105,-0.69118736690444482,0.058533531702328626,-0.071632398879685213,0.15805040744748622,0.98482935990781018,-5.7100593033583236,-10.826893867138288,-0.92972956479930613,,0.09023707324985868,0.2857142857142857,0,5
0.95223286298378063,0.28409930412652118,-0.11198285604743703,-0.22301054133781856,0.89747326801607852,0.38053650501463765,0.20861177604806413,-0.33738600829223586,0.9179606790613124,29.643102085864342,28.683038122944083,1.9972894077432291,,0.4516688191778273,0.3333333333333333,0,2
0.67799170929521158,-0.64197443243390573,-0.35804478801976908,0.73185290177990836,0.63505253727157396,0.24718334300932096,0.068691864753292878,-0.42962437431563438,0.90039120648227922,0.6504431337960771,-10.691083493263971,0.1905737858416503,,0.5425637656320226,0.3214285714285715,0,5
0.53774197695736947,0.84165771338646311,-0.049455633804981289,-0.81762437737152271,0.53490277386826313,0.21300093904926809,0.20572783901507369,-0.074103414260817582,0.97579953896744576,1.9969579798014419,10.146329402918557,-1.6787718031822361,0.5211955076307466,0.4700315269192076,0.3699421965317919,1,4
-0.066952846780165484,-0.87093907262783055,-0.48680843057429263,0.99271099214529479,-0.10715059425509488,0.055169160086812802,-0.10021078974809058,-0.4795663477778172,0.87176482820604184,-1.5972497915826063,-18.317086223120164,0.73857095875188461,,0.4526946702377954,0.2352941176470588,0,3
0.98501062498756253,-0.012419175794677073,-0.17204601923378618,0.04570319437721581,0.98054841277029514,0.19088223656844905,0.166328851031112,-0.19588408380017971,0.96641820089877961,16.861846028695105,10.976700137604922,1.0447294273541194,0.1504528155770463,0.2034492891019553,0.1515151515151515,1,5
-0.39603768200388367,-0.86808194700347918,-0.29931235811379492,0.9052454060813413,-0.42374346155591308,0.031180659987262653,-0.15389902274419884,-0.25860242086117913,0.95364557290595098,-16.346025148349991,13.064072657127809,-5.2310493289828699,,0.5042768153123506,0.6041666666666666,0,3
-0.6351989552657249,0.75980621997289111,-0.13862465624786688,-0.77053957194122658,-0.63569739533204828,0.046449861578710401,-0.052830439161185586,0.13632068683276546,0.9892550808762518,-2.5724042681462045,-7.8946819131779495,-0.71216127984563316,,0.08237225354487132,0.2682926829268293,0,5
-0.090804167508250599,-0.86337808878845912,-0.49631933164357062,0.98969188893279891,-0.13365738596723672,0.051436058918165849,-0.11074551071606226,-0.48653260833822032,0.86661493922032395,-15.538950283236307,20.579314509858808,-5.8293237103573201,,0.5698845649820634,0.2941176470588235,0,1
-0.91482259464555427,0.3682872052201514,-0.16572312692290572,-0.37674061766973588,-0.92606504803685208,0.021680262967221833,-0.14548583203804202,0.082268227619367376,0.98593397923013382,-5.8682319026095913,20.063672811907551,-3.9288997485888593,,0.1797172612986578,0.15,0,1
0.65580947436272929,0.74652933844726266,-0.11228481719971294,-0.73125928673268092,0.66513432011391982,0.15118264375848198,0.18754676457697461,-0.017037694799646314,0.98210790041248652,-9.1087467984769201,15.070555022493767,-4.1182064063708115,,0.1023260479516317,0.2325581395348837,0,3
-0.75050290509368489,0.64303905663766459,-0.15246691800020357,-0.65524820318834576,-0.75406856367793085,0.045059887828819867,-0.085995242103171068,0.13372125078402314,0.98728083412186851,-11.803658440962698,8.1083882142568733,-3.9620333583459799,,0.1001383666294903,0.3333333333333333,0,5
0.32661142795457865,0.94293770844184377,-0.064756877070457866,-0.93911817125942676,0.33149514207167202,0.090377160794276656,0.10668662305942438,0.031296146429380653,0.993800038075492,6.7123425862766171,6.0782796987423655,-0.44021987102900123,,0.2317073914391427,0.5384615384615384,0,6
0.4038011428680231,-0.87542344368021652,-0.26566601452490968,0.91479487565385753,0.3832848685329327,0.12744820528801648,-0.0097453833132504324,-0.29449363967455011,0.95560374826353345,-9.2556938729669866,8.4583226770057269,-3.5183563971435752,0.1028872921463217,0.1891519527302313,0.3645224171539961,1,5
0.64795240191915005,0.75330044123016171,-0.11267710543694208,-0.73122087721788986,0.65661266570434429,0.18486707645585493,0.21324566482792551,-0.037393214345368887,0.97628276331860819,16.099830386070309,26.772385966744171,-0.41604969380051976,0.5195574517256411,0.4755122481036056,0.5,1,4
0.5920461903746409,-0.74287589973486734,-0.31243672328326816,0.80483220114214182,0.56500568890134351,0.18169672400407458,0.041550408753336612,-0.35903198896787591,0.93239991121310239,-10.174370292088117,-12.368753800456217,-1.4975954585408688,,0.2901012097763691,0.1052631578947368,0,1
0.9398035660671844,-0.2420841470145976,-0.24117322192071516,0.29143705226360528,0.93633740962611023,0.19579759932789545,0.17842001506362587,-0.25429809495723932,0.95052552681441171,-12.021978289355145,13.669358923460734,-4.5311138580718593,,0.1738570656054918,0.3333333333333333,0,5
-0.82683285326553435,0.54115141129469235,-0.15330552114825699,-0.55132131686936103,-0.83373592671571961,0.030482947182224673,-0.11132043085709593,0.10972490399742212,0.98770856385704564,5.8352369422016563,-4.2242549260404418,0.32900181875771811,,0.08408079078991547,0.3513513513513514,0,5
0.53935666133966553,0.8395931061298807,-0.064635965280254587,-0.8167932957569648,0.54028666163240557,0.20233396963581751,0.20480015594478168,-0.056335951232683715,0.97718123023505921,8.8894926286508973,30.001095985005925,-2.0978915824121138,,0.5344016991368885,0.2040816326530612,0,5
0.77277420319353041,-0.53567255742402531,-0.34040408649340409,0.63036632145828497,0.7102225023740828,0.31340436801781629,0.073880522803744991,-0.45677008258455487,0.88651156789178143,4.8439997737583242,8.9598608128755011,-1.0420634850076822,,0.2111845113082751,0.2083333333333333,0,2
0.49861226234359851,0.85818602536862298,-0.12207603246585319,-0.84675128007444067,0.51234362413547807,0.14323505332152556,0.18546719799709832,0.031949282773318384,0.98213092905038657,-6.6474473266736043,15.626705175173191,-3.7161364139105513,,0.1053911213159001,0.2727272727272727,0,4
0.30029656453874709,-0.92317385558715304,-0.23994167142573841,0.95308767345369283,0.28038119224234526,0.11406258697482191,-0.038024466292821704,-0.26293805239468832,0.96406313100648922,-1.52513705962283,15.155972584581765,-2.7201354285158934,0.4184083593572736,0.4824840941242352,0.88,1,5
0.4386043361122382,-0.82761028312611662,-0.35026769135541469,0.89861803934392415,0.40847727775900983,0.16009975927611789,0.010576185948861748,-0.38497731468035623,0.92286543519208564,-24.45713001384226,10.210975268641983,-6.4210820029298423,0.3426120490137003,0.2999321396785314,0.6842105263157895,1,5
-0.87238082192379596,-0.39194967458518309,-0.29210812061997243,0.44053779971842888,-0.8893611246984674,-0.12232431031615681,-0.2118446330658596,-0.23539805111267836,0.94853023619363064,-4.9885087642537327,-9.105809519371963,-0.97140426023269655,,0.1808206256772976,0.3333333333333333,0,5
-0.51028385934753906,-0.81827900725351244,-0.26463153473761952,0.84705489412323831,-0.53141413786125669,0.0098498945703789816,-0.14868890083409467,-0.21913119442330492,0.96429929503207934,13.608882348583814,-21.189070533280074,3.8629183196227896,,0.3888081087245174,0.1333333333333333,1,5
-0.71389482108889313,0.69792074348231603,-0.057103592177285174,-0.6953164634056932,-0.71616710228162062,-0.060329904082034889,-0.083001205650628254,-0.0033641383204833304,0.99654376844868386,2.0362776644147003,-20.792181346987707,1.723176500317952,,0.5524946378182767,0.825,0,5
-0.67267971378396041,0.72970244233867843,-0.12262278869972304,-0.73650634177361796,-0.67623778814028623,0.016151235815766749,-0.071136567184341429,0.10117707020911948,0.99232191816624049,-10.167363789902399,-6.7712844775931975,-2.1353740522504703,,0.08010781724673119,0.2040816326530612,0,5
-0.90794674836685196,0.39194331975040431,-0.14836824536636625,-0.39445346124850522,-0.91881879919326814,-0.013359684057493151,-0.14155977196624711,0.046394486224921302,0.98884194015463911,10.931283857650797,-6.944490163261964,1.5330470829791363,0.4993914312822572,0.4665889798492062,0.9,1,5
-0.36216559563737932,0.9250609303329359,-0.11444805157007137,-0.9317950188343006,-0.3560915877896349,0.070404715616519772,0.024374663325026868,0.13214029013522077,0.99093128899574656,5.4920843507811341,19.103926001405256,-1.7692497236050646,0.4065014498860338,0.3786958834583301,0.7093023255813954,1,5
0.84681785803228893,0.51986232227820905,-0.11243967801943178,-0.49682964693486187,0.84860631210582071,0.1817350516018823,0.18989422646354062,-0.098033121595029638,0.97689799356235107,-13.936945337015729,1.8831257809340067,-3.6925743893119809,,0.3809874102703336,0.2131147540983606,0,3
-0.33930818812849012,0.94060873829556124,-0.011187265572653735,-0.94043490357662429,-0.33892866415957745,0.026637431291876592,0.021263715662748754,0.019559193568148447,0.99958255904311244,-7.2056368391477177,-1.582504312164104,-2.1820853851946644,,0.09896773684250143,0.2533333333333334,0,4
-0.90817047697965136,-0.31473962280037404,-0.27598071414870762,0.36205168444867286,-0.92151270049870637,-0.14047391433095227,-0.21010702637092118,-0.2274935442140269,0.95084263935233215,0.63031866297076733,-16.027923467099104,0.85199257826927532,,0.354813280166636,0.4838709677419355,0,4
0.96677176709482138,0.17259307329942933,-0.1885841493800971,-0.15231416759736496,0.98134676903079898,0.11729839411489869,0.20531133601795787,-0.084676738020958778,0.97502672032137228,-15.067235930411819,-11.925178790554646,-2.4246734489403656,0.282854076695378,0.2592077577000366,0.7159090909090909,1,4
-0.86620144358689077,0.48942059500613344,-0.10080942570925497,-0.48421133626516655,-0.87193439542919182,-0.072593332337292329,-0.12342787756535879,-0.014067382534543087,0.99225383233744091,-14.977964786459378,7.4533411771768732,-4.4249819403169619,,0.08068477010008283,0.2826086956521739,0,5
0.39269458143114983,-0.82600950439417098,-0.40435042273393279,0.91960320027105458,0.35793426786942545,0.16190433575421406,0.010996352388357063,-0.43542089813796769,0.90015983119603649,-15.733481800739401,18.065082044517247,-5.6492919006046414,,0.3409660332821998,0.3636363636363636,0,3
-0.79981342652396337,0.59763113012856528,-0.055995669950907018,-0.59520440272699926,-0.80170219924237052,-0.054820641225206239,-0.077654373517484651,-0.010517415614145258,0.99692486288707161,-1.0494225407469151,-9.3564633861944397,-0.2973287369655524,0.2539660494382607,0.1732131714655968,0.3846153846153846,1,5
0.81343425685598969,-0.54069885338771195,-0.21440489667532778,0.57192905780601511,0.81064180560704635,0.12552695264074593,0.10593329320977495,-0.22473231398123839,0.96864520049519187,-8.4159960715117741,1.4043804149895842,-2.7275830857548926,0.6075717613945224,0.5380453627395856,0.9909433962264151,1,5
-0.58377277806077821,0.80004654310445045,-0.13832885621524998,-0.81010496904027551,-0.58533046811387635,0.033439231956549138,-0.054215152231224362,0.13158180711712536,0.98982167348686401,-18.518156706419951,8.1498459091681799,-5.1345672681242052,0.5437575900778854,0.526836464566361,0.5542168674698795,1,5
-0.024754366879761559,-0.94713781837871591,-0.31987055869083958,0.9949616384719564,-0.054437170420198078,0.084189859519086058,-0.097152247990374918,-0.31617486850388665,0.94371335332131856,-5.7955439742289618,-5.5780822372690944,-1.546496226874263,,0.07285755086071247,0.2765957446808511,0,5
0.61131503410520538,0.77547538832838947,-0.15789823043303888,-0.76944449893109523,0.62907224716802779,0.11055890243505338,0.18506510244135038,0.053907605584937457,0.98124659383789536,4.3528847783058726,-3.0691308247153288,-0.07684345505470376,,0.09575728313456938,0.3090909090909091,0,5
-0.24760845451318955,-0.92240516317063481,-0.29640979776273302,0.96247185636028088,-0.26925630400133743,0.033896437422451131,-0.11107645550693662,-0.27689304381239693,0.95445914701485346,-20.412428007474002,21.151685087277773,-6.8338090160095817,0.5685441440928094,0.4704625456510655,0.9508196721311475,1,5
0.23291508553792897,-0.9250731602487291,-0.29998368475016529,0.97136428421976184,0.20641457205324767,0.11766244849697217,-0.046925369163035725,-0.31879879647122572,0.94666009586197797,-16.629844468575069,-3.1040491935519845,-3.6820909764798597,,0.07093385050143763,0.2790697674418605,0,2
-0.37715930246278356,0.92011173561710002,-0.10557108763991779,-0.9260064158555088,-0.37663944485369305,0.02558996629027762,-0.016216607543568747,0.10741099831949533,0.99408244078637065,8.8668381247632606,12.575922190610388,-0.61090560415039419,,0.7058489991508085,0.3272727272727273,0,2
0.8317623630647597,0.54565307216186998,-0.10214742399708644,-0.50084213979210368,0.81696944342796296,0.28586374291517291,0.2394337536718549,-0.18661096791270915,0.95281048706302973,-7.1884299704080066,0.31324736133547282,-2.3975961452069834,0.7538780450719914,0.381567484843701,0.2094594594594595,1,5
-0.94950204200639765,0.26353813120233716,-0.17027485318760754,-0.27224168019166511,-0.96177543688351175,0.029537714433411934,-0.15598185725301736,0.074402032296909906,0.98495380490558493,10.927867358711211,-9.2240306089479667,1.7800524733538403,0.2030309135497518,0.1512116776260083,0.5,1,5
-0.57799082374013333,-0.70727600036636495,-0.40704700831471735,0.7756089531206446,-0.63119709670566504,-0.0045800599820113534,-0.25368752336546097,-0.31835653663164998,0.91339572807879998,3.1017881404484346,-17.116768684514778,1.4245980480707638,,0.4083690597560273,0.1428571428571428,0,2
-0.91252964443144857,-0.35719372036079461,-0.19925434541969342,0.34911494630884288,-0.93403011226597144,0.075541403509549118,-0.21309247358269048,-0.00062890001857849448,0.97703183273994654,-17.11119670284112,16.968033288969359,-5.7910719163312834,,0.2219673984447217,0.5384615384615384,0,1
0.88646743636488146,-0.40783542526441391,-0.21873671425727767,0.44186237493517555,0.88640126434792477,0.13802333200965469,0.13759769577039269,-0.21900471333237509,0.96597298598712533,-4.1216684001402788,9.7858586598323161,-2.7277714054571596,,0.07723315921567191,0.2560975609756098,0,5
-0.2260180673720992,0.96438356285082427,-0.13740515610606333,-0.9732158316860422,-0.21746339147571636,0.074569553596121829,0.042033060524148728,0.1505789396663085,0.9877040066497369,-10.611078755401612,14.557620834439106,-4.3314494904603134,,0.07599157279320945,0.3260869565217391,0,5
0.9117771263670289,0.38378414392124527,-0.14619234832412423,-0.3501665184484905,0.91248887396871559,0.21153596441496864,0.21458304031667583,-0.1416819881210904,0.96637484086171721,-17.823362846748481,-21.063252119334269,-1.8263125996055347,,0.2560490304360435,0.6578947368421053,0,4
-0.7872951062534127,-0.52619639689249476,-0.32137792016064964,0.57923885202643155,-0.80983040949643725,-0.09304332409117605,-0.2113025507951346,-0.25940713126702997,0.94236891516819488,-13.025507898938303,10.108092735443163,-4.3575392583945005,,0.2815373619494855,0.1692307692307692,0,3
-0.02453029669751482,-0.96632003212833339,-0.25617154418754284,0.99517571018281525,-0.047952985714898248,0.085590986810281697,-0.09499247552339575,-0.25283612611437684,0.96283452520431234,-4.5833023380424294,15.438303268041805,-3.3069576070393936,,0.1969213001296717,0.2258064516129032,0,5
0.94013491493862889,-0.2097332661780725,-0.26862296769192173,0.29003637757692408,0.90627350745191071,0.30748533196376682,0.17895597613768952,-0.36698812889395999,0.9128496436190997,19.074846936368594,-3.6966847809184262,2.7105275777107396,,0.2873616792175216,0.2777777777777778,0,4
0.97964365944312548,0.10648509150680296,-0.17017410437452307,-0.05554058302270156,0.95839820457975278,0.27997879401091513,0.19290812359872683,-0.26482788135899854,0.944802968403743,-19.65335709004054,-7.6122783234131912,-3.6968194725110455,0.5402516869170638,0.2600888576744224,0.8089887640449438,1,4
0.74121431284863104,-0.63144437499183337,-0.22777037498214309,0.66592325678775233,0.73442355753011646,0.13102768491430508,0.084543234487013827,-0.24879718534577977,0.96485874720940001,-14.033653736913605,7.5545904558455632,-4.2896046010433295,0.6098191166860569,0.5202218580656341,0.9727463312368972,1,5
-0.94978632876323288,-0.2283028775127732,-0.21397132007315095,0.23240149545878344,-0.97260050048900315,0.006149094003205369,-0.2095124688484678,-0.043886929351765878,0.97682058886424561,1.6783642437821611,32.294215511177747,-3.7199177109079926,,0.287005396830577,0.4285714285714285,0,1
-0.90529142382057959,-0.3634516373998995,-0.21988711928678273,0.36954642638694946,-0.92910276388019919,0.014265093578725029,-0.20948240188985531,-0.068344432264133628,0.97542101775435941,5.7513730179088789,9.0520663631111073,-0.8822406716320198,,0.09926430406004066,0.4545454545454545,0,5
0.81204787363972331,0.55472953207071363,-0.18125506107640824,-0.54335487336796717,0.83199670087710853,0.11201326402211886,0.2129406783695536,0.0075256878898683887,0.9770361464742745,-11.682099268999512,1.9549947161910626,-3.3370024827492912,,0.09101153524806886,0.5707547169811321,0,2
-0.95333511434278995,0.24858735254958486,-0.17133735119175694,-0.25303577989267012,-0.96744747010181564,0.0042762936878355182,-0.16469685441782803,0.047431221215406584,0.98520313915399571,-1.123083055784291,-5.7199810182664583,-0.69567826119284748,,0.1154938741412916,0.1428571428571428,0,1
-0.403351341644554,-0.88535160092348331,-0.23121470095079297,0.90003033729856052,-0.42944537122383286,0.074310598683263049,-0.16508509059203011,-0.17812696560782371,0.97006066665315904,-14.867412323341457,-7.0558661731172458,-2.9155201909702879,,0.0760697578346073,0.1162790697674419,1,3
0.8174479223959551,0.56314369993500468,-0.1210292005841974,-0.53565251104107003,0.82047255639201422,0.19975277625842802,0.21179065509585865,-0.098457896743057355,0.97234292355269403,-17.692367819799319,0.31419161789400818,-4.2079886214510998,,0.2376210146156494,0.2,0,1
-0.42829550507054293,0.89764520368249667,-0.10390403573575557,-0.90363716975758057,-0.42566793004049241,0.047399143109888901,-0.0016810023432404046,0.11419238871680945,0.99345723239114359,-0.2781475888968184,-3.218896301778237,-0.79067949983741048,,0.07539052385277263,0.3773584905660378,0,5
0.33595460755499396,0.93953442661614317,0.0664045394957746,-0.92839000810294581,0.31843079207731523,0.19155631942493251,0.15882850662643383,-0.12600353907763673,0.97923266572491763,4.4256741877560346,16.929799399493714,-1.7970990484133524,,0.3952773039575883,0.4090909090909091,0,3
-0.2769480011508319,-0.89513653725284781,-0.34932847627060432,0.94796339919090811,-0.31394858116784385,0.052930918914365715,-0.15705157895729752,-0.31649149760725187,0.93550410661276129,3.2005337847206015,-25.965808763000538,2.5557471976433379,,0.3815912186065442,0.2941176470588235,0,4
-0.97490567382208093,0.11666066271876843,-0.18960278722511478,-0.13221993153664141,-0.9886342155946064,0.071556114065000148,-0.17910001913444965,0.094829729144689706,0.97924997095551902,1.7187046141257054,-3.49324533012991,-0.42189736674414613,0.2543600873236067,0.2193201737901951,0.8021978021978022,1,5
-0.98121060239988878,0.026778387308771603,-0.19107242530304844,-0.039011931528273133,-0.99740230004599173,0.060553456230004271,-0.1889545525688146,0.0668697976377014,0.97970638827528944,-11.233435789000412,11.396372514990651,-4.1440911924061643,,0.07389266442667955,0.2972972972972973,0,4
0.02720325413778376,-0.94420109104891115,-0.32824424233543276,0.99578068975728673,-0.0031927788599729937,0.091709454636121485,-0.087640178404762903,-0.32935407364293895,0.94013035973953318,17.320477516673257,3.4355816961969885,1.8048552232705715,0.2751655942219506,0.28765808751047,0.3636363636363636,1,4
-0.48333417358669151,0.85826355273574473,-0.17254492368275803,-0.87533377536958834,-0.47680886811794176,0.080275058276599892,-0.013373793048128909,0.18983407841982991,0.9817250961088857,-18.310829930326342,10.338342185792737,-5.3113720832119267,0.265932363098545,0.2045424963767755,0.8909090909090909,1,2
-0.94555926790864786,0.28582709432408809,-0.15562950562894365,-0.27438262128027513,-0.95729661248710174,-0.091089916346889288,-0.1750195646532858,-0.04342888291180174,0.98360667144830105,1.191380943887475,-7.3542967235818475,-0.15283266291752567,0.3888453791878401,0.4832200059643929,0.7244582043343654,1,5
