axis_00,axis_01,axis_02,axis_10,axis_11,axis_12,axis_20,axis_21,axis_22,location_x,location_y,location_z,dbh,dbh_approximation,score,reconstructed,number_clusters
-0.69801420095746869,-0.65053702918867418,-0.29929542080706872,0.7126900859229135,-0.67176020063964947,-0.20201750979498734,-0.06963488126575984,-0.35431596985029007,0.93252945091302708,2.4873687440596455,-5.1650656011830138,-0.63257803088212017,,0.1196929259953311,0.2298850574712644,0,5
-0.70351619488181538,0.70964928893373691,-0.038247225453015954,-0.69976963256804936,-0.70110633185012428,-0.1370123088457425,-0.12404605948835939,-0.069626131269124564,0.98983068096008509,7.5959280983441699,21.149903755768889,0.66549823452112977,,0.1112056240951297,0.2352941176470588,0,1
-0.75116326383940257,-0.64387775702185235,-0.14551695801741998,0.65571664890814418,-0.75321047883021952,-0.05205430745888328,-0.076088286896266233,-0.13451917555820436,0.98798540677700886,-8.9576583687750073,-1.1089607791246767,-1.9494467338239658,,0.08655562526026295,0.5811965811965812,0,5
0.93554942659689788,-0.32482322487549248,-0.13869802801662984,0.34126575649424723,0.93253474161078964,0.11796880576367687,0.091021721795545782,-0.15769853604388409,0.98328338635969603,-6.4449608126664071,6.2503822559580229,-1.4314349184384763,,0.4357622645061874,0.3627450980392157,0,2
-0.88909239899477777,-0.43203779412310994,-0.1511887909170187,0.44537501631092913,-0.89276235682346183,-0.067944603060573802,-0.10562102487550652,-0.1277447403545702,0.9861670651649207,3.3563423664419516,-4.3481501003092768,-0.44949429784721784,0.2166794080274473,0.1876312734415311,0.7111984282907662,1,5
0.26156173444203512,0.96419260136845475,-0.043795964905518271,-0.96475165040205157,0.26253684836850721,0.018128880143254537,0.028977786702774063,0.037510408089787652,0.99887599688987705,1.1069036740227316,15.873312087062786,-0.22634803186360183,,0.1718575822131497,0.5294117647058824,0,5
0.97913897301455644,0.16809194428603835,-0.11415765322631154,-0.1575448726413772,0.98284263030047136,0.095916511448567651,0.12832180106440089,-0.075930641576311686,0.98882154762191454,-24.117805995324034,3.6609241854104755,-3.4162913957764509,,0.5297142354746144,0.1153846153846154,0,1
0.50472888870436194,0.85730396824432253,-0.10138370154911189,-0.86253689040426673,0.50567083377328026,-0.018086474581173063,0.035761174463371022,0.096575948887780275,0.99468297688129126,-13.750108366798351,4.0997289972720097,-2.2912654351521002,,0.07155777171017114,0.2666666666666667,0,2
-0.039661930029907304,0.99364708453617556,-0.10532047616233702,-0.99852355501702283,-0.043329071223044427,-0.032761282989459101,-0.037116591741023504,0.1038656005600844,0.99389853387447125,-14.76210066392442,-9.4335218210425626,-2.839665788603611,0.1346681136859339,0.1181472976396263,0.559322033898305,1,5
0.72347040355260872,-0.67040503149164943,-0.1647654967950109,0.67876623386630408,0.73431692775781943,-0.0074195263509185642,0.1259641812039439,-0.10646944800739187,0.98630486245106896,17.929583549969927,-19.915504777862886,1.7959874018911619,,0.5295237586930648,0.4545454545454545,0,1
-0.97890008393318251,0.13732622963273317,-0.15131467982474489,-0.11841848356533319,-0.98472970983737163,-0.12761058464599184,-0.16652834120861867,-0.10699955709470377,0.98021395947815504,11.926233233340339,-3.7781700512182526,1.1482010514455798,0.4819279147437082,0.2981914793339237,0.5733333333333334,1,5
-0.96422098199295048,-0.19241056813699073,-0.18236247188978427,0.23739215127756158,-0.93287342477290214,-0.27090983714935341,-0.11799518802206836,-0.30450836872190934,0.94517288840823188,-9.5961759972022804,-2.2454726786433294,-2.0451930874914122,,0.3712973685066979,0.2291666666666667,0,4
0.064296533408071579,0.99791291677931659,0.0059804946870722223,-0.99747248992349513,0.064447461902258821,-0.029919166101013871,-0.030242150014969341,-0.0040416802637327186,0.9995344302139465,-1.672482731974744,9.0954886435616977,-0.76897231854277903,0.590033020416756,0.643755657764509,0.1538461538461539,1,1
0.14892258634480141,0.98732832322750508,0.054816470418469827,-0.98867868961090122,0.14969637761625912,-0.010268555781701534,-0.01834426301726921,-0.052666656257390622,0.99844364454535939,-6.3992898960916156,-0.24409887159045304,-1.6853924218083269,,0.07307773857416333,0.3333333333333333,0,5
0.95206373074139417,-0.27025398922503768,-0.14330887591049304,0.28877858413437069,0.94857804277261137,0.12964037224193697,0.10090382526011631,-0.16481043073068219,0.98115031466653513,-0.44849148507188419,-6.2141362321085856,-1.0998031763843354,0.7338818463336459,0.440149783239884,0.3980582524271845,1,4
-0.97628316435268381,-0.16146160398822748,-0.14422667381265125,0.17507160261046517,-0.98068676800416232,-0.087197459945545119,-0.12736214885481251,-0.11037940704271082,0.98569532287618433,-8.5396244118690117,-5.8900579760990066,-2.0570311261933583,,0.07193908547738212,0.2051282051282051,0,5
-0.72564712494102757,-0.65798051338634722,-0.20124088567848375,0.68230703297189876,-0.72587306045770705,-0.086979381803087188,-0.088844599283838047,-0.20042440995448138,0.97567243123524461,-9.8306520665132684,-7.4249729851944011,-2.2370374012412539,,0.1624224409408134,0.3669724770642202,0,4
0.72204251908792627,-0.67233448290186715,-0.16315925879410242,0.67995032159493229,0.73315830472573518,-0.01210208141744476,0.12775821222962561,-0.10220197313538171,0.98652551710289027,-0.77942212062406058,7.7928009613784406,-0.78000825193274403,0.2027500681031748,0.164656017897388,0.4720496894409938,1,5
-0.81575005230006192,-0.49895142446339402,-0.29257362867899911,0.57145234693350844,-0.77342632819608326,-0.27432449769809097,-0.089409548464535013,-0.39097211010387273,0.9160495301916235,4.3227802632129144,-0.32540198988129082,-0.22788913042447295,,0.1289982434287729,0.1483253588516746,0,2
-0.86976874119117065,-0.47233746256030906,-0.14282737240744345,0.48336267536687982,-0.87375598808525967,-0.053953659257954749,-0.099311937393741251,-0.11596462713793221,0.98827594544431852,12.09660749355859,-6.4586836173895543,1.1349318299462514,0.3876846020688259,0.3856487403513828,0.9627906976744186,1,5
-0.9893369898062675,-0.011598927043168146,-0.14518190483844787,0.05793808582455242,-0.94589881279651122,-0.31924694855415142,-0.13362446936119024,-0.32425437675010266,0.93648470374392279,-15.764602085065478,-8.7907316597168013,-2.9384930422311499,,0.2441293261800497,0.1428571428571428,0,1
-0.98824861202158887,-0.07467341410415293,-0.13337376827335226,0.089401406099094596,-0.99011368783694065,-0.10808456756373212,-0.1239841498938834,-0.11873822629618434,0.98515438596756411,16.864323289635806,-1.0253845851989449,2.0040816278138434,0.4896447465625708,0.5049590538949154,0.9084507042253521,1,5
-0.11401870642753952,0.9934718341651072,-0.0036673294383113781,-0.99205828878587654,-0.11405224209866764,-0.05303242143732452,-0.05310448414050959,-0.0024084835240185975,0.99858605686805257,17.824955516731084,-2.2402972510161168,2.1403677455312353,0.2704087250806879,0.1642576416039666,0.4333333333333333,1,5
-0.56225841886594208,0.81796503719833402,-0.1216497773754629,-0.81948536007721118,-0.57084957977222295,-0.050739549593986431,-0.11094690186523924,0.071161472687158889,0.99127535517206355,-11.617351180067164,-12.199924831216123,-2.5823138296615529,0.2257302024347031,0.2247941926573123,0.823076923076923,1,5
0.50127344629966875,-0.85002217913064748,-0.16182467988795743,0.85988488787246808,0.51022265213804563,-0.016456757085553109,0.096555225873109399,-0.13090126138126254,0.98668229340826263,0.40121441470667341,5.989975778815789,-0.72602317122821503,0.1600230292016571,0.1276215720938619,0.5676855895196506,1,5
0.8157982196923943,-0.54280980501607334,-0.19957650243736649,0.56270673263858628,0.82467631240494277,0.057184900117001537,0.13354548959035026,-0.15895438130670456,0.97821219930722414,-1.1973724077858707,6.7044391839072182,-0.86655090020286374,,0.07378313346318233,0.2608695652173913,0,5
0.10710430252799813,0.98925222983968153,0.099542423806172314,-0.99420635282185976,0.10747577611903969,0.0016387666900442154,-0.0090772456530254907,-0.099141229086725888,0.99503196948968764,1.6258392895421108,12.858534590990635,-0.25816676882366413,,0.3030949616054422,0.1764705882352941,0,4
0.81167613161699337,0.57788712024746869,-0.085019607240682207,-0.57730659455664457,0.81582887799272308,0.03376888678271045,0.088876055519371153,0.021672980533859042,0.99580687317877847,-23.319175746215858,0.75741040798446935,-3.4576422730473864,,0.2414213675819863,0.2105263157894737,0,1
0.92593799517065389,0.35420324124043684,-0.13106827607822819,-0.35083814492603643,0.93516805857188678,0.048716509437205596,0.13982641082501929,0.0008752837579407872,0.99017564538526992,8.3338472179131653,-2.400731736869592,0.53572412650761714,0.6377933311588138,0.5519267618053239,0.8064516129032258,1,5
0.74260630360686231,0.66421012665287227,-0.085795020223376928,-0.66379305584532522,0.74697789224929878,0.03745407190575422,0.088964357216130788,0.029136508757429028,0.99560856113361662,13.873210783031787,-13.984199940161227,1.2924043976004385,,0.3125323086420927,0.25,0,3
0.20722075824343908,0.97536377829214105,0.075664108721988158,-0.97829419299159459,0.206613571486852,0.015852571916619294,-0.00017120729617776877,-0.077306740153276321,0.99700734130443347,2.0262220797776558,18.844072400643814,0.064135490555069563,,0.5055284708105962,0.4,0,3
-0.5165696695333446,0.85190633229567081,-0.086089357720619944,-0.8497529777916607,-0.52241291162646974,-0.070743384850875321,-0.1052409295493721,0.036610801145181414,0.99377260778665644,-22.943342795255127,-4.5337763857455462,-3.6035150959343984,,0.1065129876170083,0.2666666666666667,0,2
0.6836929702335427,-0.69746980630474031,-0.21470862056858808,0.72216885985918511,0.6889796206552915,0.06147536231187907,0.10505265490658663,-0.19708615277314723,0.97474149808149591,-19.820369802376458,-0.4066515616404488,-3.1109768301660736,0.1869528133535235,0.1616854782212707,0.2285714285714286,1,5
0.98634873468857087,0.087379068035144378,-0.13957461104214364,-0.066612894945301204,0.98687863653025887,0.14708255840576082,0.1505951387172319,-0.13577722647589843,0.97922706711224605,-20.978700728491326,-22.998527977847587,-3.6618492235610103,,0.2749995907926459,0.3076923076923077,0,3
0.88691220507253743,0.45023443457907619,-0.10332325204245436,-0.44955842499000437,0.89271045190105847,0.031068820175772179,0.10622599970758416,0.018894522641954771,0.99416247867250407,8.9801756686848542,-14.370061832517317,0.48499154802586825,0.6176311175852021,0.5377485676895278,0.8898678414096917,1,5
0.40228056854644978,0.91310075104451849,-0.066463242562210464,-0.91496290839732164,0.40350059881472222,0.0054902653193048545,0.031831123559510954,0.058602774662115907,0.99777376913548999,7.9040014072266604,10.235920433476318,0.57566987021096749,0.3050931172502707,0.1918033994734572,0.1111111111111111,1,5
-0.40796112759580683,0.90644628068222022,-0.10919184313916096,-0.90805627211336204,-0.41526830727593639,-0.054644667148420083,-0.094876367164542244,0.076859437999166488,0.99251755739841252,21.951325037608708,-15.52271976043232,2.5744000691510416,0.613066885745532,0.5276069194191586,0.9642857142857143,1,5
0.96944708158460313,-0.19512031773215474,-0.14866209205846292,0.20251369654209056,0.97861063364959933,0.036186052848960523,0.13842166997964572,-0.06518657312693088,0.98822575961366932,8.4295242043757472,8.684015331528272,0.6905418972238111,0.1678734398577846,0.1150636764755172,0.4210526315789473,1,5
0.48352953745052363,-0.85752817770156353,-0.17562633874427122,0.8693149757554568,0.49392022708617317,-0.018283385967379391,0.10242391976570481,-0.14383404924765944,0.98428710594869107,-18.288229841862883,-2.4770944340291594,-3.02260465608776,0.8389201985155875,0.7617648528191718,0.9653846153846154,1,5
-0.9917783916688897,0.024695576933680428,-0.12556173899154879,-0.005462469417503852,-0.98847770131928958,-0.15126795900783077,-0.12785062865129754,-0.1493384159365721,0.98048572364875475,1.0304937711583178,-9.7051737519380605,-0.78578916083314021,,0.07407601276862798,0.2073170731707317,0,4
0.76446831083062583,0.64112959126809632,-0.067387305452674476,-0.63965684679702439,0.76737783586026687,0.044388910508143302,0.080170568673650175,0.009170835884233508,0.99673897068777573,-1.614579239822435,2.5941088076394907,-1.093652025930353,0.3700447240881009,0.309157010532754,0.6525749423520369,1,5
-0.25270103037043162,0.96726404350548256,-0.023290757633590148,-0.96235703087909585,-0.25376270420534103,-0.097331572842341646,-0.10005565634832282,-0.0021817643816480171,0.99497944980632125,13.689077519926297,9.1346261524183152,1.5584040057505015,0.2829437661475533,0.2649963601272758,0.8928571428571429,1,5
0.94464943714281679,0.31742816357593628,-0.082926484759501873,-0.31036056682491481,0.94655515616659203,0.087804640506955564,0.10636615752144497,-0.057207493418666301,0.99267998027102189,-22.490734392266315,11.068763743306969,-3.0228542272326377,0.6081073841424597,0.3855211305814469,0.2727272727272727,1,5
-0.32063440225326739,-0.92193951742761493,-0.21730417919825018,0.9469574893187952,-0.31722502355251342,-0.051378963157596887,-0.021566026864778421,-0.22225168309248544,0.97475078653357539,-18.108508296813341,-22.85375585018463,-3.345701500733937,,0.214537402996904,0.5384615384615384,0,4
-0.011722042069925541,-0.98531888753415342,-0.17032111906093678,0.99934668757061529,-0.0057203199982780234,-0.035685795223821794,0.034187596747214312,-0.17062815654977992,0.98474222028969305,-15.367501879211384,-14.799351510694155,-3.017956421471105,0.7527048209596419,0.6567575649271868,0.96875,1,5
0.11792118973129198,-0.90200478477831636,-0.41530947647432753,0.99158185589105086,0.12948094728547405,0.00032765487237092797,0.053479118167895766,-0.41185197890392572,0.90968012586452873,2.5641424091156275,-1.3917049887708886,-0.54900696883729827,,0.1986182628070711,0.1991701244813278,0,4
-0.87141269733368476,-0.45080964568344079,-0.19341813328745405,0.48428103477973339,-0.85341869155549488,-0.19273924420412739,-0.078177939844328498,-0.26162415840758696,0.96199844566361903,-3.7650920903119474,13.887136415449731,-0.79630239052265894,,0.4561998007822977,0.3214285714285715,0,5
0.043296791275613825,0.99805830816293306,-0.044777241676781987,-0.99859136803766679,0.041856985427114836,-0.032607858740142485,-0.030670303974671066,0.046125982676787566,0.99846468449124592,16.604857963922029,-3.038561768204243,1.921240106621668,,0.1847625906269052,0.3529411764705883,0,5
-0.84877746294820977,0.52289734515622255,-0.078454985945920208,-0.51091745887991069,-0.84928277442373146,-0.13297413011117584,-0.13616228774111791,-0.072781422737560345,0.98800946144326052,-7.9482008657154548,-7.6923387836110866,-2.0283944986235443,,0.07867495810723402,0.2213740458015267,0,5
-0.90942960550283258,0.41471343861238036,-0.030831095816721957,-0.39989076941017604,-0.89245132099882407,-0.2088492570922704,-0.11412784574985123,-0.17760462685907516,0.97746172883788607,0.17354414523651865,12.256257514600907,-0.42716747527191989,,0.5212479789679308,0.3125,0,4
0.98863158922635974,-0.07639159834564789,-0.12950638781913493,0.093370560009462436,0.98703436336043193,0.13055689973795598,0.11785380480613403,-0.14116475922787719,0.98294607758760288,9.4881503155915983,21.139206315885144,1.0803578519296992,,0.2934671951168298,0.4615384615384616,0,3
0.94069243432901228,0.31545403602393995,-0.12484588560446779,-0.31961004486177697,0.94744184515667806,-0.014260759782083968,0.11378560198729022,0.053316987933642063,0.99207365431104666,3.6953589749657194,3.236646871970859,-0.28002056755812615,0.333885738318339,0.2841618368232162,0.8494983277591973,1,5
0.24005359509475352,0.97048904515120571,0.022919090810622701,-0.9707576649563362,0.24003377503357001,0.0036527758836399945,-0.0019563769081458429,-0.02312574506118556,0.99973064997766226,9.5906015361831329,3.2153821372084161,0.75381633980124063,0.5359435115698464,0.5041077494710496,0.6955307262569832,1,4
0.0068843100184569819,0.99974359645014865,0.021571917682323759,-0.99924648662919147,0.0077017216887959421,-0.03804132545332873,-0.038197712428724301,-0.021293774675982449,0.99904329732262454,-22.664662837337154,-7.9419362173680499,-3.6625314411589058,,0.1013963713828855,0.2142857142857143,0,1
0.28010022191620687,-0.92811301486887621,-0.24525516776104109,0.95696069870397438,0.29017155152523427,-0.0051664128212280209,0.07596108752837008,-0.2332524433236296,0.96944479516116022,2.3085821970282394,-3.733582703714287,-0.63167645786684834,,0.07711540926884512,0.3167420814479638,0,1
-0.92534663195779454,0.37116561959117722,-0.077263792023577568,-0.35591166465006119,-0.92067663081056217,-0.16025426186324387,-0.13061584012051314,-0.12079165663574758,0.98404719297237131,13.785732423510414,-4.2950888821028643,1.3941689943197417,,0.3180288075576904,0.684931506849315,0,3
0.00093430763870729983,-0.98558505139883379,-0.16917811184781947,0.99929451896594135,0.0072719083769135235,-0.036845402877216209,0.037544526017288471,-0.16902433495717364,0.98489653403716526,-5.7732263180573158,-9.8123246013098218,-1.8262583968167379,0.2004200414442442,0.1772692581706849,0.7729885057471264,1,5
-0.97334679964420689,0.20113425993224993,-0.11018628364676684,-0.17946561140167888,-0.96714089497912437,-0.18008493435931602,-0.14278691097786661,-0.15551044576003148,0.97746017786553052,-19.167110397584452,6.7519018633808674,-2.7921584522636906,0.2065863103227364,0.1433870122350334,0.52,1,5
-0.97978683920646126,0.16844586123889416,-0.10790617011691057,-0.13937647696450259,-0.96175472963500142,-0.23580084328447348,-0.1434989455946484,-0.21599498109028509,0.96579201733967124,10.293236589615017,-4.5550179162528917,0.82640626601207834,,0.08332439114925785,0.25,0,5
-0.31675843678738053,-0.92694275961957118,-0.2011000077396039,0.94832535380791017,-0.31363866203808904,-0.048060513938773634,-0.018523391944157055,-0.2059318092568774,0.97839101277918128,-18.22050636956725,7.3993051050985903,-2.6548550275773217,0.4731402967296545,0.3557179860257808,0.8571428571428571,1,5
0.42126724456781905,0.90636747618890601,-0.032123305576934297,-0.90659432982182531,0.4218169840954421,0.012536070498358741,0.024912442456562347,0.023841770814630899,0.99940529324957561,6.0350212211696137,9.12635128682121,0.26035502265032973,0.4543034087947929,0.3733334825762969,0.9246861924686193,1,5
-0.7669076613774779,-0.61402015424489764,-0.18663303325403227,0.64162694436667034,-0.73947689509716441,-0.20368796204034179,-0.012942302083418154,-0.27595864146377069,0.96108237160934984,-3.6915437916542069,-1.9334876059536745,-1.4504231452266101,0.6279417998501915,0.5754525149725058,0.316,1,4
0.60384181018985128,0.7890156205448009,-0.11326702434047847,-0.79542767120430014,0.60566850737952649,-0.021458775621188829,0.051670960404734116,0.10305343131094401,0.99333282546480539,-0.38182585880266751,6.3396739816427727,-0.79677508754588389,,0.09456091109306272,0.4107142857142857,0,2
0.86585472367305349,0.49580545067830029,-0.066877145354365633,-0.49337565168836223,0.8683713737548393,0.050116100848113958,0.082922034551410756,-0.010397707479147091,0.99650179320713428,7.4008547159759326,3.1763469236967778,0.3576178261167634,0.5726715417217225,0.60464827463436,0.9741847826086957,1,5
-0.85098116961812975,0.52273104807875337,-0.050826177604150022,-0.50214589218792471,-0.83816918415250619,-0.21288945886519564,-0.15388486577358312,-0.15564276440493707,0.97575344117980778,2.8507833954551924,10.760810206476801,-0.21291539036146473,,0.5801204812456682,0.6462585034013606,1,5
-0.98679356339782354,-0.0067075932485775045,-0.16184397248411037,0.036000158588443229,-0.9832357264312771,-0.17874981077127347,-0.15793179483002392,-0.18221557140368319,0.97049216056586307,7.8612318283976101,4.1729033222515888,0.4748150838596133,0.4650610750838035,0.2800673854032191,0.1818181818181818,1,5
-0.01566425490281622,-0.98445163007306014,-0.17495604923762198,0.99921534655260402,-0.0090463577988761056,-0.038559753945491798,0.03637749760637414,-0.17542277918523669,0.98382088116223099,13.484493813281237,-3.4454820015428824,1.3882107016111567,,0.08499224285945323,0.3225806451612903,0,4
-0.78296013223160277,-0.59598429885328941,-0.17825865156065757,0.61429843316872734,-0.78591148611273409,-0.07057316063858983,-0.098035026099437914,-0.16475998153807453,0.98144958206790012,-11.048088806512631,-14.15973835649937,-2.5669477264940412,,0.127411482810666,0.2,0,4
-0.65416445887254138,-0.73389886744515043,-0.18292433711980469,0.75394311857287888,-0.65201096025361283,-0.080321115939477841,-0.060321096679326051,-0.1904577645355694,0.97984039783197163,24.301295937138363,9.6848346947115793,3.3834630469718916,,0.2937159551768539,0.45,0,1
0.085463086181998313,-0.97008949142238365,-0.22720572072927506,0.99522723368492683,0.093899346324539307,-0.026564376365204447,0.047104291015748763,-0.22385104733211592,0.97348440890248378,15.178886745485668,-15.966198860652243,1.4528790750709724,,0.4201278384021602,0.8679245283018868,0,5
0.70384890022637292,-0.6651065660947344,-0.24945937823179809,0.69609608730370442,0.71579317135265907,0.055591124160026942,0.1415872977727797,-0.21277544873075235,0.96678831474466453,11.76276918276691,0.66842463132711949,1.1051373565324702,,0.2739989142790151,0.3660714285714285,0,5
0.59210357423224169,0.80454898079881376,0.045981462319007509,-0.80524759788802391,0.58846089595406281,0.072732936339111681,0.031458917288616141,-0.080091893650553678,0.99629093396181045,-11.392327525513972,-20.838770945449234,-2.5897897593012553,,0.2613248641131256,0.3,0,2
0.63941668313674649,0.76862581590692347,0.018991062314114921,-0.76316013364565494,0.63148030748167949,0.13718320479122215,0.093450070841858593,-0.10221045144338517,0.99036362406713629,-20.790184477752742,15.593860440071671,-2.6420352763287287,,0.2261792282809167,0.2285714285714286,0,2
0.20849298375994116,-0.95014109485150844,-0.23186758203175578,0.97412464064542026,0.22289030565716544,-0.037431218674862987,0.087245975324406519,-0.21806377855671366,0.97202691746230008,-26.117016561895817,-12.612328762840837,-4.2533204594164253,0.2843725619513377,0.2535506820227685,0.25,1,5
-0.95778777655492719,-0.25227377221038283,-0.13784236988935289,0.2618359328285032,-0.96348552408725707,-0.05601418707908952,-0.11867821772253269,-0.089741789201283159,0.98886899633326364,-0.77318847022683168,3.8080749557230447,-0.91804835832977638,,0.07211552112753045,0.1719745222929936,0,5
0.38445117894073261,-0.89010434052605247,-0.24476836802937763,0.9192610504070986,0.39342882915799682,0.013148292353297336,0.084595580354536112,-0.23006090359739936,0.96949242824295956,8.8823816800697486,11.573297483638479,0.72923059530417689,,0.4019933250268015,0.6,0,3
-0.68055894385769988,0.72772041786794572,-0.085220404560153687,-0.72391837121416625,-0.68579167968432386,-0.075046411602314747,-0.11305625039741161,0.010619109843017189,0.99353184083461643,12.637539956761959,6.8083424633334388,1.3007755449513179,0.3021704090635791,0.191214185915461,0.2631578947368421,1,5
0.30465117092611771,-0.91847885784185779,-0.25215917939044208,0.94837882582182587,0.31701456524595534,-0.0089088806666206329,0.088120751166565064,-0.23642832554377569,0.96764475924504778,3.1369039709425435,17.603200844946905,0.14020875305987471,,0.3935236886073737,0.3076923076923077,0,3
-0.73546356360126064,0.67724271843690709,-0.020872157030943143,-0.66386494012450148,-0.7264147252488421,-0.17777791824392167,-0.13556064284455091,-0.11689288800367192,0.98384925920881539,-17.208383692540195,-7.6108355569801569,-3.0769220844915108,,0.567233860837161,0.7413793103448276,0,3
-0.27034715924681163,-0.91324097863414788,-0.30480047314681602,0.96274522422825171,-0.25451778774252271,-0.091336350640614378,0.0058349561157045662,-0.3181377227962694,0.94802655164353478,6.0229556515056926,4.3918150302588987,0.14129149108769945,,0.2565218727764115,0.3387096774193548,0,5
-0.20119485575806242,0.97231116769113857,0.11887650398454357,-0.97733059511463216,-0.19108802667125538,-0.091160703791516598,-0.065920693787091422,-0.13452270903449859,0.9887153801193993,-27.481283028501711,9.3087531996258939,-3.6161407595390891,,0.4251796373794041,0.3333333333333333,0,1
-0.94715816378642259,-0.26718671520860449,-0.17748992080895498,0.30090870657142155,-0.93177103499353409,-0.20311742578270522,-0.11110968941657187,-0.24579259053745869,0.96293335146033787,7.5316174424023963,-14.960682076742508,0.22468886481047981,0.3389630500921539,0.2296619951739183,0.2083333333333333,1,5
0.74893884090099927,-0.62473154111682372,-0.22090974202978464,0.64996816303770688,0.75747569907230439,0.061416222224362736,0.12896511011609413,-0.1895812935094652,0.97335858424530353,-23.212307031660938,-6.8921117047713976,-3.6894848191372609,,0.1684552165426195,0.3076923076923077,0,3
0.22534195903559606,0.96720289658625924,-0.11721586212261849,-0.97425592509240588,0.22285858060960423,-0.034050630992866739,-0.0068113082693127512,0.12187128408210636,0.99252254190816158,-6.7301308661008976,-6.0394988023460545,-1.8343199949787679,0.1733040270039249,0.1415842938693401,0.6368038740920097,1,5
0.8881527170786474,0.45104446555305694,-0.087997961566006547,-0.44728311739145665,0.89239668130974736,0.059715794258542149,0.10546356736994743,-0.013676742349896753,0.99432911185195538,9.4275167916460862,-9.6559771765402527,0.60032906782865969,,0.07729087499872396,0.303030303030303,0,5
-0.63152369876050662,0.77479125466203247,0.029602864778314027,-0.76361321645678282,-0.61488556515282111,-0.19700405432178997,-0.13443464418213058,-0.14701786784581616,0.97995564847481487,3.1769626321454747,21.145193349454008,0.38834909962831066,,0.5255635090038846,0.1666666666666667,0,5
0.93284931517260017,-0.31685883414245586,-0.17144280214664928,0.32901924985122977,0.9431460536384858,0.047136554111272162,0.14675996868814545,-0.10037928437697975,0.9840658061626878,3.0252372268349785,14.624532960854525,-0.06444575808164528,,0.4983855234919077,0.4473684210526316,0,6
0.9185192810590207,0.39034692577328484,-0.062861815613019123,-0.3798544897709526,0.91534635596068359,0.13360993686977987,0.10969456196033071,-0.098844960260212347,0.9890383091202728,-16.27908680339679,8.4480664042311009,-2.4397054596895229,0.2754807137298179,0.2052028419314768,0.3414634146341464,1,5
-0.9032407857701088,-0.39165803516751979,-0.17538547947339625,0.41749834946188696,-0.89653529998404635,-0.14805263955470502,-0.099253267543166296,-0.20695033068645519,0.97330383206415605,23.476520530969911,-18.451035976435296,2.7359998395026111,0.2350961431800973,0.1913901931048217,0.1333333333333333,1,5
0.80157720683117006,-0.57292799856953425,-0.17096049234793492,0.5828330699611054,0.81253372901396215,0.0097237736696847571,0.13334014417441478,-0.10743578393521332,0.98522990123207976,8.6058598500148538,-7.6581504166146797,0.4714680563113372,,0.08663714776649464,0.2976190476190476,0,5
-0.89781268566524874,-0.4142943372635261,-0.14930701112114725,0.42693862452563563,-0.90197945370852672,-0.064470737360661209,-0.10796199491817927,-0.12162757581669047,0.98668685024897518,-11.72534071818062,-7.648261209233711,-2.453579951150259,,0.08644925787574273,0.3636363636363636,0,5
-0.85180351682549837,0.52381256664977982,-0.0071528835782302706,-0.50560894455066208,-0.82562106999080542,-0.25041853760774918,-0.13707794831437753,-0.20969082909609621,0.96811124994956732,6.8072668612113745,0.14765786687627894,0.26352069701868147,,0.1280183823816879,0.2407407407407407,0,5
-0.27159529879553335,-0.9342823424813137,-0.23098159710200791,0.9623552403979585,-0.2610455165142897,-0.075681104553085923,0.010410809322641101,-0.24284098261087864,0.97001024335510522,2.2945754766605959,-9.0104062730994059,-0.57408303206972988,0.4139398607105334,0.244941880870166,0.4173228346456693,1,6
-0.037365150840372993,-0.98706294897357572,-0.15591850520789186,0.99872343383671014,-0.031579028718429963,-0.039424201331286844,0.033990413473293304,-0.15719255614941754,0.98698285298333621,-21.176233280887924,-4.3502841998090327,-3.4024093935611992,,0.2135865455389718,0.5333333333333333,0,1
-0.65268255165141187,0.75760214331613762,0.0066692737682210856,-0.74394159908527002,-0.63919832927846476,-0.19487532680683275,-0.14337497661814172,-0.13215327574605423,0.9808053465338239,2.0045366692744957,-11.061846987324753,-0.65690097552074012,0.2724277108586997,0.2422995218233301,0.25,1,3
-0.74327503678733375,-0.58161277218509455,-0.33055831999808505,0.66464819685227272,-0.69818717908077821,-0.26604029279086117,-0.076059148758117187,-0.41744609975228436,0.90551298151478532,16.828239668211424,-22.750146749710805,1.6013140653483753,,0.4591421249822878,0.3684210526315789,0,1
-0.11363524214908619,0.99298189519083191,-0.032771749494680327,-0.99205366540686113,-0.11519848951565638,-0.050584908481905125,-0.05400515433298958,0.026763105883562403,0.99818193705803704,-2.3569140750712947,17.805282334782895,-0.42934691692950139,0.988653739633131,0.906683783679525,0.8690476190476191,1,5
-0.073785547321088218,-0.97965626763366387,-0.18662607077417395,0.99686741147953251,-0.067108460116315299,-0.041854731045768936,0.028479061371895542,-0.18912972232543579,0.98153904211522836,3.1752156039673833,-13.604805129026706,-0.51192962961957733,,0.07852911565631242,0.4444444444444444,0,2
-0.3962385791308875,-0.90112679417757124,-0.17597013730627017,0.9179582835126574,-0.39270456093609024,-0.055997478072563327,-0.018643447611164529,-0.18372160633753598,0.98280150245404307,-9.9027952330222639,-11.653723772613967,-2.387918312567169,,0.07443531696714112,0.2291666666666667,0,5
0.97074265956945205,-0.19479052748055622,-0.14041132182225871,0.19616965678037929,0.98056145350067081,-0.0040867673435269003,0.13847799338052036,-0.023577241409854965,0.99008482416245858,9.4527170695188598,-0.84282083500557059,0.74536025997307609,,0.09890470859480073,0.4411764705882353,0,5
-0.98879003587458802,-0.051403827212940623,-0.14018527562833613,0.06798384692761468,-0.99089962924053487,-0.11617280803997151,-0.13293781069377172,-0.12440084934931737,0.98328630986560306,-5.2675687682353356,12.915277319053651,-1.0201278440448356,0.4875043276656861,0.209855938169584,0.282051282051282,1,5
0.08879647941926877,-0.90681036307116447,-0.41208027211877868,0.99473122384042423,0.10201442351350301,-0.010141484710824357,0.051234534834187939,-0.40900858526680206,0.91109110390694414,2.0501327456636225,22.599610185843183,0.32998567150249591,,0.3302975002378006,0.25,0,2
0.99054978125814408,0.091268807722003506,-0.10237741736558229,-0.074746759734960741,0.98508480442014268,0.15498661235620687,0.11499588148523728,-0.14586957474927051,0.98259758518118712,0.68471642952781742,11.586482352876438,-0.39747026164451132,0.9290160278720784,0.3619299675250801,0.1923076923076923,1,5
-0.35700454690694511,-0.91284970608842619,-0.19812412165619953,0.93399682768847836,-0.35203485102985349,-0.061003192770931018,-0.014059849061260789,-0.20682571831051982,0.97827677213031683,10.911408799540865,-2.0539339434443735,0.98412624002695137,0.2524892590251599,0.1314967551855806,0.5662650602409639,1,5
-0.97150614928715862,-0.16457168184566037,-0.17056366386697974,0.20005181645928691,-0.95528411156973903,-0.21774190435870255,-0.1271026066946587,-0.24565916982051642,0.96098725259730577,-12.813192236095238,-14.047025396729479,-2.7105253276261605,0.3121372274301767,0.1556463140520028,0.375,1,5
0.7077427951489299,0.70572639342157839,-0.032409775422747443,-0.70302638685365004,0.7080754543083061,0.066204610062965533,0.069670907144110603,-0.024070908463515863,0.99727957768293807,-19.625539677410242,-24.934363887486494,-3.5338531696965227,,0.2439512534658424,0.3478260869565217,0,5
0.97995195986506489,0.17314788222441235,-0.098559460417667777,-0.15592772849596945,0.97446405549691328,0.16157458968104529,0.12401894953073928,-0.14296718303761843,0.98192651697139866,-22.868928372815866,13.053327758304572,-3.0063591783514219,,0.3041426600582255,0.1538461538461539,0,4
0.25923814948670731,-0.94032624907121987,-0.22041353669491001,0.96340583236764898,0.26787187425472009,-0.0096881960788279351,0.068152652264647839,-0.20983613676131729,0.97535840166493692,-2.5255134665022729,2.0302467266968489,-1.2086871957506529,0.3549697549460603,0.3228896602324021,0.8179419525065963,1,5
-0.90611076612755315,0.41215423305301607,-0.095352858815135264,-0.39932508754991808,-0.90771216792706699,-0.12883359286457388,-0.13965226085169288,-0.078660716838995448,0.98707129310166175,-5.7819292243037479,19.618935206372328,-0.74935960212360464,,0.09803369820613281,0.4375,0,5
0.55527987541323309,0.82871656680366035,-0.069950781741309517,-0.80812007728776192,0.5575198730194405,0.19003560685516299,0.19648460663748618,-0.048994316951486573,0.97928206164565845,-12.054838567361763,-4.149711615247762,-2.3649255227602248,,0.5421052278717309,0.3624161073825503,0,2
0.85611457621626785,-0.47425441100026283,-0.20530607890862557,0.49277871130589002,0.86883775939310681,0.047854879965085473,0.1556822856774247,-0.14213972526904739,0.97752714766736437,12.200757523113404,-22.3507437156644,0.84744370922018597,,0.1756880045970687,0.5294117647058824,0,4
-0.76190104877741494,-0.60515348404425617,-0.23085937845574722,0.6475260206775334,-0.7197797158672733,-0.25025429700915502,-0.014725638098036757,-0.34015646601986849,0.94025354783030757,22.205762460704221,3.9555394871966425,2.9316511290763194,,0.4029696557209019,0.12,0,2
0.96821939465866891,0.22855759208117427,-0.10155112460656354,-0.21281673896888592,0.966194863165872,0.14552155169091707,0.13137823039397112,-0.11928500951057801,0.98412948695007185,10.385332149345587,8.3495376756931048,1.0195075206039799,0.5259941073195906,0.3560508320990959,0.2926829268292683,1,4
0.83305802554650732,0.54303857164047153,-0.10546770018935382,-0.5458831500795388,0.8378583026298736,0.002247481574384526,0.089587457446870397,0.055700757848199861,0.99442018937838428,15.444087209822374,-4.195951426008004,1.7316851723594053,0.5832030401862206,0.4395079634278881,0.9435483870967742,1,5
-0.79859953082835322,-0.56854551902050587,-0.19747096536564077,0.59911438635300851,-0.78226609784415824,-0.1706508254551731,-0.057452079384409577,-0.25458936538154442,0.96534113846299441,-23.937685613016189,-27.485853488796362,-4.0639050840665734,,0.3533236367535799,0.4285714285714285,0,5
-0.32253195155825248,0.94654809012463748,-0.0044557048183167655,-0.9431380294130004,-0.32176268858537005,-0.083423196470036307,-0.080397746852689564,-0.022704301700715097,0.99650424835285856,-9.3036399736832109,-14.417732385175013,-2.3924113104519447,,0.07994030461436211,0.1851851851851852,0,4
0.4221290794563432,0.90378057525275723,0.070623735904700669,-0.90650267785486449,0.42016548287786587,0.041398816890954933,0.0077417904454533748,-0.081496250182486379,0.99664358016639731,13.68962860804249,-0.75044886190695592,1.4776263608278715,,0.4331568215387395,0.3846153846153846,0,4
0.94628887106164161,-0.2822402924621274,-0.1577269470184921,0.2894872851717652,0.95686697833757561,0.024549897983416637,0.14399473680924069,-0.068891240938220008,0.9871775487181762,-15.316615083564811,1.8313141470025605,-2.5227611441924775,0.5003122731559622,0.4808090231381831,0.9128440366972477,1,5
-0.57746888610812908,-0.77536955311122313,-0.25560074664432975,0.81527342995006424,-0.56420655132855868,-0.13038482218184808,-0.043115194473576049,-0.28367767544527833,0.95794992377444721,-14.628058512614126,-5.108003632380643,-2.6332443615813168,,0.4881958254268078,0.4588235294117647,0,5
-0.81354546086180213,0.5812395776103676,-0.01744524377817519,-0.56635579529449787,-0.79880196367150236,-0.20287073709849998,-0.13185179652737045,-0.15516435239407789,0.97905011490660243,6.2498330632594099,-6.1079106058166097,0.059902247286212101,,0.1100728821949588,0.1764705882352941,0,4
-0.87321088081517617,-0.45428758990417117,-0.17642432736174493,0.47485161468341158,-0.87455708524825015,-0.098315048057976501,-0.10962983927079981,-0.16962514642925139,0.97939195832940851,-14.892732032977895,-0.81299554312620059,-2.5883859215167591,,0.08078116031137625,0.2432432432432433,0,5
-0.4783368246328154,0.87732101609637436,-0.038751992410991851,-0.87253612181359708,-0.47979494524417804,-0.092073485046590714,-0.099371013533543856,-0.010229625299226422,0.99499786755327024,22.803013489014905,2.267261066574275,3.0336295690060004,,0.134410802092416,0.2941176470588235,0,4
0.29705312770285469,0.95486065727415248,0.00075134008712305321,-0.95477470058414993,0.29701562714758639,0.013674368525620349,0.012833956771004859,-0.0047793744466167734,0.99990621916932843,18.675670387642516,8.3111920324937163,2.3658095723962957,,0.3939955757230914,0.9215686274509803,0,5
-0.9735320881541123,-0.14461999430001959,-0.17697550842688953,0.19050878135284721,-0.94126323095708708,-0.27880088643273376,-0.12626035625542484,-0.30513699758778406,0.94390133760969208,1.6258247540434867,7.1818207617395293,-0.49875345201100135,,0.7319039386508502,0.6185567010309279,0,1
0.50581592029366429,-0.785230873465673,-0.35715925038252971,0.85544798021424828,0.50994345825111409,0.090368260657478675,0.11117107503679716,-0.35124086428437024,0.92966168434110064,-2.7449885300500099,1.9309075764126256,-1.2337955958435374,,0.2274193409939054,0.3258278145695364,0,3
-0.89945353949866358,-0.37820762995003654,-0.21895734500331837,0.41853818953056388,-0.88965277585730218,-0.18260263501350346,-0.12573429996545846,-0.25588459714678624,0.9584956748755955,5.4613368649590237,-9.518351712964245,-0.068234714033539423,0.669656604658627,0.6631933543407791,0.7225130890052356,1,5
-0.17242623842414315,0.9848412718722579,-0.018890778701138394,-0.98313799669123558,-0.17325043066222165,-0.058514679673567091,-0.060900507098430492,0.0084827762194677435,0.99810779515178927,-5.6711777316581609,-7.9350239752376481,-1.7988171437974729,0.1375403615165415,0.12388168992628,0.6018808777429467,1,5
0.9811912669359536,0.16063760378887498,-0.10704792355570208,-0.13758711905552698,0.97092825779714009,0.19587777536262563,0.13540119038848691,-0.17746514716974532,0.97476799248918822,-16.063860056732956,-18.704789787720461,-3.1477467514230635,,0.3981150141746216,0.1111111111111111,0,2
0.56239526546598884,0.82342694560303553,-0.0753633242120854,-0.82433806220265471,0.56546558832818195,0.026747478771566555,0.064639961211407471,0.047082201217859804,0.99679734236356643,13.663898671888251,1.1635398921076048,1.450820140330555,0.5483075523393099,0.241308327716156,0.5897435897435898,1,5
0.37335489992082227,-0.90648848096608903,-0.19719217170290146,0.92355084013445032,0.38324944328527338,-0.01317990548069671,0.087521222523824327,-0.17719621355243989,0.98027625571091692,1.1356326035017097,-2.6850026442398662,-0.83527026310343844,,0.08108469874222213,0.4227642276422764,0,5
0.91166849196923494,0.3994058709048654,-0.096620448339191617,-0.39487343006731468,0.91657080933665058,0.063031148639619963,0.11373449334926435,-0.019310664377032695,0.99332349376419327,9.313218013760121,8.6560442230617891,0.8089245160500238,,0.09269912042867753,0.3214285714285715,0,5
-0.61539104993986182,0.78691372104828428,-0.045394397009516044,-0.77955622435990046,-0.61613155337452952,-0.11257887012235561,-0.11655877794336757,-0.03389254434580706,0.99260533280962993,18.596358643906687,-5.2743470504247956,2.2411620239017345,,0.3456468966233617,0.6129032258064516,0,3
-0.93886794105052429,0.33616465268795503,-0.074298826038757163,-0.31403233633905131,-0.92465877801637586,-0.2153829983325084,-0.14110521252238642,-0.17888395825353084,0.97369905436873216,-17.006020616440701,-32.938443037235643,-3.10317278559278,,0.38959008376781,0.3684210526315789,0,2
0.33930112819758124,0.93349683188241805,-0.11601038431683143,-0.94060702222046944,0.33819857240326462,-0.029667412659964188,0.011540110631681554,0.11918636872513599,0.99280483246040174,11.501271075609255,7.907579778315978,1.1469268746313117,,0.08866264346823997,0.5909090909090909,0,5
-0.22275620803959809,-0.96452053781869496,-0.14170322475426003,0.97485020743860895,-0.21936559591702218,-0.039316769766509725,0.0068370195789057798,-0.14689747259196367,0.98912809469217533,0.95322684069377428,-4.6235918577365531,-0.84669157765787206,0.2081525672118233,0.1939666645447883,0.8565989847715736,1,5
