axis_00,axis_01,axis_02,axis_10,axis_11,axis_12,axis_20,axis_21,axis_22,location_x,location_y,location_z,dbh,dbh_approximation,score,reconstructed,number_clusters
0.90044746776858631,-0.2958090668472762,-0.31889081793003182,0.33815516463345729,0.93720026730905848,0.08547949220455929,0.27357895098282042,-0.18480436933896777,0.94392897119029362,-5.7092050295749699,-11.74935799673035,-2.0568023740353349,0.1202049814429135,0.1843942840986577,0.5344827586206896,1,5
-0.1820581194926541,-0.82880479613560587,-0.52909115569003173,0.98096825716626157,-0.19003066920824524,-0.039870078912038642,-0.067499033763337976,-0.52628030047008334,0.8476278226781685,-2.8129391477857344,15.316667338410536,-2.3749032016551186,,0.2203807432001994,0.1559633027522936,0,4
0.90450768181526719,0.32841212461643338,-0.27205023422539498,-0.32400197321132795,0.94400040743522284,0.062337405442479295,0.27728789171606116,0.031760150614476512,0.96026179656414967,8.6389936214753629,15.324172837871616,1.0831171190205144,,0.08797701087293,0.4,0,5
0.19616634347032116,0.94672468331964377,-0.25540387562213157,-0.97776940488438169,0.20852808728825498,0.021977890798368108,0.074065893375609218,0.24541477299711023,0.96658462259299915,7.0768848728245182,-23.209054500840029,2.196873677305192,0.2607883875812993,0.2994356841815783,0.8636363636363636,1,5
0.10619052094794007,0.9628979476027365,-0.2480949732728194,-0.99258193614780177,0.11750445550419004,0.031205816280679793,0.059200281197683939,0.24294082703222125,0.96823296848796347,-15.963748093529377,3.7404855788393356,-5.9209697708634561,0.3138681454957273,0.2994353265311385,0.8645161290322581,1,5
0.91362630139538559,0.2949208134534565,-0.2798369081992918,-0.2888813597794887,0.95525093611159384,0.063586233021595856,0.28606737208311778,0.02274561166191363,0.95793950528182292,-0.0108230933315084,24.848583758386987,-1.6946076718149115,,0.2422514513273551,0.4285714285714285,0,4
-0.74112161761565298,-0.57560189002413675,-0.34557374336514596,0.62985095381443701,-0.77431228851373313,-0.061059445097952136,-0.23243606407311737,-0.26291242659347103,0.93640297525207083,9.2998201664216484,-39.841254734960252,3.406278508119327,,0.3216187007117734,0.3636363636363636,0,5
0.42151399754805818,0.90657321231332411,-0.021235832617420788,-0.89605772088086633,0.41999379728721992,0.14382548831847658,0.13930725293696006,-0.041595924754248989,0.98937519087704828,12.343306430565365,5.6685918970967837,2.3367438038634307,0.3306847432550327,0.1952594583258779,0.4,1,4
0.66134858749749115,0.71781434062937932,-0.21762494848220434,-0.71970686422562224,0.68899928508525399,0.085451827005220735,0.21128198077828239,0.10011272416040719,0.9722846121684674,-26.683559822533471,-2.1804292484371093,-8.6292253404421935,,0.337723189995859,0.68,0,1
-0.58405061765246169,-0.67495644307327851,-0.4509087224413002,0.79174348885275769,-0.59616996787552612,-0.13313007647619174,-0.17896123568818068,-0.43475874845385409,0.88258580702603473,13.129448457044687,-7.9893895584512897,3.1993220358299275,,0.1190949611336592,0.6666666666666666,0,5
-0.92219969588217565,-0.19851610152158061,-0.33187208130768775,0.27865683514847284,-0.93616739887752554,-0.21433844616383024,-0.26813819037925191,-0.29014127371947918,0.91865115911567785,16.085244828652403,8.8071645013077209,3.5265276950427857,,0.3456965580461812,0.2272727272727273,0,4
-0.7396831321528009,-0.57914976082595138,-0.34271623618361591,0.62742664076679777,-0.77764533957238524,-0.040044179320351411,-0.24332010698812484,-0.24464930078909267,0.93858512941485195,-2.5728530549632311,-19.855421501076464,-0.75160282826245561,0.4173597791168809,0.2205366780224138,0.65625,1,5
0.079935240444263575,0.96274444748571075,-0.25832825275325977,-0.99602918206189051,0.087334766459625304,0.017277356527116872,0.039194716687841767,0.25592140864507013,0.96590269011991259,-9.8861554766441255,0.0068210501092439346,-4.0846283817287583,,0.08411773639813969,0.4797297297297297,0,5
0.93962985081863115,0.17860652481484601,-0.29188260096162011,-0.17583545212357071,0.98376377417559224,0.035926736510481935,0.2935602786942676,0.017565475039345826,0.95577916741242352,1.5717017240818993,2.1086901883775004,-0.72062111128936046,0.855426224534562,0.5410765980718132,0.9965397923875432,1,6
0.48921331447410177,-0.80892023392491519,-0.32606500592385479,0.86077418306116571,0.508035806829926,0.031103452445803998,0.14049248633519792,-0.29588456216153969,0.94483553444915891,8.8538633940702223,-3.6311144627242835,1.7039980775906889,0.187477096811867,0.1478295279838154,0.4090909090909091,1,5
-0.52456586161507879,-0.76999396040943158,-0.3632354026812753,0.8335362940052472,-0.55135663707987914,-0.034972922725506124,-0.17334331081419818,-0.32111549274515655,0.93104078155309988,-12.340248983840596,-5.6933456939203042,-4.3690329645457879,,0.1058699616473872,0.2,0,4
0.86434231516157178,-0.38928314998314506,-0.31838811435154613,0.4349003687399301,0.89650355411151017,0.084516547109441509,0.25253520841856086,-0.21151833633193518,0.94418534298323187,15.37753008265928,5.4166450774920234,3.2557512791268537,0.4021172057750224,0.3684284334675604,0.1923076923076923,1,5
0.95447272908141056,0.10497199686893374,-0.27921799604114689,-0.050262252537466828,0.97924822186024552,0.19633294668345538,0.29403318759919816,-0.17336031799952709,0.93994185178305512,-3.5317237769526653,9.6191734815161318,-2.4970127403196503,0.2624577498906596,0.2224930374469757,0.3333333333333333,1,5
-0.22892598031611841,-0.92027002006603653,-0.31732630792917577,0.96893592550279695,-0.24675446807333917,0.016595323313622783,-0.09357386283757034,-0.30366975920150707,0.94817119210623335,-1.4441713222344454,2.9413263815601072,-1.6462029521307309,,0.1550276259418606,0.6934306569343066,1,5
0.32824306114393204,0.94322947468464413,-0.05074101789471519,-0.93905806627480515,0.33165524999263207,0.090414287126256834,0.10210994552483815,0.017970899767557516,0.99461078105279921,4.4358039994492051,3.7751903842039369,0.079501138129019266,0.7614495207646023,0.5971155436735637,0.4193548387096774,1,5
0.7781327432393691,-0.54196063764369906,-0.31747141783727595,0.58468616815138152,0.80966128724209208,0.05089876927720681,0.2294591873759462,-0.22522714575804351,0.9469008470491812,-14.050193593504106,15.875549163265481,-5.7956278250286006,0.5209289319029388,0.4909789167254374,0.9893333333333333,1,5
-0.89914478849639434,-0.29287259539113653,-0.32521422507115688,0.34513532103185357,-0.93142875141114589,-0.11542136379766313,-0.26911012522016492,-0.2160234337138745,0.93856998491878785,-9.340830853498467,-19.052251302624352,-2.7721075694734436,,0.1706325384608985,0.1428571428571428,0,4
-0.67774204434666363,-0.62663942210513612,-0.3846930672478322,0.70281825487089944,-0.70585311455530297,-0.088418783597156769,-0.21613010420815362,-0.33029443733783742,0.91879995794441205,11.530694428358489,35.424508415418316,1.4581147710319107,,0.29884560628964,0.4166666666666667,0,1
0.94925482771561143,0.12031344811181652,-0.29058552314602842,-0.10843874360714258,0.99248539775262745,0.056690159046472684,0.29522247702962962,-0.022302678118450443,0.95516819440621836,-2.97597901175947,-6.3619234096742119,-1.6680435384148959,0.1644754760766095,0.1866145093347754,0.6363636363636364,1,5
0.92499401645132662,0.26147611019453482,-0.27571056078209727,-0.24755623778079258,0.96515630870224844,0.084789202780014172,0.28827413804408952,-0.010175636087542773,0.95749385259914399,-18.949267024404655,-6.914559354668353,-6.1509234358466447,,0.1143692821511978,0.3214285714285715,0,2
0.89393244939495875,0.38761317751170943,-0.22503510956738731,-0.34939237003106449,0.91713633821512264,0.19179652992020615,0.28073073875656313,-0.092827591505073498,0.95528701999585552,-4.6170665259438888,-9.3139160037124054,-1.9293771138014972,0.4735369145036271,0.1909936025124088,0.3361344537815126,1,5
0.61743303462914867,-0.69958228047215809,-0.35966801442165508,0.76588119525478027,0.63894041371318633,0.071980153369748376,0.17945039009082814,-0.31990589330832586,0.93029983173321729,-10.075612568439182,20.108962440594759,-4.6442607488974614,,0.08675459714510242,0.1111111111111111,0,2
0.61339785193426821,0.76969039958915808,-0.17697390774548427,-0.76464691483913916,0.63485374217023571,0.11079630715612208,0.19763140152670949,0.067360335752796235,0.97795931116680834,11.477401418188663,-15.306953024525928,3.0861092927432723,0.5239507847872843,0.6052907436563821,0.7770700636942676,1,5
0.25156340046867742,-0.88439406344203764,-0.39314500644560796,0.96389496398942287,0.26557940722615669,0.019341066496787362,0.087306093375351557,-0.3838159962871332,0.91927304271018961,19.33310319024071,16.539363246435787,4.537582960974909,0.553677476633042,0.7026622332916033,0.9577464788732394,1,5
0.90206043323816798,-0.28890023975770135,-0.3206612328519185,0.33424307218563054,0.93763566660848552,0.095503536057958208,0.27307241435575474,-0.1933287567114757,0.94236693933218751,-9.5319268449138974,25.645968792444215,-4.5031122866928053,,0.147912782916777,0.4,0,2
-0.62473491883514998,0.73950951910876972,-0.25066302546557157,-0.76399404547952054,-0.64522303353577426,0.00057919489711114372,-0.16130523754631823,0.19186690215461458,0.96807422866106529,-12.36227157015856,18.684619949797547,-5.2904672524607985,0.4046814183727698,0.2634810984772743,0.5806451612903226,1,5
0.23660839014933946,-0.89155919166730124,-0.38618477114521954,0.97133587446913505,0.22641147320058891,0.072418670054201842,0.022871132027476246,-0.39224998732528554,0.91957428126448515,12.319712771448318,16.144930885592814,2.189229508696108,0.5309459810181738,0.4534441713745562,0.8860759493670886,1,5
-0.45644940864536926,0.86543864660125591,-0.20656690518153542,-0.86864033731626111,-0.48371550196824237,-0.10716005572367918,-0.1926600678251289,0.1305192021297869,0.97254657273624623,2.0275120095498416,12.916744940493148,-0.87459339210625608,,0.3884795599056627,0.3214285714285715,0,2
-0.78509122502033646,0.57906417115949282,-0.2198100408885752,-0.56866466130561633,-0.81453270032411174,-0.11470389306767334,-0.2454633809313238,0.034945182530373931,0.96877580628320958,-13.281265775740398,-4.4750398851852546,-4.6222092523733069,,0.3436214220599921,0.3625,0,4
0.78429621119723214,0.57360305542611367,-0.23634506110239106,-0.5658548559976847,0.81759437740597363,0.10652565877748861,0.25433783644103325,0.050189329941383982,0.96581224682364053,9.2835369555394447,6.9230176389985107,1.375734520661674,0.3414312906319336,0.3285258834311809,0.648936170212766,1,5
-0.026234597010315507,0.97787983566972569,-0.20751571726078172,-0.99963090357444007,-0.024197010822259023,0.012351570192356692,0.0070570913736168741,0.20776316241773427,0.9781537025455288,-11.437645727271292,-3.0746447679613409,-4.162056552486737,,0.09413236418494238,0.2777777777777778,0,4
0.57546673429115958,0.77820423938495631,-0.2514680884874827,-0.79678415491546761,0.60279826761914945,0.042062560918183722,0.18431779132767209,0.17616018380619675,0.96695115773313756,4.4361549780444562,-5.2682132531964259,0.42886162523344901,0.4450106180841402,0.3786919039773529,0.8989071038251366,1,5
0.73913217979867529,0.6409162405737423,-0.20714727455334445,-0.63069520955528457,0.76651087321354072,0.12118017118914542,0.23644697805231885,0.041078629653817908,0.97077565521375209,-16.678938505571935,-15.881507178765197,-5.0852869643759622,0.397879841793333,0.2744389559941933,0.5925925925925926,1,5
0.86545836577371316,-0.3517355048858809,-0.35674073458881544,0.4275330154994223,0.88973717771487137,0.15994772661699735,0.26114619999200417,-0.29094654009740262,0.92040902485530096,7.2393253867723839,-3.5177835228867478,1.1578754562660227,,0.1216098592035984,0.3333333333333333,0,1
-0.93268447914648733,-0.16761831201876773,-0.31938028091168263,0.21623294192343512,-0.96854407233656392,-0.12314907538768688,-0.28869183775504065,-0.18391976896920237,0.93959062436570384,-6.4097490854680244,13.564454158898149,-3.5105818171307521,,0.1271952029577812,0.3333333333333333,0,5
-0.95611480324166143,-0.0010309501895139671,-0.29299047794060923,0.0063156604451090146,-0.99983397862692214,-0.017091741169430637,-0.29292421452536488,-0.018192095117590675,0.95596257888053926,-12.644151346880998,-1.9498320990116975,-4.5123704972125305,0.1142821545625243,0.0990387522748219,0.5116279069767442,1,4
0.29061868445485622,-0.89108383870872732,-0.34858337974987696,0.95275909852309126,0.30309943371723741,0.01951495482331778,0.088265964149239026,-0.33778739714857381,0.93707459356253819,-11.495576942147808,-7.9023529742375755,-3.9866136902557621,0.2466602231859243,0.2429950716656648,0.859504132231405,1,4
-0.60686794339359362,-0.68176247255863842,-0.40854770870972013,0.77022448432920365,-0.6313002240520541,-0.090632614723615626,-0.196126344535973,-0.36967547676652629,0.90822601749586485,3.411715024252568,-5.1754832245566478,0.09906425838040081,,0.1308362233202012,0.4105960264900662,1,5
0.27140477972277166,-0.80132920262630425,-0.53311439162896845,0.96112113064291904,0.25491448117892285,0.10613566562168156,0.050848970248281437,-0.54119323379322826,0.83935943785789235,-9.949840476214538,16.731500876863997,-4.605447857652643,,0.1010204436032895,0.1818181818181818,0,2
0.20552367642741015,-0.90409691899195188,-0.37465821690845202,0.97795907877388522,0.20413725696272869,0.0438636588016336,0.036824701919967277,-0.37541542508132547,0.92612482956646447,-13.515355544839137,-3.2814867078231562,-4.7551564744317698,,0.2694321572514535,0.4285714285714285,0,4
0.3277818477020093,-0.80350312113914657,-0.49693238437105963,0.94021224480611754,0.32894575860502562,0.088292823108141488,0.092520241210764118,-0.49616269732358376,0.86328592178425323,14.62064136945464,6.5416834775018486,3.0555613972646358,,0.2270918983414766,0.3214285714285715,0,2
-0.21717222060062449,-0.91667117902767159,-0.33548498645902625,0.97356640588178023,-0.22831489638802668,-0.0063844675391567119,-0.070743762536548349,-0.32800344148704297,0.94202391818617293,6.0722004353646506,-22.179599096315801,1.9148763734531287,0.1525708576878076,0.1917390552623513,0.4193548387096774,1,5
-0.72653209694520771,0.64492888232120038,-0.23710303426216781,-0.6565490120761005,-0.7533575763206749,-0.037359830595642705,-0.2027178010197819,0.12852664684090206,0.97076588022114685,17.167482106153784,-9.6408558704132421,4.5823561062019991,0.1247655384405019,0.1045568011521461,0.28,1,5
0.73753095401668856,0.66822411649859204,-0.097594169892001009,-0.63357729734972235,0.73470319214161606,0.24246861186541388,0.23372612209647053,-0.11699465623093723,0.96523797597439676,-9.7810300790715132,7.3806527420740169,-4.3790145291425642,,0.1254662862954103,0.3523809523809524,0,1
-0.64087544729704315,0.74692874791309638,-0.17713301948758406,-0.7409869465567287,-0.66220682240414863,-0.11144715964947874,-0.20054178139318124,0.05982950695413377,0.9778565457229782,-6.8488421458404058,-18.771279467364913,-2.0217964993008035,0.433331350517307,0.2143452718387875,0.3333333333333333,1,4
0.060845552691305621,-0.93370663906324536,-0.35283102313558956,0.99810610094114005,0.060122489713625805,0.013019120350815755,0.0090570404527974633,-0.35295495236623664,0.9355964790540755,-16.071569433353829,-28.38091572475162,-4.1664790383391024,0.5213359147889535,0.4484284906123736,0.8867924528301887,1,4
0.80216255542534176,0.52522070808661359,-0.28403950864357397,-0.5414341108522317,0.84037523977884343,0.024870865933980229,0.25176246399958052,0.13383820143609548,0.95848995694123595,-10.243879883667477,-17.412777432102686,-3.1329003064413854,0.519506048214938,0.4251353585877666,0.9183673469387755,1,5
-0.52310625494941354,-0.76811796393407439,-0.36926229094584223,0.83779071415956086,-0.54296733995399038,-0.057386296372056805,-0.15641791873315875,-0.33938364902431623,0.92755170932629272,15.841164871776559,11.225375724650419,3.3520008177240745,,0.1569827847797089,0.6,0,4
0.88942384070163183,0.38478434805271006,-0.24671083698372404,-0.36119435044082582,0.92244010440644497,0.13653898707789489,0.28011403535201285,-0.032330469781282942,0.95942215313308954,11.106821287019686,5.8077284306021406,1.916386533133988,0.3665322730412233,0.3165535854369028,0.6875,1,5
-0.87624044706519688,-0.34865361588848631,-0.33263092919159976,0.39577681934234948,-0.91449330793162198,-0.084039865656319906,-0.27488795571693675,-0.20528674062433447,0.93930504412868976,15.084637407296714,24.865798100773876,3.0515568173683114,0.4201633616462732,0.3668465886858861,0.6896551724137931,1,4
0.24222890160101634,-0.87621006864742312,-0.41663062157028546,0.96823889661090756,0.24573364315048454,0.046134756027120701,0.061956422740961602,-0.41457314460161027,0.90790446053330676,-0.15050414954540797,-10.568698987981355,-0.58148523772041394,0.3014916288253963,0.2556118125790897,0.7446808510638298,1,5
-0.49641963164603731,0.85525271775010492,-0.14869545419235961,-0.85802810131653329,-0.50941303203977961,-0.065468619499604655,-0.13173961692504638,0.095084970258701482,0.98671349527780572,10.221105465192988,11.886174755143822,1.6093848000844702,0.4775287776233729,0.5131157259866647,0.76875,1,5
-0.95529595541662171,-0.027717995301765126,-0.29434902802811302,0.07485811438092714,-0.98583037973769572,-0.15011570569917912,-0.2860173076510853,-0.16543933970698091,0.94383469135296261,-3.7037647567684004,-20.074619846547353,-1.0914132730598052,,0.1864608550496154,0.1052631578947368,0,5
0.53643900975154224,-0.73681903903015811,-0.41149835059142376,0.83038958679514252,0.54785191991449067,0.10154510322119221,0.15061979603950035,-0.39617669993158883,0.90573599877245592,-14.419163934087752,0.55970379929152236,-5.1886402435664163,0.1504195297528355,0.182009267428128,0.3066666666666666,1,4
0.91400731589543516,0.29499739465076397,-0.2785088214740874,-0.28403309753620665,0.95547878847682854,0.079909225217374258,0.28968228456985667,0.0060681067982273698,0.9571036266184948,-16.489067614134775,12.062459783555004,-6.43038694478438,0.2853953443774288,0.1745848039555298,0.55,1,5
0.804363033774257,-0.47452674043223914,-0.35752549910772236,0.54138351778203286,0.83327749041561616,0.11203798748907585,0.24475292964829451,-0.28367762791839118,0.92715856618335257,18.048989310196422,-14.684580742519685,5.0338857917086921,0.5926425006425049,0.3760412328954884,0.8245614035087719,1,6
-0.81798788964202362,0.56051960142716584,-0.12928104584554956,-0.52065788454029627,-0.81698863636303864,-0.2478808893797306,-0.24456324266948093,-0.1354523697452128,0.96012576044255504,11.682113338891888,-16.145601028216486,3.201136686756056,,0.2045174593324364,0.2285714285714286,0,2
0.20185828659582999,0.97395641743137895,-0.1032575860497819,-0.97669268849438429,0.20803019544047127,0.052866151993599522,0.072970023805716405,0.090179458466058973,0.99324873062922192,20.646932687113615,11.797991202762239,5.0157270553503315,,0.6524550448542743,0.4571428571428571,0,1
0.48661901890624926,-0.7309440283375902,-0.47845873163349828,0.86292267757867291,0.48758804335596845,0.1327492090249596,0.13625851518042303,-0.47747117966838026,0.86801779338151352,-9.9904919461251342,-7.2877819491758205,-3.5849872046663509,,0.08370121383432509,0.2142857142857143,0,5
0.045003011350257527,-0.81209262483364064,-0.58179059605687689,0.99898337526979297,0.038119866045351301,0.024064325198443568,0.0026353185728788769,-0.5822821004491654,0.81298254015232518,-8.1742418415229601,6.1206470875466854,-3.8684747034993721,,0.5079794527067363,0.2814569536423841,0,1
0.81815993927781572,-0.47301929223696693,-0.32690528128581742,0.5173753590958996,0.8536794561260016,0.059616474139308928,0.25087258032975479,-0.21790854815737037,0.94317485816715729,-6.2186963377661089,16.204048420200373,-3.4819939742835597,,0.2680780096606369,0.7421875,1,5
0.24723006725055235,-0.82603548302888252,-0.50650041917507727,0.96676499681520722,0.24542619435194629,0.07163395883807154,0.065136278525727176,-0.50737694459165394,0.85925892565434403,-26.91658708792097,-17.374531695983805,-7.9326031713837732,,0.5934938099521198,0.1818181818181818,0,1
0.83516949908968097,0.53611810544831351,-0.12275701528141988,-0.48355256816892311,0.82209990281578338,0.30054727349872751,0.26204736519860483,-0.19164844586061933,0.94583405076772242,-16.608463960464885,11.351871817558905,-6.3544760054990768,,0.7656199088078826,0.5217391304347826,0,1
-0.41331874226951643,0.90553554661175273,-0.095775733415626368,-0.90203434310398989,-0.42154728376647316,-0.092908188067921782,-0.12450566713889198,0.047992305338094121,0.99105755507873328,-20.970462503465114,2.4390569551127435,-7.1606049362136952,,0.3887926535692352,0.3333333333333333,0,4
0.80521643200932747,-0.49567441690900266,-0.32547406969540266,0.54206230882926143,0.83781107843657776,0.065123346010694874,0.24040580477363283,-0.22886561399838651,0.94330566613388001,16.644884097533097,-8.265165907627642,4.2882959644034004,,0.08810383038213555,0.5,1,5
-0.060967432387883935,0.97155055252297984,-0.2288503792444376,-0.99803077785547067,-0.062724807655686859,-0.00040614992711108692,-0.014749191206130236,0.22837496009162475,0.97346152413021203,-19.085746403213356,9.1288943622996133,-6.8377962929189646,,0.141654791890729,0.5,0,4
-0.58280078971533611,-0.66069462177947214,-0.47310237397297111,0.78935304154247943,-0.59858478519154923,-0.13644790487517242,-0.19304148599411949,-0.45296674457278574,0.87037699475360386,-11.227847864297296,13.062590792309859,-4.9410342586496601,,0.1190890919183287,0.4,0,3
-0.86245363442482414,0.42061687701330325,-0.28152294975541126,-0.43508634622760184,-0.90030571990527064,-0.01222628447928111,-0.25859930354455224,0.1119421881036308,0.95947660040714089,9.3921066090207166,1.2045762886606417,1.6540735333905372,0.1635949361983722,0.1559703376283622,0.59375,1,5
-0.21922403238166913,-0.9137351207134774,-0.34209494705570864,0.97243390820061437,-0.23317842110384471,-0.00034367600666672561,-0.07945513078461551,-0.33274006838107928,0.93966532823434257,-0.73292126777101563,19.812501223933275,-1.8814184026570044,0.2677332041742564,0.236573788752468,0.6875,1,5
-0.031025466763271458,-0.92056231099307806,-0.38936159542410376,0.9995094447268581,-0.026907575767812473,-0.016026611248377568,0.004276717658243669,-0.38966782513492398,0.92094554439482945,-14.037856499897648,-10.756857579486534,-4.6205129333118773,0.2403996844965123,0.346161303784712,0.8701298701298701,1,4
0.38396425965387787,0.91365794412225987,-0.13341892088731416,-0.91443736255179986,0.3962939681093316,0.082191245333482654,0.12796779781553669,0.09044474546620189,0.9876456807680557,-6.6963601832856234,17.393306763240115,-3.721205703323776,,0.1241516207088873,0.15,0,2
0.85455222668144415,0.45140787895748447,-0.25684901924845016,-0.45181081892873109,0.89002560890991733,0.06100327354724782,0.25613956307594321,0.063916682483025775,0.96452432936014065,6.5574355733779601,-11.360115613248899,1.5099830224451334,0.4425177038365476,0.3022839359858973,0.7352941176470589,1,7
-0.7259226420017979,-0.55812094402402757,-0.4019170681507046,0.64774163580158128,-0.75125165860357601,-0.12669537755762181,-0.23122952034336278,-0.35230946238655703,0.90686876207898659,9.5373542843663142,9.6552514782303582,1.4201369767925442,0.2483374474312912,0.1764363112407497,0.2105263157894737,1,5
0.3642683660630438,-0.85167493942426209,-0.37677361245506541,0.92638709064886693,0.37284682172878753,0.052841326685372038,0.095475210211283149,-0.36828663440779558,0.9247969718547363,6.5034503832463644,-19.723118693963826,1.8840479198054567,0.220145669515559,0.1371742992980996,0.6538461538461539,1,5
0.43974542303022174,0.89515998410776254,-0.072887349904918547,-0.89390799194803205,0.44409101099542764,0.060923524885682839,0.086904918476509524,0.038363743368572518,0.99547765336010519,11.453351985379479,-8.9043123356531257,2.664682901289531,,0.3696824515395817,0.2424242424242424,0,2
-0.9527380253939598,0.0074470606633082028,-0.30370182129170281,0.044376205949047905,-0.98556486211422556,-0.16337886923141956,-0.30053453597546503,-0.16913439583138201,0.93865464833066636,-0.91096063224585511,10.68229243616849,-1.7355364623291911,,0.2340606044442866,0.3401360544217687,0,5
-0.22092202066538205,-0.88902548031458384,-0.40103261231045351,0.97186665024250196,-0.23510345984283762,-0.014197792657477446,-0.081661955227278274,-0.39288682660703861,0.91595374694746878,-16.75768390285479,21.726558608942231,-6.4763264520065436,,0.1745901034981425,0.3333333333333333,0,2
-0.90479499022460852,-0.29422792898757022,-0.30785703088956085,0.31473050909868616,-0.94901039522398778,-0.017999344412862398,-0.28686361272725497,-0.11317771671356658,0.9512623571510499,-12.506906278088211,-7.7046256943383415,-4.2477650785122316,,0.2322721836975034,0.9050279329608939,0,6
0.74364648926766319,-0.57037275889972783,-0.34880483784631111,0.62640351015266671,0.77675798862808398,0.065312093603488483,0.23368470525110674,-0.26706168390011625,0.93491684952413656,10.92978454402806,12.779489004912818,1.7825464515173484,,0.07155596182824116,0.25,0,2
0.88711250217673954,-0.32107186518559544,-0.33157844602441516,0.37485815416789325,0.9203232875586056,0.11174260884353504,0.26928195768666535,-0.22342314956951587,0.93678670117635288,7.122295852003365,7.4948402991056096,0.76564956763240366,0.284912652495729,0.2961337061061743,0.7313432835820896,1,5
0.48705876164780681,0.84504641097846156,-0.22061352178532961,-0.85681633588391382,0.51127819548549458,0.066786026858626002,0.16923217561849616,0.1564965498454125,0.9730720942571075,21.725751401565883,16.997506728813011,5.3603460481775516,,0.2655604410826986,0.5151515151515151,0,2
-0.94848026716585399,0.14309294440907494,-0.28268284712258507,-0.13323968296815605,-0.98961794705111217,-0.053884188375504044,-0.2874584660077602,-0.013443516455264268,0.95769875335920818,-12.495599848505044,-0.95424572443996591,-4.5956652076292279,,0.09229446509048367,0.40625,0,2
0.21515527079041577,-0.88907110821350055,-0.40405540955557173,0.97501923278633562,0.21894409235374163,0.03742966898253474,0.05518790762339728,-0.40201498599357494,0.91396840530115531,-25.855197917762819,2.7969393969093725,-8.4867009984659756,,0.3494239270223841,0.5625,0,1
0.16833259995976727,0.96166161134859629,-0.21649730032775363,-0.9837115242762775,0.17793514549013725,0.025509233729104904,0.063053729444239787,0.208676853670512,0.97594989520228337,-4.810419457320215,17.437097473814248,-3.0616183445399501,0.3186421155635532,0.4003578916496612,0.8360655737704918,1,5
-0.88765945763695631,0.40919648310031248,-0.21123192345382077,-0.37663349163912185,-0.90904706683509651,-0.17827126311952762,-0.2649677343439924,-0.078687155856874705,0.96104132650982699,-16.689346011833486,10.439215374828963,-6.3529620618141109,0.2430632534372537,0.1630811223176479,0.5,1,4
0.51720615827944372,-0.74504091262499172,-0.42120283516702101,0.84228382229396104,0.53040621938008914,0.096058342400825225,0.1518412083055598,-0.40445430020935419,0.90186527070425948,9.1535391710130085,5.2670659231671673,1.3933324326140519,0.1350528471661037,0.2089356908865698,0.5,1,5
0.82465111613757214,-0.43811117422806778,-0.35778364365851112,0.50690600502038119,0.85307006735715774,0.12376494759636998,0.25099171047533436,-0.2834255796426261,0.92556636827237171,-9.5149220467974178,11.837071015706073,-4.4237138959770466,0.4833052308843687,0.4998507155280787,0.7609942638623327,1,4
0.65490103963530555,-0.6350831921008171,-0.40960220628755473,0.74418009664290841,0.63629776612069544,0.20327601085805599,0.13153179100562484,-0.43794348030407954,0.88932833982393855,11.52306950883743,4.7280702359050322,2.0332273046919198,,0.6865766290186839,0.4583333333333333,0,2
0.60949636846604693,0.74976597463717998,-0.25761436315364755,-0.76820594307829726,0.63883865722888189,0.041770791818953122,0.19589233227945396,0.17244173887535957,0.96534451925090337,1.2589083754056063,-7.1840916542610982,-0.34734600867563015,,0.09460088543996711,0.2619047619047619,0,1
0.78706351276102215,-0.42549642154282791,-0.44663611826018657,0.57016670636635713,0.77814726723839245,0.26343264308122744,0.23545902792549647,-0.461995265932097,0.85505521483978464,-0.60294434085259319,26.728832902191375,-1.9568364391933335,,0.422238019014334,0.1428571428571428,0,1
-0.38456577294969269,-0.85902268353360722,-0.3379189184557832,0.91526136964957849,-0.40243162720242398,-0.018585226777955207,-0.12002412883576422,-0.31643137423765383,0.94099170766552809,6.5268497834049013,-6.6064375207887931,1.1757465430656684,,0.0768884431273807,0.2068965517241379,1,5
-0.29898430761848993,0.95331598551888896,-0.04239122022356074,-0.95048999429409164,-0.30145358123636928,-0.075461971260936497,-0.084718088651189641,0.017730485439434267,0.99624719590138466,-16.871943700295322,-6.3657482065561242,-5.6389638026943683,0.4456582636004949,0.1933940565196151,0.2142857142857143,1,3
0.86566528496990836,0.41579217303375571,-0.27881980424968855,-0.42011556260054628,0.9062477029429753,0.047095806303825573,0.27226187478013469,0.07636733434164332,0.95918793872043551,-6.7153032780638782,-13.806358011995572,-2.242225986157163,0.2597791098436268,0.2008436476609918,0.7578947368421053,1,5
0.86808981034208432,-0.28864195877591337,-0.40386371564458107,0.41098336690674464,0.87419449613752487,0.25860521079215398,0.27841112281343799,-0.39047381801711384,0.87750637840240098,-1.961975364839627,13.624407714850374,-2.0464231948343543,,0.6022814284582407,0.2242152466367713,0,2
0.69121185542849894,-0.54571525455841297,-0.47373096991577335,0.69206052597119139,0.6885925053270906,0.21654696950047544,0.2080346108405299,-0.47753033678459461,0.85363128934149424,-9.6478510186615551,-6.0671346285343768,-3.5017043135712482,0.7210625788097663,0.4804305891387221,0.6305220883534136,1,5
-0.68600519273055971,0.67739778723651556,-0.26557317898044308,-0.69754555201428758,-0.7161128127830082,-0.024751610717076964,-0.20694704252969795,0.16826965625174234,0.96377292158118355,-5.0976101043818955,-12.951873838583857,-1.8194539890795651,,0.09726330133227819,0.5,0,5
0.91026160342802598,0.36758751447756194,-0.19053407182140916,-0.33853843694882912,0.92572292252487198,0.16860841444083402,0.23836010579138778,-0.088974658820454952,0.96709253438070786,13.784822258192841,-5.0656147644433895,3.2476651401395804,,0.2448774213308377,0.2631578947368421,0,4
-0.88314150021914806,0.3866680759739175,-0.26561040945960668,-0.38389616534736237,-0.92112041930519029,-0.064505095694993422,-0.26960123297615279,0.044999690684029585,0.96192006061630642,-13.993075191189437,7.3615239451597327,-5.5307946491785858,0.3026770747336965,0.2842724798275577,0.9032258064516129,1,5
-0.94164921568495619,-0.10020978389010207,-0.32133277737044863,0.16875002017446211,-0.96656185387617166,-0.19308447198720469,-0.29123905179598758,-0.23604275427167429,0.92707261466662694,-20.903935740605174,-0.64727069988166297,-7.0370167305776894,,0.1955738507185253,0.2631578947368421,0,1
-0.9157683379625855,-0.23477324618532852,-0.32595992707823479,0.26325280141121649,-0.96365220759971482,-0.045523459197914257,-0.30342431302450318,-0.12749880651912257,0.94428689528225951,13.618478639940873,-2.9030968596135511,3.1591885489056306,0.4200549657368171,0.3652958079551343,0.7692307692307693,1,5
0.26239350982006898,-0.90075241784143345,-0.34611374973715842,0.96109814997227161,0.27601497950479964,0.010299379051264273,0.086255388957339432,-0.33535177477057732,0.93813602160563125,14.039003783549207,-24.234827355909527,4.2168401359125021,,0.2660129755100213,0.2413793103448276,1,5
0.12305147213833972,-0.92111337190510079,-0.36933520181835161,0.99228161940378468,0.1199539217787214,0.031436355439315014,0.015346758549932065,-0.37035282197860936,0.92876437499211295,21.308071535091752,-5.8767309045030833,5.6144524641936222,0.5920066874992408,0.5285876172273107,0.9555555555555556,1,5
0.9547325750787764,0.031569655159380747,-0.29578550836132456,-0.01320922326702473,0.99787094465822113,0.063867787088580569,0.29717204865890617,-0.057069560012568403,0.95311690721329723,-14.428531234566989,8.3378750663416206,-5.713521121603363,0.2821514529433725,0.2237251501039939,0.8315789473684211,1,4
0.91072390942875292,0.33666892272793286,-0.2392404590867159,-0.29468204856953784,0.93553914000173033,0.19475371055690888,0.28938633527806734,-0.10686699206975364,0.95122815084515555,11.046670942822507,21.350454280589162,1.7269708805160844,,0.2961579206046598,0.3333333333333333,0,5
-0.94709406731376355,0.21540579692631781,-0.23793522292760669,-0.13709326033158606,-0.94180551062186812,-0.30693292122862581,-0.2902038346244375,-0.25807503330004589,0.92150909466833364,-15.349214650836156,-6.9666234597872068,-5.1178286422185462,,0.2363552232945829,0.25,0,2
0.31822047933808872,-0.82639067222013207,-0.46455805169795034,0.94265181857169933,0.32788365026324867,0.062448865750438211,0.1007138296030175,-0.45778900025842256,0.88333796237288953,17.675980967102912,16.726422114368471,3.9964994315369382,0.51230608235806,0.3121276651364506,0.6129032258064516,1,5
0.92485252951515073,0.27337107916910242,-0.26441643618229621,-0.25929817040549391,0.96182977755766896,0.087452488973884357,0.27823058328262446,-0.012317957512682321,0.96043532340752913,-17.20725209474336,18.795024756371994,-6.6602613716723793,0.4381397207187434,0.3782470019007138,0.8346456692913385,1,5
0.9546487914336409,0.12169437171504138,-0.27172810842305373,-0.060595257126845818,0.97296546208742452,0.22285965179623016,0.29150282987995318,-0.19628726264810664,0.93621440423339619,-10.379536883861199,23.962345061662994,-4.6583780255310137,,0.2057851214754416,0.2608695652173913,0,3
0.46900829988226361,0.84308359564374391,-0.26313735082265216,-0.86991382624582692,0.49244867144370952,0.02728077894177532,0.15258161602202647,0.21611190793137799,0.96437259070463277,-18.297329382096311,23.85524904308409,-6.869827696604788,0.3110365460935571,0.2658400449236406,0.6086956521739131,1,2
0.95292344065372447,-0.09758846980582575,-0.28707735336251322,0.14082544727836033,0.98092384465389248,0.13400225516116016,0.26852394614171293,-0.16812168673429478,0.94848826497648275,15.152043291295046,-10.687951142795146,3.9907173231577553,,0.1606674760175092,0.3043478260869565,0,6
0.83766747688005005,-0.42036003906977421,-0.34872716517453728,0.48276964911694481,0.86845185235440836,0.11280445928109122,0.25543426565148425,-0.26284751795566819,0.93041094051802298,-18.786882593813839,-14.437372454635076,-5.8154397320932887,0.481000676452267,0.5001167289422197,0.9439252336448598,1,4
0.67033716268163002,-0.67419473936022345,-0.31001538953242724,0.71382657318918352,0.70000210476281854,0.02118199085573132,0.20273063837745359,-0.23549629879602144,0.95049554523755952,-6.6566784796078959,-2.380423750443184,-3.0382309729660526,0.6899662147354702,0.6228907726434131,0.9777406789092933,1,5
-0.31227674516699117,-0.88443384487912402,-0.34678524833135382,0.94534630591711788,-0.32535940455615997,-0.021485338156973788,-0.09382748167124888,-0.33454152492506772,0.9376984439488214,14.151277818064354,-8.0872394005425186,3.537936272022927,,0.09139264911888828,0.36,0,4
-0.95560187632344573,0.065799954128126933,-0.28722015946629609,-0.045835356897835418,-0.99607691070249815,-0.075696155935515805,-0.29107417272089975,-0.059170550125060201,0.95486892921109334,0.96764289673936632,-11.123110751304939,-0.1678233103551538,0.2293043402624382,0.1706751709820108,0.6403508771929824,1,5
-0.36413574764745532,0.91455845522181423,-0.17603405712394951,-0.92500487617197213,-0.37715602995482345,-0.046035943856855242,-0.10849486782011301,0.14606902837701652,0.98330702357182964,-0.16348570633479204,12.12329848537105,-1.5224443383027175,,0.08636456634458439,0.3142857142857143,0,3
0.31296679418616596,-0.89183499241793429,-0.32662230792727193,0.94451035926382565,0.32837411302679326,0.0084037573255362017,0.099759545809680272,-0.31112825039325892,0.9451175825404351,-6.2346164753083153,-12.613998843017139,-2.1448852836916021,,0.09548531269016947,0.4827586206896552,1,4
0.24836912185590948,0.96431179598754069,-0.091736249257362193,-0.96541430193506439,0.25417560766777669,0.058051581252794811,0.079296941477951827,0.074145266780833732,0.99408977184469705,-3.2918432280450647,18.609039554681932,-2.5641029693551332,,0.1834450914551456,0.3066666666666666,0,4
-0.27698582976248831,-0.78162407216227492,-0.55887624741730513,0.95608398086282342,-0.2821952218097234,-0.079178774461706056,-0.095824170480535306,-0.55626402598426572,0.82546233211909414,-15.826874897992155,-5.0893438445498571,-5.3596940858645876,,0.4373981040960149,0.2142857142857143,0,1
0.24400756296255599,0.95536394677421488,-0.16655341011540203,-0.96071339001899514,0.26155744608960146,0.092830407913007479,0.13225010947172972,0.13735876964751903,0.98165293100241657,9.0351726293649719,-8.4558609718056843,1.9595247576858295,,0.2712134111545844,0.5,0,4
0.68582615625499943,-0.64682595561512402,-0.33355459304149115,0.69889010417165753,0.71318847785424833,0.053989048397526267,0.20296577467007315,-0.27014510582004309,0.9411835719529188,1.0710856717665016,-18.498056071271773,0.23556897787948461,0.1919998253356577,0.2546403379736956,0.4285714285714285,1,5
-0.95371243831410779,0.021762772725429282,-0.29993160341694686,-0.0079404878432666054,-0.99885262277977827,-0.047226969188901347,-0.30061525852453053,-0.042659344688588612,0.95279097742000596,9.1293060323716393,4.3453376639086452,1.4391141468698547,0.2363534222157839,0.165942294351477,0.28125,1,6
-0.72666013217096337,0.64288778899716159,-0.24219897413411767,-0.64358603678819248,-0.76036926581282738,-0.087381879463245563,-0.2403373994295214,0.092378949797033552,0.96628363541449447,-15.087558045658215,5.3117839234610669,-5.7525171576286001,0.6331448413766692,0.4278233525485357,0.4838709677419355,1,5
-0.75836868003021507,-0.57200090827196737,-0.31255704452991478,0.60634607334854651,-0.79503522285044737,-0.016230642684150795,-0.23920991719414569,-0.20182654771656189,0.94976031721313037,-8.9990815391469443,1.5977705492738183,-3.8533474645346164,0.3900416252006799,0.3676792685217165,0.9658500371195249,1,5
0.94658426633201143,-0.11162403093986541,-0.30251992074808015,0.16306008503099992,0.97508083539570223,0.15042863129638623,0.27818992685280997,-0.19172229959177167,0.9411976011640022,-25.722466731184149,-17.308686624368804,-7.6457039252534571,,0.3246720161662842,0.7058823529411765,0,3
-0.86729062146835978,-0.32444383117569869,-0.37754890852055367,0.41852082644417454,-0.88588194800237929,-0.20013368541051685,-0.26953162290445987,-0.33158614961355826,0.90410360558895198,-19.523014311689156,-3.0605584652810167,-6.5312330017178555,,0.4912285487435002,0.2631578947368421,0,3
-0.83530604431783972,-0.43995346425372578,-0.32970405156325766,0.51354800460891215,-0.83849413013429808,-0.18219780649758244,-0.19629635576924623,-0.32150978682066778,0.92633643871448834,-14.72158623047525,-1.3723795206683109,-5.1549944368882219,,0.2547039354364313,0.2037037037037037,0,2
0.078614919658904228,0.99120582795861301,-0.10644576566451411,-0.99653974890691188,0.081027208466175379,0.018523507678861986,0.026985612010364333,0.10462121251954391,0.99414595439269726,12.679318672008661,-16.837152523536538,3.5102019104073632,,0.2694902501418763,0.2631578947368421,0,4
-0.18320764374975648,0.98200991074641009,-0.045732859821909139,-0.98032910790339889,-0.18597235706185605,-0.066099338923956183,-0.07341525365337076,0.03272334953340874,0.99676445709421524,-6.0224684617393791,-23.444741455300075,-1.6704092479028574,,0.3518592574525117,0.1764705882352941,0,4
0.064268230163167087,-0.81653461116222881,-0.57370795999867596,0.99789588445505772,0.057519514914550263,0.029921717725656445,0.0085672854133151607,-0.57442382800345515,0.81851320541730066,-16.502638215015654,-3.5315013182098132,-5.5762590837759376,,0.1276627612423153,0.1,0,1
0.48644163404987001,0.86337552681357743,-0.13400461321264653,-0.86701507118315868,0.49595602136936878,0.048088368746819057,0.10797871551447574,0.092791834591438943,0.9898132512898582,20.255305239971058,-6.4529253619532998,5.341346206049133,,0.1958149871017141,0.2941176470588235,0,4
0.34577224584309485,0.92825438857217868,-0.13705963702386045,-0.93471159360207745,0.35354392701511833,0.036344579466454668,0.082193617699229185,0.11554428487475603,0.9898958164586279,28.501633871193953,-10.772607513717951,8.0210365646976864,,0.3769172648277439,0.1428571428571428,0,5
