axis_00,axis_01,axis_02,axis_10,axis_11,axis_12,axis_20,axis_21,axis_22,location_x,location_y,location_z,dbh,dbh_approximation,score,reconstructed,number_clusters
-0.93546152672411875,-0.26972668780854403,-0.2283839878424325,0.32237809010592156,-0.91605125988887937,-0.23858427499660304,-0.14485889354347026,-0.29681240395210673,0.94388468459951835,-9.0860766767382035,-15.284488722113821,-4.3162333471172341,,0.3985388459831332,0.2666666666666667,0,1
0.72706354142548091,0.68220216498121078,-0.077322783348685017,-0.67512887781605857,0.73087351413063273,0.10012444597185285,0.12481828819795721,-0.020593990319747593,0.99196586760535377,-6.1116299670200345,12.894542865281295,-5.1881071985173897,0.3338268275905986,0.1746621253419286,0.3333333333333333,1,3
0.96778122732935368,0.21960948764909966,-0.12317129926809561,-0.20773518128044077,0.97282242007557984,0.10228701509319806,0.14228700041561509,-0.073404440824746023,0.98709989240194651,5.1354071108512525,16.936986314346548,-4.1263687718986111,,0.3210472501746442,0.547945205479452,1,5
-0.47647914508455624,0.87824133035086027,0.040740519916205226,-0.87862291359868494,-0.47400470949266893,-0.057804074926688938,-0.031454729355854916,-0.063337990513773798,0.99749631526077764,-6.4247578982186822,15.961438847386137,-5.3414129875408971,,0.08556813663950789,0.25,0,6
-0.19801899403272405,0.97482212896424059,-0.10251972924220551,-0.98018653455432725,-0.19642068712427019,0.025559169548518671,0.0047786484122968086,0.10554965917167478,0.99440255126789412,-2.1072681846243535,-3.9402839117961301,-4.0213107943075661,,0.3565964674966279,0.946652719665272,1,5
-0.27854910171926006,-0.94318513160387496,-0.18114139629796239,0.95745924572901653,-0.28750913418435314,0.024704058949653208,-0.075380307106150457,-0.16655421124050226,0.98314673575140243,19.415883543659668,-11.715848885166386,-1.5429484348992129,0.5409323690265506,0.4421335539273042,0.9324324324324325,1,5
-0.98941414942107953,0.022284044569081916,-0.14339826457459753,-0.023168229201265687,-0.99972145767732501,0.0044989126690456599,-0.14325806811848582,0.0077735717124915258,0.98965483755791916,6.1516748085568977,0.45963129137436459,-3.3260133557148639,,0.1220240754377478,0.410958904109589,1,5
-0.9558387608122626,-0.22594856133065588,-0.18793485829266757,0.24303903357154061,-0.96725045285985012,-0.073202387959869067,-0.16524010254623345,-0.11564518612991406,0.97944979423934131,9.0994142369215059,11.697466965763157,-3.5028036730398227,,0.212244490217869,0.3225806451612903,1,4
0.67912586516961759,0.72442953042238378,-0.11827896985357784,-0.72377794782106186,0.6877239618664247,0.056402433659211298,0.12220287028360398,0.047303358514527979,0.99137724947050065,2.3310235303693627,2.000163970196303,-3.7608936152442882,,0.08422938855489792,0.3465346534653465,0,3
-0.94418603285648806,-0.28986010195436851,-0.1565051329948289,0.29944014475013603,-0.9532319494333622,-0.041042055156747068,-0.13728923872883686,-0.085615254916837052,0.98682404361404819,-16.584399886275033,10.39542268587293,-6.2572767401123812,,0.1137800724758369,0.2916666666666667,1,4
-0.83203360090362088,0.54866395046689875,-0.081779926787753532,-0.54732728728409097,-0.83596379813708332,-0.03996709644770656,-0.090293563234553273,0.011506418307985088,0.99584872082868559,3.7544164412541137,-10.64480860471935,-3.1065429145785579,0.1016382326699561,0.14754706946058,0.1428571428571428,1,5
-0.91878691600564832,0.37136176619408395,-0.13386949460590533,-0.37692179175299528,-0.92607107513242792,0.017953459409855353,-0.11730543840138778,0.06695373337073933,0.99083632942538924,-10.993562462632067,5.1618392912702182,-5.4016552477992485,,0.2183768720181725,0.7505938242280285,1,5
0.97345393894177656,-0.17290879066366985,-0.14996659251302408,0.1871967841239664,0.97846513094279897,0.086967531543313589,0.13169963087414255,-0.11273214998534919,0.98485870539245146,-5.5767626428654049,-19.078026268733872,-3.7736982752723534,,0.150120384030068,0.25,0,5
-0.14309001790624126,0.98954826680098529,-0.017873848123931835,-0.98959855047319989,-0.14277999116772261,0.017566531344767215,0.014830902768651377,0.020201529479494353,0.99968592194236461,-1.4938426699489442,-14.430336157795283,-3.5179716241769969,,0.360032312237072,0.3,0,5
-0.44409085691997935,0.89595874017864818,-0.0064223591901505705,-0.89554906372380672,-0.44408773033560822,-0.027891974271841227,-0.027842149045848145,-0.0066350329959347096,0.99959031161453882,10.541125577155205,12.87306621289267,-3.4345772327932562,,0.1810946744952263,0.2857142857142857,1,5
0.31942239061205829,0.94486104742872856,-0.072159111881753224,-0.94543680399833907,0.32292078950064707,0.043259835340479592,0.064176210709921161,0.054403720094903379,0.99645453946416995,-10.217229369330203,-9.9657868511568566,-4.6913536515274412,,0.1984541706328514,0.928,0,6
-0.42356965907836086,-0.86434896938789074,-0.27108965864881607,0.90116156892097521,-0.43251172361884654,-0.029007509926577434,-0.092176844207897998,-0.25658228319653131,0.96211691666944887,2.6791891825249579,-15.193144205000724,-3.0186905960002042,,0.446116632158832,0.1153846153846154,0,1
-0.45508862346664242,0.88926981952795681,-0.045755140344603609,-0.88990544651402959,-0.45600187627325667,-0.011427383774879169,-0.031026457353448892,0.035517276246741718,0.99888732198987784,-0.13299138776429442,24.182939802142695,-4.94848268452174,,0.1098815108506157,0.3846153846153846,0,3
0.49427303459201283,-0.77621592300519338,-0.3913860091372699,0.86838723443991617,0.46157862077399286,0.18124234578644557,0.039972219565566167,-0.42945781832163077,0.9022018642994637,10.172489160638492,14.796039887885513,-3.5164652499070606,,0.3312272502985948,0.3846153846153846,0,1
-0.94510770171237191,-0.28692691259176911,-0.15634698268439359,0.29192215382085085,-0.95639508538108808,-0.0094813905888112664,-0.14680901972479179,-0.054602083197048151,0.98765668338648371,-2.6982411726289706,15.032604946344525,-4.8932439182725185,,0.107196217340324,0.3653846153846154,0,5
0.57442759171581725,0.8184394664751139,0.013776123964946803,-0.80729488122164361,0.56366324164052461,0.17481053966116802,0.13530675012318935,-0.11153739166408341,0.98450571030942946,-12.913673053474048,14.29434896241829,-5.9825237053763205,,0.618561379874901,0.2022471910112359,1,3
-0.76554061064715651,-0.60430763077768468,-0.22081635092048293,0.62679225624018164,-0.77794247751271339,-0.044011012243777237,-0.14518622857323268,-0.17209819599647405,0.97432190264174889,-4.5582707074738744,-24.598769565559227,-3.4228653827865974,,0.2275648584763401,0.3928571428571428,1,5
-0.47806216100161369,0.87832458590379148,-0.001578611858780194,-0.87753207605205585,-0.47770566499439715,-0.041650367729833632,-0.037336653816813385,-0.018526182261720363,0.99913099984565046,-12.901598667621801,-1.1950027186532337,-5.3770639588556444,,0.08105724269777244,0.2727272727272727,0,1
0.31890687904722159,-0.89430565295190712,-0.313872269553436,0.94768682036083607,0.29608850376172419,0.11925304379559035,-0.013714700533744304,-0.33548322914626821,0.94194634133312671,4.6623955490645699,-6.1125663523401546,-3.2152305705161903,0.5796391212260146,0.3022609929440873,0.3103448275862069,1,2
0.87512354501494416,0.47231410107101518,-0.10525289017388564,-0.46284284735429349,0.88046757342562065,0.10272950306007574,0.14119234969872618,-0.04118545951520703,0.98912510751222682,-19.078282845880373,10.297811453956058,-6.560548840744775,,0.1821930654858008,0.28125,0,1
-0.963493355478375,-0.22181294679076011,-0.14993188648523673,0.22755153416001384,-0.97351637840500294,-0.022049042578590489,-0.14107038403026548,-0.05536133680835234,0.98845043838138213,-7.0448762670270293,14.023920448559585,-5.3535979306944128,,0.1111715649535819,0.2916666666666667,1,5
0.94275183675352181,-0.23847070592745975,-0.23313235878427579,0.30972645365948048,0.88526564047029366,0.34694995273993467,0.12364666676212117,-0.39929496392664426,0.90844649461673688,-17.630609991966288,-4.7542530189716192,-5.7994102507382381,,0.7805970074704353,0.3333333333333333,0,1
0.37490468046571401,-0.90569246592581876,-0.19790815478426149,0.92682823040251772,0.3709771632645984,0.058011857969648327,0.020878503151327211,-0.20517578195625788,0.97850242033670964,-20.751883685444856,14.405944323977039,-6.9347532359477411,,0.1818416481287969,0.53125,0,1
-0.98652544803556574,-0.10472233757995637,-0.12570112326473695,0.11305874945935236,-0.99170734376563485,-0.061108620439326765,-0.11825928948253624,-0.074496820959689222,0.99018430815580327,2.5354105105871119,7.803730191516383,-4.0190713101243336,,0.5434108611068272,0.5026178010471204,1,3
0.37414349967133809,0.92731991206218789,-0.0097171161699437045,-0.92338343713615267,0.37348497589718793,0.088724296569218486,0.085905003790868725,-0.024222994696231154,0.99600882368161681,13.512469929648258,-4.8488956864303585,-2.3437557404692977,0.7657164353852286,0.892443945757631,0.6435643564356436,1,1
-0.82928436414269568,-0.53113536079530344,-0.173731608814537,0.54530405231747026,-0.83709576846482781,-0.043751170777763651,-0.12219220071097131,-0.13101871214113681,0.98382069664867644,-4.4003977916603096,8.2589581894112793,-4.7934407738961013,,0.6256317775774289,0.9365079365079365,1,5
-0.26577270984824253,-0.91630489080292454,-0.29958340039221759,0.96216500232901936,-0.27147394728284074,-0.023246596307285133,-0.060028118354004456,-0.29442697403144857,0.95378686401604629,12.776587253201454,10.937061463927153,-3.1459663525449608,,0.1307657486155142,0.4137931034482759,1,5
0.92646506901595005,-0.35045542988830275,-0.13727151035475274,0.36122828111492744,0.93036332069337702,0.062755242260286712,0.10571946280616969,-0.10772689158328651,0.98854353066204281,8.4420935748394879,0.44106046385734016,-3.0628862940116495,0.2699207497399896,0.2193713638848974,0.75,1,5
-0.63507229195409554,0.77017956653728792,-0.059216714537425719,-0.76954645167365421,-0.6374647727913374,-0.037906756212809603,-0.066943578546865889,0.021496482003433504,0.99752516687691428,15.109157287288822,15.290774327604003,-3.0713298603043824,0.2503283270275768,0.1899189008486416,0.1,1,5
-0.26776881284184784,0.96156150859570844,-0.060822101709920681,-0.96347811377877324,-0.26743830952768172,0.013662901092838379,-0.0031284402765982934,0.062259262637140059,0.99805510723472302,-9.0440048371221131,-12.449128747879419,-4.4393634066601892,,0.2274861264669588,0.4285714285714285,1,5
0.63373721917342019,-0.73908573080382256,-0.22831867982387927,0.76953736022520403,0.63238223208570865,0.088909863119458588,0.078672665214574208,-0.23204524357218678,0.96951823947956706,-13.307726764893834,22.852008259911603,-6.3724850631625758,,0.2408759000204822,0.125,0,5
0.16771259310831432,0.982656520153246,-0.079111626915375668,-0.98441520039875319,0.17123751872577844,0.040055279358919588,0.052907460123950513,0.071160913294808614,0.99606070351273313,-14.961005100954152,13.437840865146571,-6.1832253161914528,,0.09237871269292534,0.4155844155844156,0,3
0.59290065109621037,0.8016991877567673,-0.075810489246731838,-0.79851245122670311,0.59748558177977895,0.073408751530051969,0.10414741074847426,0.017011523018775732,0.99441637401994232,-8.5860943153362541,-10.38163479625865,-4.4939609158222087,,0.3637573963784591,0.7333333333333333,1,4
-0.20026540971651963,-0.90348725996308421,-0.37895189240254862,0.97670598514494777,-0.21453086203564917,-0.0046827146271054398,-0.07706610313952679,-0.37106236715495627,0.92540452529056094,-17.832018919621344,8.107107836204154,-6.3129841574778576,,0.1861784496253698,0.2173913043478261,0,2
-0.96037757308221083,0.25247315442966517,-0.11803483982730643,-0.25098884633773327,-0.96759862987266876,-0.027522544987492705,-0.12115905304506626,0.0031933933157805845,0.99262796963633559,5.1465162006167828,-9.9605047544607483,-2.9960103208888476,,0.0917206381012706,0.3846153846153846,0,4
-0.11110360087516141,0.98656327044836978,-0.11978690777706186,-0.99356073233684095,-0.10757293478770251,0.035568734296322402,0.022204977614366499,0.12296738227423638,0.99216226589493317,7.7773518074704215,13.642167832899853,-3.7389663043021555,,0.1045516588238752,0.4074074074074074,1,5
0.98996408783985768,0.0074385983569503732,-0.14112325124472772,-0.00080575522823357496,0.9988945930149965,0.046999391527094404,0.1413168622136465,-0.04641399896463258,0.98887576831177348,-9.6810615234054929,21.906280589997483,-5.9234173514842619,,0.177101788357354,0.7755102040816326,0,1
0.96344652750381876,0.20913349643062498,-0.16743347727242142,-0.18377352430926489,0.97067766836466973,0.1549585618837504,0.1949309631735931,-0.11852444814817689,0.9736292286016196,-11.57300021801475,-14.229627496679168,-4.6415190186839537,,0.4663189908776857,0.4375,0,3
-0.25002259863812776,0.96804937263242075,-0.019212295964125575,-0.96823869744761182,-0.2500056011932566,0.0033202615785093655,-0.0015890044647624835,0.019432228847300306,0.99980991370701855,6.4956925214900902,-8.3882405308967876,-2.933103767798686,,0.1258579977983992,0.3928571428571428,1,4
-0.13126392739395829,-0.90810876489243253,-0.39762828431923025,0.98989831959931618,-0.14174606816554708,-0.0030608845223275448,-0.053582629830613952,-0.3940133541964651,0.91754148598049046,0.87829168346288888,-7.9937561209902102,-3.5378225319675485,,0.3153303102307465,0.3620689655172414,0,1
0.26316705838170928,0.9643346818916777,-0.02831467258498109,-0.96210409425658883,0.26450445093164932,0.066280519400922666,0.071405960517503753,0.0097988131027924672,0.99739920396215931,0.46352462898168251,22.311470252639975,-4.8356635365141543,,0.1950303155601413,0.4666666666666667,0,5
-0.94954359800722266,-0.27476906047557703,-0.15122472975299472,0.27929794681269471,-0.96016093053689289,-0.0091457299731155638,-0.14268711360774927,-0.050921025872390724,0.98845709908644608,-3.8553602879269606,3.61545201505472,-4.5249347249924785,,0.1862490808068454,0.7411225658648339,1,5
-0.98951871555767223,-0.014569296874623916,-0.14366783616966478,0.018785409893924368,-0.99943045276858178,-0.028033523751126093,-0.14317758182135853,-0.030438555605790119,0.98922882812644586,13.094482477533296,3.6222154288296067,-2.8060135528156431,,0.1603563248267449,0.3,1,5
-0.32250556215377368,0.93786664695338628,-0.12804809609006479,-0.94646430928548397,-0.3215042930526017,0.02898794227775893,-0.013981188384047822,0.13054172544117423,0.99134423097641045,5.9235274238651829,1.7970560039797361,-3.4004733663152047,,0.2940587370344846,0.9581589958158996,1,5
-0.94377973606138821,-0.28777904128930093,-0.16267462369560903,0.29490463445822912,-0.95529664278196003,-0.020966183834360035,-0.14936889359888647,-0.067760959881990379,0.98645698636124868,6.9637049553317043,-13.253974764051128,-2.664112751300348,0.1105184857438424,0.1976338727994127,0.4705882352941176,1,5
0.92815096159583876,0.35131707558859859,-0.12293130150045153,-0.3276658279254378,0.92790168182789534,0.17785829772856065,0.17655281843872525,-0.12479896338046553,0.97634743869203855,5.8518036006680116,5.5611483315868107,-3.5851247705852214,,0.1628822651508811,0.2692307692307692,1,5
-0.92252073997065109,-0.32266890479340332,-0.21175519404120396,0.35505333370624864,-0.9246218285291401,-0.13788257479286251,-0.15130305531641336,-0.20238392250091319,0.96754748377796063,-14.953793478180991,-20.87369283604772,-4.777481309828965,,0.2359379018128729,0.3333333333333333,0,4
0.14596275437498771,0.98928037286515491,0.0043838566406101545,-0.98817957176061477,0.1455875677841996,0.048014519279984201,0.046861586510422916,-0.011340369061875435,0.99883701760560772,-1.2999446918417255,17.0006482833371,-4.8437887376084285,,0.19886690002645,0.2647058823529412,0,5
-0.8350355828003404,0.54448412062141405,-0.079073496498009668,-0.54106293214330914,-0.83872695899391725,-0.061546662925790599,-0.099832253895123513,-0.008609915675616862,0.99496702982273633,-14.598094115358085,11.472668311957746,-6.0738818474798784,,0.1082229751758466,0.2127659574468085,1,2
0.11533767774377536,0.98713720598879906,0.11071294705362653,-0.99199645036830375,0.10870007196845251,0.064244352364531007,0.051383485181114373,-0.1172366448968894,0.99177381823879662,-4.8536484305573211,25.972988140957256,-5.5141725699481814,,0.4314012619173677,0.3333333333333333,0,1
-0.87198647372888127,0.47669899532316201,-0.11134476858729769,-0.47749804067762885,-0.87837915296058611,-0.021111248027274893,-0.10786663424292305,0.034758186116819419,0.99355757644686704,9.1038271501230774,17.858814558562585,-3.7638536868099171,,0.0869209842838794,0.3076923076923077,0,3
-0.99025959986372858,-0.028084624732818468,-0.1363714733048895,0.042333905571985041,-0.99380694723725249,-0.10274041104646703,-0.13264149168624303,-0.10751281540631111,0.98531580176441824,-10.469103893804965,-11.165534762864544,-4.6597341610200971,,0.120455330262755,0.4,0,4
-0.98965812776898709,0.00028850491206339164,-0.14344583265364738,0.0059800675232736123,-0.9990456530435079,-0.043266868702134843,-0.14332141826398306,-0.043677224039382373,0.98871192526792839,13.673004504809652,7.2537055550074134,-2.8844266009186326,,0.07702815304749128,0.2352941176470588,0,5
-0.80186440816230453,0.59735111237618144,0.013605861437474486,-0.59011842168425843,-0.78817501961765879,-0.17475808089923556,-0.093668133916488427,-0.14816135458898272,0.98451739126079474,-3.3712607652961695,15.976299566943393,-5.0335803448367535,,0.1862913379037351,0.3157894736842105,0,1
-0.94657311739728256,0.29624323996363289,-0.12743341868066271,-0.29734629562932208,-0.95470950472375382,-0.010721103751304603,-0.12483795054514289,0.027743546384263393,0.99178918210359301,3.0241899144639786,2.9397033711332665,-3.735446127157414,,0.08111784513289504,0.3076923076923077,0,5
-0.88425095266192622,-0.40837107363386782,-0.22656857446609746,0.45033735922331564,-0.87409226880613222,-0.18209604196994628,-0.12367908313149734,-0.2630508920959444,0.95682167228971227,-0.12109667519703192,-7.9899023543519281,-3.6340133963571457,1.140342440149408,0.6094885766659413,0.358974358974359,1,4
0.46951605935966112,-0.85275341380173963,-0.22883680921751903,0.88260469123845053,0.46027728517909539,0.095675387389037331,0.023740872082880726,-0.24689357220803032,0.96875174064107017,11.227677398009366,14.42482175465914,-3.4105649656602157,,0.1862194080202638,0.3684210526315789,0,5
-0.71529795293122744,-0.62406013359276824,-0.31448018728144322,0.68668809544709308,-0.71117467140089163,-0.15063215569418753,-0.12964682064608982,-0.32369667347380965,0.93723645121087262,6.9730060615046376,-16.354935570256501,-2.5138027194450472,,0.2277886688115319,0.2857142857142857,0,3
-0.20283051191760129,0.97888482799972487,0.025382611118478064,-0.97919828026893563,-0.2029053532540773,0.00038149599789503888,0.0055237083197877245,-0.024777230127401378,0.99967773683002992,-17.543787775389958,28.155972210552314,-7.0689801255304294,,0.2798202127548882,0.3333333333333333,0,1
-0.14431798450371583,0.98952829493317063,-0.0024643204820215983,-0.98906766210708175,-0.14417367695486949,0.030969511577445194,0.030289917841054153,0.0069068371897571066,0.99951729173497383,12.420215709214879,5.58066508287303,-2.9031701257551861,,0.4791319070439239,0.103448275862069,0,2
-0.98565643857942076,0.1013870288968943,-0.13491499345288896,-0.098252112332070526,-0.99471789390293308,-0.029712522134617184,-0.13721482248364772,-0.016030655656405178,0.99041158644777949,-11.790263347334955,-2.0895886613412529,-5.1916572478239003,,0.07064113332611655,0.1801801801801802,0,1
-0.98857406744308818,-0.00078373712905822489,-0.1507338679101029,0.0073389916978671083,-0.99905080231974264,-0.04293755448482317,-0.15055713991666572,-0.043553187488300511,0.98764146707179223,-13.567929559333434,8.5770294567111947,-5.8421911134808715,,0.1093703094017459,0.1647058823529412,0,5
-0.12727825982432664,0.98430148210430091,0.1222736149108531,-0.99161517683807243,-0.12905334831492901,0.0066764027068351214,0.022351412494278786,-0.12039861135404362,0.99247397383685987,-1.5507364959677092,21.158308698788453,-4.9922126226109045,,0.2447110975336559,0.2692307692307692,0,2
0.55454775928384548,-0.81646997427932444,-0.16079043433483384,0.83065293581376698,0.55470954389544624,0.048093888751852852,0.049924772380408385,-0.16023140457358703,0.98581611575949568,-14.827099705858265,14.981999638184444,-6.2403276205362364,,0.08693073251862644,0.4358974358974359,0,3
-0.0047493965304918027,0.99973431201767249,0.02255545626111518,-0.99975442286495397,-0.005235315822227601,0.021533356222485776,0.021645720005559668,-0.022447646709454046,0.99951366472032199,-5.7231685021433849,23.596501928686223,-5.5287661342111081,,0.2359064854461175,0.6571428571428571,0,5
-0.10721188306373255,0.98689180019832656,-0.12062415525605229,-0.9940227205350971,-0.10388306417605542,0.033572906299571374,0.020602019074226742,0.12350256547416817,0.9921303710356647,-3.6252334902115897,-8.6800974776822475,-3.9963367312198326,,0.06816149427255838,0.3050847457627119,0,5
0.35739294185631332,-0.89360724537994307,-0.27154442751741276,0.93394068094436522,0.34350795453851518,0.098777981584666094,0.005008950834774378,-0.28890894097143288,0.95734347767052741,2.4760004438152849,17.419159578541741,-4.3857381499601278,,0.1460933653943796,0.1739130434782609,0,3
0.97335284416037382,-0.13333110045902466,-0.18656649864135838,0.18728169286205307,0.93169407195411369,0.3112422268977757,0.13232463218779095,-0.33788899647065795,0.93183754902902305,12.04561532329582,-7.4675615761244636,-2.4256895156518627,,0.402921984356107,0.3518518518518519,0,1
-0.31339614212021077,-0.93685930878441026,-0.15516924195266901,0.94648262243575176,-0.32143841619013347,0.029120268273513075,-0.077158949781029579,-0.13773881131030521,0.98745861499483256,-7.1019036893415413,5.7686431931078843,-4.9730349384524413,,0.2120957151583277,0.8540332906530089,1,5
-0.28927361653231104,-0.92820393423558023,-0.23400476757517003,0.95483533085814176,-0.29713028031224953,-0.0017571188316820455,-0.067898937571526291,-0.22394430778913754,0.9722338614168422,14.539258299850507,-8.6155666995005511,-2.0990988720397827,0.3356519542248191,0.3181299991389955,0.2325581395348837,1,7
0.60304509656122818,0.79375737329278695,-0.079283313861078369,-0.7890829988512702,0.6081470043174183,0.086632800160426793,0.11698133371331175,0.010317629722252052,0.99308051742019854,1.6135048021644405,-17.81469782315931,-3.0267322869698403,,0.1427379965335479,0.4230769230769231,1,5
0.60186423645004672,0.7976202222785882,-0.039514831325176206,-0.79107532221037524,0.60223989352632001,0.10727043038581326,0.10935847233823681,-0.033303027755172999,0.99344432801752136,16.673014521127097,-9.1017196907766245,-1.8863313644177622,,0.2461132904058337,0.44,0,4
0.97463759597160082,-0.18427281268584059,-0.12698459364642478,0.20164827478434758,0.96922441101423584,0.14121619726718454,0.097054262117615503,-0.16324083924973301,0.98180084467566442,4.7954299062569143,18.604363470769719,-4.2179276242810362,,0.8214602344214958,0.675,0,2
0.31291464272895086,0.94891974034610749,-0.040444440251876747,-0.94500306269295409,0.3153240396883934,0.086832951668869077,0.095150606234267035,0.011048817858361256,0.995401570099818,4.9003376811224291,-18.465208147494586,-2.649135940063978,,0.1597612784916234,0.1875,1,5
-0.55980978827584482,0.81946483822500238,-0.12284290725729484,-0.82734907709827565,-0.56098540020008048,0.028087103570639503,-0.045896683705751895,0.11735740145055336,0.99202859573179036,5.0670276417833806,-20.571669673709867,-2.5366495078139639,,0.3195158111799413,0.8035714285714286,1,5
0.98876113952042821,0.083498327173106845,-0.12401386347323207,-0.04462712747253765,0.95652517397982373,0.28821521652476728,0.14268787078029624,-0.27944162342457396,0.94950121149476385,-3.0868007648943863,13.405419325061432,-4.8479711796750076,,0.4710101696711074,0.2727272727272727,0,1
-0.29176495485434134,-0.92359855036260197,-0.24867434304114153,0.95326434916413683,-0.30211562836393624,0.0036369920178733312,-0.078487525961251678,-0.2359912389610328,0.96858032367074109,8.1317020336912904,12.215071662777557,-3.6278176870504244,0.1976818971740741,0.08605806678837187,0.2,1,5
0.42838239995446198,0.90286242005662654,-0.036441320760202012,-0.89579065897728105,0.42962564431249101,0.11393375723694391,0.11852263369629122,-0.016163421623207257,0.99281978682091454,-7.4853359810632822,-8.4526362845057328,-4.455029600593484,,0.1224992319829128,0.1176470588235294,1,4
-0.48883644381866526,0.87232989531015781,0.0089154328493607719,-0.87140148529759909,-0.48778239562590053,-0.052228210179914962,-0.041211437925179076,-0.033299973958367396,0.99859537807788423,-2.3424848188993392,24.27551634208276,-5.1833095773934579,,0.5197985462725909,0.4,0,2
-0.97037734673819875,-0.19166657010181229,-0.14707729546990178,0.19434561050163104,-0.98092524664097203,-0.0039299085354550624,-0.14351860024429597,-0.032397320996585509,0.98911719476316984,-11.280089732509889,19.233800328416798,-6.0024622780018655,,0.1585309915070004,0.7346938775510204,0,4
0.88818710795930722,-0.41074083551738921,-0.20595054574668367,0.44902703536257993,0.87097550421570125,0.19944019797848175,0.09745964687178163,-0.26961757564127836,0.95802295386746616,-2.0348116403044618,13.186723410776587,-4.7261724438361519,,0.2901345740599689,0.4411764705882353,1,5
-0.46750212545087161,0.87967591921528188,-0.087247004829197491,-0.88327371294099311,-0.46881934708376782,0.0059973183492080468,-0.035627387307372443,0.079866744973726325,0.99616865656421438,-9.8089813729029682,23.041098661471604,-5.9752256017601555,,0.2138797085512157,0.3888888888888889,0,1
-0.32668262875458787,-0.90503021139305129,-0.27239452368915201,0.94176105258025189,-0.33603187412860164,-0.012988433799169139,-0.079778317310706878,-0.2607736490435098,0.96209798048411044,-15.113890916273531,0.55675412377988687,-5.7167060266948049,,0.7952220497653327,0.3559322033898305,0,1
-0.43968739630104969,0.89158423656438357,-0.10840914465075269,-0.89761043233547044,-0.4403967245803932,0.018607437797577661,-0.031152933995581014,0.10549063507613135,0.99393220121631054,-8.4097926959785667,23.276177686285248,-5.8472959419584027,,0.1300936285413253,0.3846153846153846,0,1
-0.43496246427383051,0.89425455832108813,-0.10543452752676312,-0.89987375017765958,-0.43587790007321298,0.015417197182403312,-0.032169681596677706,0.10158366576237171,0.99430672854821145,-5.3517938710379127,19.383587193470415,-5.3608908632553742,,0.32713382897511,0.8571428571428571,1,5
0.32692978645268389,0.93892282595832488,-0.10742830923195179,-0.94201972509768916,0.33286343719125472,0.042435476998599134,0.075602594247006646,0.087326164897222933,0.99330679483604967,-5.1007028789997353,-20.951369844595831,-3.6242972410557313,,0.1858013507010602,0.5,1,5
-0.82958961180648472,-0.51323163961464191,-0.21994171973782828,0.54150120403424029,-0.83557872438560021,-0.09265333984051774,-0.13622599609558814,-0.19596295428626467,0.97110298039660292,-5.205591036284674,7.3434012917067424,-4.8199143206643162,,0.08377825350684376,0.3711340206185567,0,4
-0.98950490732744578,0.037002990615863658,-0.13968112635708929,-0.035943065808237508,-0.99930275862536222,-0.010104089471390699,-0.1399576164244288,-0.0049774781991950958,0.99014498449245758,-13.334334128689685,23.866562178867234,-6.4215191079673009,,0.07193645076450356,0.1538461538461539,0,1
-0.88918004070690015,0.44770689901618793,-0.094431921413183795,-0.44375996043341059,-0.89410134687009535,-0.060496934147285478,-0.11151660291012627,-0.011887560657760567,0.99369146779923323,-1.0014728957092611,-5.3138073050562591,-3.8632181627190492,,0.2094506037258803,0.1716417910447761,1,4
0.58599067504956437,0.80535885902479798,-0.08950998237756265,-0.80170299511836129,0.5922773491266955,0.080497511326151266,0.11784411895892498,0.024589629963262392,0.99272761305660506,4.5622757824869922,8.0807196814410389,-3.8126671219864727,,0.09760354431700455,0.3164556962025317,1,5
0.3440616927906987,-0.9198090780702507,-0.18860755937542428,0.9389279082787183,0.33832446010991551,0.062856525092352691,0.0059945483024427641,-0.19871542363613712,0.98003890014619333,-8.0878641589264753,18.986515995462256,-5.6498936928193233,,0.1128361780446903,0.3235294117647059,0,4
-0.60210798203897786,0.79826120229849162,-0.015653461914729359,-0.79778069945760788,-0.60229539140674349,-0.028039562463191597,-0.031810902814593478,-0.0043948145767023833,0.99948424303085237,-3.1857893045431998,20.735590616754365,-5.1453553545918718,,0.1485242119987068,0.2857142857142857,0,4
-0.9709930840963964,-0.16050908475426592,-0.177226590409896,0.19014489488694963,-0.96773692610836504,-0.1653183619407258,-0.14497361685975854,-0.19422171752325174,0.9701858455249277,-13.074826654352732,21.319744213393502,-6.2847501787868971,,0.5999528668139131,0.6904761904761905,0,3
0.98626346033298995,-0.079173633225404341,-0.14496869528931491,0.087179273069548632,0.99495110429273348,0.049719959912855868,0.14030025359585838,-0.061675245184434117,0.98818621877274637,0.69442010224470974,19.032110533891647,-4.6572144880050965,,0.3375669956892345,0.925,1,5
0.62809500803325491,0.77594567615847621,-0.058352108228160678,-0.77029119396945844,0.63063347265651637,0.094619763571307705,0.11021858907104733,-0.014482086042720234,0.99380185741778504,11.366446342276225,-12.85457974566998,-2.2365590833158406,,0.194392196675352,0.2727272727272727,0,3
-0.26878729936788537,-0.93590410994293405,-0.22767715012808007,0.96025967516096,-0.27882729750600871,0.012517764387660215,-0.075198031611790811,-0.21526457013968037,0.97365621288229454,7.9389697470989393,17.947086886450034,-3.8737619676376953,,0.1071050269935693,0.25,1,5
-0.75485891456897181,0.65164685909002662,-0.074460661653340379,-0.65118100980912863,-0.75817278554737277,-0.033724171143237169,-0.07843029746031864,0.023030377622555824,0.99665354569521558,0.029161258689086585,12.774144169048661,-4.498485845905865,,0.1394029248696281,0.3983050847457627,1,5
-0.81038763116939372,0.57857912497241681,-0.092293463440322174,-0.57809614893379713,-0.81523383963898433,-0.034621226081569118,-0.095271873265780585,0.025297882394189633,0.9951297841542065,-7.1895042186352605,7.6745773425212516,-5.0460173305600531,,0.09601847962818695,0.38125,0,5
-0.2889015766982243,-0.90632768823060195,-0.30839260777108918,0.95470024445279489,-0.29673233384974551,-0.022301688049496431,-0.071297420872384346,-0.30086549086702519,0.95099770461462729,17.141307451888576,15.996662916151886,-2.8978459912557208,,0.4498374858049986,0.2105263157894737,1,5
0.98554799650098146,0.10564373756639839,-0.13241807771562913,-0.093985995396058633,0.99136830252540731,0.09140854127106296,0.14093182487398825,-0.077642059870237354,0.98697007618103239,6.4819412298751349,3.9531553332491196,-3.4300353245726951,,0.0916592433544879,0.3880597014925373,0,5
-0.82051555567280776,0.55918301628647371,-0.11861103319551032,-0.56432408110605059,-0.82546257667098011,0.012241976944935463,-0.091063463489794522,0.076979794832602935,0.99286532662026994,4.7431661320688319,6.2918997224103999,-3.7025638173062143,,0.07074852774442379,0.2352941176470588,0,5
0.82608463908622709,0.54961442367504565,-0.1245317403480927,-0.54488254200326058,0.83537979772715942,0.07241276799981268,0.14383040181353268,0.0080360959225988186,0.98956972299908186,7.4706270525658791,-7.7437909462959551,-2.8704194309468214,,0.2095997479422406,0.5161290322580645,1,5
0.89428527426994486,0.42995456116950059,-0.12406822136821151,-0.42420900875828071,0.90278650986907549,0.070874780329331102,0.14248005162915384,-0.01075141516062602,0.98973927979028764,-1.1171837761260122,4.1324455850119328,-4.2500698134154673,,0.129617654027422,0.6141975308641975,1,5
-0.51324977137530892,-0.83079797745135664,-0.21528909133053881,0.85108239097813765,-0.52502402732613185,-0.0029213861755710627,-0.11060486404372404,-0.18472815538781634,0.9765459910607821,-15.564641016498889,18.104141309224751,-6.4687099441676015,,0.4172521928542248,0.7768595041322314,1,4
-0.42476686159624116,-0.88429019691689514,-0.19391740748668934,0.90189115244576401,-0.43192276794951034,-0.0059221336430057663,-0.078520458669902204,-0.1774079202389581,0.98099998338774497,10.322938437537669,-9.9396898914676708,-2.4703930388726172,,0.2871708456727124,0.24,0,7
0.79947199240821287,0.58775636973707435,-0.12404427914392714,-0.58540304275438282,0.80862607169347722,0.058541897060862498,0.13471381105421706,0.02581329136452476,0.99054826389236439,8.6699909815300327,18.604624231843331,-3.8280645079467956,,0.1262007221386469,0.2272727272727273,1,4
-0.21253599413790561,-0.95114013857859114,-0.22396626527338911,0.97393605824144658,-0.22478063907092763,0.030368054859980721,-0.079227556146365619,-0.21167451684972236,0.97412365399034984,20.011540980614122,10.909728446516088,-2.4465964882290945,,0.3535552387483618,0.3809523809523809,1,5
0.5311022716677275,0.84712918988063279,-0.017392891696412203,-0.84074420456576804,0.52942720485399875,0.11338437833122191,0.10525948659600692,-0.045595728008946367,0.99339894809128959,-11.11950467570659,21.303278566068428,-6.0512867084884983,,0.103754189216847,0.2916666666666667,0,2
0.08013198431261459,0.9953190151897815,-0.054027058885028144,-0.99563330938830097,0.082525724284418386,0.043632763696935965,0.047887141558286626,0.050294759498138296,0.99758571503425264,-8.404797264768936,9.2863214020611231,-5.2976656741014452,,0.4694567903104394,0.8915094339622641,1,5
-0.39521426770011792,0.91855937222427697,-0.0073730797636826374,-0.91814106473985269,-0.39525946064058964,-0.02805252239068963,-0.028682186887152579,-0.0043172297891380697,0.99957925832938233,-0.2208342887659128,-10.805588148791255,-3.5222446986880587,,0.1170332561813335,0.15625,0,5
-0.86824168148699388,0.4809005995217277,-0.12202866838690425,-0.48342583470363104,-0.87532863981320796,-0.0099616596939479021,-0.11160575643637685,0.05034268270963721,0.9924765838184102,-12.004541754141785,16.822949491390435,-6.0116402240342248,,0.1202041952010597,0.3333333333333333,1,4
0.93549098648228823,-0.30868015533022375,-0.17196853176003782,0.33168092640627189,0.9349195495328535,0.12614752855114936,0.12183750353922823,-0.17504855785351309,0.97699213155722653,-15.343709276579476,24.693620313959872,-6.6932638504815083,,0.1470721904233512,0.2631578947368421,0,1
-0.73382451630530288,0.67906785976238548,-0.019194298815555042,-0.67283711287918346,-0.73041066946287536,-0.11743284662818569,-0.093764592473346495,-0.073260465276484749,0.99289531443439683,7.4969038535551258,14.893513854059778,-3.8046060228657765,,0.256245618980656,0.4210526315789473,0,4
0.12235201038613815,-0.94860737049715871,-0.29184592200840642,0.99233489435796396,0.11178067206037942,0.052692872319689651,-0.017362113754942527,-0.29605597104634862,0.95501278473838469,-1.9821824396602317,-16.006214820857853,-3.4905083635069256,,0.5721499248561657,0.5280898876404494,1,5
0.98303372139337641,-0.032899362004108076,-0.18045036598248421,0.052523484767732248,0.99307632025462822,0.10507476241886923,0.17574409279217226,-0.11276991677415861,0.97795549986663821,-13.332177218051012,-0.52306751873594659,-5.457375078560033,,0.3608939739261768,0.9637750238322211,1,2
0.96794258930772714,-0.17396026012745489,-0.18117663122114097,0.21455246585993457,0.94769548800099557,0.23630594875283506,0.13059243162478731,-0.26760248488932997,0.95463842730291448,1.6552496172110402,-19.365278832715298,-2.9394921179854272,,0.1826031480199288,0.2857142857142857,0,1
0.96471899726303278,0.23503482094098407,-0.11864185292320117,-0.22561260064752583,0.97026964321308595,0.087611494041672067,0.1357063401203901,-0.057753375696953289,0.98906437447050854,-10.976709374778068,15.776550332061193,-5.8408768641035849,,0.08470869614148874,0.3018867924528302,0,4
-0.91260485594336083,-0.37339623681923356,-0.16651614707838949,0.38094177896611048,-0.92448182986841221,-0.014720980989289881,-0.14844439344997892,-0.076867396029700025,0.98592883388248698,6.8185684454994266,27.590023928073865,-4.3988644513564825,,0.5010422307326001,0.2777777777777778,1,5
-0.98394797077788665,0.13872455421968125,-0.11225813493297182,-0.1149203671076172,-0.97382053672989921,-0.19612973121620589,-0.13652728674491818,-0.18008070496208461,0.97413101771498323,-16.333201434850057,8.0059241936454288,-6.1405243542160708,,0.08939540340529195,0.25,0,4
0.55123854626022317,0.83183642672147395,-0.06468558028004473,-0.82551556159667183,0.55501250362835908,0.10239716000902116,0.12107899354821197,-0.0030463084924605465,0.99263820061788932,-7.9976137642054379,-8.3702746244446438,-4.5144271121452206,,0.4869703807791518,0.2835820895522388,0,2
0.83264552382622758,-0.4792686828583117,-0.27749407432124751,0.54476577185545705,0.79898287820452174,0.25466961764361901,0.099657841973802591,-0.36321879076842611,0.92635869109424729,18.718905055122026,-13.499882352103844,-1.6035073021054287,,0.7909679272588476,0.391304347826087,0,1
0.19389404517855338,0.9809824774377337,-0.0088587924923219756,-0.97893840755849626,0.19406254750431376,0.063398121919902642,0.063911606544757721,-0.0036203061004482181,0.99794899665895054,6.5238641708639271,6.5293217651715718,-3.549616612102807,,0.1050641383236574,0.3529411764705883,0,3
0.92358583712341502,0.37725882712566788,-0.068300650222423098,-0.35969290636669077,0.91429750924367093,0.18622856306244456,0.1327034836563209,-0.14743080392708044,0.98012955443598959,7.7032844439878865,3.3826572008803426,-3.3014998066904973,,0.4116967569337227,0.2142857142857143,0,5
0.97104227311299629,-0.17918786618195295,-0.15801459565718082,0.19937689964239769,0.972204453612872,0.12274914363970753,0.13162733650928723,-0.15069906764295113,0.97977754377971671,-4.8465970986729001,9.6728310922734213,-4.9145993693252112,,0.1070893595103503,0.3333333333333333,1,4
0.36049245475713843,0.92695010109312859,-0.1039648986274252,-0.92846420193475421,0.36728297391245529,0.055294147969591166,0.089439453200658617,0.076594563498077584,0.99304272670097427,-0.081025201075564809,-9.7836082597215022,-3.5421295392449559,,0.08532288537979849,0.2698412698412698,0,5
0.72454770024974713,0.68549439745150875,-0.071610481951988186,-0.67718920203469479,0.72737448767456947,0.1110906806522115,0.12823967681812207,-0.031996652055352071,0.99122691627438808,9.3825878081768437,12.514234305186122,-3.516106516997457,,0.1185895791588226,0.2105263157894737,0,4
-0.36873365321170626,-0.90792044304492669,-0.19928864014351982,0.92542173120685278,-0.37871292973385184,0.013081905920572878,-0.087350514590706266,-0.17960229941041089,0.97985351030000001,18.199832163828848,-4.4136864376813847,-1.907829563943543,0.1718372297460781,0.1469092605717213,0.7222222222222222,1,5
-0.96041407321345085,0.25568798606981041,-0.110582375418114,-0.24679124776234143,-0.96506314420185646,-0.088018223858095476,-0.12922417731003333,-0.057243178482606849,0.98996178235109344,1.9150678796797067,16.394301389894661,-4.4624039408673823,0.2040408315462381,0.2552485106470974,0.6385542168674698,1,5
0.90515742672083865,0.42242086274323348,-0.047440990413069421,-0.40760708536145607,0.89420195926040447,0.18509273356346156,0.1206088587760015,-0.14820077858809649,0.98157528107152037,-3.8676153051655771,24.625267480454532,-5.3600192046446793,,0.5806644384954414,0.7954545454545454,0,3
0.55758897534835117,0.82477197277166148,-0.09405172779017823,-0.82262168302686545,0.56418744238067131,0.070612296903617686,0.1113018471725588,0.037996352328859298,0.99306000625625723,-2.5071064711081088,-22.047755622802345,-3.2983954822478601,,0.1569188831466118,0.4090909090909091,1,5
-0.88888823738419132,0.44651342364717006,-0.10248640857650283,-0.44066955332055135,-0.89451427476198064,-0.075196788650280635,-0.12525193098827983,-0.021678901031464477,0.991888087958403,3.5197335515997321,16.051561041209673,-4.2519287667527257,,0.1655722342823154,0.4347826086956522,1,5
-0.78978151999013391,0.61184199301376962,-0.043526156124945266,-0.60745548546525641,-0.79001649534958251,-0.082896141368185405,-0.085105721665729703,-0.039029638231767208,0.99560720340868059,15.535809790957211,11.241949446893333,-2.8939200132241165,,0.4712946960645705,0.6296296296296297,0,5
-0.87250272234823278,-0.45152256135973917,-0.18672540287294268,0.46798238279102611,-0.88210530949497301,-0.053690896416538375,-0.14046881822011478,-0.13422965225284081,0.98094388808123234,15.512504670195483,6.7815723009833588,-2.6998604672117157,,0.1114234380665704,0.2666666666666667,0,5
