axis_00,axis_01,axis_02,axis_10,axis_11,axis_12,axis_20,axis_21,axis_22,location_x,location_y,location_z,dbh,dbh_approximation,score,reconstructed,number_clusters
-0.69476884973621889,-0.60125337994357209,-0.3947032031066417,0.68529537372751126,-0.71998220179624906,-0.10952570403469873,-0.21832658148718997,-0.34658332649314905,0.91225736588588935,-1.2267159623444615,5.9791601339278158,-2.0799613423456145,0.5779516102813449,0.4744168896095036,0.2820069204152249,1,3
0.89103170767265982,-0.31911737726438572,-0.32284144010619781,0.40678751874902802,0.87695399419953157,0.25588201704593627,0.20146069222543905,-0.35932685898132832,0.9112067810890454,6.073370933392428,9.632757844214165,-0.58472845461138079,,0.1376987714542701,0.4,0,6
0.89722891169680952,0.36723573352066963,-0.24519012223353487,-0.3238796768049127,0.92474588796192736,0.19986745020200794,0.30013702698618394,-0.099914757283609379,0.94864893733606914,-10.20494650182378,-9.650852331165968,-2.7957461004771127,,0.3948822951838598,0.5679012345679012,0,4
0.75887219919739646,-0.57774889679214414,-0.30053152503650626,0.6328778269584121,0.76306329653300942,0.13114900544256999,0.15355338299661747,-0.28972507268035608,0.94471198829625158,2.982345747283798,-4.7062410396544623,0.013007756212577997,,0.1827952542900105,0.5244755244755245,1,4
0.34268400130555898,-0.84031651503010085,-0.4200426523781583,0.93922883661901335,0.3161676305440298,0.13374311892381099,0.020417338526518766,-0.44034779886339909,0.89759509152159078,-7.4284250824169789,21.080254440190014,-4.5745697493284609,0.210230123664501,0.3044769554270694,0.2692307692307692,1,6
0.22660396472683808,-0.9228735877722325,-0.31137595308964616,0.97398684041338845,0.21488511441984584,0.071930677060029258,0.00052713529798215498,-0.31957585733778043,0.94756054874356188,-16.499492840787411,6.1269084751786176,-5.5794633160394316,0.312953354627702,0.3265873585336901,0.859375,1,5
0.42321363823545294,-0.8606602914291035,-0.28311495751493421,0.90465019047314277,0.41864726810379316,0.079639800264301355,0.049982489818119556,-0.28982464985988066,0.955773730045548,18.572637323115909,-8.7671582732601401,4.4809637138381717,0.8629126816151809,0.4976286797769192,0.4193548387096774,1,5
-0.92169363030843088,-0.29711916370646846,-0.24940139215175888,0.29707637900013373,-0.95406806154499624,0.038726721781517079,-0.24945235394566936,-0.038397089709285848,0.96762554049220029,11.400498238262246,-0.63417408827170607,1.8900710542878225,0.1934649925975696,0.0887269710003981,0.2941176470588235,1,5
-0.81440731178449899,0.57817111827310996,-0.049587180871347045,-0.55800976186684581,-0.80372173091770349,-0.20653446422318167,-0.15926655698310285,-0.14053304680918444,0.97718198232533737,-22.357878943596575,6.9122345632033957,-7.0129744540354757,,0.5528302999960892,0.2857142857142857,0,2
-0.96971542936212551,0.015016410597440076,-0.24377549809158286,-0.021842136706371529,-0.99944072707191145,0.025321021584254717,-0.24325893019811304,0.029878763072443325,0.96950108426764114,-10.197000570823796,-2.3107759723526353,-3.3851407857910814,0.355689223820373,0.2948509369921574,0.8929336188436831,1,3
-0.94327692257632534,0.27185673266581889,-0.19058479540404996,-0.25786098421219183,-0.96147729550792094,-0.095231943400805721,-0.20913239862837565,-0.04068571158330718,0.977040589083638,-5.4035793435632442,15.034243421573064,-3.7074903930634093,,0.1643512267539377,0.2702702702702703,1,5
-0.39890398248917941,-0.87510671566168086,-0.27397782566860934,0.90352123286990704,-0.42611603901588196,0.045546712797508646,-0.1566045800975053,-0.22937601770290131,0.96065688359332668,4.9661689874128072,-15.399035129407006,1.5483345907955623,0.9831680673454681,0.7681825036369314,0.972972972972973,1,5
-0.92181096121838324,-0.26988243303565917,-0.27825891560989485,0.29055468537275286,-0.95621382639879915,-0.035115424128280635,-0.25659798632409853,-0.11321921454647794,0.95986399186129356,-2.2339092069443134,24.020272646120684,-3.458468332102917,0.2509472342944157,0.146490201747443,0.2,1,5
-0.092278231567195862,0.98551592493446249,-0.14227821224419407,-0.99310806691991937,-0.080721651876426007,0.084972832934553488,0.072257147725421841,0.14913878308110889,0.98617266641479873,10.613549482522858,9.4384718555004756,0.55962365949356663,0.3029370155610405,0.2086165502411242,0.3,1,5
0.60252906754397551,0.77024745812794193,-0.2089918084806944,-0.77482333648036494,0.62732382082067906,0.078189648140777182,0.1913309175486847,0.11482019455822318,0.97478654222942018,-8.0908262665251502,-9.977753810777541,-2.2306229396518762,,0.081745464224281,0.5357142857142857,0,5
-0.43602660011302086,-0.8595598670184742,-0.2665288708659187,0.8847390422684327,-0.46362706575477608,0.047820194327832084,-0.16467431821572859,-0.21495762119729128,0.96263990671973776,-23.273637742312889,13.105659056930678,-7.6507111910001901,0.2197917228019262,0.2632466793635044,0.6935483870967742,1,5
0.57482593375818281,-0.77925162894897959,-0.24968388946705378,0.81466490783086021,0.57363032566955696,0.08526040945934206,0.076786937873378466,-0.25241859727959931,0.96456654405978126,-8.6591471149569763,-1.6529540587569866,-3.1698385740405,,0.1182004569614461,0.3856502242152466,0,3
0.95323316817063919,-0.16696142445880874,-0.25193334404570517,0.20272211007286922,0.97145113247540771,0.12323328811587879,0.22416572705694698,-0.16854251675744378,0.95986621299954988,5.7097119072505969,-7.6011006914305161,1.0244811644797986,0.08345200791901838,0.08687399307192259,0.4545454545454545,1,5
0.84722013009675612,0.51109269661482037,-0.14492172585857527,-0.46783939835742172,0.84704911804290495,0.2522579809784089,0.25168303181462687,-0.14591794642787742,0.95674636367580179,4.1062572911944715,18.054942285876603,-1.5228857283811223,,0.1809959944681496,0.3333333333333333,0,4
-0.92357889833775808,0.35490269949319847,-0.14507271431132474,-0.32074288704810527,-0.92248778217263749,-0.21480291466890367,-0.21006194075381954,-0.15185639806952608,0.96582276604565998,-14.863625906886671,-7.0081925266177363,-4.1920594692164403,,0.3954301072876541,0.2432432432432433,0,1
-0.88748236067391284,0.44797874445677549,-0.10812078434598245,-0.41771879380321425,-0.88107715415567145,-0.22184241643232025,-0.19464344015724533,-0.15171714781089946,0.96906957348989065,16.25059950979821,-4.7494889291159446,3.5602334190205434,,0.1272286907866343,0.4,0,5
0.85974420208497648,0.46466740346628882,-0.21195308711402408,-0.45022903354637378,0.88547865135278547,0.11498423957374007,0.24110936177006093,-0.0034295997361554575,0.97049189255371127,0.49381755128588711,-8.3924869727975508,-0.26729756553048267,,0.1305542833787837,0.2666666666666667,0,1
-0.55131701862833749,0.8204485174993229,-0.15137296688618476,-0.82743553118927538,-0.56092820668437127,-0.026645612610294751,-0.10677072021993794,0.11056119155933351,0.98811752146427267,6.0437212924311918,-13.130093712823463,1.5879164419229181,0.5360824057503588,0.195216635396043,0.375,1,6
0.57679651980306257,-0.76568288837570964,-0.28466733074188039,0.81192024694165954,0.57572610369710053,0.096565864196156884,0.089951583361666781,-0.28682602387228889,0.95375025278127357,0.63895195633174284,12.958827985783477,-2.1962894113332059,0.2149597895091534,0.1604609788835036,0.7021276595744681,1,5
-0.78081116911273063,-0.53936262946409919,-0.31531234058688945,0.5868309738595987,-0.80633067141309744,-0.073893548145269397,-0.21439059286219744,-0.24273195561374966,0.94610669134940539,9.2407615676748147,19.658821108472083,-0.27572702790749953,0.5924276317248465,0.5245781809714466,0.7272727272727273,1,5
0.0073291190798222697,0.99237465169073669,-0.12303997194083906,-0.9980570923417551,0.014872807856687683,0.060504875942180354,0.061873455050080801,0.12235746919639495,0.99055556395995192,18.978147546906282,14.25242081761362,2.617985844980347,0.6550496393833413,0.4794479233184129,0.65,1,5
-0.95362472288717715,-0.020204760470792848,-0.30031925604708137,0.061742674018310788,-0.98965869660359751,-0.12947396047829957,-0.29459757314584784,-0.14201208360976028,0.94501049624085698,-20.319457853563623,-21.49708601060998,-4.4992382854440587,,0.3331488296417004,0.3333333333333333,0,3
-0.24413002761129132,0.96795694610390914,-0.058820745555503609,-0.96920858754565942,-0.24555886630182347,-0.018318215205415201,-0.032175199241945437,0.052537545334344772,0.99810047734884078,-18.562327580631603,22.237147457954954,-7.2213399299512506,,0.5734511814712929,0.6571428571428571,0,4
-0.20641011810087331,0.96402067915736867,-0.16750818876267351,-0.97821424319813655,-0.19943079392446111,0.057656333901471617,0.022175607091632143,0.17575974678983527,0.984183292816177,-11.94204814551286,-18.744549352412793,-2.5551929866525294,,0.1743747557868348,0.5333333333333333,0,2
0.89929636381849198,-0.35038391093778398,-0.26171963048037084,0.39602431549898115,0.90633092952656491,0.14740755651280626,0.1855553598158842,-0.23621041708497068,0.95382065783046555,-0.99164106516237238,-13.641591951841116,-0.10790675694578505,,0.1925296489262268,0.25,0,5
-0.33350114546670095,0.93915138987223623,-0.082290053308070391,-0.94020960176771573,-0.33773633473730696,-0.04404625911473585,-0.069158446455882261,0.062680420381937579,0.99563460877198917,-7.2867106766742875,-12.452793196236213,-1.8524786426901039,,0.5086089582526853,0.3611111111111111,0,5
0.9066916483742774,-0.31945179604821644,-0.27542840225711301,0.37117893580908162,0.91444651000709032,0.16128787290894153,0.20034084051928822,-0.24847158859197993,0.94769479120790978,-4.7993095506239118,20.545356014037569,-3.9577994941973818,0.3052466823824497,0.2182057255922672,0.6981132075471698,1,5
-0.82261029277458475,-0.44296943240823838,-0.35649738873270215,0.51063585461316474,-0.85131528797635048,-0.12047117680684413,-0.25012662834011706,-0.28114117878686185,0.92649679297099496,-10.516059020769619,13.252632425722199,-4.7831524468173328,,0.2115188500633337,0.2537313432835821,0,3
0.61859391696889188,0.78552695776104819,0.01699895643139121,-0.75982867095409712,0.5925694355097797,0.26743570235806513,0.20000489165321531,-0.17835039313187265,0.96342575250223195,-21.526695946042608,19.865520975680266,-7.7686096773368005,,0.134762571220674,0.4545454545454545,0,1
0.7882573246262109,-0.54247453361012488,-0.29046819198942692,0.59378828146074669,0.79441461106510547,0.12775328773135589,0.16144927058683761,-0.27317907333973313,0.94831815701072775,10.946180978969133,2.8653625860196641,1.3387150031454169,0.2205218642627768,0.1911783650018133,0.6086956521739131,1,5
-0.93296825636310399,0.2822407543267243,-0.22340633208544539,-0.29133526082873978,-0.95658636809322672,0.0081416322724903022,-0.21140955138460707,0.072682026494120103,0.97469139967892826,7.4572802237947853,5.2908643429303943,0.18545154299114544,0.8647862054918842,0.3734188505058929,0.3142857142857143,1,4
-0.34790538212590089,0.92677699079462794,-0.14158479586977346,-0.93551017739368425,-0.35308133092313659,-0.012421020343917562,-0.061502464021115061,0.12813267767123618,0.98984820241900251,-2.1039094053233032,-6.4817548867932899,-1.0343764229014369,,0.1909252074623416,0.2325581395348837,0,5
0.49755632317612514,-0.81179827584887099,-0.30564892376099956,0.86428566418242547,0.49393905909889269,0.095049968886083663,0.073810540955885795,-0.31146069611638372,0.94738811414250834,15.658589666435404,3.7636199685113749,2.5193545713930572,0.1809807095354193,0.1078177662202269,0.4666666666666667,1,5
-0.1578718395144097,0.9653435766786137,-0.20781785595487276,-0.98727363553986713,-0.15022255784634439,0.05219149051327409,0.019163790236587742,0.21341265679299692,0.9767741740363145,0.62109155460611931,-6.3879972598878059,-0.37449565876656443,,0.07116303651418514,0.375,0,5
0.89978147430859701,0.39522374437180424,-0.18490941126881605,-0.35685135841841592,0.91038999651859009,0.20939713998480008,0.25109840000681144,-0.12242649273590042,0.96018818332158573,-8.6014449719820618,28.597849986676646,-5.2999869754997144,,0.7234553068401927,0.382716049382716,0,4
0.6098124619885088,0.78374237593969609,-0.11779919082877846,-0.76734223255997958,0.62104704426773061,0.15964481493673,0.19827924584630902,-0.0069611035559530637,0.9801208515810198,-4.0800141886308205,12.699022460633687,-3.2974661035105397,0.5560019791746934,0.6891990893403735,0.515625,1,1
-0.2553309382882864,0.96218697675539377,-0.094880628766572925,-0.96684190657178337,-0.25458048668632388,0.020137117350674551,-0.0047790845842844796,0.096876197080972046,0.99528496562023205,-7.6144237124509599,-15.196381987394917,-1.7383110880447767,,0.1943426195578292,0.375,0,5
-0.73599878913017436,-0.61468587532049024,-0.28366715897403372,0.64114636604314068,-0.76741840764804103,-0.00057001106985702917,-0.21734102168847932,-0.1822916955991892,0.95892263400494426,-2.6093355171216208,-12.399501704427825,-0.66361326618780614,,0.09067453030682544,0.3902439024390244,0,7
-0.060634126644257227,0.99067297734642346,-0.12202686032862328,-0.99803440037152047,-0.058231963172204332,0.023159752593046552,0.015837877419283854,0.12319127574907324,0.99225655513993349,-15.579312102631555,24.151417629701527,-6.6924747350919018,0.3011038749756736,0.3501616756230983,0.5,1,4
-0.51156684304482747,-0.80013645831703972,-0.31317888365759006,0.84053807501398126,-0.54164384123324227,0.010848673001336025,-0.17831183233016434,-0.25768895460605917,0.94963218833667218,-13.911758379992762,17.277847494486473,-5.7907640783254815,,0.1087457014331992,0.1818181818181818,0,1
-0.89883705339528264,0.39638645452469845,-0.18700195216367838,-0.38357565062810595,-0.91786854903905635,-0.10191686283517556,-0.21204167441546168,-0.019877257212151583,0.97705845421694737,-4.8191513543214217,13.820830476068958,-3.4845224194631448,,0.4250985997020046,0.5205479452054794,0,5
-0.26556759784977996,0.95337966600591839,-0.14332153857233973,-0.9639624014326782,-0.26014164250673616,0.055702912473612684,0.015822123638848714,0.15294946315807267,0.98810734342135897,0.36735183407330368,-12.826899775743531,0.1929686733335606,,0.1415325083448715,0.2631578947368421,0,5
-0.55653149483742215,0.81187503989093401,-0.17644153381820082,-0.82602835263034136,-0.56348685896135642,0.012638054781853094,-0.089161964451381179,0.15277918503500101,0.98422998568180797,-19.127185166436952,14.967676498790661,-6.7913791967613522,0.6517298384888899,0.4629275799287496,0.92,1,5
0.16037098920302228,-0.90359870966815881,-0.39722854593808171,0.98557966341201719,0.12458296797459392,0.11450681708656532,-0.053980300950429709,-0.40986394812996169,0.9105480059462111,7.6979801141280246,12.369405189139361,-0.34785599181575222,,0.4086313099547962,0.1666666666666667,0,5
0.052758005787609884,-0.87745907966270131,-0.4767411838123502,0.99747299094865782,0.023556382535602393,0.067027823847832971,-0.047583874928953461,-0.47907270884420361,0.87648452039235925,-16.788156322923633,21.855484994508458,-6.8746769102346219,,0.3026269814994227,0.25,0,1
0.92759805207966628,0.29624265191789989,-0.22760084569847155,-0.28123244216292959,0.95477106244592602,0.096542901297570274,0.24590682636536129,-0.025544265511616367,0.9689568221785676,-4.7887204809038559,-9.2659049545088674,-1.5028536557169057,0.2990528796343339,0.2467735050286776,0.5074626865671642,1,3
0.96430922639117134,0.1338362998318412,-0.22846347792193061,-0.10206604601631174,0.98405504302349334,0.14566466472905723,0.24431585733934491,-0.11714741630677997,0.9625934992016042,7.316394288834144,-4.3882037440778738,1.1262754208675303,,0.100696534378241,0.462962962962963,0,5
0.9675165818815149,0.04930672881521065,-0.24795263716656604,-0.017545327447591685,0.99152726948425884,0.1287083344381709,0.25219798823358658,-0.12017703758470057,0.96018417731615346,-26.335985646060109,20.174919643467042,-8.8713167706946816,,0.1526334273372712,0.3333333333333333,0,2
-0.4232070541739677,0.88763516820699895,-0.18165791328627642,-0.90459072378404748,-0.42526191758405935,0.029460548137821438,-0.051101973946655221,0.17679397505249042,0.98292038265766668,-21.510363653744861,8.5441484135817287,-6.9087309725073451,,0.1762636922871076,0.5217391304347826,0,4
-0.722592883842199,0.66201857281525045,-0.19897470559916408,-0.67849665976293794,-0.73430706376734889,0.020866690966978709,-0.13229439485915873,0.15008179552841991,0.97978244918952029,4.6362679101476392,-12.552422375045278,1.2102375436601094,0.1792935844067592,0.1124093174236375,0.1111111111111111,1,5
0.45026324041982052,-0.79257502422339543,-0.41120292472686465,0.89102934013190904,0.42860046290715081,0.1495605503462421,0.057703807073171368,-0.43373548871755996,0.89919063411281253,-23.383295426501675,25.770517298265212,-8.5081596449991466,,0.2325103908006838,0.1666666666666667,0,1
-0.54786202169424858,0.82171039002400237,-0.15696891447574624,-0.83149536329859064,-0.55550102589756112,-0.0058370403204913209,-0.09199274970364027,0.12732103185790081,0.98758629438070089,-3.7885927599148936,11.814782987031165,-3.2240143247483539,0.5622316107075247,0.4839248727845051,0.912751677852349,1,6
0.3178055013281143,-0.83351386964097929,-0.4519450104179788,0.94673054074495844,0.30508613406051638,0.10307149957562108,0.051970631575386478,-0.46062683369526969,0.88607108830698567,-21.076308049433724,22.134272167665838,-7.7207537903739771,,0.3482893048426026,0.3623188405797101,0,4
-0.66192662605873676,0.74285701655228131,-0.10008293897335148,-0.74544924902931031,-0.66637360838098292,-0.015862886715464562,-0.078476485880402833,0.064106684615211768,0.99485263941526081,-4.6592353318120194,-7.112371656295319,-1.6657379519831133,,0.2347168577954641,0.2083333333333333,0,3
-0.49899925181567384,0.8391829382468653,-0.21626775728886394,-0.86398070042444441,-0.50114625151574543,0.04888541588042887,-0.067357968953073014,0.21124495437068866,0.97510946732735682,-13.320257022293392,27.163971175149122,-6.3261735917234878,0.2015885582616622,0.1323171578336425,0.375,1,3
0.61864089366022768,-0.67871953560632359,-0.39575653712555692,0.77843453880487001,0.5977228885079463,0.19174727468563096,0.10641011928818069,-0.4266932628247771,0.89811455058529222,-13.134765531666629,-8.4193089445806439,-3.6712298827393965,,0.2949469787450093,0.25,0,1
-0.40204878467449368,-0.80119826747686285,-0.44321339209666971,0.90077421937376279,-0.43291236149274231,-0.03453538733481256,-0.16420286371848378,-0.41312010778809932,0.89575063275880429,11.340444173449381,6.2700765453615839,1.1094880842108208,,0.2769885421904347,0.1153846153846154,0,5
-0.86525906337571512,0.47236805752886524,-0.1679141788908482,-0.45960083502639387,-0.88120580596453102,-0.11064989822608841,-0.2002344268332063,-0.018567330470718329,0.97957206399017394,-11.195229042367885,22.638556450774921,-5.6446775282040296,,0.2869433664316019,0.3809523809523809,0,5
-0.94678099681835615,0.21963805720066265,-0.23529740307271052,-0.23262125310163212,-0.97214789521878275,0.02856260539796418,-0.22247043998938279,0.081777708764747492,0.97150363338493051,12.573167169068787,8.2317551898940096,1.2602604776012265,0.3897714713938638,0.3235588912847377,0.7843137254901961,1,5
0.44165253307229718,0.89095126083414455,-0.10558830829629046,-0.88249338691802548,0.45261245214086265,0.12785691304340072,0.16170486101776879,0.036712654290915699,0.98615603174048483,17.244879248567567,-6.3849523030613673,3.9281851445779212,0.6433181322160243,0.4870703848081918,0.5294117647058824,1,5
-0.83073636651838978,-0.48649423823984073,-0.27055580848184013,0.50362480303816548,-0.8638939413231993,0.0070225287353448372,-0.23714794350488042,-0.13042474575212698,0.96267867878482705,17.470094052609507,1.9967477066820858,3.2507907125770377,,0.6733426808611649,0.4285714285714285,0,1
-0.96819781328065602,-0.057614517738997839,-0.24346162265182453,0.048586478003145916,-0.99789594213661559,0.042930674610662398,-0.24542279542415471,0.029736442507123585,0.96895995555709868,3.8333433613240788,-4.2786129622413238,0.19057833957686574,0.2898300856312257,0.2646584123575036,0.5974842767295597,1,5
-0.35641244638338737,-0.81752821828959976,-0.45234696899973115,0.92272916612855593,-0.38403677884358112,-0.032964199840853858,-0.14676870933107833,-0.42914259261425092,0.89123261899776218,1.5028933365348802,-12.139216576923024,0.37682136685828582,,0.1484016290668931,0.3076923076923077,0,3
-0.4418377754419055,0.89411380997073175,-0.0730744484219467,-0.89541525820017875,-0.44452732847814003,-0.0250393613815455,-0.054871628141109297,0.05436864037026512,0.99701211395320255,-21.679130806902297,5.3718874486563637,-6.7478072967176495,,0.1868127231644579,0.3469387755102041,0,5
-0.30592829248652181,-0.9118593363191656,-0.27371596706047835,0.94263861226956047,-0.33044884871898583,0.047286414949902718,-0.13356768514426987,-0.24354898716247719,0.96064747141567675,1.2340890933576734,15.540516210731766,-2.2068810888782679,0.1620249598794091,0.120422742407662,0.7166666666666667,1,5
-0.0015422061907019154,-0.95145369592403817,-0.30778805388214198,0.99787037631515019,-0.021535098507337373,0.061570704112771227,-0.06520992004847502,-0.30703762643163179,0.9494606691603944,-11.313021758947903,8.5202340277884847,-4.6050734254385208,,0.1466989922826474,0.5280373831775701,1,5
0.96238151582966702,0.14568050870695975,-0.22934473478210596,-0.087437797538654508,0.96525983877051358,0.24622768978795193,0.25724783682469005,-0.21691157885093176,0.94168620963111394,-22.206399684660866,14.289210382442901,-7.5195929534377468,0.3875066684007068,0.4128241027380721,0.3013698630136986,1,5
-0.96292750200682597,0.18033925629348729,-0.20061998534146383,-0.17818401851390175,-0.98357261484795411,-0.028902713841404935,-0.20253661749208407,0.0079160571418199262,0.97924269444004297,-8.7025328418437145,-11.887224563879057,-2.2464312631593359,0.4899226258406374,0.2497551606388794,0.711864406779661,1,5
0.75838986222276705,-0.59527421642310063,-0.26550597759673128,0.63552946601511395,0.76577779532003842,0.098420861718057487,0.1447311808294135,-0.24337825592407511,0.95907242158195682,13.119543661407404,-3.5290401944002574,2.5686297833588005,,0.1733132643559867,0.21875,1,5
-0.52245944323285731,-0.78072061599516107,-0.34279943106275806,0.84207729792129715,-0.53559395278208544,-0.063599859031520697,-0.13394758117405833,-0.32189196557758165,0.93725322511806874,-5.9577637747705374,19.478243995303618,-4.1432623684821532,0.5349132897433821,0.2788408631080829,0.6896551724137931,1,5
0.96501276289910431,0.11008490492313522,-0.23797411865558296,-0.091809277956114543,0.99200414586817809,0.086595791246011758,0.24560420176172501,-0.061717811759736049,0.96740347724647724,6.1180758719382631,-5.1193181820928428,0.89557852594939136,,0.07815736622094464,0.3461538461538461,0,5
0.95904094749014113,0.18486813007822617,-0.21462580347803481,-0.13894457927932102,0.96727619083842031,0.21229972804035266,0.24684988338280497,-0.17378304036497733,0.95334389910220729,-21.934736256309563,-12.228008235970655,-5.4985177841900068,,0.1718809626284282,0.3846153846153846,0,1
-0.28670099727623094,-0.86839820760861508,-0.40458261354507008,0.94635499082750529,-0.32241804616703601,0.021420430474272466,-0.14904619920241766,-0.37673751675135286,0.91425055317201598,9.9606927248813815,7.9097932626304122,0.55054112955428358,0.7477203216018333,0.3629864867334995,0.2307692307692308,1,3
0.88753400276637562,0.41084757589126458,-0.20853695911700898,-0.39750458476005873,0.91165265862090084,0.10430501006269159,0.23296673373730997,-0.0096798457485956675,0.97243652829274918,14.045765874703804,2.7491650282536355,2.2743056075021348,0.1533739633228787,0.1079702058860038,0.3809523809523809,1,5
-0.90525401516439252,-0.28858338398690131,-0.31182494851344988,0.36278095355906959,-0.90702577463665623,-0.21376207306149175,-0.22114508306430675,-0.30663312709399659,0.92578127957149714,-17.470905741375564,16.428432149838535,-6.5229815292373683,,0.3303599351689466,0.1818181818181818,0,3
-0.49661163471967851,0.86434365061277685,-0.079290213181878205,-0.8650801586369119,-0.50033890204991149,-0.036018081962050606,-0.070803978657873398,0.050705391635092474,0.9962006624497638,-27.789727931272818,19.533164007064201,-9.1557928446051182,,0.3791912530563161,0.3333333333333333,0,1
-0.58537160313986902,0.790550357912019,-0.17991725276537301,-0.80593647405870428,-0.59156022259681773,0.022867068527188852,-0.088354320886324209,0.15838760887892317,0.98341592387673582,28.018049708211688,-2.8324538851992362,6.5500483046925106,,0.1540592268054662,0.2222222222222222,0,4
-0.48206962242063095,-0.78860526930149211,-0.38172058939642328,0.85043508902070497,-0.52593076139677264,0.01252970785604335,-0.2106395938601697,-0.31858839188917937,0.92419283596654789,20.711862103395784,-6.8764546691120865,4.8832169746839842,,0.4491873705781227,0.65,0,9
0.96111926494966293,0.1432112859287577,-0.23609380789265455,-0.1182739642007497,0.98610282619605905,0.1166725570148662,0.24952159813303107,-0.084212491655211219,0.96470058998342156,-14.02167707815439,4.2951794659408353,-4.8436458168377996,0.404445416307428,0.417388481511146,0.9821124361158433,1,5
0.95174314547268957,0.22176580418243352,-0.21214361442444768,-0.15077442826616172,0.93996036236927838,0.30617248236186428,0.26730517545824323,-0.2594117292450992,0.92803744423557832,-0.28010830630684275,15.307975306921987,-2.5713109203165803,,0.5545207264070509,0.3783783783783784,0,5
0.64695195371413161,-0.70822024841335829,-0.28262563458184425,0.75377211229400187,0.64998714835764038,0.096665969698451065,0.11524223320166627,-0.27557355952127338,0.95434712813497191,2.4177345197664759,-3.8696939154463168,-0.21525818594831073,,0.07214413555563545,0.2857142857142857,0,5
0.30609538383451351,-0.90974352567652761,-0.28048588820980758,0.9518590288533576,0.29755024412417741,0.073676600165770725,0.016431834515546927,-0.2895350923658222,0.95702634504133166,5.5515877799621469,-4.3156090662899134,0.6860893249339497,0.4982035194660387,0.4883984925080713,0.9112271540469974,1,5
0.92398702505060015,-0.27356095542096659,-0.26723095106538519,0.31952321281988838,0.93619753261508576,0.14642095613224915,0.21012590037260684,-0.22067755571102748,0.95244344839891049,-1.8481211877582655,-11.754128690544855,-0.50364472636616153,0.2498514570881594,0.1853347164027886,0.2,1,5
0.64297721763223503,0.75063258744620931,-0.15208884334401987,-0.73649298906302108,0.66047310223454236,0.14612788332724061,0.21013894133865227,0.018055466997337746,0.97750479561206338,-12.157130433715457,-10.697714663462675,-3.1891980715491806,,0.3210000258848116,0.6530612244897959,0,3
0.5803866397398878,-0.68518832503457971,-0.44007761548134922,0.80819265998912226,0.55093334288479412,0.20807949451470187,0.099879791505338225,-0.47643405727770372,0.87351852660075691,3.7506074986297024,12.171304636801604,-1.3251849742412627,0.4056327291509668,0.501598383038647,0.2727272727272727,1,4
-0.38937293863287792,-0.82448683824016233,-0.41062168504492952,0.9084402232625064,-0.41735836003650684,-0.023417089195810193,-0.15206931123393741,-0.38214323607304329,0.91150505851830443,-18.580951099101341,-6.7536306525946062,-5.0874836951301239,,0.4023674708534238,0.3478260869565217,0,1
0.13764506298026274,-0.93919057563819985,-0.31460276424333627,0.99014576243703034,0.12220219936223735,0.068395844895909677,-0.02579158322307528,-0.32091694424480111,0.94675609801649963,10.50725124420998,-0.41391833081802659,1.5948150319848242,0.2748989128640585,0.2012793230851197,0.5571428571428572,1,5
-0.37173799086292381,-0.85305279711730686,-0.36621276804548591,0.91967055535303588,-0.39218101361162949,-0.020003054246639319,-0.12655803319361428,-0.34423099496253234,0.93031612172490608,1.7836675372914996,4.296740943640784,-1.1857335154544679,,0.2587244627436309,0.3181818181818182,0,6
0.96575546472529405,-0.10049151607090903,-0.239202503228964,0.14462799263169465,0.97393069322349968,0.17476197682711339,0.21540456378767553,-0.20337271202146143,0.95511277549013962,-26.426170049804078,5.1849121087662571,-7.7591059365479964,,0.2001372143263661,0.4705882352941176,0,3
0.81764265256158108,-0.51512830991614211,-0.25710565344815278,0.54956398864549316,0.83142847089597016,0.081890904059276445,0.17158063729954692,-0.20825350442796542,0.96290734902032671,15.409395944964277,-3.1011237495460762,3.2087289965820998,0.707641413462136,0.5295373805632041,0.9822485207100592,1,5
-0.91116964895140007,0.3650164325287924,-0.19113574970093322,-0.35615835174194344,-0.93098824480103592,-0.080075692483736416,-0.20717407973548799,-0.0048879470375013181,0.97829188316141813,-12.460300563006468,9.5257965644281057,-4.9141348744557218,0.8402147534901253,0.3465938593184459,0.264367816091954,1,4
-0.70926813344733652,-0.62005111422045389,-0.33537341968335205,0.67005192751837783,-0.74079579955243879,-0.047455218831757288,-0.21901855927075772,-0.25837608078039526,0.9408892982575181,-13.682191767273675,-9.2195609782878432,-3.7123256365656649,,0.07047896279823296,0.1666666666666667,0,2
-0.71706725486790324,0.67565122627171992,-0.1712015549979953,-0.68298455947754722,-0.73013497555767493,-0.020856868956174026,-0.13909221226032478,0.10197224085463354,0.98501523774184019,-6.4528689548672924,15.668548135757334,-3.9702992900973313,0.1961476262545674,0.1303158342377517,0.1851851851851852,1,5
-0.5747233326327299,-0.7631025562469349,-0.29558007303761735,0.79592099710700781,-0.60521678471008,0.014913412398903356,-0.19027048455216522,-0.22668730038223861,0.95520155493680914,7.816540112416952,5.8104680724946309,0.25769461782511693,0.248864297094137,0.1572168872924798,0.3829787234042553,1,2
0.50700743991281627,-0.8079030263173318,-0.30039333537938273,0.85888351627907822,0.50286641020407608,0.097182709123349198,0.072543513404988491,-0.30727524071386569,0.94885160331165452,5.6580836789465625,-8.5858569065808314,1.0942472118958135,0.1301965381053863,0.1350845648419745,0.5254237288135594,1,5
0.8803490595061626,-0.35096287092009709,-0.31907772824523301,0.43352908683050762,0.86829937793084777,0.24105750591261188,0.19245275861499547,-0.3505442247711778,0.91655915367261065,-25.683036286058776,20.912272518059133,-8.7551944059787914,,0.2447126868244581,0.3461538461538461,0,1
-0.15674716780427694,0.96917182052009132,-0.1900955225540831,-0.98740018965937482,-0.14954881391384606,0.051730239875653165,0.021706930827931865,0.19580892361364416,0.98040179242354386,21.638205474306041,-3.3769030154974864,4.7929223401472614,0.9201806668566755,0.7323875727886391,0.9849624060150376,1,5
0.035752194801752436,-0.96256895314075686,-0.26866855233980358,0.99828654229182145,0.021937668493467042,0.054246826451970598,-0.04632234931323128,-0.27014764324453949,0.96170395174581913,2.2103004752850093,7.4361365010080336,-1.3735808285108979,0.375667606983021,0.3117955771718056,0.7766990291262136,1,5
0.90505003684906948,-0.3350782364614508,-0.26192939172491481,0.37620475117270408,0.91799075352437698,0.12555063376515319,0.19837947473109113,-0.21216868735426503,0.95688558987571026,-0.80916402344210026,-15.752199446666884,0.10598111153811501,0.3713641302064616,0.2610175940565503,0.5416666666666666,1,6
0.26676258863679014,0.9577568245506316,-0.10742246660029044,-0.95569125999804205,0.2772751263404139,0.09885706791253232,0.12446660944668748,0.076291345115939227,0.98928645689367789,6.1084216439982075,5.6014959719107518,-0.18446831642829045,,0.5538558027351193,0.7073170731707317,0,1
0.96578376090030194,-0.035148912592438554,-0.25695579605223606,0.1166783295512247,0.94373033083330427,0.30944988298333304,0.23162015152919024,-0.32884284484968174,0.91554054459470213,1.9777336731606252,-5.0847941053179051,-0.17224123343292341,,0.1505980096910313,0.1454545454545454,0,4
-0.81501912065693172,-0.48448342968137459,-0.31783586853559564,0.53035515474518624,-0.84467670099073122,-0.072420167347401074,-0.23338218183660259,-0.22758971235007308,0.94537594640100697,-27.511689792605306,12.24750790900171,-8.4752276188868958,,0.1525500878103206,0.4615384615384616,0,3
0.91801176726310196,-0.25992984886797665,-0.29948433821144577,0.33098677444426688,0.91819030857565598,0.21765640900447195,0.21840821941826463,-0.29893649978751802,0.92894285011798794,17.181697933661511,-13.333751590795075,4.5259336061523063,0.5706089292123331,0.5852800110625441,0.3043478260869565,1,5
-0.79382605009425811,-0.53401710233208388,-0.29097411673307488,0.56234038520006291,-0.82673362289491259,-0.016876253971094941,-0.23154587745151783,-0.17702330691718729,0.95658206937162982,-16.24685483484749,-3.9538058213680998,-4.8041079764764216,,0.1064707749321046,0.1052631578947368,0,1
-0.57391228988085163,0.81417569313943861,-0.087992182747288164,-0.81611783719933784,-0.57751560884058317,-0.020673590654878241,-0.067648793993628525,0.059947162121365215,0.99590661129686364,4.1714905215913083,7.0664717150018816,-0.79625261100580569,0.6080057735196104,0.3849039480001618,0.4343434343434344,1,5
-0.78831077259419913,0.60524466930486664,-0.11065720080492165,-0.59903345033107791,-0.79603721631906188,-0.086508240182329485,-0.14044590131570936,-0.0019080128517455026,0.99008651555840133,-14.983976925380357,20.160320368630302,-6.2518695436619449,,0.2284128850707837,0.5454545454545454,0,5
0.74631959617713484,0.62276215327259254,-0.234892232339179,-0.62688220260159366,0.77628354010471867,0.066351860741509394,0.22366440133238349,0.097730066068585045,0.96975412851034415,-10.29249076462869,-8.3997746119169907,-2.9717955559730829,,0.07974780073835069,0.3461538461538461,0,1
0.51964345303580284,-0.77605570960825021,-0.35736286502862069,0.85073012599181119,0.50862348397573232,0.13251567559479976,0.078923598796467445,-0.3728802584380469,0.92451683511994032,-17.63344626402656,1.4231722598619314,-5.5253526008302023,0.3857348374563954,0.2178568097120551,0.6274509803921569,1,5
0.22928942914846467,-0.88929894889504668,-0.39569399436298974,0.97324090433652177,0.21577600977632014,0.079011744261469327,0.015116210074010712,-0.40322213865210316,0.91497727135367879,-14.936965936451557,11.446195397669735,-5.5592527407564143,0.8827071078414059,0.7432303941389541,0.1582278481012658,1,2
0.23825231307263847,0.95362844878188213,-0.18392557459309139,-0.96276179501194514,0.25682225904756795,0.084451485025905201,0.12777152022620003,0.15695575469400702,0.97930553439032497,-8.8507485113274935,10.370542395888004,-4.2096562413720413,0.1884281038520323,0.1164203163985847,0.232,1,5
0.060105910328876702,-0.95320405301418598,-0.29629261357797354,0.99663865915135419,0.040754534406140928,0.071066525244518813,-0.055665632382361316,-0.29956819130653378,0.9524495976842049,2.5464004448920208,-20.648025626185074,1.364295016837211,0.273765710436546,0.2684708083123822,0.7619047619047619,1,5
-0.49004458043360338,-0.8280025569429188,-0.27252169617049299,0.85086356279475739,-0.52229788551612288,0.056886872770427269,-0.18943998177751606,-0.2040016776435323,0.96046645377272744,5.2928001284363537,14.088598818424312,-1.0454248620001432,0.3186860462774641,0.2863888750403493,0.8813559322033898,1,5
0.61782998792551413,-0.7119358586718465,-0.33381647526319042,0.77882256016381479,0.61251614436144453,0.1351273202445436,0.10826599558421217,-0.34346951252443203,0.93290255019824486,-18.437996945866818,-16.043067632848814,-4.4358528833516022,,0.2484084639256738,0.8333333333333334,0,3
-0.64780910310949769,-0.68538283106806663,-0.3325563723725502,0.73354671709939967,-0.67899650245861043,-0.029545955419773052,-0.20555432313906988,-0.26308577408536615,0.94262044095847097,-2.9630121328543231,25.361922258219849,-3.7131538378754065,,0.3208767152515711,0.3333333333333333,0,5
-0.31195639917756418,-0.89549081429879418,-0.3174577239864424,0.93961588203152346,-0.34027626060318922,0.036524795742531035,-0.14073094629928212,-0.28689417557070485,0.94756874831186555,-33.406292814664781,10.386333933734265,-9.742887589012053,,0.2509250102769232,0.4482758620689655,0,2
0.95351643267405028,-0.10220089449446625,-0.28348084553473096,0.18400701335169173,0.94245185234620177,0.27915215393509801,0.23863744814665067,-0.31833862972272986,0.91744900957399833,-12.563518353763303,-4.5789349715676728,-3.7893457790057945,0.7490679131976941,0.6774024004467631,0.6363636363636364,1,2
-0.74659765753017848,0.64796663925435971,-0.15076860476857171,-0.64853412401047328,-0.75939447097971169,-0.052187426066176726,-0.14830855593801462,0.058815574968330002,0.98719060995165786,0.98069293348599884,-7.5695855741968083,-0.19207873925408694,,0.0800794684806478,0.3714285714285714,0,4
0.97049502977547708,0.030804129859455472,-0.23914535906995804,-0.00056952932043049555,0.99209600226448469,0.12547987060553573,0.24112045292229059,-0.12164139046570709,0.96284178311294732,-5.6869677651047574,-1.1996859925174017,-2.5170493837150278,,0.08084179496349431,0.2396694214876033,0,4
-0.96192858255304692,-0.12702875066655575,-0.24198574043025908,0.12353421584690351,-0.99189805056816882,0.029623551342764145,-0.2437882269154468,-0.0013977779368519016,0.96982748292377352,13.781408790973233,-6.3736763432498931,3.0438657655082442,0.1572443416000472,0.132151520133557,0.525,1,5
-0.7547491082654264,-0.54051793137365423,-0.37174473693125853,0.61618170045302767,-0.77856319617367964,-0.11899353591956438,-0.22510863066386477,-0.31887256926140745,0.9206771361195355,-20.486928219172682,-8.914784613010255,-5.4242570990166081,,0.1748098837491189,0.4545454545454545,0,1
0.79253457904290592,-0.48964952236485243,-0.36350004988879692,0.58581095791596027,0.77692166608041713,0.23069080250503105,0.16945342311936587,-0.39577275048025007,0.90257934131600226,-6.94423407186384,14.253375550283689,-4.005748851746608,0.5747044546523612,0.3611840124723297,0.2142857142857143,1,4
-0.8727000339478157,-0.36554333544695167,-0.32368614529788037,0.42178409436444098,-0.89836225186646401,-0.12265171080170584,-0.2459528989230487,-0.2435638198331895,0.93818113239374812,27.685785785035307,6.501281389673057,5.666834638389286,,0.439971275649922,0.1304347826086956,0,2
-0.95641533442237159,-0.11074389817032307,-0.27019529437017192,0.12193279147437834,-0.99222526492144925,-0.024928257356363673,-0.26533394514273617,-0.056787434081850004,0.96248277121483605,-7.0276643172562077,4.6676127849252795,-3.3829862137614946,0.3017761126119673,0.2088826787845024,0.241042345276873,1,5
0.53734587671254652,-0.77798524041221184,-0.32557391554112042,0.83953901953302412,0.53015985665088528,0.11876346693087034,0.080209996020146987,-0.33714906509831011,0.93802817891670087,3.1713384167795158,-7.4609516128340516,0.35195719964614186,,0.07678643333066412,0.3076923076923077,0,5
0.89426192181686148,0.39439028357586448,-0.21154649467520034,-0.37437381611816584,0.91822124090723212,0.1292826305112407,0.24523429815899944,-0.036415065120545223,0.96877968704898587,-17.180402424735469,7.6294132501070839,-5.8133962130250012,,0.09911724925159927,0.391304347826087,0,5
0.69245565728568359,0.71010073846812194,-0.12752295448302919,-0.68951525203945785,0.70338918627949798,0.17266258954976135,0.21230609953087906,-0.031632164834145909,0.97669111097106343,1.9609135000734299,-14.321417108027445,0.7241889891895732,,0.1541377296239083,0.55,0,5
-0.13142279706994756,0.98786041815269676,-0.082824167110152475,-0.99074713061275521,-0.12803097787180406,0.045035451455288047,0.033884680799785773,0.087976490907336738,0.99554606395421397,-11.148156118824469,-5.0251739728827367,-3.3900382997968372,0.3429656425821974,0.1811091394634482,0.25,1,3
0.3766075706910072,0.90822453285846361,-0.18246899904434535,-0.91084797204214818,0.3989514689286755,0.10580027063462213,0.16888667657611522,0.12635633483794645,0.97750261744989564,-6.656985856292077,-10.751291909873235,-1.806328803249486,0.2077531018182345,0.2273765312761977,0.2765957446808511,1,4
0.89234484622795551,0.39463743060080281,-0.21904788010662049,-0.38317250794280111,0.91883686629856898,0.0944332689651836,0.2385361703541663,-0.00033391529353211528,0.97113355617718522,5.4988872714541843,11.253121967433962,-0.88056701212324295,0.3022587840898279,0.2812712429005608,0.7115384615384616,1,5
0.78980423741906725,-0.55352685713440397,-0.26422960656556899,0.5920416266314702,0.80057412427467978,0.092562324286896827,0.1602996534320921,-0.22954104202242187,0.96000777660225856,-15.126467032111714,-1.1923753114152602,-4.7664591430395191,,0.6401557239553496,0.7142857142857143,0,1
-0.24808522860056623,-0.85498134385798918,-0.45547845284381316,0.96368672612278716,-0.26576437685434329,-0.026022872438841261,-0.098800876741810817,-0.4453944292983596,0.88986638834436238,-8.7404414060292055,6.7356105961106651,-3.9078279670557197,0.5399988993809646,0.558410299815195,0.433489827856025,1,5
