axis_00,axis_01,axis_02,axis_10,axis_11,axis_12,axis_20,axis_21,axis_22,location_x,location_y,location_z,dbh,dbh_approximation,score,reconstructed,number_clusters
-0.71010214609483913,-0.65083935940123727,-0.26863184912755583,0.67083676900184164,-0.74125976342648614,0.022627250829015517,-0.21385268636767921,-0.16414046234580959,0.96297712182285522,-19.702563155077712,-4.7592811963174251,-4.5935693438870482,,0.2762786458951762,0.1538461538461539,0,2
0.58122677932218025,0.80274271852516033,-0.13334001220038827,-0.79060255153709413,0.5958646096678526,0.1410424491010179,0.19267339334168881,0.023441305428917009,0.98098290948312972,-17.624797520855648,-10.218742978962883,-3.4525718196637381,0.4277805672999269,0.2985142402027712,0.2549019607843137,1,4
-0.27532399674472841,-0.88357981852617296,-0.37879202883609309,0.94931085682699601,-0.31204740758366872,0.037885518746697787,-0.1516759503906383,-0.34916059301353958,0.92470605402989003,-2.6468372544879211,8.1399257289951432,-2.3331675552069626,,0.0911054135622678,0.5416666666666666,0,5
-0.39820483468463774,-0.83465938169689724,-0.38049523805053476,0.90371371026317315,-0.42808447516081949,-0.0067239875561263523,-0.15727186498592019,-0.34653628766932698,0.92475843430174332,3.5534151214259966,7.9006007822724307,-0.82781922752045911,,0.0977040604428419,0.2112676056338028,0,4
0.95405834474189621,0.24044442295298832,-0.17877123454056409,-0.15993787468251008,0.91323284137255278,0.3747341106446756,0.25336248946991863,-0.32892591401319943,0.9097335829901998,-9.4364611960612113,-25.038683785216328,0.10829139656753599,,0.2432320745815812,0.3125,0,2
0.85134866599165515,-0.40115496828637082,-0.3380534578042188,0.49695097420830803,0.82314629770470471,0.27471785855391745,0.16806301838191992,-0.40187667759425577,0.90013885476528566,-19.930134124932852,8.2462463220698261,-6.0385112869881636,,0.5045797397588536,0.2916666666666667,0,2
0.71273495328691483,0.70127179789809857,-0.015058281305220736,-0.67689237119521073,0.69326887848026708,0.24737619115112383,0.18391738411804315,-0.16612082230557576,0.96880249185047773,20.122382239228578,-9.2728573830259489,4.6875825707052758,,0.5540873752355056,0.5,0,5
0.17743274700966816,0.98230325902722782,0.059982727456239289,-0.9757064389522877,0.16762756760184025,0.14106007077460331,0.12850900853889075,-0.083554209255889134,0.98818223463082666,26.301590761355655,-21.56025899149186,7.9847540517751838,,0.6943362563401474,0.4722222222222222,0,1
0.24061965201474061,0.95217050829231253,-0.18834411645353913,-0.95265172585003266,0.26884039028665713,0.14205468589762429,0.18589478825201078,0.1452451985054139,0.97177515918645674,-12.578349976923953,-15.063546203718895,-1.8332136697647679,0.3826630848527749,0.1854112599439198,0.4054054054054054,1,5
0.58393370072397621,-0.76362870455850151,-0.27548617884225801,0.80798724707011527,0.57955894551758413,0.10615101150061947,0.078600519914694897,-0.28457447222977122,0.95542625462370923,-11.496926239751295,-19.809841560181301,-1.0221127151478038,,0.09686044203276938,0.28,0,3
0.74090725816147518,-0.60699320475749396,-0.28742944209296317,0.66041470948306702,0.73627393644991201,0.14748932843750881,0.1221017866455739,-0.29909854543741626,0.94637794448897683,12.806544851304382,-0.73515050974216078,1.9108455528983725,,0.2071158840968044,0.2705882352941176,0,2
-0.63251138383333783,0.77414985897107669,-0.024926796350463746,-0.77403551382533842,-0.63293696867786775,-0.01611884046748914,-0.028255488995596982,0.0090988755312703274,0.99955932180420703,17.628368880574943,1.1491213046129727,3.0215793488913776,,0.1332516760811483,0.3333333333333333,0,2
-0.82806449106965463,-0.49505546179988602,-0.26311459171177654,0.50470466338312459,-0.86259810081857613,0.034608080321107161,-0.24409506629360678,-0.10413743902308507,0.96414365755567388,-19.018282142648449,-10.900438827679359,-3.7082698053795458,0.2496752287667595,0.1477798649857386,0.5833333333333334,1,3
0.12682790874289571,-0.90957374867459007,-0.39571489394001669,0.9900048105340914,0.09126426271299988,0.10752352984724714,-0.061685952073896134,-0.40539663303178464,0.91205724230622232,-16.538554674187406,6.7374528708225379,-5.1735230370425054,,0.3254630696638339,0.2727272727272727,0,2
0.10188474531064336,0.99056121322543789,0.091695046356573384,-0.98847302760174227,0.090430006212879957,0.12142276425853669,0.11198469706540715,-0.10300920749955958,0.98835647961324258,-17.124610343868731,9.3086413378195569,-5.4956378178925771,,0.5572362653763262,0.2564102564102564,0,1
0.37967935856797108,-0.8396359812654195,-0.38840057111424164,0.92511742520663887,0.34512041466369281,0.15827080893645309,0.0011551001915316409,-0.41940829551502179,0.90779697476733801,-8.4888317134018685,14.726249626809963,-3.9959939339137942,,0.1911399167845797,0.1,0,5
-0.11370646885790506,0.98679375242919543,-0.11536433203799953,-0.99029668416156202,-0.10323368985049235,0.093033771386887107,0.079895658696086155,0.12482345711668086,0.98895691932204954,-21.641107634545026,18.257287210801877,-7.075808445110459,,0.1810641956993073,0.1666666666666667,0,2
0.58204614001435151,0.7913904726808767,-0.1868780635717662,-0.76208072496471868,0.6110521519829607,0.21412201240003823,0.28364636350858297,0.017787279357227057,0.95876397155995874,-10.987667601160538,-16.029110803294753,-1.4134215431394912,0.715959215611036,0.466209152040292,0.3072625698324022,1,4
0.23873528901618768,-0.92548916398999448,-0.29406677662642983,0.97001023530931973,0.21303292292656786,0.11703468351100782,-0.04566842644011377,-0.31318809218497473,0.94859243816299754,-17.295014218046607,4.1706539234819697,-5.1585420984059338,,0.1569697374315237,0.2352941176470588,0,3
-0.8153132258019139,-0.48511881577581012,-0.31610770065399024,0.52808565633840276,-0.84689926015193617,-0.062347275190995186,-0.23746554150468996,-0.21776450062941569,0.94667245595480676,13.013570346089262,11.026237601193957,1.2423203725105469,,0.08830148503110158,0.3888888888888889,0,4
-0.48913967419062099,-0.79880846643858616,-0.35021052679599218,0.85143202580189181,-0.52441865721088321,0.0069697494948014627,-0.18922442910887383,-0.29477127728998204,0.93664508193512253,20.875872011795799,8.6471193764065237,3.4187362442898435,,0.1440586107092246,0.1111111111111111,0,3
0.91545233701507212,-0.26904280115366291,-0.29927076335825575,0.36210448940758982,0.8751625345450339,0.32089075536634137,0.17557721208776286,-0.40212747888710987,0.89859119365782003,-22.655019235200999,5.8065030224670888,-6.3162405018682568,,0.1647255735666716,0.1666666666666667,0,3
-0.65681428547116649,-0.71118972944169123,-0.25060758794907817,0.72186842215372837,-0.68909872940121697,0.063631142021147891,-0.21794718511209943,-0.13911186101221817,0.96599529741475965,-19.128156999130074,-20.937696481491944,-2.5865287355108073,,0.0981160276505257,0.3,0,1
-0.37132406427017012,-0.85610696628962712,-0.35944304356080348,0.91217731866370755,-0.40862729712824775,0.030923637514882075,-0.17335218086130791,-0.31639310092357237,0.93265450574078856,-13.978649697808722,15.326084186506147,-5.1392074813138597,,0.207198140058386,0.3181818181818182,0,3
0.18748424827605054,-0.87129410956603792,-0.4535374640356501,0.98030560650615028,0.1368020444611403,0.1424293455853142,-0.062052997518032053,-0.47130857754424182,0.87978272899179499,23.962217380200457,-18.463429818931363,6.9869096442289882,,0.180815808017574,0.1666666666666667,0,5
0.93997325591056058,0.29542285836546667,-0.17080870272933033,-0.24131053003886849,0.929352631596158,0.27941530780838775,0.24128718628484963,-0.22142497804103561,0.94485526554825683,-13.400386318548268,-15.994464368476057,-1.9280920247763385,,0.2617595389129841,0.1612903225806452,0,1
0.66133373394231143,0.74298574748098789,-0.10300422996187364,-0.71850760962816518,0.66691424224996476,0.19741379989903562,0.21537062765461107,-0.056547082367473855,0.9748937994568363,22.89424289898146,12.264011369278869,3.6150774577195439,,0.3093302846738269,0.375,0,5
0.93533397987173061,-0.20286493050218407,-0.28982092069009047,0.28712397039803628,0.91391215658048774,0.28692228159776761,0.20666439393416394,-0.3515826930136709,0.91306047896789311,-17.817397160713867,-8.3347079080013486,-3.6779098323646275,,0.1942654569682939,0.3529411764705883,0,2
-0.34816647778137499,-0.78448195142423904,-0.51319408768898511,0.92249550511603318,-0.38405576466832381,-0.038771286614515774,-0.16667977318807214,-0.48691810144483999,0.85739641688971746,-5.5694089314244239,-35.371709346863753,2.1134905173058587,,0.474772307447545,0.3636363636363636,0,2
-0.0064860849827150582,0.99583869987974405,-0.090902225074076567,-0.9971206847885532,0.00042746606568835031,0.075829791240447808,0.075553098337554664,0.091132327384873479,0.99296859378180347,23.229580190955495,3.4424896475986491,4.3067625933419542,,0.251059558128245,0.45,0,4
-0.9715854957643576,0.039330532740731797,-0.2333982296733573,-0.026151613413862112,-0.99789789383511662,-0.059294912052300246,-0.23523970229571986,-0.051506336248740674,0.97057167679159728,9.5437848449961376,-7.6052524135406703,1.8197339565438564,,0.2069990451283636,0.26,0,5
0.71153910112589125,-0.64942879527738184,-0.26824307527600172,0.69464110605442841,0.7076182622329602,0.12942228839688188,0.10576313794720059,-0.27842168525273642,0.95461799890458121,17.031704485769453,3.0436206028172714,2.7620647226719548,,0.09429503175238102,0.45,0,5
-0.059864275929624185,0.99673207670622321,-0.054235004677053382,-0.99493386448915777,-0.055183866064821903,0.084031816705392795,0.080764309940039414,0.058990746656047519,0.99498603912259487,-15.642667412940737,-12.125053219069997,-2.8473209512473958,,0.2352472730399426,0.3636363636363636,0,7
-0.48649460127193056,-0.78225074905795133,-0.38911022671158141,0.85204916755422999,-0.52329304868077009,-0.013289141150887567,-0.19322323618915049,-0.33800614018188824,0.92109534261982495,-27.79204337618771,11.59122901579515,-7.888379642199606,,0.5317371487524326,0.7916666666666666,0,5
0.28151554308511428,-0.92250823942087723,-0.26405974172919122,0.95951911010144997,0.26820088400919051,0.085973037440883748,-0.008489779244247226,-0.27757311472345925,0.96066700246813019,5.3062292564331921,6.1510982735774959,-0.32880398499691715,,0.07175320065414593,0.25,0,5
-0.42424623882133067,-0.85568453446882897,-0.29634288639482831,0.88795557110174039,-0.45728896414213022,0.049210842536985919,-0.17762328843745964,-0.24226180207511289,0.95381297257899689,5.7152963734050548,8.9083242770037288,-0.41024628619180087,,0.07671523799498296,0.1538461538461539,0,3
-0.89095516451850088,-0.36832962172972195,-0.26557896109114443,0.40389576521409248,-0.91008784118002595,-0.092781098174161913,-0.20752615656811635,-0.18993001630263898,0.95961423668438028,9.0874507050154545,5.619482253214704,0.61293743925711919,0.6430322235292016,0.3311352378900285,0.3170731707317073,1,4
-0.33470273103585457,0.93329195245632723,-0.13015457470791655,-0.94225990250538671,-0.32986422729108722,0.057756970871016063,0.010970777897746864,0.14197085276179869,0.98981004187591881,-12.448902379452512,-11.230741812030779,-2.2242399208780097,,0.08605587790079522,0.1578947368421053,0,2
0.36242958858844326,0.91484670281516722,-0.17804579091859912,-0.91975477888352442,0.38195556160087563,0.09033878282929976,0.15065171766870589,0.13101701916307451,0.97986662391015833,-22.865644668090226,10.08805798237927,-6.7857155261029058,,0.3537200369303127,0.1666666666666667,0,4
0.59822208502675622,-0.68883848110159218,-0.4094287287671598,0.7983840085887447,0.55612625591702414,0.23088213943369615,0.068653563753153998,-0.46500014455198269,0.88264463616487665,20.682681036271138,-9.8149737918036752,4.9007802271903822,,0.4896212002633288,0.25,0,1
-0.56873468233316882,0.79247847049690157,-0.2202696867711918,-0.82034427453679637,-0.56598156902226204,0.081854350903259612,-0.059800772119469499,0.227250384655314,0.97199852383011642,-6.9313997041782311,-27.017461950962776,0.80701548526382838,,0.09033020962731458,0.3333333333333333,0,1
0.82729049040922653,0.55001913411491732,-0.11432146161564737,-0.50009407448596044,0.81375419471274268,0.29615878722645811,0.25592256864624535,-0.18783786278301892,0.94827241664123907,-6.0326650393748693,10.598108189251523,-3.2672462198955441,,0.3961898371456606,0.6634615384615384,0,3
-0.88098072958750073,-0.36905648409401592,-0.29609165074962607,0.40778164387656568,-0.90960852690993255,-0.079539038780140792,-0.2399730922682812,-0.19081310049602537,0.95184204344328738,-0.52218232486523741,11.68315184889069,-2.0390601389028689,0.4909356191634487,0.3092716723792453,0.3097826086956522,1,3
0.16463573355127342,-0.92714044486255009,-0.33660907702868831,0.98624790268192986,0.14971979760962245,0.069993261527288506,-0.014496540743494086,-0.3435033881984354,0.93903954794389033,-1.848510683673291,16.023362129456967,-2.5187100528642072,,0.5238274972340752,0.1481481481481481,0,3
0.7085146226531146,0.68619697558155657,-0.16474446937435763,-0.67022605868083363,0.72739065230766276,0.14730875466376164,0.22091640896925258,0.006045629674145625,0.97527400796390185,14.787528241829326,-0.48128135111458409,2.3613474955388973,,0.3717875119332131,0.425,0,2
-0.093692121200696921,-0.89954141110886876,-0.42666970378171798,0.99012299444369212,-0.12908176016390016,0.05472070053321737,-0.10429881254727022,-0.41732858624021246,0.90275057951129301,11.802920354983854,2.3909900181261592,1.5115936227361841,,0.4235245446626502,0.140625,0,2
-0.87950250576493616,0.44702664812409504,-0.16322536022363071,-0.44368784901775632,-0.89427365276663695,-0.058444217861239947,-0.17209426192408092,0.021019272926338789,0.98485621040761728,-16.640208771419822,2.8987385684095366,-4.8871528558587851,0.3440567471713638,0.2256053726807433,0.2857142857142857,1,4
-0.32495193806759343,0.94112862370478156,-0.093183429801966589,-0.94568397474882349,-0.3223771487169278,0.041890260066161658,0.009383914395480128,0.10173439747050642,0.99476733687929819,-17.395594522462723,-13.190324881221798,-3.1191900022237977,0.6392376403817471,0.4570042342863484,0.4363636363636363,1,4
-0.94367192901357699,0.2491596244958002,-0.21772177638652931,-0.26662119146173063,-0.96226456038010499,0.054406397601849704,-0.19595007184311306,0.10939102960295814,0.97449328986252315,-16.396343284936115,-6.1783152937530597,-3.7224750362961845,,0.07928422196071455,0.175,0,3
-0.84009144358010501,-0.41182462159208938,-0.35305360425015819,0.48634205645523776,-0.86009344646081021,-0.15398268564373097,-0.24024523001796633,-0.30106435259873887,0.92284477841504675,-18.438784248880339,25.814880413982131,-6.9569813898607809,,0.5218841202822475,0.3333333333333333,0,2
-0.24435649249336272,0.96720977897020544,-0.069247007449764753,-0.9695244996446003,-0.24239104162053365,0.035620605427204417,0.017667743637177994,0.075840796452300741,0.99696340174965903,-9.7614230012394714,-14.331392719291889,-1.3055671238188145,,0.4336935539731199,0.4827586206896552,0,4
0.62188291481678382,-0.68271087227860383,-0.38362417172484303,0.7780072030516727,0.59445412128653607,0.20329557222224209,0.0892548724647418,-0.42488841188957288,0.90083483790496388,-11.274471541022056,-13.990169870005046,-1.6725987275789469,0.7132929757707945,0.6924397605714615,0.7467532467532467,1,5
0.96535975531772578,-0.10325098825542586,-0.2396242396694841,0.1663335721410307,0.95109734756225639,0.26028249698903155,0.20103155372156131,-0.29112380336262195,0.9353252084296545,8.5040013053803793,3.0508817619292605,0.64623844351103032,,0.1937456477552828,0.1333333333333333,0,4
-0.73461382418415633,-0.62865972108816204,-0.25520478913782746,0.63654831677478474,-0.76878365720273223,0.061464858489873514,-0.23483775192399836,-0.11729724421036387,0.96493138967075609,10.962457988147552,13.884907972412663,0.55969925971015022,0.4698727933452211,0.5284149887964091,0.8235294117647058,1,5
-0.87636481060444849,-0.38716599098144849,-0.28650866332727382,0.43303203659733469,-0.89378517252881495,-0.11675324684136318,-0.2108743085693297,-0.22638586703897523,0.95093715102020149,9.712608533441097,14.477068372602091,0.23944405335561425,,0.4270328533112702,0.1818181818181818,0,3
-0.34799413897093884,0.92060158775242373,-0.17718012267066321,-0.93749251566468828,-0.34115596194862968,0.068705114071660398,0.0028039819131956806,0.19001401594256562,0.98177737366004181,-15.852304556850056,-4.3482779360423756,-3.9133774143038123,,0.08800733318668374,0.4772727272727273,0,3
-0.7659740671873867,-0.55254779727485415,-0.32859497884648109,0.59934037119144834,-0.79866358559070871,-0.054107268564305228,-0.2325399919508678,-0.23838500116009725,0.94291979688910488,-9.1671452424747812,-16.546087231484734,-0.94792407592895589,,0.346976568909377,0.2105263157894737,0,1
0.4627237653794119,0.8786809189750866,-0.11750131736365747,-0.86624001747885904,0.47633473347846172,0.15077617119501366,0.1884541033549656,0.03201662554203609,0.98155997606747181,-10.21134444290022,-18.063286354064012,-0.93432649712859761,,0.2490153289291336,0.3255813953488372,0,5
0.008308955689398996,0.99685382681338963,-0.078825181400690461,-0.99371024123084095,0.017034558651105886,0.1106787255280151,0.11167326326518479,0.077409765398573457,0.9907253961076411,-7.2057914238307426,-35.677074102647097,1.7226050761571774,,0.3332915502052406,0.375,1,5
0.60855892117420307,-0.71636145611202895,-0.34129503901513486,0.79269753289359479,0.56827422601824917,0.22066949355941137,0.035870054414469957,-0.40483412435269406,0.91368630883683999,-2.8720301122139347,13.2880670013806,-2.7163090501792606,,0.3205292877453053,0.25,0,6
0.94292057320040668,0.28866815153329761,-0.16604665285926443,-0.26079151268442652,0.95015251333250117,0.17087418857071296,0.20709558070413933,-0.11781723005689763,0.97120055640147507,-16.730317803417055,-20.243060508846142,-2.1281805799098907,,0.1880010866346659,0.5,0,4
-0.44175347296150486,0.89223126859202417,-0.093686885278119178,-0.89692240293524073,-0.44151451446550138,0.024395422299397975,-0.019597761079323883,0.094806628792290473,0.99530278352756452,-15.923953789605864,15.027083707527002,-5.5849355509095195,,0.1141191361479592,0.1351351351351351,0,4
0.96193136442284777,0.23450476249183816,-0.14034089392705212,-0.17567843515658688,0.92395905243180942,0.33975985173390505,0.20934454270539379,-0.30217078912091877,0.92998262168790546,9.0081257067912972,11.489357161256576,0.25837666434330153,,0.4997420555367426,0.24,0,3
0.97456027653500732,0.052976689923073424,-0.21777451119174782,0.0090871827896188574,0.96152414034595945,0.27457011971609735,0.22394126575724765,-0.26956408858888908,0.93658182324572337,-20.027229895887128,-11.610177573544545,-3.8184420399815151,,0.5975088446925796,0.5625,0,2
-0.25072397046127304,0.96522639833523638,-0.073996557980237548,-0.9676625425183476,-0.24770180374179243,0.04767620192497142,0.027689247787954691,0.083557264075905205,0.99611821044346305,-19.639155503070548,-12.869957217821348,-3.6362159388767927,,0.08113681047524564,0.2352941176470588,0,1
-0.88409920869172298,0.43166281721182431,-0.17898547825849104,-0.42685756837622407,-0.90186453981560422,-0.066580538771675871,-0.19016099892093244,0.017537504381767696,0.98159626651157017,-10.55411133567384,-29.93245786438456,0.39255175021221317,,0.367347845048509,0.5641025641025641,0,3
0.95973801539981363,-0.10492186350456797,-0.26056543200347054,0.18933450972949631,0.92686399896728244,0.32415362229021699,0.20749791618692878,-0.36043658246230525,0.90941194450093732,-7.4523511623583003,-24.595748000678725,0.48559259034544389,,0.70252781132368,0.2631578947368421,0,1
-0.96393441048705708,-0.11767650203074462,-0.23871047976319965,0.12586320789356345,-0.99186000125319329,-0.019292247478094382,-0.23449713255754404,-0.048641327940575234,0.97089912763297215,17.588515560683586,21.101221158547755,1.6878418898523238,,0.08827556570483255,0.3,0,2
-0.081003976754852797,-0.91768070763477239,-0.3889736168236127,0.99390121944331045,-0.10366745584516161,0.037595539465367235,-0.074824606507483904,-0.38355596388732499,0.92048145056131658,-15.489680824595204,7.8856797753842756,-5.0746734192375662,,0.4932380012038135,0.3076923076923077,0,3
-0.93148040228245699,-0.23866457843536651,-0.2745605200388081,0.2716207551074894,-0.95832948001053953,-0.088469051863160383,-0.24200501143271644,-0.15698352379469019,0.95749138257138022,-9.3434777461777028,17.548583228012699,-4.2829395288169776,,0.7524126531667967,0.4606741573033708,0,1
-0.20484235936940901,0.97321325971808026,-0.10438179399149043,-0.97800412885513688,-0.19922356365820823,0.06178912222737027,0.03933868007799627,0.11474285508140325,0.99261601108257824,-18.617244668565927,-8.1685281011753066,-3.8865875704858746,,0.1023009710570099,0.125,0,1
-0.44125594246222605,0.8794266398405659,-0.17861124931118882,-0.89704740336890942,-0.43769550111669892,0.061062299426884299,-0.024477527466417039,0.18716685988959936,0.98202312457915042,-13.338025290980376,-5.4760982670221265,-3.2431746740590142,0.1599107722806629,0.1921886294513477,0.8238993710691824,1,4
0.5531246279494948,0.83143765440088657,-0.052579205015715655,-0.80950451794512923,0.55130202770031467,0.20191213356295837,0.19686437306469917,-0.06911946974531516,0.97799126658675728,25.099942244891878,-5.861998202425549,5.4575215530590961,,0.4283541912886665,0.3333333333333333,0,5
-0.97621548150922599,-0.0448278679608001,-0.2121174106852107,0.043343501182167725,-0.99899236012850345,0.011644969306686346,-0.21242569187125337,0.002174088078094188,0.97717480461483852,9.5007147061660771,18.993342473384722,-0.12419951701201598,0.1884492250979682,0.1399868945163704,0.2380952380952381,1,6
0.56544412396799493,-0.70997824595913261,-0.41976640281811572,0.82306567552959775,0.51857986056683059,0.23159840668600043,0.053252572098202083,-0.47645127608107041,0.87758665958732851,1.2694746598052116,8.8559004828637473,-1.3997583849361745,,0.2080070305457472,0.154320987654321,0,4
0.86319726340890401,0.46307302696441066,-0.20113143996253011,-0.44022287341096827,0.88540596826738016,0.14919816715461795,0.24717262423086703,-0.040244789159899756,0.96813534734369933,-13.382830911536557,-14.591708206030519,-2.0534661088683741,,0.1289381728973421,0.3958333333333333,0,5
0.55793433911533485,-0.79018595282627646,-0.25360487612024085,0.82782310697329586,0.55145327028324054,0.10299608854222471,0.058465175934165538,-0.26740503108570629,0.96180890646377282,-11.767866563781073,-21.188369107999687,-0.93882612586310576,,0.07977875654932641,0.3684210526315789,0,3
-0.0072925113028615221,0.99586991362593136,0.090498256411806824,-0.99616010928015697,-0.015130916920730354,0.086232778176767347,0.087245950953859397,-0.089521899487317994,0.99215622436909556,-13.866410292494683,14.448534183440096,-5.1308783870217836,,0.1881918472160204,0.3,0,2
0.6231366866903153,0.7776050519340616,-0.083851373913852487,-0.75162042322063627,0.62503506536363873,0.21070810725623126,0.2162577376609853,-0.068275546665673995,0.97394611792914676,20.667241462584755,-17.05756127976483,6.0363536946586214,,0.4558001396202705,0.4666666666666667,0,3
-0.58948982411622841,0.80554512155748259,-0.059990035825629159,-0.80727322872871621,-0.58487686174608222,0.078923955627996159,0.028490023540422481,0.094953218634211384,0.995073969526724,-16.607619571511194,-11.722719731548905,-3.0841848165917201,,0.188545924293761,0.3181818181818182,0,2
0.89414665834615836,0.40881987755839116,-0.18266926693217977,-0.3763489741141291,0.90718010222944423,0.18811090293286467,0.24261740055412462,-0.09945134404379366,0.96501099844314853,-13.755877804427252,-10.920659040320867,-2.5637879039792653,,0.06798804474894718,0.3846153846153846,0,1
0.56086605067442186,0.8109206160259198,-0.16684432176439676,-0.80402366127878522,0.58156686559296866,0.12379795211646097,0.19742144084353261,0.064712713963445245,0.97818047381183759,-22.575814931147896,-9.1854850362153151,-4.6440798232268419,,0.4540101234047702,0.734375,0,4
0.9681696585005688,-0.095650148834678858,-0.23129756026987483,0.13380037422435992,0.978762730017118,0.15530929845588878,0.21153007402332613,-0.18131345056929138,0.96040640378245301,-9.1318179592190774,-26.610144120416642,0.29380184125580544,,0.1850325623080112,0.2105263157894737,0,2
0.96689602386235174,0.12441004609816346,-0.22278738624309169,-0.099249252300572521,0.9877009436983768,0.12081569324849635,0.23507799760282325,-0.094704731915518925,0.96735171928097485,-16.815765668081298,-7.8846476994862797,-3.4954575240399204,,0.08684414447928211,0.3333333333333333,0,2
-0.18247272700895642,-0.93121587191510946,-0.31550071916129957,0.97475026134119636,-0.21334184199863537,0.065933197009540562,-0.1287075441191558,-0.29550339819706245,0.94663198220892786,-8.7560476286879947,9.2583888184807552,-3.712049713759793,,0.07809775782253484,0.2666666666666667,0,5
0.28277933518705861,0.95817629703929486,-0.043977623665115789,-0.94291410597790881,0.28609924389818431,0.17047055871548308,0.17592281358324971,-0.0067384295613052165,0.98438090047907845,-10.037273995302591,-21.812369522713347,-0.44484957830925392,,0.1689436594601907,0.1351351351351351,0,6
0.59311474981405454,-0.71673201208443316,-0.36675620840881612,0.80240191350484269,0.56360688783899271,0.19621020662598548,0.066076189030376931,-0.4106610510309503,0.90939069624082747,-10.832708428760814,11.704861301122778,-4.327289646916836,,0.1949117397785,0.3627450980392157,0,5
0.71604421077023539,-0.62742416943489654,-0.30597320116533239,0.68998003420893905,0.70262558142235965,0.17391045030107574,0.10586897853225091,-0.33564297093760453,0.93602112980675634,27.301600569421261,-19.073960001958916,7.7955502204766534,,0.1331666320349665,0.1666666666666667,0,1
0.05433512809011927,0.97992152651702746,-0.19183715939298335,-0.99337057126298323,0.072539309317261755,0.089179351603548451,0.10130450140090039,0.18571981712330318,0.97736663925243639,-15.591019639001164,-9.2925644193814652,-3.1043228813234767,,0.07305211368578754,0.2758620689655172,0,1
-0.35213386909748118,-0.77693831438444061,-0.52188944602846798,0.92137874117713858,-0.38576601326746718,-0.047389854553011146,-0.16450821724542888,-0.49754541365506288,0.85169572489800771,-16.785461632338556,-14.613616496744937,-2.8729478634957148,,0.346871036921363,0.3571428571428572,0,1
-0.23082925200734242,0.96774703609589097,-0.10091348049368844,-0.97284750402601705,-0.2277484278500029,0.041211497451587011,0.016899417980537221,0.10768624675171527,0.99404128784092705,15.044603700787679,13.075006898423654,1.6424036815307692,0.3452826831347315,0.233863877328466,0.5609756097560976,1,5
0.1793524020019451,0.97918150661141423,-0.095059418293683376,-0.97425295004636936,0.1902017991664374,0.12105562737765183,0.13661590398661264,0.070900301156278517,0.98808362099261104,19.993853243249042,-6.6014749563111694,4.2123959268494504,,0.2289905421401201,0.2352941176470588,0,4
-0.34429606569094773,0.93859144106299786,-0.022501686892738529,-0.93877534448016786,-0.34448970005844887,-0.0052629981742230228,-0.012691404409144524,0.019311999298991859,0.99973295181123178,18.51280399448903,-9.3891143163333588,4.280517125569717,,0.339441032516524,0.1914893617021277,0,3
0.82252348726706015,-0.51848004820943006,-0.23373821361254055,0.55040460828992943,0.82917515202596115,0.097587573163463795,0.14321270916802079,-0.20891866089813976,0.96738984544044315,-15.493439357072743,-13.99450217568203,-2.6111318470838532,,0.0699557710397043,0.3076923076923077,0,1
-0.66038155941428245,-0.70186676211162979,-0.26698173013990284,0.71850133620534962,-0.69393203340067688,0.047054892322986722,-0.21829343979305971,-0.16075254667761124,0.96255212475999197,17.605036047260239,-5.931665485939468,3.5675976157225056,,0.08658929147765296,0.2105263157894737,0,2
-0.70254496685646417,0.68628452394463746,-0.18826609290769949,-0.70492337800722615,-0.7073799716833733,0.051928862880963191,-0.097537688528739661,0.16919553142831809,0.98074424365435786,-11.294852544187341,-18.371063113067809,-1.1380208033003001,,0.09899550814112205,0.2083333333333333,0,5
-0.30375136027356575,-0.83392064837068014,-0.46077268077977857,0.94008089004495821,-0.34094098923955352,-0.002676196673517929,-0.1548645579344711,-0.43397649023579593,0.88751415460170668,-19.793203224258288,-17.924528986486781,-3.0554895059277665,,0.4267281540097663,0.2142857142857143,0,1
-0.96636196781154415,0.14578995018957908,-0.21187221996080258,-0.13529175429459567,-0.98878108764643757,-0.063309572203718231,-0.21872514347301131,-0.032515398451304807,0.97524461571252097,12.856097364875655,2.9515414136337723,1.7463079627056268,,0.07831661211462601,0.25,0,4
0.17059451911986284,0.98251601307812719,0.074564026791231766,-0.97711827777303406,0.15892975929508199,0.14135488266157156,0.12703299291177136,-0.09697224167496625,0.98714690044410791,-12.439352683343369,18.00061248413046,-4.9800589754895048,,0.41271924967834,0.2666666666666667,0,2
0.14499568067119983,0.98918768966969761,0.021999254365079032,-0.98341334454017615,0.1416292732987276,0.11331082351292664,0.10896993331648282,-0.038063940295223565,0.99331600716096435,-6.0877312524529792,-32.836796835009665,1.7224077886058795,,0.2981032686908341,0.3055555555555556,0,4
-0.099670924127580468,0.99122361471472253,0.086841536809478509,-0.99287843616752325,-0.10480048905713552,0.056650405884844199,0.065254255624338064,-0.08057669095503453,0.99461011406362099,5.694113828134169,23.503036276917648,-1.3011057385977949,,0.4535539118120475,0.3076923076923077,0,1
0.69098719944361597,-0.65885641709702303,-0.29739689281352788,0.71623845647565443,0.67961167959854185,0.15852582886905275,0.097668642206389281,-0.32254640999912165,0.94150127441562059,30.505664466700665,-28.107534055429067,9.6519078725331688,,0.2034393604146564,0.4,0,1
-0.14934385159401417,0.98535931941150579,-0.082240048881058667,-0.98733120152689935,-0.14409847128170702,0.066428375456010894,0.053605153507053471,0.091118835721100425,0.99439622148030937,-16.876510827013973,17.691059802719124,-5.9545562623596959,,0.3125814480145914,0.25,0,2
-0.12057678590758383,-0.89733223082966906,-0.42456578549671831,0.98450087967875333,-0.16296022086977435,0.064822714582425958,-0.12735484526297769,-0.41016927472486669,0.903073590279175,-7.9837035939284613,-10.786337655210442,-1.3303204107095343,,0.6667266725435153,0.4372990353697749,0,3
-0.90171551132601546,-0.34222570190663693,-0.26417930575382148,0.35775941458104032,-0.9337425852295117,-0.01153194725702749,-0.24272893917432434,-0.104911169488368,0.96440463945580923,-19.305315749529708,-34.246921241948058,-1.2263289376348614,,0.1682970387520148,0.2666666666666667,0,1
-0.85101004898904598,-0.37199850690839165,-0.37067372091583412,0.45423627025818841,-0.87563954435547398,-0.1640877787736465,-0.26353615938157798,-0.30801379712419763,0.9141532658583803,-7.0660003434361327,-30.443817107760452,1.2865585763444274,,0.3045399879158532,0.2857142857142857,0,3
-0.0023930061176206481,-0.94456703695500432,-0.32830989357581458,0.99601289592888853,-0.031529301494793723,0.083451868107302249,-0.08917726540474985,-0.32680118703164479,0.94087639968788539,17.605025235423053,10.731502459570653,2.4562159587311632,0.1605117843451995,0.1346717544735509,0.3888888888888889,1,4
-0.45758705308462599,0.88859849555137727,-0.031730152113667059,-0.88873279016402562,-0.45818570717454765,-0.014828534257494494,-0.027714915417398126,0.021414281327856801,0.99938646779842777,17.35358454029916,-8.352759807961343,3.7843888056022816,0.6645470402062785,0.7030677798946344,0.3369565217391304,1,1
-0.97386966792159846,0.049074158448987638,-0.22174218560029943,-0.0081651618858002897,-0.98330950271685591,-0.18175739874378408,-0.22696078963920754,-0.17519745671456505,0.95801599732316278,0.005083631402440272,18.521824327282424,-2.2414598885496133,,0.5166430056250725,0.2777777777777778,0,1
-0.87721231537780164,0.44025145363998636,-0.19151295339322352,-0.45090497129084339,-0.89246632861759134,0.013731684129824062,-0.16487346849848183,0.098399745181155615,0.9813940235876536,19.110211233881433,-4.4451106458835801,3.7805813625568936,,0.2184244030725509,0.25,0,1
-0.95106028962583555,-0.15151587028330166,-0.26930886830759188,0.19495343900250556,-0.97040308765972993,-0.14251668001170886,-0.23974461853797371,-0.18804464499888629,0.95245038157865469,-16.13668140206137,13.679399909343113,-5.5942797334608905,,0.422522038347373,0.28125,0,1
0.76797695597236948,-0.52303160093655254,-0.36966111442395327,0.62813973296925163,0.72781046538590832,0.27519520769821598,0.12510743767150592,-0.44354241160963803,0.88747859587867017,1.433028697257386,12.207951083143552,-1.5564904051970905,,0.1373602062316992,0.1651376146788991,0,2
-0.52398779034475207,-0.75451814317229227,-0.39514448900808352,0.83027460937328668,-0.55595954396207359,-0.039408863311678199,-0.18994964753760277,-0.34872819946387829,0.91777326954919602,-6.0785869530790269,15.472689078667162,-3.4500428706851749,,0.3551840137359029,0.2,0,2
0.61558090909598895,0.78270930257181626,-0.091794836587340264,-0.75912639259140036,0.62021289106207877,0.19764384592388684,0.21163001778510238,-0.05198189519398913,0.97596650462211976,-17.822809283054003,-4.505215701116204,-4.2923447407131405,,0.1814924684062929,0.3157894736842105,0,1
0.9089360669489015,0.40021801274838048,-0.11687929017237783,-0.3389856185099473,0.87258067850173793,0.35169832235720877,0.24274261398215641,-0.28005089140580136,0.92878820060330525,18.979505256544112,-13.897920337002169,5.0126828578019227,,0.4344005797544981,0.1333333333333333,0,1
0.83342098659911146,0.53935909426370021,-0.1204210385738388,-0.50006572279948702,0.82877421967387055,0.25113256595868066,0.23525248559194353,-0.14908071719375873,0.96043282314996103,-10.645217734457173,-23.007800698501693,-0.506187125916436,,0.3899678884655366,0.7866666666666666,0,3
-0.34967727590725778,0.93633655017993089,0.031617519055489055,-0.9367294420713127,-0.34884055949076753,-0.029124155111084529,-0.016240537886591282,-0.039801116206871878,0.99907563080972017,-6.6168195472027946,-22.385767044743165,0.3423342794197422,,0.5726307019049528,0.3555555555555556,0,3
-0.97393741569433689,0.04987549746830415,-0.22126532729491263,-0.022508623527850571,-0.99196140761953211,-0.12452279976115954,-0.22569730210509187,-0.11629703584255935,0.96723095860126229,-10.352095063821539,16.069537825035283,-4.4485466211658444,,0.4553488934988965,0.1481481481481481,0,1
-0.20638335605125355,-0.92398222463278723,-0.32196701524793936,0.96867405119972205,-0.23938665785523702,0.066065199411024136,-0.13811767764243713,-0.29824633544026158,0.94444302661363055,27.34990144093025,-17.913587038882465,7.6958368430343258,,0.1602624866250923,0.3181818181818182,0,2
0.097804495141145573,0.99439952329127568,-0.040048330904900224,-0.98981655130074986,0.10137823284021087,0.09992821762288015,0.10342860098287772,0.029867071906679206,0.99418835364051872,-15.959682424584633,11.712798531790726,-5.402250295340937,,0.2099796652970208,0.3636363636363636,0,2
-0.29222841216507445,-0.9143072464934352,-0.28043682734810688,0.94337528568664974,-0.32372833297495357,0.072408817038322137,-0.15698925275034281,-0.24339725848671781,0.95713747658423565,19.735821205703967,-7.5628242758653057,4.2772279347842277,,0.08821958229983995,0.2857142857142857,0,2
-0.72730761546324585,-0.58155870500064855,-0.36443532365446524,0.64740766184898524,-0.75760321594742241,-0.083070371164170861,-0.22778707572730419,-0.29635593434937535,0.92751614989040043,-17.632855501668942,18.266188287817439,-6.1309920769660984,,0.5701680253860317,0.1590909090909091,0,1
-0.30074299662899662,-0.8380453949410237,-0.45522913570723184,0.94114750756718868,-0.33799578625961668,0.00046633765728728801,-0.1542563417778289,-0.42829751865833354,0.89037420028459624,23.920579653982319,11.332969867772098,3.9760621978454531,,0.4634297108592194,0.2222222222222222,0,1
-0.51244891560262196,-0.78857700915737794,-0.33991529757588385,0.83642099164925798,-0.54799026198414502,0.010324606482618306,-0.1944120202718172,-0.27902145687913166,0.94039937950579167,-5.27253217659944,11.707908865387546,-3.1316692269397275,,0.3442338654006915,0.3565217391304348,0,1
0.2897939953040079,0.94980112151047436,-0.11788668229781724,-0.94493649081925235,0.3035016913969798,0.12239996583892702,0.15203443229722249,0.075924652759286684,0.98545470646775224,-10.364514372915687,13.275319890848726,-4.3388747959103133,,0.4382748642927856,0.125,0,1
0.89873922413959839,-0.36331806897628005,-0.24549498517953183,0.39890227548892726,0.9099128215025275,0.11373491933027864,0.18205708336317916,-0.20014654136571022,0.96270274767273611,17.003285428301133,4.5443907872598714,2.6419894203129295,,0.1150050958321667,0.5217391304347826,0,3
0.55513495178578953,-0.78434059924585486,-0.27683029039547646,0.82970010450419474,0.54560016276921675,0.11797541681186952,0.058505742380720191,-0.29517839819481873,0.95364919721437569,6.2962230931140093,6.6482747009388703,-0.10893846017369366,,0.0953588707695965,0.1481481481481481,0,3
-0.97150430909390428,-0.039565420729574002,-0.23369628772076673,0.081381485787427696,-0.98171095339136616,-0.17210653027251999,-0.22261273814183744,-0.18622078690067592,0.95695631422917471,-18.138172593772747,3.5583427852556193,-5.2910570873590288,,0.3148100525160221,0.5357142857142857,0,2
0.14044169671790929,0.98766851016305635,-0.069188466201258375,-0.98240018713507249,0.14770241944198209,0.11434101454840867,0.12315032334496484,0.051912516056079105,0.9910293076073774,11.070960423377828,18.812849928776281,0.29260595111881454,,0.6117656171565227,0.4705882352941176,0,2
-0.96712664600157516,-0.061997126817992819,-0.24662199184188438,0.097603909255325194,-0.98604353125122801,-0.13487635588081273,-0.23481807317969161,-0.15451378820002801,0.95968013513058359,12.509074313134208,18.479412927173367,0.66246387190724532,,0.4794369722713689,0.3684210526315789,0,1
-0.40353221820980173,-0.82956387195492776,-0.38598643915793884,0.89817976513533715,-0.43959061619691303,0.0057619140091927879,-0.17445589232842787,-0.34436009132703871,0.92248646013539193,-15.910012983275791,-10.427264104523662,-3.0362363931432341,,0.2475800180635327,0.125,0,1
-0.32647930097427713,-0.88090885035982325,-0.34265268624816331,0.93166204461217461,-0.3610575063494601,0.040537781608922914,-0.1594274150339596,-0.30600175565908866,0.9385871429276802,23.30100692997754,16.602361017875417,3.4106353750878067,,0.2087114183320122,0.2857142857142857,0,1
-0.60185576755416481,0.78181864207963492,-0.16287800943817929,-0.79513193835990781,-0.60564277145577705,0.031016672667825172,-0.074396476138351389,0.14817707069625288,0.98615856740083896,-13.579553808108354,-17.054944892749912,-1.7954495699913413,,0.1122793077228464,0.4545454545454545,0,3
-0.18474932610861741,0.96939335416354477,-0.1616917171841607,-0.98248562823135488,-0.17811097378808921,0.054758299234889438,0.024283262162461374,0.16897634721998656,0.98532092094857038,18.343410371686808,5.80430795197731,2.9145148124394633,,0.26339656505569,0.5600000000000001,1,3
-0.02499538912094133,-0.9144214049648407,-0.40399099577195885,0.9952007470327433,-0.061005584112286432,0.076510076542820354,-0.094608158359425903,-0.40013974165189453,0.91155772363717735,6.0588962495591474,8.0033544470186921,-0.21207376129410319,,0.3904972111133784,0.3125,0,1
0.090991895573254197,-0.89689813925569195,-0.43277500244314376,0.99357188592851819,0.052374153705656998,0.10035863448684208,-0.067345248031567481,-0.43912489774925462,0.89589839923077941,16.939496568227632,-2.4746611336611259,3.1250138352132248,,0.1062283841773128,0.3333333333333333,0,1
-0.67578132320547013,-0.5934407905990855,-0.43720433581998708,0.70327854247467325,-0.69671967706514215,-0.14135410600666423,-0.22072357124095965,-0.40300089285679797,0.88818431952791221,26.618733968070686,-29.390597980495105,8.8736524808958972,,0.4148352760763811,0.375,0,1
-0.80318958936336082,0.56944657459425885,-0.17497737631242583,-0.57996133988045306,-0.8145664458981734,0.011240527607176363,-0.13612981959286111,0.11050838836795621,0.98450828758214715,12.644943327352172,9.8006145119738264,1.2331255065262918,,0.08328852150204365,0.3684210526315789,0,3
-0.82150658453462555,-0.50285066532237443,-0.26882734226841443,0.51858961566315676,-0.85490248874224162,0.014371682875056272,-0.23704797424275412,-0.12760463599402264,0.9630811569022828,14.514676704350824,10.577138247788772,1.6510161329533004,,0.1088190639618583,0.3125,0,3
