axis_00,axis_01,axis_02,axis_10,axis_11,axis_12,axis_20,axis_21,axis_22,location_x,location_y,location_z,dbh,dbh_approximation,score,reconstructed,number_clusters
0.39778539085928183,0.91642824088892294,-0.043886924250427999,-0.91045584014662895,0.40019585716693556,0.10446740663632099,0.11330024696277181,-0.0015985016910096477,0.99355950945603599,-10.375726632886201,-10.475650442092581,-4.4533255417793809,,0.1064920435892229,0.2,0,2
-0.57760042875695605,-0.79421125207376231,-0.18869613610036143,0.80559786662248245,-0.59191773296302175,0.025406194071931211,-0.13187047430370527,-0.13733857609332692,0.9817068266664809,3.7472670901152418,13.059743439106509,-5.2670720751497404,,0.0800496702210539,0.2727272727272727,0,4
0.80105008865819338,0.59396289867336016,-0.074342655724956283,-0.58254455314894615,0.80210152254629197,0.13143436052042951,0.13769749110711602,-0.061977596988422451,0.98853334714330487,-18.391622173278979,7.2000857501615387,-7.2204348527558544,,0.07266809488257006,0.2727272727272727,0,1
-0.64710030386532524,-0.71073891090071106,-0.27588294124333884,0.75654354849899774,-0.64339447270316219,-0.11698466446319061,-0.094356006496402203,-0.28441827126028962,0.95404569650062376,-21.443801092485025,6.5736803657762701,-7.5235008322151558,,0.4106859885364357,0.3452380952380952,0,4
-0.64477856190554927,-0.74767321075085502,-0.15888793545300778,0.75256740748961304,-0.65734352996422662,0.039265516659439705,-0.13380173127196279,-0.094256318301095071,0.9865155057924575,3.804614402019924,10.379649176009565,-4.9752487691479663,,0.1703310568868675,0.6111111111111112,1,5
-0.98732187418680017,0.1251966437804001,-0.097577236783928309,-0.11701282255780927,-0.98944092770186132,-0.085525726805060084,-0.10725444563894712,-0.073023632986880999,0.99154628379923782,-8.4188224252489796,-8.5077100553146501,-4.4191919850873669,,0.2493210294357499,0.3478260869565217,0,4
0.77482496557458946,0.62444737242873782,-0.098548220629201044,-0.61717090417501286,0.78094893416383893,0.096014776301159482,0.13691730263970944,-0.013573551311635162,0.99048948048056351,2.2598481942638133,5.1861217253546368,-4.5130906591230771,,0.1220262350540831,0.4698795180722892,0,2
0.79462523688717701,-0.57249729761333124,-0.2020336039559508,0.60178851758805052,0.78670297584065874,0.13765539547227168,0.080133095542189683,-0.23096595426357489,0.96965633859112244,-7.6838931379696369,-4.324430719242482,-4.6921655680501084,,0.2899678292120206,0.8295687885010267,1,5
-0.71040524012453554,0.70291419563294166,0.035157195299058495,-0.70285861153087015,-0.70600340527596217,-0.08688477389994094,-0.036251441357539618,-0.086433936138769346,0.99559781422171723,6.2645493392120795,13.907661698664569,-4.9853247239133678,,0.2541018399934907,0.1428571428571428,0,1
-0.61899741337141123,-0.76298228470857477,-0.18627999210968851,0.77420013942582477,-0.63266449080403142,0.018702571713789671,-0.13212246725116825,-0.13264115234933321,0.9823186745404493,2.5648104065549613,-9.0655650695018331,-2.9748500750509801,,0.3285006764785961,0.75,1,6
0.36852293858443919,-0.9156565062426949,-0.16051170148157864,0.92942634623515863,0.35940102495468657,0.083651480473952711,-0.018907952323108528,-0.18001129363721194,0.9834828028501591,1.1202145592034152,5.9097358293347346,-4.772055678045513,,0.1899465740867371,0.7724867724867724,1,5
0.52083411671581314,-0.83916936033113065,-0.15660973004988704,0.85365773456501193,0.512110995463259,0.094925236596810264,0.00054321468085343741,-0.18313140912216394,0.98308829303920608,9.5802828982405011,-6.6571731670349905,-2.3618977018358418,,0.1950936986469731,0.4897959183673469,1,2
0.46071771190491478,0.88692984706352829,-0.0330852886486614,-0.87695491630692668,0.46064500888637078,0.13695346126763547,0.13670868554049556,-0.034082578774806097,0.99002480429626005,-9.5261293201537214,-13.65002317802468,-4.0359827701077196,,0.3160231556469203,0.3389830508474576,1,5
-0.93223995745172916,-0.33704089166202567,-0.13165143021656009,0.33491986267694368,-0.94145518372414916,0.038611172261241972,-0.13695746534912345,-0.0080978013433718864,0.99054382956967035,12.577781289654634,-4.8210855316592536,-2.2594796141442601,,0.3117325441026756,0.8133333333333334,1,5
0.45890147440130308,-0.86600471650210786,-0.19860832759079855,0.88846441065681436,0.44887757948337204,0.095602874608398586,0.0063582850321654413,-0.22032873083929128,0.97540495312367426,-9.4740190677626224,-2.3264574108970271,-5.1549513874347959,,0.1063382623200931,0.2033898305084746,0,4
-0.99024601179761118,-0.0082903236248346446,-0.13908309262135654,0.0093073061887484435,-0.99993448557657705,-0.0066632279125982061,-0.13901874035695405,-0.0078927237948539283,0.99025829698148149,8.0874312849785728,1.4888502868457607,-3.4298481923175732,,0.1497163089253846,0.2608695652173913,0,5
-0.78654678037880832,0.61256536232286152,-0.078152665712642691,-0.61615197768727881,-0.78693263386024448,0.033072196144704767,-0.041242001258255251,0.074166748938051488,0.9963926889957464,-13.369481997746176,-5.6657398933117564,-5.2490210896424374,,0.3154713701082058,0.6289592760180995,1,3
0.98864280568877227,0.055257537392843344,-0.1397569580418532,-0.012293767228812166,0.95656947285263838,0.29124509763041656,0.14978072655437871,-0.28621923095366175,0.94638485077960655,12.444438865958929,-6.3996407161967213,-2.0726432926618412,,0.3394681606173319,0.3,0,3
-0.16988982086201715,0.98244318456433299,-0.077089803933879208,-0.98419169842415899,-0.16517836006635075,0.063896870962208419,0.050041478000173611,0.086726573026282935,0.99497454842356403,-9.7409465059289939,0.50108792844737371,-5.506977281755371,,0.1711549649052252,0.5661764705882353,1,4
0.9679503061021798,0.23740262901875914,-0.081927996751285426,-0.21959713268863668,0.95835639543741669,0.18256538182013532,0.12185772126388385,-0.15872306404295497,0.97977430294389245,2.7685705553068551,-18.064286107307804,-2.1825880203133439,,0.1999024933742747,0.3333333333333333,0,3
0.91589582390986513,0.39226296207157807,-0.085232671736265253,-0.37727571567212437,0.9137096538496241,0.15098908181086335,0.1371053394604185,-0.10613405225860796,0.98485414597422061,-6.9663643616394033,-9.2837459757530638,-4.1719215890315899,,0.07293169930066842,0.2121212121212121,0,1
0.97064431185382194,0.20645326651750825,-0.1233963881565095,-0.18273918201002451,0.96658956326897694,0.17975262873681863,0.15638417830499465,-0.15192651158945281,0.97594176253100895,-0.048351131248963071,15.58734851307997,-6.0879219705001146,,0.1005662533971932,0.5789473684210527,0,5
0.99014252510692491,0.08124174413371972,-0.1140945177692262,-0.064919453978535324,0.98800314848590343,0.140125811601823,0.1241098081136615,-0.13133757113656391,0.98353810192484992,7.1381039074129529,-5.6362633511464741,-2.7559526382709083,,0.08427255007304883,0.3387096774193548,0,3
-0.7124946033118541,-0.67263444153039298,-0.19978575604527232,0.69143611379249659,-0.72150378852451191,-0.036720344338085409,-0.11944681157324601,-0.16430213392367748,0.97915129984753246,-13.258840797472079,-15.606201261359457,-4.3224268241156754,,0.2020241728427447,0.25,0,5
0.96192299337394149,-0.21995066999677707,-0.16225245017097537,0.25509549109723217,0.93561864718632104,0.24401646964723714,0.098134831942475839,-0.27611492137370597,0.95610151393793652,-17.817025996257271,-3.9460077690755719,-5.9676166079746054,,0.3900844784528065,0.4666666666666667,0,1
0.53691923088447979,-0.79959531202032952,-0.26900757703368322,0.84363311738699664,0.50853218026930835,0.17227357568252968,-0.0009501338428273778,-0.31944069657083141,0.94760579283794244,8.025920533552414,-15.080662985057792,-1.751430260320904,,0.2613973191994841,0.3125,0,5
-0.11090193140909252,-0.98401486874616084,-0.13933951232944758,0.98992275670307417,-0.12179699082339762,0.072238693148141978,-0.088055081461089535,-0.12992394357023096,0.98760623302814365,-5.8857873094605253,-13.062757141745575,-3.6969762404707924,,0.08957930113116866,0.12,0,4
-0.2681012918509203,-0.93925760615995224,-0.21428216579674789,0.95726817463404357,-0.28476058233414281,0.050488142979586169,-0.10844048663057071,-0.19158956135290117,0.97546609415188235,2.431196950302287,7.3844680032134624,-4.8121811833186383,,0.4348561693437044,0.1428571428571428,0,2
0.93737206987580557,-0.31787115456577425,-0.14244834752207272,0.33665417104293355,0.9317262536235541,0.13619896265394854,0.089429143662135432,-0.17562493388934836,0.98038681695554197,-11.585791131613153,8.2640237620122985,-6.4670177555158253,,0.06213962822635249,0.4761904761904762,0,1
0.21627501032991284,-0.95645007761094969,-0.19603155089118585,0.97125145559640691,0.19031049894431051,0.14301232112453799,-0.099477283379957912,-0.22132592037439963,0.97011293521000319,-19.050595246799698,6.0651394381699708,-7.1653028400472385,,0.158573535218784,0.2727272727272727,1,5
0.97763784152508182,-0.16189263266513712,-0.13422006670737083,0.18777020448243534,0.95939260765001577,0.21049507047702729,0.094692138674783932,-0.23099047572411993,0.96833713085781303,0.70433023434957209,-5.7475417988372266,-3.5577234064473791,,0.4243845806109322,0.7428571428571429,0,5
0.76174803601548557,0.63834279953573281,-0.11071765851675436,-0.63343870534083235,0.76969312774303278,0.079548071511991239,0.13599755954677886,0.009537263026142502,0.99066326489442902,6.305130285468258,-7.9250249338984844,-2.6668273579181103,,0.3071507587652381,0.7777777777777778,0,2
0.72872432989175473,-0.66456021408008537,-0.1652893610782136,0.68357482254639335,0.72037995762307527,0.11738048660507015,0.041064741621978651,-0.19852566211149439,0.97923503229751374,0.94464670251439453,12.021714669551129,-5.5007475185431103,,0.1206044184245159,0.2916666666666667,0,3
-0.75197268160745945,0.64990141046096284,-0.11029615948408072,-0.65693033634356512,-0.75268096812266816,0.043748067585364647,-0.054585889272020037,0.10535424484459162,0.99293547815837913,-5.4841345125631022,-7.3547997518952251,-4.1670033019745469,,0.4489463993621817,0.940552016985138,1,5
0.9919615794842952,-0.035126799877598015,-0.12156616617044919,0.048388661606806362,0.99298125760696088,0.10792015321153035,0.11692203494176825,-0.11293506971555542,0.98669899552670992,5.4496160566141976,4.2561731068455728,-4.0980832891370129,,0.3250463435718398,0.5833333333333334,1,5
-0.43731887556516214,-0.88023714312766066,-0.18421393251564067,0.89184880950430179,-0.45082154010130326,0.036954566246260971,-0.11557639058294926,-0.14813004705036667,0.98219121717752811,-19.047225596687184,-6.4338042529957127,-5.8616421896900093,,0.08845418645323472,0.3333333333333333,0,1
-0.56914339340111153,0.82184959433184779,-0.02527928093212924,-0.82216733157031141,-0.56922914449585393,0.0043657708452058339,-0.010801696460388028,0.023268548581636975,0.99967089484513982,-5.081134573471644,11.735062671627707,-6.152699471051891,,0.938235252133221,0.5609756097560976,0,1
0.93099463344113687,0.35827286182560714,-0.069925310032158974,-0.3388319109137562,0.91943174080902434,0.19959511551994544,0.13580106277322207,-0.16212905499069966,0.97738029490955414,-13.605664909650041,6.1796792022680673,-6.489213808291221,,0.1025399212599376,0.2727272727272727,0,3
-0.73453109633447966,-0.65735964389902501,-0.16835191442515457,0.66491520551343908,-0.74677161564834937,0.014829819249583173,-0.13546895583375818,-0.101046784386744,0.98561539627301409,-16.811275216634929,-12.329872689624089,-5.0435003611747975,,0.0874685217210678,0.2666666666666667,0,1
-0.95241328436502681,0.29524285595511202,-0.075766693028606641,-0.28977601440960266,-0.95412166120327635,-0.075377165611248811,-0.094545212665199385,-0.049834843535110668,0.9942724431120088,2.6866376256134448,0.98096746274427216,-4.0161540987183226,,0.3202598669421617,0.2210526315789474,0,1
0.70099979205363039,-0.69513080655245219,-0.15935009671318884,0.71243813187517979,0.69264472815876699,0.11258414099716811,0.032112299683603455,-0.192448544644025,0.9807815036354558,7.1566640243396664,-4.6172375084680022,-2.8217600585219422,,0.1419812136605759,0.3402061855670103,1,5
-0.82285001696845728,-0.54816187611703004,-0.14978787383119324,0.55011586886524688,-0.83448142724947327,0.031832034153014596,-0.14244430630125582,-0.056207696515176188,0.98820560333101415,-4.417939982040787,18.08732384160783,-6.8881964335571695,0.3888097849887157,0.3246453192540704,0.4285714285714285,1,5
0.64251131510582793,-0.7247674524863259,-0.24877972139517857,0.7655762794811819,0.62102494890140847,0.1679909912398771,0.032744011005568931,-0.29839596622355052,0.9538803263957083,-3.3553401438440691,2.0161421217567108,-4.8002157168583688,,0.2038135297171117,0.4365733113673805,1,3
0.81989111298919193,0.57251829234003304,-0.0011695201566844389,-0.55491097332866257,0.7951754630289386,0.24447861803468554,0.14089845464298251,-0.19979686667404456,0.9696539782553637,11.092737722041555,-8.6590804982647303,-1.9787780266491632,,0.2907796978307945,0.25,1,7
-0.79690596642276612,0.60343492772836338,-0.028410714127967206,-0.60007685176376957,-0.79613935001847358,-0.077909609994175177,-0.069632267355580535,-0.045038021155758036,0.99655552980919893,-22.633197830142624,6.3651129308361689,-7.6748740412067802,,0.2736225966799437,0.3023255813953488,0,5
-0.9926599804773486,0.039155076918173493,-0.11442483607260011,-0.026318293639631625,-0.99340284154481928,-0.11161604647440644,-0.11804029218282883,-0.10778531607881768,0.98714174010583788,-3.7880499535075334,8.4826512159615959,-5.6360536536561039,,0.1185247826137512,0.2173913043478261,0,5
0.86129046789104968,-0.44691330224254222,-0.24175861969882922,0.50403322064204414,0.81164227091575547,0.29527501850296217,0.064259181516929623,-0.37617193454773051,0.92431890235426462,6.7803296408667846,5.9439578855348172,-4.1652531723673576,,0.5969988885512709,0.5609756097560976,0,2
-0.99028834299452206,-0.018713068221894256,-0.13776363383305962,0.031506341577549377,-0.99532695123586401,-0.091277656542669727,-0.13541177264021531,-0.09473162735457219,0.98625025759651463,-1.5350784827848467,14.222250579770304,-5.9558994684903466,,0.2723149552587823,0.1052631578947368,0,3
0.86773586037447803,0.49614043071170211,-0.029650457557526339,-0.48008484739568147,0.85210922899116281,0.20839482039904703,0.12865852447944989,-0.16659692338483478,0.9775952379167353,-10.883802416697931,6.3465586547408668,-6.1560653567736372,,0.2316972039417999,0.25,0,5
0.97449904673752563,-0.19032172190418972,-0.11886652211231352,0.21314587246714967,0.95071060493271498,0.22520697750888638,0.0701458833993161,-0.24479989346381401,0.96703286769490626,-3.4070705046779617,-3.5625310435186055,-4.2640236154320093,,0.2629222768895317,0.3149741824440619,1,5
0.6057087003606324,0.7927227094584709,-0.068612507724564703,-0.78441165833728999,0.60936660598379455,0.11563169883873869,0.13347404456288572,-0.01621867505719863,0.99091959008156305,7.4516671781296973,-13.065852551966946,-2.0379699508737255,,0.17895421394953,0.3793103448275862,1,5
-0.78292922785161356,-0.59159728182196059,-0.19244344706054262,0.60678923268242824,-0.79442167413463127,-0.026476985587482967,-0.13721753268568138,-0.13750221745847446,0.98095080861257067,-19.395715834918004,9.4719401900305691,-7.5336871693910235,,0.368920458384658,0.2,0,1
-0.91447795509666696,0.40277111607818644,-0.03880074348966446,-0.40134081548600975,-0.91506396124943956,-0.039793173378223683,-0.05153270289091566,-0.020817657784119762,0.9984543082470726,-28.322112372644302,8.973466586193835,-8.5544280601819498,,0.4475993451619785,0.2678571428571428,0,2
0.85505534891483259,-0.4862602643020536,-0.18008693915170318,0.51171911953829285,0.84742204238595731,0.14149001652896023,0.083808668949497844,-0.21313572539419134,0.97342142444555013,2.8412150511197578,3.8323640681357687,-4.3408551957982002,,0.4675128130168303,0.7653061224489796,0,3
0.79143680590500176,0.60700623212608718,-0.071911170335216601,-0.59255298283084756,0.79077474942756276,0.15348048151488894,0.15002914649212387,-0.078858923577915574,0.98553159532050438,0.77435304319645537,-3.5957727289722818,-3.7571246984841671,,0.1207533768447265,0.25,0,2
-0.33283601450163192,0.93845252365065579,-0.092342018087026259,-0.94262068441000424,-0.32838770279132984,0.060230905504139905,0.026199862081410289,0.10709051082681595,0.99390401433828934,-18.19786977453715,10.382642528187233,-7.4389894609147751,,0.07606078698347196,0.4583333333333333,0,1
-0.54321793863614598,0.83958763121855851,-0.0026230990656784157,-0.83908883538360313,-0.54299803432937854,-0.032909892874664406,-0.029055076638810583,-0.015676231027995733,0.99945488057354148,8.5592432502304732,-9.3940467835515005,-2.229947220023361,,0.2179754068718132,0.2222222222222222,0,3
-0.20689464653592604,-0.95635562086076753,-0.20634566068321039,0.97388115154796773,-0.22147935527303228,0.050023972727552712,-0.093542011387286031,-0.19060645748730118,0.97719960625747437,-10.99693557157085,15.134636063791808,-7.2271497523263593,,0.1363256494814497,0.3076923076923077,0,1
0.041184577980260685,0.9952915714699837,0.08774120068359445,-0.99488332004249724,0.032741886657523436,0.095577970052333497,0.092255135563320753,-0.091228595401424861,0.99154744381863902,24.069704726597983,-6.6490209629850661,-0.63623486262533224,,0.3983578276670269,0.2857142857142857,0,5
-0.96877141927684285,-0.20792585949178574,-0.13508802369912556,0.21043132664190556,-0.97759882688629407,-0.0043806892460847551,-0.13115103491799432,-0.032670638578780484,0.99082391746202569,-4.5669306651998332,13.816298568947245,-6.3598563511613087,0.3673919764948239,0.1567642405341717,0.5625,1,4
-0.73731320666819478,0.66980097364703295,-0.087953913921720861,-0.67431046739105704,-0.73758168033537463,0.0357583333014595,-0.040922229161143062,0.08567333619703757,0.99548252150670691,-19.903745122567113,6.6492179172692421,-7.3226565124230589,,0.08186988250675993,0.2173913043478261,0,3
-0.85518967819205471,-0.49494721958421256,-0.15387613245603529,0.50492449149648644,-0.86258226303877905,-0.031671712582574257,-0.11705499647936639,-0.10478114962509254,0.98758242110846606,-1.7593868269932471,-15.602169720923515,-2.9598113978933562,,0.3379722012456997,0.6597938144329897,1,5
-0.80555348189100129,-0.56230979146728544,-0.1867920936049024,0.57425506963421025,-0.81858422110275719,-0.012287715857775133,-0.14599555751012744,-0.11716471901392113,0.98232261798540332,-13.045842234336117,-3.0487964032096366,-5.4958403459302714,,0.2087097372931925,0.4434782608695652,1,2
0.9710331855862806,0.22171503837099424,-0.089089810025100927,-0.20377478731919552,0.96310351033692521,0.17580518885888771,0.12478136296409262,-0.15255841549007093,0.98038540448131029,5.5405409624628303,-10.031136106836355,-2.5491747838117371,,0.09469185975735211,0.2727272727272727,0,9
0.73116239773239844,-0.65065890083907452,-0.20504766007223071,0.68216730165700357,0.70041122441379855,0.2099330590096907,0.0070228692293455418,-0.29337196777137858,0.95597257692558135,-6.8317508876339437,-16.644459027332051,-3.4273881703260654,,0.6137388284763144,0.3,0,4
-0.96966436960357749,-0.12709193661824061,-0.20880289741265973,0.14312401752111309,-0.98766590105864827,-0.063494751709295916,-0.1981578308569022,-0.091453307937078787,0.9758943418923246,-15.147583958256876,-8.6708717010331426,-5.1728658741140459,,0.3636952117539665,0.8679245283018868,0,2
0.4852106422795544,0.87381881620216451,0.031801085983185172,-0.8661861935047287,0.47536376634043076,0.15411284123144681,0.1195496164797322,-0.10232285229452905,0.98754135260142939,-13.854232254992873,-10.704390881325176,-4.8195202206863668,,0.2361243518356376,0.125,0,1
0.8001119550289828,-0.52354762788485809,-0.29277763021760617,0.5904505588167408,0.77346057412024327,0.23049268507825299,0.10577805544014293,-0.35729066824886724,0.92798404154898062,-4.9252253413911777,10.047578480543786,-5.9401837985777934,,0.1197581711077027,0.2,0,2
0.9889443054852024,0.10188995236175674,-0.10773856438671142,-0.079811592957406169,0.97807032841633046,0.19237604398981925,0.12497707901048066,-0.18165040676885499,0.97538908105571775,-17.945045950848939,-5.3236228279968589,-5.8485514315874285,,0.5542741305900717,0.6551724137931034,0,1
0.50106581203252298,-0.84425139119095494,-0.19019106310320252,0.86534652830787839,0.48613574672294291,0.12184999673217105,-0.010413354776043039,-0.2256360437303063,0.97415601307595712,-4.3683089908662875,-11.06683866478587,-3.7048149512368527,,0.1257431186835464,0.65,0,5
0.65065057441302077,-0.74407652473064945,-0.15167054875870226,0.75906185153935124,0.64303181887797489,0.10166211412387567,0.021884596264464779,-0.18127384051551165,0.98318912686781623,0.64212811727144847,13.285673827335083,-5.6527481772540256,,0.09729513779997333,0.5294117647058824,0,5
0.98407292629039567,-0.10484401645307991,-0.14355559186685918,0.12889431308606242,0.97696889907889428,0.17005301022518216,0.12242030794083969,-0.18584806280012747,0.97492244089317692,9.8099618408853928,-11.866862505061427,-1.8299148216817807,,0.1664439530735101,0.3333333333333333,0,5
0.065310478791398743,0.99783662337117363,-0.007524255395336985,-0.99378554688552345,0.065722754501840286,0.089837666611135666,0.090137828692957639,0.0016101552430859535,0.99592799902332996,1.99163959695232,6.3102499833680472,-4.7300407383999499,0.2345717718872613,0.1988614112158306,0.5862068965517241,1,4
-0.062453097272500618,0.99433304260439781,-0.086031453702433605,-0.99594416233222072,-0.056495622074017905,0.070024782776120648,0.064767554820640963,0.090055788662096112,0.99382851577674336,4.1307488990395571,-12.060594745333464,-2.5239018577421741,,0.09435941452747838,0.3181818181818182,0,5
0.05680917053001136,-0.95115065846841806,-0.30345533944682551,0.99578503807742036,0.032059161757241106,0.085932345997154491,-0.072006083665505094,-0.30705803204364973,0.94896284904765282,-15.634824767397619,-4.7275051262340542,-5.6389948516624306,,0.1316044262940373,0.7826086956521739,0,2
0.67351690335843983,-0.70265826577952728,-0.22944790786181959,0.73794749389507519,0.65704479142734473,0.15403129004256222,0.042526193627419662,-0.27306318607586999,0.96105567958659854,-9.3572465673772687,-11.9872579038898,-4.1854403925942654,,0.1258150779668255,0.3478260869565217,0,5
-0.78976268605331557,-0.5971380678415813,-0.14036034928808536,0.60222194659865402,-0.79829176572234029,0.0076800921110596453,-0.11663458643463366,-0.078462632598770482,0.99007069875483666,-8.3028392226861811,-5.8807043035004423,-4.6579141546711096,,0.1778360062691133,0.2631578947368421,1,5
0.98833378717258413,0.11240680736719807,-0.10276689540222146,-0.098159012435800927,0.98603801804676761,0.13451332738443228,0.11645227954284852,-0.12285656931526627,0.98556842987453575,12.529745431334062,5.2211431036437403,-3.312985637405899,,0.2902806062196474,0.3703703703703703,1,5
0.88302496098993044,0.4693245070204618,0.0011938922611504173,-0.44853099530113916,0.84314808094332139,0.29651519329667281,0.13815521894919586,-0.26236581467789249,0.95502738953681565,-21.037695606457284,-9.4056180320862932,-5.8441249053445725,,0.2646718170908504,0.36,0,1
0.97502519241514507,0.19677231364178044,-0.10298801260277339,-0.18439073510457421,0.97568539592346859,0.11848234041095847,0.12379794410006548,-0.096533231406206996,0.98760083245756314,2.0867726590718316,-3.3711517900493964,-3.6036428138671979,,0.1065023435047444,0.296875,1,5
0.48480142974566703,-0.85681061417610505,-0.17562216588951152,0.87408488413084617,0.46758375585891471,0.13168540766097267,-0.03071138307733362,-0.21734995443302238,0.97561047978045035,-1.9690635914353152,12.849994667513528,-5.9064604607262501,,0.1258924688800452,0.4827586206896552,0,6
-0.25084912683914762,0.95980552271592556,0.12588913427316226,-0.96706760796097491,-0.25425860573484382,0.011524020236509681,0.043069214024352868,-0.11885251353581987,0.99197738020054793,-4.6617559143286531,-2.5044477471727684,-4.5366632363042525,,0.2076567992638472,0.198443579766537,0,5
0.15003997229360896,-0.97050940602778746,-0.18867829638229669,0.98741417641863538,0.13744029742921088,0.078252213068254486,-0.050012507652011803,-0.19804458451107096,0.97891628427777022,25.536998468264009,-7.8759413442422828,-0.33773270988226067,,0.2535801676992662,0.6206896551724138,1,5
-0.29857164985502493,-0.91910077638262111,-0.25711618532428215,0.94563186479248063,-0.32130276896578519,0.05044707071787484,-0.12897808415363968,-0.22807519266194098,0.9650628789360175,-5.4020948065195116,-17.832225070040149,-3.1478656487770573,,0.3828111814935694,0.6666666666666666,1,5
-0.83813623208695565,-0.51793745209977282,-0.17108025068802246,0.5290723704755893,-0.84823815795324375,-0.023967774019070485,-0.13270298889784679,-0.11060209358092545,0.98496552915982516,0.29959864079940912,21.363348189272454,-6.814945323715957,0.9544284037628077,0.4955003545708787,0.9166666666666666,1,4
0.94210225766922961,-0.28521582986479355,-0.1763384997358135,0.32318809117323338,0.91251766438730775,0.25072090041505285,0.089402426244158797,-0.29319522945585264,0.95186331140872726,-12.69500273454603,-17.199188032372209,-4.0952696460215927,,0.2826549306929272,0.2857142857142857,0,3
0.98241035885053185,-0.061556433048609333,-0.17629717063385072,0.10014003071043545,0.9705383873020561,0.21915111914484298,0.15761301047972548,-0.23295073368301755,0.95963122844354209,-5.1183055065363652,-11.800412603436806,-3.7355623078551181,,0.08770034383420566,0.2857142857142857,0,5
0.20149690788335051,0.97826621709036798,-0.048930610185741567,-0.97060643080797693,0.20613276065995675,0.12422737804889937,0.13161364894131491,0.022460932358329792,0.99104659523654393,5.4751200439823577,1.3432746723241402,-3.7308843239060314,,0.1162813997373757,0.2432432432432433,0,4
-0.80457007823386717,0.59384497636196198,0.0038901491503208086,-0.59091653518306819,-0.79991698019342505,-0.10464450891218165,-0.059030819560536844,-0.086492594179471458,0.99450208320250322,6.7738537651525679,-9.5375523347003863,-2.4223061395705336,,0.3046791190357786,0.1333333333333333,0,4
0.93053443733409369,-0.33591577470259232,-0.1458295348730092,0.35679073606873085,0.92133932211945813,0.15438336753675946,0.082498676297588544,-0.19568966713246272,0.97718960421544132,4.7715085589689741,-10.976851176068589,-2.5183714644272199,,0.09603836279242259,0.28125,0,5
0.61746607903127382,0.78644913908292047,-0.015277201362766227,-0.77682078891103057,0.61272911526908458,0.14530138752678851,0.12363293720279192,-0.077851030418992981,0.98926948497429779,-10.441826444165587,-11.559841329237329,-4.3437682049099777,,0.3352016412662934,0.3333333333333333,1,4
-0.71088346081054754,0.69837226864107416,-0.083191823751723515,-0.70250472995062807,-0.71074283261877369,0.036492879826577188,-0.033642377190288904,0.08438483438486534,0.99586514658503089,-10.947918989962181,-4.7315806475968669,-5.0876189198135897,,0.1184036470971756,0.3243243243243243,0,2
0.48452543913984697,0.87476702665343042,-0.0042128263974078543,-0.86657727538033047,0.48063592801898297,0.13428674726768053,0.11949445435141053,-0.061414605569418586,0.99093356063966831,-14.462246194555991,-5.6414809766545773,-5.3891143495528899,,0.06421788818647121,0.2857142857142857,0,1
-0.84595240882467315,-0.51625385167987003,-0.13359072808182684,0.51518060952446376,-0.85588915309328684,0.045196207664571719,-0.1376715714072286,-0.030589511976427817,0.99000546472396267,-15.165563705424269,-10.319893387803843,-4.9854249020093473,,0.1116681762378792,0.4285714285714285,0,2
0.029270151772084484,0.97946327221600271,0.19948673288005977,-0.99684924439674849,0.013884167010492927,0.078094902855803033,0.073721381978851336,-0.20114404859787904,0.97678361449851481,9.8898733202322386,1.3442682301477478,-3.2295814723653837,,0.432157125216043,0.2592592592592592,0,1
0.98548526362543187,0.12836348919761273,-0.11109279822800464,-0.11278286598774517,0.984171914939724,0.13669552656714071,0.12688112671593071,-0.12218206286068316,0.98436412124701334,-10.990071805127057,-1.565651703526775,-5.4269706437964009,,0.8594412929953856,0.5855855855855856,1,1
0.083518827741212387,0.99609123649516584,0.028755068949083088,-0.9932478431757924,0.080879478099337876,0.083169898695479527,0.08051911226144548,-0.035507162656449875,0.99612043145430873,-0.49864642140663867,8.1423215148725507,-5.2109696921219726,,0.07857911235505098,0.1538461538461539,0,2
-0.97657148787501147,0.20367085806678967,-0.069471653528062227,-0.18804792624787753,-0.96464598231825616,-0.18465130985486911,-0.10462364218214894,-0.16726120402407615,0.98034564472177732,-2.8431840503611165,-4.6434495396545543,-4.0970602661088735,,0.325468749146002,0.2987551867219917,1,1
0.95252635978417555,-0.25007829915860552,-0.17365016039798564,0.28783914714767356,0.9255498563524972,0.24597985440920117,0.099207657394009219,-0.28428560937165076,0.95359295982016457,-7.2231887619884443,-0.85998595604877393,-5.0227927647414976,,0.1899675471329187,0.2669902912621359,0,2
0.69656571010704205,-0.68328229813736763,-0.21890982745228682,0.7167055448351688,0.67691533825896677,0.1676865732021294,0.033606152793745799,-0.27369860409192165,0.96122822503947403,0.61212701173053985,-14.333012818675828,-2.790616261918037,,0.1101651108577021,0.2608695652173913,0,1
-0.67823473928702505,-0.72352480645981621,-0.12848927138694052,0.72275574327885495,-0.68838638212580672,0.061223561323833615,-0.13274703002964425,-0.051342412691933174,0.9898192676833889,-0.39369045557131493,3.1311945039500308,-4.6325911155070045,,0.3195972960513542,0.8470588235294118,1,1
-0.86291765996696501,-0.48608490412342165,-0.13818313247448633,0.48603205543417227,-0.8731812005403975,0.036433941775004051,-0.13836890260304585,-0.035721940123047927,0.98973632336409401,-13.234080243914621,-1.7799334372136577,-5.6554089157886862,,0.08014098511664824,0.2173913043478261,0,1
0.86014495299734806,-0.48045460673877322,-0.17121340688357523,0.50618019004851145,0.84535921307966388,0.17073200070222527,0.062707854656675777,-0.23351910355433994,0.97032806474899758,11.999897711976976,-13.881740851207665,-1.374753751756673,,0.2354927377364361,0.3125,1,4
0.085687772864318459,-0.9585085471551954,-0.2718804344045162,0.99506147855807281,0.068608715340825507,0.07173212717536416,-0.050102489672410606,-0.27668431327004611,0.95965386015943688,10.59221042252322,5.0390855167187922,-3.5952301996535545,0.3283553702276185,0.1377894593645076,0.1764705882352941,1,3
0.75435280841295416,-0.60686212699692121,-0.25034016708523149,0.65492985392566538,0.72181376625246341,0.22372253638232512,0.044930244561937976,-0.33272097268613343,0.94195436591078963,-17.427448111546322,7.7436119540459032,-7.1057165906053292,,0.550094676725701,0.65,0,1
-0.81162130910528874,-0.55761513882249769,-0.17417292430853185,0.56772772068965438,-0.82315315347876739,-0.010203973661895257,-0.13768110170516762,-0.10716455978507769,0.98466221180632474,7.7876431445519074,7.2463666320737419,-4.1680347837093219,,0.1064015524123409,0.5172413793103449,1,4
0.76369502961415481,0.6447663136891767,0.032346599114975554,-0.63251840629653366,0.73728026018222692,0.23735686980098245,0.12919120495888198,-0.20172808103310166,0.9708838313021666,-15.459052380733318,6.0182822795141195,-6.7088555040926625,,0.3366252212947941,0.2241379310344828,0,4
-0.019722683872214101,-0.97091890756907495,-0.23859482531218382,0.99716673593519267,-0.036428983283066048,0.065813599820378058,-0.072591435343513297,-0.23662080234382796,0.96888651523949521,8.0754659992649085,2.5159125807713543,-3.5593386225185437,,0.07197595022945402,0.2307692307692308,0,1
0.85043122662148407,-0.48394452896573747,-0.20631146761924957,0.52192059598945384,0.82536665315129409,0.21533411097140509,0.066072840631318991,-0.29080505626615633,0.9544981922355571,1.5577583723461617,7.1907952247387215,-4.8853762592543672,,0.1129711995072907,0.3793103448275862,0,2
0.022653998741800827,-0.98901069590895219,-0.14609804830556855,0.99743645606726838,0.012437269116231308,0.070468648666614675,-0.067877186513399509,-0.14731991621848073,0.98675707741895891,0.46881351533662013,9.1015530129974405,-5.2578357777442903,,0.07555137502146038,0.2758620689655172,0,4
-0.75043623452126862,-0.61368975804139814,-0.24541870098390861,0.63718530541651319,-0.77039867374428628,-0.021926469262261512,-0.17561419213378932,-0.17283160697087363,0.96916917571343608,-1.1446150549349754,-13.237945219831667,-3.1002000452861003,,0.2502735642601053,0.2222222222222222,0,2
0.2913533383263045,-0.92428000364648666,-0.2466165183141025,0.95607497873484881,0.27268073097629564,0.107544660450406,-0.032153806668542943,-0.26711737834421245,0.9631274260985605,-12.727471908979267,7.4278074685056534,-6.4841691196134237,,0.4083204529752238,0.2857142857142857,0,1
-0.80606990783831367,0.58839191739253527,0.063610181768878213,-0.58942337281977564,-0.78849078530790362,-0.17567688823031558,-0.053210818930868146,-0.17910118098902317,0.98239064313390356,-10.43620917439595,-2.3716283498687023,-5.3038136513965046,,0.3302475160401586,0.2359550561797753,1,2
-0.95920850214170639,-0.062999808362641588,-0.27559040905905036,0.094121548692011642,-0.99040487006979683,-0.10118956178305472,-0.2665711602759786,-0.12300088409560236,0.95593441146389291,-8.1406671676399593,11.68376480615524,-6.4951510395775864,,0.2354929744446307,0.3333333333333333,0,2
-0.045303878288656743,0.99822262000342454,-0.038718981462656399,-0.99687438219214319,-0.042663573560623516,0.066492748627733952,0.064722675632581217,0.04161034011560362,0.99703538295008587,-5.8937470161102574,-9.01403277518863,-4.0488126750127389,,0.084461696675909,0.2,0,1
-0.4250054559906441,0.90030008247423321,0.093968738818146463,-0.90434159180057316,-0.42680823732047385,-0.0010069235300263883,0.039200098441073153,-0.085407786836321525,0.99557463920588651,-24.83185812059585,7.5724852701971255,-8.0156663989492323,,0.3248089997238517,0.2608695652173913,0,2
0.073290997422453388,-0.98723461356085407,-0.14140808846799738,0.99524862099390199,0.063287534800259795,0.073992366826871742,-0.064098456350823077,-0.14615917941154755,0.98718229429380699,-9.0972620695597222,-17.791582096649407,-3.6063618361565002,,0.08234944662368524,0.2352941176470588,0,4
0.65350008351819111,0.75570310421760256,-0.043016963137792262,-0.7461081386355638,0.65269297146971239,0.13158468929101547,0.12751582765873767,-0.053895299144900988,0.99037114781610547,-10.647968689949364,-7.6455232021976425,-4.7593993997613726,,0.3207801813710974,0.4310344827586207,0,2
-0.62044607062105528,-0.77298994231930662,-0.13241307535167324,0.77308148485881178,-0.63122216034096645,0.062478812912689287,-0.13187756147043267,-0.063601362938847064,0.98922352146162296,5.0803276574128562,2.2281058017698654,-3.8813298639880003,,0.07006769379834929,0.3061224489795918,0,4
0.69111274667684808,-0.66964929215869839,-0.2719062281231085,0.72162133347649093,0.66033043183105367,0.20790952808715746,0.040321488717471196,-0.33990225993536316,0.93959599362621726,-6.2408346316727945,-2.8994601804266411,-4.6884137933534733,,0.5793558723795226,0.1924198250728863,0,3
0.85745840117198513,0.51337754156733062,-0.034764782091490157,-0.48862150936331977,0.83356271074314869,0.2577251013115473,0.16128890491009051,-0.20400173301425617,0.96559265846426456,2.1458192552291644,-12.144119335935635,-2.7584628032006164,,0.5557471091576438,0.2131147540983606,1,2
-0.21919347714980594,-0.93296369652415079,-0.28553977051011575,0.97114901689419042,-0.23679894588937267,0.028210746376686909,-0.09393511888758789,-0.27111805582379433,0.95795156101229917,19.948205585297821,-8.9916947235803715,-0.97973633187820242,,0.1684456935440905,0.4615384615384616,0,2
-0.77242266779536428,0.63196829987215097,-0.063081615646688002,-0.63328303626204885,-0.7739194913486428,0.0011031289044370019,-0.048122949396458392,0.040800598860337441,0.99800776193075025,31.970992814915778,-7.9409610523052923,0.49342108393813827,,0.2122371673709836,0.1428571428571428,0,4
-0.29163511925287383,0.95592024414860599,0.03413860051658086,-0.95459356065585832,-0.29312903697436432,0.053164853398193615,0.060828374733603995,-0.01708374986208714,0.99800203121933451,6.3710761955672561,-20.350191029607231,-1.505648246327256,,0.2830938964783727,0.2692307692307692,1,3
-0.96136195982785866,0.26238321320815444,-0.083296048060529038,-0.25728632626185077,-0.96400023679655866,-0.067136352111644287,-0.09791286184469479,-0.043111400844119442,0.99426076992036561,2.4398281453429904,13.031549678773237,-5.4421510954104377,,0.345365127825866,0.2,0,1
0.95413680846735138,0.28950832840520491,-0.076209438469007545,-0.26698575498152044,0.93804927013852235,0.22086686811184228,0.13543100592067134,-0.19039037417004684,0.97232193642779929,-2.1204675499613272,11.121257987889653,-5.748853473213603,,0.1909798193906785,0.25,0,2
-0.24504846956380569,-0.93250086268181853,-0.26531752422729737,0.96608193906324713,-0.25785602094702476,0.013998552681116546,-0.081467383536204752,-0.25288814436235135,0.96405946489868222,0.14396106468308315,10.916294643172094,-5.4837808788654296,,0.2468201286892436,0.3181818181818182,0,3
-0.86435113392767782,-0.44583025412468402,-0.23266392454580764,0.48243750340563213,-0.86571541736345203,-0.13338242555511229,-0.14195482586259006,-0.227535053665021,0.96336733739938374,7.6242528379980596,5.2390004050544583,-3.981812305499226,,0.1748673862487486,0.2222222222222222,0,2
-0.15677039903707415,0.98459236064109956,-0.077465639821443236,-0.98634170888083272,-0.1520699481442887,0.06328320625121793,0.050527965601213178,0.086328525057378175,0.99498457799788143,-11.972704075977017,-4.7013728815955522,-5.1744336071819479,,0.08747653957467019,0.125,0,1
0.97177965645835596,-0.15961076683847672,-0.17369139991062546,0.21254365306865022,0.91184724081997537,0.35122614502515459,0.10232054942147574,-0.37823142719534969,0.92003885387947404,-0.68978762220672507,-1.9543678685118795,-4.1054056600586479,,0.7434065922330099,0.2705217680292456,0,1
0.92542967683679234,-0.32697520009663456,-0.19148663596062279,0.36910007372497283,0.89217189231336269,0.26037367405752365,0.085703260182854138,-0.31163525649027524,0.94632891644833028,-8.9160452397801553,10.655678741614681,-6.5239715636599866,,0.7075997878362847,0.1666666666666667,0,1
0.5726678833801252,-0.79962891204820674,-0.18067954605192227,0.81966531176740731,0.56230742217360041,0.10935785135836953,0.014151750074330194,-0.21072248571303828,0.9774434827573163,6.8309041492558711,1.9127395387725004,-3.6105040492972451,,0.08441383047339042,0.186046511627907,0,3
0.89052564055616845,-0.37841911645783793,-0.25251347649441347,0.44377473283450319,0.8447613812525504,0.29906888043049212,0.10014025169576247,-0.3783876068842002,0.92021451246258701,8.9475369580506534,-19.980165610083006,-1.1527591955290912,,0.4761752415923757,0.8,0,2
-0.38881300440403388,-0.89236023318299185,-0.22916732280127697,0.91451928434813068,-0.4039738084271241,0.021439231802198661,-0.11170911404935407,-0.20124208391507339,0.97315091198633064,2.3921226723352786,9.7659838988299352,-5.1177909688646048,,0.09626982289199537,0.2,0,3
0.32763206361872776,0.922341735319675,0.20479979046967936,-0.93887986398504697,0.2935974649072518,0.17973627792812222,0.10564957118868938,-0.25116976706507838,0.96216002630545838,10.868328498207463,-10.464411658186965,-1.8417069489117033,,0.3801957583912403,0.125,0,1
-0.86090810259965289,0.50564266262834234,-0.056238213061811766,-0.49936088335585094,-0.86097424752426632,-0.096757703952128557,-0.097344476229161911,-0.055216327568425143,0.9937178724957737,2.1756988667195323,-15.046675851425379,-2.5147467077785679,,0.6548374194951492,0.4705882352941176,0,2
0.068899627317116865,-0.91787765637515017,-0.39083685763093612,0.99570803894282123,0.039004278428558796,0.083929538595829287,-0.061792738571807483,-0.39494211498842402,0.9166255414662341,1.5515385387513816,0.42546339502614622,-4.0756524400435099,,0.5329200277621545,0.2643779342723005,0,1
-0.056981174418833547,-0.94519257302829329,-0.32150294812646119,0.98820060773426732,-0.099253472184251235,0.11665464899864188,-0.14217139176176311,-0.31106228982556783,0.93969545450268033,9.5477687175834856,-0.58755377042522428,-3.033939719282833,,0.3099680358303466,0.1875,1,2
-0.087064017163030957,0.99479086314985521,0.053018822214389361,-0.99285458564462525,-0.091008158880251183,0.07718346184038595,0.0816065480208224,-0.045920078514660165,0.99560620614243467,-17.625308017960688,6.3218358049224257,-7.0126063615119252,,0.1831032216552815,0.2285714285714286,0,2
