axis_00,axis_01,axis_02,axis_10,axis_11,axis_12,axis_20,axis_21,axis_22,location_x,location_y,location_z,dbh,dbh_approximation,score,reconstructed,number_clusters
-0.45599092829259857,-0.85683212140271203,-0.24064702168816415,0.87164537275400555,-0.48456756466956263,0.073679165486185971,-0.17974041691112724,-0.17616183185565107,0.96781216748182963,5.0528498806335156,9.4366649499779758,-3.4014097573856494,,0.09155877270354074,0.4528301886792453,0,5
-0.7773234100960561,-0.58146706867229125,-0.24013405457429951,0.58435969087327,-0.80874680928791987,0.066725933107793067,-0.23300658316694772,-0.088457032033991537,0.96844374420231671,-9.9999384044556354,-4.7493006034780443,-4.9738257850164622,,0.2321192475925968,0.8571428571428571,1,5
-0.096921129101175965,-0.91763593458455972,-0.38542260739722684,0.98824915270046365,-0.13471344750684594,0.072221182818046167,-0.1181943607815981,-0.37389380660816501,0.91990951427816392,14.158652644429859,15.981651575006923,-2.1231252040550084,,0.2223344818206849,0.3571428571428572,0,1
-0.95806980087249571,-0.16610268597019176,-0.23347838094698226,0.1701675898971638,-0.98541123982553946,0.002771240531505978,-0.23053253133717802,-0.037075411514650096,0.97235804406416693,6.6533868179580473,2.3881008175512974,-1.940182294457117,1.112680404088219,0.8137133303260673,0.8874172185430463,1,1
-0.38812572849349536,-0.86435104398942342,-0.31977443868418942,0.9048271794656414,-0.42329419143545943,0.045932589707670099,-0.17506054433151427,-0.27151298357794135,0.94637968361908509,5.351717692062028,-0.72667756385170357,-1.8073755390820454,,0.1026077457559695,0.2962962962962963,0,1
-0.26739356531295733,0.94875499341436553,-0.16841806227520068,-0.96269196976306626,-0.25549969510115705,0.089129552657487177,0.041531344583738167,0.18596738497522619,0.98167778784209214,-8.0801140548329329,-18.469597826926936,-2.8145483787846861,,0.6588898687773508,0.9,0,2
-0.66384666529524605,0.734927316139113,-0.13852597218190868,-0.74518285607725732,-0.66570045238774422,0.039311813737031888,-0.063325476586631055,0.12932419604742984,0.98957826185287801,8.1101725019434792,-5.0282817308599173,-0.6283267707427328,,0.1625550241621126,0.2222222222222222,1,5
0.30058587113765473,0.9503246472497805,-0.080815833238284646,-0.94033142511216539,0.3094557357893139,0.14147069849837812,0.15945201478483109,0.033469574491995745,0.98663815178837666,-7.211699630009309,14.441381682728606,-6.9760749733084735,,0.08061007797290687,0.25,0,2
0.46209464200920447,0.88682769558344265,0.0022759992414323948,-0.86769855599976464,0.45159392899336998,0.20775499804398212,0.18321505872146282,-0.097977352702004333,0.97817824583007307,-2.10638799256134,-13.378342169019483,-2.0475930940403413,,0.1523869513182221,0.1111111111111111,0,4
-0.94961275452050986,0.25354187871933348,-0.18426104359695922,-0.25375746238642144,-0.96699884110468337,-0.022812092964097079,-0.18396403652663637,0.025094960403824019,0.98261257687206338,5.7875643854396719,-13.631870063599191,-0.16792361662537872,,0.08721975013341797,0.3571428571428572,0,6
-0.82879333217923024,0.52525620501367787,-0.19289253907260703,-0.54459412630476012,-0.83637120839722268,0.062453497568380541,-0.12852567887236632,0.15680918614289888,0.97923032480188177,3.1022785124238799,3.3826279533981727,-2.8245336971597181,,0.1250561374088905,0.3986013986013986,0,2
-0.73476607272935812,-0.61708586076602989,-0.28164491617730941,0.63938865616811036,-0.76871314852473804,0.016193876889783292,-0.2264971627403165,-0.16818185314662118,0.95938204045247533,-10.363769931342704,-12.281023753943247,-4.0098051437970028,,0.1458976532167738,0.1904761904761905,0,2
-0.69206893566356043,-0.65090213577847567,-0.31203685347812049,0.68696310934298532,-0.7266499484879857,-0.0078446646980837795,-0.22163545449978064,-0.21978685584317159,0.95003761152243282,-6.3878507530376663,18.141790092768602,-7.6619864925507217,,0.1097411249430796,0.2777777777777778,0,1
0.24324526985981879,-0.86048518235593419,-0.44765722337151959,0.96995448903528003,0.21365858351082159,0.11635419585239566,-0.004475253191980424,-0.46250974112771287,0.88660290517843643,9.3524410411023755,3.4655227031114451,-1.3659031163257254,,0.4254514248401238,0.2580645161290323,0,3
0.77206829575708869,-0.52733386110285752,-0.35472460532234895,0.62572803279241818,0.728423883997254,0.27903955669417996,0.11124286792632675,-0.43739872445710964,0.89236056623924098,13.822066083666272,-4.8969671553299721,0.67320343387431292,,0.6037333920693971,0.3018867924528302,0,1
0.7211039799014819,-0.5702977045129709,-0.39340764913443105,0.67468630489605153,0.70711968513046075,0.21161318693954342,0.15750377822755784,-0.41802186441409261,0.89467887016281444,-13.392068646936147,0.42198122416375433,-6.4789561299212561,,0.2868443403780067,0.2857142857142857,0,2
0.90354559438296056,0.40101515129524767,-0.15097088230116751,-0.35722433905628392,0.89953827055089441,0.25143920020575,0.23663501528079967,-0.17325630795430189,0.95602621370812868,-16.055796115153818,12.400488947712981,-8.7203085453371489,,0.3679477452536135,0.3333333333333333,0,1
-0.24507088661599608,-0.84530479510929113,-0.47476316611389313,0.95507313160971297,-0.29467470491834763,0.031656461559995824,-0.16666005463356948,-0.44567546673170516,0.87954408902738446,-17.284698466569168,-13.211447090280116,-5.6170822973625967,,0.4893205689494145,0.4848484848484849,0,3
-0.43202270148615274,0.90175212382956094,-0.014124183851900495,-0.90185859870744045,-0.43192032905692307,0.0097927159057028274,0.0027300802290537675,0.01696869223702941,0.99985229416434651,-1.3802931145898114,5.0748329430798913,-4.1539487714523453,,0.3602829352434815,0.2466367713004484,0,3
0.35618762882521338,0.92353504454952173,-0.14217381812692056,-0.91929304725093886,0.37360550969898809,0.12377082208114987,0.16742361347180493,0.086613766870365386,0.98207300596267855,-11.510382270447934,-0.60277474388567387,-5.8136912811505619,0.1645280805204763,0.1040627578308354,0.4161490683229814,1,3
-0.38767055011293855,0.91134110715967531,-0.1384519085318334,-0.92163300417670535,-0.38604586470591956,0.039511972308122666,-0.017439902160009551,0.1429194764349293,0.98958065516066629,2.0429972804332674,-14.471141200461565,-0.9386655687001012,,0.3944881972035367,0.3076923076923077,0,4
0.11601146553025048,-0.95720372791462904,-0.2651459279941154,0.99045217889868253,0.0914719551366249,0.10313759129597425,-0.074470270446505477,-0.27457950522539076,0.95867631353330307,-10.706797931505204,-13.513613683742708,-3.9807891340312538,,0.08151828422466648,0.3125,0,2
0.02087453008960129,0.99904516700994928,0.03837978983270738,-0.99364274307185785,0.016483358437056644,0.11136605423229726,0.11062709041719296,-0.040460513697925068,0.99303806256211968,-14.677294096435908,-13.646521323477259,-4.9226149258582517,,0.5023742125098555,0.3157894736842105,0,3
-0.75701758049359169,-0.58241825949008441,-0.29616440339137806,0.61285535193858953,-0.79009213043262849,-0.01275707759086349,-0.22656720950715137,-0.19116327168410974,0.95505178034239158,-5.1818182815194573,10.523708968918125,-5.9243913949529237,0.488386517548862,0.3935655905755855,0.7333333333333333,1,5
0.56323641903582411,0.82540881662382093,-0.038275602037923767,-0.80072126824500178,0.55665329502102578,0.22132003913416931,0.20398575159019616,-0.094007417696150591,0.97444980299976669,-15.816502246653242,-10.043837927892801,-5.6163931313769417,,0.1446551497380399,0.32,0,1
-0.93329030158329884,0.28745225365893745,-0.21526823926662664,-0.30236169862367868,-0.95238951046303177,0.039135962558629965,-0.19376949237679134,0.10161408478348218,0.97577044513433397,7.6282051463757776,7.5505023435137826,-2.5311436681444066,0.3693973306753541,0.3881178500314428,0.7755102040816326,1,6
0.96685699016348214,0.19635934382854303,-0.16318875164433777,-0.11640017559554502,0.90787172941362182,0.40276534365911665,0.22724119277397667,-0.3704212885657952,0.90063838985683775,-8.7975298978594978,21.596055774953971,-8.7633085983585186,,0.3335595012196088,0.125,0,1
0.45924234878039216,0.87591873501146467,-0.14786086278181831,-0.8590867270435677,0.48028194162439442,0.17691594605086175,0.22597889393533732,0.045778010063967506,0.97305596616553569,-7.039033201325525,-8.6796009701074794,-3.725857414291379,,0.1525113078070764,0.1891891891891892,1,4
-0.46419733855058637,0.86770179104418821,-0.17780447885601786,-0.88551895776063572,-0.45903943471671621,0.071686629307529212,-0.01941665082010282,0.19072597933597144,0.98145126953775186,-18.141159118303928,-4.0370701701456557,-6.9377727876544446,,0.1360973896401133,0.4827586206896552,0,3
-0.66193779038202527,-0.64559053573274905,-0.38085590692080162,0.7113602851894576,-0.70120359920765007,-0.047749943595911573,-0.23623062104506662,-0.30253325871801467,0.92340062868189732,-12.514228280037209,-13.080359442550133,-4.4612025720680526,,0.3347825100678371,0.7777777777777778,0,5
-0.87875663311496632,0.44198089853837141,-0.18011014708689083,-0.45669428560699415,-0.88830910298323562,0.048345289853664597,-0.13862578854731405,0.12473901909319182,0.98245766721284356,6.5893347088801102,4.7360068021393324,-2.2156569175617538,,0.1027777975052802,0.3076923076923077,0,3
0.82404270892022524,0.54849563430643,-0.14179616716330343,-0.52149330674079752,0.83218857551914238,0.1884327620133191,0.22135569769031183,-0.081330891561613591,0.97179573017060927,7.1031683160437167,-9.1042323986134015,-0.33698143059247399,,0.2612776391848604,0.3855421686746988,1,6
0.97417522627800579,0.091465702285827039,-0.20643801445363305,-0.054320053470179784,0.98236345837665606,0.17891720833182462,0.21916194993017096,-0.16308298792828518,0.96196256619017639,2.0509200273854615,-12.064716449841685,-1.1841934031367038,,0.1322262933638143,0.2727272727272727,0,3
0.89611930705622134,0.42884109859326708,-0.11430441670555715,-0.37934160940386602,0.87378960368878489,0.30428879680376131,0.23036955288397498,-0.22931864434170177,0.94569700668941614,-16.810617600812542,14.275749838344263,-9.2446453058963449,,0.6503362843027553,0.2957746478873239,0,2
0.75169954600699995,0.65859925693374832,-0.034566042573381042,-0.61873630245501887,0.72240361899752126,0.30870438818321838,0.22828311491908787,-0.21066568307533748,0.95052974146906122,-18.767850658533114,-13.210527434584451,-5.9581876515164822,,0.3889062266506606,0.4117647058823529,0,1
-0.64170044999261933,0.75580769031515149,-0.13028916969474508,-0.76629271698522439,-0.63888716442275872,0.067960746252886894,-0.031874823523782778,0.14345008329144701,0.98914410943451747,-3.162791090418354,8.8094022139704737,-5.1412839946284654,,0.1380489924058509,0.1724137931034483,0,3
0.74944705595018357,-0.57679025012717577,-0.3250263338344051,0.65065542507277152,0.73241239324604923,0.20054825863857992,0.12237903476892986,-0.3617804494134888,0.92419601723400679,-11.319155371951982,-20.132549112416029,-3.409379410073595,,0.2311988053609586,0.2173913043478261,0,5
-0.97287521778134134,0.12207582573104696,-0.19649759133126776,-0.10071244112911992,-0.98821198785233799,-0.11529991876294965,-0.20825660812737828,-0.092382681477711504,0.97370150730820293,16.638425903914996,-5.7355015135957395,1.4146795628596911,,0.4462606006577432,0.15625,0,5
-0.82766350645253028,0.53183367149704053,-0.17923745687964118,-0.54452909893299928,-0.83830578242961507,0.027045804855603844,-0.13587192683523361,0.11998483657133321,0.98343401328763913,5.5078995995269171,-11.678805292254909,-0.45081030135578981,,0.1468638552716068,0.2380952380952381,0,5
0.31618764093754365,-0.90986223971098346,-0.26865606352074789,0.94839678393021765,0.2960290281034984,0.1136237420212796,-0.023851959021665734,-0.29071896957063398,0.95651114200652043,-18.894588024168986,-9.0815811367660793,-6.4619103333546324,,0.1203451877518438,0.5238095238095238,0,3
-0.90757180097153911,-0.3198815111357593,-0.27200964121659643,0.34316410381643941,-0.93835921068558348,-0.041477579165010402,-0.24197484152931745,-0.13098782598025255,0.96140021089649763,10.197608026087963,-7.8510177441505125,0.21777134373215859,,0.2070911523300171,0.2058823529411765,0,4
0.90599495358767856,-0.29467135140712836,-0.30387816429213443,0.37742202789803225,0.88738606261279052,0.26476138075237871,0.19163965385847917,-0.35456278786762979,0.9151827536227598,-18.910829542303798,-6.6968414984443054,-6.7628573448986486,,0.5954071216466211,0.7926829268292683,0,3
0.31859324700247293,-0.87963282427617129,-0.35319178560712627,0.94577211623862345,0.27008692483774477,0.18046649876696833,-0.063351772745039669,-0.39153435032908579,0.91798006808560073,3.0317282795030893,-8.0929862838539481,-1.4957044722120005,0.2768965244389291,0.2286511364583831,0.293103448275862,1,5
0.5149576942651356,-0.82667850548007793,-0.22676247858576573,0.85663527798706018,0.50600902914806412,0.1006521878980537,0.031536861371529015,-0.24608435748307517,0.96873521427528109,-1.7947297639798483,6.4706490408099659,-4.4452627227925632,,0.1762401972767224,0.6972704714640199,1,5
0.45546228395422655,0.87006442794808736,-0.18852585794677459,-0.87126776949821116,0.47914167349749931,0.10637542268601109,0.18288406636120969,0.11580651077285609,0.97629005440688832,-6.6002889878499227,9.2634795001600985,-6.0409047070412765,,0.06824620011125426,0.2833333333333333,0,2
-0.87710898720220176,0.44765664786158194,-0.17402111996668437,-0.45718356051901277,-0.8892120866888229,0.016883627503198509,-0.14718361512167605,0.094368376651504798,0.98459717292295401,-0.1833224931192414,-18.323978373579592,-1.0024686705725729,,0.2303464709589766,0.2222222222222222,1,5
0.95398569594870386,-0.18492297006948918,-0.23603979974984518,0.23167798073992879,0.95431332462061413,0.18870980814949634,0.19035914783781041,-0.23471168184014488,0.95324384143944729,7.3563458298413389,0.1844457030134912,-1.4632412135702597,,0.241201229633235,0.4814814814814815,0,1
-0.96874898235054607,0.053333530267503822,-0.24224149880643234,-0.046139102670903175,-0.99831182668222629,-0.035280021416098553,-0.24371416126172349,-0.023000679459567443,0.96957432739573557,-9.6382377985201355,10.475392756612477,-6.9089970525125599,,0.311794146480015,0.3428571428571429,0,4
-0.80133971203543286,-0.53959654437013804,-0.25824452601899572,0.5513503556111341,-0.83369285789234338,0.031128830154262342,-0.23209362611335507,-0.11743844346338554,0.96557794129446206,-9.3396887153281973,7.4154867064107943,-6.4687649349273784,,0.07500138124940106,0.3491379310344828,0,3
0.61040334792250395,0.79207444052813514,-0.0050826673156119887,-0.77535081951521789,0.59880311595879987,0.20066373612367588,0.16198413355041635,-0.11854496606804675,0.97964699330822591,4.6794904052382114,17.20189315702336,-4.5657773798673773,,0.4431847948873905,0.2,0,2
-0.60143989808182596,-0.72800597183233373,-0.32905524455900004,0.76950880895767859,-0.63860447422773514,0.006365409087682238,-0.21477020727246743,-0.24938249832892895,0.94428921819290312,1.2561232585174709,-6.246045614671675,-2.0455198145498477,,0.3246172403459324,0.2727272727272727,0,5
0.46557883830495261,-0.81209046770267679,-0.3517746687711592,0.88408013588192846,0.4449534434003099,0.14289417953576053,0.040480349079544675,-0.3775255030758255,0.92511395831310594,-8.8960033509119327,-14.049620614144475,-3.4891040095509953,,0.2815595181596694,0.5714285714285714,0,5
0.58404965587322988,-0.73244950355610317,-0.34986243612994533,0.81009703472958317,0.5531866635189403,0.19423519152594027,0.051271764127033242,-0.39686551884133325,0.91644365138185191,4.6347455038041403,-7.1862168052627355,-1.1757737183394643,,0.09647951868549641,0.4074074074074074,0,4
-0.36671365431645608,0.91533036782339261,-0.16640737206675782,-0.93029676258269578,-0.35918788292157733,0.07437740443488712,0.0083083852839325231,0.1820834492824894,0.98324797901209304,-15.225241024581935,11.451164841943323,-8.3900743909389597,0.1566132473960526,0.1395829205106443,0.3770491803278688,1,4
-0.69584425456017152,0.6958889954149351,-0.17759301634915547,-0.71282382705517577,-0.6993735423069749,0.052524659955167599,-0.08765252408237674,0.16314151642480756,0.98270131812295958,-8.1211034797575916,6.5288905647038415,-6.0242117571342151,0.4506614877779203,0.3861869728845085,0.9222323879231473,1,4
0.03492340379479731,-0.9532012721342652,-0.30031265485990433,0.99538318042259755,0.006294531744219926,0.095774229320391382,-0.0894017896866693,-0.30227092759929702,0.94902034031367366,10.43614289662637,10.625027576223554,-2.264189188556883,,0.1511401600723667,0.3333333333333333,0,2
-0.63393316424985036,-0.67305863747336314,-0.38094725853675998,0.73251597247074374,-0.68054781234009953,-0.016583883572480924,-0.24809089733283943,-0.28956302533577249,0.92444803045870672,-16.140388599728311,-6.3209213774821569,-6.1746116200061207,,0.4136019842111058,0.1333333333333333,0,4
-0.75100991148760132,0.65464534774409433,-0.086160208474674815,-0.64568811719643937,-0.75541273787195029,-0.11152780268668844,-0.13809767615243404,-0.028125862436870982,0.99001917542211271,4.0946324105356284,3.3578994496910952,-2.6537317360019443,,0.5243440580887493,0.1304347826086956,1,2
-0.73622161755222637,-0.63170817412544045,-0.24273959831862199,0.63829138848991718,-0.7673672388705608,0.061087020616370551,-0.22485958558264058,-0.10996501012264752,0.96816623744082786,-13.209612206241863,-8.5863122101646425,-5.2211567584992817,,0.6189479662870829,0.9217687074829932,1,5
0.34449501321877379,0.929263307496212,-0.13338999665866075,-0.92673927466434625,0.35931468648008635,0.1097600695805107,0.14992499011838625,0.085805952129895238,0.98496692122988783,-12.935028975475154,15.125176815412701,-8.4823975735248673,,0.2466099421206455,0.4482758620689655,0,3
-0.0097853632264260082,-0.93962567888022119,-0.34206407331874344,0.99499951693577149,-0.043153640622462443,0.090076215498925596,-0.0993992352289918,-0.33947215922651325,0.9353493706342999,18.397657175726891,-7.5644426981271691,2.0171351073890578,,0.1026534782621609,0.3333333333333333,0,1
0.96257534602224559,0.19782314597295875,-0.18524229038617582,-0.1649399081289884,0.96996783025053857,0.17876586638803083,0.21504308855798104,-0.14152176933752605,0.96629605135642593,-11.145312313337367,-2.1680670424958945,-5.5861169223932805,,0.3410527288607723,0.1271186440677966,1,2
-0.9753223276061852,0.040960787882732073,-0.21695292376199996,-0.030061350418780827,-0.99812573032283858,-0.053304236965742685,-0.21872967901922596,-0.045466914603111232,0.97472564714006615,-11.14639356289999,12.562630258944241,-7.6524625749339243,,0.1285247873560189,0.2391304347826087,0,2
-0.74990258978030322,-0.61055782834036321,-0.25468656048777799,0.62122555082567299,-0.78226972446953558,0.046183256486479148,-0.22743113428493844,-0.12358485518321727,0.96592021550809781,-17.798927943576775,-8.8924952961293986,-6.2541613862652401,,0.07019672264039736,0.4444444444444444,0,2
-0.25717168377575511,-0.92236848304462005,-0.28826915643181639,0.95487378012915625,-0.28841125335390216,0.070957825225187288,-0.14858933032287347,-0.25701231570646421,0.95491668772171012,0.78427888608180918,10.709808677340723,-4.6281374781093465,,0.1149174606490626,0.4444444444444444,0,2
-0.059064862232443685,0.99777413694793138,-0.030953411561156788,-0.99482034610180115,-0.056263727318877285,0.084657379891421317,0.082727389849770114,0.035793360082547923,0.99592922155273989,-3.2641016745411102,-5.4229903426553054,-3.2565957118124937,,0.09062555671175647,0.3170731707317073,0,5
0.93017262840839066,-0.23538478749248085,-0.28173193496113691,0.31894783597982918,0.89815220279819541,0.30264649102960567,0.18179977800759428,-0.37137127302184936,0.91051206378088212,-11.237045230387492,-4.911093054103028,-5.2621085193442507,,0.4179341208989241,0.6193181818181818,0,4
0.75464597824193214,0.62342248386409926,-0.20458214520332704,-0.61589629076159624,0.78056298974635097,0.1067388310988351,0.22623263811701735,0.045451354775798605,0.97301231636586183,-5.7286276968551899,-9.9274741826143291,-3.2926611893970974,,0.08182547545927746,0.3243243243243243,0,5
0.96748480512111412,-0.13152061701211126,-0.21604508594391847,0.17352578490984732,0.96659205706101736,0.18864940285612763,0.18401617817785207,-0.22000482387280892,0.95798534625614862,-12.307856466803127,-2.4799703456541575,-5.8237700309809108,,0.1321380448183507,0.2105263157894737,0,4
-0.7799472038020091,0.59289293982728442,-0.20040040215624982,-0.61539442738226946,-0.78481573255655923,0.07317079115711804,-0.11389494294425437,0.18039464469509703,0.97697784731131643,-11.040005309970951,17.257192662594232,-8.3765175704267634,,0.2059263430584952,0.5151515151515151,0,3
-0.40844233965142684,-0.84926781328391066,-0.33454302638081385,0.8951308860858892,-0.44440385128184817,0.035297503324627742,-0.17864924280600672,-0.28504280079634792,0.94171919899671497,-7.2176017506345742,18.838694099078463,-8.0011287436902307,,0.3579752934067556,0.1764705882352941,0,1
0.9598001616162144,0.18981328634554964,-0.20677177294832072,-0.16086912628584787,0.9756750978933888,0.14892692019495471,0.23001037796046814,-0.1096768876173505,0.96698821417484415,-14.75276001233396,17.292583214507136,-9.1827636885509154,,0.07347730168714099,0.3846153846153846,0,1
-0.9101548276125907,-0.32878434230869341,-0.25202985145838608,0.34343093785684242,-0.93905506098987301,-0.0151915552882493,-0.23167516201843014,-0.10038151563881796,0.96760021218568804,-11.544020876747375,-12.164395764309862,-4.3445647856991076,,0.29285222522844,0.1851851851851852,0,3
0.36685047115460601,0.91615613437763577,-0.16148891372435253,-0.91433062330353965,0.38709334115478733,0.11898847222728907,0.17152330192427065,0.104003282043651,0.97967498397230934,-12.562487700665944,-0.42796836619379136,-6.1349948348677579,,0.2269163201768765,0.8430769230769231,1,3
0.91218570880413474,-0.34029450920370979,-0.22829121678090308,0.37766641979336868,0.91434037046707717,0.14611557854858356,0.1590135466366244,-0.21950246909758142,0.96256602788905243,12.94453389768352,-12.651761312290544,1.4389933641463621,,0.1327214373313126,0.4705882352941176,0,4
0.97999489963257636,0.093203524062351717,-0.17584965111280437,-0.049782426129212007,0.97027479169063968,0.23683018949951215,0.19269589186805711,-0.22333815552216751,0.95550424465050376,-5.7496383799556394,-11.345281556987528,-3.1493272797209033,,0.1275418265170626,0.2592592592592592,1,7
0.7288935546346903,0.67628359573058605,-0.10655836033702352,-0.64240103013344874,0.72941802483144857,0.23509628141353425,0.23671734726354415,-0.10290696379107334,0.96611337549369092,-9.5499875241185919,-3.1575804426594907,-5.0936515352359653,,0.5352650803993929,0.5270935960591133,0,3
0.083763334602011491,-0.933335825725922,-0.34909588968199373,0.9947903755437586,0.057895166248478763,0.083906247982901805,-0.058101742674886055,-0.35430549832252434,0.93332298876464448,-4.6724273138151053,-4.332246987909218,-3.7008070359428955,,0.2836981457941229,0.2666666666666667,0,5
-0.28491476112163078,-0.84676290386432584,-0.44923953914839138,0.94577071202395124,-0.32461204988625447,0.01203234583746652,-0.15601711179454864,-0.42144940586967111,0.89333031915377703,-1.4596736407183246,-3.9112647037429684,-2.9966802887249844,,0.3503800232608925,0.1754385964912281,0,1
0.94064705986684793,-0.19962339991987887,-0.27446968314967557,0.27422710204593875,0.92352984544079142,0.26812706145332299,0.19995650843956425,-0.32747995783640838,0.92345778027375081,-2.1799017304729724,-6.8056804115976597,-2.8083500887879493,,0.6886934795264728,0.788659793814433,1,5
-0.97150688478582681,-0.080440172328229156,-0.2229433818025198,0.07637439035961277,-0.99671860123281331,0.026813848170340052,-0.22436872623192564,0.0090226732352093868,0.97446255241376756,-8.8680712619768531,24.51627217209283,-9.3563313014988427,,0.2128819847546726,0.52,0,1
-0.86777659731598311,-0.41129652095858243,-0.27892462960101,0.45434827823213658,-0.884005349568459,-0.11000992683317111,-0.20132416451630228,-0.22219296519402484,0.95399102039804329,-15.07846731328207,14.440531916785526,-8.8960992653534632,0.4326128179153361,0.4286028033235357,0.2105263157894737,1,3
-0.97522868100932825,0.0085423068347522235,-0.2210340442799435,-0.015729988215958474,-0.99940244201188599,0.0307786674728662,-0.22063904279962077,0.033493102194637178,0.97478029570660052,4.9090436523866803,7.0827380835832461,-3.0596373464910083,,0.2469779035889071,0.15625,1,5
-0.9310642931427987,0.33192951078685884,-0.1514664382076035,-0.31921847939889708,-0.94213344222690332,-0.10239208684240285,-0.17668855210442236,-0.046982729874739712,0.98314484113418432,-15.157790296283565,-0.10870763222291045,-6.7807306519976969,,0.08394779572676431,0.3333333333333333,0,1
-0.97406334752717305,-0.040803728505178577,-0.22256605928181125,0.044604873868206101,-0.99893171022807781,-0.012076569380817871,-0.22183552517881455,-0.021690874599332426,0.97484281077913104,-4.8534703548401366,12.556315175201537,-6.1747935430715204,,0.3096188148489778,0.59375,0,1
0.7730108701377405,0.61778681260810053,-0.1442000305701002,-0.58738088348352457,0.78286298538969068,0.20520536987334306,0.23966203780951217,-0.073925640168113108,0.9680377613289306,-8.7331844418541227,-11.874830904605679,-3.7582584350505832,,0.3217325005803304,0.5555555555555556,0,4
0.96397554672272312,-0.11471803209126308,-0.23998107932446766,0.17777556230247887,0.94897506799698872,0.26046529474797425,0.19785599502836895,-0.29374494622583658,0.93518282265988806,4.7433500591699795,0.093237927961035874,-2.0406271301822181,,0.08250529668392109,0.2647058823529412,0,1
-0.75344572658657427,0.6231812657114546,-0.20967748366169092,-0.64910420063145979,-0.75580772681653352,0.086130231667038329,-0.10480111550466768,0.20099699040207955,0.97396967921916544,5.8746050501617555,22.74762801383639,-5.177489397449385,,0.2084603140392672,0.4736842105263158,0,1
0.86663831239360911,0.47267768699872525,-0.15973052214618058,-0.441923925026798,0.87581837441025312,0.19402427563140023,0.23160587207682234,-0.097560131503169251,0.96790533667328149,-12.869688065461649,8.8059721194784917,-7.4880937765055888,0.5302148022349018,0.296496333910454,0.677710843373494,1,5
-0.66988250403057958,-0.70353716296948554,-0.23726122969117286,0.71039949132348013,-0.7002433934301131,0.070652336725825882,-0.21584715314560088,-0.1212214926418847,0.96887324052252166,0.42950730281911847,-10.544206437911363,-1.7253470882356459,,0.3236670764532909,0.8279569892473119,1,5
0.89597240560410074,0.41105040151668903,-0.16813986977802903,-0.37585957545896354,0.90350432056706376,0.2059357235946658,0.23656506067424965,-0.12131574559643832,0.96401216897846864,-3.7095733356575025,-8.0118745065243147,-3.0067116370674669,,0.07898949056470587,0.2,0,2
-0.49543919962513455,-0.82404624102918445,-0.27475041787134441,0.8463164297920911,-0.52917388148162392,0.061020519676919523,-0.19567447492909035,-0.20229383530731854,0.95957735699519353,-17.691056203335719,13.344578650442255,-9.2488413155760174,0.2389860930373854,0.1820984267623644,0.5,1,4
-0.78234377003699129,-0.56494559992102844,-0.26224929859616242,0.57867038738576226,-0.81502898210057617,0.029467627982455637,-0.23038838566021821,-0.12870208804044375,0.9645501357041586,-6.7600821943744469,8.0450387122483207,-5.8956498221506539,,0.09535780662288151,0.2147651006711409,0,4
-0.97191909352609918,0.016765011775043602,-0.23471729808343603,0.023223314056758409,-0.98575573177605136,-0.16657225145528373,-0.23416650768977848,-0.16734566516896618,0.9576854781323193,10.60735251282629,3.922485745945234,-1.1753599689419609,,0.3570616517852946,0.4117647058823529,1,3
-0.74511924677578523,0.64544150792620703,-0.16793620196440362,-0.65985665789453907,-0.75003999769742979,0.045046563534712522,-0.096883946639957919,0.14437888245855637,0.98476811442262002,1.4105435386981797,15.600131259551256,-5.081444541388394,0.2556010806102506,0.1774193930137364,0.2962962962962963,1,3
0.85814122367699108,0.49677926231748049,-0.12963026173489564,-0.46968538014498579,0.8615815155621307,0.1925433346541052,0.20733857312188117,-0.10434393404967374,0.9726885727316944,6.1978684310579579,-5.4363180312250563,-1.0318389249862017,,0.1623545153576461,0.423728813559322,0,4
-0.8136232579073005,-0.5351522244195156,-0.22722079766420095,0.53222492769337248,-0.84287394634151835,0.079373401845077823,-0.23399534297523014,-0.056352526806882193,0.9706032001741931,1.108586414188222,6.0105050248966254,-3.6535404617193312,0.2807613922545638,0.1864396466368237,0.759375,1,5
-0.81541479854171917,0.54716535680398581,-0.1889676655746575,-0.56483830979354033,-0.82350922046000985,0.052822794387686771,-0.1267138118310118,0.14980866507286678,0.98056156041338938,0.16926679142883125,-2.7989527757899637,-2.7688090582201772,,0.1038435732960683,0.4678111587982833,1,5
-0.13920059027421264,0.97299375480964612,-0.1841367664773578,-0.98819412824923447,-0.1244700125295168,0.089328499789468954,0.063996566791086687,0.19439745132672942,0.97883301454161509,-11.118769433066197,-9.2606723520074397,-4.6356380861772077,,0.09290026942986231,0.5223880597014925,0,4
-0.50647273409780447,0.84087454636526382,-0.19082810822964782,-0.86147722184141395,-0.50287144909160897,0.070549996009238267,-0.036638311422514031,0.20012571789631786,0.9790849458410591,-0.76632649284144438,-7.3493365831081885,-2.4080062103132338,0.09668023885533159,0.1145152974770441,0.360655737704918,1,5
0.13167517852915608,-0.87386829320849935,-0.46799129637652276,0.98901047353712479,0.083791790226559554,0.12180812421386189,-0.06723042907185918,-0.47888740014275988,0.8752981934125772,-5.4474073698439422,16.106128349164262,-6.9119032113303955,,0.4435592203462408,0.3,0,1
0.96530514344421769,0.1748272268267444,-0.19396242110318163,-0.15175721084958482,0.98007786365357308,0.12812934921945943,0.21249877410303461,-0.09424872379145309,0.97260549508440941,-10.882333722159753,19.268397562624184,-8.8276205864227943,0.2181980055132314,0.1939136934258253,0.4,1,3
-0.93358929875304231,-0.26939884049986224,-0.2362949131723602,0.27116910995844329,-0.96219084571146851,0.025614258400251069,-0.23426125385592275,-0.040162683754686901,0.97134372071655073,-17.10107649392403,9.6112387831517445,-8.5749206768984685,,0.1448584370603098,0.3939393939393939,0,3
0.82216717663264371,-0.51969378073002825,-0.23229185938908237,0.5537453257006496,0.82473915004102771,0.11476693188494978,0.13193652993992649,-0.22298813569365702,0.96585146032258951,-22.87595383358812,15.361199686595613,-10.816965553557631,,0.1435242541149837,0.4848484848484849,0,2
0.46502745302387399,0.88522274485160457,0.011408765556342413,-0.86502992853519822,0.4516026170272644,0.21858247649918225,0.18834195144077273,-0.1115157759759433,0.97575178249182049,-8.6697362083058565,-9.2242570086485021,-4.096756696768268,,0.5206654814091556,0.1764705882352941,0,1
-0.08801808724055285,-0.95805036692265721,-0.27274953851084593,0.98940838380186413,-0.11581306079769679,0.087512199213907516,-0.11542905345319297,-0.26215802369569768,0.95809670922661505,3.3709733599468001,9.1367596335873724,-3.7900784506563268,,0.09551384408663038,0.5,0,5
-0.89624021061719372,0.39744199938839264,-0.19696025486124161,-0.41607709136165544,-0.90716100775048703,0.062759541594444967,-0.15373138559472158,0.13819827473335969,0.97840068374048561,-11.886381663405553,0.36360538130175074,-6.070946468884717,,0.07690672752330707,0.2745098039215687,0,2
-0.67535289209358895,0.73596751472541211,-0.047437204910565127,-0.73237314014119181,-0.67684136860250521,-0.074265371122878593,-0.086764363309809647,-0.015413598450367987,0.99610961557564304,2.7754121170490973,17.063242111615128,-4.9283066185820177,,0.3393052940206973,0.9090909090909091,0,3
-0.78901900030502692,0.59687814376433701,-0.14555239144066759,-0.60662968061681921,-0.79438556318906617,0.030854620262242269,-0.097208269979429454,0.11264128236677198,0.98886930064310163,5.2543927325993778,11.517422168550295,-3.5991052923827409,,0.4015308826051757,0.5344827586206896,1,5
0.48554145688016215,-0.8185234375776842,-0.30703236928164623,0.87390787865974806,0.46374003777368006,0.14570585774801711,0.023119542969301032,-0.33906424096574567,0.94047909452109235,-1.2385253393070335,14.727821633586052,-5.7074730728919087,0.5953729389308999,0.4139430466794463,0.3461538461538461,1,5
-0.38153051206067823,0.92274121970713741,0.054617852576803849,-0.92434202475032756,-0.3811858007313797,-0.017006075421497239,0.0051273430918534662,-0.05697391310206415,0.99836250108798519,5.7724380572088689,-7.6635369030441467,-0.8400063815606702,,0.2911206747110472,0.1851851851851852,0,1
0.62075361972236343,-0.6849398647262388,-0.38147388548940886,0.78073084159556483,0.58447742039164219,0.22101017631279612,0.071584192270817706,-0.43502129460652211,0.89757015138416962,1.8795478681338356,-8.0604898324981828,-1.7291468460615922,,0.3820406955934181,0.3793103448275862,0,2
0.90880740999575582,0.37726238723773231,-0.17816335962395385,-0.32406235985070059,0.90725581969204416,0.268086673601864,0.26277876334438061,-0.18590311673182,0.94677735118907136,-9.9346748103027451,-9.7541091355426879,-4.3226829952303047,,0.3813896953392281,0.1904761904761905,0,4
-0.21085176749098633,-0.89147108382056539,-0.40102473596739063,0.97223627647730382,-0.23384171959613143,0.0086413469941541057,-0.10147982482974729,-0.38806875278500924,0.9160264670108681,4.5246344888705572,10.661902953368559,-3.6922582431717395,,0.2504148255471686,0.6666666666666666,0,4
-0.96129548582667412,0.17306917746377115,-0.21437828421104718,-0.18185829961430322,-0.98308256885781387,0.021822503736180044,-0.20697475157770606,0.059964344571878492,0.97650690196711465,4.8021646262836111,-4.6457343945538989,-1.45891589634934,,0.1118525838273692,0.2549019607843137,1,5
0.89837785451124708,-0.35096944372306554,-0.26407892777821351,0.40879379417208678,0.88802506804666359,0.21047354315235947,0.16063892545133174,-0.29703859697594948,0.94125618592198446,-18.96560779988161,23.075124472830762,-11.440580587438619,,0.2486480532510706,0.2173913043478261,0,1
0.4924199839152012,0.84932071508004547,-0.19020221443735247,-0.85001150106673951,0.51626057716666029,0.10466835490163187,0.18709090703511058,0.11013328016301974,0.97614940101672587,4.017372548890628,-13.717477264350768,-0.61178879435621147,,0.2799763513687715,0.5609756097560976,1,5
0.21401133591596516,0.97673502595782569,-0.01370536999247883,-0.96618181486066212,0.21372346005521664,0.14427398675639633,0.14384661529567722,-0.017634389390988648,0.9894428632209068,-6.2894939410001731,16.006764482303463,-7.1324871013789162,,0.585120418237941,0.6923076923076923,0,2
0.48076030580903478,0.86808477144409746,-0.12368653097752251,-0.85564490277038752,0.49527741359228067,0.15024008768765978,0.19168027734083212,0.03360227927077318,0.9808820306776711,-9.4595515966526396,-10.582048368723051,-4.0819297395865899,,0.0784156637910572,0.2857142857142857,0,3
-0.083597083444453796,0.99542631400764769,-0.046238306854066318,-0.99250644067873972,-0.079022620836335808,0.093200807975988439,0.089120664555429663,0.053683133080199896,0.99457308850174198,-12.095567783301021,11.018858299110393,-7.5976663747072113,,0.1495912439978256,0.3333333333333333,0,2
-0.11814207926486821,-0.85090472118961946,-0.51186287672011377,0.98413751257534732,-0.16903602848042099,0.053853295326980771,-0.13234729105267815,-0.49738111798979984,0.85737752362552355,-6.4384778768866697,-14.980994722950131,-2.8226826590816567,,0.5784175243229094,0.4418604651162791,0,3
-0.86206430534625045,0.4684677360994996,-0.19334713259238537,-0.47124207911704119,-0.88133579283012398,-0.034323798536085491,-0.18648334058927626,0.061523983212298718,0.98052983798166893,-9.824910072926766,15.509479546187899,-7.7447017169752321,,0.1782236360463316,0.4,0,2
0.70246816743689078,-0.61798330919907607,-0.35303697156135877,0.70598628436726174,0.66785525822792724,0.23569624592389224,0.090121251784270551,-0.41480836974278579,0.90543479962290407,9.6011044363892388,5.142044486280045,-1.6090254739475911,,0.3916816816545807,0.5454545454545454,0,2
-0.15011964872846698,0.98817932419940524,-0.031075943918880442,-0.98850702735203388,-0.14945417402732089,0.022744378238522833,0.017831094786563501,0.034133167017125557,0.99925821436108009,-15.455899176924225,-12.88509149218925,-5.1872078084816504,,0.2392148146671384,0.1538461538461539,0,2
0.61948643527749148,-0.72300646436795701,-0.30577476839878664,0.78256681442645615,0.59947581070949463,0.16798194347197495,0.061852546153039943,-0.34335172179026491,0.93716799864167666,8.0970453814735635,1.0646964418568157,-1.4365257224972985,,0.1094308166168872,0.1428571428571428,0,1
0.28805012870699331,0.95477683253948697,0.073677156553095743,-0.94678100118302899,0.2724063566409321,0.17146577693660717,0.14364142560816368,-0.11914687116109307,0.98243125150912025,-2.9144962756853232,-11.406171003216098,-2.4287355451184127,,0.2772174544079995,0.1304347826086956,0,2
0.91792377980751538,0.38483742560950418,-0.096519895949661233,-0.31886364173274978,0.86031390834210375,0.39772598242265039,0.23609725209077001,-0.33430545159088171,0.91241325757126301,2.6154070597222083,10.978642378081314,-4.1664661744685105,,0.7834295731277383,0.1666666666666667,0,1
-0.7999545932145895,0.59925941281114203,-0.030996853906883864,-0.58769625609057152,-0.79285768622809216,-0.16121352290102656,-0.12118481493984702,-0.11074676314131968,0.98643266119979733,-21.738708766245662,15.899322298694683,-10.623183151292039,,0.6961008188097355,0.3939393939393939,0,1
0.94070693035278219,-0.24073926962319697,-0.23898760479894149,0.28622137239155854,0.94142759597910985,0.17830145124279279,0.1820653651097271,-0.23613277110617836,0.95451218810300098,-11.956906715685323,2.0492359990543263,-6.329702001249486,1.367159972322261,0.7936314858670211,0.7910447761194029,1,1
-0.007602972843054453,-0.96087547946521468,-0.27687634020703661,0.99480520134915373,-0.035376039177448464,0.095452329572335112,-0.10151259120236185,-0.27471230189893303,0.95615288788601815,-12.333734271658042,-15.807607416993836,-4.0990139205093579,,0.08085446260199936,0.2857142857142857,0,2
-0.68968005952387579,0.69801984549232254,-0.1926388091585329,-0.71940241373255831,-0.69079996746643169,0.07249532442955213,-0.082471707942254863,0.1885834039549904,0.97858812436174425,-10.877150163237586,8.8883475705649406,-7.0369024156825954,,0.07443099676845694,0.3050847457627119,0,2
0.060237580354463971,-0.86797346355576988,-0.49294370923670422,0.99466590522468157,0.01076928224946621,0.10258537684970459,-0.083732734916543122,-0.49649379565391571,0.86399232634356415,2.6256362638535968,13.186116870706703,-4.4485849817830863,,0.350342774151075,0.2307692307692308,0,1
-0.51094681935688879,0.83855271127067754,-0.18911028054993406,-0.85906621021014429,-0.50595308880159739,0.077567508708882765,-0.030636485834030256,0.20209112388405048,0.97888742119971228,11.808304647441163,5.1628143684496051,-1.1698763672349204,,0.1371024266640444,0.4615384615384616,0,4
0.96113292253121085,0.17880135925788848,-0.2103653468472087,-0.12442112945284541,0.96071151943625943,0.2480982848956306,0.24646072257520699,-0.21228153558424903,0.94561813745174206,-2.8076627841795654,-15.946257825086638,-1.8828181023309554,,0.1490780594747037,0.1818181818181818,0,3
-0.33300459838183888,0.93674414094920766,0.10778845881578088,-0.94275791525974473,-0.3329161908821161,-0.01934743041446341,0.017760931046832452,-0.10806120601711544,0.99398557589256642,-8.8692298877383067,11.872188337104648,-6.9940753884995432,,0.07844011048526406,1.0,0,1
0.36277724848589138,-0.83555237171600338,-0.41260744309908848,0.93182174425132613,0.32048697330952819,0.17028310802693672,-0.010045144171269151,-0.44625142471331042,0.89485125077854077,0.025389384506226798,-16.018587270894237,-1.1836583091313828,,0.2269720689516788,0.2272727272727273,0,1
0.70151131263112898,-0.61212151285486238,-0.36495086210451061,0.70885073797900744,0.65219310708876144,0.26865364753251331,0.073569759529083817,-0.44715926085253138,0.89142362876280712,-3.2249445906519201,14.274138877337972,-6.0502035840502,,0.5724025406838145,0.2439024390243902,0,2
0.73550923454661277,0.65281405762788791,-0.18127319730194535,-0.63891210973318591,0.75733825016757028,0.13501885375536701,0.22542733182324345,0.016510027151294897,0.97412008349613566,-8.3752639422116868,8.0803132904844173,-6.27985671660762,,0.07957175121673878,0.1153846153846154,0,3
