axis_00,axis_01,axis_02,axis_10,axis_11,axis_12,axis_20,axis_21,axis_22,location_x,location_y,location_z,dbh,dbh_approximation,score,reconstructed,number_clusters
-0.7467681380178095,-0.58650888181342753,-0.31359955292598329,0.63042643031881007,-0.77445076044264893,-0.052806586760421798,-0.2118958800847637,-0.23713572317085846,0.94808585307414917,9.3112526034612131,16.367136696351547,1.6782063270951664,0.1157123149647476,0.1023062049576017,0.1481481481481481,1,5
-0.69844804416469064,0.69090057922685866,-0.18661918236481176,-0.69213300766896091,-0.71842938091158426,-0.069362268836288821,-0.18199513536805867,0.08071935497134812,0.97998069186865733,6.1778383855390429,1.243368247527558,0.98463973648425551,0.5463815871580021,0.3747423950334894,0.1692307692307692,1,3
0.26182431991465371,0.95090945397342597,-0.16498253193956933,-0.95813784019298143,0.27662416897326647,0.073830537924224268,0.11584431229697706,0.13874537644120538,0.98352926536256657,-2.6415271469462902,3.4169217673288226,-1.7400411435093479,,0.1433713374563646,0.3127572016460906,0,5
-0.2081244552657526,0.96400476975455185,-0.16546605395308883,-0.97654507275019908,-0.21434053192142588,-0.020441557253497528,-0.055171840712826811,0.15733067172713974,0.98600361445901619,-8.5601873648217239,11.903686421489674,-3.6962141589336612,,0.0994112931996561,0.4029850746268657,0,5
-0.68955414441160046,0.68666375959531312,-0.23023458294360552,-0.70005584228288498,-0.71341281259644829,-0.031047971090327767,-0.18557181793145899,0.13976780774432745,0.97263973819084626,-5.5568306711937208,-12.751486955354064,-1.9829215008323025,,0.07854964941684117,0.3076923076923077,0,4
0.54491539016718626,0.83316841641479189,-0.094327129967000919,-0.82027704895046794,0.55301500053113883,0.14601360262885438,0.17381823990610307,-0.0021906794409197986,0.9847753146781919,4.5368825508498691,-2.1160239215944214,0.65747175448114248,0.1347809261278391,0.1848822666132298,0.4117647058823529,1,2
0.96270661209118003,0.0028886517344925994,-0.27053213252233083,0.011163301278026184,0.99866728737383259,0.050388786788016553,0.27031714658988842,-0.051529649916809854,0.96139135394435105,-18.477523668512635,29.305239702494585,-6.4921558755576667,,0.5017784666511913,0.3333333333333333,0,2
-0.4848955316242099,0.8525570049425848,-0.19499455565272583,-0.86631335993402891,-0.49879427046780028,-0.026560085623141116,-0.11990615418187806,0.15604752183813847,0.98044463643669677,-11.810153415315794,-9.945532872014045,-3.9991399148832203,,0.07614493104218234,0.2391304347826087,0,3
0.48628646917043994,-0.80291777191893021,-0.34474413909229434,0.86556719341407085,0.49665882659593014,0.064214045579161008,0.1196616211950825,-0.3296256384159072,0.93649774954981579,-16.593708534229311,13.624182481867798,-6.0540362450899154,,0.08737907919207885,0.2702702702702703,0,5
0.12516455946535512,0.99182762834457727,-0.024734362862543106,-0.99000581278545718,0.12648980784308336,0.06236039739151357,0.064979409853054365,0.01668185134186919,0.99774715841788164,-8.0747618118086315,-14.760903126657155,-2.6014743482076734,0.4804113624812149,0.3514275870993692,0.3793103448275862,1,4
0.66486733824273025,0.71740244600089675,-0.20805084236781318,-0.72067512152310698,0.68932534946052815,0.073877816756965989,0.19641484606740359,0.10081811872402041,0.97532400523173157,-8.0480906024587746,22.278249695070283,-3.5923359369810788,0.1256788603272223,0.1070327477829671,0.4210526315789473,1,4
0.20476056559724298,-0.85489943978727612,-0.47667605208118097,0.97657451652041194,0.21134023407115035,0.04046627170468866,0.066146235412330529,-0.47379558177990111,0.87814715294569134,0.26826326504807912,8.7802714285234043,-1.0496369396682024,0.7026485494364063,0.4107266670534054,0.1596638655462185,1,3
0.23381337930751028,-0.90946945198372597,-0.34379735246977045,0.9710526855126278,0.23620390311763778,0.035558376097734143,0.048867019711832535,-0.34215936646600059,0.93837038653405336,0.75975163212677588,-6.7786000962706998,-0.38716803731142435,,0.7605158055483767,0.5017667844522968,0,1
-0.4212008970584607,0.90692416695917122,0.0088521015902007054,-0.90131268691179067,-0.41746671590981488,-0.11557240812289192,-0.10111995218055786,-0.056657713445648364,0.99325961298047027,-16.945664615655026,-15.108858140901715,-5.0159519399085983,,0.2829190845977546,0.25,0,2
-0.49060784320659989,-0.81515711714336481,-0.30793313974739323,0.85888017257269189,-0.51201154110100566,-0.013001189979284709,-0.14706730889518713,-0.2708561539819479,0.95131916332240229,-13.119284963184159,-9.3514709431744549,-4.3398455387039334,1.151495071261741,0.9391240967409284,0.9823008849557522,1,5
0.0047447452143785937,-0.91669666682469864,-0.39955563871047878,0.99986730649121536,-0.0018777478499835286,0.016181578199150014,-0.015583863540661413,-0.39957939773654488,0.91656611769236074,-2.6162089177113206,5.7870512802093259,-1.838064912511407,,0.07903546394311448,0.1842105263157895,0,5
0.19777451836811302,0.96677025430531904,-0.16198924431791711,-0.97765056586857546,0.20655966420822389,0.039146854012046282,0.071306457920132058,0.15062662617417533,0.98601572428956197,-16.570691449230527,-1.7774798163222725,-5.5108368169009214,,0.5775124942788157,0.2142857142857143,0,1
-0.50434128199503359,0.85453433295960934,-0.12414082756644612,-0.85302665560118729,-0.51537386260873774,-0.082068913564178794,-0.1341096421196499,0.064504693883671665,0.98886487871574924,-13.365730418356868,-12.513748944086993,-4.2005749884109873,,0.2685390278568577,0.2941176470588235,0,2
0.28645713906119841,-0.90297158212487361,-0.32028835345010304,0.95606949898552651,0.2911220012403104,0.034337930971499675,0.062236810574128026,-0.31605427108131562,0.94669756371336466,13.651994297221236,-5.941168121234325,3.5619830055563559,0.7011302293952452,0.400332931968286,0.6338028169014085,1,4
-0.82606843828665,-0.42148268797295524,-0.37411666496661994,0.48098521954568263,-0.87322949583551224,-0.078252579391659333,-0.29370759922965117,-0.24458657228463848,0.92407426910005686,12.029818257394894,2.2835297469840632,2.7397316869206518,,0.1806741882212452,0.125,0,6
-0.037200217176127967,-0.91881470233571572,-0.39293216540998355,0.99745987082965615,-0.05804225461546654,0.041290468193510017,-0.060744958033855101,-0.39039805257055671,0.91863997878525916,-5.037397973341764,-2.4151279558266943,-2.2673965072447033,0.3794848611764362,0.2345223715725215,0.2231884057971014,1,5
0.46833571797768669,0.85039093838662594,-0.23978512709557004,-0.87221662043913706,0.48830637867937837,0.028196587927666349,0.14106672994032141,0.19593910393524244,0.97041642878353962,0.75373987628027961,20.072996178439176,-0.95025373348366227,0.3923622259035542,0.4196459447164522,0.8901098901098901,1,6
0.93538315972653663,-0.17156890519309342,-0.30922880731077351,0.22445803175572715,0.9637488059556889,0.14424573130366539,0.27327081161431277,-0.2043339173750347,0.93998442206763555,-12.930440203524519,11.850228993247294,-5.0170619657747952,0.3584376338601138,0.3497836040419098,0.7435897435897436,1,5
-0.84839818240457665,0.4864832417733902,-0.20869733962430942,-0.49400792037620433,-0.86926974820363179,-0.018063207455308705,-0.19020173158567505,0.087773346362370774,0.97781344896159139,-6.5842217253700461,11.521854344506277,-3.1509280301671385,0.234467491935975,0.2788775489174529,0.7360406091370558,1,5
-0.5956308755685128,-0.67267946440221915,-0.43900592050794834,0.77956216878792883,-0.61585886861381733,-0.11402051983906536,-0.19366642730258726,-0.41014654956643659,0.89122001930757733,7.5213324999566806,-8.2228931882459388,1.7110437125842031,,0.3603239101591948,0.2777777777777778,0,4
-0.53297248179905743,-0.78727790160938882,-0.31005457468399178,0.83112536885016786,-0.55581357466681525,-0.017375024309891279,-0.15865356881780521,-0.26695463257567631,0.95055997667046721,15.685433442367582,8.2899949212730508,3.7405779885658275,0.2465973207657479,0.2714930093107827,0.5714285714285714,1,5
0.7738633597301785,-0.55644477064119691,-0.30249746725086157,0.5969095758782903,0.80044728420788447,0.054617794069538247,0.21174149024676325,-0.22283034450067263,0.95158403668713942,-11.378859120230953,-16.96572695604188,-3.4420140904718473,0.5723574899195957,0.5235940242056287,0.75,1,5
-0.94725855884048094,-0.17457597907391664,-0.26874607017376034,0.19750365474175782,-0.97842941502749192,-0.060565552689710395,-0.25237576957209046,-0.11044956921303478,0.96130503150329494,3.0920190241148293,-10.649610869245084,0.57889503843644641,,0.2356318526355507,0.8461538461538461,0,5
-0.68083195992878642,-0.56186154610925698,-0.4698717328625367,0.70428185521543496,-0.67836027047535186,-0.20931892378596242,-0.20113406164504605,-0.47343314886509946,0.85755824455359519,6.491809549793798,-7.4042277844898789,1.3793085617641534,,0.3625456823542296,0.2941176470588235,0,1
0.67176916455466662,0.72914809784963364,-0.13064930522504287,-0.71301434817518361,0.6842898058540533,0.152833245403416,0.20084005788149861,-0.0095138323762564876,0.97957784690328342,-4.4747216683472919,-11.025710993089342,-1.7520941265833734,0.6101259354266952,0.2279949347087687,0.2777777777777778,1,2
-0.96174697540258336,0.015358275009642782,-0.27350846183018157,-0.00062467348943049436,-0.99854750777052714,-0.053874711213169335,-0.27393861554555493,-0.051642987074712952,0.96035963930133295,-5.4729732002912561,36.648643952191009,-2.9103575016870633,,0.2242101917786464,0.5882352941176471,0,2
0.9508117640651087,-0.1165291659823494,-0.28701557935215832,0.1653628161442296,0.97441965326349067,0.15218895613910224,0.26193916918293597,-0.19216475433678765,0.94575926050894987,9.4744733157213297,-8.3858070874039541,2.3173538463114385,,0.08551450846879097,0.1904761904761905,0,4
0.90922140351312652,-0.27991735879591995,-0.30816020450138859,0.3324366517812945,0.93374612524995626,0.13268024017590785,0.25060389451495724,-0.2230794607878781,0.94203675205828696,-19.108258850958723,21.569214919579277,-6.5924034265000353,,0.2392662292810584,0.65,0,4
-0.73927717024177975,0.63283885935470563,-0.2301830655151284,-0.64481105441913411,-0.76379350681031988,-0.028951391214918118,-0.19413389621133012,0.12702148261231117,0.97271659454168813,-3.4402867480989583,-4.9330807267214443,-1.7684052978687632,,0.09779690069755392,0.3870967741935484,0,5
-0.044119856605380828,0.97175064997302285,-0.23184933152831985,-0.9990166409750415,-0.041897264939029719,0.01450414580644689,0.0043805602457392991,0.23226126122889482,0.97264357152262959,1.1258438226451473,4.5624000209776066,-0.65248794991277992,,0.09661889420296015,0.4310344827586207,0,2
-0.91624957451017575,0.30363904614830783,-0.26132364390553814,-0.31277148559205353,-0.94980285673111198,-0.0069664299293028227,-0.25032122365165643,0.075351595866085294,0.9652260988959902,-16.915552731326969,5.7963304519183056,-5.9669756542945267,0.1996537862277678,0.1208723256391656,0.6333333333333333,1,5
-0.59459185475204146,0.79087923924732551,-0.14481213757865205,-0.78947977391577051,-0.60839262035532327,-0.081117852998506296,-0.15225706170956677,0.066094238967968399,0.98612845955018125,-14.867237975864894,-7.9069479755704419,-4.8704736638986672,,0.3672877868924472,0.625,0,1
0.82557996155394664,0.53025728487278823,-0.19298947878038206,-0.52450227540366456,0.847241637670757,0.08413661802897196,0.20812277668953821,0.031761914871639874,0.97758687112027209,6.3448424870103368,-2.5924147146507894,1.1447724126365983,0.7163680515404063,0.6811985301785178,0.7800687285223368,1,5
-0.87767806049249952,0.42584135303698378,-0.21986442225552549,-0.40830966670283092,-0.90462924643858034,-0.12218487044225476,-0.2509271571734481,-0.017466211140321299,0.96784838340581725,-7.1014297535295272,-23.387407129984304,-1.9763584358444699,,0.2694483194237449,0.2608695652173913,0,4
-0.30335073010280439,0.94315210810839545,-0.13580292896983454,-0.95096584528750672,-0.30867787422301896,-0.019543056612956022,-0.060351434471059347,0.12321554664833728,0.99054310023412795,2.314159868012251,-2.5682409971975968,-0.090331647174493032,,0.4271175978046934,0.6051282051282051,0,2
0.95363858101711829,0.23742340992683325,-0.18494210233035779,-0.20785874201518842,0.96401098906447025,0.16576355549639493,0.21764236757470065,-0.11963668911190187,0.96866860300869728,3.1501466276576022,-14.942106180584847,0.69937865673201449,,0.3914849290709724,0.7090909090909091,0,5
0.88897563357208087,-0.32577497570678321,-0.32185864617617871,0.39596427183289179,0.89988199281419323,0.18282421732528914,0.23007524496774029,-0.28997079889533955,0.92896841573921818,-12.734261643627299,21.222375348170573,-4.9034511660719273,,0.3321105912193572,0.8409090909090909,0,4
0.91409044200712786,0.30466587785207727,-0.26761421244738987,-0.29698342582474202,0.95232994410475524,0.069774797361468063,0.27611502787174347,0.015696510250914068,0.96099641567975103,3.5715528750715788,-2.5657431338781267,0.30413332112088515,0.2520783586379928,0.1103053235051486,0.3166666666666667,1,5
0.86730936621170951,0.44495027283988287,-0.22314506040052981,-0.43223498329537013,0.89554262318738409,0.10571815960519797,0.24687523670286091,0.0047607514504148041,0.96903557868043888,1.2472148942881749,-3.1060174262020053,-0.39962095446430734,,0.1180871782476387,0.2195121951219512,0,5
0.13969574864972686,0.96401703902491309,-0.22617746633745944,-0.98864725196060133,0.14855425209119852,0.022544298090149247,0.055332711843404152,0.22046038795045456,0.97382519393615541,2.4183268061888423,-6.5828869282908427,0.1730488562885257,,0.08153901376811049,0.3157894736842105,0,1
0.32870050627561659,0.94433810434087095,-0.013473005011647783,-0.93834489523609665,0.32816530411436107,0.10870322331876134,0.10707396863156314,-0.023088479062498175,0.99398294118967034,-19.33236455460392,11.52287475195841,-6.7036401125372214,,0.5981999129764688,0.2093023255813954,0,1
-0.32355030545190511,0.91221458979686854,-0.25135580757903614,-0.94318902981505248,-0.3321430430651921,0.008686367476358748,-0.075562251677138495,0.23988651713909348,0.96785577697111236,2.0936007094102522,2.2629961413195763,-0.26188616527841901,0.154941288375438,0.1305042960194881,0.7333333333333333,1,5
0.91941285373127091,0.31901333757705103,-0.23002281374174907,-0.28721301212745315,0.94416485226414304,0.16143548994476115,0.26867953040452569,-0.082360319310818775,0.95970208280727576,16.439202700543433,23.70554227208023,3.6668816464772012,,0.4351479535281171,0.8666666666666667,0,3
0.48459479248714571,0.85168939466364468,-0.19948198442920984,-0.86329817790667329,0.5024168926595487,0.047890729722387969,0.1410111453657448,0.1490048354510656,0.97873051239595166,-11.971669617177351,1.5877306782772762,-4.623400097799319,0.221654957771598,0.2185352559989786,0.6876513317191283,1,5
-0.72890704715335652,-0.51046692677497296,-0.45619955422938613,0.6505636870658088,-0.72399622485872428,-0.22933895321479567,-0.21321680440696214,-0.46395364322228583,0.85981719641982779,-12.264246784485596,17.778519618305218,-4.8052247498840828,,0.1615311344818157,0.2916666666666667,0,2
-0.60920211464176299,-0.69433994540271926,-0.38309897380983948,0.77354601964397984,-0.62669187966263862,-0.094254142921486178,-0.17464059954363154,-0.3537645095018111,0.91888591936539255,7.0749563617092468,5.3796879384589698,1.1380420182073934,,0.1712883454638764,0.2,0,5
-0.11288696389915476,-0.90540107437480011,-0.40927426977833381,0.99236735171711776,-0.1233133793249209,-0.0009218055232833633,-0.049634389565960287,-0.40625448305271128,0.91241093941928841,0.61330702352485456,10.136197613975897,-0.87888316750102491,,0.1848258861570743,0.3278688524590164,0,5
-0.92243795093115455,-0.26864503637115122,-0.27737712795952685,0.33152895433855611,-0.91927366026757351,-0.21218974992548953,-0.19798176460754277,-0.28769042731971634,0.93703651951857381,-5.0267329421247693,14.084060779225757,-2.6692211253549902,,0.1672794983794199,0.6363636363636364,0,2
0.020531373451752908,-0.90147387340447127,-0.4323462943906477,0.99950409061451306,0.0081803183471964944,0.030408144247799421,-0.023875417253759381,-0.4327562107710049,0.90119477722081864,-13.574559967646849,-6.6156089094186363,-4.6114807735913432,,0.1357130793924623,0.35,0,3
-0.95229831127900044,-0.14254377635415219,-0.26983179604683527,0.14710782930737473,-0.989114817100187,0.0033414292354868379,-0.26737092753632696,-0.036512332376347816,0.96290167550628059,-20.272098010626468,21.94348103367124,-6.8599303478382492,,0.1096276197012249,0.6111111111111112,0,1
-0.1594874533807655,-0.871345670632105,-0.46402637261776902,0.98649639044401616,-0.15841315090042707,-0.041595014878291939,-0.037264243653198803,-0.46439422465453312,0.88484426892672419,18.017653546279313,-4.9419529044026609,4.9690923148341035,0.5832654659401192,0.5586915879442264,0.6666666666666666,1,3
0.87544367191793004,-0.36731537186252738,-0.31413021964202187,0.42452312777654783,0.89507168384302949,0.13648001599216242,0.23103785681500041,-0.25283610971516152,0.93951871207679172,-1.2852712843383642,7.5312346358837168,-1.4494667538491357,,0.07771031741518129,0.1891891891891892,1,5
-0.29370222401967711,0.94854377650959254,-0.11833726230911876,-0.95422704070852882,-0.29824818591159058,-0.022333257287985037,-0.056477946019144368,0.10636128828369437,0.99272227635330779,28.108980253108161,-4.6630497599846503,8.214979118041164,,0.2150056982649447,0.1,0,4
-0.76186162786644629,0.6398701531298927,-0.10066303749746915,-0.61775051949173332,-0.76450027149070865,-0.18418368700383808,-0.19481056350306858,-0.078137839899510467,0.97772354084549673,-0.021596492551555178,-14.056251750195958,-0.25431463513270602,0.5921048996436482,0.389449722794997,0.12,1,5
-0.91690843382851128,0.31447574571860348,-0.24573141705706836,-0.28637799756417598,-0.94727802783813075,-0.14370796945971664,-0.27796864298923957,-0.061394978050573666,0.95862614724661566,9.4035556423279889,-5.6866667197498924,2.2159773693324474,0.6682061060208129,0.5096684311094921,0.25,1,4
-0.16611928701200468,0.96041687447954438,-0.22361531633044726,-0.9856144627172142,-0.16886777463343533,0.0069141574330214266,-0.031120947371192399,0.22154706476343602,0.97465295604611213,3.5412250107064489,-3.8344535883722797,0.38993062066736595,,0.1539454562210764,0.2857142857142857,0,5
-0.4172328323342081,-0.83751218490256085,-0.35283155153998796,0.89939144231627077,-0.43624339779994292,-0.028048731953886494,-0.13042928011238419,-0.32903652991074023,0.93526636038813316,9.4209648760740397,3.144067844202918,1.889148058980666,,0.07405588843139882,0.4615384615384616,0,4
0.62454501652101457,-0.69053218901638536,-0.36484081223323461,0.76291873703091029,0.63934048713440172,0.09591007349548189,0.16702850962014937,-0.33824405012207798,0.92611686062347776,-9.7580293005603878,10.355969705012599,-4.0358967768780358,,0.2881503188522841,0.75,0,6
-0.090331850261047827,-0.93237831497606649,-0.35001547764464308,0.99033269269671609,-0.12124394326707644,0.067387417201753133,-0.10526782321530546,-0.34054454038119891,0.93431691701053443,-13.857457129455447,16.584360470448203,-5.2708337389024988,,0.2195768191710101,0.1904761904761905,0,3
-0.7225548802480215,0.68319402664486661,-0.10564263810857674,-0.65975235946620514,-0.7271145044855607,-0.18981918118433819,-0.2064976251886248,-0.067456795977058989,0.97611900476733193,15.98764158696471,6.1334793811260404,3.9351271745624259,0.6856558065691643,0.4090046934734734,0.1153846153846154,1,5
0.72959870647285152,0.64084967493438116,-0.23874132790457656,-0.651489070344903,0.75747681843716108,0.042318562729031228,0.20796085865921157,0.12466179714256889,0.97016066586875627,3.1999346218052529,8.7515249170139136,-0.11439856206773723,,0.1047207090811,0.2142857142857143,0,5
-0.95457339607468394,-0.084761970835385864,-0.28566595843142617,0.12485570507779883,-0.98424753157684541,-0.12517128062943489,-0.2705562500035249,-0.15515219909813782,0.95011952442786973,-14.417312803900499,8.5295431545243492,-5.3934600364314971,0.2359065508383714,0.1413245804081006,0.2727272727272727,1,5
-0.37368220778363864,-0.84339943458624167,-0.38605569718054084,0.91686893784967072,-0.39886346877102596,-0.016102300654320341,-0.14040284324885582,-0.35997962028363889,0.92233492538669726,19.221286915824361,-1.7167721482852176,5.2426772751032793,0.5498125382366065,0.2408209071269001,0.4347826086956522,1,7
-0.77403207471479352,0.58215311722309393,-0.24894195190876758,-0.6008916890325714,-0.79932995422812958,-0.00089572609691175738,-0.19950820876419165,0.14889382922435568,0.96851799273664096,-18.039401850977431,-5.6009958283505314,-5.7000726285317604,0.2305972098255723,0.1801473592506144,0.7,1,2
-0.96088868183126752,-0.079109521961333501,-0.26539522351319472,0.090625352924027763,-0.99538959878752242,-0.031410062607564411,-0.26168681001526373,-0.054233109450454633,0.96362792783489315,-14.146105310125341,-3.3629459736277538,-4.9139829284761714,0.2849207895014919,0.195130790048744,0.5042735042735043,1,3
0.86769187581127916,-0.3489653010090264,-0.35402546143290603,0.43854141608585701,0.87271467838738015,0.21459384078911017,0.2340774124697077,-0.34145615943908564,0.91028317360730904,-30.636974005184236,18.734037547042277,-9.4359861645594414,,0.4244611897486431,0.1666666666666667,0,1
-0.0014625723469804477,-0.95481326971086333,-0.29720276052920502,0.99973304843116018,-0.0082491674570546267,0.021582008961301653,-0.023058463883573889,-0.29709185653651909,0.95457044581477279,-13.970278614164693,-7.7786551280383573,-4.6116254248113435,0.1600837528148848,0.1754599164189108,0.7272727272727273,1,3
0.61463809288914473,-0.70646792480405773,-0.35088899383229899,0.77145940758558418,0.63115421226440416,0.080589967046770128,0.16453083971491494,-0.32023027896179279,0.93294274809269884,1.0735010948721182,-11.014871578634306,-0.022610416722973994,,0.2330515068416339,0.2156862745098039,0,4
0.85476501137335836,-0.43572242095701091,-0.28199777872753667,0.46534286504903727,0.88400606327937914,0.044601547431110021,0.22985385200134681,-0.16934949648775841,0.95837777246735345,-5.171911071143044,6.4494773079475696,-2.6567155941732818,0.2776869312390092,0.2150733283010547,0.8095238095238095,1,5
0.92140127828622709,0.29175970202044149,-0.25670208540144224,-0.25504081594027911,0.95239532804674665,0.16702491227133265,0.29321300547046508,-0.088427458358095734,0.95194890515788899,-7.2798006296959148,7.6858797385232567,-3.4214605842001204,0.4564328805782142,0.1828129626684299,0.30625,1,4
0.030564453404648848,-0.88124833858153595,-0.47166426612089041,0.99950431577932319,0.023384351554349328,0.02107830260933417,-0.007545656139999495,-0.47207471638466902,0.8815262476090836,1.510221254510298,-2.2662500430164383,-0.31832056214257121,,0.09307266968609709,0.4545454545454545,0,5
-0.78147664301345499,-0.5547304251133508,-0.28560184151713919,0.58215235678531019,-0.81296124198978337,-0.01387993197882573,-0.22448360722718452,-0.17711062778949521,0.95824784665047924,-7.8789657156066992,25.254236085346271,-3.5511003187299561,0.2068529778797935,0.1392050102202123,0.3888888888888889,1,4
0.17827674345373754,0.96418597762664227,-0.19637414109726181,-0.98168534545522845,0.18790560862316352,0.031390520327142325,0.067166102030566638,0.18718141680229788,0.98002644451152676,-9.2508798175334821,-9.68428514354901,-3.1912189228600778,,0.08116186001336988,0.4038461538461539,0,5
-0.79117777258599431,0.55801152560133216,-0.25032153215802122,-0.57419783113143874,-0.81865439582600763,-0.010091130695189696,-0.2105577899053305,0.13575020254434009,0.96811016915398318,2.9712219916229179,-4.6100561272666818,0.21178026825748236,,0.07491952599015944,0.3733333333333334,0,5
0.70495423356362286,-0.649322824258728,-0.28534084614263794,0.68340964231770074,0.72948260644168028,0.0283969661451264,0.18971238591067285,-0.21502324710533971,0.95800533079746397,-3.9670878081114447,13.292366384168993,-2.3589683036509599,0.4132190054321559,0.3829497519701754,0.8638132295719845,1,5
0.17536553636030561,-0.91794196009011331,-0.35585037103111494,0.98393131072522311,0.17573453910548151,0.031568141217496917,0.033557479518076971,-0.35566828600720629,0.93400961766840962,-15.924395120020979,15.632204620418694,-5.7927163941623094,,0.1517552638057998,0.4736842105263158,0,3
0.68782659142420477,0.70256913477166982,-0.18245873779007851,-0.69613938112693641,0.70967849169980302,0.10838081224506677,0.20563205531718001,0.052469508144076221,0.97722178063178256,3.8102646550997905,10.702713547513424,0.10384874654573546,,0.5968585367059287,0.5901639344262295,0,4
-0.21338984915901718,-0.91125296620480112,-0.35225389119049283,0.97394328353525617,-0.22676664080051731,-0.0033721026991121281,-0.076806593027265807,-0.34379488391045154,0.93589840531146495,-17.484466585539138,-4.767008678177179,-5.6214108072481013,0.1769986794081871,0.2211253597446372,0.55,1,2
-0.94854016269344477,0.20464270332902304,-0.24164627812503933,-0.19546491970086324,-0.9787723899849724,-0.06162851425632021,-0.24912853093098261,-0.011223750589521969,0.96840539160977168,-25.351599118451201,13.816377224851895,-8.1756596855361341,,0.2013418643907578,0.2758620689655172,0,5
0.0047253656961348013,-0.93540371946569723,-0.35354992932933416,0.99993244250494007,0.00066519148897532169,0.011604651928805405,-0.010619856173391638,-0.35358088060586995,0.93534366920658307,-18.933938336442335,12.509305206832231,-6.6409728488457054,0.2271655524235263,0.09480655986561605,0.36,1,5
0.92428561301791701,0.28239769183051983,-0.25680274378769163,-0.27528949406560771,0.95922809837519907,0.064008981749440044,0.2644083962834648,0.011532516477039727,0.96434184864005112,-16.438241447030236,12.134433893963289,-5.961264451375019,,0.295306026031891,0.2461538461538462,0,3
0.92176369222157628,0.29079236860182539,-0.25649852643823573,-0.25118667696956049,0.95174435330720697,0.17631772248085414,0.29539287231589728,-0.098094262374441951,0.95032655791268772,-9.1167220962553586,17.292674113055309,-3.8673549449340689,0.2655546382591477,0.1865812114662005,0.7222222222222222,1,4
-0.2523206458108036,0.95892371647815311,-0.12961326195009817,-0.96607754170860949,-0.25725996117916539,-0.022616272467932356,-0.055031582785419517,0.11950990900264324,0.99130666624728703,-2.55962179502135,-9.8661428311720982,-1.2436392150712778,0.7768024314278307,0.8120051339944678,0.7857142857142857,1,5
-0.24293356614471365,0.95345150666661371,-0.17864351898509237,-0.968677874723337,-0.24820894181287179,-0.0074495788884297578,-0.051443731024222596,0.17123827153793464,0.98388566251318488,-30.332183902198633,17.880570435166941,-9.4042022500916662,,0.09143741685342802,0.3684210526315789,0,1
0.96044820192834701,0.021831372360636668,-0.27760158968107057,0.0056337419708911264,0.99519441089415706,0.097756562319051957,0.27840171041861733,-0.095454050233002116,0.95570969019368246,-11.533766590068844,17.338587758222147,-4.6035885817701931,,0.09962423835337178,0.5333333333333333,0,2
0.86231754391130333,0.44296183937664008,-0.24534315217434283,-0.44111782169695918,0.89504998030523453,0.065578961084565762,0.24864336074809784,0.051675348200714032,0.96721566237537082,-0.1737851033296639,-12.742042065132397,-0.2966064777712491,,0.1099293932675241,0.462962962962963,0,5
0.5490005293711443,-0.76973303651275615,-0.32574448767562392,0.82543697477126454,0.56055397542996643,0.06658108823174437,0.13134770432202444,-0.30543459714071702,0.94311053829273961,1.0333351299184714,-20.920232854887566,0.44763974304167226,0.3303140050573437,0.3414466953611265,0.8461538461538461,1,5
-0.62187612673433734,-0.69879984035771647,-0.35348106896116699,0.7612818122441084,-0.64529112083939866,-0.06363467381986089,-0.18363029527892599,-0.3086715932538398,0.93327475170707963,-9.8114427880091402,-14.536483670431123,-3.0643623289652617,,0.0872947031777576,0.4,0,3
0.36144894557459212,0.92423178621301594,-0.1230864131271807,-0.92343297651087963,0.37309917821056049,0.089825058368272648,0.12894261372903365,0.081194880208691936,0.98832241388760511,-16.018643487972085,-7.9480017963908534,-5.1254102538884645,,0.1027634531709091,0.2352941176470588,0,2
-0.75234992012543656,0.62607056382252102,-0.20495181580605867,-0.62804051340334455,-0.77556931413972152,-0.063697350721255694,-0.19883337549645272,0.080795346894446146,0.97669718987457588,-17.588555751932468,-12.276169684111748,-5.3307564001251047,,0.8158715078875094,0.40625,0,1
0.88451166916952406,0.38143732141438141,-0.26859761155893835,-0.3799195999583197,0.92308598399415787,0.059777618897463247,0.270740105397141,0.049171495663257028,0.96139583905058856,1.6516752532987711,10.919621063037473,-0.61232366236982683,0.4865410735784307,0.4706528564875767,0.96875,1,7
-0.96024531883957043,0.070505952148903386,-0.27010708683459023,-0.020380812268024254,-0.98270370857930378,-0.18405989143694376,-0.27841255384408919,-0.17123764730940594,0.9450736045440864,13.292813076460417,4.05161518298274,3.0984563500008138,,0.3980329757370624,0.4,0,4
0.43768884059442875,0.89408170433370426,-0.095112484957774329,-0.89057748850585261,0.4456475441638803,0.090939558759156755,0.12369404102749806,0.044901807941781231,0.99130399568338579,-3.3487693927523687,-3.544780174240159,-1.8086669981494261,,0.2246260894291398,0.208955223880597,0,2
-0.91239863218113004,-0.22195430911062755,-0.34389681688150003,0.31541818965201485,-0.91673436544838482,-0.24517232478930934,-0.26084497624192365,-0.33216620519428647,0.90643560747367935,-2.2780686823720901,-12.344258226524698,-1.0723052298220175,0.7157253455642673,0.5503961175276258,0.3225806451612903,1,3
0.89998602218402268,0.39870445350987704,-0.17623824393352094,-0.35311249473557743,0.90385477937900749,0.24157422017952176,0.25561049652742701,-0.15518149549839211,0.9542441917663872,9.4335931220675988,-3.202797248833313,2.13394269379403,,0.4766809947110096,0.5,0,2
0.96904472175765943,-0.0076043654851701229,-0.24676811151198008,0.030628368851084668,0.99550690901619066,0.08959853303795208,0.24497801994289825,-0.094383090257731173,0.96492362496637951,-6.2621122018431103,-14.227587477264763,-2.1694090395715842,,0.1110200838815579,0.24,0,5
-0.53378753300053727,0.81826889916135337,-0.21332341240114536,-0.83483975970556712,-0.55008973869931432,-0.021067866348384146,-0.13458619999076282,0.16684510194485466,0.97675445569961894,3.2064769748625874,-7.1339347338422732,0.45518088773136756,,0.09087025663421433,0.3548387096774194,0,1
0.54180208700948085,-0.77264711302299949,-0.33085788074246625,0.83150981896646081,0.55016789501039076,0.076855112140967394,0.12264550327890412,-0.31675183667511864,0.94054577479695456,-12.14655553265419,-14.126540814168264,-3.7760636659028237,,0.5950047650017181,0.8727272727272727,0,5
-0.34274904385872745,-0.81264986946425621,-0.47129956778428816,0.93172758977026782,-0.35816399365399532,-0.060018764654982112,-0.1200282941427453,-0.45969418455050043,0.87992867057258339,1.658616923610071,15.623440276085105,-0.68305949032294944,,0.215659038309242,0.1891891891891892,0,5
0.11277904657347124,-0.94809146482506157,-0.29732719515686312,0.99356998600409097,0.11061106389631932,0.024163514966898076,0.0099784550813204875,-0.29814051531047059,0.95446983376353844,1.656755531549694,-9.9175751352970014,0.030633718860258341,0.1364682773361192,0.1208324751269456,0.4821428571428572,1,5
0.55600077700457329,0.82518371819193226,-0.099674305622108536,-0.81836789957087963,0.5644543936377755,0.10800564084787127,0.14538609604174238,0.021519031900857695,0.9891409476630677,6.2376281043194757,10.987396232339686,0.82315065285420763,,0.2048784778475479,0.2666666666666667,0,5
0.3665031635847692,-0.79988734028637354,-0.47524275263484772,0.92638490719052313,0.36122099578346306,0.10644433256312773,0.086524186283155224,-0.47926989792265762,0.87339219720194594,-10.077034202251143,21.213652256970999,-4.1290012687473316,,0.1320348006783033,0.1666666666666667,0,1
0.075280592997744492,0.98217009846240688,-0.17226354810073977,-0.99716206086831016,0.074289119232900783,-0.012204553595553738,0.00081035965770366017,0.17269344066856684,0.98497528845513627,-8.7622559451580564,-10.984268904408776,-2.9868047248524654,0.1575530045467781,0.159088901153253,0.2068965517241379,1,5
-0.96117911594168426,-0.11324782755025993,-0.2516140628675344,0.13178703506981079,-0.98957750848437953,-0.058039056585679545,-0.24241882036069212,-0.088945400426294202,0.96608583018173655,-7.4802261423825094,-18.05494533328342,-2.2644367310945013,0.7272753436177222,0.2404493721217753,0.3571428571428572,1,6
-0.42120257084227813,0.88172318961570628,-0.21249143796812123,-0.89972083365633904,-0.43576376851885817,-0.024745899276134766,-0.11441510302664233,0.18075993732060042,0.97684954279523195,6.6661977799932632,7.071617966580261,1.0305428302867519,0.305585735946039,0.1577041959150419,0.3333333333333333,1,5
0.95807831662543586,-0.10165438517821637,-0.26786624495484784,0.13306712297134862,0.98586407473354687,0.10180946387196589,0.25373032927953199,-0.13318563032027125,0.95806184971529518,-4.7386831013312598,-8.1766157997364299,-1.960546705412088,,0.1444739665556375,0.2222222222222222,0,5
0.5031044783119627,0.86340049748585235,-0.037755328678624266,-0.85037116167840332,0.50235767366859174,0.1565428219114641,0.154125829399784,-0.046651352043257856,0.98694927937780297,2.8152008712311969,-1.965527174859595,0.10472232458848649,0.5403451041129419,0.3003297225224391,0.4861111111111111,1,1
-0.040534044409115046,-0.93123728902516811,-0.36215204372320897,0.99878811437138393,-0.047889528358422556,0.011353222629078551,-0.02791583483074557,-0.36125296483581287,0.93204989220697776,-14.773222342183596,15.266847559077718,-5.5244008975357035,,0.1101138614262323,0.5555555555555556,0,1
-0.95385182537292001,-0.12066523791746417,-0.27496653540216748,0.14181571304749599,-0.98817428633356941,-0.058308518777042816,-0.26467904859580405,-0.094612262352531312,0.95968407356116747,-0.85467609247124721,-14.967208457874538,-0.48793963035256599,0.2427745292721837,0.1724172305470028,0.4871794871794872,1,4
-0.71122936477666421,0.68236215818337986,-0.16892209967526961,-0.67928024606433213,-0.72897804850525882,-0.084672026692668587,-0.18091748944245917,0.054524213674141432,0.98198572909032278,4.8550994793901472,-9.428612333041869,1.0131186636543348,,0.2544705233339931,0.7777777777777778,0,6
0.94115725334003597,-0.20424051499501225,-0.26927464886248115,0.22909163442822775,0.97129884756961626,0.063996654169887507,0.24847544651422537,-0.12191948467947629,0.96093474894763176,-8.1501470946995926,14.514691074779119,-3.6038339278853351,0.3641188596182311,0.3070577229797409,0.9148936170212766,1,5
-0.26376753664156377,0.95883707018114506,-0.10515778364191944,-0.96270751290210188,-0.26848566583647882,-0.033312037496889428,-0.060174173994270989,0.092449554281143778,0.99389745381368522,-10.963819035632513,16.373210878867742,-4.4101662078852817,,0.1367948390509037,0.2222222222222222,0,2
-0.78410490155810741,0.56859349529612047,-0.24875879976292847,-0.58459615249193508,-0.81124170847521992,-0.011585720600563587,-0.20839107908972185,0.13633901692893491,0.96849616964584528,2.9255619181924959,6.1856445767098389,-0.16986862602693628,0.2658674453048853,0.2361821565955475,0.8057851239669421,1,1
-0.27011904989484659,0.9431795025293227,-0.19351518000520032,-0.96149064360646219,-0.27482515334151247,0.0026224698370224072,-0.050709379222558609,0.18677141403157482,0.98109377623115557,7.2679293577388746,10.16579852378119,1.1809302987342321,,0.1658424702503496,0.3428571428571429,0,7
0.22856420168368016,-0.92326130947096552,-0.30878303085283088,0.97253455182233706,0.23087252362158744,0.029570650116737814,0.043988080435828435,-0.30706095855800025,0.95067271787351371,-18.119771136183974,13.229159402466134,-6.4045143817213699,0.1876512360569381,0.1160304327859858,0.3421052631578947,1,5
-0.80494220089695523,0.56209916722288922,-0.19003310086008623,-0.55314273615643084,-0.8267601738051753,-0.10247306205541654,-0.21471182233995048,0.022630537266501861,0.97641522526560698,-19.733556771186439,25.462245398621846,-6.7688900709267248,,0.4888041205278481,0.5238095238095238,0,1
-0.94692817362031001,0.24095898065189156,-0.212757617131104,-0.18862503533017885,-0.95247178390227016,-0.2392030453750878,-0.26028374911006819,-0.18637668983332881,0.94737326299404179,10.194452116333929,7.3048379207424707,2.0993682487854013,,0.2978361905662777,0.1666666666666667,0,1
-0.034498775586876355,0.99134489269925818,-0.12666940515414546,-0.99879812947096291,-0.038615119691491548,-0.030185577624424149,-0.034815672452427199,0.12547579946073467,0.99148559883710707,-3.257299974527132,16.076814183105711,-2.1598680684139806,,0.490646958965103,0.5119047619047619,0,3
0.26462885544853965,-0.9036806646294826,-0.33664940997841308,0.96292815463358283,0.26656680706113112,0.041370356382298225,0.052353967165445443,-0.3351169851679433,0.94072082382287514,16.470651982174964,-2.9466591066016816,4.3255821358854236,,0.1252836167545447,0.32,0,3
-0.8139671150596357,0.52542574249013396,-0.24776061981312841,-0.54158749917188231,-0.84063725065509098,-0.0034631707721067737,-0.21009644533461383,0.13136514735553714,0.96881509160314883,-1.1454014802034767,-2.6019366693311716,-1.1111537718979823,0.4537937002530021,0.2995548879718934,0.8796875,1,4
-0.53137161141893086,0.82643931725682718,-0.18612432799104631,-0.82786518294454126,-0.55319344712464968,-0.092823751952557723,-0.1796759567840146,0.10476194418975558,0.97813162999840264,-4.9016238134153669,-14.440035343988525,-1.6601835816336417,,0.4339280685782922,0.2777777777777778,0,3
-0.4059114905053936,-0.83743554416409027,-0.36597482324100711,0.90487605631603296,-0.4244401376764666,-0.032402040601304236,-0.1281997838595533,-0.34431421536117102,0.93006050153664055,9.0670649430092194,-9.9817934414156504,2.3157920744268194,0.5080305198204629,0.4048436314322295,0.6,1,6
-0.71907960464603193,-0.5918327207448234,-0.36422321842228189,0.66431117765241798,-0.73927686789351066,-0.11027407602704183,-0.20399799368661306,-0.32125339415069171,0.92476000958005078,-1.8262977177010888,2.8171906698401248,-1.5499677125631568,,0.437408558351396,0.1813725490196078,0,5
0.54829318727556742,-0.7824576074780113,-0.29518582839795365,0.82468887337093,0.56446703751680471,0.035570011177802327,0.13879064422858747,-0.26293926305667781,0.95477751388364018,2.1161262307839719,-5.1736762469135673,-0.043193058821517714,,0.07318953437984708,0.3333333333333333,0,1
0.36979524041373152,-0.82202519456419187,-0.43304279196062351,0.92493131182582822,0.36987228980670073,0.087730026999313926,0.088054236533529728,-0.43297698407057317,0.89709385389358609,-8.4947636593286813,-5.2117208832408348,-3.2819329214738007,,0.09208852709931969,0.25,0,4
-0.72198965052320674,-0.61384266340838323,-0.31926185039412641,0.65741162991760338,-0.75247364331727229,-0.039916975861305173,-0.21573338496037042,-0.23870609689015951,0.94682548863082849,-26.402786402751865,12.035156937355172,-8.3686242513825757,0.1609161500609226,0.1179553186583985,0.4,1,4
0.67519112855844077,0.7238945606734889,-0.14175191336738571,-0.71962306900137429,0.68863646600880846,0.089008180769759151,0.16204807458597462,0.041910412909387802,0.98589245803624148,10.715144615188347,6.2374552121693352,2.2222251659685335,0.524996353599217,0.4253710118445457,0.1136363636363636,1,3
-0.68358952976343268,-0.64679273883694566,-0.33817821896984013,0.7042610935043182,-0.70618263669063264,-0.072954751817614849,-0.19162898260417899,-0.28803686678005341,0.93825001806640973,-0.30646986554624284,-4.0040550259838543,-0.82023295558709441,,0.1216780781786951,0.169811320754717,1,5
0.81825939605273468,-0.49962267820145051,-0.28430395740865816,0.53476135112023604,0.84303854556510871,0.05758739479718121,0.21090722633298781,-0.19915619527967587,0.9570031095885998,0.6849997361142891,18.022764257013925,-0.97212859255321871,0.2305054658258645,0.1523756444517947,0.59375,1,5
-0.58865475616145368,-0.7276053803000978,-0.35224421727950228,0.78878024542516534,-0.61236361914508697,-0.053259012143927038,-0.17694999993081487,-0.30919445096230447,0.93439150735577814,-15.851109318984532,9.5973720329904779,-5.8575695604599032,0.6421832274880142,0.3496850780872693,0.375,1,3
-0.78185668782106543,-0.47491981080412038,-0.40391990915929282,0.58059493521189842,-0.79070621724039647,-0.19414736470958119,-0.22717755372343609,-0.386309269010157,0.89395498083576519,-5.7517545775647507,10.5893686416186,-2.8723225672883146,,0.680264449322992,0.3405172413793103,0,1
