axis_00,axis_01,axis_02,axis_10,axis_11,axis_12,axis_20,axis_21,axis_22,location_x,location_y,location_z,dbh,dbh_approximation,score,reconstructed,number_clusters
-0.32790147143374754,-0.89386953401053382,-0.30574152678263011,0.94058340181305555,-0.33912201698690292,-0.017295138869457792,-0.088224085517291037,-0.29324650682067005,0.95195745544226484,-14.63444241793948,12.098986496936677,-6.9684716193987049,,0.07937103096408145,0.3333333333333333,0,5
0.87694705554224917,0.41955620427777984,-0.23438526666111451,-0.42171184034163217,0.90569124747225083,0.043387647641142252,0.23048424130828035,0.06079437230681848,0.97117509173390915,-21.518042727901786,17.356423185263356,-9.7580780453557665,0.2442233496870024,0.1827421761272625,0.5901639344262295,1,5
-0.015017306643821303,-0.94564799202686889,-0.32484512567794138,0.99987760944296411,-0.01562799987092384,-0.00072921509739875938,-0.0043870987895542864,-0.32481631854878612,0.9457669441086558,1.6378592747718781,10.209932538705464,-1.38062799786941,0.4121483106686941,0.2520626751250454,0.6103286384976526,1,3
-0.86981442179346657,-0.36604778060952126,-0.33080491826897224,0.4324189368270987,-0.88844089706504348,-0.15390463117002745,-0.23756416967509858,-0.27691477882753857,0.93106469729738783,8.4642272373213689,2.7756753521091193,1.0186071401762458,,0.2623498230655093,0.3157894736842105,0,2
0.53837851662322533,0.83695671889827372,-0.098244712476606613,-0.82832486404349326,0.54702804702876207,0.12098857537481043,0.15500481426685828,0.016240888366529579,0.98778020890234597,9.8171902459071614,3.0102557689875229,1.4354354894486077,,0.3720095907525889,0.2272727272727273,0,3
0.30832153059310818,-0.86673842706631798,-0.39204889085333289,0.94924921438390109,0.30724896383070405,0.067260710793935988,0.062159172808764714,-0.39289002694337277,0.91748224177046955,-6.4847618359065118,-4.9522635087388407,-3.246325441942385,0.6033039486347158,0.3999490598606951,0.2857142857142857,1,5
-0.19770163225601675,0.95072347772978294,-0.23882825104391212,-0.97926157096573974,-0.20255426324778056,0.0043065148159748962,-0.044281375690217097,0.2347267333167144,0.97105227482017986,6.9598135791818505,7.8060892358695888,0.3038503048011772,,0.07076859114420989,0.2647058823529412,0,5
0.80746319821989632,0.56484708254974403,-0.17014980709815491,-0.55277002638217432,0.82519556113027037,0.1161791023564409,0.20603029256385291,0.00024336380352038764,0.97854558367002642,-20.002391220299462,12.694150366216602,-8.960754525419274,,0.5969314811769019,0.5555555555555556,0,4
-0.1303633303945731,-0.89170116208818018,-0.43344485187740561,0.99144908079054139,-0.11466792865281415,-0.06228953634491588,0.0058414285946874686,-0.437858771373903,0.89902479056081142,-27.850391818945699,18.003739760939197,-12.122579381122595,,0.1227054845466171,0.2,0,2
-0.93636535779766894,0.24462661654794826,-0.25174934993510317,-0.24121770775680632,-0.96943577673293346,-0.044813973878313582,-0.25501751740026779,0.018764148435709244,0.96675434964239337,7.6366031165841601,13.07995881372109,0.4484657042861302,,0.1165652114146722,0.40625,0,5
0.95684643421452853,-0.11631219534654896,-0.26630128528531127,0.13049566480873437,0.99079008647740008,0.036137044763407129,0.25964549446710788,-0.069328765687644012,0.9632121985581158,-9.1317449796517138,11.437858835561592,-4.9859018641790476,,0.07991722050830126,0.2307692307692308,0,5
-0.78890739792429765,-0.53441957669029028,-0.30334935890897458,0.57459513742180335,-0.81653236494100379,-0.055815097017485542,-0.21786588891227013,-0.21833600952207485,0.95124331345583923,6.2705460567441014,16.212749404374897,-0.11043717761905138,,0.07958960224857509,0.2222222222222222,0,4
-0.091405860112373949,-0.89173767805292037,-0.44322554334999953,0.99536263668714098,-0.095210938706442691,-0.013714905681747241,-0.029969821893670499,-0.44242376822614682,0.89630520420459314,-12.619554914396574,25.72773300764225,-6.8559282104345964,,0.5364511681119621,0.5384615384615384,0,5
-0.92303912520801423,-0.18095384574997961,-0.33949150069407752,0.24891231432545408,-0.95377565787368035,-0.16838840288088394,-0.2933282003360238,-0.23993269922193006,0.9254138894201388,-26.283541518295646,12.461334886919774,-11.347056605905413,,0.2446616230260034,0.125,0,2
0.3822181633305603,0.90407822559264117,-0.19118534888812583,-0.90632900865547039,0.40711685793772079,0.11324130011841664,0.18021377219792262,0.1299939459827994,0.97499977965023965,1.1454352813433739,21.457353872692092,-1.9147198418457265,,0.1733586565803507,0.3076923076923077,0,4
-0.64550384763104629,-0.70154784334574272,-0.30191953595362625,0.7439625371371924,-0.66697511441264845,-0.040791421777459598,-0.17275568306110023,-0.25094784368703449,0.9524603160861459,-6.1167273939321278,20.263396860945594,-4.361195815056508,0.2625853706872974,0.2202036099280798,0.7888888888888889,1,5
-0.40743383812895578,-0.86508401414161129,-0.29262145516715415,0.90512483551868961,-0.42513206291319799,-0.0034294621199012186,-0.12143599003084353,-0.26625622539163951,0.95622221411417951,3.5741905340343703,7.5616153927702676,-0.64638302638520251,,0.07696403348706667,0.4057971014492754,0,3
0.15473113358190677,-0.90894331125747629,-0.38714381464870845,0.9868519388015391,0.16072290193412092,0.017070432845093658,0.046706821601367986,-0.38469495150595667,0.92186130578397119,0.083773724904858474,10.731655774621101,-1.8816431366738147,,0.1506015711392314,0.2666666666666667,0,5
0.96721655108765325,0.066739554683194868,-0.2450264784524227,-0.037025401424523527,0.99159935174795433,0.12393484281020703,0.25123945341339127,-0.11079962749814057,0.96156236386144767,-17.713438152607601,16.177549163067738,-8.2813024088532288,0.6700923885953443,0.4053847156285344,0.8012422360248447,1,4
-0.23707892872047809,-0.91256432663192377,-0.33319653556958634,0.96878882896807572,-0.24763967219647776,-0.011081408804197215,-0.072400182481919095,-0.32542425003869202,0.94279227354881323,-1.9091099804693976,2.8796979422569788,-2.1476797009256341,,0.1052385516107022,0.1891891891891892,0,3
-0.50263479797539445,-0.76338866319949306,-0.40570433663288169,0.85149766791478054,-0.51825566059082639,-0.079767109771242461,-0.1493652616906809,-0.38555002161076102,0.91051699568762434,1.8025004324490004,8.3664359714362231,-1.214975163539217,,0.1310187345743355,0.1454545454545454,0,2
0.96272423037703092,0.063402691431654126,-0.26294895885737363,-0.05933675835992034,0.99796410734524932,0.023383531767813187,0.26389620185271845,-0.0069093537919521913,0.9645263373687043,2.5493899404937546,6.028063889148922,-0.98799887696052613,,0.07129586064263568,0.2674418604651163,0,5
-0.87433646230568285,0.41846484979764731,-0.24581074054364563,-0.42546858918751596,-0.90458279692168453,-0.026578997876643522,-0.23347854354858313,0.081345762011148723,0.96895337179105667,-8.2836691985570248,12.913056927749427,-4.7285520475431957,0.4789834143913449,0.4437026304762067,0.9669669669669669,1,5
0.028662351869140762,-0.9587666016998857,-0.28274559775561792,0.99958192491611397,0.028567103547597446,0.0044604905443301791,0.0038006534076101459,-0.28275523701560851,0.95918456564621679,-10.236371118559971,-1.3571529379699268,-4.8177216212649636,0.368861772550601,0.3169971115472423,0.9485714285714286,1,2
-0.18749473075705358,-0.899501970248475,-0.39464152272340985,0.98142776852085689,-0.18814097517132958,-0.037450081945867873,-0.040561818432005695,-0.39433384204337929,0.9180716529251931,-5.0437475173600443,-2.738194806785768,-2.8261759095015053,,0.3599655548198014,0.3821989528795812,0,4
0.80733871610120878,0.54504114181489216,-0.22612905875444467,-0.54566191598080593,0.83544033733180645,0.065517297006772265,0.22462695949553366,0.070495365011017427,0.97189152305170146,-13.47061289718283,-5.6496777479253044,-5.7432609619843156,,0.5884784135890668,0.9067796610169492,1,2
-0.024014508721480914,-0.92904550611649339,-0.3691852528685477,0.99884607141273518,-0.037661408278433124,0.029801744073607792,-0.041591212944678123,-0.36804356520829534,0.92887787416568202,7.552089503936692,9.2361854253232565,0.49873295647102839,0.5450699991808587,0.3388863322432302,0.2222222222222222,1,4
-0.13925348600994372,-0.90854068510601615,-0.39390644846355233,0.98953299344682621,-0.14287467242238086,-0.020280109969149283,-0.037853949783897223,-0.39260750309601589,0.91892677999853167,-2.7778101727262201,3.9846102463434523,-2.519026238732649,0.6176837301742212,0.6240998032787931,0.6175182481751825,1,5
-0.94675914682439144,-0.16891320517074923,-0.27407197416608309,0.21820467987019929,-0.96261409203776671,-0.16050179903368358,-0.23671467125443141,-0.21176033370121392,0.94822134835894512,-9.7512483331555497,17.036968451151225,-5.3515665889689439,,0.3177725200140334,0.1666666666666667,0,2
-0.95266382846543607,-0.16038835874193436,-0.25827737863321881,0.1937749517883757,-0.97493652198754643,-0.10931626664974857,-0.2342709926409822,-0.15418933969277801,0.95986600603006778,12.211172802750896,-9.1547332126544383,2.361328871082129,,0.2682248008819748,0.2413793103448276,0,2
0.92513942951373618,-0.26403585072972319,-0.27276749345996082,0.31734826859324239,0.93221493099780373,0.17396953424559916,0.20834373611863088,-0.24750836744278124,0.94622010952311675,8.6503569756506007,-14.101895410350533,1.3739843340491766,,0.6185876795755381,0.7037037037037037,0,3
-0.54131349966670383,-0.74566758982491288,-0.38853512140254431,0.82883305091339976,-0.55096140442601216,-0.09735144861018083,-0.14147603610565965,-0.37472840340387936,0.91627678945295132,9.0336552624322284,11.851417655783552,0.88721933639149719,,0.2340196027304938,0.15,0,5
0.96335871691999841,-0.016991374404450969,-0.26767755925759162,0.065237266121014173,0.98286497626039626,0.17239645457405933,0.26016164521948593,-0.18354217944793372,0.94796001324960533,-16.048375440568858,20.520108386071538,-7.8537962802306831,,0.209270869824324,0.4814814814814815,0,4
0.95988959061081203,-0.082838657558557627,-0.26786140194306701,0.10204625117149317,0.9930536574865797,0.058574704219249429,0.26114849503463311,-0.083559500754995186,0.96167524319529174,-16.685430935101664,24.439626933269345,-8.3231255232488053,0.3132885277479773,0.2510945900198314,0.4285714285714285,1,4
-0.9510843477635107,-0.1158950346443806,-0.28636847658922748,0.17940857245201342,-0.9618388047876465,-0.20658818392009182,-0.25149776851890304,-0.24785974773941991,0.93558239502491858,1.3564968129637121,-18.655790928027958,-0.74072509057305791,,0.4602452863527339,0.1176470588235294,0,3
-0.15695066695633153,0.98726756800725868,0.025869621237980995,-0.98695027118616219,-0.15583787104489238,-0.040542818769254162,-0.035995143388015877,-0.031895252142432738,0.99884285177561716,-32.332954904482506,17.282951347392064,-13.8923564002119,,0.3583895300004767,0.3125,0,1
-0.49804131373070848,0.85164282531822355,-0.16327690559716299,-0.85776319094309661,-0.51147091135186507,-0.051379131016496139,-0.12726805600977728,0.1144639896425393,0.98524151201347887,6.389595376637808,5.9909755884643996,0.27668199435920665,,0.4176730063895184,0.3035714285714285,0,2
-0.95812482313543745,0.15385097771452008,-0.24150921296706687,-0.1409277905655269,-0.98754144571708213,-0.070008933982265903,-0.24927130026941488,-0.033041937704991024,0.96786985138224746,-16.070967111007956,13.68684675771871,-7.5118435678998692,,0.1360004221422177,0.2,0,5
0.43042061518319147,-0.84439226394533007,-0.31896676725734818,0.89347443157976691,0.44876647824914434,0.017666015766782405,0.12822454577238737,-0.29259246844226955,0.9476012417004972,-0.82257865877803693,20.806362682639541,-2.4997706489213329,,0.2422478543151295,0.25,1,5
-0.9064012114469524,-0.28560251405247261,-0.3112363215539054,0.34069792797943549,-0.9298506578396768,-0.13893407064374555,-0.24972337847710238,-0.23196757980810412,0.94012194749402289,-3.7563243995068167,22.003925847030839,-3.5458589912762482,,0.186764589832018,0.1739130434782609,0,2
0.70040603925919842,-0.62963985476218309,-0.33613246416301168,0.69206329855062054,0.71429819800444683,0.10405034899909452,0.17458456681068935,-0.30550243472459537,0.93604940649992785,-35.17967680527363,9.7511021443641717,-14.546925387946539,0.4823583314730695,0.4295017126245508,0.8387096774193549,1,5
0.5767204266797038,0.78174165265387896,-0.23722044169161505,-0.7995504033730072,0.59971928641301819,0.032495076093520529,0.16766842850233843,0.17092912569320898,0.97091221646105252,6.1495661345393531,12.220883835383519,-0.054045424489217883,,0.0756530867062111,0.1818181818181818,0,5
-0.22887795088970522,-0.92042219627169342,-0.31691933391152233,0.97028285478934706,-0.24196524906679365,0.0019999864699426491,-0.078524297503162088,-0.30704364324056255,0.94845038660290382,1.0673795971283273,3.5637008575609159,-1.2894922229739108,0.1639687143000331,0.1333467801542172,0.2385321100917431,1,5
-0.93140660716983437,0.26052729892881604,-0.25417957949692688,-0.26425200615763816,-0.96424604867965513,-0.020010868230457862,-0.25030503263426962,0.048529208921314446,0.9669500020784062,-1.2884342781693503,12.379869412130477,-2.3006250700577633,,0.1165877458838502,0.4888888888888889,1,5
0.56355815680175958,0.79445288539738435,-0.2263775978006074,-0.80777359945978933,0.58734232460518765,0.050307114239932373,0.17292777659467715,0.15451086243738535,0.97273962470482112,17.537700799459206,7.0418832727689482,3.5850058156403168,,0.09756810060077592,0.4,0,6
-0.79846718789229709,0.55603953620539859,-0.23080334494078195,-0.56306846051237647,-0.82541242798953629,-0.040598429731231192,-0.2130822813740984,0.097541570096573854,0.97215306586334738,-13.803433949436208,15.513755963230416,-6.7478304508994986,,0.08679121170562562,0.3684210526315789,0,2
-0.83689475846628647,0.48965850477678408,-0.24462565677259049,-0.49816893672761747,-0.86655219616194001,-0.030248996786575909,-0.22679257865135766,0.096549676471147497,0.96914564758966215,-19.895979956287029,10.1805442347677,-8.6816881298858277,0.3295682817158941,0.1875560104987043,0.6470588235294118,1,5
0.4576614815500476,-0.83716218856885172,-0.29950866153756955,0.88090718387201428,0.47262770130703846,0.025011784420599991,0.12061717003848745,-0.27528626189447875,0.9537656799780917,-7.9354626755565238,5.8832374626565658,-4.2832375691920053,,0.108995964764754,0.2588235294117647,0,5
0.64152166219524265,0.73186023976695314,-0.22984896428417856,-0.74649673814770912,0.66458997766242323,0.032600330143866783,0.17661420347492565,0.15066768412276152,0.97268014891432841,13.324446971125397,14.820408922769506,2.1497383920911783,,0.4960639250781315,0.8554216867469879,0,5
0.96166513236823625,0.11437299833019125,-0.24923681598059444,-0.080575097960849995,0.98660322810589929,0.14185106231402664,0.26212177852246854,-0.11633093975370659,0.95799753949592026,-13.656504355305392,-3.7041308285634287,-5.9190494383397798,,0.4263175446294422,0.1891891891891892,0,1
0.24290619728454255,-0.91856936485239693,-0.31181228531830907,0.96822314371111062,0.24929898225675173,0.019848461600862389,0.059502296619004989,-0.30672518546805289,0.94993638592100038,8.8341225730138557,13.30217918319352,0.88167615767877405,,0.08759612876509273,0.3888888888888889,0,1
-0.63332723537708113,-0.6302276787223513,-0.44912101476312577,0.75286224052440676,-0.63610002967394963,-0.16904200377826309,-0.17915094117026897,-0.44518515835665157,0.87733409546008734,4.9057910817410102,-14.877164039497613,0.34300402411148762,,0.267344138420944,0.1666666666666667,0,2
-0.81925090710539139,-0.44537180225191919,-0.36120895471440401,0.53087063143611468,-0.82721456253282677,-0.18409899568505633,-0.21680480595599336,-0.34257849508178823,0.91413109061112385,-16.792219188771131,8.3281693765149658,-7.5303304102969024,,0.3977465106803534,0.4484848484848485,0,3
0.023941938319630842,-0.94419276670711749,-0.32852214976688959,0.9994496139937612,0.015058474710730836,0.029558610033429137,-0.022961983303300567,-0.32904902619115273,0.94403362529384183,-23.783411310724713,12.083203329425515,-10.310010541054497,0.2798530034550751,0.2621952995839621,0.8720930232558139,1,5
-0.91804142256670285,-0.2723053143526914,-0.2881835564826446,0.30366955868170853,-0.95023994486674246,-0.069489900774897737,-0.25492105754872429,-0.15130718077781613,0.95505046540133587,13.648125411255604,0.7864552644248165,2.5806185560642754,,0.43116750997004,0.7217391304347827,1,5
-0.36859760831330285,0.92795265801626969,0.055133180810225578,-0.9248257183435914,-0.36006694431213554,-0.12267512504163693,-0.093985072410318879,-0.096206341237266735,0.99091429804487419,-34.629869061926527,15.594056830129867,-14.642719017482385,,0.6448238894759589,0.2631578947368421,0,1
-0.92653099635804215,-0.25614553167316723,-0.27555358715075001,0.28086124979764482,-0.95824933168736248,-0.053620674024384973,-0.25031434467461172,-0.12707354140258698,0.95978906220352733,15.47844351690418,7.3083712109230694,2.9763196227880977,,0.1126237450818259,0.44,0,5
-0.82905196848662843,-0.44855706238318016,-0.33387032712509618,0.49853986117656751,-0.86334687311282921,-0.07803962778197579,-0.25324067676124928,-0.23114657356853141,0.93938300025124588,4.9690837340012317,4.1256798135892403,-0.14822025808526243,0.5023672939068112,0.5293913677556453,0.3131313131313131,1,4
-0.50145286709617765,-0.74152416141296562,-0.44574313244493408,0.85361488512544326,-0.5080073495568439,-0.1151961834806495,-0.14102003394305335,-0.43825842928234654,0.88771780380347864,-0.97457715583706439,10.542520001633816,-2.1973727756435522,,0.09947832477361374,0.5,0,4
-0.67778579464114841,0.70157918609241787,-0.21998423176347853,-0.71313774217051584,-0.70011879383752162,-0.035612290117773157,-0.17899993652123483,0.13274155399645657,0.97485316974814185,-14.634406785048183,20.088789070438605,-7.2950039021326409,,0.1050443269365598,0.4,0,3
-0.15423092889054552,-0.9044561791182586,-0.3977082355551112,0.98678822784498987,-0.16122006798546937,-0.016033810068237692,-0.049616670183549989,-0.39492671438326499,0.91737183099675312,3.0121024602649658,-9.4190725324104783,-0.31992081332840616,,0.5376001813695493,0.3208955223880597,0,4
0.16206071390477453,0.97116496311044986,-0.17485691131709002,-0.98521263851779484,0.16922855339105125,0.026790924246393802,0.055609189110062386,0.167929482652243,0.98422929591770969,-2.5689556861388501,17.126229918943629,-3.00974398228229,0.3921276928980459,0.3638577587549141,0.8444444444444444,1,5
-0.61748736470153553,-0.71109534243356498,-0.33623320538466123,0.76834715654875685,-0.63679417430609553,-0.064310392575831835,-0.16838052576646909,-0.29805468212915032,0.93958044094345561,-4.0453343067496386,15.985359172964166,-3.4220270933083032,0.1396032775510883,0.1091657303966083,0.4166666666666667,1,5
0.5113028042076464,-0.75618396421783518,-0.40835677375206841,0.84860788547188437,0.51931257545009446,0.10089155412782212,0.13577223252320331,-0.39812091283828638,0.90722965099057229,-27.105302110067207,21.522299939933241,-12.00219296436091,,0.2031124295776243,0.2105263157894737,0,2
-0.77190517305910544,-0.53926895882706505,-0.3366769874080614,0.58675741369131817,-0.80816813207173033,-0.050793777000407839,-0.24470010478720619,-0.23675569760676382,0.94024922141306067,-23.091621062683132,16.360691897658675,-10.284586174975308,,0.1999333691670155,0.2592592592592592,0,2
-0.27632720190419419,-0.8518645040256152,-0.44493836007810367,0.95758822597538418,-0.2833807947099779,-0.052154718510010266,-0.081658232659761854,-0.44047950232755984,0.89404124125688422,-5.6418160403267121,2.6419788771868142,-3.4458313949024153,0.4971384100338988,0.15561025664325,0.118705035971223,1,1
0.33164262334369149,-0.87615634407361309,-0.34980456132142562,0.93992131476798979,0.33870065808790906,0.042776000930786068,0.081000570532112154,-0.34297510835391232,0.93584559764049458,-0.56062882265797565,-16.366311680451854,-1.3645609264510039,0.8229647430025732,0.7634082814817102,0.5392156862745098,1,5
-0.68605597292736797,0.72681758752561443,-0.032609760412006847,-0.70446095177359336,-0.67481908419211778,-0.21989536383551628,-0.18182950650795204,-0.12788822492144145,0.97497827282946015,-12.605377376125924,-3.7781611574581362,-5.5756608797927294,,0.6027414508275935,0.53125,0,1
0.48141758881393554,-0.79543230177150814,-0.36813660301450346,0.86652925549651771,0.49507498810013512,0.063464994495413332,0.13177311770322669,-0.34955430115524622,0.92760316730520065,23.469023625915096,-9.5203372268277029,5.6181149473614136,,0.1687273170653651,0.2,1,5
0.41029344205355534,0.90815975635304336,-0.083097222267816309,-0.90092822758522317,0.41777293856563041,0.11744828880143707,0.14137758007546203,0.026676370499357473,0.98959625661629658,-6.2869675422042866,10.438521650982464,-3.9983396347003772,,0.2101324193931097,0.2285714285714286,0,4
-0.023679994339720022,-0.94170949108696256,-0.33559274763439861,0.99965259224857106,-0.026190695476806081,0.0029567348804122079,-0.011573792757029225,-0.33540614464731494,0.94200252943080887,-11.068803832682372,12.380573504715533,-5.6466162221825797,,0.07578587415270076,0.2745098039215687,0,6
0.96290938304453677,0.10556889135686948,-0.24831578528654091,-0.074902121943902236,0.98869635045882243,0.12988147950229939,0.25922035447296721,-0.10646471606634236,0.95993232681258467,-2.9820182434835423,11.0166385976891,-2.9082292155061769,,0.1736133505257473,0.1739130434782609,0,5
-0.56978754693665079,0.80220591621420223,-0.17834746801355328,-0.80725913888114398,-0.58700507923080614,-0.061300241843795435,-0.15386628626436377,0.10904450902345381,0.98205624126271218,-0.99418620025164317,16.724276709421279,-2.4369414918622616,0.2168173536953918,0.2273495821716039,0.5306122448979592,1,5
-0.060297327577473553,-0.92020524154207328,-0.3867641991259127,0.99817456339767674,-0.056918647021621228,-0.020194271640353229,-0.0034312203180704094,-0.38727584621264716,0.92195750751724226,-2.7517119845248845,-5.8699594738657535,-2.0066928518276277,,0.6061884271201721,0.2435897435897436,0,4
0.66689129655358614,-0.6662715892394957,-0.33367374477676964,0.727300065080001,0.67944316942876359,0.096910241209180084,0.16214380628226951,-0.3073095327009433,0.93769410640966744,-7.5982200591607061,23.236744385716733,-4.9492286080514649,,0.2144662293190801,0.5,0,5
0.90410916212869474,0.35359210014406828,-0.23991508845976808,-0.3043067870759194,0.92696114772406346,0.21940922940847102,0.29997333597251957,-0.12536210482356824,0.94567454252492378,-17.925352801784307,20.504709263306221,-8.5699485407575331,,0.5841736931405686,0.25,0,2
-0.077718071000141636,-0.95182101786466033,-0.29664229535098363,0.99666074466898302,-0.081649308523233599,0.00086628721972306622,-0.025045188677392617,-0.2955844048131786,0.95498827121350227,-2.4621565726694117,8.9128812546264573,-2.6559930701740369,0.3660601806655008,0.1351013280691694,0.1142857142857143,1,5
0.9569677484856296,-0.1191337218729447,-0.26461270693419792,0.15514686456056759,0.980626233427774,0.11958946747218274,0.24523902376124554,-0.1554970952331754,0.956910902121339,17.890973452776489,4.0681572895411851,3.7164303240853553,,0.1431038812499883,0.3478260869565217,0,5
-0.9467393047956516,0.2022754498624425,-0.25053808320890603,-0.19506513625989935,-0.97932695402281766,-0.053556603143748167,-0.2561918838896991,-0.0018328958880894676,0.96662420780865521,-5.0321276504927477,-6.905512314580637,-2.8354957332649131,,0.7344133648062611,0.2567567567567567,0,1
0.89463045895417403,0.3914910220150643,-0.21533954953292647,-0.38176132314495426,0.92017089924239148,0.086855099666406602,0.23215217867178639,0.004505093678060507,0.97266904446933755,10.187332491126092,10.17806491019107,1.3219002729106293,,0.08497282587718633,0.2962962962962963,0,5
-0.73672290179192101,0.65364221336960771,-0.17317974153050336,-0.6501953256431382,-0.75510457345070769,-0.08404238017594369,-0.18570246225374848,0.050684712242499146,0.98129794428491002,2.134298833129836,15.254729100443061,-1.4156207894367037,0.4860989919181968,0.4518751706556625,0.4814814814814815,1,5
-0.86450566986148181,-0.39246412191598928,-0.31400933073089116,0.43568788492080202,-0.89663841697760882,-0.07883917892219193,-0.25061128009446909,-0.2049669783369974,0.94614085847764351,1.3824539021375175,12.745124867591205,-1.5426142650250798,,0.1846564115724658,0.2647058823529412,0,3
0.95715297029030943,0.12735176840206652,-0.26007637060929628,-0.12286000424574814,0.99185760508449949,0.033524775804988263,0.26222816557565354,-0.00013535474278433308,0.96500589161824324,-0.91396649426429544,7.0184096238540761,-2.0599712111200281,0.1343978398600358,0.125842619071296,0.7156398104265402,1,5
-0.028032678613520906,-0.95671536977997007,-0.28967200444041141,0.9995237152867894,-0.030568450890325592,0.0042323030914916404,-0.012903933859236246,-0.28941539530049265,0.95711661643397217,2.7804002764076565,4.9740176954894144,-0.81150634475541239,0.2608497474979614,0.2521930225084631,0.8619718309859155,1,5
-0.20027608800757807,-0.92493782511299116,-0.32307817668117256,0.97757205144246273,-0.21057791045213628,-0.0031349430915039952,-0.065133499913298684,-0.3164600500929971,0.94636708727860053,-4.7217876977896696,-15.015117834194122,-2.7718229643295715,0.2645340802397242,0.3358413006827258,0.76,1,5
-0.79642417778263863,-0.53766137218865662,-0.27681903456853812,0.57587018589400629,-0.81402485474218433,-0.075743414633661382,-0.18461326615833729,-0.21973571561804681,0.95793222998298488,17.682298005858534,2.8252820365973887,3.7218282345612286,,0.1370847923975364,0.3181818181818182,0,4
0.95646367768468721,-0.059940091305919541,-0.28562986315180905,0.15017161565210663,0.94025905451101233,0.30555097162747358,0.25025131192926664,-0.33514190407094013,0.90832493360767419,8.2936669153111566,-5.3504755313992565,1.1091477556582499,0.4822226366795989,0.2360303926678711,0.4468085106382979,1,2
0.93847315750560056,-0.099501954052928027,-0.33070756535210444,0.15856527619671631,0.97483981687897114,0.15666647571204162,0.30679828198040232,-0.19946601857715437,0.93063855583510557,-25.905171330786839,20.109290001211125,-11.606086127180594,,0.2176330344335831,0.4074074074074074,0,3
-0.16146828789431428,0.96940625825341631,-0.18487698197339131,-0.98316977257444982,-0.17423821149999133,-0.054938547024728793,-0.085470405991681528,0.17289462719354562,0.9812248761559309,5.7729481956766895,-14.597353539378787,0.54758604059273153,0.6918259165179463,0.4783748851206868,0.8333333333333334,1,5
-0.16823022714403263,0.98571065818044934,0.0085492119246622002,-0.98497289712049063,-0.16774786528545055,-0.041098000319254265,-0.039076624894357453,-0.015334667966405197,0.99911854419044077,4.621768339299857,-10.95994906792003,0.16905349572618664,,0.3924744930832303,0.2941176470588235,0,1
0.53010836444849085,-0.79628260541266815,-0.29140887814025102,0.83742364455638918,0.54558404542504368,0.032552863399991791,0.13306675572674354,-0.26128922996338239,0.95604454751099466,-4.7002163548519196,17.382139923848161,-3.6920480255049446,0.2146963868316597,0.2054946692989941,0.78125,1,5
-0.78462691127820861,-0.52750690555065027,-0.3257254590823303,0.60111288484706116,-0.77589290016628409,-0.19145105678056543,-0.15173631657866576,-0.34601542171979716,0.92587764751246104,12.391930888144476,18.43131637424522,1.8536415223705895,,0.1914159053923158,0.3,0,2
-0.7356511521232808,0.63463596907265107,-0.23675846159938363,-0.64847447951221271,-0.76084126398310625,-0.024523874937572961,-0.19569934031839392,0.1354908033034197,0.97125898215622153,11.06235941386336,-8.0691752807020496,2.0049396476493442,,0.1870844701598968,0.4545454545454545,0,1
0.97072370548279996,0.09612063030094134,-0.22012794471463773,-0.073872210737278468,0.99149149037988982,0.10717985344760536,0.2285571790483247,-0.087780686570639282,0.96956493695402268,-20.479154375751932,11.574767942414265,-9.0099850606265761,0.5154654584236271,0.2423989886342627,0.148936170212766,1,5
-0.85995146237756392,0.47448140488264262,-0.18801829372506282,-0.47547993435755437,-0.87868878342467382,-0.042718308803170589,-0.18547860894999738,0.052663253832829347,0.98123609152828939,8.1785215385755965,11.909688285050546,0.60738680110587007,,0.2353101719486066,0.375,0,6
0.86926383013201647,0.40094950434458815,-0.28917103691422263,-0.34562039220165874,0.91114880884097293,0.22439784455749143,0.35345005038702304,-0.095117522641759933,0.93060502833796555,5.3569534199844719,18.433649944100878,-0.44704345556334912,,0.291936858758166,0.2777777777777778,0,2
0.5885151756286241,-0.74817778821515801,-0.3063982462030157,0.79325109227438695,0.60757759395390143,0.040027139926301115,0.15621329220108479,-0.26660732275513738,0.95106148213090635,-4.2629974883239772,10.277248107699153,-3.3424161012263194,,0.0911014509790954,0.3235294117647059,0,5
0.021057325476716873,-0.93635986190834264,-0.35040947197636896,0.99977771310948982,0.019351685765305653,0.0083687888968275396,-0.0010551840249001891,-0.35050780485608446,0.93655921613192339,-21.485043512554338,19.619823022280798,-9.9470480536102688,,0.7790721197645478,0.8421052631578947,0,1
-0.70467606341774336,-0.64514611098310659,-0.29532717641532163,0.68176440076595535,-0.73095802502893537,-0.029961099680026648,-0.19654248267056906,-0.22245642523688103,0.95492627536188257,-3.4495503766869651,1.9350324728734811,-2.6404086370733153,0.4835067843540779,0.4190550029829339,0.9904953917050692,1,5
-0.91770616992245924,-0.27581700526577868,-0.28590271998088568,0.31455110940015757,-0.94407519019531183,-0.098892036245678605,-0.24263755946139359,-0.18068484956936487,0.95314217191073625,-27.962341421963181,13.045611389285636,-12.034086123196159,,0.1356970201605177,0.2162162162162162,0,3
-0.69539408335244823,0.69581459399203194,-0.17963607551411551,-0.70059606818754272,-0.71206872846641367,-0.046079010193161456,-0.15997567964714218,0.093809257154768247,0.98265334945417371,-21.758506216440423,11.00002498430341,-9.5274389399652435,,0.1444854651425823,0.3513513513513514,0,3
0.86991509826699209,0.42078969767336116,-0.25726203011538995,-0.43122812094828883,0.90207689514364264,0.017308464733017153,0.23935335700703747,0.095881727038928291,0.96618666152534671,3.7747905201215648,5.4967015211817269,-0.46699373068881522,0.3425412514611306,0.296713055512223,0.8952380952380953,1,5
-0.32961758331622021,0.93840278729337301,-0.10369405753853414,-0.94072273154530961,-0.33574801412238398,-0.048104192819418932,-0.079956182517095575,0.081691369268151917,0.99344528237059371,-19.974514411727029,17.379490272257414,-9.3255117682129001,,0.3420881123743171,0.1923076923076923,0,2
-0.26184592750730384,-0.87466500216501009,-0.40791891870262981,0.96271217997489922,-0.26649145811470831,-0.046557075508166561,-0.06798506288749194,-0.40489929209567599,0.91183035400484658,6.9142030865269053,13.624435427614218,0.17298002587066535,,0.1105726248336343,0.2857142857142857,0,2
-0.10682880824021673,0.98891812530633894,-0.10309484550923025,-0.99427742597953284,-0.10624496256528446,0.01115383866730328,7.692522303695399e-05,0.10369642891680672,0.99460899086646715,-22.458500450686095,4.71544071555945,-9.4609477986468598,,0.1665943294489788,0.3043478260869565,0,5
-0.58314231991587995,0.78801775636827298,-0.19741593241539099,-0.80016092391654603,-0.59913327002001016,-0.027961054918364116,-0.14031226090454199,0.14165924044495554,0.97992098101653757,-30.037723480847561,14.139276580804417,-12.815535748344997,,0.2138055020478896,0.5357142857142857,0,4
0.80355420913861375,-0.51577432509079557,-0.29711526139320377,0.55667323237561772,0.82791755668665667,0.068318604248609666,0.21074995926950676,-0.22029381495432682,0.95239439821996552,-7.2047960361731045,25.764954613958427,-4.8612887751337128,0.3214484089165723,0.2250315801419472,0.7555555555555555,1,5
0.34886724092438059,0.92316416892113162,-0.16142975385587283,-0.93169064442445926,0.3602457029151947,0.04664307690401237,0.10121359247525277,0.13413034985153355,0.98578134388258709,-11.410908881882092,17.237240741004619,-5.9718552659945878,,0.524747448276174,0.3703703703703703,0,1
0.21618510059292514,0.95738966157863248,-0.19149161387376279,-0.97417786855917843,0.22459685504609533,0.023102664627681568,0.0651266665132091,0.18155244037399951,0.98122231359826018,-9.6237286765525081,19.462082540009671,-5.5143832691681025,,0.07538161542292898,0.4615384615384616,0,2
0.75388058156166959,-0.56737940498635575,-0.33127734534913267,0.63951729304629135,0.7492785175703125,0.17204457271991805,0.15060445092686756,-0.34155865368185945,0.92771546578466235,-11.08760547500764,16.065686688016644,-5.8458584306243235,,0.2062486878077937,0.1818181818181818,0,3
0.41789179271105692,-0.84092018495443033,-0.34383090629108171,0.90158422270515681,0.43046264999920014,0.042986001498215361,0.11185856674335498,-0.32795601761802379,0.93804717981253438,15.005201360265971,4.381796279569345,2.8687225696219638,0.5915750700646544,0.4824116370964928,0.8496732026143791,1,5
0.51079454287672876,0.84042466897526913,-0.18103952812897919,-0.84632731742215395,0.52857349358208339,0.065879690857288911,0.1510596132405165,0.11956771161246248,0.98126681162025686,17.205661184912916,-4.7192417407325404,3.6688267783054078,,0.5714939502541077,0.3789473684210526,1,5
-0.31002844190138296,-0.90257810518999315,-0.29872249537630041,0.94649401597172589,-0.32263444529288388,-0.0074894886520108809,-0.089618318115864765,-0.28506100880723068,0.95431062988729676,-2.7862243647907476,19.53212144070881,-3.1461828699247478,0.8050586599022385,0.7243370505294973,0.9518072289156626,1,5
-0.54920015202190742,-0.73582968507428514,-0.39614879475090414,0.82568534650328917,-0.55091779138758823,-0.12138078802827997,-0.12892983203610522,-0.39375660209843066,0.91012792326960368,-11.451495141297345,15.211727869779626,-5.9253794146474634,,0.2347381632161344,0.2962962962962963,0,2
0.89614780046476272,0.38420266980468831,-0.2220527600303985,-0.36982890675628027,0.92317377859442729,0.10477000640995336,0.245246201702743,-0.011767881314701809,0.96938940448085198,4.8219931184209548,12.726536201666239,-0.42097611825233283,,0.08269454439700821,0.2857142857142857,0,4
-0.76528425299954628,-0.5055171461408966,-0.39848767492670223,0.61599090294000092,-0.7547990297483087,-0.22546315039529866,-0.18680262205356729,-0.41800818131775153,0.8890297749487005,-11.72077436655314,-5.1347258720975537,-5.2271348482016426,,0.5159227658139871,0.1234567901234568,0,2
0.096083220787648513,-0.93285130705518005,-0.34721240416856192,0.99496882502211148,0.099954797488590277,0.006787907861192286,0.028373436823711906,-0.34611772185840994,0.93776194777691513,0.34367016901519237,-13.641476502481609,-1.0818126158223784,0.3793351784615418,0.1665494818682842,0.3333333333333333,1,5
-0.94568357386881641,-0.18005096798160652,-0.27067365413647265,0.19431603111360959,-0.98057749262816341,-0.026628199400637372,-0.26062206001595284,-0.077778080973703423,0.96230281718027333,-21.805495748980707,13.717660808728192,-9.7490921994294126,,0.1015205095427288,0.5217391304347826,0,3
0.96465711124822862,0.019532251658237638,-0.26278346383169132,0.02610771773849474,0.98525787419896693,0.16907190305730616,0.26221183190830588,-0.16995709009656332,0.9499260722462558,-21.447882322804016,21.733577147945841,-9.9343980842409429,,0.1993872365634047,0.1666666666666667,0,1
-0.55511039128465434,-0.73586454560121439,-0.38775742934844659,0.82047252050674113,-0.56102195572704461,-0.10990545157323378,-0.13666490617972299,-0.37915397362986925,0.91518575584389827,15.994004343078538,1.8385148037859966,3.2526662778264566,,0.1327430821084187,0.4166666666666667,0,4
0.95643948592355255,-0.046353452798412347,-0.28822711041808136,0.099774644648384689,0.97976325316560864,0.17351941687209765,0.27435110725415357,-0.1947185793908984,0.94170916146568906,11.64496498355108,9.200559848590343,1.8123633114833748,,0.1613015845321324,0.2,0,5
-0.18507605510882133,0.97034075908745332,-0.15551741085467846,-0.9818541354233703,-0.18923982283804339,-0.012277874582073942,-0.041343809420320746,0.15042307238523026,0.98775684696022503,-16.116354121783242,16.790196042951962,-7.7268664786653272,,0.2202480180703497,0.45,0,4
0.28194931616660135,-0.90929019789650045,-0.30609789140490279,0.95672760949302926,0.29038825470089363,0.018626399692933476,0.071950429789806661,-0.29810400457073816,0.95181780720469289,-10.856604805153674,10.482803806740058,-5.5793195525472354,,0.0785634423541384,0.1521739130434783,0,4
-0.31151841572973266,0.91971848439255866,-0.23890204295462411,-0.94690328560657133,-0.32150456970091967,-0.0029965595116736325,-0.079564089693265574,0.22528364594013933,0.97103904890750958,14.149700503114282,2.1446203225558365,2.7015461337304312,,0.07924523973516087,0.21875,0,3
0.92926189337463361,-0.2032572144329057,-0.30847826228563735,0.262672787974638,0.95069660502053999,0.1648604611786875,0.25976015856828699,-0.23422738948166247,0.93683626639727369,19.9375007578038,-4.9744684118784415,4.5147138445486457,,0.5603281172571383,0.46875,0,3
-0.89607467698877541,0.42078261407184231,-0.14139365245416302,-0.37265232191271208,-0.88614266727065494,-0.27546582404268094,-0.24120617784900547,-0.19414727640972942,0.95085562249489686,-21.210661375356967,12.845231851807911,-9.4055662425800541,,0.06950505191915962,0.3333333333333333,0,1
-0.92381766635229756,-0.23787389217997129,-0.29996154879342102,0.28711719049727935,-0.94877542854204866,-0.1318669978266056,-0.25322843097951203,-0.20794517934783782,0.94479318590348194,15.178075740596018,8.5696480804561865,2.8412209900631216,,0.2684273944942714,0.1875,0,1
-0.53579122435314708,-0.76821701227708705,-0.3503860527392974,0.83398940205758021,-0.54630834592889077,-0.077516891217867784,-0.1318690303361601,-0.33375112466703288,0.93339206425900978,-10.974484971875027,8.1612134766311488,-5.5158312518140535,,0.2699321092877809,0.1636363636363636,0,3
-0.54405093090200463,0.83540885779857665,-0.078106497145505258,-0.82688478275961075,-0.5496289740832857,-0.11903590588031207,-0.14237324406381355,-0.00017652148067183172,0.98981302689695561,-11.020434942964043,-8.5812879757530336,-4.8485037419636843,,0.3343523369085745,0.2,0,1
-0.86311135646483228,-0.41666177481148087,-0.28536249184569518,0.44279490370198643,-0.89609069935353991,-0.030889023740357079,-0.24284039943342664,-0.15301772427738744,0.95792176948850249,9.6330975758555972,13.32610716050697,1.0177523887950517,,0.09605505020549021,0.3571428571428572,0,2
-0.63577194646259783,-0.66799141132080986,-0.38675768446508246,0.75106620816415526,-0.65093591940227991,-0.11037200635046138,-0.17802691663082118,-0.36065205286195334,0.91555257288775149,-9.8924128065487267,-2.341779060308502,-4.7637354796600802,,0.405573156440399,0.463855421686747,0,1
0.6861810262235567,-0.63861617269132043,-0.34831735992895452,0.70462228303331853,0.7024796418994802,0.10014884407566618,0.1807291827672026,-0.31415240997622174,0.93201138716349985,-18.166532465344979,18.704469938882852,-8.550295302373657,,0.1185746565689828,0.25,0,2
-0.18374752978183698,-0.9305669565738599,-0.31667330899830626,0.9813404301518277,-0.19222447794269334,-0.0045508492707230924,-0.05663749154490149,-0.31160052858190529,0.94852375043484216,10.47206482704377,-8.7495109578679724,1.8361493630097858,,0.07843569178763282,0.12,0,1
-0.84938132341349348,-0.39690081202751876,-0.3478808888804294,0.4537811039605586,-0.88577959540730544,-0.097351004352323509,-0.26950710032330888,-0.2405498987153511,0.93247073364441602,11.830407417185297,7.4444380455862431,1.8404960191330226,,0.3322844067567364,0.1428571428571428,0,4
0.52875758184718669,-0.72793268918255949,-0.43649675790154824,0.83182036251599567,0.54669040313263817,0.095940020984106672,0.16879071106809507,-0.41381590489264719,0.89457592898255778,1.9252550036454286,22.943444318955908,-1.6818816423803957,,0.6011928050987435,0.8125,0,4
0.57313416227625269,0.79540829188168838,-0.19708597422889526,-0.80342092862659509,0.59277523577165625,0.055967234169971722,0.16134448697329964,0.12626626256333068,0.97878740667297637,5.4593051557855281,13.145420642946775,-0.28186566394623391,,0.2073803394289296,0.2352941176470588,0,1
0.41655949966287831,0.90781879491246775,-0.048406805764154022,-0.89816912289348849,0.41919857051407183,0.13253220423618214,0.14060728971626957,-0.01173005041057679,0.98999595756549008,4.0117363508854416,13.935672440853141,-0.68300532005695991,,0.3073965282446967,0.3157894736842105,0,7
