axis_00,axis_01,axis_02,axis_10,axis_11,axis_12,axis_20,axis_21,axis_22,location_x,location_y,location_z,dbh,dbh_approximation,score,reconstructed,number_clusters
-0.29673438504696859,0.9498573287830272,-0.098588841599699911,-0.9547495076335677,-0.29291596529962199,0.051513250198869154,0.020051992525881916,0.10941340059500951,0.99379405581135283,5.8731407678546583,18.601572880081061,-1.7753753481208869,,0.09839773780260397,0.25,0,2
0.38121914673312846,0.92027313201711824,-0.088143772618755015,-0.90409365286172616,0.39102682258742377,0.1723736954187659,0.19309745989837296,0.013978072277125742,0.9810800092124029,7.7786655400671165,20.991352107772403,-1.5552270727655695,,0.3467620205277454,0.4285714285714285,0,5
0.89100842677716086,0.39954139494158569,-0.21557053866477144,-0.37249273165991093,0.91483612100373912,0.15596165095102227,0.25952485097313044,-0.058664686438799851,0.96395295854746466,2.6432222648272083,-8.7937800898448995,0.66492565677575655,0.6145512996250532,0.3902253591962838,0.2816901408450704,1,5
0.63539679454478437,-0.67657588413906,-0.37217735890790488,0.76707712315950982,0.60839043025731232,0.20360199286022099,0.088676945186131853,-0.41485679140249426,0.90555521202170974,12.259059564893018,-2.2990889489689494,2.3861991833705276,0.1131471842340225,0.1791346519249264,0.4444444444444444,1,4
0.17556532757976226,-0.88582276391896086,-0.42952863312564549,0.98432356701211088,0.15048244876169894,0.0919899344452354,-0.016850257456989873,-0.43894539926699006,0.89835572313308998,1.7022848294055255,-15.965047147496408,1.3962425708920563,,0.4269124531135134,0.125,0,5
-0.039751173000174944,0.97371616505173841,-0.22426920020824526,-0.99567443679864709,-0.019736499971215064,0.090790343509554366,0.083977736042398832,0.22690813226022136,0.97028884326440168,-14.071276925728124,9.5089130772839976,-5.9759236940316622,0.2023400399058212,0.1602076454668817,0.5984848484848485,1,5
-0.94571072353109142,0.23008130591840825,-0.2295513451609015,-0.23586931120856663,-0.9717820960413015,-0.0022860104048146308,-0.22359985560884402,0.05198221311616491,0.97329386831072229,19.013306700595262,-0.43732342339783542,3.8720470950427512,0.4660267843025304,0.3934325149647728,0.8709677419354839,1,5
-0.92442198656967722,-0.22642449582249977,-0.30688098415851384,0.27595909605523722,-0.95254594510913004,-0.12846322337747093,-0.26323101650631464,-0.20344082714067097,0.94303831406861272,-8.4571797997728186,-14.524182823694506,-1.5118913466845676,,0.1246019506836053,0.125,0,1
0.96894053106344802,0.10477524807395934,-0.22400088092131459,-0.019349038523254435,0.93515258207896557,0.35371635944534724,0.24653572149023426,-0.33839591549261461,0.90813453981621339,2.8382670602670572,18.39687792929892,-2.6397679012488902,,0.1746054661436303,0.1428571428571428,0,2
0.30582247815462493,0.94825724476358808,-0.085327660279266665,-0.94028261916123523,0.31488468335208991,0.12929126920849032,0.14946975599984189,0.040691939541191859,0.98792861994059289,-12.298535222262668,16.301767311417692,-6.3999786091150668,,0.1401469647899227,0.25,0,2
0.074792817026931413,0.96983283604360171,-0.23201358721592227,-0.99043220405826804,0.099305686524746611,0.095824995633341029,0.11597449584049524,0.22262670719272026,0.96798102541272413,-5.1510950056724116,-1.9940214454660419,-2.2541006138151367,0.2600309096741828,0.2283358507218577,0.8666666666666667,1,5
0.68037511992606592,-0.65595268355454805,-0.32682682436296207,0.7254231408832128,0.66617698465703268,0.17311698872264825,0.10416795503764827,-0.35487223341767737,0.92909350180292594,2.8500665080959271,27.603792895181954,-3.4351938759701213,,0.1466244661674644,0.2,0,5
0.52392137690713347,0.84559287554717877,-0.10236737587525443,-0.83422276562407394,0.53367757516046688,0.13878264691727232,0.17198479041547113,0.012685999948620137,0.98501791723351306,-14.434680229660501,5.8898908307166069,-5.6349769914641188,,0.2335654109672967,0.5705128205128205,0,3
0.27380259298540732,0.95878234069895896,-0.075951058177576775,-0.94936942120980028,0.28207190138079813,0.13832261031078874,0.15404493547740064,0.034232522770714098,0.98747065386193444,-4.9068246982776529,18.835048568898902,-4.7368240410597,,0.1755891191483285,0.2666666666666667,0,3
-0.83656830685891548,0.53394979296926037,-0.12268286982008743,-0.5207043480573964,-0.84453654733245165,-0.12500000853561669,-0.17035389597344161,-0.040689541750511635,0.98454248832582314,18.64468968103284,18.727553022051751,1.6495292753717907,,0.4387560271227298,0.4,0,3
-0.96100893335663096,0.1416986342900243,-0.23745173625200869,-0.13019911816054125,-0.9894514725225193,-0.063513566686464448,-0.24394675574593933,-0.03012109830933354,0.96932074144612768,-9.5623305699907313,-1.6638337170154496,-3.3789476529962106,,0.3235619699987297,0.282051282051282,0,3
0.91585882839622945,-0.28845491617959146,-0.27927829808367199,0.33554965966311973,0.93187454454532481,0.13789945296631484,0.22047456168150548,-0.22000816930348138,0.95025647753176579,23.722063738128359,-4.2726743275264889,5.5584908204638044,,0.1200550497498533,0.3846153846153846,0,5
0.044004852165549536,-0.96218976245145282,-0.26880184898825482,0.99557632324991363,0.01987783652852948,0.0918294952568499,-0.083014201014470268,-0.27165369986172017,0.9588080672279341,-5.9387778680456558,7.8496123073650512,-3.7016315604224324,0.2773457934820136,0.2333796965067396,0.8886554621848739,1,5
-0.825324828624314,0.51537624200116539,-0.23070816291801127,-0.54308559872717943,-0.83637005948599163,0.074452374378123007,-0.15458641502858012,0.18674167391387345,0.97017039096874957,12.431830639136127,-4.4313102478749968,2.6528931736367438,,0.09446927092714903,0.3428571428571429,0,5
-0.11855351209822869,-0.95598975672836095,-0.26838153773988349,0.98498050172999629,-0.14739601306566519,0.08993234425984209,-0.12553276855426881,-0.25368878643486725,0.95910558524924872,0.15133219826043035,-8.1804652869274168,-0.082846754387618848,,0.7631422299145484,0.704225352112676,0,1
0.36699208841010106,0.90994672577890867,-0.19316770767557473,-0.91308759561711517,0.39205418916968299,0.1120917279938969,0.17772970988146039,0.13524226040238321,0.97474185363444066,-2.8733991732971309,9.0555836908367784,-2.9947292959265246,,0.0712395189162071,0.2923076923076923,0,5
0.66866516896884631,0.73618288872850079,-0.1045066799358977,-0.70294973896180024,0.67168235978385427,0.23388987162493688,0.24238101472970414,-0.082931067149486268,0.96663016805810764,14.454471279765324,-7.5678749611097684,3.6173249308063911,,0.2139113152199087,0.1764705882352941,0,5
0.95877912058426151,0.1396381120217399,-0.24747483832235362,-0.053297399789922498,0.94383995295966572,0.32607595798023759,0.27910927090891163,-0.2994450548399496,0.91237638835329127,-10.573280004415272,-16.528957163259754,-1.8170961700284796,,0.4981379145524543,0.1176470588235294,0,3
0.74854480503509413,0.640174615180372,-0.17279217845040223,-0.6165900190578717,0.7678690597190172,0.17376379232868205,0.24392093647980723,-0.023528051447047123,0.96950967377428376,0.82234475020571995,37.331439521269274,-4.8276982169895666,,0.2478611011709934,0.5263157894736842,0,5
0.3667683853080338,-0.83732734895190064,-0.40541813259364495,0.93014952787244254,0.33820338043858728,0.14296967950786932,0.017401360211443114,-0.42953624312401484,0.90288194605147398,-4.5082252018235822,-11.05552579905809,-0.90807534406913537,,0.381778094177407,0.3392857142857143,0,7
-0.64862801502580369,0.72715715330869279,-0.22477582724946973,-0.75544170585357895,-0.65104704448656148,0.073794138807545526,-0.092679702096627931,0.21766998014726582,0.97161219247288588,-7.8758418491718709,13.56295928388217,-4.8853965272530617,0.1050971792765455,0.08151951733666138,0.3818181818181818,1,5
0.83210011099409387,-0.46657127635836221,-0.29986771977147814,0.53054251078577097,0.82718975822171836,0.185153309833298,0.16166029052536993,-0.31315866261437508,0.93584058604915654,-13.668737289995081,40.075540310488506,-8.8474083227207956,,0.4515899006021268,0.6666666666666666,0,1
0.8591707058712762,-0.43594887642344682,-0.26790721400848477,0.47980721273339599,0.86831152243961085,0.12577813246989833,0.17779408533937044,-0.23660870048191388,0.9551992389415922,-9.6071100873040827,11.193457592616364,-5.0767267633114095,0.2107650321733499,0.1772252994392169,0.7302325581395349,1,5
-0.86496553702404722,0.44976271425650138,-0.2225940714065098,-0.47061007382346065,-0.88100135337828078,0.048608371311065254,-0.17424344514666437,0.14679957837222216,0.9736986729030489,4.9873318234502957,-9.8594672085501571,1.4192030321550768,,0.3218952942819921,0.3888888888888889,0,3
0.37739842158555204,0.90373667332094265,-0.20206547621879531,-0.89845562712106464,0.41019991620872914,0.1565679240356867,0.2243834162304045,0.12245837675367975,0.96677610049257279,-2.3355630525402375,6.6236466631868423,-2.6179826756379865,0.5881923452184133,0.2975062081498036,0.9354838709677419,1,5
0.59361915411989652,0.77319797323458916,-0.2231169963223387,-0.77306259628967389,0.62492247672903722,0.10883988375919437,0.22358560347179673,0.10787396472165997,0.96869638466104668,-10.637148519271276,4.4237825980453138,-4.4633582062546546,0.238608754384824,0.1938621629792964,0.8594249201277955,1,5
-0.29831206812595223,0.95420048494820553,-0.022612928492972036,-0.95292502956376657,-0.29639935274490781,0.063885144777915598,0.054256778759089491,0.040606135213914617,0.99770102923755533,-8.2312715624237303,-9.5237379194103085,-2.1172583444394859,,0.5347119020836222,0.25,0,2
-0.4421222195557557,-0.85259558863537788,-0.27858339005508964,0.87264739410223358,-0.48068399213596658,0.086194113898870536,-0.20739929735096391,-0.2049967364221299,0.95653639215379682,9.039971613577336,6.3858346393521623,0.41710641236943746,0.2695715816420322,0.1684264621152688,0.2592592592592592,1,6
-0.93962284363319182,0.24375256957714239,-0.24019491365808127,-0.26369191490414229,-0.96308342900079114,0.054193014293938101,-0.21811805458709591,0.11425845092865902,0.96921077204833106,-2.0587384752058036,-10.759084962618225,-0.34401777386348703,0.2438603383675424,0.1724425325156356,0.6,1,5
-0.83434013137753693,-0.47115710228670332,-0.28615997298314161,0.4860857718050135,-0.87365386126807532,0.021202668230846461,-0.25999455306148178,-0.12140805432993344,0.95794724109534368,-3.3007940789982144,-1.2837950294253009,-1.8133325962894877,,0.06800640756166097,0.1375,0,5
-0.96882858597016985,0.014740132559709121,-0.24729314486892406,-0.027979748476633204,-0.99835172591323229,0.050109530443353832,-0.24614691686516171,0.055466745516491764,0.96764411611892864,10.309686042179857,-6.1385159737512991,2.2679717387333262,,0.08954066848421477,0.2,1,6
-0.68770611725324093,-0.64101344372227864,-0.34082555840161916,0.67900491430654442,-0.73405834844820761,0.01051985841398,-0.25692921717864708,-0.22418765809203972,0.94006769507263277,-3.7501914710363136,13.758255229804933,-3.866335326867202,0.3229712024778842,0.1931879190544631,0.4044943820224719,1,5
-0.76397579958507977,0.61050754971720445,-0.20885762946714459,-0.63481457212593373,-0.76912663061886488,0.073855839914263102,-0.11554841697274541,0.18900994103794894,0.97515322156260376,16.75800710507043,21.39375415821014,0.93071541607815689,0.3595761644306604,0.2916405129927244,0.7083333333333334,1,5
-0.96595537583328239,0.12199215405067593,-0.22814058439667886,-0.086504688440495844,-0.98338810069985805,-0.15957688516742699,-0.24381786394067764,-0.134408919912339,0.96046191567984762,-2.471723927065518,19.069982586793866,-4.1462498993612247,,0.3474722048769521,0.2727272727272727,0,2
0.089724008837756955,-0.93954469718475109,-0.33046234918686018,0.99431887298842558,0.065422683520322489,0.083963392618616919,-0.057267626606228465,-0.3361184827899471,0.94007700986135945,-12.121976386092435,1.5784560148367537,-4.4825750453716591,,0.205622370470971,0.3479212253829322,0,2
0.66106606543418767,0.71833602053430246,-0.21676027942015993,-0.70962914174801484,0.69240279005001704,0.1304026744853371,0.24375836049936705,0.067614628105871155,0.96747616185245922,-1.2918539344619977,11.994478301653594,-3.0370202843871468,0.229385585483809,0.1204867510851366,0.3125,1,5
-0.66324073559529984,-0.6455628279457406,-0.37862958392299989,0.71027201900337844,-0.70238222003936535,-0.046614117962658498,-0.23585034591424781,-0.299846380914078,0.92437371348652009,-10.550140530841478,-12.397707411503131,-2.3931938468990022,,0.2068338365729171,0.3809523809523809,0,2
-0.079189288990928933,-0.95134197875114712,-0.29778766927957773,0.99019787344251553,-0.10954600795014009,0.086647813429466314,-0.11505315266880299,-0.288007138119943,0.95069167475734662,-5.7249923134149077,13.150253104481878,-4.2607410753213451,0.2352812910555865,0.2102414364494967,0.6644736842105263,1,5
0.11729283637310776,-0.9541504906354199,-0.27538923681897698,0.99092806176651382,0.094127898254471876,0.095924528530793085,-0.065604625897954197,-0.28414218270151836,0.9565350244870312,2.3879387808886174,5.271853835681493,-1.2051151719644759,0.514885920409343,0.4835197606856448,0.9836309523809523,1,5
-0.3884123645092814,-0.87903206984439874,-0.27647505363302161,0.90187098821847456,-0.42420618217947459,0.081718025003957376,-0.18911519163235455,-0.21760453852295328,0.95754044776608294,6.0168647233244856,1.6699912464173712,0.23583474450715478,0.6129598318236765,0.5027681919324686,0.9805825242718447,1,5
-0.2084309839630307,-0.90896989598581279,-0.36101281572229982,0.96605100267330002,-0.24894938663507807,0.069062747758321344,-0.15264987768784485,-0.33436197613598168,0.93000004503028189,4.9967945735218589,-8.5466089658291207,1.2529957548550252,0.3617176778162974,0.314466169252228,0.7931034482758621,1,5
-0.96740133969480757,0.064429687100888172,-0.24491521671136438,-0.028386484106059172,-0.98858852706189171,-0.14794232552483608,-0.25165225108627465,-0.13616732200378234,0.95819079777543748,2.1356064882445005,4.0962043415675797,-1.0815039613031681,,0.1941699636629412,0.1946308724832215,0,5
-0.40254079367921453,-0.86276643460444902,-0.30593298080467779,0.89867284435009021,-0.43606272756634884,0.047290765008773571,-0.17420685477852771,-0.25589719995991239,0.95087780224424701,3.2783076428447524,11.841105759733463,-1.7784010394681584,0.4986610163493601,0.3515299667309572,0.3445945945945946,1,5
0.17747497988985481,0.98244607510196924,-0.05746599890224155,-0.97417848638938009,0.1836626064708218,0.13131764405608676,0.13956685913637493,0.032676543591402485,0.98967334779195038,-13.286159416624351,17.874843252646372,-6.8391982805336431,,0.798142825474341,0.4175824175824176,0,1
0.14239636270532316,-0.84744246943021984,-0.5114338049975844,0.98684538315102555,0.081590919946621293,0.13956758769775923,-0.076547146529453991,-0.52458000608894462,0.8479129386734956,11.418584927506684,12.166766549786379,0.40932525369797212,0.2406380524893001,0.2878394739038461,0.375,1,4
0.080222239014856783,0.99620250546557909,0.033837264539959139,-0.9899799697513092,0.075671687246409866,0.11922019644539752,0.11620693550146169,-0.043062325220376368,0.99229107840793074,-17.110512326050319,-3.5038434725246232,-5.1096951852179897,,0.5408265204723485,0.3333333333333333,0,1
-0.3962162099868165,0.89474548209511762,-0.20601756530466089,-0.91804204454979654,-0.38961902208236887,0.073456259572682023,-0.014543705941529116,0.21823734763315794,0.9757873440025403,-3.6349420383782087,17.56924749378528,-4.2637960651875053,0.3695456361206498,0.4383261527514207,0.5517241379310345,1,7
-0.2587632917715566,0.95417841456363306,-0.15028343891587451,-0.96473095947130649,-0.24750782110554095,0.089632886426583999,0.048329438948964264,0.16817678696068811,0.98457139591725806,17.321445921455965,-8.0008267744889121,4.3850754180019855,,0.3842713952561533,0.2916666666666667,0,7
-0.95543761781068381,0.1772182398136902,-0.23607764390043834,-0.1931528162145309,-0.9800905883302804,0.045982912639360086,-0.22322846606255323,0.089532866276807871,0.97064561905755142,-8.2745687958511311,19.124173970592025,-5.6520284317951441,,0.07960682823502452,0.21875,1,5
-0.94624194951659857,0.22606942225400023,-0.23134128316574118,-0.23706307595089446,-0.97127791909566952,0.020501265763068932,-0.22006197080761042,0.074241633864901707,0.97265662430548505,-6.7959082788488079,8.394160474292196,-3.9648939520393705,,0.107265801437226,0.3622047244094488,0,6
-0.29180643862881156,-0.87255035173215711,-0.39179699599008966,0.94200491896527805,-0.33316192719986359,0.040371560654652229,-0.16575806170436852,-0.35729401612196277,0.91916551883947906,9.2436261303533342,-5.6724867387267182,2.0071693442444265,,0.07417331846299494,0.44,0,5
-0.96184094504387718,0.15611468581452398,-0.22470024768596542,-0.14482114839634949,-0.98725426042580133,-0.065998941266258992,-0.23213968082657546,-0.030939136124608167,0.9721902789277409,-32.790079553853985,6.9067118642488321,-10.194739071489208,,0.5504232292560669,0.2631578947368421,0,1
0.40344384913712589,0.90223403526400037,-0.15233780294023894,-0.89437080805153613,0.42399944750819635,0.14256691838567173,0.19321987035153185,0.078728737599323403,0.97799175230538327,-1.6044001709299225,-12.342237461479652,-0.036806484922815727,0.5122895169555475,0.2647613369169248,0.3103448275862069,1,5
0.96880943413932719,0.074244858242787343,-0.2364233096527226,-0.029926062666846699,0.9821331704438907,0.18579253560650119,0.24599331514473877,-0.17292234250767438,0.95372173738767274,4.3493236995635023,28.2552988748206,-3.1175243945386675,,0.176398366766222,0.631578947368421,0,3
0.20359700388032143,0.97152946463508516,-0.1211559299284282,-0.96899450301488821,0.21765050506694933,0.11695260053129476,0.13999254672262809,0.093588231044120299,0.98571970147306354,6.7685869336768594,-2.5882793511501458,0.91886946066441777,,0.1229805008200169,0.2444444444444444,0,4
0.93996693906571305,0.24266208465341674,-0.23995263310722806,-0.2207183626907307,0.96855004826939295,0.1148660453244519,0.26027976839269917,-0.0550083327234515,0.96396500221555137,-6.0431394700000816,23.556467262842009,-5.4626728988380249,0.3575196796169691,0.3075832158531588,0.7671232876712328,1,5
0.83920015020356165,0.48871427682757829,-0.23854027652205062,-0.47669110199527681,0.87217863472420676,0.10986365372199594,0.2617416687821178,0.021512432580143355,0.96489818844665454,3.5904037429100835,1.7038218980917772,-0.39566305279943187,0.1144092646611708,0.0940641949722832,0.26,1,5
-0.50968398374822244,0.83037386451821615,-0.22516989549143965,-0.85885710903124279,-0.50652985067891254,0.076105036874670587,-0.050859639961743759,0.23217828386023243,0.97134264887663591,-3.4676918081544787,8.13432851799889,-3.0883123047467103,0.251486896936688,0.2061941001862901,0.688622754491018,1,5
-0.62132113047839066,-0.72562229865852457,-0.29568958809970819,0.74709158861933977,-0.66238652705765633,0.055661898878220567,-0.23625031436018723,-0.18632329017601926,0.9536610616475315,-18.861466498936185,10.07247398085849,-7.3139729943570275,0.2984764067673503,0.2631364177119487,0.652542372881356,1,5
-0.90769272108719157,0.38639079928574732,-0.16369506502229092,-0.36765278910790944,-0.92030566375403844,-0.13367464951670671,-0.2023001501396024,-0.061152559141550107,0.97741240720789591,-2.5490182350586275,-18.281291874478402,0.54793380041443251,,0.5100149167730572,0.44,0,2
0.4869626956698484,0.84952927984071624,-0.20289735266698561,-0.85411466112819046,0.51174562536800638,0.092760770601513914,0.18263482327265335,0.12812656871244368,0.9747964421960843,3.5468966117732834,34.890181914902826,-3.8469544750849658,,0.6109650873249016,0.9814814814814815,0,4
-0.84957202757480621,-0.42318274999561595,-0.3148709736837933,0.44607313887583283,-0.89499622755656594,-0.00071234329949671415,-0.28150688221763603,-0.14106067051330226,0.9491342173256857,-10.457107785417749,16.064784791600392,-5.9547101977840793,0.2420936977487512,0.2262067086724548,0.2702702702702703,1,3
-0.62751384029794666,0.7748126814502645,-0.07675733774939629,-0.76912894867154413,-0.63219082947941041,-0.093677187391278491,-0.12110755777377755,0.00025255887780838962,0.99263935830899064,4.6992166753502449,20.394078653954974,-2.2724421926742941,,0.5160653721889545,0.28125,0,4
-0.24236259330841198,0.9435914974653361,-0.22560022002637292,-0.96966286932898316,-0.22795874766196897,0.088253777307667716,0.031847970257237797,0.24014557100957212,0.97021431215736142,-1.5849736203859208,-8.0623743691214873,-0.56692736036831259,,0.07788378217689,0.1538461538461539,0,5
-0.73544309350162984,-0.61779499768334045,-0.27830342624228621,0.63013657590383576,-0.77458506104277181,0.054275951558273382,-0.24910108777149836,-0.13545229435785877,0.95895845792414214,-12.028710377794058,27.813007138883357,-7.3848951587395737,,0.2045807587398138,0.125,0,1
-0.76356677971185516,0.63487517374753255,-0.11789523603397532,-0.6314009430960954,-0.77232226210642396,-0.069650359024030023,-0.13527239917228989,0.02125646287263578,0.99058040602886743,5.3210361243017372,10.49874665520729,-1.0712707490812114,0.1693989771800587,0.1348876381612439,0.2307692307692308,1,7
0.39524014135038615,0.89437534833155352,-0.20947068282253709,-0.8912163249789794,0.42860651939214078,0.14842477429835338,0.22252795949338464,0.12802026336235867,0.96648441240008787,-3.6005927448385133,-13.019393502402721,-0.4463335638194843,,0.1430474994691951,0.1764705882352941,0,3
0.96802468852021895,0.089641517498423612,-0.23429170014303385,-0.022235539446827539,0.96095835932754525,0.27579813709309342,0.24986753130577433,-0.26176980341340361,0.93222464396735705,-26.368907681265622,21.505241915784072,-10.609823249273788,,0.5104066848067053,0.75,0,1
-0.95767085751703318,-0.12915389733923308,-0.25726600915137676,0.14977608005249046,-0.98676400665401631,-0.062160445753079087,-0.24583257413674742,-0.098061541769433672,0.96433929688626741,25.079062548408636,14.190214356462274,3.8360546014713162,,0.3259774188355618,0.4666666666666667,0,4
-0.9662486983369023,0.11562596384164234,-0.23020445140773088,-0.095077252922229058,-0.9905872177861661,-0.098474768014076397,-0.23942382700768444,-0.073263909562313836,0.96814700878360416,1.1716168637311686,16.973726817674056,-2.9087033182326265,,0.1053475418384132,0.2222222222222222,0,5
0.035958877849209189,0.98848029878867572,-0.14701584271933818,-0.99379559195533718,0.050863097423179827,0.098910397485107784,0.10524866039037055,0.14254698954089381,0.9841763435781522,10.322048467521624,29.856224980336911,-1.608659843764505,,0.1890729036474181,0.1666666666666667,0,1
-0.73786219396427288,0.6675607328810006,-0.099609490680412402,-0.66437208011946192,-0.74437110242262339,-0.067241364024441322,-0.11903412063760886,0.016562904138761231,0.99275200746738412,-7.0584854806426485,-8.3202112089851372,-1.9715304447577566,,0.1482820327946556,0.4444444444444444,0,5
0.35464976762776923,-0.81038323011575286,-0.46637170011561274,0.93499203945449594,0.30933484696236013,0.17349881443829651,0.0036644888170785225,-0.4975851412591929,0.86740740066002264,-1.163152269603916,10.650556793050173,-2.776681552097485,,0.4962832300112949,0.4056603773584906,0,6
-0.74637444292643251,-0.60234097340279003,-0.28303805875965793,0.61907194650420194,-0.78446493800492634,0.036941657954449321,-0.24428490742932599,-0.14764861259458145,0.95839697996244677,5.3748996129209914,-6.1763241018411428,1.0014718010689505,0.3532029455437515,0.2616832574114974,0.5945945945945946,1,5
-0.7904702545230613,0.59641192567701562,-0.13946179270495429,-0.59999565872052774,-0.79976691016359214,-0.019444765976976516,-0.12313401735818433,0.068305961069392865,0.99003651925149672,15.709145956167959,-3.8228921702856762,3.430248771588754,,0.2184537969234349,0.3225806451612903,0,5
-0.64545236481958179,0.73256197688027369,-0.21620405819057889,-0.75826584145261411,-0.64858304235656228,0.06612829087209722,-0.091783214342103639,0.20662281383422162,0.97410618228623325,15.55886425546371,7.1110029791859066,1.991943926596361,0.4674314922349657,0.4613045876882161,0.9428571428571428,1,5
-0.081302009765418098,-0.95696940144797493,-0.27856695407102561,0.98966483077113743,-0.11063644168502385,0.091231028197714698,-0.1181249590173041,-0.26827065151369317,0.95607392579945327,2.0307256119064032,1.7635668369229505,-0.79274239014218684,0.4134684267997625,0.3515752959838859,0.9926739926739927,1,5
-0.88560409501883097,0.40939232949979215,-0.21932466216230626,-0.42378348713007913,-0.90552163476171221,0.020931436031591883,-0.19003405726802278,0.1114831356089713,0.97542737687284731,-15.655443051565886,20.737878758703914,-7.7567022337554299,0.3627988555392008,0.3266807635135683,0.6136363636363636,1,4
0.72090009327255911,0.67881062175649842,-0.1397111137675621,-0.64807340907103006,0.73171798827074697,0.21116259634713877,0.24556854842318376,-0.061684077617873437,0.96741467974894946,-16.696081428590187,13.705053112017419,-7.2152843815572725,,0.09297401381926038,0.24,0,4
-0.3227704099569545,-0.84740614985391738,-0.42157096632237256,0.93065542554403513,-0.36525512327584136,0.021660420729979955,-0.17233612900860226,-0.38534596418090217,0.9065366768795512,-4.2486417057707913,31.158873146017164,-5.6511693744922038,,0.1958607855447363,0.3125,0,2
0.63169386197981492,0.76830371448914503,-0.10330666502801347,-0.74285200699002496,0.63802527446025514,0.20271814142007219,0.22166136435544914,-0.051314242195509362,0.9737726059506816,28.757388820485893,-7.7300122624275751,7.3598417680264996,,0.5235773391875967,0.4838709677419355,0,4
-0.6090881365816071,-0.70781711651030188,-0.35778006016348624,0.75738406283220439,-0.65296517430634771,0.0024212622461287103,-0.23533173020935644,-0.26950215345730172,0.93380274471568536,0.0066368616595864367,-6.316157801587849,-0.368738908188326,0.6782093826493272,0.3294675402545237,0.1132075471698113,1,3
-0.62318685586193345,0.76667520097340058,-0.15442564195532529,-0.77949078573975561,-0.62493262881414657,0.043050254241511064,-0.063500060060887167,0.14720171757094694,0.9870660548901613,-30.875785261304802,9.5234557137147391,-10.051461201528079,,0.1762939353802464,0.5263157894736842,0,2
-0.55317600109366749,0.83050280337648297,-0.065279440851021636,-0.83083284616224196,-0.55572951932193659,-0.029689780938190132,-0.060935158586543671,0.037812629345399182,0.99742524106321873,-10.924649742237101,1.0123251522315744,-4.0560778253652749,,0.1273693726310103,0.2571428571428571,0,2
0.87106692305709033,0.45733198022694332,-0.17913647148907533,-0.40619335101136245,0.87579707726512623,0.26074209680836513,0.27613289762361487,-0.15435977233581757,0.9486430748887702,2.4267336047645296,14.497680391189665,-2.2869337720909884,,0.1826605516547021,0.2,0,4
0.58399195331039666,0.80807994900029934,-0.07720229590097008,-0.78721402627930614,0.58697689749225301,0.18908251806947218,0.19810975568565781,-0.049647938870030328,0.97892165512267926,3.9862538344520173,31.593273773451013,-3.5413113619981407,,0.32065076506618,0.7272727272727273,0,3
-0.73433126194784926,-0.60840819454031292,-0.30099346594615023,0.62864852641336677,-0.77683128252836287,0.036526548203210579,-0.25604419142870999,-0.16239651259043669,0.95292641097520325,3.3654711806423987,-10.61916780267325,1.0733173199112012,,0.3083193665173672,0.5606060606060606,0,3
0.50881972590360891,-0.77664688783531788,-0.37137864524914638,0.85994919950907633,0.47852616145674476,0.17748263877115303,0.039873058511664367,-0.40967343630895614,0.9113604198053239,21.473747454933864,18.165261460794685,2.5682546190880191,,0.189380589233379,0.55,0,5
-0.76091151736411511,0.63174280003698313,-0.14803613526458351,-0.63523503107113555,-0.77179330465742502,-0.028487719916236449,-0.13225020999111903,0.072361104796741127,0.98857157174880417,-0.56328775447714419,-12.744441037018365,0.31933944137906983,,0.08845736998729115,0.5,0,8
-0.22485901453588791,-0.93531383080825681,-0.27317844256224599,0.96287243035109249,-0.25627082066727819,0.084864299586462993,-0.14938241680910991,-0.2439534881351457,0.95821270560088345,4.8322312102033758,12.749176844532652,-1.4555030078400881,0.8502745705538658,0.820460734448529,0.9971751412429378,1,5
-0.049284006632010942,0.97450864346533239,-0.21886980262624789,-0.99545919696752572,-0.030058395831009339,0.090318768884622494,0.081437545782417742,0.2223272287674706,0.97156498984139605,9.0754695072630032,-7.4601465901969499,2.2110378375302342,0.3776498655239429,0.3345955320577856,0.7777777777777778,1,5
0.93589988514857692,-0.15604582160185701,-0.31581815422721143,0.28108074002166522,0.87119939625038412,0.40249873237296008,0.21233233990081279,-0.4654689179027619,0.85921688990538225,-27.398931478137698,21.673114750170516,-10.816452214219861,,0.4633058516132997,0.1875,0,1
-0.92713027558869843,0.30655296335514021,-0.21553360003722666,-0.31233383458916941,-0.94994217777606049,-0.0075785653590581007,-0.20706768907207743,0.060292118392524845,0.97646701562423066,23.080956086677553,-2.5475861788189622,5.1749736335126926,,0.3936407858551477,0.3846153846153846,0,1
0.88477560744018324,0.40628581959126525,-0.22826291262031284,-0.3843289813554267,0.91317509011020459,0.13565577353183148,0.26355902293253924,-0.032296866740806451,0.96410246023416579,-12.071491254347221,0.124056626504923,-4.234802819742522,0.2122444353198876,0.2197144582659043,0.8535469107551488,1,1
-0.27556667727635187,-0.89831017804029756,-0.34220144710985617,0.94745775596264048,-0.31396676697050008,0.061226382420724208,-0.16244016449483234,-0.3073494644005425,0.93762972419371959,-5.0258379506334752,6.7229273221545371,-3.3100780001583909,,0.09210772679735854,0.3333333333333333,0,5
-0.83667348590406165,-0.42798619901615509,-0.34176789117301826,0.49093960516546153,-0.86267137062454746,-0.12155825922061674,-0.24280811779083655,-0.26949196603325665,0.93188963841133154,-0.98746770632750525,14.748192365678271,-3.3008657052398664,,0.1890255295668498,0.2894736842105263,0,2
-0.60974186506949279,-0.70948402903449337,-0.35333733248350641,0.76017794361695135,-0.64967393161782516,-0.0072990831301910494,-0.22437547107444861,-0.2730498033715108,0.93546750497219244,-12.859636677685156,19.917740659203005,-6.9680174457232171,0.8242167583134101,0.3120104532750647,0.3225806451612903,1,3
-0.31443976305755811,0.94498106279209448,-0.09021322725981272,-0.94925390714128133,-0.31367786454190333,0.022873938739167175,-0.0066824535403120413,0.092827734329538614,0.99565975943287277,3.8259848727784185,-3.8701522236338786,0.29541334217793941,,0.1922668973632551,0.3125,0,4
0.73362071333757839,0.67247654658962208,-0.097856748612244401,-0.62765804905609912,0.72572341090637138,0.28172842298482231,0.26047269034805887,-0.14526123071666169,0.95449104366333692,-27.941445309945937,18.471810217828356,-10.565517023170074,,0.2940054668219092,0.4210526315789473,0,3
0.96448492211910031,0.1456865341483965,-0.22032763960234755,-0.11189562328205616,0.98094853320951136,0.15880599700398201,0.23926597019892756,-0.12851229109286266,0.9624117551977579,9.9763963407553202,-4.6747961797403184,2.0555069765684335,,0.08675393126717412,0.6206896551724138,0,8
0.88013848621092505,-0.39826611683110608,-0.25834152835851604,0.43807236322919246,0.89105747243454225,0.11878209205665588,0.18289026673153666,-0.21771697453996836,0.9587233539097868,-4.1316092363979662,21.875142734876704,-4.8108653363735225,,0.08555454557838213,0.5217391304347826,0,1
-0.35901608777717536,-0.79683878187598534,-0.48595823320072318,0.91573590685686956,-0.40135879597213803,-0.018408307603446989,-0.18037515796306056,-0.45161828195301446,0.87378814926480264,-25.347055265934134,5.4327677363327496,-8.2335647816195969,,0.3168832567914344,0.1904761904761905,0,1
0.53640364234950599,0.83838224335587996,-0.096883159009942252,-0.81164985868776895,0.54391693394445662,0.21302318150986826,0.23129124360059133,-0.035631208147128828,0.97223185384951638,-7.6682770105465945,-10.36879219218171,-1.8759647274797437,,0.6402217124211769,0.103448275862069,0,4
0.34553205319989477,-0.89812773065406948,-0.27198194727157449,0.93840676323145,0.33051880458813837,0.10074753860567624,-0.00058901013514434954,-0.29004120266576006,0.95701397786200637,12.43750289642178,10.66154122800514,0.85834717401634009,0.4008952699344168,0.2832467559755926,0.8636363636363636,1,5
-0.67860740210899939,-0.65360944688009071,-0.33509205414628501,0.6906688085841054,-0.72307673799043659,0.011688790618419853,-0.24993717340941321,-0.22350552996785333,0.94211288464912812,-0.17455352349960254,-15.120988458699902,0.7790480424027344,1.16546119553103,0.4284882388917972,0.2666666666666667,1,4
-0.95703472255807509,-0.17053864745263406,-0.23452315353331907,0.17506593942237131,-0.98455551032387434,0.0015375126198883002,-0.23116326843239868,-0.039585563226003206,0.97210931818994961,20.854508161727146,-1.2796866763160162,4.4634970632450379,0.3352190820070242,0.3345041618663656,0.8709677419354839,1,7
-0.62917933068156517,0.75037046869894219,-0.20267592246645705,-0.77251728582437307,-0.63246850213332639,0.056574171772742328,-0.08573454931148318,0.19216595305557638,0.97761026669148676,10.928239182950437,1.952329831948004,1.4603486021685073,0.3825019864444378,0.2343557887771402,0.6785714285714286,1,5
0.94015707592332654,-0.20963869730206575,-0.2686192271316295,0.2593195050963733,0.95160131105982881,0.16494950459394331,0.22103860945064124,-0.22473664895318746,0.94901810928423214,4.5177365839315797,-5.7238949013451137,0.72862154309612293,,0.1082454717888079,0.3181818181818182,0,5
0.91649711760223818,-0.31277427546601927,-0.24940987557331232,0.3624911147725568,0.91302427842546419,0.18704774448415087,0.16921354891892512,-0.26183758250557898,0.95016201526365773,9.0715174624545885,3.006627541889149,0.79462268365342026,0.4051465516679121,0.3631994123708645,0.5483870967741935,1,5
0.31897257440652615,-0.90057147129549742,-0.29534305792609211,0.94763774010314561,0.29796415961265221,0.1148915711378658,-0.015466425206700173,-0.31652548819169024,0.94845790893235515,-17.509870773497063,7.4755528630571995,-6.6097693193274702,0.4182378998276529,0.4116853336776841,0.8982035928143712,1,4
0.96970640089958682,0.0059567890611166496,-0.24420076314060127,0.038519768152565657,0.98346589034675791,0.17694934299378293,0.24121717085614644,-0.18099546731490321,0.95344371480209389,-7.7499521154285809,20.96016049800248,-5.6794124106286823,0.2079526339916388,0.3589368334504598,0.5238095238095238,1,5
-0.96857142907008908,0.0024982112894791674,-0.2487230301549892,-0.020195268424699066,-0.99743806234033106,0.068625526795945538,-0.24791437619142009,0.071491752916821152,0.96614046149744681,-4.8636807707615812,-3.3709449097203366,-2.0211278715690661,0.1629494141270446,0.1474004026051853,0.7277777777777777,1,5
0.15168460905799888,-0.9119736095546559,-0.38117701248996405,0.98714263393553903,0.12010184800499618,0.10547495613931629,-0.050410312850923081,-0.39227500759242484,0.91846563287726468,7.8981788421432926,-4.897852416986737,1.5681875354030006,,0.2492364823406123,0.358974358974359,0,2
-0.078366453321750934,0.99203470806547867,-0.098619658218890044,-0.99380775254156384,-0.069921897574410599,0.086354381636832456,0.078770870136465401,0.104776267508604,0.99137131478821261,-11.953218062622044,9.2969460048272925,-5.442357714814797,0.5271073824601183,0.1901738871463097,0.2236842105263158,1,5
-0.94553437890494263,-0.2034704882146543,-0.2540954520146641,0.2213246860759891,-0.97423133014818886,-0.043459161186758785,-0.23870509345678231,-0.097329727130933713,0.96620225759123946,-11.377278951101813,13.349704868312926,-5.7667721536198808,0.3579610277472612,0.4271399339975176,0.4765100671140939,1,5
-0.67630870949048461,-0.64111593586009008,-0.3627352839931009,0.69732249530586465,-0.71591230736219502,-0.034798070460010072,-0.23737705661608735,-0.27647771149511902,0.9312422928747941,3.4561462767088615,5.4675907807343496,-0.90318070331136902,0.3312795534500135,0.1941638686463571,0.2619047619047619,1,3
0.96679589180800574,-0.056174447981687255,-0.24929928795950404,0.091264477330498611,0.98710552846981936,0.13150464190251773,0.23869750472251264,-0.14989031675952666,0.95945630133996951,-19.264302197066307,11.907820385501662,-7.6427834519191711,,0.07245040965902676,0.2424242424242424,0,5
-0.88957470366585234,0.40130152175862949,-0.21820617597130312,-0.41803437049783049,-0.9077659241994489,0.034760494024140491,-0.18413069184764841,0.12213973758170595,0.97528343204587331,14.182715587018713,-5.8345858599497413,3.3318362791634781,0.09614490629837731,0.2339594353634433,0.4705882352941176,1,5
0.58141692152519586,0.81190428703003337,-0.052590798305558663,-0.78286430391145867,0.57587903018629027,0.23555641416213577,0.22153520042058833,-0.095785026460033881,0.97043669741032479,-12.01332129848609,22.243394109204008,-6.9518950496575647,,0.4532930915214221,0.1818181818181818,0,2
0.77124776613986257,0.622843518653456,-0.13131197392337798,-0.58826287727549864,0.77623100508664444,0.22674261611291641,0.24315359434691367,-0.097628776564903499,0.96506214905705223,-12.310618921320566,25.065767500256257,-7.2239316222377852,,0.2068231957497325,0.2173913043478261,0,4
-0.55408076842630127,-0.75076071807507117,-0.35965656709634192,0.79693190958157523,-0.60324721053220043,0.031501340856943026,-0.24061179013254141,-0.26916750766116754,0.93255285065710392,-16.749883384116082,11.681058973197674,-6.9420624272296827,0.4032554570900533,0.3122615055867938,0.7676767676767676,1,5
-0.95628727974531558,-0.072379538522759565,-0.28332991547052938,0.10926112335866467,-0.98715099567920683,-0.11659724976153223,-0.27125015303167604,-0.14245741164566622,0.95190821004312665,3.9258714811537856,15.630927418386239,-2.0204548190213143,0.6396612582581732,0.5559354858913143,0.3181818181818182,1,4
-0.27075960997189319,0.93758137436173694,-0.2182439003908862,-0.96245916993337333,-0.25917978956408455,0.080611307474080338,0.019015252273689862,0.2318771293842404,0.97255921004815638,4.114633534100987,9.0232493527956112,-1.202543456950989,,0.08242285824917163,0.293103448275862,0,5
0.0049991956044016534,0.99585878829009999,-0.090775998086954732,-0.99618862994884017,0.012864767292750703,0.086271150004829225,0.087081694999358555,0.089998730812591243,0.99212751541732813,3.6106779799928619,7.0745444428639299,-1.1295482390426457,0.5114577937318173,0.765850959414329,0.1363636363636364,1,5
-0.64641791304597873,-0.63738893992084034,-0.41937956669331039,0.72037646655198961,-0.69096490218849538,-0.060210052165004989,-0.2513993399580659,-0.34103202666352345,0.90581208242019917,-0.71678086389855233,15.674905296396,-3.2956403335254034,,0.1977405922136121,0.5555555555555556,0,2
-0.70838193201795407,0.66818595697008165,-0.22742595563938584,-0.69689616344733907,-0.71321612901732379,0.075222939864941496,-0.11194094765942951,0.21177884742703038,0.97088564930149623,-16.625967436096953,5.3305882909680662,-6.104799695371578,0.2579786634248211,0.2081621441807022,0.8056537102473498,1,5
0.77576507763509528,0.60272767897612933,-0.18683653100467873,-0.57978391361307868,0.79768523446219519,0.16597855354380658,0.24907661037784423,-0.020435550323887899,0.96826816040064156,19.793124247024213,14.515138612967402,2.4206110801178649,0.8114078965938945,0.6486788368805365,0.9010989010989011,1,5
0.41773616627275428,0.89235708114955226,-0.17086642475920241,-0.89104311733125707,0.43912769451322203,0.11493054845469347,0.17759126792817304,0.1042387050655979,0.9785681549702655,-15.013919965264536,17.883269711105068,-7.2525882747051424,0.3439043420297797,0.2802584654422966,0.8159999999999999,1,5
-0.96859271135217317,0.065598573040317645,-0.23984367144146235,-0.054576575512756874,-0.99713796996092952,-0.052318890159255158,-0.24258927618661635,-0.037585849428607702,0.96940071539172235,9.3446785420919376,23.887112099445464,-1.3401471986827742,,0.3013182396223702,0.1052631578947368,0,1
0.96039584948846457,-0.06198804509652768,-0.27165657464976384,0.11806468035957594,0.97362502278434826,0.19523075131692247,0.25238966606603186,-0.21957184991088846,0.94238402957063538,7.0373627360676787,13.616930548052304,-0.99492146243368473,0.7498648029692732,0.6948064509937344,0.8113207547169812,1,5
0.50562199294849663,-0.80860711632553595,-0.30083372762124411,0.86271993235732625,0.47701823888590317,0.16783300653793595,0.0077922115064821733,-0.34439531239245114,0.93879238931829057,24.241091988771817,-6.9541990462926586,6.0519474509715945,,0.1737165630889014,0.5384615384615384,0,5
