axis_00,axis_01,axis_02,axis_10,axis_11,axis_12,axis_20,axis_21,axis_22,location_x,location_y,location_z,dbh,dbh_approximation,score,reconstructed,number_clusters
0.99333281466129963,0.016448189564054298,0.11410248190607659,-0.009705993958358073,0.9981873834831485,-0.059394790481554681,-0.11487259463571771,0.057891316405246793,0.99169192922324789,15.962010130749844,-3.9299465742282584,-3.7776807009411053,,0.07105988717173592,0.1176470588235294,0,5
0.19969633420604924,-0.97698802116211936,0.074938512197598478,0.9766283815264013,0.19225108132817745,-0.09610684744213617,0.079488228699509264,0.092379263007831822,0.99254606606662932,1.9925127563130853,20.356279315293314,0.32464866443218116,0.2705095765178419,0.2565569238161148,0.4375,1,5
-0.72159405173587199,-0.68768641956272436,0.079933802914715704,0.67447263539324087,-0.72433871064693167,-0.14289890259913571,0.15616878242819321,-0.049201835406227842,0.9865041767714694,5.9664896474734608,-5.126709873893966,-2.405249991595718,,0.1285526328893115,0.2297297297297297,0,5
-0.9967999118657167,-0.010101465747821873,0.079296255234677065,-0.010682330351228312,-0.96625307550173967,-0.25737304035522962,0.079220095447838909,-0.25739649273673687,0.96305307330596279,-20.778572341079165,-6.8600452825809448,1.240131632857066,0.3152301132590377,0.2014357188687751,0.3137254901960784,1,4
-0.62434705110006916,0.75899244370763941,0.18471932810985117,-0.78114529884653605,-0.60613323157989707,-0.14971482112492349,-0.0016678946623663708,-0.23776664183442123,0.97132087497292996,-24.211917633098039,-5.2885293690695594,1.795953838468122,0.2246808376847571,0.2395445302075077,0.6571428571428571,1,4
-0.68105952986515716,0.70069867981256428,0.21255417400931353,-0.73222518524725677,-0.65254286383042626,-0.19502330361679057,0.0020481380501782553,-0.28845999891304835,0.95748975668547598,-5.2096052594467093,11.778220349453198,0.22804982171277829,,0.08589609209864058,0.2467532467532468,0,4
0.23557710021819947,-0.96599784472774397,-0.10654385873497225,0.96879168258709125,0.24211737573290212,-0.053121108029531822,0.077110995343445898,-0.0907046875832003,0.99288798665689215,7.1805020791707523,-18.453357878880016,-3.2543367858549548,,0.5302101390708721,0.7586206896551724,0,4
-0.44619336658530345,0.86968899965407576,0.21107468700904441,-0.89420628164134741,-0.42372541704865363,-0.1444018587833942,-0.036146998332197824,-0.25317546253070705,0.96674483690575475,12.306812144972726,-1.3541968303485592,-3.1631648512267136,0.4401078369631409,0.3862524032886501,0.6949152542372882,1,5
-0.5204486923384275,0.84191825570366696,0.1425019626395248,-0.85343995431777997,-0.5074426641047155,-0.11892092759634379,-0.02781012436662467,-0.18350910974445994,0.98262454865706927,-12.656711716019279,-9.6344031682493245,-0.034590652128074918,,0.1067870070272191,0.392156862745098,0,5
-0.18069071491796335,-0.98299153116808102,0.032840755080650652,0.97765144833988449,-0.18315706856782588,-0.10320433029949526,0.10746399909440311,0.013458747544728115,0.99411787581411382,-13.395314639073497,-5.726793271165465,0.30795399945954599,0.4861053971417463,0.4759949821091874,0.6974789915966386,1,5
0.022237453648034942,0.9868778739034596,0.15992985229480472,-0.99423149259141153,0.03861877835758052,-0.10006162649898,-0.10492490073716913,-0.15678217997576971,0.98204384487014618,19.839650524010519,-5.8826964691914778,-4.3755105867773532,0.2721807468198469,0.1310958133617066,0.6521739130434783,1,5
-0.89924242238248919,0.40071621870778329,0.17546959238628565,-0.4329252489482045,-0.87275549212014492,-0.22555172310860128,0.062759816848110384,-0.27879089482739566,0.95829893162339064,-14.078393261238359,-8.7709906845658843,0.2149945544544683,,0.07803634850082711,0.2,0,5
-0.23007652828509889,-0.97150011977710238,0.05702901371540043,0.96509768377221494,-0.23530876203503792,-0.11496193842765129,0.1251049635697212,0.028588525366187546,0.99173153842539707,4.7908219125277212,0.202029897208652,-2.1070520926463021,0.7808329958640733,0.4567845913251453,0.8396946564885496,1,5
0.2093250730508458,-0.97443337900038107,0.081624773703573114,0.9749307039815619,0.20153155168421305,-0.094314135259626536,0.075452874208182946,0.09932081134210885,0.9921906269503209,-20.430734888886477,-10.490439196630113,0.93880394532036637,,0.09447720843724722,0.3333333333333333,0,2
-0.32688156581479216,0.92589568588120397,0.18938220823785187,-0.9434398810045187,-0.30795246405339805,-0.12282699545955092,-0.055404267531028173,-0.21882060860443631,0.97419089935665826,-18.992495681351425,10.909151602966094,2.3483821310484427,,0.1562011481895063,0.3333333333333333,0,3
0.88138890921153812,-0.4670934094614172,0.070550248451762276,0.47038268673397016,0.88155615804705878,-0.039985850375377163,-0.043516878792351985,0.068428700462738468,0.99670647344800245,1.521453452711641,-21.062884224503723,-2.6800516601908124,,0.4260435479160107,0.7,0,4
0.73555135860178922,-0.67530141008819644,-0.054149832797127762,0.67664153692488849,0.7283532634149088,0.10797108029828402,-0.033472815343017513,-0.1160583008911798,0.992678216456504,13.886978707719871,3.7226422206474821,-3.1314078670662289,,0.3484773052459514,0.2711864406779661,0,2
0.84978761691772742,0.50055144847298827,0.16525511660727271,-0.51039673735981717,0.85969159484595137,0.020628432894391625,-0.13174284278754439,-0.10187545917844053,0.98603509784968524,-16.074792081474463,9.1150977971686071,1.7534201526754634,,0.4506390424122254,0.5454545454545454,0,5
0.46995574099317361,-0.88242984559374171,0.02142823168069509,0.88225852065985833,0.46882865701183785,-0.042656688661381371,0.027595366108004275,0.038951995711141385,0.99885996906447483,2.8556745237981072,-15.824445744431571,-2.5183667644188645,0.2660860259874892,0.1123466927241987,0.2,1,6
0.9735583724174196,-0.20053945144815558,0.10939846392348446,0.19503711573967172,0.97902089377042334,0.058979768098152051,-0.11893115226842398,-0.036083486165206798,0.9922466241042448,-17.156489926242219,-1.9137258480002608,0.98022488076337844,,0.287237557997627,0.2571428571428571,0,5
0.98630793223407953,0.07360279605403211,0.14757808517921805,-0.090837015933604215,0.98935839882996568,0.11365999824426337,-0.13764192438502923,-0.12550931072090393,0.98249789494632034,-13.820268673203763,3.2559640706039605,0.85991644615245078,0.3849044603437561,0.3179771974602638,0.2352941176470588,1,3
0.99108029782816354,-0.11427929729477013,0.068557169330804607,0.097725303497203431,0.97298807983737223,0.2091505714808416,-0.090606888883895356,-0.20058524049440099,0.9754772949600542,-21.781666686126421,7.4116642949047327,2.3656442670324478,,0.370868465190865,0.1774193548387097,0,2
-0.90675487992785042,-0.42044351275132985,-0.031981874747309742,0.39964644174559466,-0.83275829350374475,-0.38314011301456885,0.13445560355416666,-0.36019560961518393,0.92313640026099675,0.3430948274825466,-10.379935207563111,-1.8332356802428271,,0.4885404962404096,0.1428571428571428,0,3
0.67365743436144854,0.71835839912351662,0.17362854471039157,-0.72319787740516595,0.68915176300264835,-0.045328552447696131,-0.15221856406566389,-0.095031878646269843,0.98376747801233377,24.772876018363927,-15.159922527144872,-5.477588820889367,,0.08435559676813724,0.4545454545454545,0,1
-0.56612975725031744,0.77759551817480654,0.27357322250204097,-0.82374467456352496,-0.52131670150347564,-0.22287576777606186,-0.030688908157994264,-0.35153108944727834,0.93567306473366019,-4.7112485502891577,-12.428343137621123,-1.2817719974897517,,0.1415878460806559,0.2307692307692308,0,5
0.99240011265899541,0.025032177977099432,0.12047990064794173,-0.033150382759170864,0.99727827648137657,0.065856597097458433,-0.11850345360931705,-0.069350049200121874,0.99052890021372242,-10.006877346965313,21.472927762073216,2.2282619080417181,,0.2119196091175511,0.2727272727272727,0,2
0.98532803146926595,0.087585032504453375,0.14648389837144288,-0.11487489400752546,0.97510271039646335,0.18967989588839043,-0.12622372648460803,-0.20372424072423179,0.97085735544088758,-39.448129311870638,8.2324606939318699,4.5486616487903184,,0.427526586574671,0.2666666666666667,0,1
0.98982113860553389,-0.10242343545296495,0.098810694965956999,0.10334757381509496,0.994636153180955,-0.0042663534691970801,-0.097843714954904445,0.014434772440289409,0.99509710319567279,-20.178703564083854,8.8763996454806922,2.2922912900319341,0.4729359918573587,0.4887794490210625,0.7373737373737373,1,5
-0.15839064288647001,0.93509221997284564,0.31704091911339533,-0.98356790632036373,-0.12124937123718904,-0.13376383528877744,-0.086640509593305257,-0.33301821289659522,0.93893146287499107,-15.822091462831331,-4.5364865652543624,0.67847555653161196,,0.1152888334298448,0.1724137931034483,0,5
-0.98851391461106919,-0.10180530452566257,0.11169566057254469,0.086572842455787544,-0.98724034177079689,-0.13364748605718496,0.12387648513509492,-0.12244258879457416,0.98471438949568391,-32.969416676605228,-5.3751860410775789,2.893903509822747,0.3093061477617443,0.3437806342473433,0.7924528301886793,1,5
-0.38079201594100387,0.91346287360836553,0.14346783310112932,-0.9234634720379471,-0.36780038178254992,-0.1092615896471866,-0.047038881866026581,-0.17409324426800052,0.98360504568298956,-7.3961358243849693,5.7366300488460187,0.15910132100212565,0.3891133974956072,0.3406401092037511,0.8494423791821561,1,5
-0.96474385389488337,0.20746680126938966,0.16194697509708977,-0.23402951643648826,-0.95774324530622024,-0.16720664313003422,0.12041379409583171,-0.19921195356041935,0.97253026469621495,-19.770937801500565,7.7570189078829799,2.1104136345425917,0.3438817263816281,0.3417710899726832,0.7734375,1,5
-0.8359024984883785,0.53194156785246482,0.13529664227743382,-0.54696252138465251,-0.82785765358655072,-0.12443353888206393,0.045814989047579566,-0.17801649864221061,0.98296038220761384,-20.335076058164528,-4.3995676915004323,1.3095638891188977,0.122612477239322,0.136362968361241,0.3170731707317073,1,4
0.49789330586359576,0.84663380199628469,0.18791876248404804,-0.8498596056235832,0.51948546724338696,-0.088732745095865526,-0.17274520747490457,-0.11552512557983262,0.97816820570606167,12.444180426495624,12.298629779428179,-1.8306970701127834,,0.1626663325728529,0.1904761904761905,0,5
-0.49034763544245935,-0.86887904263923932,0.067885239031087508,0.85916859935300927,-0.49499665657331937,-0.12964423576473977,0.14624812580603183,-0.0052458787209011407,0.98923403017418909,-2.5655196022617033,-13.671329737422697,-1.6644599230849937,0.1412889274960646,0.1252182857495595,0.5454545454545454,1,5
-0.76935646039917505,0.62509719737715252,0.131697117179084,-0.63832763136634618,-0.76034021649281058,-0.12008576192827955,0.025069341361156273,-0.17645466560818004,0.98398947103555046,-15.719442066941779,-10.939302104956239,0.32252770745388876,,0.07347481237438463,0.32,0,5
0.7994158278953285,0.55733885542235706,0.22429385713149624,-0.58115209786133015,0.81203303524082204,0.053521853751092072,-0.15230421288264367,-0.17313506263630044,0.97305070619373335,3.0671845829043614,9.0748697915053871,-1.3173504076394942,,0.3306608197021578,0.4658385093167702,0,1
-0.43591279791002607,-0.89608312343077656,0.083756005878972598,0.88801153144297407,-0.44337725727832622,-0.12186930603172548,0.14634053656645585,0.021251908876490564,0.9890059674878352,-0.032738331586288215,-11.94062312072208,-1.8726364705208818,0.101625167059128,0.1185221183869978,0.3125,1,5
-0.63638861983119455,-0.77050063867339103,0.036582650987092,0.75404239084277114,-0.63138959703153308,-0.18101726318910977,0.16257182216320365,-0.087612456672864186,0.98279929796183751,3.0363040201519027,9.3024284472295111,-1.2570791895238129,0.272437063093008,0.1967320751531066,0.5179856115107914,1,5
0.83207364929437244,-0.55336214331579747,-0.03799711166514079,0.55347410692971621,0.82384943690455903,0.12222323130401611,-0.036329810188046957,-0.12272914754445524,0.99177502551471441,3.6248146204877019,-8.7870825289415269,-2.2536498387116564,,0.4805419922697651,0.2222222222222222,0,3
0.89528890295607855,0.41580920406442051,0.15987647124894325,-0.42110146351995797,0.90701313317338672,-0.00085654675606638086,-0.14536621913309286,-0.066557359219767298,0.98713665734215361,-9.3767182482611275,-11.570573600048885,-0.57978628397230869,,0.1003206718881342,0.1666666666666667,0,5
-0.59713706115419174,-0.80160478818952918,-0.029276163473971006,0.78799806881331858,-0.57939613433916337,-0.20822863169918357,0.14995457226311942,-0.14741059346076116,0.97764192994824572,-17.518370592100258,-7.7690560662870958,0.76958561293080996,,0.2852116047489291,0.4761904761904762,0,1
-0.40746897950843497,-0.90701558836442775,0.106262661374008,0.90230545955011099,-0.41780019418178699,-0.10624431941391098,0.14076181443992053,0.052590115093937628,0.98864573603995731,-22.270396325920846,4.7747145703651457,2.2285817099379215,0.4123990054201334,0.419459369242915,0.9535603715170279,1,5
0.98371641959773592,0.10671976385943013,0.14461292409601434,-0.13037147685862802,0.97756702091906578,0.16542671378324514,-0.12371452556394624,-0.1815863750759153,0.9755619429596859,-7.058190279241801,-5.7320830731462085,-0.58478788301092255,,0.4497852374309133,0.3195876288659794,0,5
0.99348109201188894,0.0084290728777747879,0.11368496182559512,-0.02373627881070758,0.99070050445973534,0.13397424950880391,-0.1114984703172479,-0.13579934165395674,0.9844422938513292,-7.6443915501994466,-10.336976314660264,-0.76242128615721716,,0.1418521511189161,0.5,0,3
-0.0017585860609190297,0.98376990334426917,0.17942598654897665,-0.99497401414277464,0.016242476441219577,-0.098807353672033124,-0.10011802313110339,-0.17869795531304672,0.9787969259306325,-13.210702254136146,-4.6027770800922241,0.34858862234278387,0.6090750587619465,0.5268904341551994,0.9683257918552036,1,5
-0.054999472592771069,0.98035403336302962,0.18942287951395012,-0.99469237026873869,-0.037273194291710825,-0.095905148539849092,-0.086960603399902747,-0.19369222559548385,0.97720068317628217,24.793011744004517,-7.0104738304369123,-5.085144320631505,0.2956919420592098,0.2339226265479197,0.1304347826086956,1,5
-0.79268037973824124,0.59104209913535821,0.14942239667368273,-0.60915094948562076,-0.77767838919633991,-0.15540734769550951,0.024350283752033755,-0.21420915019358031,0.97648425673665618,-25.972049931824291,0.81541701969840585,2.4640945685589242,,0.1753833263265509,0.6458333333333334,0,3
-0.97775980741266499,-0.19853271860081953,0.067605611108225674,0.1659393037853677,-0.92945076473360821,-0.32952302407470524,0.12825718875593781,-0.3109759405180394,0.94172398182872297,-32.023305008854194,10.654477598185862,3.9252535737112084,,0.1434164332367424,0.4666666666666667,0,4
0.93677637878431552,0.30616666975102774,0.16944611676078766,-0.31635374961444618,0.94795325855319368,0.036123741545733647,-0.14956711288456942,-0.087444782188235343,0.98487719478695779,-6.7414836334184098,-9.7911927722928382,-0.83818321190773526,,0.325799545173261,0.6818181818181818,0,5
-0.97180868138191256,0.19086438606191744,0.13841485803177653,-0.21577610262528601,-0.95659235963247236,-0.1958870363975668,0.095018736713300675,-0.22023134115285894,0.97080873298885328,19.003087891524007,-8.6228209426379294,-4.3847747912459383,0.3386553017177321,0.3836643734191,0.6507936507936508,1,5
0.70527557787069162,-0.70688435261370886,0.053859737179650834,0.70893004722572839,0.70346259143529644,-0.050582315008955256,-0.0021324632916131627,0.073857257470313423,0.9972665431665072,13.44318978131588,-6.7409146569316052,-3.4972896032942051,,0.1767378657633004,0.2083333333333333,0,5
0.62488031851630865,-0.78038178829973992,0.022996782841491967,0.780706739731866,0.62442287442860811,-0.024352832023338558,0.0046447893600411868,0.033171348788020909,0.99943888635142974,20.537963011038592,-6.6222175775575005,-4.5038657498221948,,0.1995505527707319,0.3846153846153846,0,5
-0.87027970067058091,0.42563228918615403,0.24789190588415819,-0.4898187858247795,-0.8008512993907968,-0.34455007374431507,0.051872918308738136,-0.4212770474001975,0.90544732021245078,18.008042078640663,5.9977821668856324,-3.3076894489872548,,0.4647706929483511,0.4473684210526316,0,2
-0.9829355885384794,0.13334658786163422,0.12671352054998894,-0.14913604666575692,-0.98093686632404387,-0.12458452500721685,0.10768504245911871,-0.14135611692468111,0.98408453896936787,-16.200121517689354,-3.4829468533882313,0.80580798210210147,0.2209588524017556,0.1767270200045933,0.5307692307692308,1,5
0.96516767142267323,-0.25180362594133476,0.07103731416185706,0.24817965106499579,0.96709083700459264,0.056055095923677412,-0.082814412017419917,-0.036472550562746175,0.99589734722894818,-15.124192484260876,8.0437278927566176,1.513416145254425,,0.109234320333943,0.625,0,3
0.85343471358221556,-0.51324601339799414,0.090706776945871009,0.5191629229903143,0.852497592692953,-0.060973058352628701,-0.046033129863121768,0.099128120045656257,0.99400933937826708,-7.4942526344597971,22.207387251153786,1.9923870043769198,,0.2417870812698246,0.5,0,2
0.90408125126200489,0.37759395286526809,0.20014968867352698,-0.39945755018920637,0.91309997898696904,0.081744076059580464,-0.15189060771938975,-0.1538545908758614,0.97634932690766774,-28.388127238076542,-13.129814693186438,1.7890763695515521,,0.3463022393098771,0.5714285714285714,0,4
0.59160505173378863,-0.80385329012834394,0.061833249250702466,0.80610740896688227,0.58844836484598195,-0.062604849003823029,0.01393943943502139,0.086881585275179876,0.99612111822223237,7.7535244240368435,-5.1683066052736031,-2.6723562315878269,,0.07479224613952763,0.2280701754385965,0,5
0.67563667772364855,0.72578417941474294,0.12943108060207009,-0.72094402880245823,0.6871482129244586,-0.089816706735458732,-0.15412588052832349,-0.032629103358687565,0.98751230603237417,-9.4410493621119738,6.1979536524978842,0.51258510802433743,,0.07784944890450446,0.4145077720207254,0,4
0.57352496902409145,0.78684356906338981,0.22791732652323896,-0.80580614097838854,0.59196476132842801,-0.015943164895777934,-0.14746380256670263,-0.17451337819480547,0.97354995134487299,-11.286682487181377,-5.1575992190744842,0.037163681916959922,0.3121253236574513,0.2450230127338206,0.6082474226804123,1,5
0.98109459694868428,-0.1712133813153974,0.090218456518868645,0.1771245743408757,0.9822249620582032,-0.062137018550335946,-0.077976130980334846,0.076942198878830192,0.99398170055038126,-18.048496733571728,0.80792790006706916,1.2938052375306741,0.3110681305449045,0.1407226585825145,0.7045454545454546,1,5
-0.023125699227215944,0.97551558437301156,0.21871110324040327,-0.99481470769364033,-0.00078179745783697903,-0.10170096434720721,-0.099039887881950561,-0.21992892815206669,0.97047533053149471,-23.793863828529599,13.099798385763703,3.1837906338414523,,0.3111507897826162,0.2222222222222222,0,1
-0.98361353937920815,0.12399828629250755,0.13087715670210673,-0.14901741418375888,-0.96776256607138578,-0.2030503040650572,0.10148012327491801,-0.21922600372092588,0.97038226687870777,10.786615798495552,5.7303155471857137,-2.5514806222063511,0.4744449679439044,0.4722067322239304,0.5157894736842106,1,5
-0.036071317671791295,0.90971703637325674,0.41365900663913924,-0.99458045978152854,0.0077098522700162833,-0.10368349530536353,-0.097511891901365236,-0.41515716531240687,0.90450868377676896,-33.122656280802175,5.2192552624649222,3.6252670663503599,,0.5430549901942349,0.303030303030303,0,1
0.79197460667486963,0.58206871468008348,0.18431558201319181,-0.59025743055116831,0.80711622901441071,-0.012631648375808604,-0.15611658483748142,-0.09878969709556347,0.98278594194587909,9.6570712087915176,17.077020708078063,-0.88273595577809882,,0.1301506957589077,0.3529411764705883,0,3
0.91241850095302357,0.37869406138919376,0.15518790863722395,-0.3815019336979879,0.92428424287141131,-0.012446403670069826,-0.14815111779306242,-0.047848158252746298,0.98780656003515521,-10.341505701646765,-8.4907144475950247,-0.27854754178071206,,0.07158105856628191,0.275,0,3
0.16057066297438619,-0.98203772404402934,-0.099090719779347788,0.98184720048096752,0.16919053171065038,-0.085735866981994535,0.10096106724699844,-0.083525280807014018,0.99137802596509894,-11.748406248601531,-12.323257024023683,-0.32038806420436772,,0.3055243232276043,0.2222222222222222,0,3
-0.84629177109616482,0.51086266574489558,0.15102839111549993,-0.53089650218968565,-0.83222677114368571,-0.15983587004960073,0.044035691633884495,-0.21544822612352765,0.97552187044809557,20.410440324507352,-12.413854364656634,-4.757884173554455,,0.08412057046898747,0.3076923076923077,0,1
0.88269173835221115,-0.46330627082280168,0.078756551860913682,0.46674354686704383,0.88381703864181782,-0.031904602557921241,-0.054824780006159417,0.064921041447869046,0.99638321035362709,-16.482864718804958,-21.072786336078646,-0.24908444191349619,,0.0764026053922203,0.3636363636363636,0,1
-0.26110521689225713,-0.9651370018383334,0.018292987567947613,0.95670348747268741,-0.26125563335801788,-0.12831185095812114,0.12861766118712259,-0.016001928671717142,0.99156514435993592,5.9454714335434726,-7.3294515340120654,-2.4947981838980775,,0.08071254482464126,0.2765957446808511,0,5
0.98822032274869576,0.071296446729477742,0.13541569477063681,-0.085762932162622318,0.99085321304572771,0.10418555400739145,-0.12674901645903594,-0.11457192885130463,0.98529587431692744,-1.1136496105290745,-9.2611462264745761,-1.6087848651460921,,0.1423383445158323,0.3181818181818182,0,5
-0.11723826489359393,0.95398462505696824,0.27598645691347845,-0.98797320451637838,-0.083826339470677691,-0.12993110470008767,-0.10081734177401203,-0.2879001215106769,0.95233890166881197,20.188520150897098,13.844231914596209,-2.3487046999976591,0.5421426443053341,0.6768657607528121,0.8115942028985508,1,6
0.79521154877826039,0.5826589144226183,0.16777121962225131,-0.5878746495205126,0.80865384940750407,-0.021962429045102205,-0.14846544763282829,-0.081163669719171536,0.98558128511904186,-6.416157454119582,0.47741360893496088,-0.34721382111264837,,0.1502667443314153,0.2585034013605442,1,5
0.047041425627048508,0.94907625433708032,0.31151463485440362,-0.99314328678688224,0.077850690743788808,-0.087210560489330874,-0.10702110158806599,-0.30527615924636575,0.94623091812234927,17.236064311185466,-18.882078369354421,-4.6526026911306122,,0.5632699480895379,0.2162162162162162,0,1
-0.89685145005151035,-0.4422941451595428,0.005776304882306617,0.41723934236414084,-0.8502386661515513,-0.32094476435108094,0.14686322795050924,-0.28542967564431859,0.94708029888575795,-30.215525301539277,-1.8975153924625536,2.7638580401331554,,0.5234889224154501,0.3548387096774194,0,1
0.35894405292085008,0.90613468866420455,0.22378358490331612,-0.92337926253724734,0.37971601219613738,-0.056448982258607526,-0.13612459141875741,-0.18637509512080372,0.97300278495479564,-25.150727783930794,4.3207612599415279,2.5904773087076634,,0.109415349303349,0.28,0,1
0.13615011760447543,-0.98974514976651262,0.043216709615053937,0.98681351604891732,0.13163413233182103,-0.094188851508140436,0.087534164869846345,0.055470656377160206,0.99461589383119453,-10.358264995914885,-15.812146600332502,-0.70397232603861393,0.4802016416289038,0.3499759179834167,0.6666666666666666,1,6
-0.52966192343200147,-0.84817101232211478,0.0080112872119796064,0.83664720660160552,-0.52397311448175354,-0.15960459575470387,0.1395696906639978,-0.077833856108837571,0.9871485158228146,14.917421475922229,-13.340518705634683,-4.0428624976367358,,0.1101500868923164,0.4210526315789473,0,5
0.87192706869699177,0.47392166610407316,0.12305056387766825,-0.46621305425760162,0.88037027073403862,-0.087141118006800716,-0.1496281220669135,0.018612920373120533,0.98856713696233778,0.57602631669805548,-6.0492374669412836,-1.6743095915767541,0.4740163295178859,0.4294424002824483,0.9722222222222222,1,5
-0.99217799808533058,0.042060273214625583,0.1175319255883048,-0.068135882417820967,-0.97137525310978123,-0.22756893279411217,0.10459599247833856,-0.23379702962830254,0.96664296785030812,3.2089522906790959,8.4063596447470719,-1.440448378455347,0.2410847447289153,0.1530461763234812,0.3186813186813187,1,5
0.39295684812210724,0.90408220839787856,0.16798891621876183,-0.90850777284743134,0.40993651263294278,-0.081028897846019701,-0.14212157538438244,-0.12077837583258101,0.98245307355695355,8.3272921620882343,-13.288023603763319,-3.1710307138097162,0.381699564837249,0.3875597051405896,0.7982456140350878,1,5
0.70673879419471175,0.69273147087706743,0.14367806386745838,-0.69107227780029445,0.71944424337861468,-0.069419647977262244,-0.15145753080028487,-0.050230368561948936,0.98718667253869108,-17.113244993899361,0.89372327441821808,1.1768563705310329,,0.0758905768703239,0.2631578947368421,0,4
-0.010021042904161869,-0.9843327009880426,-0.17603611125191571,0.99611899134400206,0.0055681842496979259,-0.087840482739843267,0.087444461133454499,-0.17623316682663712,0.98045669824186188,-14.436049487121654,1.059362694225656,0.84810766398285065,,0.3273571905547352,0.1746031746031746,0,6
-0.96718320294297488,-0.23263843236455162,0.10215679973419407,0.19890490251765844,-0.94343029489864061,-0.26528497586916744,0.15809330061520313,-0.23625968436114531,0.95874285908483448,-5.4216478156505827,-1.9747727522780731,-0.66105185649345199,,0.3144899681746307,0.3870967741935484,0,5
0.99119559917084776,0.063913464615922871,0.11595841161870796,-0.076788820137662681,0.99093886862725233,0.1101981657996508,-0.10786455064668012,-0.11813224659055133,0.98712208516943811,-17.625198388658514,-0.46133751864826694,1.1600323744744296,,0.2487032343584495,0.2647058823529412,0,3
0.81310413691874217,-0.58023285413713976,-0.046813432959949774,0.58153664991064102,0.8060668814632036,0.10986950176865821,-0.026015136677240706,-0.1165590733836427,0.99284298611392252,16.712817667458403,6.6292234404334121,-3.078770451935104,,0.4756203455540591,0.4705882352941176,0,2
0.77322650061047293,-0.63052962819802083,-0.067477157009975017,0.63363532264880296,0.76403479906185856,0.12147882002329986,-0.025041099125843767,-0.13668655305834504,0.99029779842610899,0.85333499008929847,-7.7088290453285371,-1.7902417358099008,,0.4558537916348809,0.4821428571428572,0,1
0.97968521170114586,-0.17669985299106664,0.094836954437692148,0.17648048429383031,0.98424529874755551,0.01076246053420362,-0.095244551747050585,0.0061930482212394188,0.99543463949986832,-0.93783449223767557,-5.840456502625182,-1.4663467803186685,0.6862608122144694,0.6043214655508414,0.8922558922558923,1,5
-0.99252911929500409,0.014893748864962296,0.12109551435222671,-0.035965195552858389,-0.98413472895714971,-0.17373928735113875,0.11658667188116992,-0.17679652571581925,0.97731803238991122,-5.6467639248177326,-9.3649656047228014,-0.93103082824422878,,0.1379126947919789,0.1296296296296296,0,5
-0.92731150486200098,0.35461588421101176,0.11975369562486707,-0.36791721831703106,-0.92239901118523882,-0.11754567040240815,0.068777128585229358,-0.15306089908835538,0.98582050483535533,-13.585703052137642,-7.1891531140634726,0.24586167379855026,0.176582703641426,0.1575613890530408,0.6262626262626263,1,5
0.81815211185585401,-0.56651898633257525,0.098404064908510794,0.57405798926794871,0.81456058694831435,-0.083357514046772163,-0.032932458508995822,0.12468876579359306,0.99164921462250155,10.117537922696437,-5.8810658487615042,-3.0255799590781272,0.546230468201952,0.4861383748578237,0.9822064056939501,1,5
0.22206589875699098,0.96486415627618571,0.14044179058490719,-0.96686427972798183,0.23651377792954584,-0.096097333134612439,-0.12593729072574586,-0.11444821004689669,0.98541433215765672,7.0253902943273507,-8.3556974151890593,-2.6737786448868288,0.2762382929231193,0.2944195571795944,0.8444444444444444,1,5
-0.97033636116409316,0.21253435318783689,0.11522367342631255,-0.22508467615259886,-0.96813908422159678,-0.10974334678624675,0.088228310445715219,-0.13242304300081026,0.98725878214290852,-0.15861546830640874,-6.4361826741190322,-1.6089108766167537,,0.0871422026464263,0.3287671232876712,0,5
0.4271505587679465,0.87504475783830571,0.22768195344368278,-0.89116476084967422,0.45000787674718162,-0.057604512715892162,-0.15286519932271389,-0.17829633379627777,0.97203016835427092,-8.1280948212039252,-7.7483664368495742,-0.5331455539256017,0.2747810770119183,0.2612549116117789,0.2641509433962264,1,5
0.40087673874470464,0.8998531447635898,0.17193649464987767,-0.90494521921003079,0.418184852188627,-0.078712004350575113,-0.14273048224650015,-0.12403929723702033,0.9819583810827357,-4.1187455069199643,-11.709691881866767,-1.2930415946662146,,0.1558601242089107,0.3409090909090909,0,5
0.95687017496106941,0.26293986453517243,0.12353985554548118,-0.25612215549493461,0.96421816098129465,-0.06844544907062336,-0.13711640942863743,0.033852114735654852,0.98997632526910606,-0.19754719336245102,15.81042621317641,0.0011683290808120333,,0.1060764421160069,0.5675675675675675,0,4
0.93995268021945511,-0.33730652663537075,0.052089020315649305,0.3291173724029986,0.93619009207538906,0.1234093460092056,-0.090392002582132397,-0.098855544048150071,0.99098782398177587,8.692655838641814,-1.6204040123970367,-2.6962771258068026,,0.4886168831662546,0.6666666666666666,0,2
0.75247399954493732,-0.65854242448028866,0.010234997238399175,0.65830016399079783,0.75250125049304917,0.019564306685555671,-0.020585774178670073,-0.0079839317395202052,0.99975621165134265,-12.040049016141804,7.7724173359357707,1.0315864348065327,0.7443821818730234,0.7474719256564318,0.8159645232815964,1,5
-0.82017099125485549,0.55905930139894111,0.12154111495027382,-0.57122650234917627,-0.81205835723138264,-0.11942155360149152,0.031934747814164013,-0.16737359997919424,0.98537619715114388,1.3890057233873367,3.8177664142113459,-1.4020913754454558,0.2151533654491715,0.1307266278173715,0.5708502024291497,1,5
0.29922969937630961,0.94555006032128752,0.12804948433153931,-0.94495763874576666,0.31227080026131349,-0.09768320367485879,-0.13235047407239767,-0.091771622686801668,0.98694545000331335,7.4948644861614699,-6.2370520965325973,-2.6598234794251465,0.470410619941056,0.444400394498383,0.9591836734693877,1,5
0.17974798588030663,-0.98228633756506023,-0.052954816636387646,0.98046851128437396,0.18326372395589838,-0.071385613828133687,0.079825810060257296,-0.039089109926379581,0.99604210831339202,-11.082938627765184,-8.6918530529389457,-0.17405013655134896,,0.08482439653082438,0.3076923076923077,0,5
-0.84444063148296,-0.53276057747050598,0.055553460683873464,0.51409596184173556,-0.83521567344693703,-0.19524374726633895,0.15041729261850947,-0.1363119434307736,0.9791801122160545,-1.3318870944966874,19.715640062239522,0.68328243970989844,0.3592309410688989,0.2758172267902571,0.6,1,5
0.84476296945389684,0.51166179431332159,0.15677287290697417,-0.51150142640176777,0.85812990399242894,-0.044489983849195038,-0.15729531534152882,-0.04260605724561841,0.98663210350038366,-7.0431432016356048,-21.085424475963297,-1.5017836725791676,0.4355072240763622,0.429792328639033,0.625,1,5
-0.65818252749139172,-0.75156638216320715,0.044087795444437729,0.7380298359499825,-0.65567693528932125,-0.15937288909110067,0.14868665626976807,-0.072358342516331151,0.98623351621996913,6.1868433340446174,0.82659464533610305,-2.2281564139682635,0.6468546186527742,0.6387857269167222,0.7038391224862889,1,5
-0.059243590199542541,0.96977669283499568,0.23669254963832095,-0.99411814573883717,-0.035782067698689489,-0.10221915644331935,-0.090660406645051331,-0.24135618837151609,0.96619246581710039,-0.75616104967448317,-10.370786638561738,-1.701711845614744,,0.1200196610615865,0.3214285714285715,0,5
-0.75798546258531208,-0.65194327066038316,-0.020688411006495544,0.63204255333253023,-0.72627076522815548,-0.27028315957862797,0.1611838989670708,-0.21794666185916425,0.96255857135980094,11.788746607169335,-0.19951872020649686,-3.0596170545185983,,0.4338507651862271,0.3,0,3
0.87219707232505395,0.41374158962392493,0.26094092059903584,-0.4659166130678089,0.86515113799370114,0.18556728724542301,-0.14897642999825908,-0.28342795459105913,0.94735136979966517,-15.142164165034893,-15.047430954141713,-0.03237854699788667,,0.2026001111559116,0.2857142857142857,0,1
0.25982348599809452,0.91304252390153551,0.3143964148512392,-0.95141547928781789,0.29775204697146157,-0.078436625984527317,-0.16522815103767882,-0.27874193812883469,0.94604576529513151,-10.723196516951422,12.745537486156516,1.3360781567723972,0.6010350605233622,0.4411650079582589,0.3142857142857143,1,5
-0.98598352338284512,-0.12991438443519482,0.10468402138995989,0.10983269521266738,-0.97771984941599244,-0.17888732520860334,0.12559168236738646,-0.16488222698275184,0.97828450899793773,-19.074008254404028,-4.8203260722983039,1.0782629256650742,,0.07258309946829349,0.1666666666666667,0,3
0.085600256692123775,-0.99472843165778291,0.056461874799631467,0.99225777905227075,0.079995266557910491,-0.095001353877631783,0.089983865023106818,0.064156874767834313,0.99387463970841261,-7.6479945892781327,-2.823922164745114,-0.37133427489264687,,0.1306232462448778,0.3263157894736842,0,4
-0.17267608009879776,0.97382219919965796,0.14782860246804194,-0.98049213652244294,-0.15563414848865462,-0.12005491261029483,-0.093904960355498557,-0.16567539397916689,0.98169930337679212,11.821348534509269,10.896645848707895,-1.959145079802191,0.180974399593661,0.1639108517212239,0.25,1,6
-0.99542702891290302,0.027125869364233404,0.091592670672207083,-0.054441023493141713,-0.94897461419298035,-0.31061770164996261,0.078493344116887062,-0.31418365461704162,0.94611174081121596,-13.66812250204776,-10.674655779695197,0.030953192066686817,,0.1749431583339794,0.2413793103448276,0,4
-0.79969112273584131,-0.59709701963268058,0.063002042532447386,0.5828631757002789,-0.79721621648301588,-0.15721584713091361,0.14409936373931539,-0.089002546717920322,0.98555259628679825,19.289050520822258,-20.211226302084491,-5.0026436117390691,0.306537547533013,0.1798196208455645,0.3571428571428572,1,5
-0.057183807317825325,0.9803832415599385,0.18862320071790417,-0.99400993776474744,-0.038283868027537145,-0.10236497972341024,-0.093135684920238326,-0.19334695528318793,0.97669990226126269,-16.289845737737199,-1.1854165409541131,0.95968641934051779,0.1666735516263831,0.114914309017491,0.3407407407407407,1,5
-0.96994854493091531,-0.22622045509142491,0.089577485366748782,0.20812483734586643,-0.96211054188719969,-0.17614584090825716,0.12603123527982296,-0.1522091025127901,0.98027981558639377,-26.334504168824559,3.6712368934299859,2.6998100576332558,0.3540885779428104,0.3088867730411334,0.7804878048780488,1,5
0.90047578491247371,0.37993251105094772,0.21164746120089931,-0.40828254667401509,0.90615159726236538,0.11042936593245817,-0.1498289787312366,-0.18585093442160991,0.97108738397065453,-5.8554498060807623,4.6225681289156508,-0.17613547178371233,,0.1036784494685409,0.3947368421052632,0,5
0.34717262977382762,-0.9371550575298957,0.034807517608449121,0.93711326193121924,0.34525745849198747,-0.051147059233970685,0.035915170172988516,0.050375445425237475,0.99808437271087147,-15.768857808621078,-7.6374127878213427,0.52327531398154581,,0.1493065804959929,0.2,0,5
-0.95850068940243638,-0.27414650555102604,0.078231208026046592,0.24220633769556477,-0.92780223719334765,-0.28375887411518924,0.15037459358267691,-0.25303498207397951,0.95569910508049782,-19.918904309848681,6.4314851517276654,2.0345833082352249,,0.2510518642532839,0.2857142857142857,0,4
-0.14254842732634196,-0.98961543643337813,-0.018472515788623408,0.98203711421008244,-0.13907651773170598,-0.12751795375379679,0.12362464228752924,-0.036318179860736786,0.99166422625346473,-29.581600177531019,14.198663690613525,3.9856736641718333,0.7166758282003503,0.3894685412674394,0.25,1,4
-0.74080144069129172,-0.67070535038854528,0.036980514191737535,0.65403141729187664,-0.73274764410427951,-0.1879462562936737,0.15315394433342427,-0.11504443932588375,0.98148288131546513,-22.887628468870922,-7.5260979238598997,1.4723710135350667,,0.1345833654121139,0.2121212121212121,0,2
-0.78088524588395936,-0.62260004122805013,0.050866702503505376,0.6057323592660504,-0.77459225430932077,-0.18192072037563498,0.15266480176757863,-0.11124759874638197,0.98199665481835074,-9.1614786703651632,-2.9217382073523281,-0.12512467775569716,,0.1180523870015227,0.2941176470588235,0,1
-0.97835648143410225,-0.16206443332755141,0.1286612400301741,0.11970960140674598,-0.95044670412765486,-0.28691579591217226,0.16878449741288573,-0.26530394279598801,0.94927636195682341,-24.264551390476253,5.8920963379934896,2.5540197143395287,0.3224919466061439,0.2706438724269302,0.25,1,5
0.17833896251766715,-0.98308609080685116,0.041676762232990508,0.9813997125435977,0.17465472234547588,-0.079688971519073698,0.071062076155043286,0.0551132109800163,0.99594814890535655,10.433065788124702,-0.68670163931096895,-2.8824164877710805,0.4310767387289627,0.5624905703137018,0.2758620689655172,1,5
0.58280438001034929,-0.81236630555707567,-0.020001005882224164,0.81250934239027506,0.58294601548445757,-0.0015847899916945035,0.012946936675360449,-0.015327381587953826,0.99979870384211922,14.960908191686586,11.354629323541607,-2.2257364853669053,,0.1831021407431918,0.2,0,5
0.78807459082056097,-0.61443189579787683,-0.037575054613851015,0.61504762131079094,0.78338759875309638,0.089556092142281107,-0.025590287668269884,-0.093687328631388678,0.9952727373092114,-0.51598521445616241,-13.535877562897028,-1.9344572240887818,0.7306501131785853,0.4336017256367786,0.5306122448979592,1,5
-0.6495492663797432,-0.75935898579558403,0.038205774917398572,0.74911708097349539,-0.64776451633033016,-0.13865327395010246,0.13003595479438129,-0.061441533792986586,0.98960375321937721,-11.191471642340309,0.0022808300251375103,0.31671559744694749,0.1609726904495155,0.149806757706343,0.3269230769230769,1,5
0.97854666004933444,-0.19724332871230421,0.059510531713133426,0.19891783174832217,0.97973182379189294,-0.02360613610811365,-0.053648208906133574,0.034937411579830928,0.99794851918987426,-14.602350475027576,2.7737458886213799,0.96438664402207275,,0.1435252050811262,0.2586206896551724,0,3
-0.98807701196405751,-0.12856697189571126,0.08470154759949243,0.086052642318346945,-0.91737017567805423,-0.38862180011734831,0.1276666016552972,-0.37669947506465268,0.91749590969540806,-32.739144579654834,9.9094101860387038,3.95222885553118,0.4978799754925368,0.4973927971908335,0.3611111111111111,1,5
-0.98039852091021007,0.16850165485897642,0.10210745568693425,-0.18397952893358926,-0.96839270563954927,-0.16842535615959944,0.070500164045535663,-0.18390965166053608,0.98041163135473519,-3.2956872494083256,7.6168593470195445,-0.3509428832340547,0.3802661650767695,0.354911835476528,0.7484909456740443,1,5
0.72749310534585698,-0.67973642696773684,0.093339013961878672,0.68595827130319986,0.72347274250802673,-0.077771722873028665,-0.014663959389157884,0.12060506084343263,0.99259225646485083,23.199309901501671,-20.606249865863347,-5.5846455791110925,,0.1609535620256862,0.4,0,2
0.99751796775520452,-0.052027631651338765,0.047445016074184103,0.049133678434917574,0.99697348227571503,0.060247467021349019,-0.050435955914219566,-0.057766782702406372,0.99705527086878765,8.4829262353836601,-8.1648712171439275,-2.9163426010114297,,0.2058925109944509,0.2222222222222222,0,4
0.042505217514726329,-0.99768506988321293,0.053083027571480389,0.99438318496485112,0.03709031272189537,-0.099128150196352696,0.096929809363190567,0.056998333610034146,0.99365778919228243,-2.4632991612028392,21.7163117850139,1.1217613425081019,0.2925276711545354,0.2742780516167484,0.7230769230769231,1,5
-0.88423868794396976,-0.45497883099617209,0.10543342016876781,0.44158501350985219,-0.88797597615554191,-0.12845754790636391,0.15206780917285126,-0.067029315347607532,0.98609454531368346,-13.08400867237995,-19.937532174591603,-0.58151744013569273,0.2938013026149712,0.2625728680612791,0.6206896551724138,1,2
0.21053792076135913,-0.9764229924186133,-0.047664701800874162,0.97653965828894618,0.21231745060454404,-0.035938780692967173,0.045211499758290676,-0.038979995447274339,0.99821664995357517,17.123164082313302,-13.845043477834473,-4.3620508086206762,,0.1879968712768902,0.15625,0,4
-0.99373761613937883,-0.037425470366692991,0.10528477780504227,0.006547537219238642,-0.96012477213271141,-0.27949517293411758,0.11154676161138891,-0.27705551087271557,0.95435714691569795,-13.102055997701333,-2.4023790347030483,0.43892143204040907,,0.08185427837321155,0.2916666666666667,0,4
