axis_00,axis_01,axis_02,axis_10,axis_11,axis_12,axis_20,axis_21,axis_22,location_x,location_y,location_z,dbh,dbh_approximation,score,reconstructed,number_clusters
0.96151902850092197,-0.27354137645930393,0.025617829638583091,0.27238207002990422,0.96130536703198488,0.041231047060720068,-0.03590495448912872,-0.032666598847268677,0.99882116896013162,1.6437871255199883,15.269220647234839,-1.7139502060966709,,0.1688345797029984,0.2,0,5
-0.017433786401917877,-0.99970756764758018,0.016758349556330418,0.99809005139690321,-0.01839417061901517,-0.058973755092974499,0.05926476520007385,0.015698206120395176,0.99811885761685826,-2.1699301004381888,-8.5199916414627879,-2.9193161644304704,,0.218136402306429,0.7804878048780488,1,5
-0.95234878676367618,-0.30390126131683737,0.025996378974573325,0.29910574370163667,-0.9472022465150105,-0.11551475352355432,0.059728907862483201,-0.10223466910472269,0.99296552306643682,-2.1018105982187967,-23.260945111184562,-3.885542819130885,,0.09083794005311675,0.3333333333333333,0,2
-0.072381954697624193,-0.99737588402655497,-0.0014827664684923323,0.99514541613671648,-0.072120530509158717,-0.066964392188379476,0.066681731952857051,-0.0063225818560545734,0.99775426412641366,-14.023510104201968,-0.85133053118144064,-1.5031057771315441,,0.08772239481788854,0.5531914893617021,1,4
0.48405531455229794,0.82214259372275489,0.29961977244584087,-0.87163078190921761,0.48320878474826962,0.082274238801862853,-0.077137750044979012,-0.30098309907521675,0.95050457210319428,-6.2234148080528815,-23.044396809493389,-3.5523324348188492,,0.261225735756178,0.3157894736842105,0,1
0.0209924486219908,-0.9995253466054389,-0.022547695982753361,0.99845705498338433,0.022118998731885071,-0.050933871333384187,0.051408427857307107,-0.021443679450515413,0.998447465897362,-6.5996186786569586,11.80931257893654,-1.2232024459765769,0.8716609656618972,0.4477080757866325,0.3650793650793651,1,5
0.88427216571952783,0.46285395132414647,0.06187856395652569,-0.46192948361532693,0.88643067040773826,-0.029356749264280904,-0.068438944326855794,-0.0026241768448850623,0.99765185540613965,-0.97198137303277976,-15.078863358781446,-3.4182128520409654,,0.06342413161021909,0.125,0,1
0.36667768504831832,0.8840072872928092,0.28996308610030991,-0.92804428490711754,0.36947057682821022,0.047173065508470544,-0.065431495006940496,-0.28639589534670173,0.95587452659317074,-0.72670927547080744,-32.950213305298618,-4.5837751615937119,,0.3372225080429192,0.1538461538461539,0,2
0.52728593979295812,0.84380147860851651,0.099842888553660442,-0.84429633863021414,0.5335267159317475,-0.05012919271940329,-0.095567935377257704,-0.057864566750007139,0.99373963473465332,13.891879109385359,-13.399180330815458,-4.631708117074063,0.6290324342499477,0.5917095962311354,0.7980769230769231,1,5
-0.50815480415952252,-0.85422799343647904,-0.10987825189309471,0.85658719061985311,-0.4879849762072353,-0.16771716627110486,0.089649762272873912,-0.17934658688001009,0.97969266706396574,-22.443225290193233,-2.4760462030344459,-1.0292458683081878,,0.2916108972967099,0.28,0,4
-0.84352388851459648,0.52800067352477709,0.098400905801711402,-0.53656531412885178,-0.82032443090664386,-0.19790273300664094,-0.023772109267413348,-0.21973419582548659,0.97527010105196255,10.619333087139148,7.112771495630545,-3.0043096244729459,,0.2517279044390348,0.3125,0,5
0.44531688313998419,-0.89138009377114624,-0.084465389474222649,0.89469776533832335,0.44665969556365304,0.0033204002159481945,0.034767546492372049,-0.077049625485961434,0.99642088141676988,7.6514793837768655,-10.585078439606246,-3.8641046978739109,0.8308319366144128,0.3394924750244894,0.6296296296296297,1,5
-0.42911918781982511,-0.90321346271233405,-0.0078843782284562288,0.89957498989323603,-0.42657159253307775,-0.093816384509199408,0.081372969734660072,-0.047351000189958026,0.9955582969256862,5.3492318142356465,15.66534730150279,-2.0322220378198752,0.4437673157214116,0.3910609127849387,0.8720930232558139,1,5
0.98668673573312704,0.14439402144456978,0.074830823190536119,-0.15137285865448527,0.98361131508959887,0.097954267341857776,-0.059460433828533131,-0.10797753191648729,0.99237357351460531,-0.89572376805863396,14.785554145044975,-1.5436290643475847,,0.2405361649293193,0.3225806451612903,1,5
0.97762508361196421,-0.21035475074439899,-0.00027337147312938334,0.21011726970020275,0.97645798165621944,0.048790808904904379,-0.0099964426889144545,-0.04775655870270034,0.99880898185511069,-0.75526899558826255,-10.45008223918591,-3.1322108667392121,,0.2354482713721143,0.336734693877551,1,5
0.99159596218573554,-0.12375789678879473,0.03770186678879936,0.12116363271118433,0.99052143008759364,0.064704487058148796,-0.045352198239727755,-0.059592612962035357,0.99719200688492393,8.006735116599506,-15.211978887702074,-4.2098335761067158,,0.4694329362272604,0.25,0,2
-0.96363771594445813,-0.26686872105017706,0.01354393349035397,0.26061377443161243,-0.94982837205160142,-0.17293502890482698,0.059015362286924673,-0.16311698063306446,0.98484010765367158,8.1465033768371615,-2.0719211187219209,-3.3786988881164159,0.4391753120809883,0.1565564552821559,0.2571428571428571,1,1
0.80093801101124362,0.59420387321639101,0.073621053863628175,-0.59528897072992615,0.80346570820647578,-0.008596340126471055,-0.064259970780081749,-0.036940665815659843,0.99724923833735646,-8.0778113860329839,5.5614000296963866,-1.5183780016770603,0.1609204914757097,0.09941043140047563,0.3116883116883117,1,5
0.60978354989589123,0.78507728741926075,0.10870913050328725,-0.78897437783515068,0.61432831429000601,-0.010961449778025389,-0.075388682147931388,-0.079084606846181404,0.99401316468343759,-5.5904774776414348,-15.499842960514897,-3.0870018484345665,,0.5081517356287828,0.7679324894514767,1,5
0.96139487291260206,0.25922133111849521,0.09232659330073055,-0.26385778004789939,0.96364890425484917,0.041950700073100582,-0.07809590415353021,-0.064692277913089208,0.9948446808084459,10.31996139826229,-8.3672502155141455,-3.9503744469472704,,0.1531044237214509,0.2857142857142857,0,8
-0.11483578228027051,-0.99306933794890073,0.02502065414434029,0.99075564536269523,-0.11632673732546153,-0.069794995273029098,0.07222184081029355,0.016774391462746584,0.9972475246903485,-16.050212796124072,0.20237686258596121,-1.2770370845725663,,0.7142072763319652,0.994,1,5
-0.65510502362670331,-0.75529686917929939,-0.019080026913104144,0.75163784979236581,-0.64895302457460435,-0.11790044382860149,0.076667794924368815,-0.091578443442880866,0.99284210120140126,9.6350030007864476,16.746987458888235,-2.3200008393191904,0.5541440417664654,0.5583278674484972,0.7192982456140351,1,5
-0.9920882535194081,0.11621215807076141,0.047493489504845159,-0.12169431466750665,-0.9831538719694034,-0.13637799605939091,0.030844626864599135,-0.14107869558549843,0.98951776671542246,-12.284198933886636,-0.50958202199399083,-1.6187168989783018,,0.5024054934194843,0.9731675392670157,1,5
0.98960260017760726,0.1313067159387212,0.058696167431170128,-0.13477877340425487,0.98907444643560227,0.059719524845333723,-0.050213304625014353,-0.067009594518217266,0.99648800207586052,-10.910182767108456,-19.734013274296647,-2.9754282965067484,,0.119079148512074,0.3714285714285714,0,4
-0.98815835016314235,-0.14419892874003665,0.052438001040101982,0.13859564118058956,-0.98546895955335301,-0.098194592532236807,0.065835577377259938,-0.089764128175215854,0.99378472419550956,-22.731610626803221,-11.183276070997328,-1.5776902489061595,,0.5062378578954339,0.7123287671232876,1,4
0.8737168940544483,0.47963119203668336,0.0810722435197129,-0.47979463153089524,0.87718084550529429,-0.0187316799233344,-0.080099317088111341,-0.02253184200388586,0.99653219491290446,24.979138242195042,5.3395540402694293,-4.4759760488664471,0.4517131914278183,0.3470134568221233,0.6666666666666666,1,5
0.61260103974779989,-0.79027578153953237,-0.013570379950366439,0.79003505557965492,0.61275004837131286,-0.019544543386999177,0.023760830270998189,0.0012519317219469373,0.99971688772961986,5.1137662006582509,-8.550209655835463,-3.5091410226586746,,0.1033599015211777,0.16,0,1
-0.56984614506223552,0.81357584097241731,0.11562751378341346,-0.82035711111700615,-0.55502622685998626,-0.13769567072833647,-0.047849568414658358,-0.17332120032930437,0.98370228235932222,12.328667582402172,-6.0464679828302952,-4.0143136208347885,0.4805456077243219,0.2491636021503333,0.3571428571428572,1,5
0.22132059928619857,0.96333423183260392,0.15167185009448844,-0.96926689511100927,0.23442867523422747,-0.074598138514229612,-0.10741917134972288,-0.13050039849522313,0.98561187473524603,6.3952512435892039,-16.574605132161047,-4.1885519659491983,0.8066029590159558,0.7014645198124972,0.2631578947368421,1,5
-0.59357512918396926,0.79911115391602039,0.095341122823474733,-0.80447359204874602,-0.58591044099181966,-0.097627838411791179,-0.022154135289415913,-0.13464887234499204,0.99064568613899495,-6.2144918511455263,-14.382939581705411,-2.9786531015236339,,0.1028388565729458,0.2558139534883721,0,5
-0.32189063189100359,0.93432620657491106,0.15303908261665447,-0.94575237656797084,-0.30979623311346843,-0.097871018001963961,-0.044032525669619377,-0.17624083992095091,0.983361735592306,-9.3684699278369603,-9.1683897789453184,-2.4095633941775567,,0.2533108146608724,0.5416666666666666,1,5
0.73995507741908906,0.66689568709613012,0.087844327843575695,-0.66866326223454842,0.74347160189526595,-0.011807578631427501,-0.073184186403623619,-0.050001197064336624,0.99606423244315512,2.8377543537961514,8.5031828077926903,-2.1968600248846264,,0.1662776467872808,0.4,0,5
-0.85470401964795351,-0.50257615957217971,-0.12999324069854598,0.51430624430509408,-0.78579860876204999,-0.34352530261454622,0.070499119614501768,-0.36046879240414964,0.93010328664953901,5.2521437891568974,-5.3452822399891105,-3.2993994837648968,,0.3563117186813685,0.2315789473684211,0,1
-0.59695129602415609,0.795392264204976,0.10488229697124064,-0.80204099826523223,-0.588479854588984,-0.10208671727819939,-0.019477866330565932,-0.14506070034923702,0.98923101747640263,13.257009226444765,-8.2348299695367846,-4.2081969857581853,,0.1006371539770131,0.2,0,4
0.32441798661402788,-0.94591367146611027,-0.00054414594039527782,0.9447990595835527,0.32406352345727713,-0.048348420599736285,0.045909769889803727,0.015170988694172983,0.99883038306346417,-13.869280162980564,-12.100839618260872,-2.2534272714510131,,0.129649552070687,0.6206896551724138,0,2
0.9740131333752412,-0.22596005952639195,0.015507014908544382,0.22470985337006399,0.97265437499735008,0.058727749802953221,-0.028353091735271212,-0.053717020555345274,0.99815358732597237,0.20551143899739424,-20.341791307724272,-3.8696224872204539,,0.5213159744608611,0.5757575757575758,0,1
-0.72207617928539403,-0.66566258034527259,-0.18841263343173603,0.68764942869631773,-0.66076271639172102,-0.30088352537196478,0.075790860413612895,-0.34682266614901025,0.93486351074531548,3.78955964743214,14.511300694536086,-1.945062565668924,,0.2391557159791397,0.25,0,1
-0.99750678367605206,-0.059583185517335033,0.037816141049359146,0.046030055047562891,-0.95551274444950252,-0.29133593878355962,0.053492528006970443,-0.28886889621104334,0.95587306178657261,-7.1751746952112239,-21.696811766498758,-3.352532255352537,,0.5087122233702092,0.6787878787878788,1,5
0.61699403996128332,0.78360125352448828,0.072714717403734225,-0.78340130783699613,0.62035717508987798,-0.037938979872814416,-0.07483812886181708,-0.03355668024934539,0.9966309265114669,-0.53960594092592284,-9.2015697624377975,-3.0782621923821196,0.4700256018867471,0.3642555578762965,0.8835616438356164,1,5
0.10569943065539215,-0.99403818505662345,0.026752887852686449,0.99256767826164416,0.10383503636899799,-0.063464078757484027,0.060307830581220676,0.033262168774470191,0.99762547767135723,-20.38574089820392,13.108592058570181,-0.035711781549781114,0.3817222064305658,0.3813369707713111,0.9371069182389937,1,5
0.33982486863355732,0.92774035410057731,0.15432723036302082,-0.9373377206990201,0.34751650952773472,-0.025105237708996513,-0.076922402542763238,-0.13612535024379255,0.98770078111139203,-13.495225005464766,0.64801361794564893,-1.4120218211437139,,0.1098998926663623,0.4594594594594595,0,6
0.83158995448812711,0.54814572946014906,0.089411447080539053,-0.55400629680836277,0.83005529301721703,0.063915832395314329,-0.03918125433314807,-0.10268626884205659,0.99394182903235229,5.0518725103704858,-4.1249000261080093,-3.21233029186256,0.4593123063629118,0.1805000597787035,0.2747252747252747,1,3
0.75450389007893914,0.65312518392284957,0.064431156915690901,-0.65202511418424769,0.75715458243092748,-0.039751588356547102,-0.074747109166636697,-0.012018004393145057,0.9971301004591322,-11.586296376061618,-17.971136088219104,-2.8092488667422297,,0.07024164045270018,0.1851851851851852,0,2
-0.95371542277313037,0.28552335973753445,0.094357317728194612,-0.29807723626868859,-0.93905381602365778,-0.17125388121098395,0.039709615750965148,-0.19145323621081986,0.98069812111643917,-2.2713523978593133,11.628488665528209,-1.5906471908616433,0.8641882776004263,0.3829682262468532,0.28125,1,8
0.54048635520915345,-0.82861797104553958,-0.14583126514262573,0.84086940427155032,0.53787427324078119,0.060248743934705119,0.028515693797155905,-0.15518867305984452,0.98747320518644544,8.0239922627422064,-0.49927975486107773,-3.2738438378472194,0.875012071225736,0.523516726100051,0.6122448979591837,1,4
0.83259586161567833,0.54648215847915138,0.090229605365496984,-0.54578274744424138,0.83721825725001586,-0.034449707102679063,-0.094368023252904734,-0.020563078349627801,0.99532499013946463,-10.789472545247886,1.915620559205915,-1.5436920505998475,,0.2825581157977156,0.7861842105263158,0,4
-0.79355089867551887,0.59796328217590733,0.11276916413937266,-0.60848954605929129,-0.77851453811729621,-0.15380372647166354,-0.0041765473580441864,-0.19066994285788491,0.98164531748627848,13.124767444198087,-6.718051587442913,-4.119314553555407,,0.2567574726659411,0.36,0,1
-0.71819673651436711,0.69267321980015739,0.066311825731128982,-0.69570080603453277,-0.71287825724536502,-0.088345791239379412,-0.013922504911607896,-0.1095828495636698,0.99388015521917517,-5.1669902491504152,4.73371462203795,-1.8043390726785975,0.3260488468812157,0.2049374525320889,0.5858823529411765,1,5
0.56464999482451594,-0.82049394620626914,-0.089219210843499944,0.82459168808035477,0.55626570584902368,0.10303888802329421,-0.03491319655178627,-0.13175032726771571,0.99066791609064697,6.3148643128619426,-2.5578845782533981,-3.2380577981589735,,0.18745208680372,0.21875,0,2
-0.39762963641123178,0.91077602156881943,0.11125516070163127,-0.91645560808058635,-0.38831715017563767,-0.096534497963753851,-0.044719019053580965,-0.14034539327938508,0.98909219990865382,-1.4551268377749502,-12.55065483412913,-3.2201806351095739,0.5271141112167238,0.2188519062485008,0.2545454545454545,1,5
0.92037605293927449,0.3649661118617587,0.14038396763317407,-0.3855726192699635,0.90681457599704884,0.17035574551095123,-0.065128154013617101,-0.21091956275272955,0.97533135989927822,15.065104734285915,31.534374978338963,-1.9242540761872262,,0.4224498590704094,0.5555555555555556,0,1
0.99898106677715404,0.0068210964684089275,0.044612788118968558,-0.0081887467494800702,0.99949983454207991,0.030545460825253511,-0.044382120808408906,-0.030879659864105957,0.99853726718596969,-31.920196402788513,0.33403156287024732,-0.2574905068251177,,0.4442620971175946,0.9666666666666667,0,1
0.93942842912760771,0.33748320545123334,0.059827356495131101,-0.33574630441452646,0.94121223072010873,-0.037335717682455208,-0.068910417346166833,0.014987420766650071,0.99751026641330354,19.423093007584026,-0.90335732666013957,-4.3163560463066792,0.209382682037038,0.2342756613656266,0.5384615384615384,1,5
0.51323867188063121,0.84513676005130922,0.14943199957231654,-0.85533542971310295,0.51801237838087477,0.0080298519095695371,-0.070621302478120193,-0.13193571409654128,0.98873939892275375,8.1780268834613388,-13.459112851524699,-4.1015589294442805,0.5536773693551579,0.3900115608998162,0.9016393442622951,1,5
0.22929694052469066,0.96685474777423164,0.11231567019984745,-0.97066699455158167,0.23570800305894329,-0.04740593825843023,-0.072308358812888385,-0.09815107742857225,0.99254111614854235,3.2483561766701023,-22.940396727773468,-4.3229903450819682,,0.5200535478198762,0.8347107438016529,1,5
0.98411530800439295,0.16897434430835662,0.054449348177732157,-0.17326107014635025,0.98101772082420402,0.087090946720224729,-0.038699639832438348,-0.095141486190013211,0.99471123220882307,-5.6996040370668037,27.664049195453231,-0.33827997980670726,0.6465803017912093,0.6806415429185582,0.59375,1,5
0.94921035218944227,-0.31457601636268034,-0.0064526913594962453,0.3112800991251285,0.93588012040853608,0.16502454397074653,-0.045873818077900967,-0.15865159990838226,0.98626835225584775,-30.034875062858319,-9.7372901478194187,-1.0473975221922174,,0.3215234130572494,0.1935483870967742,0,2
0.45037189771834535,0.88312238763657414,0.13137732757463658,-0.88873448189845983,0.4575172304131887,-0.028792439280506975,-0.085534638774316371,-0.10379225563654669,0.99091422092915049,0.15969593648389704,-14.753807165469986,-3.47910723721535,,0.1067185302777077,0.375,0,5
0.57072207829148691,0.8011227174568164,0.18021848108685101,-0.81748065112991242,0.57502961713341938,0.032654623678843857,-0.077470603320613216,-0.16596183595633893,0.98308441887110631,-1.7666931402509261,2.1634670079463212,-2.2245484426458852,0.3589261094561622,0.2174436925509493,0.1693989071038251,1,1
-0.11002050471665233,-0.99392369962717797,-0.0033418350223757957,0.99212889590546649,-0.10961830886509807,-0.060531646854814325,0.059797512082803914,-0.0099752534293447472,0.99816068439291228,1.1487337421393968,-17.488475745830371,-3.7770947261782872,,0.098279880483848,0.12,0,4
0.43833004964063066,0.87747503002145133,0.19469036768904222,-0.8946214435475921,0.44682476621403572,0.00031787197556011197,-0.086713553305483429,-0.17431351062560929,0.98086469999001968,12.338158519629019,-10.233102962501166,-4.2791643517087961,,0.145446169074924,0.2857142857142857,0,3
0.91955600543247418,-0.39246333331266858,0.019730303550144282,0.39284990211946341,0.91932416528089789,-0.022628158018442847,-0.0092578225193312852,0.028558906416195604,0.99954923920060645,8.8873024995398353,-7.350175861842815,-3.7801560785180111,,0.1199751490618102,0.2291666666666667,1,5
0.81935236425122615,0.5563595660488404,0.13829582951728242,-0.56985553844051318,0.81675760470448189,0.090397347671658024,-0.062660741334585088,-0.15287592493046137,0.98625685451207734,13.70324807143629,-12.211716460071987,-4.5401816555890981,,0.2228338673842321,0.4375,0,5
0.086042888393490405,0.9937864908987426,0.070604758083793739,-0.99408654095585247,0.090348799922476755,-0.060241542501816854,-0.066246286290895517,-0.065003883420407693,0.99568364689440025,-11.597737015124949,-8.9516841407553613,-2.1862921219651708,,0.1128813511243277,0.5607476635514018,0,2
0.96488664169448146,-0.26207690036270348,0.017591673479860903,0.26198229724750532,0.96504335257030027,0.007523535657745363,-0.018948472457277217,-0.0026506520237886181,0.9998169479636676,3.9717280896308589,-15.70607509704603,-3.8895859212322281,,0.08237699463897119,0.5,0,5
-0.67251309992331942,0.73487748368658967,0.087642537628675354,-0.73990321811042969,-0.66499049608101268,-0.10164087736613889,-0.01641213762303375,-0.13320181715124932,0.99095303503559029,8.3004288556122727,-4.4817721532319821,-3.5391648836481759,0.4869671715277465,0.3890575790909047,0.9015748031496063,1,5
0.0041644656712744969,0.93584157880944563,0.35239636291698068,-0.99742993341450259,0.029093803950953626,-0.065475785603560294,-0.071527513268760404,-0.35121800913835127,0.93355756378622912,2.0078425029533453,-24.484893136278206,-4.2955256287666401,,0.4430350743299147,0.1333333333333333,0,2
0.88340302315010621,0.45581819122759926,0.10876063274573602,-0.46363668164116678,0.8838912972848425,0.061458945816578528,-0.06811847125428111,-0.10471843739341073,0.99216627776994226,15.05232908055023,20.813211385254139,-2.5371698079944207,,0.5761546358955335,0.375,1,3
-0.91909614669408934,0.38603025204736729,0.079012136006591252,-0.39347439761450359,-0.90982814416137636,-0.13187360051871538,0.020980265822469649,-0.15229377070685565,0.98811256233786782,9.3804623669303577,-5.5761605028220949,-3.7075002696648269,,0.07464538199035119,0.3928571428571428,0,3
-0.21385269566263279,0.97204817084848272,0.096898803439186929,-0.97495031295251711,-0.20617172489185492,-0.083457217356604496,-0.061146642030577625,-0.1123190696419718,0.99178904751118702,15.060129618980101,-7.8316323352067574,-4.3545167519158481,,0.08342029708281427,0.3,0,2
0.93584340675897704,0.34247191536264421,0.08312704261305924,-0.34765280702407747,0.93579497698073144,0.058525950021430559,-0.057746374726306345,-0.083670474155901398,0.99481888198832202,17.668950494561233,-0.26787621433399511,-4.1402555289978915,,0.2658936881270526,0.3181818181818182,0,3
0.55453640841173935,0.7998007165196297,0.22980031679807755,-0.82925175349387625,0.55417570968478924,0.072324353593325966,-0.06950468382160277,-0.23066880294059758,0.97054675429719084,-15.279890562223335,-15.802702282512811,-2.3905704782485295,,0.4655638792569452,0.42,0,2
-0.37684479816082267,0.91445068115172634,0.14753965514488718,-0.92528785244505973,-0.36427961183262636,-0.10555924649541587,-0.042783036553496981,-0.17629610359907086,0.98340698372497193,-1.9919322508020094,-14.647512482398186,-3.3078015036444457,,0.1540916832645832,0.1111111111111111,0,1
0.20957188396033491,0.97355493092596612,0.090941860125322529,-0.97500360710423895,0.21508872979295737,-0.055720772157023563,-0.073807801667837014,-0.076991134462286628,0.99429611968828047,5.1433883653467944,-12.990988764446458,-3.783743656266441,,0.08688101661756741,0.3333333333333333,0,5
-0.4222907569891407,0.86551767872300689,0.26935044900551763,-0.90631289507357793,-0.39779024388070111,-0.1426879746043053,-0.01635398376192446,-0.30437159803645858,0.95241297635208866,3.4533441623630456,-20.360265245263683,-4.1378633955180995,,0.3291090646450233,0.3809523809523809,0,3
-0.31166483792594984,-0.93127881494341236,-0.18863933216109705,0.94727333173522477,-0.28897416068199899,-0.13844554684561142,0.074419512117707892,-0.22184161759175716,0.972238670759621,16.291937968129794,-16.16494326037542,-5.0597553703744955,,0.2327316805851942,0.3333333333333333,0,1
-0.98806193141991872,0.13287154807182727,0.077966476076163929,-0.15007172850216996,-0.94450956052575574,-0.29219884732800222,0.034815168865164337,-0.300411121279553,0.95317420350555571,-7.4194697442781834,-11.745711001777202,-2.7216488112240609,,0.6210033491638465,0.1764705882352941,0,2
0.22724006511668429,-0.94113063692458776,-0.25027000828642132,0.97242941300795538,0.23311120839722205,0.0063404445104461487,0.052373557476729247,-0.24481072027488304,0.96815531900399354,3.3480355070244343,-38.582029802798431,-5.2420708702775833,,0.5299620173137527,0.5769230769230769,0,1
0.03920527275096241,0.98724487258391469,0.15430653954156906,-0.99696275342820151,0.049046632039943631,-0.060495422656578125,-0.067292011898755874,-0.15146613298790434,0.98616925306577519,-0.74076636969266352,-15.620160915375543,-3.4875889923464292,,0.6027524291261187,0.2682926829268293,0,5
-0.58500117864617085,-0.81100358798175964,0.0068411448824438484,0.80555800226832452,-0.58201018348831324,-0.11108758390281508,0.09407404511370912,-0.059475428511372594,0.99378707349176743,-19.146687574800048,-11.487753092611834,-1.8475645006281443,,0.1108201179749796,0.7083333333333334,0,2
0.23568289657826683,-0.93619280680997019,-0.26076157833880825,0.97044448113926418,0.24103941629542633,0.011726415407218669,0.051875632881156777,-0.25581835014171384,0.96533201047305417,-10.79241797785008,10.548590350668356,-0.98345344840257476,,0.616158512202829,0.4383561643835616,0,1
0.77150991139341241,-0.63573361659564886,0.024803736652871486,0.63619921385916556,0.77060746117274537,-0.037612512145216326,0.0047975938456594706,0.044798543671766139,0.99898452119048364,-5.1128156508118501,-14.276358099949645,-3.05236982444569,,0.2311512705716142,0.7603686635944701,1,5
-0.76921292290748533,-0.63884163094081858,-0.013887037444983933,0.63765333684347192,-0.76601319619791841,-0.081375704378119321,0.041348533764923368,-0.071450359184012865,0.99658674731704433,-1.0522559842455357,-20.83147254009705,-3.7821519251918327,,0.3507988369009987,0.7450980392156863,0,5
-0.40601799671801025,0.89754392508533132,0.17194269069521784,-0.91223197460000638,-0.38681094836780749,-0.13494485814646673,-0.054609622398133155,-0.21164166122296124,0.97582047343572276,4.5334980791872699,-18.67224108776875,-4.1253907590497434,,0.2354782470366041,0.1176470588235294,0,4
0.99882680782525879,-0.013009070935640575,0.04664517170079633,0.0071364985330398594,0.99226636724786088,0.12392145422573941,-0.04789653806167226,-0.12344318734594296,0.99119508732619455,6.4330210880007117,5.9083600048244209,-2.728460050167647,0.8325851126893939,0.4498207022238507,0.1052631578947368,1,2
0.54166936321085235,0.83190279327025218,0.12054892578494193,-0.83713216636485677,0.54686160001806872,-0.01233395568990845,-0.076184230625719107,-0.094234457470881147,0.99263076218155621,10.857008096454122,-3.458072783854568,-3.6844968840615167,,0.1450710978555899,0.35,0,5
0.84518183651703305,-0.53165896591865991,-0.054830713838107836,0.53447134653058193,0.84016649025470491,0.091981782929430295,-0.0028360111920924724,-0.10704677767869351,0.99424994062314453,-10.538730522547706,-10.094450674301621,-2.3555522394166317,,0.08514771990020346,0.2564102564102564,0,1
0.47170303373485128,0.87476619037972669,0.11081678633617703,-0.87837381873085452,0.47716673024623657,-0.027773118555378663,-0.077173068706082509,-0.084237899514739187,0.99345271339497132,3.0481593477727245,-11.564005039796491,-3.519899698114235,,0.09804267503690425,0.3793103448275862,0,5
0.24254655531171462,0.95753471751512031,0.15587954727821379,-0.96830990738232769,0.2488076824756125,-0.021694709178572542,-0.059557466128517186,-0.14567773300801412,0.98753779995197977,13.664578205417952,-19.402488822945134,-5.0040613691429678,,0.1958273440254935,0.4444444444444444,0,5
0.92009755228089807,0.36834781847629516,0.13319301374491799,-0.37480532622537671,0.92673149591996318,0.026262176281405203,-0.11376054553222056,-0.074085215081695452,0.99074210528598716,-7.2724220795987327,12.341219449428857,-1.1441085844016221,,0.1967868525053935,0.3846153846153846,0,5
0.63344958941605689,-0.77023848889311053,-0.073988430827308008,0.77347726504823699,0.63298911238787547,0.032522362335921561,0.021783895935494981,-0.077829646190046578,0.99672865317086368,-6.3921570308651541,-13.205642780968152,-2.8920583539080322,,0.8544593482884696,0.575,0,1
-0.45806027749682893,0.86709094240420781,0.19579090831831514,-0.888157548238522,-0.43729996254840792,-0.14122645737289455,-0.036836825140952822,-0.23858340335351019,0.97042310769982743,-4.7563741507518431,-18.443747901349425,-3.3663886768357854,,0.2623685265801332,0.1818181818181818,0,1
-0.54664426482621509,0.82754847424612565,0.12784197474036066,-0.83732969838137694,-0.53881244825838837,-0.092520926337514547,-0.0076827040264075752,-0.15762191590863697,0.98746964899389766,6.8218481034794216,13.08734430429687,-2.2957459616923566,,0.2440466218729772,0.1666666666666667,0,3
-0.90524193304841494,-0.42487827793013655,0.0039359362152726861,0.41963687392724575,-0.89545093221370298,-0.14856824034153035,0.066647855864519642,-0.13283853710701432,0.98889432517733178,9.5144866649132265,-9.9723729958217149,-3.9722018014925493,,0.0902325932988912,0.1739130434782609,0,1
0.77610649926171527,-0.61637762676513075,-0.13318154161561141,0.63056980272481311,0.76069104447642089,0.15404823512446369,0.0063581204231855683,-0.20353809490303562,0.97904638206160977,-21.229551195054114,-13.892030438771913,-1.8783305041415079,,0.3873387212610724,0.2666666666666667,0,1
-0.71541207185571232,-0.68498866488767651,-0.13775375282915389,0.69456348868215678,-0.67578608389031769,-0.24676857378900435,0.075941606730357561,-0.27221994378734737,0.9592336391993479,-2.6983828581261475,16.031494378118854,-1.2828668904766105,,0.3252177223813181,0.3076923076923077,0,1
0.84613045785882701,0.51759771656485631,0.12710567292791833,-0.52618994953207399,0.84918920004249854,0.044741921534673351,-0.084778448293451519,-0.10473923017679854,0.99087956299790858,-0.80780340451767951,13.579036050194739,-1.6080368997264149,,0.1440594032631667,0.25,0,3
-0.98322892713350729,0.17580443691966122,0.048514707123241074,-0.1821290143868832,-0.96035011369236201,-0.21108453578964465,0.0094815065446096723,-0.21638035745055095,0.97626310077930145,23.208657388556372,-4.4629347725102093,-4.9527388985743048,,0.3169549839400254,0.3478260869565217,0,4
0.5832557274956286,0.79891735013036491,0.14677814552658061,-0.80858775113272707,0.58827026034525387,0.011133261491895448,-0.077450662112501581,-0.12517654913762447,0.98910678214454251,-3.3521372118130555,20.380070435504766,-0.97324679491318589,,0.1684706012086373,0.5294117647058824,0,1
-0.77318100243812016,-0.63374377013746996,-0.023663712319296721,0.62396765133725052,-0.75352297049164441,-0.20704468847600122,0.1133821306620228,-0.17484841078315483,0.97804525748717064,12.624541257223679,-7.2171424131754565,-4.0875740295168912,,0.3390282458930758,0.53125,0,4
0.035754758998806799,0.98025578744671527,0.19447413294872415,-0.99721123105214127,0.04775181273435479,-0.057354381210642555,-0.065508456495400977,-0.1918810974478827,0.97922943510179794,24.119476171267205,10.092053660520516,-4.0747035452620599,,0.749591396837336,0.5,0,1
0.68443851064478278,-0.72875307733095529,0.021514586377904658,0.72895852191593502,0.68351788398982161,-0.037719697668587369,0.012782741196034682,0.041500054779929595,0.99905672860993,30.262764904376716,11.111721707864907,-4.8774603864928743,0.3517160526208798,0.2504467458628737,0.5517241379310345,1,4
0.4372692820525555,0.89165947885812757,0.11721326177397912,-0.89728969913408163,0.44133123853831924,-0.0098961466289818004,-0.06055386693772799,-0.10084697146015635,0.99305745933767708,-2.7809875854967183,-11.410348577921171,-3.0450389020238831,,0.5130875275200908,0.6851851851851852,1,2
-0.010288563451118433,0.96147492125894285,0.27470005688427096,-0.99854501851527777,0.0046636198643582576,-0.05372240359555281,-0.052933840408901124,-0.27485309974579164,0.96002801110160019,9.6916902848587672,-19.983245811911807,-4.6589138574841282,,0.5287091937602082,0.4736842105263158,0,4
-0.70917782701461241,-0.70359874925668475,-0.044895542264939081,0.70258240069378508,-0.69998071289180586,-0.12808189495333971,0.058692247411319627,-0.12237565780787343,0.99074689929865556,2.4432051418822698,2.8954184593216272,-2.5376331713668954,,0.5426622422784418,0.505338078291815,0,3
-0.15555615473736156,-0.96847388807373835,-0.19457803278546765,0.98534324047119659,-0.13816546573408248,-0.10004500255487719,0.070007008085243336,-0.20728876524746961,0.97577168775340684,11.097794126686637,-0.63609062909881975,-3.5610693498431591,,0.3354345692624898,0.25,0,1
-0.92041144518559193,0.38308533773881109,0.078028171713249536,-0.39064924712635329,-0.90903837511750551,-0.14505998167426906,0.015360250355528951,-0.16399651390583619,0.98634132334387614,-1.7067770024239621,-26.318669905857568,-4.0914631948624542,,0.1416157220507632,0.5333333333333333,0,1
-0.73160100687064977,0.65585183602449937,0.18606003313217093,-0.68172409824419089,-0.70521684186979494,-0.19473433137568899,0.0034958001939101452,-0.26930944121305045,0.96304735306968059,-7.2172193017827642,10.884814354631283,-1.2414938588405118,,0.2316322459620291,0.1333333333333333,0,3
-0.014871097125448693,-0.99981217133272149,-0.012428697648358458,0.99756857150676692,-0.013989017629189809,-0.068273366166597266,0.068086677200708851,-0.013413778018107232,0.99758923157131518,17.244611654325297,-4.3635112689536015,-4.3665337033241123,,0.08261584620481982,0.4,0,3
0.062492422140295149,-0.9945612764804358,-0.083322052907053509,0.9964532296730344,0.066888769140469845,-0.051057356346089551,0.05635297906249323,-0.079835830856073667,0.99521383725423684,4.6633747452008949,5.5734262664336027,-2.5694391549972848,,0.4356221949905838,0.5277777777777778,0,4
-0.93773690381030361,-0.34727773763002134,-0.0069045042426899104,0.34202821996174759,-0.91973187187910388,-0.192639509445896,0.060549120407001576,-0.18300671243517602,0.98124530430550583,10.872337117048209,-9.175031997114484,-4.0549178706708826,,0.1928256327153201,0.32,0,4
-0.94683217644482132,-0.31545356545096137,-0.063228772667507843,0.31573428037300449,-0.87331422928939162,-0.37099072915373099,0.061811761389757608,-0.37122945056252216,0.92648151691706404,-11.277909158465432,-24.244897669418638,-3.2477611039448644,,0.7126409990880838,0.15,0,1
0.48235756010691633,0.85264258800941806,0.2008277902091867,-0.87257270931613906,0.48787153798501887,0.024458728111364497,-0.077123609643196062,-0.18703470142391931,0.97932117780576455,-24.350906059811287,-2.1444551709866517,-0.89807034346349701,,0.3846215242154574,0.4285714285714285,0,1
0.40394525680260662,-0.90287928906077974,-0.14709595130994513,0.91358375192927044,0.40639758044118485,0.014343459219718933,0.046829026442083879,-0.14017844340929198,0.98901822343465184,13.426613296496116,-2.2071942038207641,-3.8222823657934981,,0.6081287937146246,0.3703703703703703,0,4
-0.26316401728658634,0.92516914283912111,0.27350823962709159,-0.96344311009636119,-0.23726702387619975,-0.12442561227006396,-0.050220251029189415,-0.2962539730016393,0.95378797951500105,9.8126396322097502,-17.125317183460442,-4.5273293104969063,,0.3500436695017718,0.3,0,1
-0.11539955293636306,-0.98923509828264422,-0.089982573356273091,0.99154102573313463,-0.10930150369298797,-0.069996968352468936,0.059408227293636449,-0.097299031938561611,0.99348052870383352,20.737502902411194,1.9271905208642173,-4.2900677878470885,,0.269544383721146,0.375,0,4
0.042587231554101504,-0.97139470846229181,-0.23362073555233945,0.99716304479744466,0.055852855412190636,-0.050461080374814074,0.062066011623479238,-0.23080896627679703,0.97101752367678207,19.988996237242482,-3.5221822880843261,-4.5442509092492918,,0.5067962258585359,0.4782608695652174,0,1
0.65588802295719761,0.73538267161028781,0.17036204869810206,-0.75092662088721696,0.65864217577817974,0.047955128287714012,-0.076942260066912987,-0.15938259183957681,0.98421393915870459,-5.6372867332825223,22.359839643753475,-0.62276777581424869,,0.1585524313687434,0.5333333333333333,0,1
-0.98465893971597407,0.17372904119884003,0.01627859581000294,-0.17035045203010743,-0.93690598528518043,-0.30526692947311351,-0.037782217120647908,-0.30335687725999649,0.9521276747834353,31.637982203028955,16.270257387490325,-4.4175736899519169,,0.3393799386568853,0.5555555555555556,0,2
0.96331479672130627,0.25878240914070844,0.071107433768338696,-0.2635873425974179,0.96213733617859665,0.069379097382313987,-0.050461026943762387,-0.085576930597469944,0.99505289995522139,24.804588687165996,3.2467836280713143,-4.6281726395980991,,0.3848182939598315,0.7857142857142857,0,4
0.98091450924691725,-0.19376323782814608,-0.016202876757926386,0.19199199301904013,0.95201817812317791,0.23832847739957821,-0.030753864236158977,-0.23689068404936856,0.97104943419228962,11.370062531955552,-10.962549535711737,-4.233076712616171,,0.5868489453732556,0.3333333333333333,0,1
-0.52236372151610189,0.81436842953437738,0.25286400183015439,-0.85213320507588231,-0.48749839745267648,-0.19030058667323227,-0.031703994242879896,-0.31487993498917044,0.94860185709825751,33.871966486488269,14.849484324778466,-4.8521258202337014,,0.4147983031404859,0.3888888888888889,0,1
0.92633217738130491,-0.36727021566778406,-0.083793113269233402,0.37634453992568162,0.89248967027964066,0.24865030808801625,-0.01653736424398403,-0.26186786195995448,0.96496203990436014,-8.1556464129946313,20.385695906024651,-0.51469135416467116,,0.3969816895026516,0.3225806451612903,0,1
0.91277916914630641,-0.40819459254363993,0.014538328332745695,0.40821686896543813,0.91288368844034573,0.001535992058493918,-0.013898786444620864,0.0045327693170175648,0.99989313315858197,-12.029239791466834,1.5642133714075837,-1.4786692632676903,,0.09592758382076819,0.3333333333333333,0,1
0.7095160092741174,-0.70157780900575206,-0.066148397519660285,0.70412817373668524,0.70956601007514075,0.026825217544043024,0.028116677150237312,-0.065609871640886164,0.99744914517447725,-0.39428199591663404,-5.3088759898058555,-2.8561167658038689,0.4498717479019393,0.3260360935708186,0.5383597883597884,1,4
0.93356691588851315,0.33000064947466706,0.13982984268283807,-0.35271488501171044,0.91517523817850266,0.19505510328134396,-0.063600498815537129,-0.23141705808176261,0.97077346573708756,11.592200097675997,-15.701511962372097,-4.6225210034363968,,0.5226474053192821,0.2857142857142857,0,1
0.74275142429343688,0.64594352723934989,0.1762874962317442,-0.66532337480748804,0.74160028351034479,0.085870987138553873,-0.075267048864988029,-0.18106898993191073,0.98058599431166249,13.242692967821187,-27.767333812152629,-5.4966084599983436,,0.5838381321235793,0.4324324324324325,0,1
0.21913265090119138,0.94540707818651171,0.24121844420329994,-0.97308193113118036,0.22984350139405171,-0.016838057279146224,-0.071361310351126875,-0.23103554138220045,0.97032476109970744,1.8272660867911439,-15.556064327754527,-3.6818811158116445,,0.2522570261145385,0.2580645161290323,0,2
0.58778101857814136,0.78097292112944039,0.21117473963945693,-0.80530896917024708,0.58977403136351747,0.060366017784669247,-0.07740115227305884,-0.20554291131482538,0.97558247895041095,-9.9244298311288599,36.23146493143031,0.41615831612279314,,0.2642057412992749,0.3,0,2
0.99176670058957295,0.11725678177952469,0.051474835875216153,-0.1170100225896885,0.99310016679710511,-0.0077918753276510801,-0.052033318318478433,0.0017046507765502753,0.99864389446413626,20.247639107909727,-0.0030133152701742293,-4.3543386369723525,,0.217941796683522,0.7692307692307693,0,2
-0.10441645333425763,-0.98807225363077078,-0.11318315191805198,0.99280749256615508,-0.096855762909037371,-0.070372181263708325,0.058570359206672994,-0.11971709483744733,0.99107887184930099,30.193783360553624,-8.9133253583540348,-5.9490535777991695,,0.2792976918421757,0.4090909090909091,0,2
-0.99125555147733169,0.12877816120010163,0.0287857058849076,-0.13145459026171352,-0.98270743311970865,-0.13040625594808719,0.01149444929071197,-0.13304993832840994,0.991042678973166,4.4799795990098294,-24.741553057271169,-4.5335182715280755,,0.3386043863078128,0.35,0,2
0.90614493411709696,0.40828225645101823,0.11048510053933322,-0.41610350452437311,0.90735772208956422,0.059664375358930551,-0.075889603348921225,-0.10003780901090019,0.99208528104787519,5.2879452552504969,-21.487114494950514,-4.402705037246605,,0.5086741718221016,0.813953488372093,0,2
0.71465369164648129,-0.68444651930288336,-0.1442326704676323,0.69934881791800285,0.70313569382641816,0.12849679740730499,0.013465953094698144,-0.19269965822857602,0.98116538352402238,6.9973973753787586,8.4417940634691231,-2.5817041652301538,,0.4043005062810567,0.4444444444444444,0,1
-0.18002524667724756,-0.9819628046413531,-0.057792394479577937,0.9811100242402172,-0.17501868937333703,-0.082411035094811985,0.070809822017535981,-0.071536764470629746,0.99492133379223369,-12.67852045186047,2.1288693514778583,-1.4022533217618709,,0.6400085388341283,0.3220338983050847,0,1
0.96243742095234697,-0.270801550142585,-0.01951233432905777,0.2703577273140057,0.94930137947778614,0.16041692617419956,-0.024918066381675555,-0.15966656306799476,0.98685646302076446,-0.15752652334444117,-22.113727131109258,-3.9501164182841255,,0.4983645096759882,0.125,0,1
0.9105309370550555,0.38614010850667568,0.1477471802373726,-0.40811607687596313,0.89662258495890979,0.1717824436226657,-0.066141367244825028,-0.21671122892931535,0.97399258867556593,13.835391419870684,-0.48549010522490721,-3.7925411022624651,,0.2168038638764901,0.5,0,1
0.28441555015683867,-0.94760096280360528,-0.14546549461182937,0.95684278479154328,0.29002034316919756,-0.0184414137306835,0.059663054073255103,-0.13394258412357976,0.98919143957929112,5.1196437098029302,16.669128842568078,-1.9500962362824479,,0.4790247943903585,0.475,0,2
