axis_00,axis_01,axis_02,axis_10,axis_11,axis_12,axis_20,axis_21,axis_22,location_x,location_y,location_z,dbh,dbh_approximation,score,reconstructed,number_clusters
0.20968803615834267,-0.85801176028608939,-0.46887817895784295,0.97218810554325896,0.13179585232941632,0.1935978841541677,-0.10431306213636644,-0.49643294866429655,0.86178484121514076,-27.549998701805059,16.21794673338951,-8.2812624337231995,,0.3958517290162569,0.25,0,2
-0.97609617803838977,-0.032086366649914634,-0.21495747554819805,0.033531866110658511,-0.99943290173353749,-0.0030804038073559011,-0.21473673457045911,-0.010214695672742314,0.97661855133840669,8.1816346405552682,14.901751670169311,-1.2320188806632926,,0.537472541282574,0.2,0,4
0.94481862363010649,0.26175578081471179,-0.1969814195597879,-0.221194384656902,0.95327116204566908,0.20578419717838303,0.24164190993692106,-0.15085755805453624,0.95856725613795946,-13.214031147367301,-20.597198309137724,-1.0379084741089932,0.628218780918483,0.2429389246773942,0.375,1,5
-0.50187979183688569,0.85454779958735017,-0.1336590167784508,-0.86458485913509397,-0.49123765130889591,0.10572885741777835,0.024692020980744724,0.16862273914551845,0.98537133911178321,-12.852727099530199,-21.890156591366903,-0.83049805603508686,,0.09067070379919237,0.3888888888888889,0,1
0.18997264069801695,0.98114736113920198,-0.035500021349300311,-0.96000478413203794,0.19321067852969234,0.20263377839267796,0.20567258016035897,-0.0044146836437560432,0.97861090344350055,26.727983062451372,0.64553145834864567,3.2198323194947376,,0.2332675171557722,0.5882352941176471,0,5
0.26858768677361688,0.96256443129296021,-0.036474239173108228,-0.94095676864550482,0.27028222305554211,0.20383296946363549,0.20606070477848698,-0.020426343525304015,0.97832599394904096,-21.129939845758191,17.531174161608934,-7.161035400980146,,0.5597075634586839,0.6551724137931034,0,1
0.96749552642316794,-0.073670187445269111,-0.24191963507110328,0.17133479079809694,0.89456455130121937,0.41279371726980046,0.18600213927084069,-0.44082532485898163,0.87810946763467013,2.2213638360755414,14.711227168701102,-2.3537452424318941,,0.3016480854950585,0.1904761904761905,0,1
0.96822962652943734,0.14158896028642279,-0.20611636673412598,-0.098536245667330588,0.97359415767578805,0.20592480285133358,0.22983036918661207,-0.17907256200932326,0.95661435225223501,8.2955050227078804,18.03950487766782,-1.5812029183555383,0.2254695405774929,0.1412304238432321,0.3076923076923077,1,5
-0.87018109603592297,0.48811419990966926,-0.067300727694882642,-0.4787229637562464,-0.86985529951037288,-0.11906335240598789,-0.1166584076445101,-0.071388274669307611,0.99060311435285953,-7.0378667388915908,20.343351673967835,-4.7719341364854193,,0.3057959135753922,0.2307692307692308,0,2
-0.74855463212888074,0.63566889733850318,-0.18865581272478049,-0.65992226951477562,-0.74191136339254582,0.11861756643718967,-0.064564393568465731,0.21328990089890526,0.97485324908812354,-5.0012487497284868,12.908867504648933,-3.4877854692517656,,0.07977905499539195,0.2307692307692308,0,5
-0.63389416630812401,-0.68581104603510257,-0.35754915054684083,0.73950656926699954,-0.67283711400836554,-0.020500049362048505,-0.22651317827332121,-0.27740480736485523,0.93366929526432796,-15.556731202564258,-22.274136217255879,-1.2938981933674836,,0.3543700310997891,0.3333333333333333,0,3
0.92039971139278509,0.366018185634499,-0.13745929962322595,-0.30106917040127351,0.88780224458758183,0.34808695628986258,0.24944283092918751,-0.27899437680727779,0.92732972119303492,-6.7967404774124383,-30.632184268128519,1.2470928127974492,,0.1970296316960748,0.3333333333333333,0,1
-0.044752869776392874,0.99775513089239409,-0.049818464696136884,-0.98862119280876404,-0.037063859142099614,0.14578891410142489,0.14361517251375383,0.055776062279418837,0.98806058169549948,-19.026700537923265,-21.153229483312586,-2.0180935681977892,,0.1383315353243474,0.2,0,3
-0.20401743311897483,0.97896381355514484,0.0025959069924493261,-0.96860352569471386,-0.20224173508086801,0.14458731134940697,0.14207074644456197,0.026983927457818035,0.98948864099778189,10.027693085501904,4.8082211732317388,0.015910156670792944,,0.2845576004206473,0.3333333333333333,0,4
0.3778426553171414,0.92373037448602691,-0.062905668065735165,-0.88681564061052198,0.38059330238703704,0.26211973933048005,0.26606944091992513,-0.043254287995917809,0.9629829277710612,15.077146437170923,2.5379803287557392,1.1175111973120717,,0.5691091014913203,0.3478260869565217,0,2
-0.97770638340631788,0.01285071280423275,-0.20958312677064828,-0.022245110937127936,-0.99884757120002365,0.042528632087203908,-0.20879507390245908,0.046242714974761248,0.97686551194411109,-5.8021003571239333,12.122172941566893,-3.5395588040726982,0.3269286918401421,0.2602914127669383,0.807570977917981,1,5
0.97651463606889399,0.13242768254148221,-0.16994726958656065,-0.075392041859658962,0.94895959949347919,0.30625433638302307,0.20182964491735628,-0.28624917017498386,0.93665693132900385,-9.6801629784012295,-23.040754710059094,-0.15053244304320432,,0.2310950465184632,0.4444444444444444,0,3
-0.82187948431174551,-0.482892223876008,-0.30220723582922882,0.49233104171407599,-0.86899296646254398,0.049612192083812477,-0.28657330411640297,-0.10801076038391652,0.95195032276327118,-19.607896011915475,-26.952680266489015,-1.4258250619544015,,0.1746545049924324,0.3157894736842105,0,3
-0.28753334412064174,0.95550343220925438,-0.065861726785259714,-0.95397005559466819,-0.27959446668845689,0.10848072283084945,0.085239128617711948,0.094021940171073695,0.99191439435011786,14.106207390219177,9.2652054392417877,0.26489292923416169,,0.1919390729018983,0.2142857142857143,0,5
0.58495154054628562,0.78588675140800579,-0.20053356121581786,-0.77183169179705458,0.61534149589175791,0.1600958555721842,0.24921383338455197,0.061129840463268116,0.9665172568840722,-20.043725877657391,19.516537095876306,-7.1348145411499422,,0.2968861456263874,0.32,0,1
-0.90004253611999652,-0.35589542027605847,-0.2515191503667521,0.36756902545076481,-0.92999604230985478,0.00061058757097043163,-0.23412911972640255,-0.091901094196611854,0.96785212929538245,-9.7587086213039189,10.705353359380897,-4.0782271647944714,,0.3375103766182224,0.5615384615384615,0,5
0.96225059881343977,0.20544749269960938,-0.1785080189420658,-0.14340326510412985,0.94017448756184574,0.30904277453986106,0.23132074840068209,-0.27177796209638605,0.93414530490608583,-10.096229927306268,-25.219708398261162,0.0026741878607831125,,0.4242283602937261,0.828125,0,5
-0.81125776099064872,-0.53159970727686578,-0.24343910214998629,0.52390376328415,-0.84576750514577492,0.10100581199217114,-0.25958754216862157,-0.045596912863081242,0.9646425397463102,1.5407130700593661,-35.057704503344809,3.0547643623434722,0.3228676096835709,0.2755324154070802,0.1481481481481481,1,5
0.89497686047763814,0.42196260354405291,-0.14478943476619494,-0.35380835198131744,0.86906353959845917,0.34575744996870389,0.2717279324579166,-0.25821720576081086,0.92708565158308032,-1.3127091074066795,-26.755391753999806,1.6443768886999108,,0.1083572161457578,0.5,0,2
0.69009705201185356,-0.63137440768109454,-0.35374060571257149,0.72254345420266108,0.62889035546815941,0.28710255587162486,0.041194849112925591,-0.45372158657537975,0.89019082576832043,11.667064545353366,16.650997012603771,-0.85219424220519369,,0.6163961411482467,0.1,0,3
-0.75117724703057975,-0.59255265175265315,-0.29088502616061024,0.61035053689790031,-0.79132135517751301,0.035815289311540627,-0.25140597775710216,-0.15063820146604134,0.95608742623625831,-13.406610044438807,-19.689365020572385,-1.1873737959280828,,0.3630906016641619,0.392156862745098,0,4
-0.28797655291098012,-0.86371458794321732,-0.41360200138247516,0.93153624796948042,-0.35280226143377974,0.088152045048054628,-0.22205792868630694,-0.35989953445550643,0.90618022567602852,-2.1125581543585823,15.116515860785555,-3.1737167033417037,,0.2690966243299667,0.1527777777777778,0,9
-0.88657367357090022,-0.39211418184558794,-0.2454253241345809,0.38579744254650172,-0.91949576739128547,0.07541794928324029,-0.25523999423205135,-0.027820894038041322,0.9664773888712278,11.409332112468332,13.643007202059884,-0.56169442739423092,,0.07594602843959701,0.3333333333333333,0,1
0.18587345226196253,-0.94852302228434571,-0.25642764270021567,0.97568579121775389,0.14732724395040003,0.1622711311532751,-0.11613912587928336,-0.28035470280797659,0.95284465893105885,-0.64591576356597391,14.632933458583178,-2.8778604632119604,,0.1417682802209449,0.4864864864864865,0,4
0.84526519818805657,0.51108793184232815,-0.15593546952902668,-0.4385633753873393,0.83026794017002892,0.34397283801876188,0.30526858747825641,-0.22236068323997746,0.92594104350551443,-9.8474806685982141,15.798336931813701,-4.7056782680001135,,0.1546400055147746,0.25,0,5
-0.97115683601814995,0.12484575359357016,-0.20314511479450137,-0.14157742038057936,-0.98745102006052743,0.069973688053480157,-0.1918599330073851,0.096716186810060986,0.97664514810412284,0.11752425116653603,13.089750758970579,-2.5298846998389344,,0.08186099916989815,0.21875,0,5
-0.64805541706622316,-0.69489093750687247,-0.31169016888882262,0.71776064243044324,-0.69410519422315664,0.055114785042404524,-0.25464452986263114,-0.18800150085372402,0.94858399685414574,-30.313182052269912,-21.532818704413224,-3.9016647112390896,,0.1975534953771965,0.3478260869565217,0,1
-0.22296926961595659,-0.91681300585034664,-0.33126819513888806,0.95444461421694171,-0.27444076900975367,0.11712276763125755,-0.19829317486791484,-0.2900623667575381,0.9362390934968563,-2.9079742908198782,17.208370750261324,-3.6009399727507443,,0.1172710248175731,0.4642857142857143,0,3
-0.24075509959712499,0.96128816510907278,-0.13402255645678285,-0.96206805742284296,-0.2181024308982053,0.16387917049744857,0.12830446174867294,0.16839356655622775,0.97733391010332671,-11.993423709991138,-20.24298907281263,-0.91482968720773772,,0.1367296547122416,0.5263157894736842,0,4
-0.85240937539077299,0.49012597607807212,-0.18213946392649139,-0.50763207825422507,-0.85922402776601337,0.063590433532454207,-0.12533128050574049,0.14666491633334308,0.98121428467166405,-12.550626536253839,-30.07220186021673,0.12431909486406638,,0.231188451671807,0.6216216216216216,0,5
-0.78804313824653471,0.59050404765281106,-0.17404879191825154,-0.61028732437430244,-0.7864768450385009,0.094887058792775633,-0.080854152463624596,0.18099486712041155,0.98015481639660207,-3.6738357647255322,7.3547704728864014,-2.6042628089991586,,0.1576206952179853,0.54,0,5
0.31669385412527723,0.93710239759461167,-0.14677908291615968,-0.92448172102805115,0.33956968540528032,0.17328005147382727,0.21222287870135714,0.080817851840977506,0.97387366972288547,5.9583855030458164,-27.935509286201363,2.7783223417243281,,0.1308143063448221,0.3333333333333333,0,5
-0.32643392790156334,0.9365382722400768,-0.12781609970707475,-0.94358279528925104,-0.31491993798028395,0.10235692989054335,0.055609344078854442,0.15401784731668625,0.98650195314507794,-1.7118993583565552,12.013462401875721,-2.8087090466255722,,0.3031801080250897,0.4893617021276596,0,4
-0.023785515363515451,0.99840066211653578,-0.051287105047508587,-0.98865373107930232,-0.015880243565396007,0.14937073972929785,0.14831739372664934,0.054258047786166476,0.98745025949086052,-12.059902016876277,-24.274917246938674,-0.43595482980661771,,0.2433215640354422,0.6521739130434783,0,5
-0.58789133464658772,-0.75718162252093379,-0.28470997376983542,0.76958169496327478,-0.63194907995682736,0.091566233509805056,-0.24925447523546493,-0.16527658896009909,0.9542305044992051,3.8203574235689803,11.575199741994803,-1.6746571395686995,,0.2877351682692314,0.3333333333333333,0,4
0.95955958974970235,0.20570565590123499,-0.19217329900282012,-0.14683939553842437,0.9481839138182776,0.28175425017941519,0.24017407361598117,-0.24214138164819551,0.94004466152210542,-19.671816072575314,-18.868126247487808,-2.3837210816924861,0.732406526899657,0.482052322283586,0.5128205128205128,1,5
-0.65971983754832042,0.73545213078390814,-0.15453122425784319,-0.74994266026314194,-0.65755431214064597,0.072168780665077981,-0.048535989354909805,0.16350073367007273,0.9853485514409045,-14.376029740179394,-20.065735621048134,-1.3265966951350516,,0.1537430557993995,0.375,0,3
-0.0073297409611675132,-0.91592285565375886,-0.40128742490701808,0.98774331026503026,-0.069201562666722755,0.13990817256744986,-0.15591480982934847,-0.39534347878211812,0.90520390291929853,-10.971128994062108,22.936002428068445,-5.7196958975969894,,0.6453019170714992,0.1578947368421053,0,1
0.97290948296833069,0.11527011083263024,-0.20039944984687375,-0.057787549217962156,0.96056880572008463,0.27197089666520002,0.22384757560822083,-0.25302247138569423,0.9412076773317346,-7.223826835206971,21.637630586811689,-4.9346048826826685,,0.1022044418578379,0.1666666666666667,0,2
0.4149282258702624,0.90176958542702212,-0.12102141205147988,-0.88079445860037386,0.43145474808781775,0.19505876563577568,0.22811332507118329,0.025659601541240262,0.9732964069458564,-7.4134027841958412,-21.973434596254197,0.10521923621969566,,0.09707315306695315,0.25,0,5
0.34333991443707351,0.9338438117770862,-0.10026683579321953,-0.91352629265163598,0.35683775085871838,0.19528577059337432,0.21814540056691528,0.024546991011783058,0.97560751813614421,-8.5173078091311787,-22.441475865144891,-0.012857009654852975,,0.3164176981292095,0.4666666666666667,0,2
-0.95969752925188179,-0.20327092245771369,-0.19406592805288223,0.19886092509242223,-0.97912076139382709,0.042152901192691369,-0.19858243834544473,0.0018619051439090579,0.98008241923320683,-10.641185665942706,28.698568290148675,-6.3661160206869161,,0.3573028223504524,0.25,0,3
0.44462904676289716,0.88750219759081062,-0.1210159495529418,-0.86448365334855859,0.46055682237609047,0.20138377902891852,0.23446326763023548,0.015075232479833977,0.97200808304140796,-8.9605273646510835,13.238362102291211,-4.2480493815354725,,0.08164321853171123,0.4,0,5
-0.87445146819579755,-0.40051619363851726,-0.27371775317565245,0.41168187835977083,-0.9111493119459787,0.018026712693661757,-0.25661773282527561,-0.096921153386052339,0.96164111248736261,-17.414432359421941,18.076555807226981,-6.4019292967142558,,0.06731485404153977,0.4615384615384616,0,1
-0.30916074380895608,-0.91318760658787057,-0.26553348124447718,0.93367277532193671,-0.34452416315559881,0.097766301068249864,-0.18076167489301059,-0.21769588001671586,0.95913175357383651,14.13744790920061,3.3918665686513028,0.89550123380650271,,0.1206595052643063,0.3870967741935484,1,5
-0.90568276592686026,0.39655505342650466,-0.14994271274381329,-0.39499480275647486,-0.91775251551908688,-0.041345205934440923,-0.15400595215265261,0.021780951776493168,0.98782982180194612,2.2518844422099411,10.857540405604265,-1.8640305253372649,0.5138256371302066,0.398756540217621,0.325,1,4
0.96596231461769422,-0.11954510843324911,-0.22940308147038727,0.18179504955856035,0.94460918007030803,0.27324724496854463,0.1840308851644934,-0.30565088577751909,0.93418957890194343,-25.933318933489787,-19.414268639157395,-3.3333672933344163,,0.1235574439784913,0.4375,0,1
0.15299179403814736,0.98460708198904834,-0.084512750836789649,-0.97201860342720214,0.16535665952387696,0.16684426793431245,0.17825079396294763,0.056622162163915517,0.98235461275624014,11.128896996739485,-31.088168141114199,4.0503415796722519,,0.3595213787912812,0.2352941176470588,0,2
-0.48815507207424202,0.87226450572305847,-0.02931309713936647,-0.8695246817893616,-0.48318488825949862,0.10227018879794265,0.075043010116216655,0.075412172846074307,0.9943246707284964,24.096079689355111,1.8269193749941921,2.5622654069433031,0.7183229608420457,0.4772364897493896,0.3513513513513514,1,6
0.47236035745699151,0.87660238977801619,0.09189092957726383,-0.84907817365157268,0.42457962979955083,0.31432211660617404,0.23652050171520531,-0.22649589001733919,0.94485854183239548,-26.077866645352017,15.210639208592015,-7.8674092501312121,,0.336160550708193,0.303030303030303,0,1
0.091095576786012739,0.99432087758789722,-0.055023524813072031,-0.97542681947822873,0.10022235834715357,0.19620906892883089,0.20060936102935892,0.035797643500177924,0.97901706470685368,12.228996626086381,4.4253249767159311,0.43810152316386058,0.6198561571344345,0.4548245532602051,0.4794520547945205,1,5
-0.8138032567098511,-0.52715221885588992,-0.24461152369369454,0.51744353437294999,-0.84888654176570522,0.10790657044262809,-0.26453061846234127,-0.038757932921816195,0.96359813954342921,-24.341617122776501,13.593528136749914,-7.2128008216998385,,0.09002239324805952,0.24,0,4
0.91809965199762955,0.35318274333487459,-0.17987489767136774,-0.3075951626054903,0.92111514236406833,0.23860450634748129,0.249956486100151,-0.16373406584481845,0.9543127950197412,-29.143044491565131,-19.537248539461572,-3.956794511866943,,0.09515577973242068,0.5,0,1
-0.62446162177661968,0.76619863117734344,-0.1516157660340115,-0.78101331184408951,-0.61456771753108708,0.11101678832932209,-0.0081172440176182498,0.18773965524256209,0.98218528404724292,0.87071807549251934,11.069387346832519,-2.1438546900577009,0.5077797760892272,0.4381166315968733,0.776824034334764,1,5
-0.32542211162725748,-0.90990000625274914,-0.25725945635739894,0.92070887421966285,-0.36688955935302836,0.13299330874484763,-0.21539642104087639,-0.19358210108113905,0.95714698554808908,-15.232494868720925,19.645419388330179,-6.2238809228709862,,0.1007502150906159,0.4736842105263158,0,1
-0.79621082975176227,-0.55213621848166128,-0.24737403021898285,0.55184290688972815,-0.83036862373650744,0.077183902657444403,-0.24802766116202798,-0.075056944746707849,0.96584094671109511,-13.623202191535331,-24.259074807217253,-0.68670738071235005,0.2526015551885065,0.2015738279944919,0.5555555555555556,1,5
0.27382255258988897,0.94990028817714944,-0.15070053820118151,-0.9394293357263368,0.29773897118026099,0.16977640653899095,0.20614008069739986,0.095083897487892158,0.97389184182258204,-3.6260767668142422,10.083236629416508,-2.9433546543554647,,0.06703110151029031,0.2028985507246377,0,5
0.97309290420918559,-0.045310276140682067,-0.22591409573947815,0.12311042501088339,0.93103044325521822,0.34354932249333558,0.194766586023811,-0.36211778830657493,0.91155728528742652,-20.803330408861246,-20.228191069986657,-2.4120885085317716,,0.1557516156760412,0.3333333333333333,0,1
-0.87360797594318174,0.43555493122394556,-0.21702766241878488,-0.45861462610130627,-0.88603933857473427,0.067874260393810892,-0.16273207764425834,0.1588275554951091,0.97380289510815876,2.7437737906501134,-28.479371175105708,2.388107950930991,,0.2384007312100916,0.3684210526315789,0,6
-0.96258917324821458,0.19875397655821453,-0.18417095413667978,-0.21313774508654582,-0.97507152392473284,0.061707575309045574,-0.16731522693628609,0.098652825775015718,0.98095526646318754,7.2865237775016496,9.5101931824706103,-0.80866113461573985,0.422891150151694,0.3872683402784111,0.3181818181818182,1,5
0.82795381251854205,0.55345963379551621,-0.090415253662997533,-0.49361712459546553,0.79575332368392504,0.35088286101217719,0.26614773837497813,-0.24588428498974743,0.93204415118220929,-4.1396975888246841,-31.824406005988852,1.7511482669079967,,0.4534133712749055,0.6363636363636364,0,5
-0.97583279067395745,-0.046384271827778115,-0.21353890505592615,0.019497468293266901,-0.99179598862705998,0.12633513237981867,-0.21764699257198594,0.11911849675965547,0.9687314232304487,-22.840307944494526,-22.758962603005866,-2.4673505809740961,,0.09833721427422401,0.2142857142857143,0,1
-0.93794697671992289,0.29061390624255778,-0.18920630634415792,-0.30813083171242628,-0.9487468687857884,0.070247914683435012,-0.15909386980699744,0.12418911573726843,0.97942136188783957,-4.6087244173400537,15.742281657605044,-3.7176740003612898,,0.0853734636108929,0.375,0,2
0.84368980822988882,0.52945825816584602,-0.088664876636705151,-0.47022096494220855,0.8085395795660425,0.35377392838362975,0.25899758998460198,-0.25678337394612571,0.93111897588171444,-34.264382407133638,18.139072298873707,-10.044185398881618,,0.5128549002280895,0.1111111111111111,0,1
-0.91266700471459705,-0.31379188193874963,-0.26186560166357081,0.32248122949040747,-0.94652002161521864,0.010281308665784724,-0.25108722614191503,-0.075063330001165621,0.96504958492167392,-29.689362008234152,-18.318097385487633,-4.2664907246621562,,0.2279908062148545,0.4,0,1
-0.02054227658176928,-0.94296312880376754,-0.33226277641265722,0.99011511364172788,-0.065306372517325018,0.12412549877787585,-0.13874464534195974,-0.32642857629998895,0.93498358700230455,-5.7835792841882583,18.178098787102783,-4.2224545293392284,,0.2955979800748903,0.1764705882352941,0,5
-0.41583061235872004,0.89786636613247084,-0.14464055583910426,-0.90788124124460112,-0.40051919124537827,0.12383872270138797,0.053259305492421929,0.18281237926415486,0.98170417151311162,4.6072065693274205,11.706416396101794,-1.5192637470211094,,0.07079066239955392,0.2916666666666667,0,4
0.024347160961781359,0.9896900626446985,-0.1411410487967005,-0.98712074017346507,0.046129444399201261,0.15318197896231067,0.15811344051816065,0.13559371025881872,0.97806670818802355,12.254300117378017,8.0534212311272118,0.049573856857085846,,0.08087532931773002,0.1818181818181818,0,5
-0.81169530977439719,-0.48325866252665062,-0.32804235882458538,0.52292397122570333,-0.85146055127747211,-0.039565767221207582,-0.26019462793798226,-0.2036565606878791,0.94383407486750492,-28.212440945043134,-22.734671230575501,-3.3296538223750276,,0.229866498187169,0.3571428571428572,0,1
-0.97574078999072178,0.001221067777612429,-0.21892560321205826,0.019006094419281749,-0.99573659056118657,-0.090263007885336408,-0.21810245097936529,-0.092234219306423462,0.97155759976736689,-16.227507236008936,10.713817654236793,-5.3049220831731585,,0.0998492058907253,0.2,0,5
-0.41152075129289051,0.91131575959687039,-0.012420046928800322,-0.91007120191851454,-0.4101467169591182,0.05958253104934956,0.049204458069616569,0.035822574977737963,0.99814611376693696,-18.539124372866812,15.51097241463262,-6.3616549570954088,,0.4405031332080985,0.2456140350877193,0,4
-0.7853823196448636,-0.51730896239260793,-0.33995006900651858,0.55492177009985555,-0.83174184796682571,-0.016350150151382418,-0.27429261940215677,-0.20148681289109974,0.94030134700131685,-7.6567267550298981,15.220972410097339,-4.1811884731787599,0.6042558633628212,0.6084294498250142,0.725,1,5
-0.53721607144936945,0.84033824783085087,-0.07232234654021355,-0.84335241209108047,-0.53644710094879522,0.031324381937886732,-0.012474036903243607,0.077821186808027118,0.99688929239265467,-0.72449105180961937,18.966447481639797,-3.3889395529304838,0.633875405617107,0.508745477896613,0.3666666666666666,1,5
0.88776962610379573,-0.36537864590347846,-0.27993487829362551,0.44243557505053599,0.84511788552564371,0.30004419923465536,0.12694822920083537,-0.39022327542370483,0.91192650055822322,1.2067503313249011,13.625553390437531,-2.4045035044186007,,0.09805111736349222,0.3684210526315789,0,5
0.68113384859902903,0.71288916554577941,-0.16687036267749503,-0.68839995852244418,0.70118160816715813,0.18560670643706734,0.24932343932926423,-0.011549459535457034,0.9683513993305668,-11.654186730222703,17.643220815292828,-5.2798324384131803,,0.09704469101952654,0.3043478260869565,0,5
0.94315972670296977,-0.21466619661751932,-0.25370879755212972,0.29654189479048954,0.88824312213937073,0.35083765562745473,0.1500421092881766,-0.40613123494982617,0.90141266101518869,5.7188393379650915,10.478456970767059,-1.1463505436976043,,0.3981509888945578,0.2826086956521739,0,2
-0.97208576214488407,0.084988636117555402,-0.21869202721196121,-0.10919426097444793,-0.98886860015320144,0.10107178142929524,-0.20766772596011052,0.12213035397445164,0.97054535815315246,5.4510714536790488,9.0381525276224366,-1.0475880246838305,0.230623651636856,0.1780346108660683,0.2549019607843137,1,4
-0.084270935147297971,0.98997874363679073,-0.11331591519606818,-0.98890520432865481,-0.069129701687290199,0.13148224669638375,0.12233113398110208,0.12313883015502827,0.98482075636480659,7.4628564308086531,8.0350763354762176,-0.63164895510446173,,0.08844958972111414,0.1071428571428571,0,4
0.73174947693364645,0.65535388497967839,-0.18722710393897754,-0.6227256303794767,0.75450967591354767,0.20719058429695952,0.27704781586545218,-0.035020485360353168,0.96021772183672327,-16.83829293135511,12.740096980907682,-5.6707915505108462,,0.1258310704793997,0.3055555555555556,0,5
0.21025852659693639,-0.94741217802218081,-0.24124990555138737,0.97131878685414896,0.17440873770253174,0.16162118214266843,-0.11104578469023262,-0.26831279721302415,0.95691017162231762,4.6730782541830935,-29.579056693892859,2.8012740146404891,0.5172973380793908,0.512089186482357,0.935064935064935,1,5
-0.26080141410062763,-0.82424224585945249,-0.50260057952978809,0.94343314890196928,-0.32801446329897804,0.04837773681765152,-0.20473523379239753,-0.46155306521271122,0.86316409334304622,-3.109450210842327,28.97611744151116,-5.0410267376820501,,0.1921548134060698,0.3333333333333333,0,1
0.18964260849680614,0.97641468051878666,-0.10319909258284943,-0.96401358858590303,0.20511048336846596,0.16913749032690437,0.18631554434414901,0.067409652719404051,0.98017470721090993,-24.851884628869232,-26.083543160401479,-2.4899051325481198,,0.3059890697533098,0.59375,0,4
-0.80080731581198783,-0.53172373551962193,-0.27564018579854738,0.54559390062886937,-0.83749535707303568,0.030476589009980171,-0.24705250158331526,-0.12598172869970842,0.96077763582176423,-10.852900760414963,13.28472911609953,-4.5909459346481558,0.4592580126917961,0.2939726196505217,0.4216867469879518,1,5
0.88014865904440487,0.44686710139268832,-0.160150340852691,-0.39971809577445927,0.87965543072672203,0.25774360729885398,0.25605425575993945,-0.1628377010580859,0.95284841460819014,-28.576559241339115,-25.378265381271298,-3.1414005852416693,,0.1809412723265235,0.3684210526315789,0,2
0.89176503481403913,0.44181574719457273,-0.097744402468976865,-0.37409680878854967,0.84137349748286716,0.39005411853699357,0.25457160159243825,-0.31127075555591355,0.91558932737243715,-21.006932474338132,-18.937419835176229,-2.5798111493349816,,0.09204396495202144,0.375,0,2
-0.45876058424905553,-0.85403452151373438,-0.24528302510012959,0.85660323272617278,-0.49844286182337344,0.1333627203546561,-0.23615594005346188,-0.14892867272668064,0.96023467049327782,17.502339369417641,3.2810676059938921,1.3683181643680611,,0.07971452163265685,0.3333333333333333,0,5
-0.2278957240603898,-0.87038004507756794,-0.43646548097846377,0.94452428559790769,-0.30649929475954296,0.11803413162159876,-0.23651091490828263,-0.38535277271958712,0.89194496897878939,6.9891361804635288,-28.948291835045627,3.0751383141296902,0.4968429932538778,0.5540240447478018,0.8787878787878788,1,4
0.28181081113458112,0.95683838083108919,-0.071013940154096164,-0.93781301453061827,0.29033105780860125,0.19030141000195841,0.20270524538024257,0.01296880257690337,0.97915391724440204,-23.065293488559824,-19.690373481978934,-2.8375827140041534,,0.4902760347194298,0.1363636363636364,0,2
-0.97525133788810348,0.10611788290881266,-0.19396861311670199,-0.094811052819584254,-0.99325821108850931,-0.066700752383292886,-0.19973906030295452,-0.046659629576400248,0.97873754743398222,-35.84487097294172,15.758339545220036,-10.011281843687087,,0.1424917953356966,0.2631578947368421,0,2
0.10980101465044839,-0.93651356349660508,-0.33299561944359107,0.98597487270994744,0.06026115066229757,0.15563464943725472,-0.12568726095485308,-0.34541415591684249,0.92999557704642899,33.267808249611782,-1.9381525921722098,4.298638248449695,,0.1479229508698982,0.3636363636363636,0,2
-0.88131485256011532,-0.37371256584508922,-0.28917650109651466,0.3942808103786874,-0.91888127137520181,-0.014136890854028387,-0.26043573722526686,-0.12647579707348358,0.95717140551238744,15.852402794002595,5.7646242649399708,0.87234292986001971,0.4774472371226265,0.3590285663246049,0.7777777777777778,1,4
-0.84091556249658284,-0.446854408233745,-0.30525752176338805,0.47538826126792005,-0.87949785393367008,-0.022125233891014649,-0.258586576990608,-0.16372129601288232,0.95201277272531515,13.14436521330067,5.9995400662063698,0.41951464093581076,0.3296177520254793,0.3000672334027338,0.4406779661016949,1,4
-0.93346330417627299,0.33681132279290632,-0.12330609309684512,-0.32438164768400474,-0.939454538644102,-0.11046137997874139,-0.15304511231047302,-0.063113411090594859,0.98620174961231177,-13.797187887755531,10.508733542927782,-4.8442560480318662,,0.197397989781685,0.158273381294964,0,2
-0.45275211007647065,-0.84487707469693141,-0.28495307591401725,0.86064072306432871,-0.49762672109028255,0.1080055195823058,-0.23305165226750346,-0.19634249440324977,0.95243716447170257,-13.054864070710369,12.223153461754773,-4.8917342998415165,,0.07701653108587778,0.1111111111111111,0,2
0.077103700899755642,-0.94004384053190471,-0.33222371556767061,0.98744661053390415,0.025926156253075108,0.15581086536902841,-0.13785576031731644,-0.34006677623662185,0.93024210668372043,-26.061979936123436,17.306714382209954,-8.1036290459984599,,0.2744450153127791,0.3571428571428572,0,2
-0.21354900474998464,-0.82448861481929159,-0.52403754312420803,0.95697473325889382,-0.28441552090078742,0.057508011396686778,-0.19645911145670689,-0.48920990945002213,0.84975142366549861,-19.873246814411676,-24.857070531738923,-1.7628135494588828,,0.6478806055219597,0.125,0,1
-0.97684723455264932,0.093894649417871304,-0.19223234680338611,-0.068558792795335569,-0.98854447950725122,-0.13446004598461431,-0.20265530409364688,-0.11816770644483794,0.97209424485297669,3.163294136905717,7.3162324524141065,-1.2567193981800855,,0.5303004917028651,0.3127753303964758,0,2
-0.87400083759385183,-0.42617181648012398,-0.23345260487575792,0.41066953439788922,-0.90463455391040903,0.11395989377292214,-0.2597557880060925,0.0037291700613384694,0.96566713928143333,11.014782608401061,5.3348529177343265,0.12402840435830219,,0.07961188787815002,0.1379310344827586,0,4
-0.79346953962383238,-0.54120048238695762,-0.27840281527540117,0.55618076699552521,-0.8305421290739573,0.029372202123236092,-0.24712151689687781,-0.13153634363712383,0.96001518018683629,-27.052215748724628,14.352542438932728,-7.9008946571527696,0.5913965207986347,0.1736255777370762,0.2608695652173913,1,3
-0.072769902022709915,-0.85801880935521868,-0.50843707983609565,0.98399018858552512,-0.14492309715547652,0.10373333446045759,-0.16268942844274195,-0.49274843348661751,0.85482812960820187,-15.886659168186064,-19.897093260625024,-1.6509343500398299,,0.3302267420833361,0.3333333333333333,0,2
-0.90426532199904663,0.39422621781133405,-0.16398145206129414,-0.40499008576097789,-0.91357292190894324,0.036980356813730235,-0.13523038809851737,0.099850916595320638,0.9857700221602389,9.9294742302445123,14.386823022296152,-0.85756327957317213,,0.1666061022881728,0.3888888888888889,0,2
-0.97711495589718911,0.05016055560544562,-0.20671304173512478,-0.019825742598790934,-0.98904384190085337,-0.14628471802757256,-0.2117859837015682,-0.13883874624669049,0.96740400022338469,-14.04439271046432,13.202046364790771,-5.1565823401680282,,0.3588877558828257,0.2837837837837838,0,1
-0.27600086997902212,-0.88959082618711138,-0.36393911817027291,0.92951821043759841,-0.34339335667015103,0.13445035909096972,-0.24458008143695431,-0.30117962175177021,0.92166773796512669,-1.4360470008636219,-29.777644991007154,1.9798167139351555,,0.5660101065705784,0.1754385964912281,0,3
0.65536602222382334,-0.65994120850047444,-0.36738668761599952,0.75488570794584708,0.58862169404493137,0.2892612473850788,0.025356357262422021,-0.46690695285314415,0.8839428446023937,-25.768399188986049,-24.109255448636361,-2.8107555482165898,,0.2704686222935994,0.4285714285714285,0,3
-0.79023234042182766,0.61077302054892013,-0.049891537568912146,-0.6111413680200698,-0.79146704926190314,-0.0092810682151596349,-0.045156134090499921,0.023156582265209513,0.99871151803300851,14.560135121909838,5.4033043815388533,0.71533035195916317,,0.4281158906160131,0.1578947368421053,0,2
-0.6885242011182201,0.71656359704621497,-0.11167379219274823,-0.72424985996538982,-0.68734324273260927,0.054967326749052206,-0.037370641078695581,0.11872606309489711,0.9922235419134926,26.247721955167826,5.4635343235645148,2.6097975695644311,,0.2144777601305467,0.5,0,4
0.81703516941450116,0.55614790122667557,-0.15216124309751439,-0.47919063185064381,0.80171887607690939,0.35724386921059503,0.32067096888617425,-0.21896656297969314,0.92153338192952161,2.0873261815929349,19.646698433272267,-2.9866454115557799,,0.4190119242873816,0.1578947368421053,0,2
0.14996992397346723,0.98446465416937179,-0.09131465706320771,-0.95879637403890527,0.1673536013938057,0.22956978292094629,0.24128517367057539,0.053123599197550032,0.96899914766477369,1.7779156379083954,12.695767486788236,-2.2176572591695876,,0.288264297228178,0.4358974358974359,0,4
0.014513616292958277,0.99771835236560624,0.065935152194870283,-0.98742120438195424,0.0039180628933321747,0.15806332250099769,0.15744433962194801,-0.067399837804135984,0.98522512238827165,6.4850289510262442,-30.847773460147298,3.3026082307141205,,0.3086150572763846,0.6111111111111112,0,1
-0.21250348227015842,-0.85608651899016863,-0.47112433818085869,0.95920931473821813,-0.27474375214772395,0.066583490260179942,-0.18643969679897562,-0.43775763004096863,0.87955016730054691,6.1121854034288479,4.9175172347955431,-0.58382588337390406,,0.3190506470120572,0.1507537688442211,0,2
0.55683198390401889,0.83054545190068463,-0.01150626040912095,-0.80292585823235341,0.54175888767970981,0.24861088834136444,0.21271626144550765,-0.12919582016122405,0.9685350959926623,12.718465214658362,-32.424678905644228,4.5420263032053709,,0.4916814729360699,0.4705882352941176,0,3
0.48799144612649192,0.86983419902637782,-0.072476304483010859,-0.83752167329074945,0.49000782676589205,0.24176388579858168,0.24580845240885735,-0.057278232447468942,0.9676246218508785,-22.029102034726336,-24.68275099880254,-2.1779920257862089,,0.3532652772098857,0.2,0,2
0.91717735750992524,0.37884172346545375,-0.12355016565280597,-0.3060331246541747,0.86825449908367236,0.39048412443448199,0.25520466587723961,-0.32033275415212598,0.91228148349717164,-14.102728207811216,-18.081589224026668,-1.546646852744485,,0.2012795644915421,0.2857142857142857,0,4
0.97460544811100458,-0.040738792174613153,-0.22019212366590588,0.10461815227847331,0.95223718603313423,0.2868786916965706,0.19798803682593064,-0.30262962899863516,0.93231756656514975,-4.9837894704962471,-23.615175961783468,0.64122437535459953,,0.08899229782223801,0.25,0,1
-0.94475594290906317,0.25558932903362064,-0.20520795116698334,-0.28314366035947919,-0.95177679017867689,0.11811269735050002,-0.16512382001468864,0.16969100318319338,0.97156527701562012,-1.3282235630977197,8.7111472120826985,-2.2918861256504646,,0.07788362253242746,0.1764705882352941,0,4
0.54246815270754734,0.83328540636016657,-0.10660082009643354,-0.80173059295989879,0.55142218361384598,0.23056806311956057,0.25091105916286194,-0.03961069256790007,0.96719937625293217,8.2717625234818097,20.86159067939046,-1.9362624845548522,,0.2284491354631747,0.4615384615384616,0,3
0.94449300255292468,0.28015252607724889,-0.17160282707781738,-0.22047939680857437,0.92775186404608068,0.30110681550232488,0.24356067767907458,-0.2465583924581769,0.938023003660865,7.1847018854236904,-25.907360233326024,2.6554189650954583,,0.1678625860011814,0.5652173913043478,0,3
0.77753723531359797,0.60532526686527055,-0.17034426610653536,-0.57238353206000181,0.79345088452866075,0.20691250824249668,0.26040917788626805,-0.063379926910445486,0.96341582140705107,1.0102103229012214,20.156829255710161,-3.223033673195757,,0.1337123900549957,0.2631578947368421,0,1
0.97688767048567227,0.01937906243366715,-0.21287304007851496,0.057691666348205599,0.93501979499942767,0.3498709113275858,0.20582067652945932,-0.35406557994024235,0.91229129899091743,-19.356753141773385,13.913598985861187,-6.3273454782437675,,0.2848025589381221,0.28,0,1
0.97526447871869637,0.0067967480700738278,-0.22093664423363876,0.094842047575775829,0.88997728069815518,0.44603298740424008,0.19966016768795863,-0.45595421267577824,0.86731861122774678,-8.6820178619738186,-30.669966297758812,0.88807313988029568,,0.3471505076055205,0.3548387096774194,0,1
0.76190726871107561,-0.58314560337797483,-0.28184839745183216,0.6398456900677878,0.74518572323635368,0.18787158057137851,0.10047291568828048,-0.32348020518363968,0.94088562007687482,9.3452422136931812,7.5543882075924103,-0.37529232044777933,,0.4254195822972826,0.7346938775510204,0,2
0.73054861325185405,0.67930922102203806,-0.069553618958504079,-0.62396682197612996,0.70545093815736537,0.33616123947579246,0.27742409547261998,-0.20218297674958824,0.93923262036828448,10.024772215319329,19.420109949123528,-1.4479370746512512,,0.4806353836557725,0.4761904761904762,0,2
0.8359407950094947,0.53647490072793413,-0.11574829643605253,-0.4841340347753238,0.82016174000562247,0.3048753132070815,0.25849027759484627,-0.19882002192913989,0.94533241522177602,3.2962269386060727,-27.33444256439854,2.325618438219931,,0.3592106081820455,0.1851851851851852,0,3
-0.58309803083599143,-0.72556133529811107,-0.3654551068949668,0.76489670317059855,-0.64188888507231945,0.053960102847975283,-0.27373293538399596,-0.24807137670645679,0.92926361821876169,10.769958501295097,-34.834881018446282,4.5385626133045074,,0.3602255637873341,0.6666666666666666,0,3
0.58135618376028741,-0.77003964029700134,-0.26280019021100409,0.81364904481249611,0.55038284284614847,0.18722702309309994,0.00046848627235191267,-0.32267271138392961,0.94651048691958817,-15.031653621537423,-20.47597875734138,-1.4363787915534592,,0.1021224092599421,0.2,0,2
0.9759980123825942,0.021821298644103555,-0.21668343441691681,0.069522704131772473,0.91168724311642291,0.40496044788223712,0.20638428582484536,-0.41030501052785212,0.88828786150679084,-14.39098794233508,-23.134299546416745,-0.9404287498309466,,0.1679747844241681,0.5555555555555556,0,2
0.83584507707842115,-0.48620642154280241,-0.25488492064912399,0.54107937271265105,0.80807105571725557,0.23292548451572059,0.092715260602834595,-0.332602592537313,0.93849847942807352,16.564010884057843,14.431976265236774,0.13184147497232843,,0.1816431771789822,0.3043478260869565,0,2
-0.959127229004899,-0.11515762273411,-0.25848342404806879,0.15696803684435345,-0.97654474918486245,-0.14738177719346732,-0.23544849540953766,-0.18193151119501946,0.95470672525319666,-26.247150078603362,12.442720627801362,-7.5073221349219796,,0.199451564644213,0.3636363636363636,0,1
-0.1396698245576895,-0.88883122935574321,-0.43643027602353951,0.9702868393865921,-0.21079393125526216,0.11878286012354526,-0.1975747691918231,-0.40687217190158204,0.89186279567593107,15.618523797414024,-37.240421538851564,5.7653195707333875,,0.3877280316816068,0.2666666666666667,0,2
-0.97549622764140043,-0.035140862892003279,-0.21719168863610452,0.025583309142523891,-0.99858306135809027,0.046662231644259401,-0.21852369242422023,0.039962348828740009,0.97501302890031938,-17.293742028719773,11.884215212730187,-5.6586763296776912,,0.07679488412402849,0.4210526315789473,0,1
0.93288969056936255,-0.20851903664162183,-0.29366075084602156,0.32542613097478074,0.83737268295303358,0.43920931584248446,0.15431998739043468,-0.50529872471844672,0.84903388642016397,29.651306613127232,-0.28615446924179766,3.7173435414536855,,0.5259961988593969,0.1724137931034483,0,1
-0.72783723136490286,-0.54156628650634853,-0.42066485705225898,0.63486054827284732,-0.76405092057122648,-0.11479666816141461,-0.25923936600326281,-0.35061681091183533,0.89992377622787689,-0.11278047155565145,4.6752004526645452,-1.5332652545664616,,0.4559881075193525,0.315525876460768,0,1
-0.97435703186166756,0.00081934902196743712,-0.22500600687293168,-0.018367196145281581,-0.99694578021711611,0.07590624093608099,-0.22425659537120046,0.078092509080358238,0.97139618048356147,15.183728002979239,-34.122530569177357,5.1936047023516307,,0.2142407337190726,0.4782608695652174,0,2
-0.48293174880086387,-0.82021226213173182,-0.30664111115257692,0.84255535210634447,-0.53062691817199115,0.092388053060169936,-0.23848984179015534,-0.21374498534478525,0.94733081687595522,-6.6114641704329111,-22.604783675073513,0.26157629302579738,,0.2526502644721542,0.3076923076923077,0,2
