axis_00,axis_01,axis_02,axis_10,axis_11,axis_12,axis_20,axis_21,axis_22,location_x,location_y,location_z,dbh,dbh_approximation,score,reconstructed,number_clusters
0.52169387968055725,0.84980220123365724,-0.075310787290261347,-0.84465105238115057,0.52690760284547644,0.094514431570255145,0.12000039839626786,0.014303735248683279,0.99267079514946577,20.690110191069067,7.100423718714814,3.1096040358494319,,0.1160709946103448,0.2941176470588235,0,2
0.25340143440036533,-0.85053956508132333,-0.46083637147594042,0.96734132135360529,0.22585015326253471,0.1150759587105432,0.0062033092538097828,-0.47494647751358604,0.87999281954555653,-3.4610982441529203,-12.814335927194062,-1.0168100479458788,,0.09515890900232389,0.2115384615384615,0,1
0.93282523034462161,0.32980541607392544,-0.14513950930332808,-0.3222541571278828,0.94379812375531702,0.073466725867860336,0.16121212065568705,-0.021759805243853431,0.98667986856398748,-8.8168561383415724,5.0244456074503745,-2.0990291907422813,,0.08083203194143429,0.3255813953488372,0,5
0.41506378103232167,-0.84969625439210295,-0.32517431163482607,0.90909589856391015,0.40133213892072228,0.11170121522881538,0.03559079781950774,-0.34197776176434053,0.93903381492320182,-14.055801085311209,1.0198307501065598,-2.8481786667536384,,0.195530710248981,0.2142857142857143,0,2
0.90232255975700115,0.40731737795234563,-0.1410905800243176,-0.39699299366695234,0.91276797725964132,0.096183068513609221,0.16795999860956007,-0.030776180844422355,0.98531328295101528,-12.192984630691248,3.5662625293396775,-2.5814736620909957,,0.06852216456384609,0.2916666666666667,0,3
0.57579355293843293,0.81755181749257577,-0.0084148742783879665,-0.80945634045099268,0.57148020952028245,0.13487328508766988,0.11507483347031888,-0.070847694678368447,0.99082712259028205,-2.9077130757232368,7.4456200480630281,-1.1556205742626944,0.3277874576673283,0.3376254243793197,0.3235294117647059,1,4
0.0043018135275075062,0.99892649878500939,-0.046123144141509288,-0.99851131427197604,0.0067988739684344233,0.054119595190775097,0.054375083183629033,0.045821668868399335,0.99746865865093171,-16.044093689904951,-13.823699005708152,-2.6384336257206091,,0.2827966395735933,0.1428571428571428,0,3
-0.89073930161388681,0.43961902341061698,-0.11540628585957749,-0.43654779218300926,-0.89817528142972858,-0.052030654125907662,-0.12652873863493272,0.0040346107774150812,0.99195473697912739,-9.1244728010433587,9.2090950291804301,-2.1304983782805764,,0.07846974746395764,0.2941176470588235,0,1
-0.94787473456129967,0.3051425653935525,-0.091768743945789114,-0.2865488003148402,-0.9422513541480656,-0.17335561901554558,-0.13936740156317778,-0.13802318787500434,0.98057448824163773,10.29347743251525,8.269211055476509,1.1804727659393937,0.7541427844804331,0.5195679393133594,0.6363636363636364,1,4
-0.016227539214767168,0.99981127414997939,-0.010680966886350863,-0.99826542114541683,-0.015595968444298985,0.056770720566567776,0.056593426441558438,0.01158368900128781,0.9983301068447874,16.684443237322647,-6.38452938685018,2.5319715105611857,,0.3329589913665317,0.5833333333333334,0,4
0.57979525465809389,0.80499997595584138,-0.12574776891480394,-0.80711283832344893,0.58856906774388706,0.046425410160360517,0.11138370118389017,0.074575406175135903,0.99097536796047136,-8.7752288950252542,6.8869589419042523,-2.0948852447961959,0.1446259690893779,0.09204885224253789,0.5842696629213483,1,6
-0.98197401478981172,0.11313424476342135,-0.15141887907188992,-0.11492969217629409,-0.99336869712394382,0.0031300847495145758,-0.1500606548494296,0.020476187049525002,0.98846473160658188,13.119242315473169,5.7109161349942728,1.6599509117974116,0.1361824441930146,0.07797337095932313,0.3333333333333333,1,5
0.34414492605228508,0.93856149941740585,0.025818243236469845,-0.93409729684628684,0.33946655851214486,0.11056534572993305,0.095007946493575968,-0.062167253946679518,0.99353345320618291,-19.701583317552206,-2.8768347993730967,-3.5802164525743594,0.3827268399788508,0.3148290918585943,0.3684210526315789,1,3
-0.4989942688948637,0.86490862390943113,-0.054201401247334371,-0.86421181559968918,-0.50128708775496555,-0.043002249104372718,-0.064363478681388198,0.025383615527334862,0.99760363605732261,-22.535323193776932,-13.972001100226555,-3.6749302313071266,,0.1844115621229016,0.2666666666666667,0,2
0.36295091046871275,0.93136585764302204,0.028710203879654759,-0.92732262861374881,0.35801260402882834,0.10908582775679627,0.091320200672253785,-0.066216422233280392,0.99361763590216323,10.673609174027018,-8.9236186569454183,1.3668558911199868,0.6064407221378881,0.4634376091175055,0.15,1,2
0.95986515379307857,-0.23236586183848909,-0.15705092418017388,0.24435232758217712,0.96772615299773956,0.061628181941125723,0.13766200107133045,-0.09753050320926393,0.9856657518676325,20.559117475444538,-8.4387454755215803,3.3783180739627565,0.1540264838910723,0.1688204903029734,0.5161290322580645,1,5
0.08103102084835713,-0.95190298208695145,-0.29549058589783078,0.99663798866669462,0.073779894370098895,0.035626489205981007,-0.012111697101561264,-0.29738399398876059,0.95468113363186036,11.919591848037781,-11.508429029721439,1.6609629774891459,0.4139824395183305,0.2032497839863549,0.42,1,4
-0.83019846246376106,0.54941897923696681,-0.094389078695669607,-0.54585544534751407,-0.83554692676873588,-0.062475322742570602,-0.11319163267342232,-0.00034412429544311752,0.99357311551349603,-10.906715760208774,4.0570507327957435,-2.385242489090436,,0.08450598015379907,0.3235294117647059,0,5
-0.60862961525389114,-0.76711982846334659,-0.2027243453911414,0.78406456447623674,-0.62065609755877627,-0.0053635152466041877,-0.12170764219468772,-0.16221336979878453,0.97922115606737858,1.1736371934718191,13.564116513818004,-0.43463633152332504,,0.2294855563226839,0.119047619047619,0,5
0.82613449892718149,0.54765119558574427,-0.13258943267033424,-0.54466070723878079,0.8364250791217438,0.061137558066519444,0.1443831834823136,0.021708408271697437,0.98928370113826458,-0.081315023701181183,1.1131331256654939,-0.84085524318533178,,0.08472720446411094,0.2734375,0,5
0.36171081357832824,0.93212586692168142,-0.017511583480895515,-0.92607830866143048,0.36140201438717828,0.10847833988255297,0.10744418815035431,-0.023020690962573406,0.99394456295123312,2.5511314935884952,16.845013665318827,-0.067320637559427049,,0.2155424273661509,0.6,0,4
-0.51741829289878283,0.85571542663115752,0.0054239099518824177,-0.85374599318801425,-0.5157750688050472,-0.07137126532828475,-0.058275975230974213,-0.041559439657019318,0.9974350724163823,7.6284497482367941,8.1681847678894091,0.75339566771113919,,0.5650421677276826,0.4881889763779528,0,3
-0.32559696709271524,-0.90001074080778243,-0.28977108456616779,0.94143396835950033,-0.33701530833409205,-0.011079944375368505,-0.087685222465986784,-0.27640793834313954,0.95703184554224052,-5.3861815396107575,2.4113692559540185,-1.6260716097077572,0.08633332843288868,0.1555661021611094,0.2090592334494774,1,3
-0.48299233730639252,0.8690603502784271,0.10701639910428198,-0.87441146255002855,-0.47227623397804286,-0.11117442592897996,-0.046075983596980938,-0.1472727618857472,0.98802213403451444,-10.056670245018289,21.519048418098485,-2.2863416158517009,,0.4327471070370255,0.2105263157894737,0,1
0.86417902742581143,0.48604504901183748,-0.13021067117737042,-0.47722722379052435,0.87372242301381742,0.094145124122571852,0.15952675459172841,-0.019218164687249049,0.98700652313725157,10.308983652032712,6.6868404712715659,1.190339747785589,0.2709361530803281,0.2013581459570925,0.1363636363636364,1,4
-0.47707334408403035,-0.85189764468704665,-0.21603570848622064,0.87245411594607269,-0.48869584129947463,0.00043619417256632992,-0.10594734509763708,-0.18827314644755283,0.97638536572067758,3.8407407904007083,14.562184262925188,0.11330399925576698,,0.0932435601841002,0.3157894736842105,0,3
-0.98170817665679677,-0.097413619361943898,-0.16358374811696136,0.10028591046403239,-0.99491451015856691,-0.009373027170487944,-0.16183878412663394,-0.025606722530322767,0.9864849232064663,-9.2135145252187325,-10.883132000565512,-1.864874406366589,,0.08765098018868475,0.3958333333333333,0,5
0.83466389148186493,-0.48058394809691268,-0.26902649885826224,0.53362796220714337,0.82654199566520226,0.17907966761315189,0.13629888556771894,-0.29303139462072897,0.94633779146752317,8.4915550884355344,10.666898671973421,0.95213898392380225,,0.2412643785212729,0.2857142857142857,0,3
0.11799108906310168,0.98793730740058705,0.10028947874917846,-0.99196368430795356,0.11261821948196052,0.057664422783065029,0.045674412047603939,-0.10628740888172816,0.99328587767938925,-9.1217889587065368,-1.4269884485572646,-2.1884451248553036,,0.2498325744445382,0.3272727272727273,0,4
-0.47471660294954104,0.87286120306384185,-0.11294895780834477,-0.87848451064948385,-0.47777082744094751,3.1548855955551843e-05,-0.053936179258320893,0.099238886694359055,0.99360079102961651,16.121140857395332,-13.251905987287016,2.6795449237254556,0.3296979115936156,0.3048256333600572,0.5882352941176471,1,5
-0.37013620330612346,0.92746195509524731,-0.053042556999352626,-0.92872969546295714,-0.37075251587952551,-0.0019299570681830898,-0.021455623211900147,0.04854785082682421,0.99859038770292863,-10.558328134257842,-3.2111319137247878,-2.3492271310201551,0.2131333498138243,0.1841387675037193,0.5185185185185185,1,5
0.91515582745108937,0.39665762529560539,-0.071781193756887296,-0.37063639648557362,0.89801807004931378,0.23704895584054966,0.15848808498591099,-0.19033201033918931,0.96884222284009791,0.98508678899590574,-7.5170661933968317,-0.53444548441233419,,0.1186831362578098,0.2831858407079646,0,5
0.87102775498840412,0.48480918223764136,-0.079187794879849852,-0.47098146459164419,0.87000483653962768,0.14583567604934,0.1395962393869313,-0.089730937896178309,0.98613449829792565,-9.7707212681302202,6.4624060814019622,-2.2494610483351583,,0.5166690184837851,0.4791666666666667,0,2
-0.26043820236404486,-0.91668687203795973,-0.3030793978195247,0.96365057911564089,-0.26617298453101079,-0.023010946871950697,-0.059577714956804279,-0.29805556686483015,0.95268744871621469,1.1924560893649401,2.6186326996147664,-0.58113237266045559,,0.5717992632684894,0.1323529411764706,0,2
0.12848645161742642,0.98951460373785094,-0.065970301956923175,-0.99008270615727645,0.13180205835709796,0.048625635020193111,0.056810797556869491,0.05906831978613452,0.99663607544509236,4.5676615288458908,8.8124056123638965,0.20416757696598584,,0.1006328033673488,0.3333333333333333,0,5
0.86796645234367686,0.49587634698497512,-0.027219223111007752,-0.48657500639282525,0.86009652257540647,0.15322772271202803,0.099393162540249144,-0.11975232922381333,0.98781596407717465,-1.3442477260429557,7.2907057623408926,-0.93985925284544491,,0.2081199930108756,0.186046511627907,0,2
0.98138199639678902,0.11933043352913406,-0.15049792284945543,-0.10274560392074657,0.988204441870151,0.1135575710512662,0.16227359003612629,-0.095980355812276638,0.98206672546977924,-8.1459217318580492,16.90038511734393,-1.9458328462984575,,0.07733363809335107,0.4285714285714285,0,3
0.68630297470742585,0.72110820870450421,-0.094821823683794951,-0.71926947172339206,0.69225660961199587,0.058585096187156571,0.10788722794887183,0.027995317242125624,0.99376889076787978,-7.5581465093425635,6.6819429014463179,-1.8943540867687152,0.6338923990600533,0.4099393157546404,0.2181818181818182,1,5
-0.88676877626790207,0.45618226584368982,-0.074423637146035962,-0.44407644725703244,-0.8855182864001182,-0.13657771942220356,-0.12820782514300655,-0.088063072741730239,0.98782976711141135,-3.510764992713709,14.987151915960268,-1.1633995688888219,,0.4642866744285803,0.3636363636363636,0,2
0.4752504434412973,-0.79315360264159152,-0.38084692282532062,0.87635854374077138,0.46524727350332806,0.12466225294881626,0.078311677426841836,-0.39300424566966785,0.91619590921604233,5.1233771598975872,10.18891022841466,0.32515373581926121,,0.4035904954586817,0.1304347826086956,0,2
0.82659842656654681,-0.45690641932951348,-0.3285902694438651,0.55148523566409757,0.77404357913663702,0.3109993126067308,0.11224560589271988,-0.43828422464518063,0.89180034894865845,-16.793494910490146,-11.540933257523001,-2.8783487573752389,,0.4645223377034798,0.1428571428571428,0,1
0.73197442590851269,-0.59392045049735831,-0.33387413541171296,0.67508079231062834,0.69844003456761883,0.23758670410281418,0.092083460345264656,-0.39929940720491819,0.91218453162539626,-18.670508880006519,-11.968472682704592,-3.1571097472150145,,0.1685427246658831,0.417910447761194,0,4
-0.64709931441623958,-0.73144562838721827,-0.21505759692524251,0.75129215275167671,-0.65975951124484211,-0.01665798714485121,-0.12970188316205641,-0.17235045702055565,0.97645928817796679,-8.3001634735636749,-9.7476399496410977,-1.8228030551371144,0.3235504380294159,0.2896530495269481,0.7986111111111112,1,5
-0.03585179006135758,0.99750442436526687,-0.060824111346691696,-0.9992035642903826,-0.034712928025513588,0.019678661979189455,0.017518169390436499,0.061481184110375772,0.99795449682918635,-5.8010266619301536,-19.101981782496846,-0.85683320142634778,,0.135823267949732,0.2352941176470588,0,3
0.95881700161277705,-0.19398434460382308,-0.20746091551641599,0.24286640242935029,0.93867662330708623,0.24474907033088367,0.14726122364461455,-0.28505485595834379,0.94713138534485242,8.162300221019823,-15.810308373928107,1.144969921447291,0.9532814315594388,0.65286850687031,0.5116279069767442,1,3
-0.72285914345795454,-0.65322241471987186,-0.22533338773198311,0.67316587029523278,-0.73931226445348508,-0.016281483296128794,-0.1559563073071891,-0.16345596512883817,0.97414566553206294,-1.3889457940389991,6.5662021637113019,-0.94261114215494657,0.7809090905633537,0.5232538579102215,0.282051282051282,1,2
0.95796046183955919,-0.21173549220009577,-0.19359709423160923,0.23765351557083272,0.96365559129175071,0.122019293183377,0.16072510721403604,-0.16289868849972403,0.97346363938059222,7.8244011458897447,4.2191537786504538,0.8307053348160891,,0.2079159684217482,0.2325581395348837,0,5
-0.19135458673060229,-0.91426362844160713,-0.35707903865383633,0.97932495430210353,-0.20216581129515798,-0.0071846102576179818,-0.065620545702879243,-0.35107122133857421,0.93404654141509402,26.180137097329315,-6.5716258275588357,4.3099238857172582,,0.2163222450298097,0.2,0,2
-0.44483842855490463,-0.85108990354785197,-0.27886331519171298,0.88972127475987683,-0.45559512093625959,-0.028794774156711059,-0.10254182424973728,-0.26091964636260079,0.95989901157442226,11.470382996700806,-28.060087971438097,2.6001035183670895,,0.1632055934964761,0.25,0,2
0.60620993447945326,-0.76860728943499446,-0.20433391780565494,0.79203244890359048,0.60673222923971903,0.067532228495608457,0.072070210365996201,-0.20277780112525201,0.97656901863033208,-7.3303203696850643,9.0475666425317165,-1.8443581914786669,,0.07561730953178092,0.3972602739726027,0,5
-0.64798379096720438,0.76159599743816664,0.0094097465394631808,-0.75777523120768708,-0.64338933750770144,-0.10875136481690463,-0.076770473568351733,-0.077599594506462685,0.99402444503167309,-2.0822091832371648,9.0225835353053885,-1.035852398410704,,0.07577585730300569,0.4102564102564102,0,3
-0.66601913494581277,0.73677309960171933,-0.11655003899315601,-0.74263365460934627,-0.66961106101462331,0.010783413579965368,-0.070098266223904596,0.09373594118664072,0.99312627918218799,-21.306680855585345,-6.5022619563469002,-3.6925755762577017,,0.1170087821846007,0.4,0,3
0.59723784410857295,0.80194514965379782,0.013817905459683361,-0.79254824373736499,0.58741851662929656,0.16372772419433376,0.12318376075344964,-0.10873574972282786,0.98640878839295232,-2.6259179679653397,0.22027125435359193,-1.214909192224656,,0.3124894572456682,0.3958904109589041,0,1
-0.86151716629551511,0.48624631025563203,-0.14612562383418426,-0.49301713857577417,-0.86993825147124637,0.011897045755420292,-0.12133537509193983,0.082291946081827258,0.98919450178484303,2.1763707909929337,5.8465584011142608,-0.32173653004207303,0.08395603164977472,0.08356394096449704,0.4051724137931034,1,4
0.86992044182205508,0.47409301314364916,-0.13591997567869235,-0.46835279649310446,0.88047470632716174,0.073552359140866913,0.15454476023860905,-0.00032620005248704646,0.98798573404493872,10.293243442288921,-3.8748526347429286,1.1107006379530868,,0.09119579853964239,0.2280701754385965,0,5
0.90454045163408237,0.40451127451834284,-0.13482284726691018,-0.39573536448235919,0.91416283494143535,0.087748689505043734,0.15874537050139437,-0.026018070631470925,0.98697668024375884,-7.4931514542745212,-21.645263454385095,-0.96433269600358629,,0.2457928134791217,0.44,0,2
0.98649744153360208,-0.043061287554299957,-0.15801431378778294,0.050631216766220073,0.99773903014117526,0.044196239904765483,0.15575390119168794,-0.051599934565011156,0.98644724593688093,0.069430280114752815,2.8492370450885929,-0.74654260426752439,,0.1175223874059079,0.5697115384615384,0,5
0.75916592797420801,-0.61076255873353036,-0.22502486674217004,0.63864732659137857,0.7657047501629537,0.076327110619850536,0.12568486798634806,-0.20165647132477685,0.97135883252899624,-12.749737145904311,-20.501237685933859,-1.8269195630945221,,0.1379466255179034,0.3181818181818182,0,4
0.7271690591521619,0.67669955969247975,-0.11533804803171256,-0.67052280087210148,0.73618353251632562,0.091831258090140949,0.14705214354912852,0.010559941467177749,0.98907237081712984,-1.4639935792354342,-12.653521329726342,-0.73479502570875599,0.454015169176776,0.2059084135110797,0.6279069767441861,1,5
-0.66736868860952325,0.74096265602331657,0.074788875125104279,-0.7445432945312529,-0.66159729458957861,-0.089130815997045726,-0.01656248870652971,-0.11516667126657658,0.99320809591808279,-8.556060035073763,3.3861650706381003,-2.0799157101000674,,0.2444135073010791,0.1793478260869565,0,5
-0.65251144492586877,0.7544243596810758,-0.071222887898156242,-0.75286960186319574,-0.65609566339125802,-0.052209607061710073,-0.086117227260913226,0.019554181112583679,0.99609309663801404,17.40461073612294,-3.0354469368218879,2.5473309395051245,0.2481517995327365,0.1226043243532273,0.2727272727272727,1,4
-0.81638048384622652,0.57732551766611984,0.014769977879086566,-0.56692211179468555,-0.79626915383597785,-0.21107997017147523,-0.11010097526023975,-0.18069499522920845,0.97735719874867721,-1.0489292317580337,9.2429721600383257,-0.83695727811897658,0.6017965976775974,0.3616457965119919,0.2272727272727273,1,2
-0.16726382097042281,0.98270620910125495,0.079443821586174648,-0.98556078036591899,-0.16881167067611935,0.013136515826488641,0.026320379915504975,-0.076099450966344059,0.99675278337395457,-15.784633376778213,0.46802500166774319,-3.1238352841475154,,0.5446548117750563,0.2105263157894737,0,4
-0.018592171414951699,-0.9447294041395855,-0.32732351598401982,0.99976997837363479,-0.021067596659095088,0.0040182973746961115,-0.010692123496240545,-0.32717351562293906,0.94490378831395738,25.803893155333228,-24.718138233818269,4.9324512226773027,,0.2364605942953942,0.4,0,5
0.39365342730527569,-0.89121312731155089,-0.22533561830828011,0.9192304846323045,0.37970324132342276,0.10411899274937582,-0.0072315484834283095,-0.2481221679658053,0.9687017572351565,-2.6431481056046273,9.9906592533641927,-1.0845149394436557,0.6126958845871407,0.6478154934960089,0.59,1,2
-0.98346411777439724,-0.037666341065484991,-0.17714281188059716,0.085320588265078851,-0.95914630461887362,-0.26973832422193805,-0.15974581768649526,-0.28039189197745551,0.94649968866607415,-0.4862742321912587,-0.44540611856959039,-0.91917290472833812,,0.5995227871219985,0.2675438596491228,0,1
-0.60852725559292198,0.78094488821488695,-0.1407823169705148,-0.79071456881341706,-0.61168628568881245,0.024705435969409089,-0.066821028626928985,0.12635256020858543,0.98973227726591662,10.844006745133736,-2.4434614847892404,1.2405049510317807,0.5779706124918057,0.5786304437269202,0.9676674364896074,1,5
0.19597434982514289,-0.91480976825691995,-0.35315314257745656,0.98060306788861207,0.18156827819708296,0.073828067833238156,-0.0034172295877030021,-0.36077146263842369,0.93264799055574976,-15.508652839005661,11.100285196458016,-3.1045121186592031,,0.5225154828067815,0.4242424242424243,0,1
-0.44669572465334206,-0.86622592936336806,-0.22386506845641535,0.88989850855433661,-0.45602235006836717,-0.011147228843588595,-0.092431455950846717,-0.20419661000294195,0.97455639673346439,-3.577644701792658,4.5886620763152468,-1.2855792152317616,,0.1317300109453453,0.4709677419354839,0,5
-0.75101555720179669,0.64474807061672224,-0.14239226902079483,-0.65327519585667326,-0.75689846207801348,0.018336754957302911,-0.095953902053545689,0.10679252567456742,0.98964044235305315,-2.6111983156447427,-5.7000127756178589,-1.152652349971254,0.2771659924859719,0.2347458019814686,0.6689342403628118,1,5
-0.41282511492154267,0.90409448278023696,-0.11040195060029927,-0.91038967016123296,-0.41327537230918254,0.019852332518571481,-0.027678022937639532,0.10870433684560324,0.9936887310406719,-22.26177451920184,-7.1153913972011544,-3.846096210651536,,0.09716208568995308,0.4285714285714285,0,2
0.22355898025451196,-0.92100148451703234,-0.31902609276513072,0.97468676009514421,0.21034895996910363,0.075756417121902883,-0.0026649658148119927,-0.32788653610256618,0.94471335197501416,9.9211185518441329,3.011699709513755,1.1472814854822537,0.4209202290703348,0.2970809215300574,0.2553191489361702,1,4
0.98603917982421552,-0.045162878620405418,-0.16027180115762327,0.059330158497256279,0.99463522742444554,0.084738991373590672,0.15558492261231699,-0.093064916918469034,0.98342882462061265,-1.604983521030505,-2.3663266435297752,-1.0847488766166888,0.1220824804231815,0.08718306794603349,0.4771689497716895,1,5
-0.87215250469231864,0.46818075616301447,-0.14197460377667384,-0.46734288443826821,-0.88311159088364799,-0.041286152786036243,-0.14470880043672224,0.030342999284519685,0.98900893093570441,-14.738666255707392,-3.5186618918464903,-2.9129374212879027,,0.1691626324817488,0.5,1,2
-0.98499021350645211,-0.053910498673343264,-0.16397541714935818,0.053775566897899342,-0.99853916685680111,0.0052650410953742231,-0.16401971741630375,-0.003631857061873362,0.9864503747847424,12.58015645282565,-3.2665615653620499,1.5751282509943314,,0.07430409377152472,0.2222222222222222,0,4
0.09294863103522992,-0.97197252043403548,-0.21593974045966172,0.99550655485094464,0.086780932270027325,0.037891543161357143,-0.018090086718442151,-0.21849139414506538,0.97567118408153564,0.049172287790116023,-17.481648573521209,-0.23593199247961774,,0.1434557402795661,0.3870967741935484,0,9
0.87173182008220729,-0.41591840269518843,-0.25902802195060814,0.47482137134074165,0.8475565164724046,0.23704981903232822,0.12094750586208565,-0.32963591079347698,0.93632893106060489,11.253289470907474,11.350020834890429,1.3384681992350056,,0.2506182064011625,0.1714285714285714,0,5
0.95669009219998857,0.25708618751018236,-0.13656778418740564,-0.21571975285294873,0.94108953342507873,0.26041405166931986,0.19547136801956747,-0.21967517444911216,0.95578960133248569,-14.83710096864213,5.5836730266320673,-2.9631278043941922,,0.4735580787399233,0.28,0,4
-0.93564192182292638,-0.29909022857929934,-0.18740125211930547,0.31265301303114368,-0.94871096889985684,-0.046857133199145244,-0.16377511279204962,-0.10243306427847096,0.98116521532944401,-0.4816448904994004,6.0151925736349794,-0.84014652192131045,,0.2429270045901566,0.5330739299610895,0,5
-0.69610242588884674,-0.63709484748116629,-0.33098575193595969,0.70836338075372518,-0.68453069721324444,-0.17215994127526532,-0.11688769601124074,-0.35429913898526377,0.92779813894806085,-11.847860941206539,10.549172739569853,-2.5699529142095741,,0.3745202318158434,0.2272727272727273,0,3
0.93674247092942842,-0.29376946576713403,-0.19029725205562764,0.32326857906919321,0.93457364844365054,0.14855814155174979,0.13420495126341311,-0.20067784286666462,0.97042126648109295,12.470209895968239,-10.505352074135718,1.7576788065130511,,0.09068564422773899,0.4615384615384616,0,4
0.75595403846167242,-0.61970402420944914,-0.21095121263482469,0.64905485420335507,0.75148641996614296,0.11830450896534654,0.085213191282512882,-0.22635167988129584,0.97031109910500657,0.89163068478064833,6.9685764123816174,-0.50873859832628676,0.5400680109628648,0.5725603737223036,0.75,1,5
0.97481846784212456,0.1722931015612168,-0.1415769822688295,-0.14839495503772016,0.97508710387589903,0.1648759448017337,0.16645687751872917,-0.13971480597748975,0.97610034367240484,6.5056069255303228,-11.986799103315114,0.62116845470232174,0.2966977187883852,0.2879394051626243,0.4855491329479769,1,5
0.86061707582683467,-0.47671252002322845,-0.1791184581453624,0.49505288741178255,0.86564157581374801,0.074748250066129271,0.11941895770992945,-0.15300273028869329,0.98098383119380728,15.825347669543074,-2.1738425910795129,2.2510038068702145,0.4056684151771453,0.402226932070968,0.7211538461538461,1,5
0.96320295447234072,-0.16782142716304185,-0.20994293767763242,0.22921508835393103,0.92080480341366699,0.31556133679717197,0.14035851155756138,-0.35207170092933976,0.92538911039522609,12.061509579291396,-2.2230171104397733,1.4802506977972838,,0.1601041224116715,0.2631578947368421,0,5
0.5574651940325277,0.82755120713272512,-0.06626882385742304,-0.82082028373687432,0.56137318748239162,0.10542393552688586,0.12444524598550766,-0.0043753798726091919,0.99221682953000634,-12.808172069399207,7.5123877229843519,-2.6963365702132029,,0.3522464328329972,0.1764705882352941,0,6
-0.67772907563464624,0.73453060596684139,0.033883461118836125,-0.73279939301158603,-0.67089010688816675,-0.11362884352766371,-0.060731784439929389,-0.10183935083045227,0.99294531419468068,4.5624186167689791,-19.663654632572815,0.75567864708458421,,0.4259848763041716,0.1702127659574468,0,4
-0.96738416704814667,0.20054946147880456,-0.15475072486138899,-0.20360473103623819,-0.97904505262361652,0.003987283897711213,-0.15070828392701235,0.035365215025237831,0.98794550189876051,-6.3106213498185273,5.6183409184077346,-1.7553991518849144,,0.08389721813892229,0.4113475177304964,1,5
0.40597922618793203,-0.82318596493853258,-0.39692031320161397,0.91207470652065381,0.39226890559341349,0.1193517298986936,0.057450827923652817,-0.41047530112391034,0.91006012413363335,-11.704959138610119,-2.8462148296017884,-2.5272748861945407,,0.2825411152011197,0.2456140350877193,0,4
-0.48389393214687976,0.8743543510993913,-0.03675773585239657,-0.8737592383874796,-0.48505859402809032,-0.035538059767309706,-0.048902512859396861,0.014920759801563901,0.9986921022832721,44.705975056446299,-2.7086201787702437,7.3656234643583209,,0.2760720873588197,0.6666666666666666,0,5
-0.6152236084881324,-0.76303338495861739,-0.1981917379646187,0.77836412171607583,-0.62781249117706683,0.00087746635689913484,-0.12509678486677173,-0.15372550003379465,0.9801628767992373,3.7423529838801062,7.7452272536848392,0.056332062728495336,,0.07042041133706227,0.2,0,4
0.95973979580397251,0.2505030466842213,-0.12707378939841729,-0.22069786378894463,0.95234818768367069,0.21053594071945303,0.1737583876224307,-0.17401480689168802,0.96929194245763894,31.645976982307833,-3.1644685307265892,5.17126099262323,,0.3708460518287169,0.4444444444444444,0,5
0.32460291692700122,-0.90515118251963311,-0.27447091486311254,0.94583460095477512,0.30895402243342612,0.099721209674416236,-0.0054638776711450534,-0.2919738837730485,0.95641068440041954,-1.4740018275416402,4.9618488471342745,-0.97536850475897452,0.5715204144883983,0.5113276242968384,0.9103585657370518,1,5
0.23238456175152866,-0.92048060220297923,-0.31418605384006409,0.97244014035495296,0.22616503767539139,0.056652883066343522,0.018910020782377787,-0.31869238569713354,0.94766954916399015,10.970705527439183,-11.325083499877019,1.4843461718490627,0.2283815522568676,0.2622194065765593,0.3061224489795918,1,3
-0.67478764729472673,0.73795666838328999,0.0090325327058231753,-0.7331653284006262,-0.66890567962349501,-0.12261236886477503,-0.084440702801722403,-0.089359651723048897,0.99241353293588563,-6.7126961031672012,-6.563651246878436,-1.7775900106518647,,0.2103384942958053,0.2262443438914027,0,5
0.98507560417822038,-0.012168738061340474,-0.17169151367178398,0.047005206722006435,0.97859975178267,0.20033231479698338,0.16557948119841229,-0.2054128711276163,0.96456673578408958,-2.2033786015729615,2.1546165561311081,-1.124641649894623,0.6261003904060874,0.6442775661148206,0.7657784011220197,1,5
-0.60292159337618689,0.79072845125809887,-0.10599088928624793,-0.79520117075776764,-0.60634568324719218,-0.0001021419225428589,-0.064347884706468378,0.084222495679391218,0.99436709567208581,3.8846874132006208,3.2134083958128175,-0.16026973151728474,0.1738821000145677,0.11866834489753,0.1614906832298137,1,5
-0.70016976401969133,0.71345967069924421,-0.027158789338599384,-0.71140798740083788,-0.70036970234310381,-0.058145984402398786,-0.060506008089292691,-0.021391080514103853,0.99793859763992487,-21.750514893460497,11.884257712551857,-4.0655453570594036,,0.2367916955708504,1,0,4
-0.28590916630562907,0.95746139779788331,0.039033579765937645,-0.95825422416486628,-0.28576416355426448,-0.0093640108031869743,0.0021887193997279469,-0.040081349217002085,0.99919402267644408,-10.179706592595339,11.259220854381132,-2.2634852551116817,0.7566150225983871,0.5395996900978425,0.4833333333333333,1,5
-0.50605501021357513,-0.75460701945486341,-0.41770392962861363,0.85603281360422978,-0.49863048576078933,-0.13629182184850644,-0.10543314787373151,-0.42653942943109807,0.89830282559392483,-5.1883268205179478,12.193800839001907,-1.4798100244911458,0.9064887473287314,0.5851716966414763,0.109375,1,3
-0.50939989605654346,-0.84249636194269117,-0.17524732811347618,0.85332190792361828,-0.52085081558718282,0.023582819164846149,-0.111146153128114,-0.13752929875301501,0.98424195431272155,-5.8603042985090159,8.4089026081701519,-1.5882453381495449,,0.07369067130735238,0.3763440860215054,0,5
-0.96122892770829904,0.23063830314737796,-0.15114536598272887,-0.23529987129134725,-0.97182947433071165,0.013470092515250054,-0.14378080228956286,0.048512327746585017,0.98841976657166197,-13.315816007007985,4.4513616185614415,-2.7348415973144218,0.4820522665563809,0.3665077483819364,0.9315068493150684,1,4
0.8209203510824975,0.55269175372002477,-0.14360223726834209,-0.549782132033802,0.83293762798749793,0.062884936025476679,0.15436769245848295,0.027326420410378312,0.98763550071501549,-11.049025228433397,-7.5274689927986316,-2.2692946496528625,0.1799778280567224,0.1538386916708244,0.7283950617283951,1,5
0.56036635541020063,-0.76578759027621457,-0.31552957754105898,0.82594609348387882,0.54503528446252014,0.14404717751341431,0.061665212097342208,-0.34132961381897414,0.937918704551296,19.620936588281495,-0.83240367166658702,2.9010565509917732,,0.4452204940632056,0.4242424242424243,0,5
-0.88293355597949152,-0.43434181110895642,-0.17825691248308348,0.44138734278098402,-0.89731666184195391,0.0001483696556616352,-0.16001734080452748,-0.078549344385577854,0.98398396894382567,-5.2660725619961157,14.935605046856143,-1.4649325361298657,0.3509915993766955,0.2927681713896187,0.64,1,5
0.79417199773166836,0.59130817759107002,-0.14016232422737315,-0.59034792869824304,0.80541526141624908,0.052873242377311058,0.14415325560175749,0.0407540892638215,0.98871580502573719,12.041613113464372,6.1830814056412047,1.5084562475240511,,0.08020100977838936,0.3142857142857143,0,5
0.057538820921266137,0.99803571922005296,-0.024778766069025734,-0.99735499275947737,0.058568249883944108,0.043043913893556419,0.044410612523748061,0.022236530000090311,0.99876585555815933,-11.195552620667922,-23.878305234590346,-1.378918764678728,,0.2182744089296859,0.2142857142857143,0,1
-0.4041727825521772,-0.8854236484542769,-0.22949798387338713,0.91052510327675196,-0.41336103134039609,-0.0087575151764558903,-0.087111412265513569,-0.21250322474523314,0.9732697371879937,15.146558288986247,4.9963756173847242,2.0191983222112904,,0.3812976546520837,0.2631578947368421,0,5
-0.68783676909500335,0.72576865509320954,-0.01185066939638414,-0.72136859001654097,-0.68529892236696177,-0.099963715118185997,-0.080671782046115706,-0.060210018160404499,0.99492050802796761,10.173409729071686,-24.974768240791054,2.186620312780029,,0.4470705228750723,0.3333333333333333,0,3
0.79786484602849872,0.60283571158765115,0.0008901160211110576,-0.58326219817144032,0.7715840284443789,0.25389622926259431,0.15237091473158573,-0.20309404689491686,0.96723105432968082,14.521911784618919,-6.4363207855864069,2.0551903236526901,,0.1842116242083817,0.325,0,3
-0.61397945432184331,0.78650343518803345,-0.066645150671860512,-0.78555043180923134,-0.61710785848236926,-0.045699125633153675,-0.077069765504911528,0.024294802669042288,0.99672965934012958,3.8095967300572156,-9.9840244635410915,0.019276698159881249,0.4868235041929374,0.5480419990203824,0.5527272727272727,1,5
0.68216803565093276,-0.71159194012215887,-0.16817753086940904,0.72646823540121108,0.68569847319644517,0.045403819323000763,0.083010084262091693,-0.1531486683234535,0.98471052157553118,-4.0110873080795963,2.8191434217593123,-1.4128141467005531,,0.0932342681006661,0.5379464285714286,0,5
0.98430931888151862,0.084257329540457462,-0.15503505146163515,-0.075800633851507634,0.99533519896266598,0.059683378034927792,0.15934060584393037,-0.046995150012114899,0.98610447073554452,-0.79821794542667124,10.838915388587493,-0.72755692771836722,,0.08680711708134743,0.2280701754385965,1,5
-0.59224697445181174,0.80408070953493116,-0.051939713192109931,-0.80296484809416535,-0.59432880022864676,-0.044952529894243712,-0.067014729558440372,0.015082764089536654,0.99763797855215508,-3.811278693667016,1.7068709854471513,-1.3753367223219946,,0.1016744148193096,0.25,0,5
0.5507859904235447,-0.79730168519107047,-0.24687003776204891,0.83281076035824719,0.54459116810022323,0.099230524833610279,0.055326577561548573,-0.26025080675900925,0.96395460857688331,-13.627523307686046,5.8359488381908093,-2.7774521913153958,,0.1027941972250488,0.5,0,3
-0.11517811852952933,0.98316461105898112,-0.14184973941901483,-0.9932376915066099,-0.11188790740024793,0.03098361418905185,0.014590722484516623,0.14445914210889615,0.98940318731978205,-12.65859037897224,-0.85046952545457444,-2.7213980918376048,0.186836410729529,0.1262369756426039,0.425531914893617,1,4
0.97390108015785881,-0.15523422217180199,-0.16558690266465004,0.18235834393600109,0.96951939830142631,0.16363853676368653,0.13513741326618561,-0.18956390105702309,0.97252424491719902,-23.07330131050249,-6.6403962574619788,-3.9656218590905872,0.4998302607688137,0.453731083789107,0.2380952380952381,1,4
0.34557292167026399,-0.91529981142589167,-0.20689516913646283,0.93813805161317976,0.34210580423385428,0.053484715806810683,0.021825487937387675,-0.21257910036792377,0.97690008402244499,-6.8980067435025285,16.047834431118108,-1.7030654831688623,,0.06959879767550606,0.3076923076923077,0,2
0.79372809077186923,0.59652824752807898,-0.11895279660740257,-0.59203350130581578,0.80250717084025169,0.074017390399494426,0.13961393645055467,0.011674358699892397,0.99013719155363822,15.284081368605671,-18.663840794937428,2.7335823005376185,0.261019374065445,0.1862220496694661,0.2727272727272727,1,5
-0.76067541469244215,0.64341859844608029,-0.085938470175837542,-0.64158753630196896,-0.76534249627170436,-0.051149747434038662,-0.098683062095027085,0.016228696012874799,0.99498657412111402,-5.0561731257647669,-10.927385316973039,-1.2849977760643954,,0.07517568607653156,0.2083333333333333,0,2
0.41786843181000155,-0.874256503046695,-0.24710633455501332,0.90715797553802069,0.41633715370800439,0.06105556371107642,0.0495013243702618,-0.24967767485876999,0.9670629129289926,13.336487147517675,9.6902135285103288,1.7321303246065987,0.6447270748132278,0.5820551374067868,0.6756756756756757,1,4
0.94401338888876218,0.30364552086844032,-0.12898883383956039,-0.29142459724351522,0.95077439604464387,0.10535536031640133,0.1546299638498668,-0.061866351779277982,0.98603353330265231,15.020322717920548,6.0959786938839793,1.9992980154225384,,0.1056945453649764,0.44,0,4
-0.2997993125576463,-0.93548793868703528,-0.18703659738416611,0.9506550058891996,-0.30935863014563247,0.023501015557330054,-0.079846302154644347,-0.17076168927924604,0.98207179651323351,-12.904402091377021,-6.8436195797998449,-2.5502280537409869,0.2133558450318737,0.1588166530013168,0.5752212389380531,1,5
-0.984663698307223,-0.054158288646096078,-0.16584414673683309,0.059278607110302403,-0.99790078741397858,-0.026078060081681793,-0.16408366151145121,-0.035509129100662833,0.98580710779315639,13.151565295144071,3.2748154010414301,1.6694655147840409,,0.1067355118153384,0.24,0,5
-0.37547293105372281,0.91913430629529946,-0.11921495307630835,-0.92636604559411195,-0.3762502663987673,0.016783521835003118,-0.029428347154669951,0.11673844279378005,0.99272660302715232,1.8476905284527894,-5.5374127435917631,-0.462041181644336,,0.06887274676825121,0.2317073170731707,0,5
0.91348873487045068,0.38567389902922783,-0.12959156944947184,-0.37538252351900081,0.92176267280342106,0.097167566928481053,0.15692766582502604,-0.040115067417207349,0.98679505930300571,10.938831242870538,-14.906577702796721,1.6241366533873671,0.1441520088262365,0.1326988986436624,0.7173913043478261,1,3
0.25759231359462914,-0.91884441788127524,-0.2989500555366848,0.96503126156109531,0.26020156948087958,0.031777467638059394,0.048588724893407813,-0.29668178064739259,0.95373951204987062,-3.0588937090074531,-19.685915785118052,-0.45418261783068642,,0.4781380328299608,0.3846153846153846,0,2
0.97561714379099618,0.15763700435632136,-0.15271464762315468,-0.14885455617228691,0.98655935065772205,0.067401548473056946,0.16128704178529238,-0.043025835115422281,0.98596920218877537,-15.168430926196846,7.3377538784759277,-2.9940988790201835,,0.082991283549062,0.2608695652173913,0,4
-0.52008531074394682,-0.83095345131320386,-0.19755412245521359,0.8461685433518461,-0.53275136403944678,0.013220452183121487,-0.1162328085791168,-0.1602883210492459,0.98020283020659893,-10.352363859826927,-9.8447679830051804,-2.0885724577095162,0.3222008775058533,0.1048802158681393,0.4833333333333333,1,5
-0.59961024051926626,-0.78020213709067199,-0.17819142724491033,0.79084907495900547,-0.61176415234508175,0.017388575041991618,-0.12257773085236616,-0.13049615773904627,0.98384218892789554,-4.3429309624589711,7.7168133594018258,-1.3623648420981915,,0.0941532707327046,0.4307692307692308,1,5
-0.98863545757118942,0.06171475906535033,-0.13708107289670307,-0.0499647956439674,-0.99490505949312835,-0.087563929738402782,-0.14178663981229703,-0.079719577949717804,0.98668198405679708,9.5743712481201229,-18.624040883249144,1.5899184071404615,,0.370358637358409,0.3571428571428572,1,5
0.65081869093127132,0.75501466895869151,0.079924221558327166,-0.74919035698454184,0.62157617170926072,0.22881624016803304,0.12308062615977212,-0.20879634197096927,0.97018309975161976,-12.486841955191526,2.0968170821547552,-2.6195732553604079,,0.3535925544633216,0.2051282051282051,1,3
0.46151305482617699,0.88565123005041668,-0.051260110565574633,-0.88000397908435812,0.46435002193195463,0.099860171877934251,0.11224391752209745,-0.00097767171284264651,0.99368020365574106,6.074207531259523,-2.3897546107554235,0.23608961974289877,,0.09723199033225761,0.3025210084033613,0,8
0.58567592094073784,0.80095867662579834,-0.12429366020867054,-0.80183096481431737,0.59495229650671833,0.05566748374340981,0.11853615269258394,0.067059400677546177,0.9906827026276418,2.8510753578642509,8.112123952205998,-0.10578173863469853,,0.09392425699096131,0.25,0,5
-0.4026184913973242,-0.89081759332142274,-0.21057627077610502,0.91031513337732983,-0.41379501989699535,0.010001972438463782,-0.096045345171732951,-0.18766378696347882,0.97752626293791678,-14.24158234085259,4.2609641907068179,-2.8617664444958444,0.2623364718693392,0.07028241600290422,0.2380952380952381,1,5
-0.56109941330120749,0.81515855528249892,-0.14381925511832669,-0.82566141530976833,-0.5635022977136076,0.027356676336040952,-0.058742451955218572,0.13409582477181783,0.98922577509740173,5.693053970847326,7.3218450346084643,0.40684833696247408,,0.06840338117297309,0.25,0,4
