axis_00,axis_01,axis_02,axis_10,axis_11,axis_12,axis_20,axis_21,axis_22,location_x,location_y,location_z,dbh,dbh_approximation,score,reconstructed,number_clusters
-0.94299519381833707,-0.21600194864956429,-0.25318614222565433,0.26041472200201088,-0.95261143932660997,-0.15721201680755925,-0.20722991338157143,-0.21418357510247121,0.9545580962708301,-8.1336405366841316,-26.263632898613984,-1.7978122753769885,,0.4737312160377798,0.1612903225806452,0,4
-0.91164377256576146,-0.34153712269678427,-0.22860014383650049,0.36063890112229147,-0.9315487636275509,-0.046437958409984444,-0.19709189465671331,-0.12477698026472342,0.97241220182422838,9.2709322245944659,20.975739380588792,0.1448824959679485,,0.08280265440998362,0.1875,0,5
-0.72598689001940686,-0.58394084772759169,-0.36325765219074446,0.66697273851565952,-0.72658792442292508,-0.16497682916005882,-0.16760191406088301,-0.36205396619560382,0.9169659339174826,-11.060773608515309,-4.4051187863059553,-3.152406931221349,,0.2253783489300102,0.2333333333333333,0,5
0.57229992517353778,-0.78020792393367322,-0.25248443729757125,0.81487055676739262,0.57559449253323347,0.068388272964076902,0.091971579088122687,-0.24488073749586239,0.96518115037723351,-0.41573457679969505,-1.9191872654260207,-1.5274291036718726,0.60111964069034,0.6585437095620975,0.8256029684601113,1,5
-0.0858821318370281,-0.85855403149214082,-0.50547921266825568,0.99510371669607312,-0.098828782258850917,-0.0012102953745298736,-0.048916791072067548,-0.50310818598570328,0.86283793422947419,-9.7273580813236755,11.010678603426106,-3.2793658106533314,,0.307534433594349,0.3023255813953488,0,1
0.95052610842792085,0.24222245626257827,-0.1944952412759644,-0.23108263748070942,0.96976959740080171,0.078407541805906478,0.20760763919430134,-0.029583942252670983,0.97776472553930815,22.062476253804679,19.283165540448014,2.9968609374132309,,0.5604872435517677,0.65625,0,2
0.50656021635406012,0.85261032123932945,-0.1282668598021191,-0.84913837621931665,0.51913325130072674,0.097286614832459165,0.14953516388779844,0.059634784397237593,0.98695639582047634,2.7066942393769691,12.019602456257944,-1.0473930571458494,0.2118167681510637,0.1331446795226528,0.29,1,5
-0.43685256433758696,0.88366022716715786,-0.16823923429022458,-0.89727804175568271,-0.44130319012959152,0.011983745847262682,-0.063654951219530284,0.15619250079415492,0.98567334846839905,-13.549443354792775,-3.3751921368233715,-3.5595454220185347,,0.08574206601195271,0.3548387096774194,0,5
-0.060780268664294743,0.99809758734773035,0.010342391973611569,-0.99814850843594616,-0.060800773667268132,0.0016795917828451982,0.002305221939752597,-0.010221157082312598,0.9999451054431473,14.073652348937477,9.6407845287258027,1.2721469476055198,,0.4616592956443124,0.1333333333333333,0,4
-0.098440111873356814,0.98354056640233878,-0.15151732117262556,-0.99513195638665386,-0.096574765238620588,0.019639350732043453,0.0046833484209372195,0.15271302812816231,0.98825947872382947,11.93520979007541,20.529971100467055,0.77006610806068865,0.6361432355793273,0.5463479766443597,0.8901098901098901,1,4
0.72801244451549096,0.67632634263838587,-0.11216309055997277,-0.66411137254531316,0.73633670078944879,0.12947721006605856,0.17015864799227787,-0.019772236188529232,0.98521829722632803,9.4352263169937736,0.8768986463445495,0.3349330003380212,0.7358270397897845,0.5462757788433475,0.1403508771929824,1,5
0.45773978549546812,0.88211707376592408,-0.11110246147231496,-0.88086685224618066,0.4669058442144412,0.077926383544382638,0.12061458198936549,0.062196469425877289,0.99074907105809951,9.7707551130908037,3.0496852948725621,0.41559396070417681,0.3997079745058912,0.3336899315077594,0.7831325301204819,1,5
-0.38554528253647447,-0.874012766025139,-0.29573048530538026,0.91629465154614553,-0.40034283074116539,-0.011389882443539154,-0.10843867696443575,-0.27536757742921747,0.95520351268144221,-11.278461011281928,0.32087921135467889,-3.2467529473588042,,0.09177220121281046,0.2,0,4
0.49530604740411854,0.86717028943060126,-0.051842150165261072,-0.85875800740658725,0.4977653305812143,0.12150868440750467,0.13117394604103955,-0.015664124623562866,0.99123560825860191,12.761839263095109,0.2067447638609112,1.0432593785498758,0.4241587284809609,0.2740220539123543,0.4,1,5
0.10153124897236436,-0.92820737080407545,-0.35794200964276135,0.99467690311768664,0.088356492875315995,0.053018756784588075,-0.017585900213546338,-0.36141971024248398,0.93223737811885599,-18.255359339491697,16.585311817069101,-4.8450209517815921,0.593937779187096,0.7834802733574915,0.8695652173913043,1,5
-0.31442333140402989,0.93128520665586823,-0.1839723689381848,-0.94862604518777516,-0.31545683276551606,0.024405184960354299,-0.035307153102330534,0.18219454032842278,0.982628390804134,-21.137884877301836,-13.195187425931667,-4.5122539045686123,,0.08417335522903649,0.2727272727272727,0,1
-0.88020350924404078,-0.40095004337924289,-0.25393078787074891,0.42977353608727908,-0.90036697212601391,-0.068073659984386026,-0.20133675768103593,-0.1690514070299827,0.9648238864101939,20.694805982253552,8.0146091830624258,2.7250443324379225,0.1748010817553549,0.3623445618448391,0.25,1,5
-0.037438142847661768,0.99639238030650645,0.076161735321961715,-0.99902161705420389,-0.039114355201041527,0.020636760298308132,0.023541327883556975,-0.075314617999039407,0.99688189581170417,-3.7118157918881431,-16.375475497692211,-1.5665319821270578,,0.5121383878106168,0.25,0,1
0.70804187781664163,0.67785404510858493,-0.19796614050845593,-0.68559674126677272,0.72702494381185212,0.037307364417170821,0.1692152700623287,0.10930976445543401,0.97949863081702748,1.5060106736278811,-1.2571281789969253,-1.1982623386174927,,0.07546619109988453,0.328125,0,2
-0.88531492757158348,-0.40628974639647375,-0.22615508172935617,0.4222364513391868,-0.90614059437420746,-0.025012044851405422,-0.1947661628194515,-0.11763445583776627,0.97377013541201796,8.5491874741688036,7.2518931500302166,0.14965375739491146,,0.06996166966529857,0.1355932203389831,0,4
-0.19198064116838509,0.96975591708538611,-0.15072124831774145,-0.98138891364373315,-0.19038748972303468,0.025067986240120337,-0.0043856121293651901,0.15272873022075412,0.98825841831547645,-8.8650541344661349,-2.4483628974173826,-2.8156604180909381,,0.1506139963777767,0.6190476190476191,0,5
0.54825446806768918,-0.80114625226483827,-0.2399619151570114,0.83172834053770139,0.55232134102050789,0.056294793717623255,0.087435723764473824,-0.23044699767042556,0.96914868594786341,22.944141009940662,2.302712669967053,3.3610120689764043,,0.1224351152477469,0.35,0,3
-0.82876250872900681,-0.47598491491508033,-0.29426359764416582,0.52556295739479064,-0.84264715773541965,-0.11717228927890921,-0.19218814203702875,-0.25176204704780814,0.94851441197625042,-10.251824617953263,-16.747883171969463,-2.6405250454573834,,0.3680907887808829,0.358974358974359,0,5
-0.75604557931580552,0.65312435862330909,-0.04270426407185899,-0.64281100160179783,-0.75322488920300579,-0.13944992830694672,-0.12324405955956286,-0.077979731071673733,0.98930787084975114,-6.5418726984824369,0.90994455367526139,-2.5204489364420195,0.5061109316053177,0.4102153897723653,0.5583524027459954,1,5
0.81878705878737468,0.55476904965522178,-0.14771274118018135,-0.54499544178622683,0.83199241089129916,0.10377184903199733,0.18046528972230783,-0.0044642764168890663,0.98357122235327599,-5.1855709335825928,-0.29666654878921056,-2.307655934351823,,0.09914574801195722,0.3146853146853147,0,5
-0.88972157171687472,0.43556483230145615,-0.1366704126131886,-0.42321606995119826,-0.89923821109191315,-0.11071945559511294,-0.17112475845627129,-0.040668373146958134,0.98440967105614241,14.092158902764135,31.80168141862195,1.1309227479316311,,0.2937173497579281,0.3333333333333333,0,5
0.83655918623281744,0.52750443570440952,-0.148012831341267,-0.51421848798142833,0.8492017971245327,0.12014846806579163,0.18907161222028909,-0.024400370338081744,0.98166009768136353,0.1069630005349532,-11.195243961951224,-1.1191328807902943,,0.09565078669651306,0.4230769230769231,0,1
-0.12505502129901663,0.99214757841646517,0.0021033996878332623,-0.99214674100086131,-0.12504908220252531,-0.0027516107419595002,-0.0024669757339112084,-0.0024309838852483358,0.99999400215605172,5.6773771235303192,17.565693170116671,-0.61838675711906055,,0.108254049124447,0.3478260869565217,0,5
0.46936331041352175,-0.77302974727902019,-0.42675882259116166,0.88026706769961671,0.44766254777690112,0.15725181347574901,0.069483612177104095,-0.44946996911876996,0.89058900425459642,-14.953140113356701,14.102372832708999,-4.1728631788174066,,0.3458396104245417,0.1578947368421053,0,1
-0.1194103673652834,-0.96279707174847107,-0.24241073160703427,0.99127967322431443,-0.12931874989153813,0.025323316899366597,-0.055729468129383557,-0.2372729642396271,0.96984316609591892,5.818104261749502,15.121170753909773,-0.51612559477398179,,0.1115852145944124,0.5,0,1
-0.36986379165061106,0.9272140528461561,-0.058948077410880984,-0.9284246907363054,-0.37124929433225057,-0.014197009861279605,-0.035048099192806374,0.049477890642303055,0.99816009190938859,-21.883367447020177,-16.433003175322455,-4.5952208136436345,,0.3672208660624854,0.3888888888888889,0,2
0.97352087648429275,0.12279722348306464,-0.1928158316998469,-0.078307853137790387,0.97157883182829075,0.22338857105976354,0.21476727680492591,-0.20237444366328228,0.95546826287730346,10.638735720244512,9.9145961192243401,0.52601130908396143,,0.4374127600922066,0.3766233766233766,0,3
0.40014756820501984,0.90773486342438936,-0.12609259051790686,-0.91115949323868262,0.40881723038243339,0.051544641074171671,0.098337691352999218,0.094264998097618249,0.99067845873069227,4.295984464027625,-18.658826688136578,0.35670517168553367,0.2466705098547501,0.1312746397391186,0.4166666666666667,1,5
-0.92042156955134602,0.3505410885955158,-0.17304646633465331,-0.35150547953146244,-0.93582280064569989,-0.026068825270761098,-0.17107902315595575,0.036832472058113644,0.9845686044344979,-8.8573926686203848,1.8501675319167865,-2.9032903757235236,0.347555586791787,0.233214907411148,0.5977653631284916,1,5
-0.64909429212657987,-0.72264414394383747,-0.23761742602842198,0.74314813751871833,-0.66910928213781429,0.0048594505325535537,-0.16250367882344724,-0.17343070599146168,0.97134666550523996,-8.449282686324489,-24.113171200264969,-1.920523236818966,0.2489680291434442,0.1337324505179251,0.7058823529411765,1,3
0.22640148273654864,-0.89816588430616096,-0.37688249214207981,0.97381495466525825,0.21692670243142095,0.068023818200177874,0.020659203396872959,-0.38241450030139063,0.92375989698310934,10.592706299625954,-10.884325378896492,1.006055594877135,0.4407412249492805,0.4401274244167278,0.6911764705882353,1,4
0.21415465733041542,-0.93486486225964283,-0.28313507740291122,0.9765078125757678,0.21198592595451662,0.038658235548148526,0.02388042550253916,-0.28476245628499963,0.95830061503077002,-13.871971791312678,-10.985488797719828,-3.4008202110988814,0.2943210348963236,0.1053062611128083,0.1052631578947368,1,5
0.95590696233462802,0.14506718730027465,-0.25533779690631858,-0.09717676796506497,0.97674348865041882,0.19112517664314568,0.27712552233247895,-0.15788498518794233,0.94777306161557173,16.077611229546307,26.817259958720296,1.6574188621018742,0.9505143698495724,0.3233831030823938,0.9047619047619048,1,4
-0.087105165174769711,-0.89875095164815588,-0.42972016139740382,0.99583133493037646,-0.090275848452568891,-0.013046975011595836,-0.027067370959524006,-0.42906526088428959,0.90286785264048253,-18.963043924036391,0.4184817683226133,-4.5862129404218006,,0.3999561835732302,0.5833333333333334,0,7
-0.86967043283554002,0.46925841512663324,-0.1531988188090477,-0.46539983388544204,-0.88289693887528942,-0.062417865583887358,-0.16454887684530037,0.017015732646166869,0.98622215143012604,10.059642073968698,-0.94409295159691808,0.45905358283474751,0.2172233535107833,0.1471712394871341,0.1794871794871795,1,6
-0.12962425954165901,-0.92744968030411401,-0.35076294251541801,0.99075675140130981,-0.13540837294101934,-0.008101363477188513,-0.039982632367071155,-0.3485708866805482,0.93642924242450731,0.12808473712110169,17.908298272902776,-1.6783231008789519,0.3144795417707226,0.2086640970677349,0.2272727272727273,1,5
-0.44020668874135815,0.897785033658697,0.014145830686815773,-0.89777508518019822,-0.43983350897367968,-0.023374790129236968,-0.014763726394612278,-0.022989513312616158,0.99962668764924056,11.885846594049731,14.858390285727525,0.82123702192138581,,0.4171213544995764,0.2162162162162162,0,3
0.072572530969420387,-0.88349437375616879,-0.462786040508883,0.99712466021936286,0.054125150584800663,0.053036591675877383,-0.021809166217753931,-0.46530437308859401,0.88488202640437774,-4.3301609519450865,-7.4065441971634876,-2.0271512162187681,,0.1782513750873339,0.32,1,2
-0.266313406605582,0.95101627529314248,-0.15698794090531537,-0.96355765149521477,-0.26692184131542418,0.01758928292491108,-0.025175815918437521,0.15595119350727746,0.98744387361333075,-7.885132336228418,-10.202613223846608,-2.4283483829382404,,0.0710891668514881,0.2,0,5
0.62573854949658314,-0.6972461209867773,-0.349712902882927,0.77249690538504701,0.61609289178380289,0.15387683342204481,0.10816560841800149,-0.3664388017969204,0.92413354321396612,16.812944348784207,-10.49855536024476,2.5185332063395185,0.343088439134674,0.3134462578200065,0.45,1,5
0.042656558869379413,-0.95077024951719891,-0.30694682050548877,0.99873833342317286,0.032430863191190734,0.038340324252404093,-0.026498289313244047,-0.30819502225973705,0.95095408349604016,1.2131626664327917,14.018353023896598,-1.4101831207880848,,0.1018431802756012,0.1466666666666667,0,5
-0.58757421870038151,-0.75729907581424716,-0.28505200804330838,0.79209181233624915,-0.61029640312783873,-0.011351702916183651,-0.1653695810858552,-0.23245732963300683,0.95844482968576694,14.95441411642669,11.617804285825478,1.5003827183745659,,0.1353021241886898,0.2083333333333333,0,3
-0.16472221959894415,-0.84322208021040401,-0.51170608147259422,0.98446286897395585,-0.17254462147958646,-0.032576267589060674,-0.060823104014552681,-0.50912167214144999,0.8585427612960983,6.4102393453720907,-7.2276173480631929,-0.19676370251936459,,0.6071583389214763,0.3333333333333333,0,2
-0.50142598622430412,-0.81269411313489481,-0.29681687757752484,0.85017556928648108,-0.52647300881091763,0.0052604545419006809,-0.16054121504271768,-0.24970872926164719,0.95491992795372171,8.2843010101768222,-27.777664246448293,1.8407794972633464,0.2300480328380076,0.2163231511095194,0.4074074074074074,1,5
-0.29033303198666205,0.95597712649922351,-0.042596527413864368,-0.95691248525759431,-0.28980761050547815,0.018167125563488977,0.005022558667291635,0.046035665558274465,0.9989271702186503,16.17506838031608,-4.7878604368249604,1.9039097590493959,,0.8050480921733234,0.25,0,2
0.17846707692311775,0.97275144161095706,-0.14800045708822177,-0.98134878936642456,0.18689234251617354,0.045008953752214538,0.07144267676654982,0.13720745297767847,0.98796257964753265,15.726017203219765,12.877849623993795,1.6269405554398857,0.4607709489351385,0.4081595238141104,0.5064935064935064,1,5
0.97222858123628764,0.10878749935496451,-0.20721212756827123,-0.092791642029130594,0.99201307420495788,0.085438701862602717,0.21485180240531748,-0.06383839432913882,0.97455803439952415,5.8846915611418007,-20.807414999348133,0.86743095084332722,0.3235475057972461,0.3064197562601648,0.6976744186046512,1,5
-0.97340396929374506,0.13367271058306326,-0.18605461297307194,-0.11396371207870201,-0.9870472334318563,-0.11291603652166481,-0.19873848367245242,-0.08870944380332843,0.97602953320464581,6.7281616995641729,-16.535481789651694,0.66609099635333702,,0.09852404881549573,0.2941176470588235,0,5
-0.97655172784984079,0.070879953156511064,-0.20327999181922218,-0.072944190339090387,-0.99733244833874468,0.0026706902517508401,-0.20254843353940516,0.017436161595289077,0.97911700646018651,-14.153904762497566,-1.4273836249309149,-3.6854163551552692,0.4505598867670376,0.4523889094083859,0.9329268292682927,1,5
-0.94102023240185562,0.29847621403175673,-0.15935140999572642,-0.28814444517316318,-0.95380983032424604,-0.084968148695155205,-0.17735191266577055,-0.03404052341109047,0.98355861128846334,9.9948788843349536,12.892620959318574,0.37597472516958041,0.5950449779308704,0.2716097574672338,0.3333333333333333,1,6
-0.42800280563394266,-0.8755798878255624,-0.22399432672469813,0.89646350161434574,-0.44276059193655631,0.017783377107211278,-0.11474662802374945,-0.19319140318183778,0.97442818775618989,-5.5555406493494024,11.253854924349032,-2.5869510395399931,0.1539141636106312,0.1260724136991883,0.5414634146341464,1,5
-0.95992234248022723,-0.1873915831810111,-0.20840703193556098,0.19143467736517411,-0.98150504322697762,0.00078385081639680953,-0.20469943993418105,-0.039143897007386963,0.97804186751780176,-4.2097821716338455,-9.9412991004081483,-1.9217993688317416,,0.06862117757517407,0.325,0,3
0.39152054965154326,-0.84869737870230821,-0.35556211635153789,0.91854162013474128,0.3834449618111308,0.096183435901949152,0.054707872201334592,-0.36425639410378413,0.92969044744673524,7.1575377881263433,-27.725235833678962,1.5711137398930493,,0.1314820898640458,0.2222222222222222,0,4
0.91224820182691102,0.3924780514702218,-0.11732091619870842,-0.35904519675738628,0.90396278685102294,0.23224518654641774,0.19720488064197614,-0.1697417423696031,0.96555578603637093,6.8027708646406824,-3.5142694723088699,-0.20804710268239984,,0.2973881039525167,0.3939393939393939,1,5
0.75965129418543065,0.63963038891857815,-0.11748564514130633,-0.62239897388432797,0.7674382749457388,0.1538116102771302,0.18854556093988498,-0.043720243825679669,0.98109077649812149,-5.2768478895662696,-22.710803762526727,-1.4029032882812076,,0.2278133263578013,0.4117647058823529,0,2
-0.45042641799289418,-0.79213167326665446,-0.41187796030118168,0.87679691349833433,-0.47945342471362867,-0.036763922671106425,-0.16835443104915612,-0.37769276633017973,0.91049709489265895,5.540705207369971,5.1934987063505158,-0.42774446643495412,,0.6920554431486021,0.3907637655417407,0,4
-0.7251704601310407,0.67949103242577824,-0.11144388994595249,-0.67553218227316714,-0.73340595420724453,-0.075973528591305226,-0.13335694382591382,0.02019017548986447,0.99086239324494541,-6.4537796808191334,-12.969688582253029,-2.1354700479517517,,0.08299130362717912,0.2142857142857143,0,4
-0.92254807937371386,-0.32391859624789121,-0.20971834504560624,0.32921791456103222,-0.94419963254530859,0.010130085556842498,-0.20129730742351512,-0.059697545226749034,0.97770936229430838,-15.072013752466967,-2.3195269621436139,-3.8516935514446131,0.1668441206580709,0.2142523795771686,0.8181818181818182,1,5
0.97115301665841269,0.16265915829235189,-0.17436690184461232,-0.13261960746348456,0.97613665956172568,0.17195715040645099,0.19817633045219185,-0.14387223527595286,0.96954985532730831,-19.354279088299801,-4.6863135281115831,-4.4639088058471277,,0.1898735324210126,0.6,0,3
0.702557422495933,0.70418277934261497,-0.10266295034325179,-0.69210827777466621,0.70969617676332242,0.13159585298673923,0.16552703686001294,-0.02139976553218309,0.98597304735145319,12.332087063746537,9.8539468188427612,0.8903527982434557,,0.3841823042924394,0.3777777777777778,0,4
-0.4949206477392919,0.86825370294726634,-0.034482745825696687,-0.86432336618389571,-0.49598885390971442,-0.08330771552423076,-0.08943529006973816,-0.011426465581603094,0.99592708808147867,21.772315926332933,8.9484745462131272,2.9306688456737673,,0.5128414104175359,0.4418604651162791,0,3
-0.32946296033256123,0.93743723381687549,-0.11254150533324236,-0.94291815648833144,-0.33281324144227409,-0.011861554929033583,-0.048574766428189482,0.10220948573617585,0.99357622409757518,9.1070846071623084,-27.385600688977924,1.9640746748908255,0.2569665065402373,0.2526026413229179,0.2666666666666667,1,5
0.92069215464804699,0.34661711202328338,-0.17939491080344711,-0.33247334177717386,0.9372880631118361,0.1046544970633471,0.20441974801142998,-0.036710548902220599,0.97819471590386442,-11.450583122074844,3.7698621653970847,-3.3517819937784985,0.2532813405116449,0.269249864890531,0.6666666666666666,1,5
-0.18434630147013009,-0.95808586502354864,-0.21928957197360316,0.98055050679630595,-0.1945674999385191,0.025771914736487562,-0.067358331005112626,-0.21027354377038629,0.9753193795031716,1.3322772820539905,10.182262132718245,-1.2638075695296127,0.5634664386605982,0.4716770572508149,0.9842247018083878,1,5
0.25759931653784202,0.95301521610669682,-0.15938817392876048,-0.96282499834887492,0.2670496382621293,0.040651116326079061,0.08130568660141349,0.14299121851769064,0.98637867817238445,12.152190160786947,13.203451507468218,0.8728284950894255,0.6369762566495565,0.4564414860451542,0.9424778761061947,1,6
-0.78824531060179326,0.59304182180414733,-0.16422767094951571,-0.59786526513336713,-0.80124360000822381,-0.023786933238046551,-0.14569301651518066,0.079436081455979426,0.98613561638429204,-12.412750440255508,-11.408189269545375,-3.1582410572189508,0.4956823092023191,0.3307775635300256,0.8956521739130435,1,6
0.94730109706825172,0.27394282769858952,-0.16606010552143197,-0.24731160052903173,0.95488264259306521,0.16442661316907942,0.2036114037500279,-0.11469292056176078,0.97231061407142816,13.130276100966375,18.322994471986014,1.0773491182276027,,0.2750006764825885,0.4444444444444444,0,1
0.10303920864072046,-0.95235743473907475,-0.28705093272780752,0.99438345480354562,0.091611987555016594,0.052998005143446013,-0.024175737747984687,-0.29089957069997485,0.95644810286335535,4.8168687296086947,-5.2762253619383523,-0.57077750374512404,0.4652344099921616,0.4181080056066914,0.2894736842105263,1,3
-0.87587653880315808,-0.41882159484136472,-0.23964298543612117,0.4432214990547077,-0.89463652915153791,-0.056393115567309415,-0.19077471412611,-0.15560833011836445,0.96922188174219226,-2.4908961873289219,-15.07585253773658,-1.4040832901594371,0.3118089860910924,0.3344179558937914,0.8505747126436781,1,5
-0.550860784839726,0.83375119807501774,-0.037567744598728185,-0.83009129278375293,-0.55200250926761074,-0.079004274611316039,-0.086607397896255087,-0.012335699037154644,0.99616614535874759,16.172965631887006,16.879199974571822,1.7908773228850718,,0.2597181701399267,0.3,0,3
0.90962569250059,-0.32929433658560592,-0.25327127637272467,0.37616467817258353,0.91160463959736038,0.1657622271806343,0.17629870798772151,-0.24605328885672989,0.95308789972627783,7.8472448367380272,11.274893403951147,0.0016036090921260166,,0.09260200909762392,0.4166666666666667,0,1
0.48800041663656435,-0.81015469103730209,-0.32481528589768438,0.87072829383097305,0.47774504044647564,0.11658436709524314,0.060727519994996676,-0.33971907941569918,0.93856439065000097,-5.5852633175824629,-7.3339016466567024,-2.1924611182393332,0.2083991322718072,0.2333528324309072,0.2428571428571429,1,5
-0.20496921313799149,0.96141845629315714,-0.18347254171803298,-0.97869807696225097,-0.20356874715386133,0.026642810148305204,-0.011734386050579301,0.18502517958669829,0.9826637202537426,2.713577426424763,-3.5196335435182329,-0.96147346838509462,0.3532073437274509,0.3265862060695027,0.7272727272727273,1,1
-0.46135852428708929,0.87591714596419401,-0.14112925094955098,-0.8846578295903843,-0.46623771213246679,-0.0017088972802175228,-0.067296631506121515,0.12406268250938705,0.98998970408611053,3.5809394363048597,-0.77966238032307289,-0.81680826330058431,0.3264506178216601,0.2690938018441898,0.7638436482084691,1,5
-0.36663703915364904,0.91599466295013587,-0.16288357488560032,-0.92967867847244667,-0.36742734552582768,0.026357172715767801,-0.035704850011875247,0.16109290240948321,0.98629318180697068,-3.0302073627596853,8.1209358355262022,-2.0642546453570403,0.2325611192764304,0.3190722483920831,0.773403324584427,1,3
-0.85534729278172039,0.49089684139863188,-0.16553337982361488,-0.49091086021700353,-0.87011240521842004,-0.043714180834341948,-0.1654918005581669,0.043871327651013821,0.98523488090817879,-12.878713630210965,12.928885598330384,-3.8184599836786779,0.3501422509731763,0.3058476116450384,0.3655913978494624,1,5
-0.90884202815545367,-0.31432643670283822,-0.27423540808578817,0.35845321378346295,-0.92472622897500545,-0.12803396023701158,-0.21334821627233994,-0.21466320745615053,0.9531013828434246,-18.881220232610278,-11.443947726800213,-4.2365251837920059,,0.5527679908392577,0.6857142857142857,0,5
-0.96441213028450579,-0.15969204921862337,-0.21073132746807791,0.16531270969015516,-0.98619816422132667,-0.0092135173187889666,-0.20635152283179295,-0.043722194625177839,0.97750059781166265,13.856847522088838,12.538573815841536,1.2911585404978527,0.09733797303537317,0.1115112587421347,0.4102564102564102,1,4
0.93255504313630555,-0.27974641360415387,-0.22821707998451221,0.31116661078368996,0.94335284267422614,0.11515534964493958,0.18307493507969658,-0.17840223735724389,0.96677619429291628,21.822783680654265,1.610201225504164,2.9691005162244046,,0.09294496198150481,0.3125,0,1
0.31165211443431012,-0.83800387083311423,-0.44790899972800502,0.94915413211019062,0.29662436689822291,0.10545339473141509,0.044490370494917678,-0.45799945134349945,0.88783844786215393,17.938606419968696,-2.2515203976625093,2.2248638683785615,0.2232131072990086,0.1740566609512035,0.5238095238095238,1,4
0.48963810719985684,-0.76489480167664403,-0.41855760218372717,0.86826044513551592,0.47169753215573962,0.15370503430682583,0.079864406282266487,-0.43867685205197998,0.89508898780118396,-3.0608093105879739,-16.95268692670685,-1.442506066088389,,0.3266647608242083,0.25,0,3
-0.0040510392285815072,-0.91571561037497462,-0.40180655793149461,0.99921545927393796,-0.019536633380760036,0.034449759130041301,-0.039396129621329379,-0.40135176699714764,0.91507633785336506,3.9258387859176755,24.54965002909432,-1.0581923940113978,,0.5851344238227423,0.4390243902439024,0,3
-0.014165540828723882,-0.97321259078204081,-0.22947023902096497,0.99925424079497427,-0.022022962029354554,0.031716736854756206,-0.035920742006395133,-0.22884982474706558,0.97279877570181383,-9.8572987767341917,-20.013273301202627,-2.3944951707832351,0.1699869586839373,0.1197692120749723,0.5652173913043478,1,5
0.63818075757702031,0.76978825445597265,-0.012303006138705535,-0.75877952943292259,0.63159817006580532,0.15917718832508676,0.13030328611349287,-0.092248549425746465,0.98717336813594825,-14.685125890002144,5.2363507551615269,-3.93366722439765,,0.3848421762503591,0.1875,0,3
-0.97778581392102804,-0.0050607722268429843,-0.20954543822107108,0.018795388165446396,-0.99779811498741322,-0.063605464476524362,-0.20876215049309801,-0.066131008702666999,0.97572796117025573,-14.749405984529769,-12.288675650652898,-3.4855222408729842,0.2598841725400809,0.2090082641953144,0.5625,1,5
-0.96793998928599223,0.18651883988518431,-0.16823465608762339,-0.15667468229096293,-0.97183682615785028,-0.17602905229667079,-0.19632936884241672,-0.14402744770120482,0.96990250707925107,6.3699578298715203,-0.016543970817542109,-0.28375023084062467,0.3172453540594514,0.1289641115743253,0.3620689655172414,1,5
-0.72175799636125515,-0.65580854974287117,-0.22131547793306283,0.67009569715139372,-0.74214603570715187,0.013820938584174585,-0.17331229427762898,-0.13832717653560372,0.97510432307723538,3.7498123428581618,3.7474823989402481,-0.74777632805180572,0.7771287370937775,0.6672095329789837,0.9466395112016294,1,5
-0.90198486859054694,0.38705567446865036,-0.1913405385570745,-0.38512490898786461,-0.92157682672679497,-0.048733529702442144,-0.19519759555584149,0.029733101112871592,0.98031313435423728,-10.804351175082136,-15.248818416981425,-2.7594577286776998,0.1206146498604538,0.16437542899308,0.3947368421052632,1,6
-0.42966809430079661,-0.87111772888690997,-0.23777979552273554,0.89568428088564933,-0.44457321748015804,0.0102138765264143,-0.11460801767013801,-0.20858704829939009,0.97126538369668503,1.0368879964216264,16.767569341540607,-1.5173871868621833,1.001380277954437,0.7579253062337894,0.9773584905660377,1,5
-0.48664343411652683,-0.79164657277411621,-0.36942370233415023,0.86682585652049959,-0.49013309034713576,-0.091555929432611149,-0.10858684312004195,-0.36478110910758993,0.92473976876711683,-9.6181612404285985,2.0476867543884789,-2.9915853013002263,,0.3964841607316211,0.3333333333333333,0,3
0.97521796067169464,0.076714120666881061,-0.20752077696859444,-0.020433451380275258,0.96518346506258035,0.26077452489551317,0.22030071095670992,-0.25007163465714766,0.9428317847271962,-20.310240544598727,-8.9935993825774396,-4.5460674855093721,0.5183896555553096,0.2599541277816409,0.2777777777777778,1,4
-0.30826300004089408,-0.80461311360617715,-0.50751518225444514,0.94670681654798794,-0.31183948433931158,-0.080637085193898964,-0.093381616538608214,-0.5053255123383017,0.8578612943085091,-13.044796079579555,10.950181569026427,-3.8416582734881484,,0.3956149966314005,0.1428571428571428,0,1
-0.17719329694604374,0.98379987744295194,-0.027209128259142817,-0.98410732160922032,-0.17743996367633452,-0.0069165631397291446,-0.011632500699159052,0.025551133708162761,0.99960583456365937,-5.1562305396614603,-10.436192075031592,-2.0490671382408934,,0.0927353413249804,0.3103448275862069,0,5
0.84952935525436535,-0.4462535094602168,-0.28134974649987721,0.51436484770466928,0.81913120957516516,0.25387568797677557,0.11716944143784735,-0.36039126903182489,0.92541312677029575,7.040891502886967,-19.408152598185065,0.95412508553488318,0.7103918330390007,0.5394439487940405,0.2727272727272727,1,5
0.30978581555379053,-0.87619806566421576,-0.36920143310658965,0.95036074843315765,0.29723057885916193,0.092024077439630939,0.029106637030765235,-0.37938230416999424,0.92478206673973984,9.1148392549754238,-2.301729014805113,0.2324131976983721,0.6359101843395725,0.6690162120882853,0.5638297872340425,1,3
0.31542701246778576,-0.91355177024936518,-0.25676635854390761,0.94828676984868499,0.31356194487140826,0.049306276054943754,0.035468322988179285,-0.25904067210133436,0.96521496479369528,8.7869674294205513,25.020952964735379,0.061459516439122522,0.2118946267436863,0.1610570246091607,0.5517241379310345,1,5
-0.88880310027204701,0.44570021505270668,-0.10667880412138797,-0.42541204724336268,-0.88895395411309608,-0.16966277590238538,-0.17045128044989646,-0.10541435276404824,0.97971127135719316,5.849086175804147,28.091402981754577,-0.67185570603203115,,0.1928835616521994,0.25,0,1
-0.97634307513593466,0.063487871329728107,-0.20669661300594147,-0.062534963146590697,-0.99798052043193064,-0.011147162090346009,-0.20698690301167025,0.0020423105625245546,0.97834158193813092,-20.4728864383078,-16.535323764780561,-4.3650927127387176,,0.1726889201097966,0.4285714285714285,0,3
-0.65212956327284344,0.75062896922093059,-0.10622232944111835,-0.74677113393895578,-0.66018128514504915,-0.080582530735639368,-0.13061357594484502,0.026773518830328399,0.99107177967508742,-4.3518461766767196,1.6030495294651308,-2.1557791715114489,0.5830629916908339,0.2964537942486042,0.3636363636363636,1,4
-0.97387362598081673,-0.081796804307391294,-0.21184768921108241,0.098920975843653891,-0.99252177852273082,-0.071520344631540334,-0.20441330963789098,-0.090607957504699188,0.97468220301784037,10.086396719509787,4.6319218601328442,0.40758540972534774,,0.08287758563557206,0.2884615384615384,0,5
-0.47366889107579163,-0.83432019986799755,-0.28204181555091234,0.87570531834882759,-0.48024486170283226,-0.05005065657517091,-0.093690858906342558,-0.27069295687226946,0.95809568731788952,-7.6371287862623669,-18.499101098928413,-2.1979703887901034,,0.2974196411274846,0.15625,0,5
0.018602048625568642,-0.93140645678743994,-0.36350512519302924,0.99875112212096895,0.0004489195765999376,0.049959929276563751,-0.046369816141941786,-0.36398050871699367,0.93025159469096386,19.208831457481718,-2.8509575370608657,2.6028904784578488,,0.1479169345015312,0.5,0,5
0.5186703124498121,-0.81711592027070945,-0.25160023812263249,0.85146510937401376,0.52030408499933323,0.065504401773502044,0.077383942145073256,-0.24820401280631565,0.96561197876006555,0.12057991159854162,22.550760545581358,-1.8680315636304843,,0.08384027392146789,0.2894736842105263,0,5
-0.89186289035707611,-0.38555674125012712,-0.23648802100847535,0.40546843816400985,-0.91322156199081239,-0.040270639030183214,-0.20043934358493828,-0.1318043170447897,0.97079951151182386,12.420158689407545,11.901241072286799,0.96920070504320266,,0.1030072728291532,0.3333333333333333,0,4
0.066323860596224887,0.99406094003840806,0.086278577906513568,-0.99674291712296459,0.062029874603617842,0.051534957280112655,0.045877038710188452,-0.089415558750237711,0.99493726192789034,11.688350703599776,16.713662423507152,0.76480419735709648,,0.3810081527530808,0.1111111111111111,0,4
0.92346771980237763,0.36836919518309091,-0.1072916889752373,-0.34231413378126263,0.91734317722366387,0.20323023646784705,0.17328705749876744,-0.15094910149237384,0.97323479410780589,-5.5305218303814643,2.8756010192041579,-2.4007713808113702,0.4774181659429896,0.2788318285750553,0.4320987654320987,1,3
-0.52801813812360887,-0.81353658207287205,-0.24362897085869648,0.83836537835715697,-0.54509915114428664,0.0032261112565379023,-0.13542650473426227,-0.20254664907365905,0.96986314331687695,-7.7403711500729075,-22.034827339217514,-1.9207321418222945,,0.1153779184412462,0.3684210526315789,0,1
0.40036581369928614,-0.85874542970402923,-0.3197866510399574,0.91440613689102612,0.39714737076192452,0.078328683845194286,0.0597380283984877,-0.32377500345044136,0.94424632120211527,22.001528749161729,-1.9505974287381238,3.2995192380897564,0.4691989775911518,0.3088574951342204,0.64,1,3
-0.50643519291053984,-0.81467348911753013,-0.28254291976748386,0.85251101098568716,-0.52223487992559858,-0.022264463551983169,-0.12941549957337575,-0.25214645807182373,0.95899624199055544,25.083686977605268,13.671461302167133,3.6384752410702639,0.5622685862836247,0.4850707433105765,0.9264705882352942,1,5
0.94287188194021077,0.29316882496423086,-0.15825502935331437,-0.25958358576609797,0.94422753911946811,0.20260976375586789,0.20882762328614735,-0.14995464126690417,0.96638741160839503,12.957184869031989,32.978524090483184,0.87919654135194858,,0.3199508889073305,0.1818181818181818,0,5
-0.94936445534220892,-0.14949214319038018,-0.27633173914180986,0.18774934829067552,-0.97516620409768073,-0.11747789835601283,-0.25190735032788741,-0.16341044492340723,0.9538551846798945,-5.3168384420498978,-8.6547340737125378,-2.1374757404578077,0.2652449082175152,0.4379294519127314,0.2173913043478261,1,5
-0.69480663442981172,-0.68041388944735148,-0.23298214480823762,0.70417227863228282,-0.70947643588725084,-0.028010514571193357,-0.14623659855910837,-0.1835214591481111,0.9720775335712738,16.918280922423882,23.198082219182488,1.8880870939701118,0.4373612521690572,0.392851524698658,0.6666666666666666,1,5
0.91666847926680195,0.35357378512492171,-0.18629137819857799,-0.3424065577471711,0.93521662280282269,0.090153300799342445,0.20609863738128656,-0.018853299597664335,0.97834958208395961,7.2199384507878444,18.898416294369287,-0.33992874429939496,,0.09594767570990181,0.3888888888888889,0,5
0.95701403568867727,0.21397358777058023,-0.19580459451059173,-0.20637688220806247,0.9767128622695308,0.058656348056623467,0.20379577518916048,-0.015725406635319072,0.97888711994856847,9.3833255284048622,15.913148568918697,0.20317973639673143,0.46273180199509,0.3913603548877319,0.9672897196261683,1,5
0.66609650940538967,-0.68490524244760709,-0.29533074514134444,0.73770574559802837,0.66337353757877182,0.12540248223972245,0.11002578365825945,-0.30139734323316703,0.94712933035693458,7.8406213058420802,27.225709331531817,-0.18683379433859093,,0.2063624189319841,0.32,0,4
0.059693276995261849,-0.9617079312219482,-0.26749685550743663,0.99803838035127723,0.052433865242673898,0.034206448536942644,-0.018870718782397242,-0.26901402342724184,0.96295137528959451,1.4897328634233069,1.3772814941040614,-1.1539461904132047,0.3240132205794195,0.304735550869549,0.8652021967049426,1,5
-0.93706429703950567,-0.2660193048507431,-0.22615090683122743,0.29142330202068012,-0.95263458262129452,-0.086947173808680861,-0.19230954800327144,-0.14738073632833057,0.97020407972039469,-23.441148834838252,-3.9071357278536598,-5.1859282639920661,,0.2076694457467409,0.25,0,5
0.15283316472778177,-0.91919220797530443,-0.36294312027751163,0.98825196251492842,0.14225970199007637,0.055859070660794194,0.00028695763388327168,-0.36721636944338443,0.93013550392839905,-0.25507324923397268,28.27422592918079,-2.0370611094949802,0.7827781769643176,0.5479191878541501,0.3625,1,5
-0.97653092049137014,0.021941743517279479,-0.21425667134467802,0.0026726579709384175,-0.99348599518619807,-0.11392293126610312,-0.21536067009472692,-0.11182189973485866,0.97011115059875419,4.5483576447730512,21.508917722752496,-0.87368742999938553,,0.6294547680941616,0.7816901408450704,0,5
0.93521869595688789,0.30722988341717655,-0.17599940189718577,-0.30102136592668299,0.95162393787226074,0.061628062797121477,0.18641922644494863,-0.0046561361621030445,0.98245925737798767,-20.477471549187637,-19.66987453667015,-4.2053065072207456,,0.4156102023705041,0.7586206896551724,0,2
0.92941428926973424,-0.29547256623060369,-0.22109961896470937,0.32323528580023525,0.94087112268943562,0.10139270438628262,0.17806748415945634,-0.16570302681069385,0.96996622518049513,-9.804895567149492,-10.497877031566089,-2.7202086897172744,0.3183996454821567,0.2955302630619963,0.5966386554621849,1,5
0.8945575606283267,0.41644361709467237,-0.16230059920963319,-0.39992477889322398,0.90793336989500628,0.12536812616572537,0.19956688590521682,-0.047240973870205129,0.97874478207441318,-8.4729049143136042,-12.77897924759829,-2.4088921395927616,0.3674139544595021,0.3256436125693865,0.8,1,5
-0.77317522601517252,-0.58577793650092347,-0.24303143620755838,0.60987830750728422,-0.79186371549929235,-0.031627616219166356,-0.17392101629314,-0.17267329030390524,0.96950266369267157,0.75082678663928992,20.71881711343525,-1.6399833250819311,0.4563806845631858,0.4015616474408853,0.8754448398576512,1,5
0.088079371528183792,0.99043455419718018,-0.10621402055959332,-0.99484563400935677,0.09284381353527589,0.040769974009653598,0.050241305752548718,0.1020755609363008,0.99350711676153525,7.5008500735087358,-10.941532422606143,0.34604820371158962,0.2056823687195577,0.145657371376157,0.2631578947368421,1,4
0.95881525026137782,0.2114757428694948,-0.18960834908834601,-0.1943946089293922,0.97531169247392002,0.10477518094876857,0.20708464908196708,-0.063601200471797958,0.97625346883539699,-10.24840032860658,-34.994051729855038,-1.7110142424212178,0.68534815438937,0.8068894622246152,0.6938775510204082,1,4
0.89869030702720243,-0.37991435254454081,-0.21913652544935483,0.40927193559659691,0.90603890387915587,0.10765680373516963,0.15764585242995852,-0.18643655593289721,0.96973666313258022,17.951257066319585,22.020445004524952,2.08699790615595,,0.2540653484571838,0.7777777777777778,0,2
-0.91963727773176451,-0.31771388817203156,-0.23092241699046948,0.33760801758133641,-0.93988394948122678,-0.051371081090154903,-0.20071896739199926,-0.12520402058313082,0.97161507262851221,-8.2769280997158123,12.569617522333212,-3.144402091147263,,0.08052906698125716,0.1666666666666667,0,1
-0.97198405676610933,-0.1027063935997674,-0.21141993781624421,0.10872760470228407,-0.99392581806712432,-0.01702281279045249,-0.20838738293907999,-0.039533086058700123,0.97724706893317104,3.6359224076748844,14.771628547077261,-0.93855943104192263,,0.1330598741966915,0.2771084337349398,0,5
0.96852008344692408,0.15959154885346166,-0.19104812350430386,-0.12993883158198008,0.97871607340291744,0.15884189532325399,0.2123316933645856,-0.1290169957692664,0.968643312471417,9.3080907658716505,-25.173044524982231,1.8694805624411763,,0.1664664439730125,0.625,0,4
0.60799390309689727,-0.73697346041667078,-0.29531937362536698,0.78748445981196513,0.60712175304383387,0.10616686175845853,0.10105265633153022,-0.29710822207145393,0.94948147166012742,15.920284141321806,18.311560481350426,1.7071651282187743,,0.1661804587999121,0.2631578947368421,0,1
0.91003258606824766,0.37526712609440405,-0.17611154523989711,-0.3633521768954544,0.92660156171254637,0.09687487485000558,0.1995391887306151,-0.02416877954544951,0.97959174264384807,-13.751806292361396,-26.10366088715725,-2.7651576046379871,,0.2620904381601649,0.3157894736842105,0,1
