axis_00,axis_01,axis_02,axis_10,axis_11,axis_12,axis_20,axis_21,axis_22,location_x,location_y,location_z,dbh,dbh_approximation,score,reconstructed,number_clusters
0.46544311808922634,0.88416152182424057,-0.040262974912716118,-0.87716351334034159,0.46687352844039126,0.11230885675692899,0.11809688686755367,-0.016956171946009135,0.99285729767430808,8.7895055108042524,15.573502788702404,-0.99750571658176612,,0.1710191486774406,0.3076923076923077,0,5
0.34749576397083765,0.9326549775555123,-0.096960749085655842,-0.93159644527594054,0.35515129600323431,0.077431389606898132,0.10665250663512878,0.06342120929271676,0.99227163268950369,7.8727939463005345,-8.0008980143839317,0.99293597020320046,0.4384614756521682,0.3921242909347217,0.6153846153846154,1,5
-0.68209767742324279,0.72508593488863105,-0.094832196434010183,-0.72978701972497395,-0.68320435869743823,0.025351727707671193,-0.046407588762608601,0.086499660597618572,0.99517040973982829,-3.6577773452793365,-8.422882258885755,-0.4369976011213681,,0.08893327823716116,0.25,0,5
0.75458197128462523,-0.59309577079381182,-0.28079076779464235,0.65237055011203071,0.72422005481600826,0.22342331469393684,0.070842882202356044,-0.35177083288526589,0.9334016108687998,-17.777163729462536,-0.3463239359175162,-3.1012312109432387,,0.162914191353133,0.2352941176470588,0,1
0.9868327557267883,0.012369213178233529,-0.16127031589856958,0.039223334733257433,0.9490087759611906,0.31280005300678265,0.15691603562757969,-0.31500689788319641,0.93602778380181062,-16.174411664182418,16.479408215081861,-4.2543996135033861,,0.3132438568817088,0.1791044776119403,0,3
0.85199304019060695,-0.48879877071232153,-0.18757297571049644,0.51772935890788907,0.83987687504106678,0.16298204102317287,0.077872783381573607,-0.23597160109084353,0.96863472634787895,-10.938390137651391,-18.608184991681018,-0.43952702022672224,,0.1858894371590625,0.16,0,3
-0.72419885310668486,0.686317834266152,0.067110740773595107,-0.68657379175274069,-0.70851329427005394,-0.16317273154807538,-0.064439503700963838,-0.16424598080566344,0.98431235294085306,-15.977090797422239,-10.209684275114798,-1.735268466294662,,0.4077124895685007,0.1388888888888889,0,2
0.13782754802320643,0.98851697844741471,-0.061949578909834553,-0.98735951482451934,0.14206971247998076,0.070266530306733993,0.078260817088772403,0.05148184259572202,0.99560276435511574,-18.403608191716234,23.81602402327588,-4.9250434332993569,,0.06899842941708254,0.3636363636363636,0,1
-0.95447098357100979,-0.25264988820575296,-0.15859752681114034,0.25640541406629658,-0.96656356406598187,-0.0033377024371634696,-0.15245132061901237,-0.043851004659967691,0.98733767487715729,-7.7480557000673151,-17.550318742541286,-0.035566195453912201,,0.136826702757671,0.2962962962962963,0,3
0.99095271972660826,-0.039271637225891012,-0.12833723456595661,0.065060430548622872,0.97692771618008534,0.20341921673232335,0.11738759578110107,-0.20992850180183278,0.97064420695122444,-16.619354158944009,-1.199999927173075,-2.8885172621180168,,0.133483288802816,0.2307692307692308,0,2
-0.73115231813387449,0.67948856969465365,-0.060922666896434149,-0.67775465765214515,-0.7336648202410363,-0.048831911405454113,-0.077877543093524973,0.0055870560226427479,0.99694727698445207,-10.527203417037901,23.435416745543957,-4.283193157221624,,0.5050621885930517,0.7419354838709677,0,5
-0.93257695044778166,0.31564770622319305,-0.17511926521531826,-0.31315277075669112,-0.94875380334418324,-0.042444820736510215,-0.17954267921840592,0.015256021630295361,0.98363188243523936,-18.269090984082659,9.1281706348129799,-3.9692565029153122,,0.3945623694729812,0.5666666666666667,0,3
0.98296635768822527,-0.090267415073452414,-0.16009039143277901,0.13528646435260019,0.94498153140497254,0.2978380060813019,0.1243973963397787,-0.31442280305262527,0.94109701343932295,-22.540551247642291,5.0247577990029262,-3.9896247281624428,,0.2591460768387917,0.3529411764705883,0,3
-0.92165038476605987,-0.34413442228367697,-0.17925419844470572,0.35890572956213818,-0.93164655588316225,-0.056757133459258494,-0.14746947327512744,-0.11664559276081751,0.9821642225928584,-18.341664552420927,3.4147152018442646,-3.5445917074561741,0.4635130584188784,0.3554416753831159,0.3333333333333333,1,2
-0.22169646111823016,0.97375042051837279,0.0515829203123091,-0.97498424993996591,-0.22222485487035956,0.0046718568953734154,0.016012229596663766,-0.049256800729854576,0.99865778727510202,14.76125556075967,-9.7397055681257445,2.1363548983918879,0.7883297084332954,0.2598761095252581,0.2142857142857143,1,3
-0.98317317929920334,0.11892056232157157,-0.13866650411623799,-0.12169718076733105,-0.99249844008203647,0.01168942376718163,-0.13623617617938708,0.028368050547163338,0.99027014395475577,-20.01047725010983,-10.165672085730009,-2.2620291596654267,0.3696523845761821,0.2257187033591221,0.7142857142857143,1,2
-0.37365141486615311,-0.905693080057557,-0.20026149131667689,0.9212230532686444,-0.3875547729514664,0.033902567586188689,-0.10831761765715146,-0.17181776013670622,0.97915573378635012,-10.473476225416546,8.5116769977549716,-3.2633746344358929,,0.1068594011770728,0.2421875,1,5
0.98429379123723215,0.078134091056231689,-0.15830602119519321,-0.050928666443132264,0.98427452466778642,0.16914470439339188,0.1690325514987,-0.15842576780568318,0.97279456856471946,-24.193909494294203,27.302300330418824,-5.7307005325787932,,0.2312029761924673,0.3125,0,2
-0.94128598943750041,0.31552678687574048,-0.12009801352452618,-0.30158762311816367,-0.94573658214427414,-0.12094305592304141,-0.15174185866333242,-0.077621929620039984,0.98536756815487814,-4.6543032901399091,-8.1493872792887352,-0.58946845576048645,,0.2552457523100538,0.358974358974359,0,5
0.26959290373653383,0.96164143804129987,-0.050649885456592457,-0.96018804112811451,0.27243904327358454,0.0617729178097444,0.073202403850280304,0.031979874015321666,0.99680424142782675,-22.981398725498565,6.2020977802724007,-4.0931636679832186,,0.1402675137215161,0.4545454545454545,0,2
0.49873318035517844,-0.83722071199717585,-0.22433611883901425,0.86667462860433797,0.48523080398727686,0.11587128632838774,0.011844954467758765,-0.25221527761974344,0.9675986517088857,-5.4937388014738495,-5.2986103927879116,-1.0491670005068829,,0.1106509872235841,0.1696428571428572,1,5
-0.43038042102064816,-0.85078093391753229,-0.30157005104038648,0.89594882833249834,-0.44326721279849862,-0.028104716107349499,-0.10976515937087516,-0.28228705344075278,0.95302971057990826,2.0024861401867384,7.2987289388701955,-1.7639622981229919,,0.1090189906465261,0.275,0,5
-0.17850544942353411,0.98014597421459448,-0.08631149261266978,-0.98343791425597116,-0.17492781934395327,0.047435501720086093,0.031395434858735805,0.093349489824498366,0.99513828155665762,-13.96163635525923,0.10759644545461081,-2.7449341585751905,0.3603065777720039,0.4203022043882874,0.613013698630137,1,2
0.63901964048841509,-0.68846285418408271,-0.34303468844821561,0.76700463873064317,0.60392507613629287,0.21674498051731209,0.057946382421455979,-0.40161349681314329,0.91397418778748163,2.1356831178692226,13.395745441669819,-1.9395611190355802,0.7596850571971926,0.2742830679326252,0.1612903225806452,1,5
-0.44269779743986637,0.89187700429328221,0.09259627073879366,-0.89612560101139638,-0.43646241784113998,-0.080370797085946605,-0.031266073527950598,-0.11855786361565034,0.99245476754411199,-10.367590642513257,26.90919513216291,-4.4724226693818698,,0.4014396048356017,0.5517241379310345,0,3
-0.21959170863267718,-0.94707343971332414,-0.23416101573351575,0.97327778169680013,-0.2291888389489076,0.014242041869249995,-0.06715535090471321,-0.2247762796444992,0.97209350525247307,-9.2696557614709771,-13.715904926312634,-0.6245321168506458,0.4170757578916691,0.2406139908115859,0.5135135135135135,1,5
-0.66990368752840801,-0.72414140673971794,-0.163854424660626,0.72878196522540584,-0.68350816395972991,0.041151390773529584,-0.14179526296050182,-0.091846681188939155,0.98562583699725537,6.321223498158389,10.597511990279765,-1.1662420575760348,0.1432914141055111,0.1343998396152725,0.4230769230769231,1,5
-0.99036256035372761,-0.00019316708131517335,-0.13849895933214837,0.002700568366451073,-0.99983584082116239,-0.017916426539293054,-0.13847276259289232,-0.018117783968202458,0.99020050490997702,14.931863149459504,-4.8241538960107606,1.6640135443661306,0.2286128603615478,0.1867694267112082,0.5098039215686274,1,5
0.16007861271083515,0.98503692657154218,0.063852102886785514,-0.98372499405632408,0.1538485568077117,0.092821105558324055,0.081608662661874776,-0.077671583340849323,0.99363330827819218,1.105180321482893,-5.954816954565068,-0.11312024809831613,,0.08268507282298296,0.1818181818181818,0,5
-0.33894437663493404,0.94068463528782265,0.01513692442253667,-0.94052169798414442,-0.33919374159851279,0.019145267859832331,0.02314400934538817,-0.0077474249798821738,0.99970212175307627,-18.55549958845916,18.56286347013981,-4.6104417026469466,,0.1711419513833954,0.3333333333333333,0,4
0.92392002437039011,0.35436149406852624,-0.14422108059829553,-0.34151005582998695,0.93380989911324508,0.1066299868006694,0.17246063415868995,-0.049264630716503888,0.98378367836936031,4.2849735944086804,-4.6035477867878418,0.11301476092805493,0.2501839795294261,0.1706025912943511,0.2564102564102564,1,6
-0.77068111678632956,-0.60169485074126838,-0.20979495423012218,0.61813218568853479,-0.7858957625652977,-0.016746683188762056,-0.15480057249536008,-0.14258736610707337,0.97760197717770381,-1.9492907831348414,4.6402459570597454,-1.8100565457712339,0.4532880252908442,0.355661366118054,0.5334346504559271,1,2
-0.24481034240684074,-0.95172220502911098,-0.18518299248357795,0.96539197423414647,-0.25698182581865869,0.044482325514822299,-0.089923480442782144,-0.16788444136797215,0.98169678720652875,4.3675803682928507,7.6532446159391059,-1.3450001243375522,,0.1117671005630403,0.3958333333333333,0,5
-0.8465388811195832,-0.46249364937804915,-0.2635745568862421,0.49905970741884614,-0.86181452656057034,-0.090637355655362101,-0.18523318056930421,-0.20826748688682792,0.96037145038887139,-12.027467119789959,16.451564680060319,-3.945566917582036,0.5618437615632081,0.3305358889143319,0.6528925619834711,1,6
0.9462213391634765,-0.23197002463704794,-0.22551072032514347,0.27289180430147364,0.94668429679511124,0.17122764188831519,0.17376777738339122,-0.22355927596821912,0.9590756016455646,-7.6890690518838252,34.575577124466513,-4.3626957830961066,,0.3998525592074277,0.1521739130434783,0,2
0.93258843626729737,0.35555159964264083,-0.062143933992601208,-0.32199090586957702,0.89732403441890041,0.30187983336333979,0.16309710321709212,-0.26151986013637235,0.95131839973609533,-12.166665661642368,-9.1795949837107607,-1.431611816935775,0.4261330565386969,0.1767229022606624,0.2222222222222222,1,3
0.52922505692778599,0.84694032711703493,-0.051116743075744854,-0.83728797966686441,0.53104821928498669,0.13014080028809383,0.13736694735329338,-0.026074337904053495,0.99017697947271133,-13.357721362279612,12.184701340035296,-3.8004157654716852,,0.1191470370437939,0.2916666666666667,0,5
0.29525567548914949,-0.89675334404303231,-0.32963241048034947,0.9553151256813105,0.27202665785314878,0.11564820820812063,-0.014039114500170341,-0.34904861748026661,0.93699944818509151,-7.3186474038373586,-10.197627324524372,-0.70066946966391275,0.820970679104786,0.7083286056810043,0.6419753086419753,1,3
0.56569567506193941,-0.80766613191239134,-0.16632444972971847,0.82395921714491849,0.56166603597420084,0.074983148206530584,0.032857445094699032,-0.17946220603432084,0.98321600114478636,-6.8709502015255559,-14.167440301799774,-0.27815121864751624,,0.07222974941211557,0.4117647058823529,0,2
-0.91188503254498343,0.40815477011713835,-0.043305554505886759,-0.39557798115262627,-0.90208832931552785,-0.17249552730414222,-0.10947030760735453,-0.14016536570546778,0.98405788549709039,8.4493467639882862,10.773400740681071,-0.83612526951979182,,0.3433680337961036,0.3833333333333334,0,3
0.23682893175186878,0.96459510382232627,-0.11605318938858933,-0.96724058964034398,0.24533002784972313,0.065259629078424863,0.091420450871061584,0.096795987092695115,0.99109678540760171,-14.299958450131179,17.171346545222118,-4.2054783356117396,,0.07084683065381624,0.3636363636363636,0,1
-0.83542335948720392,0.53501142392456491,-0.12581965940712761,-0.54309514497900546,-0.83873773444291866,0.039581262256216387,-0.084353268599083805,0.10139915725375534,0.9912632026787237,1.1811526488676036,-8.8452287619332886,0.23661582500842754,0.1810989545202764,0.1368074366557801,0.6129032258064516,1,5
0.6684935551347172,0.73851904571682292,-0.087783744832746299,-0.73120138670132429,0.67421235243954591,0.10383754573368378,0.13587089029445579,-0.0052271341524347328,0.99071276273153186,-14.650273423768244,10.026917733800053,-3.6703782776478091,0.162882128380363,0.1810162262587631,0.5581395348837209,1,4
-0.10377276452232947,0.99064476882739305,0.088623672561650407,-0.99364409869968739,-0.10716829712037033,0.034443594638285426,0.043619014921014061,-0.084486082210275884,0.99546947891438575,5.6545308990525962,17.71871297498252,-1.5937159336271955,,0.5766763975348077,0.1904761904761905,0,1
-0.94822173237466689,0.30614285321177037,-0.084570087381670128,-0.30488281527455824,-0.95198543630300314,-0.027752441644691282,-0.089005703202921227,-0.00053150196501691954,0.99603097457007594,-15.934501763894859,0.36293937179346331,-3.0337252679104378,,0.5375970007737692,0.2857142857142857,0,2
0.85327293352580591,0.50727824638102137,-0.12080596699195335,-0.49730052793307705,0.86130032216682972,0.10418224394203761,0.15689960430080147,-0.028819017747159271,0.9871939922762597,-7.5466215913296661,19.990111788228667,-3.7409908062034449,,0.1291587952899846,0.4102564102564102,0,2
0.53858197180075984,0.84143255072370882,-0.043826045153526443,-0.83291314941173888,0.53954022858788497,0.12309357120642804,0.12722085201815186,-0.029792689001270429,0.99142687601953217,-24.170822355074964,-1.0623639566394847,-3.6226721891140379,,0.1385833407419391,0.4615384615384616,0,1
0.47993603962403647,-0.84660577687055116,-0.23004359682331613,0.87726920542596731,0.46544238374116159,0.11731209924231849,0.0077549391544767541,-0.25811246770886198,0.96608375151016468,-9.9308289022849756,-14.939338150216088,-0.58111955655150516,,0.1250101770615467,0.1538461538461539,0,3
0.85169714834741117,-0.4671384466934918,-0.23747344928997532,0.51404797011417658,0.83280474664933946,0.20540432901918984,0.10181675656973942,-0.2970150258473811,0.94942899813650938,-11.727119509573049,-15.954172603740005,-0.71111907502634453,,0.09199019017382587,0.3076923076923077,0,2
-0.88760714954947917,0.45929915794271048,-0.034609703578142081,-0.45098767866104483,-0.88189601766701387,-0.13736639952690505,-0.093614431390528732,-0.10631884845209777,0.98991547149200998,-18.088085051525219,7.2517675949072782,-3.8074913436323943,,0.3591599670394087,0.1538461538461539,0,5
0.88377433203555911,-0.44168377715704343,-0.15446155195189767,0.45694751477073597,0.88572974664888027,0.081742184006538154,0.10070699469227336,-0.1428224663615566,0.98461151949510117,-10.912522117414735,13.008814719275181,-3.595042029016017,0.5531227957403176,0.2975555350764466,0.6764705882352942,1,4
0.735224220451135,-0.65713408903209058,-0.16619306451831101,0.67446146821719977,0.73363818403859238,0.082926128637832219,0.067431992053642378,-0.17306011658531636,0.98260018445711472,-4.2412643647911237,-0.36172895856184112,-1.4873834784378612,0.3764830291167145,0.3417190072092383,0.9602017937219731,1,5
0.49175986307987007,0.86621949593666592,-0.088521307733761725,-0.86189210909651115,0.49869467899099246,0.091899996862017136,0.12375067410254886,0.031103086748727179,0.99182577535263983,-13.757978744660058,-5.0641869454710937,-2.085049383846572,0.2647979040885857,0.2510478095743239,0.7454545454545455,1,4
-0.9643001775279193,-0.21671393922450735,-0.15218487495615737,0.21590362298130916,-0.97616608652659886,0.022031729366792808,-0.15333229667349774,-0.011612065326346416,0.98810645516345463,-0.80633376008169022,10.004143162001206,-2.3100020877241159,0.2122556013224283,0.1611689323039028,0.6330935251798561,1,5
0.91246305875750788,-0.36684342104347378,-0.18121001859724625,0.39290440483413686,0.90918695414114725,0.13785938880423418,0.11418097505638335,-0.19698981409368588,0.97373390517045688,19.39283276544656,-8.0319440324240698,2.6367943810725429,0.4254281416924148,0.3839717973381571,0.7647058823529411,1,5
-0.29137331968796298,-0.86741146123016577,-0.40335957345842599,0.95333941539321121,-0.2981358049587286,-0.047528947593443782,-0.079028777238076359,-0.39838724719568797,0.91380635456320503,-11.527705888086198,25.762935128309042,-4.5284347859867848,,0.319694026898763,0.3953488372093023,0,3
0.88296250943576005,0.45762267360408898,-0.1046837883072263,-0.44360594941124964,0.88631578276423628,0.13288376450855446,0.15359351736922561,-0.070893030873750387,0.9855877482982851,-13.285479492147994,18.232275446911522,-4.2071922448077386,,0.1225233839329501,0.3939393939393939,0,3
0.95262134712230162,0.26171431610778795,-0.1549780169931341,-0.2293367642993919,0.9527411022620611,0.19922108473040265,0.19979293668089601,-0.15424010115630082,0.96762222672265907,15.22262065548443,-2.9432213202229907,1.5062567156935687,0.6090907631232636,0.4539823169181796,0.375,1,5
-0.97391900631314099,0.19030248371400146,-0.12355862509071389,-0.16077678409582319,-0.96306331076844398,-0.21600899320984299,-0.1601018264662537,-0.19050990563224554,0.96854188397723051,-8.2726793961322933,8.4010073345761658,-2.9267177478865425,,0.5944610462700288,0.2780373831775701,0,4
0.32933635333943284,0.94410110671164282,0.014514360989561638,-0.94015309940981562,0.32645774656020876,0.097660070555719958,0.08746265511177867,-0.045808732973981824,0.99511398540273566,9.5613539843086635,-2.5940715650422588,0.66086874930891149,0.1827652209453111,0.3169266805146816,0.5384615384615384,1,5
-0.78511687156942345,-0.58701744705670778,-0.19748927775468778,0.60392790625174253,-0.79631603703412313,-0.03393896304628697,-0.13734111557516077,-0.14591533851276842,0.97971737351099142,8.5927389304267532,0.25212493401581504,0.12401653803874209,,0.1210255249579948,0.34375,0,5
0.77461361475055446,0.63202632614297516,-0.022725996244259337,-0.61636097753928354,0.76248868287513072,0.19674896150721666,0.14167883825716218,-0.13839700701085694,0.98019047906033951,-11.242154677844248,21.657920466488982,-4.2398798600517669,,0.3701559342165046,0.6753246753246753,0,3
-0.65337540072719102,0.75326622176537161,0.07543596537397905,-0.75580173749618484,-0.64338177836958832,-0.12175229303686301,-0.043177764211810875,-0.13656458695176993,0.98968974647025654,3.9623281618955346,-8.5737978351733037,0.52888224242379833,,0.3293524434733261,0.5,0,3
0.30442253070376429,0.94768502218692485,-0.096020943145150958,-0.9472694888827613,0.31178371701079832,0.073969110030632182,0.10003718424520441,0.068439846065717555,0.9926270947535093,2.2697977385808441,4.0299337338954802,-1.2635984102360067,0.8786964366180197,0.9367288124105195,0.7454545454545455,1,1
0.19068308159189898,0.97693169144002279,-0.096147972702260734,-0.97724871557781323,0.19818131768415637,0.075558674038708362,0.092870395154394977,0.079552722021996203,0.9924950650369796,-6.2281758746599696,-21.80168340078443,0.48072999337563943,,0.3379228394492528,0.6578947368421053,0,2
-0.28262546519142456,-0.88513139188702106,-0.36968265515368143,0.95428351881983597,-0.29853787628092865,-0.014768281365979947,-0.097292405326225975,-0.35695595739785296,0.92904070542900263,-2.6851217614738019,20.0189153195195,-3.0475014045796271,,0.1987177020901241,0.3846153846153846,0,1
-0.19340432827189666,-0.94599865001880024,-0.26015633755167872,0.97706030320075643,-0.20980419609796572,0.036542621812504041,-0.089151162162597372,-0.24712092882290027,0.96487476742982747,11.589988729555509,0.55624038913809282,0.56085569687140158,0.3832295814948961,0.1524681836268696,0.15625,1,5
0.77960501722521536,-0.57418028530530374,-0.25006602544926532,0.61817020516313048,0.76953088206464659,0.16027419941269855,0.10040724359251103,-0.27953393625019524,0.95487128133514731,3.2509264651334489,12.100709208722082,-1.7144646118765858,,0.09584140040012612,0.4814814814814815,0,5
-0.79774865332956868,0.58693796318157243,-0.13820605445177897,-0.5941223566493592,-0.80425568777331491,0.013835245342446166,-0.10303257465613892,0.093148355114521186,0.9903068577462173,1.6678250397680827,10.218677145964445,-1.9553113375887612,,0.07072259357744431,0.2083333333333333,0,2
-0.97624825560043516,-0.11240039543415295,-0.18521742505324304,0.15568634075346674,-0.95847247575852834,-0.23893990147338931,-0.15066886453379505,-0.26210048515705486,0.95320628876467928,-18.793560389848686,11.884836931823168,-4.19779506429109,,0.3748707915295959,0.1944444444444444,0,1
-0.95721069925298241,-0.20395593136607529,-0.20530381218139493,0.24550695186590693,-0.94790808205848387,-0.20296946704792432,-0.15321231615352587,-0.24468805861505369,0.95742035707941131,-21.667178248898527,11.849409207340505,-4.3853692957334198,,0.3996659525576473,0.1764705882352941,0,1
0.14206777470477017,-0.96762362306890692,-0.20861752435842201,0.98922604154923854,0.13126483958883084,0.064818057735040902,-0.035335337995542608,-0.21557844504198617,0.97584699001535069,-6.5468512446608704,-4.545816308465092,-1.2776402175224031,,0.1237761840740178,0.36,0,5
0.53005292930697145,0.84783023460789098,0.015092561672137768,-0.84076291379101109,0.52315326759275538,0.13938572882713773,0.11027971221738002,-0.086571079996448516,0.99012314041310034,-13.895610116737771,-2.2935363459880906,-2.4132715671016514,,0.2571204260896287,0.2,0,3
0.42767141962575261,0.89615192307339919,-0.11835914669826876,-0.89660105886259234,0.43719448503099007,0.070480660503194695,0.11490734563887833,0.075978372122178658,0.99046634919511067,-21.237405909561982,-5.1117837896092606,-2.9119446573293764,0.4133340993749863,0.3652993556494574,1,1,1
0.44613082201811805,0.88868486177241779,-0.1058607864224371,-0.88727059729674906,0.45466877826456381,0.077634974361297251,0.11712462088779005,0.059291808270178284,0.99134570390653487,-0.48850224307109857,2.2644299359720335,-1.3720667719979036,0.5098402490415302,0.4712230662587771,0.9545674238762687,1,5
0.83047340369036127,0.55312604193425752,-0.066071987234293153,-0.53592264598543449,0.82568575809544487,0.1761531901451743,0.15198961570751277,-0.1108810651666599,0.98214283386103729,-14.030565485554849,13.359486402598645,-3.9463829510233839,,0.08285586515422813,0.1290322580645161,0,1
0.59700435786282124,-0.71116545862086644,-0.37125393891159386,0.80127890807422086,0.55121981744016302,0.2326130356119761,0.039216172278607186,-0.43634894674538455,0.89892251529595579,-5.7112417157812745,26.552745754757332,-3.895942668722328,,0.6287949997265454,0.2307692307692308,0,1
-0.93524391047979527,0.34805680095731784,-0.064616493388453197,-0.33453266849776736,-0.92865680271689144,-0.16026364676808361,-0.11578739835675077,-0.12826927174892735,0.98495699007965598,-25.457093549419312,-6.0467574900166525,-3.2897074271925781,,0.2622260688515065,0.25,0,1
0.91889825183304896,0.39336962315908663,-0.029771502378021043,-0.36294231339148914,0.87256626622770828,0.32695716568301486,0.15459262572386978,-0.28963503002419166,0.94457009769242872,-22.289384637799866,0.32911923939115267,-3.5312353652267205,,0.3096463692958249,0.2380952380952381,0,1
-0.91502929274918909,-0.36500390471654065,-0.17173684215274765,0.37465023703302613,-0.92679028650996353,-0.026400089429357048,-0.14952790141648012,-0.088498103778890155,0.98478905981206155,7.1957098474598862,6.7312510564885617,-0.79537318341514007,0.2377060782323743,0.1037222096727747,0.3684210526315789,1,5
0.68191160238979054,-0.70148715682143092,-0.20715292742506705,0.72975534445038681,0.67167046281544296,0.12773381160596289,0.049534874303737417,-0.23827412405856338,0.96993388333011565,-1.845422555982416,11.298603253288233,-2.4324986364049268,,0.1165557275097893,0.2708333333333333,0,3
0.82927404451482467,-0.46861395081532503,-0.30447581873652468,0.55193427195450917,0.77218791272219345,0.31479260932840986,0.087596338599686602,-0.42909997966324215,0.89899949327957585,-19.761569069623683,-0.69607915283025679,-3.2158506419159556,,0.1958369379040116,0.2222222222222222,0,1
0.006284772880464245,0.99910041195627652,-0.041938865729060582,-0.99827035121012975,0.008720074935372038,0.058140056655688062,0.058453464607721113,0.041500929169365521,0.99742712282824619,-3.561243454207033,-12.614070767118616,-0.0011310237259625209,0.3785756966256737,0.3250079809436928,0.5151515151515151,1,5
-0.79725828355492356,-0.56878601409687446,-0.20214277001873715,0.58634669517268723,-0.80928557057656292,-0.03541776837458413,-0.14344609567055458,-0.14676285437520573,0.97871542452978455,-13.088948236539618,-19.068849552680909,-0.60808539151884577,0.399251716092743,0.346940308293666,0.4814814814814815,1,4
0.98020573403991251,0.16528898777629747,-0.10897829818437733,-0.12956294524682571,0.95175070456881927,0.27817986909861842,0.14970024106274551,-0.25855395350418325,0.95432682606804697,-20.4989321388326,-0.21909275225032643,-3.3248458327530366,,0.3069507319899695,0.5,0,1
-0.25495969984650418,-0.94572373084362105,-0.20149981730364536,0.96235894893878571,-0.26846429804281996,0.042334076980749542,-0.094131848232235138,-0.18312166883140274,0.97857327244963366,-1.1120397321005078,-7.1404940502254428,-0.21332404940692451,,0.06876016421936884,0.3888888888888889,0,5
-0.64978448606196537,0.7527097832323606,-0.1058683328454765,-0.75792625549477399,-0.65216577149371346,0.015086342289666576,-0.057688065532299292,0.090043260260292274,0.99426570813683313,12.09684310081345,7.8067084432398479,-0.058634091317282915,0.2197526876682873,0.1595030089189732,0.4117647058823529,1,5
0.97011064308327555,-0.18412307652788154,-0.15806338243395607,0.20588807711328339,0.96928167859903358,0.1345478622455086,0.12843457431373317,-0.16306967903981895,0.9782192187330514,-3.8883420103184752,18.298130756795786,-3.0741639229351554,,0.1153923398194168,0.25,0,1
-0.085867139810705984,0.99018404489535794,-0.11028323324692947,-0.99472195842859323,-0.07896311813399666,0.065521381201413542,0.056169918290069933,0.11532728735743539,0.99173814944775707,-5.307987980360064,-13.122828753412936,-0.19124556118681241,,0.08405974863791021,0.3181818181818182,0,2
0.050834712002029207,-0.96718884252183623,-0.24892082065777749,0.99737777480592216,0.036309453064451554,0.062603497836367469,-0.051511225755736217,-0.25145052499334936,0.9664984361610266,-17.57773787326142,-5.1719616955970862,-2.5172834389510559,,0.1594529465681223,0.4285714285714285,0,1
0.88571374244481627,0.44953536832955882,-0.11588407597770678,-0.43815050871162314,0.89198108408169163,0.1113277923799692,0.15341218387124603,-0.047829888785773378,0.9870040544894414,-14.483392293738094,-10.650276390886807,-1.510911594232339,0.2919534437427555,0.2632706044815309,0.6705882352941176,1,4
-0.64207544568144337,0.75772638439903217,-0.11657550531113645,-0.76539769056739282,-0.64223754312189052,0.041198464520659304,-0.043652002555186163,0.11567914501036412,0.99232698143434217,17.886796600457334,-9.7208104542299143,2.6153279096569357,0.5261807361891673,0.3760527938176169,0.927536231884058,1,5
0.97228780437708529,-0.18375448040228959,-0.14453621135090017,0.19747649514428403,0.97643653984303591,0.087032853135411106,0.12513776138766841,-0.1131634861227114,0.98566453019444611,8.7466031410713452,12.416178965854474,-0.87423339357358376,0.211961432990917,0.1304229574771561,0.4761904761904762,1,5
0.46021463314176653,-0.86983869131946567,-0.17771646667044844,0.88769265532941022,0.45406385201002919,0.076339819046389118,0.014291295127119878,-0.19289030401099377,0.9811162466813681,-22.735637734736382,-7.9453320546922201,-2.8118310923307988,,0.2069264923421638,0.7352941176470589,0,1
0.37472433567265617,-0.90560456528068567,-0.1986505564992623,0.9271233738830098,0.36714700273901812,0.075135397646785243,0.0048909972880337048,-0.21232863613402597,0.9771860766624707,0.8805588865482743,14.848991007521732,-2.1683995766743061,0.3328804737943347,0.2744039213001105,0.7777777777777778,1,5
0.83998189781333632,-0.46412360281734555,-0.2811044159271639,0.53042236540842047,0.81153451693829426,0.24507925675639167,0.11437886876709853,-0.35496620842775461,0.92785584292711198,13.374452902472843,-8.100583318158824,1.7762486849103554,,0.4862142103522103,0.3888888888888889,0,2
-0.029627497317358326,-0.8971878090808636,-0.44065433918139413,0.99828943190165698,-0.048788908485769687,0.032215719179239058,-0.050402594736564166,-0.43894609879283397,0.89709860149170573,-8.7205541427395215,-15.337613840418147,-0.39094220588160777,,0.3816397922330405,0.3333333333333333,0,2
-0.98757492691786009,-0.038333680005624059,-0.15240174769473255,0.056916410138537259,-0.99120076596419937,-0.11950549698204843,-0.14647964356907864,-0.12669479282595225,0.98106683946134055,0.39704231089586556,23.792726119520083,-2.7610354755920379,,0.2904975182155889,0.1904761904761905,0,1
-0.66797104640066174,-0.72696495112171988,-0.15917487556458065,0.73090703915657418,-0.68109576334288335,0.043398862516720572,-0.13996278534587256,-0.087352853399131472,0.98629604973418294,-5.2077731700388945,18.192620175345017,-3.2583947486009865,0.2110695298856261,0.1710351715316632,0.7976190476190477,1,4
-0.65571522712251251,0.75348362301203542,-0.047958010512620129,-0.75130909293951242,-0.65746498630888817,-0.0572227109132456,-0.074647088262563929,-0.0014905135056244789,0.99720890017258168,10.855649823807388,3.2171827777997568,0.084448148521098235,,0.301496259546862,0.2142857142857143,0,2
0.88997081158711666,0.448156324756393,-0.084308143757366519,-0.43465748344717314,0.88958089157718723,0.14042332222287399,0.13793051368838155,-0.088327492444770839,0.98649552835888676,18.875823614778501,12.132257445660358,0.70653056183007656,,0.1719323417308114,0.4166666666666667,0,2
-0.87492558706677259,0.48318718319447473,-0.032177058480426755,-0.47538661310694624,-0.86966015923891382,-0.13303674496639609,-0.092264755863602402,-0.10110070934042224,0.99058864388619594,-3.1458368014722784,7.5362108733087432,-2.2588941363273674,,0.2837325711814124,0.206140350877193,0,3
0.70883582727865113,-0.64136630279914408,-0.29360012874647629,0.69988658410057769,0.69131652498103979,0.17955565066063831,0.087809676928091537,-0.33276226937845083,0.93891359171964672,5.366923988024042,14.395366482907574,-1.4841068369252384,,0.3206420771060275,0.2,0,4
0.34589757202296939,0.93823849138001336,0.0079625976648235505,-0.93144578592057559,0.34234675221547056,0.12331848660408223,0.11297618138092962,-0.050072293141780043,0.99233519936567161,7.6410209630417372,-1.0911649749794561,0.16233550767471264,0.6684924756259746,0.5780922146423667,0.3128491620111732,1,3
0.64166356028192739,0.76679667671095775,-0.017050864827161772,-0.7545544059820557,0.63509343698069309,0.16523914402198786,0.13753371884519888,-0.093162132269947379,0.98610612678936715,-10.192682264030939,4.5855673933017407,-2.8426699321422824,,0.1403325095295732,0.1616161616161616,0,1
0.45473716797387842,0.89000780972580817,0.033169363728684377,-0.88172202892720764,0.4446258288750784,0.15771536387314267,0.12561994971971935,-0.10096519659872275,0.98692738198319085,-9.2037993086273833,15.747888782848809,-3.6011456580929084,,0.2770144942608695,0.4608695652173913,0,4
0.92905762227728883,-0.300505792995653,-0.21575032529413155,0.34972154026543906,0.90360015658339998,0.24738957394527297,0.12061002762141579,-0.30529170542042006,0.9445899617498863,-21.290952475506327,9.9104725886587222,-4.212832872527688,,0.3058651180488037,0.4186046511627907,0,4
0.74348658712014337,0.66350580022451511,-0.083592749930052848,-0.65298031812527146,0.7472457019852371,0.12345268326614325,0.14437589450272462,-0.037200993710076638,0.98882338521776558,7.7465612261204457,4.0544975189715045,-0.46465692373286138,,0.08888075333833546,0.2558139534883721,0,4
0.62683554527415963,0.7697163608516856,0.12088805986566864,-0.76716750342474582,0.58261261005301523,0.26835902872133349,0.13612942690649535,-0.26095836917878695,0.95570367200595052,-1.4145559628039712,-9.4753568499362721,-0.057977846839927939,,0.7165929013598116,0.2941176470588235,0,1
0.17965535327756846,0.97342809592108248,0.14199188748012601,-0.97880782276583755,0.16246400565962921,0.1246623157069929,0.098281229800578282,-0.1613790226035734,0.98198656351927827,-13.356848720792287,-7.5388100881514779,-1.7813602133779383,,0.5515788782585019,0.2197802197802198,0,2
-0.94665592449123948,-0.27676519580446951,-0.16505631468365919,0.2831190658169685,-0.95895428787113335,-0.015819871822976603,-0.15390307078341434,-0.06170656500634189,0.98615726161629691,0.30655574535608338,10.790031300538075,-2.1986665223251913,,0.1601036971277746,0.4947368421052631,0,1
-0.60943841201717208,-0.72797894879241198,-0.31405647911336027,0.77158365444807608,-0.63568317795569662,-0.023781535961683586,-0.18232796315030245,-0.25681422736920023,0.94910640418986769,2.268999017638472,9.006276674857288,-1.8120707291709854,0.8907606019648034,0.4210738850404048,0.7654320987654321,1,3
-0.76870531166820255,-0.6075775643018938,-0.19985406468238889,0.62230583234565373,-0.78264403535198823,-0.014274626318826956,-0.14774164897440931,-0.13534333114319694,0.97972168898794287,-1.0534077396957662,15.51987675633908,-2.5145004645994082,,0.1973667742509218,0.3076923076923077,0,2
-0.4828191178337668,-0.85778627870961177,-0.17631902765084478,0.86728808022450343,-0.49625081619117467,0.039325733687859424,-0.1212315361394002,-0.13393217495101434,0.98354719620268938,14.946390380609419,3.042497212767814,0.75348084854435726,0.1966790462467344,0.1233787671906605,0.1111111111111111,1,4
-0.93519891196930505,0.34458627141974102,-0.081629018127559128,-0.31843609468469569,-0.91915238304478664,-0.231856314007297,-0.15492400928645111,-0.19083814684735131,0.96931901511034047,5.5643719496409076,12.802018481820889,-1.3874148712821954,,0.2774088456107454,0.28,0,3
-0.14033438285885941,-0.97595188874558503,-0.16680579079140859,0.98797562748373724,-0.14907219452486561,0.04100780800842288,-0.064887752971867593,-0.15904525039580636,0.98513663409742058,19.220269038174123,-9.4139574569414179,2.7733370089856955,,0.2325634788577419,0.4444444444444444,0,2
-0.50119487434999499,-0.7969166000478175,-0.33723527468745068,0.85660198119652275,-0.51213570832111488,-0.062849519271220566,-0.12262440106066236,-0.32037626134072061,0.93932013043150331,-7.7042352979318078,3.0818867000059318,-2.3926835766053736,,0.2202497378880137,0.242603550295858,0,2
0.93335365418169014,-0.29695758569689584,-0.20166097421850776,0.34170533329438491,0.90710498437711196,0.24576007103753422,0.10994735751194883,-0.29828969076263961,0.94812174268965521,-3.4339494332249387,-10.019651906230372,-0.27731865904037017,,0.4017565112317228,0.5714285714285714,0,3
-0.58946152363934912,0.80608751793065281,-0.052516907612475988,-0.80514406528830518,-0.59154717860504524,-0.04260246020399816,-0.0654075399308022,0.017171165388845819,0.99771088236993277,15.512964959502357,7.2698064544517029,0.41936595058831749,,0.4671525535235012,0.9482758620689655,0,4
0.96461115463643021,-0.17605812588566327,-0.19628768851000414,0.23155666176144371,0.92169259436968065,0.31123025861568088,0.12612229281482643,-0.34566790101731321,0.92984238958084453,-8.8929010110957663,18.118065032498176,-3.7533874267101788,,0.4280549429714512,0.1621621621621622,0,1
0.62541240571617607,-0.73338459030267111,-0.26647019623756935,0.77821068514653546,0.61118450245608436,0.14436631699004032,0.056986422067587715,-0.29765843959829574,0.95297009451285619,23.016452392875202,3.8719155648784134,1.9287269092712331,,0.3519668312973632,0.2,0,4
0.87128925652053224,0.49050014368755146,-0.016267775336255459,-0.46605439916716201,0.83734255160175486,0.28574595061697666,0.15378013034470722,-0.24138570860669326,0.95816731899580565,9.2526469554371111,-7.5046503655614281,1.1327522363094766,,0.1113378868579396,0.2222222222222222,0,1
0.059031490151240963,-0.97702548477623941,-0.20478399661174509,0.9969880436002041,0.047365907235415394,0.061411006749641187,-0.050300338853355532,-0.20779237938269368,0.97687880670107508,-18.276079721526408,12.76067620427601,-4.245993190449056,,0.1104569784341711,0.4,0,1
0.79797764556971829,0.5953947601899503,-0.093470619498108934,-0.58369641297945185,0.80210788272035238,0.12618019635740921,0.1501005484531284,-0.04613051068679673,0.98759394557573332,18.001791263377655,-4.2889407691404067,2.0506719715134545,,0.3977275424639252,0.1176470588235294,0,1
0.42099649769764846,-0.885323031165971,-0.19739574314917055,0.90702129240315943,0.41295643776479674,0.082336842518489231,0.0086211399257121474,-0.2137056643978093,0.97686005392311637,6.6418828004551509,-11.234674680637388,1.1207504812239699,,0.08283961233381941,0.2307692307692308,0,3
0.90147953339411913,0.4148740088668571,-0.12334588618297689,-0.40392638468505854,0.90879120901214094,0.10460408298680152,0.15549317228347723,-0.044475782050396991,0.98683523355432834,10.39471549654745,-8.5945565155247845,1.3970349512861016,,0.08660776479793797,0.3809523809523809,0,3
0.44249018703865828,-0.84882483510402706,-0.28930750713577386,0.89670351960550798,0.42282439460498505,0.13092871821729529,0.011190723908183703,-0.31735773290964658,0.94823986261961213,-4.4618975983932838,-9.8659352228248469,-0.42185176052530998,,0.2092672047891704,0.3333333333333333,0,1
-0.76441240165699353,0.64208401604845222,-0.058324922015202257,-0.63018954478936717,-0.76321464663167593,-0.14270438257130827,-0.13614263781475283,-0.072329243753676331,0.9880453748016147,-5.3958355647631695,1.9466152900570841,-1.9569901629546738,,0.1962189116916493,0.3309352517985611,0,2
-0.54927387276700945,-0.81653380643125495,-0.17768161314671094,0.8261751091577525,-0.56254885728407644,0.031200515645683831,-0.12543086423886168,-0.12965849807577692,0.9835932961204169,8.0301007298927409,-10.064168667945241,1.2173763782725531,,0.1280637625963474,0.3846153846153846,1,3
-0.52365792480886597,0.85165554121635423,-0.021568887323006516,-0.84721160908681892,-0.52325211353844214,-0.091867922073368413,-0.089525790772251923,-0.02983395369430596,0.9955375773890055,16.307011454034122,-10.929359992681247,2.4733911599981839,,0.1915125198778291,0.2222222222222222,0,2
-0.06027488559668813,-0.98502590223642073,-0.16152680919782583,0.99521286320326796,-0.071775194963181882,0.066330070878525493,-0.076930456134479963,-0.15675552083203292,0.98463669015917632,19.319725374509208,2.8669952420874401,1.4781414863552342,,0.1114190280470872,0.4736842105263158,0,3
-0.71657947707537839,0.69140604636064729,-0.092040926170464582,-0.69650283331614271,-0.71636496293071206,0.041292167149066278,-0.037385240630014326,0.093695885401757509,0.99489870079411458,17.529411582992267,7.3398118454820818,0.72231959588786032,,0.11005266470991,0.1666666666666667,0,3
-0.7242571962741664,0.68138633467771093,-0.10566066704104124,-0.6826891532335323,-0.73013438508111528,-0.028970671022677565,-0.096886705498567136,0.051151174343272959,0.99398014248823774,16.600130942075658,6.0442277410698235,0.69203698611676245,,0.3120619768613146,0.3333333333333333,0,3
0.49179510613540872,-0.84135519551754367,-0.22418521038841591,0.87032508985325696,0.46733930109776545,0.15533259677663538,-0.025919327791876029,-0.27150582429312325,0.96208771732193366,11.201431183379045,5.2860454157317305,-0.0084044107013031364,,0.1884979879323916,0.1,0,2
-0.21027125253145662,0.97718025260145269,0.030079133707804434,-0.97726412334192059,-0.21094681273099944,0.021360604564922451,0.027218258349841609,-0.024903737157146461,0.99931925343606132,-18.144641814540581,4.7799770998208277,-3.6407900185967836,,0.4087355610389692,0.1666666666666667,0,1
0.75550275470628347,0.6453569578714764,-0.11282723322890709,-0.63954934668616248,0.7638517650475164,0.086643604421193246,0.14209933421560939,0.006699101482061807,0.9898297334667272,-17.147262439870044,9.0103779757592033,-3.8574555266328425,,0.09767229012008395,0.3529411764705883,0,2
-0.19359771664798903,0.97989410553549072,-0.048243818728265601,-0.98062730350135108,-0.19177877789610789,0.039887240771272175,0.029833131521096404,0.055031284606813953,0.99803884793036413,20.954603594440595,8.4889582632308116,1.2267247253934104,,0.1383686718116444,0.2631578947368421,0,1
