axis_00,axis_01,axis_02,axis_10,axis_11,axis_12,axis_20,axis_21,axis_22,location_x,location_y,location_z,dbh,dbh_approximation,score,reconstructed,number_clusters
0.59714751573615388,0.77296845740644238,-0.21432360650391272,-0.77120547157508612,0.62672828439022121,0.1115964970684037,0.22058323839944863,0.098647967034268896,0.97036674177200488,11.414814268480891,-7.4099344866015144,2.0240357714500923,,0.279185452019569,0.2558139534883721,0,4
-0.94464802264491854,-0.093373633448157869,-0.31451784987458936,0.14347845459915878,-0.97968864623578411,-0.14008600751871553,-0.29504922704335756,-0.1774585050466321,0.93885804710176057,-17.102598803007481,8.2033958872659589,-7.6348799769181142,0.1722276064724936,0.4596894508925285,0.5879828326180258,1,5
0.011984776795847541,0.96434159667530983,-0.2643892018348511,-0.9994448109909605,0.019773051227891809,0.026815969652126091,0.031087536222709836,0.26392103244503839,0.96404318042541448,-18.458824338497312,9.0405756193500331,-8.1543200605283168,,0.06287372244705346,0.2142857142857143,0,1
-0.86772415167639627,-0.33810724138977433,-0.36433266380778762,0.40964438459007207,-0.90160274767011461,-0.13893870435383809,-0.28150714870372739,-0.26980729922205404,0.92084621219571794,-22.227673410047476,9.6677020020448943,-9.3887531562437978,,0.5016705234119129,0.2597402597402597,0,5
-0.81878571680986545,0.52621438438304191,-0.22953947725071286,-0.51959422286818535,-0.84927949874785347,-0.093520995335808918,-0.24415526516985175,0.042693731096851241,0.96879587726975191,0.18197349673010102,-12.83212174954711,-1.1689923139466258,0.8869799248923436,0.4202124901080426,0.8205128205128205,1,2
-0.6276891348937006,-0.61967603890363365,-0.47117720312542666,0.7336359390240601,-0.67331173734316763,-0.091812925714248025,-0.26035487110611688,-0.4033025057752887,0.87724707461848506,-11.648027419099146,-11.918896054279923,-4.9242576214016767,,0.5580940755122783,0.1666666666666667,0,2
0.66145369167988888,-0.66921439612065814,-0.33857215743163338,0.72430791200544675,0.68712546272619557,0.056891537856019768,0.19456891419072539,-0.2828616101526959,0.93921895590563309,-7.9407446339392909,7.0031225726838748,-4.7085732621060643,,0.08358870425236409,0.2336448598130841,0,6
0.86168262625586889,-0.39167925190871333,-0.32263046234511072,0.43474797114701424,0.89772766795329773,0.071268757353336792,0.26171979900715187,-0.20167398894097552,0.94383809469224733,-13.685063171006711,8.7011548754962593,-6.6261935625135573,,0.07179169307253039,0.3235294117647059,0,2
0.22764647304581115,-0.89876746943844743,-0.37469203246000848,0.9729250739438563,0.22571805672178813,0.049680573276495103,0.039923474312043412,-0.37585688067261558,0.92581732617720336,13.960243765830572,15.308468398813909,1.4663974298045119,0.2317608993187292,0.1203058637335047,0.2105263157894737,1,5
-0.95556897159092258,-0.026076470723037069,-0.29361191768608236,0.043630830343747935,-0.99761974635485062,-0.053396557252316387,-0.29152065308684944,-0.063834625067555689,0.95443221313318138,23.331998988138075,3.6220618352845286,4.9398284888818962,0.2356334254778666,0.2708676483828131,0.32,1,5
0.42195053420610679,0.88071538333997768,-0.21517007280636952,-0.89127478571931473,0.44643701621628773,0.079518846149123065,0.1660933563516945,0.15822264092163063,0.9733337520478853,0.24953546197939774,-9.2267916912887031,-1.254234000116164,,0.1033835195985975,0.3454545454545455,0,5
-0.52528498828462133,-0.70767087768713488,-0.47252260258779749,0.83354072921102695,-0.53960387116512787,-0.11848001928577614,-0.17113016633304284,-0.45610261027221549,0.87331831257205228,6.3431983928787217,-9.9154341080190509,0.65422682323134906,,0.691956773705045,0.2666666666666667,0,3
0.86525991240956257,-0.37555448461115964,-0.33209051938506512,0.42366960089498695,0.9019226330824921,0.083902522077865638,0.26800998722898101,-0.2132941467129148,0.93950851711069161,-5.7842107225385444,19.159482503455219,-4.7173460097721245,0.3253005856759509,0.2740446669190861,0.8,1,5
-0.21892898649366768,0.96590551208955411,-0.13819059514986046,-0.97379104560594909,-0.22523794985453685,-0.031604832589309212,-0.061653048347414197,0.12764955017681143,0.98990125465580137,9.6125285737114528,14.436780061515316,0.14165678736349194,,0.3044349790208604,0.2580645161290323,0,5
0.93284378765065457,0.22283725629315865,-0.28310073304270778,-0.19396405189460555,0.97280601397378386,0.12659544126494232,0.30361227645503414,-0.063182405653598103,0.95069846386833745,6.3911369219108529,9.2174906509409968,-0.36929006246474816,0.4634162398123789,0.2415400052005981,0.3111111111111111,1,5
-0.12662716515427455,-0.83410299566062929,-0.53687778280997722,0.99010859540655016,-0.13924604998396445,-0.017190313142356667,-0.060419618892054008,-0.53374406806430008,0.84348487802634098,-12.734518933225473,13.93463427514469,-6.4876907777379316,,0.2829519338728909,0.3684210526315789,0,3
-0.94990822747682691,0.073422265508582329,-0.30378204407011894,-0.053218263825051244,-0.99581695268466563,-0.074272559813655048,-0.3079645690128649,-0.054385362676118681,0.94984212191253481,-6.4031786668183006,14.884752606772363,-4.650639544849275,,0.08452602112877994,0.3235294117647059,0,5
-0.78863356290116327,-0.51809032749592621,-0.33111858301971409,0.55270974793474004,-0.83327857910319136,-0.012599370844785547,-0.26938641020611159,-0.1929487552769705,0.94350502904506772,2.529195131125713,2.0111293805054471,-1.1199329033644871,,0.07086212889650553,0.4274809160305343,0,5
0.93933964817559834,-0.086381476696790582,-0.3319326224537531,0.13434319693285032,0.98310317653792667,0.12433844827284871,0.31558347675885268,-0.16138892392205947,0.93507255570467629,19.788227421396076,-0.57793864530043215,4.1467835399167781,0.3737767820274996,0.3584616025646959,0.6086956521739131,1,5
0.059306530799064894,-0.92886585422791901,-0.36563774456970105,0.99823675329379891,0.054277063361748444,0.024028831979103962,-0.0024738185129130853,-0.36641810168475986,0.93044701889989523,-1.973613847236926,13.670663891562212,-3.2007238079556743,0.293294341439548,0.09388824214597256,0.3076923076923077,1,4
-0.92127745542677209,0.30273700236943418,-0.24412733873685888,-0.2830090831873382,-0.95242811081132472,-0.11307763956606551,-0.26674652566778478,-0.03508562572820742,0.9631278678926416,-23.898785919272633,7.2149980797451141,-9.781577294758419,0.2872027546674419,0.4354900897580565,0.1063829787234043,1,5
-0.21869896609597986,0.95200453731674106,-0.21414509837230858,-0.9744108180216382,-0.22473938750063163,-0.0039705702665122043,-0.051906839153909735,0.20779694086818773,0.97679379165454949,2.5732401836156407,16.502467857921555,-2.0438330139715633,0.3680289380326198,0.2446059996983315,0.5365853658536586,1,5
-0.69463339413321346,0.71284738313668716,-0.096607743530992357,-0.6894526479003289,-0.69804253982334274,-0.19336922945547136,-0.20527906385746625,-0.067714259592459719,0.9763581745392661,18.457342853405134,5.7156619035265095,3.4787683568365022,,0.5681439468918504,0.2352941176470588,0,1
0.90750988673865507,0.30816569982005321,-0.28541146950676738,-0.29718109011522453,0.95127763057964809,0.082184361265992129,0.29683194765645138,0.01023577125522007,0.95487487339299604,-9.4181270678931721,-3.3789187437367381,-4.5654269214696486,0.6465855896226912,0.6799490823475119,0.9237597911227154,1,4
-0.11767646131832737,-0.8549356299773162,-0.50521017314270988,0.99026081215230743,-0.13914182569055997,0.0048037754892375061,-0.07440278467268141,-0.49972454506336622,0.86298296894791782,-10.377592616316344,9.9427064324042043,-5.5668135676527051,0.463403198343219,0.182844853694682,0.1428571428571428,1,3
0.52908954246105533,0.8454310427048366,-0.07287391912998914,-0.81730929320653656,0.53081170083766449,0.22415275481701663,0.22818802619020789,-0.059036347150198842,0.97182556789712971,-5.6316699313445993,-6.2646842591341096,-3.2692823382084115,0.5860812617822766,0.3216298132720271,0.1578947368421053,1,4
-0.94730492533431554,0.062555275730465543,-0.31416590508142667,0.0101522961651825,-0.97439156145541195,-0.22462861760483357,-0.32017231191956763,-0.21598130114148661,0.92241084568499587,-4.6226413010564258,-2.3417220197642368,-3.1245769438222695,0.3970970066656432,0.4248339451958973,0.3594202898550725,1,3
0.67329653770294495,0.70092960949224015,-0.23530715002796618,-0.70060976910769601,0.70651963933129447,0.099879680966846643,0.23625774854613468,0.097609844668630791,0.96677535884799937,-18.671866291468383,16.959794906424214,-8.6298430540888678,,0.104924181307937,0.7142857142857143,0,1
0.50874463050277441,-0.78539930793023183,-0.35260009647943913,0.84942058507469897,0.52463044332326081,0.056987433612997379,0.1402268540114644,-0.32849783110570596,0.93403726069835968,1.5712685805962812,5.0595823936738213,-1.5974983762588102,0.3376813032111782,0.2364399660152026,0.8523809523809524,1,5
0.055834055611676862,0.98168964255668434,-0.18212084979727536,-0.9965720017123697,0.065947439030308849,0.049951783635264986,0.061047552260125974,0.1787075291706347,0.98200652512128139,-9.3851907800401193,17.420584514833461,-5.8440622239874944,,0.5300568612580756,0.2857142857142857,0,4
0.93308004465641403,0.29112983873425813,-0.21119907022178935,-0.22155318812873329,0.92781268943777606,0.30012963557142108,0.28332986975251562,-0.23325314642423334,0.93022424962436701,-13.976764465668799,18.024457592161053,-7.2506320519225476,,0.7322355997684645,0.1764705882352941,0,2
0.81159971398988595,-0.4740188268807059,-0.34148507436515535,0.52814712359232374,0.84518142030639321,0.082030376142155761,0.24973289749788838,-0.24693018959112381,0.9363006789358862,-30.093985815100648,7.0509802922738922,-11.867083380353208,0.1658364206046039,0.1307210084353943,0.4242424242424243,1,5
0.94908073794856662,-0.052677900093276969,-0.31059747535478704,0.087254560028628511,0.99130506021351394,0.098493245196268064,0.30270843167843087,-0.1205790878919079,0.94542492507546083,6.7536408438323337,5.8444517984985342,0.023979307157361684,,0.06948127771319383,0.22,0,5
0.83309582976887686,-0.43833608215273595,-0.33736155309207461,0.48861809311904802,0.86905355418098884,0.077448557391966572,0.25923675954310976,-0.22936302894839272,0.93818383244074655,-30.57430675195555,7.9896336379582396,-12.016644127601289,,0.09508268910102036,0.4166666666666667,0,3
0.94992158512385272,0.098854151020198913,-0.29644027887900631,-0.05357561263840914,0.98611846462370778,0.15716242381243753,0.30786139063904455,-0.13341000919817372,0.94203138673800935,-19.12644883622275,11.897130728630367,-8.5161339245476064,,0.8841506797761109,0.6170212765957447,0,1
-0.95165006214456671,0.056193383463161134,-0.30200076634869999,-0.057507769198594398,-0.99833471404576868,-0.0045448006503952488,-0.30175323644004404,0.013042330547596379,0.95329684878942278,-7.2998835472012109,3.9993222817697536,-4.3310391903143204,,0.08347475358570847,0.519434628975265,0,5
0.63247567500925483,-0.69552067124575367,-0.3409186360283708,0.75084384196881504,0.6586405320848866,0.049256212526411644,0.19028411783198651,-0.28713001474035132,0.93880152808573392,2.4903759754493273,2.9281324618494211,-1.1264466684865246,0.5067146444264158,0.2936827455617634,0.9435975609756098,1,5
0.55958294825711008,-0.75101907135003731,-0.35048149521538258,0.81395713502986178,0.57762566381814551,0.061825357521235053,0.15601508373827933,-0.31987332956527709,0.93452680361719087,-4.6234107213154925,-8.9658267958208171,-2.7594483464444819,,0.08354430226427459,0.2222222222222222,0,5
0.7293830120575524,-0.56811995156395056,-0.38110384720811796,0.64857550255106866,0.75145961071496703,0.12107134654715183,0.21760110112883818,-0.33548200264557576,0.9165705573977555,3.117708370625015,3.43176832574611,-1.0525825400089712,,0.08238426513844282,0.253968253968254,0,1
-0.94345840522997848,0.14618994773701954,-0.29751426315649637,-0.1427736299712164,-0.98919478577716735,-0.033307152026338202,-0.29916872862274158,0.011053278785543219,0.95413620455485337,-3.5180453067092774,-13.71783263665624,-2.2948674801319568,,0.3550593816883171,0.8548387096774194,1,5
-0.74215431031649681,0.60986015140790173,-0.27798844472995166,-0.63551332091561508,-0.77208473625803742,0.0028247081556974484,-0.21290795808858973,0.17876172901963536,0.96058026505881278,-6.1672118424587703,-14.304249632018546,-3.0901686707794527,,0.09181694223048688,0.2352941176470588,0,5
-0.50665536653265664,-0.73759271740513677,-0.44638248486535093,0.84408866596690135,-0.52979777990146704,-0.082635563758548011,-0.17554105944159024,-0.41865414800570433,0.89101854122556923,1.3575196747467464,2.365421061829295,-1.5169523237574858,,0.1602676109171066,0.4125,0,5
0.18403460153254719,-0.9077580885362293,-0.37697018202479687,0.98203016033425872,0.18612148965509304,0.031233880361554542,0.041809444299432695,-0.37594420302169973,0.9256986154152721,18.818666192534931,-2.0150772144523357,3.9100504362550432,0.1258040354975234,0.1437001723793628,0.2368421052631579,1,5
-0.22426123478486232,-0.87594273884412566,-0.42711967507833482,0.96907568167814317,-0.24674799682341939,-0.0027837463378311052,-0.10295252183804172,-0.41453557667573376,0.90419081720470151,-5.6461610805581266,-9.1814946082878794,-3.0782450396045502,,0.1131297086953186,0.2962962962962963,0,5
-0.34134906876105486,0.89959437479138649,-0.27241654520174852,-0.93610866738517973,-0.35149786729189192,0.012239776778824126,-0.084743000314507419,0.25918952550777802,0.96210156104475208,0.46535519471602299,-10.821335894503097,-1.1701375722432861,,0.07567172289548556,0.3333333333333333,0,5
0.93844358903576541,0.1670835461063393,-0.30233544089008729,-0.15750856532679164,0.98593057201594825,0.055963908128384567,0.3074324024015172,-0.0048985492584283936,0.95155731417965339,-23.266782975277717,9.2006077502753172,-9.6993225612364888,,0.1238542216199191,0.4347826086956522,0,5
-0.84541282589335998,-0.40780781963572571,-0.34492018795506885,0.44263164742032401,-0.89635136874533039,-0.025128638051905072,-0.29892202748705959,-0.17391666392939231,0.93829559068062207,-8.3625218097614571,-11.157770815040106,-3.9058951949075764,0.4194347045921832,0.1492101785749326,0.3863636363636364,1,5
0.93391375956980394,-0.11933551574391973,-0.3369927660474723,0.20306935194517134,0.95288338935350936,0.22533549341977918,0.29422428177626969,-0.27887682043565371,0.91414429442891421,15.367072814885754,14.761705358803955,1.9002076259559013,,0.5168074440525001,0.3076923076923077,0,3
0.85731989892207949,-0.39537170035428199,-0.32967227586074327,0.44141089461283251,0.89411482964269706,0.075598237612474944,0.26487546702051706,-0.21033280764535323,0.94106381133198835,9.6798346197714498,7.0802130734214561,0.85284163621190001,,0.07954516875916313,0.3448275862068966,1,5
-0.94602917555158594,0.16192584112857644,-0.28072908823274795,-0.12955434346842118,-0.98296170116409465,-0.13039158766214703,-0.29705970964379075,-0.086984573456401121,0.95088864378903737,-0.66358998182675799,22.036313330992208,-3.3886192246843136,,0.5333539103559506,0.5666666666666667,0,4
0.80185971353296304,-0.49652442143549941,-0.33239208584287544,0.54658674674197927,0.83427079016001027,0.072354522815174641,0.24137922052002336,-0.23969928578102812,0.9403618049969974,-17.303305452781974,15.83973340359044,-8.1504811410787941,,0.1041641037818329,0.3846153846153846,0,4
0.73211617393404316,0.67637788289435197,-0.080739503314878627,-0.63230498390530632,0.71888370911179944,0.28878472969008051,0.25336991769483858,-0.16037198104724176,0.95398349697586193,3.3180044801665924,12.727060682131235,-1.4850001863384912,,0.3663708909449643,0.3333333333333333,0,1
0.70536881507711757,-0.5609401400439934,-0.4333601204588729,0.67045718402759613,0.72641746520074468,0.15101268369614262,0.23009128428189016,-0.39706904379307922,0.88847857338191349,6.7768161617980844,16.165963658303998,-0.78985396716862644,,0.1303260002857378,0.1923076923076923,0,5
0.18017073576462717,0.94934379104568367,-0.25745848670619653,-0.98096595311842683,0.19268776162671206,0.024025514390880767,0.072417572428878876,0.24822931519524288,0.96599063260531215,5.1441872634960149,20.0524366938287,-1.5042077908389926,0.08567411008974446,0.1029039166338807,0.1333333333333333,1,5
0.30809264022641547,0.93885556694285421,-0.15371775908700377,-0.94081080676289064,0.32466525891162351,0.097301056181363643,0.14125845431858919,0.11464158964469254,0.98331244017721164,-28.937884044780123,7.903413037101271,-11.549701383558368,,0.1518654581342127,0.4347826086956522,0,5
0.020496538906418733,0.98249137372094286,-0.18517719205342792,-0.9992158072655174,0.026406252880468169,0.029503903462642235,0.033877166404199292,0.18442724953961442,0.98226214791351629,-1.6461543067085906,-8.3706542580014638,-1.8876476315321153,,0.07404504551037551,0.2592592592592592,0,5
0.94771811342311685,0.13537123663930564,-0.28897232701501907,-0.10468266635096099,0.98733556440365844,0.11920579947873471,0.30144969208042549,-0.082723101697506712,0.94988682041081196,0.29930583870358524,-7.0922840463989658,-1.3463276393916879,,0.07320542735517477,0.2380952380952381,0,9
0.13524297585966383,-0.83207154665871541,-0.53792776347907256,0.99055402811887028,0.12594504578488644,0.054226956578110941,0.022628629169789544,-0.54018032793060622,0.84124500501261812,-16.590891950066382,10.873090158330696,-7.6097409684154886,,0.2559394416870449,0.4117647058823529,0,4
0.34646378194691374,-0.86920593891670006,-0.352766046482623,0.93408407683573347,0.35427165607330879,0.044480682380236163,0.086312138201863925,-0.34492409230874815,0.93465372483289721,-10.222311668211807,20.091012172011382,-6.1912444320201718,,0.8258897175306983,0.8108108108108109,0,1
0.87833591468855421,0.4457515886872398,-0.17271810024147585,-0.37726967806633782,0.86824404610537242,0.32221090362415672,0.29358748437211091,-0.21784810668301807,0.93077848677044617,4.4640544908144042,-10.946579226022925,0.10188893849832943,,0.7386431168397831,0.2096774193548387,0,1
0.15980044069872393,-0.84286790067146466,-0.51384581458855227,0.98401880028870869,0.17743406696003838,0.014971725364577663,0.078554565945369373,-0.50802643031608075,0.8577519025157776,9.5687710574930662,-6.8603936975260584,1.4518432576879092,0.7595303624043258,0.4752402021944396,0.2,1,4
0.78159943866930004,0.55605310390497686,-0.28267872772721775,-0.56528360117917409,0.8229993641086718,0.05591508664599211,0.26373617065116783,0.11609044885073604,0.95758354203479024,9.1408931541865019,-11.418666759344498,1.4596547418219186,,0.1293996641223316,0.2631578947368421,0,5
0.78232059318098657,-0.48721764953568802,-0.38806372088340074,0.57198328642238838,0.80859016756710855,0.13790236026711106,0.24659604526105902,-0.32984981869741231,0.91125709191582738,-5.7878038529584952,-11.408153637522819,-3.0567657073109684,0.9241171644677808,0.6685048986356534,0.3333333333333333,1,3
0.47847439673002284,0.87084951143331402,-0.11262051371841329,-0.85989953556200316,0.49066492649130378,0.14078607406819377,0.17786241990395896,0.029479795583450413,0.98361369512541164,1.4182647996565863,24.072154302641,-2.8158386869601544,0.3080625310210694,0.4114443741682748,0.5,1,5
0.11443385567161958,-0.93432188561116591,-0.33756111556890323,0.99341497044092708,0.10570092519360308,0.044204195695298723,-0.0056204252489386059,-0.34039672219516415,0.94026511279468894,2.0079065103719653,19.017154503766928,-2.3358263540670143,0.1549091714404944,0.1524510759528187,0.5333333333333333,1,5
0.65930836044142982,0.70781404978669249,-0.25359762770301425,-0.7005479471445144,0.70078537923800299,0.13465669681770875,0.27302941160915573,0.08887701148672307,0.95789133894484513,-41.714975658036245,9.1612824304326583,-16.013926159255966,,0.2404062148817759,0.7096774193548387,0,2
-0.69150130361039419,-0.58288924886736182,-0.42669200913535593,0.67512285753819445,-0.73160248845143627,-0.09469385471680615,-0.25697290583753524,-0.35355045247673977,0.8994259298124021,-0.91486997357415867,12.710108658931439,-2.7752560671774247,0.1789213122799231,0.2183851487051127,0.3793103448275862,1,5
-0.7133829306557542,-0.61781582952002212,-0.33073916466529285,0.65544019604651205,-0.75524126780248224,-0.0029625689207108835,-0.24795754405849024,-0.21889318902740545,0.9437175573983434,-16.688642280787313,-7.9703060607547291,-6.6516647123382571,,0.2168716610967283,0.4444444444444444,0,1
-0.62651029937443192,-0.70210348152048896,-0.3384310062842491,0.74806368212970165,-0.66357646407723603,-0.0081855849703361197,-0.21882772277824797,-0.25829629799817544,0.94095560478915519,-3.8031123647512048,13.433997160717446,-3.6993600746966893,,0.1085614377377047,0.2456140350877193,0,3
0.58842400692639563,0.79727207902391051,-0.13458982161210148,-0.78101010085478073,0.60352633600711392,0.1605589739274447,0.20923768885048236,0.010639255364916582,0.9778069317660768,8.8234340567005383,16.523289408878199,-0.21600775916585174,,0.1455291261816919,0.4615384615384616,0,5
-0.83802936944207407,0.50105474795340588,-0.21598823001698492,-0.50788387670373691,-0.86100823894094569,-0.026810077586529788,-0.19940096222662584,0.087229307168871978,0.97602781939550032,-13.606782716469359,21.218220593556786,-7.2944679240612302,,0.3347083745890442,0.375,0,2
0.53076805469796207,-0.73984541921427616,-0.41341749815385526,0.82898286443573865,0.55466147495302498,0.071680253032840105,0.17627445244293985,-0.38076161028993788,0.90771576693663003,2.122794475910645,12.201787929893552,-1.8045854636698857,0.7763924487482631,0.404932431282776,0.2631578947368421,1,4
0.76181010900470492,-0.55458309269258232,-0.33478791961146032,0.61318412118926979,0.78401591570106599,0.096562298278163275,0.20892723934322655,-0.27884877124876961,0.93733279652078139,4.1045387981388943,12.766172224440901,-1.2214492226400566,0.8186880388867173,0.5797985012822576,0.1666666666666667,1,5
0.056369266923394286,0.97093263062334634,-0.23262057634127847,-0.99803168217235427,0.061210436367947152,0.013639789582935644,0.027482123766921638,0.23139384017400921,0.97247191404316924,-10.319729804733367,12.736395372372801,-5.6393666328325152,,0.08922578771661842,0.4761904761904762,0,5
-0.54609993821690939,-0.67449906749202526,-0.49681572582988553,0.8139076959978897,-0.56759556459010108,-0.12405457449465973,-0.1983157075848867,-0.47210833821278009,0.85894388473000549,16.957721307692651,0.47894155247906151,3.2710802273215873,,0.3189831720646124,0.2692307692307692,0,1
0.8291564425493132,0.49228574820717302,-0.2648666379351528,-0.48850895615336815,0.86842722347902668,0.084812483034368571,0.27176937564213166,0.059066908101002548,0.9605480242187131,19.496757471673838,-10.263182637457778,4.5117844636563138,,0.3726393491468925,0.2558139534883721,1,5
0.81186930137113034,0.56267374129252712,-0.15577707902969481,-0.51932598357097959,0.81789552519024711,0.24768413889832597,0.2667747369583337,-0.12018806402318344,0.95623536275708365,6.6196176411969105,-7.6141801122937878,0.61160957446706699,,0.1665324368923529,0.2363636363636364,0,4
0.58315150015431561,-0.69693515697362274,-0.41739156057822174,0.79513213634235647,0.59494321242742265,0.11750514772629739,0.16643080731466661,-0.40040474642627627,0.90109756709021138,2.0134944470777487,13.625774015021742,-1.9562917705071703,,0.0879244988031231,0.4230769230769231,0,5
0.90719390360608987,-0.2549916870967906,-0.33463182868860203,0.30258773269885036,0.94808274562312056,0.097876306999678198,0.29230101826732391,-0.19004827534934021,0.9372522433990903,10.596956956895104,25.374454742319106,-0.060083495300550634,,0.3477565971704867,0.3181818181818182,1,5
0.89534829465374377,0.33782993933064209,-0.29021089461370586,-0.3316326976244014,0.94066672362273318,0.071873979542214667,0.29727291354409513,0.031891176847634171,0.9542598009516472,5.5027568078380291,4.3056519666647342,-0.29515109399018641,0.3108125384473027,0.2387443090360616,0.7767857142857143,1,5
0.93299523037954268,0.1987891991856299,-0.30000459059181256,-0.18927259419487893,0.98004226806836592,0.060770370133435052,0.30609767260756116,8.4181648790600412e-05,0.95200010910592092,3.299551979107652,19.928139455529337,-2.0637304519036941,,0.07367751565967866,0.1764705882352941,0,1
-0.7420262473831275,0.61294046430288707,-0.2714793462027586,-0.63234362310907888,-0.77442673300931719,-0.020119083324072931,-0.22257266343331317,0.15673934547738591,0.96223395651552623,-0.54307094992172145,-9.9070006036301823,-1.5147319188061574,,0.06840850382688994,0.3333333333333333,0,5
-0.95148982414613437,0.0021042897083263633,-0.30767301882222686,0.012168925183295277,-0.99893682821360319,-0.04446493560582189,-0.30743947665555615,-0.046051983707218927,0.95045262006603359,-8.2331269829628564,5.4468390601574166,-4.7649716859392308,,0.1553376914169246,0.2831050228310502,0,5
0.38369919906997707,-0.84115666366618702,-0.38109105447783381,0.91795088867294117,0.39242089568292909,0.058068981530289478,0.10070298216843167,-0.37210389382721704,0.92271209029740553,14.468421104123339,12.016527684044688,1.8624278314136111,,0.1321717782524104,0.4285714285714285,1,5
0.55267235277931159,0.79901883196044143,-0.23690119595720283,-0.80942339590505796,0.58232197589889356,0.07572900730059054,0.19846167548145077,0.14990004188718953,0.96857779285265189,-13.688903685343732,12.052364380322114,-6.7373475463974302,0.4509834389027961,0.2657051174828826,0.2068965517241379,1,5
0.79655679155387293,0.56551019491139987,-0.213765051588588,-0.54009881140144667,0.82452453230945266,0.16867889477532219,0.27164416384701823,-0.018908068942918747,0.96221200012092201,-11.525655234715456,20.531875581937747,-6.5955903684385344,,0.4676615659139702,0.5714285714285714,0,1
-0.69881041860968762,0.6591284222591629,-0.27787357163411758,-0.68035617099478751,-0.73240911220286642,-0.026312980665845673,-0.22086076933639828,0.1706652141836657,0.96025720785411373,-15.964256166003988,7.4396455865140609,-7.2800301095396636,,0.07832163376588494,0.2363636363636364,0,4
0.85900247452896228,0.47994397420670792,-0.17823728671574529,-0.42288110272855967,0.86138092335490002,0.28141513433953319,0.28859369658431078,-0.16636311641385854,0.94288758173436127,10.378936889457389,18.335613472320297,0.26637068212294035,,0.6065709598664776,0.3513513513513514,0,1
-0.4403551526722479,-0.8154069488098209,-0.37576435082064491,0.88518684555816385,-0.46427605637693459,-0.029866233874896734,-0.1501052562896778,-0.34577341035386289,0.92623385855110596,-17.877127859265009,18.60703761736977,-8.5314797655896921,,0.122605461051164,0.5,0,2
0.020182401242550035,0.97255196013856848,-0.23180887711801085,-0.99927273964057151,0.027124726325766495,0.026800019271977702,0.032352163626422598,0.23109940296846418,0.97239210376077612,0.055263202704430067,16.000999734214869,-2.8325588379244682,0.4686685425631309,0.4811521981880411,0.8970588235294118,1,5
0.95208153459803591,0.0093741217810550583,-0.30570063349342874,0.010916409283078542,0.99785173251289616,0.064596841481425402,0.30564944542042599,-0.064838613201132184,0.94993387704215526,-9.0014864062400672,10.796428348497423,-5.2181625655322819,0.1019916577672214,0.2063743520077595,0.25,1,5
-0.3018209545507225,0.94349784028244843,-0.13680620152772735,-0.95002030711390661,-0.30965842059555071,-0.039662055235022198,-0.079784255748159269,0.11799783021998059,0.98980350807525819,-24.743268174674792,9.5330680879016256,-10.187436066554895,,0.2310289467011352,0.2758620689655172,0,5
-0.11045011376412545,0.97905975192223071,-0.17100518862149525,-0.99378816748782739,-0.11115277095181307,0.0054899609215938163,-0.013632700784458242,0.17054929983941652,0.98525483292070559,-15.119478691795328,18.148335310610118,-7.6487702312809089,0.5263395304566733,0.4616975830423001,0.5,1,5
0.81998117680485927,-0.46728611900637052,-0.33056701691137313,0.51540690364444841,0.85397305123373601,0.071314454651121115,0.24897106932606086,-0.22885303308129562,0.94108431922337898,10.086219384711834,-9.0456487141349715,1.7079116252848605,,0.07511862229343308,0.2380952380952381,0,5
0.93956385281808208,-0.12829911632178323,-0.31742574443276061,0.16669243168583647,0.98124635600533028,0.096794741824773822,0.29905417518621169,-0.14385730978059968,0.94333009849489291,20.425459799198553,-2.9157906709337658,4.4562940576481935,0.3017560587701321,0.3105832708139122,0.5757575757575758,1,5
-0.16240650773230683,-0.92907404204619148,-0.33233349310917698,0.98312071641610033,-0.18111644522978057,0.025893825920881283,-0.084248342415083513,-0.3225186159949206,0.94280642718271246,-12.256432766668041,9.5282392748353306,-6.1320064953502902,,0.1104830585317035,0.3333333333333333,1,5
0.82284962025232056,-0.43483482866959661,-0.3658376336935496,0.50854775871405922,0.85075849121480895,0.13262415591742804,0.25356987115491519,-0.29517564500104959,0.92118057895327732,12.278939309940895,5.8501755702595535,1.661299193250195,0.2465490473677701,0.1660418351787903,0.3478260869565217,1,5
-0.92965711007291252,0.075256090891456837,-0.36065797991257276,-0.027207373720817298,-0.99026629573887193,-0.13650063127630219,-0.36741994571075837,-0.1170862259505789,0.92265562328885931,-19.052864495260565,7.1039631334302467,-8.229191723997209,0.4543483612631492,0.2089150692362329,0.3170731707317073,1,5
-0.74623865526139643,0.64697558600698934,-0.15668586568218598,-0.63116269263064317,-0.76247542170617499,-0.14235479171853324,-0.21156919630442267,-0.0073363754609226143,0.97733548629434164,-22.159058770795092,6.3298134995540538,-9.2018106171866414,,0.6285215276340245,0.4954128440366973,0,5
0.56357221956164361,0.78831435060961508,-0.24687413384416179,-0.80296610057558926,0.59295780818847488,0.060386083121474129,0.19398916120442533,0.16419964169041948,0.96716424820396585,8.4796456603154695,13.879504262998932,-0.10087115329062328,0.6741541748866489,0.3094470478783532,0.4285714285714285,1,5
0.27075212509601165,0.9626348816897784,0.0052317597519576124,-0.95598312119018436,0.268234830559957,0.118938419671469,0.11309093135821685,-0.037204303898605226,0.99288784916321404,-11.638463774603517,8.5178903909447374,-5.9956659802705596,,0.4919030105911139,0.2666666666666667,0,2
0.29377721132903023,-0.83394172963767776,-0.4671575127006472,0.95475992132586907,0.27959211591196886,0.10130025345322298,0.0461350488626305,-0.47578297603927067,0.87835193230143016,-7.7222646833282784,-13.898538438882866,-3.5655290672401572,,0.4405978645651951,0.5,0,3
0.78457485907461155,-0.50382824323687425,-0.36138537854332092,0.57164406400624668,0.8135094068193548,0.1068901730882873,0.24013611680560773,-0.29044714895014345,0.92626945273622041,21.679554097149307,1.1124166732689118,4.6567570423049709,,0.08774157874825705,0.3157894736842105,0,5
-0.062375421113993808,-0.93023111715427365,-0.36163431186595696,0.9969596664971172,-0.075026756485699925,0.021033525362906452,-0.04669828924927006,-0.35922284794977577,0.93208272985397789,-1.1324125318562426,8.7192160939772076,-2.6359021846791584,0.2296044197290718,0.1559702432538074,0.697841726618705,1,5
-0.45430450990379173,0.84768686332707144,-0.27392406616393844,-0.88142416951272196,-0.47232552223940988,0.00018558037670562147,-0.12922401355740029,0.2415276025301844,0.96175130441093593,-8.8663645472281001,15.089753993668044,-5.4347931731723058,,0.09097386035498128,0.3888888888888889,0,5
0.1561456582800905,-0.87864894642132796,-0.45121454138022654,0.98745515087894764,0.14971658313896707,0.050172400140198331,0.023470372875449029,-0.45338832548476993,0.89100402238778031,-26.195356415606216,10.583358964599467,-10.687877813388093,,0.4480886211263621,0.1176470588235294,0,1
0.27368890911626192,0.92405010781043173,-0.26688158288327324,-0.95530922251719685,0.29338916364652357,0.036153672405213159,0.11170796927856406,0.24505957828724889,0.96305095020426423,7.6434111019541326,4.5286976749657644,0.3318938106857563,0.3439874716654808,0.2815772119871917,0.7610619469026548,1,5
0.73554640073674193,-0.55408084469169905,-0.38982805172147345,0.64160396452741553,0.75447668088334607,0.13823635811881838,0.21752205650445924,-0.35179447913374745,0.91045307368644113,1.1515610588319392,13.365871676733182,-2.2126705974902108,0.1216690125530179,0.131032929773449,0.3181818181818182,1,5
0.45479864522048075,0.88142172215998615,-0.12749094089440188,-0.88277703766349735,0.46508905014221974,0.066308952727878248,0.11774079191034677,0.082388853265064232,0.98962072673221235,3.4706185273985066,-6.2228529406368498,-0.45450811790480233,,0.2240662876336818,0.28,0,2
-0.017616652368228309,0.96815153282554811,-0.24974439542635996,-0.99908990129591324,-0.0073407388420892424,0.042017647266046801,0.038846141222246042,0.25025731366094628,0.96739973861447115,8.6789927291577058,-6.9610836568180856,1.1777241672211956,0.3387385659295324,0.425603675221115,0.6037735849056604,1,5
-0.83636910811619924,0.48092145114217205,-0.26306134801642872,-0.48421052705461121,-0.87311148448040854,-0.056714205962110423,-0.25695696230771559,0.079943064112682691,0.96311070289030964,12.612847589224366,2.0213801461484837,1.9056738793589743,,0.07667874117820594,0.2954545454545455,0,5
0.91447071724304663,-0.20223489684573195,-0.35049158877608572,0.28903332943433896,0.93263615486846163,0.21598503908435993,0.28320141557041956,-0.29881574444792514,0.91132107903249082,2.1785259848509178,3.9489144077071261,-1.3889116695768629,,0.08309466870793326,0.2264150943396226,0,5
0.79574387808220459,0.56396505410838405,-0.2207602732359733,-0.54140940086383127,0.82577519973734559,0.15802272037594745,0.27141765077268193,-0.0062239250698323013,0.96244154191606046,17.031614203977163,12.92043219845095,2.5432720792445851,,0.09817381625072663,0.2,0,1
0.94202898388080714,-0.078811107824321269,-0.32614445083735399,0.14095689536950953,0.9750441652047479,0.17152267939828617,0.3044873514224935,-0.20755164461810779,0.92962883326628565,-11.247591231623053,-8.8573850811307899,-4.8767591824688328,,0.5392259069921287,0.5590551181102362,1,3
0.80388892772340148,-0.41827072374621616,-0.42286190835843457,0.53976503604017001,0.8116657778161912,0.22327644522114709,0.24983253941845604,-0.40773553533982609,0.87825704407586258,25.167320165969727,16.458374903304328,4.714492749565629,,0.2847366204871076,0.4666666666666667,0,4
0.49949358171680036,0.82071008736137685,-0.27738261359898558,-0.84601360274911674,0.53102155683309371,0.047718865682432367,0.18645950173478051,0.21083419713566268,0.9595737572125338,15.027539521900495,-15.740305429697846,3.5709644065510378,0.1393761715983979,0.2281324033430566,0.3846153846153846,1,4
-0.33579297824811954,-0.87605461247437733,-0.34608003658348374,0.93081032238670058,-0.36492126439021549,0.020606177088712752,-0.14434410101428763,-0.31521546084894675,0.93797867446129168,-10.445887125425259,14.774055672905179,-5.8767073197304294,0.5673572703968531,0.4494996648769018,0.7215189873417721,1,4
0.46882164620373196,-0.78607447831226096,-0.40285627535999902,0.8741484788659738,0.4783594351055529,0.083884967317165895,0.1267702683878538,-0.3914832887769345,0.91141106733529875,-5.1125711067391189,22.118010739286856,-4.6769607667747195,,0.08897572100377532,0.1578947368421053,0,2
0.88331693876462136,-0.34240328887166283,-0.32017366141106673,0.3848279311273004,0.91967268098565991,0.078164079172800716,0.26769133179051835,-0.19225542285854721,0.94412880650136999,0.79899736375885022,17.016688046638333,-2.6080608004919079,0.1096277972948539,0.1168390086037935,0.4137931034482759,1,4
0.88418212528484119,0.43446791435318438,-0.17163799324268453,-0.36216096584313212,0.86960760750593502,0.33559207944672054,0.29506169549155536,-0.23456393662581285,0.92623882205846375,-4.0380145562249101,25.625883676522584,-4.5730080900883108,,0.5058508607544435,0.2307692307692308,0,1
-0.9477697885030858,0.22592812625751066,-0.22514197690920498,-0.16864156613945908,-0.95409690427296379,-0.24750579675388665,-0.27072578408944548,-0.19661022105301684,0.94236509422125647,-14.693786493198616,23.324713225033157,-7.7784998429167924,,0.5919263715558769,0.1481481481481481,0,2
-0.20221839445855225,0.97229711434564803,-0.11724351742306166,-0.97853639538536352,-0.20544940055941807,-0.016033300221580161,-0.039676741912925549,0.11148482069278394,0.9929737614389782,12.996396068176653,7.4696548309683326,1.7115133011708044,0.4990217237215132,0.3639983533802967,0.2352941176470588,1,6
-0.80475523484407185,-0.43408471899547363,-0.40489439206499839,0.5213680080300952,-0.84298257822328004,-0.13249820004348362,-0.28380347459781807,-0.3177276027458949,0.90471252796651003,-13.027789036957596,19.209851477702031,-6.9781752256521896,,0.2881200134628157,0.5416666666666666,0,2
-0.18755910461008984,0.97400134236252711,-0.1270549776823342,-0.98158187634584482,-0.190638186679116,-0.012413774972609147,-0.036312564041023322,0.12238654687381115,0.99181799279760607,-0.62369083447695062,-8.8501358820599538,-1.5526054981230559,,0.08346766791192572,0.2307692307692308,0,4
0.80226807377599152,0.56993253521642429,-0.17760304924617748,-0.53077870806173155,0.81717755929983105,0.22471047960673887,0.2732030396391662,-0.086010126604667517,0.95810352115696218,-8.5077215575197496,14.029184791929616,-5.1775323716334434,,0.2033280685210814,0.1666666666666667,0,4
-0.1074086995070615,0.97204809440233664,-0.20877230045910805,-0.99183674000690103,-0.11927826291846601,-0.045084112142044178,-0.06872592263974972,0.20222561203749537,0.97692453618146757,29.206225759598535,3.7497116485721356,6.5959659837458604,0.4992244381862022,0.2903032132907309,0.3461538461538461,1,4
-0.9336881384189708,0.22631360294034417,-0.27750425816530844,-0.18924281958837999,-0.96975624979988351,-0.15414269755102394,-0.3039960779516041,-0.091405520064309242,0.94827813192745081,-6.0600306573078502,34.868223566584625,-5.7242726318550519,,0.1662335639281362,0.3636363636363636,0,3
-0.14402745410149528,0.98515033802485008,-0.093460708078668478,-0.98678001557917205,-0.15007061555949161,-0.061188325677084744,-0.074305405715946335,0.083412360205905159,0.99374095459846556,20.922490144105993,-9.5698313157038672,4.8747737266962652,,0.4327778088677225,0.25,0,3
0.72901603272293025,-0.59157199821211182,-0.34435184762717441,0.65738477268451945,0.74527576627561876,0.11139700554688049,0.19073773794255369,-0.30758186411688532,0.93220840598598953,28.851854039540047,-12.070385513844297,7.2027723069169509,,0.2984779570336024,0.2962962962962963,0,5
-0.58146902060361294,0.7926114347775125,-0.18346904790238522,-0.78985059596188101,-0.60403087454712967,-0.10622023654883546,-0.19501234355018623,0.083149359911922321,0.97726985516248344,-7.4047468427203604,16.782465739696331,-5.1215971190356901,0.6726165284985139,0.3411160829490777,0.1176470588235294,1,3
0.66547582342313838,-0.65810440994347907,-0.35219385862368618,0.71996859933914947,0.69044301380527462,0.070240021733424737,0.19694452113455416,-0.30031155538945575,0.93328764338474257,12.056287399103821,4.1615738558956474,1.6600576317848896,,0.07384810874876785,0.2702702702702703,0,4
-0.055885981225410594,-0.92554300445487481,-0.37449553269313668,0.99738358087572299,-0.068977752373089965,0.021634746984337306,-0.045855748843440201,-0.37230661635565881,0.92697628541177202,5.5500719698172505,-15.524251338407398,0.65855062777556828,,0.07626697652709391,0.2592592592592592,0,3
0.43036306362046062,0.85946736417952052,-0.2758685980344967,-0.88781728518203074,0.45822289616047568,0.042570477637845244,0.16299724415835923,0.22660014859795033,0.9602521913810802,-8.0637235339343309,-18.397158631477055,-3.4695978749684646,,0.07407734140340255,0.4,0,1
-0.16508218677044023,0.98569967093430355,-0.033823517426427377,-0.98627564328570494,-0.16488465199081698,0.0085677884682374434,0.0028682873738145073,0.034773700664058126,0.99939109595276476,-5.0135373648549981,-17.241940469144559,-2.6009195528290685,,0.3422026903133871,0.1724137931034483,0,2
-0.54376547462317204,-0.69971601068817302,-0.46337523994541158,0.82533537191219486,-0.54593665288762705,-0.14413429468525493,-0.1521204538462787,-0.46081522915425194,0.87436187708586577,9.2232950138864194,-20.182048397325701,1.919380916357402,,0.6358886561499421,0.28125,0,3
-0.95175776671890699,-0.0006866442227644315,-0.30684960813067652,0.018306578805722451,-0.99834333982501566,-0.05454763972402981,-0.30630380778349497,-0.057533506296279464,0.95019359763712752,19.984895756593797,16.881466689334811,3.1493560098813433,,0.8607550919100749,0.5,0,2
