axis_00,axis_01,axis_02,axis_10,axis_11,axis_12,axis_20,axis_21,axis_22,location_x,location_y,location_z,dbh,dbh_approximation,score,reconstructed,number_clusters
0.48704279646735466,-0.79568619345151625,-0.36010109130616796,0.86771433891295047,0.48771967583938658,0.095923635481480293,0.099303275142963832,-0.35918379605677914,0.927968674145912,-20.132534026196474,4.2548987236273232,-12.798365009093287,,0.1989406365617139,0.3333333333333333,0,3
0.89799039462870889,-0.34903542502080948,-0.26793193769149304,0.38802979519284025,0.9152767090071473,0.10817312046737151,0.20747561109002158,-0.20110399804476467,0.95734583760166503,2.2230095588019236,11.182957635917015,-8.2764878657797976,,0.2305927747301531,0.5,0,5
-0.22160774010061693,0.96140486223759025,-0.16306655203755416,-0.97491405300745815,-0.22200433175905271,0.016020796758820989,-0.02079900901649932,0.16252620572121709,0.98648498907879767,-9.5208998492161516,0.0054029498385435868,-10.149919894587951,,0.08550895098019416,0.3287037037037037,0,4
0.74279988139377717,-0.57765615409632176,-0.33846964980044708,0.65056432715514012,0.74217385584045414,0.16107148704874383,0.15815938933421311,-0.33984016146058971,0.92708913930855097,2.6864242004066079,-7.3488707252853844,-6.9026190607060256,,0.3591445393144263,0.5600000000000001,1,3
0.9384031832127625,0.2728149785000647,-0.2120647383280948,-0.25287538017569738,0.96044775309984765,0.11659397783097895,0.23548568499412131,-0.055786208613452126,0.97027542022427127,-1.8654706267678836,9.8396100514232128,-9.1281160122387739,,0.2102402880649763,0.145631067961165,1,4
-0.53108624221711065,-0.80384094598387468,-0.26793121670954212,0.8369633947675662,-0.54696196782603679,-0.018024471449085831,-0.13205937735298309,-0.23382116951126766,0.96326942313224273,7.0321108812269255,-7.3478015814614714,-5.8641514802196824,,0.5656701960938798,0.8793103448275862,1,3
0.50783991143866769,0.84007933700150728,-0.19069696351298965,-0.85004071221077726,0.52459168710854231,0.047268905221184453,0.13974767237475497,0.13809514603968509,0.98051023386098202,-2.5984200776806903,-1.5719037797790045,-8.4931706463638896,,0.3569858028392968,0.9287571502860115,1,5
0.37531558959617467,-0.88586318164836508,-0.27273546085155942,0.92463309968781371,0.37837742612776426,0.043406846909625957,0.064744414182097865,-0.26847150090235866,0.9611093663238609,-3.7564233833920739,-2.7282193478766961,-8.7061832854974792,,0.07718122545914896,0.163265306122449,0,5
0.70308380038530027,-0.65304873914095762,-0.2814258586949111,0.70009909275577509,0.70505069548734067,0.112981313124596,0.124637193318462,-0.27646131935448476,0.95290855224542614,-3.8365579804160324,6.6910576325322744,-9.2797806655822868,0.2598033572488203,0.1459252227347474,0.2700729927007299,1,6
0.74210692904758768,-0.61045031516711723,-0.27681712116833673,0.65539811296325512,0.74740339283417723,0.10881857334189482,0.14046572316320868,-0.26218043613574193,0.95474122123427219,-5.2705970407181564,7.7543999166416109,-9.7372268997675953,,0.08282123535510744,0.1578947368421053,0,5
-0.79568774528486785,-0.55593130409975411,-0.24046080164016262,0.57192004402918062,-0.82029964556395207,0.0039943366552107505,-0.19947048714319393,-0.13434610753424059,0.97065063135468843,9.8182122707724364,-15.108850330839495,-4.8073254778620811,,0.1202367496938303,0.625,1,5
-0.35919357490516352,-0.89317741344032819,-0.27058101165250587,0.92849502532198203,-0.37127904082695806,-0.0069901212397847391,-0.094217640063745098,-0.2537439299030797,0.96267183107129506,4.7873696072916436,-9.3552055744531692,-6.2993100006321656,,0.1020326911318883,0.2380952380952381,0,6
-0.62799239031576948,0.77227572428128044,-0.095998767655156442,-0.77045258355855295,-0.63436091532590277,-0.063158891652983773,-0.10967394491599472,0.034299195219500457,0.99337565453047905,-9.2766790474257448,-12.27115211185477,-9.375182983436023,,0.2485739713384613,0.3414634146341464,0,3
0.80591935553313232,-0.46541646823901345,-0.36589821462940153,0.56803379126601761,0.78205286420510833,0.25638043913009667,0.16682806825296198,-0.41446450834843501,0.89464382128446807,-4.0280384745752578,7.8505846103697721,-9.4458658224838281,,0.1476123311011267,0.6,0,1
0.5275701552458254,0.84681687588196164,-0.067608505496042054,-0.83524081304666553,0.53158860616349957,0.14066391867956771,0.15505649136698416,-0.017740702315881696,0.98774629939387715,-11.534094429220104,10.82231769097241,-11.359729496082004,,0.7118577816830651,0.6041666666666666,0,4
-0.1588624335440556,0.97567446727871621,-0.15106972267417784,-0.98729342372884854,-0.15757911349500694,0.020506546561917881,-0.0037977190824080962,0.15240786361116748,0.98831038668995619,6.6180646288963567,-4.8033663338406845,-6.1242041691441589,,0.2412113023014763,0.84251968503937,0,5
-0.47431989184194878,0.86398707904082317,-0.16895847848968182,-0.87641370735909618,-0.48155432457808051,-0.0021085618875662537,-0.083184456217054087,0.14707739367644163,0.98562091420242215,-0.013614378454109607,-5.3452254253870066,-7.627147824555732,,0.2446205473273778,0.8373205741626795,1,5
-0.94935411886185428,-0.18478360607618016,-0.25412944718295588,0.22395186849720197,-0.96523669658471267,-0.13477269813594994,-0.22039128294159818,-0.18485978062227354,0.95773406742771838,-7.4133368190102029,-18.077374925107026,-8.6672563128525706,,0.2909614679038765,0.3076923076923077,0,3
0.81045703403453317,0.57974614830734195,-0.083986900804525685,-0.54943452950908067,0.80202144751611948,0.23427184104643237,0.20317749325917733,-0.14372195812384075,0.96853647581594315,3.4906566280635296,-4.4246484536895192,-6.8549298524413143,,0.2698392544056104,0.1944444444444444,0,2
-0.61338332058149836,-0.69142432550098853,-0.38169792262719587,0.76609578485920338,-0.63836583887555187,-0.074741582654329314,-0.19198476620131932,-0.33826240976823829,0.92126021931070534,11.848412333783994,0.34725943598431308,-5.1752054694891045,,0.3389623952495544,0.1568627450980392,1,5
-0.56577223971810442,0.79829519866331811,-0.20646197847413189,-0.8177942804775431,-0.57526775854568346,0.016718875441947143,-0.10542432158936457,0.1783025007365811,0.97831177578955075,-9.6179966012163902,3.3191846009181249,-10.43241151967441,,0.1141272113499812,0.2330508474576271,1,4
-0.83906784409059865,-0.48500808544048224,-0.24643926243703906,0.50633706051708882,-0.86189053159532403,-0.027703658481211306,-0.19896716854814991,-0.14802658073362204,0.96876219849674372,21.413666025287515,-5.5980337886285811,-2.5772760644042494,,0.6409635137641888,0.3571428571428572,0,3
0.63415012282615868,0.77320751991340786,0.0019372322845864216,-0.7553960574913382,0.61900336664975031,0.21496890101318816,0.1650164175047765,-0.13778593261153904,0.97661897315598889,10.565530174823373,-8.6860706609375367,-4.9373232290068421,,0.1423408999402748,0.2272727272727273,0,5
-0.80157475751213936,0.56644645598200927,-0.19135391457917941,-0.57491061393342757,-0.81810521581185669,-0.013477457034797018,-0.1641818933562538,0.099208207154732941,0.98142856975283699,0.9055828694925836,-2.0684465921834025,-7.6127777559168948,,0.08239781571822011,0.4202898550724637,0,5
0.88990475458046669,0.41804968839353956,-0.18249379663194837,-0.40264681947016068,0.90792547344441399,0.11639103677388669,0.2143480033628547,-0.030096390228743372,0.97629357303505615,12.298094148748321,8.7126908210861469,-5.674464080134614,,0.2201054721135462,0.5454545454545454,1,5
-0.84207710572429129,0.50691614271429397,-0.18423401496646039,-0.50958358339031462,-0.85965987620299755,-0.036186582951881152,-0.17672215354642701,0.063410736490821643,0.98221604494306891,-21.965404024136632,13.056078739500515,-13.754042880832104,,0.1521589806452445,0.1904761904761905,0,1
-0.95711801496467885,0.21296535908762959,-0.19639465689969512,-0.19955111001572465,-0.97610912407221051,-0.08596704248998091,-0.21001061859240405,-0.043089833274903247,0.97674910102173984,-6.1271900463891669,-3.9961425640429882,-9.1076507715297144,,0.2573273515515149,0.2958579881656805,1,3
0.97347959861328848,0.095060446367518744,-0.20808888153891494,-0.052321035983930481,0.97798654829112353,0.20200203106696965,0.22271053023437559,-0.18575743026328939,0.9570236135146829,-26.342680514255299,7.3341161404769162,-14.361361356294681,,0.1036017773978986,0.3529411764705883,0,1
-0.68817188201938106,0.7029328099737765,-0.17973571003079267,-0.70556634345599034,-0.70609737167309272,-0.06002196846567158,-0.16910232340227177,0.085510036713363366,0.98188208958165279,-18.910058162690103,4.3373797098748019,-12.490457596028758,,0.2340236011150144,0.8562091503267973,1,5
-0.37049570839751012,0.91978004519884837,-0.12937387105993525,-0.92736732473950045,-0.37412962569015296,-0.0041070897786313681,-0.052180217175964973,0.11845544155905892,0.9915873805674007,-24.634377737455097,1.837909076709952,-13.660833699264968,,0.1409966384203351,0.3478260869565217,0,2
0.72262045778405271,-0.63696716179547885,-0.26850048191051307,0.67614931804428491,0.73207084215409535,0.083032414008278183,0.14367245282312968,-0.24154733875993226,0.95969427915236638,-0.92920228927232285,-14.929351751096977,-7.2995800020343626,,0.1025327274739557,0.2608695652173913,0,2
0.87511232852530396,-0.37893108795261959,-0.30098113403677812,0.45632877318062115,0.85319545780678074,0.25262929668854356,0.16106664220281791,-0.35842536372433603,0.9195590222539215,-7.8507639991818605,9.0164927315518728,-10.328545463414514,,0.5941455546306283,0.2857142857142857,0,4
0.67160615015323155,-0.60825194027504659,-0.42305408191860655,0.72911217963378028,0.6440640568363597,0.23146688791524411,0.13168374457780554,-0.46390846925134988,0.87604127960435518,-11.455998653103341,-11.979842623968354,-9.8495262738086584,,0.7792714696529881,0.7532467532467533,0,1
-0.97244213543172064,-0.072384416015945696,-0.22162307992405392,0.082208449360135424,-0.99598566283295464,-0.035416525591885767,-0.21816980563495741,-0.052659811519119554,0.97448903542316689,16.46050140968039,-8.6178433846533249,-3.5904182155289508,,0.2247182921634671,0.7826086956521739,1,5
0.90597666006880184,-0.34278629269646704,-0.24840259449126265,0.37577990906713743,0.92140024862637171,0.099050703040187732,0.19492498903956051,-0.18308232948778363,0.96357932173602312,-10.27648654323108,-6.6900318213662073,-9.8783650095277835,,0.3187226304633337,0.4728682170542636,1,2
0.76399047181151636,0.62807654955974235,-0.14777823545550856,-0.62078515892417907,0.77795239615077838,0.097035332651274939,0.1759100492885414,0.01760446580814766,0.98424881881712822,8.1168288636572381,7.2313772450389537,-6.5566778901275296,,0.3475830727132092,0.2545454545454545,0,5
0.97076422469654111,-0.078851379087498522,-0.22671409322166716,0.10884219410979171,0.9864236021762024,0.12297094718303252,0.21393970372675022,-0.14405185554419397,0.96616710049741672,-24.701727398894608,5.5257791578675493,-13.872564460344599,,0.2485340138041504,0.3392857142857143,0,2
-0.23493745929271809,0.95830503495886465,-0.16265254438086943,-0.9716896563938392,-0.23584741459979683,0.013971710124897931,-0.024972021910631352,0.16133027303974856,0.98658448250649822,11.628644223086342,-2.7740257782070188,-5.0789542232990472,,0.3344473433544629,0.7213114754098361,1,4
0.56411242243819903,-0.72851837452135548,-0.38863627318569727,0.8190360612314721,0.55337311109506571,0.15151940575188436,0.10467619239035668,-0.40378110146678381,0.90884746621472612,-25.723720722944766,5.3513954687308081,-14.078030996428904,,0.2848139842586954,0.2758620689655172,0,1
0.68307994234972791,-0.66254005175458297,-0.30731493972881641,0.71516275588011946,0.69213077644810261,0.097453685898989617,0.14813515774941619,-0.28634885736524351,0.9466046201684073,1.8129988095043015,8.3240241999237785,-8.0614902281584531,,0.2189798073305024,0.7173913043478261,1,6
-0.97401530056650076,-0.023387186156949093,-0.22527146687054869,0.054421023019940583,-0.98968039123092211,-0.13255593335068791,-0.21984664317612768,-0.14137101094874133,0.96523659832577813,-12.772726000021239,5.0119117115860004,-11.217491187316783,,0.1877679950307232,0.2702702702702703,1,4
-0.96414872428450804,-0.11152495051308625,-0.24078916685268009,0.14351139116052947,-0.98239178497746227,-0.1196280126724697,-0.22320779123436441,-0.14989518411826569,0.96317688703084392,6.7496887318657643,-13.502662128919452,-5.5961300578494138,,0.4766879282394714,0.7272727272727273,0,1
-0.082050416345131952,-0.95674226233959669,-0.27912716211594402,0.99522282166480169,-0.093523795588558542,0.028014904894712971,-0.05290807514114225,-0.27549508727383787,0.95984540029779808,-0.41848708974220561,8.9333357734401559,-8.6918634202387697,,0.2175193930012738,0.6666666666666666,1,5
0.84255828960634138,0.50355640453070705,-0.19111901023117109,-0.50133644261815735,0.86292329630675202,0.063444117095755856,0.19686873778893002,0.04235955792021414,0.97951435310269808,0.96306374020163998,-12.769262795307954,-6.9893868265442265,,0.1694695879149813,0.4385964912280702,0,4
-0.20927610642866906,0.96233425424963226,-0.1735404689859405,-0.97768909458023046,-0.20920344307374769,0.018919665562024228,-0.018098221375208692,0.1736280579396457,0.98464498773881004,-6.9567061458636834,-5.0064873879387406,-9.271723265611719,,0.08346018249723845,0.1637931034482759,0,3
0.32625391526191283,-0.91248083093941201,-0.24685444282895236,0.94417908780151449,0.32717758976924805,0.038479538862704617,0.045653400033001161,-0.24562890286142164,0.96828828824091506,10.663359266560256,-1.5610595196937416,-5.3161484547073812,,0.09723667246012468,0.4,0,5
0.90101716336790239,-0.36073375898329429,-0.2409133172870318,0.38919673501430235,0.91752085341698786,0.081739739412178825,0.19155670902024469,-0.16741158464917025,0.96709843788240524,-1.2967937086491423,-8.1687693290277377,-7.7492620201229494,,0.1030329674002581,0.1686746987951807,0,2
0.034499931280316781,0.99517425729796094,-0.09185832761978581,-0.99925133248865583,0.035958792431435418,0.014273743955895063,0.017507977076147752,0.09129711308865926,0.99566977853120409,-8.3385045072389357,-16.013454041768437,-8.9354016497205784,,0.1894020095304611,0.3846153846153846,0,3
0.8704968712913087,0.48779510199780052,-0.065506759490897321,-0.44818032371281985,0.84063724828657271,0.30407797393078645,0.20339516835145069,-0.23534008426134148,0.95039226124329867,-14.009870474884812,17.483948132328962,-12.465973212512512,,0.5953192787537497,0.2307692307692308,0,2
0.67647979067882591,0.72296030111179921,-0.14036914126496905,-0.71818871027969777,0.68979582702688225,0.091578891907912657,0.16303395115715222,0.038860262899693326,0.98585486291717972,-10.695527927521553,9.3787387492737011,-11.036714715133449,,0.2593735556682848,0.1842105263157895,1,5
-0.24826133078447776,-0.9164740738515057,-0.31375401765578004,0.96508710585502744,-0.26192515368933289,0.0014463668918911542,-0.083505627052831224,-0.30244087988042051,0.9495031987453596,13.412414482631737,1.2329787509286148,-4.915025622115504,,0.1518732309946926,0.375,1,3
0.72750350386511831,0.68182804944769093,-0.076479819889501449,-0.65813931443158302,0.72500234187324875,0.20303755090581008,0.19388474582467774,-0.097376153470241755,0.97617958904693258,-18.461571418875494,9.7589890295865036,-12.761956882687224,,0.2873992326837097,0.2666666666666667,0,4
-0.8806302168967246,0.45687647384831981,-0.12551616920681391,-0.43731791972284795,-0.88571820217742447,-0.15574435277361667,-0.1823278864510553,-0.082262713154365216,0.9797904816065397,2.0346080439477805,-16.101785442811053,-6.6090099509141718,,0.8212800446320482,0.5106382978723404,0,2
0.80085844951317597,0.59471256385488169,-0.070304411216532581,-0.57331363985029915,0.79532072340459459,0.19691728538854342,0.17302373884803099,-0.11739639396653008,0.97789614605984732,-15.606632312572808,5.2951631481490695,-11.827316410821817,,0.2792601284500756,0.1153846153846154,0,3
-0.91574769215906404,0.35522887735451164,-0.18766621698857047,-0.34965432986922318,-0.93474702273864696,-0.063165283858621579,-0.19785857047156835,0.0077748424221259042,0.98019974388706033,1.3493534329898791,7.3364844570737064,-8.140121404009399,,0.07535253031004327,0.2291666666666667,0,5
-0.67878155961123943,-0.65557527833463991,-0.33087255668639598,0.713190049068543,-0.69588136698844327,-0.084315342541585667,-0.17497299289130985,-0.29320671464813852,0.93990120451242254,13.816686671804867,7.323661424492224,-5.1685827773155104,,0.2665522556567456,0.1428571428571428,1,5
0.59615672715020607,0.7876669933359346,-0.15549232869400206,-0.78696928581953163,0.61163873570244609,0.081101172402194721,0.15898584795588455,0.074018677355397633,0.98450227808385826,-3.4589797080567219,-12.522461985450594,-8.0492763491430903,,0.1078031145919325,0.2058823529411765,0,4
0.90463387279921348,0.37478763999430348,-0.20290830710395974,-0.36814360282465308,0.92705185797425449,0.071029151239230842,0.21472737106288642,0.010444019053116486,0.97661818464660921,9.7204145806665085,4.6099908912670315,-6.0230170123088627,,0.1106343295203586,0.3928571428571428,1,5
-0.10784251317460121,-0.94590563636813529,-0.30599431275626388,0.99264413266415219,-0.11948505865353042,0.019517854543865867,-0.055023797030185007,-0.30163860470031817,0.95183324900679223,-15.978816838339579,15.677223401249908,-12.727644001890246,,0.8150245059693215,0.9852941176470589,1,5
-0.9072005012884331,-0.34336901209016479,-0.24307400518821234,0.35915439867011767,-0.93300789855309352,-0.022458387151490459,-0.21907845256419206,-0.10767535824767141,0.9697477243326299,-21.532047123240307,3.563751706410903,-13.057743067864831,,0.09213934049221935,0.5294117647058824,1,3
0.57300792527180477,0.81765168098524676,-0.055746265863291337,-0.80167823184724563,0.57334198988286478,0.16908866082452151,0.17021730275731292,-0.05219857487667709,0.98402305797317002,1.2806856772786412,-3.1461047607164194,-7.4500971900185213,,0.2716711861054659,0.4010416666666667,1,5
-0.94473507077093299,-0.20098955609139987,-0.25899583857201391,0.24168387083930479,-0.96077871214883093,-0.13598960569750732,-0.22150519775293959,-0.19106926656010201,0.95625727853157549,-16.887289434822108,-0.53593981478574559,-11.792955392007149,,0.3388610155230674,0.4928571428571429,1,4
0.64427945370477802,0.74396091520184771,-0.17727420056483315,-0.74626858532168805,0.66225804516955744,0.067063254992300758,0.16729370608554947,0.089086689579447542,0.98187391127574852,-11.130339570724649,-17.636412560102809,-9.5017657918932503,,0.3343149108298025,0.8461538461538461,0,2
-0.62744057083499094,0.75721044386563041,-0.18152320449759035,-0.76931172698862738,-0.63884766745452781,-0.0057553892730139956,-0.1203237166481954,0.13603676520971361,0.9833698194083651,-17.357071041035404,8.8586647982375535,-12.467033412970439,,0.1786039893210231,0.5614035087719298,1,5
0.4796006152172016,0.8617551541958719,-0.16541252703508441,-0.86720715346340738,0.49425433519548434,0.060534330114129599,0.13392162956437614,0.11441462475278666,0.98436491748614408,11.62616153506605,7.9360851392885827,-5.7549515465619772,,0.2063408171050291,0.7580645161290323,0,5
0.24205964610561923,0.96266419495414091,-0.1211807554049619,-0.96647723189049506,0.25024747945238535,0.057427861400314612,0.085608924561099559,0.10321747323502403,0.99096784269443805,26.318551594563658,-4.7123212753590122,-1.4355080989693279,,0.4273677555586685,0.5,1,6
-0.084809387602741829,0.9917079638771501,-0.096554037497573436,-0.9944792798381592,-0.07823822901130692,0.06992668656349238,0.061792635054855272,0.10195142914059216,0.99286835801588846,-9.0172720939518971,-10.417170755397658,-9.3671148510617872,,0.3205857903736625,0.3255813953488372,1,4
0.96475033296854074,-0.096654684687294296,-0.24477472697378144,0.15713506210696207,0.95767742513826171,0.24116907272117344,0.21110510958697992,-0.27113063513470603,0.93910745465985956,4.1094802105633033,-13.094178703512572,-6.2129555408574006,,0.2673107014294705,0.2857142857142857,1,5
-0.94508544020257701,0.24261323118913097,-0.21898020634082463,-0.25203714407371675,-0.96758955700875038,0.01573935115483269,-0.20806438600650887,0.070066177429482568,0.97560234832443649,8.563690080580745,-0.65945288267138935,-5.8871719270316438,,0.07621022068009227,0.3108108108108108,0,5
0.72286360191596954,0.66122146835707885,-0.20063494912098254,-0.66600011929049807,0.7440859917815652,0.052724547788362594,0.18415225800981419,0.095510243524730948,0.97824625695769163,-8.1811075799808162,5.5155846936423218,-10.274511132188202,,0.08549038789124909,0.3945578231292517,0,3
-0.91705416154912922,0.35060155727082359,-0.18997424252960926,-0.34535575882893438,-0.93647637815857299,-0.061166927294861208,-0.19935161055059625,0.0095153134618396907,0.97988182664064571,3.6068426433347067,1.2642730157084421,-7.2118650736422527,,0.1064989302582298,0.2216216216216216,0,5
0.97497879764921747,0.036136731260883383,-0.21934101483367052,0.02565001844210054,0.96182047849096153,0.27247650120576972,0.22081308993899279,-0.27128491260885956,0.93682766585023403,-2.2280682708506037,-6.4588867922940141,-8.066389137154454,,0.2242328895061787,0.144578313253012,0,1
-0.83901965690142299,-0.4839317084875191,-0.24870889982742792,0.50758234593332208,-0.86079005671031417,-0.037425130133112328,-0.1959749408211266,-0.15764066667267648,0.96785496991085962,-3.2882159282462449,9.424303602188127,-9.3827572026167001,,0.8894683234418893,0.7685185185185185,1,2
-0.87141080500519075,-0.33824476808068876,-0.35529380206562233,0.44298508352822369,-0.85371711797058081,-0.2737358183641635,-0.21073069233430911,-0.39592620442457049,0.89377570785866389,-17.06313492206786,1.218966820696646,-11.91908935688155,,0.1251599746302745,0.16,0,1
-0.75608808294998819,0.64456881912936226,-0.11341008873636529,-0.64042689984987644,-0.7643759659355035,-0.074717927225279535,-0.13484879224408253,0.016137537183371409,0.99073476931213389,3.192571967088512,-9.2208309393841628,-6.6771917989719087,,0.3142551956488666,0.1538461538461539,1,4
0.96779240740057793,0.13541141448888963,-0.21223007563470153,-0.12441043338158869,0.99013724959473159,0.064422597206145821,0.21886045838295751,-0.035944064754813002,0.97509390520364914,-10.839214200791043,-14.01445193344032,-9.6352293800244002,,0.2544368915597592,0.9,1,5
-0.89164012579880514,0.41902508521854059,-0.17145222081700823,-0.41056422260883224,-0.90796393404292886,-0.083895849664287148,-0.19082689846846762,-0.0044127581943699257,0.98161378473716543,-11.1246314329877,11.616240621889236,-11.352683425341308,,0.3178927849128295,0.1071428571428571,0,1
0.63858758990496245,0.76352405299741288,-0.096108847219056243,-0.74994101852983674,0.64545688586976113,0.14482360722528226,0.17261042478889746,-0.020406591526148408,0.98477876311204171,12.61177589203157,3.6928709720925843,-5.2864468485771106,,0.4618240788235579,0.1951219512195122,0,3
0.079871692893631163,-0.89475073415606488,-0.43936503775504004,0.99678670915821099,0.069011674536954462,0.040665036863993094,-0.0060637546000737539,-0.44120121543892854,0.89738771909100823,-19.065964303673539,8.5465787820028165,-12.827961704250647,,0.2541990947448837,0.4375,0,4
0.81015055023306592,-0.50638158825400514,-0.29535364063172137,0.56164147518957053,0.81483275243180642,0.14354943020190078,0.16797303147810411,-0.28217950429072319,0.94454210496636848,-34.630073467374316,-0.54372661558119584,-15.755020759976727,,0.1398842995722535,0.25,0,1
0.97612874926334203,0.048031172822991165,-0.21181518193658919,-0.027405997929519543,0.99468438196041142,0.099256695298209241,0.21545666882013562,-0.091082307399858647,0.9722563638977364,-0.31646067590170168,4.3247763547735056,-8.3218610645541045,,0.1766066136013867,0.4462809917355372,0,5
-0.91399664250284918,0.34067386315706577,-0.22034395034845181,-0.32783484782256289,-0.94008732143389251,-0.093595622934026193,-0.23902813651676527,-0.013309659683555611,0.97092141953529509,7.6636666372134989,-5.9862417085045099,-5.7823551367586754,,0.3031261807914123,0.3333333333333333,1,3
-0.30278710533263009,0.95090554710437514,0.064020382148306243,-0.95215902609881631,-0.298900891645559,-0.063650970079356384,-0.041390311219416519,-0.080230277698747618,0.99591663540556519,0.66934876037834257,-17.757025490160945,-6.8302710570593685,,0.3724346263141331,0.1052631578947368,0,2
0.95068226836838987,0.23754094664796854,-0.19944303265724345,-0.22641257841819379,0.97096691497771226,0.077204885549354924,0.21199190773224463,-0.028240904451712134,0.9768632874521348,12.209794428033133,2.6965210792094267,-5.3066791774937103,,0.1059721003774702,0.4857142857142857,1,5
-0.83515159617464452,-0.48702552651313108,-0.25559332528755391,0.51118762853035704,-0.85880084778247301,-0.033886756788083984,-0.20300004887795375,-0.15895672484268328,0.9661903227536669,11.882230170584839,-12.147331141637443,-4.4856398220564557,,0.4219191369222141,0.8170731707317073,1,5
0.32024484865135433,-0.91067378330208026,-0.26099137403091777,0.94619091593321436,0.3210145822499903,0.040894847943588906,0.04654017101103472,-0.26004403163529705,0.96447452744648687,18.423924484405177,-1.0231365283858131,-3.5752084514124296,,0.2726217501454153,0.8636363636363636,1,5
0.90468396273252727,0.38502793893045995,-0.18248400975847592,-0.36654929075830212,0.92163755017739091,0.12738070319951114,0.21722924531276944,-0.048349894994489259,0.97492242903467208,4.2013418394294515,9.7132120602284431,-7.6476339334979686,,0.922445993342244,0.6738351254480287,1,5
-0.76395625373539511,0.64007110508623111,-0.081730182994242562,-0.62321595360341486,-0.76473531890899915,-0.16365135864800792,-0.16725046353528644,-0.07408692493850122,0.9831268534631683,-17.428945020780169,5.3088673974487017,-12.251611437870613,,0.3237114882509582,0.1621621621621622,0,3
-0.79088031506329859,0.59503229488542597,-0.14298564714249976,-0.58404510841895585,-0.80367418644785882,-0.11401365431061972,-0.18275568001369094,-0.0066610870550052204,0.98313579496526238,18.93725039384783,1.1069639866846193,-3.550448774451707,,0.4297098881783314,0.8,0,3
0.32512897638373012,-0.88920739536775528,-0.32187164637314708,0.9445124691124166,0.32217570805086881,0.064023502193242987,0.046769053944192181,-0.32482767918577032,0.94461613072610173,-27.90022682637791,11.659121594867313,-14.865369260072338,,0.207251146082808,0.4444444444444444,0,1
-0.64692493296537701,0.73669913625955274,-0.19688197922148712,-0.7522756407664638,-0.65881451126554214,0.0066932843470854028,-0.12477776812055928,0.1524395696017703,0.98040434831883438,-8.8092597901790075,4.2963228559114333,-10.299966134448574,,0.2287387041980751,0.8630849220103987,1,5
0.84283994898361214,-0.43029245928296112,-0.32321698575650887,0.5035730943025255,0.84243102109642465,0.19163536570533099,0.18982876255162776,-0.32428131950307731,0.92671822401928694,20.142466946543969,-0.81541461289492501,-3.1494477459076577,,0.1871024741163568,0.4285714285714285,0,5
-0.962995908762588,0.060605875765412827,-0.26261341841044883,-0.05095286750011669,-0.99775676403416769,-0.043419409456828269,-0.26465578588050875,-0.028431806955793035,0.96392372486270739,1.9602744377974695,-10.030132837130454,-6.9172961077856252,,0.4753501286869411,0.1538461538461539,1,3
-0.9726527618265044,0.097931694798603766,-0.2106086134638028,-0.077979800398883414,-0.99181992549359443,-0.10105635122856566,-0.21878243905995451,-0.081869521482380803,0.97233308377902228,-28.168027772011456,8.212854977388476,-14.835066568194437,,0.2186903077641671,0.391304347826087,0,1
0.58353551651984215,0.79269774807035642,-0.17639892619884703,-0.79599227171854092,0.60134558155774043,0.069136060817347675,0.16088071458157327,0.10006883503453326,0.98188778581391578,15.969790656163299,-7.4816630120975773,-3.776226771076618,,0.1197330514561502,0.2941176470588235,0,2
-0.74373106773961406,-0.5602753547787318,-0.36463080740176002,0.62440087441728154,-0.7770353323267396,-0.079621858448594929,-0.23872085561556541,-0.28689304478052424,0.92774173882106481,-19.789014309086195,0.22477862677397259,-12.446424463953367,,0.2479036574243097,0.16,0,3
0.87316274596374144,0.43843281712354915,-0.21298705108565924,-0.44018629647908131,0.89693543753921445,0.041747398462267812,0.20933906337109431,0.057301708137241079,0.97616272761843659,-0.66044841042919833,-4.1951747886346498,-7.8412170984157568,,0.1816016363193396,0.8037974683544303,1,5
0.62324848589482729,-0.69901487485438862,-0.35062733715742739,0.77177949324714679,0.6221297687256544,0.13157113919299232,0.1261655207772035,-0.35260850187944581,0.9272267822757011,13.45985814786621,12.142065540964978,-5.6367884631490481,,0.2558382903064768,0.4166666666666667,0,5
-0.41959345023475669,0.89233749967365428,-0.16635841787015734,-0.90502642662260757,-0.42535390539514917,0.0011055676402538369,-0.069774663272605508,0.1510226534042611,0.98606473140657935,-7.3102486814148371,1.7045492727738372,-9.8120319559148772,,0.2108382553599042,0.3918191603875135,0,5
0.9044265128430774,-0.32941901204003504,-0.27110108331225702,0.37965269464138024,0.91132840698148465,0.15919913969657776,0.19461889506944366,-0.24690817956308925,0.94929438876820083,2.0668414210331019,3.3159266214895227,-7.7220729162589317,,0.2784299656100914,0.5961538461538461,0,2
0.3575197802172646,-0.83052609234386376,-0.42709017395560739,0.9323146638669183,0.34408411483696438,0.1113350324721696,0.054488295000992039,-0.43798690831221765,0.89732853172903781,-2.7291765348132841,-11.253771670558567,-7.8884017304409966,,0.08393560297413283,0.5333333333333333,0,2
-0.60762767182269484,-0.72355321639511194,-0.32750474115594069,0.77785586971002652,-0.62543543539641921,-0.061406531477933513,-0.16040217702073076,-0.292063793022655,0.9428519939058464,-18.414388930354313,2.6385546792754013,-12.29437932928685,,0.09482194701598397,0.12,0,1
0.81426109288200632,0.54306976198088219,-0.2050709785431071,-0.52926942262707277,0.83963717632132884,0.12199709181431596,0.23843814898334667,0.0092003131019277613,0.97111410418561095,-14.555415356577528,5.2003030397200787,-11.606289466225645,,0.1251133172198716,0.6666666666666666,0,5
-0.88798726682641305,-0.33480681678638097,-0.31525070878195727,0.40731759386872363,-0.89084630233022133,-0.20120945144193722,-0.21347363228077912,-0.30707859101204443,0.92743288019290537,-29.893652117579592,-1.2568321261488409,-14.679486776301383,,0.32969791601795,0.1666666666666667,0,1
0.97570993937057171,0.0057129247764028035,-0.21899195579740582,0.018922952656382178,0.99372549236006669,0.11023414941163594,0.21824764850105058,-0.11170052965067674,0.96947973449655944,9.7857269052527087,-12.279737275519379,-4.9781777851882509,,0.6152361197036507,0.7391304347826086,1,4
-0.94889440951492843,0.23934144978296992,-0.20570627119050236,-0.23635062852816063,-0.97087010533776952,-0.03936519980606857,-0.20913579317194356,0.011265388462642845,0.97782171740922574,-3.5141200437423437,-6.8230101725004877,-8.3748290105644418,,0.06666959398792971,0.25,0,5
0.90070956379685363,-0.34626416586814956,-0.262342160394619,0.38452104580665464,0.91647371728353755,0.11054180593898227,0.20215302871002994,-0.20044214368273316,0.95862250131072602,-5.5239034453358755,-16.480303577248826,-8.2860404709968147,,0.2094957192780889,0.7826086956521739,1,5
0.92922126235971714,-0.27020431593583411,-0.2520664063858179,0.3003259678061746,0.94966338484263402,0.089127821416858988,0.21529551467668126,-0.15852155417759045,0.96359678196910947,-7.4737034506087143,-9.8805120962653206,-9.0877488051349697,,0.4168890807487952,0.9456264775413712,1,4
0.37934748950792446,0.92463937315216671,-0.03372701915089113,-0.92001202101540736,0.38082228022291165,0.092478495191961926,0.098353258162515347,-0.0040522219327047398,0.9951433143553885,16.618149046467721,-3.2669619728246073,-3.8517035685624337,,0.5066799486291518,0.3157894736842105,1,5
0.46360874146180592,0.86785561095225427,-0.17858771900354165,-0.87259724606592615,0.48218118570368373,0.077944533557846279,0.15375623889247722,0.11969938467710536,0.98083182876044595,6.7877251417912863,-6.5694765092880987,-5.9520991989020482,,0.3236000718189974,0.5955056179775281,1,5
-0.022273435021965344,0.9993219878526558,0.029316525826542216,-0.99948367997563414,-0.022937116199714645,0.02250027028294967,0.023157451385834596,-0.028800230809089215,0.99931690626680403,0.8439474371685084,10.982418629389107,-8.6058499883544552,,0.4638228506776101,0.2727272727272727,0,3
-0.95933063944776831,-0.16408860787068086,-0.22969469515815263,0.17192627471231053,-0.98500466224217298,-0.014393450758228817,-0.22388854432570215,-0.053298631579472636,0.97315629556175265,-9.6555743998387467,-7.8811053184182951,-9.6966725128544748,,0.08050061097189194,0.4411764705882353,0,2
0.72998579578284939,0.67959408424727996,-0.072612799225621,-0.65789437320783251,0.72748795780292497,0.19477234134548693,0.18519106797238558,-0.094409490560167938,0.97815699989082372,6.7324518002428499,-10.668060487552868,-5.7924663784548116,,0.4050919232903357,0.3125,0,4
-0.70981950693558771,0.67675386625936951,-0.19534705545954256,-0.69044807238424533,-0.72337656721490395,0.0027930888387920649,-0.13941924872340497,0.13685958683035812,0.98073020070660855,14.397601472451532,0.79811355460874545,-4.644327036816783,,0.09864860578072103,0.3947368421052632,0,4
0.90405355184518543,0.38643475372027025,-0.18263448883838421,-0.32676545767826642,0.90032355208307924,0.28747493322517731,0.27552043674547405,-0.20021409211556829,0.94021423423277417,-16.933658639327852,12.829536699241551,-12.642879911983545,,0.742535236585339,0.3966942148760331,0,3
0.2747164514239665,0.94982001634675539,-0.14957542533475415,-0.95721425333861021,0.28486966961466736,0.050893462635565448,0.090949131510040429,0.12919445762369094,0.98743964250828531,-2.3333675752087011,-16.159979639525005,-7.602621314388986,,0.08551342402142573,0.2352941176470588,0,5
-0.54057010541077322,0.82187118493638844,-0.17975460079631367,-0.83418403803340979,-0.55134989276001056,-0.012259137155621274,-0.10918311145255426,0.14332149568289315,0.98363509344103717,-0.79181696255011846,-8.8452571421664423,-7.5678581150202477,,0.08912761738604996,0.2127659574468085,0,4
-0.7863251847643411,-0.57176525683240276,-0.23404528383349574,0.5860581195128105,-0.81020337410512211,0.010313735588274331,-0.1955213143328203,-0.12905418888224013,0.97217098906185961,-5.7372718467627886,-2.0717843499746844,-9.1935580911302068,,0.2163312578546941,0.8651162790697674,1,3
0.88519914523426979,-0.37759179019255157,-0.27174788546684453,0.42457966373859723,0.89447407769179721,0.14017215656837256,0.19014358368384954,-0.23945889901315542,0.95210548431739961,2.0623182223910899,-12.385910303077342,-6.7812211098409279,,0.2166605679456105,0.4651162790697674,1,5
-0.78030103368104642,0.61050706181343461,-0.13568870370158834,-0.61039739175999508,-0.79068006447778727,-0.047329269696435874,-0.1361812063718259,0.045892952763246356,0.98962038980499245,-12.651582202985342,-0.88872965210136912,-10.873770924601535,,0.1280098981691263,0.3256578947368421,0,5
-0.97334341152601744,-0.03328348505697834,-0.22692468543848468,0.054790112539563632,-0.99451069236184597,-0.08914329108723805,-0.22271202663258952,-0.099200264114688894,0.96982403599456168,-18.987078246263906,3.3923009584287902,-12.465960245570072,,0.07200064172196557,0.2058823529411765,0,3
-0.54748741572160375,0.82571634373220959,-0.13583095862133296,-0.83075101913815919,-0.55581668841960397,-0.03034061758063536,-0.10054985742102904,0.096230600994565943,0.99026733643235709,-2.2019855889149138,-7.5399875326852674,-7.9942628799423474,,0.3640855326969697,0.7226890756302521,1,2
0.37751496907258131,-0.89371856932584282,-0.24238309959296978,0.92410543099452358,0.38035674034068817,0.036849728409199083,0.059258759120939176,-0.23789886279588168,0.96948054676093043,-9.9285707814262807,-4.3162912684736972,-9.9499097020750078,,0.1141976440178113,0.5369318181818182,0,1
0.66993546933178827,-0.67543204015776181,-0.30818505164838755,0.73109822093061161,0.67241052400171342,0.11558321056206851,0.1291582683504654,-0.30274683539231922,0.94427882289959497,-10.380961884876896,12.776043310559384,-11.248034612275619,,0.3454136831345619,0.4912280701754386,0,4
0.68704446960516796,-0.64290653030543998,-0.33858690180745765,0.71424263001990007,0.68316895636942487,0.15211062591208788,0.13351914562042866,-0.3463399635383288,0.92855870434187404,-3.1219891487416285,-10.510160926279887,-8.0293455053138629,,0.1104886407471124,0.2258064516129032,0,2
-0.9714959282233232,-0.037902987949495918,-0.23400646347911841,0.080245305843586689,-0.98143931067081125,-0.17417683646246615,-0.22306131967594214,-0.1879900076453635,0.95650583097539144,-14.487304291570476,-15.911797623098018,-10.381573058617622,,0.3974004306178712,0.1111111111111111,0,1
-0.66627383452370992,0.72123206261588901,-0.18948216085927969,-0.73491633625501673,-0.67815155109458747,0.0029073103564681707,-0.1264007758464146,0.14119060026374003,0.98187985938331046,13.798043408033546,-6.0461642168054954,-4.3666066121735412,,0.08606585182342415,0.1875,0,5
-0.5062887183207514,-0.82818595157833808,-0.24037421515090263,0.8512785963910644,-0.52452225457499513,0.014182939823004007,-0.13782773678613927,-0.19744476205725517,0.97057667440989137,9.885799893730141,-6.7587622859960055,-5.2090376842581296,,0.07329569553988502,0.4761904761904762,0,2
-0.96347754884916426,0.18490519576813053,-0.19370359171052134,-0.16583996985987429,-0.97993749646768535,-0.11054233312863825,-0.21025726446542362,-0.074381258355825861,0.97481244921519239,-15.061241233557446,-1.2725814245036071,-11.35625412640802,,0.1629255993127985,0.4659863945578231,0,4
0.77410572772802633,0.62287248174868581,-0.11309373890226526,-0.60451863856302812,0.78035146277960565,0.16002752940551118,0.18792960897251915,-0.055510954035771484,0.98061256164372756,-15.108294478435193,9.8358472428091481,-12.077128498120633,,0.4260717734567346,0.6724137931034483,0,5
0.39003053753076511,0.92018816371851608,-0.033614329471322174,-0.91434411658600712,0.39135289329346906,0.10400841011852945,0.10886237301297379,-0.0098313917211632542,0.99400821298357922,-22.767235955286058,6.8504365646971186,-13.570608856539641,,0.2214963314868501,0.1818181818181818,0,3
0.34609943873528687,0.92492716732026958,-0.15724157738976496,-0.92966621562587504,0.3606521910818179,0.075171301649954461,0.12623749851364979,0.12016543688093578,0.98469506028426412,5.4143453520062677,-12.703061284572629,-5.9569833967484067,,0.5118344051806394,0.6440677966101694,1,6
0.94698004560884175,0.25795990470277075,-0.19153454201374082,-0.21171856907353562,0.94941763858130845,0.23190816083128146,0.24166927965327031,-0.1790609815577652,0.95369446058758245,-14.646081209482427,8.5648557683798554,-11.918954930289939,,0.5167002093187849,0.5035460992907801,1,5
0.96615083957778458,-0.12975296048875298,-0.22297247459618416,0.16977054012786733,0.97056433394996722,0.17082984917440464,0.19424345262539522,-0.20290155965063869,0.95973977629537943,9.6312627757229592,1.7086901502458303,-5.8612587300705714,,0.4482576238388288,0.2105263157894737,0,5
-0.74469751932005146,0.66451648430465227,-0.061995538597110815,-0.65421690509132036,-0.74520209417720706,-0.1291281531140292,-0.13200699152429837,-0.055602885907926045,0.98968806866982806,23.029312659494035,-2.6685298596656062,-2.3415170613167144,,0.5415229531450768,0.4375,0,5
0.91236483469607321,0.35906955997142159,-0.19662008928880392,-0.34791868179606994,0.9332126314560556,0.089815228932238672,0.21573826565376064,-0.013536454217965652,0.97635739621304329,6.5472137626125884,4.1468289153947042,-6.7427238119738062,,0.08318754990944772,0.4153846153846154,0,5
0.57884841892680028,0.79439572121930768,-0.1840378928764361,-0.79960978261837978,0.59721766344373017,0.062890842034422745,0.15987089618479747,0.110754235039871,0.98090509019670313,-4.382835979836746,-11.869641028159487,-8.2417100434502402,,0.09724353271991312,0.5,0,5
0.95222800392746243,-0.17900774240696599,-0.2474228297766411,0.21489557689077013,0.96842282653210865,0.12640063324344636,0.21698322416514734,-0.17353229442937232,0.96062730713892097,-0.79314082471777791,7.8781776138459092,-8.6699212266020034,,0.1371385431418856,0.2698412698412698,1,3
-0.87217131236870593,0.47761030800429033,-0.10585648572050389,-0.45279309708043958,-0.87005125914784653,-0.19490822889644951,-0.18519074792589443,-0.12206227977263828,0.97509239907782785,-1.3709797362400014,6.182027253367063,-8.6683613459417526,,0.2884032261458001,0.4186046511627907,1,1
