axis_00,axis_01,axis_02,axis_10,axis_11,axis_12,axis_20,axis_21,axis_22,location_x,location_y,location_z,dbh,dbh_approximation,score,reconstructed,number_clusters
0.098352501923646751,-0.88918122064283844,-0.44685964487909463,0.9951515402733625,0.088079664424543028,0.043765107179281462,0.00044413614258299243,-0.44899747167547777,0.89353291666961865,-13.050392404962723,-11.511647923223778,-6.3156386794970896,,0.4847921050604797,0.1904761904761905,0,2
-0.036275802958535081,0.99841510112850118,-0.043027339660724369,-0.99895344190409174,-0.037428328315553074,-0.026289563470567233,-0.02785833856645694,0.042028634025732724,0.99872794438438006,-4.7250384175681646,7.0160101454552812,-5.6380299012792436,,0.3165928207590873,0.4201680672268908,1,2
-0.59498764409453309,-0.68350092657136896,-0.42286662998032615,0.78920407601010401,-0.59642476266820843,-0.14640501659850938,-0.1521401649265432,-0.42083724389869792,0.89428708162640569,-31.475834688409481,-3.0301486569483713,-10.656372275251393,,0.4966630457045954,0.5263157894736842,0,1
0.044491408759506738,-0.95800063340712061,-0.28329366554540369,0.9989082625104504,0.038618408361867022,0.026285007588933269,-0.014240703456946448,-0.2841538402470617,0.95867293559268685,-12.970322954732438,-9.1842198293191419,-6.413019863599934,,0.1286381920137865,0.6265060240963856,0,2
0.63945653480219111,0.75105747425189617,-0.1643411405252431,-0.75255510422511085,0.65520085948201223,0.066126007279785487,0.15734088853031145,0.081391056661011693,0.98418460701846899,-3.2502192317962457,-13.759537916963458,-4.1108523553296736,,0.2165373014888023,0.5416666666666666,1,5
-0.7767888477127568,0.6089605437525174,-0.16051835478139329,-0.60861596116670735,-0.79140618308127952,-0.057121495024595959,-0.1618199551421638,0.053322692480390302,0.98537860367699792,5.4400876561205198,0.96456378373653773,-3.1927033078169642,,0.0841714909851126,0.1829268292682927,0,5
0.45297740212792725,-0.79821139119358109,-0.39707687937003144,0.88820500303178251,0.44244267369634693,0.12384003020727731,0.076833233374272628,-0.40878240600744609,0.90939188405660354,-9.3107667217722092,5.0604666747313516,-6.447544386313214,,0.09903859688081805,0.3260869565217391,0,6
0.013970205739020707,0.98095986816596248,-0.19370743506491114,-0.99954460333255868,0.018882811002008955,0.023537744102192809,0.026747323237425878,0.19329039421678387,0.98077693906573549,-8.0909399113544733,1.6076791968789497,-5.9593515492916032,,0.5173210731874367,0.9491949910554561,1,5
-0.89196448197023226,0.41275690147119254,-0.18447521023562191,-0.40996898470261611,-0.91044938429441291,-0.054839312722096432,-0.19059064637458645,0.026714395479331209,0.98130604124742515,-4.0719851039958401,-7.2041795181250743,-4.6553040441199078,,0.1436220148416886,0.4802631578947368,1,5
-0.32147170104903372,0.9295244695942968,-0.18066600634896021,-0.94573351774686809,-0.3247160187731481,0.012149920256998131,-0.047371498126779446,0.17476775325430735,0.98346945737407998,-3.9534244192520376,-4.2078365286356272,-4.7935877987396296,0.1972030838156777,0.1481376910780852,0.6145552560646901,1,4
0.25899614098132984,-0.92172038408370671,-0.28870838664881565,0.96536000538425348,0.25681412123912128,0.046114717137710863,0.031639515819497706,-0.29065106347089265,0.95630586129226791,-29.7826366472435,0.79449625019500147,-10.512646511221364,,0.1502693615544208,0.3846153846153846,0,1
0.083355645053479394,-0.94644516733462691,-0.31191887032792331,0.99646420351977505,0.075854455704143689,0.036127450138749476,-0.010532214459366111,-0.31382741559455507,0.94942162692863918,-18.319951823332332,5.435171605625233,-8.3345755700779982,,0.09613537947344004,0.4347826086956522,0,3
0.90512901150258884,0.38094902347681781,-0.18873079782697155,-0.36861717694149976,0.92439740084863464,0.098034800800367097,0.21180852060298588,-0.019164728444394312,0.97712325925833299,-20.922412556698774,2.1213070645477292,-8.642034763954026,,0.1485823161674925,0.4878048780487805,0,5
-0.34328383018347192,0.92172020260429732,-0.18052168857414091,-0.93783750033867253,-0.34685199764552693,0.012430393711339251,-0.051156963290217641,0.17356716233320557,0.98349245308061395,7.5871379050968919,-5.48114877326526,-2.4027125399533498,,0.1388861343045357,0.3076923076923077,1,5
0.97619572794040321,0.023144426369037598,-0.21565304606927074,0.0096690306550456361,0.98865782450177364,0.14987400007210078,0.21667581913332787,-0.14839151451302227,0.96489976050542881,-14.272107698426909,3.1984889852690817,-7.3345386035584932,,0.1568696538073709,0.3780487804878049,1,4
-0.97029380314619296,0.17113040468158627,-0.17100970782272518,-0.11841337049417112,-0.95233357078070657,-0.28113883341203416,-0.21096968802249161,-0.25253743199293432,0.9443074902689842,-11.289406234564286,9.7834015590605024,-7.1138666493170906,,0.07747573749419742,0.3,0,1
-0.97380067778082635,0.070661952217162455,-0.21614608130258189,-0.068184623548070963,-0.99749355575161525,-0.018906701076783692,-0.21694030760836197,-0.003673519138164195,0.97617795928402895,-12.109838468313511,-6.0065432472183726,-6.3693923447152114,,0.1623356407454358,0.7713178294573644,1,2
0.58475287036858226,0.80156375943707314,-0.12473820646782706,-0.79722526376588976,0.59626693579917445,0.094327196958623113,0.14998653075897114,0.044286350377619937,0.98769568175684541,-2.9022900617553651,-6.9546072449848335,-4.4632969578429984,,0.07011173322193978,0.2758620689655172,0,4
-0.96999360854553829,0.12124578019748893,-0.21074121610427557,-0.11511869717922203,-0.99249906476091976,-0.041149629505744474,-0.21414967882433375,-0.015654623374699951,0.97667540556032917,-3.1260057408864732,-4.2593627751501666,-4.586595906237557,,0.6298734414322071,0.8517241379310345,1,5
-0.81957361908562798,-0.52074577972059644,-0.23900400792052187,0.53864222529875871,-0.84245593994412993,-0.011512705071040859,-0.19535515356418517,-0.13817316004217051,0.97095032922383517,12.797664716350004,2.5283572687794513,-1.7298206126285898,,0.06794024174549365,0.1875,0,5
-0.28819194425523814,-0.9056456385924192,-0.31104883951706652,0.95700029537151199,-0.28363046545282022,-0.060862087754647055,-0.033103442800159921,-0.31521379469424349,0.94844315892373399,-11.0351189367776,2.0252845069548795,-6.5879437233822067,,0.3103717491734607,0.2972972972972973,1,3
0.61287909218822401,0.78817945681026436,-0.056145901193366946,-0.77693780152020642,0.6140398169097222,0.13900631575012412,0.1440377413301353,-0.04157219156782048,0.98869857993261134,-17.699883766707647,11.630574911780998,-8.5589332971737164,,0.2043009354712577,0.25,0,2
0.9557247062853067,-0.17968892627410604,-0.23302827204080029,0.2029510848446886,0.97592967926708607,0.079825549080509164,0.21307543958942407,-0.12358459005919674,0.96918816859455759,14.012488480028921,-0.33358332316328004,-1.3163711275574776,,0.2414442173134376,0.425,1,4
0.24083847044434492,0.95821648052505359,-0.15433083815041326,-0.96656818782993925,0.25121123427041347,0.051369777607886094,0.08799300784253597,0.13679945989117104,0.98668289655000552,11.347687631613114,-0.81521909490316924,-1.8560784466194973,,0.1195093990516182,0.2368421052631579,1,5
-0.78273901701029791,-0.55816972909799711,-0.27525657988215385,0.59322947052360475,-0.8028788701107743,-0.058858433821582574,-0.18814469578501464,-0.20936110777389974,0.95956735042395547,-1.4940576607308853,-14.391211899924549,-3.711391380585165,,0.2677580140377893,0.8043478260869565,1,5
-0.050357697203521554,0.99852329575149257,0.020379650976774934,-0.9986144132079271,-0.050653433252992167,0.014264761935332569,0.015275996391250046,-0.019633072639334712,0.9996905453153957,0.62274879862572163,-6.2723360938328785,-3.7348423494286354,,0.4097875647067706,0.2777777777777778,0,1
0.93007803255662092,-0.24962689249118325,-0.26952044059922503,0.30877524237801329,0.92869286067534229,0.20539576486638675,0.1990294024761271,-0.27425532825424598,0.94083543293933825,-10.802242761390874,-5.5360921190049499,-6.0982475217982266,,0.10004507581617,0.15625,0,3
-0.97657026255830659,0.054464877546405825,-0.20819245759790142,-0.047272391645188976,-0.99810579974376579,-0.039371734861459909,-0.20994247610939243,-0.028607510057889592,0.97729512793901974,1.2447556321969913,7.1470786265490123,-4.3976414892509643,,0.08411921263269559,0.3125,0,5
0.58506588433354512,-0.74464641567583345,-0.32124698692772508,0.8037814803458907,0.58511686323990586,0.10758061259011042,0.10785751175498527,-0.32115412495160106,0.94086491335610789,-9.3902456919775172,-14.106666753525811,-5.3903525386476225,,0.2011821552632734,0.3529411764705883,0,1
-0.9712349225597291,0.14154940706378719,-0.19148496170792595,-0.12482755704539965,-0.98744527848240471,-0.096798259307088158,-0.20278265754860073,-0.070111249901104192,0.97671060526382703,-14.714205454692026,1.0058060601089178,-7.2969222636934363,,0.2609172703200791,0.5555555555555556,1,5
-0.69990359288432813,-0.6289957544826944,-0.33837745419923493,0.67293228141351524,-0.73950245985869245,-0.017270104068752685,-0.23936813760233644,-0.23979252012039465,0.94085197666535214,0.90974656197951853,-10.39413941849674,-3.3951889447661667,,0.1894826421880762,0.28,0,5
0.62747193545846469,0.7772334498711444,-0.046766811024583119,-0.76340894696085859,0.62590924704001305,0.15951299059925664,0.15325061145758295,-0.064387722985089046,0.98608745617043247,-13.464043210327699,-17.975392004347981,-6.1425409336966057,,0.2384018233036886,0.3529411764705883,0,3
0.62557523482499255,0.75898026533691287,-0.18056739019757873,-0.76394681881678972,0.64288394363669221,0.055547214456185406,0.15824311546908684,0.10319492159618779,0.98199283325459885,-16.000147757104013,4.4211448951876395,-7.7457453645825805,,0.07315116776035445,0.2653061224489796,0,3
0.45198529310546315,0.87250601127875216,-0.18558705531046557,-0.88344745297759697,0.46662698957855547,0.042188273539581524,0.12340945119302867,0.14488793213824205,0.98172175002744011,-5.2087219399474165,-1.9648981107041392,-5.1361143012475337,,0.1642122870543525,0.7456242707117853,1,4
0.65948912836756157,0.72485243474098693,-0.19915581190378387,-0.73339257946712222,0.67855994518834706,0.041130586776102644,0.16495276277635587,0.1189342197857669,0.9791043036451208,6.4301821336993363,8.9990834322193383,-3.4087985191887733,,0.1121482616379365,0.5,0,5
0.85960081779505471,-0.45187878740489318,-0.23852043002551551,0.47932722535439193,0.87483550995319004,0.070058843545994745,0.1770080367670728,-0.17455197512037959,0.96860712515521052,-16.136770951136022,-10.717876393387197,-7.0023214797804938,,0.2697820433321927,0.8837209302325582,1,1
0.26174562690551112,-0.87555808711596161,-0.40606312672006917,0.96466230520396257,0.25052766738034299,0.081624290474960851,0.030263240315893277,-0.41307859296119703,0.91019240401289891,-16.403950721068014,0.71004064632392283,-7.6473019594093437,,0.4301174891016746,0.5459459459459459,0,4
-0.9665047757061177,-0.11182710514366435,-0.23100479885157243,0.13158792087495216,-0.98869085613315633,-0.07193754290003064,-0.22034776517377011,-0.099925419958458384,0.97028953041298538,3.1458688378774848,-12.542378186340516,-2.8618542385140526,,0.2560306853341647,0.24,0,5
0.15330124811107895,0.98812357144018559,-0.010513557527246767,-0.98690759841978648,0.15363489841381947,0.04908879883095485,0.050121048561218268,0.0028505356810042352,0.99873908251227306,-6.9385242131832463,-13.731377176733123,-4.8962394676998713,,0.2573438998593148,0.2758620689655172,0,5
-0.76196750355270049,-0.59632345949864851,-0.25259425009534708,0.62064398537447207,-0.78378797182540816,-0.021850826993667076,-0.18495017423122184,-0.17342072215677862,0.96732553268197385,6.3263443718783927,2.8024147014600489,-3.0772226321398137,,0.158368307776539,0.5432098765432098,1,5
-0.16959970355462781,-0.84960104017276283,-0.49941366930786063,0.98313470494459043,-0.18104222695642364,-0.02588173085733065,-0.068425817406114434,-0.49538044430116296,0.86597697597354595,-17.567027362472629,3.2234376353783802,-8.0435099100007914,,0.5127253582191987,0.1272727272727273,0,3
0.25014676113912049,0.96463520533457237,-0.083099449581419196,-0.96723733569720372,0.25281598710517766,0.023151956664803464,0.043342061845073242,0.07458550323730212,0.99627228626608721,1.599564627829192,-7.7038111347264966,-3.4955361721868639,,0.1894641063198222,0.1525423728813559,0,3
-0.83296112505041453,-0.46394068776089542,-0.30155397923870142,0.49810065965401862,-0.86602822074915764,-0.043483947823074749,-0.24098028344032485,-0.18642467408043331,0.95245700369466857,8.5295094671622405,-0.19098641134601063,-2.4646576357407475,,0.6369391316441881,0.2345679012345679,1,3
-0.51264123600077782,-0.71759095475232848,-0.47144690560999036,0.84784043921998709,-0.5097437397437653,-0.14604077997360493,-0.13551956602222859,-0.47457827747346476,0.86971829104340748,-15.21341557045641,-5.6610731125648268,-7.0746661225434941,,0.4914951299493565,0.2155172413793103,0,1
-0.6112266783182605,-0.71997081467975665,-0.3287004315807831,0.77391026774816385,-0.63065745152950892,-0.057741460877521016,-0.16572520986859826,-0.28967776034703185,0.94266746521471567,-5.479119786236561,-13.72745854369129,-4.6151625405527037,,0.4052998205854306,0.6904761904761905,0,5
-0.40773767618210616,-0.85186924960013688,-0.32873814656549316,0.91169580147283558,-0.39976385177813828,-0.094866371219261156,-0.050603883234587657,-0.33838978175649242,0.93964440220988599,-5.7212135737693401,-9.7380248645819787,-4.8536373751782662,,0.7865852363990863,0.3851851851851852,1,4
0.13268816276317505,0.99042916476389786,-0.037998961138713705,-0.98994621008914585,0.13432359418425385,0.044313352113800754,0.048993393357379955,0.031737070288736367,0.99829474894783365,-23.608180384698557,-1.9907860036652696,-9.044913835615942,,0.2474535017007208,0.5,1,3
-0.98555035435645078,0.009221867178109985,-0.16913147605819367,0.012917165332387915,-0.99151717712117826,-0.12933226323476027,-0.16888944865695371,-0.12964815709989425,0.97707098487927257,-10.058916432807074,-11.578215845736821,-5.6475583994022021,,0.2380185700808909,0.5571428571428572,0,4
0.64738562175396219,0.75916027094677696,-0.06758357612801813,-0.74252344987094632,0.64821950945367968,0.16873172184085292,0.17190341223484748,-0.059052100552365532,0.98334229354908254,-20.580397260163895,4.4438463886851958,-8.7310456238549428,,0.4279799098088947,0.2941176470588235,0,4
-0.57307510529656025,-0.7797189155762172,-0.2522366674018392,0.80589345695268222,-0.59206006941656841,-0.00078118071226682107,-0.14873015743349891,-0.20372355508162998,0.96766525894790245,25.705137944039127,-3.1595343711848383,1.2224500895566393,,0.1589871155277283,0.3125,0,4
0.93942767069842437,-0.19776319895923122,-0.27993815149697493,0.2726510437026175,0.92611457453738444,0.26071671062153273,0.20769463135576036,-0.32124992134917357,0.92393800015972094,3.7135111852947067,-3.300936602476368,-3.3128393099220101,,0.2276955639121681,0.1842105263157895,0,5
-0.77946108512607881,-0.57316138882250245,-0.25283678359197825,0.59860581350130604,-0.80044893908281323,-0.030863829374195899,-0.18469297987881486,-0.17540672246028666,0.96701653806914045,-3.8425946316614037,-9.2875505942526182,-4.4573167509759406,,0.09072733804544862,0.3623188405797101,0,5
-0.5774454826693447,0.80419153107756891,-0.14082860465077227,-0.8079782746891444,-0.58765687139682521,-0.042784449633587837,-0.11716578926939937,0.089080765843201126,0.98910909154737248,0.04336799794474247,-14.552747500549208,-3.4113941622044472,,0.1374572439986888,0.2758620689655172,0,4
-0.35145142478911762,0.92954816098351267,-0.1114545307552325,-0.93471320898406951,-0.35511603854534923,-0.014276418267951769,-0.052849909786134935,0.099160554556879915,0.99366698217036997,-23.978592473546794,8.7223623639188013,-9.6956379633966296,,0.1447894844364232,0.4736842105263158,0,1
0.91601761519797842,0.35366090726725941,-0.18930317302651459,-0.34107723900478759,0.93507046063253363,0.096486012899960574,0.2111351360619039,-0.023815883845854119,0.97716669918533439,-12.915615459088167,-14.891198877481045,-6.1465384314350278,,0.07436854557536181,0.2941176470588235,0,1
0.79777606931296086,-0.55201010044446941,-0.24256585134525915,0.58150956993677627,0.81073123895237442,0.067538716738590313,0.15937365937791945,-0.19493513586328351,0.96778113719087144,10.114738855769524,1.091330852397445,-2.2077125637680477,,0.07124964278973084,0.4,0,4
0.40199517574814342,0.91563696411036466,0.0029713010574895231,-0.90858723685351661,0.39849386929384562,0.12518733626893494,0.11344210727111499,-0.053024391462556809,0.99212867220331602,-1.1061739204242462,11.373396663435257,-5.0803704785586863,,0.6579493641218928,0.1666666666666667,0,2
-0.14221844407443213,0.97491094789794341,-0.17123830714469715,-0.98981956750409783,-0.14104716350561131,0.01905049744816709,-0.0055801389811422648,0.17220435922402019,0.98504544093823254,-2.261127546301398,-8.7053901034765762,-4.1863797457136025,,0.1399706636994657,0.6804123711340206,1,5
-0.95666363530161447,0.20272900359619286,-0.20903502097111912,-0.20326628814011077,-0.97893636349906199,-0.01914189972222061,-0.20851260153104137,0.024177413429251022,0.977720792293296,-10.257880253928485,-14.950338033693948,-5.6130100690335931,,0.1450738635020125,0.2571428571428571,0,4
0.95856572025689346,0.19405299864321313,-0.2085550135239139,-0.18525701512055967,0.98078842061568805,0.061105747150367512,0.21640609579446576,-0.019937595235159408,0.97609983813093415,-1.1703726868933422,-7.7699691919496878,-4.080865019329492,,0.07467256422981641,0.2653061224489796,0,1
0.82757201307817907,0.55280637143830325,-0.097620074098240292,-0.52584377612242827,0.82427480276938092,0.20990324588439088,0.19650161903413152,-0.12237714335901959,0.97283654767913141,-13.679707117427361,-8.0658687625782921,-6.5825100229505891,,0.4593486032013415,0.2153846153846154,0,1
0.35522758579775082,0.93016595167228378,0.092761331587550649,-0.928943685944839,0.34019598212921792,0.14604904000489802,0.1042928119839386,-0.13805070116711007,0.98491878511669795,-6.274428716910271,12.569213705031197,-6.2060235543099198,,0.1905358343449362,0.4285714285714285,0,2
0.21828977854570172,0.97541236908205853,0.03033616363674712,-0.97308345686672848,0.21520479542828749,0.082434713543310556,0.073879351342356139,-0.047514274343568336,0.99613464711294852,-25.082801200489151,7.168117478115124,-9.8315991654156427,,0.1768145883724275,0.5,0,1
-0.75491618253172499,0.64243909114131881,-0.13180884463966458,-0.63079268888066731,-0.76628346551974669,-0.1221074695739144,-0.17944955003126792,-0.0090368492608401355,0.98372567027043289,6.9735113794574843,7.2962387835521696,-3.2264346103622183,0.6706549366793136,0.363676702992601,0.12,1,6
-0.81190608738722214,-0.53894525596380116,-0.22438029400480991,0.55071589761476758,-0.83460741731235877,0.011935622378188576,-0.19370210473284227,-0.11387919055431793,0.97442856309775749,-33.933899694360171,-4.8420380270315668,-11.088764811400445,,0.0963708357917539,0.1666666666666667,0,1
0.9336268156673424,0.333803044283428,-0.13006343334687057,-0.29413029817904457,0.9214945836847741,0.25364364753080848,0.20451977107352332,-0.19855291452593304,0.95851364276847584,-15.284268651796303,9.2058817366989256,-7.9063683129394491,,0.1505259797136199,0.4375,0,3
0.0043754722883637626,-0.9269588043828505,-0.37513761504195819,0.99968900668615668,-0.0051554318158244464,0.024399004767323738,-0.024550868683149707,-0.37512770692113262,0.92664796894343571,-6.4831916914755476,-7.1645866376269289,-5.1227677506835043,,0.4603383126137303,0.6774193548387096,0,5
-0.64529078536897977,0.75917930750751816,-0.085126854577685623,-0.75204101701659698,-0.6508744801976577,-0.10390726515538454,-0.13429114282977764,-0.0030315144456343713,0.99093728301928308,1.1196636754497757,-17.443903412351276,-3.0055361970986509,,0.5306522129353507,0.7948717948717948,1,5
0.83304034594562049,0.5247007259822305,-0.17530810072703451,-0.50953019229898389,0.85113912725621255,0.12625834304825975,0.21545942811248792,-0.015853523496427636,0.97638409482651178,4.7923467085523974,-11.026599741594749,-2.6653928173994204,,0.2866684148025437,0.7611940298507462,0,5
0.48080634834070168,0.87183832958420171,-0.093397978902697049,-0.86876914156616147,0.48808508020046487,0.083744451446649742,0.11859778268447663,0.040876418061451668,0.99210064226810757,-10.744196688509986,15.599109004853913,-7.3408345872543483,,0.4780124065248752,0.9328358208955224,1,4
0.95364669584576578,0.24005099085811316,-0.18147589727148561,-0.20956608295688806,0.96255193534736072,0.17197624438612577,0.21596304400651389,-0.12597338428052099,0.96824101858801281,-19.263799084061866,6.4786618040354291,-8.5539055986449775,,0.1756787965808484,0.3076923076923077,0,1
-0.079563541748341279,0.98651504544486734,-0.14303044408576154,-0.99679757904092769,-0.077584115108752599,0.019372441790757127,0.0080143148555810815,0.14411374047502212,0.98952867596835892,-20.952540613616286,12.207523721380653,-9.3165230156957168,1.360436766250755,0.467067273189025,0.7058823529411765,1,2
-0.41451257047698514,-0.87843441446296466,-0.23776523800520286,0.90649923617446071,-0.42159311586607773,-0.022767948292533886,-0.080240038208377912,-0.22497160741178052,0.97105577189308667,-20.812727520009798,1.1562556332111096,-8.5833314058009034,,0.12613813236288,0.7872340425531915,1,2
-0.83185117673115039,-0.44918097250810074,-0.32597557225608054,0.52155514037756889,-0.83348414532811421,-0.18244016836321744,-0.18974681898977042,-0.32177730408364974,0.92760741224934373,9.9643055820436093,-2.6858777935341602,-2.029306624498989,,0.5377030141910315,0.4166666666666667,1,4
-0.29424618528300184,-0.8563322340392856,-0.42439873632197217,0.95147614733216379,-0.30431893004914118,-0.045641317593686885,-0.090068437892211722,-0.41723505816150153,0.9043243791564094,-14.623078909881258,-14.05579893540742,-6.5612020071071058,,0.4046451472694845,0.1666666666666667,0,1
0.76746012720856249,-0.57459202848296531,-0.28433950472779479,0.62362915431038191,0.77193202506327829,0.12331920602981272,0.14863253694643749,-0.2719649784173267,0.95075939094774586,16.879485327414727,2.1854692224587189,-0.90887905022831605,,0.09357495537181844,0.3793103448275862,0,5
0.69305699600379056,0.70568358996712077,-0.1472503689004484,-0.70471390642222642,0.70624696243520957,0.067775645671323742,0.15182328670308501,0.056796997298763946,0.98677443760593908,3.8822368996236061,-6.3224070602673708,-3.0613820180219302,,0.1333841624133522,0.2380952380952381,0,5
-0.94365457036111478,0.2664074403798426,-0.19632403710916424,-0.25845866419457847,-0.96379653788874475,-0.065538938474952971,-0.20667648811447811,-0.011104470447983968,0.97834631904900449,-11.635990085401149,9.3281179732218753,-7.1729065244147545,,0.06486387871029085,0.3,0,2
-0.74812706963755193,0.65682256002237061,-0.094286861869457991,-0.64819592727862418,-0.75379023611911689,-0.10789958197737262,-0.14194339553123078,-0.0196062382201838,0.98968058882041321,6.0421946811917948,-0.9467024593169161,-2.9289990084366178,,0.1348394349791587,0.3513513513513514,1,5
-0.16427157358422917,0.98609125020637078,0.025276399636777871,-0.98636258636906193,-0.16394434813154729,-0.014529243857019177,-0.010183237377957238,-0.027318436671211831,0.99957491199726789,-33.044787347990507,9.4106781286341707,-11.704942912690191,,0.6395501410684589,0.4347826086956522,0,1
-0.96176892586307317,0.17595068399143157,-0.2098615973615412,-0.177685485063689,-0.98402901624886729,-0.010712776389323716,-0.20839482153324201,0.026986144282454834,0.97767241260807558,-11.83955922830247,0.063126480011454447,-6.6730893010460557,,0.1538628518683691,0.7329650092081031,1,4
-0.93497941206988999,0.29689007763662245,-0.19408704440627667,-0.29675643294670645,-0.95446747489190087,-0.030454209532116951,-0.19429132381604322,0.029122520055783686,0.98051147893097668,-14.881216341014714,2.1320117973052959,-7.427173952752673,,0.2972808005301573,0.8932038834951457,1,5
-0.42193690183784616,0.90630837041559975,0.023966405281135965,-0.90188476232282511,-0.41688434900809718,-0.11318707983686233,-0.092591178615356401,-0.069372741525148648,0.99328459988862439,5.6731931211638038,-12.269208634532875,-2.3498211914152476,,0.2609881239322038,0.2857142857142857,0,3
-0.48400993362104333,0.85542858612141903,-0.18432666167014972,-0.87086419101584533,-0.49148924346258094,0.0058210279930188862,-0.085615097748403687,0.16334092447053378,0.98284779972823955,-4.988729966027825,-6.8296767714710818,-4.8545203994497959,,0.2245837615810651,0.8115942028985508,1,5
-0.78046381284977284,0.59138206194751186,-0.20283859011219849,-0.60539705372106678,-0.7958727280859732,0.0090004463690979142,-0.15611099954150273,0.12982240752543603,0.97917082183164228,-11.123362076920426,-3.2469943230845031,-6.3265674716101739,,0.3843964683490502,0.9816612729234089,1,3
-0.57722514422079751,-0.78035159575216673,-0.24054629468426178,0.80281097522788913,-0.59618502321791178,0.0076128932939350125,-0.14935083171153232,-0.18871885199339813,0.97060781161567478,-13.357129922995574,1.4927137945712856,-7.0357915406253992,,0.1215648799249734,0.3785046728971962,1,5
-0.86678346971841003,0.48735856379663722,-0.10567898048804363,-0.46455176759630684,-0.86616980275766864,-0.18423226648415147,-0.18132311448367572,-0.1105961259937234,0.97718494926452892,-15.294934071149907,5.4965755701263035,-7.6425098746244648,,0.3272731679850296,0.1,0,2
0.28206760130866876,-0.87956367958020032,-0.38315219150529872,0.95867835034852433,0.27383222786229505,0.0771474663032094,0.037063308878276267,-0.38908051165190921,0.92045785704055083,-5.1883801536566843,8.794704355207557,-5.8123647926034092,,0.1813015317084555,0.2857142857142857,0,2
-0.91883401592695912,-0.31780347657150676,-0.23397649765435857,0.32869012475271298,-0.94440375662544462,-0.0080216184023898275,-0.2184189851308313,-0.084276300054115433,0.97220916071779884,-20.375026389633856,9.6058280962444069,-8.9857158045790584,,0.193450542433561,0.5909090909090909,0,2
0.97648918584618982,-0.0065447410434981623,-0.21546701903103074,0.016949168995019869,0.99877562400778774,0.046475569477225399,0.21489903581873804,-0.049034877918963986,0.97540452385236021,-8.4816774346659152,-3.6636873830945338,-5.7326783637882199,,0.1802865443091389,0.7705882352941177,1,2
-0.31279008141178261,-0.85661812858031805,-0.41032639052096526,0.94411026919896079,-0.32770673353190122,-0.035554133246594968,-0.10401040603456733,-0.39851433924691437,0.91124538783530729,-21.815981532834378,2.4827261059231036,-8.8523804807596527,,0.4229633888914457,0.108695652173913,0,3
-0.49036455126603801,-0.73423786171986583,-0.46950758170523305,0.86162051972520781,-0.48938937508609304,-0.13456641312491757,-0.13096826657675525,-0.470523965351269,0.87261360932545518,-37.146186324316666,-0.38001386973025769,-11.923156477012643,,0.717284730052018,0.4516129032258064,0,1
0.88107994024550451,-0.40451861634012259,-0.24507718770063527,0.43579082649469775,0.89570783847453961,0.088282634976183189,0.18380558870732916,-0.1845864489325871,0.9654757109479305,-13.132413123179193,2.6871622105138129,-7.0735462097804458,,0.1074305914626277,0.3333333333333333,1,4
-0.20039708336260589,-0.8385443291095851,-0.50664032320564034,0.97720794713628611,-0.20805220228879293,-0.042177116739621011,-0.070040252951037177,-0.50354512135551266,0.86112523695779375,-12.9326164166064,14.192028648170101,-7.7439010273103808,,0.3478002925532413,0.1176470588235294,0,1
0.12122138297800406,-0.92005444113020773,-0.37256570113938386,0.99262539117923043,0.11253175426894413,0.045071466222359309,0.00045726926352222526,-0.37528180030176611,0.9269106544144835,-16.98257973222286,4.2101267593098086,-7.9731480058764346,,0.09749296541874225,0.5111111111111111,0,3
0.89662854117570645,0.40925055909862329,-0.16903029026357272,-0.39079691649193327,0.91089924750383788,0.13243991451725604,0.20817067326960467,-0.052692891118301943,0.97667212001575743,-4.1095444549697229,-13.862492188116754,-4.3142864719705152,,0.1021181470904515,0.2142857142857143,0,1
0.0083486295469671727,-0.89295090246956699,-0.45007664476561393,0.99993140658410451,0.011152460159454057,-0.0035783738101550565,0.0082147739726006579,-0.45001589795381336,0.8929827596753489,15.741957523632125,3.6668258216958294,-1.2444685192782148,,0.3919935546982425,0.1428571428571428,0,2
-0.61832611625579137,-0.743068105020387,-0.25597383705652715,0.770728057345897,-0.63704190859119325,-0.012484723397434228,-0.15378906195126593,-0.20500584869681557,0.96660308628942915,9.9120701478416571,-7.9101255947085258,-1.7518833002881244,,0.1464343378995576,0.5142857142857142,0,4
0.6039969489855278,0.79504395724984744,-0.055612873120139676,-0.78197891929734331,0.60465654462036433,0.15132558548481054,0.1539371800142281,-0.047912097514767264,0.98691832261895096,-5.2102643920867351,-16.571471547624814,-4.4203752040582369,,0.6625540538097641,0.48,0,1
-0.93104603181516288,-0.26809831972075898,-0.24754106246064769,0.29948157730673181,-0.94899358536685074,-0.098599998917057841,-0.20848038635591754,-0.16593512556260492,0.96384721953710717,-11.364994202666155,3.939995560358148,-6.7363125212279451,,0.09613041418241887,0.1896551724137931,0,6
0.68098986928817917,-0.66610929788483342,-0.30422228912136545,0.72043917673880464,0.68386190300240013,0.11532688429785151,0.13122572364739599,-0.29771009538359783,0.94559426212298237,-34.094599047407335,-0.027665077157705782,-11.373265545871252,,0.7816633447482617,0.3823529411764706,0,1
0.97347206442084488,0.089019198189075277,-0.21077884653349654,-0.080630654480002811,0.99558372457351563,0.04808060859069594,0.21412808631831454,-0.029809892956859509,0.9763506198756452,0.94927631329576523,-2.4449861553156533,-3.92924922371671,,0.3893039800523286,0.9564124056999161,1,4
0.035564599083843428,0.99371630842492253,0.10612755373770615,-0.99869790369049638,0.031453380412649445,0.040164437314927033,0.036573986058577486,-0.10741779755218131,0.99354102095123686,-9.7108541592975133,7.1696599609103089,-6.6046002556111265,,0.3240257140661796,0.2222222222222222,0,2
0.0059704531503169062,-0.94696306683606135,-0.3212869492177084,0.99966716633344999,-0.0024118330699350985,0.025685396942514455,-0.025098012750646881,-0.32133336756347791,0.94663348591008811,-9.612253246900659,-10.437693403706296,-5.6325290508668964,,0.1470116429649548,0.35,0,1
0.14375068869634539,-0.89680748366183449,-0.41841615258908671,0.98959826069454238,0.13264725949435946,0.055677526695891731,0.0055697333564588229,-0.42206757965610625,0.90654726091559845,17.714038466314779,-8.1748181057047962,-0.094339779931154999,,0.1665754121904412,0.1875,0,1
0.89186537753769013,0.41661108564561439,-0.17610040223332224,-0.3875813345812173,0.90463692799660955,0.17723638900942804,0.23314557133644598,-0.089817770079430259,0.96828503589808879,-7.8307193191723661,5.9900573555465444,-6.1831580114302458,0.9037287466147512,0.3158809146043407,0.4210526315789473,1,3
-0.75434335625286553,-0.59771458459729787,-0.27148365740287778,0.62992696497700928,-0.77546267626989296,-0.043007633127041527,-0.18481915396413162,-0.2034573986661973,0.96148165206412983,19.374754188103367,-7.1659582647855329,0.17712998637223534,,0.09917141704044985,0.4285714285714285,0,4
0.84773666294512851,0.51757963450688438,-0.11599082826835171,-0.50688756500059851,0.85493228631169715,0.11025326421298877,0.15622914819719896,-0.034671425779379282,0.98711212407102167,16.290133741374866,-4.3509318575103544,-0.62234006533695241,,0.1993939591652916,0.2307692307692308,0,4
-0.72263984602408926,-0.62869553113678733,-0.28728658525401557,0.66345133293877057,-0.74748941024723292,-0.033044067395100275,-0.19396902268158314,-0.21447962769660933,0.95727452047104833,8.5703631370207383,-14.989416068601214,-1.6130708035346879,,0.3647433492298702,0.2352941176470588,0,4
-0.88364595302251991,-0.35005082120055575,-0.31086050293297079,0.41967878973484968,-0.88655677793078935,-0.19464530035854749,-0.2074597386328608,-0.30245909158395923,0.93031121393036664,5.1480589499813929,-4.8717437646568111,-2.9425352350062619,0.4546430394781706,0.4107790425863824,0.1428571428571428,1,4
0.51784201351725567,0.85440029662755723,-0.042892681883258253,-0.8457104479667934,0.51884098773510745,0.12481132819526264,0.12889331726742914,-0.028357760292410335,0.99125291938788163,4.0511163783730666,7.1990724776900175,-3.8077186253649944,,0.1784109836536616,0.1666666666666667,0,2
-0.34804850979515806,0.92937805483631253,-0.12295798476732504,-0.93505648213703085,-0.35356923341276481,-0.025654870832459035,-0.067317234367509166,0.10604352112496888,0.99208021932932866,14.094301684609245,-3.5667567174900245,-1.1285667815835854,,0.1462400240950278,0.1153846153846154,0,3
0.97713812561266777,0.057517725477060112,-0.20467729412445385,-0.019690781932685416,0.98305500563846548,0.18225018243073543,0.21169165449077595,-0.17405334568775882,0.96171309457335352,7.5241344167845394,-7.4273467104884308,-2.1993821477183388,,0.3329754645672091,0.2068965517241379,0,4
0.21560894639317674,0.97000055058155366,-0.112301888259752,-0.97620037947853777,0.21686807866503904,-0.0010274055149306458,0.023358110822195039,0.10985066375591897,0.99367360351938583,2.883273011040103,-4.6327847448010271,-3.3895467347694384,,0.5484491262001348,0.2923076923076923,1,2
-0.26066468549722355,-0.87385222131029949,-0.41040981597141174,0.96195217040975389,-0.27113683603353328,-0.033657658707760357,-0.081865399153712895,-0.40356797625279867,0.91127983899822096,-6.3978807721596702,5.672112090385431,-5.8582101854173549,,0.0961212833516888,0.265625,0,4
0.95783109672815869,0.22518005761916079,-0.17847557757621638,-0.19103083125751102,0.96304883756518311,0.18985299042526013,0.21463180484167987,-0.14775276009259858,0.96545445787744055,15.693374728083308,-5.570726598991472,-0.6472900363127444,,0.6585097502333569,0.44,0,2
-0.53017496659646268,-0.73379738937997374,-0.42480100768898327,0.83640273225019779,-0.53480479392910385,-0.12005957635629701,-0.13908621167766594,-0.41895730537798798,0.89729025515246308,-4.4656300117877699,2.0940973161173919,-5.2760402896347296,,0.6028395945713927,0.3307267709291629,0,1
0.25838535486387559,-0.93069652783843293,-0.2589227326083105,0.96552483397196143,0.25756670030308532,0.037698672103898302,0.031603850640162898,-0.25973711318266823,0.96516207377841412,20.648077438000055,-7.7836626807460396,0.44539391274145346,,0.2074350423837032,0.4,1,3
0.90207943737104901,-0.33697968994906347,-0.26962451156036493,0.38808534807291056,0.90669353246618223,0.16521682963646492,0.18879208480087298,-0.25367602714058346,0.94868647190244637,-8.5543706159454498,-9.3380909512935482,-5.4647410189991037,,0.1297867622321826,0.1739130434782609,0,1
0.76491156235270208,-0.59591616386069846,-0.2445285820281512,0.62588555207476437,0.77732611648951488,0.063493183314407356,0.15224183880660477,-0.20161357660851853,0.96756105142978244,4.9947443964366611,-9.8273064553598939,-2.6459913266175503,,0.09622530439208205,0.1052631578947368,0,1
-0.6018947634759102,-0.76052850212125245,-0.24355510908515665,0.78399797726599041,-0.62076270017596902,0.00091744922251017433,-0.15188767344032247,-0.19039450499277655,0.96988662591327779,8.1022290368929859,-17.025720490886609,-1.5803377439229351,,0.1146971363414219,0.3157894736842105,1,3
0.74021604990556322,-0.56668974189821564,-0.3618603817628267,0.6537681109278507,0.73232871912271724,0.19047809396859749,0.15705876796929977,-0.37756772051568993,0.9125651537444065,13.625841291775162,-15.99446576505636,-0.52593321485919298,,0.354998988034726,0.1842105263157895,0,4
0.63217379221357695,0.76551335975212942,-0.11977308745837471,-0.75822653444701171,0.64302026626795628,0.10778431995963214,0.15952685949011589,0.022676710733540037,0.98693310203454432,8.1122843162206184,7.3639865394116883,-2.9896584631350369,,0.1116332112983534,0.2666666666666667,0,1
0.49975632343822352,-0.78773685341666266,-0.36015866913448724,0.86197127563026243,0.49317632902766873,0.11739943984163963,0.085141864977505199,-0.36911753989211638,0.92547452940215735,12.617348270842475,-2.5352270835408088,-1.5108030962202506,0.8482614496559443,0.3120298442302257,0.1428571428571428,1,2
-0.015712294390983709,-0.95792186612365171,-0.28659871284978261,0.99978303787794021,-0.018971757196720274,0.0085993953523745385,-0.013674830036560299,-0.28640141555350207,0.95801212319699913,0.16715753456617485,6.5719427860994859,-4.555115389038809,,0.1220622283557097,0.2727272727272727,0,3
-0.62258790990219604,0.76049517428787239,-0.1844759722253089,-0.77355817763767831,-0.63372268902569084,-0.0018163765911400494,-0.11828795481150292,0.1415720427870758,0.98283534554247987,5.3560902362931166,6.357448014184647,-3.513494675244746,,0.1160622875526063,0.59375,0,3
-0.54526035317658228,0.83660833048933425,0.052703402258277014,-0.83248130807748422,-0.53305193699193898,-0.15109766434575647,-0.098315914049301234,-0.12626216307742832,0.98711288473996739,8.2727368446877172,-6.6862967577531212,-2.1569016420223828,,0.3760990372569925,0.52,0,1
-0.40653566550628928,0.91185340106851087,-0.0570274287615029,-0.90939489449123112,-0.40986644164228547,-0.07078436189423383,-0.087918590438207531,0.023084084891562735,0.99586015407790995,8.3585430183670741,5.0204540879681332,-2.7440733262604224,,0.262308886869546,0.4285714285714285,0,2
-0.84241378606151485,-0.46216559134436663,-0.27702342722379364,0.49450040645034338,-0.86732114067450017,-0.0567748796522713,-0.21402887906530274,-0.18481613867948976,0.95918435861395002,-6.7376681064405615,-4.8739422953148779,-5.3241635750152057,,0.5000663237337838,0.7959442332065906,1,3
-0.2179486348796735,-0.90058680592205975,-0.37608748656820429,0.9734158397931304,-0.22839984310417655,-0.017178897223697184,-0.070427234745669143,-0.3698336337721192,0.92642489600452194,22.187771920281595,-12.231198885256243,1.0585313743534703,,0.2662412106187932,0.4,1,3
-0.029772343365114053,0.99817177809015523,-0.052599515158283448,-0.99729419355902971,-0.026125165970540092,0.068715116215102498,0.067215318670620444,0.054503001085705952,0.99624872587555047,4.3858403643045465,-10.130267627638988,-2.7912201338226086,,0.8799695703454331,0.4216867469879518,1,2
-0.91104569137708757,0.39139406665680981,-0.12963962669295151,-0.36520030977450391,-0.91197672671996011,-0.18688815816351836,-0.19137523863825617,-0.12291921943695633,0.97378970190137004,-1.945176668996524,6.6782429852922505,-5.0161220631264385,,0.3828472013991959,0.3773584905660378,0,1
0.7345188960423924,0.65334456451353562,-0.18336540398145929,-0.65449882301473161,0.75344840102261179,0.062823543905137211,0.17920179136659456,0.073867360972813684,0.98103533624121642,17.982669970243663,2.172483045838296,-0.73383093422364964,,0.1082206938290369,0.3571428571428572,1,3
-0.32711433043848664,0.94274536058363012,-0.065018458300863377,-0.9438032795331559,-0.32937061423123642,-0.027392846208394744,-0.047239648223068455,0.05240404162828112,0.99750801102386244,-5.2989825346239234,10.874036127028329,-5.9379084720562352,,0.6685809693851432,0.8378378378378378,1,1
0.20755013180679904,0.97439090520410698,-0.086517666649645844,-0.97293160418093305,0.21480610016208726,0.085219909170740044,0.10162202700642319,0.066488368822480659,0.99259874090109035,16.718209936712505,0.18349286768129139,-0.81578087188596482,,0.1658549387985317,0.2857142857142857,0,3
0.95770668466829867,0.20933103272757658,-0.19742954408817048,-0.18597427991462226,0.97385948155899071,0.13042728774260379,0.21957111228914958,-0.08819426803857762,0.97160192349194452,8.4683278325472688,3.5366483678979286,-2.6980094510200852,,0.19510116476718,0.5882352941176471,1,3
0.96208086628419376,0.20280831808859209,-0.18239844528923843,-0.1681623207208644,0.96751324561325425,0.18878440998313234,0.21475996046662899,-0.15095332284180649,0.9649306989123051,22.520851883925069,-9.8498428032907395,0.97581386741908061,,0.186244730174688,0.1818181818181818,0,3
0.96065995815372296,-0.16655476243108003,-0.22224301093985596,0.18506537124489769,0.98056800805398503,0.065093701285359171,0.20708272058787192,-0.1036623976790324,0.9728159405259349,-4.2078521630451773,-11.537980761949383,-4.4194875365428627,,0.1418085169512603,0.6129032258064516,0,1
0.21972733101650374,-0.91261352349316949,-0.3447556478750522,0.97529162314305329,0.21380182174295703,0.055633001414467587,0.022937956128501823,-0.34846138632103285,0.93704242828800033,-10.199169110444046,3.9458974663183914,-6.5258296718983617,,0.172211395685359,0.4074074074074074,0,2
