axis_00,axis_01,axis_02,axis_10,axis_11,axis_12,axis_20,axis_21,axis_22,location_x,location_y,location_z,dbh,dbh_approximation,score,reconstructed,number_clusters
0.0059980550193338943,-0.88437798806406587,-0.46673289745178553,0.99889313973535887,-0.016476487815233559,0.04405701690888509,-0.046653174871817395,-0.4664805457648028,0.88330027832971392,6.0958310479581153,-10.888926013269188,1.5988718326083187,,0.3321618644920727,0.2380952380952381,0,1
-0.66964403764561731,0.72514803342763745,-0.16042815358192583,-0.7343177677300543,-0.67879877490560803,-0.0031047033023835296,-0.11114980360587973,0.11572619756423431,0.98704263755711108,-10.787811761602622,16.005489328630603,-5.0522005898345803,,0.1707813962914159,0.3265306122448979,0,5
0.26738723867774289,-0.8728352145570144,-0.40824349697392748,0.96332177507756467,0.25211668693783346,0.09191481833142498,0.022698507741703729,-0.41784669963600268,0.90823395298215903,1.0886546444124954,3.1776915060286952,-0.89917532236908249,0.3677344468034013,0.2516242291128122,0.4387568555758684,1,5
-0.56510549169715185,-0.74410357179319864,-0.35632240695516776,0.80719010341946573,-0.58796972653032886,-0.052304279227629855,-0.17058698718071033,-0.31717735595160979,0.93289796048450735,-12.020916801826328,14.10742151654912,-5.3429503730667367,0.5889709970029869,0.2809010587648,0.7248322147651006,1,6
-0.89540018559189238,0.37591215263834765,-0.23863897657509381,-0.37572536228195652,-0.92548259163317448,-0.048087677444793253,-0.2389329608490571,0.04660500061952158,0.96991701404664343,4.9111221646064553,4.3267635959039454,0.23931755458924731,0.09761954964719816,0.1414492014157185,0.3529411764705883,1,5
-0.40507831272186395,-0.7722504860871835,-0.48942900128672057,0.90242417837811295,-0.42364862017441768,-0.078437547787390413,-0.14677248666216355,-0.47344591387234586,0.86850837865652386,-17.241147325734271,11.380930902784344,-6.4981003333278542,,0.3713329160775556,0.2,0,1
0.45630163848698302,-0.82870840034007265,-0.32408517695182165,0.88688351970275914,0.45314667499506356,0.089976182518289954,0.072294102067466309,-0.32848208192642248,0.94173939317602218,1.6507873928726671,-3.2560712586692291,-0.29404552703604653,,0.07644110094089766,0.2891566265060241,0,5
0.2047720516679026,0.96120222098250441,-0.18482071646333256,-0.9736878550707817,0.21932756685122654,0.061865816949111606,0.10000183869998627,0.16728929672104692,0.98082308468918067,-18.764043328224847,14.295709829797797,-6.8020475455969969,,0.1365637765261787,0.3928571428571428,0,2
-0.72534612068978821,-0.61644582806850667,-0.30637810995110182,0.65323565465082389,-0.75677875822101004,-0.023855619848915592,-0.21715474826304257,-0.21744068653865131,0.95161093055114454,-8.484806424743752,21.878361512564265,-4.1565877394378141,,0.2055016516644214,0.25,0,2
0.015088036120671167,-0.93926687004582188,-0.34285579767643964,0.99901036939238208,-0.00018765583127935216,0.044477484548766447,-0.041840566589353152,-0.34318757497848806,0.93833451144454183,-6.1812582123214996,-12.381131967157692,-1.9211777063384456,0.1577985241068658,0.2522671924525189,0.3181818181818182,1,5
0.16224628945345007,-0.94779654496367127,-0.27451384466637763,0.98672318752536481,0.15377500281973516,0.052255140489475063,-0.0073138743748871566,-0.27934737847833696,0.96016225159027691,-7.3162421024893804,11.080316309579771,-4.1101671505985982,,0.09230956553327291,0.2777777777777778,0,5
0.96503650791154194,-0.0093580220011577325,-0.26194840297685118,0.055302201137153319,0.98413549997281902,0.16857931143125329,0.25621515362539121,-0.17717151327873087,0.95024420542050236,-9.9514981781175358,-16.238076022894067,-2.7346062450353879,,0.09297266952552326,0.5,0,3
0.18113722080231667,-0.91399208843239399,-0.36305339761942035,0.98335246210957006,0.17372849365260051,0.053257354010930881,0.014395919667046451,-0.36665634151912679,0.93024506702306686,3.8314600897449775,26.158623405462734,-0.7722941538453264,0.4658728703040194,0.365845787093398,0.64,1,5
-0.81832325637213144,-0.45751700806459561,-0.34788681408201161,0.5242438087495126,-0.84227583135291273,-0.12545857047872053,-0.23561722574615707,-0.28504317436202653,0.92910435995172469,2.5480415010885573,9.3883116631061689,-0.76249515369717613,,0.7217164744522954,0.5789473684210527,0,3
0.087659657390578558,-0.95804243952507917,-0.27289277845887117,0.99571242546472627,0.076145745403107395,0.052522292716116532,-0.029538961412322741,-0.27632681651595326,0.96060967111144602,-9.1810935712339425,-6.9452051897522908,-3.0301467340557005,0.1521693849830262,0.109995052088308,0.4259259259259259,1,5
0.62143368383433639,0.76205787091224164,-0.18190101147818849,-0.75966799051182332,0.64288165781154483,0.09801896878262184,0.19163695047619289,0.077272087005476039,0.9784192883329742,18.996109752253361,-4.1279817582084881,5.2151771666983873,,0.1305654693559124,0.1538461538461539,0,5
-0.93251864527906636,-0.23769272361752419,-0.27186604301784184,0.26036939307370971,-0.96420966248915774,-0.050075002875417954,-0.25023340176188263,-0.11748147046163659,0.96103139841570651,20.253193914482342,-4.0129321863703273,5.5862384389364017,,0.4310376739406613,0.6428571428571429,0,1
-0.3934383237598415,-0.86877116090016049,-0.30073735282673802,0.90842933513762436,-0.4176483522117721,0.018055385794974749,-0.14128845833421791,-0.26609495275743056,0.95353607569853427,-14.996292420537488,-7.4069092074205871,-4.4511497728370202,,0.09272133706294498,0.4594594594594595,0,3
-0.27647645181178054,-0.91192379536833579,-0.30324208651600326,0.95113407043346865,-0.30479774999654219,0.049419749672654459,-0.13749455136197467,-0.27476048303578227,0.95163119185307998,-11.257586323108107,-1.9509787748919025,-3.9262096765429231,,0.09016061469948859,0.3442622950819672,0,5
0.9360418780902322,-0.22587615372011716,-0.26982506488819102,0.27010286488964369,0.95267146512021794,0.13950455879326329,0.22554388672654668,-0.20346263226032979,0.95275018364415953,-15.086262753905332,-11.647309866325445,-4.2199842161674743,,0.07062631755730722,0.4545454545454545,0,1
0.87363953494650837,-0.31111162425757022,-0.37411698735858717,0.44298096272010762,0.82664654591013376,0.34702068353689136,0.20130034686014681,-0.46889769181204266,0.8600076307611012,-20.462896738734088,19.935667677844506,-7.145673490446133,,0.7781764392981743,0.4827586206896552,0,1
0.023629117933450666,0.99451400046208627,-0.10189979229902249,-0.99731219891026346,0.03052057358463281,0.066609852821025134,0.069354471308349652,0.10005197385839959,0.99256211888051427,6.966606839864216,9.9480564340330258,0.67238919974129474,0.6622154107179337,0.2805473685739468,0.28,1,5
0.96234012532051794,0.1496191645590691,-0.22697045797798099,-0.10587842920318385,0.97527428103448277,0.19398411012796127,0.25038219071562301,-0.16264741728449567,0.95438701595481001,13.946547842428471,1.1123291788348528,3.3747059025733348,,0.7600197767378514,0.2173913043478261,0,1
0.38638459947219927,-0.86926191379546447,-0.30836774558204783,0.91919320369103708,0.39049267677881888,0.050983562746434827,0.076097277079506656,-0.30314879944799222,0.94989999990226626,-14.990359673359061,-4.3724547975789649,-4.6568127692018777,,0.0871132194994865,0.4074074074074074,0,2
0.010953281738768118,-0.841514582479295,-0.54012334988764321,0.99890924671453962,-0.015311280897664446,0.044112146915148996,-0.045390995223084069,-0.54001738134246291,0.84042898891023909,-5.1798544000313322,18.753131400814897,-3.375784070150448,,0.6611757884183385,0.2,0,1
0.70741042044760705,0.67449662214164119,-0.21124583726467999,-0.673683967632426,0.73386009807875396,0.087173781625401722,0.21382331209943317,0.080645292282670186,0.97353784109066366,-9.4915139734155964,1.312746763866546,-3.8857721017708626,0.2900414589581825,0.2805146811565924,0.8126626192541196,1,5
-0.9713510787450691,0.052888195220578395,-0.23168927602955519,-0.043181213353251709,-0.99797177669291737,-0.046773023611062885,-0.23369309924370982,-0.035428402880881886,0.97166473828948741,-6.2816282367834457,-16.666486173219337,-1.6859340406229708,,0.1286427887999097,0.4642857142857143,0,5
-0.92527912620261299,0.3364206606740397,-0.17515615229096124,-0.30656054627260948,-0.93526491874578987,-0.17691852145118186,-0.2233364504123117,-0.11000304920808221,0.96851440829868674,-8.8067179334387511,-8.4435205500404198,-2.8271531558512208,,0.1743470761901056,0.21875,0,4
0.93816836806270021,0.27409204872178289,-0.21145605215757249,-0.25075808588131954,0.95917802617076442,0.1307589250349408,0.23866398038184758,-0.069649572422610023,0.96860128098699139,18.877675909245962,1.5809142673341501,4.9001267121474967,0.3393127673230201,0.3615190295217973,0.6486486486486487,1,5
-0.48003233604423795,0.86281545234444135,-0.1584880170472496,-0.87302653476624137,-0.48756815445321661,-0.010097740199338926,-0.085986196252426678,0.13351700250807688,0.98730926466598978,-17.141624392027541,-8.9513723231290605,-4.8428286168178571,,0.1972091021293254,0.25,0,3
-0.16741486044790324,0.96945138697587929,-0.17926592758177165,-0.98587216776102959,-0.16363985214735377,0.035750071655313742,0.0053229066661916189,0.18271838188790993,0.98315088342781165,-15.580117863099504,14.946577521511875,-6.1158066008299201,,0.07888392292987779,0.2333333333333333,0,3
-0.85682819633853313,0.45587195216230919,-0.24088629099843459,-0.47729478443478651,-0.87800003815793082,0.036133388244438631,-0.19502597445111708,0.14593387621247536,0.96988049421719724,-8.3513612420634882,-2.8224593560606421,-3.1914054347771339,0.432447754574672,0.2212154912549461,0.7529411764705882,1,5
-0.20661295613526526,0.96901855713071061,-0.13532968001647788,-0.97832579596726266,-0.20655395348816621,0.014632198858333239,-0.013774008206340293,0.13541971878099512,0.99069257414356704,-6.9709922208730024,15.068738889928614,-4.1074383657781972,0.3599877896300403,0.20391694472505,0.6774193548387096,1,5
-0.90220846306566282,-0.32177256176263286,-0.28719733228114552,0.35356633139732196,-0.93313222917312888,-0.06523106760298629,-0.24700351915495691,-0.16039532840796494,0.95564773852605689,-7.4738709676928217,19.676485994130903,-3.9613920953465529,,0.07442981029031806,0.3333333333333333,0,1
-0.90352788121046046,0.39925420781615745,-0.15567095238492348,-0.3643841597105455,-0.9069758709384087,-0.21123199020876207,-0.22552505853535726,-0.13412996338107086,0.96495989600398224,16.719455116156571,-1.2017398727013671,4.4074876293837795,,0.7154778551907087,0.1666666666666667,0,3
-0.95120906773498182,-0.15582479923855019,-0.26630798223300328,0.16625005625679889,-0.98593851977689928,-0.016916087453915624,-0.25992735187617177,-0.060364452804633859,0.96373954188060518,5.7357448374824633,16.421465960594656,0.086118936820319181,0.1516494049372533,0.1286832039881071,0.3548387096774194,1,5
0.95594506057454209,0.16558970495795258,-0.24238211727574713,-0.15374151260569463,0.98582721107303006,0.067143556725008505,0.25006516843584764,-0.026921358062134207,0.96785466471740578,-3.8430452285236476,-10.157762032380703,-1.4356800381773183,0.2136385964718676,0.1593031654239839,0.6385542168674698,1,5
-0.81898956118504207,-0.47644994813521413,-0.31976795585531159,0.52182403613221751,-0.85020019820407811,-0.069708667240367395,-0.23865408855625089,-0.22395327614415003,0.94492812219749667,-21.017511492778279,-18.394642569840975,-5.2748228527178647,,0.3873682549183923,0.4347826086956522,0,2
-0.75654098924852631,-0.58324525579628117,-0.29575446434160851,0.61110404603055068,-0.79154714191730546,-0.0022286874242900038,-0.23280372959201398,-0.18242284317945329,0.95526139342819283,10.145960342475727,-6.9559877627441633,2.6358028890230374,0.3137693582290588,0.1658363738811299,0.3181818181818182,1,3
0.95922759505333843,-0.032530242569873719,-0.28075648560012351,0.11738380671217336,0.94948289936938501,0.29103825474817446,0.25710593694029377,-0.3121281902094864,0.91458872181248907,-7.5851367852214455,1.6856647382811949,-3.404016414401676,,0.3046677131327379,0.2688172043010753,0,3
0.13677081817889009,0.97451507177448871,-0.17780359439291415,-0.9857349247462609,0.15166052531113311,0.072977689726613698,0.098083645069704364,0.16528599440579991,0.98135627507196665,-0.35601406613918507,18.633002511000026,-1.9324049539130337,,0.1410589498385834,0.4705882352941176,0,5
0.42661966347281982,-0.82057175850228103,-0.38033886454951416,0.90208738962841095,0.41631508655101168,0.11366657460935348,0.06506922630351665,-0.39159128930365533,0.91783563775316734,-1.8281619130040832,-8.853595476123532,-0.92744619453403399,,0.09651829178824498,0.4,0,5
-0.40989523732904121,0.89257006823694229,-0.18789509760094708,-0.91019206495830185,-0.41368079675990138,0.020459796651852498,-0.05946679158918132,0.17940700008526278,0.9819759818949213,0.75754068000987995,20.390232908934024,-1.629446132953936,,0.09776117501305796,0.1304347826086956,0,4
0.38445919089680303,-0.80427618947019819,-0.45313457337337842,0.92158835219332491,0.36285796907234902,0.13787314235296869,0.053535405448801636,-0.47061014155241915,0.88071564936217872,-15.793424712044979,-2.5056374814202074,-5.0157710970636273,,0.1474468125011454,0.2,0,1
0.021566347178900241,0.99931210761075207,-0.030169591510592116,-0.99716409364763159,0.023676686465870778,0.071436579270663325,0.072101754550468786,0.028543407304554829,0.99698877169714906,-5.6359818354752091,-16.023122590429416,-1.5458823407074638,,0.3749157765890604,0.5,0,3
0.91897796146972843,0.31781570622347061,-0.23339383713075745,-0.30453889655112942,0.94805845258511712,0.091876171934473769,0.25047069054155258,-0.01335467557035004,0.96803206859072999,-12.390985682921862,-11.722431381596476,-3.5703961166384546,0.19441787251518,0.1261436333669043,0.5454545454545454,1,4
0.28458700668896825,-0.88558352731346546,-0.36708589154972054,0.95846474166046236,0.27037744751448545,0.090782018424870728,0.018856686282459661,-0.37767426709612034,0.92574649518961305,3.895887955872392,4.2660324870566884,-0.026561598498831118,,0.1496859093942501,0.3536585365853658,0,3
-0.47621384501857089,0.86882742402910573,-0.13549642455643013,-0.87576169497381684,-0.48248393090977731,-0.015833825514880769,-0.079131709378826715,0.11112229150263675,0.99065130540568447,-5.1726189551247668,21.132759242646735,-3.2873060798894591,,0.1177721737964968,0.1923076923076923,0,1
-0.95836585938882424,0.15775333807317313,-0.23801000795069921,-0.16397218740952194,-0.98644400299209511,0.0064304523221671477,-0.23376911967592598,0.045189747595026461,0.97124141458148294,-17.148633515060276,14.107633370129763,-6.4364179311238781,,0.09543794314306646,0.4782608695652174,0,3
-0.38028771458647576,0.91690998039960758,-0.12106751000242526,-0.92237324370072593,-0.38560706442388498,-0.023125552347901437,-0.067888536879188971,0.1028750684567738,0.99237486206091385,-11.67589144429035,11.129581219440817,-5.2558911215037947,0.2759106044090225,0.201257825727517,0.6024844720496895,1,5
0.82071247713060747,0.53002248925134243,-0.21332414483586554,-0.52714959899607772,0.84645518850269152,0.07501275981556442,0.22032777891227653,0.050889829481772564,0.97409747720384698,10.446173589638539,13.703620422723279,1.6949135778384214,0.3618454484674656,0.2424453424855005,0.7,1,3
0.82230683219402223,0.5211083485543202,-0.22859913121886932,-0.51392181340345278,0.85257677582853075,0.094853629482131496,0.24432732846560376,0.03948329247689817,0.96888865520246692,-12.103369381989006,16.489001959370217,-5.3408002814736895,,0.07815439231750299,0.1923076923076923,0,4
-0.73167242183263637,-0.61769744576436147,-0.2882799552964927,0.64227597226448452,-0.76637975030892302,0.011985564990568109,-0.22833537303991033,-0.17638578120873563,0.95747115549561501,-8.2109813716232605,8.3147305478089741,-4.145679095733863,0.2951078976415988,0.2009387442350198,0.6447638603696099,1,5
-0.20057237625196458,-0.92310625862808882,-0.32809382372469514,0.97489575455065003,-0.22112054297297509,0.026152881953116318,-0.096690173460167464,-0.3146117301643212,0.9442830452778731,-11.627131203309585,-5.3052959177293539,-3.7726260218278109,,0.1062842262625894,0.3620689655172414,0,4
0.21417721354542868,-0.90495925426835533,-0.36766407128243772,0.97678922047924066,0.19969956507228492,0.077478399993134953,0.0033075600481156683,-0.37572440940668428,0.92672554093567816,-3.2570763798534137,-8.9539851797931842,-1.3143576618850212,0.1276081637324365,0.1204559287798107,0.3333333333333333,1,5
-0.72850636740107777,0.67495770337145811,-0.11709214882140449,-0.66498339086504665,-0.73782789015507155,-0.11578900804022982,-0.16454653606111327,-0.0064886954654297252,0.98634797830250864,2.6484770278012917,-2.8052383094911875,-0.035357680322302958,0.3435991543270687,0.2433952297800179,0.4864197530864198,1,5
-0.74375983706943938,-0.57709795366553462,-0.3373118092173682,0.63398618754798186,-0.76894814030747261,-0.082342404118744703,-0.21185565548461621,-0.27509400101189491,0.93778487503608821,5.4191503590005707,12.471559159179547,0.088846784009920798,,0.3787947024317047,0.2916666666666667,0,2
-0.74846214601629368,0.63913007443771119,-0.17696656161527205,-0.64430760615349936,-0.76400045382816384,-0.034220099402371078,-0.15707362806478078,0.088408452647962155,0.98362178751131846,-0.19320754513012364,15.46851510275795,-1.8790252555767806,,0.07941428891356289,0.2608695652173913,0,5
0.56315719894623939,-0.78326683221956916,-0.2633382593163201,0.81963063535376834,0.57001186362984868,0.057376797669496757,0.10516458940444609,-0.24815226145644959,0.96299577583156915,11.610047319799259,0.40705505952459992,2.7166507512162776,0.7260358653594313,0.6432235970668863,0.9938461538461538,1,5
0.84553318999699179,-0.45383880376267477,-0.28125427074584369,0.50048731952063541,0.85718442857901267,0.12143845519736038,0.18597329811712573,-0.24344444048064917,0.95191845070179359,-11.780884459975544,-15.113383858417,-3.2559697180391014,0.3993618313573003,0.3664010679954577,0.6274509803921569,1,5
-0.54894127773126411,0.80834923107381962,-0.21268519982625075,-0.83011895401923563,-0.55700027803822427,0.025558021115705348,-0.097805908721188106,0.19058386838267738,0.97678646250422441,-9.4042790103771043,3.4119510292380024,-4.0391597449515801,0.2763737678660212,0.2959353812188197,0.8257299270072993,1,5
-0.40218230387680193,0.91230770486759916,-0.077097639961031167,-0.9143484220819601,-0.40455366995100461,-0.017415256684934932,-0.047078206046709509,0.063489997388459021,0.99687143742161466,-12.850126146522541,21.700563152103804,-5.2180463383773752,,0.2848718562441116,0.5909090909090909,0,5
0.62764747683819799,-0.70667537824872928,-0.32660152264749093,0.76882949458129513,0.62857900981826687,0.11742928373177379,0.12231047821226949,-0.32480507722771657,0.93783890339790399,-0.17453486103210131,-14.721213599927262,-0.037148967530557027,0.640753048411637,0.5290771392091478,0.6470588235294118,1,4
0.5554371309859274,-0.71624341163998861,-0.42247481440250523,0.82261171669021071,0.54759123007545474,0.1531463623741488,0.12165343022745305,-0.43259590847205143,0.89334272420338989,14.826793639986946,1.4231841607959648,3.6223173477582198,,0.1759958387627503,0.2857142857142857,0,4
-0.65572760612830239,0.7404729138922157,-0.14738103797035523,-0.74007063161347564,-0.66902264611688167,-0.068586873423406469,-0.14938797402896595,0.06409807153681521,0.98669887526072708,-13.322669890356266,18.089773113377866,-5.5268623783731821,,0.2250832079704695,0.3333333333333333,0,4
-0.54513149432788799,-0.73119355828668198,-0.41010685706521022,0.81786225268172896,-0.57132110228096344,-0.068509369628045977,-0.18420909187716897,-0.37275753300037495,0.90946073695419238,6.0919878207537232,-2.2020180914480036,1.0826792988734975,,0.596093926988322,0.5935960591133005,0,6
-0.58395997958680335,-0.72027333138623384,-0.37442899238007488,0.79956911258042118,-0.59004516658965922,-0.11196399238835501,-0.14028533939203616,-0.36476434787127837,0.92047107182882337,7.7041550438726878,11.908686693796776,0.8595183117985481,,0.3884820987835439,0.1578947368421053,0,5
0.82037743462635526,-0.45593588409589986,-0.34511350936984952,0.52946760791613445,0.83361902186369841,0.15730028148283595,0.21597434320643136,-0.31177202565448875,0.92528551652765534,-2.5685778012283915,-17.6035003142241,-0.6426363370781687,,0.2537424945716084,0.3333333333333333,0,5
-0.85529687543935773,-0.40720201988940014,-0.32039627004954702,0.44532280914846767,-0.89381107412560901,-0.052814386511062482,-0.26486760941230053,-0.18785174678031386,0.94581016632080839,14.527841871654886,-11.810346216003584,4.1580952988033753,,0.2701159911627652,0.1111111111111111,0,3
0.48573984737653175,0.84391500279882625,-0.22773728004365434,-0.85871219723909165,0.50938331274649895,0.056053572662356978,0.16331002107475098,0.16833332630961814,0.97210787892605033,-3.7792520422023128,-7.5915387817090538,-1.5661466786289362,,0.08008769005070396,0.2765957446808511,0,5
-0.5286551941952059,-0.80088894915037112,-0.28124824760208456,0.83060476217684498,-0.55638297689696325,0.023102209167518206,-0.17498404127112777,-0.22139303093839133,0.959356925837478,-6.2598403916047403,-5.9241070374735179,-2.3471097034459296,0.2585868096312378,0.1656951482995064,0.6,1,5
-0.87702416971152775,0.4366149064290839,-0.20048947410207615,-0.43354352623086156,-0.89903977812712921,-0.061379868103729612,-0.20704737768229489,0.033089285713708561,0.97777118108780481,8.9093422663067443,-6.1584505372915634,2.1785598214414503,,0.1170091294827743,0.25,1,5
-0.82463087333323182,0.52215145222666637,-0.21758167129437783,-0.53393129091704028,-0.84551023426351291,-0.005460799879305661,-0.18681889445485483,0.11167051846052452,0.97602684183449728,-1.5174377751943788,6.0327835333884323,-1.9877258743948802,,0.08325490819553569,0.1804511278195489,0,5
-0.93282152239823524,-0.17161249326809447,-0.31684879596575305,0.25925935695251684,-0.93032307675097148,-0.25939074520339572,-0.25025705421267652,-0.32411128492990465,0.9123175334267557,-13.33319657280861,-9.0520871421825042,-3.9360326061900239,,0.2002696701965557,0.6363636363636364,0,1
-0.82314064820935395,0.55709004744125468,-0.10995522864960319,-0.54867322890388615,-0.83018834315840639,-0.098716780580022909,-0.1462776850707907,-0.020928304417737704,0.98902216604307203,9.5256529048235112,18.729518660156593,1.2385496258337971,,0.2499770431570161,0.2162162162162162,0,2
0.073997836906345565,0.99558518507982918,0.057744777969487716,-0.99482067231917481,0.069646940125285647,0.074034678749965069,0.069686082251820783,-0.06292410492608061,0.99558244608854229,-7.1836099462037524,-9.3124571785612282,-2.3655995683566005,,0.08899438899597806,0.2333333333333333,0,3
-0.59432574219255996,0.77755632509256922,-0.20538518319440807,-0.79206656965540312,-0.61016947329506499,-0.017993418050604761,-0.13931066506762507,0.15198478597333481,0.9785157962092661,-7.3641619138821817,22.752169880782333,-3.7670273951016062,,0.2485233901590432,0.74,0,5
0.58671872476310327,0.78513324304134702,-0.19831018300565686,-0.7877182557074629,0.61013503433195704,0.085059917152177311,0.18777935892305031,0.10630630532626301,0.97644143798301031,1.7901510009726804,2.4247673730181476,-0.62011344446589323,0.4837359381540171,0.4515309255653118,0.7301038062283737,1,5
0.87902571024946929,0.41490506609358541,-0.23487781259687757,-0.40966999858917885,0.90930224245507685,0.073074784447924715,0.2438940199684248,0.031987778854528408,0.96927420734671121,10.865920270152802,-1.3048053446531647,2.5295715934787895,,0.08130453210984083,0.2325581395348837,0,5
0.67050200933786319,0.70860449078063548,-0.21978792305175429,-0.7124057038589342,0.69764853910012159,0.075925153939401011,0.20713562847357703,0.10567020174572342,0.97258862829043691,2.1472574626237249,-9.3778353825715062,0.30246655647785031,,0.097057267354288,0.5094339622641509,0,7
0.94388572143537541,-0.16163731993321617,-0.28801583580634649,0.22374916830013611,0.95439438356064266,0.19765543329971469,0.24293220156129691,-0.25100744497466154,0.93700544716232759,14.33557755886301,-1.5924867252351811,3.6401224386865483,0.6359068596215222,0.3898886742230636,0.1612903225806452,1,4
-0.83398959735059264,0.51609738506010783,-0.19520461225369251,-0.51821292606946689,-0.8541108169029421,-0.044159661501290762,-0.18951705666117921,0.064328854983641881,0.9797678723304698,4.2865012058195955,-5.9754534261663395,0.70661824564191256,,0.07217044046298757,0.3076923076923077,0,5
-0.95563328337070386,0.17652886887629149,-0.23580200628363107,-0.16155658822158911,-0.9834896850242294,-0.081532252839852618,-0.24630163725872473,-0.039819566850969573,0.96837487863919347,-10.261256807787388,-8.3387040798792142,-3.2381790275393465,,0.3197980762197262,0.4285714285714285,0,2
-0.25710206428010979,0.94788210219915137,-0.18819683545007937,-0.96599932686103551,-0.25757523555202028,0.022367354209814463,-0.027273229492167046,0.18754870930198148,0.9818765974358632,-10.497185045901601,27.899148923756584,-4.5899907795061718,,0.3630168558189448,0.6875,0,3
-0.95119736693381307,-0.12974359087193407,-0.27998244546013468,0.1975115161829552,-0.95309316519988196,-0.22935260936902321,-0.23709232402861821,-0.27345935543865713,0.93220556252887821,3.0601423319639141,18.766315314712635,-0.90254905232890159,,0.4381771052683251,0.1,0,2
0.38834225024263275,0.92091010010421492,0.033389881738806637,-0.91020129898011282,0.37766211644598691,0.17001447331462946,0.14395795223398197,-0.096415316872273379,0.98487572549079283,-1.2483826069016177,20.460787034007065,-2.1843646533923291,0.4204955232847135,0.2217451571691187,0.3,1,4
-0.96216649454193048,0.12929881662379905,-0.2398279650094593,-0.08690419143402435,-0.97988688328947293,-0.17963673752448478,-0.25823109474285183,-0.15199839465246789,0.95405093665431728,5.6239389857819999,-9.7452661608788507,1.4149859688797781,,0.4264697825345985,0.2785714285714286,0,4
0.83163105965177675,-0.43610738829874846,-0.34380245271625048,0.52031068520756918,0.82827411474464707,0.20793937025681913,0.19407877648340277,-0.3518129285788365,0.91572981375703244,-22.567420251898231,16.659382319586541,-7.6215598040382,,0.3869125194742718,0.2424242424242424,0,3
0.41876372215010121,0.89817832594729619,-0.13383811045253738,-0.89526081805002988,0.43302809758582606,0.10485577888505425,0.15213485029862184,0.075910219995155639,0.98544032078300048,-5.2524651629422774,15.111901006834747,-3.6143478587206745,0.8114940072384299,0.6368382962004046,0.8987341772151899,1,4
-0.23031042429639223,0.9726585691459555,-0.029873338068566346,-0.97304609154265453,-0.23055619403802124,-0.0050144914264474783,-0.011764871184142869,0.027913245200895335,0.99954111398600065,-2.3476042803905237,-14.073790296014836,-0.65890294981020781,,0.2811061070763552,0.2352941176470588,0,1
0.028609757591800941,-0.88709082011095153,-0.4607074545147048,0.999040135951338,0.010081402840426221,0.042628301339626029,-0.033170597354755499,-0.46148482336004226,0.88652776001627842,21.899494352694894,4.4786956604110388,5.6834609154665605,,0.3040810653911978,0.1111111111111111,0,6
0.071598537722222619,-0.90288218340434423,-0.42388372496127358,0.99599539743129362,0.041905119572302731,0.078975497778175585,-0.05354267169014882,-0.42784076926426284,0.90226684437789517,-16.036143503254181,20.394963748422988,-5.9217666226377572,,0.5874269399000474,0.1694915254237288,0,2
-0.95288352567877532,0.1835643775204806,-0.2414893492382349,-0.15892412548517337,-0.98021362529869549,-0.1180015725215631,-0.25837203569419154,-0.074063270818316623,0.96320222336066719,-9.4066058240972144,-10.044976410961253,-2.8852124186693864,,0.1969859424932352,0.4117647058823529,0,4
-0.52702792498942741,-0.75946558954518573,-0.38138377597654033,0.83438893236969525,-0.54761705951201189,-0.062535315385623708,-0.16135884177912393,-0.35118025916643292,0.9222991649955552,3.1596608090652021,-14.10931720023995,0.92993137450213514,,0.2178543302192323,0.2592592592592592,0,5
0.19104605537927227,-0.93974467762748803,-0.2835160411596292,0.98158006641196105,0.18331705025313175,0.053809221413994975,0.0014063949337479065,-0.28857373400449882,0.95745664241050121,10.704271250778877,-4.7785358745101192,2.6505617300093682,,0.07909279920861904,0.4444444444444444,0,3
-0.39011591540130575,-0.82750555108700175,-0.40378724035164659,0.91032345333106979,-0.41248447372618452,-0.034172638912248081,-0.13827791893862049,-0.38090828535886379,0.91421446897266601,-14.52600012817274,13.487349947011719,-5.9004284509989882,,0.447041352112751,0.3065693430656934,0,2
0.060378511978335485,-0.9487876261775543,-0.31009107646567874,0.99682305788521686,0.041146880710743856,0.068196227726618833,-0.051944456486203154,-0.31322352181810553,0.94825777023983038,8.0227610080638208,-5.4760610030161105,1.9005768755700443,0.3991377203668766,0.1946046978354644,0.3773584905660378,1,5
-0.83998952639597035,-0.47589015211100055,-0.26066483972496707,0.48964509996447148,-0.87181302165258556,0.013774300627289826,-0.23380605557995407,-0.11606299324400154,0.96533108826629344,-1.2144131916421372,-8.0319068152055291,-0.78831903086508603,,0.07990379631697193,0.44,0,5
-0.48842710419440022,-0.78371416340060762,-0.38370701579924199,0.85840604988050062,-0.51053610198159394,-0.049919355985391205,-0.15677377783554683,-0.35375839023085587,0.92210464911768286,3.0975739308229158,-17.670054159359395,1.0369294837145975,,0.3300321466221788,0.2142857142857143,0,5
-0.94078091453836432,0.27537293144840114,-0.19773977714631413,-0.2506744907843258,-0.95773147242687007,-0.14111246009151307,-0.22824015972299599,-0.083187591313693701,0.97004445987853971,7.0160820522473841,19.015655706690399,0.39848925011830244,,0.4190907713562761,0.3571428571428572,0,2
0.53631398323085744,0.84323280366804843,-0.036410852903722458,-0.82535676001693703,0.53298902876296339,0.18630328476078678,0.17650362626699101,-0.06986511315698038,0.98181736380966833,-15.799397006392578,18.762559473103035,-6.0135965200470363,,0.4221795043471961,0.3421052631578947,0,1
0.041685878662896497,-0.92352126505087972,-0.38127517689842583,0.99842547613831567,0.024168115292691444,0.050620853422058069,-0.037534732156771715,-0.38278502478809534,0.92307462790388595,-12.757190858919211,25.120098965898357,-5.2051046551870126,,0.6242440978961076,0.2222222222222222,0,1
0.96423454509469775,0.13905751797816224,-0.22564296740597839,-0.11434336659431132,0.98626564689850227,0.11918753401156376,0.23911782987034086,-0.08912396109706891,0.96689171213557668,15.086638735991396,0.58784622142889309,3.7738361798502411,0.3877869965264135,0.1328161038206639,0.3529411764705883,1,3
0.37194511416074999,0.90804130772178993,-0.19265984408498041,-0.91824125797206879,0.39032426480139709,0.066932506789463553,0.13597729299342384,0.15201299871442292,0.97898019592432484,18.975822286951331,-3.1037902209535444,5.1516204500192799,0.2963389849092214,0.3237053942100628,0.4054054054054054,1,5
-0.88993902306516914,-0.37197135593691655,-0.26390499348869123,0.38389200014762953,-0.92335224352069645,0.0068968549318116296,-0.24624270029478382,-0.095173235459082114,0.96452402137208848,-8.0754939440934859,-20.7606443441578,-2.00674229485004,,0.2202588146082981,0.7,0,2
-0.50416926159896025,0.85630101270347136,-0.11208002186727553,-0.86056824110824282,-0.50902138721502777,-0.017875395199940382,-0.072357847222154992,0.087440282482951215,0.99353839329171212,-3.5781954998946586,-1.8542041073811044,-2.0198692681890114,,0.5977589034661993,0.3865199449793673,0,3
-0.94394762743047189,0.20150331035910629,-0.26145610067983793,-0.14317875659392629,-0.96361155017497202,-0.22572687928025961,-0.29742683189080488,-0.17563939274464987,0.93844982997904047,5.2591812714179484,-15.114710483774138,1.5249615292046133,,0.3039978298174959,0.2142857142857143,0,2
0.96699060390205893,0.10984775773960452,-0.22991877279751097,-0.039689313022371477,0.95622501695044049,0.28992839700509193,0.25170206673157164,-0.27123271756502987,0.92902038864889536,8.7573536078735597,-11.444355855400348,2.4026060841006487,,0.2212166383664796,0.2142857142857143,0,2
0.026565035429732743,-0.91405635566512289,-0.40471629268020454,0.9968632619180916,-0.0059706733576367077,0.078917603218011889,-0.074551565581389395,-0.40554325259810248,0.91103058913601387,1.3246467606016745,-11.113970945752239,0.16097337918909368,,0.2908630949881397,0.3076923076923077,0,3
-0.52436998597685724,-0.72144220427830563,-0.4522800721817074,0.82388460174550715,-0.56403330985933353,-0.055503048346664002,-0.2150587845526841,-0.40173071983006819,0.89014726193565163,-14.55025795949452,11.977796268230858,-6.0148479320419694,,0.3521877031669377,0.3417721518987342,0,4
0.95982837107055252,-0.015448136070528883,-0.28016219084665733,0.047463775995698856,0.99303310065023243,0.10785384082737906,0.27654418825258742,-0.11681873182385573,0.95387457028625411,11.662072103458973,-3.3158954275883374,2.8849169399068759,0.5877645632408643,0.4988607862326022,0.8227848101265823,1,5
-0.95305852218349119,0.21828895658109876,-0.20983180104110732,-0.19248774397535817,-0.97174169134615107,-0.13662559686602591,-0.23372616822404946,-0.089822139444883042,0.9681446490854797,-6.3729311902373178,22.241355187297245,-3.5958467891724903,,0.1153830223688463,0.2631578947368421,0,2
0.87222842947812018,-0.39916764638364577,-0.28263537798844957,0.44296719600942869,0.88970364722742779,0.11048748060191142,0.20735869904510251,-0.22156852256300782,0.95284298797838118,11.597339508494439,20.418445363448505,1.811548002892122,,0.1826924686701326,0.2,0,4
-0.90960662703204653,0.35193861016841049,-0.22080534126717097,-0.35570998018324557,-0.93429301555589905,-0.023811154560416641,-0.2146769527858528,0.056883879581060871,0.97502719458812459,-4.4329548260532263,-13.561499726072444,-1.3136449146050182,,0.5795707758207224,0.3243243243243243,0,1
-0.96844009845488011,0.062200900911982368,-0.24136036052019852,-0.048444921498436426,-0.99686721461292183,-0.062520764637715637,-0.24449307819591293,-0.048854931742988363,0.96841950122799314,6.2900555200796333,20.24618668100814,0.11061334406148403,,0.7232852095082833,0.8,0,1
0.93221753748640324,-0.22349350506408355,-0.28464208402300045,0.27684252560169709,0.94696522149235807,0.16314130470975943,0.23308513213257528,-0.23088421877230875,0.94465009326238913,-13.749490090702086,14.68416574720062,-5.7772508680021435,,0.2851119385167801,0.2857142857142857,0,4
0.12602077269267917,0.97159381468985251,-0.20031031952039255,-0.98869790804140312,0.13954062407050027,0.05481661124667668,0.08121090742316614,0.19113836216321672,0.97819778931720636,-10.584379917488874,-19.363811807164858,-2.7089077535469275,,0.1333667600461014,0.3333333333333333,0,3
0.305477765310392,-0.8124277359988703,-0.49663317315773314,0.95166288506148033,0.27799344159788608,0.13060398012703073,0.031954469130752117,-0.51252397037437447,0.85807813845491887,8.0627078374292562,-7.3109838787045156,2.0006559620807867,,0.2430475185446072,0.1818181818181818,0,1
-0.68518801548591823,-0.60216859959877511,-0.40976866777698012,0.69814806342232161,-0.70333558126054352,-0.13382205226552515,-0.20762144632511534,-0.37777246827971106,0.90231995280816191,-3.3841838442441809,16.999588271341143,-2.8987023720062806,,0.3187485276518227,0.4195804195804196,0,3
-0.88048730588462165,-0.35959355816342414,-0.30892487291153736,0.41032441121679519,-0.90444060369815638,-0.11670934813331969,-0.23743626878729296,-0.22952051609710691,0.94389848551360966,-22.026511197475873,15.384151267884974,-7.6261957569342202,,0.178306036347134,0.3529411764705883,0,3
-0.74846045229398328,-0.57514938177724417,-0.33016683660407137,0.62240852081935716,-0.7810732470296452,-0.050321128624325438,-0.22894231710923449,-0.24316202708445286,0.94258031170868084,-25.888956549239403,20.270121971988463,-8.2248560264016959,,0.5117753790984403,0.625,0,2
0.50531976076938179,0.86047663520878903,-0.06505305247055429,-0.8461005958959289,0.50887028511686472,0.15863421620077811,0.16960460194384236,-0.025119577720230477,0.98519200454258105,-18.976220896605689,15.216463762682908,-6.9377211038609401,,0.5254244057583681,0.103448275862069,0,1
0.29934224743577675,0.95246547447778418,0.056601579729799276,-0.94632167793839528,0.28878339296681832,0.14518758146078689,0.12194056242267697,-0.097024078838104266,0.98778379585902254,6.2286690834963858,-23.244715358374879,2.1230270555166157,,0.6256877286453389,0.4166666666666667,0,1
0.39181799674263101,-0.83196297579269252,-0.39283108881395806,0.91969918100483472,0.36584260667380114,0.14252229159382213,0.025141079683015807,-0.41712922943889519,0.90849938473291525,13.232324742627485,3.9150618769291841,2.9595593397002196,,0.09321342777757877,0.2222222222222222,0,7
-0.87759797064088896,0.44596409086372019,-0.17589153358558407,-0.43231528701933702,-0.89478145286657207,-0.11166756115978174,-0.20718420436022944,-0.021958626233918602,0.97805548114487695,5.4740349749375392,8.658416207766269,0.30002753744103688,,0.1230540625562879,0.3548387096774194,0,4
-0.92581528574151206,0.34957259202063501,-0.1437534681158622,-0.30387160693018461,-0.91455216791523208,-0.26693890436430701,-0.22478457062047416,-0.20345352066141284,0.95293156194001971,-22.274203591277502,13.362822851128772,-7.611714481000301,,0.6500287925833375,0.4117647058823529,0,2
0.0013527376469395572,0.99540012566476388,-0.095795406609259351,-0.99993050374024517,0.0024683281713665296,0.011528011355824565,0.01171143845307371,0.095773154811842828,0.99533428807951185,19.575012597481873,5.7613021659521992,4.9066479571428152,,0.5447893632491448,0.3846153846153846,0,3
0.08535249062244582,0.99372111555474862,-0.072341529187408951,-0.99391019041804585,0.089997583092286573,0.063584341002416028,0.069695665056801248,0.066473901180647166,0.99535106105037974,-2.3870291438994098,9.4028666981335238,-2.4256130894688921,,0.4592822160302255,0.2142857142857143,0,1
0.97128534831302205,-0.045306383249941073,-0.233563917995185,0.081434625213956544,0.98571252692166067,0.14744224661194172,0.22354680487252443,-0.16222868398197543,0.96109764338737291,-9.0431207088931043,-20.146537411888048,-2.226041157607221,,0.1313579166906144,0.3684210526315789,0,4
0.97134997417812696,-0.020888435372187587,-0.2367338187328876,0.071787466938201608,0.97538648322516464,0.20848925135901708,0.22655195266152614,-0.21951055010943951,0.94894116315812849,5.9345807039994583,-12.334873136402438,1.6015845495140992,0.8883373266387458,0.5125643100026156,0.4705882352941176,1,4
-0.69080149703620264,0.68386859175957992,-0.23477018741167363,-0.70898981220078305,-0.70438108577569825,0.034361783960501366,-0.1418687347093838,0.19018684288409393,0.97144337297947581,-2.9491896993769595,-15.518598864232503,-0.88325906538557108,,0.5967041788201787,0.48,0,1
-0.5764801187601758,0.81484760436009873,-0.060778732652645127,-0.81402747527206654,-0.57916970119021804,-0.043837503640354332,-0.07092208525162251,0.024204108986727577,0.99718815623317547,-16.057456022334314,16.972557735800361,-6.2409475524031981,,0.4288138747557191,0.1333333333333333,0,3
0.94893135844908127,0.26179852212935895,-0.17604207100254451,-0.19102922673196249,0.92089876675397442,0.33978419022255407,0.25107192492624458,-0.28880269251149987,0.92388088697187476,-0.49626898123931856,24.374321152869197,-2.0047197142642013,,0.3863956629238665,0.3529411764705883,0,1
0.73085407219178455,-0.59780037660020768,-0.32937370098011326,0.66480477654701597,0.73276964356021201,0.14520075260449755,0.15455398487570321,-0.3250897710068566,0.93296822375992594,-0.038087977328431388,-7.9315616786248473,-0.50122039089601134,,0.7076973459676423,0.8247422680412371,0,2
-0.59772977895832347,-0.73340535183983191,-0.3237834171774816,0.78131142053499925,-0.62340655105922094,-0.030277652452414126,-0.1796429110430357,-0.27107353612837276,0.94564663723974851,-3.6432345433949038,-3.9830740846657928,-1.8290931880022272,,0.4600722443223023,0.490174672489083,0,2
-0.73027168275495102,0.68006612456747173,-0.064910211693019401,-0.66556753566651516,-0.72967240728772043,-0.15683760234632782,-0.15402313083772243,-0.071331930148589892,0.98548903134850896,-10.075744461070569,12.572996935137876,-4.898697745368775,,0.2394991281678709,0.1428571428571428,0,1
-0.93955075463038573,0.29690052702873182,-0.17057097210116184,-0.25625611136979037,-0.94009751788994389,-0.22483207565381061,-0.22710610925095714,-0.1675312923224449,0.95935190687967298,-20.594200504755939,-11.020854329988403,-5.5640342301200922,,0.477234459745592,0.3157894736842105,0,1
