axis_00,axis_01,axis_02,axis_10,axis_11,axis_12,axis_20,axis_21,axis_22,location_x,location_y,location_z,dbh,dbh_approximation,score,reconstructed,number_clusters
0.96433431946108095,0.21043708966194652,-0.16054766147204683,-0.19424517659809226,0.97467425534782259,0.11081023116365547,0.1798002549439488,-0.075672500003480303,0.98078822437125246,-18.524229302208898,4.8225586088792154,-4.9999590874484952,0.472640073583846,0.2948849875767256,0.8888888888888888,1,4
-0.96777071552073912,0.20254456425499145,-0.14965140049873413,-0.21054766234880712,-0.97678293987991738,0.039557176833014469,-0.13816484379149993,0.069791029869900392,0.98794720916138512,-10.652977253413772,8.2089361043788589,-4.3022637043184151,0.3917075872404714,0.3348655527324216,0.9090909090909091,1,5
-0.31093482588637311,-0.92012008823833868,-0.2381145885309908,0.94011321514539903,-0.33456656319541117,0.065210102749438448,-0.13966630502734739,-0.2035785794524643,0.96904545054818025,-7.2395115658063167,-19.54690913981112,0.55325729622012221,0.2453673380204455,0.2491102416294615,0.575,1,5
-0.44190780448558387,-0.81998912737037644,-0.36377922333346752,0.88355918217258067,-0.46795342332403217,-0.018513919029773358,-0.15505052058362398,-0.3296019183707658,0.93130119267241362,-7.3455905194957634,-4.7568253928329591,-1.5473897745724303,,0.2311933196100227,0.2444444444444444,0,1
0.12510127806642599,-0.8921069096605605,-0.43416003035980982,0.98952855675486495,0.080437717031410921,0.11984577191293999,-0.071992399548706162,-0.44460660747975728,0.8928281239928324,-19.99685359465736,-7.5719766465636731,-3.3054846718376107,,0.2769551489863001,0.3125,0,1
-0.99151772248474501,0.058100227927531584,-0.11626250261125511,-0.054430099330719212,-0.99792139797400992,-0.034499967426724384,-0.11802529510876582,-0.027879149563175182,0.99261915291521674,-10.492797567372417,-12.301640497836631,-0.98107309797806119,,0.1223108142656145,0.3714285714285714,0,6
-0.033600553860789979,-0.97573466760476291,-0.21636279997834901,0.99461483464823008,-0.053882255972222175,0.088532667355151404,-0.098042508525241795,-0.21222290386658757,0.97229064872419269,-19.848381088095536,6.3684840040229798,-5.4903695654563807,,0.07889539409352225,0.2432432432432433,0,3
0.17370301467759947,0.98269174467274878,0.064375442864052987,-0.9773894366971736,0.16402428135643501,0.13343884051612032,0.12057011124111638,-0.086098606710761347,0.98896404292460049,10.376103510660682,-8.6895242013942404,2.0724681816396076,,0.1127994910147217,0.3333333333333333,0,2
0.94262896288786169,-0.24292354890764181,-0.22899516962387792,0.30896610621719361,0.8946245674926423,0.32277984516940689,0.12645387907825478,-0.37501337659437839,0.9183541712440485,-12.306506848911992,-0.74070948294046246,-3.1565381121457325,,0.09427592333258768,0.2327044025157233,0,2
-0.9838123781649506,0.10007189416526485,-0.14865672055981882,-0.098799130255270498,-0.99497971080203862,-0.015940732514326404,-0.1495056401284785,-0.00099553526669999702,0.9887603716165545,-17.229068480567108,17.332555481271207,-6.6634288483140152,,0.1275936297543274,0.3529411764705883,0,2
-0.20312813022361853,0.97313950480143963,-0.10834420569031156,-0.97733095248251423,-0.19475964065224224,0.083023440621488184,0.05969231132630904,0.12275254200144819,0.99064052077466791,2.4095553106209682,6.6190754225477235,-1.5739522668053223,,0.07319468684812627,0.2181818181818182,0,5
-0.72816742698280434,-0.66008233131971772,-0.18456303573784011,0.66106925804312067,-0.74748665988915985,0.065200685257625401,-0.18099622745117841,-0.074531933875839257,0.98065557484836008,-1.8661498752656793,-4.4772790030850738,-0.69988153212245352,0.1240970619293535,0.1171311950491919,0.649402390438247,1,5
-0.38830587895136592,0.92087623802815277,-0.034720290997120831,-0.92127083656037256,-0.38702638917369014,0.038348660817918725,0.021876701651747162,0.046877801978046717,0.99866104440222803,0.85285414276222604,9.6959195380157901,-2.3730872490271988,,0.09670652975654337,0.3333333333333333,0,4
0.3038109826384513,0.94217229508481815,0.14145760213882028,-0.94269417972014524,0.27578168406972314,0.18780880238537689,0.1379368346382529,-0.19040963501428604,0.97196584330093905,-34.472103504965418,6.5585020067011364,-7.660954493914268,,0.1347903478517886,0.2,0,1
0.9835641909770938,-0.059147067505090828,-0.17059632655225695,0.088723188502572894,0.98120955387365383,0.17133594838504712,0.15725672656364495,-0.18365575349717425,0.97033029745436361,-11.056316005826607,11.478857940250281,-4.8000237438804501,0.4841307105704214,0.4308010092085565,0.895774647887324,1,5
0.22843487463193654,-0.92678869416966347,-0.29812786587500112,0.97236081142943653,0.20200369199089754,0.1170852715687838,-0.04829037635161617,-0.31663421290400351,0.94731769474157046,-6.1140587817381222,-9.8952093115029864,-0.5759224877174961,0.1792048508405833,0.1940195815100611,0.3076923076923077,1,5
-0.85183091642908038,-0.47468912149370562,-0.22148211609772897,0.47791250191440487,-0.87738493848819887,0.042371101330677952,-0.21443817367602222,-0.069756058156941469,0.9742434818980823,12.197078532926673,1.7050113157826889,0.90653672373337768,0.3608026083500739,0.315706923323965,0.4782608695652174,1,5
-0.23757747524441439,0.9647958376111534,-0.11280928589740165,-0.97043654554501213,-0.23065723212098746,0.071064423876842434,0.042542382715972459,0.12635756011603333,0.99107210266174361,-9.4516400235048526,-5.7733949280122845,-1.7843538549357179,0.1921882101166129,0.163386701599793,0.6609442060085837,1,5
-0.56907535228944672,-0.75769566314830661,-0.31945347934071688,0.80729618972869699,-0.58865601091969633,-0.041916140777006908,-0.15628853274047208,-0.2817470192466251,0.94667444862501293,11.520618006692946,-8.7459194593387313,2.2976421423100359,,0.4509220337347786,0.3783783783783784,0,3
0.80046496719924876,0.58541401291100914,-0.12863230455112851,-0.57107268059483196,0.81006464336769157,0.13293331803504943,0.18202150907224793,-0.032950069089509385,0.98274231779345811,2.6133698918058452,1.2789135682394925,-0.79108705536836055,0.3615100527814135,0.3138114777278909,0.8901869158878505,1,5
0.79744413009641313,-0.54355297051683271,-0.26197905950114098,0.59874180405660449,0.76662675011279158,0.23193033024281756,0.074773735026531771,-0.3418092951542232,0.93678988801991014,-17.362956648517471,-18.704794523818549,-1.1951932344980656,,0.3645188773520724,0.4545454545454545,0,1
0.33323056794470884,0.9378537840027853,-0.096889981003729364,-0.93235855072971596,0.34306389306110291,0.11408197999221255,0.14023167070398232,0.052320599283804871,0.9887353707752915,6.2113796172844626,-5.419215384464974,0.7758320016191812,0.7259210127864439,0.9468421933192824,0.8934426229508197,1,4
-0.34676076439624465,-0.90574404041106849,-0.24368977314439166,0.92788627064224294,-0.36922258309305994,0.051978388660279796,-0.13705488327295276,-0.2080923290126801,0.96845936495916873,9.1090862946202975,-10.756231328139148,2.107910860958651,,0.1011624202391557,0.4375,0,3
-0.98392380090381582,-0.071382984469402042,-0.16370224049544177,0.060417783868527357,-0.99564370137128733,0.071016274980436334,-0.16805845830365768,0.05998407661973422,0.9839503367267447,7.7639098472305417,2.5161815031197268,-0.0060147206481157107,0.2416056801830086,0.2196128017604359,0.4444444444444444,1,5
-0.41802833594232452,-0.88653010782884445,-0.19828433690604258,0.90046254866623021,-0.43322130894168309,0.038555102494643501,-0.12008125914899787,-0.16243049403308693,0.97938594323655659,-4.9510407559849057,-15.734537401967081,0.48570187233279594,0.3891881330821432,0.3275242331076912,0.8854166666666666,1,7
-0.88788736149833936,-0.41585500622907484,-0.19677562624912107,0.43390246989980064,-0.89910916660935791,-0.057717875340999328,-0.15292050191642143,-0.13662840229338363,0.9787481799627461,1.5081450791312889,12.182767926954796,-2.5176353650702445,,0.5717936223978926,0.4516129032258064,0,2
-0.78881238979079771,-0.58494353524226195,-0.18872221461930477,0.58635280363826126,-0.80823346950229669,0.054305141946510059,-0.18429705200594221,-0.067821230854095929,0.98052785644639107,-11.715946967832894,-5.4081856398611272,-2.2868506964674329,,0.08674376967235459,0.4509803921568628,0,4
0.17167043420287709,-0.93946054668788881,-0.29655209194589782,0.98308928457981248,0.1438839192616676,0.11328228600383199,-0.063755161084791609,-0.31098440313751191,0.94827421162881864,-18.264755731059445,-11.336810339509901,-2.4477214211442138,,0.08013769983818653,0.375,0,1
-0.65844329272129043,0.74743535625968494,-0.088276941968460448,-0.75165910191791208,-0.65901139329035907,0.026694156990950853,-0.038223353781463972,0.083930755545613342,0.99573822036679904,-15.755792474225245,-8.1146400834826249,-2.5447273695324957,,0.09482997227290194,0.2631578947368421,0,2
-0.94600042661516559,0.31233562652104635,-0.086773551555931416,-0.30337083617368249,-0.94733827579054841,-0.10254914422593395,-0.11423365792622253,-0.070686969293470542,0.99093593323125539,-4.213657434076941,-18.851110143952525,0.99043957613071942,,0.3334161265167224,0.25,0,4
0.69404746917286353,-0.69371235127780795,-0.19251307545036755,0.71782078963479867,0.68726496189824671,0.11135612293482695,0.055058373594011702,-0.21547632313462528,0.97495565523031158,-12.958964602092939,-4.6958539580632905,-2.6196019352430762,,0.1033179717116914,0.4130434782608696,0,3
-0.88797972509366707,0.43895249788410939,-0.13715944161404492,-0.44803695455849102,-0.89299112839759753,0.042775366195257507,-0.10370581069799459,0.099436156424545535,0.98962495705342113,-15.341279761876594,-6.5813608643770154,-2.6782937706232715,,0.1513354752744242,0.358974358974359,0,1
0.026944482384741054,0.99591097264293049,0.086228356347728699,-0.99454282873080191,0.018010014419743207,0.1027628395906611,0.10078966558707138,-0.088526684960034338,0.99096138641262599,-2.5222818145254737,-15.490761630537902,0.85735578227637377,,0.4069266308854579,0.2727272727272727,0,5
0.87504290241947846,-0.40206663814461407,-0.269522424700398,0.473996914038399,0.82462180225292148,0.30874877931939637,0.098116483871816471,-0.39792122554625131,0.912157800960119,-8.9711644631557377,-1.7338167796549111,-2.3599122255787512,,0.4337420693494478,0.326226012793177,0,3
0.070111951826794722,0.99262647271458815,-0.098878712963060167,-0.99174553679598743,0.080029035947669955,0.10018055525162711,0.10735503926819165,0.091038668001462875,0.99004386593334537,-10.544376009838233,-3.6249185205941523,-2.3122518870225766,,0.08804494991611808,0.2456140350877193,0,4
-0.70480192872312553,0.70705312146799026,-0.057707232566922936,-0.70939559282061104,-0.70285712465794437,0.052438108320762275,-0.0034834113818831658,0.077895736339914576,0.99695542533515857,0.34695597577659898,-10.638390404935704,0.66736622137964907,,0.1933753420515646,0.1923076923076923,0,6
-0.31873714262845432,0.94299763497217715,-0.095718829630999439,-0.94714844944950605,-0.31300961072293954,0.070248119551130708,0.03628289699630452,0.11305062596887203,0.99292653673552389,-17.22635625492855,-15.858369951707454,-1.6419392463274858,,0.08376541258751458,0.2941176470588235,0,1
0.91342189599821888,-0.3180397279448885,-0.25399049462481299,0.38959202881808802,0.86381563830224373,0.31943793466946047,0.11780700739948333,-0.39073427604092503,0.91293386098575058,-6.030563726277296,25.204113513733933,-5.2257862372988457,,0.3490446553976846,0.4666666666666667,0,2
-0.051262587960341763,-0.93831464345003035,-0.34196166007734197,0.99488864708260916,-0.077809177570413876,0.064360793903993394,-0.086998430915417813,-0.33691447248976891,0.93750728596912636,-12.629886025065158,22.668000659109254,-6.2266352148510364,,0.1867918650617494,0.4444444444444444,0,2
-0.77552084168465429,-0.58299266754027512,-0.24225394466757671,0.60063460742262309,-0.79952261912984912,0.0012844711049000428,-0.19443634557098241,-0.14450996883960002,0.97021202653182037,-11.643525865799562,16.301753196457277,-5.5962800539547839,,0.2150544090451215,0.4,0,5
-0.60132952248019167,0.79897676376498605,0.006239900429924128,-0.7987146029760398,-0.60088642114150248,-0.031472080970045307,-0.021395989964779847,-0.023908991015672107,0.99948515334748256,10.554837094292886,-13.063940343824697,2.7426457307415801,,0.1261567121162832,0.4,0,5
0.69061058301050826,0.71032216962027772,-0.13601263904441002,-0.70071178840705761,0.70373180368604571,0.11732236814932478,0.17905309888763932,0.014281590482993477,0.9837357490464641,-1.362365190518505,-3.0150261234197235,-0.84686365773791505,0.5110784078098289,0.4300675300581326,0.9575260804769001,1,5
0.12166643790818707,-0.92299856300247107,-0.36506291318361384,0.98991300223418266,0.08593683274709471,0.11263706665705128,-0.072591500152844504,-0.37508467507053844,0.92414390688506332,-19.480267582588233,18.20226065754931,-7.1125582469432427,,0.6329318016720213,0.3968253968253968,0,1
-0.23378899652349133,-0.95657720064587792,-0.17407689194444328,0.96350992090243082,-0.25193799977596743,0.090420554032136627,-0.13035082442061072,-0.14658548179606004,0.98057195508513639,-12.057377778087712,-3.1646969355999062,-2.6527670152503657,0.150742024911502,0.1256838632494034,0.7012987012987013,1,3
0.17764853842420003,0.98299627830861003,-0.046468415371824633,-0.97580330659368608,0.18207182491348101,0.12106922570787612,0.12747118747613304,0.023836262376841631,0.99155581232693513,-7.2613988116630379,-18.196161187737314,0.40992774541931409,,0.09657425821460812,0.2222222222222222,0,3
-0.9017420013937979,0.40375567581458788,-0.15441087128117739,-0.41837549447553424,-0.90502104485566803,0.07680399723130743,-0.10873503825657702,0.13385911480306359,0.98501696880788836,-27.507407215669222,11.724198114881057,-7.4439172175789849,,0.1567683530209252,0.2727272727272727,0,1
0.92047848690601719,-0.34197649146599007,-0.18913337735000993,0.37390059929022196,0.91143215998027693,0.17172582684063609,0.11365604688542746,-0.22878701238990581,0.96681891063842929,-11.606294933636764,23.417862930907532,-6.1040419184286607,,0.2848449400158092,0.7636363636363637,0,5
-0.38323220000068819,-0.85885914175488554,-0.33984416356132069,0.91170763570116964,-0.41072093467163928,0.0098742506874268179,-0.14806170297148313,-0.30605438805303248,0.94042992491023392,-9.0609392826839361,-11.817011783148201,-0.75388151971589146,,0.2402936060752635,0.1714285714285714,0,1
0.058283646090562857,-0.97975046149747769,-0.19155168961371252,0.99480682700073575,0.040962774454690182,0.093174181304163259,-0.083440958474342367,-0.19598745955915706,0.97704990770401789,-17.404588188436001,-7.8751957453681083,-2.8314655314841115,,0.1349839856177069,0.72,0,1
0.32772970011522257,0.94440402146575331,-0.026349343477561647,-0.93418123329770331,0.3280941680233786,0.14021283915329655,0.14106263508373698,-0.021336849541560506,0.98977071680004391,-19.359435050628875,8.5425361319374282,-5.7322726000899138,,0.08419339048292883,0.3,0,1
-0.51820158878142475,-0.75250086545546346,-0.40645978998319787,0.83949651627334532,-0.53835797671544539,-0.073595435128602879,-0.16344024152369419,-0.37935884910679263,0.91069981390963628,-15.644160652317018,-10.46962448043857,-2.120149301134965,,0.4163078023177957,0.2692307692307692,0,1
-0.26187312585814587,-0.94868154440575259,-0.17727321641239877,0.95599066525097909,-0.2801679362318179,0.087107838112261318,-0.13230386958162471,-0.14666033823606692,0.98029915397403489,-23.457297259724427,8.2070610580578744,-6.2551367601839321,,0.1382824116381585,0.36,0,1
0.64335524034850022,-0.73983399930320015,-0.19682400308691136,0.76478881571206647,0.63269180378488832,0.12165175208421659,0.034526831274513003,-0.22879408842550439,0.97286235564116919,1.7650495730611555,-6.5927388044461592,0.24141945319337088,,0.09120680183738805,0.5319148936170213,0,5
0.14635251583102959,0.98923248901864802,-0.00015420732384149405,-0.98007423592648957,0.14501875250616961,0.13573523306298288,0.13429606540415162,-0.019714058220590507,0.9907451351005665,6.3698757888642064,-7.8469402242217186,1.1982210810290406,0.4764985688042657,0.3756654899224699,0.125,1,2
-0.98089426124750911,0.12502502027844764,-0.14904761841799802,-0.12291409267196647,-0.99214309964927694,-0.023328001220692288,-0.15079314995824789,-0.0045622497409862238,0.98855480971111109,-11.35369358214534,9.8790772520027765,-4.6480548488401938,,0.08210293671934867,0.2826086956521739,0,4
-0.12214817430561357,-0.96618026201363494,-0.22710245443206803,0.98660921382517452,-0.14311823172308794,0.078226791725905701,-0.10808368382451232,-0.21450611423388524,0.97072397943349642,1.6574897617813174,5.0770559670004243,-1.5351463845149054,0.5896398259824336,0.5929083254678211,0.7455621301775148,1,5
-0.96875418048146233,0.20249371104543978,-0.14321883530714594,-0.2049555335501253,-0.97876810878712728,0.0024936897265944581,-0.13967307208933638,0.031769265152265677,0.98968790369732784,-0.91941437198087372,-22.022355986893388,1.9976153777667718,,0.1430575704044949,0.1176470588235294,0,1
-0.68059455122120049,-0.68693772155689303,-0.25476974614391457,0.70538342061191261,-0.70836359277915995,0.025597858325167786,-0.19805374718456503,-0.16228859210438193,0.96666288130812594,6.8196998308069761,-9.7673545037818954,1.5682141401696894,,0.1237441323845937,0.1764705882352941,0,5
0.54645899028501965,-0.81319896946283043,-0.20022489356038073,0.83738626125971116,0.53423583589115775,0.11565604654819102,0.012915935512314014,-0.23086686144673269,0.97289962015388609,-16.269027950820384,-9.7171649878410857,-2.349959382422103,,0.07181481810624821,0.4210526315789473,0,2
-0.57400847103898045,0.81438393506462525,-0.085399540304081464,-0.81881667171614236,-0.57178732396153242,0.050975624337608161,-0.0073166450775783778,0.099187007544164388,0.99504191079534121,22.706250168221203,-3.1552968542041593,3.5953032119894002,0.6054171525093273,0.4988555158348459,0.6607142857142857,1,6
-0.10406438508809836,0.99418271268350222,0.027772964507037524,-0.99339744074329805,-0.10525700342381977,0.045634284862417579,0.048292116136096845,-0.022840688070002942,0.99857206774853635,-0.32715419142912233,-5.7606856427126614,-0.19487205066618396,0.7905056132265067,0.5552161077158404,0.5465838509316771,1,5
-0.69785810231779732,-0.64689218116321501,-0.30744849158729226,0.68864224954752351,-0.72401161031158412,-0.039737139707751112,-0.19689063250324843,-0.23945290577465425,0.95073465527903522,-18.499538860246567,9.7810818104496775,-5.7828335687492958,,0.2681241182572481,0.25,0,4
0.96299835457243377,-0.21322167518460744,-0.16483533092833835,0.23463706728029904,0.96419823297132956,0.12356056892498786,0.13258814331939908,-0.15766510319799998,0.97855102037894737,-3.6870313923016824,-10.141266258861503,-0.086517738480570774,,0.09780188233144999,0.3870967741935484,0,5
-0.76261502498161615,-0.54259279449474007,-0.35215249968540252,0.62041694858934959,-0.76759914779319127,-0.16085508450231301,-0.18303314884295951,-0.34115188357908088,0.92201640915716687,-16.710135064819749,-4.7099353515824154,-3.1905493812777355,,0.4166740968740794,0.16,0,1
-0.30182218503075686,0.94823800942992043,-0.098732193815605829,-0.95258523227006009,-0.29576830665954917,0.071431673904085821,0.038532374495433376,0.11561049367650711,0.99254696103893203,-7.7786487670903899,-17.944106159925273,0.23225391003634213,,0.07541039761496274,0.1428571428571428,0,4
-0.74130569691392179,-0.57728166638934242,-0.34236200340240436,0.64603846125873099,-0.75200943595878789,-0.13082857028721384,-0.18193452200562482,-0.31816298634456097,0.93041503847632179,25.28215025677882,-4.2282701036630206,4.2324456091237117,,0.6523758225120553,0.3617021276595745,0,1
0.70489450383888075,0.70715196988322659,-0.055315729661736444,-0.68312544514327778,0.69779774157507113,0.21544822591640972,0.19095382859617249,-0.11408068786171588,0.97494729703787641,-14.734761757406407,-9.1936662487036482,-2.1585185148613353,,0.1240975813902889,0.3709677419354839,0,3
-0.72779965041291228,-0.64280613680735943,-0.23897267488489279,0.66142959689296899,-0.75000125452201349,0.0030010947019686951,-0.18115892805171646,-0.15587940434260034,0.9710216547991859,-10.715592260346584,-7.0036012719952998,-1.8096029165852603,,0.07535476639597675,0.1304347826086956,0,1
0.98394535557295848,0.089259793439944141,-0.15454522484199174,-0.061107603175787818,0.98210022640421601,0.17817128312636962,0.16768243223580021,-0.16586691825630878,0.97178740851466094,-3.3309091031131581,4.013827241351426,-2.3356111061235292,0.4015353765511114,0.3454284264824069,0.861904761904762,1,5
0.88481060661906985,0.46548160809149697,-0.020906050390896672,-0.43513856853246352,0.84151287395291463,0.32017262398122642,0.16662717842510344,-0.27419510480688619,0.94712851710315904,-3.2335517194803742,-16.782661159479076,0.87845992899995629,,0.3197207842266682,0.1290322580645161,0,3
0.43518520283114914,-0.86567076520899355,-0.24744285299698543,0.90012963420442638,0.41237469329615078,0.14040567636641951,-0.019505918686848273,-0.28383311750284101,0.95867527377355533,-13.048886195824878,-16.607996073629277,-0.79954382908098376,0.5430814732955148,0.5140085077683556,0.7818181818181819,1,5
-0.8697023572264424,-0.44627127510431419,-0.21085482885516246,0.45881557110576732,-0.88844964331205223,-0.012062462832125725,-0.18195076681800168,-0.10723423108064627,0.97744295902056866,-5.4393806448472004,20.81178303989779,-4.785168094423196,0.3778269949339225,0.3765438983922801,0.5217391304347826,1,5
-0.45284882906550628,0.88150491688908705,-0.13370497191340261,-0.89154116922863158,-0.44617896887317737,0.077965834220593416,0.0090709197132734249,0.1545102237252674,0.98794954789195777,-3.0619523975160545,2.3349577418138074,-2.0013657964946501,,0.07839400532303949,0.3515625,0,5
-0.53529550987559227,-0.82057508334484808,-0.20028791701104592,0.82732359517847176,-0.55715420067830612,0.071518288063154675,-0.17027737949591634,-0.12741950109819017,0.97712326999815691,8.3808083368691211,-7.7070496015787926,1.5494298165066542,,0.1566745492100748,0.4242424242424243,0,5
-0.87487893736933653,0.47739837668182777,-0.081716796859974614,-0.47831368964711962,-0.87814029849566944,-0.0092536724652272188,-0.076176500599972968,0.030990419479096632,0.99661263019131485,-37.923396409143976,9.0479604905043143,-8.3960566709278908,0.767566187620396,0.6144307923050948,0.9716981132075472,1,4
-0.38898685539168254,-0.87792135695252937,-0.27918330419120696,0.90915224579942433,-0.41476719144115459,0.037554904631486127,-0.14876632781094556,-0.23921176373800335,0.95950315882700499,10.813661296402833,8.1340090700509737,-0.19470337307507954,,0.1015335832644972,0.3333333333333333,0,1
-0.70931228057081486,-0.65727838436227926,-0.25467864865657946,0.6807806365765634,-0.73246514942340801,-0.0057034851234778168,-0.1827944569559993,-0.17742584459502081,0.9670089224903281,-16.962220382332141,9.0744756467327559,-5.3972601647282987,0.1120678733129302,0.1808956906828227,0.5172413793103449,1,5
-0.64754581232816188,-0.69101053846493166,-0.32123022377520238,0.7415440853695715,-0.66849525748153693,-0.056801938154431408,-0.17549014328351015,-0.27498822966647052,0.94529608227011841,-12.055884130342269,21.133121662853981,-6.0112466236874935,,0.1066070220629407,0.2272727272727273,0,1
0.98619192260579136,0.0095288755777992399,-0.16533206681498816,0.012652893686835316,0.99108958108869605,0.13259467009945261,0.16512236695385196,-0.13285572169709461,0.97728397159878855,1.5367134602803207,-9.7368606823604154,0.6831327949107,0.2744641675352906,0.2004266386896606,0.6888888888888889,1,5
-0.90097560624247586,0.43214926562291639,-0.038600118880340095,-0.41910527028071182,-0.88987607418936476,-0.1801980715997123,-0.11222178656096125,-0.14617655354706341,0.98287267019394142,-15.127092453835409,17.47586294863585,-6.2766782923606517,0.391647395537678,0.3316420941382837,0.4324324324324325,1,5
-0.36526273819437433,-0.91037850471161019,-0.19440707354878214,0.91923088694411759,-0.38569845948893305,0.079065003862618166,-0.14696158877298493,-0.14982548684024857,0.97772931577119226,3.7185685309147538,-8.1531476495036053,0.83266452881309572,,0.09629556977203535,0.6470588235294118,0,5
0.42942462462446945,-0.82820990039311271,-0.3600872847754602,0.90248906914451132,0.40824152741691294,0.1373038068189639,0.033286210971013454,-0.38393647415052395,0.92275934672917692,-12.640936371474556,-20.051516729106204,-0.26885611969758133,,0.3676486550628896,0.4,0,2
-0.28589465318142959,0.9566238076342658,0.055992302592303977,-0.95753497937770238,-0.28746411820984513,0.022161769107594913,0.037296253838854383,-0.047278657015129122,0.99818521229300561,-9.1897140523814613,0.96010152910136848,-2.8483678457194013,,0.1810049691606807,0.3511450381679389,0,2
-0.98479792393483934,0.1136140187626575,-0.13139598073848419,-0.098851935932487672,-0.98856266190931941,-0.11389538287902402,-0.14283327265041909,-0.099175189535279595,0.98476542283155555,-12.838893626901847,5.3229140317737036,-4.1713785934312693,0.734807539179984,0.3921116066549111,0.2007874015748032,1,3
0.59840176194771078,-0.76050320810719596,-0.25209165348447987,0.80039500943353203,0.58150840910477419,0.14565644171931433,0.035821225157334449,-0.28893397273269655,0.95667862902289735,-4.2176239080428095,11.768213259237463,-3.6250840754446139,0.2267980643685208,0.1435395406794592,0.2580645161290323,1,5
-0.5130398519476258,0.85005235384793976,-0.11916839359131742,-0.85835398715154632,-0.50876164141277991,0.066257263511385917,-0.0043061647206660437,0.13628128244388837,0.99066082439998004,-4.3586523017268037,9.1745107519427833,-3.2993212498000455,,0.08940429582751179,0.2676056338028169,0,3
0.35748020342104703,-0.90718856712815654,-0.22184861467678887,0.93325608548465733,0.33804048128993042,0.12149778563878152,-0.035227589584044081,-0.25047462282881239,0.9674820309705312,-4.5403892812935016,-10.77388318065778,-0.16080307774891073,,0.1195819445922539,0.3372093023255814,0,5
0.98451073083260232,0.089856745166294827,-0.15054695687251449,-0.054802406998811337,0.97337048277330673,0.22259065445969728,0.16653923580523544,-0.21089255229566384,0.96321805128622306,-16.5779625130379,-2.0565603970797697,-3.6323677584682144,,0.1472074318905675,0.1780821917808219,0,1
0.20173535495416478,-0.96303713040697192,-0.17850022974500604,0.97757361762179851,0.18673310193819787,0.097368222590156747,-0.060437312079085974,-0.19413972828362933,0.97911036007725505,-6.3218715614279342,-4.9877055584611982,-1.3402448997851379,0.123965946391321,0.1084388331667867,0.5363636363636364,1,5
0.95862825131457297,0.24090397036225289,-0.15164812179933704,-0.22123925984035739,0.96574442546949602,0.13561303248539172,0.17912304621922495,-0.096451965963871747,0.97908730590016835,-12.090117325772347,-13.665750386958409,-1.0137186728722325,,0.08714622166578249,0.1818181818181818,0,2
-0.98293442110464591,0.088770378511399933,-0.16112027714293325,-0.093910221772303085,-0.99527779714045805,0.024555585228462223,-0.15817962591417928,0.039267370909932091,0.98662925130338153,14.030132084948921,-1.0527649826337437,1.6877790455161312,,0.08573544868167778,0.3333333333333333,0,6
0.72652697466589544,0.68532324563903479,-0.04990595224620023,-0.65936970315379817,0.71576400070277979,0.23002932391506711,0.1933653268962488,-0.13421603587027039,0.9719032390467568,-1.681705078724326,10.928738291096149,-3.022873865134923,,0.1572065797272366,0.4133333333333333,0,2
0.46119560688625799,-0.83977815227051733,-0.28648083209515429,0.88696923139113248,0.4275387646277331,0.17463157591345171,-0.02417012110519973,-0.33463899908663919,0.94203638227833475,-0.1684911597108516,-17.949234866859552,1.5751227318551722,0.8250925708177664,0.7010050182345908,0.7804878048780488,1,4
-0.80590064335637113,0.59129631834118657,-0.02988004273665754,-0.58698824791326132,-0.80457711661920961,-0.090002556766115557,-0.077258979086616483,-0.054993884467966936,0.99549320581389056,-6.2796876069078813,11.666527513517675,-4.0516263942058375,,0.4015996499302448,0.4814814814814815,0,1
0.84449540656494038,-0.47778000640216778,-0.24197887050951777,0.52903649267450081,0.81452146100574441,0.23806549304704366,0.08335405034778047,-0.32906086829553838,0.94062269122491815,-23.094239980472082,9.2405044897860655,-6.3916260508642724,,0.2568406317853565,0.1428571428571428,0,2
0.81895729225953251,0.57054256590223329,-0.061564063776121919,-0.54447976934916242,0.80643575751857044,0.23065807977379085,0.18124771508743909,-0.15537872920430706,0.97108532904500067,-18.348280744342794,4.5959052910478135,-4.9394470836129818,,0.482202597726496,0.4156626506024096,0,2
0.70456200025185822,0.70425525230845609,-0.087275010152124438,-0.68654363711259814,0.70757673745861238,0.16731107239997914,0.17958346845215309,-0.057962920935534401,0.98203364385102199,-0.2550000098391651,3.205977301833467,-1.6223812622554639,,0.067858240667332,0.2403846153846154,0,5
0.94207191117471245,0.31109668349513631,-0.12537690255366415,-0.28778160419942994,0.94170532609747348,0.17427801664023254,0.17228540988727603,-0.12810125806555317,0.9766820389574058,-9.5304041069636938,-14.645263678814365,-0.45619585931855999,0.4964050960637352,0.3459234457733392,0.5324675324675324,1,5
0.73057238019576753,0.68100617021832321,-0.049945904933848935,-0.65629853523358483,0.72049268390887244,0.22396992004293526,0.18851055658858978,-0.1308468133290222,0.97331540699626173,16.448039718948063,-6.7589925013246992,2.9178406197650499,0.8209825309193589,0.3251510261766368,0.2173913043478261,1,5
0.59210723077808503,-0.78380377330725015,-0.18724495242762801,0.80550939954077505,0.58249725408533426,0.10886485307254451,0.023740988011632512,-0.21528723587886694,0.97626214284682256,-20.902650715492118,11.541749753522122,-6.4452995268761404,,0.1031828073709532,0.2307692307692308,0,2
-0.98633146133535643,-0.010157099716823314,-0.16445996991791992,0.019863882370414417,-0.99814870367670028,-0.057485576675350078,-0.16357161904571027,-0.059966646344995225,0.98470722896143104,-20.703768326370469,-14.940347259198441,-2.325797086722972,,0.4868410528280492,0.2857142857142857,0,1
0.19869138182858617,0.98004963814144774,-0.0049438412054507207,-0.97225412185580418,0.19774141404813747,0.12498102137781809,0.12346520692667441,-0.020025981850106792,0.99214681510827485,-6.6106636814286963,-14.326490561578082,-0.019242317592880118,,0.6779505581402061,0.6216216216216216,0,1
0.058204447657801917,-0.95713130245174038,-0.28374621079388179,0.99481034708205474,0.031848247398122739,0.096633650847674848,-0.083454272576858279,-0.28789817471582518,0.9540178328437916,-12.11263274869011,1.6333302423323643,-3.4683039307142729,,0.1554816023008184,0.4583333333333333,0,1
0.86415880092549269,0.49690237459839376,-0.079483312094376896,-0.47115267771556291,0.85441751226211493,0.21905677122899903,0.1767617635815775,-0.1518510614328944,0.97246929724142683,-24.721639153724848,7.3865126358949365,-6.3482307587765066,,0.1997913939559166,0.4285714285714285,0,5
-0.24909539561254473,0.96326094413160868,-0.10039839339007629,-0.96717180960832394,-0.24203471431222842,0.077446031317005865,0.05030084078409143,0.11639394562637979,0.9919285633743663,-12.908587099620737,-7.6956518491975343,-2.1123502142901587,,0.08518200502157269,0.2388059701492537,0,3
0.8292919655614065,0.54635166581931993,-0.11736563854787961,-0.52650811965485922,0.83429755994273136,0.16351385693912213,0.18725393398484799,-0.07380676615363535,0.97953485158882425,-7.7615602003659818,-10.747505797934743,-0.73736799027350974,,0.08467548227013788,0.3,0,6
-0.3313353379145243,0.93438976740844581,-0.13089177365846236,-0.94266719168346147,-0.32196432835162664,0.087849513332184631,0.039943204336705194,0.15249502887463592,0.9874967375114917,-13.046142325616243,-1.303994787181544,-3.1322600710152599,0.2616072599088492,0.202468349689772,0.8804523424878837,1,2
-0.58118419545287991,0.81162893027993654,-0.059020424332890467,-0.81354464648490332,-0.58120607939140467,0.018563444029221523,-0.019236401210787766,0.05880453053224808,0.99808415880492762,-14.488819475195379,-20.40800385279373,-0.5241735702141852,,0.1354588260003288,0.3846153846153846,0,1
-0.96782422125157797,-0.18493949209615757,-0.17062725755866229,0.19642005314700242,-0.97909140879158174,-0.052907239128900496,-0.15727504404864603,-0.084719522506498973,0.98391420511433114,-11.228774139590909,29.163076056331278,-6.4506843374846143,,0.3579563032677666,0.4838709677419355,0,5
-0.25765217021063835,-0.92128856756354705,-0.29127776170256681,0.95918087317555589,-0.2802390582251662,0.037922589300460309,-0.1165650535963834,-0.26961722037321911,0.95588657421175927,9.020748663006799,5.0326982030722718,-0.11033434894500059,0.7532289575311198,0.5741289325856063,0.8571428571428571,1,2
-0.035979192365866768,0.99410690926083234,0.10225923272044901,-0.9955437949006547,-0.04457909521966822,0.083097874245968206,0.087166795005339887,-0.098813750203454842,0.99128088482489485,7.1831584922818683,-5.0779041727896645,0.89919315771112263,,0.1590704863988696,0.375,0,1
0.48147489831371182,-0.8441000911167208,-0.23595965432790486,0.8764545021769542,0.46275235907054196,0.13299533746863368,-0.0030704897896651246,-0.27084181795171824,0.96261897017514697,-7.0281578952800219,7.2072812816258356,-3.4987986944781064,0.5950331552711888,0.2413150979182007,0.5573770491803278,1,5
0.57345593548131768,0.80818601882696584,-0.13410312835227423,-0.80208143027542,0.58719790449362408,0.10892199119385448,0.166774306380162,0.045099666638640651,0.98496312154339072,10.646041112746085,-10.691660707100585,2.411799126654703,,0.1241201544166659,0.4736842105263158,0,4
-0.98512652711253978,0.048825102184048681,-0.16474779202132547,-0.052089612665377753,-0.99852132983581199,0.015550759315570041,-0.16374491696402557,0.023901114192377546,0.98621313057006399,-9.209038558616415,3.974318056800846,-3.3784705260997812,,0.163245493455191,0.2743055555555556,0,6
0.86579920504251928,-0.45318833936609004,-0.21216047136624533,0.49126876198174085,0.85042215850558012,0.18824759181364856,0.095114352485150683,-0.26721242745298351,0.95893210320961464,1.7283629182493834,-5.4344377512880477,0.05601253806447111,,0.2823914268090674,0.2127659574468085,0,4
-0.45722963148431373,-0.80709546606173721,-0.37354781856584957,0.85876053054767165,-0.50988049914353195,0.05051957805270299,-0.23123887057802167,-0.29768907480075424,0.9262342033622335,8.6058811551202599,2.8768996281158601,0.079947755437808937,,0.3009652879492336,0.2758620689655172,0,2
-0.39084509742466389,0.9115570168594096,-0.12768678409874365,-0.92006579324268245,-0.3828606501461817,0.083046123776829253,0.026815031676623614,0.14993841263671326,0.98833163790914069,4.0841634125659567,-24.425707006923719,3.156987640603746,,0.1359481332039351,0.68,0,2
-0.67489715243255088,-0.71019274897038442,-0.20034992624985468,0.7127998889029864,-0.69766855592514831,0.07193680875051485,-0.1908668436851311,-0.094259457791810469,0.97707983430140943,-19.642736854718439,7.1841595454140643,-5.583904792340328,0.3505575057548463,0.1895000652764041,0.3780487804878049,1,5
-0.395435780199062,0.90852279492895838,-0.13496990343344464,-0.91823431117701781,-0.38754106286718704,0.081594573159243788,0.021824149825992779,0.15619941000607263,0.98748440534427084,-1.8682739998329201,-9.9802304569714053,0.19609860161797521,,0.08163614885458373,0.4098360655737705,0,5
0.94171276634411794,-0.27342514835035275,-0.1959993723308758,0.3121656754942399,0.92740287362557583,0.20609828003709862,0.12541792833456714,-0.25526965789261563,0.95870107176932562,-9.7709297663073293,5.9191294992156571,-3.808408344247709,,0.07132615219675682,0.3008849557522124,0,5
-0.46398652838400678,0.87797030660913322,-0.11783311160629706,-0.88579987892338163,-0.45854027651205598,0.071410008511199816,0.0086646394893114785,0.13750983793500723,0.99046250231576594,-3.1629523876545083,-9.4781930152893352,-0.13724640723739304,,0.07048261237360047,0.4117647058823529,0,5
-0.47296216444890166,-0.82296622064576097,-0.31469571124475804,0.87091748225855747,-0.49076697556475429,-0.025505191460573493,-0.13345235140763437,-0.286136987072727,0.94884987987179359,-11.397678560911277,-9.751722018491316,-1.487631016162801,,0.2566935338103009,0.2727272727272727,0,4
-0.025715915258009255,-0.97545017870269257,-0.21871360399236245,0.99467266730490178,-0.0468149456231284,0.09184032764997993,-0.099824729496227643,-0.21518668577583649,0.97145752024770327,11.165478290375646,0.89515842491153907,0.84729400526042298,,0.07003044461380643,0.2173913043478261,0,5
0.60773368185052767,0.79249792773954952,0.051056894470002376,-0.77526523322685603,0.57812715300820905,0.25442643947579602,0.17211504900533728,-0.19420615202187144,0.96574343405624463,-20.76580594064977,-10.412966675338909,-2.9723137246695996,,0.5932421886767161,0.32,0,1
-0.85637964934995914,0.50212881624819505,-0.12033514894837877,-0.50790185961576317,-0.86115506298470912,0.021157941644961976,-0.093003210579482368,0.079237676574900856,0.992507830413907,5.6886362821290994,0.41358521726867226,-0.067290346393835632,,0.07026882269379046,0.1818181818181818,0,5
-0.5719855122771681,0.81033757832984177,-0.12722257225647379,-0.82009980589014331,-0.56805145019120595,0.068948229234821828,-0.016397625559069148,0.14377259503186204,0.98947489043119707,-20.662066695776804,5.3211399209621906,-5.4206861402868949,,0.07017018526989824,0.1515151515151515,0,2
-0.12397083080562228,0.9897520570265228,0.070866767395800737,-0.98977724054555849,-0.1284167664298583,0.062049562429712282,0.070514163168709024,-0.062449977673862907,0.99555399305168324,9.7847171422432773,-7.8777072625341216,1.8881524534093723,,0.09068327196434263,0.3809523809523809,0,4
0.80556890761890132,-0.54898554268114419,-0.22287577034029488,0.58745633126975805,0.78903408202774561,0.17977840874173318,0.077160831571248242,-0.27575367871657314,0.95812635635677579,-8.4384695080639549,-3.0671276552875719,-2.0139311955211143,,0.2867689256178098,0.2580645161290323,0,1
0.5151200590088989,0.85034953409507841,-0.10750346353002489,-0.83630838745168279,0.52611448365196845,0.15424600860180529,0.18772215075646784,0.010450835177416833,0.98216657149358355,-6.0192003662081008,-23.169524299612561,1.2691526008743299,,0.4231086033553348,0.2666666666666667,0,2
-0.86609105030094835,-0.43088422735666587,-0.25342666632351024,0.46340744170100823,-0.88217363602252308,-0.083804647143977687,-0.18745622306214693,-0.19002225796482108,0.96371764843922247,-26.841116226067168,9.2082382540900429,-6.9204404108695945,,0.2712068409117996,0.2222222222222222,0,3
0.9661302884722337,0.21882002382931215,-0.13678473185227363,-0.18962553845488822,0.96151540321617401,0.19882224358389211,0.1750269146795797,-0.16615031311850748,0.97044301872308292,5.3421247351480003,12.936238980315949,-1.885432144691944,0.3851166954454751,0.3397131694429867,0.5673076923076923,1,4
0.99138999951283746,0.054158661229588692,-0.11921706371050635,-0.021092029247038895,0.96461601314184786,0.26281376199234435,0.12923233019712344,-0.25803640557902907,0.95745298486540698,4.4107607777113165,-11.040701671639493,1.3773031267873843,,0.1816835067559578,0.1875,0,2
-0.97810157025330557,0.13715163289306823,-0.15654631219796628,-0.14778496237598104,-0.98729481769253558,0.058382770172315156,-0.14655007049997607,0.080239470039554311,0.9859435603949267,0.30354959995813019,1.8339332246689024,-1.3681080823794192,,0.07864352671724459,0.1229050279329609,0,1
0.77829263534330928,-0.56456004012823613,-0.27483183014485818,0.62406953884915584,0.74379298923510839,0.23939339975301185,0.069266041109404278,-0.35783229347713702,0.93121332963715886,-24.754602403006619,10.685116657561057,-6.8585928724945155,,0.6604363653531526,0.2105263157894737,0,1
0.98481980118586521,-0.12182126507007189,-0.12365087370883661,0.15588618877681235,0.93404801875261856,0.32133128514501541,0.076350869941811339,-0.33572887579270644,0.93885923684974915,15.475505876654264,-1.71123740219839,2.0182987177346052,1.108335746556395,0.4047903283096539,0.5,1,2
0.9702579655169925,0.21456670425521976,-0.11207412625525784,-0.16752715196499907,0.92936836407007917,0.3289515119591348,0.17474018915327555,-0.30039236556669979,0.93767280700888411,-8.7707288550071247,-9.503739113921684,-1.0329326771252652,,0.2860663823251756,0.2857142857142857,0,1
0.515575266542737,-0.76991369334057469,-0.37605192372338819,0.85684386911348243,0.46283049506894131,0.22717067767842788,-0.00085351744155612709,-0.43934136800546586,0.89831978374466581,-6.5353996337421201,-16.811482339866046,0.34405065093803655,,0.3043546821815166,0.6111111111111112,1,2
