axis_00,axis_01,axis_02,axis_10,axis_11,axis_12,axis_20,axis_21,axis_22,location_x,location_y,location_z,dbh,dbh_approximation,score,reconstructed,number_clusters
0.9638148659309087,-0.039184901514714238,-0.26367678643344261,0.088988769711221646,0.97969031725927447,0.17968828880510276,0.25128052665470973,-0.19665051681016504,0.94772710796010651,-15.574877531710356,23.269531486520098,-5.4870702368850042,,0.3659205140687616,0.3333333333333333,0,1
0.67589480691997994,-0.65056283076273658,-0.34631519344172629,0.72518539034196616,0.6708572603511499,0.1551021788006931,0.13142434939224779,-0.35597547593075396,0.92520759882455561,-4.1037534061411582,21.030780666882858,-2.7894120934386404,,0.2205465170038527,0.5925925925925926,0,2
0.73590377927559703,0.67040120837555128,-0.094909680520449471,-0.62033976416675474,0.7237449169843363,0.30227780621949629,0.27133780540394353,-0.16357113115686642,0.94848314714107318,-38.955424661891051,11.406352031212544,-10.07384656951402,,0.5866719934176042,0.2,0,2
-0.94704097276041665,0.21106698969129664,-0.24200025160247218,-0.21639793571812768,-0.97629416332169505,-0.0046518900381174169,-0.23724529358859539,0.04796282442316923,0.97026503499992989,-17.308546553584755,8.9853648390852427,-5.0501506453288405,,0.1325852335373904,0.5308641975308642,0,5
-0.54321704464626241,-0.72750338894712818,-0.41911103716822373,0.803767038056734,-0.59487332198941678,-0.0091803768321605545,-0.24263921970548263,-0.34185457413309422,0.90788857202026463,-3.1046237948983033,-27.458515260389238,-0.62637643238630025,,0.5981021896785843,0.4222222222222222,0,2
-0.031505155135166503,0.99209494063776005,-0.12147038306051708,-0.99703982687669312,-0.02266667613311079,0.073469758504916313,0.070135645870007812,0.12342548583674399,0.98987228500668745,10.329303200254104,13.850394316883007,0.49792632643098761,,0.0857590812422592,0.1538461538461539,0,4
0.53021820904364203,0.83345939937527336,-0.15560874137259711,-0.82675856678880089,0.54893149561605958,0.12306293252660085,0.18798649696157257,0.06340065231310453,0.9801231729973493,-25.017444103114471,13.984672130462156,-7.0595067156151003,,0.4558781420391485,0.7884615384615384,0,5
-0.34418040251152299,0.93382152635004489,-0.097556175879740109,-0.93866327157422846,-0.34458033048772591,0.013253619827654793,-0.021239423828635778,0.096134035420564479,0.9951417658349917,12.271399103990872,10.869434243699533,0.97470377831854915,0.8041077441807707,0.4269468336979553,0.4390243902439024,1,5
-0.95729123805736216,0.22988184502443082,-0.1753505713328781,-0.21237158725761157,-0.97062485193316173,-0.1130738950218431,-0.19619325794809017,-0.071005169796936107,0.97799103850588665,20.111204753296381,4.4607689178302223,2.6568283369133918,,0.09272399876543592,0.5384615384615384,0,4
-0.96215845480082263,0.112416297106534,-0.24822103859292866,-0.12080013736056747,-0.99249963388464724,0.018756426965496752,-0.24425076185953792,0.048031790344515213,0.96852181826086847,-2.636082668439832,8.8353706882992036,-1.8794219140142927,,0.06774564591082548,0.24,0,5
-0.57036550640028283,-0.76593391242008646,-0.29669585590905734,0.79218542399076208,-0.60840976880604503,0.047747327024152769,-0.21708395409455186,-0.20780470405222778,0.95377762704334834,3.9025835508636826,9.6502434114561826,-0.52913181612748161,,0.074564225051481,0.1875,0,5
-0.97062845284383881,0.089248133178385591,-0.22341704781450666,-0.091914023156312294,-0.99576575548410695,0.0015403091854862075,-0.22233357568571882,0.022030227627947069,0.97472172962003045,9.0424152102771274,-31.282416510837063,2.0250199593895393,0.3779083405627565,0.3413733728067797,0.5714285714285714,1,4
-0.90299263249589878,-0.23879776175528825,-0.3571833347719236,0.33503165411902847,-0.91181049057547658,-0.23739296538603974,-0.26899460291313521,-0.33403182222233591,0.90336296434292196,-26.970199596539871,15.011439874287186,-7.5996958840785886,,0.2358888419658752,0.5238095238095238,0,1
-0.7515620929461041,0.6346942181442774,-0.17977115981352046,-0.64238083493168596,-0.76614155347871793,-0.019338638672072056,-0.1500042778021467,0.10094735998253571,0.98351835120327824,-6.5944382604974301,17.801427968345315,-3.175040596346975,,0.2852124484831874,0.2777777777777778,0,6
-0.96228941465817164,-0.06764655764272616,-0.263482495957368,0.071851426452710435,-0.99739517090278917,-0.0063439401407201935,-0.26236702337288093,-0.025036299624497497,0.9646433168521763,-15.289443725904903,16.659239098627513,-5.0345292077384087,0.1982603910252438,0.1107599235924485,0.3809523809523809,1,4
-0.57011660774806772,-0.68857335352567051,-0.44814483192852861,0.79253753585914422,-0.60466039420772566,-0.079183722638398596,-0.21645162929429007,-0.40031555614411385,0.89044716164681958,-1.0224199700725973,14.036343569164458,-1.8240418769694262,,0.4707952449860308,0.3157894736842105,0,1
-0.95568463434058226,0.17740197053715562,-0.23493705653821909,-0.18227379674845715,-0.9832473102699717,-0.00099491998102045035,-0.23117772968910794,0.041872039553868423,0.97201007690218388,5.4519662070047135,-31.142561063471092,1.2826010655917468,0.4826244397760952,0.4801562179909427,0.7837837837837838,1,5
0.62388016362590948,0.78070170724611887,-0.035754520512856998,-0.74774369503803539,0.60959630594767067,0.26319519430608951,0.22727276115930573,-0.13746704360663914,0.96407982239909795,-15.063884457917109,-27.975931631828985,-2.7618108729786233,,0.4312112619467521,0.3333333333333333,0,1
0.76417922342021771,-0.55157329715098014,-0.33436060228871267,0.6264712684512409,0.75808042298798395,0.18123968132683821,0.15350525820950717,-0.34796690956520143,0.92485413203903499,6.9732279833841124,11.529735695997129,-0.0012864391687971446,,0.403744952091655,0.2580645161290323,0,3
0.47981862112469642,0.87545615082578887,-0.057884529913350018,-0.85117898595248875,0.48048137669688162,0.21126282332763399,0.21276377674521713,-0.052097741109993864,0.9757137903485571,-19.276451954451254,-22.036149177013794,-4.0056259468016773,,0.4170277243577127,0.3333333333333333,0,2
0.90836495525962468,0.36899060690753582,-0.19677154283633153,-0.32446852053682312,0.91874703101586663,0.22499793816872482,0.26380539652711271,-0.14053407065028881,0.95428344203891247,-5.963738154924326,-24.626656215184418,-1.204801843325418,,0.3791878808480953,0.3636363636363636,0,4
-0.96507354832311654,0.081374728786165876,-0.24902048076816308,-0.066368434418902916,-0.99546927760022808,-0.068089266899150624,-0.25343298372511192,-0.049184050962257517,0.96610178133110236,-17.226795099964928,15.908684303854411,-5.4203834582379713,,0.08823515017099187,0.25,0,1
0.90798112622956439,-0.32480278685466829,-0.26471385317420165,0.3657586991804172,0.92260836573722116,0.12253316875664177,0.20442810077076212,-0.20807919916016476,0.95651042780103757,4.0581970826080473,-28.638108743986404,0.87303927851074126,0.5247478229627334,0.2980809597740744,0.9038461538461539,1,7
-0.75225186329796223,-0.59720794919723985,-0.27831600669090462,0.60990782071846616,-0.79097104192414291,0.0487571642314003,-0.249258067855779,-0.13306944146971997,0.95925123891279984,-4.3599635076805336,-26.678428320215428,-0.83720534112775802,0.5390654838783799,0.4596225011480506,0.9387755102040817,1,5
0.94600366911990841,-0.072914667402310257,-0.31584887096407599,0.15472203894025083,0.9577840987250551,0.24230293208214865,0.28484758850627906,-0.27808824410076249,0.91734877762774214,-25.944772948773277,11.909797161503834,-7.184205012448067,,0.4595315934589112,0.2195121951219512,0,3
0.69639090406711823,-0.58893014112893005,-0.41012314931303323,0.70558836232440669,0.66624605987994756,0.24137367430357343,0.13109070022295183,-0.45746855254137869,0.87950994977359565,-10.28228619150422,-27.99476106588676,-1.882783147543813,,0.3231409446989624,0.2666666666666667,0,2
0.57360595520729896,0.80119971661169842,-0.17045592466106102,-0.78933566286798129,0.59625556852928052,0.14638479539416008,0.21891875085402743,0.050579749892220985,0.97443125433524236,7.9004022006199364,-28.003337011026588,1.576140416309233,,0.4670195485036854,0.3846153846153846,0,2
-0.13662467768415232,0.98774796244112528,-0.075416577362724058,-0.99062279678788745,-0.13626002857389949,0.0099839419662156072,-0.00041464665213057162,0.076073433644383251,0.99710213156010663,-8.1984137146153984,-28.69474939532682,-1.4634640628863129,,0.3464805995201166,0.6538461538461539,0,2
0.89852283451529191,0.36792581003636488,-0.23934768468420675,-0.34682143226803086,0.92934655374270225,0.12660915119419597,0.26901972041870348,-0.030750306594370475,0.96264365612109837,1.7312257394682085,18.529881779714064,-1.517350982268705,0.1546942233858981,0.1787913369958662,0.4705882352941176,1,5
-0.96328876686235321,0.13961933386234035,-0.22930589449171079,-0.11196725608129983,-0.98523423283123757,-0.12952544160537632,-0.24400427291838939,-0.099095651111839725,0.96469786292304427,14.981094508901297,7.7599269249512872,1.7188817326318133,,0.220479595179972,0.1428571428571428,0,4
-0.3212977375115269,0.92532016895238645,-0.20137117172003946,-0.94692362242654571,-0.31621489509511946,0.057825542890420766,-0.010169422823505978,0.20926233547848561,0.97780665665024347,-21.972557608974441,-19.469632481857616,-4.7096816575409761,,0.08146633649581117,0.35,0,1
0.92880934282104177,-0.22152125672956555,-0.2970547718945149,0.30469379353182602,0.91278295058807202,0.27200914929266962,0.21089072258288946,-0.34315538453110545,0.91529748453482573,5.5431323903191281,-27.805995279133114,1.0551616873944456,,0.1204805176507703,0.5714285714285714,0,3
0.64614459499481203,0.73989733468787655,-0.18721403921919624,-0.72689056658283324,0.6713649379362816,0.14456564018708035,0.2326526736830635,0.042673812011455585,0.97162321874095459,13.045131092855774,-28.995335387178987,2.628047395253732,0.3440018653326066,0.3119940331352777,0.8378378378378378,1,5
-0.8591320384998371,0.45744102690252597,-0.22943375368388219,-0.47601313166089215,-0.87892343022312225,0.030084918002380889,-0.18789262601151724,0.13506039653126445,0.97285921405890641,-13.285564542075839,13.274916273544102,-4.4038779592749542,0.4699829400955052,0.4460017640256352,0.89,1,5
-0.49538548148959283,0.85092165177523049,-0.17471567551149522,-0.86636311328922233,-0.49863022979937999,0.027979454283891262,-0.063310193974832424,0.16522783200880997,0.98422130787162809,-33.168951397892826,15.454543376625237,-9.0297692587924363,,0.1563473621987635,0.1875,0,1
-0.96698932422313288,0.024601818693875229,-0.25362649182497171,-0.0065583967961369101,-0.99740156967937232,-0.071743266113194093,-0.2547324758839225,-0.067711589244957654,0.96463801833224927,-31.366284224115955,11.612221446017335,-8.3242657465706174,,0.2043163045553488,0.3043478260869565,0,4
-0.94517171395927246,0.21839545230705201,-0.24280415470681541,-0.23176212749230468,-0.97238206233610225,0.027557959054166404,-0.23007987176529301,0.08231981085126798,0.96968381514279156,-4.9567695095014566,-29.324143137597069,-0.86105691561770481,,0.09110487261973335,0.2272727272727273,0,2
-0.38325758362580281,-0.79754506046975226,-0.46587069140868931,0.90681120809552374,-0.42075282059966479,-0.02570013287443252,-0.17551939341750197,-0.43230653531692748,0.88447950912196194,-31.758012863037148,10.601672425485308,-8.3184471162239078,,0.227983195619737,0.3529411764705883,0,1
-0.14783564243180339,0.97702342567101352,-0.15352474887409803,-0.98704921466405759,-0.13597904471347,0.085109031423702797,0.062277368745352765,0.16411863114494663,0.98447275444943894,-23.115827359040601,-23.704838088604927,-4.715829017750754,,0.1433832097772899,0.3529411764705883,0,2
0.10242161348863685,0.97100232192026559,-0.21601922117218431,-0.98949357163383023,0.12172640763176747,0.078007393113672718,0.10204060361302535,0.2057599876324781,0.9732679706554469,2.8620431589981421,14.905053320746894,-1.0415698735832608,,0.09691336324502922,0.3333333333333333,0,4
-0.84758984630814849,-0.45321474473733292,-0.27602146218727813,0.46015939846228976,-0.88679230381768803,0.043043441969022538,-0.26428163092079004,-0.090530685639682015,0.96018717681265453,-3.2537008996300072,17.035519956537119,-2.4304841684518763,,0.08100721849661048,0.3076923076923077,0,5
0.9680545254618218,0.083987518416629076,-0.23625522741963645,0.012475116443283958,0.92493291471628247,0.37992561738341507,0.25042924590114118,-0.37073602471928585,0.89433773976766029,-28.860865600508369,10.833538548366208,-7.7276188970989654,,0.5586473786834152,0.6470588235294118,0,2
-0.6951660168039413,0.68846865393463152,-0.20677311631442588,-0.70781124498371439,-0.70577702400527531,0.02969905488161877,-0.12548884633921331,0.16700211057257267,0.97793805760322028,-12.63483859322189,17.301050998552519,-4.4593692217704497,,0.06661181793097617,0.1666666666666667,0,2
0.706721597375779,-0.60618458755890092,-0.3648079352325988,0.69479941767773157,0.69189414431956298,0.19630655172709982,0.13341046809494345,-0.39220242077573231,0.91015323332960962,-13.199632637749188,15.677212726581581,-4.5483800613363696,,0.07811032223399227,0.3333333333333333,0,3
0.6644541150799288,0.73564628503334228,-0.13162550007498827,-0.70939458615988182,0.67626796533701627,0.19854712333847091,0.23507456281018252,-0.038551035985745406,0.97121252439619365,-21.606184406910444,-23.486555643301681,-4.4043944767290455,,0.2453203979162762,0.4,0,1
0.95995142600469852,0.085449959269301032,-0.2668174735140541,-0.032990830130786068,0.9802039352759947,0.19522256631019247,0.27821729787852828,-0.17860165097313807,0.94376723053454337,-0.76978256761924435,-26.133347281733844,-0.21033336533601774,,0.3898867841793394,0.125,0,4
-0.78043996263645121,-0.55313136212938541,-0.2914775479327778,0.5776804038045541,-0.8162599555417247,0.0022441121248236631,-0.23916273911339497,-0.16662947280691895,0.95657503783648135,-20.040401330238247,13.46492234490859,-5.9024504723614992,0.3013919314798598,0.2684841960358131,0.4909090909090909,1,5
0.95933062694140225,0.15559162714445138,-0.23553342390149004,-0.097380210216230473,0.96557256726793572,0.24121921979363775,0.2649563037001757,-0.20847269102247062,0.94145488167377966,-2.4516884226295614,-23.026560782343914,-0.66302412812473643,,0.1091377804681497,0.3333333333333333,0,5
-0.58506772374835325,0.80837570645565415,-0.06499596787680767,-0.80348773593540512,-0.58866682630321221,-0.088762750134845803,-0.11001462097974855,0.00029124289922833582,0.99392992627662458,10.726150124279142,7.5379310667865989,0.74496179458256806,0.6722451604632366,0.3066676461473645,0.2962962962962963,1,7
0.9173515376562219,-0.28060353400990545,-0.28236113943125635,0.34059714941589425,0.92042671070502258,0.19185476806819274,0.20605760886104776,-0.27216966569014411,0.93992762216491055,17.077665508538004,7.6815818961291598,2.0249471558777987,,0.2914763900547797,0.1818181818181818,0,3
-0.76689415032188368,-0.53492949805379297,-0.35457551285162459,0.5807952526411797,-0.81353899428346854,-0.028830180188656396,-0.27303889230573736,-0.22804547110644149,0.93458280874211275,-16.003369643065806,13.894506139438169,-5.0391132010060131,,0.276386000645596,0.2807017543859649,0,4
-0.72048093244602274,0.65448741205305172,-0.22924540005376212,-0.67919846630171032,-0.73270836201500356,0.042753942586573182,-0.13998810433431511,0.18650652454375508,0.97242925035577554,-15.187951260126313,10.606765781588571,-4.6672250732195311,,0.07739396682194671,0.3333333333333333,0,5
0.93707022634382908,-0.20444280114843907,-0.2830239070440963,0.26839912184448506,0.94026229567465502,0.20944862550453144,0.22329644487325526,-0.27223143902056568,0.93596407052608477,11.246522547991503,-28.549120924962828,2.2658111684665978,0.179665347234693,0.1920270329861834,0.3809523809523809,1,4
0.96819933356174115,0.019512775232808165,-0.24941792656766881,0.035433565686865599,0.97620849415873501,0.21391923325183018,0.24765805642723529,-0.21595422555497773,0.94447300625885278,10.970635992138025,-26.770242428649087,2.1300776478777985,,0.1971770208993817,0.25,0,5
-0.69204482983235271,-0.59492185951044285,-0.40882995802527333,0.65346484894035983,-0.75694251541168012,-0.0046604250440195087,-0.30668818807000492,-0.27038122981981388,0.91259867732725886,-13.614381489225039,22.066090784099014,-4.9326316387475755,,0.4207137132358234,0.1666666666666667,0,2
0.6352358248924842,-0.71919869782289614,-0.28147589563409636,0.76459160624314515,0.63705086423952939,0.097805276106132696,0.10897303536055714,-0.27734352240771781,0.95457081882005335,-17.224117861402373,16.989126265014772,-5.4918334495013736,,0.4205630297809595,0.7241379310344828,0,1
0.40375003336838289,-0.75451985798223997,-0.51738350811123701,0.91420334324402963,0.35431698640329157,0.19670211068397045,0.034902116790660215,-0.55241221660690165,0.832840071794688,-18.359664621095984,-20.144370330194466,-3.9138495979799472,,0.4121440062009769,0.2631578947368421,0,1
-0.68313303436935402,0.73005958206398958,-0.018500378100810809,-0.72727725699218704,-0.68239302225164322,-0.073536077160739011,-0.066310246683604732,-0.036780019287958522,0.99712094620759928,26.053801859766285,3.674662267828853,3.7322857133052016,,0.4899371479324134,0.1904761904761905,0,4
-0.96314663236724463,0.13280919330302399,-0.23390229313505492,-0.088509556666224828,-0.97765898514930938,-0.19065405092882853,-0.25399728923432519,-0.16292521883067729,0.95338384197058423,-15.181902216396701,8.582228442906187,-4.5568010622094652,,0.2321086172259362,0.2276422764227642,0,5
-0.94098386471738904,0.26248796263786695,-0.21365728588500393,-0.23306958931197899,-0.96030143664170864,-0.15329617517020475,-0.24541379928494225,-0.094452211483323209,0.96480611879612266,-24.06110538657525,11.367876438083822,-6.6593517676264753,,0.4601217928141176,0.1379310344827586,0,3
-0.35422025688615055,0.91554533154215489,-0.19053806838234394,-0.93498453740633469,-0.350693462703565,0.053084932212873942,-0.018218793115124386,0.19695390604999041,0.98024345673362157,-0.10622459459455062,13.024132980438647,-1.5129817255522446,,0.08400022973791209,0.1521739130434783,0,3
0.41850625013519732,-0.75972117942210249,-0.49767082307009397,0.90735578925782623,0.37356468557755856,0.19275605668732274,0.039471385814058027,-0.53223411693241607,0.84567656611442676,-16.347269316375829,11.820810837057127,-5.0030051641805517,,0.4046024196686864,0.1176470588235294,0,4
0.32768946504345486,0.92560925428653551,-0.1893861739374314,-0.9290904394227274,0.35209113525299818,0.11323774922498094,0.17149510160007217,0.13885006609785816,0.9753512645564173,-3.2836602395231909,-24.954721758583517,-0.72878245243497641,0.1678172662908641,0.131219286746916,0.2272727272727273,1,6
-0.78294957366580442,-0.55469985424949497,-0.28159907100720749,0.56728363108727475,-0.82241229317833098,0.042746952284277689,-0.25530226594562422,-0.12627783544528431,0.95857950180372731,0.76050582461903493,7.2706514974879513,-1.1405466738095715,,0.08344263393808354,0.2831858407079646,0,5
-0.95453273206749545,0.17394107305073919,-0.24209867103667165,-0.18681582684939843,-0.98190264434508145,0.031097328932146284,-0.23230822251986824,0.074911281754459394,0.96975315911605342,-1.2632320688010075,8.0197144501619402,-1.6076141292307351,0.7107839655478216,0.5040262623406413,0.6379310344827587,1,5
-0.030653823649768788,0.97743774069102474,-0.20898757419634736,-0.99689707081369516,-0.014731010539390384,0.077325464961826268,0.072502229612082414,0.21070942171937468,0.97485638239689609,10.139513228670278,10.632630438596772,0.56161202797902743,,0.07197133350253303,0.1428571428571428,0,5
0.38192544148137086,0.91652228245956524,-0.11882702935093238,-0.90748408238918277,0.39624598319303433,0.13950541571439926,0.17494455510109952,0.05455297020779918,0.98306580455327797,-17.176334064919885,-20.603663458751008,-3.6422187589984496,,0.1850471379567097,0.1764705882352941,0,3
0.28390892481566399,0.93762428352354676,-0.20064003926676888,-0.94680584669009227,0.30719962455798056,0.095849253230762113,0.15150713212081005,0.16275470382877624,0.97496486875073418,-14.519605084199672,-21.8673858777193,-3.0013927957269049,,0.08394930556498367,0.1304347826086956,0,2
-0.5488031646354703,-0.74470691975491454,-0.37977189226592484,0.80864221956361448,-0.58810092422848981,-0.015331785963423623,-0.21192651373842972,-0.31551371854603166,0.92495310485663629,14.766133802658723,6.0465403681825496,1.7274730762173065,,0.1418069475253422,0.2142857142857143,0,2
0.95390273212603705,0.18815933859564565,-0.2338068453697002,-0.15171654754033914,0.97450976985809346,0.16526583934245273,0.25894336609560353,-0.12217516830507952,0.95813441719035608,15.2383380193136,-27.38355231851029,2.9803399657272793,,0.1305392444093676,0.3076923076923077,0,2
-0.61821885990706926,0.77532979807376845,-0.12910904489652636,-0.77937413273277512,-0.62596916016055149,-0.027176676671891702,-0.10188916763934343,0.083823115826027153,0.99125792948706248,9.0562665724079814,13.914668825458776,0.2862611679465773,0.6785077811300816,0.5823960164488835,0.1875,1,5
-0.62239276333181082,-0.7262414590262517,-0.29189140333968938,0.74853739367966798,-0.66126638801345206,0.049178596430684507,-0.22873350960329755,-0.18788322776411814,0.95518630345576794,-30.962452387372355,12.794616047518081,-8.2703782412766014,,0.1102109124753384,0.4210526315789473,0,2
-0.94985729582949818,0.23034387066399398,-0.21145405838385364,-0.20941483452161549,-0.97082010454512668,-0.11684926911741343,-0.23219936399946767,-0.066708514138140898,0.97037798279831355,-27.699789126779738,10.934252427009795,-7.4798449589222775,,0.1578935534663002,0.2708333333333333,0,3
0.87966978313459643,-0.37614170777234984,-0.29103004709828922,0.43088840508120202,0.88934492051869984,0.15297318299023943,0.2012864998118607,-0.25996735953132172,0.94440495391108692,-7.1390142504077847,23.830620600688967,-3.596715248315574,,0.1374490403178295,0.2777777777777778,0,1
-0.087892691455373428,-0.9099893340468117,-0.40520894204073399,0.99197093871625119,-0.11709001431559612,0.047786873615809383,-0.090931466122186583,-0.39775537767403457,0.91297433041693787,21.810963262427244,5.5157875667002481,2.9128081767497767,,0.4904539237620856,0.1111111111111111,0,5
-0.061248861656335397,0.98237132435696894,-0.17662151065750453,-0.99509639011689444,-0.046330690552838671,0.087387879532711432,0.077664350394049189,0.18110783581621473,0.98039186067808537,-10.353983716832085,14.251003398912861,-3.8655887438067085,0.8073693265708599,0.3526852315440229,0.282051282051282,1,5
0.05992047311051104,0.97351040311660775,-0.22065138097449993,-0.99357832161033988,0.079421305559647867,0.080587685468580847,0.095977370917286448,0.21440557652948861,0.9720177946029922,-1.7664106451040968,11.605050051528467,-1.8397583090108318,,0.07395761044767907,0.2448979591836735,0,3
-0.79255773991354939,-0.49550713029589299,-0.35542216128015658,0.55138898238642986,-0.83124967929097759,-0.070669376546749332,-0.2604273776045562,-0.25198542518284206,0.9320305394617916,14.26259154760236,12.287601023385733,1.299997538954933,,0.2970553780807123,0.3125,0,3
0.85004421021513499,0.48930070981910556,-0.19496065256930212,-0.45458588915862125,0.86849361023949712,0.19766263772152723,0.26603854994642123,-0.079395619171874668,0.96068716323198644,-15.086229991663782,-24.10160487364772,-2.9662421652100099,,0.1099214016601539,0.3636363636363636,0,4
-0.9498977201247748,0.27208319461123676,-0.15383451014612293,-0.25827308144016953,-0.96046208096347629,-0.10395963848872952,-0.17603788428958508,-0.059019710618161907,0.98261250605383288,31.059790212184861,6.3067814262866628,4.4424620827789658,,0.3013766361341077,0.2777777777777778,0,4
0.69389501109415241,-0.62318253130695245,-0.36076757927023423,0.70838857891386209,0.68067890622369875,0.18671327721002534,0.12921042853827425,-0.38512304435851141,0.91377508494212456,-33.464168467274057,13.469280808090728,-8.8962963154266266,,0.5110129535664188,0.2857142857142857,0,1
-0.43417667045193514,-0.84144275146632286,-0.32165931486598831,0.88116998076445996,-0.47089253379709589,0.042422713417620043,-0.18716325449947244,-0.26501757982997315,0.94590464558867182,4.0825256329152282,7.569121757157701,-0.48261834107221319,,0.08278878142309092,0.21875,0,5
0.94941697281980653,0.24757420441769842,-0.19316942053187178,-0.16898715246104448,0.92129965369602562,0.35021463476372866,0.26467102981774016,-0.29985656805634225,0.91653438809937182,-15.779781143856267,20.741095670272234,-5.3628234768718244,,0.3164951549856249,0.391304347826087,0,2
0.56623091861207187,0.82318416816062667,-0.041837448505229059,-0.79405932970442838,0.55840114319014544,0.24012068672501707,0.22102562683337013,-0.10274234070546225,0.96984106105551104,10.289055347851876,-29.391362379252211,2.13170628816001,,0.3123806599473147,0.3684210526315789,0,5
0.91937496327442136,0.36256502757171771,-0.15263118189306873,-0.29663229686340309,0.89379098352490249,0.33637324243632821,0.25837754809908958,-0.26397779935348065,0.9292775495441582,-9.8786776680643786,-31.682789363640783,-1.652235269759974,,0.4976684230272284,0.7096774193548387,0,2
0.38781134447105536,0.92148966781506014,-0.021427860594143429,-0.9017927125157944,0.38412675841592447,0.19803165686899496,0.19071514033489276,-0.057475434569592865,0.97996138172280967,1.6303121415295616,15.659424036200734,-1.3016164121907379,,0.3869523891868923,0.2173913043478261,0,4
0.94800309789068227,-0.18430116387335449,-0.2594671605128423,0.24341342137928293,0.94509709970539801,0.21803985512029128,0.20503666180003477,-0.26986024739366998,0.94081635519081308,-12.655747094743168,-30.048316718015371,-2.2783873968988324,0.7443147115144277,0.5464927170866558,0.3764705882352941,1,5
0.34608230012951369,-0.86745924692315279,-0.35740942414069427,0.93808485374828587,0.31387037982853511,0.14656804506559118,-0.014961574286258703,-0.38600497353506791,0.9223753637760872,-1.0905449465173249,-29.993973390524147,-0.028063464422782004,,0.4303243587737053,0.4705882352941176,0,3
-0.96425051252808158,-0.0096674569942684398,-0.26481595375769146,0.044509753083491255,-0.99104520792865536,-0.12588994289495414,-0.26122754634566858,-0.13317633467291456,0.95604614580746516,12.01892548236045,5.8831346085169871,1.1561427780992011,0.1492093753886216,0.1087345289194857,0.2941176470588235,1,5
-0.72402882773957256,0.67895777702183713,-0.1216494702973499,-0.67390404831699691,-0.73389578978405401,-0.085148713432455392,-0.1470904152690547,0.020329947338968934,0.98891410293168114,-12.140660561935402,13.295914283226333,-4.1616558852850876,0.5184765264366533,0.2159700895774769,0.25,1,5
-0.96573444616652471,0.094838745159132654,-0.2415835091724497,-0.065788744661533047,-0.9898955746331447,-0.12561286716564579,-0.2510554133319845,-0.10541519690422094,0.96221557652032885,-30.178864552966392,10.500853792397134,-8.0123263455250857,,0.1244238122514598,0.2941176470588235,0,4
0.87319009737052722,-0.32503943126607371,-0.36316445582721468,0.44516869269497072,0.83523681368127778,0.32280690840779314,0.19840334900978926,-0.44354124181836119,0.87401789335683866,-10.25455661940509,12.229271719391569,-3.6338922846577399,,0.6959396184127071,0.2419354838709677,0,1
-0.39981227083723403,0.90055767144957111,-0.17072207965374769,-0.91357262007907292,-0.40663807694237691,-0.0055265018287972622,-0.074399031780206654,0.15375745436866484,0.98530372438971126,-17.76379039063935,11.478538249540051,-5.2858239226830257,,0.2318421212934763,0.1891891891891892,0,4
-0.7560150781639704,-0.58777713039208934,-0.28802646853504082,0.6087983971622023,-0.79306199724862203,0.020424987950078109,-0.24042818720245657,-0.15990845352284583,0.95740460271009409,-6.8177511313796897,21.142156458647896,-3.419859733926264,0.1995714415579695,0.1640926883788069,0.68,1,5
0.57831327438540414,0.79857756724303564,-0.16681614360074581,-0.77799156261860469,0.60138785966882391,0.18182896011694702,0.24552573218278237,0.024627450926629144,0.96907719171228168,-6.3475109247971764,-26.10771117144499,-1.2050923600307304,,0.3704239958451077,0.3478260869565217,0,8
0.96004550798785604,0.11717248858591824,-0.25413230906542256,-0.080108240605574907,0.98518858591331626,0.15161174088176929,0.26813297518100959,-0.12519607863149815,0.9552123583349813,-6.6461202311563055,-32.50111680013142,-1.0505228279455838,,0.2561836361474603,0.3636363636363636,0,3
-0.59940505596750171,-0.66079046669303843,-0.45174056493544407,0.76920385622047993,-0.63164569772298906,-0.096690951611735271,-0.22144752528791306,-0.40543762982194459,0.88689419992929497,12.560474433054948,12.430171656848374,0.99464145099960888,,0.5204766475883167,0.2307692307692308,0,2
-0.88553616197661933,-0.34098965195928393,-0.31551824525438549,0.38704652754350788,-0.91714220490381071,-0.09510605396445905,-0.25694491889942639,-0.20634009121075886,0.94414144883640416,9.5096184786518556,6.4779453354795411,0.55330910590563942,,0.2833014508455783,0.34,0,5
-0.48966586209707541,-0.76938561960276308,-0.41021105768274996,0.84873698685744736,-0.52835049726392902,-0.022164818544267002,-0.19968192366077941,-0.35901465205396732,0.91172123424525942,14.675188534947278,10.82808774893336,1.5462436366425201,0.6467448849704736,0.4603049117234658,0.4487179487179487,1,6
-0.96149303957022569,0.12694847658682737,-0.24375237260443522,-0.11977132118667497,-0.99182130560258841,-0.044105876864368003,-0.2473579703167173,-0.013212949900011378,0.96883406859778265,-19.47375913003167,-24.062896880725191,-3.9429696839424198,,0.338802335694458,0.4285714285714285,0,3
0.8770592952307934,-0.3500427894721902,-0.32899397895370797,0.43671424157748917,0.86629753137493271,0.24250620267757453,0.2001191241552471,-0.35636867521181831,0.91266297365189053,-23.432466510772493,-19.238682112605499,-5.0333644291158652,,0.1817794242568871,0.1052631578947368,0,1
0.07933900486527358,-0.86278485965799545,-0.49930712818056255,0.9951960614956975,0.039733714059042857,0.089476427904370021,-0.057359580633402296,-0.50400745819085546,0.86179252758280123,-2.1579873211478997,-25.770578103142203,-0.48841054072057549,,0.5606941577881341,0.3055555555555556,0,5
-0.40651030686222261,-0.80969900255543714,-0.42324566823006143,0.89556796258369498,-0.44483034124265319,-0.0091647096862754497,-0.18085185873656567,-0.38277080971604172,0.9059686045448011,-0.54784572246346053,9.7094586258568025,-1.5557621418428578,,0.137236579681371,0.4375,0,1
-0.91676043273884544,-0.28605657276346952,-0.27878656019131137,0.28587319040782194,-0.95733618135422438,0.042236889991637966,-0.27897460094162507,-0.040976493858435437,0.95942383698787237,13.55309237769071,6.1135117555594176,1.475805713014446,0.1596250493181953,0.1349457041218678,0.5757575757575758,1,5
-0.4805321496778685,-0.81624629677888205,-0.32067247484111988,0.8554699425489859,-0.51677012125522326,0.033463699333719697,-0.19302857436452853,-0.25824528025236759,0.94659882986731747,12.34030940601582,-29.994974918551112,2.5496802755329875,0.267341630841048,0.1977080725037056,0.125,1,5
-0.96216293118118312,0.11320504720716426,-0.24784493367357094,-0.11552260657380453,-0.99329112977210254,-0.005221004352948885,-0.2467732182211575,0.023608235912139564,0.96878564706847758,-6.732202194217412,12.511552555466343,-3.0021047609555813,0.4008992158567589,0.5364481658953691,0.7489361702127659,1,5
-0.22189771139602854,0.96928341641982907,-0.10607103436239934,-0.97489011982932072,-0.2184510390759439,0.043224967158039029,0.018725916169252697,0.11299912468751681,0.99341861160513667,-3.3939184746863713,19.578299179500281,-2.5529080595408598,,0.2503982648840587,0.5185185185185185,0,1
-0.42857832232381088,0.88972890515806624,-0.15717218888956147,-0.90175009536705286,-0.43206012807971272,0.013069477007632136,-0.056279544593203702,0.14733133084979111,0.98748472991252401,-18.239961506300425,-21.168437779503215,-3.848218793716172,,0.2759887049827824,0.3088235294117647,0,4
0.90246717655022868,-0.29928322742042857,-0.30981049858626775,0.35969272418679765,0.91930091463520913,0.15970902453508876,0.23701084240291617,-0.25556873465993724,0.9372889002051501,-24.356384086445118,9.6278847986122287,-6.583646052052317,,0.1594085972429175,0.25,0,2
0.95963325230434193,0.13421918456530893,-0.24716235871672418,-0.093910280782936076,0.98126111686207662,0.16824826803821755,0.26511295750125302,-0.13824554614602699,0.95425535824313057,9.7503444281000302,11.516978855050329,0.47310057934003408,,0.08081093972229113,0.1,0,3
0.73366322240189863,0.6450299606243417,-0.21371622772223686,-0.63284091115921759,0.76314805648665585,0.13083357766189815,0.24748870127348035,0.039260588095453929,0.9680950102982484,22.221323633028494,4.3106323119461161,2.9897938306381939,,0.1555141339807311,0.2857142857142857,0,1
0.87651282974583899,-0.40205587345513744,-0.26471934933277702,0.43792115442024326,0.89432425764103496,0.09170160688915871,0.19987576592019315,-0.19630383800384224,0.9599554580202031,0.93769892686677359,-28.117711788832125,0.26685252919065799,,0.08647165991270045,0.2727272727272727,0,1
0.95101476235958626,-0.11201602103117772,-0.28813769764902775,0.19574093665258921,0.93960116558575413,0.28077595222571927,0.23928311159065685,-0.32342241830497015,0.91550070007906525,-7.3703360470895953,-28.245311012277181,-1.3176780971235675,,0.2617501787053411,0.21875,0,1
-0.038336349727873739,0.99317805912949575,-0.11012568798109575,-0.99683086284951139,-0.030322593545966253,0.073544348466382276,0.069703336794164197,0.11259610643540748,0.99119299919609272,-7.0784072262391025,7.6212796409588375,-2.8883988039365547,0.772210647140926,0.9626832567906305,0.5363825363825364,1,1
-0.96510062907740568,0.015034391899335144,-0.26144739970903136,0.0084968918006882062,-0.99602737588743007,-0.088641239344497871,-0.26174143459552629,-0.087769206120474647,0.9611389014460181,8.8919863148767959,-36.41479816510374,2.279737591763543,,0.3570036021963546,0.7083333333333334,0,4
-0.92511658525425144,-0.23855118230088523,-0.29538557363277607,0.28085102503784715,-0.95347563035850857,-0.10957611075246412,-0.25550343524638752,-0.18433001854091874,0.94907346335360177,20.375057752344361,3.2570176901156729,2.7590826122125884,0.4061849151724322,0.3166376113137448,0.1538461538461539,1,4
0.77719365583454336,-0.55530548891097198,-0.29598282942745907,0.60802421354509018,0.78387247413745154,0.12589876898725219,0.16210051533974998,-0.27781245161975238,0.9468598970553197,-8.504237891788291,13.235471299254467,-3.3211282235594619,,0.2814383330072677,0.3880597014925373,0,2
-0.89936173812261166,-0.1762704609440929,-0.40009647411547239,0.21951900948780298,-0.97346930051524372,-0.064567216355181242,-0.37810034180699914,-0.14589806562432545,0.91419575910879791,23.684654352432265,7.132707305454451,3.1648987691742878,,0.08924444631039138,0.6666666666666666,0,2
-0.35391006644310163,-0.7980405073158785,-0.48772842192479937,0.91993839297208491,-0.39108890676766023,-0.027619198743171959,-0.16870393595342678,-0.45845481313461189,0.87255840280609909,-10.466057750894439,15.585167474522731,-3.9659116509288994,,0.2940116704104243,0.5,0,1
-0.93578319000554999,-0.17136517803574877,-0.30812951345142703,0.22771519120512787,-0.96096643654692959,-0.15712829002031561,-0.26917580314257278,-0.21720378354686282,0.9382786917624627,-5.7809255916496918,-33.802699750028999,-0.82566609335093444,,0.3682613315222021,0.25,0,1
-0.94019536039947293,0.25480964148158164,-0.22606355498251535,-0.25632245922780822,-0.96631410920482474,-0.023148201811262932,-0.22434678776107639,0.036181334410359069,0.97383747610244087,18.735987358396972,11.674437384919051,2.2705927370175618,,0.423908745247837,0.2631578947368421,0,3
-0.36893683215130862,-0.79192983909705583,-0.48655189222719969,0.91174775268721275,-0.41005277881157731,-0.023932280683649526,-0.180559268252766,-0.45244209412544184,0.87332382431227107,-10.438038511227125,-24.243723708862174,-2.011605732539866,,0.2634228674978,0.1904761904761905,0,3
0.11034519418193854,-0.87853389252791314,-0.46476030144656699,0.99263186177663465,0.073861517045017533,0.096054480820321142,-0.050059216002681393,-0.47193503364293909,0.88021099681476123,2.7236248552154132,-25.143392657718717,0.42464415672349604,,0.2477130976450795,0.3043478260869565,0,1
-0.13860890659068661,0.99001993115488707,-0.025457944335818598,-0.99033645800081826,-0.13844188671042651,0.0082185131532196889,0.0046120459805263688,0.026351089543485386,0.99964211051342944,-12.583663757994039,14.895799057587929,-4.3805513176250415,,0.3246543652034862,0.8275862068965517,0,3
0.94727397399302382,0.22961052096319404,-0.22349726364874067,-0.17552983032074962,0.95538463884876401,0.23754888027390481,0.26806957466865361,-0.18579343506923954,0.94531449931868683,-4.3921944632863816,11.009739454840371,-2.4651312774641707,0.8249382671036537,0.8239119255809436,0.4594594594594595,1,1
-0.70520873514716087,-0.60559115747439374,-0.36870040664605569,0.6599896113293986,-0.75070221015953331,-0.029324129976220151,-0.25902577634168378,-0.26401807068914251,0.9290856287448277,1.6934180878297749,-27.587573957100293,0.36850805554947669,,0.5711648327069584,0.5652173913043478,0,3
-0.9176544942665259,0.32032783382291502,-0.23516017526521152,-0.31981959687112549,-0.94657453441909811,-0.04137724309880822,-0.23585091606698652,0.037238819363483139,0.97107549434777563,1.034886095375964,-29.405825548860417,0.35538843329989767,,0.1680050228402206,0.2,0,3
-0.35821813722557366,-0.87993869287254933,-0.31206996482902694,0.92159962460043032,-0.38676452084242086,0.032670129382650757,-0.14944530136135642,-0.27590052954512895,0.9494972352238481,-8.5192451317212168,11.769009627462857,-3.3287900597097382,0.1925088383004417,0.1776516407378739,0.5945945945945946,1,4
-0.092967058073377365,0.99336360967040205,-0.067719015761979098,-0.99391140320264726,-0.088548386410533197,0.0655690921687722,0.059137540504550085,0.073402467578963598,0.99554750215968746,-19.255534471659093,12.119162042437608,-5.6439016758576033,,0.401476036646398,0.1666666666666667,0,2
0.25033110056721031,0.95189123854349122,-0.17674108201814986,-0.95739004862604227,0.27054047202202669,0.10105517200976227,0.14400914860047218,0.14391290068036328,0.97905589326510367,-6.3348136258871248,11.224357546481201,-2.9101546032855579,,0.07267623500542632,0.2127659574468085,0,3
0.077195017459831525,-0.85106528299270467,-0.51935422725142466,0.99315276199000369,0.019827135874650903,0.11512808534252623,-0.087684209701656982,-0.52468539980406925,0.8467683925380306,-17.225454343081662,-29.923213585115548,-3.0471856621687432,,0.3627830138735568,0.1,0,2
0.90447943279779963,0.38320644594126069,-0.18726925918271017,-0.32095921831812529,0.90067614572107313,0.29286116284965746,0.2808952399425656,-0.20478110342046488,0.93763669076007705,15.915736604567545,10.265303405783662,1.8023863467155781,,0.1765744714992178,0.4117647058823529,0,3
-0.72757658927720115,0.66147346834634191,-0.18189325828523134,-0.67136967552613003,-0.74106229270366142,-0.0094571198963433172,-0.14104986891059404,0.11523683875677911,0.98327280318009913,8.0755087478229584,20.783215709517016,-0.20353432706047167,,0.1150130571159447,0.375,0,2
0.13346352527247787,-0.93318059106630358,-0.33370866317641174,0.99041058775143542,0.11345948230175325,0.078827746039545371,-0.035698110478001505,-0.34102922211001685,0.93937464015979177,16.77724601762101,-28.524080363056701,3.4164952375552224,,0.3940741896000313,0.2,0,2
-0.85070706486054559,0.50407990312713069,-0.14899980221361767,-0.48377449522035715,-0.86169592165119469,-0.15310903429904504,-0.20557170907166017,-0.05816863306834736,0.97691180899624497,-15.82406225018185,15.589812155772554,-5.1068585964451687,,0.4856704478602673,0.5294117647058824,0,2
-0.099313010092380402,-0.85787379977010791,-0.50417206357987254,0.99342549702148342,-0.11447695623417091,-0.00089908785857629125,-0.056944779339360686,-0.50094667396775472,0.86360275702815748,17.918303474815836,18.050535312875514,1.8470442992383638,,0.460566278407979,0.4,0,2
-0.57386524573654341,0.79814453960659981,-0.18342293649352057,-0.81301774113411129,-0.58214407378237953,0.010508566088824963,-0.09839122083257397,0.15515660236104975,0.98297792264468031,6.0391778427766543,-33.12639957286239,1.5245955216375908,,0.1909369492669182,0.4285714285714285,0,2
-0.71379761012945864,-0.61661283837477698,-0.33208670452891642,0.64975481579756345,-0.76000440673708169,0.014559570326496201,-0.2613649768453094,-0.20538234902644101,0.94313649043340142,17.703257754696789,-29.609104139374821,3.6869270924652255,,0.547374015873373,0.975609756097561,0,3
