axis_00,axis_01,axis_02,axis_10,axis_11,axis_12,axis_20,axis_21,axis_22,location_x,location_y,location_z,dbh,dbh_approximation,score,reconstructed,number_clusters
0.95375703406206769,0.21125355980412105,-0.21382107811722947,-0.160758951928437,0.959583442063629,0.23098956056971182,0.25397653307342843,-0.18593426576993446,0.9491703585029384,7.1834106754052343,15.206147977709131,-1.1335176151358404,0.1564453627266811,0.1269883287179938,0.3157894736842105,1,5
0.95864233968795387,-0.12324330687498654,-0.25654619831158104,0.19027623867189636,0.94785553370868292,0.25566548498908737,0.21165967389770471,-0.29390640436769594,0.93210471939432382,0.87013040088627336,-4.6834368679799576,-0.14651541581034128,,0.08906641835308352,0.2184466019417476,0,5
-0.81309228602755901,-0.51523719492435771,-0.27094569081082776,0.51611193312836989,-0.85332816529352284,0.073888529551525819,-0.26927570793700351,-0.079760110852912958,0.95975461334226242,-3.4286914953519552,13.581044518693311,-3.1965163016231388,,0.082463957182353,0.25,0,1
-0.1077142118477378,-0.90403724533129415,-0.4136596519118424,0.98247122784145291,-0.16046858353939286,0.094868963104745033,-0.15214445448234154,-0.39618997053265598,0.90547532943730968,-3.4192530104514338,-8.3138216819276902,0.13166505057778838,0.4555375527379565,0.2973942430389582,0.6172839506172839,1,3
0.91542812675211038,-0.29116643185563257,-0.27787308921804871,0.3456758022957972,0.9224062214316141,0.17226433865257548,0.20615427344170933,-0.25374962389077899,0.94504578932293504,-10.832054999142617,-3.8481661239426654,-1.6614246850831729,,0.1511207709292681,0.75,0,2
0.67978572031806017,0.73252835545252415,-0.03596641363377745,-0.68649338263211435,0.6527915556321271,0.32029676941502994,0.2581050368628503,-0.19304246515574625,0.94663424647147587,16.940573475058148,-3.5910508565208876,3.5283254660143841,,0.7546860152970654,0.3815789473684211,0,2
0.54375675734789708,-0.78798130899542496,-0.28881489835594792,0.83880748844619613,0.52136242505557362,0.15679036662612908,0.02702935746710617,-0.32751592085580794,0.94445896439225319,1.057596340890443,12.472825678504119,-2.1115810054360886,,0.09029566007478032,0.35,0,5
-0.23050364029208031,-0.92372791969452428,-0.30593267590913892,0.95916763655359594,-0.2686467515355826,0.088466761428056095,-0.16390703706762833,-0.27304881114226792,0.94793397973356031,5.6284097787512071,2.1269068444676904,-0.056833307391416454,,0.2946742173118423,0.3214285714285715,0,5
-0.42086674310890376,-0.80776300273806501,-0.41278337654572389,0.88547269345025581,-0.46464678091687506,0.0064403522834658757,-0.19700074542715232,-0.36279787815141695,0.91080645908446212,5.5740333806992508,8.0530894373318969,-0.69165124819885171,,0.1125645040013552,0.4615384615384616,0,2
-0.79091957981786554,-0.55529630394065299,-0.25708409731171833,0.54979544282459702,-0.82931032919350822,0.099846627095062465,-0.2686469603588259,-0.062373012776400019,0.96121715442825839,8.7052343324255599,-3.3604795245125745,1.2865741043558885,0.2295617508727379,0.1759864500384446,0.7961783439490446,1,5
-0.96705185714587394,0.089907054756025118,-0.23817520252077598,-0.057161673619117663,-0.98835837238706981,-0.14099741416580347,-0.2480791177422578,-0.12273731803114643,0.96093303726260937,-9.7054490274142005,10.430983557970997,-3.5746270440730639,,0.5206786204679053,0.2252252252252252,0,4
0.030191284466241614,-0.94958230302194879,-0.3120607891578337,0.99347325524668162,-0.0058491418351113962,0.1139152257134846,-0.1099971701992368,-0.31346329502403342,0.94320802860282915,4.0771524792511658,5.1998343602118835,-0.7049933725166484,0.1327443588481674,0.127285756671162,0.6666666666666666,1,5
-0.65333278069884271,-0.66919305622249392,-0.35402956256210655,0.71605738837684729,-0.69803860489742231,-0.0019805614834261221,-0.24580092395116696,-0.25479944971773139,0.93523213493137336,-3.2545492900423256,21.1899332157016,-4.0939358253691882,,0.2254633520425204,0.35,0,3
-0.93459736589744347,0.27400393362464198,-0.22682506037866215,-0.29484599349448576,-0.95345969328432167,0.063090834535754037,-0.19898141565937882,0.12584298804618055,0.97188987986386555,-13.184554969984569,-5.5466285956895707,-1.9298132306263198,,0.07879330877467894,0.3421052631578947,0,2
-0.74743180710983348,0.62718969447610673,-0.21904059181689872,-0.64896758288880585,-0.75982464548764661,0.038827625075890465,-0.14208015371609872,0.17117124540220213,0.97494288790034744,-7.5476656318324693,8.3970637545259059,-2.9152125948637773,,0.5265400717111671,0.5944444444444444,0,3
-0.938028243880215,-0.17744674742800443,-0.29768383481509836,0.19072555861011287,-0.98151427952465553,-0.015921067239910769,-0.28935579305737297,-0.071710326428062438,0.95453174599262036,14.008472308771699,13.761197321796139,0.72603686136638268,,0.2480482933290324,0.2142857142857143,0,2
0.48454523008097694,0.86515638045535725,-0.12930722084693932,-0.84133698705132032,0.50138248377012784,0.20191007698454422,0.23951616693906158,0.010956382883199842,0.97083055341750402,8.9190125818647576,-18.506369639824996,4.10303586319547,,0.1081904383514012,0.4230769230769231,0,3
0.37281918875092768,-0.85264329697831198,-0.366067289739271,0.92766303429744379,0.33350106860111733,0.1679831302243591,-0.02114585768327297,-0.40221442709066035,0.91530126589171279,5.2558234035520384,-5.8427192881052097,1.147986174816821,0.2297527832416202,0.1406622957917887,0.4275862068965517,1,5
-0.85807664013224505,-0.42700721790665647,-0.2852530727529089,0.45740014233540943,-0.88804066624850064,-0.046571288155553267,-0.23343005258729307,-0.17043653054594113,0.95732011344406487,-4.3524428152349577,-22.518805947952668,2.2955759759482195,,0.2752474768926362,0.1538461538461539,0,2
-0.70269974533100765,-0.65171890167464375,-0.28543920738352335,0.67395577861064793,-0.73829521539011145,0.026528916475900475,-0.22802779740429316,-0.17373154040664576,0.95802957964714308,5.7015146939189405,17.804380821636276,-1.7604518626332513,0.4513785821647894,0.2539637014804069,0.3666666666666666,1,5
0.87762257231636032,-0.39824084125264614,-0.26680114864670101,0.45120585202574387,0.87422246413735649,0.1792996438795425,0.16183911658970718,-0.27773965427355335,0.94692596584182309,13.283624129344931,-10.531937017706067,3.9224416811077067,,0.6582091624581889,0.5714285714285714,0,1
-0.96746570521684572,0.096003470072151875,-0.2340799926592996,-0.1135148671719188,-0.99156914687540709,0.06249001436805917,-0.22610724039759075,0.087028505093929273,0.97020696510636484,33.363351680899747,-10.414222395027128,9.4440443566369545,,0.2152990539533971,0.4444444444444444,0,4
-0.95583043802883894,0.22771255103260291,-0.18583640073952992,-0.20214792911388293,-0.96829579681731481,-0.14676329452860895,-0.21336444992680362,-0.10271438053236223,0.9715582162378571,-9.2453556760949365,-10.840402762768637,-0.29854056155972664,,0.1052407671311865,0.875,0,2
0.79051347763386826,0.59995808886624846,-0.12303955983002145,-0.55771350590095647,0.78820633876672586,0.26016612551140672,0.25306933242665086,-0.13704400436323985,0.95769246308677658,20.551773971918607,-8.5051742310323899,5.4324515194726715,,0.6530541452238119,0.2758620689655172,0,4
0.92769346399860941,-0.2273038160628959,-0.29617192989462271,0.31915211992575987,0.89445139829235898,0.31320699296110294,0.19371825211154858,-0.38508397953704604,0.90232121082392691,0.91483737301282098,-17.997953724134135,2.3702635798982201,0.3409455797745111,0.2271610753172604,0.375,1,5
-0.23679586541788997,0.97007039262701034,-0.053769428762742544,-0.96482771406769086,-0.22829113166377524,0.13034815445792891,0.11417180163204803,0.082744139080372439,0.99000919549261834,-7.8066864465166015,12.671178232838633,-3.5687310331441688,,0.5105789376401461,0.4606741573033708,0,5
-0.95590310690116942,-0.15134015402614029,-0.25168513662121078,0.1361466540508959,-0.98770519806420054,0.076827926613350153,-0.26021786796344143,0.039173964521155936,0.96475492312620958,-2.4572725000254692,18.313163452396822,-3.5149375989377059,0.1919705880445462,0.1388735379230338,0.6333333333333333,1,5
0.66211421919783164,0.74131947474039284,-0.10977338979312544,-0.71435930123078162,0.66861409301911123,0.20650903941789192,0.22648520808457867,-0.058314929365120505,0.97226736010833248,-0.21780755069659904,-5.858986300918362,-0.02475340765363028,,0.1776466896776155,0.2148760330578512,0,4
-0.72958920154234019,0.67515628310078402,-0.10892011009150429,-0.67853069884511719,-0.73452834241626919,-0.0080127967630544712,-0.085414798001095929,0.068059588426197484,0.99401821145575076,-8.5341969307408974,-12.925277425259445,0.07187177724849135,0.6206191660401158,0.2558465426629134,0.2,1,5
-0.69384468032568147,0.7042620164594604,-0.15031490862921193,-0.6986737917993816,-0.70891539200457709,-0.096404873485067502,-0.17445484297212274,0.038131078550864596,0.98392658700338043,17.631071324994942,3.6483875924318618,2.7085258397241527,,0.2547558048906207,0.3488372093023256,0,2
0.099785744413718597,-0.95374044978116734,-0.28358765781150685,0.98981903549501771,0.066076199198570065,0.12606432037330584,-0.10149424704638486,-0.29327988398573668,0.95062391484003794,-12.346823471453197,-3.6644629954142323,-1.9787278431743456,,0.1197832540609856,0.4117647058823529,0,1
0.6768853427240179,0.73422968327203209,-0.05227815038465633,-0.68540494868772295,0.65458466176722407,0.31896547915639606,0.26841439812306883,-0.1800713546940233,0.94632342151026283,20.361952548463641,-1.789840700721439,4.1903708105642616,,0.303937945842521,0.15,0,5
-0.46807627034908139,-0.76795478400925132,-0.43720710750558178,0.85424996261034469,-0.51986051915230047,-0.0014289880773315073,-0.2261893156546485,-0.37415303064923083,0.89935971843288431,16.055829523552866,18.678790521485197,0.76569378049479564,,0.2836867627677215,0.2631578947368421,0,1
0.37845960177230981,-0.85683585702514709,-0.35014374754138822,0.92473289612530374,0.33346448542842283,0.1834952527496734,-0.04046480754994377,-0.39323498200686557,0.91854713993131953,9.6785596078136074,-21.748878837335081,4.8388789025700385,,0.125330257969045,0.4,0,4
0.96587484451496786,0.1403292871822979,-0.21770042694514136,-0.064964104419369381,0.94489855483633534,0.32085259264216082,0.2507298344237836,-0.29576073476226572,0.92177011120056862,6.8895902168247281,8.1037736978445736,-0.3967886727523951,,0.08282001610774661,0.3,0,5
-0.10764953319113768,-0.94655013915791608,-0.30406317117313048,0.98008129815783274,-0.15237692055584548,0.12736531350087296,-0.1668898648959494,-0.28429581098223694,0.94409939352430705,14.789220116626588,19.409388407989205,0.38707324141748722,0.3260272237948272,0.3897485537924987,0.3777777777777778,1,3
-0.96605942896063401,-0.080796784825303558,-0.24535904156592109,0.076037855793566311,-0.99668823995292488,0.028823546378922992,-0.24687532116955441,0.0091886833352055799,0.96900368621383204,-4.8908246587256947,-10.026529569217796,0.24661581664733262,,0.1076069654468887,0.2727272727272727,0,5
0.48615445293552578,0.84655001887086279,-0.2168107779624954,-0.83997630663294087,0.5211166679983521,0.15125218223080172,0.24102624791969041,0.1085839946034316,0.96442514687751613,-1.7539830845965978,8.1705051439850642,-1.9902040740795561,0.2073565457428518,0.1945834316465566,0.7850746268656716,1,5
0.46562672540758743,-0.84249816721983917,-0.2709032868339184,0.88497617835879272,0.44430489521881233,0.1393209382040913,0.0029860213788805178,-0.30461450772380055,0.95247104174379649,2.8301778832877624,-4.8924084297075581,0.30857196293423955,0.1133530358342539,0.0994294026618977,0.3372093023255814,1,5
0.80731191724042439,-0.51146652767059375,-0.29436280225968958,0.5763772194827651,0.79044564769259451,0.20732819129378433,0.12663636579951099,-0.33704253309696919,0.93293384639033849,0.1224155053813096,-10.591521987951444,1.1097294271086342,,0.1068079041867215,0.4090909090909091,0,5
0.42919799450522472,0.87687130874615504,-0.21653126658868316,-0.87596036136341882,0.46255386021966294,0.13688451963592677,0.22018748109909209,0.13092224522095075,0.96663169763542467,-2.0861323214675505,10.22917201933117,-2.4064042434193129,,0.07766464815665282,0.3809523809523809,0,5
0.97125710567670098,0.10071072510153121,-0.21567796485047142,-0.025843261347417813,0.94534410533425317,0.32504868612672394,0.23662578159500372,-0.31013202407894641,0.92077487320476381,-5.1259250012696027,-23.12961033852196,2.2610302420602459,,0.5630628139496809,0.6666666666666666,0,4
-0.86486524624073569,0.46862469914850485,-0.17999721440324234,-0.47745445380670198,-0.87863182800856643,0.0065844779953036043,-0.15506563250797145,0.091635157872402756,0.98364508205785506,-6.3074027526909191,-9.8421616394669744,0.018272068500676097,,0.1201722861157606,0.2368421052631579,0,6
-0.73306744250340139,-0.58287972975117242,-0.35051868051035817,0.63270885604002758,-0.77350704055920161,-0.036964330020511187,-0.24958290852949483,-0.24887362023835649,0.93582599500089336,12.038086321972418,4.7604446133362659,1.0903793502720451,,0.2609401676865736,0.5405405405405406,0,8
-0.91767187063746503,-0.30252884980653905,-0.25759393019919719,0.31216538523491255,-0.95002071703185753,0.0036618945117024367,-0.24582739900563372,-0.077051490868176392,0.96624632348750328,18.150438859931334,-11.857055989590775,5.3935019230594738,0.2431510618758062,0.2138858109823049,0.1333333333333333,1,7
-0.16862644939655283,0.96913805790287288,-0.17982365052506272,-0.98233353838569737,-0.15021313478095541,0.11161018547567397,0.081153804140949443,0.19546723219897155,0.97734672517481003,15.878790138057614,-9.0544621201441764,4.3098855496573769,0.2592631712213817,0.2628662726695296,0.52,1,5
-0.26035523617340878,-0.92244335162769953,-0.28515507015472419,0.94753614132092079,-0.30083623555603134,0.10804082685326385,-0.18544652029021583,-0.24206573986075183,0.95237270314615707,0.43646588180494378,2.1826932288197072,-1.0591222313076742,,0.06840893666161536,0.2318840579710145,0,4
-0.96382475278466628,-0.057637257131724053,-0.26023026824316248,0.079672171730607602,-0.99400108167827972,-0.074927929866896781,-0.25435052775904621,-0.092950504101599885,0.96263493226453878,9.5070140345331069,-11.018378465854452,3.1310168912080858,,0.4771393893901398,0.4418604651162791,0,4
-0.91410254454151629,0.31897735102687147,-0.2503397443367823,-0.33018369963569222,-0.94391212532543933,0.0029366917610812414,-0.23536198197162711,0.085342540362310509,0.96815359744561968,-10.384048574702277,-8.9684581243053749,-0.84772713310875714,,0.1843680052915073,0.1627906976744186,0,3
-0.32579253774978451,0.93765468864511881,-0.12109049181657386,-0.94463590863427915,-0.3175486635433214,0.082618680699582725,0.039015669483481293,0.14130297641477724,0.98919727374830535,-5.9951499277960112,6.1215490891197923,-2.4804313867647654,,0.0947891418656049,0.1730769230769231,0,2
0.55556098316790792,-0.76777971569533887,-0.31916500771277034,0.83050478768368985,0.53094811462318348,0.16839209367591054,0.040172025290955725,-0.35862014408684878,0.93261878634260376,8.7927585134094262,3.8792930258253064,0.43850929034551156,0.3021019645064215,0.2786654486169824,0.4444444444444444,1,5
-0.029918013818646283,-0.9379634469110677,-0.3454410003283564,0.99060449726496314,-0.073962019835212445,0.11503195043258584,-0.13344527885083282,-0.3387538809823496,0.93136360551173525,4.788146677386437,3.1757171336999983,-0.32555949323884553,,0.08113112465681192,0.4642857142857143,0,3
-0.16622964637470064,0.98391601710390098,-0.065398592894175947,-0.98258680274019028,-0.15969180591755236,0.094982641590986905,0.083011323004473447,0.08004872521900025,0.99332840583759618,8.321736804470607,-5.9407060314928843,1.8125946520462088,,0.1253008227543635,0.3947368421052632,0,4
0.063098754832197554,0.97756327247124064,-0.20096914055134515,-0.98757802098996006,0.090196061732200433,0.12866360365525564,0.1439034384446107,0.19035419292288042,0.97111126120568603,-11.391706222766386,-12.082537550435339,-0.60818735799203583,,0.08702011883929189,0.4285714285714285,0,4
0.93298777485534967,0.30395078579438811,-0.19273746855615884,-0.24652853530628732,0.92987374014848045,0.27305403981998116,0.26221650072068103,-0.20724079520511698,0.94249337374463849,1.6916383529697032,-23.457570336466592,3.4333998437955384,,0.171344665811853,0.4615384615384616,0,2
0.49678215817296151,0.86003786988112874,-0.11637160173918802,-0.82867144365363443,0.50990337261396634,0.23087266852077371,0.25789751025167956,-0.018259599317402044,0.9659997211380299,11.211974759260475,-6.0303956422744056,2.4961110367371644,0.321679788725888,0.2969022535259607,0.3814432989690721,1,5
-0.46459389999284617,0.8816784280804747,-0.082435778318528011,-0.88552284723564556,-0.46271669908308632,0.041743782930268966,-0.0013398183138022316,0.092392672042737864,0.99572174779889688,-4.9415693370603124,11.075261394022485,-2.981092508202118,,0.1844751753539643,0.5185185185185185,0,4
0.41286612826779207,-0.79244405031595921,-0.44896991797669417,0.91073190872781506,0.35354569816765097,0.2134779373428034,-0.010437938213684377,-0.4970290398216029,0.86767112607246621,-18.638066878107274,5.748283775714996,-4.6281032720219981,,0.4048898944898422,0.2727272727272727,0,5
0.9676542433168791,-0.017822504733410668,-0.25164980372705475,0.10740407775947623,0.93169125001126663,0.34700976748944679,0.22827533697592908,-0.36281368907122441,0.9034692012188652,-9.5795782884933178,15.357995195248547,-4.3777546550760196,,0.5245217366814656,0.1666666666666667,0,1
-0.84829581076657323,0.49688160780092983,-0.18303793395099005,-0.50997334379898318,-0.85967436544076614,0.029785466565126185,-0.14255316920492533,0.11861135372796806,0.98265453782926815,-9.4534040485676787,-7.6541767087944494,-0.8007308475436723,,0.1173433312486319,0.2127659574468085,0,2
0.31429241206926783,-0.9063312790807716,-0.28246042603433064,0.94827427004944409,0.28572242134378067,0.13834235325323366,-0.044678725114722373,-0.31132990621085715,0.94925102107970527,32.277740206339367,-7.0645529031029195,8.5779763199093715,,0.1167290907261364,0.5625,0,3
-0.26146629008424521,-0.85931081388424491,-0.43956831584086786,0.94697193023699933,-0.31649773538180731,0.055437774498966454,-0.18676065563386784,-0.40176374729408204,0.89649670878783716,-7.9274118236564819,-17.986672040979165,0.9253666261618283,,0.4012393569454177,0.25,0,5
-0.83044856488400631,-0.41819888454784576,-0.36805553119744122,0.46997132990232554,-0.88065589969356484,-0.059767343966052301,-0.29913563838488522,-0.22260925249830532,0.92788091399177497,-15.966517374286044,5.2532118805461998,-3.9987564913960858,,0.2281515413618855,0.2857142857142857,0,4
-0.68043185102344317,0.70057468180386739,-0.21495955742469633,-0.72931167748788517,-0.67602657229248897,0.10532117846984093,-0.071533021693610713,0.22843639983566288,0.97092730831793117,-9.2977768206734499,-1.3195316948098363,-1.845059213035128,0.1355187965346955,0.08749603530119995,0.4948453608247423,1,5
0.39379400447169793,-0.81441510119575278,-0.42620925023567574,0.918920975721362,0.33740067384569994,0.20431599464498215,-0.022594743225916439,-0.47211103379690256,0.88124948189815988,11.462176973659782,-10.500018531640245,3.5000973980497707,0.5159946514111633,0.4360003975899588,0.4375,1,4
-0.67720008698955625,-0.65245904594835924,-0.34014296338671468,0.69186575273350981,-0.7219876729566399,0.0074552191886874605,-0.25044325180733645,-0.23028459231745046,0.94034418388447227,11.269048262692808,7.2270869081159335,0.56394517519186127,0.3343038271216063,0.2751855555537098,0.3333333333333333,1,5
0.96517922746420859,0.11287659495441059,-0.23598290866732263,-0.075618438091079931,0.98399019914837516,0.16138506684512363,0.25042146611713934,-0.1379208551722233,0.95826245205387428,3.7744690188210912,9.6244917922055908,-1.257494286391144,,0.07011992620438674,0.3928571428571428,0,5
-0.3060468568457636,0.93747436494035374,-0.16576228912062227,-0.95084326242606576,-0.29235919646686531,0.10209402793603697,0.047248404351725656,0.18885951212721294,0.98086679674932753,19.784107824198852,-13.207071334902718,6.0485037638570223,1.080544824201735,0.8980105445907871,1,1,5
0.028930795763330894,-0.91843874081002863,-0.39450385097713569,0.99238225471972441,-0.020891241185452894,0.12141258814112893,-0.11975169967017835,-0.39501118391891249,0.91083790819502175,4.6132220194275746,-10.574342800521579,1.9571258031072716,0.2349529506805745,0.1523868176741206,0.4418604651162791,1,5
-0.54081341625516333,-0.79321610155116218,-0.2798733017606308,0.80698513387680992,-0.58314443874715938,0.093367859888128249,-0.23726744930615346,-0.17535900261531526,0.95548593799255632,-5.4119664627597768,12.379410488995811,-3.2718877913079134,,0.07906616257638084,0.4210526315789473,0,5
0.49141452229064853,0.87092233999644408,-0.0024586534879925317,-0.84016105246642336,0.47479750816462873,0.26210061457229172,0.22943664310734527,-0.12673438340000595,0.96503742044744312,1.7174857077090071,5.586643584773622,-1.2211726865148071,,0.08905537998389483,0.2758620689655172,0,5
-0.76839867751802171,-0.49810119653669627,-0.40181920113064146,0.58184485058578794,-0.80519540436119919,-0.11452916939543076,-0.26649585782026286,-0.32180049534504501,0.90852870013023024,-16.663253340410659,-9.8831740439732947,-2.0502049434992617,,0.3628786332399219,0.1904761904761905,0,1
0.17778572390525724,-0.90688518913529514,-0.38203598011512219,0.9807631402541892,0.1314949094637626,0.14426625213076374,-0.080597140732310155,-0.40033528761796072,0.91281748361521831,5.2056781046458704,17.324634124050121,-1.8528483301336078,,0.121326654739033,0.3333333333333333,0,2
0.92496929898041358,-0.26383605536656485,-0.27353671020960318,0.32958908435695589,0.9152460030002727,0.23172351944670572,0.18921636138670689,-0.30449185519589089,0.93353193769840515,-10.916255699475549,-3.4482322289071456,-1.7899087891934935,,0.3517439800294433,0.4074074074074074,0,1
0.81920091786032356,0.54367125838790098,-0.18256894308649405,-0.50524113248135283,0.83477542031337904,0.21881817952259217,0.27136922122039475,-0.087014713948488684,0.95853387281342295,-3.1733671676784598,-11.694369581083981,0.79348947654723101,,0.06845510298347766,0.2162162162162162,0,5
-0.3154991475673507,0.94861462056704604,-0.024302047870788525,-0.94882193716715013,-0.31574013776719234,-0.0067154265040314009,-0.014043483707815305,0.020939604800317313,0.99968210622985265,1.3248409980229259,16.52641625563426,-2.5327400572444145,,0.2945387245546055,0.1379310344827586,0,2
0.40040638349430091,0.91025803848720876,-0.10538041291642149,-0.89511688657133315,0.4131447379208194,0.16756248059509687,0.19606245798688637,0.027234700250931967,0.98021313175777436,-10.21085836459579,-0.66448199654682649,-2.1121012029072146,0.3787182366051214,0.3044582554666578,0.2131147540983606,1,5
0.9222194880074025,-0.29153055649743492,-0.25401013871036743,0.35161588461115711,0.90558447941022735,0.23724042728932421,0.16086480543760176,-0.30810174501226656,0.93765442946317845,-2.8218660958298214,-1.802745688492335,-1.0902040540631364,,0.2418793635743956,0.2553191489361702,0,5
0.13914354150343763,0.9767918115506522,-0.1628398960497027,-0.97781568339992431,0.16152290985574158,0.13336730817136033,0.15657446840089148,0.14067020466086907,0.97759722246211855,-1.8866006646383264,12.181084564059482,-2.685376131399789,,0.1763417341398964,0.5,0,4
0.91864670898927536,0.36541634041737597,-0.15019694477300927,-0.32978826777010883,0.9185923769677441,0.21777911611984635,0.21754981614417648,-0.15052887806903659,0.96437188592519263,-6.5997844697695287,-16.304553928010773,0.98855193343121373,,0.2551332495326963,0.3055555555555556,0,3
-0.91370806317996034,-0.27695586039654235,-0.29737691011902589,0.29729039767442639,-0.95447235656030671,-0.024514077849242668,-0.27704872266536407,-0.11080601046075146,0.95444540614707996,23.568196735833432,-2.6074482898372473,5.3549465409991885,,0.4026780284262854,0.4307692307692308,0,6
-0.37412525831417665,-0.84878968138099742,-0.37361259062362101,0.89368380617093524,-0.4375887855100421,0.099223532408773421,-0.24770859024099096,-0.29676949232862387,0.9222626105095173,-0.18392201999157318,-27.252792862473463,3.7805718902001875,,0.3074681407002821,0.24,0,4
-0.76784771979040112,-0.53471339807738538,-0.3528334750689312,0.59240329179790818,-0.80229642854310601,-0.073340170534163099,-0.24386106511635924,-0.26533379480102615,0.93280746044229434,-2.9211170106994282,17.146187123753847,-3.5123742137294891,,0.2451557806399442,0.1111111111111111,0,3
0.49228713813549563,-0.81170365645938714,-0.31430963669099121,0.87042136056095398,0.45720925320286426,0.18255507077289165,-0.0044753441856067357,-0.36345133494890164,0.9316024358159869,13.834485030955117,-12.294123293833898,4.4066108368809456,0.171456885207192,0.1951116714714942,0.3333333333333333,1,5
0.53713441870767442,0.82996693890861284,-0.15047091598789344,-0.78546011771382473,0.55718082988116147,0.2694474462560833,0.30747198200901749,-0.026540594032670835,0.95118693070701898,-13.366526169943313,-9.5853530054649791,-1.3805774851615402,,0.2522669547394911,0.2631578947368421,0,2
-0.96359425200889959,-0.068834942406241856,-0.25835608798582099,0.058019342312883804,-0.99709910410661229,0.049265936582694896,-0.26099784177841079,0.032482723003452937,0.96479272348691092,15.520920778845603,10.455516843848429,1.4729630098983268,0.3728604269376867,0.3830138072914349,0.8387096774193549,1,5
0.87115977432768843,-0.41707961699188839,-0.2590853926473472,0.46544302229916362,0.86950944023670074,0.16527590971547892,0.15634398161218283,-0.26457121239688686,0.95160844520448129,-2.93087020145341,-22.287636786913776,2.5631404088134353,0.4532457221224438,0.4052539500461894,0.8363636363636363,1,5
0.39762923823983137,0.9164625336605885,-0.04458041378481864,-0.88333754965268374,0.39549556532855934,0.25159099979736055,0.24820508107289771,-0.060660384122237621,0.966806369201061,-2.0478086325055846,-13.649985637230559,1.2513129065366309,,0.3539342401962999,0.48,0,3
0.5925369924527436,-0.75387300188057427,-0.2838580800516845,0.80426056421816328,0.57352451471210253,0.15567458324250907,0.045440702223213808,-0.32053880897610298,0.94614481688673968,-10.499963306466979,-1.8078092259680625,-1.958441172789686,,0.07734790731657362,0.2258064516129032,0,1
0.25511550216395151,0.96602537272168432,-0.041364958764223095,-0.94930473252713432,0.25836759406026688,0.17907180442798612,0.18367527149080431,-0.0064160421943838001,0.98296603656756065,7.8135129115998021,8.7392310705074934,-0.25903911825102521,,0.1570835628974945,0.5714285714285714,0,3
0.90387933300666368,0.36202600943395674,-0.22790199616667114,-0.33296432809743665,0.9298569893431784,0.15652710814508466,0.26858314835084374,-0.065598383081940811,0.96102026230407012,9.6218516563741261,-8.4450658890305945,2.6891605778469692,,0.08126910985646466,0.3125,0,1
0.39802620075418288,0.90891678534006792,-0.12427960749964667,-0.89218040781430707,0.41505770523160973,0.17816066131490801,0.21351642425229544,0.039967219755011225,0.97612158972105878,-12.413515268125265,-14.17817097834612,-0.54825429922046565,,0.3310948845676454,0.3125,0,1
-0.7507745181256007,-0.58871715169312633,-0.29958260669739151,0.59672766564538937,-0.79896609489351667,0.074627557001472916,-0.2832908681667588,-0.1227407614158236,0.95114719654761493,5.3715705200112325,7.1605387230623467,-0.67199125997987663,0.147479939515828,0.2114532324474282,0.4333333333333333,1,5
0.23667212272764174,-0.93679747073469555,-0.25767577524608559,0.96917116528780711,0.20892825800691825,0.13059952289679558,-0.068509551876129171,-0.28064119767288948,0.95736459067089996,-8.3787842376663111,6.8912349396848329,-2.9013908971361002,,0.06737837018471422,0.1866666666666667,0,4
0.49673369900939712,0.84307090863813949,-0.2061239318383595,-0.83389081600904547,0.5294468493565746,0.15592350907469305,0.24058624076245733,0.094432392294484899,0.96602317986750719,5.3778258315582841,-17.378313335289114,3.2715866048131739,0.4486613299376258,0.4904641316185761,0.9349112426035503,1,6
0.36729734246752854,0.92344333376904386,-0.11110837742404449,-0.9007634006106402,0.38293137382538672,0.20491183240739369,0.23177134925750628,0.024818788401425446,0.97245363355053538,10.689773434316363,28.050780588873124,-1.7460708986829927,,0.2307420607951567,0.5555555555555556,0,2
-0.093513055235408871,0.97726976071974392,-0.19026067193015397,-0.99223868198007759,-0.075746501481754325,0.098614732650415662,0.081961615912436253,0.19800576328998332,0.97676814609249685,-4.6320527634449409,-15.671846169510873,1.1710348723539468,,0.1191105497966389,0.3529411764705883,0,7
0.42925218979926738,-0.85851980810031314,-0.28051077813862635,0.90316611430340366,0.40602503154046743,0.13940819106729788,-0.0057902959015315534,-0.31318910080327916,0.94967313303652467,7.020823017970991,9.1894479083250911,-0.49049421912767777,,0.1149731105699483,0.4,0,5
-0.073184691907481503,-0.95274337234508499,-0.29482887803423208,0.98609307489086606,-0.11335591829626367,0.12153552336452859,-0.14921276259987315,-0.2818341750741522,0.94778955957405875,22.367903097083907,-9.9698693758656862,6.2361419538207965,0.6176946163807279,0.5390836699761655,0.5185185185185185,1,4
-0.9494962651893929,0.23073463742488201,-0.21264611325816105,-0.23513851464700733,-0.97195050587093568,-0.0047003262473585394,-0.2077660254252208,0.045538348999944682,0.97711797519509691,-13.645254824231298,-19.411885181735599,-0.088842331240559597,,0.2309691294698281,0.8947368421052632,0,2
0.96391288100539751,0.11718726127206912,-0.23903787069714999,-0.075289589193496181,0.98124589370351445,0.17744851041659129,0.25534963401373845,-0.15304784181929626,0.95465853713435478,-4.5741367748476609,-13.285513652713101,0.74815409979812664,,0.1856751648537907,0.28,0,3
0.86352123795543911,-0.43481476147699588,-0.25547445038909233,0.48176420249002772,0.86101597200229585,0.16295627989153727,0.14911178625129931,-0.26379465339283253,0.95298376483668479,-8.9730407305069804,-14.530762186725575,0.1943771302621887,0.5701528891503648,0.4315626433706095,0.9078947368421053,1,5
0.90828193243297151,-0.33193189660688066,-0.25464710332298651,0.38130053732431374,0.90726800620623038,0.17741100628417344,0.17214479792319679,-0.25823628894780165,0.95062094844288547,3.7673175629990441,11.740979187005191,-1.4508472876291216,0.3834133622105047,0.3366602168417262,0.7515151515151515,1,5
0.66766017562033431,-0.61231418555828709,-0.42343975729106392,0.73409171452886057,0.6361141813886686,0.23763018094573213,0.12385170386676726,-0.46949982577240118,0.87420287636736971,14.511337750530213,4.0729052990928745,1.8720920645447403,,0.4654056000338946,0.2105263157894737,0,4
0.73791537465439216,0.66943872319511399,-0.085631161007914763,-0.62739680080133819,0.72719644557690877,0.27849341802734934,0.24870495409805146,-0.15177985843716385,0.95661315085037413,7.267198157169191,7.0667081593750281,-0.16705149177551662,0.6650309327822997,0.5735880808987589,0.6234309623430963,1,5
-0.85291415192799258,0.48383161855476176,-0.19607247213117956,-0.50234757514133355,-0.86284850156811987,0.056030144487339575,-0.14207168328197853,0.14628543409488695,0.97898733831500351,-4.7161846676675028,-6.1641476325362081,-0.3366624812581534,,0.06929099062382496,0.2321428571428572,0,5
0.62354617363379417,-0.73614830166710943,-0.26320305336238919,0.77975478350862337,0.60987597188033504,0.14154072388693212,0.056326254465160409,-0.29349101668645233,0.95430098825385179,-15.146826153252057,-8.8246100475658587,-1.8535094289561993,,0.09396555836904887,0.3809523809523809,0,1
-0.1169572991811797,-0.92860183290887166,-0.35216420330086207,0.97992715615614734,-0.16554556973906737,0.11107399771096647,-0.16144274154006502,-0.33210435145907746,0.92932391605186615,4.8767009559588601,-7.04169073358175,1.2656496658945589,,0.1876236131668124,0.4388489208633093,0,3
-0.098127503455929369,0.97976856145561797,-0.17442637142558506,-0.98994060108355098,-0.078149292800677561,0.11794191096083134,0.10192447886472249,0.18424509224927418,0.97758127364951708,-12.75239936473859,-7.4502188833019272,-1.5882306059337521,,0.1144216080705117,0.3571428571428572,0,1
-0.96490101371670145,-0.099195145649683084,-0.24315911829092327,0.076675369362757692,-0.9919870291973184,0.1004122584018623,-0.25117109997283876,0.078243574712661315,0.96477511449799402,-0.98926444560654125,-3.1608164499644773,-0.72633177510179248,,0.06679738793586168,0.2835249042145594,0,5
-0.15788041830694025,-0.84982990803602987,-0.50285475131761415,0.97418745331517143,-0.21725727413373733,0.061303202520581739,-0.16134614751684323,-0.48019621431603571,0.86219430318114587,-0.65086212366304519,-12.441905347773002,1.2860272451581303,,0.2967469411246821,0.24,0,6
0.85035683848542065,0.47788325727973752,-0.22027446436841092,-0.44955516402059459,0.87733384513519719,0.16788531407692628,0.27348382354994699,-0.043736901947897304,0.9608817209545113,17.677623805598515,23.654377405396019,0.62944105775042669,,0.1945147339364853,0.7857142857142857,0,2
-0.18709952931048759,-0.91508903895748772,-0.35721956401022659,0.96329088255668383,-0.24217775781434364,0.11584735302622602,-0.19252127600595198,-0.32243136385885213,0.92680827245183839,2.1084086599485321,13.013703656219059,-1.9523224816266085,,0.1497771817890606,0.1944444444444444,0,3
0.716900282261143,0.67131148112726191,-0.18813527207999839,-0.64113440912828734,0.74081834806869196,0.20033682785872434,0.27386247410993586,-0.023001531938022204,0.96149377262824143,-5.4788442421458337,-11.221796460752731,0.34855452086829014,0.6272592022399041,0.3372901450896344,0.391304347826087,1,5
0.56434731183217557,0.81495062363008164,-0.13178616267551607,-0.7820881556402336,0.57889542855997833,0.23069070115550044,0.26429193789265382,-0.027121280155988262,0.96406130911246779,1.0673972629706348,-15.654662537111045,2.0738496174515317,0.4576314306315706,0.3129872585878245,0.2380952380952381,1,5
0.88992966531080975,-0.36082098752517711,-0.27898638992098912,0.42875744013916173,0.87042070037666919,0.24193978978477687,0.15553857503880894,-0.33492688652472352,0.92931788552558903,8.9975748450454311,10.558649178965823,-0.18657434684811164,0.2889179464776161,0.2066769354253882,0.2826086956521739,1,5
0.97895052393677395,0.078054666472030881,-0.18858245073669136,-0.03485715257240083,0.97434655573368967,0.2223370599887507,0.20109910640890713,-0.2110835341087432,0.95655783464968969,19.299182073557159,-5.8192995917298616,4.6253270929265193,,0.2467716756617625,0.5,0,4
0.40617058618918245,-0.87092887616869497,-0.2766014236591538,0.91370136069431862,0.38269003215292763,0.1367412255179204,-0.013239274152585374,-0.30827136089219537,0.95120633391162146,-11.919584460931054,-8.5441466789244487,-1.2801125924453387,,0.1135175644835975,0.303030303030303,0,2
0.17470483159788427,0.97413499960378525,-0.14331512259105209,-0.96817697113770418,0.19644783527269574,0.15505354099565996,0.17919702669122586,0.11166579854013119,0.97745545937470657,-5.9742412256936843,-4.94166337102389,-0.71728760443204775,,0.1107573290541689,0.2,0,4
-0.60308823107558041,-0.7271768844302573,-0.32786943176885341,0.75827922213389032,-0.65021147945131952,0.047303839904898309,-0.24758272722092134,-0.22008818855183926,0.94353801324685393,3.3462015568530741,0.92924783749808315,-0.38834186165659307,,0.07881249498258949,0.3303571428571428,0,5
-0.96124740023636002,0.16516971237919351,-0.22073151485778714,-0.16238823278292824,-0.98624554671728448,-0.030818556649558536,-0.22278576568640213,0.0062199431588296581,0.97484758547919903,-7.9400124278263888,-10.63322562000049,-0.11501681455318712,,0.1143463153604877,0.3636363636363636,0,4
0.2591533643033706,0.95871711459110187,-0.1170513902538444,-0.94039226577639168,0.27810071898826927,0.19576101901592494,0.22023151508853189,0.059342095415656271,0.97364089656992636,0.037328293330707286,-13.70309728301806,1.6050491255130204,0.5917094311526188,0.3174110318037937,0.4772727272727273,1,5
0.70796948083178757,-0.64189759282039749,-0.29452791810310364,0.70124796521401001,0.68842779220522254,0.18525243912740669,0.083848109662530715,-0.33769017642037241,0.93751524747878001,-11.011928017162822,12.525909952216361,-4.2304866557528653,,0.9360476576389289,0.8163265306122449,0,2
0.67158677155562485,-0.68325070456927728,-0.28660021454472095,0.73732132019339069,0.65440522683303715,0.16766356158055881,0.072996431829023961,-0.32391707858522772,0.94326520509400902,3.5238904804972879,7.9903842938866569,-1.1637960648127961,0.1835477981416631,0.1486090715063201,0.4358974358974359,1,5
-0.96542407861150825,0.15249353517481778,-0.21142864083895355,-0.15839980588325492,-0.98731172889579033,0.011182641948702783,-0.2070406963214424,0.044286247466819403,0.97732946254169595,-8.6113590004417873,-4.8014753303242053,-1.1055024877596378,0.5368356497575316,0.4220367481759828,0.6119402985074627,1,2
0.69498417251154854,0.70886907468900673,-0.12042273418250149,-0.6680130610642403,0.69851632018622467,0.25658039808426353,0.26599915452125378,-0.097875356362297508,0.95899158724721423,5.7455951821047577,-16.140955583375685,3.1699446769454758,0.3426379799769584,0.2479638540905894,0.660377358490566,1,5
0.018483892876441421,0.9997640517297548,-0.011409933086438444,-0.99231561206987229,0.019740209736894946,0.12214765721019098,0.12234407115396791,0.0090644905233639057,0.9924463528398022,-12.900973406257505,12.297044928918718,-4.5456008650757314,,0.4348009649854103,0.4230769230769231,0,2
0.90399838400392174,-0.34702469871037217,-0.24972140517639377,0.38858086281730536,0.91050058973484793,0.14139868862422914,0.17830264936465665,-0.22486114510396993,0.95793821859871253,-0.70745773319450955,2.5300474622163578,-1.2733140094291431,0.434483874419303,0.4082442904334032,0.9141160347190498,1,5
0.69179284644814432,-0.5829532476433007,-0.42613163302588297,0.71618854372044205,0.62925187266141447,0.30185435328266969,0.092177152520402844,-0.51401127596020191,0.85281638160802131,-3.0303977433219984,-16.176463771928695,1.540945135400414,0.7359048707171573,0.5237889261748508,0.5277777777777778,1,3
-0.73060983135896895,-0.62771944910158295,-0.26865883112457889,0.63002749379594036,-0.77144143970461421,0.089126102616904596,-0.26320074350735839,-0.10414604325694633,0.95910321149034661,-7.099246081268495,15.480337627772313,-3.968820459118974,,0.06758413378245055,0.2631578947368421,0,1
-0.19554577921190461,0.97510797533705784,-0.10452887001433596,-0.9762900703591878,-0.18346814520457105,0.11487879792741512,0.09284151415429677,0.12451456191650566,0.98786465526421141,-7.2655554645160993,-11.792115464023844,0.16534613770650294,,0.2755423296293862,0.3653846153846154,0,5
0.85228533814230156,-0.39180345667089356,-0.34655411370867273,0.50044140705483453,0.8035563621256373,0.32226630446323579,0.1522107108341649,-0.44809287455632768,0.88093397895597547,0.5671262712785935,16.912557531058404,-2.7653172944146007,,0.3180783487420299,0.4545454545454545,0,2
0.324417929891128,-0.89460217902758976,-0.30731083294320255,0.94524705058856018,0.2944068850190017,0.14082826210330801,-0.035510845086884825,-0.33617187171519602,0.94113094335948733,5.7343176091611401,-8.7556187186222001,1.8320232022059522,0.2315761598506917,0.2033789166304899,0.6842105263157895,1,5
0.89885723769694692,0.41176845423946934,-0.15000802089573081,-0.34082103941721614,0.87199344517226496,0.35138077731596867,0.27549353046920083,-0.26471526527543504,0.92413697199050149,-3.8988334800683395,14.895159229934581,-3.4504923652677308,,0.4014386638563586,0.25,0,3
0.97133295613948656,0.011003500852409474,-0.23746833743957907,0.0398202490300631,0.97728311040932603,0.20816356519779697,0.23436432340377769,-0.21165217947770995,0.94882913047493722,11.25648492353117,8.9360935835161044,0.4177394347364391,0.3427805198939954,0.2708504560279244,0.3684210526315789,1,5
0.13172188179400612,-0.9443473466134269,-0.30142567044103291,0.9871654677847006,0.097264242616017099,0.12666493722315483,-0.090297757835170314,-0.31424155685159283,0.94503891923953476,7.513060390162897,-5.721952851019954,1.6472104232485116,,0.08658680873909007,0.28,0,5
-0.71564770668761224,0.69517672300247269,-0.067658581926490574,-0.6959501081561964,-0.71792816998989628,-0.015250891525947897,-0.059176066700471444,0.03617273186394989,0.99759196398094507,-10.006767756268134,-9.948757912880275,-0.65212933321396072,,0.5107683296918781,0.6455696202531646,0,5
