axis_00,axis_01,axis_02,axis_10,axis_11,axis_12,axis_20,axis_21,axis_22,location_x,location_y,location_z,dbh,dbh_approximation,score,reconstructed,number_clusters
-0.91723203877156512,-0.30745363649940122,-0.25329360128959511,0.34355334107294033,-0.93239180814304479,-0.11232371942454465,-0.20163454289525434,-0.19004677716561791,0.96084636316134542,-1.8256780624944258,13.242902024464684,-1.471950027878312,,0.1506949180788913,0.423728813559322,0,5
-0.41310504336659215,0.90395689330347739,-0.11048148349027159,-0.90637521659477849,-0.41990044077804256,-0.046557347187890383,-0.088477058539793832,0.080904603599120439,0.99278711475754688,1.2025806474715852,7.4642824251281734,-0.82891236353615161,,0.07836413639541764,0.2528735632183908,0,5
-0.81014310765289133,-0.52872591954456793,-0.25321344183172295,0.55563560954194025,-0.83025553306630184,-0.044100104554840383,-0.18691499279478058,-0.17642180084825779,0.96640474629111028,-4.4118846153465689,10.75662595572766,-2.1508168627521393,,0.06886262405738833,0.2222222222222222,0,5
-0.35057734719369554,-0.85841741484176926,-0.37445302179446394,0.93265870649310345,-0.35634043530959714,-0.056295926726347791,-0.085107348902680208,-0.36897294759879212,0.92553536026616323,-4.1490744650878382,-21.884654038097388,-2.6821139639237268,,0.2210624101754512,0.2083333333333333,0,6
0.97346921700321598,0.091292238978016013,-0.20981756515965774,-0.041594975719125175,0.97228690961721587,0.23006091232960427,0.22500564780038701,-0.21522985966028335,0.95028867507118231,-11.841761996749387,-22.987231813883255,-4.6185978150645877,,0.3711483991346052,0.6,0,2
0.94689122639199408,-0.196408716913993,-0.25459894206784278,0.24002164193971343,0.95860863660896767,0.15316361584678076,0.21397807547136635,-0.20613854015902808,0.95484045027359166,-16.616571184271361,-18.262888106692237,-5.7417886342432016,,0.1323713952908447,0.1785714285714286,0,1
-0.25547728935430741,-0.889465037056137,-0.37892387425299495,0.96592172168935964,-0.25166518489410866,-0.060496795624864722,-0.041552162312424118,-0.38146635836851733,0.92344833923735181,-16.35546189019281,-19.395969991086584,-5.7245360846544502,,0.5406825214251467,0.9285714285714286,0,3
-0.88544645661758437,0.42291389732452261,-0.19268733199965885,-0.41999786811401746,-0.90568177443163234,-0.057812751552314919,-0.19896322082999199,0.029738172643124606,0.97955565326570526,-18.718753352113556,16.511996832728279,-5.9669395778597858,,0.08667729328770428,0.4545454545454545,0,1
-0.64435340555309972,-0.69142879232071686,-0.3267030974784883,0.74921544058429745,-0.65638626167220937,-0.088505926796229067,-0.15324787875269388,-0.30180010046038375,0.94097385033799041,-10.208531507369839,14.378408446766292,-3.6204700562921732,,0.360395395274235,0.1818181818181818,0,4
0.49329440606506303,0.85062091924072514,-0.18194691724505996,-0.86172377696429669,0.50641512396191091,0.031238668938180648,0.11871293593919656,0.14137812409530048,0.98281201909011562,14.071835840145043,-29.894801568965221,1.6159378452476671,0.381075536167892,0.3359185183838065,0.631578947368421,1,5
0.92778326473937334,-0.28796910599695036,-0.237259367909611,0.31449933918064732,0.94571061909408061,0.081985307144804925,0.20076946810829349,-0.15068251034545807,0.96798057922228198,-10.744977631678488,16.441691101391047,-3.6901600941535935,,0.1253229119030544,0.1621621621621622,0,4
-0.72767820228061786,0.66997004154506568,-0.14705297466474732,-0.667385761528415,-0.74105372615924503,-0.073726659049733287,-0.15836880764464079,0.044491778764185232,0.98637710962269021,-6.885992720386839,15.970388758569502,-2.7592180339698222,,0.2803919129970073,0.1818181818181818,0,5
-0.97305580052373197,-0.058170942929656473,-0.22311107203766034,0.066806636970666633,-0.99727334704426152,-0.031348756463465022,-0.22067913885047893,-0.045409389709736694,0.97428882011567819,14.016494104820879,-13.822161130589357,1.8202703033869958,0.4054166076899849,0.3295715363618011,0.8736842105263158,1,5
0.96925715416989822,0.011156427085735646,-0.24579687391248922,0.030158843332263558,0.98605207195818745,0.16368187302150033,0.24419462168387626,-0.16606277584590481,0.95540156019289713,-8.614297339768072,-22.070572996735041,-3.8461902917013955,0.3286972088218465,0.3598229984303051,0.3424657534246575,1,5
-0.40523046047127226,-0.85746511475567788,-0.31708335005684513,0.9092423469896761,-0.41413316430146152,-0.042096040982060268,-0.095218844494907334,-0.30536420746821286,0.9474629662685311,0.23551746763042325,14.667005867364363,-0.87234217826790617,,0.09146602319527238,0.1923076923076923,0,3
0.072432887439319527,0.99464570143024711,-0.073711637097105612,-0.99596078250531839,0.076064429513967455,0.04771081925632089,0.05306219490934698,0.069958067362150614,0.99613767737314085,-1.9599690449993716,-26.793574256425764,-2.2133232318282605,,0.3054754994164248,0.3461538461538461,0,4
-0.57423712009296046,0.81396650059526177,-0.08780811930595106,-0.80991353613152151,-0.58046671168773556,-0.08425236265745388,-0.11954829107218033,0.022736150314697313,0.9925680196191039,-2.6637820021275749,-28.583860349012539,-2.4477679393062441,,0.2523536359979894,0.3636363636363636,0,4
-0.034838897585556618,-0.96931510748268601,-0.2433402425018357,0.99930557554053212,-0.037006908886816979,0.0043422791537930253,-0.013214306967440108,-0.24301998086674259,0.9699312712717838,15.313921809566477,-9.1928390460200493,2.2136576678565021,0.3722739059018888,0.3938721903720169,0.8494623655913979,1,5
-0.48917674468159461,-0.81000828695833205,-0.3234079274253307,0.86443101861424232,-0.4995986947537791,-0.056215284913138694,-0.11603933178135405,-0.30706305420735686,0.94458835172819489,13.248979016902238,3.326358271464362,2.0100304817496308,,0.07426351474732133,0.375,0,5
0.93333234838544343,0.31285428972508855,-0.17610485756481806,-0.26813599267649024,0.93363652765293248,0.23754141462820599,0.23873377827343101,-0.17448503555544934,0.9552806684312769,-1.7760835253340859,9.5924396877212246,-1.524450315264047,0.6545012749903542,0.2791491510493364,0.2264150943396226,1,3
-0.9745356793313843,-0.0083102087873340585,-0.22407844639774727,0.032663081545513069,-0.99391516589240891,-0.10519394522982692,-0.22184078257630707,-0.10983434544337926,0.96887722841800528,-12.983165195897861,30.635848016480647,-3.9164405848922659,,0.1377592267221937,0.1666666666666667,0,1
-0.97496285524652926,0.043010267499276424,-0.21816862235247414,-0.018092345870481103,-0.99320638760768909,-0.11495102712106543,-0.2216305437218406,-0.10812579944178775,0.96911749214666199,3.3996371364664575,6.3037463745730031,-0.26959370170177993,0.2079511092682215,0.187754520305042,0.4932432432432433,1,2
-0.6992440584188282,0.70968290594368832,-0.086069273130939566,-0.6874513463197065,-0.70055293141918218,-0.19140594746040035,-0.19613361060559983,-0.074671033817088395,0.97772994405382607,7.863630750234651,-30.848780274465376,0.13678238416627411,,0.3128460818576586,0.3076923076923077,0,4
0.69685221811623821,-0.64683141961159196,-0.30984851251818374,0.70482347337269369,0.69756765185926017,0.12893115396369223,0.13274357795889821,-0.308234465436314,0.94200353334149378,-3.6365113210339932,-23.825325362264557,-2.583703089773397,,0.4123229422676797,0.2916666666666667,0,5
-0.50697245276655256,0.85244448024403496,-0.12773934490728547,-0.85499859257706046,-0.51612348286108245,-0.05093090545623092,-0.1093450448219361,0.08339639405167798,0.9904992188952324,8.0753046603938277,11.915475605578262,0.90116800876131931,,0.09949623755747737,0.2592592592592592,0,5
0.75666985582753299,0.63917753091081353,-0.13748750219819139,-0.62813185467003729,0.769052573713636,0.11835756001714733,0.1813866103953668,-0.0031973181245726016,0.98340666803011378,-11.088355386955863,-20.604980866551411,-4.3839088511125466,0.3166659369999543,0.2406160326253211,0.8991596638655462,1,5
0.92687274578123113,-0.24046485149825031,-0.28824220426906089,0.3119919927113215,0.92047620161341914,0.23533924183474347,0.20872927349076195,-0.30805878896284977,0.92818741261167825,-16.335260342638314,-24.616754732252076,-5.7579269148381194,,0.5397310226156891,0.7419354838709677,0,2
0.010110144466497719,0.99944391181040204,-0.031775023587523044,-0.99994068191078367,0.010233717211653361,0.0037287654564192845,0.0040518685397755543,0.031735440396392936,0.99948809106671366,6.0158398752009852,-30.939788356029982,-0.33921526408659847,,0.5546387821779951,0.2903225806451613,0,3
0.25541745430046947,-0.91851391626781209,-0.30181800751617394,0.96670125948862218,0.24773187819805725,0.064168461315301961,0.015830317172379552,-0.30815759303776452,0.95120360539234294,-1.7918163109418723,17.699178320401185,-1.3253152176498328,,0.3544657483564906,0.509090909090909,0,3
-0.75271310402530234,0.6308952619513245,-0.18813333430300358,-0.63596999924860853,-0.77067928994866475,-0.03994486324858728,-0.17019148945914075,0.089580134469609024,0.98133085981440893,-7.3453403427020287,16.917876177533731,-2.7753559560514338,0.7328086975770171,0.70903720100809,0.9318181818181818,1,4
-0.2192870003648531,-0.92165150907433413,-0.32011202303566494,0.97413648113705809,-0.22515528147089858,-0.019058209351071231,-0.054509885240144565,-0.3160120172505495,0.94718798417438932,-8.6748376642367315,12.904247645770521,-3.2565544605626866,0.8609613066983156,0.7530996231060201,0.7911111111111111,1,5
-0.75311476375602493,0.62405939642055896,-0.20824990360601783,-0.63539251843971745,-0.77202975707708288,-0.01569718759316218,-0.17057109990716882,0.12049864699119765,0.97794967966135693,-24.648324023306653,19.459539095500471,-7.4391786704687046,,0.2180429604452557,0.631578947368421,0,2
0.43906280869204395,-0.83358556967055086,-0.33519986285867792,0.89373768168075296,0.44340869379576803,0.067982987653114849,0.091960895859959202,-0.32942954983327444,0.93969110101632836,-7.7343240180515211,-25.233202652718877,-3.6418832605517237,0.9485086255401369,0.862632388374537,0.8793103448275862,1,2
-0.87349057291585153,0.47628949988962888,-0.10080938112112914,-0.44456466891357627,-0.86475109695895169,-0.23359750739691687,-0.19843506288179077,-0.15922893142635042,0.96709341493773116,5.9863470350624288,4.3568557218499313,0.29588560744618042,,0.1082670870198099,0.1754385964912281,0,2
0.97391403386835496,0.063526277644107912,-0.21784367487478565,-0.047975074511545639,0.99595661434220251,0.075952712746994194,0.22178784200194396,-0.063520346320682847,0.97302380173530179,-4.4350754791728519,-27.729494950201065,-2.8705080303630726,,0.1222267796968479,0.4285714285714285,0,1
-0.28508744042288653,0.94283494909508359,-0.17259029543401025,-0.95674316547671856,-0.29081501803898108,-0.0083150824755925737,-0.058031600242591491,0.16275406000422513,0.98495860284857939,0.43576555333701283,-26.38159657748113,-1.6258674556444046,0.6234867084997062,0.6082116842657154,0.9032258064516129,1,5
-0.68374237527663739,0.72017094648555646,-0.11768675409390854,-0.71943429817234483,-0.69226440700584313,-0.056429437407387935,-0.12210919238258809,0.046084689767280633,0.99144618941459728,1.4379726538301196,5.3795902829375191,-0.78922167722099723,0.4176995569764933,0.232474642936294,0.2045454545454546,1,5
-0.97381453752234615,-0.015854983436771868,-0.22679035696069275,0.076256181293120909,-0.96255400362864285,-0.26014377738677663,-0.21417339079523731,-0.27062595884114632,0.93855812237526337,-3.559605517551875,13.261093807294079,-1.8954650796015091,,0.208132360494436,0.2692307692307692,0,3
-0.20882719722662677,-0.8345326705545012,-0.50984941254810168,0.97640259988338562,-0.20726010429363398,-0.060672993243764281,-0.055037847336513672,-0.51048846308742846,0.8581214158935776,11.669917399000848,5.3470408049842613,1.6816494138023146,,0.5237685434378057,0.4193548387096774,0,2
-0.23734557739299134,-0.89472928731934265,-0.37832073602303284,0.96852632565608932,-0.24801903875857073,-0.021054997610777164,-0.07499222228406649,-0.37141090294483314,0.92543509106290178,11.112916008197953,6.6529112245614375,1.5377112891164677,,0.1807845337735227,0.3181818181818182,0,5
-0.82486061294678958,-0.47613510667356063,-0.30479555344854387,0.53240200112129032,-0.83556894949783678,-0.13554571124579112,-0.19013962872345322,-0.27408008104938769,0.94272319943919292,5.2568110829577526,8.9190889541806406,0.21205676203576887,,0.09872531878175163,0.2424242424242424,0,3
-0.78716875656581042,-0.5369820784947259,-0.30334072601963663,0.59727892171036745,-0.7863233240826889,-0.15796683096160266,-0.1536985307904305,-0.30552557565453481,0.93969723009798656,-8.7773526873337424,15.410807408431438,-3.2123262948125966,,0.682851452256435,0.6896551724137931,0,3
-0.23310349167509689,0.96285606412745806,-0.13627531670064219,-0.97012065525230173,-0.23994763709577333,-0.03593112446057857,-0.067295441314583704,0.12382782896076851,0.99001918787119469,-17.871923093545814,17.723058185908855,-5.6590398914107665,,0.2173288862136258,0.3714285714285714,0,4
-0.072704830182052954,-0.95905313544763615,-0.27373543989819393,0.99676558103405788,-0.079294142253077654,0.013069639252334373,-0.034240095415116946,-0.27189983889735497,0.96171622294393921,-3.8557842284961032,-29.250528554833245,-2.7149556929750993,0.2799639228888077,0.3014571722004951,0.8775510204081632,1,5
0.48443947172869939,-0.83175225659838181,-0.27112097276809738,0.86641768120681473,0.49902366084808897,0.017198476850549198,0.12099090843293162,-0.24323562559228915,0.96239162014187463,7.2030572757614273,-27.237576587000888,-0.013646934979297341,0.5531712152781565,0.3109536945243895,0.3157894736842105,1,5
0.24241412871118176,0.96973506506237528,-0.029142645550302475,-0.96795325409080024,0.2437811471424905,0.060309619406219393,0.065588780261796986,0.013588814751968452,0.99775420621383848,11.604664789171734,-26.808621844853167,1.004515499410521,,0.3468015195061587,0.2692307692307692,0,5
-0.65286354584683637,0.74604319123804452,-0.13110586299495131,-0.74246042397299883,-0.66455538946556925,-0.084372111305224026,-0.15007234701347019,0.042257438867264983,0.98777153204688395,-3.6875996901590713,15.693616425343032,-1.8744767899039902,,0.1054310528398502,0.34375,0,5
-0.090773886674548887,0.9953687671317728,-0.031640463279971651,-0.99584763242469132,-0.090945980040084376,-0.0040400134511852197,-0.0068988761500213044,0.031142352722998656,0.99949115022332391,-22.265358125691083,14.507408943347563,-6.9649584892834682,,0.1544451605286189,0.4705882352941176,0,4
0.099095884315739027,0.98389131854152012,-0.1487880338276947,-0.99458997161643403,0.1026156633613387,0.0161497366212036,0.031157568449792485,0.14638271390960741,0.98873722848730394,7.603796844414652,11.101631099855242,0.77207084662404801,0.09906026755590257,0.08539142938231989,0.1818181818181818,1,4
0.37146135211902248,-0.8598556895003977,-0.35023514546045187,0.9250691072195899,0.37492166194977267,0.060670373896753067,0.079142976630013337,-0.3465284124492779,0.93469484251039092,-21.624171218254997,-18.617106143298432,-7.0397784241896932,,0.7663569057837096,0.3387096774193548,0,1
-0.97420002780961579,0.068760524701237877,-0.21495649806078501,-0.051515383331246896,-0.99506283240564652,-0.084829976099778562,-0.21972817547137766,-0.071567798678349462,0.97293246378993647,-4.2227334970172521,7.456536452273216,-2.2092581546910446,,0.06653777042027142,0.2616822429906542,0,5
0.33039593414526636,0.9251606252645509,-0.18685915594474195,-0.94045995601796406,0.33944155103687207,0.017734276313708084,0.079834815882328519,0.16987422079228812,0.98222662928839732,-0.13928946452502955,15.699552899200643,-1.004121756139462,,0.07340609108780657,0.1904761904761905,0,3
-0.94507088992310995,0.26331598236014225,-0.19366390074986797,-0.24457041252660272,-0.96272947664195763,-0.1154870907126432,-0.21685554255427489,-0.061779027496522344,0.97424690167589201,-5.732834497828005,14.318045444411794,-2.4452255710612842,,0.2269464829466308,0.3611111111111111,0,5
-0.97086636999834031,-0.048601600618462644,-0.23464095129275489,0.074342883056493919,-0.99198882699516078,-0.10213374983624728,-0.2277973383187214,-0.11660210776005772,0.9667017746548402,9.2856774763106049,9.0535370815805951,1.1428371722704078,,0.08319148770420788,0.375,0,5
-0.068887397356093089,-0.93182187951463857,-0.35631799188829988,0.99553241612169419,-0.087327109276721354,0.035905214611163555,-0.064573484778242374,-0.35225269458611436,0.93367462438497073,-30.214602732255869,24.044841920079389,-8.8900646182383216,,0.3087787215260922,0.6129032258064516,0,2
-0.97163589730257838,0.099933394678238349,-0.21432918536936635,-0.075670423728480027,-0.99005668994078166,-0.1185821979736182,-0.22404836541640974,-0.099000340057928654,0.96953662263095997,-2.9820165020198797,11.840732337060196,-1.8091682990204854,,0.0994591843367876,0.2531645569620253,0,5
0.83264613165717272,0.53160511636647489,-0.15523021513009255,-0.52646881674896606,0.84679138495436834,0.075992995453583345,0.17184587404791463,0.018448593985759914,0.98495108759402805,-31.550574773143055,20.365244148816263,-9.415513116763135,,0.2197522463616703,0.6,0,3
-0.89747636293344446,-0.32500854667246731,-0.29817045890833555,0.39028455462302974,-0.90010746221284987,-0.19360920146379035,-0.20546080988465928,-0.29013100671695502,0.9346709873227832,2.599413812550456,-23.764748734887235,-1.0714180620207785,,0.3515188178930593,0.1428571428571428,0,3
0.92784687476935612,0.34226771273344642,-0.14816541364621133,-0.30565049315383402,0.92546649604550701,0.22380692735496097,0.21372401132197549,-0.16237172634872671,0.96330549124718334,7.4190393279071021,-25.112783539705081,0.060501673083791424,,0.2503861382053382,0.2666666666666667,0,9
-0.7720781825871611,0.62704742833361227,-0.10347368067827646,-0.61557537157156583,-0.77833677135177581,-0.12352664601705315,-0.15799443625468396,-0.031676378926526305,0.98693179355549576,-16.045276358354201,18.548352707394866,-5.0922519599074221,,0.2925798058748361,0.3333333333333333,0,4
-0.29063498766555079,-0.89024996312367788,-0.3506940363093381,0.95309696174058312,-0.30171563367478188,-0.023955331704946591,-0.084483640224094755,-0.34120767804156316,0.93618365451441743,14.960128363040507,3.081017751039278,2.4549811471719649,0.5702618116516671,0.2609363815577769,0.4285714285714285,1,5
-0.41577899858657325,-0.87204385558743314,-0.25820019029146918,0.90438338842112576,-0.42641496459617639,-0.016154402383401389,-0.096013077662730678,-0.24022862423251354,0.96595636393011275,12.270214383751314,10.929089390295269,1.881994979339954,0.2184581414894472,0.1810353842277224,0.4,1,5
-0.77184577475799221,-0.51237379117540693,-0.37646672908077305,0.6068493431380142,-0.77033348616019681,-0.19575544649699847,-0.18970496757121655,-0.37955160152055617,0.90551234506327161,4.5246494371114725,-29.106772396916906,-0.65798558459886569,,0.7017648576560463,0.3555555555555556,0,4
0.62576403825087978,-0.70495611626804799,-0.33385062912659313,0.76121182432008938,0.64532329692668788,0.06414359639863948,0.17022316806837196,-0.29426980235821076,0.94044104359222136,7.9490506361545945,-27.124877453873928,0.16297934912883474,,0.2646098822785625,0.3333333333333333,0,3
-0.96237305446785937,0.17341512854836488,-0.2092015707989692,-0.16228560253836144,-0.98430196520885405,-0.069375964820304892,-0.21794835911968471,-0.03281515620168917,0.97540846740250042,-9.6340028666296558,16.148672238670287,-3.4374771531632113,,0.124587765575714,0.3809523809523809,0,1
-0.33918390543895088,-0.87348175583518506,-0.34926193682430368,0.93411498062011245,-0.35664823933156969,-0.015206457930068104,-0.11128109126113202,-0.33140859313659082,0.93690173610841265,8.6163918009760003,4.6752824014474861,0.94587599834810654,0.8580562297288692,0.4580590963492137,0.2444444444444444,1,6
0.9483796563123138,0.2806666114708567,-0.14765595381969573,-0.23153972090799832,0.93093908101817957,0.28238587973705931,0.21671498594878769,-0.23362080523466608,0.94786915459187837,-21.625993452271672,-17.3911921168432,-7.0628921769804318,,0.3712610413933286,0.15,0,2
-0.41265359561564102,0.89457418563604796,-0.17162178305531189,-0.90656699861099854,-0.42167080967684412,-0.018166047889402646,-0.088618773716004906,0.14809035978103419,0.98499541028625848,-27.133814122807628,-20.914734938057308,-8.4570786242034544,,0.3539976643202399,0.9666666666666667,0,1
0.073284733155544721,0.98682394437271626,-0.14424926585253325,-0.99704929668310438,0.075808739659055949,0.012072074181017311,0.022848366901096206,0.14293893033033267,0.98946774294363571,-4.8163944757288517,17.128673993491972,-2.1167407099029214,,0.08469763999536742,0.2702702702702703,0,5
0.83543224644705527,0.52893615886037915,-0.14926319521723003,-0.51575194558425275,0.84835218930452316,0.11957630839042788,0.18987599169586244,-0.022915120603052425,0.98154062831105593,-10.27150786046135,-23.624198928417453,-4.2466025459957182,,0.1754611626182822,0.5,0,3
0.48955008225479957,-0.81956161540590911,-0.29775741051664084,0.87061600186296806,0.47846507748866118,0.11445063094587729,0.04866717851343895,-0.31526168206273636,0.94775607492567127,8.968483148082246,5.2371234039076136,1.038621708256062,,0.1590864335474369,0.392156862745098,1,2
-0.92216972168063094,0.32674131232152781,-0.2069857947731531,-0.29607098083964423,-0.94066025523908592,-0.16583201897760483,-0.24888748204785038,-0.091642779507954061,0.9641870265897261,-29.649023166193388,14.293945756169185,-9.0990992131683104,,0.6595065441793616,0.65,0,4
-0.029300301506182427,-0.95861114376326673,-0.28320693385672663,0.99945769835484533,-0.032355805214909147,0.0061164587899873307,-0.015026693943830547,-0.28287413618388019,0.95903932221121246,13.22479288467235,17.612294917757879,2.1991401293734327,0.3474579668077029,0.3185877072316729,0.7407407407407407,1,5
0.96654371691807095,-0.086526121110349616,-0.24146733454402705,0.14167965918884873,0.96484119991422168,0.22137825801152294,0.21382263083764463,-0.2481827740067426,0.94482019095063063,-5.3145735975173753,-28.967596477040541,-3.080699162014926,,0.2686478151233846,0.4666666666666667,0,3
0.9279448982626689,-0.28505344983877839,-0.24013079045240673,0.31152543397694282,0.94687945951819086,0.079819753996222903,0.20462201683534476,-0.14887518220828852,0.96745336339726784,-11.183785495417936,-31.85724546849903,-4.5448933111862733,,0.285369639051699,0.4347826086956522,0,4
-0.93332438917400706,0.31144454552168682,-0.17862776838374658,-0.29520596403746097,-0.94885525285955163,-0.11192474220452929,-0.20435024680601879,-0.05173010908191631,0.97753003659462701,-5.7711696593558557,7.3654563619586462,-2.5848153943662591,0.3005603952717694,0.3712948675861117,0.2300319488817891,1,5
0.61054640724037623,0.78980258523955371,-0.058693789746327683,-0.78022787087029966,0.61255209173642045,0.12658753661610847,0.13593216735955985,-0.031493035075288271,0.99021746834656421,8.8091123649275538,-26.11157154629311,0.3819649343945134,,0.6081177300666387,0.2727272727272727,0,2
-0.385116464899038,-0.85480786770062134,-0.34783446893714604,0.91916135169585356,-0.38902868835215387,-0.061636751923307739,-0.082630006730731009,-0.34345332864323952,0.93552770831844401,3.0878428566039564,12.922112895668043,-0.23222868177513775,,0.15786405918923,0.5,0,5
-0.76348157267326788,-0.50292750217784099,-0.40516640500109635,0.61869703689433786,-0.74950007003715913,-0.23550715817669146,-0.18522922211822046,-0.43048062972386175,0.88338924756079484,-5.1773809203503198,-22.893062459690043,-3.0177575551088509,,0.5491085497065903,0.25,0,5
0.75090081739603809,0.65700323019268292,-0.067042657691525051,-0.6301278645356283,0.74315276068654357,0.22508409232937454,0.19770391187260689,-0.12677038218901887,0.97203005788397256,-15.300156904988281,10.595457497420233,-5.152181684336874,,0.2590417754301508,0.2857142857142857,0,2
-0.26086038398192107,0.9521720268998134,-0.15912350944566886,-0.96387829547011183,-0.26607266199359503,-0.011998752488231935,-0.053763292220961052,0.15024569787232933,0.98718576705725458,-23.549203360930299,18.753213177147568,-7.1579781812087591,,0.144124343760082,0.4090909090909091,0,1
0.82920346779293619,0.54031687843178577,-0.14310583454877771,-0.52580834830016721,0.84088868803355366,0.12818656401924847,0.18959744159144498,-0.031046500913012223,0.9813709415521934,-10.252013129640947,-21.413312555616635,-4.1979585208676662,,0.142118345607031,0.4347826086956522,0,2
-0.31216079313602196,-0.89398890412382326,-0.32146458363585845,0.9469450079125844,-0.32003710639595573,-0.029519527759419815,-0.07649046488370434,-0.31362412189305489,0.9464613668548153,-13.677505960142735,12.137948629547392,-4.668494748602015,,0.323645723596285,0.6082474226804123,0,5
-0.71312979917985475,-0.65831009064761936,-0.24098488349525715,0.68118543877579418,-0.73192855085183817,-0.016339964741592054,-0.16562695288366633,-0.17580790937682789,0.97039130843130494,3.0992051036475865,10.623743727507343,-0.27366227865428411,,0.100105069701837,0.625,1,5
-0.51014107085830118,-0.79174140019860018,-0.3360083972687386,0.85154438082677297,-0.51987125619846086,-0.067867845560197579,-0.12094732450903746,-0.32074823801572921,0.93941061975257178,-11.738931191888845,12.515281180282285,-4.1190301808731373,,0.07823493397448536,0.2608695652173913,0,1
0.46927611474188918,0.87618602416382252,-0.10989985983953944,-0.8759463878601268,0.47763704267973234,0.06768146758866446,0.11179380004075931,0.064505089102741275,0.99163563860537673,1.5727544440120542,13.790767981831532,-0.61448951342179603,,0.08319810330670224,0.2941176470588235,0,1
0.96375992372276953,-0.1036602581812802,-0.24580756762083894,0.15331372975621035,0.96927522625013662,0.19235497406094601,0.21831561944607314,-0.22306969012292513,0.95004115892646501,1.7999246153769877,-28.406634838483573,-1.3580253695773798,,0.559094027218741,0.6,0,1
-0.64173373452860727,0.76692674084777657,-0.0010900186124265974,-0.75367445657508336,-0.63090655921752814,-0.18420566506639635,-0.14195995024731758,-0.11738947017900683,0.98288711702660547,9.2573810150545626,7.3683804419143382,1.1285942522367594,,0.1059556757026885,0.1363636363636364,0,4
0.52113002670954178,0.8532912952338203,-0.017817427982267563,-0.84405585675373962,0.51835836170218907,0.13738384014553803,0.12646424768061712,-0.056555939843782717,0.99035762213806566,7.3828954671890417,9.4673757131731033,0.73686808383818114,,0.3783720038506881,0.1666666666666667,0,2
0.76750225813724149,-0.49455762841576578,-0.40786399195075945,0.61781959285152033,0.74037752650315836,0.26483970423229009,0.17099483747475308,-0.45525143648849564,0.87378881609468095,14.672603335306643,1.3039036976281537,2.3212010679393451,,0.6612101371496812,0.125,0,1
-0.43328154081527398,-0.82912440957743894,-0.35329848546463682,0.89527065252714744,-0.44106739156802616,-0.062849143343355771,-0.10371868256181391,-0.34352913928550755,0.93339711021054739,-12.05679888629836,14.196043647983974,-4.1207973658621286,,0.08463125081520438,0.1304347826086956,0,1
-0.48630176526760338,0.86980830237958984,-0.083331327897429558,-0.86738693544476042,-0.49206239581955075,-0.074259698626313195,-0.10559591524940723,0.036167882601277665,0.99375116953429543,-18.834191101654643,15.00806744494599,-6.0632950922142852,,0.2628937729411009,0.2352941176470588,0,1
0.7838533386129225,0.58863603861787428,-0.19769056018341366,-0.59207981816526734,0.80446530061153898,0.047718644504748046,0.1871241097955029,0.079644172117255455,0.9791023303929971,-6.9930221297022834,18.260232807155585,-2.6891740609130994,0.2579485663298444,0.1761958623837777,0.5384615384615384,1,4
-0.97529426836432487,0.065335037475472715,-0.21102706692217435,-0.00083789707528146064,-0.95635117083141397,-0.29221864413119825,-0.22090809859348418,-0.28482234976817244,0.93277855949220301,-11.540855783481433,8.9499316684532069,-4.1458681509345041,0.2798075827864898,0.2043830914097543,0.25,1,4
-0.22445325090920282,0.97229350504484091,-0.065315221839225807,-0.97290982941152382,-0.22739576980298501,-0.041684861882298085,-0.05538232561683322,0.054189518574394108,0.9969936279063899,4.6124150694139461,12.448475840568289,0.093319526425501134,0.7035934191727855,0.4517293794193873,0.3125,1,4
-0.69004098114829104,-0.61683007399694589,-0.37863452582777718,0.70451253494812649,-0.69231194821090825,-0.15609693932099034,-0.16584791960367878,-0.37446605477311073,0.9122881350679688,-11.254858664007486,-16.663434796678999,-4.4211856570211117,0.4741541365631521,0.4529905925926289,0.3636363636363636,1,4
-0.70460345268977154,0.70958253905127233,0.0051570079700758347,-0.69189987007277576,-0.68539544347323744,-0.2269529816050031,-0.15750728316788956,-0.16347998758158294,0.9738920625045655,13.026989020617346,5.5428892800713214,1.9984439731708639,,0.1453322214141043,0.3333333333333333,0,2
0.41492047579771923,-0.82189603915785381,-0.39029206958433815,0.90801154851225407,0.40135914204405709,0.12010773025095665,0.057931222429468188,-0.4042248630580384,0.91282322141449546,-18.543052183392216,29.817647834172316,-5.4919896213459189,,0.6040551434862285,0.7,0,2
-0.91732761790052708,0.37913640646848895,-0.12151389520176509,-0.34006591055650714,-0.90486658596111369,-0.25606959618129643,-0.20703917000007155,-0.19357697926468218,0.95899047710831953,-14.326385668045253,14.649109340983106,-4.762355393433535,,0.3705997273551473,0.3684210526315789,0,2
0.87136728653701945,0.46302573479470988,-0.16225356967084509,-0.42942020190471308,0.87970215262037788,0.20426064934585397,0.23731275176279137,-0.10831108711897162,0.96537628221221528,7.1844841555691907,6.7978778936793969,0.63777179123362016,,0.5939794306913261,0.303921568627451,0,2
0.90494270909763386,-0.35689333745401225,-0.23174520260832082,0.37362964538313004,0.92704943172259746,0.03130877247171153,0.20366536608346461,-0.11491952324886061,0.9722725553230136,-1.557709972209347,19.391514950305773,-1.2399678257746152,,0.1518673831760954,0.391304347826087,0,1
0.37807498357608971,0.92470838142708922,0.044426524874593545,-0.9204046188739935,0.37028730914907904,0.12546970247256309,0.099572307140884497,-0.088327334396707383,0.99110223370195971,20.709691526923269,7.5913831991288392,3.7839032822131058,,0.4674585955219591,0.1538461538461539,0,3
-0.66995667414914695,-0.65772410647705692,-0.34432115026813509,0.72296430246431964,-0.68343406191063638,-0.10119535751510075,-0.16876217622824805,-0.31672840538746505,0.93338226097104504,-26.072467706618692,19.681046245823012,-7.9232685665871463,,0.2216148346463544,0.1428571428571428,0,2
0.91007338910036317,0.4000203394015851,-0.10839812967214721,-0.35785654477939255,0.89038572752910472,0.2813395627547271,0.20905769493116863,-0.21724866921918573,0.95346625315873612,4.6250662175328543,21.351534343555763,0.28802031936272948,,0.5329793313699303,0.2,0,1
-0.25403985556962394,0.96716142278557815,0.0079078478450589958,-0.96640775148207236,-0.25349536980455994,-0.042381073169687755,-0.038984736212133442,-0.018408687161919016,0.99907022304713133,-27.16719274845034,14.457522499310414,-8.3665969159816651,,0.4109496496594567,0.375,0,3
-0.9745328601440687,-0.021039047179123999,-0.22325560013853102,0.032748103371333971,-0.99826792440297085,-0.048874459933227671,-0.2218406324932416,-0.054940964698290823,0.97353388445036648,14.161523489971131,4.9943161178913016,2.2449564933425852,,0.07611587928434432,0.3478260869565217,0,1
0.91652585211967386,0.37292025292572123,-0.14460583444011904,-0.33988937451337625,0.91674096013147444,0.20990765853138704,0.21084490861581848,-0.14323580898308794,0.96696842116780035,20.188887484733293,-28.239845681931453,3.1018048218131109,,0.427378444325093,0.4166666666666667,0,2
-0.26812608669514643,-0.84649313009610483,-0.45995410894310651,0.96080339997163944,-0.26988327941078299,-0.063402224704028315,-0.070464375655260619,-0.45892526210111984,0.88567622502183807,-7.4495001093103195,-23.728002226071091,-3.5715332685189014,,0.2996676615499325,0.2962962962962963,0,2
0.31912921691771234,-0.88233345660777374,-0.34589624782594341,0.94533116083009805,0.3222183552919593,0.050242689782342032,0.067123313931209461,-0.34302041173015257,0.93692660217509527,0.10477556851439786,17.212821204336976,-0.89404257207020976,,0.403953521415368,0.5483870967741935,0,1
0.74983065112786607,0.65099700643047709,-0.11813929171837202,-0.63392403616131654,0.75801598831480366,0.15346686233867454,0.18945793993946788,-0.040182820678609274,0.98106627192876417,9.7487426177563101,19.158313180643383,1.4963914728028747,,0.6577704429812045,0.2413793103448276,0,4
-0.22054908462532816,-0.89170432551898093,-0.39524865227052985,0.97377916174253032,-0.22447677447512926,-0.036936728025882194,-0.055787502426133131,-0.39303126284302414,0.91783123775619702,-20.149743299217185,-19.8549205425883,-6.6786884774290192,,0.09815843189568538,0.5,0,1
-0.88076270992405348,-0.40716373636689318,-0.24181550941779645,0.42793789033329027,-0.90299950781239247,-0.03822369563071383,-0.20279598325492088,-0.13714802469714141,0.96956908392199759,-6.8255086047434377,-26.686988150005241,-3.3850579305117328,,0.0933013882973595,0.2857142857142857,0,1
0.84884931906716543,-0.45722425147921247,-0.26533152352949707,0.49102662166766076,0.86788003468769881,0.075346547393513652,0.19582566311097757,-0.19424270706966831,0.96120865602500338,15.513731716794528,6.1509502782200753,2.5688806917291735,,0.1027677327420523,0.3076923076923077,0,5
0.97525953983922065,0.044121552690620354,-0.21661513922337108,-0.010046209240074534,0.98771338303477152,0.15595302707517877,0.22083456168022311,-0.14991851640866652,0.96372015378185805,-13.884019173520556,13.310779486714514,-4.6876583594849945,,0.1707241598668164,0.2666666666666667,0,3
-0.82612582260819734,0.54338039635422619,-0.14917731086815786,-0.53231271979889272,-0.83941180931740966,-0.10968583645475649,-0.18482232971217635,-0.01120532178913982,0.98270806814809786,5.8071403491198144,12.177878615649183,0.41052946957746372,,0.2694760600754556,0.1428571428571428,0,1
0.16259135956402668,0.98585147107707083,0.040754469329096168,-0.98577021901357853,0.16051418886891736,0.049922644938689822,0.042674642365722659,-0.048291532869938952,0.99792124075601718,20.071163927715489,10.832022258972868,3.6657245631744213,,0.2427594334018862,0.2142857142857143,0,1
0.095217420622257368,-0.93653133559128032,-0.33740583911019967,0.99543973535441332,0.087612504472064368,0.037733040397892999,-0.0057772041318154511,-0.33946002196981345,0.94060274154218471,7.4663621511334988,16.713881479865634,0.84434487858470919,,0.1836367359850818,0.1764705882352941,0,3
0.90237442533265644,-0.28015663444270728,-0.32746397768807162,0.38012319820288615,0.87543964176965883,0.29851597579731209,0.20304371621295722,-0.39384983660774481,0.89646837953744085,-2.8331310051417198,-27.755449214071469,-2.5106357947412827,,0.2967863022659787,0.2631578947368421,0,1
0.78593872966259126,-0.5063786630728847,-0.354797072706176,0.59348139762979013,0.77878554215322005,0.20315735280936092,0.17343628191282404,-0.37023469437322332,0.91260403636989362,0.58205982722969152,9.0804165073781071,-0.92322741547824239,0.6298060136573583,0.4182827530994884,0.323943661971831,1,2
0.96939511966460079,-0.019603767233922858,-0.24472187127572465,0.093004714969864677,0.95183544421603028,0.2921633278278537,0.22720744918208211,-0.30598199202618104,0.9245278771307337,-0.21295052192021394,-24.305228976658654,-1.7645179370854724,,0.524519528735415,0.1538461538461539,0,2
0.69067925188328871,-0.61477797156043834,-0.38080207024381341,0.71311709804060719,0.66646798203381397,0.21744984112645319,0.12010901506583251,-0.42174456085148215,0.89872429025374989,6.6837652167577213,-32.775014475403978,-0.19970555029530432,,0.4763942304360919,0.1904761904761905,0,2
0.80513306907866344,-0.47262794983891354,-0.35830651976630068,0.56516535785708921,0.79459042884067088,0.22184266648475837,0.17985788655002391,-0.38111529938571725,0.90686397503699212,4.6948935048865907,18.02610755382182,0.21576881517575677,,0.4179173502550399,0.1111111111111111,0,1
-0.94375757399143734,0.2486858089480295,-0.21789219802843363,-0.24011425742037468,-0.96853848456530744,-0.065409076582696402,-0.22730328839957428,-0.0094112881054151283,0.9737785388572382,-7.2336884367626286,11.87191659309098,-2.9151110791888382,,0.1079876336962402,0.2777777777777778,0,3
0.62839854966499442,-0.736378926631719,-0.25072163686376964,0.76627830270362829,0.64146822241375889,0.036552461462641184,0.13391350038206334,-0.2150920641168543,0.96736889466706177,15.634549354209216,12.536796757786011,2.698554887757703,0.2035037343257715,0.1611839083518007,0.5217391304347826,1,3
0.64527509010911854,0.74427523041605692,-0.17226270482549411,-0.74051159655029741,0.66479529202936993,0.098436756702541123,0.18778347493642658,0.064043743525117602,0.98012028111660365,16.769053256898481,9.9195369467593615,2.920002313080162,,0.4115755098129712,0.3823529411764706,0,2
0.91571775094523189,0.37462864482539648,-0.14530787686871521,-0.34242511266098768,0.91676416091063329,0.20564171631488809,0.2102523313138685,-0.13855270385708787,0.96777947148664689,23.673502936763686,0.45828543418821704,4.3426177867393303,,0.348383301070097,0.4117647058823529,0,1
-0.76607064888513698,-0.57426244088910516,-0.28871856521670514,0.61784718324891641,-0.78174873306419568,-0.084461686603483993,-0.17720219825974426,-0.24308757133307382,0.95368119075260283,3.0975680991635546,-30.619270953134585,-1.0146768282414647,,0.171608630192272,0.375,0,2
0.22224566366489612,-0.89635759003689897,-0.38360127185059201,0.973955256972039,0.22223220980271333,0.044988913553582519,0.044922404195220818,-0.38360906625032304,0.92240233189854626,-14.329516684690255,-15.695215318973732,-5.2267249637852231,,0.6101122330513447,0.125,0,1
-0.96392184894923394,-0.083319111348710645,-0.25280940410188796,0.11215962254867495,-0.98845376544530372,-0.10187920615483524,-0.24140192250276157,-0.12655860010707209,0.96213722126883172,13.603854226774457,-33.168759678008676,1.4337109314410887,0.3446291759646399,0.3348705784141723,0.5652173913043478,1,3
0.56236883753509392,-0.76346590885185583,-0.31758636083817843,0.82026121034249333,0.56359796021942943,0.09761601325585452,0.10446452688303327,-0.31539997662889718,0.94319140017580505,20.7323689329132,6.532892854607578,3.7689537796928652,,0.171507122234814,0.3076923076923077,0,3
-0.90556369538542825,-0.29794783059365504,-0.30196271929564639,0.36649722064495682,-0.90795582532073515,-0.20321418879021183,-0.21362158331827907,-0.29469188911586414,0.93140888423394042,13.277029994347435,29.537857250524926,2.4101581260518237,,0.4777767218806178,0.3636363636363636,0,3
-0.92834334251215522,0.30874459981655733,-0.20701548371431752,-0.30648563957351305,-0.95087038577557248,-0.043727133341078868,-0.21034540914546651,0.022853479803470945,0.97735997836636324,18.652003286468045,12.251740742938075,3.3878692258618699,,0.1051947227682488,0.2352941176470588,0,3
0.97049596539081262,-0.143792191066409,-0.19354944316240208,0.18654952119064902,0.95635791168113571,0.22489735638383224,0.15276405763036732,-0.25436853294623168,0.95496585915051813,-24.592969429242171,12.782555128355515,-7.7317615301481988,,0.7405665111815548,0.4831460674157304,0,2
-0.95605901406633342,-0.14802821745667727,-0.25305890314136104,0.19538341255475278,-0.96525253517923992,-0.17353058931643511,-0.2185783239961579,-0.21534899620534254,0.95176064538957561,36.88410866007262,-2.6259671697085136,7.1059164500515708,,0.4855936379989619,0.48,0,1
-0.96856474907071977,0.19449027179336661,-0.15509951977784037,-0.17731243927464962,-0.97706346081012641,-0.11792918395466265,-0.17447815260383762,-0.08672097628302694,0.98083477025260024,-0.46451461357341456,8.0092507515390601,-1.2594038345424079,0.2490703324591797,0.3719180097699661,0.4401408450704226,1,3
0.68052490230343299,0.71049291971244755,-0.17912472856472567,-0.71431275952158513,0.6977536410438957,0.053825068459279479,0.16322726160039255,0.091321779704897285,0.98235288650360719,-12.168954709175358,-20.51684386021056,-4.6900204164140886,0.2291090333674736,0.1520993958548242,0.3214285714285715,1,3
0.73639209384220661,0.66250702593972355,-0.13715365364143148,-0.65447233735084387,0.74893626988345563,0.10373246018281547,0.17144282944822897,0.013375508721488915,0.98510326971197648,3.6842660333613182,-24.144995659933482,-0.79685398234616434,,0.08814560175732196,0.125,0,2
-0.80669692665786896,-0.48855082621474022,-0.33250287025173947,0.56060712536386514,-0.81065163654941763,-0.16900761861826175,-0.18697518421441367,-0.32274140478817864,0.92783525807297296,-11.28714821930792,10.379814808428172,-4.0473607326666441,,0.1075272631318893,0.16,0,3
