axis_00,axis_01,axis_02,axis_10,axis_11,axis_12,axis_20,axis_21,axis_22,location_x,location_y,location_z,dbh,dbh_approximation,score,reconstructed,number_clusters
0.71075179198941563,0.6666533320622583,-0.22451107998075046,-0.65855545018038597,0.74278210122679234,0.12074547252307273,0.24725818332573665,0.062032934376825222,0.96696189471512117,11.288740036276675,-17.192046460015948,-3.463115246636582,,0.1608265674786684,0.1333333333333333,1,6
0.75045281442593692,0.62300029018899405,-0.22066085231553983,-0.6021128670986573,0.78212248992394662,0.16045094586633329,0.27254480107759455,0.012451874541449769,0.96206251471823767,-10.306945242798294,9.9150099097195241,-12.100125119636141,,0.1614279224662612,0.3043478260869565,0,7
-0.10222088045539664,0.98425499982923126,-0.14419773545407516,-0.99331185187178805,-0.093170293003948843,0.068197224522679914,0.053688513948162257,0.15020449997492843,0.98719610597759144,-4.0819101378594507,-7.5925863277855665,-8.5905649955886538,,0.07966042324404657,0.3636363636363636,0,5
0.95909453973453185,0.0084633074819743456,-0.28295942514408745,0.045637728266977505,0.98185551223259493,0.18405692287197009,0.27938300164834023,-0.18944161508215243,0.94130601446343143,16.729851343242242,-4.5162803541000995,-3.3928000416832615,,0.1227228807019282,0.3571428571428572,1,5
-0.53350313700339647,0.84270117499594988,-0.072312740703019476,-0.84216811388770929,-0.5371809341418724,-0.046792220991147951,-0.0782768852111176,0.035935687761779446,0.9962837726203988,-3.5483960095262299,19.617356626877182,-11.622766029367231,,0.07063163068017445,0.1666666666666667,0,1
-0.71857491827632847,0.6477221269338781,-0.25319188988674357,-0.67822108154777661,-0.73321548710231566,0.049104114058577106,-0.15383839367443941,0.20700506214478651,0.96616906019500615,4.1332932583442581,6.1776932163637435,-8.0809825627405374,,0.4581873579839777,0.8314176245210728,1,7
0.86616320312254225,0.45599472946478992,-0.20452411167593779,-0.40816454791983003,0.88160860884419445,0.23699781145235335,0.28837997048668151,-0.1217992919196887,0.94973781914271693,-10.584270700330634,13.412910064396771,-12.58540246627177,,0.1354361957108695,0.2,0,3
0.95150677594907584,-0.060979827341545084,-0.30152332576500812,0.16583410949619834,0.92722153552617581,0.33579647434731003,0.25910211008519185,-0.36951547290184761,0.89237010922347981,-9.4287910709837259,-12.180119819587627,-9.5020595497947369,,0.5321157752770287,0.125,0,2
0.93276397434027603,0.25258605918096844,-0.257199632348805,-0.23115672279917324,0.96657313388709121,0.11091864745132902,0.2766187587234068,-0.044007494306247556,0.95997156352009017,-8.4894402878634594,-11.675527190694735,-9.3061299140749725,,0.06644566100934346,0.25,0,1
0.83059960944638578,0.5234698604976018,-0.18995682124665572,-0.49421070408910533,0.85012952280595155,0.18175691023308188,0.25663216624434143,-0.057088524278941358,0.96482165794741093,-3.8953228370256978,10.64745234375091,-10.651273936772064,,0.221890980045186,0.3557692307692308,1,5
0.35785481731768437,-0.79294149105296696,-0.49313661544162812,0.93359319648221395,0.31430657321625416,0.17209044574053861,0.018538425085447594,-0.52197238413516944,0.85276090259556236,9.2802039376125744,13.92796064079992,-7.7238464643349323,,0.2383106853232303,0.25,0,3
-0.40411164032249336,0.90818065600932352,-0.10909481292132892,-0.9142851379499034,-0.40467424102686911,0.017928892136843476,-0.027865187596548154,0.10698904009198107,0.99386964770054564,-8.8447402063420757,11.928904891131277,-11.959998999821208,,0.080779883741414,0.2619047619047619,0,5
0.67658010539984448,-0.6774687299403741,-0.28857491389604961,0.72470220539778807,0.68208322630530993,0.0978222157003312,0.13056061607053795,-0.27531544153192034,0.95244702382093993,-18.674593248660855,8.0778274877811498,-14.092515231739975,,0.09614133869657608,0.5,0,3
-0.84283018706525148,-0.37578034805578503,-0.38526147716405218,0.46820541022364748,-0.8649653352707205,-0.18060637479700717,-0.26536949637978452,-0.33260201261430183,0.90496128734662262,14.217762038603938,-5.1749456735759187,-4.0235678100495385,,0.3607545282611839,0.15,1,5
0.67041871230335148,-0.66949285600045538,-0.31987195244014549,0.73329436544420024,0.6636176464431861,0.1479560506940997,0.11321715329977522,-0.33375280537182156,0.93583702700050053,-8.0391501488644579,7.7978631063171342,-11.343615862214799,,0.3300220543275387,0.2380952380952381,0,3
0.96202770363733703,0.016329541666563422,-0.27246292133652417,0.068607294587153492,0.95169541269842461,0.29928060508193194,0.26418882747706157,-0.30660917715837488,0.91443702676486194,-4.6873091959576332,3.0395659103715231,-9.9149504063504779,,0.089143654304511,0.427536231884058,0,5
0.90150201224116389,0.36467561461874609,-0.23303608739328802,-0.33246285697816463,0.92829506220831493,0.16654346642716783,0.27706059022359875,-0.072663426715924712,0.95810096324074867,-3.7582431691166707,-13.270436812828851,-7.8719561038334733,,0.1609112616802145,0.1944444444444444,0,5
-0.10279287352757815,0.96493321342306426,-0.24153161032250692,-0.99333824881565536,-0.08686539739880246,0.075720051337775068,0.052084053142881392,0.2477060684920501,0.96743421225446757,-8.5889104807698438,-12.499131086010586,-9.2360114191099072,,0.0722064371688499,0.3666666666666666,0,4
-0.83167681207865396,0.49734235722010084,-0.24690941651836629,-0.52169068888829417,-0.85216077391382261,0.040753411266430777,-0.19013812184289469,0.16270401075986887,0.96818123277860957,5.7955712208018602,6.8164550405995685,-7.7200925051420182,,0.07866758832071033,0.2173913043478261,0,5
-0.59882586708376706,0.77273565117539944,-0.21044522877439498,-0.79465522649273057,-0.60598830722765729,0.036072739168883927,-0.099652656357784891,0.18883269024692484,0.97693989742202036,12.005480568092059,-0.40868055086761484,-5.1927526867358962,,0.1115568279962338,0.1333333333333333,0,4
-0.87114667396727485,-0.3681851632457071,-0.32487406483357184,0.40435471575796739,-0.91327564633420333,-0.049242843714976746,-0.27856908708621864,-0.17426209966190673,0.94447444874987274,-0.89004080015437703,9.2429159661454676,-9.6990222763046621,,0.2797589258237599,0.264957264957265,0,5
0.90947140272324323,0.32375331291574599,-0.26085543890188806,-0.31015534350085067,0.94613469546809192,0.092912867404742111,0.27688522988142,-0.0035958875929491332,0.96089626862941524,-9.88593082929434,8.2604394582713798,-11.833901015074133,,0.06808962030199091,0.1710526315789474,0,5
-0.0014991229133999166,-0.89232470472131242,-0.45139159714654953,0.9992095456584843,-0.019267999201617113,0.034771080968689902,-0.039724507491663459,-0.45098266657465785,0.89164824788352259,10.067708429628471,-10.003384690866842,-4.58118843240063,,0.3160933066088021,0.28,0,8
0.7197420348430883,0.68355250230965159,-0.12135641666654991,-0.65521211663437828,0.72660545484752725,0.20674040534282645,0.22949615573126531,-0.069285565394477,0.97084037046907945,1.016429881537017,-13.704624812646822,-6.5935130739000956,,0.3690050449413878,0.3666666666666666,0,4
0.62386235689924074,0.74654481722093069,-0.23122844877889082,-0.73471002651307615,0.66109845857221605,0.15215125702600982,0.26645250343218674,0.07496441791948788,0.96092840496090715,4.7085075617793466,1.0351506648739548,-7.3616639674319888,,0.4115350717684123,0.6099071207430341,1,5
0.86729311572213208,-0.33437941382402364,-0.36877236750019576,0.44175668149528463,0.85847176497412392,0.26053265264931008,0.22946390952668524,-0.38886583335761815,0.89226099201512499,-11.888354194354237,6.5462040713511636,-12.185981653137414,,0.6760256428923459,0.5351239669421488,1,5
0.35227846056218637,0.90817931101501914,-0.22607570693955886,-0.91988222338749037,0.38049077272066684,0.095097144910438525,0.17238497997106134,0.17446234814055181,0.96945670752316826,-8.5704394191551572,9.2407157806371529,-11.667322465181147,,0.06816576451458525,0.2753623188405797,0,5
0.73184894153327729,0.66313479918882401,-0.1570011620384355,-0.64216408035003458,0.74819806341988426,0.16680812870759129,0.22808424032540126,-0.0212578455994985,0.97340930924028657,6.093666063657964,-6.5602210406975336,-6.0060825117972456,,0.1837290288508332,0.3,0,2
0.7238808870629313,-0.58091882761528568,-0.37219588534408427,0.67684481131434981,0.7025037386767492,0.21993089492391085,0.13370700333874314,-0.41112262509775899,0.90172092378457203,2.6993670608195557,-11.871010693057526,-6.3584887051846728,,0.2357386658953761,0.4736842105263158,0,3
-0.91073504243785686,-0.2641866978571536,-0.31743829502920629,0.30657334172599121,-0.94748488176678514,-0.091022991416127991,-0.27672092190269049,-0.18021594684909292,0.94390028280672289,7.6838817180754626,-0.64086163147908737,-6.3171985660648975,,0.3803075176335524,0.3255813953488372,0,1
-0.92899001864533026,0.3059676097384445,-0.20823392386518572,-0.29577249825851354,-0.95196596476709439,-0.079242862132641173,-0.22247735734511667,-0.012025960086332587,0.97486368367722853,-7.0011269868862982,10.90521075091983,-11.448772160624355,,0.2462111862218685,0.2608695652173913,0,4
0.75090465857121558,0.63432564999292584,-0.18377476294937395,-0.60821829952805384,0.77266998154291044,0.18180098938587017,0.2573182734576947,-0.024740036045466485,0.96600995686443125,-14.583175254160375,-7.8416875429306439,-11.307601301560021,,0.08105363465336254,0.1904761904761905,0,1
0.5322965340950262,0.81951857284175023,-0.21224916621236178,-0.81900415485229239,0.56196887482285118,0.11585843976603323,0.21422556832718093,0.11216190305874248,0.97032320047350029,-7.6242879999355315,-1.5147655846491854,-10.224559533346204,,0.3252527045376092,0.8443680137575237,1,1
0.037400514762613066,-0.95011841429975596,-0.30963882234630713,0.99694672742710977,0.0142221046381267,0.076778606473658487,-0.068545052103461873,-0.31156497002740641,0.94774935783885095,15.066891963582544,-3.372259956607591,-3.947678810931424,,0.2050264649970598,0.4333333333333333,1,5
0.86728913020950893,-0.39787960043237075,-0.2991678261113826,0.45486680825549641,0.87757354407937793,0.15152841805884823,0.20225170300368553,-0.26750046409630135,0.94209221965812473,-9.1070512161117794,-1.4312395559524473,-10.564567277469386,,0.06488219770028891,0.178343949044586,0,1
0.59114111791676593,0.80506776717080197,-0.049173864712235969,-0.77525767533104017,0.58395838245658238,0.24076574590046018,0.22254823195979215,-0.10420411614381073,0.96933677668303675,-1.7751468131052426,11.708982520145396,-10.170787558519075,,0.2919185547257829,0.3043478260869565,0,6
0.5767306725522412,-0.70055079970927459,-0.42025029252117879,0.81162737358151404,0.54989552947970366,0.19716975709121895,0.092966326111197192,-0.4548004877800082,0.88572782417876783,13.153269084282188,10.398371186984996,-6.2311875411001596,,0.5287323452030729,0.2631578947368421,1,6
-0.63756265881383478,0.74125826691414143,-0.20988100871131399,-0.76188421392140848,-0.64705835600353256,0.029119211928964724,-0.11422040388473606,0.17847034951904614,0.97729321786194678,4.2486219286377143,-11.322346713675364,-5.9984212036605484,,0.8925910340182078,0.918918918918919,1,3
-0.9076000678456998,0.33141053303178086,-0.25773857965402425,-0.35515189704404604,-0.93345098057854359,0.050362653652998864,-0.22389561601893473,0.13724549337791589,0.96490125281033601,9.5138105091114067,0.40718465561577022,-5.9988792725530846,,0.06831339356040006,0.3076923076923077,0,3
-0.74022046121189922,-0.51579540523864453,-0.4313105247242946,0.62200639556622694,-0.76890148975072814,-0.1479815628172039,-0.25530709484453074,-0.37781688553294485,0.8899846562319107,5.2215975678279705,2.8190214795225659,-7.3721534336048817,,0.1702494450798986,0.1578947368421053,0,4
0.93205541931275837,-0.2185500102006338,-0.28897852579563998,0.2640786544538048,0.95585634423315102,0.12884530822309326,0.24806281380244505,-0.19640402804051352,0.94862547835163868,19.274904245851605,-6.8024848844385906,-2.4976155213618245,,0.199177804200048,0.4,1,5
0.046701247213099734,0.9862386252639801,-0.15859497957424756,-0.99140296345299894,0.065189190291418175,0.11344837383480233,0.12222584655199874,0.15193335218629384,0.98080431224994291,3.0865292025743161,6.4791737169030679,-8.4029932364050719,,0.2249847308425841,0.217948717948718,0,3
0.82361571126707256,0.52805248958868301,-0.20692445093131873,-0.50232089855559625,0.84857531062447278,0.16611338619411964,0.26330756735865379,-0.032871118596308174,0.96415175907835948,1.3689733810357192,9.7692469581967831,-9.1537963067669104,,0.1868642500778603,0.3333333333333333,1,5
-0.092399347671173235,0.9688612442704545,-0.22971776139569108,-0.99414401676034181,-0.076780968060216254,0.076041810100418411,0.056036010649882076,0.23539875168412025,0.97028212042477813,-12.916306997912644,-8.8313373386229461,-10.744030084289978,,0.0742915250709372,0.1515151515151515,0,1
-0.91952771369036801,0.30786508359749737,-0.24431101910653058,-0.30450499383904051,-0.95106873096683253,-0.052392534813895733,-0.24848640301322644,0.02621753761597918,0.96828051113244262,-9.8377712525702563,-16.192979927942044,-9.2119004583567641,,0.3927425526572997,0.3,0,5
-0.81120163837953074,0.56542306955189736,-0.14915982806665359,-0.5580755524382387,-0.82475011286806621,-0.09131773702224899,-0.17465274020500723,0.0091653555643310056,0.98458743471377896,-12.443107424142697,13.50338203487946,-13.069141596789564,,0.2518032081985949,0.3448275862068966,0,3
0.86614043813239461,-0.4048297382807563,-0.29311025986027694,0.46524086002688186,0.8673347926884416,0.1768652016467519,0.18262443317714083,-0.28955697262479002,0.93957707294883275,2.5388370925270043,-9.4221699071594287,-6.6340033512476202,,0.09830386519935008,0.1304347826086956,0,5
-0.59986066956453332,-0.68270071812173438,-0.41723723058430207,0.76675182996795399,-0.63949777576414635,-0.055984158772844225,-0.22860185552699164,-0.3535001050477603,0.90707158889518702,-17.703103208954236,8.5007624916053093,-13.882908382284262,,0.5017324148032301,0.2777777777777778,0,1
-0.81702295513072531,0.53561677605751934,-0.2135138402895862,-0.55455115132610611,-0.83134797550787509,0.036517998053674526,-0.15794464648207546,0.14824038864191963,0.97625727952366415,1.2352754975142768,6.3442984433541945,-8.8341054298500143,,0.09703235587260743,0.3559322033898305,0,7
0.23202446733868098,0.95754418390911189,-0.17109582817250749,-0.96259696469327893,0.25133030000400902,0.10119369477977659,0.1398989997086795,0.14121691174122777,0.98004390397511443,5.8920438794648513,-12.032731411321718,-5.5013956032197342,,0.09904940701039719,0.1923076923076923,0,5
0.87390242361809456,-0.32464192919058005,-0.36180405167139823,0.42583585182001971,0.87022902447101169,0.24772014910570012,0.23443203983060784,-0.37055237521793133,0.89873942604139201,6.3600353616248304,15.401039766090296,-8.5940571792743956,,0.2790317869322033,0.1875,0,3
0.62629388409685471,-0.69747313803709776,-0.34826310809438304,0.77183327689505343,0.61760250678411299,0.15113085817073857,0.109678454676933,-0.3634533881127866,0.92513365047922502,-10.473136279747706,-12.387545590713479,-9.76201375921978,,0.1051176313447105,0.3125,0,1
0.78965091813257704,0.58663778490907137,-0.17974297429762481,-0.55653900323523375,0.80817101122911483,0.19267577555791104,0.2582939514783707,-0.052112627317074375,0.96465978909862371,-14.044998771420314,15.38699087425476,-13.694826255146786,,0.1344774309732258,0.36,0,2
-0.65978830177633641,-0.65309430911348909,-0.37168161138624284,0.71618483376445097,-0.69626491302707916,-0.047900467358687297,-0.22750534218977178,-0.2977969010768407,0.92712368375753773,3.2950756442569267,9.1620456190130337,-8.6020618564774125,,0.08959135213593092,0.4814814814814815,0,5
-0.87255151813292109,-0.39045928070277558,-0.29359052831623567,0.40049114763746446,-0.91587857406845607,0.027807880652041646,-0.27975111951154358,-0.093316599141860787,0.95552672566319974,12.779523806425338,2.8457944756883311,-5.4189307420277206,,0.1376065794046104,0.3125,1,5
0.48260532643162402,0.85022873030685797,-0.21024558273746125,-0.84942853629505388,0.51287162596723801,0.12423307532764469,0.21345552376893084,0.11863305373508001,0.96972312436799302,-5.5572512390734836,-14.412200503678598,-8.3050411026359363,,0.3727343467748277,0.5964912280701754,1,5
0.88476365109579913,-0.36932003098700378,-0.28424636569601058,0.41548942875891137,0.90135930469215708,0.12214719986338288,0.21109669890650848,-0.22617276263208702,0.9509385180726172,-6.5189245523474977,6.3910779300453893,-10.775794290150586,,0.06943495560324914,0.2272727272727273,0,4
0.94198122780770055,-0.16722304073914662,-0.29104608072236821,0.22995204827860616,0.95313368468827087,0.19661697435632022,0.24452693502019612,-0.25213614131757089,0.93628731930487852,-0.7730716544166506,-10.83770713064982,-7.3504065197998676,,0.2751902534573955,0.5454545454545454,0,5
0.068390051888972639,0.9911962919855356,-0.11336980002077493,-0.99256574389099994,0.079067664336316387,0.092528636164739622,0.10067792636288651,0.10619894166387203,0.98923492656332379,-2.6984389218210749,2.9833137573248618,-9.4929499539040556,,0.08907510727022397,0.3286713286713286,0,5
-0.93536509986543381,0.25735051963936412,-0.24261665234496069,-0.26710195971191508,-0.9636382675498234,0.007604763745736114,-0.23183760064273617,0.071916613900566917,0.97009243248944865,5.7664147408491493,-16.881755233687841,-4.9974059442428036,,0.1795491030159966,0.3846153846153846,1,5
0.9391584479556655,-0.20325070988499128,-0.27689448995015004,0.24691446700194114,0.95988280179798924,0.13288435873943175,0.2387774185693739,-0.1931687235131242,0.9516675830549538,-6.1056611030470682,-12.812746165027818,-8.6072146014113819,,0.06625883091544273,0.24,0,2
0.92117865765629547,0.29742098628761454,-0.25093950983105345,-0.2745588697847019,0.95373402316546674,0.12251057129554496,0.27576676322772098,-0.043956455411194778,0.96021899706608127,-1.7907916012268292,-10.372738225179152,-7.6908921172578824,,0.07088165585203601,0.2702702702702703,0,5
-0.64652564900915821,-0.66952362693478384,-0.36570848793729105,0.72480108200024296,-0.68865003512572398,-0.020603898966376547,-0.2380503658988247,-0.27838685690497722,0.93050136012689633,9.3169639868245024,-3.7955236755055384,-5.4335038033650029,,0.5962771029804819,0.543859649122807,0,1
0.19934271667421841,-0.9219907402077574,-0.33195716030851569,0.97970077798165311,0.18018854337007412,0.087854848815042991,-0.021186479912564418,-0.34273191244662682,0.93919431922238128,-2.5076448342735338,15.855032928123595,-10.880081992763573,,0.1603889622315713,0.4,1,3
0.95974368064307325,0.13898461812503943,-0.24408060838650028,-0.073366447705390081,0.96287217495919308,0.25979711130119482,0.27112622856665769,-0.23143130862955888,0.93430729290166148,-14.646519211647055,12.494144031857482,-13.554923345435732,,0.06677554218023193,0.4,0,1
-0.92000134641468367,0.35160582384088362,-0.17312096128528967,-0.327181721381954,-0.93222542319855939,-0.15462173694473863,-0.21575366460088399,-0.085610192053516859,0.97268764319685352,-3.5869606259420297,-17.898688636732658,-7.4211451969166164,,0.2370717018933565,0.1111111111111111,0,3
-0.47668970407028877,0.87689805055113368,-0.061779729466889304,-0.87750300669340653,-0.4788590691946682,-0.026124032882521478,-0.052491897254829938,0.041758840856009095,0.99774786390798709,-1.9073517335607304,-12.029976359614553,-7.5575196526671897,,0.4319776635672402,0.6329113924050633,0,5
0.71168052566774631,0.69629714282977817,-0.093172518868851209,-0.65807738635164215,0.70720107628662998,0.25845849042277974,0.24585561404586739,-0.1226251466303634,0.96151863760200207,-6.7314652913743371,-16.633031213954691,-8.3678291730094276,,0.2700074488167958,0.4545454545454545,0,3
0.65437427149412519,-0.58074520686222653,-0.48428227049220252,0.74666872142936003,0.59745971607389914,0.2924512063711493,0.11949951148677378,-0.55297096883601948,0.82458654753699256,2.5730318322061967,-8.1019201256553117,-6.7678752647483247,,0.4036616824320425,0.2,0,1
-0.86967058960362242,0.4612375900245243,-0.17587765954451579,-0.4498137214294583,-0.88721987792668422,-0.10251099563237411,-0.2033240802076072,-0.010038613456439152,0.97906003117663976,-0.64807636277902358,-16.306796252936365,-6.7143028698785789,,0.5253698439941965,0.3529411764705883,0,1
-0.5857323691572125,-0.72841414833519968,-0.35542990902087068,0.77980767396861728,-0.62601551017619916,-0.0021383728597443676,-0.22094701478212675,-0.2784194848137222,0.93470049060376992,-2.9209845045346228,-16.647195361402854,-7.3633064740089536,,0.2149174319434152,0.2222222222222222,0,5
0.5374182254709361,-0.69072314340827801,-0.48382144443157765,0.83967583056028083,0.49152321631428891,0.23097494971740923,0.078269729171456304,-0.53038332080132855,0.84413706381794595,5.1804097595772998,10.379262907465037,-8.3241836619625325,,0.1609406209805866,0.3478260869565217,1,5
0.18636274532611991,0.95846573266816126,-0.21589897279838274,-0.97340162197075486,0.20993312681412113,0.091746196709997702,0.13325993208468662,0.19305833721166041,0.97209581263055223,10.451859901636094,-14.275992778047291,-4.0250895302259462,,0.1342865988926847,0.2,0,5
-0.053923506210825603,0.99440320853405528,-0.090854357821225515,-0.99630541615273505,-0.047488850349774833,0.071556459087784324,0.066841403506031502,0.094377263944410594,0.99329006781891827,-28.082190149614163,2.4336089749537293,-16.010948568017074,,0.1147028891870608,0.4666666666666667,0,1
0.38617081817097454,0.89283007376849599,-0.23178990178112194,-0.90301302907593162,0.41719625259859211,0.1025414849551238,0.18825399999009421,0.16971077217499694,0.96734620756764012,16.743877023607858,-0.52905369521957335,-3.9320996897267251,,0.1334601221867892,0.3809523809523809,1,4
-0.96338064873432805,-0.11739617056456852,-0.24107232271872339,0.14654205823019611,-0.98343204041624321,-0.10670917042317601,-0.22455099824735458,-0.13812878418171701,0.96462287354519927,6.9072837216550065,4.597282534213007,-7.0978557761169503,,0.4419207373217369,0.2432432432432433,1,4
-0.42413319270093369,-0.82761236451869102,-0.36765310952730168,0.88548641934774142,-0.46408702695265347,0.02317396308279249,-0.18980209693264252,-0.31572298856755526,0.92967422169808667,6.7294742678130648,-7.2008616808459873,-5.7427707303427553,,0.2673576451966379,0.5,0,1
0.61389252668810057,0.75365884134335326,-0.23480697719934743,-0.754664504820732,0.64757592201435976,0.10548417128143724,0.23155442306330395,0.11244454674303665,0.9663015952939199,6.9641423380708352,-13.589786980765634,-4.9884092461334655,,0.31640099887592,0.6046511627906976,1,5
-0.041485980820227558,0.98376639610888461,-0.17459264383793774,-0.99666240092149017,-0.028450305437721295,0.076515610890267982,0.070306272727220023,0.17718424875659147,0.98166326711748175,-23.79265683475948,3.0133094356549317,-14.88538261186584,,0.1006954472468324,0.4,0,1
-0.96018918108241913,0.10886819200282785,-0.25726339285314026,-0.11164370850696796,-0.9937408830762946,-0.0038392256455379225,-0.2560711207518041,0.025035456312629902,0.96633369342279174,-17.156415526970648,-13.01495285043838,-11.508758437196423,,0.1081737649190788,0.2777777777777778,0,1
-0.63086877737793312,-0.69397208174738412,-0.3469976015549312,0.7489573538647033,-0.66148492501886424,-0.038737269712384372,-0.2026510987427762,-0.2843245394403911,0.93706567990208456,10.102574963245733,16.471400643566184,-7.7984355513141335,1.057569214126872,0.7534215516608347,0.927710843373494,1,5
-0.5976548590021572,-0.71577653792119345,-0.36120993517989242,0.76935353340343327,-0.63878325862683105,-0.0071476665940079405,-0.22561872739372424,-0.28216997760151186,0.932457126944504,4.0413658272689013,5.2482991930158276,-7.9591633879231045,,0.250373472110096,0.3902439024390244,1,4
0.96055083758302029,-0.078125695038049808,-0.26690534688046519,0.11130025839899738,0.98751222475941647,0.11149824407148737,0.25486141508450499,-0.13680636580777292,0.95725110466146479,-1.926826118804793,9.1134572343294931,-9.9264028867715233,,0.09917518297127673,0.3111111111111111,0,5
0.1904755557789829,0.96081865161527147,-0.20136181703316949,-0.97272042424402005,0.21238920172887296,0.09330489401690778,0.13241615803678139,0.17809645054628184,0.97506287766153565,-11.628617536352603,-4.4294803981686712,-10.884817177479164,,0.07566611773439137,0.2608695652173913,0,1
-0.43930650705093394,-0.81890914013554539,-0.36932047474404989,0.88072099916599422,-0.47362841411787826,0.0025781714909579971,-0.17703195895306867,-0.32413569001676801,0.92929852037254079,-3.55072825205592,12.484343889642606,-10.720926801508337,,0.209432316509102,0.2592592592592592,0,5
0.96088760662386874,-0.030680476640385267,-0.27523392921253736,0.09748916145088668,0.96770276473259131,0.23248058527219251,0.25921201908140046,-0.25022003813047633,0.9328446074677853,4.83283032869614,6.8878894117230995,-7.9859713525173888,,0.1052897166232429,0.2380952380952381,0,2
0.96356458002066137,0.10737878379940857,-0.24497570679430131,-0.014731293916740626,0.93579429241771928,0.3522385998977956,0.26706982066333573,-0.33579582943833697,0.90328006278378248,8.012156734694571,13.88420064070721,-8.0216373038383999,,0.3141922090700786,0.2857142857142857,0,2
-0.167302537950233,-0.90896474888901857,-0.38182842491429725,0.97662910813914927,-0.20579752698192691,0.061991636721830799,-0.13492755808484508,-0.36253339593097561,0.92215188060536657,-8.8271112816306143,-5.8243787402764298,-10.010263057959275,,0.3078248667371474,0.8657534246575342,0,5
0.80201347150808189,0.54429001073234062,-0.24601377143677186,-0.53484398535774114,0.83777211452510103,0.1099081227698368,0.26592537082084527,0.043431190878558297,0.96301476043343515,-12.067820540499739,16.178953878863172,-13.265532771526598,,0.1016633448952043,0.45,0,3
-0.9620591795360024,-0.043490586871194406,-0.26935237872369316,0.043748747288103157,-0.99902981518035283,0.0050473251758009225,-0.26931056826874522,-0.0069280036307499005,0.96302846301885425,8.7805650582450863,-0.41855434346598919,-6.0729649869908044,,0.1041739524705682,0.3,0,4
-0.90338205434624874,0.3657428066000844,-0.22390413865189254,-0.3715855462143588,-0.92824241485868886,-0.017035289897371988,-0.21406785309739837,0.067810166476747202,0.9744622802308297,14.464040919770353,0.64667732949866796,-4.7119462738364497,,0.2835375458506118,0.3333333333333333,1,5
-0.74878094419316321,-0.56017755682304193,-0.35429959419248769,0.60552323114675766,-0.79552550147186041,-0.021926993627352478,-0.269571352622611,-0.23095515006102685,0.93487486034522493,-24.847351476257153,5.0439661424257913,-15.411653166995697,,0.6608495620999976,0.2807017543859649,1,5
0.95547133916142635,-0.095057988954441522,-0.27935371623983668,0.15049859953280115,0.97129077242727679,0.18424007961431316,0.25382019537407874,-0.21807845866467471,0.94234658925827486,-9.848216714866302,12.009819618967137,-12.219680605600129,,0.1257916696458088,0.2857142857142857,0,5
0.75011256807626481,0.6267481227229843,-0.21099271522316937,-0.60930737039446925,0.7790223931640029,0.14788049003166595,0.25705186946802611,0.017632402338989148,0.96623673848117997,-7.1473139203871829,-8.5528576832939223,-9.2989081774213833,,0.0754783200581883,0.1525423728813559,0,5
0.78012915603449395,-0.45462790475516124,-0.42978130266780989,0.59694535489129397,0.74651609235717475,0.29388767773671676,0.18722911947294632,-0.48582629824836082,0.85376698504432635,-14.690858215503651,15.905176162655753,-13.911754455535142,,0.3244348228849415,0.6,0,2
0.46295237733812866,0.86360400569949658,-0.19965775130647748,-0.86355120668089014,0.49023198303368376,0.11811822996828526,0.1998859918977661,0.11773157669311238,0.97272034320887957,-0.64330247144477337,-7.4030965946771685,-7.6785583393557353,,0.3091513562702999,0.6702127659574468,1,3
0.81682262136241401,-0.39908517351595629,-0.41657151788183427,0.50060527515023667,0.8492107082342325,0.16803431647157865,0.28669698938494659,-0.34579213018814353,0.89343865988525251,4.2097111186504277,13.36195549930145,-8.9077957820639586,,0.4378593640963817,0.3116883116883117,0,2
-0.15634459151243388,-0.84674907763954144,-0.50850011624521452,0.97739711122140549,-0.20681064512594274,0.043866206111800199,-0.14230690665200249,-0.49014830059807202,0.85994382824691562,-2.2245738768850245,1.5846586894321646,-9.1427643045610036,,0.5208661657344609,0.3525741029641186,0,5
0.36133801609988497,-0.86883004632785121,-0.33848070656825369,0.93218084072350416,0.34507145553747776,0.10938268035328086,0.02176507084805571,-0.35504935033202284,0.93459415818834912,-8.1193604024277732,13.999957829228128,-12.040463283704311,,0.1058448370669665,0.3,0,4
0.95205431697235854,-0.10155789146506042,-0.28858026996915292,0.17372791948427166,0.95591533808726581,0.23673714622166198,0.25181578093114954,-0.27552107195399994,0.92772676547750665,-5.0960575867716997,14.476638766260729,-11.371289675558193,,0.1401569733350143,0.3448275862068966,0,5
0.85528392187618008,0.48703606481455713,-0.17687646691985148,-0.44197768850694963,0.86388694163283608,0.24156795097511771,0.27045357428244948,-0.12843373250907961,0.95412768564361061,-7.4401352909580929,-14.188019314157923,-8.7494292522010912,,0.2120495168833149,0.2162162162162162,0,5
-0.93512299995706871,0.24758121337748945,-0.25347291321524373,-0.26731025259487651,-0.96251028724402443,0.046034506699745674,-0.2325730074814269,0.11080383446413598,0.96624650398285472,6.9110941310179914,10.200845704124522,-7.8029054665345283,,0.2174304502392299,0.5957446808510638,1,5
0.022005473369923093,-0.86535485867107398,-0.5006762703745129,0.99533451695091091,-0.028094058490293793,0.092303430291842611,-0.09394125029965647,-0.5003715543992393,0.8606993371905356,9.4675610069432121,9.1445699000357408,-7.0521471031292782,,0.3993155722359651,0.3333333333333333,0,3
-0.46703188700271342,0.85386272976597311,-0.229781755671085,-0.88334400380691047,-0.46222853208855119,0.077769885313279857,-0.039806877057392012,0.23929735234612326,0.97012998598078282,-8.4431006186179918,15.693140275724591,-12.364867975359612,,0.5196765331848722,0.875,0,2
0.93526840035095982,-0.21705728540503103,-0.27956958732586518,0.26231861606434626,0.95537753068938003,0.13580396724671767,0.23761726151742812,-0.20034946644915333,0.95047258157323855,3.8642108000625206,-3.0333433210621661,-7.0220473214085244,,0.1039502595436332,0.2954545454545455,0,5
-0.95647740762825351,-0.10236997124848245,-0.27326060397232987,0.099264722898444971,-0.99474181547330931,0.025203875431387857,-0.27440386929602989,-0.0030182006975757705,0.9616097997524351,5.735143405302515,8.6244441078245409,-7.9475672304282901,,0.1090600549451325,0.1739130434782609,1,5
0.94996421376223539,0.16879351220197403,-0.26282454757807872,-0.14884092326192827,0.98436321854677244,0.094209519342672576,0.27461677321976635,-0.050376623653860177,0.96023321316001298,-5.6238190382509288,-11.889602031306667,-8.5244709887244436,,0.07843718582847006,0.2173913043478261,0,1
0.95002451717870584,0.19576594781477022,-0.24316478041762862,-0.14367059360306403,0.96572654975289796,0.21617352205140331,0.27715009885098751,-0.17043451756774511,0.94558970908546813,-15.001648064154988,0.87340588377010786,-12.376075861487211,,0.4440894187532013,0.5306122448979592,1,5
0.22933406268839968,-0.87196565194150977,-0.43252952445475051,0.97330231468397355,0.20114276496041492,0.11056306948931922,-0.0094070144920666999,-0.44633786523025232,0.89481507482834077,3.6132053100628863,15.480371072874654,-9.2924970917352745,,0.2371965843199102,0.1666666666666667,0,4
-0.92095391737225052,-0.22882240074151897,-0.31541114595967268,0.2659777107602988,-0.9606815712527772,-0.079666655722491181,-0.28478015986970912,-0.15726165322221095,0.94560511471247877,-23.444288849793434,18.117076306376816,-16.337712291671821,,0.4592726518347338,0.6363636363636364,0,3
-0.082957013880735814,-0.94467943069116467,-0.31733091100144661,0.99148039524889964,-0.11032666712106214,0.069243428273326926,-0.100422904185631,-0.30888314902398784,0.94578350618095897,14.764227809434553,-8.0091765946649893,-3.5578405327403302,,0.3011126904837614,0.328125,1,5
0.49188077289116128,0.84403874752738883,-0.21366304765305233,-0.84611526175337104,0.52125707475632665,0.11126556450448254,0.20528582291044312,0.12605417362734928,0.97055039860025216,-3.6257695724477683,-9.5259767418131389,-8.2586024536171099,,0.06603909516695836,0.1956521739130435,0,1
0.19505066352003819,0.95536348236752888,-0.2218915393136523,-0.97161931418359881,0.21908712691925389,0.089200555624168357,0.1338325332861427,0.19819547769022389,0.9709827010082922,-7.5188920462912634,6.8150429028525226,-11.096826334681438,,0.1206206117967757,0.2804878048780488,1,5
-0.80739015063908004,0.56541293710219942,-0.16861006852637686,-0.56287782271274278,-0.82380505362917877,-0.067184747623171573,-0.1768889520268789,0.040662564755452386,0.98339048931660034,6.4625567557983352,-0.30214472199993531,-6.6978710791391283,,0.1139131376998582,0.3625,0,5
-0.89161973437130959,-0.27885583025796862,-0.35672633097484691,0.35913060233357935,-0.91535119635179918,-0.18209172909512245,-0.27575253352808443,-0.29046792123825016,0.91629085283242573,-8.3705035934934457,14.7478864167532,-12.215788086230418,,0.6176060085806876,0.3571428571428572,0,1
-0.95337447931664088,-0.019841702492522151,-0.30113686096179509,0.048121606670693866,-0.9950641612577934,-0.086784940812079173,-0.29792853700032901,-0.097229737336492428,0.94962359122882034,11.505582346029549,1.1648363835113249,-5.6001203435787925,,0.615805203436801,0.7698412698412699,1,5
0.70885725946016376,0.6667356560322677,-0.23018460132217883,-0.65842816608324517,0.74251350847298703,0.12306924816294247,0.25296983183550403,0.064321494932559009,0.96533362599194705,3.8120086117387193,-8.5886858918531335,-6.3948563785715757,,0.06828116882130972,0.32,0,5
-0.036861101485281961,0.97317485311122276,-0.22709461567646683,-0.99675270727703347,-0.019524361964026911,0.078120674765405282,0.071591198713223947,0.22923678710418222,0.97073435898033189,-19.610664335194699,9.7919055120277356,-14.444369254337227,,0.1080897601618614,0.4347826086956522,0,1
0.96093505655006828,-0.030669671833047241,-0.2750694245509136,0.07239846578351726,0.98709140652371652,0.14286013201458303,0.26713719180471768,-0.15719391335762467,0.95075117373475049,10.427575178523146,-4.4468796717876833,-5.0462093040951617,,0.09064977407389448,0.3333333333333333,0,5
-0.9517070324232404,-0.11188200492012543,-0.28589533296506031,0.11533684428183644,-0.99331492683946176,0.0047820988093072881,-0.28451913255044409,-0.028423108432534431,0.95824891866350448,3.3877213306274157,-9.7667845991399727,-6.4205981153113489,,0.112472325583599,0.3157894736842105,1,5
0.61333411196265375,0.7761379034517053,-0.14639406384336262,-0.76251278632124886,0.63018557361022864,0.14642538547039038,0.20590171878735861,0.021819661755822232,0.97832938449239748,-7.6624677630352718,19.744271828322304,-12.649773998803312,,0.1924394327749467,0.34375,0,5
0.79597125368180766,-0.45765101811243175,-0.39621371623514989,0.58184170161302773,0.75900072310708122,0.29219537399997608,0.16700298672859082,-0.46311278101946618,0.8704232042404132,-15.947962622487383,12.868297146855172,-13.880683987455647,,0.3723467110887307,0.1666666666666667,0,2
0.93895257314657721,-0.20742282722161737,-0.27448831692589892,0.25610154602210083,0.9541348150771245,0.15504435746853587,0.22973912054004109,-0.21587618072666664,0.9490086464771309,6.5129809701500614,-11.38699216850674,-5.3723856252038118,,0.1002552874422754,0.375,0,3
0.85070932655852705,-0.39972247601171274,-0.34134379132687259,0.48746344990403934,0.84289893866150978,0.22781739224859909,0.19665458731997545,-0.36019900246164732,0.91191208562648451,6.1812835737149978,11.372819803156256,-8.1335104179061926,,0.1981195672940187,0.2380952380952381,0,5
0.35578491919414762,-0.80588825175663159,-0.47324540880462279,0.93420044947150016,0.32087444887526145,0.15591378472169998,0.026203272338800557,-0.49757784691406615,0.86702345687939819,-14.605466889776679,11.027261485662384,-13.343025540829373,,0.3887186292162376,0.3043478260869565,0,2
0.27342522256729368,-0.90894435214692837,-0.31473609955680115,0.96188792149580793,0.25728232234543158,0.092614432401315491,-0.003205330638552357,-0.32806397441466212,0.94465006989189171,4.6608074058022559,14.293307438474953,-8.8681876670277582,,0.08941448435638602,0.375,0,5
-0.086065823315482376,0.99610307399810327,-0.019270184964246262,-0.99443771128048342,-0.084711066770093976,0.062591321682041567,0.060715010007907404,0.024549972264765938,0.99785318881162965,-0.38476413900859979,1.7489607373210032,-8.7476491937333964,,0.2429095853705958,0.1578947368421053,0,5
0.89627750381572291,-0.29287966202129662,-0.33302873709058139,0.36426462720313924,0.91449512454822324,0.17609641832271133,0.2529780969222723,-0.27914184700940209,0.92632710838329935,18.178736876693073,-3.7053478659675965,-3.1191132328912614,,0.2849994524487277,0.5454545454545454,1,5
0.6802107736988342,-0.66891042340422113,-0.29978683894597358,0.7226560999252154,0.68046777431543104,0.12137450044832401,0.12280661458126116,-0.29920303069887005,0.94625370902084216,1.6325214323934845,-11.703000984334869,-6.6430504217080752,,0.09962522390255524,0.3235294117647059,0,5
-0.59645145524586451,0.78892158721451422,-0.1478120115620617,-0.78738394340122642,-0.61084561380796398,-0.08303108915043117,-0.15579533757152542,0.066860790591380115,0.98552394566163182,-10.278417882389128,16.961839249698638,-12.90120391056163,,0.1343862124376737,0.3,0,4
0.87109719092221283,-0.40392612711631176,-0.27934453243306362,0.44729794156467928,0.88738235156862943,0.11170100087523725,0.20276645540974106,-0.22225266243027603,0.95367159892870013,2.6303318778794162,-14.707884058795885,-6.0376084779372885,,0.5746714220759536,0.7058823529411765,1,5
0.41474249451891748,0.9001040078465613,-0.1334220307849609,-0.88768669054749438,0.4324555411438768,0.15809662981478578,0.20000250664694824,0.052867570329209877,0.97836803777639003,-10.46919227383253,-9.2559093548280575,-10.061602764058767,,0.6622789910874971,0.2777777777777778,0,3
0.9487440848299602,-0.12588406757371601,-0.28989284749930888,0.20402811973876295,0.94446433425443377,0.25760366394365208,0.24136525817943752,-0.30354624499806476,0.92173884006889306,8.7408963746221442,5.9293870580220744,-6.8109502048745831,,0.1494996276703813,0.3125,0,3
-0.95221797806603825,0.18540092053319424,-0.2427085101789199,-0.18128654280518391,-0.98264146752021564,-0.039381921073785901,-0.24579689104130464,0.0064996134624964652,0.96929956328230549,24.801484990039079,-2.6767904755243097,-1.4378584512647308,,0.1250141374824899,0.4375,0,4
-0.8596174671265534,-0.38330147558163091,-0.33784284664304259,0.43611704732215262,-0.89493359927915339,-0.094317410462054357,-0.26619491213382945,-0.22841591822420118,0.93646486162368037,-28.923200418139643,3.0656019739760558,-16.217755574314236,,0.6996442181665417,0.24,0,4
0.96407059011603746,0.06285127211543011,-0.25810388386614602,-0.024089169205247639,0.98828878315778013,0.15068176071282255,0.26455171365976415,-0.1390503458391511,0.9542941853127348,4.4158149686256785,-12.451891040755083,-5.7640226761575732,,0.06339047259215687,0.4375,0,2
0.10747292071158523,-0.95426346072368606,-0.27898175359936134,0.99276978118241277,0.087917713840486328,0.081722929243177173,-0.053457767300405468,-0.28574765636959459,0.9568127005817485,-6.9564587994064881,-4.7419473221887181,-9.6275022972795536,,0.07377848365278615,0.2395833333333333,0,3
0.82378317944815227,0.54045283714408054,-0.17114906976436922,-0.49680530813727519,0.83365426015047617,0.2412572492995621,0.27306731599538236,-0.11371589755121317,0.95525019527828525,-8.9088108588304848,-9.3813036867416368,-9.6891362282293567,,0.2513656386075888,0.4230769230769231,0,3
0.20366526064137963,0.96975066157246081,-0.13455153654883706,-0.96065409255556444,0.22445377095403352,0.16359773580572207,0.1888496122954017,0.095938308742068185,0.9773083775613447,23.895133429420174,-9.0142394730821316,-0.94190112754250321,,0.4937774309597713,0.8148148148148148,0,2
0.78711734757452501,0.58008503177150994,-0.2096369172209166,-0.5578337829698079,0.81451174426241002,0.15934895367148846,0.26318767396068576,-0.0084837711692053643,0.96470735142939135,8.6986280968988758,-7.9748372176279876,-5.1747711097018403,,0.0862020797573312,0.15,0,1
