axis_00,axis_01,axis_02,axis_10,axis_11,axis_12,axis_20,axis_21,axis_22,location_x,location_y,location_z,dbh,dbh_approximation,score,reconstructed,number_clusters
0.56152995804529626,-0.71983642107291146,-0.40806817214111457,0.82731818461135087,0.49742876067058089,0.26097748843359908,0.015123743882624852,-0.48414889750434453,0.87485491220904776,-5.3280472377625365,-16.872576112436771,-0.34606564887383634,,0.5233411208257311,0.4390243902439024,0,5
-0.46610292319613089,-0.80667116987516474,-0.36335889789608122,0.83315096604304473,-0.53838399444928964,0.12649957431694675,-0.29767017447094546,-0.24377099543026101,0.92302121807538973,-8.6042797573566734,-4.409216248430873,-3.9596472857955183,,0.07820530577253557,0.2096774193548387,0,2
0.35026528111775812,0.93060058685529801,-0.10628631420871829,-0.90429755003666779,0.36554896589676977,0.22049919394293399,0.24404953153239037,0.01888124138871065,0.96957894205806838,18.316714617271877,-5.1933965166654135,3.0573777107409574,,0.2555488496534948,0.3684210526315789,0,5
-0.71553725801257717,0.66616683966122137,-0.21030495508100694,-0.6953490875714774,-0.70808828069930729,0.12288463349749683,-0.067052806125900311,0.23416389233201784,0.9698820509312267,3.8731094992168131,1.5603036963472443,-1.9233453559480786,0.3679550758329436,0.1720526487772496,0.4379562043795621,1,5
-0.10680065143265104,0.97062025858320378,-0.21561524640302074,-0.98340165492067311,-0.071127262996984172,0.16691943433236983,0.14667926217717969,0.22986349446232615,0.96210600661295376,5.5578362744496861,-15.238713631567293,2.2639580442158689,,0.0809812870889705,0.3043478260869565,0,4
0.075377121552431953,-0.90407610373374636,-0.42067171072474058,0.98374191059409044,-0.0015409991650971214,0.1795813984305257,-0.16300350575113381,-0.42736872133929388,0.88926139752811628,3.6809087584645539,-9.579229610824104,0.49381816995046973,0.8026207796673226,0.250247081099419,0.2537313432835821,1,4
0.89884828807788453,0.3444063512697475,-0.27102771117455465,-0.29329842669550299,0.9322361642959458,0.21192396484760029,0.32564979336305616,-0.11099549172756304,0.93895272133305885,-14.934074224755911,15.687186048941841,-9.8745024505968413,,0.2490581311797372,0.5333333333333333,0,1
-0.90598709632003782,-0.25388017784096134,-0.33872147348674153,0.26638828976488871,-0.96381508163964613,0.0098877439338156698,-0.32897516681008787,-0.081273265613022463,0.94083473358442204,13.06149941035515,0.9322622688581258,0.39241950429719008,0.1390713971994771,0.1635391572218711,0.4186046511627907,1,5
0.813146737548888,0.52760952780635006,-0.24580595879994602,-0.47633138086236754,0.84589725585694564,0.23992967331999593,0.3345157676692545,-0.078012939321948568,0.93915556883777207,3.0572640487976597,3.4233202643739231,-2.5635014435159351,,0.06499662426564265,0.125,0,1
-0.70703552026081984,0.68904370804031145,-0.15912115352639455,-0.706282009024227,-0.69935526008567117,0.10985419390813116,-0.035587874595345612,0.19005522513354281,0.98112818458202711,12.263614827710716,-9.4183193593410266,2.6119437097776039,0.7980313671463696,0.5040615072002224,0.6222222222222222,1,4
0.21445684123694056,0.96977141883484996,-0.11641159073612813,-0.94591936279345767,0.23591161026348514,0.2226707687041754,0.24340259312318854,0.062362708038792236,0.96791842130779571,-8.3824922659703827,19.348071574346953,-8.9319637528366727,,0.2144391905881813,0.25,0,1
-0.54353997715388436,0.79802453201298817,-0.26023285638252275,-0.83934167970845641,-0.51981928733072347,0.15903915625771553,-0.008356909700497666,0.30486842215032778,0.95235781470822589,1.6138857628520771,2.5987913975641228,-2.746062235263254,0.2139149171890297,0.1482305639668286,0.6451612903225806,1,5
-0.23009505037105332,0.95494330322328824,-0.18745547584356786,-0.96456203771015292,-0.19822856232465177,0.17414221914039171,0.12913691650020528,0.22088169844443339,0.96671346948779091,11.099203027554333,-7.1114300281540128,1.7825278649415679,0.07703525558740823,0.1609222526629832,0.2352941176470588,1,5
0.12103821562774747,-0.8993968147728808,-0.42004180736451391,0.97637782086711977,0.031570624357666971,0.21375136630309866,-0.17898631589153749,-0.43599158851297065,0.88197235414127972,13.083720599973155,9.1552717677694382,-1.4159979396796094,,0.3451047842677457,0.3076923076923077,0,5
-0.78500694832231621,0.56882088941918529,-0.24537091687086821,-0.60748010648076978,-0.78443792412388169,0.12500025370504969,-0.1213754971804273,0.24718401840851553,0.96133659543763428,-8.5410627591956452,-10.317402838178401,-2.7077097851753593,0.04523539811813077,0.09320515231989664,0.2987012987012987,1,3
0.93752810883524185,-0.11682139320232611,-0.32770994375221735,0.25935053768656879,0.86252883353854559,0.43448971209491549,0.23190158202457697,-0.49233806820608766,0.83894271726357716,-4.4770739235501757,-22.215429755738448,1.0099528319313109,,0.2013705326061145,0.1666666666666667,0,2
0.78308498376381941,0.56101903466832526,-0.26839439439645635,-0.52468445017745735,0.82766399897813347,0.19919471011426329,0.33389240174882584,-0.015164021081050227,0.94248921294572663,5.0282230244168078,-9.2857190496155777,0.79282011854464662,,0.46699666367041,0.9551724137931035,1,5
-0.53777498872600749,-0.78550071299751689,-0.30624612876105722,0.7891323930762103,-0.59683593939487845,0.14511005356089457,-0.29676274648034112,-0.163632183041798,0.94082749799015708,-10.495201383110535,-14.189919618090105,-2.4374949668354668,,0.0939456438412713,0.2692307692307692,0,2
-0.91456101458004946,0.29416752818705388,-0.2775673179079805,-0.34505221132215386,-0.92552081195613445,0.15604550008811455,-0.21099081039704717,0.23848834771614499,0.94794840889766818,8.2922958250589076,4.6995528560857514,-1.5001585430544633,,0.09449314604123034,0.28,0,5
-0.79647431796136769,0.57502875428512534,-0.18700425816882194,-0.5898114229280248,-0.80695609231621712,0.030730285670005932,-0.13323342753075595,0.13477313092392854,0.98187833104176836,1.5929693023671823,-8.5300237068515461,-0.31306086128094801,,0.1978578738131857,0.2439024390243902,0,5
0.72625013980810837,-0.51567615658410648,-0.45457544583858295,0.68223264591052202,0.6218422653483564,0.38453974291398296,0.084376248332280412,-0.58939825123346579,0.80342414088717851,0.033213252710814857,11.246761975418403,-5.0310974660191832,,0.2973393817425443,0.2826086956521739,0,2
-0.93986547397106524,-0.1315899603808301,-0.31517768506688143,0.14395366790964781,-0.98945237889046667,-0.016165747844041227,-0.30972606014429194,-0.06056461206818587,0.94889498651459103,-20.382696614520693,5.5115576451557917,-9.2860625331818127,,0.07638725491761025,0.24,0,1
0.44905666406163197,0.88720198201634481,-0.10592806789566916,-0.84372882395075044,0.46006727952145376,0.2765135981256861,0.29405745033330394,-0.034795709793011081,0.95515416267923881,8.9863851944107171,-10.642082959134013,2.1054302538890273,0.7099198463383135,0.356333852786045,0.5217391304347826,1,5
-0.25515816370714101,-0.91171532147297862,-0.32197745897038199,0.93847818379428261,-0.31366798679743751,0.14446831002205227,-0.23270799306380735,-0.26530655221812133,0.93565988655833099,22.387271797000871,-4.78850915549123,3.7886965889514239,,0.1104248977204197,0.1176470588235294,0,3
-0.087367328502443817,0.9864415555941447,-0.13892446619422871,-0.98101207678702096,-0.060956308381429972,0.1841185315673709,0.17315384808996584,0.15237252332856266,0.97303666890108753,-5.4320869124009974,6.4459927274311779,-5.4247188824323791,0.3956873461587812,0.1527426345277001,0.3793103448275862,1,3
0.9041496603672281,0.36621728385806146,-0.21999611965089452,-0.27745352907168008,0.89492973185698232,0.3494571708293599,0.32485832429460226,-0.25492288253904166,0.91075869092448924,11.062913768608361,-4.4017102583212813,1.1968025532681723,0.8833148179462081,0.3859873535175815,0.4137931034482759,1,3
0.93317301397299679,-0.20982614175697079,-0.29182377598122011,0.27747686803894034,0.9366312839854869,0.21384205751675595,0.22846162412067,-0.28052598470566414,0.93226093890555317,-4.166883979095787,1.0599933107925237,-3.9690468103663497,0.4627795961083759,0.1928094502548618,0.6188714153561518,1,5
-0.72432555340590654,0.64877559923519523,-0.23332962632345436,-0.68364990282261007,-0.7196794153674595,0.12117899763156018,-0.089304552257235603,0.24728882088231796,0.96481756618169501,-3.3555989240682047,10.698338618701383,-5.8529262987912389,,0.1140542208257623,0.3181818181818182,0,6
-0.6552684850218734,0.73977658144306446,-0.15281957363358845,-0.75418364634664925,-0.65214673126303568,0.076887375336986197,-0.042781305735230035,0.16563589723049499,0.9852586002812852,4.9794266612606393,-12.457179060054322,1.431070560875028,,0.2828193939217813,0.5849056603773585,1,5
-0.86419161132250011,0.42454448739667494,-0.27006450551843503,-0.47333847396505602,-0.86798519687053499,0.15017452206700069,-0.17065622749918694,0.25761148311889093,0.95105876568224335,6.3856277469813234,5.8179463190385512,-2.2426781162582023,,0.07265461186067035,0.3428571428571429,0,2
-0.72851485349303147,-0.60928037203948249,-0.31311904523273293,0.61669086263335171,-0.78233021157630234,0.087474682048647431,-0.29825909572812886,-0.12937104893448559,0.94567681768827916,9.2685192961995515,12.104535197145585,-2.8486303899390193,,0.1449756791642352,0.5,0,4
-0.30712156535370377,0.95107898153878601,-0.033542733487851702,-0.94768825589034711,-0.30242552920857252,0.10210665468238442,0.08696731421748892,0.063147210215981006,0.99420778316191827,-6.9173206958767466,16.634976995343632,-8.01992816118584,,0.0773318841775424,0.4444444444444444,0,1
0.62352718266158758,0.75717420488683895,-0.19468198667592879,-0.71281451316625388,0.65287573463551862,0.25622011034204223,0.32110640339560315,-0.020988057988173284,0.94681052968385659,4.8187657414906893,-4.3478625641923658,-0.39464019244697035,0.4340640438892735,0.1544549000417182,0.1578947368421053,1,3
0.76382518286718526,0.60534482131381784,-0.22389447810621524,-0.55228982525776393,0.79252788865249058,0.2586029671615846,0.33398658496212219,-0.073872816492734042,0.93967854506143267,-3.9459494332960436,11.83881825422619,-6.2140370012372506,,0.07574887709128879,0.25,0,5
-0.13615061966028499,0.96321816375416691,-0.23167601900103788,-0.98275938265458629,-0.10178873791155946,0.15434716919576597,0.12508798731490936,0.24869624413814675,0.96047028771382725,2.3932210028424397,-12.880642802207488,0.85001976091636844,,0.2511612329160507,0.3095238095238095,0,4
-0.91048537644971783,0.36467746299019921,-0.19500442881700913,-0.36388267011699821,-0.93053306806808311,-0.041202082718289353,-0.19648354042957367,0.033444838448299298,0.97993655974324556,-5.9851956758935829,-4.0753096926622616,-3.277242039623705,,0.4215070428567702,0.2924528301886792,1,3
-0.9569205642125671,0.086073957432785689,-0.27729822869784243,-0.11797302171394719,-0.98792249501508678,0.10045650795665718,-0.26530246876872904,0.12884260822811822,0.95551775617734735,1.5370698210559961,8.9208982127319949,-4.1050817073176677,,0.07230878276056382,0.2916666666666667,0,1
-0.85639228243823629,-0.37211043488716578,-0.3579470391389124,0.39723267071713692,-0.91771071668325155,0.0036394779358028223,-0.3298461215402726,-0.13907143751611589,0.93373479713034258,13.291674026299496,-6.2820604117111829,2.1518549823028454,,0.3956103156739239,0.2941176470588235,0,3
-0.098175901199239607,-0.84363162943252568,-0.52787040667642993,0.9720216806243811,-0.19502913196235649,0.13091023673557514,-0.21339012352935099,-0.50024924938177773,0.83917539505939809,-20.956388583826989,-1.3884241333453435,-8.0461390981642964,,0.2764884332907904,0.3684210526315789,0,1
-0.8268015540923469,-0.40405434213904162,-0.39133014035347219,0.40215178826915227,-0.91103978529421636,0.090996971394618584,-0.39328504846028028,-0.082137678379999579,0.91574028657034645,6.1477356254693625,1.0195382704838154,-1.1903916995910993,,0.4538654285421326,0.6934097421203438,0,3
-0.62151880813009208,0.77517031993293162,-0.11324904518638179,-0.78243823045961036,-0.62139410958224528,0.040740349676005871,-0.038791579702102286,0.11393127609030737,0.99273101979974931,-11.540065508384519,8.8687195267876735,-7.5126763482759031,,0.3460010989034221,0.1935483870967742,0,1
0.85892636059087879,-0.35332262550741211,-0.37068669977038249,0.48425637472090083,0.79582571355633458,0.36353431362764421,0.16655710919765307,-0.49175660234215562,0.85465441754467097,-14.077452118275501,-15.255245426547875,-3.2246129402848007,,0.6028610544887967,0.1666666666666667,0,1
0.50029127420945319,0.85754415759510527,-0.11969402125580685,-0.80934372123478016,0.51227162033864415,0.28729867367160089,0.30768714930546387,-0.046859414957121356,0.95033300131172749,4.7311633584131725,-6.3898719180226724,0.030195831957479283,,0.1121537634847783,0.3684210526315789,0,5
0.55362126573520176,-0.77617332356163293,-0.30175895333368674,0.83272131667506744,0.5198278611691145,0.19066778308693433,0.00887146440536676,-0.35683885234603113,0.93412383042917368,-16.902814316420525,12.291970160484192,-9.6877699314736851,,0.2514933373859307,0.7592592592592593,0,1
0.85482687006960256,0.48158309687278328,-0.19325822883754989,-0.38369990316222313,0.83734432643002754,0.3893955101291548,0.34934997712939375,-0.25871258145259091,0.90056781736737013,-0.50431616286589942,14.080553754043979,-5.7893837488337168,,0.68705152393638,0.625,0,5
0.95410288528006437,0.10718563604920697,-0.27964070469976876,-0.047446495923106714,0.97606479789711564,0.21224123145770074,0.29569665930624744,-0.18923199975371388,0.93635182273776507,-7.0816684706307607,-3.8928085670360177,-3.6505348233659136,,0.1201819926201793,0.6153846153846154,1,2
-0.84358837629653616,-0.39858663703826963,-0.35984349952708033,0.42045459910076305,-0.90711255764633558,0.019098111302954419,-0.33403080916644495,-0.13518690962828442,0.93281719430591725,11.789975274051548,0.17617275207506655,0.22700904552127968,,0.08613865194816672,0.2857142857142857,0,5
0.43130461148663213,0.88167248981654567,-0.19138953161304043,-0.84990056087396992,0.46823291622199842,0.24171672013403367,0.30272986099239879,0.058408534196097157,0.95128495961861304,-4.3478029405938212,-11.619557917507896,-1.2472665494504371,,0.2663668062794861,0.1683168316831683,0,5
-0.96051408777602354,-0.070977901243825317,-0.26902569527614673,0.04169857182466586,-0.99271583883554848,0.11303314749583714,-0.27508892433461501,0.097351943278263645,0.95647722547291669,-6.0526377203464445,12.191676513589053,-6.7955057334861619,,0.3172068037168392,0.6363636363636364,1,5
0.40084547987193858,0.89489613043159821,-0.19617292627880009,-0.86780440847632967,0.4395250012832394,0.23180440434990945,0.29366377014416178,0.077321982550376409,0.95277641717204387,1.0634985910355057,-7.7226658438405282,-0.62751244799217676,,0.07997183304248329,0.2372881355932203,0,2
-0.82102827216213647,0.52000098389731675,-0.23560889850826991,-0.55364457376736487,-0.82592336952186518,0.10643436294544245,-0.13924892189317126,0.21782920929818361,0.96600216010530637,4.6315182044224548,-10.426242094699338,0.8622942113668155,,0.2910265272702834,0.4642857142857143,0,2
-0.19700742618913386,0.9803978401014134,-0.0028546717529693262,-0.96692607111994411,-0.19381756273983233,0.165797241720544,0.16199397215601041,0.03542354440305772,0.9861557308493637,-9.1615371538770045,15.792292143636942,-8.4266326536449601,,0.3296625510095842,0.2666666666666667,0,2
0.67401139289284895,0.7340349319647741,-0.08307442991746436,-0.67272107826533423,0.65636260098763843,0.34151791590232711,0.30521302906030812,-0.17430104612483563,0.93619664185021501,-4.7968990979647659,10.375314282540117,-6.1189868150249191,,0.4474079121066056,0.6442307692307693,0,5
-0.95233080639136891,0.1068073722972033,-0.28575902509095363,-0.15202214913148576,-0.97826952851309179,0.14098934625076484,-0.26449064514914311,0.17771019893562759,0.94787329523668407,-7.873621900613287,-12.575318988087636,-1.9521686870734543,,0.2165422753421156,0.35,1,4
-0.69017264507238585,-0.60629286012331407,-0.39505782837108649,0.65035248887538555,-0.75908683154401746,0.028789275608403365,-0.3173379274643654,-0.23705727143447122,0.91820503693492395,-21.406747546102817,5.4925587967056764,-9.5303765344349021,,0.3503408112659768,0.5066666666666667,0,2
0.38476730332212433,0.90332298352960294,-0.18963572902119002,-0.87750996204848153,0.42170785384886511,0.22833911734054196,0.28623484903116525,0.078549814954346139,0.95493431070977064,11.119990575909545,-6.061463665245614,1.5252943244186281,,0.08504540990868925,0.1875,0,5
-0.68963671338802801,-0.6135307788992389,-0.38468322928177318,0.62605930805351595,-0.77210909305495912,0.10907470477339126,-0.36393810785202574,-0.16561259543024789,0.91658143221862454,25.28320060948338,0.38308271318112164,3.1172973188120947,,0.1656181677116845,0.3076923076923077,0,2
0.3350624992869487,0.93458076818725078,-0.11954877375411974,-0.90363974104124423,0.35467971323477915,0.24007815275574365,0.26677394922011932,0.027587837070437694,0.96336419450967659,-2.3834044592711523,-17.55688725121335,0.53210597225086198,,0.4784824805852373,0.7058823529411765,0,7
-0.95311784415231371,-0.089505110381469882,-0.28905918143876325,0.056796372290159748,-0.99119141706610703,0.11964007200416307,-0.29722137751703609,0.097613574619950474,0.94980579214742178,-14.726410588856467,-11.81445497669295,-4.0636696807713335,,0.09831470049303631,0.4705882352941176,0,1
-0.9453131490104727,0.19943016383975029,-0.25809041062921073,-0.23231698493929154,-0.96710521697691254,0.10361620435412855,-0.22893638596042631,0.15790854646563571,0.96054829245410089,2.366041908894116,-6.6884515244565259,-0.5183336891688346,,0.09350545521499121,0.2444444444444444,0,4
0.12711346965431403,0.98327737273698246,-0.13041385699342248,-0.97122027946398204,0.15008476254648584,0.18494791918070272,0.20142823682480207,0.10315121092272268,0.9740567196497486,7.453237092958843,-9.5567907580904805,1.451305328340613,,0.2145912117863785,0.2941176470588235,0,6
0.61874584912370834,0.76210686724013177,-0.19064809754522616,-0.71676175148149801,0.64699571344096118,0.26009447976110067,0.32156829104461965,-0.024283115419039589,0.94657496507154093,6.8708452969146485,-1.3439397270292153,-0.44356570653109662,0.8764638733113213,0.3814920325867258,0.2040816326530612,1,1
0.29607833131711964,0.92497092687868943,-0.23825701700820606,-0.91847108957178358,0.34417834570336941,0.19481304876653691,0.26219931225175069,0.16115225961205301,0.95146280530383243,5.9132618360276279,-5.8203226810813158,0.23080079506566659,,0.06969368682173788,0.2352941176470588,0,5
-0.28933624314086176,0.93462538012855234,-0.20678476062005011,-0.95357648266287443,-0.26257716860599151,0.14746227395222639,0.083525026892739718,0.23985126505069754,0.9672098740894588,-13.191471174017508,-16.746884900967746,-2.6428804702658617,,0.1849855961422698,0.4761904761904762,0,2
0.12913764887134568,0.97025034673220767,-0.20478704136251674,-0.9645434008376258,0.17083867743223585,0.20117200151560094,0.23017275152495673,0.17154711002880979,0.95791027424085751,2.5882911188322284,-9.2747065121897911,0.096882066635292488,,0.07912838161930007,0.1836734693877551,0,5
0.87439262564675369,0.44224416464847505,-0.19964377037350756,-0.37481814033991784,0.87691244132176405,0.3008918940869475,0.30813779042289341,-0.18826754656466307,0.93252690739936328,-2.6941114789949356,-19.073536070701287,0.76259914777182647,,0.5305551593268298,0.8064516129032258,1,5
0.66148719732466499,-0.58637010247143639,-0.46755191230835075,0.74673773661084453,0.5726773814834375,0.33826523536802477,0.069407784123046878,-0.57289677924117299,0.81668343918449671,-8.6403302348887578,10.720428988794891,-7.1682766229365429,,0.2761117206713484,0.5,0,3
-0.92672108342979009,-0.23639766428590059,-0.29206878958027677,0.20517724874436721,-0.96954646299596459,0.13372341862855552,-0.31478616571318591,0.063998440701211523,0.947002570990916,1.1141496606778338,-9.5932631798843584,-0.21592033479749048,,0.1735500426259635,0.28,0,6
-0.95559235198150139,0.16641112430545321,-0.24320895242950633,-0.13581873395571931,-0.98112209708451303,-0.1376688131682452,-0.26152729941848979,-0.09852293296427321,0.96015452055332684,-11.108393018725101,-12.688098117438052,-2.8707460999032941,,0.3771790699823268,0.2,0,1
0.23701084701983643,0.96392980859661803,-0.12109988643192926,-0.93918753336125083,0.25922357087724623,0.22523302928402453,0.24850077580109986,0.060352832580881005,0.96674965737036334,-9.6067698925528688,6.7812840811875095,-6.5607601414220671,0.924112095638161,0.5362118274271507,0.3013698630136986,1,3
-0.63500692907962264,0.75800543725606451,-0.14897636427000763,-0.77119626934228247,-0.63325710115975931,0.065128779992293218,-0.044972371222933141,0.1562472429228153,0.98669361247836485,-16.126061334535898,10.485813304129561,-9.0849087561880388,,0.2530187316048118,0.3,0,1
-0.19005784394672653,0.97166583546399898,-0.14051163704964567,-0.97351887302261375,-0.1680003584460498,0.15503832890862823,0.12703944199776271,0.16625698106861081,0.97786481500402145,10.30082937666814,6.6031498680061613,-1.4580889524700005,,0.5916181907435077,0.2727272727272727,0,1
-0.011238235724678641,0.98316073544784566,-0.18239701294552094,-0.98469338467572809,0.020847597931164589,0.17304425976136778,0.17393286128174784,0.18154984421406831,0.96787758204857288,10.207537970611709,-9.1942062091395798,2.1157073627547693,0.9967459185193264,0.4811780889550006,0.9555555555555556,1,5
0.95610058242050233,0.13990813765391544,-0.25748279420845044,-0.055976424437934012,0.94968216714064357,0.30817271346145664,0.28764268842145535,-0.28023114465252741,0.9158232304131696,4.7650845176070442,-11.327738035655004,1.1534384857741606,0.8296656640134557,0.5332563796567846,0.391304347826087,1,4
0.88582976245517286,0.39443916723216105,-0.24438366414678989,-0.32792279091094134,0.90478880760098934,0.27170545971908389,0.32828687934456158,-0.16054580964067205,0.93083444707264129,-14.506675265850809,-13.983004873414471,-3.5461611670966384,,0.0807208723845956,0.2352941176470588,0,1
0.5809326431604751,0.80701809044900452,-0.10601446032795489,-0.75763623587564111,0.58373786923471871,0.29195450691760427,0.29749722385053445,-0.089285506714997742,0.95053853161871971,-4.3769656222778845,-3.5147599490812143,-2.9771956011997602,,0.280750684443528,0.3125,0,3
-0.67267934911424798,-0.65774975824023674,-0.3389214493214347,0.66305916334506476,-0.73913783718835346,0.11843902878977886,-0.32841290958087277,-0.14505348383073516,0.93332976361476438,-0.53319161123312364,-10.044474297473082,-0.53726406038262708,0.6720894749426684,0.5975435493459786,0.3090909090909091,1,3
0.21009507134033795,0.95261073908605298,-0.21998372843558964,-0.94772800648345012,0.25370461065753191,0.19350864646835925,0.24014930090550871,0.16782952752431582,0.95611796498421731,8.0576928420856593,-6.7674309648740563,0.96744290539578459,0.5603813958559237,0.2528592775615348,0.3421052631578947,1,5
-0.81482802581538005,0.5646691526511034,-0.13116415817629279,-0.56234619381034323,-0.82488459114274271,-0.057724947832721647,-0.14079079036936543,0.026723759831943632,0.98967863168182724,4.2424271535130647,-12.88503529793789,1.3800603426319615,,0.4800611866040976,0.3157894736842105,0,2
-0.81525504747843125,0.52776038460075358,-0.23838662715640299,-0.56281496610359194,-0.81902236797503103,0.11154225516093097,-0.13637639638424967,0.22510294800965647,0.9647435624592724,-9.1211423055421701,14.582365515363911,-8.0844581382821019,,0.09097100117360839,0.2857142857142857,0,3
-0.61550097847094087,-0.72560298004010326,-0.30766680168363414,0.71973452164945684,-0.6765567463129073,0.1557343486984191,-0.32115535780575521,-0.12558377433177698,0.93866285309329422,-12.369419079582361,-15.128213512300096,-2.7685424555580047,,0.2314078299872483,0.1176470588235294,0,1
0.60657974811215865,0.76320778791052157,-0.22265417501793891,-0.73040059967217408,0.64557475226141914,0.22304305243861858,0.31396810853766488,0.027333344386231532,0.94903999657861882,-4.7478290505409451,13.073580652782125,-6.7676349245991441,,0.2472583024651134,0.4615384615384616,1,5
-0.54203711059032755,0.79816492385388049,-0.26292304020800478,-0.84033747201283937,-0.51680859806719681,0.16352922092057798,-0.0053575996455066596,0.30958298934720191,0.95085733358527058,3.0746044947339253,-5.523616002447727,-0.62373266005265016,0.09917456176075116,0.08131925447822522,0.4434782608695652,1,5
-0.92792074236720989,-0.20435554989387403,-0.31177220067263628,0.19362725102267608,-0.97889669453141714,0.065343317155370187,-0.31854604619440463,0.00026582520201442062,0.94790735084757849,9.5378783095401332,3.2051902002172312,-0.88555101773149258,,0.1118967013779637,0.21875,0,7
-0.57339449840728896,0.7981596955485929,-0.18482383395555835,-0.81908506561385552,-0.56339421085992292,0.10810466436686175,-0.017843892081060034,0.21337306196261771,0.97680782754034945,12.687782037207437,-5.5338473657631253,1.7907764758214635,,0.6260482902735435,0.8072289156626506,0,5
-0.94679846798309186,-0.13525615459335139,-0.29202471414161008,0.10988644733643552,-0.98873011116515863,0.10167465744771229,-0.30248575126218158,0.064175851532739941,0.95099097280857547,4.5403034786520804,13.36569862996941,-4.271893230050515,,0.1734377420123096,0.4,0,5
-0.24994124098880774,0.96350813748507336,-0.095819857300139089,-0.96255960227010862,-0.23652646044743361,0.13241693843998312,0.10492086604000361,0.12532877765402828,0.98655172665256741,-21.515638910557094,11.402027687491834,-10.745402424093546,,0.2330365970354158,0.3684210526315789,0,2
-0.97127108993269062,-0.01879702758447219,-0.23723225247624424,-0.0019680294038602894,-0.99620709778727168,0.086991638555249856,-0.23796763797043802,0.084959343643005336,0.96755016056353382,3.1699058487568395,12.922437248139923,-4.5829862537793975,0.5906090420649792,0.3696295317069623,0.3529411764705883,1,5
-0.13013297510664326,0.99022818406691226,-0.050135339526531639,-0.9806291893492175,-0.12107594730368093,0.15397080236465063,0.14639604429830674,0.069200855948919393,0.98680263464876605,-19.995532339014019,12.955618888694472,-10.764518807089509,,0.3180023056433002,0.2666666666666667,0,1
0.62433321167659894,-0.71799596310625169,-0.30771713920532628,0.78042738195508676,0.59034967467618493,0.20596204287308126,0.033780797686161615,-0.36873982504314562,0.92891861814415022,10.191671996699384,-6.1118942233637732,1.3836929131543718,,0.07419138633881384,0.3243243243243243,0,5
-0.86910811476760697,0.4173968523488939,-0.26538830511974865,-0.46306428190750537,-0.87520304345960043,0.13996822332422443,-0.17384635649499067,0.24453936363761417,0.9539276408434384,6.7131837342301726,3.5167066645309935,-1.6062799594185075,,0.06841367540934201,0.2045454545454546,0,5
-0.86976706939675974,0.43657695662941215,-0.23001262124755625,-0.46924344997457512,-0.87596910808839301,0.11175288063751476,-0.15269521815999917,0.20513089142063567,0.96674996133232105,1.6563379909864377,1.1836610308678075,-2.4204810777156593,,0.1203653537058665,0.3585858585858586,0,5
0.32364419017989482,-0.86946264621672331,-0.37321460983811267,0.94270168368726204,0.26252485462398845,0.20589860678949917,-0.081043036320235365,-0.41846792892462908,0.90460854446856176,14.891743763847302,-6.6151057414580379,2.5901912381521277,,0.09346792948120185,0.2857142857142857,0,4
-0.58245548322395202,0.78198462247648581,-0.22191363246240722,-0.81258222762118915,-0.56730641109615798,0.13369203148797898,-0.021347913634318469,0.25819273060933517,0.96585753630851612,-10.035558021218103,-12.419880164985381,-2.6686968445879211,,0.07040714230887632,0.2647058823529412,0,1
-0.90702253401648569,0.31900667632323243,-0.27485425819426057,-0.36910076405665798,-0.91648672899878048,0.15432660672064005,-0.20266906216565014,0.24142662659764802,0.94901972329903395,-9.0153516565034408,-12.313583418172538,-2.3979867071279086,,0.06682931556671762,0.1538461538461539,0,2
0.95751662351314926,0.028702652045781159,-0.28694611595475006,0.046311310035728463,0.96681478378851249,0.25124576894098527,0.28463516693963281,-0.25386085088786553,0.92441196991803198,10.595982094969314,5.8514192558511571,-1.1940722812770532,,0.1095977312446018,0.2307692307692308,0,2
-0.16340087385291793,-0.91987258272306172,-0.35655937230496204,0.96263766108666049,-0.22776793846677215,0.14645989097429465,-0.21593723134676968,-0.31930580602457331,0.92272147171142094,-10.231479485389356,-10.079156062155439,-3.1804542326844008,,0.1210398219313092,0.352112676056338,0,3
-0.41887985988491605,0.88780315068377325,-0.19064424622516035,-0.90779125320846998,-0.40450055468912044,0.11087985323939752,0.021323779706924822,0.21951051658670112,0.97537707043319966,14.164210319074121,-7.2959215523721044,2.5730702832528576,,0.1862922104514891,0.6153846153846154,0,3
0.25018039970582123,-0.85215054822468117,-0.45961854919423217,0.96228593888636738,0.16646272609579077,0.21516489639887862,-0.10684352776194692,-0.49611450692469478,0.86165820172168539,-5.557684282080416,-24.451173884358493,1.1199210620234354,,0.3018470552259607,0.1428571428571428,0,1
-0.76306657837984537,0.59701680446783445,-0.24758903881774294,-0.63727873207814967,-0.75884801331475671,0.13425911637246912,-0.10772750159798762,0.26023187328086,0.95951766921104309,3.9714438660608686,6.5317907683116339,-3.0143359972206625,0.6317959559463229,0.2058873064270791,0.7096774193548387,1,6
-0.54687121455369236,-0.75609804325787977,-0.35951025531154784,0.78344102366442525,-0.61357827101976314,0.09870090056344473,-0.29521523865174426,-0.22767840107046372,0.92790651929695478,3.4143270239225276,-14.495908696629675,1.4799407279203538,0.2403180287067002,0.1868150030168642,0.4333333333333333,1,5
0.90979339367736867,-0.26832126779793852,-0.31666966711120725,0.36066584701099391,0.88865525139719581,0.28321721516184117,0.20541696040214943,-0.37188108504129802,0.90526699429927726,4.8193650562683343,-8.2438327404368454,0.47090180510053087,,0.09774033143461767,0.3461538461538461,0,5
0.20240101322835705,0.96024561566405797,-0.19225552642795421,-0.94639532164969709,0.24225788811859317,0.21365161081509984,0.25173344037632756,0.1387064282658686,0.95780520031686212,-7.3540397478356923,6.8611361145495726,-6.021612997419961,,0.253797168885206,0.2033898305084746,0,5
-0.93830603808737656,-0.18626530166816405,-0.29135376483450209,0.15629616753881273,-0.98000018561696478,0.12317119875763737,-0.30846926411143438,0.070034802671114213,0.94865264428734264,-6.0691670200156951,5.4042515053847557,-5.4044519873708854,0.18588587044913,0.1688092742952801,0.7958333333333333,1,3
-0.87101488269391802,-0.38966642532706286,-0.29915405913764276,0.36290953476637167,-0.92082056244672605,0.14278011539058852,-0.33110382616538164,0.015797745032843844,0.94346207531120241,5.719631118263119,-15.989533876688363,2.4884454444332786,,0.1132620220374335,0.3478260869565217,1,5
-0.70833714709428097,0.68490953361600504,-0.17075542980603192,-0.70124711348160962,-0.71044689779678105,0.05931012767345812,-0.080690593504117419,0.16175331889280617,0.98352676219161228,8.6313208880957362,-7.7542709028786518,1.2958353954057864,,0.08533906956508111,0.3529411764705883,0,5
-0.86469246613947981,0.44606964214165257,-0.23093032144186668,-0.47247227477685283,-0.87836205587548055,0.072457217483054351,-0.1705194668324175,0.17176138436161525,0.97026859078987537,-10.224244305848154,15.362340499462217,-8.5692454610727538,,0.197685059939836,0.1111111111111111,0,1
0.86135133182969059,-0.41418651815995622,-0.2941486211590148,0.47956212115488117,0.85398688855183713,0.20180824099868178,0.16761281308017095,-0.31489033385622245,0.93421090902176218,-13.34409076577013,-12.997920549736873,-3.4839261471471064,,0.1307348802476182,0.6363636363636364,1,2
-0.87466901169548694,0.44873300851687503,-0.18328340636029627,-0.45329597499146312,-0.89116569807057344,-0.018613372583321571,-0.17168831945178553,0.066801090184073222,0.98288388699481677,-12.472297566387663,5.2754965598455037,-7.0121477580743585,,0.4593980248435313,0.2897526501766785,1,6
-0.78935946314652328,0.55881865149767562,-0.25423090425704353,-0.60136010078636215,-0.7871576889280939,0.13692626462297253,-0.12360286049785048,0.26096836494047171,0.95740161132987833,6.8909302387207143,8.0150862436180272,-2.5238704130338134,,0.09918904351097121,0.48,0,2
-0.3804080888175535,0.88612248380994496,-0.26471990791904981,-0.92280475564470044,-0.34481708187625282,0.17185040880332692,0.061000564929361345,0.30965807551691515,0.94888924925170226,2.8794920635994643,-10.347460023411452,0.42487944088848384,,0.08323174208060843,0.3137254901960784,0,5
0.70254243931364013,-0.58196701967026576,-0.4095711281076207,0.70991653798432075,0.61318464559234187,0.34644350117465167,0.049524035170782923,-0.53415257972409236,0.84393624848948157,16.908075072041797,-3.6162464902388747,2.3373819686478674,,0.646983356327316,0.1363636363636364,0,2
-0.36908364809629651,0.9144037436218283,-0.16626200515546097,-0.92778327851411191,-0.35196493476346258,0.12385020309453164,0.05473069355977906,0.19996619301106067,0.97827300526751138,5.6570832346797646,-11.362339456814066,1.4384807396759889,,0.2788207026374807,0.4772727272727273,1,5
-0.46533388282321964,-0.82883568945175135,-0.31063769473086411,0.83616120262492566,-0.52674566239311049,0.15288378061416602,-0.2903425919866105,-0.18860118515291086,0.93815285121211089,-3.0888053225005776,-16.398535775481001,0.15546220768049776,,0.09654362508761075,0.2121212121212121,0,5
-0.95674298442521721,-0.025873162806116918,-0.28978171301781241,-0.01668411557580006,-0.98951931353903833,0.14343349825157467,-0.29045567999366612,0.14206374477550301,0.94628399034316246,-10.427324724865919,-11.637034548437272,-2.9532630550621635,,0.09440964216640801,0.3090909090909091,0,3
-0.37687254917320562,0.90331610075423296,-0.20490754939205644,-0.92415187566405854,-0.35176194774100417,0.14901960551570989,0.062533130309399235,0.24552709471588571,0.96737069077685212,-11.424371943627198,12.973110134350497,-8.3615148271354212,,0.8878577752754792,0.6538461538461539,1,3
0.39391357429825008,0.90888238829465162,-0.13698503652366223,-0.87100358445165915,0.4167132388974254,0.26019767946694089,0.29357256659289654,0.016819059885418181,0.95578881944111038,-2.5291385072101238,-5.2699190812379912,-2.1401686242207201,,0.1106912133926001,0.2205128205128205,1,8
-0.91264817332109749,0.29760102952888623,-0.28019089734859814,-0.33574086744933063,-0.93677969969234698,0.098599514038807137,-0.2331338277857519,0.18405820130508971,0.95486710953634801,-3.7466955928344858,-13.839354053639044,-0.63165793062137321,,0.3134346977751652,0.2105263157894737,0,4
0.33893173173631508,-0.88366280428971522,-0.32290142386966914,0.93777417054370893,0.28976200243154282,0.19135722355824933,-0.075530697622104709,-0.36766565009761198,0.92688569060862025,6.7103674070064532,6.9253645793997265,-2.3222233244925317,,0.06704473619163992,0.25,0,1
-0.74739736419194336,0.6224445668587214,-0.23229279193938451,-0.6604296329759074,-0.73412263936650457,0.15778672395631177,-0.072317908475312151,0.27134242491290567,0.95976216249451096,4.6142373815354034,7.3584354033841848,-3.0085425505347523,,0.1447197381269809,0.1724137931034483,0,4
-0.95212319910302035,-0.11636425350423105,-0.28270262509611621,0.07675047646576974,-0.98609467795763694,0.14739962844560892,-0.29592360178280724,0.11864504460797874,0.94781463129552013,-2.0847154972395936,1.1260268053402378,-3.4868849957686292,,0.1928683320594632,0.6884779516358464,1,5
-0.4812824345720047,0.83690489240613153,-0.26068643854087925,-0.87632619874560269,-0.45243124405118601,0.16540363598899843,0.020484422484632572,0.30805222036690422,0.95114889368725719,15.181029152525108,-4.7450839494790804,2.2376314550757881,0.3346119133183161,0.3181506332781158,0.7477477477477478,1,5
0.17131846688709929,0.98504747131366566,-0.018206102328819519,-0.95736432477256128,0.17080980175396446,0.23297545209216702,0.2326016606910451,-0.022483124411988447,0.97231218060890445,-6.2063838566923986,-18.843549237224419,-0.2266994816486694,,0.2666080450441384,0.2,0,1
-0.93678044458140242,0.24527568521872264,-0.24956409375220348,-0.23602824318111762,-0.96944635536658175,-0.066816408817663445,-0.25832744157504389,-0.0036881305481232273,0.96605037685534523,21.118254698160211,-5.1672252545548103,3.63410999791977,,0.2159848916560186,0.4117647058823529,0,4
-0.95372494701633204,-0.014008779085142944,-0.30035392380862902,-0.0085970453327056003,-0.99723523060079855,0.073810471209175874,-0.30055750905649226,0.072977044042060429,0.95096768335871473,7.9065408239739732,6.2121171308155887,-1.9175583586117251,,0.09490073440443247,0.2173913043478261,0,5
0.50935464293921118,0.83730930989949703,-0.19867301596316117,-0.80334729772178992,0.54541875575903631,0.23906379924481252,0.30853033393714807,0.037835174400210801,0.95046174705704956,5.8758023122654048,-8.305322321854657,0.71794880707076691,,0.1207427923051905,0.2291666666666667,1,5
0.95347450829462788,0.13798284484057521,-0.26804308713716235,-0.079320574377897357,0.97260359901225268,0.21851884511129693,0.29085152313969248,-0.18709081676585909,0.93829761684084301,-0.85163246841872975,-7.636179470009206,-1.1372725708593301,,0.1150132119277571,0.4299065420560748,0,5
0.43086628634986524,0.8837792455987209,-0.18245133141753175,-0.85431868404430789,0.46460275224824543,0.23298898835815329,0.29067822309191998,0.055484481184468151,0.95521078457469921,4.7014959643867495,-5.4237765551384864,-0.1721276224244436,,0.07951140553997854,0.1568627450980392,0,2
0.77106518635025123,0.58646114760657087,-0.2480358860057095,-0.54455757636010338,0.80922340243410484,0.22048703132334549,0.33002352102155291,-0.034940052961548916,0.94332585476683573,-11.443556034687298,-16.039371812898853,-2.2750635822613874,,0.1143640032860669,0.2333333333333333,0,2
0.53224306841661972,-0.70754094858384209,-0.46486893012927771,0.84602514246618943,0.46460936064856123,0.26149493362740267,0.030964083024143146,-0.53246966868997603,0.84588254355298154,-10.288735228170193,-6.2816747950109795,-3.9751204322610203,,0.3106642419402015,0.6724137931034483,0,2
0.94686405670892293,-0.10859729875167426,-0.3027459080096076,0.20239567001579875,0.93272319709980422,0.29843496837799771,0.24996889980871242,-0.34385180571833579,0.90514169323518745,-3.6651536862463829,-18.526193153447423,0.41537203698346065,,0.1039878130931188,0.2307692307692308,0,2
0.96580759334178701,-0.088202842008873863,-0.24379489597796034,0.14964538681860257,0.95754620202461038,0.24639709655788652,0.21171195253754022,-0.27445496834599886,0.93800454130187461,9.9917380836155569,8.3958107604408063,-1.9260454835512846,0.257965263493326,0.2612785291082459,0.1333333333333333,1,4
0.066151365381856203,-0.90105265228785292,-0.42863517665159351,0.98113718751019252,-0.01946178656298311,0.19233059597569785,-0.18164199994138566,-0.43327284321637732,0.88276884131039113,9.7618333270782731,0.54220219910019329,-0.24473071804100074,0.6816636594153747,0.7267707187830846,0.7458563535911602,1,5
-0.3109434154046441,0.92750862958970626,-0.20746550183854728,-0.94643980050507748,-0.28219416812990455,0.15690173833766302,0.08698216159882638,0.2451411705733991,0.96557750080120397,6.1972787880657911,-13.128907579502737,2.0074331088391273,,0.3472868454346109,0.7777777777777778,1,5
0.26371039680705138,-0.80543907746791887,-0.53077746665009573,0.95846325098704999,0.15681617548711663,0.23823703241294722,-0.10865092325057034,-0.57155627858787428,0.81333781252538417,1.4908883729778337,12.19300489981396,-4.8551618273061772,,0.4312132318703277,0.7017543859649122,0,3
0.81371595223955429,0.54544110054167427,-0.20089886737053339,-0.48527337883294502,0.82772676188466154,0.28174129171278872,0.31996264917476386,-0.1317665112986634,0.938222516055358,-7.0119495701734085,-18.218558782260011,-0.56586186810515315,,0.4016427559282214,0.2045454545454546,0,2
-0.2286678949146016,0.94955634117396837,-0.21460137178412791,-0.96691355236901222,-0.19592447871768348,0.16337619436239786,0.1130892394547806,0.24485986517906264,0.96294053312965733,6.0744856582577276,-6.8605990829142316,0.48493821219799677,,0.07019414928063078,0.3947368421052632,0,5
0.67877090498348713,0.71249440594060565,-0.17782513897433408,-0.65992743104268337,0.69804859332348701,0.27789197022675088,0.32212706236096078,-0.071273296980315495,0.94400967835729999,-16.013709155662021,8.4301214077744078,-8.6033110540799083,,0.131108515066907,0.2258064516129032,0,3
