axis_00,axis_01,axis_02,axis_10,axis_11,axis_12,axis_20,axis_21,axis_22,location_x,location_y,location_z,dbh,dbh_approximation,score,reconstructed,number_clusters
-0.32326909683220417,-0.85524718834276459,-0.40503004563252631,0.9335340039984622,-0.35830448803320974,0.011495965981957882,-0.15495597572178352,-0.37439302969881089,0.91423110037946942,-15.607544647806078,-4.8830951361018959,-4.0907334723823041,,0.3567659806833537,0.1538461538461539,0,2
0.93515921537176605,0.31393111110981736,-0.16408686535679803,-0.26305551650029141,0.92569243937643186,0.27183690500018054,0.2372320322891269,-0.21104683167171179,0.94825112586134308,-3.2323320395432047,-7.8911784156982456,-0.90903136350506952,,0.1994190585533681,0.1794871794871795,0,4
-0.20345135517256235,-0.93246857165636787,-0.29851282878894919,0.97015637866678583,-0.23307926290430839,0.066862980311468687,-0.13192477784933138,-0.27600076100822057,0.95206062459923624,-2.7357048667810284,-14.111612891674572,-0.14596997398970085,,0.07293197323823919,0.4117647058823529,0,4
0.2291337374406664,0.95858765719669181,-0.16913732242361659,-0.96390455617983783,0.24765294749220423,0.097754918925722023,0.13559401514160827,0.14063328577752215,0.9807326557167334,-0.2299753042127094,-19.742869259379869,1.1889132600278021,0.3483499913707045,0.3795356305741763,0.8305084745762712,1,5
-0.7193271349077609,0.67782919959225707,-0.15203963024655795,-0.68688398418456909,-0.72669861103647437,0.0099760206690585451,-0.10372495001744914,0.11160960934335906,0.98832405103088483,-5.0370468729593281,21.066102306265709,-3.8948433573627042,,0.2591555883688609,0.8082191780821918,0,5
-0.97725936603814956,-0.014201596354351751,-0.21157137365839795,0.047633845733567291,-0.98695717239970115,-0.15377436909126344,-0.20662804318713388,-0.16035540062552767,0.96518961725605101,15.122243803612266,-4.2607183552333376,3.0409238296421384,,0.3416441348880614,0.1666666666666667,0,6
-0.46442980615885598,-0.82487124433609682,-0.32232341742210768,0.8677119844209813,-0.49663640545207793,0.020692821746720366,-0.17714645704458754,-0.27007352896398029,0.94640341383021875,-18.931216444121805,10.156852980225487,-6.3219230140381306,,0.1840231874978272,0.3333333333333333,0,2
0.77846767886509205,0.62392921728763007,-0.068559498081892864,-0.5850661327745309,0.76083109948952043,0.28077332196955945,0.22734487731781125,-0.17846111583314836,0.95732227431149708,5.4210504102445096,-7.7014523156742687,1.040485853579407,,0.09914629367327787,0.282051282051282,0,1
-0.64941116076987271,-0.72312685380976338,-0.23527154006959441,0.73072439487677088,-0.67905853100282998,0.070152478247421046,-0.21049228726844774,-0.12636085141953943,0.96939462151851563,-1.1575561582314529,6.157523981981722,-1.7860885855518718,0.4985713872191406,0.3990354264339465,0.9464544138929089,1,5
0.27249724432586736,0.94242825786195461,-0.19384073518764752,-0.95083289593496378,0.29458654021855868,0.095580198419901952,0.14718035141531921,0.15826480690709052,0.97636581005887502,-20.48492343656882,2.5704174988974766,-6.0940273304190953,,0.1031438589326549,0.1363636363636364,0,1
0.58842610253005201,-0.76638537237249205,-0.25769785190173677,0.80693808558929314,0.57674850906490815,0.12732667951726484,0.051045547178764215,-0.2828685530504978,0.95779942253497874,14.161784206556252,-14.370054386074585,3.9951170728119787,0.4522308744032402,0.4065902835978499,0.391304347826087,1,5
-0.47640480308794969,-0.78506993431248784,-0.39585813346869314,0.85743238759575546,-0.5144658039326615,-0.011603330804655167,-0.19454604672563738,-0.34494946705641688,0.9182383682252232,-6.9325211119154035,-6.4085481574296166,-1.9068029414308314,,0.194583557679031,0.3424657534246575,0,5
0.78955422641916528,-0.54687833854036827,-0.27843887368497877,0.60224469309871909,0.77767920705185545,0.1803229895316372,0.11792138558405198,-0.31006311253440616,0.94337448188267958,-4.98239377138436,-8.792931988811576,-1.2422472292408797,0.1502921636953337,0.1322054386709938,0.1458333333333333,1,5
0.94585787115988618,0.2873969778685847,-0.15085047125181031,-0.23325243448727831,0.92503802009790481,0.29982989040305319,0.2257126256341169,-0.24841022218369599,0.94199053718389392,12.015797473773231,-11.307336752535235,3.0582762893067175,,0.3093942423125347,0.3888888888888889,0,3
-0.97111732119362881,0.14174026841225493,-0.19193969049712464,-0.13426651319847455,-0.98960777945980449,-0.051467914919476068,-0.19724008697836726,-0.024210310676579937,0.98005622744091059,-16.07295500364765,17.833769646953211,-6.2099949441686588,0.3704877937077684,0.2927348748586057,0.3666666666666666,1,5
-0.79622673538540178,-0.51198138226685119,-0.32233220451830408,0.56126432502525825,-0.8239862517400649,-0.077646728181549413,-0.22584362579326123,-0.24273796809622231,0.94343676816894895,-10.366728928949597,-8.1102165810460409,-2.5554536705181992,,0.217079476326289,0.1612903225806452,0,2
0.56857478981445109,-0.77188530604368499,-0.28445699622491116,0.82033588913481437,0.55782715105671898,0.12600753366897363,0.061414472112408372,-0.30499498988965518,0.95037167400831324,20.129971746952325,13.224619426878014,2.8190433593325324,0.3966007408878218,0.2896170398791094,0.45,1,5
-0.96525671978737493,-0.11556244548616082,-0.23436037655409123,0.13116765307448888,-0.98999146699740503,-0.052076309961980149,-0.22599670725974733,-0.081007508698785161,0.97075397080937487,-0.45933704837472933,4.1969837025284802,-1.4527727190708253,,0.2912398808317034,0.3451776649746193,0,5
-0.18839793971313248,-0.87240584012042821,-0.45101470756020495,0.97269944298258582,-0.22912011974604388,0.036874982697299087,-0.13550649406288467,-0.43175458405363659,0.89175443324687631,-9.1104927206388222,-0.15926010550605799,-3.0909334973797002,0.7927856539394189,0.4984985276924031,0.4250635055038103,1,2
-0.87277923605432184,-0.39419849378152122,-0.28786099529601866,0.43470267217567143,-0.89595796427764784,-0.09106543279853177,-0.22201349489561484,-0.20461396273918647,0.95333264621348335,11.019198408626323,8.3626992317587234,1.035500349450897,,0.2498793849374309,0.5714285714285714,0,5
0.52880474642656772,0.84858997328946684,-0.016143029124526441,-0.82643706113549975,0.5191455969255625,0.21792116275047624,0.19330629616867515,-0.10189654766175016,0.97583285937509068,10.287935032902897,5.0033690216743913,1.1248664572930662,,0.6985395345316741,0.2181818181818182,0,1
0.33345095004580677,0.93526658940872975,-0.11868812345516694,-0.92048893525176367,0.35018766861665207,0.17340333568852229,0.20374146360675191,0.051429597359826787,0.97767295785594022,23.036370897268149,-7.7076693423532427,5.4401113111142116,,0.5955394517348984,0.1428571428571428,1,5
0.87869557210351645,0.44269562132735768,-0.17864679796530991,-0.41587770916107863,0.89360666326166205,0.16885752099711512,0.2343924542057762,-0.074079134929766546,0.96931545906348282,-5.8082381389444091,-6.0156745090617738,-1.7800503892141579,,0.07117512179283023,0.2653061224489796,0,4
0.52462428075439249,-0.73327657341248398,-0.4325214803074881,0.85014628160034245,0.47806847086262844,0.22068492709783741,0.044951795559755307,-0.48348319934772577,0.87419867994892342,25.98061030264796,-10.70207395376093,6.4714410921149774,,0.3930616968346876,0.2962962962962963,0,6
0.7122506787044901,0.69810819344572395,-0.073102126706000456,-0.66658949489589414,0.7053442293600517,0.24113888820120005,0.21990319683767504,-0.12302222706658252,0.96773349413366327,1.6620003206884055,-5.9226102933856284,-0.042241838057395016,0.7426279601290672,0.6223868447153895,0.4418604651162791,1,1
-0.49964109355424396,0.8444663308894258,-0.19296474710700709,-0.86272722343738451,-0.50513534543346961,0.023238346193981543,-0.077849313240010251,0.17808677319767827,0.98093046931986916,5.2716456612287228,-15.650547539453529,2.0055027406533781,0.2017636027262101,0.2174922162315798,0.1363636363636364,1,5
0.069006210456710043,-0.95262565127419763,-0.29621362469139645,0.99606653039173354,0.049248209172117613,0.073661936756463556,-0.055584259928311772,-0.30013160851158377,0.95227695951360303,-5.8040738292465548,-13.286304408582508,-0.93047110624635043,,0.1585402889542584,0.3888888888888889,0,5
-0.81645713180241941,-0.48305213912378775,-0.31632006388608896,0.52917224015705133,-0.84517706523971048,-0.075182901247276127,-0.23102920199865318,-0.22877141272615903,0.94566862512359118,-3.4989277195906152,9.5180201471665793,-2.581544159274237,,0.1050532467917746,0.3493975903614458,0,5
0.81159142549258789,0.57793257104521434,-0.085517842535792407,-0.54244112716419501,0.79979163265618025,0.25708163663318689,0.21697230613086496,-0.16225685704533038,0.96259842650714156,2.8184374441060163,25.639544714641193,-2.4402423646326881,0.8639028043678134,0.576630725462267,0.7017543859649122,1,5
-0.97139451186257675,-0.047105711019243372,-0.23275256027085139,0.064767623300315644,-0.99552386516378433,-0.068828692137700181,-0.22846850394593385,-0.081934643947047428,0.97009734399490877,-20.824148156530502,8.4845161434506533,-6.6764214738072036,,0.3518117825386423,0.2448979591836735,0,4
-0.97221652119753688,0.12253291678654017,-0.19945104716281234,-0.10691352236199042,-0.99042624165008564,-0.087323299222134429,-0.2082415295917501,-0.063573140198271386,0.97600918089873534,-11.088216433990816,-5.8116923742318045,-2.9823224490930738,,0.06978466797138082,0.2916666666666667,0,3
0.44887672529604905,0.8739967291355113,-0.18611663802014747,-0.8753038530002617,0.47197049019775006,0.10529492535441219,0.17986898123465031,0.11564416908310962,0.97686927259827672,-0.61676757666108484,-12.242122918450622,0.1429522617321681,0.4347579481303895,0.4333372558350096,0.7727272727272727,1,5
-0.53652701693445837,0.83290675912783441,-0.13566536292870432,-0.84272981390942703,-0.53722680057560357,0.034551779859818658,-0.044104657889975973,0.13286720943282657,0.99015205085377689,-41.511105295018062,17.427962337133799,-11.93812715247239,0.853945486913264,0.8348176522287593,0.975,1,3
0.80872746591900635,0.5627647825241564,-0.17104293443097451,-0.5471970148281623,0.82651082300914824,0.13211845598509586,0.21572045065632464,-0.013253640981880007,0.97636521249446062,22.06834610281004,-12.343576461034051,5.6775853991791196,0.2089806948688317,0.1810915688877001,0.7407407407407407,1,5
-0.98228522817517228,0.053624075339196532,-0.17955553194726281,-0.059703580941350066,-0.99780567634988893,0.02862367318704526,-0.17762661098953611,0.038836719582828881,0.98333132579025262,-10.439301167332045,8.868066789199947,-4.1947289855646019,,0.08206702637734026,0.1944444444444444,0,2
-0.7122959775182347,0.69511375991893332,-0.097217802807434833,-0.69341039661782877,-0.71837029091929716,-0.055911957458388749,-0.10870355225863995,0.027585972810236222,0.99369137655031781,-15.580352709320591,5.9204490542741821,-5.1991585895153394,,0.3350420446235447,0.277027027027027,0,2
0.88878031578717165,0.43950669205286985,-0.13001314514309228,-0.39367817280464623,0.87730658410850371,0.27450073540350167,0.23470629843796253,-0.19278751287521734,0.95275701432890958,-23.34734196157499,11.394358764269874,-7.4351851695268705,,0.2058616351173138,0.391304347826087,0,1
0.73212878320838015,0.68090465171120407,-0.018875912583505412,-0.64777605236315527,0.70454275276541101,0.28983736044641167,0.21065049438020089,-0.19997090989386507,0.95688975562161627,29.71657752093612,2.8359713726154374,6.0304901683407932,,0.420872645359095,0.2,0,4
-0.70804442420933267,0.70087676490363793,-0.086283566015106741,-0.69930247801639966,-0.71290353280622842,-0.052388902952054402,-0.098230023853175655,0.023244640900809767,0.99489222988381787,-16.921412316056937,25.449620521337611,-6.8708278625181451,,0.4452431595624439,0.8783783783783784,0,3
-0.97653687317138693,-0.069096268323151147,-0.20396431315420177,0.079786222492945563,-0.99581142414859869,-0.044651609550447634,-0.20002473356301817,-0.059877485242405784,0.97795950464428194,-15.031709002966123,11.988854364867629,-5.5068058759168608,,0.6808524782722579,0.5714285714285714,0,3
-0.42799387607547779,-0.82493271649277788,-0.36919812472672953,0.8883989281936262,-0.45905328415873148,-0.0041745284162467942,-0.16603790659455947,-0.3297818908959802,0.92934133557631426,0.72168329659731634,12.468844385235696,-1.8663454391830363,,0.3810568524940238,0.3131313131313131,0,5
-0.79871823501454831,0.56769253832877919,-0.19943510970004968,-0.58924773668413077,-0.80506333763451088,0.068265124400453153,-0.1218042933064037,0.17204128668028426,0.97753031145306135,-11.536498134299457,4.4177382469431379,-4.1240399913186057,0.3347531437621423,0.2856271936984299,0.8870370370370371,1,5
0.54312903006728341,-0.78267153495300101,-0.30403309864632366,0.83816783046405907,0.52687950738912903,0.14097046736306498,0.049855237170673472,-0.3313959158886875,0.94217365822811783,-7.9841409414483904,-14.044097788445209,-1.3020023825241984,,0.0848132192995181,0.25,0,5
-0.70957929961819821,0.69174517268961833,-0.1341112732545475,-0.69888378556237363,-0.7151801007287607,0.0088813174475508034,-0.089770105443582354,0.10003019335284806,0.99092647990980598,-21.957881876252223,15.784063580343043,-7.3876043562400575,0.4854776977032359,0.3336647096113364,0.6521739130434783,1,5
-0.31761715129452184,0.94129791473611202,-0.11435725126549705,-0.94801848677067757,-0.31275184172752069,0.058713152164387633,0.0195011267517411,0.12706109242994523,0.99170317376013384,-7.8219750764692346,-3.6990854846772279,-2.4674802364459905,0.2762461880635962,0.2479559704065952,0.5099601593625498,1,4
-0.353368255150041,0.92863914867625941,-0.11296108975239422,-0.93545296408586776,-0.34978248222570396,0.050793376644891454,0.0076569076773916438,0.12361855311343103,0.99230026962153095,-0.78360649341975563,15.74693549162145,-2.4765277473891345,,0.1721372253965973,0.1111111111111111,0,3
0.57993039118416145,-0.7730553988658434,-0.25703325011631362,0.81282902282612723,0.57024450175101982,0.11887046678739269,0.054678341530325691,-0.27786068183012347,0.95906398142167271,17.847690590182996,-8.7770413148310027,4.2484036221772845,0.3433214927915564,0.3260863884506532,0.8243243243243243,1,5
-0.78981613938802975,-0.56979198234243955,-0.22699683438422688,0.56786980624153516,-0.81918226302216268,0.080400889976966997,-0.23176356297181055,-0.065402727834242974,0.97057103504609643,-13.680142361691656,-5.6973981582706585,-3.5688263540433991,,0.08378297398283002,0.3461538461538461,0,2
0.91943540774589205,0.34771846019111136,-0.18365838784403121,-0.3210728903413973,0.93345263528691214,0.15993241311172812,0.22704785854741552,-0.088079794040641757,0.96989237537511952,5.3426401498875293,-4.7574600541652474,0.70030088155589099,0.2925871173537172,0.1087992437057708,0.3623188405797101,1,5
-0.57608422811584103,0.80575685851325607,-0.13741487210277548,-0.81528252777224131,-0.57848607208802238,0.025850808681237358,-0.058663123216191555,0.12692418744675105,0.99017619069310203,13.068836258359884,-9.845776466552266,3.0835064659492857,0.3300589181308897,0.2743618429430997,0.4482758620689655,1,5
-0.78461050632404516,0.6009191062778021,-0.15258630697481856,-0.61106541014539939,-0.79113746307734478,0.026468453664278292,-0.10481134427990536,0.11400764108528315,0.98793564561888814,18.794578762236139,-7.4175563353045044,4.3380244408108641,0.08500786842849087,0.1076697037752405,0.4705882352941176,1,5
-0.74954331542301389,0.65778484293895212,-0.074188400066691459,-0.65171792185752131,-0.75293646853096252,-0.091380658160452183,-0.11596796382790794,-0.02014385156572393,0.99304866779514334,-10.46833146893754,1.5420771352787987,-3.6233776947563783,,0.1387211465901979,0.2222222222222222,0,4
0.54958395630555656,0.83539904486266769,-0.0081185475346665509,-0.81192130186337774,0.53637769034501637,0.23039698973862729,0.19682803294248399,-0.12003086745785957,0.97306285321417163,-2.7818577057874045,-8.8251998686875393,-0.71327501063463639,0.2890723277454292,0.1251082025035092,0.2380952380952381,1,5
0.8448361929962912,0.52113903869986988,-0.1211028874408369,-0.50244009190669336,0.85057723214915426,0.15515259003405721,0.18386343042684125,-0.07023157760194719,0.9804395771587433,-15.164016520154005,8.8627858985789398,-5.3438804798520056,,0.0919858333120374,0.375,0,3
0.95664549938423205,0.24429411969171716,-0.15858679513737345,-0.22008324409549471,0.96296233890090355,0.15577836668454706,0.19076885012049843,-0.11412237704565772,0.97497862996126894,-26.716735172865004,11.711183836827734,-8.2330686785045728,,0.3152019276069912,0.5,0,2
0.97102403661902426,-0.090642512618233639,-0.22112497645980453,0.12250273380871927,0.9832584157557932,0.13489243142147556,0.20519600512067918,-0.15807220739795089,0.96587151150184247,-11.996389039937867,14.438714753177395,-4.9742991102308842,,0.1192845111405036,0.4081632653061225,1,5
0.88021529379258157,0.45906315233526834,-0.12034142570888053,-0.42625771240700372,0.87623410498552323,0.22476244320118804,0.20862741715121683,-0.1465428791454074,0.96695386931569161,2.0644812750153854,-12.18570794907375,0.78271484404902336,0.3364505345148357,0.1976246363876357,0.2894736842105263,1,6
-0.78709347360477133,0.61570591433744071,-0.037283922254372048,-0.60474850279558312,-0.78216773871556888,-0.14997625438406245,-0.12150354799459311,-0.095497934859706299,0.98798635226518006,2.0582011975333341,5.5126031948586132,-0.97024315453939203,,0.1128140112203422,0.4,0,5
0.090658714698516038,-0.95713525937862654,-0.27508742738159297,0.99345342207409959,0.067639875366891866,0.092060553059455943,-0.069507522028012317,-0.28163263751660866,0.95700144298060763,-11.279893361849375,-8.8188216181775854,-2.6739534937061338,,0.07168466789759287,0.2058823529411765,0,3
0.50491363882053519,-0.78445091085025498,-0.36013745403555247,0.86255920574026002,0.47423353912891203,0.17633538203660776,0.032462808346411264,-0.39967401570713879,0.91608233649754034,-4.8888046492357971,-11.231231197740314,-0.96708641601630718,,0.08852670873312077,0.2727272727272727,0,5
-0.95232624658774612,-0.18809473942375143,-0.2401980205189175,0.19894452522612152,-0.97977438924317783,-0.02152259430716497,-0.23129158208341338,-0.068282612605763529,0.97048528524294653,-14.892435426584528,-2.0151605392514931,-4.208669317389961,,0.08528410566390321,0.2857142857142857,0,1
-0.9061246369305872,0.40350951502698745,-0.12695752687451956,-0.38847133660288152,-0.91255825907293864,-0.12777888884997929,-0.16741613717136006,-0.066464239109840687,0.98364340181499121,0.86859772385297973,7.8831192737996778,-1.4631085886874329,,0.09201026319446537,0.1851851851851852,0,5
0.93714972174084532,-0.2162565820527412,-0.27383113365708101,0.29394798787149629,0.91214383053538117,0.28563650474430025,0.18800260494832177,-0.34817628169521847,0.91838352413223179,2.6015966797381611,-4.145407373564618,0.043665476094583856,0.3250182949755358,0.2987019975828618,0.2796610169491525,1,5
-0.32846240136026245,-0.9171915556670025,-0.2255484451415985,0.93127141261928537,-0.35433862620085721,0.084721272536293454,-0.15762616194886461,-0.18221906649753172,0.9705411917451201,-2.554077084897115,3.8690595993476156,-1.9828035307376521,0.1472647381554383,0.0943069423050646,0.5315985130111525,1,5
-0.97167288471172142,0.044246265870200106,-0.23215097043205465,-0.053467605243838368,-0.99800489556989114,0.03357742706073575,-0.23020212923752509,0.045038831857337626,0.9721000377118787,14.415835143361345,9.4175732609453604,1.7720657237875015,0.2286052191097923,0.2043298561923236,0.2857142857142857,1,4
0.071451241549347552,0.98288454748280141,-0.16980190340684115,-0.99176786982032317,0.088143359185828066,0.092882940433089645,0.10626011703887575,0.1617674706205407,0.98109126638448785,-12.537073812781745,1.812107315437282,-4.1067803132812033,,0.07633884809330531,0.1592920353982301,0,3
0.47685248811030612,-0.77024294997347365,-0.42348258830696994,0.8785630592663225,0.4325574121343313,0.20253650559899006,0.027178216932126246,-0.46863619495703762,0.88297308073382363,-24.225220867548746,21.689449289959079,-8.2908425832077484,,0.5991684100029435,0.1666666666666667,0,1
-0.47245761639871586,-0.82741902362395825,-0.3035812248015663,0.86472950165875717,-0.50176409867342542,0.021810049138919128,-0.17037220920044752,-0.25221131740590103,0.95255591001501794,12.559486238603913,-18.260391608040187,4.0208552067959404,,0.3867102179564773,0.2142857142857143,0,5
0.46061239622435107,0.87875504743665467,-0.1250031481566086,-0.86874330004047873,0.47520909065525241,0.13950411747824973,0.1819925797367539,0.044338321610201015,0.98229975779165835,-19.280616828853695,2.9744502123045802,-5.8302174426754698,0.6490577425490428,0.5327512832299426,0.7494505494505495,1,5
-0.96001877899188615,0.20755549293675296,-0.18784211810643037,-0.19392377482593035,-0.97702063478187118,-0.088454783746790694,-0.20188490171429482,-0.048491200874088092,0.97820810152932147,-16.020004391155492,8.7984731118234585,-5.5164321780587899,,0.1429884981651254,0.2588235294117647,0,5
0.97594909057215151,0.038032424634753675,-0.21465532205792526,-0.0086619886908034117,0.99065170762187604,0.13614023702704803,0.21782640465129618,-0.13100659854473823,0.96715506955938946,-25.58840199654108,4.1028086816593925,-7.4444233240237816,0.5055482819875304,0.2545005859809225,0.8472222222222222,1,2
0.55978876090456198,-0.79700532473925656,-0.22675770218937841,0.82710032795395916,0.5540725221500411,0.094385844790121132,0.05041419109127724,-0.24038750494891334,0.96936693609852831,-18.041108934262752,36.202252274563087,-7.9799894882008635,,0.3608404618635769,0.45,0,1
0.36971806954555914,-0.87311010795897659,-0.31778497200366151,0.92781126836358641,0.32861109575594455,0.17658142043722883,-0.049747355196602998,-0.36012981982326914,0.93157485664062556,-6.979644546748716,-11.215850289512453,-1.4386586271851571,,0.1117831526031608,0.125,0,2
0.028041761057232658,0.99655682550418345,0.078026618392909017,-0.99513809473822279,0.020458694581712157,0.096341134604026227,0.094413092511515362,-0.080348835442934821,0.99228535845560895,-22.009632381405428,10.886586424170799,-7.1192447334739652,,0.2432915231079168,0.6326530612244898,0,3
-0.43243926672879601,0.90103192129519627,-0.03373065961624222,-0.9015512010167972,-0.43267221183876364,0.0004347961828365689,-0.01420255386294699,0.030597939630594286,0.99943086481963883,8.4987214675161518,-6.7092074358762881,1.6874559775651776,,0.2833495184368816,0.2941176470588235,0,8
-0.96435918063225723,0.18592224881210373,-0.18826653480353772,-0.17119617691580677,-0.9809494598759505,-0.091815174010033307,-0.20175043925526717,-0.056312294978371528,0.97781679556784862,4.6524783297353052,-10.185779809233845,1.1447179409479635,,0.365086333045671,0.2352941176470588,0,6
0.71628931012429231,0.68057413164834235,-0.15410540397004308,-0.6627279251264474,0.73262444152908546,0.15509069904990877,0.21845210335279303,-0.0089598552053138051,0.97580653796510353,5.04247027373005,13.020562814790205,-0.83800850497662405,,0.08829485108062839,0.1428571428571428,0,4
-0.94592452032679175,-0.11371533569381131,-0.30380194909277991,0.1431365411689989,-0.98675564916722835,-0.076323125058766303,-0.29109917970805704,-0.11568107565459622,0.94967318394734712,9.0843413261449495,1.3112949569863743,1.077621158656493,,0.1612904933617235,0.2,0,2
-0.38839780985092892,-0.78803878910008118,-0.47764213400481914,0.90585102962830666,-0.42160652952974709,-0.041010320398861801,-0.16905931924722892,-0.44860093750633023,0.87759680118155836,-24.913600568153132,12.222977664883734,-7.8688492641623213,,0.795770515814316,0.42,0,1
-0.043921224398597268,0.99896028656590874,0.012217688467333503,-0.99579490912128699,-0.044759649178915666,0.079931675658073437,0.080395429070657456,-0.0086556149138665439,0.99672546637226422,6.0044850110706163,7.6068305039968438,-0.19851189458101592,,0.3569733150038865,0.1153846153846154,0,1
0.92494953572438143,-0.24255345643449988,-0.2926365956864056,0.3354474782495398,0.88295881335239013,0.32841851844767239,0.17872701446417125,-0.40193476422799868,0.89805628977570684,-6.6190783201494137,-4.4781585044241563,-2.1024138107694514,,0.1142699969900856,0.3703703703703703,0,4
-0.74524671560687761,-0.60922497638590511,-0.27102077600204866,0.62677514302041248,-0.77873184114035354,0.027011843437551419,-0.2275087975637449,-0.14973859803586495,0.96219441865422961,-30.19649635397349,6.7509149596131879,-8.7116518817590798,0.1327034452840734,0.1649558603118166,0.5,1,5
0.91921246788034672,0.35325811850759081,-0.17394579788485401,-0.31694666108269071,0.92591367234890432,0.20549619311777739,0.23365199105048406,-0.13376312296683956,0.96307537296532619,-0.76632552100489015,-6.5828164525159272,-0.50829442302962324,,0.09122778767003262,0.2727272727272727,0,4
0.14004393655945976,-0.89164777207710744,-0.4305251983134793,0.98843318317595152,0.10033566111631911,0.11372157888899921,-0.058202562053449869,-0.44147140978582283,0.89538564658594622,-15.661256687526189,-9.2618837986238773,-3.5873284939844385,,0.1620557233043677,0.15,0,1
0.17634106275544342,0.97680988220452669,-0.12143427693142486,-0.97569208585028866,0.18976548691317272,0.10960845581303259,0.13011065750118944,0.09915399136789034,0.98652911908388363,-0.925163595018343,7.3345889291454869,-1.8311250579701468,,0.06757020938438289,0.2608695652173913,0,3
0.58375857288760491,0.808100132885192,-0.078740737938894856,-0.79084347607791383,0.5878766881695604,0.17019869521177841,0.1838274324610692,-0.037083348523624542,0.98225877462970379,5.2984663138575749,-25.700286755303079,3.1405920551777444,,0.375790182993641,0.2777777777777778,0,5
0.96017963916729365,-0.15092401589352752,-0.23511061642370465,0.19833442856889585,0.96091442432883167,0.19315000274666833,0.19677020855000801,-0.23208922970133428,0.95258389367227203,-4.0473894986440397,-1.8640351990306574,-1.7772292941147187,0.1379072710899859,0.1577275633538225,0.3153310104529617,1,5
-0.9460092416692123,-0.22869832465204404,-0.22970326723359771,0.22595587202243478,-0.97337484177353006,0.038540385324178708,-0.23240150295344997,-0.015443241360004401,0.97249732530288968,-4.3854952849470701,-4.2208426922533784,-1.6158417924903923,,0.07553238092367055,0.3384615384615385,0,5
0.17362100551035478,-0.92031652677530484,-0.35053279017776917,0.98353477507739628,0.14391408166129274,0.10930728847172413,-0.050150699486919248,-0.36373923027881583,0.93014981572709377,-34.088497998161301,12.955712238808795,-9.9859666863850318,,0.3366403290698431,0.4583333333333333,0,2
0.34997908910119202,0.9357951773190466,-0.042450244973537894,-0.92243338287401277,0.35216790899455913,0.15841217766953331,0.16319096590039489,-0.016283426568548375,0.98646011509218279,-4.8975103612130013,-10.046220060017172,-1.064490892590223,,0.07659458826906629,0.2105263157894737,0,5
0.78344023213960023,-0.5625075836884762,-0.26420942632313482,0.61495464581412662,0.76306901188213228,0.19888807580357065,0.089733974929622567,-0.31829373446264503,0.94373561570238107,-10.58994007986988,-10.161192324907505,-2.3617685023186512,,0.1467361436768587,0.163265306122449,0,4
-0.97372310117292515,0.10478162476798544,-0.20219825259670987,-0.095267072912988929,-0.99386094909366984,-0.056254765888956754,-0.20685141300163515,-0.035513729424142236,0.97772760417286808,-25.323270298340248,14.686372908412729,-8.1278854470240045,,0.1538126158444609,0.2727272727272727,0,2
-0.42462814721446684,-0.85979819998769014,-0.28361592319743956,0.88751349483291797,-0.45720839417326065,0.057273735577199759,-0.17891543556291556,-0.22739291896502659,0.95722605863082111,2.0283685279969839,-2.8526461763120441,-0.29048215866151045,,0.09239048444829201,0.28125,0,5
-0.70717570116359374,-0.59485027380332167,-0.38217231642269955,0.67217697156297651,-0.7332639324866308,-0.10247987224165674,-0.21927299556535479,-0.32935870577586701,0.9183910911727321,9.3956474070753639,-0.010061261189307684,1.2422185710167328,,0.1991611141893032,0.5,0,1
-0.87227276941950893,0.45504649962718552,-0.17908908092417408,-0.46435503002231943,-0.88557394032126424,0.01154133080887001,-0.15334478087691894,0.09322810413665418,0.98376516444570983,8.3281666856032359,4.043022764622223,0.73969360769913417,,0.07346176179869796,0.2173913043478261,0,5
-0.062261536078350888,0.99704995457126055,-0.044887517358505866,-0.99186331589372034,-0.056808503861519123,0.11392961192476862,0.11104352169071735,0.051615714452690975,0.9924742587654658,-9.6574002229940206,-13.958024892749734,-1.7119442539647192,,0.2492341754517561,0.12,0,5
-0.63864750907266188,0.75884179984888489,-0.12762633724035455,-0.76525053847346347,-0.64372990334367852,0.0018506504835306369,-0.080752538792027539,0.098848036618048113,0.99182059523655752,24.453911364355168,-2.3545121779792089,5.2995667711502099,0.8122039585103316,0.4911712901538072,0.4146341463414634,1,5
-0.92008841656279206,0.33596203141318487,-0.20141206308386778,-0.35362206045978656,-0.93357765679305027,0.058173852313323553,-0.16848959630537652,0.12474883640949741,0.97777757376170593,-9.32591719646814,12.372739081915796,-4.228405052637811,0.1677490971348383,0.1279050873087219,0.6194690265486725,1,5
0.95714156863744182,-0.13473581825725955,-0.25637136514206066,0.20918125962564532,0.93382745778045206,0.29018869674183773,0.20030780865379527,-0.33137974949270016,0.92198928595644225,-0.76923316919799445,-10.15213112584623,-0.1410430902450647,0.6839968427763113,0.6580433680197679,0.3372093023255814,1,4
0.1314642529711236,-0.95895853680662868,-0.25122833215311074,0.9894549489606711,0.11139104864092379,0.092579361954545289,-0.060795182111576716,-0.26074999322792825,0.96349021108865229,-9.9850157844922443,-12.230850090805973,-2.0162185299604474,,0.09666700502355863,0.3333333333333333,0,4
0.93636072319246588,-0.25155503995161799,-0.24484415030263698,0.29985927091470244,0.93581625978453997,0.18528989602613391,0.18251852976885244,-0.24691696944076644,0.95169270066193246,-16.617557515877301,-8.1918770597556261,-3.9984769515737919,,0.2876099920408238,0.6551724137931034,0,1
-0.027497708918408467,0.98709174986710257,-0.15777754386647955,-0.99438767691494523,-0.010879823520225767,0.10523676847882711,0.10216175411540267,0.15978581534187922,0.98185104227250009,-10.436805655281914,22.752224449371905,-5.2295724060981579,,0.2937321752361761,0.5714285714285714,0,4
0.65671065364371539,0.73252141311562657,-0.17928607508094252,-0.71519619464915463,0.68035135775475652,0.16005134538837101,0.23921856230278721,0.023117295004919484,0.97069051201783352,1.1914407754977465,22.477997475548865,-2.5603001546372721,,0.3588870952665728,0.6216216216216216,0,4
0.55733590869750282,-0.79188921026288095,-0.24957596748397001,0.82857194824764901,0.54977392728010066,0.10591107335925673,0.053340523557837034,-0.26581968992579419,0.96254593708265745,-2.5133962335271325,-17.033381806582636,0.27439912645913983,0.5263279853940579,0.533976704224244,0.9010989010989011,1,5
0.96662999328880184,-0.14517596490614715,-0.211069645586618,0.18550348243862358,0.96490375054076882,0.18587417839899525,0.17667742945162704,-0.21882571011178606,0.95963555296604086,21.269154773010587,0.56286289516599064,4.1999263014066832,,0.2297918783205121,0.2307692307692308,0,6
0.27027298127922605,-0.89404936591862594,-0.35725095785867578,0.96213052408549016,0.237141376854862,0.13442031842827809,-0.035459416428057222,-0.38005223152072481,0.92428509189681252,17.80786578671071,4.3803649113312995,3.0424421715960732,,0.4485889184769412,0.1739130434782609,0,3
-0.29283401042762341,-0.88774581035608957,-0.35518392211934874,0.94296366082795202,-0.32963745005607586,0.0464616603069056,-0.15832806666798127,-0.32131997715009436,0.93364109570511178,5.667784132303745,8.8703590952837867,-0.35678963128593039,,0.6589912272205668,0.25,0,2
-0.79187970398574892,0.60953051561190386,-0.037404344043569689,-0.59813381335906746,-0.78650870786965221,-0.15375302846367192,-0.1231360050187736,-0.099381099727750097,0.98740109443170065,-44.425485951636958,9.2495390432187428,-11.933471573907916,,0.3270152424998204,0.2727272727272727,0,1
-0.70298399642814324,-0.5940574131775439,-0.39103617558318077,0.67601733436440492,-0.72894197121314797,-0.10790813798195853,-0.22093905133488684,-0.34020492714347023,0.91402764900332523,-4.0699368149386288,-16.951690260699756,-0.081142479324252587,,0.1505415939387719,0.25,0,3
-0.44727203620635725,-0.84203143932309821,-0.30154731107952154,0.8746576384113619,-0.48223434595817705,0.049234653923304665,-0.18687359684149502,-0.24172937506591888,0.95217916803181646,12.626496178954479,-16.21574379559819,3.7757223258072226,0.3555355360213994,0.2316699226339453,0.2727272727272727,1,5
-0.014088542443937866,-0.96559471360276194,-0.25966971720669646,0.99610365010764113,-0.036164225554756131,0.080434240421966618,-0.08705763156690724,-0.25752475192187846,0.96234191997103413,5.128138044816029,7.6102610777547515,-0.34085923745726177,,0.08979459701237702,0.4411764705882353,0,5
0.61286605827849794,0.78022228870657351,-0.12509346432028728,-0.76416423112886289,0.62550166032154708,0.15748238250109048,0.20111743453367897,-0.0009236560301919039,0.97956670236698429,-14.295250994141234,-15.782596519438373,-2.5631894687490484,,0.1642143836065483,0.3636363636363636,0,4
-0.6998038566174366,0.69755467422356288,-0.15392218401589194,-0.70785417977038656,-0.70612454758776733,0.018181954668431678,-0.096005325086457302,0.12167826331284751,0.98791567342168141,1.1476572174150323,-13.934227458422054,0.78338003471390172,,0.09283094648397959,0.3636363636363636,0,5
-0.50410709543323784,0.86329252024396053,-0.024536927776201655,-0.86325701832754653,-0.50452675328857666,-0.015494370730063239,-0.025755710863753858,0.013370852886704188,0.99957884313894141,-18.529545990462303,17.039896614823427,-6.6651200323910764,,0.284928046543238,0.15,0,3
0.89312371962584347,0.4140197214135059,-0.17583427345765332,-0.38362435943169321,0.90520781586380483,0.18284190151522434,0.2348667117586502,-0.095846128663409955,0.96729062195801152,3.8555688303193274,-7.8401336040265734,0.70108105974048363,0.1341454835884184,0.2225191475426747,0.4375,1,2
0.21792178702301365,-0.91788511944245632,-0.33165795972176293,0.97506962446783985,0.19020150387126775,0.11429179920384634,-0.041824899053560127,-0.34829627536224722,0.9364509503374665,13.859796750675384,13.454940783846553,1.2994931399222105,0.4014085902583482,0.2272621853527641,0.3333333333333333,1,5
0.79109081146691318,-0.5401265334726959,-0.28712132601286799,0.59927216513130233,0.77846922368933791,0.18670441844626637,0.12267110544647325,-0.31976396858821726,0.93952264702946486,-7.0783372403770501,-1.9216614378885981,-2.4299703547224838,,0.07365819934001272,0.2608695652173913,0,3
-0.94031053831548195,0.26448494908615167,-0.2141583601911087,-0.26381671675215718,-0.96403412812285905,-0.032232588734258071,-0.21498100263735168,0.02618991258663236,0.97626700086797191,-7.0842818692920169,-8.1102262211805307,-1.7994677176576546,0.9723913846144397,0.446112892967364,0.1956521739130435,1,2
0.27288112422148292,0.95933072192015434,-0.072252737136903528,-0.95662988374476232,0.2785373587511274,0.085300675884940211,0.10195664554162943,0.04584218319518199,0.99373202457694687,-8.2586737958148806,-17.59101497527806,-0.99056506565766267,0.4638612040052763,0.3232348258263196,0.4482758620689655,1,4
-0.54914420315363732,-0.71664963665814418,-0.42994644133950832,0.81190194242614777,-0.57944055861876886,-0.071160908596065622,-0.19813096685628251,-0.38815195130943186,0.9000456558793426,-14.949519208018275,21.496658731137909,-6.1599437928279528,,0.2047508854867129,0.2162162162162162,0,3
-0.87506174560109451,0.44489284046582656,-0.1906234557650634,-0.45866656807773715,-0.88799374048845536,0.033046878538121029,-0.15457011584830033,0.11635066547111543,0.98110682493348966,-3.7369752518566646,-5.99810891815443,-1.2706997892021112,,0.07699961519555718,0.2580645161290323,0,5
0.88964424290839339,0.43170685096796113,-0.14887013094398158,-0.40963489915167689,0.89852392483057275,0.15765153314845573,0.2018226212716186,-0.079271377775270588,0.97620882920032204,-9.5619210575600686,-5.1672346770541102,-2.6740401710909212,0.4417714095828298,0.1454408168521082,0.303921568627451,1,3
-0.35742004602212174,0.93355804180640312,-0.026838280126299525,-0.93393248733403422,-0.35712706660608118,0.015177858854221488,0.0045847359365033726,0.030490012724315563,0.99952455663703599,-30.137141722994922,21.716583999129053,-9.6674566420833852,,0.2636424798889666,0.3888888888888889,0,1
0.36710474112821012,0.92680426842812735,-0.079170430493921112,-0.91659142764308965,0.37492432059674474,0.13889531524234891,0.15841169089556453,0.021577809167577473,0.98713734319958524,-6.5369603556352152,15.682210891301168,-3.8452907726020293,,0.2527519231975137,0.3076923076923077,0,2
-0.46552566760295722,-0.80070764295963648,-0.37703199242085977,0.87083023666571946,-0.49042760788362671,-0.033696592324285485,-0.15792577912280961,-0.34401748782811314,0.92558706578953809,-41.315638536101581,10.194916435802647,-11.351180692623405,,0.2706285867269043,0.1538461538461539,0,2
0.58921566263096015,0.79351242370402586,-0.15219374605325042,-0.7836493753881133,0.60711905395534593,0.13152988549445913,0.19677032134999087,0.04176706539521477,0.9795595708705489,0.92715419008903555,6.6201824181301969,-1.3444271387514799,0.4130722396641717,0.382847264468335,0.8592233009708737,1,5
0.91321928171806299,-0.31697907538083997,-0.25603673421806605,0.36664976371762992,0.9133718384964381,0.17697410942689396,0.17775965308289446,-0.25549197719760952,0.95032907738504213,-3.6836219539316049,-10.232752380452528,-0.77817687412589143,,0.07586564551492472,0.2285714285714286,0,5
0.59224565028457599,-0.72859556982325624,-0.34408368946075157,0.80116876835830153,0.57798961494640677,0.15510193300325262,0.085870217923565473,-0.36752755086935696,0.92603985066828043,-10.086960269279524,-18.687967702313838,-1.2467135720903415,0.3459305871296867,0.2510909520085272,0.8260869565217391,1,5
0.68420652870478349,0.72108060691215725,-0.10910629868594009,-0.6977794334608094,0.6907778593766426,0.18955160572819099,0.21205020235044014,-0.053560314881622204,0.97578993864095542,-5.468143050647023,-5.1198774366442441,-1.752475207181311,0.4606551883296809,0.5384009142122833,0.5361702127659574,1,5
0.96228941197754925,-0.10752856447831055,-0.24987335875826105,0.15556645432309962,0.97105949915991852,0.18122507381878891,0.22315502657399353,-0.21326288217249706,0.95116811195615614,-9.0529215726348991,-15.687645916339317,-1.3407511151333509,0.4595173206957051,0.5643677114967069,0.7254901960784313,1,5
-0.87111081568164195,0.46226286155981328,-0.16576789081422805,-0.46685289478389935,-0.88424650464745325,-0.012509742229755405,-0.15236246727576419,0.066491847931114345,0.98608544899737161,-10.032516969579714,5.0648711849931596,-3.8462779307614379,,0.0720792741304733,0.1807909604519774,0,5
-0.95648976483377579,0.19263755028125587,-0.2191303356221232,-0.18304571830371191,-0.98105393685152409,-0.063462098915839926,-0.22720386171653384,-0.020589978381784578,0.97362952811186443,6.387267981484043,-21.77812796227408,2.9769410113014052,,0.2738748582171313,0.2666666666666667,0,5
0.36768005998935072,0.91544607446177528,-0.16361496948247889,-0.91515010781079764,0.38744973072039945,0.11127886743930589,0.16526237823567774,0.10881723630571996,0.98022811397280007,-14.574724599733782,-3.867016390354217,-3.961046880753234,,0.1881824910386733,0.4074074074074074,0,1
-0.91756585170016591,0.34408975991655755,-0.19918620663669359,-0.35927703817468354,-0.93215716914581681,0.044755132113360852,-0.17027306784743385,0.11262881128123113,0.97893913663475562,-2.865201683663551,-2.9830092683822582,-1.3625968242821256,0.6837481948085229,0.6317754283399625,0.9386536373507057,1,5
0.54008280216961191,-0.75763473023153105,-0.36646989282561032,0.84027435895901781,0.50995935534813719,0.18406644878663594,0.047429616028710375,-0.40734637771791549,0.91204131489941953,-14.25489597535918,-19.660286623696756,-2.0392533264309805,,0.2661859150996215,0.5,0,3
0.36941096316231142,-0.88707307156538839,-0.27683371543047491,0.92925391624734788,0.35110595381374698,0.11494245662724649,-0.0047643923495827118,-0.29970981782398592,0.95401851432005946,-21.294612457596752,6.3463006634728005,-6.6469694230673975,0.8062148293225551,0.6282926925076426,0.6491935483870968,1,4
0.70543689852736202,0.7061343021443045,-0.061099341496231051,-0.67555683734970062,0.6959548515588847,0.24345390549695717,0.21443353680375435,-0.13046529012280375,0.96798608789951468,2.9943830909943747,-15.517306591473325,1.4146510999572079,,0.4426672837071249,0.5833333333333334,0,3
