axis_00,axis_01,axis_02,axis_10,axis_11,axis_12,axis_20,axis_21,axis_22,location_x,location_y,location_z,dbh,dbh_approximation,score,reconstructed,number_clusters
-0.09984555646917756,0.98230619177844358,-0.15844686947709324,-0.99222154103984617,-0.086397475332509216,0.089620810935188866,0.074345667996680825,0.16616263674454373,0.9832917673814966,12.994405006987121,8.8408592111483628,0.49457079881750499,0.3106757476032961,0.2575364330650977,0.3950617283950617,1,5
0.97488787770261409,0.11057895936621197,-0.19330266333907431,-0.083113304126498033,0.98595670388868939,0.14485011817091745,0.20660543213011145,-0.12514660124205593,0.97038782124050427,0.3732620756208595,-2.1873474091948251,-0.76097331642200228,,0.0819427519454229,0.1308411214953271,0,5
-0.88312013607962447,0.4601756171625615,-0.091308414835441276,-0.44869667381942513,-0.88530970504918916,-0.12205744978944084,-0.13700408809261785,-0.066821609639196186,0.98831409598929487,1.3233211702234156,12.729068363674051,-2.1967906475791161,,0.1079993538829245,0.3636363636363636,0,1
-0.80137801690666499,-0.55692999506231056,-0.21822523827146176,0.55828912601687586,-0.82737467572809953,0.061354687963802987,-0.21472430181526828,-0.072664479381039218,0.97396783706969936,-14.769310093209953,-10.681191616919225,-2.7564406954595984,,0.1201925032641621,0.2666666666666667,0,1
0.94199013295838363,0.27692662631792453,-0.18964765499530745,-0.24943491248105962,0.95565984049726505,0.15651355754792667,0.22458141918825955,-0.10012948065836839,0.96929730901229283,-14.236264996818502,-15.390618730195612,-2.1901310852280536,0.420100587510663,0.3581333772956021,0.8428571428571429,1,5
-0.42564940451725458,-0.81352712280656359,-0.39622746610019532,0.88448847863091107,-0.46649944430609314,0.0076419651453721715,-0.19105683867185502,-0.34720583076927319,0.91812057785267831,-2.6527538150707581,12.634378831882534,-2.890626865972973,,0.1841466566092739,0.163265306122449,0,4
0.44213249229472507,0.88589040721024903,-0.14041739803213524,-0.87868004566884961,0.4592223506039782,0.13052283343977278,0.18011173365620731,0.065673580065481574,0.98145134585507554,-9.9242827458659733,-3.7858310108902797,-2.600291883373683,0.8098770581818557,0.3792648527102307,0.553030303030303,1,5
0.90581079341837978,-0.34571206076929695,-0.24492851521497458,0.39482946291621712,0.89846464462592812,0.19201816989675002,0.15367661416122388,-0.27063712494011516,0.95033627988417424,-30.261464725268912,14.555446623083579,-8.1584469643143613,,0.1882273754413763,0.4,0,3
-0.97481905186517404,0.15647433520846574,-0.15888234181856392,-0.15152544602142082,-0.98752303898931404,-0.042875245460737246,-0.16360884856477592,-0.017720888419536788,0.98636611599594692,11.531630762685626,26.538490828513762,-1.3629769368178322,,0.5655776164910175,0.5306122448979592,0,5
-0.87953871418872831,0.46196756798066602,-0.11400708915355685,-0.45848975243107304,-0.88689340474496747,-0.056632460087587551,-0.12727449531988608,0.0024606409546203281,0.9918644807064928,-5.1342924211224688,9.2173763389995891,-3.0218297557245974,0.3230223705190522,0.2878298593567877,0.3529411764705883,1,5
-0.062528272793120662,0.99486377542653859,-0.079600775408043972,-0.99479356669927765,-0.0556952444525394,0.085345177948731546,0.080473441303562168,0.084522825848552016,0.99316661097488368,-26.528287789313502,14.617357396394626,-7.4569811578223382,,0.08711365954217193,0.4705882352941176,0,1
0.72367620598433668,-0.62728128741192857,-0.28776889226417091,0.68665121498522874,0.69631013018432408,0.20895528603506971,0.069302653999857286,-0.34881282812637759,0.93462653133915108,1.9503111451039532,20.611159079589498,-2.8518451851956774,0.1753693491040109,0.2846595595673577,0.5,1,5
0.90681941879119776,0.40370303923527456,-0.12125344455064281,-0.35243646760857655,0.88395222836618093,0.30727348448255537,0.23122949206963647,-0.23590742692561611,0.94386471907713143,-15.227668594306168,-4.9946457565079445,-3.4406889409545558,0.5706098777586713,0.2646932061714284,0.1785714285714286,1,2
0.48726939982806466,-0.83083051792926255,-0.26886647702640565,0.87309325588941189,0.46937941698068886,0.1318754315075186,0.016634257170769405,-0.29900437018923598,0.95410674879497348,16.899201036388288,-3.4228596120701802,2.8759960273762681,0.27676931627406,0.192164916781076,0.4390243902439024,1,7
0.81239207390194512,-0.51906408760681733,-0.26569078120664891,0.57616953230557011,0.78465056208998474,0.22880595589855632,0.089709466078434483,-0.33896307817928145,0.93651281001764664,-8.2091252530361292,21.998585958247379,-4.8579518176716912,,0.2442872624684311,0.25,0,3
0.6251402019132859,-0.74926134989193405,-0.21864847932225129,0.77856477669915136,0.61839051037339754,0.10691148284225423,0.055105502767118515,-0.23706667044999319,0.96992926408400382,-7.0064848688099666,0.28627678689048713,-2.5185298975253616,0.4850973759145442,0.3930153475748402,0.9640697260761295,1,4
0.71822356894658945,-0.62255491477147795,-0.31077368470239175,0.69228990423684045,0.68423789102589372,0.22924484067516909,0.069925628358779607,-0.37979453205426095,0.92242426243042563,11.416159149831367,10.039687498648759,0.046025684029759137,0.4025839576653063,0.4047951524729016,0.3375,1,5
-0.050992225171218569,0.99053126702537875,-0.12746608183036359,-0.99505972784363705,-0.039504799652899554,0.091079683948348589,0.085181752716380177,0.13148072044783399,0.98765221062613096,27.449053254637143,-7.6103188066234271,5.6341797159675195,0.6499658423908676,0.7700137578703449,0.9652173913043478,1,5
-0.66009296446975874,0.75062717264162782,-0.028915842535919084,-0.74980387918637648,-0.66072420293542422,-0.03518054025183525,-0.045512866472991478,-0.0015412162031071975,0.99896256368195668,-14.783214631509573,6.1767221570589586,-4.5203211314913521,,0.3181146701845328,0.2601626016260163,0,5
0.51369829365162534,0.84067853742063281,-0.17138745525771107,-0.83824649874697665,0.53435999377753518,0.10863795095871125,0.18291219324540187,0.087857804265631501,0.97919565756378757,-3.0586397584958411,-10.624916642572318,-0.4405255975464562,,0.08913415458966609,0.358974358974359,0,5
0.46014924129138501,0.88775223943765413,-0.01259512256359779,-0.87046713488296279,0.45389180510009358,0.19044473306349041,0.17478456118206823,-0.076669359175670651,0.98161711809441432,-21.073896965812054,17.690049362741526,-6.7264717181859037,,0.1910669736890302,0.1666666666666667,0,1
-0.80636944690208423,-0.54854079410964562,-0.22106856922770698,0.55092185794647508,-0.83264177139557982,0.056504751694298527,-0.2150660864470032,-0.076227801521426233,0.97361999811814637,-15.570431157696454,14.140702784749058,-5.3480579722803778,0.2457332123232804,0.2784872127906667,0.7297297297297297,1,5
0.65569769796371113,0.74019025959250995,-0.14892584896337532,-0.72795143014164787,0.67211222690701,0.13546907321167112,0.20036777245809484,0.019584025287777983,0.97952499800347503,-10.076332407519908,7.9548493617359943,-3.7725699581651582,0.1410999802487133,0.08658228009379024,0.43125,1,5
-0.34913757053782696,-0.82540340236929299,-0.4436351881852249,0.92430958238454997,-0.38121103701235615,-0.018164282866771714,-0.15412576926342966,-0.41639808911324272,0.89602336946744687,-1.8929872245150317,5.9385028485076186,-2.1196258742822285,,0.6948043501695701,0.4116222760290557,0,4
0.56551310148018241,-0.78500081598075977,-0.25292024625127457,0.82388496679830747,0.55166227012120073,0.12993190989312317,0.037529901918550983,-0.2818553860302549,0.95872261255679114,11.28769921563052,-6.6408249431210651,2.019955824804049,0.4324557945758304,0.5396357441922712,0.8990384615384616,1,5
0.090443161626580504,0.98845091630774218,-0.12159284750910726,-0.98969586028711809,0.10281591036230378,0.099654366221013063,0.11100512891542132,0.11132688186936478,0.98756477596546277,-2.4847327031130662,-3.9885262686590628,-1.099541966346959,,0.0673117530111518,0.1976744186046512,0,1
-0.90212867281743314,0.4037789989201313,-0.1520735930782012,-0.4102436791166541,-0.91189125216396638,0.012428514459343053,-0.13365620608669646,0.073599349575189613,0.98829102713553985,26.078916378539674,-10.30051495318601,5.6389585266683575,,0.3160543580842405,0.3055555555555556,0,5
-0.97764867233724384,-0.012879508579165101,-0.20985040323045318,0.053876233800910819,-0.9801411342754025,-0.19084210314487021,-0.20322505974572669,-0.19788247815328894,0.95892757804291906,-16.476962961709681,4.6303601434603499,-4.6460118491944398,,0.4635012832657542,0.3777777777777778,0,1
0.068293435951265843,0.98659000035569855,-0.14824364338518212,-0.99086088236172976,0.084399427567674296,0.10522095053544854,0.1163216162684509,0.13970292704303519,0.98333736518262316,18.941947206524414,-6.732927299240651,3.727429790564202,0.1960758004878134,0.2115198593970409,0.44,1,5
0.34782893796895054,-0.79768299111116381,-0.4926630446901194,0.93739902317562496,0.28620899302431896,0.19841240803283799,-0.017265609192148805,-0.53083543401317146,0.84729902675222735,-29.470275497057909,25.410580504026921,-9.0706259198245771,,0.4596873330935642,0.3181818181818182,0,1
-0.92479484039834525,0.34548101649516716,-0.15936552454676578,-0.34198875722600336,-0.93838715525989458,-0.049731647612534298,-0.16672790139509816,0.0085096465678381715,0.98596622295678948,2.9853883924123328,12.663356633394907,-1.9286386407413441,,0.385209015720147,0.2222222222222222,0,5
0.28675735724813733,-0.89056124860416674,-0.35308763862340348,0.95762321476727608,0.25608394265852702,0.1318286495844167,-0.026981412173028883,-0.37592775475754808,0.92625608046592445,3.3839520624744424,-17.236218980283873,1.7204394602819049,,0.4578187438943929,0.4375,0,4
0.38823737862565383,0.92047929766884173,-0.044604936957206513,-0.90465282620452248,0.38989692318584263,0.17199899223653359,0.17571283925214631,-0.026424455591154493,0.98408675749075092,13.10774582042645,3.1695193677486198,1.1875583254443567,0.6629420774250561,0.3792268094522967,0.3333333333333333,1,4
0.69556208690514809,0.71232798172800482,-0.093713551354435848,-0.69331510575023325,0.69968844508093597,0.17248259030627761,0.18843446446628695,-0.054999329700709539,0.98054450502451662,-8.4434700222499046,31.044316797241628,-5.6730357994250165,,0.3570718291927563,0.25,0,5
0.64985168737356691,0.75294668900471495,-0.10375002619067417,-0.73317068607556657,0.65698051135648106,0.17560567410325992,0.20038345614648792,-0.038051165745801446,0.97897833443247073,-28.001258673825745,-18.35331367400865,-4.6175989414531768,,0.2234477324586032,0.4666666666666667,0,1
0.86932136204589272,-0.44180938779251283,-0.22155097460647311,0.4770127276062599,0.86733391680590566,0.14209410423997759,0.12938016537440813,-0.22920807493744741,0.96474060305926768,8.2893298420451931,11.141024161444308,-0.7255194811046074,0.1923482529282397,0.1512998379342654,0.5625,1,5
0.86260283762062007,-0.43735147337352875,-0.25424404273622309,0.49323318842674707,0.83878412951748649,0.23056930824369989,0.11241604139641206,-0.32429133939653226,0.9392538319480862,-17.153372599994196,-11.279710318307112,-3.1927915262588202,0.4337358238295924,0.3040493342198228,0.7378640776699029,1,4
-0.89359223941327715,0.43983958142388407,-0.08963287495795294,-0.41994872903133995,-0.88968976176519066,-0.17915131256890629,-0.15854328949951735,-0.12244701067425952,0.97972993979545764,-15.229622934955184,7.8578980566929149,-4.7218352431622286,,0.4960393844698472,0.1522491349480969,0,4
-0.91557233837058349,0.35647209434168936,-0.18615837119579443,-0.37364615695756653,-0.92522096946403054,0.065990204234272778,-0.14871396236219075,0.12997616558311428,0.98030115463506795,13.339387598324503,-11.199760626982382,3.0394792705129174,0.4614651562818698,0.3707611003143323,0.851063829787234,1,5
0.95413053113994784,-0.19479156456821844,-0.22735693505953625,0.24206343936294486,0.94879711001124611,0.20295155914180255,0.17618235118871162,-0.2486770805831777,0.95242820659735006,-18.984499072188342,6.1104015603272748,-5.2078742557588553,,0.3382975792440577,0.5876288659793815,0,4
0.93264827928306782,0.31965804224766181,-0.16728993746404913,-0.28410364449977205,0.93649658553309822,0.20557058268827313,0.22237874523497198,-0.14419736929376023,0.96423794384813488,0.33876027140515497,-10.367165716065296,0.23727190039093773,0.3705152402560161,0.3018803944895149,0.3538461538461539,1,4
0.846978647609122,0.51176354328141016,-0.14396265579058817,-0.48072480346937091,0.8528961070704707,0.20364649241607721,0.22700403922300125,-0.10327781132505114,0.96840222008437671,-17.153511054164149,22.111116246145134,-6.4531427065602323,0.1014371073856094,0.1751526113651543,0.3529411764705883,1,4
-0.38027923669194208,0.91475390657678757,-0.1364294416300979,-0.92476595915014936,-0.3738453157340304,0.0710464686020916,0.01398652702062691,0.15318280029503822,0.98809888511002397,-6.5894254847773048,24.108940422615234,-4.7747988685958997,0.3593521739795006,0.3151025606432042,0.8529411764705882,1,4
0.89803614539807863,0.39124733940016754,-0.20113826331867224,-0.34382413910725945,0.90943527694241799,0.23390690118040652,0.27443768495910548,-0.14090066169098978,0.95122603024167107,-5.1406443290606196,-10.059017405779112,-0.9026471186895797,0.6404946552717601,0.474571840592928,0.2542372881355932,1,4
0.58415758459206812,0.80879241189962758,-0.067931957259764961,-0.78556827024961429,0.5844524483875041,0.20321867126541213,0.20406471802001519,-0.065346537991188447,0.97677398656596959,22.636841821202097,-10.057291146547831,4.890633324331815,0.4758073190958245,0.3023434459574316,0.5789473684210527,1,5
0.10468713417235372,0.98124935715384032,-0.16183418373123568,-0.9879805929302794,0.12122375252955711,0.095912198472283092,0.11373193013359742,0.14984825960894063,0.98214588893924448,-12.522312157238664,-17.01689423508892,-1.721246264524783,,0.07547702077036528,0.2666666666666667,0,1
0.39516799468232966,-0.88445775084012856,-0.248146615849517,0.91856148013947803,0.37771333184435468,0.11652229894320013,-0.009330765387601643,-0.27398380595549399,0.96168904064225658,9.4112082599997677,-17.559995895135547,3.0142852715796646,0.8876996632109525,0.79196428767701,0.775,1,5
-0.19330717250604984,0.96944559531328278,-0.15102176924334917,-0.97944694824369505,-0.18164002935734469,0.087695925282626208,0.057584829893204632,0.1648700623604481,0.98463285030687087,13.122140718373613,11.712196499272443,0.27128749830603704,0.2892298763598052,0.2871387529534635,0.5813953488372093,1,5
0.92575408529955538,-0.32077424203538502,-0.20020803979312968,0.3503699710442969,0.92680753981760677,0.13516163482162313,0.14219794985020637,-0.19527332071703857,0.97038552816627399,-2.6435544689396679,-2.2819417096867065,-1.3672893939249189,,0.1080832405911184,0.2738095238095238,0,5
0.95704920701531737,-0.19308467739054669,-0.21627557122416491,0.22884087221881588,0.96110880793506948,0.15460179336527666,0.17801311904879905,-0.19745421410194466,0.96401408847583747,-10.83312083964084,-7.9720187456149594,-2.3303692349232139,0.1890065367712578,0.2693982070978415,0.5227272727272727,1,5
0.32735015547823737,0.94200144554825671,-0.073994272030806399,-0.934174154659694,0.33440664784488811,0.12446221371561632,0.14198776170579136,0.028380811513065367,0.98946147224823222,-2.0497286733675231,-11.443782012452969,-0.12976297780984714,,0.2328294528084294,0.6309523809523809,0,4
0.6298381970075827,0.76702624264731412,-0.12237070188807453,-0.75137898317246488,0.64159472929602945,0.15422654436336991,0.1968082041911593,-0.0051909950777726055,0.98042826577631481,3.3874057989671642,-4.308802525882605,0.11411398804743453,,0.07959423320821959,0.2285714285714286,0,2
-0.70536501657049377,0.70797968991697213,-0.034999315187231046,-0.70466157764141457,-0.70570352690757998,-0.073719692797211994,-0.076891185414323604,-0.027336619675273871,0.99666466518599384,-19.141368725014782,-6.3392110673291615,-4.0145318006684274,,0.4690429712903397,0.2,0,2
-0.26875487411407983,0.96310233291042935,-0.01430782940958362,-0.96259259224228066,-0.26802219028833896,0.039744268433675463,0.034442981871662663,0.0244540764603801,0.99910744124156048,-3.7808888191021826,-12.595456432118917,-0.35021894830727479,,0.5543989137159738,0.75,0,5
0.405471656935741,0.89991193919034129,-0.16047192004978031,-0.89862123935097238,0.42458924834748346,0.11047098431280689,0.16754880963201757,0.099410622623527692,0.98083888814651676,-1.459439344605618,9.6905231819718907,-2.4251043924420852,0.1783594228798934,0.1064888952691428,0.3454545454545455,1,5
-0.97431488160321222,-0.098552379771714632,-0.20247948026368251,0.090923133765877254,-0.99476399778303848,0.046664466791127492,-0.20601819150917638,0.027055815567814279,0.97817405793204781,-6.3144790501732526,-1.9703500755980214,-2.1069696172756407,0.3446079770669865,0.2967976484650084,0.7039848197343453,1,1
-0.20506291414381278,0.97859081446229013,0.017584626606165367,-0.97747295366876674,-0.20567961027132803,0.047355282331449512,0.04995824345294779,-0.0074776847129007593,0.99872331410778126,-15.711522897689131,-0.42399860429673636,-3.9546313401734459,,0.1250005810453282,0.3225806451612903,0,1
-0.9396329348308059,0.30656516667789196,-0.15201232305640103,-0.30543564847410476,-0.95169772239123074,-0.031313093691741747,-0.15426928541498605,0.01700716834458366,0.98788245444609912,-26.612617805665259,13.025425320480519,-7.3597202897305278,,0.1670929948928702,0.15,0,4
-0.85467308857517243,0.50490766342313986,-0.12083941030127854,-0.50078949890856894,-0.86315694008782262,-0.064575340193692835,-0.13690795976962036,0.0053243022840483191,0.99056946367072485,6.1920898358639178,23.83441964836414,-2.2915097343559458,,0.2826394529610813,0.3333333333333333,0,5
0.86320217793465881,-0.45322870542721011,-0.22240894897830857,0.48796790337994733,0.86199839316308868,0.13728108192766775,0.12949642960266977,-0.22702975743507212,0.96523995149347819,8.1378329384329327,-5.7904380268551119,1.3337026366631384,,0.07160977813904854,0.2307692307692308,0,5
0.23728010846072189,-0.93814534347986667,-0.25215365283079316,0.97043501737481486,0.21709873271207153,0.10547045703682445,-0.044204379665505319,-0.26972477595107319,0.96192230354459107,-4.1526632643868018,8.1227872849648701,-2.7449596868789881,0.2007485175820676,0.1335722720516557,0.5088495575221239,1,5
-0.08442972367151988,-0.95894403782812165,-0.27073594898839648,0.9888281806411775,-0.11413050667893133,0.095880428738445725,-0.12284319651738367,-0.25961617776846507,0.95786689540367931,9.5286887322411324,-6.3625337148880723,1.6954172338544062,0.3871209184049915,0.2410526045792748,0.3518518518518519,1,5
0.76498034974487417,-0.59002605940600727,-0.25821369778931136,0.6362379739994265,0.75457329719980215,0.16068721042486708,0.10003151975910569,-0.28720791837071447,0.95263072944339033,8.6180279028870519,-6.6890954523508599,1.5415335554146428,0.404416376040771,0.1786690288408658,0.5,1,5
0.27373112685533624,0.94941566924291176,-0.15388683240142181,-0.95179991659880414,0.29041281961237847,0.098677824090823762,0.13837698129753806,0.11945828226131346,0.98314878316873211,-9.8635290385267567,20.171344920912308,-4.9322256108974853,0.1875766234568376,0.1233062074723194,0.4782608695652174,1,5
-0.68711438131640323,-0.66525023529871186,-0.29208894437000987,0.69559665718900676,-0.71843252090565235,-5.8417724393391341e-05,-0.20980733422751852,-0.20321623296419891,0.95639115698765453,-8.6002423764116127,-9.2222569422110912,-1.7441177284964762,,0.08368003861064122,0.2580645161290323,0,5
0.97549066623864067,0.13875141718678732,-0.17078057357308621,-0.078519045965644865,0.94453281359920804,0.31889265193009625,0.20555466305082731,-0.29766727778347191,0.93227757252603627,7.559373023708031,-6.9366759443721531,1.3669884683053219,,0.1146610904379212,0.1111111111111111,0,4
0.7376317064200989,-0.63609596015891012,-0.22645395813120253,0.66907825434845802,0.73367710897295291,0.11854193067059175,0.09074004210818172,-0.23895570559960522,0.96678147247431345,-9.6482836763787656,6.3695540292849593,-3.5564727119091639,0.3659979467006069,0.327774427677593,0.9116117850953206,1,5
0.91622710319761491,0.38121173811018672,-0.12331060819376817,-0.3350133161704324,0.8977311418481051,0.28608543294719957,0.21975889823758307,-0.22080853172626103,0.9502366120931649,7.706410254866606,13.563172258025464,-1.0429971691928688,0.5774474172455157,0.5738048488873037,0.44,1,5
-0.74508647877436229,0.66669674813653879,0.019015393022106648,-0.66098353683006394,-0.73429046245413332,-0.15465536133129557,-0.089145404745506418,-0.12780048033187758,0.98778546964394065,-15.32514482530496,-17.07929660250117,-2.204492458691635,,0.3452014170797074,0.2307692307692308,0,1
0.40454777852219315,-0.84710921980149012,-0.3445969596790856,0.91436788382561274,0.36786693030217166,0.16913099839570564,-0.016506602346626771,-0.38350996247472879,0.92338921412457631,8.7927504072768414,1.932130543661629,0.42992773170955279,,0.1447703977568578,0.2222222222222222,0,5
0.56756928737879619,-0.76555667247987202,-0.30296548523861866,0.82322941911183567,0.5333094451963144,0.19461335815711528,0.012586799955345177,-0.35986666542755164,0.93291883654524799,-18.423840264034503,-5.1749828031467509,-4.0194051120751233,,0.2414216257548658,0.3125,0,2
0.30667544945035335,-0.88319970863440733,-0.35483579776077312,0.95085245695184961,0.26752616267507956,0.15591458364431665,-0.042775855491825089,-0.38521166513028576,0.92183631911229114,26.060338396114211,-11.656525962513268,5.8456217742876779,0.5995111465067386,0.366754313815272,0.3947368421052632,1,4
0.41965603073502272,-0.86361730248023083,-0.27938140726342958,0.90768311388230427,0.39942678589658548,0.12872298738471913,0.00042501841010870886,-0.30760916365591567,0.95151270185650072,22.353459999642524,0.20305117242225934,3.5585901650349907,,0.1272551142223462,0.4736842105263158,0,5
0.65182548558661491,-0.6857520787331095,-0.32383270812719478,0.75436032093816274,0.63014204722440337,0.18401496274463677,0.077871962437362802,-0.36423218807933061,0.9280468041177109,0.96824284558830664,13.341212541934445,-2.3350860129253008,,0.1880168453715635,0.1666666666666667,0,4
-0.24388918383856992,0.96825815243718294,-0.0547194320647576,-0.96930654256684434,-0.24157061707755298,0.045699710085305621,0.031030509884096145,0.064185568500275972,0.99745542268947029,-2.5668676343790517,-13.228800306979354,-0.029233729281987919,0.5160566308982385,0.4227915022059333,0.5535714285714286,1,5
-0.80364352838249398,-0.54052890841204448,-0.24896903112600369,0.54998056852157262,-0.83439059519961967,0.036245122307893708,-0.22732895446384541,-0.1077999713047738,0.96783299832619196,-0.29792017290247375,3.8416975873397998,-1.5803688433017757,0.3836428053936597,0.1600319634386134,0.4007352941176471,1,5
0.53380132600715258,-0.75156290957937333,-0.3875684936854274,0.84397279664708102,0.50202071256941594,0.18890506258700304,0.052593372897251814,-0.42793503840639341,0.90227797270653143,1.0976992567207096,20.177106661435229,-2.9801166103028311,,0.3168693371176826,0.2307692307692308,0,4
0.17504475226039684,-0.88937986584651552,-0.4223301894642752,0.98293484105286633,0.13322180433652647,0.12685049898875989,-0.05655468990696897,-0.43732757182248932,0.89752223480723436,-22.054117912604493,23.424893544674436,-7.4288980161836262,,0.1777675317504481,0.3333333333333333,0,1
-0.79699835226922611,-0.54274409088388487,-0.26499524201533131,0.5687779341054614,-0.82204803319134312,-0.026994310529591357,-0.20318781497634675,-0.17223786731398499,0.9638717907005413,5.6001682027335704,4.434067761222976,-0.51706599715306656,0.4944600722798076,0.3789235119072972,0.4835164835164835,1,5
-0.87174111720449099,0.48251697920909392,-0.085116328339497546,-0.47920679685540291,-0.87584014774366958,-0.057139141120006218,-0.10211890335609175,-0.0090222156523960106,0.99473128492174767,-10.641272675553902,18.958841950902393,-4.9483668508256837,,0.2670511343296344,0.2,0,2
0.90044501364246754,-0.33557416222697423,-0.27674674171899627,0.41040659456213735,0.86623464973421904,0.28496308311734792,0.1441013689953215,-0.37017227509026057,0.91771852014012134,2.174410662372297,18.891920037853463,-2.6621206158785942,,0.348238242446457,0.1304347826086956,0,1
0.91946044640175284,0.35344012088281834,-0.17225727402065891,-0.30807844389881617,0.91983240701757063,0.24289095373263084,0.24429523103731196,-0.17025987181541558,0.95463679802416213,12.714820504760432,13.558099045126069,0.026868893017196863,0.4772321231669213,0.1567274708798948,0.2727272727272727,1,4
0.43913005698986873,-0.85057900910018547,-0.28927520171321613,0.89687336291476794,0.43393350801835634,0.085556306096270504,0.052753805000495584,-0.29701356854027777,0.95341490242230842,-10.456657305570419,-14.505695067695221,-1.542218274335861,0.4465929263280761,0.3825099204973446,0.3623188405797101,1,6
0.024886305856985501,0.99236431141289383,-0.12080457447798275,-0.99420016726321858,0.037215452799401749,0.10090112728173478,0.10462647463516062,0.11759287183732446,0.9875349195337193,-14.464003324283727,9.2308291802153342,-4.754883738439859,,0.4388016976598686,0.3695652173913043,0,5
0.97244911264178402,-0.10789955118496623,-0.20664077568643147,0.14570953596179612,0.97327358457500157,0.17750284701470603,0.18196553094475137,-0.2027220176068967,0.96218102721129573,17.45486961516249,-0.13746260630059592,2.5686397712570539,0.1610611144191605,0.179231741493045,0.3157894736842105,1,5
-0.72147413254545811,-0.64116216026803008,-0.26150747658186241,0.65960594511451143,-0.7512836128808944,0.02220203112834538,-0.21070138404237526,-0.15647369509621992,0.96494606559411611,14.561037659769028,3.0657838832109641,1.5312255986798688,0.1893833539661364,0.1470976107770073,0.3571428571428572,1,6
0.81895901243833458,-0.48055167965604767,-0.31364983520763889,0.56276619770728542,0.77947354341255726,0.27516395446707187,0.11225124794011142,-0.40185952558029958,0.90879512489684056,-42.147700560612719,23.556463872963427,-11.591829634734054,,0.5404468178499036,0.3,0,2
-0.12169824097301267,0.9814943843777505,-0.14784556665322884,-0.99023152995656205,-0.10984502426286552,0.08588124198319412,0.068051856873710695,0.15685293774625408,0.9852746321185829,-24.21589485970328,12.430744914316211,-6.7525346626279577,,0.08083118888895886,0.2272727272727273,0,1
-0.83035126339141785,0.55706006037299549,-0.01417280923143553,-0.54475171711289816,-0.81683370573308312,-0.1898111268627527,-0.11731302607479285,-0.14988924683109733,0.98171832395936331,13.964128544517393,8.2246198341064947,0.75843590136306616,,0.09610125663418645,0.2727272727272727,0,1
0.80310804091491517,0.59556801774593215,-0.017782318633596243,-0.55510543435890292,0.75872311708863149,0.34087708685173235,0.21650734713403968,-0.26389006770526729,0.93993967934303557,2.2208854364910584,10.467062909985962,-1.8645512206126265,0.2274370826282634,0.2003647088673293,0.2891566265060241,1,4
0.59701309435516137,-0.70055826095808504,-0.3908880762722986,0.80210699705904953,0.52985164408278762,0.27546615133565888,0.014132601932709717,-0.47799096044397105,0.87825105254503444,7.2577612123771971,34.767635766217431,-3.06567629237954,,0.3625260327588907,0.3076923076923077,0,2
0.98005377231522928,0.014954375879307395,-0.19816904403248675,0.022797117299399042,0.98212242589158161,0.18685778550457302,0.19742060382221183,-0.18764836051214503,0.9621918717093686,13.013394021213744,-6.9088907953436491,2.438947518253364,,0.1008212485578812,0.3953488372093023,0,5
-0.97871852344794197,0.08444843324719524,-0.18702543672446009,-0.081673073362444434,-0.99640494898083143,-0.022509703108663147,-0.18825397989793946,-0.0067557211755222999,0.98209714350668242,2.5332860534834487,13.864944638877821,-2.1147447743099113,0.2461699375369686,0.1992627331214543,0.3809523809523809,1,5
-0.5788620017998809,-0.74475056869826239,-0.33206230333455328,0.79138836009174407,-0.61125244552299751,-0.0086551345139604802,-0.19652797862781307,-0.26780037017481784,0.94321774546002679,6.2823817925259045,2.5893559566606763,-0.14030876134413628,0.1430657572223775,0.2570927243506894,0.3611111111111111,1,2
0.43588576679362767,0.8999935657404704,0.0038961432834138821,-0.88493372193807107,0.42779509252566728,0.18407516559218043,0.1639997136691527,-0.083683573278807044,0.98290444778713182,6.4870345120955104,-16.170510647094595,2.1897140919257323,,0.2554789499361693,0.35,0,5
0.24373500163933007,-0.91858373340607991,-0.31112244164897912,0.96896116736302695,0.21697529787250813,0.11847352554733535,-0.041321968955442594,-0.33034170919652728,0.94295644122449329,-12.752473969153826,16.341220931618203,-5.080159161428802,,0.2201261104399075,0.5714285714285714,0,1
-0.60524799082635306,0.78829090168887384,-0.11078052137088247,-0.79373386702512561,-0.60820280680855476,0.0087117235686050409,-0.060509651610325968,0.093203004805302928,0.99380671257405939,-11.216230368982302,15.503574824237973,-4.7237982487081194,0.7420860615356728,0.5046605207855143,0.6632996632996633,1,5
0.91121142097361618,0.36833907273648447,-0.18444531380024426,-0.34532383244780396,0.9271356261535002,0.14550251358831834,0.22460008243721713,-0.068890189523506215,0.97201283158022722,-0.36026078477306256,-9.0133036578045207,-0.10133807512473403,,0.1007998193143801,0.4642857142857143,0,4
-0.8626337242148624,-0.44235062075016396,-0.24533443738932997,0.45730744095978854,-0.8892972059508566,-0.0045148566762570255,-0.21617808004051639,-0.11608793137076,0.96942799108549138,6.7581982508022147,22.448091867144914,-1.9984142814320167,,0.1522492114259149,0.5263157894736842,0,5
0.73671976263269301,0.6514193213882683,-0.18137491300749881,-0.64265846684337102,0.75794775911175627,0.11182705152151748,0.21031901088812119,0.034176924664402697,0.97703523553632754,-5.0674752384538975,-8.7897566932908227,-1.0324633948438959,,0.0718387339600953,0.1935483870967742,0,2
-0.82234837125043303,0.56742432998693382,-0.042104465803990791,-0.56095884554463971,-0.82091124324061493,-0.10691073064184618,-0.095227779071999183,-0.06429899268283551,0.9933767209034986,-9.8239724341523367,22.677168464831894,-5.1664522500275591,0.4543395694059047,0.5213688391514008,0.1746031746031746,1,5
0.87655241574405041,0.44398348027476559,-0.18583468916318022,-0.42912344962093524,0.8957665242563404,0.11599740948462341,0.21796542716379957,-0.021931786630860348,0.9757100334097627,-7.295778938733311,4.2678778875601644,-2.9379499570023415,0.3755365231481558,0.3731975801716517,0.8845605700712589,1,5
-0.75371668163704608,-0.5702610328336355,-0.32667035104759151,0.62228191260428445,-0.77912753602310103,-0.075667059253857416,-0.21136789034192263,-0.2603125756510592,0.94210454721878822,-15.321757167929945,-8.0905250601646479,-3.1577088364648067,0.3393296211640966,0.2350778186437508,0.225,1,3
0.40982689816331641,-0.83972658854399829,-0.35623190485145034,0.91216032736889585,0.37628090998733216,0.1624075550994277,-0.0023346768733893729,-0.39149959549323071,0.92017531808483821,-35.260895076223612,15.36877813054695,-9.2052704839379942,,0.188919650270411,0.1818181818181818,0,1
-0.46684753358470965,0.88025552056482648,-0.084874017820642939,-0.88425860134645284,-0.46593543259827613,0.031478541806624093,-0.011836652005003525,0.089746259892001315,0.99589432296037772,-36.708654220635424,20.880237313850031,-10.054278790956701,,0.2582928929439018,0.2307692307692308,0,1
0.97685013418689393,0.11115595872907512,-0.1827790145997833,-0.084537063808404742,0.98544425292848159,0.14748935287972736,0.19651284991496443,-0.12862339293164055,0.97202814908265478,20.566654953751076,-0.61394281270623596,3.2812360317963951,0.1281367151843585,0.1075440192110597,0.2142857142857143,1,5
0.26409109146048976,-0.937397598833146,-0.22702783334441612,0.96372533589721598,0.24704676840597259,0.10100183745835761,-0.038592387345252402,-0.24546616044175712,0.96863666651483726,9.2350145417146159,13.626736710536141,-0.75578699984506736,0.2208070395623761,0.1407075999225857,0.7857142857142857,1,5
0.83955597015383188,-0.44585953247141907,-0.3104110988405967,0.53094402745000979,0.79441525995948281,0.29496242889336177,0.11508350313673286,-0.41244838713210624,0.90368253012764521,13.269813725959377,7.2971121302962656,0.71074009134915572,,0.1263217199944458,0.2666666666666667,0,5
0.97574015578655604,-0.043805866558173714,-0.21450453244795431,0.11056060059200647,0.94425869710971067,0.31008364440809705,0.18896428758461969,-0.32627681343877296,0.92619433113676386,2.4073242414755884,16.797929971995156,-2.3974068058056752,,0.07824717978287586,0.1538461538461539,0,4
-0.453126825827527,0.87752639051589698,-0.15691881233176441,-0.89140542225702835,-0.44771183525677549,0.070359688329176606,-0.0085119261180419629,0.17176014240548174,0.9851020254748285,-23.749287788100599,9.8424770022882324,-6.4623991699498005,0.1780550562265839,0.1285465413992317,0.3777777777777778,1,4
0.044335277332675137,-0.93536850287123097,-0.35088480591252014,0.99790437215778949,0.024894610644798407,0.05972539149484285,-0.047130109401561419,-0.35279742373956752,0.93451202806091316,2.6896331759307253,18.263660057354933,-2.4814613291422734,0.5963958105546775,0.4094278682146801,0.5377358490566038,1,5
0.97397414538234284,0.15726234977592826,-0.16322658322003725,-0.12419196659428074,0.97268899709965551,0.19609301454848158,0.18960674977484102,-0.17071809588974321,0.96690465516285551,-7.2214866302976022,-10.870847237804979,-1.2557127659104839,0.4933815137797095,0.3590982691696956,0.3404255319148936,1,5
-0.1120424940926282,-0.87755718667002514,-0.46619723684433734,0.98912646592413067,-0.14346761313560144,0.032340043129447875,-0.095264442085935222,-0.45750456621214741,0.88408950789447294,-12.371329867445331,22.57219795764296,-5.6231739193329116,,0.2513748397498037,0.2105263157894737,0,5
-0.95359767680347107,-0.18143899951569223,-0.24027351133607475,0.22315179261495657,-0.96165127145197971,-0.15946820864210404,-0.20212557544198501,-0.20568597805765687,0.95751685634390304,-13.209512839257524,-6.365906287163912,-2.9322319980398861,,0.4005815076504032,0.2432432432432433,0,3
-0.60343946917178937,0.78810968889959021,-0.12142456632930346,-0.79349101323811166,-0.60854816013101121,-0.006414726145000868,-0.078948204260916269,0.092478403228815564,0.99257993430263558,-2.3438346335381852,22.067587408155564,-3.7371984563000722,0.1851703998131542,0.1941844547179647,0.4242424242424243,1,4
-0.10926744371259185,-0.91027279548253115,-0.39932951750269396,0.98793400438867041,-0.14381005265048968,0.057489753254219997,-0.10975895734327676,-0.38822945091927563,0.91500320476041808,-15.787479952701259,27.140580511321723,-6.6582940729794498,,0.2308037847704811,0.3636363636363636,0,2
0.55520002985243877,0.81785693145217897,-0.15120504795633111,-0.80754002629003463,0.57359305920471315,0.13736851302852535,0.19907795656812571,0.045837125867619205,0.97891109151998834,-17.832329804790763,21.529976249426923,-6.5099805678594516,0.2492050251212894,0.1721965140734294,0.5925925925925926,1,5
-0.66933544110212773,-0.69948346345654522,-0.25042554110045601,0.71479935400760441,-0.69820218161233027,0.039693791732390224,-0.20261281004648171,-0.15243555340739531,0.9673217930256971,-28.109722130837671,18.173670860047874,-8.0926551842935037,,0.1113830079469266,0.4615384615384616,0,1
0.92880627761113532,-0.26355586105825851,-0.26049415880588722,0.31565462452461018,0.93094208171610771,0.18360010486464118,0.19411609074565198,-0.25275511585706795,0.94785747595390413,-11.303769216512496,1.8047082660158904,-3.3778777208261475,0.3082934181559381,0.2499094493696362,0.7609699769053118,1,5
-0.9477981931620777,0.27342006536783131,-0.16407331560296962,-0.27358402618422678,-0.96159543798081648,-0.022045277755336653,-0.16379977306311846,0.023993363847791577,0.98620178099400035,6.3188426398501569,3.4690452443091684,-0.24800204815134996,0.7172923700387855,0.2648106808361908,0.1805555555555556,1,3
-0.14224066234093191,-0.91122629473354932,-0.3865672435204256,0.9855555034319643,-0.16664326250726669,0.030172383331484531,-0.091912695705113678,-0.37669173450860477,0.92176753768025399,11.337848914685813,4.843207678049323,0.59906358906439772,,0.448314949597732,0.3636363636363636,0,5
-0.98017876026282991,0.0832882605707541,-0.17975723512760289,-0.07148877956685748,-0.99489973464200321,-0.071160890981727953,-0.18476729235896541,-0.056899768544083518,0.98113376458766655,-6.5081597377810825,20.249447262563326,-4.3802190019561111,,0.1859672279483015,0.5428571428571428,0,5
-0.30808579226374738,0.94702582205458175,-0.090693092168381992,-0.94951675002609381,-0.30015986783219845,0.091224970062159821,0.059169975706466607,0.11421972730137621,0.99169187143492055,19.673658900053756,4.9435781371221141,2.3841869017830688,0.2948177624207537,0.2623378167844796,0.25,1,5
0.52535316791403697,0.85065273935494945,0.019848576538519107,-0.83560247480852989,0.51137632892807905,0.20065581054607146,0.16053832270378759,-0.12200068540775058,0.97946070860626822,-14.162769064397496,15.361016112442789,-5.2350935103477285,,0.4044695490959281,0.3043478260869565,0,5
0.9140990897164295,0.3949122184967368,-0.09201735630618546,-0.3504665911935082,0.88358509751329561,0.31056487874455641,0.20395102999689954,-0.25163806376302517,0.94608787236112379,-10.077390488158628,0.76267620162778105,-3.0776675786880299,,0.3951658898246743,0.3383458646616541,0,2
0.93364394435437081,-0.24990203855887178,-0.25662805048266479,0.29909241279637783,0.9381127127900355,0.17460889642100688,0.19711091745018633,-0.23977804158396346,0.95060705709357374,9.2710178791043472,5.4649012824895387,0.11071696133842159,0.3862777042005323,0.3400870626442319,0.7228915662650602,1,5
0.91467068555918407,0.38761077119449172,-0.11460989064083882,-0.34745999309916786,0.89887503669052349,0.26701165070112143,0.20651656150105666,-0.20440537778792164,0.95685388192615828,31.709952072911989,0.11357992116618547,5.6435659098478839,,0.4687049227750402,0.2941176470588235,0,3
-0.20609008872728155,-0.91618326333583,-0.3437078749631558,0.96728949886257654,-0.24383489508143516,0.069968345205592988,-0.14791180047097233,-0.31804523565671067,0.93646640482053611,17.763876731456506,16.761077843342981,0.85297179983702143,,0.5487695659665576,0.5272727272727272,0,5
0.96391125802863009,-0.12519870792877363,-0.23494759028053377,0.19602469178828494,0.93092154728306842,0.3081548198769668,0.18013718898376271,-0.34308942906633477,0.92186779790161066,-6.8813103266214855,-4.7163234090165025,-1.8979878436711939,0.8109488714925772,0.6818436476757215,0.4137931034482759,1,5
-0.84127254055044765,0.53050393678639551,-0.1040484770188059,-0.53130184730999275,-0.84689171021031129,-0.022198608561010115,-0.099894241880030765,0.036606068229077041,0.99432446223957682,3.7301147615684482,10.537904765994368,-1.6329560582572407,0.5594775093069616,0.5540256210843639,0.8233082706766918,1,6
-0.34747066120639575,0.93734669075225219,0.025403167845618531,-0.93736914536187343,-0.34793354985167702,0.016772901095588807,0.024560637702269007,-0.017984054698897859,0.99953656704106908,0.67935156794731943,-5.9070245286593925,-0.24159462987541788,0.4834649364351776,0.1644284348209496,0.4150943396226415,1,3
0.86748985392283195,-0.43885983928090655,-0.23422936367432695,0.48027304452897002,0.86155627751827646,0.16449493417039981,0.12961155828018281,-0.25519173602447837,0.95816388046356415,3.7877535335179866,19.372365993257041,-2.3846668436447538,0.3406948431351052,0.2617594670951119,0.2142857142857143,1,5
-0.41470585620491035,0.89917665584313455,-0.13964381266675696,-0.90992512191500186,-0.4085253512805434,0.071716872973358742,0.007438100383870304,0.1568068204762301,0.9876012837753978,-7.8891648494488651,-18.867586224641791,-0.52940177701850699,0.2210076901172436,0.2048855942236699,0.8518518518518519,1,3
-0.60355058061652733,-0.74367164321455326,-0.28753988195730201,0.79214627202465049,-0.60031559683549074,-0.11011570239297208,-0.090724750508897972,-0.29423404166515976,0.9514175468060716,21.615177819958035,-7.4477585651428946,4.3452700195516583,,0.3644684633306603,0.9043478260869565,0,6
0.83337421090217589,-0.46921861144478866,-0.29209813295705861,0.53886540113335812,0.80730771574187365,0.24057915862564358,0.12292885773714912,-0.35789404406536551,0.92563510583705566,8.6127345460053242,25.155739622664445,-1.8509572455143732,,0.2041112360872687,0.55,0,5
-0.89092309996259245,0.4336868418924435,-0.13480264508681467,-0.43455991474889105,-0.90031142693894017,-0.024433890738161563,-0.13196101866263205,0.036811108276261023,0.99057116446068239,-20.336766839567812,13.607164558377704,-6.1705817984255749,,0.2629703541089974,0.631578947368421,0,5
