axis_00,axis_01,axis_02,axis_10,axis_11,axis_12,axis_20,axis_21,axis_22,location_x,location_y,location_z,dbh,dbh_approximation,score,reconstructed,number_clusters
0.70386998268090673,-0.64653826160369443,-0.2942028615823668,0.70651127921818624,0.68009889839908411,0.19572250952262607,0.073544951004554715,-0.34562083947416322,0.93548777410659545,-13.478509867278714,14.178772259439635,-4.0269661581926641,1.041576337004048,0.6658507335658428,0.3195876288659794,1,1
-0.88002856075504921,-0.42651245765556051,-0.20889436497907116,0.44955706902475817,-0.88994001900544495,-0.076845326874547343,-0.15312796591499692,-0.16153602086593857,0.97491432444986337,-20.364863399019665,1.2537603554106578,-3.914782161372639,,0.164783758664115,0.2307692307692308,0,1
0.92610725409288153,-0.33359282712111249,-0.17618507204041323,0.36121666099934474,0.91882890488365865,0.15898417332168674,0.10884795695384701,-0.21087737963954131,0.97143340122899469,15.265683918220441,0.95465680829677169,1.1568106143667038,0.5174760065694981,0.5232648760829497,0.85,1,5
0.97971157532109954,0.13775992518849292,-0.14555903336416592,-0.12961714003067543,0.98949244083422494,0.064063301056032237,0.15285491876978588,-0.043896611987582358,0.98727324549179041,2.3799422124606351,7.8669426112344434,-1.5530714057120316,,0.08120244815499,0.3125,0,5
0.55191260601591163,-0.75521063484837891,-0.35362320672239878,0.83157982297478183,0.53006395880918677,0.16585293965667935,0.062189013032483469,-0.38560225178730489,0.92056690689737719,-12.466047344247151,-8.1772360233415871,-2.1253052631016165,,0.4600164902903265,0.3,0,4
0.34602110670676928,0.93124594636252045,-0.1142382645911518,-0.93339812000742617,0.35401620834438491,0.05865555213335677,0.095064942434246069,0.086333722338611238,0.99172029580277044,-7.9038269059359081,-0.5648002475119579,-2.192731465517217,,0.146069222399449,0.6149732620320856,0,5
0.73748354407140371,0.66582307992507495,-0.11312669208887614,-0.66179029559615987,0.74586523958314999,0.075621749757060666,0.13472797363068814,0.019096350977595194,0.99069859316580777,-6.4058781598541268,-6.2483274678773872,-1.4116906061412327,,0.06893194910611064,0.1944444444444444,0,4
0.55366484674296768,0.8312965059042553,0.049003640196026321,-0.82255737985437194,0.53677302313916908,0.18781394643941329,0.12982524534232812,-0.14429428575453948,0.98098142937080646,3.071314822947413,-15.034632682446492,0.66673065347929639,,0.4377188179666188,0.1666666666666667,0,4
0.98767064776801339,0.084438033105578778,-0.13182150849832233,-0.043926315541620208,0.95771506856374766,0.28434543472486684,0.15025701428036592,-0.27504920652711701,0.94961611383145372,-14.514037095762969,-4.9147953515738338,-2.6848368761374157,,0.2124499071473805,0.35,0,3
-0.67566565338718088,0.73173213220123634,-0.089688413616854645,-0.73407341321380404,-0.67900245857868657,-0.0095856797743549028,-0.067912803251753348,0.059361165321556053,0.99592374367024561,-8.7756724761734102,4.2630911290210705,-2.7355344199990883,,0.07748523601811964,0.267175572519084,0,5
-0.95844667945467321,0.24233759946301414,-0.15050731054940281,-0.21397935517672673,-0.95963764555138142,-0.18250595825548588,-0.18866053694523105,-0.14271677240991903,0.97161675812659376,12.410248439488912,-3.1422984134581138,1.0643232797270299,,0.3966559381465571,0.2105263157894737,0,4
-0.020881119838316746,0.99261783183059094,0.11947308804176728,-0.99866259670000856,-0.026361452475366226,0.044475743678844722,0.047296900392046218,-0.11838460100590384,0.99184075811491967,-19.377946387881291,20.831571844901315,-5.2211653412355421,,0.1921625683931226,0.3333333333333333,0,2
0.43685803826868752,0.89352248359861375,-0.10379126024766214,-0.88560333088106447,0.44744701641516349,0.12449059335360013,0.15767623388576013,0.037533169396314355,0.98677731351235942,-14.378262712434701,17.488995286884006,-4.334913602918653,,0.1565972061127974,0.1,0,3
0.7796954043634623,0.62484030840776683,0.040616073214744079,-0.6090570832250205,0.74174643510948268,0.28082324578959972,0.14534285599206137,-0.24369410126480756,0.95889970237810052,-0.45712078643118187,-4.5274039891506259,-0.69797363021726189,,0.7084846982770407,0.3201754385964912,0,1
-0.62184515544289964,0.77429879746063845,-0.11734553635825475,-0.7811771851573649,-0.62388621241518172,0.022982587927734336,-0.055414872027401425,0.10595926674552467,0.9928251738090339,-12.56744264756132,-6.7149871587361929,-2.2708109186349485,0.6516661994928163,0.4990516256753319,0.5494505494505495,1,4
-0.33976962019012069,-0.91560975211042206,-0.21497764310772546,0.93644284794755106,-0.35057560527957893,0.013097232941991431,-0.087357871561417388,-0.19686423449460863,0.97653114412859887,16.962993158672383,2.3189593993058053,1.2569761183840524,0.3994988626420115,0.3145719997640538,0.3,1,5
-0.67290820391761175,-0.65160171245134602,-0.35015676122395217,0.72617960358626521,-0.67206411868835914,-0.14488962594656091,-0.14091746675153152,-0.35177411602065484,0.92541733226810596,18.897132834812442,5.0185820829576286,1.35228159497668,,0.2516073326109125,0.3157894736842105,0,2
0.87837098016383885,0.46243510985064112,-0.12090570864704044,-0.45360660637019673,0.88621568182408805,0.094142508710892359,0.15068333638239792,-0.027848419461301475,0.98818975792616703,0.67750472889298174,1.2885790745156631,-1.2667823179873408,0.4053216067560707,0.3345236684785494,0.8353196099674973,1,5
0.72997332189478281,0.67560492145274265,-0.10342600944989655,-0.66998885442786194,0.73724181247664944,0.087117420063882928,0.13510693640349397,0.0057008810704456082,0.99081462226325856,-13.037102040867866,6.8023150451444181,-3.420354326316442,,0.09739155327597858,0.2093023255813954,1,3
-0.74557978864681773,-0.59440373349316311,-0.30132205423891228,0.6482834163154636,-0.75167602340942463,-0.12129207707739163,-0.15440010003792223,-0.28577501192509025,0.94577653368409198,9.1652728260510461,9.7798091769870847,-0.52851005991373279,,0.4071592783143359,0.125,0,3
0.75329446559903956,0.64445415790199112,-0.13124894841747953,-0.64358985429827387,0.76341624275927467,0.054660220779285507,0.13542358562002937,0.043295249787349881,0.98984138820503276,-12.017525605105439,8.1593824994344164,-3.3756963571136862,0.4329365674042712,0.436648466600971,0.8641025641025641,1,5
-0.83528809505477142,0.53155702916164793,-0.14050239502803394,-0.53953776438972123,-0.84163526287258172,0.023432564664191559,-0.10579602571511081,0.095379290405427253,0.98980300661527809,-15.183846330979462,-3.5323158490370359,-2.8713124262667393,,0.07467925446102755,0.4411764705882353,0,4
0.73054302437887764,-0.6155265721500417,-0.29569228686014581,0.67829836546574918,0.70409965450979584,0.21013092091760216,0.078855671564296931,-0.35407727334073008,0.93188575885981761,-14.206823046741887,-8.4716782234296275,-2.361037305416581,,0.2551148116454591,0.2631578947368421,0,1
0.57897863717321152,-0.79795061847851079,-0.16750686005896351,0.8138210883193886,0.57811647382507303,0.058962521135970072,0.04978929507129836,-0.1704586552857498,0.98410612889793403,2.6175160618779292,-2.5482973360452208,-0.46913734426414455,0.4917648051992599,0.4336741997217641,0.9878603945371776,1,5
-0.97013935005288832,-0.18126207807779493,-0.16116358313799875,0.18374562023839255,-0.98297369334029128,-0.0005150185969837154,-0.15832620920797572,-0.03011274235047626,0.98692757293834177,2.2666563421737393,-7.4949310839857892,-0.088575247401770238,0.8662818991098775,0.2956049988871445,0.625,1,5
-0.94125568543866722,0.32912511051004334,-0.075593625797000019,-0.30292663841452699,-0.92184975063800023,-0.24171985641963994,-0.14924203954737253,-0.20462086619015349,0.96739708225285226,14.311706269599394,2.5269000222374713,0.76645829101999252,,0.3676937717774627,0.3103448275862069,0,2
-0.90640544641785881,-0.38105178444038601,-0.18228742216302365,0.39293182779498204,-0.91898316238993372,-0.0327799626218791,-0.15502820843232815,-0.10133846662839741,0.9826987177012434,0.7106309330836641,-9.5591149644852536,-0.12632570803939505,,0.08318031953784974,0.4444444444444444,0,5
0.77204531940122356,-0.60988406712661469,-0.17885035492210458,0.63005708519758763,0.77139881885698836,0.089285674429685782,0.083511042281745052,-0.18161852034179554,0.97981662513241441,-13.447165697687902,0.26705642810662283,-2.9625716956393786,,0.3009992211548294,0.2545454545454545,0,6
0.8323530183926624,-0.5195386538810074,-0.19304931985411519,0.54466165973688574,0.83123294731426656,0.11133491685855031,0.10262616228470552,-0.19781651706252959,0.97485203820475463,-10.605744659056624,16.478731418212679,-3.8617599355130201,,0.08867929306020125,0.25,0,2
0.78533985952902063,0.60586810153991222,-0.12714223755841655,-0.60164220791683265,0.79534913771581695,0.073799747883482508,0.14583538215363584,0.018536252888040877,0.98913520240711972,-11.368402094132916,-4.651918806316079,-2.3077003946031893,,0.0844659242380542,0.2666666666666667,0,5
0.97574222753225071,-0.14467740903214621,-0.16430323407087005,0.16672302256981228,0.97747661750221138,0.12939434292743171,0.14188213120611029,-0.15364865620037493,0.97788626705370563,5.3919608432697608,-3.1422990370631885,-0.056206678382075215,0.8256677996695299,0.8567820688779836,0.9304812834224599,1,4
0.29998156814852256,-0.93973471650103346,-0.16404182812281692,0.95394071499209998,0.29602690073044352,0.048633181309569076,0.0028585051188623383,-0.17107523680138703,0.98525382125715955,5.8140158690358419,-6.9091950897544061,0.4748957592839238,,0.07603222954071336,0.358974358974359,0,5
0.95462644494253801,0.26571894611186847,-0.13446855503637131,-0.25517048959989369,0.96263205755753445,0.090705804664853104,0.15354599263322441,-0.052277752818439861,0.98675765246920288,23.250451415168438,3.5968463410203175,2.2957386858689461,,0.1479988829993918,0.3076923076923077,0,5
0.9258271069320726,0.35042092028928729,-0.1415957156604539,-0.34401668207903652,0.93648058900574582,0.068239496384288376,0.15651418632545192,-0.014466687217851331,0.98756975674623659,-9.441405506793398,4.7140618018465519,-2.8372758042915409,,0.08407350497419355,0.5714285714285714,0,5
-0.77066077418483114,-0.60825471013150478,-0.19002152176971351,0.62292918261540264,-0.78192659213240256,-0.023452888144434567,-0.1343175512691655,-0.13644417216960264,0.98149976225265001,-6.3165005807168733,-7.9421612387451601,-1.2629234369068494,,0.1973058397585878,0.391304347826087,0,7
0.96995387301290037,-0.18921962688638586,-0.15292291204476227,0.20454463241797771,0.97457242964466384,0.091488101551456605,0.1317231094996909,-0.12001879926691555,0.98399416169317733,-6.1061581312230331,-10.714836897662051,-1.0199805407896383,,0.09708302639544812,0.3103448275862069,1,5
0.44768559040346845,0.8936547006454354,-0.030965919321341358,-0.88762764847331543,0.44832113374181237,0.10547662635005295,0.10814235900344824,-0.019734159591272886,0.99393953193058771,-9.1147979961988348,23.218810405474525,-4.096780986018584,,0.5377834393562666,0.25,0,1
0.52532434518166982,-0.8120670769319549,-0.25412869755822265,0.85077008865818926,0.50653092115342224,0.14005956647084275,0.014986280525351859,-0.28978179459492359,0.95697540350698618,13.328201933983781,-0.54690378611489088,0.99846454233683157,0.3284544869353956,0.2630984417284965,0.4583333333333333,1,5
0.13035247567567682,-0.96895072773485003,-0.21010168801636975,0.99113027066617776,0.12182041496976344,0.053109067641840306,-0.025865394920878606,-0.21516104135902603,0.97623598972117798,-6.0663445915312213,0.9850353217326151,-2.1115521207163042,,0.7180045926133007,0.5954198473282443,0,1
0.77078852159151778,0.62660360761602329,-0.11512156142680846,-0.62039607897182258,0.77933004124472549,0.088053347522292061,0.14489223643504753,0.0035504557564141723,0.9894410715574582,-10.283803230663205,2.0162846482058265,-2.6594975721847405,,0.06984592289074563,0.2923076923076923,0,3
0.98859330931446776,0.0085424291676466334,-0.15036720281559318,0.0044555171968973231,0.996294416881079,0.085892859179909631,0.15054373831275131,-0.085583069561142602,0.98489193369593342,9.0155227740185691,-4.298937510142772,0.7300577572538739,,0.0936083703777119,0.4117647058823529,0,5
-0.80472746093109793,-0.54273243402954374,-0.24053111789487067,0.57457759914042761,-0.81394672619250708,-0.085739777737774414,-0.14924575769317946,-0.2072009458783137,0.96684718122241076,12.370738750171155,7.451902501273433,0.11070383738109547,0.4196254210908658,0.2826989801039872,0.4375,1,5
0.32063401550453247,-0.8719550799621365,-0.36998400861343089,0.94697489975615323,0.28651617169075638,0.14542015882090104,-0.020793444478065311,-0.3969922189261359,0.91758640507520606,-19.442438525894762,17.944383886017455,-4.9783140108940538,0.482790757216043,0.3980005532762079,0.5151515151515151,1,4
-0.45514002187383557,-0.87344961051159276,-0.17301253823301893,0.88369860881212658,-0.46692446720479602,0.032531687767924908,-0.10919857724438051,-0.13808446626128751,0.98438221789360791,-7.2856492265495918,16.517555128717575,-3.4275875273365388,,0.0700553562902865,0.2244897959183673,0,2
0.0069812644607574279,0.9951945945932803,-0.097667706222917816,-0.99877010524211085,0.011733963505487468,0.048172512651047841,0.049087053498783603,0.097211280172463013,0.99405252788071474,-1.8687603731519606,-12.573549921255555,-0.28229554851481448,0.351962645654229,0.1980533233111919,0.375,1,5
-0.59859389902874793,-0.73044370359081823,-0.32884242416405224,0.79181176577839529,-0.60170849299011797,-0.10479034802147216,-0.12132382956559414,-0.32310816354293859,0.93855295163962305,-1.3559246255531685,14.027990181070367,-2.5734770468845398,0.3312185804992905,0.1695253121639897,0.3375,1,5
-0.64128195299423651,0.76729996581266335,-0.0028669195634942863,-0.76729159791711088,-0.64128835373506532,-0.0035848472179893609,-0.0045891752749709549,-9.9134532164793043e-05,0.99998946476582451,3.0424577283686829,7.1629911871173197,-1.4003946211324656,,0.3156513657472824,0.189873417721519,0,2
-0.55330485821075492,0.82223945993605485,0.13332668301747824,-0.83180624317213492,-0.53691252993597582,-0.14079527342070319,-0.044182662892101945,-0.18880467611215723,0.98102022740509676,-19.536436012958031,19.314546877282336,-5.1180585375670473,,0.5679004248416986,0.2264150943396226,0,2
0.94210981307318475,0.29911588149209778,-0.1515215811375239,-0.28920858671327432,0.95355617799426962,0.084196251580887865,0.1696687758030935,-0.03550077250098907,0.98486151395478605,-17.916234352475549,1.7413713328578593,-3.6698087389676344,0.2587310417046328,0.219646473145916,0.8958333333333334,1,2
-0.093730488376334464,-0.97919580452668364,-0.17997269777961686,0.99377232614409339,-0.1029584466439005,0.042615983560528363,-0.060259101709949053,-0.17485746956311174,0.98274803790142162,-8.9835591291967294,-11.489004621131675,-1.41159244477215,,0.08327655370986058,0.2608695652173913,0,5
-0.36155326577299879,0.92397367047131995,-0.12470722627271891,-0.93228549295655749,-0.35987015047709719,0.036568215957839316,-0.011090339563192051,0.12948409582395587,0.99151947701344967,5.9467191029083288,8.1665902554528227,-0.97545388165062774,0.7199369704383953,0.64689509012639,0.979296066252588,1,5
0.19700024897237103,-0.95742811103918202,-0.21100311395040733,0.98023689212019072,0.18838410472779477,0.060390929885687519,-0.018070341208029146,-0.21873006486958302,0.97561807152736468,20.526796611524588,3.7578000005332552,1.7892621280370562,,0.09775584662629572,0.4,0,4
-0.98777794474834446,-0.010201612950959548,-0.15553346572984042,0.024797978903159917,-0.99543185361958519,-0.092198075043869121,-0.15388239701491224,-0.094928140678490647,0.98351860988812467,14.734683547922643,12.932305154532317,0.30740611151958941,0.4686845174388912,0.4656583156862721,0.4827586206896552,1,5
-0.93217262727834516,0.33266956781797036,-0.14277657931464707,-0.33987395142212917,-0.94003225862183715,0.028723681780635887,-0.12465909552734253,0.075301470092766623,0.98933806077810038,-8.1358943279288258,2.5919715133942547,-2.5037769964985421,0.2890575746707164,0.1993997451584668,0.8359046283309958,1,5
0.45737788365835441,0.88742513662699873,0.057289601349259728,-0.88414848354619302,0.44689203153025164,0.13626801237902975,0.095325393170821129,-0.11297848926816498,0.98901412041462322,-0.9631248710533058,17.293422566768033,-2.6048433385388163,,0.5907990485643813,0.2692307692307692,0,4
0.7998053000063533,0.58435147842740831,-0.13727647919964642,-0.57986049625385672,0.81126230742362793,0.074935128197148315,0.15515568621864767,0.019667694663954485,0.98769423144039215,-6.2068755260469004,20.031641645727024,-3.5132018092371182,,0.07509134145956489,0.1923076923076923,0,2
-0.9289482774723522,-0.33507973500057242,-0.15740606396545287,0.34253461317704537,-0.93924583911262505,-0.02207470238242349,-0.14044620520612836,-0.07442328198599478,0.98728721177863488,3.6586301453886345,-9.9591879104066443,0.34848687550880114,,0.1388518479008233,0.25,0,5
0.4001939688995364,-0.86153397613507476,-0.31241638116674869,0.91635252164500691,0.38063530227548042,0.12415644460314025,0.011951708299479509,-0.33597019901554365,0.94179678383512322,-2.0356665500199478,-8.3983082704473073,-0.60978942942774295,0.6705387173237244,0.3534846134868448,0.2083333333333333,1,4
-0.70488512966305839,0.7038263974210508,-0.088121258917453496,-0.70461206447319569,-0.70907269474397994,-0.027161593608075605,-0.081601425102217282,0.042945498737520314,0.99573936929272366,-12.334184421543711,13.912619084842834,-3.840430166995989,0.451414718902338,0.3425576372905135,0.4135338345864661,1,5
-0.96518621367449309,-0.12260257961166078,-0.2310501685895554,0.13915438025940696,-0.98864644158278558,-0.056694550005410037,-0.22147602892258111,-0.086872441074611992,0.97128860159811503,1.8061476546659523,4.7459232645644409,-1.4451017570583569,,0.2795671930942033,0.7207890743550834,0,5
0.95894905622989091,0.24354951970556635,-0.14525955736883492,-0.23702528837219194,0.96959187223547305,0.060914809094258622,0.15567825868720767,-0.023984010217198221,0.98751660594950019,-7.9376029292007431,0.73168205670413633,-2.2548511561073008,,0.07398346524664383,0.3919597989949749,0,5
0.7995076034990185,0.59837316255760009,-0.052317781662374579,-0.58823575547353157,0.7976209873472907,0.13333962848911915,0.12151661585865289,-0.075830857003918936,0.98968853342670959,8.7595158355824232,-11.43501501421088,1.2536513657212871,,0.1007383601054465,0.3333333333333333,0,3
0.98758569506848437,-0.042674593678553453,-0.15117332420261884,0.062199149265088606,0.98996627098768564,0.1268780837553776,0.14424202136270473,-0.1347058326914902,0.98033085124976782,-14.801946520486887,19.776829900110926,-4.5772435050989912,,0.1355287071265663,0.2857142857142857,0,2
0.5764668002043899,0.81503092367397645,-0.058400528398795767,-0.80802957296736133,0.57922697762544251,0.10763046781037615,0.12154932115111625,-0.014856037360001913,0.99247421159527494,-9.3205862648942794,-6.1820617433946978,-1.8534198388989256,0.7528841310750326,0.4354800782064056,0.2407407407407407,1,5
0.78063097012302052,-0.60364824129592665,-0.16193853545443601,0.61902386412988053,0.78249422377824018,0.06717324907581472,0.086166954933455109,-0.1526813365609071,0.98451189192587796,-8.0309431073943038,-9.0034016355890856,-1.4486722379467545,,0.08051235146806081,0.3181818181818182,0,5
0.14336832329868962,0.98782946892501078,0.060319683336813555,-0.98330103233278254,0.13527770094177907,0.1217334113593752,0.1120919430102212,-0.076765121971098665,0.9907282737264318,6.4735756242929936,13.820158296766412,-1.1644902064344935,,0.2682546808930883,0.3684210526315789,0,2
-0.40016627959304113,0.91500658395407153,-0.051282550612907582,-0.91633104040797952,-0.4003635602772897,0.0068149825328903289,-0.014295910656357316,0.049718919163578686,0.99866093145557244,-13.017292983999047,-14.202638253152921,-1.7497982803458785,,0.124490522057968,0.1818181818181818,1,3
0.73011013337665642,0.6816020678868675,-0.048557328932586422,-0.66718604628517086,0.72641416837885375,0.16487945784972877,0.14765491113770393,-0.087983390653035329,0.98511773417501325,14.698257557752827,-7.7668029229298874,1.9225778646894951,,0.5784846535138205,0.15,0,2
-0.76421663863804645,0.6333575768530636,-0.12178304098511039,-0.639235212540055,-0.76891009656309417,0.012474231527583274,-0.085739560750194274,0.087381023375493652,0.99247835466382583,-16.290941645999563,-3.4595050435309553,-3.027874842055466,,0.06885977119658102,0.1578947368421053,0,2
0.27733111884105688,-0.90217751950883673,-0.33039850758629452,0.96032319814004341,0.24975666281694869,0.12410062245057626,-0.029441563077510308,-0.35170631593905766,0.93564729556181014,-2.5349132733418949,16.214501301614188,-2.8144438720695977,,0.4256886048709864,0.2549019607843137,0,5
-0.17616921546078282,-0.9221785580289581,-0.34431252465683487,0.98154087547571289,-0.19102108648555105,0.0094050139952117102,-0.074444054794878228,-0.33629994295198856,0.93880798413529998,-11.671694019324098,-0.92982718607866377,-2.634625834610385,,0.2038188882644002,0.1956521739130435,0,4
0.59027516274611691,0.80205236348083608,-0.091034270908541395,-0.79147173105234114,0.59723566513264459,0.12993097874863505,0.15858036193064909,-0.0046439776455418037,0.98733515195275612,-9.5336417256277013,-7.3184019305369254,-1.7918206989334922,,0.1421746276655651,0.2142857142857143,0,5
0.42556704970309639,0.90492687374426051,-0.00019845010019796619,-0.90001516284331351,0.42327997836273068,0.10395559902848167,0.094156215191173662,-0.044061469479423007,0.99458191922444861,19.444444649531118,0.29572269128477946,1.9232183630222199,,0.2339854099912541,0.25,0,5
0.93119174467122667,0.35332996232667563,-0.089665335433425378,-0.33033821930450757,0.92193162774509796,0.2022837972503054,0.15413823511019525,-0.15874511483981332,0.97521351148946356,-3.6650097499190868,-5.2119110840711063,-1.1248037797699848,,0.1126910488892201,0.3157894736842105,0,4
-0.42571320644823807,0.9046771012841256,0.018099952146638933,-0.90396126254319731,-0.42431575775121494,-0.053011070026170906,-0.040277806256884298,-0.038929168192540428,0.99842987644950221,3.8791297905368531,-4.5951273951086282,0.030850071237335169,,0.21548842626588,0.1746031746031746,0,5
-0.61860236641297472,0.78438861207593236,-0.045449065049364301,-0.78242675254004024,-0.62026843417802724,-0.055456708088252579,-0.07169023070066903,0.0012549135156885278,0.99742615566975856,-9.8332601530562975,-13.883237003479506,-1.3756477347700156,,0.3929459670645388,0.4848484848484849,0,3
-0.96654309746670009,-0.15976257472028041,-0.20067476288319011,0.19798327527481283,-0.96207705934091792,-0.18764422346928461,-0.1630860614857548,-0.22109647579434638,0.96151925874648259,-15.956542752638777,10.001821876301372,-3.9679466861653787,0.5070121371343577,0.4473285941403565,0.2857142857142857,1,5
-0.091943526749526217,-0.9831924576000286,-0.15773071738655117,0.99402196543743893,-0.0999900605310442,0.04384427012609815,-0.058878859676044212,-0.15275660088328435,0.98650833791196835,1.2057174218415747,-5.9984689651093355,-0.32979118777295413,,0.07762185963091479,0.3829787234042553,0,5
0.085220660708691456,-0.97109314863183738,-0.22296980887258963,0.99578640779192185,0.075405155145747652,0.052187092602546108,-0.03386545504249245,-0.22647772353534196,0.97342743524980568,-10.850965337688258,-8.5247327470339425,-1.8739077099548196,,0.07461011633236089,0.4242424242424243,0,5
0.61227310047735228,0.78509847354715978,-0.093498862376877878,-0.78106958661375525,0.6189627736194806,0.082555349555904864,0.12268639410655149,0.022482697951978943,0.99219079666863075,-9.6448500879073844,19.061968195923814,-3.8802829229510061,0.3260073071272853,0.2825562113876448,0.7484276729559748,1,5
0.10671973321116365,0.99012371005561339,-0.090917200402598833,-0.98939818520594736,0.11480834215274047,0.088939730623144309,0.098499389107325322,0.080461688758362016,0.99187891750335955,5.1157405444654476,-8.1275727388505743,0.4200325039363475,0.08261903884909,0.1370137688200393,0.2307692307692308,1,5
0.73702404561978019,0.67476806230816455,-0.038517765604180826,-0.65429744560011049,0.72662621584219822,0.20954521023401868,0.16938243373922832,-0.12923778294188445,0.97704001279417596,-16.788989304344135,4.4019371585593445,-3.6758767134776842,,0.3784105769161166,0.2241379310344828,0,4
0.66886609475475645,0.7417685517714695,0.048964914891970857,-0.7311580860142175,0.64454180979034059,0.22354800085936449,0.13426094198815716,-0.1853247717792986,0.97346223779939367,3.6625764169784811,9.1049632868501185,-1.3986232404236467,,0.2825089993277113,0.2602739726027397,0,1
0.97444036705425841,-0.16704456988622174,-0.15020679986834595,0.19318007412165095,0.96437121401741366,0.18074739427425507,0.11466224320810924,-0.20514451795284899,0.97199192215592878,8.7661526410392803,31.267389703821653,-1.7186682552141643,,0.3580642213270916,0.3571428571428572,0,2
0.15574637517206238,-0.89947287088782713,-0.40827885220468263,0.98744357211471445,0.13071270531358212,0.088709529132653439,-0.026424581550056954,-0.41696851584551869,0.90853673469127771,-4.5233280246416818,-8.9564913538455624,-0.9314039216779767,,0.3140524557451023,0.1538461538461539,0,5
-0.50596298455548994,-0.8245342637170967,-0.25326805210331182,0.85566551021765302,-0.51683502347700494,-0.026797259775704942,-0.10880254079599389,-0.23027115855883595,0.96702492245665861,11.119076562357533,14.654155219745698,-0.43609976869672823,,0.2386836170100486,0.5,0,5
0.14338359837007067,-0.96935521595801077,-0.19947834221651298,0.98949820989762971,0.1366922551689958,0.046994893192772218,-0.018287600384855513,-0.20412175942758323,0.97877467836083254,-6.9193008325294274,-13.79612589347628,-0.93947961881806075,,0.5306894821577599,0.6727272727272727,1,5
0.39044515772774985,-0.8321461680391794,-0.39380875285430511,0.92044493396361848,0.36133843070402666,0.14904919334589464,0.018267521661767545,-0.42067480732040741,0.90702756525823147,-3.3285352354461182,-7.1766167454442673,-0.9159051292705489,,0.4359513957387834,0.2,0,2
-0.15223608159723673,0.98364893672345544,-0.096223410575261223,-0.98811762690226501,-0.14939378194933919,0.036125521725080462,0.021159651815553168,0.10057965598315155,0.9947039770390762,1.0595144195811186,-11.481469098503444,0.080635366487809251,,0.07519256869258854,0.2352941176470588,0,5
-0.63356829160581241,-0.75082425105280592,-0.18669269911457445,0.76280960910606033,-0.64652224569780048,0.01142305008883223,-0.12927768611462462,-0.13517370250483482,0.98235194814485016,-12.271616397561182,15.244397604989402,-3.9316181031910373,,0.07967382717872422,0.1666666666666667,0,4
-0.81497494089904543,0.56367619996024709,-0.13448043465490814,-0.57044357039984095,-0.82120139392419944,0.014913202420460943,-0.10202930312453937,0.088867385554698961,0.99080402153432612,-3.0757531271126917,25.314112973946589,-3.524607358035599,,0.1241130765794583,0.3684210526315789,0,3
0.44438995375850182,-0.88094161416351369,-0.16266358361200897,0.89553824703956264,0.44151975970274093,0.055421565128952702,0.022996023304592987,-0.17030024728995077,0.98512385448996076,-6.3571334109534465,-0.81745102888694887,-1.923686280880635,0.2754463903029128,0.2849888709932022,0.8793342579750347,1,3
0.89459839425766818,-0.37633244333684718,-0.24097220811479717,0.43185575794438097,0.86668207730679026,0.24972541161337994,0.11486651958637335,-0.32746918781361156,0.93785372724684912,-17.347122910535358,18.193886726091936,-4.7738728542618318,,0.303209549813677,0.2222222222222222,0,1
0.62952425493926989,-0.75816156768559539,-0.16997132030926976,0.77463190734604259,0.62941684253325247,0.061480455893739683,0.060370692927845894,-0.17036864623512796,0.98352931009473243,-3.5371276825183906,12.492870716560773,-2.7158834330562835,0.2107749406213373,0.1523469303231854,0.6933333333333334,1,5
-0.50881764478254354,0.85613404675577087,-0.090216951530920811,-0.8600588432904186,-0.51009692698374476,0.0099955569973365962,-0.037461853076056394,0.082677802748546039,0.99587197495299562,-7.9494737250401046,21.640479400707367,-3.8574129262702237,0.2980269647584837,0.3379873361579018,0.7864077669902912,1,4
-0.19757155299009421,-0.94428603425511004,-0.26322873505725142,0.97705484097156459,-0.2114800307827055,0.02529889946574285,-0.079557018440325158,-0.25219056701412168,0.96440167913892727,2.5239927105399773,16.506395517031766,-1.9561903865853214,0.1686723457279152,0.1522465129318135,0.4444444444444444,1,5
-0.53224773917382517,-0.82164753492311715,-0.20397958843746508,0.83846505493696921,-0.54490887958028145,0.0071179072843459206,-0.11699869996670009,-0.16724126676549739,0.97894926472048327,7.1598298858535285,18.332803930334524,-1.3057677339458487,0.2232830081162678,0.1668200498769011,0.4347826086956522,1,5
-0.90312546682694139,0.42714881417244993,-0.043683883981266186,-0.41312595425025778,-0.8921604894674694,-0.18269265709923682,-0.1170099871525197,-0.14694744497348447,0.98219911999672027,-19.388703626236833,0.39208947655106557,-3.7255868908864005,,0.2735303431936382,0.2631578947368421,0,1
-0.28072528520981443,0.95944368218744369,-0.025712544690661393,-0.95978649728371834,-0.28057416013489939,0.0093819132616194088,0.0017871417741779539,0.027312293481082762,0.99962535219405257,-12.153183605392911,16.45047317533453,-4.0125650851615067,,0.1624645290367946,0.2058823529411765,0,1
-0.9316111854960194,-0.32265966881392411,-0.16730611817740215,0.32801685486688703,-0.9446603552588666,-0.0046643461951525501,-0.15654246063588517,-0.059224583772969061,0.9858939632105379,-5.4711641359733525,-3.7295585432983467,-1.4931014710101735,,0.06799030714952872,0.3666666666666666,0,5
-0.89590511493268432,-0.41357007830378512,-0.16221533641815544,0.42333537469937671,-0.90549300304824565,-0.029488675094151175,-0.13468921844599402,-0.095090545074003344,0.9863146570298631,8.2925514649982244,-12.381728838122125,1.2686568535044338,0.4726219690885374,0.3149083931903753,0.3666666666666666,1,5
0.66524577590753076,-0.71542763567450773,-0.21356815247216135,0.74372206782257599,0.66016851291475753,0.1051428570547252,0.06576886399277411,-0.22878118950014817,0.97125363518495933,3.8487920172315873,-2.2601660035759821,-0.42229092067018714,,0.07290956181433474,0.3333333333333333,0,5
0.98860295030265422,0.03649769905638061,-0.14605521085013293,-0.025184268461042297,0.99659019886941891,0.078573075156144812,0.14842492807803226,-0.073999280273533086,0.98615117869626312,-5.7517072467773849,15.099471105065104,-3.1500887695988053,0.1622848729900928,0.1356570319836536,0.3564356435643564,1,5
-0.55843060435881064,0.81765892890874625,-0.1399611949479399,-0.8282932401038855,-0.55887856446451889,0.039812794178319635,-0.045668025068534152,0.13816159436645273,0.98935625804280369,3.1732934513363507,-6.5651444505876073,0.05008858507308122,0.3134814406254442,0.2860840440362493,0.8765432098765432,1,5
-0.56386660296186031,-0.7479503330706192,-0.35017817368277365,0.81714420032669011,-0.56673580664316348,-0.105289512017951,-0.11970718414826702,-0.34551530317494461,0.93074667086980212,-9.3879345525602584,-1.7541674277477253,-2.2874435125291548,,0.3287128979497143,0.1891891891891892,0,3
-0.5928638599621181,0.80279594428598244,0.063491065424957083,-0.80418496207759782,-0.58604557353870901,-0.09918231951279935,-0.042414505998199084,-0.10986017282738966,0.99304166685354411,-18.148580680385361,-3.8874972884502808,-3.2516410575032264,,0.3793724356740087,0.6953125,0,5
0.8360918761001469,0.53719346861327666,-0.11123646883362351,-0.52782741666560262,0.84299371744843099,0.10372950669212455,0.14949445787537927,-0.028013739873705857,0.988365639549876,-16.902629579476336,15.908709972107454,-4.5018581532851334,0.266566082900034,0.2304283889815883,0.4754098360655737,1,5
0.13599581360901447,-0.97289501900901088,-0.18703053405334302,0.99050856260524434,0.12972213281588421,0.045441783232958041,-0.019948084783138535,-0.19143523773107851,0.98130251383980971,8.0419061883927512,14.849212917425486,-0.95598403700979884,0.2849972823724636,0.331642133876715,0.9078947368421053,1,5
0.412077080686088,0.89918806567021647,0.14715061036055585,-0.90524121471301056,0.38566969558221748,0.17831777559859652,0.10358968461262472,-0.20668746567165719,0.97290773908736217,-14.632623371885614,15.460881658319106,-4.218438538547904,,0.5225804417007264,0.24,0,1
-0.58464859572097638,0.8048173559399745,0.10224990513090763,-0.80969087728663092,-0.57094463493657643,-0.13573101000120119,-0.050859637830963297,-0.16214575978091139,0.98545525003663914,17.080521412731393,-2.5428355750136595,1.831887152853747,,0.4523657300380942,0.6111111111111112,0,1
-0.97545340811342651,0.080088511704760584,-0.20512551984776986,-0.048819269607074244,-0.98698836166222803,-0.15320134744297478,-0.21472616867753491,-0.1394266984340794,0.96667102379705139,2.43319020050432,-12.330337614932638,0.3264260156535162,,0.203643076300047,0.125,0,4
-0.55101985525278818,0.8270709534102979,-0.1110439423929841,-0.83329336972243817,-0.55246505841368898,0.020112662891383356,-0.044713298847429944,0.10361465753907223,0.99361195828615112,11.232964800128816,-12.923687334386635,1.771733999951671,,0.1291138917486402,0.5,0,1
-0.86578085340845778,0.48284667331758702,-0.13146331783984574,-0.4820221851941851,-0.87523793030552288,-0.040164391382491602,-0.1344549249821054,0.028594674690275265,0.99050705082165469,9.2894347110231248,-6.1260112142474554,0.99053288451017185,,0.2371439889455887,0.1739130434782609,0,4
0.28087090009485099,-0.86607770225781255,-0.41354679436762298,0.95974393896287602,0.25266679694085531,0.12268276711777029,-0.0017632651339630568,-0.43135704859834784,0.90217957609369026,-13.767387477262773,-1.619044243119403,-2.8393065251043454,,0.1409149829373673,0.375,0,1
0.6324120338670205,-0.73984481466387964,-0.22953141317725431,0.77094031566660248,0.63002756716298691,0.093361096258380627,0.075538394873449655,-0.23599770089909097,0.96881321010310606,-12.749897596734048,24.179828309767618,-4.6034185555263401,,0.5698266051321276,0.3,0,3
0.68961303557640219,0.71515378329551083,-0.11396897560835642,-0.71054761703071601,0.69859169857021841,0.084212366198491512,0.13984257254166763,0.022906438546736105,0.9899087584106091,25.635661018785616,11.650455158470102,2.2393425916471519,0.6070829403913889,0.6222141142145085,0.7647058823529411,1,4
-0.70695744790518011,-0.6683726422346562,-0.23127727506968596,0.69549954088179922,-0.71636084954938473,-0.055745151054513914,-0.12841945134831145,-0.20026268834994804,0.97128950378877776,10.39990244458048,26.360447653202659,-1.1888548028102939,,0.303531365592588,0.15,0,4
0.98598504331942016,0.116709665522053,-0.11921555403608633,-0.069562677866690195,0.93709533425007463,0.34207216837204951,0.15163946781235946,-0.328985088568572,0.93208062060162611,-5.9576606872128934,-14.1189949997099,-0.77251051733076925,,0.3864798647002731,0.25,0,1
0.97003328997765959,0.22085357861164054,-0.10128728029496062,-0.20881872390322087,0.97090987572115361,0.11716976476277736,0.1242181825762573,-0.092507891779923815,0.98793326347273358,13.923407314514016,-4.486884909513706,1.4499225112289924,,0.177448980914558,0.3846153846153846,1,5
0.97168247865558643,0.21248416694504724,-0.10336169247552417,-0.18917336779705304,0.96166244822396629,0.19854161425808911,0.14158600774814029,-0.1733661283917832,0.97462689678480907,6.7603339885148195,-4.462944731901203,0.43090884283188846,,0.3404246412525532,0.25,0,4
-0.51188374689358374,0.8495678661659305,0.1273164185973415,-0.85905431256224152,-0.50608441749802224,-0.076839120465438351,-0.00084719206811933654,-0.14870441534788184,0.98888132711748811,15.104120994471494,2.8330724424810758,0.87983142842606665,,0.6333422800202042,0.2380952380952381,0,3
-0.1600534701328582,0.97873125747059442,0.12832775361728577,-0.98687519188290185,-0.16148312166142509,0.00074636758125203224,0.021453259531251628,-0.12652401775358652,0.9917315315078844,4.4130588546593312,1.9462543013109277,-0.84788191335335472,,0.1400393449233276,0.2105263157894737,0,3
0.98802853298568294,0.053967443494073009,-0.14452381481566612,-0.036034737763490518,0.99163488314816084,0.12394255200716642,0.15000371888881753,-0.11725090006668056,0.98170826152838142,5.8860118291287717,-11.984346176450209,0.84526767481298026,,0.07226186408502908,0.625,0,4
-0.12638103194248437,0.99197402401786161,0.0039205151400580627,-0.99123376635870097,-0.12643820003213227,0.038327561923223667,0.038515648709281612,0.00095772983935045778,0.99925753815423257,-12.794691958666595,3.6559520506813539,-3.156049979491613,,0.1284154570854366,0.1428571428571428,0,2
-0.38941902769629955,0.91883745143171214,-0.063957475829993449,-0.92089922116333101,-0.38971116487127444,0.0083565803678535572,-0.017246603400050291,0.062152601081129084,0.99791763630572772,-12.32045963636484,-9.1926598715924666,-2.0462498376781308,,0.1272300128393617,0.2,0,3
-0.62627953888910848,0.76972959578313294,-0.12365390630457605,-0.77667781092125432,-0.62975172595477757,0.013577248600046447,-0.067420450839596233,0.10454239825311987,0.99223251799972367,5.9488831497380801,-14.754230012057436,1.064673358192558,,0.08743532180107655,0.2,0,4
0.82478707946298868,0.55868387140206388,-0.087169979844647416,-0.53717755993966032,0.82232182383258545,0.18768880399726443,0.17654048444531495,-0.10797754342386798,0.97835285427495966,0.21530068028389077,-12.433541024859014,-0.012124593147767987,1.151949878154778,0.6388190091333605,0.7121212121212122,1,4
-0.45622945049512892,-0.83548955637492117,-0.30628726661314376,0.8829367644857693,-0.46787749920002047,-0.038901358096306606,-0.11080324192150243,-0.28818023341439142,0.95114394002638347,9.688903566986319,11.297533544384269,-0.5081775575623444,,0.1223593271694888,0.1428571428571428,0,3
0.76834052210159864,0.63960935073879821,-0.023510009445682677,-0.62356284026413178,0.75633507327778049,0.19780455295979185,0.14429908640865238,-0.13732128523061338,0.97995950849218294,-13.592118739703377,20.203293150049795,-4.4370516509888631,,0.3326951924254085,0.2777777777777778,0,1
0.87769708174494898,-0.43841124138662435,-0.19350301321230418,0.46269981629677681,0.88038398854652677,0.10408127934378861,0.1247265516854011,-0.18088564381052988,0.97556325841429703,10.735788311125336,-6.3573189393605718,1.2678706087522689,,0.1738469372899598,0.1538461538461539,1,4
-0.68469452499555528,0.71885292287515545,-0.12018270555681587,-0.72548131901547497,-0.6880078884473968,0.017944391706632451,-0.069787271050510649,0.099476734506114106,0.99258960103928251,-16.529730949126915,-4.6287988759557761,-2.9908384537631103,,0.06994559328690159,0.1875,0,1
-0.97674018520426009,-0.026097658940424727,-0.2128321470196087,0.059567568223999369,-0.98652177627427551,-0.15240239418239782,-0.20598620202097576,-0.16153543615713878,0.96513003654559193,-5.2299615064696141,-12.880878097193245,-0.75567855239011017,,0.2430812201156563,0.25,0,2
-0.80091266336155242,0.59108843062573901,-0.095673260880490107,-0.58683946364386608,-0.8066065948964084,-0.070747756005416648,-0.11898886324898221,-0.00051792858898492948,0.99289545379797783,-3.670564429458711,-16.347610472277129,-0.23983373396307775,,0.5473786408635097,0.6666666666666666,0,2
-0.17785659943683788,0.9828994035353471,0.047705267703100525,-0.98391082489978499,-0.17845507867649466,0.0085599964714953066,0.016926862727337469,-0.045415277434211261,0.99882477637160394,6.1077169789071357,-13.192592566936694,0.96339004838787379,,0.07728128296195368,0.25,0,3
-0.66546876837727553,-0.65634402164761729,-0.35547692409193565,0.73431844568634841,-0.66109402797545269,-0.15404903926989141,-0.13389450563490962,-0.36354808680919148,0.92190295039020198,0.28817985899370452,-14.877793708631041,0.25015068959444009,,0.3167795979785641,0.1,0,1
-0.92542782974591953,0.35439657802586272,-0.13411337522900788,-0.35834281174613636,-0.93357262842961686,0.0057076016758499954,-0.12318182171745641,0.053340537404263325,0.99094955768081028,0.94928231478906822,11.285788109153106,-2.0037101823894359,,0.07746956389088425,0.45,0,2
-0.32121996407231557,0.94618424392060874,-0.039409532321101053,-0.93855264903067004,-0.32362479218252621,-0.11994131432633978,-0.12624048351813866,-0.0015396237216640512,0.99199847272054997,31.364515730200342,-0.42813171426300717,3.9627231385917523,,0.5863602860735175,0.2222222222222222,0,2
-0.73802054716922372,-0.59215374298085166,-0.32354229496281711,0.65979729941586129,-0.73374667290480411,-0.16212138564873504,-0.14139729714381127,-0.33312124620758898,0.93222156147856117,5.7563188095687412,17.150552245242686,-1.4967839183824401,,0.2914396771592861,0.25,0,1
