axis_00,axis_01,axis_02,axis_10,axis_11,axis_12,axis_20,axis_21,axis_22,location_x,location_y,location_z,dbh,dbh_approximation,score,reconstructed,number_clusters
0.73542531322384086,0.67489412723439413,-0.060560099852461108,-0.65449875551532066,0.7306444343140418,0.19439673257236006,0.1754451130653443,-0.10332776795439984,0.97905177834016988,-4.2323291405397141,-31.581996612384131,-0.0056528379582533594,,0.2033889683262564,0.3333333333333333,1,3
0.89203929306216012,-0.42438496747713039,-0.15544548566168551,0.45154823281612622,0.85149881283799678,0.26655949650334443,0.019237803247658971,-0.30797267916962717,0.95120068114530232,-6.334513099663611,-31.561737241065188,-0.26855143833608847,,0.2271331114616952,0.5294117647058824,0,3
-0.9337571124813101,-0.33062990050216567,-0.13704569962057836,0.32530962159697696,-0.94368871735097326,0.060210089195303997,-0.14923573629328024,0.011639314344185874,0.98873313961584175,4.3067692238939026,10.638560389300425,-5.120735314735227,,0.1466051708059538,0.5384615384615384,0,5
-0.25727806733273489,-0.9405907423293044,-0.22157854479606551,0.95368964589440353,-0.28412255381424739,0.098744284532718343,-0.15583342190730826,-0.18591242523962548,0.97013015351455845,-7.5803430127664377,9.3529829646997236,-6.6858062532804245,,0.1158329726852486,0.2068965517241379,0,5
-0.91030959988498805,-0.38031323531995431,-0.16339606910113047,0.39257597694766111,-0.91838541071440483,-0.04952110368845563,-0.1312270348701895,-0.1092249075412849,0.98531689566949754,-12.579966238984618,9.9444333994390028,-7.6802267670409723,,0.3169481244443486,0.1875,0,2
-0.53365250409711917,-0.80429617306779433,-0.26138605712504304,0.82490171031057147,-0.56316957593547934,0.048756507948659607,-0.1864193477018137,-0.18959877301595129,0.96400214318915167,-2.640693444725045,12.317983114074432,-6.5097048973412006,,0.3686565303335372,0.6372549019607843,1,6
-0.76506005424155943,0.63866104819060332,-0.082432875286388332,-0.64394113895066374,-0.75779314387206365,0.10530603338562929,0.0047877939411746862,0.13364735921286797,0.9910173865299251,5.0795501633598521,0.80726300890314162,-3.4821374233154421,,0.1588760578263903,0.6927710843373494,1,5
-0.9608659143286995,0.25669640974580815,-0.10413283778369378,-0.25823699690154633,-0.96608063941386435,0.0013607281031041047,-0.10025142449134403,0.028198428561038776,0.99456246687382333,6.9143660552679433,6.1269973532108759,-4.0311199869654191,,0.3625666443097728,0.7419354838709677,0,4
-0.98814391206494312,-0.064365215299106604,-0.13938697252071042,0.0640466491756084,-0.99792391117864976,0.0067745278272942641,-0.1395336367273719,-0.0022330600990287846,0.99021481389859445,17.07800580379363,-4.2013576980451033,-1.0765495074753311,,0.2319589232254545,0.2380952380952381,0,6
-0.31124331611310163,0.93500139021036111,0.16999999552826675,-0.94601290598674304,-0.32186382859769452,0.038252549548370721,0.090483036429136257,-0.14891633941621352,0.9847013476041544,-13.9833209591088,8.0181472693528804,-7.588151043630015,,0.5489698428212396,0.4074074074074074,0,1
0.015361965267301688,0.99613403922025778,0.0864926929275594,-0.98537854487157472,0.00040237875592412668,0.1703788760325505,0.16968539515793526,-0.087845398274876293,0.98157529139237421,-4.9324405197641816,14.672750770574726,-7.3240613330477453,,0.3250667192600236,0.6944444444444444,0,5
-0.92571320475464525,-0.3404786354959709,-0.16470993082898017,0.34126996528261955,-0.93964959048924401,0.024360991141522782,-0.16306401607615789,-0.0336592611950901,0.98604116587337098,-11.39122714433371,15.143669643065209,-8.3350255908923305,,0.1649546484494707,0.1666666666666667,0,5
0.17085333586030138,-0.956845223722944,-0.23506670428624094,0.98099567860351533,0.14292888387625183,0.13122047368881037,-0.091959861823699099,-0.2530188767512751,0.96308090616566999,4.9807206573007869,15.218681159029952,-5.7967191355620118,,0.58879491840553,0.1111111111111111,0,3
0.95374092627936802,-0.2210912284273808,-0.20370791406385266,0.26920443957992407,0.92970616681834439,0.2513471963050331,0.13381784354200735,-0.29455918266523906,0.94621756095379783,2.6821119340572737,10.297839233337426,-5.3344582233318629,,0.5458153948085903,0.5,0,3
-0.65671180672897234,-0.71706799336304416,-0.23354463341525508,0.73385036113745428,-0.67898079748042961,0.02118310910295396,-0.17376205098121009,-0.15747561572236157,0.97211531213723112,-7.6854413021472707,15.729368634090561,-7.8931134109435721,,0.2502631152039201,0.3783783783783784,0,5
0.69111661539663849,0.71911023600213897,-0.072376048521885977,-0.69735548391710545,0.68979640846745549,0.1946182003722646,0.18987667832947402,-0.084032037594876624,0.97820522574980062,5.6976617811973389,11.013341087568776,-5.0269713218116809,,0.1174781901851813,0.28,0,5
-0.95457474110751328,0.28494361082462066,-0.087144720377961088,-0.28959353572504543,-0.95603618466950824,0.046156231094391063,-0.070161582834145572,0.069296120041450984,0.9951258212112728,4.4366259025472674,2.1705902029320874,-3.8285729085068869,,0.07100320436969514,0.1368421052631579,0,1
0.98687587123373044,0.12852746593526265,-0.097758402589888355,-0.10827196045498678,0.97580920326449572,0.18993046465363259,0.11980483026948711,-0.17685329887952569,0.9769184783386633,17.478007063102581,2.018454158848543,-1.9815810311454105,,0.1194053709391344,0.2,0,5
-0.91188503685265543,-0.36346253077036733,-0.19068473533618419,0.37927935783127004,-0.92376317461842594,-0.052997791859533148,-0.15688482491092076,-0.12065067734947332,0.98021965179636272,0.68718780187932083,11.027384518527811,-5.7875579803914778,,0.3169567513562456,0.6842105263157895,1,5
-0.69972472799306373,0.71389852821530675,0.02709605962223231,-0.71438737627347859,-0.69951507264762802,-0.018147720514685054,0.0059984711492139034,-0.032055491741708499,0.99946809043264062,-16.883570070002836,8.4694140352741201,-8.0704111939423218,,0.1458573654883253,0.2857142857142857,0,2
0.96962082518435422,0.2397924594489243,-0.048322166344737863,-0.20435363435588741,0.90264886943193812,0.37876722487404413,0.13444347323077049,-0.35738577882266148,0.92422960220984463,18.369179278506856,-4.1993789937561621,-0.993336483096939,,0.3747589374497982,0.16,0,3
0.027978006629074025,-0.9707337230859181,-0.23852310162500906,0.98966801405700044,-0.0066681495527274254,0.14322275564313819,-0.14062166652950422,-0.24006577149875696,0.96051755437220954,1.1977984901507734,12.027162297388971,-5.8711114215980365,,0.2679204189135183,0.1590909090909091,1,5
-0.6970934546252967,0.71524119529552832,-0.049907394950984223,-0.71673229303907959,-0.69333149760271906,0.074741250637879203,0.018855652561303119,0.087871878233000231,0.99595331084458616,3.8196108268032871,11.580724779131875,-5.3879772647091775,,0.2857529453388527,0.3939393939393939,0,5
-0.98359089973766001,-0.11686369087930031,-0.13744751619191128,0.12460209679343169,-0.99099195343797986,-0.04908427136930129,-0.13047321344988294,-0.065405091355659861,0.98929212803742517,-7.0788887233579949,10.548866345674488,-6.808145955870275,,0.2806100006539437,0.5166666666666667,0,5
-0.82719244525404823,-0.54510364468041539,-0.13643560778167851,0.5385471606992881,-0.83836056227236233,0.084371341870944569,-0.16037335881424866,-0.0036856725975127837,0.98704954364010544,-15.209991354652013,-28.387284134693623,-2.0154705298729416,,0.4262098053527857,0.8813559322033898,1,5
0.5387527364609348,0.83787055539704691,0.087854546578417361,-0.82491453061634612,0.50347934573080244,0.25695245786039284,0.17105994894734566,-0.21090633186589666,0.9624224711866427,-7.8467241279910755,11.350676326862812,-7.1307447918767632,,0.2876483247342685,0.1428571428571428,0,2
-0.87020577448863734,0.49069137565519266,0.044315729760948462,-0.4915365012544492,-0.85850489102491412,-0.14615478103994725,-0.033671619817962656,-0.14896753318731878,0.98826863558190481,-15.062879560491796,-29.245019620627129,-1.8597073881146264,,0.342564876758179,0.2666666666666667,0,1
-0.6242642504696172,0.77616537931577978,0.08866481566663191,-0.77992351447312946,-0.62572558648921062,-0.013667552253953309,0.044871562904453099,-0.077683938908400293,0.99596774469768179,0.085762071083538879,14.964666349976058,-6.487540916573697,,0.6289511318069015,0.3548387096774194,0,3
-0.91094823822704074,-0.39146456431784188,-0.13011073035877266,0.38251749393842832,-0.91966466885164877,0.088866549933323311,-0.15444634700152499,0.031183196587739881,0.9875089539586237,0.90177604475579853,8.6568219680940306,-5.3369634905553207,,0.1159567783764863,0.5098039215686274,1,5
-0.62603194542672724,-0.75519903040724379,-0.19431527931994083,0.76107029576503171,-0.64600660873676319,0.05871512899205783,-0.16987056310425019,-0.11113004067481293,0.97918032345950456,11.066242632778071,4.099873525343992,-3.1671404788820019,,0.2244157732912201,0.4166666666666667,0,6
0.45051810923082453,-0.86260220810549482,-0.23011054696951053,0.88890883586526903,0.40947694316022931,0.20535265895723442,-0.082912693694841499,-0.29706239006592355,0.95125150282803039,18.520545086104459,1.1949732967473226,-1.702628232780419,,0.355444607930382,0.34375,0,5
-0.52801734734812655,-0.82017380879473667,-0.22025577010962261,0.83186668914273576,-0.55170393160541742,0.060171283398543343,-0.17086688501330854,-0.15145195679904411,0.97358451733148954,8.0849247012616985,2.4011526598382793,-3.3262380537807719,,0.6966325405135356,0.7352941176470589,1,1
-0.87239566497229681,-0.46408803060177828,-0.15345391356920865,0.46159508837596736,-0.88546416160912778,0.053695371243957894,-0.16079732001723876,-0.023989963693309951,0.98669585157598916,14.740085347353599,-5.1408334000414273,-1.2869964051780867,,0.1294560088219672,0.3684210526315789,0,1
-0.99221208473039391,0.031151693224723536,-0.12060162073620385,-0.013899004785758968,-0.98986430022749006,-0.14133465534364695,-0.12378205274163089,-0.13855771051938887,0.98258829846212492,-9.5744416109960948,13.611158422727149,-7.8340388906930052,,0.5538896522192435,0.32,0,3
0.26519113490495166,0.96315628255480834,0.044762007808247989,-0.95249985540235171,0.25448283409731604,0.16727974356836189,0.14972537335509589,-0.086996911008378294,0.98489281145141749,-1.1222140930462907,14.88301890522964,-6.594744211116109,,0.2506253704815103,0.3846153846153846,0,3
-0.99472926114100069,-0.026521133823489144,-0.099047092287431734,0.032104923868472246,-0.99795829569149008,-0.055213349146162598,-0.097380546790814676,-0.058102233358564077,0.99354977710503711,10.319308411025753,1.9365904596330126,-2.9658963814197095,,0.4396827002834163,0.5934065934065934,0,3
0.69830266034450317,0.71567562996880685,0.013482849273816365,-0.69482614801327114,0.67319220751073139,0.25303927715646757,0.17201749501963154,-0.18606623663518077,0.96736205062613023,7.9599164018678996,4.4686557233992446,-3.6484364512023748,,0.1862598804412478,0.2941176470588235,0,1
0.98909817154715907,-0.10355649321251494,-0.10469412474248027,0.13059586233760978,0.94536544301201186,0.29871206855264387,0.068040633318361507,-0.30912818032691497,0.94858328065879771,13.405259391630247,-0.1475510463657555,-2.199793138716867,,0.5522559160782257,0.3076923076923077,0,5
0.61276588368412066,0.79007143193541385,0.017467233104959016,-0.77133523302897122,0.59313340948573379,0.23072649791467617,0.17193001506706507,-0.15485441870141384,0.97286184986753665,-9.2983425510314319,-28.522880365877874,-1.1214756123893306,,0.2886487929160273,0.3571428571428572,0,4
-0.92340716344296447,0.38262407347834942,-0.030298991683766204,-0.38234369696378462,-0.92390179042662768,-0.014791181106915949,-0.033652754631437257,-0.0020736540952622979,0.99943143439878346,-9.5937344903146258,-32.038164446394099,-0.71558744794203355,,0.239881167533125,0.1428571428571428,0,6
-0.0010870368469088716,-0.95840820343084221,-0.28539890319929045,0.99123941852238406,-0.038726185805744447,0.12627231565289299,-0.13207283414199281,-0.28276138019433189,0.95005408706678229,-38.717897420356095,9.6250128936978019,-12.004795213144597,,0.2030509688407675,0.3076923076923077,0,1
0.5056463065203004,-0.84950909273207276,-0.15051948069239535,0.86085534011464926,0.4852747680597459,0.15308978699002376,-0.057007859970965802,-0.20698478410281748,0.976681833071262,-20.487845348118935,-28.005130379579931,-2.8806635780038223,,0.1564248157178789,0.375,0,1
-0.50805294624639941,0.86087449616605327,-0.027880201957616459,-0.86007633563691943,-0.50530719188254825,0.070237729954368666,0.046377803825992901,0.059663587577499989,0.99714058970120156,-18.974704471172071,9.9058282715753041,-8.7040289339480967,,0.2269462710496323,0.275,0,2
-0.63786885161069073,0.76998817834771693,0.015541343237405875,-0.7695683205181123,-0.63804220928671584,0.025821293992713625,0.029798124098507982,0.0045104737324282778,0.99954576054671884,-22.011903516627328,9.808994398500726,-9.158717748416688,,0.09421176161844275,0.25,0,1
-0.093585102313009316,-0.95750197616034494,-0.27282190944661361,0.98542190855787537,-0.1281856302011613,0.11185752698895073,-0.14207565153542784,-0.25837648859554491,0.95553969011329853,0.97679598880082075,6.3673635333010035,-4.9974979650693321,,0.07328927810441707,0.2857142857142857,0,4
0.88561779443029609,-0.43583714350383296,-0.16039671608495207,0.46275252686757973,0.85734212083513917,0.22544308975787022,0.039258388480516118,-0.27388039759048965,0.96096217758535507,-1.6546901479136498,9.4566186935810972,-5.9058236951900733,,0.6803160855566811,0.8210526315789474,0,1
-0.99096300072899313,0.077283668702720687,-0.10963378009554173,-0.088126482405313789,-0.99129959885737884,0.097769261038761601,-0.10112395505049918,0.10654735969064523,0.98915196297530372,2.1924870267622194,5.6932217172660335,-4.7089423154928296,,0.07783342320970625,0.4181818181818182,0,1
-0.55954906142635497,-0.75046687779801824,-0.35171623958097414,0.80529601577919641,-0.59263990461374438,-0.01662138470661716,-0.19596727999091848,-0.29253616663159354,0.9359590890554218,3.1886780748915888,7.0816395194083066,-4.7865610756298063,,0.4682211831360943,0.2790697674418605,0,2
0.96214791542525024,-0.20790822966365494,-0.17619749396903706,0.2531814730500363,0.92115396106465564,0.29559181605570045,0.10084904832003895,-0.32901299070556217,0.93892487526954072,2.6216048592059105,11.276673636334381,-5.5196849716800811,,0.2838613139950305,0.2307692307692308,0,5
-0.99259758449405766,-0.032615892268785036,-0.1169881995248816,0.035638849193272371,-0.9990803117402377,-0.02384120637067327,-0.11610300463270409,-0.027834048655214442,0.99284709701480101,7.6234879385385304,-0.61479184532110498,-2.8703011015572057,0.4265328502323041,0.4727932429465964,0.656084656084656,1,2
-0.99126437239851151,-0.010717609228829634,-0.13145370616990815,0.020327627485457571,-0.99719867473046675,-0.071983266643119603,-0.13031397305814491,-0.07402658960279139,0.98870538203126124,-6.8146246831328234,8.8315210645095732,-6.5548728987873313,,0.3207502366063861,0.125,0,4
0.6232177935324692,0.7819131047530441,-0.014542298304471632,-0.76278368417147091,0.6118625308750173,0.20924935955222571,0.17251270384038025,-0.11931529628121497,0.97775417518260055,10.046931479754669,0.021069595164134886,-2.7037623658864853,,0.5640295397637396,0.3783783783783784,0,1
0.96219527795626769,0.26233161128435667,-0.073228224064316755,-0.23462247386474813,0.93489864447892235,0.26630212036155215,0.13832043173821523,-0.23905365563493503,0.96110395269779603,-10.787284849821182,13.3733034109586,-8.0272251053404169,,0.1614454109626337,0.1875,0,3
-0.89132683808484137,-0.40164248499174732,-0.21028500174604228,0.42491207954313187,-0.90181601707392356,-0.078597684490422939,-0.1580702134116681,-0.15940886298628065,0.97447556256348,-16.938562704461454,10.419461301097243,-8.4978422141574086,,0.5546668082475769,0.2926829268292683,0,1
0.36405151882157194,0.93100816643628004,-0.026273288196631446,-0.91942417444624636,0.36374090677528903,0.14950498380365093,0.14874703051673396,-0.03027122011493745,0.98841184439746954,8.2972528775197461,15.041255725900818,-5.2333888407726423,,0.2439273758806436,0.2307692307692308,1,5
0.69395533901324913,-0.6767997538722923,-0.24569916689604668,0.71822337185831198,0.62659725046232706,0.3025410283408333,-0.050805271099398835,-0.38641684599853671,0.92092390866838725,-0.4560993356731336,8.9132705027171522,-5.5898118276097826,0.3758750946262892,0.2008346711830912,0.2941176470588235,1,5
-0.27461345200515935,-0.93573512050684127,-0.22133060391156359,0.94921827212574206,-0.30056396162455157,0.092983745005113763,-0.1535321589779515,-0.18455646621725955,0.97075578130494122,-10.764281097868682,9.2277130624681707,-7.3168603649420865,,0.3777062523421033,0.6904761904761905,0,5
0.5911326502225327,-0.78315012996485978,-0.19297166573595398,0.80550843670854555,0.56091078493073288,0.19114196226821814,-0.04145296409474835,-0.26843055952035927,0.96240671573059333,5.4226297799105012,8.9370342372323925,-4.7417356449333141,,0.1722132113647577,0.3157894736842105,0,4
-0.51094853388773276,0.85946102670817792,-0.016072936499031854,-0.8577855862939715,-0.50855621242603577,0.074662351618420289,0.055995389669902626,0.051935752354330032,0.9970793318302742,-6.5310432482435736,11.779808291822855,-6.8692937450857086,,0.1998807881716227,0.2,0,1
-0.42266363256381528,-0.87892861552643176,-0.22099760749101036,0.89227496755806779,-0.4462807507021474,0.068402293981832632,-0.15874771172275065,-0.16827947100439247,0.97287264513978022,6.9253030963397251,10.389498177315197,-4.7319302787419266,,0.4112679755143334,0.1,0,4
-0.59619140087340206,0.8026086543064852,-0.019369087664197201,-0.80221762953331843,-0.59460254881799857,0.053802265798784554,0.031665255257991354,0.047614671808935763,0.99836373864337324,-4.470621598664196,4.6009499633569764,-5.539057891594541,0.1364477341042402,0.117801186473329,0.3833333333333334,1,4
-0.98300552617492276,0.18309369363402217,-0.013297926944248769,-0.18195300806471376,-0.98136630769411393,-0.06175170426008527,-0.02435648508643826,-0.058282668729852397,0.99800295197958266,-12.664228739672213,6.0280061174554529,-7.0202207045522487,,0.2884783590155789,0.27,0,2
-0.0329606897483124,0.99517680252258067,0.092394397299009876,-0.97696597030724397,-0.05158210185719686,0.20706708968259055,0.21083426143048889,-0.083441107908066303,0.97395405215961484,-1.2467513677230448,18.308247852629624,-7.3278104711529517,,0.5968872248728491,0.2,0,2
0.56814179829473432,0.82292534426602781,0.0029622280576253844,-0.8047910156960818,0.55486317060526269,0.2108038969296929,0.17183223820137786,-0.1221504796163933,0.97752388320909611,-4.1623332443889218,21.146716570384971,-8.2515526223914915,,0.1535001419100423,0.2666666666666667,0,1
-0.99167422098501079,-0.052363951502710795,-0.11764461745780723,0.051037456246122985,-0.99859489983263139,0.014261980513997116,-0.11822612864209486,0.0081389563998267682,0.99295334225482323,11.341624263504112,-2.3132915016470137,-2.1986079489136436,,0.1135770991622273,0.1219512195121951,0,2
0.89238811367271875,0.44395841063922131,-0.080897368302955769,-0.42290854462155186,0.8853065912827125,0.19334063803935778,0.15745417575195808,-0.13832269898350563,0.97779088433273442,10.106853462864409,12.508782721972638,-4.5713612147264193,,0.08143490236012939,0.2941176470588235,0,2
-0.0088139121415910029,-0.98649400429487533,-0.16356006371674092,0.99107643338091189,-0.030373633332805721,0.12978807955716448,-0.13300307571531153,-0.16095658386169948,0.97795866986383462,-7.7997662108602963,12.744203694763982,-7.3975359237426446,,0.0737099473117466,0.1,0,2
0.20242405465927429,-0.91510703546398364,-0.34871709986695032,0.97348612640953258,0.14929587593556634,0.17330753912277974,-0.10653292347185878,-0.37455287353449779,0.92106507975473029,-1.7030488636925336,8.3042903681354616,-5.7111124641566491,,0.2231877529433345,0.1346153846153846,0,1
0.01641159434090109,-0.93331059567940189,-0.35869484462945711,0.99136546390616531,-0.031488672789209048,0.12729092842810338,-0.1300967968295304,-0.35768672812747015,0.92473511233009953,3.8064871512700647,2.9302996831126871,-4.0423229328987293,,0.3668167124372499,0.5369003690036901,1,1
0.97144841749896338,-0.19259172195772584,-0.13855107640187558,0.2212209941139994,0.94632209952101831,0.23566025486141273,0.085727731230763937,-0.25958218850970921,0.96190843821360461,-0.11344036762407346,16.087673044601523,-6.7865664131847252,,0.5323613585500652,0.2857142857142857,0,2
-0.61098891778845132,0.79029182906084205,-0.046166733254224233,-0.7908405842541737,-0.60671498930745182,0.080424449306021245,0.035548736070569832,0.085648973545095333,0.9956909865487672,17.601778364294425,-2.3924300502238807,-1.3049949428717695,,0.9089319878291999,0.9620253164556962,0,4
0.51650599697819699,-0.82522331817057415,-0.22853452744192804,0.85452792691310253,0.47966813038051309,0.19924986028315705,-0.054804901342426493,-0.29820288369633491,0.9529278372175074,-24.773525837388917,6.4102746537881519,-8.9864953575666942,,0.8786122182365926,0.6153846153846154,0,2
0.7046947530026676,-0.651959557701003,-0.27991791691998313,0.70940755690383883,0.64071638303471679,0.29363827189015679,-0.012092282590009532,-0.4055012350575809,0.91401451031618808,-22.743907108505443,6.4893334643985154,-8.7048066950429863,,0.4389895763702767,0.3181818181818182,0,3
-0.97036929359035906,0.21770416413922367,-0.10482524015421504,-0.2272891037053851,-0.96963629798598283,0.090250279583170709,-0.081994496118639279,0.11140173492580709,0.99038707385636349,-1.3079021121824257,13.606669503289536,-6.4989774423422197,,0.07762718014219715,0.3636363636363636,0,3
-0.94595968614632198,-0.30198257513053928,-0.11818120198864511,0.29483700736604529,-0.9526543729209539,0.07430198410553987,-0.13502374336903658,0.035442489643271236,0.99020827034240633,7.7519674068144999,7.5477819184057466,-4.1736764873225329,,0.09621187334091741,0.4705882352941176,0,3
0.26163669851526605,-0.9430225098356636,-0.2055596846010371,0.96010040114470174,0.23249936075632405,0.15540677903387456,-0.09875959554298798,-0.23801805223794853,0.96622665513689832,-0.45818108949706177,11.441083836857398,-6.024298298462524,,0.07291386447153977,0.2631578947368421,0,4
-0.66740069293174509,0.73801739238390518,0.099532123523451851,-0.74451456447496112,-0.66422203176477246,-0.067135354344313988,0.016564370162649316,-0.11890929760594419,0.99276694172599034,-22.481323901729777,-25.036180618662151,-3.6239675806468359,,0.3466540941814443,0.3333333333333333,0,2
0.82655284781875438,-0.54247362745515437,-0.15010913789090774,0.56266696844759612,0.80331300772063396,0.19517708432297751,0.014706202116690367,-0.24578562842947768,0.96921264564430232,27.904871038374992,-7.9776516673055875,0.91360906303700906,,0.1400843597347928,0.4545454545454545,0,3
-0.93858133844176483,0.32992594138583509,-0.10106406052368735,-0.33423009924385177,-0.94205663691525332,0.028627497329791279,-0.085763114963892717,0.060647885738852221,0.9944679592963751,-12.213193632333528,8.2591988444128468,-7.3623995607973205,,0.1565232208945827,0.2380952380952381,0,3
0.48975912083404405,0.86981765085697416,-0.059609209167027354,-0.85519966398714631,0.49257854742381751,0.16124487382274533,0.16961585502580645,-0.027993371992242777,0.98511259907097282,9.5932926767042961,11.244405424934016,-4.4743159163884592,,0.07735286312278464,0.3333333333333333,0,1
0.56362253883340485,-0.79035710316012031,-0.24013596815831142,0.8247727432087647,0.52240892205359102,0.21642282739742094,-0.045602146647669407,-0.3200383846402613,0.94630643904497247,-4.654030696295929,-0.98848248624009338,-4.7107735973668703,,0.2464100183958272,0.3444976076555024,0,1
0.59953005743583576,0.79718922086884825,-0.071084853249494831,-0.78149679616908152,0.60225752570156932,0.16293750431771284,0.17270340995025199,-0.042133346251420553,0.9840723110245575,16.676236769782566,-1.3857423489585639,-1.5883511898395593,,0.07561320757559471,0.4285714285714285,0,2
-0.35274458342824982,0.93376407212674983,0.060464175073358863,-0.9319520203718934,-0.35638286827195587,0.066758392184062626,0.083884984274766164,-0.032801048878429773,0.9959354399787661,-5.2336041801896025,11.939374212465797,-6.8263694575200882,,0.7617240724152623,0.4857142857142857,0,1
0.98993061288387008,0.093384735957160223,-0.10637985131393937,-0.071379285182910882,0.97829075111220254,0.19455642866556211,0.12223902536481984,-0.18500404692474354,0.97510569852674189,19.914787260808666,1.7485855973626112,-1.5735637392514661,,0.07246914971044982,0.3,0,1
0.1826535786869474,0.98209272179093599,-0.046168777308079174,-0.97223438812952712,0.18740803579784532,0.14013751338167213,0.14628043181251529,0.019290254629356372,0.98905506487004013,26.94362415517821,-5.1105916070230659,0.38374235530193734,,0.1627336172806165,0.391304347826087,0,3
-0.071487474351407995,0.99669834547853975,-0.038496092414652391,-0.98797897202336293,-0.065452920337279827,0.1400480848101103,0.13706601274756236,0.048045013681571255,0.98939607074711067,6.3466717456370532,8.9032361377521116,-4.608598240458722,,0.08839489975719809,0.4705882352941176,0,3
0.3596711983101693,0.92750926715694137,0.10179974677827314,-0.91713260892468162,0.33132991051978966,0.22155872368732316,0.17176846844847393,-0.17305215899532075,0.96981881994211894,-9.0756239669114027,9.4910225693095267,-6.9447723268124317,,0.4194641024966403,0.4883720930232558,0,2
-0.94601553332680965,0.31958774216427421,-0.054021160323835832,-0.31743809183170213,-0.94722122235003103,-0.044777380271306309,-0.065480291375648689,-0.025211723226604379,0.99753531288536623,-4.5285101504564524,13.0401557832612,-6.921996831900012,,0.1842128496229047,0.2666666666666667,0,1
-0.30853946780099722,-0.92683466956534566,-0.21396469825832096,0.93763676949563679,-0.33420842091113168,0.095613910504038571,-0.16012709108350123,-0.17112050339975252,0.97215075375033877,-3.5451458905085129,10.350598317921097,-6.3314833202526222,0.7730548600789272,0.3401241413999976,0.2272727272727273,1,3
-0.95308135689240359,0.29877987242602605,-0.048646839334338048,-0.2946714788877311,-0.95249849735921344,-0.076911195924625489,-0.069315558673724881,-0.058967790882196384,0.9958504671707602,2.878236773918831,15.474715857054278,-6.1371462945100674,,0.5605499227541731,0.2777777777777778,0,1
-0.58951821073133726,0.80775214707288667,0.002179017040765781,-0.80675143885477074,-0.5889180183282875,0.048246073353587098,0.040254131736747301,0.026684013705292716,0.99883310332141872,-14.750679075555947,6.4467914422050203,-7.4205304327981016,,0.1524451904061138,0.25,0,1
0.76596457874254564,-0.59120500269571219,-0.25253694561254969,0.64288064864539762,0.7054012513106549,0.29851892108647538,0.0016539978916125684,-0.39100603503900511,0.92038662792005466,-1.7773800206912778,16.585921798926105,-7.0529285039621143,,0.4170120922987384,0.1428571428571428,0,1
0.84117093364320239,0.53960473096568951,-0.035471040487527999,-0.51518197563747126,0.81958192723898948,0.25074488334060646,0.16437454903997167,-0.19264526690959247,0.96740312629494662,-0.21692458826677791,-33.271618972647467,0.76186635311774153,,0.5857640370960628,0.6071428571428571,0,1
-0.99138194339293273,-0.054817188099772637,-0.11898284835759175,0.051787605439942597,-0.99825396328501459,0.028408954724825741,-0.12033239895077458,0.02200228793999608,0.99248980502983342,18.292099379170821,-0.90522205235202746,-1.4118502021471704,,0.1466591056604156,0.6363636363636364,0,2
-0.89840937449874725,0.43900645728355003,-0.011572652077873037,-0.43891145848677521,-0.89847582411269589,-0.0098957108902304053,-0.014742029093058792,-0.0038110298290530576,0.999884067594769,-13.525152255889562,6.2661291806358719,-7.2374662560635104,,0.5818965760563418,0.2692307692307692,1,2
0.98794895412748873,0.13606229834961453,-0.073782891012892704,-0.091669105916050111,0.89845550826392007,0.4293884892387918,0.12471422957686874,-0.41745029720679383,0.90010088895801366,-6.4926760632485294,-0.67961992223094625,-5.0313928167779878,,0.1114096504761907,0.1454545454545454,0,1
-0.65977635534823897,-0.72783115755625016,-0.18696782347164057,0.73139567141584294,-0.67907788562416482,0.062558749111383996,-0.17249792102388348,-0.095472673297345628,0.98037209053292385,-5.788845681866432,7.71880106596518,-6.2619699602319674,,0.100082311386521,0.3846153846153846,0,1
0.11248395428698159,0.99353427612314171,-0.015394875654868176,-0.98320927359417443,0.11352871988506616,0.14286621041965719,0.14369023747763748,-0.00093377177230340267,0.98962227325575958,-0.67031509828968783,-30.122736332181297,0.20671269937325901,,0.07090137263900453,0.125,0,1
-0.22362458254899567,0.96072653213177972,0.16430634965768071,-0.96915992913393345,-0.23708518278267807,0.067228326366295527,0.1035426377918604,-0.14420522377136263,0.98411573282625386,-12.555526712278464,2.6912950256141976,-6.4435015530404858,,0.4936753823846916,0.1944444444444444,1,1
-0.82150404355069517,0.56980928083068993,-0.021177580340297469,-0.56992821076651501,-0.82169433366224132,-0.00050655685197152427,-0.017690138561821112,0.011653561969526898,0.99977560156821499,0.066679698756593395,-17.048326646150816,-1.6395478413719353,,0.3347002693131144,0.1162790697674419,0,1
-0.69086613146431497,0.72207265912641794,0.036263802029519766,-0.72252928713955544,-0.69133992321604676,0.00073470622491992785,0.025601125388114709,-0.025694075381985777,0.99934198194068058,0.79989837097520977,14.169001723545039,-6.2522042628187098,,0.5839491500971417,0.4324324324324325,0,2
0.19609886332522852,-0.96812455361338923,-0.15582068057041876,0.97479587313735439,0.17522403764406866,0.13809251372211237,-0.10638722440657541,-0.17897314134412801,0.97808505415453462,6.3068743619803422,7.4749926063338226,-4.3474202586364132,,0.06569262176531925,0.2142857142857143,0,2
0.49115308637605637,0.86574639681684296,0.096186392706699236,-0.85438973857634759,0.45729202992865148,0.2467836582498395,0.16966679215071676,-0.20338922233586126,0.96428522952438667,-13.315545034501378,-28.808948596009614,-1.6594213580366566,,0.7666894539573095,0.4,0,1
-0.91671465537391283,-0.37579134734334185,-0.1357022618992175,0.36695434967761348,-0.9262464799709782,0.086092761565953635,-0.15804665727362882,0.029125960984113072,0.98700199215674522,10.782893490441715,9.9285367933267992,-4.0561292113121041,,0.2321370212077569,0.2592592592592592,0,2
0.73805612904822671,-0.66350582626446319,-0.12260982378039201,0.67473656330093457,0.72524606708022221,0.13692593738774575,-0.0019288647413639541,-0.18378835843921446,0.9829639458205105,15.828385874184818,-2.1000445447660758,-1.6088964546438085,,0.08504154574297665,0.2727272727272727,0,2
0.79146439682974734,0.6110726597206243,-0.013202768379686269,-0.58757326099556195,0.76662239583473224,0.2589358321431347,0.16835014557156441,-0.19718089853375331,0.96580428749279001,-12.803247453581061,-25.672924406712045,-2.1334671707089163,,0.08205362304342056,0.2105263157894737,0,1
-0.84084776225970925,0.53493083532259889,-0.082607760676014858,-0.54072999701806057,-0.83699203198055994,0.083996480437582691,-0.024209730020947031,0.11529674679764304,0.9930360261089185,-2.4479832611456795,13.933049892463453,-6.6810805546673526,,0.1032443169865229,0.2222222222222222,0,2
-0.28672815493510395,-0.89504329541794747,-0.34159107789122956,0.94482210611882333,-0.32315755982856958,0.053669165400959479,-0.15842396585334628,-0.30735434087226648,0.93831506232729345,12.183890197890321,0.22661607648653767,-2.3676459466505202,,0.5359659985191638,0.25,0,1
0.2141567572503621,0.97666903968504382,-0.015952123517037987,-0.96477173927887405,0.2140464816840012,0.15296926085823878,0.15281483701795773,-0.017369242913660959,0.9881021885350626,2.1484121919702046,-30.548072472485426,0.63526774032665589,,0.08707225883056716,0.2941176470588235,0,1
0.77769556151803931,0.62740223587404576,-0.039446774461166179,-0.60545335213334883,0.76441914543408884,0.22156174869392228,0.16916220613846611,-0.1484244067330773,0.97434816338940233,-11.056741694618845,6.0262966416790604,-6.7776472727318708,,0.1564019074622028,0.7727272727272727,0,1
-0.55721511975037408,0.82972746830347555,0.032613473661685523,-0.82904262746530499,-0.55811470909764782,0.034587473661301604,0.046900236321360297,-0.0077652966172092105,0.99886939486673987,19.625219952094746,-2.1377986597229257,-1.0508637457494276,,0.1880925866110285,0.3076923076923077,0,1
0.15100280551046014,-0.97953949156062325,-0.13304336586664575,0.98199339959409848,0.13318335002799681,0.13398193321842042,-0.11352143357796052,-0.15087935494452548,0.9820123748558004,-2.43675556092809,6.5632952994044613,-5.5791288141676878,,0.07330266615857109,0.2027027027027027,0,1
0.61999342166161042,0.78423970888086036,-0.024004918470867932,-0.76541071595579357,0.6112676965507633,0.2012417428208283,0.1724951970240596,-0.10639493487938363,0.97924742779118046,1.5826553961689054,-34.289098722640219,1.1411500878773455,,0.1936555543126576,0.1538461538461539,0,1
0.94084582912749126,0.33104701506892192,-0.072228800539391499,-0.30493037761573355,0.92018690167090678,0.24550668178365651,0.14773825036370386,-0.20895918215587544,0.96670029976835004,-8.268039521278677,-32.462519664913131,-0.44891146917586805,,0.2837688376604035,0.2777777777777778,0,1
-0.19256338253840599,0.98120901438335939,0.012174308941523094,-0.97533405911963855,-0.19274517070609035,0.10757682041540809,0.10790188518546079,0.0088413382650053933,0.99412223288240908,9.488327920343556,5.7827424932763609,-3.6227520412261174,,0.2721204480312055,0.2272727272727273,0,1
0.43822317260002719,-0.88379582648588983,-0.16390664441226691,0.89618391542047371,0.41551357340869555,0.15557268415363076,-0.069389053445016974,-0.21506605357252279,0.97413128060993137,-9.4491845220434669,5.4780629539144909,-6.5147279593492753,,0.0817420747914801,0.1923076923076923,0,1
0.2055096151901234,-0.95863623673545095,-0.19693238352820636,0.97288654244393769,0.17830299114047915,0.14730858387018342,-0.10610171344463788,-0.22186619609136354,0.96928727291554839,-15.608755142054473,-26.367198723731008,-2.4177837621001745,,0.4751683870345054,0.1428571428571428,0,1
-0.71684942489501002,-0.6480031136657487,-0.25733026776341106,0.67578262980530612,-0.73658030453880108,-0.027700040053259135,-0.17159469479304665,-0.19375608285940898,0.96592641597269691,12.613401231961987,2.3144036235062897,-2.6310991410396958,,0.5050477248715992,0.2121212121212121,0,1
