axis_00,axis_01,axis_02,axis_10,axis_11,axis_12,axis_20,axis_21,axis_22,location_x,location_y,location_z,dbh,dbh_approximation,score,reconstructed,number_clusters
0.92864258551855827,0.30076315605782816,-0.21717382972987651,-0.24710871345875518,0.93813412138039032,0.24257298702576341,0.27669519709269541,-0.17159806018710416,0.9455124925911117,-1.4071567891953514,-25.905456869734014,0.59068440511473308,,0.3653985281209579,0.3333333333333333,0,4
-0.71396585570918902,-0.58361485801556678,-0.38684163993152904,0.64590659761022584,-0.76225377779875614,-0.042117043997716763,-0.27029136879491145,-0.27993369881990549,0.92118385798926106,6.309163836320737,7.9622956860717782,-0.45039821425358822,0.3135206253727391,0.2327070533697963,0.5526315789473685,1,4
0.96387842177735361,0.08548307406528001,-0.25225192185660161,-0.036614075464813489,0.98063127626463897,0.19241026347220488,0.26381394487376153,-0.17622413018635166,0.94833921063626214,9.1752089544905715,16.631465942271365,-0.49868020017107867,0.2224824227475049,0.1601187340101774,0.3043478260869565,1,5
-0.20301955539166683,0.96122349258749107,-0.18663455582092775,-0.97667876085333949,-0.18518907483854255,0.1086443954303626,0.069868864500249664,0.20433894356766585,0.97640357328058536,-18.999235808593355,18.131386346928881,-6.8751405250227817,,0.1156859696590068,0.3125,0,3
-0.95791887953685384,-0.044542720769831005,-0.28356192666379065,0.0992399884811931,-0.97835848965160366,-0.18156566419036185,-0.26933778961206462,-0.20206585993941553,0.94160848728855107,-33.151020364090222,12.048271413418295,-9.6355594500677775,,0.199451564644213,0.3636363636363636,0,1
-0.52439225557550839,-0.73413888975166719,-0.43133844350651279,0.8114798694999944,-0.58432586994778768,0.0079811719712215984,-0.25790149997373729,-0.34583719907487065,0.90215489138359495,11.368920050166516,-35.010598085350679,4.1678248639653175,,0.450499174602992,0.2666666666666667,0,3
-0.17005648610211155,-0.83832856133115352,-0.51796333344266798,0.97136789875769425,-0.23109834933399415,0.055117675914035387,-0.16590719332706383,-0.49375983655167976,0.85362522632054094,-34.59009278285393,15.845466056443188,-10.420760350451674,,0.4970384018892355,0.4705882352941176,0,1
0.14338991726035388,0.97060436547941931,-0.1933041575868541,-0.97675722583805902,0.17023859351222925,0.13024647040176304,0.15932562066788949,0.17013520209313659,0.97245532525022449,5.2599461537114784,9.9801347340580353,-0.76947257281628356,,0.08120801253338866,0.3448275862068966,0,4
0.50551136857360546,-0.74322987932232309,-0.4382551799184663,0.86233660311916194,0.45220084993046611,0.22779370984087874,0.028876273370139191,-0.49307579316438838,0.86950699998997361,-30.429806574062201,-24.927544069920792,-5.4315091581145856,,0.3291373940954754,0.3529411764705883,0,1
-0.96591079212035469,0.083278316117222001,-0.24511438907193919,-0.055781870104029303,-0.99155619476698675,-0.1170670559419324,-0.25279383820245138,-0.099403393724230363,0.96240024973135763,-23.126440737278198,10.8604671729251,-7.162022339025051,,0.1079479971162462,0.2571428571428571,0,5
-0.86726846632242993,-0.3530533870982317,-0.35099674240825479,0.40811809282248129,-0.90795934420967306,-0.095128605441692604,-0.28510529569560961,-0.22575016084336891,0.93153198294289008,-14.873481597473027,15.940889040448075,-5.7728613725591034,,0.6063911059474262,0.8695652173913043,0,3
-0.87570997578646737,-0.39356669104020381,-0.27970930984099884,0.39408485054796893,-0.91731029876377312,0.056911741763019004,-0.27897879646426155,-0.060391021564306605,0.95839645013833918,-7.894995071897899,15.816650042223914,-4.150881794847276,,0.1511629667512656,0.2692307692307692,0,5
0.83636530710876644,-0.42746659730567205,-0.34316961003674024,0.52328853287832466,0.80906971125537386,0.26753563068719632,0.16328559159616193,-0.40333424168678728,0.90036620608507667,-5.9258210537342544,14.816034156856354,-3.6439611394671312,,0.09842535339405656,0.2857142857142857,0,4
0.28281312475679982,0.95916373227403928,-0.004655228826796959,-0.9392510036663777,0.27791933718031436,0.20141597288436941,0.19448467440134456,-0.052590652319493641,0.97949473439708357,-8.5702495941672154,-30.882168412999157,-0.4049367157798705,0.6518251687512292,0.6407540990168343,0.4705882352941176,1,5
-0.54620273365775351,-0.76460404045768593,-0.34211582111995215,0.80067408687991093,-0.59657171237731743,0.054983621108621504,-0.24613732009554828,-0.24389106852645737,0.93804774204152597,20.474715561779792,3.4706171187180566,2.8437183584434482,0.1611556229603476,0.1811636073230568,0.5357142857142857,1,7
-0.96303731833094386,0.13029759797967852,-0.23575762864151531,-0.14267279543048192,-0.9891098417665265,0.036141311053261439,-0.22848106474278429,0.068441631200043804,0.97113961209121791,-18.443402122754403,-23.882363241774755,-2.9514471419362422,,0.1840225718188575,0.4117647058823529,0,5
-0.28103340839134588,0.94224867399432011,-0.18217480540373698,-0.95863368192207843,-0.2666801831477511,0.099514540650110422,0.045185033500745923,0.20260581500102207,0.97821735645781149,7.0027807649894687,11.278784832459035,-0.53650938127122405,,0.1108897853361855,0.5,0,5
0.96800764852946986,0.0033430112516927299,-0.25089841901498222,0.077202031857149328,0.94743904283011227,0.31048205487320601,0.23874890296203299,-0.31991887158611287,0.91687015271383665,-18.490170548555476,-19.402983511302217,-3.3775098523627047,,0.1904420972521214,0.391304347826087,0,4
-0.95750049726162412,0.18024427888026287,-0.22517725834257041,-0.16511772188936283,-0.98265139138309321,-0.084453424625279064,-0.23649299283870912,-0.043683440155334104,0.97065072059643875,-42.861494903123038,14.767324062602183,-12.390544193358954,,0.1211259878831224,0.1818181818181818,0,1
0.60315685302901634,-0.72148310391966408,-0.34009401847515974,0.79252917993508565,0.59020593111193487,0.15347461624554029,0.089996164338019519,-0.36210370011744197,0.92778316473500588,-17.897050825828035,13.826417581479111,-6.2129791792617146,,0.3061608608910448,0.3,0,5
-0.9643727969351118,-0.054842878099687416,-0.25879985945377354,0.057705432065273343,-0.99832761793280322,-0.0034713661251321182,-0.25817666750058998,-0.018281848767491508,0.96592472913987071,-14.841628155484731,-24.569037757237012,-2.165210037729318,,0.4158742741951205,0.78125,0,5
-0.96182409429309079,-0.051213225221395507,-0.26883380962910619,0.060977490723329232,-0.99774376143971977,-0.028091495745255556,-0.26678860032310636,-0.043411888585294753,0.96277684364918947,-24.23635372503874,11.959326316430346,-7.4703516798701077,,0.1125456200721625,0.4210526315789473,0,4
-0.79951524812393049,-0.45194823980354631,-0.39562375630870117,0.51869865356689937,-0.85162914626069763,-0.075362484215696746,-0.30286477973712261,-0.26546296498335092,0.91531543165022233,2.2290432645786322,-27.184740394070065,1.5513264261984754,0.5970143204585306,0.4812554040577384,0.2391304347826087,1,4
0.94121466372010265,0.25533843512029497,-0.22117242221527508,-0.19334296754069574,0.94406837373702857,0.26712057691626456,0.27700803905448373,-0.20865567152569686,0.93793888768903755,2.2208542171057108,-24.419571931849291,1.2050434338121487,,0.1143070585060348,0.5238095238095238,0,5
-0.30893245557275856,-0.81460051506765074,-0.49090400155764063,0.93022857248991719,-0.36629512195270192,0.022420672537326082,-0.19807963251469426,-0.44972645517600335,0.87092512577010328,-1.8029321569718353,-27.153295144729455,0.68518346527714369,,0.7478312472747395,0.5,0,1
-0.11334625486698341,0.99260594931073876,-0.043428745095351155,-0.985807589582959,-0.10690671614732845,0.12943859688374051,0.12383869681269179,0.057483766713069998,0.99063595419115125,17.650112193808948,4.6557729508970196,2.1258688511359729,0.8050310940032338,0.4438450875366507,0.4318181818181818,1,5
-0.86626251098239482,-0.40246504810296285,-0.29599180245736062,0.42457739620057833,-0.90531718414105533,-0.011611663724391499,-0.26329317633014049,-0.13573017775863661,0.95511989935483788,-2.7322764498681957,-33.726339651564402,1.0989416874824784,,0.2682667102492152,0.6,0,5
0.8845351653091702,0.43144726605315448,-0.17734372824190292,-0.37986985411757745,0.88687887864393378,0.26295389053590612,0.27073314400747045,-0.16522442685794822,0.94836936554556284,-24.836819536227516,-18.915716948215888,-4.8207142761969486,1.025268826443883,0.6260014020182639,0.6612903225806451,1,2
0.90337205010284627,-0.243690088734969,-0.35289386470343198,0.38189590223076469,0.83151132794903504,0.40341595326881058,0.19512677661543923,-0.49920341760125791,0.84422833931519581,23.074404935391836,2.7160748736004905,3.2839031045232718,,0.5259961988593969,0.1724137931034483,0,1
-0.94627875376931514,0.26218123642765817,-0.18925517015410007,-0.24940802421761005,-0.96431383262315618,-0.088850828175705221,-0.20579639846377551,-0.036875892896376258,0.977899795941504,-16.974449335204309,11.254776486609199,-5.7588164745898132,,0.5938986803671354,0.1604938271604938,0,4
-0.75749423166147145,-0.47732754862811494,-0.44537725617758361,0.59139958444384066,-0.79065294305095035,-0.15847540870596991,-0.27649416000930405,-0.38344013217912698,0.88120635750952481,-6.7729853840925598,5.8569257419337504,-2.9401141837836762,0.6769334847812822,0.4559881075193525,0.315525876460768,1,1
-0.85119770268078709,0.48927791859460401,-0.18991995505129072,-0.50198641170825697,-0.86458348741316515,0.022473000528617379,-0.15320611414437899,0.11446620317029399,0.98154234494521841,10.683533920739414,-31.999800270732429,3.6785277932146609,,0.2315588340454877,0.4782608695652174,0,3
-0.13430075207069631,-0.87043485943330057,-0.47361003312490596,0.98257424455440745,-0.17894748929530963,0.050255845562871347,-0.12849576620099007,-0.45860762265605026,0.87929965683502065,-9.7282403948807108,16.275195638477797,-4.6264748540391718,,0.280383094622246,0.3333333333333333,0,5
0.95572919456599825,-0.13383596157973646,-0.26204893062605006,0.18304738415774555,0.96769670481856285,0.17336880525718126,0.23038090590853189,-0.21366099988374823,0.94935431495382261,0.79703918801401208,19.756403468271191,-2.5090921145940688,0.1818464310208341,0.1562037367988241,0.4166666666666667,1,5
0.21924299954901794,0.95942074193611437,-0.17732553987371771,-0.95937633470095174,0.24506796975228037,0.13978103811770443,0.17756563734156725,0.13947591241591356,0.97417499161661503,0.61338240376663666,9.8586347804571623,-1.7428096383672291,,0.06736512554203351,0.25,0,3
0.18949549614051972,-0.88035359311895534,-0.43482066191132401,0.97807401832250318,0.13028072659296477,0.16247506565894837,-0.086386756073652274,-0.45607508522276563,0.88573858728979249,3.8138914289779451,19.222175950280146,-1.7389357830317027,,0.4755797167723526,0.3928571428571428,0,3
-0.72707672515504618,-0.60867109682119724,-0.31761443863951477,0.63988529187985155,-0.76843089662252673,0.0077955340892299635,-0.24880966414842148,-0.19756885637766933,0.94818790227252414,-34.064822585180124,13.897309454441748,-10.077417128070781,,0.1701721856882537,0.2307692307692308,0,3
-0.91155442263756448,-0.30625924859074716,-0.2743607246355188,0.31764325355946743,-0.94820526318401832,0.0030890675425101067,-0.26109633861479531,-0.084332980041958078,0.96162188537865079,-12.841703097028951,12.955543249248615,-5.0421547424364013,0.2977361853561688,0.2433693275974077,0.2948717948717949,1,5
0.35550958621279222,0.93353053521508977,-0.046191708474974107,-0.90926263662548901,0.35686722504649715,0.21421307458807501,0.21645875299389641,-0.034154406869985554,0.9756941553292644,-8.2016897353153553,19.987534013873827,-4.5598245280389031,,0.3853943657931624,0.3170731707317073,0,5
-0.52756110805657508,-0.77545493918004671,-0.34691341076324766,0.81401351303822034,-0.57826454977537078,0.054700192543200923,-0.24302526176777225,-0.25353451002646321,0.9363006858741203,-11.564755668310672,-21.804476826932213,-1.7867550652438662,,0.2526502644721542,0.3076923076923077,0,2
0.92894983458135638,0.25858115801830528,-0.26493015975759271,-0.17095891606869243,0.93439085720668824,0.31254883616031665,0.32836755906741011,-0.24505001670365803,0.91220898672708139,-17.284470155845614,16.497729287546427,-6.3818569000472829,,0.2213811454727573,0.3636363636363636,0,2
-0.94478922549284849,0.25827101727929885,-0.20166655901794978,-0.23760007988464782,-0.96377729068947904,-0.12115913498394314,-0.22565354291797224,-0.066553854770136298,0.97193161435555919,-20.671285444456188,10.868002004690101,-6.5503612644219915,,0.1924805878518527,0.1527777777777778,0,4
-0.88403169844534157,0.40722634681296987,-0.22946602930544674,-0.4290764724407114,-0.9017248546247153,0.052779421651547156,-0.18542205085070368,0.14511715616493798,0.97188459913969238,-10.450437367784314,8.3336215932439135,-4.0559659162654311,0.1868477163738144,0.1473872236949672,0.4963235294117647,1,5
-0.96306038833274465,0.027541606033432607,-0.26787338121113047,0.0085560054855465147,-0.99112416496039923,-0.13266380215297477,-0.2691495554417947,-0.13005517893821658,0.95427677706042602,9.069117584392588,7.8955651172525503,0.08939208923297895,,0.3066004766789033,0.3076923076923077,0,2
0.37373236817710026,0.9229932645013067,-0.091692696884528288,-0.90248588166651933,0.38467723476774357,0.19375927963338394,0.21411060312217572,0.010337249956540909,0.97675472401928753,-16.902337838958761,-23.780722788153419,-2.637872370592762,,0.2334958014711991,0.4074074074074074,0,4
0.2960535898962301,-0.84120029744198155,-0.45247578000714744,0.95438590217522845,0.24130739108891452,0.17583598248093726,-0.03872753075952113,-0.48389337936097382,0.87426962418460308,19.837979555219224,5.9535450342594878,2.498245152627947,,0.6956292604174397,0.2777777777777778,0,1
0.45163780035491263,-0.78741572249224578,-0.41952327380324222,0.8921851063459586,0.3957476517211998,0.21769136907926748,-0.0053882562138544594,-0.47261006773996039,0.88125517902920913,-5.9357542117387565,-28.878488248143341,-0.037802226648573189,,0.3925382750270945,0.3142857142857143,0,3
0.33646934756522806,0.92961506569346009,-0.15034695801636225,-0.92548149068293517,0.3559331332292468,0.12959789764075491,0.17398962196729448,0.09553760675961756,0.98010212587379031,12.92707175494855,-33.378576658352756,4.282117548076843,,0.3263438535905704,0.3225806451612903,0,5
0.9045248859868128,-0.26806434652550037,-0.33162665265686847,0.37731221354565897,0.86546650412937154,0.32955003222478835,0.19867114571526986,-0.42321299170977766,0.88397994293323257,-19.210150149089088,-22.794557298755159,-3.2339842149429989,,0.1489853411727523,0.2272727272727273,0,2
0.27182940249949017,-0.84549143368465951,-0.45962268384254923,0.96124175198725204,0.21568061383286916,0.17174448187104516,-0.046076785621907271,-0.48849371375948586,0.87134999939416824,3.5085391112316695,6.6240129195802764,-0.90092892477136488,,0.4327339497636,0.2195121951219512,0,1
-0.31171706091057111,0.94909638565523713,0.045260630502026979,-0.94956904364029859,-0.31286553049296112,0.020827654438440708,0.033927942721662899,-0.036485758393154995,0.9987580708746,-17.859742537311703,14.871635692207269,-6.3078341210326947,,0.2349007917312685,0.125,0,1
0.75216249875965935,-0.59901712721863298,-0.27464532903066535,0.64899997297136591,0.74562205864587638,0.15115151585033054,0.11423926882991201,-0.29193531297090847,0.94959105013568124,-18.186368003736892,-20.26570531913919,-3.2063087468129203,,0.09173349940223754,0.1904761904761905,0,2
-0.053681355769953275,-0.94142393511185818,-0.33292534664877094,0.98913225254443671,-0.095834146858460853,0.11150427468164564,-0.13687840961623063,-0.3233214974207802,0.93633728446885867,-31.306530415118523,13.306318260241131,-9.2894764795461704,,0.1107117715000832,0.3043478260869565,0,1
0.96756484407695675,0.096624989924121094,-0.23341354679730686,-0.035667119217131851,0.96695612783592078,0.25243554315372063,0.25009224120929058,-0.23592256815049847,0.93903909009379805,0.65122102807647231,22.54089699313386,-2.8180721263488335,0.2743422042394332,0.2353507463288126,0.5294117647058824,1,4
0.14980982383400054,0.98182652619126087,-0.11650617644583142,-0.96834232852819302,0.16949824934048449,0.18325795549200069,0.19967511478254571,0.085364020159037129,0.97613668745666182,-25.688551567003319,15.590583973009366,-8.1876444113960556,,0.3872010568186172,0.5254237288135594,0,4
0.48815354193486266,0.86233330190038904,-0.13448938965591326,-0.84076099440117813,0.50598275659824177,0.19261983365890886,0.23415180928190465,0.019045378936012693,0.97201347920242009,-12.510820168238318,-21.297543265292152,-1.9839796181371352,,0.1835237514849134,0.35,0,6
-0.95665656510194708,-0.10330220624136147,-0.27228086718132033,0.108701717320683,-0.99406292291555187,-0.0047793238145818961,-0.27017059998985615,-0.034169569360142163,0.96220594855304464,-33.165729842756576,16.811039592346638,-10.168900734519113,,0.469656323348143,0.3181818181818182,0,1
-0.033944892984281855,0.97485527359533219,-0.22023837037095442,-0.99241663930751178,-0.006829416848067908,0.12272967485941276,0.11813957112613666,0.22273426904920438,0.9676944182567383,-2.1217591698603822,-27.012017975527204,0.54704698869849111,0.2090524628009308,0.1816985910290282,0.5,1,5
-0.86111883496727792,0.46828368638992846,-0.19795136050468801,-0.46343019909729527,-0.88311008707692917,-0.073137026652846798,-0.20906171966488524,0.028756967225997881,0.97747953134923682,23.077919040585325,4.7711123607697647,3.2191338883249343,,0.3218232261528476,0.25,0,5
-0.54278716496883572,0.82554039733186912,-0.15448348105294168,-0.83913582035075807,-0.54075030359306397,0.058653083194921324,-0.035116499674017025,0.16146876334805346,0.98625284279108472,19.343391678162526,8.3325474052118889,2.1512622126438625,0.5449506406080122,0.3469670734590251,0.3793103448275862,1,5
-0.78727594015149194,-0.55127567848319547,-0.27620955879816556,0.55951181728704791,-0.82694828529265529,0.055705114376350923,-0.25911989575239075,-0.11068721590332725,0.95948174545472231,7.461076221730786,5.453568541735466,-0.053982176614668968,,0.1211931248615359,0.2181818181818182,0,5
-0.82054199831201491,0.5179288216049317,-0.24178619637409235,-0.55042880735019106,-0.83001723772030844,0.089997295104876765,-0.15407451783202411,0.20693264807196252,0.96614694644073362,-8.2106169558220863,9.8168374559104592,-3.6584360894492831,,0.073928680969536,0.3013698630136986,0,5
-0.58448934631699401,-0.75739260741889469,-0.29108184805848036,0.77327876288335251,-0.62861984395345694,0.082927960673842269,-0.24578885026689887,-0.1766169018388063,0.95309722015612686,-1.4933146145347946,10.552826309457725,-2.2184134768885801,0.2318652395803175,0.1845076148590755,0.6119402985074627,1,3
-0.94520969164149682,-0.13210926134486978,-0.29853941430554798,0.14294761322509289,-0.9896216427392851,-0.014662335941057753,-0.29350403523671681,-0.056534478762186459,0.95428467136953032,0.75791465418886661,16.420106149979919,-2.2166193130953835,,0.3638499610391056,0.2391304347826087,0,6
-0.93282320786975359,0.26598402431287094,-0.24309126201884121,-0.28449842708562234,-0.95767284554071785,0.043856195682608727,-0.2211368532049548,0.11006915882423388,0.96901149241396323,0.33150802941626756,11.130493106675047,-1.8787859865364667,0.3760068742604632,0.4488425203886027,0.8414634146341463,1,5
-0.94406644677166107,-0.1614553723160887,-0.28752514121412731,0.18086694027367509,-0.98260631462555381,-0.042094897244510765,-0.27572757206338561,-0.09174417261199902,0.95684759120550145,7.4573792905084337,7.0792042242445135,-0.18034136455823835,,0.229027379900151,0.2083333333333333,0,1
-0.93647508657934353,-0.22542037940967588,-0.26870069736234692,0.21129608952305162,-0.97407890557934307,0.08077281880445962,-0.27994352067601114,0.018866325878383043,0.95983107210559349,-23.830361836231379,12.943204747789601,-7.4999862584067563,,0.1019546217077477,0.2857142857142857,0,5
0.88644619314473005,0.44679171335677442,-0.12079036192897763,-0.37572088428312583,0.84706785688091757,0.37591204151061008,0.27027201810901785,-0.28784233655750985,0.9187490547001349,-19.267288511865079,-17.720966719503895,-3.7144162927840494,,0.229133357627496,0.3043478260869565,0,2
-0.96546607070107171,-0.074980678080469182,-0.24950584009121865,0.091900612801432469,-0.99414381600800517,-0.056853763813497202,-0.24378175422240458,-0.077820119555503206,0.96670289401688081,16.142100084769439,4.0705684546763621,1.7938561634852466,,0.2507935073012442,0.3,0,4
-0.3945826153941876,-0.84869985123577751,-0.35215496892852599,0.90007627792761435,-0.43410071746975526,0.037673080630801645,-0.18484386259936733,-0.30210119100164462,0.93518319962172847,-16.995351708038577,-29.597776725849727,-2.1636086133777597,,0.2342062475800655,0.35,0,2
-0.054115741534964373,-0.86054864319822721,-0.50648545804180012,0.98848314968468942,-0.11795702351256111,0.09480086177611223,-0.14132427005846288,-0.49552212190148298,0.85702116508210879,14.039162971693239,9.3800031899229257,1.0473971326009057,,0.4443071100389059,0.2777777777777778,0,4
-0.46373616308136939,0.85534656812666465,-0.23093509790524691,-0.88575083680784805,-0.45343451389249145,0.099209861935576765,-0.01985512892846477,0.25055815693171157,0.96789792016008447,-12.097316363024056,13.789975245535114,-4.962027163606292,,0.07833370309495397,0.32,0,2
-0.68705691884118303,0.71719064612052152,-0.11657773110542141,-0.72635299090570671,-0.68213589827833487,0.084273061427375034,-0.019082003951193312,0.14257697358703009,0.98959975936131306,5.4796495603914037,6.3764454893986455,-0.53501726199147348,0.7649751157584229,0.423469445680568,0.1886792452830189,1,5
-0.15033828413669442,0.97119113890484543,-0.18489502977512745,-0.98537439489717671,-0.13202289190182656,0.1077369848051393,0.080222828445890515,0.1983878215178273,0.97683497586314616,-8.8879322354926966,13.11766972504596,-4.1256562507539254,,0.2452915793583604,0.303030303030303,0,4
-0.37982562615730397,-0.82774993800872743,-0.41299217164585711,0.90127835714432991,-0.43171122481343671,0.036369510765212942,-0.20839821654090668,-0.3584068337750152,0.91000809053872667,-9.0092069157192007,15.961917424819296,-4.4113887443039665,,0.1746277204546804,0.1219512195121951,0,2
-0.90266777740493598,0.35478982341312049,-0.24354684320951389,-0.3675298304186928,-0.92998206579153964,0.0074283954193920887,-0.22385867726590308,0.096216103166708269,0.96986068798780234,-3.2872135907252975,13.110573143630662,-2.8967410310414419,0.6368493920939626,0.4292413122656246,0.3023255813953488,1,3
-0.18126774257834755,-0.92616385222118258,-0.33070005191921253,0.96651416133102153,-0.22988311757140933,0.11403564443734934,-0.18163805065883595,-0.29895529949219757,0.93682087266370673,0.17020489522391069,-28.152168759296334,1.2058867764122854,0.5603692136966112,0.5298737746586509,0.9852941176470589,1,6
0.94286103295206813,0.28162217265095241,-0.17805062317193979,-0.18649713412937136,0.88891051618217287,0.41839803200095743,0.27610123415531895,-0.36128526968601971,0.89064081559616926,2.2240109384444935,21.415825808534514,-2.3596041625278952,,0.3634375718952519,0.25,0,1
-0.3346502342637212,-0.89561700011517764,-0.29305188928230347,0.92034046203741326,-0.37743857901604888,0.10253561823633625,-0.20244173147846356,-0.23539394251984647,0.95058247258245099,10.804876681674811,7.6362829748103085,0.45581771719358455,,0.07240652038943765,0.1666666666666667,0,5
0.82361890114659375,0.54413912801440678,-0.15988907103926356,-0.49209775518992316,0.8257986243321408,0.27549306958285219,0.28194273356679317,-0.14822024630550704,0.94791299894769843,-29.469824261888082,-26.464046085123783,-5.1322730413081104,,0.2698138680196998,0.1428571428571428,0,1
-0.51874042816512378,0.83031628385013989,-0.20367434045642641,-0.85432840376476082,-0.51239811812442737,0.087012338569327816,-0.032114587150112325,0.21914159193508079,0.97516440458844611,1.1908275224049671,-26.340669357719683,1.1864020822494081,0.221626951893605,0.1170770384017812,0.4210526315789473,1,5
0.49767717275812245,0.84259699391605825,-0.20578565926493447,-0.83318150608489017,0.53036251338739915,0.15660198693348115,0.24109336289826669,0.093519571411670832,0.96598554861311536,-10.345334295415856,11.07285233036683,-4.3053217090185427,,0.1015752803655501,0.2264150943396226,0,6
0.58534380724811519,0.79251254591070086,-0.17116218008198952,-0.76905049261315328,0.60955834054999392,0.19235376075710778,0.25677610310881027,0.019039276248736817,0.96628336363210598,-16.07989123736025,13.856409030040064,-5.794378863521203,,0.06796502091277626,0.2666666666666667,0,2
-0.96239890999499955,0.10291115738177072,-0.25139139151287787,-0.11804811488179238,-0.99194870863298368,0.045851957583192306,-0.24464868814954185,0.073804153864807057,0.96679882408855256,-7.03528669895395,14.295643169399586,-3.8079571783230204,,0.09104171682245663,0.4,0,2
0.78787511385937048,0.61098714747613569,-0.077120104901780145,-0.54883203403720904,0.75343172850420603,0.36211052028040652,0.27934960779579848,-0.24297188335719389,0.92893942780043226,1.6194130150321955,19.363582528187713,-2.2948329168358113,,0.1629858880255525,0.3333333333333333,0,2
0.1350483956207148,-0.85615030796199354,-0.49876706087797545,0.98527026764381831,0.062741263492948632,0.15907870238465663,-0.1049020044486695,-0.5129036790976369,0.85201255004299037,6.5422868302481305,-33.036882849282414,2.9079674187101152,,0.3551063110217262,0.1923076923076923,0,3
-0.95648600384468063,-0.13134048394111572,-0.26054596854940748,0.11474800907548839,-0.99032980244930191,0.077972923466675045,-0.26826743906491318,0.04468287881103776,0.96230765427627807,4.2210240988694459,7.2305918544275443,-0.81218930511544041,,0.06939518521075574,0.2285714285714286,0,5
-0.66220438311607999,-0.64007266450320899,-0.38960536333271178,0.71108122380625272,-0.70076817567331806,-0.057336350718295216,-0.23632360891805496,-0.31500944131764036,0.91919541107900149,-20.543724870314851,-22.090311697055974,-3.5902871656368003,,0.4745211718684706,0.1111111111111111,0,3
-0.93240515903135024,0.3171035565396349,-0.17339536857032187,-0.29113206585109386,-0.94328416327566966,-0.15955283622234642,-0.21415587697982427,-0.098286935770910147,0.97184203377491751,-12.136075591889446,8.8516464202093026,-4.5186507295024869,0.7306128791243145,0.3109661448602807,0.1733333333333333,1,1
0.94962224376044801,-0.068700441936089318,-0.30577417064421675,0.16281248019144456,0.94182759691849582,0.29402869583875968,0.267786650991574,-0.32900004097342811,0.90556572516311584,-18.836232629471631,11.748028311973476,-6.2259674458620911,,0.4578083447517012,0.21875,0,3
-0.96600835211492675,0.090003538627503835,-0.24233701054261286,-0.070779254023869503,-0.99369808530060955,-0.08691612318624542,-0.24863258202421418,-0.066809268102782246,0.96629103320456322,-8.3847962652259138,7.7613393247677562,-3.5478044517959169,,0.144784229888044,0.3791208791208791,0,4
-0.72039216352805902,0.65650234913240779,-0.22369576730683191,-0.68507564717922242,-0.72386022444321407,0.081839679318706962,-0.10819652660474632,0.21220518620582648,0.97121700488511764,-6.1209962256108374,12.309726925884705,-3.4448069702533926,0.4880904701355553,0.4323775473475366,0.7303921568627451,1,5
0.93670525559424156,0.26591905604171745,-0.22775056482038891,-0.19166214976743615,0.93382706268000482,0.30204740911478917,0.29299980288158728,-0.23927823269222381,0.92568733537357772,-5.2765875024967359,13.861628717517762,-3.4231087508626903,0.6142707836890667,0.5257108125987497,0.225,1,4
-0.64483886281639091,-0.70606619946678517,-0.29266595800023171,0.71747721243324314,-0.69117287233185998,0.086640118833878635,-0.26345643025116294,-0.15411224001699561,0.95228153759077883,10.80587523562134,5.5452713658451103,0.61054705786632035,,0.081636445059697,0.4137931034482759,0,5
-0.33421036056448711,0.92580238806143411,-0.17661645775833362,-0.94208839458547999,-0.32261955532506154,0.091575538814751029,0.027800929457627903,0.19699380899308794,0.98001048338254348,-2.5300505438746907,13.184520674807365,-2.6700861788224635,,0.07501331568534926,0.275,0,3
0.96605615653204258,0.12426982460573982,-0.22647850476148132,-0.054877039863158228,0.95540512781857145,0.29015435932247557,0.25243615613139692,-0.26787693523414369,0.9297945658300909,-14.485352138533388,-22.416580740326438,-2.2835009325704836,,0.3377455569829089,0.3928571428571428,0,4
-0.24719865631657648,-0.85449727691630373,-0.4568667508780872,0.95131021072396404,-0.30361933428467247,0.053143041132947752,-0.18412416269356119,-0.42148511668996486,0.88794627603320742,-8.1261589740800133,14.940327901042908,-4.1512060029587161,0.6694547826661286,0.6473912435787846,0.291044776119403,1,1
0.90235056370896227,-0.22791817210444484,-0.36580974153060219,0.35995088011253523,0.86533795707765826,0.3487485970536302,0.23706291165074464,-0.44636703156173235,0.86287754001042216,13.427120926451899,-30.400623347310606,4.0790870361746636,,0.2751075996044759,0.1538461538461539,0,4
-0.94092771613187176,-0.053296390610928966,-0.33438679364279367,0.093392366263799709,-0.99007806937307929,-0.1049918209677571,-0.32547334597246086,-0.13001888822138347,0.93656937263993834,6.3160423389178151,-29.196108600722557,2.5181186386787928,,0.518371791871113,0.2142857142857143,0,2
-0.88239936465953184,-0.33875509033193213,-0.32652159197005615,0.37565113737094069,-0.92510353756655606,-0.055404582606160518,-0.28329769543780958,-0.1715471758906244,0.94356450876640008,-24.195000399508668,-26.816068895619765,-3.9286906442290843,,0.2216252487142132,0.4,0,1
0.62809744662066591,-0.69499277992648023,-0.34996947495269387,0.77604041434786997,0.5924520426071378,0.21624489013481546,0.057051492946179269,-0.40741331968983868,0.91146010010966416,2.4519324194258223,9.3258861438967582,-1.320589970567873,,0.5090800976080585,0.2,0,2
-0.96222491584918435,0.12891287638532184,-0.2398013378217359,-0.11607644403814248,-0.9909802482281721,-0.066965713324741549,-0.24627113200391876,-0.0366007912987436,0.96850963424109304,18.567442403834342,3.4927989361804181,2.4020120262244844,,0.08825833742794276,0.2,0,4
-0.96619942624338395,0.079111304521076217,-0.24535702603334875,-0.047363692584371529,-0.99002370657461736,-0.13270169948056032,-0.25340747690573173,-0.11659529114518023,0.96030734076702862,-3.7549026006567208,8.8300509935493885,-2.526752994940912,,0.5553139800185432,0.2376543209876543,0,1
-0.95658728426533635,0.042268144625718734,-0.28836465028114511,-0.043193033249336779,-0.99906175512898865,-0.0031577392713127272,-0.28822756540724814,0.0094346906935638773,0.95751546052840664,-6.2892038362721028,21.253271066229654,-4.3114961116656669,,0.2405225063393854,0.1333333333333333,0,3
0.022999329971022879,-0.90054873306456173,-0.43414630045262237,0.99690531809349647,-0.01199403514132651,0.077691247112755324,-0.075171920141703152,-0.43458960238004235,0.89748596642252199,19.66429410054479,9.7079044644654875,2.1571466741098573,0.6199668772872616,0.4270443324049671,0.3571428571428572,1,3
-0.95311665819100444,0.13053201019401944,-0.27300188679480286,-0.10708022909710774,-0.98929197432749283,-0.099172647780142814,-0.28302378065336636,-0.06528999805423305,0.95688805810228172,-20.860795710375736,-19.672983537231342,-3.8657220615157453,,0.5096640003372249,0.3548387096774194,0,3
0.92732261701261487,-0.27385559724970049,-0.25509973702825833,0.33326211861076621,0.91439259343146284,0.22983155870495353,0.1703206513489785,-0.29814308130945238,0.93920262925066755,8.30550630201218,-30.443709483579916,2.9649526899245155,0.9728709399565281,0.4886784925954717,0.6136363636363636,1,4
-0.022285520772135366,-0.93840699457376864,-0.34481251151740755,0.99150142779075867,-0.06496301768752917,0.11271523864064278,-0.12817282962001741,-0.33937017969756472,0.93187960964882199,2.9876572621338382,-31.234403040018204,2.0695220987708929,,0.5086177088280984,0.2727272727272727,0,2
0.56908241122223491,-0.73397789661939217,-0.37070427096495889,0.82069170116342172,0.53500011102672529,0.20059913470122911,0.051091495172655994,-0.41839135803164712,0.90682872178017049,-12.678566853602439,19.78911050387584,-5.5786556404776499,,0.07423618633861395,0.3333333333333333,0,1
0.89869015689659471,0.39081541638373368,-0.19904600527009308,-0.32793759353302682,0.9001350516194504,0.28672953038327886,0.29122660703469427,-0.19240633867639936,0.93710557793249838,17.314129778338962,-31.349229234187241,4.9522876859569545,0.3620377452033396,0.3922464315252424,0.6,1,4
0.79802322595381259,0.5889949260325732,-0.1274515905987646,-0.53856145117467868,0.79194663169113511,0.28770140052090581,0.27038952299764757,-0.16095188616773132,0.94920176790404032,9.0864924581810573,13.874555157243954,-0.25819476927204893,,0.3565277064618843,0.46875,0,4
0.92932569628282313,0.30919046564955927,-0.20187869174297227,-0.24190088187409817,0.92282344523698412,0.29980135468252289,0.27899411029084281,-0.22977846912265515,0.93239698709866581,15.185137630176584,-28.939881322946828,4.2907986116175847,,0.3869051688844303,0.25,0,3
-0.46575607155512938,-0.81628930322912074,-0.34167682866013849,0.85429565799810514,-0.51545944348854289,0.066936468715238312,-0.23076007136226495,-0.26071696445033665,0.93743077286415355,-13.216440467504039,18.759400812415315,-5.5894932660697965,,0.09323830893468568,0.2666666666666667,0,1
0.95159422105881253,-0.089847137070557817,-0.29393184653537791,0.17784945940823083,0.94091925235098495,0.28816753867058631,0.25067510493799072,-0.32649418450485179,0.91135258777755146,-3.3834715534145468,-29.546687380801128,0.57050351361046503,,0.2952209843257253,0.3478260869565217,0,5
0.86034550089815987,-0.37582904078227897,-0.34432274277045255,0.46999153533131732,0.84636852925919426,0.25053596427766595,0.19726524225318126,-0.37737626420364712,0.90480582414929966,-5.9054582384930701,-25.629971254017772,-0.26713846769264543,,0.2850681348961092,0.1666666666666667,0,2
0.21307588808360714,0.96321541944262012,-0.16375201270628517,-0.95781017240176058,0.23901318280765607,0.15960066443428014,0.19286871068447495,0.12283629020827422,0.97350547314680103,-17.046719373362127,-19.7972376495227,-3.0501071957699262,,0.1340478670816525,0.2424242424242424,0,3
-0.015489746276690405,-0.94769594628552389,-0.31879846479283691,0.99178705100792375,-0.055046455413140752,0.11544840059288557,-0.12695870672502146,-0.31439192282950756,0.94076522344646396,-20.051315864172381,-20.206344092430744,-3.6486416930423831,,0.1342487661452537,0.4210526315789473,0,1
0.96564979338839863,-0.010057890292338835,-0.25965229706630899,0.069123562697646662,0.97318911107160233,0.21937385252497466,0.25048435002795677,-0.22978640720140966,0.94045510124436049,15.367187584665995,-30.763129498980977,4.5124176907855365,,0.2071341893416715,0.2105263157894737,0,4
-0.49327631326026755,0.85942157540934738,-0.13443598661546596,-0.86923868135083815,-0.49289408907737287,0.038464682450820839,-0.033205325172543314,0.13583067648179442,0.99017545602114554,-4.9302143186757252,12.281980374367555,-3.1623379253296551,0.5571578454340504,0.2326794722066755,0.3043478260869565,1,4
-0.87762538862254991,0.46709938508098481,-0.1076654155338852,-0.44405602594460902,-0.8768256722469846,-0.18436644572943386,-0.18052125378303518,-0.11399519702860064,0.97694276802022118,-33.209621622746468,14.718410238211048,-9.9644441254058851,,0.3471658571612548,0.2142857142857143,0,1
-0.75414356480098965,0.65342948797160771,-0.065554465282066959,-0.65328678961319675,-0.75664425128095492,-0.026567791032857488,-0.066961587392609684,0.022789937530524305,0.99749524538276202,26.579948053848291,1.3224542147498097,4.1231853907388203,,0.18723889865665,0.1111111111111111,0,3
-0.49050882241836341,-0.75331600022359135,-0.43808229699096701,0.83900915536298726,-0.54410412170107902,-0.0037870786874825437,-0.23550951646767473,-0.36941265348527119,0.89892689307759299,-10.738490990170408,14.925974117549698,-4.7785971812168269,,0.28858403502755,0.2666666666666667,0,1
-0.87800139990184933,0.43915923973823279,-0.1904014283636839,-0.44322927389269962,-0.89611301296402635,-0.023006059225468181,-0.18072452112246429,0.064192134635582515,0.98143671080512573,1.9438214044253568,-29.002016081199002,1.6485699209683662,,0.1223347139221565,0.1428571428571428,0,1
-0.39039353523714654,-0.79358676931583982,-0.46670432525517935,0.89714284655874021,-0.4417400162557264,0.00068622654600377839,-0.2067065565325025,-0.41843254845343947,0.88441313981715397,7.1278228296119766,-26.810189550764999,2.4326341781000167,,0.3002551947404227,0.3529411764705883,0,2
0.96311520130177353,-0.10865951824685462,-0.24617517770036487,0.16965422033474564,0.95530976052242511,0.24207582897347835,0.20886970710003488,-0.27491156859060811,0.9385078981612236,-10.430366072789504,-24.747137774798343,-1.17654530608166,,0.1207810259920645,0.25,0,3
0.8026615196869068,0.57193542511832129,-0.16918733495339097,-0.5105624293625961,0.8055103725505387,0.30079734945118169,0.30831881314196452,-0.15505776087709261,0.93856091984192114,-9.7480854901606584,-22.689424329464536,-1.2734501443356905,,0.2148824516055271,0.2307692307692308,0,2
-0.27192954645258671,0.93893620766038233,-0.21083908487381958,-0.96125612062782939,-0.25474432803588254,0.10531855434386703,0.04517734301202278,0.23130958751829939,0.97183068607679191,17.029084374139856,8.2390675856994271,1.7353489563176279,,0.07152480166202531,0.4,0,3
-0.78730212467463467,0.61421896458685543,-0.053762701054327899,-0.60119357237057491,-0.78409761430538483,-0.15413377235671016,-0.1368270917001167,-0.089028056153411889,0.9865862112326691,-8.3148712573378578,-22.501067348709732,-0.96820767140604513,,0.5514848162458335,0.1612903225806452,0,1
-0.43271908211829757,-0.77550941384333139,-0.45971659205544413,0.8708998368287193,-0.49137517730963753,0.0091602039078756241,-0.23299714629670806,-0.39640330998150852,0.88801843767643474,28.305885974033526,2.5208336433442269,4.3135842725068612,,0.2824258967954366,0.2173913043478261,0,3
0.92491406781516339,0.29160848263722572,-0.24392306166417085,-0.25713131477101103,0.95242430496950148,0.16361977346119774,0.28003116633999714,-0.088613972698313212,0.95589231073426051,24.746511300103453,2.6244906220431909,3.5986510191993002,,0.872701362600481,0.5892857142857143,0,1
-0.77888138251750705,0.58734940882974185,-0.21991922134040456,-0.61288070722094612,-0.78723410047616416,0.068115415023602313,-0.13312036164302651,0.18783807653092405,0.97313710561317757,9.7266021642251772,10.493696942992456,0.072408042578982854,0.8166209994752808,0.784505464581628,0.8313253012048193,1,1
0.74818468386675885,0.63084801490835685,-0.20554916908950049,-0.56790202736561413,0.76908255774030332,0.29325638389242026,0.34308448834248351,-0.10267814502521456,0.93367565695639587,22.819307206363494,7.7601331225678738,2.9498656175803188,,0.1587518531528659,0.2142857142857143,0,2
-0.237072418577365,-0.92789044579939983,-0.28777767276852789,0.95502252715742975,-0.27690679587631095,0.10608769494786657,-0.17812535185008124,-0.24968369388429493,0.95180324229148272,4.0916028170550636,15.468710024319822,-1.4380962299069293,,0.07592364749792385,0.2105263157894737,0,3
-0.89224273550081779,0.39076313248641709,-0.22628980364881929,-0.39942704425318126,-0.91672900184808703,-0.0081224066493641514,-0.21062036289301569,0.083139109088401941,0.97402615533403503,-13.390570907131575,-21.647145559208738,-2.1695612091674739,,0.2957775463815035,0.2,0,3
-0.26065620804572098,0.96340230089398504,0.062564749175567702,-0.96416509232722158,-0.26308552328130702,0.034229843374480463,0.049436989642033122,-0.051400525989299638,0.99745374327993641,-0.78357462986762871,8.7559248965089811,-1.9447856650144664,0.4625986290767948,0.3010056485214244,0.2767857142857143,1,1
-0.010863481055114416,0.99979154958628258,-0.017287051663805147,-0.9906060435830919,-0.0084037021983669608,0.13648825665974473,0.13631453039210586,0.018607395444367222,0.9904908448030999,-10.801440812778649,-28.504784125038046,-0.90046525130639055,,0.5033482734080618,0.6923076923076923,0,2
0.59888111998915183,0.79321490413497542,-0.11023393297292514,-0.73554612119118856,0.59925723581740742,0.31601055191413396,0.31672276160884716,-0.10817061143684215,0.94232999055545474,-13.148891781757889,-30.026128865469669,-1.284975954554181,,0.2650743396779269,0.3333333333333333,0,2
-0.96256097941564112,0.00070221782574783685,-0.27106432409398118,0.055964310136225714,-0.97793678690739749,-0.2012650908732346,-0.26522510608420535,-0.20889985089358068,0.94128449227598643,-13.416557011048049,16.38880594686395,-5.4355364513113065,,0.4030510750092227,0.1739130434782609,0,1
