axis_00,axis_01,axis_02,axis_10,axis_11,axis_12,axis_20,axis_21,axis_22,location_x,location_y,location_z,dbh,dbh_approximation,score,reconstructed,number_clusters
-0.67230481599475311,-0.69460959679332135,-0.25597605831967862,0.69914132069274593,-0.70943947627579018,0.088865309325601424,-0.24332621743302377,-0.11921886404487819,0.96258984742494835,-11.936104851815776,6.6792437723474363,-5.2786412280869506,0.3416857915376651,0.2384563477789476,0.7248908296943232,1,5
-0.3810390820731821,-0.89147021650424818,-0.24513276202640255,0.90335555098158826,-0.41543271758020067,0.10660396650537091,-0.1968704305973239,-0.18082176376143277,0.96361066998379952,11.369758186563708,-3.9200611570906143,1.0978492844599221,0.6874483583756363,0.583538690622423,0.9947089947089947,1,5
0.7656216170714627,0.6211955783594707,-0.16715140711199433,-0.58535716128808069,0.78050604330741491,0.21947052214218413,0.26679680133321876,-0.070188102889632162,0.96119357936428007,-10.755333317040073,-0.78336978175283245,-4.0154092028113135,,0.2514362092382241,0.1506849315068493,1,4
0.86534987031978716,0.46091315904111968,-0.19679599020371794,-0.43273138298460628,0.88524844834919769,0.17052488051767661,0.25281050634369701,-0.062403882235588917,0.96550121872743899,6.6300927857827068,5.9981954165686284,-1.2254360048931685,,0.08789120255662097,0.2982456140350877,0,5
-0.20613548574846452,0.9574626905604956,-0.20192413847755142,-0.97619915604679219,-0.18700512687819634,0.10983756304107027,0.067404519498146201,0.21975959297815981,0.97322266313793693,-9.225959828875947,2.1599886466757461,-4.1131119983828679,,0.06486056800233078,0.1853448275862069,0,2
-0.032282916596968143,0.99947834063182261,0.00092731000740479182,-0.99345682837484417,-0.032190088929286001,0.10957795549342597,0.10955064331800059,0.0026162535391837309,0.9939777722695966,-18.079465489618741,16.199440134832173,-7.835640198469072,,0.4673262852539359,0.55,0,1
0.49302120211256467,0.86216102749767121,-0.11665529105719497,-0.84166612837222576,0.5065987332157601,0.18696484122715068,0.22029122229083017,0.006007176403649726,0.97541565048612267,16.637042243758859,12.24100155378903,-0.13150724045136583,,0.2742994792838924,0.2352941176470588,0,5
0.51201126564996102,0.8558629929722521,-0.073095835094088485,-0.83231669516595919,0.51535629792137416,0.20409998809600818,0.21235202564501135,-0.043662609328271693,0.9762172881849136,-7.9123256726857951,17.252371511244412,-5.9292503327107564,,0.2931350370578802,0.15,0,3
0.94057340795462607,0.26911627720809372,-0.20711854960451087,-0.23004646096763653,0.95358066200366587,0.19432587797026943,0.24980050048966176,-0.13513086395900362,0.95882186018092419,-10.342713132788292,11.781642080586066,-5.620453904142507,,0.3097429911952322,0.1690140845070423,0,3
-0.42304306446877848,0.88955242936841861,-0.17242691498025697,-0.90607705208485945,-0.4136856526145849,0.088817546160968416,0.0076773231061040255,0.19380571773193114,0.98100988908590292,-13.928560079723134,-7.8074628189837059,-3.7934051545053955,,0.7543883367314184,0.5952380952380952,0,1
-0.3403580049074868,0.93953276949999887,-0.037876160458209379,-0.93837551739901448,-0.33681408730078954,0.077509089414516855,0.0600651050238541,0.061922900702381128,0.99627191947132376,-3.1551674541542662,10.298826809117244,-3.8947217296532117,,0.3942839855660658,0.325,0,2
0.18510774300242192,0.96805478049580052,-0.16913032087646648,-0.97062990055167508,0.20701408288085399,0.12256739225440277,0.15366430826836486,0.14147477318669241,0.977942824973004,-5.2059340688186913,-6.6130145738125279,-2.0458981095252926,0.6130118985508758,0.6785907152070847,0.8098591549295775,1,5
-0.93693504668995231,0.28310198457637092,-0.20495361575979934,-0.28827675956950694,-0.95753510814955689,-0.0047985990789156706,-0.19760877555462958,0.054587388561238577,0.97875992400274725,-3.9113875795532191,14.304577329630494,-4.6073321058204888,,0.4020270217903852,0.2413793103448276,0,3
0.91415146125873947,-0.28146031883119826,-0.29173137438738067,0.36759097085722042,0.87894608769462368,0.303859594336859,0.17089173187359286,-0.38501151132109629,0.90695212229063582,11.879496656590806,-12.36610925104897,2.2739755960394876,,0.4150668115413205,0.1764705882352941,0,1
-0.25963386689215018,-0.92906386841963218,-0.26349683785536665,0.95016690793780079,-0.29451514818334429,0.10219429803302207,-0.17254884010780425,-0.22383287490377932,0.95923184991416999,-1.0224263538859613,-6.4389196378780671,-1.1754402946011002,0.2076064596754789,0.1460321361994033,0.6449704142011834,1,5
-0.29799662363059976,0.94874770377533668,-0.10524165945949987,-0.95411137978371985,-0.2926329339961769,0.063540860145238243,0.029487069572444662,0.11934722670349679,0.99241460700969897,4.4390314510004103,11.2496063379891,-2.4893973576103949,,0.1435243531970857,0.4615384615384616,0,5
0.89617035101154041,0.41636680941729542,-0.15335378046697187,-0.35252387884524972,0.87800782118815979,0.32377334784740897,0.26945429447635527,-0.23609520526279457,0.93362381998327748,8.5164612571193068,-10.000628798136685,1.2780103122238919,,0.4152773337117767,0.2173913043478261,0,2
-0.44430180067062613,-0.76420961972508217,-0.46752493734610945,0.87463843249582163,-0.48297676340938567,-0.041725991993552515,-0.19391627657855523,-0.42745421173061199,0.88299454955943535,-15.196771907898642,14.180778180826449,-6.9925900741972802,,0.5580362275031748,0.2909090909090909,0,2
0.91705473350436506,0.33762271915100694,-0.212182740274316,-0.30014312368539708,0.93475080828614243,0.19014476514691792,0.26253518061701747,-0.11068796647099646,0.95855279093897894,4.8555068933064476,-12.509602125708394,0.84884060239021508,,0.1187865710619445,0.391304347826087,1,5
-0.88739566872308606,-0.35084143547584457,-0.29906389665881317,0.39302761798058955,-0.91480997745328441,-0.093016109660763929,-0.24095273112377946,-0.20008246376224026,0.9496887853706717,-4.0989251218308214,-9.4443543757301445,-1.4057651403337821,,0.2700469050455942,0.1896551724137931,0,3
-0.65624278038409956,-0.70377107196469502,-0.27212440438044427,0.71596844751978705,-0.69462859094530005,0.06985916401915053,-0.23819025032493185,-0.14898791530527705,0.95972287966013159,-21.794876254462185,18.619747087762441,-8.9851754784622297,,0.09343171036108083,0.2307692307692308,0,1
-0.96955401635611538,0.11605480557203753,-0.21562998741213998,-0.11501927267948438,-0.99321105569328683,-0.017388667600126598,-0.2161841258742313,0.0079423518092463768,0.97632030746457954,8.9843974380086635,3.6047698966444757,-0.35216371879962804,0.5581253089412948,0.5130724548123382,0.4,1,4
-0.78037157208467722,0.60225838875371263,-0.16824102548982767,-0.6100628940193108,-0.79232557426874839,-0.0065916386793899657,-0.13727153682708698,0.097493679464251221,0.98572384958549619,-9.1987280509311145,13.932568987347347,-5.7222615349943835,,0.1739069550956273,0.1904761904761905,0,3
0.57942939692474604,0.80549740863973174,-0.12423968228429165,-0.78634171854995383,0.59258892048820033,0.17465701526859731,0.21430883240625054,-0.0035065637462294687,0.97675965742006554,5.7380591050939538,3.8948166141226017,-1.136958988027885,0.4873755674324045,0.1976987290124878,0.3333333333333333,1,2
-0.4422873437843664,-0.82725180075200078,-0.34646264399029081,0.87173256761048157,-0.48734205170106376,0.050794243877002876,-0.21086544547509026,-0.27955711902287722,0.9366875578912226,-11.927981289994674,2.5387323396136874,-4.749797166976105,,0.142099037424895,0.4102564102564102,1,5
-0.91252672517452571,-0.25306550442750081,-0.32132977812694241,0.32229163356151347,-0.92859926637025403,-0.1839334266327832,-0.2518393908396912,-0.27140606655983363,0.92893254236032285,-17.064334466352179,-3.2867720505141098,-5.0997979289482753,,0.2992594017080294,0.1333333333333333,0,1
-0.88306976360343614,-0.3679532020973742,-0.29120136276408815,0.40733592842559485,-0.90917871625211477,-0.086437858186200076,-0.23294899446666864,-0.19494743645518312,0.95274879322753425,-12.045015571314332,11.355998486699097,-5.9604601222447249,,0.2937076371799308,0.1590909090909091,0,3
0.29789578209584128,0.94332436435389122,-0.14627797724139066,-0.9374129712809014,0.3180233486066576,0.14183818602661175,0.18031922882437812,0.094869875921359093,0.97902230942856805,-17.507517291534107,-2.6039071146159802,-5.2616332066367608,,0.3180617725814997,0.2608695652173913,0,1
-0.86956202687281581,-0.37203591898990263,-0.32473243817361069,0.42365976391972665,-0.89988994009017798,-0.10349154632131677,-0.25372088179005076,-0.22756838687707526,0.94012676987619315,-15.738377386414353,-5.3438735566216433,-4.4718007639852155,,0.2485124230725379,0.1666666666666667,0,1
-0.78568442070787736,0.60519948787074507,-0.12819349023220911,-0.60832954485972901,-0.79348811209034886,-0.017657316388691797,-0.11240620938223599,0.06411080916883477,0.99159197669204413,-16.309938941858174,4.5190776664567993,-5.9147476801702767,,0.5813059140005654,0.2647058823529412,0,1
0.095190463621667484,-0.96131006394541396,-0.25849900694732958,0.99091173846896119,0.066712520806936668,0.11680482067108737,-0.095040529248909475,-0.267268405399605,0.95892382245684116,-14.675612668772894,-5.3519481191847111,-4.2599909775105047,,0.07054828377570019,0.3225806451612903,0,2
0.43791189384026913,-0.86748795654662303,-0.23600385267997936,0.89900976686251366,0.42143363199911843,0.11905936714866709,-0.003822606314822832,-0.26430728152397992,0.964430945487735,1.8274223351572323,-2.9848086826434606,-1.007213606337714,0.2273001450845799,0.1775617509114593,0.7681660899653979,1,5
0.9401122114329028,0.29188188262785492,-0.176051119020459,-0.23256141717831982,0.92683841037964221,0.29476388565248257,0.24920717717342769,-0.23616843065608376,0.93921257189557183,-2.1573235357705318,-9.5477483166820445,-1.0272436559819758,,0.2651809392212446,0.2608695652173913,0,3
-0.96825670668355335,0.14013697495225266,-0.20697965652099659,-0.13559554323390158,-0.99010856704711037,-0.036039896157185912,-0.20998285315096832,-0.0068303521980432238,0.97768120963401439,0.89151849989253684,7.3224573327912807,-2.6169681950364372,,0.07248163133897034,0.2033898305084746,0,3
0.81219049105720864,-0.51151564399377292,-0.28053226585525903,0.57542783391342212,0.78158885552005986,0.24083535638387943,0.096069840189091163,-0.35703026044927683,0.92913937540584524,-0.41616578146067434,11.298257018475757,-3.474360528235048,0.7974240745709061,0.4867382937802753,0.3947368421052632,1,3
0.68651220444124228,0.7227366042361637,-0.079704416755947013,-0.68134091522311413,0.67769457059611515,0.2765946966727274,0.25392036231101384,-0.13557975468972941,0.95767561299331294,-0.40437188738463248,-7.7632919525712465,-0.82461411665915541,,0.4782111864394898,0.2545454545454545,0,3
-0.47079382973739498,0.87912330614958745,-0.074130846924976665,-0.88222058589836361,-0.46971927613004794,0.032413568902726814,-0.0063251638986347091,0.080659867446466429,0.9967216151389382,-14.057303486940736,13.632900298501571,-6.6578461925804246,,0.778720127631175,0.487012987012987,1,1
0.87860747584039411,0.45760416952921129,-0.13655521750139551,-0.41927747466018594,0.87607569312378808,0.238112954625013,0.22859418767753029,-0.1519532952823234,0.96158977397479395,4.7845257892233644,8.7622157929579725,-2.0206071341845449,,0.1733146144702413,0.4090909090909091,0,3
0.90436693138761759,-0.28444517166556343,-0.31813738813395082,0.39201530009852498,0.84833156455307679,0.35588981591441032,0.16865484843670364,-0.44656970441251093,0.8787098731661751,-12.054659371241526,-0.14026866564212709,-4.3697377651370273,,0.4446076943005853,0.3185185185185185,0,3
-0.91172742179368216,0.39492398922178251,-0.11308470757179542,-0.38604613588775044,-0.91780111635334261,-0.092787347126077308,-0.14043322012822176,-0.040940854384246078,0.98924332554064121,10.107227248855216,-12.800166280953995,1.9427645990114377,,0.2941793582159175,0.6153846153846154,0,2
-0.95352395496289966,0.20869265806075812,-0.217346363630601,-0.2263868890481448,-0.97220696132005613,0.059687526569008761,-0.19884929916651198,0.10611785350429297,0.97426790842592603,8.8983444025797205,-12.188679305310087,1.6138031129565293,0.2295531578303932,0.2774385589467122,0.8543689320388349,1,5
-0.78364288147170191,0.59463549021018325,-0.17975669139484673,-0.61146537593825745,-0.78940537789927723,0.054306936687541545,-0.10960806698146305,0.15247223723089362,0.98221091855384757,-9.8611128555865637,4.411703197381863,-4.5279717074248937,0.3976066971066624,0.2246011216178322,0.7761413843888071,1,4
-0.96283090089858192,0.018557671818347603,-0.26946663817902916,-0.028698591281120223,-0.9990184410455577,0.03374233704685782,-0.26857596157010127,0.040221477690247157,0.96241840464483497,3.5159518541053547,6.1692195826948426,-1.9470603607202008,,0.1476632924353751,0.2857142857142857,0,2
0.80672569513716197,0.57516023890788626,-0.13558890952022945,-0.53759768533485108,0.80959739455289348,0.23567093044280335,0.24532097653497245,-0.11722951126994047,0.96232783403543831,7.5476007427052068,5.5213318709738903,-1.013247232481258,,0.4287339590714295,0.2631578947368421,0,2
-0.17672407915653768,0.98407215689246941,0.019250711032989015,-0.98312740680456545,-0.17742506999917684,0.04450670202921201,0.047213365014619181,-0.011060495684599674,0.99882358982915831,-6.8937787895153448,11.236656234073688,-4.8624806547566779,,0.2916537930898421,0.1285714285714286,0,2
0.96104862616493192,0.18177654130259807,-0.20818940217638482,-0.13794895195941978,0.96822640208041399,0.20858504492823554,0.23949034385501503,-0.1717408610275411,0.95558853689949896,-5.6310882269708902,-1.626933658777844,-2.8169677665864294,,0.06781787815835999,0.1607142857142857,0,3
-0.76195753593692572,0.61792856423218023,-0.19386851971087088,-0.62042001724514273,-0.78232901143367983,-0.055139097478451249,-0.18574099071143405,0.078266259493842111,0.9794767363211736,-13.641970832394517,-4.2030605232815903,-4.1721048898885167,,0.1519558708810745,0.3846153846153846,0,2
0.80458473303647005,0.59306850386559717,-0.030218489162338814,-0.53774361601251719,0.74922861578690603,0.38663714865985116,0.251942872100829,-0.29483254740387727,0.92173670762801141,-16.342702631662611,2.5428732588954848,-5.6639115660517279,,0.5973847762519595,0.32,0,1
-0.75225177265162935,0.65144786766680363,-0.098655695501351559,-0.65131890133202097,-0.75785340870306983,-0.037972354217074497,-0.099503564308673048,0.035691548432536746,0.99439687955079481,-12.603134132326534,16.98987491829519,-6.8068684282737895,,0.5369920061769435,0.4516129032258064,0,1
-0.90555889089474784,0.36881020805706066,-0.20962377144394018,-0.37931439035574205,-0.92520466897187159,0.010812667649620708,-0.18995706986191743,0.08930482039373358,0.97772233311094914,-6.8927354040252586,-2.4287404538653905,-2.9501164661563521,,0.1609799209877266,0.2612612612612613,0,4
-0.96234379894100275,0.15282869975391464,-0.2248061413114146,-0.17720693669499429,-0.97981917554361231,0.092477482795618238,-0.20613615458472154,0.12883233976205419,0.97000521339035084,-6.0417453712077229,12.094928339855153,-4.7254387503979354,,0.0917219193041612,0.4318181818181818,0,5
-0.96187758287035452,0.15012976068647602,-0.22858821169890584,-0.14895638606218753,-0.98858820395564351,-0.022480170173876553,-0.22935455221724915,0.012426502161724683,0.97326361866723898,1.8814343807651497,11.510515937256809,-3.0826916464779135,0.8631877736629427,0.6039504029018277,0.631578947368421,1,4
0.40896270205916113,0.91223352849501538,0.024072760830494627,-0.8968541855961879,0.39691644004503424,0.19521759500765884,0.16852916098725207,-0.10142647145350846,0.98046447808445492,-10.40013704151019,16.866044808266661,-6.3965989564082282,,0.4381192051601541,0.4489795918367347,0,3
0.87411800141915219,0.46492574595385666,-0.14057656399356333,-0.4126281190430508,0.86348968932168368,0.29004067268253236,0.25623378967259647,-0.19552392995332268,0.94663331752354241,-17.062074604286682,14.967177106613502,-7.5057413937098758,,0.5007139281296611,0.4655172413793103,0,5
0.01798139428017417,-0.92941139992275312,-0.36860699824252863,0.99344357328158972,-0.025021485182315735,0.11155174577198171,-0.11290055874638802,-0.36819610939402619,0.92286786099736651,6.3039413358734642,-10.791507354691456,0.91922398271382055,,0.2614469154858642,0.3076923076923077,0,1
0.85313977486620951,0.48178565467552514,-0.20008774947534455,-0.45367230698367039,0.87453356906957236,0.17138399705500457,0.2575538048978252,-0.055440233759527523,0.96467218165724133,-3.6237996366684144,-5.5697562481061897,-1.8175705711392407,0.3331867303268732,0.1352084170968521,0.2741935483870968,1,5
0.81315581894401689,-0.53113419023630104,-0.23806319765875966,0.56926558797868387,0.81097610158096367,0.13510904117721373,0.12130253278793679,-0.24538588921649757,0.96180635312554497,3.7550245549254706,8.0983437682817865,-2.1567586397945036,,0.07564053706165377,0.3414634146341464,0,5
-0.5458175233598983,0.83768350543695513,0.019224357261584692,-0.83787467340920141,-0.54546251459433748,-0.02089681391614976,-0.007018750080380106,-0.02751344927987778,0.9995967923398078,5.7642478136530046,1.1121623237381633,-0.69983491768911665,,0.3360345167403889,0.2222222222222222,0,2
-0.74591690166594271,0.65559676740870021,-0.11747703763859951,-0.65965661105816964,-0.75154599981808057,-0.005636101905670262,-0.091984407897910986,0.073290440854880484,0.99305960545325112,5.362917740089153,4.956786379698837,-1.3787712108074983,0.7426228701070859,0.286913325142418,0.4583333333333333,1,4
0.95270149797213932,-0.207252578845327,-0.22227510954581275,0.24078403772001811,0.96100643322874424,0.13597677181126347,0.18542627359920291,-0.18306557255510664,0.96545538126015173,-3.2893468547670217,-7.7973252784467935,-1.4581365244494529,,0.07502856115704856,0.2121212121212121,0,5
-0.19268487782374127,0.97981952716258469,-0.053162317941737924,-0.97807212949868694,-0.18741266755947028,0.090837225497851573,0.079040795516960249,0.069499541215262944,0.99444575840762395,-13.686824302014378,17.779529864121074,-7.156152411248125,,0.1870759802690598,0.3809523809523809,0,2
0.82366023301357838,-0.45653220823925966,-0.33639584330398953,0.55725309761733666,0.76156979560359095,0.33087827311594142,0.1051323249429033,-0.4599889012405512,0.8816787425063678,-16.756470688169419,-1.4772035017651419,-5.2213898870079998,,0.6072691652330258,0.3333333333333333,0,3
-0.92150238304240184,-0.23790844808935246,-0.30697382359883685,0.27878167617920196,-0.95550993388225336,-0.096340766444149545,-0.27039625565804071,-0.17435692294843771,0.94682919702872703,-1.7832279048038617,10.576077691173953,-3.6525812196165992,0.7266422605815444,0.5411869513588847,0.1948051948051948,1,2
-0.90731554399773751,-0.31176974171831029,-0.2820959619863182,0.33635581990517327,-0.94079452287625642,-0.042076455910104296,-0.25227617017072174,-0.13306124106941983,0.95846306141084969,-18.150818000817502,3.694317867288901,-6.2343746330994128,,0.1053351975718893,0.1428571428571428,0,1
-0.49627557966037517,-0.79820501015270007,-0.34143712569064,0.84119291885354341,-0.5393782978844488,0.038282176556864077,-0.21472080081681513,-0.26821598300325511,0.93912467977270364,-12.601466061569887,-6.7324585576736462,-3.5999446863914426,,0.1316895009226248,0.2608695652173913,0,2
-0.40871596751302208,-0.80255875964792056,-0.43456955163965,0.89029721926411576,-0.45536541622661625,0.0036330531712331169,-0.20080368340864285,-0.3854111765597269,0.90063094867563287,-2.1524638742227955,-6.2283111011135039,-1.4134119327881756,,0.09316390741114537,0.2884615384615384,0,2
-0.93865095277615096,-0.19948964279660283,-0.28131525246475148,0.23944459166601773,-0.96403796631234562,-0.11531299592955911,-0.24819483551096927,-0.1755980692525983,0.95266187165249894,9.2878105055077675,-6.1953408272549053,1.0237039471844627,,0.2107449195501295,0.2272727272727273,0,1
0.9665779885466913,-0.093967513066994898,-0.23853112699402082,0.14843744560834615,0.96371595710363955,0.22185102831649667,0.2090294639477957,-0.24984327189624675,0.94545492895741845,-15.238959940500118,-3.1584808414267451,-4.7130500639436077,0.5677807983371078,0.4933642948691003,0.46,1,2
0.96194545714836655,-0.14134685277585413,-0.23384183689404034,0.1790759171449075,0.97251516202135668,0.14881557558697639,0.20638011864113306,-0.18502790829746163,0.96081835941073512,8.9771169196343088,-8.7253229135941126,1.220761360001412,0.2200032173988695,0.1597507034248961,0.2916666666666667,1,4
-0.87796984951914225,0.43801735574029249,-0.19315729187793554,-0.45462219388447817,-0.88929093829331451,0.049802488864129836,-0.14995867485077324,0.13153867545205028,0.97990304249824722,-11.199450625803321,-2.6044241459251243,-3.8772886394560535,,0.3140074744007683,0.6959459459459459,1,5
0.67066305008677973,0.71502363614095776,-0.19736330208034925,-0.68579020846135019,0.69910018218116299,0.20236285541768997,0.28267094514087188,-0.00036746976239483486,0.95921686898174308,-13.749076839058272,-1.0105672031140456,-4.6479398366268079,0.682473725903852,0.2891386700868331,0.3478260869565217,1,3
-0.80222921870277408,0.56639549928386179,-0.18874432190273177,-0.58559432458724214,-0.80806727342016815,0.064082514296086496,-0.11622206189338173,0.16193646908056594,0.97993316726752899,-6.8966061496304452,14.427140881632685,-5.2141883166277143,,0.07825041559987721,0.2258064516129032,0,4
0.95809352858712826,-0.11192986780358065,-0.26368256516678873,0.20469369308848012,0.91145774990123962,0.35685467932306603,0.20039282045338827,-0.39587431697249847,0.89617310976858378,5.3132262831331083,-16.258967863383234,1.4259729210711711,,0.6562559949538537,0.2857142857142857,0,1
0.93664681528328819,0.31018295279578884,-0.16272455012861065,-0.24677170918603067,0.914044054810912,0.32191177271145571,0.24858895181620291,-0.26136182135061758,0.93268083038905103,-22.896284997897602,19.376958964383846,-9.2717060856428279,,0.3540161214724474,0.1176470588235294,0,1
0.76929713753869711,-0.56268939995537848,-0.30259304908180401,0.62961126412228507,0.74813111592787596,0.20949818488676622,0.1084968675359131,-0.35168234609995319,0.92981071040106211,1.740038724984472,-9.3978565754907084,-0.15764338555717558,,0.09900855072372111,0.3275862068965517,1,4
-0.67040166428981263,0.70971020485873881,-0.21650180977723341,-0.73854356935346099,-0.6663674966589257,0.1025073439474856,-0.071519260930886577,0.2286171133486844,0.97088578669172843,12.181740615608213,8.3200642311355857,-0.48562445145320399,0.2826688582662228,0.2569764710238486,0.7916666666666666,1,5
0.5705997087567628,0.79495812457738979,-0.20605230533798222,-0.78780943687143457,0.60071794840364567,0.13599352058840677,0.2318884722081106,0.08473208739382479,0.96904499886376538,-2.1487534474071457,11.894354089261684,-3.963290626632987,0.4391436945039845,0.3910055884036258,0.8017241379310345,1,5
0.96653055257353426,0.13953577871340353,-0.2152869187868639,-0.093166833835202148,0.97277101206554339,0.21221804625927185,0.23903688421459454,-0.18505762492754158,0.95321301052868335,-14.478282111907616,-6.2571808740176547,-4.1052388792960262,,0.7313290382368671,0.9591836734693877,0,2
0.50440080727369785,0.86308466884726998,-0.025781389071141622,-0.83734403109312394,0.49621039564870772,0.22941276521342172,0.21079563376492719,-0.09412809172053152,0.9729877199300575,-21.745741996034621,15.496494068991,-8.5338655272462294,,0.6820942521197039,0.1875,0,4
-0.92582806838458109,-0.24596547355174073,-0.28695535125127625,0.27635722295135556,-0.95849853189764112,-0.07005176423675262,-0.25781596753089242,-0.14415807355307816,0.95537917954892415,9.6000655211730006,2.1662414265050027,-0.066709126210924799,0.635975983271599,0.30069367454392,0.2727272727272727,1,5
0.60441821502653692,0.78142700508373941,-0.15508209783850274,-0.76222014824441198,0.62384405608039051,0.17273980231386346,0.23173059132190713,0.013799616625935649,0.9726821184881399,6.8552141922266827,3.2037443996868364,-0.7872064604768032,,0.09058455333308567,0.3333333333333333,0,3
0.8367873274583203,-0.44345381536014655,-0.32114744627303138,0.53269689467124104,0.79496532784529816,0.29028287226674881,0.12657403767272882,-0.413979276252261,0.90144338248215916,-9.4825781555560891,-8.4860480582526954,-2.7086131684022328,,0.2741311689047197,0.5,0,2
-0.961736680979147,-0.15186680341771636,-0.2280329591942753,0.14312348591445742,-0.98820304476008858,0.054501468847951789,-0.23361982843694454,0.019779189735043643,0.9721268227008848,-12.894065011805571,14.638300260181664,-6.5472262951815221,0.5600338741768089,0.342675787092162,0.8120805369127517,1,3
0.87540999546539333,-0.40054015857632591,-0.27060103696573562,0.46063500082344422,0.86095452714741072,0.21580708561297068,0.14653578353311988,-0.31356798872338693,0.93819101498165314,-5.4824455534027754,-7.9380523337191935,-1.9248908306762744,,0.0903147135462881,0.2758620689655172,0,3
0.0730808393009027,-0.96741830055596789,-0.24240672984980691,0.99231452911568152,0.04619753388176541,0.11479400319339812,-0.099855226367969258,-0.2489329620854675,0.96335938992379988,-15.990751391445693,-7.6136122204808441,-4.274927519586285,,0.08142654771332805,0.3684210526315789,0,1
-0.7015677399126683,0.70846233695592509,-0.076706084692010165,-0.7053327263589626,-0.70571223526052385,-0.066902811081646557,-0.10153054437390568,0.007166457879781942,0.99480660956820854,0.46836267508454216,9.3732499357836758,-2.9760617572518662,,0.31736642377597,0.1333333333333333,0,3
0.67742784795199584,0.73024271741897762,-0.088527309208373844,-0.6982386886109101,0.6762187653347016,0.23492746781960022,0.23141790022823411,-0.0973332166619362,0.96797314032373682,-6.0005602618433223,-4.6843200344834095,-2.4720913014480455,,0.08824170353796305,0.325,0,5
0.31757345045673663,0.94630517612039411,-0.06044515872054837,-0.93182289707373323,0.32325073272798743,0.1649698526396097,0.17565076730295809,0.0039341375889626702,0.98444468128347051,3.5372167747908509,-3.4856705121891709,-0.56909901816552078,,0.4160624909143137,0.1890243902439024,0,3
-0.81483844637403302,-0.52920166497379861,-0.23660918008333864,0.52172321924500553,-0.84739988561076462,0.098581521430183949,-0.25267209741358165,-0.04311648937264112,0.96659080252855678,-0.62371203572400935,6.3826607687526993,-2.8494446784467842,0.1764479562512568,0.1546756044553758,0.6829268292682927,1,2
0.45062383271837525,0.89035651430633889,-0.064833932616097684,-0.86390803872694655,0.4532318993643063,0.21964459023974489,0.22494679817495458,-0.042966531520362956,0.97342324564392191,-0.92958097295751474,13.837165514784218,-3.9508531414646506,,0.186790717011159,0.25,0,5
-0.10904250575117327,-0.89707287842889405,-0.42821721442137584,0.98341683276680369,-0.16015738193401763,0.085093748553867657,-0.14491744191232817,-0.41183718117641893,0.89966053110617661,-4.4150214885662091,-13.694869579049881,-0.98027292122275977,,0.2148607207382486,0.1875,0,3
-0.49063061801305924,0.87123305001239026,0.015315653242063382,-0.87136410936582176,-0.49060299483855235,-0.0057697802862621871,0.0024870820717636491,-0.016176341414274781,0.99986606123081179,8.7829402103870429,9.427984871037129,-1.2869017789387966,,0.5460306477138177,0.3571428571428572,0,3
0.59326204004457361,0.80424325109151362,-0.03511331536471473,-0.76651927609026749,0.57768478916298982,0.28058596499426669,0.24594379688091758,-0.1395459689258837,0.95918641114870551,-6.4627393205123909,-11.904394421097496,-1.647248430829044,,0.2260961074677515,0.28,0,3
-0.126588790601422,0.99163861444428281,0.025062650240800319,-0.98738299224672454,-0.12838816131686126,0.092689301732083521,0.095132038325555307,-0.013013007980439962,0.99537960442603368,9.7044998235465929,10.725549032658105,-1.3630897896114202,,0.1536184934483074,0.375,0,3
-0.85721479395032374,-0.43141284342356589,-0.28118633601563675,0.44698461434154718,-0.89448887249101849,0.0097165596630682232,-0.2557098972950464,-0.11735678727257901,0.9596039979629184,-9.2979982007405653,-1.2348057111782349,-3.6017142092493302,,0.1125707592251557,0.2413793103448276,0,3
0.79206011130811604,0.59103693955769254,-0.15269615631327593,-0.53972639216466212,0.79490484491420432,0.27716729448627137,0.28519502393185159,-0.13711901257739004,0.9486106549656238,-4.9970138863320273,17.703569743274731,-5.4328541455800998,,0.6208862956531389,0.25,0,3
-0.46253382821605904,0.86469194826103557,-0.19588336419495034,-0.88659585652148742,-0.45189837874559585,0.098669359408240384,-0.0032007740825513637,0.21930729559145204,0.97565058558155771,1.7108545222034903,6.1958462415885842,-2.2910269859691659,0.2793187729646984,0.218251479668649,0.5169082125603864,1,4
-0.86408987473757937,0.50011857192826537,-0.056833989728207641,-0.49709574972006298,-0.86564402494983017,-0.059634198903869055,-0.079022174016172023,-0.023277372727394413,0.99660105354784156,9.9386231493975146,5.9076992657985379,-0.5151792504341508,,0.4621042373127373,0.3103448275862069,0,2
-0.22074139694943956,0.97387254313720462,-0.053343278829507346,-0.97428203244129385,-0.22271118503036907,-0.034267321524010096,-0.045252148400612972,0.044407181692169326,0.99798809876635663,-7.7672103083394592,-11.210263816803156,-1.9968404539751921,,0.2564042388203445,0.25,0,2
0.35285896144424483,0.91186342283095312,-0.20975140388447114,-0.91604129861262973,0.38234577223882954,0.12116125489272415,0.19068007909735979,0.149388113831425,0.9702186861122154,-7.6478705353596501,0.23754200407621751,-3.5209668624248249,,0.2036171039709065,0.8352059925093633,1,1
-0.40277146366600364,-0.88249530938823317,-0.24285217100967466,0.89406161156719322,-0.43615024792428314,0.10211168374608656,-0.196033116534476,-0.17599713106568982,0.96467405224688618,-1.562983412036171,1.763688627583923,-2.3409541622229626,0.2301512726353886,0.1946991412942212,0.940864960282436,1,4
0.88955943310569596,-0.32643728200618327,-0.31956644988028177,0.42850269589791107,0.83872711862197535,0.33603907525211979,0.15833336534316947,-0.43586181457486378,0.88597687555297533,2.8173840930827723,-8.1386199218733157,-0.10416230131153836,1.118898696544915,0.4483079926546273,0.2439024390243902,1,2
0.97491786857460361,-0.01071362400885892,-0.22230692250703174,0.051285799872544023,0.98277471061294275,0.17754896482683141,0.21657542858178525,-0.18449684669457864,0.95867408293662182,17.270036601803739,-5.255380930741425,2.4592758504495666,0.1529599769810445,0.1266032120805455,0.2105263157894737,1,4
-0.63975498061038705,0.74494013302078033,-0.18915010705570448,-0.76700692319266406,-0.6345424310252975,0.095164504953411999,-0.049131909780970498,0.20596140765562607,0.97732592004806018,-5.7812294349794175,13.405968973054572,-4.8642605771091221,,0.1135484761595269,0.2352941176470588,0,3
0.8352776575031603,-0.4266850763060131,-0.34677237567857777,0.52272243826257403,0.81183059412326564,0.26017751436720105,0.170506561201798,-0.39858616647244199,0.90114182040561208,0.94518778357756494,-12.138669406961661,-0.033342552851184905,,0.206358674072102,0.2352941176470588,0,5
-0.4309375294991355,0.88444891746420429,-0.17900546937336301,-0.90230477466031256,-0.41974637825762923,0.098280575724837754,0.011787251349815496,0.20387027820651007,0.97892694843364925,-3.8828737486500242,11.059556482212516,-4.1752066380840258,,0.08279405493870681,0.3095238095238095,0,3
0.30956505922100236,0.94722858385535824,-0.083231508678315191,-0.93318957958623427,0.31944513233232735,0.16465726822964266,0.18255597131062004,0.026698639601167029,0.98283289524836426,-14.835761280983947,16.089132306994305,-7.1579258212981456,,0.2615357909213415,0.1818181818181818,0,1
-0.089518249511874634,-0.95336723120052358,-0.28823151367845906,0.98648010624514559,-0.12475564997149954,0.10626865851582892,-0.13727156656385517,-0.27482166994841339,0.95164571492749839,4.5428142713508635,-2.6959158654457349,-0.45474441818400724,,0.2341022422362971,0.4038461538461539,0,1
-0.63401380287243903,-0.6579213756655532,-0.40640615301638039,0.73661802460823411,-0.67378390495067586,-0.058387800538140945,-0.23541534272321907,-0.33638476908410209,0.9118250399823119,-10.831881292616037,1.599857546940836,-4.3905794325075167,,0.6245037438678771,0.5384615384615384,0,1
-0.45562693870650023,0.88899877733002031,-0.045664719759049739,-0.89003594087561244,-0.45406510246177756,0.040754222800095677,0.015495698584039021,0.059211963589337197,0.99812515582630668,4.272433978687924,13.777109945742371,-2.945652299646262,,0.3435292339074962,0.375,0,3
0.72233660296580648,0.67076709336623941,-0.16823001656311543,-0.64650184054085924,0.74136229949682708,0.18004807986218452,0.24548971911895046,-0.021294303035893344,0.9691652854209728,-2.6949046022676284,-5.2330882963474172,-1.6441977951591291,,0.09469062717005555,0.3388429752066116,1,1
-0.8838526810833246,0.45048326260317473,-0.12597328389867926,-0.44364158078401406,-0.89266865971327525,-0.079528685171867453,-0.14827874406427746,-0.014404654806823443,0.98884069494464932,-5.1156995376763765,-10.515894571205376,-1.4728028347374653,,0.1738651687197304,0.2272727272727273,0,2
0.97259919894016666,0.093338024302955402,-0.21292912304371803,-0.064207328374634193,0.98808868516180393,0.13985052462615141,0.22344622888725998,-0.12234689809896603,0.96700724884647282,-9.2443270434302853,10.673116791031907,-5.243693531168419,,0.3986934737429784,0.5357142857142857,0,3
0.85283031595626035,-0.42763374133542731,-0.2996828914993459,0.50412817496639228,0.82387691474032987,0.25900118255137206,0.13614417134419887,-0.37196264950854857,0.91820942708054443,5.8242378811861464,-13.237655471096279,1.1452124278217906,,0.1801946980417484,0.3529411764705883,0,3
-0.97194005070112821,-0.051067933420260128,-0.22961838780740104,0.086678263914773457,-0.98521454129286301,-0.14778087220548314,-0.21867651087349779,-0.16353707164210907,0.96199595102625868,16.66019989188818,0.33437813085727947,1.6380146777459936,,0.5473152685657214,0.3095238095238095,0,2
-0.82958588921728027,-0.44665874406673206,-0.33508688240559831,0.49773024635379065,-0.86352219592949631,-0.081203565203110256,-0.25308467807468887,-0.23414820837629771,0.93868139548943941,-11.503146569846335,-17.207795006060184,-2.0987182640326512,,0.4449697168497042,0.45,0,1
0.046325819141228068,-0.87099357451745296,-0.48910541975140981,0.99326113471367528,-0.011908922982310508,0.11528441273954987,-0.10623670151221622,-0.49115004907126902,0.86457237554128086,13.859804305451679,18.391431280630517,-1.6223486090809349,,0.2142910468316674,0.2,0,1
-0.27231902890695886,-0.89202520644198324,-0.36074004153587935,0.94029967755661881,-0.32625407329813744,0.096926756075362178,-0.20415401755069662,-0.31280874464840425,0.92761620640726195,21.124032636137393,0.80287757301694362,2.429383868895727,,0.2058666282943033,0.3636363636363636,0,2
0.44415160106050361,0.89112599183170504,-0.09286453552003196,-0.87174626043864833,0.4537545178209732,0.18483856461325668,0.20685215175729774,-0.0011420328437435549,0.97837154653759251,-2.7305555216351411,13.084363726048471,-4.1827104911669482,,0.6779062005092575,0.2337662337662338,0,1
-0.90352910780679629,0.39260920445301961,-0.17173573863532765,-0.39451052805662112,-0.91856800252670179,-0.024377612405478786,-0.16732182941367962,0.045725674548034792,0.98484139235147261,-7.9396676489509765,13.480503488494703,-5.3615781656332784,,0.1961427564950904,0.1666666666666667,0,2
0.88506149327253625,0.44825627245019301,-0.12542913272141118,-0.38650314316723572,0.85788079386496496,0.33860871790233671,0.25938672565887866,-0.25121078346017556,0.93252971471438384,-6.9956922636066361,-11.144263434395805,-1.8477294757001586,,0.2073169445104264,0.2,0,2
-0.19503127003877976,0.97309520230096003,-0.12267245398178833,-0.97832245868228596,-0.18413246529957078,0.094764983303695483,0.069627369222941854,0.13849535184097614,0.98791247940975868,-10.238042268638379,1.0163391930096648,-4.1465530158700448,,0.1419949344687776,0.1,0,1
-0.75682383510120066,0.64983115484690601,-0.070264876097849441,-0.64624726893041895,-0.76005165717267054,-0.068453968687374828,-0.097888457045173502,-0.0063991108299071139,0.99517681914215717,18.884893017464695,-6.815914536226507,2.8981659160564357,,0.3741242289505438,0.2,0,2
0.83384161106014743,0.54753321064177918,-0.070110989929695847,-0.49049296005258286,0.79319046437284613,0.36092318208566776,0.25322879734238851,-0.26656382063643502,0.92995639990498158,-8.3476297321809501,18.337826788089163,-6.1796449022291098,,0.308478805933126,0.2142857142857143,0,1
-0.18772854002226511,0.98203993131272294,-0.018856525883872082,-0.97662879308550998,-0.18457966908326448,0.11012059878810915,0.10466229396228566,0.03908860535262091,0.99373934467451674,-0.47537235653414561,-15.151555482203104,0.036120275812723097,,0.6113053878620316,0.25,0,2
0.67025560488901859,0.71048929047659881,-0.21438841440925302,-0.70229863219710187,0.70060787411796832,0.12619523738231941,0.23986257592407897,0.065981625032724048,0.96856201134935382,14.116774763448245,-8.3053556867428036,2.1665456435621184,,0.0849048676147818,0.4193548387096774,0,1
-0.068576802392224578,0.98321739836447719,-0.16905848019855721,-0.99202233948170171,-0.049236954833124465,0.11604912859652329,0.10577759754744533,0.17566806719534717,0.97875013666662747,2.3335617425050983,9.5911018691979137,-2.6005551582523139,1.039079449451368,0.5882058968729666,0.2307692307692308,1,3
-0.90443902594597503,-0.33232548270825191,-0.26748798456869571,0.34386107546385725,-0.93901222888831215,0.0039490225428126056,-0.25248684941345939,-0.088407055945391264,0.96355310353520918,-10.554341586204099,14.536681935907691,-6.0661853518502156,,0.6691377962164242,0.2222222222222222,0,1
-0.33193344597174773,0.94163092044472296,-0.056137305846854724,-0.94256979860674572,-0.32874202376857625,0.059083471148696678,0.037180131787806027,0.072525109244754332,0.9966733398306975,22.162057221940348,-5.1850730719258511,3.4384374682345564,,0.1923098317426638,0.2142857142857143,0,4
0.668208062524691,-0.6441921157358218,-0.37217536619287839,0.73979269538712666,0.62830101109727554,0.24071686128310724,0.078770254721233113,-0.43618156480753045,0.89640442295495493,12.974124937777642,-7.8008873104815395,1.881948950624678,,0.5284566747123765,0.4545454545454545,0,2
0.74610438389246847,0.65036220049992899,-0.1426788579199102,-0.61189469336756297,0.7542259792963002,0.2381765235768494,0.26251310932038496,-0.090400112364017904,0.96068448885131741,-19.073062660918559,9.270920495931847,-7.1406601854012406,,0.2581692902740505,0.2307692307692308,0,3
0.96661891108544595,-0.09392858242330987,-0.23838058254801822,0.18746107346945817,0.89349127398961503,0.40808294406663481,0.17466031794790554,-0.4391477709249601,0.88127351521872854,15.13623954519948,1.5812344374005709,1.1633527948157429,,0.3325875387997995,0.5116279069767442,0,3
-0.83903056245272145,0.53971548080193454,-0.06881071902694863,-0.52720511843895446,-0.83773051625126305,-0.14234586482634623,-0.13447110604898485,-0.083155167753596368,0.98742227021362738,20.140283362309365,-8.514508955228564,3.3511790853423866,,0.4597057084928292,0.3333333333333333,0,1
0.911689891775332,-0.28499028401955079,-0.29597648428403589,0.37427555126929279,0.87323730863961135,0.31204873741438965,0.1695268502531366,-0.39526844146010875,0.90278652306563967,10.776979335668434,-7.1098467869852158,1.3857996574804383,,0.2491586938568736,0.2692307692307692,0,1
-0.9553957059416629,0.20175713025950878,-0.21566897194004855,-0.22662783573665557,-0.96910401014659986,0.097351125248233986,-0.18936438191367796,0.14188543937707462,0.97160159168005911,9.297338497271749,7.1942199167285112,-0.86403110354262747,,0.1033474162204022,0.6,0,3
-0.85222566822075885,0.48405306638818518,-0.19850450711728582,-0.50105333130014407,-0.86432314197867988,0.043486382157315102,-0.15052232265916474,0.13652155566173027,0.97913476867129612,11.154160517586527,2.4505758212286408,0.17886793917946101,,0.1155321979795286,0.3076923076923077,1,3
0.39734420186232056,0.91514326684667346,0.068046942558741122,-0.89589290305405422,0.37078881905281258,0.24472751770652923,0.19872969456972012,-0.15820383310975097,0.96720114541164981,-8.9759946649753672,12.248174655168363,-5.4124061728140607,,0.1477931170131574,0.25,0,1
0.061250692198268342,-0.93859175167443532,-0.33954951979637299,0.99282604592291401,0.022292992328595954,0.11747112423957166,-0.10268785343118586,-0.34430879480743981,0.93322379876208872,-13.506046298640364,-2.7977617914028565,-4.3497573849892053,,0.07395393856840657,0.4,0,1
