axis_00,axis_01,axis_02,axis_10,axis_11,axis_12,axis_20,axis_21,axis_22,location_x,location_y,location_z,dbh,dbh_approximation,score,reconstructed,number_clusters
-0.85163133926850321,0.50483644860658516,-0.14094049146368604,-0.49290429227065713,-0.86282134021945645,-0.11218152041696998,-0.17823978410247679,-0.026067125276694306,0.98364174593340159,-9.6124786789323515,4.0122291748276586,-2.3943250377545739,,0.0824876093736252,0.2307692307692308,0,5
0.97718902133940533,0.023163944381620546,-0.21110435394472235,-0.0076214133488520823,0.99721848167388527,0.074143198383907538,0.21223461223914292,-0.070843005926588931,0.97464749416339469,-0.060648873895315217,16.957545634907465,0.2133708675405368,,0.1633790510639712,0.5,1,5
0.88442429177458648,-0.3892725844613385,-0.25741120237046961,0.42359420237336542,0.90109500686389554,0.092713215458358811,0.1958612361716657,-0.19103571286999169,0.96184392318793632,2.4182012403412698,2.855957361627727,-0.13578988116859381,0.9018189591579358,0.6708797726575652,0.463220675944334,1,3
0.63244360268589206,0.77459044141262468,-0.0049736801147752937,-0.7672812764964273,0.62733087772944696,0.13317436910011562,0.10627573645805384,-0.080409066151748282,0.99108014303632441,1.6586566777594198,15.798544735183901,0.49690910008893152,,0.4502509577613448,0.6530612244897959,0,4
0.92678602918413311,0.32401024734677197,-0.18996056360042071,-0.32857515732217851,0.94444520974700441,0.0078493169538268077,0.18195060346097119,0.055141684778573112,0.98176034371936605,13.080646904304494,6.4909702805829284,2.5333243562497625,,0.08123005199394032,0.2068965517241379,0,5
0.78189709217198944,0.60822992679945564,-0.13672341934912408,-0.59631791712732918,0.79366008355620388,0.12045170601732322,0.18177425275850176,-0.012650214033304354,0.98325891458913306,10.039708893091884,-12.802334014636726,1.1921869051919238,0.9967247905556852,0.5597338430054837,0.3424657534246575,1,2
-0.84576676903256343,0.5279931341405627,-0.076823321333075081,-0.50769483598337783,-0.84067242704164913,-0.1884564244798119,-0.16408694620849679,-0.12038737771182585,0.97907219007162127,9.4610012235784282,5.1584338285695885,1.7826250905032113,,0.2912441771423671,0.2058823529411765,0,5
-0.26883626811294559,-0.9181452231249938,-0.29109519095969005,0.96155649975359292,-0.27340308572041594,-0.025687555356091709,-0.056001417202798609,-0.28681021943317991,0.95634917226919169,-0.26637725000411688,6.5946895337154183,-0.46949349855306127,0.7970433857949373,0.3732717876140838,0.2307692307692308,1,3
-0.94942972511953549,0.28065947905824784,-0.14076027093678839,-0.24609437070502183,-0.94359503722922566,-0.22150838905936962,-0.19498912217542899,-0.17566633863985093,0.96494589470193937,10.078892426826,-7.0887062002070529,1.2387368374365679,,0.0748830979172361,0.4166666666666667,0,5
0.27846033523883107,0.95676646882139249,0.084010510281283327,-0.96041848177315148,0.27806721504583681,0.016582031998761994,-0.007495436427157237,-0.085302684926654104,0.99632688931749269,-7.2647619955806739,3.3743297269994028,-2.0142832110280988,,0.2448987201682641,0.3157894736842105,0,5
0.15761396094538604,0.98608360887872915,0.052886251671004685,-0.98749992149621324,0.15731599453253126,0.0097766512270060727,0.0013207422459529327,-0.053766106098016075,0.99855268337478209,-0.41073931225342691,7.8276902290444381,-0.40126937166868548,0.5726941549698126,0.220352998616502,0.14,1,4
-0.88403837984931077,0.44498966597602452,-0.14303964530140587,-0.42827499976415784,-0.89373668275221874,-0.13347384193193387,-0.18723425843156039,-0.056735694916045014,0.98067547812310341,11.229504509611932,-18.302766769955667,1.556756053562911,,0.3209235744333742,0.3571428571428572,1,5
0.98064408166575612,0.1071499318287724,-0.16387823895507439,-0.068956295439887946,0.97234770475137167,0.22312545884310817,0.18325450721096587,-0.20750622442189551,0.96091568434126273,1.431382512281556,9.201997079373978,0.17495053767406404,0.3859836699932707,0.4022435228043578,0.5128205128205128,1,2
-0.77049911382539782,0.63468967232380458,-0.059161942494973578,-0.61676871138678391,-0.76573837070503381,-0.18232143122597119,-0.1610200988962647,-0.10398926615522516,0.98145746737998518,-4.4877289002587943,10.436614285832089,-1.07957742629077,,0.1275452609345071,0.2291666666666667,0,5
-0.58055818218366007,-0.77994810947671467,-0.23373733895828985,0.80706739911568282,-0.589201722705326,-0.038516791737152473,-0.10767734387628265,-0.2110030248237556,0.97153657323385112,4.807899764952678,7.9267625976881,0.87337089250579636,,0.07116196047627137,0.3157894736842105,0,4
0.81817992021730335,-0.53208792883554112,-0.21786246611270357,0.54882427847855042,0.83569673961727253,0.020071640330502676,0.17138707508357595,-0.13599042385610335,0.97577306537623398,-2.6664368418795292,-7.9969791275210129,-1.5255166961094297,0.4686635813831679,0.2363815843492974,0.3902439024390244,1,5
0.49148263921566526,-0.80746770135550328,-0.32625255036131745,0.86423066178938834,0.49843885697324447,0.068293990089038706,0.10747175709310935,-0.31552276800076634,0.94281239082887247,-13.735968786466131,-8.5330682318363049,-3.4675540860305163,,0.1249113454126624,0.2692307692307692,0,2
-0.97700866091634586,0.089564143372273169,-0.19347439292175109,-0.081856352489922665,-0.99551211553021024,-0.047488581676143025,-0.19685937633624342,-0.030559647487448344,0.97995535301050785,-5.7906299549836104,14.380364724666338,-1.1416682031351808,,0.07940197246192474,0.4090909090909091,0,4
0.79499181259372953,0.59459924670034325,-0.12016552638889826,-0.58894248011283235,0.80400292082525937,0.082012550399300319,0.14537803488657691,0.0055712770381673819,0.98936049438244766,-21.202765243551813,-11.939703939722028,-4.9929340110602052,0.3567243987259464,0.4266798486681905,0.7142857142857143,1,5
0.72448279424470097,0.68003887056085011,-0.11256915816382922,-0.6725403773932821,0.73317101880141322,0.10074570941434266,0.15104344282057333,0.0027187710496781319,0.98852338700957765,3.3890241113011994,16.986657610330056,1.0175993342417873,0.4750621060094958,0.2550871427187301,0.5681818181818182,1,5
0.91773184847966793,-0.32405435915607872,-0.22968897796375595,0.35089074890433009,0.93241124371406414,0.08651563401461243,0.18612881727301092,-0.15999389021939325,0.96941117100692364,13.919497111539547,-10.158763205665277,2.1669088468327269,,0.08933460516651348,0.3125,0,5
-0.97529371399988296,-0.079361430625045887,-0.20616482425830784,0.092878453130325042,-0.99406056957179167,-0.056720163669734161,-0.20043892929376517,-0.074467089051133264,0.97687199175317629,-7.5661899431839696,-10.896827271250013,-2.4270944297072927,,0.0867347897592462,0.3384615384615385,0,5
-0.97993347448672208,0.013232541665396313,-0.19888510608251697,-0.0051921645322719808,-0.99914997713761322,-0.04089455481328317,-0.19925718809581325,-0.039041298991969509,0.97916921416329716,-5.0951817968975712,5.6586558018327846,-1.4834181437082954,,0.08121593614374059,0.3496932515337423,0,5
0.89485010635575757,-0.39763662221749246,-0.20280139010014744,0.40559337321014438,0.91405009650619373,-0.0025370622842060871,0.18637945906967718,-0.079984609447572186,0.97921660499013874,1.2999603291264632,2.9829447368964774,-0.3155033073054816,0.1370376194508715,0.1158729494645146,0.5805471124620061,1,5
-0.37858050731886184,-0.89990847613944103,-0.21642905084711345,0.92308420000949143,-0.384217558482008,-0.017100510137489731,-0.067766947482020848,-0.20625615706328346,0.97614857398986932,-4.7211476494191675,8.4307347230712235,-1.175813061639688,,0.07432571277912667,0.3018867924528302,0,5
-0.6378091447348152,-0.72191904387150052,-0.26838850383036805,0.76051797859698944,-0.64538471461800795,-0.071351064240016707,-0.1217041458759493,-0.24962264367058562,0.96066468481125866,-23.155947728564392,-3.5895440308286677,-5.2013260199311517,,0.2667697223870859,0.631578947368421,0,2
-0.97750003715881373,0.11399693090746232,-0.17747782142622004,-0.080484276543394226,-0.9792983470129164,-0.18573375774763265,-0.19497681550329105,-0.16727058103996997,0.9664391311069449,-2.5128563805193314,15.07103123391957,-0.39280992199764836,,0.4916168903340591,0.5,0,3
0.79854001365089367,-0.49676385731847156,-0.33994046046404086,0.57570861732974599,0.79519254748674817,0.19033759574452955,0.17576528249544246,-0.34769883877230512,0.9209843011613652,-16.943975126472843,-12.147825848272543,-4.1276373852128403,0.2189725387500203,0.1650515045040443,0.2702702702702703,1,5
-0.73912885782498072,-0.63672828099978684,-0.21969439616293393,0.66344241230229895,-0.74453978449715985,-0.074193496072294696,-0.11633012115890783,-0.20059313416959113,0.9727433872482375,-5.4015886622778764,11.510442074964489,-1.1892944278395063,0.6593903939459018,0.5082681088647065,0.7903225806451613,1,2
-0.94429542509110009,-0.24470089676423251,-0.22006276667078409,0.27281073048203486,-0.95603554346812503,-0.10756553797321103,-0.18406644312823034,-0.16160912953292031,0.96953702031729272,-2.9082342629008617,6.8411523163483139,-0.9446763625855551,,0.2451224116226856,0.2135922330097087,0,5
0.7633916856919456,0.62031735892185591,-0.18010971222180849,-0.63005408314044808,0.77654085917425542,0.0040182522267971279,0.14235514228315974,0.11041135925765147,0.98363832032532106,-7.5701555531317455,6.8679456911724213,-1.9110777728544512,,0.09367528542376584,0.7452830188679245,0,6
-0.18247409800785974,0.96950253012543808,-0.16360943627001651,-0.98219878578617692,-0.18729236520156847,-0.014391495313660477,-0.044595389407188893,0.15807091452122646,0.98642021330974616,-10.964743540367122,4.6125716578100588,-2.6139521782396011,0.1671376458418433,0.09670223338014304,0.6746987951807228,1,5
-0.61915955734585548,-0.75402548104179878,-0.21928752013502312,0.77648779369138832,-0.62951864808004143,-0.027802481323742363,-0.11708180386193412,-0.18748825472322475,0.97526406964743395,-3.1964580173393737,7.7675342756333725,-0.9413892096654437,0.1041766870584807,0.09401259304146707,0.4078947368421053,1,5
0.4236564247505239,-0.80614008008625493,-0.41310217264755744,0.90325266414468963,0.41029590000249666,0.12566582334375762,0.068189870824974297,-0.42637477143901259,0.90197266909657836,0.65996917078165052,-10.289928756520023,-0.93291439289046418,,0.2990506805494677,0.2526315789473684,0,4
0.20956652631390796,-0.94117453867720402,-0.2650893411559091,0.97621347382554113,0.21680224191931805,0.0020103283878952914,0.055579893578449002,-0.25920508414093546,0.96422175861432347,16.113801013416317,-4.5698806002389647,2.8179838766437557,0.4097374557085772,0.301664030605232,0.2727272727272727,1,5
0.80371045242693562,-0.52539385516474069,-0.27930414535918069,0.56981831624029444,0.81477131871282704,0.10702702780156724,0.17133766409276943,-0.2451713587638106,0.95421926710014637,-21.387250762118459,-6.8866721174538839,-4.9042799332540792,0.5423526765220099,0.4310643370804031,0.4347826086956522,1,5
0.88540838271768363,0.43297490789481824,-0.16907017757940065,-0.42722637858765078,0.90135681444279991,0.070947265602062437,0.18311094246968929,0.0094139359994543197,0.98304718124658719,6.4275124241322716,-12.529182676875108,0.32151459669809429,0.3763577741258869,0.3508542453455166,0.7912621359223301,1,5
-0.9111427196532752,0.38093542125409496,-0.15718507962525896,-0.35771731685525837,-0.92049468413014812,-0.1572509386617906,-0.20459048278135586,-0.087050222987106463,0.97496922671086772,-3.3977864484176821,-10.820180810256902,-1.675947350423121,,0.1301677952016856,0.1707317073170732,0,3
-0.12054948608020914,0.98043485097543404,-0.15561273854853908,-0.99249840519746457,-0.12224992293451126,-0.0013682189135667622,-0.020365094801811725,0.15428045675095936,0.98781719137623269,-12.055794947117548,4.32967829573911,-2.8075263480231416,0.4177538346748971,0.3869182284239483,0.896551724137931,1,6
0.6221801830898811,0.78213927408249084,0.033911291747086021,-0.77371346577534561,0.60771567125607184,0.1790227242214934,0.11941228013962793,-0.13762201439993488,0.98326033607806984,7.908908880287381,-1.852909304415461,0.80816699525007996,,0.1098476695974816,0.1886792452830189,0,4
0.97477361663311046,0.06990089862368272,-0.21196759348449254,-0.029197370930299293,0.98146765593108198,0.1893904799400051,0.2212779018491543,-0.17842394663482972,0.95874969904583907,12.143695693100707,11.611248473344997,2.5645710170334604,,0.2111768876665828,0.2666666666666667,0,5
-0.80980700527801586,0.58520736769495152,-0.041772610622227063,-0.56938585986209655,-0.80108680858597692,-0.18455261498725595,-0.14146503734757651,-0.12566726664123529,0.98193450968135776,-14.305397710817584,-3.6590690683340776,-3.6134100816892656,,0.3746924295921392,0.410958904109589,0,3
0.18853324641558586,-0.94439709578750886,-0.26938697159313191,0.98082302716668213,0.19487307063347289,0.0032673722572616561,0.049410569472391183,-0.26483695325615036,0.96302647098322991,-8.3518657140974693,12.619569425859185,-1.7142188680167485,,0.08149801080594758,0.4242424242424243,0,4
-0.26643603348210382,-0.93789616838783663,-0.22217699562676915,0.96282155482516341,-0.26964272964853964,-0.016353957066686766,-0.044570097895089006,-0.21827408382833408,0.97486918645658471,-7.4004033674863319,14.467835703821098,-1.4758725425892547,,0.07949732658269312,0.25,0,1
0.83263132614183533,-0.48401372092901307,-0.26917613690618991,0.5374870272447404,0.82339394983469782,0.18201675450140911,0.1335393959507834,-0.29623153331147239,0.94573469239582919,-6.6809274606611577,15.26885115945101,-1.2980282637600344,,0.2489825482985131,0.2272727272727273,0,2
0.079529020724254676,0.99535209187418827,0.054307900569984822,-0.99653663901428324,0.078059958351992614,0.02865955345433412,0.024287074026274381,-0.056399078926552243,0.99811286031764945,-14.405989955118949,0.28169392561929224,-3.4733669911863974,,0.5025086761962028,0.25,0,5
0.9707117614668781,-0.14073545813622165,-0.19471057231968333,0.17228484058269128,0.97263231645281834,0.15589839863520502,0.16744136243851873,-0.18487808906090661,0.96839221513285612,-1.2643436233370802,0.31854110015255999,-1.0302511690452365,,0.2903889188156107,0.3592233009708738,0,2
0.57215623778053892,-0.72128874430373924,-0.39035853636055323,0.80381674806251513,0.58767458925616045,0.092288746208868469,0.16283695865196299,-0.36658031109613226,0.91602565488835541,-10.223660237510597,-2.9276269060418971,-2.8774099495762515,,0.2405593028218299,0.2439024390243902,0,5
-0.14175857246493204,-0.91832974012036594,-0.3695605438127374,0.98976318411491016,-0.12525552834142667,-0.068409736080657674,0.016533193987243799,-0.37547508709682936,0.9266850125399726,27.486776327644442,-24.14764853696256,5.2967360487664044,,0.2432859379742004,0.36,0,5
-0.79017527435721391,-0.50635681350128392,-0.34529091099437731,0.59644721206872253,-0.76492120110270378,-0.24320008083683875,-0.14097432039186955,-0.39811849181421144,0.90643692966782174,-10.70861223169819,10.487628203253104,-2.3134379691708031,,0.3739543279194486,0.1333333333333333,0,4
-0.031041949431733371,0.99679389975433697,-0.073744957712499767,-0.99940914437271833,-0.032043250814498478,-0.012433512031220907,-0.014756677121529371,0.073315424637519819,0.99719962344083901,-20.69806201914875,-7.3713441518027585,-4.7966853674115582,0.2082030192012831,0.180040211615743,0.3333333333333333,1,5
0.67238798987615322,0.72011394909628301,-0.17126088691602187,-0.72946299729041164,0.68391884224303146,0.011779338225911937,0.12561101326872268,0.1170081943365833,0.98515529527262713,6.0721539907680304,1.749336897582624,0.58264262523095367,,0.08627875256213122,0.2578125,0,5
0.74850607638505118,-0.57923776020792639,-0.32283474218857211,0.64386003974760531,0.75132107556663819,0.14477876441523932,0.15869121850584197,-0.31622817483376819,0.93531643768856976,-12.951026958288889,-9.1819065195646292,-3.3349871798016633,,0.08360225842633245,0.2372881355932203,0,2
0.19037478970852259,0.97338701202989231,-0.12757415198603236,-0.98161792676329507,0.19053654798041175,-0.011048517576579327,0.013553055019720687,0.12733243379134668,0.99176749594065949,16.884945679048126,-18.271479578230437,2.8896139736353508,,0.1591018804031974,0.2307692307692308,0,5
0.19585946962394452,0.97544833662970076,0.10069563409093646,-0.98012334387422739,0.19141627750829041,0.052134820395499132,0.03158004039625386,-0.10890523987034646,0.99355037606421948,-9.1801881601993802,21.344237106865641,-1.5148035197319001,,0.4620258813821219,0.1923076923076923,0,2
-0.56636000475257164,0.82393080167273769,-0.019348877786215451,-0.81382954808765862,-0.56281334869980104,-0.14464646965879407,-0.13006848840554469,-0.066175286778638334,0.98929420282525704,-5.1334981552400336,-6.6333565781707922,-1.9922330923564064,,0.3389702991718259,0.555984555984556,0,5
0.96790680242239435,-0.15537900068297889,-0.19751908254954773,0.18532723687826563,0.97215550507657422,0.14341369955613928,0.16973578613693513,-0.17541676116058641,0.96975188724147732,-9.3006661737656255,15.172735091541128,-1.8137614444180017,,0.1981303957062677,0.4285714285714285,0,4
0.01629791072976124,-0.92660408700415631,-0.37568503304369077,0.99958730326650624,0.023989015062197892,-0.015803490270814124,0.02365589259019419,-0.37527242518407866,0.926612651350186,13.367194366065201,-11.13055190346377,2.047737585777353,0.3912971899814196,0.2385448774005413,0.2788461538461539,1,5
0.95979578432347346,0.21690219089940133,-0.1781726465480237,-0.20256342965122959,0.97462189764867146,0.095290154746611053,0.19431960622340388,-0.05536782645852479,0.97937444035998766,-10.920415511935058,3.206143492355364,-2.6755129252068315,0.2182124748399825,0.1126166976849264,0.2727272727272727,1,5
-0.33226710778242757,0.93803003469533908,-0.098479556738249804,-0.93917276764542101,-0.33866602745469943,-0.057094959158346066,-0.086908466786275063,0.073518540909856919,0.99349984526588897,10.599113410897584,6.6077445055543933,2.0860330560662885,,0.2441608391402901,0.3333333333333333,0,8
-0.97138249434257828,0.132796988256182,-0.1969289455485867,-0.12795127943878504,-0.99108303998964065,-0.037187066768848025,-0.20011126848523225,-0.01092555513373512,0.97971226003875811,14.166084842214037,6.0415316780916424,2.766781588006741,,0.07878425844452219,0.1724137931034483,0,5
-0.28758401191921207,0.94323112148092314,-0.16616403810178232,-0.95520188509118265,-0.29512820589395405,-0.022106578298490297,-0.06989130708966447,0.15236270395229951,0.98585029879675057,3.2731339825280519,-5.3649324389337094,-0.3086195357655323,,0.06938460386617043,0.2592592592592592,0,5
0.94867700921329601,0.27577603847551313,-0.1547885938719924,-0.24826485345300053,0.95263237661121403,0.17565909476036559,0.1958991953277924,-0.12821517708455232,0.97220593170125291,32.718963165319394,-2.5457400131467032,6.6777298033602603,,0.4104117811861882,0.1875,0,5
-0.2851124096465501,0.95733810904330607,-0.047060161909239374,-0.9561361042581038,-0.28750981056059272,-0.056052287781564812,-0.067191249427830751,0.029014717038052019,0.99731814492444071,-6.486206529074602,18.431848577779895,-1.0395398546437717,,0.2238333347113532,0.1304347826086956,0,1
0.4917696087707602,0.87067090700488181,-0.0097377402280024138,-0.86560477503815192,0.4900581010559753,0.10281746456979264,0.094292233617635016,-0.042133469886848449,0.99465257522146389,12.116619498838102,-8.6046815678607835,1.7618972027357844,,0.4632934706548639,0.2916666666666667,0,3
-0.73569511348089023,0.66565506603511659,-0.12512407067437054,-0.65836987275843062,-0.74619564691398399,-0.098697351386291557,-0.15906542881590593,0.0097667593605011566,0.98721973226187409,10.187435414435038,8.4815082605891288,2.0565434435333159,,0.08969284868321763,0.1052631578947368,0,5
-0.62143202233078843,0.77038934314555463,-0.14255701171681573,-0.76936330248062024,-0.63442825808671299,-0.074705382250369948,-0.14799442698284651,0.063253816555375778,0.98696332468496473,17.611932231427758,-12.885565000775664,3.1324642950349975,0.3606998867231949,0.3469497962692339,0.6081081081081081,1,5
-0.82647701517631,0.53017064105494049,-0.1893537291648881,-0.53611547515070679,-0.84384025349416947,-0.022667683755223024,-0.17180203924630283,0.08278114487181501,0.98164725913360662,2.6247789058703122,4.6553988651760196,0.073887276442501329,0.57616752401899,0.5072362389002947,0.9818548387096774,1,5
0.68549889923224105,-0.68794205370815154,-0.23838412256523453,0.7134692158162026,0.6999718881353969,0.031639119816782364,0.1450963033092115,-0.1917683147967327,0.97065543639647056,-7.0914011708814479,10.977827063161643,-1.5258501894504295,,0.08942518986842266,0.2542372881355932,0,5
-0.65929172732137675,0.72912073371413921,-0.18362291238772657,-0.7388685446992066,-0.6735080930710885,-0.021450459711225844,-0.13931149248957181,0.12153108341449774,0.98276268947514833,12.110866145317518,-2.1333975848149342,1.8410020523806798,0.5838174465330619,0.5763544326480868,1,1,5
-0.48247899986811837,0.87164918994272156,-0.086265313762013671,-0.86909632572962714,-0.48865805348459851,-0.076712993475071573,-0.10902105892681108,0.03796045885973745,0.9933143572271752,-2.5210235195730948,1.786402135940109,-1.1900269538805333,,0.1082232522938452,0.275,0,5
-0.73447174087092226,-0.6342880840853522,-0.24130869907520999,0.66233798026786861,-0.74744929216133427,-0.051263588854088597,-0.14785013275853903,-0.19747957371549515,0.96909347134754187,4.7232191746102243,14.730433950420279,1.2225027691688231,,0.1036086912017366,0.24,0,4
0.98088705687996125,0.029654413593496333,-0.19230495937389103,0.024828169127557254,0.96116444771643217,0.27485717466302367,0.19298741840633399,-0.27437842517295769,0.94205750150214662,13.253103217959806,-1.8208719962277526,2.2030048197206593,,0.2028199947766646,0.3275862068965517,0,5
0.93288485291659906,0.31220185484955737,-0.17959914539682748,-0.31315256150464787,0.94940508564928128,0.023779330654122171,0.17793629315531065,0.034058555045336281,0.98345243423684237,21.869179487222127,-7.9848181738582422,4.1432617380532397,0.1677147032198298,0.1572834815898673,0.35,1,5
-0.94988063798700662,-0.1938921262947545,-0.24521952805251107,0.23837880877752068,-0.95672097079438101,-0.16691473142915669,-0.20224321274942125,-0.21700421056550062,0.95499050021119913,15.416196819123899,9.1943218407738865,3.1956304817952845,,0.2167310609109994,0.16,0,4
0.9311906033864078,0.34576642620748982,-0.11545405437903666,-0.30751622084530128,0.91517695048345982,0.26054735312571914,0.19574941655565917,-0.20711525248396073,0.95853296140853883,15.926741991353206,-6.0225059957867177,2.6960920343112154,,0.1687534995530308,0.5,0,4
0.94086605343582996,-0.273428228417195,-0.20002018247346673,0.28313179419057471,0.95884975189988597,0.021060398855489805,0.18603079479083745,-0.076447087492987981,0.97956540680208182,1.1969295029431215,1.2481341027433868,-0.47482020316202811,,0.08603208126009808,0.2839506172839506,0,5
0.86046586809157788,-0.4592499424669631,-0.22065352975535799,0.47706478667203694,0.8782701566398351,0.032414831071647783,0.17890690083664021,-0.13315788485827904,0.97481346858416873,17.048079007697023,-1.7907890851172326,3.0829615873812628,0.4086944758185505,0.3996158277736178,0.6666666666666666,1,5
-0.9079612808871047,-0.28900593927657953,-0.30344996205752089,0.37206112552651144,-0.88914928790557268,-0.26642834437979535,-0.19281294376103097,-0.35480855525180788,0.91484100139769131,14.599344600372508,-10.557906258854437,2.3685982373695831,,0.1610095753414524,0.1621621621621622,0,3
-0.94434887700942227,0.28967805623511017,-0.1558583402545142,-0.27343792839337289,-0.9546748339712402,-0.11759107405719912,-0.18285758886899972,-0.068429417050224012,0.98075507496784453,-11.623458518079532,-4.5101950779311286,-3.133801601641065,0.4457887953521441,0.2600313396738455,0.2857142857142857,1,5
0.90516897008597585,0.38785883964947798,-0.17388115510098703,-0.3850034757998973,0.92148995982603388,0.051269655370520702,0.18011512766975171,0.020537147941583907,0.98343111926506277,-5.6249274435967429,-21.626825566490322,-1.8414785617319498,,0.3033850189239724,0.3333333333333333,0,3
-0.24391612920422362,0.95859882041512534,-0.14694632834051471,-0.96793402322986899,-0.25002259837119423,-0.024339822878475675,-0.060072028333221998,0.13629747540745754,0.988844957316103,-10.635364975816815,8.7312492269182744,-2.4034103103495288,0.9154396963033644,0.4116263588085281,0.2857142857142857,1,2
-0.56454662509630527,-0.76587746817838354,-0.30776421466609966,0.81793392359043748,-0.56913701556715468,-0.08406636753937359,-0.11077546990342416,-0.29919017572103151,0.94774154389247611,-4.1077157745829052,2.4714964585215506,-1.4723207557372189,0.08507650665018525,0.17037670566421,0.2683823529411765,1,4
0.42122768435623498,-0.88091447401165845,-0.21577054342204904,0.90204362353379297,0.43164299950586599,-0.0012736638501196764,0.094257833488299816,-0.19409794036604663,0.97644326531127756,13.742411744596055,11.015138457588534,2.9111241013831353,,0.3322500701820697,0.5714285714285714,0,1
0.028047675496014498,-0.96618498411984344,-0.25631992579705581,0.99941928423466719,0.032068521929118396,-0.011519730949426106,0.019349992225729015,-0.25584797509970564,0.96652335276404189,8.6971708884018089,2.4601798677888187,1.4378403625433045,0.2234404811439518,0.1138292185689053,0.2631578947368421,1,5
-0.14648669051906602,0.97835782091103851,-0.14614247761336913,-0.98869055258806993,-0.14960203159908134,-0.010498731567337707,-0.032134727692433758,0.14295176250620434,0.98920784108927351,-19.70834503992247,-6.7339720288697364,-4.6183394519021732,,0.1596739832542423,0.7272727272727273,0,4
-0.95680099086193338,-0.19823870098390539,-0.2126811729275474,0.21669426733141334,-0.97393369440615396,-0.067057836276478849,-0.1938439021257197,-0.11024779513711269,0.97481791390806971,14.252283726288738,3.6098900794276712,2.6650894397436224,,0.1047392602174899,0.2,0,5
-0.27478709092325049,-0.90566021613212477,-0.32291117598722224,0.96038793943753153,-0.27471114068006669,-0.046784559089401587,-0.046336383597237962,-0.32297579182002195,0.94527222399336375,4.245918301637861,0.84356122534426259,0.11188217256404184,0.6839150466198025,0.483906423386235,0.9374389051808406,1,5
-0.49786420517659236,-0.83171647088756018,-0.2457212755506144,0.86231250115026747,-0.50494742747729604,-0.03801638915033323,-0.092457468945719282,-0.23081552707389924,0.96859475989587529,-12.913501640539529,4.1470009617271444,-2.9460618461054318,,0.07122012739422515,0.4074074074074074,0,5
0.63891385471935114,-0.71517802728916657,-0.28338926502328149,0.75696810484269117,0.65011542140773493,0.065948670181495611,0.13707069161029301,-0.25665215395671104,0.95673470584632625,2.0213572743324284,7.109044774593996,0.066229227280996977,0.5402556401390343,0.5503256206240975,0.5111731843575419,1,5
0.70968732220892572,-0.65304615830171608,-0.26433807864796005,0.67948782850059408,0.73358962938441308,0.011939287214374842,0.18611876749933651,-0.18808766782277458,0.96435617569315013,-6.7384366509206499,7.0977487365624574,-1.7281427738467934,,0.4365975953507302,0.8979591836734694,0,2
0.92614773991402422,0.33340819410095557,-0.1763216945202252,-0.3298420191487349,0.94270862828521296,0.050046823680399199,0.18290600388185674,0.01180755109880011,0.98305949742679288,12.510289081017319,-14.595923547518597,1.7810418084920225,0.1525469375101676,0.1294817371585642,0.4705882352941176,1,4
-0.1861005479688525,-0.95124732517966437,-0.24595754183237722,0.98225604555538026,-0.18604346676154279,-0.023683104637119496,-0.023230303820632625,-0.24600072116536459,0.96899122708645857,7.7567854683905084,11.998790869652041,1.763167888609664,,0.08151113976798499,0.125,0,4
0.71945402850940965,-0.66366532600366823,-0.2047785045409474,0.6794028044333118,0.73370918940960461,0.0090914632514677626,0.14421418165261377,-0.14566798013409302,0.97876611576715367,-2.7829543938851486,2.815322571652553,-1.1698460148916368,,0.230503607400069,0.7210727969348659,0,5
-0.9638335671853665,-0.15251809164545671,-0.21854767554828816,0.18312797035886835,-0.97480743760746302,-0.12733658569874465,-0.19362076654887328,-0.16275346787703268,0.967482458474068,-13.396099851199141,12.343041602733601,-2.8224179263540239,,0.0764706989852016,0.2,0,1
-0.90160581256054273,-0.31290715888476195,-0.29865710886518537,0.376986522599915,-0.90697538064673622,-0.18782124661159488,-0.21210403234042671,-0.28193043258821138,0.9356960567649929,-9.9199843425335672,-12.135926297340532,-2.7654640646002395,0.4104284297198215,0.4335867310335912,0.7469135802469136,1,3
0.45633083265965835,0.87014271376499375,-0.1860479208317975,-0.88597885292634948,0.46370521774253726,-0.0043523793097550133,0.082484200495930152,0.16682064836235944,0.98253103154481025,7.0522917238635374,-2.3575668127890239,0.65447042872172534,,0.08634191655070872,0.4534883720930232,0,5
0.9237613222297919,0.35105241575680352,-0.15305953398459138,-0.33594119593847521,0.93468176473083053,0.11624763030311024,0.18387096677750692,-0.055966061778311746,0.98135583123825809,-7.1722273408452173,-3.0151158775639755,-2.3083630371808685,,0.07084586018741551,0.3240740740740741,0,4
-0.17670842100729273,0.98202457647996455,-0.066346553297485747,-0.9828586538130295,-0.17965477280992312,-0.041388757307445428,-0.052564251825257403,0.057895542107848516,0.9969378644800736,-20.767306560702202,-14.252016532637587,-4.9346781508290585,,0.1933498523923911,0.5161290322580645,0,3
-0.13285766779531372,-0.94921097335293381,-0.28521460021248357,0.99109781269592356,-0.12973013034963995,-0.029920209705515229,-0.0086003358856899404,-0.28665069570095614,0.95799656203809636,16.269904640096339,5.401379754583159,3.172012340699252,,0.521570460822938,0.6842105263157895,0,5
-0.615118421107127,0.77421780687278707,-0.14905071464359704,-0.77711494406755588,-0.62727394985088591,-0.051183547604163451,-0.13312284447665071,0.084345594784553668,0.98750398931795991,5.0817180405339215,3.4171921117933874,0.52012122982614228,,0.1297731838476047,0.3539094650205761,1,5
-0.91511600448422092,-0.33908687673137056,-0.21813479402745398,0.36122604163870892,-0.92984898965850382,-0.069975733458744874,-0.17910456493028126,-0.14283188180383169,0.97340670244328553,0.65396918758584144,6.1204328068961367,-0.31289317101181152,,0.2587164220664041,0.6713615023474179,0,5
-0.67771613362181882,-0.69563017075154454,-0.23832647307605309,0.72223961350745591,-0.69059382680205239,-0.038080271315974357,-0.13809700543203141,-0.19793643404657563,0.97043824387110367,-4.2959629826269321,14.957084195279137,-0.73182879184507033,0.5288645620872082,0.2917191182596632,0.7560975609756098,1,5
0.21491801067617444,0.9764112387017494,-0.020768765584666626,-0.9758309259797473,0.21555433962492074,0.035921171617482262,0.039550633225071602,0.012546697006754825,0.99913879306416487,17.963625701096422,-6.0438292179930766,3.3032253018334554,,0.347638453379453,0.5,0,4
-0.56734036216719508,0.81683972733519306,-0.10439240059967507,-0.81223673108995775,-0.57595705743291037,-0.092438956406499434,-0.13563335181398123,0.032346991207692515,0.99023091551188913,2.2836839789929551,10.346009685875591,0.42352366412442616,0.7564294149819453,0.7964005441462463,0.410958904109589,1,2
0.38824778009047423,-0.87740479701578966,-0.2818234969417851,0.91873365751270675,0.39242729331347126,0.043923638464771632,0.072056421005624288,-0.27597398724579192,0.95846034375738076,7.7491522042906897,9.5085107817823875,1.6044349514465179,0.4841072892191887,0.4084891483385726,0.3846153846153846,1,5
0.13749936051927822,0.98827426209231062,-0.066392083433861493,-0.98989010858236237,0.13946081403504371,0.025850614682877474,0.034806591151522237,0.062166423691428496,0.99745868935902748,-14.2852165119318,-13.988206856481815,-3.5841230865931686,0.469765476072655,0.2718801406968662,0.2962962962962963,1,4
0.98174787900357086,0.12027944765407944,-0.14732262739993426,-0.10927785243265323,0.99073399747476687,0.080650463206210485,0.15565812872991111,-0.0630793208563519,0.98579488040900487,8.6473559410853618,8.3927642617877236,1.7541770855894672,,0.5528636415953526,0.7397260273972602,0,4
0.60203723568403222,0.77931084512696847,-0.17385561111858958,-0.79090841958323665,0.61192051929461388,0.0041412436001823901,0.10961313188790461,0.13501068377613351,0.98476244677791458,0.15932241023705071,-12.515647577121452,-1.07456164560946,0.3475642100362143,0.2011619531687192,0.6904761904761905,1,5
0.34474230261176336,0.92831569883489795,-0.13922179458192863,-0.93747263669054648,0.34805852857988318,-0.00056226264267484087,0.047935375730373389,0.13071045856961869,0.99026106445427109,4.2351123018830075,-5.2320943909412572,-0.071170194019793187,0.3065837382502372,0.2521337710458628,0.8100558659217877,1,5
0.36276388662671138,-0.88269422635099182,-0.29875284990457562,0.93014993595409712,0.36251027030161564,0.058372943821931103,0.056775515885556328,-0.29906054017953143,0.95254361270414034,-0.28042535554731046,5.0659587209374823,-0.53242098379543856,0.5677853368690712,0.4990938014414055,0.8608534322820037,1,5
-0.27065044920076153,0.95306016049339437,-0.13573748497644622,-0.96052775303469806,-0.27676625067493732,-0.028051348228768813,-0.064302177237943181,0.12278751144820374,0.99034764453439128,1.0109652383788368,17.826815091785949,0.56639372228812612,,0.08747451960722469,0.4117647058823529,0,1
0.95315266057771719,-0.19237882241976739,-0.23343177658151312,0.21476345191641766,0.97383126978588286,0.0743593821125383,0.2130179930300779,-0.1210084570251088,0.9695258057286763,8.9367135340411092,4.4721480188623675,1.6148854114825935,,0.2064212888684462,0.2608695652173913,0,5
-0.60999530139251401,-0.74281812997877905,-0.27591114159070373,0.78271909556577146,-0.61910891567272386,-0.063678630412756565,-0.12351740652943038,-0.25480458455328714,0.95907146447742342,-2.239046024445515,-6.1241518507009687,-1.4332616434769421,0.2054224875714181,0.1743104198909207,0.4483985765124555,1,5
-0.45428016347156219,-0.83423982857374956,-0.31252750518552813,0.88790763665412586,-0.45253081860953842,-0.082679422953142512,-0.072453860128597711,-0.31505518029358054,0.94630368884552252,9.7824592234224852,-15.470796168404567,1.1342609585242565,,0.5792352380720432,0.8303571428571429,0,3
-0.51615855639913599,0.84766703278282185,-0.12264153533418191,-0.84927761062178742,-0.52508345080951624,-0.054908194129080656,-0.11094090657871045,0.075815375875451813,0.99093094816357241,-9.0949138059442713,-3.2091251697094529,-2.6641866542108881,0.2251930582239223,0.1744811234998256,0.6091954022988506,1,5
0.012880555184142979,0.9972912247095761,0.072417569797812067,-0.99991158226344923,0.012607325076647838,0.0042288307859695692,0.0033043839899273308,-0.072465636488507096,0.99736543582317994,-0.38643778102273735,14.134407113768171,0.019940909962542368,0.5524415229783294,0.4581624637723002,0.3255813953488372,1,3
-0.70499167688461606,0.68509483673452531,-0.18338974944939607,-0.69341671000977712,-0.72011939394412161,-0.024521923757509535,-0.14886235858213076,0.10987776456247414,0.98273438682693881,-6.9660454753567009,-7.8536097272966412,-2.3199805263645428,,0.07037668160932789,0.3255813953488372,0,5
-0.73210148413101961,-0.58748814501240454,-0.34479718154741595,0.65536406746556275,-0.74551514616632053,-0.1212646111262569,-0.18580999975284193,-0.31474568512768042,0.9308113652536455,1.312130706081706,11.761375141816266,0.24503686197521349,0.3664237766969022,0.3272854827303525,0.2807017543859649,1,3
-0.69262854721301625,0.70759132774741196,-0.13992929815532412,-0.70208447159775422,-0.70584802990108519,-0.094106075393990157,-0.16535746226550865,0.033061633072367425,0.9856793789522531,5.3168349814121711,-9.7774623032693668,0.098643827378115959,0.4411645242543761,0.5573430903868697,0.1833333333333333,1,5
0.13699671000795866,0.98302339271937766,-0.1220529017003657,-0.99038743454015377,0.13830275515682494,0.0022533133390890549,0.019095312303496842,0.12057096367913453,0.99252103844982376,5.600334735584144,9.0009913308660661,1.0834670274908298,,0.1022098510185016,0.3695652173913043,0,5
0.47051943277327374,-0.79662688162496009,-0.37946946498395234,0.87681687033462341,0.47036094598532141,0.099763502286099329,0.099013328796235783,-0.37966589518191401,0.91980985467454257,20.838290789200144,-0.45568158682843818,3.9956618864470319,,0.4614410214439182,0.3157894736842105,0,5
0.42896016511635648,-0.87443156858593851,-0.22663320278300225,0.89893372359095147,0.43792617569513625,0.011782411974529467,0.088945698795687061,-0.20878241425313074,0.97390891060939533,-8.1012774810965897,13.79159922635238,-1.6357745074742029,,0.1015393345346352,0.4074074074074074,0,3
0.93548417383627169,-0.24996420300924066,-0.24977441365324707,0.29723671974070676,0.93887975133735391,0.1736523681568812,0.19110126357419191,-0.23669116954940153,0.95260568826649561,-0.95075858388280721,2.317007980145724,-0.80590085396711275,0.6087851599279375,0.6190725466003845,0.78,1,5
0.97970531638692571,0.033818738466327027,-0.19756969902224394,-0.02891170676678714,0.99919892957909473,0.027669700754125653,0.19834718615353536,-0.021396075727518702,0.97989826088652543,-13.93137127742046,7.1882480885522888,-3.0352291938797067,,0.08100852657358611,0.4166666666666667,1,4
-0.49458590147954123,0.84903583360098389,-0.1858034965202551,-0.86178315022413732,-0.50680394206270984,-0.021899002248055615,-0.11275898211420797,0.14929138478552781,0.98234285989230241,-11.228106237150037,-0.9266626800768516,-3.0097976988802349,0.1990036190562247,0.1262752401655482,0.5952380952380952,1,5
-0.80395642647908316,0.56595724744050169,-0.18261012675247162,-0.57010621692803609,-0.82086184465481937,-0.034128190838227802,-0.16921278244561178,0.076669590187102926,0.98259290054302562,3.3149532416780905,6.0066694774880434,0.31065227057070294,0.1004826130638436,0.08479818357088609,0.509090909090909,1,5
-0.9624910295117094,0.21473833582653531,-0.16582661196544696,-0.16919763406771557,-0.95285950083655535,-0.25185498266144524,-0.21209238254915269,-0.21435069113944938,0.95345194030567859,-15.425550634296293,9.8354589734095121,-3.2299758479809833,,0.4514243254436544,0.25,0,3
-0.43782987275040181,0.89172035603495625,-0.1146290066268474,-0.89504174105033185,-0.44435451701215545,-0.038070263835236068,-0.084883946096757368,0.085929446895607942,0.99267862163504728,13.114474614024926,4.5478708639402488,2.4713481168507214,0.555184943533382,0.3005713486164345,0.1818181818181818,1,4
0.7536114982384966,-0.6154516944286309,-0.23084393331351369,0.63686454841112916,0.77058118233905259,0.024661476071694527,0.16270604383308937,-0.16560148927432236,0.97267820477808076,-6.1583575490281683,9.1660229998453655,-1.4489701598393137,,0.07215776930307274,0.25,0,5
-0.56671365920152472,0.80515585652748878,-0.17481325800380351,-0.81519708126330681,-0.57873422848011324,-0.022812529130156606,-0.11953805743027565,0.12957908583183755,0.98433729653040281,-1.1320486388267812,-5.6066888969710531,-1.2060876849694904,0.2668622636753111,0.2299440379437529,0.6808118081180812,1,5
-0.14560013859368517,-0.92754714796073401,-0.34417566437999175,0.98928014336363812,-0.14043450911644492,-0.040036815503284667,-0.011198106443528619,-0.34631551648624154,0.93805125950181878,10.982546533422409,3.4086446279090747,2.0315551467661694,0.502094898000835,0.2626452909105513,0.3023255813953488,1,4
-0.67543199535915532,-0.69274240915714835,-0.25278365097509847,0.72584097972900641,-0.68505711993568885,-0.062061377453740713,-0.13017869177091387,-0.22539897289155841,0.9655303264156152,-6.6886590181861774,-9.744081444976203,-2.2576212598812213,0.3186653311245995,0.2861640177105015,0.6862068965517242,1,5
0.63539490282161271,0.76547820971215197,-0.10156981797852341,-0.76023099734710298,0.64317870343376904,0.091487628244934921,0.13535932971517442,0.019085751364106264,0.99061273258217553,-11.728386528770628,7.19455369193245,-2.6483110922051245,,0.2566050918918374,0.3684210526315789,0,5
0.91400360431903793,0.37703984486397846,-0.14979441470480187,-0.36155236387915946,0.924482885636014,0.12087713737303743,0.18405786988118486,-0.056323614506307434,0.9813003367897849,8.015858714396348,-11.7778551354538,0.70888320002207883,0.2457511623872779,0.2847207609627185,0.5238095238095238,1,5
0.36109482823581185,0.93235961136169865,-0.017778642321936409,-0.92980634333263568,0.36143089938630285,0.069482867436518977,0.071208769963694143,-0.0085592096755429704,0.99742470944427053,-18.136969457309494,-3.0221234560418524,-4.2644172917239258,0.3666798737248971,0.3275345396393666,0.1176470588235294,1,4
