axis_00,axis_01,axis_02,axis_10,axis_11,axis_12,axis_20,axis_21,axis_22,location_x,location_y,location_z,dbh,dbh_approximation,score,reconstructed,number_clusters
-0.70299443912187709,-0.67241464615078572,-0.23164058842446322,0.68522474600461958,-0.72760355097768992,0.032559485062910717,-0.1904359893156298,-0.13583672642761532,0.97225640534110525,-10.609999607131025,-10.399995468193886,-4.9002857937248541,,0.06618571964931533,0.1935483870967742,0,1
0.634883439744934,-0.71799029937099035,-0.2853295427164807,0.76769273967177265,0.6278396182239564,0.1283170730793228,0.087010777452499147,-0.30051180309191172,0.94980091640804365,-15.645446818872012,5.7612416918565845,-7.4066224355965895,,0.4812895917269397,0.6101694915254238,1,4
-0.61594377749335305,-0.74846952450394522,-0.24577761056706846,0.76803651767435244,-0.63995319757026581,0.024079294803788065,-0.17530878610575645,-0.17393468834143297,0.96902711711576772,-7.0780052588439046,-14.973439571911921,-3.723825464682085,,0.3507108483096289,0.8926553672316384,1,5
0.60439614448454504,-0.74839558745201584,-0.27314711276996351,0.79205961721117624,0.60135430164636938,0.10495030573890961,0.085713845529763688,-0.27978035773398668,0.95623014390403982,6.3207745359187957,-7.4791193015226956,-1.5405337739240539,,0.2743430473420668,0.8255813953488372,1,5
0.52577239901894224,0.83961131812025458,-0.13644126543767574,-0.83023890969869318,0.54143340242441451,0.13248857898493488,0.18511276901443405,0.043620009439366003,0.98174872422851567,2.1458668505040941,-8.3824816427542306,-2.3718554257597733,,0.1707996911256689,0.1052631578947368,0,2
-0.88740954193191146,0.44507591448369943,-0.12004888685320458,-0.42938236410347663,-0.89281608232072995,-0.13605230077574293,-0.16773517903261784,-0.069187235065164929,0.9834012590082104,0.80324200131988766,-18.383533176135021,-1.7896284218113447,,0.2093836023596601,0.2380952380952381,0,3
0.62150497070495825,0.7627858545664995,-0.17857578632693877,-0.76312018943798254,0.64101241673725584,0.082162388358672692,0.17714160398158149,0.085210455120943884,0.98048968912320289,6.3994887476247806,-5.0801156032315191,-1.7812983902355359,,0.09053442242965173,0.2692307692307692,0,1
0.88425617587248617,0.42459039894966022,-0.19445824372120291,-0.41478273072722999,0.90538544887441796,0.090732988801929287,0.21458402019215839,0.00042671563962665468,0.97670543982919145,1.4390894488442079,-12.754299138793368,-2.1818148151216752,,0.5920736725592589,0.5918367346938775,0,1
-0.038769791776283695,-0.95276265818784822,-0.30123117436355823,0.99760747940069139,-0.054173415077534211,0.04294831943901968,-0.057238276436511332,-0.29884537517194742,0.95258344592424837,-12.327671131537512,-15.219843484351982,-4.8388792076067197,,0.1540362891263056,0.5555555555555556,0,2
0.70110791786996551,0.70918092962281865,-0.074230024648762757,-0.68223779136884843,0.6974357671794652,0.21939677911707492,0.20736268595915996,-0.10317829092452206,0.97280776968201554,-0.27172856727950839,-9.6193416009550798,-2.7844746832781784,,0.1595609268063332,0.1428571428571428,0,5
-0.86119151870893185,-0.40452724911051136,-0.30774481771572587,0.45659220470762235,-0.88172029290995524,-0.1187134519379154,-0.22332202467297274,-0.24274890277376177,0.94403402666328662,-9.2450986650605511,-11.87800867578431,-4.5076567335543531,,0.4738539225636166,0.3181818181818182,0,2
-0.83512566900405072,0.51275282774847863,-0.19912221022898446,-0.52891527138811334,-0.84796385056152446,0.034726702021814687,-0.15104222145802668,0.13431993812093651,0.97935917903505287,0.93564680600283978,-9.4814043702106936,-2.4940959259112967,,0.2805232240557102,0.723404255319149,1,5
0.73562628487064508,-0.62477282764396247,-0.261749656819601,0.66750964797148948,0.7343430196521008,0.12317142263208433,0.11525987537903004,-0.26532855731338245,0.95724391761014016,-11.392557167001428,-9.9144994829740511,-5.1053586696156588,,0.1345628549193925,0.6082474226804123,0,3
0.77171972303013647,0.62487036995634448,-0.11826110872518818,-0.60342321458122905,0.77818268679902936,0.17410379108652504,0.20082104767863804,-0.062997831048896558,0.97760021485901338,-12.760684574833933,-24.751980682371546,-4.2254337846354177,,0.1663771959969832,0.5,0,2
-0.075726996163894361,-0.96670616472011328,-0.24442711212981943,0.99455884012887019,-0.090814810143363719,0.051042960142833112,-0.071541146017599963,-0.23923181508895211,0.9683232947088154,-6.7562017238628354,-3.5765579398488674,-4.7659397660053946,,0.1784875948239465,0.7486033519553073,1,5
0.9040085467308846,0.40168282981908121,-0.14635385770811821,-0.37851570408415891,0.91117209954028355,0.16276137988179093,0.19873200345990225,-0.091740444995030049,0.97575062467462792,-11.414384788790025,-11.891913660133859,-4.9555407537961464,,0.8235597611990185,0.3701298701298701,1,3
-0.83488743138586763,-0.47605627112229276,-0.27628500436876013,0.48911701615924513,-0.87188034306513873,0.024273686990091019,-0.25244310530768038,-0.11486990076497033,0.96076916295271531,-1.2338553495042379,-10.528163956007996,-2.9022846712060084,,0.1351525710227903,0.1282051282051282,0,5
0.90142846883580274,0.41097319363723883,-0.13611667672974176,-0.37221967202295864,0.89628177661316133,0.24110473381971761,0.22108647930495795,-0.16667336626697227,0.9609062168837158,-3.7157264707549813,-13.847725506673324,-3.1604599771223816,,0.1641940255685061,0.21875,0,5
-0.81809944878422081,-0.46902041436387776,-0.33276589790555444,0.54012709134736925,-0.82532346769972376,-0.16463261783964114,-0.19742344615466603,-0.31442173044183647,0.92852730618672519,12.729794148149754,-4.2011231369784214,-0.416179966566745,,0.475531407537471,0.186046511627907,0,3
-0.70258670741623852,0.68676020561226125,-0.18636614110244007,-0.70322900359970542,-0.71013737365998264,0.03426191803546854,-0.10881584010692363,0.15513004389449581,0.98188277427762105,-9.7718318554622172,-10.526184451850234,-4.7050825456182759,,0.157656152919217,0.5671641791044776,1,5
-0.90829092757428098,0.3330972137472531,-0.25308859531806099,-0.31361981960989771,-0.94255883508366167,-0.11500196152060507,-0.27685772453393404,-0.025081638693439438,0.96058352669944569,10.854646969982603,-0.72577721059619049,-1.1929864229679934,,0.5356419349079712,0.1428571428571428,0,2
0.59789234565700344,0.79788552825942416,-0.076833760801791662,-0.78739542151135922,0.60256087673212488,0.13011087585118813,0.15011060318217539,-0.017293745285324333,0.98851794783215285,5.8133041438543556,-3.7744659131213161,-2.0419617061737991,,0.2298933573478741,0.2571428571428571,0,3
0.69903062845835895,0.71297891598107077,-0.054929462436564651,-0.68943974899324223,0.6923530957064562,0.21288500034953936,0.18981310014129132,-0.11094258078909759,0.97553202447823706,-27.911132980813548,-2.6126021994062638,-9.0585069782006418,,0.2814880884358549,0.2105263157894737,0,1
0.85863569337739321,0.48778573619936488,-0.15751133806417136,-0.46705791652319911,0.87112288746739963,0.15166350102601509,0.2111910241258626,-0.056656777978482356,0.97580139415649825,-5.6502622388818393,-12.048502704808845,-3.7227264787213419,,0.08150593218266514,0.2162162162162162,0,5
0.65700753581738613,0.73592385583775732,-0.16357620941950471,-0.73099971851894441,0.67494182282332515,0.10046366173473473,0.18433803027153656,0.053568780206524343,0.98140199530202454,-1.0849748939938995,-4.5604401568062087,-3.5306432763472881,,0.07511844155461773,0.1320754716981132,0,5
0.45680426348797598,0.88797126629449508,-0.053262511155216616,-0.87703350223389975,0.45957554673340495,0.14000911686041556,0.14880222047586977,-0.01724375481279232,0.98871661870396832,-15.232660027523123,-1.8730148010100169,-6.6610649429212003,,0.2810981092976057,0.2777777777777778,0,2
0.96813296106712821,0.16228262291663823,-0.19074307325480869,-0.11747970621838016,0.96692916870177958,0.22637690107545816,0.22117207853216059,-0.19675449934621803,0.95518091410202588,-18.557159050241143,-0.81641562436182047,-7.4119280567902726,,0.335187442607549,0.3088235294117647,1,4
0.81276543120000355,0.56890091528514619,-0.12555517685063436,-0.54467926423472157,0.81849206712411937,0.18274363235857963,0.20672893594993841,-0.080140405805112142,0.97511058982989063,-3.5218607197228913,-1.5783806412410448,-4.2391052436916548,,0.09021046421359495,0.314935064935065,0,5
0.24037212315295328,0.97015905872001873,-0.031822055157214563,-0.96605908901064574,0.2422943556939007,0.089572773423620633,0.094610141902774322,0.0092111878910910768,0.99547178516860646,-6.2139900976202727,-14.000175035487507,-3.6929217066768478,,0.2737056348146447,0.2238805970149254,0,5
-0.29621695124704278,0.95209166182145,-0.076006481855015309,-0.95505933034583235,-0.29616053339449366,0.012272488698709606,-0.010825586047780797,0.076226018848939037,0.99703179524885943,-11.823348365074876,-7.9348499555192742,-5.3324313775271523,0.4847612649393908,0.6009327626282692,0.7428571428571429,1,1
-0.75501072804791403,-0.61223221951755724,-0.23479887120079193,0.62749824658490849,-0.77852213026525618,0.012216514237500087,-0.19027546101751036,-0.13811228066994991,0.9719672046230371,-11.563109538596805,-16.608021901080271,-4.6038011017338389,,0.2887613289329705,0.6623376623376623,1,4
-0.3969648213924496,0.91059745828769512,-0.11502695134989126,-0.91717571711770596,-0.39829772367798949,0.012150195165295167,-0.034751036049063294,0.11032312664587467,0.99328806155142912,3.5727209869859458,-11.397679754105596,-1.7396308646122414,,0.5764628141998283,0.5964912280701754,0,1
0.92648089403747191,-0.28423092039641595,-0.24666969184343013,0.32874198301500523,0.93028179777601538,0.16280198195963996,0.1831989672102127,-0.23192360944334905,0.95532694811560737,-5.5170691266185168,-8.0986963169797477,-4.0130129511657966,,0.1063572720246463,0.2452830188679245,0,5
0.47705593836155535,-0.77572304640080736,-0.41312393655733187,0.87720256319798295,0.44923264282799369,0.16942755306226256,0.054159900229461724,-0.44321979637695214,0.89477534460148622,-1.1878906795471897,-7.0960775319258893,-3.1722763383763426,,0.09186738332466667,0.2553191489361702,0,4
-0.75360431141792505,-0.56427068165891203,-0.33716337231748722,0.6317446729087377,-0.76344693816617504,-0.13434076394052477,-0.1816017898142688,-0.31424094326627533,0.93181190135744396,4.8049829078956998,-8.6124490036840182,-1.7324100138849898,,0.3601969030520364,0.4375,0,3
-0.88418029130802522,-0.38611219265423424,-0.26294978065439517,0.41665603046020183,-0.906353875799361,-0.070145592196687936,-0.21124148442860996,-0.1715809619602825,0.9622562074360349,6.7211547600429453,-11.149658837457253,-1.1042941492926344,,0.08567784415245168,0.25,0,5
0.078398320274501637,0.98870039795320996,0.12777020961594504,-0.99428494038330373,0.06822996925091511,0.082110465977192529,0.072464892914494802,-0.13347731786032069,0.98839903121750761,6.8610819634695526,-0.68203832199520709,-2.0688093096751539,,0.4856701283730024,0.2409638554216867,1,1
-0.49713622266887825,-0.82551670172858338,-0.2671661491987346,0.85356107443299778,-0.52059689235100914,0.020306843360271578,-0.15584950536753758,-0.21794735795974443,0.96343649548637156,-0.46084341668909184,-6.2477151350486118,-3.1130590834192717,,0.06758710103672586,0.1111111111111111,0,4
-0.85969310756487405,0.4920803862771837,-0.13705712037959811,-0.48089398063147276,-0.87014139847703198,-0.10767973833944931,-0.17224616163464065,-0.026661584681581845,0.9846930586250725,-5.007379736526949,-12.839659280940962,-3.527381696768797,,0.1740242389828643,0.2173913043478261,0,4
-0.83989478805204187,0.51432785484384935,-0.17333090530756329,-0.52054983450880121,-0.85376049773416984,-0.010994648769393474,-0.1536379341044232,0.080993025875236324,0.98480227201387904,0.89559831494801578,-6.8329718291205399,-2.8270537112316929,,0.2398652743233018,0.2301587301587301,1,4
0.98805158063691256,0.0096983706768411972,-0.15381812509296156,0.020845197751136847,0.98043888853222383,0.19571679433409642,0.15270740562138879,-0.19658465723426527,0.96852202907753837,-2.9312819304858642,-9.720082120978546,-3.3464297003521035,,0.4256103175250245,0.1724137931034483,1,3
-0.56994048091864424,0.81770046748014313,-0.080831885373165616,-0.81401059872663883,-0.57529246990025862,-0.080158089028869506,-0.11204728185424445,0.020112671598180115,0.99349931407639136,-2.7796259419774825,-18.152819352477085,-2.5772340728365895,,0.3196899502260155,0.6111111111111112,0,5
0.75680633110246265,0.63477659329885672,-0.15589372599026821,-0.62130545908271073,0.77269407380984856,0.13008994893213024,0.20303621282237622,-0.0015952739701343606,0.97916992977915163,-0.9901919300627462,-7.9927630552711513,-3.0423870945119464,,0.3783298867333502,0.4230769230769231,0,3
0.95869265926622971,-0.16750059621180155,-0.22989548785858008,0.20682114816618313,0.96535286979653068,0.159118978902027,0.19527774512285115,-0.20009344578044774,0.9601193755025681,6.8425240841101367,3.1820403765816159,-2.547760334075019,,0.08468615726267063,0.391304347826087,0,3
0.90998965385178443,-0.33593686438414516,-0.24303344014859091,0.38148445600244446,0.90798115141046154,0.17332004648006752,0.16244518986793477,-0.25043292880745949,0.95440814563670273,8.7979163959195823,-10.114722836083882,-0.73271298923342121,,0.4310628983921569,0.8411214953271028,0,6
-0.66156561977864459,-0.67592201241712246,-0.32474661485053691,0.72103746170886196,-0.69233559693634517,-0.027863955699690007,-0.20599978043516801,-0.25258830999232679,0.94539052042839999,12.781631558006705,0.80194679833675209,-0.90283154765895768,,0.3758940437248454,0.3181818181818182,1,5
0.21033614909254181,-0.92331720219550972,-0.32131611928873899,0.97760613603910229,0.20090021393792781,0.062652588281657456,0.00670426458428529,-0.32729871397478771,0.94489713972835876,11.813031062344374,-1.2985389813782142,-0.8810858476456076,,0.5194079862474695,0.6875,0,2
0.62009775123997224,0.78451775441851157,0.0032667888305853215,-0.76323223734758738,0.60229927114406012,0.2339062629617441,0.18153603163153048,-0.1475380662116331,0.97225366455365247,-27.864028789383937,0.82095300144303662,-9.3385515305210216,,0.3648750554594665,0.2272727272727273,0,2
0.31827606370523193,-0.89704685605660395,-0.3066060751375686,0.94782182127552306,0.30735033334524842,0.084673299844252939,0.018279561981984788,-0.3175574131263918,0.94806283915266931,9.5209869274879857,-0.72697691045019353,-1.5085698806793382,,0.09903757128416525,0.3260869565217391,1,5
0.29983246524153523,-0.88702725504208169,-0.35111699132866231,0.95390189886833177,0.28381441810266056,0.097573272018716531,0.013101912935664723,-0.36418679944440135,0.93123375958341881,-14.10194351532135,10.607522960803397,-7.8157151496883195,,0.1776967836209971,0.3333333333333333,0,2
-0.32516464739786793,-0.90355091707598523,-0.2790406643013989,0.9359515359668682,-0.34966544540433847,0.041578824074835957,-0.1351394627926302,-0.24764857468059751,0.95937870992366103,-1.4908731022846113,-8.8705167440075101,-3.0628238827467018,,0.2421472353630554,0.6994535519125683,1,5
-0.59549638575936992,0.78403172067433191,-0.17515226382771487,-0.80017938697150948,-0.59824672414686142,0.042588797980785957,-0.071393299499510135,0.16551470636772697,0.98361978363724367,-22.730078951843964,1.6143603273891791,-8.4040238539077432,,0.07948496693171005,0.3714285714285714,0,3
0.27123028797814314,0.9480159633323022,-0.16643276164992052,-0.95505078631757134,0.28656513633288694,0.075884242057901063,0.11963329986873107,0.13836963505639385,0.98312853567419056,-10.298834761783356,7.6427528834827028,-6.7545711735770961,0.5062339005230484,0.2003095019266014,0.44,1,5
-0.63799920621791584,-0.73444474256668746,-0.23140426310131446,0.75024168908872602,-0.66056734524758942,0.028074727885570971,-0.17347743605035784,-0.15569747110568372,0.97245250612700351,-15.260321993412056,8.262083479469835,-7.8003593044379747,,0.1191576948278203,0.5517241379310345,0,2
0.96634211992359387,-0.13119279381629209,-0.22129473132510408,0.16319341220356623,0.97757765928232132,0.13307828630341773,0.19887387328387568,-0.16471299560985878,0.96608426734022301,1.0985773763527165,11.549479479613476,-4.8613287640815912,0.3280873423565939,0.309722084334374,0.3076923076923077,1,5
0.15227611385723613,-0.94191294353860766,-0.29935262140655022,0.98805123178763254,0.13778545969694589,0.069064683153140516,-0.02380648045134854,-0.30629262787494027,0.95163967844871988,-1.7082635806981967,-16.558140430904309,-2.5326663840308976,,0.1211167657511957,0.303030303030303,0,5
-0.34104450315923296,0.9331979550103745,-0.11327057706804232,-0.93954842820678064,-0.34230449150982561,0.0087399168399214956,-0.030616954764325213,0.10940389324267807,0.99352573707192149,5.5004937706776253,-16.837730585483136,-0.91085259988907108,,0.2286494777120904,0.2608695652173913,1,5
-0.97647688570871993,0.051166038068034179,-0.20946342932602588,-0.037888544212092284,-0.99703872024325735,-0.066919717222771055,-0.2122671663119072,-0.057409292663364149,0.97552387116964223,-0.24377931728476349,-11.205583700917812,-2.6454147044825587,,0.1695527637296028,0.2083333333333333,0,5
0.91550251047483244,0.39438478827727275,-0.079471957883078398,-0.37776499699653776,0.91064868895948881,0.167369568143587,0.13837904595163605,-0.12320553588153238,0.98268592926207088,-7.6147480870464488,-11.032737304768123,-4.2361210403198903,,0.3541887225028938,0.2608695652173913,1,4
0.77826658135751881,0.61380712971245366,-0.13244597334852912,-0.59466568245648077,0.7881958137236591,0.1584931712632022,0.2016776002699564,-0.044588863437608185,0.97843649707412994,0.2457660665595004,-4.6536227873948244,-3.1808552358301427,,0.6136969645785739,0.8258064516129032,0,1
0.96569823386551035,0.24227021664036583,-0.093445509459065518,-0.21643518757766195,0.94982076899492973,0.22582363995849314,0.14346682782879261,-0.19785259390493462,0.9696760388902228,-7.780306286607046,-8.8111725752082126,-4.4738966714776387,,0.6335058750655574,0.2909090909090909,0,4
-0.81581908616164078,0.54588633245934226,-0.1909118400950372,-0.55980532543265382,-0.82828094998860335,0.023846708435697663,-0.14511104806879949,0.12632806465732296,0.98131748369643845,-7.6644580297385216,-15.676966622878467,-3.8590095105814126,,0.07921441716183603,0.3181818181818182,0,2
-0.97387075839929627,0.10121195636900157,-0.20330244913118642,-0.096816810181562657,-0.99480440301577688,-0.031475466743025822,-0.20543186510628431,-0.010969942041021551,0.97860993719181599,4.5885596410619778,4.6506273720898008,-3.2620888922559876,,0.9208890814008039,0.6106194690265486,1,1
0.79056374396151197,0.59793381008009983,-0.13222755195742109,-0.57785842841433466,0.79987261033661294,0.16212169485855174,0.20270323984601957,-0.051758728697572309,0.97787137730866169,-0.67248336567722544,-12.679192044403369,-2.6607896099688859,,0.2757130653972103,0.6837606837606838,0,4
-0.25537512014067804,-0.87815250343684637,-0.40451418852833126,0.96128959609907128,-0.27539199052451679,-0.0090312782390020181,-0.10346912797941239,-0.391161644672052,0.914487128008173,7.6204236071417997,-5.8579064165726296,-1.3921514018308732,,0.5746432122437524,0.58,1,5
-0.94733436099094759,-0.20166959657980604,-0.24877094344237866,0.23443037444733097,-0.96592538108723835,-0.10968389903699605,-0.21817426067792017,-0.16222679182802088,0.96233178269806263,-14.500388936472838,6.9254814885196279,-7.3584640760880822,,0.3724416427381881,0.1538461538461539,0,1
-0.25634807813869614,0.94893943638297762,-0.183846699485613,-0.96658329017794686,-0.25197332067271555,0.047182505422456,-0.0015511232613864979,0.18979829226397521,0.98182187909534113,15.308449042806508,-2.1251063442036378,-0.038041105423764258,,0.654905837338736,0.4583333333333333,0,1
-0.68585148113768057,0.7199456040289508,-0.10623593111861604,-0.70973689895078362,-0.69398862470586087,-0.12105091096969836,-0.16087659894768902,-0.0076233862723575022,0.98694508656397273,10.893612349613884,-7.8087858422188994,-0.44293733214034525,,0.2517116260428302,0.2727272727272727,1,6
-0.58441588785649812,-0.77297356661115513,-0.24692090908088485,0.79327617239330672,-0.60827853834855161,0.026648341366287537,-0.17079515313358709,-0.18030275956007805,0.96866915433552181,-16.497344563670989,-5.7582238674737551,-6.4457114391587034,,0.3947501936479845,0.7586206896551724,0,1
0.74846868529733801,-0.55943087373108658,-0.35613441934998002,0.65308810766352954,0.71507169471398679,0.24929579829459136,0.11519787653313986,-0.41917725240683146,0.90056642192950742,7.3446657650515457,-3.9444975999850191,-1.6458688840961821,,0.6039056923172003,0.4705882352941176,0,2
0.61277052211741667,-0.71523359389076635,-0.33608509844092405,0.78280330799372821,0.60764872047210861,0.13409703017846758,0.10831097921274623,-0.3452592340238077,0.93223644699360941,20.983168136643027,-6.0356642742626612,1.6306025094366923,,0.2302149903868541,0.35,0,5
-0.63063852973879353,-0.73916553906650995,-0.23649387024912064,0.75574123258897041,-0.65420723066577913,0.029463345185426579,-0.17649428935179778,-0.16014744831288252,0.97118616167297001,-19.072073619335818,7.4124901107777461,-8.2050370714259646,,0.1296409387654393,0.55,0,2
-0.97748057460893956,0.031872175967328144,-0.20860462761234225,0.0066288202721404201,-0.98340309124464109,-0.18131304109821658,-0.21092127679296829,-0.17861277818115817,0.96104614377585007,-12.810077981011728,-10.235885807553892,-5.3643404508187489,,0.3197835479258035,0.4705882352941176,0,2
-0.55719049679995092,-0.78296387034081205,-0.2765977729786715,0.81603075165767314,-0.57795542142161427,-0.007832189883977235,-0.15372886074136499,-0.23007631036310841,0.9609538640251476,26.18610324316916,-5.5423654715713173,2.7676241758063913,,0.2564455620670309,0.391304347826087,1,5
-0.98318329111825475,0.075606069086154984,-0.16623579152281645,-0.049516513491628805,-0.9865417995361857,-0.1558312955074771,-0.17578034861016481,-0.14497930916253146,0.97369516223366581,13.312001084013991,-17.812938527088573,0.88180276471946528,,0.2746733413661916,0.1875,0,2
-0.068837938992703157,-0.96969647444771245,-0.23441434597505356,0.99555910956165306,-0.08189615634185464,0.046422827846202719,-0.064213686423102476,-0.23017768575625605,0.97102772126023695,5.958929040857087,-9.0619162266500375,-1.4573314968096021,,0.07430743091693637,0.3,0,4
0.51436151777018879,-0.79939466355309241,-0.31048413956269239,0.85544626696579518,0.50376209843672781,0.12014754476438673,0.060364835553766705,-0.32740177162236367,0.94295501831588158,9.9945987953641691,-20.657492711616793,0.44044620570509002,,0.3486665850033552,0.2592592592592592,0,3
-0.25272329778905667,0.95626629302001831,-0.14726069261135127,-0.96753410591402744,-0.25024147578252498,0.035453599130791442,-0.0029476512288016425,0.15143969305282903,0.98846210383620559,-12.169128668920633,4.4259478285853087,-6.6081946563494807,,0.07343750630432509,0.2352941176470588,0,3
-0.47444143759395713,0.8716676313999262,-0.12288556735199369,-0.87853907424810318,-0.47765593987675636,0.0037280182052960215,-0.055447428371978781,0.10972849889657044,0.99241384473254923,3.2326181970680135,-8.2815148087119095,-2.1535391106572832,,0.07681810929160693,0.4,0,4
0.8399769406412525,-0.45641930464823927,-0.29346236136066894,0.52066704131451358,0.83023083619084759,0.19905424066479199,0.15278930355150119,-0.31999715152210961,0.93501724675964337,-1.0404355520738651,-23.994559845999504,-1.7528053018281378,,0.2717981425250696,0.1538461538461539,0,1
-0.97696251932652289,0.029208990476763896,-0.21140262700946214,0.018988977469602847,-0.9747625739013559,-0.22243503153924168,-0.21256447155117988,-0.22132500852034959,0.95175185108180138,-17.680479760648872,2.2228971186182944,-7.5057421462033931,,0.6364615576981882,0.2156862745098039,0,1
-0.89176739536053506,0.40907560011050964,-0.19341164899279636,-0.41932899491710696,-0.90773387738268196,0.013505623777172595,-0.17004148491969573,0.093146987315898128,0.98102473575352644,-3.5107851299076551,-11.342032099704234,-3.3540575048015189,,0.07683694971926805,0.2413793103448276,0,2
0.49303837011598511,0.86784199792626593,0.061346819222517772,-0.85617508410486154,0.47146779828565055,0.21138197779781254,0.15452310814699086,-0.15674304391273181,0.97547641039318078,5.2668544640233117,5.9549656411610412,-3.3032076046142329,,0.3652622525036454,0.2941176470588235,0,1
-0.36555827984409323,-0.84117698258217477,-0.39848265710238401,0.92158409953216125,-0.3871549740519255,-0.028173987228461001,-0.1305752332064701,-0.37753451503246899,0.91674303838768001,4.4563838175679882,-7.6622319820978806,-1.960749630196307,,0.1416828882592837,0.3125,0,1
-0.4676492537650318,-0.79896774866809861,-0.37809352287660081,0.86544885571809671,-0.50085197272827886,-0.012065635102584502,-0.17972883349436741,-0.3328630919799031,0.9256887751335936,-15.139164642220218,3.1234833222120435,-7.0858076738304012,1.284088866960518,0.4704895279087982,0.2929292929292929,1,3
0.23273933876148642,-0.82069033791530499,-0.52182350411353506,0.97253136345525626,0.19425144959401436,0.1282541283019179,-0.0038919517888515499,-0.53733950495295502,0.84335704723929772,-15.489795403297144,15.317791150436024,-8.5781225132277097,,0.6356364192583976,0.4130434782608696,0,1
0.95343512139595843,-0.2115510958851784,-0.21495953832862266,0.22985959985398904,0.97113095063710164,0.063790603302085053,0.195258888769855,-0.11023071506826025,0.97453740606089723,4.0759770958206101,9.6125424606946908,-3.9151877048019426,,0.1003514547547319,0.3461538461538461,0,2
0.9774256419222459,0.040714524561918784,-0.20731966139896696,0.012999033943215395,0.96780935832439863,0.25134850518007673,0.21087944335432163,-0.24836942933745459,0.94543243383181985,-17.698118532427642,3.6980858185928516,-7.6886587445010264,,0.1847757673468292,0.2777777777777778,0,1
-0.044690961546311955,-0.96960905472130776,-0.24054313325995783,0.99691141166079023,-0.058850328313799855,0.052002655296136124,-0.064578287810663146,-0.23747614587534832,0.96924440926096334,4.405102348947378,-5.7087869911264688,-2.1149750901928286,,0.06498423412230397,0.1176470588235294,0,4
0.081857250175925406,0.99007469212745158,-0.11424313809751237,-0.99417547436764464,0.089179155897369258,0.060516149243828525,0.070103614453925212,0.10862404044300698,0.99160793717997797,-2.6978730194495846,-11.397114096813663,-3.1490074659629816,,0.1011778951662637,0.2222222222222222,0,4
0.28629425123758673,0.95621837944387411,-0.06067958900685156,-0.95120704596468431,0.29125731354661022,0.10185446977305791,0.11506849010675653,0.02855850345067943,0.99294695450724313,-13.777748312021842,-4.0451073513630664,-6.1828337737750676,,0.4394155236685509,0.4705882352941176,0,1
-0.58190034049484862,0.81176630204629785,-0.049269306815275381,-0.81171697418116151,-0.58345968479275989,-0.026274513272629401,-0.050075418701787083,0.024703584428419165,0.99843987568517567,10.429058544223881,-6.3630717073752603,-0.70516470142765098,,0.4689246642233743,0.28125,0,3
0.72870615715435461,-0.63327533332487074,-0.26067161089694163,0.67420830395700149,0.73017261565174318,0.11086529767116299,0.12012701361790649,-0.25653518970029315,0.95904076922969128,1.1830421362393877,4.5162530346330012,-3.9630192218977007,,0.0751488355237248,0.15,0,3
-0.018177244573025927,0.99973839322442792,0.013882827261439355,-0.99849245853055668,-0.018870346111264726,0.051543382652340361,0.051791872309628853,-0.012924981651037035,0.99857425703448977,5.9682458959147038,1.9542601441556011,-2.5564753268037546,,0.2595319578008107,0.3125,0,1
-0.93505889365513561,-0.26062114020058341,-0.24029458312034752,0.27923544941085177,-0.95910307109005066,-0.04635582830619462,-0.21838596380892572,-0.11044419543906132,0.96959251776458422,-4.5705758786465358,-10.83971117948877,-3.5918741891836272,,0.1315880642068607,0.1791044776119403,0,3
-0.5310975200677307,-0.79570437167547614,-0.29118718562883528,0.83179614107565014,-0.55508116141475583,-0.0002897138298924913,-0.16140199462696769,-0.24236224363332942,0.95666605406037852,6.2887479613453676,0.76018380978928279,-2.3146004803703941,,0.1361157812023661,0.3235294117647059,0,1
-0.68480435500140013,-0.68825311026853819,-0.23947996069984268,0.70424852735115306,-0.7095044683419609,0.025247200369996291,-0.18728856637511854,-0.15136401688800985,0.97057298916499746,-11.2194819295265,3.8168591591453418,-6.3800921163227295,,0.07008772114686523,0.1707317073170732,0,3
-0.62532967015348728,-0.70975793491660832,-0.32435548006568798,0.75983864941548485,-0.64849158386791739,-0.045868208019639221,-0.17778647440169207,-0.27514058129507601,0.94482253891639634,2.7293411805449961,7.832843077361618,-4.0607899953794249,,0.06029258782635462,0.2,0,1
0.87366894436780873,0.48065985450421461,-0.075290636305093278,-0.43562495547820163,0.84175830094234871,0.3188633891798584,0.21664134834295509,-0.2457825605339769,0.94480551391569911,4.0741040012135841,8.2454638897696153,-3.8314014154499554,,0.4053954834891474,0.2,0,2
0.66672859073457647,-0.7075935410007097,-0.23406060546611274,0.73812869591771735,0.67036814554622137,0.075977481530590751,0.10314559883919694,-0.22342320866686605,0.9692487066120371,4.6896542894298747,2.8973774474144927,-2.9992456053464736,,0.1340532171798577,0.2777777777777778,0,1
0.90903301531041913,-0.29584673496066394,-0.29348541103223869,0.3798271232641911,0.87794246344554927,0.29145906627176654,0.17143609161578724,-0.37641963324496697,0.91044929908217753,-8.0149974430886903,9.0147717680360149,-6.3322214461127171,,0.5205134290189376,0.3157894736842105,0,2
0.21088644403947066,-0.92562025725737407,-0.31425156654371378,0.97744867300776461,0.19606142827546766,0.078447485478774559,-0.01099997071569369,-0.32370828796522122,0.94609298958763999,-5.7785519271942238,-9.7291887113298916,-3.9841065631400032,,0.1897967746892522,0.2952380952380952,0,3
-0.73974714659161478,-0.62370976689817925,-0.25250799152775616,0.66423456493825839,-0.73684925763428621,-0.12587936393660007,-0.10754813736576389,-0.26084343618273997,0.9593717214664681,2.1991721691379653,9.0733486667354182,-4.317345532563782,,0.4985831827805551,0.1612903225806452,0,2
-0.80276483702778778,-0.48904743463590594,-0.341176234676138,0.55993396258458594,-0.81497707796647734,-0.14928603395343221,-0.20504285887606938,-0.31087773973905058,0.92806920914265145,7.1713349909142377,5.3304556384498394,-2.7708349931420662,,0.7877114201831159,0.4363636363636363,0,1
-0.62148664458710934,0.78012728375695672,-0.071803702814331793,-0.77810766146449839,-0.62533069826380228,-0.059245126205923072,-0.091119799001677479,0.019050956587492507,0.99565769383006109,-10.647079157620389,-6.4300277211499663,-5.3334987750778495,,0.08317959792885551,0.5714285714285714,0,1
-0.96876392028072478,0.17355815983842685,-0.17712716312248808,-0.14430261369202615,-0.97542019149471637,-0.16652989433150178,-0.20167603339011619,-0.13576824068209162,0.9699967847256602,-12.701585796304194,6.6588196520518004,-7.035663022782737,,0.2998423335123511,0.1538461538461539,0,1
-0.55535589188417001,0.82150962737195232,-0.12923531051819767,-0.82840852622115391,-0.560123980984926,-0.00066303068934951421,-0.072932482705819618,0.106691415122283,0.99161373271328335,-14.497286054750305,2.4423211075320537,-6.8982346470441271,,0.1036417198414,0.2941176470588235,0,2
-0.97634655252541613,-0.036415914498900394,-0.21312271240518949,0.035182971253705037,-0.99933500546938259,0.0095762924596008558,-0.21332971641451479,0.0018514898648429872,0.97697850748099102,-1.4990975732526879,-2.7218078654272793,-3.7343967853554245,,0.1417207506616314,0.6441005802707931,0,3
-0.75962435875362755,0.62217539432127067,-0.18939010610195819,-0.63746535759508849,-0.76999695102179855,0.027250931787739831,-0.12887494502154365,0.1414301032959572,0.98152370039005621,-5.8809755270175925,-22.889733335436588,-2.9023875790060147,,0.1627738651072109,0.4545454545454545,0,1
0.51801846157022058,0.84741465592701726,-0.11638416727594911,-0.84610490503340507,0.52761399785463681,0.075696492298256757,0.12555223275925562,0.059261034313803737,0.99031548844861739,15.743750228228283,-5.3743373568555732,0.3598957043129774,,0.1689911336036426,0.4,0,3
0.78120521248382602,-0.56890184350307371,-0.25703911851487554,0.60947844123013273,0.78415141706063585,0.11680147600730344,0.13510901399902137,-0.24790572317032367,0.95931658317554958,-0.33040992706928957,-14.358450977874961,-2.3889538364925529,,0.09409531046589922,0.3333333333333333,0,1
-0.3049360383620261,0.95203894878874318,-0.025216115824981424,-0.95228589582259937,-0.30515905341839294,-0.0054336667307977463,-0.012867988398496929,0.022356030640889726,0.99966725602500417,-6.9161276399048468,9.2012030525957407,-6.1368494386691488,,0.3139929201551172,0.5,0,1
0.93926817913123917,0.28267637980227944,-0.1946004932505663,-0.25584088011563644,0.95470300084238746,0.15194612283371042,0.22873725479935011,-0.092931396655908896,0.96904232300887627,14.574224681653613,-5.7515571269161008,0.093528509077933045,,0.1120174091852999,0.3529411764705883,0,2
0.95907145483753353,0.23103296778874621,-0.1637245012529944,-0.19479992437541885,0.95795204787258814,0.2106676611159071,0.20551139622694589,-0.17015181977116703,0.9637496688712337,20.935225949083328,-6.9955941107843804,1.7103258023798074,,0.1816726316668428,0.391304347826087,0,2
0.82311378288427284,0.55789653355973634,-0.10599602949154187,-0.53226964299764101,0.82299856443545449,0.19839957177460057,0.19792101346018279,-0.10688695326938087,0.97437285042825539,15.759956234274203,1.8936710011623108,-0.3830659056894124,,0.3069680037374037,0.2631578947368421,0,2
-0.64949255933035688,-0.72483845051597251,-0.22971424863971038,0.73914385996712406,-0.67274278515401653,0.032916550489345005,-0.1783977848724686,-0.14841282180735157,0.97270132346767979,11.730496851185743,3.7604196578376019,-1.5588746403444875,,0.07701502937550547,0.1428571428571428,0,2
0.39295505478564596,0.90553578629190945,-0.1599726997431225,-0.90942801904572701,0.40845115311765795,0.078155829542145852,0.13611393423516668,0.11477192714923316,0.98402256155307544,3.7650309040692624,-3.0008001775432316,-2.5605262635936858,,0.2043231045623989,0.7898550724637681,1,2
0.81144569761386465,0.58207659854248306,-0.052370919918995597,-0.54684626681171222,0.78782664491082566,0.28335196848203886,0.20619175613501772,-0.20128589368797178,0.95758495638987184,-6.8205144770698212,1.9824845657695531,-5.2973618729922149,,0.3463442423650608,0.2640449438202247,0,1
0.87826441086965423,-0.36197637725338067,-0.31244955898560195,0.44648581874959686,0.8546947773446788,0.26485326359181033,0.17117838138994379,-0.37211549267700345,0.91226532426398332,16.968939210631355,-13.856547647121872,1.4023684498226621,,0.1836932781400833,0.2916666666666667,0,2
0.89043268867151271,-0.35882644062231406,-0.27995216101245124,0.42249715226014328,0.88040491752865013,0.2153679120097525,0.1691915579374153,-0.3100496197412474,0.93554446715322859,14.745537683671943,-7.9969027264233379,0.32628313716836516,,0.4480335863392927,0.6470588235294118,0,1
0.32938469895996286,-0.84287219625230525,-0.42552576993158675,0.93276166359988844,0.36040168998593702,0.0081425287011673234,0.14649709556651061,-0.39959614943101712,0.90490967413907175,18.186710789259529,2.5748137934055326,0.16437628469032212,,0.2960323864691634,0.1739130434782609,0,2
-0.44707923413757045,-0.8353417402896739,-0.31988175210971781,0.88249185068715041,-0.47029822196870852,-0.0052645877180278449,-0.14604208939115035,-0.28464672726537893,0.94744284723849015,-11.250758717300117,6.8278208342461966,-6.8328202702506502,,0.2262494250404539,0.1333333333333333,0,1
-0.16893633772297295,0.9817003649756687,-0.087891451253168912,-0.98561468687740161,-0.16781612625835099,0.020035887282650669,0.0049196349774580502,0.090011894626653682,0.99592853961386651,23.740998583057291,-7.5321706854686523,2.3637822532581318,,0.738764932530111,0.7,0,2
-0.93919802178546685,-0.21560423051049779,-0.26724874491799372,0.24990208135233247,-0.96295002012994602,-0.1013716354189398,-0.23549103084839346,-0.16199405704443084,0.95828069993726162,16.677637154097766,-11.04111982802098,1.1545524452217066,,0.2585825946872687,0.4347826086956522,0,2
-0.59177111594687848,0.78040191121615299,-0.20194009829937554,-0.80178375190212503,-0.59573693978041997,0.047331952915677974,-0.083365229662839144,0.18992197227081306,0.97825348603111384,12.163563336650871,-8.7491714089081594,-0.12013316593819943,,0.1289580847082181,0.4230769230769231,0,1
-0.70495223320144895,0.68800577151317843,-0.17230904581259174,-0.68723821370115301,-0.72266643628184368,-0.073870559091893009,-0.17534533507663827,0.066342145249125989,0.98226917554741888,14.057197116578244,-0.2985782265420161,-0.51798312705896155,,0.1557814378587866,0.1764705882352941,0,2
0.17148581183574668,-0.88655684706168303,-0.42966216178188377,0.98502486721300597,0.14639066130860093,0.091081201428343042,-0.017850134762368877,-0.43884704762556775,0.89838446195339305,-9.8707281499782518,4.1994164663004971,-6.2124529688447891,,0.3561550776308861,0.2702702702702703,0,1
-0.7693546654160448,0.60777203378983624,-0.19673981230430149,-0.62510483776683201,-0.77972143672759553,0.035755040315418853,-0.13167133554068766,0.15049131553156359,0.97980356365269006,15.108387001071172,3.1561885452789276,-0.61739650382212319,,0.09864081968736949,0.3703703703703703,0,1
0.54663317132819977,0.83236883985982868,-0.091401807608370231,-0.82112150524637795,0.55422184948887121,0.13637307348247946,0.16416957582206748,0.00050594420412334521,0.98643200191136582,-4.2161915034701964,8.9780664647172479,-5.6122677923377875,,0.5538599488400368,0.2258064516129032,0,1
0.42204039016528444,0.9062782894944319,-0.023271679358842001,-0.89549035721400938,0.42074407248558027,0.14516006890662142,0.14134684009860449,-0.040423847655750751,0.98913446170621533,7.4033010652689848,9.6653427762883215,-3.2177560408257544,,0.2139914206051713,0.2272727272727273,0,1
0.20924707318110769,-0.90664882422820459,-0.36633805684197529,0.97781883542302206,0.19044711307575241,0.087179253340900806,-0.0092729422032854381,-0.3764542557160509,0.92638879845136779,26.678396135614825,-14.65403752973676,3.6426515532781369,,0.2079079630083717,0.3333333333333333,0,1
-0.50912647557716617,0.85841967898534433,0.062497092708952651,-0.85843316043046514,-0.50119306256779861,-0.10907805969705597,-0.062311643693107259,-0.10918410490821996,0.99206657553596378,1.8167700042361103,-19.241497904147046,-1.4781608516713689,,0.3720284058364765,0.1666666666666667,0,1
0.33453084043761644,-0.82297556109209347,-0.45912998447199693,0.94217594951370087,0.30233444852894181,0.14456265558800882,0.019839278062938216,-0.48094189573986462,0.87652797785814396,12.80624354040938,-13.388728755558503,0.44227971121645149,,0.714266244508436,0.3888888888888889,1,1
-0.24807629350049329,0.96857504556534202,0.017903455285277311,-0.96874043116320629,-0.24804077585854387,-0.0042131391166832458,0.00036004552759435511,-0.018388980928439533,0.99983084356686602,9.1438430034419032,-5.3297341674961229,-1.1333024049016567,,0.1837443778958819,0.2105263157894737,0,1
0.60998892090849866,0.79240210182437532,0.0035249671200245024,-0.77280165570479442,0.59390530913810136,0.22372770216829424,0.17518880474737442,-0.13919552004963584,0.97464531491681528,20.339387723851921,-9.297406587426293,1.7227639133711503,,0.213812461456213,0.1176470588235294,0,1
-0.45786809790533228,-0.80552277338695766,-0.37615138770917333,0.87660607428217718,-0.47953226637882845,-0.040132231848909565,-0.14804930074857922,-0.34811185997688759,0.92568868281474015,37.723441267195092,-6.0282972836088096,5.5528467593136517,,0.3215061114794924,0.3333333333333333,0,1
0.67341229382224754,0.73522204279078884,-0.077229724352721768,-0.71555730768828185,0.67449328498107974,0.18175958827343563,0.18572458626405863,-0.067136847632059932,0.98030557569926802,1.0296846674636853,-14.582991785209142,-2.0512513891254014,,0.2434388564863598,0.1333333333333333,0,1
0.9774236368173026,0.018871223101699641,-0.21044455595116671,0.014138104335570095,0.98792973671817574,0.15425611596871314,0.21081543633385669,-0.15374886096034149,0.96535907286188793,12.614311073692901,5.0275554425703097,-1.473076661675629,,0.07640884734378314,0.3333333333333333,0,1
-0.48187697005820584,0.87117508340270255,-0.09406678364766119,-0.87447839688178963,-0.48493130448920518,-0.011365003891438323,-0.05551683631635998,0.076782836524126791,0.99550101803098678,4.8780467192384327,7.042909266608242,-3.5676917832301958,,0.1620400972985818,0.2,0,1
