axis_00,axis_01,axis_02,axis_10,axis_11,axis_12,axis_20,axis_21,axis_22,location_x,location_y,location_z,dbh,dbh_approximation,score,reconstructed,number_clusters
-0.73096572135762339,0.68209382873114199,0.020907486865200428,-0.68104851554309653,-0.73109774779458103,0.040853428818563159,0.043151288238841741,0.015623443173011797,0.99894638211805253,5.2040481405973091,-11.659365110367364,0.89095073837321492,0.4729286153830835,0.4126329376453717,0.8910891089108911,1,5
-0.94512240479707155,0.32462608642189755,-0.036899105206006096,-0.32510985685079974,-0.94564407408490736,0.0078016745991454648,-0.032360793084437518,0.01936980027003567,0.99928854186788629,-21.511762529537126,-5.8438959795363887,-2.0620198395267306,,0.09822131444071766,0.375,0,2
0.89796722181271171,-0.42713964286430278,-0.10586120178666039,0.4397439278834066,0.88011676704299269,0.17894064451505434,0.016737575679693008,-0.20723465410868333,0.97814807248024616,16.210070552254848,6.5398353958325153,-0.91606291739507184,,0.1751163091813552,0.4,0,5
-0.99766975705103456,0.015145799534455469,-0.066525638833389508,-0.019180923276753834,-0.99798743336107532,0.060441500937872331,-0.065476316695273734,0.061576680730887234,0.99595239060016583,-1.2000553766792907,-17.239903078029965,1.1908081562189365,0.4271036412915695,0.4092245232698607,0.7777777777777778,1,5
0.16056584719283859,0.96553973442624141,0.2048209705068007,-0.97906797418097014,0.12950784828797873,0.15701471002739484,0.12507801824627282,-0.2257448526011604,0.966123569154414,15.948883450084022,-0.065353224180478647,0.010046737990414445,,0.4733157919951587,0.1463414634146341,0,3
-0.90628477228715587,-0.41131728223027275,-0.097293395763126858,0.40722849755812329,-0.91137828606183346,0.05962021864727015,-0.11319391457570398,0.014412252901505579,0.99346838131333182,9.5476599818971888,-2.1764940134651574,-0.18674288401210845,0.2027462463970541,0.1754970082565226,0.7543859649122807,1,5
0.88328093303163147,-0.44292011096402217,-0.1537418896930472,0.46882006494950157,0.8377190990383393,0.28006152503894199,0.0047476355711097732,-0.31945028785401181,0.94759114260659538,-18.512925064783449,-5.8574896638671614,-1.7719407083276451,,0.1179742013422968,0.28,0,3
0.96222004530682426,0.27005232295901188,-0.034703418767822,-0.25857911647474646,0.94628518638474191,0.19411642525024428,0.085260922660224045,-0.17780913613545221,0.9803644659889974,15.319178078751325,-5.8283267350393624,0.82740127176785272,,0.1741190456575489,0.3333333333333333,0,5
-0.29320366748471416,-0.93283085056338844,-0.20942352687962001,0.947692080572625,-0.31248309500285815,0.065069468703563435,-0.12614011968221076,-0.17939041104423761,0.9756575990745614,27.79709867128263,-2.4732137973326496,1.1694100230638738,,0.2220480986260464,0.2631578947368421,0,5
0.5442238960377298,-0.804203753869979,-0.23890724820094641,0.83620450005993519,0.49701121463157333,0.23182296394007587,-0.067693316221234534,-0.32593891266904951,0.94296417755240824,-4.4510282888985344,-4.6064867663640552,-0.87617495141937196,,0.1590728184129149,0.3205128205128205,1,5
0.5134807794526528,-0.83586205269210323,-0.19409306531157397,0.85476077025292208,0.47828777250485138,0.20155602771681538,-0.075640695193332275,-0.26939828422188206,0.96005367021275356,-1.4327989509035932,14.870499350957513,-3.520500215666817,,0.2575552179013589,0.125,0,3
0.28507601982219699,-0.95004266262623882,-0.12708501922878843,0.9533089432566515,0.26724073025445916,0.14065721026648528,-0.099668057216046976,-0.16124928304681102,0.98186809047227364,-6.5906413631876619,-20.466690127998774,1.3293192013829167,,0.3733910949623274,0.3225806451612903,0,5
0.47012520802002367,0.88151093985321494,0.0438263813613586,-0.86966404721329804,0.45419306251760538,0.1933729736686714,0.15055475339130153,-0.12902373766086739,0.98014597961288608,-5.2379770502245311,25.483884525526523,-4.7425148215933284,,0.3511625462159458,0.2666666666666667,0,2
-0.9439705033082626,-0.31858002310001382,-0.086176898096538501,0.31529272186864471,-0.94768920885851893,0.049756034305165189,-0.097520194937294302,0.019797279982615452,0.99503662208216404,-16.707913553301335,-12.981657987187079,-0.54790014464147085,,0.08939339232257063,0.2,0,2
0.26550892678035787,-0.95114519476249237,-0.15756848758607697,0.95961498481991114,0.24495736462435916,0.13832921031138326,-0.092973602216030862,-0.18793272199515934,0.97777154862189908,17.867690697344699,9.5515126384051374,-1.254447627976119,0.2208131008106018,0.3056927254915321,0.875,1,5
0.96031302714415034,-0.25925227783015958,-0.10289385956952517,0.27713410240863223,0.92858421423545634,0.24683607182679485,0.031552799866275461,-0.26555529275952033,0.96357916504457775,-10.1993920989604,-12.748306066515001,-0.092543926187727707,,0.0793726182320182,0.3076923076923077,0,3
-0.93713271904647766,0.34741036020450922,-0.032989521292829366,-0.34839757101477437,-0.9368244630459226,0.031289901721245954,-0.020034954543555143,0.040816259766090074,0.99896578196410035,-16.209337822638144,-20.076666307728392,0.54602644842064341,,0.09450113301316131,0.2307692307692308,0,2
0.98692927708654632,-0.1348914862673217,-0.088175330801871649,0.1530192988114322,0.95603537269222383,0.2501628676532498,0.050553894218785381,-0.26038558541868773,0.96418029988456122,-12.880284114410548,-3.6010192363518829,-1.6456212312259877,,0.2646195731706938,0.1486486486486487,0,5
0.98007621649791787,0.19304196192673884,-0.046748377411439099,-0.17949628249931915,0.96159227608835762,0.20765687837424654,0.085039369847450003,-0.19512840772857132,0.97708403429452351,-5.124937261987264,-8.3613554439468718,-0.34340322478374324,0.186980085339667,0.124077959212217,0.5740740740740741,1,5
-0.12070060071934478,-0.98721347007196902,-0.10411978435653158,0.98528350074446713,-0.1319270929791958,0.1086814855381812,-0.12102804694250233,-0.089469585036033208,0.98860882314834886,-0.54540392565377893,21.899376101035255,-4.2287810005257525,,0.09976894386940363,0.4761904761904762,0,2
-0.73400326738627153,-0.64576829016144144,-0.21029150931087678,0.66718920895165112,-0.74348881101103703,-0.045639318135403395,-0.12687695978682667,-0.17380363437904028,0.97657285122610771,-4.0492499558654265,-11.119659978201179,0.14289875649798375,,0.09228186807208491,0.2352941176470588,0,5
0.47977906617517529,0.87407515237107591,0.076188422135892164,-0.86621930604288988,0.45806981655323081,0.19958997219665917,0.13955701880826543,-0.16175497262949759,0.97691308074514993,-4.6725761903988881,-9.3224980924603678,-0.15437587967596553,0.2916383338578961,0.1447523064025311,0.375,1,8
-0.96630359528087184,-0.24583728498975935,-0.07629804097174557,0.24135902659719816,-0.96836532026429234,0.06335950433430218,-0.089460505404984153,0.042809295933236444,0.99506993832312463,-6.1244394756130047,6.1231234288768919,-2.6111434901275357,0.7013313366724132,0.3104965498364463,0.6879795396419437,1,5
-0.99863327340702923,0.012252227774276449,-0.050808150516716832,-0.015781332203663109,-0.99744660878269931,0.069650643800116499,-0.049825041878956124,0.070357270714975315,0.99627672845414816,13.335094895936885,-12.244449793713622,1.57220173595646,0.3554961029677117,0.3767320976278904,0.5945945945945946,1,5
-0.2675342781602435,-0.92663630681230746,-0.26414118366231054,0.95306934528660803,-0.29480701543130577,0.068903169211898999,-0.14171885225415556,-0.23331090533820928,0.96201964032239573,3.6701588552653281,-6.5980823535204234,0.027397075114026757,0.4858535236443716,0.2616015305854846,0.8095238095238095,1,5
-0.55226538928852043,0.83346141571959387,0.018574399066727813,-0.83193419600525953,-0.55241612567580389,0.052172000253175962,0.053744146761133052,0.013360112275921952,0.99846535948368975,-7.5602738351128878,19.004656520705293,-4.3367169668472574,0.5900414103202427,0.4259114844393949,0.4423076923076923,1,6
0.84404620622058946,0.5360724528800157,-0.0145714456329734,-0.52544578575668033,0.83213553705233989,0.17736170444929666,0.1072041416885381,-0.14204496906901776,0.98403785433641067,-12.082975720672522,-9.9903705668051792,-0.61490295812900331,,0.08378901486398846,0.2941176470588235,0,2
-0.44575647548801306,-0.88176983741219961,-0.1542177628892655,0.88581330480200982,-0.4593330178658479,0.065939121422687166,-0.12898043881243204,-0.10721535584195981,0.98583412087198352,-0.25761145091526377,1.3832183796021698,-1.4676926134797357,,0.07348910944823375,0.2575757575757576,0,5
0.57282681806763713,-0.79467403158901639,-0.20090450472939742,0.81829317636229648,0.54018347636030928,0.19646396459960272,-0.047599517029156019,-0.27693861302705602,0.95970791941779932,-4.156352354967078,-17.879842990391527,1.0768920502830328,,0.5046388315591477,0.6071428571428571,0,3
-0.42129612926394761,0.90033747530369845,0.10909629705438459,-0.90417997158934893,-0.42632086001283626,0.026628993495824819,0.070485107958350571,-0.087423994885150833,0.99367444098880897,6.7618182030343918,-0.82517718008712537,-0.55963406256422643,,0.5860574115850411,0.3235294117647059,0,2
-0.47167851512546677,0.88171873895960351,-0.0095626218435724258,-0.87881127323164243,-0.46918011698666112,0.086952653009346792,0.072181191525326621,0.049417438135451165,0.99616654852394781,-7.8691128303343572,-7.6852358361059085,-0.65411640274922334,,0.1611207428489871,0.3947368421052632,1,5
0.89298458599221708,-0.43556600134790779,-0.11340541279014342,0.4500810199041077,0.86548741846483568,0.21990589805903824,0.0023674252652843815,-0.24741420118673105,0.96890691418151476,-6.3355914664446962,-14.67665891238568,0.46384151864796758,0.2980384143625563,0.2472238250571846,0.3823529411764706,1,5
-0.88117538672001738,0.46773222171609763,0.06896743149741856,-0.46805097104707477,-0.88361358054786343,0.012463096456107525,0.066769950881500617,-0.021298099443550031,0.99754105911454827,-1.2884600466299905,16.706719709641227,-3.7788904026089014,0.3784192158505796,0.3178944087151314,0.5641025641025641,1,2
-0.98253232651480671,-0.15715779244832009,-0.099657692257915126,0.16753169733466247,-0.9801474848964209,-0.10603790944463222,-0.08101455265302375,-0.12088149620182488,0.98935550038115205,18.694799582324251,5.2531948482316606,-0.54264296611073792,,0.2794975707494315,0.3333333333333333,0,5
-0.25862611884222447,0.9648664209633524,0.046317603024980877,-0.96165423727125643,-0.26170385990398248,0.082050092319239279,0.091288874408914839,-0.023321222282049824,0.99555133569315546,-12.59235968576929,-6.5941934991686875,-1.176133489821285,,0.2040001634841965,0.2307692307692308,0,1
-0.35677823681483772,-0.92889715874925682,-0.099294300958590778,0.92629348905734898,-0.36554870927785438,0.091403026619793923,-0.12120091528226883,-0.059365053801493789,0.99085121411939936,5.0296306162672959,6.6722201992199333,-1.8676551070744207,,0.1928668713496725,0.2857142857142857,0,5
0.66124911401986963,-0.74279293873725893,-0.10492025243014348,0.7489666027830395,0.64579538537923264,0.14831503004928837,-0.042410342177004803,-0.17665494724166572,0.98335873031741317,5.4384891345633042,-1.4447686520931238,-0.58463553066140028,0.3721696052748441,0.3375984161731532,0.8924050632911392,1,5
-0.28546568485684265,0.94815623016592609,0.1396750012233906,-0.94978809076627235,-0.29936444268819046,0.091013807153360674,0.12810903718229158,-0.10668033394927819,0.98600577125121214,-27.857942590166147,-0.7984575198236602,-3.1298355809848561,,0.3292177649363001,0.1739130434782609,0,4
0.052784440388679521,-0.95436235804094749,-0.29394947254141679,0.99187884728795073,0.015996335416911558,0.12617634309154746,-0.11571583796343599,-0.29822241164565899,0.94745619320191676,5.4960292126526591,-3.8020802561057301,-0.21567936116063263,,0.4923722832386532,0.8709677419354839,0,4
0.090295207251411921,-0.98926328332731661,-0.11491271386527337,0.9901858992510415,0.076817560660661602,0.11675164794790718,-0.10667080421479468,-0.12432706316246349,0.98649081135789918,-19.022006810897718,2.3678951609669605,-3.0178021873943206,0.3130600472303376,0.3450741331380563,0.6898395721925134,1,5
-0.41071907039800226,0.9116812549185036,-0.012129906909064056,-0.90791166388028677,-0.40772710623692682,0.097236913925679305,0.083703379869209824,0.050949938860446888,0.99518734313122525,12.877928272287747,-6.9133406104181896,0.75108314653225028,0.5379213453112425,0.4075191011672979,0.3902439024390244,1,5
-0.12622545265324656,0.9866043502371169,0.1033392045434922,-0.9896016466073686,-0.13247680848284979,0.056022104978167828,0.068961700489978933,-0.095193231415878488,0.99306723466144831,0.45888745641881523,15.785197691256432,-3.6070773632176665,,0.4816401760509903,0.5625,0,3
-0.98842019208128451,0.14516374444781333,-0.044192886123074461,-0.14694324290439845,-0.98833219259211746,0.040089405717674852,-0.037857723792326693,0.04611902410011804,0.9982183270033248,-5.0433266870429971,14.268998184309821,-3.7924484537105534,0.4788064776093597,0.4536269292631583,0.9356223175965666,1,5
0.85493084490588911,-0.47639041722439318,-0.20529349917927711,0.51873755350841921,0.78348871176590085,0.34213562970773631,-0.002144996177913131,-0.3989957504938843,0.91695026587008499,-2.1527611675988862,7.5115964888787463,-2.6185700352062287,0.7033398168572055,0.5734131293979901,0.2611683848797251,1,1
-0.76677206557109301,-0.63290272366494227,-0.10721353383476394,0.63042282591278309,-0.77393024673946664,0.059991947375707434,-0.12094486358659805,-0.02158970956930422,0.99242441748111654,-29.850406590918031,-8.0720251858040744,-2.2164982515486353,0.4004649956603238,0.4508182301572881,0.8727272727272727,1,3
-0.97305744556987017,-0.21406028101880595,-0.085658646447330636,0.21134893399548854,-0.97660544428633389,0.039666538659964563,-0.092145730883256699,0.020493957168923781,0.99553461115098796,-19.729021837691743,-10.168080429083261,-1.195383788302947,0.2030239005392325,0.1397315136119368,0.5471698113207547,1,4
-0.2763878465103568,-0.92543942140085522,-0.25917491317374514,0.95277555313815288,-0.29916128667945147,0.052165792379508566,-0.12581138121670218,-0.23251753024136898,0.96442060040565314,-18.925398815218379,3.3770355265206056,-3.1367492508575006,,0.07179336260550702,0.2051282051282051,0,3
-0.65044421995025614,0.75681630206920536,0.064431371672475604,-0.75879309306563569,-0.65124660216280494,-0.010531148431536899,0.033990567061890818,-0.055740004428550809,0.9978665708686294,-10.846826533591431,22.290375575089076,-4.8001397644039674,,0.7040069767589469,0.4102564102564102,0,3
-0.97217171256429691,0.23203926206966433,-0.032248134023030443,-0.22888706230663244,-0.97013143525114243,-0.080347439574621954,-0.049928689132015973,-0.070730327270014715,0.99624512385548725,-13.049695296224431,-13.974764576781741,-0.14736261951526991,,0.1479267138483752,0.1666666666666667,0,3
0.942318838756663,-0.3054023296104893,-0.1369840253196766,0.3336643584482597,0.88951368250379781,0.31214340380639949,0.02651984211127692,-0.33984529672634828,0.9401073727332292,6.4972617136945994,8.1932209468915573,-1.9633158814140226,,0.3266816846182017,0.6792452830188679,0,4
0.70713060033145536,0.70708219772276915,0.0010391046214378672,-0.6958825156808025,0.69566811751950741,0.17830702352016831,0.12535485010414457,-0.1268094473231533,0.9839743521174541,11.036442274978045,4.2967568864213046,-1.0260798682036933,0.1827238500390013,0.2069711074118282,0.7777777777777778,1,4
-0.25113783090387415,-0.93145641456946748,-0.26328451843260992,0.96116140147654483,-0.27213489323776585,0.045949539650746551,-0.11444889776901671,-0.24151924900484439,0.96362331964289616,5.4922657789367602,10.539771569556128,-2.3619500258306765,0.7231037686628744,0.3519742184391161,0.1351351351351351,1,5
0.96460468966934187,-0.24236721394583033,-0.10390344687279289,0.26145780775614236,0.93030595176995001,0.25723656595584832,0.034316285219460313,-0.27529796531311568,0.960746284334836,8.0719029166592797,10.001407639411159,-2.0687174980045073,0.617839091377696,0.5701064869277446,0.7185929648241206,1,5
0.96605915965851807,0.25049037984646488,-0.063121071317363109,-0.24150534623232692,0.96251504837680157,0.12345018991239538,0.09167806597590146,-0.10401611054339792,0.99034124470625873,-5.2411580813926202,-1.1425841369882124,-1.4411170694366588,0.4391791615433832,0.4005634591595699,0.9893805309734514,1,5
-0.66813318840341884,0.74321395298082027,-0.035086502369226544,-0.74245358092160274,-0.66288597694681295,0.096668825088335089,0.048587269223241566,0.090637749651528182,0.99469798210689886,-20.905235592722399,1.3761018397856246,-3.0090865777536373,0.1737942142126996,0.08236236847371867,0.2631578947368421,1,4
0.4626897914151723,-0.87479010514557076,-0.14373736069506893,0.88391179148250021,0.4427955915365156,0.15043938644524815,-0.067956617031603259,-0.19665791632992319,0.97811428889797536,-24.002379504740382,0.79726933373903908,-3.0797714072666622,,0.8507053561260136,0.7972027972027972,0,5
0.49987590386939923,-0.84587795928766718,-0.18604988234902045,0.86495039949340213,0.47650988253050258,0.15747742145136981,-0.044552072308222987,-0.23964308845051133,0.96983828704116704,-15.970375197667956,-2.0808649353957835,-2.1550266334037551,,0.128707859050044,0.25,0,5
0.31849790582132592,0.94673908961931796,-0.047372778831456741,-0.93931299562127057,0.32193108236491752,0.11853891540058201,0.12747619481465308,0.0067434704816628716,0.99181870589409593,2.1432106615483133,2.452892230873037,-1.4390332371371466,,0.1880238277836566,0.872,0,5
0.46765590639571564,0.88346914927206988,-0.027932337848565775,-0.8728061921561201,0.46654351904097169,0.14334048895828208,0.13966855103112719,-0.042654508851365486,0.98927917633371498,9.4433245695884125,11.582441697200611,-2.2116691984797132,0.2178201156839536,0.1120898780235475,0.4,1,5
-0.8580856876059284,0.51295552757662588,0.023781914440324386,-0.51339432258310402,-0.8579457623008705,-0.018850424117617403,0.010734163465182604,-0.028384778994448832,0.99953943496799535,-12.690029430979974,11.451706924964601,-3.935567770602578,0.2213702095161464,0.2643315834331713,0.2888888888888889,1,5
0.92170406546400585,-0.37948955585091515,-0.080307488487681239,0.38783280724933222,0.90526415567212282,0.17344313787619473,0.0068796314019233269,-0.19100912401064354,0.98156415236929906,-24.053797451976383,-8.3022502262776232,-1.785620029070738,,0.1682409389311675,0.2666666666666667,0,2
-0.49674555442821061,-0.862972143787472,-0.092319733549581118,0.8599957601512197,-0.503751023017454,0.081499689145388646,-0.11683812168010874,-0.038909971160677188,0.99238846600841779,6.4498546999829278,-17.94601175221938,1.8994856520246852,0.508640666152261,0.4233634425850532,0.8727272727272727,1,5
-0.99494758746592082,-0.051964494692015945,-0.085901044738399129,0.068672601298801594,-0.97640471724736499,-0.20473861865302789,-0.073235046436803855,-0.20960324288640592,0.97504005484128842,-4.6680472625268115,-19.984153424629909,1.3528037066599896,,0.4044653970928661,0.125,0,1
-0.84564590073868084,-0.5164109983558598,-0.13491735003686178,0.52335728856892028,-0.85188671943094829,-0.019651100706171935,-0.10478625418275331,-0.087227851253373359,0.99066197206719642,-16.89256407778349,6.3264943827948699,-3.4597388084290706,0.5806026125788684,0.3073844937763634,0.8057142857142857,1,4
-0.63064906991570746,-0.75859125850309705,-0.16377134406586691,0.77043341886667571,-0.63735460348200723,-0.014541544405544808,-0.093349331587635059,-0.13534552797555141,0.98639114470333777,-16.823021117668716,-16.212139769742265,-0.019828322894271704,,0.5013030938198906,0.475,0,5
0.23932246070827978,-0.95417270042251101,-0.17966417998295331,0.96832418783804819,0.22098180101827675,0.11625536919429758,-0.071225185491633994,-0.20179569219171109,0.97683441358530709,-5.706945756239981,21.262965683910632,-4.4284006059020067,,0.1657077767131767,0.3157894736842105,0,2
-0.79952383006650618,-0.58975377966212372,-0.11380740103361386,0.58556236271635886,-0.80752165760181982,0.070890703720909234,-0.13371000159233284,-0.0099625236887999069,0.99097042518731604,-3.7878941602758691,24.959875219754672,-4.6290051672617798,,0.1786550204813374,0.25,0,2
-0.076939685983945655,0.9939929641053461,0.077834902388060831,-0.99132162669643697,-0.084611208225948684,0.10061001881758014,0.10659135595638375,-0.069418518794427522,0.99187668189335221,-17.460021535526355,1.881023090498148,-2.8337674309983449,,0.2073133180017427,0.2325581395348837,0,1
0.60971613934498148,0.79243725873899451,0.01701235975631387,-0.78391942864810737,0.59971305033171551,0.16066918388369705,0.11711771347782882,-0.11129891384940237,0.98686168887320169,13.932486140150118,13.973858475466704,-2.2381231703649065,0.2204213542846947,0.2108042191244704,0.3888888888888889,1,5
0.82235280131557775,0.56247112240673314,0.085802719228081289,-0.55684837834087009,0.76464598111532789,0.32440161390369404,0.11685783545644715,-0.31455168100439124,0.94201989696064647,1.4225440634168347,6.9121377639441102,-2.1553703371782365,,0.5923538759796614,0.218978102189781,0,1
-0.02651188554607339,0.99840970062230405,-0.049751277652682196,-0.99352494010225711,-0.020816557479779566,0.11169093217221415,0.11047765982133677,0.052390272360175828,0.99249682419765395,-5.5241063890718944,-1.9319152638495776,-1.3458327902731133,,0.0822814878617902,0.4382022471910113,0,5
-0.99620953503545218,-0.049713722131516765,-0.071380026171749558,0.043201124022225458,-0.99499982694727473,0.090050026419264892,-0.075499835679725805,0.086624997585710545,0.99337600363890965,10.499762804759539,11.485570892017309,-2.1252405461588246,0.3241923431481494,0.2570868119755138,0.1111111111111111,1,5
-0.45401785411926071,-0.85894660601860584,-0.23680902886093416,0.88041988290623185,-0.47331748572912957,0.028833790705198613,-0.13685254080329548,-0.1954003216787841,0.97112825948146997,-35.17484066720673,9.7573354096511995,-4.7534595517539451,,0.3670173942370702,0.3214285714285715,0,4
0.53408732402876091,-0.84097504378617238,-0.086670098884466723,0.84365446772384312,0.52351879544335744,0.11905969052175243,-0.054752802680746136,-0.13670788765240277,0.98909710547156204,-10.610470816226542,-8.1979483674545151,-0.80002244651588139,0.2473281330171352,0.1104574661006024,0.5285714285714286,1,5
0.93813595571446085,-0.30435798304053352,-0.16512766804873627,0.33593549820104818,0.9156101474680497,0.2209194398461784,0.083953973367131243,-0.26272471526872748,0.9612114514209853,-13.829839884452657,-4.5005553361037656,-1.6382981725835475,,0.1878919508195073,0.2083333333333333,0,4
-0.20234931262281178,-0.95361470177515317,-0.22287610064644006,0.97233518566358945,-0.22275555313396284,0.070315362962412503,-0.11670065296145107,-0.20248200933976548,0.97230756116164363,14.534895727371376,-7.0383528146184258,0.90521916151418658,0.2900189643063365,0.261761263597377,0.4,1,5
0.98864622577209993,0.14384418300118706,-0.04344526767442506,-0.13007009085150451,0.96400996782924264,0.23187615960193766,0.075235707828548937,-0.22359256012350437,0.97177464225248944,-0.81737624292170252,13.822759145770936,-3.3611991968009618,,0.6959741914526494,0.1724137931034483,0,2
0.14153301570497728,0.97923757019130053,0.14512817297579311,-0.98022219545528699,0.11814564336980364,0.15876414736819877,0.13832155653501932,-0.16472822489959729,0.97659191012375091,-6.7876748697966542,-5.593210046567977,-0.87851178925865459,0.6495698181792472,0.507677675373737,0.2025316455696203,1,3
0.67521783782689682,0.73759922807541611,0.0053150938768318752,-0.72673359111013691,0.6640032711382805,0.17594869556159348,0.12625038230648433,-0.12266635504575966,0.98438498886728942,-21.241579418004847,-8.5365915231264289,-1.5750623542147348,,0.08352901680717292,0.3333333333333333,0,4
-0.87008711218653589,-0.48500717323922676,-0.087843378312711717,0.48154597310079117,-0.87446813015155389,0.058471917530194477,-0.10517553421450931,0.0085750367778004693,0.9944167012610724,-5.4567877502487869,7.500772522896475,-2.8318029992867042,0.4881553655668839,0.4324885986073385,0.7739656912209889,1,5
-0.96625682912976574,0.25692952335197156,-0.018301917665079177,-0.25520990775428004,-0.96456192353696457,-0.066994019484743192,-0.034866074401091712,-0.060062598118954494,0.99758550569014315,-13.337780174288616,11.744277142242742,-4.0310278029577571,,0.1073342977154201,0.4,0,1
0.84527327997242907,-0.51335056015104841,-0.14827098353102497,0.53431372916533559,0.80961620649267019,0.24296180154471078,-0.0046819856989595262,-0.28459234103718195,0.95863719854431495,-9.1788098270076777,-11.895214413329192,-0.15414264329509189,,0.0792546721691243,0.4117647058823529,0,2
-0.26553583059069402,0.94824771295182619,0.1741177692084909,-0.96357443326178027,-0.26699495863980383,-0.015427366112450699,0.031859601955273972,-0.17187194926037344,0.98460398070528388,-1.2357008797091331,18.926613294878397,-4.0049210227480962,,0.4019550845143618,0.3857142857142857,0,2
-0.50376991473608523,-0.85808146373478278,-0.09955940237653256,0.85499302263786359,-0.51173969549586906,0.084317348715237439,-0.12329965225972432,-0.042646050796882919,0.99145272711514754,10.217764346408611,-15.520414926397972,1.8080184325722808,0.2910141166692328,0.2465002206620311,0.8,1,5
0.94790188281140531,-0.30205131727336787,-0.10122757675661542,0.31821096526278569,0.91270298267071925,0.25634946266863745,0.014960018352910128,-0.27520586323222868,0.96126891694961458,-21.533993555999096,-9.7587226109454051,-1.3488502629597676,,0.3394340826002999,0.4133333333333333,0,3
-0.818722309777978,-0.56748047369319687,-0.087519663212093868,0.56099414042110496,-0.82304989498228132,0.088738068397062511,-0.12239017070418279,0.023553818089665973,0.9922025316276919,13.182370059767504,1.5455942096879798,-0.40929236905933924,,0.08480966309389196,0.2916666666666667,0,5
0.16098668270355007,0.98314241250297807,0.086684974072396462,-0.98008013073285183,0.14889732861417967,0.13142497051260185,0.11630230150252277,-0.10611589074868381,0.98752883117194679,6.4879620671677465,20.035447954033405,-3.7177560445125057,0.6194019643145068,0.7197252137225647,0.5978260869565217,1,4
0.97640440718547861,0.20950049284526889,-0.052382985084523603,-0.19897499873492019,0.96705376526185438,0.15879535563520059,0.083924868228758318,-0.1446255806918707,0.98592091868583787,11.175885824519938,4.6588522655506956,-1.0533032221308369,0.2374373827387516,0.1493752870550704,0.4871794871794872,1,5
-0.99909341159845644,0.031400182987110108,-0.0287468852040072,-0.028015053430465911,-0.9933797275575903,-0.11140858880218633,-0.032054823066810366,-0.11050224154279634,0.99335881882236909,0.20256349311819477,3.1753264539560315,-1.7341682593528172,0.5203067396973243,0.3417481571135237,0.9492847854356307,1,5
-0.5536670217991323,0.83106831572332795,0.052709425844618824,-0.82988150277323436,-0.55589965345658421,0.04766829807835208,0.068916763758292712,-0.017350212898972112,0.99747152830817343,-0.93038945095409897,-2.0157436629709586,-1.0002790053928874,,0.2762977252165171,0.2388059701492537,0,3
0.78797242066749074,-0.57571074538597111,-0.2183039209784039,0.61546327544501933,0.72643850011298694,0.30576471695093016,-0.017447660184214672,-0.37529221041839361,0.92674232446423488,-18.884948867738235,14.696710491130419,-4.5916874888056238,,0.3329909829771029,0.4,0,1
-0.42888163333448442,0.87980363584963761,0.20495391417121891,-0.90039169143172515,-0.43470405909405901,-0.01808820079128216,0.073180233595295935,-0.19229649854562364,0.97860447069182721,2.0384965484103481,-13.307068401967477,0.85777693070114247,,0.1090789191894655,0.3333333333333333,0,1
0.92668223907569258,0.37461736127746159,-0.03036215425777981,-0.36180842461238311,0.91102800278268059,0.19779444386864228,0.10175800539105852,-0.17230731492107929,0.97977318679555725,4.2208803321097976,13.852576191687991,-3.0138743906669472,,0.482166860090032,0.2127659574468085,0,1
-0.89668627791879141,-0.43488923485009301,-0.082613996414928795,0.43233630940875989,-0.90045729134830521,0.047560298826721768,-0.095073837405240114,0.0069296370160997108,0.99544610380063681,-3.2756588086299923,-12.307982939998524,0.34966685192739966,,0.1169563007900993,0.2903225806451613,0,5
-0.015907004218241674,0.98767745165355014,0.15569270603323088,-0.9945396238118881,-0.031691399565280248,0.099431342451470964,0.1031402146832591,-0.15326091050474347,0.98278847644157308,-4.3861011242172117,-6.8950351228285607,-0.5307411440908385,,0.1336631355756792,0.3,0,4
0.65015220943868468,0.75975120452056943,-0.0089561035913937204,-0.74897711397808642,0.64282610608306223,0.16064831177184122,0.12780996557018448,-0.097737938220686438,0.98697107765796099,-16.7489515341504,-9.1153070769358155,-1.1435579225878232,0.6283301010400646,0.5286350379709552,0.9299610894941635,1,5
-0.12011361126779815,-0.98413628422346422,-0.1305698834457712,0.98564251962365601,-0.13393750976514043,0.10280839940318484,-0.11866568121466328,-0.11634654078547826,0.98609428481718431,-0.26619928191628212,4.1916828772422932,-1.9158609675718024,,0.07744513278833028,0.4068965517241379,0,5
-0.92801289708175427,0.36736945997130027,-0.061901072125818996,-0.37173460402144581,-0.9240890515780642,0.088728850587469182,-0.024605833108220676,0.10535228822360557,0.99413049864849334,-15.33533219186751,-11.256270980662832,-0.68842051225302781,0.1376936777706144,0.1310520790766406,0.4358974358974359,1,3
0.54972496968059981,0.83474291797687783,0.031728829116611769,-0.82558002697918109,0.53711538507817924,0.17298752025904468,0.12735806516557052,-0.12129024692763564,0.98441281952111714,-0.27395359077693004,-6.6843026642569212,-0.25669566755254208,,0.09019150453410769,0.2272727272727273,0,5
-0.28453207448946582,-0.94415196336774898,-0.16618835294792816,0.95082961958236289,-0.30005398860590904,0.076750494764156102,-0.12232960848289652,-0.13617883091915989,0.98310263599377645,-7.1940021092062167,-15.534728017976676,0.55724415816948969,0.3409927725486218,0.3405604649090408,0.7956989247311828,1,5
-0.90693998451371938,0.42077345813165418,-0.020237623926352161,-0.42080219400651198,-0.90714737899039932,-0.0030242867183647259,-0.019631047082651745,0.005773190000168819,0.99979062421472098,-18.929404514772198,-3.3999861096587503,-2.2135131282220444,,0.1298767394706054,0.1818181818181818,0,2
-0.97107894505838466,-0.22560692560205095,-0.078148560989218602,0.23051883509752805,-0.97116783893417058,-0.060779069466482774,-0.062183190088427959,-0.077035989902925234,0.99508728618654518,15.324289989089477,-14.773453969000212,2.0982297453723513,,0.2603763359257963,0.4375,0,5
0.23710884108862082,-0.96211227941557043,-0.13460816942291121,0.96710417417137506,0.22062231154042652,0.12663061221861693,-0.092135301475134629,-0.16020536023596391,0.98277430205197769,10.456522354487095,-21.908859255481843,2.7980028805196784,,0.1861296292670668,0.45,0,2
0.91807187453563777,-0.35542855943905211,-0.17554079959285185,0.39549476825618124,0.85138187919258879,0.34457623839214907,0.02698001980368292,-0.38577122095559935,0.92219989352299159,23.393512372117879,1.097427289044286,0.35061616050514655,,0.330454798618324,0.3636363636363636,0,5
0.9345961103325694,-0.34453878055243597,-0.08844851183978264,0.35477069133282885,0.92091583175653113,0.16140566096454834,0.025843125245575443,-0.18222804261588385,0.98291661567089472,-3.1305770024548325,-5.1331011302038654,-0.68190894211793907,0.8648124061335569,0.627914564228152,0.196969696969697,1,3
0.30468253964127018,0.95204578463747525,-0.027881427362344925,-0.94429953963600932,0.30576688689876619,0.12167575896397453,0.1243661106610956,-0.010744060231265626,0.99217822778409159,-13.297531749057896,6.1955863892128171,-3.2390982662910637,0.3844666303049089,0.3134101155566074,0.9231824417009602,1,5
-0.32415626965464833,-0.92990484152283659,-0.17378060465993447,0.94190227176711472,-0.33434547228676681,0.032143671247823379,-0.087993313856974967,-0.15326477375355535,0.98425966382999808,-26.290006287250652,5.5843512294092497,-3.7942057656014052,,0.384423912523124,0.3428571428571429,0,5
0.96700061937610948,0.25440138763758141,-0.013774472559581233,-0.23944571694052411,0.92596264893091362,0.29199130367818232,0.087037639932731989,-0.27905753305173331,0.95632177768888116,9.316254286993896,-6.9173123212077678,0.48376060764369466,,0.0807013274028775,0.25,0,4
0.86603433709883659,0.4999502354381184,0.0058556853699334244,-0.48977201603011883,0.84593181383991356,0.21100411997709839,0.10053804891469952,-0.18560476399835996,0.97746763235492451,-8.1321777754690938,20.252990101958897,-4.4911457355274038,,0.1423834985961521,0.2142857142857143,0,5
-0.11791456955611097,0.99299861920323995,0.0070637487820448671,-0.98789085383202135,-0.11802442755175972,0.10070697799119302,0.10083558499575598,0.0048966071455790391,0.99489105335057937,10.913202910628632,-2.2589470073860785,-0.092471383631499884,0.3645063295696882,0.3225911988562939,0.6888888888888889,1,5
0.11773143843089463,-0.98756511678618408,-0.1041846846330243,0.98763804916291309,0.10551043692413141,0.11592511179961616,-0.10349102497640611,-0.11654478884604456,0.98777878087260196,-20.15239121999835,14.621647063238095,-4.6273116010634565,,0.1158282730435616,0.3636363636363636,0,1
-0.75231516709683788,-0.65383630212046351,-0.080746389303149313,0.64710673806961505,-0.75638003942462417,0.095614358257046853,-0.12359109555692076,0.019680599316146866,0.99213805244512143,-1.8216525784575335,-5.9465427725736193,-0.46444597517715314,0.2163976886277906,0.1624429228178699,0.6062992125984252,1,5
0.8260914453858299,-0.50099447050422197,-0.25802609244908825,0.55974978981624757,0.78246429638304171,0.27281825028113205,0.065215770033157511,-0.36980287371785819,0.92681861112571362,-10.175121843479184,-13.777109452619516,0.064989460641660987,,0.5225483789022554,0.2,0,2
-0.49438228171471416,-0.85949506808927334,-0.12982444860953363,0.86253794181976506,-0.50358268461452538,0.04932320628012616,-0.10777039689950763,-0.087593993439298704,0.99030946368571071,-2.3819392596335347,23.071670923341969,-4.3951463969900404,,0.1636682243446376,0.6451612903225806,0,3
0.17211494210382317,-0.95307278356682967,-0.24905564825711665,0.97844963094113235,0.13612483459279581,0.1552621947488996,-0.11407351320862739,-0.27041135078109962,0.95596283136583404,-2.9515843175301666,26.5336819062911,-4.674452563927848,,0.5252235498516031,0.4081632653061225,0,5
-0.79471641077359245,0.60470634409677138,-0.052498227172525794,-0.606295056767445,-0.79495417312857597,0.021311188723867849,-0.028846673751084923,0.048765767035707577,0.99839359442001618,7.9291135912808173,-5.0524525035979995,0.12791656695131895,,0.2803951475958666,0.5975609756097561,0,2
0.80566771713090746,-0.5629835325487299,-0.18425273851974491,0.59201551706591593,0.77597216482142339,0.21768056177695219,0.0204244247470616,-0.28445868153618825,0.95847070971023685,-14.855661525824603,-0.93725119716225758,-2.2194497691709039,,0.1905424006691359,0.3611111111111111,0,3
-0.9963389153456943,0.047543272317233841,-0.071052114853363546,-0.046796187865859359,-0.99883064362566598,-0.012143399670651769,-0.07154636656734864,-0.0087739735415219445,0.99739868398715281,17.069736207355326,23.213471240411383,-3.1737052466527311,0.6978357277676284,0.443191538825484,0.8085106382978723,1,5
0.72860611915332396,-0.66842274442903726,-0.14947962356886216,0.68433076131213433,0.70126872933596385,0.19978382911907372,-0.028714669670558812,-0.24785722500156954,0.96837093293852772,-14.296018861031449,29.006565103360131,-5.4611885667378868,0.3821779543729844,0.3508845252517202,0.5681818181818182,1,4
0.55647718809191393,-0.81625054976533817,-0.15513922502417027,0.82883595089562068,0.53232217279781791,0.17223260681637018,-0.058000910650343553,-0.22442848383303171,0.97276294646133499,-6.4725280466553174,-2.0394139866188321,-1.3988806635303284,0.6755340304694428,0.6160235850176353,0.8701616854483096,1,5
-0.99694660701313065,-0.045378382407688336,-0.063547345932521523,0.051373934197148578,-0.99404173142083974,-0.09613404744920194,-0.058806306210414015,-0.099105189591262063,0.99333779740124983,-10.54110803189133,15.140556148554859,-4.1582357828859084,,0.3107048799886699,0.5714285714285714,0,2
-0.90541695275893341,-0.4177434873780892,-0.075567985350431285,0.41108206753472798,-0.90718534783988614,0.089589499473995776,-0.10597959901841474,0.050051207955653862,0.99310784971929378,2.5273965177490454,-7.0704012741737596,0.034756376960167187,0.119306594764913,0.09311566305344107,0.4354838709677419,1,5
-0.92547039165666167,-0.34842520885042516,-0.14867557971773601,0.36253884089786509,-0.92845407983532235,-0.0808616749614985,-0.10986420257435828,-0.12873575833731776,0.9855744322566502,17.821740849120552,-12.502929091342027,1.9595118232651008,0.6545424771766428,0.3913034576087419,0.625,1,5
-0.9842965729600095,-0.17148044404949225,-0.041889303739376382,0.17467505418226076,-0.98041678554412393,-0.090948073480153643,-0.025473160495018198,-0.0968368934441632,0.99497423793909312,-19.227147667963649,-2.4841708970767593,-2.3494286166892446,,0.3395362305727638,0.2790697674418605,0,2
0.87873139489580021,0.4738980133319502,-0.057024631384265619,-0.4639874247404685,0.87611081113926903,0.1309408885245521,0.11201252299269238,-0.088603157759315238,0.98974879395121718,3.7507969393877199,3.491163641419786,-1.4839414722982116,0.4392892430101647,0.3469514456697191,0.8980263157894737,1,5
-0.68898161252970136,0.72476164366842954,0.0049897357655324564,-0.72377647887795959,-0.68837441695633039,0.047835872554550483,0.038104412067314034,0.029346583226490971,0.99884274629890357,1.0087203809368543,-8.7245879174677867,0.13237248882834374,,0.08631644792081108,0.2142857142857143,0,5
-0.61325685159426602,-0.78364571347336331,-0.09907285060757999,0.77955870821149309,-0.62067463548734636,0.08397152680687249,-0.12729593247357124,-0.025736989285329231,0.99153081291415801,-1.6554139996497894,3.0729299109390555,-1.8283538508270605,,0.1111815740169002,0.3657289002557545,0,5
-0.99524702973607948,-0.059967221683857368,-0.076728626502961125,0.058607683588135874,-0.99808369136638253,0.019851560464821925,-0.077772033700712354,0.015260319524002313,0.99685436921452142,-29.798619177419248,-4.1639377320026192,-2.7713043718968904,,0.2887580321972267,0.6363636363636364,0,5
-0.18139150377948102,-0.94878440803118991,-0.25866052933047906,0.97665925590504643,-0.20457131868137837,0.065477274133569699,-0.11503834235427425,-0.24074617888944164,0.96374657308781875,7.3427992690238328,-2.7269116073931614,-0.25137333755516877,,0.2081186969026715,0.1944444444444444,0,2
-0.99559054703856731,-0.064920869131311371,-0.067710733260550771,0.060486320982004335,-0.99601063609019302,0.06560653754977952,-0.071699843943402258,0.06122167546256669,0.99554559856997404,-2.6486728613388877,-8.7890147753796573,-0.10965510945083543,0.1701941420685523,0.1509402187874512,0.6914893617021277,1,5
-0.98759262858752206,-0.1359272751814399,-0.078642074116445679,0.13115911299644628,-0.98936156096401129,0.062936386652226381,-0.086360216752696908,0.051840886842359067,0.99491428546072425,-4.9538063795826472,-12.266133344872479,0.21234476572879962,,0.6360388404881762,0.1052631578947368,0,2
0.24282346500975827,0.96924029168095494,-0.040125077231968981,-0.96008916650270026,0.24603765404381955,0.13301979234972056,0.13880042220686392,0.0062233250622599256,0.99030081945859516,-10.852754884633804,6.6553159984302281,-3.0959878103649894,0.256441038534963,0.3384027169162915,0.5474006116207951,1,3
-0.87145558083596419,0.48991620939633268,0.023393982144594941,-0.49046982316368071,-0.87024874485933268,-0.045896346657916448,-0.0021267805811911291,-0.051470669720577088,0.99867224201079852,-23.656413662186832,16.666184528449293,-4.9499117805840864,,0.4258173884464353,0.6739130434782609,0,1
0.99734136925896433,-0.028756667473163355,-0.066957055195805248,0.0458547148539242,0.96178135300804424,0.26995179964520022,0.056635133003476806,-0.27230439416552743,0.96054296032391262,-14.86868589924666,-8.395290872230202,-1.0610135968380803,0.321838605013387,0.19395177423652,0.4571428571428571,1,5
-0.65439090145020862,0.75299135303762688,0.069112736523367579,-0.75589560209811302,-0.65382747544115249,-0.033637346610303154,0.019859174905215091,-0.074253987157688647,0.99704160322589908,-1.3913092316541238,-10.10502672994758,0.19130629543764668,,0.1653976496831821,0.28125,0,5
0.34167070879547462,-0.91165843669915281,-0.22834189616987732,0.93798878848138112,0.31562838680776734,0.14337278027700032,-0.058635820403816104,-0.26316841800714519,0.9629663671848504,-15.838873813503119,-5.0181970155066304,-1.706385552060621,,0.4543893410533659,0.2948717948717949,0,3
