axis_00,axis_01,axis_02,axis_10,axis_11,axis_12,axis_20,axis_21,axis_22,location_x,location_y,location_z,dbh,dbh_approximation,score,reconstructed,number_clusters
0.23221623269643843,-0.92841503105267986,-0.29003646561721319,0.97064722140577653,0.20199925860589316,0.13053838937230414,-0.062606651799303886,-0.31183622245999731,0.94807097704357546,8.2597137601333639,-26.603191522656303,4.8418523180846273,0.1767320305791725,0.2123262396728752,0.4090909090909091,1,5
-0.75898439875313684,0.61659374753933927,-0.20917655926210801,-0.64306157836513045,-0.76022059069382597,0.092392964643846387,-0.10205140312552287,0.20463822707530785,0.97350331645022559,1.6038480451414605,-24.770728108679325,2.8475081263729125,,0.1655805815096713,0.4210526315789473,0,5
0.96368859697510412,-0.14229015533121772,-0.22595973038568792,0.18155974247927492,0.96965510528575849,0.16372243799835112,0.19580691502348485,-0.19880263702748641,0.96027973192185134,13.495516708022317,-4.5662468516768842,3.0823724497528056,0.2407015738816941,0.1663052619401553,0.3714285714285714,1,6
0.14219379196848783,0.98182418389404069,-0.12570679156840803,-0.97980112185615553,0.15765235227087065,0.12302640949357359,0.14060827548562552,0.10567406372550496,0.98440962262703235,8.1353794909146533,-22.647974624125755,4.2196841651111878,0.7058217864309098,0.7657250972610095,0.8208955223880597,1,4
-0.69339642461462248,0.70082294983784554,-0.16747713668509645,-0.71271798624982086,-0.70126032067754951,0.016341196994737239,-0.1059927846962154,0.13069489517116192,0.98574052060800499,9.897734044872049,25.574937591709023,-2.183570408451736,,0.2509654549141478,0.5882352941176471,0,2
0.053783100723156757,0.98125982522967503,-0.18503116890629734,-0.99096678124182258,0.07524727797960927,0.111007592676726,0.12285038279071524,0.17738940934251787,0.97644292250048492,3.3591397771453,14.796911547750364,-2.4472788284358264,,0.1264771786892265,0.3513513513513514,0,5
-0.92054798741721389,-0.31083228797775225,-0.23658971155279046,0.29487180315658135,-0.95018057862193206,0.10103211228553531,-0.25620699164016453,0.023241272775092737,0.96634249656862892,-15.213541648502737,5.5568549920439771,-6.5544352353218569,0.3302674944941233,0.2929675361088658,0.9626666666666667,1,5
-0.91687691551109896,-0.25000652997134593,-0.31118074615010888,0.27557398101945135,-0.96043308184540077,-0.040339512664833141,-0.28878314145383038,-0.12273968497854197,0.9494942163822927,2.3362563624485917,-13.379921988911651,1.5186639060937404,,0.2045306067417756,0.5555555555555556,0,5
0.96960290805678617,-0.06387222942808396,-0.2362002095589896,0.10002672653704912,0.98445086743019661,0.14439925067055417,0.22330439911946828,-0.16363626714094082,0.96091535392565819,-1.0612013042154027,2.6840750617631386,-1.8513934366973179,0.3597635696441011,0.3120712342558276,0.9271907216494846,1,5
0.467498663874437,-0.78201919549277765,-0.41217833174057777,0.88399070115016976,0.41233795393139078,0.22031307729616614,-0.0023322854989220113,-0.46735788174428361,0.88406513946419607,4.8996975632113333,25.144858254113394,-3.5689440095137241,,0.3004027304898405,0.4285714285714285,0,4
0.96096207721134663,0.16398843859083148,-0.2228445156834587,-0.13111086688713644,0.97915017313328956,0.15516081669401399,0.24364282617339211,-0.11988632307978629,0.96242685061912714,6.4400314876621847,-20.547835744888296,3.5196480400351766,,0.09857180003150953,0.1818181818181818,0,5
0.54218830401305596,-0.78711791999574643,-0.29407009880811552,0.84023851323933307,0.5102105073195462,0.18353331874645004,0.0055752901987755872,-0.34659864143170016,0.93799696049448811,-6.3204656913018535,30.839522280204985,-7.6736021399025436,,0.1208076691765614,0.5882352941176471,1,3
-0.44741429025701551,0.88934579034831662,-0.094257721506200362,-0.89425045867501751,-0.44350717706904813,0.060145665245019193,0.011686318211181398,0.11120004081821801,0.99372932979191797,2.9243210729478157,9.1624675087306535,-1.6068946025095914,0.251685271622306,0.2050446225961695,0.7116564417177914,1,5
0.3994244243003896,-0.81726506178673264,-0.41537687472346257,0.9162545244485536,0.34073952189535589,0.21065190396974823,-0.030623123613669326,-0.46473045628757015,0.88492249790526256,4.8899588603304762,-0.053071033066151199,0.26459494368928993,,0.2842537925092034,0.264367816091954,0,5
0.97195136326138776,0.013565030796334355,-0.23479041163093722,0.039782085062257257,0.97446574342724135,0.22098393741377209,0.23179286693604229,-0.22412609135548917,0.94659366256661648,-6.4676850251507672,-21.995111397492987,0.24200999084415617,0.2010666583212579,0.2056708225122682,0.3157894736842105,1,5
-0.96088489893285167,0.13728027865588877,-0.24052928323795772,-0.1126976191368312,-0.98715995758075348,-0.11320099288458368,-0.25298114088543028,-0.081666047053395224,0.96401825662949936,-31.410151030032424,8.2056988569311571,-11.874907553762228,,0.4253821327325707,0.5294117647058824,0,2
-0.94883120369243834,0.22097165868812854,-0.22559005509147831,-0.2406479485511285,-0.96853588201996366,0.063457151669018622,-0.20446983092302998,0.11449790957230885,0.97215344310755747,-2.4933702579983592,7.1297716749513222,-2.9862550524218312,0.1482343619895118,0.1022575197548765,0.5826771653543307,1,5
0.76263422041073625,-0.50811417860725794,-0.40026119891488532,0.63698512732804558,0.69751769695877897,0.32820574338697406,0.1124232779338135,-0.50526136199752514,0.85561203980017952,-42.047604489164442,9.9671020617339039,-15.372620763669765,,0.4255307222578509,0.3571428571428572,0,1
-0.22242014198045157,-0.90728569049468122,-0.3568780691846789,0.9613850572530992,-0.26495438846695429,0.074417361701131723,-0.16207421797389779,-0.32654532282011173,0.93118209820231068,-4.9802960694159051,-11.174053473370268,-0.79270551892376562,0.2363186553719542,0.2374795024354267,0.3333333333333333,1,6
-0.087600851858354159,0.97728054172054435,-0.19299956872513774,-0.99204981831233363,-0.068014277598748479,0.1058830299395784,0.090350698614653557,0.20074063070818238,0.9754690925102264,-3.0171861371983675,-17.775790073422204,0.60868870259364571,,0.2005856436344899,0.7540983606557377,0,5
0.48437958828605482,-0.81212045250385179,-0.3253256600343275,0.87466687489542383,0.4573170365247432,0.16068287421159722,0.018283118238012878,-0.3623830828407496,0.93184989609825541,-1.6022935171977948,10.58499524043309,-3.1704285253424942,0.1395553940717988,0.0795066311406265,0.25,1,4
-0.87176682056844101,0.47619975045325402,-0.11513647651482671,-0.46363580347273425,-0.87783247480842874,-0.12021642113247735,-0.15831756786340184,-0.051419294432805206,0.98604847947038032,-4.9391778890737488,-15.793229529167766,-0.22561982138544079,,0.5113162290366753,0.2307692307692308,0,4
-0.74100401465790122,0.66286122571349992,-0.10736873710009889,-0.66643623329545532,-0.7455541969095324,-0.0034185408507916562,-0.082315230740362247,0.069021264231971177,0.99421339151712418,23.087294239630051,2.0309334152843688,4.6764923108044476,,0.3190863681653379,0.4324324324324325,0,4
-0.42460805520303757,-0.80741180684573799,-0.40962687121671509,0.88172603181083919,-0.47150987533441713,0.015415650788538075,-0.20558989343789696,-0.35463306617999329,0.9121228996620856,7.1653960106570995,-18.50349788434605,3.4092039391823663,0.6845644020034185,0.4803827751301596,0.2285714285714286,1,5
-0.45741728309752061,-0.77413615886476084,-0.43758729033393573,0.86523706962083979,-0.50103755024964769,-0.018060636582753201,-0.20526627213847154,-0.38687799210855273,0.89899453654870976,-11.181494846630436,-14.107995932914065,-2.1717762817424724,,0.6495661860622282,0.625,0,4
-0.55981741683359265,-0.77022895788727341,-0.30553528804648722,0.79245492238195192,-0.6054015292096605,0.074190190882763116,-0.24211496401994578,-0.20058998195944661,0.94928604926814897,-20.442615115134103,4.8249680626576525,-8.0777371326812677,,0.1265519454301693,0.2888888888888889,0,5
0.9245737108123383,-0.26099462346169672,-0.27757027902639564,0.34523849290593367,0.88206370118521304,0.32058385808939927,0.16116400432709399,-0.39223135210680404,0.90563829983814503,9.0478166213907976,-14.783062159118144,3.5563607278882379,,0.5474000998596429,0.25,0,4
-0.062446420915149847,0.99009034645700433,-0.12578374444870574,-0.99318308097488228,-0.049217574545500069,0.10566455423224626,0.098426684289013286,0.13152466007752125,0.98641444211414697,13.170460522557249,10.578052024702945,0.97199658018260504,,0.08627570659976411,0.3,0,5
0.41616961159706867,-0.83193648417355925,-0.36699392458742813,0.9092084365832801,0.38603989239283415,0.15592697113430221,0.011952959003251235,-0.39856603942416752,0.91706174219013192,5.1562861186633189,-12.628700637033329,2.088386484011036,0.760466290568575,0.6665888122353847,0.6555555555555556,1,5
-0.44627636467359477,0.89307199361571055,-0.057094838234137843,-0.89488581966558201,-0.44565449650467259,0.023904800911693717,-0.0040958631790574563,0.061761508760946972,0.9980825316277161,5.7279327455613549,2.2851931154086889,0.11370772551633257,,0.09701708067713929,0.3684210526315789,0,5
-0.96234331171002563,-0.09796406318035164,-0.25357127741953989,0.11526898950162859,-0.99185042097611253,-0.054275247293613889,-0.24618775450102032,-0.081460326139204411,0.96579283741340749,-1.5333779191781847,18.85126230129422,-4.4257615922803728,,0.7798028779481053,0.5294117647058824,0,1
-0.93413340367996811,-0.22856097967972749,-0.27414350748671767,0.24910480827264986,-0.96755957003577819,-0.042133987796383304,-0.25561998870339375,-0.1076492313025164,0.96076535344237568,-15.491892546031924,23.201929176126754,-9.3719891490451985,,0.1071109061017627,0.4,0,2
-0.51896697705228845,0.85319610018014258,-0.052246448363552259,-0.85394662632509777,-0.52020434413816186,-0.012751459828936685,-0.038058325202162638,0.037998091757096897,0.99855280726941309,-4.0839403192437542,-9.5727643619360698,-0.75938802945281503,,0.4091663404422244,0.136,0,5
0.44953070824553959,0.87279967079054621,-0.19011280075833578,-0.8688674535191182,0.47663684779999771,0.1337410316039393,0.20734389443498832,0.10506212441787476,0.97261012715956041,0.32943758611801738,11.266923185843154,-2.727274510406394,0.2316372676426212,0.1849030741631723,0.7471264367816092,1,5
-0.90742859056800507,0.39471349087681745,-0.14413401104389115,-0.39271792854832172,-0.91864058748133148,-0.0432677666244747,-0.14948572378819067,0.017341601765445473,0.98861179804396926,-12.794713456727919,-20.569888864139688,-1.7335609631190541,,0.09782445574957983,0.3333333333333333,0,3
-0.89095155119282887,-0.38355175489464477,-0.24309130947923419,0.38454792291401474,-0.92199164941679246,0.045324313433501268,-0.2415123773424615,-0.053098490778359549,0.96894392090948778,13.80713404313544,-10.538383655806239,4.1035688300104418,0.4123759053187437,0.2115277599452113,0.25,1,5
-0.80980959063525848,-0.52266145472954928,-0.26652097601342056,0.54228995824596582,-0.8401914053389985,-5.9833665890680989e-05,-0.223897360638181,-0.14458010283047304,0.96382911647489999,7.7339485664167942,-8.8344175874167465,2.1813865324150536,,0.2185366066220871,0.2380952380952381,0,5
0.95300234618820656,0.23451382594510714,-0.19180665681972661,-0.17119678012700862,0.93918408695440292,0.29769936729151542,0.24995637746198252,-0.25087151343309561,0.93519265026724308,-3.6781930120230859,9.7004144248638067,-3.6411854072279288,,0.0897232970512446,0.3125,0,5
0.43875701192152805,-0.81359503447460169,-0.38151723993544917,0.89829768548930211,0.40822931382783478,0.16251183211144224,0.023527701423098322,-0.41401925946739027,0.90996401030800045,22.115396802103845,9.6693716529823046,3.5612382678821874,,0.2199451648754011,0.3333333333333333,0,4
0.97075063991732025,0.06517735866370887,-0.23107381292075507,-0.037042662751449518,0.99158171807463746,0.1240706956393547,0.23721516864736167,-0.11188211786417553,0.96499293026727984,4.0714387636239735,2.2267462863976277,-0.30764926796911984,0.3413232834848097,0.281013223713423,0.7893700787401575,1,5
-0.83656303958417955,0.53660072487873611,-0.1105528962139605,-0.53381667452997406,-0.84374783205779602,-0.055940628272575288,-0.12329654818947547,0.012217117392639493,0.99229466553397128,4.8293317622828535,-23.661065535291332,3.5461512705303164,,0.47829509166031,0.3333333333333333,0,2
-0.084472465703691074,0.99001707812162876,-0.11282990545706897,-0.99216866046731444,-0.073114545697772149,0.1012699975012494,0.092009519748955396,0.12050082254873097,0.98844008419359708,0.83057875746541798,9.5301341374414221,-2.2503215292692027,,0.0765653377960404,0.2553191489361702,0,5
-0.86060067296445297,-0.42147180868620798,-0.28588108747503294,0.43940473303884958,-0.89828781136808633,0.0015775077150645821,-0.25746837140936041,-0.12425989872163162,0.95826380255830479,25.172978674718575,7.6830170105747353,4.6011806843374776,,0.2356714779570409,0.4666666666666667,0,4
-0.56721462561493419,-0.71969352870535763,-0.40038580547784203,0.78333596150583862,-0.62155315429036861,0.0075131753218426042,-0.25426824398700154,-0.30937501697991665,0.91631586200853399,-7.5522585526448651,22.590474119375976,-6.9252362677684065,,0.3030515459233212,0.3333333333333333,0,3
-0.6853797123385309,0.72534888142260101,-0.064215653338834569,-0.72608896142226265,-0.68743113050978166,-0.015272881417180731,-0.055222006623191287,0.036158553967558613,0.99781916646228175,2.0998411450363084,-16.600026199878631,1.835347814614553,,0.1879462576502497,0.6,0,5
-0.84098855198564126,0.49696319740705652,-0.21392951140983327,-0.51136980727655634,-0.85924295305923659,0.01422911887577988,-0.17674607671751202,0.12136361909978793,0.97674546137874085,14.072913049641288,-8.5298436539544245,3.8789994140001225,0.4372866625993591,0.3952566619739991,0.5576923076923077,1,5
0.42878209228740727,-0.80474107549254603,-0.41053345630865939,0.90275034546501021,0.39900970973133043,0.16072667887729405,0.034463474816659283,-0.43952594116299926,0.89756850209237027,-2.231448558309161,-18.694033546620737,0.96096049709151776,,0.6495168710638803,0.5384615384615384,0,2
0.39243951367107816,0.91755970379201668,0.063839001297914949,-0.89842429515201305,0.36753542727374067,0.24031540853494751,0.19704064045322583,-0.15166377179740889,0.96859335447543049,3.1719690786381149,16.143651737179635,-2.6847894709939784,,0.3572011805322802,0.2727272727272727,0,1
0.3103108550158683,-0.85088130162334075,-0.42392002053110178,0.94900336993579504,0.25115508488091659,0.1905616099558459,-0.055675641979460726,-0.4614348641858661,0.88542537178688629,9.5866535474448646,2.2967411739798687,1.1920727642218099,,0.2890556556942934,0.3214285714285715,0,5
0.73053418260176761,0.67015852367160744,-0.13117683179837869,-0.6405502922534726,0.73906978476716945,0.20849742525557027,0.23667515954227109,-0.068289138188315002,0.96918597929455153,11.419207046629388,15.206910808708473,-0.050240611295230886,0.2483759387293162,0.09691167864567256,0.1818181818181818,1,5
0.9399503128222112,-0.22948795632273436,-0.25264339953428688,0.28062222965338413,0.94096071977211737,0.18932534978259394,0.19427962746976302,-0.24885377583784615,0.94885574488509905,-5.1564781192497806,27.294757892860197,-6.9100539795196338,,0.1469540463456124,0.375,0,3
0.46556216095882769,0.86433736865290667,-0.1901914494227202,-0.86070714034844908,0.49221709210980219,0.13002135512355376,0.20599779813517749,0.10316611548923937,0.97309899793305665,4.2762526549982871,18.930205832987927,-2.785842860092651,0.1907822180247106,0.1217973114448817,0.2916666666666667,1,5
0.96858999973043591,-0.036826055658090412,-0.24592123545326686,0.10446235337189919,0.95773339149625603,0.26801934172944203,0.22565688367563347,-0.28529036513304501,0.93149792185063685,6.9396485996081561,5.4932775288732563,0.054569279915375843,,0.1444977211685388,0.1333333333333333,0,4
0.91654650110615354,-0.30245006822926146,-0.26166097824891976,0.35682165862450588,0.91391319854733966,0.19349669107617012,0.18061233414837222,-0.27071501943757237,0.94556467943995803,2.0913572140741747,7.533354213952876,-1.6370168527487539,,0.08278330848093104,0.26,0,5
0.91635447513014878,0.33835986253768224,-0.21402588472525785,-0.31105648704094407,0.93823896079082181,0.1514975720066335,0.25206812130591938,-0.072251338241161853,0.96500850065875832,8.7393581475117088,21.498035021487862,-1.9440588997041497,0.3199190613942635,0.3218243825669587,0.25,1,5
-0.52754690986497454,-0.7382730277520293,-0.42029417600743468,0.82438479775582252,-0.564362101858914,-0.043418005648366897,-0.20514376208164156,-0.36938916399813487,0.90634854355250694,-24.305892916631333,17.214460592751902,-11.081329106994117,,0.6315553085333794,0.3,0,3
-0.62054424785238704,0.77100050453966706,-0.14311903596969308,-0.7820859289406964,-0.62180084249375733,0.041295423802425422,-0.057152744556000112,0.13755702189867597,0.98884358192592015,5.3372847320575261,5.3629140609124288,-0.41663373878049442,,0.1103438224087247,0.2241379310344828,0,5
-0.3572955914281799,0.93130849516843761,-0.070741410595826379,-0.93399112089268987,-0.35632336220454264,0.026348579484809721,-0.00066816136077277452,0.075486080666243335,0.99714663173780282,-3.9676290902992126,15.918035027634366,-4.6921556421143586,,0.4350202738243069,0.2888888888888889,0,4
0.79429264524905685,0.57223971673936325,-0.2040610209944782,-0.54984848979606471,0.81996338613747299,0.15914359447667431,0.25839085117751859,-0.014203942411263932,0.96593603103297399,1.0123515118277961,-15.274667600736946,1.286483356821537,0.2438367585135802,0.2056638475018228,0.5517241379310345,1,5
0.52951788842370895,0.84778277904807831,-0.029583194364594011,-0.8202869887207408,0.52060891150826272,0.23684513377656974,0.21619450033420284,-0.10114702569872687,0.97109691443107027,-30.843597573738915,20.615630999164683,-13.726666857974271,,0.1907214336956395,0.3846153846153846,0,2
-0.55494672657508337,0.80403334433418183,-0.21345845465193553,-0.83105530263915961,-0.54729439113984846,0.099075392415068644,-0.037164695867674881,0.23237734533653548,0.97191540514358021,-22.349016763649992,7.5385141698664464,-9.009163271864157,,0.08577632746557579,0.3214285714285715,0,4
-0.093266630755432497,0.98751526848818894,-0.12694459456877541,-0.99144329795543817,-0.080419577979918749,0.10282450299795838,0.09133193596314057,0.13544846245060407,0.98656585765624039,-5.3957036609896845,-7.0182218300193586,-1.6547070873898764,0.385297288218244,0.3679488681690957,0.8696319018404908,1,5
-0.26714977703702103,0.95751986156235236,-0.10856662167850312,-0.96193994604576083,-0.25825794738592484,0.089299343858102384,0.057467702499304642,0.12829087000103423,0.99007015703122225,2.0966542417478249,5.9777218175961968,-1.4679629676819319,0.5002196671431405,0.4911788665231726,0.7418994413407821,1,5
0.78234291268919576,-0.56342447939150064,-0.26550409222345889,0.61146549172703724,0.77589134862193621,0.15525001629837823,0.11853066857146663,-0.28380534025287618,0.95152772395340712,-8.1689998327708224,11.133068887321484,-5.1520625540234244,0.5664891905773335,0.4289311191896777,0.9304347826086956,1,5
0.96524572577404866,-0.09910078508618167,-0.24182581183619029,0.14247840863637967,0.97525676674043327,0.16903887718344907,0.21909037392677688,-0.19761901052858952,0.95548214778211649,-18.391644226540372,15.140843424027954,-8.9256170213110888,0.3591006062556371,0.3335602430407658,0.6862745098039216,1,5
-0.59249159165705223,-0.75896784221951064,-0.27003986426516996,0.77781893220247955,-0.62621413140466675,0.05341882005896792,-0.2096459456395148,-0.17839191715365751,0.96136616404528963,6.3170362930055077,1.2519487253723414,0.42186368108139155,0.2824863034250946,0.1465577283626998,0.1805555555555556,1,5
-0.96265746769908112,0.15285636083971102,-0.22344022205957942,-0.16175745387697529,-0.98658574165669055,0.02197954674141641,-0.21708322366878635,0.057301896221328995,0.97446978746958046,-17.282142670665458,23.169280497217251,-9.9293317194151367,,0.2394102921874951,0.7,0,5
0.68768772338717765,0.70418109308507992,-0.17667649318475306,-0.68414391756301163,0.70999422953761115,0.16689905357679113,0.24296644863868586,0.0060977179990136113,0.97001552702578364,-20.082213105976312,9.1441577524617674,-8.4999643244614855,,0.08398336945989208,0.1142857142857143,0,3
-0.91194925082439871,-0.30281455495911191,-0.27686081200800944,0.319036079359099,-0.9476331226914726,-0.014402945712073791,-0.25800105423814468,-0.10146334354300196,0.96080208468189854,-20.690589827829697,7.4076486401735231,-8.4946623214827035,,0.1743211450757507,0.4,1,3
0.67517495929947147,0.72400217127083655,-0.14127855580402451,-0.69677875004591938,0.68882447433897798,0.20005053620542132,0.24215314951369737,-0.036629217118911844,0.96954636435492447,14.211927273213353,4.0782984431231117,2.2091689047268335,,0.08486520788348192,0.5384615384615384,0,5
-0.8956578389166272,0.40473078948790209,-0.18436383492348712,-0.41243167275204862,-0.9109807217001431,0.0037735926690859933,-0.16642461025383951,0.079417332687421627,0.9828508210154131,21.465213253435444,-8.7195762498328087,5.7554658330549895,0.5362668038175622,0.4639435670697009,0.2,1,5
0.032189001364002483,-0.90810794987438148,-0.41749708929061546,0.99393562070487751,-0.014860061360433861,0.10895485519413295,-0.10514680254386526,-0.41847237656900615,0.90212250829002671,-9.7528914845058736,10.583146944378003,-5.4765835560604623,,0.07655111270110385,0.3111111111111111,0,5
0.34446580161263229,0.93832450984118665,0.029840002524532058,-0.91981323777791535,0.33096897685691584,0.21072053522804862,0.18784812782637902,-0.1000332474209637,0.97709079940532717,-14.41945736437315,-5.6277392568747464,-4.6209511434175727,,0.3090684162271305,0.2941176470588235,0,1
-0.86513098472498573,0.47781763780134323,-0.15244239657890232,-0.46950366531993432,-0.87844279353857713,-0.088907630332196341,-0.17639355861233186,-0.0053444818349083767,0.98430521130084059,-4.6748855327837342,19.66609229118102,-5.4906304486519035,,0.4735571309219729,0.2307692307692308,0,5
-0.27498807712293588,0.93722566515720573,-0.21445188274031068,-0.96050241782070378,-0.25790853780305023,0.10449062871317887,0.04262232749173895,0.23471522894547406,0.97112929031116202,-7.4098263446280717,-5.3547362873746431,-2.527871930312489,0.1874034765441134,0.1478734803370726,0.8073878627968337,1,5
0.063945530877845394,-0.94332494155669555,-0.32565169079525164,0.99415456819479042,0.031769520147263086,0.10318620124339241,-0.086992319305670598,-0.3303464124622339,0.93984231877222402,-0.30067443981981773,16.728375969194339,-3.7968694845554842,0.3031563393607262,0.194776770962978,0.4347826086956522,1,5
0.89601859671954953,-0.36664736399185749,-0.25044038174893568,0.4094177635553094,0.90051876630397565,0.14643444410293574,0.17183646067729375,-0.2337427261161068,0.9569935050823033,14.940074848196636,-4.0043904258498388,3.4471337699039921,,0.2140767948719708,0.6944444444444444,1,5
0.84523115929761417,0.49236134123426728,-0.20776091309581179,-0.46779487145368748,0.86963878118346516,0.15778576774654435,0.25836455947757259,-0.036175957758319735,0.96536990552131319,10.57745236749974,6.7364139893099582,0.85133211353783189,,0.07928323157249303,0.4375,0,5
-0.89307526739288023,-0.33023495631595695,-0.30555104385050524,0.36340443210971218,-0.92987533002917511,-0.057175950592450654,-0.26524288019502629,-0.16210103093481759,0.95045750577062416,0.40251989531536247,2.1172209714939938,-1.3112041776106362,0.2225345658000641,0.4296974452565158,0.2631578947368421,1,5
-0.67458256871107347,0.70811309360248931,-0.20860058643226001,-0.73231342526259191,-0.67754280311729986,0.068211414910720705,-0.093034430031792653,0.19877524144788442,0.97561928958789834,-14.295063696866546,24.347222718822287,-9.1839417223256756,,0.1311013625249491,0.1818181818181818,0,2
0.83670056355400968,-0.4653717641353452,-0.28872354960058255,0.52871717372492755,0.82384759272179109,0.20428728343887667,0.14279466781616315,-0.32358038431287456,0.93536378897795969,10.456078144584275,-9.3518589323155066,3.0041717738350244,0.2562764076363729,0.2220535587856896,0.2909090909090909,1,5
-0.32980191153202848,-0.89830722091861737,-0.29030128486675927,0.92561832364944718,-0.36816256367842676,0.087675798428738086,-0.18563786810402788,-0.23979254273475559,0.95291034120456097,-16.300296691415294,11.558438322928875,-7.586286783672282,0.5586213180457762,0.5965637017944706,0.9726443768996961,1,5
-0.85185065616264855,-0.41878884322288651,-0.31458919941298713,0.45948346218731945,-0.885805240221756,-0.064992494736198114,-0.25144662966844855,-0.19991243379969395,0.94700032272468837,-12.072179763212372,18.186974903162913,-7.4485840376490904,0.2021831476437651,0.2471150531819222,0.4634146341463415,1,4
0.135482356159323,-0.90945970336791726,-0.39309996072177089,0.98760214285939163,0.092212750714457392,0.12703863989043324,-0.079287695067117442,-0.40543785782239522,0.91067755262514882,-14.238927166572628,-21.982074771236583,-2.0069981009491409,,0.2136933539507407,0.2941176470588235,0,1
0.71368775883837032,0.66647635128033822,-0.21554362915268627,-0.65537379971228371,0.74396588232735295,0.13038385093088106,0.24725485947691117,0.048208288881994715,0.96775048196739366,-10.85399592747642,-2.8061657795350916,-3.9159545784606133,0.3005776652249282,0.2984492952750651,0.927485380116959,1,2
-0.16643312546922284,-0.95257967215626871,-0.25473904871692216,0.97381385135432008,-0.19936461906453767,0.10927182425364385,-0.15487607193176525,-0.22988196288510401,0.96081615592322311,4.6406366517747459,-6.7936896145676737,1.048281426982723,,0.07354352994403897,0.2826086956521739,0,5
0.88086516534853621,-0.37428983587457376,-0.28979937756400143,0.44945740604325934,0.85342643257603279,0.2639154492132153,0.14854157878642155,-0.36272640232209896,0.91998095438444061,-0.14176143407563488,25.109698959875836,-5.0329133548152241,0.4442018154370018,0.5178280282072938,0.75,1,5
0.1915582814042566,-0.92331301386562503,-0.33286409126221944,0.97980627944277654,0.16009285564496156,0.1197912030824667,-0.057315613840827687,-0.34908932380956176,0.93533500116922352,-23.556245328515846,7.4105997522577525,-9.3599667360784284,,0.07871743883728376,0.2222222222222222,0,2
0.2175262274434572,0.96264556856830918,-0.1612322848874079,-0.95902109390536205,0.2415197315691196,0.14814439141372604,0.18155132006895497,0.1223998716444482,0.97573428227291603,16.196071792717511,1.6748501980050368,2.9666011001421912,0.2456506601053783,0.1116556192283199,0.125,1,5
-0.58804458942536297,-0.67690136161100367,-0.44272802881309237,0.75603364923218463,-0.65452358415872547,-0.0034639585278908669,-0.2874311779821791,-0.33675424931125392,0.89664925890483604,-25.54697391086594,23.234652577654209,-12.470454545066893,,0.3348292200196072,0.2105263157894737,0,2
0.28372232978628809,0.95404715469544366,-0.096414035275833213,-0.94346369440616451,0.29571054263836799,0.14977160047884375,0.17139981598039494,0.048469594490265173,0.98400853730637772,-32.030786434384531,5.6729640807180557,-11.769732778032099,0.7011632526954035,0.6718301028636023,0.631578947368421,1,5
-0.53897400781626237,-0.77425488628984718,-0.33171733442009393,0.81359705447332209,-0.58049274435396614,0.032984946638370018,-0.21809826191607048,-0.25210621731464239,0.94280199582971413,-0.68712073375792326,10.967641784975585,-2.9624469554230588,0.4820118772520544,0.384351570094162,0.2115384615384615,1,6
-0.67672461091046721,-0.68581367880200417,-0.26777490352185473,0.70647572113468238,-0.70725996406027958,0.02598843367121579,-0.20720969194347014,-0.17158945540304629,0.96313093728691868,17.804109283229032,0.84939194418798292,3.5331774733973429,,0.3155542308915109,0.2352941176470588,0,4
-0.86021661870118349,-0.39570976351226139,-0.32162268572252911,0.42765744943612755,-0.90336130375150903,-0.032364499473337818,-0.2777345402575786,-0.1653848177598049,0.94631463435924279,-2.6324467751483587,21.673190616175322,-5.315506166666073,,0.2077842773220847,0.1875,0,2
-0.94626745232254639,-0.18286807166817845,-0.26671553580427243,0.20007034088939679,-0.97902192507189512,-0.03857368176519517,-0.25406646250813736,-0.089862887739510747,0.96300306024213578,-12.681830328984399,5.6667855185909666,-5.7760763359847127,,0.1489135557259042,0.453125,0,5
-0.54434332995409684,-0.79238449034885716,-0.27534915759643613,0.80906769988961269,-0.58262517142333803,0.077183979032296388,-0.22158473803449838,-0.18076152543754362,0.95824082296240909,-10.456600883252767,-10.772511023142524,-2.4352400968860426,0.4648612212375763,0.4462736855709211,0.8885245901639345,1,6
-0.49459545537667393,0.8618883981277411,-0.11190944863386816,-0.86878218615353797,-0.49389298831741618,0.03587797532151598,-0.024348481328807525,0.1149700189775074,0.99307051420998871,10.748319468526697,2.8812523965697516,1.4380271247075662,0.2559348861654291,0.1299829161676467,0.4,1,5
-0.19470499596777541,-0.9333359419286501,-0.30161893847924626,0.96800898554303649,-0.23246063288010999,0.094449235406749432,-0.15826739542031185,-0.27358010465883215,0.94873882490479555,-4.7804821519239127,25.075873660887584,-6.406175213322558,,0.07756701016042135,0.3571428571428572,0,3
-0.9518771476074902,-0.18797384883024168,-0.24206554488107929,0.1819778523775766,-0.98217371800789088,0.04710465899039433,-0.24660486026571601,0.00078728044673338478,0.9691157944656692,-19.925586071620636,19.436875458823764,-10.170506230475546,0.1946408503085613,0.1363223552769608,0.7777777777777778,1,5
0.53944182824544962,-0.80481421721330426,-0.24754108691395812,0.84119955705918836,0.5280972523910179,0.11617485623181906,0.037226591875067792,-0.27090102950781625,0.96188711035597785,-15.73122956102792,7.4961427233439517,-7.0399516575413017,,0.07699479378669082,0.2823529411764706,0,5
0.035567619462950631,-0.92252161921909503,-0.38430301393447186,0.9938160125245008,-0.0078252718740452649,0.11076325369904708,-0.1051887717184725,-0.38586607416755025,0.9165384307877561,-8.0758889697801894,9.7105005757664848,-4.8837847984089624,,0.1700969995129774,0.4528301886792453,0,4
0.76252706127193282,-0.55109619461354931,-0.33888857329579047,0.63434651174856316,0.73979949753178686,0.22427930462739501,0.12711012493275939,-0.38599182340327176,0.9137030854743774,6.9607289827517862,-22.532291159101288,3.9154001000034202,,0.187505768082549,0.375,0,2
-0.10892973878067581,0.99163400536476087,-0.069255407105982339,-0.99089540379295971,-0.10277469511005903,0.08696930945467303,0.079124021328304442,0.078098408749961379,0.99380079885234673,13.113642841345168,14.121966969525296,0.58969150278424576,0.5331679912891799,0.3190708363623626,0.1304347826086956,1,5
-0.39540838353912799,0.91048195033186841,-0.12113970590542436,-0.91846628109842976,-0.39072008999860397,0.06129846455422016,0.0084794287659034403,0.13550066195912719,0.99074097013116591,-21.264460670588903,11.732194903892227,-9.2057736362284466,,0.1631312830067474,0.3,0,1
0.48014271719842022,-0.77124075143786319,-0.41791228079930703,0.87706892940653258,0.43001901690528527,0.21408815513589688,0.014596718501008604,-0.46933074523343671,0.88290179940219293,-18.888603297333198,6.9288738068818558,-7.8745852477727523,0.3203250509286885,0.1765199539582314,0.3222222222222222,1,5
-0.9656745445589251,-0.097262862526432819,-0.24085806933561485,0.092463193998808424,-0.99522787317297268,0.031177527405861976,-0.24274107964342242,0.0078368381869717441,0.97005945808531746,2.3187465389037016,24.873379163527954,-4.2749531791463964,0.2917896170643977,0.2184589283071528,0.8181818181818182,1,5
0.51819319328971525,-0.8152096227506711,-0.2586679056298144,0.85476088943707129,0.50400280924718843,0.12395559753269478,0.029319555197050973,-0.28533215599656669,0.95798012737081151,7.7536935138871783,-7.087210532654904,2.00605178383009,,0.0816690538061844,0.46875,0,5
-0.5231693178382385,0.83328803746640434,-0.1786754361630627,-0.85085789446986149,-0.52260597009898702,0.054072575629527643,-0.048318819221774188,0.18031651791304421,0.98242111392046561,-18.621742480211942,3.8460220755046022,-7.3934874913612454,,0.09066192932948369,0.3134328358208955,0,5
0.82606179793132928,0.52742804791069753,-0.19859899364189063,-0.50119908848194961,0.84865093781853962,0.16908890988050396,0.25772345586563061,-0.04014025431938948,0.96538457636314645,-13.640984067425714,20.369494335910595,-8.3561697567728643,0.2070921018193151,0.1316192546537702,0.2857142857142857,1,5
0.14190870338095449,-0.94170625760691962,-0.3050430203900874,0.98686313715565066,0.1105513452909547,0.11781149594869396,-0.077220906677177056,-0.31775418870304623,0.94502338972833066,-4.6264223774155973,-3.813739838638214,-1.9094258302666192,,0.07517138274943061,0.2439024390243902,0,5
-0.071851423521703914,-0.90072070667713477,-0.42841519756066992,0.989466910857562,-0.11848643723458778,0.083163673015613657,-0.12566863274460549,-0.41792723380332281,0.89974675436458484,-0.50686382924580187,20.453324725126439,-4.525077028031129,,0.3979857816044471,0.3181818181818182,0,3
-0.51055168312663768,0.83952350236193041,-0.18584205078107333,-0.85945525428876035,-0.50478105135023443,0.080825466736629561,-0.02595466686358093,0.20098850509347435,0.97924970058115968,28.093957794999614,10.80002860924329,4.9551414940863969,,0.2068936674988582,0.5,0,2
0.19537767482774435,0.96836535292667791,-0.15522920933282933,-0.96807664490522005,0.21576758082186134,0.12756159553460863,0.15701966045039623,0.12535108422934635,0.97960805014789998,-15.18945071442862,4.2185052405726333,-6.3317720515307485,,0.07512315494251356,0.2911392405063291,0,5
0.62185504396170155,-0.73394923973738757,-0.27315713021684335,0.78088404456609239,0.60753889089544399,0.14531553596100957,0.059299352791509378,-0.30366924364914705,0.95093037453856921,14.630515967850489,10.850076181793892,1.3625557643835093,0.1825117228017695,0.1544504756163672,0.2380952380952381,1,5
0.65009644275308143,0.7474232219035849,-0.13686907057130446,-0.71745127827061317,0.66310960007081221,0.2134228703812916,0.25027640405689777,-0.040548559199936558,0.96732493812532117,24.802457509017444,3.0380446760700535,5.0310192012949608,,0.2164976730803479,0.1111111111111111,0,5
-0.92097784322974752,-0.29591636685804329,-0.25344292474918156,0.29612987896881937,-0.95438242010059493,0.038226835925103883,-0.25319341828293196,-0.039845953727679108,0.96659474078319763,-14.098784365979984,9.8448177422648815,-6.721768697923209,0.2304701965068128,0.2285167686625166,0.3983050847457627,1,5
-0.44859307191455533,0.88559810352531254,-0.12033393063734678,-0.89366082695075622,-0.44272322106587086,0.073256234565752504,0.011600957027552585,0.14039995926435028,0.99002690328829701,-14.541972395192687,7.9872233434731728,-6.6716410885717954,,0.07509158073647146,0.2439024390243902,0,5
-0.15168124255945634,-0.83099260597525715,-0.53520471734661579,0.97733480278565266,-0.2069906249736343,0.044402302158274842,-0.14768034371421884,-0.51633920051403792,0.84355458987132237,-13.088264825754425,-8.9462964271136496,-3.4163460158750842,,0.4259042579279603,0.2921348314606741,0,1
-0.96958668141324744,0.044605220876051267,-0.24064920838566065,-0.03155204006433894,-0.99782792441030055,-0.057826482123770888,-0.24270586312206141,-0.048474813435753696,0.96888805156661129,-25.851940531630706,18.864199281796406,-11.838736846953822,,0.2316156474219493,0.2857142857142857,0,3
-0.31639104161448528,-0.90089086001750118,-0.29714031554642562,0.93088407263491979,-0.35515008993696684,0.085576030127549496,-0.18262407316870322,-0.24952769777059369,0.95099125965730147,-1.3563114345517164,-14.929737690413731,0.66764524051323815,0.1483856219005691,0.1288451395339759,0.5135135135135135,1,5
0.81500588443537147,0.56335822502912769,-0.1356204948661881,-0.51748306455435211,0.81293886031770091,0.26709864710401482,0.26072339027244057,-0.14750565981476593,0.95407829557508339,7.5486416760439559,-5.2099418719624033,1.6139090632812787,,0.1095782680157943,0.3043478260869565,0,5
0.49666549858266684,0.86792944734482402,-0.0046751416384476045,-0.83367254854225259,0.47854706954064502,0.27564974885010712,0.24148180951097947,-0.13300818270230469,0.96124677321150664,-19.84219534269571,11.803394277832984,-8.7686981838315443,0.6632323517433614,0.3106181570056861,0.2727272727272727,1,5
-0.56190144932922936,-0.75317187289588972,-0.34205100660604582,0.7864054581374581,-0.61463859953378341,0.061529239998266774,-0.25657984459681615,-0.23441740942525405,0.93766479165266015,-3.0029075392863942,22.872014448977136,-5.5886688676348371,,0.3142245459967153,0.2,0,4
-0.68245560326810861,-0.58235402836121353,-0.44172178485946362,0.66985948383030181,-0.74012706053523225,-0.059162540395761895,-0.29247670247485585,-0.33626733399922315,0.89519922843716249,-13.346577952717446,-14.843897924724958,-2.8141839012148204,,0.6122883512894345,0.6060606060606061,0,3
-0.96532025495257168,0.11573816891623549,-0.23401171260049919,-0.13321939192388613,-0.98925197066755421,0.06027546885583538,-0.22452037545339115,0.089360029019006512,0.97036353302254219,1.0412691958005365,24.389896599627036,-4.6144677882729201,0.3028541626014174,0.2909831460571176,0.8548387096774194,1,5
-0.80991440639430412,0.56915321718220613,-0.1417859996124704,-0.56220825081586234,-0.82219585698249897,-0.08897109348200713,-0.16721404555099842,0.0076542884685735866,0.98589090412606473,2.2934787094599276,-8.9908050631043661,0.88324750234079674,,0.4534963952746482,0.1777777777777778,0,5
-0.94380237386701293,0.23556533567625551,-0.23183194713137445,-0.25893032758005324,-0.96292589637416626,0.075688860153230897,-0.20540731375069796,0.13146364790215598,0.9698067563891174,13.273316218699568,4.1287609447179969,1.9630155584819591,,0.08096475627901323,0.2307692307692308,0,5
0.93493672829790342,0.31150364328525404,-0.16987876353336412,-0.24580203967035053,0.91390922797535112,0.32303448781112015,0.25588018949013402,-0.26026026058833962,0.93101553444879848,-15.992656755142262,12.389456301248366,-7.6882796757950098,0.4247176898643221,0.1053447950516036,0.3636363636363636,1,4
0.7174045714824947,-0.64347818445099181,-0.26695787486357081,0.690100340955355,0.7088551547103461,0.14589684387907362,0.095353029471125589,-0.28889478322778239,0.95260044299509516,3.4926606200303847,19.162465764490452,-3.0148301960993451,0.2287975660578004,0.1077463585721958,0.1904761904761905,1,5
-0.15870278892096187,0.98455360223057908,-0.073943418392033444,-0.983137101889343,-0.15069378749781276,0.1035993305875479,0.090856280340615964,0.089138020756323461,0.99186669950064998,-11.682526198188178,21.306535551574648,-7.9410456166548782,,0.2417811570550618,0.2222222222222222,0,4
-0.71249357207828767,0.70121794802061088,-0.025422413750183163,-0.69894986323900177,-0.71244893576397061,-0.062334602003758482,-0.061822313328626324,-0.026644010631840402,0.9977314760355851,21.60256757202141,1.6745949221804812,4.3900154245542344,,0.3214141668187286,0.2307692307692308,0,5
0.45207953418694563,-0.83703241014409469,-0.30822206140651487,0.89197641397155059,0.42480205315886471,0.15466509803593423,0.0014736647401545325,-0.34484773451536577,0.9386574818920117,-39.377402259430795,14.017024641388025,-15.032618943316974,0.5262340588823764,0.6783221044914705,0.9230769230769231,1,2
0.58532071512353567,0.80948140740724928,-0.046254853899366247,-0.77999583651881255,0.5777406134055999,0.2404626345922356,0.22137333954338426,-0.10466916777972513,0.96955567651151875,16.976185603889032,-5.8910211202790039,4.1930640261727463,,0.2441996275427548,0.2727272727272727,0,3
-0.65028346527524761,0.73882711171152449,-0.17682170056195459,-0.75567744216330024,-0.65297776431733645,0.050711366700820909,-0.077993706125223106,0.16659693366667644,0.98293562530702527,12.465177277781995,8.3626809669213245,1.211799663408462,,0.08811854592089004,0.3548387096774194,0,5
0.12959191885908888,0.98906954570908334,-0.0703375313559364,-0.98062862616128987,0.13834699911296586,0.13866364119501182,0.14687897099122557,0.051005309402698831,0.98783856287011496,-10.606007920363668,15.628109120991555,-6.6017038741590968,0.1559549771021646,0.1431846602570593,0.2857142857142857,1,5
0.86224839977493006,-0.37485570653670414,-0.34060372335375722,0.48264255416481533,0.81202053780365091,0.32814449727876777,0.15357038124207964,-0.44733191867106953,0.88108472495170642,-22.759816134240772,6.0086717279146793,-8.9622971669910001,,0.2122531393916997,0.4285714285714285,0,2
0.75848799419953561,-0.57200218269218683,-0.31226505672351568,0.6403255370165537,0.7432207986020839,0.19392279693152042,0.12115762171497294,-0.34703940341214223,0.9299916575860866,7.1241370325034685,-9.960534318172412,2.2483559695163278,0.1089938549395442,0.1340579997673938,0.2857142857142857,1,4
