axis_00,axis_01,axis_02,axis_10,axis_11,axis_12,axis_20,axis_21,axis_22,location_x,location_y,location_z,dbh,dbh_approximation,score,reconstructed,number_clusters
0.98562779570548753,0.010601036062556433,-0.1685985360765109,0.011471376147615817,0.99152530600184752,0.12940624052657851,0.16854155529726805,-0.12948044482601673,0.97715329326858169,4.1877724341554039,10.320528068609386,-0.64602628966064946,0.3757295403347423,0.3525698895532814,0.5772357723577236,1,5
0.31509807677251961,0.9487196331182477,0.025382272361569751,-0.94505765081960091,0.31120397623036022,0.10009056801592355,0.087058822881981537,-0.055526056175374941,0.99465452215531236,-2.0837656139760714,13.238463123117866,-1.6092457886364682,,0.4993618598745126,0.25,0,4
0.98387819789543418,0.012348510488081275,-0.17841302081058033,-0.00061160101900887447,0.99783983894912964,0.065690804152228027,0.17883880353610163,-0.064522632422263873,0.98176041489513877,-4.4970223983005129,16.032113072419641,-2.0219494700430602,0.6343856921475064,0.5387283525184303,0.9327354260089686,1,5
0.40404715188160079,-0.88874671179685605,-0.21650676970164723,0.91173419624316421,0.41044335904235618,0.016643449728275059,0.074071954592793213,-0.20412136411532941,0.97613923917364342,1.6760794800276264,12.465625445849325,-1.0265135790263162,0.1495335231619495,0.1105545829901447,0.4210526315789473,1,2
-0.92790541668636151,0.33156693969456674,-0.17045498580472515,-0.33464369522205384,-0.94227807194588387,-0.011208585016683757,-0.16433239160992769,0.046641179568345514,0.98530171289622459,-8.3619893814314601,-1.9118380561615407,-2.5491318914335639,0.1790048873175047,0.1290461684248729,0.6641975308641975,1,5
-0.85208962888843331,-0.4893501248828373,-0.18568715523138704,0.50070777970684188,-0.86545127438578873,-0.016905945849330483,-0.15243025841944316,-0.10738038434075137,0.98246346974175869,-8.7251589693974818,8.0668331399395949,-2.8072418827321299,,0.08604651788180766,0.2764705882352941,0,5
-0.92905484033848917,-0.26499155534818503,-0.2581406191163505,0.32831865859407638,-0.91217435137400171,-0.2452443905870301,-0.17048155930366551,-0.31259786993766808,0.93446166836731293,9.5074333938508655,-6.5406064214308435,0.43720871816494083,,0.1809442181229072,0.1794871794871795,0,5
-0.49849688818734961,-0.83871508487300062,-0.2192210274449147,0.86197704486500637,-0.50644896242198045,-0.022472707613673384,-0.092176063017029339,-0.2001660682237984,0.97541638213560156,-17.139598512003207,7.0659776998821906,-4.215819707630966,,0.07277161481594401,0.3557692307692308,0,5
-0.70842460790487172,-0.66466805736430734,-0.2373835471012847,0.69487038739591933,-0.7157594632956028,-0.069595512951888358,-0.12365160587341779,-0.21425397131056695,0.9689197676498178,12.714995511539962,20.620570044287611,0.89074166279383815,0.2964595272868093,0.2266429341097682,0.2666666666666667,1,5
-0.37630915179674201,0.92075307502241233,-0.102981537718128,-0.92375411682394681,-0.38141347141387144,-0.034671248532916345,-0.071202204494158705,0.08208251129682545,0.99407882354186561,-2.1815879156673557,18.038806930616861,-1.6277629715428275,0.2837014517911852,0.1204503228824438,0.3125,1,5
-0.15516256106302281,0.98593866546372799,0.06204456130850694,-0.98763637495278411,-0.15339652784800259,-0.032309381211946875,-0.022337647917488282,-0.066290671951476823,0.99755028760345432,5.8156456253200117,6.0787591009621904,-0.34826161340309797,0.2646499978529834,0.1767212455411159,0.4303797468354431,1,5
-0.90670371013886764,-0.35895729527059811,-0.22144534809390096,0.38928360779906779,-0.91430120731232878,-0.1118551518981535,-0.16231652632850949,-0.18762452526051657,0.96873648780326838,-21.148528200003192,8.8664350154828071,-4.8895842244817151,,0.08838691367852385,0.2195121951219512,0,2
-0.92841538944856139,0.3467024579481634,-0.13357496130554361,-0.31277720233922224,-0.92335729566149527,-0.22266954494393368,-0.20053749358143644,-0.16495062958773835,0.96569974809289638,0.7948764500394504,6.8461164486010171,-1.1572171948953784,,0.6003798999895272,0.4782608695652174,0,6
-0.48716231532051746,0.86200411456929671,-0.14007778195401546,-0.86879038726865065,-0.49466537009299644,-0.022570658394204034,-0.088747628256430941,0.11070265622993372,0.9898832155272137,0.86426508266267343,-13.783184964488832,-0.56185228676824706,0.3816217757268637,0.3254897848928029,0.8636363636363636,1,6
-0.77496745469973083,0.62801673048039008,-0.070854995539776922,-0.61751625679978495,-0.77629726455645676,-0.12663423561637974,-0.13453295783637084,-0.054383299632183323,0.98941565581757063,-16.716827844525834,-7.2659333481375858,-3.7487814637857397,,0.3923495289504769,0.7547169811320755,0,2
-0.97819490890774885,-0.13296247326352256,-0.15954842804179936,0.15050584475815282,-0.98318703001987784,-0.10339852365642267,-0.14311782167360196,-0.12515688037155642,0.98176017662923376,-3.6644031226261546,-9.85101483469054,-1.4755612279578938,,0.2329149624195337,0.3846153846153846,0,7
0.717312675980044,-0.6483751963315656,-0.25509239436006892,0.68502768537587388,0.72315682539621406,0.088211542053423547,0.1272776301905478,-0.23802060974813494,0.96288451757633153,23.52282701797489,-12.099938036140944,3.2597954822161559,0.2279909193527977,0.1919839414688438,0.1538461538461539,1,4
-0.014858908827294593,0.99095371725782655,-0.13337894542002965,-0.99988714296981474,-0.014430342270388911,0.0041792996568717003,0.0022167886964368001,0.13342599250092357,0.99105630030438707,0.34413839370391852,-3.0136786565541582,-1.0542480848293647,,0.3511342919537461,0.2865497076023392,0,1
-0.90471743462498244,0.39466846277324036,-0.16038443807863048,-0.39561220995488816,-0.91800929538748821,-0.027384537914245003,-0.15804221847405239,0.038674773100493623,0.98667467744207604,-31.818895779594651,8.8996547322142838,-6.527022053235032,,0.2440153126083213,0.675,0,1
-0.96230913097367987,-0.20153824746741619,-0.18260194755928824,0.2142162863716639,-0.97538047540287554,-0.052386170465066356,-0.16754855743281058,-0.089528001265661031,0.98179031258795846,9.7822854879078385,-16.83836460220035,0.97636558183862587,,0.09095214090113608,0.4,0,3
-0.32527623164456787,0.93918588221002652,-0.11011472101624069,-0.94413615527045591,-0.3290755532980783,-0.017782028362540198,-0.052936692739838968,0.098179218162188372,0.99375980381721529,-26.807919977573263,14.906935938659734,-5.6800920594348154,,0.1583784569295997,0.5263157894736842,0,1
-0.7684669439256504,0.63811370270195034,-0.047638834133271475,-0.6302676953394637,-0.76767322164532548,-0.11593298486697709,-0.11054948351327179,-0.0590654483830685,0.99211394733783209,-8.0397187023789503,16.608102154843504,-2.5885800561150867,0.5118121949541007,0.3312824461042481,0.1538461538461539,1,5
-0.92510169915971308,0.36739577771124593,-0.095954097003515385,-0.34360091310209417,-0.91750329614814219,-0.20031503706087725,-0.16163309910788207,-0.15234186580596368,0.97502138294272211,-13.787822879885244,14.426797963571463,-3.6188708762506052,,0.08578509269354977,0.3666666666666666,0,3
-0.89474739742756682,0.42686140894443697,-0.13121140327947065,-0.42195855754448541,-0.90431388488487841,-0.064555195913244878,-0.14621241572306634,-0.0023948190726093142,0.9892503193479576,-1.0783078671960944,-8.616400792360432,-1.0900450986887149,0.2827184943035762,0.1363285607115787,0.4318181818181818,1,3
-0.43736402910401506,-0.82639732972092828,-0.35465498653765265,0.89627560519738203,-0.43280515020199606,-0.096797425000330381,-0.073503371174180779,-0.36020432450034207,0.92997317113843858,10.323171664089388,-7.9223957175924582,0.59800335425257845,,0.4263781340214418,0.5,0,5
0.97467093934486437,-0.097470196048463811,-0.20128616663564808,0.11929012757831152,0.98788549377095802,0.099257829208887399,0.18917300404378531,-0.12075517413007415,0.97449051430060907,-16.100020867598172,23.959382528507888,-3.8430213047815824,0.2441071948009699,0.3560219912667818,0.7571428571428571,1,5
0.034971919003401623,-0.92340354523032953,-0.38223403503256659,0.99938758807427086,0.031857910226942156,0.014474887186534649,-0.0011889845711058227,-0.38250616493336403,0.92395217414304454,-0.50335023883348451,16.654682097363825,-1.3796020663186341,,0.4525115538695269,0.15625,0,5
-0.79551859471685371,-0.53711176964796259,-0.28046588449463067,0.58491603168687334,-0.80155384285315423,-0.12403496637247406,-0.15818786721933506,-0.26272111432653128,0.9518162715312356,17.792722961461422,-7.6778998801408855,1.9187119732449451,,0.5195267790068464,0.4042553191489361,0,2
-0.94646264485597364,-0.24098063472195144,-0.2147947754980119,0.275639673859848,-0.94961398697533617,-0.14918460354622026,-0.16802152268882845,-0.20040361630921669,0.96519798926620048,-12.802122313659698,5.571623825172515,-3.4514378581066532,0.4691203682173938,0.272913513271772,0.2486187845303867,1,5
-0.9604125795625168,-0.19670847451280246,-0.19726493117865079,0.21162060730720839,-0.97566534402782212,-0.057392116409823071,-0.18117504127500555,-0.096865435104151215,0.97866883668638516,-16.728333876939686,16.265380679246096,-4.0232037523923045,0.2880331531420445,0.1902774913020796,0.3125,1,5
-0.6284450939531423,-0.74800791531425681,-0.21340319236938723,0.76864730601516329,-0.63926430585984384,-0.022857519750915024,-0.11932343794015468,-0.17839648505716471,0.97669678574130192,5.5910711145143965,-1.0758938911513249,-0.26277412013578849,0.5928072970730165,0.6189358197614531,0.7722222222222223,1,5
-0.53295524914867065,0.84608805624957684,-0.0096800556141049803,-0.84289659403572215,-0.53187668545354261,-0.081440304726425272,-0.074054265021390411,-0.035244751989010198,0.99663121227933449,-10.568525784640014,-4.2075525761908272,-2.831904928380474,0.1787581014170395,0.2566521232486934,0.3841463414634146,1,3
0.98501099765395661,0.017319421028910556,-0.17161984779150916,0.0034558519159725671,0.99276520782923816,0.12002207801610702,0.17245692676228547,-0.11881615958695571,0.97782479444566905,16.603738781863605,3.7395916676519234,1.4008611776369126,,0.1347101970644048,0.3333333333333333,0,5
0.75934719001563855,0.63309072029336078,-0.15029299682217098,-0.63603981059296644,0.7709145064261741,0.033825776008143751,0.13727783636195198,0.069906821270340508,0.98806266602056125,-4.628733393852638,-0.42533821808068345,-1.9540902906080864,0.2316201580061941,0.2223601877224696,0.7359605911330049,1,5
0.046800908494334957,0.99884936814538128,0.01046970485148363,-0.99881815865463375,0.046656710346779394,0.013617537273053395,0.013113386514213636,-0.011094644437250778,0.9998524630959007,-20.958324641936311,24.656425762687228,-4.6158665030660613,,0.3310873208083913,0.3333333333333333,0,1
0.26077685704308795,0.95783398597337299,-0.12062125080221628,-0.96417309958979658,0.26469963274749159,0.017445298815123172,0.048638100889475677,0.11175043506718566,0.99254530143674646,-11.350296937657458,6.1582900387606649,-3.2487815213708462,0.7314306597454219,0.6344275031844245,0.9757207890743551,1,5
-0.57008050742448269,0.81529665540877461,0.10148684020064057,-0.81586155536765648,-0.54721101181713794,-0.18689577581939154,-0.096840784423261259,-0.18934485001005461,0.9771235286528297,-10.980173985118217,-12.094040170493923,-2.6008150643539203,,0.3268634837639444,0.25,0,1
0.93038778222500973,0.33997699418519561,-0.1370920060077466,-0.32721985306691748,0.93881599462887033,0.10747881646106028,0.16524449293484322,-0.055137751620870909,0.98471015324353284,-3.4304272156838898,-6.0581834857057881,-1.5990930370459884,,0.2831904701285731,0.3421052631578947,0,2
0.88705801587900879,-0.40732247116787101,-0.21729353636612192,0.43232355798831179,0.89802803341532333,0.081498419668932121,0.16193954944090386,-0.16623494121846216,0.9726980655090105,-1.3665674541173791,14.926370809099806,-1.5227207408711629,,0.3660993056277979,0.5645161290322581,0,5
0.95988439295639749,-0.21028010013332973,-0.18548377731393356,0.22295594703214541,0.97353935905483913,0.050117482519491677,0.17003704843864831,-0.089461700514852763,0.98136843555275566,-11.513112196055314,12.885794828540201,-3.2912132844915787,,0.09371312117628512,0.4833333333333333,0,5
0.3533698638695833,0.93431713118559712,0.046703722356006609,-0.93272054611491784,0.34805239372969277,0.094296946260836845,0.071847909947892502,-0.076883220485003456,0.9944480118356982,-12.048543337186461,24.651809283264729,-3.177138334521322,,0.5659782582783177,0.1904761904761905,0,3
-0.27908023643420637,-0.91551061106496778,-0.28974910294818562,0.95826511087023936,-0.28499490028966357,-0.022491867368759935,-0.06198547346497197,-0.2839334919243155,0.95683832137043356,2.6533269033775984,23.730248794280783,-0.80465556109979597,,0.6426934361646146,0.717948717948718,0,4
-0.84855695957686772,-0.44452606432000663,-0.28696282772133952,0.50571967808451856,-0.8408614357343015,-0.19287211590310147,-0.15555929272066274,-0.30878572511535196,0.93832440148023055,12.026425451221662,16.875385942556719,0.60652862870522717,,0.1795661592172966,0.3333333333333333,0,7
-0.53702322678900116,-0.75427805149844096,-0.37771771856354031,0.83773724361965307,-0.52941448692757465,-0.13385294798307645,-0.099006891384773532,-0.38831034245681589,0.91619469186379554,-17.126695467230899,20.586301837361376,-4.0233152751784882,,0.1296184367891613,0.4285714285714285,0,1
0.27157690294021364,0.95177214633578322,-0.14274371176614825,-0.9609104603381674,0.27644772719154276,0.015091101461467461,0.053824464717188381,0.13306553118672637,0.98964462884810389,3.3570494171129499,-9.2553275232002594,-0.37523912135421844,,0.1150284470458456,0.2972972972972973,0,5
-0.95736577149598534,0.23621146665232085,-0.16629769267748776,-0.20218987453995962,-0.95906542629306024,-0.19827446311319544,-0.20632506925095648,-0.15619747472757065,0.96593597856551427,-14.079185156206476,-10.115479504409038,-3.1446354315200673,,0.2858058581495722,0.234375,0,4
0.97256970748516858,0.15710697903123716,-0.17153880383718814,-0.15581828160906161,0.98756169422342444,0.021037186574246195,0.17271024057250939,0.0062687512503590082,0.98495272757587105,-32.009741216066672,16.666790369851679,-6.4605167086553665,,0.6665495816360905,0.44,0,1
0.76854988639422073,-0.598306721907087,-0.22662775347301542,0.6300269661804323,0.76939586892974088,0.10533764170195169,0.11134223820684785,-0.223738828535961,0.96826847650661685,-0.6029860363073104,-4.4097458675024006,-1.188715745207449,0.5388293118747718,0.2247535313376087,0.25,1,3
-0.97576298745098455,0.13828214314306531,-0.16960141865117373,-0.13546013114247371,-0.99038265683893811,-0.028155743703716051,-0.17186374018853923,-0.0044991021778046335,0.98511045720162749,-13.175607364476502,-4.0324526833872634,-3.2963040386886169,,0.3268170974324682,0.6351351351351351,0,1
0.75207717214653236,-0.57211809301923822,-0.3272014895689011,0.64329673606440774,0.74520043785452417,0.17562920255557465,0.14335004884881258,-0.34257436427943322,0.9284899398666564,-22.756297241564081,22.794267792857724,-4.9482989710318401,,0.2327812553586714,0.2608695652173913,0,5
-0.95048851992538608,-0.24949693070243856,-0.1852642843618629,0.26002446687008857,-0.96498596585056251,-0.034487132968462175,-0.17017300055818721,-0.080952870742925426,0.98208338882169466,-8.8250832319279056,5.5158995511642361,-2.7304502645971453,,0.07005710920645843,0.1647727272727273,0,5
0.68584411539728773,-0.70015163974321493,-0.19850826365620047,0.71897256965105938,0.69411261185234197,0.035862601089053134,0.11267783040272125,-0.16731815033763592,0.97944287383355233,2.539068479113439,-5.1179022676535695,-0.64022882888453003,,0.08270251906802627,0.2923076923076923,0,5
0.97542946707456246,-0.10643762137193599,-0.19289475762529235,0.13602508911341965,0.97969954352199262,0.1472616024443783,0.17330473130968493,-0.16988183298835771,0.97010599056298707,7.1286530057208539,2.0465443628987483,-0.10868363234365462,,0.189915021019562,0.2,0,2
0.12973664102018842,0.99151166670490121,0.0085451018055211474,-0.9907285931622295,0.12997493925856252,-0.039539472119910435,-0.040314496990375204,-0.003336158389663483,0.99918147069469365,-21.208604191371229,6.0235114277705231,-4.9580471552813279,,0.5882083447234697,0.4322033898305085,0,2
-0.91263170939190852,0.38514176976579695,-0.13700065764102792,-0.36719396691410078,-0.91965414386283095,-0.13930127902431749,-0.17964396364556892,-0.076824949447392335,0.98072726762750717,-25.755698925845593,13.074044423673303,-5.5239093543419573,,0.2111436202041419,0.15625,0,2
-0.29976306406319908,0.95397963916976491,0.0080593717477566284,-0.95278596804904392,-0.29893817497444536,-0.053243465625318419,-0.048383928243674039,-0.023639280709742611,0.99854903730124223,-35.279391599341572,23.12360402117627,-6.9342105471195197,,0.6660012319456291,0.4054054054054054,0,1
0.52624322851741723,-0.7982116664074187,-0.29313171109700725,0.84505162845357806,0.52928273324443398,0.075812489322400894,0.094635139813513375,-0.28760723895687185,0.95306152288930623,-13.596456484156775,-5.1991169519649709,-3.3241564906325718,0.256164588112798,0.1565230005567421,0.1555555555555556,1,4
0.15214294423090358,-0.96231697170822672,-0.22538538214147882,0.98810260082628254,0.15328478842701324,0.012530916854809747,0.02248943665564998,-0.22461037286642413,0.97418910158126781,-15.19722547074039,7.1150867473389638,-3.8716698274070018,0.432127116480899,0.4203699756252113,0.8810810810810811,1,5
0.40219641537061951,-0.89534519337086282,-0.19129827017178358,0.91315946298595685,0.40739053324404123,0.013143385497469203,0.066165237264166191,-0.17997204819312462,0.98144394809227309,-7.9727754501601691,13.997101646248565,-2.6311958944783269,0.4450093938086808,0.4023038523442546,0.9853372434017595,1,5
0.84693240608071796,0.51443086578690866,-0.13441124899374032,-0.51080455626048293,0.85739363208520114,0.062887717109761002,0.1475947317279879,0.015396232833971426,0.98892808190518322,22.79680655891487,-1.6301970726559625,2.9107491960670608,0.2336392623445528,0.1628453630004913,0.78125,1,5
-0.96193251716632056,-0.15621725758831878,-0.22423648420730394,0.20577067993287826,-0.9539839769460009,-0.21811235409818988,-0.17984509917712127,-0.25595065962383851,0.94981313959120106,-15.852348509349749,20.074874861579488,-3.8272197107724639,,0.1128249778291455,0.2857142857142857,0,2
0.94371388417714019,0.31026879439019134,-0.11461841055847735,-0.28672971655094098,0.94014592905566474,0.18415130118105913,0.16489443428421563,-0.14092163534290014,0.97619204987254937,1.0382084196723305,-3.7382226588727758,-0.90690283482280487,0.1754816173408894,0.2039985134035248,0.2926829268292683,1,4
0.67314903979985141,-0.69443998608037427,-0.25421147879123801,0.7299904714489408,0.6789622534476667,0.07825707627441697,0.11825515553366575,-0.23825063300221566,0.96397736180044813,13.281175920861378,-12.245552595214491,1.335256415067104,0.361203919233389,0.321125952497241,0.8024691358024691,1,5
0.98457657700329226,0.021777794730333054,-0.17359346667765141,-0.01382906697652614,0.99880535368652212,0.046868137937203125,0.17440676857003037,-0.043744635143356962,0.98370152280716483,-3.0990581491396223,19.218298101520592,-1.7670758593731504,0.4642289263762333,0.4203792902901317,0.8108108108108109,1,5
-0.44307374220323997,0.89648416079605042,0.0013447720321263269,-0.89464880706184924,-0.44206968801828855,-0.064636699778243253,-0.057351294604626908,-0.029841923148725403,0.99790795599091142,9.3895728196573724,21.555117831339309,0.32784419731639769,,0.1451383550191549,0.5,0,3
0.67731918277287584,0.72511577248073844,-0.12428129846258625,-0.72541596424081078,0.68639509650588904,0.051317154220069161,0.12251695177590266,0.055397545002770089,0.99091912310501296,5.8280825318710887,3.1629372440150041,-0.32327629973213534,0.2901408157890298,0.2517982574933736,0.6233766233766234,1,5
-0.65882326656581147,0.75077531476763915,-0.047836494092972436,-0.73678831261116651,-0.65678023305118649,-0.1605699469789405,-0.15197001622407125,-0.07054184721696953,0.98586457587240339,-20.423299521683585,14.424639953407098,-4.6276873734648829,,0.1951545851391838,0.3333333333333333,0,4
-0.27696907136703403,0.95689628800036364,-0.087393521025348378,-0.95961299996450056,-0.280124748341678,-0.025942545473463616,-0.049305413548756803,0.076678676159912917,0.99583600899804237,-12.255951561998204,-8.4250557262225136,-2.9836666124555746,0.3795886305976718,0.393255877128878,0.6779141104294478,1,5
-0.04477761860484282,0.99888353357168402,-0.015054940432480747,-0.9989922396651062,-0.044818743346875377,-0.0024052720639914866,-0.0030773301698269044,0.014932066305546344,0.99988377496330649,1.6240145956155112,-6.9512580589548341,-0.69765222657711201,,0.2598516798736579,0.25,0,1
0.18778723642192655,0.9784878532017266,-0.085425259576376769,-0.98059313549256555,0.191755641650073,0.040827399136208697,0.05632988959579107,0.076100558684182043,0.99550773402625081,11.998863581869589,-7.6056284774343439,0.88564852114537052,,0.08680341499058036,0.2258064516129032,0,8
0.79315086339354479,0.59315441479030695,-0.13812873746199048,-0.5848560961814171,0.80508530447308313,0.098898934680393583,0.16986775637980267,0.0023436587320316156,0.98546407981531248,0.97858123240027939,-5.9779722451823725,-0.87013276889996283,0.3270096369639773,0.2936577948855096,0.7953488372093023,1,5
-0.61249074426954431,0.78225075752418205,-0.11374902433420445,-0.78379745351599428,-0.61966228501948273,-0.040990296245282838,-0.10255067062668297,0.064050018557975888,0.99266356590576088,-12.760153116725746,15.474870503455229,-3.4105360916577236,,0.07916955983164387,0.3333333333333333,0,5
-0.64089982562235115,0.75758578750812278,-0.12373838564866739,-0.75366753052055413,-0.65161699007739393,-0.085910137245423679,-0.14571433339342563,0.038197811562646809,0.98858902494187884,14.759918040983127,-15.153402448068498,1.7385394859837835,0.1560628662822229,0.1619995144476535,0.3076923076923077,1,6
0.10179195943402386,0.99174723785034835,-0.077947502915668335,-0.99474848369885061,0.10231358499376428,0.0027174444912195761,0.010670106532792574,0.077261546334058309,0.99695376135739122,8.2232720322093602,9.5675977496856444,0.0064296719176064141,0.2468129572779055,0.1590977035274965,0.375,1,7
0.82517535535437503,0.55905311703042904,-0.080902690031557353,-0.53837670802458448,0.82170876978764373,0.18693640071074435,0.170985827402133,-0.11069918695563301,0.97903500286505052,-6.172336924816511,21.334993626906371,-2.2382582177050936,,0.3726080261521076,0.2727272727272727,0,4
0.7749163831711805,-0.55041371670640604,-0.31072389601435024,0.6146403326909341,0.77084159895392568,0.16739322194083397,0.14738337939698024,-0.32069918893504518,0.93564425381334448,-17.777075724698133,16.990350443756867,-4.1627332374817714,,0.1600758704362716,0.32,0,3
-0.14633103334419861,-0.96604064319405425,-0.21296174392983933,0.98873908144375422,-0.14964868719366889,-0.00054703470957183625,-0.031340987638890476,-0.21064364723017601,0.97706038522467442,10.661881906601858,-12.713836418825954,0.89451825415223307,0.2912522577239955,0.2534567747563426,0.75,1,5
-0.3813818346174831,-0.88609239266081485,-0.26341633945606968,0.91856934249073974,-0.3952597232345943,-0.00033797136230849528,-0.10381839557579728,-0.24209506987368482,0.96468218491009927,-10.947485760215457,24.261487850907805,-2.9964554406478299,0.7318430017451605,0.4069598464655633,0.90625,1,4
-0.59099463367243832,0.79707886585122301,-0.12405895608020182,-0.80012958869240258,-0.59877743740355427,-0.035471421670972933,-0.1025572243642929,0.078299821645783418,0.99164063735858032,-3.241156184613303,15.67402306503924,-1.8081998947417492,,0.08019278095054952,0.3103448275862069,0,5
0.26816219330055135,0.96238292726394736,0.043682254922488832,-0.95968828949146656,0.26289914222749161,0.099410402016044008,0.08418684634300129,-0.068579459949205362,0.99408723589828596,18.757964392684844,-13.156452542860857,2.3380700148112785,,0.2766533378949223,0.1538461538461539,0,4
-0.90367413422448462,-0.34449084096722449,-0.25436021627472116,0.39798325524717104,-0.89489083316234042,-0.20193990508286677,-0.15805817813860007,-0.28371897576952215,0.94579128517437716,-17.749315627586334,11.390822025681908,-4.2809148487732331,0.4005640004380291,0.4746457575322524,0.5542168674698795,1,5
-0.46131896350670704,-0.85359653435953564,-0.24198712866284647,0.88315781013548011,-0.46790507819196819,-0.03312280481590691,-0.084953494959313508,-0.22899300061696112,0.96971393171524534,-19.050212469976579,16.059168345181345,-4.394189539030271,,0.1508331609118036,0.6666666666666666,0,5
0.79795718020863493,0.6025371360183579,0.014606103939080069,-0.58527929045732208,0.76886026083427372,0.25749184738866221,0.14391834738926695,-0.21401611861877978,0.96617007315280401,-21.677180837611505,38.087982417477036,-4.7895855443954014,,0.458073370654532,0.2631578947368421,0,1
-0.61780600672146224,0.77260894397762225,-0.14625716305420566,-0.7801531844725017,-0.62552509466297013,-0.0089086870130791578,-0.09837045703002166,0.10859915115997068,0.98920648883387274,-3.3974899437183828,17.25832004064533,-1.7989522028831681,,0.0946727190368188,0.5,0,5
-0.33472536537565867,0.94037506875821641,-0.060445511265202888,-0.94107878806392375,-0.33688314749679849,-0.029672539304662959,-0.048266390275928051,0.046951836924984544,0.99773036466727905,-9.8352296183867924,23.866693545151779,-2.8193963347243591,0.8025226968872415,0.5774141321973598,0.3854166666666667,1,3
-0.43183308121448682,-0.86658210004554448,-0.25011128293113222,0.89754044499643248,-0.4402656437738946,-0.024234531313068096,-0.089114193955891541,-0.23495026450934819,0.9679137532045814,-9.1014617702116052,18.371920494784966,-2.7475321936747732,0.2243455803828352,0.1741770643965825,0.6,1,4
0.75372363260325681,-0.62387172953581094,-0.2066028817353403,0.64441310634774307,0.76328951971971937,0.046052768139305353,0.12896679426349772,-0.16784866449285876,0.97734046872385294,-0.58557904523890281,-7.9887028260149648,-1.019448360500731,0.3008889673734026,0.2106390706462378,0.3636363636363636,1,6
-0.98466019668326299,-0.030731832962742772,-0.17175520810277578,0.05740427940283626,-0.98662573563009959,-0.15255951788926772,-0.16476967492205238,-0.16007876884557415,0.9732552296242577,-27.2142452708107,11.378279223621051,-5.7960131522802136,,0.1739512314566717,0.375,0,2
0.60657087497290219,0.79393798597289855,-0.041644304099175911,-0.78338206756985018,0.60579729083043987,0.13900423962054206,0.1355887526478271,-0.051692522203855243,0.98941577372892597,20.719181913896591,-10.854696174538015,2.5875405733593295,,0.3869251237944895,0.1764705882352941,0,3
-0.16079300269682745,0.98211430710450609,-0.097964779713802977,-0.98680657851394626,-0.16187336031791061,-0.0031291885508059956,-0.018931108930451329,0.096169137461161694,0.99518496276553514,-0.21402996397812785,10.492272080212642,-1.2931527763639927,0.7249375759378524,0.3537795861915265,0.2807017543859649,1,3
0.91959658622015461,0.37117030902233178,-0.12874284567503375,-0.35601453661775895,0.92589168186235005,0.12640507574837254,0.16611974093731663,-0.070407351593254647,0.98358885542310981,-10.727368312287204,10.832241710803883,-3.1731609717490099,,0.08826335799656748,0.2716049382716049,0,5
-0.16932364966990321,0.9829739694731241,-0.071355987840632129,-0.9852903296349742,-0.17052813682181053,-0.011095984854187934,-0.023075267934877554,0.068427552128732652,0.99738919290285166,-14.729689762277705,11.057050833685317,-3.7941448029007523,0.6379020852513259,0.7214421506300166,0.819047619047619,1,5
0.98453991505427141,-0.0043439052903560512,-0.1751064994560623,0.033582674777251222,0.98582797693620672,0.1643636329747872,0.17191090605232956,-0.16770310186962434,0.97073287262952668,6.3261846451478432,9.3788060001742384,-0.28725700685668071,0.1923947842746434,0.2492700946929481,0.2857142857142857,1,5
-0.91323656864388125,-0.35517372737310121,-0.19962613324774922,0.37330058844406971,-0.92572172796251939,-0.060712050248684875,-0.16323492383329405,-0.12996501745464289,0.97798949579182781,3.1259008577424008,1.7835233247647242,-0.69137778107067682,0.3617118596812429,0.3021920246519286,0.833941605839416,1,5
0.26405326084556779,-0.91614967970980665,-0.30157194797335107,0.96385143271235685,0.2621791732352311,0.047460475977679648,0.035584984124765101,-0.30320264756315968,0.95226144698582149,-3.9576446823941369,-16.864028609112175,-1.2580650177869299,,0.187876085826822,0.1111111111111111,0,3
-0.98398708673984103,0.067245495753827447,-0.16506803576120202,-0.043370737860911786,-0.98859792715112238,-0.14419818837247056,-0.17288259665634234,-0.1347300327815755,0.97568408106314541,-9.7563413598034749,15.953439873910469,-2.8974055962998193,,0.08568339306887103,0.2173913043478261,0,3
-0.98403415419951701,0.033630583081348843,-0.17477347410419558,-0.014098006587661612,-0.99362833325351496,-0.11182120356218594,-0.17742048804773272,-0.10757192587961821,0.97823834068362614,-17.478755683095205,-12.490466192440328,-3.6022546145016316,1.071756898641822,0.8435305665847312,0.946236559139785,1,5
-0.98344393173450961,0.087605480551752338,-0.15862948311038003,-0.051882717294325378,-0.97485335487404712,-0.21672360309152303,-0.17362665918783007,-0.2049053836972359,0.96325882656281003,15.752641444715135,-3.903259978860826,1.4310653454449245,,0.5667773594588229,0.4375,0,1
0.59127424369185011,0.80307197226746607,-0.073960638890381319,-0.79899751211520931,0.59578250087543994,0.081524151539971779,0.1095342155690936,0.010891235423449431,0.99392335550112432,-21.337253377120778,23.54797548720315,-4.6723832918008803,0.3058249192781321,0.2882283731614864,0.6153846153846154,1,5
0.98450030050578552,0.024821460203168569,-0.17361754927829748,-0.0012682590918903485,0.9909160484861621,0.13447593231298741,0.1753783048808927,-0.13217140373754777,0.97558862755320808,-8.4127804217568869,-5.4886641753981174,-2.4672637186368291,0.2948315638424618,0.2244733462532588,0.2244897959183673,1,3
0.93246692845260093,-0.30987132404393608,-0.18570188442078298,0.32300384742890498,0.945353742057925,0.044438912263946972,0.16178362676209387,-0.10142023916524799,0.98160073003200599,-10.484226116682903,19.661987553826787,-2.9497851832326214,0.1351077422441573,0.108652169399531,0.3333333333333333,1,3
-0.5662293002132428,-0.76302065306199529,-0.31174326389012491,0.80953297342409081,-0.5859575799036294,-0.036195020273965255,-0.15505078045328283,-0.27286113236283516,0.9494767284807456,16.312014319031661,-15.270099612327124,2.0078908934154476,,0.5766971667926251,0.28,0,4
-0.029081697508343801,0.9875150849377865,-0.15481670417093396,-0.99957614363038239,-0.028937928812843676,0.0031826657124322593,-0.0013371443629964447,0.15484364144626689,0.98793808447119458,1.6156852446604393,4.6993822426450977,-0.98873852793704353,0.7073893754568366,0.6282936124459426,0.9981684981684982,1,5
0.94151117565964815,-0.24879860896695855,-0.22727947176129326,0.29379967676592156,0.93637777137207301,0.19203754636140452,0.16504077084231653,-0.24758013138451762,0.95470708728038556,-15.994023585776636,-13.570837117834218,-3.3315504737941808,,0.1002511972860279,0.25,0,1
-0.438026509712724,0.89799491202959658,0.041688304808994284,-0.89542957185619865,-0.43172883018988234,-0.10870188143864883,-0.079615693392164677,-0.084943246652306084,0.99319987223813699,-8.2147029408050578,21.111471216878105,-2.5699190925101023,,0.2807555835004449,0.2068965517241379,0,4
-0.67555422217945182,-0.67536984440589654,-0.29580748158671116,0.72549058555987966,-0.68043108056625767,-0.10332935141293993,-0.13149107634930976,-0.28441012265141213,0.94964255326618008,9.0601485687444452,-7.7045986313540196,0.41423108161216515,,0.2203467841284605,0.32,0,5
-0.91165579334400404,-0.36986537897214045,-0.17911816183768306,0.37997186325558685,-0.92467189344446976,-0.024561608414297685,-0.15654104125242371,-0.090451594301121471,0.98352092580279815,-5.1716955352614926,4.4158164631066228,-2.1018130017345098,0.5682926754355072,0.4948218920850113,0.9935503685503686,1,5
-0.93870783816945036,0.31701575359144418,-0.13538318408903552,-0.30316343332377893,-0.94615643876362232,-0.11348976201172398,-0.16407171375522209,-0.065490498249653625,0.98427204947841329,-3.1589560610592655,10.676476301562655,-1.7919490917725964,,0.07162915405926394,0.3125,0,4
-0.96259715654803024,0.22600239322572097,-0.14943102911341666,-0.20509400130329533,-0.96821278498264796,-0.143179794753135,-0.17704000913650014,-0.10717705562475846,0.97835060888852987,17.539739268660004,6.8698556484205531,1.5960228946132562,0.3751469607197823,0.3829487219065192,0.7272727272727273,1,5
0.6643657085501401,-0.72096558321299231,-0.19704525654026753,0.73732658298510922,0.67537230604461485,0.014891549666899109,0.12234261451421204,-0.1551801406441187,0.98028129056077484,-35.590044130409922,6.3815354703263614,-7.0533149126949537,0.6310709066090703,0.6099382928526076,0.9661016949152542,1,2
0.64890523110723763,0.75159493991553217,-0.1184358363631115,-0.75236478426239939,0.65703916497058856,0.047400074858002905,0.11344263944150448,0.058348795944036455,0.99182971601400682,10.662698755162591,-15.540411604361658,1.0267582631756123,0.4225105564068142,0.3156618651105313,0.6792452830188679,1,6
0.17477070748937165,-0.96644094516345824,-0.18827400063531502,0.98420919849710464,0.17692584781683668,0.005431203179865428,0.028061600049746838,-0.18625021848539028,0.98210152363021663,5.5793203250084353,0.98029040723098915,-0.28416032284933973,,0.0767600654000168,0.3548387096774194,0,4
-0.59683977390788212,-0.7411343764491104,-0.30741197167153134,0.79663178052162076,-0.59306195812998985,-0.11685598008649711,-0.09570836193636359,-0.31463844308096273,0.94437416292010401,8.0293018543011421,25.512340987117987,0.12307265391537535,,0.2498957026043741,0.25,0,4
-0.14101616837980865,-0.92147742808915556,-0.36193064221985027,0.98968155246082923,-0.14058903161179118,-0.027661325152312316,-0.025394191741431763,-0.36209677396057327,0.93179453814301005,12.931214126197133,5.5601605055099181,0.74001638220141408,,0.4302254670685439,0.2142857142857143,0,3
-0.33452637020989778,0.94024563280052997,-0.063484310138178096,-0.939385464044455,-0.33807540209262776,-0.057096168364353779,-0.075146906630765106,0.040536064182874046,0.99634821720339717,2.7792098312273352,11.16619678634234,-0.87039675817328344,,0.1434579344046597,0.2459016393442623,0,5
-0.16805046414076752,0.97508854723920912,-0.14478040801504352,-0.98559663386028318,-0.16901769605933914,0.0056827583155724462,-0.018929258446990647,0.14365007296107685,0.98944749214545258,-13.085890076749308,-2.8261471330513812,-3.3367450770323788,0.186036349178019,0.136244754684256,0.4473684210526316,1,2
-0.91692859761536738,0.37409261185270631,-0.13891243512492521,-0.36303009870475489,-0.92651930972818142,-0.098848956166622426,-0.16568371769589188,-0.040208039718884536,0.98535892913822665,-0.92950943263006047,28.553316743755119,-1.3294273844135289,,0.4720792289867248,0.7631578947368421,0,5
0.97080334504059351,-0.10068234084816204,-0.2177244393708021,0.12502347599711774,0.98699481519759547,0.10104635185231983,0.20471930956212628,-0.1253168026020422,0.97076552435591135,-6.4594336728251269,6.306510471979756,-2.3603648500538732,0.2120951310465778,0.1561238776875694,0.3092105263157895,1,5
-0.82658820295631397,0.5525038954428817,-0.10719789295454164,-0.5442032618613748,-0.83320013851361052,-0.098083326617425887,-0.14350871929221551,-0.022737077678147182,0.98938782728804919,-13.492550515912638,29.759780705938574,-3.3929823955583287,,0.2724264135401041,0.3214285714285715,0,1
-0.97744692429690094,-0.11833162037941161,-0.17491465862217165,0.11975634971838409,-0.99280035013800927,0.0024251738028176445,-0.17394230907015157,-0.01857666235437903,0.98458061159618337,-2.7333818471229177,3.9870191486426463,-1.7103637392252293,,0.06457167227618102,0.1908713692946058,0,2
-0.95196985680365565,0.27989308392686862,-0.12415012407216601,-0.25893769789341992,-0.95230645542378389,-0.16144250855287193,-0.16341560619134063,-0.12154125442867136,0.97904191081128955,-22.660147931433336,8.5360120924299991,-5.1206164753088279,0.800113051479742,0.5191392129331377,0.3014705882352941,1,5
0.85463423306866126,0.5010700405012708,-0.13612179171314823,-0.49467000173838238,0.86540627172719609,0.079834668129734929,0.15780341266047315,-0.00089407342597235949,0.98747014313619574,7.8843453865848643,1.2447666011316554,0.016373892525221645,0.3321397708813845,0.2863678567249258,0.3617021276595745,1,3
0.53177026403377403,-0.80411621836633884,-0.26573952218228758,0.84258891262942059,0.53392868305017094,0.070456268211438119,0.08523092515878429,-0.26137572338786613,0.9614668068217691,10.070220956609612,2.8012969677842419,0.29119691798004044,0.9523958761745867,0.6579648233650467,0.5662650602409639,1,3
0.80202941025724039,-0.53307164335124546,-0.26941315509311314,0.57610537777630488,0.80947367254454483,0.11337974754985045,0.15764332773588727,-0.24614425955534555,0.95632713268436875,-25.958163520421245,11.059075507223842,-5.6177829820257719,0.5762991752074741,0.2589572796898949,0.4705882352941176,1,3
0.36062012995502707,-0.9043654968074345,-0.22820203779866263,0.93206622361970604,0.35852601212158081,0.052073538572833603,0.034722854988031016,-0.23147817784067418,0.97222023046480655,-19.380908849150853,26.720691643413886,-4.3413546759764232,,0.1609277566655484,0.3809523809523809,0,2
0.80418870958413802,-0.55918654647078558,-0.20147189785047914,0.57638960042198983,0.81643943662771223,0.034665182018863192,0.14510529936145203,-0.14400365469354656,0.97888068707688969,-12.418993417612922,23.668169656678643,-3.2401831825237224,0.5634210947495322,0.4982031871570577,0.9316239316239316,1,5
-0.65767702038708742,-0.6797555807680804,-0.32464332315544686,0.74369945010241889,-0.65448979148007214,-0.13621395216985221,-0.11988354671147265,-0.33102184710834542,0.93597674755565186,-28.02443298620269,8.298052040278014,-6.0055509151703337,,0.251609478606879,0.25,0,1
-0.74874443211766506,0.64756234447239314,-0.14157960797450136,-0.65011894587165309,-0.75908200884343635,-0.033761813768578376,-0.12933341251017152,0.066764615415888087,0.98935097641678349,2.7685769246791616,-14.1201393493811,-0.29486308510398712,,0.08486137584644858,0.3125,0,5
-0.59172725923973013,0.80603448698047298,-0.012932767328103502,-0.7993948365024246,-0.58877262865827584,-0.11964400158840145,-0.1040516508561914,-0.060458229720605459,0.99273262080640401,-6.2533602794448786,19.554548605823861,-2.2484033279925644,,0.3221921363371137,0.25,0,2
-0.77079173984030569,0.63185546385260305,-0.081478626605799909,-0.62299386481001617,-0.77430271752151936,-0.11105830022051405,-0.1332619158013065,-0.034842135962117542,0.99046821622834691,-28.080827096388969,13.254886573169866,-5.882324704946992,,0.1153701183251501,0.2962962962962963,0,1
-0.96618792226069983,-0.18978298838602972,-0.17453743494396828,0.20886006715042951,-0.97300324718770315,-0.098194466810015063,-0.15118985160211618,-0.13132820824732663,0.97974207345151643,-7.1052911574434399,27.347963246883534,-2.3258463655347761,,0.4530882072163624,0.3928571428571428,0,4
-0.94245187408300191,0.30947178820162158,-0.12653725674570196,-0.28476255535939582,-0.94130893560677387,-0.181239550904402,-0.17519917837314186,-0.13477648182874127,0.97526434767361525,-9.4723737141635862,-6.0201379397606356,-2.6222963964890882,0.4646056714483197,0.1990079392890209,0.3275862068965517,1,4
-0.95241166175177772,0.28991051259497008,-0.094148400125223144,-0.25489355964102767,-0.92686857441510373,-0.27557924271475737,-0.16715651292349734,-0.23846706365583256,0.95665676171687686,-23.356613077982679,19.158133874093174,-5.0144796051489342,,0.4776218390771769,0.2352941176470588,0,1
0.85371484826848432,0.50124724555153777,-0.14114587019433705,-0.49772639475600272,0.86512772912912439,0.061825951307500633,0.15309929395366903,0.017470292466988502,0.98805637241607169,10.98929232245189,-10.838553328157412,0.89515709111264241,,0.0770129514456262,0.3636363636363636,0,5
0.95646374640684539,0.25460847391048319,-0.14265912807232772,-0.2451073009779117,0.96611284627926464,0.08092205670582929,0.15842825763324342,-0.042432219682134176,0.98645830825034952,-11.522161791358069,17.915462400415876,-3.1505297195568001,0.6341029095144957,0.5845172804881115,0.8235294117647058,1,5
0.10166166415081446,-0.96628628280975626,-0.23654962628545867,0.99464891917529119,0.10312613099834736,0.0062071481966841724,0.01839656559010109,-0.23591485913145627,0.97159958090536114,25.293341603783063,-0.74046479775919216,3.4187920185581495,0.328680126759451,0.2727419449923857,0.2666666666666667,1,5
