axis_00,axis_01,axis_02,axis_10,axis_11,axis_12,axis_20,axis_21,axis_22,location_x,location_y,location_z,dbh,dbh_approximation,score,reconstructed,number_clusters
0.014404708364610315,0.99849770581951547,0.052866207071192849,-0.99968686623084169,0.013299601006565792,0.021196464295359728,0.020461521509624631,-0.053154981763047095,0.99837661934326183,5.7546512618157193,-1.0043935853477359,0.48853359523849976,,0.2838364908535336,0.5454545454545454,0,1
-0.90019836432372669,-0.31794930849639474,-0.29757543933522479,0.39624803067503284,-0.8814819226306686,-0.25686011418960808,-0.18063887470598897,-0.34913873646733112,0.91949537227924649,-2.5176607242317202,-12.886865496653868,-0.65527241155606808,,0.2141524041591336,0.2222222222222222,0,2
0.77188916343561298,-0.5567845824072708,-0.3068844215078888,0.61793936209735156,0.77053967218434705,0.15626758576479674,0.14945923906332681,-0.31025721971229131,0.93883033263471583,2.6412050149407875,-7.8088212572254756,0.10981494831932186,,0.1649677941943053,0.2,0,5
0.81169230804076942,0.56890635896986197,-0.13229191884278066,-0.55099660040441245,0.8209616196748849,0.14974900788843812,0.19379975080022788,-0.048657720296433102,0.97983370162764116,-6.0152608589152319,-14.164643808817814,-1.2315098115397398,0.2751015596995952,0.1949583948222471,0.4387755102040816,1,4
0.95225231490327089,0.26991604078786563,-0.1426914842825765,-0.24545077432459492,0.9547438971695138,0.16798216631840837,0.18157490505248305,-0.12493767143248645,0.97540818743345059,-8.4549469839476217,-13.503437197436037,-1.7424685096682666,0.4067937887343138,0.2957567063767051,0.6966292134831461,1,5
0.90488818485828015,-0.37444777703188786,-0.20240117385965009,0.39475010539294464,0.91611886258348552,0.069989884347666634,0.15921597657316225,-0.14323090411855363,0.97679843412509393,8.1141141915711916,-16.768577841250256,1.5857533380757998,0.1313033103700713,0.1090695645341847,0.2631578947368421,1,5
0.025217076010906555,-0.97167865231056494,-0.23495679543563938,0.99961721738845921,0.021833452631381787,0.016991734659752261,-0.011380587771041516,-0.23529533992435536,0.97185728645304092,8.6076266496035263,14.222777853690712,1.6167459118719312,,0.08815563990101652,0.3157894736842105,0,5
0.6333897666238032,0.7731704390893015,-0.032013679180940745,-0.76223286804236035,0.63049722826691001,0.1465411205896186,0.13348579854112302,-0.068415767672372646,0.98868641354154252,6.2057653486841726,4.8905587549698168,0.7630935630667145,,0.08619997368457233,0.2222222222222222,0,1
0.29004201629588816,-0.93095863635467979,-0.22179189836342589,0.95622733201940402,0.29130787656389623,0.027731039484432927,0.03879327624819958,-0.22012664184162328,0.97469961694332352,-0.68318558898563819,-2.2395230606148497,-0.74555778195276656,0.3971302374530868,0.4088302551439023,0.8012924071082391,1,5
-0.97955535921295467,0.074024947252379555,-0.18706043253841709,-0.059385546932422366,-0.99480398333510855,-0.082694567875624153,-0.19220992443865725,-0.069895221044657757,0.97886158522152755,-7.1062609272773587,12.01166012463055,-1.4780248912276679,,0.1593169980118947,0.5333333333333333,1,5
-0.41525761591795607,0.90840583339189829,-0.048579360655598355,-0.9082679611101655,-0.41700979324736503,-0.03394323432693324,-0.051092301209854481,0.030027890291548898,0.99824240671378028,-0.12512994551839815,17.060470403283265,-0.083654150496290269,0.3483842176993219,0.2818695002405932,0.5454545454545454,1,5
0.98244606573589666,0.085455243276202825,-0.16582258385594953,-0.058988641356100588,0.98560582049254097,0.15843455053171457,0.17697476687657981,-0.1458717519186975,0.97334544940691559,7.1689564678633779,6.0080043798224878,0.96582624907687853,,0.08542213965962234,0.4,0,8
-0.50333311695311445,0.85155761188501955,-0.14664721960864557,-0.85832976741637268,-0.51229103471837267,-0.028773357713968516,-0.09962822765270582,0.11138909007556773,0.98877029024284446,7.0126102508774739,-7.3270849569804106,1.0162801923902158,,0.07936132782506675,0.1052631578947368,0,2
-0.360823738630833,0.93061925361617892,-0.061270175773655643,-0.93098983686940751,-0.36330876478123403,-0.035562129843534282,-0.055354794610247407,0.044210250304656439,0.99748749389737068,-0.15789798981110995,8.6147494707608221,-0.30714703896025852,,0.1781166557073096,0.125,1,4
-0.31375060182337106,-0.89391496494314471,-0.32011965779403373,0.94584281367731116,-0.32382616741739317,-0.022759286253088588,-0.083318255325348686,-0.30992361760030368,0.9471037005434414,-16.741408121596763,7.4806833903875383,-3.4052873035563413,,0.7224927323964335,0.8571428571428571,0,5
0.31469639420767753,-0.92188178566404211,-0.22605342893564762,0.94820955863361922,0.31616011656518667,0.030682464199035912,0.043183473557874212,-0.22400168292752934,0.97363156977221699,-9.6117605107686934,7.5724371676620121,-2.0863135402789896,,0.06353439885969206,0.2,0,2
-0.068189919079219619,0.99219980117859441,-0.10435367495746564,-0.99766160346203525,-0.067329469017337912,0.011750216142913661,0.0046324845959104088,0.10491090097316975,0.99447083564248751,3.5641627195175021,7.3184509524392842,0.31377117252157483,,0.07708823517589478,0.2222222222222222,0,5
-0.86877732829721765,0.48204379108340145,-0.11340078180811457,-0.47602976038819372,-0.87605198461211586,-0.076997321264655805,-0.13646106060524554,-0.012911380062399573,0.99056129300683682,-6.3165945737302716,15.248364795132471,-1.3216583643318991,,0.1365102487743249,0.1538461538461539,0,5
0.97955565073032014,0.083326876940527525,-0.18310477520162011,-0.073560233755438964,0.99551361892136259,0.059510726360344941,0.18724214037481743,-0.044824838219773469,0.98129053533926758,-5.7126743590726958,5.3584514996799752,-1.47008207672194,,0.08443869481108904,0.3885714285714286,0,5
0.65652384130286412,0.75396559973675559,-0.02263449170021883,-0.74575714544523797,0.65329623318396413,0.13057684222332369,0.11323747532642658,-0.068846976122695358,0.99117978594221678,-20.753485295775299,4.4028689448557428,-4.1499011062159283,,0.2698581801355973,0.3529411764705883,0,4
0.9597995531441168,-0.20443546036259264,-0.19233034167985627,0.21649155254673322,0.97530680813842252,0.043681090585621918,0.17865112778894091,-0.083562985497043288,0.98035758883917568,4.9391083654798633,-7.7187365467282687,0.58219503005898299,0.2115090882139627,0.1579626806311923,0.6375,1,5
0.95576758913141913,0.27222330818401541,-0.11136779627552136,-0.23236337181720823,0.93099423646334101,0.28152618903004234,0.18032076697833047,-0.2431958103121675,0.95306884265668634,-1.3435119797813129,-6.9191711730168279,-0.68449638416771408,,0.1488103765193654,0.3582089552238806,0,5
-0.70807171692612703,0.69570822146022637,-0.12093185801076152,-0.69561307456342081,-0.71667216521234345,-0.050034569112527329,-0.12147795761252933,0.0486937183063667,0.99139902542406622,-3.1241577972432788,3.0295023638650731,-1.1015521549640008,,0.07630252629939838,0.2483221476510067,0,5
-0.035658161195326388,-0.96697629812303987,-0.25235953401532085,0.99933056099161466,-0.036568512718602279,-0.0010833954652130643,-0.008180795092944837,-0.2522292265892499,0.96763293239008552,-5.5667840973201024,-3.3068793580803146,-1.6381001714522254,0.5583118939100962,0.5027311709311226,0.9938566552901024,1,5
0.27538389332726088,-0.92688908297408235,-0.25503007500956426,0.96064456324120173,0.27537398456979373,0.03648550037035464,0.036410635960388529,-0.25504077416291532,0.96624451827854629,13.586829230216811,-1.3365666163943932,2.2121687657791975,,0.09505679888390541,0.3103448275862069,0,5
0.98133652837414675,-0.03278307573763669,-0.18948321303946075,0.05271745065476003,0.99347445148816849,0.10114042039039492,0.18493103707879927,-0.10924186095752504,0.9766610094293191,15.713045565090374,-9.5432182708618498,2.8727120420461634,,0.08426629096129332,0.4444444444444444,0,1
-0.84681803526598787,-0.44036339566231519,-0.29829397397367408,0.50372801938730583,-0.84404352723360754,-0.18397990819432367,-0.17075508083917645,-0.30605653709046138,0.93657466251858457,-1.9518437588798674,7.6569006541251747,-0.67274433655702248,0.4370868961063468,0.3928817113206046,0.275,1,5
-0.97617390146140337,0.13385079105581882,-0.17078782110957139,-0.12217429054653478,-0.98950280866686635,-0.077185713508619733,-0.17932639748535167,-0.054480798214741138,0.9822799426796881,5.4857315529756896,-12.136822944309742,0.88095942332043442,0.2593912183150305,0.2340175372048633,0.2,1,3
0.74702312717309716,0.64059139859520686,-0.17776137801660952,-0.64636876350189376,0.76239103523986751,0.03110194455201128,0.15544731917135177,0.091665530226580819,0.98358200549355324,-12.070590671353891,-0.32888502806765491,-2.7791879826841139,0.147251117658195,0.07844436906684309,0.5614973262032086,1,5
-0.23764762969919956,0.97133949911935735,-0.0048147221007637945,-0.97064198259971701,-0.23728173087838597,0.039389361587201077,0.03711799716097549,0.014034159822115193,0.99921233811680099,-11.329249763652193,12.878234551268894,-2.2842679043140577,,0.2431647414909053,0.4444444444444444,0,2
-0.87688989383165639,0.44907865375467748,-0.17144234260471525,-0.45505444497878494,-0.8904498343383942,-0.0049542539070990821,-0.15488565524591383,0.073671264877240253,0.9851816982315651,2.6625729841235439,7.6406500476196353,0.16811590480274344,0.1206650633970984,0.09897741778593375,0.5,1,5
0.92015971095989169,0.37691298047792765,-0.10603165316759632,-0.35678344848474558,0.91868887614505368,0.16945890278964568,0.16128136040330601,-0.11809891614482725,0.97981680368927893,0.90992374016029409,-6.2927773949076817,-0.28798679490588441,0.4089333541130506,0.3374665663747257,0.2987012987012987,1,5
0.94007606298997792,0.31774570387687567,-0.12367159520703411,-0.28759687532233547,0.93377167549419893,0.2129753397686838,0.18315303191072971,-0.16464545457602536,0.96919907201222699,-15.417275839973286,-2.6618113129339664,-3.3886387603464643,,0.2978088319114091,0.1764705882352941,0,1
0.87181116769013089,0.4708820091454039,-0.13496451887053751,-0.45989202004263635,0.88169035410394314,0.10545828265795107,0.16865532245343268,-0.029870603329170239,0.98522237554009962,1.4106567079179042,8.0162867136371752,-0.040709254543151642,,0.08687431219091454,0.3518518518518519,0,5
-0.75768498925523464,0.64464632298612468,-0.10170828539388377,-0.63909676353437916,-0.76448023393132081,-0.084411484812164331,-0.13216952711263066,0.001044121056939087,0.99122657647686252,-9.9956086285916328,12.055826536411075,-2.0526591673698666,,0.1098425613610642,0.28,0,1
0.84642863121594791,0.51107767339795351,-0.14952653280281486,-0.50272565786211287,0.85953013097180131,0.092059040179136034,0.17557188039376437,-0.0027505827987441781,0.98446277182495034,16.885266438964123,-8.8923302329394396,3.1344178842823163,0.2800340383417943,0.2260227213843457,0.3076923076923077,1,4
-0.97212921315339418,-0.11775468238272767,-0.20272796479693031,0.14943665685637797,-0.97751127325539644,-0.1487964927214436,-0.18064738725304511,-0.17494440669983249,0.96786413098280055,8.8950761497534678,-5.9594154679214073,1.3963832203248039,,0.1619487905623964,0.1,0,2
-0.95467000322938711,-0.21942549256904126,-0.20114084156340753,0.24900768019790703,-0.95894122283630223,-0.1357457415452667,-0.16309616836841703,-0.17967800187015415,0.97011105318282487,-30.4657495724413,-0.32970576800115248,-5.9490665770950848,,0.3416391021442059,0.4090909090909091,0,2
0.2112998125912951,-0.94507695066281661,-0.2493630817197178,0.9771536870287445,0.21022123945504137,0.031268233210650039,0.022870529618112867,-0.25027302652874373,0.96790513536561451,11.432464542340391,3.9531116158191959,1.7902612726367617,,0.08533319813895139,0.5,0,5
-0.89299246399183407,-0.35447324373523553,-0.27733225331651346,0.41412478889375381,-0.8884505369377923,-0.19787951545992327,-0.17625299565538838,-0.29155507694219707,0.94017579134528495,0.41400740434710986,6.9030463007759488,-0.2936015639505975,,0.09309307208450306,0.1794871794871795,1,5
-0.8071898177021557,0.58912934092794944,-0.037029958894920341,-0.57289255018235952,-0.79697276898400093,-0.19138581829259374,-0.1422628698695205,-0.1332704961939179,0.98081611462124407,-7.0042388974057195,-8.5341157532229399,-1.723170267018231,,0.09129831198993152,0.4,0,2
0.70711924225933753,0.69631187631230784,-0.12301279662300943,-0.68801056949078043,0.71768795998295476,0.10754277458052049,0.16316811421215952,0.0085885389874058738,0.98656089700662131,-4.3415871796703893,-19.596685639190117,-0.68521535431588676,0.3610178039399406,0.3661327845245442,0.8349514563106796,1,5
-0.84235017310238347,0.52832403458669508,-0.10639502033658653,-0.51666011788951038,-0.84781363767202078,-0.11947534624236936,-0.15332484618216086,-0.045670014838769347,0.98711992244501101,2.011472657217281,1.4006535117827279,-0.20602552288296486,,0.07214015304932425,0.2391304347826087,0,8
-0.65165505760220244,-0.71797193367485501,-0.24466709700460074,0.74619760188325368,-0.664701487866315,-0.036892695374383777,-0.13614266357446655,-0.20661131257386511,0.96890502149145274,-17.584177660797632,10.968732085979211,-3.481552441964177,,0.1710944350601031,0.6666666666666666,0,2
0.41269222901087838,0.90341310046641143,-0.11631807262716297,-0.90635365522621369,0.41998529532832451,0.046210424863457986,0.090598983284107301,0.086354627054057193,0.99213643346781688,27.95362283330503,1.7529421619263923,5.3689700763761277,0.6806436985566493,0.6025974877225533,0.9024390243902439,1,5
-0.060050874363535033,-0.95205170690442054,-0.29998573277500057,0.99765905819846246,-0.067093796857564433,0.013222179010756499,-0.032715379911160018,-0.29848948022269556,0.95385205043216881,-3.3787847645567815,-11.854887459064527,-0.85184852290278112,0.3344739713151335,0.2284023298557222,0.5,1,6
0.19713343680036893,-0.94970721048288409,-0.24329945016808649,0.98021598284771627,0.19542812685638583,0.031376331896658873,0.017749227170776653,-0.24467133381379733,0.96944360503570137,-4.9220804601127712,9.1271781265822387,-1.1505476004697219,0.6169684056774131,0.576588615456225,0.9686274509803922,1,5
0.39237076249678515,0.91787681179719893,-0.059559576078911922,-0.91292256982225539,0.39652428811335261,0.096648178696378775,0.11232794063286183,0.016451361682460679,0.99353499508168897,-1.0710347836416536,-28.634029740759143,0.33317360714294714,,0.2570624993582541,0.2307692307692308,0,3
-0.53007296363358936,-0.79736596571131468,-0.28849639503807722,0.83976613819494195,-0.54079939661894305,-0.048258115977947588,-0.11753929711316764,-0.26784982610009272,0.95626407665053104,-10.412959340771753,4.4542828330162827,-2.3525535316241344,,0.09079782580840694,0.2711864406779661,0,3
-0.98321394735185208,-0.028515094541080512,-0.18021438099136811,0.049584316658220745,-0.99229854823470298,-0.11351205536346101,-0.17558966163850886,-0.12054244295937173,0.9770556740386187,12.253249945048308,-23.054288663065016,2.634006043515924,0.3604098216032788,0.2019658025087636,0.2352941176470588,1,7
-0.15460865152520348,-0.95064159034235618,-0.26902923927504968,0.98766390230987122,-0.14187759451239898,-0.066262842147090772,0.024822992317470233,-0.27595527696844102,0.96084988638479607,-8.9706890443925449,-21.287780261883643,-1.4265486415103177,,0.2172483377547284,0.1153846153846154,1,3
-0.9540747440566576,-0.22871031243867077,-0.19347603401307903,0.23571018937273963,-0.97172751940426771,-0.013650445351591867,-0.18488398897441535,-0.058627817771388827,0.98101003542485432,-18.681025634253114,4.2051499543312758,-3.782087337374056,,0.07217249177692794,0.2068965517241379,0,1
0.93214389801519015,-0.28420228686126436,-0.22435867163066059,0.32622401039987592,0.92803751236004373,0.17978951774562274,0.15711667139953228,-0.24078088752101889,0.95777811406030866,2.8972950357509446,-18.96703662586426,0.66516837126981398,,0.1530726279640395,0.3333333333333333,0,3
0.49381055681743613,0.86889616570948613,-0.034213845019321225,-0.86342824404485274,0.49461127706305258,0.099253977188210898,0.10316395378849712,-0.019471461614600241,0.9944737607505364,-4.2849631254088649,10.995296145602666,-0.98881840281624156,1.090425730244444,0.3720360657630378,0.1333333333333333,1,2
0.059484678749710189,-0.95325496232920215,-0.29625419792603269,0.99820406087754998,0.054696207490663867,0.024433127792172174,-0.0070870192333691955,-0.29717554017935499,0.95479656078009412,7.5668559768007091,-3.8840544123823229,0.9362119145399076,,0.06992277985939974,0.3181818181818182,0,5
0.82254624905657314,0.550829935501019,-0.14143567555219241,-0.54468888690501138,0.83456731942378826,0.082531241551138737,0.16349827107691858,0.0091526775173108171,0.98650116261924514,4.7560863627362782,-13.316513265538585,0.81188375061468199,0.4911403044290492,0.5883920866880989,0.803030303030303,1,5
0.90977551106889454,-0.34846012763190898,-0.22557495186763479,0.37681494800142984,0.92123113855310268,0.096662734923208191,0.17412356078949195,-0.17294140282450657,0.96941851476391772,-0.50698995341299302,4.1027799902320794,-0.60197557487234121,,0.1418256752929017,0.3891213389121339,1,5
-0.7294273206275016,0.66684889364198263,-0.15247405343417636,-0.67231108658693017,-0.73999603178994366,-0.020091684534609418,-0.12622831209552635,0.087854572923671603,0.98810322701725539,-25.03039256175942,2.6670904149088011,-4.8987486979598263,,0.5391776801555238,0.4166666666666667,0,1
0.60559014926538879,-0.75549222449323672,-0.24998413918283605,0.79077095383891638,0.60649652699177503,0.082724006863810692,0.089117168252884529,-0.24777703985069807,0.96470962929029114,-9.316804257108716,14.446597415890874,-1.8486269675093345,0.4091883032236403,0.2200494986021583,0.25,1,4
-0.81676845387885411,0.56806200657014028,-0.10096954709144736,-0.56355165702991827,-0.82298445812726084,-0.071457060811455655,-0.12368840934856978,-0.0014623175047543051,0.99232002852927226,2.0352011229610736,13.603435143526465,0.31368258287357947,0.1618250562158009,0.2076292902436795,0.5526315789473685,1,7
0.54980046766425461,-0.76719809749362222,-0.33034304133481385,0.82431061895649815,0.56226505214701616,0.066106086025943034,0.13502388393066966,-0.30865043388318913,0.94154312722891076,-14.940884859401759,-1.0563659386768927,-3.2655604238509963,0.5055008081456632,0.680096537842322,0.547945205479452,1,4
0.59396440066966127,-0.74464351065646572,-0.30448699935193213,0.80108932029736934,0.58222363324638504,0.13882197878894229,0.073906641397296122,-0.32637659678137543,0.94234607519253699,15.139102785182578,9.3326777327721118,2.7776105875106412,,0.3156241935715952,0.3076923076923077,0,4
-0.80597309613909385,0.57877065956282625,-0.12422516624731864,-0.57426055865335079,-0.81539656596683163,-0.073165914090101342,-0.14363905832016735,0.01236785505694471,0.9895528571461889,-18.190979364458297,3.2721229281129531,-3.7239072911325222,,0.326361580176626,0.5,0,4
0.29784293432734321,0.95407052898785516,-0.032233711981593784,-0.95182626059704156,0.29938258427400183,0.06630865608103699,0.072913346577502106,0.010931328842123732,0.99727837133902308,-5.1133319294736141,-7.9277346178202786,-1.3984126878303118,,0.108788968810668,0.3653846153846154,0,5
0.67270182739571727,-0.66020663981122318,-0.334065029848434,0.731009579233873,0.66284466994108604,0.16205535658844303,0.11444320201207883,-0.35321967142256538,0.92851419872469143,-3.6440887849044024,7.0247075888744357,-1.059921747775205,,0.1340983836699596,0.3518518518518519,0,1
-0.87224236858281823,0.48118044634218882,-0.087513590412955977,-0.47143687695841086,-0.87483768937570239,-0.11138351894011124,-0.1301557585846084,-0.055896290625710256,0.9899167051835982,8.0014709362346714,-7.4037679684070508,1.2353012599202555,0.7952890873773844,0.5475595816199591,0.6206896551724138,1,4
0.87592006173150061,0.45394919651810201,-0.16338351335693169,-0.45017162989431336,0.89081268301993011,0.06163008525980878,0.17352103357974322,0.019567594420459907,0.98463574998778824,-5.8875739762218924,-4.8316838701399281,-1.6408627070305601,0.119556691895577,0.09170036279492816,0.4424460431654677,1,4
0.68440874074541747,-0.64946984311373401,-0.33132099009434118,0.71922777778749303,0.67592916149386439,0.16072078988440336,0.11956621282844604,-0.34829397285629821,0.92972857825380395,-3.0316376904369275,-5.0477498536819567,-1.0837543609751779,0.3514735916369692,0.2635751290533466,0.3931623931623932,1,6
0.39348564672204339,0.91128733918696703,-0.12134426752538167,-0.91223374648596345,0.40340101119066757,0.071394789323370456,0.11401156781623827,0.082601510929783573,0.99003957132843856,-18.891197589968286,2.0196252794917613,-3.8559243457467263,,0.1199906534973636,0.3260869565217391,0,3
0.43660551070920867,-0.82281766378017174,-0.3637948875254996,0.89743880204630977,0.42668758455722072,0.11198795366649285,0.063081095425135514,-0.37537820575529479,0.9247226492543047,-13.404412568077639,8.6956332536184249,-2.7440199281083246,,0.4041876280589438,0.5333333333333333,0,4
0.63802621485132816,0.76993652798055634,-0.010967772961443023,-0.76005052890849201,0.63199015902999056,0.15136588914008836,0.1234736517173167,-0.088239343665363262,0.98841695430678289,-9.0698460484948065,-6.1536363304131854,-2.2007157780744149,0.7300253798794347,0.6555209436419349,0.5814307458143074,1,3
0.47489451170999825,-0.81225246285722608,-0.33870509197544452,0.87729282311475232,0.46734533905589598,0.10929609587756933,0.069516222991987314,-0.34904766242606677,0.93452299281281903,-15.365770392788487,10.996398105458432,-3.0934994707041144,,0.2744739942109778,0.2926829268292683,0,3
-0.2059158316058213,0.96845309578921779,-0.14034696844023214,-0.97825120907984786,-0.20737959174131176,0.0042751447955574739,-0.024964819805061284,0.13817491156316086,0.9900931529844117,1.0098610270834718,-2.8385231670836073,-0.48072668206840236,,0.07052365539708844,0.3333333333333333,0,5
-0.22184660457968527,-0.93868293817546855,-0.2639288267975568,0.97243108523702637,-0.2329286368118986,0.01104692797525716,-0.071846144650945756,-0.25420187200573602,0.96447889544954524,10.802565927412699,11.173216852707112,1.9519123815111088,0.3099747554301119,0.1283596945590767,0.15,1,5
-0.54879283892171782,0.83114093383431464,-0.089616784439436742,-0.8332596001985102,-0.5524759404259777,-0.021184284917133412,-0.067118243609768424,0.063048262112881087,0.9957510020177156,-13.326760765814081,1.151056094446979,-2.9603983425721641,0.1321281587649395,0.166408339240469,0.3630573248407643,1,5
-0.58462677403209917,-0.78555864284617272,-0.20275392409149776,0.80186887860568379,-0.59749338118288509,0.0028215184400681719,-0.1233605958500724,-0.16093252652066203,0.97922565596454436,4.5844367656906932,-9.3262118797744691,0.59921118304615106,,0.07825406600447213,0.2424242424242424,0,5
0.95699385496443412,-0.18237170529648314,-0.2256176470659243,0.23535542110203941,0.94275994264494867,0.23624461115965045,0.16961894740326908,-0.27918497748149967,0.94513764131498912,8.5058027357141075,2.9489444458844472,1.1520606250665784,0.6416373022447308,0.4148641167884632,0.3170731707317073,1,5
0.97699074353384008,-0.082365871021065129,-0.19673573732328162,0.11168265280677488,0.98341617439763851,0.14289721129243277,0.18170325289117795,-0.16158122175566708,0.96998733840432683,15.01825841047734,-0.85594842857057962,2.4995474656978587,,0.3031414044675462,0.2926829268292683,0,5
-0.93169391896036891,-0.3047168147446172,-0.19772229055967613,0.31423209749756242,-0.94917756125197883,-0.017892627476951431,-0.18222137710639985,-0.078801142299088314,0.98009476567207843,3.4411001686034943,4.9625409215173182,0.20317447693294927,,0.09466355076812938,0.3571428571428572,0,5
-0.97355884783268543,0.15560685046807179,-0.16724137614269555,-0.1308197100100951,-0.97995550052464364,-0.15024453555577727,-0.18726818544421797,-0.12439342860016263,0.97440079107189126,-20.85847660338311,1.3931440430008506,-4.2190547622808703,,0.2928066991946202,0.2666666666666667,0,3
-0.36350527272745198,-0.89433487310163073,-0.26082379387937704,0.92797411310552536,-0.37226343861809175,-0.016851637138535585,-0.082024155621106334,-0.24816338775598051,0.96523933346715629,10.099056133411796,-4.968766616873852,1.5721949905360981,,0.1459937988208004,0.3333333333333333,0,4
0.95520004835956818,-0.21958223809532776,-0.19843514892006006,0.23382255516417452,0.97093353402306848,0.051137903808935861,0.18143836504547803,-0.095245541746174417,0.97877903863287852,3.8184301640553784,-4.166069370893636,0.1335372791982796,0.1049993286791567,0.1115005025492973,0.7303370786516854,1,5
-0.39882752683391809,-0.8543742591682979,-0.33313845336460662,0.91269215223463496,-0.40510008202735481,-0.053730427047810149,-0.089048520980699236,-0.32548202532866877,0.94134574524937298,19.521547370707971,2.4839403864306795,3.482314771159432,0.3392379547924169,0.234662137270663,0.358974358974359,1,5
-0.31003483461643699,-0.9106407872900204,-0.27315152909725926,0.94644199791596506,-0.32286676438030049,0.0021440707619959152,-0.090144028671873072,-0.25785734230850949,0.96196863000432453,-10.850069210726303,9.7988452333972642,-2.2674520026516212,,0.2300283802013764,0.4444444444444444,0,5
0.75148143249553812,0.63604153869041025,-0.17529066625119938,-0.64202380360889755,0.76618406869023337,0.027702138633027829,0.15192462675293178,0.091723137460595086,0.98412690941786918,5.7777451606573891,-11.101300364963905,0.94865025961138838,0.200347893291752,0.1594572353578266,0.4893617021276596,1,5
0.86247063580912686,-0.42876668374893073,-0.26889316330829915,0.47722949198548453,0.86588132351918079,0.1500051517780201,0.16851235665753272,-0.25769878635262317,0.95141732229663978,-2.7275133411575485,-10.996537657491311,-0.77302897441176388,0.3222605999661218,0.1605442958832082,0.3518518518518519,1,5
0.91519407379369377,0.40025942205389475,-0.047034055215190558,-0.3757514471108967,0.88964901872626312,0.25949079651013585,0.14570743730836297,-0.21981132485947991,0.96459956675117253,10.079907926467419,-2.2018642319718666,1.4492005626412132,,0.589164387982497,0.2142857142857143,0,2
-0.92520386372802743,-0.32362340756969632,-0.19815574837916972,0.34017800992750907,-0.9387402623774328,-0.055187329644667799,-0.16815686755077874,-0.11846775875540107,0.97861568454168102,18.588476307700368,-17.742578032989471,3.7110359400560529,0.8795634104682151,0.7874415675050669,0.9272727272727272,1,5
0.71264401693978685,-0.67456187941231749,-0.19262600022750678,0.69581587108305498,0.71463715873336331,0.071651970708666635,0.089324009475923158,-0.18509457636902343,0.97865275717688405,-10.904710611241962,16.339194647671455,-2.1774287281276643,,0.2431722454995308,0.15,0,3
0.21837171094691454,-0.89437005933920521,-0.39040490880072881,0.97546875098405494,0.21146289253855016,0.061189549212579471,0.027830050516057053,-0.39418985531951206,0.91860755834657559,0.081378853594121656,-18.64446829246031,0.12976620222647239,,0.5625422438624619,0.275,0,4
-0.20075627144942182,0.97829414879851184,-0.05135638130088279,-0.97905458571704951,-0.19854620684042268,0.045072407698025597,0.033897458018898798,0.059329269133166405,0.99766276875704918,-18.351042228686747,0.74915025772012434,-3.7966521815890322,,0.3682905005993982,0.6666666666666666,0,3
0.95529457343631019,-0.19054994146939552,-0.22605972168687788,0.23841588845361694,0.94865579003882006,0.20787028685864467,0.17484319287867967,-0.2524735864042667,0.95167586187323072,-3.6827171742747149,-15.828857260439795,-0.70705348083551067,0.3989737389352923,0.4216594757855793,0.2456140350877193,1,5
-0.85510014549773672,0.49584451118334666,-0.15146604206586306,-0.49741486612049307,-0.86699172493242627,-0.030063264310918058,-0.14622650967619297,0.049634359349589305,0.98800518128189696,-14.633612415487297,5.7299732049601602,-3.1214565338706071,,0.0788727183407138,0.1621621621621622,0,8
0.93321400149283418,-0.24736789916166976,-0.26061609674399333,0.31594341482681443,0.91036247382319968,0.26724506521557295,0.17114726420630838,-0.33173677625317094,0.92771726578513647,13.783381219438425,2.5806378261038283,2.2778074464203795,,0.6327662202285349,0.5,0,1
0.69767348470386714,0.70587549930401028,-0.1224397330260044,-0.70102301339255202,0.7078766363354666,0.08647197479191461,0.14771067475030691,0.025503866622569159,0.98870172921468524,5.6762552423065822,6.2372365240415109,0.70634773682780405,,0.07813464180743016,0.25,0,5
-0.41498894103642581,-0.88448967297315551,-0.21321866058416553,0.90472728655459844,-0.42594795783891687,0.0060724110869469399,-0.096191037945426799,-0.19038475678660813,0.97698563377476755,-17.046483740937571,0.19708178326369399,-3.6077327899455165,,0.09714695906518377,0.2105263157894737,0,3
-0.98202720894274453,0.038720871761476088,-0.18472480879988448,-0.031193366688430337,-0.99856701299460837,-0.043484415986266282,-0.18614385504432768,-0.036940690966153364,0.98182781106474015,-9.0843012578368381,12.779519991682907,-1.8165306901970188,,0.07399068381042462,0.3043478260869565,0,2
-0.054876253866091643,-0.96866866223421177,-0.24221812394411768,0.99745666528434207,-0.064232198828292439,0.030893777909540572,-0.045484037215990036,-0.23990674738128229,0.96972983604685947,-11.464026702869086,7.4826969406677213,-2.4417335011501238,0.4515307194342482,0.4674973736621158,0.9310344827586207,1,6
-0.8652471926744254,0.48781695306427164,-0.11568023112060395,-0.47747425983205816,-0.87216407067990454,-0.10652776639396516,-0.15285819169038467,-0.036938518082743538,0.98755755230517905,10.037138376034086,-6.2913477314998874,1.607620221784408,,0.4757602491167116,0.25,0,5
-0.97697573227391521,0.13908320196759028,-0.16178467627773357,-0.10951575611437642,-0.97770270529289582,-0.1791751077177042,-0.18309756336594152,-0.15733176091748596,0.97042361847600322,-4.0692203706934817,9.4874438229643268,-0.99548741535125262,,0.08796221340133087,0.375,0,1
0.74906441983993766,-0.60414782777856524,-0.27186006900664761,0.64941748653474551,0.7507432516789645,0.12100205883120017,0.13099398120811453,-0.26718901970129044,0.95469922207903357,7.3034723711228864,7.705078909477419,1.1265580090305223,,0.09918394024719099,0.3809523809523809,0,4
-0.69631364819432129,0.7071980068570406,-0.122549102141731,-0.70678282201732823,-0.70533459255283359,-0.054416496116066797,-0.12492135862027968,0.048724651314891898,0.99096950634956771,1.321400754109419,-13.187468591930992,0.088762824827858397,0.4449117629869561,0.3905195429988185,0.8994413407821229,1,5
-0.49459365264710631,-0.81840336044502959,-0.29256291353053504,0.86249502642582354,-0.50367434061064087,-0.049137439912483143,-0.10714218661157833,-0.27663712372477756,0.9549829598612587,-1.2698085444419971,-5.201800181992569,-0.76058896381232632,,0.2092400375499255,0.1924528301886793,0,5
-0.044575962805235347,0.98599774857042399,0.16069045819226968,-0.99896291634726087,-0.045487435833702274,0.0019962325142128851,0.0092776776707461216,-0.16043482475862297,0.98700283267157241,14.028546581555865,11.08900589317205,2.5563333415491081,,0.3514274878884165,0.3333333333333333,0,1
0.33704702600819181,-0.91442387075024056,-0.22411668135411436,0.94046956507400525,0.33807243420971528,0.034986088621480879,0.043775557432723038,-0.22256687496046243,0.97393412854350114,-4.5777097234618971,13.858182692518568,-1.0293124396274831,,0.1007879253193545,0.4166666666666667,0,5
0.93656242826342284,0.30512378801204315,-0.17248272943835044,-0.2990836709886962,0.95229849404531308,0.060634445548337267,0.18275605520268495,-0.005201175656585148,0.98314453263929746,7.2534574130502936,3.5936417069746369,0.97183445670974011,0.1434350193264448,0.1031921472348168,0.3333333333333333,1,5
0.79163707695018926,0.59709223953113211,-0.12958239035246583,-0.58953506453347482,0.80217133048251998,0.094707783404622145,0.16049656097023787,0.0014191700399761402,0.9870353792408485,-2.77044497149826,5.7369751474689243,-0.97619022407555323,,0.1230322873263126,0.2575757575757576,0,2
0.79708416103788304,0.58205182862968474,-0.16084933637219354,-0.56935883798233655,0.81313717838369992,0.12098943235505966,0.20121469586970595,-0.0048577689360803436,0.9795351184347737,-7.7858710564091247,5.0072052260122311,-1.8325724573340896,,0.4911019178430656,0.1666666666666667,0,2
-0.72885976528557728,0.66720388426805821,-0.15363078911946151,-0.67294861219076252,-0.73945167360111352,-0.018745339661868692,-0.12610950756536843,0.089722902461565279,0.9879505012274109,-9.3690081428589611,10.492276914692857,-1.9424914254146632,,0.0666802312735111,0.2,0,1
0.45896402621874088,0.88829000133892266,0.017114209253733068,-0.88251274824436843,0.45358568785411862,0.12422267490309062,0.10258299967955711,-0.072117246863725309,0.99210676385232921,6.7033012084467609,11.146832159140958,1.1842531810892312,,0.2885794279517405,0.325,0,1
0.98278722101637717,0.0012718579768368804,-0.18473673317506267,0.02301216935452775,0.99134520043735019,0.12924834092331361,0.18330225931096999,-0.13127481078682726,0.97425212639458825,5.2664384802613267,4.9417948664971263,0.55280751736608369,,0.1128785003855345,0.325,0,5
-0.87209180831463051,0.47378431628252865,-0.12241037339708441,-0.45137737376340026,-0.87546421703295174,-0.17268720609626934,-0.18898239157385091,-0.095345824971923648,0.97734069256091538,3.3296126106107931,9.8811277494259571,0.36068137749468454,,0.1000655139885845,0.2857142857142857,0,7
0.98135818617526649,-0.033064840916713203,-0.18932201858723255,0.043607370774143138,0.99770532839070569,0.051792614482777319,0.18717507216763235,-0.059082941666335861,0.98054816218434393,0.21734204247891492,1.2858149721953509,-0.5725537830437436,0.184403540707223,0.1706277807751397,0.6808035714285714,1,5
-0.74116303171182896,0.64995991925114682,-0.16801626049515059,-0.65891646863114328,-0.75220921781494532,-0.0032218008772749913,-0.12847742132528617,0.10832080133230193,0.98577895910205626,-4.5692838736784047,5.0893511948855785,-1.2984581320358293,,0.08420905240322681,0.4814814814814815,0,5
0.69572616242537677,-0.65715121099641038,-0.29002998604076974,0.70759054322670301,0.6964823848440963,0.11928080624316105,0.12361525008265387,-0.28820925295318089,0.94955499917549357,11.422106351316819,-1.1755476820463084,1.7394566456075791,0.4018864588906426,0.1118566010443725,0.2,1,5
0.69580746736962928,-0.65369179722463933,-0.29755504128460752,0.70933227334493731,0.69044539384833781,0.14189039468871059,0.11269292055833255,-0.30979379005208596,0.94410174944292857,-3.7336860652848554,8.2391281710380735,-0.99175206559709583,,0.2283201897503371,0.2021276595744681,0,5
0.939334797304611,-0.24612872466072946,-0.2388949339554696,0.29313045606506638,0.93770860205242368,0.18648622834937539,0.17811421700636815,-0.24520038444866255,0.95297014495021615,-4.5658515593609348,-9.768634311482435,-1.1894829218864296,0.8144975117548605,0.6105874944884783,0.2432432432432433,1,3
-0.39147709677229847,-0.85736503588590585,-0.33417192871797974,0.91562330172131978,-0.39906779043603469,-0.048773640231713093,-0.091540439411683203,-0.32506936779226536,0.94124930495350434,-13.749322828213746,-1.5236254831578426,-3.2238224242133291,0.4631728310182082,0.3951519059072457,0.7748427672955975,1,5
0.36901716777200894,-0.90287358176458188,-0.22055753272359321,0.92739060700901688,0.37337578333339422,0.023177283094020226,0.061424684948082675,-0.21309579951694976,0.97509855312540539,-9.3825666278148194,0.87212550216974138,-2.3295841240785595,,0.07180735122197239,0.3125,0,5
0.80671619846815079,-0.49849716693135204,-0.31734767951020543,0.57227056174842272,0.79293770530911267,0.2091798261192134,0.14736139007637325,-0.35035748894598417,0.92495094499882757,-4.4140838450205786,-2.9256172282699708,-1.4175061371274855,,0.1779874529241165,0.202020202020202,0,2
-0.96738286051830291,0.22653529936975417,-0.11336736441710717,-0.21648939894939975,-0.97171272054373847,-0.094375467553881126,-0.1315398848940996,-0.066754377181888661,0.98906072200300443,0.4660276156284669,13.274027296817314,-0.10501223526231403,0.5975528935643127,0.2286960314863978,0.2647058823529412,1,5
0.88239050591796631,0.43751621668765173,-0.17310850701556657,-0.43681345172125097,0.89846510437506399,0.044209327247435558,0.17487425042355689,0.03660623383562446,0.98391004679450733,-21.739394074772481,5.7441482936389505,-4.3372622871122157,,0.07769773028407535,0.4615384615384616,0,1
-0.5254936750333844,-0.82116988159291038,-0.22256779431129223,0.84243829125998826,-0.53879160787151392,-0.0011526951810121068,-0.11897110119209309,-0.18810536635597286,0.97491653398084599,-15.946936180157202,2.0298545253210269,-3.3941522116406024,0.5150797178416285,0.4873197829657284,0.9533468559837728,1,5
0.54678079074876185,-0.78815198674146603,-0.28257249098884041,0.83268734186599647,0.54716408788116244,0.085107294806710948,0.087536035804115911,-0.28182957035885214,0.95546299546714253,10.484394543382805,6.9939435675588495,1.7700191731772945,0.2145718017729698,0.2076882182167967,0.44,1,5
-0.54943806281356189,0.82764431486409507,-0.11455436789936481,-0.83074260295673108,-0.55579078936603887,-0.031037494882003937,-0.089356268746829601,0.078112012706227238,0.99293200709143548,-8.9378992533020316,-16.473257091973494,-1.6457165810829333,,0.1985524269798814,0.5517241379310345,0,4
0.35624587422064996,0.9343197262351024,-0.011641575010591829,-0.93147291112698039,0.35608937655807477,0.074555829678900745,0.073804423562497223,-0.015716394956986755,0.99714888657219192,-29.59550287238018,0.11986004230244512,-5.7685076867628835,,0.2494911952710996,0.5384615384615384,0,2
0.10355109846399653,0.98576835202229363,-0.1324308353751206,-0.99409147579058421,0.10693110046558461,0.018651474840300889,0.032547008578346977,0.12971698387054675,0.99101674876266865,-27.382891888563769,0.75014118573469546,-5.343234074559021,,0.1497504797054507,0.4,0,2
-0.63026655440893808,-0.74963926078908893,-0.20200259670874113,0.7649121204699606,-0.64412361000088647,0.003771338963160821,-0.13294178557411648,-0.15213728577510185,0.97937772484642049,-4.3288777314468545,11.893110635514802,-1.0206214692221867,,0.4489736088333806,0.78125,0,1
0.57844296865000211,-0.72368524324253403,-0.3764085556046366,0.80782097548998721,0.57227879060059716,0.14114622696737172,0.11326519137749068,-0.38571576911206779,0.915638761674334,9.1498891261770225,9.2084419413376661,1.5791855721944148,,0.276262141285638,0.34375,0,6
0.28381343799284375,-0.91651837041239392,-0.28185813650007085,0.9581166860286322,0.28278209123958892,0.045240521965120066,0.038240663804305561,-0.28289285174916518,0.95838890126139864,-4.3099473839944489,-12.069488762336741,-1.0323470722890105,,0.1120944126647408,0.2375,0,4
-0.92565756192501325,0.356929811579,-0.12553560314596146,-0.34510600972756916,-0.93248931573917271,-0.10660918385488631,-0.15511260458439746,-0.055360506125483107,0.98634440955508784,6.8058867860232102,2.3188162649967596,0.78208032339265499,0.3872336104402255,0.1755087082430192,0.1864406779661017,1,5
0.35705477690764764,-0.90468463000965516,-0.232502917211212,0.9319767766784669,0.36174486107537906,0.02366311935418482,0.062699075108375205,-0.22513634915279324,0.97230779605570694,-9.9340641523281388,-14.361128140940201,-1.9136312031272376,0.3882348102556422,0.3275664984150311,0.6704545454545454,1,3
-0.67341284802637214,-0.70840409042495922,-0.21137355743374303,0.72555693464516746,-0.68814185751976376,-0.0052837976453446091,-0.14171192857807655,-0.15692172761741741,0.97739106845737367,1.9705359643927896,10.261704100988638,0.13382689377423043,,0.08737210041552435,0.3478260869565217,1,5
0.8399389083937685,0.54222164735849543,-0.022322976999608876,-0.51594452446430739,0.81063369780329131,0.27690116587162128,0.16823756370556908,-0.22106264524248043,0.96063907324073228,-9.9663959315554447,-3.8369456886768836,-2.4255762005559744,,0.09206437166621315,0.1733333333333333,0,1
-0.77899148045182431,0.60784763236184036,-0.15392702561791946,-0.61195513332400253,-0.79050708857058216,-0.024687197452603907,-0.13668645939476545,0.074965316992370704,0.9877737661359286,0.90444305400931824,3.3657245872189372,-0.31988821975294218,,0.07348107762163159,0.2142857142857143,0,1
-0.48534579452944765,-0.85088943161437136,-0.20106375829460177,0.86749166159530167,-0.497337253244519,0.010671157285815738,-0.10907647223485245,-0.16924193245814731,0.97952003119008757,-10.211207266785518,0.21395568509127655,-2.4433728838064241,0.3210334320857669,0.3079211916057655,0.9293924466338259,1,5
-0.9732586836599243,-0.13043020542739717,-0.1890912377470689,0.13733117792996749,-0.99023905117694622,-0.02380691270511626,-0.18414038733781146,-0.049138406937428623,0.981670889206119,2.2679708411975303,-3.2629516952801332,-0.22013637767691974,,0.07334784379126481,0.2769230769230769,0,5
