axis_00,axis_01,axis_02,axis_10,axis_11,axis_12,axis_20,axis_21,axis_22,location_x,location_y,location_z,dbh,dbh_approximation,score,reconstructed,number_clusters
-0.93810298853149099,0.29784314057024014,-0.17678304931055933,-0.24760793115498742,-0.93360247485184711,-0.2589917592890762,-0.24218401131666473,-0.19918805829105335,0.94956359560421622,-5.2833983012845289,-8.1080565828801099,-2.890424562634883,,0.5330048218723528,0.21875,0,5
-0.056224494600163155,0.99782549157405553,-0.034396141817813773,-0.99749128890413374,-0.05762305522650342,-0.041118269257513919,-0.04301086801409975,0.031997997927343293,0.99856206284903293,-8.7516530072358023,-1.9437562988290678,-3.3214661712016871,,0.1313820802238433,0.2244897959183673,0,3
0.18315954267249282,0.96217119623299485,-0.20169078081948144,-0.98300132802602869,0.18189623393489918,-0.024942918421167765,0.012687435795615877,0.2028308389270953,0.97913159470679112,5.0542606230711984,5.4545043360134047,0.4438522077054603,,0.06645567455011583,0.36,0,3
0.92623143934248964,-0.23975170685062769,-0.29088561297484583,0.2934014149260411,0.94300902159600664,0.15700189459984129,0.23666628507866977,-0.23076634124315731,0.94378809340672931,-24.17387028705436,5.9976204122574108,-6.4950126197816846,,0.383756731637021,0.25,0,2
0.69926068121143825,-0.65672130303285914,-0.28240331062956497,0.68902129487056496,0.72442320177930908,0.021463455889105219,0.19048400176026484,-0.20959044555188475,0.95905562414635648,2.3699823444339914,8.7419793976076576,-0.011828175898674487,,0.07029475726061457,0.3725490196078431,0,1
-0.9070840767333811,-0.33402137827749706,-0.25618000817852904,0.36592078519443683,-0.92651230480162705,-0.087618080405038545,-0.20808761784266908,-0.17321855531316013,0.9626499235941306,8.1312726722542372,-11.29643860647654,0.2231414140012731,0.3023048601310839,0.2648293767776211,0.8205128205128205,1,5
0.13079175475763741,-0.95616966068455511,-0.26197919168094225,0.9895086435191317,0.14225801870812901,-0.025205168401824931,0.061369058069558051,-0.25593404638621148,0.96474431981330411,-7.7237535402143003,12.422682769164634,-2.1077116484590315,,0.08219963617002186,0.4193548387096774,0,5
-0.66748047181870995,0.71947816256164576,-0.19188797079960518,-0.72159042412221308,-0.68858766973685237,-0.071793320730380486,-0.18378541714672647,0.090543882638691703,0.97878737515402914,-16.81376018624238,14.184920866889023,-4.1307790520281591,,0.07106228273481877,0.4545454545454545,0,1
0.55113708662195293,-0.7684509394144835,-0.32516313669120617,0.81719423852495965,0.57585387995557424,0.024205070991886724,0.1686460443398462,-0.27906175419270357,0.9453481099972717,16.644605987621599,-2.3190392519362639,2.6485774267917193,0.3285945963879915,0.1993624695506653,0.2068965517241379,1,5
-0.88288239887838904,-0.37673583735459171,-0.28033690196525612,0.43920116921756325,-0.87373551095103741,-0.20901815677365479,-0.16619567596260779,-0.30766274677943334,0.93686852414598054,-11.69240537443372,15.96442214853977,-2.8550018332752538,0.5649912887294152,0.3419132391090068,0.4137931034482759,1,7
0.25572039196876029,0.95392710712520834,-0.15693997394888382,-0.96616987693908651,0.25780356228923468,-0.0072864371603711241,0.033508954427959529,0.15349396588372236,0.98758126369956656,-4.8480194292292387,-18.241524719381513,-3.1334605407237763,0.2188108853362881,0.1862237988897514,0.7894736842105263,1,5
0.95187970200560534,0.19563477622470754,-0.23590690375914983,-0.17211043673084234,0.97814084137602597,0.11669829476268352,0.25358042211109066,-0.070480697809457399,0.96474319938429887,9.4601497850302945,8.9706455469058923,1.7311362414620732,,0.5100815446677756,0.7424242424242424,0,5
-0.45307490420221613,0.89134118137927776,0.015298024694263978,-0.88083445739953992,-0.44495928314554334,-0.16168455399407153,-0.13730910326635484,-0.086730241092698682,0.98672391044313501,-7.5495435204676431,-19.24678460875138,-3.7998039172714835,,0.3694333271178011,0.1333333333333333,0,2
-0.60484830225376918,-0.73359751629677938,-0.30982771881148657,0.78688277202130708,-0.61035998225550403,-0.09097359593378708,-0.12236843693042937,-0.29882331927789224,0.94643044620243821,-11.886675401034113,18.665917525800193,-2.7981856345901552,,0.07298192475975591,0.2857142857142857,0,1
-0.40369463468103972,-0.87311685619308521,-0.2733086119412409,0.91156259638894732,-0.40932716863850538,-0.038793064831586933,-0.078001761482578369,-0.26479846005196195,0.96114385019086856,-23.642729120088447,9.4782274490216452,-6.1344225267423935,,0.1195026235576698,0.4,0,3
0.92345414619211419,0.32368008916880142,-0.20606707586674458,-0.31836981815760834,0.94610523476394259,0.059376288521229906,0.21418006155308983,0.010774257651536556,0.97673477290673616,7.2702949172706468,-4.4585214350355562,0.22883743674585957,,0.0773597209714641,0.2549019607843137,0,4
0.96329504650367292,-0.10912760349570758,-0.24526275611427276,0.13123739652076694,0.98846100812855875,0.075641134073485772,0.23417813547796604,-0.10505237534085408,0.96650121536359523,-10.442967538982611,0.46856192646996864,-3.5428640761939532,0.4064531506763934,0.371995190099459,0.2578947368421053,1,4
0.9448268619578285,0.27646390169136947,-0.175698355099036,-0.24355959547832592,0.95157656813392355,0.18756534442401171,0.21904548471346405,-0.13442375549004978,0.96641053884288464,1.3775851084577173,-16.672101039676615,-1.5423605286751283,,0.4924953288253788,0.2666666666666667,0,5
-0.91256967845416892,-0.26632167720080352,-0.31030524684414629,0.34373967969802416,-0.9106289274058057,-0.22934251497018973,-0.22149405086176741,-0.31595525130103963,0.92255767549142542,-5.6029894031733871,3.1680488603279913,-2.2089243626149675,,0.1626000506600047,0.1345565749235474,0,5
-0.059656787610666007,-0.91528308773470368,-0.39836909644047652,0.99782798293381758,-0.043510518544775049,-0.04945858115830571,0.027935356919212857,-0.40045437203605433,0.91589077501141192,8.508343145415683,1.1137189097833768,0.89964691806963482,0.09368628168609475,0.1657876787878065,0.5,1,5
-0.86227420446825287,-0.42445486320263986,-0.27626303663767732,0.46712933577542537,-0.87730754091326613,-0.11009842103648732,-0.19563583507796339,-0.22398559721630804,0.95475498022948391,-5.3978828301573021,9.1420201731590218,-1.7755224200868718,,0.07438568808300081,0.3220338983050847,0,5
0.59982920461223832,0.77539408112480834,-0.19740553247278542,-0.78998903783710428,0.61307295559676911,0.0076727578514961805,0.12697340426819861,0.1513458624226518,0.98029188741725726,-1.6713173347003794,18.899746733195414,-0.30615324120085718,,0.2662304578346239,0.8448275862068966,1,5
-0.45541942274886554,0.88909656245413238,-0.045830688575857356,-0.87962200432884718,-0.45731291935449059,-0.1308817148878183,-0.13732544878351285,-0.01929239289772483,0.99033808605581175,-10.557078931335088,8.507829619833462,-3.0043403634677261,,0.193891348016457,0.1764705882352941,0,3
0.22572910588453218,0.97349188501191752,-0.036877100923384865,-0.97356819013687945,0.22677571581363956,0.027161624966343188,0.034804452447504644,0.029771203085451281,0.99895061217092929,-17.539186584509704,5.0126050001114617,-4.9083667052411704,0.3908318279955427,0.3054150940746084,0.9514563106796117,1,5
0.91554326857394985,-0.26957386499253555,-0.29851374286942894,0.32493601956939722,0.93312709356731394,0.15391689457955601,0.23705928911419111,-0.23791544414687357,0.94191248791014082,-5.5641075923769465,12.19183417447047,-1.6243872679624294,,0.1482282772035703,0.2564102564102564,0,6
-0.49922144836563404,0.85301166433348485,-0.15214810548520533,-0.85309865184093081,-0.51461250273747206,-0.086003850224637413,-0.15165960476971213,0.086862376995415796,0.98460869981114918,-15.394773629566817,4.1693387519991063,-4.4905041733319431,0.1684088299625152,0.2008243648715268,0.5083333333333333,1,4
0.94369307869390717,-0.22448210045210631,-0.24300444399604201,0.24469791337208344,0.96797654796039778,0.0560743594704355,0.22263491284289483,-0.11237966531041896,0.96840307021826122,3.5067620218672997,-5.1882911515180004,-0.71379327412306548,0.3976515254148281,0.1192038405069847,0.2391304347826087,1,5
0.96800915660150844,0.094016863886703425,-0.23263512641160874,-0.099766850895690623,0.99492528356393173,-0.01304820246571569,0.23022781803681572,0.035840053433810304,0.97247655106530362,-9.3676666747594073,4.8512916333919636,-3.0456965811027854,,0.08495087056616588,0.5593667546174143,0,5
-0.80195250539309504,0.55861331918675672,-0.21171523025255842,-0.557338200655351,-0.82720481567389892,-0.071458540540423832,-0.21504955053195213,0.060690629862167327,0.97471551658057642,-3.3114274027537087,14.523279463443391,-0.95879576385133802,0.162779831482643,0.1734654712726539,0.7761194029850746,1,5
0.7970256028189262,-0.53642975030316264,-0.27747668630141781,0.56995676861930833,0.82003952975889216,0.051811693061049623,0.19974851778214722,-0.19944496138660178,0.95933426761548235,-6.6306495770041671,-11.122866459759091,-3.3341111464699997,0.5776946109510819,0.5176054589717605,0.9431137724550899,1,5
-0.57848516106531189,-0.71272264737653679,-0.39671317893891739,0.80749549722437575,-0.56915695862202376,-0.15495605317149164,-0.11535137792674399,-0.40998388305969913,0.90476918340629431,-23.436219913897919,10.818319210184235,-6.029553582922702,,0.7100449730682026,0.4782608695652174,0,1
-0.65860419113484459,0.74171384104382976,-0.12689009978570601,-0.73068612115545017,-0.67066129121916995,-0.12771540553527283,-0.17982856216524853,0.008602933467428589,0.98366034674847769,-11.485606978099055,13.314117068836893,-2.9298359417647419,,0.1420098110738489,0.12,0,3
0.038529650447742446,-0.9527576891840861,-0.30127769870499255,0.99844280642778005,0.048878782578997991,-0.026885440413243415,0.04034139721172042,-0.29977266438785999,0.95315734344168512,-0.15517118055629295,3.0104843324718602,-0.95099266859693266,,0.07373458390601292,0.3072289156626506,0,5
0.63509302222803254,0.74369500435247904,-0.20874528406272883,-0.76139975109197056,0.64824476942536846,-0.0070098466270514656,0.13010485061806162,0.16339051200671362,0.97794492096019126,8.876769055517034,8.02283431937167,1.4835251269207463,,0.08811919531401011,0.5,0,5
-0.9568797533383987,0.17585358696842601,-0.23120694972552974,-0.16792105790507225,-0.98433604892171678,-0.05371276482573753,-0.23703091773666743,-0.012572141564659328,0.971420756054446,-9.6231816446491401,-2.8645467785789327,-3.5996765383560949,0.5142338017592656,0.4791521405175183,0.9588875453446191,1,2
0.084515873081388818,0.97833791930514347,-0.18897614359218295,-0.99637116935695547,0.081059591264250178,-0.02595834236474738,-0.010077701699460893,0.1904842731402136,0.98163851881163522,-10.693717957463237,13.049141086444099,-2.7808579480958127,,0.07638179351938387,0.1764705882352941,0,1
0.71023910936305068,0.68566009641909487,-0.15946987085257583,-0.68758860951389467,0.72425838428876366,0.051688459584097353,0.1509381051886112,0.072938501259525682,0.98584870210194253,22.004218592184372,-3.1659937634885136,4.0011385205011321,,0.1043824768858004,0.3,0,1
-0.96421232957817293,-0.10216184510130071,-0.24465800803352111,0.13282915686442162,-0.98475839093375961,-0.11228235200706736,-0.22945805406679343,-0.14076174512647241,0.96308625394241321,-23.328499116180414,7.0050669529671641,-6.2396087322668041,,0.3428642936783527,0.6086956521739131,0,1
-0.34441356305966925,-0.89993172446603131,-0.26739893208488857,0.93736179178667933,-0.34549375613148925,-0.044575057741085222,-0.052270152850449447,-0.26600179656113343,0.96255434929526984,-11.125073833173513,-7.8494277503818726,-4.2263879426019848,0.1916549147200274,0.1503909554626527,0.6857142857142857,1,5
0.66876637803532046,-0.66006841501704794,-0.34214210367389941,0.72184627256594913,0.68665987818127761,0.08623323302949043,0.17801542178183438,-0.30464388914428497,0.93568296469203727,-13.085778944765822,6.432406600893624,-3.7866179886853284,0.203990315327457,0.1924193513904703,0.2166666666666667,1,4
-0.82083257887705763,-0.50543142287848708,-0.26603186692775854,0.54085547583355531,-0.83753053853428061,-0.07757545541817519,-0.18360073996283066,-0.20756125310256474,0.96083770455555895,-4.1468967454742609,6.522476529921744,-1.7045631222364839,,0.1129309441722317,0.2396313364055299,0,5
0.97515124937892894,0.026864684953139276,-0.21990527400925047,-0.015572222720665897,0.99847706241426482,0.052925057506994222,0.22099218699821258,-0.048185522047075963,0.97408449774688355,-14.284252026116086,3.0859544476070266,-4.2655172883180228,0.5085801229527347,0.3070728090165784,0.220125786163522,1,4
0.95232359421214574,0.23974451052599557,-0.18868582771239326,-0.19721567162641535,0.95562267338826523,0.21884077538522326,0.23277832968685475,-0.17119543153634309,0.95734339369386301,0.30713224092600144,11.197873433010793,-0.33535633499910894,,0.2881656445089292,0.1694915254237288,0,5
0.23200322635222259,-0.93409782243319894,-0.27135909988006007,0.96911877893411769,0.24593534187232113,-0.018016657164689427,0.083566113224229729,-0.2587992769381352,0.96230953386989515,12.843446427541046,-6.2315555580629827,1.5240026071995258,0.2529903493671695,0.2039522494430593,0.543859649122807,1,5
-0.67085313483725162,-0.69977073271954138,-0.24551373303379845,0.7283441660860881,-0.68400889363113215,-0.040578432225476822,-0.13953797765266535,-0.20604066361442627,0.96854344132306924,-9.1563566914375869,5.8842242413562804,-2.8964175906344156,,0.08214099454690471,0.3963133640552995,0,5
0.85294535976963559,0.50859232074251026,-0.1175502638414519,-0.49163240404204261,0.85837906285142307,0.14657067835742038,0.17544740677276754,-0.067225261175100123,0.98219090390649166,-12.080843499083334,6.5190798295933847,-3.54706802113061,,0.1944078378655086,0.1451612903225807,0,3
0.9006359005727882,-0.34733264682487269,-0.26118002804401025,0.3845131647518345,0.91695438373899041,0.10650955015572691,0.20249592769231264,-0.19635348377728112,0.95939601243519546,-11.796278423650261,-17.662136496912588,-4.7420933089952841,,0.3819453939201771,0.7142857142857143,0,5
0.87000078780271894,-0.40727134748792509,-0.27790048351526547,0.44009785087307018,0.89557302327970068,0.065290440575642789,0.2222892504813346,-0.17910614028845123,0.9583884805398174,-13.46321815511455,-9.8268834865711199,-4.9129750544592747,,0.1498843274087449,0.3636363636363636,0,2
0.31888516438086623,-0.87187592720569385,-0.37167811274946017,0.93824755388230918,0.34590473054332527,-0.0064377807987973136,0.13417816354255208,-0.34667316733050157,0.92833934284903974,18.915354436494031,10.238563721313492,4.1325484514095905,,0.4145630510469548,0.4347826086956522,1,2
0.97440380561570039,0.022738189047414793,-0.22365195809669269,0.018720851516502206,0.98320842684939136,0.18152332932943496,0.22402400166084402,-0.18106397800553675,0.95761635457456196,11.664390769198951,-2.4447125622798125,1.4150000503132278,,0.38897492763081,0.2352941176470588,0,5
-0.13535998095725943,0.96968006806885243,-0.2034655772980706,-0.98883780498428508,-0.14511936360867161,-0.033766340335836351,-0.062269342289056784,0.19662384366042937,0.97849966434081515,-6.251588070571219,11.034433568987716,-1.8443051009969438,,0.1250247605452099,0.3333333333333333,0,5
-0.28185759927367554,0.9436577205025598,-0.17339665587199868,-0.95367781956991693,-0.29535161643473884,-0.057149270596873969,-0.10514233301600311,0.14925658848204651,0.98319253485909486,-12.609220047682529,12.364066949599922,-3.2397002038171308,,0.11798993530658,0.4262295081967213,1,5
-0.84327230671776698,0.5044898816565303,-0.18542323486844262,-0.49201535447377648,-0.86341300281793198,-0.11152971589207318,-0.21636244518155509,-0.002818842156414553,0.97630904248806227,-24.820355621607071,4.4098085225851342,-6.7453496959174188,0.2185335833306472,0.1246710420556136,0.275,1,3
0.36999927101428154,-0.84213477230392597,-0.39231309527661112,0.92166313917737253,0.38581217903815396,0.041061178594170564,0.11678012386793961,-0.37677312507986338,0.91891480284460669,20.008883175859712,-1.5961055332078269,3.552228647564494,,0.5304831036399157,0.3164556962025317,0,4
-0.40276300966513595,-0.85893373685338326,-0.31625115610945254,0.91314627412671379,-0.40077919883977953,-0.074430610811986417,-0.062815922296681134,-0.3187614617114623,0.9457511778652935,-25.728367492388745,8.0675728381845104,-6.7303934968181247,,0.2730464001510765,0.3846153846153846,0,3
0.13721190748313625,0.98383933770580401,-0.11503499479482358,-0.99053446367271136,0.13672690195223072,-0.012133860027189688,0.0037906096414220204,0.11561103695214775,0.99328732973565914,-7.8938654324787567,9.4042316717659187,-2.2958271790665767,,0.07172582030089994,0.1764705882352941,0,5
0.71981883440721828,-0.65025169751383194,-0.242968260299602,0.67847852388665353,0.7330333959625861,0.048259020173919386,0.14672333917009348,-0.1995864982506072,0.96883305654732865,-4.7385391386408848,-4.8896133475285319,-2.5954460897266136,0.4842807773989844,0.2124967671627561,0.4067796610169492,1,5
-0.90688653651679629,-0.32217999028782618,-0.27158214916062967,0.36584995012180105,-0.92181317108639471,-0.12811827195026138,-0.20907085851559001,-0.21554705163787746,0.95384948741914877,-7.943460710813107,5.3697729391225577,-2.6400038530014407,,0.07594402287107263,0.2204301075268817,0,5
0.16116712192903523,-0.91399876461132235,-0.37233240135407103,0.98629023442235852,0.16271279105452874,0.027497656451685851,0.035450420197808488,-0.37165952956465798,0.92769200804554564,-8.4593069634913167,-5.9414383616353756,-3.5297937087308475,,0.4562818900696746,0.3839285714285715,0,3
0.92791982607166457,-0.26552528186104674,-0.26165076165710688,0.29115359807883623,0.95454172896973233,0.063872294316251105,0.23279686146698786,-0.13544892892926857,0.96304683631848065,5.3088282169617154,1.4422816608473954,0.12803204805726245,0.2624418842250091,0.1585011524906461,0.2388059701492537,1,5
-0.28222659431995001,0.93541416362530705,-0.21295185359073385,-0.95430521398397505,-0.29646853883545821,-0.037522846957112589,-0.098232927379575188,0.19263111890329498,0.97634191962063321,25.151298138922019,-0.50349126278347478,5.053841601421234,0.5541617780239866,0.5796243880149554,0.958904109589041,1,5
-0.11551002058778763,0.97389204748218727,-0.19542700682035366,-0.9914110839610607,-0.12518410711197364,-0.037855011897137664,-0.061331050398337507,0.18937586746344315,0.97998738924513995,-12.740520166928937,5.5612918522750832,-3.7271325754876128,0.4638292454368495,0.4640177742995423,0.7827380952380952,1,5
0.39957772529799757,-0.86161702942471774,-0.31297561574506616,0.90801098512249068,0.41890296984548436,0.0060293243001958473,0.12591144643185434,-0.28659448086095185,0.94974202349768644,-5.5392547266519117,16.127723761415488,-1.4162683684910518,,0.5707526806749501,0.2368421052631579,0,3
-0.29569799293995652,-0.85137032254435729,-0.43327966818441521,0.95477250739526198,-0.27819672120693373,-0.10495734100992545,-0.031179417785514231,-0.44471919027677137,0.89512718968095684,-10.630481626321968,14.223754469621445,-2.6839622957675311,,0.4513288199547157,0.3214285714285715,0,5
-0.78395776100519765,0.60491518865707961,-0.13959886636964233,-0.59252441463789685,-0.79617801865217519,-0.12253726238624552,-0.18527020002616926,-0.013348301280241087,0.9825969549287219,-2.4322854100070499,2.4463260336385888,-1.522523154816009,,0.1876070484233764,0.6224299065420561,0,2
-0.80581451769660517,-0.52106937130426234,-0.28133551741287532,0.56481579542506344,-0.81903595785116301,-0.1008127818541977,-0.17789345212160629,-0.24013914723636814,0.95429927677686588,-2.174972934627029,9.4394259402858189,-1.0169327763965319,,0.09240215597062082,0.2947368421052631,0,5
-0.40420585395161823,0.91148823992319139,-0.076202467892877074,-0.89680429376145232,-0.41131874410708108,-0.16296916713659426,-0.17988798270664119,0.0024656090313203548,0.98368401148429729,-11.562255212447576,-2.4583813741176073,-3.9672665423773879,0.3459189138408474,0.5451123267183786,0.5286624203821656,1,2
0.3850284491655272,-0.80912474718260241,-0.44392593619868487,0.91489822980708246,0.39785373661450957,0.068363977047412872,0.12130260685185604,-0.43246912925498177,0.89345180609386088,1.1348353827507358,5.9687262668305276,-0.50941284589437841,0.9960581377882181,0.682435515909904,0.4608695652173913,1,1
0.72367650059780531,-0.55591526470197528,-0.40896276230709444,0.65129512466879569,0.7461207876130197,0.13826941409576463,0.22826954037973135,-0.36641777899422573,0.9020149822324276,-13.954666235148448,7.7168433383663722,-3.9174350513017915,0.5840842855420446,0.2129061314213344,0.2826086956521739,1,3
-0.70979360686277859,0.68634389039126287,-0.15850898958517359,-0.67754426053823547,-0.72676589748766984,-0.11289422155556147,-0.19268318730086978,0.027265259425261743,0.98088215141272217,-18.886129651739662,10.502252949485751,-4.8683267319921804,,0.4721735523607265,0.5714285714285714,0,1
0.67702304373373912,-0.68662475234761289,-0.26492687239516766,0.71187389675685708,0.70230659015309405,-0.0010042627863095859,0.18674944007871561,-0.18791461595925854,0.96426798336311748,-14.125001988384781,14.553423468142295,-3.4490479214297078,,0.122175929215353,0.4054054054054054,0,5
-0.83491727204939492,0.5189165081924112,-0.18340885027444204,-0.50544565409411091,-0.85480735862759705,-0.11759706796297026,-0.21780229473303042,-0.0054806168910361925,0.9759775218966471,-1.5609007257469876,7.5655375810776535,-1.0154895332504055,,0.1082108575320957,0.2537313432835821,0,2
-0.93021095509571139,-0.24630646877338058,-0.27210421250012623,0.2822919381383775,-0.95393963303527718,-0.10154032788306466,-0.23456095302075447,-0.17126675090311469,0.95689542759545443,-14.837444282399771,-13.219379419131334,-5.2894301672763939,,0.2857299565611753,0.40625,0,2
0.80937584403315732,0.5494161401934704,-0.2074913202775501,-0.5576595727119994,0.82978143616507438,0.021876223588502226,0.18419159605769747,0.098003434076225332,0.97799222024052046,5.7414247465615231,4.7612668895667483,0.55278359975464175,0.6337078092519561,0.5350649840397956,0.7558139534883721,1,5
0.76314997574907373,0.63413642256252822,-0.12439096467906058,-0.62462075363616687,0.77319830492071395,0.10960517959805255,0.16568351952193452,-0.0059480120488619812,0.98616103781861686,-12.252912279730852,8.6534280897355771,-3.4241147522840425,,0.4205540248622945,0.1690140845070423,0,1
-0.45060331644998219,0.87027615452831641,-0.19893734205443611,-0.88338544119265749,-0.46682602119582356,-0.041275031475823891,-0.12878980352936026,0.15713968561086905,0.97914263808343383,0.50516444334427713,1.6470266546759778,-0.90894558362079525,0.4712575639486137,0.4001739454859514,0.9708939708939709,1,5
0.96998904466326297,0.058786215840767812,-0.23593523276605979,-0.03705607404085616,0.99473899782278274,0.095504835412692834,0.24030834486120276,-0.083895810608454191,0.96706431655418923,-1.9058280687933131,-4.866256907052227,-1.9375499000048186,0.3004772327720929,0.2769187839725761,0.2462686567164179,1,5
0.26244570642756598,-0.91764848377545327,-0.29840159416857936,0.96044824072434343,0.27824361274781628,-0.010939326055948308,0.09306679357993948,-0.28372830699395657,0.95437771335205313,-4.967721954920588,7.7746532253230933,-1.7694853965918014,,0.2892602742889059,0.6302250803858521,0,4
0.9267262676836141,-0.22143717444192115,-0.3035523061358264,0.29439245732339336,0.9299242457706528,0.22039505030507855,0.23347699213475887,-0.29360939171467648,0.9269746594382422,-25.779136022387522,9.2594062163375987,-6.7062921520288556,,0.2626022503819671,0.2352941176470588,0,1
-0.97060435566348879,-0.029750530223906436,-0.23883486076881588,0.054401873893107432,-0.99376757869746313,-0.097295609596213292,-0.23445174532082647,-0.10742860643784198,0.96617362499441128,-5.4939560450413198,6.3122862582776964,-2.0130083413966187,,0.07005004591519122,0.3272727272727273,0,5
-0.22366529666118512,0.95919045551902593,-0.17299567945665084,-0.97072997665515259,-0.23516027242022805,-0.048815557953705145,-0.087505128378578281,0.1570137456290002,0.98371212058762436,29.419833082240565,-2.2294377757791888,6.0838519302011766,,0.2870718637640562,0.2857142857142857,0,3
0.96870266218951129,0.10357943192862121,-0.22558025966005457,-0.072120701418111263,0.98701857465008613,0.1435023962262352,0.23751580304037287,-0.12274214670216541,0.96359774217721728,-14.300049502078837,-19.570931679506803,-5.3735412900445914,,0.2713828719154587,0.4,0,3
-0.95488668831882229,-0.15562558566716272,-0.25292704394205506,0.19837469080119388,-0.96806594605155261,-0.15328341770995269,-0.22099523642161234,-0.19654261924851246,0.95526546273687252,5.3419907559772222,-14.017209070318202,-0.54316281945056255,0.336601543281238,0.2665139297607546,0.2962962962962963,1,3
0.6792575031528767,0.72565499144348822,-0.109699944410519,-0.71233817468847571,0.68786037479422502,0.13936437733308513,0.17658870091829224,-0.016520840810910285,0.98414607275896326,16.769785828319812,-6.6910835225625238,2.482214891207184,,0.08671601400875614,0.3,0,7
-0.23761184901128507,-0.92412442064361666,-0.29922343554530945,0.97071018465660264,-0.23717329329051851,-0.038347964139876921,-0.035529517494358329,-0.29957116703686509,0.95341217176349735,9.8565789642394108,3.6905312113771593,1.4273034395719126,0.3421242611390586,0.1683443714704789,0.35,1,5
0.96947214532167836,-0.045835098686271905,-0.24087943700906231,0.055045176123655705,0.99798233936043301,0.031642991486157172,0.23894306441263125,-0.043936249875211247,0.97003908061273736,3.1155153545469472,-9.3764293906702072,-0.95522473015759313,0.2529581146909956,0.172700900026478,0.3166666666666667,1,5
0.93017287311168129,0.33846727701329066,-0.14219116891835726,-0.29671644475663733,0.92118859881773008,0.25173580758249009,0.2161892169793439,-0.19196736128684871,0.9572934527418554,-17.356063528280295,16.156232116787368,-4.182822344231993,,0.2544778874072601,0.25,0,1
0.43691231701611966,-0.81981821179614034,-0.37014284654304042,0.89168655108191752,0.4488799276052477,0.058325853724928337,0.11833309705758641,-0.35553468213450906,0.92714204302268233,1.2886935504961679,-11.471838655836923,-1.4975688080514711,,0.1090998770316488,0.3611111111111111,0,6
-0.71808012930565568,0.68637339174913026,-0.11511948138855277,-0.66805209907343899,-0.7261617033356198,-0.16246714600892206,-0.19510848474616962,-0.039758618028139146,0.97997547493421877,10.843296183365865,8.3129607604152973,1.9713561032863238,,0.2216019012334833,0.1428571428571428,0,3
-0.87703518367911981,-0.40298030251914552,-0.2615648339714452,0.44464785284949482,-0.88703867969705863,-0.12430071471086297,-0.18192738536368175,-0.22532034196422551,0.95714845763437228,12.583968284507129,5.424638662187605,2.2307360526897564,,0.2607158337833435,0.2777777777777778,0,5
0.95114230945938105,-0.19027608229473703,-0.24315287303020214,0.19616411914000778,0.98057107766443441,3.1677288679429852e-06,0.23842807200138996,-0.04770088211528295,0.96998797947558313,-7.2858878838734373,13.988334267694739,-1.9388212501461428,,0.0768435958072375,0.282051282051282,0,5
-0.36507887576580816,-0.88476452660812677,-0.28967075607571019,0.92903142216857648,-0.36633517701502294,-0.051953389733547586,-0.060150071429781043,-0.28808031959381003,0.95571528101716718,-4.8769925010257751,11.654913342026717,-1.4815469827378711,,0.07412176611197686,0.2972972972972973,0,3
-0.97454489037748737,0.068725981798989672,-0.21339867868592077,-0.044477214402903767,-0.99220302354674283,-0.11642567355896818,-0.21973628293499933,-0.10397066649043968,0.97000312704209557,0.07215175569089724,9.8563030547380528,-0.48583659872457369,,0.2533940189334672,0.5142857142857142,0,4
-0.76321626611153226,-0.55471272576667374,-0.33135286782413287,0.62548198143615619,-0.76291256316667377,-0.16351364426601978,-0.16209016639349136,-0.33205152135619265,0.92923009267003798,16.834200923406016,1.0872329352703654,2.8515384779232087,0.4490503445948005,0.4846673026403309,0.4285714285714285,1,7
0.88019210495602096,0.44381035984375683,-0.16820886679496688,-0.43126390106016466,0.89585965695362235,0.10699029248164948,0.19817493790956606,-0.021629598662376331,0.97992798431632044,9.9659159304089631,6.5564839309364169,1.5925007091022612,0.3647819919990049,0.3246059790317869,0.7692307692307693,1,5
0.95248052678903117,-0.16470851080745749,-0.25622636975003338,0.19361864778009219,0.9767671969171362,0.091856748573252142,0.23514392469187836,-0.13710196750678211,0.9622423734102914,6.880435563991429,-4.7886938315038039,0.14591722617952668,,0.07900366309243921,0.2222222222222222,0,4
-0.13218103672440326,0.98628671014449121,-0.098826610398307035,-0.98969221396818841,-0.1368625061761268,-0.042166052861693629,-0.055113475132742486,0.09223437426223742,0.99421090572536286,-27.138891731967686,4.9788736790386157,-7.2800773901243012,,0.1684161455189064,0.5,0,2
0.89971115269488444,-0.32816482754869936,-0.28779799804094497,0.37033110428228583,0.92290364164891348,0.10537429208415799,0.23102968406139088,-0.20138697622017948,0.95187634222696582,-20.045291479420712,4.7798602973809103,-5.5635616177632992,0.5462887756828601,0.418137874883527,0.6793478260869565,1,5
-0.96780423672401994,-0.087838378223083768,-0.23588000909398046,0.099131138499769511,-0.99440740684818607,-0.036427003516700064,-0.23136113925803822,-0.058637262185445363,0.9710992198146482,4.4162120728792296,5.0321876861992259,0.23296988736348248,,0.08541186086647978,0.2888888888888889,0,1
0.96833747779757906,0.14570779973867926,-0.20271104111009305,-0.09299250508510519,0.96408960804834853,0.24876418884393231,0.23167849078112887,-0.2220370796702566,0.94711383273653238,-12.425099448042037,-5.1131734775305144,-4.3544532988318236,,0.1992422167610602,0.3157894736842105,0,1
-0.63122512243993467,0.75830473454141312,-0.16287656176616316,-0.75550514670709534,-0.64865268787206709,-0.0919873024685081,-0.17540472656054523,0.064989384428689081,0.98234900204143372,4.7407438882602371,-5.28760014587656,-0.41813841161147319,,0.1274309161611452,0.3809523809523809,0,5
-0.89330195086944453,-0.36930755502914314,-0.25617094755503284,0.39888998433181194,-0.91407122801894258,-0.073215917037970549,-0.20711930130389539,-0.16758794678120678,0.96385469606214402,-3.8941020643482802,-22.301918170355719,-2.9313386710507521,0.8554109696223349,0.7634205030536456,0.8981481481481481,1,5
0.69785489646486476,-0.6202862649469818,-0.35811100653028777,0.68253682047545627,0.72749410643416801,0.069970092173769233,0.21712215956752889,-0.29325291920401081,0.93105353938592528,2.4250456200749344,-6.9362013321879017,-1.0551084572098099,0.189707191498983,0.1419106643725387,0.2857142857142857,1,2
-0.74230422948108565,-0.60726798538818916,-0.28321374404689892,0.64631041146474,-0.76043101063826279,-0.063462824487636224,-0.17682557203857857,-0.23015271447940899,0.9569547769309632,2.8761745609182729,11.520237116756055,0.34308781777844061,,0.07413008106310251,0.2903225806451613,0,7
-0.31390531496420132,0.94943225733276992,-0.0064685371782232503,-0.94375988782783771,-0.31276045318219536,-0.10722953442244275,-0.10383028153872879,-0.027555174854611297,0.99421324924500953,8.9161477343382849,-7.8732417542698991,0.47794244855500956,,0.2157945987328121,0.2352941176470588,0,5
-0.47460456091602332,-0.84415002691012853,-0.24932156510285941,0.87577920471148718,-0.4812319957609707,-0.037769708111515511,-0.088098214241974268,-0.2362763177373976,0.96768393927140939,-17.314742978378483,15.041223295698954,-4.2747519656479449,,0.06597544322012401,0.1818181818181818,0,1
0.9626369255101046,-0.12928618996875915,-0.2379395526763349,0.13046609686302399,0.991393384799368,-0.010851458214388231,0.2372946421935829,-0.020597030354215257,0.97121934449783576,-10.050734462592775,9.7290265208459221,-2.7865915954583143,,0.08126037593193473,0.4090909090909091,0,5
0.87510943203324454,0.46595425365446197,-0.13065265197372319,-0.44432404047219154,0.88062475313898791,0.16454844641431249,0.19172800793029623,-0.085945783260209921,0.9776777042128304,-11.914520014083301,11.137039267956741,-3.154536336204993,0.4797673282158127,0.3491240091231976,0.66,1,4
-0.66068735256473488,0.74838183659546165,-0.058453817796656149,-0.72787145725785662,-0.65772582822957149,-0.19390687607469456,-0.18356296976875483,-0.085564955055950687,0.97927691415449347,6.7982509953793739,8.9672929421775098,1.1062426550663798,0.1956561720663182,0.1080715103755586,0.3846153846153846,1,5
-0.89557788483430467,-0.36807375053257285,-0.24992392115321799,0.40888749122896961,-0.90235262226819724,-0.136274592650973,-0.17536040520081408,-0.22423527656146089,0.95862780526814106,-3.5996508271260743,11.435176002802963,-1.2226432831001051,0.1089118911051914,0.1313435770604436,0.2444444444444444,1,4
0.93873144149094423,-0.19338226483586238,-0.2852833335533051,0.25912361137525947,0.94177959364060448,0.21425720765001199,0.22724047787350191,-0.27505362504262548,0.93418802634519604,5.9384237299319311,13.150016441065347,1.1797574475579222,0.6246331064725827,0.5041480426155966,0.1764705882352941,1,5
-0.96141333851773492,0.21703282925266787,-0.16905958578786884,-0.15841999605082058,-0.93916265664776166,-0.30475663931992703,-0.22491664538544376,-0.26621467913114871,0.93730584509201587,1.388335157612985,18.201089200723494,0.37385466415154189,,0.2551416719488713,0.2,0,5
-0.26064432101326357,-0.89782208694423249,-0.35493666775727684,0.96451117430431954,-0.25823715370777522,-0.055061484605941721,-0.042222417809007137,-0.35669184549133098,0.93326748298349682,-4.5334816907297384,17.137464520618824,-1.1330178124251544,,0.3861630020515245,0.4523809523809524,0,5
0.7420774421815689,-0.6131954767066663,-0.27076258447530199,0.63953404752212628,0.76866969467639601,0.011962547640995901,0.20079161303507559,-0.18203902832244689,0.96257182604842129,4.1663413030208263,9.0393031208278867,0.41358672426513365,,0.08603216482578205,0.3061224489795918,0,5
0.067187917628382401,-0.93883382034976015,-0.33775263358297636,0.99664080307465053,0.07903959377375866,-0.021444166171592876,0.046828339405507236,-0.33517726710436946,0.94099059838287924,-12.920789949986233,-2.196622345567222,-4.2955439402914486,,0.09279918044106175,0.4905660377358491,0,1
0.7691896294564684,-0.58058721891107157,-0.26695654173241412,0.60529518337111188,0.7958930240886577,0.013116218767038735,0.20485374032307668,-0.17167636833332792,0.96361930741944279,-9.1633642194972289,15.691480279779576,-2.2876622076983253,,0.07035622550059159,0.1304347826086956,0,1
0.61261229420026519,-0.72382007194654208,-0.31747548006419468,0.77127175201376419,0.63525104795432696,0.039949851295691841,0.17276012717148143,-0.2693336397857356,0.94742457691336113,-10.761584371891981,7.2235855037270849,-3.2157458876102569,,0.07761275850446245,0.3119266055045872,0,6
-0.93122280769301868,0.29633763867073376,-0.21215109318451783,-0.29094158792713598,-0.95504378467599094,-0.056959299207386148,-0.21949276718554728,0.0086817773994525959,0.97557549779318398,-10.088347455142889,12.186025060664718,-2.6734661375190032,,0.07788747660406645,0.1379310344827586,0,4
-0.17088574119563496,0.97900534753728674,-0.11111522375180734,-0.97930389496656933,-0.18117708179290465,-0.09021500061692965,-0.10845250001417191,0.093399114162838234,0.98970432994620783,5.6436435242610461,11.104027144373806,0.93351156155921333,,0.2846014509103965,0.2777777777777778,0,3
-0.96324649673000584,0.14558030779548703,-0.22574888819115638,-0.1256395849630608,-0.98698332521863985,-0.10039228272465278,-0.23742552775066497,-0.068339518015040707,0.96899887979800614,-0.84273662372370983,7.0923993740175257,-0.87421548561996043,,0.06901750338073868,0.1685393258426966,0,5
0.052084162091834356,0.99750487988276026,-0.047657682164280638,-0.99848051474452193,0.051156328858015271,-0.020486378237381152,-0.017997270201504944,0.048652282863712176,0.99865362044977524,-15.062711736607255,-6.15136790929522,-4.9854560983154865,,0.1783051566780997,0.2173913043478261,0,1
0.34937539073585316,-0.89361866721853145,-0.28174902652315675,0.92980766669039039,0.36779627557557226,-0.013550005037273353,0.11573478004447278,-0.25723836663941513,0.9593924553678459,11.738646649291267,-8.8416780550553362,1.1477113976575759,0.2812012007880091,0.2106124341437432,0.3,1,5
0.085299348044743623,0.97117807876551898,-0.2225694510674307,-0.99632947268125183,0.081531172283764802,-0.02608159912147133,-0.0071835290658412787,0.22397724721799492,0.97456789893716966,-4.8821837522862523,9.9799560545442265,-1.6022665309668367,,0.08000875901736607,0.3506493506493507,0,5
0.60139732031747439,-0.71115936557918347,-0.3641066050814995,0.77695448919876797,0.6267760979329684,0.059105370092773481,0.18617997966710292,-0.3184400725551606,0.92947992735842444,-18.39383487245783,14.067126240419048,-4.5609306380601913,,0.2486989879285954,0.3076923076923077,0,3
0.6999256153055593,-0.59884935854405508,-0.38920891409435843,0.68795181258102189,0.71170769172963688,0.14210723098899608,0.19190215372846209,-0.36722146901324715,0.91012194572492977,-14.813294231715137,11.38679102350841,-3.8144870471445369,,0.08546927287982764,0.5,0,2
-0.8857749468463737,-0.38928914175075147,-0.25269884775017731,0.41779755542459818,-0.90592473882876601,-0.068888099547466677,-0.2021087485007359,-0.16659631356364182,0.96508948915966919,-0.98024477129492504,-1.8908825157521907,-1.4808683310894355,0.3862815407208718,0.3889838127148718,0.9188524590163935,1,5
0.88541631951251953,0.41695432558016182,-0.20539481863205961,-0.40883254326162238,0.90886292479830078,0.08260832583530392,0.22111963438631568,0.010829326251918878,0.97518656316716745,4.729972962649966,3.0984240992275467,0.16323642182457854,0.1463607703094946,0.1349463528511321,0.2692307692307692,1,3
-0.69270151243663836,0.71306572912690003,-0.10817523104998497,-0.69588924408982689,-0.70021255730242393,-0.15950089202286552,-0.18948027503696613,-0.035208529374615466,0.98125306869899453,-12.03784771002335,5.1218215746884708,-3.6208908835080611,,0.07161695703946715,0.3333333333333333,0,3
-0.28820275265458911,0.95676259341495973,-0.039300295217695028,-0.94637275679462851,-0.29085073550627322,-0.14065722467187478,-0.14600609082929389,-0.003345070603176434,0.98927803571261386,-4.4626821679190964,13.214195161303529,-1.3149604597754836,,0.367327357112137,0.9545454545454546,0,4
-0.90752701095896759,-0.33934827300335807,-0.24746206575861332,0.3664169225414492,-0.92769028070207848,-0.071619703756382019,-0.20526413046398395,-0.15567110425681702,0.96624693740488898,7.4770095836461339,-12.609200804588621,0.065571582111027968,0.1181682636118087,0.1018642912603935,0.1538461538461539,1,5
0.86427661588039417,-0.41894251113044151,-0.27841175192519102,0.45338247032459456,0.88853015484985198,0.070416613983251206,0.21787672396266233,-0.1870864406904417,0.95787702596162116,-4.1623226080727775,-0.94620359904341134,-2.1453314210570595,0.6563046141924671,0.5218187238862173,0.8123249299719888,1,5
-0.24892251983798117,-0.92218420320965622,-0.29599640955268841,0.96815880981814595,-0.24530846638155446,-0.049922693166948008,-0.026572506261574414,-0.29899841416319034,0.95388356220184289,2.6454218948872494,10.44983344651996,0.15118021522679426,,0.08659814693245656,0.4516129032258064,0,5
0.13061970273160758,0.96969589216485674,-0.20646638946063231,-0.99143097127739199,0.12738456110876756,-0.028944823079334048,-0.0017670456343142397,0.20847793722533259,0.9780254737173244,-1.085659978929306,10.611204663758832,-0.65501052998755771,,0.0722815548044252,0.2439024390243902,0,3
0.94906574613435124,-0.18189286868598692,-0.25727260607306918,0.20846731136349847,0.97476314209831127,0.079863614365367319,0.23625323195105813,-0.12942874923218675,0.96303302605096064,-14.022592803943379,9.9896458511774426,-3.769364670981147,,0.07649647983733707,0.3214285714285715,0,1
-0.56250538386303983,0.8126447334011454,-0.152303087297913,-0.78432909623590819,-0.5827593942857473,-0.21264843561491822,-0.26156368617003706,-0.00016014708913364295,0.96518620609188766,-21.137554778680471,10.026040071845179,-5.4706393293538209,,0.2605714984792522,0.1,0,2
0.86728202134077814,-0.43014949819546389,-0.25058592271164265,0.44473047210072891,0.89566274564738846,0.0017473535545211199,0.22368885230184682,-0.1129586440321077,0.9680927858910584,-15.880454201263884,8.6667347864322526,-4.3249188083957799,,0.06617451191546195,0.3333333333333333,0,1
