axis_00,axis_01,axis_02,axis_10,axis_11,axis_12,axis_20,axis_21,axis_22,location_x,location_y,location_z,dbh,dbh_approximation,score,reconstructed,number_clusters
-0.96621745662705694,-0.17804227336997192,-0.18634584890034608,0.18811900292236969,-0.98142156672522618,-0.037721997641869363,-0.17616772476430503,-0.071502847914274623,0.98175978502458205,9.1634118431931721,2.7719081613305234,-1.0486351303531316,,0.1960313014881909,0.6,1,5
-0.97195749757868433,-0.11796918373032345,-0.20342540301197498,0.16079490350485887,-0.96463464169797186,-0.20886600260236241,-0.17159143891070561,-0.23571864526640263,0.95655271593693514,-21.850734728416295,11.388970029508672,-8.185536343845742,,0.5612319280965877,0.3333333333333333,0,3
-0.87747865751723442,0.46926447602126026,-0.099106292162727427,-0.46608084696714114,-0.88305600560318787,-0.054596108455960815,-0.11313642071474694,-0.0017153753626248896,0.99357798274479736,-16.532404849476482,10.265409930576467,-6.8981598977383474,0.2796394542899513,0.2438807363770189,0.4,1,4
-0.016304576128832904,0.9992063705503561,-0.0363426725605401,-0.99869439457950338,-0.014514823569337728,0.048977812652561653,0.048411434937807009,0.037093785845267159,0.99813845934265411,-7.6073054948316265,-26.419815771335944,-2.3387477656910214,,0.1282903382815856,0.2222222222222222,0,5
-0.4565896706862102,0.88310454562283558,-0.10794551460316845,-0.88904940687419864,-0.45745448421474394,0.018070611734464566,-0.03342192034119653,0.10421975039361461,0.99399256479543097,9.4862242996960386,4.9880130297268392,-1.088400577267592,0.4934957411430845,0.4322087774653481,0.6538461538461539,1,4
-0.7584255904032583,0.65003711381927731,-0.047353716633146539,-0.64531651729564665,-0.75913422730390323,-0.085333565735427303,-0.091417811868836435,-0.034161024475399669,0.9952265109410543,-6.583565216726539,12.971252149457694,-5.0928834615413834,,0.1918914496495747,0.2682926829268293,0,2
-0.9475676765569403,-0.2477482382026952,-0.20183237800695647,0.27733369769018956,-0.95134655843426963,-0.1342599935973407,-0.15874986132267627,-0.18319534989385508,0.9701741829729853,-7.9234680226463725,15.521553850010649,-5.6225720243728592,0.6251507197763135,0.3725049857267768,0.5517241379310345,1,5
0.27130600254667364,0.95843638763182493,0.088276519218880925,-0.96241188944761369,0.26894794878536499,0.037820046192699748,0.01250631968317001,-0.095219177203973687,0.99537776761417562,8.4317743494207313,6.0410960948757868,-1.4103258957358848,,0.2765580646161661,0.2631578947368421,0,2
0.88165381171092982,0.46190536263040755,-0.096591885108745307,-0.4450451445269179,0.88194317295459701,0.15527736155600277,0.15691199963229099,-0.093913128219917028,0.98313729901745983,-4.7735364026233968,15.84272547762014,-4.9804052417959426,0.3827831342422849,0.2120351420732283,0.4827586206896552,1,3
-0.25663511034194597,-0.9105388007358951,-0.32412576647686586,0.96428304554783884,-0.26396091869629712,-0.021973653997279591,-0.065548670533906464,-0.31818819235704726,0.94575876735867104,15.699817852096389,0.73157523411424819,0.34922831761161832,,0.2459423183817377,0.28,0,6
0.9884206318084916,0.030598777283716339,-0.14862156453235184,0.0046417137575469275,0.97290117317438596,0.23117474284466435,0.1516677589624621,-0.2291877441414466,0.96149356151076726,1.2734136899146493,-32.599292712322402,-0.31846208587848357,,0.2313630139404736,0.4736842105263158,0,5
0.45628480926585313,0.88205642373901294,0.11739096291438694,-0.88143426050474849,0.42994367526481952,0.19550468155066436,0.12197465819452592,-0.19267823291830941,0.97365151944512796,0.66576968174996043,9.8592267078264282,-3.3105509933926469,,0.5073626968687884,0.2054794520547945,0,1
0.8698448015762813,-0.43974658724107624,-0.22359105568100635,0.48113985666493336,0.85633447676076413,0.1876051764726025,0.10896999357239458,-0.27076595598541459,0.95645770297496047,17.747382574317754,-1.819030819597578,0.99554603889520399,,0.383512617846573,0.44,0,5
-0.11451647608749814,0.99311973220965954,0.024478035058305096,-0.99325994562248565,-0.11490725752384859,0.015198769370078101,0.017906901644850808,-0.022572542261829472,0.99958482541969385,6.6837033981818639,11.094920195633726,-2.0500506157262013,,0.5103993808989367,0.1333333333333333,0,2
-0.6983674399760571,0.71403244214444539,-0.049402331387589163,-0.70865606897875844,-0.69949356601826951,-0.092278529456312181,-0.10044647669710968,-0.02943505842164509,0.99450695455328664,4.0051431226002521,9.4858340193267843,-2.5597553489177525,,0.1154545305099648,0.2,0,5
-0.97335260953770475,0.17903232939517716,-0.14329034348998479,-0.16543218086866604,-0.98094570033255868,-0.10187112707781251,-0.1587982715245288,-0.075451693356767519,0.98442376593132852,17.890234980074251,-3.8256382944359997,1.1786671582204293,,0.4061120967285799,0.5,0,2
0.59116268508079706,0.79825489680415962,-0.11539410511912457,-0.79476823462626112,0.60089998365457986,0.085221258339588338,0.13736860266130549,0.041331941305808514,0.98965728291705823,-2.8957412981217181,15.451480706213601,-4.5321036750566783,,0.08579701325028208,0.6363636363636364,0,2
-0.91624670861384971,0.39301977304140445,-0.077636505284376323,-0.37652982833965554,-0.91101803705564266,-0.16814108519274476,-0.1368110277894205,-0.12482625588299627,0.9827009456174528,3.3318673973343897,6.4074473280897593,-2.4859394336142291,,0.5068298362079372,0.3454545454545455,0,3
-0.66480916969923631,0.74513152249090442,-0.0529885088882577,-0.73907549879769052,-0.66640134397911244,-0.098369994509401981,-0.10861019731479653,-0.026234765735979,0.99373817583205559,-24.754424939678284,-23.596328556488153,-5.9157154248767716,,0.4091860290987097,0.5769230769230769,0,4
0.608075018571551,-0.75431581132974124,-0.24749227981325497,0.79106280412631003,0.60195924865036077,0.10892521697069588,0.066816253389633234,-0.26201664020105286,0.96274756220970248,-14.049801876980585,14.370229155069531,-6.8551977351480691,,0.5173192976188546,0.6190476190476191,0,2
-0.3019632223379986,-0.926883816485501,-0.22294529170297214,0.94778290059983816,-0.31705260161124321,0.034427040855968559,-0.10259525177028729,-0.20090803505288987,0.97422285734085345,-16.042726622794522,14.127149214534414,-7.2501875515042933,,0.09001283763991953,0.25,0,3
0.19015625163481445,-0.94982057410885501,-0.24835755870060144,0.98058464804658774,0.17140952895797507,0.095249784239940877,-0.047899352600502453,-0.26164795122823092,0.96397406689107679,-7.3750417436447968,10.639233651594095,-4.9674178044520385,,0.1100100439344157,0.3636363636363636,0,2
0.9854879744355044,0.048409711746330089,-0.16269588824442824,-0.031120332092938664,0.99375194869619321,0.10718483751419221,0.16686814307539785,-0.10056621833973771,0.98083712131801615,18.478811748505088,-4.5698037865847585,1.2633008810316275,,0.1445667627665702,0.5172413793103449,0,1
-0.61475306693289111,-0.75404611777126884,-0.23128579500410687,0.7797381104543869,-0.62516278723829855,-0.034350670407776993,-0.11868928258956861,-0.20145952875582485,0.97227923585349407,-4.3022408896020901,15.024963099788943,-4.8358121852061418,,0.1554279293995407,0.4242424242424243,1,3
-0.95882796449563934,0.24182378090769771,-0.14889658655810553,-0.24151168927768144,-0.97018239518213434,-0.020450526176560731,-0.14940227054295452,0.016351729760592078,0.98864128099652349,-7.7084437896179212,13.182596714975782,-5.2841070916625927,,0.1397177374538329,0.6071428571428571,0,4
0.90168367117279213,-0.393411835952165,-0.17942598605860652,0.41712809798074924,0.90071595853062092,0.12130503667708041,0.11388901182870464,-0.184222391095687,0.97626400302565142,19.003049785818529,-0.94971936500946108,1.1206160191150467,,0.1528077330914351,0.5833333333333334,0,3
0.82213927040168733,-0.51082607949752168,-0.25128417492666499,0.55759484838858075,0.81156047517852969,0.17452100211297336,0.11478242510898005,-0.2835953307676144,0.95204972730047599,17.271353969377795,2.9961360432742579,0.51485551329576507,,0.2754564107189792,0.2592592592592592,0,3
-0.78163800549918794,0.61066192994965207,-0.12701982392295585,-0.61601939492181079,-0.78772221296331668,0.0037175643023825769,-0.097786161799196691,0.081152464622723464,0.99189321201742275,-0.53619079392534275,-33.442011685236729,-0.54974221920935673,,0.1876571646645072,0.3333333333333333,1,5
0.71651274538870335,-0.64857274403447684,-0.25683239941863262,0.69216193873821386,0.70678640575214768,0.146167120810795,0.086725637833919053,-0.28250021653009311,0.95533883591255231,5.7837663069554512,6.8763098316716249,-2.0547525360982362,,0.1577385165898092,0.25,0,5
-0.89286610365023422,0.43293999767448166,-0.1239075436205163,-0.43131624102416471,-0.90126636661604298,-0.041051633773849329,-0.12944659586576546,0.016789723652805604,0.99144424149743737,-19.554346452624685,-27.4657267196555,-4.6570023345491043,,0.3661924708804959,0.4444444444444444,0,5
-0.79406827110379163,-0.57919767036718572,-0.18435194457195364,0.58939992783622053,-0.80784111804069358,-0.00067310431632751464,-0.148537220564052,-0.10919151360791507,0.98286006504645362,2.0824459106397608,14.06347890321438,-3.354051838575995,,0.1984521834549136,0.5853658536585366,0,4
0.93833353473488468,0.31978455386004001,-0.13140782588747815,-0.29945076652610736,0.94170090847540788,0.15339047364005332,0.17279877319838094,-0.10458125113579474,0.97938927188937908,-5.9971298672015916,16.104689086103907,-5.2944530063470037,,0.08939710848420211,0.2857142857142857,0,1
-0.97591332037592537,0.15750070710214886,-0.15095270244404538,-0.1525566099979119,-0.98732074662766189,-0.04386597798456314,-0.15594765743281408,-0.019780559671565133,0.98756724206521662,-5.509495152628106,11.74687861253998,-4.7366266708651459,0.573063671237478,0.5877206263880337,0.4530386740331492,1,3
-0.95062274256846235,-0.21717851229176385,-0.22169775621406504,0.25784921462139487,-0.95024895870853909,-0.17475897399695053,-0.17271416800814215,-0.22329444747255384,0.95932758007741126,-2.6325532765917119,17.918828267426587,-4.7239320181859874,,0.5990279762628002,0.6,0,1
0.43360144028534708,-0.87410123933916517,-0.21894477469948542,0.90070877735984034,0.42762522608303627,0.076553016951481742,0.026711221788124594,-0.23039897873725027,0.97272957250585212,6.7441758054948986,1.7360791211615481,-1.4334793746007679,,0.07691915027235172,0.2280701754385965,0,5
0.8035985491221872,-0.48990665036947179,-0.33796574644848126,0.58322799150983351,0.76138491061063474,0.28308678495090722,0.11863592106997135,-0.42459921316248317,0.89757508121252982,-5.1907011807534964,12.740470584877876,-4.80375574727395,,0.4566307383619018,0.3902439024390244,0,2
0.62932747938626821,-0.71494120639777792,-0.30464076398902551,0.77436649199975238,0.60998248333693328,0.16816035825992459,0.065600760341053291,-0.34173153412671614,0.93750525269252638,-15.896079120160401,11.550740877155361,-6.894194900519766,,0.2315507594376497,0.1875,0,1
0.97457145788201394,0.16391076349298475,-0.15278656712183034,-0.14820335639534227,0.98291575891644112,0.10914383183154515,0.16806617338085009,-0.083724981247320793,0.98221376944138516,5.7859609244967949,9.0027127946173664,-2.1403701248936948,,0.1614776011297291,0.45,0,5
0.29631448578503206,0.95349188312577005,-0.055235444482897904,-0.94875401739043397,0.30050665850417663,0.097783243350611074,0.10983414769306829,0.023430258383666674,0.99367373065438858,-19.04289987698672,-24.403007429292998,-4.7801868377435968,,0.1441459295086656,0.2105263157894737,0,4
0.77640366072084421,-0.56886246264992357,-0.27128002913435761,0.6225551322506746,0.75925223291359822,0.18963426410873527,0.098094153381425783,-0.31611951126683219,0.94363445871205975,-3.3514478556871219,13.333129093643125,-4.4312356362120306,,0.3637918144714253,0.3076923076923077,0,1
-0.50754951159543205,0.85242177259850394,-0.12558110876745895,-0.86095611259692284,-0.5074728156992413,0.035013047686263593,-0.033883114692054267,0.12589067847267335,0.99146531538549387,10.557156690893887,1.5030768106994488,-0.65101722203412937,,0.283629129413154,0.7378640776699029,1,5
-0.96368089592455763,0.2376456168498908,-0.12183468973194216,-0.23478198811716461,-0.97132229386879665,-0.037555552042443194,-0.12726566263448763,-0.007586977362299711,0.99183964877832476,-6.6141904694180864,10.035916310865389,-4.7727889483117201,0.7752827291811941,0.2869023222867005,0.3055555555555556,1,3
-0.98180350893289792,-0.001546941954848019,-0.18989333010308129,0.012511550192660528,-0.99832105080922762,-0.056555641831177596,-0.1894870205550396,-0.057902387530638498,0.98017446536799058,8.9189427686944978,11.131332512075401,-1.6741159463682593,,0.1875376432114294,0.1428571428571428,0,4
-0.35096348699457247,-0.8796507722443786,-0.32099711787877538,0.93027505607214167,-0.36665487306434386,-0.012350065106916774,-0.10683141320129486,-0.30295003374820689,0.94699964424775585,-14.438754015124399,12.424670485819908,-6.642653528521512,,0.1033564983388541,0.1304347826086956,0,1
0.88796442903031425,0.45128619353072191,-0.088656326933954893,-0.42350461904280012,0.87750446134291882,0.22501057302421842,0.17934048741508779,-0.16225502103733538,0.97031453545842206,-13.948830215269192,-27.521302972052233,-3.484169643061914,0.3102064530891466,0.2297480112678558,0.2580645161290323,1,4
-0.68669144600181531,-0.68429824031284747,-0.24533808569538643,0.71056721571386294,-0.70307926794842668,-0.027816810272810456,-0.15345712736978004,-0.19343076613053417,0.96903841449839867,2.2655458985183405,1.6653060145909184,-2.3867092751498884,0.1081899782712322,0.1010277064941198,0.3232323232323233,1,4
-0.0068483288904137452,-0.94105997591263402,-0.33817040397811315,0.99906956375646128,-0.020839166593204884,0.037758918299842695,-0.042580596131128426,-0.33759717248669635,0.94032709307033402,-15.905118496371379,-27.055868694900031,-3.9452493344773782,,0.2559849893020604,0.125,0,3
-0.66519690112693886,-0.72026561793476773,-0.19680071735683496,0.73230836346539374,-0.68077762337857783,0.016318342613513125,-0.14573106576757863,-0.13326390031836272,0.98030770135819256,-12.126806487918822,10.688485313075294,-5.9918623465129315,0.190813116015811,0.1449826467849333,0.5046728971962616,1,5
-0.075164487090342541,0.99445827908099704,0.073505313057673105,-0.99620978686761674,-0.078123799136472147,0.038245686785061919,0.043776254175324714,-0.070351994824204941,0.99656120554365912,-19.784392199692657,10.978834178296111,-7.6714428044675689,,0.2565231789705225,0.4166666666666667,0,3
0.72121384376708519,0.69070613011412629,0.052684280212160914,-0.67497480825068579,0.68361011838487307,0.27764404237939116,0.1557549350282546,-0.23580128893750105,0.95923831884978239,0.17531235923078214,10.959473973349686,-3.494488260100864,,0.2898062745307216,0.2857142857142857,0,1
0.94349540991380088,0.31722322825518412,-0.095842761473925009,-0.28276359838639281,0.92147211527091877,0.266334166425784,0.17280381621702448,-0.2241842194122898,0.95910389263485674,12.117331139699818,13.2157062688597,-1.1356179273590981,,0.2117260660225189,0.375,0,1
-0.98822869797826629,0.0034620921510515761,-0.15294461222978575,0.01659033835379924,-0.99142257928197453,-0.12963807296926672,-0.15208156089903987,-0.13064946692511262,0.97969480738988146,-13.170679514680753,9.1597249070814843,-6.1239961292321956,,0.1063083778729567,0.2727272727272727,0,5
0.70708631092741936,0.69835559842086314,-0.11103336009187748,-0.69037906123209247,0.7157475363413226,0.10527210472686317,0.15298921763101239,0.002218642730792609,0.98822536747094547,-6.2189998387120244,14.620490193127576,-5.0596173807280707,,0.6458792711172732,0.7464788732394366,0,2
-0.49535580847446931,-0.84617159438528167,-0.19651019277908988,0.85929950006764222,-0.51047110738465651,0.031994026145243465,-0.1273852118344394,-0.15301268372573754,0.97997965612809657,-31.906494116587979,-20.139822995052125,-7.6426046385898703,,0.2930154531851912,0.1818181818181818,0,1
-0.51395163268026989,-0.79528646982066442,-0.32151695163003252,0.84792642685202635,-0.52774899905413086,-0.050017683306173448,-0.12990186261651052,-0.29832938996610198,0.94558187438804742,6.1667437931379743,3.4326713685906753,-1.6449757733375143,,0.1059919688873934,0.1304347826086956,0,5
-0.34538701426231294,-0.8897017075869994,-0.29856101871433749,0.9324537435621667,-0.36128335408434642,-0.0020866668319069648,-0.10600861519644229,-0.27911504720875036,0.9543882668630157,-0.59807750445190366,-37.159168371894367,-0.30260012644224821,,0.1370325379787385,0.5,0,1
-0.50684422378658678,-0.81504819409043827,-0.28072294905135314,0.85233802956479787,-0.52253839057789242,-0.02176037062793235,-0.12895276721253879,-0.25029996340827215,0.95954213672253463,-11.700115883203278,14.791893958394533,-6.2566178971381134,,0.9457493591959676,0.85,0,1
0.81470458073340091,0.56528505108583404,-0.12926429186322091,-0.55582039676215966,0.82479770114839601,0.10379035949199489,0.16528802943700929,-0.012710751323499612,0.98616342668222234,-25.173336485310546,-31.707040126226712,-5.4214436120753335,,0.1605688412617329,0.25,0,1
0.79924802063105194,0.59462504897572632,-0.087313530726693581,-0.57823450294163425,0.80042090379451969,0.15802289826669411,0.1638519487988698,-0.075811792614208562,0.98356754266061119,-6.463670361438993,-31.245186234447701,-1.8578964150420478,,0.08246671450397561,0.3333333333333333,0,1
0.93596860786262226,-0.29048505084237708,-0.19895024587269719,0.32291973209838931,0.93343185521361494,0.15629401234203905,0.14030542297862023,-0.21053124924716182,0.96746626885551945,-13.082955364940437,13.737996059483491,-6.4906831245296539,,0.8831071931823562,0.6140350877192983,0,1
0.74886316269514397,0.66238400175654855,0.021246123768977384,-0.65640315741612243,0.73692136953243725,0.16149857603267501,0.091317350445417028,-0.13488635714340161,0.98664421762062293,23.826693454915294,-4.7870243817943487,2.2843629749980683,,0.3160787447572359,0.4814814814814815,0,4
-0.32102911309574572,0.94649312853832435,-0.033031290842047999,-0.94680493044014491,-0.3215683020765574,-0.012419774306747294,-0.02237704715080745,0.027287079897508983,0.99937714754314633,19.914733340685892,-5.1985291956049702,1.5592092509066617,,0.1073992818821263,0.2307692307692308,0,2
0.038605332225208955,-0.89915639093105459,-0.43592133805495564,0.99814920266663643,0.014186403135906198,0.059134720613398764,-0.046987206128268656,-0.43739745154025222,0.8980399054865843,11.214252850800833,2.762305867937537,-0.62405022080698624,,0.3327427472250462,0.125,0,2
-0.71420211007070011,0.69984488660730015,0.011510024334216004,-0.6948889383607042,-0.70698081921364342,-0.13155791351316898,-0.083932766631943781,-0.10195712801771323,0.99124166313361084,-14.230844991950503,7.4027736668672182,-6.192440976537009,,0.7228089494040932,0.3010752688172043,0,1
-0.52221180351374197,0.85257582533977327,0.0202310236302852,-0.85246924139884028,-0.52117642066005576,-0.040881915523349042,-0.024311000386869154,-0.03859534420337575,0.99895914564411115,-19.028624633047244,9.9760790148257694,-7.3826576069461352,,0.3851064893069733,0.1515151515151515,0,4
-0.0089122064083414741,0.99991871515866038,0.0091178754317796321,-0.99870891998752287,-0.0093567106559432206,0.049929401188653126,0.050010656007411433,-0.0086611223958152957,0.99871112902808568,-5.6244966235182261,-36.221576503963931,-1.3034117984366844,,0.3181186983344326,0.25,0,1
0.80402877286146313,0.59071645268378281,-0.067762858112532937,-0.57592291332252588,0.80204447329133566,0.15823230003042826,0.14781924881755257,-0.088197139361281096,0.98507397401794261,2.1362668168913377,8.5549500892584103,-2.7847026774858383,,0.2237663566683779,0.7226277372262774,1,6
-0.80279377633087134,0.58406048212508821,-0.11998127313972201,-0.59066302170526019,-0.80649400717801267,0.026165075500815406,-0.081482191148928462,0.091873661110034296,0.99243129884128911,10.193161925863166,8.819664452092459,-1.301505075245649,,0.1793814296372371,0.2307692307692308,0,5
-0.96403652157690212,0.24425612866393023,-0.10474983854888241,-0.21914421923877841,-0.95355370829002339,-0.20666672828632016,-0.15036421196592492,-0.17627895227863985,0.97278791868701342,-2.8639362286532957,0.93826489445375272,-3.3741420341926274,,0.2083844415528333,0.2295081967213115,0,1
-0.82989616440687108,-0.51511669531527471,-0.21430619802104073,0.52722015192647953,-0.8497283522645096,0.00079922491265384818,-0.18251374662031056,-0.11232327258992945,0.97676620269607251,-14.428998516041187,8.8730414602831811,-6.3488277044437043,,0.07602670750343803,0.1470588235294118,0,4
-0.98654868052367939,0.086359104793867117,-0.13879411362226371,-0.059071299136799073,-0.98002434708355435,-0.18990223995978753,-0.15242139802297694,-0.17914905565661182,0.97194307100882527,-7.1119491280607434,-28.336775544216724,-2.1106504590407544,,0.3474711404171151,0.1052631578947368,0,3
0.97316363187620347,0.15808562988001207,-0.1672168628427102,-0.13935821268139792,0.98313613412042056,0.11841718770939377,0.18311699580258575,-0.09193625733188919,0.97878286174004969,7.196002367172877,4.2058734444883115,-1.5247320443376227,,0.0727701312138483,0.2083333333333333,0,4
-0.95152274778586399,0.29049100912834436,-0.10109121654049155,-0.28449879989878313,-0.95614123996271283,-0.069673252390853077,-0.11689693452863732,-0.03753535477604468,0.99243448339910356,-0.98475664418019782,11.450504998950832,-3.7781357670542652,,0.7390065784549256,0.6349206349206349,0,4
0.96773845146905735,0.20136318149469604,-0.15144358252037141,-0.18430913821993725,0.97558734972575067,0.11941300022907722,0.17179182494197603,-0.087648115743691787,0.98122646554691217,-10.35882755961801,-25.898955291450857,-2.9106824784968097,,0.0702081867713862,0.2352941176470588,0,1
0.15334347724830025,-0.96720368749163899,-0.20249149337188849,0.9878517419745807,0.14481638480601408,0.056366218336026029,-0.02519352820047532,-0.20867496638143726,0.97766049554153467,9.2944565188533055,-0.22730817752797092,-0.54212264669189081,,0.1523487123982536,0.7090909090909091,1,2
0.28919171122196363,0.95143652245391142,-0.10553055434953718,-0.95229037599802457,0.29716470682929202,0.069542625752860604,0.097525350253428358,0.080384580336462327,0.99198141378862403,2.2542584350328965,7.4234885058080673,-2.7903070183750978,,0.07903662831973057,0.225,0,3
-0.27731369128910921,-0.93350878270368165,-0.22728499563037488,0.95599067894049117,-0.29168903420776038,0.031612166990620638,-0.095806776391378884,-0.20851585056785193,0.97331505775851301,-11.118194472944861,11.171936332369391,-5.8394013224089614,,0.07319009561474046,0.3333333333333333,0,1
-0.55189903460333189,-0.78243911816822731,-0.28843800367503247,0.82313735106110053,-0.5665631537376391,-0.03809322925371552,-0.13361271231445776,-0.25844771074046702,0.95674052068519955,-11.094893267206226,17.140394152406998,-6.4908521974526829,,0.3867250642927993,0.35,0,3
-0.34598885446021732,-0.84162785699978293,-0.41467368244350711,0.93263735121891234,-0.35673144942461688,-0.054131729168595058,-0.1023683725604584,-0.40546913977929799,0.90835868080068383,9.8618280751519567,7.1601043070728032,-1.1279787041811336,1.063954094718211,0.7602838199305859,0.6944444444444444,1,2
-0.3201598380227324,-0.89970716902776371,-0.2966895483789499,0.93965947663162919,-0.34144002622789787,0.021419067810379677,-0.12057257604294225,-0.27192962047106939,0.95473375106195413,-7.3751861855577543,16.400462605375214,-5.6137422839932922,,0.4555348213921837,0.3975903614457831,0,3
0.26065825923974495,0.96530090359024801,-0.015856778296892166,-0.95907902085194119,0.2607893250712911,0.11025588279335904,0.11056538179642159,-0.013531203077008704,0.99377673694421964,7.5895017998510443,2.485691555572084,-1.2728441653847478,,0.2540762482239024,0.186046511627907,0,4
-0.54566337984885238,-0.7918031480004406,-0.27440708939187292,0.82719464445600899,-0.5613546484407731,-0.025099379618487204,-0.13416592740045433,-0.24068388706045171,0.9612859982514298,-7.269212679472532,3.2057094781231537,-4.3972690753860322,,0.5983739771080071,0.3317120622568093,0,1
-0.087472011043845763,-0.91535739817770345,-0.39302605624219267,0.99391276485842828,-0.10672145269430332,0.02734862677161284,-0.06697807951427634,-0.38824137483808113,0.91912054254510944,5.8521308082625767,4.6535062078644653,-1.7437654771552209,,0.07416088227743674,0.3333333333333333,0,3
-0.32085838340217343,-0.92005675249390517,-0.22482319718150404,0.94157906224236509,-0.33551736321546177,0.029274024795595131,-0.10236585049386938,-0.20229599890090103,0.97395973298763949,-14.51115505611741,10.759035175086268,-6.519491430495953,,0.09278544550524842,0.3529411764705883,0,1
-0.44566189574533921,0.89482525634839583,0.025946777867345745,-0.8947446245481806,-0.44432162452676116,-0.044836935890345618,-0.028592508158701044,-0.043197853869456952,0.99865730553492027,-12.426182058851513,11.880908870628341,-6.2184436709974893,0.7824687147257948,0.7965854417267657,0.7011494252873564,1,1
-0.75882393827847372,-0.55987131568334736,-0.33276168735379591,0.62977804999278553,-0.76099964949257237,-0.15575346294534595,-0.16602963121934725,-0.32775546272668021,0.93005941649444546,-4.2694483216985395,-30.813954188800899,-1.4805534040827175,,0.3280861387572507,0.1111111111111111,0,2
0.11750102773975196,0.99013122806579834,-0.076378398052172641,-0.99052549131275491,0.12235767692109528,0.062352625911816742,0.071082765419812996,0.068328252629398664,0.99512737393405326,-0.24797929909778313,19.197663568002206,-4.3255815919961647,,0.1151238079342201,0.5714285714285714,0,2
0.26330657205065677,0.96471220860162143,6.0744664332504331e-05,-0.96015368976376914,0.26205626423640882,0.097115428266972323,0.093672520772915907,-0.025629454723800269,0.99527312326949169,-10.79468289860311,18.642495817898606,-6.6101375974848269,,0.2488447384218993,0.5333333333333333,0,1
0.65108113809786861,0.75677035141286297,-0.058240766097597013,-0.74029345264624402,0.65008973726432462,0.1713153159314835,0.16750807617033431,-0.068424913051113936,0.98349330231154086,7.4664523692888816,-34.052649362295419,0.9273652298388213,,0.1979295942643485,0.3076923076923077,0,3
-0.37929090907640589,0.92197061941748171,-0.07815742589760076,-0.92514094301399852,-0.37933062951402918,0.014916737969821774,-0.015894711421208116,0.077964417803481331,0.99682942758799054,2.3500528004454067,10.425292751563148,-2.9663521337134986,,0.7163310644754075,0.5631067961165048,0,1
0.39639290401018279,0.91724221425817498,0.039235010298647358,-0.91104333327239317,0.38771357772540305,0.1402791023185411,0.11345796820982608,-0.091350435303444388,0.98933431529466809,-13.615002382024485,11.891409310451312,-6.4356571942723875,,0.6184354426211418,0.4680851063829787,0,1
-0.85684003758231819,0.51555922233097329,0.0048824446145510703,-0.50194377251400391,-0.83197315599289257,-0.23637494990298036,-0.11780322249557473,-0.20498623362730664,0.97164965125962455,-6.0359115267239165,-32.961326138140961,-1.6331843357656088,,0.3010736628535766,0.4,0,1
0.93437970324299957,0.34914690994566133,-0.070929580873712622,-0.31158939600465918,0.89735624531218061,0.31251210744014019,0.17276173900773278,-0.26990406494645874,0.94726193698490924,11.975548632788914,11.901138528647184,-1.1351501548839404,,0.6140691679114595,0.6190476190476191,0,1
0.30820842148240035,-0.92011782871240289,-0.24164178076835161,0.95131523727619693,0.29879954132322223,0.075618472816932222,0.0026245482392465275,-0.25318375814930366,0.9674146455144943,15.64413806859273,-2.0721455740046353,0.62329242805808716,,0.08770257647037918,0.1764705882352941,0,1
-0.64593137521440802,0.7626510455701706,0.03370521034424525,-0.76026054753817096,-0.63865432007549028,-0.11884678921146473,-0.069112649859375916,-0.10239161166638337,0.99234036473872023,-10.23685481594905,-28.798828285494338,-2.7077067528478911,,0.6962507146311387,0.6060606060606061,0,1
-0.71532675043891225,-0.67103352910249114,-0.19499139192990561,0.68136080951862277,-0.73171368688143212,0.018507503411006859,-0.15509702562793795,-0.1196205803807909,0.98063032249198223,7.313233147124695,0.17439097024288719,-1.2554355027201241,,0.07339092973263345,0.2258064516129032,0,1
-0.97489745978904074,0.15682674352379461,-0.15805162261931385,-0.15700601349950213,-0.98753149765048642,-0.011430348777782189,-0.15787353996750123,0.013671637206623559,0.98736469033190599,16.592682586326198,0.32806534964868772,0.52469474365514857,,0.1120053778179231,0.2142857142857143,0,2
-0.65220932375900642,-0.70752826478360331,-0.27207857786698714,0.74350693464414241,-0.66702320962171213,-0.047722908147130691,-0.14771741988638207,-0.23341763506267457,0.96109092780228522,-21.068923900727825,16.415591347111306,-8.5503244419767341,,0.1133091724787587,0.2,0,1
0.81709475825586697,0.56144092346702523,-0.13092076033723918,-0.55195575875451386,0.82742530511000612,0.10349978184200682,0.16643616316328599,-0.012306661615070828,0.9859754305617241,6.4127999954002188,-35.030124320156361,0.81411061662198636,,0.2141372542860416,0.6666666666666666,0,2
-0.96390485740243481,0.22562395024617826,-0.14135508109474684,-0.21975943239702106,-0.97394459861804183,-0.056015271982569337,-0.15031040465826531,-0.022929280364900613,0.98837292069006866,-0.92211153658743972,12.131918612858582,-3.783442980963593,,0.1083942393294979,0.25,0,1
-0.98609501119399923,0.048242000008740418,-0.15902621901266353,-0.027016833871890654,-0.99074449812080945,-0.13302417122795668,-0.16397170361329297,-0.12687808667576433,0.97827155306471636,-18.112649085228082,10.326676595779798,-7.2635444582778366,,0.09939309939067012,0.3,0,1
-0.87520016932323097,-0.44105314469746987,-0.1987379862257338,0.45286066733958291,-0.89143842739675139,-0.015960768689317582,-0.17012313068285298,-0.10396948452733033,0.97992268403878968,-12.643307544500887,-28.52130566174802,-3.1913871605454607,,0.1122618484120796,0.125,0,1
-0.73315925894146661,-0.60004153792650927,-0.32004320613190551,0.66166903094208207,-0.73810125454165276,-0.13191145339281482,-0.1570719405895466,-0.30847478147626273,0.93817467172835467,5.0405977643847661,-40.122861027243047,1.0966102244442442,,0.3457065855251106,0.2173913043478261,0,1
-0.8772881996110361,-0.40483182628318909,-0.25783057858106156,0.44227483710177828,-0.89051849044712506,-0.10662920162117799,-0.18643600320169584,-0.20757651745800149,0.9602882932277087,-11.556486512906577,8.6981328445827497,-5.7253369722800933,,0.2134982894993847,0.4444444444444444,0,2
-0.93786105296227851,0.31676072634474789,-0.14170140289366995,-0.31710801655569887,-0.94816283773186105,-0.020730146655910053,-0.14092250059020703,0.025492653643997415,0.98969236302883057,6.346350202244893,15.104362787445854,-2.5773897382736495,,0.3515700392321629,0.28125,0,1
-0.32352467179081906,0.94613466604115348,0.012687807448002429,-0.942446404357829,-0.32100924461716562,-0.093529887112709056,-0.08441896502351838,-0.042216804539325942,0.99553562455536782,-5.0280648054596435,1.8550380139425788,-3.8567984379491018,,0.4379940531426652,0.2800925925925926,0,2
0.18340074968259615,0.9826820468249734,0.026460534078937732,-0.97967232286953698,0.1804810152999588,0.087571359014817093,0.081279178263979193,-0.04198330577952275,0.99580675696470122,17.086153072215374,5.6798364512968353,0.44404094035908498,,0.5095789582809933,0.2941176470588235,0,1
0.035028478437690108,-0.96095398867836512,-0.27448212572311798,0.99834489373665791,0.02111119541334797,0.053495706165651892,-0.045612266423437069,-0.27590170182759044,0.9601030007662501,25.139919854014998,-4.8762037397962628,2.5459305697240313,,0.1306819921156623,0.1666666666666667,0,1
-0.66614338643347437,0.74458093467461384,0.043037430569466822,-0.74219977094971712,-0.6561204505070598,-0.13654835930395065,-0.073433566664915614,-0.12290315758959115,0.98969809797805419,5.070723347967224,-1.1760266391381535,-1.5941933827521175,,0.5543510084733059,0.2958280657395702,0,1
-0.95830454162364698,0.24615577076328973,-0.14511975063175292,-0.24437315714789667,-0.96920876660466171,-0.030267586660310788,-0.14810187564329075,0.0064578058658337836,0.98895102567029991,-7.8688228746353834,-40.607054645048713,-1.1784887124684875,,0.1754338544979618,0.25,0,1
-0.28086461784400446,-0.85038894612913862,-0.44491988800762167,0.95489922037618913,-0.29414169304684112,-0.040597331642416294,-0.096345967057723275,-0.43625600822557276,0.89464973588483299,8.3289284037216511,8.5791453234467934,-1.6505865589040341,,0.3287086540322651,0.3055555555555556,0,1
-0.90731661411088305,0.4014984298359589,-0.12480213378633984,-0.39933520920188537,-0.91579580958434625,-0.043004951336317022,-0.13155969158541805,0.01081877936793924,0.99124921264177468,-4.016507076578522,11.358188933044584,-4.4373119603598923,,0.6774332427302602,0.5882352941176471,0,1
0.76575405673699359,-0.55613897353601971,-0.32300180604005863,0.63598615090033905,0.72948152936334054,0.25175049986185444,0.095615586876871453,-0.39820364191205565,0.91230012556952278,0.79655777824696905,-36.549999537709596,-0.10063670241693759,,0.5542395289056712,0.3,0,1
0.17711697246359598,0.98319713338540127,0.044192476373938375,-0.9809093849221614,0.17268548024441424,0.089423170847298214,0.080289206229473054,-0.05918717610671529,0.99501282481561804,8.516528397780597,3.8506365287777342,-1.2470112826409032,,0.094978758291211,0.125,0,1
0.64056478389629412,-0.67565121403400963,-0.36492765667493959,0.76488973007385119,0.60346385140016634,0.22533326625429409,0.067973954272534137,-0.42346997181340562,0.9033563662879166,11.883760339923402,-39.392469873877857,2.3171932190825371,,0.3738414906188758,0.1,0,1
0.8320094399020338,-0.50222135594512529,-0.23565653300204586,0.5434411086584513,0.82321842816298552,0.16426558054850551,0.11149911808609929,-0.26473596122458315,0.95785323379968734,-0.93881259546406637,8.9292388645434748,-3.5744266764397623,,0.7078257635277336,0.3174603174603174,0,1
0.82819057750363179,-0.51817123662105335,-0.21353907575151143,0.54943530895688564,0.82583098168051983,0.12698043537506573,0.11054957533004395,-0.22248990816483771,0.96864701112384055,0.42959081483328981,12.517326173127529,-3.5751809619455601,,0.3883561041899348,0.1578947368421053,0,1
0.57239620507801181,0.81994809266549673,0.006907224225735354,-0.80833643807763844,0.5628358448603864,0.17264997716840613,0.13767638609524432,-0.10440755276563551,0.98495902231374277,19.711534515408541,-3.6436771349017021,1.4037105716997382,,0.3027352361148449,0.125,0,1
0.93181241884888699,-0.25697865858156038,-0.25629589367098338,0.33527999732787328,0.87987800708782438,0.33675215817419724,0.13897100226596718,-0.399720729606034,0.90604105803898971,21.098456226571397,9.0038294859546504,0.91576603111390609,,0.2827010058703859,0.2307692307692308,0,1
