axis_00,axis_01,axis_02,axis_10,axis_11,axis_12,axis_20,axis_21,axis_22,location_x,location_y,location_z,dbh,dbh_approximation,score,reconstructed,number_clusters
0.63761778064345243,0.75493106242992636,-0.15337097765138069,-0.75872595379536556,0.6498819797232499,0.044590800265318524,0.13333601480706722,0.087934654200783682,0.98716209598320681,-2.6094254928314453,5.54466691109754,-1.666786200738583,0.3113375635275231,0.2772480704583589,0.8883248730964467,1,5
-0.88381888277381493,-0.40393039639013723,-0.23601783264099468,0.42810970083113337,-0.90174138011102933,-0.059871257292075493,-0.18864322544614054,-0.15395687145289452,0.96990258027583065,-24.892036734582167,-8.0777720696027639,-4.4001044503972988,,0.2335307692158835,0.28125,0,2
-0.61257428801271652,-0.76403689387136431,-0.20248547224211652,0.77950381631845245,-0.6263751978287535,0.0052831704458854191,-0.13086841487037146,-0.15460186398743567,0.97927101541959727,4.7075175214748777,9.1685673192295845,-0.96843971838079157,,0.08422473066608505,0.3170731707317073,0,5
0.59244000271724906,0.79963211189986017,-0.0979965754450393,-0.79618026938933395,0.59971577199895187,0.080236970598525359,0.12293015014842115,0.030487348757649413,0.99194692385742889,6.7241246023501722,14.815183286904059,-0.96405299850274806,0.1784657183938752,0.1295331028569935,0.1428571428571428,1,5
0.30856649978904055,-0.89523844451372181,-0.32145737302571281,0.95115513316108724,0.29377961159333277,0.094854902210613684,0.0095198670817760872,-0.33502487560884614,0.94216118836111218,13.03330481102296,12.532863132320227,-0.11020470173655586,0.4580317676153792,0.3159053426303701,0.3684210526315789,1,5
-0.98273642972560515,0.097443596011648745,-0.15727000758723367,-0.080260730479085843,-0.99044497176083579,-0.11214710453970632,-0.1666953053722075,-0.097588439428012486,0.981167249584326,2.3787395445568897,-6.6902235766768241,-0.64521427553616273,,0.2673540209111692,0.225,0,1
-0.21843808324926295,0.97084934801495992,-0.09867293066143272,-0.97582550074878549,-0.21804114430564295,0.01492151058936006,-0.0070282198863316162,0.099546988145366208,0.99500804080993055,-12.28802358741142,27.448487013603287,-3.9947339231943655,0.4432153744442184,0.2939652064303074,0.7590361445783133,1,5
0.98112979713740522,-0.08279714769129394,-0.17472536594124183,0.09937335183321469,0.99112058306203887,0.088345496637894635,0.16585915143442329,-0.10404144445820707,0.98064576668667858,-4.891302850841412,29.431339732935985,-3.1344670274479398,,0.147011914655206,0.4444444444444444,0,1
0.94692494160464391,-0.25842041681655592,-0.19118588634990641,0.28549197030156909,0.94942700664321844,0.13070078021888881,0.1477412936872079,-0.17834586406433936,0.97281306678661272,-2.0278402600425567,-8.3740227821657705,-1.220003665916229,,0.1129162968501652,0.1162790697674419,0,4
-0.24110089633859519,0.96754631437223493,-0.075660341853790058,-0.97046257458143215,-0.24104297519773771,0.010033715393752484,-0.0085293095562303037,0.075844667924180403,0.99708316464875035,-5.6073333664545135,21.8356760609201,-2.8296052923033508,0.4046948451524598,0.3670445329478366,0.7230769230769231,1,5
0.97440687103863721,-0.15733534286889347,-0.16055167254507469,0.17419096652107838,0.97993438065920258,0.096881973475552302,0.14208714528466584,-0.12236911165156338,0.98226118912357607,2.7046523039966828,23.386576036972563,-1.8637229004087073,0.4232809821195165,0.4230492907786532,0.8181818181818182,1,5
0.98328430896562413,0.040040601222457679,-0.17761958787177295,-0.023428492012980275,0.99523423808566625,0.094656838654373271,0.18056321193419245,-0.088913225089333359,0.9795363009609297,-2.5202056264918298,7.5445314042134051,-1.790147619920192,,0.1389007722884862,0.2040816326530612,0,3
-0.98120609630382083,-0.048972394415583147,-0.18664485302687037,0.087956766143812454,-0.97443864669530722,-0.2067194502608331,-0.17175041154460211,-0.2192510625101346,0.96043259405459425,6.9040711627958462,0.44785683370953716,-0.28096630966661934,0.09541474415801671,0.08966707374503817,0.4375,1,5
-0.80985626053538839,-0.52891178972951181,-0.2537423022610974,0.56554110620095888,-0.81886006228263464,-0.09813997959789747,-0.15587204518011955,-0.22298097919689164,0.96228030658834673,-12.417195865898162,-25.292882848337072,-2.1333267206202864,,0.2259827202738117,0.1052631578947368,0,1
-0.26945569392830199,0.96242641508976801,-0.033600960508220021,-0.96294540461727096,-0.2688600324615924,0.021223352026282387,0.011391959273862383,0.038074643559843462,0.99920996030949061,-22.504619439655912,-8.8661380127536482,-4.0006670777337474,0.3850503193259544,0.2943993960914702,0.9425287356321839,1,3
-0.95009521442604261,0.28221449919434571,-0.13294382260646231,-0.27001583120930622,-0.95737122621622694,-0.10262449078844264,-0.15623870973955636,-0.061606100815782307,0.98579620303650806,-1.2710697739966217,-16.96974384920204,-0.90798411900330833,,0.3256697262065697,0.2666666666666667,0,5
0.71247107610521943,-0.66146629694601911,-0.23419501215438479,0.69337044990353347,0.71492125627747749,0.090138873540806075,0.10780716541140943,-0.22660524117317965,0.96800190069999492,6.5326847071870233,-3.6556166972825004,-0.1551547504428066,,0.08599642433928642,0.4102564102564102,0,5
0.041636152774032022,0.99789361914363806,-0.049746916030940842,-0.99847820161617407,0.043359351972450715,0.034077081651161668,0.036162296380460479,0.048252372676803677,0.99818034284970314,-15.158895712614747,-0.95498279731123004,-3.2119837018349147,,0.08172634676399286,0.2608695652173913,0,3
-0.46234065264806207,0.88412634964107983,-0.067540497327930674,-0.88372868236672919,-0.46568443107773849,-0.046493296443347362,-0.072558506540102236,0.038191733688628743,0.99663265780653998,24.761551968860456,-12.338547367638997,2.7306805419672529,0.3672976128985133,0.3655343748296018,0.6129032258064516,1,5
-0.95366111448314794,0.27014112925809081,-0.13249244886379086,-0.25507894168249573,-0.95942424322814512,-0.12016594782316456,-0.15957823232790472,-0.080801558086864941,0.98387290641517167,-4.8458063087144465,-9.4772126767546379,-1.5546917902679203,0.4534762338556941,0.3547032309302892,0.6296296296296297,1,5
0.88476688270033477,-0.4298958049284668,-0.17993654487523827,0.44522018062799529,0.89380609531855604,0.053755508861622718,0.13771911282864224,-0.12767247501439907,0.98220832061502639,-6.4216603003878179,9.4580712820194996,-2.4275013997203847,0.1426555358958952,0.1194451767992484,0.7177700348432056,1,5
0.48980561606040335,-0.80209651240623325,-0.34166012828752146,0.86817497201241911,0.48459244030085691,0.10696908326472161,0.07976638669842874,-0.34901483004167222,0.93371621596931631,-14.979871111880739,-7.0880389250230404,-2.9003553887389102,,0.4345805619824639,0.1666666666666667,0,4
0.49868976068926435,-0.82266259257600716,-0.27301058836573894,0.86574386420532357,0.48814117650749766,0.11047965146899281,0.0423802332994807,-0.29145231269282923,0.95564609832902225,-10.628117578394358,-17.848881137718539,-2.0914132720134875,0.3963974475544606,0.3223644948624405,0.55,1,5
0.088945228695619952,-0.96585260172387133,-0.24334645679671218,0.99595151986851504,0.083050755839223514,0.03439683162923423,-0.01301216215238991,-0.24542070755697029,0.96932933512731234,-15.343821689895334,6.5518436346355662,-3.5701111506433358,,0.07164829879732722,0.5,0,2
-0.30222669496462479,-0.92186178328435209,-0.24254871133558675,0.94988923365455136,-0.31255660005158481,0.0043376896342158305,-0.079808950863476558,-0.22908344393252816,0.97012953108236211,-13.900532950465568,-6.211061836396583,-2.7960884600462577,,0.08526092564811699,0.2352941176470588,0,1
0.78055091607399962,-0.59164736404494966,-0.20172670630013978,0.61452779823352477,0.78538271568867268,0.074361112792520417,0.11443711204979118,-0.18200930337800963,0.97661495015669086,5.3293806994671478,-7.9820489624407012,-0.18976410312575467,0.2345354564329691,0.1703291103076892,0.4054054054054054,1,5
-0.7060129327287985,0.69532378884234736,-0.13442681090319539,-0.70084845882320546,-0.71325991576042058,-0.0084693762801461916,-0.10177021462499795,0.088233334060093288,0.99088733071718171,-0.08539628022760222,9.425543118810392,-1.5970006738529869,0.08981107422348394,0.1101860204693217,0.4554455445544555,1,5
-0.96591477181446861,-0.20164059592094624,-0.1623259796435845,0.22154224609793458,-0.96828961854326479,-0.11547401359276248,-0.13389431199452015,-0.14750011762024132,0.97995715647038872,-7.4773314913195223,-11.210740761865091,-1.8331576465214987,,0.6208807256028231,0.5294117647058824,0,3
0.46754618412921722,0.86981451243803021,-0.15755405313225182,-0.87547609017595929,0.48028681766519238,0.053536793957600012,0.12223821512286699,0.11290388270221115,0.98605807741448059,-14.176165250466759,15.680379099453573,-3.7376854778759374,0.5206952970694783,0.4300640737998795,0.972972972972973,1,5
0.96555336596832675,-0.13335852772851595,-0.22343276516508742,0.16398100233179227,0.97856707587825331,0.12456608238740194,0.20203199831089927,-0.15691392892017889,0.96672699898644476,29.381113602167467,4.8140091474140467,2.5437262667004279,,0.4011064009552632,0.2727272727272727,0,2
-0.7486012370279348,-0.61300178286814822,-0.25263610613037701,0.64902361238248818,-0.75539590939545731,-0.090251707122898053,-0.13551582376325286,-0.2315293378150671,0.96334294373327167,-4.4182349111732044,-11.308435674025072,-1.4677015566145735,,0.08531632775188849,0.3076923076923077,0,5
-0.61001713188021467,-0.7646986380937143,-0.20764173884423143,0.7815000204715471,-0.62390268286085471,0.0017777294506512256,-0.13090766522862096,-0.16118757773676926,0.97820332649595165,-15.834262604662898,5.4013328220454451,-3.5615243670838588,,0.07917523636138901,0.2222222222222222,0,2
0.90676160818331408,-0.375169631724103,-0.19243475090744946,0.39553814894070222,0.91495917706438279,0.079995481361332443,0.14605806604694599,-0.14865211649239779,0.97804375648789743,23.95587602074928,-8.3270139777730634,2.382467391464242,0.3424613225060357,0.3513681254441242,0.6666666666666666,1,5
0.22299446883986426,-0.9422659091520631,-0.24981677949382081,0.97472232180684037,0.21914846971534049,0.04347808175285385,0.013779050704244917,-0.25319736308117824,0.96731651132937313,-2.2887891249845547,20.840295330408804,-2.3691905941683622,,0.09932682961717738,0.3103448275862069,0,3
-0.93057064870006156,-0.31852050181862762,-0.18050750039584529,0.32418141768513509,-0.94599287938090304,-0.0019699208826689705,-0.17013134986122455,-0.060350327934798303,0.9835716352724696,-15.554030104791272,-1.8731038774649593,-3.2426068104202463,,0.1021129604528899,0.4367816091954023,0,3
0.267512859362942,0.96128039642252872,-0.066157913579618963,-0.95311815036792669,0.27406896930644054,0.12826531683400355,0.141430765799683,0.028743686559849681,0.98953076706500853,3.2702152947409662,14.143370329700888,-1.3884068086475836,,0.6508860154018397,0.5636363636363636,0,2
-0.98402513729175201,-0.033146604325539904,-0.17491664243186095,0.040782968217455348,-0.99835724301354911,-0.040243817236440743,-0.17329535100897381,-0.046734547650235353,0.98376044003334751,-15.32973750894768,-3.7854066402451538,-3.1216617833203499,,0.09551443975756357,0.3265306122448979,0,3
-0.9409424027175497,-0.28210936546206233,-0.18719428593501009,0.29254514209599253,-0.95577792049864463,-0.030098281069243095,-0.17042515836624961,-0.083083527885377095,0.98186169738408668,-18.416348474058182,-10.501070076817101,-3.2922968941242861,,0.09266528050606687,0.1052631578947368,0,1
-0.81476421450101577,-0.5451690955134787,-0.19735737144975893,0.55840400679126356,-0.8294497838505881,-0.014072003044158704,-0.15602640791867592,-0.121670511494067,0.98023060892055758,-14.917855568366633,8.055563550295318,-3.5388172654534777,0.5939660805250754,0.4768351539213858,0.8923076923076924,1,5
-0.44313180350371267,-0.84710743490396789,-0.29333120947823887,0.8905991290385179,-0.45334571311930849,-0.036205741978010193,-0.1023102931252744,-0.27728443542104048,0.95532504719276312,-21.32329146422272,1.3797229110996201,-4.2101597673378874,,0.1308545238437711,0.125,0,1
0.94716077442109958,-0.25534799007835818,-0.19412334058779684,0.28103829023653698,0.95234975824854129,0.11852180130621051,0.1546090127351803,-0.16681529284477342,0.97379089708939326,-10.062043193592618,-4.4861600672352973,-2.325916454440037,,0.07981268255398415,0.1159420289855072,0,3
-0.80319918560918535,0.57766869393784381,-0.1454989631608688,-0.58384081366127438,-0.81186808333982907,-0.00034577081174309209,-0.11832570532256841,0.084670510204313945,0.98935834365595698,-16.732996023965871,-5.8258753748924486,-3.2219443146818261,,0.07203353637341013,0.2058823529411765,0,2
-0.96580646179860019,0.23333348899902512,-0.11301929596140876,-0.2133657328206375,-0.96297456566489004,-0.16478789379208048,-0.14728524164349613,-0.13503876774489421,0.97983242893872391,7.3119010074020956,-5.0193034948620232,-0.018021588498663491,0.7422540401112373,0.6817041739351835,0.6920289855072463,1,5
-0.13655536172618607,-0.93959251942306665,-0.31387661688638901,0.98923700920413404,-0.14614873435246509,0.007119485096059368,-0.052562085239180718,-0.30952616188520671,0.94943708706997665,-0.79538056741788032,-2.9902699746799208,-1.1299764018537071,0.631161294441729,0.348556753240785,0.391304347826087,1,2
0.7432736570730516,-0.59342439908921019,-0.30885555404891596,0.65970876079960938,0.72680127581750498,0.19116552093484918,0.11103432633873572,-0.34584301067920736,0.93169951719363187,5.6418340459550382,15.109877060314346,-1.1410889341078878,,0.3767465330310788,0.3333333333333333,0,5
-0.56709329246475382,0.81901165688585864,-0.087321838772242408,-0.82036565950598939,-0.57110969031073033,-0.028877436459705041,-0.07352130538005805,0.055259637333790523,0.9957615126810988,-7.9888209820905729,31.013045467445401,-3.5885779718974486,,0.1264186395507621,0.125,0,1
-0.66836507461668704,0.73312148011242595,-0.12578164584071216,-0.73842192079105751,-0.6743079163441239,-0.006473086658830552,-0.08956111839340293,0.088553539474229601,0.99203683233976303,-11.088289947009001,-3.0039664092885889,-2.5356481970162057,0.483652743288827,0.1815700857811092,0.3684210526315789,1,5
-0.19343514580280441,-0.96104434394096139,-0.1974249562424556,0.97882128811501123,-0.20278164180555314,0.02808009400830028,-0.067020372284242069,-0.18781207289663809,0.97991575912072681,-0.30922865135185035,-11.891698727278493,-0.9129260297387789,0.2109359746854085,0.231303927891389,0.7659574468085106,1,5
0.9531201609207216,-0.23478422356061271,-0.1908882584484933,0.26195207290305589,0.95599513925486068,0.13211512109850254,0.15146970108985697,-0.17592516047490242,0.97268045501265732,-1.6993522797127747,-18.430109575667924,-0.92158437576541119,,0.1382884525601923,0.2682926829268293,0,5
-0.88948210525963778,-0.41792447609213951,-0.1848261797094598,0.43062111435832173,-0.90193098228973578,-0.032953892860627873,-0.15292821940923795,-0.10890195346725083,0.98221857253838218,8.4800986045798759,-4.2711356910859228,0.097394898856625722,,0.06963854553028148,0.1818181818181818,0,5
-0.78880994231877444,0.60221993683352137,-0.12292283180630928,-0.60367131349280945,-0.79669423410049023,-0.029312840478196399,-0.11558468828058151,0.051082727327964851,0.99198323312635617,7.7872519065375876,10.181832597819241,-0.65853841338098384,,0.1049576342241588,0.3157894736842105,0,5
0.80245887732109689,0.59461835011641928,-0.049887552689960604,-0.5725505807334117,0.7908242940391832,0.21629324644856937,0.16806422198195298,-0.14500328845324861,0.97505305682683041,1.9938727357588573,10.212353791654124,-1.3715716495214259,0.7854202467053674,0.7164917652810752,0.7407407407407407,1,5
-0.12009439117822836,0.98235103260628165,-0.14340078781130547,-0.99269845294392556,-0.11718679587530553,0.028583848502531314,0.01127469424272169,0.1457865000946654,0.98925182722089589,-0.13210230469880196,8.3805018490409431,-1.5034625899656962,0.6919031379152992,0.594686205494102,0.9703989703989704,1,4
0.15617430947001104,0.97883576262819383,-0.13225027357873201,-0.98608447366544605,0.16223465759284983,0.03629499513256592,0.056982417090777976,0.12474159561194921,0.99055163341780428,4.9329759189319882,10.631160388947514,-1.0294469732641027,,0.07392292421414672,0.35,0,3
-0.63294643759306579,0.77221960952534741,-0.055278221776464208,-0.7678897578945596,-0.635283256512853,-0.082222282351318579,-0.098610987516009982,-0.0095947203682674956,0.99507980307218236,13.63069654488112,18.120172902280483,-0.26882326497976655,0.2917382050276435,0.2740652289368627,0.2142857142857143,1,5
-0.29059395811864064,-0.90711111934530586,-0.30447424959271929,0.9504407227268753,-0.31040362986521053,0.017664063771327454,-0.11053318093386179,-0.28425165562685695,0.95235676728106189,14.917515716232609,-21.090221691677456,1.661078741939767,,0.4682734441893621,0.25,0,4
0.95606452047343404,0.25292170933572761,-0.14822699362328276,-0.23781226560783747,0.96479187105499076,0.11234754947339934,0.17142333277115551,-0.072161308835859597,0.98255116227539319,0.76353270281781305,-10.405854889811371,-0.78170526912269145,,0.5437311838169007,0.4166666666666667,0,1
0.9392020798300178,0.32161659725652092,-0.12025896063124202,-0.30635246230467411,0.94306331707362323,0.12953666982734613,0.15507295729053783,-0.084819481012515935,0.98425506529452811,-13.799066797638398,-2.9901454334812314,-2.9289684049287001,,0.1374113340062573,0.2790697674418605,0,4
-0.44167433424981872,-0.86525995382570897,-0.23716870529332773,0.89137539034444913,-0.45321899281835326,-0.0065159831951820046,-0.10185134242248246,-0.21428428979804257,0.97144662601323017,-5.9897734733233605,8.5569217023916373,-2.3120093972770079,,0.09252167138974646,0.4619883040935672,0,5
0.58566251348172138,-0.7858294289124812,-0.19867442955085535,0.8068787940810821,0.58853992891172013,0.050669159642210609,0.077110517859323213,-0.18998121152280459,0.97875487600511912,4.0504102945232159,-5.8263652267176473,-0.41260914815395194,,0.1134340304009922,0.24,0,1
-0.90652445720209873,-0.37280978777899859,-0.198056230981556,0.3901278391139496,-0.9190782947592715,-0.05563593488628589,-0.16128756195913438,-0.12770258508960933,0.97861042918962948,11.264464730564939,1.7789912922173379,0.26846060320368648,0.1746118873730121,0.2306486835087604,0.631578947368421,1,3
0.80432979429575557,-0.54306364123523143,-0.2411129684950179,0.5810077394330877,0.80380978641815215,0.12774910558300648,0.12443306926617542,-0.24284091258833806,0.96205233872501073,-1.0747002907223426,12.007892900448214,-1.8282660537201323,,0.07646602824472575,0.2142857142857143,0,5
-0.72352762497415501,-0.63724350666692231,-0.26538366398499991,0.67463642651784772,-0.73419220277316655,-0.07633807308489679,-0.14619667545634546,-0.23427019144127234,0.9611160229064869,-24.000127889933587,-13.344958733764001,-4.0267845316193638,,0.32315846990306,0.3170731707317073,0,3
0.29269922548143767,0.94784226426369977,-0.12618322185627434,-0.95296451963971773,0.30001055414951555,0.04303825863975836,0.07864977883254741,0.1076508684329294,0.99107290489409927,-10.610103636081211,-1.1810111603991349,-2.5055635149653868,0.1878141783268291,0.1557043050777386,0.6219081272084805,1,4
0.97257476960864608,0.18381262376219989,-0.14251749670249561,-0.15285964816912229,0.96696436100730787,0.20399473645989444,0.17530614787366144,-0.17661495940997071,0.96854267362378688,-5.5169634115408579,12.248247941643827,-2.3998080530436989,,0.1147266486451322,0.3414634146341464,0,5
0.47341693553361641,-0.76118644563618476,-0.44325117047754298,0.87907636720397786,0.44010415542199766,0.18312037845020898,0.055687932026763289,-0.47634391710196355,0.87749377597025791,-7.3792160794919894,-9.9821989349266751,-1.8555322107479995,,0.2465742190293768,0.5,0,1
-0.039527790463920749,0.99360081091749242,-0.10580634350143023,-0.99896603375322834,-0.036915584992014257,0.02653493908117734,0.022459233922482752,0.10674581082552909,0.99403265272465591,-2.7379958804229347,26.372391130201564,-2.7257143747220671,,0.06980374295938863,0.3846153846153846,0,1
-0.78283521752962992,-0.50883766856157109,-0.35812462809497247,0.60329483985318422,-0.76159792359348588,-0.23665151380164942,-0.15232976860042266,-0.40131387943966801,0.90318481595254141,-1.5758702635094479,2.6575592885187276,-1.3791956557859466,,0.7400772658437598,0.4624098867147271,0,1
0.9185258428471047,-0.3372407175129537,-0.20634673361447697,0.36691477120497423,0.92151679636815753,0.12720198380123054,0.14725429261524844,-0.19254997393589871,0.9701755927890926,-17.043269807884762,-0.30535037229658546,-3.5204151536321353,,0.1131328472565986,0.1923076923076923,0,1
-0.32524508161527893,-0.89222385817310401,-0.31329255304231651,0.94193283583462895,-0.33494366171657719,-0.023984917186137114,-0.083535439554750832,-0.30290151928076087,0.94935372751983371,-20.110166908601339,-1.8301097878315691,-3.9341023819182181,,0.08312084321348201,0.6428571428571429,0,1
0.91677277243142508,0.36950816808834469,-0.15162914444258888,-0.3622089454565996,0.92913436281465911,0.074256418363751242,0.16832220162418846,-0.013154830025127488,0.98564424965978159,-11.615570324858801,-12.936437890339764,-2.2540807801751943,0.3779078747270339,0.3712326622503727,0.9391891891891891,1,5
0.83252169619506999,-0.50788510572485301,-0.22126984599655891,0.54191621365394005,0.82953637293658211,0.13489337772551774,0.11504104808051437,-0.2322113807677757,0.96583820171831192,-0.22461072978673088,-10.125616046773708,-0.9389364609141333,0.4235629941135388,0.2187933228325624,0.3673469387755102,1,5
0.50000083830809083,-0.83168258090676617,-0.24146065167531303,0.8649288627807008,0.49358864732589608,0.090930245572503773,0.043557135122621167,-0.2543114858736279,0.96614100634051225,-6.8493104724934275,28.641183093212486,-3.3271679718707428,0.2203268182172361,0.2115470089556831,0.8958333333333334,1,3
-0.75480232508738243,0.65440459966468156,-0.045034097974646616,-0.64650919362591597,-0.75378828726763281,-0.11759711108397623,-0.1109022659815842,-0.059647614502485055,0.9920397418875484,-3.4452793242304747,19.068247099721674,-2.4725640531376221,,0.2447916063228158,0.5,0,1
0.35340634190808329,-0.8736057384458823,-0.33453993969864254,0.93487310855474581,0.34259661710822564,0.09295067964886336,0.03341000449465286,-0.34560175303436225,0.93778632955446872,-19.291778918784768,-6.9866284487867834,-3.5406499937931826,,0.102976936153095,0.4375,0,1
0.97176454658393507,0.20110781579998865,-0.12340710039004191,-0.17047597635947087,0.96001411974581141,0.22206042279740104,0.16313064545573638,-0.19475250014526974,0.96719173704098749,-6.4789349495418627,-5.5604128643665609,-1.8201778722294297,,0.2254920202741625,0.2727272727272727,0,4
-0.12895133077177556,-0.96919557772143405,-0.20983680901453972,0.9903387367091232,-0.13674663202064574,0.023011849217050434,-0.050997459403055501,-0.20484211177447476,0.97746558424233443,-6.8990337395627819,5.4208916363224509,-2.2797542262329831,0.5535572383704803,0.4839023515509591,0.9753930280246069,1,5
0.79873013802812909,-0.56364030285392874,-0.21057012039769055,0.59043084968199966,0.80160384078265612,0.093929197730453842,0.11585153580923543,-0.19935117617216616,0.97305576932127413,9.5807886957473727,-13.570893041789121,0.54711427862628947,0.1461845330434001,0.1309564914785545,0.4,1,5
0.7960064355884382,-0.52134517746968678,-0.30752717023197973,0.58975378253542587,0.78238441726630537,0.20016268284577957,0.13625061646446188,-0.34069609558661412,0.93024832166744043,14.331004567058597,1.7486311132534802,0.66127587755132577,,0.3865070151906419,0.1428571428571428,0,4
0.97094652322711239,-0.16484304072075731,-0.17346360125143745,0.19027447111369319,0.97142188810227437,0.1418983472709138,0.14511538400730403,-0.170781401919961,0.97456412722953534,-14.682416184494059,-12.475135550844628,-2.6898281185867283,0.7896698200048755,0.6009122342186535,0.4727272727272727,1,4
-0.12050757762492147,0.99147598379773616,-0.049530771115395091,-0.99267363968249744,-0.11991183898734852,0.014839000983093927,0.0087731872473801494,0.050956102902246475,0.99866235873919817,-13.493822607294282,21.855134505717754,-3.8887012503495857,,0.1080909996745301,0.3703703703703703,0,2
-0.095573374902400629,0.99542117203982905,0.0015557199681310405,-0.99519874782148987,-0.095584913157608878,0.021047011930244837,0.021099344641591935,0.00046328339753973517,0.99977727670926275,-10.851210335397349,1.9772604149051294,-2.6833673756193428,,0.4818559066319952,0.3098958333333333,0,5
0.30320345922427,0.95210372293502388,-0.039574778428997009,-0.94956456735578287,0.30535838909619656,0.071297872555925984,0.079967460487761433,0.01596104576284366,0.99666967962374342,-17.104648114572484,-11.896746104244867,-3.0653315879792169,,0.09971362278359547,0.1111111111111111,0,1
-0.16048434699379208,-0.9630786579942392,-0.21615798131457836,0.98516753925065714,-0.16976905080814753,0.024967759100643645,-0.060742851240152544,-0.20894489202590738,0.9760391068597104,-12.855093726040362,-5.5521525764321069,-2.6844963393447077,0.9682809216026927,0.35515192735879,0.3333333333333333,1,3
0.70989608825019579,-0.67639312898273418,-0.19631576338138784,0.6969412496652061,0.71483692437117863,0.057280590697503513,0.10158955852926765,-0.17748382072882168,0.97886620892608622,-1.7730198120819642,9.5427458865364319,-1.7693471195357013,,0.07283863611275816,0.2808988764044944,0,5
0.78583255923145101,-0.57018341432782604,-0.23949543393812683,0.6146102357773352,0.76305631231076632,0.19999830579388314,0.06871278577875696,-0.30436152560426877,0.95007505745723364,-3.1643004344352188,13.46551951573451,-2.1590835776375865,,0.2765036638834959,0.2307692307692308,0,4
0.96546185436861354,-0.2096093966629391,-0.15474917960918638,0.23727340260306495,0.95270732221455401,0.18986861408863032,0.10763243087602081,-0.22002876864031232,0.96953731273961119,-13.452125503948821,4.5970255637321662,-3.1982874584979544,0.1992450566056624,0.195885825064567,0.3255813953488372,1,4
-0.90615976369603091,0.41992169558652226,-0.050400915012459961,-0.3975833392064147,-0.88641009443836061,-0.23707516289829497,-0.14422888422167748,-0.19478940950040449,0.97018303165055064,-7.0828504154193901,31.394640752009686,-3.4909058049797239,,0.3208700647358308,0.2666666666666667,0,1
-0.17083580385490299,0.9847134270388076,-0.033979327991235285,-0.98503586233086371,-0.17148624103145504,-0.017228437508756269,-0.02279206097176319,0.030527622678297377,0.99927402958861655,9.2739258254421202,17.16878032325414,-0.85114487589412924,0.2871481101355506,0.2106451284307313,0.1818181818181818,1,4
-0.85747781419866176,-0.47311448206193513,-0.20222384879225344,0.49030121727707454,-0.87052325833335342,-0.042355318878514243,-0.15600164900956748,-0.13546934547693262,0.9784229872311605,27.090747297411895,11.616576182672958,1.85524223469214,,0.2940101619396892,0.2105263157894737,0,2
0.25162987376122581,-0.94576679160463017,-0.20544484059911111,0.9677082042401669,0.24914299179680183,0.038322331411470657,0.014941153810243626,-0.20845370118187734,0.97791810310802429,-3.5120193564898492,21.441287651015561,-2.5390324544925336,,0.07612606469600641,0.3846153846153846,0,1
-0.60490024619186467,0.79606893359209974,0.019233957641592407,-0.79446443410849366,-0.60168920405310544,-0.082440067094896888,-0.054055111633334832,-0.065148712155171401,0.99641040250031021,-1.9181204350182532,34.70521528629763,-2.8781937244761568,,0.436064991027203,0.4642857142857143,0,3
0.32522961793187832,-0.90939879702917747,-0.25926728212747635,0.94521423960464601,0.32080650527105231,0.060441934320334283,0.028208808349411148,-0.26472063413655206,0.96391246957068011,-2.7417663250820934,11.780009009771193,-2.0735810900881693,,0.07818544335544561,0.3278688524590164,0,5
0.9016162422249776,0.43169880834981961,-0.026912648057320243,-0.39908927333669347,0.85427484766322959,0.33307992517946283,0.16678100510460259,-0.28956972134412168,0.94251444170208198,-1.1123996320391745,-5.1216007497167571,-1.1637770584597205,,0.1001486706848435,0.3125,0,1
-0.083322251229040536,0.99586014182560967,-0.036331534143242764,-0.99598963012560138,-0.08203002326200251,0.035717390244857268,0.032589248723969753,0.039161884616451814,0.99870130052027839,2.436289456111596,16.422653849561897,-1.6212737978517069,,0.2110177670634827,0.7142857142857143,0,4
0.2739678212092152,-0.89279157944369336,-0.35758191874913131,0.96172737674412412,0.25614081188611865,0.097325933374332763,0.0046995492060963248,-0.37056049460345203,0.928796443832826,-15.000288821295763,22.374119970715331,-4.1536759612567833,,0.4242053904401297,0.3854166666666667,1,5
-0.95217685841630373,-0.24581432904815215,-0.18147877542860075,0.25292447335822382,-0.96734074815630566,-0.016765671261921276,-0.17143057216530191,-0.061864307892390974,0.98325193431595748,0.67407037834907513,2.8236215395986206,-1.1142364917417655,0.1806640686813045,0.1456459473567627,0.6392857142857142,1,5
0.43883902215766379,0.88394137103559389,-0.16145576856657309,-0.89288659914354618,0.44913798202688648,0.032071703582613097,0.10086542371685273,0.13008737706839038,0.98635867747279893,15.36604833203566,-1.1546562347601605,0.94551134021589267,0.4708653916886278,0.4264723914286009,0.9876543209876543,1,5
-0.0187767151270537,0.99771847821008586,-0.06484807789894434,-0.9992735979376608,-0.016575626001957278,0.03431508541975288,0.033161897318446258,0.065445296704907077,0.99730496925737178,6.2622919826687573,12.301477412103262,-0.91209685097725612,0.4685673540173845,0.2214720540211517,0.2857142857142857,1,5
0.84918367251407345,-0.4901779338557809,-0.19650110304115581,0.51210328946752692,0.85521846471982566,0.079696916620436278,0.12898570173492752,-0.16830618159516311,0.97725928902456949,-12.42168099928079,-10.677882248612139,-2.4113751707471569,,0.09805829797280095,0.4,0,2
-0.68044546799826922,-0.67851768018759639,-0.27678100143156281,0.72036367482138175,-0.68863741662479372,-0.082793021578903003,-0.13442522485921587,-0.25571911562723015,0.95735969876759319,-18.125166781122957,-6.6059109620013459,-3.3931154238086862,0.8744672263024138,0.2520364104005639,0.582089552238806,1,3
0.97424317891534584,0.19314799413506484,-0.11637903891390394,-0.14599316018688893,0.93358505778763456,0.32726890633591488,0.17186106457126465,-0.30184895599829642,0.93773716053442824,-10.585443594565419,-21.216230615973366,-2.026290957572876,,0.3808200232586009,0.1379310344827586,0,1
0.83823212532592772,0.52609951632900975,-0.1434789287315747,-0.52147355998592237,0.85028877416058746,0.07123430895358232,0.15947485791555585,0.015109581558335647,0.98708635399236744,4.4771466545606229,34.226000802327036,-1.7693162250470318,,0.2754416356894024,0.5185185185185185,0,2
0.96301066659093215,0.21877621758588636,-0.15731313565910962,-0.2075144137496418,0.97453492847758494,0.084967295257236841,0.17189596888301656,-0.049179668522682206,0.9838867496240451,-12.310158713717763,2.6249790953219216,-2.9076222939651735,0.1148300096632715,0.08609067781331156,0.33,1,5
-0.86368805069145294,-0.45041295294288891,-0.22621035103209988,0.47709871902393036,-0.87531559939341408,-0.078736356051531051,-0.16254157436952432,-0.17592831858406352,0.97089106666075653,-10.573302223206991,-13.001386202413357,-2.1407143286597594,,0.202596403096486,0.1818181818181818,0,1
0.11456221614728755,-0.9747585735136326,-0.19162782155284699,0.9933717122587914,0.11058260288211134,0.031370833968091517,-0.0093882860767273302,-0.19395156947414702,0.98096618126368462,-17.872006532979185,-0.96830259301381172,-3.606019775475704,,0.06983895215843024,0.1724137931034483,0,1
-0.21248087629636608,-0.946545477075866,-0.2427005089313769,0.97504280100131047,-0.22173682621811147,0.011149713639266343,-0.064369351587902607,-0.23427428310836851,0.97003718838517383,-5.1475577141309623,22.892072189727841,-2.803486611669733,,0.1740192062721274,0.7894736842105263,0,3
-0.56800910893237266,0.81487626152594661,-0.11550900645122474,-0.81971597294960963,-0.57269534785537191,-0.0092607902518670442,-0.073697868769229916,0.089424364388635852,0.9932632617753272,-20.155381343731829,-12.459147409981638,-3.5025860036906384,,0.1736745029533454,0.25,0,1
0.51512966547551231,0.85693862357607553,0.017251758479298957,-0.84788277200696882,0.50653361890237369,0.15658383650761509,0.1254441416761479,-0.095288448120462804,0.98751398925479983,4.5098123741070379,11.290256750458239,-1.0906393959576837,,0.4599078591747405,0.509090909090909,0,2
0.53129375276003732,-0.81104435507742978,-0.24481422012455459,0.84456149491376409,0.52978628675004802,0.077732693769258024,0.066654554136877445,-0.24805955830935686,0.96644897741380154,-23.868600358310658,-4.7414860289127914,-4.367473187969054,,0.1165139058929649,0.3333333333333333,0,1
0.011637757441946818,-0.96442449480235604,-0.26410217043209638,0.99946325699328764,0.0031305701118679169,0.032609775392431956,-0.030622875797230307,-0.26433992009531287,0.96394327951488534,-0.50574186914797914,-13.557561115934339,-0.88445697860674144,,0.1690444947068725,0.3333333333333333,0,6
0.76205365759838917,0.63180106858828244,-0.14178022665951359,-0.63015690691687487,0.77398728146181206,0.062015810889737538,0.14891774778674144,0.04208441357627804,0.98795364594097557,-12.72224209636186,16.981763704062534,-3.6253724691504692,,0.08351268379656943,0.3125,1,4
0.69601904320275576,0.71669506956240048,-0.043653966189418587,-0.6986842851554157,0.69003515009052396,0.18892263315022451,0.16552269081907414,-0.1009934102033118,0.98102118729389309,-12.145756079855451,-5.0921817725688605,-2.5851617951963659,0.5247835319152753,0.3666153751515648,0.46875,1,3
-0.097723623028672629,0.98959827166953607,-0.10557155966838737,-0.99516626985102163,-0.096133152981544859,0.020062707908688863,0.0097050941753478673,0.10702185574214677,0.99420930067091717,-2.7719447819030427,-3.0736885357861095,-1.3858632794796555,,0.07759411921062097,0.2620320855614973,0,5
0.77707165319813065,0.61243035343736085,-0.1452195165413856,-0.61093831090717787,0.78940235345503618,0.059985870215699379,0.15137379582282082,0.042106846809509074,0.98757935751510728,3.9022403698744763,5.2753211096963337,-0.7956724946679955,0.3295432674700023,0.2762314315459299,0.8097014925373134,1,5
0.95957134786000919,0.26151441003872594,-0.10408189904217573,-0.23533760856438385,0.94828935217695609,0.21298712295115133,0.15439895842046789,-0.17988195543163624,0.97149546769337469,15.319210872474885,6.4325611948561896,0.51348095328014653,,0.429164938840924,0.1538461538461539,0,4
-0.11130870191944757,-0.97534127492399147,-0.1905774653694676,0.99261536143132101,-0.11841897657394965,0.026300004519892738,-0.048219468346048615,-0.18624270030479434,0.98131979469263908,-18.873807127060438,2.3722170218445311,-3.9113247874644372,,0.0785963814198222,0.2258064516129032,0,1
-0.055748356471546023,0.99034197658990752,-0.12694443727362226,-0.99823053683110785,-0.052649885592852899,0.027636658353315097,0.020686132760856752,0.12826051204893377,0.99152474752794051,7.5049214110883327,3.7562631489601532,-0.26943292410452058,0.6944130857169829,0.7271462234413069,0.987987987987988,1,5
0.88375100407172213,-0.3833906813572539,-0.26832023451585507,0.44651646046292542,0.86244273358189238,0.23836019346244366,0.14002575955117544,-0.33046046168976623,0.93337488177146855,-16.342137734095488,-3.5684376973113738,-3.2714272642441009,,0.1856104526975675,0.3333333333333333,0,2
0.98553701980914843,0.038304715803273541,-0.16507432063447522,0.0036423716619419393,0.96910487706784842,0.24662212060556829,0.16942111944612864,-0.24365649178821741,0.95494921241659758,-17.735804517511035,0.95688253510088406,-3.6496762149671649,,0.07665611400826615,0.2857142857142857,0,1
-0.62452601324618284,0.77344603201772411,-0.10839047160552714,-0.77660096945699997,-0.62971150920456165,-0.018824170998033796,-0.082814207822562977,0.072419960862687274,0.99393015662639528,1.6121387957898439,2.7508633303087504,-0.98262202664964182,,0.07140840167147862,0.2972972972972973,0,5
0.49496074781697152,0.86489448324459584,-0.083494855970461662,-0.86175582536079731,0.50092082123123183,0.080344435487215371,0.111313770833601,0.032184836648521571,0.99326400353214905,13.555277874849725,7.7291279129938246,0.21339955585401382,0.5146595214723324,0.6359703824493381,0.6477272727272727,1,5
0.11538328032588117,-0.97165676255220002,-0.2063245850785044,0.99330931274347734,0.11185590555063735,0.02872047371697091,-0.0048278192094818751,-0.20825799427638977,0.9780620123395326,-7.2499360020519479,-7.3515972361572777,-1.8670437766673953,,0.1042879057872206,0.3809523809523809,0,3
0.38855469867708903,0.92097682422775673,0.028756483987310278,-0.91751591235713226,0.38384560958879183,0.10405334483267817,0.08479266894853614,-0.066814947689604776,0.99415590631340101,-16.46437090177114,-15.62260261842917,-2.8771023221804848,,0.4231094097139518,0.5,0,3
-0.95319076346614939,-0.24405920654247096,-0.17850062225292002,0.25022404994134168,-0.96810693206557563,-0.012525690301634857,-0.16975067974465685,-0.056604520918731083,0.98386006877898491,2.998542173439195,-8.3205053027991944,-0.49390804550568812,0.1916797908790699,0.1539946278705334,0.5747126436781609,1,5
-0.69575238084164659,-0.68776285066947118,-0.20714942865522001,0.70444373175049368,-0.70969298518306223,-0.009741436207913446,-0.14031269846531952,-0.15270274398633865,0.97826081319269043,-9.2302639786157865,25.3677718133196,-3.4324669843669016,,0.06687208773637819,0.2631578947368421,0,1
0.63298778723617366,-0.68368853321237311,-0.36317550958698647,0.76933086226323255,0.60785096281556739,0.19658899097736746,0.086350944286467279,-0.40384055833720106,0.91074492469776314,-16.846043359263803,25.628540057859649,-4.5601915622390754,,0.6000505850691134,0.5454545454545454,0,1
0.54194778417961631,-0.79939637053794022,-0.25934155469876441,0.83760022185803706,0.53899604251943201,0.088933314858703677,0.068691102525515232,-0.26542175668011603,0.96168228824007718,6.7283727378614939,26.548157454594257,-1.3669976106319612,,0.1095813608707568,0.2352941176470588,0,1
-0.97589560079673809,-0.12708661522065673,-0.17741693430259728,0.14360599825361411,-0.986101299166947,-0.083555640425072839,-0.1643322658857912,-0.10701971787020298,0.98058232004040635,15.796242177908573,-2.7964694732637163,1.0744604581271846,0.141355457883991,0.1300628208834442,0.1176470588235294,1,5
0.25312447162162921,-0.92120675055211987,-0.29547609819319492,0.96606203962463011,0.25694606323990843,0.026511434925543403,0.051498907391996293,-0.29215893503830498,0.95498220884721885,18.918054738252014,-0.88235283320317848,1.4261423132344913,0.773767919519472,0.4971667715860718,0.3404255319148936,1,5
-0.13732266133881796,0.98925947772684886,0.050081657424923313,-0.99009571917183703,-0.13559663205220709,-0.03638708910729016,-0.029205368691866167,-0.054582406540032782,0.99808206442950953,11.488251810694381,17.252226725061416,-0.52221930328328448,,0.2995200032055351,0.6,0,5
-0.1639495500119367,0.97846451188490691,-0.12541030273751189,-0.98646497092539931,-0.16226792083283453,0.023579291883766198,0.0027214312474086438,0.12757868493764879,0.99182471886999579,-5.3004461108441241,-1.1658787026611188,-1.7608304176020819,,0.1011826142806909,0.5041782729805014,0,5
-0.92806926921061494,-0.28034075853597806,-0.24514585587022814,0.32630853722181141,-0.92938725205489159,-0.17251688106970309,-0.17947192004053431,-0.24010080137585718,0.95401333066977356,9.2340897076290016,-7.1625799749253636,0.28657299305010653,,0.3990474389837743,0.2,0,4
0.89315001287644358,-0.40832181337511653,-0.18856391813087356,0.42718551241359082,0.90131994276201888,0.071658207927705733,0.14069681049244895,-0.14455330332278479,0.97944308155998761,0.088098880152194317,1.982327584120505,-1.1525313410858737,0.2246671711709543,0.189292994419168,0.7769607843137255,1,5
0.78809457855241083,0.59535831306994413,-0.15638226982240946,-0.59663389218813156,0.80131232480786341,0.043892559773364814,0.15144284053311771,0.058711473917182344,0.98672084648178648,5.3829876739789677,1.9618678701296985,-0.4750775787343503,0.3372427087150037,0.3218134186691363,0.8666666666666667,1,5
-0.74253559163726479,-0.62397943964335223,-0.24349651754032556,0.64932729776513298,-0.7597891215976379,-0.033084000346397115,-0.16436226917674249,-0.18267498352061934,0.96933734832967944,-2.84024068896364,10.743178814575375,-2.041645249667758,0.2031211933277745,0.1135468334054109,0.3023255813953488,1,5
