axis_00,axis_01,axis_02,axis_10,axis_11,axis_12,axis_20,axis_21,axis_22,location_x,location_y,location_z,dbh,dbh_approximation,score,reconstructed,number_clusters
0.57661228732617198,0.81673307114100135,0.021572218454955459,-0.79782837846472887,0.55718400735849005,0.23025173280623848,0.17603450974403159,-0.14997690638402369,0.97289196673148481,1.3338483270896226,-7.0334893552701079,-0.210778418530919,,0.1052413239865139,0.2,0,2
0.15794883536098817,-0.90843872039471585,-0.38702875435259071,0.98254256743766688,0.10557201608029818,0.15318176325443675,-0.09829683912061736,-0.40446710707837757,0.90925468968300782,-7.4557656214911638,10.067312548973893,-4.2797708216961912,,0.1712701342055666,0.2153846153846154,0,3
0.39385628626708374,-0.88874468896155379,-0.23454232797201613,0.91915838842870579,0.37942249078369611,0.10576592300283325,-0.0050082680685357289,-0.25723812184458139,0.96633506917674594,-17.543767871991673,-17.699911528895736,-2.1722400090726475,,0.4625334157304362,0.8631578947368421,0,5
0.27197175406006185,-0.92188032602383707,-0.27598556028110804,0.96105206527873754,0.24557562908379515,0.12677357068242279,-0.049094733087841035,-0.29971532308222415,0.95276462586136756,0.09796591394681145,-10.295378275323801,-0.029624354122787751,,0.1411844490850012,0.4428571428571428,0,7
-0.21685805224626664,-0.93727644382693187,-0.27292023197831189,0.96767047708983545,-0.24327427648246175,0.066569318538384936,-0.1287883261195891,-0.24966075832832615,0.959730729322678,0.71562702691983426,22.053335995490666,-4.6854246304760254,,0.1164951584470883,0.3478260869565217,0,1
-0.65185279363826365,0.75826578571071046,-0.010996983518717267,-0.75737162846654815,-0.6516818965440474,-0.041217982855580794,-0.038420721231138884,-0.018539253956753706,0.99908965775990632,5.7184137292647765,6.6838456969186826,-1.4310016985023051,,0.1457131308955616,0.1914893617021277,0,5
-0.76570801854330928,-0.58076829874617775,-0.27640443829639927,0.61543360324342544,-0.7864403504424291,-0.05246956446170925,-0.18690294362928334,-0.21028494565103417,0.95960800918669309,-11.681531573820475,2.47954896173685,-3.6796180948477164,,0.113706445175922,0.3978494623655914,0,5
0.93695899608729094,-0.25679523250416902,-0.23698955296431573,0.31204439063549044,0.92011299041899286,0.23668625463922466,0.15727726448543619,-0.29571657617615593,0.94223965563471712,13.806146548193903,8.9276036941095089,-0.53729400865286303,0.8275743209498696,0.552840620382711,0.4864864864864865,1,5
-0.85245517832697315,0.51056490554137623,-0.11244396903815917,-0.51401950604178304,-0.85777609434545277,0.0020296250942253126,-0.095415493249735597,0.059528557844006763,0.99365599401851501,7.5609340985626154,7.875019671856557,-1.3946687649652088,0.5772234441449694,0.1967115332702177,0.3513513513513514,1,5
-0.98375669831767576,0.057877128821864812,-0.16992055930475691,-0.066452406809319867,-0.99676456108112754,0.045216008249228529,-0.16675381897981476,0.0557731811185527,0.98441988811866388,-9.6045922219513304,4.9614991784826099,-3.7122695081643333,,0.1091898742127356,0.146551724137931,0,5
-0.40377868957598673,0.90863862321140643,-0.1064829669608191,-0.91469664409742646,-0.39878706319317647,0.065566207048046971,0.017111958426930259,0.1238738496949266,0.99215041714477636,4.0050044281198165,6.4870749465735198,-1.707702202799948,,0.08581817812027423,0.3947368421052632,0,5
0.63574336432908396,-0.70839090151059614,-0.30661491380645839,0.7707562703009746,0.60419176905158134,0.20220553405396918,0.042013646631399469,-0.36487619388955028,0.93010763712024547,9.6633833944392027,-4.4655369874557271,0.77317667991500427,,0.456244287973299,0.4166666666666667,0,5
-0.51522442227881826,-0.80938145557144403,-0.28186069975168149,0.8405970217928348,-0.54136199221998127,0.017995564248670711,-0.16715394593150687,-0.22765951057810527,0.95928656073295604,-7.8746482983209667,-13.665550946736255,-0.95833042383638456,,0.1308432563814307,0.3448275862068966,0,3
-0.081537612968582848,0.99656417377442053,-0.014541843785851405,-0.99242422582326828,-0.079836249218285082,0.093382703483256446,0.091900890477032524,0.022045880795794205,0.99552408583090823,-12.294125097252147,-2.7630633908417446,-3.026336046291048,,0.1688661451771372,0.3382352941176471,0,5
0.65770791398320338,-0.6984370049448102,-0.28214544123126434,0.75193473288367896,0.63106283623075154,0.19066686710477027,0.044882706770112753,-0.33755806441576974,0.94023406435890489,-7.5489428520263813,-12.518355199698126,-1.0067124291378229,,0.3254970695462511,0.9473684210526315,0,3
-0.88705388301035326,0.43775298759462483,-0.14665514136311614,-0.44870993632530592,-0.89223133764135543,0.050819614064436296,-0.10860387506528235,0.11088535513176824,0.98788138778808199,-1.2513604251230808,9.0225736627644153,-3.0007283431930141,,0.09476032397776284,0.4422442244224423,0,5
-0.18659743242663185,-0.93046593663933241,-0.3153007119650672,0.97453994517553122,-0.21591542206664624,0.060435302357595394,-0.12431127651609278,-0.29599606630438807,0.94706548625914322,-4.2205556259995829,-9.288198986168787,-0.83529873594670689,,0.106130537060207,0.2424242424242424,0,3
0.36681827779140125,0.92705147167401369,-0.077588143070928678,-0.91819008058664053,0.37419400239705564,0.13002239992543571,0.14957047499572854,0.023546070523910629,0.98847066500348624,1.0285037162569668,29.42117837406056,-5.6718063579070179,,0.4307216426770688,0.6595744680851063,0,1
0.66738224354020947,-0.66471936207483961,-0.33578134357056788,0.74383079040472422,0.61695512638261329,0.25706444187420702,0.036286309444755846,-0.42132474614367565,0.90618362489831361,7.9936407526748727,13.379650121442111,-2.1816625896028548,,0.1722283141342877,0.375,0,5
0.54282744804070904,0.83970623401824196,0.015225051872252565,-0.82709264918913372,0.53135064425084233,0.18326004068403867,0.14579475748775,-0.11207110869941657,0.98294656786824985,0.24613538230091994,17.824802549183588,-4.1447184374975636,,0.4266315153566558,0.3636363636363636,0,4
-0.67565232592044966,0.73050609818191481,-0.099271219380648909,-0.73449714647943876,-0.67858905451224849,0.0055530991107771112,-0.063307790135561343,0.076666391692884264,0.99504491762580471,-10.973609212867876,3.4248451044649295,-3.7111909844854778,0.3642307500761321,0.169306152943899,0.1647727272727273,1,4
-0.59754973900654174,-0.76927439091912064,-0.22616635666966492,0.78230702674530894,-0.62119316198741381,0.045986643767438946,-0.1758693416094135,-0.14945222305504469,0.97300257332947326,9.0673044573808852,11.014688333046626,-1.6417102557867114,,0.1045013816732945,0.2258064516129032,0,1
-0.8781969286088861,0.4766395263318286,-0.039811010036012721,-0.46909067892925532,-0.87455471573295285,-0.12291453994927838,-0.093402834665805512,-0.089268197738178026,0.99161842426861357,8.4808716629198759,3.3039950586976299,-0.44009597131655082,,0.4088377712110681,0.3132530120481928,0,5
0.89682030994464923,0.41510729242602934,-0.15296819095980135,-0.39698624826734696,0.907719899050068,0.13581790587087825,0.19523127402493598,-0.061077988205779581,0.97885352785763369,5.6107077344068461,-6.744728345050734,0.41587795428995389,,0.2536914540356504,0.1944444444444444,0,2
-0.92848395890999824,-0.32349087114301228,-0.18240393179411454,0.32836361530318303,-0.94454422883336375,0.003679119814520555,-0.17347874276648409,-0.056478810758740457,0.98321679691888841,-1.3452661453240595,-21.511977069895615,1.0524412001722256,,0.5342660528749857,0.196078431372549,1,5
-0.59210190984784927,0.80349950533416226,-0.06167554849603589,-0.80582807806599588,-0.5910530908788767,0.036018777921944065,-0.0075124533272089775,0.071026675906195297,0.99744612604126337,-9.4554909763864199,23.766135615880167,-6.5252354396196202,,0.240004715088106,0.5,0,5
0.93531176147253969,0.30480854547001757,-0.17967654120554061,-0.24049093709726968,0.92013396079066823,0.30905922308475647,0.25953037977318016,-0.24585614657382165,0.93391580839316546,-2.0434890810347972,18.99109768238031,-4.6590178796258552,,0.3366309170564293,0.1,0,2
-0.98463253694675346,0.057141474066817743,-0.16502611650060642,-0.064726172740174961,-0.99706248156132871,0.040950340965297365,-0.16220138639422768,0.051002547036753755,0.98543870963523372,-16.963330344889677,2.7691299701667513,-4.5656466718528153,,0.08851860987931297,0.2702702702702703,0,2
0.18841933576320241,-0.94870216142904185,-0.25389439302674027,0.97930436596218806,0.16204466339125109,0.12126205455051345,-0.073899341796454354,-0.27148800335609558,0.95960051652537692,-4.0949498194700382,13.108010739439223,-4.1818170687162723,,0.2404684097790084,0.3826086956521739,0,4
-0.23802554556154001,0.97085486284810518,-0.028012049984231346,-0.97125705835517662,-0.23787000368919753,0.0088084016797048085,0.0018884531715696868,0.029303525881519625,0.99956877558051527,3.6327731404532781,21.903105963956857,-4.2140249200452198,,0.5543755754879263,0.1428571428571428,0,2
0.75864636362391669,-0.59063034906810363,-0.27497542748379927,0.64814641004674478,0.72700610479179717,0.22664587959849414,0.066044879466350209,-0.35016840856243514,0.9343554781458322,-1.7556284459105986,-15.643248080689995,0.29671660546606393,,0.1080103614807131,0.3333333333333333,0,3
0.94501617919237113,-0.24579637528960807,-0.21570480513688925,0.29834748679933393,0.91810962848725108,0.26088979895642439,0.13391489157362058,-0.31090006750319682,0.94096118402478945,-0.94319236296094522,-9.166037181878929,-0.2862202785334238,,0.1546812451910134,0.1780821917808219,0,5
-0.9137143241194956,-0.34358932256442182,-0.21696200432005228,0.34883807350819906,-0.93706496662282934,0.014874367187992414,-0.20841816708228875,-0.062093685249602973,0.97606671999519667,-1.931284339286246,15.607253918517223,-4.1289206598319748,,0.1199173917120141,0.1323529411764706,0,5
-0.62644035387821129,-0.72820073624560566,-0.27802188900210673,0.74354344824866736,-0.66530097192093496,0.067214264315999458,-0.23391370972951336,-0.16461562651345635,0.95822026273094407,6.3776818499158603,16.020006375042815,-2.8627323426005833,,0.3521198019894223,0.76,0,3
-0.43241296541697849,0.90043327750765401,-0.047317439661482642,-0.90148255849364056,-0.43063861674995729,0.043354105866024249,0.018660762874387556,0.061402724047930998,0.99793861605232947,-12.097887833948542,-15.256679801505086,-1.4860263972545504,,0.3099272062435429,0.3703703703703703,0,4
-0.5269683968281178,0.84555983121369582,-0.085632240320276998,-0.84988126352850268,-0.52399050876622233,0.055998076985834616,0.0024792433522204962,0.10228645345685614,0.9947518960985291,-7.6654303436559914,-1.4487049286543248,-2.3665231710702543,0.4343092044341092,0.1511348548204994,0.2428571428571429,1,5
-0.47663148833929025,-0.84012793150377163,-0.25885803644211275,0.86384672024225762,-0.50221486895015277,0.039358218100855324,-0.16306829320921545,-0.20485429971707689,0.96511317866727864,-10.773411641406506,-15.494952705660072,-1.2392513065098834,,0.2395937737905647,0.1666666666666667,0,1
0.33936813378645797,0.94057651616003179,0.012045207285675421,-0.92917839407593661,0.33320656560337381,0.16000280191693167,0.14648133585123052,-0.06549199864916902,0.98704306712532919,1.0372390234592248,-9.3487999690826822,0.036832898395231344,,0.1124565210798039,0.3666666666666666,0,5
0.09859636368369358,0.99101043003827227,-0.090427233860766565,-0.98928928339541378,0.10744115184828866,0.09880846445775876,0.10763582501816026,0.079716538088842825,0.99098930505217275,-8.2414053034971193,20.692528565418819,-5.9359684943230961,,0.1807008480193544,0.3809523809523809,0,3
0.93224966571229495,0.32882727865171985,-0.15094098712350251,-0.30829846043635994,0.94028291385167961,0.14429172260099951,0.18937428566699141,-0.087981036212912728,0.97795537587101455,9.6420260053770193,8.1202009932791821,-1.0547918586539997,,0.08245380744128941,0.375,0,5
0.27652658056619406,0.96039818220903217,-0.034181601044365226,-0.94763455615173353,0.27841920352139754,0.15643367635397157,0.15975543254448851,-0.010866403273329807,0.98709681544032257,2.3286411202187818,-17.459247489404422,1.2211047258428902,,0.6893655418877316,0.8333333333333334,0,4
-0.76813854847187713,-0.56991157601043085,-0.29182865842960487,0.59553284934243211,-0.80332992699474037,0.0012859816123589646,-0.23516759067864762,-0.17280574042528316,0.95646974880048763,-14.748083696756682,7.048968154789109,-4.9232662092500679,,0.4287569289603055,0.3846153846153846,0,2
-0.58126253443183551,-0.79448146007954767,-0.17587801356551183,0.79477799814697703,-0.60067437537771018,0.08670771837663821,-0.1745330906371739,-0.089384027401257754,0.98058589420721731,4.9374239183972897,1.5250784800556791,-0.75204466077674603,0.6311789113608973,0.4261873871808046,0.9693693693693693,1,5
0.73781679745093642,-0.6388438719173809,-0.21795614401262611,0.67218525620046354,0.72484458943751173,0.15088837765010937,0.061590216316887297,-0.25783488607396332,0.96422394534530476,-8.9947226085730225,-0.067199525658688281,-2.8402718451793345,,0.07561132106160762,0.2191780821917808,0,5
0.2726863765615764,0.95216447940192372,0.13793093997715866,-0.9522827149414993,0.24668370714602111,0.17973530385637615,0.13711225642285202,-0.18036061874467063,0.97399706177414835,7.1407525637829563,10.931113415201002,-1.8831853986417206,,0.3857610034510072,0.1967213114754098,0,2
0.36880852879996062,-0.86488767497656416,-0.34051369834125922,0.92915266277457309,0.33294797016115502,0.16068907375576888,-0.025604654719974401,-0.37565271041109222,0.92640673724745282,-10.93899326233179,-16.721983096870058,-1.1064651779443988,,0.6846043702407538,0.2352941176470588,0,1
0.95121764736519587,-0.23728398851304844,-0.19718340735558834,0.27464453102806069,0.94242320427751503,0.1908111255028816,0.14055379367842458,-0.23565825433164683,0.96161833294086196,8.5698546733930172,15.594070773330255,-2.4560358237898092,,0.2291805758127478,0.3333333333333333,0,2
0.75093376561020297,0.65937955844620166,-0.036291563341527763,-0.63312276912093979,0.73447883143840031,0.24432847846600689,0.187760589280906,-0.16049748930177393,0.96901316659822168,-12.962983261895209,-28.255471383149533,-0.16900054993994545,,0.3047917161300132,0.3181818181818182,0,1
0.6027306068887901,-0.68234233744868067,-0.41367227371983811,0.79749943318534167,0.53243968447735646,0.2837298652992149,0.026654635404155708,-0.50091607772033309,0.86508532151039719,-10.424939364503498,7.9465616605668092,-4.3356499611373875,,0.2138604898223509,0.6818181818181818,0,1
0.17937932401699017,-0.90628013285017806,-0.38272624539776545,0.98177386380564269,0.14007918188339696,0.1284441635537294,-0.062794414268680668,-0.39879085195618652,0.91488945667370747,-5.8664734093235502,-10.866435486897405,-0.90929347060812149,,0.1909201419163486,0.1363636363636364,0,1
0.92131383595348071,-0.30399231045777114,-0.24242419611752583,0.35673682249779609,0.9088811187740784,0.21604155019383445,0.15465980458690123,-0.28552370675396688,0.9458100008599063,-2.1507248924939972,-10.626888525682118,-0.31153034003051522,,0.5696089136430413,0.5052631578947369,0,5
0.32280885107741597,0.94614379672193583,-0.024624410463582304,-0.94043934410833507,0.32357632024677319,0.10426986634997575,0.10662216335810698,-0.010501471333005623,0.99424415179606607,12.783163410091642,4.0849093697840253,0.14403088595775648,,0.127191843512596,0.375,0,4
-0.9192078047195078,-0.32436445686735332,-0.22325929065526293,0.34446319169521289,-0.93708095461321272,-0.056783748276579719,-0.19079339954487709,-0.12910067243178106,0.97310374321948412,12.841068840516019,13.923277935732314,-1.5824439704037598,,0.2575203733364483,0.2352941176470588,0,2
0.57143185987481182,-0.7847459310048146,-0.2400821802870865,0.82051599165791478,0.55161987465334672,0.14989670216871104,0.014803275098528329,-0.28264701954702026,0.95910975669500109,3.8585704639127281,-9.9553566992379778,0.56064563256338218,0.3771001595175972,0.2021432911417579,0.6612903225806451,1,3
0.4626113366531952,0.88653928143381733,-0.0062332715931799646,-0.86744859584690226,0.45407914151479173,0.20333486372097428,0.18309474258749547,-0.08865797040311893,0.97908941344537992,0.060511566875016055,-17.537670074615981,0.83400801121966273,,0.1873196951446991,0.5714285714285714,0,2
0.68451581729093491,-0.68462363084459166,-0.25045674270758073,0.72746798351144115,0.66374728103913339,0.1738674204069145,0.047206237345509695,-0.30121426095443332,0.95238728474993473,1.9799942478509438,23.421914076139384,-4.6979108553622853,,0.06018554085572198,0.3636363636363636,0,1
-0.79990169284945811,-0.5633733626114964,-0.20680361717432677,0.57379992784669298,-0.81891522314761289,0.011467349311152873,-0.17581502944771221,-0.10949114848657665,0.97831526811319336,3.0890599456765151,16.343769213961377,-3.4393955092471504,,0.07114741089886933,0.25,0,2
-0.10827316281868307,0.98621625195929352,-0.12511765097140629,-0.9913032603519546,-0.097638155108753955,0.088230588134409746,0.074798183325692519,0.13358254017019805,0.98821097784473833,-9.8048706618611234,-3.0737893799088098,-2.5369665941573212,,0.1035768902771196,0.4861111111111111,0,6
0.24361748629296301,0.96919371562143186,0.036249992720277763,-0.94489381157896424,0.22874987632035962,0.23419901563242426,0.21869203280429361,-0.091307369271830502,0.97151261397090594,-13.418229451408873,1.3099209701242496,-3.7855845574320299,,0.4065790036833824,0.1818181818181818,0,2
-0.95062229918059771,-0.2485326414791936,-0.18587299540269042,0.25588970717786574,-0.9665684698512893,-0.016304933295252247,-0.17560666861204316,-0.063062819542986259,0.98243848597775751,-10.341427671537854,5.8293182632712508,-3.9565513169029858,0.735092363408645,0.8642591433264852,0.9118942731277533,1,5
-0.92584681501841093,-0.28713861402992263,-0.24568087319374116,0.32755648944658888,-0.93397591319416462,-0.1428136540900504,-0.18845270319549828,-0.2126979311279287,0.9587727409309299,-3.4771719428751551,-8.4894485250428371,-0.77721300386153713,0.6998280689603179,0.2750488478492821,0.1186440677966102,1,1
0.06187039218556107,-0.96417086147387721,-0.25796628550166206,0.99249584970010885,0.032121083961009475,0.11798400015776468,-0.10547057835653746,-0.26333018408433534,0.95892292247669531,-2.3920840560165928,21.12985016213527,-5.0127472507042805,0.2002800293315333,0.134248219084541,0.25,1,5
-0.91400429210018508,0.3929315392627109,-0.10099979938136952,-0.38802688964593068,-0.91934233439648405,-0.06515216879067208,-0.11845373330606758,-0.020358723905494237,0.99275084257168744,6.890558659648935,3.9745773362115089,-0.8500609628142064,,0.2491695469788042,0.5294117647058824,0,1
-0.67298157438933714,-0.69671851398225249,-0.24835279907182753,0.71700519048175204,-0.69695940717856975,0.012293964678793245,-0.18165725241419831,-0.16979663430015079,0.96859162995850101,-1.8672841668800584,-19.322955737742987,0.74301095142706486,,0.2252190078676273,0.5,0,5
0.15668903965038597,0.98703825452790916,-0.034699120333782349,-0.97904224609228685,0.15985567734728739,0.12618416218531453,0.13009544657677122,0.014200229517107392,0.99139978225822301,-11.049578909493576,30.286829750622537,-7.6593493699542927,,0.2071338533401374,0.5555555555555556,0,2
-0.40101039598174393,0.90598974203549165,-0.13554796066717106,-0.91586496433846387,-0.39334891091388191,0.080423885632119219,0.019545572692306109,0.15639444238631664,0.98750126530491267,6.5838681350276715,-3.4789243874345197,0.17637447793037289,0.2496008968721679,0.2132134895109142,0.7950819672131147,1,5
-0.75949580408711659,-0.61657479416522498,-0.20736838422038542,0.62437089025481618,-0.78040441175289377,0.033614662262570989,-0.1825571553691363,-0.10394458772215673,0.97768522935901947,6.6467930770483905,-9.7716432660125836,0.97278720735194735,,0.1511155119971556,0.36,0,5
-0.60548893803294812,-0.74865334754500579,-0.27000242800647251,0.77546011558409211,-0.63129302293433742,0.011433649143350117,-0.17901048868164088,-0.20245316595223622,0.96279175346378887,-19.961609902729833,1.4217512680849034,-4.8836353043946206,,0.4231004360205232,0.68,0,2
-0.98054312975116642,0.13642736114987966,-0.14114795722031168,-0.1281723594539724,-0.98954986581041582,-0.066052322794802498,-0.14868428622348873,-0.046675884611514291,0.98778253923925152,-3.6129255651438839,-17.020674766096487,0.18832283673495598,,0.1845097313094821,0.2,0,5
0.90374150405503284,0.42617172792247882,-0.040360279581716618,-0.38337842745516981,0.847713397556075,0.36661011574414476,0.19045281623107238,-0.31584751688671381,0.92949882779170256,-3.5657670098278733,11.476576514834438,-3.8377433633008105,,0.4383944531024384,0.2171052631578947,0,3
-0.78153824667195781,-0.53334541116022571,-0.32363658844953097,0.59450430537680754,-0.79396625760367434,-0.12720932621177708,-0.18911002056305917,-0.29182229897858158,0.93759114007198996,5.3345079842054428,18.354314886759248,-3.397713026365659,,0.1002176600112103,0.3333333333333333,0,2
-0.45360258091907935,-0.82478581861088218,-0.3375989514230272,0.87669767246562624,-0.48103401934642365,-0.0027319086328538322,-0.1601433410320382,-0.29721141574610155,0.94128608014423254,-7.4361562196634203,-14.443468405204493,-0.77446883169362724,,0.1363817990897349,0.4680851063829787,0,5
-0.97043444341312091,-0.17633215750486761,-0.16481493035263259,0.17786905117052054,-0.98403876331416962,0.0055057180110060378,-0.16315511537540978,-0.023972536886957996,0.98630914311996432,6.776128994466835,5.8631297021310118,-1.1669986942123871,,0.119455843452364,0.22,1,5
-0.25342044821147236,0.96190366565815666,-0.10256419658777714,-0.9661742943695607,-0.24644457151204829,0.075975693953544129,0.047804909034284117,0.11834868468066138,0.99182068919063171,-6.7704425694036638,7.8439029553044719,-3.7932246038772415,0.3500204336626024,0.2962768981223426,0.8291605301914581,1,4
-0.81754949650780284,0.5695952633356306,-0.084699803691930822,-0.56954112717054939,-0.82151336258115737,-0.027179027979307192,-0.085063066140001947,0.026019821025772483,0.99603576426383822,-9.559421692597553,-4.7968613505007909,-2.2964045956932519,,0.08395995185411663,0.2727272727272727,0,4
0.86878035604095893,-0.44717480195837445,-0.21273314140216223,0.48605806681844094,0.85220358516803618,0.19364040153714027,0.094700837578470642,-0.27163163644950006,0.95773065391147527,19.994156351328133,9.1091812522346256,0.43401070480561993,,0.337496112107963,0.3157894736842105,0,4
-0.54002302871727204,-0.74931802798552294,-0.38327225491928224,0.82428589815335496,-0.56288561300106865,-0.060930655518612868,-0.17008199951946981,-0.34882987201829224,0.92162347725476323,-10.133124408276156,-14.059437933005707,-1.250827229547967,,0.368610689692712,0.2307692307692308,0,1
0.27816846545583729,-0.93423373406998,-0.22322552486578803,0.95943013722985215,0.25911214002078192,0.11115174613544113,-0.04600126738527497,-0.24508820661042122,0.96840882605407719,3.1022126793367342,-11.91205377880669,0.70976628069379055,0.1871248168219621,0.1277921632875489,0.4090909090909091,1,5
0.94650371577673365,-0.26237598439839815,-0.18785515386011628,0.29130724017057302,0.94516897582916026,0.14763366470510816,0.13881933527084961,-0.1944593786399301,0.97103797156132465,4.1583528245018906,13.264276316765873,-2.7609198085707694,,0.1475110033080051,0.2083333333333333,0,3
0.40771398037321782,-0.80092627867276056,-0.43850473924420807,0.91294287546684816,0.34837825814810341,0.21252739913718441,-0.017453261659360033,-0.48698016939203675,0.87323862619352388,-6.3066347758494317,23.989826908685195,-5.9992507315306032,,0.1782407994105788,0.4545454545454545,0,1
-0.9765484030426832,-0.087536440838595561,-0.19669923243392473,0.12273321369242661,-0.97696856370304608,-0.1745536702356475,-0.1768891595647207,-0.19460163684130991,0.96480071940643186,-15.084008552299425,7.6569311314216186,-5.0573497938207241,0.1887212006236859,0.440200568480223,0.3404255319148936,1,2
0.24863021674112459,-0.92218399181740063,-0.29624263798276218,0.9673249366691854,0.22072607591820775,0.12474961445914801,-0.049653622438025458,-0.31757941470673751,0.94693074357806561,-19.148727698158755,9.3533022688307899,-5.939596536971572,,0.1381026716816901,0.2222222222222222,0,1
0.90113170894200478,0.42002476299844999,-0.10742830915245954,-0.3822367776483101,0.88664033165812683,0.26031513227279274,0.20458907339419852,-0.1935151692898032,0.95952862922501725,-12.254257301829613,5.193184317291756,-4.2058075060464475,,0.1779991505465464,0.1136363636363636,0,4
0.10232216076871474,-0.9691713893288445,-0.22413610490507452,0.99177913704393561,0.081988349400083663,0.098244866975513656,-0.07683956493895501,-0.23234613977651325,0.96959318922471038,-15.92054846161264,-19.793559856308772,-1.616377965711701,,0.195917758515377,0.4615384615384616,0,1
-0.53313319626695999,-0.79120319545025497,-0.29961057816352354,0.82657560444538869,-0.56262725352525467,0.014944688901717549,-0.18039336233330569,-0.23968328498235883,0.95394452549723774,-14.887967848008714,-15.416390546588449,-1.9438137200530454,,0.3502175006971994,0.6904761904761905,0,7
-0.39461063771811811,0.91868559421995333,-0.017298080021529473,-0.91881033534608003,-0.394352911100045,0.016533274574133946,0.0083673329636081654,0.022417860728692601,0.99971367263803346,10.680801340007804,10.526302279935534,-1.3192801484676822,,0.3507349113754728,0.5263157894736842,0,6
0.89168232877064824,0.43173446046446962,-0.13604403774368612,-0.41403149072199597,0.89936679140706688,0.14041830081822429,0.18297690905869465,-0.068882001724753797,0.98070113724300101,-8.5797814925883333,-12.529939257782244,-1.1882090558140255,,0.5068172132121331,0.2,0,4
-0.20585564779987742,-0.89920296410671874,-0.38607963117805705,0.97028449668266992,-0.2388225572697221,0.038881636236252057,-0.12716700738065173,-0.36660307620209909,0.92164566767983436,-12.602288289623274,-0.56730517815973514,-3.3984502913474208,,0.07800785634193973,0.2666666666666667,0,1
-0.37059349482127818,-0.89890207339033501,-0.23374243100196404,0.91799532193140021,-0.39276170875082755,0.054980260559537204,-0.14122694682041265,-0.19419913128973276,0.97074283252470983,-5.9534504506549508,-12.982981475535274,-0.67318910262280041,,0.174220905182614,0.2692307692307692,0,5
0.56237272554839446,-0.73107436799196357,-0.38635111754001911,0.82674167836428702,0.50579044434524567,0.24632138288106711,0.015333454101165859,-0.45793699880462857,0.88885240074555549,-4.215263327955781,16.923519814057201,-4.7369761981668654,,0.3291703227866289,0.2857142857142857,0,2
-0.98382213520793171,0.096388502721236738,-0.15100749258916046,-0.099044180584805602,-0.99503129987816696,0.01014704661714883,-0.14927912301186536,0.024939302434597226,0.98848053831468286,8.7202487613404784,-7.8812250020121386,1.0711063482869816,,0.224075559833968,0.3684210526315789,0,6
0.73762294670367623,0.66970207475833787,-0.086090182718845359,-0.65802507168328828,0.74156446004879673,0.13071020093604044,0.15137831262234824,-0.039765344923876102,0.987675717941216,7.0475561164983045,-6.7381895884230119,0.67017489757730042,,0.139416428405515,0.3636363636363636,0,4
-0.59351798545837975,-0.78169499953698329,-0.19154458654919904,0.78601261004225909,-0.61414355130340736,0.070794598995938846,-0.17297565664561915,-0.10853859263559783,0.9789273701948995,8.6452095413986942,11.833287676254086,-1.822269768314928,,0.08634687612206857,0.6,1,5
0.98505318772702466,-0.012487599700705471,-0.17179719788909315,0.038213521254000932,0.98835825295839463,0.14726741188193132,0.16795816188027099,-0.15163120939551761,0.97406264284955291,0.065877589253630436,15.494450405066374,-3.8526417939932491,,0.07662569942096319,0.3,0,4
0.65522206785572579,-0.69593769664835992,-0.29386181136486728,0.75439484824578962,0.6232032993178459,0.20616998001542849,0.039654189376128086,-0.35677495722531472,0.9333483675251143,-8.1885928080448842,8.6314734883754998,-4.1433282585071716,,0.08690515846292224,0.2631578947368421,0,3
-0.98162955879280445,-0.088609156978852396,-0.16897285759476405,0.093231851897359913,-0.99545135020354747,-0.019606916374641663,-0.1664669069095478,-0.03500038110407569,0.98542566550021249,1.3270802482965183,10.556209679243942,-2.8288729612392416,,0.07660072911992206,0.1923076923076923,0,7
0.55959437334442796,-0.74895814851283238,-0.35484620485146368,0.82847907894122796,0.51680912363279197,0.21570986413838289,0.021830095692669284,-0.41469268320786107,0.9096996347234142,-6.9873716310678828,21.474931655753629,-5.8106365897697732,,0.6513657686704292,0.5694444444444444,0,2
0.98115116959404769,-0.038788182857343131,-0.18930889909050139,0.11421074109449626,0.90663267851707696,0.40616879848604381,0.15587908462291633,-0.42013410134810031,0.89397374002906027,-12.795200130219946,-5.3031897356080213,-2.7954563104199588,,0.471538198404218,0.1666666666666667,0,1
0.95511633157671849,0.27935263893555012,-0.098564173385538439,-0.24715527099851373,0.93490055498773761,0.2547061528531846,0.1633005363527063,-0.21891335135930551,0.96198226564919276,15.722532097095957,-8.7646620831996866,2.326468911490172,,0.2824712710072013,0.1621621621621622,0,3
0.17589444898498333,0.98436237865328446,0.0095838566514438294,-0.97779763733685487,0.17357840323822435,0.11739811901274826,0.11389874114638862,-0.030020749845977739,0.99303868572374965,-4.8416022867057684,-15.472200207351889,-0.2094516371368616,,0.2611796892499678,0.2307692307692308,0,5
-0.96781015790000857,0.20038473849066502,-0.15228084201759426,-0.20544088287532511,-0.97850281000945982,0.018063622200362651,-0.14538755761400876,0.048766867683071508,0.98817217665112111,-7.5774256160827829,7.0984386084532431,-3.7828910700906859,,0.07015176863657233,0.1691176470588235,0,4
-0.59062921511221611,0.80625083594425184,0.033417357692096354,-0.80659396251888094,-0.58864919431517615,-0.053835914222599174,-0.023734150164199077,-0.058751302719921288,0.99799046816324577,-14.012589207002947,-2.3243046649775994,-3.4138291108160712,,0.07298090461276192,0.375,0,1
0.36468021983882121,-0.86431377113277796,-0.34636691858280305,0.92964644994623724,0.31696008786863622,0.18786639082248191,-0.052591019772089576,-0.39050993294478864,0.9190953034972974,-6.3573441518414384,-11.684106031860509,-0.89861946741342658,,0.1571306645269223,0.4,0,5
0.030577076455188361,0.99940431297567722,0.016001924917594824,-0.99728822981712728,0.029432310856428917,0.067453137405691782,0.066941982818513393,-0.018021051114330902,0.99759411217842531,-2.5821611368113713,-12.240106816708231,-0.21163724177707421,,0.1672095884774623,0.2727272727272727,0,4
-0.95696404167950755,0.25353433107799328,-0.14120965228077004,-0.2538750503080775,-0.96710631308014539,-0.015900881472382843,-0.14059616553623591,0.020633035776688364,0.98985200715619348,10.996922661723355,8.4774151376116436,-0.92004168211423565,0.349371757752701,0.1454710943796806,0.3636363636363636,1,5
0.12099338895770888,-0.96157142172845944,-0.2464568942911487,0.9897218461041003,0.097791778604631716,0.10434287412964442,-0.076231667781970672,-0.25654857035745204,0.96352040137961137,-18.769869798591902,5.6805701040982317,-5.2788015944980247,0.2784611153525038,0.3173546373601808,0.8823529411764706,1,3
0.764428058603001,-0.59668729929138309,-0.24415980440032356,0.64095371276878887,0.74418426142909422,0.18806414631486792,0.069484396150168867,-0.30025664339959357,0.95132427004994324,3.0891315472794476,-12.997123418296082,0.81102028224713774,,0.1004459286426976,0.1785714285714286,0,4
0.05429317064419531,-0.96334978299456353,-0.262696492602635,0.99431026500112429,0.028012698956348288,0.10277346744453698,-0.091647959796127387,-0.26678171658025401,0.95938947626274229,4.3713422636262784,-6.7575708365794283,0.23125107723538005,,0.136321062412079,0.3157894736842105,0,5
0.56696853115734558,-0.79022505781379526,-0.23257481093287988,0.82363591749527443,0.54830899819433843,0.14484860341348552,0.013059865581175962,-0.27368156770652941,0.96173168784682173,-14.101864743895073,-5.5754190845869003,-3.0206144696252446,,0.1684206033612906,0.5510204081632653,1,4
0.39191638853525368,0.9194570864795506,-0.031626105040292077,-0.90722414798511331,0.39195434339627633,0.1526962278691848,0.15279361802826757,-0.031152187970180347,0.98776700262486083,2.1369824636302877,16.68551759730477,-3.6833046729221657,,0.7490257421925219,0.5128205128205128,0,1
-0.24372220106868064,-0.93272782594091574,-0.26574102321954407,0.96122210516964057,-0.26876763132255177,0.061773982278210779,-0.12904089754601633,-0.24038045483940138,0.96206324308317714,9.9362159748365677,-15.67486438077567,2.2357894685106934,,0.161120561615386,0.1739130434782609,0,5
-0.92067108101716044,-0.32204229058926936,-0.22057543755075973,0.33923968521414638,-0.93966827920020934,-0.044044988826469671,-0.19308339274650055,-0.11537888947694698,0.9743749356939384,0.74765922429778719,-13.190840866847273,0.46129622750506771,,0.10892059074967,0.2857142857142857,0,2
0.80288125330945603,0.57925059938734513,-0.14089157602084834,-0.56450277204574295,0.81470338599791181,0.13264619555874699,0.19162023232662248,-0.026965458515275514,0.9810986446887755,6.9441357507012089,13.337724422299262,-2.3536364885535921,0.4992692883708533,0.4994237041711038,0.8846153846153846,1,5
0.42825244327012357,-0.8638009427817942,-0.2654199994018,0.90259831832044335,0.39465497837018559,0.17194104749225675,-0.043773514803768628,-0.31320181879566128,0.94867723705421148,-5.1248008258889843,-11.801632584256739,-0.69958951172862582,0.6914824264431679,0.3917601752101683,0.28125,1,5
0.98515433392005869,-0.018932287047195174,-0.1706238754268829,0.052876264146826515,0.97904391522509182,0.19666497591233215,0.16332494925271177,-0.20276730645714508,0.96551042479287263,-12.518669982126381,4.40258845688804,-4.1231951764240327,,0.07937412588667223,0.2352941176470588,0,2
0.27308032380921077,-0.90492992231743463,-0.32638776392937469,0.96119716265634425,0.24288764579469196,0.130788401709418,-0.039078782601925544,-0.34943873170396084,0.93614391069721625,-6.4586287642938069,-17.561167083043031,-0.25881062134793409,,0.3558152574263234,0.4117647058823529,0,6
0.14916580984560576,0.98224232833974157,-0.11379617564235955,-0.98036038943633019,0.16192291067375403,0.11258098339944055,0.12900801524459687,0.09476802950711645,0.98710483363520574,-11.545857228927767,-6.2063261705213399,-2.4580188992031351,,0.1074266732374539,0.3478260869565217,0,2
-0.52597131631292815,-0.80915181135514913,-0.26196854886937504,0.83550158896886639,-0.54916820972582325,0.018744926167702011,-0.15903228994938115,-0.2090158453496162,0.96489435025096948,27.574218989144551,-12.778670092478416,4.8068197763615297,,0.2031794687094626,0.5,0,5
-0.95268658472916434,0.29167293108750758,-0.085528781985380942,-0.28994377545935046,-0.95649967478826803,-0.032264209308691026,-0.091218848652340312,-0.0059391414160027854,0.99581315930739855,4.5623334630313579,14.750050884175467,-2.9261707735180091,,0.4067587819318697,0.1666666666666667,0,2
0.80926640965833263,-0.53420240076433678,-0.2443679054547267,0.58566031571949173,0.76606378639326689,0.26485518640977251,0.045715126490653409,-0.35745499044555124,0.93281083667349929,3.3764227477210698,-6.115857046365325,0.010828102067009147,0.6147542433255706,0.2065835104307519,0.2051282051282051,1,2
-0.48127784048402172,0.87075094474971038,-0.10081881013245748,-0.87650568604962331,-0.4794224349908629,0.043496104999322549,-0.01046052492549155,0.10930197182539653,0.99395354839819561,9.8821298127623329,-11.811626585848755,1.7597042093197681,,0.1468741092408359,0.1052631578947368,0,2
0.43212880574987428,-0.83179177538216742,-0.34840656946700654,0.90157848308518862,0.40726295764432058,0.14592163022872676,0.020516678069231808,-0.3771728062007928,0.92591562260479288,5.9747506690535648,12.507635627137489,-2.3421500070094519,,0.2388465879256298,0.1904761904761905,0,2
-0.70950943922963194,-0.63567063608481289,-0.3041696862995758,0.67993304460384574,-0.73094014548618047,-0.05845988857657531,-0.18516860019937886,-0.24829286364326003,0.95082240369273552,-4.8425763917419919,23.131158599376775,-5.6777824087121358,,0.5616213191316227,0.45,0,1
0.58890295547468174,0.80425484980459427,-0.079796275595877042,-0.79132550664989709,0.59385966799097567,0.14537756793580653,0.16430840379745332,-0.022468451202435551,0.98615309011435703,8.6233915631035103,-9.0316635995942942,1.1817393065200208,,0.278172082218999,0.2708333333333333,0,3
0.39142219155537972,0.92005960633167083,0.01670295646868113,-0.90830359159393126,0.38338291870227054,0.16733834929535066,0.14755762757495197,-0.08067129876318592,0.9857580271548958,8.3958388019922658,-10.937031222576282,1.4034379056151014,,0.2924159632194162,0.2608695652173913,0,3
0.50811713385032897,0.86074297030508917,0.030635230668288157,-0.84501570481827593,0.49132045232794219,0.21107503816116718,0.16662963991498886,-0.13313809445323505,0.97698966775865259,7.4583738843515546,14.480963381540665,-2.4171733081164875,,0.3794107579894663,0.1904761904761905,0,1
-0.98378420845315406,-0.060802198245045888,-0.16873566275915541,0.087521051573239181,-0.98391430691082649,-0.15573279098411638,-0.15655253664414276,-0.16797538315109814,0.97328082993837217,8.3009453289614328,9.6365504061466556,-1.5027135730548287,0.7856087302221084,0.6952570583742811,0.4313725490196079,1,4
-0.69286766213272222,-0.67503432151780196,-0.25350161250716979,0.69735374078242329,-0.7167226905049261,0.0025189545725762975,-0.18339073855430935,-0.1750349956105319,0.96733168423458782,22.435705425058213,-23.397808347380654,5.1808379059797467,,0.1950237225051932,0.2666666666666667,0,4
-0.96382440245429046,-0.1584915756967413,-0.21429638743290896,0.19448063240659103,-0.96796658199676289,-0.15880169947528122,-0.18226301010452911,-0.19473345005588857,0.96377335436137057,11.862775911243629,14.116248366257672,-1.7124519369075137,,0.7196601110610901,0.4722222222222222,0,1
0.26951011076558234,-0.88683713071729309,-0.37534544592447627,0.96249438823573075,0.23546749138591797,0.13475760874678119,-0.031126400528353818,-0.39758642341199607,0.91703663127958368,2.740460687582118,14.250942799363649,-3.1877558676980664,,0.2503556511261786,0.2926829268292683,0,4
-0.98473482396185441,0.069300048127700728,-0.15967100490168459,-0.064199538899967531,-0.99725499809728535,-0.036890215166286988,-0.16178920137588601,-0.026076274647306004,0.98648075613195385,0.1276667080293076,-15.511178146654389,0.62522198037375787,,0.136476727520539,0.34375,0,4
-0.97833967928697863,-0.12728600543947,-0.16324749539247038,0.12861869578525217,-0.99169116042572891,0.0024235156222116539,-0.16219957776502433,-0.018625658451007006,0.98658217185397867,-4.7134542392709289,20.405070422066235,-5.33342263331431,,0.2876380588090021,0.7105263157894737,0,6
-0.12157928303240373,0.9925612812738257,0.0063703103055452884,-0.99079554660417579,-0.12174284977301859,0.059184992679538792,0.059520271896720461,0.00088399389503543619,0.99822670560756621,5.2462901744024126,-11.825579151733738,1.02130022177756,,0.423199297837373,0.1764705882352941,0,5
-0.74688453957238488,-0.54849006544660095,-0.37592836106648192,0.61886557471309689,-0.78017970134096826,-0.091241624550130129,-0.24324655184149219,-0.30079607996432123,0.92214577659680419,1.4113056882825974,-4.5991454981349431,-0.4890902305474627,,0.6783755780612541,0.3096774193548387,0,2
-0.81118349511854615,-0.53064455318036263,-0.2457594259174446,0.54887278954481855,-0.83587785623848032,-0.00684619218621383,-0.20179196749263292,-0.14044417976610735,0.96930667707659834,-2.5473252177941794,10.720306463330623,-3.5634040668346354,0.3481615492888833,0.1434856681505246,0.1493506493506493,1,4
0.9324573544183048,-0.29360101671202177,-0.21052725518773374,0.32895686926660722,0.93090364927931113,0.15876326376328972,0.14936753446959747,-0.21729435966938179,0.96461002529641227,22.452211361911207,-4.9827368482348806,2.9783867624011786,0.1549689413483974,0.3434483337895481,0.8863636363636364,1,4
-0.8044257497704066,0.58551957012087774,-0.10032968709101901,-0.58271664425568515,-0.81057655441076903,-0.058369186622383655,-0.11550119312679218,0.011510101868701791,0.99324065157506491,5.1397612222554638,13.847434942135818,-2.7346095325662789,,0.3237242962361273,0.1666666666666667,0,3
-0.76833953036125502,0.63971349675513844,0.020518483217806398,-0.63606405566862967,-0.7596023398138072,-0.13574535880008437,-0.071252250284606827,-0.11734959488086361,0.99053126624588528,-8.9769164148518534,-4.0815504284475006,-2.2646798385775839,,0.07539808980380834,0.4166666666666667,0,2
