axis_00,axis_01,axis_02,axis_10,axis_11,axis_12,axis_20,axis_21,axis_22,location_x,location_y,location_z,dbh,dbh_approximation,score,reconstructed,number_clusters
-0.94634476273065982,-0.31187310787630323,0.084656686893758978,0.29021755419177214,-0.9354279785017332,-0.20186200304938015,0.14214556374082904,-0.16646219276381596,0.97574841895289022,-0.54331807525247988,-8.2901225295097785,-2.9771694962525186,,0.07412626689379098,0.2444444444444444,0,7
-0.99068493322360729,-0.10941046130076282,0.08107227665294163,0.089699335555316034,-0.97226332282628503,-0.21600476913190014,0.10245678252156687,-0.20672054093569153,0.97302067073139986,-18.362649385310341,15.49821441928343,2.1606470082210083,,0.07678304740656994,0.3333333333333333,0,2
0.38684200326064494,-0.91650084931540432,-0.10187962366162623,0.91306064552370769,0.39615625455517384,-0.096852875913146758,0.12912599315831894,-0.055555514406400469,0.99007073621530628,-0.71174142579154764,-10.668659380668945,-3.3434343222433398,,0.2617189063589583,0.3620689655172414,0,1
0.89049857231726604,-0.45494658700527735,-0.0059912997889221544,0.45498284375777759,0.89036579153017859,0.01547155967976358,-0.0017042848930986902,-0.016503340422119997,0.99986235811131252,-16.088416115125632,6.6567825063391766,0.75698058236710308,,0.34764273671989,0.5,0,1
0.8123578041241265,-0.58287545838415855,0.01819335296431281,0.58083905551937409,0.80595149229185947,-0.11431615658289794,0.051969122197591443,0.10343303189011485,0.99327781524205494,-8.4486319112394348,10.06571841586171,0.4141445196511348,,0.2216125161081988,0.2941176470588235,0,5
-0.50819365345055556,0.84406291636021835,0.17116367552158746,-0.85456760925715569,-0.46949995660692928,-0.22199998187972927,-0.10702061390725214,-0.25908991483956739,0.95990572673952712,-25.701470587621618,-3.2482525404870226,0.36235311276758042,,0.1192419455162673,0.3076923076923077,0,1
0.73726338169505667,-0.67376832390324615,0.049789072256667281,0.67325606619442457,0.72656124906007113,-0.13724073993052463,0.056293652785884565,0.13470336695450419,0.9892856147681226,-18.765890045315693,-9.9316555233455723,-1.3842254336872135,,0.1389960714173756,0.59375,1,5
0.74895789449185723,0.64404407977732936,0.15578605708501808,-0.63597605584627304,0.76469152441058186,-0.10383317815052241,-0.18600142114656518,-0.021309523654758928,0.98231836770624659,-6.4877968956665883,-7.3564849673317934,-2.1817600947303104,,0.0984131783704916,0.2181818181818182,0,5
-0.64702346635913988,-0.76245902460519432,0.0041072836156508903,0.73709941188333017,-0.62686315284541161,-0.25244216091207872,0.19505150853518821,-0.16030852567099055,0.96760326870848345,-25.326548323243522,-10.28675486090949,-0.75488715651265914,,0.1949756377093596,0.5714285714285714,0,1
0.98422086158471167,0.14782401449618859,0.097248940146812374,-0.1416453220477733,0.98760173357465042,-0.067671401509998563,-0.10604668011508075,0.052828747652915828,0.99295680926110463,1.8987121863826639,11.484068446189706,-0.42609842599608749,,0.3112320968203559,0.3181818181818182,0,4
-0.11183231052947433,0.94206009145681391,0.31625356662971943,-0.96724016648321198,-0.030203874299238286,-0.25205988637394083,-0.22790347663685906,-0.33408159192283404,0.91457612874770422,-2.0962804602429039,15.853277186761321,0.5657614164759639,,0.5784318466806677,0.2105263157894737,0,2
0.99443116680357424,-0.036340186730624668,0.098924442470321047,0.027824417542529654,0.99589427929639074,0.086141663863312706,-0.10164869048885722,-0.082909440313539307,0.99135945470288156,-13.619785888512547,10.321305325593555,0.9608131954096506,,0.3104350475931022,0.2105263157894737,0,2
-0.25477125857929633,0.95674356059184307,0.14047549632574585,-0.95595203051922906,-0.22729075730462397,-0.18572729199031071,-0.14576460869526903,-0.18160581188368916,0.97250810173590929,-12.968163755571489,3.4369094659082831,0.0036269407872077234,0.7638602054164744,0.3936844111548941,0.4879518072289157,1,4
0.42286119238902131,0.86493851406328492,0.27031422245478104,-0.88210375465016322,0.46120362423967348,-0.095834143290768933,-0.20756054057411991,-0.19792065045918686,0.9579906252768825,-15.729173904705249,8.4113072691566106,0.99747225644057069,,0.1500318997211309,0.2857142857142857,0,3
-0.58679217013564366,0.79431019034854489,0.15730947389130401,-0.80466196042427751,-0.55028651442806542,-0.22294367334546183,-0.090521149537879278,-0.25740255155508418,0.96205501294846518,-24.803459602621917,-4.0566039727981487,0.11178504752419126,,0.1306863016797987,0.1818181818181818,0,1
0.98852023645828024,-0.12022807028716062,0.091503842692484683,0.13406862423704785,0.97725280253262858,-0.16432456887911903,-0.069665960896629353,0.1747059559864764,0.98215298341714563,-13.069038641264148,-5.5914816398103406,-1.2515451436707496,,0.1087776361995008,0.6054421768707483,1,5
0.32058872241652592,0.91710599174982044,0.23693769424875941,-0.92760723658912014,0.35460747191579378,-0.11746640153246257,-0.19174901743382158,-0.18212671621173074,0.9643973110472136,2.2845548422258202,-12.310896167581197,-3.8331331643555004,0.2854854441288631,0.2021583311644347,0.3076923076923077,1,5
-0.42392520277287582,-0.90217523736724392,0.079795134784858002,0.88419109444031541,-0.43133511152533416,-0.1793213040267802,0.19619768338696994,-0.0054646726146131861,0.98054913512113273,-1.9663718517801945,8.4557832313607637,-0.44056263956498543,0.3867137080522182,0.3155163875192654,0.7378640776699029,1,5
0.38166095655001675,-0.91345634635997341,-0.14118221396484584,0.91441916086549035,0.39542648855464324,-0.086460918289119185,0.13480546163779625,-0.096100964844448397,0.98620083759272248,-7.8742937916952895,-3.3457833033938167,-1.4791636870325262,,0.306894586466258,0.406832298136646,1,3
-0.88917648793090731,-0.45588904602596986,-0.039119701230803286,0.42723322211303361,-0.79658502447243418,-0.42769623882981,0.16381986214672378,-0.39701067554888442,0.90307562045846757,-5.2653063423416215,11.308331409170934,0.2471560426212058,,0.3282769223612902,0.4615384615384616,0,2
0.48663614798120136,0.81836863428163842,0.3057090739608882,-0.8448163428662171,0.52993947247015472,-0.073820744673866026,-0.22241988738457788,-0.22234417901546152,0.94925890027630067,3.3197523260972033,-7.7825412823315663,-3.268292792236517,,0.1164750167274238,0.2727272727272727,0,2
0.037985116604860064,0.98915150838249699,0.14190286953105116,-0.98293163431628117,0.062565513933853345,-0.17300566096667747,-0.18000703646479863,-0.13290917925720605,0.97464486706304287,-18.730307651630461,-12.27450877816519,-1.7350533243395641,,0.582673422222458,0.853448275862069,1,5
-0.75602288799042761,-0.65436214115559699,0.015478406147800045,0.61959265651574569,-0.72307556021699027,-0.30539593024244255,0.21103159201023666,-0.22129600637866945,0.95209965063247293,-7.3070585907349237,15.725890104910185,1.0967969069697583,,0.299181630480488,0.5357142857142857,0,4
-0.3674314582539841,-0.92953000450184264,0.031114212446330076,0.90995336691617346,-0.36620758183461621,-0.194619826956975,0.19229922912812383,-0.043196964449456213,0.98038514306321567,-10.687756698766179,17.490421174096696,1.6010951647167864,0.3174110198359708,0.2353351263793511,0.6888888888888889,1,3
0.081078803935369606,0.96221133050226626,0.25995304000043862,-0.98242940027467129,0.12113946736220679,-0.14197782546282148,-0.16810324514523947,-0.24387411691333813,0.95512654348592985,-3.0121023667585218,13.546974803132072,0.32637808633177745,,0.5750451882522692,0.5,0,3
0.68654984195477609,0.71679712681768082,0.12186547295189766,-0.70624172351357628,0.69727915388682316,-0.122574098093559,-0.17283501520364836,-0.0019132539804631264,0.9849489311526568,5.305358150481517,-13.925134432956501,-4.3944205185605973,0.2252455178973878,0.2388871220764741,0.6363636363636364,1,4
-0.28486206669496811,0.93887737340097877,0.19329480250113013,-0.94574233597740509,-0.24240010154557454,-0.21636456436000875,-0.15628511412886628,-0.24444113501285847,0.95698667420991446,28.152619115678558,-1.9299262118161502,-5.0341347303887014,,0.2924662423887955,0.625,0,5
0.98205619309841119,-0.16807140438349155,0.085543185734556673,0.17445114704208339,0.98191785266997289,-0.073512773745045418,-0.071640986123568923,0.087116781601191559,0.99361875760811413,-5.1575569420098528,15.35442517597343,0.80800218597604156,,0.2521552363800782,0.6836734693877551,0,5
0.99467221180584875,-0.037822971684746437,0.095898977440823041,0.025198212870137161,0.99124690170487462,0.12959409681246162,-0.099961198119129527,-0.12648716406585023,0.98691881945637594,0.87245843170189574,10.363092781093698,-0.49511840725595191,,0.4310090381080002,0.4081632653061225,0,4
0.64990413847506456,-0.75829220572012257,0.051161914908426011,0.75676440035261483,0.63943508786860781,-0.13575864893779072,0.070230001793625388,0.12694762363502005,0.98942005624582419,-15.064988370635936,6.4943755642233274,0.62137696829648015,0.386390611465702,0.2669659848474338,0.8151658767772512,1,5
0.51781014374189027,-0.85482871364269819,-0.033771665193962699,0.84894250971234941,0.51831994787636959,-0.10315544986443999,0.10568476825588599,0.024744736115137247,0.99409176024816326,0.96443779901819404,-7.2134483093009374,-2.9812902742452039,,0.0748258928894777,0.3863636363636364,0,3
0.65689534921237713,-0.75382970736527677,0.015141746158540526,0.75213300111940118,0.65374701273532343,-0.08313117325505949,0.052767876689051169,0.065997088066228268,0.99642357236092449,14.017588539278902,-5.3734758496456374,-4.0720070157070909,0.2153532127253618,0.2208435063795803,0.5588235294117647,1,5
-0.41158114509758797,0.85943038840741293,0.30328265443648628,-0.90366393489588359,-0.34164855806143229,-0.25820099833856519,-0.11828970271602571,-0.38033625945527089,0.91725235130520444,-20.861497986184578,-1.6593278746820137,0.087682611133126323,0.7399160540375913,0.365605992543951,0.2083333333333333,1,2
-0.31810091134330692,0.94039711598686093,0.1202708378874609,-0.93847901583317828,-0.29435618955805887,-0.18058673957311774,-0.13442078352452225,-0.17031646400878123,0.97617793206167025,7.4543600610399361,-0.29957980344174234,-2.6092250577239211,,0.08999392376937307,0.5294117647058824,0,2
-0.99892371211618813,-0.0044030243459854063,0.046173918488931487,-0.01567036691815887,-0.90491574974507383,-0.42530215784070496,0.043656121823452188,-0.42556797252603296,0.90387280288070182,-6.8568743620966321,-17.141099727755648,-3.6638519349141858,,0.276877381315731,0.1538461538461539,0,2
0.60114163814073662,0.75305611543237827,0.26746068478071239,-0.75553173484125358,0.64461093435506056,-0.11682697016383047,-0.26038534624904791,-0.1318454789508974,0.95646026636707226,13.560473761568433,-1.6176682341576936,-3.4513163410283303,,0.326513826198181,0.3947368421052632,0,5
0.87963516882420234,-0.47307333355259257,-0.049432690085144622,0.47563906695653302,0.87552522142020117,0.084988614777661425,0.0030737196253070695,-0.09827109309733302,0.99515493492677798,-0.86820059079678769,3.55458884550184,-1.186502578371798,,0.5861271328732793,0.41875,0,1
0.61546814179551446,-0.7867108538194153,-0.047801662288075072,0.78447938275122409,0.61732076654492352,-0.059221357892625184,0.076099043837848365,-0.0010505594294503513,0.9970997100851301,19.483364916057262,-2.2050367920404752,-4.1763415944992319,,0.4129571765207013,0.7142857142857143,0,5
0.97431322194008629,-0.21793052267468851,0.056745333195481265,0.22061826381387423,0.97425777677569148,-0.046361256064083776,-0.045181049395524565,0.057689441658113766,0.99731168703504869,14.326873355838025,8.8865366939174457,-2.1321906958644909,,0.3108297674651742,0.3103448275862069,0,5
0.99566919531025599,-0.0070623163372717547,0.092698312811938091,0.017336848201523127,0.99372417447817418,-0.11050655524496567,-0.091336122124080599,0.11163506951502118,0.98954298746932234,-7.6501823415757686,-6.568741706590818,-1.9356117659888719,0.1304191533171986,0.08395744384359635,0.2925170068027211,1,5
-0.88802189440644719,-0.4569625104656781,0.051013518636624025,0.43172454364428225,-0.86682492362189667,-0.24945634929387572,0.15821198902080846,-0.19949891181857837,0.96704144208678133,-5.8972117003667659,-14.530182576939723,-3.338841777917799,,0.1665414794880259,0.4102564102564102,1,5
-0.57649477178642916,-0.81706240968262633,-0.0079244423485130746,0.79334910696459959,-0.55738938696903906,-0.24477390745901084,0.19557855859318218,-0.14739772718024019,0.96954780049294842,-12.199501370009996,-7.581933082230039,-1.6702852552977463,,0.0884608239760989,0.2222222222222222,0,5
-0.32385138713794498,-0.92963880391138964,-0.17576112571051938,0.92512313591813033,-0.27224628222548536,-0.26463020463168002,0.19816019387816627,-0.2483015426383843,0.94819770168755702,24.005000323811398,5.1366771698558722,-3.7321609002046672,,0.5082233329420861,0.4482758620689655,0,5
0.34468808806993018,0.86985051979726014,0.35291669718381891,-0.9093414248748769,0.40272157099062023,-0.10446774270260646,-0.23299848701059689,-0.28491298578212593,0.92980443942986701,-5.508786324922661,-12.703857970679312,-3.1052861961911247,,0.7547548969666069,0.4038461538461539,0,3
0.9792921098091365,0.19038847649487567,0.068841787335390314,-0.19456781968794892,0.97904374299083974,0.060139112500644139,-0.055949327140268311,-0.07228815482807309,0.99581328343425135,-17.736094591130399,-11.336676574800018,-1.6516048067556823,,0.3847581230136838,0.2448979591836735,0,4
0.22532997377299677,0.9645000801757484,0.13771709501886795,-0.95464546494540081,0.24680821199876618,-0.16654651827388006,-0.19462384021142001,-0.093943077610579781,0.97636891541589577,-7.1838801393922651,5.3896992820403806,-0.34320260345938292,,0.06637272486744741,0.2421052631578947,0,1
0.16999161876272639,0.97691741409665289,0.12936466126859048,-0.96691911989652557,0.19068762823018159,-0.16942740043592963,-0.19018481834509479,-0.096283926356673294,0.97701542485079862,-9.2489932806332789,9.6738853508985017,0.44100933331953246,,0.07341440430357506,0.3461538461538461,0,5
0.76311277775697794,-0.64523326888844978,-0.036509137808979235,0.64615862275737468,0.76279488680614316,0.024959865758781747,0.011744047867834517,-0.042637886696334455,0.99902156531165476,-0.078834895317513157,-11.779724468709009,-3.51265723064127,,0.4979065450916041,0.3770491803278688,0,4
-0.71939532072328605,-0.69104320278900289,0.070211568851283795,0.66777525439623808,-0.71589004849683169,-0.20390597852746761,0.191171603899431,-0.099803458568937936,0.97646950158220402,-6.7959408732482895,-13.446179408057521,-3.06977897351618,,0.09989820875158484,0.34,0,5
-0.22591356530755399,0.96288732385618625,0.14768568843019875,-0.96660716716167006,-0.20274752196551413,-0.15672915085756842,-0.12096960528050271,-0.17816128618169419,0.97653720395301058,-3.9701067765622291,12.125738109677863,0.26372143098654877,,0.1157338831463872,0.4166666666666667,0,4
-0.92609929817900583,0.34534509219682857,0.1519106882609573,-0.37724148422336912,-0.85336616519995001,-0.35979862516813788,0.0053807521131554754,-0.39051626776294063,0.92058030183097062,-9.7922869094441332,-13.039347303307055,-2.69560846604994,,0.07932986070359029,0.3333333333333333,0,5
0.82034414443989456,-0.56918862190461439,0.055315435255470578,0.57150053560252601,0.81249256068621534,-0.11507813274285222,0.020557784151070502,0.12601647322426413,0.99181511683726353,-9.3393780170120486,13.197892943076933,0.96808003472606396,,0.09160761804559391,0.1388888888888889,0,2
-0.91818382161972611,-0.3919076504530038,0.057852080621188955,0.36515925419754736,-0.89389793438555443,-0.26001000360587923,0.1536137649746446,-0.21761175615679532,0.96387132688583965,10.718853241355792,9.640323965029765,-1.6370250281614949,,0.1830882811126442,0.2857142857142857,0,2
0.80892326348800991,-0.58592438868182739,0.04832974793784519,0.58754347784831307,0.80275794777971443,-0.10184468034419351,0.020876192799872191,0.11078035937985205,0.99362563199117104,0.51040229420452099,-4.8838239061289022,-2.5841004724529277,0.5808332937980544,0.4714116984296663,0.9469548133595285,1,4
-0.35792517293830378,-0.93218249759109695,0.054086613518601688,0.91206205537522556,-0.36143642246025953,-0.19366600027843828,0.20008092793118673,-0.019987588747868233,0.97957547875303697,5.6561092245761149,0.93677573118277035,-2.251097441721603,,0.07687421307584506,0.1571428571428571,1,5
-0.77758674180373233,0.61544787484047814,0.12877411356866783,-0.62641914638356166,-0.74053765450554365,-0.24331673864228748,-0.054386689687340076,-0.26986644032515111,0.96136059435109233,4.3349052746703522,10.279456126007666,-0.85746892534474128,,0.2217336033063285,0.5272727272727272,0,5
-0.8712032455651465,-0.48949494612960881,0.037411263415246802,0.4584634328214911,-0.83848466109814057,-0.29454159955542603,0.17554539493329874,-0.23945390123509391,0.95490609145664396,-10.413021095985497,2.3558884785542329,-0.39271656923697995,,0.1971385731487958,0.5574229691876751,0,5
-0.70351133508900754,0.69738183943857524,0.13685894717756578,-0.70744121750577893,-0.66881790033766131,-0.22849406986148144,-0.067813901047083791,-0.25756782836602798,0.96387763155681982,16.855494061774859,-3.9773983711799406,-4.1456157919884209,,0.09339075869436039,0.1,0,5
-0.9545361745332005,0.26759599508605225,0.13135096086984235,-0.29795585004526326,-0.86994107208582472,-0.39296926409322686,0.0091105944553531732,-0.41424016525691132,0.91012201520268632,-17.843395927847109,-6.5569103423718271,-0.93927080657620543,0.5737453038113679,0.3963957358661203,0.2380952380952381,1,3
-0.6738453177341972,-0.73886258667345306,-0.0038165143668458935,0.7139496344933105,-0.64977699583153459,-0.26089418371250372,0.19028506818604263,-0.17852712315600422,0.9653598599087666,-13.763655542853195,15.008931026394567,1.610915621312162,,0.1169451986864165,0.2,0,2
-0.096822759478085663,0.91058472038224969,0.40182187627533472,-0.98090367815778423,-0.018878902296125565,-0.19357572478134902,-0.16868114128016795,-0.41289109224403836,0.89502380891345357,13.45876165156489,3.001425805412453,-2.830844731429619,,0.3953571305798873,0.25,0,2
0.81925557001783633,0.5583828601178481,0.13049479882877077,-0.54466627701161807,0.82891357107680108,-0.12743994025033098,-0.1793291880343327,0.033329764645377291,0.98322437373553251,-19.463808040338026,-14.353255112598836,-1.9850999408682046,,0.1718810855671502,0.3076923076923077,0,5
-0.41942701638425361,-0.90558704681885516,-0.06319081073153146,0.88422425309300268,-0.39179087328410633,-0.25425849416174728,0.20549561593650845,-0.16251772901804445,0.96506970711223372,13.960285522122286,-3.0365466568378516,-3.6776917209026556,,0.1530486944559987,0.25,0,2
-0.89534580510867501,-0.44282806836326799,-0.047530949327324129,0.41560207298787688,-0.79236443092569997,-0.44657980869265895,0.16009624043830439,-0.41959731943072409,0.89348043253563891,-14.581268638197518,-5.5840855703630821,-1.1392449235296038,,0.1228278577351262,0.3428571428571429,0,2
-0.90003789281006508,0.42015644597859902,0.11575989119142531,-0.43559456698291099,-0.87565720892956433,-0.20852296196020095,0.013753716624544932,-0.23810294696269035,0.9711425343000345,8.9815261769107764,2.9700406025258701,-2.3456271332778313,,0.1550563736050186,0.3055555555555556,0,6
0.89062974495974745,-0.44972729984946225,0.06726078473410628,0.45472579423527265,0.88139999163934468,-0.12790037840156712,-0.0017633632740358103,0.14449709515514708,0.989503653374604,-25.135019304162498,-5.0184172409997645,0.0099161877880713997,,0.08583718557243586,0.2592592592592592,0,1
-0.1994889022097682,0.93647066188602146,0.28849068844920817,-0.96718133167354803,-0.14089241299314068,-0.21144644622965883,-0.15736724423247433,-0.32120402766423534,0.93384341463381826,2.5234820956123065,-8.4360678131797755,-3.2868085180212523,,0.08807607336179367,0.2777777777777778,0,4
0.99368157445539085,-0.012523600061893261,0.11153514257554173,0.026218376402865784,0.99216169292093614,-0.12217926108411478,-0.10913077167625236,0.12433155087005225,0.98622114159634289,5.6200904818165798,-9.0619808385786325,-3.7141609756185048,,0.3222567267736735,0.7333333333333333,0,4
0.082699757224444018,-0.9938657555235979,-0.07342758441162818,0.9810675957125623,0.094138856342268637,-0.16924611773787604,0.17512030949547597,-0.058040810849595253,0.98283474779747726,-17.601911523148821,6.6297358420983841,0.92228871604849239,,0.2675872591696141,0.3928571428571428,0,3
0.9335507916853093,0.34051963129522117,0.11193435596946781,-0.3469626269917977,0.93686207195297655,0.043662267542200407,-0.089999193411294184,-0.079597982628598671,0.99275591478810865,9.9420166250850919,-2.6699912447586853,-3.2484384034035139,,0.269989272060015,0.1304347826086956,0,3
0.045641562446370312,0.91388382136771529,0.40340204364851306,-0.98304576463965543,0.11287883739688487,-0.14449703350575568,-0.17758905484711027,-0.38996760007758374,0.90354158647415894,-13.960531395724997,9.1107137753229495,0.83102062704487745,,0.4538774061492846,0.1923076923076923,0,2
-0.91523685903272423,0.36992042678895387,0.1596883518362941,-0.40259349507438597,-0.85547283751235392,-0.32570646601250047,0.016123572547799597,-0.36238805460837137,0.93188783031299216,-6.5890274967644569,9.7743185616462167,0.21828104066648682,,0.175551773799571,0.3043478260869565,0,4
0.81848171737504216,-0.56698187732670058,-0.092839803456767012,0.57416548669023881,0.81298441708996694,0.096903722645968471,0.020534658910289657,-0.13261933626728781,0.99095430743877444,7.0634860126174637,-10.787777980100087,-4.100957058607734,,0.3995990850237281,0.2727272727272727,0,3
0.4600332186599102,-0.88783979202397423,-0.010485295810272183,0.87998657758795074,0.45747378259525323,-0.12783333486628601,0.11829226937736984,0.049580660915489072,0.99174023668939348,-2.6378203181555304,-11.524022948462497,-3.2250681496223113,,0.8476511615404697,0.7553956834532374,0,3
0.43967864764825026,0.8856060611031068,0.14961480989409737,-0.87643106222918754,0.45946521681116004,-0.14408437701739946,-0.19634479866302598,-0.067776242726450886,0.97818970601814326,-11.11200114701712,-9.979820422212585,-2.1360603458156153,0.3746681597313399,0.1963673148273907,0.5925925925925926,1,5
0.98411327769464141,-0.15501344532471914,0.086555695558815357,0.16174498797646375,0.98381904196299308,-0.077062646823946201,-0.073209395091092283,0.089838323891193214,0.9932620298948398,9.7782453664808511,-5.4141883223205474,-3.6159060317425578,0.176779113270256,0.1835111879363873,0.4285714285714285,1,7
0.9847423088763686,0.11608574996746171,0.12964059458105889,-0.10630202049031663,0.99110900366760646,-0.080017643608647993,-0.13777686869904837,0.065015701976493881,0.98832711839147092,-17.700405736256602,-4.517129127588607,-0.65239588746542543,0.5390133530486084,0.3920221296622896,0.7685774946921444,1,5
-0.2393056506144485,0.94668960088075615,0.2156654936892537,-0.95357403906908733,-0.18732649155098105,-0.23580784036300872,-0.18283696999639171,-0.26208316456314834,0.94756691439449459,-2.4983927774401864,11.292117241110869,0.0068993477131229332,,0.2604125680717383,0.2777777777777778,0,3
-0.82921501034456002,0.5224355562846551,0.19865436352824817,-0.55846121271798188,-0.75987349678553773,-0.33273614587609723,-0.022881007600875646,-0.38685056341236135,0.92185850382729906,-26.438845532568742,-5.9526814994306116,0.022963545244185563,,0.2146150705224631,0.1764705882352941,0,1
-0.4422518057899405,0.88732385774157518,0.13065110699165997,-0.8874407440008375,-0.41183347114795144,-0.20698337597369937,-0.12985478875566001,-0.20748388738607842,0.96958144078379749,-8.4740273164564517,-8.2808582547526264,-2.1139020074946662,0.5326597590877814,0.2503377442978095,0.375,1,5
0.41926872421265365,-0.90510322295231405,0.070724060251293658,0.89941203370425227,0.40349995570763708,-0.16806480705941049,0.12357884335546994,0.13407438810328284,0.98323564211721659,-16.164748930140735,-13.961414414036783,-2.2345339774143191,,0.1730427807649905,0.3,0,1
-0.63967343783909747,0.75953593093775018,0.1179960276349903,-0.76465681630983395,-0.61318903155511595,-0.1982401696211169,-0.078216661869581983,-0.21703543764792438,0.9730250626838729,-18.996449291758061,-3.8284382877929013,-0.41004305791900825,,0.1057967237473798,0.3684210526315789,0,3
-0.76360410471399898,0.63690312493303758,0.10612813347299957,-0.6441394409642337,-0.74005135111384079,-0.19341245644699812,-0.044644729344184744,-0.21605186221162095,0.97536067225241041,-21.569797501386432,-3.0073033983590762,-0.025331462442987226,,0.07183106418521253,0.4054054054054054,0,1
-0.73548630938019977,0.65318536733159638,0.18002434451534732,-0.675464038373775,-0.6860955879571311,-0.27022430876875175,-0.052992655888189459,-0.32034625031307307,0.94581713789308652,-0.98176682177617902,21.407959243143246,1.2134727788465101,,0.1402314700080966,0.3636363636363636,0,1
-0.78696832482444945,-0.61687459844943748,0.012107250341972251,0.59090654917591445,-0.75919531780798977,-0.27285879051156886,0.17751142460137792,-0.20757697176293122,0.96197790771395497,4.5876805389205115,4.4501310760617461,-1.6714450459631351,,0.6904947387969724,0.3636363636363636,0,2
-0.33091582166444966,-0.94291633649341899,-0.037463333353730553,0.92171586021499741,-0.31445392413771001,-0.22706519465238045,0.20232298930242784,-0.10967001398844553,0.97315872088344602,-7.7713114391743341,14.087797422723982,0.94695249475520127,,0.1998384327329108,0.2608695652173913,0,3
-0.73389931719711288,0.66365886766288207,0.14473665599989949,-0.67706795955283139,-0.69763499860384059,-0.23427417030049386,-0.054504773777872433,-0.26993020597080458,0.96133600449581746,-2.6096968490655801,-15.246580946508782,-3.8140873817308329,,0.07564372376481683,0.3,0,2
0.80383898009772559,-0.59479269623848396,0.0080338394807706152,0.59397591198976751,0.8018580885595693,-0.064932440178372214,0.03217934199719294,0.056967133620609407,0.99785732228394208,1.9308683964668967,-2.1455052478110495,-2.3003019015853079,,0.07453865829927328,0.2888888888888889,0,5
-0.060629068036790627,0.98405071332148164,0.16723728567658822,-0.98216248434724229,-0.028937411338121555,-0.18579418873016573,-0.17799148982421126,-0.175518716484969,0.96825214160033002,17.048964805524502,-2.3442953486213138,-3.9465993619880519,,0.140166841008769,0.2631578947368421,0,5
0.98238252939640691,0.15699910869088946,0.10136984663588539,-0.14888047612696451,0.98534344379928573,-0.083264047403251329,-0.11295649500991523,0.066705154463720398,0.9913582866971179,-9.6206760061594281,17.719656296699995,1.5466926806526962,0.6140805905872906,0.579098247379134,0.5076923076923077,1,5
0.54341999468555058,-0.83635010491678963,0.072202571849144914,0.83355795409784705,0.52741694795162897,-0.16435479966706043,0.099377293866189681,0.14949871243279481,0.98375519741690254,-9.4667663752221607,-9.0457498885034209,-2.1581513854670717,,0.06951408134317794,0.2615384615384616,0,5
-0.9630884999567253,-0.25678228815586301,0.080767553761052394,0.2322676746850276,-0.94437547420769086,-0.23282330427044778,0.1360597976902633,-0.20546975496271613,0.96915938382086897,-23.312250448433666,-5.9630392305439495,-0.31302303992575242,,0.1224258493600166,0.3333333333333333,0,2
0.91169795355622596,-0.40908880677418752,0.038120724723730952,0.41074896459763521,0.90968506097848101,-0.061305610791743022,-0.0095984146274942055,0.071550248110330561,0.99739081228573079,3.7653309766451759,-10.668592738745094,-3.7735627378912358,,0.0993234128487806,0.36,0,5
-0.92275420503521455,0.37238405160051608,0.099271321152750447,-0.38511682883005999,-0.90066520215899715,-0.20121436770710421,0.014481203047625218,-0.22390246031135011,0.97450396768038694,-14.501905232511612,-7.6393611815582139,-1.4570245755737667,,0.1008436860079728,0.4766355140186916,0,5
-0.95166505732754092,0.27624817056030365,0.13424070516745168,-0.30300767117435123,-0.9158793449487751,-0.26334649552576073,0.050199301501768705,-0.29129362121112218,0.9553156841434387,-7.10083930667379,-5.0506692265861872,-1.7774934661071089,,0.1638836506985529,0.2758620689655172,1,5
-0.98626413473935581,-0.1574657354206738,0.049875832777579052,0.12242651068884867,-0.89958799825830393,-0.41922927243952263,0.11088194626441158,-0.40736467146531569,0.90650935926474152,-17.65582474246877,-12.984846906368576,-1.9422269295945092,,0.2523262194348898,0.1785714285714286,0,3
-0.84380325420556779,-0.5343247671547634,0.049931066452685219,0.50171815777452822,-0.81847301335200084,-0.27996574178607886,0.19045986021056543,-0.21118468130881027,0.95871062997604672,5.5343762487158452,10.238311200725073,-0.98795313028821186,,0.142089401457092,0.3809523809523809,0,5
-0.018974809946665994,0.91694045942258728,0.39857264138596188,-0.98453027120524195,0.052314236654481462,-0.16722250364048399,-0.17418410279936766,-0.3955798459440944,0.90176298649635511,-22.233754031739537,-9.6928843202394894,-0.99237522917940735,,0.3425324133988985,0.1176470588235294,0,2
0.98783145900278335,0.11400940757930628,0.10578687814587116,-0.10719484061737795,0.99190802664367861,-0.068027441704501576,-0.11268662187433233,0.055859839448927903,0.99205917343034156,4.4930060794311837,-0.72202619276602631,-2.3774448966663302,0.9897899505975694,0.8953386484990022,0.9508928571428571,1,3
-0.32053950516168206,0.93675076275773628,0.14054335311036376,-0.93708785890799573,-0.29193641071541371,-0.19141441112369378,-0.13827787356599441,-0.19305735047234465,0.97139491923247478,-4.2957771335647559,-11.350795687996166,-3.0408695452730115,,0.07006664047089262,0.2195121951219512,0,5
-0.76647718410719989,-0.64104968765720494,-0.039598285287354526,0.61841941958054092,-0.71996256046657792,-0.31497830562131857,0.17340746157177209,-0.2659120333512755,0.94827245177228769,-12.322021654335787,11.962397991715591,1.0381735870374467,,0.5330023692543644,0.1904761904761905,0,2
-0.2926624058511561,0.9455191391291019,0.14262634308561709,-0.94554737334413486,-0.26394123502469102,-0.1904604662801419,-0.142439042974254,-0.19060058235536392,0.97127881529578064,-17.98578661550922,16.683464945170325,2.2221576504977714,0.5051435465918706,0.4716456544108175,0.8932038834951457,1,5
-0.91518423492791545,-0.40300162328420069,0.0052447850008902341,0.38059511078379971,-0.8684361629547126,-0.31775146344267774,0.13260911653002505,-0.28880499043956148,0.94815953283734444,1.3756628440005014,-10.203700588204136,-3.4310584513092039,0.2216796450818346,0.1818153246958998,0.3125,1,5
-0.56319318936577423,-0.8249105830471305,0.048331784871351931,0.80507188729467527,-0.56094855195171833,-0.19286258929885788,0.18620603572332697,-0.069708335513865669,0.98003472398690505,-13.760514242377754,5.2132577939042273,0.29040266329637238,,0.1287327129245115,0.1846153846153846,0,5
0.99335422112140048,-0.084124464075274047,0.078552313297212031,0.083574177049156428,0.99644860818945191,0.01027269039054594,-0.079137527828784623,-0.0036394754226000167,0.99685706393032913,-4.3145275094518682,-6.1525120477609496,-2.2232893083548042,,0.08892952959665792,0.3,0,5
0.30461619796518502,0.92918418336353303,0.20934594651982202,-0.93837784658611556,0.33044420027991273,-0.10126029595934481,-0.16326661928771741,-0.16560007212683767,0.97258450899546323,-12.140433796567747,14.140482652707806,1.3229937381247514,,0.4680411194344262,0.5,0,2
-0.90221920463118321,0.41145016407546708,0.12926433876730239,-0.43121594217222969,-0.8656917308223514,-0.25422556598878698,0.007301918322807883,-0.28510803157412806,0.95846757499705459,4.7176722588597526,-5.3761014621743675,-3.0679906268156278,,0.08947843575604361,0.3421052631578947,0,4
0.64550129715593341,-0.76375871430863196,-0.00083766797238275499,0.76140871358720075,0.64360036666130616,-0.077687443688893118,0.059873585523919262,0.049509537980643989,0.99697741168265774,-6.7914121068451427,-12.226978127637681,-2.9314987999942939,,0.09506305739301402,0.25,0,3
0.95753173213347642,-0.27522106600860519,0.085943858317813301,0.28308306442751779,0.95397342891091708,-0.098988259739596962,-0.054744502845409847,0.1191136505906657,0.99137025255510591,2.4268258493969919,-10.957983448497473,-3.6298038455899562,,0.08896013992597676,0.3414634146341464,0,5
-0.96208722401599089,-0.27173923439193842,0.023365827126128908,0.24156751857067288,-0.88876082189080186,-0.38955017063735742,0.12662269684702124,-0.36913681740524035,0.92070880449744685,1.4523965793425917,8.3468005646883388,-0.77632951784964033,,0.1837695799365843,0.2,0,2
-0.78205386951560796,-0.6207329448563258,-0.055518972844054271,0.59597733848185952,-0.71885852014801832,-0.3578455533141085,0.18221623745359297,-0.31294254932909826,0.93212885569950099,-13.108207815931655,-14.467109813929424,-2.6143710975579633,,0.5927466939325319,0.7222222222222222,0,1
0.93853941813492081,0.32603005281832437,0.11334974753498532,-0.30953608127998056,0.94028625996094795,-0.14159506952745846,-0.15274545817404059,0.097806717499020021,0.98341378423289827,-16.508824838979677,-0.72218093446006693,-0.22102046002569911,,0.3084070827178678,0.8397085610200364,1,3
0.94896741413523567,-0.31263574104724057,0.041469751980529435,0.31323864214057712,0.94963393610393154,-0.0087715716767812948,-0.036638776991204533,0.021313864492304574,0.99910125572986452,22.986901657482772,-5.5090775558938248,-5.0076122650704047,,0.3135702866942961,0.2666666666666667,0,5
-0.31822301936829861,-0.94425475456687624,-0.084362719384651785,0.92707426300059426,-0.29135790470746542,-0.23588955518713001,0.19816008888277689,-0.15327599238734529,0.96811107282772357,6.7704924483789011,7.1498441834652606,-1.5184170916167863,,0.0831734685935317,0.4545454545454545,0,5
-0.62304711043317429,0.76909837624954192,0.14247801876496688,-0.77785075663274816,-0.59008159827005702,-0.21622189479540754,-0.082222251165564378,-0.24554306146452887,0.96589238861267213,-5.9596294014460467,5.9045385837305098,-0.39116659074587912,,0.07390877089079953,0.2298850574712644,0,1
0.035819782928643497,-0.99563941922996335,-0.086134139726164655,0.98314971482316593,0.050567797461016861,-0.17566882507454032,0.17925842070617692,-0.078390335726817528,0.98067393861087393,10.12958897106418,-0.55385818779810991,-2.9487242832268414,,0.1324944468762491,0.2962962962962963,0,4
-0.69252463868512215,-0.71808821380892973,0.06898508536447813,0.69270934882089508,-0.68863809174087731,-0.21431597387879567,0.20140353241732115,-0.10063247881368137,0.97432526465120528,-4.4082040930585906,-8.0090012855457928,-2.4919538199207971,0.223429191295451,0.1928515857980949,0.8091286307053942,1,5
-0.9880897558467967,0.10116444901580159,0.11594994025849034,-0.13975137679752331,-0.90534808121483723,-0.40101671352177992,0.064406421060440866,-0.41244467034493493,0.90870303555685528,8.585128147547076,-2.1352737586970933,-3.0032121950631434,,0.1032304892016664,0.2272727272727273,0,5
0.45049431405921414,-0.89238553409202315,0.026512856194922167,0.88387891973826094,0.4416236231442961,-0.1540345114681434,0.12574946617239779,0.092825826278031071,0.98770969304404299,-1.2554133257640321,-13.471837926223914,-3.6502994644631594,0.6361617365453336,0.2544794434304855,0.4782608695652174,1,5
0.78960042745879222,0.57556743012884803,0.21272822645753298,-0.58626329320761084,0.80997376607708937,-0.015422363770335831,-0.18118089301651219,-0.11253724557572539,0.97698968897525684,-5.8318433420833617,-10.962272666558096,-2.7977085632488259,,0.1230351396776139,0.3142857142857143,0,2
-0.94686421699904322,-0.31728590493827613,0.052704924763138587,0.29054234910123922,-0.91406083058122145,-0.28298046112037745,0.13796121899114486,-0.252631060094888,0.95767648479526257,-4.8423374170108131,9.7479122380524768,0.017687492153752076,,0.09124729037310486,0.2580645161290323,0,4
-0.34804728500154353,-0.93684251336403757,0.03448467133098887,0.91129025114243078,-0.34672973420499648,-0.22210035927682928,0.22002991972870106,-0.045875882246386786,0.97441379190377631,-8.6448398031307967,-13.236286160117018,-2.862907043114745,,0.1518859716187107,0.1379310344827586,0,6
0.99582542877533331,-0.012404213010004581,0.090431470761161911,0.019252708664208983,0.99697828938636646,-0.075257050841276374,-0.089224708537016459,0.07668393568302162,0.99305514720716692,-10.77349078462213,-21.319832807582962,-3.9300294549082202,,0.3209334691213001,0.625,0,3
0.5039367586894874,-0.85583619593678317,-0.11658537200690881,0.85836339133879014,0.51125433914968199,-0.042793563885151216,0.096229058245957566,-0.078507365419290043,0.99225831411181331,10.560885704847244,7.1069248137275309,-1.9371011780289664,,0.385050439411287,0.5,0,3
-0.47162565267522993,-0.88161682023361265,-0.017917198995308033,0.85619831787983069,-0.45297829571708803,-0.2484654987498072,0.21093526068064505,-0.13252337865605529,0.96847502286386922,4.8249314545693736,-6.500149915689307,-3.2702441251332761,,0.1617798423017924,0.3333333333333333,0,4
-0.99259605037858023,0.077033135225096083,0.093909407676950579,-0.10152883904272804,-0.95059326030779367,-0.29336725839813055,0.066670650330407297,-0.30072969513300774,0.95137620048523874,-2.5049772697799986,-9.2268715078209738,-2.8675328749975724,0.8205949551398072,0.5179511994123787,0.2,1,3
0.85455210274379223,0.50401802020349729,0.12532573162088992,-0.49087777182090631,0.8626313554930376,-0.1220907762789144,-0.16964585709149141,0.04281331370488084,0.98457468144437965,-3.9823977743693808,-23.204187792659614,-4.8898754438921426,,0.1666628101603874,0.5,1,2
-0.87737009231451746,-0.47436864295004622,-0.072084059942173803,0.45060637720336488,-0.76299439163411265,-0.46345814391220852,0.16485027732968582,-0.43910585161282234,0.88318199548207732,17.603692980784071,3.2567124270065468,-3.2501902032159653,,0.3757763797561458,0.2142857142857143,0,1
0.87885823735574464,-0.47676161731696959,0.017508823068964612,0.47635039152258729,0.87488442539260936,-0.087564528787178492,0.026429209754181573,0.085297142148787072,0.99600496706242292,10.143341051731584,-8.5278851541532692,-4.0943898581284071,,0.1618410266861253,0.4285714285714285,0,4
0.9461175848743506,0.28543298457648647,0.15293634920216015,-0.2908531718302767,0.9566675777707303,0.013841173308316548,-0.14235851933689594,-0.057577399715882806,0.98813910711709207,-18.339566626880615,12.716436930005077,1.7938658219953065,,0.5161533125353805,0.4090909090909091,0,1
-0.59529325635796593,0.78887193101942032,0.15266635315098334,-0.79865307447666012,-0.56006182264003868,-0.2201908750382191,-0.088199804782708197,-0.25300559533498373,0.96343601923816569,7.5924102824284034,-3.3326121020546831,-3.0983396636715916,,0.07741775736615511,0.15625,0,4
0.88669789545795674,-0.462203797026359,0.011597077427058494,0.46229532567543336,0.88669863492020284,-0.0069686935142765118,-0.0070621561210251508,0.011540400559225717,0.99990846836390834,-8.1449437709311798,-15.452968902678402,-3.2682872718343967,,0.2218747296536264,0.2380952380952381,0,3
-0.19478145219799167,0.94315602122822573,0.26928963125338623,-0.97365497107124188,-0.15273766230432659,-0.16931392093407197,-0.11855877524629332,-0.29517439952467572,0.94805901223359856,-5.5136211665315713,-16.953485532744221,-3.7462263208375881,,0.4936007458925386,0.5,0,4
0.98179564649185713,0.16048307775972342,0.1015996569010082,-0.14746973862148915,0.98116657025017795,-0.12475911836179265,-0.1197079141934472,0.10750508442054574,0.98697146468537011,6.8287437536247992,-5.8396950405813399,-3.3390512915123618,,0.3208370907538967,0.1,0,1
-0.63042976832046316,-0.77377230575566069,0.061925165005638688,0.74902533674501059,-0.62732423341602583,-0.21313223848826554,0.20376298027225384,-0.087981390160440043,0.9750589330168743,14.004790688895239,3.9771086370549318,-2.756831596339067,,0.09125710530045177,0.4444444444444444,0,4
0.92061480854387323,0.3691554065867369,0.1272503834081028,-0.35550186411965795,0.92720877129877144,-0.11790809571047928,-0.16151408265899439,0.063310190446753817,0.98483756066085326,17.104832319810516,1.0154702307897996,-3.5126203532182574,,0.7492995244274429,0.7580645161290323,0,3
0.18711258820352908,-0.95824403443264117,-0.21623424754194559,0.96950336956752825,0.215605314517619,-0.11652280784879494,0.1582785384472106,-0.18783694744648471,0.96936328868025579,11.012210608407834,-3.7607197121476492,-3.499795086145963,,0.6349384099955772,0.3829787234042553,0,1
0.73266755209075018,0.6561974495298305,0.18056346624910702,-0.65878794525117734,0.75039455943514888,-0.053911486362920313,-0.17087042255779267,-0.079453838174584915,0.98208471441838818,16.178596433981994,-2.1308563308624975,-3.8009343687578854,,0.1175933559131495,0.2222222222222222,0,3
