axis_00,axis_01,axis_02,axis_10,axis_11,axis_12,axis_20,axis_21,axis_22,location_x,location_y,location_z,dbh,dbh_approximation,score,reconstructed,number_clusters
-0.33042075480725214,0.94382109261155001,0.0048856866605015816,-0.94383351281419969,-0.33041982404062115,-0.0010197890817488895,0.00065182928131100903,-0.0049482342814262878,0.99998754497047748,2.5060167960146789,-18.9528243926359,-1.4267926802373534,,0.09968841018926269,0.1818181818181818,0,1
-0.85895614843153334,-0.48343822966347128,-0.16876555682814362,0.48848196990718878,-0.87247627223085755,0.013058310370685871,-0.15355683035038434,-0.071222415670867387,0.98556971714777653,-13.541479049205856,1.1277802878675096,-5.5400877361438683,,0.2094372326256008,0.78839590443686,1,3
0.95079107370947424,-0.21689989290150882,-0.22124821041920231,0.28292013497500462,0.89888859628923379,0.33459750251144438,0.12630333083537718,-0.38072789222814352,0.91602060058680146,-14.798768825735142,-5.7223247109262152,-5.1069740652554874,,0.3398439514875879,0.21875,0,1
0.9536091046466002,0.28166438956719858,-0.10627721855998239,-0.25667404367934193,0.9451771618848499,0.20188751311706818,0.15731532295489897,-0.16524316718411242,0.97362548490811296,-21.719600862688992,14.444739378632654,-7.8829960376367385,,0.3727641331880862,0.7380952380952381,0,3
-0.32179636048646709,0.94067408321680968,-0.10760748831693528,-0.94680566276957079,-0.31941276978257754,0.039172942795969237,0.0024777661588442457,0.11448908971617221,0.99342141561918473,10.505526384288007,-7.8723392834400112,-1.0833534985551603,,0.2355553965584894,0.5535714285714286,1,5
-0.9311734989433248,0.33917104953023053,-0.13371205639810146,-0.34100785889177715,-0.94001116129342899,-0.009625841149006626,-0.12895563205883162,0.036633533877340058,0.99097347550576043,4.909955677228413,0.15052171772393608,-2.7016562243309195,,0.1378052262936892,0.3283582089552239,1,5
0.04115413565425996,0.99117819917686911,-0.12598458078292188,-0.99754163443784194,0.047917655945375545,0.051133020757412564,0.056718821229184133,0.1235705293554997,0.99071353053906153,9.285765860696241,3.0280310987583654,-2.3850045856773914,,0.07778204708875003,0.2666666666666667,0,4
-0.098929642193316084,0.99340148204300893,-0.058020870126666346,-0.9943563487601168,-0.096442779711825855,0.04420680854692418,0.038319415130591533,0.062066784323092511,0.99733612022619511,-7.052417687375498,0.29729612876835643,-4.4592546771246031,,0.2320733150910018,0.7497089639115251,1,5
0.46339933019141738,0.88393535003637602,-0.062604774052906015,-0.87782854118757869,0.46755986258333704,0.10394627062833266,0.12115326266606875,0.0067876252931753246,0.99261060597207296,8.859265531716785,-7.9524445293117791,-1.3554715383110822,,0.5642873156448325,0.8505747126436781,1,5
0.86273650523320944,0.49572642242902798,-0.099704747347883566,-0.48155017601195693,0.86563350567892339,0.13706955106393939,0.15425676815245948,-0.070242066824186988,0.98553077147668222,-9.6244087769147129,-5.7732455067417119,-4.3225923756093687,,0.08455063798634979,0.2075471698113208,1,4
0.94615930796538794,-0.27170555246146988,-0.17595072239711201,0.29868255049881576,0.9423356714530069,0.15097091221401621,0.12478500702400287,-0.1953959443509955,0.97275337416695795,7.6471424010665752,-5.2869713777028622,-1.7775605828983838,,0.09240344520346687,0.2352941176470588,0,1
0.96658504751234542,0.22113525694063851,-0.12966319471366486,-0.20447648124517082,0.9701624162837631,0.1302852817782657,0.15460502754810154,-0.099418731475746716,0.98296144445680211,-3.7058137029531166,3.8615803601155867,-4.3153302918170153,,0.1581418925787598,0.6220302375809935,0,5
-0.62263670045909325,0.78238943810742023,-0.013795157823269122,-0.78101386454791777,-0.62243885062185589,-0.050864728648343273,-0.048382668646326385,-0.020896037291751719,0.9986102708264929,-8.7026239014025837,-7.2433371733136074,-4.0582015085126386,,0.1170200911620583,0.2419354838709677,0,5
-0.62279381599353678,-0.73876977987684,-0.25757925984235391,0.77097897617800526,-0.63551386249079034,-0.041395034406940312,-0.13311378986312372,-0.22436876547942836,0.9653700720581273,-22.030447168976419,-12.061950189204403,-5.6531438107059042,,0.2013566671161473,0.3548387096774194,0,1
0.25017997454078683,0.96691346431570635,0.049883192197066654,-0.96473067467810181,0.24459532955791771,0.097302878136193455,0.081882267151713428,-0.072467077238231772,0.99400393210622773,-8.4930498250011084,-13.353421021208055,-3.5021687914820578,,0.1997899361536689,0.3653846153846154,0,4
0.83311814980758025,-0.51853125660447508,-0.19245644802234385,0.54328733136817964,0.832442858489995,0.10898515001524901,0.10369678893791687,-0.19535665658786391,0.97523471671735262,-1.2268034582745198,-9.6297933579073991,-2.720276252985121,,0.248251881572837,0.6146788990825688,1,5
-0.76590086318131811,0.63942583024022825,-0.067308806256721435,-0.63968388616259853,-0.76836532427720061,-0.020475698579177394,-0.064810443309896257,0.027374003543232585,0.99752206510331776,-14.969560531867142,15.181875078121452,-7.0144102829740467,,0.1880698437087215,0.1785714285714286,0,2
-0.93846567311382945,-0.26915315229068315,-0.21642264437668407,0.30920490456142019,-0.93393910740460528,-0.17930440779705659,-0.15386522473311265,-0.23518997485496387,0.95969326784423759,-10.866849351438432,14.597787640749711,-6.5189717528026057,,0.6813851260700995,0.6209677419354839,0,3
0.98801380854377951,-0.061024839668155702,-0.14179098374117438,0.085285372253134914,0.98141768827110443,0.17188870360859332,0.12866669890246774,-0.18192110952848356,0.97485875412875322,-13.052566745652912,-8.9306549892744105,-4.5686481656287175,,0.1447405244294012,0.2857142857142857,0,5
0.6380642650899524,-0.70745582554452391,-0.30394119253292146,0.76806512449801845,0.61263349135561918,0.18643006677911864,0.054313517148692064,-0.35240099343296383,0.93427168515501846,-10.145978629783947,-12.116998326639481,-3.8566173232627783,,0.514733804130275,0.2272727272727273,0,3
0.70638249721612512,0.70174713620326756,-0.092599808084152288,-0.69183275862904536,0.71214018247605348,0.11926355097302924,0.14963689957505161,-0.020182104287811815,0.98853501756492168,4.5111382275473533,3.8497691356196602,-3.0819759260630866,0.3901252242784329,0.1690125356747706,0.5775862068965517,1,6
0.15883165488202872,-0.96102492267813011,-0.22628213230153668,0.9868970006714719,0.14794599821706803,0.064391705034171451,-0.028404497409540097,-0.23354459874518468,0.97193112149157046,-20.197309021612291,-5.6134201096712131,-5.8680092655840186,,0.06750562939242116,0.375,0,1
0.91218858050968732,-0.37138601103705043,-0.173160112016915,0.39337540304561586,0.91199965933489913,0.11624290796314084,0.11475097327004161,-0.17415238206529357,0.97800979645122288,12.234734781721027,-3.9947069098761103,-1.1380924158561663,,0.07870988296868953,0.2105263157894737,0,1
0.65160438350293703,-0.65098013969187463,-0.38940542513748394,0.75642017875309953,0.59613943810625547,0.26915847285472255,0.056923111078768129,-0.46993896205901586,0.88086158467945952,-17.686642433051009,-9.5433735489296616,-5.1569882682485755,,0.4212966585384781,0.2608695652173913,0,1
0.90566579482567511,-0.37882958771865971,-0.19041431551143512,0.4088005099325191,0.89934224812191765,0.15513111816114461,0.11247938105132911,-0.2183384167111351,0.96936924060256013,6.5243974729564984,-9.6498007000322303,-1.5692280318687335,,0.09043567307270253,0.1666666666666667,0,2
0.50384123219426025,0.8567265690421717,-0.11028870585059197,-0.85725701703887913,0.51161537327409456,0.057966512463758099,0.10608684875408324,0.065339847924813066,0.9922077830749918,-9.5409408040999182,-9.1806295047839974,-4.0858370023947961,,0.0904206035962631,0.3636363636363636,0,5
-0.91838737961537953,-0.36393141925778866,-0.15530145859008651,0.36381401635536698,-0.93098166724658438,0.030207561208178094,-0.15557629146683399,-0.028758604412956235,0.98740516517063315,2.2697640474956731,1.5074589282938373,-3.2248828943221648,,0.16758870780864,0.4961832061068702,1,5
-0.84509126978754256,-0.51267867998790717,-0.15159589972930096,0.51198052946802264,-0.8577301980139973,0.046635231965883761,-0.15393727025812254,-0.038203121609703468,0.98734180420194495,-3.7894737279565236,2.8601430151986089,-4.2042013780225718,,0.1885940874580549,0.8257645968489342,1,5
-0.92850645882934102,0.35018562532672626,-0.12347381798068205,-0.35183225059772755,-0.93602048808827121,-0.0089282315343795007,-0.11870056171532892,0.035152150624442394,0.99230766547222693,-6.0913721975126602,-13.976672232778848,-3.1499624046768062,,0.1299037681325175,0.3461538461538461,1,5
0.099824151454742188,-0.9608475478411076,-0.25847074997777214,0.99429382549656398,0.086508007449896979,0.062419173548332776,-0.037615520277526522,-0.26322681180833357,0.96400037249965387,-0.51882608454423806,6.6444845635491934,-4.1555389873982804,,0.08817446386973797,0.2892561983471074,0,5
-0.57090633813878411,0.81935711456682148,-0.052152390948997519,-0.82059686385450326,-0.57149059012880088,0.0043923144682782708,-0.026205726571071942,0.045303688624300141,0.99862947868161522,-9.6963207877632076,18.282814710358604,-6.7844551888791713,,0.2687842460392516,0.6333333333333333,0,2
0.8691057782416155,0.48122276728625324,-0.11436692910276008,-0.47031260359712623,0.8755921269683361,0.11020200582909763,0.15317049691349688,-0.041988991848157929,0.98730730952365919,-7.9871979362919943,-4.1224310548256433,-4.1935747635019895,,0.07863441969691008,0.4077669902912621,0,5
0.97980061131213292,-0.13373000206868429,-0.14868439265464489,0.16314275093097114,0.9645207610341856,0.20756720442476057,0.11565122088004956,-0.22763125462191031,0.96685511170402827,17.517284410434872,-14.977537251913695,0.55844522935330354,,0.2383426373284754,0.2857142857142857,1,4
0.94628229873509295,0.31048209844758179,-0.09028110347251582,-0.29421442435885858,0.94260932575390743,0.15787821730989171,0.13411817028208545,-0.12283535950755405,0.98332283145202903,6.9302986911165929,8.6200399045788654,-3.3188761536401219,0.1600629654406356,0.1863436793441087,0.3684210526315789,1,3
0.86605549739985033,-0.47240457334233982,-0.16365144212239174,0.48898403476112956,0.86857278083043876,0.080473213861529266,0.10412727391141487,-0.149717211721696,0.98323052604262484,7.6403445232184888,-4.0637823349813793,-1.8924940308704064,,0.1397670943845183,0.5303030303030303,1,5
-0.9007332611626071,0.42813288651458153,-0.073360914116889914,-0.42288903182831267,-0.90290106760489408,-0.077035893434508604,-0.099219247097956778,-0.038365265574908415,0.99432572500296901,-14.082514020567697,13.712153358012404,-6.7861281199792334,0.1427890478538174,0.4154974139469851,0.3111111111111111,1,5
0.15915615646047929,0.98378392080316879,-0.082695314437236711,-0.98467402274198079,0.16423348443769151,0.058689279485955911,0.071318909118504567,0.072087167780407246,0.99484524095134863,11.178102794023381,-3.014385422088973,-1.3937909717088099,,0.1450027691067255,0.4864864864864865,1,4
-0.7426280977104156,-0.59753700750308125,-0.3024120254805876,0.65117616152553948,-0.74975324557003387,-0.11764215833647287,-0.15643885435489868,-0.28428787420757518,0.94588968142519869,-21.973871356932293,-1.038690431812483,-6.4817225951343351,,0.2488203471486667,0.2173913043478261,0,2
0.90269379240162984,0.42089114451366877,-0.089412312516441161,-0.39062867693731812,0.88874665945773146,0.23987207435823676,0.18042492597688392,-0.18160401915347901,0.96667824342618736,-13.551137722167116,-4.9183365659335765,-4.9775420265814887,0.5562795081078187,0.4982319624716277,0.3181818181818182,1,5
0.67880874185015405,0.72856473009521172,-0.091717643063378221,-0.72090848400351626,0.68495499104850732,0.10548752499461453,0.13967694755957977,-0.0054858271052853234,0.99018193076899141,-1.6604502037340061,20.927041435776594,-6.2399553649652955,,0.1210572838125902,0.2857142857142857,0,2
-0.13315847250221313,0.99010291000564687,-0.044328870944654965,-0.99079019910895738,-0.13409307996910966,-0.018810296489712264,-0.024568324129055075,0.041415860521646169,0.99883988904465648,9.0035278660826101,16.573815877367192,-3.914703421387681,0.8656324564761151,0.578674251971448,0.9276315789473685,1,3
0.14341857869434044,-0.95097893149853641,-0.27398938507029375,0.98911960565893065,0.14690286378089062,0.0078711062814743066,0.032764569071123455,-0.27213713539110296,0.96170050564336718,5.713365641669558,4.2488429790656284,-3.0478566108803959,,0.176277031653445,0.2857142857142857,0,3
0.835810712849133,0.54838978946045791,0.026250544796986252,-0.53753710258377085,0.80767007843219862,0.24232809938422351,0.11168847582659751,-0.21665106328112094,0.96983916251442992,-6.2382380367797641,17.905803885558274,-6.2805028426912699,,0.4773675245758439,0.3888888888888889,0,2
0.95306929780278804,0.28390425808140402,-0.10515362965179889,-0.26089410337302149,0.94638381294131391,0.19050444988988141,0.15360071748168108,-0.15412998036043096,0.97603830290783422,3.1625547744446645,9.7562528977751821,-4.0272214258533889,,0.08067932817015941,0.3043478260869565,0,5
0.97312152205297275,0.1992746465428562,-0.11543014581349341,-0.17560968102578231,0.96637111472152137,0.18785129374562481,0.14898235884603125,-0.16253148580229551,0.97539108714175182,-11.631465514327507,-4.3874622227366231,-4.7722159672518574,,0.2128183798578338,0.4380165289256198,1,5
0.41847326897152848,-0.86730549262977552,-0.26955761093039987,0.90814978726912221,0.40350509775749704,0.11156881269763605,0.012003626090905928,-0.29148725278806747,0.95649939593432809,-17.906825656613112,-0.76849203683854306,-5.9840650054467055,,0.324251693136849,0.5423728813559322,0,2
0.52707507358130123,-0.78317436379639371,-0.32989359299837862,0.84977551687796726,0.4896307118222008,0.19530319238370841,0.0085695813228640148,-0.3832749430012331,0.92359454326200507,15.699985200513112,-6.3186688788500449,-0.41804411850481782,,0.4978526140850323,0.7333333333333333,0,4
-0.65450212707540145,-0.73328850271535662,-0.18416008644449963,0.74446941611182016,-0.6675451306671667,0.012197827539368707,-0.13187969566199406,-0.12911804795622328,0.98282057139849999,8.9234855013396945,1.0003881119645341,-2.1868451448762403,0.4819856674871901,0.4493410046751006,0.875,1,5
0.057728716353858019,0.99101527917748877,-0.12064871215599277,-0.99641658702506686,0.064678760916526065,0.054503605271754164,0.061817314802991359,0.11706995482644837,0.99119788401079656,3.0618563234349834,3.8229279345312048,-3.2658868019616381,0.1908492645132353,0.1191527227027308,0.3595505617977528,1,4
-0.31743129218210658,-0.89028148005568797,-0.32655208009359221,0.93743200477474453,-0.34654832391246881,0.033548407077857868,-0.14303360153335073,-0.2954710568961233,0.94458363492550845,-22.544671463929483,14.400698476203891,-7.9873376083513987,,0.5261335682349504,0.3125,0,5
-0.62483257570249562,0.77999242227694687,-0.034584296024725708,-0.77896083019483608,-0.62578620754933212,-0.040145329282438184,-0.052955428080191103,0.0018557024451536757,0.99859515270467769,0.92132760081704757,12.819745732873967,-4.6573688562186897,,0.1745797112461724,0.4833333333333333,0,5
-0.3515867953352706,0.92757985190332826,0.12642129444391018,-0.93615080833871045,-0.34794667674090851,-0.050544774128841917,-0.0028964448298759429,-0.13612027214179739,0.99068808518089579,-18.548237032302911,3.0934029173268165,-6.3856235124287624,,0.2402909358084549,0.1666666666666667,0,1
0.73018738043630904,0.6716596161947116,-0.12529864095326415,-0.66869546006542024,0.74016293567594305,0.070747511189204915,0.1402596561362463,0.032127692490180874,0.98959337115595092,-5.1917627877936923,-12.219808442105402,-3.1261896150144195,,0.07236967873049031,0.36,0,5
0.049116143553281817,0.99666856587226327,-0.065110477225867144,-0.9969062792333222,0.052924149429697719,0.058111142066874177,0.06136346525113158,0.06205484839454347,0.99618458175335334,-1.938521797608683,13.719546362091547,-5.1764094781798855,0.4593359817385135,0.3773756191918497,0.8438818565400844,1,5
-0.61939531436859063,0.7829824739647453,0.057340125586563942,-0.78379489366424249,-0.61255433734471321,-0.10218976693406455,-0.044888853895974253,-0.10823876045219298,0.993110951269635,2.1007432280042933,13.15443107004714,-4.4821835262414398,,0.4813517494359871,0.1836734693877551,0,3
0.98284937243315773,0.1195082398924152,-0.14044533351295024,-0.10533225306440376,0.98894280149087477,0.10438990297799425,0.15136785514805742,-0.087806127218979277,0.98456988398522527,-13.317538270619446,19.518827126149816,-7.2900650477848288,,0.086833352799115,0.1428571428571428,0,2
-0.35136404793411169,0.93536284427805938,0.040492658142118089,-0.93622516120734434,-0.35079567426132641,-0.020611706426769079,-0.0050747750331693528,-0.045152458001757552,0.99896721777782194,-15.375766543810846,0.91420946599934827,-5.7509310635937521,,0.3838000293899053,0.2290076335877863,0,3
-0.1201719274092433,-0.91789599869525662,-0.37818731264015948,0.9920735120827352,-0.12512759412699828,-0.011542608536043506,-0.036726754370278045,-0.37657671299116119,0.92565713131061556,6.5304327179363568,6.4857160438423174,-3.1687819286652887,,0.620247634134516,0.2916666666666667,1,2
0.82144929334213557,-0.5482499418735588,-0.15698108071785757,0.56289873656654732,0.82364062614580769,0.069000951688558076,0.091466227863029589,-0.14504523500543406,0.98518820991865663,-14.353419694379962,-12.809146813034687,-4.4597725929602836,,0.1002705632066823,0.3333333333333333,0,4
0.90005186418605077,0.4287056122679922,-0.07821853862826264,-0.40796398183339616,0.8920141519491781,0.19461793917578324,0.15320584617388269,-0.14325589248723583,0.9777554489573711,4.9185859912757444,-5.4760463972084636,-2.1811504598888671,,0.09783932040439744,0.1612903225806452,0,5
-0.27144840936487968,-0.93168776316141333,-0.24139940560937218,0.95816080131852177,-0.28526077140908002,0.023540839231930535,-0.090794492508762772,-0.22490932455186913,0.9701402763825947,-18.272875054332285,-2.9342406960387484,-5.8229327828373609,,0.07095867466779357,0.2777777777777778,0,1
0.95994325998877639,-0.2311115371128914,-0.15841841753861055,0.25395039014408577,0.95653259620072673,0.14336872654510166,0.11839821344846162,-0.17785626168008314,0.97690788369907144,-1.4669602675208175,-3.7097126995334762,-3.2891781266996585,,0.12216579969976,0.3682170542635659,0,5
-0.34983917657559421,0.9304419740723463,-0.10904257616759155,-0.93680615829433023,-0.3477832077854639,0.03796132458529311,-0.0026023671392145066,0.11543211540471621,0.99331196228499341,-16.750624160176553,-12.330617090356423,-4.8505576996428061,,0.2124838130432229,0.6176470588235294,0,1
0.85324441514286919,-0.49650665458031751,-0.15954657622450441,0.51221801527489219,0.85535599411239771,0.077452102384886035,0.098013636068408586,-0.1478082044185979,0.98414737811528841,-2.4835004711257089,-6.9572106989612719,-3.118950549637876,,0.1730651184428669,0.7349397590361446,0,5
-0.97022211791745683,0.20937876596037944,-0.12177673944015092,-0.19633958767769116,-0.97425366391181922,-0.11081770916668075,-0.14184430977067777,-0.083608197680044918,0.98635179376649162,6.734652755962685,9.3834209787611194,-3.428113991353972,,0.606653868562799,0.8421052631578947,1,4
0.016480629213588886,0.99531950276247194,-0.095223296946657113,-0.99745608418250031,0.022971961799878576,0.067480731311827469,0.069352353875253195,0.093868931983547912,0.99316608612066049,-15.901317140047777,8.1641131956127726,-6.4921258356956217,,0.2555276299999735,0.4444444444444444,1,5
-0.8209767525485594,-0.5310380050986504,-0.20975177929082403,0.55064911418440554,-0.83352330108114558,-0.044993995185114787,-0.15093947403761002,-0.15243865551635638,0.97671886000098018,11.17745160263547,3.6758164224742944,-2.1303859885995098,,0.08751117439849279,0.2608695652173913,0,1
0.86181703284092159,0.48978103120473232,-0.13185576732664786,-0.4835941290917114,0.87183971567617025,0.077667422242039805,0.15299712485304756,-0.0031704324189881202,0.98822154810800256,-4.4117547023227974,14.052081134264183,-5.5510900585117131,,0.07943113869085541,0.2903225806451613,0,4
-0.59808896247929266,-0.77655972010569552,-0.19810248375476844,0.79235304104466064,-0.61006237563199028,-0.00074577847344108213,-0.12027573033543555,-0.15741314731501097,0.98018102906792726,-10.259855814768189,11.749966089316743,-6.0747778632873333,0.3530869414133435,0.2344785084278446,0.1621621621621622,1,5
0.93486720239078092,-0.30876346532665866,-0.17518115302026019,0.33657621253523773,0.92781623299223503,0.16085238870322208,0.11287057654441658,-0.20933743161597079,0.97130740379910585,3.9372289749121894,20.075291111407935,-5.1180627208002134,,0.473065847543289,0.9107142857142857,1,5
-0.09191117649321201,-0.97555355407657562,-0.19961863330911081,0.99356647059728342,-0.10316700125335157,0.046714434142453451,-0.066166488047139912,-0.19404080236113885,0.97875950206297091,-3.391826620966846,-2.8961532817643496,-3.6460041769998166,,0.1223935576987475,0.5331491712707183,1,5
-0.62612024202909888,-0.70767895719720164,-0.32735903235087793,0.76823264141842229,-0.63171051938929235,-0.10373248455610697,-0.13338684785500873,-0.31643690245164335,0.93918881785619279,7.710292740918856,1.3865103841869957,-2.3418790169242758,,0.3395000683777661,0.2777777777777778,0,2
-0.95678764989208176,-0.10783237954195969,-0.27005475544101248,0.14441445227551608,-0.98228383957941001,-0.1194274862629756,-0.25239227204482512,-0.15326655350548357,0.95540960042727252,-11.216577863952335,11.297264625436702,-6.1501572220764995,,0.3002975262889154,0.2452830188679245,0,2
0.99067690068202641,0.10918530774605098,-0.081472983420607187,-0.08359071242190301,0.95941500186533224,0.26932405572570545,0.10757263244828177,-0.26000273607818891,0.9595971581762851,-10.468554466158908,9.8931878944813931,-5.8757071866563289,,0.2585348042695121,0.2541436464088398,0,3
-0.79265509250033561,-0.58873951032100136,-0.15837832339140306,0.59148501407197029,-0.80558509551658508,0.034323927657177754,-0.14779506913820037,-0.066471368787784035,0.98678172595053304,3.583103858696667,-5.7546757309745233,-2.3168114700841773,,0.1652079072745549,0.5354330708661418,1,5
-0.98237608968822265,-0.10862067191310232,-0.15211432556476939,0.12924367390390809,-0.98265480013809436,-0.1329872795472673,-0.13503070452566965,-0.15030333794932485,0.979375114772983,6.1787329804292428,14.520029629413671,-3.9655733261359383,,0.4181430402130636,0.7213114754098361,0,2
0.64462256926188377,0.75828547727340234,-0.097287605348553644,-0.75241913886722334,0.65181176068226998,0.094904520980742979,0.13537792532208892,0.012023460089638118,0.99072107767169215,-17.056773164146943,-2.1710945561065498,-5.7155438739328268,,0.1263936596722733,0.375,0,1
-0.96788745036930934,-0.19543996895668347,-0.15810471830975581,0.19732239420907083,-0.98033105983537916,0.0038582205277308775,-0.15574901656574486,-0.027463278323083772,0.98741481262058794,-13.189793947109548,-7.0675278744434511,-4.7855605877907346,,0.1226841967035581,0.4487179487179487,1,4
-0.29032525831640471,-0.93901297764762193,-0.18429832390138304,0.95269125695514134,-0.30173174297669525,0.036569443548918147,-0.089947836576234133,-0.16496236870750758,0.98218980019427138,2.1170072979187831,-8.6951012737466584,-2.2778455334265337,,0.1338027011584343,0.2105263157894737,1,5
-0.6211726676557251,-0.69073215300259305,-0.37018050970556543,0.76333570585139765,-0.64021066361107093,-0.086307047053061997,-0.17737845734422697,-0.3361835793239667,0.92494188134342126,-15.737677152563226,-3.4372113013268013,-5.4028847170130536,,0.525161509230372,0.3644859813084112,0,3
-0.90980662873622498,-0.36840153727732622,-0.19113399917159618,0.38318636677620577,-0.92253247521709292,-0.045848015078892579,-0.1594368421177364,-0.11495277074314508,0.98049260776101599,7.8137389416009633,-11.467023670330658,-1.1960700492116485,,0.2839818133735181,0.5555555555555556,0,7
-0.53386606071174236,0.84478617210531948,0.03637791417560312,-0.84485355211015511,-0.53115097201084194,-0.064039990777564615,-0.034777934196540204,-0.064922787614051458,0.9972840753473613,-19.527020119470841,-10.675758998228593,-5.379400177635409,,0.2989465597424835,0.1538461538461539,0,1
0.90289418908482921,0.4162520716017632,-0.10731400749244625,-0.40508029680820457,0.90744075606125674,0.11162986776284514,0.14384726780382409,-0.057319168924662808,0.98793849829792524,-3.3614757716706265,8.7658535074723147,-4.817954093998166,,0.1483287043631781,0.2093023255813954,1,5
0.41732834243892081,-0.83379267466447615,-0.36142333941382515,0.90861824503575894,0.38976399020366409,0.14998972207672848,0.015809471380128857,-0.39099080247030898,0.92025879675138333,8.4767559483154766,4.5102218361726782,-2.6769818141004786,,0.1377717820089864,0.1470588235294118,0,4
-0.61344606764080201,0.78323491226222597,-0.1011286028264011,-0.78767247462644507,-0.61605788543827478,0.0066898808040874074,-0.057061325009925674,0.08376009791603943,0.99485086881663154,-10.211629165367217,-7.0046232374677011,-4.3614541736254644,,0.1150080046593655,0.3272727272727273,0,5
-0.26103305885719147,0.96270257689647676,0.0711722601899233,-0.96467943124323152,-0.2628532892614856,0.017370758781745443,0.035430736936929066,-0.064124073180840929,0.99731277246348593,7.9063275518441012,9.5861862820069117,-3.2360973303108325,,0.5437182958639967,0.5357142857142857,0,2
-0.98889851709266818,0.068162469840920725,-0.13203636089012349,-0.03153955477290088,-0.96461850047055653,-0.26175638489760139,-0.14520667814067145,-0.25468613282846714,0.9560596186264908,4.4818452477384403,16.98092976061319,-4.5111306850181672,,0.7502853013497492,0.3793103448275862,0,1
-0.86091007395499175,-0.46862692158020136,-0.19804709776483756,0.47999439703530122,-0.87720435372913486,-0.01085820488700948,-0.16863932927264882,-0.10440943524851833,0.98013236170098816,-16.253767031801942,-5.8655635331311533,-5.2694693093278948,,0.4244035438865777,0.7945205479452054,1,4
0.45494626342243816,-0.83429438376748022,-0.31141094812482584,0.8899506663014165,0.43844082156945374,0.12552871197924109,0.031807372535724701,-0.3342491992444318,0.94194785623028521,-14.493438385870462,5.0508337008069297,-6.0257102186391567,,0.444973773720761,0.2592592592592592,0,5
0.62716236140013748,0.77514594734858244,-0.076263574215160737,-0.76732763871924048,0.63169196517064308,0.11033383885465418,0.13369991511050891,-0.010678082595618333,0.99096433399569073,-6.1993615639699007,-8.5098807798998291,-3.5778475267730969,,0.07469081909365011,0.3225806451612903,0,4
-0.53857315041481824,0.83533761728034028,-0.11022716003173577,-0.84182480096566281,-0.53899989554222139,0.028462555833876604,-0.035636584171042145,0.10812112541903481,0.99349879522158546,-21.710037063376838,-8.3647058800412282,-5.8773378975561386,,0.105851117806525,0.4705882352941176,0,1
0.25736901043850446,0.9572906887005147,-0.13174114692531785,-0.96221357478993563,0.26642923205514851,0.056218331498504949,0.088916977883174639,0.11229426358366225,0.9896887234935664,-23.798508419547019,-9.0609810874041887,-6.1321121277602151,,0.09730979201127121,0.375,0,1
0.58569192583463126,-0.78749513152277406,-0.19187596472734705,0.80982777439486597,0.57842683427779973,0.097986597073379852,0.033822238701467763,-0.21277644422090514,0.97651535623047392,-17.294843750946196,-13.89839602211484,-4.7893674355859028,,0.1531191083719693,0.3333333333333333,0,5
-0.46437816823805628,0.88069189798266212,-0.093459604597726634,-0.88534791800882706,-0.46433061149058608,0.023582775710514953,-0.022626995852337971,0.093695592534943431,0.99534373710704738,-6.6285179964737821,-2.4309176162832831,-4.1072273947997582,,0.08553542046694614,0.2615384615384616,0,4
0.81981574706169791,-0.52054604244492775,-0.23860837907457169,0.56522498658546971,0.80240206437469708,0.19149841155132305,0.091776115679005399,-0.29186083118868178,0.95204747770724418,4.5151105632397792,-18.911729613584853,-1.1146723316695091,,0.291283973719335,0.1428571428571428,0,3
0.9089763630781319,0.41385466961429584,-0.049862649385021496,-0.3822861014576599,0.8753161526936577,0.29610634823636561,0.16619057734286663,-0.25009187366248858,0.95385258123592098,-14.754624588931584,-10.325618049643197,-4.6649723331798461,,0.6572308339045843,0.5056179775280899,0,3
0.77874301689552428,0.61738140043856948,-0.11135313210219136,-0.60570959617426667,0.78616038022947654,0.12275072977319117,0.16332543812543115,-0.028143612951344026,0.98617074500878421,11.028820136109704,-15.003867462684202,-0.41574517642550574,,0.2425710519970079,0.4666666666666667,1,5
-0.14784276937718158,-0.97358639139874836,-0.17398866062490415,0.98624695687012198,-0.15827327916188541,0.047607868758917267,-0.073888129001267525,-0.16455730790975651,0.98359617567688051,-12.800065909853968,4.1775625091174504,-5.677546163987822,,0.191262656563658,0.8850267379679144,1,4
0.96330750899241568,0.23292352564150254,-0.13336144240956521,-0.22062135173206834,0.97013776655952144,0.10079153265437764,0.15285569102504012,-0.067670858555479621,0.9859288983611455,-8.7630679560150924,16.265208349797835,-6.4369408996866317,0.7400210644939725,0.3841734376348098,0.9078014184397163,1,3
0.83079560334659452,0.55645958026844367,-0.011463026975215364,-0.54213877133310995,0.8137320275787433,0.20958468434027333,0.1259532376614147,-0.16790748291858146,0.97772330395800233,2.4350053213889713,-20.256431545392356,-1.3327383885221746,,0.4838615295966636,0.2857142857142857,0,2
0.75552363705932934,0.65488124833313277,-0.017736528022124456,-0.6386783018026021,0.74231821262714615,0.20261712170638937,0.1458563013763414,-0.14175408912505935,0.97909739942721596,6.9278442406203746,3.3794578524198129,-2.7441940470224124,,0.5262191666463916,0.1428571428571428,0,1
0.95931352956476523,-0.23397608536044007,-0.15802766679729413,0.25103537775163626,0.96299293353281312,0.098111411583770652,0.12922380241691464,-0.13379013956667687,0.98254842498659756,-10.901662721360399,-1.7178265418460101,-4.8633376029858937,,0.07450994068863449,0.4519230769230769,0,4
0.55182396755130758,0.823879590275306,0.12927772261193171,-0.82481277511504814,0.51627621446742633,0.23052712721542509,0.12318358187252974,-0.2338403111163217,0.96444000023540888,-16.757878554341225,0.42919640208498439,-5.9083826878238614,,0.4402664377445111,0.375,0,2
0.49349698287731736,-0.83719747225569752,-0.23571406478964033,0.86974705895762661,0.47475233065828093,0.13472296748917093,-0.00088392620890163952,-0.27149699258592191,0.96243888205498862,-19.012528654697356,14.710750417394092,-7.5205438035126999,,0.2338222656763626,0.4074074074074074,0,2
-0.97911146861235565,-0.13027153776678577,-0.15610912362713977,0.13015603552602226,-0.99143243392832447,0.011006151512119918,-0.15620543667845094,-0.0095422954699483555,0.98767849331108715,3.8076104795749002,-14.852609870095897,-1.5564703161369506,,0.1267315976171653,0.3846153846153846,1,5
-0.78225364083699156,0.62260436686862553,0.021048604547317266,-0.61911564027838029,-0.7732343478497522,-0.13712938149083656,-0.069101847731896371,-0.12030147821821037,0.99032948505967011,-3.5386136005953608,-6.5206078871818027,-3.3258528532277185,,0.2925874378798528,0.1911764705882353,0,3
0.9000188046546499,-0.37152270561205586,-0.22789697339524237,0.42108160145037721,0.87614965653338739,0.23463176314474482,0.11250082749917752,-0.30713622152250902,0.94499254242606345,-11.105570812033561,17.129030922252714,-6.7972830285793737,,0.2298532954095393,0.2592592592592592,0,3
0.70967518787765183,-0.67912526025985587,-0.18748335549536235,0.70260279121205393,0.7018801577783178,0.11710491833442485,0.052061938994317949,-0.21483278379722368,0.97526223628011199,-13.029469903188849,-3.3266233415287259,-5.0131435699067914,,0.1156668098148029,0.2156862745098039,1,4
0.48456173986742851,-0.81404724785391325,-0.32019837369686927,0.87408862885498373,0.46489468145103952,0.14086164866616474,0.034190483516090664,-0.34813792298456347,0.9368196183988301,11.043056654229733,-16.382233504747976,-0.31694841611980079,,0.2478752163881594,0.1,0,3
0.98875738429745419,0.039702340832205099,-0.14416157299953483,-0.0214741891512607,0.99181517521241369,0.12586308997742263,0.14797869507990893,-0.12135230673873623,0.98151715392632599,-9.609302322504945,-8.0754188302337244,-4.1629373228814481,,0.08011835635642653,0.2857142857142857,0,1
-0.94484816596107335,-0.25322243952399287,-0.20770252622804947,0.27643717983630384,-0.95669896333082072,-0.091156893134218694,-0.17562582066469276,-0.14354612388793414,0.97393535793326791,8.468024097104303,6.742438561998445,-2.8714593168013915,0.7573919607886233,0.3310301028784549,0.4375,1,3
-0.66779526333085615,0.74005572365081718,-0.079793559668298902,-0.74191539233734027,-0.67043427888705676,-0.0089122559502421133,-0.060091903662665015,0.053248507818135081,0.99677156837930492,-28.844554101319424,-14.753523389380312,-6.4862114480587669,,0.1179748631682062,0.4444444444444444,0,1
0.043427811462629119,0.99097156480018356,-0.126843931463204,-0.99738235322135482,0.050351399336814609,0.051895838633330985,0.057814069863645165,0.12425817615875533,0.99056420235313436,-6.8435039032987186,-9.1784112487853697,-3.6539011973251303,0.1743916989638287,0.1802204033443779,0.7678571428571429,1,5
-0.95450815897903774,0.26280544152345553,-0.14088106454775351,-0.26916329893798041,-0.96269301491270287,0.027807868366930059,-0.12831715764959076,0.064462849331617819,0.98963591694560982,-8.5300477774324683,-9.2881891247458412,-3.9057462373241725,,0.2222770007956641,0.7931034482758621,1,5
0.48209633870875029,0.87168840954290538,-0.087991118143694341,-0.8683311365823323,0.48875621368691013,0.084370615880586641,0.11655109371109365,0.035730662616231229,0.99254176854364784,-6.8668801418599923,9.0670039262923687,-5.3091700751673079,,0.0697666487980263,0.1666666666666667,0,5
0.82743838241913581,0.55305952841993167,-0.097318453150094117,-0.54077014848598215,0.83146819124443527,0.1273903193149139,0.15137162814098593,-0.052780725389387065,0.98706677850149382,-2.9139224176608041,13.565242418445923,-5.2541038784930789,,0.07262146080507918,0.2,0,2
0.58781703335095103,0.80813164936751247,-0.037341298759290563,-0.79960577090971663,0.58738787263128056,0.12492436997469915,0.1228891631933598,-0.043574354570571731,0.99146332720549635,-17.963812049267872,12.771218863391235,-7.2152920855965732,,0.6412023313575961,0.6,0,4
-0.099011485782360853,0.99373839173691658,-0.051775809711644458,-0.99356152653300567,-0.095846568428601633,0.060406359879279045,0.055065585228642792,0.057423375976935351,0.99683014461584118,-5.1318638479739311,-5.2267425754898049,-3.6625111926546428,,0.2760123556850683,0.2330097087378641,1,5
-0.21041461662261482,0.97623583196068497,-0.051858360054932329,-0.97732920938488477,-0.20878119177159982,0.035185656815603213,0.023522448738874088,0.058086266521953818,0.99803440824796552,9.7498770295905981,-10.979870080620813,-0.93382927829959728,,0.09249296343923834,0.25,0,3
0.94541844151505605,-0.23163903064827426,-0.22918841577089166,0.29124229493607767,0.91613032613729328,0.27546896589623987,0.14615709385318895,-0.32718280060526556,0.93358958804417136,1.2417361905213962,-14.264982341035406,-1.9675327405222667,,0.2350915202230263,0.2666666666666667,1,5
0.90047580133910599,0.42762515072770674,-0.079246840112420031,-0.40576525552265996,0.89165185737771757,0.20077729614052084,0.15651801370234586,-0.14863948230525489,0.97642634934064543,11.641646857203991,-13.03040643027547,-0.46271882933616276,,0.1944286556380256,0.1052631578947368,0,5
-0.25809449119441041,0.96326887793940696,0.074164023680311539,-0.9660844770922361,-0.25666823776105535,-0.028323115048565984,-0.0082472259892861395,-0.078958752003750299,0.99684376847402278,-8.6713146427115646,-17.81351714679727,-3.1928739368231218,,0.4680646889816097,0.2857142857142857,0,5
0.98545947644174081,-0.046456688375612169,-0.16343621506979716,0.094220252344044755,0.94986901284594238,0.29811306996389614,0.14139365027961559,-0.3091773512730932,0.94043458098921462,-15.336063661190062,-8.7445600302877704,-4.8713423063829007,,0.2387305070345411,0.3333333333333333,0,1
-0.91625854287845454,-0.35357198997374539,-0.18830063862944257,0.3691625811429215,-0.92778150138841986,-0.054226140977799389,-0.15552900464590519,-0.11919871470554579,0.98061327501028595,-21.007970703781123,-1.7635035668100529,-6.3045402350503199,,0.1620283570977964,0.4666666666666667,0,1
0.83715943917064406,-0.48608254964838232,-0.25077445710203577,0.53843020195768398,0.81303369815995419,0.22151551475270539,0.096213258064054036,-0.32046834568124904,0.94236036015370639,0.40779463527160992,1.7613699199555712,-3.5463313541960906,,0.2697498305129784,0.2787610619469026,0,5
0.89695074737037317,-0.38733085436088244,-0.21319982657544018,0.42125307329713702,0.89510285427567549,0.14607097078220316,0.13425797938836131,-0.22082954858353396,0.96602748689824891,6.0779095701223262,2.0984535387178855,-2.6999361719701618,0.1320272384066706,0.1515563668760525,0.4,1,4
-0.84980751300253465,-0.49264493645203483,-0.1874250715155715,0.50497615884774816,-0.86286311032494378,-0.021594717773947326,-0.15108365179535524,-0.11299654609116769,0.98204150153221392,-24.474445760695499,-5.9584553645731528,-6.4923503725495317,,0.2510795650725213,0.5666666666666667,0,2
-0.31334722598481818,-0.91901569940524364,-0.23921467391093013,0.94453717008202498,-0.32768895630740097,0.021667539029806691,-0.098300815363156088,-0.21915768788901638,0.97072491342196499,0.10206381622250502,-18.758715569373305,-1.8329445463270075,,0.4237737493783488,0.3333333333333333,1,5
0.35785192834724666,0.92549995906855809,-0.12406378658679593,-0.92834764031606043,0.36692501024357282,0.059470123401214395,0.10056170293784258,0.093892825188354026,0.99049052558840256,-7.8113876570664127,-6.3078794428744711,-3.9817257059092404,,0.1974459809245525,0.5483870967741935,1,5
0.79883186815728113,0.58845015052181149,-0.12487620576877241,-0.58263542473112129,0.80850635233746482,0.082785506451019092,0.14967834935197957,0.0066256004122853696,0.98871254323713431,-15.86811212761345,-5.0505328649619585,-5.2927381897992483,,0.07630406577835032,0.25,0,2
0.064206276193900333,-0.94232751020893635,-0.32847590109586355,0.99755722280923731,0.051529563118122332,0.047162393344449542,-0.027516201017468263,-0.33070162930999047,0.9433341354224829,-1.2379038267124531,7.8622411677554034,-4.3634577997788897,,0.1291751590373221,0.2444444444444444,0,5
-0.83606338412169279,-0.51598901739392045,-0.18642250845818203,0.52700662686717525,-0.84978425082390396,-0.011434259474905605,-0.15251895937576537,-0.10780566302617899,0.98240312807442798,-5.5069924090405866,10.858291779097472,-5.3495056946619464,,0.1264384442188582,0.4213483146067415,1,5
0.52595384214291419,-0.75201314127900198,-0.39730188934712379,0.84985943545991727,0.48299546415838107,0.21084193501810827,0.033339104589905001,-0.44854388519532601,0.89313878381751255,5.4304120960809348,15.74198174622672,-4.2596315746482878,,0.6327052635795063,0.4666666666666667,0,1
-0.2771678148138968,0.95529567579859886,-0.10289885437548338,-0.96082120158787432,-0.27566151901726621,0.028867724405042948,-0.00078804220799901772,0.10686860499506326,0.99427283994680582,12.078208833851479,-5.4172194536677498,-1.0114927835912146,,0.2488224252793325,0.8518518518518519,1,6
-0.87570543883525276,0.46504815817778056,-0.12988531468111189,-0.4714281140236144,-0.88163544451538811,0.021782476495831281,-0.10438159656996604,0.080306622078180859,0.99128972997196763,5.0696005053748188,-3.2142520037143028,-2.3679332082520523,,0.3868665034142321,0.90744920993228,1,5
-0.957105156731342,0.25399422444653968,-0.13941539694765831,-0.24661894035567264,-0.96671414997873584,-0.068138465558991848,-0.15208161366883705,-0.030833199293775045,0.98788688451927098,8.993128001507662,-5.7523415048447211,-1.4988132478374041,,0.1985848453551914,0.3947368421052632,0,4
0.0609434061173822,-0.91278756876723477,-0.40386229776349852,0.99719607532632071,0.038075366488339077,0.064422463633124719,-0.04342681895550761,-0.4066560226663064,0.91254862370430767,-2.9867755502768429,5.8089634061215509,-4.4507463497037749,,0.6382370743173537,0.255663430420712,0,2
-0.14260928087661229,0.98925248719748282,-0.032281722095459875,-0.98953125296038791,-0.14176793761051512,0.027013909015624032,0.02214706351864347,0.035796207051223855,0.99911367678470209,1.1767614377341806,-13.179355075972515,-2.0664929029422083,,0.1373315269326732,0.3333333333333333,0,3
