axis_00,axis_01,axis_02,axis_10,axis_11,axis_12,axis_20,axis_21,axis_22,location_x,location_y,location_z,dbh,dbh_approximation,score,reconstructed,number_clusters
-0.1112489460778992,0.98907217490562316,0.09674660109800623,-0.96956901657206163,-0.12938478168166523,0.20783527220535208,0.21808162256375849,-0.070681051892624747,0.97336765654263968,-13.994668377894021,-0.47548477257305732,-2.4576214571012844,,0.2271423760005256,0.3888888888888889,0,2
0.30862504664238444,-0.93785940030987736,-0.15865158629960935,0.9418834602679742,0.27805903537209303,0.18851716134497576,-0.13268808484039768,-0.20761242279386233,0.96917023996976337,-7.0508006366493055,-9.855553184918989,0.1247037893110645,,0.08197424646474732,0.4210526315789473,0,5
-0.84201141148345626,-0.52409226014192301,-0.12784399004634009,0.50201655216519481,-0.84799797644869235,0.16993767472545024,-0.19747446489054735,0.078909662261687677,0.97712696253759057,-1.6384291232972694,-4.5840424200361927,-0.37335828402912602,,0.07422291590048394,0.4090909090909091,0,5
-0.47975183169290753,0.87050026038609662,-0.10985206714048296,-0.87202152286517198,-0.45920977960038667,0.16942503350824498,0.097039392244622394,0.1770753370379439,0.97940169561099477,-10.379506442920919,-1.6578542149377318,-1.8771481348964827,,0.08673864086281322,0.3552631578947368,0,5
-0.95604739845671793,-0.25803875702519352,-0.13924572444795488,0.24675902678407383,-0.96457932201151864,0.093256175390033641,-0.15837725406357867,0.054797184423044383,0.9858569439703655,-0.27611904066103177,-15.526162078976846,2.0293203554125094,,0.1482208934806679,0.4545454545454545,0,5
-0.067141990530087223,-0.96303150814504035,-0.26088746123098289,0.98021719534647733,-0.11246195992852696,0.16286975629662231,-0.18618862224836522,-0.2447909759139914,0.9515309637927355,-5.4986599537806695,-2.8852700033300169,-1.1006803607810425,,0.07739295066347719,0.3170731707317073,0,1
0.60546715122891981,-0.73827925551403673,-0.29724277898777512,0.7929723996958048,0.52776644412779483,0.30439670460334955,-0.067855007946445015,-0.42000752532584695,0.904980318330871,-9.5330852731264297,-5.4336988767818726,-1.003098067804697,,0.1760182338914402,0.2127659574468085,0,4
0.86617569242506698,-0.47063235276400367,-0.16806206705790347,0.49967081561235382,0.82119278560892306,0.27562925260055998,0.0082913133604879691,-0.32271906884421425,0.94645848124842868,3.8127605600071592,15.829508995932144,-4.1817445878723838,0.2798850666780505,0.2316114208625003,0.3428571428571429,1,5
0.97358593166344509,-0.18482504296316088,-0.13405274022073049,0.21239874600390599,0.94856516548269354,0.23475710751488982,0.08376876722853889,-0.25702885115577018,0.9627663077354518,7.67247297872622,17.89549084986696,-3.9080688043614811,,0.1970858543214681,0.5238095238095238,0,4
-0.79731629851553221,-0.53581725349177578,-0.2778247486852487,0.56517448421424654,-0.82434581234800963,-0.032121395633767043,-0.2118124701585152,-0.18263037131000628,0.96009459167340272,-2.8431680119450471,13.150822371689394,-4.1506872633763612,0.4731881267618682,0.3747567228078714,0.2482758620689655,1,3
-0.073808566380727803,0.9957967283272664,0.054232567535891382,-0.98158495399251111,-0.082147661094770813,0.17246083576331042,0.17619101459592812,-0.040504785265101609,0.98352228685794718,-14.501508992113575,-5.9698568878334228,-1.4018822865313694,,0.2442036928672617,0.2631578947368421,0,4
0.78630997848342576,-0.58239843793528945,-0.20622482204605691,0.61719480136309979,0.72529108212697802,0.30499741532911268,-0.028056993918747799,-0.36710339916379198,0.92975690339713601,-0.075243968077004855,21.772132286971452,-5.5042655470879369,,0.4053958121101138,0.5970149253731343,0,4
0.99031235990615296,0.078142769463541345,-0.11478300134459653,-0.042308573586210499,0.95712400427895827,0.28657219864130595,0.13225511112318508,-0.27893968526113261,0.9511578405124006,2.172363755132098,-6.3242620249701691,0.32903538449162212,,0.07039971992545871,0.2058823529411765,0,5
-0.028441253366857044,0.99924909057200162,0.026312546398041668,-0.98476644323069784,-0.032526939345915051,0.1708129108221825,0.17154051239774804,-0.021053579453718146,0.98495207974728549,-4.270933446219094,1.1288849056044969,-1.7862971525393814,0.4403171434641048,0.2632253681846952,0.3275862068965517,1,5
-0.69948391013043554,0.71463689231813798,-0.0040461841913114584,-0.71369065751602234,-0.69824233193989294,0.055707192188147875,0.036985197619907623,0.041854008470081319,0.99843895012764894,-2.5988474615332824,-4.6990924652072348,-0.43833009827305386,,0.1928325790776552,0.1666666666666667,0,5
0.99431371628627052,-0.0014033079968911316,-0.10648128629788528,0.037171537495783072,0.94159284690029477,0.33469566394920341,0.099792336405086418,-0.33675056257245406,0.93629084594582579,13.910018972479675,-3.7906060941437523,1.0474420761523608,,0.2822844175904667,0.2580645161290323,0,5
0.76563458273063834,0.63489529790129617,-0.10349708416040693,-0.60919746641128758,0.76730028529062388,0.20032153930867239,0.20659654557845367,-0.090322936709078844,0.97424824067549542,-1.1605020115132751,9.1563852040671545,-3.1777114510658819,,0.06672778851841746,0.1333333333333333,0,5
-0.98589903643531129,0.11678364479066393,-0.11985270236975047,-0.13405337544843149,-0.97986998368718403,0.14793413263935587,-0.10016377831734287,0.16191477813431582,0.98170811453043849,-16.994455718304327,1.0703726399666851,-3.1254895229789432,,0.1849948342246154,0.5333333333333333,0,1
0.67227196164328973,0.73370360082644914,-0.098637902058932206,-0.70847734044128208,0.67628103758307612,0.20175186811231111,0.21473301485689786,-0.065749405623641621,0.97445715554384771,-7.8296371430699203,-5.8097746828176993,-0.73827899752528692,0.672455204699378,0.6469807866524098,0.9750623441396509,1,5
0.11966759439116093,0.98891900165162583,-0.087857128481326735,-0.97439367642010344,0.13395394475163083,0.18059153922039556,0.19035921360718855,0.063996475354731616,0.9796263680286601,-7.6618693761365098,13.343115189094485,-4.5876294620537417,0.6382441747538619,0.5200881409224728,0.9909862142099682,1,5
0.96346452477728139,-0.23200441450242651,-0.13382847659251895,0.25748899868266023,0.93987041316279629,0.22437250726993316,0.073726013408356092,-0.25063431152294668,0.96527038535030685,0.4077258305006819,-9.854646948970311,0.89748690205816506,,0.08336470463184083,0.21875,0,5
0.20579478084936001,0.97693817399331762,-0.056923741705605345,-0.96047600325565108,0.21278412901353469,0.17946799606058447,0.18744160516068592,0.017740311004995072,0.98211553598353774,0.42264606998746207,13.111941349078272,-3.94558742210091,,0.1959788704125031,0.1346153846153846,0,3
0.27954581695605513,0.95171872130290736,0.12682906505975233,-0.93232061827374135,0.23750627959466941,0.27270686074018613,0.2294175254073679,-0.19447941452672529,0.95370087362930589,-8.6767035069746967,18.771292291721764,-5.8666189554477866,,0.2946728224315631,0.5454545454545454,0,2
-0.058048859270794131,0.99408908517055794,-0.0917454123219381,-0.98171575567696756,-0.040153805395444678,0.18606946812377559,0.18128569991303645,0.10086903715723503,0.97824380005702694,-2.7087216624537929,-11.224414400593883,0.83508161197242747,0.3541948359085137,0.2940410542349968,0.8169014084507042,1,6
-0.56577512435331745,0.82356755649931002,-0.040434991588291655,-0.82082880260340907,-0.55787804052975887,0.12252415562382639,0.078349125583142401,0.10251132511305192,0.9916414890190528,1.5644513338932999,-3.6032840935602373,-0.24758377646627888,0.2047469560460334,0.1522524751677909,0.3410852713178295,1,5
-0.99157936334980157,0.051203254720839482,-0.1189478578402975,-0.062526612343915683,-0.99365382039743932,0.093501379446335992,-0.11340541842256245,0.10015144490004549,0.98848818867846733,-5.0219933882069441,-7.4263906372611359,-0.14877212092684516,,0.07078838307377648,0.4857142857142857,0,5
-0.9736992070071504,-0.172371655349671,-0.14898948521845592,0.17276513658202255,-0.98490817812748843,0.010396549398068106,-0.14853303287633141,-0.015617076858542195,0.98878412459694798,6.4407024950119993,20.142601681879658,-4.4014047852521223,,0.5966284115347963,0.4,0,2
0.8800380844576825,0.46786619894687165,-0.081450535830392995,-0.43030775620524375,0.85814441619096049,0.28004177529412144,0.20091840347180812,-0.21139863018307636,0.95652622248585406,10.336829123551587,16.802707591799951,-3.3080992075604789,0.3729491245330014,0.3022187978724405,0.6538461538461539,1,5
0.1738593648067181,-0.9610063192079783,-0.2150343593738934,0.97429244406533089,0.13608970597039824,0.17953781040799563,-0.14327300759812139,-0.24072068122873602,0.95996166534011373,8.5771858574874873,13.575632382319462,-2.9877561808779944,0.2439466000661846,0.2126835097581662,0.4166666666666667,1,6
0.98909864217318177,-0.051342930484948021,-0.13801369330753502,0.10063979329955781,0.91989129399268488,0.3790404190071115,0.1074965490413102,-0.38879803333566665,0.91503037174649426,6.2188923717742899,4.4599387553040915,-1.4696635267164464,,0.3067445434879009,0.225,0,5
0.72462334173471032,0.68649884664632677,-0.060335281274597412,-0.65581101270350217,0.71382497080774554,0.24569458005444197,0.21173787622914453,-0.13846748573071166,0.96746773959930421,11.686409853249403,-13.058829532030586,2.7322037228337845,,0.3616934318317558,0.864406779661017,0,5
0.76556625724538474,0.64308571797069658,0.018683284224317333,-0.60943038353170687,0.71558326530609639,0.34137252092437192,0.2061623471822375,-0.27272944424095086,0.93974237791446424,-17.163560182376585,-11.148365385705013,-0.68993694058519928,,0.6931212060583526,0.3529411764705883,0,3
0.56380000037030897,0.82588985708383811,-0.0059584854180927465,-0.79875402304744825,0.54708196039514478,0.25038637997247826,0.21005135145472564,-0.13640847692223243,0.96812765541316936,-14.48632096801111,18.896245631806718,-6.4148016661287448,,0.1676670323231969,0.2173913043478261,0,2
0.68470010890059962,-0.68486426810678569,-0.24929238885706767,0.72461378962594303,0.60296698320189168,0.33371495778933713,-0.078234370678342324,-0.40913537055474225,0.90911365175405723,2.9622084491608702,14.478295407588661,-4.0433858068416058,,0.3286975252762764,0.35,0,5
0.5141071846053521,-0.83089449235562496,-0.21285710068082517,0.85104712950012329,0.46323802409218062,0.2472434355140154,-0.10682970610630271,-0.30826105107240037,0.94528436900489377,2.0949929884467622,7.9336691257830037,-2.645685267611205,,0.2453350515883092,0.1984126984126984,0,5
0.58741598189971655,0.80598191615816051,0.073045294405682443,-0.78004321179165048,0.53983626583802413,0.31640068556156026,0.21558073185365914,-0.24283730543736246,0.94580917268831888,-10.075325950931084,20.563065187203666,-6.3545646269119693,,0.2361491381155864,0.1481481481481481,0,1
-0.42510178744860844,-0.87681888159751509,-0.22467113562289298,0.87863744513561193,-0.45936905672166284,0.13029316840193125,-0.21745047784165125,-0.14201661381941172,0.96568450908446546,-15.874768010272907,-0.89542508967074375,-2.5853135541435268,,0.1030065449867866,0.1875,0,2
-0.64958138186574443,0.75439570857165461,-0.094504725924489538,-0.75790941693997604,-0.63269068228470393,0.15898369810714333,0.060144360060586148,0.1748988720340664,0.9827476993176405,-3.6902954311636016,-14.703283766518361,1.5065425937294661,,0.1270597741599535,0.3125,1,4
-0.66181692792015723,-0.72382049874707577,-0.1951467127877351,0.72271394660378618,-0.68519917607195446,0.090480055784095889,-0.19920568591961405,-0.081154018408504794,0.97659158300358451,-15.864576829711934,19.621251101406994,-6.7027088188782331,0.6945246059932635,0.3037349718975836,0.6,1,5
-0.92096533069492603,0.38152341992195332,-0.079137473481534687,-0.38772244377042181,-0.91747046267092924,0.08899020577053128,-0.038654446764580588,0.11264026889814459,0.99288368078434852,4.2581648995866415,9.250583625447387,-2.7562749733151328,0.3227765027697897,0.2542939968500202,0.3846153846153846,1,5
-0.0046070663548782864,-0.93836659155288293,-0.34561092979972202,0.98549799623929002,-0.062885842619379032,0.15760415669136515,-0.16962450986796523,-0.33987278598834192,0.92504811496298744,6.1990967000108652,14.15697456498893,-3.5823085700771093,,0.2009321771911696,0.2608695652173913,0,4
0.87243276862346453,0.48692355447489771,0.042029945628424124,-0.4496733566120919,0.76604378601565115,0.45931556718668076,0.19145478992496212,-0.41962169868148985,0.88727825027465301,6.1056765642801096,-6.674143408642049,0.79975578768312505,,0.3344527066747143,0.2727272727272727,0,2
0.85779439374037558,-0.49774497986915295,-0.12821354484857514,0.51393400569475989,0.83436152296803545,0.19928042247295169,0.007785618672872063,-0.23683492986786456,0.97151870807327401,-17.466001624746085,6.1703538764318768,-4.1486008471836922,,0.09118989593076672,0.28,0,2
-0.84103758161008335,0.53023495995026648,-0.10726916409668583,-0.54093037612543771,-0.82686196939415502,0.15392729372795447,-0.0070791598551555954,0.1874837881422253,0.98224218738536495,2.6929603437475738,12.707965616962714,-3.6542682659000896,,0.07569171929561452,0.3181818181818182,0,5
-0.17696456335229016,-0.90210779302931943,-0.39355440929216573,0.96672797391962084,-0.23436542348760489,0.10251767025611758,-0.18471753506042624,-0.36231806196938032,0.91356721384469231,-18.324419358203091,-1.78357350062992,-2.6576511107726404,,0.4610891459724477,0.25,0,2
0.24547366303725116,0.9684400830186326,-0.04320285127092266,-0.95223691126962506,0.24923704371199626,0.176424943977285,0.18162473832261336,-0.002168327596981589,0.98336552348792139,4.9776114307513977,12.859099450955281,-3.4648177647017291,,0.2760371365959944,0.4909090909090909,0,5
0.39351336113697022,0.91575609165363203,-0.080857994075716519,-0.89457277091478726,0.40170662695332232,0.1958860469753351,0.21186503284998048,-0.0047504169341733892,0.97728738935608261,-11.822335846281774,-7.83812000427519,-0.77490421051086922,,0.122331310951591,0.3,0,1
-0.66276900452988496,-0.70594286870917766,-0.24976371384394966,0.72170077880944317,-0.69114057393785977,0.038375681397064605,-0.19971287514907193,-0.15482045464182873,0.96754606832139456,-13.492941165238662,-10.588444044631162,-0.4003389355312752,,0.2243134051405916,0.1428571428571428,0,3
0.73155216136587808,0.67877923796217166,-0.063954525347351507,-0.64332084248927246,0.71829830462226563,0.26492610138616213,0.2257647643451125,-0.15266398294382302,0.96214550848191527,-17.76723653416018,-4.8476898869380927,-2.0074592178168138,,0.5078284305983588,0.6794871794871795,0,5
0.75760851822906683,0.6524263813706328,-0.019213276617437578,-0.6121210121212326,0.72040762348522636,0.32606858564425512,0.2265771383578542,-0.23527148768176073,0.94515084904875135,3.4845350953166987,4.1938628535002014,-1.7102772179166528,0.6351491840538648,0.3301667511290005,0.3333333333333333,1,3
0.7538359355733466,0.6549007852836668,-0.053257334453524249,-0.61903613492974885,0.73504586217166956,0.27658966747791863,0.22028537375299279,-0.17553501627636695,0.95951123608395561,-4.6444668278951013,-10.479162134114128,0.51436546944049011,,0.1547519815395225,0.3,1,5
-0.66533621553144584,0.74426048999292793,-0.058344179982072045,-0.74487665520076796,-0.6565998228135661,0.11847126747912369,0.049864705345664499,0.12228244238925121,0.99124190561341241,-0.80555647002128072,17.247181500970598,-4.7966486734096518,,0.1546140130396986,0.3142857142857143,0,5
-0.89049620044583999,0.45415311637735933,0.027594634917944824,-0.45498058039570999,-0.8884331646648751,-0.060656272440179203,-0.0030312463286199473,-0.066569203151961451,0.99777720596203612,12.089029710678201,-7.3225051095640525,1.5363495227617745,,0.3297695394598092,0.5,0,2
-0.60057987307801819,0.79407503700988935,-0.093534227164903783,-0.79784931579219831,-0.58751786005956308,0.13512673088975985,0.052347734846062047,0.15578061403388999,0.98640362679164528,1.0261520117579235,22.039967438469706,-5.4403837977332641,,0.1471972719487345,0.3043478260869565,0,2
-0.9920798891630167,0.032224565706823333,-0.12140457521568873,-0.042331195565275724,-0.99576496654684898,0.081610056242878357,-0.11826057415854858,0.086102896367996895,0.98924250203715525,1.1026766961266738,-5.2581873910966364,0.035426724335333788,,0.08570953505704883,0.163265306122449,0,5
-0.88475378587583409,0.46586921772614315,0.013289482819537193,-0.46525566285815922,-0.88119691459945815,-0.08384012093747488,-0.027347880298007984,-0.080360871545964649,0.99639059799236318,1.3097571172855937,17.977951253298365,-4.7583233843413204,,0.3613673148974086,0.3548387096774194,0,1
0.96116981174485272,0.27018113267185367,-0.056167148214229828,-0.23374842198412071,0.90529509033555355,0.35468644551811634,0.14667742910993004,-0.32778492180467433,0.93329672496329119,4.2807589346704322,14.32785637236643,-3.8234338259574128,,0.2706414977278575,0.2857142857142857,0,4
-0.80573129429092272,-0.50737521023788068,-0.30556092262647405,0.5436958325715513,-0.83824118536250669,-0.041791827028598384,-0.23492961295801634,-0.19980518311126702,0.95125494256653953,3.4343803483577195,17.967134581119293,-4.573129496786283,,0.5682443422697891,0.2857142857142857,0,2
-0.69823675907410865,0.70912047497964525,-0.098048866603994589,-0.71466977654320041,-0.68258214776089143,0.152737428464082,0.041382831867543615,0.17671944862626496,0.9833909180503202,-6.5153687758668601,-8.488560233117207,-0.083478953022674163,0.441744645926999,0.1825068931683367,0.4137931034482759,1,5
-0.88994774374320718,-0.42156440497208003,-0.17400133869286916,0.41655313122122078,-0.90669711693140709,0.066210475138532718,-0.185678491689724,-0.01355693950749586,0.98251702637410765,-10.398873420867567,25.74255605681061,-7.4096969707746672,,0.2966445294282299,0.2368421052631579,0,3
0.3864841192903008,-0.90615183792490739,-0.17181057057618135,0.91416435588083478,0.35168845120137449,0.20154097282824854,-0.12220292947952954,-0.23495548496872962,0.96429371257399055,-14.91990620072327,2.6713297328286489,-3.1736378952933322,,0.07373104810042022,0.2115384615384615,0,2
0.3500841596548821,0.93630019321510605,-0.02798266149048733,-0.91294128884780179,0.34773358873811627,0.21358734602084029,0.20971238465014536,-0.04922701949810513,0.97652312633940408,-2.5642596993449525,11.026527512913091,-3.7173154555811676,0.847610266892864,0.827445755145096,0.4131147540983607,1,1
0.71578161865045664,-0.67073236803442016,-0.19435731237355636,0.69739199508261718,0.67220626280355678,0.24856215609453239,-0.036070480961854987,-0.31345945625968169,0.94891627116651633,-5.058277528210172,21.258940567027267,-6.0333500291276794,,0.6779923527549597,0.16,0,1
0.13790792384928324,0.97429373632832861,0.17813792378650697,-0.97135233595816228,0.097899519547555075,0.21654173616414221,0.19353564004648705,-0.20289750965387657,0.95988361617857265,5.0213545232161572,4.8049703151427616,-1.6714826364329165,,0.2004537951467441,0.5,0,3
0.64236750449352076,0.75810353352814708,0.11244119184224949,-0.73733350314811452,0.57130035670126478,0.36049300626827474,0.20905332885677091,-0.31447565070311362,0.92595991857572169,9.3014945356116634,25.595257214000565,-4.8288551902292145,,0.4423118481650164,0.4642857142857143,0,5
0.30317648200656927,-0.90795524407017569,-0.28931176181342716,0.9444453942278983,0.24585906629753143,0.21811973051747624,-0.12691303353017297,-0.33936793349515931,0.93205283521664961,-14.364518660063961,-9.6662025692769298,-0.68916191663577453,,0.1772446764477129,0.5454545454545454,0,2
0.77877153322569792,-0.5663200115304613,-0.26980834601145282,0.62721193817867527,0.695437702511158,0.3506730479123728,-0.010958268268616589,-0.44232120282227272,0.89678975790896076,-6.0825678731871671,-14.069783976959037,1.13843875302194,0.525048144661997,0.3400724293109223,0.6111111111111112,1,4
-0.24903299612897348,0.95889572490536157,0.1360204234563612,-0.95675360352267047,-0.26537832685004653,0.11915068520430212,0.15034995505623377,-0.10046557816730564,0.98351490004884889,0.26042711907866078,7.3499661858517138,-2.6934147429653721,,0.3583751699534748,0.3636363636363636,0,5
-0.41420614866171523,-0.8849512545423871,-0.21282514770271943,0.88671926120635847,-0.44509229808624556,0.12498719130356858,-0.20533440582737036,-0.13694569459519326,0.96906328922076135,0.17986483680788606,5.4143813423553064,-2.2468828438033994,0.7342321291430437,0.9491170039292198,0.9752800308999614,1,5
-0.32489963263080146,0.94497862707771318,0.038152628778244255,-0.93693053088624345,-0.32710430454518918,0.12314200843428826,0.12884645516890425,0.0042624305658131396,0.99165539512276102,9.1955903860054402,-12.252480815346738,2.2715988249250603,,0.4404172725175108,0.5714285714285714,0,1
0.58903997970516142,-0.77048330484128025,-0.24369525902200512,0.80445042586124726,0.53043536871408681,0.26739078508581587,-0.076755551203811723,-0.35354461752091515,0.93226326152079431,-8.6591403548295069,0.93531731673134166,-2.1769596224258403,,0.07724823893554765,0.189873417721519,0,2
-0.99064638465454724,0.014836358446420511,-0.13564521015842768,-0.0054674198547391504,-0.99758902084191281,-0.069182749409123889,-0.13634459245238401,-0.067794011267389556,0.98833907346885252,-3.5464374395959455,18.72673234903273,-5.3434889771594678,,0.4753610265764402,0.3255813953488372,0,2
-0.59690991137857274,-0.78794284868376729,-0.15114438430234389,0.77264198153685482,-0.61530041482242115,0.15630024915578153,-0.21615486592910066,-0.023483328713504465,0.97607664002767047,-18.143867754632485,-8.0459465900535374,-1.4106891914021087,,0.115062339136132,0.3888888888888889,0,2
-0.15039457775395607,-0.94891115238250889,-0.27739700046379118,0.96907751639833029,-0.19702100233031214,0.14856477325396894,-0.19562780526666795,-0.24647585992315435,0.94919935328764748,1.382883029778984,-9.6731830921941242,0.95794506307887262,,0.0834595583215659,0.125,0,2
-0.81062118554391294,-0.55271949685031796,-0.19337644983015262,0.54978942777850415,-0.83205838144654054,0.073555658977060248,-0.20155614267584909,-0.046690552214509767,0.97836348750530233,6.4111570821171382,-8.7915594479035164,1.2608618118775323,,0.2470374694160809,0.1621621621621622,0,5
-0.93360952917252948,0.339116659695823,-0.11564228532415899,-0.35438624306806382,-0.9215385468968742,0.15867292556482229,-0.052760191075752721,0.18912059036483542,0.98053544787412206,-1.1876438945966032,7.156971235832148,-2.7354670821423626,,0.06701642058265252,0.2794117647058824,0,5
0.80957769141999714,-0.56381060619687129,-0.16340612563482332,0.58699761398507777,0.77555984798437139,0.23225142275190419,-0.0042145854947782529,-0.28394457651868366,0.95883143186627529,-18.252522381477068,8.7070115036245515,-4.7845028930868541,,0.1895972960700619,0.3571428571428572,0,1
-0.59073509860198892,-0.77244670568819096,-0.23314830076832851,0.77762484494598527,-0.62212566210030307,0.090880476885805112,-0.21524786596486895,-0.12761562376025959,0.96818521408346703,8.9184304493539663,-2.2964373292974041,0.10133293341601735,,0.1689219932066218,0.5862068965517241,0,5
0.68515532396632506,-0.70157318205652763,-0.1958500759756801,0.7281347327214408,0.65247166430130565,0.21000128163552087,-0.019544642367592232,-0.28648873887635434,0.95788423593446814,2.7778199082799153,-8.772629029349984,0.91344140547982411,,0.1180194937118818,0.2962962962962963,0,9
-0.75525374852665905,0.65539764840260817,0.0067600151450069529,-0.65542973191760079,-0.75524040609802812,-0.0048780647092084356,0.0019083644441729697,-0.0081148915714362325,0.99996525273627956,10.982871253531529,11.455161358245546,-2.2568343022654589,,0.5146305774102771,0.3529411764705883,0,2
-0.40325656063060056,-0.89888424288998459,-0.17143880597017025,0.89027228032574079,-0.42870799227991491,0.15370336443594668,-0.21165871867698691,-0.0906453266275941,0.97313103514819221,0.54139153145890306,9.3129207716414069,-3.109067778222498,0.1728477535401092,0.09202457325078602,0.3833333333333334,1,5
0.87393171312516671,0.48595224855306651,0.0096836418939036314,-0.45053230286272966,0.80243527503002077,0.39130330111653755,0.18238422319739228,-0.3463351577788672,0.92021082020098521,-8.6579048678240742,-2.8411483026619004,-1.4118965581959517,0.5894133042412338,0.5350673639874594,0.3561643835616438,1,5
0.92414512821855799,-0.34718146927838855,-0.15943904596931321,0.37797008840600538,0.8916356283655561,0.24924790570738298,0.055627279820802893,-0.29060442807854692,0.95522493273620035,-11.313001266451339,8.3522046382299511,-3.9269150684067795,0.4664902865040477,0.2102290932389203,0.3869565217391304,1,5
0.3049795060399782,-0.93688069017871189,-0.17100313817550586,0.94312828188067366,0.27217589200454612,0.19086468434034118,-0.13227450552702591,-0.2194877130542619,0.96660674475496522,3.573417685119685,2.7887088063122558,-1.3720072340387592,,0.07134147179546176,0.3255813953488372,0,5
-0.48383241181780773,-0.81418951786987215,-0.32093866433539664,0.84836794573964325,-0.52639006516283671,0.056438709582715109,-0.21489073017713173,-0.24496719839335548,0.94541686350268228,-1.7536511585928627,18.247863963720597,-5.0388335469937076,,0.3029088282779838,0.1538461538461539,0,1
-0.85876698948864605,-0.4739434564997681,-0.1946711529879554,0.48623950490253226,-0.87363946418062477,-0.018034148117691891,-0.16152523529389409,-0.11014393613469119,0.98070276419311098,0.92871291297488368,15.301539991748019,-4.3413404008443965,0.7592024426811219,0.5407536395669931,0.2909090909090909,1,4
0.98588101620548541,-0.11913328872319152,-0.11766852341911603,0.14547725325976416,0.95735935057762922,0.24959856298779737,0.082915563494634553,-0.26319257850398392,0.96117359303654937,-8.8418700886832493,-15.295270606998688,1.075847439228627,,0.3598141651095776,0.1818181818181818,1,5
-0.93244014521348151,-0.33191868444675554,-0.14277731790937959,0.31604409301677072,-0.94074136741245873,0.12297077257683257,-0.17513282634465654,0.06953895709651875,0.98208595681969713,-7.3631705837818471,-3.4441213040354057,-1.201575259408693,,0.0661917774376644,0.2181818181818182,0,5
-0.65909204470815674,-0.69298043036232426,-0.29219137519315885,0.721494307454975,-0.69227120634643824,0.014371540408505135,-0.21223487204624822,-0.20134224593585739,0.9562518805675716,-15.1843234443095,-7.4283067252433694,-1.2016376206821962,,0.1139725928553898,0.3478260869565217,0,2
0.99222697754629074,0.033170798697575853,-0.11993883083937922,0.0051360010418119249,0.95208166862198851,0.3058007811750455,0.12433521835204547,-0.30403979079675486,0.9445107511773565,-14.892322035568791,8.5850614150302409,-4.3456757096567156,,0.07949588321606729,0.2432432432432433,0,1
-0.46877112813004362,-0.86902024952772761,-0.15829540531061601,0.85688650971659408,-0.49089357706320191,0.15738171896318653,-0.21447409843008869,-0.061865191415368906,0.9747684644025677,4.1381352598676955,1.6646646938454304,-1.0407921582521722,,0.07681454760362372,0.3934426229508197,0,2
0.91084605440841648,-0.35886119211366913,-0.20390711111527202,0.41075213972749991,0.83661010471562347,0.36244477151283816,0.040523386801944443,-0.41388667226967985,0.90942601548428892,4.493800554010944,-4.1458879359275507,0.13318535339976165,,0.7747512036462709,0.3964497041420119,0,1
-0.97229739211681809,0.20364689095952915,-0.11474199355663563,-0.21471658194971083,-0.97213335862415817,0.094093158550161829,-0.092382740372141253,0.11612354133693327,0.98892909373154847,12.481492623904787,1.8868225501391407,-0.16070123361249555,,0.1662444868302387,0.4,0,6
-0.92489662254182958,-0.35014664707379523,-0.14820109025811998,0.33407239586244125,-0.93448976749038948,0.12298174164682163,-0.18155404686606313,0.064235504191501105,0.98128075904290435,-11.191764422463935,-7.1804202740405545,-0.82949411813538843,0.1857910462156531,0.1500753842120046,0.6,1,5
0.63660533802416419,-0.72738943037941395,-0.25619964904630632,0.7689268211799436,0.57325558278976596,0.28307168786452624,-0.059035474667743087,-0.37720372926666107,0.92424680651765112,-27.346530500816712,-2.7022345997980723,-3.5191861512276392,,0.2475788884986698,0.2857142857142857,0,1
0.97939658069828783,0.18352123463068998,-0.084275109944331114,-0.13689532992684636,0.91013720713808155,0.39103699674981179,0.14846550562579086,-0.37144342856284279,0.91650846860067692,-8.5422770346863537,23.358934824957629,-6.7956097004003473,,0.1830388285341248,0.1428571428571428,0,1
-0.65315811048687478,-0.70707165792664606,-0.27098736734777862,0.72631186692791949,-0.68620849266662898,0.039861968740559646,-0.21413910120502486,-0.17078517250937619,0.96175717839070329,-10.204312325421835,27.082210091470184,-7.6564632980565044,,0.2183413672322647,0.3333333333333333,0,1
0.98852818119315167,0.088472719834650146,-0.12241165317084392,-0.060044956195525669,0.97388008384646152,0.21897987469785071,0.13858801615737518,-0.20911757490050537,0.96802024857194724,12.931405930014748,-8.5462184832108008,1.8292810174558305,,0.1168219710220869,0.25,0,4
0.55429657164117507,-0.81707114531097769,-0.15858768605111084,0.82872842760078347,0.52411453290318899,0.19624767434546578,-0.077230201043189992,-0.24020553678022935,0.96764497422709184,1.5931186107212534,8.7635696249215247,-2.8929318017946648,,0.06842607292800355,0.1818181818181818,0,5
0.74241591373589177,0.66882734857352066,-0.038582234665907073,-0.63744921017022638,0.72295567728586863,0.26644622934747186,0.20609977070597496,-0.1732197058081015,0.96307726483117595,-11.820328780493641,25.505572275351543,-7.4577558475892038,0.544167647252463,0.3361182848465562,0.8487394957983193,1,5
-0.80461352244470064,-0.51945653144185289,-0.28768383938193487,0.5581379255122334,-0.82697233791552804,-0.067814514872749934,-0.2026798845569833,-0.21513173700066957,0.95532151662727816,-24.17511666657537,-9.9182249939579137,-1.7089776950780189,,0.387163847168257,0.2,0,3
0.42675393902161185,-0.8761342107838721,-0.22420954534466395,0.89861759636099181,0.38288973512107138,0.21420052812565668,-0.10182087723022649,-0.29288956183694614,0.95070932125809604,-13.55079537254154,-2.9950138823588488,-1.8998620804148023,,0.1800485141350209,0.2285714285714286,0,3
-0.3810510245948836,-0.90814671269870872,-0.17340606929897007,0.90008670555903803,-0.40724657596898478,0.15490044815111556,-0.21129136075823832,-0.097055523161062918,0.97259250783299023,-16.056847031953716,2.9078273158066357,-3.3227658476765702,,0.09304371219011294,0.2142857142857143,0,1
0.98759404004640006,0.12103705403062422,-0.10004020999787828,-0.073826763245425073,0.92017336993822196,0.38448742279201065,0.13859156212964693,-0.37233184232365374,0.91769350989224074,-13.314521792637091,1.579225074756861,-2.8022367438873537,0.6718806912607677,0.3132617250043626,0.175,1,3
-0.45509043207313793,-0.87130312598520976,-0.18363975953993755,0.86435938882831942,-0.48181475262218293,0.14400483012718168,-0.21395220396111472,-0.093195529957322026,0.97238832141082132,-16.207048408126106,4.1109755435270081,-3.6322713604497596,0.2239885127264363,0.1885099961862396,0.6140350877192983,1,2
0.13885631158081935,0.9900986902273361,-0.020579318362965268,-0.97180875997027871,0.14023072512342516,0.18953384335360188,0.19054306279473868,-0.0063188085484711283,0.98165850165896706,8.8776956283995307,0.98634633635682945,-0.46198337327854466,1.15293540245724,0.7895212903981453,0.6666666666666666,1,5
0.96995293877580646,0.23219253672638801,-0.072649311412719325,-0.20441245201456054,0.93969741089988479,0.27419760285138939,0.13193500680855055,-0.25110834680794308,0.95892531103408141,0.40772581108927991,11.746301190155172,-3.6161529281566298,,0.1248147486921734,0.3035714285714285,1,5
0.51475390653831798,-0.83778095169919864,-0.18207551365718244,0.85238921160539349,0.47732262042056894,0.21353160883948363,-0.091983953178136152,-0.26511543335842885,0.95981912845749007,-6.9903215868731507,-13.079532854042139,0.83350562699167496,0.9939093320567873,0.9058095296505984,0.9682539682539683,1,5
0.52402070435325931,-0.8105685030635672,-0.26149761614668932,0.8469811337093589,0.46365064321289817,0.26009813568857898,-0.089583818569664075,-0.35778035565071653,0.92949876630414285,6.0586120617359818,5.7025675225814485,-1.7292984066115258,0.3517058979301166,0.1751918249425925,0.2592592592592592,1,5
0.64269552207427971,-0.7382340250206586,-0.20482429105813107,0.76399997936065034,0.59770205026847789,0.24301500085752525,-0.05697804351321728,-0.3126704069889808,0.94815121112127987,-11.193891148787896,-1.8119001054645476,-1.9071033227155725,,0.07389545497710445,0.2432432432432433,0,3
-0.97089669257631728,-0.19208712481449769,-0.14304596752396606,0.18631763181384123,-0.98106876526661757,0.052818726731304604,-0.15048372808928498,0.024629541179930929,0.98830563758465739,7.0332444131903733,2.7103843378410977,-1.0085172650389187,0.3236095546811227,0.1186493574429513,0.1818181818181818,1,5
-0.16762176409839119,0.98038029117340442,0.10371802581661327,-0.9780185022353608,-0.17860286065869133,0.10761425300504961,0.12402722880821793,-0.083399657333135535,0.9887677905711082,-2.3971324833562031,17.336668805013854,-4.9147174231376178,,0.5253219486022181,0.1839080459770115,0,4
0.27314773902489881,0.95893457059154841,0.07638587559221087,-0.93453647269996543,0.24569080891767103,0.2574443776952362,0.22810500621225482,-0.14170573643216897,0.96326922010574179,-1.4306194300046038,13.308757823680128,-4.0843710284549788,,0.2930963925759776,0.2391304347826087,0,5
-0.80915926636107005,0.58655266783907845,0.034889103067781126,-0.58757311840621695,-0.80815103960393464,-0.040616840269443219,0.0043717488958405519,-0.053365391762259601,0.99856548246654908,9.0101959363316357,4.0498179443017346,-1.0330174541799488,,0.5964913780765817,0.1428571428571428,0,1
0.053575109667746194,0.9942488722021896,-0.09273018790427752,-0.98059148951275432,0.069922790931635961,0.18316968636618841,0.18860020763309376,0.081117097044977909,0.97869810373155874,-2.1847120899933836,-9.1112852855891138,0.44005857318731162,,0.1466387632861323,0.6,1,5
0.095830828953724093,0.99324371822663282,-0.065447447814062906,-0.97729106158146151,0.10636784765424202,0.18327046117250631,0.18899373845453518,0.046398245535110245,0.98088152680955376,-13.214593773670263,-5.4497428766481715,-1.3878650013335245,,0.1151003566345313,0.4202898550724637,0,5
0.5047793557409791,-0.83160132352104787,-0.23159672004535023,0.85865250623591938,0.45603789183761484,0.23397716714046957,-0.088958841901732075,-0.31696794779022402,0.94425507386572038,0.98642232262864338,10.516682021241349,-3.317314241376339,0.2978851061062202,0.3457654256676523,0.5603448275862069,1,4
-0.84117951438506566,-0.51183148052224015,-0.17448656144619271,0.50322207565994592,-0.85904058914025294,0.093897863543648707,-0.19795092105721543,-0.0088205303682781615,0.98017224562656391,-7.3477781296681419,11.827448899958066,-4.2774847176117738,,0.06949227789963811,0.2314814814814815,0,5
0.29396233239081809,0.95567077017801627,-0.016719035938314079,-0.92544089668675067,0.28895132620875402,0.24508422597512139,0.23905081860343502,-0.056573051089353642,0.96935762029060668,4.7831543845418416,10.462481783944064,-2.9415299132611032,,0.3210154432025331,0.3529411764705883,0,5
0.11635781380548803,0.99019051021722593,-0.07735381465808322,-0.97503634595550071,0.12871169528173795,0.18093486000062559,0.18911632196125303,0.05436959603906167,0.98044834835619799,6.7896605719616039,7.317302996966375,-1.9962220187642687,,0.07857315017263464,0.2413793103448276,0,5
-0.82113356634966117,-0.51930204651403067,-0.23678059612270816,0.52784627736944878,-0.84877434787111394,0.030990544738347864,-0.21706674936779397,-0.099536379692572091,0.97106875937628356,3.2027032168215697,9.6197697405088149,-2.9244223319666789,0.3525826251231873,0.2371669160013734,0.1707317073170732,1,5
-0.66555193343089603,-0.72948975312925657,-0.15775082879596533,0.714300323463395,-0.68385452989882545,0.14872131601403693,-0.21636929497155274,-0.013699708620047097,0.97621547118309915,-10.691072371308444,-4.6714781513763164,-1.2755999868371677,0.2116621567801192,0.3331939828982501,0.36,1,5
0.18057011960733715,-0.96647366961777814,-0.18254609785075379,0.97412602744309384,0.15008362773595751,0.1689774758467833,-0.13591510056990594,-0.20833518814919272,0.96856777502450064,8.9035414078892696,-1.2234686258998038,-0.056599802921629409,0.1398561302063717,0.1205812402396219,0.1904761904761905,1,5
0.20020019342506065,0.9770072139223267,-0.073326574284508422,-0.96306960257099694,0.20999228190443553,0.1685235358764772,0.18004672492525525,0.036880150274928303,0.98296644467620975,-8.0650664033040442,4.9196418495406169,-2.8938242823694145,0.1684100937076114,0.1499593789075942,0.4113924050632912,1,5
-0.89566008714680079,-0.41983401051758668,-0.14673926504144835,0.40384233368384409,-0.90595959876491383,0.12707704328675282,-0.1862911104078033,0.054558308427180173,0.98097859974853296,-2.1540264585946609,23.507469172623647,-6.097329646781251,,0.2187563362125403,0.4146341463414634,0,1
-0.96318365461296374,-0.23552017010310738,-0.12964373089748696,0.2162625174078438,-0.96523559862576247,0.14680178033658051,-0.15971152447722339,0.11335999567824144,0.9806333363337143,-15.630743658952916,-2.7055346136039464,-2.218178381456172,,0.08924760491196496,0.2777777777777778,0,4
-0.65008356344983487,-0.7371443293033183,-0.1844169143769824,0.72740779316978921,-0.67388372335694591,0.12945512670589016,-0.21970266946084926,-0.049989650634327705,0.97428526205687616,10.885136173368888,-12.408188408894288,2.4773146514005555,0.4303060224445111,0.5214102650403541,0.5747126436781609,1,6
0.93502697175460558,0.34017883561892082,-0.10001460837480948,-0.30891848580477604,0.92000614889780041,0.24115981240314829,0.17405151886581058,-0.1945945677227208,0.96531809420175618,0.027707468869942565,-6.4268446443296909,0.14039281305177786,,0.08884456192810999,0.44,0,1
0.98695981475132166,0.10058088761033956,-0.12567342246295646,-0.062148679558900979,0.95830926114745574,0.27889227602804328,0.14848523729691629,-0.26744503182249141,0.95206370021041375,2.2112926482822077,10.364239713347551,-3.1957124877651353,,0.1104154191831551,0.2121212121212121,0,4
-0.93661082171753085,0.34736221790120508,-0.045822027632643723,-0.34892913470522291,-0.93659844177396723,0.03212192118227869,-0.031758897894533705,0.046074379445977039,0.9984330342908293,-14.046523265795114,14.876898138036896,-5.5340181791976208,,0.1694915538191805,0.375,0,3
-0.9547137880048796,0.27403521828808236,-0.11587183493487807,-0.29049228039060065,-0.94272892538474951,0.16394025825398367,-0.064310325973681678,0.19017589852743505,0.97964141888368539,-0.25742399772645502,-10.952516368627609,1.0674138908413919,,0.08163096664858749,0.3888888888888889,0,4
0.96447005110412132,0.23808503868589465,-0.11451216038984396,-0.21110160253283031,0.95511648081325984,0.20781872265742682,0.15885098026541805,-0.17626123349400913,0.97144137426603649,11.500247342721478,-8.9845416908204037,1.8116239091899264,,0.3657279950720515,0.8717948717948718,0,2
0.85266099866953848,0.51592829602641432,-0.082384553814095887,-0.48483384884980268,0.84010897320116551,0.24321400485245884,0.19469299000568524,-0.16743627595645358,0.96646765757395214,22.429277118886418,-12.928764443108161,4.1052655881412958,0.4929090919439861,0.5473342977656065,0.6046511627906976,1,4
0.32640108828782555,-0.91566513597118926,-0.23456275989889536,0.93644663387794747,0.27949930778077486,0.2120090536951886,-0.1285691699560387,-0.28885549279342326,0.94870041257495197,-8.5979777861343685,14.533649817105879,-4.9883396150269741,,0.07875333347520988,0.1525423728813559,0,1
0.1378894281708323,-0.96209448303144762,-0.23528857031137865,0.97832454048171591,0.095248067109606482,0.18387196415746315,-0.15449142076490976,-0.25554258242479971,0.95437434451985559,-9.7425519493668933,-12.572835378922852,0.39443573281479033,,0.08791166778410046,0.1333333333333333,0,2
-0.77643803084550922,0.61869921152986496,-0.11981347966348346,-0.62926821152456536,-0.77145631672668213,0.094216077965368863,-0.034139452564788182,0.14854776011379303,0.98831576975365121,-12.375564393286178,12.220792347221439,-4.7998432728330451,0.9926050693567474,0.6079304882440582,0.631578947368421,1,3
-0.69924782461562396,-0.66810062469527298,-0.2543502212542843,0.6827052301126022,-0.72961870065861045,0.039624745123964536,-0.2120519949144927,-0.14593870950171667,0.96630007995537126,6.0997648990813804,8.7189716356478009,-2.4113415780303171,,0.3296917070189345,0.3636363636363636,0,1
