axis_00,axis_01,axis_02,axis_10,axis_11,axis_12,axis_20,axis_21,axis_22,location_x,location_y,location_z,dbh,dbh_approximation,score,reconstructed,number_clusters
-0.007177121136684581,0.962489056771204,-0.27122556024067479,-0.99392862473891186,0.022913733763005349,0.10761435652204375,0.10979243078101872,0.27035120935685986,0.95648096987994413,-10.872374783094148,-1.3368822512311878,-4.3307624484080094,0.4874668606120983,0.3830897377166725,0.7820823244552058,1,2
0.8486167554811006,0.42240733963802046,-0.31846764629497254,-0.39500043192449086,0.90640528239932072,0.14968006820573382,0.3518867162826631,-0.0012261560004495364,0.93604179150573563,6.4493682709354108,0.19421156855293356,1.2116302850554184,0.3870191755886577,0.450466758554369,0.9352331606217616,1,5
-0.062255582960366922,-0.91917316757483769,-0.38890221187427598,0.98895674787338339,-0.10932066782700972,0.10006768919865133,-0.13449458437411579,-0.37837769436939062,0.91582832844247497,-13.07345270346771,-10.93481844867812,-3.8716776243207609,0.2085200738779353,0.1596654359490902,0.7631578947368421,1,3
-0.88505691798646757,-0.30110443612832244,-0.35497939442753557,0.29444573411818942,-0.95279431089741751,0.074058833241655991,-0.36052179071991669,-0.038975885690512233,0.93193611301995605,-4.1907302232856392,-1.9351625918688371,-2.1582530639675843,,0.08806339345181442,0.3888888888888889,0,5
-0.42993357500574675,-0.8005473546011026,-0.41746982420763623,0.85703420001756592,-0.50730411014244514,0.090193790433895069,-0.28398855801427869,-0.31900857805670157,0.904203531315385,4.0411271068968926,-8.5006141451566499,1.4801766995961567,0.8113072728467956,0.5499136075049863,0.8421052631578947,1,2
-0.58242447787580132,-0.64098948212356754,-0.49991420401711156,0.76079619627252182,-0.64643844561849062,-0.05750203269114338,-0.28630556283167802,-0.41382341624576013,0.86416393401849723,4.6108707686859507,0.64143494056071448,0.49360814178223611,,0.1029074494968656,0.3428571428571429,0,8
-0.20754154572023881,-0.7878641983343263,-0.57982455258730026,0.96026526670465806,-0.2771464911679451,0.032870047063060258,-0.18659347352114353,-0.5499634782567886,0.81407803570849935,-8.8415727448364692,-16.553757916457638,-1.5919770829908289,0.2745304214106251,0.1627358038040814,0.5,1,8
-0.56109821229150703,-0.72816195677212692,-0.39363556860764359,0.77524175609068302,-0.62895736102363775,0.058419668157365018,-0.29011896831594758,-0.27238355810138337,0.91740840496439835,4.6311647718051629,16.924359762179581,-0.78606114923287274,0.06282833960146605,0.1306406137575975,0.4324324324324325,1,5
0.73258084720213568,-0.56959760016270067,-0.37267127096342584,0.65022537169989958,0.74753558417244814,0.13563744465923125,0.20132627327383384,-0.34168570980485968,0.91799706285195715,5.7851314552754838,21.073784794572717,-0.80011142881460906,0.1875177146518373,0.1919575656017771,0.5416666666666666,1,5
0.5679726709648597,-0.73725796940791877,-0.3658657288973034,0.81425554186358784,0.56813625530996337,0.11920196284796086,0.11997898808323849,-0.36561165455560063,0.92300225377386691,-18.854382402931392,-12.578389989184204,-5.4985119098485313,,0.14159532117661,0.6842105263157895,0,1
0.89317343947645811,0.30392614560057024,-0.33146659716202864,-0.26120797257406703,0.95059332986100908,0.16775790976137084,0.3660759512417322,-0.063255191440226427,0.92843264627991251,30.435702192780447,-11.696340539962442,12.586358419941329,0.3733159840207764,0.4095225120707965,0.7575757575757576,1,5
-0.82309617319091366,-0.36160708014136694,-0.43789611698450631,0.44219367339855253,-0.89191162772868526,-0.094648843250519352,-0.35633894662914356,-0.27153999321279026,0.89402941070259545,-21.090322683431314,14.823101435175079,-9.2130330548194479,,0.1379292307141699,0.3870967741935484,0,2
0.90809754740517101,-0.27026968636132426,-0.31986425406860486,0.34283141197630757,0.91845416132948432,0.19725257032263266,0.24046926489479856,-0.28878408919243692,0.92670290949702427,20.185988065008761,-2.7544737019398795,7.0320176073811522,0.5649402644594177,0.5133874040536056,0.3243243243243243,1,5
-0.87895811204309815,-0.24202479595442145,-0.41092169012702817,0.29662569789785181,-0.95214696945578337,-0.073684081746197394,-0.373424467088386,-0.18665515449456155,0.90868807666897788,-1.8535135991974294,17.846457716132747,-3.0188334835718065,0.4363866934902516,0.3678700239559521,0.2452830188679245,1,5
0.9305792197457039,0.21350356671048809,-0.29738618458055111,-0.10204087668511524,0.9314071554404908,0.34938284199368902,0.35158210316057131,-0.29478286550638266,0.88853423509791429,-19.590725599138949,14.085451918046704,-8.5946032747322469,,0.5466192118208377,0.7058823529411765,0,2
0.59348732904183388,-0.70472511613460576,-0.38876123900905663,0.7944331860356082,0.59037653114384891,0.14258844413159566,0.12902985387926011,-0.39346926457300679,0.91023800988767445,-2.8354705305056025,-12.157631293205426,-0.31809184679313746,0.4644677025537843,0.2267248937961472,0.4274809160305343,1,5
0.24897038133482771,-0.88626010054716153,-0.39058518071750287,0.96822970980292666,0.21803966074927239,0.12243339166780172,-0.023344769712498412,-0.40865846439108061,0.91238877744555424,0.46060645040048487,-13.839770751860522,1.1450282533396756,0.6071060269536501,0.5937066863452422,0.8996138996138996,1,5
0.57843706050163091,0.77887511527574715,-0.2424131222570732,-0.75759452405580352,0.62312072492643089,0.19434788212846149,0.30242536956891003,0.071232836328124077,0.95050764272032939,-10.73864116953361,-5.5425187030787244,-3.725646226216524,,0.07730076459826229,0.2545454545454545,0,3
-0.82321950333868465,-0.39527374503528856,-0.4075148044041933,0.44170988388774185,-0.89687930267204496,-0.022358329865730494,-0.35665393282380586,-0.19840913014346115,0.91292485412383639,-20.642937865989204,4.223438114235047,-8.0340623711998251,,0.08301297964185583,0.2,0,1
0.3811843526192597,0.87827450105956917,-0.28867350087391264,-0.89047942935547442,0.43272545101160098,0.14069495350422384,0.24848516095128306,0.20342709955994423,0.9470335474267233,8.104985883513562,7.3002701772676497,1.127748943299159,0.3721597460379706,0.3469267697024883,0.7751937984496124,1,5
0.89458567390135335,-0.24609080339145528,-0.37303590783811907,0.35038829058944054,0.9043505587589985,0.24367624564182999,0.27738874863316165,-0.34869669249712687,0.89524638998059802,1.3759089006615368,28.871036920697716,-2.8396074099638353,0.4197653763446013,0.2896891974936269,0.5161290322580645,1,5
-0.32538755741736208,0.91780824115992654,-0.22748839516969885,-0.94523962081446966,-0.30925510502563142,0.10432324409307624,0.025396785632846433,0.24897652996719954,0.96817647709754417,-20.88633117120273,-15.472912655887074,-5.8422870226583035,0.5235594098316664,0.5620436216676746,0.6623376623376623,1,3
0.88942545570330334,0.30204624362666627,-0.34306038165021524,-0.27693148383886329,0.95320659066047253,0.12126891102109889,0.36363623582610166,-0.012855435910863388,0.9314523207130706,-10.928343338374331,-3.6695494325572633,-4.0330636965167574,0.4191543806644146,0.3447559626042835,0.92894280762565,1,3
-0.49293054788809149,-0.68829268770677998,-0.53223364325089784,0.82435218080206507,-0.56513575744062194,-0.032635221293788534,-0.27832167893577059,-0.45483486202290196,0.84596825668755571,-20.750908513955871,8.5773852920828109,-8.4483486801523693,,0.3268840852004773,0.4285714285714285,0,3
-0.70072895791747936,0.6622726940050937,-0.26528061804647235,-0.69037079186738592,-0.72323064072586951,0.018044668233199099,-0.17990858031867607,0.19578641191482896,0.96400237740227301,7.5607510337190389,17.654711783820577,0.087691593279973529,0.4137698081060904,0.1771073802182798,0.2142857142857143,1,5
-0.93651560389021371,0.0078651206038510592,-0.35053767778661654,0.015991141794167243,-0.99774997857815884,-0.065109627793446187,-0.35026105557750165,-0.066581680101730295,0.9342826514607685,-3.2457077799501173,-21.571919764186205,0.99603543313325005,,0.1244797263417182,0.4210526315789473,0,4
-0.85145902346927127,-0.36673955713167583,-0.3748594784550846,0.36787212660919644,-0.92712680401498349,0.07145619455995704,-0.37374808336201948,-0.07705833187803493,0.92432374397252848,-19.90572354180215,10.871947233335156,-8.4265640857292432,,0.185030291489428,0.3684210526315789,0,2
-0.93810843161653279,-0.032783470032166841,-0.34478662187303533,0.070435998873180972,-0.99276447215946606,-0.097249539231168594,-0.33910373131640215,-0.11551600283331903,0.93362985840037604,3.907081055654944,28.426754939910108,-2.1094506472472876,0.4554290386385829,0.3642617771572534,0.5,1,5
-0.43342357606222731,-0.75430989652887559,-0.4931131550790635,0.84582759431104315,-0.52932531278812356,0.066260047870112485,-0.31099788490506647,-0.38837004678573389,0.86743819511491571,-11.581010738664462,-12.775866460977422,-3.1063185690226067,,0.2863676821879149,0.1666666666666667,0,2
-0.64334292665280635,0.73222925730274735,-0.2234953992270742,-0.7496496073774761,-0.6617565874301149,-0.01018259061560719,-0.15535554346272373,0.16099234063369633,0.97465179493636911,4.6845566104864549,9.4864743157196187,-0.14508521464264554,,0.4573131331891447,0.125,0,1
-0.92740033208178485,-0.11853644913743575,-0.35479252286439655,0.10827828278219609,-0.99292673076658755,0.04870647602645406,-0.35805647254634848,0.0067540769217470618,0.93367550300551483,-14.197285701672138,10.084416263994676,-6.4234696272856873,0.08942538982988711,0.1231739250844667,0.3809523809523809,1,3
0.80939843289074254,0.51940610544967969,-0.27402823660273801,-0.45525122087843589,0.84972286171668365,0.26592740393705844,0.37097237460854632,-0.090489534740797101,0.92422461630260111,-10.785078469610866,-14.366464804481302,-2.6244191417715146,,0.1896568637647037,0.375,0,3
0.82679436794173089,-0.42209267016250018,-0.37181830365774543,0.5041114801803066,0.84927367825271416,0.1568624715396415,0.24956499892864167,-0.31713088342543261,0.91495645474937803,-9.5808002328785022,-21.404050902740654,-1.1902894309664322,0.3010827175966248,0.2957509352497133,0.8064516129032258,1,5
-0.74740689069932509,-0.54179363023849048,-0.38450305846399258,0.56811766250937945,-0.82124684247014501,0.052876698816162818,-0.34442018129030377,-0.17892256974963777,0.92160807980081194,-13.757612028494169,4.0500416791347167,-5.7315156825221658,,0.1759710745233158,0.1318681318681319,0,3
0.15986028985428113,0.93855827826746918,-0.30586442425249233,-0.97041015042535839,0.20621977655730836,0.1256086928046263,0.18096637168031626,0.27673409990866177,0.94375283325063664,4.5216019836744783,-9.9876450437497954,2.0123862594576045,0.1150643803904759,0.1317343247559311,0.3043478260869565,1,5
0.63052051558670241,0.75490838330951138,-0.18043617218645175,-0.70938749954908864,0.65481949597761879,0.26073128537079931,0.31498135644474412,-0.036397259466024158,0.94839969664461199,-15.440972312253695,7.3842946588062572,-6.5557767772801281,,0.5602122879444904,0.25,0,1
0.23241540681534789,0.93873038305148526,-0.25449626050468632,-0.9628198352720011,0.25910348631051539,0.076441796083910468,0.13769910486874604,0.22726779648192433,0.96404787495258648,-12.435214335998895,10.00911828718324,-5.823423113740958,,0.2081080365393373,0.7723577235772358,0,3
-0.90780241174745535,0.24796973146678991,-0.33823925482089151,-0.28815793852328442,-0.95476306310437897,0.073433614901861427,-0.30472903322708672,0.16412953910808367,0.93819065796918544,3.6984316621914979,-5.3641613577851643,0.83325058033975563,0.2464071725219793,0.2301265845053536,0.8119266055045872,1,5
-0.060633853238724708,-0.85185589433213826,-0.52025481365674919,0.98472912254285472,-0.13626568069675696,0.10835229337780607,-0.16319341609699048,-0.50574024909615756,0.84710962064348672,11.921331115039878,-27.175659733888587,7.7769183760298102,,0.2989462132575829,0.5,0,4
-0.91046958517877474,-0.11190505290332337,-0.3981487078958002,0.20008787814443221,-0.96171869179559955,-0.18724849497558133,-0.36195300176134698,-0.25014878969458532,0.89800646296687936,-17.808972688644101,-8.7625019845852137,-5.6203882112048431,,0.3346389181285059,0.4166666666666667,0,1
-0.0045240000774790408,-0.92868662222309439,-0.37083782321542968,0.99386298212580981,-0.045163588198351014,0.10097832966058332,-0.11052559062629182,-0.36810515889472284,0.92319157589949863,-3.0185439337783846,0.10192907026025461,-1.9827954699440038,,0.07158382780728234,0.3061224489795918,0,2
-0.63602391827619786,0.73027254953683585,-0.24935031336166594,-0.75636096044742718,-0.65400729570763172,0.01387640703622837,-0.15294336498075634,0.19742456927687402,0.96831392975326092,-12.687131674666066,19.14751336981438,-6.8061146274356492,,0.2241518930615304,0.1666666666666667,0,2
-0.021028688056120261,-0.91836816594593107,-0.39516794664515159,0.99154972543245601,-0.069765765616204511,0.10937037964095447,-0.128011469304356,-0.38952875339965826,0.91207478531173547,11.2717562170461,-8.384412809264834,4.3269135910611176,0.4074597065755439,0.3797515760467702,0.8794326241134752,1,5
0.55014565536625171,0.76498245375283647,-0.33487550422795553,-0.78190728810430277,0.61268474511168192,0.11505822837506599,0.29319063881886304,0.19854281290876108,0.93521120649362632,-16.56422945065075,-8.7925166634868521,-5.2219213709955925,,0.111886788482622,0.4482758620689655,0,1
-0.5116721987445052,0.83847316743100009,-0.18749482267569842,-0.85109219222455734,-0.52451284911543083,-0.022985896702371215,-0.11761650125030193,0.14781413535599844,0.98199660896695462,7.5679308548440005,-1.283053868354316,1.842437564718697,0.5010257504244674,0.2823078635370911,0.2631578947368421,1,3
0.82855208261737867,0.46082779494268061,-0.31802388243443308,-0.4302616485718429,0.8874895689408886,0.16503690129590692,0.35829646964300865,9.1811664014680432e-05,0.93360785740693819,3.7804472690851898,-10.375396795375556,1.7174922364571124,0.2858521615662112,0.2321174720048058,0.4482758620689655,1,5
-0.0092305750832591717,0.97826249197717197,-0.20716489392328385,-0.99496700576363906,0.011686813914119215,0.09951922338058547,0.099777021028744042,0.20704085386983384,0.97323102648008464,-15.213875696280731,-8.5050147932089732,-4.7814320241262465,,0.660909701907221,0.5454545454545454,0,2
-0.78671556220729788,-0.48700755675143159,-0.37934451867380026,0.51125827609250596,-0.85841233261244032,0.041752153786230532,-0.34596762754306232,-0.16109595552300857,0.92431298476563362,-21.028120880626687,11.249640126150048,-8.7830900092254502,,0.09744449006707184,0.3125,0,3
0.8808217386544378,0.34580284486433643,-0.32337819530312389,-0.30582573202215241,0.93697886085972526,0.16894151631593354,0.36141899001973921,-0.049909986833737215,0.93106675747089596,10.371499811273269,12.989339292160322,1.3707711820152715,0.2673032495108674,0.2222667125634135,0.3548387096774194,1,5
0.89826339807187972,0.29556049139008317,-0.32521817847963685,-0.24705369698782312,0.95165990920663601,0.1825044876529531,0.3634382182558808,-0.083590747921469061,0.9278605759341868,-3.3792297320571882,2.2183383904389911,-2.3222168504262344,0.3689521857880952,0.3833374679643622,0.9182068423122296,1,5
-0.57265390510630254,-0.70519809051030746,-0.41804683721697788,0.75935918938047298,-0.64845404289782183,0.053674721731006562,-0.30893547298737478,-0.28671066842739978,0.90683839030997193,12.083687246939242,-21.485420360064527,6.97691347634174,,0.3519766792271273,0.6451612903225806,0,4
-0.095022082043148978,0.95555866241962617,-0.27906710053139677,-0.99220396581880665,-0.06820439807065605,0.10430460343269937,0.080635563727292553,0.28680272446166744,0.95459001833444035,-4.3258053726824341,12.925316743023998,-3.4578574216264419,,0.08597936010564373,0.2391304347826087,0,5
-0.026959317675753772,-0.92718902135603631,-0.37362242152645941,0.99237923709681797,-0.0697793945213845,0.1015592727394623,-0.12023578905466258,-0.36803716493999156,0.92200433852197128,4.0480698677128784,7.7511447165129894,-0.29646336952774166,,0.07733118158318937,0.25,0,5
0.23041645258309945,0.93140164631662625,-0.28177869262543231,-0.95368813300922184,0.27368579928503028,0.12479995283291713,0.19335770824149873,0.23997303287742913,0.95132840815104591,-19.512888465188862,0.68702406514782066,-7.2636250829962679,,0.1290366785314767,0.4782608695652174,1,1
-0.66454875587094187,0.69392872202341815,-0.27719646430163891,-0.72531273671804242,-0.68823484962653014,0.015944457160161418,-0.17971195014513616,0.2116499953000095,0.96068095352439409,0.74625276318153078,14.422899615373288,-1.8569862037254212,,0.155471302784118,0.3157894736842105,0,5
-0.83596938061141379,0.46644164220250917,-0.28911483721800996,-0.49368963767198748,-0.86927731287307641,0.025049849889099706,-0.23963667568941047,0.16367390672795454,0.95696662215614281,-4.0810414411609068,6.9755536114613914,-2.7709577334831503,,0.08487271882379402,0.3295454545454545,0,5
-0.71216502486142585,-0.56294765928539514,-0.41941734617111448,0.60499887455989676,-0.7952173489024349,0.040071558315622424,-0.35608614006358613,-0.22520946008034154,0.90690868335513153,-9.6396603331968347,15.336116129503489,-5.3955367224548754,,0.1604773983946063,0.4285714285714285,0,4
0.49338281772632464,-0.73706399849502835,-0.46185501761370285,0.86107155288445425,0.4889693820466201,0.13951603575969779,0.12300071538648491,-0.46652503206523432,0.87591393325540001,-19.047162670192812,4.5210963925933472,-7.4770667559517587,,0.1957775768319569,0.12,0,2
0.64608861756251301,-0.65575819188612472,-0.3905773828966535,0.7461802997614867,0.6503210776834103,0.14246914110972705,0.16057539819043412,-0.38348883907478443,0.90947889024487827,19.838743121077027,-12.11012747330313,8.4651524055631171,0.1634248642858811,0.1545860148045061,0.3333333333333333,1,5
0.38609854500278495,-0.84387184482043265,-0.37256975597341774,0.92155194877453239,0.37075156955802224,0.11526178629591362,0.040864645558162833,-0.38784479265502919,0.92081838467408061,2.2645134164419587,6.9900481811544761,-0.89816807472255944,,0.07053844406687966,0.1515151515151515,0,5
-0.93041756465221259,-0.11213344855684956,-0.34892584470255894,0.098245400789201853,-0.99351071353267617,0.057308841547898157,-0.35308780297599496,0.019040793327521233,0.93539641413629726,-0.71366944813697109,-7.02224437117059,-0.35855698226792931,0.1856003922200042,0.1488054110891796,0.6612021857923497,1,5
0.63612193646650028,0.70383349231618275,-0.3161760538689104,-0.70355374796700643,0.69734203816514095,0.13684372667121258,0.31679805186851795,0.13539755131350581,0.93877925916086313,0.94220339144208176,4.6421656133833444,-1.0084967916820955,0.2650498397029714,0.2373025998538735,0.7841726618705036,1,4
-0.72008089277828091,-0.56199377045158605,-0.40699694081066978,0.60622529790418,-0.79489824588350777,0.02505328066961246,-0.33760094199605273,-0.22869145297743887,0.91308587947599185,-8.3521045114205741,-12.545567211155408,-1.9598100716132836,,0.07800119162321065,0.3103448275862069,0,5
0.38682439375056227,-0.79224034677182287,-0.47193444602653539,0.92215339280152997,0.33227723885170191,0.19805291385313387,-9.2434505471948318e-05,-0.51180764891505082,0.85910006516581705,-12.103022653427296,-1.7791318254547044,-4.6336914186713356,,0.3943423668943781,0.2956521739130435,0,2
-0.17642007675939131,-0.81318549283454078,-0.55462177270609825,0.96395689675198692,-0.25673833531122925,0.069803498378644899,-0.19915586288254006,-0.52231674434682196,0.82916956097920469,7.2222611018345582,-13.922816410629888,3.7469961241957557,,0.2083922598824799,0.2941176470588235,0,4
0.065791808595406426,-0.82138979931598544,-0.56656000167801301,0.99646038995681285,0.024308194614024,0.080472373655326904,-0.052327136065919086,-0.56984902321075481,0.82008167982030122,-3.0272402471870179,-23.963700872460642,1.4617460675268887,,0.2774021100331669,0.375,0,4
-0.94441960366933397,0.081293142220735928,-0.3185326313471471,-0.02801440604930593,-0.98531977367801926,-0.16840468120809912,-0.3275466459281226,-0.15012117980810058,0.9328326892397486,0.28098648526861064,21.74499221795508,-2.5301514420087643,,0.2737074010900029,0.1111111111111111,0,3
0.57104344337545654,-0.68230970237541433,-0.4564678037082967,0.8143668092421753,0.54095311137937496,0.21018190049024896,0.10351852869231205,-0.49175522501885838,0.86455810266518918,-13.446498693853119,20.746348986903588,-7.2147374619737841,,0.1733820396962545,0.3103448275862069,0,2
-0.93735036907680158,-0.004225932513372257,-0.34836249379916906,-0.0019956880148806421,-0.99984489206589922,0.017498829648794751,-0.34838240888559652,0.017097757283418769,0.93719654495465676,-18.806233336833998,10.4707388274458,-8.0172732248413414,,0.1446482460536979,0.6060606060606061,0,5
-0.92489531662804336,0.18816211662298521,-0.33039926021023314,-0.19660731858052238,-0.98044969553968675,-0.0079972993386993041,-0.32544464285049807,0.057562247906886743,0.94380738080172777,8.3379027028026975,3.1522057021542795,1.5931316607679138,,0.1104928707194576,0.25,0,5
0.88721420094552161,0.36196056752717964,-0.2860690636821851,-0.28464007419247139,0.9174298527973318,0.27803325944924517,0.36308537536549784,-0.16524833660787291,0.91698527656883722,18.389159659750547,24.336868745655948,3.165074972640249,,0.2907098897480661,0.2916666666666667,0,2
-0.90039836521900629,0.27567129216052955,-0.33658300995369139,-0.30549112348333546,-0.95143761733636001,0.037968852895520024,-0.30977081428667913,0.13701021493252294,0.94088800801174699,-15.733171232471223,9.762443762844816,-6.8719047634924033,,0.06771795690346176,0.2941176470588235,0,3
-0.37393055484617688,-0.81772402568031455,-0.43761096647320347,0.89559081975647647,-0.44098158990302877,0.058756454407325638,-0.24102494418701434,-0.3699495306008348,0.89724262108298747,-3.9691416426757367,-15.888829741334268,0.037942306620291834,0.5833971160673205,0.4968578790616315,0.6823529411764706,1,5
-0.53830484862217043,0.80078114530596078,-0.26263557883945793,-0.83599769859024731,-0.54677025193261697,0.04636959729557566,-0.10646942237879177,0.24452371853056992,0.9637802722479385,-18.764898081423773,1.9623166852726579,-7.1449772411735557,,0.0887544144156017,0.3333333333333333,0,1
0.93307897682700403,0.085751080176952404,-0.34929983574567913,-0.03990236782743737,0.98984832821693591,0.13641146640917695,0.35745128905241957,-0.11334478097655844,0.92702833644939919,0.23693006998540395,-3.2097177407114192,-0.69388609907665821,0.5825562869319664,0.2814806713380805,0.820919175911252,1,5
-0.925074265533952,0.18816236697774921,-0.32989775219020734,-0.19905024136438434,-0.97998896754229903,-0.00079051132841773954,-0.323444902046084,0.064934945512496192,0.9440163389431826,7.4262004475508103,5.6911356787071954,0.92082416181888582,0.4035797083920735,0.300900126665831,0.8353658536585366,1,5
0.71811907389506879,-0.59080343619295639,-0.36777207002528756,0.66880127631573694,0.7319813825462399,0.13003118242997455,0.19237943888714032,-0.33934430213028677,0.92077988472010974,-6.6825176708405323,4.6354541992926208,-3.4445389027613196,0.1067089623024184,0.08565128541881592,0.5891238670694864,1,5
-0.47437611846895311,-0.77870213888530448,-0.41059746360855892,0.83710019014508008,-0.54336659662303144,0.063372023270323652,-0.27245287644912203,-0.31364904044131198,0.90961184553898777,-16.660485928527489,2.9016640350798388,-6.4990871618766626,0.2736792385143266,0.1854217289037648,0.7529411764705882,1,4
0.21805606306541786,0.97002056636010703,-0.107292377170182,-0.96000204092332042,0.23298070448161567,0.15529350521612456,0.17563494750040751,0.069138210691832361,0.98202457863276593,-4.2721841599415189,4.9937426104484191,-2.723306667952083,,0.3462177820661089,0.1986531986531987,0,4
0.92352545895657334,0.20367329883301658,-0.32498909828104611,-0.14060841507811433,0.96814626300215023,0.20717646353819275,0.35683329478661524,-0.14563653654714584,0.92274590161879366,-1.7513363065180243,-9.8407030345427398,-0.19313823372349487,,0.0751551185962243,0.2702702702702703,0,5
-0.85540132055125562,0.39680582474802245,-0.33291698401434722,-0.44146468024818114,-0.89470585180207729,0.067899741122407653,-0.27091976098568099,0.20505261811827866,0.94050832367943449,-2.1652036544117506,23.379573729038178,-3.5565972050711578,,0.09443688473530676,0.5,0,2
-0.91123596502259718,-0.12495598725594606,-0.39247295104023167,0.20663370314562093,-0.96297255044009955,-0.17316575822955774,-0.35630258036346518,-0.23889300606711381,0.9033153396674688,-4.8815006075474887,-5.1097363602352033,-1.9137553204661029,,0.5626246551757991,0.3453038674033149,0,3
-0.69600657618616302,-0.6240213436396731,-0.35520727552761683,0.63740662299354467,-0.76471374784074753,0.094475821390046164,-0.330586815934303,-0.1606556769787342,0.93000113472238544,-3.6147682278677551,9.3171987358962358,-2.9568271372699546,,0.07667196558015563,0.2990654205607476,0,5
-0.50186318582727607,-0.70125297792171071,-0.50633744051494878,0.81360792074980459,-0.58141270671024903,-0.0011898609336608952,-0.29355662827549367,-0.41255729957400383,0.86233461055655702,-7.411345539924806,-2.6129507766449072,-3.0711514646796241,,0.2988046876134501,0.2366863905325444,0,3
0.93718753047541281,-0.0063175299168722904,-0.34876872213136878,0.10820714617702046,0.9557793100726143,0.27345406187025911,0.33161837439687109,-0.29401700504030032,0.89642805316963936,12.462334502899642,1.290140741774092,3.4067298475000576,0.2272226903572835,0.1283474721027892,0.2105263157894737,1,5
0.92604503274001604,-0.11497209276016494,-0.35947463780340716,0.18516790128818769,0.96836168878601991,0.16729760316279427,0.32886691178966404,-0.22148827864660434,0.91803567291913746,-12.088223294668705,-16.500834197419181,-2.7900538265304404,0.2032333447349359,0.1688800200098531,0.5675675675675675,1,5
-0.93720282803450872,-0.0019048163749204158,-0.34877963071070828,-0.0056174777522506802,-0.99977294603655353,0.020554812504487867,-0.3487395920566278,0.021223290224880727,0.93697933215424145,-23.508177787482623,13.170591190081156,-9.8499622374655811,,0.08412871709472594,0.1333333333333333,0,1
0.44151200985631034,0.8652857525516735,-0.23737672923798736,-0.84506762983574779,0.48992655121695561,0.21408567307610957,0.30154244503292132,0.10607799415403391,0.9475334363492528,-9.7859987171872618,-9.9131888852687045,-2.8193886798547143,0.5460285374421782,0.1865172319073901,0.1836734693877551,1,5
0.55388781442835944,-0.74198092164482821,-0.37772026811235132,0.82453868225323501,0.55177838446318173,0.12520613366484953,0.11551731686580245,-0.38079512385834524,0.91741529480919026,-6.4855992193612018,-6.2514802301882373,-2.3066240305639232,,0.09923925561890022,0.4037267080745341,0,5
-0.83841843751504919,-0.3754533048006195,-0.39508143407292184,0.40962447977066946,-0.91225120256096792,-0.002351382290500722,-0.35953067909071662,-0.1638064691651728,0.9186430925295237,-9.8593458687573126,-13.829518433483358,-2.3418611915425616,,0.1058142375251175,0.25,0,5
-0.17753849606528324,0.9379931697418854,-0.29773964454275859,-0.98310298125166007,-0.15533482433602183,0.096848441405091759,0.044593841155204338,0.30990305882012237,0.94972179266612389,-22.265052591461476,5.2450719285349097,-8.6734051473117546,,0.09850858496720727,0.5,0,1
-0.69572143695532584,0.64871213185823795,-0.30845461925663836,-0.69472690079945121,-0.71681457661351666,0.05942555056518279,-0.18255469171294145,0.25563535110450925,0.94938103614895752,-7.6176985974160596,15.597990557586982,-4.7800300439539409,,0.09243973114312162,0.4,0,5
-0.9300840824946226,0.13387405447960893,-0.34208381579274755,-0.16477274466868383,-0.98433155158724805,0.062780085729386273,-0.32831926855499116,0.11475684766945747,0.93756990342506408,-16.430340227700288,6.0820937344264872,-6.8210778861446508,,0.09879527839344053,0.5510204081632653,0,5
0.7348366466697781,-0.50964621358980955,-0.44752188738059057,0.65023629538419048,0.71702401539516347,0.25113606175067715,0.19289339769976402,-0.47553895562841808,0.85828598893589891,-13.834154334293256,15.860077846610581,-6.8813679249298421,,0.2293967457583053,0.3043478260869565,0,3
0.62388220929009874,-0.64313249268920381,-0.44401755120566533,0.76343010890036422,0.62305483936794337,0.17022671930270966,0.16716894973553637,-0.44517778918939438,0.87969953862484185,-0.68040621918026167,18.280568658861593,-2.659563748727936,,0.09453721254795086,0.3636363636363636,0,4
0.067427646465512053,0.97051889816052528,-0.23140134140795685,-0.98849065430059679,0.096462564476077137,0.11653840575139535,0.13542429195864419,0.2208801529517275,0.9658531043484414,-3.3470045255779963,-2.0060418536373441,-1.8823730950946456,,0.07384307743555178,0.1824817518248175,0,4
-0.53857372103751056,0.78511224885139819,-0.30583836206615916,-0.83565190846414972,-0.54416265179205314,0.074651833700627002,-0.10781574508407936,0.29577992680055548,0.94915225333653586,8.95099650122018,16.304187249886617,0.6413672325380847,0.3877488902068524,0.3561757883498838,0.5714285714285714,1,5
0.62762792263303169,0.70802164892616559,-0.32371057348072185,-0.7147811774202264,0.68884004118526398,0.12077775484598953,0.3084980699082237,0.15557873348165716,0.93841579193401436,14.923841627765384,-10.698081677130601,6.274643281237025,0.6801866138465485,0.4766479275372015,0.9302325581395349,1,5
-0.91592926622550963,0.23558663389543355,-0.32491924720062398,-0.24665521221985889,-0.96907555867917339,-0.007332656778130036,-0.316598776934431,0.073426830930310494,0.94571333655773071,-5.0654158366643198,21.428190052317735,-4.3817034562539314,,0.1005570679612352,0.2333333333333333,0,5
-0.19106354137650028,-0.85954846717550959,-0.47399488998606715,0.9647637270483328,-0.2534402940928176,0.070703382535476561,-0.18090238839905401,-0.44378423801029676,0.87768438288780093,-14.041216204187652,6.4853145963019703,-5.9875079198624288,,0.08645403105783837,0.2413793103448276,0,5
0.93750814656052139,0.070929801868197098,-0.3406573620804294,0.060409590639119277,0.93095969645688903,0.36008988451734325,0.34267937856175784,-0.3581661720205272,0.86849745925287081,12.121109931640699,5.1058011251826212,2.7899077386687825,,0.3118123960763601,0.2714285714285714,0,1
0.92850450169079479,-0.035287085655055471,-0.36964065242597804,0.17754596567543815,0.91649533824768159,0.35848811004361769,0.32612393412981217,-0.39848603056599313,0.85723512704009819,-15.895763102417163,-10.983703641498787,-4.7539810335472605,,0.06914970946161625,0.3636363636363636,0,1
-0.099317328562939511,-0.87608955645398068,-0.47180839047158613,0.98489825944124154,-0.15412664795378198,0.078869480410004911,-0.14181497381001179,-0.45685015646577015,0.87816652620130509,2.3468676524249723,17.450776946026554,-1.6598620754921234,,0.2494821290934101,0.2666666666666667,0,2
-0.19171084493144674,-0.89228607177599828,-0.40874505263088995,0.96477194028387514,-0.24778620422232328,0.088414366694448757,-0.1801722930324143,-0.37739576456506668,0.90835586732942442,-6.5337106518405381,1.0828721108352979,-3.1386257645928919,,0.1124732785496032,0.2376237623762376,0,2
0.89335822135187304,-0.26382934915471251,-0.36373776662263002,0.35712436361195149,0.90816571348238562,0.21839694542229379,0.27271464437718923,-0.32500632513788169,0.90553719490841056,-7.6583046563364219,14.415174432716423,-4.6937798364906946,,0.1646466533137424,0.34375,0,3
-0.65672408676291338,0.71735544214231806,-0.23262554351192161,-0.73596391471965894,-0.67694931449369466,-0.009835742830707218,-0.16453142586123853,0.16474463643869117,0.97251663979016401,0.63491472673700911,-4.4806236452396719,-0.32544070098406919,0.3182401984969218,0.2234294213502256,0.3464566929133858,1,5
-0.5666354773308574,0.79197343770137107,-0.22738141921780869,-0.81622359209171236,-0.57726116843113706,0.023422022423808378,-0.11270884412030023,0.19886582762503996,0.97352406188038043,1.1587033684004813,-8.3641879952914913,0.52515973599252386,0.4828725355998511,0.2736736557636666,0.3380281690140845,1,5
-0.40567962004954694,-0.77016255324755856,-0.49221305087498257,0.875472533211898,-0.48214967811121229,0.032856224506144283,-0.26262499779723747,-0.41758990585556222,0.86985445969975073,-3.4594218737773561,12.949152209516868,-3.1608089610722114,,0.2028788621368934,0.1571428571428571,0,5
-0.45921662611793868,-0.7999670108231246,-0.38622904071492675,0.8477708020519108,-0.52452995111438538,0.07844104520084183,-0.26533894830031557,-0.29141227149633819,0.91906154882914504,3.9146924570654313,18.655251587483725,-1.1878532843568108,,0.08126567624602031,0.6153846153846154,0,3
0.88265325205993994,-0.21091546884402304,-0.4200451185650414,0.35468117501193275,0.88528808240135903,0.30077612147622518,0.30842260085825185,-0.41446311797364083,0.8562101512592577,6.2940649121013594,3.6308534744744083,0.81649441012762758,,0.4104409346616402,0.5384615384615384,0,5
0.9310048696936235,0.20202195340722209,-0.30400174826518717,-0.14462682815402161,0.96886952277098226,0.20093513486604866,0.33513133721701882,-0.14310478044796487,0.93124003813628697,-12.412476464393409,8.7003579338854529,-5.6986607968497243,,0.5076893199642112,0.2638888888888889,0,4
0.57944398751979787,0.74696000552832043,-0.32602977696567481,-0.75673207455459013,0.64163869356086234,0.12512535420855225,0.30265695542554827,0.17421405530737483,0.93704227773665372,10.571054389764823,11.493674608040484,1.6021099569457715,0.3173617477640769,0.2937756010841099,0.6666666666666666,1,5
0.93549164038690624,0.075536378100149584,-0.34518059961377784,-0.033477289417408053,0.99143609768153462,0.1262289004438934,0.35175938062755208,-0.1065303703059484,0.93000893455009292,-6.5591856608001846,6.1720889004287285,-3.5157739357820792,0.3412674213958047,0.269443608664892,0.928654970760234,1,5
-0.53284041591103315,-0.74387341338948421,-0.40340232525858766,0.79786363563817353,-0.60046883347986746,0.053392873546602944,-0.28194806276687479,-0.29341016490845262,0.91346360903453705,6.268110272130639,-17.141498896924023,4.0840309997355462,0.1889719781357881,0.1769442281334493,0.6842105263157895,1,4
0.23569792454680955,-0.88217552320121417,-0.40769208310806399,0.97113667555876959,0.19800088631303353,0.13300077595230914,-0.036606635313692112,-0.42727274109626895,0.903381402823355,1.5679696768293692,7.3555185352388239,-1.1158864601925629,,0.1480088069456965,0.1428571428571428,0,3
0.62846618607693416,-0.67825592168686588,-0.38078754923790925,0.7623236958265811,0.63436215767396809,0.12824677653855537,0.15457307572541509,-0.37088213438763595,0.91572572676148889,-7.587276221906146,-18.943266698922162,-0.82691211931467046,0.2857684843597392,0.2410586234977942,0.7222222222222222,1,5
-0.63897606983451949,0.7159350807875462,-0.28132995268289818,-0.75393408095214864,-0.65544896188133039,0.044385357354947551,-0.15262039102843084,0.24046542052115727,0.95858405879500863,-1.9933788519574991,22.143507867165308,-3.4333648067164684,,0.1304093054029571,0.2727272727272727,0,4
-0.93600042210343559,0.05056753468073702,-0.34834772032913303,-0.03220390927033228,-0.99777892729810547,-0.058310551940032332,-0.35052263557422314,-0.043360542848948004,0.93554996941582225,14.361839841501686,3.8230571410662919,3.9007791692480223,0.303125289978061,0.1652115751009158,0.1,1,6
0.41347037031614431,0.87142016900063768,-0.26394912754076766,-0.87644161628687001,0.45947069055620293,0.14400270053115893,0.24676374553627431,0.17179515004419643,0.95372641795758306,-6.1204896177248562,23.898261074074611,-4.9622155844921165,,0.1716017273140387,0.5,0,5
-0.010946610296032427,0.98679943755321187,-0.16157673646813112,-0.99248120855948119,0.0089774584134988174,0.122067423568888,0.12190661335357983,0.16169809920063682,0.97928162564992638,-13.967648553447146,17.592858398718246,-7.0990654295528683,,0.7503507098153389,0.6285714285714286,0,3
0.049024122143280356,-0.91791839932533825,-0.39372890118467152,0.99444802368764396,0.0081090786903028726,0.10491601892243578,-0.093111565510516206,-0.39668634337824454,0.91321967857979147,0.27693328967203668,12.10041028206742,-1.8421876288183074,,0.07924208500937249,0.2790697674418605,0,5
-0.92761488281735127,-0.1278487900674582,-0.35097765748554333,0.12217591254606069,-0.99176683212071814,0.038361401157586024,-0.35299245823287739,-0.0072964089470714255,0.93559771635419675,1.0905752752368847,-23.476086230715993,2.8340833623500519,0.2238755502660706,0.1710966005262151,0.7575757575757576,1,5
-0.07905267450800596,-0.88185490674579992,-0.46484685446014079,0.98872873504517012,-0.12883589664828149,0.076267950220331338,-0.12714622742774911,-0.45357825695594073,0.88210010864283517,-10.775341782106727,-12.224720626627736,-2.8851178209541359,,0.3487505087420547,0.2916666666666667,0,4
0.68874392513575522,-0.60579167616718721,-0.39830672938721928,0.69893501276802295,0.70079866021703141,0.14272731261036772,0.19266980436891826,-0.37669308850118816,0.90607983288443128,25.592186512108498,-7.5477501126777993,10.032776117220772,0.3550078211205036,0.3406099601045362,0.9523809523809523,1,7
-0.56734864834420817,-0.65119695729353022,-0.50404169870522542,0.7571999629785866,-0.65312790732927806,-0.0084942764792421428,-0.3236722528843457,-0.38647957187842058,0.86363754737357612,4.5837960734157397,-17.460953939530047,3.3766432107582753,0.4508125145934154,0.2385789053160054,0.1818181818181818,1,6
-0.83864410243603238,0.44241088272782503,-0.31772422050144206,-0.48094495768070805,-0.8752840358028493,0.050693237716474729,-0.25567169794633948,0.19532144662751127,0.94682707785348663,-2.5428767490507203,-20.514647215591399,1.1045975963724841,0.3587535332234374,0.3042187706666035,0.9833333333333333,1,5
-0.56027257116103646,0.79471755507546848,-0.23349229892968795,-0.82073067279916112,-0.57067654371159582,0.027008242890332785,-0.11178465337977933,0.20676626928069411,0.97198348810898316,-15.652993222498671,26.552859407871644,-8.4833948992514703,,0.2387275741888394,0.4,0,4
0.92815253100935169,0.019901079944054472,-0.3716676286657139,0.099294440977839654,0.94914023681578996,0.29878658746363568,0.35871087685186376,-0.31422405680394178,0.87897084647549051,9.4552686408811013,-26.93592195994739,6.7925191859243625,,0.2845435387921758,0.4782608695652174,0,5
0.35095230833848212,0.88576353749777081,-0.3037357945835929,-0.90501244745668885,0.40412096159966882,0.13281083669721144,0.24038499791032175,0.22827440512504787,0.94345421126012285,6.1107843080649644,-20.754952165720471,4.4209050027352008,0.1584498404859665,0.1079077917069095,0.3333333333333333,1,5
-0.92551445560817847,-0.026655090653337751,-0.37777307818657319,0.061806434966753566,-0.99477710743927694,-0.081230973842775195,-0.373634791015233,-0.098529247723747007,0.92232804917013933,-8.701609990746956,-4.8364466789428251,-3.1929383890757101,,0.2338904959497531,0.4,0,2
-0.032906334428274953,-0.86931727097711364,-0.49315784038723265,0.99150288859772939,-0.090526820686888276,0.093417967429633139,-0.12585386389322559,-0.48589338040070967,0.86490949111795379,0.36578325532830591,10.223400201214845,-1.6945040558177777,,0.08745124848057577,0.3137254901960784,0,5
0.43092764647304665,0.88818716431825817,-0.15945195089898412,-0.86885794873685296,0.45610651022152143,0.19249082121060573,0.24369494952088977,0.055591478428230347,0.96825738267475892,6.6221696418735583,6.4806457314765025,0.65505709265993817,,0.1367914796392517,0.2702702702702703,0,3
0.76372885923368994,-0.52856215801842488,-0.37059448820039514,0.60865827745123002,0.78087366243133371,0.1406108979104301,0.21506587563746285,-0.33295400347793025,0.91808948403971502,12.98555415651164,-17.748213045501071,6.7949204660669311,0.205557972163621,0.1260609496499031,0.5714285714285714,1,4
-0.29545008684049384,0.90365491315796931,-0.31002748928346002,-0.95535720856515738,-0.27899822686803771,0.097224448813454753,0.0013602310589190866,0.32491196858526522,0.94574328569729338,0.73659581657882112,1.3371501388885478,-0.96139705045014767,0.5416824842172887,0.5035725730049143,0.9858208955223881,1,5
0.8442446495043977,-0.27419423806646498,-0.46050894844112217,0.46753334978234007,0.79685862924484607,0.38266028254749662,0.26203728479836885,-0.53836218738798558,0.80093858476560031,-4.3907324567434074,-0.38806794354009966,-2.3278756219303265,,0.1690232820636912,0.3333333333333333,0,1
-0.75189849921528185,-0.46193335657089968,-0.47038943543084522,0.57167283878878217,-0.81221408350570468,-0.11618282121795728,-0.32838820360814208,-0.35626655279738312,0.87477730371157159,-1.2709045709230746,-21.957237875700038,1.7053682148338134,,0.6136471065061544,0.25,0,2
