axis_00,axis_01,axis_02,axis_10,axis_11,axis_12,axis_20,axis_21,axis_22,location_x,location_y,location_z,dbh,dbh_approximation,score,reconstructed,number_clusters
0.072399777488587266,0.99699702507202026,-0.027480979188230725,-0.99280204882599188,0.074676088206091756,0.093635322913673005,0.09540631041244009,0.020503995897797913,0.99522722133476005,-9.8005370961486236,3.5479484134493369,-3.2118601919673782,0.727860796892184,0.6652567615365401,0.421493370551291,1,5
0.96725041273761203,0.21119530601876255,-0.14079482154738213,-0.18911741499202919,0.96960999333857734,0.15521296390667569,0.16929631539301301,-0.12350305070565529,0.97779637658397178,-4.6722978359069298,-10.540707674834167,-1.2166210797659414,0.4876915424031841,0.2420397789579269,0.6880733944954128,1,5
0.33807347719918013,-0.86275230170919648,-0.37598509266982921,0.94103047378318549,0.30439085258475312,0.14767483290703476,-0.012960379078138544,-0.40373837414619329,0.91478268119588924,7.4666631718179319,-7.3352578420273336,0.37498242039996293,,0.1354213391891075,0.3333333333333333,0,5
-0.65950475083463656,-0.65965063591583839,-0.36043657162165776,0.7326058784665519,-0.67143161356986869,-0.11166116216130857,-0.16835115224671246,-0.33769901811345659,0.92607627261603664,-12.152269474188838,16.727259699075081,-4.8106588139515232,0.3859696640854121,0.206216226555797,0.2941176470588235,1,5
0.67652037157955869,0.72544045876894692,-0.1267135652523261,-0.72018682639882492,0.68766949365820895,0.091878194221756262,0.15378921262378684,0.029099970325791737,0.98767508311569419,12.314302143542696,-16.233312285223079,1.9524344954780777,0.5384563501711775,0.3971817312258466,0.5416666666666666,1,5
-0.60240048977686544,-0.76966909670734618,-0.21147844214078504,0.78411487484323816,-0.62016980639880415,0.023521783113634787,-0.14925653408198858,-0.15165385852318569,0.97709958255485097,8.6704170273639356,1.8333966856975561,-0.26625186790132238,,0.0752830922207564,0.3235294117647059,0,5
-0.78355722221830126,0.61915262805607074,-0.051846915827292055,-0.61670522877891387,-0.78517652147268624,-0.056324869505402331,-0.075582671997545467,-0.012159494204710094,0.99706539725055054,-17.149661499644708,12.139343458421459,-5.2064517645363466,,0.1263654893786644,0.3571428571428572,0,3
0.82212165385864766,-0.52784748543964444,-0.21329092426019305,0.55535306254711003,0.82600845967406,0.096400209887908025,0.12529549942543244,-0.19770446798676955,0.97222115856516966,16.138972955104045,10.093346460822444,0.2917893767534519,0.7267123120079646,0.6106425375274686,0.8048780487804879,1,5
-0.5512584338734926,0.82349977024788723,-0.13402338409778661,-0.83335098863001866,-0.55125584468550848,0.040535459161557562,-0.040500232502000411,0.13403403337117423,0.99014878127761197,-5.1740167561968864,10.84187172284193,-3.1086125720652662,0.184929721151015,0.1055388843257079,0.2083333333333333,1,5
-0.97961829503502251,-0.11015006043360878,-0.16797309373571806,0.11937942800709009,-0.99178973175375318,-0.045844085294809898,-0.16154426081224907,-0.064962236524693184,0.98472501726336459,-12.019499449754457,-20.011152526126036,-1.5882183983799096,0.2091625451247451,0.3272518503428901,0.1666666666666667,1,5
-0.97348251079959303,-0.14535960228527275,-0.17664197460056497,0.15564465959415918,-0.98675256748914297,-0.045761452046463987,-0.16765005549398901,-0.072041353242772027,0.98321081275371014,-17.303905106991888,-12.844454504041915,-3.0777030566440815,,0.1468905011772348,0.4705882352941176,0,1
0.9832604300724157,0.16477640321033413,-0.077766725524960723,-0.14009088541585749,0.95658190011853161,0.25558875599098752,0.11650523798186194,-0.24041590070268826,0.96365280273141174,4.0460494147445445,-4.9331186029907537,-0.33881086385828041,,0.5840381209514961,0.4444444444444444,0,2
0.98526905414711796,-0.037450980967885121,-0.16686016590123529,0.058366903825398622,0.99077957463651589,0.12226667175040712,0.16074263739867314,-0.13020467928468718,0.97837035217472279,2.2704200271719119,16.280200319594766,-2.3670363096043348,0.1577642240508663,0.1093325218145817,0.2173913043478261,1,5
-0.8354778620356641,0.52890342861964357,-0.14912379167223039,-0.54057767046987837,-0.83980309576954126,0.050065382503834632,-0.098754869437799084,0.12244151065011118,0.98755027833120634,-6.0822424842622391,-0.84930984485559502,-2.2239289641463698,0.1576053018527885,0.1226098125179434,0.6389684813753582,1,4
0.70807366586560494,0.70210196063918229,-0.075395759657030617,-0.68997294741295645,0.71062428546553624,0.1376606579414531,0.15022987567698268,-0.045452852201075512,0.98760570202934028,1.3471478662284826,2.1186915415119802,-1.3313927308743914,0.7897643027896115,0.246785104178243,0.3262411347517731,1,5
0.97991884308922916,0.14296574797706629,-0.13899588434203317,-0.10996376525771519,0.96896427620255887,0.22139602926338978,0.16633409538940583,-0.20166563006275431,0.96522740448164801,24.799261408271345,-3.232555534905345,2.6407018868667143,0.2491673233005511,0.2613230957505055,0.71875,1,5
-0.86604780998491415,-0.45981411170103981,-0.19629613725419517,0.46988185502772356,-0.88271291233474714,-0.0053811442290460356,-0.1707988089420979,-0.096896321282556166,0.98052989234692289,-18.403259799298716,6.8919758829319724,-5.0340195563136474,,0.07906991039709148,0.4705882352941176,0,4
0.35778966291164538,-0.86201537620077739,-0.3590488104798647,0.93344220978983383,0.31948135153134388,0.1631481137076955,-0.025926783376357811,-0.39352402368488287,0.91894866270462416,4.3917481803765224,2.6932580593664683,-0.90293197318154472,0.7483576603599655,0.6315126270579777,0.6462585034013606,1,3
0.7114712015025545,-0.64610657580314534,-0.27632412514372834,0.69938985148845401,0.68927115342900247,0.18910080033043497,0.068282977874945971,-0.32779806246313831,0.94227695778785903,-2.3089268668858596,29.930870401662286,-4.2366615860820653,,0.1244045341060212,0.2941176470588235,0,1
-0.71924748099184621,0.68263267877493006,-0.12921179108521427,-0.69160341705317396,-0.72118588562059149,0.039694230084709174,-0.066089141371779625,0.11791329123643278,0.99082222479238657,-21.272970779311009,5.4068505226082895,-5.4229167028649758,0.1894652038558526,0.2239526203089178,0.6666666666666666,1,6
0.88127195901841093,0.47181841289052584,-0.027333486885469629,-0.44030015587266813,0.84066753058766652,0.31529966025059231,0.17174256020671466,-0.26582981073066297,0.9485984423034558,-12.888103904909459,10.099095800626957,-4.3436153526709846,,0.365803991760592,0.14,0,1
0.81170486035300127,0.57718098490750114,-0.089427794004541913,-0.56031058607364281,0.81273111897153805,0.15975035333006071,0.16488561736283361,-0.07956279857116183,0.98309841535341658,-1.1561538839267587,-16.915142382209616,-0.087130802572612034,,0.3050154727466876,0.1111111111111111,0,4
0.2401199721449426,0.96693340760705815,-0.085919638212195296,-0.96434968652668307,0.24774387910523216,0.093019634818566899,0.11122985693148844,0.060520704054849522,0.99195018186787276,-1.472971121704955,14.997663996740997,-2.8429986109714704,0.2073030336209224,0.174072096766092,0.4285714285714285,1,5
-0.51256427324522069,-0.80846628840890766,-0.28924060278412439,0.84703321355254568,-0.53129981688283912,-0.015976223555902652,-0.14075724113325572,-0.25318523868224679,0.95712310283576785,10.12390503593967,-11.332036970353386,1.1794361466421242,,0.1010851586929064,0.375,0,5
-0.43538772297086897,-0.87646719901489378,-0.20553048371769189,0.89354617670259717,-0.4485313723675618,0.019870533516785686,-0.10960274077965389,-0.17499959157968939,0.97844896758110445,-9.373734019179544,-17.134664783489786,-1.3948029988372623,,0.1432963727556495,0.4871794871794872,1,5
-0.058436933548962629,-0.97969269347468491,-0.191800289753986,0.99527565557812792,-0.07209697951546877,0.065026109819629779,-0.077533826236827807,-0.18709423266649597,0.9792774141641446,-17.198371289609167,2.6037893255761455,-4.4240016822330155,,0.08212645815404711,0.3801652892561984,0,5
0.82473962673898982,-0.53628095568644918,-0.17946388119747375,0.55652437900125229,0.8260326931421188,0.089166167561739423,0.10042491555237884,-0.17341489678919383,0.97971532084983282,-20.117235666522568,8.6399957132252325,-5.4476214982476998,0.2296234160430795,0.2088128652993926,0.5,1,5
0.83090578624418876,-0.5127450767424353,-0.21607420175097714,0.5473646656063228,0.82299209726082201,0.15190763868848881,0.09993746660590333,-0.2444923191485335,0.96448743311966822,2.3249381132017262,-9.2602464907434108,-0.25505622157859503,0.7554865452006549,0.6820011567869165,0.865234375,1,5
0.41083392068336305,-0.88657598938408699,-0.21259939949013185,0.9116845057485039,0.40124740420426325,0.088497924255019761,0.006844822425968464,-0.23018152764061856,0.97312363692338133,12.265581717589367,10.105358424746189,-0.33352403547787263,0.6915920962040512,0.6174110518347709,0.8245614035087719,1,6
0.74403726483437349,0.65493082202011321,-0.13218988957497443,-0.643777355601162,0.75567537955377073,0.12043852021442125,0.17877154402465673,-0.0045098896132507128,0.98388027520766819,-12.987151515233982,7.2026632518615559,-4.0907944538156862,0.1438823859190431,0.1538245857732359,0.296,1,5
0.57970423335445742,-0.76366908151574397,-0.28416990651337592,0.81417368875526774,0.5568350331749593,0.16448693068958967,0.032622176039638046,-0.32671743107147116,0.94455889909761426,15.998657000178579,-7.1549311316973787,1.6677464825200083,0.6961385046618782,0.3085655798056749,0.45,1,5
-0.75671810552286833,-0.63086115741197679,-0.17144068607743865,0.63291350134234881,-0.77263722911718746,0.049519814223031838,-0.16370158396438966,-0.07103458489310914,0.98394912427249703,-8.9874335526453262,-8.4204829351955492,-2.0561213845474984,,0.07256701773524762,0.4054054054054054,0,5
0.34296298647826928,0.93720280328003691,0.063460975646037088,-0.93196143687019795,0.33103218973741111,0.14787011038235418,0.11757665624069064,-0.10985715671586899,0.98696865959642455,-2.7788078972203945,-11.65875725286063,-0.82681367608619316,,0.3332702430396407,0.2,0,1
0.32217679793124016,-0.89850615771848397,-0.29814224024237074,0.9466789019748586,0.30542265138776281,0.10254784529644929,-0.0010804769541099058,-0.31528350505733027,0.94899691464636249,-6.7376104665656902,-14.990452661075484,-1.1424625659881351,,0.1479029394358117,0.1333333333333333,0,4
0.39978259084533146,-0.82070105648309799,-0.40819560990353809,0.91660354146781653,0.35961996404450813,0.17467521068910502,0.0034391606026802192,-0.44398564993494288,0.89602729580420448,-11.839509887114017,19.396158512399534,-4.925636486443504,,0.4624700459722691,0.24,0,1
0.24152402997522779,-0.9226715116298444,-0.30057182930411691,0.96981521808000781,0.21880484471198741,0.10762380178654374,-0.033534843446055805,-0.3174928685140202,0.94766750114045117,8.8081768238006095,-6.1375132934462782,0.46816331407886275,,0.5247316014796199,0.3953488372093023,0,4
0.98664364114657976,-0.011574370998017775,-0.1624818738229577,0.045374789555145581,0.97752109413222088,0.20589715636543265,0.1564463290008607,-0.21051970088935962,0.96499015626047124,-10.121389941976849,-12.891226065756086,-1.9122069751634585,,0.08356623189311643,0.2666666666666667,0,4
-0.45634364925671406,-0.86242217656238318,-0.21903986659160285,0.87974016568067348,-0.47421659275465322,0.034290874067435903,-0.13344554946196832,-0.1770497459178331,0.97511315897142148,11.295242940777589,4.147069395145996,-0.046185588115125423,,0.07094432108098538,0.4,0,5
0.28995375131338241,0.95543301875072295,0.055448794217532252,-0.95078206051172909,0.28095857209753522,0.1306742291884064,0.10927165921851505,-0.090609201772199319,0.98987356619208566,-10.343747664666351,-11.278753506781186,-2.087916468419555,,0.3028890419939623,0.2,0,4
-0.86987219862267506,0.49322225706818906,-0.0073595649268686043,-0.48066303596093557,-0.85088587672420479,-0.21202893824215427,-0.11083954133867441,-0.1809006078592339,0.9772356758489682,-20.983707012863999,4.619595008296324,-5.3157338621186945,,0.1082294484204168,0.3333333333333333,0,2
0.038987029460713911,-0.9828223439554562,-0.18038916751216647,0.99730597264739806,0.02704665252277318,0.068185596053264796,-0.062135404204495717,-0.18256154800290059,0.98122906231681106,-4.6319256987189066,7.4377199752176697,-2.714315913102249,,0.06860137556500066,0.36,0,2
-0.33064110171742539,0.93562328744204282,-0.12363464664579829,-0.9437486059154524,-0.32725071738718436,0.04738709531309461,0.0038769430904184638,0.13234814681633206,0.99119571092017711,3.6325291450041481,-13.759623308740521,0.40900650308909703,0.4733636952153944,0.4020334249096137,0.7920792079207921,1,5
-0.82524422416643306,0.56323437253152209,-0.041701463750883114,-0.55473516942310619,-0.82222114335716967,-0.12736280156131594,-0.10602293282616315,-0.081972147803093837,0.99097916461421531,1.7738584672793885,-10.386876155273216,-0.24475179166069169,,0.3296422766902986,0.4545454545454545,0,2
0.38738195070231318,-0.88740318366402082,-0.24990160842425715,0.92183680297329462,0.36921865908022961,0.11787489330205889,-0.012334218825906979,-0.27603110587388002,0.96106955816735617,29.961919669425512,-6.9376393309600708,3.850652519866637,0.4114104755184027,0.2778267276743465,0.4,1,5
0.87437146354048734,0.46263845637591516,-0.14642473297969988,-0.45491699206278524,0.88651732041550912,0.08448414606216019,0.16889367684615517,-0.0072594273476177147,0.98560754189280153,4.1669295717691259,0.19866972582540962,-0.77548951005148847,0.374137359054671,0.3397808133620583,0.9655831739961759,1,5
0.89186821576870645,0.43734192163056779,-0.11533919232432506,-0.42046727903930947,0.89566534222211747,0.14488223493381513,0.16666839220087526,-0.080719504003803635,0.98270341849133513,-16.892618436126032,8.3694515635676598,-4.8858107043567633,0.25256332342854,0.1949742269184246,0.3596491228070176,1,5
0.98724622605947498,-0.029696359739504536,-0.15640657067255032,0.046789676485501946,0.99318255214449935,0.10676677521645812,0.1521696924676777,-0.11272330874296393,0.98190520945778248,-8.3668021095266152,-1.0621701231019773,-2.5869188437777,,0.06830729976557037,0.226890756302521,0,3
-0.34598609619490794,-0.87606560616032314,-0.3358610947143979,0.93129930612973233,-0.36412900263843134,-0.0095745412328746178,-0.11390883917452012,-0.31609986260751061,0.94186286327544844,-23.26612360891507,6.5407567204830546,-5.8948008289151943,,0.1417719305457775,0.3272727272727273,0,3
-0.94925174207877416,-0.2662493128842448,-0.16742889102266575,0.26373769530715352,-0.96386601476782574,0.037479776542286798,-0.17135798269845234,-0.0085795666706615283,0.98517147380608816,-6.7231831825397714,19.176202911465417,-4.0543722690701918,,0.1378981279500431,0.5,0,2
0.78115203937970434,-0.57845523097266383,-0.23492772746802626,0.61139663372602715,0.7849606088326665,0.10015487431738579,0.12647390102867515,-0.22187020606970068,0.96683916140027004,4.3490288652456357,13.979362795515364,-1.8497678278494107,0.1756882998795596,0.2633257241128089,0.2363636363636364,1,5
0.63411279714818158,-0.72671214513572802,-0.26417876259294165,0.77135809080824114,0.61833069021732978,0.15057839579443436,0.053922687595983614,-0.29926011369306993,0.9526466963753335,-12.232313595370563,15.095096242250431,-4.6536158098453679,0.2196732728633296,0.1498106963017542,0.3870967741935484,1,5
0.61360309103137312,-0.70726735797584317,-0.35108991870832312,0.78830257100367573,0.57431997826202508,0.22076145297153563,0.045500584894493858,-0.41222499549515373,0.90994519058198298,-6.5370572223467072,6.5439584939428812,-2.9263760188490506,0.2212782623084729,0.2113779874247095,0.5885714285714285,1,3
0.61049340131646812,-0.74476810680457595,-0.26947778022645336,0.78959395850392433,0.59892859656223707,0.13351373305428435,0.06196117851648579,-0.29428728023262496,0.95370635368027812,-12.59801742063066,-8.544878775729174,-2.683911893790266,0.4757068964807837,0.210037688156943,0.5714285714285714,1,4
0.5421234363488332,0.83270782114359543,-0.11269367492286253,-0.8307437944206435,0.55128428060809365,0.077138770965117398,0.1263603094049903,0.051800835521290271,0.99063098358893076,-10.492074021691023,-5.4434059420713927,-2.5891753695325428,,0.07818277007500532,0.3663366336633663,0,4
0.91357912036153244,-0.31287781113863178,-0.25977041043303795,0.3882734674849514,0.86102168317580741,0.32845909265586304,0.12090039407157714,-0.4009353269521147,0.90809358455785794,4.6284219396923421,23.374456686239434,-2.5880238297059912,,0.5516189920640689,0.5614035087719298,0,5
0.77380413441382001,0.63299378475428003,-0.023367285390748858,-0.61133832071293659,0.75597097795493662,0.23403704432791061,0.16580898405082584,-0.16681351549652729,0.97194682563179569,-12.624615664759846,4.4739260118798425,-3.7763060315707242,,0.07447095032676884,0.3666666666666666,0,5
-0.98684136253167887,-0.025134487018169234,-0.15972596144319037,0.022393544833794708,-0.9995698589209312,0.018937430833252573,-0.16013323935521592,0.015111409567637376,0.9869797317850465,5.6514264780526906,0.44378241356489495,-0.58993169958201885,,0.08155114457874915,0.3076923076923077,0,5
0.97176002979289011,-0.17894984716195408,-0.15381611325747205,0.20224246449372535,0.96743920860261956,0.15218200686625671,0.12157479201062356,-0.17899254135033252,0.97631001228530045,11.079560473472615,5.4760009130288498,-0.15457123007414103,0.1397242229458821,0.1515034253519096,0.3809523809523809,1,5
-0.94227468404908254,-0.27689376730786325,-0.18827708683283778,0.28944778215431233,-0.9562604218086147,-0.042260940457577729,-0.16834013545839471,-0.094317799531520904,0.98120627366796853,-6.9742289221796261,13.721620322471965,-3.6226727177527174,,0.1422578150361542,0.3111111111111111,0,4
-0.47395473334022337,-0.84135052685383394,-0.25980031121454733,0.87019815055582672,-0.49263888462265082,0.0078808709525336612,-0.13461831046933334,-0.22234257424193027,0.96563020363172947,2.8181693071483069,3.9234592132303892,-1.2786030616115807,,0.07093897409745789,0.3157894736842105,0,1
0.99070571069779456,0.027917624894138737,-0.13312701082443187,0.0092959312082311306,0.96252689415550419,0.27102686894536993,0.13570475472049631,-0.26974540635130206,0.95332137041955634,-9.2513904486778582,-14.259299420255136,-1.6282129432033119,,0.5983477791256803,0.4047619047619048,0,3
0.61846665095888465,-0.70665179317532112,-0.34371826377689618,0.78393829045477681,0.58501970127770409,0.20782854923178079,0.054219539010787479,-0.39798893492036719,0.91578657408285302,-25.276104104697474,9.042529978782337,-6.5669481687919031,0.455204545260425,0.3790016638343719,0.5730337078651685,1,5
0.66319750666553734,-0.70760539487947982,-0.24385174243804011,0.74372475326292187,0.65958794849515012,0.10870708157228121,0.08391995314952487,-0.2534528424330893,0.96370073058287509,-6.4483928411981726,-2.8087393125004319,-2.129824585590399,0.1954598486347582,0.1351248164902452,0.2487309644670051,1,5
0.51912387456767317,0.84942167181586714,-0.09483262256937143,-0.84313672723937261,0.52712792073677528,0.1060971929873914,0.14011017819532878,0.024879281124297676,0.98982329702670246,-10.946757027899327,12.659058480374872,-4.1913760291546396,,0.3951252825272072,0.2291666666666667,0,1
-0.045176856494485412,-0.98285348973873365,-0.17876820004035854,0.99613541954109597,-0.05781365846563323,0.066119640278082023,-0.075321162849231946,-0.17509025844749926,0.98166701270024703,0.93394393337925108,4.0484791030332792,-1.5512918547959491,,0.07471849119483907,0.375,0,5
-0.11505159247589475,0.98887442043091878,0.094289509947698774,-0.99271520424317594,-0.11787603225074991,0.024935201728701197,0.035772256473299756,-0.090733795458123961,0.99523249747411968,0.60164332345719085,3.0757754934010055,-1.4954832782704313,0.7095932520896546,0.3395857360088338,0.3973941368078176,1,5
0.1853872030406436,-0.93807086860389499,-0.29266812335049563,0.98105471878868489,0.15963772616445415,0.10976080870463795,-0.056242543427734583,-0.30747169278126474,0.94989364375544827,13.517810130593642,4.6661842403684659,0.26406398585277913,0.4033629990296303,0.2740094008256502,0.5952380952380952,1,6
-0.96472792154782483,0.21589707632148822,-0.15062698902204835,-0.22399989742095067,-0.97381356982241363,0.038873862493075777,-0.13828985263358379,0.071243130655246414,0.98782606413934104,13.810075779170255,-3.7433319136844512,1.0095006896503778,0.5878538967515244,0.4899899114094229,0.9861751152073732,1,5
0.80022642704559743,0.5996193149464768,-0.0097130119404530667,-0.57740756220588241,0.7747561953235802,0.25759143020525749,0.1619820130918776,-0.20052310328450493,0.96620510891003597,2.1743694791205161,9.57062560007952,-1.8414532058954962,,0.2381748236611455,0.2631578947368421,0,4
0.033960516184880309,0.99088988528137889,0.13032236411112649,-0.99425916525970204,0.020257991430800728,0.1050634383611635,0.1014662290495556,-0.13314221355470304,0.98588932205000435,-11.303498877161342,-8.5522870719226489,-2.424180309548281,,0.443707989068153,0.2608695652173913,0,2
0.47880782849576958,-0.78050310250240806,-0.40194274512084927,0.87607993257657224,0.45441056919936557,0.16122960750599974,0.056806822722242307,-0.42933197130428846,0.90135844329998904,3.0676893667718224,-16.053233285928471,0.48123115373232145,0.6737020906458875,0.3695482750975196,0.2424242424242424,1,4
-0.89084195864099913,-0.41779901502561095,-0.17845051910347129,0.42050862217238399,-0.90696515617977291,0.02422197668406792,-0.17196832092961822,-0.053462028762755694,0.98365070430372714,4.8018883446265637,3.9681737583228269,-0.99713242370252309,,0.07456902451747305,0.1914893617021277,0,1
0.70127334474715985,-0.6765168054664199,-0.22481260611594445,0.70967547197814451,0.69241252574990808,0.13009849598374112,0.067649245522253931,-0.25077859977706246,0.96567783109799454,-8.5108991246991046,-11.358628923092619,-1.7709950397979337,,0.08447969591676628,0.2608695652173913,0,4
-0.47115933412588606,0.87805075757784934,-0.083879371617912354,-0.88200833059618933,-0.46990615610699926,0.03534839758272415,-0.0083777458169697738,0.090637031999665635,0.99584875448298726,-34.108048038304716,7.5672506774706969,-7.9906033463694035,,0.1846285047170686,0.3939393939393939,0,2
-0.39552426581219663,0.91719864862556566,0.048033260488527851,-0.91820609574603507,-0.39365698121565212,-0.043951642460797698,-0.021403758748058808,-0.06148837369467057,0.99787827865518697,-10.256271986834998,-3.449914701096799,-2.7045266433195709,0.4372388700941795,0.2465469891202005,0.2204301075268817,1,4
-0.44762149017698227,0.8927478297997945,-0.051345047662810055,-0.8941453824585528,-0.4476012789469917,0.012535155087448955,-0.011791376500944122,0.051520942079659342,0.99860230120275528,17.49781170826795,-5.6148169171352915,1.7854764024102339,0.4697093177458244,0.2601167616967737,0.8709677419354839,1,5
0.93917479495356782,-0.281758155197747,-0.19637476035246115,0.31766611490573654,0.93000126213687062,0.18489427212470019,0.1305333059591286,-0.23602964729751594,0.96293876317863059,0.44441203771335513,24.658976038812295,-3.4034609123568602,,0.1559045843723197,0.1666666666666667,0,1
-0.071241692271924312,0.98815897354662507,-0.1358913694151121,-0.99594818571529764,-0.062974757201820358,0.064198063255676216,0.054880166295670718,0.13991434149026252,0.98864156517552249,10.523377567430741,0.35176338388216744,0.1138249359013518,0.5981093925011242,0.554127832754189,0.9081081081081082,1,5
0.023115920651136188,0.99966308186758213,0.011805802109878683,-0.99761673385318239,0.022297460261992429,0.065296826890534537,0.065011587802159848,-0.013287062010546713,0.99779604500848218,-0.98754838030095737,4.1896066995757399,-1.8833643665125179,,0.4756392441028395,0.4513513513513513,0,3
0.19186679798732964,-0.90978904672011784,-0.36806388344714086,0.98120245818691021,0.16990962350868188,0.091501125059226168,-0.020709125477804558,-0.37870121508550669,0.92528726448314813,-8.2939991313314323,-2.4234773483090102,-2.4570385112623971,0.08538214027503795,0.1913403168172995,0.2047619047619048,1,4
0.90625134162046672,0.41995437839372751,-0.048444048953856171,-0.38609424498959138,0.86890995057066389,0.30972040905501258,0.17216195804248677,-0.26198056772826694,0.94959277710803647,-4.7360713821394329,20.463477617145227,-3.8555603949057233,,0.1531250214336208,0.4666666666666667,0,1
0.66219048931912339,0.7470978388118189,-0.057866873926374664,-0.7329445507812582,0.66183518190548618,0.15737368735653526,0.15587187474127831,-0.061798149121496386,0.98584225281218185,-24.489910966575291,15.391861553483457,-6.824487379350666,,0.4788548616891496,0.2765957446808511,0,1
0.40204343110464996,-0.89475154580910965,-0.19437271099053718,0.91561360938883296,0.39370637375792716,0.081529194552245166,0.0035774023473889973,-0.21074857658972132,0.97753375371792273,-1.087286515912498,2.8666418508050486,-1.75515873474907,,0.08603005900727576,0.4090909090909091,0,5
0.92215934323813753,-0.33870277736695309,-0.18682230670484429,0.36599092455883525,0.9203271384814653,0.13801667042457552,0.12519100933843288,-0.19564863091376136,0.97265041222547932,-11.675181094612139,3.2778389007466693,-3.5148547082503012,0.4502360026489092,0.3482373058495077,0.8692988427501702,1,5
0.45368144100745667,0.88780991816165056,-0.077244412737766832,-0.88139901890167383,0.4598178280242104,0.10818195094499593,0.13156336710713001,0.019003006206979908,0.99112560565779617,5.6176707669205923,-9.8088374627342834,0.2831157303719064,0.2532433184531055,0.1551728619035355,0.32,1,5
0.66877835052320767,0.74338050365126429,-0.010997484378348913,-0.72490960883081845,0.65530232378221032,0.21233210654629162,0.16505022537460662,-0.13403093388031473,0.97713567730738571,-9.838956436090001,-1.7963763315463339,-2.7643277207439398,0.28302999589994,0.2605326373662346,0.2051282051282051,1,3
-0.28653992432953357,-0.92190932670871117,-0.26072603455105409,0.94691365564087748,-0.31392137991605823,0.069338993304113847,-0.14577174117796415,-0.22701665260304144,0.96291953916973549,-3.097128885946316,-13.563195096559529,-0.70282124099618593,0.3975005940817542,0.3517036365074124,0.2452830188679245,1,6
-0.24346978900049115,0.96813998006963164,-0.058544349298901087,-0.96946614779916185,-0.2410922614420046,0.044832016954800484,0.029289078433979206,0.067672006498665865,0.99727761903139811,6.8736742756901261,0.54742372944140505,-0.42249731493382126,,0.1992253639523716,0.2363636363636364,0,5
-0.59843170070042728,-0.78238064122406836,-0.17251096149117287,0.78774949785894044,-0.61385416627990541,0.051320475093161289,-0.14604871865162025,-0.10518362409908008,0.98366974996774303,-8.4206674546985738,-7.5522087456542524,-2.0716191676654074,,0.08920405923377453,0.3142857142857143,0,5
0.51402943483844277,-0.83869179589000076,-0.17991612386464143,0.85733856638052264,0.50901204642356346,0.076663675833383918,0.027282278428706841,-0.19365641766412409,0.98068999647250266,-21.288929597040156,7.8340448100637232,-5.6520737298096551,,0.08368765389550425,0.2777777777777778,0,3
-0.94628703288860239,-0.24598379075600504,-0.20984000112512322,0.27847740144152389,-0.94983101032583717,-0.14237762713915325,-0.16428995183291659,-0.19316580056703975,0.96731369535328771,-5.472739484933439,16.377003497777153,-3.6467435235801955,,0.2142927119625245,0.25,0,2
0.94384219223993582,-0.27430794341327308,-0.1841658717789289,0.29671738710522583,0.94891982118713047,0.1072845056270078,0.14532965401857897,-0.15590485925257258,0.97702250052098372,-18.372911455725699,2.502549154228106,-4.6403069861707413,,0.1198047269908701,0.4666666666666667,0,5
-0.52954124765960653,-0.78031446107094959,-0.3327091956508883,0.83449307957250951,-0.54962792298145557,-0.039120920550004178,-0.15233964412685255,-0.29835966235844402,0.94221767373821796,-3.7644400871683841,2.808749726188303,-2.1761695641165044,,0.2812484735682713,0.2969613259668508,0,4
-0.4212647809650748,0.90404531846367053,-0.072374349616206674,-0.90690209892934126,-0.42061184166087862,0.024784301729102697,-0.008035376531494668,0.076077203014866548,0.99706955219053406,-2.2606986896496233,8.3252102450558905,-2.4110484965806167,,0.1201034973815878,0.184,0,4
0.15543701118340095,-0.96083131285576795,-0.22943958636258407,0.98537547204017295,0.13439265868556557,0.1047558704466338,-0.069817724511603743,-0.2423670801228735,0.9676692016473063,-8.2820664082102979,20.744213560493314,-4.48555287446551,,0.3115304339032645,0.6458333333333334,0,3
-0.25708454064174835,-0.94062038059462072,-0.22167732985818273,0.96064558538300426,-0.27371377519474377,0.047337390641932493,-0.10520265323254442,-0.200783636979395,0.97397039630276261,-7.7143361533167436,9.0584812658378659,-3.3760879287147523,,0.08130233890766855,0.264367816091954,0,5
0.93345940320927434,-0.30773041770369908,-0.18427027047273273,0.33177974217285172,0.93600012721115688,0.11758386175158064,0.13629286571168417,-0.1708969042452371,0.97581683879480796,3.6689372877905577,12.866771130054337,-1.8978137237432744,,0.1322503069583047,0.7857142857142857,0,4
0.66102421620988683,0.75036216844597692,-0.0018978274830740909,-0.73243520660915662,0.64577709310358633,0.21566319607685194,0.16305107697744822,-0.14116855948734638,0.97646596669252184,0.81449518605354732,-13.860601086609892,-0.05356238931994272,,0.5307495288694787,0.4821428571428572,0,3
0.61387735719302394,-0.75604190612789413,-0.22705776028184879,0.78802453902718783,0.60389084180292707,0.11972124739385341,0.046603821910834779,-0.2524212498286405,0.9664944885607214,-11.466220528725477,-17.457901418660622,-1.7424908887007673,,0.09808440377460861,0.3181818181818182,0,1
0.24595702197643626,0.96407608423007041,-0.10031174984066897,-0.96480511760371579,0.25344056808325388,0.070135322736243455,0.093038854174814223,0.079531014486498477,0.99248102719829645,-6.836933484881115,14.711560838769373,-3.6983291011822885,,0.08942912496790673,0.3870967741935484,0,3
-0.72356689568333166,-0.63804241254347194,-0.26334924960381567,0.67105691139654866,-0.73958742998488225,-0.051894653629067949,-0.16165880470333499,-0.21427158748668176,0.96330375150199943,-3.3379513456829288,22.579617459148107,-3.8340606190735955,,0.498482036073427,0.4324324324324325,0,1
0.84881857659375926,-0.49714587250338027,-0.17986941230292283,0.51842035904250883,0.8494006040367974,0.098787373647449758,0.10366945239356751,-0.17710052319171035,0.97871755339609667,7.053319141294641,2.072476326780035,-0.52225209494713964,0.2688378057397115,0.2283662923746566,0.765625,1,5
-0.83930178020393409,0.52545504281278343,-0.13953322087992037,-0.5340119068845135,-0.84493546034806699,0.030254770730693256,-0.10199904436843661,0.099905284289756952,0.98975508542210078,6.5547118893516529,3.1689020447106548,-0.67335075673196643,,0.07933000483376489,0.4571428571428571,0,5
0.96652693129820266,0.23699735268984823,-0.098274848731933914,-0.19177206976272568,0.92179698133473398,0.33691808865226086,0.17043815398613366,-0.30679403517698373,0.93639108050302555,-7.6153988467079339,-11.133766162979768,-1.6382831349455054,,0.2148342828585818,0.2307692307692308,0,3
-0.85262813628884138,-0.43743792475632132,-0.28578544958324886,0.49417139671602506,-0.85277157241271073,-0.169042231269246,-0.16976422437118355,-0.28535715738287593,0.9432663467197453,-17.42902021571129,14.383131039892877,-5.4695008511016443,,0.1094431394404905,0.3888888888888889,0,2
0.8669267716399387,-0.45771451908237049,-0.19732053019173554,0.4857340532678695,0.86461479752916826,0.12846665477687522,0.11180519715075726,-0.20721648321209574,0.97188524372751484,-18.127723060199664,10.365765615061155,-5.2901158975545171,0.2478494413150353,0.1380896006071407,0.45,1,4
0.85928170486752042,-0.4652454235470353,-0.2125597505373675,0.5006478758239109,0.85014396372446099,0.16311635532915814,0.10481725102755735,-0.24658048749120867,0.96343728756760505,-0.36763366383523693,7.0267328829553781,-2.0233071722114211,,0.07007110870173466,0.2714285714285714,0,5
-0.98309402007970126,0.04662342654816113,-0.17706610003171247,-0.052773916886337591,-0.99815021319076225,0.030183863299940231,-0.17533129036200612,0.039018047159535947,0.98373600656672622,-10.801410986826943,-9.8608682417204818,-2.2421755118873574,0.3392931407534506,0.2548980935708141,0.9073170731707317,1,5
-0.67057857356466355,-0.71468121580040544,-0.19888473158600334,0.72456840144056989,-0.68850216637503281,0.031070863051160125,-0.15913833073725117,-0.12327013701193729,0.97953022669605239,5.9935908481077869,13.087812737915897,-1.5577448647004406,,0.09769289486152449,0.2962962962962963,0,4
-0.79496831018710168,-0.58078339048909688,-0.17525991877852407,0.583803959930698,-0.81094559723048942,0.039245059583620796,-0.16491913826933902,-0.07111885589965164,0.98373969431350328,-4.0206131573753972,13.792039811423948,-3.1498533067001344,,0.08905079048622232,0.1428571428571428,1,5
-0.11604868692645676,0.98995528029132907,-0.080754227666174475,-0.99318667201375577,-0.11478796941122731,0.020098671913491056,0.010627172572431381,0.082536447111335343,0.99653138340011771,-5.4125728210408006,3.1306166820407038,-2.4131337483163873,,0.1558448199262373,0.3095890410958904,1,7
0.64452367116975806,-0.72840692276999119,-0.2324060932131719,0.76317670559559503,0.63133283813770946,0.13776851427390197,0.046374058891922365,-0.26616198517018991,0.96281215421916622,12.305929442079981,18.431987677501297,-0.96013260513174115,0.3279747986320277,0.2840170013530456,0.7333333333333333,1,5
-0.98534409446505133,-0.075588060147835451,-0.15291651534721726,0.091373980104060698,-0.99088531553524872,-0.098980236494733365,-0.14404100549076718,-0.11150218212975856,0.983269775858849,-4.3090040405442984,18.20305855848801,-3.5869440588609245,,0.2419240847297496,0.2205882352941176,0,4
-0.85394336472457355,-0.46076307392766042,-0.24182249595024419,0.49784192143226669,-0.85864794011218804,-0.12197186645174719,-0.15144025590146418,-0.22454644206895769,0.96262388514241093,-12.033421217749254,13.611681322066614,-4.4892859194033177,0.3557262083868157,0.3466427541075241,0.3636363636363636,1,5
0.17006505327550334,0.97288577800376996,0.1567518440478472,-0.98241964977707541,0.15495639191357882,0.10411603304493668,0.077003307632134976,-0.171702590438018,0.98213477234572344,0.34997181375718445,-7.8580213198590645,-0.66590523007295876,,0.7090105641897437,0.2666666666666667,0,2
-0.90239052181602686,-0.3681855849436883,-0.22389890838562015,0.39424604838570476,-0.91515386849891545,-0.084044335345848126,-0.17395803939127,-0.16411207149732482,0.97098188887332049,-0.13217985178453648,-17.86522065217072,0.17211912437479013,,0.102997963766226,0.2,0,4
0.70093445822950007,-0.68110461068237838,-0.21163032526961459,0.71025898475808513,0.69361835488864909,0.12010725345280923,0.064985073954954425,-0.23449965259839795,0.96994167509922957,-18.669323069451707,11.264182548838789,-5.444788188618273,,0.1366829447866723,0.25,0,2
-0.25058008661816722,0.96005349227915171,-0.12452675276034243,-0.9677996488023396,-0.24524054107158968,0.05675312143820975,0.023947024209661605,0.13473814967379322,0.99059182868322881,-21.305660457800791,6.5364438171930042,-5.529896561711964,,0.08814986984450481,0.3076923076923077,0,2
0.98724018527889956,0.019875326963181252,-0.15799299968223482,-0.004072533340064151,0.99500691397768815,0.099722894105571544,0.15918615216996129,-0.097807016694629906,0.98239175304082116,-14.65843092329632,11.62396993761212,-4.7777228842517694,,0.07925253165569097,0.25,0,3
0.32579270091308221,-0.85813062761712344,-0.39682608530337338,0.94538365230425125,0.29105595321819872,0.14675211089493415,-0.010433886506587952,-0.42296366042685846,0.9060865720066047,-3.9555973935087607,21.846242592949338,-3.8867051509503465,,0.2207527439473272,0.3125,0,1
-0.30536449191710097,-0.87873628346589305,-0.36684475080987761,0.94263417847079145,-0.33352276041439671,0.014260920876898524,-0.13488266254380882,-0.34144562144814689,0.93017286293407964,-10.899574050286565,16.813611290609426,-4.5461078407480908,,0.4864366622409569,0.4328358208955224,0,4
-0.98511647904850674,0.076584070934263476,-0.15388438122892495,-0.04600092052904986,-0.98006664883119898,-0.19326996445196334,-0.16561835048554688,-0.18331460369517438,0.96900274409029807,6.1768712202067926,-11.882590115577674,0.60621778144632221,,0.4869141976232491,0.875,0,3
0.59312885485801359,0.80327949718004577,-0.05422371201784551,-0.79045493599821504,0.59380268294859795,0.15026432670166159,0.15290243847263776,-0.046264707209915143,0.98715774888104968,3.4016399208343717,-18.926760121323298,0.81529991877937091,,0.1254250836525519,0.3636363636363636,0,2
0.73740455044567743,-0.61459505303313833,-0.28019180889027179,0.67223756025741932,0.70819162966965066,0.21578062527714686,0.06581178892235709,-0.34747307298989111,0.93537760930321656,10.164771756929865,4.9840767751089476,-0.28444445537174606,,0.1376399004561146,0.4705882352941176,0,2
0.34240565939778983,-0.91567953337780839,-0.21045036603761116,0.93949969375503073,0.33605530603366501,0.066386419701797372,0.0099342763485011035,-0.22044914025602208,0.97534787984278348,11.120184890323049,-7.2923417776083994,0.91122032851139156,,0.1117361142808159,0.1395348837209302,0,4
-0.9858475897996124,-0.024045486501950035,-0.16591065145185879,0.042705230212534091,-0.99303191387738721,-0.109835701543295,-0.16211351886499192,-0.11536651420537007,0.98000498692675653,-15.715901168152378,6.0200783450792992,-4.4550631693454799,,0.1406131311441967,0.1851851851851852,0,1
-0.96951215926262868,-0.18206188834140427,-0.16401110284208525,0.17792055691187753,-0.98324280529773345,0.039722301776325603,-0.16849465412909206,0.0093303078086521482,0.98565840780978098,-13.9258905157477,9.6967027713851586,-4.4969440027958738,,0.07119635973662895,0.2258064516129032,0,1
0.47149938368340039,-0.81084847596063303,-0.34671757990977597,0.88176201036334989,0.4395265717339189,0.17120791401045368,0.013567913109849417,-0.38644681622720922,0.92221188994812719,-14.89825819355778,3.0062486428522064,-4.0609682724495091,0.6983969875055784,0.6732144156726685,0.2157676348547718,1,4
0.98642153331356264,-0.010071391020998428,-0.16392414617200918,0.058999982749143469,0.95321793306370906,0.29647019094902405,0.15326956857419821,-0.30211610213401763,0.94086890701118753,-2.6094790364526053,18.24859367394745,-3.3302043051756645,,0.2943474805352806,0.4090909090909091,0,2
-0.9730259099131976,-0.11757116149846508,-0.1984882883736355,0.15836039429362084,-0.9660602527695844,-0.20408227149346977,-0.16775745633730424,-0.23001002152660049,0.95862027197455479,-5.0144685429872862,16.702826092816153,-3.5777188739346184,,0.7793641776737494,0.4444444444444444,0,1
-0.2863113993087803,0.95133689570729218,-0.11394688890821976,-0.95797400204809047,-0.28204025079871997,0.052336491374190316,0.017652026110725503,0.12414269126859279,0.99210735214430201,-9.0613731949645331,6.5348117897673736,-3.3535818468529235,0.7845802248735956,0.6802149363946575,0.4551020408163265,1,1
0.98685661689236637,0.020692861099394631,-0.16026797308032506,0.0037750575963999364,0.98854484874886173,0.15088018740787248,0.16155422196865823,-0.14950213213065566,0.97547390834019265,9.5881976914371077,1.242363271157775,-0.052583135671617973,,0.1003317950489642,0.3846153846153846,0,3
-0.85355284377161955,-0.43225536623974492,-0.29086567560701482,0.49223881009624454,-0.85199585516202991,-0.17833680669383448,-0.17072930833461028,-0.29539526256130921,0.93999635219075206,-22.214154090035116,10.629267034939007,-6.059092920483061,,0.2934591598295063,0.4166666666666667,0,1
0.24149225743920258,-0.94844831110082728,-0.2052493380425571,0.97031291632279815,0.23312902250973749,0.064371603062231844,-0.01320356065859458,-0.21470132750787599,0.97659050064614683,10.641790793185203,7.8020399935178242,-0.43389336102790554,0.6972461303954449,0.3362407548962555,0.3902439024390244,1,3
-0.31546835167066428,-0.87197964391838767,-0.37434104728997664,0.94221382294316591,-0.33470320011410448,-0.014383312838207939,-0.11275119045499311,-0.35724678924427034,0.92717954066385744,-11.32595429862007,11.514216596892686,-4.157450587893516,,0.4590614417814316,0.2105263157894737,0,3
-0.47233956311274383,0.88060780306482744,-0.037752275425453355,-0.88063082562681028,-0.47329361117597807,-0.021966032319074687,-0.037211370228774326,0.022870391368295568,0.99904567419330548,7.4695081930856597,-11.256178259781041,0.74756701486518273,0.5591082798364654,0.3200704380741166,0.2727272727272727,1,4
