axis_00,axis_01,axis_02,axis_10,axis_11,axis_12,axis_20,axis_21,axis_22,location_x,location_y,location_z,dbh,dbh_approximation,score,reconstructed,number_clusters
-0.49777698974276113,0.85714818206502696,-0.1323444840756699,-0.86715858532238355,-0.48906019833129388,0.094106908937861208,0.015939146285746903,0.16160790943136327,0.9867263182995103,-5.5612636889902447,-19.3402674013169,-1.7231863233321596,,0.1744227086523299,0.6111111111111112,0,2
-0.66102876841921077,-0.70636113372047482,-0.25316973770833801,0.71425416961527988,-0.69572602413723283,0.076198953571472591,-0.22996075428074708,-0.13045784034440391,0.96441630190665339,-2.1316346784000921,-9.2414065542895454,-2.6193250087811104,,0.08550036410140058,0.2096774193548387,0,5
0.49975980302268275,-0.77910354012063832,-0.37846771732106671,0.86539678852529556,0.43074220255274714,0.25602647001846102,-0.036449111001986716,-0.45547648535516899,0.88950133985040625,-16.609628511771536,6.3828001565592603,-7.9137965586327397,0.6518297084385574,0.4561677660622039,0.2735042735042735,1,3
0.72716051357106748,-0.64448940317144121,-0.23637046495444436,0.68308967520954655,0.71345095400598646,0.15612889498764762,0.068015315372181265,-0.27499299159736207,0.95903741921113539,-4.2780094619494049,-9.2146143340774653,-3.025100481857288,,0.6260011567691336,0.8814432989690721,1,5
0.15237268937896653,0.98614334648314017,-0.065603839205147729,-0.97665132497348572,0.16041247012264251,0.14289866639226548,0.15144224298047285,0.042298222376197805,0.98756068543905584,6.1821305496610437,-8.66489728394785,-1.2082032139160055,,0.2615053728158043,0.2916666666666667,0,4
0.76888703417564896,-0.56135936243112683,-0.3060856005882886,0.63884747477942927,0.69411036268878079,0.33179015714152266,0.026203676164261724,-0.45065116289539081,0.89231546929127603,-23.074210724595595,3.8779384942195296,-8.7484831790943467,,0.5719091103631506,0.4888888888888889,0,2
0.3379474422433727,0.93617086240578629,-0.096827902298710619,-0.92620732875610579,0.34908084756142321,0.14241680386905703,0.16712722830119944,0.041553318137122076,0.9850592932976947,3.5686047023213887,-9.0842357829314544,-1.5960895025544615,,0.1603850220982038,0.2222222222222222,0,5
0.031573488795332942,0.99261415098233063,-0.11713352242170769,-0.98899060404905093,0.047977162253684071,0.13998491706171826,0.14457074361012132,0.11142414088387399,0.98320087516249977,14.769019747508151,-4.7906444573108171,-0.21430496086120535,,0.1302299868727126,0.7368421052631579,1,5
-0.26931540282729827,-0.92025448593470127,-0.28390296743258719,0.94574758969512873,-0.30835566648503449,0.10236346776279524,-0.18174352914429895,-0.24093248860132754,0.95337339251237052,-1.1953320602126472,14.623012176196317,-6.3609535718176575,,0.1358703700277573,0.1176470588235294,0,1
0.76943321280542354,0.61938605543434988,-0.1559918118537007,-0.59424219052095784,0.78371617746838662,0.18073508840065941,0.23419809998541297,-0.046366663755515417,0.97108258271652959,-6.762790277254366,-16.170580547684775,-2.3988680414938872,,0.1199860558331021,0.391304347826087,0,1
-0.052451093027950826,-0.91552408970107957,-0.39882894079690751,0.99159197026742385,-0.095058380716668056,0.087802441632871348,-0.11829728374456457,-0.39087024117030822,0.91281225190403925,-13.959123073111922,-11.195031952427033,-4.5958604806652259,,0.3446802068469753,0.2333333333333333,0,3
0.28653496657878375,0.95760665134316203,-0.029786141593559773,-0.94015078733661872,0.28702472365028808,0.18366628728161496,0.18442941738787827,-0.024623349016981693,0.98253726681747622,0.79930271087304983,-6.9339452260446297,-2.5085902117599534,,0.8690012778413656,0.4303797468354431,0,1
0.41116890324256311,0.91155207666848792,-0.0035978504243002036,-0.89356099432519087,0.40382792566062109,0.19614218280935061,0.18024672653583601,-0.077432667382752007,0.9805688652996829,-14.810838859725541,7.952162665514166,-7.8733819848544693,,0.2901418108083417,0.4736842105263158,0,5
0.37867990724017747,0.92528849458069518,0.021041141821722238,-0.91021496465799567,0.36820009831801426,0.18957163741248015,0.16766110450910968,-0.090938932230349337,0.98164141347010692,3.0752188091609103,-7.5305060885337882,-1.9661434749845759,,0.2885327425136646,0.2105263157894737,0,3
0.92188812364972339,0.33794283496845806,-0.18951761861914676,-0.31287839990391936,0.93782036336374086,0.15033320635795233,0.22853751190374388,-0.079294428264419542,0.97030046856582675,-5.1489642147182808,-2.6865326648596621,-4.257220872426065,,0.1777869809008605,0.7763157894736842,1,4
0.52476925270947539,0.83101252964816275,-0.1844868748136328,-0.82331568569786984,0.55054829004817096,0.13801399207646439,0.21626029014728052,0.079465438354025447,0.97309646541985628,-27.430408847773794,10.978748537468084,-10.710672417448009,,0.2854065559956011,0.8372093023255814,0,1
-0.82649036914098983,-0.5255150286777942,-0.20186040808184333,0.51180413775655242,-0.85077149223530946,0.11934987463327254,-0.2344572333976136,-0.0046714701629293216,0.97211521080273944,-2.8647525091074253,-15.073188748304879,-1.8075191465336209,,0.1061694443227996,0.3125,0,1
-0.083861086213577921,-0.94799481546097863,-0.30703932659869693,0.98718106927024718,-0.12102696848226323,0.1040481108643623,-0.13579710856100055,-0.2943778231441625,0.94599198862747957,-4.160015182233133,-6.5497884478932091,-3.4382942876225582,,0.4797294754810603,0.6853932584269663,0,4
-0.13813803996864016,-0.90456397894430085,-0.40333843098578692,0.96933466075866226,-0.20705005998232653,0.13236535843340516,-0.20324418162769423,-0.37268522999680187,0.90542670712582751,-6.8210747221000574,21.440906239651394,-8.736630533690942,,0.5033905377937947,0.1739130434782609,0,2
0.17667184546289394,0.97107039966714759,-0.16065284905976673,-0.97005850400566118,0.19942200065107057,0.13862670905212324,0.16665400633357993,0.13135122590447837,0.97722735206622036,-1.5563588417065968,-1.8583881675899068,-3.710422510841064,,0.1640172433259222,0.5956043956043956,1,5
-0.85582437090814811,0.4933691698984739,-0.15540755565081671,-0.5090535460704374,-0.85665069947551298,0.083750022813287528,-0.091810312017681944,0.15078607787791204,0.98429387142530278,-16.918359431815844,12.975325067189843,-9.1168757930023929,,0.1231390632789256,0.53125,0,3
-0.4254023617029824,0.90500245147505098,0.0018421405137347365,-0.90423811898093032,-0.42512506304179865,0.04027536412666359,0.037232443370714192,0.01546750134489221,0.99918692023204103,3.8764207346148609,6.9444340062689482,-4.1578437608186265,,0.1704648275918241,0.4285714285714285,0,1
0.78035309874773984,-0.55945340394798793,-0.27939386193295163,0.62228134930159207,0.73885102515568124,0.25858283960423306,0.061765391492241417,-0.37564750955837295,0.92470210607330261,-30.012692177760584,8.5955557008035068,-10.809351560068439,,0.3084081550472279,0.1904761904761905,0,3
-0.22894427153808847,0.97261380402551012,-0.04008626633797923,-0.9691802635539678,-0.22390114108354794,0.10275162168523466,0.090962284862213694,0.062375213350420546,0.99389898656359099,-10.187246737484827,14.288411874880826,-8.1091128674682889,,0.142814260556598,0.3529411764705883,0,4
0.9852292651772967,0.03595332195407052,-0.1674235756357848,0.0098092680080007124,0.96425542835041733,0.26479283819223831,0.17095927380329975,-0.26252395612061885,0.94965999134607548,10.40356076631765,-9.906099585885098,-0.23127027524846067,,0.2373019520151215,0.2,0,3
-0.84321891799185145,-0.40526712055051711,-0.35318609449034499,0.48395182599158715,-0.85831794673120787,-0.17053132392182743,-0.23403522482750089,-0.3147202937845211,0.91987969334045239,-8.9531895337737506,14.79459524965139,-7.9842727271881513,,0.743869927173437,0.125,0,1
0.83093105871036399,-0.51364282700531172,-0.21383316379005501,0.54889640921008198,0.81960452540211393,0.16419851977607314,0.090919236835510703,-0.25380990565059958,0.96297155937591505,-14.385877714094313,-7.5861305185208119,-5.1450807096961082,,0.265404590460968,0.7959183673469388,1,3
0.68570011095452321,-0.69017062175733834,-0.23125715275434169,0.72724674195181549,0.66289624740925368,0.17799084665004661,0.030455445447823921,-0.29022935419047458,0.95647236646374456,-12.476451672552137,-13.460180877273027,-3.9327655468723455,,0.1266987410219382,0.1428571428571428,0,2
0.69124757229767775,0.70888261276055253,-0.14022209211939066,-0.68476594291538917,0.70456765267709265,0.18622573996171843,0.23080813940536032,-0.032708777520173413,0.97244935017581813,-4.4588653709857056,6.8424298072568295,-5.7475400301434414,,0.07665870882857388,0.3625,0,1
0.80167307496481044,-0.55486916179211443,-0.22235218498719722,0.59236180244295156,0.78731406381367652,0.17100894692305238,0.080173411321974308,-0.26880620940244226,0.95985178329973786,-15.367241413665859,-4.9379187352197667,-5.8088451410538999,,0.2151248736363143,0.675,1,1
-0.97830398993780665,0.10333992967080217,-0.17956102641554073,-0.098464435053927171,-0.99449351157616683,-0.03588050253851624,-0.1822801643110952,-0.017421663770694491,0.98309227813577171,-11.861643766484512,-14.191326781853608,-3.6967780917341377,,0.4873397787567986,0.3076923076923077,0,1
0.53362176025036812,0.84560526608600961,-0.014126250560876833,-0.82724661725205684,0.52536320234611411,0.19913949850711865,0.17581482085515235,-0.094579276737803877,0.9798693327068797,-2.5726690717376939,-18.106311339512274,-1.3406337273110467,,0.2642998144646868,0.7083333333333334,0,2
-0.97896153021497967,-0.044669950393013087,-0.19909524828842962,0.036783846775411598,-0.9983918304590893,0.043135849231846213,-0.20070194561973914,0.034904847864376719,0.97903032671108603,-19.864873063038075,-6.7281173669028309,-6.4671375563821432,,0.13865431024792,0.5,0,1
-0.95194370612982115,-0.22296417503796023,-0.2099765630004039,0.21476055420317713,-0.97473525051608811,0.061392961809015788,-0.21835998882159005,0.013347960555115971,0.97577699667027096,7.0106373678990694,5.3490844170196219,-3.3454542662634386,,0.1141182407935297,0.3157894736842105,1,5
-0.94265296497668383,-0.24090453314039556,-0.23102033142793718,0.25164771696787791,-0.96765586683014293,-0.017763725230319511,-0.2192688171298432,-0.074880767234394699,0.97278674771651075,-4.7021542701353924,10.650164560895243,-6.4373800461666635,,0.2206077064604463,0.9411764705882353,0,5
-0.16534165381825569,0.98448032817085207,-0.058827042737644393,-0.98144481669650852,-0.15837280327849984,0.10809314021374171,0.097098966483697466,0.075607794745793655,0.99239873643686005,-19.398080824101587,2.6229961650337263,-7.8280064658477393,,0.2639382450232476,0.888,1,5
0.72615970408005703,0.66768042122751103,-0.16399676606512092,-0.64776098139025695,0.74435737034640115,0.16228929785824453,0.23042958828825699,-0.011617242376931909,0.9730196526899445,-3.0652247956271061,-11.286397965603918,-2.4573401896839235,0.1701380465732938,0.1136895769347857,0.375,1,3
-0.97075277441356833,-0.12494516751784872,-0.20500672204173384,0.1179469573687123,-0.99195120233640699,0.046057870454682993,-0.20911137275581912,0.020530886422508408,0.97767628409759599,-1.796345114785604,-7.1619734158360187,-2.8783171429291503,,0.1233887224868881,0.2972972972972973,1,5
0.060685291802780421,0.99374054310619797,-0.093792474889030655,-0.98746974181963543,0.073483499790966952,0.13965559154267126,0.14567362269633388,0.084142190638638828,0.98574808516428591,14.095675635260578,-4.0712198550827337,-0.4649707057102998,,0.1571260617228291,0.25,0,1
-0.58651932668076956,0.80163920812889844,-0.1156272434178456,-0.8098982636748383,-0.58184919481201647,0.074271912544988689,-0.0077383413222229611,0.13720821581480075,0.99051200072815893,-30.163971769565102,6.0824730069726014,-10.417598583040697,,0.2298725090918289,0.1538461538461539,0,1
0.55655832429696639,-0.7996443459843553,-0.22541462151112399,0.8307699286865885,0.53304075500372916,0.16027750651645722,-0.0080098218351863093,-0.27647146948700663,0.96098874567492265,-8.7296000898042987,-9.9199108029600058,-3.7374208448933848,,0.1104645546206135,0.3333333333333333,1,4
-0.89586552233413785,0.40270059038463873,-0.18776900808399172,-0.42744506942360921,-0.89646912211857699,0.11676397438163118,-0.12130819641899229,0.18486575559527391,0.97524816015707494,-17.808494947525261,-2.9210357466518113,-6.6320415700235023,,0.1457748410674481,0.6078431372549019,0,1
0.55684034353803002,-0.75349917789746812,-0.34952513602928215,0.83047234724601637,0.51297178935665677,0.21719950226444296,0.015636888058072698,-0.41121640559694261,0.91140361832713257,-11.635787725214495,-9.2866806166651106,-4.432783952175769,,0.3338078478062222,0.25,0,4
0.17240910001097975,-0.94778400894752635,-0.26829195779366682,0.98013053946587636,0.1379467935407625,0.14253002405862522,-0.098077662287261294,-0.28753461449915368,0.95273533451063341,-15.971336483038327,-0.80555285422694822,-6.5922347770870546,,0.1334871271500867,0.5600000000000001,0,1
0.50196311037842045,-0.80474882753547983,-0.31687909429227329,0.86474187629008326,0.46022126978408878,0.20104196136286293,-0.015953783548975212,-0.37493427079768354,0.92691411110840305,3.8171987668768854,-14.139851809397241,-0.72433194071489804,,0.277664311579908,0.5609756097560976,0,5
-0.3117261799103288,0.94385692994477888,-0.1093658290039924,-0.94788446388070891,-0.30092685870468333,0.10468079500898445,0.065892578429553775,0.13629791453044557,0.98847410011722425,-13.035385535433328,15.565108632102966,-8.8723772962491481,,0.4208769037028516,0.7961165048543689,1,4
0.97200443568871275,-0.083849051407119832,-0.21949194422482299,0.15384525199001667,0.93318534499754813,0.32480263287408107,0.17759227303459732,-0.3494773933460259,0.91996007310017058,-7.8869292400464532,-3.9232233288424148,-4.5354287076846029,,0.12511900990867,0.3943661971830986,0,5
-0.92749711094983622,-0.30944849453193551,-0.20973969202710924,0.29929155874268132,-0.95085432564604178,0.079376408747107566,-0.22399480361178936,0.010848070433512141,0.97452996224989707,-9.78790006309859,-13.117304699852447,-3.509101761555637,,0.141755136096525,0.391304347826087,1,5
0.92878804477295185,0.32605796279857002,-0.17617880911870115,-0.29171049863677589,0.93638910320869462,0.19514208253757231,0.22859954696350754,-0.12985242503574407,0.96482153522836311,17.408544609907345,-4.9993557056222278,0.29536109899150542,0.2889885145789998,0.2512723252441048,0.5227272727272727,1,5
0.078606259607333945,-0.91494493173443237,-0.39584950150785875,0.98991094073270802,0.024681718272530007,0.13952470104179318,-0.11788717219541209,-0.40282326729794454,0.90765413564594011,-0.7668029868559384,5.7789214505365889,-4.88015907581243,,0.08811692311173572,0.288135593220339,0,4
0.093814691746994389,0.99451108283712186,0.046330440603901762,-0.98394576351797802,0.085520656582538823,0.15664275199547212,0.15182074320539971,-0.060282032246986618,0.98656806076455417,-11.736007898792725,-17.065689988057724,-3.2490337726060319,,0.1406277116515054,0.1538461538461539,0,1
-0.28553597053561552,0.95810565027967343,0.022422587550240299,-0.954187811548734,-0.2863955661108375,0.086621013639247971,0.089413812255837027,0.0033380554544377261,0.99598896959939309,1.628933047375531,10.57871313237488,-5.1724550440655586,,0.5915814820606923,0.7058823529411765,0,3
0.87346323191891495,-0.43524249644348562,-0.21823370907218925,0.47418333921838318,0.86216345000569838,0.17839379552544452,0.11050856660669546,-0.25930321009180085,0.95945281381765679,-14.108789187198301,-1.7807711771325681,-5.9974395115040746,,0.1349971964494713,0.4926108374384237,0,1
-0.92637944483899748,-0.31136484346205107,-0.21183261891324465,0.29838658362294113,-0.95004506956262902,0.091541315882884403,-0.2297532826612517,0.021593981929994295,0.97300931601438767,-13.250008833208948,12.967701250556255,-8.4782955249170993,,0.1994295963415053,0.6290322580645161,1,4
-0.95886875955506135,-0.19835251235074097,-0.20304428776375127,0.18425708336397292,-0.9790811190811608,0.086310425146594524,-0.21591671815665822,0.04534802203992102,0.97535815356079669,-9.8494484105694724,4.4130186724020364,-6.3415535957931892,,0.272193151678165,0.9071428571428571,1,5
-0.95671290099446993,0.22374290067445704,-0.18611700478066678,-0.24413825877552978,-0.96509973633026347,0.094757635773111151,-0.1584201239514702,0.13609413408753937,0.97794757067757199,-7.483910638933434,1.7307541355056786,-5.4274727210848965,,0.1604944685229028,0.778169014084507,1,5
0.62344610613556561,-0.71491979697216435,-0.31655115959617108,0.78162802106225626,0.57988566208709336,0.22976130134579792,0.019302575856664731,-0.39066904510479566,0.92032880415762552,-11.724768429690995,3.5102630349388546,-6.5321069264282263,,0.4067410658820886,0.4128878281622912,1,5
-0.89402751797101543,0.4178704295176382,-0.16155216261421138,-0.43075494721150392,-0.90087657894120499,0.053586985061710689,-0.12314614311215173,0.11749763252906015,0.98540820667714435,-0.5443836200929496,-4.4171049558168107,-3.1257199556422752,,0.3305258553451392,0.3877551020408163,1,9
-0.87230462745155846,-0.43950125730225509,-0.21429718093417616,0.42935943977570051,-0.89818969642107949,0.094370232163037845,-0.23395535557472164,-0.0096909273419140251,0.97219904213343022,-9.2768643394352246,-4.066239559644333,-4.7915971871512957,,0.166810378899835,0.7210401891252955,1,4
0.88183550006183564,0.45258938893658346,-0.1323971142159156,-0.41072535838962781,0.87511854138246647,0.25587539644197205,0.23166965879545803,-0.17126115598884237,0.95760053552771218,-12.331983201981453,-12.406630037297528,-4.0904741435822762,,0.1062160007620526,0.2222222222222222,0,3
0.15217778647493191,-0.95796022064217212,-0.24321623500660727,0.98303442499115501,0.12120926802840556,0.13766492881749495,-0.10239746376692095,-0.26003947587090942,0.96015323277218767,-10.954683861657301,-6.8991706553990495,-4.6639595423716997,,0.1361832513493438,0.6778523489932886,1,4
0.52739241533659498,0.83831200636735481,-0.13816736309914948,-0.82319787573337855,0.54442979752869969,0.1610635059562284,0.21024390034787049,0.028795408370066847,0.97722480874326734,-2.6950255805672652,-13.676585870183317,-2.0113435830204702,,0.2057440859693423,0.7777777777777778,1,4
0.87238814333922821,0.45840094303931217,-0.1697277313281573,-0.42346646319654829,0.88217857789537013,0.20600269719182976,0.2441619993138579,-0.10784030843414488,0.96371955773860252,-15.691778948689539,5.8888365775132936,-7.6873820722138371,,0.1403510082751655,0.4966442953020134,1,5
-0.27813115386119025,0.96041168963514878,0.015888601700646442,-0.95816315074781833,-0.27856776342973444,0.065752397118048742,0.067575423053481437,0.0030639174131135557,0.99770946402709282,-6.2881088194571904,-12.714003621985652,-2.8349843153000389,,0.2396693521833586,0.4444444444444444,0,5
0.96902819852925792,-0.13811031328476217,-0.20471905582901753,0.17930978539182124,0.96350967780702446,0.19873877738111762,0.16980091671683825,-0.2292916093898491,0.9584325779863353,-8.0158721360479284,4.4923228410815748,-6.0319920844555472,,0.07016930561364768,0.1617647058823529,0,5
0.68472926793486155,0.72204012286259744,-0.09901459796390473,-0.68511883514228278,0.68405018111158933,0.25037478198589302,0.24851159201669046,-0.10360217515943923,0.96307246764486132,9.3140946457110925,-10.120124919451539,-0.3064861672601405,,0.2774804346862141,0.25,0,3
-0.49121561411277953,-0.78182052810404545,-0.38401026325726978,0.83571990393187712,-0.54729101484645104,0.045219323750332961,-0.24551876226451694,-0.29871258243243565,0.92222086859528729,-4.9096008589736986,15.573398775219317,-7.3168020522020436,,0.2243786147769823,0.3846153846153846,0,3
0.88524366285039258,0.44546036979349285,-0.13382345208021687,-0.41035457799599506,0.8834298546813002,0.22618755972755653,0.21898122682310089,-0.14531603766006934,0.96484738249001223,-13.006215006766071,9.6873593097866042,-7.8255622399698259,,0.1486904969015559,0.375,0,3
-0.63771047732262731,0.74953055478492403,-0.17756490237868527,-0.76990904784519199,-0.62735562608737017,0.11689729022793917,-0.023778249705521313,0.2112554516700787,0.97714161152855095,-3.4377440101883412,2.2898549999989433,-4.8020614379939026,,0.5384540591125735,0.9786489324466223,1,5
0.69519488779726413,-0.64554395519730445,-0.31619150824898667,0.71828922868182976,0.64078546154268867,0.27102504724690074,0.027652340591905123,-0.41553218188696656,0.90915804669817724,-5.6850616908320903,12.044855201066051,-6.9086972089534617,,0.4149444033783399,0.1379310344827586,0,2
0.96227350869338435,0.20285860478068224,-0.18132313954197421,-0.15528333609054992,0.95669024026076677,0.24623336435663165,0.2234206346770875,-0.20878738145834236,0.95209823513346359,-8.7276507005164543,-12.520792797365511,-3.3214970491154601,,0.1484357431514234,0.2631578947368421,0,2
0.6647154569938063,0.74589542660091068,0.04234824446609646,-0.71111312909728763,0.61430279268150834,0.3419798188916473,0.22906653806040517,-0.25743366423128322,0.93875259235939024,-27.557822513840474,7.3301244666815482,-10.147545377100537,,0.623870248100898,0.1282051282051282,0,1
0.89084550502129189,0.42387366965877205,-0.16347904560942422,-0.38649280619357246,0.89623651569651974,0.21767732700670081,0.23878357762622529,-0.13073339321753574,0.96223239550217365,-9.0013239919205574,5.3424263703090418,-6.3403879929780542,,0.1662163423052434,0.34375,1,5
0.82237524118232974,0.56613329801449708,-0.056498243950903998,-0.52033771653572636,0.78856032725380509,0.32775184367408228,0.23010350592872994,-0.24013683424373458,0.94307299685586699,-8.4267318831446474,11.36785580434548,-7.2471958441971278,,0.1346233889183238,0.4,1,5
0.6824957867621203,-0.69165868078070392,-0.23623668291070074,0.72991430852286943,0.66169205502226891,0.17143140474833796,0.037743916934207325,-0.28943374651395276,0.95645360740255492,15.885975897977547,-4.5132512424185496,-0.073329498460955336,,0.5170990750716402,0.1764705882352941,0,1
0.16016954573436126,-0.9153978079129983,-0.36931364703640018,0.98193250067996696,0.10956547463832875,0.15428535535061444,-0.100768451053075,-0.38735288824966341,0.91640791094196072,-10.702085578632767,-13.653973205864629,-3.593732071135983,,0.2750834358351437,0.3225806451612903,0,1
-0.30433547213179768,-0.88862417388549297,-0.34311368085321386,0.92378291086422881,-0.363203832013546,0.12127699701876014,-0.23238987498926919,-0.28005366270949084,0.93143163571218168,12.088331529953209,-3.5085573163747252,-0.93483431401639328,,0.5891359901340175,0.2241379310344828,1,5
0.60825443230407183,-0.7502803363460987,-0.25904818562351473,0.79335561496463092,0.58485270223932151,0.1689206467174898,0.024767191737107116,-0.30826406468439893,0.95097836601981067,-24.622156011907794,6.8318804210227917,-9.5346275784036294,,0.1583312656584795,0.7123287671232876,1,3
-0.85827837079063107,0.50330238704567176,-0.1002244751899932,-0.50255875077203094,-0.86385874526497941,-0.034391427008376357,-0.10388907668969127,0.020851269106351225,0.99437029537351873,0.56211059754855852,-18.246546798893554,-0.65728744266384032,,0.4442257104719519,0.1666666666666667,1,5
0.12749105740118541,-0.97080214721524283,-0.20319749320550806,0.98595900556755789,0.10177079722463026,0.1323916318069113,-0.10784650955390834,-0.21722314746485472,0.97014598622191983,-21.562874765887454,-6.7573854953521977,-6.7589932085700921,,0.1990866953252048,0.7307692307692307,0,1
-0.93765557081799022,-0.28308565023689108,-0.20165451927478609,0.27192142693827587,-0.95884828072863326,0.081662182897566715,-0.21647348125310928,0.021736816089309136,0.97604648595262034,-15.852390838251818,4.9605710682434268,-7.5374980736562787,,0.1501324213028658,0.7764705882352941,1,3
0.31732221700736357,-0.90513117192827763,-0.28292078784930774,0.94601692776652835,0.28136677452176179,0.16088726044779877,-0.066019565075130834,-0.31870095669602461,0.94555333917676354,-12.333644540953344,8.4579836307940663,-7.4806493433229813,,0.09066398564580513,0.2676056338028169,0,5
-0.2146545422022153,0.9758941363413548,-0.0394215951797703,-0.97469204657009512,-0.21146045704043884,0.072525095389441824,0.062440706794176307,0.053991756433820801,0.99658720058619754,-25.96181621530334,7.7792663557000532,-9.9652464046238318,,0.2866869274879162,0.1914893617021277,0,2
0.7818719939036296,0.61103311597268073,-0.12375264172484765,-0.57767789204492304,0.78471134326105207,0.22475844989670377,0.2344449577015815,-0.10424317216082425,0.9665241449990537,-13.977724483184238,-13.710738415588512,-4.2080754920790486,,0.07119309696206222,0.2,0,1
-0.87654265769837281,0.44473521027020724,-0.18407488145042319,-0.46817156152766831,-0.87657029334756742,0.11153434357767826,-0.11175132308754791,0.18394323463088663,0.97656363244885802,-7.6164793341496004,-1.6507145411610842,-4.9088581714507429,,0.3895405269278885,0.986586493987049,1,5
0.022328930330978748,0.99763297502446402,-0.065037420106506302,-0.9924125467644459,0.029985556198295689,0.11924010836956092,0.12090804727056044,0.061881447650444829,0.99073302687550702,5.5195943470623927,-6.5529196870472921,-1.6743051693811344,0.8919468070989358,0.3178021304856965,0.1,1,5
0.80925155145094496,-0.50696413112859917,-0.29681525604871051,0.58126908857523862,0.76417127252118988,0.27958632463025662,0.085077453776829459,-0.39878520033016301,0.91308936630347493,-4.8504785296641924,-13.089457138378194,-2.5205611082061923,,0.3956059659323587,0.775,0,5
-0.49653679028797437,-0.82323117184742733,-0.2752120157064844,0.84145868340205632,-0.53433811970737854,0.080187642158002545,-0.21306923761489516,-0.19176342593490925,0.95803355288628178,-21.562113391119453,-7.8616478669354155,-6.6141161940038318,,0.4632326261844293,0.2307692307692308,0,1
-0.94224238851887376,0.28936464824343094,-0.16866351598731416,-0.30018981055914346,-0.95294975670789939,0.042105092647098469,-0.14854413120252519,0.090304271977081504,0.98477397383763943,9.4753656543453744,-1.7200855290224568,-1.7314085464824525,,0.09405211875091787,0.4705882352941176,0,5
0.56917989924816126,-0.76454279158951133,-0.30250382166242268,0.82215408283058011,0.53362446943184261,0.19826141759957497,0.0098441036596421325,-0.36155116574573798,0.9323002993515751,1.1068609879638318,8.4255386599254791,-4.9106474778195306,,0.1147361933375698,0.4615384615384616,0,5
-0.98261961420515354,0.10459012661721091,-0.15336100936518904,-0.10520103767592517,-0.99444232118026299,-0.0041486765983815184,-0.15294258874238531,0.012057166325681615,0.98816151983821499,9.5881702469181906,-3.5813810554455094,-1.3913654443056405,,0.1321396418814745,0.3421052631578947,1,5
0.55827089520474271,-0.79663885642475574,-0.23173290660057907,0.82952490987734229,0.53094917308980083,0.1731513773789975,-0.014900720126302384,-0.28889359291876709,0.95724524574959535,-14.943942482194865,10.759238161438109,-8.3664325959385106,,0.07513560477988546,0.1714285714285714,0,2
0.2999906980572557,0.94754868913104784,-0.11025907130550953,-0.93711927180891719,0.31433612150757523,0.15165840932800376,0.17836213578965088,0.057829788531585671,0.98226405007764905,-2.3930652181420489,16.442520708824272,-7.00581346883809,,0.6242730262141768,0.9311926605504587,1,5
-0.88433655526589172,0.45919289011081194,-0.084206571549592615,-0.44867688007352058,-0.88580791685240634,-0.11846261743306502,-0.12898803939880829,-0.066979281223979045,0.98938155510337422,-18.316640836129938,11.855957955521134,-9.2093495750518013,,0.4135263518887269,0.3333333333333333,0,2
-0.93182883941641304,0.33009001736902688,-0.15078326984508597,-0.33184805823337976,-0.94322762758811585,-0.014089315144109009,-0.14687368817659574,0.036908305133264305,0.9884664368270647,7.6305706664201605,-7.2069565028923774,-1.1799483587624426,0.9471604686935636,0.4455624912174034,0.1666666666666667,1,3
-0.73557320853944941,0.65618498507757783,-0.16838444179234038,-0.67522760920925473,-0.73025168485666936,0.1039237822904318,-0.054769796791053912,0.19014137404240508,0.98022779354430256,-2.5994598738860861,-6.6079472237034977,-3.1594692557811408,,0.2398135204149053,0.8672566371681416,1,5
0.34429539141296783,0.93869371721041417,0.017742286253076681,-0.93240834918044246,0.33965604873000443,0.12348456964221605,0.10988791485142335,-0.059058224074346723,0.99218787149349419,1.1639150603025992,6.830746454981524,-4.6646881650029606,,0.7356004603790701,0.7185185185185186,0,2
0.87178009144946711,-0.33840090467720768,-0.35423763191677826,0.44314120410060709,0.85300225472049007,0.27570460037878441,0.20886681254001002,-0.39733107247660404,0.89358976799422252,-32.200227117350963,7.429487766578748,-11.025508289752304,,0.7275042638359632,0.5789473684210527,0,2
0.39242060571501858,0.919397243422861,0.026735313663854621,-0.89883635302117071,0.3771522268040573,0.22326981055293743,0.19519036527928713,-0.11164634612555714,0.97438997054513687,-13.621348659109225,-15.22533550424729,-3.8750467684918974,,0.2576271975441999,0.4285714285714285,0,4
-0.90388280541404009,0.41763491879339948,-0.092611817179429554,-0.40926819066651443,-0.90725685713917648,-0.096873852419023548,-0.12448060967637983,-0.049659538644409432,0.99097856083581448,-9.4097857169195755,7.7880998718471997,-6.8169698076312626,,0.3419309214693942,0.1454545454545454,0,3
-0.91085586130242835,-0.35411175232935133,-0.21200581782877576,0.34356038975593284,-0.93518710588358012,0.085972877001099415,-0.22870911333342928,0.0054720975257046816,0.97347942845594138,28.035929569875165,-10.558460866725602,3.1191827543997008,,0.1822402898301331,0.5714285714285714,0,3
0.34830981876686229,-0.9063368526529334,-0.23923582439461649,0.93566905398527345,0.32074991112557594,0.14711531506692394,-0.056601162222173346,-0.2750872662194877,0.95975168892739593,-6.1789242680935894,3.5259493281174028,-5.4822352050400367,,0.07513163529373568,0.3054393305439331,0,3
-0.17355941756435506,0.98296125017328262,0.060533538080140906,-0.98008835581322584,-0.178418572345721,0.087141424371209267,0.09645695088509848,-0.044204000948927125,0.99435509900943186,-3.5666781910542067,7.9909182945875958,-5.7889255877407679,,0.2681970896934695,0.2244897959183673,0,3
0.94713846943365287,-0.23531850506137178,-0.21806861510670877,0.29535182564224532,0.90497808575669059,0.30623840939690794,0.1252837531712292,-0.35445714194502653,0.92664130909186904,-11.374532546792343,-5.5810964974781045,-4.9148591656761935,,0.3746125092766899,0.1666666666666667,0,2
-0.65851664300512314,0.74461939724570947,-0.10907696425322888,-0.75146207381017849,-0.65845535896282148,0.041728789558871708,-0.040750245522814504,0.1094463041796255,0.99315704900647583,16.681496042981728,-8.096960571293037,0.64205143906026263,,0.1442689326276086,0.3846153846153846,0,3
0.68579855902044384,0.71065816298843498,-0.15698825377520317,-0.67461305273513039,0.7016624474118649,0.22927502910561809,0.27308893336214224,-0.051330159457155987,0.96061836813858181,-10.283879626047462,6.8537378348434705,-6.8352459516230137,,0.1542736922929998,0.3181818181818182,0,4
-0.43209665086651139,-0.86720718735583224,-0.24747561194657389,0.87787332458566336,-0.46729960798365444,0.10473539210428662,-0.20647254125151746,-0.17199642605795706,0.96321665222961694,10.794972558590338,-0.11922281003597221,-1.7075124789666587,0.1576390821275078,0.1423358642320661,0.2941176470588235,1,4
-0.31328601321516952,-0.86453250246309243,-0.39298273003867168,0.93035399004699626,-0.36241981111366672,0.055617746412162973,-0.19050807627861341,-0.34818878887356086,0.91786232092584807,-12.248960914798218,-2.9963406597369846,-5.5466581288362695,,0.5131440713804392,0.2771535580524345,0,2
-0.2917148869935115,0.94887848758180948,0.12054891335396353,-0.95389063787117845,-0.29791014592477677,0.036635992368103193,0.070675849397657017,-0.10430321548033324,0.99203113033431745,-10.899178797500252,10.261233181828697,-7.5249013743760687,,0.169931532864534,0.2857142857142857,0,1
0.38935469201714562,0.91704453689722121,-0.086210446879690844,-0.89924084750702038,0.39871522957736638,0.17997795386636925,0.19942121747469721,0.0074486945185359673,0.97988555197578042,-0.61756123174473987,-7.223493790858786,-2.6867140927648139,,0.07194013242290573,0.2745098039215687,0,4
0.61173786088255389,0.78828221890971328,-0.066241474271167416,-0.75834243364246656,0.60821028975658353,0.23451438499894972,0.22515226603358868,-0.093227607418583089,0.96985311790752526,17.885476266629073,-10.327431983373994,1.2398223374304052,,0.6326018608162137,0.25,0,2
0.62355971830622225,-0.68684531269472249,-0.37338558372700015,0.78155305563906874,0.55908373501201714,0.27676740860557647,0.018657409442328323,-0.46440165123985089,0.88542814920161628,-3.6469773372328564,5.7710601882910444,-5.4074167390248489,,0.10077250632771,0.2469135802469136,0,4
-0.16505157410416671,0.98216379381432184,-0.090068085390975328,-0.98362625624130673,-0.15721811431203794,0.088101376634416237,0.072369647770657908,0.10313460453420178,0.99203119277023011,0.28622398026662199,-15.256276405228649,-1.2441133845050099,,0.1510928095865851,0.2727272727272727,0,4
-0.95206448548729294,0.2778794097834868,-0.12789155207517025,-0.27746621896037665,-0.96049707030878273,-0.021398020097125221,-0.12878553028056852,0.015113290397055324,0.99155729821514904,-9.9722340551928355,3.2493991941846674,-6.1622904217300913,,0.4022515376103721,0.6292682926829268,1,4
0.81940459574293245,0.54836251305111183,-0.16695706860037729,-0.52338811191825663,0.83451376075822803,0.17219659522708988,0.23375412890044239,-0.053715336594204653,0.97081083112858135,0.84907225361298888,-8.4393074296077693,-2.261026041362018,,0.07727976241507638,0.3103448275862069,0,2
0.050618635493143826,0.99317525159122033,0.10507460857661372,-0.98831494404219555,0.03466742858420413,0.14843092931808871,0.14377525908056846,-0.11136017700271238,0.9833247611314585,-11.589941073398121,-17.935034819261038,-3.0665402300665883,,0.3122043526396698,0.2941176470588235,0,1
0.87965300255199841,0.45699043165126813,-0.13179658751440254,-0.4151836100004116,0.87299323246843019,0.2559402001471196,0.23201975150465076,-0.17041878254320833,0.95766605529704885,10.718574942293266,-4.8531972976823496,-0.99268631691112041,,0.4648228471649737,0.1538461538461539,0,1
-0.91677768043648411,-0.30814439926307174,-0.25409784307683492,0.32137477075364135,-0.94688558020992186,-0.011222954760841531,-0.23714329291916231,-0.091949590501100548,0.96711340153579495,-1.1521206377230184,-14.756896669710622,-1.5351140495355551,,0.3484005257906038,0.2857142857142857,0,4
0.41003309800671134,-0.84776372707167247,-0.33640677995629992,0.91114491945250131,0.36412252258599342,0.19295005649522082,-0.041082773700359038,-0.38563123785186326,0.92173789880742452,-11.344702637550649,6.9462296856592847,-7.0646739948531518,,0.0952697688997033,0.3333333333333333,0,4
0.90741516894282737,0.40931550648853898,-0.095176296001111688,-0.35231443208522206,0.86444027702840975,0.35863288805617721,0.22906822589990053,-0.29189694003034339,0.92861398023290298,-11.672653017515124,-4.6008706198324028,-5.0890682810959635,,0.3795119839167592,0.1917808219178082,0,1
-0.42328775573811211,-0.87678568074710939,-0.22819804091845547,0.88272831541744989,-0.45583625421538587,0.1140352160657316,-0.20400538473889421,-0.15316716155793622,0.96691345197893541,-38.216838368168752,9.1924753683797853,-12.336710070958654,,0.1648419742580864,0.3846153846153846,0,1
-0.84563445728142783,-0.46125431822867174,-0.26860159823379409,0.47975951178643972,-0.87739212602456285,-0.0037239818118789342,-0.23395122463620979,-0.13201329897211661,0.96324416083655373,-0.14475591202800048,12.131066989761711,-5.8220318070905828,,0.2103785226589693,0.125,0,1
-0.97767897852204444,0.10426031207032001,-0.1824105322701832,-0.10659601635532644,-0.9942978270131474,0.0030200155808262235,-0.18105552809364053,0.022396841829439167,0.98321781779156137,2.0908351653151516,-16.569430870561249,-0.6660567820398674,,0.2634382193779065,0.1578947368421053,0,1
-0.67964314282814919,-0.66204531373830255,-0.31588162492274174,0.69560636901116979,-0.71836734939476843,0.0089515760977712522,-0.23284539462436329,-0.21364539283750161,0.9487563798581472,12.888124145407348,-6.1885352871972641,-0.35677889554954723,,0.4347190598151096,0.1818181818181818,0,3
-0.55739607215125542,0.81578091783244466,-0.15430849895843479,-0.83024630056590998,-0.5474968237878417,0.10458636784421038,0.00083615008949910856,0.18641009104304831,0.98247166819728138,-10.194954231109918,-18.083617304513506,-2.7995911272215692,,0.1024711741182007,0.3529411764705883,0,1
-0.26102997694929286,-0.92545239722938744,-0.27459281053267509,0.94831783359896715,-0.29900516290438423,0.1062506425142266,-0.18043457986764869,-0.23266665643986179,0.95567232322019358,-2.3261820155652253,8.743422412692377,-5.6602808187784488,,0.5695745801995654,0.2142857142857143,0,1
-0.52844464032439331,0.83270533199032415,-0.16537258596063065,-0.84886563032020224,-0.51523823096958521,0.11813850772892713,0.013168286658036725,0.20280876564442604,0.97912981815705902,-0.44093885366920121,-9.0762763458568863,-2.358189044369694,,0.1747956495259455,0.54,1,4
0.53300995099475967,0.84610138959736025,0.0035819913430162166,-0.82149612512536208,0.51648666921104602,0.24163120024387746,0.20259444351852521,-0.13173442620931444,0.97036154726304114,5.7524903986315019,-12.032300667837941,-0.68623058078809973,,0.6419117525219005,0.3939393939393939,0,4
-0.37381854118764973,-0.81668550709824872,-0.43964130920560063,0.90627412405113494,-0.42245291214637198,0.01416859535728523,-0.19729903785798383,-0.39313905874986121,0.898061673909753,-27.236078727982747,3.5374594398248758,-9.4576036237886942,,0.4966630457045954,0.5263157894736842,0,1
-0.64129873002298765,0.7490945529970956,-0.16611227992229829,-0.76691668349228281,-0.63254849480070519,0.10826450159936872,-0.0239737242017307,0.1968241661875976,0.98014565660031139,9.8944339604557427,-8.3651353773207209,-0.5301031460802732,,0.1283039811818924,0.3076923076923077,1,3
-0.51088545108695294,-0.82819072401516269,-0.23042608472766765,0.83218044444817052,-0.54368088115578539,0.10902663593689153,-0.21557310533952764,-0.13605595952001029,0.96696277701541478,17.007887741734535,-1.9235064020065775,-0.25060165700587561,,0.06748826726251454,0.1875,0,3
0.82064211872272874,-0.47268341487004317,-0.32111820609405856,0.56871543922134749,0.73040970554614471,0.3782385639186796,0.055760758330044978,-0.49302337809762087,0.8682273241954952,2.2053470064269156,-11.468967863618683,-1.4502666827602588,,0.2703904584995327,0.28,0,3
0.28640951348464794,0.94292254532325914,-0.1699019249643561,-0.94014936367749224,0.31075957611207394,0.13981294586500523,0.18463142896672241,0.11968942883876879,0.97549252998777769,12.517261571622909,5.8467650318473243,-2.4135438819122279,,0.1253561739088292,0.5,0,3
-0.39415039970978299,-0.80010152961950864,-0.45219797070435791,0.8974097219968713,-0.44119531077787916,-0.0015775338687728532,-0.19824543695660388,-0.40642864078227997,0.89191619935829825,-12.191809515918461,6.1823088077066872,-7.0875701851638029,0.7396050832632607,0.556316814275352,0.1272727272727273,1,2
0.96412102178252168,-0.12382971215136891,-0.23481238839877322,0.20859454974680869,0.90048440548544828,0.38159684130433486,0.16419186695130003,-0.41688612098033262,0.89400614816734814,6.711741978719953,-5.3156228754279935,-1.658124704938688,,0.2652456978232896,0.1842105263157895,0,3
0.97656685887420247,-0.083233484577674127,-0.19846752176019317,0.12021924237850846,0.97586907164628856,0.18228244228709828,0.17850631336317524,-0.20187060719498012,0.96300766042655062,14.042512361230385,-2.651455062215323,-0.73554223759455972,,0.06946425074925137,0.4,0,2
0.1563843683687671,0.98678940985300256,0.042315362835083796,-0.97403190321089728,0.14697750411764546,0.1722192347291818,0.16372471058841181,-0.068148909641391878,0.98414935109333379,5.820629743537121,9.9662567040025589,-4.3291775623292681,,0.6579493641218928,0.1666666666666667,0,2
0.10589411661453105,0.98525324533115088,0.13439672105696029,-0.98216506623022315,0.082516544302692743,0.16894615294028636,0.15536479248339682,-0.14989016805906924,0.97641933551922988,1.1348643792959607,12.378311450185835,-5.5957154845203085,,0.1905358343449362,0.4285714285714285,0,2
-0.93273028066009323,0.32275724303859049,-0.16075442639588769,-0.31880141911160143,-0.94647288170802957,-0.050544429601357618,-0.16846328594732951,0.0041044192556019335,0.98569938370194854,12.373307951980763,4.0312092241548569,-2.153476724044066,,0.2327849744226041,0.12,0,4
