axis_00,axis_01,axis_02,axis_10,axis_11,axis_12,axis_20,axis_21,axis_22,location_x,location_y,location_z,dbh,dbh_approximation,score,reconstructed,number_clusters
0.98154475196252078,-0.022136918439931357,-0.18994698401611274,0.065746412737356028,0.97179266261996722,0.22648715215253087,0.17957535773875771,-0.23479560839159294,0.95531341096679823,-36.50400960273236,-6.5554832207449625,-9.1594577927104321,0.6857637359336548,0.6163984822909193,0.9891304347826086,1,3
0.30945380098635206,0.93160637264287149,-0.19065128246694424,-0.92768870200850484,0.33980680410264763,0.15467710900880069,0.20888278344773828,0.12899962145966262,0.96939521375050586,-15.81439887177577,3.9871928841829907,-5.585812137807542,,0.08964803149301691,0.2830188679245283,0,4
0.85349563862539635,-0.40737099601828752,-0.32495240643899442,0.50805729998042526,0.78916629548914496,0.34510047522502518,0.11585756248094138,-0.45963619272964829,0.88051779967753441,14.73443863406891,3.6149383824992531,1.2791975731824679,,0.5616469387010028,0.4470588235294118,0,4
-0.6298052616601526,0.75606102415720422,-0.17809284133716913,-0.77619326843098213,-0.6212891144953443,0.10734917909337104,-0.029484613404560385,0.20584354242956077,0.97814063079520064,-14.086480746489009,5.2295361626063679,-5.2765292124377465,,0.09402877905785807,0.4827586206896552,0,5
-0.60863698230477703,-0.75630114427109552,-0.23993666444535952,0.75345550652458337,-0.64569485577533237,0.12402803277104464,-0.24872841305069487,-0.10529355345653083,0.9628330302507172,2.9895193039169508,-8.849612629684426,0.61446683711199357,,0.09028527755889178,0.2909090909090909,0,5
-0.65586318316045134,0.73144974203026791,-0.18661393264837822,-0.75370759897962336,-0.64829079964352843,0.10790687808441483,-0.042051637483103858,0.2114244876579055,0.97648929630773762,-10.698316547920706,2.9769833161643082,-4.2037425158452164,0.442480495994291,0.3923450011374767,0.8064516129032258,1,5
0.54898040342412024,-0.75977928751634605,-0.3483618103602113,0.83583102539048659,0.5003445823902104,0.22592431446715436,0.0026483298469041922,-0.41519963045975788,0.90972647164689147,15.149039119879275,6.1525199338264231,0.85517202721543606,,0.2412151380194006,0.1333333333333333,0,1
-0.52484571232756472,0.8320629900310208,-0.17946631681741443,-0.85119712589355379,-0.51320999178214421,0.1099043093128072,-0.0006565987549283864,0.21044401857883438,0.97760568938732462,2.0226428975201185,-19.56269388049332,1.9056169179085978,0.2375052285603645,0.1745615110938772,0.4137931034482759,1,5
-0.94949868318805219,0.24859521084336009,-0.19144887508131311,-0.27132109369631402,-0.95695938973591732,0.10302228162730923,-0.15759795284073638,0.14976363891814964,0.97608080491238169,-1.1113924790606289,14.147704894548829,-3.8219963362890201,0.2874068816316939,0.3765943433130264,0.8636363636363636,1,6
-0.64932639894847022,-0.71637878876552574,-0.25529719668545386,0.71668003642318023,-0.68871199247846515,0.10975206972450581,-0.25445029577715644,-0.11170148800791199,0.96061325441393786,-0.49528088404103415,-7.9220474916009502,-0.29492573611216788,0.1801775885048243,0.144412047302326,0.3368421052631579,1,3
0.98038922467157108,-0.01402560632155315,-0.19657123521814826,0.059630168584942939,0.97181890058827924,0.22806198160570232,0.18783293412606597,-0.23531108521848523,0.95359712773838179,10.865339671951933,8.7869114694931856,-0.43930091043758634,0.4795996577463729,0.4241234846236098,0.9778761061946902,1,9
-0.78847987846078926,0.59300240577810881,-0.16324101201546778,-0.60061483514722735,-0.79953137125603135,-0.0033773034389904771,-0.13251905924631327,0.095382037715836449,0.98658044062187178,-4.7779462499637813,17.82579612424658,-5.1940708345961948,,0.187557343781601,0.25,0,2
0.053144835702006114,-0.85431743720849329,-0.51702741022088772,0.98976830907291746,-0.02359195118084283,0.1407199850569138,-0.13241722241892895,-0.51921588604451618,0.84432253486796316,16.363436172766189,5.4289720842248643,1.2666963490581944,,0.3228713374509894,0.1818181818181818,0,1
-0.87388122071871377,-0.36098686658704604,-0.3256072699231955,0.40092067119026981,-0.91396182594737652,-0.062740705473250197,-0.27494404428449482,-0.18537060948975598,0.94342117299214889,9.7665072187661099,-9.9177978629613541,2.3745662294260401,0.7644760437354499,0.6940622322527975,0.3838383838383838,1,6
0.68619387247284913,-0.63403736350076989,-0.35655937943869404,0.72567363477406732,0.63060235736491044,0.27520618212462128,0.050356183081202398,-0.44759053673062532,0.89281967174490606,2.1429444597597511,-6.6684854977951549,0.16531984907688105,,0.1025333769090292,0.2741935483870968,0,5
0.46051955465050515,0.86502541584526094,-0.19913003220567538,-0.85741253055385558,0.4915481308403547,0.15239484084635913,0.22970740570067358,0.10055578058513893,0.96805115709717504,1.5438416350337161,-2.8143093266796151,-0.55359730746827251,0.08054555213901586,0.08818516256526435,0.4520547945205479,1,5
0.86160398489224665,-0.44838252382492089,-0.23789007029759435,0.49214042045983725,0.85268263686881052,0.17530010648047389,0.12424322825576731,-0.26811458951508998,0.95534192157663556,0.83284681597289756,-2.2314471184557467,-0.81077633305199415,,0.08460455216553261,0.4011627906976744,0,5
-0.37489181036633129,-0.84450114944764998,-0.38245776119965558,0.90138314384955642,-0.42847842110096351,0.0625673288123718,-0.21671307875655474,-0.32128500001155286,0.9218521520631342,-10.247710015377899,19.185537483383868,-6.6395015554451975,,0.4558606125576458,0.25,0,1
-0.18266833569192945,-0.93577149537657012,-0.30160236666219764,0.96611211430954502,-0.22774647091602332,0.12148632667768962,-0.18237231621022412,-0.2691899950332387,0.94566224671080279,-5.9874881651526612,11.8266610389978,-4.5058579353817567,,0.07524379557945993,0.2291666666666667,0,5
0.0050117930727993929,0.99235006053274766,-0.1233541214992307,-0.99327767811570578,0.019206093835567588,0.11415156642224128,0.11564746468153743,0.12195279135891438,0.98577542097198834,-2.9651311957692172,21.721290548379109,-5.4764378218920644,,0.3686750506518244,0.54,0,4
0.96981918981707338,-0.10180221779435263,-0.22155596925992754,0.14985090745908086,0.96566099466250521,0.21223465532544492,0.19234199904400684,-0.23902960452540525,0.95177171819937112,-18.858679325240235,-11.821943442701869,-4.4599968741260039,0.5500298219324026,0.4718338471344558,0.90625,1,3
-0.85939843026480223,-0.45273384905415126,-0.23762659779369744,0.44252073514366885,-0.89139797823253253,0.097903234731346517,-0.2561439771423516,-0.021016810499390224,0.96641013894212213,-4.2625752103284364,15.199283292665839,-4.6422993369201278,,0.09583315898603939,0.3103448275862069,0,4
0.96305707756175385,0.17447245326597491,-0.20513514669496655,-0.13553430445431686,0.97226017558096267,0.19063211506815902,0.23270478653069807,-0.15578675820052074,0.95998904592452206,16.156715184632088,16.008030802478164,-0.66291089155326577,,0.1767229118073037,0.2727272727272727,0,5
-0.20698892872675911,-0.89311106229384885,-0.39938479414331918,0.96347311179518769,-0.25698832025838264,0.075342989710206532,-0.16992688496010869,-0.36920134568975738,0.91368223147253214,-3.0350249374965217,8.8755255919849585,-3.3879091684811153,,0.4341956973748684,0.2484472049689441,0,3
-0.54793587598524185,-0.75047892671587024,-0.36952355319205515,0.81221410347206902,-0.5830055223679389,-0.020317751094793685,-0.20018622812108997,-0.31126506621187433,0.92899921024012111,-4.098043333304827,-17.395703758700758,0.12603518753053849,,0.2438124552773912,0.125,0,2
0.64456528727212703,-0.70697128684298582,-0.29107935348178465,0.76296013769127136,0.6193186617181996,0.18530036033881617,0.04926884145093581,-0.3415201236049662,0.93858222145688008,21.418711872091635,8.8622887716406034,1.6243647618951229,,0.3631244908034311,0.3529411764705883,0,5
-0.79397295886043662,0.58229513259945564,-0.17475502610622212,-0.59584805645077088,-0.80239807313877243,0.033502624479660049,-0.12071468105513497,0.13072762054810202,0.98404179535403324,20.958064412856388,7.2105310682914654,1.8015823029506919,0.6611214252000392,0.4854840320807989,0.4137931034482759,1,5
0.2464439354582296,0.94839696558515663,-0.19952088197661974,-0.94905044604039668,0.2778789889877965,0.14861533685876793,0.19638899548188785,0.15273003354935905,0.96855815483925767,13.180736307293046,14.148210003075913,-0.96354780403524454,,0.1802965649126066,0.6363636363636364,1,5
-0.94557513971588725,0.25445887033826781,-0.20282588211925354,-0.27457035878070313,-0.95842781685644185,0.077635288077208445,-0.17463897969902573,0.12909997359398562,0.9761323801553331,-1.633372467723105,16.331180124028688,-4.2807463310146909,0.6285650895172901,0.2003287667342582,0.2758620689655172,1,1
0.89609231214189899,-0.33987064423496233,-0.28549345580502722,0.42085519687739215,0.85498046010059858,0.30313250585752166,0.14106548614553771,-0.3917861126092661,0.90917774422004116,-7.352875035842624,18.975488305382605,-5.9078245870196993,0.3947361058677021,0.2743826007503453,0.4864864864864865,1,5
0.84612697333546394,-0.47180670575449668,-0.24792655646230652,0.52015901748966775,0.83241104199315352,0.19111895168207765,0.11620560020218908,-0.29067213415283311,0.94973994804298223,-0.2570710252564592,-3.3898276939319669,-0.860772406750547,,0.1397082989873843,0.2018779342723005,0,1
-0.71107937660563447,-0.66092275471748152,-0.23989004244194301,0.65446394238937311,-0.74686840609105998,0.11774774772859939,-0.25698845942629589,-0.073271387864938128,0.96363283227692276,-30.79393564385586,16.972354982772682,-11.017759895350988,,0.3095523796038449,0.9069767441860465,0,3
0.84585664070099698,-0.47020601339063933,-0.25185878653186844,0.51913392906829225,0.83418240360883911,0.18611738553798829,0.12258265404265345,-0.28817706792987635,0.94969862085147705,-28.166445983635192,4.5481280886126223,-8.6769389101224128,0.2123890807745923,0.2430064499186874,0.5882352941176471,1,3
0.27831005571177736,-0.90793619054722707,-0.31336143155196533,0.95752511228752357,0.2366491077522615,0.16475090026711392,-0.07542660159700558,-0.34590327216528055,0.93523352916631397,-3.7283313825045354,12.21688125023516,-4.0780101625634249,,0.1588831668467232,0.2222222222222222,0,7
-0.76314972727692365,-0.60073219398483924,-0.23816659057751902,0.59179723786626504,-0.79772131906529786,0.11583059337921857,-0.25957373328404681,-0.052550244708126442,0.96429246018523851,-14.441735734353639,9.3069029734954629,-5.9750368845207396,0.1150199253854275,0.09169890491939645,0.4680851063829787,1,5
-0.64343372316675029,0.75377717791769594,-0.13346538855526424,-0.76540187464443743,-0.63631333924264666,0.096256452213101709,-0.01236989015935617,0.16408930602664598,0.98636792601196188,7.2133959512256327,-19.361958097247523,3.1466335721904919,,0.4876592178629845,0.3103448275862069,0,2
0.3688006110225665,-0.87221964964912468,-0.32127712659842239,0.92840271708666489,0.32880350541432252,0.17307989407597454,-0.045326639137251802,-0.36210652796271253,0.93103402633379051,6.0668389919320154,-14.87642969304817,2.2137694996602582,,0.2390146389020264,0.45,0,4
0.79052423908228109,-0.55487851542462041,-0.25919348090480337,0.60610851043289937,0.76949693294148136,0.2012633691819366,0.08777186909364236,-0.31620294640281532,0.94462256784494913,-17.391086999644322,5.9163916095060545,-6.2321299662551155,0.2053893227571217,0.150021963351897,0.3673469387755102,1,5
-0.77759600245118654,0.59378131663247913,-0.20680475088869174,-0.62219026277912026,-0.7740919647204717,0.11687988303403443,-0.090684805093155962,0.21955723211363307,0.97137577072511772,9.4204892101351145,-20.75707573209035,3.8560623744674025,0.5482495717259437,0.5471693279231854,0.4166666666666667,1,5
0.77022779083080783,-0.54880037397196035,-0.32491121827374853,0.63342505897619572,0.71762525202460559,0.28945931029701899,0.074309117158650601,-0.42875651270255866,0.90035882176066007,-10.862121724139504,11.937270735077679,-5.5959256369356343,0.856004530072653,0.4978857559377958,0.2941176470588235,1,2
0.56924576954874739,-0.77733703627653028,-0.267780480774226,0.82215311488568832,0.5401179013855415,0.17982465984018886,0.0048486631781786632,-0.322520983248687,0.94654989611202511,-15.278611050236918,5.6336365396657957,-5.6406939055331842,,0.07849675381063344,0.3061224489795918,0,4
0.97531771708712423,0.026477659952001329,-0.21921287430127304,0.058352762791058443,0.92658162511650155,0.37153929411451631,0.21295611240490375,-0.37516053299878011,0.90216643069306268,12.063543872743935,-10.716660138944011,3.0169366458121787,,0.212573615513209,0.1428571428571428,0,1
0.90662468650462935,-0.33839366111864766,-0.25203453718707158,0.399161870403835,0.88146027379751313,0.25238380877648714,0.13675335109640144,-0.32941996878078328,0.93422749110287528,-6.879508229603605,-19.585684991158793,-0.33322475165152338,0.3754879499991879,0.3825706842999576,0.2,1,5
-0.74666464808789124,0.63958574819730185,-0.1828167771258524,-0.65690767843465003,-0.75222395812920073,0.051297356949821377,-0.10471010127673704,0.15839566761542581,0.98180782598799821,-13.797002840199596,2.4973258240501597,-4.9063708601678488,0.579902570858722,0.3628332051729697,0.4,1,5
-0.62095386645326667,-0.7430973161112282,-0.24944473240585682,0.74183591025560491,-0.65990599465846156,0.11917869133811645,-0.25317143992160335,-0.11104259093752065,0.96102745278472956,18.172513998421927,-7.994445477346952,3.9410431798682874,0.2731128475842527,0.2450347993691874,0.3783783783783784,1,5
0.77217032107251493,0.61088514700872776,-0.17484945644437891,-0.58332328428152191,0.79061715079648853,0.18616784599243227,0.25196615103975467,-0.04175952622538092,0.96683462944789256,5.6890613961702545,-22.529552401585637,3.1774739415396369,0.1722291856894184,0.1189571456401575,0.2105263157894737,1,5
-0.97101058561575715,0.15429936305099365,-0.18256546547527269,-0.14998875782171311,-0.98798486599790691,-0.037273007474561505,-0.18612311825575251,-0.0088097174277554438,0.98248693310883228,-13.891437499095385,3.6754804601564501,-5.0946437656865005,,0.2612536901488771,0.2459016393442623,0,4
-0.033974706733703092,-0.87213222204247043,-0.48808924038296747,0.98780957516403611,-0.1035364871339907,0.11624301719328975,-0.15191432623885531,-0.47818990276585333,0.86501818152925458,-7.7119032111322303,-7.9853314438884562,-2.0657390713506372,,0.4750457835412785,0.2840466926070039,0,1
0.89416958712434258,0.4054506368808336,-0.18992243288987276,-0.36172356583724141,0.90417142037227971,0.22722258800560424,0.26384997892717882,-0.13447610804488686,0.95514363578742778,-17.824060286277451,8.5740421108361229,-6.6782863034363773,,0.275476746569608,0.2352941176470588,0,4
-0.46262095626052369,0.86979276864725885,-0.17158785049511699,-0.88613105467204756,-0.44766284731446232,0.11987380481203311,0.027451862858527111,0.20750545714087781,0.97784859793444079,-22.215226499970125,-12.588668244266319,-5.2208474550372816,,0.1029105027648489,0.2857142857142857,0,2
0.961246001888586,-0.14702551028655694,-0.23321582960465381,0.19867311329347051,0.95591326272659594,0.2162378972282033,0.19114161741360569,-0.25419152910428144,0.94807781781040468,-28.078599196044813,5.6036580580621571,-8.7839286522987052,,0.1275651206596726,0.4642857142857143,0,3
0.75462270369846496,-0.61087924808682703,-0.23952269061550804,0.65214432725394089,0.73856842931456179,0.17095160616480559,0.07247310875990165,-0.28520732717918501,0.95572194127265975,-5.9505689169612728,18.286867831127772,-5.528766208152839,0.6194199420252627,0.5561167152214811,0.9409448818897638,1,5
0.18402559936660157,0.96854705956889575,-0.16748484163711216,-0.96510870753260047,0.21034065479367084,0.15595509477321726,0.18627871972535254,0.13294134925377915,0.97346126591460624,-29.86571320156758,5.8508065325621903,-9.2799504398565471,,0.1737555316886254,0.3043478260869565,0,3
-0.54081429412426751,0.81985847789623867,-0.18802121021984183,-0.84114202066109267,-0.52713495351461526,0.1208670420806265,-1.8682760954886077e-05,0.22351916473718383,0.97469953454700453,7.8659987281750894,3.4878966412178305,-0.16484720352069143,,0.1034153822375672,0.1666666666666667,0,1
-0.81687727656873166,-0.52755468839442732,-0.23323285741659674,0.51461444657923805,-0.84920216057453568,0.11843843061897442,-0.26054459579426459,-0.023275335198433698,0.96518121219478992,-32.39803960155276,-7.7596988196640968,-8.0659198944145629,,0.1126806145332482,0.3888888888888889,0,2
-0.5247305044805699,0.84071003641122888,-0.13365826702825553,-0.85120911444982916,-0.52003921614683546,0.070726636756757444,-0.010046947053901151,0.15088355890160762,0.98850048584109496,-26.148879995038069,9.6065133700631744,-8.8829443555743239,,0.1270962518766156,0.3157894736842105,0,4
0.64663755190956818,-0.71572490724534021,-0.26381382376412482,0.76196589071379461,0.62221605508519517,0.17959722209140705,0.035606991576561602,-0.31715144322999006,0.94770623307436352,-21.543227096649538,10.322002646272688,-7.8555751752572558,,0.09848425617920326,0.2857142857142857,0,1
-0.2438389563438228,0.95218077643311716,-0.18410413455537222,-0.9660495667264537,-0.22176162809899769,0.13255193295653694,0.085386169821509511,0.21017504441324436,0.97392795047123693,-2.2684602344319713,-3.7898839537765983,-1.3093090774400669,0.2093179237516152,0.1953859179882971,0.7635239567233385,1,5
0.96051136919106583,-0.15961109373923166,-0.22790833334932881,0.20167135564701433,0.9636857640692249,0.17503831706745934,0.19169395912808007,-0.21408887613717628,0.95782011836676362,0.44165821394214022,-19.024306807544281,1.4351942583245982,0.2213747172704224,0.1225162024068953,0.6304347826086957,1,5
0.55052430226174787,0.82706851824921768,-0.11349298982870264,-0.80158890013056838,0.56167770081322665,0.20487409693914993,0.23319139736851402,-0.021813448379611709,0.97218616821219428,-5.8668181497489531,-3.2849892991653409,-2.2424766961531879,0.1920874943943454,0.1885884218758676,0.4395604395604396,1,2
-0.80723666068765176,-0.49450565574810212,-0.32223148523225958,0.50466943772460093,-0.86138644774580875,0.05763806265474232,-0.30606818238520578,-0.11609282524340764,0.94490461087795496,-18.330831132765201,7.2249489518158061,-6.6247620764567845,,0.5262684454642343,0.7083333333333334,0,2
0.20040385091023896,0.97280700917046692,-0.11612415532161352,-0.96698827073449722,0.21544817579143952,0.13607265636434099,0.15739117129703867,0.085021211805951569,0.98386961165633824,-25.504877470814254,18.292791459578321,-10.002129905810381,0.3468184750359926,0.4517467800868345,0.4090909090909091,1,5
-0.19472530407431698,-0.89821415727951914,-0.3940728151189935,0.96474971882610383,-0.24790270701289061,0.088330220653153879,-0.17703117233447541,-0.36298150850742328,0.91482478568497316,-19.787446073035024,-7.0535869629353911,-5.1723285077988876,,0.364161113911053,0.2962962962962963,0,3
-0.46036269281076181,-0.84303167952659719,-0.2781434492893734,0.85749473996540593,-0.50336851192189014,0.10640917318165788,-0.22971495815398307,-0.18951973121579746,0.9546273144427655,-27.242424110194531,-13.836949567841392,-6.1861785907699192,,0.1514279287946862,0.3793103448275862,0,1
-0.65703556920962181,0.73679289323617658,-0.15950076260022422,-0.75275131217860403,-0.65268527032728063,0.085833559352940944,-0.040862241822722335,0.1764601098675542,0.98345925529162248,-17.73495181461206,-7.6487404185405827,-4.530592655053586,0.236457253437119,0.1228481450731212,0.375,1,3
-0.27064084533571792,-0.90720160300538044,-0.32208505761745154,0.94083097755053735,-0.32013213547492314,0.11114174516160148,-0.20393774667105871,-0.27294810375002526,0.94016420275502799,-6.7861605692091977,14.932793300658325,-5.1840018559620047,,0.1195236906681919,0.2142857142857143,0,3
0.93272675262507077,-0.27376068223375416,-0.23468253833721853,0.31971282503211568,0.92884595901840628,0.18716007567096529,0.16674685738410308,-0.24960022691914183,0.95388427614383009,27.467466278343405,1.3602374509126938,4.3577818453371044,0.6656591238348554,0.6045645399093371,0.9166666666666666,1,5
-0.52718653244587099,-0.80225675770902383,-0.28010436397511473,0.81545822599754392,-0.57033323052856422,0.098731392210331712,-0.23896075338983463,-0.17636354743839933,0.95487887057694709,-6.724245888534174,25.563716479929354,-6.8464907128243961,,0.08216234298343406,0.375,0,2
0.91434040285261309,0.35105366131195154,-0.20184884094488328,-0.28485436020031246,0.91186529181905629,0.29556671505874288,0.28781872973486256,-0.21275106687210535,0.93375444435814547,-10.238322823117194,36.13302179556198,-9.1863983571482262,,0.5334567250542112,0.5789473684210527,0,4
0.81260297049830199,-0.5241518600114643,-0.25483571175142888,0.57260221252639953,0.79950458634920729,0.18143627701332021,0.10864215824074498,-0.29335515003678492,0.94981031653677428,14.817474212652355,16.063178468477627,-0.98552460982170498,0.3410085214422311,0.3109837406715584,0.6727272727272727,1,5
-0.1356745423129545,-0.93081710115231608,-0.3393699202501142,0.97436897070158723,-0.18739621599544518,0.12444985803333561,-0.17943669497095416,-0.31378684235159865,0.93238419659757921,12.043018868718335,-3.525065744360238,1.8977093118498254,0.476013283464087,0.2026049688869836,0.2,1,5
0.9593302630260756,0.18644492838847773,-0.21195220008420776,-0.14921393797873661,0.97229815378055107,0.17992081832797849,0.23962605692035749,-0.1409772635326246,0.96057522558707198,-28.544055999591158,-17.467706821848143,-6.0550577314523659,,0.1181287822740593,0.3333333333333333,0,1
-0.13529649469126423,-0.94441023689233417,-0.29964005569553365,0.97508441333740792,-0.18057360659688645,0.12885479993790105,-0.17579887767190189,-0.27474074516452546,0.94531067779632172,-32.127833860732771,6.9940316367686615,-9.9373557856006709,0.7499078061431651,0.7244871735705946,0.8666666666666667,1,5
-0.94377722753169047,-0.17698511083516186,-0.27921464025953707,0.21438913046521249,-0.97059917207729285,-0.10942827742976337,-0.25163832285835819,-0.16313650022462994,0.9539730796849003,-4.3946806955036735,-5.6652864802685841,-1.5575192456049993,0.7303968517278504,0.5921673438517727,0.7457322551662174,1,5
0.8764328667377882,-0.37135322210737953,-0.30653256683793106,0.46129682962022162,0.8300832539576205,0.31331617653970883,0.13809657882842608,-0.41600309605770591,0.89881630992449635,-5.7740836938628366,13.726281676996749,-4.7787648119586068,,0.3523042851174487,0.2150537634408602,0,4
0.1772907711799713,-0.86560247165562387,-0.46829514573406161,0.97879327190136389,0.10546548270383188,0.17561538326317139,-0.10262413622064678,-0.48949912463836209,0.86594393215914578,-34.291907802883692,18.157627483818114,-12.00449421133777,,0.3704785955374934,0.4642857142857143,0,1
0.46957687193122999,-0.75561705810735058,-0.45666226343379185,0.87898635896796007,0.44870171419290533,0.16139935696463234,0.082949033119920829,-0.47718930538890014,0.87487703406074679,4.2491142674413895,9.9445807482037427,-2.026030070999433,,0.6036743367384614,0.2285714285714286,0,2
0.06749748945361024,-0.96220662963843251,-0.2638228397946385,0.98874581133115513,0.029124433569768179,0.14674293149700846,-0.13351333076721339,-0.27075850725155037,0.95334360083778635,20.733034760383092,-3.7186170643473893,3.8279318445438975,0.2439009902982957,0.208201194194686,0.3703703703703703,1,5
0.29352438206554127,-0.87668879894665874,-0.38113014435296017,0.95319888104390493,0.23817724223196948,0.18623505164018556,-0.0724936570307428,-0.41795735558097297,0.90556961002789294,-14.930221709054024,8.0033905628486774,-5.9096571230525967,,0.3048130766314323,0.1904761904761905,0,1
-0.182195854378081,0.97296971068005267,-0.14189648602631058,-0.97904645355563602,-0.16616642251578953,0.11771474762507529,0.090954452488991228,0.16037039043251708,0.98285737797757244,14.353160514029421,-1.3506293935159004,2.0192558283736082,0.4990246453401079,0.4958749342566618,0.9347826086956522,1,5
0.91727777695346802,0.3371187643381382,-0.21201985434961138,-0.30517938613714019,0.93706317432953856,0.16964123788868926,0.25586524223556045,-0.090904048570871102,0.96242892296998339,-20.016160349040288,10.75159131752306,-7.5741412234049452,,0.07306901023013067,0.1578947368421053,0,4
0.27205141422536483,-0.90928691400292638,-0.31493703504194953,0.95921089852881192,0.23011833192211445,0.16419502263142174,-0.076827600258816214,-0.34676052447823241,0.93480193543983037,-7.9367366701551347,17.155800479932427,-5.7970145425516426,0.2990177446145414,0.2591799750296899,0.7945205479452054,1,5
0.6704570312015451,-0.66940369035481651,-0.31997823152796556,0.7386829249850011,0.64265749571116992,0.20331964868613153,0.06953348580370998,-0.37267954403965015,0.92535131264097992,3.8146249988495629,-36.096234890412802,4.4387499597680558,,0.3112130915128486,0.4166666666666667,0,5
-0.60792435246010257,-0.69948434623868716,-0.37569885686943749,0.75876604270194614,-0.65118147545740024,-0.015387607466798965,-0.23388474539480753,-0.29442203617963197,0.92661404612894038,-13.556544415516212,-4.4419191974108054,-3.9744722884190558,,0.3755973447963772,0.3417085427135678,0,3
-0.96346128935013797,-0.022404738225915613,-0.26690892009971678,0.033069592311476756,-0.99882136031302171,-0.035528752395722611,-0.26579831825675942,-0.043057146764178891,0.96306663119661939,3.5112632704963374,11.933568351533856,-2.5200277367225126,,0.4634654482545503,0.3333333333333333,0,4
-0.95947134408775947,0.20153638677442212,-0.19697163420233749,-0.21071911795421758,-0.97718450077496777,0.026606479920770369,-0.18711545420682241,0.067033844072142995,0.98004809603707033,-26.645621022821143,7.6138255368637573,-8.6952896898127232,,0.3392378205471996,0.3157894736842105,0,1
-0.54806362718503376,0.83611444325207895,-0.023214184070313334,-0.83640298687962567,-0.5480794397144535,0.0062426998271079897,-0.0075036055083532874,0.022837809605055777,0.99971102342467855,24.517155687455695,-7.6015256469069303,5.2721192245772119,,0.4645545545555271,0.3181818181818182,0,3
0.86084400533839511,-0.42597990187150853,-0.27836796093388805,0.49887850669520839,0.81433819126750584,0.29660334758853873,0.10033859691319935,-0.39420100639738176,0.91353036759857265,28.12339255427958,-11.182383829778823,6.7061914577650255,,0.2549344723706273,0.2666666666666667,0,4
0.47993975344462358,-0.72559391924396921,-0.49312401829528735,0.87709453163763951,0.38464510978921856,0.28766877148309067,-0.01905296918762214,-0.57058005912528797,0.82102093791432573,6.9306525227700266,-11.427742308124525,1.9203507843816092,,0.4076877646142432,0.3888888888888889,0,1
0.96719229815501018,-0.12622584523810168,-0.22046789875978837,0.17503952081771407,0.96007320848074473,0.21822144832576143,0.18412013616531611,-0.2496526994675097,0.95066992437283415,-13.257621500193773,16.523031036796169,-6.8546000890668664,0.2874857643264764,0.2096121818427557,0.5833333333333334,1,4
-0.95286339667420039,0.25938343551377141,-0.15738990011935114,-0.243637562806644,-0.96331363624879973,-0.11255032743957166,-0.18080952759228341,-0.068898995625403733,0.98110185155959551,1.1968173653443153,14.675126338627797,-3.3773349958161178,,0.6966452465910802,0.3939393939393939,0,1
-0.89568030164497581,-0.37214173871354639,-0.2434488109488796,0.35914182861397959,-0.92817590783680082,0.097501954088813902,-0.26224786783684567,-0.00010207148883620645,0.96500054165603399,26.180806431575082,1.4306853789989806,4.0771994460806456,,0.1142437422520599,0.5333333333333333,0,5
-0.96833326365402062,0.14988056467339525,-0.19966598817609654,-0.15257347890530384,-0.98829026296928346,-0.0019208474269308442,-0.19761584965757609,0.02860371397719105,0.97986213495104768,-33.800487610342067,-26.005629260221447,-6.2672764190933696,,0.1659534891372069,0.3333333333333333,0,1
0.67458603513445525,0.72637926056413182,-0.13155550548677714,-0.69301394006105188,0.68454983725697982,0.22610439887914582,0.25429384593936444,-0.061357070772227518,0.96517871390930454,-17.134017783977072,10.841932796443013,-6.8845346462923303,,0.1183101627342449,0.1666666666666667,0,4
0.63064745866671235,0.77561657174692133,0.026508800590940736,-0.73455130710737737,0.58553813885557016,0.34289862229585999,0.25043594012054449,-0.23572021885512529,0.93899830581254562,17.587598895711938,-4.3602646570376971,3.2497099882254035,,0.3653161474200907,0.2608695652173913,0,1
0.72166724206510646,-0.58629343540954648,-0.36804401819050797,0.68463869625254536,0.68307955791939501,0.2543072416315722,0.10230467889474974,-0.43550238248293888,0.8943553139149597,-12.00211416394332,18.781236136743054,-6.9412443941307878,,0.5496834777251554,0.2285714285714286,0,4
0.58021628143108883,-0.76774459340704937,-0.27187737319704613,0.81439613717297477,0.55114966641896002,0.18163968994690688,0.01039223363954452,-0.32680618797769956,0.94503424116773016,-36.763022679875085,12.001651065431847,-11.712507262595413,,0.2708256667123328,0.8,0,3
0.75972139266142735,-0.54538824556096743,-0.35408341833035628,0.64551909496374138,0.69813005990312638,0.3097087623830625,0.078284759498718451,-0.46385998001938705,0.88244286804678784,-11.788434943027964,26.381530351726393,-8.0548329761843611,,0.350836193496399,0.25,0,1
-0.5133983443456549,-0.78558050960170345,-0.34537718939887629,0.8147002477664218,-0.5726281801734503,0.091435625226562789,-0.26960275650013327,-0.23443598317060793,0.93399899543969489,25.793467234137065,-13.769203135389816,6.6000007007977759,,0.1567036837543429,0.1538461538461539,1,4
-0.82159354708739185,-0.46741189482438378,-0.32635894956479639,0.50703126221131656,-0.86082674884528909,-0.043550058700873889,-0.26058269805333867,-0.20125463733571314,0.94424214501689863,17.366040039927981,7.194409010301273,1.1395593781911015,,0.2870300141746804,0.1666666666666667,0,1
0.49231919639319477,-0.83027151976233737,-0.26128722191163029,0.87004626469475865,0.46068110997216793,0.17547766868040299,-0.025324023247836083,-0.31372299626637173,0.94917678830668462,28.155080431387002,-13.772274148997528,7.1271982379554775,0.2258005566865889,0.1652725289856629,0.6176470588235294,1,4
-0.93683640097867604,-0.25314776678336742,-0.24135816947830063,0.25382441268001144,-0.96682078206319055,0.028822610887437837,-0.24064647375137146,-0.034260524562756273,0.97000798508451258,29.149845962842811,-14.544242065089374,7.4713373519295398,,0.1622339697727895,0.3333333333333333,0,4
-0.56880977567134727,-0.78123986913228771,-0.25713752347504121,0.78444967032426993,-0.60927674797881481,0.11584713678163908,-0.24717231606483733,-0.13581646163306335,0.95940592812459646,12.246482551218168,15.936654113540596,-1.4735052301368359,0.2106134484748275,0.1691830637460113,0.2666666666666667,1,4
-0.91669336971150717,-0.31577654614349121,-0.24486412320437909,0.30888470081787289,-0.94872863188728584,0.067113520530011003,-0.25350248031846756,-0.014112262149157128,0.96723179048737762,26.855459521212968,-14.828385040876352,6.969358390947975,0.2167797112908651,0.1888633984714664,0.375,1,4
0.79084280904247362,0.58698589153882796,-0.17324899572631064,-0.55353978788711344,0.806775652067931,0.20665611642594253,0.26107729623944242,-0.067532291274103526,0.96295276884360759,1.8160890139092829,18.861336598672768,-4.0301712628564914,0.629343970882582,0.6456264594281862,0.9421487603305785,1,3
-0.36663537231170251,0.92226240873957133,-0.12251756280526908,-0.92889110674127029,-0.35545790134876681,0.103975921182303,0.052343247767379926,0.15192672508355545,0.98700478956211157,-37.329715165031793,-24.658946854593999,-7.2144653580702016,,0.7589503594587346,0.5555555555555556,0,1
-0.93820558073903504,-0.20533238356216565,-0.2785837406073981,0.2411301692547082,-0.96526302742533243,-0.10061575105756655,-0.24824691286162295,-0.16157320367673003,0.95512699161332049,-10.076345967888322,18.212471470860105,-6.4728500176080921,,0.4210849711435887,0.4482758620689655,0,1
-0.80296267782355801,-0.48414816348652134,-0.34763701444905004,0.52585471427362396,-0.85001651834010006,-0.030801591276735908,-0.2805846708190346,-0.20753909111683558,0.93712313393692892,-31.65889170253531,-2.2327795843851357,-8.6392204388509839,,0.6070143354560491,0.1818181818181818,0,2
0.30120061149020833,-0.86444854361331946,-0.40250081625101719,0.94472131169768792,0.21318078045078656,0.24910961055445704,-0.12953700190341111,-0.45528306611514113,0.88087314344726808,18.303150037081593,9.2258817696432054,0.97283693124063286,,0.3072999108713864,0.2857142857142857,0,2
-0.92390471580981171,-0.30177266470757258,-0.23523038693944603,0.2880491697229054,-0.95323184675878081,0.091524434698000756,-0.25184866870074069,0.016801939177804898,0.9676207639946186,-0.31506568562604359,-5.9291699017757091,-0.56557429326457997,,0.0790076344202042,0.2149532710280374,0,1
-0.87198775408241458,0.45911723932126564,-0.1698491015234625,-0.47220343561047257,-0.88036347549419891,0.044542860409300084,-0.12907855022417208,0.11904415808344294,0.9844629075278718,-30.529237308571549,-17.941216932421082,-6.4221335067590548,,0.6257114975228368,0.6875,0,1
-0.3102990241673721,-0.91781795918377029,-0.24763826319960311,0.92806417965899912,-0.34890391045434027,0.13024185081431758,-0.2059402681231767,-0.18941028237508378,0.96005851430834421,-1.3295607411538317,-4.7326582220489959,-0.97789451216618328,,0.09017532281511995,0.354066985645933,0,1
0.42333453591262526,-0.8406646687101077,-0.33774366831395608,0.90525718719313941,0.37768618584692337,0.19458306723754082,-0.03601799187639744,-0.38811861563564393,0.92090533957528098,-29.758224619532694,0.51131135227579727,-8.5551059938169232,,0.7914216468739341,0.3188405797101449,0,1
0.96018857715563455,-0.11845311014719521,-0.25299556714752003,0.18029229033340555,0.95455011117879762,0.23733683931257105,0.21338365997932893,-0.27350127229137822,0.93790429560207489,13.208966845959148,-11.273569810441206,3.383757206212052,0.355905313186398,0.1512278175885957,0.3684210526315789,1,4
0.07048145394977709,0.98157769967235109,-0.17758824329065781,-0.98408547620485398,0.097534722889669898,0.14853536061659511,0.16312001769185816,0.16429302278785834,0.97283074709398276,-0.36929745563399674,7.1851129971853931,-2.508963321013276,0.4300461264247096,0.3980932014474534,0.7821428571428571,1,4
0.28951513963915088,-0.84314206801670388,-0.45309208452613559,0.954497609248527,0.21894081509148572,0.20248267438455508,-0.071521310520494125,-0.49109711119858107,0.86816376883272373,15.130208465780935,-13.123262397309874,4.080806005269582,,0.1130648666285294,0.1176470588235294,0,3
0.18194564067354024,-0.87210334726319805,-0.45423731191109912,0.97798793749622459,0.11250499811530937,0.17573337620086724,-0.10215369769017779,-0.47621253353035597,0.87337634783455398,1.4344304259381271,-4.0679829616140539,-0.38997651973832798,,0.4470639404594718,0.2681912681912682,0,4
0.66169219271591961,0.74124905125371299,-0.11275320888679762,-0.7071479176097476,0.66695931515382401,0.23474900329871695,0.24920927895846318,-0.075598385862488723,0.96549449472070548,0.19459429266838649,14.203017578651453,-3.5399492254464073,,0.363024287979498,0.4117647058823529,0,4
0.4296155105932829,0.90255523379549929,0.028715205136394327,-0.87447703349825701,0.40789860972545172,0.2625045562807104,0.22521196891320394,-0.13788681638356856,0.96450339290530362,17.234303881239345,1.8518732505651763,2.0848155638943728,,0.3678647373377136,0.2745098039215687,0,1
0.45546004703802262,0.87247918349555142,-0.17702039407666928,-0.86176246105973686,0.48198298777795356,0.15829674728466109,0.22343143525562653,0.080451686493037217,0.97139380267738884,8.1153941186292524,-19.025338986061666,3.3068483573532466,0.17611178354256,0.1494220207775508,0.4761904761904762,1,3
-0.8218874712982398,-0.51114466153108207,-0.25145997596289393,0.50949729765238427,-0.85703540301154912,0.076829822788732946,-0.25478125560547343,-0.064972709448704369,0.96481348395375932,5.8173146917927481,17.515165314366207,-2.9687899828676279,,0.1773951631036171,0.5,0,3
-0.23609746868740022,-0.90632748741099167,-0.350468929924866,0.95249520497020701,-0.28725244889539497,0.10118752448973987,-0.1923820932107905,-0.30992985684970242,0.93109216195012467,-11.342720413161247,-10.621644426842142,-2.6549660774284618,,0.1872758573933637,0.4736842105263158,0,3
0.090582986518913208,-0.9516236453259862,-0.29361055875052533,0.98817865535942595,0.049271333979632924,0.14517327832595195,-0.12368374042432266,-0.30328991625893004,0.94483731882811417,-20.063780942083248,8.6758110698105266,-7.2320118811664589,,0.7059625147389778,0.2307692307692308,0,1
0.42064731859316179,-0.86653751544936708,-0.268642080991085,0.90632612944716606,0.38821185591422891,0.1669266366070695,-0.040358152109599719,-0.31369457956182112,0.94866586863438396,9.2862508322624926,14.595985905681831,-1.811201203466253,,0.09130130121894102,0.2333333333333333,0,3
0.9423968600865481,0.2776962072061897,-0.18647513132402238,-0.22563360984946718,0.93929366871709907,0.25848960910309371,0.2469364942759836,-0.20152473895596215,0.94784500177160702,9.1997356686740037,27.283966365437774,-3.9026657871421135,,0.2586945802352124,0.4444444444444444,0,1
0.92476377042089908,0.34829320571533606,-0.15330952928457392,-0.28544276404577074,0.90130901443165867,0.32582892590766493,0.25166326186162613,-0.25755369024101915,0.93291569783791273,16.488986465212676,-19.185059248043334,5.3194229731801048,,0.1452373080334415,0.5,0,1
0.97175117908820197,-0.094725634790345126,-0.21616359558042364,0.15296715140858211,0.9502818370902294,0.27122957192453123,0.17972394534572944,-0.29663358577542548,0.93792740617778081,15.823452611624552,26.658878787801726,-2.4835787613992735,,0.279533369793818,0.4,0,3
0.9310600122735937,-0.23841128969062816,-0.27620157583393123,0.32552798056343868,0.88469452683279193,0.33368717095865658,0.16479923366140084,-0.40059412269796674,0.90131324268783553,15.352823970731325,9.6563449108916863,0.32183084147995555,,0.487452010275971,0.4117647058823529,0,3
-0.91335904270049328,0.35075084351710278,-0.20675856666479187,-0.36808444159296594,-0.92838848597868817,0.051075071800178347,-0.17403764815244063,0.12275449024064185,0.97705794718190953,15.481260831867406,-23.759511487371135,5.6950758498917473,0.6787616117729585,0.2583067497965033,0.5,1,3
-0.85168205661381524,0.49114683037936069,-0.18279076959838658,-0.50820496765352785,-0.85919217317999996,0.059300256310633986,-0.12792726564083076,0.14340014140347865,0.98136181612651074,14.536156648990005,26.238984817287708,-2.6222280880474171,,0.2698777103718442,0.6086956521739131,0,2
-0.85790353742311098,0.47562522423319742,-0.19437635285711419,-0.49912902047753183,-0.86124137969433501,0.095569382227456798,-0.12194974946285166,0.17900818968784316,0.97626037850085279,-15.468629326857988,6.7454202837627992,-5.8749535168006926,,0.2461331614455603,0.1666666666666667,0,1
0.90532236120922649,0.39958109235824091,-0.14396656877325695,-0.33954629626184246,0.88453948549060324,0.31984091561725397,0.2551464971137466,-0.24067581772544824,0.93646965555364958,13.36623241402269,-21.145879308319621,4.8599694088107146,,0.1637855524925564,0.4705882352941176,0,1
-0.049708850279023768,-0.91770316010594943,-0.39414456755801286,0.99331435143408209,-0.086593013209775166,0.076342971505844182,-0.10419035194790376,-0.38771453415471419,0.91587215841850256,17.137031172670479,-21.03106419136542,5.7496521587026352,,0.6566945646275169,0.4375,0,2
-0.70418192024088899,-0.58743972795993715,-0.39880119009377363,0.66154147758706949,-0.74681499828381337,-0.068045806412043122,-0.25785790008795917,-0.31174015518168885,0.91450936518415427,18.194879656038921,-18.91789635622224,5.622727075534053,,0.3892639040699687,0.1818181818181818,0,2
-0.76554594293604272,-0.49458340688352909,-0.41149321123154275,0.58861017796390247,-0.7966251234023014,-0.13757351184574357,-0.25976425399093767,-0.34752793614290872,0.90096995840526339,-10.212612747979497,12.517088500584338,-5.5566513855362656,1.01838228964591,0.5406534381510623,0.2439024390243902,1,1
-0.23653511921361334,0.96287817648750629,-0.13006442489280631,-0.9676707109128555,-0.22139115500459355,0.12082777713398858,0.087547316463787161,0.1544395471691975,0.98411579280599015,21.248401299604513,13.015821329072528,0.8851655639929823,,0.09192698154225978,0.3076923076923077,0,1
0.79215320822707469,-0.5417545181561797,-0.28106109078440383,0.60337871930288467,0.76442506528748977,0.22713088881221907,0.091800957445792294,-0.34950874326343156,0.93242491525830284,6.4412131838006408,-13.74450526681694,2.1451163988298227,,0.08911857974473099,0.2777777777777778,0,1
