axis_00,axis_01,axis_02,axis_10,axis_11,axis_12,axis_20,axis_21,axis_22,location_x,location_y,location_z,dbh,dbh_approximation,score,reconstructed,number_clusters
-0.90019583963512018,0.40853990179782018,-0.15080649502805829,-0.41212604585903617,-0.91109076297142833,-0.0081082644712600939,-0.14071095418699986,0.05485225854208458,0.9885300486604417,2.7261805618321371,-17.824413298149409,1.6595033466047255,,0.5013397660910046,0.2765957446808511,0,2
-0.80758600520699841,0.54955918228146639,-0.21398492788962689,-0.58650676510792932,-0.78641112785483946,0.19382299262139377,-0.061762923153258042,0.28203234416677536,0.95741479942988084,7.1332981138405351,7.1788385810202771,-1.4548080739580587,,0.08256886230521203,0.34375,0,5
0.10042556349080825,0.98981959146370635,0.10085575121020669,-0.96797983225980611,0.07376083841344952,0.23994662542912087,0.23006466598726424,-0.12172310820532983,0.96553287587373315,1.052260906745206,8.8910014297501565,-2.8519960301404801,,0.1080526554277088,0.125,0,2
-0.93161130095027689,-0.23125779804219712,-0.28039296493743721,0.22304676789700909,-0.97287742101615404,0.061316090935863314,-0.28696780877378963,-0.0054179813244095831,0.95792490426230037,-21.464755571492123,-23.281310609866679,-1.8698614303592775,0.1965175239844884,0.1755338060127051,0.2777777777777778,1,4
0.96896246617756043,-0.095667469522765558,-0.22794620947541852,0.17887643257075064,0.90778345936224369,0.37938425478540944,0.17063106695400565,-0.40838330791479399,0.8967207552001395,14.684056214144666,17.279067945821815,-1.6647876354219779,,0.3630705116046941,0.25,0,5
0.4931324031966467,0.86868859140154209,-0.046910170393048505,-0.81622895859992106,0.48066103315907066,0.3205234131001104,0.30098292320394016,-0.11977104145518618,0.94607831471202808,-35.960224049785552,13.285659185083697,-11.120132041786745,,0.2556929341340344,0.3333333333333333,0,2
0.21000745493187198,0.97177036892136204,-0.10751380822702336,-0.94357148894588572,0.23024843717941343,0.23803046532929775,0.25606583942705446,0.051458791890959858,0.96528870221071195,-43.323513392661262,15.998986306042914,-12.97796478948135,,0.3143047614975006,0.4444444444444444,0,1
-0.97375165653252027,0.034290000479584991,-0.2250153489593181,-0.069035217467551174,-0.98651261760825648,0.14841493876599846,-0.21689133258242835,0.1600532760265069,0.9629855132263424,19.92224161930336,-5.8792283079268364,3.0273167115873871,0.2271616253194473,0.2154965706210859,0.4444444444444444,1,5
-0.28949126506756589,-0.87445717810196544,-0.38925499497826377,0.92618616823372746,-0.35855767625778723,0.11668579420453097,-0.24160709679582359,-0.3267430740850733,0.91370945837029072,-10.083805307440134,31.204028034191705,-9.2429542011077643,,0.381807921581228,0.3571428571428572,0,2
-0.7025261690457496,0.6848033631837559,-0.19365261572754486,-0.71159837736028642,-0.67947933106258684,0.17870531048893615,-0.0092049521514515724,0.26334804428921954,0.96465697344959489,9.0949251570561156,5.0755306664790316,-0.73032187931755321,0.1602514572121407,0.09403742231932799,0.3636363636363636,1,5
-0.44004135182346688,-0.81348375642051607,-0.38027330530204606,0.84961187466433286,-0.51427048913767226,0.11698515474819297,-0.29072886185367774,-0.27160641016380094,0.91744574054447425,7.3667390337694236,-29.378734854098465,4.0976573365448186,,0.4137110499290443,0.2222222222222222,0,1
-0.89586691736518109,0.40969290272623832,-0.17197148550372407,-0.43144905880932072,-0.89460337264797229,0.11634653110181473,-0.10617992288168226,0.17842794372693738,0.97820718300072662,17.705024713750312,-4.4271982981417617,2.5283616835147082,0.3259772589814098,0.110329606204997,0.4166666666666667,1,9
-0.90531734448874779,-0.35062197282869134,-0.23971803840670614,0.31473430481019316,-0.93277701175061567,0.17569679486330103,-0.28520663236237503,0.083613865592430073,0.95481197014763286,7.3433022483930026,2.3902343861520587,-0.52314949010631417,,0.2498412508187286,0.6428571428571429,0,5
-0.79971986717275312,-0.47975469952308791,-0.36094814355348404,0.5174065239331912,-0.85569212826598529,-0.0090261074113694318,-0.30453016770193231,-0.19397528169625372,0.93254220657849707,15.203350166663453,-8.8942787351692107,2.6926697297117674,,0.5076757805529148,0.2916666666666667,0,1
-0.79737732174777887,0.57112538689480929,-0.19494922212359161,-0.60053384268341958,-0.78282775473933708,0.16291043613487149,-0.059569375976460934,0.24697469274001044,0.96718922170987409,-4.9595680701858278,22.152692746694637,-6.4119499283485268,,0.08329469782158473,0.3448275862068966,0,4
0.25093418625971681,0.95970828913293094,-0.12645961385246648,-0.92713057820831335,0.27584001587756568,0.25365562598093883,0.27831802873204486,0.053593706815311309,0.95899259093722999,7.9946542849289228,11.538270159771743,-2.0290138194657219,0.1928590601844041,0.1318849941159512,0.2,1,5
-0.82383016958938016,-0.49548281042369746,-0.27531915343645463,0.47963921104328128,-0.86819091197914144,0.12724294709964937,-0.30207627994284902,-0.027227282851208501,0.95289485052886513,-4.3996653464431379,32.375211283580775,-8.4403222540223517,,0.6121466840931952,0.5476190476190477,0,1
-0.49170302015736461,-0.83521997504461776,-0.24624324001806686,0.81868835824005437,-0.53975483092109233,0.19599513917326802,-0.29661003363057681,-0.10522507203044379,0.94918395064700534,9.4592208660148405,8.5696915776196469,-1.2220388530307777,0.2003078956096681,0.1815235655906272,0.7021276595744681,1,2
-0.072375975069581405,-0.95257998224100149,-0.29555557119848136,0.97073391228363337,-0.13531490027069235,0.19840753339337788,-0.22899211727751481,-0.27254587723622936,0.93449524077241564,-22.950746608376377,-25.96232472158129,-1.8625587106582613,,0.1266870855308594,0.1818181818181818,0,1
0.67224841326228124,-0.68632798273660844,-0.27755354614748551,0.74030580490670739,0.62594462343588719,0.24523589381071295,0.0054208936328671853,-0.37033394187463398,0.92888286958465194,7.445340139908426,-6.9609313409844669,1.0034036012609573,0.2995618054143605,0.2309294858662728,0.5528455284552846,1,5
0.34926832687355525,0.91772828684735475,-0.18917300907678467,-0.89689758207936543,0.38587444016071215,0.21604546672134478,0.27126806502633866,0.094210975745265588,0.95788200157743297,14.076350544492332,6.3652045154881938,0.038985377708988668,0.2981649836871121,0.2569888517831887,0.4166666666666667,1,5
0.60915923139702743,0.78408343459298224,-0.11890415636409242,-0.73850633613106875,0.61549444942112552,0.27527254535469364,0.28902149106606101,-0.079873339285766884,0.95398471024083642,0.67759196952044465,-6.5317793678639795,-0.33273720499162218,0.6646573795879077,0.2879112748578813,0.3658536585365854,1,3
-0.23876908849412071,-0.92213733799500752,-0.30438799624027379,0.93731170089550142,-0.30079022854362403,0.17598867513865182,-0.25384266336467215,-0.24328577494000045,0.93614952543264907,-2.5215883981930913,18.632698007750815,-5.2533637748650124,0.3458331777399589,0.3825162487334789,0.7054794520547946,1,5
0.87949710269617221,0.46999049060441095,-0.074791611096863553,-0.39057457408448715,0.80262688268289928,0.4508232350638704,0.27191239108904341,-0.36728602741753907,0.8894743535572468,13.601484958309541,7.7105733660338815,-0.20160512397094282,,0.4778108384518986,0.2,0,2
0.2511360605977947,0.96793633787258682,-0.0054703649992014379,-0.93731178107473656,0.24459328216476262,0.24823527424274849,0.24161395681111739,-0.057213391314206746,0.96868432614985611,-23.790609838547294,-10.029633569432416,-4.3880279837432559,,0.649839373273715,0.4545454545454545,0,2
0.51201849701975399,-0.82009051948360789,-0.25551633717384903,0.85657843201455475,0.46527443263512064,0.22314365808499992,-0.064112779670833328,-0.33312346388264902,0.94070096698882277,5.9883810161320108,4.5385328443636839,-1.1761951999562323,,0.0846358493479151,0.3571428571428572,0,5
0.20897795513265219,0.96194814151164187,-0.17602268976150148,-0.94610312321826318,0.2444171056070642,0.21248331398797848,0.24742088534564691,0.12213128808361881,0.96117992798737351,-7.047244896562197,-20.837828697842703,0.53383766286834522,,0.1195621103043608,0.1,0,4
-0.46156776595297633,-0.83858947308323906,-0.28934908513274193,0.83773672137706234,-0.51933567104372214,0.16878283810262953,-0.29180881256327718,-0.1644936363983219,0.94222580122541089,4.2435907514696591,2.7957036795375179,-1.2007057020023404,,0.07541177917755783,0.2941176470588235,0,4
-0.47125590205837486,0.88190720782960863,0.012551954163861602,-0.87846422674921432,-0.47059342821042605,0.08271896787958942,0.07885732113794755,0.027955359116685372,0.99649386390464245,-21.95759121254493,-20.945208398261386,-2.2949404269213076,,0.4420944220845204,0.4565217391304348,0,3
-0.82207406436445363,0.52753703823641518,-0.21424029963585267,-0.564587399382664,-0.80396842202872543,0.18675075592608029,-0.073724494963541679,0.2744803265616555,0.95876235281376065,2.1061201073790712,8.8833728796067746,-2.6661452012152012,,0.0814207504336925,0.2558139534883721,0,5
0.69379407143736971,0.7104464878805048,-0.11796429246434942,-0.64027374662232184,0.68347765710125818,0.35058211823992225,0.32969579285240158,-0.16770235568301259,0.92907298102667657,-34.345947673818706,14.927025607109609,-11.123701207510083,,0.56022186595195,0.1929824561403509,0,4
0.8254898172063263,-0.4330359636453911,-0.36200333683320307,0.55848815204350122,0.71940438967948983,0.41297494855852485,0.081593784785982573,-0.54308118941792516,0.8357064532386419,6.3941343069451761,-9.4699085594104613,1.1819394807756942,,0.3495539172494321,0.3684210526315789,0,2
-0.96869053003225158,-0.085638624564976978,-0.23303365209440186,0.044800540234631502,-0.98351205859925095,0.17520542852477269,-0.24419575880944566,0.15927980591551147,0.95655547398308061,5.1506643325913428,7.1739332253465546,-1.8484876223669944,0.1420293396011997,0.1282599844185423,0.2380952380952381,1,5
-0.82840281690805417,0.52753386584869655,-0.18829974328588289,-0.55507518924678345,-0.81821958819992424,0.14969382007482232,-0.075101978811796324,0.22852729786324261,0.97063637213421794,25.104830928293079,-11.722438872424966,4.852980168626174,0.4972873353141045,0.5220666147243355,0.425,1,5
0.5061489322898366,0.86227678390147944,-0.017088191430955312,-0.80939648540458842,0.48176395034811115,0.33582856572912895,0.29780965020724148,-0.15614814789008974,0.94176810742025852,-2.3391750476466009,27.154341538443759,-6.9416672872610778,,0.5500323716794291,0.2,0,1
-0.83566496896325193,0.52071620311722955,-0.17469600870890883,-0.54309350674602164,-0.83085112897609414,0.12139128638192649,-0.0819359663271014,0.19631871355101665,0.97711077167930027,-23.314035672765691,-28.148364155356887,-1.6077377467011609,,0.554475360162944,0.1333333333333333,0,1
0.059662271775775488,0.9842859571254734,-0.16619737642978061,-0.97431557325575746,0.093637757604247224,0.20479534677856151,0.2171395335673735,0.14971013645186795,0.96459177790695694,-0.59885997691369619,17.42054436572608,-4.6328505235674973,0.2912857568913981,0.1810305392668519,0.3243243243243243,1,4
0.93946077329663458,0.2629202044762407,-0.21974171546400037,-0.2079191298040689,0.94713852522945452,0.24433225224618405,0.27236573003667086,-0.18385206037558011,0.94446563145370466,-1.1807000799018443,12.467431607195794,-3.9494745475884954,0.4196647900838785,0.3347395133159584,0.8505747126436781,1,5
-0.95293611195139272,0.21804379212046249,-0.21064109584003607,-0.24803516888892863,-0.96024181849476087,0.12811793398316915,-0.17433106875483612,0.17433460566279879,0.96913163385331347,8.4549121894075352,2.9377435273745793,-0.46896971727985537,,0.07918119827905651,0.1,0,3
-0.81266968818843477,0.54078728026074829,-0.21706472630967588,-0.57277707933431998,-0.80984319371479752,0.12680859191341459,-0.10721191766290571,0.22738319881204891,0.96788557464663239,-2.8721093930497816,20.802707806676501,-5.7965295744530101,,0.4523514223781102,0.6949152542372882,0,2
-0.80060279554860125,0.58882232258060474,-0.11101097328888636,-0.59182523971143752,-0.8060345543280818,-0.0071542204068349791,-0.093691245056640199,0.059971407019612129,0.99379342971254536,13.417587023936797,-10.525330478285714,2.5797594669369999,,0.3075144646151881,0.2142857142857143,0,4
-0.94101334252463642,0.25033689540696247,-0.22765176913131152,-0.26195843513238465,-0.9648318574834206,0.021846396684258796,-0.21417672014858363,0.080193051962730744,0.9734975125614338,11.789774310471056,4.1490675731371311,-0.11417897276307575,0.7770509346289293,0.5107833666345507,0.125,1,5
0.60297169254102956,0.78268971353295169,-0.15434361121832035,-0.73208653198274132,0.6197494205052051,0.28277193190439792,0.31697704598864723,-0.057510591312978927,0.94668795503224956,-1.5097835026336826,21.429312426929368,-5.6544309614825314,,0.352723406893402,0.5483870967741935,0,4
0.066798125709243553,0.98915760167213451,-0.13078703856255158,-0.96675906228505259,0.096587973525184487,0.23674390986892044,0.24680949311454239,0.11062550530744929,0.96272897104222077,-17.809037234442624,-34.555074540294008,0.2670549025014442,,0.3135015678970949,0.1351351351351351,0,3
0.059309853640985621,-0.89712548130333558,-0.43777644072899113,0.97819332688774552,-0.035214369076811247,0.20468943168323914,-0.19904812607349556,-0.4403700932247569,0.87547360011587394,6.6433085830206311,8.6788937659079117,-1.7181773948581787,,0.4604543473791705,0.5625,0,1
-0.32875485717909109,0.94432759601873562,-0.012869937009615215,-0.93607062224275706,-0.32401223682947294,0.13706881687247469,0.12526784924797649,0.057109209259433011,0.99047791704941546,-3.2653806087245609,2.3885799631887421,-2.4072101951213063,,0.3858042011623932,0.2696148359486448,0,1
-0.19621093074443366,-0.92107035602135701,-0.33634902990062737,0.9436262663377516,-0.27062220298086836,0.19061241494524001,-0.26659096033788865,-0.27998753992360398,0.92224521541380178,-9.4566274266278256,28.508000916723947,-8.6190589740004242,,0.09581148104047692,0.2142857142857143,0,2
-0.90592149564926205,-0.34364276443602426,-0.24741845964149961,0.3128257885947478,-0.93692828395417249,0.15590194584021438,-0.28538792845998129,0.063836049199947384,0.95628379109543793,-3.9750768500844909,20.90759501461099,-5.9977377550629978,,0.06963530969849709,0.1428571428571428,0,1
-0.15747073069689485,-0.93955745339031271,-0.30403085493498311,0.95745265018357495,-0.22065676037595475,0.18599735685443955,-0.24184166644777161,-0.26180600810351784,0.93432875503789636,1.6398766384869865,19.87896866962198,-4.7345979434086978,0.270089581920161,0.2355030875282712,0.7941176470588235,1,5
-0.52451463818647903,0.83286387517687399,-0.17669793364232747,-0.84809800483098985,-0.49283918652541731,0.19452329019081604,0.074927755403471782,0.25188747815309581,0.96485155843781056,2.8968616063389807,11.429775117162649,-3.0207200983918758,0.3116235539271714,0.1742658889000261,0.5714285714285714,1,5
-0.97140294642851532,-0.038794848180631634,-0.23424618550713477,0.032677080556373243,-0.99901731960156359,0.029943338865629474,-0.23517764365754146,0.021432566126140227,0.97171607017324602,9.0836861565641627,1.0294403295563561,0.048656340645832512,,0.3327322588980548,0.1162790697674419,0,2
0.19862287205790655,-0.92474255297756547,-0.32465391636017932,0.96641274116855325,0.12967693036404854,0.22187903785270144,-0.1630808646118585,-0.35781993298849557,0.91943978984681551,-37.958123438608688,25.912491587254824,-13.605616886257426,,0.4740631372238122,0.1176470588235294,0,1
0.010711875846402359,-0.9546796348355453,-0.29744251637269531,0.97776836371144826,-0.052295609920428095,0.20306204989630031,-0.20941414145393425,-0.29300505799955101,0.93289536034101439,-5.87280155574628,19.929597989593333,-6.1966884999656973,,0.1014867449588867,0.45,0,4
-0.50912107983437926,-0.75926751941304904,-0.40534992294637262,0.81344072573006598,-0.57836942304535943,0.061668437712669957,-0.28126484279415143,-0.29833143389614997,0.91207918721865799,-11.485162207115192,27.201156152597019,-8.7419016137690164,,0.6068949679897606,0.1071428571428571,0,2
0.70343310627476296,-0.60946836172434105,-0.36569137404878266,0.71060986143595173,0.61368198743254143,0.34413375761587933,0.014679571745002389,-0.50193897473487237,0.86477845475907245,-2.2292665656699837,6.8763524711783317,-3.0349711999414892,,0.3357526223917944,0.205607476635514,0,4
-0.7909539640771136,0.58560069173761731,-0.17737997786425344,-0.60904924561369,-0.7813241057411463,0.13635123103658547,-0.058743877366872033,0.21588068840037833,0.97465105819861675,-20.598225268098112,-27.734330534053086,-1.3338672979247961,,0.1145750444231883,0.4,0,2
-0.78071695662151941,0.59322707253822671,-0.19637381203041723,-0.62190015480865779,-0.76830242819285366,0.15149777649171145,-0.061001894172227969,0.24040178709961893,0.96875474175185816,7.7428035523211332,1.4882042082367415,-0.31938696720857457,,0.08130679487226,0.4090909090909091,0,5
-0.47112338752479876,-0.83088548727772416,-0.29609468208398793,0.83401281452802878,-0.528894902314612,0.15713945242571581,-0.28716785845598242,-0.17291468803105337,0.94214390181804442,1.1804045593775414,12.284343227868467,-3.4333762035726254,,0.08618058829955516,0.3,0,5
0.7400351949111369,0.64280010949289212,-0.19787857268729656,-0.59869903737619823,0.76365221711838227,0.24165006504239323,0.30644309902108985,-0.060359841998675869,0.94997332411823288,2.7827836602002631,13.111330340490159,-3.290344020154532,0.290038824365531,0.2705561604560335,0.5806451612903226,1,5
0.71204628310081852,0.68982252566155788,-0.13090062571362338,-0.62666061103181125,0.70845303985200136,0.32463944446985404,0.31668054771890536,-0.14912804368852847,0.9367359592126725,17.317268850409668,-2.1170582086708314,2.155575391728596,,0.3641204273129481,0.4444444444444444,0,4
0.94940507839572585,0.28232861513002333,-0.13755199088043316,-0.22320636191635967,0.91471339421150277,0.33686544264756146,0.22092740236663866,-0.28911928252684488,0.93145108478904759,-7.7180848614065178,23.687480986259438,-7.2169740144893426,,0.2348625157329811,0.2368421052631579,0,3
-0.46860241603357428,-0.84607824985548574,-0.25409323251313387,0.8330270140661129,-0.51895074244819794,0.19171885861479349,-0.29407102802484941,-0.12182660642873099,0.947987609857041,4.3228384147019447,11.010994063932886,-2.606477717487639,0.3072749383649366,0.3032186239830951,0.7589285714285714,1,5
0.32415600882286821,-0.87853417939539102,-0.350856918954287,0.94032959814883954,0.25867127305161558,0.22106428780582912,-0.10345592679624771,-0.40158046283643212,0.90996153934043056,-6.1341274277752316,23.283012897630943,-6.9353377523320354,,0.1472108965654646,0.3684210526315789,0,3
-0.97081156060647233,0.0178510808220569,-0.23917828644404548,-0.060279475396837291,-0.98337718049359268,0.17127669348266356,-0.23214499486034057,0.18069493572858261,0.95574998904699737,-8.6606284058435303,29.275483278849986,-8.5952096806344986,0.7135426738829065,0.6395355289545085,0.7884615384615384,1,3
0.53416260318809639,-0.80223476501781454,-0.26662650871983451,0.84338346505702411,0.48402893708400518,0.23328163008204481,-0.058091688077761307,-0.34947871160077837,0.93514169296109129,1.2328695412314681,13.746173383282496,-3.7011196501064845,,0.08415065740764641,0.4615384615384616,0,4
-0.94004301920977229,-0.20099784871513415,-0.27553400306833903,0.20428955101804119,-0.97876262119173418,0.017015014038587427,-0.27310236428823265,-0.040293872608304082,0.96114072978435505,-22.64201190062909,-29.020598057496887,-1.3564806121735355,,0.4127256564600926,0.1153846153846154,0,2
-0.84715371796417793,0.49060470108987531,-0.20405294756014694,-0.52380390955479883,-0.83557203672634306,0.16567690175790753,-0.089219070128410724,0.24723753499318255,0.96483861801646198,0.59222081745350852,4.1852972959057153,-2.1127333697162229,,0.1231157457913465,0.3085106382978723,0,5
-0.97104639718691632,0.078032780062682078,-0.22578702297961947,-0.11809470073599772,-0.97838412263350361,0.16975909470996067,-0.20765966427880325,0.19150820821666978,0.95927163515724556,3.1125582197467616,1.5028184335229777,-1.1798804356410493,,0.08455999333987534,0.3255813953488372,0,5
0.91884893539738255,0.32167942530022331,-0.22855848542028587,-0.26291952151558307,0.93097566670919041,0.25329357118054935,0.29426171875579354,-0.17264604059722094,0.94000180081795015,22.225606605561346,-1.1125648649512763,2.8276065514934148,0.366082816414211,0.3128867480509531,0.2,1,5
-0.25167011629913305,0.94451848476478018,-0.21106156566183312,-0.95734400097330685,-0.21096579561126849,0.19744846639699573,0.1419669551776114,0.25175040222360695,0.95732289151458705,-4.1425890696898184,18.892890233954191,-5.6393200129425667,0.4479237102432208,0.3294432626612028,0.8758620689655172,1,5
0.94341991946911763,0.20253740142363708,-0.26255943436381279,-0.1230772571132718,0.9491093668291597,0.28990239491702485,0.30791369623704362,-0.24118459905581355,0.9203364302514212,-0.32354762497426232,16.00892902171373,-4.3353369513481379,,0.2793556871753649,0.2765957446808511,0,4
0.38789538995715406,-0.86787108796749102,-0.3103819278245934,0.91971812167912048,0.34236324834673709,0.1921092991931983,-0.060462741461323029,-0.35998219518692037,0.9309978926095307,1.7223399651141209,2.9938284606611774,-1.7034625030883408,,0.1356759089919777,0.2098765432098765,0,3
-0.9527687961756397,-0.17193887850405867,-0.25033705896808278,0.15350320162945602,-0.98389842726298038,0.091545900612432243,-0.26204653808728201,0.048794537483219227,0.96382088843740554,1.7256771249592586,1.7338591953920262,-1.4597440588042712,,0.07475855081416997,0.1929824561403509,0,5
-0.92304727967092637,0.33499462942982255,-0.18910927461464969,-0.35676610773145401,-0.92933822055094006,0.09512316330611538,-0.14388072791813286,0.15527095696359025,0.97733784642638255,13.68799718031663,10.601422820082378,-0.73464710268792743,,0.200479542829014,0.2962962962962963,0,5
0.779230774296234,-0.56310164607033575,-0.27516528956714564,0.62481414526128842,0.73233011972811413,0.2707395050974522,0.049057968477085455,-0.38289571939613748,0.92248803992085282,-0.48412900713506379,10.676760479335417,-3.5053312144207416,0.4324619374079142,0.3373458770666909,0.6944444444444444,1,5
-0.91813716158292458,0.32726884860458244,-0.22342616958065545,-0.37041613212317459,-0.90911725284479894,0.19051957810901063,-0.14076946253843473,0.2576837622221459,0.95591999513750248,-5.4008983424622974,26.335476074469188,-7.4279110502919536,,0.4809178067732285,0.7763157894736842,0,2
-0.66116159478712144,-0.638659335686942,-0.39367448294049229,0.68465968047904868,-0.72818305124640992,0.031473255373339615,-0.30676777455410292,-0.24872413798701251,0.91871096416541165,-1.0199438067574595,8.1902230599861099,-3.1347748601118992,,0.2028300572839291,0.3465346534653465,0,3
0.88109745669978601,-0.32846638945755946,-0.34026034560889329,0.45865814366473845,0.76891612870738768,0.44542192835968525,0.11532553510469841,-0.54852330671573024,0.82814382986438762,12.896217571115644,-0.69297500615082142,1.0826653416823349,,0.599202775784075,0.2,0,4
0.75720213164714201,0.61757919642888415,-0.21269900791324195,-0.57575229600744704,0.7848488667066208,0.22917580603433158,0.30847078544195489,-0.051070466686592646,0.94986187520146115,8.9310487386334323,7.8448371592964135,-1.1897409883095293,0.7401258131850962,0.3344127386539872,0.3214285714285715,1,5
0.32617733547561628,0.93696304746315229,-0.12533392801069845,-0.90431547564126891,0.34789854245167484,0.24734616365674092,0.27535770615280453,0.032662698121311798,0.96078680351767043,-26.877390452940592,-20.099680626213527,-3.3346189362555019,,0.3213723368082781,0.391304347826087,0,1
-0.24324598778297254,-0.89498154103614758,-0.37395110727479897,0.92731000698359745,-0.32764292218796104,0.1809592951141609,-0.28447766234902555,-0.30275098140996326,0.90962316531613097,24.092975270702052,-5.2981652186084487,3.7379734834270115,,0.1967304331652616,0.4090909090909091,0,2
-0.10187611249430344,-0.95766037095472456,-0.26927285716519478,0.96295013390371831,-0.1628749329120083,0.21493905146278106,-0.24969641030230941,-0.23739917887761991,0.93877224743298215,15.997978708713175,-3.7318822883218701,2.0634850093609023,0.2517275249845471,0.2138713893581282,0.4098360655737705,1,4
-0.87140915282300013,0.46872568357525357,-0.14471462238907856,-0.47931686219664554,-0.87633879639151235,0.047808571961924839,-0.1044099324310873,0.11102498590852385,0.98831777203172289,-12.535766301800932,29.206914797159072,-9.3130780234147075,,0.1140336268922706,1,0,1
-0.40498703749125375,-0.88117603915401377,-0.24395550308386627,0.86731215205735834,-0.45469105864982079,0.2025479500699528,-0.28940478634205863,-0.12955627813714685,0.94839867167639902,8.3412359433870389,-9.7763173217340924,1.5774152793319143,0.1727104109416245,0.2193715181018129,0.3333333333333333,1,4
0.50231362383967104,-0.74135806994949061,-0.445049699950268,0.86225184709582947,0.39086934512091936,0.32209145785719662,-0.064828816778406045,-0.54553585323561427,0.83557636236887523,11.994710214568288,8.479012255960491,-0.68302392002273871,,0.4253152616404502,0.1578947368421053,0,3
-0.47013145774646148,-0.82196084646920953,-0.3214914918140262,0.83362171855305078,-0.5331889976409897,0.14416769107971408,-0.28991592366382024,-0.20022452313894487,0.93587333413231533,22.196246940265056,-4.0721696101042015,3.2919428961339663,,0.1348117360414675,0.2727272727272727,0,4
-0.24304922402689227,0.95747923051016159,-0.15543679693558374,-0.95824417388418193,-0.21211098328342631,0.1917733922825581,0.15064918823859422,0.19555677925402234,0.96905230414608978,-36.694910980248878,22.899090196903167,-12.969904849477187,,0.07777720807535432,0.3,0,1
0.85633269337705564,0.51023277210545559,-0.079729771874628069,-0.42227604857874429,0.78069518128663051,0.46064951179020897,0.29728312607734741,-0.36080126411283248,0.88399388615773933,6.0568827676276085,10.559931204274326,-2.1673381095339828,,0.1080328374952146,0.5,0,4
-0.059120102912575752,-0.93999947151750052,-0.33601459340098033,0.97229567720554444,-0.13048057643806935,0.19394827985780419,-0.2261546584066276,-0.31523929437684128,0.92167144783907273,15.361139921194475,0.48421819589181525,1.3303757886404324,,0.1702326892678808,0.2727272727272727,0,1
-0.71919582871145715,-0.58324266147848036,-0.37760476400005927,0.61965224936179697,-0.7842581911283879,0.031147704713126115,-0.31430629937197746,-0.21158234207875048,0.92544284680122979,4.6442721042299331,13.919386008843915,-2.9666351957625423,,0.5064987197075701,0.3,0,3
-0.96569892044303518,-0.1024948605085715,-0.23857996274726034,0.064648537228483821,-0.9847719058275195,0.16138420036376513,-0.25148789571144969,0.14042470246421399,0.95761930914558258,18.787292661364063,-2.9930215887705938,2.5936608623414199,0.1798632089321293,0.1419542572038422,0.6470588235294118,1,4
-0.96629210593781312,0.13947562438405811,-0.21639342920926488,-0.1631187929951832,-0.98197666376450199,0.09546774949549619,-0.19917787370604847,0.12754756769385039,0.97162739391256436,-0.16013216193460769,8.2491876808598974,-2.960014077432342,0.213892272480355,0.147956793925951,0.2206896551724138,1,4
0.69580720365321436,-0.59515176015549098,-0.40205312799195719,0.71821073941513758,0.57260939189758897,0.39533760015894853,-0.0050664714602478567,-0.56383762440484242,0.82587012548732364,0.76457313968446661,16.333938412747216,-4.1415151862526196,,0.3190037746412926,0.1333333333333333,0,2
-0.41182103558562344,-0.80247189209593983,-0.43178964443944967,0.86718743371669738,-0.49069705214839221,0.08486670617342601,-0.27998105195357964,-0.33949265884381019,0.89797290891102421,-2.6593624275206826,8.8401040859439632,-3.5532100414390606,,0.5037635582524427,0.4194756554307116,0,2
-0.82077256423557354,0.56568235702952718,-0.079598170479467698,-0.5677499640403223,-0.82319066948083053,0.0041352160661038782,-0.063185252475342416,0.048585930321637563,0.99681845450633899,1.8240770976218001,15.697141007640848,-3.8639940618675577,,0.382558485732137,0.4736842105263158,0,3
0.79340256814403187,-0.47342265176303083,-0.38260078105005901,0.60346492544442853,0.69401316070234187,0.39265228450920331,0.079639491590576997,-0.54241748272857682,0.8363257892768754,13.178740760369728,13.591545844541134,-1.1912951453893708,,0.2164222284753405,0.1818181818181818,0,3
-0.60572813984821527,-0.65983796188591148,-0.44464287315807249,0.72867513206703194,-0.68447062792543423,0.02307620884058352,-0.31957154520249959,-0.31002229526536745,0.89541063425407119,-1.5565830057993482,5.7833043258319696,-2.6963918483634521,0.747144163167369,0.3477074074346548,0.3074433656957929,1,3
0.38811139806228778,-0.8657630126091721,-0.31594928183495902,0.91230800549859425,0.3123200043755851,0.26485905302634333,-0.13062789057974217,-0.39103787650907246,0.91105748080895632,5.4028449965440446,-13.029830583678471,1.532453223680269,,0.1953179515149037,0.25,0,4
0.35195861084016211,0.91846013325524367,-0.18043314517079131,-0.89286237972184113,0.38729149270960173,0.22978701127831466,0.28093043112648902,0.080226450099260757,0.95636907602219989,9.8324903428093258,12.325312578882572,-1.7846947820637047,,0.09639128986900883,0.2857142857142857,0,4
0.64220122713026362,0.75148293464266425,-0.15116541540059172,-0.69940103832377065,0.65515732999030574,0.28566949531163877,0.31371288061540614,-0.077732051952999551,0.94633078605483423,21.50992019805873,-17.910669620970346,5.2492247791227218,,0.3762742723701294,0.4074074074074074,0,3
0.60184932374701117,-0.68500718074665645,-0.41053934504598094,0.79849975592963707,0.5076367100759609,0.32357859997775695,-0.01324882204483192,-0.52256112839434654,0.85249887730462814,-2.3091114134843775,14.466788164957423,-4.523434625366372,,0.2518571373550074,0.3333333333333333,0,2
-0.74302954039384683,-0.59564031968032982,-0.30515522553812335,0.59432499322971055,-0.79689386897595138,0.10834188484166167,-0.307709123239161,-0.10086015645265287,0.94611961416922996,-1.6780113903107796,20.060584546664945,-5.4455659928112174,,0.1203410504598205,0.5714285714285714,0,1
0.16871878955365538,0.98490193970825024,-0.038757440711117537,-0.95384875494202837,0.17305632719234734,0.24540590928956413,0.24840797641599974,-0.0044358513976103537,0.96864534297919691,-1.1713709407901935,-2.1651465287729135,-1.3963150196507181,,0.6655339915429285,0.285625,0,1
-0.053313379577662849,0.97778536304200048,-0.20271523716492285,-0.97824273128598682,-0.010380668380124761,0.20720376543420821,0.20049648935614944,0.20935144027401564,0.95706485266728614,-6.7131997935204097,28.906994528073074,-8.1359482732136907,,0.09038302329149212,0.5555555555555556,0,1
0.22121755270917684,0.96507770734071618,-0.14031326796618557,-0.93826924214196183,0.2498523231872668,0.23921673404733956,0.26592033322728909,0.078732683124060371,0.96077444854886451,32.047187800660808,-6.0194906935884749,5.3210992812590616,,0.2401314380408416,0.3333333333333333,0,3
-0.79072591281207349,0.60971332798026479,-0.054792230204138724,-0.60954117401206065,-0.79245627831943155,-0.021739460345527581,-0.056675285544159855,0.016208165699610668,0.99826109178568212,-35.181163154479393,16.017231491637997,-11.542959884679316,,0.5014297968733993,0.2272727272727273,0,1
-0.57275862822514345,0.81867164446214669,0.041524599303273811,-0.81868911012412771,-0.57384579658530366,0.021192987178399243,0.041178814429477996,-0.021857270987565146,0.99891269135353344,-4.5322296917088529,23.281030640843976,-6.5560728349366588,,0.7331088021401204,0.16,0,1
0.73763349975151704,0.65722789085535382,-0.15475244594561771,-0.60093369675323494,0.74352383852959236,0.29334449653046413,0.30785631738007158,-0.12338476818490782,0.94339847722430437,3.8534879109296498,20.095480641102128,-4.322633995782005,,0.1765423202678342,0.125,0,1
0.81482612546934674,0.57831646722997321,-0.040105473233168459,-0.49416417120258616,0.72909659509687463,0.47351866585996993,0.30308440598663977,-0.36601669189913705,0.87987023139718623,-3.5299886943809646,14.340791998550733,-4.7651181008407519,,0.09421662435906508,0.6923076923076923,0,1
0.43404983674206732,-0.83817329109107619,-0.33025183319058238,0.89651111436582998,0.36577570812850979,0.24995190169636056,-0.088704909913287944,-0.40456602111972129,0.91019655762512863,20.662963002306469,4.5902282366828047,1.65099631124822,,0.1514721630647296,0.2941176470588235,0,2
0.22645796643217361,0.96066290183462633,-0.16075938068455148,-0.94818553743206091,0.25518928311546951,0.189268635509659,0.22284742772596666,0.1095683294647169,0.96867631597672099,-5.8291715262495778,21.889333403494529,-6.5721493118477028,,0.1497476167357762,0.2173913043478261,0,2
-0.44103446553691789,-0.74754115494750917,-0.49665966402387668,0.84905668723387651,-0.52685802168935481,0.03903033237132273,-0.29084590777936287,-0.404478487241688,0.86706736260031991,31.039827357394721,-3.5485043098031714,4.6303888458147009,,0.3852724219452952,0.2173913043478261,0,1
0.65909751873638767,-0.6388794059862376,-0.39676638643187451,0.75203396559630387,0.55571921644539102,0.35443062376552126,-0.0059477209948572939,-0.5319861436917237,0.84673216989492861,25.799570413020483,3.9895769263673353,2.8438248640944899,,0.4340695709786578,0.3333333333333333,0,1
0.14488577989636475,-0.86570332310398102,-0.47913032376436582,0.98231974227941865,0.067829566365330413,0.17449089906005827,-0.11855814907427646,-0.49594042615360068,0.8602250048648119,13.040827912296191,-13.488462192685038,3.044728932999206,,0.2743368385389561,0.3260869565217391,0,2
0.78933913388088828,-0.53840544912670607,-0.29506491501843862,0.61049609793845017,0.73926321357791036,0.2842259936254723,0.065101813539217249,-0.40448667889206241,0.91222381051624257,22.067804356936495,7.9654944235448459,1.3998781118299306,,0.1784519863812762,0.2105263157894737,0,2
0.02621606550201434,-0.92623811237371667,-0.37602616544060963,0.97800225260704354,-0.054104011339908782,0.20145557786390705,-0.20694035808692274,-0.37303580946513115,0.90444456604678147,28.176542577176551,-15.05165020646964,6.0506453072521094,,0.6615367986764109,0.2903225806451613,0,1
-0.95696773435633076,-0.16350942212323333,-0.23974449790941549,0.13231985935319332,-0.9811305627187743,0.14097614592509228,-0.25827158229596725,0.10318666472014724,0.96054583545100503,-21.94595169580202,-30.285770982572561,-1.0510736191660111,,0.607468001698377,0.25,0,1
-0.75754143036698973,-0.60993180268478753,-0.23262454159271609,0.57599025477157917,-0.79223440254730315,0.20149411363285435,-0.30719083268500591,0.018650670073850888,0.95146515691332045,7.1193402176325762,22.91912563958585,-4.1742890004387494,,0.07912710295317119,0.3571428571428572,0,1
0.9736588520013465,0.0089218806439990157,-0.22783511574205281,0.095933697519175853,0.89045493209626847,0.44484462409444697,0.20684575315853024,-0.45498397109261407,0.86614341794478567,3.5458026510462952,-7.7343317651119978,0.37660567458267086,,0.2822849704178286,0.2678571428571428,0,2
0.94369106904781519,-0.23140709135504187,-0.23642741860873814,0.28661705219219147,0.92878773332583198,0.23495534004598109,0.16522055438731215,-0.28948938580553057,0.94281390736130222,14.791831482063193,-10.632571155844143,2.7942716960291198,,0.1226119243634267,0.52,0,2
-0.60355582607881297,-0.71037765720272605,-0.36205517390791059,0.73656162840515349,-0.67062781555877626,0.087950557474139573,-0.30528238135776797,-0.21359287709572522,0.92799824918288509,-1.1076700110816078,15.065836930816756,-4.3180275300111672,,0.1427780466782786,0.2758620689655172,0,1
-0.94765652468475547,-0.18509673817208855,-0.260165925402356,0.17695490975753095,-0.98270379636253413,0.054591286185313899,-0.26577071158258769,0.0056961506928870677,0.96401944105509008,-25.146576628432509,-21.832897879813963,-2.7593531500804618,,0.5036212255944574,0.2941176470588235,0,1
0.017677597373326415,0.98850647435930372,-0.15014144231639459,-0.97575945666820985,0.049816849728931113,0.21310036181491288,0.21813066101231213,0.14273482978175217,0.96542518254575649,15.963606321411794,-13.417599173092137,3.5482983323130912,,0.07912844717170919,0.1818181818181818,0,2
0.79746214747653976,-0.53852341877193521,-0.272115142497241,0.60028810988687187,0.75363971633301363,0.26773375411767303,0.06089588221344433,-0.37685501907190072,0.92426835179495592,10.0929178420428,18.196765672919994,-2.7430683411916412,,0.06218264903810049,0.3333333333333333,0,2
0.92934761686895606,-0.20239771754461075,-0.30878499146286709,0.3377300868104785,0.80393980382382801,0.48950912176453987,0.14916901649799,-0.55921011772001783,0.815495339506355,1.2642606527388081,-9.8432668625451587,0.30512756238732941,,0.6225522058522561,0.3421052631578947,0,1
-0.87694159219723455,0.42712360145132988,-0.22031539428243305,-0.46809444294068542,-0.86297711278997202,0.19015282088029434,-0.10890838518051736,0.26988132926145386,0.95671470760799016,17.780353337604321,-0.32214874346150124,1.9436603115565783,0.1804576576527878,0.1556627300211628,0.4705882352941176,1,2
-0.82309825189751307,0.55850922264425906,-0.10284316187556551,-0.56297952919515948,-0.82626153716241191,0.018598976133246872,-0.074587649315788596,0.073207379596006483,0.99452368606395236,21.192699808618624,11.439837830854689,0.71713238214752706,,0.2549762533995578,0.1333333333333333,0,1
0.96382199484601006,0.16792507050673167,-0.20699838875306875,-0.087715172811502193,0.93315924388684912,0.34859700802957644,0.25170063708641194,-0.31782856423523909,0.91412898053089886,25.805553007234515,-2.3803760272038392,3.5527153404989078,,0.5009267775281722,0.375,0,2
0.52312293898099671,0.84115842663081275,-0.13709446385562177,-0.79794291046580423,0.53991318226889329,0.26791951636571643,0.29938186710161063,-0.030761289313897044,0.95363737381171287,-6.0314234339124955,16.263642742065642,-5.5140638644662889,,0.1640895970384294,0.2173913043478261,0,1
-0.90247902471469943,-0.3426374610704967,-0.26101950161083476,0.32164788285338969,-0.93913595139423667,0.12069094520623333,-0.28648603701740294,0.02496467644504476,0.95775911142836812,38.157143517698778,-3.4448314105330518,6.1135192006109378,,0.1842787403799935,0.6666666666666666,0,1
-0.57802535112052877,0.81576033844322371,-0.020536885961292228,-0.81508011182603246,-0.57597074912060253,0.062466850914026317,0.03912933385137872,0.052846630738862414,0.99783572237713469,7.271479582137605,4.33243371576995,-0.95257926610580912,,0.1989004345091588,0.2549019607843137,0,1
-0.6165204515876983,0.76618922520487476,-0.18126390692593528,-0.78697987631384025,-0.59273406042278265,0.17125713968116427,0.023774083602807299,0.2482345761465849,0.96840817228799336,14.538430200600446,-16.387249338132037,3.6027077569244059,,0.1233430409452681,0.1578947368421053,0,1
-0.57035112572126923,-0.67091710799111892,-0.47388799055611641,0.76340362886002477,-0.64590714517087089,-0.0043427250155922284,-0.30317403060259995,-0.36424468976506535,0.8805744222643106,29.314750035592269,-14.878924550457866,6.2472097297586595,,0.2893580324047834,0.2352941176470588,0,1
-0.71979950797858527,-0.56624332037571101,-0.40156838825245905,0.62202440063577358,-0.78292087007154776,-0.010979809657672274,-0.30817902804619052,-0.25768859760630014,0.91576321903437707,13.454577302813531,-12.466473577678524,2.9243066413386756,,0.3493086968580462,0.3148148148148148,0,1
-0.40234136717741131,-0.82750873147926207,-0.39160020886536023,0.86965016523438443,-0.47912286123968645,0.11895324268511662,-0.28605945949333589,-0.29269537605346374,0.91241405210096449,6.3386543835047933,-15.00424847427969,1.828798465230705,,0.07589149142508675,0.2727272727272727,0,1
0.97113276446046937,-0.059219440734984009,-0.23107187546389796,0.118614191349885,0.96032828436372808,0.25238910408619586,0.20695851613736582,-0.27251173202278001,0.93963052765869881,20.56063615693985,26.209208959181861,-2.2056698152086365,,0.402808028742149,0.4761904761904762,0,1
