axis_00,axis_01,axis_02,axis_10,axis_11,axis_12,axis_20,axis_21,axis_22,location_x,location_y,location_z,dbh,dbh_approximation,score,reconstructed,number_clusters
-0.94841992138255959,-0.2819695595753211,-0.14488899267231967,0.27007296393644337,-0.95799173175516972,0.096500963929464223,-0.16601279130020255,0.052392836930544633,0.98473079761074078,8.3278429919604733,-3.2135443544895668,0.75502564953623685,,0.06988269797621495,0.2307692307692308,0,3
0.97778329591342827,-0.15557212149073296,-0.14048893638840609,0.19839611864957787,0.90318145724082988,0.38066026244029361,0.067666877698439251,-0.40007570572480816,0.91398064714267413,-1.0748974151966026,11.367656227772795,-2.719243978428155,,0.3173838725194413,0.1333333333333333,0,2
-0.31924852939337983,-0.89348230604733059,-0.31586349149673842,0.92612071427108356,-0.36482487040551631,0.09593350057001572,-0.20094974266762189,-0.26190109338058115,0.9439422748282198,14.145638311336176,-8.5475530083979336,2.4469057221927892,,0.1856085132531694,0.3,0,6
-0.64963180339302939,-0.74599913056018374,-0.14650534878894156,0.73274986312221513,-0.66575849289519173,0.14086613231112999,-0.20262319244028901,-0.01584065470148888,0.97912865117099568,-15.175715994569323,-7.6256515583806896,-1.7156125385508247,0.4215545549672071,0.3984737433728293,0.8271604938271605,1,1
0.99067451540037499,-0.054171741937872948,-0.12501770639252391,0.081303934468158492,0.97133387678926031,0.22338345964180534,0.10933286228864665,-0.23146473203700216,0.96668009343671191,-2.4197366379416265,-2.0778487476187171,-1.0702141578352973,0.3802680838404613,0.4232359842856341,0.5572972972972973,1,6
-0.58414276316798486,0.80757225623389339,-0.081266741043126714,-0.80917790766491793,-0.58724657562999871,-0.019302154228621676,-0.063311499630768681,0.054484037773822221,0.99650546593702338,10.987258523409144,9.3439222507844395,-0.65909872261961233,,0.2670366647628798,1,0,2
-0.81359103483174633,-0.55893266905199812,-0.1601995615094397,0.5480485116913304,-0.82921165775027161,0.10977638855401822,-0.19419695382349586,0.0015159543049033559,0.98096138813320255,-12.615816290894578,-5.7644263701090699,-1.7203256174171264,0.2725192799519661,0.2318409537472061,0.6956521739130435,1,4
0.98559600723896679,0.14544338714120569,-0.08629444739668525,-0.092339742365711172,0.89030420072201943,0.44590559780805561,0.14168232950668205,-0.43151436976492302,0.8909104703571179,-12.849318626711351,-16.573079897962064,0.1359634314081189,,0.5339054198053688,0.25,0,1
0.93260204856906914,0.34743894617097282,-0.097670864071019145,-0.31756120251103021,0.91856576507876309,0.23535466403922159,0.17148848843151007,-0.18847576477857889,0.96698944380308838,-2.6017639142107871,17.933305430117382,-3.9573193809534821,,0.7987383184895778,0.6530612244897959,0,1
0.32307903366995355,-0.90231309971686002,-0.28539622997201874,0.9414061856316126,0.27556876539220776,0.19446400488201498,-0.096821132287465694,-0.33150101903247114,0.93847362388242295,10.444914409709229,9.9166348268653888,-0.87142854675002179,0.7628689220004656,0.4393611014245014,0.6153846153846154,1,5
-0.89286703049331528,-0.41163812374288744,-0.18259934539719638,0.4132787878816066,-0.91008385780985313,0.030789856138751716,-0.17885499530390353,-0.047973188713804529,0.98270517644890365,-10.157142420612859,10.69121954944554,-3.9297390552255118,0.5890091011822578,0.4920174257176049,0.1875,1,4
-0.48168816083414245,0.87630584741545725,0.0080360125496709584,-0.87268569859844924,-0.48049475998386232,0.086858834264492132,0.07997616628694601,0.034825958903205251,0.9961882178647341,20.89838842299897,-4.8175935587806986,2.8588750685984978,,0.2729580682282335,0.125,0,1
-0.98222606486643127,0.084073555456471577,-0.16782012623613449,-0.084823158331549381,-0.99639233725958065,-0.0027096237838404938,-0.1674424955250769,0.011573570032477984,0.98581390899552523,17.816337968409883,-11.030193796545134,3.3615739188093667,,0.2334723171544371,0.2631578947368421,0,2
-0.81020378699880213,-0.55627487747999493,-0.18473787975782258,0.55356032523021104,-0.82978770510273492,0.070875459725905365,-0.19271945896515499,-0.044839994925870368,0.98022884317450365,-12.577647375796657,7.0849917037561614,-3.8139492090289511,,0.1372752538333342,0.1666666666666667,0,3
-0.67744797677991675,-0.71291248747206681,-0.1811629762484229,0.70714716563854452,-0.69901216097173924,0.10641844268260477,-0.2025021602012414,-0.05601592648531515,0.9776784190590595,-12.336020147363334,-6.6020487217084591,-1.5427535187947161,,0.06768884527404527,0.3513513513513514,0,3
0.57729576753410405,0.81450681287101512,-0.057517376278057558,-0.79106557322664661,0.5753555084004246,0.20780110155840459,0.20234835221174255,-0.074462680182697111,0.97647859864781617,-11.769517475109183,0.65741410572480452,-2.6788319486852048,,0.1096168730442889,0.4060606060606061,0,2
-0.78135837411662656,-0.55547372659180927,-0.2844785233792344,0.58892839992053669,-0.80711400142928291,-0.041597217020460882,-0.20650043817110411,-0.20003981544437346,0.95777953688316153,1.7866305859511418,8.1984742981756131,-1.8540218417676846,,0.5527540004524876,0.303030303030303,0,2
-0.42821094291777162,0.89591303000852673,0.1182168813089515,-0.89907123552186852,-0.43555990763331298,0.044254720874064214,0.091138914974089644,-0.087335041783935155,0.99200115355474527,-2.1293437389726702,-2.8607418848688244,-0.91302826039757579,0.2007608562874341,0.1479592674147375,0.4269662921348314,1,1
0.96067447199313094,0.26130789457745962,-0.093929458064096902,-0.23417054603237855,0.94418639814158822,0.23168124856213998,0.14922705596378089,-0.20057474864974809,0.96824638185354128,-4.1778595508627951,7.7884748405471642,-2.7097069794942903,,0.07149774804830962,0.1641791044776119,0,2
-0.99517906137803192,-0.044007105848792367,-0.087647078842105375,0.049960694471658636,-0.99650583336047205,-0.066933198686914538,-0.084395288983749886,-0.070989426771636721,0.99390036547130101,6.5263386805401753,3.064299659890628,-0.46814811174098597,,0.7271039078021392,0.2393162393162393,0,3
0.98610052083408739,-0.10528589058866371,-0.12853265753765747,0.13069775800628061,0.9691816080705048,0.20881835798128634,0.10258586093060035,-0.22271482173582635,0.96947111835077682,-7.2490865954804251,-7.2699412818786451,-0.84017689232933934,,0.08645384361369605,0.3809523809523809,0,5
0.96666289576051778,-0.19923411770459096,-0.16083722300003678,0.2415444498964705,0.91797705460663714,0.31460198019073893,0.084965432289265577,-0.3429633997355927,0.93549825320932722,-15.995511032214964,-0.73947387423481614,-2.9839054073942455,,0.2211026682053565,0.1521739130434783,0,1
0.89889542299351255,-0.40385811323299603,-0.16995776798133946,0.43562197907557981,0.86542827600094974,0.24752250492490266,0.047122286315383961,-0.29653418601218351,0.95385898677870773,-0.20501751977582947,-6.0167416326981122,-0.098938058203899726,,0.1396971927951514,0.1621621621621622,0,5
-0.88238880945892384,-0.43897792267013924,-0.16937642206007278,0.43691813179690819,-0.89803786031084198,0.051288863853896485,-0.17462111856462895,-0.028746910382391147,0.98421597228184854,0.02881727207999172,-4.4559622403098338,-0.29877327508839407,0.863741166096345,0.7228341405774387,0.9758162031438936,1,4
-0.38644553886983496,-0.88490126714461381,-0.26001844721761525,0.90304316407608498,-0.42035037648313722,0.088422874902018639,-0.18754436622585127,-0.20063725575361513,0.96154656793137316,-14.570882948446618,-6.9875520028787941,-1.7690360348578604,0.8569583837735145,0.6280633314468299,0.618421052631579,1,3
0.98187403816068675,0.14867281046919839,-0.11755751193868749,-0.11778931721082081,0.96457171216205928,0.23606585701401359,0.14848922498630496,-0.21793991723395209,0.96459999094911031,2.7874361453870495,11.026468677743594,-2.1902342837608204,,0.08137647264988278,0.2692307692307692,0,2
-0.97523272619562595,0.19339902107616319,-0.10732170518505789,-0.20082379650831475,-0.97758461303486399,0.063230745001636293,-0.092687283448343621,0.083217444110335673,0.9922116329103936,-21.505799665945112,6.8978996692823182,-4.9542062188040061,,0.1380672054250578,0.25,0,1
-0.73059559327761703,-0.65288876342926738,-0.19991583646907382,0.6528511548023227,-0.75370374487139302,0.075604461773840129,-0.20003861816309568,-0.075278998098013528,0.97689181780213474,-16.213521214742581,-3.7880893482149798,-2.4725857722317848,,0.2491427490382659,0.25,0,1
0.13870975777124606,-0.96667149464929192,-0.21518788193470523,0.98159659830169266,0.10540274746186233,0.15924314437373605,-0.13125441440799573,-0.23331627088566564,0.96350184039181763,0.082437269948948025,-7.575235822358418,0.20160901214343419,0.7782677400552813,0.7860418264971362,0.6952380952380952,1,2
-0.69119171228258636,-0.69743303249586164,-0.1893176749685383,0.694826963207682,-0.71336905943113271,0.091214451957632628,-0.19866934356225491,-0.068496351946414721,0.97767005768744708,-5.3064690195380342,5.7350249584212882,-2.624156821252019,,0.07534957691806915,0.2058823529411765,0,4
-0.96007367090117146,-0.22097931183614072,-0.17154209449221575,0.22709334325968103,-0.97373108060792679,-0.016625164819062094,-0.16336205155877348,-0.054917450765179343,0.98503650374590912,-12.73762659472966,-10.579529233470721,-0.91022335318866443,,0.09690561801850968,0.5384615384615384,0,5
0.97309048855837221,-0.17290994940117491,-0.15230577952037561,0.21947091163998575,0.89686043892584044,0.38402327017208149,0.070195584057258162,-0.40711607986891069,0.91067506690972333,14.48120360994765,-0.60897573831210783,1.299584284579137,,0.4180358871789435,0.5277777777777778,0,4
0.30818478411871253,0.95022666995056859,-0.045731986096787421,-0.93298141542580848,0.31128741367254958,0.18068155566938973,0.18592422463939035,-0.013016213109389867,0.98247786788738101,-7.5723977533115017,-12.052443121833752,-0.04831923239891478,,0.3674729151425726,0.6542056074766355,0,5
-0.84249946557511468,-0.47254565956332101,-0.25864116094216566,0.49037529653902995,-0.87149644800125858,-0.0050999672005793313,-0.22299488570347031,-0.13112795563515225,0.96596000962826689,-12.97838347877927,-15.190044820444625,-0.1482043036727328,,0.2500273064273534,0.2666666666666667,0,2
-0.85028670290825503,0.52545460600691463,-0.030165872828860293,-0.5250264445580517,-0.85081852570669114,-0.021332342323880663,-0.036874860977905793,-0.0023007260615560059,0.99931724256486754,-9.8228040120591391,-3.4123541500796715,-1.7544546978729829,,0.2559707439198013,0.3247863247863248,0,4
0.98215572306509025,-0.11362841388547118,-0.14986233418828432,0.15397045324215694,0.94338984366320644,0.29378342771762089,0.10799645910349862,-0.31161544639343852,0.94405115242243309,-15.824381033248399,-11.109243405694746,-1.2308934029309608,,0.5819871508820725,0.6097560975609756,0,3
-0.12744061432722642,0.98626038880076761,-0.10511581851680395,-0.98119868609028127,-0.10987535670866787,0.15867118327802246,0.14494146485600284,0.12336065608897169,0.98171998059257937,8.3700975028976536,-2.3067683837625017,0.61814659940067973,0.1744062707625857,0.1749715559681037,0.4459459459459459,1,5
0.99156935491037423,-0.013431414270248826,-0.12887905769877997,0.050897905977150021,0.95504276501042196,0.29206629413266638,0.11916214822570838,-0.29616366102536779,0.94767476927387173,-25.594674379477105,9.9261164403152584,-5.8185506112024274,,0.6183294707758604,0.2941176470588235,0,1
-0.84311002845667882,-0.50697321439904564,-0.17928647410688195,0.51488557978839167,-0.85725437764917878,0.0027877817867922247,-0.15510744547490388,-0.089961613387145131,0.9837929601674491,-12.845628954920352,5.6002158160651501,-3.6571996336755381,0.4373243838980617,0.192342486833653,0.248,1,2
0.48291474898225867,-0.85476077453157251,-0.19020347929937212,0.87203286835785621,0.44965911040461748,0.19330121813815807,-0.079699571636049737,-0.25921169486022932,0.96252650640318271,-19.973036415719633,7.4749960869498535,-4.8509231929482057,,0.1081857091411124,0.3333333333333333,0,2
0.77613444556288469,0.62796168470952696,0.057266438230123895,-0.60507958327670996,0.71612556547812856,0.34791216186030527,0.17746554683226531,-0.3046773654300578,0.93577651321355704,6.0435868390116587,7.6458873114194796,-1.182242969071359,,0.51329067895853,0.32,0,3
-0.32969247688101117,-0.91849816446249422,-0.21832084776102464,0.92422649663762613,-0.3611929333215973,0.12387512999581206,-0.19263502693176865,-0.16093721383685189,0.96798293352797715,2.4580148933762564,18.592115655290112,-3.2940978714352505,,0.07180624696405105,0.3636363636363636,0,1
0.89050511142463251,-0.4099155900627397,-0.19740784065005959,0.4531423638438915,0.83797246495272615,0.30407917730588324,0.040775539439391835,-0.36023791722217241,0.93196888273099499,9.3285239425008353,2.9261322104290559,-0.0043056723356480649,,0.09212532296866825,0.375,0,1
0.49081305997992758,-0.8041639160223566,-0.33529529719447176,0.86776608637281261,0.41673943568005817,0.27075867869798653,-0.078003586419810367,-0.42384978343353658,0.90236733184939288,3.3491377830820683,-9.5741991214958784,1.02906755627194,,0.1047478005396234,0.4,0,1
0.46079179812176885,0.88750007901256223,-0.003811631724512001,-0.86470240306088675,0.44991426619402625,0.22330899492814649,0.19990165813328156,-0.099603026197936942,0.97474025475907089,-2.6117795507221007,-4.3728829216456537,-0.7404532963357402,,0.5252377015453599,0.2666666666666667,0,3
-0.27365879609898447,0.95806064727653462,0.085033284410994878,-0.94840067925117466,-0.28350238645811321,0.14199488888148012,0.16014685421063904,-0.041787474350831022,0.98620829041020264,3.149625738791987,10.060727519306727,-1.9694580108323627,,0.507383562811321,0.6290322580645161,0,5
-0.38993134255171347,-0.86502469285237027,-0.31573062704064803,0.90801480864576756,-0.41822541972167238,0.024425510815962739,-0.15317524400440224,-0.27716381267094259,0.94853443035553486,11.251543296074788,-6.7525905372409554,1.6551478275674432,,0.5473884449840187,0.4418604651162791,0,4
0.85458212357109908,-0.46168601545032295,-0.23777177547033226,0.5186915531384596,0.78128357892141642,0.34721037140407279,0.025465010809387581,-0.4200499880315986,0.90714361640212815,-13.222119924303227,13.818348493843633,-4.8019526675053328,,0.5735591339502553,0.4791666666666667,0,2
-0.34465808537881676,-0.89492903643741539,-0.28339517272565967,0.91854051951396176,-0.38378300720858644,0.094836266211583767,-0.19363397995710543,-0.2276238632462162,0.9543024985227897,-10.700875664401455,-10.877194038441562,-0.60644992597625769,,0.09846618796970752,0.24,0,1
-0.90619388738493989,-0.33915269179685886,-0.25256304185909001,0.38321582572894697,-0.91116156777784296,-0.15142730373187421,-0.17876875951086366,-0.23400865165965296,0.95565772197548826,-2.9703025961307343,23.912676769103935,-4.8639565797569819,,0.4061075237619673,0.2608695652173913,0,1
-0.54029067221457983,0.84101208056867716,-0.028011959150750332,-0.84117725340200933,-0.53890733848028294,0.044718104735665593,0.022512615951280811,0.047723797728632091,0.99860684017955148,-3.3398762459156357,13.504118961453942,-3.3544704721939107,,0.1365296430668968,0.1111111111111111,0,3
-0.57468568123187813,-0.73141051673682034,-0.36711717992192755,0.79112146491237323,-0.61131567103879159,-0.020493367153588044,-0.20943542093435885,-0.30221152583772948,0.92994892231180049,1.0125981493355591,-14.743068796714002,1.6431781213901837,,0.431375319476379,0.1764705882352941,0,3
0.99198371910446625,0.019951972608670297,-0.12478068688981922,0.0088087432108811484,0.97413646452367464,0.22578873871023955,0.12605834789777706,-0.22507791378617975,0.96615176119021029,-6.3023153871042048,11.134106229916467,-3.4512584685303445,,0.1039906834819705,0.3103448275862069,0,1
-0.2952416580860095,-0.93285812955491476,-0.20641723148499277,0.93466583722533203,-0.32679561526864354,0.14001570827966664,-0.1980710378992647,-0.15159266461308027,0.96839430398005433,-14.716002089046984,9.3574429026812158,-4.3878622921376165,,0.3132042950776646,0.3617021276595745,0,5
0.69861521231075696,-0.64695945070260075,-0.30558182909751885,0.7150081129026602,0.61546721387735481,0.33160745939351693,-0.026460982811918769,-0.45015950260839283,0.8925560142646467,6.976588401310849,-5.8070660530284552,0.90669892784312123,,0.4297936894161057,0.375,0,1
0.94445189321147005,0.28878232449161012,-0.15689292677010833,-0.24226094337397922,0.93432972576492601,0.26141461104457375,0.22208164427709434,-0.20888449586615693,0.95239015674350713,12.685855687647875,-7.4347708561259154,2.030038933798282,,0.1532482887382735,0.6,0,2
-0.97728896689086375,-0.13040914168843162,-0.16703212552522223,0.14974033709282325,-0.98271315104464674,-0.10887007950409135,-0.1499470127768964,-0.13140897430535728,0.97992222897090053,-15.716121537497388,8.9226522219522924,-4.4534801065648901,0.7740546003404463,0.33663890220499,0.1052631578947368,1,1
-0.4779441290205802,-0.85855015835740756,-0.18563683664410258,0.85495402493827255,-0.5031775137593012,0.1259603306158554,-0.20155154372171516,-0.098508960158344816,0.97451165205548751,-11.701710778315441,7.5802528606562563,-3.7157340016259028,,0.06633517087126341,0.2702702702702703,0,3
-0.58682338930184341,-0.73096881406117442,-0.34831437328697212,0.78380849234163052,-0.62074657070510486,-0.017830936346445985,-0.20318109435042392,-0.28347537428822867,0.93720817061670547,1.3963888878284596,-10.534873364802591,0.95305931914723363,,0.4008438436929206,0.6216216216216216,0,3
0.14015399621464419,-0.97679017248122879,-0.16198091334832404,0.97943887299951704,0.11279715964737368,0.16726115757378054,-0.14510806801312473,-0.18209272286276751,0.97251523837825937,-12.199163962807846,-2.8191557816014714,-2.1438095399040167,,0.09485513353094405,0.1081081081081081,0,2
-0.20659776092477453,-0.91022630124506765,-0.35889475574685153,0.95972120735915212,-0.25990357671137365,0.10670208506737497,-0.19040107490757485,-0.32239449643931206,0.92725898180588251,-5.96954767686164,-9.0015660712238184,-0.38288815184737468,,0.197314583027922,0.2272727272727273,0,5
0.78956422864103137,-0.53475474863516237,-0.30104100661311439,0.61366556370518854,0.68939185539708181,0.38490706103494848,0.0017043394279770572,-0.48864734576615998,0.87247972280323016,-5.9798412958706102,13.960625065219865,-3.8270546463763151,,0.3398648605960269,0.1785714285714286,0,1
0.99067272631052194,-0.029562163019018733,-0.13301739684009362,0.072154546445557022,0.94189909894319412,0.3280545821006543,0.11559096319225783,-0.3345925371666798,0.9352467927240653,-2.8224029798034826,11.726373151297251,-3.0266265481784065,,0.1112572897073078,0.3125,0,1
-0.043122885385485643,-0.93688924398762019,-0.34695671380784099,0.98553323136593685,-0.096864765473677561,0.13907360311412145,-0.16390444359273798,-0.33594011625591136,0.92751257223852257,-16.055678744884172,6.8894615822330367,-4.2175730077647104,,0.6527607087669178,0.2359550561797753,0,2
0.57186305859166497,-0.80634745412717179,-0.15091860535008778,0.81837439215619934,0.5479924606652542,0.17311157476324882,-0.056885819684328216,-0.22250403654017051,0.97327075227922777,-8.7795450994735766,4.6506060213411544,-2.8830817276616938,,0.07588466619230734,0.1793103448275862,0,3
0.9890314761148602,-0.029677105023949178,-0.14469280801566392,0.067726360171977279,0.96167605291314506,0.26569213272366243,0.13126263517054607,-0.2725773994497529,0.9531378084607145,17.739773833920999,-7.638667184227395,2.8250064551458078,,0.2785595092151291,0.1333333333333333,0,5
0.49371765268300183,-0.85400323898001829,-0.16407725997475761,0.8657916692057247,0.46502467702095202,0.18481567924698242,-0.081533213864970699,-0.23330348812908183,0.96897978176206156,-11.791259573767549,13.463563435097148,-4.5647697114866288,0.1578810488705576,0.1228288586781295,0.3658536585365854,1,4
-0.93956214396548843,-0.31608746632353513,-0.13157390037596173,0.29838012267489133,-0.94440578739053893,0.13808334851014067,-0.1679055687566445,0.090478850437128028,0.98164214335168221,-17.790942892833222,9.5479875655724626,-4.858124229670568,,0.0862563729962758,0.3428571428571429,0,2
-0.6321909146111242,-0.75428626462590287,-0.17716342308685987,0.74785335108492335,-0.65381998214246062,0.11504258438631995,-0.20260802736861533,-0.059763383002769184,0.97743456317948174,-12.17313919069508,10.771866541175278,-4.2209338229139481,,0.0862215701872981,0.4615384615384616,0,4
-0.75831772593853852,-0.61678167893965408,-0.21103219434907297,0.6226198033906879,-0.78118055275946119,0.045842386676124065,-0.19312899045235152,-0.096629728938891699,0.9764035479923513,6.0928161713148343,-7.7635126052070058,1.1099771928184812,0.1892487882956966,0.2200300745601156,0.125,1,4
-0.70417641552093335,-0.69618985664188315,-0.13948211115782549,0.68086972666293144,-0.71781909946098954,0.14543780719936039,-0.20137524956666056,0.0074447268564728523,0.97948587784816887,3.5704347123458535,13.114544789704821,-2.3456895464347296,,0.1200343719941788,0.4090909090909091,0,4
-0.99187026910099119,0.027080601221362396,-0.12433828980252465,-0.038964497066303783,-0.99479396617041793,0.094163330651049315,-0.12114098085246403,0.098242587040541604,0.98776174093233859,-14.435141375592279,-2.7194474255506966,-2.4482938041947255,,0.0956069681405481,0.3333333333333333,0,1
-0.79184411329508619,-0.58833351272244971,-0.16384925403425263,0.57847897322670261,-0.80856211931022637,0.10765396765161024,-0.19581873703631592,-0.0095381876799084352,0.98059372076374451,-5.8932649405023048,28.044674534236272,-5.8897312155827821,,0.314027301526214,0.3333333333333333,0,1
0.87134971521390192,-0.4668961183490381,-0.15085651615775236,0.48963640060236779,0.84728322188726368,0.20583327503952453,0.031715437909804495,-0.25321760716612912,0.9668893289406244,7.6940627170283973,7.1150916095055958,-0.86765733532594413,0.2465262138292137,0.2167131712694258,0.4666666666666667,1,5
0.01048709371680611,-0.97691569049291715,-0.21336765109575481,0.98727078026493731,-0.023749958402937973,0.15726520883818593,-0.15870232292072617,-0.21230090236408217,0.96423124796646165,0.64012874707862899,9.9817250810909357,-2.2850278179753944,,0.1076345938756646,0.21875,0,5
-0.96180618485411584,0.27057150115013645,-0.041471985022804407,-0.26143941852827368,-0.95290322031592078,-0.15370388137957205,-0.081106677998597332,-0.13699093209738064,0.9872462667982711,10.308790545672524,-5.2256230119711748,1.3012158688273348,1.170999916193169,0.3528567763026009,0.1470588235294118,1,1
0.098742075593046832,-0.96573520630095988,-0.24001148684681678,0.9787523212629694,0.050695558996837954,0.19868028065297993,-0.17970502533297658,-0.25452990317218294,0.95022135961113496,-9.9182916131109078,-5.3231004212989799,-1.4465691673297438,,0.2319482374329443,0.1090909090909091,0,4
-0.33860608141986298,-0.86724591989627564,-0.36500744656615952,0.92087243450667067,-0.38510470612114323,0.06073157901047023,-0.19323529954757834,-0.31556121394526682,0.92902165704688899,-17.974816230056092,10.722198670199528,-4.9767625098468979,,0.490623849038601,0.3125,0,1
-0.98741333920866037,-0.063322635718507853,-0.14493150574828345,0.065588977408895674,-0.9977871016393226,-0.01090806328619932,-0.14392005973893615,-0.020276676450086996,0.98938156077262751,-8.1787804563411619,-9.0874924390689671,-0.64868517632887324,,0.2958855929758085,0.16,0,4
-0.5784727330676207,-0.79450782065145142,-0.18473391681269313,0.78971980367879846,-0.60219975440833939,0.11703882889048407,-0.20423498420887093,-0.078184261294823601,0.97579469793137641,-5.7457674706607413,-18.412240223642204,1.420948389649423,,0.1710156404367998,0.4583333333333333,0,5
0.77666746167912082,0.62295218238973793,0.09337147543428391,-0.59967810075100014,0.68585240942340997,0.41230164681671694,0.19280515928933439,-0.37621410253201076,0.90625003150755767,4.558453600156068,3.7173060283812225,-0.86595764199768621,,0.3170270657672866,0.1379310344827586,0,3
0.21268099768022838,-0.91549917206728948,-0.34150850526721971,0.96914971478635858,0.15308822297691879,0.19316528237571237,-0.12456172588424645,-0.37205545544969121,0.91981471749198562,-16.291775040623023,11.069982927675367,-4.8268729539767543,,0.22579552689966,0.1739130434782609,0,2
-0.98854410635186518,0.0043829956625342217,-0.15086861551035963,-0.017673262295546058,-0.99606339860423876,0.086864041817110271,-0.14989398118945055,0.088535277206286872,0.98473006407501418,4.3168557601421487,-6.5630991274617374,0.67437008905162232,,0.5135137991096047,0.851063829787234,0,2
0.99202009364371957,0.011651586855892501,-0.12554032949951302,0.012566957884483388,0.98162418603860768,0.19041015979608664,0.12545200427508651,-0.19046836458525396,0.97364449195565428,-18.18395438182003,-3.3893324519304682,-2.7354937717642067,0.4535278552970561,0.4177619185031418,0.9044585987261147,1,1
-0.79176753043240888,-0.55450480816130832,-0.25618078670921779,0.57839224806238565,-0.81544636777407742,-0.022574956598006613,-0.19638377003790988,-0.16604709877035767,0.9663652393663813,-3.2560986031216008,-14.047305039891617,0.93380451288279098,,0.5628947863558933,0.4383561643835616,0,5
-0.90300806080461904,-0.38012933723705589,-0.20019522744960408,0.39341366866633376,-0.91887894917710888,-0.029785265915697634,-0.17263292683720086,-0.10565587409552389,0.9793031751407395,-3.8934371245700197,-22.831013007838745,2.4848555764376488,,0.6191977795857373,0.54,0,5
0.57228684484216386,-0.74701432659145961,-0.33831547864043737,0.8177816052977096,0.48918309601412485,0.30320478988751964,-0.06100010866630081,-0.45018828776540004,0.89084762574839704,3.995065628615083,1.8522011861279446,-0.65883882297559349,0.6488214328594689,0.5357043706846647,0.3170731707317073,1,4
-0.72549371698934739,-0.59985813639001107,-0.33738565887672695,0.65843921925250304,-0.74763469498497492,-0.08660344915115846,-0.20029144055384568,-0.28497820804655538,0.93737439680174717,-6.2831168522886278,-13.827379726026612,0.44129810231174932,,0.4151095453424108,0.4090909090909091,0,1
-0.97285043136730354,0.22063542113425672,-0.06987166184769722,-0.21408924211052366,-0.97262033047654384,-0.090418411599840334,-0.087908103158874026,-0.073004819598474838,0.99344977815408542,-0.6172948665796999,-15.361243117321425,1.5239392283050821,,0.3291845278141527,0.2,0,5
-0.86792661091680068,-0.42404048195277583,-0.25863694192387587,0.46230912835787186,-0.88005028468211244,-0.10854384491033027,-0.18158653006063408,-0.21377831063087449,0.95985684662055137,-0.28780200283621349,-9.393239341304799,0.49848764631440651,,0.3509234721165711,0.2916666666666667,0,3
-0.66434382895133848,-0.72342333491642163,-0.18789879039705687,0.71971991742246089,-0.6869859180610185,0.10026758624433418,-0.20161973464837318,-0.068622349743080582,0.9770570381078364,12.529971154189516,-6.4898576646565349,1.835016442445625,,0.1251594661997082,0.3548387096774194,0,5
0.47529166541632306,0.87264154804342231,-0.1122254936017559,-0.85670856280202412,0.48807069177825668,0.16684555207971288,0.20037033514836533,0.016844241018035454,0.97957541840179874,1.2031274977148603,-8.0412761140044253,0.41465079360233514,,0.6020935440034541,0.4,0,1
0.98979276021144402,-0.038132095259989632,-0.13731800735553087,0.079266803045707435,0.94804844164413571,0.30809239885306905,0.11843591418114505,-0.31583238530462421,0.9413940931538014,3.5767686312054479,14.804492539181938,-2.568583947540362,,0.1909806238269906,0.3571428571428572,0,5
0.86352046927007431,0.50317322330664083,-0.033898473399214979,-0.46413447817796666,0.81921700265770958,0.33684223120473739,0.19726019699386538,-0.27513671129771922,0.94095069200156201,0.44747580660695835,-13.185887287569296,1.2524489227769189,,0.1805529516842203,0.4285714285714285,0,2
-0.75214872701210211,-0.63526562970115241,-0.17524232415279153,0.62541371249899214,-0.77192462764466663,0.1139739332210221,-0.20767758827639932,-0.023873603750595062,0.97790596192663515,-4.6182176317858881,-10.629826591350151,0.084332622165026058,0.4266027932766326,0.4508758946295945,0.71875,1,5
-0.65038415825046536,-0.7108231935448821,-0.26782612683509416,0.73208530175589204,-0.68061254365396695,0.028595041071143131,-0.20261183985596051,-0.17747380916498898,0.96304282844048594,2.3659080455220614,6.4818232930348625,-1.5489629820134287,,0.2100553045438904,0.1785714285714286,0,1
0.69937974335709396,-0.6967599976683978,-0.15935331885750026,0.71432131261933218,0.67364397167961831,0.18960185061729642,-0.024759582378536208,-0.24643316552129138,0.96884346414247802,-11.538217470796958,5.0531566019188077,-3.3836136154373881,0.6111787382263132,0.5549385465035114,0.9305210918114144,1,5
-0.66758632105499272,-0.70061671931223624,-0.25192204460987849,0.72156141232786541,-0.69222786378215428,0.013027388188471928,-0.18351466475374281,-0.17308032015153008,0.96765984240153713,20.433404411222266,0.13349516688815488,2.0706684410669904,,0.5698742108237964,0.3448275862068966,1,5
-0.86768918197366329,-0.47884595851220191,-0.13349918165443805,0.46112435886148029,-0.87562876412454393,0.14366138347625379,-0.18568739631558942,0.063093703760780384,0.98058114166818622,-10.252723923980366,7.5203741651060003,-3.5343379998229074,,0.07174149273850546,0.2814814814814815,0,5
-0.68725129365421611,-0.66497220831780446,-0.2923997632275892,0.69047751228181775,-0.72303621605986501,0.021434441885561664,-0.22566892653557799,-0.18716461319056998,0.95605593098181552,10.596354055548577,-2.1075175604175276,0.93053279205689832,,0.4566655239670789,0.3703703703703703,0,3
-0.5260552158420968,-0.830424719293132,-0.18346851357180516,0.82613130638358423,-0.55020067681316154,0.12159884805083854,-0.2019231896000977,-0.087601374539795621,0.9754757940002724,2.4546998206684947,-8.1100236313908294,0.6373179302977412,,0.08881252414694904,0.3684210526315789,0,1
0.94765962564047668,-0.24985568053408286,-0.19877970931612349,0.30916856414438404,0.8735622806605513,0.37590389829321597,0.079724731895768106,-0.4176853848436487,0.90508722585845935,-13.373003985809797,12.669108239332987,-4.6606724465514855,,0.6059162681124012,0.4133333333333333,0,3
-0.97887891855320741,0.18672066160547204,-0.083255374251262032,-0.1861783344063227,-0.98241189804835127,-0.014300012962334416,-0.084461178122202052,0.0015023656846081576,0.99642563811232798,7.5737879462794035,5.6732817332723098,-0.6823033813901338,0.3040682807648558,0.1204955606531367,0.1666666666666667,1,4
0.32316051772952714,-0.93098931917862815,-0.16978270629277575,0.93969780741455244,0.29445856705746348,0.17396029152294548,-0.11196120096295371,-0.21576153471316481,0.97000600493870848,-6.048286063474797,10.092416198622692,-3.2527683562867424,0.8314731024018213,0.7993125525889527,0.9804878048780488,1,3
-0.97582334328009757,-0.1707705709680454,-0.13640459963249293,0.15349508030609682,-0.97975710418086481,0.12851177817208279,-0.15558940526744694,0.1044673580520416,0.98228229550885671,3.7457030558413158,8.2455689041318863,-1.5733012638556112,,0.267060702111116,0.6935483870967742,0,4
-0.062626069844662485,0.98127519303307964,0.18214546635506396,-0.98634607392240958,-0.088705444241427761,0.13875433910252741,0.15231348539659795,-0.17096882669019894,0.97343220743229852,-11.605402826932789,-5.3481480721855661,-1.6168255829069065,,0.135743463703503,0.35,0,1
0.86171555334926175,-0.48634171329996456,-0.14463071257665888,0.50624614919976219,0.80495786879254727,0.30944735560248893,-0.034075526942203012,-0.33987434056341553,0.93985333488273393,12.019132548597023,4.9739691407117856,0.10126605895568365,0.753603874106053,0.8010665457588044,0.3880597014925373,1,3
0.058277378780467043,-0.97555200448293866,-0.21190099969513529,0.98211191554368893,0.017955126016960424,0.18744012056339585,-0.17905287618349855,-0.21903401562094149,0.9591476255151663,16.522481415586114,-3.556267198853893,2.0061242938695458,,0.1486224033075979,0.1428571428571428,0,3
-0.29866869424592196,0.95221248646539447,0.063940532503471273,-0.94770043544878002,-0.30381841016594952,0.097766345407955868,0.11252064578391309,-0.031396723772176643,0.99315323591515592,-13.653395836701295,-10.06892192982529,-1.1241366980643361,,0.1868655358516634,0.5555555555555556,0,2
-0.9272690124851144,0.37391986568882113,-0.018870944018095914,-0.37312242960289382,-0.92709422192052804,-0.035720529234647309,-0.030851758655115431,-0.02608136738792495,0.99918363240350472,11.981668306360671,7.404221677167965,-0.25211818280722531,,0.5014296721221508,0.4166666666666667,0,4
0.48852365148541815,0.87200464299916924,0.030863320094325689,-0.84912244086847555,0.46696763792992008,0.24684469923357169,0.20083755214828572,-0.14679621151120309,0.96856344651914394,-12.259894533781532,15.529582747438749,-4.906958492640018,,0.6772416347381116,0.5600000000000001,0,1
-0.59799168550625781,0.79972171401393188,0.053395919319769281,-0.79973686101541719,-0.59976825685482216,0.026438441756928777,0.053168573411287418,-0.026892716559439974,0.99822336408113688,-11.184973013836487,-6.8450545991647607,-1.3496908483492991,,0.3464803345129686,0.1818181818181818,0,1
-0.27078962833915599,0.95661503250504032,0.10752049464787462,-0.95417482856534519,-0.28150794448569083,0.10150701317512971,0.12737100814642408,-0.075106303176385628,0.98900741630532873,15.670516797760092,10.583397733344793,-0.23197727500665863,,0.4573384326301524,0.4791666666666667,0,3
-0.038120711906474411,0.99492464142536119,0.093122334637614032,-0.99511652087418756,-0.046287979787626062,0.087181034694664802,0.09104900442616376,-0.089344170552960733,0.9918304784494214,6.8275603469520982,-2.2974082573468562,0.37185534141632637,,0.3889525645623606,0.1515151515151515,0,4
-0.94348410990212406,-0.30004775091398889,-0.14074473891998368,0.28583993097742588,-0.95163640910845249,0.11262183943618785,-0.16772974757334444,0.066026449477667601,0.98361945880932833,-17.113547559301765,7.578777693398302,-4.4261425033041384,,0.08127524764750586,0.4090909090909091,0,1
-0.065187548928840031,-0.96814494508040505,-0.24175596948143974,0.98454453702170319,-0.10186599100756172,0.14246183522883682,-0.16255041705689655,-0.22873278119086488,0.95982221099707965,14.147999524142479,-9.6830327774400242,2.5631710450182732,,0.3065544662293316,0.1818181818181818,0,2
0.12162759779500137,0.98154859445314036,0.14754349928642213,-0.97824403320455422,0.09337067789359399,0.18525800390098712,0.168063496793042,-0.16686603380183695,0.97155050708079016,6.8386008609808133,8.8158677766741196,-1.2290378455303674,,0.4505511851248778,0.3636363636363636,0,2
-0.78100754594161881,0.62175194393609134,-0.05875145439851838,-0.62452050978074003,-0.77736780834681651,0.07532213093952328,0.0011601919900932174,0.095518640891493006,0.99542696527509633,-9.1833905198989427,15.84420363516689,-4.5724682287533236,,0.6936195018299929,0.4545454545454545,0,1
0.90111684749406773,0.41901808281318981,-0.11141038298969903,-0.38949747455089928,0.89520849010563397,0.21654901653265837,0.19047347448089524,-0.15174190429261367,0.96989393750081099,12.280299684982552,2.4664203500900608,0.51023708394307787,,0.1099304066490877,0.2857142857142857,1,3
-0.73685689121072195,-0.63558364154644542,-0.23038089433334094,0.6458777057793218,-0.76250309139172212,0.037828888369965022,-0.19970956675259843,-0.12092340640515677,0.97236496169435449,15.241723517253408,9.5636659789816107,-0.056315967321652297,,0.5887490340600188,0.4,0,1
0.91725896086833214,0.39573025304169696,-0.045095072173162852,-0.35645767240813764,0.86614963065379491,0.35031806276535099,0.17769053573030058,-0.30525789776163043,0.93554459507071608,13.838589135257839,-6.783063127368707,2.0765689128587361,,0.2119712808090746,0.15,0,4
-0.91853906014166575,-0.36066373175469441,-0.16188782409694483,0.35160145625344702,-0.93250462876755646,0.082532013713086605,-0.18072744936650043,0.018888883605429937,0.98335181858865761,2.7443281933917492,14.138893857528652,-2.608172966340339,,0.4500447578807507,0.3571428571428572,0,2
-0.98836243477626518,-0.072535421059720481,-0.13370979849966558,0.092076335052338545,-0.98494631309397962,-0.14629664673499743,-0.12108528418623636,-0.15690561817304136,0.98016273186612934,14.041020206504063,-3.1012729782300017,1.5798623075171365,,0.5282281471557355,0.2307692307692308,0,2
-0.6886896926299283,0.71886182012072575,-0.094573732283397646,-0.72402835387633013,-0.67489514512839222,0.14247626421708881,0.038593393844360523,0.16659599831581651,0.98526967034245549,-6.6367645646768292,-8.3367885603796239,-0.54518925482314573,,0.5312278201395875,0.7021276595744681,0,2
0.98597483763032656,0.1386664430409742,-0.092872154783955663,-0.089215005272504339,0.90821138497166298,0.40889211662990044,0.14104716372220261,-0.39487174852376739,0.90784470027846975,-13.638080451970954,6.8284218425100907,-3.9349467371492501,,0.1035995337693958,0.3888888888888889,0,3
0.69206076878965828,-0.65342841484306269,-0.30672984689780108,0.72128334631436264,0.60931630328419917,0.32936905878001305,-0.028323605558278935,-0.44918253441976042,0.89299094292183001,-3.262654282977798,-7.5288368253921689,-0.251095692430859,,0.6699354731582372,0.4086021505376344,0,1
0.97845116922124165,-0.13326574388242005,-0.15771350911399398,0.1827864372920526,0.91430938149356134,0.36142422892625642,0.096033472246207396,-0.38246384982155607,0.91896625388966879,0.45129037733737565,-16.92040423635661,1.9888248365321139,,0.3795358988854483,0.1818181818181818,0,1
-0.24242662636717349,-0.95444976100549705,-0.1739396002777428,0.95246154555563289,-0.2682440000543696,0.14443739360915667,-0.18451648995687631,-0.13065531045993256,0.97410618249891712,-12.86439121878937,-4.5100055135816053,-1.9473201800342868,,0.08180681486866932,0.2692307692307692,0,2
0.36679369572240045,0.92998367122029557,0.024346581729772693,-0.9162321599286426,0.35658809741875475,0.18265694044236822,0.16118627078879061,-0.089304535399351501,0.98287521388338461,14.579989077690461,-4.7530353679588488,1.874297368482408,,0.2341371300557314,0.375,0,2
-0.93289523501504923,0.35070711845615421,-0.081920678405367875,-0.3547319240873551,-0.93407888688842833,0.040766347672512512,-0.062223327775822367,0.067090611365931405,0.99580475362746046,-0.10663611705248402,12.072047453782936,-2.7198023946828909,,0.20698622288126,0.2631578947368421,0,1
0.57983473000841201,0.80859744209195816,0.099809130436122689,-0.79987943118813798,0.54168858371207373,0.25839189971465581,0.15486956265907539,-0.22965986788803666,0.96087031572602832,15.919599677889867,1.6014046141310034,1.221937542324081,,0.273901009317271,0.1764705882352941,0,2
0.71422477200006884,-0.65608618439809918,-0.24379067599765525,0.69957228466170251,0.65824829751248037,0.27804279770410784,-0.021945240820187388,-0.36913425398337824,0.9291169511646421,4.0698919909098201,9.1883484249107035,-1.7215668746962098,,0.4290872599057354,0.1666666666666667,0,1
0.057537693955725597,-0.92591754071097476,-0.37331772202508329,0.98654966732890059,-0.0045743684041855978,0.16339776328621317,-0.1530005479319986,-0.37769800496884137,0.91320044315312576,-13.137047272014717,-3.5922559851033777,-2.1822996298624071,,0.4788354894839544,0.1764705882352941,0,1
-0.68960512724525547,-0.68400736774316195,-0.2378627531794891,0.70899443950094698,-0.70460479252899311,-0.029308208780360095,-0.14755220511328776,-0.18885446041395473,0.97085649791715434,-9.0203098478495036,7.4878941073339673,-3.3480768731821962,0.7653395088786604,0.3364230028920908,0.3258426966292135,1,3
0.19833833750923854,0.97187132720528335,0.12699617014033482,-0.96253621759552066,0.16869303316587811,0.21228916688847932,0.18489438523378726,-0.16434349368787746,0.96891964702522348,9.4112429698647517,5.7886254837243447,-0.3923912956294639,,0.4928792218360609,0.1,0,3
-0.90751542085957637,0.40687443774678878,-0.10425426998593594,-0.41716047369639142,-0.90204061741719632,0.1109047506421845,-0.048917278005506125,0.14413853210657299,0.9883477037332028,-9.8836092727986102,6.0862513278749297,-3.2815947271177266,0.658149095682707,0.7134949661050434,0.8740157480314961,1,2
-0.15646438036400448,0.98069878126212306,0.11725526900013858,-0.98008081918747625,-0.16886376206268072,0.10453046313320979,0.1223130636445391,-0.098564345952403681,0.98758522881261357,-10.453349731965284,3.709154273316642,-3.0102442890764278,,0.5890906656960629,0.3185378590078329,0,2
0.0091893869589679822,0.99872907152366652,0.049555997223273016,-0.98544052212479893,0.00063091770887912482,0.17001934977304073,0.16977200158365718,-0.050396861373693827,0.98419389545046432,-9.1052585684119904,-9.3944861791101033,-0.69901582916891425,,0.366691485312219,0.1538461538461539,0,2
