axis_00,axis_01,axis_02,axis_10,axis_11,axis_12,axis_20,axis_21,axis_22,location_x,location_y,location_z,dbh,dbh_approximation,score,reconstructed,number_clusters
-0.13655126226323644,0.95059018572090181,-0.27880468357869642,-0.99061918601332055,-0.1325164537482566,0.03336192123201015,-0.0052326930563110774,0.2807448811591875,0.95976816504106388,13.486370437255482,4.9749592831722262,3.6251421913151956,,0.09548232055748809,0.15,0,5
0.91466824486317055,-0.23702603228774485,-0.32741512160689534,0.27657471052003224,0.95771315208128149,0.079321799218740496,0.29476843681047238,-0.16310787334910226,0.94154521416225456,-11.654390210856171,6.7708448220418438,-5.2032190428945562,,0.09797565315278681,0.2941176470588235,0,5
0.94182230674342737,0.15975151157728382,-0.2957197948553042,-0.062006399521557301,0.94730765119221039,0.31426647993553297,0.33034216948319395,-0.27764666131878968,0.90210109329257926,-10.923372117598204,-12.460072740996814,-4.2943558372493289,,0.3128997208493215,0.4705882352941176,0,3
-0.93288342092021947,-0.092158365333602416,-0.34818868257200292,0.16297452286030056,-0.97009307303803904,-0.17988533720698624,-0.32119749044886098,-0.22455793315456937,0.92000321020456344,-16.649505197761805,8.9577758059288257,-6.9584625969427671,,0.4519657733168638,0.2619047619047619,0,3
0.33777653545606562,0.93106828752211912,-0.13790886869931607,-0.92736247856479048,0.354265017689189,0.12039572497329834,0.16095292928513219,0.08722465942786195,0.98310020513792395,-5.6639930428404197,14.858590086390139,-3.5537753488424211,,0.1922487834796361,0.3,0,3
-0.10656770952436098,-0.90463176493670094,-0.41265565930233106,0.98871523461738575,-0.1403582171119471,0.052361777325105961,-0.10528773965766342,-0.40241886232713497,0.90938086142227292,12.106368337211597,2.2141208230031593,3.2225607611777716,0.3496302089502204,0.197450551253452,0.7741935483870968,1,7
0.5997236433750901,-0.6807256407348693,-0.42064730312104537,0.77676638495404449,0.62153454560656307,0.10163066379330125,0.19226423167696013,-0.38769499695475035,0.90151375727379968,3.4413705824587733,-11.013214913481704,0.40628269064455075,,0.2833104468210957,0.2916666666666667,0,5
0.59597766914153516,0.76529327842674455,-0.24318062398033991,-0.76641586518003935,0.63248222187647307,0.11212921390311628,0.23961915508772211,0.11955098077826216,0.96347819046930239,-8.7957115776866939,-12.337267822205527,-3.5293315432716366,,0.1413311145124518,0.4027777777777778,0,5
-0.89117652937642022,0.40752181341557681,-0.19932477286850256,-0.36801599430985216,-0.90634044629340704,-0.20763242363561638,-0.26527084540282808,-0.11168243820381567,0.95768387872832106,-9.0251666483248449,8.8950150843578957,-4.4652772619106749,,0.3781522992556678,0.1081081081081081,0,4
-0.056238345301967335,0.96463621906574981,-0.2575154624177588,-0.99773354988340812,-0.044753952687075729,0.050247857227310948,0.03694606819067401,0.25975767281337125,0.96496680743942309,-4.7130987692698723,10.043125627630298,-3.0683455659864975,,0.07940999422909785,0.24,0,5
-0.0059220564522296168,-0.94065873174603776,-0.33930234251669,0.99894123053426809,-0.021045052381048503,0.040908724117987759,-0.045621784117451068,-0.33870083578316651,0.93978742099143153,-11.781642718649401,-2.9514135769461722,-4.8988984601215888,,0.07023726809576183,0.2413793103448276,0,1
-0.87557062335210789,0.4163954351644058,-0.24493044950974907,-0.39849211369115012,-0.90914471899645699,-0.12107813694806198,-0.27309360821660039,-0.0084096073094630675,0.96195070541901484,7.37525288476147,12.190853824088272,1.2392817360243344,,0.1687813327578853,0.2666666666666667,0,2
0.94382568926081212,0.10421527459921466,-0.31357972643582094,-0.082268333826080328,0.99319267667742572,0.082463496432127956,0.3200390437756534,-0.052033484743396551,0.94597437963436681,-4.8187491396931854,-14.12286561952239,-2.1933881119770189,,0.08584047175558815,0.1538461538461539,0,5
0.86794067528287133,-0.2900409895546151,-0.40318135940007699,0.42333057165760712,0.85655867013304177,0.29512450206643204,0.25975028640900072,-0.42682955497258573,0.86622532848696332,-1.3353574510710791,19.062046100975344,-2.1510196890118172,,0.4908265651943877,0.7037037037037037,0,6
-0.29671714457136816,0.95388441406583024,-0.045425331255837184,-0.95327550759918678,-0.2986853852887959,-0.045308357136374898,-0.056786818267337211,0.029859089356044304,0.99793972365764716,12.007705267076084,-11.148862150234658,3.5399126252178301,,0.3032368091160339,0.1818181818181818,0,1
0.34167038303328134,-0.8598796839430235,-0.37929972119675631,0.93731896206451282,0.34119948074717193,0.070824273326061157,0.068516514156772554,-0.37972337757887187,0.92255929013147897,-16.985824307743197,18.34165967324283,-7.5850749000538995,0.5309228000263578,0.5367348438776708,0.8507462686567164,1,6
-0.063568839812133113,-0.85947380065208578,-0.50721177884350932,0.99706732808561771,-0.032995769389988668,-0.069050868688005529,0.042611569663001898,-0.51011377671556801,0.85905074875459686,-20.674666743338314,-17.595935211655789,-7.3904383634026161,,0.3036453588004651,0.25,0,2
0.62685697110294958,0.73329868729308134,-0.26329332121016491,-0.74142202593653461,0.66528525906212665,0.087686393076707406,0.23946548234724707,0.14024464085619182,0.960722500764564,-3.7285223518217623,15.471736260162359,-2.8890248876102573,,0.07750894559866317,0.1851851851851852,0,4
-0.69528561986882631,-0.59876723656416597,-0.39756220044281826,0.6687989469886727,-0.74156808640487748,-0.052770652190889222,-0.26322210262526535,-0.30257985663808101,0.91605652393638581,-1.286337387022505,-5.952628516788895,-1.3109899736960391,,0.6377730431399689,0.3811764705882353,0,5
-0.93145971196171795,-0.12280618001377459,-0.34249298845760096,0.18053111154801019,-0.97326464559862613,-0.14200157531175758,-0.31589764601122605,-0.19409938634165044,0.92872714263467171,-6.9504765690774022,22.807817383356916,-4.2665436252557507,0.5574417451999228,0.5536968634609011,0.5405405405405406,1,4
0.92197442214608494,-0.2019194112157939,-0.33044169876494162,0.26539852124588192,0.95086006809431178,0.15946396403005944,0.28200494646174623,-0.23472043429993078,0.93025777497055084,-11.074788610756634,-21.306665404269179,-3.9372179785847403,0.4542598238154538,0.3792771484896943,0.8888888888888888,1,5
-0.6550315528574624,0.74248244517566153,-0.14019088189719511,-0.7399583297128941,-0.66789064694165612,-0.079898398083822167,-0.1529553367805335,0.051399439041956277,0.9868955175784957,1.5858247937262726,-4.0992615016101643,-0.34344518642984329,,0.4538737473374151,0.3099630996309963,0,3
0.78816027268630628,-0.50045089923198305,-0.35826286720360256,0.56914728437518092,0.81418563191449955,0.11477423697129403,0.23425360882471696,-0.29436483187005447,0.92653903992800557,-18.823387279229525,5.4203693208751611,-7.4895813229115014,,0.08146390491874823,0.4761904761904762,0,4
-0.88157474961415005,0.36342793524304079,-0.30124092804220576,-0.38408658499407272,-0.92324085029464287,0.010189581680156984,-0.2744147519182234,0.12468547723053329,0.95349361597100102,-6.7881505123247425,3.2073424711416032,-3.4229999014843724,,0.07053921152156421,0.2053571428571428,0,5
-0.71105188819281373,-0.59350519015885261,-0.37703687028185895,0.6515371765370368,-0.75776643041998126,-0.035907443778503426,-0.26439462908232664,-0.2711855936126854,0.92550194701543187,-11.636445259512518,17.394002146627358,-5.7538279031796637,,0.1101380358048503,0.25,0,1
-0.17168516579071355,-0.85358606171351081,-0.49184859367068906,0.97938356231353274,-0.20183428933166142,0.008411748928634416,-0.10645206300241648,-0.48026425527869798,0.8706401112883142,-0.42584926345059143,17.487444928941354,-1.7875906049371462,,0.4737350022411367,0.2666666666666667,0,4
0.89628108971576637,-0.25479579804890212,-0.36298665197847246,0.32753630397466904,0.93213006483567662,0.15444582159465894,0.29899862507464947,-0.25731817566207632,0.91890542422896238,3.3902058553068448,-8.1237019079729489,0.3223137560863385,,0.3963525118264578,0.5709677419354838,1,5
-0.51042005024084447,-0.76542180894643541,-0.39191941352949178,0.83509034330794685,-0.54994620186999443,-0.013538595295775065,-0.20517185680777392,-0.33419848808445235,0.91989992919671271,16.120982399192581,7.1236993623307612,4.4594143288684407,0.3769528520524765,0.4287270461527259,0.875,1,5
-0.92886117968345583,0.20662824107493805,-0.30744378163712871,-0.2091053108686402,-0.97756706837874729,-0.025250659157992281,-0.30576441559408202,0.040833770480584501,0.9512311629381951,-23.978825530716655,4.9907977907455612,-9.1680239354094635,,0.1687679038994954,0.2352941176470588,0,4
0.016063848507297755,-0.93631356491455875,-0.35079746425555153,0.99901012925784871,0.00047443004882737852,0.044480743657732885,-0.041481494806127263,-0.35116475203687386,0.93539435668360227,-13.730448554908792,11.881872771896639,-6.1468875490903816,0.4489292610324159,0.4433340917956431,0.9644268774703557,1,5
-0.12425877598534704,-0.92377474875088939,-0.36221536433571583,0.9899158948098784,-0.14043464994095017,0.018564220929549135,-0.06801674641867024,-0.35625597913044882,0.93190954472010012,4.6027077956284339,12.231246424063318,0.20890992019346069,0.587189290741516,0.4879403664612353,0.9174757281553398,1,5
-0.091634188889299611,0.95379115690602645,-0.28615660823133832,-0.99574921086538648,-0.085078502919148674,0.035286787924041656,0.0093104504488257123,0.28817369302019902,0.95753289142647213,-0.85574027921897478,-11.920284431775688,-0.90998259330760267,0.1423013177705814,0.09131312654929669,0.2653061224489796,1,5
0.87489687350518186,0.4174868937922856,-0.24547943751468423,-0.38163602220458603,0.90636080547511422,0.18128440874593019,0.29817680541369679,-0.064921366360926408,0.9523002724472529,8.8493252645068665,-18.186361702871537,2.6798521008007654,,0.2223012776630076,0.6,0,5
0.50935862908268292,0.80186524046738683,-0.31235544354019079,-0.83565235770963653,0.54757259713106454,0.043004510524663517,0.20552110362036943,0.23911584431258534,0.94899140615989996,-11.1175272549448,10.290929193593698,-5.1907116800627078,,0.07332533920608668,0.3333333333333333,0,1
0.30623073000270862,0.92604315372362422,-0.22060556983814433,-0.94119534750398814,0.32927403226068469,0.075696297899149084,0.14273772395150289,0.18445240340096861,0.97242133514272056,-20.502843086280361,8.5508615866327968,-8.2317528888834133,,0.17856191279205,0.25,0,1
-0.87748798155705321,0.3652823371319231,-0.31077911191450963,-0.39236699910436995,-0.9194063756843398,0.027203940244384214,-0.27579517805205095,0.1458105981416605,0.95009277927621949,10.093206834296037,-2.1574415934103648,2.7042520970138648,,0.08671631501047886,0.3974358974358974,0,5
0.43541996822786799,0.88721673728263606,-0.15249889295990254,-0.87612035856509152,0.45657567117584463,0.15476360618085089,0.20693614613261013,0.066220220294712917,0.976110810230018,-8.4898617097131179,3.1539772040482901,-4.0920779264809406,,0.2475558875047788,0.3385416666666667,0,5
0.14354222613141096,0.94689034039331577,-0.2877400086659318,-0.98545838822181653,0.16347335699115031,0.046348965870923652,0.090925213227679602,0.27690277142685943,0.9565863582424885,-14.260252210417589,13.688116441575573,-6.4127998566652114,,0.08285375270494377,0.2631578947368421,0,4
-0.61457448525428093,-0.59381989576027028,-0.51930350805063752,0.7524798545569934,-0.63889601773988225,-0.15995607835279985,-0.23679584151822197,-0.48907035272584531,0.83948670002823489,0.98125707639983184,-1.9437428388757041,-0.64234069197427879,0.4408961038075458,0.3473014227827506,0.2922705314009662,1,1
-0.037039212558118373,-0.87309903631140906,-0.48613390081865676,0.99769842113364038,-0.059957922071425591,0.031668723503138721,-0.056797510513366088,-0.48384204072503445,0.87331032424134258,-13.193240703334661,18.207397477834469,-6.2487928813534461,,0.4597277617373162,0.1904761904761905,0,4
-0.18675985474767862,0.9708397960972428,-0.15030251817082649,-0.98224101660243335,-0.18733059473592253,0.010480151702408458,-0.017981711777413319,0.14959056985569363,0.98858450293933142,0.4398172686782495,13.781396610787738,-1.3551192588217364,,0.08516180521722318,0.3684210526315789,0,3
0.11324285124912138,0.97018418020125163,-0.21428652110713103,-0.99127712523504363,0.12495814025491933,0.041894202102217004,0.067421937280968472,0.20767310772283318,0.97587200118766804,-13.564892763852534,14.497433618252659,-6.2605111284222703,,0.2976152509986775,0.3255813953488372,0,4
0.90678763938096707,0.30095406850801115,-0.29523351048681468,-0.28464074363269481,0.95362707568544025,0.097852172095776221,0.31099167855445792,-0.0046956541727711347,0.95040103466998072,-8.6675888995300792,13.430904302477121,-4.5368119727892999,0.2646876703153159,0.2942515588412838,0.5245901639344263,1,5
0.87932763967037419,-0.25614799861730109,-0.40146121221866493,0.3889643773882554,0.87269600220919352,0.2951413235232539,0.27475373561554267,-0.41568003383906049,0.86701816257380815,-22.104797169850283,-17.9754052567577,-7.8572078288055698,,0.1863253167536837,0.25,0,1
0.82935093909211988,-0.45294806199332144,-0.32713158356159117,0.49659611283435973,0.86590211699256892,0.060048517930020501,0.25606507091913916,-0.21225356751838714,0.94306898079138146,-15.748393556252415,6.0972346416155689,-6.5627963033663539,,0.07075947622059627,0.2444444444444444,0,3
-0.043120125050913914,-0.88269252958602273,-0.46796853850298908,0.99646529998622824,-0.071798548883587693,0.043610483849282837,-0.07209411029308177,-0.46443392058638555,0.88266843869587264,13.698998647673983,-1.9710375719915265,3.8863523748619309,,0.3137167632652442,0.2,0,4
-0.86133926997794463,-0.3395112682631119,-0.37792427907748261,0.40734486230336692,-0.90607993025668654,-0.11440857984036587,-0.30358660238704976,-0.25249011606083049,0.91874039649003991,-13.299870066081279,7.6640098289717331,-5.8619690860564786,,0.1012845190415404,0.15,0,1
0.8310598944278379,-0.38958140274096309,-0.39694556618253546,0.46153165446315647,0.88131991551568634,0.10131011027495715,0.3103674979795592,-0.26739771344161856,0.91223378530073196,1.9686415849098844,-7.4153691507822526,-0.10744600284223074,,0.1596193210941861,0.2592592592592592,0,5
0.40885661571422766,-0.79858526763572213,-0.44169880926021338,0.8994829955513387,0.43439694731021877,0.047218988569782308,0.15416422574870747,-0.41660636394892608,0.89591993448999485,-14.130857885495805,-9.7133492869237053,-5.4061899455250852,,0.2619010725153933,0.2,0,4
0.94890837149083385,0.069194447697167649,-0.30787177675535199,-0.011507261592698437,0.98260080968287689,0.18537322282679117,0.31534185488965871,-0.17235944191844524,0.93319437275216743,-18.743394474829387,6.6391978530713587,-7.5585007804860824,0.7754224612854537,0.6893929216917825,0.4905660377358491,1,1
-0.42231141643327047,-0.84053235290690498,-0.33935001291720573,0.89422322185630909,-0.44760182877793486,-0.0041752086859504368,-0.14838428839687781,-0.30521790018187189,0.94065091100020837,6.0980548089198505,12.568737173968467,0.83859526744065771,,0.2310251016015688,0.3333333333333333,0,3
-0.11251600536968988,0.95481979304840281,-0.27506237717771154,-0.99362960802056299,-0.10634720700909646,0.03728905504658122,0.0063522122564148601,0.27750573753414542,0.96070297961184647,-27.980204648100013,21.995577089325121,-11.277087674686898,,0.3136506313895341,0.8518518518518519,0,2
0.058650608098735485,0.98559980848065731,-0.158597363447634,-0.99689639183376966,0.066182819245512545,0.042631190289828702,0.052513713622827245,0.15560479414082393,0.98642255546085944,6.4110576576454079,-18.250280494566304,1.749943012180702,,0.1457797336088252,0.2333333333333333,0,5
0.074770270687470219,-0.9171207526938826,-0.39153407463403195,0.99718800215440673,0.070753045842716397,0.024700098446770354,0.0050492554524522093,-0.3922799147065571,0.91983203550278214,10.413624130214679,-15.523390250674348,3.1598963416151333,0.2528849185311167,0.192512644075175,0.1111111111111111,1,5
0.62211054708695601,-0.66908596893051442,-0.40657401956283723,0.76355754771208117,0.63329976263151389,0.12613993016796721,0.17308477268402367,-0.38891564230714842,0.90486810344587632,3.9247681883801508,6.2417002860363757,0.20356276756817485,,0.07055173107390982,0.1911764705882353,0,5
-0.52153460031272425,-0.75566111847627526,-0.39620441024783304,0.8300922581186706,-0.55677706029441687,-0.030759521149633057,-0.1973537526577451,-0.34492836814778438,0.91764694581239348,-6.4384322685596143,4.7743038995321827,-3.3915064060890963,0.2100908274584924,0.1427003278090378,0.185,1,5
0.94802694536965959,-0.0022420637751321146,-0.31818215538131911,0.063972548444788044,0.98089941993480878,0.1836949673154821,0.31169283581525081,-0.19450270209327442,0.9300625113291382,-23.546700510347009,11.906764561991114,-9.3565165534111152,,0.3437653488723891,0.2941176470588235,0,2
-0.5546224260788517,-0.74357651597620789,-0.37348082866339122,0.80357327007055379,-0.59514635562913332,-0.0084151654456978593,-0.21601843467289059,-0.30478645027304924,0.92759972812168778,-14.508426073162754,-13.43676063436437,-5.4342815874141595,0.2695829858654088,0.1891345845896387,0.7962962962962963,1,4
0.66425564704150897,0.73357471771792415,-0.143640415268594,-0.71755613809703944,0.67960645584234014,0.15247378088273267,0.20946986430684644,0.0017884916776624068,0.97781346751043985,-2.810140673140983,16.298402525416137,-2.6299281646999297,,0.2527160001638714,0.1666666666666667,0,2
0.77877360080620894,-0.51119741236819038,-0.36357789299598281,0.58328694282239579,0.80338069412195823,0.11981570283157501,0.23084198279393439,-0.30537954401070722,0.9238264518185102,13.969278294357508,0.46706561146672909,3.9417487809531186,0.6786781256762408,0.7186859217361593,0.7076923076923077,1,4
0.72688159364036753,0.63309483896687513,-0.26614671461497813,-0.63961801410251407,0.76518929183658702,0.073308551303231898,0.25006388156308379,0.11694559646318096,0.96114087552526639,10.508030655552496,-10.551431997392381,3.0386457382511538,,0.1357599900196595,0.2857142857142857,0,5
-0.65532122642687018,0.72194834342482705,-0.22213662377134208,-0.72781117346313806,-0.68219206080817885,-0.070034905243739884,-0.20210142497417569,0.1157781568191428,0.97249700895528191,-11.177391229871541,-9.9283771928010314,-4.4415805740704375,,0.1192864997319554,0.3571428571428572,0,3
-0.42564910944112894,0.86966746550418206,-0.25000267013675559,-0.89914709867688181,-0.4375588243617391,0.0087618584854642322,-0.1017709711701744,0.2285186527763243,0.9682055023394438,-4.5390777395891977,-5.2033095164017098,-2.4090163409758301,,0.06882672331034856,0.1833333333333333,0,5
0.76627751597525962,0.60068072227380376,-0.22803823889735655,-0.57852063319393121,0.79944990583948916,0.16184475593025877,0.27952217350270986,0.0079068288114668862,0.96010667979056763,7.8342509411481167,6.0641262050311431,1.6518559385705776,,0.2495890551569182,0.2988505747126437,1,2
0.37271766412663154,-0.79554029753684408,-0.47769988260724694,0.91582842250781382,0.3982823141145278,0.051278638734135178,0.14946519118121437,-0.45660358436894299,0.87702526951428095,-22.042432606378735,-20.60112013090902,-7.7108284067910375,,0.3838049520835225,0.5,0,2
0.86838879742404196,0.39747729996047981,-0.29650074624619954,-0.39008980820339573,0.91671259030486218,0.086417407461620036,0.30615492490610768,0.040618010693244035,0.95111478758510493,-7.8084258008188003,4.1765958026907359,-3.8849327835213887,0.4196288103243487,0.3405257602109365,0.8337730870712401,1,5
0.87947050962014972,-0.31699610258107402,-0.35502829979719014,0.38682631624729652,0.9106599335094574,0.14513402963845903,0.27730312614000724,-0.26497538838344936,0.92352099044040126,9.0459565502567116,-21.095404173392378,2.8916031164487066,0.2226483384034484,0.1649958924010815,0.4444444444444444,1,5
0.61549993587658502,0.74657717862954454,-0.25255166854619954,-0.75101115272688512,0.65276964543177207,0.099368196535481956,0.23904409094507123,0.12850800112221841,0.96246746242759662,0.65954110800124677,-6.9597617799840519,-0.63189073230854553,0.1987284226180683,0.1411128507590202,0.4606060606060606,1,5
-0.13455009382070307,0.9634372198688238,-0.23170022793314704,-0.99090607981995571,-0.13053952673632124,0.032627793908031964,0.0011887929541164746,0.23398323728611314,0.97223990426253504,-3.3113956504511979,20.00116980060892,-2.8574761403195996,,0.2112147427037409,0.4285714285714285,1,5
0.099874448492686382,0.96112973773567256,-0.25739992575453002,-0.99204534641660336,0.11610972397472771,0.048626768879620877,0.076623267950677157,0.25049582678892746,0.96508067826989929,-4.9805518221506331,5.5959973424255738,-2.9451046051526188,,0.07612977149145575,0.2731481481481481,0,4
0.14190149150161596,0.97596349341295396,-0.16540624605739276,-0.98322849243460575,0.15830579901441455,0.0905594040571093,0.11456744028906209,0.14978161944507651,0.98205894329313115,17.528822967869509,-6.2805436744278325,5.4274607714366381,0.6244387670289147,0.5112140777935079,0.2941176470588235,1,4
-0.93732444319054031,0.17135749424317995,-0.30341308041059001,-0.17733340930595071,-0.98411858837576538,-0.0079665524049104021,-0.29995958084627466,0.046338031680149529,0.95282581654704224,-6.498242481678119,16.91341480763192,-3.9003201431380776,0.1810812489984848,0.163132214099042,0.1666666666666667,1,5
0.51417710039216513,0.80375701582911863,-0.29932685969985395,-0.83229385089119179,0.55187164540430145,0.05219801497624308,0.2071445273257696,0.22228888074804737,0.95272178430786636,-13.527989035422776,-11.93545409651289,-5.1144342375480756,,0.08768829974736547,0.3181818181818182,0,2
0.28290659081008318,-0.88296549055216789,-0.37461420604428042,0.95780068524121587,0.28076085999575862,0.061572614415011995,0.050810512964089956,-0.37622504168172055,0.92513404962951962,9.3769948898009989,-4.9102421417511026,2.4665349964704313,0.5897555473347258,0.4261784991357742,0.8656126482213439,1,5
-0.10182104743844711,-0.93387322518374938,-0.34280209098463887,0.99212401086355828,-0.1205984473107794,0.033852054209988144,-0.072954926951812715,-0.33665533382249013,0.93879751003202205,-11.618478872095508,-1.1231397268300918,-4.9033529297125673,,0.1024551162314014,0.6521739130434783,0,2
-0.2150106247818899,-0.88007937659872437,-0.42335649530448932,0.97103578388661682,-0.2389086812390917,0.0034854612749667447,-0.10421102457323109,-0.41034489507510236,0.90595647215702302,-21.049608673511763,1.8876530288465687,-8.1410287566043635,0.5539292725657178,0.3571083264105696,0.4,1,5
0.8436271609718935,-0.42511438685862374,-0.32798013866135328,0.48409904110195273,0.86644639799824397,0.12214236693317894,0.23225273232983457,-0.26181748887667156,0.93675518191448581,12.974746487615885,1.1206616041508857,3.5742224430410703,,0.2303723919901501,0.1052631578947368,0,5
0.56657238933190102,0.78518578720093246,-0.24995801092262346,-0.79364777725254965,0.60157000636796198,0.090756449360573838,0.22162791635718934,0.14695852141370858,0.96399391060061612,-8.7198990035859048,10.769678538024509,-4.4755169139332702,0.1308755303943037,0.09356058627018055,0.2835820895522388,1,5
-0.91108686177214959,-0.27498460098257071,-0.30708988835296114,0.29426014440885068,-0.95556773928241434,-0.017356931041509812,-0.28867230161319635,-0.10617798672584482,0.9515222211888632,8.9436947527376098,12.592686024346332,1.8106071054886597,,0.4969187457187804,0.8846153846153846,0,5
0.88086363575150683,-0.2845334459553408,-0.37831200528586928,0.40065076953912421,0.87376443704072848,0.27570757956684144,0.25210754863419699,-0.39443177698516863,0.88366586288369098,19.147259093789962,-5.7331093492041427,5.9744461606852406,,0.2726275179350548,0.2,0,2
0.74804838945120911,0.6337281823307096,-0.1970081164806898,-0.60420837352590673,0.7731451220192409,0.19281820883680334,0.27451019726165404,-0.025203396947037757,0.96125383764211825,-2.3686427806633814,-3.7744818924197667,-1.6894366834584431,,0.6336093723127924,0.3456521739130435,0,4
0.89931438627373728,-0.28067088325309753,-0.33534682037410102,0.33267587442199953,0.93682896163970963,0.10806599470056769,0.28383163533801414,-0.20874710040379302,0.93587619419149637,-10.376639679509868,11.039166378061672,-4.9940070216455883,,0.07266133058253518,0.2653061224489796,0,5
-0.90204017903787281,0.31935342964608854,-0.29040816513073875,-0.31557993629652503,-0.94693074493453488,-0.061085743875365708,-0.29450436195140267,0.036545194909952769,0.95495111368100405,-8.9774936770449099,-5.6952828544451535,-3.8729177862209667,,0.0775658345828991,0.3854166666666667,0,5
-0.30466133763433578,-0.87410209342491285,-0.37832129152486482,0.94157122177548325,-0.33629173046159366,0.018748502536724606,-0.14361442711329517,-0.35050449682326668,0.92548446450039779,-26.123557885679283,12.165345626170479,-10.222745148909866,,0.1512664346197043,0.3333333333333333,0,3
-0.077802391986187755,-0.91437161828045577,-0.39733025493210139,0.99405741834416217,-0.10158344444754439,0.039123558748049847,-0.076135647604568618,-0.39192518099422197,0.91684132523925854,-2.4073024180431215,8.5285731263479043,-2.0619806492443127,,0.09923179857367267,0.2476190476190476,0,5
-0.84505607295643137,-0.42851247610034493,-0.31977694004697543,0.44185528203063595,-0.89645622076229958,0.033617763135032869,-0.30107165808339176,-0.11288623513487966,0.94689627447571623,2.9309541778425712,8.0469492376025773,-0.23773100829632737,0.4531385876653592,0.4597020257766543,0.9550898203592815,1,5
-0.86828743985543744,0.39845259890692103,-0.29548679871292144,-0.41658360007201994,-0.90909572649348125,-0.0017504920235368101,-0.26932327404130052,0.12157502414398104,0.95534521905124159,-8.6465697551500469,9.7506147394546687,-4.3685754388932327,,0.08169492412412498,0.4347826086956522,0,4
0.51176085256241399,-0.77687165605175401,-0.3668395559478243,0.84923371198258235,0.52204960962828606,0.079160012122525283,0.13001127726807241,-0.3520435130922876,0.92691015350613415,-7.3438514655870968,-11.053954603836234,-3.1391344991454968,,0.1445090543480124,0.25,0,4
-0.33026525711938698,-0.85265076201701695,-0.40485989918941834,0.93347655299559751,-0.35858317879418128,-0.006295148395210168,-0.13980838654144723,-0.38000629194483204,0.91435705997986183,1.4462246743622715,-18.38070919901978,0.096542937437510551,,0.146526388807407,0.2380952380952381,0,6
0.64463328024052269,-0.68981245913145217,-0.32955531437584745,0.74439542276816795,0.66456272882253831,0.065052548157185558,0.17413612080250715,-0.28725450507687639,0.94189248895237232,-8.6983611814907675,-1.5966823325800286,-3.8786181313330728,0.1972821764740502,0.13094369550375,0.7011764705882353,1,4
-0.77506693336131027,-0.52760637198713833,-0.34771074911262634,0.56546350822980818,-0.82472379568644827,-0.009037792262207734,-0.28199693202290671,-0.20362263397546629,0.93755829326104378,13.876742620791521,-12.066734205141858,4.3702793131913653,0.2693528745340003,0.210657657819101,0.7272727272727273,1,4
0.4624198227342235,-0.77478592591631756,-0.43113185517245717,0.87453455945411107,0.47869053692652058,0.077747502708471208,0.14614106836496615,-0.41299169345035813,0.89893306162258413,-1.2104313300065819,-2.4704138439396939,-1.3880831508192233,0.7603067091639031,0.3156030520658198,0.2444444444444444,1,7
0.51952147406751192,-0.74663786533417043,-0.41548686625686859,0.84591062096239855,0.51802887320505464,0.12681209669787238,0.12055147998149507,-0.41734636044313933,0.90071602411589002,4.6750900698168749,14.306176728248307,0.19149187773206067,,0.2196604861215834,0.34375,0,4
-0.45609488054502684,-0.77661291895718532,-0.43456856081568845,0.86955818040707,-0.49279503666617036,-0.031962833484120177,-0.18933048045088707,-0.39246073172482948,0.90007141007047242,-21.436558734745688,-20.16195717462309,-7.5350273980307962,,0.1731233912529459,0.4736842105263158,0,1
-0.38897295295860823,0.87740253676545799,-0.28082882748072713,-0.91694156213714628,-0.39817195471494249,0.026024336763343283,-0.088984344084510489,0.26762638688294788,0.95940497369558642,-10.092889474900428,13.598727023117839,-5.0423317004620287,,0.05427849483781184,0.4117647058823529,0,1
0.20415827914562093,-0.91840574112676765,-0.33889569445729489,0.97861940715309215,0.20030187495507135,0.046724884513648049,0.024969040823177562,-0.34118917561211759,0.93966296800794225,-9.2704702078036423,-0.65748676185296229,-4.1276873164692045,,0.06837137727985421,0.3333333333333333,0,1
0.78024127009825839,-0.52547000273932831,-0.33927103716142204,0.58029803121741397,0.81054885321082315,0.07915018334667534,0.23340470303884142,-0.25863455449678335,0.93735287475934093,15.28403799825853,-0.97601771647410152,4.4382142793091433,0.5592342796120244,0.6124184001650604,0.7619047619047619,1,4
-0.38005381606337746,0.90688067668419525,-0.18200696457136542,-0.9202789366981049,-0.39051658457687111,-0.024155244569707881,-0.092982662714462039,0.15831688295072405,0.98300050305546505,-10.334912833243644,6.8004015405753551,-4.7590697135800184,0.1812561319314195,0.2157439004994547,0.2407407407407407,1,5
-0.78356019779331665,-0.47042336240221871,-0.40587593737531463,0.55003610626253119,-0.82900865767154919,-0.10101944027349524,-0.28895276126324365,-0.30240123282124298,0.90832802232813459,0.88034077287139723,16.884588196464247,-1.2712051770382122,,0.4797002954162877,0.4074074074074074,0,2
-0.40206836392649414,0.8670079608493314,-0.29434372178348922,-0.91073127499957529,-0.41183833561449013,0.030947214025403312,-0.094390547551754037,0.28051092873927441,0.95519843142182215,1.433293698384926,1.3385536004294138,-0.53765285915662697,,0.09502481419351717,0.5315315315315315,0,5
-0.94802838821042557,0.064812395481214313,-0.31151489296521701,-0.050771287345213523,-0.99730389786831408,-0.052983126351488462,-0.31410898033716528,-0.034413495734300421,0.94876301560658061,2.0760264313520032,10.546438881835901,-0.58013245716978079,,0.1094168910663819,0.2888888888888889,0,5
-0.83303239279086316,0.53217584437071086,-0.15114861305830635,-0.49105111343237806,-0.83711893358671885,-0.24104085758944596,-0.25480548769198474,-0.12657314762205685,0.95867272921633417,-11.817929633663969,-8.5421244719291085,-4.7087160992325616,,0.06947634812263215,0.2857142857142857,0,2
-0.8431048664724583,-0.35102107245292108,-0.40737990969666021,0.45394994380816844,-0.8706989060278123,-0.189242869240908,-0.2882770067955796,-0.34448167111759637,0.8934364810197809,-15.79829173442559,7.3706099258637954,-6.6375552155128723,,0.5110730972075112,0.2830188679245283,0,3
0.71272275296807053,0.67381334110911939,-0.19494065441816147,-0.64951907535537989,0.7389006655252659,0.17930637812362302,0.26486080901316394,-0.0011780618341454589,0.96428593478242119,-8.9901730414052441,-27.265730780072616,-2.8149030918172753,,0.1355216840813396,0.1333333333333333,0,1
-0.70523749187894269,0.67138208494270102,-0.22778537281021835,-0.68106465388257631,-0.73081401141166491,-0.045407245635441025,-0.19695435329056502,0.12311367406743549,0.97265204774241476,6.9931021627584151,-12.260605843357894,1.6177878534100196,,0.4178177687636742,0.8076923076923077,0,3
-0.29163631982570709,0.95645559839206151,0.011872037019921556,-0.95494511217320166,-0.29041687277357048,-0.061138144761935083,-0.055028080968079401,-0.029167247263055449,0.99805870668616836,-18.779683211749344,-14.181991498480208,-6.8653587030294538,,0.4559607436096129,0.1333333333333333,0,1
0.93344379464660643,0.22563178619940152,-0.27887807244782137,-0.16032102025037584,0.95785415323879808,0.23835392085943213,0.32090474085252046,-0.17777997125563222,0.93027653368163821,5.68902558557921,-19.955562325981862,1.5437798862873351,,0.3033121986786532,0.1875,0,2
-0.46289888842748378,0.8447679603858198,-0.26849899850498782,-0.88328585707205232,-0.46501017222601593,0.059763152718210734,-0.074368768909328017,0.2648256649796476,0.96142428374729461,-0.80652777553287514,3.8072783905679319,-1.4051058910681373,0.170405656269397,0.2150904412182642,0.5091743119266054,1,4
-0.027152330845615302,-0.9300216824652342,-0.3665002333889939,0.99870527662006126,-0.041015792850271821,0.030091114770179048,-0.043017686838075594,-0.36520867306431865,0.92993123602646155,-11.980920781053484,-14.246066181518882,-4.5698689511389121,0.5473077849037553,0.3083616002623649,0.8514851485148515,1,6
0.077370520599724477,0.99118490601604758,-0.10754666256135768,-0.99457486764525449,0.084254697398981754,0.061008020904056812,0.069531540976390208,0.10224298534454541,0.99232642651361636,-15.500966768776411,-13.493161465143166,-5.7785654948128524,,0.09049657963212107,0.3333333333333333,0,2
-0.29885915755555315,0.94154847489862303,-0.15546598779560389,-0.95336605622858184,-0.30177394206139274,0.0050646543700577449,-0.042146966395531255,0.14972961400072132,0.98782826235882204,-4.5293216589002956,12.636364303566838,-3.1198406546312585,,0.2651086172958739,0.24,0,8
-0.35963006579895251,0.92600283669036965,-0.11482579072155882,-0.92213291257215968,-0.37151135578931299,-0.10793611106007849,-0.1426082302135056,0.067067570113853142,0.98750434617494054,7.0903711325792385,16.448082624143371,0.95681588630590064,,0.3810201737115102,0.5,0,2
-0.86622712804085511,-0.31745804299127922,-0.38583798878057507,0.39591846376844075,-0.90716746732958042,-0.14246317512281015,-0.3047935903088021,-0.27616585081972334,0.91150057056904177,3.1601381445561159,2.2702118054279512,0.025479665805917234,,0.2671941789626015,0.1780821917808219,0,4
-0.78006606969996828,0.54543668939155776,-0.30658725473904103,-0.58051600986844032,-0.81371844443508112,0.029384612853954245,-0.23344825805576097,0.20090074925626639,0.95138887935428473,-6.2979372765527959,-16.111168388515761,-2.6707924385837574,,0.9326469473695806,0.7021276595744681,0,1
-0.21280632289063828,-0.91298294275084158,-0.34810288017162261,0.96902598475051116,-0.24289040705860301,0.044641808175834852,-0.12530805966124986,-0.32782067720770719,0.93639280955110538,-19.002888790778904,12.38673010740427,-7.9163496053497031,,0.105077334477007,0.3571428571428572,0,2
0.58511455986426664,-0.72225728929345789,-0.36876192848138656,0.79504501132905592,0.60051976636074977,0.085319635318084563,0.15982609860603575,-0.34310409247412937,0.92559991353277327,10.774111750495473,-0.38299984723466052,2.8778035623888605,,0.08141693646728024,0.2622950819672131,0,5
0.94240258163668111,-0.034093732405482531,-0.33273862344967287,0.13308561812176598,0.95087672341268625,0.27950254940000419,0.30686412689277864,-0.30768664950338304,0.90064606441360529,-9.8443080158906646,-30.718813856759709,-3.0074119983037972,,0.400135547863914,0.4210526315789473,0,1
-0.32418145710129004,0.94515033751843003,-0.03996526442402977,-0.94353445076509956,-0.32609463240329095,-0.058352642932126129,-0.068184478373645691,0.018791759006560892,0.99749573768630884,10.1761673232077,14.377622627334002,2.1742799670366875,,0.4225908515889033,0.1538461538461539,0,2
-0.89492876110170405,0.36066568652887793,-0.26272185884243343,-0.34566877624427261,-0.93269425458183974,-0.10292970708116259,-0.28216238176404251,-0.0013000118000215306,0.95936578023534047,-6.005149992209061,-14.064666400738004,-2.5905279666202623,,0.08264548734923191,0.5294117647058824,0,4
0.78683248832597608,0.56415992541180382,-0.25023631605764313,-0.54742714810662962,0.82520695867941352,0.13912941048863406,0.28498798716892421,0.027514612598046741,0.95813610372586655,14.216878374931857,-16.446223402275368,4.6174778970763812,,0.4090602830133537,0.1904761904761905,0,1
0.90227414195546429,0.31771866860889475,-0.29147250363614835,-0.29630141873945948,0.9480058221689508,0.1161483120271542,0.31322011750766687,-0.018433902222943038,0.94950163203510118,2.8418266267531131,-16.825185404054846,0.48284624820407102,,0.1499551621815657,0.7931034482758621,0,5
0.72098383950409928,0.63028992340908341,-0.28795297467277547,-0.64027296605285067,0.76485596821427559,0.071034335563084389,0.26501477716499794,0.1331538971865841,0.95500639136511123,-11.912713655758676,9.3887530859284194,-5.5265400116799883,,0.08382404675887431,0.3043478260869565,0,5
-0.86812757502741489,-0.36435409671922836,-0.33704688943963573,0.39361971279280106,-0.91904847859268946,-0.020332626425881014,-0.30235415521856446,-0.15031961349197484,0.94126828195881018,6.4457481149588398,-13.679297713688849,1.4243355684644698,,0.08215133998805582,0.25,0,5
0.71268770659680414,0.64286045076175546,-0.28072526375832457,-0.64895619002880744,0.75616481844201133,0.084087042841657259,0.26633080236631007,0.12225059589610643,0.95609763911117618,18.272089370371919,-0.30737561734896779,5.5331911778994245,,0.2628298248497221,0.6,0,5
-0.12841165185137193,-0.91147381416132311,-0.39080165527670446,0.98800376264328615,-0.15166546584241405,0.029088682911270907,-0.085784687861593295,-0.38237818003779145,0.92001517093984686,7.3161814261920091,9.1685385202306993,1.3381512355218308,,0.5989660908898493,0.2,0,1
-0.94974510139089396,-0.050232871795243897,-0.30896747559444443,0.084726736533456776,-0.99144869680080561,-0.099251507436280653,-0.30133971278341537,-0.12044143889536718,0.94587961036086543,5.2288994093636356,16.166005935193503,0.26707253033585054,,0.1926752010581255,0.6060606060606061,0,4
0.45737661473947944,0.87378075582593795,-0.16526894153986804,-0.87191882201497128,0.47717478078648334,0.10982620997466083,0.17482619971125787,0.093869160695225135,0.98011447319427714,-4.718744304388121,-16.047786798968357,-2.1411744061152453,,0.4270484000769907,0.3684210526315789,0,4
0.0012292769871165897,0.97958641558925674,-0.20101975840967012,-0.99973255794144056,0.0058460836096975582,0.022374894375028983,0.023093320894887023,0.20093849232892533,0.97933161943778058,0.45745911622149799,-16.193922074092519,-0.43051327625477215,,0.2244658868261979,0.3888888888888889,0,5
-0.88163426806955825,0.41809687219274516,-0.2188972883068635,-0.38296975973740577,-0.9048703338856432,-0.185859737383756,-0.27578103722360675,-0.080029271621878798,0.95788315320374207,-18.113421208239441,-8.3457735542359437,-6.8024763939851152,,0.7302523252318504,0.4761904761904762,0,1
0.2389481723087,-0.84614035468351667,-0.47639297971987871,0.97063610517856858,0.22214392061065072,0.092291006384736848,0.027736659389884139,-0.4844569936658793,0.87437526212382533,3.1271925900152966,13.152989000922917,-0.2917081057091101,0.5609053479009556,0.2565931268106338,0.3243243243243243,1,5
-0.65280735317667071,0.71228893924336623,-0.25785078372972103,-0.73301816731609237,-0.67984630487128228,-0.022211891801961751,-0.19112018737702263,0.17450922263429286,0.96592939969365677,-1.282075715197879,9.4452879178205098,-1.7710773627111744,0.3426362680366138,0.164118445836714,0.3764705882352941,1,5
0.55156004483958521,-0.7521273062955306,-0.36067441281741264,0.8209454519401046,0.56605908186588649,0.075004538369407764,0.14775006556821982,-0.33746352537982549,0.92967106395908017,20.436065763674733,-8.1087877318372534,6.5819005368232206,,0.554500984101346,0.8869565217391304,1,5
0.91898332414121564,-0.14595185207546113,-0.36628910279464294,0.23281706283181633,0.95059542658720586,0.20534008426474851,0.31822298032154728,-0.27398246627700595,0.90756142655361993,-9.2113438406890307,-2.7821081513110966,-4.0223061827880064,0.2061570301706697,0.2372687943860323,0.2605633802816901,1,5
-0.34022051319049013,-0.83512527525086067,-0.43222190717451431,0.93987997485252994,-0.31646590722828938,-0.12835483019109079,-0.029591135084811978,-0.44990566144398614,0.89258571606599368,-33.558523410050135,13.046112091260619,-12.537632856683183,,0.4883816618825943,0.8571428571428571,0,2
-0.91229634540319138,-0.22243986049676467,-0.34385445558573852,0.2672465759652588,-0.95957457099911214,-0.088294452411905283,-0.31031378602767534,-0.17244463214044362,0.93486266534027407,-1.5225590368970514,-8.2896390053845472,-1.2358593774368138,,0.1964114892018847,0.196969696969697,0,5
-0.76150422390668238,0.59735171229443507,-0.25155963267422088,-0.61003601069277336,-0.7916758304185777,-0.033248235879556651,-0.21901457173057851,0.12814176270819305,0.96727054437717119,2.4604018269396692,18.920192244312041,-0.83861073632503536,,0.1030365566981406,0.4615384615384616,0,6
-0.66299291019911744,0.71128574938242328,-0.23348015708233261,-0.72453129732928001,-0.68813811717544948,-0.038991420602213181,-0.18840063751499495,0.14331264569364741,0.97157947969696834,8.5665259933412781,-15.993199355571051,2.4727128749206764,0.2526291512513586,0.2201505833316729,0.4,1,5
