axis_00,axis_01,axis_02,axis_10,axis_11,axis_12,axis_20,axis_21,axis_22,location_x,location_y,location_z,dbh,dbh_approximation,score,reconstructed,number_clusters
0.95124528957759569,0.051459918897566764,-0.3041122749964098,-0.013506985004718815,0.99198790539834925,0.12560874531448338,0.30813951452632365,-0.1153770873720268,0.94431889068101882,12.414741372935261,-12.449549522335477,3.4222738963244592,,0.2471733177082397,0.40625,1,5
-0.85417817471347968,-0.36137864252150553,-0.3738784863728607,0.42207629799423041,-0.90181581616722051,-0.092627384623205161,-0.30369597382025515,-0.23692553775387618,0.9228407473911211,3.697285157837551,8.2589503327799711,-0.89171812394988603,,0.1319635989123464,0.35,0,4
0.61232972414449305,0.74247529207626717,-0.27162980246171825,-0.75735518981310834,0.6494586773239166,0.067945146344835797,0.22685992460609075,0.16411540788400109,0.96000036849096493,-16.895924202343682,5.2986152867668288,-8.8434801238370291,,0.0837994032302182,0.3376623376623377,0,5
0.75976569194134125,0.59506089819097086,-0.26202790079121313,-0.59098956631726407,0.80004154049763521,0.10327083800523554,0.27108564302269328,0.076394115757212111,0.95951889675224589,-3.6328768714426114,22.923896189661122,-4.9094725011222922,0.6637613365221493,0.2361853926243555,0.6842105263157895,1,4
-0.28755302912202962,0.93025045179399679,-0.22791961824250728,-0.95668649849823417,-0.29026650054307052,0.022277842213033403,-0.045433457208695426,0.22445368252613879,0.97342505893701015,-11.38196546167593,7.0965684416485457,-6.6857575068580699,0.3767878419201011,0.1393425571603612,0.2413793103448276,1,4
0.031443161191504691,-0.93082807338631801,-0.36410221835385659,0.99913840575043755,0.019399244210065891,0.036689446419260474,-0.027088258872777604,-0.36494214215405796,0.93063605083364798,0.13562127876459562,-15.770786860913367,-0.59520868499579649,,0.246540584504374,0.2368421052631579,1,5
0.72812509940683723,-0.60067353570104409,-0.3301895563493637,0.65484615099268162,0.7519122812483453,0.076186874446848352,0.20251014331102912,-0.27169693560346958,0.94083495738616718,-1.4421254739555922,11.575276743783276,-3.2960020315312373,,0.08944393186373027,0.3947368421052632,0,5
0.78813059667292007,0.54920447785346005,-0.27789315229723649,-0.55390917595451028,0.82972461360915328,0.068859932940260507,0.26839297192993411,0.099656946957298598,0.9581407545563273,-13.634906667293341,5.3320646178197615,-7.4242238680694825,0.1308953092257989,0.1308761582384074,0.4903225806451613,1,5
0.82528074076383007,0.53588080750261713,-0.17816694158750965,-0.49363652634800109,0.8377902124392157,0.23330353575574783,0.2742894069762507,-0.1045912046560189,0.95594246747867617,10.492818787269801,9.053869036943853,1.5178909533619398,0.8913121188886575,0.2517857084050443,0.2941176470588235,1,4
0.17159781036515664,-0.83507598446194653,-0.52268756600171273,0.9851459808331221,0.14197860137956983,0.096589198146830271,-0.0064488701514395915,-0.53149804978495674,0.84703496689839075,9.815191881523285,-13.801175435322163,2.6213813589595776,,0.4009628217045369,0.1363636363636364,0,2
-0.56941169709734352,0.77844788127726749,-0.26417648522087861,-0.80944103512180365,-0.58701098896103132,0.014943543754273233,-0.14344172987546902,0.22234431626179685,0.96435858224853688,3.4406531768992386,11.945145616841508,-1.4746673482051915,0.1948540481041718,0.1809377255550119,0.5,1,5
0.93145939240648201,-0.20894667132522191,-0.29786689785851828,0.27020537596649713,0.94549952756399624,0.18171323059993214,0.24366463653257384,-0.24974373249066684,0.9371529293477554,-8.7345094700490336,14.631395891859938,-6.2437468929250901,,0.4421847642318301,0.25,0,4
0.45309981713256309,-0.83070526409264067,-0.3234645574451917,0.885683662319253,0.46072303968011302,0.057434580251556656,0.10131636597901179,-0.31251087167759961,0.94449560563727031,-3.7301445707647631,-10.506875295452261,-2.2932838718114783,,0.1201274218904556,0.3918918918918919,0,5
0.4561319187054238,-0.70703879548375825,-0.54040708213252042,0.88389125144245928,0.43046651816810927,0.18285194108816002,0.10334373886013366,-0.56106569884203483,0.82129492462897113,-3.9560761762674796,5.179374874400283,-3.4317332111706684,,0.6999197857790563,0.3013493253373313,0,2
-0.94773813488309078,0.15875163409225371,-0.27674960950534383,-0.15567626377079666,-0.98725015238209657,-0.033196950460752495,-0.27849116428836024,0.011621329294338895,0.96036847934464564,-1.0176010138320892,-16.560281402435709,-1.0788363090835766,,0.09161347712036885,0.1724137931034483,0,5
0.94393354877733193,0.20137598413918611,-0.26160498562643481,-0.12792383712414374,0.95361740340731693,0.27248732046486718,0.30434346943555146,-0.22374440983108815,0.92591224836982822,-20.726116637952082,10.553713838235938,-10.774650060062479,,0.332077654047844,0.3214285714285715,0,5
-0.46641427017872861,0.86369281331802217,-0.19102997878983097,-0.87311519386534797,-0.48414922348339134,-0.057178559284966943,-0.14187172662344971,0.14012228096640761,0.97991742486887723,-15.778781951916258,14.40083612078733,-9.3714999645144932,,0.1636300094223138,0.5185185185185185,0,4
-0.95487717341246503,0.0064800871366096401,-0.29693028165972601,-0.0077213795293946796,-0.999965666154495,0.0030077916087982242,-0.29690059614959563,0.0051647829480877911,0.9548944240192816,-9.6368746062595054,19.77990802758368,-7.1081228811668717,0.2665314499093208,0.2438511341289685,0.8103448275862069,1,4
-0.69400199104613991,0.66943680521871973,-0.26498226401505903,-0.69446610142693999,-0.71952462117204186,0.0010740093559981323,-0.18994228174069083,0.18476656446928708,0.96425268797206698,0.13327360255854445,5.9252040837952311,-1.9275497498237084,0.2890126353910083,0.2379130237930092,0.7136150234741784,1,5
-0.14348588520008435,0.97468743502494359,-0.17145321447218673,-0.98964905772858769,-0.14176349973548366,0.022312612569293892,-0.002557984610605244,0.17288005711256854,0.98493956290093665,8.8544435156802201,11.283543126064082,0.66180448862841845,,0.0968943013622799,0.1538461538461539,0,1
0.79760900482020058,-0.50989448028086493,-0.32222274036578669,0.55913798606458498,0.82540606264182292,0.077907280107605309,0.22624011131841892,-0.24230652226721308,0.943452681005995,0.52932942341186939,-4.2796123053754016,-1.1186345556321662,0.1953347138962848,0.1578739984938113,0.6863636363636364,1,5
0.54996743958270189,-0.76583483612271031,-0.33321587474150827,0.8233685908119468,0.5640428058617617,0.062608919651596692,0.13999992522568117,-0.30879235245791342,0.94076952756789034,-14.496954752961049,6.4939150795720755,-7.8985886585383289,,0.09089863442087229,0.4225352112676056,0,5
0.32947193830948307,0.91431663462164159,-0.23552777653760237,-0.93444094202376049,0.35148043024938969,0.057285539374702175,0.13516052580668184,0.20121281968567159,0.97017783599595908,2.8814215047767555,-2.850015623900811,-0.28695780172770335,0.2975094570349983,0.192251171874575,0.3846153846153846,1,5
-0.35951634643543701,-0.87221814446181856,-0.33163761113193729,0.92065381609661878,-0.38949121938087305,0.026327569806862003,-0.15213332163746812,-0.29585824054229737,0.94303942332797952,2.5763444297056965,4.1525157038157579,-0.88375070225099706,0.2017814150371938,0.1625492516406606,0.6723404255319149,1,4
-0.011612063492170992,-0.89719557565917807,-0.44148075722396779,0.99969315976189699,-0.020077521582139577,0.014507909993920081,-0.021880272089870218,-0.44117682639131556,0.89715342141049603,-18.295881187616995,24.031954813452828,-11.04027655622107,,0.2665293485617403,0.2666666666666667,0,4
-0.13209683211616363,0.98736012172176124,-0.087580916748238355,-0.99121163985900107,-0.13220659729309478,0.0045717217994271373,-0.0070648391987339588,0.087415134077396664,0.99614691807048539,8.1949455882372124,6.7137641111887651,0.92133875669763066,,0.3851517378769632,0.1666666666666667,0,2
-0.52234143609399808,0.80075215543343692,-0.29318153029814714,-0.84322112064585664,-0.53624374314013656,0.037693363338919789,-0.12703371928745613,0.26690566406833516,0.95531345675240842,1.4818464061939223,9.8080899640845356,-1.9971284649438943,,0.07940551695385903,0.4411764705882353,0,5
-0.92911879375867168,-0.20548706434218625,-0.30743020910844326,0.21158720368329562,-0.97726248917368064,0.013743452679215146,-0.30326411314548002,-0.052278998097634595,0.95147137846389962,-15.683293482934024,-14.502131659048505,-6.4621460815021674,0.2735320520074922,0.2933393210346946,0.9183673469387755,1,3
0.95274593654499296,0.023225728408647152,-0.30287909458543294,0.0066813718034553918,0.9952293006032602,0.097334467130454336,0.30369481336998144,-0.094758665886731777,0.94804549235336721,-11.232467150655134,-4.8369223795515577,-5.5441586448321702,,0.09810236401504212,0.4416666666666667,0,3
0.25150193678910387,0.93373515594417122,-0.25472619485487669,-0.96032177544488739,0.27352314671502137,0.054471789189391842,0.12053573494076428,0.23091935121385543,0.96547780390709304,-14.928205603746806,12.655085386665352,-8.7257375387931813,0.2766190021965529,0.1165082431512149,0.3611111111111111,1,5
0.88983382590340376,-0.32928403240373122,-0.31586039365841412,0.37158263111328571,0.92469880819454708,0.082815834105025882,0.2648057977708147,-0.19106056664712862,0.94518450544824295,0.57773071063977244,-2.8956364704097579,-1.1605932751816084,0.2209042905403897,0.1652066759260132,0.7250859106529209,1,5
0.81804326174173836,0.54749383812381913,-0.17622632929102092,-0.50176962600329278,0.8291023713380572,0.24661001654865292,0.28112713198738709,-0.11331264297535543,0.95295738656169016,-0.16574282238685653,4.4501840163262472,-1.9608293265974834,0.4015420677051119,0.208128726079692,0.1818181818181818,1,4
-0.22888746731717927,0.97169616941077464,-0.058455809442295163,-0.97246986624345522,-0.23094169308489254,-0.031117417044475737,-0.043736558547326075,0.049724126412739073,0.99780490312431636,9.4513238747317416,-7.9540537117334145,2.1716664060578794,,0.305145387999072,0.2,0,2
-0.16892709219459409,0.9503313437474864,-0.26140767894952188,-0.98556988004234214,-0.16576156357900104,0.034279959060199351,-0.010754026036942149,0.26342634858901637,0.96461956739071775,6.8741189141524819,11.519842110195903,-0.087542965881942422,,0.6301015679257911,0.6888888888888889,0,1
-0.021345963811683483,-0.93285349424488762,-0.35962300830738742,0.99853172411405711,-0.037805197751739475,0.038796429742467983,-0.049787003994623727,-0.35826683533095388,0.93229079633727174,-12.943607093408483,-10.487167992279314,-5.7384507929154953,,0.100421976974847,0.3,0,1
-0.38367551030280972,0.9012796493760431,-0.20121654110553416,-0.92123587203021229,-0.38869228749916535,0.015581197752432212,-0.064168301197809002,0.19134601971105322,0.97942285549303176,1.4742752290360699,-18.753368103149402,-0.037647594432299147,,0.3639959920336882,0.1666666666666667,0,5
-0.13555128980543463,-0.90924734750468283,-0.39356715931055625,0.9869710358313506,-0.15867511937934892,0.026652972065789766,-0.086683460141329535,-0.38482654215327589,0.91890941348550714,-9.2114140593583294,18.639372391449619,-6.7438312914215714,,0.3713481299365468,0.3846153846153846,0,2
0.73929692885164844,0.61713293859613783,-0.26941972290501881,-0.62731402291130955,0.77663426208472941,0.057587668948639099,0.24477983505458659,0.12643638343374319,0.96129947118202774,-3.5992791170333556,-5.1688586627151611,-2.5101184271504344,,0.06848132175595156,0.2564102564102564,0,5
0.47083965487994262,0.84976123699633532,-0.23709883907559451,-0.86120969486282817,0.50101893898616923,0.085427655074034506,0.1913841186379146,0.16396909122036221,0.96772219994043629,-11.413981384776987,-12.102797231102146,-5.0027994168806345,0.2637346536168822,0.1993744983076594,0.375,1,3
0.23521811909507107,-0.89340242670742465,-0.38275911537501112,0.97124014494622279,0.23102419254656029,0.057622940770581638,0.036946140450891771,-0.38530497844109662,0.92204937844688617,-5.461817617324618,-4.9618405329584094,-3.2216642254095547,0.1823757230598256,0.1615833903943616,0.6534653465346535,1,5
0.30262172682607758,-0.84577085486038051,-0.4394220653557841,0.95047927758790096,0.30203469378207964,0.073240607779749348,0.070775937498450778,-0.4398257664356483,0.89528993172631488,-11.065615834286548,5.0320132063319711,-6.2861337762480662,0.6224246653189165,0.6930521288456765,0.4794007490636704,1,3
0.61784796197152381,0.7358521365077868,-0.27710201927189265,-0.75038168208279155,0.65709181675243644,0.071816958662867775,0.23492813173869906,0.16356031778493479,0.95815280376558765,8.7310534712532952,8.2915807552816823,0.97738951799949159,,0.08508014724201127,0.4285714285714285,0,5
0.063876503567297252,0.98538759133629372,-0.157895811003567,-0.99517993976018526,0.074693337445208133,0.063543629422707276,0.074408869034081823,0.15307579881141678,0.98540911302225909,-5.0098648085053776,-23.405909945143399,-2.0790520527439691,,0.2110673754882327,0.3333333333333333,0,4
-0.54755271908529224,-0.68275688120992917,-0.48376550205941005,0.81097565355765378,-0.57544081014338677,-0.10576560574335447,-0.20616621730787749,-0.45023428921175335,0.86878338822686285,-13.760562672934794,12.776074260386011,-8.3072605373040158,,0.09500326535202366,0.2258064516129032,0,4
-0.2678305584346532,0.95960794347281142,-0.08613586240622656,-0.95831471266323431,-0.2745643627907387,-0.079040003659535937,-0.099497253538807034,0.061375935913012235,0.99314313723100223,10.195331971168917,5.46407829477306,1.7044551962500698,,0.3371253844417481,0.4,0,2
-0.64452942502806265,-0.59794566436708729,-0.4764900867149261,0.72771024871308509,-0.67094390450978103,-0.14238002289334853,-0.2345626018591522,-0.43851483380357054,0.8675742771332563,-17.484722348380977,-8.5448948006885335,-7.7715458697724005,,0.3880490896682555,0.3181818181818182,0,1
-0.089176750048804057,0.98707737646296256,-0.13313812423843077,-0.9957962041586178,-0.091163847339759657,-0.0088922843803846026,-0.020914756370126866,0.13178545372387543,0.99105760032037038,-13.632218034936161,21.418554625922788,-8.8290311917866493,,0.2362187356151724,0.5263157894736842,0,4
-0.092956038687904849,-0.83854917949312391,-0.53683745067092781,0.99305443497354895,-0.11713857086590937,0.01102018125340349,-0.072125335706797605,-0.53208441885371949,0.84361371916433481,-10.510150900100289,14.191135400444734,-7.029402380528448,,0.202524781260629,0.2941176470588235,0,1
-0.83512586251431931,-0.4094975207943109,-0.3672554618014926,0.46772557093092465,-0.88003012825142435,-0.082339320297918447,-0.28947812362431724,-0.24053846643124527,0.9264683816028747,-15.837513455068276,-18.796025582682798,-6.1984469177199086,0.4163134991382788,0.1980000908392613,0.2777777777777778,1,2
0.42876541740665247,0.88307244569034593,-0.19063911586704818,-0.88831026269377156,0.45053001955212008,0.08903695117920947,0.16451472283361654,0.13117071755859633,0.97761400809631471,2.3334312840175775,-11.811621903470959,-0.15159881822323681,,0.6120551457613864,0.918918918918919,0,5
-0.51127244249818538,-0.7698051583290052,-0.38210012791413078,0.83467861695138579,-0.55068766765990806,-0.0073958834099401016,-0.20472443905421328,-0.32271211767974584,0.92409133377420671,-8.2788388680821949,-15.959514560097697,-3.5916612249301227,,0.1018848511075759,0.375,0,4
-0.019984602199799594,-0.91273465271737619,-0.4080638055547291,0.99860588308861364,-0.038166806179132581,0.036463477164089764,-0.048855971341560021,-0.40676620881653458,0.9122249423411406,-7.2192094408644572,-6.4045316515883881,-3.8703376991823233,,0.07654283595655983,0.2156862745098039,0,4
-0.15008197242620996,0.97183945608604139,-0.18166858051695747,-0.9886702085929131,-0.14800423352931563,0.025019302513188051,-0.0025729736697022204,0.18336525966438588,0.98304148506291844,8.2242338100116239,13.723287373643929,0.38353628668045048,0.2250783013291886,0.1392732607665386,0.28,1,5
-0.88055240597996787,-0.33956376333487448,-0.33064166548205254,0.38160682055778578,-0.92169172008079536,-0.069718058193566662,-0.28107595917592482,-0.18756551859113363,0.94117770979181814,-14.970610215203795,5.4761391757493065,-7.9903297093553247,,0.145404715168244,0.2795698924731183,0,4
0.51883439140386112,-0.78733128849011602,-0.33304701839391859,0.84799227418566236,0.52333034563024139,0.083871641595722218,0.10825884360186953,-0.32593679066197234,0.93917263124249972,8.3061928839690982,10.136073271027975,0.58346133208186202,,0.1187285148744192,0.4137931034482759,1,5
-0.22534730479448142,0.95457652811396732,-0.19494164305183123,-0.97338347950795046,-0.22916202587332712,0.0030606729046014844,-0.041751575333865629,0.19044268920469773,0.98081006728398956,-8.3468272856689563,-21.644209674427469,-3.3445199620118,,0.2763271013628735,0.4857142857142857,0,5
-0.93314352605833772,0.26758299347453485,-0.24008852821119928,-0.21994763574912454,-0.95319080950144419,-0.20748570603863958,-0.28436982488263979,-0.14080703918905951,0.94831807976597615,-4.2693044965424187,-11.725704082942144,-2.5048495495953009,,0.160181087766483,0.4042553191489361,0,3
0.40310152578964692,-0.85554014078439355,-0.32490033458381901,0.91093433458054285,0.40916307446179628,0.052765676147219422,0.087794065792405868,-0.31723279465337356,0.94427514846470895,4.1274680530586059,-5.0226173016288085,0.23837457808535842,,0.2379705407322769,0.751937984496124,0,1
0.6013426810729533,0.74767570645153192,-0.28172330024724063,-0.76651241279926907,0.63935652724504188,0.060679091075966057,0.22548991317714751,0.17945547930159372,0.95757507799858699,-2.2532501813076853,-6.9871191381843021,-1.9590026247699039,0.3449357663879669,0.3836562664273651,0.9133574007220217,1,5
0.7928182115974286,0.56353986318385385,-0.23208211038807175,-0.54500539188839803,0.82599553119864932,0.14387670156226767,0.27277904276544301,0.012417932299203457,0.96199656381163023,-10.700274912578132,-12.449131180155547,-4.6963942039675306,0.212458935307537,0.1960024447456808,0.7246376811594203,1,5
-0.93878196361781119,-0.14169439321995925,-0.31402408142674854,0.1589484961348957,-0.98683402926783381,-0.029899402259353065,-0.30565307190071006,-0.077982675056958023,0.9489440984739933,-8.0903963195266115,-4.77138789769295,-4.3050362093737773,0.2167501187573222,0.1435766698474431,0.4862745098039216,1,4
-0.62735768136630476,-0.608522176647045,-0.48592499437612591,0.74302486219034436,-0.65454035503160757,-0.13961009204967534,-0.23310168124171843,-0.44863981562478505,0.86277802593624575,1.9210242506907997,12.342591915181606,-1.9645039888508296,0.8056474845457983,0.5526571998798614,0.2,1,4
-0.31284775050736247,-0.82938173087396316,-0.46287388076558222,0.93955681647330147,-0.34162641361841373,-0.022899391624550788,-0.1391376067820525,-0.44206033299848096,0.88612831371547651,-13.194035798048596,-7.6216969000631574,-6.2491588148092552,,0.1733826487066621,0.3478260869565217,0,1
0.65614871797864693,-0.68123046487586658,-0.32464428782898425,0.73483633484259081,0.6746780684007806,0.069462687927401068,0.1717102818414955,-0.28413827222674898,0.94328204762197809,-5.2233232671835594,-9.8281969676164387,-2.8929730996013827,0.2526365966412171,0.2119596627656861,0.8547486033519553,1,5
-0.85896368652563426,-0.30362140614030303,-0.41230501690335686,0.40488039720601893,-0.89568243788653268,-0.18391529142497828,-0.31345374329969106,-0.32491077574470101,0.89228904432161915,8.0045970837848781,-13.755878899049117,1.9946107387641689,,0.3840404977405519,0.25,0,2
0.54233303956851386,0.79861865000252485,-0.26092743447273298,-0.8129655649624129,0.57720859279428627,0.07692353729376758,0.21204212878039699,0.17040684338542741,0.96228875258401148,-3.382546356552051,13.460758135416121,-4.1311491973303003,,0.08130283787977445,0.25,0,5
0.95138246329621201,0.049298969445778572,-0.30404114876775401,0.011304412065172713,0.9808543789967159,0.19441424194443027,0.30780451393748615,-0.18839930683139705,0.93261035935976866,-32.972864526806852,8.1659704169826544,-15.46989124245983,,0.1899908965643803,0.282051282051282,0,5
0.8533391043974462,0.44736284313006025,-0.267729078534164,-0.43492552440356624,0.89401370079542708,0.10760711413446294,0.2874928888310917,0.024616851477258422,0.9574663699028283,-9.2850787545865572,-3.6276724837699286,-4.8413544071318908,,0.0784188706889523,0.3776595744680851,0,3
0.71413029841441278,-0.62264876737014696,-0.31988502524966361,0.67229039416777225,0.73737771301023436,0.065572359005436093,0.19504753983653045,-0.26188283801775319,0.94518455147948977,2.1181724801481843,-6.635994474953649,-0.41804353435822172,0.2005092615629496,0.1814368135368097,0.7096774193548387,1,5
0.27919152298598149,-0.83683393599400213,-0.47091512723797063,0.95868396834483427,0.27078581119041539,0.087178513961580301,0.054563195758394231,-0.47579828501869864,0.87786038163360369,-0.24696142825148296,-19.703909545422665,-0.60878805726879537,,0.6140700538396502,0.1428571428571428,0,2
-0.78173039898843144,-0.53745003869675223,-0.31629897123172346,0.56209310196863937,-0.82692144894940189,0.015882757528037132,-0.2700905922401966,-0.16537343550969985,0.94852659362353076,-5.3152917486182041,-11.661272722038538,-2.8578666098301926,0.3910494453181276,0.2993640665560655,0.923728813559322,1,5
-0.79937479756406205,-0.49282380586615571,-0.34369263796452121,0.53418872379492865,-0.84479366177210546,-0.031081769576756662,-0.27503152617429033,-0.20844271491533276,0.93856768227388143,7.8113975516466478,-13.094624755342435,1.8906622650440232,,0.1179986706665115,0.2307692307692308,0,1
0.72735583380530955,-0.5676574443583069,-0.38564039842057196,0.65346146488924406,0.74454472275366879,0.13653303528620792,0.20962252964360786,-0.35130923939494824,0.91249121276950218,1.6885104865637175,-2.4358496439456503,-0.73210634020090237,,0.1914446290920396,0.5,0,5
0.69056555560458022,0.68885663816882092,-0.22044442715407339,-0.67658823113046729,0.72298254852439581,0.13973045489411104,0.25563172516000982,0.052657065811911159,0.96533913963528772,4.6328930107931017,-6.7517351567262196,0.4274509240620058,0.2456358301221144,0.1560499606224111,0.38,1,5
0.01962908647078742,-0.84162014708907029,-0.53971309691177238,0.99966233739620314,0.0073279208057912106,0.024930157805883174,-0.017026748247523281,-0.54002021220546736,0.84147980382994336,-12.033197180228685,15.747601213421314,-7.8137146807097348,,0.4396594980378218,0.2380952380952381,0,3
-0.4988365076853663,-0.73177388778836605,-0.46440189034000245,0.83246217512193688,-0.55365377402960558,-0.021776719083207489,-0.24118222486643148,-0.39746003025948995,0.88535679742949058,8.6174936033875085,-16.442245455638901,2.407095932056067,,0.4593267345254843,0.1041666666666667,0,4
-0.94935790373295159,-0.033433316964924797,-0.31241284214401277,0.046378913147773572,-0.99834182417429773,-0.03409689897290466,-0.31075483429064826,-0.046859528604757221,0.94933430231079985,10.171727499440475,2.4094356595059137,1.9806630057395733,0.3129306882360819,0.3054375590542402,0.7197452229299363,1,5
0.632084661377042,-0.70100586512918639,-0.33024196872346689,0.75655316696187525,0.65045816346037344,0.067316291844662243,0.16761946907154807,-0.29239520283725473,0.94149283531311789,-3.4702521586152795,11.463183942795876,-4.0058155647393576,,0.06948230672769554,0.2580645161290323,0,5
0.32582948731774131,-0.80136833433449972,-0.50164124423755962,0.94267190126266853,0.31586494940505272,0.10769874793686789,0.072144519986505465,-0.50797453328222342,0.85834552586509338,-1.2715636494659088,26.166021288308194,-4.3230672565279216,,0.5275446721083281,0.2857142857142857,0,2
-0.084713455561524723,-0.90293019901446203,-0.42135577147409597,0.99490892378187701,-0.099818275184702127,0.013876069988998268,-0.05458812898436851,-0.41803512728819348,0.90678926357072132,-9.7727112730165562,-20.300713162675972,-3.8838095782670106,,0.2934172446855738,0.6428571428571429,0,4
0.95049598541926617,0.11261138716440945,-0.28961363431780107,-0.070344652750903028,0.98580510728907178,0.15244645050684519,0.30266980611090433,-0.12452696866016053,0.94492540580994988,-16.97442373447014,23.763522803516789,-10.427285162850799,,0.08074981830638085,0.4,0,1
0.82135600742107939,-0.44959819462207812,-0.351049529932561,0.52376779160414633,0.83819630312442317,0.15196795026144963,0.22592390212507354,-0.30868822591916045,0.92394262247580183,15.896107166452241,-4.8610110336144734,4.2569469771340236,0.8358636768174075,0.8416435175073983,0.6261682242990654,1,4
-0.75587505348069983,0.59792663264723744,-0.26671453934250572,-0.61959069062361638,-0.78491631402697359,-0.0037089172086340314,-0.21156625349544758,0.16245036763715096,0.96376843610716756,3.8353580781388583,13.170770231008831,-1.2960626490300067,,0.08379439346034617,0.25,0,1
0.91443154079734257,-0.24692368981092166,-0.32069245174334327,0.31779831244922785,0.9286989903872962,0.19110839295551391,0.25063756661645853,-0.27667106220885473,0.92770358064243985,-8.3169952008727588,11.342514708059081,-5.8564105167015157,,0.2221198619814097,0.3018867924528302,0,4
-0.54897118516047838,0.79653543541455873,-0.25330206866987875,-0.82194196686255305,-0.56949252905854564,-0.0094690261706571084,-0.15179605058636678,0.20300137801365226,0.96734089107766985,-35.378438884234619,8.1654925068649025,-16.342039216137806,,0.1331335741741223,0.3478260869565217,0,4
-0.67300600954634249,0.68142757172152735,-0.28760976272062128,-0.71669760807204075,-0.69690241403608744,0.025914549860850948,-0.18277704915641105,0.22356987679107729,0.95739702344079736,0.51558742041473571,-8.9714177253113991,-0.84425599350049241,,0.07716194099958959,0.2698412698412698,0,5
-0.68510422398615045,0.67345431159703695,-0.27765354755107385,-0.70058281668784428,-0.71356801003210635,-0.0021004810276213505,-0.19953926740885383,0.19308025598227735,0.96067897630361276,-12.435759508736711,-4.6718336436651802,-6.1851757528920146,0.2797970779153754,0.297528478948886,0.8042328042328042,1,2
-0.79482791783984152,-0.47442571424054136,-0.37837656202483616,0.54149873792968883,-0.83594035414900547,-0.089346746587608342,-0.2739118431958299,-0.275905719354616,0.92132965662919786,-9.033512669303974,-15.617588975351776,-3.9185062896080232,,0.09240202417813283,0.3870967741935484,0,3
-0.84683042386362195,-0.41539962798065988,-0.33214662770000769,0.45797717930242327,-0.8870535050218602,-0.058249313014221871,-0.27043508732624588,-0.20144286609846002,0.9414274455532321,-10.149197019170368,7.9112065099000244,-6.1876892049874668,0.3513923505066511,0.2823680217476168,0.6186252771618626,1,5
0.59805070843504193,-0.73257228413269437,-0.32507414332879675,0.78541873795128159,0.61644761150539384,0.05576511763021072,0.15953919961990692,-0.28866969149860855,0.94404292963547887,-18.003638045139667,15.352865927930658,-10.241567751587084,0.5871291160320929,0.5280198795753004,0.9722222222222222,1,5
0.95001787364912738,-0.033761753401713536,-0.31036459810105826,0.12219249206953776,0.95503629075517016,0.27013825760606619,0.28728911331448931,-0.29456039677432427,0.91142697898576963,-2.557709800222209,4.216386571233314,-2.7531975631768559,,0.3903647524180998,0.2786259541984733,0,3
0.85558399253887563,-0.34846249474666707,-0.38281839227780828,0.41849830426641271,0.90086815833401768,0.11530711437726837,0.30468869528975645,-0.25886376929729721,0.91659933881048661,-11.194080093056375,-9.0023659350037875,-5.2499810125224622,,0.2656134364802966,0.3125,0,3
-0.7940165448144838,0.53729438405706498,-0.28434569000005611,-0.56433504488937858,-0.82538622756582924,0.01623368271072996,-0.22597274984070947,0.17335605038587137,0.95858437089493576,-30.721153002057076,5.7849036599813841,-14.332408260666966,,0.08378028278035318,0.4285714285714285,0,1
0.62553907702675782,0.73291609952460879,-0.2674600048047317,-0.74497379710850964,0.66294336440014567,0.074297625934792624,0.23176476163179432,0.15277462700151154,0.96070026991268631,-8.362828836212632,-2.7522870126844277,-4.5101224125393617,0.2103090134711744,0.1517215542994692,0.7194092827004219,1,3
-0.7009330100674922,-0.62539145612393576,-0.34289713035385438,0.6638834898694157,-0.74780506715298412,0.006803926743200359,-0.26067532924412024,-0.22287464671313462,0.93934831908933825,-31.899201551659495,6.9431123661730982,-14.999537650614709,0.3236984031850312,0.4010399505815744,0.9680851063829787,1,5
0.3397647673287208,-0.858429130849928,-0.38426466164649709,0.93814557068822457,0.33828816225423336,0.073783517649396335,0.066654265280816652,-0.38556523000251225,0.9202698855949728,-12.389004304803288,-1.423880529556951,-6.2850305370904307,,0.07889305751206174,0.2551020408163265,0,1
-0.61767566275005104,-0.65876833464954454,-0.42953586219237988,0.76492774998415014,-0.63011144850902268,-0.13358555222046897,-0.18265353254309424,-0.41107644510592867,0.89311468654848669,-11.297778127707351,16.214801364409912,-7.4997737351522042,,0.4570100735951161,0.4594594594594595,0,2
0.20442493577523974,-0.91304554151299722,-0.35292815806694544,0.97888169169105166,0.19105846297858647,0.072713804716337913,0.0010388962194351535,-0.36033942727308899,0.93282067829092852,11.559313459521022,-12.811632837107904,3.1297309825460875,,0.3158854179095029,0.5483870967741935,0,5
0.18010181144717285,-0.90431258212871513,-0.38701691347684447,0.98351404588933344,0.17204571790152998,0.055681168182266302,0.016231421744309509,-0.39066484965433418,0.92038987184383747,0.81633163587263169,6.5361276555945045,-1.7219790082123321,,0.07381216977486864,0.175,0,5
-0.90171322723740999,-0.30123422547527429,-0.31011481297642901,0.31617460591480157,-0.9486984702634379,0.0021979750753927342,-0.29486755399622033,-0.096068485582545063,0.95069657182413447,4.4983832800841226,-14.350597397329096,0.82184908279359969,,0.2738104703387249,0.8426966292134831,1,5
-0.65648502432011802,-0.62262924773483297,-0.42586410122076523,0.70537381260110221,-0.70677330045805631,-0.054030419730110475,-0.26734845677504804,-0.33586354613858055,0.9031724536516923,-16.673054027633441,-22.937266098118442,-6.2284088083271705,,0.3192830562913588,0.2380952380952381,0,3
-0.89262205174747378,-0.30587052147447136,-0.33116324800174535,0.33996922064354373,-0.93916314290200886,-0.04892361423120023,-0.29605202540964332,-0.15625560824289375,0.94230429434630725,-7.1944447419553086,14.069160268456519,-5.6916800086728756,,0.07454501995501352,0.2692307692307692,0,1
0.04888373588024765,0.97916613984752199,-0.19708894170524643,-0.99727749680072586,0.058756369085306508,0.044556519913369209,0.055208466210078896,0.19437427727972417,0.97937258772681413,4.4096605448072577,-22.132888413541192,1.1887811310818663,,0.1918440321470759,0.5217391304347826,0,5
-0.809297696923578,0.51368188909117329,-0.28490025372736238,-0.53803467323768417,-0.84287852472549984,0.0086303505481066158,-0.23570305078256928,0.16027073774176054,0.95851831619197614,-7.1061731030534778,-5.297275378319287,-3.8958733212814245,,0.07552903370844602,0.3333333333333333,0,5
0.94873866137515594,0.10454655893236264,-0.29826996065222627,-0.085725507252829347,0.99345111080512571,0.075538254191557366,0.30421388827324047,-0.046096718489120815,0.95148778380293075,-10.911637444118565,-6.8107689033154823,-5.3455931245894392,0.3115769575923762,0.2565142800118992,0.8720538720538721,1,3
0.91887714009502153,0.26971055836791652,-0.28796009465837435,-0.25422666773623087,0.96288876406511892,0.090631282948434963,0.30171775357529979,-0.010071878772792552,0.95334409026094058,17.628338173064147,-4.7120136132827692,4.8639696102241814,,0.08835659334789232,0.4285714285714285,0,5
-0.79590502411794684,0.53687515625044802,-0.27982183471785677,-0.55274519629986374,-0.83294680811288901,-0.025929959930085126,-0.24699785535756338,0.13403238957657787,0.95970171303022966,2.0963858698627909,17.621466922153989,-2.2008386511253919,,0.1330670935197068,0.1052631578947368,0,4
-0.19653058163707884,0.9714125424640907,-0.13316682328884455,-0.98022934247910465,-0.19783361312339884,0.0035068021790886999,-0.022938322178690105,0.13122322150439755,0.99108743283003753,-10.407704561387341,-9.8496315941637853,-4.7770210387914673,,0.2586294331957485,0.2063492063492063,0,4
-0.78055754940902533,-0.53152178729462662,-0.32895972654977723,0.56377238138147345,-0.82592391559489997,-0.0032229861702395162,-0.26998261805538765,-0.18797413460238727,0.94433845133428973,-3.0625436370255326,17.193386643750898,-4.1664246858894334,0.1571762041538657,0.1579266946816688,0.5185185185185185,1,5
0.30665826950522773,0.91141787969017407,-0.27436864676038664,-0.94285579661689833,0.33034376242506208,0.043542455290990684,0.13032134334011788,0.24533741501842071,0.96063827753327946,-11.313910539376764,-14.968337310881802,-4.7594699914045382,0.2501226595914789,0.2651182007652055,0.8571428571428571,1,5
0.7044332970738556,-0.61731672236429191,-0.35027673954041866,0.68216504895725405,0.72514130959359335,0.093919790789999263,0.19602187621489059,-0.30510677706386263,0.93192557569523671,-7.3839617358474152,2.6472249728753581,-4.6776855032391325,0.4561248948391506,0.3922898989644556,0.9096209912536443,1,5
-0.95317398119751817,0.057140007950323875,-0.29697538796929401,-0.023213152950474329,-0.99291489373886332,-0.11653824832063714,-0.3015302822241468,-0.10418749101010877,0.94774704199952409,-4.1386619601664192,-12.806442062874751,-2.4178067049111789,0.4383257422361429,0.4744659392403464,0.7659574468085106,1,4
-0.80328644826904627,0.56881500806932217,-0.17657963818742212,-0.5567223212548148,-0.82245307267032042,-0.11675273132480843,-0.21163917180889461,0.0045199391864213139,0.97733741927023321,18.062668331880161,-6.0483923948893388,5.0543824512188049,,0.4904919808367559,0.2857142857142857,0,3
-0.9472214665895321,-0.011758667091955376,-0.32036420989273318,0.10092051605466559,-0.95945476417471665,-0.26317599613509196,-0.30428036852750556,-0.28161727441806267,0.91000283959892458,-18.729169179433711,7.6297107752152797,-9.8198544275924977,,0.2488827848054253,0.2156862745098039,0,2
-0.70075634107629259,0.65129045178139688,-0.29113793613981243,-0.68733123943189056,-0.72568284310745101,0.03098674749803838,-0.19109243245714111,0.2218223582912002,0.95617912737088273,7.2063440120233215,-12.242043734390853,1.6143025930462547,0.2974538659550728,0.2918270541251308,0.8059701492537313,1,5
0.33431654626857055,0.90114513662332885,-0.27598893026927296,-0.93109677852515538,0.3611446357109856,0.051316090237454065,0.14591516683036673,0.23981658582613158,0.95978996100790992,0.55442225025335901,-12.166972327446688,-0.77653835046005437,0.3004807328572684,0.2776184749478362,0.8241758241758241,1,5
-0.75393589327089328,0.6082419886599939,-0.2482384983614703,-0.62244102678886915,-0.78222812029118094,-0.026198015110810328,-0.21011386676714192,0.13476220188414731,0.96834462457097259,-5.1489320804236627,17.867107998894468,-5.0778008347508159,0.477794897543673,0.5042781222945535,0.9347826086956522,1,5
0.95313843785707586,-0.024942463680342291,-0.30150454687272654,0.050405769447738558,0.995758391083711,0.076970676187501141,0.29830584420315132,-0.088561278739269209,0.9503528414343333,-1.1859128990300654,-1.7347428590982319,-1.7956141877285563,0.2781488095411171,0.1910684735061587,0.7822120866590649,1,5
0.65872219538448518,0.69991376687436357,-0.27605395894205842,-0.71386371252485403,0.69730465425989141,0.064535409565035867,0.23766293200261027,0.15455399731884406,0.95897309277408305,-4.8185325503592678,-3.3750413480778176,-3.1403271529126675,,0.08983500745355455,0.3333333333333333,0,5
-0.952120154512483,-0.0080586408978914007,-0.30561784908281192,0.046568508980303971,-0.99181035228209613,-0.11892686440588708,-0.30215655766916077,-0.12746483206337239,0.94469790475293214,10.732296360826235,-7.3901889316599254,2.6572439740036744,,0.2263245191217795,0.3125,0,1
0.84558002334437454,0.47138885240366807,-0.2505732905767879,-0.45081270606055512,0.88191830654729542,0.13779696887490056,0.28594112711410757,-0.0035567409666029714,0.95824058639697074,-2.8935683744843614,-4.0851672462374795,-2.3497183475608456,0.1257179817966569,0.09103474370245257,0.3279569892473118,1,5
0.050815213570761054,-0.84681504311110001,-0.5294545276324516,0.99621249935275702,0.005524975231866929,0.086776326161111417,-0.070558275227575365,-0.53185877581312102,0.84388848338360278,5.8484831690158812,13.981611580986726,-0.59312875584604074,,0.5998122713094486,0.1515151515151515,0,3
0.94867405937305305,0.17839215329254346,-0.26113936646224639,-0.11753836539082824,0.96545897069266329,0.23253754228149198,0.29360221684092558,-0.18990843991964707,0.93687380298169354,-6.9135827099436842,-14.979633100884342,-3.2393052775746343,,0.18878140556512,0.2916666666666667,0,4
0.93492309437514254,-0.16406822043305996,-0.31464333243839471,0.21412732858457559,0.96790777780595505,0.13154474834052751,0.2829634159343617,-0.19035795939930719,0.94005082444306742,9.3393376946872806,-22.947077875147222,2.9004074467952319,,0.369857646350067,0.3571428571428572,1,2
0.90409377971700722,0.34089591750442216,-0.25769053320957513,-0.30997109557972252,0.93824403955946323,0.15367511879366993,0.29416382745355274,-0.059060102099134239,0.95392848104976813,20.850777797836848,-4.2547862616367693,5.9298642545968807,0.2150569922351158,0.1200237834765829,0.2608695652173913,1,4
-0.68201068721494273,-0.61109643159070282,-0.40177428218056904,0.69077843358060254,-0.71868515674243283,-0.07947830633597304,-0.24018030357323467,-0.33174206362054104,0.91228319342200681,9.1360514272339142,-19.281614957961132,2.6706167662143909,,0.3749242267838202,0.1875,0,3
-0.0046424756611540005,-0.82638835234696661,-0.56308146704096096,0.99899675177019076,-0.028913705573753171,0.034197771602867091,-0.044541411880890558,-0.56235779423358179,0.82569351086973986,-14.526462256564544,-7.0443138438486992,-6.8087143303138964,,0.09966694622644706,0.2777777777777778,0,1
0.68847564411886775,0.68405603524358016,-0.24097433079467925,-0.68348486572366873,0.72309540834327457,0.099907300832180176,0.24258962422537464,0.095918564833439482,0.9653755244144554,-1.1898031983499435,15.595352223981894,-3.2612457079249908,,0.104174318748531,0.3333333333333333,0,3
0.90402003753798543,-0.26995880146487661,-0.33146646473130098,0.33876823952148377,0.92532664569655676,0.17031347173806899,0.2607371312669795,-0.26625710183130658,0.92796729689308544,11.630929669692506,-7.5431901569647017,2.9189723362839644,,0.08924008664749022,0.125,0,4
0.44870954734813151,0.89160235317023662,-0.060868595678973333,-0.87202256751695384,0.4517228015752966,0.18847586656679591,0.19554125871481465,-0.031492131688104233,0.98018970703734909,5.3848600919628531,-5.783014548577758,0.66273875268793192,,0.202185509107277,0.148936170212766,0,2
0.3163489917074529,-0.89210874653816552,-0.32259153708022392,0.94681267226231125,0.31803552052698247,0.04898133651333926,0.058898888692229222,-0.32092895169061153,0.94527008250424704,-8.4021296537838879,-17.792435907246094,-3.557922613094139,,0.0689790780162301,0.3529411764705883,0,1
-0.95374498771366034,0.088284880976436567,-0.28736088495486944,-0.02482199987169886,-0.97576740273817519,-0.21739789344877544,-0.29959033150860959,-0.20020927936679708,0.93282467684018155,-39.686297171198795,15.034841858135509,-18.357287654815824,,0.6853866835781793,0.6956521739130435,0,1
-0.25026687590656282,0.93464652758147093,-0.25259128904985673,-0.96761106839798727,-0.25037652887573419,0.032255450730768083,-0.033095485155462769,0.25248259795090405,0.96703527680963486,15.527943734796139,-6.3477197389379176,4.2308204380398902,,0.07900354445259533,0.1052631578947368,0,3
0.42915620077242611,0.89741138759459937,-0.10236091419146635,-0.88809759757726092,0.43990542900113272,0.13328867436067895,0.1646438960790067,0.033704820884631261,0.98577703997053046,9.3023882675126384,10.37628670397936,0.92032183620567487,,0.1538553627226739,0.28,0,2
-0.65593530981828529,-0.68701511067734766,-0.31266452794422311,0.7164303936009323,-0.69706911525938087,0.028672978155743323,-0.23764755512818839,-0.20519475201012874,0.94943075223477935,-3.077005432022121,7.7512301274782596,-3.4410068772348241,,0.08286785855389486,0.3695652173913043,0,4
-0.85906080349900771,-0.32771809416342274,-0.39321163086756816,0.42246483386109057,-0.88768415931193512,-0.1831401033563762,-0.28902941034150831,-0.32344657064893556,0.90102403735587588,14.330760162395578,2.1782260916449108,3.3525944696116969,,0.415429682922167,0.1818181818181818,0,1
0.93503524153023998,0.21237281033935665,-0.28391351944747051,-0.13581550368716935,0.95422225361950486,0.26648459553136311,0.32751068082535267,-0.21061263049940135,0.92107495559234309,0.38798776173648819,-10.98834051509558,-0.82195925566667161,,0.2353396046591199,0.3777777777777778,0,4
