axis_00,axis_01,axis_02,axis_10,axis_11,axis_12,axis_20,axis_21,axis_22,location_x,location_y,location_z,dbh,dbh_approximation,score,reconstructed,number_clusters
0.44488572625167133,-0.79588562045889277,-0.41066138085323706,0.89521964027301859,0.40833463464644604,0.17845061450609065,0.025660986866660986,-0.4470222648760549,0.89415468933407272,17.056284267559295,4.931659882160802,4.5049523926798107,,0.1188546514807085,0.16,0,5
-0.55982396861295158,0.75401545378933976,-0.34359543014030491,-0.82345165507563467,-0.55245731327436032,0.12929922181851403,-0.092328196774565607,0.35531902912246549,0.93017411898193869,-5.8301721012919696,-4.518184836657551,-2.6288245786935653,0.3375937877012085,0.2725480066742771,0.8806078147612156,1,5
0.93216643077535721,0.10918256125438079,-0.34517374415425245,0.0023263538617286235,0.95161336165613042,0.3072891114166425,0.36202255926011284,-0.28724759047806331,0.88680803354012638,-21.317186644547583,-1.0743426504951561,-8.5201393216217944,,0.3421249897867312,0.6557971014492754,1,5
0.92355344732641154,-0.10225172695615604,-0.36958573330958977,0.20702166409810566,0.94422469889727145,0.25608933711970638,0.32278640077542708,-0.31302444365710991,0.89321029838868538,-2.9054171420700472,-21.985561421024371,1.149622530314764,0.1597594121680169,0.140734038928463,0.2222222222222222,1,5
-0.68009525136028259,0.68390668909991537,-0.26408727663707082,-0.71638850267137866,-0.69648357648674986,0.041208505487156967,-0.15574967838635553,0.21721479758206308,0.96361806199029365,-11.865284502535385,-12.72058688322074,-3.5423683913118444,0.5072115574890746,0.207031466517251,0.6081081081081081,1,4
-0.92244897251127034,-0.031753184561998708,-0.38481115937960375,0.014774087050381588,-0.99878560652774373,0.04700041004966083,-0.38583625991439796,0.037670246391285446,0.92179788081340852,1.795432948495399,8.9904276526470905,-1.6171932324617371,,0.0934039927039418,0.4090909090909091,0,5
0.53478492523324761,0.78981351071226014,-0.30033265230348405,-0.77930818054846118,0.59839994125290408,0.18600072590925329,0.32662492782014968,0.13458130852721181,0.93552339784827765,18.264444976218378,-8.7085126045655077,6.6458400445484083,0.3945749875310303,0.5252423596564604,0.7837837837837838,1,5
-0.92841115040493749,0.13269773732087833,-0.34705049533706084,-0.17661276452676872,-0.97939091037829973,0.097986611710871502,-0.32689549891363179,0.15226541031463492,0.93271355603514372,-20.90410052335162,3.0325903234850808,-8.9784494647069213,,0.108172520339606,0.3333333333333333,0,4
0.53904343042653591,0.79674513905634714,-0.27318375409982737,-0.76342465466567577,0.59918732331281355,0.24115834679691342,0.35582998294492685,0.078560390600533145,0.93124287286728036,-7.7622513109812106,-10.405373651842382,-2.5374672662702742,,0.153817020318789,0.2264150943396226,0,4
-0.50387557628321211,-0.73678892513730909,-0.45083420835188326,0.79870449790067333,-0.59616192273172974,0.08162160815642043,-0.32890808542584371,-0.31895617517115954,0.88886806088512949,-4.7119265241005612,5.2247518151002845,-3.4742006016804754,,0.1823095715495744,0.273972602739726,1,7
-0.76425940822312877,0.59087841368941052,-0.2583994140440698,-0.61484000281662854,-0.78850075308379231,0.015438047892810567,-0.19462612332079454,0.17067296980535068,0.96591480447239264,-14.678445476977593,-1.7690001375078841,-6.0910622594434987,,0.7588076353179368,0.5397412199630314,0,3
-0.82667929976624788,0.49917402884358508,-0.25966637107266854,-0.50817970274009594,-0.8604850432203478,-0.036316389097245959,-0.24156722679405973,0.10193517215435825,0.9650152825820365,11.26221015959899,-10.853116300639932,4.3278287244038536,0.2639851870606315,0.1547595062090573,0.4285714285714285,1,5
-0.71795660417594176,-0.56671945172636362,-0.40418730503953271,0.59028918280443976,-0.803418207543802,0.077960659637867663,-0.36891326241301919,-0.18261502353879461,0.91134777006020518,-0.76643971063907679,10.864456965478754,-2.7204495076873836,,0.1384489497384366,0.4864864864864865,0,5
0.92653646811233348,-0.072643731733307723,-0.36912472349841668,0.18049820851087947,0.94671150404393545,0.26675405308117273,0.33007661229218649,-0.31378370950501749,0.89027479671558996,-6.4115390700607922,4.6334076907033355,-3.9402219434504651,,0.3143279125606639,0.1702127659574468,1,3
0.87371596193419965,-0.31560899679494409,-0.37015048156592484,0.40674863824772345,0.89135924147279488,0.20008560149262888,0.26678823651919076,-0.325376188100994,0.90716832675741488,-23.703834211944308,3.7718681942307177,-10.104957902687362,,0.1037125303527383,0.2222222222222222,0,2
-0.92690542820656752,0.15351562126909796,-0.34246062720780268,-0.17769502364220138,-0.98326500771652758,0.04017963629767677,-0.33056134942548282,0.098096272235895968,0.93867263496888198,-1.3618226027491078,-21.110433664974121,1.546339510257928,0.2484118516905606,0.1802363529908294,0.3243243243243243,1,5
-0.83479601469284548,0.48257381195065241,-0.26502477218622306,-0.46250480155159535,-0.87582370918008323,-0.13792077066113353,-0.29867193104585921,0.0074395199749655253,0.95432684712727212,12.055506476556346,15.055030656657484,1.3798699649719366,,0.2986407513441016,0.5217391304347826,0,4
-0.79930271551345267,-0.40073145731154636,-0.4478051675603853,0.44827197605057173,-0.89389719376433308,-0.0002060775725818426,-0.40020920086941536,-0.20090322571132238,0.89413113660035881,-2.514454510700443,-15.595047417653216,0.20183884089579976,,0.2568105926346324,0.55,0,2
-0.41642750784617955,0.9009306412405188,-0.12211515214324185,-0.90904762890439772,-0.41040513459474348,0.072111260435264612,0.014850558653200304,0.14103760197981791,0.98989285063357724,18.188311031167999,6.7183458715580695,4.7532123473780352,,0.2678306940950653,0.2857142857142857,0,2
-0.93281467954910369,0.052820331368195569,-0.3564642846230982,-0.017112112480179523,-0.99457602479466278,-0.10259486590522823,-0.35994992599550407,-0.089602140029131486,0.92865898330766772,-24.183671910355638,2.7934317001258342,-10.136070789415916,,0.268499505508515,0.1875,0,1
-0.91420425895843938,-0.098235578208208593,-0.39316706891136055,0.14559664791878138,-0.98501667989569486,-0.092432442584177946,-0.37819596642093634,-0.14174593998193349,0.91480921479922406,4.5027861167266519,-4.5942061151879123,0.90110400044708994,,0.154626841838945,0.1739130434782609,0,2
-0.78819248648413953,-0.48996524405493358,-0.37240658408269306,0.48254650034938606,-0.86758871643731628,0.12016111730177521,-0.38197052144178661,-0.084993404031374301,0.92025792146585206,-34.623852181439972,-3.0664306272485229,-13.254184499451146,,0.4374644995223178,0.7631578947368421,0,1
-0.93091990391777912,-0.047908561830344656,-0.36206753816527421,0.041740771611597047,-0.99881958021895967,0.024842587556278536,-0.36283031912311675,0.0080134808024299488,0.93182076798623015,4.4741012657496597,6.7373921155364611,-0.3431736423603608,0.7750359261914642,0.7258275708243429,0.7801724137931034,1,5
0.063464460209481363,-0.88625003636853317,-0.45883889909977449,0.98937931899966092,-0.004372013292720656,0.14529091036790845,-0.13077012436365767,-0.46318652672173227,0.87655998998207274,-3.0401068083214975,-3.815509468689334,-1.7883777608291271,,0.08899904136228186,0.2435424354243542,0,4
0.92268110952426352,0.1491236608818981,-0.35555829886567514,-0.090259688204687771,0.98009360817167324,0.17683242888741063,0.37485031520897066,-0.13106736049150158,0.91777371296062094,-24.946503806443683,0.57099112859148882,-10.036982073104886,,0.1072047078388377,0.3225806451612903,0,2
0.31039597455789597,-0.78309010147251945,-0.53891022624739049,0.95002506178452362,0.23570135876417642,0.20468818104139128,-0.033267415883508865,-0.57551260842181429,0.81711597499250588,-1.7784982506084313,-18.2441236335425,0.92764948854379159,,0.3609438966656925,0.3191489361702128,0,6
0.16093122635632076,-0.87495030498169568,-0.45668709659447149,0.98583381118962954,0.12034924539814849,0.11682360997429495,-0.047252905717856064,-0.46901814777738998,0.88192354541461571,2.8875258623200053,9.6342392940109836,-1.222727316296899,,0.1914946466431166,0.16,0,3
0.26218058497715557,-0.88797592481207444,-0.37783607267593999,0.96377418949332383,0.22105898513729438,0.14923885806503798,-0.048996454234195665,-0.40327618581340885,0.91376565126309373,-12.13239575834797,-7.1255418521483627,-4.5280610226883402,0.2753316098982441,0.2226867728529976,0.7548387096774194,1,1
0.72006680377456722,0.64780085073820814,-0.24871239592093705,-0.54941237435086243,0.7511797080531496,0.36588944931404205,0.42385120149885974,-0.12681917832898501,0.89680937494873147,-8.6666195713594867,-28.285713562474911,-0.03054835152312254,,0.3441823370416121,0.1666666666666667,0,2
-0.90076204253856162,0.33428245421150987,-0.27727780929617907,-0.3129318015946207,-0.94224437965896046,-0.11937008231481491,-0.30116678148910003,-0.020754994758625977,0.95334558262996438,10.28616727705664,6.2059295265514436,1.7948351951143302,,0.1657819989213953,0.2,0,1
-0.48247742586804626,-0.64589421409853087,-0.59163857017759103,0.81710859833335747,-0.57520379249324838,-0.038394473965390807,-0.31551398076383075,-0.50195742976414282,0.80528856110535674,1.5984044536810591,-25.525903232179903,3.4213767033037179,,0.2126213261002485,0.1666666666666667,0,1
0.93344958489245156,0.0042197250693274315,-0.35868379721483051,0.07761778050942561,0.97386537934324224,0.21345187529144383,0.35021044046815764,-0.22708680462982161,0.90872670839483793,-3.2039095651391394,5.2881585174344954,-2.9829803943066588,0.2041569520383534,0.1051692952848061,0.3785714285714286,1,5
-0.57789665205876473,-0.69594332121111635,-0.42626089804357276,0.74167782872883925,-0.66578744560987235,0.081492795021135281,-0.34051352089358589,-0.26905384392333681,0.90092206719489965,-5.7448630212829368,-13.304424338324882,-1.2708675018103528,0.7525414268784387,0.9224195619190819,0.6287878787878788,1,2
0.62295855057506178,0.7058497441694751,-0.33719250128273059,-0.69907419253939929,0.69576800212058776,0.16493077502550024,0.35102409830495185,0.13297753900945808,0.92687596609696554,8.7666298572645847,2.0053396506522292,1.7127375924102983,0.3307257975044983,0.3056243752394067,0.9304812834224599,1,5
-0.83455434541809981,0.47861941156137122,-0.27284153536515193,-0.48676044477461433,-0.87253818233659453,-0.04172996246788567,-0.25803742741429297,0.097982545595621764,0.96115352926159259,-8.4340020171709291,-16.687852571350806,-1.7720422570759602,,0.365510168463332,0.6388888888888888,0,5
0.54275034106819309,-0.70294788326300761,-0.45965893952627324,0.83585087979243322,0.50570281756767455,0.21358363011788045,0.08231266014761239,-0.5001289171005544,0.86202998338761472,-7.7016973126120227,10.583472898381491,-5.1868086141131364,,0.1079721248548513,0.108695652173913,0,5
0.59366053699794141,0.73886979395464081,-0.31880808395136556,-0.72575223391986088,0.66274452126396333,0.18453561849932992,0.3476361053913215,0.12182416474585464,0.92968167192449669,-16.549183692758838,7.4640442666995748,-7.9700366098224524,,0.07295284741112919,0.1764705882352941,0,2
0.7911789161420506,0.54774573054556941,-0.27204877746718997,-0.49410708995806019,0.83461844505190863,0.24345479011987761,0.36040824949696898,-0.058195067215674065,0.93097756570515477,15.049445822740214,-2.4541088530519786,4.5286065261023305,0.4918161469080879,0.3071015289334529,0.6470588235294118,1,6
-0.29739305018994283,-0.87545778964110599,-0.38096067022125962,0.91880264545149837,-0.37089056482768884,0.13506253230680293,-0.25953626415214204,-0.30986101316317133,0.91467320946414665,10.645710748756697,-9.7511354974434301,3.9225428643441695,,0.1564722590016929,0.3043478260869565,0,2
0.87576572989620671,0.35765217348682815,-0.32422108065255673,-0.22072914188370485,0.89398942205657062,0.38995071377578183,0.42931693684578448,-0.26994043056034822,0.86186955607345028,-5.5400183139753594,17.664454576865744,-5.3404549343647414,,0.40610655133428,0.2380952380952381,0,2
-0.51228120720512338,0.7923655645670572,-0.33124730464230107,-0.85622308429356297,-0.50117396967475658,0.12532630228034025,-0.066708280350181975,0.34782389827148757,0.93518369378638455,2.6904128164068717,16.288833486464931,-2.1924542958316811,,0.1034675480012946,0.3,0,5
0.89125008923993043,-0.22861628579474672,-0.39167317025708148,0.37723614667286104,0.85309064072899754,0.36045699929950298,0.25172637540239917,-0.46901061029576391,0.84655943639933939,-5.1372508781602342,-28.163470557477883,1.2754257108755584,,0.2324031900009795,0.4722222222222222,0,5
0.81973563133671812,0.46922365254006837,-0.32842450976434373,-0.4140463182752791,0.88169244425467719,0.22623898883017338,0.39572609345313398,-0.049473201242392899,0.91703503821781596,-0.30740900675221622,-28.579944797033232,3.2331543423972429,,0.3471119012986915,0.44,0,2
-0.75544925838681776,0.55409213596461082,-0.34968317498127177,-0.62482601109938385,-0.76987229189978246,0.12995810870664909,-0.19720262132243599,0.31666790021590724,0.92781063106455541,1.2711200516061039,-5.5197467628215788,-0.11013426010646937,0.4292054138888943,0.385041760432774,0.9561243144424132,1,5
0.010873097427063489,-0.86656340360521888,-0.49894853771153469,0.98934687694921197,-0.063118319619560576,0.13118244851824742,-0.14517070235822799,-0.49505953708674283,0.85664550539664719,4.6426642779522895,-16.515332327897724,2.9634562357815648,0.1876973141594549,0.1498875096583776,0.103448275862069,1,3
0.63598141372439942,0.70611969520291418,-0.31132397505437848,-0.68084563059335912,0.70333122000971204,0.20438792102661749,0.3632862076917413,0.081976649152030318,0.9280640927731012,12.054292270760925,-17.444908342974067,5.8496911022608034,0.287550116101835,0.2278618259835794,0.5625,1,5
-0.90368410433195701,0.27935086647435942,-0.32452755349550072,-0.3009990666873853,-0.95346511739824724,0.017430770438251628,-0.30455640106731208,0.11343440088779347,0.94571562071489312,-3.7505784776815538,2.7039572800031082,-2.869984271793514,,0.08049422235889749,0.328042328042328,0,5
0.83204567030991139,0.46941539323009474,-0.29554896568447986,-0.39079356337838161,0.87417808321299662,0.28825868530207049,0.39367549243070382,-0.124345757582182,0.91080060344224423,-23.399884310684886,0.70933438292840878,-9.531543107430041,,0.3309496850301711,0.1428571428571428,0,2
-0.34720540470331923,-0.77969346215816437,-0.52108205880899294,0.89448324623290942,-0.44224482540645116,0.065720899338439415,-0.28168799966175323,-0.44328052006492707,0.85097253268100692,-2.0204099062493257,-9.5015515215715425,-0.63881022027304979,,0.1806774961193299,0.2142857142857143,0,4
0.86852272571368394,-0.27846710046900386,-0.41002969267512612,0.4137957565881033,0.86275216716329373,0.29057145400868095,0.27283941567990455,-0.4220364581542993,0.86454836836351867,-27.276401417049144,5.5013711875283038,-11.618091539016085,,0.1576611289743704,0.2916666666666667,0,1
-0.65994218324008647,0.67941560199071083,-0.32073471055049291,-0.73654383212217167,-0.66928995283501802,0.097745293476903153,-0.14825484188752364,0.300741415182046,0.94211204378842639,-19.969902451696594,-6.1945692901198619,-7.3054474903338793,,0.09594288300251876,0.52,0,2
0.33799601941992197,-0.716214019984593,-0.61057036321278857,0.94101222061833167,0.24617737238106541,0.23214801738225227,-0.015959057091319097,-0.65301927912203561,0.75717311731974002,-15.258388375310393,-20.822531139886102,-3.5877022261888514,,0.4456259588793497,0.2941176470588235,0,1
0.93429134492665145,0.016374058906555619,-0.35613420643076876,0.048055852070058136,0.98404368543127296,0.17131450681322516,0.35325673083038261,-0.17717199371729864,0.91859662897556305,8.0568913762777274,0.66768529531766374,1.593812846528776,0.1277193653992398,0.08811930040565626,0.5121951219512195,1,5
0.79247959721334549,-0.46763789410181533,-0.39152380259773839,0.56828583793837362,0.79923055418190214,0.1956571686925114,0.22142107939230643,-0.37755174646941914,0.89912590016005944,-4.987667069992602,-11.110027127003953,-1.4717027797747564,,0.07134631738497152,0.25,0,5
-0.63285471539977922,0.72177380307996586,-0.28024540385837943,-0.76398443860813148,-0.64091091616905349,0.074571945797073838,-0.12578826161801335,0.26129633507346806,0.95702744919688243,0.81532609162842684,13.153803830250824,-2.457034687146376,,0.08228629513074422,0.4736842105263158,0,3
-0.41284017274452162,0.85142588288856846,-0.32347636345751096,-0.90997734400361852,-0.4006994204107483,0.10668274407143409,-0.03878434179400523,0.33839908455832529,0.94020308146787812,-7.302157059129553,-9.1136588572165067,-2.4912754236874535,0.1510146183341307,0.1210406018475765,0.4838709677419355,1,5
-0.06495728294008668,0.97435801861032612,-0.21542284689141328,-0.98913171820520074,-0.034333240514443641,0.14296738312008583,0.13190525172816112,0.22236834344289455,0.96599861511339347,-17.397899237756835,5.0489533876231327,-8.0021118181578252,,0.1706848160020195,0.5436893203883495,1,2
0.84896659585065537,-0.306667275925809,-0.43036136095843236,0.44550317918447968,0.85335911400960685,0.2707492195247489,0.28422286408076275,-0.42158439773428885,0.86109462843565898,-4.5900286890866759,-15.834434186060424,-0.4986852735723753,,0.1929739061751144,0.1818181818181818,0,4
-0.80206535313128413,0.49902720275358076,-0.32812043553903503,-0.55315872211671868,-0.82785815643008476,0.093092969543253745,-0.22518125466518765,0.25616932631390343,0.94003759435636081,-19.529352290842994,4.9506627350457428,-8.7838663831749813,,0.1040344560221248,0.1621621621621622,0,1
-0.89323183689485808,-0.25362740376618614,-0.37122772743460453,0.23799338945769785,-0.96725460304058763,0.088191153021326407,-0.38143942131336339,-0.00957459950172505,0.92434425130062203,-6.7754531668936355,6.0310697187216356,-4.2262155701829931,,0.09751716923797119,0.4677419354838709,1,5
-0.080769007206170099,-0.848255126093862,-0.52339240396705877,0.99625065605487262,-0.085035734331818977,-0.015923385220643994,-0.030999964276856265,-0.52271614184195181,0.85194297771194694,-12.09707357870805,-9.4746611135210212,-4.074969661093216,,0.2831600013770164,0.36,0,2
-0.42292160035420218,-0.8140216038597945,-0.39812830645832131,0.85584191831233747,-0.50319523086423845,0.11970451326055576,-0.29777832495549644,-0.29010926921595648,0.90948594332275701,-3.3502782793675436,-11.473479282277555,-0.77705369716258155,0.2228761138152622,0.1607776238809291,0.5804195804195804,1,5
-0.90658935698366694,-0.15777720065260925,-0.39141038918016491,0.12806834668852837,-0.98660241487750688,0.10106519447534294,-0.40211221864102653,0.041497348253813231,0.91464951413505569,-12.038117446264382,-0.020531457589497839,-5.3525779808348766,0.3059126553412476,0.255627302136566,0.822637106184364,1,3
-0.75568246125584715,-0.53072838747052109,-0.3837595555595259,0.53535522037685768,-0.83809259286606641,0.10485987697055113,-0.3772781543709503,-0.12620691152220359,0.91746008617185926,-23.604447156562141,-5.1857893385907117,-8.7985508170661646,0.3520850392165981,0.3165699582048094,0.9261744966442953,1,3
0.86273469098171118,-0.35134803190117952,-0.36365287494513121,0.43974528024605469,0.87634918172861209,0.1965609324990876,0.24962560260920796,-0.32949457076370753,0.91056047924299366,-4.5156007175691428,-17.0906375944468,-0.27234173493359537,0.2070755050777317,0.1857056140597577,0.7636363636363637,1,5
0.42103735867723474,-0.79766909436821065,-0.43180036879083072,0.90692141044120456,0.37802159792734324,0.18599254496832832,0.014869360491800723,-0.46991880935993391,0.88258439524405163,7.7934595569731346,-19.597945288179641,4.7169430646788628,0.7737037151357428,0.776914965988336,0.4459459459459459,1,5
-0.24105313084044364,0.96029044557416554,-0.14048362271449857,-0.96953111036305972,-0.23176718216881761,0.079330947981841551,0.043621258007896936,0.15532621610177635,0.98689966685641961,0.00941496443273971,14.654859150674126,-3.0136030108402534,,0.678268977103727,0.2142857142857143,0,3
-0.49821434324249364,0.80154992237126477,-0.33060579265050638,-0.8649633760176898,-0.48592685414651787,0.12535330297742048,-0.060173302514743503,0.34841471605815927,0.93540705540346492,-8.4655370291559215,-11.211336873396261,-2.616956280139219,,0.07807711951122014,0.2235294117647059,0,3
-0.18615853868155841,0.93386294591626384,-0.30536043738595664,-0.97959326429084603,-0.15244276609645532,0.13098946377806489,0.075776216796236792,0.32351383480379536,0.94318437415946998,-8.3806656718408892,2.4666431417699375,-4.4027315243153433,0.5799248966887633,0.1263574600526962,0.3523809523809524,1,5
0.91133665966332367,0.27752137761727302,-0.30405160371079504,-0.1599333537012822,0.91926518085719722,0.35968437502544509,0.37932415573959416,-0.27916556418905863,0.88214498391332974,-9.2870459086514305,-19.537553090829615,-1.552970471542749,,0.4413061687267946,0.4545454545454545,0,1
-0.19343148421687495,0.94926919454983461,-0.24793599414438966,-0.97474705237928727,-0.15719593446508925,0.15861154455316312,0.11159052285722804,0.27235534594782124,0.95570399221835156,-15.675497737692554,-0.26886418378330523,-6.550988836613417,,0.146076212644012,0.2533333333333334,0,4
0.20858003580524162,-0.83067529840663412,-0.51621014837034462,0.97537714742048398,0.13801375066081284,0.17202216403247098,-0.071650463734461919,-0.53937997112015956,0.83900861604697019,-30.606240150005728,3.0247163846535488,-12.569533067835435,,0.2585785224330448,0.1904761904761905,0,1
-0.76770008866878958,-0.49429008418982306,-0.40781599592163048,0.51749620111546002,-0.85355305899092349,0.06037265372919659,-0.37793419491890501,-0.16469513702248731,0.91106599988812254,11.316434124586184,1.7875438175682259,2.6866630620683845,,0.09204700355939291,0.1578947368421053,0,5
0.93453860300837421,0.07445196252652829,-0.34798635715083232,0.019467724145698927,0.96570900245822688,0.25889598352953525,0.35532887189721185,-0.24872279317964971,0.90104293180134865,-4.0524662183881865,-22.693553836013447,0.80202777822101667,0.3225465382174613,0.2892697844516833,0.6727272727272727,1,5
0.68513220304715194,-0.54334941377745483,-0.48514459586338976,0.70991150978289352,0.64725541431366218,0.27764379503137021,0.16315487312834975,-0.53463243746460554,0.82918553061731992,-1.4981358877006612,-19.069619857992826,1.2134288261752744,,0.1537279384777583,0.2105263157894737,0,2
-0.87249208787473287,-0.21144337428095927,-0.44051022243379573,0.29950115680824296,-0.94373684195872198,-0.14021351646793123,-0.38607850712842617,-0.25426850493614167,0.88673046284145762,11.425619673971632,6.2071402808692069,2.2773278621325619,,0.2824336663774895,0.1818181818181818,0,1
0.86525258006226169,-0.33252178984332925,-0.37518959470511476,0.42123413865931358,0.88800344273293519,0.18442257487195263,0.27184512709177944,-0.31761477448922859,0.90841679965895106,4.2724482850346668,-9.6652576039791853,1.6624610073473065,,0.09956951190909735,0.38,0,5
-0.9213559579585282,0.16264683537976515,-0.35305694395560494,-0.21369381943848637,-0.97062931200812985,0.11051556543951964,-0.32471241163237835,0.17727026149800984,0.92905172305976214,-13.786034723200101,-12.629565589239292,-4.2782688964343123,,0.0720522428807428,0.25,0,1
-0.00031747160169604482,0.9422201497954088,-0.33499416193614401,-0.98820000461853352,0.051015026373769659,0.14442374443287917,0.15316869811979247,0.33108708280994731,0.93108576055736503,-1.6052116450859906,2.8690946837561722,-2.1236229624689709,0.2050869373272948,0.1956898076373856,0.7878787878787878,1,5
-0.14733703207959656,-0.84948667337532535,-0.50662036154866608,0.9627483457111331,-0.24058820622920915,0.12342178840824496,-0.22673204848114009,-0.4695633149865272,0.85328944175491306,-7.7962757523988939,0.46077795231588664,-3.9700068797685057,,0.5876474217471974,0.233201581027668,0,4
0.21079912971865214,0.96725426717742169,-0.14136091941173132,-0.94834290389521403,0.23742871434195467,0.21041231484283773,0.2370853507525377,0.089703891961261203,0.96733848689357482,-12.166877478078737,-15.372682165668751,-3.260078553048964,,0.5894830181702372,0.2051282051282051,0,3
0.79380880742924842,0.52657997436376502,-0.30427143777688165,-0.4447521566815511,0.84387332232153778,0.30012220011375157,0.4148048895262243,-0.10291426758747484,0.90407165487701802,-10.828421972006339,18.523569325198896,-7.4623092657540191,,0.2090532624608354,0.5,0,2
0.91486916025576548,-0.13802625541075275,-0.37942479153344211,0.25220795467284668,0.9292141864361555,0.27009654445315068,0.315286484348203,-0.34279694943665867,0.88492072201088801,-1.4388122987254595,-15.619275060717941,0.58959547201565699,0.3551003664828158,0.1125927693765217,0.4666666666666667,1,5
-0.10326494407911734,0.96909460974364336,-0.22403568619787639,-0.98803305539279596,-0.073996499544461705,0.13533365991631077,0.11457326379009176,0.23532988637438942,0.96513875261720994,-21.718492963729698,5.1994571040379984,-9.5841892428176259,,0.1190308714679356,0.2608695652173913,0,1
-0.88240991220592291,-0.2967847424552999,-0.36506378002545853,0.27034712335425409,-0.95489520181188636,0.12283153687354045,-0.38505217793802288,0.0096938228979865076,0.92284389257490729,7.9224091024805325,-6.5021833195297667,2.4347578159586023,,0.09003908716445945,0.391304347826087,0,5
-0.87058784605077577,-0.24090162162652501,-0.42900257692277632,0.27038703656055052,-0.962717622766463,-0.0081011897209504833,-0.41105675127490049,-0.1230495327606001,0.90326693713360495,-3.6923758536127886,21.513851330007256,-5.3091658112687075,,0.2941339009203071,0.1063829787234043,0,5
-0.77141770821824285,0.55959085051262192,-0.30294025726184692,-0.60220316578908084,-0.79581856427584441,0.06343626618537887,-0.20558712644745675,0.23136744104669016,0.95089591473650958,-21.744542469618054,6.0348525794553121,-9.7303666331303269,,0.1079496739094858,0.2631578947368421,0,1
0.57622195255497921,-0.7118951999065839,-0.40146417741025459,0.8113103797815342,0.55756541603517518,0.17577336117928896,0.098710329005985864,-0.42699652362927631,0.89884939770577976,-4.2681467484202704,-12.698620636834228,-0.85395429487471597,,0.1071813103725146,0.2142857142857143,0,5
-0.91920355060117653,-0.15584181891825002,-0.36163263132416668,0.16624632792683766,-0.98608139762118807,0.0023739663614866032,-0.35696917375738713,-0.057937938707676419,0.9323176520077654,10.319820120342044,-14.473289708714352,4.6108575579127429,,0.5595448971111109,0.4081632653061225,0,4
-0.73700326572720709,-0.55958727400143926,-0.37906235513839942,0.56067834859077392,-0.81936954231616832,0.11947109502350615,-0.37744665282520989,-0.12448146809959772,0.91762649720396283,11.4173672667162,-9.3221518625508324,4.2240938661515894,0.5645468663265181,0.2711926209728272,0.5454545454545454,1,5
-0.14282419406241664,-0.85121100982621456,-0.50501590701784571,0.97870263411389968,-0.19747878967557375,0.056064976650173744,-0.14745305547507379,-0.48625296336259649,0.86128720648350399,-22.624700277138011,-0.93357527402792706,-9.1403647836286765,,0.5387308947860723,0.7073170731707317,0,2
0.81951033123988659,-0.32458304141557698,-0.47228028353564111,0.50859107806248216,0.79172370139892645,0.33839133552504863,0.26407940530517293,-0.5175127340158866,0.81390579173825062,-6.3798207175256181,-21.321113810400636,-0.29846688782646846,,0.378305655005531,0.4411764705882353,0,2
-0.38479444607971158,-0.82189488017594359,-0.42002623752187068,0.8742968053522564,-0.4704338912532256,0.11957027269010692,-0.29586877229110553,-0.32121762078210991,0.89960041667511137,21.149381084777104,-3.9374312491834607,7.0365507833692309,,0.2944915022628364,0.3043478260869565,0,5
-0.43250035011693544,0.88424716951837046,-0.17621120948304461,-0.89881799873052526,-0.43826904586825977,0.0068153203723706835,-0.071201490902796274,0.16132943510864492,0.98432878707307125,-1.4713170382399221,21.17002899066587,-4.3301372990816249,,0.2117622105439696,0.4615384615384616,0,2
0.88119775260467081,-0.33188059710748935,-0.33666866511164067,0.44905208137650854,0.81025191462005008,0.37662190996537809,0.14779292613621028,-0.48306014544580267,0.86302383910641611,-8.0445041755120634,9.2497748990059616,-5.1295298443501842,0.6827020286480788,0.3242119596383239,0.2025316455696203,1,2
-0.25893349601101412,0.92764664987386136,-0.26911918850448946,-0.96582636782157483,-0.24533720076051688,0.083600748463018737,0.011527005860033381,0.28156944241304777,0.95947161356400068,1.1421222855555933,11.100316885652319,-2.0594712329969647,,0.1213531633728444,0.1428571428571428,0,3
0.79599230933279141,0.51131089372346317,-0.32397131577157467,-0.46851909219114501,0.85931940896366876,0.20508538131889953,0.38325722920179495,-0.01145963952515794,0.92357055655023912,-6.5019229504699743,6.969210992946028,-4.3917199472325663,,0.07101739009153527,0.2784810126582278,0,5
-0.43746364196744353,0.83976291334535735,-0.32159572653612595,-0.89876965963937705,-0.41983644398087694,0.12629512744841387,-0.028959642060970365,0.34429000809667748,0.93841660761971335,-5.802477289488718,7.3057050494466358,-4.0871933928984188,,0.1219261095636159,0.5172413793103449,1,4
-0.022037593945681996,-0.92234943746621068,-0.38572770144086121,0.98484126873444977,-0.086425580833381685,0.15039379766177902,-0.17205237531230058,-0.37656624142822137,0.9102724020676547,-10.539848706206213,14.052248622489122,-6.6937384106455813,,0.1077048233841991,0.4146341463414634,0,4
0.92675756861636227,-0.02349754407421209,-0.37492435828413356,0.17374028099132546,0.91169668242022572,0.37232173455898304,0.3330686472385897,-0.4101914488216874,0.84900427062543171,-11.826807578155028,-18.779922035887402,-2.6305038959063864,,0.1845237194535551,0.3636363636363636,0,1
-0.44251271125251923,-0.80512126813107121,-0.39492055401429643,0.84640325391286397,-0.52048138802001498,0.11269718936368035,-0.29628370212628835,-0.28439210313891078,0.91177689130980211,-17.836885948769822,-0.6334688898178964,-7.332362793222428,,0.1916414906127761,0.5283018867924528,1,5
-0.46947552600540032,-0.78958728063108874,-0.39515143520877533,0.8261314205945709,-0.55076528975905736,0.11901458525331106,-0.31160809743706724,-0.27057258150489627,0.91087368594631579,-2.5130094524861653,12.434302345836107,-3.6101124199458248,,0.08428175940954725,0.3023255813953488,0,5
-0.54773683308700727,-0.72592923215182059,-0.41594604408178293,0.76825823664466919,-0.63326964323064205,0.093535238226879841,-0.33130596660404399,-0.26832127919716636,0.9045662206950672,-4.0673655863131124,15.190599343674943,-4.4779683487645219,,0.08724164525869486,0.3846153846153846,0,5
0.78556397474087991,-0.47553348171780074,-0.39592568665679645,0.58041331137324881,0.78807601676129679,0.20507700940472992,0.21449855377146415,-0.39090164948615114,0.8950900909176438,-18.930244536973856,0.81198887965201783,-7.9673129075776901,,0.06966671510398197,0.2222222222222222,0,1
-0.30299832591364551,0.94755647695399425,-0.10163039641792534,-0.95238635846540109,-0.29728070262543504,0.067708256922932766,0.033944641735367737,0.11730689165204249,0.99251541774845753,-10.604168518699687,-10.214862829545751,-3.5144515701746046,,0.1612349262355618,0.4166666666666667,0,2
0.35470093449186951,-0.81447722400528499,-0.45914496474124533,0.93476926447728181,0.29849555050595417,0.19263132797327895,-0.019841100251652852,-0.49752111302415314,0.8672249263230456,-14.272275099566643,8.8929321371041326,-7.3752890937278908,,0.1433756234950952,0.2558139534883721,1,5
-0.2472004839222979,-0.88380399086271266,-0.39721836121171833,0.9425029097365577,-0.31446597170807061,0.11313451186892666,-0.22490039103279275,-0.34641255516052005,0.91072397340821987,-26.505042641847396,-2.2739879669165979,-10.221536745958673,,0.1549504458857169,0.4358974358974359,0,2
0.83497064452600356,-0.3495406395756725,-0.42502395704814155,0.50596033309443844,0.79135745929626411,0.34315814568668912,0.21639816107073453,-0.50157224095955688,0.83761394626881236,10.292876235969825,-0.051574598052227784,2.5894365154381545,0.4298156853579195,0.2346684564206122,0.25,1,2
0.822999251260225,-0.38743781418496775,-0.41540844065170818,0.51324911267400264,0.82055088758470329,0.25153844482167093,0.24340825944174235,-0.42022396531317679,0.87416488044991358,5.400842292761193,-16.578401412350349,3.2624377630856523,0.1954968725445639,0.1824982903107422,0.3333333333333333,1,4
-0.24629522375555388,0.92791583001398981,-0.27984080325186683,-0.96872041788423036,-0.22665656117137986,0.10103244653162921,0.030321852341235887,0.29597130889228573,0.95471543906191414,-12.942694255039086,9.4578780700469629,-6.9757776770729425,,0.2989375614361006,0.3974358974358974,1,5
0.59755807295332253,-0.68361258879790965,-0.41904436266979384,0.79402773402596394,0.57721412305233277,0.19064053542340237,0.1115540543678569,-0.44665163672144803,0.8877263138874204,-14.130850162821076,7.0334572001135305,-7.1214181960462817,,0.08468124783214143,0.4,0,3
0.90352664615513301,0.24750116503251127,-0.34983249276647604,-0.19459039478823373,0.96429340142547326,0.17964635878149635,0.38180384747120627,-0.094241229166646651,0.91942613231370751,-12.47677387225311,12.552787199729375,-7.19289188828514,,0.07691567235630775,0.4090909090909091,0,4
0.82937020790292071,0.45243844874987971,-0.32778729129706957,-0.4060943094347691,0.89111546973815925,0.20248612653226147,0.38370883504001496,-0.034823407158741791,0.92279730180906594,10.227559098264893,-2.8576359971715082,2.7801017349687593,0.4419089274802118,0.4277154071018447,0.9157303370786517,1,5
0.37462805591568671,0.88645538434290949,-0.27175479993975948,-0.88284389102340866,0.43059643192484931,0.18754566616223767,0.28326751279220491,0.16965719667333368,0.94391522490818258,-16.517950599700811,-0.17742929612528516,-6.9247844463171457,,0.1396405734556322,0.3050847457627119,0,2
-0.47532276842910198,0.85035200686065593,-0.22576476749251365,-0.87879984672024181,-0.47118090050242079,0.075494293865212461,-0.04217932215403071,0.23428619982786489,0.97125222334512262,-28.179275609030295,-7.2733003461759154,-10.221680277231588,,0.3027513178488049,0.9111111111111111,0,3
0.30227908942559523,0.92992068966488939,-0.20946327370021259,-0.91862310073250519,0.34285193496008309,0.19642848442811281,0.25447780040041085,0.13304157856589094,0.95788359808280732,-10.914428865985585,-16.230429509782471,-2.7885574352435194,,0.2002538095640272,0.1379310344827586,0,2
0.83129681877132944,0.44198622458532549,-0.33703675819927481,-0.39269396553351554,0.89615519852131342,0.2066332732083247,0.39336630325210681,-0.039421281562553513,0.91853628889975614,-4.1909318213354245,-2.9444698662427959,-2.2974149389255341,0.1958622217450949,0.1243733122404091,0.6305343511450382,1,5
-0.60247022621277591,0.73958312570493012,-0.30007736785644468,-0.79032056985931853,-0.60530109318194714,0.094889322107290577,-0.11145861736253539,0.29432530772134613,0.9491836439016248,2.1709039516941449,-3.3260883280300066,-0.056183784766556125,0.4109521061504251,0.3682708770167789,0.8,1,5
0.21477994122122357,-0.88523950467037082,-0.41257798804585138,0.97424027204355823,0.1644590582481405,0.15430201064350013,-0.068742048103761152,-0.43509106808930209,0.89775848271760095,26.410028482087025,5.3829708054525716,7.8097295670085121,0.4074141080475722,0.2974742926870239,0.7916666666666666,1,4
-0.73009430421491994,-0.55491171210097567,-0.39879230023421497,0.57316284991797983,-0.81504286706010798,0.084790756149115631,-0.37208420340943188,-0.16666768321304379,0.91311293329224363,-3.3679400147128993,9.7203288901063889,-3.5121371225572946,,0.09006299155598138,0.3181818181818182,0,5
0.83546786014129804,0.43237627245370003,-0.33918168242103419,-0.33691962829545241,0.89061671128888498,0.30542926782190377,0.43414124284635025,-0.14089937044576847,0.8897576909854793,-9.18174800801674,3.8715133146453633,-4.8781469854968549,0.5845443171178473,0.2038611219418549,0.2962962962962963,1,4
0.90193014462347387,-0.20024651815229588,-0.3826530362970616,0.2961097380680961,0.9316978751659919,0.21037607381168119,0.31438994456044805,-0.30305181302717299,0.8996213433329715,-11.715840893156182,-21.079115219216806,-2.3223389322729444,,0.3365202947221014,0.4,0,3
-0.20402294467830057,-0.85246461744273594,-0.48133015078322722,0.95334191987012973,-0.28476505572838162,0.10023994640035608,-0.22251701477219601,-0.43842096100006528,0.87078886022539881,-7.0131432909368003,-4.6717527107954355,-3.0295717572952277,,0.07429889205958276,0.2608695652173913,0,2
0.9159676615925576,0.22731207306725251,-0.33065459977827322,-0.14148332369505001,0.9540970300470718,0.26397220757412859,0.37548064135566778,-0.19500789392541312,0.90608289315818735,-15.937774467317945,3.8917523809554342,-7.3130950902113483,,0.07417325420554022,0.2564102564102564,0,3
-0.35410594337677337,0.917488930615039,-0.18117130861181738,-0.93513460692138728,-0.34498939636541892,0.080657196414250079,0.011499904487793552,0.19798075309053881,0.98013844614037848,0.85859958970441252,-3.2110179951180995,-0.62021459206122886,0.3411903562024273,0.3560049704349337,0.4025974025974026,1,5
-0.12748896389320533,-0.87316028692615655,-0.47046538387055381,0.97123673394053156,-0.20608188447514655,0.11928731506619017,-0.20111133913821247,-0.44172544665912439,0.87431851120963389,0.33949582246409243,-14.83462554809917,1.0673290754862759,,0.08200317036216866,0.36,0,5
-0.17093013003454907,0.95560235165618024,-0.24001465820976689,-0.97941537321948235,-0.13824762576318483,0.14708202022064246,0.10737046776332519,0.2602147948907238,0.95956231854542107,-0.098038650141009875,-11.5783938333831,0.37997126888485755,0.5596894977350496,0.5914796259561449,0.6545454545454545,1,5
-0.64398918150212525,0.70019140357224507,-0.3082368123241479,-0.75332432266133442,-0.65060889037164393,0.095971540866132174,-0.13334316253585837,0.29400692191325573,0.94645630161779182,14.288965598482646,-13.703969159864084,6.0505284325387851,0.2226445123688613,0.2182701739795801,0.7894736842105263,1,5
0.83214724691255604,0.49453564752027551,-0.25092917882852178,-0.39107891628187147,0.8441392013265413,0.36672372438061152,0.39317711110344578,-0.20703502630108658,0.89585057748982777,0.60100450143611539,-9.5892954931221759,0.38237355607416024,0.3699311972629251,0.3395540182060597,0.4137931034482759,1,4
-0.22087061346273743,0.92030593820116957,-0.3228825672287971,-0.9730329883792519,-0.18535591072551738,0.13729526534027406,0.066505455673472685,0.34449987876743682,0.93642771098194499,-8.1960752518437534,4.2888443784136046,-4.6062960832434037,,0.07149293708630587,0.125,0,1
-0.4071478870681508,-0.71356711503443704,-0.5701338179737897,0.84735163470261476,-0.52808936195281675,0.055828603413239218,-0.34091905963548874,-0.46037332474166764,0.81965272929671662,3.6088339639380851,14.996137688238766,-1.610976612773364,,0.4481724121382388,0.1875,0,4
0.85992206580014441,-0.32152615935457851,-0.39642776088551762,0.42615946172669178,0.87971818766731003,0.21091235968562627,0.28093087037708653,-0.3503096332361369,0.8935104962624304,2.6316516206270908,-24.586985404301299,3.6420378214320968,0.2570351926127762,0.204121656531302,0.9090909090909091,1,5
0.072940136781950021,0.93658840953133393,-0.3427563093187268,-0.98059084795068574,0.13006003604944438,0.1467173334618998,0.18199265194392741,0.32540211762430421,0.92789661950242774,-4.9404826873074121,1.9286747269262432,-3.1516028923548687,0.1822383249760756,0.1566837330185771,0.7300131061598951,1,5
-0.34262240940110045,0.92194214341511471,-0.18064486920842721,-0.93938379807075567,-0.33354434272536437,0.079411909422124213,0.012960111818485892,0.19690316308035732,0.98033727862945397,-1.6053628044157233,11.669561240428949,-3.1581575563920277,0.5309729469519517,0.3604964811321472,0.1025641025641026,1,5
-0.62287246092263093,-0.66035237979178762,-0.41948138448268396,0.69555176845525069,-0.71288766142150428,0.089436679230353811,-0.35810282716415415,-0.2360633743220292,0.90334735759880236,-21.048126805021642,1.268231686384409,-8.7567463207072915,,0.3426834539694434,0.1714285714285714,0,3
0.45164776847346949,0.83118136910291351,-0.32427122118551005,-0.83771927386702649,0.52012598316723513,0.16641928922459434,0.30698650039478542,0.19648535133827047,0.93121039259924454,-24.935757158135051,-3.0023527816445688,-9.6771963932631309,,0.487939015255116,0.2564102564102564,0,2
-0.57097301255969968,-0.71560982206675883,-0.40235854842426833,0.74760520062678815,-0.65573481743583395,0.10534853201717921,-0.33922895354654237,-0.24065417462403738,0.90940050874834155,3.2821118452886884,8.6698128070326987,-1.0314441541246382,0.1263927739704883,0.1249542088643754,0.4,1,5
