axis_00,axis_01,axis_02,axis_10,axis_11,axis_12,axis_20,axis_21,axis_22,location_x,location_y,location_z,dbh,dbh_approximation,score,reconstructed,number_clusters
0.16464585945465562,0.97676482447485624,-0.13719409110104311,-0.97923807240229443,0.17854545896242099,0.095991232108651695,0.1182562409443003,0.11854111840413008,0.98588207445171727,4.1001415086809709,-0.23842817138624353,0.32976868666537767,,0.07652525800253467,0.2142857142857143,0,6
0.30992816269260903,-0.90628821147878624,-0.28737816845502689,0.95074535034643448,0.29375012065676842,0.098965374797292144,-0.0052737808655803457,-0.30389561423080164,0.95269073832312701,8.7162431595948089,4.0517126601837781,1.4733840895318644,,0.09464948437332395,0.1521739130434783,0,5
0.013890927880991031,0.98137823249472911,-0.19158237629836158,-0.99482143604081064,0.032857359358559837,0.096180581874316939,0.10068442042493383,0.18925421718287913,0.97675252175880822,3.2257915344033692,11.084844727534886,-0.86152535520692741,,0.0950774421011443,0.3720930232558139,0,5
0.56793628061913948,-0.76767229189099084,-0.29686298762110958,0.82008972750624509,0.55846771874020729,0.12476636551507403,0.070008713709297524,-0.31431363220188491,0.94673423969814641,3.8240109531529929,-6.3285863969815361,0.93144702588785488,,0.07829213764282598,0.3870967741935484,0,5
0.69348660117359739,-0.58952855493940737,-0.4141647219449614,0.7121100492177892,0.64818097901978444,0.26974190671824128,0.10943313847153673,-0.48199325861261705,0.86931403235899818,9.2143876378359479,-3.962455617386941,2.3362353751925728,,0.09968203154458415,0.2592592592592592,0,3
0.17223426259057342,0.98111506075434818,-0.08802611175595984,-0.97494341805793394,0.18255582177524718,0.12711688920625946,0.14078597364579204,0.063926594598457467,0.9879740381850376,-8.8224458674674384,-12.5257827789247,-1.6555915531061278,,0.1268789131562611,0.2,0,2
0.30526392067566649,0.9343016625888193,-0.18410416078266287,-0.9379182669529752,0.32842759443893499,0.11155554547839353,0.16469141826351458,0.13862077223426009,0.97655569132309583,6.9257719936305246,-13.612963377275101,2.632938676685296,0.2195337371857676,0.2201404766733022,0.45,1,5
-0.10227229858354381,-0.94824625088068337,-0.30061507718869918,0.98830861486930255,-0.13121063343846848,0.077652118115328725,-0.11307722457488777,-0.28915880993565624,0.95057915184325181,12.523466909351818,12.961465477908888,1.797282788448316,,0.07310119374618879,0.2173913043478261,0,4
-0.0070865512674895756,-0.94357395475406181,-0.33108605029646315,0.99649816225598464,-0.034249034683379607,0.076278543796410733,-0.083313824852646975,-0.32938608885779547,0.94051241940518038,-17.88462364385915,18.648529294694406,-6.8549927474405301,0.5338728075530388,0.2314128153071636,0.5333333333333333,1,5
0.63877014029830437,-0.71647345383767824,-0.28042556554136355,0.76414671587667571,0.63328087854004378,0.12261780250209185,0.089735748050463332,-0.29261086586362339,0.95201175239613756,0.8467819334865897,9.1017720262510284,-1.3364216239781967,0.1734010360306278,0.09521999275052996,0.4728915662650602,1,3
0.11374234602428575,-0.90604365779271101,-0.40761203232301185,0.99129285068648199,0.076101261625833597,0.10745735040854255,-0.066341260907217689,-0.41628534462861033,0.90681053641247433,-20.562863100409999,6.1943769499185324,-6.3404359219543975,0.4648404900675513,0.3544019366597303,0.6333333333333333,1,5
-0.91531912047981467,0.32910008157279552,-0.23212936908723744,-0.34322747565289224,-0.93899120489999255,0.02214536243561337,-0.21067939538788058,0.099943251043983314,0.97243279404273375,10.995532530253104,-9.7215278164058976,3.436977931158951,,0.1124354406935174,0.2083333333333333,0,5
0.85963450215824611,-0.42802535277194137,-0.27896741760212618,0.4817228108195622,0.86094381263523878,0.16345912339541815,0.17021062315626526,-0.27490007069761457,0.94628658180025027,-0.58023247427315128,10.526838687772928,-1.9126082901437236,,0.08975629296311823,0.4229249011857708,0,5
-0.020767696984366132,0.99788588973455461,-0.061582902096630379,-0.99331430206826699,-0.013597877533838837,0.11463766847423139,0.11355791504161485,0.063551937777319933,0.99149672270570344,6.5140570266593318,16.201467738750743,-0.27471052993360773,,0.4319993887645014,0.6153846153846154,0,2
0.20081632401074523,-0.86501204521988684,-0.45981188070266288,0.97928446435374683,0.16481252177801251,0.11763830388341708,-0.025975794236296638,-0.47391032304612313,0.88018990213709714,1.9821032121501128,-4.4038356936396461,0.015162951007647179,,0.1521676945731836,0.1904761904761905,0,3
0.87657886546879482,-0.40676639134129194,-0.25719758064301962,0.44835536255381803,0.88445627274895544,0.12928484236080737,0.17489128475334073,-0.22864427495611453,0.95767156898757189,4.7026855479511456,17.130830783623271,-0.8418682839352567,0.4395030081367334,0.3872991412959631,0.8879310344827587,1,5
-0.61409992833989102,-0.72720286274302737,-0.30668758441007477,0.75429150471870632,-0.65512732206888691,0.043040885074994942,-0.232218870727878,-0.2049004350829807,0.95083658311019692,2.456659070216463,13.508812837309627,-1.275920177205047,,0.5397392174805709,0.4545454545454545,0,3
-0.85261610630754014,-0.44696515360077899,-0.27068048827279967,0.44808157648348917,-0.89188655101666536,0.061329282823686174,-0.26882833943064888,-0.068996605584831533,0.9607136890545126,10.452793834888359,3.6011649193022586,1.9782936004113856,,0.0698980358759461,0.2962962962962963,0,2
0.87464610153444078,0.47346466036697521,-0.10404524234288226,-0.40913991982985753,0.83611462180809537,0.36539959660667781,0.25999754435806116,-0.27702627056344326,0.92501768758520908,-7.1096175362409602,6.7916059378627072,-3.212912514708929,,0.1634421142407913,0.2,0,2
-0.61478448895562965,0.75917781796834882,-0.21375002419738576,-0.78412352117476447,-0.61748384537097767,0.06216111522776923,-0.084795847068444397,0.20582211108306128,0.97490867413786908,-6.6078000572525948,9.8982328873864418,-3.4330905909458154,,0.09321866482278371,0.4666666666666667,0,5
0.78024666614146176,0.61293710588058714,-0.12459231200143905,-0.57371796187025026,0.78068311832314607,0.24775304032986956,0.24912414616528056,-0.12182763643762379,0.96077842752501552,15.196082290979177,-10.901301248555132,4.8904686855477362,,0.2013258902492129,0.2,1,4
-0.11590796183487989,-0.96042086973709928,-0.25329251342413661,0.98608956047011831,-0.14185321016512453,0.086631665675411709,-0.11913321583475932,-0.23972780343398098,0.96350290977536002,7.2053899959120651,7.9164826511078443,0.61931026126706801,,0.07184867517195605,0.5072463768115942,0,3
0.71738764485961226,-0.6380735801041002,-0.27967315454994662,0.68716744382488448,0.71417104390755359,0.13326899185921792,0.11469904598537842,-0.28778781492122751,0.95080087422809634,2.772540206346207,-3.5003299236714507,0.188608487948382,0.5732285121667832,0.667132787820097,0.6450980392156863,1,5
0.87226132176391935,-0.38361267316309422,-0.30331749626970839,0.44318026776420266,0.88228719872825589,0.15862077173149725,0.20676420584595673,-0.27278309322410571,0.93959456534825636,-18.105324539160105,11.288739072998702,-6.3056103578716174,,0.1194905723650486,0.2857142857142857,0,2
-0.90558528180107656,-0.28727254971397476,-0.31207335606567815,0.33519272803676764,-0.93552946545447069,-0.11149194741209356,-0.25992524397705824,-0.2055701861829759,0.94349338423550277,14.701287387266376,10.706013825287807,2.599757164656483,,0.4020509381622784,0.1333333333333333,0,3
0.95605745898863814,-0.10118444528781939,-0.27516511978080327,0.16395837428661009,0.9625953762500874,0.21570302066323285,0.24304688151358672,-0.25134010753110497,0.93688652660435445,10.881875740056598,-8.2660122818811814,3.2879516291458373,,0.1743785734973847,0.4444444444444444,0,3
0.91819547831249482,0.35343370446464079,-0.17889013431402576,-0.30076687395595608,0.91590775112538214,0.26580496413575028,0.25779129375766613,-0.19025668970327003,0.94728350607719469,-8.4177131012341153,0.82210061790597977,-2.9602563653836409,,0.2480799213242803,0.3870967741935484,0,1
0.1578794748809835,-0.88154697825931294,-0.44491459465067801,0.9847300693216019,0.10708603004139072,0.13725623025511605,-0.073353677380046473,-0.45979072118937614,0.88499250320156675,-15.458472254318927,-11.780213120650236,-3.2891543769207741,,0.3566303140611121,0.5,0,5
-0.95563221544886778,0.19405064703862154,-0.22161095455816621,-0.19412068904730931,-0.98073802286565248,-0.021681526453857257,-0.22154960365590184,0.02229970603985031,0.97489409487925893,7.845738563299375,3.2591515681752763,1.250020554660247,,0.0716726381080369,0.2352941176470588,0,2
-0.0004814434428417397,0.97963610811637147,-0.20078063623472056,-0.99582655626949901,0.017854509482093481,0.089502437506376029,0.091264659319148594,0.19998577990887678,0.975539056006266,16.2808208111881,-4.6425762354608739,4.5569443047945191,,0.1206808563308982,0.3043478260869565,0,5
0.2837232399230864,-0.82545935541964544,-0.48797333500687329,0.95874553255555117,0.23488221673170162,0.16011667017513859,-0.017553544722334138,-0.51327107537185979,0.85804701284620499,5.8428466390023779,7.5921976236845508,0.23844915543105746,,0.4511728238528561,0.2068965517241379,1,3
0.96336190429878876,0.1611869953283995,-0.21436556132647194,-0.088708201222044342,0.94576920778007478,0.31249233694764145,0.25311004796680869,-0.28202722945143349,0.92541663345013836,16.092544396082154,-8.3686408126283034,4.8007205367064216,,0.2181935586147483,0.2857142857142857,0,5
-0.97042511224502792,0.015630069521820646,-0.24089583319553212,0.0059521067157227367,-0.99604912631666109,-0.088604234602317297,-0.24132897453449567,-0.087417612015891238,0.9664980533656391,11.311715824947836,-21.423202713309589,4.8173792069221504,,0.2993563332445106,0.3809523809523809,0,4
0.27831122985327672,0.96016365714106955,0.025072112855572756,-0.94716659213426613,0.27002396355395275,0.17309681063316423,0.1594311954490604,-0.071922253942014347,0.984585640412038,-12.174753849392113,5.8233977581427148,-4.3653264834329679,,0.1651522811426716,0.2285714285714286,0,4
-0.11983100538246952,0.97018424857753194,-0.21067286004864597,-0.99096534814225867,-0.10401155397390839,0.084671573867649924,0.060234615714875518,0.21891578392610828,0.97388278073785595,-7.4297946306375007,-9.6257895739298984,-1.6227246383874321,0.4045138947890343,0.4587880866379356,0.8243243243243243,1,5
0.88463747774036627,-0.31690001002990592,-0.34203934952020987,0.41484736427828273,0.8698168532161803,0.26705861943113396,0.21288071149947912,-0.37814418613030026,0.90093772102589198,13.930733774788086,-7.0447892151296818,4.1377564007890513,,0.3048473452719446,0.2857142857142857,0,7
0.88025371805620478,0.4444584778573798,-0.1661627314078844,-0.39873074022058946,0.88268678171723314,0.24875257221748392,0.25722983623866136,-0.15271118767914404,0.95420757935904954,-25.619090144036502,-9.3118346165938046,-6.1372859279046637,,0.1417717940884355,0.1764705882352941,0,1
0.54849438887370827,-0.70247275408381971,-0.45352611296809586,0.83393636440460306,0.49905985465187547,0.23556188485933208,0.060860870004377406,-0.50741628988902365,0.85954910462263179,9.3974723345810833,-8.993240048008472,2.838818508474541,0.6151268426061395,0.4685949662188513,0.391304347826087,1,4
-0.96335310029230414,-0.10394623301584165,-0.24727714168321868,0.095016751404547128,-0.99432700705363408,0.047808158260792565,-0.25084381816128687,0.022560666780458257,0.96776463833139126,-4.164604735260423,1.9267199563011241,-2.0995657241075865,,0.08433601724229076,0.2711864406779661,0,5
0.44786869786109396,-0.79569407581714557,-0.40778004755714453,0.89245960365913701,0.42545391595964732,0.15001606990978628,0.054124719978810638,-0.431114721511688,0.90067231087844346,-19.158039697628066,1.9951973702852062,-5.5654968539132739,,0.4907301128285489,0.1923076923076923,0,2
-0.17376486210030906,-0.85153071060403907,-0.49467284299569159,0.97579454029571955,-0.21660798263681863,0.030099783837632239,-0.13278097690680343,-0.47746877463996257,0.86855787453426914,-2.7203404931117214,13.571913851592102,-2.8792664350223371,,0.08568799437510594,0.4444444444444444,0,1
0.36452458050107928,0.90710686189078982,-0.21042569073465139,-0.9146900841833856,0.39115776526230589,0.1016742473372146,0.1745390503787122,0.15541153041406433,0.97230827215819515,-8.1537045763732152,-1.4171740043028982,-2.6646987099199126,0.1790830055681424,0.1441423660167536,0.5588235294117647,1,5
-0.72503418281269061,-0.61338591133952558,-0.3131823071683883,0.64300084479187269,-0.76578285783514122,0.011248477353975366,-0.24672929973976154,-0.19322095749691476,0.94962640771721574,15.124791279998858,6.9008309249613458,3.0306265096012077,0.2834984098727573,0.238472704537382,0.5185185185185185,1,5
-0.27926063932980238,0.94891437725494154,-0.14688430807943725,-0.96012922309930449,-0.27390057085918912,0.05594955079118042,0.012859637313491842,0.15665242392594939,0.98757007235248306,6.5435438119908875,4.2791330730619288,0.77552993420281102,,0.09216420979061557,0.3805970149253731,0,5
-0.97079211919401331,-0.024374636651210015,-0.23868082955888406,0.028980418258961301,-0.99945500303099055,-0.015806083444589503,-0.23816548168937335,-0.022261491514342722,0.97096942759657701,-3.3104114257007189,-18.675745304036692,0.41070135427804472,,0.09127587120496577,0.5517241379310345,0,8
0.95761731968382136,-0.15524285117243292,-0.24262878271430627,0.19316331867160774,0.97096410802765698,0.14112630244509858,0.21367499002303267,-0.18201197235871164,0.9597992709711477,6.7730502255158314,10.918028480110845,0.2580558403787962,0.6124570657069763,0.4629990188559159,0.6461538461538462,1,6
0.10229443161595585,-0.86176500619280727,-0.49688723405001989,0.99372690896953098,0.065832322051243106,0.090404290623856895,-0.045196013654192006,-0.50301807072395721,0.86309335582827762,-0.79248460442883251,-20.005527879991721,1.2471033476594169,0.90644155149494,0.3540399305443484,0.3333333333333333,1,3
-0.48727716222872869,0.86001238554442394,-0.15145845595576815,-0.87221316012137873,-0.48776236465308609,0.036497656624874968,-0.04248729788295081,0.14988853304445293,0.98778958142935813,-12.126631447148053,-8.718083181395496,-2.882691723546714,,0.06790942238033856,0.1666666666666667,0,1
0.9544078599596002,-0.13727380193672711,-0.26506893471165915,0.20033441078396366,0.95286285815432725,0.2278563086811726,0.22129564094934115,-0.27057028079928497,0.93692046751312763,7.0172519280402028,-7.9070313967258921,2.0868721978017533,,0.2096211240922887,0.6666666666666666,0,5
0.58615513573031797,0.77949201071398433,-0.22093972501576439,-0.77978733880081585,0.61678437959391286,0.10727877392519482,0.21989511841537912,0.10940399591432234,0.96936933238836509,-3.6676893954434813,-9.8595888824943625,-0.68053061514439173,,0.08568037988353698,0.3863636363636364,0,5
0.87890892502384876,0.46304266813425926,-0.11450148034208651,-0.40777738958867499,0.85394460879676692,0.32325872864809541,0.24746050604827635,-0.23742386694273832,0.93935786862744064,9.7482777106984635,-6.1683956169531209,2.6591701526214457,,0.2320653629679931,0.3181818181818182,0,5
0.94616042193349981,0.22253826763604448,-0.23506844833829146,-0.19998886273051886,0.97289828219884633,0.11607492097041974,0.25452880141621986,-0.062814424554267251,0.96502302424218911,-4.8382243528708049,0.24621031388385045,-2.0819060532269122,,0.1020722659324809,0.4872727272727272,1,5
0.93915172354807597,-0.24072515649492907,-0.24504170907657638,0.2742662186549209,0.95499308388275894,0.1129878358091199,0.20681412297376781,-0.17331938370127387,0.96290617911196363,11.407924420133849,11.106193781015111,1.6452799285254589,,0.07882192700061146,0.5,0,4
-0.83231351343581539,-0.3738936130416915,-0.40921605721031973,0.46438440442373563,-0.87343653117678755,-0.14647781720749978,-0.30265713320545085,-0.31194902168862693,0.90060339083714736,8.992006146193102,2.141471509410469,1.753473047756305,0.7367113490518887,0.283406764091544,0.1428571428571428,1,3
0.81775167670120852,-0.46742324819124192,-0.33585369181045283,0.55642727741840137,0.79125214939770894,0.25359164224841962,0.14721032639426898,-0.39425314599106742,0.90713481725653022,2.5709378178425051,-23.908002992448342,2.5937675808341591,,0.2517461695076375,0.2285714285714286,0,3
0.66802567710708016,0.71102800783149711,-0.21950140501782642,-0.7068865626126708,0.69850812249162786,0.11134536546647937,0.23249318769217714,0.080781030523222802,0.96923750586960689,8.7454917560827994,5.6195996559529764,1.3567235140830796,,0.08118990360825211,0.4166666666666667,0,5
-0.75632308230638301,0.63813321645858812,-0.14408814393554653,-0.64376215640276024,-0.76516525483897802,-0.0096134682020231985,-0.1163859147587972,0.085487606349810147,0.98951815951317412,8.0421388083762597,13.426360996095301,0.41024831267573869,,0.3292234624442441,0.24,0,6
0.40720735051835238,-0.78791186437601946,-0.46192755672218583,0.91314814682263423,0.36146555561805993,0.18842270047984039,0.018510419720042477,-0.49853540102708027,0.86667169002140332,5.32552506515791,5.1458149953304559,0.30315611690348582,0.2770568661075318,0.1062986674993359,0.2531645569620253,1,5
-0.069692255474410103,-0.94008154960117629,-0.33375090955133019,0.99160434170981604,-0.10181339502849958,0.079717388912409773,-0.10892115969420846,-0.32539316632686272,0.9392845512828617,-13.86862114602704,1.4076094539795607,-4.2923372843282097,0.3837211169160201,0.3561565150159675,0.5929203539823009,1,5
0.12477316423769265,0.99057266054229409,0.056546102184633525,-0.98885667397058563,0.11948804999085089,0.088797996898663328,0.081204284554110079,-0.066995597583312611,0.99444328851599673,13.40800770444103,-4.3973357416754117,3.6812283173701594,,0.3405461331242079,0.5882352941176471,0,3
0.94511753900114992,-0.177761418611567,-0.27414177997089856,0.24523735561605595,0.94037380905404266,0.23570264880911806,0.21589691262927641,-0.289996512562468,0.93235752038515385,8.1047960514865753,-14.594682617718211,3.1486085485315232,,0.3200128572601712,0.3428571428571429,0,5
0.96205326922187751,-0.091668599459161754,-0.25700267518586684,0.14932994122016877,0.96519033644670393,0.21472816090368221,0.22837266875586795,-0.2449581235703206,0.94225338516888801,-4.1431683455107065,-3.47479645399721,-1.6290962159759825,,0.06987450317212889,0.2784810126582278,0,5
0.95649817235910461,0.20367238974234231,-0.20887509169437954,-0.14291678396635155,0.95129714300294099,0.2731456362000993,0.25433450244590733,-0.23141154545762241,0.93902218157746786,-15.12271996090427,18.939693898974873,-6.230474742939518,,0.3320211922837425,0.3333333333333333,0,3
-0.81902018247237984,-0.49656204349915067,-0.28745795807188207,0.50557499647183268,-0.86146624053858856,0.047642831095719353,-0.27129294802005899,-0.10631111592047535,0.95660759090983971,-9.5531060220406268,-5.7886109264402776,-2.5923941378232143,,0.102478405624567,0.1956521739130435,0,5
0.011894696411932608,0.9943870797241946,-0.1051325443183791,-0.99236685834296468,0.024645714761822944,0.12083297234775305,0.122745813206732,0.10289278119220442,0.98708993557768121,-8.025176242292055,12.706369139472503,-4.0285982490763423,,0.2785133682349811,0.4651162790697674,0,4
0.4771819133720312,0.87762717980800065,-0.045474771168878346,-0.85336800173618432,0.47510911433006781,0.21455624692208208,0.20990587215082429,-0.063575645830405106,0.97565242893862969,-1.398013911064389,1.3925581716555591,-1.4202782724497709,,0.5693044419069939,0.342473578977435,0,5
0.099186446594313984,0.99087135445212682,-0.091301740061195194,-0.98837604772388565,0.1087277179496255,0.10625945433315248,0.11521647928011833,0.079700955299641427,0.99013782910593806,-16.967982520693521,6.1097650833834773,-5.437836997553374,0.3485246992116973,0.4211706538401872,0.4411764705882353,1,5
0.80551703479274428,-0.44575752144404074,-0.39043890525249925,0.57346270873711913,0.75238172924171753,0.32413308253112449,0.14927433921002778,-0.48499687172115702,0.86168161525826981,9.5817433990269194,-5.1488402616870639,2.5096285472154962,,0.1091476310236466,0.3333333333333333,0,5
0.34277535157103262,0.91804253133099689,-0.19925603886138685,-0.9239171888350558,0.36782050967382868,0.10528580549348675,0.16994730515804707,0.14800670028975199,0.97427507929683643,-9.8299597063077471,-1.3033723005861617,-3.0438464223842518,,0.08441689761671174,0.2535211267605634,0,5
0.95791497466714026,-0.12930048139588823,-0.25628165525304936,0.17995881423801674,0.96607696822116862,0.1852299021503851,0.22363748900061076,-0.22355463981627804,0.94868835585249756,-22.078856072385484,-11.377513968662374,-5.0116826745299594,,0.3106979693129148,0.4347826086956522,0,3
0.16117235905553137,0.97309946608301412,-0.16462350921247332,-0.97831235351230417,0.17951759768788922,0.10333620413769182,0.1301092219702065,0.1443982729443935,0.98092850357657835,2.59788499929964,5.7180171544088623,-0.57551560458050677,,0.1044058795500347,0.4739336492890995,0,5
-0.81794891780044832,0.55488512555626501,-0.15186199427600031,-0.55321805945463198,-0.83108555805401974,-0.056978714335180897,-0.15782695131797753,0.037407120050157221,0.98675800519034385,11.957931451434954,3.5891578430833149,2.4879739213722298,,0.2006385436199915,0.3461538461538461,0,3
0.12105317564697489,-0.94604359347508182,-0.30057885472956236,0.99101739095193964,0.097842075207242585,0.09116720435523655,-0.056838890705148484,-0.30891495199147129,0.9493897476482005,12.061794063936523,4.6489383685918808,2.3585078068766316,0.1654838865161321,0.1716982011346436,0.5106382978723404,1,5
-0.9063335657456647,-0.33780314105549519,-0.25386710203527935,0.33527589158862375,-0.94054005888591852,0.054538739904098889,-0.25719553674627232,-0.035685228371341075,0.96570027459553043,3.0663124331505807,9.9246056317578208,-0.80549477483436061,,0.08361130533511937,0.3577981651376147,0,5
-0.97011962369646909,0.010745595000167698,-0.24238904246502843,-0.0097308905800910783,-0.99993816413015457,-0.005383092469424141,-0.24243189865927148,-0.0028635823907207257,0.97016419971484846,14.347043452101094,3.2735859498170163,3.1221321330748637,,0.09501696598710269,0.391304347826087,0,1
-0.96827513658450803,-0.047358075679929612,-0.24535784589074469,0.058941905095275075,-0.99745641884462755,-0.040081720639096548,-0.24283556513820612,-0.053271992393236711,0.96860362539609723,6.9233577085578837,5.9124532113428367,0.7368589779415472,0.7173996193038358,0.1753989291189214,0.1666666666666667,1,5
-0.37686464660106056,-0.86273989419314312,-0.33712447717402766,0.91180566833930388,-0.40960173043030446,0.0289282839590412,-0.16304435386290586,-0.2964899617122036,0.94101553721355913,-16.277552940232251,-16.548553229473871,-3.0582593104880287,0.8838666319099084,0.789760542287787,0.8916666666666667,1,5
-0.18316579137037545,0.97609173777621994,-0.11702654535045426,-0.9822289998700553,-0.17674758847762356,0.063138591856439441,0.040944898167335458,0.12651169674122034,0.99111972329367093,5.2517463341681685,-1.692256314521809,0.86403600305242978,,0.09321532879537683,0.3488372093023256,0,9
0.51539011095850917,0.83782521852238434,-0.18006092506175397,-0.82738805168441987,0.54121660415326467,0.1500453242146117,0.22316371895098702,0.071648381675564782,0.97214426087244765,6.5669752785519204,-5.0075200153771382,1.6602339744741865,0.2524632517071853,0.1811392264025004,0.2605042016806723,1,5
-0.28527584259873578,0.95272788832486155,-0.10453355651479689,-0.95831431224814878,-0.2817310592822333,0.047553014374159104,0.015854733360721466,0.11374172956202859,0.99338383638264383,16.050833173969185,9.7773623815582376,3.0094331642352699,,0.1024003862991149,0.1818181818181818,0,2
-0.48070812662145251,-0.83506135027868145,-0.26756725934022857,0.85516380953260829,-0.5139337448146043,0.067579322329514899,-0.19394472373790689,-0.19632790736822059,0.96116637317513609,3.463921303771738,-23.265349894192369,2.7976262558403153,0.6774237371016048,0.6201931887048728,0.9516129032258065,1,5
0.79695304505533282,0.57640427677665385,-0.18062102228316132,-0.55483045820371368,0.81675096918004142,0.15836987400676725,0.23880746769414243,-0.02599930878013303,0.97071882093449979,-16.553318894100308,-5.9351203042956096,-4.2240619098337104,,0.1639423392061496,0.3333333333333333,0,3
-0.48937645630595256,0.8660348365245516,-0.10244191495341511,-0.86705938105678793,-0.49577209347584356,-0.049173784194429013,-0.093374052792244769,0.064758731121556931,0.99352281957118538,-12.74543752044649,-6.0281987343468542,-3.2799418302683367,,0.7105250527374596,0.6333333333333333,0,2
0.19666140294741838,-0.84830478496743167,-0.49163328242920207,0.98026838315010345,0.15991130074428894,0.11619928093818029,-0.019954688347195167,-0.50478447648043623,0.86301474073003936,-14.149558968301287,14.323175673854378,-5.5918431976411069,,0.4215527158068101,0.1333333333333333,0,5
0.38357019669828668,0.90503060398229407,-0.18383011195199092,-0.90622191422723464,0.4071940931747991,0.11381921040790652,0.17786440447476826,0.12293321902153576,0.97634608478850315,0.21827252146912554,14.668155053050771,-2.0325724811721821,,0.07152514586161475,0.2413793103448276,0,5
-0.96802689442819778,0.092557406055070693,-0.23314600199887053,-0.088972549358582967,-0.99569806954200746,-0.025869668937879418,-0.23453745356410591,-0.0042989411112202124,0.97209757842563749,6.1239239365086355,2.0447997845288581,0.76601608074642091,,0.07031101541540748,0.1884057971014493,0,2
-0.96016777712452306,-0.12369524085319951,-0.25055404040250834,0.12142559945642389,-0.99229666208697609,0.024559279462035136,-0.25166180395205184,-0.0068426457832613833,0.96779104905464186,8.183375565551712,-13.268795719528866,2.9742759649113197,,0.345221602456731,0.647887323943662,0,5
0.58200573546667911,0.79339556786608445,-0.17830534701557407,-0.78218964196789664,0.60615901315465981,0.14405073678917266,0.222370609303533,0.055630240533574016,0.97337381742892237,-0.50644466737493887,-10.599026772932804,0.1703953150382703,0.3273777596078932,0.1986371259967993,0.2727272727272727,1,5
0.94964769829830387,0.18414818573342151,-0.25349298768964501,-0.15035336280121908,0.97765057803168864,0.14694629484498489,0.27488745953771371,-0.10143368752733764,0.95611092014656318,-2.9829701673117337,16.655604714476617,-3.0665093368421235,,0.2056000052769896,0.3809523809523809,0,4
-0.82278458368244112,0.5239294085801427,-0.22028051134717389,-0.5481273836909818,-0.83395724937069959,0.063809697304832769,-0.15027275236246151,0.17324341559469764,0.97334722419622266,13.629148759935823,5.4550263195423581,2.7078774085393067,,0.09712987714212828,0.1363636363636364,0,2
0.93265001615548226,0.31322732811283316,-0.17903236659462957,-0.25353562240952376,0.92206345042104365,0.29243577340512689,0.25667807762758721,-0.22734914629471314,0.93937677752032556,1.4055352253119884,21.825316631808924,-2.2567330237522509,,0.4564178436036341,0.4117647058823529,0,4
-0.68350636769016782,-0.6362175107698167,-0.35783561074444964,0.6880289290031909,-0.72526189673366293,-0.02472597826201051,-0.24379343342616316,-0.26310161560915907,0.9334571772085396,7.326360490174415,-27.360742092962013,4.3805061096154478,,0.2037548040871403,0.4782608695652174,0,4
0.90793844354623121,-0.30803000616565479,-0.28419236096776512,0.36377092626119367,0.91595733207184737,0.1693897252813619,0.20813095862441724,-0.25717636191028304,0.94368523509519375,-11.483106183531598,-0.30932923748549745,-3.538087135418083,,0.149409105663191,0.1724137931034483,0,3
-0.81631150790605744,-0.4499019312223802,-0.36224822200048362,0.5196238782014897,-0.84586832374554666,-0.12040682740917449,-0.25224303213960636,-0.28652230483205299,0.92427183315880923,-22.51062018752172,-9.9931830541848754,-5.2493557333420133,,0.2056972459803392,0.1304347826086956,0,1
0.74523678519018299,0.65104891137774878,-0.14407445642184366,-0.61704567842700231,0.75523645137872819,0.22107133066824072,0.25273853037074095,-0.075849967058097476,0.96455690229416946,-1.066110019471342,-7.009421246574199,-0.4583272023447868,,0.1310871025246689,0.1710526315789474,0,5
-0.74581258439739806,0.630107487948256,-0.2161669322214031,-0.65005182908466419,-0.75931935817631524,0.029440309142245363,-0.14558917699525864,0.16247666272498013,0.9759124579651578,11.365827787451014,13.281648527979131,1.4067299840921321,,0.1134465131258686,0.1666666666666667,0,8
0.26241545136627908,0.95731661081746866,-0.12117358432095664,-0.95417721937047306,0.27614635930710013,0.11527802165142709,0.14381920914351101,0.085370339664253003,0.98591477328770449,-7.1404121996868435,2.8068923923664815,-2.8266148282911727,,0.3444393852077562,0.4708520179372198,0,5
0.70750911164367203,-0.58523004048272753,-0.39615231497211739,0.69755394767704237,0.66822450775468567,0.25863970560643296,0.11335496028562889,-0.4593275595395877,0.88100445289796925,-24.076748174027305,-18.448864665044322,-4.8470439855782406,,0.2150239917192999,0.5882352941176471,0,2
-0.51608007724353888,-0.79568119412972993,-0.31710060104104359,0.831816984581914,-0.55387899107243388,0.036035640824545856,-0.20430824269558026,-0.24517238946682124,0.94770704408576301,-2.260436784915739,20.543929720727224,-3.1790026640633009,,0.07199719191171763,0.1111111111111111,0,2
0.52755765084271711,0.84560328367708304,-0.081473993837602385,-0.82762007533480875,0.53322466517618983,0.17526114044632507,0.19164533894702532,-0.025030842620174507,0.9811450050719337,-6.6401534272729803,0.79619361995877258,-2.5135713735502203,,0.4167612047216645,0.2702702702702703,0,5
0.61130801337411422,-0.63740353995969234,-0.46906208547637551,0.78719873902935922,0.55068959654677085,0.27759523325471791,0.081367426253878494,-0.5389412727765498,0.83840422615991861,-23.292006150393362,-18.724529136456663,-4.5939688211207326,,0.146343139004343,0.5384615384615384,0,1
0.11174035175802441,-0.95860647828673207,-0.26189256113089959,0.99195934848805589,0.091838766363163862,0.087076356952068196,-0.059420070145909193,-0.26951671706890695,0.96116075371617937,2.0238576888199948,-5.4726257039278909,0.18583064675761665,,0.07407770407802972,0.2198581560283688,0,5
-0.2719480388492681,-0.91391580395203309,-0.30133397991721278,0.94976535537378548,-0.30530417263930698,0.06881229469169102,-0.15488716505167516,-0.26748320593214542,0.95103243932397885,11.458054644945776,5.9793473925870266,2.1017883811473088,,0.07450180840831115,0.4871794871794872,0,5
-0.95703724627082765,-0.048461766962051359,-0.28588663206464793,0.059720354739617509,-0.99774018472350212,-0.03078965764158452,-0.28374845987269387,-0.046540100245138882,0.95776867279580979,13.519193862440217,7.1064790384576852,2.5785042018245976,,0.147210139822875,0.2592592592592592,0,3
0.78192581276824258,0.59295807152396174,-0.19233499094368514,-0.57046407644407815,0.80504288834834126,0.1627165799989824,0.25132202612092741,-0.017512091090003575,0.96774509342704862,-4.9549475370167348,-6.2537102177964456,-1.4568858423112681,,0.1772497782884437,0.3656716417910448,0,2
0.9241299982419009,-0.2813860723202235,-0.2584678406564751,0.32611312496591188,0.93337850545401146,0.14984924184460274,0.19908283721705042,-0.22276993482207752,0.95432676797047633,-6.3962844792893456,5.1369778172950848,-2.8819349348299639,0.3332521618793429,0.3841199713409947,0.7035928143712575,1,5
-0.15355088150695551,-0.90401524696899982,-0.39897187875339662,0.97978919779797946,-0.19167431984979666,0.057219603183779583,-0.1282000572029055,-0.38212221651939587,0.91517613440008116,0.90804651641452805,2.9306982578101022,-0.79584278689439936,,0.07492398588931,0.2837837837837838,0,3
-0.45064678885329562,-0.85424411222349883,-0.25919966903470354,0.87329089114753855,-0.48207617242128209,0.070466895932663615,-0.18514991529825689,-0.19460102958394906,0.96324968110553533,4.7248468503287997,-4.7264726165077331,1.0135939525826714,,0.08134415134179449,0.303030303030303,0,5
0.64669516880280953,0.75864219906305974,-0.079040321658453302,-0.72886726904638155,0.64518383695262949,0.22910766169631616,0.22480627829305969,-0.09055291456297164,0.97018673816135803,6.1128723525539996,9.3257890241995494,0.18581560583338375,0.6848804661115891,0.3122108942938359,0.22,1,5
0.95921635661176108,0.15336705858990479,-0.23745005063789612,-0.12761667420686015,0.98449475035215528,0.12034978601321689,0.25222602100663383,-0.085138897505944167,0.96391566148633212,12.614097230643198,-9.0652916010930902,3.9049895600432349,,0.08567197209288287,0.2692307692307692,0,5
-0.92614975073941519,0.33928739410788267,-0.16471400488362237,-0.31770336229529089,-0.93717932792391545,-0.14408150782923501,-0.20325159972700532,-0.081110859393555348,0.97576114684734849,-10.265236356591688,-12.69578437000307,-1.9719762205773406,,0.4817516325099483,0.3783783783783784,0,1
-0.19184142192667519,0.9783663775263336,-0.077434489467880743,-0.98048369546488434,-0.18760322927678899,0.058794143351570731,0.042995252769066288,0.087202406451430375,0.99526235161810672,-15.193889235882828,11.195551583385985,-5.5320997673630821,0.4378345154568415,0.2797971186340205,0.3333333333333333,1,5
0.26997604910092354,-0.9029197805604563,-0.33443804027728702,0.96286447174878487,0.2523649796590301,0.095937094419364405,-0.0022230510089568654,-0.34791922469785119,0.93752187768065276,1.7177425690077388,-1.9022219670401268,-0.22415032650710387,,0.1138218605573893,0.2689075630252101,0,5
0.70564433897848045,0.68732798161951547,-0.17218104585136082,-0.65617391912002343,0.72558427209221221,0.20727578719928946,0.26739830727641906,-0.033282274190014886,0.96301112947382306,8.6589215951500336,-3.3908063544475264,2.1033928002496127,0.9700725671852075,0.2255562960889125,0.2439024390243902,1,5
0.88893257533400405,-0.37830377233704032,-0.25823464590488387,0.42124356636112215,0.89660567623309417,0.13657276136169744,0.17986865849674558,-0.23018365967670484,0.95638002306009118,-1.1371569841515534,-18.459858818871798,0.98020003735328531,,0.08370224427172654,0.1666666666666667,0,5
0.78008415173227896,0.59025130993713248,-0.20753820692496752,-0.57607808340940725,0.80701308820563211,0.12986114615293232,0.24413676091788328,0.018255590439868567,0.96956896370821233,-5.2334656250880025,-11.475148362112321,-0.88527999980063465,0.6831173042289658,0.3236866055304312,0.5882352941176471,1,3
-0.053803584582357421,0.97905755785647786,-0.19634528945253299,-0.99549391973279622,-0.037215849858772784,0.08721717889454339,0.078083481358880436,0.20015313867985965,0.97664819204024456,-13.608488980904522,-2.0264564087164536,-3.8744122739060183,0.5045425819530579,0.562501888240635,0.6578947368421053,1,4
0.015456149659584766,0.99335700622607903,-0.11403054686908495,-0.99530487501553644,0.026182969774274603,0.09318078055107204,0.095547439568039405,0.1120549431098936,0.98909775882701834,-6.0998330464719874,-6.3940900845608901,-1.669618676581595,,0.1680005613960814,0.4,0,4
0.040390590827985844,0.99371393019281729,-0.10440893215290746,-0.99406631432351678,0.050526142170571803,0.096328976349891529,0.10099882622993708,0.099898618099067735,0.98985832481323854,-18.843070902651796,-17.338106599296779,-3.5773693172675904,,0.3756498822036876,0.40625,0,1
0.96466699186605964,-0.09697888085396468,-0.24497487926806177,0.12964392360746582,0.98416094034815249,0.1209119372299642,0.22936880318768402,-0.14839925930190406,0.96196029645869319,-2.2294368466746319,14.880714709571601,-2.8192573824488063,0.3241834429866283,0.2962991185255873,0.7650273224043715,1,5
-0.69184174442802227,-0.65594287501174275,-0.3018177353770321,0.68224321589650683,-0.73072413280580084,0.024216442728079074,-0.23643010601440595,-0.18915915641739184,0.95305803522843113,-0.11004207494076572,2.7662363258378986,-1.0888501444908141,,0.07032464976500141,0.25,0,5
0.73176611469080277,0.66469602110555548,-0.15065707058339031,-0.63722603301388125,0.74566498955883442,0.1947478015167674,0.24178779175077827,-0.046507234627154379,0.96921398095963096,4.6950564504313341,-35.934792911672716,4.6163213911781504,,0.1174852687652505,0.1666666666666667,0,1
0.58137818357841997,0.79337099552266177,-0.18044908179993235,-0.78405220072621673,0.60554752170024972,0.13628773055217744,0.21739722674273984,0.062246786471812018,0.97409639326839692,-2.5757665377043995,-19.705688518430087,0.69757319862915013,,0.2670107737202212,0.6,1,5
0.22568215156152391,0.96334962941931779,-0.14500019987649532,-0.96473469915939991,0.24169851743822773,0.10425347431133394,0.13547887918189566,0.11635857581555785,0.98392385636785507,5.2343915924657844,-28.080325840980525,3.9161947894575571,,0.1349374627211336,0.4545454545454545,0,3
0.29141010478669888,0.95404846826876777,-0.06979735684267864,-0.93981328314704093,0.29914214202802036,0.16512108188619917,0.17841284608622301,0.017478531314353011,0.9838004661995785,0.94136714271599076,14.122212347455456,-1.7612242491891221,,0.3456872921219498,0.2,0,3
0.966851619633742,0.073086271941206593,-0.24465555882780651,-0.0079395443487161235,0.9663020297615923,0.25728845857162347,0.25521541733826558,-0.24681730922356968,0.93485095422772724,15.055902888272797,-1.8377494835976,3.8578675703296339,,0.2508819159039445,0.16,0,4
0.76340748244283629,0.60873813685040179,-0.21597892604185243,-0.58241527960960249,0.79331328890501962,0.17733151926256532,0.27928741079318109,-0.0095867820775512088,0.96015969285418268,3.2419312033006538,-14.669503578902873,1.645279084048181,0.3117516841329939,0.3254906378719324,0.7914438502673797,1,5
-0.54867382932256781,0.80917454966748581,-0.21022268475816383,-0.83322883968250061,-0.54985183359075684,0.058246560570005088,-0.068459694257734321,0.20712196712879866,0.97591688221632544,6.3058967484860409,2.9697695107020134,0.78762364852626876,,0.09759766512945463,0.4201680672268908,1,5
-0.79243362942979489,-0.50912644650093131,-0.33591547213853828,0.55619921352045887,-0.82920626426261335,-0.05531189914352979,-0.25038246309984619,-0.23066693040177069,0.94026665866182835,12.51250994914208,8.8496656832776122,2.1495171906621753,,0.09867158918217805,0.3529411764705883,0,5
0.45649413904899439,0.86913128576637544,-0.19032579729507382,-0.86834710663989967,0.4818243667826792,0.11755246473207602,0.19387213158170313,0.11160684421915301,0.97465763677273354,3.5047157844476451,-10.468788467394551,1.3792812622665303,,0.08834208754606648,0.2121212121212121,0,1
-0.97062031496683099,0.036156256936998657,-0.23788427702981071,-0.048402233535137701,-0.99777553365592087,0.045838937885300045,-0.23569774704587232,0.056006334659109196,0.97021124633532874,-3.9145585751993965,3.2719230572361426,-2.157777242385515,,0.08437642961949218,0.1818181818181818,0,5
0.22081576348284951,0.94974743756227265,-0.22185626752783458,-0.96472752232166381,0.24611946891676517,0.093413139842484963,0.14332203693985288,0.19340375349001176,0.97059455070764999,3.8506025371778927,-4.1703173532555384,0.65118074156986649,,0.07305877251849913,0.3157894736842105,0,5
0.90133913202174409,0.37309296462618136,-0.21997592784833375,-0.34800402303406069,0.92621347158177258,0.14498898238331495,0.25783903707235101,-0.054131735672222632,0.96467029919797709,-1.0485688466010792,-9.2130954360333579,-0.12188392427410642,,0.09335247358768149,0.3536585365853658,0,5
0.97038972748043018,0.03098705067256851,-0.23954869962300793,0.0016755690549085532,0.99084964744773762,0.13495987781944055,0.24153875314077586,-0.13136505944623084,0.96145839841767966,7.928116903002727,-11.950254382501166,2.7253970616710261,,0.07847800287587489,0.2580645161290323,0,5
0.34049752143094247,0.92579247220934746,-0.16422465192500585,-0.91955276819380161,0.36432674432110479,0.14727094037691391,0.19617376074924261,0.10086784310615944,0.97536738402542944,-5.8491982025036977,7.2924308892535548,-2.9481859083391897,0.3527490008488519,0.3058976591401698,0.3526011560693642,1,6
-0.05299448535803046,0.98059354679256194,-0.1887534913860458,-0.99558943235103547,-0.037228828151333077,0.086114438658230055,0.07741619154014906,0.19248457170189801,0.97824149520665749,-0.064331229085180255,4.613766763215728,-1.2267510123268239,0.1878640430662791,0.1680878838735602,0.7553743513713862,1,5
0.95813149580886781,-0.12287257740640896,-0.25862398663033626,0.1645255150150747,0.9754985038734304,0.14606171247018726,0.23434033295206935,-0.18249657164507307,0.95487151475458132,5.9015507471042952,-18.417123327201555,2.9781532500388983,0.4921496247796316,0.3739245253673104,0.7441860465116279,1,5
