axis_00,axis_01,axis_02,axis_10,axis_11,axis_12,axis_20,axis_21,axis_22,location_x,location_y,location_z,dbh,dbh_approximation,score,reconstructed,number_clusters
0.41464164571309464,0.90867421376633872,-0.048820885658318408,-0.89652892539959383,0.41711411696197098,0.149170035036816,0.15591084491524682,-0.018082772662436609,0.98760560031353228,-17.151385306212422,3.2096855530690975,-6.8098780362759914,,0.08341926065007092,0.6666666666666666,0,3
-0.077975883224140896,-0.90499980768547916,-0.41820462661795232,0.99425377154346073,-0.10145190295345355,0.034160637563242113,-0.073343025619477281,-0.41313782140633049,0.9077102737749595,9.3566293155345868,-24.461569457037303,2.2889228611908452,,0.1636943646398368,0.4117647058823529,0,4
-0.95594049245602608,0.003801853289709094,-0.29353589353688075,0.071847508158624632,-0.96647613203235505,-0.24649913140450566,-0.28463258853182632,-0.25672832357054581,0.92362051591675376,4.8855432726513408,-17.884513580011014,0.80658065630328568,,0.4189953967109968,0.2771084337349398,0,4
-0.92814069070853333,-0.18591605096833316,-0.32247492963550978,0.22225743475623022,-0.97174485532986332,-0.079457968986902661,-0.29859084203415714,-0.14542062485178539,0.94323716578655326,-21.808678691346756,15.053592807267867,-8.7509470133719258,,0.399275102400025,0.4126984126984127,0,5
0.94649336091864833,0.15106302132369043,-0.28518464426662415,-0.11736754952539662,0.98429619411550684,0.13185545331207832,0.30062464312715004,-0.091328888300955202,0.94935970954448379,-25.972215140294722,-0.80753501130825356,-8.8786071209879314,,0.3236299978990187,0.7397260273972602,0,5
-0.44312054425378516,-0.73549735036186303,-0.51253080967968001,0.88089703151938648,-0.46331981021921764,-0.096722144924322767,-0.16632679615913581,-0.49434643830931696,0.85320395909203928,-5.6159044083925274,-9.1205651291932401,-2.5505925721049394,,0.1912405498791861,0.2162162162162162,0,2
0.80573555538812913,-0.46725758294166519,-0.36395132362294758,0.54892523166017348,0.81990107753662889,0.16261400032315673,0.2224214576658638,-0.33080594649701761,0.91711292703352754,-20.606936950403234,11.448070226651641,-8.371409961586993,,0.1829147856603807,0.3636363636363636,0,4
-0.23533284050600187,-0.83559719158004531,-0.49638270276362173,0.96615054676736656,-0.25666732366387723,-0.025980876512190068,-0.10569567238300673,-0.48569457314938563,0.86771493386523002,-30.931310523650826,4.3858951188378166,-10.50031188019736,,0.2361917982192521,0.2173913043478261,0,1
-0.85115178217063281,-0.40821416661155885,-0.33000278466308192,0.44393296437532748,-0.89527292071428444,-0.037548909127312555,-0.28011456022258507,-0.17845893536986987,0.94323286707894283,16.694980609615367,17.485874199994552,3.9235729600002442,,0.1214118959036971,0.3181818181818182,0,5
0.93438167777069314,0.21946618862969583,-0.280651870285551,-0.2041606062370151,0.9754090324758532,0.083040148274510214,0.29197487410281991,-0.020293137088013741,0.95621067839664275,9.4226949408674905,10.907908480994033,1.6569017373900687,,0.08113555231042771,0.3461538461538461,0,5
0.91745171202026521,0.32152668305707333,-0.23431378148415036,-0.29975485858369921,0.94588820931978035,0.12426793723759712,0.26159010085733836,-0.043773137334866999,0.96418594243087363,3.2454644688584451,8.0996517744972358,-0.40083004830361402,,0.3462460509699412,0.6535947712418301,0,4
-0.76012758095508015,0.60462203119517599,-0.23798794100709769,-0.60213348706372005,-0.79310765284012374,-0.091736114823524784,-0.24421573337494662,0.073569357750695424,0.96692617358942523,-3.0124681541606351,-15.024647382692724,-1.4455785196472548,,0.1527097809769621,0.3125,0,4
-0.22128096791154953,-0.91620740373313558,-0.33406395582989218,0.97140701399116058,-0.23730544132385764,0.007385166678387736,-0.086041538857148311,-0.32287787298400866,0.94252147600381886,-24.433464536607651,4.4749937618233666,-8.8205969062421516,,0.2284157532621003,0.625,0,3
-0.78761876062463221,-0.51695318038361682,-0.33528509839147635,0.56738457831620481,-0.82068257475647777,-0.067489642020242019,-0.24027365274008006,-0.24339170236953836,0.93969625465710838,9.0209531170863517,-31.943237379879822,2.6090995660878997,0.3420477241334737,0.366369419015611,0.8958333333333334,1,3
-0.8885380125583755,0.36656022023773194,-0.27592354951703091,-0.37783345941871443,-0.92577986308257043,-0.013172777023223777,-0.26027308193990928,0.092548636133020876,0.96108931570766032,6.1285660559560586,15.819894806629586,0.60377676591502061,0.2996626117380628,0.1849200172398001,0.45,1,5
-0.94313621556324723,-0.097039575250683782,-0.31792672068922312,0.11937381750149448,-0.99151337511228144,-0.051489015028187091,-0.31023212372053982,-0.086513281111167462,0.94671615683013699,-7.6818420003667187,-11.237746021917474,-2.9453348400359118,,0.08793225401636051,0.4347826086956522,0,2
0.57486627994928141,0.80070880336146177,-0.1685057043447736,-0.79141807832289468,0.59640123995613836,0.13402606568304332,0.20781286168322002,0.056311394923537622,0.97654638462327747,4.8553473626400274,-13.638886583214548,0.55717990667742023,,0.3808119166472897,0.6506024096385542,0,3
-0.62468711248727105,-0.70886859504184274,-0.32752301668084449,0.75253772474383562,-0.65847058180732909,-0.010171810639701268,-0.20845379423193047,-0.25282762479152227,0.94478844606218082,0.6817991482431508,-23.400436561673498,-0.067899299073880245,0.2080721788936737,0.197143475784141,0.4102564102564102,1,5
0.43067357441991666,-0.83236111335234886,-0.34884846176414663,0.897012607437224,0.43737097146300058,0.063835847454110473,0.099441713556464167,-0.34041388088670821,0.93500253224502272,9.1013738594991995,-4.6930283166827751,1.6064771813932506,0.6243330680944015,0.4322978934027547,0.9163265306122449,1,5
-0.73269795209240784,-0.54134649034416282,-0.4124290101237415,0.63733271563926774,-0.75833571420785606,-0.13687203561260303,-0.23866445184708268,-0.36314036122265253,0.90064885359146141,2.5197433085658441,-9.7571759838998631,-0.28948130554884516,,0.1213703147792785,0.2696629213483146,0,5
0.95495829027579315,0.060323663829782992,-0.29054383389720101,-0.032898405201639329,0.99460567953385548,0.098372949402698473,0.29491076407741013,-0.084383634794600135,0.95179149156216392,-35.689493987137176,2.4285594411056821,-11.730398886747381,,0.3871642598558105,0.6170212765957447,0,3
-0.75845588762702032,-0.56457355003420284,-0.32557852067617482,0.60277070308041913,-0.79763700386795144,-0.021040189364523652,-0.24781474135298298,-0.21220724931617116,0.94528087746754874,-7.8499835937353115,21.037531648114758,-4.3522455342488744,0.4592816005402477,0.405061541902055,0.3636363636363636,1,5
0.95309856573252516,-0.055787015432641272,-0.29747425587388493,0.085139273193284945,0.99259527728017194,0.086636710932592037,0.29043833796302193,-0.1079000668684527,0.95079080107616765,-7.2244906879095723,8.1687502474493758,-4.1367565783821174,,0.07960428419622008,0.2368421052631579,0,5
-0.95803731265842917,-0.054130151840239574,-0.28148611727040451,0.0777248342323896,-0.99427393994763247,-0.073336092645845993,-0.27590461702871688,-0.092137174922857057,0.95675879055249469,-12.126166073236311,-5.3423924626483599,-4.7145575062487151,0.6926859182968172,0.5562772128183855,0.9385474860335196,1,4
0.50241051065265985,-0.79250156511382497,-0.34572380316933471,0.8572159720343594,0.50879910430753739,0.079399299398884265,0.11297989234779611,-0.33625100854567419,0.93497101729256549,-2.0666758586434595,8.6690629787715832,-2.3207466744682135,,0.1064762584998673,0.3333333333333333,1,5
-0.86952443488343112,0.40342135322682854,-0.28491835479885214,-0.41917661654604738,-0.90788333159931933,-0.006230597493733888,-0.26118618126091264,0.11401345519172403,0.95853153873703434,11.39652520130463,7.5314788601583267,2.3741962304162185,,0.1266804837971487,0.32,1,6
-0.531383240820126,0.83951735484540246,-0.11332458819196728,-0.83728747392796055,-0.54082220134954617,-0.080380548211407749,-0.12876931846847495,0.05217238197370249,0.99030121941778682,-7.6646615079629612,7.2273481511635591,-4.2305922167429593,0.5322019603875757,0.5147532641270551,0.678125,1,5
0.0078171725291294666,-0.87873527558079223,-0.47724543713229794,0.99949274012000966,-0.0078688322267387555,0.030860070103320831,-0.030873196482454852,-0.4772445881613912,0.87822801641123882,8.0542109217209621,8.309659932854311,1.2443678462002941,,0.1104469153741523,0.3461538461538461,0,4
0.89928472946166882,0.35011825170460015,-0.26211483204955849,-0.33329656368612054,0.936658020901591,0.10763434635719063,0.28319670900643934,-0.0094319512313272118,0.95901546510152436,-23.727519484371925,1.7604233840842616,-8.4259558362048619,,0.1718192894944071,0.4,0,3
0.95110566000958263,0.17397672497791702,-0.25520603963012833,-0.13382420958278049,0.97680520027470297,0.16716064622345128,0.27836864842736964,-0.12483469021973026,0.95232725241403415,-8.9094231587451205,13.362471333072712,-4.6328530839717068,0.8129023285080341,0.3609223133318759,0.7419354838709677,1,5
-0.62858296678602388,0.75111792429226254,-0.20175558895198997,-0.76006927872323049,-0.64825723017405334,-0.045356973755024059,-0.16485795524520414,0.12483760384575082,0.97838511193620614,5.9752424838715532,5.7023893644252759,0.48907916019548742,,0.07886677706649173,0.2142857142857143,0,5
-0.16542405904176352,0.97812123499898251,-0.12614963469711013,-0.98608192410133377,-0.16620166136326539,0.0044098436144556592,-0.016652917184705015,0.12512336873724944,0.99200142285436455,9.2405035973154792,9.4610756713825399,1.6055504345752651,,0.08093335530213254,0.3181818181818182,0,5
0.85816150124690771,-0.36895748200900452,-0.35697228778607998,0.44375302818564016,0.88274864121768981,0.15439587560681947,0.25815128849906477,-0.29090413008050797,0.92126689908428538,-4.4873182986930056,1.9216238510506083,-2.9975477048201276,0.3165839012719299,0.3077788695907359,0.7040194884287454,1,4
-0.96011468461085281,0.02416063188115198,-0.27856068685603474,-0.01378719222000125,-0.99913866222150993,-0.039138816856161315,-0.2792663705591692,-0.033737183067275515,0.95962080883721657,3.3780721808475982,-9.6582883457623918,-0.096542431646901128,,0.08306194572499639,0.3636363636363636,0,5
0.59600543980407661,-0.69339149251486987,-0.40495154504205799,0.79091241270919255,0.59403351586278019,0.14690724098637065,0.1386905589666175,-0.4078387182940148,0.90245914517712233,-13.721054730582706,4.7709470062437633,-5.912878281151511,,0.5065428596626379,0.3963963963963964,0,5
0.48718929844473302,0.83461077148391238,-0.25704366867121553,-0.85495869901193244,0.5158318436940259,0.05443465821557382,0.17802306160931258,0.19324173760927243,0.96486549341397654,5.9157022467197784,-3.207315359555003,0.52409032245651199,,0.08618969415843802,0.4230769230769231,0,5
-0.20834663676328249,-0.85878928189945547,-0.46805197173396068,0.97715499406838568,-0.20329786196783156,-0.061952375955434048,-0.041949928684609908,-0.47026689083320333,0.88152666146261849,-6.6503262094089468,-10.879909525444868,-2.7282323383989997,,0.3729196817205275,0.3714285714285714,0,5
-0.43004425989462658,-0.75634367495366839,-0.49295656998285592,0.88659608824066782,-0.45681965438904071,-0.072547775156949434,-0.17032119905645571,-0.46825212089370938,0.86702401375654758,-12.140647844995103,16.482412072150847,-5.8727242354744993,,0.3094192499134506,0.225,0,3
-0.95702475452104041,0.10855686274381134,-0.26892197155525399,-0.084298139204449771,-0.99138954207612284,-0.10020279232019545,-0.2774841310068214,-0.073226930929257861,0.95793547466730355,9.2269266647481523,-14.075455034851093,1.7714783097459623,,0.2060166862709401,0.3157894736842105,0,4
-0.95160895592698569,-0.077179938014421426,-0.29746201802523142,0.090001905103010413,-0.99550072489215025,-0.029630454215771544,-0.29383677795228741,-0.054968753917969529,0.95427374689620625,15.136768234167334,-10.210236623261929,3.6089950534068276,,0.09075540556380199,0.2571428571428571,0,5
-0.39121527757382257,-0.83928819477925132,-0.37755255620512396,0.91468253602295402,-0.39985619751954254,-0.058914171468595844,-0.10152076086917117,-0.36838885353577017,0.92411210775703323,11.743077124490386,-16.352969420622472,2.6843290212326072,,0.3044735859381247,0.3125,0,5
0.31505171630675782,0.91476629309336832,-0.25287357527504961,-0.9406593134562562,0.33637297449568981,0.044869566934943629,0.12610500410441117,0.22373164963666195,0.96645831616820754,7.8809041293527562,6.7639683394257979,1.1350459711250847,,0.06940117774042617,0.2162162162162162,0,5
-0.95009116453734677,0.13339209936396434,-0.28201653656362569,-0.13431034976173087,-0.99080745920573532,-0.016165046525059779,-0.28158037753890119,0.022519471786658099,0.95927335227009225,0.98706856665465625,-5.0022477626983344,-0.90894018882232752,0.5180843640470445,0.3657881441741867,0.9197431781701445,1,5
0.13026249297875933,-0.93921702276963015,-0.31765243122430714,0.99147843814581593,0.12387415983104057,0.04031996054176977,0.0014797347379685206,-0.32019771496047311,0.94734958369083555,-10.238938304164874,9.6408159999432321,-5.1259538057402647,,0.07274984418239978,0.2083333333333333,0,3
-0.6239462127282025,0.73315197698517753,-0.27051673194990772,-0.76399552288738359,-0.64507211895692784,0.013885328676423973,-0.16432274532202112,0.21533727031599714,0.96261513357244155,4.0173237588701705,-26.493440260211354,0.89569729539532383,,0.09747308953897871,0.5625,0,3
0.94627530948098004,0.18412385577618368,-0.26582220449162403,-0.13137719542827267,0.97006388230519836,0.20424518787077459,0.29547093120656925,-0.15834920265374783,0.94213717622798732,-19.566406820587222,-0.50376510039693023,-7.1486773841040181,0.2122642524799445,0.1351332188270234,0.3137254901960784,1,5
-0.24372140275829282,0.93400308033600776,-0.26122427865797448,-0.96912249525004579,-0.24493616810301813,0.028422926579356248,-0.037436172852676398,0.26008560028932626,0.96485958226276913,0.87216849927039308,9.3132220611303378,-1.2809053807646893,,0.08952492589689225,0.2727272727272727,0,5
-0.54955864685151801,-0.7259569360603858,-0.41348738875151397,0.81212929324391114,-0.58033235988801368,-0.060500934884961201,-0.19603903878022336,-0.36905403270066856,0.90849755983244118,5.4236385541180203,-22.863514204297811,1.2067669452393661,,0.274996044460232,0.3777777777777778,0,1
0.75845850495632117,-0.56762198165501554,-0.32022801595340789,0.61702250431212979,0.78360510273446471,0.072431154490989164,0.20981879189388819,-0.25252391750197234,0.94456749131951767,9.4980426263280524,-11.700097476070578,1.6894124160696509,0.332186554091261,0.3092902637189792,0.8203125,1,5
-0.82016052478336965,0.54940415098605377,-0.15966149337382995,-0.52261437773469166,-0.83297774129933533,-0.18172037498541252,-0.23283239845873965,-0.065598486104110884,0.97030196992936169,-21.930339095320036,24.186188637005582,-9.2822438666125269,,0.1837127903750597,0.1428571428571428,0,2
0.090250570326638316,-0.92387998196024612,-0.37188790446699538,0.99589542272325715,0.08114602912955847,0.040095248538591886,-0.0068659707677165421,-0.37398008087282064,0.92741132058853848,-12.824437829760184,-1.1083242470474612,-5.182270763101684,,0.1350084905011123,0.4202898550724637,0,5
0.78575908792056814,0.60305046124516459,-0.13752380500200878,-0.58634011836368605,0.79701337060197308,0.14482732020906836,0.19694649361563957,-0.033163658930755228,0.97985317797046956,-13.88709788865587,-18.273588545968575,-4.1642130230477203,,0.2993949896429385,0.3076923076923077,0,2
-0.52517741055973255,-0.77574665844146107,-0.34986541605978083,0.82956318843491994,-0.55836651448806818,-0.00719387879644555,-0.18977250546764196,-0.29401353270785918,0.93677235161653905,-4.9208480683220355,-24.329774316775591,-1.4135099003931999,0.3435760358078627,0.1951496351871122,0.5277777777777778,1,5
-0.75721656766546575,0.60067364582709348,-0.25654286359538397,-0.61367522941571573,-0.78876086164276515,-0.035482614646224618,-0.223664441640823,0.13056597699765132,0.96588132976890539,-7.4435707196600909,17.886723195758062,-4.1492766158649603,,0.2981046999291605,0.3333333333333333,0,4
0.32348694968245778,-0.81170426432459941,-0.48630482278340487,0.94542528234378675,0.29848503347815414,0.13068175195762871,0.039079775975675704,-0.50203871570507896,0.86396174628445499,-20.08272442928353,5.0203402730930593,-7.865014481922814,,0.2956463778114942,0.2105263157894737,0,2
-0.042896555446601745,-0.92025120435550545,-0.38896992995996293,0.9973810425066173,-0.062136977014527278,0.037014215322085646,-0.058231791825687863,-0.38636345190731752,0.9205065678478519,7.2112771903481123,-29.904960048211908,2.0004288934840715,,0.120911079486406,0.4736842105263158,0,2
-0.35349290477672324,0.90682573337557382,-0.22958627040911597,-0.93240833065909778,-0.36130590039165206,0.0085294348988226628,-0.075216163090322863,0.21708324585290079,0.973250940497845,8.5006463038363123,-5.6440722479724039,1.4553837133906926,,0.2195484106364428,0.510752688172043,0,5
0.95201336013706805,0.12086473504597199,-0.28118015211390285,-0.092487536496431655,0.98937889214998809,0.112140373465069,0.29174752391983011,-0.080753474168799189,0.95308040515809511,-7.9067541286670959,-27.193166318185273,-1.9235159805309112,,0.3418362936146055,0.7142857142857143,0,4
0.9529065975701172,-0.050918721770373307,-0.29895869293368077,0.11083517490529908,0.97608129846815339,0.18703171598538068,0.28228457327855405,-0.21135889513809367,0.93575789450848312,-5.6306680734768477,9.5485886373261089,-3.5856793652717105,,0.07844921940113223,0.2580645161290323,0,5
0.57505992918986459,0.79194694727551518,-0.20524646291992493,-0.79249500522288796,0.60152648013459353,0.10058608449313994,0.2031200249530371,0.10481377007759451,0.97352777518938738,17.681686274641166,17.353833550429091,4.2149378268256736,,0.09198559949809831,0.1875,0,1
-0.82361664800662837,-0.4698901548500159,-0.31758283880171007,0.50025004330243028,-0.86572505870359262,-0.016432191228715576,-0.26721809688387804,-0.17240465512186295,0.94808814125590091,5.4575602416889728,-11.212461171245549,0.61199074585645108,,0.2121338633831582,0.4086956521739131,0,5
0.45131369334457727,0.86714099950244361,-0.21067139621120881,-0.87380493730600461,0.47733431898109924,0.092827148305329801,0.18105491360171996,0.14219154301418063,0.97313960116517728,-4.4414737229810664,17.650495880025542,-3.0628891065238717,,0.4443554977366443,0.7625,0,5
0.9525798044419499,0.14903993068285126,-0.26529005867425293,-0.081522897548152173,0.96496506108366153,0.24939215718053384,0.29316502749252205,-0.21593871804254439,0.93135639618002974,-13.80900197282573,-20.934210158779127,-3.9653356385019825,,0.293641154784352,0.2727272727272727,0,1
0.95092164394571377,0.11964532270702741,-0.2853647207170395,-0.10292985428793049,0.9920115085487059,0.072928814628978975,0.29181067864601556,-0.039977039175679997,0.95564029015466878,6.8280312517299837,-9.8521139485153348,0.94174638825738488,,0.09054698561968981,0.2619047619047619,0,5
-0.70209655610758037,0.65441774107540374,-0.28070954039298474,-0.6786826654262067,-0.73429114566938991,-0.014364993613449966,-0.21552323668656925,0.18042708653996567,0.95968526137002064,1.1318079380838493,16.587667337490725,-1.1228991417872067,0.3275550605399508,0.2805849457025459,0.9384615384615385,1,5
-0.89916767677356257,-0.27178899409146767,-0.34296972422705674,0.32725301825243236,-0.93795258041515883,-0.11467527605033064,-0.29052185991816243,-0.2153501789720515,0.93232041129989107,10.298936676746035,5.079855244636228,1.9261942218873935,,0.1056189052111991,0.3623188405797101,0,5
-0.90882608769026041,0.32770321233975713,-0.258158375722773,-0.32930920451566464,-0.94344538986481397,-0.038291567793586272,-0.25610659920212242,0.050213553598951091,0.96534346679308414,8.7100623013363414,-20.463348772399037,1.7533220518099157,0.2107521863212867,0.2083927067984386,0.2916666666666667,1,5
-0.95602371993735669,0.040200300029637835,-0.29052122606561226,0.028984712415913154,-0.97276253712661021,-0.22998463602851313,-0.29185361632727186,-0.22829144145264829,0.92881886522408996,1.6102099893968815,4.1143736310456172,-1.1153044783578336,0.4445447062507302,0.6843967853735176,0.539568345323741,1,2
-0.93534698730901367,0.19789432922575265,-0.29319592049044646,-0.16099887691820028,-0.97620349496646741,-0.1452793792880864,-0.31496884760723409,-0.088682415819275356,0.94494976277124254,-17.483576028724002,1.5555127563111839,-6.6149860952351318,,0.2093060070749982,0.1621621621621622,0,5
0.31462268281222733,0.92281300024511581,-0.22232573858787488,-0.93734817542885029,0.3389693688298322,0.080487048742701447,0.14963611021488546,0.18307357420914902,0.97164453425419184,1.6433688138511837,-7.2905538044780105,-0.66753446330791766,,0.1579381947817252,0.16,0,3
0.77815550634641639,-0.52651069927298355,-0.34243319274542688,0.59734039296943742,0.78886444916457177,0.14448991581212622,0.19405788535864976,-0.31698480152106856,0.92836532288468121,14.446376969739633,-11.149726099940516,3.407013872891222,,0.3930659286419134,0.6298701298701299,1,8
0.70343527007255402,-0.6258985733129957,-0.33679340365082949,0.68867831016784575,0.71739850312680276,0.10517401207420292,0.17578681953523873,-0.30592542168996134,0.93568618160230721,-1.0042356024157215,14.787869848724283,-1.909296193313371,0.6195507736269014,0.5714075750239619,0.9029850746268657,1,6
0.92553982828511683,-0.23522094496962509,-0.29672737201942229,0.26050695889513087,0.96426958827123066,0.048169341934898191,0.27479474271748117,-0.1218821897687567,0.95374660219159135,5.5755651343876131,9.4899337603771503,0.38184961299533576,0.7361378902998981,0.6200486705708065,0.8701754385964913,1,5
-0.33698389991429217,-0.82897225128461394,-0.44637076270593101,0.93123212152986146,-0.36332798486576967,-0.028275629866978003,-0.13873927716962323,-0.42520322436865354,0.89440126954122368,-4.9440234292990519,16.495816646302668,-3.2228648045305346,,0.1160151417151178,0.2608695652173913,0,5
0.059333457285682421,0.9697703513151712,-0.23669602142110174,-0.99660859264360369,0.071090479773222179,0.041442209817405713,0.057016260097141558,0.2334343792067991,0.9706995089567485,-6.6451266908791951,2.2014225744849414,-3.6348972195273292,0.3173265782260225,0.3152361548881484,0.6503957783641161,1,5
-0.22230499830764747,0.9645662445632428,-0.14210013221879939,-0.97356705335606308,-0.22744900541458549,-0.020836087816804669,-0.052418320719292227,0.13371204053891067,0.989632967249925,7.492184701205522,3.3243852506118707,0.99732342803891638,,0.4086997584442049,0.1666666666666667,0,5
0.56437407409352647,0.78647529301892083,-0.25087550291305066,-0.79647342244415431,0.59866733624484225,0.085014750800079225,0.21705297010446431,0.15183554914546948,0.96427899188177013,2.4725515548317372,-26.335277100778086,0.48466872823317286,0.2767023315170292,0.3042080128354264,0.803030303030303,1,5
0.72545338045459618,0.63707952744125429,-0.26047469839166382,-0.64362001119746637,0.76202347197751896,0.071228571103888805,0.24386609844989396,0.11597372060323266,0.96284963631725529,10.023770293605441,-14.067364455483679,2.0291009425315933,,0.08822430192066612,0.3055555555555556,0,5
-0.33490493328142135,-0.86797928575525918,-0.3666751220952354,0.93314974083330393,-0.35948542584771248,-0.0013378287728593996,-0.13065315475143843,-0.34261084060910574,0.93034808811036829,-3.1775441922659113,-7.5778528594922365,-2.0003034681727283,,0.1043681935925849,0.3375,0,5
-0.47936513028169442,0.83543985563273704,-0.26879233525226603,-0.87052509734962102,-0.49149524511893361,0.024869236214914714,-0.11133340358781832,0.24591191847047966,0.96287704386371209,6.9458395907069717,8.080635643412581,0.87737236062762647,,0.08414054756465943,0.2741935483870968,0,5
-0.85703771813179142,0.47760530893673964,-0.1933378353424221,-0.44749126440243403,-0.87594523011283398,-0.18019856305222157,-0.25541714504504809,-0.067919972894693523,0.96444230480574689,-1.2034990111690798,-11.806515081663582,-1.2243251033611524,0.4232899245755747,0.4510933485361189,0.4893617021276596,1,5
0.63404439082142439,0.74721644341687987,-0.1991363782821173,-0.73663672613096942,0.66196492764763748,0.13845132097421897,0.23527440188625914,0.058906886285797037,0.97014222388533122,10.694164147509545,-40.843240857078655,3.4502990604620694,,0.5433778124906028,0.98,0,3
-0.85042749390726191,-0.42855523239644211,-0.30514503173449659,0.44899206439910561,-0.893528588983035,0.0035758602626032605,-0.27418826326676515,-0.13396668785791391,0.95229917716605039,-0.46898738852773653,3.2429990368073507,-1.7545494826017991,0.4564949100227695,0.328815883457517,0.8398398398398398,1,5
-0.51889164118059949,-0.77298379166309916,-0.36503085148935527,0.83078768158628669,-0.55658449807289323,-0.0023504530264904975,-0.20135365116478096,-0.30448276524474299,0.93099245584028645,-15.147783838222043,4.8853571081209246,-6.4150047894356108,,0.1090671698122224,0.163265306122449,0,4
-0.66214982596885374,0.70404179785576826,-0.25667636206210215,-0.72882877314274563,-0.68469275468827417,0.0021097669596866833,-0.17425908128031101,0.18847009988165644,0.96649510813140771,9.0925356341057473,8.6063264972817368,1.5635997646117814,0.5527561507649272,0.51660067830925,0.916,1,5
0.32478030196272761,-0.85066082555807487,-0.41339317280024457,0.9432225778083495,0.32350150914557457,0.075352122021261583,0.069634216945197266,-0.41439465904061701,0.90742941454916426,-21.934792471097857,17.105264926834234,-8.9135680366417667,,0.3853686357696778,0.2258064516129032,0,5
-0.78136257359638539,0.60841203594968096,-0.13895079378829855,-0.58493180113188781,-0.79158210926269268,-0.17678391419988801,-0.2175484235921743,-0.056855596090371933,0.9743921821247179,-10.103777244274813,3.709562731193031,-4.8036807616813721,,0.2647119888891725,0.1976744186046512,0,1
0.80420685469111153,0.53739847464206147,-0.25387834551260063,-0.53163571102947449,0.84140177914688108,0.096987199189629641,0.26573446450548155,0.056973024325985701,0.9623612985117056,5.3388122580661541,8.3175969908953071,0.28359874693401604,0.1576044052925983,0.1070713121959763,0.2678571428571428,1,5
-0.7163072561542474,-0.56997225988871858,-0.40253638063921587,0.64724390086827899,-0.75827343219751109,-0.078081590738276418,-0.2607283022028607,-0.31646962726421834,0.91206783050914586,2.1416631412570903,11.280226563430165,-0.86264731462351596,0.946034953832314,0.6061749161963519,0.5151515151515151,1,4
-0.22881951301120509,-0.80610099686681191,-0.54574977170462213,0.96803226037804946,-0.24758787690254441,-0.04017195636579881,-0.10273837322383526,-0.53749551259635919,0.83698470751029697,-0.78720084814520153,-16.375055283196598,-0.73290456888580791,,0.2262559052940128,0.1739130434782609,0,3
-0.91701801039818187,-0.24460646635064784,-0.31503276849370954,0.27641967359407715,-0.95917002266206564,-0.059875134042423742,-0.28752414273501586,-0.1419878313303774,0.94719022540279219,-5.2542672346316186,-41.151710134965747,-0.59132604213586282,,0.3193047127585164,0.5,0,2
0.81957379026162347,0.54804350384315104,-0.16717392204383463,-0.52218046579190791,0.83452038871302281,0.17579329329531124,0.23585241881639066,-0.056780619207501735,0.97012865013918137,0.4399244214778919,7.5229648905895061,-1.5121140751229571,0.5542974242803221,0.5460420533027519,0.3235294117647059,1,4
-0.67651485625732899,-0.65556867046090994,-0.33549570425452563,0.69987911688007665,-0.71408341846082835,-0.015940302207349415,-0.22912195664817764,-0.24559028846722022,0.94190686333219709,-4.2680134473833329,-11.345685927785151,-2.0616925404453847,,0.07078788603689294,0.2307692307692308,0,3
-0.67014256092876234,-0.66248347372289351,-0.33470075451944864,0.71024001718035401,-0.70332241524417227,-0.029944919615093286,-0.21556452868570575,-0.25778523475783527,0.94184855826898051,0.0020723385284518963,-6.7687359076031592,-1.2132957929218589,,0.1145653530602692,0.2681564245810056,0,5
0.27324574100073129,-0.88238385143931297,-0.38306070503783823,0.96052004292903803,0.27193640339853115,0.058752358576235425,0.052326017969653187,-0.38399131660207608,0.92185283891608405,19.698074612381756,7.7472068143861224,4.9535144569932097,,0.586604738107076,0.5041322314049587,1,5
-0.40883928627493121,0.87972617427909272,-0.24275975013678799,-0.90730158576675002,-0.42045812493916357,0.0043356242668193146,-0.098256147203853325,0.22202887979025063,0.97007675267256077,7.3849588047629249,-12.057059423308203,1.2095395378018701,0.1556439241031794,0.1206961166212061,0.4871794871794872,1,5
-0.72608654851490873,-0.60854233302553773,-0.32011646783872849,0.64412032164830779,-0.76489282140826098,-0.0069269760929031119,-0.24063943007202448,-0.21122310639214328,0.94735287196517515,8.2145772941013497,12.11540172369514,1.2806535960341756,0.2550168189856147,0.2490814803511321,0.896551724137931,1,6
-0.024396388910475179,0.98419542899086498,-0.17539718857956593,-0.99944233390631509,-0.020010288317378139,0.026732182053713954,0.022799943070682248,0.17595154422437564,0.9841347553465587,-20.711640838759404,10.004139904550719,-8.3679378682255319,0.2647122202706008,0.2896113219162323,0.5056179775280899,1,5
-0.7439803549726185,-0.58438869412138406,-0.32401093438018475,0.62025846489130176,-0.78433910188024647,-0.009571310901584704,-0.24854107939232681,-0.20809139204876403,0.94600491775133233,1.9795107060979018,6.7150456400567222,-0.92808108452680727,,0.4559740092277317,0.186046511627907,0,1
0.636733353402272,0.72106525550877709,-0.27319504747187462,-0.7395790225746911,0.67134199156081398,0.048195432715402657,0.21815935925960739,0.17136168668994353,0.96075057444802781,2.0476069452442016,1.7706687049744925,-0.86362566271142949,0.2535915501429802,0.2070379879486841,0.7911184210526315,1,5
0.28199707151929498,-0.88992043351192773,-0.35849584889156566,0.95810610166316668,0.28072743678118411,0.056787359456803611,0.050103389210227618,-0.35949092931005794,0.93180251240992007,-6.1725872412086336,0.57840615013426466,-3.4000990811289795,,0.06534356607618567,0.2117647058823529,0,5
0.67288295448163271,0.73081268854062953,-0.11463570053036165,-0.70422673766105448,0.68027737708171121,0.20319299248275421,0.22648009080565645,-0.055995575707773478,0.9724048868500289,3.7571799931203507,-27.832600245529115,0.96565700507595997,,0.455237399249456,0.25,0,2
0.9362132335510116,0.26341058922584193,-0.23263628867322808,-0.23966681177369076,0.96270325235964693,0.12554786828294781,0.2570303496830541,-0.061784378121438541,0.96442630094888759,12.021639143515012,-8.6543728509332389,2.5363261906973733,0.2968853703711702,0.1343605479742203,0.2162162162162162,1,5
0.95172048468439663,0.097546442722855314,-0.29105465216040577,-0.075509227871220566,0.99342637136477996,0.086037208132873341,0.2975339905597178,-0.059906061372151556,0.95282988422513626,7.126538779990141,-4.0079862299478162,0.99126576862928328,,0.07529250349568514,0.3048780487804878,0,5
-0.3897478820894143,-0.86137257793562227,-0.32578193686476631,0.90787353917552294,-0.41871936155729483,0.020969814542908836,-0.15447402782257097,-0.28759585921496539,0.94521235523594371,5.8201774663368822,-8.7710763041415163,0.62202355862283665,,0.08681061551208147,0.3125,0,5
0.93053523793781734,-0.19173841577540124,-0.31199447250223911,0.24955358538467265,0.95553745415467384,0.15707062656417048,0.26800593086285618,-0.22401909209606566,0.93701028137304332,-2.2859326054579774,-15.734896394610578,-1.1913012499131006,,0.4294810626146872,0.9281767955801105,1,6
0.12227802464999771,-0.89345277438609771,-0.43219234679651608,0.99244855839688095,0.1058178237003374,0.062035853530665291,-0.0096924518904337054,-0.43651429315557344,0.89964511239001488,-9.6746591157866781,-2.5272479751941797,-4.2870889178107197,0.598094478852239,0.6036118271201261,0.3345521023765997,1,4
0.94486818080021751,0.13428410753607464,-0.29865012870335023,-0.11085901250155476,0.98936920161162356,0.094121529150131722,0.30811426493829841,-0.055824379670703944,0.94971008122264,-7.2329056391204496,11.964054129948863,-4.0478864730615536,0.5709110074920839,0.5558625698260726,0.9371069182389937,1,5
0.42898406515547982,-0.81848877033560563,-0.38216332199360387,0.89785338200833964,0.43279264137249418,0.080931044661527424,0.09915632233430928,-0.37784475966768116,0.92054405724702082,9.3266932681122103,-22.556931341400574,2.1978955862795351,,0.08136018128791248,0.3333333333333333,0,1
-0.73706391782802638,-0.52039243860806406,-0.43119426118114357,0.62883368197275047,-0.76183930920965681,-0.15546403879851489,-0.24759842780719307,-0.38573640842226009,0.88876455924215447,8.1042929322985984,4.6142453623887061,1.2164008956665326,,0.08377659297384119,0.358974358974359,0,4
-0.72624589220511238,-0.61242984224724817,-0.3122444433135862,0.64184454937337843,-0.76675531604088243,0.011039010948987103,-0.24617570654897206,-0.19239535765724103,0.94993765472111757,-5.8495787172498916,-0.28180582257645748,-3.185927145969139,,0.1078816796820563,0.4005524861878453,1,5
0.65357553352671138,-0.6552406622081105,-0.37881221807691345,0.73552766338757991,0.66786914720735679,0.11379744549032962,0.17843227949808066,-0.35300209177509767,0.91845056744254017,-8.7650830980728376,1.7375299366764267,-4.2712334685302471,0.2851433027077251,0.2565316155936095,0.4342629482071713,1,5
0.8858861433938372,0.39027891203025772,-0.25077502221567355,-0.36775006294282175,0.92033577608681361,0.1331989131345776,0.28278195159582575,-0.025776541256740167,0.95883780576930489,-13.273530581218248,-14.983471609626893,-4.2686176193403513,,0.1579789411183063,0.375,0,2
-0.53524350326101244,-0.75278563127509002,-0.38318166130784853,0.82257735938789667,-0.56764596714357918,-0.033831107106708599,-0.19204395340471836,-0.33330443941147081,0.92305323282532903,10.441311588810141,-24.732344082992981,2.5501932197434463,,0.1548444327031677,0.25,0,1
-0.67436744470854315,0.69130310510180548,-0.25947748725828235,-0.71602526386597165,-0.69807351026411169,0.0010935141547586138,-0.18037841063424317,0.1865298666276882,0.96574853757741774,6.9698400599498482,-18.19029874920388,1.3546757451035112,0.2422255485360948,0.1639297511510434,0.5964912280701754,1,5
0.48704074299313427,-0.79793308773083627,-0.35509731366067798,0.86537237819423551,0.49581654737767911,0.072777732892221017,0.11799136291758616,-0.34273712791410849,0.93199211339261834,15.559908258311099,0.57984216023037349,3.6038508106796634,,0.09351743629171894,0.2352941176470588,0,1
0.67266564866753831,0.71703171053291004,-0.18271959717810776,-0.7026999781942832,0.69638149371131497,0.14582714377698347,0.23180523235775949,0.030304146690645618,0.97229007654347566,3.076256259904381,-5.712768313143191,-0.28353134590270856,0.2312142126885843,0.2015414066029873,0.3205128205128205,1,5
0.1707874652594597,0.97271585933363625,-0.15702069516810921,-0.98131350699290054,0.18225634173746216,0.061696246966681918,0.088630935364268956,0.14354958341041918,0.98566630986310555,-15.304311410488195,-5.7616299598636376,-5.533938079617764,,0.3535562224944779,0.5769230769230769,0,2
0.11465504082886267,0.97813787209870906,-0.17349502810957021,-0.98998920068768015,0.12697602058205618,0.061631750899295096,0.082314057938479457,0.16469181328576724,0.98290437098547168,12.191177916753963,7.6504109218000789,2.5180360214949769,0.2882691621338875,0.1755083456129006,0.25,1,3
-0.8894988061947835,-0.3061079294514919,-0.33924888990971824,0.3485885849056895,-0.93460695571999564,-0.070681233670981058,-0.2954282861398087,-0.18112916343516691,0.93803750133018282,-7.7363020598446841,-17.602609018258157,-2.5974475464428979,0.2372207988184404,0.1981901162464741,0.609375,1,3
-0.95276268802517472,0.089911060381173122,-0.29010215705536974,-0.0589758783710101,-0.99176474054232333,-0.11368616972784235,-0.29793473459369119,-0.091206911131520102,0.95021902384894186,18.785750579647541,-21.094446766800214,5.0303503092201671,,0.2175746337372249,0.6206896551724138,0,4
-0.86823468294393613,0.42900066027055428,-0.24925282108868896,-0.42767013561662881,-0.9017804625235516,-0.062371888799862892,-0.25152890576412107,0.052444550701063575,0.96642784452170361,-7.512331172660188,4.9175151088465316,-3.992240327867338,,0.09982199820368881,0.2873563218390804,1,5
0.18399310817645645,-0.88905456990602783,-0.41919984240547437,0.98285125618051394,0.16109517696416284,0.089731556228960535,-0.012245177334477988,-0.42852107963097086,0.90344880316703857,-0.9570406844372511,6.4090457003749126,-2.0099970531453781,0.3787476307337563,0.2811680530826935,0.267515923566879,1,5
0.50124055903388309,0.85089481283799351,-0.1572765699803847,-0.84771680344093447,0.51933432580603234,0.10801888355040945,0.17359182913744314,0.079182545582903108,0.98162925859599715,3.6099808918584273,-17.204996773221261,0.41215862025652628,0.5733227297955412,0.57294963194976,0.8663594470046083,1,5
0.76174771857595402,0.61265590588340801,-0.21069683013873416,-0.58413912552399716,0.79013692816777126,0.18564782998370627,0.28021758559446253,-0.018340548840746401,0.95976128750425804,3.0821514995441004,-22.68359294090083,0.51510857343777183,,0.2104317451138668,0.2380952380952381,0,5
0.70352716311649577,0.67257138796852833,-0.22955883525437382,-0.67031764784602965,0.73530431352212522,0.10000908709674547,0.23605885228777937,0.083518229158942234,0.96814302851114553,-2.7046269777421741,-16.497973583699796,-1.2672957399615619,,0.1371785962316775,0.3684210526315789,0,2
0.82733956439839162,0.53964921422521717,-0.15584598412273376,-0.48890016121783098,0.82844381715774384,0.27323519936912244,0.27656080261356047,-0.14986516406160141,0.94923893465161402,12.536522473246526,-26.12935763573735,3.2639001142041066,,0.3488280016785825,0.24,0,5
-0.72125349770553615,0.63396196034175079,-0.27907996145760289,-0.66357502842189575,-0.74794055778135971,0.015909232558225152,-0.19864937377805444,0.19666508298464089,0.96013606922781192,-4.4513479502642621,-3.03293960190571,-2.6344100697063388,0.2009017156956263,0.131868341864123,0.6703296703296703,1,4
0.89546288748005509,-0.29910124595960452,-0.32967356856638397,0.36340111025571675,0.91892208923261243,0.15336827242061299,0.25707168302011513,-0.25713933690857799,0.93155435225402838,-22.397776756902534,8.0675089590704285,-8.6984194625602296,,0.1254422823667151,0.4166666666666667,0,2
0.50978206698716633,0.83953809533316592,-0.18787770134491791,-0.84363236447199774,0.53062106156484712,0.08201050322476458,0.16854280700663715,0.11669222556859898,0.9787626099816894,1.8736210546953767,13.295426317128447,-0.81786568869387688,,0.2296149615539055,0.5,0,4
0.95153462298329494,-0.070544880749924058,-0.29934141221023636,0.1059498104073498,0.98894658193240703,0.10372702520971375,0.28871525581216928,-0.13041502169684652,0.94849112973033423,5.4847494359981601,15.021443678745172,0.39556542882496948,0.1587533198497969,0.1076019700214057,0.25,1,5
-0.3882166058989282,-0.83697917510530384,-0.3856860476402541,0.9095167417641401,-0.4154331124504293,-0.01395082544120408,-0.1485502048300783,-0.35620385949592565,0.92252460515974744,-2.3697506431970146,14.708694764393382,-2.3559954360414239,0.4594956582294586,0.4292485521775976,0.6946564885496184,1,5
-0.0018775377744953202,0.96445519417056602,-0.26423976477684252,-0.99942974208764079,0.0070989601930462626,0.033012049236737964,0.033714469928157104,0.26415106132967431,0.96389187739905224,18.003730013928511,0.28744691936761768,4.4377217269509455,,0.503590037106845,0.8197674418604651,1,4
-0.92689689653266127,-0.24080937812819792,-0.28787668645382192,0.26322983684004231,-0.96384968103014734,-0.04127766194018833,-0.2675298043121293,-0.11403786995377649,0.9567774913850764,18.990817197096092,8.8677877082545269,4.7143119854007134,,0.2469914919040451,0.6595744680851063,0,4
-0.79958455240569504,0.54511293863788635,-0.25202465689640713,-0.54010240574635537,-0.83620776628455051,-0.095110267124015269,-0.2625908125985813,0.060070423129607448,0.96303562208458637,7.6564854825931121,5.8106389961200593,1.0331071481343268,0.4358572198578839,0.2245894340055809,0.1111111111111111,1,4
-0.28094026182010579,-0.85679793915657121,-0.43240011649570892,0.95230559735225773,-0.30478673423273955,-0.014801887964075585,-0.11910759228533685,-0.41593549751469122,0.90156033817332282,-2.7910961394982987,-19.23243910794416,-1.1671019679889689,,0.2871500891368125,0.3,0,1
0.32514110826388987,0.94159071888781842,-0.087693658956914805,-0.93591284709333444,0.33368496851877943,0.11278955816152032,0.13546365698068005,0.045401100085167019,0.98974155098615424,0.2582548226449356,4.6482824757461874,-1.5286669296788631,,0.0853140752768162,0.196969696969697,0,4
