axis_00,axis_01,axis_02,axis_10,axis_11,axis_12,axis_20,axis_21,axis_22,location_x,location_y,location_z,dbh,dbh_approximation,score,reconstructed,number_clusters
0.7987812302339995,0.59931397290451838,-0.052643215206338315,-0.5780719605959268,0.78881233552089458,0.2088250648338292,0.16667739678384658,-0.13637397556525943,0.97653509112058368,14.885610993208925,11.187295543192539,-1.7322359940214702,,0.1419222288981658,0.4482758620689655,1,5
-0.96988652794875274,-0.21457141687209738,-0.11523554124059439,0.21764714221932407,-0.97591745845016997,-0.014657277234225191,-0.1093153437870158,-0.039296581958997413,0.99323005102497053,21.866439741887255,21.743318464808425,-2.9990895610941735,,0.4890733003226442,0.5,0,2
0.47813118933214227,-0.86185603777773689,-0.16909978099894438,0.8707765247207121,0.44004531862132351,0.21933618387027762,-0.11462464736325012,-0.25211959008676366,0.96088339693811553,13.251717129584337,-3.5911688243474464,0.77020569907418235,,0.08034203583172937,0.3529411764705883,0,4
-0.77574071038603287,-0.61373099191761238,-0.14683534931887984,0.60981066192217492,-0.78891592350229012,0.07578009138664539,-0.16234933586501854,-0.030756059636325148,0.98625390135595159,3.578293692471664,13.343055651244187,-3.1554474316689283,0.4874013497175073,0.4004244154916329,0.39,1,5
0.15157120265824456,0.98835391378102833,-0.013517086907201929,-0.97053387526612578,0.15140214714008651,0.1874603606160177,0.18732369707447352,-0.015294801570962347,0.9821791596034074,-0.035954382410465585,-1.7042708338154458,-0.90149872543481746,,0.1235730967318794,0.44,0,5
0.99559924525505883,0.072118527218853881,-0.059841965871295477,-0.03517290362126145,0.87944922570433803,0.47469140107957564,0.086862015279449437,-0.47049758494579391,0.87811560335856076,-19.765457084048141,-19.697420596383246,1.0958938391211606,,0.5421681173686538,0.2424242424242424,0,1
0.48877321633308135,-0.8032724785378712,-0.34037342466626197,0.86506254345813027,0.39571527836317588,0.30834431140480639,-0.11299353477595468,-0.44515474129068744,0.88829596273159761,-24.134387134553052,10.637878084595414,-5.2567507174366597,,0.7179651664231232,0.4594594594594595,0,1
0.98810766640907699,0.13425703296697805,-0.074955244529725754,-0.11319729467832755,0.96505590388147566,0.23633339768431946,0.10406542202439316,-0.2250381111776639,0.96877667006202894,-6.8651138938726959,16.547596119633962,-4.8481646948062505,0.4123624927324236,0.2046110401803265,0.6086956521739131,1,5
-0.98513211846718707,-0.15074396575214577,-0.082407317355120954,0.13719065282559403,-0.97899825428206422,0.1508016673978031,-0.10340906121631238,0.13725405240642694,0.98512328728762399,-2.6706862329988397,-6.3857446804636382,-0.26316698053787835,,0.09233185771845838,0.4475524475524476,0,5
-0.99353684561124411,-0.065910900385652629,-0.092413687423520741,0.056414297262970037,-0.99319823860563439,0.10185620204480182,-0.098498545558728251,0.09598443645205619,0.99049736217811146,2.2909509346724839,-13.428936343032893,1.811891138702344,0.377010145533779,0.1979943725776169,0.55,1,5
-0.96507775796330098,0.25070339093251731,-0.075978489452378603,-0.25996665409522535,-0.95229799262714887,0.15983076048381809,-0.032284049359726973,0.17400098566743674,0.98421613334861502,-4.2960297940473415,-11.467486469269163,0.69813448463423811,,0.07411202219398166,0.3380281690140845,0,5
-0.9308769730185773,0.35998263920207535,-0.062294145606778241,-0.36505080528043349,-0.92323500405476977,0.11989594176658151,-0.014351678225109993,0.13434889936689803,0.99083015828699184,-6.8587430735979567,-15.923531738072729,1.5102036181966918,0.2505559586645734,0.1968822882074288,0.8863636363636364,1,5
-0.12785129756432989,0.99143479777462695,0.026666223442821969,-0.97837753818630091,-0.13048365102875298,0.16047245740849314,0.16257748455315466,-0.005573022141701506,0.98668004081392946,-8.8198445336058136,-5.076134799298627,-1.2460060790184986,0.5042461593743852,0.3949692737687194,0.9342476805163372,1,5
-0.54614694762692295,-0.82521281925043,-0.14403928124839302,0.81710636417646976,-0.56267577837857063,0.12543188609114253,-0.18455541503869971,-0.049191171675700952,0.9815903052745919,6.8691152630267434,-13.111396717925023,2.1834722884009641,,0.07111881107200377,0.1666666666666667,0,4
0.24827526192664609,0.96797652089933628,0.037159780716149456,-0.95032180479411943,0.23595351736386713,0.20301331231342212,0.18774413878495119,-0.085716933165135817,0.97847061566541738,-12.366594667361747,24.201863159482212,-6.5266839527221183,,0.2790085912744293,0.1666666666666667,0,1
-0.54046243955139273,0.84065385403743353,0.0346619261750463,-0.83511369862038431,-0.54100329008156056,0.099501510026261494,0.10239854398738532,0.024830179478490949,0.99443350726749313,-15.717062925690174,-18.609566981245759,1.1885433549052313,,0.7003243229740045,0.5945945945945946,0,3
-0.16791280571002284,0.98212406512222772,0.085074146404053544,-0.97295651875037936,-0.17899270303878242,0.14600419473430454,0.15862188468093114,-0.058257471337678529,0.98561917835115653,-0.80277857697667188,-19.21122025137381,2.8486446726150407,,0.2251183227243882,0.3571428571428572,0,5
-0.80472678488746752,-0.58363729226799055,-0.108546362254884,0.56995599379014994,-0.81072655878487765,0.13368848874721337,-0.16602700631934203,0.045716057954721334,0.98506095000142946,5.3161378756663575,1.0906638282397509,-0.92971047186396838,0.3749076419748429,0.3320714363765933,0.9304812834224599,1,5
0.21658359991106527,-0.96305000928134443,-0.16008192862645559,0.9621882807033092,0.18282745917994367,0.2019104570026416,-0.16518249521899453,-0.19775944931407965,0.96623286193350855,15.903454997510174,-15.375509602841678,3.6946531730232977,0.3138762014492631,0.3998170277190964,0.8095238095238095,1,5
0.84503328578774206,-0.52296347177174807,-0.11148072973931739,0.5341183861296962,0.81570842574506031,0.22212004359517604,-0.025224898592056226,-0.24724273773147332,0.96862517679960447,-1.9756873849928938,-18.541215938998402,2.5133921054247788,,0.1161321843913131,0.3809523809523809,0,4
-0.95881257809174569,-0.27035570745457199,-0.087098975538164924,0.25655849964620986,-0.9559102621787201,0.14287514451679872,-0.12188591531569845,0.11464450317458899,0.98590083757926994,7.5866834024648711,-8.8944519604292953,1.1987803291716743,0.124501439020114,0.1168979015869972,0.6122448979591837,1,5
0.097368920709415913,-0.98591993383835241,-0.13594549400425418,0.98204620360506512,0.073001962397269901,0.17394242573629004,-0.16156901703222884,-0.15044134254361335,0.97532705037280354,12.845783777135344,-7.4723011055247603,1.5909559825069606,,0.1322238869087486,0.1764705882352941,0,5
0.62861799183954759,-0.76973907715306311,-0.11109083418161075,0.77360805531548937,0.60422770853152985,0.19089120721951566,-0.079812261505373253,-0.20593841153677014,0.97530475932762206,-26.420589376003846,8.1443704998982369,-5.0653031899304475,0.6904431242164603,0.6200396109532087,0.9797979797979798,1,4
-0.55162127934855176,0.83256246028952618,0.050534284268396255,-0.82791442187065312,-0.5538898489642976,0.088112117628000156,0.10134926851462879,0.0067664563073507964,0.99482789508567337,-24.961481843145648,-26.819184644678277,2.1907406368861486,,0.1808239938950576,0.3888888888888889,0,1
-0.49276581032611744,0.86776291122121174,-0.06457078350563672,-0.86312743727407215,-0.4780181335964328,0.16281796884150934,0.11042138922480889,0.13596394324183805,0.9845409706760776,1.7380387596048075,-5.3884955549599791,-0.062881993955333546,0.2245028789924294,0.1720304917144611,0.4516129032258064,1,5
0.30303948232152339,0.9510699768075177,-0.060274135163041517,-0.9337366405925579,0.3089719017866755,0.18075466777168148,0.19053335185533551,0.0015043675330308739,0.98167957028202346,-9.4572701867877402,-2.751466162870098,-1.8033054070175074,0.3068510511503309,0.2730526795896505,0.8208286674132139,1,5
0.9930592345313427,0.090468340540574996,-0.075158739158253246,-0.071415308214073922,0.97154216812307437,0.22584434753033905,0.093451647736744636,-0.21890933035974117,0.97125974621454236,-6.7284049447097152,0.48618355433283544,-2.3944296162952168,0.3013491847116602,0.2757015992335501,0.8114901256732495,1,5
0.92099933304452197,-0.36121397847053849,-0.14589273555948951,0.38924004532736423,0.86853730210676405,0.30681450741882377,0.015887594062582607,-0.33936325170322906,0.94052122131736815,-20.400844344816569,13.542159799951074,-5.4761949165973594,,0.359310762784367,0.3529411764705883,0,3
-0.89513790553071271,-0.42880654345038405,-0.12187320614565983,0.4231256803327611,-0.90332238816904276,0.070521781567930375,-0.14033099702142268,0.011559036582294416,0.99003717099322219,10.571142218429463,-13.299017611694577,2.6737633745564602,0.2031277431439723,0.1758263893977413,0.5128205128205128,1,5
-0.23271582256704212,-0.94407928579546252,-0.23357578654234154,0.95245077513424314,-0.26980569845572716,0.14157120479460347,-0.19667452014209477,-0.18952357956926041,0.96197710259347124,-14.703126640827218,-13.398580285316468,0.20838136354312739,0.5143607198035943,0.3036644107979796,0.1944444444444444,1,2
0.96034069914993414,-0.24552151073616552,-0.13215494437230355,0.2783551905018774,0.87181075597279134,0.40306872080429873,0.016252060696394954,-0.42386931185918741,0.90557753781061723,-3.334308616886918,-18.328281163763506,2.3783276720351321,,0.3333825100306892,0.1,0,4
-0.37805443914629205,0.92557710153298067,-0.019541498396724411,-0.91902353730241837,-0.37266422779670128,0.12851891380197172,0.1116717463189901,0.066546242857842219,0.99151450752652759,12.407158446811096,2.3563126506886469,-0.46307961424048527,0.2136321244488972,0.15067240150494,0.5600000000000001,1,5
0.37982062258182842,0.92487021754284993,-0.018745009036921896,-0.90520979427044534,0.37576924264765982,0.19847595480778712,0.19060829734933052,-0.058417094948706845,0.97992648703836138,-13.969652267056073,-12.067688608361726,-0.094216495207271878,0.4720061572548344,0.3325476942111044,0.8997134670487106,1,5
-0.89310167955285169,-0.43714731322157041,-0.10616786954177435,0.42419737605348912,-0.89693816423318806,0.12473377927143289,-0.14975305048382684,0.066363816083481464,0.98649372414913417,-2.6247809737381451,13.870918523249859,-3.9630650026548326,0.1546802356635564,0.1644610456133712,0.3888888888888889,1,5
0.68042342055735183,-0.72732873031159939,-0.089537069531836141,0.72901983687106153,0.65939874298436507,0.18363925288219066,-0.074525473534378037,-0.19022674841870879,0.97890742053603896,-4.7853132487600014,-5.91627394883505,-0.63258050760018258,0.1620626091068804,0.1329255260712619,0.664983164983165,1,5
-0.4984483215278524,0.86665162812129592,-0.021545910070658609,-0.86231468836239411,-0.49308940561648384,0.11522246440364249,0.089233676381357568,0.076011798712362438,0.99310601521488007,-2.3907292324243796,-19.459968537756048,2.7843743603151889,0.4774329167106556,0.3265561108259195,0.6222222222222222,1,5
-0.49546849394205494,-0.86134121771025762,-0.11225986898354152,0.84682143580050961,-0.50775553662184369,0.15835962521623487,-0.19340224243672779,-0.016601858428303591,0.98097907771632487,-16.139362741675221,-10.896479887987212,-0.53369514784040351,0.5390232848888311,0.522354647803797,0.975609756097561,1,5
-0.83625847192377467,0.5478639661228023,0.022734176033165746,-0.54638469776869569,-0.83606103899266349,0.049655826674417328,0.046211796977883343,0.029103499835958346,0.99850761445137426,5.584622133125885,-9.1547241919099367,1.1750614956131049,0.3624997172426514,0.2800775977920523,0.21875,1,5
-0.97016777394771003,-0.21240989584383135,-0.11686114213440842,0.20263731006579758,-0.97510037417573237,0.090096508543034109,-0.13308873341738378,0.063728301640322782,0.9890531293147995,-24.921239704415154,4.9304134488962639,-4.5266485818860813,0.1784539121243235,0.1547150301518711,0.5675675675675675,1,4
-0.94403043815727128,-0.31938200259726646,-0.082472227140712034,0.3034330367608607,-0.93887636108975892,0.16260249318178935,-0.129363534408548,0.1284769045541316,0.98323891346992376,-0.025672396501000668,-3.6198360408330847,-0.54303855606679108,0.3351137238035804,0.2973808092859548,0.9548872180451128,1,5
-0.042881102520586883,0.99645740456470921,0.07234536567591876,-0.98476211498097754,-0.054370951709951321,0.16518891157806459,0.16853720047755158,-0.06415949265944694,0.98360498756201509,-15.455024556998822,4.4083002106003466,-4.1796065864146703,,0.6351724351478929,0.3833333333333334,0,5
0.071158512988269654,-0.97510343085374296,-0.21002324910961487,0.98325165320056784,0.033153386904694097,0.17921227473334231,-0.16778752190687343,-0.21925818587685339,0.96113120614115077,10.89727573081046,-11.458497796378511,2.2573434306731275,0.3114857695498993,0.2769720581695331,0.875,1,5
-0.65496550447672519,-0.73738057753691821,-0.16519706963765893,0.73536886455615302,-0.67228127512236546,0.085267345222188512,-0.17393338088746069,-0.065633611748607282,0.98256776255986034,-14.413746525625609,-5.015556142895079,-1.8378273535203458,,0.2523280262544563,0.6068965517241379,0,4
0.42595418684855607,-0.88391302784911607,-0.19303054137828848,0.89907246707641764,0.38968429756701572,0.19953658104424707,-0.10115201259150175,-0.25854188718331733,0.96068952472709901,5.5177654767323876,-7.5270293364489715,0.76283768646043981,,0.1825309728916779,0.35,0,5
0.39990116395992392,-0.90826464043596944,-0.12302195737841568,0.90736530839334584,0.3733455225705079,0.19313549104398745,-0.12948844036340026,-0.18886096396628124,0.97342913460712732,11.79738713944255,-13.361769109447588,2.800752790917683,,0.1215059606919632,0.2727272727272727,0,5
-0.46495916692333417,0.8852940072851212,-0.0082154585392849987,-0.87781836563291971,-0.45978683348360405,0.13427950220592033,0.11509947893673678,0.069646165868424884,0.9909094416384977,2.9581312437124128,-16.383122005078384,2.4997566216974629,,0.07681400321936141,0.1176470588235294,0,2
-0.41230918673044664,0.91088441692750388,0.017050323642659432,-0.90275472593763029,-0.41100505325043457,0.12692025449029654,0.12261745118437249,0.036938126661338479,0.9917663714120375,-11.337656694375081,15.063415583823904,-5.1021507092924496,0.3767109729904627,0.4636287367167436,0.4864864864864865,1,6
0.97353430680090014,0.21964590532565823,-0.063139763662555262,-0.19570827680385156,0.94389896874570856,0.26599437436016393,0.1180221329758039,-0.24659767451146011,0.96190454986624419,-14.04140175698431,10.438455455500653,-4.8771000518852237,0.324286687304943,0.2289265219591582,0.375,1,4
0.22210526275203399,-0.9475590403584333,-0.22978493704517236,0.96527024324662192,0.18044088782450737,0.18892973165626806,-0.13755947717426026,-0.26376684976719006,0.95472741617879409,17.595871349166092,2.0399552238646823,0.058027280924962059,0.5093071127306883,0.4258353264232836,0.8703703703703703,1,5
0.085569603314050974,-0.99096933260707298,-0.10323577297122881,0.98251949661083215,0.066735465246423792,0.17378669816168082,-0.16532780095395858,-0.11630201851487565,0.9793572171179894,-1.9485141502569112,-2.619864064668751,-0.92343551848688732,0.3097293504051591,0.1778899946818743,0.5631147540983606,1,5
-0.99643633519857011,-0.012661900697907753,-0.083392482675357094,0.0069590272868104422,-0.99763885784796957,0.06832482163182528,-0.084060703276054236,0.067501004307459297,0.99417172187817748,-4.503693819853245,1.0857453532659938,-2.2379086149640273,0.8253998113927186,0.8142676766549983,0.5292887029288703,1,3
0.98239898648016422,0.18267592721050097,-0.039009447324054043,-0.15149991958146602,0.90137109262951987,0.40568205252225908,0.10927033325451918,-0.39263170909854872,0.91318143612362002,-16.98326269570218,-4.6395321103655265,-2.162108328792065,,0.347321115492387,0.1341463414634146,0,3
-0.25674922798273692,-0.94937220758371843,-0.18103106196972119,0.94984671112556884,-0.28246429246940247,0.13418326588550311,-0.17852467418877499,-0.13750030889920342,0.97428055803162517,-2.3072299487570711,2.4354395731422889,-2.1515439816125652,,0.2179731335839816,0.4418604651162791,0,5
0.096872112752638073,-0.9830668151313402,-0.15554880506890242,0.98205425353858511,0.068999581565136844,0.17552350512284093,-0.16181853069908936,-0.16976069842975797,0.97210908255762551,-5.5465915669756214,3.0324929424146827,-2.8068919820429827,,0.1184838503903322,0.2982456140350877,0,5
0.60988411365705786,0.78600895983008223,0.10114980462451401,-0.77444716648482403,0.56404283004329492,0.28650876461354224,0.16814563399735499,-0.25307232354325732,0.95272317323766442,4.4589084324196211,-9.7717182106068474,1.1625476880355508,,0.2107350964563235,0.2777777777777778,0,2
0.38047879787785771,0.9243200416538434,-0.029467693538157678,-0.90778649483223262,0.37937580951129812,0.17887893939158164,0.17652071879989137,-0.041309269597580529,0.98342970266292318,-3.0078353099078696,4.4417508003397046,-2.6500424295249161,0.4214837660943846,0.3584850486826557,0.9247311827956989,1,5
-0.25912318879010277,0.96333908785071876,-0.069519600474930901,-0.95410477076244193,-0.2441214258674459,0.1734612805233291,0.15013080776308615,0.11127682261545005,0.98238394190306932,8.1384693811097115,-2.5069310700762291,0.040841741788277479,0.5234608942813515,0.4517649403754215,0.987987987987988,1,5
0.61600586878472618,0.77755526382453544,0.12627185482732231,-0.77149312665515513,0.56310925282857427,0.29615253654611595,0.15917011386132879,-0.27984956865716715,0.94675714614454853,-20.361572699431257,-3.2634010599823031,-2.7633053720985155,,0.516792319247339,0.4705882352941176,0,2
-0.87614653192597203,-0.46403070150550657,-0.13054793240185586,0.45767681688335266,-0.88578622973380849,0.076906999040964555,-0.15132476955744609,0.0076330383381906656,0.98845462761024783,-3.9964636407392309,4.1444027653473414,-2.7309383097757358,0.2215268643171369,0.2221802703262742,0.6037735849056604,1,5
0.9957775075142079,0.042971786252078883,-0.081120781031103928,-0.024741546693479416,0.97660275474154468,0.21362330233015381,0.088402553107956319,-0.21071422594958214,0.97354224540410317,-5.9442711852067598,10.555652781228071,-3.9414565948515294,,0.3179650004005611,0.7591623036649214,0,9
0.87017002337088256,0.48832373266382645,-0.065909502683504609,-0.46855245793904843,0.8614025560824593,0.19607200344231476,0.15252122667352019,-0.1397339203338783,0.97837196756761757,6.9386133379793966,7.0061280156699066,-1.7537776233740585,0.4827544774452114,0.4212765525890158,0.9699248120300752,1,5
0.92968920040678904,-0.3507935193388006,-0.11234721819824528,0.36790500005675297,0.86943008780329301,0.32975329165240963,-0.017997265909746617,-0.34790117736543691,0.93735845289169772,-0.58976931123748677,20.532074791162682,-4.7536195449387151,0.5810083898668471,0.4518923151586882,0.5714285714285714,1,5
0.7820561168830632,0.6229780774283965,-0.016927642759794144,-0.59618109890862026,0.75577658472540166,0.27086869749920744,0.18153877643603905,-0.2017425810889367,0.96246745587873228,-0.086233093256721557,-6.5503525717313389,0.053674669543004969,0.5427228340965526,0.4583692483717657,0.6143790849673203,1,5
-0.98309362394573085,-0.1575818302311566,-0.09324641193230912,0.14786616647484191,-0.98359926528302699,0.10328640833490572,-0.10799316353031468,0.087752220004336412,0.99027118735981945,-5.5315318941145337,-9.3452572359919017,0.13946165738254673,0.2519378022831626,0.18872361591872,0.7842323651452282,1,5
-0.9967825096700168,0.015093222415739146,-0.078719902521863491,-0.01796975134354634,-0.9991915901052878,0.035961845051633932,-0.078113484447909345,0.037260715237038042,0.99624792228010739,-25.202985894667655,-4.1732537675039456,-2.8855224267427162,0.376940195282079,0.4431921366185729,0.4473684210526316,1,4
-0.1219365507371271,-0.96414922696426497,-0.23568569268952796,0.9731174808534101,-0.16287486877365273,0.16283164796647576,-0.19538128378082917,-0.20949473803935023,0.95809086661024978,-17.320818361770325,-13.319825372778812,-0.079296725854473851,0.5339686998747839,0.4535747853479754,0.9758064516129032,1,5
-0.58642385854774981,-0.79499272629924911,-0.1552212074983837,0.78767974485510706,-0.60437290586679226,0.11955756019224913,-0.18885888295487316,-0.052153195351934904,0.98061835927317864,5.7238309444010627,-3.1102332112239264,-0.092154547434023598,0.1576466142306546,0.1473710660922273,0.5384615384615384,1,5
0.95121633086685375,0.29890678030549084,-0.076434472455861879,-0.28061135994037334,0.94115899138588233,0.18835343799868295,0.12823711071532709,-0.15771648493710014,0.9791224406653497,-2.379711572169283,3.7606296266597039,-2.4458487678173246,0.3062578916412126,0.2429029824764624,0.7951807228915663,1,5
0.48402803642693093,-0.82912623891804604,-0.27976157686555825,0.87112977611144649,0.42633003484509446,0.2436711196695259,-0.082763356171131119,-0.36165229340707167,0.92863224451269977,-20.288299845541825,1.1447967209155123,-3.865822660429413,,0.2935096666830868,0.3529411764705883,0,3
0.63732283502879317,0.76980866948488857,-0.034845607137304217,-0.74780328014437303,0.62875545678747635,0.21320607347186046,0.18603724937812288,-0.10982343987454504,0.9763856583839936,18.517574544393213,-13.963648945463062,3.6433372822523733,0.3855740192158969,0.3882357138979652,0.7,1,4
0.18375193137266013,-0.96944845235874866,-0.16249592590598985,0.97047482153735254,0.15264253168227979,0.1867588773891842,-0.15624931513085538,-0.19201550911541473,0.96887367379875045,2.7585047378663972,-6.1670288521911107,0.2674193902083174,0.2947568745257997,0.1163891624196031,0.2040816326530612,1,2
-0.19328354277929249,0.96427773906214231,0.18113507125868211,-0.96909481154399513,-0.21647153873520175,0.1183018138327649,0.15328639316388637,-0.15267126405062759,0.97631693973012135,-14.013613038645271,7.1936621993716718,-4.5597020455448813,,0.1591577830282181,0.2808988764044944,0,4
0.39171699412983646,-0.90416089378967224,-0.17044317132507128,0.91100744998062522,0.35518048979599659,0.20955248924332925,-0.12893107689647737,-0.23736027007428567,0.96282754405998272,-4.7242541948904897,20.559643812993247,-5.2771399760638298,,0.2088712914496092,0.4333333333333333,0,5
0.96365726154031572,0.26483136721945572,-0.035057512993522784,-0.23768336515343436,0.90988384724980453,0.34002647315059337,0.12194794057283782,-0.31933639230530209,0.93976218711941994,-22.705195205254153,4.2496907125077827,-4.3516569482237948,,0.3037891893069643,0.2413793103448276,0,4
-0.51973002162661286,-0.83776040215964931,-0.16744615012983569,0.83314725727997263,-0.54038770419639648,0.11767232826882784,-0.18906705769874252,-0.078349459006751415,0.97883349450582746,-32.408052522161086,-6.2461485887963404,-3.0392182646593762,,0.5139094009843175,0.7,0,1
0.89986414887002408,-0.42526217731256488,-0.096936031101980666,0.43613610002493353,0.87450860320124391,0.21217918178287637,-0.0054603876665190601,-0.23320974137969963,0.97241112740041469,-5.4716461389722939,-15.753143827365555,1.5521930804567365,0.4442917523934576,0.3915005457791759,0.8853503184713376,1,5
0.88571270925702383,-0.44780413330889618,-0.12241100788757787,0.46409062622777347,0.84755541407245272,0.2574290401722148,-0.01152767574567734,-0.28481797392008629,0.95851230269828114,-0.61736993753323843,11.193519292952628,-3.2778301424537761,0.1829160394555061,0.2457140705928273,0.3181818181818182,1,5
0.75498022116425412,-0.58711124223592759,-0.29207063339363948,0.65574508148325727,0.67717997981915601,0.3338048277701286,0.0018038185308028424,-0.44353992398916575,0.8962528003116057,-19.875293128060711,-7.5643224328407923,-1.6684017495367174,,0.6134061486360133,0.6919191919191919,0,3
-0.0011554368619564965,0.99986706194314345,-0.016264175566086378,-0.98472048514353427,0.0016945909566150499,0.17413412790195004,0.17413853997418538,0.01621686784419871,0.9845876203228352,-23.969616809139541,-10.654340535861161,-1.3466330462096898,0.5755795190466025,0.5100634201864798,0.8,1,4
0.99634440253845302,0.009466115204102659,-0.084901261434890518,0.0096090895000920332,0.97511598758783946,0.22148696609410526,0.084885198528790576,-0.22149312272288446,0.97146039531068529,17.434242562208318,25.345848521742035,-4.0248495119123264,,0.302400233104748,0.6875,0,3
0.36844142536905922,-0.91202029705036081,-0.18019404496316949,0.92009359310944028,0.33001596083334528,0.21099110292665071,-0.13296125748117971,-0.2435332489895716,0.96073558310578255,-2.6119402313073419,-7.1586704734678106,-0.075237503465265546,,0.06723115493076823,0.2567567567567567,0,2
-0.87461957753404107,0.48372495296035722,-0.032415497492306891,-0.48332846668849311,-0.86477294039829222,0.13624006328330859,0.037870673122138883,0.13482555929195983,0.99014538360731885,-13.549456039278114,-8.8115032208031341,-0.77981645939639999,,0.1685693085914127,0.4761904761904762,0,4
-0.55190697206446337,-0.80456264069225758,-0.21926616562738843,0.81261831118644956,-0.57792516127604121,0.075193006912507465,-0.18721691833570567,-0.13668015644695253,0.97276326016277914,12.001983182376032,-7.4148976172135903,1.4211831718607384,,0.3045129813960854,0.2,0,5
-0.66388131970218334,-0.73121513018131734,-0.15679931997431218,0.72541794911875745,-0.68061899112970803,0.10259916183826467,-0.18174265445080129,-0.045631374157456307,0.98228681414629571,-18.038077166678811,-12.409933333271903,-0.31719100563929764,,0.07321383424073527,0.5,0,1
0.81159245149928805,0.58310334052639901,0.036168866948391089,-0.56049188016111129,0.75966468267324538,0.32978541837446335,0.16482276827804523,-0.28792371240644982,0.94336280978807407,1.715910155811778,22.123463076613966,-4.8135103232758754,,0.2776502650862745,0.391304347826087,0,5
-0.17239397482999219,-0.97297678745840566,-0.15361148560389562,0.96611339530843543,-0.19742876686931909,0.16627323722736079,-0.19210732637752817,-0.1197416096416775,0.97404143755412054,11.995816872614089,13.666363683114845,-2.4243716652940024,0.5376428000483108,0.5399435018650462,0.7010309278350515,1,5
-0.80805230095867109,-0.57562175232559987,-0.12534383576786806,0.56965470157410047,-0.81770368275647687,0.082790145434203599,-0.1501499247083363,-0.0045039378436866982,0.9886529798943513,-19.06152803429644,-13.889595454164562,-0.11613078320750028,,0.09287203318816958,0.6206896551724138,0,2
-0.24861008657210218,-0.94387835801375841,-0.21745498414123038,0.95500182406275846,-0.2763534190568645,0.10770470654704391,-0.16175456992436274,-0.18089343008752981,0.97010980103272437,3.8913785202331339,-23.394184079691978,4.2434326211548408,0.6249798633731087,0.5192004096980698,0.8260869565217391,1,5
0.99502708356421377,0.087029403087368687,-0.048445701274233186,-0.060847794846185521,0.91618481847176891,0.39610973765385921,0.078858410052780395,-0.39119210293679113,0.91692425519441878,-3.7577025425952066,26.959214458939154,-6.1521356533685001,,0.398258304698723,0.3333333333333333,0,5
-0.78091947483381163,-0.61284491185443468,-0.12077204908178441,0.60184073506364455,-0.78997993126368526,0.11713000392159931,-0.1671900219610446,0.018783562355213904,0.98574574528217596,-2.1849465932119694,17.548785418094152,-4.512740121460098,0.5551884844661606,0.4511567016780592,0.7375,1,5
-0.51132572560559886,-0.82570275489901834,-0.23824559363413325,0.83974909992408941,-0.53898388051952439,0.065710164486156381,-0.1826675984146896,-0.16646722527959651,0.96897946902765852,11.710373094042367,-5.033802808004217,0.84814496199411382,,0.2530494913918416,0.4516129032258064,0,5
-0.15304663823833531,-0.97872417842142267,-0.13665909811371935,0.97133835525016876,-0.1744379909281619,0.16147193855541256,-0.18187502891777232,-0.10802948622601871,0.97736948180404215,-4.2686790535426704,13.702794790412275,-4.1100670330102389,,0.07718393838571884,0.4285714285714285,0,5
-0.17362773981705409,-0.96298322719558405,-0.20619581010777249,0.96636529409921912,-0.20693349749172343,0.15269789119818808,-0.18971432820573181,-0.17274788495325241,0.9665229650234014,12.593717300952498,0.06944114675187002,-0.050807453191211369,,0.1728496133251452,0.375,0,5
-0.43206052351860419,0.8985177403481226,0.077392340037855126,-0.89347249123361672,-0.43813652842936868,0.098708104351450304,0.12259939406712278,-0.026500051614405076,0.9921023817322534,23.043171664245438,-6.4286105089415191,2.4028866966345763,,0.8144691437791471,0.5833333333333334,0,1
0.7165575141550542,0.6898985307953982,0.10288511123714808,-0.67468131684014032,0.64806530025339715,0.35329376914167115,0.17706058176450093,-0.32256996731534887,0.92983770980284053,-22.789759714423059,8.8256542577198722,-4.9533951378315564,,0.5638752021990864,0.1,0,1
-0.41795151152828908,0.90773277906978822,-0.036575070928969042,-0.89946914308345705,-0.40782232391552042,0.15695927101276097,0.12756094485355429,0.09849951227485812,0.98692758165413808,14.039053319421237,-7.7381990097813222,1.7412859070187077,0.1623453723727577,0.1400224307304557,0.7058823529411765,1,5
0.18003338417789863,0.98091675385605881,0.073418680088552069,-0.96631704461824752,0.16241179943917949,0.19963410701376555,0.18390038026526476,-0.10688652584596317,0.97711612448616947,-10.63689640243933,15.739243302233872,-5.1483080675438604,0.168386336109498,0.131111942222275,0.2173913043478261,1,5
-0.58224373990311673,-0.78359365546186677,-0.21673303962142346,0.79055294227185879,-0.60789896243556241,0.074060090028801859,-0.18978480658087271,-0.12821791836430854,0.97341763524264602,-18.630375995544238,20.876065206400888,-6.41282776349719,0.4046696200444048,0.3177489176465239,0.5600000000000001,1,5
0.90030559276112476,-0.40785062234938885,-0.15201220178741362,0.43524107416494079,0.84046834426520245,0.32276643203384514,-0.0038790466341200643,-0.35675037790775566,0.93419169385083123,0.89069102245143372,23.128976964553591,-5.029223700977,,0.3176096560666121,0.1363636363636364,0,5
-0.010039635685995738,0.98589899781278678,0.16704003061252701,-0.98981272336951953,-0.033523811805323975,0.13837242029340674,0.14202104904240934,-0.1639491389235781,0.97619193884968647,22.97788843981758,9.1671635749439044,-0.62801641639626005,,0.6099795573015176,0.4090909090909091,0,2
0.92279930656221953,-0.37590705836291266,-0.084470842787486899,0.38521090622481891,0.90436528701676555,0.1836735837417478,0.0073483014187191616,-0.20203294561042462,0.9793511583462976,-2.0713774940602003,-4.1229845517185835,-0.65538489151188617,,0.08617515413929192,0.465564738292011,0,5
0.8673268269852149,-0.48055910517283235,-0.12964228333088773,0.49731040060136855,0.82586154813350621,0.26577258844402096,-0.020652860466916577,-0.29498415169295994,0.95527891717786761,-11.518102477877211,-4.727937772359728,-1.5426997164089229,0.6424039276532354,0.5583622364505491,0.8990203466465713,1,5
0.73037027500209517,0.68165964857231665,-0.043581933202063439,-0.64823830811814187,0.71184288126584283,0.27030872771568354,0.21528204124239528,-0.16917398115374682,0.96178677825134351,9.4504846014138923,-6.4470796063764473,0.85320282579659734,0.4093031265636006,0.3735458328689684,0.85,1,5
0.99657494509361821,0.026234141962278856,-0.078422883185687617,-0.004605906268707936,0.96448173391913683,0.26410939128281724,0.082566121618354318,-0.26284359366710719,0.9612991630231793,5.6413087473953096,20.225838384537802,-4.1032378405354333,0.4316976291098014,0.3763496267591472,0.9130434782608695,1,5
-0.49592438553196594,-0.82516311220549943,-0.27049000367865078,0.8462281642187609,-0.52912374538483176,0.062657450896707295,-0.19482530102039478,-0.19782290141756173,0.96068163392304451,16.076177658397246,15.840356596597408,-2.4512941124155749,,0.1627706245610398,0.5,0,5
0.62439711039770063,0.78107281923178729,-0.0073143410031383969,-0.75925020413542688,0.60909835726342287,0.22921238775274111,0.18348671899435906,-0.13756613768041986,0.9733489516696352,8.6982645374053611,15.97897158709644,-3.1275946186999577,1.005518140957032,0.9270930986981505,0.8089887640449438,1,4
0.74480987109538876,0.66268518452494962,0.07814475113533384,-0.64393887326734478,0.68311325803693101,0.34452721835778266,0.17493136772475176,-0.30692771609175695,0.93551824871599665,8.6703443307445838,19.757981277825685,-3.7594621270422697,,0.145924414800238,0.2857142857142857,0,6
-0.54760095921143792,0.83355245921471599,0.072962231379070652,-0.82976175211917913,-0.5522037002886182,0.081033993531532594,0.10783609873703548,-0.016166976361022035,0.99403722499940583,-13.354213164238896,16.21188777118666,-5.4040629984778548,,0.6023714052269749,0.4905660377358491,0,5
0.89654152520553221,0.44269727470223363,-0.015245214113014542,-0.41456415270999725,0.8506966290568716,0.32319005027864905,0.1560444067244276,-0.28343318133642842,0.94621127389580972,-12.897725597896244,9.7219588332228266,-4.7084602491241512,0.5253443626046251,0.4461706535645028,0.5851063829787234,1,5
0.97748180618860614,-0.18346283968642982,-0.10426267320787173,0.20609815079324348,0.93610024929576763,0.28502609618771213,0.045308617390796731,-0.30009616745735479,0.95283231445388206,6.3013620844083365,-15.39200578697584,2.689611856379178,0.4524059398227611,0.2437432849924151,0.5925925925925926,1,5
-0.63592898708275114,0.75251264634257897,0.1712280364963496,-0.76718366068320831,-0.64050585197039878,-0.034372727159562008,0.083806647520459451,-0.15322196541671954,0.98463164439561834,-1.440090393560814,-11.974811752095404,1.1254877722463572,,0.5846587591529618,0.2698412698412698,0,1
0.77927857070094919,0.62535726131136482,-0.040659623355809346,-0.60511373269689828,0.76775178652064935,0.21070017749394271,0.16297938442610974,-0.1395904367050321,0.97670478151414097,22.383554442942035,11.441114273761977,-1.1090969427802237,0.5599969326824712,0.6216882543362259,0.927710843373494,1,5
0.23640528560305327,-0.96545044509144606,-0.10962654337188185,0.96014739408336747,0.21480159667301649,0.17882185465328435,-0.14909568261306733,-0.14753207156225701,0.9777549617806558,3.1787936284187768,-15.221045988649502,2.2949331359344205,0.2058701832683803,0.209148299922718,0.673469387755102,1,5
0.20732780659101507,0.97766027451156401,-0.034576990269977813,-0.95889040517538715,0.21009402246577796,0.19076082560821836,0.19376370010076319,-0.0063944793471186435,0.98102738960598801,-13.542515477039695,14.858757651285833,-5.2502364020950925,0.2235073903617775,0.2786940251221596,0.6229508196721312,1,5
-0.98730620976249217,-0.098427315841398216,-0.12465356657825626,0.10595365922057914,-0.99283518696119133,-0.055245937674239541,-0.11832273772268574,-0.067752158843790627,0.99066107963814476,18.872118254351207,0.23879893571472049,0.55801102522529766,,0.2155654967460361,0.4545454545454545,0,3
0.25419910561879167,-0.91850882842595882,-0.30286027604520871,0.95576146657953398,0.1906524229531083,0.22399034046995908,-0.14799605975952729,-0.34640032581636326,0.92633902032137938,-30.184860198876688,-6.4794737051135787,-2.8416831466394239,,0.5017276261011481,0.3888888888888889,0,1
0.97065427327827869,0.23632101537171851,-0.044527064357499598,-0.21122726504671016,0.92634737436803183,0.31187110238420646,0.114949224736419,-0.2933136882164441,0.94908047922047323,-5.7583412455425078,-31.684806112674408,5.0693578599497098,,0.3275059723541573,0.7391304347826086,0,5
-0.54128574743872693,0.83529590722929503,0.09638717230880757,-0.83561099213190304,-0.54713723917742252,0.048939874679491527,0.093616288369253287,-0.054051724036305253,0.99414003122330219,-4.768776180086391,-13.771258220157646,1.1415292015032263,,0.4242936274882285,0.1764705882352941,0,3
-0.9083006662933204,0.41406169202806203,0.05952154908912384,-0.41396712251046586,-0.91017646611274317,0.014492136313327294,0.060175751690492531,-0.011476747334381383,0.99812181780537579,-22.215347510952416,18.039455635698385,-6.2018520753315416,,0.2260437780136661,0.25,0,2
0.77403940380474712,-0.62364354460124793,-0.10923246145164203,0.63111102961000609,0.74620026142057028,0.21185853336713181,-0.050614915412272164,-0.23292466407202364,0.97117672501185137,-11.031304728903887,-16.301753572166334,1.2204346835202873,0.3256238441355304,0.3302541764232635,0.8888888888888888,1,5
0.68031591506072397,-0.70082936952186659,-0.21449580539178842,0.7299656960621439,0.62166195691524218,0.28405368136466808,-0.065729280291195374,-0.34982082004919868,0.93450792162105656,-18.348869894656946,-6.514950301202111,-1.8244362516787953,0.450477930992118,0.3683905410193996,0.6710526315789473,1,5
0.57264112402799017,-0.81223391616078744,-0.11116747955255997,0.81413365472656862,0.54750183477802405,0.1934635189286491,-0.096273232590988342,-0.20129035335257883,0.97478903273153095,-5.5526727248604191,0.41931277816760926,-2.2086230565446376,,0.0654339337993053,0.1725888324873096,0,5
0.7099792862737242,0.70109217272643798,-0.066326302504924398,-0.68080169450190409,0.70740369115010404,0.18997123600835833,0.18010681782094884,-0.089720583418353081,0.97954670694432999,0.98844909501765099,-11.071813761943901,1.0980300084593579,0.2940910134967795,0.2554047229923964,0.7899159663865546,1,5
-0.30284449019126247,-0.87966904891634479,-0.36669821262095931,0.93405170284359518,-0.35038363663941235,0.069128312508834805,-0.18929509020514279,-0.32157996136878952,0.92776812688854193,-17.353140893134597,-17.776670650549086,0.8478619605747475,,0.3155897230319876,0.25,0,1
-0.99626018631499635,0.036472796900888622,-0.078328642588999187,-0.04717289988875744,-0.98910845295432703,0.13942448067101643,-0.072390321726691575,0.14259804830545153,0.98712989922288441,-23.878304617732212,-11.946433316679583,-1.0580602911937997,,0.7246613801046902,0.9069767441860465,0,1
-0.46655323015441363,0.88447304215114275,0.0059599614416417429,-0.87767103410490832,-0.46377948695523563,0.12083932875003661,0.1096432365707245,0.051147093636309572,0.9926541872610295,8.0278532671064067,-11.226915695745129,1.8431774789313733,,0.323791412452742,0.1428571428571428,0,4
-0.99699022740447718,-0.0065594269588014698,-0.077249339012965587,0.0084919175705608866,-0.99965848426246384,-0.024714412354873826,-0.077060844765306918,-0.025296022613132286,0.99670544166469377,-37.843014053378894,7.6150664019642749,-5.5429950482794945,,0.3973272655714532,0.2692307692307692,0,5
0.8552472104947616,0.51395093283718363,-0.066382584890295901,-0.49341322807333737,0.84675661022955284,0.19886334351711335,0.15841589346772419,-0.13732327431409946,0.97777641770932333,3.5582056287314514,-8.0461892576638459,0.69567475240414711,0.2353162960538717,0.2055287229152883,0.7168674698795181,1,5
0.98460005868077072,0.15171765008438828,-0.086858960957941961,-0.11975261808709474,0.94728621548402414,0.29716684945538718,0.127365752489076,-0.2821889094327158,0.95086664916068309,-0.40289108844584515,-17.889032742146263,2.5338570287156079,0.2584002918574165,0.1921339096802093,0.36,1,5
-0.9950863546643921,0.059839832519638571,-0.078881817960490777,-0.068929736376724754,-0.99061078203341302,0.11806341500305452,-0.071076284397579764,0.12292059617155225,0.98986801586527851,-15.830096806192699,-14.707945168356975,0.42125934077571325,0.2418274090652426,0.2230024602061163,0.4571428571428571,1,4
0.41930366568822769,-0.86441808361463801,-0.27742713036112659,0.89964143288375742,0.35464633962322833,0.25469838246581661,-0.12177737137609977,-0.35638090649169241,0.92637083358063765,-8.2311671425163375,0.61915627080482427,-2.6663918193802973,,0.09110836844719948,0.2682926829268293,0,5
-0.035315188080520747,-0.98456834045848063,-0.17140017636417745,0.98386317151018587,-0.064353443171760047,0.16694877686840867,-0.17540267169218396,-0.16273849366014406,0.97095318396124097,11.41380368472019,2.1782286909948345,-0.50539314466196883,,0.1041290672613088,0.4117647058823529,0,4
0.8672961864482378,-0.44603233509914397,-0.22102597362832369,0.49751841947011499,0.76195670856507214,0.4146051091829917,-0.016515061619697437,-0.46954992313777094,0.8827514499682293,-12.459894625033318,-6.6558119172685872,-1.2253137670610554,,0.2779537032546214,0.5225563909774437,0,5
0.88154009469138173,-0.46242605782850404,-0.095127296254540084,0.47195533385333693,0.85803481399174297,0.20256954565170956,-0.012050904484529478,-0.22346901131777486,0.97463653567971764,-10.478050735717929,-2.9201400697950319,-1.8332200259457359,0.2181057232532578,0.164268563698464,0.6162361623616236,1,3
-0.91014117128558425,-0.40608699481863469,-0.082075580839095622,0.39302996190999545,-0.90896411479267314,0.13896649617875342,-0.13103624449720824,0.094220967190653787,0.98689002019968031,9.8822639393677765,1.0799958850356561,-0.51056067727223853,0.5280303522079323,0.4355340367346028,0.8275862068965517,1,5
