axis_00,axis_01,axis_02,axis_10,axis_11,axis_12,axis_20,axis_21,axis_22,location_x,location_y,location_z,dbh,dbh_approximation,score,reconstructed,number_clusters
0.68715691727644845,-0.71979998435932091,-0.098505601645029639,0.72402556013925978,0.66728261247205534,0.17470232785369474,-0.060019657647799492,-0.19136848645686166,0.97968144980246041,13.396802362671423,-11.443154114462285,1.4282073828333335,0.2578093931354108,0.3099855080406253,0.1304347826086956,1,5
-0.92059318986129746,0.38882068167688849,0.036423293114705886,-0.38997500517915673,-0.92023332970539828,-0.033016878029749279,0.02068028327941171,-0.044599286985717732,0.99879088376088421,6.7181339053526372,-13.551700038105668,1.2447131015292385,0.3454993580326576,0.2555101267727781,0.4418604651162791,1,7
0.90003060400673984,0.43576879002326557,-0.0071044699254485472,-0.43153344823581291,0.893328578891047,0.12547084597710853,0.061022904756915242,-0.10986178488519721,0.99207186902807942,6.0889205422216168,-18.73732040431457,2.2799089434571447,0.2458574046566054,0.160864336427584,0.25,1,5
-0.80417121074403464,0.59417141763426173,0.016400923052259916,-0.59435685797370563,-0.80413332949813676,-0.010464882697223551,0.0069705946732709512,-0.018163558482130276,0.99981073006503007,-6.1985104406302067,14.202083018670361,-1.8039722608741766,,0.1839509314268199,0.3636363636363636,0,5
0.91811234501931849,-0.36897397006762189,-0.14466489323835333,0.39311940548188345,0.89415671255051821,0.21433829903780385,0.050267832225958063,-0.25365721518101186,0.96598714392579554,11.011833941565046,8.327910517370821,-0.6600659774635057,,0.2007976351885131,0.3703703703703703,0,3
-0.99469957682263355,0.096686968086593522,-0.03499117133070842,-0.097233666868107749,-0.99515926132915788,0.014270901099306045,-0.03344197805535426,0.017597579180852373,0.99928572456065745,-2.6603706997163563,-2.2678638057330249,-0.83478915275139431,,0.0819102587290399,0.4458689458689459,0,5
-0.80930502481926592,-0.5509517452372461,-0.20366038206366879,0.58137555094851623,-0.80081558290151522,-0.14386407105811777,-0.083832246549857145,-0.23483308242694143,0.96841394962911631,21.031306453459205,10.609397769893745,0.14962760595846583,,0.2959300257313846,0.1176470588235294,0,1
0.94352183497515163,-0.32625544680024871,-0.057653537257398364,0.33130080163203829,0.93042049517981407,0.15670826713136785,0.0025151069736593016,-0.16695833486986331,0.98596074397228983,13.53981577226827,1.7715963559207071,0.11713250505125107,0.3086976028564413,0.2736996207117435,0.8153846153846154,1,5
0.98086551259825538,0.19116369580986697,-0.036868517730913528,-0.18444041979429432,0.97305473200859705,0.13836986688503605,0.062326380782671068,-0.12892218552286017,0.98969414080237084,19.931353780464462,-10.031918089363378,1.9540188623512718,,0.1646243294287608,0.3076923076923077,0,4
-0.56551557338534986,-0.81873842205637271,-0.099295178670854217,0.81905755910540512,-0.57164130945525637,0.048692177981408839,-0.096627382924987612,-0.053792281722547047,0.99386595640264663,-8.2780366013070186,2.126915518595879,-0.97392604980307029,0.1805052960240651,0.1469936021954836,0.6263736263736264,1,5
-0.44817231680729597,-0.88081576688466945,-0.152660273990818,0.88874363942762535,-0.45741739334120152,0.030067784186382854,-0.096313642982285147,-0.12220029900254503,0.98782122324799682,3.9894987829028778,-4.8921012036544864,-0.21237070673252983,0.2724561951477819,0.1572965346559191,0.4858934169278997,1,5
0.92044503944157285,0.39018390040368156,-0.023183037617401377,-0.38285637373732395,0.91193215050344556,0.14765077028876722,0.078752310798518368,-0.12702864536760883,0.98876781743742159,16.646052856694418,-9.3986885133013871,1.5526504706873772,0.1361832389996096,0.1204020042619274,0.25,1,5
-0.62893512444071065,-0.74840921360068824,-0.21053327110541517,0.77504454316432747,-0.62487643103176116,-0.09399681937282145,-0.061209193394014864,-0.22229056421406457,0.97305721296614733,9.2432244891771571,-11.897086872156216,0.99302468405433864,,0.4482899349001888,0.5116279069767442,0,2
-0.010331420709597123,-0.99504337806056242,-0.098903678010202958,0.99700350936553261,-0.017833594677428347,0.075272605997757744,-0.076663316253171479,-0.097829641104860421,0.99224598626669203,-22.221885281065095,11.014508092410335,-1.9627411740716507,,0.3061412822550851,0.8,0,3
0.99040380855300114,0.12707607517036498,-0.054332008273270394,-0.11114206050433977,0.96600844081028248,0.23339908883741864,0.08214461875595179,-0.22512077514654946,0.97086193570808865,-1.5715858171046293,-15.759746436217201,1.6282989156143932,,0.5822072505266571,0.6086956521739131,0,5
-0.79364471696655237,0.60826224128795514,0.012046121966538375,-0.60802921992972847,-0.79370337751142195,0.018314372460048071,0.020700988931087315,0.0072107108049821612,0.99975970848347362,5.0714075356466628,20.058890427715909,-1.5119787130881785,0.2345205114732989,0.195429594613047,0.6666666666666666,1,5
-0.95675872656271288,0.28826499521219406,-0.0389362515068973,-0.29008169512315474,-0.95546460113333354,0.054221823425593209,-0.02157195634548972,0.063171896571441136,0.99776949351190047,-15.7595913435533,9.5708249354111121,-1.787554082695608,,0.095082634942026,0.2592592592592592,0,3
-0.66981815150372992,-0.72688164925426357,-0.15161369296184118,0.73614145281401477,-0.6767861358382099,-0.0075025186474535792,-0.097156602271783368,-0.11663444737548735,0.98841135177638284,-14.957999361485964,0.45250811035198057,-0.73355370677974063,0.4249352178029707,0.2671150020672967,0.3181818181818182,1,5
0.344639977715193,-0.91314046345130329,-0.21771031158034237,0.93672710002436699,0.31936593936625307,0.14334481801812793,-0.061364695390840406,-0.25333750369941155,0.96542968846982302,5.8992782783523605,-15.553577979221799,1.7199582911696389,,0.3018077177794785,0.1666666666666667,0,3
0.13099779065153949,-0.97565162020324137,-0.17590763155475972,0.98809558384137874,0.11405451848141937,0.10324090278148508,-0.080664093855816202,-0.18733788407249946,0.97897794722540021,16.082863539031585,-18.044189502354893,2.6556359947714938,,0.1619950799899778,0.3333333333333333,0,1
0.47716161206409607,0.8644868185550153,0.15804852582994935,-0.8730023946513733,0.44562559082862813,0.19820356134944481,0.10091389847469054,-0.23255187237101135,0.96733448803987954,0.52652854376478153,-9.1435994694230747,0.48191909037692843,0.6044824969254795,0.2664354574743664,0.2459016393442623,1,5
-0.89602105814389721,0.44336483218420003,-0.02395597931556057,-0.44399614745205779,-0.89423539592065482,0.056661077737376844,0.0036992445744906785,0.061405881354368072,0.99810602308806462,-2.1383795352735784,-8.1989310199943226,0.36195223705558277,,0.0709475493550272,0.2142857142857143,0,5
0.83814656693965917,-0.53698572716195969,-0.09569044441115028,0.54515091436809604,0.81894175019913962,0.17928996163867561,-0.01791125039998321,-0.20243699910122734,0.97913147661792455,22.637547312655549,16.340321383677736,-0.039500585145504835,,0.4417683296045345,0.68,0,3
-0.68669593239420557,-0.70291872184020965,-0.18534823149892327,0.71952472014553215,-0.6935591210712555,-0.035495389536684865,-0.10359958268615793,-0.15773717401232146,0.98203162393166366,7.4271822330867625,13.777746825380161,-1.2224366431027149,,0.432753363383603,0.3571428571428572,0,4
-0.93981915183387466,-0.33402418537489176,-0.071887449745408172,0.33350357968243238,-0.9425474859850892,0.019483300598051367,-0.074265228642092063,-0.0056639427813495215,0.99722244036469099,-17.355121222255502,-2.2978045718696207,-0.44324462304826301,,0.100092918771413,0.4186046511627907,0,5
0.69832335900236031,-0.69883825142769995,-0.15482113748818646,0.71455210639412203,0.66794415831768306,0.20800453989518067,-0.041949654580038305,-0.25588219889386055,0.96579735284885659,-6.0876522441062297,4.8007375601292086,-1.3614236629596117,,0.09610603371300705,0.6060606060606061,0,5
0.89964757061848921,-0.43438302572562643,-0.044109360023682695,0.43044769786084175,0.8654758092481849,0.25625456681296371,-0.073137050026308645,-0.24952557096948558,0.96560238263262388,5.7908241068039175,-2.7162716668326636,-0.37979575167141771,,0.1282505753132573,0.5294117647058824,0,6
0.57975371947916987,-0.79507598439649663,-0.17815668324822873,0.81343269323582468,0.55215787005985262,0.18289051398604511,-0.047041240684966255,-0.25094992641343528,0.96685637822166259,3.0511596408777129,9.3395792381184162,-1.2020311096655958,,0.08905508094722758,0.2105263157894737,0,1
0.7043980868450318,0.70964898431196244,0.014888059445692952,-0.70396845838322164,0.69576786705569649,0.14260254126177632,0.090839115201596141,-0.11092968150033722,0.98966805592159257,15.699997269184529,12.743590374739357,-0.50021959204767175,,0.1159971290126349,0.3076923076923077,0,5
0.32719117605949372,0.92677623574433166,0.18447694481525445,-0.94024903049076614,0.29983096604435,0.16134792363735048,0.094221520736919639,-0.22624588540010387,0.96950250353959555,6.5543481566442381,-10.968529102547524,0.74457678458088206,0.2323339780063025,0.1561689905217143,0.4444444444444444,1,4
-0.99300949010323569,-0.088680571161275173,-0.077896783395858454,0.092458840879814957,-0.9946390337909653,-0.046309342497335773,-0.073372442429513934,-0.053187862881342578,0.99588530259967323,-14.236048914008258,-3.6084811636916814,-0.23073014486812973,,0.5960541476401408,0.21875,0,3
-0.93745471945449954,0.34802946620711811,0.0073579633102127378,-0.34798486336596962,-0.93635538352619541,-0.046315554727108493,-0.0092295092314562,-0.045979195220237162,0.99889975961867494,-2.6395446995244614,7.8046769269435678,-1.5811555006268661,0.333469381397561,0.298363527902323,0.7308584686774942,1,5
0.99517728773355418,0.096681883387437467,-0.016576471396017051,-0.085603336351812123,0.93849558298112401,0.33451174797061617,0.047898170995597969,-0.33147949280396899,0.94224578060381792,-7.4174263644335339,-0.69464435203797814,-0.74114920925309924,,0.08681219207365901,0.2547169811320755,0,5
0.99774816019341916,0.059011377814137407,-0.031878929077438015,-0.044015227606925819,0.93471347495066048,0.35266610197802045,0.0506089771617418,-0.35046879609194614,0.93520604916590666,6.0224099872943349,20.73300551812887,-1.5088012986536135,,0.3603079763782102,0.44,0,3
-0.84676805072237327,0.5190602956557403,0.11644860561469723,-0.53183656330584728,-0.83079447164210796,-0.16410489273612722,0.011564523632954836,-0.20089040634805319,0.97954545909337798,10.546972773783274,-14.376826643972921,1.5627862010689486,,0.6983247211461339,0.5238095238095238,0,1
0.88752059605034617,-0.44429110483973733,-0.1221171803913059,0.4606339268158357,0.86192812497014981,0.21188745326626615,0.011116521607972265,-0.2443057951537915,0.96963451949773949,13.505442849908581,12.49121170503245,-0.69805857027762985,,0.2242708362591829,0.4444444444444444,0,4
0.95797897824670253,0.28629593435839867,-0.017632787846977468,-0.27766717318351475,0.94101550294981973,0.19336691584750368,0.071952888570793835,-0.18034539411349276,0.98096805281740418,9.7062849438775238,-6.8233562241923869,0.62454222075798282,0.2638213908386656,0.1769263137315694,0.4444444444444444,1,5
0.50065946542016582,0.86345450009256308,0.061533941488379554,-0.86102181397585908,0.48938986971001452,0.13834374320125933,0.089339440019035654,-0.12224517043677616,0.98847083050637785,-5.392810386613653,21.451414591925051,-2.0076715308493691,,0.357627148659263,0.2173913043478261,0,4
-0.70024011766585237,0.71024453767023044,0.072225164042124548,-0.71181439982229977,-0.70234615362282737,0.0054900543564460483,0.054626347277942404,-0.047566555486162301,0.99737324256381044,8.9697870580062897,4.0289974599455389,-0.72303418551131082,,0.3444781082053136,0.2099447513812155,1,5
-0.90100853143878668,-0.43030448717726966,-0.05496976068373479,0.4307191814186162,-0.90247390170337993,0.0046737032805555974,-0.051619889893309408,-0.019465483795281444,0.99847708131334556,12.237820951988967,-20.998775581868699,2.9270524298548728,0.431924345893455,0.3800606178173303,0.8809523809523809,1,5
0.98377927575426194,-0.15361738986802831,-0.092628473627465555,0.17764678778249307,0.90599231326241769,0.38421289293824507,0.024898903328896951,-0.39443583234735108,0.91858609763781585,-18.839910032706285,-4.2595792183053636,-0.19732934230199234,,0.4134473349514681,0.1666666666666667,0,1
0.14460829532722236,0.98927673572753683,0.020493439702111017,-0.98535071689203524,0.14208041903394567,0.094324542127121699,0.090401358634190659,-0.033833336746582635,0.99533054794961706,-1.3914656972789941,14.51302700570082,-1.5464296702093714,0.1738862050673174,0.1189695836075824,0.1052631578947368,1,5
0.3696521182831527,-0.92760824192118974,-0.053854071049987545,0.92685596128669567,0.36402342697856349,0.091787644256171683,-0.06553883181819152,-0.083844463923752513,0.994321259650645,12.520884903472835,-13.881071577864464,1.6861247665717194,,0.07215111240355622,0.1739130434782609,0,1
0.14352145862876753,0.98291962703392077,0.11519808029898131,-0.98534765557917969,0.1310877691116937,0.10911459313004457,0.092149815830998155,-0.12917044391353175,0.98733145795193622,16.711908930747079,1.9835482329864085,0.44301578374401973,,0.224335968911176,0.25,0,3
-0.58026023843484587,0.81137775042540516,0.070457091950674497,-0.81338044989845271,-0.58173192908326621,0.00045432153112254345,0.041355766399954946,-0.057044796429400947,0.99751470755362892,8.6728833456649834,16.837393795506269,-1.2146562839348876,,0.1580558324302427,0.1904761904761905,0,2
-0.099304888920128856,0.9911548446680315,0.088037565434592263,-0.99172418272344065,-0.1058194414867638,0.072700696041732779,0.08137373309664446,-0.080089448084742096,0.99346061616321601,1.5585172640311393,2.020275222569174,-1.1691983290446799,0.2468753117552734,0.1820910045024383,0.5232558139534884,1,5
-0.14316600678585209,0.98918515354975334,0.031878307636129151,-0.98644809447283155,-0.14523018266795854,0.076343637280068211,0.080147685006571406,-0.020516482129783489,0.99657183511732106,-10.486816859380022,-16.92872494325557,1.6418215142172685,,0.1106633594801449,0.3333333333333333,0,2
0.75961754017963168,-0.63668741700366382,-0.13270390228116358,0.64983120757276602,0.73471627023854669,0.19470851011519671,-0.026468742243759256,-0.23413913657473351,0.97184271896643459,-11.657452971300453,9.452146032822899,-1.7108847809546166,,0.1137518806906698,0.5,1,5
-0.70090726324404429,-0.70666795908692726,-0.096692315783937235,0.70808416393929208,-0.7056950344084244,0.024725193420601633,-0.085707789086741912,-0.051136229927609661,0.9950071662448734,4.2918720348871817,11.610590161173777,-1.2317452860783908,0.2685163667896521,0.2282028027915794,0.7096774193548387,1,5
-0.87284682564275384,0.48575198471399594,0.046727168882589258,-0.48771459657147015,-0.87157961873767542,-0.049834129792913351,0.016519420585975574,-0.066287084318912365,0.9976638367686792,-0.19632924003598221,6.9407952346579265,-1.4019630331843687,0.3238417466590548,0.2751522271826821,0.4659400544959128,1,8
-0.98688674956656841,0.1567065610786931,-0.038698801594157346,-0.15924955109878719,-0.98438762013040715,0.074970619637486399,-0.026346233217842099,0.080150277908961051,0.99643454825008348,-2.4688312358734628,13.241256489757404,-1.548545722463526,0.4379579035955297,0.4202261401142738,0.9797297297297297,1,5
-0.998078216178515,-0.050324264617030219,-0.036157195420391634,0.052194591133137902,-0.99724043722579137,-0.052794270694431239,-0.033400584521200045,-0.054580021550631914,0.99795061110316219,-15.527916605271589,-6.4114627742719241,0.17706520998381456,,0.2094241341540935,0.2790697674418605,0,5
0.94170675037003071,0.33441893132147432,-0.036774647263019732,-0.32945101008971389,0.93878905978171667,0.10068333121737363,0.068194048555454703,-0.082698727970647617,0.9942386494869595,-11.695959773449127,-1.9125143866350869,-0.46619657550639515,0.2624982757796191,0.2015719018760928,0.7488372093023256,1,5
0.22530596767498171,0.93640959735855245,0.26902469571553111,-0.9703645066360117,0.1909185832242056,0.14813108667903793,0.087349557475070533,-0.29442683395787167,0.95167373309052394,24.757053020007934,9.5222946084829729,0.59217591932717706,,0.3732894076591512,0.1333333333333333,0,2
-0.98165633066476554,0.18986514822673028,0.017380274872127888,-0.18994566774939711,-0.96603357813767143,-0.17521349609480369,-0.016477007283625573,-0.17530074557562469,0.98437703997584491,16.114972847829872,6.1674086969609254,0.054023492170345772,,0.6251071696314873,0.5189873417721519,0,3
0.90741632159401153,-0.41207873483748869,-0.082381646011285378,0.4202323250183671,0.89010757561590925,0.17638961659016733,0.00064211716340740609,-0.19467824769579012,0.98086694691973675,14.596550641383024,4.22449446378962,0.051414176994660235,,0.4038831056517417,0.1147540983606557,0,1
-0.39282116111115345,0.91922880774286453,0.026644594178099154,-0.91533695362128831,-0.39362108610433422,0.084974713352519951,0.08859907854252129,0.00899108389876754,0.99602678864162086,-6.4809235478416776,3.1840062323145006,-1.1560216309458724,,0.5215121859928098,0.2025316455696203,0,5
-0.94088593855907943,-0.31260946068628742,-0.13041846384323025,0.32623091448906405,-0.93992454860253793,-0.10057451648376563,-0.091142970400510531,-0.13717568306278935,0.98634466132423915,-18.388542742172334,0.40894006186426646,-0.74744445442138729,,0.1963803126019007,0.2142857142857143,0,3
-0.58391518280304899,-0.80638242682837935,-0.093757351682170753,0.80664730363995152,-0.58932605943857597,0.044887895885138779,-0.091450461029328287,-0.04941839099943067,0.99458264403142982,-5.5903673960263083,0.90921330788358967,-0.97150510516336896,0.2194514763724312,0.1486465516417218,0.4270462633451957,1,5
-0.82329816424538405,0.55530038768846712,0.11756535281799323,-0.56650887068615696,-0.81677361118100289,-0.10930950330250319,0.03532466820900719,-0.15659612866026656,0.98703081021037098,-18.208932411011251,-5.5556521721497063,0.025691808574186303,,0.7243426992174676,0.3676470588235294,0,2
-0.89964205005005593,-0.42451069594233631,-0.1021511175283321,0.4320483975809486,-0.89929681528371286,-0.067819025120593082,-0.063074273118827462,-0.10514707343110563,0.99245439644318501,7.613169489379457,-7.9779543405277984,0.55002071593767266,0.207299731567151,0.1513605460177746,0.2982456140350877,1,5
-0.97843907277933895,-0.19256190525369413,-0.074678601378004264,0.19694431719577915,-0.97878357660646942,-0.05653004590247563,-0.062208655209672337,-0.070018731854518471,0.99560406809458601,0.037741487759799991,0.44466203468272497,-1.0781171138626293,0.3267479102781202,0.2522630903368267,0.6874443455031166,1,5
-0.75768024360732633,0.63864768611632827,0.13434947512142806,-0.65207507719241442,-0.74928255653707587,-0.11564490552450454,0.02680936686403167,-0.17522780455031833,0.98416282919079301,-4.4935784566372776,19.193227531637984,-1.8144816657431033,,0.3585784182332476,0.3617021276595745,0,3
-0.18115870574947238,-0.9709160056021976,-0.15653636445455096,0.97800797298733588,-0.19458630557048795,0.075077123397408699,-0.10335341360776194,-0.13949293799293438,0.98481459785368775,16.275695298169637,20.931645836805554,-0.88097056580703059,,0.4571934051397434,0.6956521739130435,0,5
0.99066163422807862,-0.12325589324219446,-0.058288174183292789,0.13330335062000179,0.96537414097090568,0.22423867788177809,0.028631157539191491,-0.22991466400766111,0.97278954768861048,-6.0152333411519257,5.9225490317520633,-1.4561779929021403,,0.08661074726531773,0.15625,0,5
-0.0093588366978677416,-0.98799009445067931,-0.15423354188697513,0.99614844313839712,-0.0226591894956884,0.084704429425781103,-0.087181944280976503,-0.15284676770784897,0.98439685807739774,4.7957650910988399,-11.7092910680632,0.9321459965992599,,0.1204912132589667,0.2033898305084746,1,5
-0.54197546293568599,0.84034098912078348,-0.0094667618091446096,-0.83887186054835949,-0.54028155487772955,0.066255890598768769,0.050562823850946043,0.04385046707168918,0.99775775485927065,-3.3192222553515118,-1.4494471106152311,-0.88805127860896049,0.1436051206184193,0.1121129310498753,0.4853603603603603,1,3
-0.58702678236380634,-0.79989962431081973,-0.124740321528389,0.80407963919965475,-0.59399515770366662,0.025013725215349284,-0.094103616360633482,-0.085617426100097094,0.99187406747824858,22.716010873463272,2.2375470465500427,1.0128001305786942,,0.1099838694667861,0.3333333333333333,0,1
-0.18202985222417981,0.97511214090285492,0.12657584905143499,-0.97999616077273821,-0.19044251985602773,0.057785564820097592,0.080452829471277659,-0.11352514829206291,0.99027237815427749,-9.4314003623498994,17.200927877049491,-1.9361122811160547,,0.3220519731762698,0.5333333333333333,0,4
0.97488581776907535,-0.19271851499426526,-0.11161190031142083,0.22174170878410629,0.88653907419413458,0.40605305627776178,0.020694368756402039,-0.42060437932267392,0.9070081031591517,-16.248195800873326,-10.847611530501165,0.81500957306953581,,0.3434740589804706,0.25,0,1
-0.074661086679341446,0.9960018467053825,0.049051437240162525,-0.99276696666277464,-0.078876131570084426,0.090511357142240692,0.09401846647893905,-0.04193897027830399,0.99468670984031049,-19.425886980521703,-0.7354812131920585,-0.65660543061040544,0.5964268607203397,0.5486492500180413,0.693069306930693,1,5
-0.99410894776380943,0.10594988612755982,-0.02284779213593284,-0.10462364366549139,-0.99309778254574488,-0.053015917316205446,-0.028307122108861122,-0.050313178514973092,0.99833225476573306,-10.102277244163098,18.106354868797208,-1.9727313595691471,,0.2645937515136759,0.5666666666666667,0,2
0.62161122019809034,0.77769387681025648,0.093764198368435137,-0.77751590842100426,0.59801258504595634,0.19455066249929284,0.095228688304009046,-0.19383803057833332,0.97640069378581018,22.014291042677733,17.294070991192939,-0.14483101314667424,,0.2985034304182194,0.1290322580645161,0,4
0.026278829274873929,-0.99402847255737548,-0.10590948435902139,0.99459858256589861,0.015356560444954669,0.10265396051398508,-0.1004145541734284,-0.10803504892650447,0.98906286226589268,0.23988034506281913,18.454636187717515,-1.6119428662491984,0.2974441176502884,0.2898162769227556,0.2307692307692308,1,6
0.05393398588350469,-0.98450167718982329,-0.1668759203035107,0.99397073252394397,0.03695486992296395,0.10323042417229447,-0.095463647806549631,-0.17143740898474444,0.98055897668017167,-6.7901677078538087,8.0463122567629828,-1.6037244002959037,0.2779419525686148,0.1777880151083279,0.4761904761904762,1,5
0.36643154615840412,0.92699323257748512,0.080071647513370175,-0.92256428506934263,0.35080319980744162,0.16066192741079927,0.12084312928112223,-0.13274284071242534,0.98375620777972306,-17.064701064673351,2.1114363584407987,-0.93863164429801749,,0.3230217684770544,0.2333333333333333,0,2
-0.096006078473767811,-0.99186899698486763,-0.083538767744813502,0.99128031685246543,-0.10288329413759269,0.082330803520153151,-0.090256115122274175,-0.074906078575979029,0.99309763521790984,21.437259631455944,9.3858064681767761,0.31115135766324598,,0.1435350832987475,0.4545454545454545,0,1
-0.67224278640974433,-0.72335413207497079,-0.15763386606351204,0.72667857104346423,-0.68541713800363024,0.046277438532641123,-0.14151992971413135,-0.083439478312001325,0.98641267375917718,-13.157389844784159,3.915583089082284,-1.2075814818048043,0.13798694760267,0.1641393130320968,0.1538461538461539,1,4
0.88759767294116865,-0.45787033369932473,-0.050250656786666889,0.46049510703555618,0.8795259396258539,0.11990987416210123,-0.010706417969335861,-0.12957190684453257,0.99151222562857888,7.9501394723827667,-0.21212527701459977,-0.39838942202005317,,0.2708938286882344,0.5441176470588235,0,5
-0.26366377835164001,-0.96205029119256669,-0.070289751753968441,0.96064544571337984,-0.26848440346818625,0.071249229641265552,-0.087417044193216678,-0.048737688810914073,0.99497884302827855,1.6989560675891331,-6.2333920811839407,-0.03246910515737466,0.1514977222482583,0.1372712373490207,0.6270718232044199,1,5
-0.66725801806391938,0.74478078696026551,0.0082653919603267109,-0.74351912740202775,-0.66670290016151001,0.051831940958823541,0.044113994567912075,0.028439801178612827,0.99862161662572835,-13.149009811808947,-8.2587809359504245,0.54555818966294811,,0.3753128878401802,0.5901639344262295,0,5
-0.48918725558254372,-0.86827496845366514,-0.082428199861485585,0.86689588069929335,-0.49443416016485603,0.063453867405142889,-0.095850722491878065,-0.040415843661359439,0.99457488334409738,-3.9849401436195659,8.9473796169565762,-1.6006640992151029,0.4069394802357296,0.3611356877523919,0.8268156424581006,1,5
-0.043695821479867065,-0.99287139466827035,-0.11089214956291087,0.9950950092500902,-0.053114644876491937,0.083455120065858229,-0.088750198595621471,-0.10670158456708857,0.9903222577020625,-7.3343657680238579,-4.3696316382700964,-0.24986814391063239,,0.1103412743233579,0.2837837837837838,0,2
-0.75052609981887664,0.66068232247574155,0.014472120049424487,-0.66045634644624551,-0.75065647665209922,0.017671120483216521,0.022538587567587358,0.0037044336025235931,0.99973911058942855,-11.781794882644595,-3.9372194875298079,-0.16922371550623111,,0.09000768110367205,0.1282051282051282,0,2
-0.89229532329176653,0.44639812178009186,0.067362993571005572,-0.44969879526390499,-0.89201739313130157,-0.045562746728320065,0.039749837356064938,-0.070948482876258698,0.99668764575855129,0.51920588844032434,-13.160038024431278,1.1606495905471501,,0.2247071585791039,0.4736842105263158,0,4
0.7419806754155116,0.65946559522514414,0.12070545151022066,-0.66458400415446939,0.69979381616976344,0.26194792664300681,0.088276716816791209,-0.27457921182220685,0.95750377425007704,7.3696922388878274,-16.469916560223847,1.9150829377879306,,0.2542908578033808,0.6,0,3
0.87303636574944987,-0.48206571745183763,-0.073621655351108761,0.48764966388463021,0.862306840630917,0.13647240715372946,-0.0023042118391090431,-0.1550469498531695,0.98790441539099771,-17.07437793212631,-0.011008382614650977,-0.69216234789457409,,0.09843682708098278,0.2222222222222222,0,2
-0.74888486312425906,0.66270009466022017,-0.00021522243317300175,-0.66225287329198479,-0.74836747149870697,0.036976471155903655,0.024343245467094789,0.027833651215172703,0.99931611327955772,-2.6548371647674585,-9.9113466672826327,0.72381105156809433,0.1286565141296252,0.09305298582253049,0.4242424242424243,1,5
0.73510406525367811,-0.67083799316099324,-0.097971425320073455,0.67747308203581103,0.72142781034404591,0.14342990475871578,-0.025538918622663508,-0.1718089095301113,0.98479919894446433,0.24860079198837298,-7.6224346078624912,0.20432446285242176,,0.07568503721649975,0.3652173913043478,0,5
-0.6038521632620788,-0.79130641578470573,-0.095899537338139357,0.79106296454496194,-0.60970326566717115,0.049812789122094123,-0.097887440711478119,-0.045783011835704539,0.99414383505517334,4.7797856036490591,9.8550841112647696,-1.1479886507612138,0.4442547199319868,0.2336184463866619,0.2278481012658228,1,5
-0.86517826871073444,0.49272025019880916,0.093237966487470889,-0.50146417909725782,-0.84990971183628328,-0.1618244691283704,-0.000490339687652735,-0.1867625143608545,0.98240496883749628,2.1460024687559383,8.5412110800820766,-1.2348217852025745,,0.4385991958482598,0.1477272727272727,0,3
-0.42487956634748231,-0.89208851329465966,-0.15380324622094216,0.90203533491900767,-0.43152091873848103,0.011043153926824671,-0.076220788882886789,-0.13404395226500029,0.98803978169062079,4.0657385155476664,-15.558754995806719,1.6194532285886807,0.2880996366941226,0.2456489917158792,0.2631578947368421,1,5
-0.49368684059065454,-0.83831819919230288,-0.23129180774638547,0.8660172589730385,-0.49817379200642536,-0.042860006051838186,-0.07929319383428976,-0.22146211834287211,0.97193987445245034,13.227090724543221,11.411730997341062,-0.64890632256870007,,0.3499769936561969,0.2571428571428571,0,5
0.95591150483774223,-0.28018044189070213,-0.087932445097207323,0.29283805877077873,0.93183112074311802,0.21432833165493068,0.021887582191837937,-0.23062888456686184,0.97279558559300638,1.8061984892772203,-16.449524828017569,1.7830366125697292,,0.1922922570526159,0.1176470588235294,0,4
-0.9990105193101062,-0.014668670686636505,-0.041985859620091964,0.014822327727457528,-0.99988452884501855,-0.003350757692581786,-0.041931860303245548,-0.003969770353756499,0.99911258625584676,-20.31553506439846,3.6199292739789675,-1.1954665919943923,0.2323441576458719,0.1682536663334622,0.45,1,4
-0.90908216902752381,0.41651068554698423,-0.0094052528618004446,-0.41661560041228873,-0.90890329603716735,0.018062113549698906,-0.0010254020291408721,0.020338320431030069,0.99979262913502431,-16.618148999458146,10.663101961549801,-1.8866064930164834,,0.07630998133216975,0.3181818181818182,0,1
0.21990184652002842,0.97543725365551426,0.012858541055201352,-0.97101158278999067,0.21760002544901608,0.098927928373453447,0.093699967901581874,-0.034240226424104715,0.99501151898340712,-10.425199685288625,-4.7953508666342364,-0.062680073185259005,,0.07028154652469815,0.3015873015873016,0,4
-0.043596409904875746,0.99624695720465928,0.074775352248345389,-0.99580292630170542,-0.049361707494101618,0.077071095763762684,0.080472883708528717,-0.071101491501408293,0.99421762853708695,23.437298424245618,-13.456716363346045,2.6697508064531794,,0.3461970585953393,0.6956521739130435,0,4
-0.19751891911714811,-0.97654805715567183,-0.085674784249951619,0.97567346335266747,-0.20431480750709546,0.079477999111384701,-0.095118712671083752,-0.0678922049930685,0.99314806499382291,-6.9226564551051641,5.6131496912325778,-1.4204942423356652,,0.08899117570260706,0.3617021276595745,0,5
0.69525186197197641,-0.71496268057401846,-0.073845878767294551,0.71796166928611538,0.68593898702433853,0.11840079187201072,-0.033998380261339112,-0.1353368813976388,0.99021615755004078,-9.3515151437728168,3.2961962689981958,-1.1258444020173186,,0.06760392617566487,0.2857142857142857,0,5
0.72342120151693756,-0.68478358278858076,-0.087938671464979273,0.68908915753156386,0.70829335194621124,0.15322095340142064,-0.042636817050880189,-0.17144087124147395,0.98427136984661623,13.997613687489592,23.179302292490505,-1.0553337915968768,0.6652483601802526,0.6455357170846847,0.2941176470588235,1,5
-0.99871179761195783,0.022884398928216747,-0.045288515060491807,-0.02461954487881992,-0.9989693192789223,0.038133674742476045,-0.044369170835727043,0.039199533480634888,0.99824584810268524,2.5141077998990209,20.488265791316188,-1.6471335825473012,,0.111459995363407,0.1666666666666667,0,5
-0.63901816476448414,-0.74496430863556284,-0.19153058231042125,0.76330223699367949,-0.64490649113564713,-0.038279402967561611,-0.095002526816269403,-0.17065695576285786,0.98073988567217885,-10.33036680379438,7.6504920892146107,-1.5703808779205517,,0.1108663934212413,0.3823529411764706,0,5
0.69696695287976485,-0.70093888228326529,-0.1513993061311121,0.71669489210560311,0.67374455278420242,0.18004640852667123,-0.024197070550656383,-0.23399350610028002,0.97193700458397225,12.677757809997356,-10.413127315968268,1.2224142888421481,,0.3195606853777646,0.2777777777777778,0,6
-0.35572864508707475,-0.89331856305882495,-0.27466174826326029,0.92986165436267454,-0.3678225023569594,-0.0079944046541760242,-0.093885221469750341,-0.25824126636612738,0.96150767731474429,7.0282954024337103,-17.464973961339865,2.1045619330282386,,0.6039684345090707,0.2328767123287671,0,3
-0.69064197611644529,0.71680926393756439,0.095906933843495606,-0.72318943622832565,-0.68513477659940092,-0.087105552187260793,0.0032711089449713312,-0.12951763210998865,0.99157172348695677,-15.946450149775519,-5.1871556014548474,-0.033266675323301381,,0.2990233285912396,0.1,0,4
0.80020866007203229,0.59972167432086876,0.00011702775558377915,-0.59336971936498129,0.79170489042983661,0.1453125686587467,0.087054445529478081,-0.11634981658452964,0.98938579113220559,6.551506832932084,18.069951970509514,-1.3416749796884715,,0.08648084684332398,0.4347826086956522,0,3
0.97557910435739548,0.21626634262732761,-0.038396356439413623,-0.21057212886483889,0.97059735516231749,0.11661969257910569,0.062488316400370933,-0.1056865327206582,0.99243416260975892,-8.6808129314486884,18.645719023674236,-1.9434946364282206,0.4150215570973561,0.4277072747081179,0.7407407407407407,1,5
0.46330855631485696,-0.87580706190254032,-0.13530399834107537,0.88443548638552849,0.44734456340344203,0.13287856115783572,-0.05584847417285279,-0.18123143191792812,0.98185340861940318,-12.13646408056605,4.5365016440839367,-1.3017954463511956,,0.08488717443570463,0.5652173913043478,0,5
0.96179786657861777,0.27308917396994925,-0.019161599756543104,-0.26747767497932279,0.95232900838103141,0.14671452955878989,0.058314296981742515,-0.13598442137396519,0.98899326585731251,-9.8602114915905634,-13.919620984140577,1.3416098812728716,,0.1869709271582846,0.5098039215686274,0,5
0.045966176606665944,-0.99485359297254339,-0.09029639615060378,0.99548646804328678,0.03810651592959876,0.086917117913621278,-0.083028925988885963,-0.093884088073161884,0.99211490032949501,-1.5467723969749916,3.8217607662632189,-1.3500493603484347,0.3475046059028776,0.3296884074909381,0.8819148936170212,1,5
-0.93135656887044815,0.36356361251848246,-0.019910833090993934,-0.36405025581519312,-0.93079183681303979,0.033075183493074478,-0.0065079077097902416,0.038053333293140278,0.99925451760926376,8.9205649143797938,19.003588198838987,-1.2662033816444378,,0.1211985036150791,0.4761904761904762,0,3
0.91898873905197032,-0.36983923972847343,-0.13666980007570736,0.39227922808523058,0.89253979421948548,0.22246285745601185,0.039707741166234871,-0.25805358453565985,0.96531427151978444,19.375735788924203,-1.2507034765077405,1.0291491823696666,0.5481859772832688,0.390778790620786,0.5909090909090909,1,4
-0.23638173629236581,-0.96140292112717574,-0.14081227927826703,0.96544435156835029,-0.24875608019409093,0.077702101588308856,-0.10973093808117797,-0.11757906197365763,0.98698241393310571,-24.141388271793719,1.1684886791546749,-0.94542222884312976,0.6069702921911194,0.5969165255384766,0.4137931034482759,1,5
-0.56255622214819279,-0.82243976042507083,-0.084399866079908709,0.82144860015505972,-0.56757464258610446,0.055508759638003169,-0.093555834802791379,-0.038103353726528344,0.99488463663338633,-2.1668875627656905,0.305746415924321,-1.0551905916055553,,0.0869274871603913,0.3193116634799235,0,5
-0.58570853430724845,-0.78654079943147603,-0.19570151677835793,0.80503696370707001,-0.59257474865445281,-0.027760661418885418,-0.094132884291073929,-0.17380661117117263,0.98027050450793252,-17.629068433412886,-8.8235383315539533,0.50736359998004865,,0.2691987120154666,0.2666666666666667,0,1
0.19429403168123799,0.980652574965726,0.023882136967613474,-0.97658655779078829,0.19108171539302221,0.098825468300425712,0.092350010261983598,-0.042524172602765892,0.99481815943872898,19.438401153626813,2.5352569122292348,0.72234887970710282,1.146370742576182,0.9327120777454209,0.9563106796116505,1,5
0.92401631302922782,-0.37937054287549993,-0.047663869484346408,0.38077958113520255,0.90173807872603873,0.20463466951123538,-0.034652039570162704,-0.20723520109725863,0.97767725123366089,-7.0813984571790209,15.622958823736914,-1.849387406109364,,0.8202484735472078,0.6338028169014085,0,2
-0.98447715082293263,-0.16239980033221918,-0.066566090163207262,0.16996237102040057,-0.9767425666586651,-0.13071629934391177,-0.043789632844825288,-0.14000094045790829,0.98918259422930443,11.207822543726548,-17.654564409625443,2.3474613672445752,,0.2465696646518403,0.2,0,3
0.091718759485794998,-0.94975998207017187,-0.29923844274499989,0.99150759436734126,0.059280711388579689,0.11575183613727597,-0.092197394053594367,-0.30731380332703834,0.94713138835876187,9.3304965370404496,6.136075671890751,-0.74562747760888626,0.3789224617735116,0.6246874103658757,0.5188679245283019,1,3
0.15525497769139787,0.97823962146776566,0.13763406152782223,-0.98349591397924274,0.13995636561068314,0.11466474136011173,0.092906830148143882,-0.15316480899883503,0.98382359302680522,16.918101289268147,23.938471641057642,-0.92108020576120597,,0.3417988987590565,0.3333333333333333,0,5
0.97725066855040088,-0.20687454478420786,-0.046733858583691668,0.21157573659728393,0.96622917188405189,0.1470948506358245,0.014725437212879531,-0.15363629167805881,0.98801773839253682,-14.630826106117695,9.84735524255378,-1.8045012338925468,0.3050177559191971,0.1473363749989019,0.7037037037037037,1,5
-0.99934921096729035,-0.004981233805507284,-0.035725926843526212,0.0034757989378954419,-0.99910830684030294,0.042077428919152289,-0.035903667790316909,0.041925869251309013,0.99847541187889277,6.709774873972016,-6.1731200267780144,0.25863734717801234,0.203407743167623,0.1864337637879717,0.4675324675324675,1,5
-0.95248853972055603,0.30304108503631305,-0.030523474261904118,-0.30443262978202229,-0.95030982969231892,0.065053835506895794,-0.0092927727296644377,0.071255374324819751,0.99741481641532936,15.457730838352308,-2.226570311160486,0.72936361204563371,0.1748529013060172,0.1445673129191138,0.71875,1,5
-0.69976509196711822,0.71417117860434565,-0.016980686532948926,-0.7135195305348716,-0.69756998162728412,0.065467551335045782,0.034909821104482312,0.057927958563979885,0.9977102064262261,-13.566598900593508,-0.94694762175916003,-0.583783462398201,,0.07301836479974816,0.2142857142857143,0,5
0.34284351306555289,0.93927770835111235,0.014687142116607176,-0.93395124505238025,0.33913562152029958,0.11279229619592628,0.10096235642049693,-0.052387181740608281,0.9935100330521569,-8.7762074861054877,-13.575047259397616,1.2885509905274606,0.1575644159282557,0.1226682280571904,0.4375,1,4
-0.82465229810029195,-0.56210531708133515,-0.063136358358698796,0.55958174302785291,-0.82701454621698822,0.053992714466103681,-0.082564278642863684,0.0091952626063534562,0.99654331919780725,14.541930040833899,-18.475319725464626,2.6424684010670036,,0.1156525917846366,0.4615384615384616,0,1
-0.76524149042599976,0.64228764482797374,0.043267107968169911,-0.64372509142301959,-0.76399524711216804,-0.043923445475538822,0.0048443784967571388,-0.061464165912766322,0.99809753446525862,-19.685722728303336,20.129455399609689,-2.3741327371615353,,0.2536296519338358,0.3333333333333333,0,4
-0.99889727812025031,-0.020769533830232324,-0.042105275541553321,0.020236003003183709,-0.99970995104502047,0.013058252716892822,-0.042364276771950579,0.01219181061360184,0.99902784135756295,5.1123151616022495,14.054122880913718,-1.3521481606993029,,0.07160619932418472,0.24,0,2
0.70327703677708986,-0.68734370620992469,-0.18154899910393651,0.71050418002351379,0.67087440526197162,0.21239430908927581,-0.024191314787559533,-0.27836336306705523,0.96017114015723726,23.032876156668653,-10.799149016491292,2.3522318102518667,,0.1896273394280193,0.3888888888888889,0,4
0.82991030264538679,0.55787809116019671,0.0045743815426464345,-0.55193862849574338,0.81982432098737368,0.15248551764620039,0.081318140271899486,-0.12907407997366116,0.9882951188494622,20.196427426064009,3.949849814396206,0.67478333859998629,,0.07118639485385288,0.3333333333333333,0,5
-0.91272461664719429,0.40754330095442881,-0.02902123383662741,-0.40857529771432449,-0.91042204087080558,0.064791462356460397,-1.6244495714701989e-05,0.070994121896148482,0.99747673375989654,4.1891384210701741,-0.64852267237471661,-0.7934415467169057,0.1923465620226022,0.1629002273949166,0.8930041152263375,1,5
0.22391422160447941,0.96032594094454171,0.16624231865635614,-0.97116930377959032,0.20553623328313647,0.12076853979429614,0.081808341625573419,-0.1884912304505475,0.97866156115570035,13.211537627717144,15.206165879725519,-0.90621642623033505,0.74416654161936,0.4444002917690529,0.6891891891891891,1,5
-0.0011332289999817025,-0.99574705231081106,-0.092122329575219014,0.99617258808097242,-0.0091756627375210557,0.086925151535014664,-0.087400746839438354,-0.091671233370446872,0.99194631630156804,20.160731953098875,6.6262334936802239,0.43875179777918122,,0.09253507666698441,0.4,0,5
0.88386477465349622,0.45683567996330077,0.10042022524965874,-0.46175935639326193,0.81798311945021096,0.34304797489240707,0.074574505764397392,-0.34957799960376457,0.93393461510055698,-1.0843492890014801,-5.1293610411268986,-0.28586737777171706,,0.3517544855141747,0.3846153846153846,0,2
0.92582652529950249,0.37282455107524487,0.062024988249831908,-0.36775366677596555,0.8507791184938549,0.37540928612336044,0.08719223374063631,-0.37037379179736946,0.92478147079456396,-18.366374452036954,-7.35978563142924,0.27919714324568445,,0.5743503855978053,0.1724137931034483,0,2
