axis_00,axis_01,axis_02,axis_10,axis_11,axis_12,axis_20,axis_21,axis_22,location_x,location_y,location_z,dbh,dbh_approximation,score,reconstructed,number_clusters
0.85235705982620003,-0.37053146185416247,-0.3690445479080447,0.49272795975249645,0.8054652811275721,0.32930963936123148,0.17523298845416677,-0.46252796312687872,0.86911523003749214,-4.5977211627301839,-6.5608254849786061,-3.4733750798904359,,0.1299844961354708,0.4615384615384616,0,1
-0.65398283401385293,0.72860841965530332,-0.20355889472732533,-0.73200685300561197,-0.67738977299956837,-0.072863314421000747,-0.19097753786251881,0.10135514906996161,0.97634763982352912,-0.39688322296551581,9.0521383297290114,-4.1491883231577349,0.3162522293949975,0.3379431487847915,0.379746835443038,1,2
-0.21182391322540642,-0.8579456613969173,-0.46803832308485449,0.97244226659757471,-0.23275555305364473,-0.013449559742411316,-0.097399527311215317,-0.45798918613096007,0.88360581565913976,-4.4930325597121676,-1.738554498644441,-3.9398463332905576,,0.4089874701403213,0.3588709677419355,0,2
0.71800771560277765,-0.62754783265844127,-0.30107912259167624,0.68251513274250541,0.71962729852412166,0.12770921969989185,0.13652111159949296,-0.29718726241978755,0.94500884500785043,2.2333620467081845,-14.819163483328616,-0.94429565480822653,,0.1435438769037608,0.2272727272727273,0,6
0.87685904843179174,-0.39990998380600296,-0.26681494342628942,0.45082244822748613,0.87676468816816133,0.1674598511750266,0.16696505430019573,-0.26712485177098144,0.9490874481357674,5.5236000028740726,-13.808871628852978,-0.16110542935331415,,0.1355858553980381,0.1923076923076923,1,5
-0.95025116808464705,-0.11624911593334278,-0.28897899681201816,0.12302181452738507,-0.99238971028282541,-0.0053194055269557162,-0.28616140673430068,-0.04060549186362352,0.95732065857076332,5.9376529363601982,2.3209671502714224,-1.8584663952711737,,0.1420397103715544,0.2333333333333333,1,5
-0.69460527909389913,0.70905985652411307,-0.12148097020064427,-0.71029377215806422,-0.70274268163652831,-0.040441076145032548,-0.11404500641568555,0.058196591586659172,0.99176957668570431,-13.465427724558348,-9.8031864934977424,-5.404177806463883,,0.5530151230598411,0.1111111111111111,0,2
0.76803918561530304,0.6001957615000818,-0.22334022753798688,-0.59302577471542839,0.79821046558221254,0.10573780382717746,0.24173588869373266,0.051235734720658635,0.96898847237987651,3.3975652372013356,-11.872830507643423,-0.90891556771580762,,0.07896348449862367,0.4,0,5
0.92067256913619455,-0.28703484132889545,-0.26452413935869035,0.3302602781286047,0.93405118529427844,0.13592840740908901,0.20806289705417622,-0.21250737190424807,0.95475151099947153,-10.012092645664838,-9.408215716970787,-4.5571330885663608,,0.09758584251048558,0.3076923076923077,0,2
0.76861508810512502,-0.58894118271947105,-0.24975814227796714,0.62301730074548756,0.77775951412144551,0.083304148548434237,0.14519052761443327,-0.21963246911730377,0.96471824342679402,9.8058986678691547,4.7965024471008082,-1.1962478743358442,0.1805475820153308,0.0966279253632686,0.4285714285714285,1,6
-0.8595664873974096,0.48213935879509751,-0.16937264372953031,-0.47734488647374779,-0.87586498442033955,-0.070727564808374069,-0.18244811070724504,0.020054120948324421,0.98301094558114976,-3.8756774305941586,-16.16756437027486,-2.3827603148322254,,0.3609086325093733,0.2,0,2
0.95988631844412475,-0.020957490046753829,-0.27960514887019455,0.066542699709758082,0.98574051966091425,0.15455645251482578,0.27237900943193183,-0.16696230565481196,0.94759340632536504,-22.224784010881674,17.182074111300235,-10.45453838675971,0.4377555468678178,0.4361024679539676,0.4772727272727273,1,2
0.81549434771116658,-0.4720811292106688,-0.33482588952217884,0.55250478894997157,0.80727799212503148,0.20746253063607614,0.17235842607336038,-0.35417742852101275,0.91915772427138787,-12.189795971323852,13.901192045270376,-7.6231597530353508,,0.2897314280589467,0.410958904109589,0,4
0.94420296600504616,0.29331902041247659,-0.14981559081597065,-0.21337700390893458,0.89125600076869427,0.40016620958876531,0.25090040492219157,-0.34587092008155051,0.90411409316071489,-11.621653764625849,20.162206623429203,-8.2973877391583937,,0.3467699156940786,0.1111111111111111,0,1
-0.067795669663862121,0.98107101005243791,-0.18139299989116836,-0.99611040055954059,-0.056303034379034812,0.067779334732826491,0.056283364078027656,0.18528259916787151,0.98107213872052124,4.1102443695948416,-7.8541203718421722,-1.1290981021101167,,0.2482847998805338,0.5064935064935064,1,2
-0.2994347691616368,0.94983864925916084,-0.090251644808562292,-0.95357729021023896,-0.29474309374404273,0.061780743646293691,0.032080689088857951,0.104561221605928,0.99400089553473803,-10.432999552092838,-1.4723042754584075,-5.4835154224806759,,0.4282404693703369,0.8014705882352942,1,2
-0.83375265877939053,-0.44575125854927677,-0.32582559672320588,0.49201479551401406,-0.8675976887076654,-0.072081145554299578,-0.25055527329034671,-0.22040886109876132,0.94267809403610681,-5.0427861824983982,-8.9899681318472027,-3.3522732029092115,,0.21870023921417,0.3820224719101123,0,2
0.81110765895803438,-0.52058201374351987,-0.26664345584761279,0.56278968412855601,0.8187837948934189,0.11340576995202455,0.15928633657064495,-0.24204847486954464,0.95709999414649982,-14.649361592200457,11.863082125241297,-7.965728128727247,,0.06986989599667895,0.3,0,4
-0.94060948423731006,0.24664661168855245,-0.23327933278663654,-0.2632592414617656,-0.96378959709542855,0.042475690878526595,-0.21435570892280387,0.10136597788799101,0.97148163573945856,10.274584428600127,0.31775895448513075,-0.4330328426191965,,0.06997288775247396,0.1851851851851852,0,1
-0.89630377924500082,0.38331335612121442,-0.22295830625975918,-0.4002939173983221,-0.91572286491974053,0.034877132294516562,-0.19079914833414477,0.12050935931401684,0.97420386948148141,-10.054972225007655,14.481705232954587,-7.2055778398196413,,0.08391444762325991,0.2777777777777778,0,3
-0.96220420713994059,0.14629265244799888,-0.22969876708839357,-0.16006422120181787,-0.98619516194883894,0.042409287187593459,-0.2203236456970849,0.077572948818729878,0.97233735336986471,-13.941974095262958,3.1515343131528972,-6.87738970983294,,0.09903698181332739,0.4630872483221476,1,5
0.24291091779454788,0.95069157341467581,-0.19282068938404878,-0.96065415959018619,0.26335504355138956,0.08824798410230443,0.13467691590723815,0.16379759850002415,0.97725762982303754,-17.945883202160807,6.3035184671857944,-8.2062615775488545,,0.1119076691197503,0.3561643835616438,1,3
-0.87535328506952881,-0.41568150906951662,-0.246911946522792,0.42174026720015867,-0.90620491355423594,0.030459837033367972,-0.23641441017823672,-0.077469591891592401,0.96855907873099156,-17.572560557694686,4.2965036622361072,-7.8187687187674992,,0.09055272856680789,0.4117647058823529,0,3
0.88236136955557787,0.41259106836116222,-0.22628969005370311,-0.39888669996396908,0.91091199597739947,0.10549282523625331,0.24965539070458873,-0.0028188460523566744,0.96833064600841467,-9.1538790877094751,-0.4620613347389258,-5.295399370770224,,0.08200449630378051,0.3343558282208589,0,2
-0.90597848290685279,0.36981407533570099,-0.20601101473804057,-0.36282456591480794,-0.9290586121156561,-0.072169450756268891,-0.21808558613197698,0.0093618874876133153,0.97588474328895058,2.6856074549072586,3.4990725027351126,-2.7370242339187443,,0.2425188519327127,0.3809523809523809,0,3
0.74715208300331004,0.63142987840271558,-0.2075092131066649,-0.61680889706803788,0.77502006220786135,0.13744339807002098,0.2476096713812411,0.025302407704709068,0.96852942072134252,10.947203921553193,-10.608377658587171,0.82059794241283024,0.1380620092269494,0.1483358453873683,0.3684210526315789,1,4
-0.782232968395978,-0.52277909060573247,-0.33884156412674749,0.5675466629744923,-0.82229252361551997,-0.041542640172943263,-0.25690926122064067,-0.22480442173468035,0.93992584998371087,-6.999919980213992,-11.104374133838027,-3.6111374410672377,,0.1799631631241355,0.2083333333333333,0,4
0.87620763349265751,0.46584691885153667,-0.12347805961273726,-0.41269143142106601,0.85759085826884107,0.30695879568004647,0.24888946430258649,-0.21800130277189342,0.94367868819261191,-2.029025636457817,9.8529485881712873,-4.6640444761549311,,0.3272757113769037,0.140625,0,1
0.75306507065381068,-0.55456255192368342,-0.35405278612808988,0.64304745169248834,0.73422939378853758,0.21770891614427196,0.1392227504144635,-0.39162172220244451,0.90953254612807755,2.840692742223633,-4.9804297752614035,-1.7542170648540094,,0.09698202077751612,0.2075471698113208,0,2
0.92662598820246622,0.304153400746905,-0.22103164208297549,-0.2760974525912413,0.94949601949908113,0.14908891852860565,0.25521456592528435,-0.077123393140437618,0.96380366650582705,-3.1065369786738186,-7.0830763742387663,-3.0925884191951423,,0.1657409017451114,0.5714285714285714,0,2
-0.61246571084298074,-0.75112363732998144,-0.24637174043664442,0.76225531435164373,-0.6437316522729275,0.067649062112083741,-0.20941009714022801,-0.14636543753955755,0.96681154829137972,3.4445551358753828,1.7478171581562794,-2.4298934645520669,,0.09505470051905925,0.3469387755102041,0,1
-0.7582780121618935,0.61208061146493364,-0.22443658645711007,-0.63592718442983265,-0.77026206718813706,0.04788490319718211,-0.14356556820823227,0.17903539571763669,0.97331148904411713,-8.3972914472302431,2.5625883631467694,-5.4210763614102566,,0.06752986132821848,0.2141176470588235,0,5
0.82738095497478736,-0.4938125151098201,-0.26756299307998793,0.53661199534991988,0.83567203483696639,0.1170462158210229,0.16579602465555654,-0.24041932142063221,0.95640484529097614,3.4618341203861269,-5.6659180114278982,-1.5203522718179281,,0.06574701093253345,0.1875,0,3
0.83735694356504564,0.49599441291620316,-0.22983231152150127,-0.48888833398781734,0.86757600548012626,0.091104728778289901,0.24458443522436574,0.036075158642204445,0.96895667445707745,-15.944895983366868,7.7971993127858896,-7.8941916382895405,,0.2356385893926551,0.9185393258426966,1,5
0.09809623551978558,0.99213577293029798,-0.077741473158459889,-0.99015596681832152,0.10514027902721383,0.09239417243612208,0.099841323864034312,0.067912663017145963,0.99268302103491102,3.5798999413386769,7.1352941326765302,-3.0011485898950321,,0.09628817732877905,0.1739130434782609,0,3
0.22636755797142619,-0.92802519075932288,-0.29584958004732093,0.97399095784142009,0.21255394138344189,0.078501184994357792,-0.0099670828835276074,-0.30592493739230775,0.95200346109681067,-0.057521311725436182,-10.651023040654518,-1.9291178369575626,,0.06945473118006953,0.1379310344827586,0,5
-0.83959428913009748,0.49364418705822888,-0.22670872555714899,-0.51506391588952727,-0.85604722575011927,0.043500687742502445,-0.17259951392942108,0.15329241295362606,0.97299067000777695,12.145735565110042,1.7335992227241006,-0.16705813945915207,,0.08504865730726216,0.25,0,4
-0.07133095495612829,0.99607108024664248,-0.052481405862787517,-0.99612796073149368,-0.068426708267785796,0.055198473208525813,0.051390472988325421,0.056215555604504752,0.99709519635494892,-4.79218650299629,13.029719054036367,-5.7378659242757957,,0.3714216694092933,0.3529411764705883,0,3
0.78978536517208286,-0.53645917927492148,-0.29740649947786468,0.59336941401309085,0.79104696288839427,0.14885375715382182,0.15540854376050595,-0.29403443926983286,0.94307578330138131,2.6555539618179718,7.6978932703022274,-3.2748961189614207,,0.0774733353091369,0.4736842105263158,0,4
-0.89874338243802843,0.39202100996075073,-0.19641756610141542,-0.36819989089066774,-0.91798716822151449,-0.14740556071174818,-0.23809488207845075,-0.060158845816699086,0.96937698569650954,7.5459916413315034,-2.6087185799424697,-0.82086368867929904,,0.2286106101243928,0.2391304347826087,0,5
-0.96747185971859662,-0.027734703254669261,-0.25145374701526063,0.088101754412521119,-0.96868682866614497,-0.23212907796775972,-0.23714190165821622,-0.24673186702187841,0.93962072362939209,-7.4957241591285033,-9.2075164326781032,-4.0015966054532948,,0.4983019604880347,0.25,0,2
-0.59781485287773584,0.77157672576723124,-0.21745518603401998,-0.79659115550021053,-0.60215947891791066,0.05335253441168937,-0.089777127697487941,0.2051178154223316,0.97461107583423234,-5.3607640344617407,-7.1253145233398945,-3.6526449856923722,,0.0829139144028094,0.3839285714285715,0,5
-0.58832215657557729,0.79437858290491625,-0.15112811487026132,-0.80339116533724841,-0.59544692531168542,-0.0023652896055562271,-0.091867706732669807,0.12002344003917412,0.98851135466460016,-13.663041030999286,6.4858227158008503,-7.1788081918114983,,0.3020742436336542,0.6368715083798883,1,5
-0.53996974712653412,-0.79079829071794105,-0.28821994307419141,0.81864377069122396,-0.57301054337128188,0.038487581033420926,-0.19558897948647985,-0.2151673315885376,0.95679045277453845,2.893741024309747,0.57195973755696716,-2.4528686124231256,,0.07523536960283926,0.2678571428571428,0,1
0.84268032889751399,0.49612521864161102,-0.20916412387642064,-0.47861670789645344,0.8681896535927508,0.13104492480390065,0.24660882022250971,-0.010319535954322554,0.96906016168561415,-24.798806296974551,9.5454168885469546,-10.206316241789773,0.7240034418023642,0.2770038213492111,0.8958333333333334,1,2
-0.13933051689824191,-0.88714526961662488,-0.43995485865906342,0.98269663815060504,-0.17862842026009809,0.048981678645007388,-0.12204230589582304,-0.42551751793813336,0.89668306413102439,14.265224337595578,-2.5249522607133561,1.0115113089355174,,0.4647029466288395,0.15625,0,4
0.91383266049918799,0.34955115465243308,-0.20669750575690732,-0.30992522658325194,0.9292239623416948,0.20121923799011149,0.26240469228330487,-0.11981994029022031,0.95748992651440068,-2.7925939009437957,7.0299592587521857,-4.5242413465593776,0.3338823990064174,0.4394573157322911,0.182648401826484,1,5
-0.9164681011105289,0.37239342170628564,-0.14631937368901321,-0.35060732150713336,-0.92365083531584635,-0.15473732751321817,-0.19277117458908202,-0.0905111810232508,0.97706038726238487,-6.2508698785971042,-7.6483344399029995,-3.7562052186235992,,0.1934599030004039,0.2127659574468085,0,4
-0.20881887356337181,0.95607268469221351,-0.20571752387472406,-0.9777251519719844,-0.19954494111896401,0.065079518092787683,0.021170858392726109,0.21472502895389789,0.97644506076668891,11.823370657030248,-9.514063208849981,0.92898154888057483,,0.07976989681007182,0.2727272727272727,0,1
0.61252536608802599,0.76617849185534692,-0.19437899710873552,-0.76324083125543429,0.63724436942120455,0.10669136396863192,0.20561154978075841,0.083006820558551797,0.97510704968096551,-2.0107411183246842,7.3319208726814127,-4.4108661769817736,0.2445650159755073,0.09195652077649594,0.3620689655172414,1,5
0.91489917741150772,-0.30568388046349293,-0.26366050215481235,0.35176588744733855,0.92411885954453843,0.14921492506612355,0.19804104524096341,-0.22926338272581459,0.95300474591734541,3.9937088559301954,-3.8306657315309263,-1.624827797247141,,0.07428151927194908,0.22,0,5
0.080082671865049054,0.99334509205452226,-0.082778582726133906,-0.99048230250947,0.088627596507939471,0.10530886739854682,0.11194451340951792,0.073557305744694088,0.99098826869397794,7.4276572708714141,-12.27887358099782,0.10444244918154592,,0.1181173351674654,0.25,0,5
0.0050643436592663045,0.997387173326583,-0.072063714218114416,-0.99710714702781411,0.01050207320225114,0.075279770220877867,0.075839895631220774,0.071474001861262543,0.99455506498563573,-14.658110569638803,-1.9926205291078138,-6.5435796213759199,,0.1597676700262414,0.25,0,1
-0.97434073472296068,0.011193527818983058,-0.22479954980934969,-0.00033482157430638751,-0.99883358711079095,-0.04828408799908121,-0.22507780999919577,-0.046969886037282339,0.97320799896610477,-15.607272356995711,20.330970011886869,-9.2132903106364115,,0.2332015932157604,0.45,1,4
-0.66253590014030095,0.71785371404272347,-0.21385094402491731,-0.74130637380864783,-0.66930699863409493,0.049929968256476616,-0.10728952034543825,0.19160946431344902,0.97558944849232476,3.4776575122790279,-16.130383660589548,-0.49046904166573341,,0.09655955318034563,0.2142857142857143,0,5
0.24546839833175954,0.95401081338429283,-0.17207159372273104,-0.96053013029190915,0.26332199469178685,0.089684981535078159,0.13087067747149944,0.14326512156620216,0.98099335916242192,-10.556871827089749,10.448551229364273,-6.8600912001950576,,0.1136547252181074,0.4453125,0,5
-0.72236098501684942,0.67180712068244008,-0.16392010226283643,-0.68023165030409594,-0.73296966998373658,-0.0063533305046298335,-0.12441667593235069,0.10691424359880335,0.98645315918478493,8.7700387950133791,0.35219912605713932,-0.8141373692422601,,0.2198611476168627,0.2666666666666667,0,3
0.61565064610092746,0.76575243493001288,-0.18600400628552585,-0.7594985406027136,0.63953023939490206,0.11900856995127272,0.2100862888859191,0.068002068338066407,0.97531506187687189,-8.4958859960186768,-9.4354134271214836,-4.1301952105445672,,0.06681016117574119,0.3333333333333333,0,2
-0.91564024878103056,0.37678348386060279,-0.14013258401270906,-0.3722276359514452,-0.92630038825788941,-0.058430965654195838,-0.1518206897830808,-0.0013405234613056507,0.98840714341340086,-15.831346748289155,14.022307887137309,-8.5409788867385981,,0.286767548771643,0.308641975308642,0,3
-0.50286083954833138,0.8620060583511151,-0.063847720513115935,-0.86327841839831909,-0.50456196634595996,-0.012945827312106296,-0.043374512982207999,0.048608409592087051,0.99787568070400634,-20.754856800520173,3.7387773042759185,-8.5928385049802039,,0.1853726621889298,0.15,0,2
-0.33092007950396046,0.92269816971748719,-0.19778773617465104,-0.94343903654086969,-0.32801733291165774,0.048243275597332387,-0.020363823607808737,0.20256533985241307,0.97905699414209202,-8.6724427615233797,6.5142157389736992,-5.9031719922249186,0.3739129979890479,0.2320060902509871,0.7379576107899807,1,3
-0.93733227813105968,0.31313845890714126,-0.15281526732266285,-0.31478997846945461,-0.94905955557593435,-0.013900698730960261,-0.14938363306880947,0.035075141101200503,0.98815700404737949,-9.691596356699236,11.472062456679353,-6.78267982892483,,0.4725848104517625,0.5266666666666666,0,3
0.31038993323659153,0.93787270392205169,-0.15508991128801705,-0.93841102570812718,0.32835400534670683,0.10755646889981392,0.15179866987166227,0.11215363752779374,0.98202786386867835,-19.335147984136899,11.433058310541625,-9.0912593648063655,,0.09100475306056073,0.2068965517241379,0,3
0.88286716199067672,-0.37678025542837118,-0.28032519222834928,0.43641959334205144,0.8787068773487331,0.19342223824368948,0.17344599397417149,-0.29310554893991897,0.94021573287992888,-3.947727491153926,-14.235930015787369,-2.5924751900654139,,0.1662191456408895,0.3214285714285715,0,3
-0.49009163652877308,-0.81723410795758256,-0.30321378694795786,0.84818143082212905,-0.52731240175840299,0.050298025411630788,-0.20099365217109047,-0.23252966207036335,0.95159419294380287,1.7179725601908147,-4.6235570301223889,-2.0520083797171003,,0.1125612739645011,0.2073170731707317,0,2
0.56706289995683024,0.80461242442176106,-0.17617750696012816,-0.79812262382890298,0.5896179560139434,0.12389892363700071,0.20356803488027678,0.070352771175524811,0.97652984734871628,-23.305888401235972,7.6012254427006569,-9.6159599426646167,,0.1913008831063435,0.6296296296296297,0,2
0.86082733161130631,-0.39459302657071338,-0.32136062069382881,0.47543873761462629,0.8487852699671824,0.23134729793569811,0.18147813071102906,-0.35193736497919947,0.91826236948114615,-11.152890674693552,12.294604912335403,-7.1737373280711845,,0.4403875453278535,0.4117647058823529,0,5
0.54762441703031395,0.80952267970377534,-0.21161410377720338,-0.8132662672702794,0.57443317838137486,0.09286819743561138,0.19673707427040035,0.12124171979929886,0.97293112242729329,-18.556252558649241,8.4128626217299995,-8.5444909374736646,,0.1115119415168659,0.4927536231884058,0,4
0.64417854363474403,0.74280710671097683,-0.18240506062137413,-0.73641306236254311,0.66676336295474481,0.11455312917201681,0.20671189008482607,0.060532801363778886,0.97652750829488266,7.7291459017259969,-4.4266324694698334,-0.53988944234621128,,0.09966183143935221,0.3684210526315789,0,6
0.89751464910143797,-0.27861743354167828,-0.34181834411711959,0.3655927924725324,0.90355579737959568,0.22344760261380769,0.24659554890641724,-0.32551381959660414,0.91281508998875072,-17.096139485452131,9.5657109200337551,-8.2907525961376063,,0.2729266345188077,0.1333333333333333,0,3
0.7700803571175987,0.6110415436665303,-0.18331523530588886,-0.58498074414512924,0.79100028065032324,0.17920961188094442,0.25450692045805046,-0.030769919153805614,0.96658131552095816,8.4884978957980213,-5.566594634500416,-0.259262048513482,0.8311319490851284,0.225726874895471,0.3414634146341464,1,7
0.79409006047466291,0.59198733829923056,-0.13773876414698694,-0.55867719431433738,0.80017273407774192,0.21818200702994067,0.23937578910242222,-0.096304656854925924,0.96613904002459638,-19.562904487339395,8.6948613633043355,-8.7919057840383132,,0.4241498250554121,0.2,0,1
-0.5342807522890437,0.82811875810431035,-0.16959776003599933,-0.84240930926103208,-0.53822114516870323,0.025778955829155389,-0.069933063738156401,0.15664393179777156,0.98517614933936093,-22.80943506220007,6.7730533239728068,-9.3817912722126344,,0.06195553334294003,0.4285714285714285,0,1
-0.58782280283464039,-0.72720939610889668,-0.35444441973116397,0.78147989638644044,-0.62371582563804484,-0.016362774596356624,-0.20917343046253806,-0.2866096004316438,0.93493390832130352,-18.765073836032872,13.510287601376771,-9.1836985063390291,,0.1210009744736603,0.358974358974359,0,4
-0.22144796185286478,-0.93456162747066518,-0.27848763823658934,0.96693142521459285,-0.24748031257973602,0.061620725554901744,-0.1265085733208958,-0.25563266486272357,0.95846101722057209,-7.1010318959068188,18.036274122287942,-6.8626871564589438,,0.242521720349699,0.8163265306122449,1,2
0.84217666369155031,-0.45696003298173227,-0.28622717444488599,0.51126329443565,0.84539790749811539,0.15463577128405234,0.1713134871986885,-0.2765680861110727,0.94560128111624475,-2.4942408341948243,-9.2410819422463533,-2.6643269237210716,,0.08550362216931283,0.3846153846153846,0,1
0.64990502311758203,0.73851291143824083,-0.17950526612204909,-0.72861297948476655,0.67261501751368868,0.12927553651558046,0.21620959056634337,0.04677304623469597,0.97522597129745303,-25.138687868244688,12.186626749159943,-10.569765030147094,,0.06828199704722213,0.2,0,1
0.49102605181165482,0.84714021733101008,-0.20309325105139689,-0.85080149264530092,0.51643325958146225,0.097126250368236827,0.18716366248496349,0.12510052189512968,0.97433034586159739,-3.6505053077230332,5.5988601871416828,-4.5863310476067332,,0.06540197913367146,0.12,0,4
-0.43103749161095389,0.89475119234302614,-0.11673467619550652,-0.90031906093438785,-0.43510160429754124,-0.010591621968691286,-0.060268311275151989,0.10053306788534218,0.99310665737251136,5.2391313854030068,-4.1917954644169644,-1.1927531514184406,1.123155099702445,0.4057361441475151,0.2987012987012987,1,2
-0.4765261056491682,-0.78964011037779447,-0.38651179376234179,0.85545228466202672,-0.51787094231354536,0.0033280285155588476,-0.20279117165536892,-0.32905650455480467,0.9222784598529975,6.8342661057654572,9.2309718280791486,-2.3614272440295982,,0.6102659262112021,0.1333333333333333,0,3
-0.88632605733620828,0.41804042164457378,-0.19916908886190185,-0.42052777523671581,-0.90672413027472565,-0.031744949708607209,-0.19386209103718932,0.055619757719453239,0.97945083195121085,5.8346247204886197,0.85229109442615714,-1.6769954060677246,0.1199172481372213,0.09689867615259573,0.3518518518518519,1,5
-0.75298161116345741,0.63992018732540135,-0.15336507784729533,-0.63813627491758107,-0.76698589126247629,-0.067191794429218993,-0.16062623659912256,0.047273633853640737,0.98588255672685199,-2.7817397938766533,-5.6585656536593287,-3.1055949399882263,,0.1635386305072969,0.303030303030303,0,4
0.92685744490614885,0.34414632736510847,-0.14999527386938952,-0.28917251820871143,0.90927009837462103,0.29934452210561696,0.23940453532645958,-0.23407518784124767,0.94228142022551165,14.785763543211143,-4.4770129213787557,1.2688161739269319,,0.6866986094186526,0.1212121212121212,0,3
-0.4761790356580568,-0.79394720215284997,-0.37802297045738498,0.85836520768553315,-0.51302539019471816,-0.0037575591185254084,-0.19095207837238917,-0.32627103642404293,0.9257885906382981,0.23767019184766697,-8.7820058431375863,-2.0922631252615989,,0.2707561142191766,0.1739130434782609,1,4
0.96826168695952086,0.088758204309522137,-0.23364778349912205,-0.050782083177830784,0.98518466304743357,0.16380585985927151,0.24472532683484838,-0.14674181702522479,0.95842389032291597,-6.3979966691749928,-15.995620984240359,-3.0382505984279118,,0.08009566742850352,0.5,0,1
0.67033444734862113,-0.60746127054307619,-0.42619541701901198,0.70578299646608844,0.69929968486733562,0.11335921949181658,0.22917698531302746,-0.37679006825371048,0.89750050354760025,-6.1478319022075398,13.465653306006327,-6.132287531850519,,0.2767391017133079,0.6666666666666666,0,2
-0.69728684705677435,0.68995447319043701,-0.19430357136740484,-0.69194196562206489,-0.71866827971267555,-0.06879113275630977,-0.1871025631376951,0.086479643034238149,0.97852639320969514,-7.5015136698092286,-2.184308457163239,-4.7073705321852746,,0.1815608613062474,0.2136752136752137,0,2
0.95794717944645857,0.15877629134045307,-0.23901316009530765,-0.14171216877032619,0.98607085419931739,0.087074288518702858,0.24950924354216661,-0.049541495807043347,0.96710432610976138,2.9819120399613146,-2.5428361106080017,-1.9797870154947705,0.4058560231448423,0.2867801411649132,0.9347408829174664,1,5
-0.32399553991139174,-0.87325884246321772,-0.36393115307338864,0.94366222539247957,-0.32566912949403565,-0.058661933670051895,-0.067294089523807582,-0.36243428667055994,0.92957672806539415,-11.109604594397085,-12.723638135211132,-4.4764189710904789,,0.3772960724746204,0.2156862745098039,0,2
0.52524412038361012,-0.79403765691926642,-0.30597845250377892,0.84829167908894609,0.51699050754771048,0.11455148315938959,0.067229764174083162,-0.31972646825015966,0.94512176163147121,2.2376930581064509,-3.4541629178558915,-2.0913199790379098,,0.06645803228434397,0.2528735632183908,0,2
0.96456473299435785,0.15271622353304426,-0.2151572237535381,-0.12124265210728154,0.98081751898664271,0.15263424831564359,0.23433970037856902,-0.1211393805444544,0.96457770827849332,3.7361880057025041,10.207719097499796,-3.3058445841418149,0.3852226388907357,0.2021784929304193,0.46875,1,5
0.89523948238844331,-0.34973346873779193,-0.27610282508062756,0.40341145955922769,0.89929308885529347,0.16891161781653419,0.18922331639934165,-0.26259939295767082,0.94616916846254162,-0.38591336050239783,-3.4007698911205404,-2.7630676568242092,,0.09280725593509496,0.2291666666666667,0,5
-0.4600533906532302,0.88234773163661206,-0.099062395611005646,-0.88788139937470711,-0.45665034767236062,0.056009647518302987,0.0041831080405182125,0.11372308669059811,0.99350367949025964,-18.816383567846106,16.097979922744273,-9.4629198816627262,,0.3291202489913855,0.4347826086956522,0,2
-0.31601866331867973,0.94037216486351816,-0.12582684921818549,-0.94866383037818258,-0.3113796906726326,0.055494370604700298,0.013005436035409806,0.13690463756395063,0.99049885353139777,-4.3366008218267709,17.491126738745304,-6.2173745860023404,0.2348150230481539,0.2008499497404833,0.2758620689655172,1,6
-0.95533995063806576,-0.12765957187770896,-0.2665119367361577,0.15827310861175348,-0.98265333297042634,-0.0966542823287459,-0.24954999860795388,-0.13451937001827244,0.95897306389942838,-18.1942922806222,21.38330705070226,-9.9955651152365821,,0.3050802513089531,0.1818181818181818,0,1
-0.65090998822732338,-0.63840031304472733,-0.41080558361626474,0.72803719512574927,-0.67827915199016797,-0.099494896798431307,-0.21512328962559477,-0.36384396694172749,0.90627784811324275,-7.2755625979038703,-5.4460821284188681,-4.2625051738874919,,0.3476864154936212,0.2622950819672131,1,2
-0.78031395016250549,0.62200654389571175,-0.064946120228223755,-0.6074459499512882,-0.77852598163074316,-0.15781861047945192,-0.14872645047053357,-0.083696805654694978,0.98533003996307544,0.62049139515927298,1.0347419405406721,-3.0118849037340065,,0.2118484346612478,0.3838383838383838,0,1
0.96200453966957977,0.13935931542912003,-0.23478979291750765,-0.11437074314287969,0.98653107874183255,0.11694342131740929,0.24792458282321375,-0.085647019093501905,0.96498600474428242,-25.793656260377073,5.5917497090878232,-10.015563645187241,,0.06388215730431011,0.2631578947368421,0,1
0.96929015914208405,-0.043240347950036,-0.24208853690224841,0.067970369564033156,0.9931780589989555,0.094748994635271075,0.23634004369052714,-0.1082941154090364,0.96561678129376571,4.3506075681278613,-6.0090182474273606,-1.2448205230891665,,0.07981671407057644,0.3283582089552239,0,5
0.96427830668401038,0.10627007426555075,-0.24263968878608921,-0.037666289521543946,0.96169841992873073,0.27150948370224665,0.26219953831442022,-0.25267136842581822,0.93134772329432791,1.9982036361936286,-10.313978953051272,-1.4567851047736704,,0.4121666272170389,0.5135135135135135,0,4
-0.95221959478962115,0.19514202859671365,-0.23494133730327293,-0.20242384179622391,-0.97927268136743484,0.0070429965137995144,-0.22869724871792449,0.054264207380145896,0.97198403496469921,-9.4474719182560438,-2.9719787597707907,-5.1176057005931712,,0.2712234001770152,0.1692307692307692,0,3
0.56185763755399598,0.80902079763607149,-0.17263065809565159,-0.80266866013557281,0.58364795217524412,0.12279287421430131,0.2000975191210716,0.069573104817446482,0.9773026992327678,-6.6139844434604989,-13.879249409938485,-3.2631831970220246,,0.110149028203644,0.2093023255813954,0,2
-0.69007675560310722,0.70840193351378344,-0.14819167307990805,-0.71306136190570135,-0.70053112735740519,-0.028277796246333919,-0.12384492534405982,0.086155906340167912,0.98855429505375592,-25.702377056139678,16.745243727700693,-11.260916834377198,,0.2966838393763105,0.44,0,2
0.25544414782844777,0.95771095984679422,-0.13243113202541137,-0.9572507830768564,0.26975886372374935,0.10440830302815332,0.13571744780589234,0.10009931484183858,0.98567788933771427,1.5946345503083743,3.2329139925842543,-3.0133463349772764,,0.0743683034725101,0.3188405797101449,0,5
-0.9358420691664926,0.24982902195542633,-0.24856605031052406,-0.23216369809175069,-0.9676759746127036,-0.098504951376661321,-0.26514079065006457,-0.034477064059328016,0.9635931159920712,-11.777967327876896,5.9217710986603853,-6.6391450228579947,,0.2188129124205367,0.2612612612612613,0,2
0.50415530327144908,-0.69749332316161472,-0.5092450238620303,0.86145510426916905,0.4478203364722998,0.23948287949335989,0.061012568474602666,-0.55942828886891571,0.82663018097655272,-0.6496260291297814,-6.4065308379782868,-2.5202782822396168,,0.3152482753621439,0.3414634146341464,0,1
0.09246347070152118,0.99524901167143054,0.030494447902334177,-0.99003858809061585,0.088627318458811249,0.1094019767387187,0.10617956807864487,-0.040306366616698876,0.99352971577743532,5.3271167165271356,-2.9597555720718196,-1.3529374486788268,,0.4944086342065442,0.1594202898550725,0,2
-0.9481738146699884,-0.1558232560804636,-0.27692152324917746,0.19543045082682811,-0.97315504853688883,-0.12155735435089442,-0.25054611564297941,-0.16937639850831773,0.9531727438216886,-15.198987190405807,-3.9534572783507937,-6.4229939793340929,,0.6263142398831916,0.2941176470588235,0,1
-0.78601592962782507,0.58582364903592188,-0.19745787044720389,-0.59530197535627394,-0.80338359947974192,-0.013796746859083045,-0.166716875295292,0.10670259751858169,0.98021428227432184,4.6452430652535082,-15.39898541060589,-0.29259495581695055,,0.3543606330236611,0.8828125,1,5
0.93344189878535044,-0.25210992025185275,-0.25519954878996798,0.28892192807399286,0.95001904220840427,0.11827061731230022,0.21262723501472094,-0.18413149527451969,0.95962766288699908,9.556454722627123,-3.6246367233023133,-0.18776135542274525,,0.4438868864293714,0.4765625,1,2
0.80853184791783517,0.54773559854014353,-0.2150859479241764,-0.53685630796567685,0.83626907493100822,0.11153178431056532,0.24095965533680766,0.025293248227676372,0.97020549168413817,-14.423024040426025,-5.1214579135623151,-6.1261372272838424,,0.5416459540502714,0.9418604651162791,1,2
0.38039049583340462,0.91262886064907123,-0.14970515485445229,-0.91235626536600667,0.39680479919004974,0.1007571158139129,0.15135757571727396,0.098257386745849634,0.98358343327999753,5.2644412849455566,-12.347112229995792,-0.38335993850396693,,0.2273828956764827,0.4047619047619048,1,5
0.23281177410732826,-0.89428911819871082,-0.38215919576580976,0.97231001887319923,0.20583647188632206,0.11065520340314132,-0.020295443720145703,-0.39733904906611378,0.91744742358973297,17.409455064610047,-2.6310408056957781,1.7668485438706198,,0.6597955858343261,0.4347826086956522,0,2
0.8560523962091181,0.46984752732629859,-0.21544743212669973,-0.45949438861579189,0.88263406032983593,0.099106116744965847,0.23672600570115945,0.014156857385391595,0.97147330463257886,-11.009765393411472,6.5217083177992166,-6.4684738655852092,,0.07089493534790038,0.2795031055900621,0,3
0.25744681990591683,0.95748823867734667,-0.13014379629810341,-0.96185191962657346,0.2668259959919192,0.060371951878301779,0.092531181938879645,0.10963649327423869,0.98965540452802125,0.18414382814198299,-5.2579341272501026,-2.3659155847963604,,0.1675331352959556,0.3026315789473684,0,3
-0.81621607144702768,-0.51930417068539936,-0.25320841814665612,0.5260315276460612,-0.84922001954978865,0.04600206862967917,-0.2389187239082225,-0.095647983275174792,0.96631739436970732,-4.536633678857406,-10.902593306725096,-3.023807343465307,,0.4331138245655274,0.8446601941747572,1,5
0.42859384255051303,-0.81161084444545151,-0.39698256297515938,0.90267473278229393,0.40339954485559826,0.14982367638897962,0.038544064707806372,-0.42255963412142966,0.90551516314579894,-11.511053028788847,10.172916261639752,-7.073262947989182,,0.1139711708028774,0.4375,0,5
-0.1160036632559784,0.98148003770442049,-0.15244699307931434,-0.99178898374032753,-0.10614240135118178,0.071333038395507295,0.053830863289787936,0.15947014210545998,0.98573399653980798,-13.874350648897716,14.539796037985472,-8.1278811782702984,,0.2721561153383552,0.8275862068965517,1,6
0.27810686283876807,-0.90880669839387496,-0.31100957830330911,0.96054616182338204,0.26219261593709819,0.09276908512230804,-0.0027647510461867174,-0.32453877596134001,0.94586835185937324,-8.3783408081982458,15.817813444422379,-6.9498786555651613,,0.06537523882393292,0.2941176470588235,0,2
0.89687979631385251,0.38493301739673552,-0.21779165062478348,-0.36476433270665354,0.92226937252413677,0.1279303954852237,0.25010720211359988,-0.03529556093590825,0.96757460220343083,-5.8180153754865431,-3.2676039344040797,-4.1675070427593521,,0.1205183650652686,0.4901477832512315,1,5
-0.5567405916424697,0.82869987634603681,-0.057414532669491938,-0.82745089108480474,-0.559340250204866,-0.049633731914101954,-0.073245726568557726,0.01987459294730785,0.99711587295289983,7.5633282526442827,11.881993080439125,-2.5430969650885107,,0.1172451362066222,0.4545454545454545,1,6
-0.0035000443784809583,0.99906096172763204,-0.043185002503265998,-0.99676246381945743,-1.6538586858505056e-05,0.080402676864890471,0.080326461455198631,0.043326602432380616,0.99582652360325929,19.575361318404163,-4.4416400659738189,2.4007532890220027,,0.3682765728892323,0.3478260869565217,0,7
-0.546286623597805,0.81355363818375503,-0.19925210833536222,-0.83269271254465016,-0.55320522822699059,0.024224407884547883,-0.090519452899051861,0.17914924856191894,0.97964880206457516,-25.764119655253801,4.4787020807547107,-9.8841174442169262,,0.1331895989387847,0.3571428571428572,0,2
-0.79674366026777066,-0.50666319641282009,-0.32938115493127268,0.55662916596439849,-0.82749837711860663,-0.073555472018404386,-0.23529452059258202,-0.24194801356245174,0.94132759829524304,13.856062424333055,2.6309017723399712,0.16441042568497138,0.685158234421136,0.4610126410339461,0.2857142857142857,1,6
0.91756481828718373,0.35784274710101338,-0.17327253847280136,-0.30756909311940578,0.91503205068011562,0.26099348494904956,0.2519445518349514,-0.18618516207083646,0.94966258651446445,-19.450185713063984,6.649396105402805,-8.5712535673533523,,0.08146157299339818,0.2857142857142857,0,3
0.92188263857476538,-0.28982734841032004,-0.25716241717613353,0.33191171825426491,0.93313435557642332,0.13818424558709655,0.19991751293953805,-0.21274487668664652,0.95643745507150313,6.4192260697015655,-6.352178833389142,-0.66490084945416172,,0.6320906778484855,0.944,1,5
0.96934750256284075,0.11536887999611919,-0.2169226608808372,-0.027090727245521719,0.92770321023963687,0.37233432048144549,0.24419564241093739,-0.3550447510378264,0.90239221682591886,-16.906394674180209,7.8044901519473964,-8.0902933709009126,,0.09847585102357331,0.2222222222222222,0,2
0.15793489481855866,0.98299996301050208,-0.093635686145835256,-0.9813898878215942,0.16674754235306405,0.095232059731643906,0.10922663173498084,0.076852650185687474,0.9910414789902926,-0.32034367934562014,21.191076461058273,-5.7360027040619048,,0.1339113380645413,0.4,0,3
0.58180057658969486,-0.76231823085189021,-0.28351191155001465,0.80895515574654309,0.57848734123647338,0.10461334532574222,0.084259391589220481,-0.29021252719343582,0.95324553184843963,-24.950336634707675,3.6082335933723551,-9.6318679220311321,,0.07352083913446091,0.1818181818181818,0,1
0.39192610128514555,0.91919784567365326,-0.038330818414723467,-0.9044905606370528,0.39260301884754806,0.16661241043290836,0.16819856375694134,-0.030629889009079994,0.98527714529943078,1.0344915584913192,15.212835422053717,-4.4714240622544876,,0.1411656137258389,0.2173913043478261,0,5
0.70612423807326308,0.68042304194003667,-0.19599246006548621,-0.67209591035301386,0.73116989302775526,0.11695159176572155,0.22288034388928959,0.049143377243014173,0.97360632741418829,11.6651795533003,-16.440815364956929,1.5475021409830516,,0.5576093103245326,0.6964285714285714,1,6
0.50944427799048653,0.86048399111704232,0.0058162405416573963,-0.83936865273169248,0.49543153449121119,0.2236243713083802,0.189543642557951,-0.11880612636968864,0.97465804870369499,-5.0402946455151545,-17.351674262529777,-2.4810753190256469,,0.2614511097652791,0.25,0,1
0.90330351009741927,0.38156629202704268,-0.19608654577612841,-0.34849151407245249,0.91921063437906125,0.18331795946914869,0.2501927921926807,-0.09725725902561827,0.96329880738099782,-6.3237726606574904,-0.40774756796452011,-4.6253053781307472,,0.1143256120885282,0.4561688311688312,1,5
0.09019281665763286,-0.86206649264697288,-0.49870494090064033,0.99512195017748639,0.057911035501143904,0.079866239689520155,-0.039969489592954197,-0.50347559446564427,0.86308444875292867,11.804492344022238,-4.6200021641471505,0.55404451714405223,,0.2996825244869077,0.4242424242424243,0,3
-0.9602950984488593,-0.13945345546377441,-0.24163207083148133,0.13025522174031282,-0.99002446787401011,0.053713408197271897,-0.24671218272407808,0.020106883647097413,0.96888018460773795,-0.77764415567200784,-10.318584872925721,-2.171211096111739,,0.2236927321392651,0.6802721088435374,1,5
0.7940040434770046,0.57522500488495287,-0.19665648399499272,-0.55880452539324543,0.81799378642380216,0.13646855964683285,0.23936390985734785,0.0015359450372582184,0.97092870980862744,-20.434762894559594,9.8518662561934427,-9.1572709896978708,,0.0789842470131961,0.2692307692307692,0,1
-0.62466430448720967,-0.73195006916477845,-0.27210954218693839,0.75189184468474324,-0.6578505620292544,0.043488986357087658,-0.21083918183317713,-0.17743092821565426,0.96128305150795557,-19.290927537582366,2.8426099431380454,-8.1131744708603328,,0.08215293456764011,0.3461538461538461,0,3
-0.023245909137892051,-0.92166327533057224,-0.387293731701501,0.99331350893890413,-0.065113398396303465,0.095333720732831334,-0.11308360034874237,-0.382487976616528,0.91701420222151409,-14.342944531147999,16.216760462971603,-8.4127629759611757,,0.2923151779700465,0.2631578947368421,0,3
0.85905738450030733,0.50079546129411534,-0.10594487284764477,-0.45154577059594037,0.83887820773784949,0.30395685489794522,0.2410950584155718,-0.21327742151888979,0.94677659153458382,-21.812045794035097,13.006069940326453,-9.8772381459950402,,0.2315198719494339,0.2888888888888889,0,4
