axis_00,axis_01,axis_02,axis_10,axis_11,axis_12,axis_20,axis_21,axis_22,location_x,location_y,location_z,dbh,dbh_approximation,score,reconstructed,number_clusters
0.93225481719171233,-0.32475585613814778,-0.15948225520986864,0.34276414281858986,0.93386995680585017,0.10197865547886341,0.11581752121628408,-0.14973489132269058,0.98191942851737979,-2.0591628937063016,-11.593921698580147,-0.91578920221560289,,0.2109595004913901,0.6082474226804123,1,5
-0.56518867142734519,0.82476145999066308,-0.018174152091983264,-0.82437736537186679,-0.56548029986361836,-0.025179156631862935,-0.031043922959770539,0.0007513855350331232,0.99951773884561235,-1.923043348829711,24.470792662882541,-2.7527614745983895,,0.06709248662498997,0.4166666666666667,0,1
-0.65741050328843154,0.74306867407982136,-0.12514142306729895,-0.7519408270015614,-0.65770081716953466,0.04488460518635834,-0.048953272150697391,0.12360655603884334,0.99112309853517044,-1.5215128857232139,-6.5669271979395907,-1.0600011931518989,,0.07819115746927927,0.2592592592592592,0,5
0.8922942399240773,-0.36118674435682446,-0.27084151288019503,0.43933470399353008,0.8327931317807914,0.33680946769005787,0.10390383662421802,-0.41952322386211333,0.9017783859547247,2.6876897718436288,-5.1726206318598313,-0.42375376839563589,,0.4164181470309554,0.3191489361702128,0,2
0.46291634227952683,-0.84361881130181304,-0.27205837841952196,0.88613999039566871,0.43298128867249835,0.16517603058878441,-0.021549419298627439,-0.3175444927521478,0.94799847977234286,2.0852853260584037,-20.89296424525574,0.040954785453197619,,0.344975206704974,0.3870967741935484,0,5
0.90284773691626896,-0.33858981440886304,-0.26499604058125686,0.41857951197425181,0.83303092433286219,0.36173287279501459,0.098270830364704215,-0.43751161891281121,0.89382684408990676,-11.58000778132031,12.670347526743409,-3.5942952307990339,,0.2819089002849197,0.2280701754385965,0,5
-0.98774357613776465,0.037194872162102606,-0.1515888164853369,-0.037533358416215412,-0.99929517740564699,-0.00062882415421906259,-0.15150536229645536,0.005068520362183926,0.98844344061598111,13.346232028699902,8.1928063664453674,0.51328506324202194,,0.1104613728685972,0.3888888888888889,0,5
-0.95433600258415396,0.26460116415725554,-0.13866873511474173,-0.26801012007630726,-0.96339632400988695,0.0061723918313476541,-0.13195972760043359,0.043055160095643003,0.99031958653798091,6.100496544773212,2.909947946130524,-0.31565364468091972,0.318977154069068,0.1941321300130616,0.5957446808510638,1,4
0.35339861887957741,0.93327837758195042,0.064038161372809516,-0.93212000827406305,0.34551537584163428,0.10849615307546687,0.079130944321221156,-0.098033642159296247,0.99203210565778321,-13.017328496081429,12.373657394823091,-3.7710633836371659,,0.3410726546447054,0.66,0,3
-0.19284511979355315,-0.95367878373226789,-0.23088425072046839,0.97873835092775441,-0.20371002710329056,0.023947135127116791,-0.069871311673890588,-0.22135718266304019,0.97268648468478847,-3.3874599360664344,-17.08345897076947,-0.88390975780228553,0.4604001532785202,0.392067927229806,0.6111111111111112,1,5
-0.24562988278982312,0.96789882788724935,0.053271189729030402,-0.96893845636762077,-0.24677869083937914,0.016079350718670379,0.028709379174575403,-0.047666935312549924,0.99845061711900362,-7.9869600410848953,5.3734664803995207,-2.5642698408548998,,0.3034665936930714,0.2375601926163724,0,3
0.9816305338142145,0.13933950680686555,-0.13033033770554373,-0.10410508299729666,0.9636285230221977,0.24613451873352671,0.15988629327665205,-0.22804510839059522,0.96043313237381345,-10.237698607910735,8.9541343295398352,-3.1350806971929557,0.2566939145741906,0.2551329408822782,0.5587188612099644,1,5
-0.84291492932110923,0.52340199551204702,-0.12467867909790055,-0.52960642807210345,-0.84799258464002769,0.020630262728191035,-0.094928674657860215,0.083420186343196173,0.99198267083561964,1.8324156171807253,-7.0800286910841885,-0.48134735005073404,0.1717867271406937,0.1097643529831424,0.3333333333333333,1,5
0.90551979441557406,0.40919391581381637,-0.11222406685970593,-0.39666753604979221,0.91028724472262668,0.11845673446231464,0.15062791164244152,-0.062749273750728723,0.98659706105278511,-7.2883872983763318,3.6253513643647293,-2.3481898610176244,,0.1584813696020858,0.3512544802867383,0,6
-0.2719946036975423,-0.92823214882412086,-0.25377945828764747,0.95630082886530121,-0.29012916712890868,0.036246256256661481,-0.10727376319937146,-0.23283072020341422,0.96658274113425202,-6.76681146148288,-9.1097025424154179,-1.6515531053026808,0.2458427038717437,0.1757572743152351,0.559322033898305,1,7
-0.98383017378554671,0.1053906023324398,-0.14481370822234718,-0.092044232492688491,-0.99111874976773684,-0.095976471719219747,-0.15364259960679352,-0.081095282223097434,0.98479312892973769,4.2368464290681338,-8.0321128539565354,-0.097798002904539161,,0.3706426975107545,0.2857142857142857,0,2
-0.24043546499209226,-0.94933198639912553,-0.20238469994919897,0.96576109632505303,-0.25489541623445688,0.048309746508289758,-0.097448919948189661,-0.18383989333698447,0.97811379788794417,2.4116124144707864,3.3223543699959457,-0.92580251125512814,,0.07754712329864959,0.3636363636363636,0,5
0.84567810760738504,-0.50314105407309484,-0.17798207218651721,0.52561153103059155,0.84300977032794189,0.11431117871541539,0.09252597884523503,-0.19021989075237475,0.97737164702117529,-2.8120566022405367,21.218230456016119,-2.7190435971935325,,0.08896068350165767,0.2857142857142857,0,2
0.53811288657576317,-0.80650977433846227,-0.24490101101796727,0.84284601016333405,0.51719705154872986,0.14872058707875463,0.0067174736954256414,-0.28644230442765117,0.95807394379626476,-1.2475840390242643,19.77586821779099,-2.3751141490842622,0.2381530649024653,0.1817836067368077,0.303030303030303,1,4
0.48066141237121873,0.87680901114635479,-0.013060039427848506,-0.86500672783188215,0.47653150293207058,0.15710215631519059,0.143972106544587,-0.064215922370184933,0.98749599890392514,-13.166459417771758,-5.8512931393141629,-2.8006690782997126,,0.2277881559705783,0.32,0,3
-0.98438792711157508,0.097109543292481781,-0.14679967833241081,-0.10213242242534448,-0.99440278568907148,0.027056757073659336,-0.14335053974961043,0.041627351769451502,0.98879612981552223,-9.2361678873005495,7.7007214698773696,-2.9067979724648283,,0.08820860793394988,0.3966101694915254,0,5
-0.98223586549446273,-0.090316749344882888,-0.16448583320188079,0.10206308105239734,-0.99269097341176549,-0.064403096143683433,-0.15746692358217693,-0.080046961807268696,0.9842746831464223,2.0000112357623854,-24.125219944657108,0.28644979191460651,,0.2074040764277827,0.3636363636363636,0,1
-0.99389028797047807,0.0078163819565470801,-0.11009541158045684,-0.0081808708392206355,-0.99996244807343104,0.0028593347658870311,-0.1100689276329737,0.003742541396002024,0.9939169102865828,-9.394254617649624,13.622642330686499,-3.3030975317450957,0.7019770955473781,0.3914703579338605,0.9358974358974359,1,5
-0.50668868467184502,-0.79726175376121666,-0.32808577051604143,0.84924860918980749,-0.52710076640811976,-0.030685205574515831,-0.14847012027574202,-0.2941742307571511,0.94414942956279169,8.7969015622035087,7.3357175852269263,-0.11731719520002071,,0.1468394887352222,0.1904761904761905,0,2
-0.3206208822866124,0.93826192015262988,0.12987231819465259,-0.94720760598352527,-0.31758825388424666,-0.043993774124444468,-3.1760221423327719e-05,-0.13712137027558488,0.99055425333751046,-1.4097355419314321,3.8276819747044337,-1.4832723660041944,0.6722652823375801,0.3758452966096735,0.1863636363636364,1,3
0.98840767516391448,0.0057363771953593051,-0.15171473776050773,0.0058122746410371254,0.99712371325207727,0.075567968967596447,0.15171184904470786,-0.075573768247077816,0.98553138986659072,-3.6634746026522,5.0534765799473504,-1.926013729266512,,0.1265958253714207,0.6706827309236948,0,5
-0.90190914098393038,-0.39223202623169973,-0.18086995053851176,0.39483481012357274,-0.91846603622786471,0.022926251559213146,-0.17511531664680471,-0.050736356728181879,0.98323977135876661,15.895878383545032,9.0308342005160025,0.89397125224334273,0.5699729821934807,0.4093342981968151,0.5294117647058824,1,4
-0.93307970998154344,-0.29001191988594888,-0.21273302786550488,0.31096402356736602,-0.94769218683104306,-0.071978434730069513,-0.18073082434259657,-0.1333139352935846,0.97445562433031518,1.2606021681219515,28.843467192991838,-2.4484625945009224,,0.3199448374284035,0.8813559322033898,0,3
-0.26815222622273938,0.96287996307645363,0.030928308677939158,-0.96322513914355823,-0.26854105007831941,0.0091123951136735382,0.017079663160112241,-0.027347415393830052,0.99948006682355395,12.665249929604766,-16.376322274955658,1.5176217381370756,,0.3419430954874397,0.1333333333333333,0,5
-0.16130720836798276,0.98296902608567416,-0.088044751602287946,-0.98529016645725498,-0.15530100440665476,0.071308385992940773,0.056420496374652629,0.098252184639653836,0.99356088681186139,6.1445872980079255,13.549125730443485,-0.87144936652098703,0.4698456425163467,0.3537402346525952,0.6585365853658537,1,5
0.10312757776935755,0.98582297942961761,-0.13235465965328932,-0.99119916292514187,0.11295750546813219,0.069027685568302577,0.082999530841594046,0.1240711698458984,0.98879594593280318,4.2759140188235794,6.0998818544947708,-0.76662569913495593,,0.06840367484289143,0.2307692307692308,0,5
-0.41261786556930946,0.89588422927827149,0.16473598496839095,-0.91090240549995649,-0.40545244380359297,-0.076584094093278474,-0.0018178744239052713,-0.1816583704214397,0.98336002145115042,-18.606252974234906,-3.0226165598290833,-3.8037545190658451,,0.06922126013055782,0.2727272727272727,0,1
-0.081234085552323143,0.9905525657388653,-0.11048365423277683,-0.99533410059254168,-0.07483236338060513,0.060910964435871996,0.052067759142417555,0.11491619511201648,0.99200968571827119,-3.0393608500607541,-12.124822037464762,-1.0198445692248246,,0.07661945236010188,0.3793103448275862,0,5
-0.60071698976722676,0.7918025999031415,-0.11039810230084604,-0.79827132726335892,-0.60160900025116726,0.028801022308019324,-0.043611767611479953,0.10542890307414449,0.99347006000301075,-10.344636585784778,24.144481395917175,-4.1776058781778973,0.4921066545168692,0.4496443174340444,0.925531914893617,1,5
0.63966808989328139,-0.737908845505582,-0.21520982899695701,0.76723998305788177,0.6299154273983123,0.12062073919082993,0.046556881012600651,-0.24227482339322887,0.96908996836215255,6.8626813473917299,-7.3080715943879762,0.25004616279867614,,0.1417346465818132,0.2702702702702703,0,5
-0.88678984877547151,0.45372265643629622,-0.08797451417976658,-0.44931976315589495,-0.89094403075715012,-0.065806416827933548,-0.10823823052094755,-0.018827774552291246,0.99394667883096288,-11.788668911219602,9.988540541221326,-3.4136600409161608,0.8026003869605117,0.4885635908512719,0.1666666666666667,1,2
-0.3506766405773537,0.93637822844912955,-0.014889830081366569,-0.93604853507363439,-0.34997277588401848,0.036499261999915517,0.028966079125164339,0.026737042216841565,0.99922274635519104,-1.0981499475449645,2.1558771989461203,-1.3527445403161384,0.6993551107545768,0.4250800466840404,0.6745435016111708,1,2
0.74815249092887492,-0.5942857046269685,-0.29511413316367607,0.65486425548590865,0.73296617975342582,0.1841558748032649,0.10686747495756928,-0.33103637355084853,0.93754693865560512,6.3331060311979535,16.025067752091744,-0.9474114163597962,,0.7341405008543855,0.7227722772277227,0,3
0.19526110536324498,-0.91205959460111063,-0.3605834114714388,0.98047705108510719,0.17284026315607826,0.093760309980230203,-0.023191658581803311,-0.37185150171566456,0.92800248256350559,-7.7477626994182973,-11.205885184288263,-1.6852351157345524,,0.2836063452438549,0.2222222222222222,0,6
-0.94249327471596578,-0.26038494443618565,-0.20953784342247009,0.29284997332616242,-0.94551441667035352,-0.14227220737511273,-0.16107551098177841,-0.19545375048713093,0.967394702891469,-4.881394430972728,-19.360561052271191,-0.96437062870583723,0.2810621968853861,0.1719620040317939,0.2222222222222222,1,5
-0.98797132940798682,-0.013854829595695912,-0.15401524588393653,0.028104898673408825,-0.99547836893109276,-0.090735503860662675,-0.15206172081879327,-0.093972659253450677,0.98389347613167066,-14.73500344207123,-8.5362360219660136,-2.9467482546406809,,0.1678544896000294,0.2941176470588235,0,2
-0.56454535339520884,-0.72773213162017969,-0.38947976657000816,0.81320064017799853,-0.57121910946098486,-0.11141565330191536,-0.14139753453993456,-0.37962438487819589,0.91427132932837796,10.907059460830533,20.997740443842247,-0.48712152822261151,,0.2275594464209094,0.2857142857142857,0,1
-0.78340019481736511,-0.59710017383487513,-0.17249787583177834,0.60041048288866439,-0.79877907183612684,0.038200084214776331,-0.16059697007576121,-0.073643579509531348,0.98426888419755898,-4.9529933913643527,17.367802460131493,-2.825774967954422,0.1705964575856013,0.1060418149664604,0.3695652173913043,1,1
-0.89861261356476985,-0.402765864024339,-0.17399721123920767,0.40908017113821182,-0.91249832579980794,-0.00046796803195464642,-0.15858368240088652,-0.071599330927566165,0.98474603400414884,-0.86686572905221548,-7.546842621667456,-0.88336804194478213,,0.1160599428750102,0.3865546218487395,0,5
-0.86898416948031432,0.47914561420278057,-0.12363653821928609,-0.48451840784784456,-0.87463738583310768,0.015854203216109995,-0.10054066664389269,0.073681230264351139,0.99220091244542508,-8.3848199563859627,-12.003711962273709,-1.7651153708793941,,0.07718627386315345,0.3076923076923077,0,1
-0.54568205238163703,0.83657396500742198,0.048734985178256245,-0.83616381521571648,-0.54740957310220739,0.034246655310492549,0.055327857652912878,-0.02206264598409614,0.99822445763451373,-1.4021017092661237,15.499269351013846,-2.1528726828150253,0.6969784849426697,0.5076936219442237,0.9630314232902033,1,2
-0.96932817743906308,-0.014230271126812388,-0.24535766506535081,0.048982243372968186,-0.9894800342687029,-0.1361249485500628,-0.24083941591196151,-0.14396791714567284,0.95982790883362079,-4.9543851228891844,-27.168051639883952,-0.56990034378257126,,0.4028130734836322,0.2592592592592592,0,2
0.94206583648095976,0.31633617346647452,-0.11154992197226724,-0.29816091594513189,0.9420845287782954,0.15354741560618426,0.15366205757502568,-0.1113919476136704,0.9818247328666373,-19.601762662818434,1.4397962424492086,-4.1915430370964994,,0.1313186752600436,0.3103448275862069,1,4
0.2024118332906871,-0.96000352767081476,-0.19344941613635208,0.97839193895575149,0.1897321351422786,0.082164047373279453,-0.042174204560482959,-0.20590032480291176,0.97766374215051433,11.840141688591594,-6.2570483713341449,0.91234335848434223,,0.1012177647655554,0.1875,0,5
-0.56544005659217389,0.82383907352751395,-0.039581856075318972,-0.81934353949744954,-0.56656510426419637,-0.087636447405702408,-0.094624028052240045,-0.017122019723986952,0.99536582709863064,-16.562323069851143,7.2949299681504378,-4.0562970205470688,,0.4015951460439622,0.25,0,2
-0.97818110407604086,-0.135666888532015,-0.15734110392589262,0.13239041426175086,-0.9907074149904499,0.031170436226355527,-0.16010779443918016,0.0096598777932781904,0.98705226858603545,-11.19940980998946,8.9276964125188414,-3.2718571368537308,,0.07525294386999563,0.4946236559139785,0,2
-0.87564868447167077,-0.40834781159169187,-0.25785935342994276,0.45291225314755884,-0.87969783823199887,-0.14492137302257668,-0.16765999025358927,-0.24368787039617573,0.95525198219629082,6.5225171382637077,-0.66135921612531601,-0.098170465502211438,,0.5744882503347802,0.1875,0,2
-0.92046770509444142,-0.32909724273339352,-0.21079423308869377,0.35656500063231916,-0.92798278520780808,-0.10820975317425618,-0.16000188812088117,-0.17476542902770287,0.97152274323070598,-9.8714067872909812,0.98323499734836217,-2.6619036625944599,0.2056619406696732,0.2110163862861049,0.4690265486725664,1,5
-0.97598296304626631,0.18949918207458577,-0.10745843771660181,-0.16834094645826941,-0.96913717043117265,-0.18009572630740997,-0.13826995909800457,-0.15768070548333568,0.97776183885919421,-0.77497460993798117,-3.887438005669642,-0.99365149575755085,0.7738967682914989,0.4520940549484974,0.2112676056338028,1,1
0.30582170741337106,-0.90618433509909446,-0.29206683155706636,0.95078972299025899,0.27465996341385363,0.14339040119062565,-0.049719070092655526,-0.32154603918959096,0.94558773191629819,-21.40273056019635,-7.3360619915505216,-4.0483263953604736,,0.1892109700359879,0.5384615384615384,0,2
-0.39176726282475632,-0.90142251654319527,-0.18427115468171268,0.91191908270039268,-0.40702245988527763,0.052309690840343259,-0.12215563182134993,-0.14754715794575901,0.9814824694290043,-2.3780463538890824,3.103055475195637,-1.6348351393318676,,0.06687330253144061,0.28,0,5
-0.9515413707588769,0.27088697674813123,-0.14556533090875581,-0.28007760503236895,-0.95885177352454543,0.046473772906518475,-0.12698643586482181,0.084991306832473912,0.98825650661620146,-22.458262910401629,1.9648437696386196,-4.6692849505287324,,0.176706138872904,0.1764705882352941,0,1
0.90714251449755967,0.4187818732512617,-0.041402910854312476,-0.3885833397817855,0.87134748214607938,0.29959398091704448,0.16154085066966636,-0.25568595580096526,0.95316800490315901,-21.02215703391029,-5.5140696240580667,-4.0561752351431695,,0.5296314667530896,0.2619047619047619,0,2
-0.83211713672774112,0.55457661851198659,0.0050837942363593522,-0.54713884636675036,-0.81938957386968114,-0.17099651759648582,-0.090665062513012762,-0.14507067392645007,0.98525851734762404,-29.812163235020691,3.0667607310664531,-5.9510279248632969,,0.531259585964691,0.28,0,1
-0.70169734740167733,0.71247503496629938,0.00039648356747344214,-0.70967034240010518,-0.69888553552762234,-0.089033776444588542,-0.063157246355158417,-0.062756137389406649,0.99602852843319434,-10.714047145149472,-8.5213279266881266,-2.2616523974494225,,0.2604201041448096,0.25,0,4
0.51280458418099151,0.84653616262048215,0.14285651479281347,-0.84769803045631431,0.47296947984592491,0.24022472873282905,0.13579214853387672,-0.2442875283555512,0.96014795520611806,8.5868688124882819,0.20196411046577054,0.22551325079770271,,0.5456739804366848,0.4193548387096774,0,1
0.59201502291454344,-0.76632373474219329,-0.24953185410738588,0.80510193380715311,0.57635312552587292,0.14009978899534492,0.036456670493552029,-0.28383975808074252,0.95817842957832788,7.6829184426486821,22.183849412368993,-1.07038106208642,,0.07466083683076824,0.125,0,1
0.28267586385771304,-0.92271681661283078,-0.26208401769695777,0.95852692581195431,0.26137386039665245,0.11362146625895783,-0.036338526191629382,-0.2833326339150416,0.95833299540033856,-6.1265034726577436,-6.5678423087962816,-1.6751481648852067,,0.1317983637201581,0.3333333333333333,0,6
0.91855219792418064,-0.35694928872412957,-0.16985012501612937,0.38047338029464323,0.91490128064492449,0.13489126569739293,0.10724675554917529,-0.18852811979546941,0.97619428469468128,-9.8602294041619043,-11.011385838337217,-2.0428609814740759,0.4166822134888163,0.1785145240149185,0.3,1,5
0.93927832553748358,-0.2984312367573887,-0.16939605692859711,0.31663317860549145,0.94401985491117069,0.092573990621965002,0.13228627057137865,-0.14058915484826048,0.9811906196847624,3.3304489992434267,6.0604188456092984,-0.88207531076614965,0.618276602069149,0.3145498871572789,0.4342105263157895,1,5
0.60108466455268295,-0.74413159412691432,-0.29148824446575322,0.79834467833965117,0.57581372846945333,0.1763074719711735,0.036646972676445198,-0.33868380641572565,0.94018629997751391,7.5348074451351366,6.2420925455768881,-0.25162515869474217,,0.3332785724014323,0.5192307692307693,0,2
0.40888049309171115,-0.8795024864106249,-0.24349973052676566,0.91258723560637967,0.39438718107534348,0.10790407226675762,0.0011312724626118147,-0.26633461622735494,0.96387996784954644,0.60011268999845446,2.6287758810838495,-1.1362666919700808,,0.07442298955854325,0.2783505154639175,0,1
0.10137611140253146,0.99396852652646572,-0.041826454687302977,-0.99186969795658408,0.10423412428721859,0.073005134131733651,0.076924549478156357,0.034085416366594644,0.99645411237984227,-21.021991100516114,-2.5240415757001369,-4.157321447032813,,0.1537179784084276,0.3571428571428572,0,2
-0.64321836310534475,-0.73654518359173504,-0.20921598861439245,0.75100988739745267,-0.66011984916736155,0.015031093324326502,-0.14917870623968382,-0.14745500080728466,0.97775392422714258,-4.6510604422313904,-1.9485976633739484,-1.6881204268125896,0.4240480336808425,0.3588759516918508,0.8199802176063303,1,5
0.84374992869860821,0.51683872976399969,-0.14478876074139471,-0.51112315750166371,0.85603655398315026,0.077165640735902791,0.16382666353992356,0.0088963846919941567,0.98644902486280994,-16.944681606882163,-3.2134015149941595,-3.4930232376637633,,0.09480223504837162,0.53125,0,1
-0.23293114535989812,-0.88698626974445616,-0.39874608312325988,0.96458402434713608,-0.26290981225360088,0.021356277649920541,-0.12377698289912487,-0.37964955933807143,0.91681266930534866,2.0038086044948016,1.4382786075450462,-0.86974909300610581,0.2420014972769615,0.2868550609976089,0.3387096774193548,1,3
0.87944310664085801,-0.42432769628031958,-0.21569846627019454,0.46685712926992862,0.85731052817941544,0.21694026625450158,0.092866802635378387,-0.29148698846118321,0.95205624441317172,-6.3189636126443993,-10.618546853130827,-1.5517169933607404,,0.1313853935996054,0.3928571428571428,0,4
0.69213811437040818,-0.64831013800693615,-0.31723618266711556,0.72046364086445025,0.64696008541489702,0.24974945459858336,0.043324044457048315,-0.40141825174919121,0.91486961602979633,2.2430779097288922,-3.4633330468892054,-0.5943077888279793,,0.5463245299184319,0.2978723404255319,0,4
-0.74471068039318022,-0.62443716185763298,-0.23555091466498673,0.64843812921010491,-0.76050755082812038,-0.034003789787522762,-0.15790501921986833,-0.17806317986770567,0.97126696066559115,-9.9862170974606936,-6.2740963859160059,-2.3181987040532461,,0.1050781927574064,0.2692307692307692,0,1
-0.32297248695707415,-0.88720610951105239,-0.3294754799905843,0.94036715431571072,-0.34010881441010593,-0.0059673649733846925,-0.10676323221472901,-0.31175521424158298,0.94414527411847449,9.4510306007618343,5.9498870770932202,0.077754591637462428,,0.5168148780807146,0.1428571428571428,0,2
-0.80816010508314806,0.57497033623157945,-0.12761801207408102,-0.58173048833159491,-0.81312468506054969,0.020442247691156611,-0.092015669847477,0.09075989752598336,0.99161270539641333,12.076339527623428,9.9628505332527411,0.25179778730803282,,0.1589354491453122,0.5517241379310345,1,5
-0.56683909217702855,-0.77823565163660213,-0.270264156154079,0.8112787844135716,-0.58435506174244944,-0.018865200142497221,-0.14324865633003658,-0.22995310899775184,0.96260136615418745,14.655824990475365,10.780834639733397,0.61441669985591307,,0.1963314616008757,0.2105263157894737,0,2
0.070409730156378844,0.98803909235969356,-0.13719045837206909,-0.99463089953140427,0.079995278805473607,0.065651573219409523,0.075840909782615762,0.13183135946301638,0.98836665720039218,0.4043506550923624,-6.0415052419347868,-0.74534756603367402,0.3851497750742947,0.3700886600339529,0.8053435114503816,1,5
0.27143540765634283,-0.92530014657522797,-0.26484421499873589,0.96187379365769399,0.25122307338186445,0.10810075150120814,-0.03349066354957049,-0.28408908136081545,0.95821279959442063,-13.286866731796737,5.1909255631162159,-3.370052881287863,,0.07082791976017157,0.3333333333333333,0,6
-0.83906385661846683,0.52913375428275367,-0.12644886158120741,-0.53714639849586554,-0.84261950836302202,0.03828982513644457,-0.08628783865334376,0.10004915894047971,0.99123386478461117,-4.1834888988214098,-12.750825980573971,-1.1501349425354961,,0.07640798093521921,0.12,0,5
0.20814567992029304,-0.91923902684699732,-0.33417807745557698,0.97751454096709856,0.18370574000071657,0.10352547169017279,-0.033774222839357222,-0.34821230967927569,0.93680707152509435,2.8867514196575348,16.837280778101004,-1.5073724457145234,,0.2461215100856227,0.3225806451612903,0,4
-0.65797907804846156,0.7454005845829591,-0.10696495385816468,-0.75131186725251797,-0.6594230887246364,0.026299585213356708,-0.050931434066113723,0.097668616045498577,0.9939149010170466,9.0474449933899042,-6.5090165361679038,0.53311304191907849,,0.1151487295741856,0.3,0,4
-0.89197969654651743,0.44037685264112847,-0.10217851342956816,-0.43696579102765998,-0.89780273782414577,-0.054873868344043911,-0.11590133053746123,-0.0042978614870722359,0.99325143340761601,-4.2678935279226424,20.239801898069366,-2.8872862913207586,,0.1425686965600868,0.25,0,2
0.98649975117482702,-0.049826177779230367,-0.15599869531478816,0.070844579484164671,0.98868581120452736,0.13221729191205164,0.14764581433185103,-0.141483987541903,0.97886822135542151,3.0889634102729522,19.901161161642879,-1.6803376112880195,0.4831117408387324,0.3551466217472758,0.8586956521739131,1,5
0.65989774755176556,-0.71145930668909618,-0.24157942317502229,0.74921408125178357,0.6473342491193419,0.14013076168758731,0.0566852999476209,-0.27346667958376231,0.96020974371606949,11.758866932453374,2.5166868033159608,0.6056894052050219,0.2384807140449081,0.1352039535277634,0.5454545454545454,1,3
-0.50535309877831247,0.85259917091223114,-0.1330146582709352,-0.86277825769447691,-0.50195581717150484,0.060448619979035327,-0.01522903821126167,0.14531005253410179,0.98926895484883037,6.403548821741408,5.1420915382047729,-0.36834405118004282,0.3511712448534484,0.3201081278703524,0.8207547169811321,1,5
-0.44371391891225381,-0.84199916447350243,-0.30684746241325839,0.88077075659043347,-0.47292912811052945,0.024102160063605868,-0.1654111014975933,-0.25956780773150701,0.95145347794351698,-21.352152028881516,7.0452510381539897,-4.7780467520059942,1.027858241695976,0.3354528424911188,0.5384615384615384,1,3
-0.77177960971705317,0.63206293469368191,-0.069661184395631778,-0.63275772708136713,-0.77421579790762407,-0.014406841745559049,-0.063038820133419701,0.032959746004333081,0.99746667227507646,-11.886210624021709,-1.2791939037552942,-2.8504561076853276,0.1118687856418891,0.1543520068515156,0.2702702702702703,1,6
-0.99108891968198209,0.068577438102804492,-0.11419233015774975,-0.055089501374424553,-0.99156176717073119,-0.11734738481778213,-0.12127613170742942,-0.11001089431738749,0.98650377749381657,-2.2478798498854791,-13.786952946366609,-0.82637876958169842,,0.130243353313279,0.3,0,3
0.48218998307846422,-0.7910650961951452,-0.37644233794906312,0.87594094591435123,0.44262200745354552,0.19186770908223616,0.014841815571638927,-0.42225794498097918,0.90635420692518354,-0.71605022643458649,22.142341750241396,-2.4541558979006388,,0.2844092234461839,0.125,0,1
-0.95910555255344843,0.24952017373791577,-0.13362717522624057,-0.25138698696029921,-0.9678820420819948,-0.0029892143130865563,-0.1300812125103635,0.030725160910687013,0.99102716543939684,-6.4147207261880448,25.857442168997924,-3.5517144677731229,,0.5189864174455358,0.6341463414634146,0,1
-0.68368381929560684,-0.67723086557481538,-0.27190952529501539,0.71186845392205977,-0.70092347353300866,-0.044154145457024271,-0.16068521880991671,-0.22375128818223577,0.96130932664403157,-5.2025985738494454,-3.2764254460034619,-1.7436652145009071,,0.1016413848452198,0.2948717948717949,0,5
0.33110591202696033,0.94191529053229373,-0.056253537508848032,-0.93655916567105979,0.33531893816204167,0.1020692848383353,0.11500349654824957,0.018889022508995768,0.9931854814737936,-16.166919761110012,-8.9328181430163927,-3.1006865054599944,,0.1583927598116723,0.5517241379310345,0,3
0.21662992119677363,-0.93398571147931675,-0.28415166371984318,0.9758696657156587,0.1990048274252571,0.089863642244529265,-0.027383805036712377,-0.29676214282471902,0.95455872412743326,4.1751227914936528,10.94097209219877,-1.0159979970776105,0.3708676002247636,0.1995416083599032,0.7075098814229249,1,5
-0.59056418674272937,-0.7680933299957089,-0.24752086326813449,0.79001045280637483,-0.61286050581357987,0.016896297540884501,-0.16467369490469908,-0.185565721053288,0.9687352256300007,-9.8019524604663317,10.223145322157404,-3.1253633047313114,,0.1128143974389783,0.3586206896551724,0,5
-0.88550162695301138,0.44782911299524114,-0.12383841979557726,-0.45256369231330051,-0.89165667738765964,0.011596295518473977,-0.10522819519179369,0.066313311061167599,0.99223463541280543,-6.0779758382054903,23.543611271123719,-3.3989169357519997,,0.1212984095281002,0.3947368421052632,0,1
-0.95634590750736204,0.27717236184698463,-0.092617422886211734,-0.26226118420625188,-0.9538237870430869,-0.14642149613194594,-0.12892469295155815,-0.11573964359262252,0.98487702706906421,8.4510292611295821,18.574669589344065,-0.76753287800238168,,0.3091318158729345,0.2272727272727273,0,1
0.74986119143599494,-0.580650297777345,-0.31710160086204353,0.6578186017652381,0.70549960186816418,0.26371385806492675,0.070589522946517116,-0.40634411950333688,0.91098933901294399,-10.234160655044461,6.7971838766084813,-2.990278640442452,,0.5222553857215395,0.2139737991266376,0,1
0.85571853446379387,-0.46215483302298715,-0.23272021847839389,0.50828676881230839,0.83499319283348972,0.21078645253449593,0.096903820489593631,-0.29866248213531826,0.94942633802696408,-7.8639354140377442,-6.7865758296551721,-1.9503522423215329,,0.07220329448612706,0.3333333333333333,0,1
0.6667076685292942,0.73510792805995229,-0.12295209972846072,-0.72978260036818321,0.67737321002856365,0.092643890977509219,0.15138771721670841,0.027961910503466927,0.9880788888732065,-15.921110883218667,-2.8189232177842567,-3.3801822212339081,,0.07880293033037572,0.2647058823529412,0,2
-0.64221191456471205,0.76610027591697349,0.025577803483958435,-0.76509402952403416,-0.63861475838688564,-0.082476156294627831,-0.046850643301910383,-0.072536594973826987,0.99626475377371448,-22.064576523277623,-10.185343285941894,-4.0305069241691678,,0.5394192448185817,0.7692307692307693,0,1
0.9159314092913412,0.37892076993914414,-0.13224486221515216,-0.3648057677878685,0.92341974103219149,0.11921717015910488,0.16729137832620755,-0.060951062179155101,0.98402162717947994,-5.3713839880271976,-12.042407185956366,-1.3609675731000475,0.2278588434796784,0.2692230836103064,0.3478260869565217,1,5
0.892712922503057,0.4416250531913461,-0.089615570018788268,-0.41905833925774488,0.88671689277363852,0.19525178710681532,0.16569172065795096,-0.13674964154836014,0.97665029014576321,-1.8666971794202927,5.4957676541505274,-1.6522943985837708,,0.2241417706040333,0.1515151515151515,0,4
0.47159831859495399,0.8762621662247938,-0.098790900094323633,-0.87210754259218037,0.48004762561336711,0.094777166537089022,0.13047398228092494,0.041459536731645007,0.99058449753756839,-4.6485470185220512,-9.717777225293716,-1.3382500081586024,,0.08036463272453727,0.3720930232558139,0,5
-0.95571857586734188,0.26393330540072807,-0.13015841902215033,-0.26500348250685063,-0.96420217143962461,-0.0093448836458218717,-0.12796545628153283,0.025561355428824872,0.99144917121721388,12.254138328554765,0.8326962521038227,0.73758426974452362,0.5519029811446963,0.5591843988899891,0.9019607843137255,1,5
0.98310301672316192,-0.066533945054756127,-0.17053355290167652,0.093370762323119375,0.98356616240823502,0.15452994825837732,0.15744954510260653,-0.16784170614298446,0.9731591865804865,-10.385372712625614,28.287803025931559,-4.389250107687177,,0.1842928163106309,0.4117647058823529,0,2
-0.98179326040029691,0.15713830323934003,-0.10672182292116544,-0.15212111466751679,-0.98690306692588403,-0.053679632679412496,-0.11375922074657312,-0.036467658923293692,0.99283883362194669,6.5534952109506905,8.0025616550076233,-0.48989422193650423,0.4211211482905782,0.1446983454599004,0.2307692307692308,1,4
-0.97936106473083406,0.14813756851346821,-0.13750332972043536,-0.14379838237407808,-0.98875617852115427,-0.041027364805008924,-0.14203496089304085,-0.020407847293685746,0.9896512464767333,9.0452246445559972,11.364729752335291,-0.27391320631200738,,0.1764971478804954,0.3076923076923077,0,4
0.94834426846467101,0.2837695221855866,-0.14183795947761252,-0.2717359807852654,0.95732540069851768,0.098425778757870716,0.16371531760003064,-0.054799046122968695,0.98498444623614989,-7.4995712856655912,-5.050886654215196,-1.9808378411682066,,0.1151627040310415,0.5581395348837209,0,1
-0.75771711949474474,-0.62716552721217267,-0.1803556716636964,0.63485433997047058,-0.77240384422248243,0.018768815918646198,-0.15107856845113299,-0.10027812775978323,0.98342237276144362,-12.30224826526967,15.296732953757589,-3.8808553135941275,0.2343429512285506,0.2057051924092795,0.391304347826087,1,5
-0.79911729451981905,-0.56647066957542158,-0.20130208670080668,0.57731195754256237,-0.81650245975570812,0.0058853114831477439,-0.16769750528168403,-0.1115110475408258,0.97951152775179129,-14.022245195375612,-0.06263748895952094,-3.2254365523119324,,0.1451153672150658,0.234375,0,4
-0.99099132674183288,0.013241286386559525,-0.13326987152875255,0.014115375404548606,-0.97923116783482433,-0.20225497798084979,-0.13318012802084914,-0.2023140832361269,0.97022268847140181,-17.397121619744585,-0.18930307257514145,-3.7419473883059733,,0.2576960645504741,0.1428571428571428,0,3
0.21356313563190299,-0.87814312294749763,-0.42808345298444472,0.97636788615975356,0.17700453146949841,0.12399655928773941,-0.033114014782323363,-0.44444803009944728,0.89519238745965479,-7.7215246365928465,27.312398999766238,-3.8615046151946117,,0.7722282608487629,0.3709677419354839,0,1
-0.23026593608700927,-0.92066306314772406,-0.3152096490170051,0.96776007543741061,-0.25062433069403811,0.025057558810534345,-0.10206877616270038,-0.2992774114757335,0.94869120155772158,15.890296917401203,-17.813201632349653,2.1703494588627477,,0.1292859159601483,0.4285714285714285,0,3
-0.22594045760368725,-0.92375697250786626,-0.30923124900458637,0.96881002365934754,-0.24624681601507156,0.027742452299912315,-0.10177449422625412,-0.29331819129665238,0.95058213268472991,-10.11626162305895,-3.2923038332793753,-2.4523492347955496,,0.212615963252403,0.5600000000000001,0,6
-0.15407822848885269,-0.95512014932511691,-0.25299288499660055,0.98397645768437347,-0.17157771639222297,0.048491421514967929,-0.089723075229560384,-0.24146757047437256,0.96625213178577496,-13.170954595377266,7.4637167734411367,-3.4810002608228361,,0.08318046143326027,0.34,0,4
-0.55198283044203522,0.83078342807309347,-0.071511191685772635,-0.83337126781110793,-0.55255206806564727,0.013361963301991945,-0.028412759177996835,0.066970946801551592,0.99735029322720792,-19.372721886894269,-2.2536982772475804,-3.9463684115284212,,0.8903638808098783,0.6164383561643836,0,1
-0.45585379744339832,-0.83323815942689894,-0.31290810956462339,0.87868087854691257,-0.47732419690626332,-0.0090291042643315909,-0.14183521788490577,-0.27906232408310483,0.94974048573538083,-0.59942614645939674,-26.639883121786024,0.061014483079993943,,0.2285693038437402,0.3333333333333333,0,3
0.53330463318294807,0.83976147527603739,-0.10191581264855232,-0.83486928866357379,0.54191502002954395,0.096547304016000091,0.13630641610716779,0.033597257456411359,0.99009685648396428,-2.1870843228179448,16.930046505749988,-2.3500972062377428,0.7648842523205278,0.2802797119315946,0.3333333333333333,1,3
0.98832739732799346,-0.0022081315876244069,-0.15232885427838364,0.040047565194962595,0.96849441064069841,0.2457941599787927,0.14698689809921328,-0.24902550213304844,0.95727799048894535,10.487643758015677,-4.4815381533929788,0.69384226058735776,,0.07796108778071781,0.3333333333333333,0,4
0.8925933853113216,-0.38455477645765473,-0.2353607282493782,0.42853882506015478,0.88585205455256666,0.17782185709596643,0.1401125401758756,-0.2595838233569257,0.95550233633249892,9.6253819794458408,-9.0458888207190551,0.71720866494959268,,0.1982297536576258,0.3548387096774194,0,7
0.94134356350886317,0.31982593434588213,-0.10762744612884487,-0.28731340962690743,0.92690366739406926,0.24145516358111799,0.17698389782405285,-0.19636945559635052,0.96442508097819468,-6.0042865752747598,-14.717585932899173,-1.3257355755041391,,0.3961875283275045,0.4285714285714285,0,3
0.67451545869763707,0.73238773548973901,0.092936004229410465,-0.72241563326384262,0.6288466722326671,0.28751959174620145,0.15213332571766883,-0.26107483165964696,0.95325515129999117,4.3910853850288811,17.541963769145489,-1.3192817359811895,,0.3756949338408578,0.3333333333333333,0,1
-0.91013601117229093,-0.36215716495796152,-0.2012327732676859,0.37969972194539064,-0.92345074488217627,-0.055379083877828007,-0.1657726223535872,-0.12681052655898226,0.97797675229621339,-11.871191754388777,-12.362745665609804,-2.3167023993691016,,0.1066335779777389,0.2222222222222222,0,2
-0.64324669212357111,0.76519409630345114,0.026677482160588593,-0.76201180433193372,-0.6363971162988058,-0.11973604480420637,-0.074643841881792738,-0.097348371064488431,0.99244727392452259,-13.332485256632062,-7.1988542635547725,-2.7545521559801291,,0.2186205094131131,0.2857142857142857,0,3
-0.79964867100662551,-0.57180572191730128,-0.18330362609608492,0.57819185312012722,-0.81560633458994702,0.021920035635600868,-0.16203760039834161,-0.088456335891708066,0.98281193149949198,-12.364346868210459,7.7642708734487007,-3.38767130574238,,0.06657623984931538,0.2407407407407407,0,2
0.43636836602224288,-0.85996043664183885,-0.26467092123211711,0.89975618080572473,0.41554234757817193,0.13327930248586736,-0.004632951216594846,-0.29629816870848452,0.95508425334261726,17.453168016898218,-7.8927451107389004,1.8207592726646262,0.3384506223959768,0.381248480540151,0.1428571428571428,1,4
0.26246378435899465,0.96473257982496941,0.02009505720851084,-0.95863847570757077,0.25831627412905439,0.11951976996776671,0.11011373571457786,-0.050633506143079911,0.9926284366582685,5.5911764140830318,11.860491376257908,-0.82633131094466783,,0.2849939283599946,0.5454545454545454,0,3
-0.88219152934484657,-0.4072655761510407,-0.23637439800993737,0.44308178620337446,-0.88788259528127333,-0.12386697595169038,-0.1594259586360596,-0.21400758743313356,0.96373446355000802,19.570969243408218,1.7206702449626889,1.7776998272206368,,0.1884727302911912,0.1666666666666667,0,3
0.0026248597129110429,0.99997031935474878,0.0072436538466251234,-0.99770254293615501,0.0021283998885106539,0.067713408809811318,0.067695981640106123,-0.0074047500617358507,0.99767851723203205,7.6589726904279383,-14.515304293351241,0.60084385009396668,,0.6528751639669645,0.475,0,1
-0.64370734329272228,0.76527122361716027,-0.00090027469198413184,-0.76452170398316077,-0.64312806748728535,-0.043506929893475384,-0.033873593398269293,-0.027317450714983083,0.99905271960829212,5.4664059392683964,20.418744261393289,-1.3454563816534535,0.4441507934048511,0.4928724622110965,0.7272727272727273,1,4
-0.9532759364933624,0.26615721372025464,-0.14291720150973708,-0.27379518530546054,-0.96109989939037421,0.036375539794791689,-0.12767609567281005,0.073805968434027897,0.98906597030595689,-9.0246386200058009,27.970333864577924,-4.1423118272474557,,0.1300885737245419,0.5625,0,1
-0.92220669458308391,0.36863249752095778,-0.11681136176590294,-0.36846266460926425,-0.92933676953737798,-0.023841845039172284,-0.11734597247108394,0.021053516506564181,0.99286790268772618,12.737272737441197,11.903916203105805,0.26169008651463954,,0.09966584532515452,0.1,0,2
-0.97564319845587388,0.19984679354753537,-0.090452243839287766,-0.17045704474086049,-0.95021709981006419,-0.26082917614171069,-0.1380751433278469,-0.23905798948648441,0.96113814431520472,-11.398244114069934,6.6098436261553033,-3.1632329505801495,,0.4192506713438341,0.1333333333333333,0,1
-0.91067055705137734,-0.33356950553763726,-0.24374273629200052,0.37867506287535141,-0.90984878954385751,-0.16964780258502479,-0.16517969995155074,-0.24679255487342991,0.95488695748918995,-7.4253373241552563,-11.996919919391342,-1.6559542011636124,,0.4514588084170996,0.4090909090909091,0,2
-0.38234394582390763,-0.89862670706437209,-0.21513518643505977,0.91479050273227758,-0.40094775347800454,0.048981987421582461,-0.13027449175733408,-0.17807565900926572,0.97535512325807971,13.296189296385704,-11.86534622534438,1.3925200986774511,,0.1145180310024733,0.2352941176470588,0,4
-0.78272132641330239,0.62180936751486005,-0.026465744814197698,-0.617420678484079,-0.78114498192109272,-0.092758951049241881,-0.078351968437685673,-0.056263911082200746,0.99533679794915375,-20.726208773340229,-9.8329540574766057,-3.8011789112341137,,0.5630008736343792,0.4736842105263158,0,1
