axis_00,axis_01,axis_02,axis_10,axis_11,axis_12,axis_20,axis_21,axis_22,location_x,location_y,location_z,dbh,dbh_approximation,score,reconstructed,number_clusters
-0.56914188108305253,0.7809947199340892,-0.2571473636503363,-0.81253550708141176,-0.58211862578206075,0.030396632207505773,-0.12595066069377317,0.22624135995144376,0.9658940304806336,-5.7143490534449306,-17.949202610159261,-1.3116699619053598,,0.09027036342701091,0.2,0,4
-0.94972299067279553,-0.057737098929973175,-0.30772173857995749,0.098598005106589698,-0.98799519144173131,-0.11892827702870824,-0.29716102432270985,-0.14328966848718275,0.94401451076151965,5.4042005372151856,-18.023748274843765,2.290281567173627,,0.2209579942867029,0.1666666666666667,0,3
-0.0012772797367396537,0.99991164079644823,-0.01323174804136886,-0.99862599135134678,-0.00058222875211765847,0.052400290144435376,0.052387956192381797,0.013280497333924116,0.9985384972230914,-10.265102735171745,-8.1125813811306227,-3.8379951755586807,0.699143811342271,0.3496585180775366,0.1132075471698113,1,2
-0.93322334895583692,0.30010211195818226,-0.19756746534257671,-0.2492094918157772,-0.93675006781866987,-0.24575178459298769,-0.25882196613226954,-0.18010561579238688,0.94898533023828691,-30.069648517896052,-1.5327756850087628,-11.773492504627036,,0.4557826520937091,0.2727272727272727,0,1
-0.93015213746313163,0.28692408007862097,-0.22911039575673228,-0.26618937213798916,-0.95673593148562475,-0.11747159471599407,-0.25290357714661243,-0.048279702519513683,0.9662861123865315,11.601050336989159,-24.793482459350287,4.6648586696715926,,0.2038075722747967,0.25,0,4
0.94348436357202503,0.19664707743921403,-0.26677178004749125,-0.15523137550694535,0.97339761430245497,0.16852389898323317,0.29281474647516142,-0.11758831321566354,0.94891122495298907,-18.23335608436583,5.9416942760974338,-8.4391933802849071,0.4502796134221191,0.3222439180489892,0.8785714285714286,1,4
0.7640645746926582,0.59616191031061672,-0.24656906211956767,-0.59524290844062244,0.79883202787980889,0.086909557498474677,0.24877943172793793,0.080363971580728846,0.96522040302766909,-4.4913507374353845,-12.606404908045024,-1.3294469454851467,,0.07800894181225349,0.2571428571428571,0,5
-0.76049576887435233,-0.50048308175362854,-0.41371834670775637,0.59910148895826121,-0.78654002641594889,-0.14977380536526741,-0.25044678367310425,-0.36176162279046353,0.8980005216166681,-17.864684982772001,7.4695829065500101,-8.4058995122086184,,0.5074178762001634,0.2878787878787879,0,4
0.95895154795009718,-0.10948044874625572,-0.26158356222520907,0.16261817030904274,0.96802553219063847,0.19100235525346018,0.23230854347064064,-0.22570024450440537,0.94609309280915888,-10.035373810487513,7.8326841862304653,-5.5340556351709624,,0.2518719136524434,0.3313953488372093,0,4
-0.57637258599080565,0.78463538455571946,-0.22834613073439561,-0.80784939558937097,-0.58921107593378497,0.014479711421107985,-0.12318277543617318,0.19281499241513775,0.97347233270175249,-13.316009143528847,16.535028264319465,-7.5507264471295361,0.3303579948070253,0.3232365967286859,0.9215686274509803,1,5
0.86017727516122433,-0.38424860114697618,-0.33533277175486792,0.45837224432849338,0.87074787300576562,0.17802535573674175,0.22358430384414352,-0.30684060059341151,0.92512642644235554,-12.450080047711614,31.807510907716267,-8.6344240342220733,,0.2124459277877251,0.1176470588235294,0,2
0.11241601371971305,0.97793920175435289,-0.17606123233531124,-0.99022572390260077,0.12497593181544862,0.061919562243529104,0.082556983841097539,0.16737961088173051,0.98242985005553496,-3.3846932260431912,-13.696221926092823,-0.8669086053138404,,0.1090083269313986,0.4230769230769231,0,5
0.94367410478788716,-0.15633978614652103,-0.29161113699658037,0.19973116434707588,0.97180136209800605,0.12533784190347186,0.26379280873697009,-0.17652190768320633,0.94828970793030343,-6.2785782513664197,-5.3823331008500732,-2.8733238630566946,,0.06656587061367145,0.2244897959183673,0,2
0.95332210392745353,0.14948418556447199,-0.26235747450655789,-0.087409674791834355,0.96827970366160121,0.23408110609313565,0.28902684116897942,-0.20022211102454851,0.93614880833164205,5.1210731898015469,11.36050859770277,-0.31351664518737254,,0.4256285827360804,0.5757575757575758,0,5
0.58936573296115524,0.78059142362036038,-0.20814673233442785,-0.78293371912186305,0.61540855273534745,0.091033536030372716,0.19915527678966599,0.10931304858307024,0.97385205916314999,-17.729446933624928,17.228879464209427,-9.3818044495041555,,0.1204035161612665,0.2333333333333333,0,4
0.6313922380472059,-0.68133905332756295,-0.37029844199569845,0.75815515701147385,0.64269944084039876,0.11017343890587529,0.16292513504873507,-0.35030632759649061,0.92235615529751425,-1.3260956341566228,-22.338666726784606,0.4430385909501488,0.3098669101092921,0.1625896411278924,0.5,1,4
0.83674772640187844,-0.43282811800175514,-0.33542966867638058,0.51007712725464527,0.83889725077076416,0.18992821512587882,0.19918475497119742,-0.3300170039805716,0.92272109029259308,-12.811522392898727,8.6148334367547346,-6.664739805827069,,0.1110408745353907,0.2790697674418605,0,5
0.81331117804530906,0.52450892860190335,-0.25182396923929679,-0.51626625064266751,0.85016538952862353,0.10338263343040398,0.26831713719759559,0.045925965036418034,0.96223527248878149,6.1378452276154176,10.950047455394197,0.067194983605965194,,0.08813519912520665,0.1739130434782609,0,5
0.65487014656830256,0.74757215082640105,-0.11081953998460625,-0.72800078363537812,0.66337783115666005,0.1730454048975647,0.20287915161466466,-0.032645557717333865,0.97865944914532921,3.2599042467036683,21.374761879225858,-1.9616874037340908,,0.3880593485996184,0.5172413793103449,0,5
-0.74565225412057989,0.61228324877862061,-0.26289149699066883,-0.64032760574987735,-0.76757342681694363,0.028488449573852052,-0.18434552676842006,0.18957915948117957,0.96440472264028332,-2.5442258112071157,-5.8371728438494577,-1.3752765495879302,,0.07197515339523222,0.2662337662337662,0,5
0.70935881155489,-0.59448596508910123,-0.37867732145127708,0.68350668408725568,0.71137663491082126,0.16359063576806593,0.17212986166693464,-0.3748729392941505,0.91095641504272074,-18.566103705843307,15.514119780822659,-9.4951730915355697,0.561503793760748,0.4948926756791336,0.7787610619469026,1,5
0.92005259670677264,-0.24371940124401764,-0.30676387132513,0.32957938896513822,0.90480977018177899,0.26962326708383411,0.21185052669863613,-0.34917063628096218,0.91279746992235722,13.470354149654455,-7.1305108953764895,4.1028736049608998,,0.3655468169098328,0.2222222222222222,0,5
0.85961170018612265,-0.41759989641076284,-0.29441136428616815,0.45885132204022766,0.88441226122504535,0.085266737106187235,0.22477363983585333,-0.20838732857954825,0.95186739208905558,-7.0077548166687569,13.644931269383669,-4.9608506638555259,0.6789115782309236,0.5607735950956417,0.7540650406504065,1,5
-0.41592654230665488,-0.79548581730437506,-0.44068971609560015,0.88974539495388882,-0.45616499409334604,-0.016328818762106373,-0.18803787800115859,-0.39889323462727194,0.89751097141227931,-16.356511791114908,32.383603059779389,-10.082740468926566,,0.2437970950661471,0.2222222222222222,0,2
-0.39206640440526752,-0.84521509774782511,-0.36317402588271547,0.90915754282813066,-0.41625778080390047,-0.012728795658928833,-0.140415443792484,-0.33517293813693533,0.93163437285515227,0.93518102129826508,-19.156304119906217,0.90161656552893965,,0.1092721999142126,0.1875,0,5
0.66300184385164296,0.70900398044160295,-0.24029546555705775,-0.71369140967643141,0.69552281115598014,0.083021629204375599,0.22599364328092922,0.11645331631020268,0.96714295650486237,3.9773932166559725,18.810101392351307,-1.3641649204861985,,0.08282387437492092,0.4285714285714285,0,4
0.8712425163039802,-0.3639350831031733,-0.32937476082874806,0.43685090533727527,0.88088454029885366,0.18221886062776091,0.22382529859314712,-0.30264448111466197,0.92644943400086599,-4.4061352886672607,19.10106971660128,-4.5879685084821471,0.1720115835535941,0.1719254081782322,0.6285714285714286,1,5
0.91941428446616846,0.28997703339613035,-0.26568909202739777,-0.22511558655702893,0.94196160920968164,0.24906083486608571,0.32249084670521794,-0.16917933348339667,0.93133130888715709,5.8149411470434371,-19.423639424276196,2.5135733878153528,,0.2750299811805492,0.4666666666666667,0,2
-0.87898797775513082,-0.38545072273215858,-0.2807274039120547,0.39639472510406981,-0.91788075983935336,0.019134592402233842,-0.26504972528115228,-0.094459785422089909,0.95959678619011535,-12.109491977392581,14.100168818240213,-6.8482122886913892,,0.07964582910361606,0.6585365853658537,0,5
0.95517539670496021,0.12075276876379375,-0.27029378528815895,-0.091741156799935983,0.9888199278941433,0.11755301080122103,0.28146673280963985,-0.08748667918774948,0.95557446558924342,-9.3712082148604203,15.382669983207766,-6.0455460848694464,,0.08753792139744036,0.2894736842105263,0,5
-0.27107197448554388,-0.89632517248277044,-0.35088626337068368,0.9527685427735576,-0.3017124644292325,0.034665439694175217,-0.13693826546900639,-0.32491656464663543,0.93577622189739829,-7.0044976582334675,23.895665947078101,-6.1287693923309909,0.2030147742248244,0.1292624968434354,0.5238095238095238,1,5
0.82989788785496277,0.49871332191775586,-0.25010901278368564,-0.4896076891297298,0.86594544963110587,0.10209206143588918,0.26749543263188441,0.037729309627134812,0.96282017672883347,-10.480150265915276,3.1239135329194245,-5.1392382069037179,0.4746034434063932,0.3804489312004821,0.8596491228070176,1,5
0.951915845200209,0.13643997989414478,-0.27429975490921671,-0.089143929307441416,0.97996846883532696,0.17808750645728569,0.29310336662072117,-0.14507216126820915,0.94501030920332774,-0.26567909904614156,29.916958271834819,-4.055501848343332,0.3967594554022169,0.3107358619950144,0.4,1,5
0.82663036820358038,-0.44316925008901253,-0.34681875690215291,0.51773987212788231,0.84042200102423525,0.16011335048465952,0.22051680020491954,-0.31191645671551488,0.9241647390251484,-13.242091468630584,9.6920682548192225,-6.7760272804940502,,0.07225147057741639,0.25,0,5
0.57964749820716077,-0.74057618262318037,-0.33993484015831404,0.8105283650177304,0.56698887346888072,0.14685839051336114,0.08397944584161729,-0.36065292885788175,0.92891168449017125,13.591000325684574,3.7189936927370537,3.3443123306092497,0.763130757483795,0.4877947403313997,0.6862745098039216,1,4
-0.9640667235604673,0.099415075918145329,-0.2463574541262667,-0.050945024864934109,-0.97931367747832732,-0.19582983824071992,-0.26072966261033181,-0.17624234390198268,0.94918843189908197,-8.1631358360823203,1.6022973067935173,-4.1857330088513267,0.3756536629648513,0.210735147305639,0.2791208791208791,1,4
-0.34972974784540184,-0.87651816876045541,-0.33076427150587256,0.92821527289459638,-0.37201752662058923,0.0044008013258736173,-0.126907488499309,-0.30548135740159033,0.94370314699214619,-5.6747109701338019,-23.322880643058049,-0.92916277688750148,,0.2045528617583526,0.375,0,5
-0.10687559783333267,0.96536180930372206,-0.23802139342002313,-0.99406893908462279,-0.098903979860413632,0.045221091483293882,0.020113451591840151,0.24144270522343933,0.97020661158304167,-3.7836494649347223,-7.4515276174463603,-1.6276324121703021,,0.07420513928232415,0.2368421052631579,0,5
0.50562172727129606,0.83685233595488062,-0.20982096348566132,-0.84143239232533751,0.53205475876433883,0.0943888914114384,0.19062580637691853,0.12882508095507314,0.97317310919489997,-7.1494017950904434,-17.285837729036889,-1.8130872631875126,,0.07506610391647348,0.3125,0,5
-0.27298213367301138,-0.91044122505875691,-0.31076925589388876,0.95306902881797062,-0.2999050025682381,0.041429648109973509,-0.13092051406598362,-0.28487499916288928,0.94958204166288007,3.7812502803168049,11.22905767510054,-0.739844713390168,,0.07890331764805827,0.4347826086956522,0,5
0.40476288167332219,-0.80378848985977225,-0.43599434995015163,0.9115408691834237,0.39248827389470731,0.12266294739440213,0.072527604591884759,-0.44707607677452438,0.89155074345101781,28.720461989193595,-1.2134950709488155,8.4239280126661615,,0.2657378338443644,0.4482758620689655,0,5
0.46252820500733899,0.87689194038915208,-0.13087468988783774,-0.84569062394302907,0.48067525870296862,0.23185914742723593,0.26622364310395052,0.0034381028755446981,0.96390515679763744,23.796279575659909,3.3015816744387028,6.5085803346518816,,0.3851481762457162,0.8095238095238095,0,2
-0.48545833621239182,0.8357604880073729,-0.25658256076276037,-0.86698612875893777,-0.49799863433264302,0.018232189731736282,-0.11254002106578813,0.23130448955543784,0.96635033852636043,-9.0123821011160743,-13.159292115537438,-2.7889660522192323,0.2517911476018579,0.2060977207095249,0.7787610619469026,1,5
-0.47954963435473824,-0.77242533376175815,-0.41640275209618222,0.85315078393666932,-0.52144118752994684,-0.015258696392750412,-0.20534334188983169,-0.36257163666011777,0.90905220984887347,-4.5731008970587261,-3.156879175801703,-2.3306484160218388,0.5908537428865339,0.2942817353621286,0.2097378277153558,1,5
0.68466792842646129,0.72278951426219162,-0.093835738697169255,-0.68960416305304906,0.68408471744790877,0.23764300463956062,0.23595746668440468,-0.097997027642881776,0.96680952440955947,-5.1698990156463225,-30.448550386801671,-0.17716058274974816,,0.1848035581721228,0.25,0,1
-0.94276961000964887,-0.17450247165756136,-0.28413790635474251,0.19293708748140459,-0.98047465523598698,-0.038009613442715418,-0.27195724428013918,-0.090655048537154476,0.95802970698109269,-2.8851019109694467,12.380442420524874,-3.2022442085928402,0.3876749872040556,0.2783642050032199,0.2758620689655172,1,5
-0.857450240869434,-0.40733749469944985,-0.31441254721293355,0.43621837398602803,-0.89951355006848699,-0.024267332778292808,-0.27293335199263424,-0.1579605604420371,0.94897620977288022,-14.663005140390611,-24.499506445990363,-3.6255952857418792,,0.1263982241090935,0.4,0,1
0.61339645821321931,0.78859929783375204,-0.043080535135856121,-0.7634529181780314,0.60603529045045879,0.22329547342943551,0.20219897817972779,-0.10407869227051908,0.97379833591885567,-0.19194715738696655,-22.00035353568979,0.7586907158206887,,0.2837266935852149,0.3571428571428572,0,2
-0.25234353566129619,-0.91708998904001471,-0.30865626838368349,0.96020199993682553,-0.27679183594288853,0.037395171783049262,-0.1197282728818669,-0.28693593633065467,0.95043827212227405,-5.3202702600067697,17.171807754161133,-4.7508425940920977,,0.07212925151966904,0.3636363636363636,0,3
0.81131585711465026,0.53840902182862627,-0.22777687592874954,-0.51615268276218096,0.84265579226870169,0.15335456900075897,0.27450498733487971,-0.0068513480094859781,0.96156126739731407,3.0480273830967688,14.036795543268205,-1.2727324356815259,,0.1737232149606084,0.2666666666666667,0,5
-0.96003617484009451,0.010022981380104483,-0.27969641192309314,-0.0094511703749951079,-0.99994958018589164,-0.0033930022989894669,-0.27971631768086275,-0.00061394650598552549,0.96008249889931097,-1.3580698580189348,-7.6897791302276444,-0.70364710630379657,,0.1362302189161139,0.5853658536585366,0,5
-0.88598872867608891,0.37612785474249999,-0.27120436859632696,-0.39333100287192452,-0.91934318019953909,0.0099417906014653452,-0.2455905023381271,0.11548140069899661,0.9624704417559552,-9.0919073690943559,-8.9835372427841396,-3.2235368486893345,,0.08407360456558408,0.1730769230769231,0,2
-0.43149826130913782,0.86258645631597708,-0.26410955277580572,-0.89867649035604402,-0.43655242880290535,0.0424563609795615,-0.078675384768895296,0.2556688919022595,0.96355778318943419,3.1448623512582019,3.1203839438689078,-0.041125956498390605,0.2145941249130052,0.1566991054816716,0.68125,1,5
0.48851466063848475,-0.76073566640453938,-0.42735778008748954,0.8670615420566784,0.47810455859738632,0.14007252883664323,0.097763534242375369,-0.43897297970198496,0.8931657262031496,-11.914212021529087,6.3800286824109129,-6.1731572763129323,,0.1992052296667129,0.2201834862385321,0,5
0.67770304687151306,-0.63769166899836471,-0.36615285817694604,0.7152585713032461,0.68722740998825282,0.12697898699420831,0.17065683824068059,-0.34794801659287594,0.92185054174241088,1.2538884782038457,8.0728126898001822,-1.2049565148037378,0.4085651244515424,0.5755780352051634,0.6076923076923076,1,5
0.55513504205519526,-0.77134814026018428,-0.31120271785370351,0.82723655461383383,0.55098345323038078,0.10998598536612914,0.086630062870865873,-0.31849533871546692,0.9439576004373873,-9.2213363360568241,6.76687723297636,-5.1688399410444692,0.2424548930991337,0.1701295851720825,0.4608695652173913,1,5
-0.094286553731574935,-0.87434427838572526,-0.47605895500406986,0.99244010895100632,-0.12028725616574207,0.02436403393179782,-0.078566379137233133,-0.47016280037691349,0.87907580174351374,1.4047206289462002,10.994304463376082,-1.6320807277555263,,0.2258982225164699,0.1666666666666667,0,5
-0.72016929506042271,-0.62631769049112951,-0.2984666430776331,0.65360176915067147,-0.75675943846474447,0.010948956920015707,-0.23272497462731814,-0.18719322336126842,0.95435726188484149,-7.432734350769703,-15.000730617042823,-2.1977338581084953,,0.08854841338091451,0.375,0,4
0.62418414911062015,-0.65416558970060523,-0.42715515828643791,0.76776801070570222,0.61482734407145745,0.18033196810063168,0.14465970322125321,-0.44051642220659387,0.88601289608574096,-5.9440066276424197,-13.700665327729689,-1.7870334928594587,,0.1048304725582251,0.5217391304347826,0,5
0.70354290380023743,-0.60312515063243788,-0.37585560417124203,0.69057346044164913,0.70505493578535583,0.16126324211782841,0.16773693166973069,-0.37301151483473916,0.91253861921275259,-2.0963488071028946,-16.93845750546021,-0.27311283449487878,,0.08648386543115882,0.3571428571428572,0,5
0.95604838913253898,0.10083217241886895,-0.27532589896769355,-0.077349940088423899,0.99247889717409687,0.094882166039805302,0.28282231949652487,-0.069415500209819403,0.95665721338691934,-2.6318419099072652,2.94083307986992,-2.1293112329119714,0.1771546369492076,0.1502563026677795,0.7490774907749077,1,5
0.93062752998210363,0.28496677770056661,-0.22962215931038887,-0.23149243747229684,0.94433918887734813,0.23374077039234692,0.2834495578273929,-0.16436980244992974,0.94479570077875952,-13.077438759434592,-18.317502153763979,-3.6198232850654257,,0.4316101653297726,0.3928571428571428,0,1
-0.877371329927919,0.39403941737747494,-0.27377451848799678,-0.41974205925995622,-0.90675835529586124,0.040073542261142223,-0.23245677686126032,0.1500740572316358,0.96095870058879695,-2.2002954377502189,-4.2272583353654616,-1.3286355882750183,,0.0909134615234858,0.391705069124424,0,5
0.77831679708056445,-0.53184642562646112,-0.33370996828175348,0.59651778861941362,0.79221702405717298,0.12868066931206396,0.19593236394954266,-0.29921825870483526,0.93385167045671136,1.1282353092413728,3.3308329486677368,-0.7852474119489008,0.5018590867989525,0.4154636550837553,0.9519145146927872,1,5
-0.8191498967899985,0.53025932575189461,-0.21867440189030204,-0.52866212131815571,-0.84587542509860236,-0.070789312029757745,-0.22250799552448181,0.057617815538294925,0.97322678716744759,-16.557376646204304,5.4191181189548692,-7.8673005496755364,,0.4768994395017459,0.4736842105263158,0,3
0.96650524646724101,0.062708879727074687,-0.24886784636564321,0.0087586839196696631,0.96106562548894781,0.27618136968219414,0.25649735672574386,-0.2691104975784348,0.92832572197790242,2.1100736314433064,-15.021578681226307,0.98850560419214661,,0.7080625901880401,0.5862068965517241,0,5
0.72966427798538136,0.66735560989234133,-0.14908565114488101,-0.6379870395123568,0.74286041267646552,0.20280765442263129,0.24609465424167629,-0.052866787526503339,0.96780293651667393,-14.348743119276122,6.3881941653683683,-7.0112148414899709,,0.08904490468527285,0.2758620689655172,0,5
0.41045189163551621,0.87480623272039848,-0.25737773766658945,-0.89401759365005684,0.44164445626652055,0.0753837946326162,0.17961566439759519,0.19915880458215926,0.96336596559169396,4.9006855122292006,-16.214551277336486,1.915594662415836,0.291277893239244,0.2598478116342957,0.8169014084507042,1,5
-0.31001205454893516,0.94991654528669234,-0.039383791398800085,-0.95021876424553697,-0.3109403222878947,-0.020010398576368743,-0.031254217475936111,0.031219752819268802,0.99902377395328856,-19.749967922560778,17.848053010715887,-10.226774536951606,,0.5293490620118722,0.2121212121212121,0,4
-0.66388758937631254,-0.68372751061728854,-0.30293557053802139,0.71220404895877798,-0.70160469518131841,0.02272101111865954,-0.22807599899777589,-0.20066774261105694,0.95274015122516542,-0.26668591988187251,-16.605345170440931,0.2678559323982192,,0.0681476986434949,0.2173913043478261,0,3
0.19715337592856425,0.96924677758334354,-0.14727943001069521,-0.97288688064722917,0.21195690944773657,0.092549370618436655,0.12092007204957747,0.12503980438911844,0.98475549426944364,-16.734779505303123,16.559393297830688,-8.939424666445035,,0.2413286244093576,0.1875,0,3
0.79220078740795341,-0.42786578545594089,-0.43514225497691023,0.57561226866155168,0.76073560543249608,0.29991974725508819,0.2027028085560757,-0.48806988051243777,0.84894014108184002,-0.27735374894262538,8.3468722242553302,-1.798606532656861,0.4313116499267654,0.3256262832175801,0.2307692307692308,1,5
0.83119822369814278,0.51771043385999505,-0.20269538621672603,-0.48645885599717387,0.8537364650429099,0.18571976114015551,0.26919750062541981,-0.055766969870446707,0.9614690586433321,-2.281477508195962,13.053115244837386,-3.098747114684345,0.1688386257481309,0.1179657306154378,0.3636363636363636,1,5
-0.42578305827043,-0.79847372272552208,-0.425615438402702,0.88233612685221852,-0.47061970930674063,0.00022014418669638036,-0.20047879324582857,-0.3754421437836773,0.90490411101387502,7.0029180145997492,12.61521490414426,0.25326294062501387,0.8149519880919862,0.4534971767843108,0.3333333333333333,1,7
0.64841945049162342,0.72078878861714613,-0.24498109810344251,-0.73011415279303638,0.67993036273648966,0.068029594444858427,0.21560505586708259,0.13475245464499971,0.96713816792209117,-7.327168211109635,20.428046339712498,-5.8373118813276177,0.237940093311829,0.1834562143540748,0.9642857142857143,1,5
0.10092811471075769,-0.9454631340269305,-0.3096982044780171,0.99462533089960936,0.088657629928928533,0.05348154624006634,-0.023107721518473637,-0.31343147074178868,0.94932962997836789,-12.666233603243731,22.18123519023192,-8.0480433849611863,,0.1074072231108767,0.4375,0,1
0.9500960722606252,0.10581422750929935,-0.29346346064125728,-0.033892150406297519,0.97016023036473598,0.2400842551261512,0.31011090857267409,-0.21815700006016805,0.92533169604687049,14.71402680825129,3.099905125705821,3.7512278922887883,,0.4391258691463854,0.15625,0,5
0.80932022043763197,-0.50534704220217941,-0.29937459432672364,0.55165645068706626,0.82898170385535963,0.092002690658545355,0.20168277369703669,-0.2396115640167901,0.94968961096944515,-1.9774800520528866,-21.063532224227146,0.085979075030285484,,0.1043384687470294,0.1764705882352941,1,5
0.9165298971367456,-0.19911006840009918,-0.3468834506231358,0.30675371526570089,0.9064732657683281,0.29018679607795761,0.25666146151145292,-0.37237266160260557,0.89188760226039432,-9.779766879806461,-22.577680281886764,-2.2089415156428256,,0.3272507167643713,0.4814814814814815,0,5
0.61117008780917126,0.79071068772161612,-0.035323251409503029,-0.76080069864491728,0.59918886092134216,0.24930905697384925,0.21829663467111829,-0.12549628389156903,0.96777955238818236,7.7596547416383199,-5.717124452996198,2.3126268360866864,,0.4533223216424114,0.2882882882882883,0,1
0.34551529486448523,-0.85736911890432077,-0.38149361064628168,0.93703631761341688,0.33722588767689265,0.090783479521438309,0.050814569644891242,-0.38884044880871227,0.91990270403018348,-10.934628844324852,17.857134631065044,-6.8661917620602386,,0.07170091524293143,0.2142857142857143,0,4
0.73400186878122597,0.64567042744336034,-0.21059666604857466,-0.63760832116680644,0.76192328067196724,0.11370375169233388,0.23387365265141183,0.050819420452948759,0.97093794915036236,7.0227325225343584,-17.116541253458337,2.8094698602543802,,0.1497808159128139,0.1481481481481481,0,9
0.65440052983323793,0.7423808514381659,-0.14363362409937788,-0.71976104750187697,0.66978480657284201,0.1825714856793941,0.2317411941217577,-0.016092989222777784,0.97264435157199014,16.023489966438262,0.53251952363002819,4.3544624208687752,,0.3989075085390216,0.3571428571428572,0,5
-0.91289964110579402,0.30838726259618254,-0.26741641972276958,-0.31752973057880235,-0.94820073543722438,-0.0094992375935561892,-0.25649388972734732,0.076240813116982886,0.96353423548299277,-3.797520247432312,16.594981830800567,-4.0452555578527942,,0.07805559679930528,0.4210526315789473,0,3
-0.9512763506059122,0.19910866330141389,-0.23543373797359979,-0.16286669983468152,-0.97281279990707981,-0.16465021840831859,-0.26181623873025373,-0.11828354296042834,0.95784198101872253,-15.293518166734842,4.9786160050653372,-7.2701747679042841,,0.1589191858287353,0.1458333333333333,0,5
0.47327710210072454,-0.80461231835321601,-0.35861929923165498,0.87655777465204066,0.47058019463660139,0.10099875302616451,0.087494298809707813,-0.36215093202978377,0.92800401405692001,-7.6941597778974424,-2.3305200746492871,-3.5098023878010181,0.6309507064079957,0.5564525571398675,0.9901512486809708,1,4
0.74938661793027983,-0.56763516460602159,-0.34089590312837847,0.63491618273635886,0.76212145672385534,0.12669777464738763,0.1878859701162075,-0.3113859423670321,0.93152437280496747,-11.090627549848771,1.543712559294812,-5.2765332523418493,0.4575432941962086,0.3325795167888754,0.7893660531697342,1,5
0.7863460091289165,-0.49066612858811604,-0.37537541765994226,0.58276579784775229,0.79080818621151339,0.1871000734359245,0.20504628449669116,-0.36588135081909612,0.9077922991174221,-17.545009906204122,4.2587196822556788,-8.0184878490620637,,0.1446918104845652,0.3333333333333333,0,2
-0.88657957092347406,0.37962248230518092,-0.26431692217790687,-0.39789018672053583,-0.91727194361138742,0.017192462734724859,-0.23592385155521292,0.12041159575323487,0.96428262655484653,8.9770415944555317,10.00314701240827,1.1384621336290039,,0.09638804495575173,0.391304347826087,1,5
0.93770515435489232,-0.1993497898153766,-0.28455000403590591,0.23017875532885718,0.96993533124926523,0.079013883524588865,0.26024370134842262,-0.1395890916044101,0.95539944599812809,-13.347330138777551,-15.314189519783659,-4.2462767422938645,0.2319491997543384,0.2146182038728524,0.7849462365591398,1,4
0.95874098345580849,-0.071407646299599989,-0.27516663077513537,0.10966418225771159,0.98591932996054599,0.12624120539623629,0.26227751289795298,-0.15120854096279923,0.95307212915285944,-10.62979559193276,24.31551531995196,-7.4895227253396612,,0.1694594695534466,0.2,0,3
0.91823862903218456,-0.22128915746959207,-0.32843405569382156,0.31000969016667812,0.91770927329235885,0.24840225787212689,0.24643825221717194,-0.32991028856282806,0.91127788810249144,15.117463791720864,5.5876916103173047,3.7551842577728634,0.3213132856884664,0.2240372001454799,0.3529411764705883,1,5
-0.23887283732532644,-0.91633165603002542,-0.32136593432630722,0.96647930198085397,-0.25642643050712788,0.012776720235468195,-0.094114432637881884,-0.30754151247375605,0.94686888832330152,-17.333122231994789,4.9083055588319722,-8.0169657552885738,,0.19582205618043,0.2325581395348837,0,4
-0.25679929329339907,-0.90559381814083972,-0.33757067335464391,0.9580908929131795,-0.28442012579698539,0.034161864095132326,-0.12694866632162016,-0.31465064529843884,0.94068007714229751,-16.355679094669043,15.167616980853394,-8.6827199219672941,,0.07155225308764271,0.1923076923076923,0,5
-0.50337793210355408,0.82351246811852297,-0.26160633081882617,-0.8580906969459704,-0.51198005033366567,0.039456100607083724,-0.10144463162695591,0.24434328907026831,0.96436784672675335,-8.5812950195529378,-12.300958639776143,-2.7861849167929895,,0.073169579206707,0.163265306122449,0,4
0.41685588984580413,-0.86078142654434964,-0.29203852967911126,0.90619401741293437,0.41865062623614613,0.059531974241484084,0.071018095622657165,-0.28945982254599173,0.95455195836883266,9.1363616740644389,-6.7264616324245754,2.8002032819877112,,0.08831679769493708,0.3529411764705883,0,4
-0.9551521549238815,-0.091729538444057415,-0.28154937883274833,0.10507158237244878,-0.99392922782948223,-0.032629015370362571,-0.27684711217929653,-0.060748513093983186,0.95899181155777069,-9.4483519603352235,-16.451410295473988,-2.7508157415027465,,0.08112543420790369,0.2666666666666667,0,3
0.79175780525350747,-0.53398174740476667,-0.29661940472379744,0.57855364374858065,0.81133522295041394,0.083730742891971743,0.19594708246204709,-0.23790470663388144,0.95131808110434724,-8.5409940362848111,-18.476643241095612,-2.1486602335742369,,0.09560129048870257,0.4705882352941176,0,5
0.27693717086318503,0.9410267907809754,-0.19435632849679152,-0.95253413126202868,0.29546863037886634,0.07332814768510193,0.126429949676437,0.16482374675541903,0.97818638322679496,7.8917774257576303,21.726472474933221,-0.34090730463692481,,0.2265683669678628,0.2380952380952381,0,5
-0.65290902398936679,-0.61221973517246453,-0.4459784773490863,0.72215610624950866,-0.68075785683029122,-0.12271633375543876,-0.22847399107951016,-0.4021886823733179,0.88659116799741122,-5.0680295573063603,14.746783815128884,-4.4282161396249178,,0.1358959396620253,0.2888888888888889,0,5
0.86302508460322613,-0.39281591380160746,-0.31762141176218028,0.45179067302432574,0.8814758773748077,0.13742439875996346,0.22599312182856171,-0.26209909475333715,0.93820635971819111,-9.7648674565734659,18.406647571647319,-6.5627348027295698,,0.2317600948395983,0.2580645161290323,0,3
-0.17706536067352785,-0.90917468789717482,-0.3768942092107912,0.97880266296051099,-0.20271775626621474,0.029169475069037984,-0.10292329683295801,-0.36374015200616189,0.92579689823825206,5.3738024375427864,3.6682539818194124,0.74075180866816903,0.3741341061224791,0.3412740103074206,0.4723404255319149,1,8
0.25831052547463956,-0.87438575293386411,-0.41076176488969141,0.96564194333519271,0.24623245528805415,0.083097624723257268,0.028483498746582236,-0.41811378000383442,0.90794799260203074,7.3240291152521824,4.9732049332881232,1.3597646487544983,,0.09459596643647648,0.125,0,5
-0.1089669965780241,-0.93748159071974457,-0.33053662538112633,0.99086847040334602,-0.12900120807652679,0.039221966744802321,-0.07940949576277781,-0.32324442048761609,0.94297782402680463,16.949002882438926,1.0838263046653016,4.6157624144632852,,0.07062218917012295,0.2068965517241379,0,5
0.84427995911703657,-0.41007634812714916,-0.34500541929082224,0.49021809838123065,0.85107315197294153,0.18804442562950963,0.21651227829576988,-0.32789004055863508,0.91957085352333323,-14.992460553869277,15.770205398635763,-8.1997354425208577,0.1538909148058458,0.1190446349930894,0.4074074074074074,1,5
-0.42278920793412222,-0.76807626724893141,-0.48094504191579546,0.88308911829219627,-0.46834821528213971,-0.028347105600855911,-0.20347701297284004,-0.43670218333663402,0.87629236460251536,7.9448662265117331,-15.474621349555965,3.0029545440795808,,0.4940985279388906,0.1111111111111111,0,2
-0.73521614814971348,0.62906421480870545,-0.25245876722151345,-0.65250833931683372,-0.75768178104753126,0.012295763116985913,-0.18354858381879988,0.17377149454311652,0.96752952671345649,1.8539448523147943,-23.725106489456831,1.5902881982095938,0.1339368149334518,0.1399264570118274,0.4166666666666667,1,4
0.87568882701815676,-0.32678742570158742,-0.35549832156972938,0.41292914774709605,0.88842298245933615,0.2004847205622291,0.25031699338323421,-0.32235784873551271,0.91292213259521215,-2.5222818416694968,10.613654710611087,-2.9524791805635551,0.09614508229289295,0.173204279285709,0.2692307692307692,1,5
0.92076741358950598,-0.25918327517917966,-0.29156714482102691,0.2997027432499289,0.94841448525364624,0.10338389550374047,0.2497311269348681,-0.18257599521419796,0.95094709117352372,6.0438758757658384,13.436300603642227,-0.13256999537498076,,0.07191479951727089,0.3333333333333333,0,2
-0.7037007766716209,0.66335641289224134,-0.25448671161083491,-0.68810040592881505,-0.72552376595992696,0.011536740784356831,-0.17698318641147232,0.18323082301311594,0.9670074545863534,-7.5233841280542775,18.819636266906844,-5.6629473104439514,,0.07853726305913228,0.3181818181818182,0,4
-0.6335829726431329,0.74994058288527343,-0.19016240143200677,-0.75752563055845157,-0.65128440335283366,-0.044537007043174121,-0.15724991517871015,0.11583500373824795,0.980741921243937,14.988328397256476,-1.7463903827569944,4.2707743464539902,0.7558537802471562,0.7181140141518713,0.7464788732394366,1,5
0.64073877321513539,-0.68519177655093177,-0.34636116099490977,0.75356531328252174,0.64760524037496014,0.11290159988372604,0.14694605512288614,-0.3333461893975519,0.9312825430007553,-33.887335995588153,4.0598874148601212,-13.783586587152483,,0.2669252364361814,0.6428571428571429,0,1
0.40394033002737345,0.90640786283327368,-0.12351921296460255,-0.89810268961823192,0.41861133773134618,0.13481879254492352,0.17390735659504195,0.056474189828548418,0.98314134141807641,-5.9206750596308346,-12.599875649045176,-1.8564689928049161,0.4007941145086839,0.3157852224696595,0.7641509433962265,1,5
-0.88444256638564978,-0.34370161540534699,-0.3156430679310443,0.37881858833470872,-0.92380290917396379,-0.055539734729476889,-0.2725028878695881,-0.16869316693179154,0.94725117658056168,-5.5807215222681839,-10.898198110913688,-1.7956240653624196,,0.06758298915604487,0.44,0,5
-0.89930348883904088,-0.30370095111302958,-0.31467279395424375,0.33606748388535801,-0.94035208044742435,-0.052882994177379079,-0.27984260082570211,-0.15330915527535019,0.94772592117756516,0.69578288458609572,-23.273210272115502,1.1402859359182975,,0.1498222035935765,0.3636363636363636,0,1
-0.36256335335538947,-0.85116343967028751,-0.37956371503654102,0.91911350334565034,-0.3939546342092673,0.0054876363516211946,-0.15420175994903668,-0.34687252003248664,0.92514932420389973,-16.329548756003845,-16.219879878857878,-5.2025352639667579,,0.1025560474812429,0.2,0,1
-0.72596679465824365,0.66126874859002083,-0.18893346763298449,-0.66202215952565546,-0.74635173498009533,-0.068452523614466701,-0.18627633599205096,0.07538388309439685,0.97960114169951185,-2.7468060213180689,15.094739410308522,-3.5042924027455777,,0.07810830830864746,0.6,0,5
0.65312226411979279,0.71689425863954459,-0.24391377583214452,-0.72193966206682181,0.68669504282265992,0.085164796116868544,0.22854853411448162,0.1204680044345514,0.96605021994805129,2.6626729371587565,9.9029958337540673,-0.98699708219139182,,0.07386414373150371,0.2777777777777778,0,5
-0.35297460235284306,0.91633600330087617,-0.1890430087266626,-0.93463535570417222,-0.354653698380201,0.026028947212297975,-0.043193540739184966,0.18587383699655544,0.98162377454837046,4.5640116308097998,6.1947326999078207,0.28974906846449611,,0.1413126755923437,0.2,0,5
-0.33936731281278287,-0.88685434928517326,-0.31355891017192072,0.92885770647315447,-0.36857054792885086,0.037136401614284061,-0.14850315861846691,-0.27864872932313639,0.948842293285317,-13.510323358119804,7.3921583401477404,-6.8025465789449493,,0.07559814167574586,0.2954545454545455,0,2
-0.16664266660193808,0.95273278640391024,-0.25402846174953608,-0.98599072734557336,-0.16290634830425485,0.035830256358542936,-0.0072461890909229889,0.25644055723152109,0.96653284132017181,2.3506647265552982,-8.0802308994482335,0.64594770319867612,,0.09239175031134952,0.2840909090909091,1,5
-0.97302564468586805,0.042780088084518685,-0.2266957406903177,-0.026710084379224529,-0.99693832467962928,-0.073488422063810205,-0.22914551310489514,-0.065451056893336884,0.97118921584593354,6.5460496260798271,8.1464489879207029,0.73562578908101728,0.9496807493676186,0.3637355652456929,0.2222222222222222,1,4
-0.54277208271895006,-0.67407832468103424,-0.50101584647208952,0.8210210996165539,-0.55154469748068036,-0.14738656880927284,-0.17698254209203498,-0.49134189611324219,0.85279559152148876,-13.975262091526277,22.255616649396497,-8.5483254940379521,,0.5708639455638207,0.2413793103448276,0,2
-0.80824138050872385,-0.51078892212458205,-0.29298557621179849,0.52767550507357586,-0.84908889974722501,0.024629284833158117,-0.26135116640011102,-0.13469490473233925,0.95579958697440692,-9.2791996518611217,-7.9647673713746752,-3.4824144559978447,,0.06885494645973951,0.2941176470588235,0,4
-0.46314044864567361,-0.79722207587834226,-0.38721813821218498,0.86773462149336744,-0.49680025584310777,-0.015037701153599408,-0.1803816828007947,-0.34296715225579444,0.92186548963691239,-14.508330948147766,-14.737417211496737,-4.6755366364982551,,0.1041160580883391,0.3103448275862069,0,2
0.10735919777653441,-0.8767754345030615,-0.46876309592879467,0.99394499097835765,0.083555987354671943,0.071356512570472153,-0.02339567399783565,-0.4735855090996296,0.88043705510901404,-22.573704565547626,4.8780208672073568,-9.9037341415733557,,0.2353319670140858,0.1923076923076923,0,2
-0.82207286726343654,-0.48407733593722557,-0.29977547221410866,0.50922929371597814,-0.86060439109166786,-0.0067534032359060029,-0.25471891828209292,-0.15820624155089177,0.95398587924745626,7.5911043958080224,-12.696031364318038,2.6272111554240882,0.2173337124027843,0.1724222362248571,0.3888888888888889,1,5
-0.70616915148762394,0.68257811984088002,-0.18818140131728514,-0.68724898352321229,-0.72471649683978179,-0.049747702003050287,-0.17033485883271063,0.094197184261324812,0.98087355267826304,-19.758628609913966,10.598446642203564,-9.3533828025137034,,0.0916631432787446,0.2727272727272727,0,5
0.47160315037307959,-0.80092436996227534,-0.36893173102718751,0.87708229494226964,0.46931656766567709,0.10231621187919232,0.091198226172367766,-0.37183613718281677,0.92380775631511847,-5.1606398417043327,-4.7572428616531717,-2.4314330252339444,,0.07402092994187101,0.2522522522522522,0,5
-0.40873873607900019,-0.80295336771426373,-0.43381855066935993,0.8912785566639212,-0.45345598483198107,-0.00045194151747728702,-0.19635473016868904,-0.38683789769925658,0.90100014475248613,-14.994238166306463,22.449017192923414,-8.9135761070567785,,0.1958970353330954,0.4,0,3
-0.55658477320047905,-0.75565250418658936,-0.34525741578988139,0.80734208138106178,-0.58999547200514613,-0.010203266374986303,-0.19599018820508693,-0.2844198233772755,0.93845256150610679,-7.7565385814925616,-13.713719069838653,-2.3935620655258014,0.2938766441307036,0.1291495034926251,0.2105263157894737,1,5
0.88805498402912586,-0.26346734933216914,-0.37675363459017869,0.39327577094296129,0.85978086414289501,0.32574688585298278,0.23810189694802641,-0.43744922161272332,0.86714800650187396,-14.415205251672948,9.7161834251004091,-7.3216856414136995,,0.1316789254893759,0.1875,0,2
-0.93165978621890577,-0.1967418284216356,-0.30545489960361466,0.23057856017938125,-0.96987477002965095,-0.078590445001506651,-0.28079097266141956,-0.14365090813929135,0.94895776842945456,-16.970691932251668,12.428703719318733,-8.4442754835770639,,0.5180366600900568,0.3833333333333334,0,5
0.65181032384009008,0.73492472251316632,-0.18716023609309265,-0.72264844149877727,0.67674856334638633,0.14067911006254699,0.23004897681768752,0.043554956635812235,0.97220390557618497,2.9015125900706513,-13.845364809819264,1.1764031233372043,0.1951632266096232,0.1220466361896222,0.3076923076923077,1,5
-0.012040760398275015,-0.93964788104369923,-0.34193110379010005,0.99787934605591,-0.033167340835463001,0.056006590834761248,-0.063967419864017244,-0.34053162430527523,0.9380545730627563,6.8917398802607561,-15.093311161617109,2.6884874097802127,0.8528133380052572,0.3489530059751412,0.3703703703703703,1,7
-0.90035734360726238,0.36080303407455672,-0.24326492639726863,-0.35899593308820038,-0.93181351553574532,-0.053343155990691005,-0.24592391880133702,0.039303217012213544,0.96849196346375743,-8.6166444727002052,-15.795391505879579,-2.5546341490896052,0.1889778811882638,0.128549970846634,0.4,1,5
0.93782907368185187,-0.16850734789212141,-0.30344999961015445,0.2187543906622553,0.96571236290303397,0.13980754165002465,0.26948681808768421,-0.19749659704056055,0.94253485295471862,12.120532522203666,-18.33542087535551,4.4186400032834152,,0.2127805751131957,0.3928571428571428,1,5
