axis_00,axis_01,axis_02,axis_10,axis_11,axis_12,axis_20,axis_21,axis_22,location_x,location_y,location_z,dbh,dbh_approximation,score,reconstructed,number_clusters
0.90537555188710517,-0.16090515912427372,-0.39294355804913339,0.2053248590270082,0.97593348927521373,0.073454249547907607,0.37166760998324772,-0.14718476238489925,0.91662415057156432,-7.6681140277155144,-7.615543090414608,-4.2569718607058471,,0.07976691191258874,0.3580246913580247,0,4
-0.69740254950079728,0.67813106628034847,-0.23187915148901639,-0.66328899175271738,-0.73327107282390047,-0.14953677534088552,-0.27143580708788612,0.049515560232763565,0.96118198689186007,-15.889656333264876,-8.6173268574815509,-8.0273186033929083,,0.7737537358308355,0.4857142857142857,0,1
-0.52212222031618516,-0.72936982225743241,-0.44204982686599781,0.81904002844694979,-0.57333674683566327,-0.021410430390780142,-0.23782728786604079,-0.3732353642248552,0.89673493521676906,-0.45151570631610605,10.784909707066834,-1.9596123324838406,,0.07929074385730657,0.2619047619047619,0,5
0.79218615019872374,-0.32335770900077371,-0.51757211619550803,0.52273751327636142,0.79719407793141905,0.30203823321679152,0.31493903480986796,-0.50982486614605793,0.80055731225951776,-6.6817398551714184,19.631118304547474,-5.5399383985910706,,0.7201345256679823,0.2692307692307692,0,1
-0.25553166468295119,-0.82446262447686891,-0.50494054024713952,0.95829908019117738,-0.28510499661391409,-0.019442577260306494,-0.12793139274276211,-0.48885224940312294,0.86293512908236836,5.1533344089174546,9.5672756839957689,0.69951080408921917,,0.2984894643425265,0.3809523809523809,0,4
-0.34652777928813017,-0.84876819317259611,-0.39938834790234473,0.92251801135079581,-0.38549477661743653,0.018822750437876807,-0.16993827383791663,-0.36192033855421835,0.91658859453180508,-3.3758147592452428,9.3563038811156538,-3.3823535097648971,,0.0824883176759931,0.59375,0,5
0.86530571852177462,-0.28652839690443027,-0.41127544451485626,0.35301108637606593,0.93086463986038459,0.094202946626877088,0.35584994926106839,-0.22669913988582704,0.90663019670972844,-9.0448589011383618,-11.413741618976298,-4.4070898966415317,0.1445907016769459,0.1246224571776974,0.2857142857142857,1,5
0.92090260001489244,0.074410530430601279,-0.38262445589226202,-0.041038289043224353,0.9946629594656563,0.094664966589700111,0.38762644403886792,-0.071474960846864583,0.91904138636610011,-27.021188565487613,1.9894977050224798,-14.686583803100257,0.2161051561379438,0.1853266874112299,0.3636363636363636,1,5
0.48722156625068413,0.79684380278247025,-0.35728853794573751,-0.84209485248742078,0.53705845522361484,0.049441633134581831,0.23128208922097743,0.27678180872303909,0.93268452628184173,-4.4154443182197696,-7.0724947849286766,-2.7276218693973018,0.2020884763853308,0.199902951729001,0.3877551020408163,1,6
0.53413760034919933,-0.73877128152926042,-0.41099150536332674,0.8213378849097821,0.56864176789390319,0.045283756673028738,0.20025259724938596,-0.36175065085513058,0.91051379116450759,-1.3638991761917476,-15.524041651154525,-0.87475910938220902,0.3347001528562635,0.2992505123645995,0.8,1,5
-0.47244463229027189,0.8063636404065111,-0.35577204619035119,-0.86441778220562315,-0.5027021183189645,0.0085134038044758914,-0.17198246197453412,0.31155779506856396,0.93453398713219238,-17.723970929375277,24.654688119805087,-11.227196560871858,,0.2915089685237758,0.8214285714285714,0,1
-0.092998574209421203,-0.85763826458895842,-0.50577452714411664,0.99339557061065331,-0.11421070278550859,0.011007073197495033,-0.067204951351441111,-0.50141053287907711,0.86259548574738676,-14.274320310814922,-7.3677852536524799,-7.4159475161881971,,0.3002933513676893,0.1666666666666667,0,1
0.30217313145975733,-0.7398578429340843,-0.6010838301541046,0.95036023916124523,0.28290420426578289,0.12954005955736456,0.074207913629111444,-0.61038969802714427,0.78861752586228151,16.946912608756101,1.0694444191367822,6.5665195872494841,,0.3873972084841389,0.16,0,5
0.16014630963559626,-0.78342766135911757,-0.60049501157585239,0.9863451287353715,0.15068830025882493,0.066455422541048609,0.038424556342302893,-0.60293792017295578,0.79686223268982126,-20.730004009527541,5.2089196174883563,-11.783107529865152,,0.3399247025334526,0.3043478260869565,0,1
-0.47687306057505185,0.85541890026771961,-0.20211528681064175,-0.86258858663290039,-0.49963397497160161,-0.079415497635739171,-0.1689171818035039,0.13647122817224894,0.97613656297298868,-6.9011849958600742,-9.8577001393531845,-3.5193930095389057,,0.1440972366688153,0.3235294117647059,0,2
-0.7882949229404701,0.54793527683430365,-0.27992507366578362,-0.53642012441364295,-0.8348559297672139,-0.12356790301924431,-0.30140432078908735,0.052749492253827107,0.95203620019232094,-22.054115857302765,6.9248413991475832,-12.550972295233414,,0.1550877887114346,0.3181818181818182,0,3
0.62577617150229847,0.74303392952711567,-0.23728624644386245,-0.72845770186858105,0.66547665254343957,0.16275810734928681,0.27884325304419599,0.071002848471521052,0.95770822056650362,9.0957808654044108,10.284167230275495,2.3525956893564683,,0.2137400807030453,0.3461538461538461,0,3
0.63941144714788767,-0.60621447489726821,-0.4729238962891118,0.72752769141942619,0.67600999392015182,0.11710655975647745,0.24870958862529821,-0.4189445053286972,0.87328634592596777,16.446322643740405,14.296402729537762,5.4618186002043236,0.7858626376456149,0.7725573311012756,0.8305084745762712,1,5
0.71310422879280355,0.60071132486880097,-0.36142532154262413,-0.6282724604283938,0.77633832903856337,0.050719959905957242,0.31105638451102652,0.19090495813356836,0.93102052749386099,-0.94932892736479735,19.829254671433986,-2.9180786228305586,0.331064817917831,0.275726909979285,0.8611111111111112,1,4
-0.92162742987398472,0.0070777516389814287,-0.38801132191678278,0.042400485908306293,-0.99201157869610312,-0.11880751881763951,-0.38575261411766443,-0.12594813680480205,0.91396498157029282,-8.2156597904086546,13.201379020328641,-5.85800485664479,,0.3981093009614611,0.3157894736842105,0,3
-0.12290594992507065,0.97788709037360222,-0.16920687324593295,-0.99189694819996721,-0.12656867940454358,-0.010991521522531309,-0.032164757493356705,0.16648485779325092,0.98551926439869919,1.9967484334091823,-8.3331218839358829,0.3561958987557407,1.332265396867213,0.5913640176758721,0.6416184971098265,1,2
-0.83914445901452372,0.41848719351328401,-0.34742631703801125,-0.43724850017582223,-0.89894382869482281,-0.026715949271669395,-0.32349702626023524,0.12949309524784558,0.9373266305210346,13.156808320116054,15.391194888001957,3.9811878826045701,0.1931023521842574,0.1555557726157956,0.2105263157894737,1,5
-0.88460476194305593,-0.16182115797217761,-0.43736521121393923,0.27184294298769884,-0.94097283845900637,-0.2016718414409609,-0.37891401332684527,-0.29729451746533242,0.87637899358074478,-1.5143890743864885,5.0916324939314546,-2.3323175359157919,,0.252114105222437,0.1802325581395349,0,5
-0.81707108899785241,-0.39016839033717982,-0.42445666764177198,0.46125706357372309,-0.8840690376039616,-0.075258607835596222,-0.345885467788414,-0.25727526879142426,0.90231517733056588,15.420729991893529,3.9969900337967532,5.7546064781904764,0.644686190864959,0.2411120602375372,0.3333333333333333,1,5
0.012557426791723439,0.97388229375752111,-0.22670595258607393,-0.99991941287787989,0.01265330583167984,-0.0010303404705556192,0.0018651494111179968,0.22670062143081698,0.97396270434783827,1.0462707354261211,26.515058989914337,-2.2694680498889888,,0.3558774569337322,0.44,0,5
0.72855402291092053,-0.46339562442478283,-0.50445369556013619,0.62167597994509305,0.75654261176399762,0.20288482581163253,0.28762477580977119,-0.46141930155691768,0.83926409222074061,-15.376144656851915,12.315848116752315,-9.2584286409908607,,0.4625724600515854,0.3972602739726027,0,2
-0.31898417628273579,0.92651345007031105,-0.19955430869824559,-0.94042545088716367,-0.33556420391698877,-0.054741541567929049,-0.11768205727680096,0.17020426518853068,0.97835650021182596,-21.206836287981378,10.233119674120715,-12.275093297877998,,0.2286063360477721,0.1304347826086956,0,2
0.83275500509324996,0.41054758745113162,-0.37144283534643474,-0.39662838510759413,0.91047829006841852,0.11711194405795225,0.38627066367909058,0.049799214372781821,0.92104017970377949,-5.248296208479494,21.387169286130696,-5.0417591948743539,0.6671588724174177,0.3082102251245121,0.5294117647058824,1,4
-0.72185655774940749,-0.56703393440909611,-0.3967311775783679,0.61440818440418177,-0.78892911074455596,0.0096664966229728731,-0.31847400674361864,-0.23677705853470235,0.91788394232621839,-3.0337263078746686,13.727441081933325,-3.3745091867694574,,0.07537927168362497,0.2708333333333333,0,5
-0.42036184440823848,-0.64789122295100121,-0.63524238129139399,0.88494198449562389,-0.44739286693188485,-0.12929542410857786,-0.20043353971491912,-0.61650351648755874,0.76141303529413218,-17.252443466601697,11.742052984374121,-10.210603453279852,,0.4363283907026822,0.1875,0,1
-0.33770161946254429,-0.78588741733565382,-0.51801407653254816,0.91328023072918973,-0.40675290067262482,0.021709397818487415,-0.2277648708023487,-0.4657607165357544,0.85509655510970661,-21.765967301736467,8.3707357327405063,-12.386150412458379,,0.5374530486871277,0.4358974358974359,0,3
-0.47774067859670555,-0.73269181161044716,-0.48469222524501121,0.84784298330008734,-0.5290256587541099,-0.035973991279653984,-0.2300567749116891,-0.42812914123986173,0.87394468860360452,-9.2268431768341728,21.116452870983533,-6.9844114860333288,,0.2744365881801947,0.3076923076923077,1,6
-0.70218368112330676,-0.48289848859669138,-0.52320849350440812,0.65091955266451507,-0.7331671827247348,-0.19690002065642812,-0.28851657478063319,-0.47882661985995018,0.8291460994241876,-21.809551396230212,13.130359271808263,-12.664461997756042,,0.5334152142124832,0.3333333333333333,0,4
-0.40603112017850768,-0.70861250159510991,-0.57706763211057632,0.89173766224955775,-0.44531573358529108,-0.080609175328176644,-0.19985662654082981,-0.54732277497333803,0.81270850175398379,1.4668541295475361,12.549885687493237,-1.2639417393380936,,0.220611233807592,0.1176470588235294,0,3
-0.081566210986080981,-0.82505490475315391,-0.55913447163284358,0.99380331418804302,-0.10983115628580782,0.017090635382721295,-0.075511098086551376,-0.55427567261398669,0.82890080999723736,-4.1871155677753897,7.315012518700061,-3.7576366578336673,0.540293034906515,0.5746691567583484,0.2634920634920635,1,5
0.88201819680285198,-0.20099788697726428,-0.42619684412172737,0.29523354244768191,0.94065111117710054,0.16736977760360011,0.367261563361098,-0.27345079351130186,0.88901271509782187,5.9874169556524279,10.03454556622979,1.0718254645066683,,0.1620545803266482,0.125,0,5
-0.88309306504462859,0.29757650285710174,-0.36276006315114334,-0.28672431129914816,-0.9542533709427955,-0.084791941564876822,-0.37139710254673941,0.02913295370623491,0.92801695201555323,-5.7284436342095111,10.04588347443603,-4.446698432329514,0.6512013705835239,0.5218800940682379,0.5359116022099447,1,5
-0.79487297643822963,-0.40708748761351299,-0.44995191827210551,0.50935789455305736,-0.8506471678551708,-0.13020726199583998,-0.32974457779424671,-0.3326847956376946,0.88350967180150286,-0.9549473445048926,9.6564100182688879,-2.2117193315186809,,0.4798918994958192,0.3070175438596491,0,3
0.57709364982854117,-0.65477757522560009,-0.48808733471506549,0.78721552659048644,0.60507802463100879,0.1190474644984052,0.21738131019578424,-0.4529314640100856,0.86463775934621556,6.7043591625943941,-6.446890334437585,2.2912566248880233,0.2442752468323589,0.1661442329165733,0.2391304347826087,1,5
0.25262336326659873,-0.84947153819569476,-0.46322731150841401,0.96462979742547128,0.25837855927195691,0.052248196403730532,0.075304649595938161,-0.46004198276243097,0.88469801844767615,-9.2311224275389598,12.521385447143791,-6.2689470770876872,,0.07577059132167437,0.1224489795918367,0,5
0.77184467957327063,-0.49372354903516519,-0.40061558599554797,0.56083850888189735,0.82551206130390253,0.063166475261106525,0.29952622183970001,-0.27343535574227223,0.91406627148174102,-2.4850784130244721,11.534837847269097,-3.1313086141202819,0.3636729653309599,0.3334176077375439,0.8384146341463414,1,5
-0.91874987906269223,0.17271649854178889,-0.35506009470757444,-0.14432737999654088,-0.98392590152471826,-0.10516381360574391,-0.36751634943988748,-0.04537434782158084,0.92890952274919825,-16.262852613625856,13.59024967154823,-9.8071134180874324,,0.1517141243377903,0.1428571428571428,0,5
0.86436822429924087,-0.22686856075640613,-0.44877414025553769,0.35476073177027345,0.90761172031990089,0.22446778907400691,0.35638798522901999,-0.35323026665090518,0.86499478767570193,-18.978419231759268,10.181848715790517,-11.081997233920303,,0.3700460602564163,0.3636363636363636,0,5
0.73973224354094758,-0.47017356030292007,-0.48138657133114249,0.57981958461290828,0.80840872189515278,0.10141295609122369,0.34147541224104411,-0.35413579536093548,0.87062183597638232,-4.9515512596344307,-4.5296307823624522,-3.309921494018615,,0.2047716012389543,0.2019607843137255,0,5
-0.11028051584238169,-0.88192121241515975,-0.45831559314266535,0.99064654245710149,-0.13481863045430076,0.02105622948718509,-0.080359416021574773,-0.45170666585141461,0.88854006791031648,9.0635589583989677,2.5001784282740829,2.8678886454374877,0.2688720741806377,0.2329818666133303,0.1818181818181818,1,5
-0.61303636924381988,0.74394287305837214,-0.26596129720320044,-0.7547054430119492,-0.65099737134144797,-0.081376389663474824,-0.2336794904832081,0.15083575216830702,0.96054280050153329,-14.892796669928179,16.630052457352523,-9.4000403267388197,,0.2831960868059665,0.25,0,1
-0.2799875280063357,-0.84229740560568156,-0.46058882386662442,0.95036240872021582,-0.31101644351399282,-0.0089478464122945325,-0.13571395010245646,-0.44023158947745472,0.88756851643900847,-3.7003457789033014,-5.3690110329016418,-2.4934815451971399,0.2574615961208926,0.2115674702405198,0.6344339622641509,1,5
0.91952336242037114,0.093462389425662609,-0.38176113962264363,-0.057628325136075138,0.99287803012022391,0.10426981081115227,0.38878755394835429,-0.073878271957514438,0.91836062569527976,-6.2752982528646175,13.266090369535814,-4.9735319510650671,,0.09079639490736344,0.3947368421052632,0,5
-0.82127487710162062,-0.39620417169023286,-0.41052384897466448,0.44330628450440279,-0.89609980568536429,-0.022015366668597602,-0.35914776118001623,-0.20006846974450479,0.9115840570421756,11.717008168574617,7.3508257851504633,3.9173227130646739,,0.1209056929084413,0.2,1,6
-0.38308525577916214,0.86864452901043054,-0.31416933177008483,-0.91519244079976347,-0.40301370367126033,0.0016586006588422411,-0.12517381158847035,0.28816078302472242,0.94936551444582884,-17.069882297650221,6.9331959459908008,-10.002853912779978,0.1612650432693083,0.2773386031012112,0.651685393258427,1,4
-0.32949439961946897,0.88277400442077625,-0.33487833273938866,-0.94016644074677158,-0.33934814937211549,0.030494216029723509,-0.086720841283699723,0.32488904357738413,0.94176780845939922,9.5290942203629907,4.5551335250904224,3.0210305823705355,0.3999722541737448,0.2430278413948994,0.6129032258064516,1,6
0.89950235384555322,0.28394354782858577,-0.33207164448779003,-0.24950552081367755,0.95774406819660118,0.14308492204883025,0.35866768813179284,-0.045851515577349872,0.93233852650711313,8.1702306289959434,-6.4295478526510772,3.0389607852585208,0.2379731130938176,0.3007608700934858,0.3150684931506849,1,5
-0.092405445927229116,0.93414884719176428,-0.34471316315639872,-0.99567044078695643,-0.090191553273820141,0.022491266330865931,-0.010080025104146009,0.34529902259976869,0.9384385851431869,-13.693894152392398,9.8548755428531489,-8.3407494436667768,,0.08366615732403633,0.1904761904761905,0,4
-0.85747883105893674,-0.29261513215010321,-0.4232096864706405,0.35884445822880617,-0.92957937006506264,-0.084337711303525062,-0.3687285032164922,-0.22418425276147252,0.90209795018584649,11.266893650802503,15.570493627978381,2.984916606156979,,0.1111294262344835,0.5333333333333333,0,5
0.056170020632987656,-0.88574615923002964,-0.46075879827881849,0.99835416842872593,0.044479489023107235,0.036201235299788491,-0.011570789215827448,-0.4620338910355975,0.88678678405320666,13.305252112451781,12.602830162703988,4.1483198350742718,0.2545694359045603,0.1415641909416795,0.1176470588235294,1,5
0.032815366874178624,-0.89768130455085737,-0.4394216962745266,0.99907799269265285,0.017284939689851168,0.039298796128333015,-0.027682417057242916,-0.44030615067221957,0.89742084746571371,1.0410115334192898,13.870926577133563,-1.6384795624618254,0.3243925577721101,0.2808895126396716,0.4411764705882353,1,5
0.90813119983965118,-0.053351272779210826,-0.41527264004583053,0.19068103142633941,0.93571713123087652,0.296772968066915,0.37274450784952279,-0.34869340689765987,0.85992699681665985,-9.2632642599105282,-13.57091269529281,-4.5475763010454635,,0.3761178407572592,0.3529411764705883,0,1
-0.8849419152149417,-0.13046048125686477,-0.44705466055722698,0.24352204158432816,-0.94788888618549871,-0.20543532974786619,-0.39695695227355682,-0.29066599779857466,0.87059660909369907,29.331101025513323,-6.4009063065683236,12.404121727728487,,0.6078165940141181,0.2666666666666667,0,2
0.15011247576685544,-0.75127354054082329,-0.64269301528988332,0.98806120666873209,0.13678701531557422,0.0708827504925333,0.034659724399872506,-0.64566042137048596,0.76283767852683571,-8.0701711901353743,15.187322709187381,-6.0466608571726992,,0.437656139812211,0.2647058823529412,0,2
0.43308032751182846,-0.79821287046484435,-0.41868561397129417,0.88635290029534897,0.46153592702484769,0.036920511959295028,0.16376802514614833,-0.38709275566663137,0.90738042322398749,-10.752027867714462,-4.682526139910828,-5.9979043607667464,0.1189234478688832,0.1174854065869673,0.5882352941176471,1,2
-0.5683439197067448,0.79034803769643114,-0.22876880959119891,-0.79991044973457137,-0.59586570899398161,-0.07132551612526522,-0.19268747063005731,0.14245713795559831,0.97086430694906611,-4.0243587976026829,16.763165667998638,-4.1530195323438157,,0.3616374760869623,0.2340425531914894,0,6
0.92300172747210985,0.057030835033528626,-0.3805460483816378,-0.01704899466903009,0.99404572584882123,0.10762168323560752,0.38441792734506625,-0.092847071989742902,0.91847824054718619,10.434768458898441,7.6345935359063972,3.2805384582937109,,0.07749343835855586,0.4347826086956522,0,4
0.37441795223570495,-0.76101319625946817,-0.52978308029095189,0.91886138003845352,0.38122976912404843,0.10177242950550575,0.12451891951607039,-0.52490263692667094,0.84200490522916616,-7.1341611562195233,-12.666074489815694,-3.4722248689062774,,0.2217896049631413,0.24,0,5
-0.90791109935689307,0.22295403963896315,-0.35494919618619475,-0.21530697834221876,-0.97461071723800119,-0.061456121924283,-0.35963918132164269,0.020626343677361936,0.93286344831641987,13.408687989921106,2.7085209046350736,4.8991519339052774,,0.1992987702575537,0.4153846153846154,0,5
0.27134306255513801,0.94564443672147114,-0.17924715256017301,-0.95220218478845875,0.2908954813209475,0.093224558090345286,0.14029947144335342,0.14538369318732314,0.97937716946431308,-25.955614412636667,10.674164736329939,-14.833004740165455,,0.3298995239071993,0.4444444444444444,0,1
0.27173693909070129,0.90761818914495385,-0.31998165364103376,-0.95557717755194516,0.29390702229772986,0.022156714240584088,0.11415469186798094,0.29974636774665947,0.94716462209439045,14.095251504954172,4.8107976188482144,5.1038645304591723,0.5831292470260957,0.2205610668484935,0.2,1,5
0.57319276814400055,-0.70076753086111421,-0.42470568425467936,0.79052921899355599,0.60932612804097042,0.061524170892726576,0.21567012881912134,-0.37100746269774187,0.90323853890194872,-16.095904668542776,10.948896230628877,-9.6416852692973229,,0.08027378677344706,0.4615384615384616,0,3
-0.027630499306665862,-0.76794962248115317,-0.63991400425300826,0.99881211012794602,-0.046913234668088506,0.013172588004521658,-0.040136319834089697,-0.6387898917046444,0.76833361900032993,-42.499770369548209,9.1167272490629934,-23.103664436359765,,0.3382536052982275,0.3529411764705883,0,1
0.80177031026665901,0.49178131974141182,-0.33958136451857962,-0.49121501852321625,0.8659247141121017,0.094245398121666366,0.34040002225637611,0.091244304168919849,0.93584309678737698,-4.8767775196263763,12.782917922301611,-4.1936623740205006,0.5697618324070877,0.4540914876261058,0.8024691358024691,1,5
-0.45381429005735596,0.82461894182372752,-0.3377220616501902,-0.87518920455601334,-0.48375339446396287,-0.0051487448186346178,-0.16761994621270992,0.29323412852209135,0.94123179902802845,4.0474870924034914,15.957046799968673,-0.28361064885875836,,0.08364495588826119,0.2631578947368421,0,3
0.57061200129932121,-0.61633339562472111,-0.54271087091644332,0.79277361287170878,0.58584559545580117,0.16821098959157124,0.21427072293601238,-0.52623006729256594,0.82290338045832556,-7.9289944530347558,-11.836391431261038,-3.8974262313762824,,0.08183181315957425,0.2285714285714286,0,5
-0.88316293489862085,0.28810001229201848,-0.37016430586780813,-0.30124095350513641,-0.95326557209112595,-0.023208554394826483,-0.35955127360721956,0.091011713439096073,0.9286763427934992,-16.441320137896806,17.195876393586413,-10.274519686402229,0.1733592063588345,0.1877001434557517,0.35,1,3
0.48774603449598009,-0.75185991351543824,-0.44363326778094964,0.85757565572797967,0.50771804771491413,0.082379480013421325,0.16330278790079364,-0.42062935522038142,0.89241422276357407,-7.8202810589917604,20.686353649465243,-6.2625118268074962,0.4263705049328414,0.1598723860758799,0.5,1,4
-0.64359210929279642,0.73092594969793034,-0.22701641551708904,-0.72432300745013045,-0.67749695649388386,-0.12788297314311495,-0.24727591418180489,0.082128740400074882,0.96545817737789619,-11.28935846129942,-5.5187860991852506,-6.3140937555991803,,0.2235337775815571,0.1851851851851852,0,1
0.69582916455354404,-0.58875384199305825,-0.41132795588815835,0.66590869616486326,0.74341878966066288,0.062402816855393353,0.26904903294516697,-0.31732856271991788,0.90934877860663677,3.0603370074964977,10.947456280223458,-0.59415934210134724,,0.08291692879460313,0.303030303030303,0,5
0.6866408009689775,-0.48390764763578742,-0.54254750852278311,0.67693693584709347,0.69771333254538348,0.23441947545876604,0.26510525330635915,-0.5282324243626223,0.8066534017292416,-3.5798336666753494,26.546059893990552,-4.6514415709479744,,0.4204549531256053,0.32,0,2
0.90910140756312918,-0.11475080984209367,-0.40045834041423278,0.16679384307175057,0.98115954989405763,0.097497443889814711,0.38172561438825925,-0.15542904906186292,0.91111325642185204,-35.213653480830523,4.6638420578586333,-19.010862324464824,0.400626647488942,0.2839895754447507,0.3333333333333333,1,5
0.016001087607459528,0.95408838566704923,-0.29909750505582883,-0.9992113639277963,0.026130387244880544,0.029897375469835733,0.036340272328783667,0.29838323545010975,0.95375407176556426,3.9941112021922711,2.6002313898750566,0.47173324141374651,,0.1487102685764016,0.5172413793103449,0,5
-0.5208683423633137,0.79333184283050795,-0.31515195870380569,-0.82725155377177773,-0.56018970471241192,-0.042922738920076919,-0.21059685825262042,0.23835285164094849,0.94807008254071301,-9.8914056533645187,9.928325414591173,-6.5377243427159275,0.9027737294004374,0.7513111043642796,0.7751937984496124,1,5
0.30225750724718292,-0.85486298403607441,-0.42172227571905463,0.94890844082689663,0.31190171853068654,0.04785487336806183,0.090626542691355269,-0.41464032184839839,0.90546133725149702,-4.9474630930458456,-11.86466332800981,-2.5917491713656777,0.3931814665092893,0.2813344866588549,0.6453900709219859,1,5
0.26339805423991536,0.9203814394502412,-0.28899735455212416,-0.95608312171570653,0.28898137558648873,0.048936989430161844,0.12855554983342277,0.26341558511151197,0.9560782918398385,23.419133747922015,-6.7338752352371429,9.8184632104571303,0.421830197524951,0.4535286602527064,0.5569620253164557,1,5
0.035385682986644899,-0.87495416422300765,-0.4829110310899809,0.99903519948890984,0.043546054291986394,-0.0056930956214340418,0.026010067699336899,-0.48224366420350095,0.87565091487067959,9.1206188366684025,11.651961974334482,2.2357183042370012,,0.2964374961670117,0.2631578947368421,0,3
-0.39739515112189316,0.86228667779832391,-0.31390887078312618,-0.90776804147076184,-0.41946150878899352,-0.0030373555600913221,-0.13429175979614263,0.28374941045928342,0.94944825836633362,-14.832101992670601,10.358436693216126,-8.8599692035993982,,0.141039009912323,0.1851851851851852,0,4
-0.91556988813218565,0.15505674596261998,-0.37106493431352661,-0.15128740691046288,-0.98770258887317575,-0.039442571462014735,-0.3726176330448227,0.020025020966572091,0.92776888182314221,-18.018754420398459,16.96725793543132,-11.13048138710878,0.1727166630885981,0.1113059381700932,0.1904761904761905,1,4
-0.12487542516841674,-0.84623986395690265,-0.51796160170345651,0.98822284710604635,-0.15261874861898692,0.011096036571421251,-0.088440559963327989,-0.51047586644245702,0.85533189881659144,-26.660559824202036,6.1427661970215075,-14.935477208535007,0.4030451698952078,0.2504272326727215,0.7377049180327869,1,5
-0.83644735578038876,0.39972351285169783,-0.37493590689809353,-0.43379223106760229,-0.90098415620654881,0.0072007312244449142,-0.3349330101279796,0.16866731615305086,0.927022769509109,8.0427788863377305,4.5921526643761501,2.3586547605997232,,0.08401840233610237,0.2045454545454546,0,5
-0.86937898899240584,-0.24073253983149254,-0.4315414438554222,0.32849122665295211,-0.93395741107420582,-0.14077310933415807,-0.36915266152444631,-0.26414276171390116,0.89104147710618475,-14.563610608116054,6.1402454164308784,-8.6336006615703358,,0.314080974835364,0.2159090909090909,0,5
0.83909004993124314,0.43579220475247399,-0.32559644098693935,-0.40684374006604868,0.90004620188098161,0.15618900617101245,0.3611177914136231,0.0014102328165748262,0.93251914294986438,-12.938016073782528,-9.7405477920679306,-6.4933597737487077,,0.08661150842499785,0.2727272727272727,0,1
0.28523417848267635,-0.82335054346592829,-0.49064788392458458,0.95373928657952378,0.294553931955153,0.060161070506929912,0.09498861331808911,-0.48511015629866883,0.86927860873012797,-16.618937819929226,16.011066816192297,-10.218246067780679,,0.1430655065840071,0.3181818181818182,0,4
0.75871814752172029,0.54989677925204528,-0.3492281557799089,-0.55396543919364238,0.82672299458399334,0.098241449526507749,0.34273760342309045,0.11892275810080238,0.93187354979390535,-9.408932400559614,-2.0731487424994617,-5.5252448785319466,0.2449631936325185,0.1482489811887251,0.6367432150313153,1,3
-0.049823639099664314,-0.88760920459628134,-0.45789464388964529,0.9980131743034335,-0.061948838802316254,0.011491096023937506,-0.038565644084510277,-0.45641235882368825,0.88893219640720933,-2.6236953136122185,-14.41339263878511,-1.3862045903484106,0.2030513433960092,0.1156319397463753,0.1666666666666667,1,5
0.91082821900406952,0.26087001525461107,-0.31990434602695567,-0.15221433020590661,0.93263429381542695,0.32714533724228373,0.38369617296220504,-0.24927917911542322,0.88917778746080833,-3.2560048818470557,-10.705965880899912,-1.8333433828576668,,0.6028203283359983,0.4827586206896552,0,1
-0.90087476729215465,0.20569229600038078,-0.38225035385516348,-0.20528497038791327,-0.9777856930793829,-0.042346420652803168,-0.38246925966558321,0.040321430720676822,0.92308799560794752,-25.272610535513593,7.1224378712597538,-14.178580259268518,,0.07565877254126417,0.3333333333333333,0,2
0.91900747458278731,-0.10046845077576601,-0.38122349358307533,0.17156540854591423,0.97253626447253938,0.1572848526599834,0.35495150690121191,-0.20995071965705817,0.9110050071564052,10.613673298087456,1.4688834757946094,3.6464441248676125,,0.865017914877983,0.3103448275862069,0,2
0.86646031905064824,-0.27393026856346236,-0.41738318542485442,0.35535509990665187,0.92561808918940081,0.13020716545450209,0.35066974275090007,-0.2611385856783941,0.89935386283092456,-8.7160660769485041,-14.688980204946615,-4.1945152839735496,,0.1615077062453576,0.25,0,1
0.56045113513403377,0.78103180241902526,-0.27547023203435755,-0.79160314871257664,0.60295969394700688,0.099015465578197195,0.24343167434684537,0.16256977297585593,0.95619667895222826,-14.37097446131755,12.393590311176226,-8.805793240956401,0.4175701659155047,0.1807710130425114,0.4383561643835616,1,5
0.38689597184857688,0.90085553328454682,-0.19690306020466355,-0.9042645673064571,0.41247365612437792,0.11032259658590189,0.18060204672542449,0.13536909231432623,0.97419613505935443,-2.0135602688231944,-9.7741223271779312,-1.3272583197262964,,0.4494029770588362,0.3166666666666667,0,3
0.82345108284067803,-0.40427123921896341,-0.39811189295081162,0.46595698267707053,0.88219535169654106,0.067937116066966091,0.32374743931496186,-0.24144590819763304,0.91481772444111786,2.7449074756031178,13.487400267731624,-0.80156900657949404,,0.07849042222157589,0.2857142857142857,0,5
0.92189638186000433,-0.032423345889185037,-0.386077437510643,0.068610126324516491,0.99440507497071351,0.080319346599834224,0.38131314123587184,-0.10053493678239757,0.91896301057604712,-0.54276323131090443,13.675505581051304,-2.1716337652862903,,0.07559263745343031,0.3428571428571429,0,5
-0.25250868607576654,0.89603084942259936,-0.36519594786813447,-0.96440473388499282,-0.26368393079793989,0.01985683507419251,-0.078503966246975962,0.35721072425385331,0.93071887579522694,-0.88406981477818636,-3.8552503763358388,-1.3246446788306971,0.1153744006121304,0.0957522773144672,0.3657407407407408,1,5
0.80533244477291099,-0.36587820780503455,-0.46644698567946891,0.50334439837805711,0.83768537388756703,0.21196139034333383,0.31318376397495201,-0.40548286206475259,0.85877795649065103,9.444519509219484,-4.4715618255862513,3.4477489815100464,,0.7000373867749334,0.7944444444444444,0,5
0.57437030990883686,-0.70117906242567196,-0.42242948466114533,0.78972380496934347,0.61047572154698115,0.060462428552230142,0.21548795548700025,-0.3683304437832241,0.90437692652039936,3.0844493088894551,1.6836879774289553,0.09834056170530027,0.1713813344254731,0.1271065164255584,0.3048780487804878,1,5
-0.48079725677296992,0.86642229294607376,-0.13470860464593343,-0.86117233452960562,-0.49550991773218805,-0.11336724249036341,-0.16497335578939848,0.061500664346881277,0.98437871785430042,-16.927605372658842,10.137491980267143,-10.033361815488361,,0.5468993386399659,0.1538461538461539,0,3
0.81218978716326917,0.49832765778398797,-0.30334352657541391,-0.48746459315646251,0.86534760379407938,0.11641217731255625,0.32050900150618039,0.053320447254032906,0.94574357510804241,-19.071378204181929,12.349840146166558,-11.224670334260907,,0.396330118513244,0.3076923076923077,0,3
0.62227808278082253,0.71792971854725929,-0.3120046584865005,-0.73096315181474447,0.67554796297324626,0.096580642013569265,0.28011222461663393,0.1679638918022304,0.94515886107625835,-21.081723573147478,12.308543821571734,-12.235945251408177,,0.275691537041956,0.59375,0,1
0.26506794790843041,-0.84802518281014805,-0.45890333656602172,0.96027072649795675,0.27524964184385631,0.046019197036822265,0.087287541050820761,-0.45286965451953443,0.8872936161117454,14.68258917254925,11.613717165510884,4.7449821473331184,,0.1269282003747157,0.2941176470588235,0,5
0.78717330885649905,-0.47325028387109963,-0.39546472742816613,0.53147220769547165,0.84584308933024543,0.045681075726906585,0.31288252471368766,-0.24613743528400878,0.9173444765629748,13.941114882897248,-5.733022220668512,5.5812227020517673,,0.07049177575111484,0.16,0,5
0.25691430690759204,-0.86743828690410296,-0.42608198426953869,0.96170024802890164,0.27305210289441911,0.02398295323944637,0.095538849937297693,-0.4159247137617712,0.9043666074302209,-12.346341544333646,-6.3838646298849149,-6.704747238593959,0.2642203014050459,0.2494446827339232,0.75,1,2
0.61021056787321992,-0.66897479608902699,-0.42440050076960095,0.7565914119545295,0.65096738334744098,0.061732496907528613,0.23497339894655009,-0.35876759610565634,0.90336776219437609,-16.485793021378413,8.400094117869136,-9.6552490625990615,,0.07447256549775888,0.2553191489361702,0,5
-0.87599726899620456,-0.27960937984847362,-0.39299793817772616,0.30636316757371124,-0.95189804137156486,-0.0056327956807666708,-0.37251898510732834,-0.12533440682323088,0.91952209989802591,1.1088879110521268,-7.8844493528386668,-0.12658009913566562,,0.07098717088044396,0.25,0,5
0.50764084349669103,-0.72644069750487383,-0.46323286479113396,0.84106946517099013,0.53442578386192519,0.083613613129392597,0.18682325543398834,-0.43205670293631521,0.88228344463491293,-19.663659442294527,5.9025575080564101,-11.30847186452568,,0.100198194646093,0.1372549019607843,0,2
0.70399681144773285,-0.58233368961120846,-0.40654146580050443,0.65506942135571988,0.75356800758675901,0.054948258811403979,0.27435842009333,-0.3049962817568756,0.91197846763965473,-8.2114445888612533,2.7173364288934332,-5.3132382660131166,0.456849797328913,0.3748510307057516,0.9576923076923077,1,5
0.88902072734548998,-0.23799639292550659,-0.39115196957773807,0.28006472438987307,0.95849806219633638,0.05334055603658816,0.36222354493119324,-0.15696872847900567,0.91877903860349563,-14.691159371194983,-9.9412362884636867,-7.28978970227032,,0.1356703831808025,0.5555555555555556,0,1
0.85419728279477869,-0.30874342537397226,-0.41835929457149995,0.3891697871086186,0.91323122358644193,0.12064662891536694,0.34480991700913854,-0.26586882020115887,0.90023324287486428,-6.5422708968809555,9.5697561394149826,-4.8143618351682482,,0.0707647653234848,0.1639344262295082,0,4
0.71109805568339457,0.64112451645577462,-0.28861550478560094,-0.62425420152046029,0.76458260493320918,0.160374973476547,0.32349072179484628,0.066127109666911169,0.94391787687263962,-19.891800828104298,9.0892103086679672,-11.488973733466567,,0.2643292299983089,0.391304347826087,0,3
-0.83255247297553614,-0.31113151613643442,-0.45831600387610716,0.38986309591429058,-0.91686881609066129,-0.085780770133140727,-0.39352655080241389,-0.25009748848629726,0.88464009634788909,6.3292943336522196,16.954383667108793,0.57567609511064133,,0.1894147982071641,0.2222222222222222,0,4
0.8520911527437619,-0.34499878281046142,-0.39359434355069972,0.39463880568681214,0.91746605702105755,0.050162209484028636,0.34380354922817868,-0.19807037656735296,0.91791461774207161,2.279297141838017,-3.8540491391808098,0.072895879991960219,0.2450182179049909,0.2153378227821216,0.8571428571428571,1,5
-0.69438045102664048,0.65609142812451471,-0.29560079021134689,-0.66526810083307919,-0.74187908179675577,-0.083867645766108806,-0.27432488630451668,0.13841772261504698,0.95162302978652025,6.3276002417387236,-12.431817880418892,2.5044759272189574,0.4577320397566025,0.3088139149543395,0.3571428571428572,1,6
0.63825008571581598,0.69894427434212392,-0.32266659177565021,-0.71888742539470207,0.69107177007051979,0.074971182603544684,0.27538645154242591,0.18411059169955202,0.94353886635946815,0.16350309052943796,-17.234244764001069,0.015377769102078423,0.5314554909560238,0.415718106814483,0.6595744680851063,1,5
0.93914589999201747,0.15966306318786444,-0.3041589794526085,-0.099883297231066259,0.97408712468276915,0.20292264649739541,0.32867659707139885,-0.16019356972339574,0.93075760257805129,0.6275286217923719,16.374754347572107,-1.9643452468953153,,0.4500125863675918,0.375,0,4
0.83949095186269085,-0.29983770941424531,-0.4531581288622003,0.42937330607667668,0.87714950452948515,0.2150518791651489,0.33300676535088042,-0.37510811070529504,0.86510138106099821,15.971617843117373,6.6769379733798431,6.0034558176176098,,0.2917379956517309,0.1538461538461539,0,4
0.81049101557885539,-0.41104585853773823,-0.41730757942425339,0.48906406171475081,0.86695936075015323,0.095905215430426571,0.32236727067899784,-0.2818204552310915,0.90369052988748,2.4769205817335767,2.607837937815527,-0.13243738141898856,0.1807408991054609,0.1309212753995939,0.4647058823529412,1,5
0.79812517783917925,-0.41007898323304443,-0.44139713185489726,0.5092708632376256,0.85064465668918154,0.13056360864860717,0.32193071980844068,-0.3289968017423503,0.88776219568470138,-11.299026190379323,8.3371438089105396,-7.2743434869663304,0.2996268441793469,0.1598332024163016,0.1458333333333333,1,5
0.79663290888074278,0.51038843862031258,-0.32385127792078694,-0.49552984145740031,0.85824649198055925,0.13365304047521237,0.34615918984393729,0.054005561989339854,0.9366201015143788,9.5990611058177375,-12.261665428165536,3.9483625050077702,,0.06910281667038629,0.2941176470588235,0,2
0.034259194507435968,-0.81373506399746798,-0.58022543309711927,0.99882514755959617,0.0079684953230616633,0.047799871180147363,-0.034272907583892107,-0.58118133891525126,0.81305203960289218,-3.2687945464532042,-12.336728882466344,-1.8031121178722729,0.6111648599561162,0.3460303138761456,0.2380952380952381,1,4
-0.52331781081398798,-0.62273980017139197,-0.58166451685430332,0.79743860569644143,-0.59850877710963712,-0.076674075590401569,-0.30038332015904384,-0.50396665068754487,0.80980706095032751,-18.836789570750724,7.574199574572746,-10.927672798075143,,0.4053870419475296,0.5370370370370371,0,3
-0.57358514405409944,0.73716884574584762,-0.35718647144338361,-0.79134394914805173,-0.61130266632995323,0.0091544680161061206,-0.21160065374947762,0.2879082197500214,0.93398823350895011,13.711218838919095,-8.1428068995607852,5.664514814107811,,0.08699914093734598,0.2631578947368421,0,4
0.1955911602602457,0.95031915895025854,-0.2421520063103452,-0.97677070491080342,0.2108191411274456,0.03839635089874846,0.087539065885492387,0.22901699907727519,0.96947827519627061,24.716609735001281,-6.399953745607724,10.441229426394175,,0.4426934817025985,0.3333333333333333,0,3
-0.81258068828549035,-0.38260899946212479,-0.43968509021351915,0.48340869304998163,-0.8638552625200131,-0.14166905413740769,-0.32562042397427599,-0.32766513233340971,0.88690862017670191,-15.744271587469509,15.183209489054496,-9.7317539262307839,,0.4589135760117397,0.3333333333333333,0,2
-0.81677106403777477,0.45860410086520931,-0.35009614053887234,-0.49065482401588661,-0.87134784849276881,0.0032818587662617649,-0.30355044493550032,0.1744568875012828,0.93670802376344786,13.459298342814114,-10.274679270061252,5.523971435353987,,0.1204355940948959,0.5,0,3
-0.79688235207036362,0.55201742591960878,-0.24546950613038257,-0.52984037129359374,-0.83380710257174184,-0.15503192138518795,-0.29025453985471317,0.0065174521099606031,0.95692728298012419,28.15167697964937,-5.6107793334426992,11.811561023020738,,0.2072651227521588,0.2631578947368421,0,4
-0.4141065740344021,0.904221255234407,-0.1044014699312364,-0.89832656533661337,-0.42448217475299244,-0.11324427282424805,-0.14671444152506963,0.046891416051154766,0.98806683364472025,-19.716410445107275,17.814491097158523,-12.082233932416784,,0.5099895962545204,0.2380952380952381,0,1
-0.53529737825213231,0.82936816630683019,-0.16001612904091275,-0.8338180561395595,-0.5491160408655289,-0.056736433795329257,-0.13492281531319467,0.10305347340585526,0.98548252928550117,-5.6705244713057112,24.036546857623019,-5.3869770936842887,,0.4174939290049954,0.3333333333333333,0,2
0.77985326738498573,0.53189498571962723,-0.3300251589125886,-0.53414044041807018,0.84035297573729684,0.092200141428634599,0.32637841726889916,0.1043772021841351,0.93945863581387135,-20.709401583679664,7.0744364005926297,-11.87553671606755,,0.2331767359265301,0.2,0,3
0.68730692841805974,0.68112572680700467,-0.2523428826619909,-0.6567604816894832,0.73113752970172818,0.18467155263508769,0.3102818973764529,0.038802795560185496,0.94985235021932957,6.2388820773344067,5.2972810938678609,1.5016045828531783,0.6784443096262854,0.4769030067799018,0.2538860103626943,1,3
0.87428064768888569,0.31606763343202071,-0.36842176940754523,-0.31452944592530141,0.94695092484214716,0.065993738994903212,0.36973582017790413,0.05818244612669897,0.92731344551887529,13.979751226240602,-4.7298786891227564,5.5179050074872569,0.4044758993991772,0.2339566162942308,0.6296296296296297,1,4
-0.79480847223904805,-0.36668728418828728,-0.48354930262761026,0.47433793681790626,-0.87238266307325807,-0.11811863047183353,-0.37852742853373494,-0.32324746678640476,0.86731082148432193,-3.5378993205669862,12.841068155968783,-3.6273678894408365,,0.2062848292131669,0.375,0,2
