axis_00,axis_01,axis_02,axis_10,axis_11,axis_12,axis_20,axis_21,axis_22,location_x,location_y,location_z,dbh,dbh_approximation,score,reconstructed,number_clusters
0.86575047474300781,0.46735749084737549,-0.17903377120281366,-0.42534235125459674,0.87560708258354036,0.22890199029006364,0.26374229791875925,-0.12202136156585969,0.95684418146851158,-4.6413096901210587,-14.165197468886726,-1.8902423923452145,,0.09010972448955375,0.3478260869565217,0,5
-0.96710273881088027,-0.084433752352025868,-0.2399650683917379,0.060598745496924504,-0.9926201818732503,0.10503792925469677,-0.24706291633649452,0.087040886953617724,0.96508227595870522,-8.5392780068297043,4.3860225095142686,-5.6821100804154812,,0.1998579793178091,0.7134146341463414,1,5
-0.85995603455892633,0.48059828419492878,-0.17175828321970041,-0.48327586286760199,-0.87499811822703522,-0.028683330851276095,-0.16407333419926265,0.058340229070853553,0.98472146248403647,4.1357607881870297,-10.444754588107937,-0.41925541198273569,,0.2837831366041214,0.2173913043478261,0,3
0.21096115068063956,0.97551575012274883,-0.06216441237516656,-0.96012225375153504,0.21872889579865026,0.17413479834247697,0.18346839170432733,0.022949758280914657,0.98275768012276266,-12.074376940604028,10.263354319856342,-7.4513976628255501,,0.3996573904599782,0.3333333333333333,0,3
0.50396846034171117,0.842450383369023,-0.19050759182297686,-0.8232548699768294,0.53524850229840115,0.18910436231549846,0.26127994572917007,0.061533668415780826,0.9632997444259277,-15.69028699706938,9.1968730494890583,-8.0742622130348742,,0.1357560681353623,0.24,0,2
-0.8553556123588506,-0.44905679770608364,-0.25829202240907717,0.44728690090092516,-0.89171872522543194,0.069080701826016777,-0.26134499170380115,-0.056442072218216663,0.9635938396415018,9.7662325324419221,4.1426482591003797,-1.5804357926552841,0.6576352343573859,0.595533926317342,0.8852459016393442,1,5
0.70644175367252871,0.68744670628863391,-0.16839558985018105,-0.65910772455009248,0.72567667979167017,0.19740912806893432,0.25790900741633938,-0.028467216573559394,0.96574974060264318,-12.809117216029227,12.406480041053886,-7.9643396705267735,,0.16256670220723,0.3,0,1
0.94045175733490105,-0.18976459733392273,-0.28202817186300827,0.28902980715545951,0.88309398077232593,0.36960356018221097,0.17891971020928407,-0.42910886581656821,0.88535491108156428,-15.373849707456554,0.48738153833936787,-6.622079756879133,,0.3027439816828425,0.1290322580645161,0,2
0.55302366331778363,-0.76789491526271636,-0.3232680419160604,0.8324849268061294,0.52496305655683251,0.17715144902343022,0.033670082434882981,-0.36708471551424332,0.92957793497084196,6.1211404213974987,9.0363244593204435,-3.1980634755696196,0.2872318194044871,0.1907005130199907,0.3076923076923077,1,5
-0.59918557951912921,0.78608651999003532,-0.15180455983362584,-0.79965305753879223,-0.59688131339675499,0.065480419108506507,-0.039136030268615965,0.16062590328997547,0.98623916487183438,-16.266855856485353,7.6091299914914634,-7.9142031307226715,,0.3579553999148794,0.2727272727272727,0,1
-0.90110535557650018,-0.2903855251947734,-0.3220021504721734,0.33852806636048988,-0.9351931258309123,-0.10398348755852929,-0.27093889797807996,-0.20270684289377758,0.9410111845278254,-10.943867365274443,9.552246147129571,-7.0537983987064967,,0.4658896798498958,0.3478260869565217,0,2
-0.51319730298857302,0.84690118411642135,-0.13923689362901584,-0.85826040238071366,-0.50559974267098706,0.088079406879967792,0.0041964163937788261,0.16470362641191244,0.98633417538693002,0.27673767974446006,12.48171411365508,-5.0539115975384128,,0.1401551680750573,0.3157894736842105,0,5
-0.93905411387877646,0.275879848572336,-0.20510407201967001,-0.27905273579463513,-0.96017541991396449,-0.013882854121935915,-0.20076588817046226,0.044198101144126048,0.97864170461021038,1.9883006791575617,-10.493846985544254,-0.93053779468671971,,0.2492658624466056,0.1666666666666667,0,4
-0.91647266116209325,-0.30114357168016892,-0.26342059634390763,0.29977025781554001,-0.9528823038516584,0.046401589795597692,-0.26498236520884505,-0.036439871597813228,0.9635644669072535,-0.93981543898731823,-9.6376687544446362,-1.7336658743501818,,0.09741102488930765,0.3333333333333333,0,5
0.81995499659695681,-0.51490717822387999,-0.2500887869721603,0.55844164747225511,0.81552681583081021,0.15185170077853616,0.12576458135802263,-0.26417155500617773,0.95624090040191234,-7.2061426954163759,11.174324071721001,-6.5412136477317828,,0.08331119402386655,0.391304347826087,0,2
-0.67170831954215193,-0.68425530340146645,-0.28390599364019364,0.71168544264677192,-0.70243848058362879,0.0091657907477580413,-0.20569823573022455,-0.19589502485344132,0.95880830985924559,-3.762986101468158,-16.792983514276187,-1.289145138968506,,0.5221889335465574,0.8080808080808081,1,4
-0.15050862393773318,0.96945122048142185,-0.19367881976987461,-0.98412423728918652,-0.12828354494461519,0.12264916500498541,0.094056577124341692,0.20906377783711003,0.97336822276881863,-12.131273301616485,8.6682236284897396,-7.1915508251593385,,0.07404070149927933,0.4,0,2
0.93265461943479022,0.32822886069431345,-0.14973702232332911,-0.28149989532479786,0.92167161804165654,0.26698171740514459,0.22563946857558451,-0.20685077593227816,0.95199768209651658,-5.3509652521007425,-12.196861094776844,-2.3508842350194961,,0.2026919747873741,0.125,0,4
0.075669362050296229,0.99340176740793562,-0.086180485944866908,-0.9849590055187003,0.087930026958415605,0.14874161423995569,0.15533803492550272,0.073629062671505596,0.98511362595164687,26.27210228954262,2.6603477588807318,2.3694835300910531,,0.2513450686845061,0.3529411764705883,0,5
-0.25974692800419041,-0.93239704676459401,-0.25133101793660556,0.94659859652232137,-0.29731908868374041,0.12470948867765608,-0.19100426815743743,-0.2055166822643226,0.95983345579152857,-19.31211735699971,-3.7713203159999673,-6.8182689968183681,,0.0667962044985681,0.103448275862069,0,2
-0.74507995257701043,0.64479103178132446,-0.1705883630328158,-0.6604408889093828,-0.74895480971964612,0.053707776479705767,-0.093132682364598152,0.15268011767150519,0.98387757629869343,16.055876966383661,1.7890324068972363,0.21953599501050214,0.2337192740894627,0.1886991310475144,0.2,1,5
0.55312852553500713,-0.78196189570596453,-0.28737506486019943,0.83069383516186412,0.54385747521931305,0.11902436251519684,0.063218561068277057,-0.30455646489938343,0.95039400946367913,10.989499658798579,1.6242471859440515,-0.90468630460238875,,0.1264066814398787,0.4313725490196079,1,6
0.029011665469851254,-0.93152420694396576,-0.36252030997460283,0.99219016590615661,-0.017179108317702856,0.12354575232084528,-0.12131363462439193,-0.3632733545346058,0.92375076288975011,-5.5725516276473623,6.7821096703594748,-5.486923317652165,0.3702731437067458,0.1676303709481498,0.2040816326530612,1,10
0.96150872083964822,-0.12898620995255411,-0.24261808957985559,0.17958652257221908,0.96328239762913304,0.19958883568047289,0.20796552757541578,-0.23547734510976773,0.94936861085688651,-4.3808098939529154,4.2343499199553927,-4.7715375834887386,,0.07155375428652358,0.1625,0,5
0.82170136584103837,-0.50261693355721304,-0.26866909661610866,0.55813451931697711,0.80505096739511173,0.20094476415921253,0.11529407496388826,-0.31507008426338862,0.94203934009174073,-4.8988587215937711,14.852043984657634,-6.6604229650091975,0.3883742505993389,0.3212580452756861,0.7692307692307693,1,5
-0.76388901846543589,0.61157143642097,-0.20604355273073571,-0.63749164445550699,-0.76476215179398277,0.093505371144388907,-0.10038909660578457,0.20277876944450535,0.97406509019944143,-0.15205966889254918,5.7396512987860149,-4.1140962069867539,,0.07910679190677342,0.2,0,1
0.79812662853103855,-0.48912718288309676,-0.35177902693953106,0.59146100088448683,0.74729831108898181,0.30285164466496872,0.11475090092194819,-0.44977753746535748,0.88573833468423413,-14.661515662320294,8.9731469771902184,-7.815988366998817,,0.2328672212743352,0.4705882352941176,0,1
-0.62350717148643597,0.7765242688728573,-0.09082327320934179,-0.78058575263687968,-0.62482866569946061,0.016583766175037578,-0.043871287709621079,0.081235450215449187,0.99572893487283642,-21.922045904364314,1.7152693620344739,-8.2463251287795298,,0.1721573421497235,0.5869565217391305,0,2
0.63692657029814659,-0.70026487229619006,-0.32241844344925341,0.76947911785434131,0.60306164867029433,0.21028203701022627,0.047185074275067983,-0.38202847607353307,0.92294518376477241,-1.9479170871651688,10.074651894912101,-5.1402619903349551,0.4524055858587523,0.1977001767026751,0.3823529411764706,1,5
-0.94739955385466013,0.23670113661713649,-0.21542204455474148,-0.25324578867931979,-0.96598503844875527,0.052340003910441968,-0.19570553357577455,0.10414162192568109,0.97511736048052633,-9.8170009982918582,11.30423233439557,-7.1015280693362461,,0.1559412642585606,0.5675675675675675,0,3
-0.83147368151860468,0.55119104394514895,-0.069569749292023128,-0.54024034116503761,-0.83138324340820546,-0.13016249981441219,-0.12958352796471395,-0.070642307824065317,0.98904892377753928,1.496013079348647,-8.7471678596457405,-1.3113956756111058,,0.7734990786336968,0.6842105263157895,0,1
0.91553842729335433,0.34456142452053101,-0.20752545116586055,-0.30545124223627684,0.93125780323358875,0.1986414924754302,0.26170389138399724,-0.11847501276190417,0.957849019723641,10.675222064463593,-6.8377921963689268,0.4731137301465933,,0.07448918052416914,0.2,0,1
0.94881277828930022,-0.16594053084361457,-0.26873416600476929,0.24710977751542249,0.91992717060732709,0.30441872254294128,0.19670045656077656,-0.35524321387147884,0.91384418222530972,-14.004877310658571,7.0043131747771055,-7.3383577195525032,,0.211799837313601,0.2727272727272727,0,1
-0.39496318349777021,-0.8702646438868773,-0.29435273615469121,0.89352053715385826,-0.43838291630446113,0.097167218631988933,-0.21360040581793732,-0.22463274091913335,0.95074444428646043,-1.6350422919073051,-5.8246423410246173,-2.4926718189899155,,0.2652828748168266,0.1823899371069182,0,1
0.029056966246128572,-0.96396658354302389,-0.26443168971392378,0.99185247854558889,-0.0050209416687908241,0.12729277649470305,-0.1240336789567381,-0.26597596875873603,0.95596675178967838,5.5442602317738974,4.863423999239636,-2.6824878053583339,0.2056115942259078,0.134234480526241,0.5806451612903226,1,6
-0.96555160863769818,-0.1652812502897518,-0.20097810666788901,0.1766439705688474,-0.98346755458936752,-0.039855698860781566,-0.19106804735178812,-0.073984304907632567,0.9787846156885126,-5.4547227135750269,-4.4866130287648431,-3.5494143459070471,,0.337339351033512,0.3662239089184061,1,2
-0.73618951377281949,-0.52700178699839817,-0.42461054663236414,0.62490572630994512,-0.77021624448960746,-0.12751380297585807,-0.25984193856262,-0.35921588665428023,0.89635155700160396,-17.484234548424908,-5.714729862693912,-6.1712749920321093,,0.4663731849810781,0.2272727272727273,0,2
0.25169449655338794,0.94475256944796548,-0.20998205381937396,-0.9495792788919738,0.28298192169124797,0.13498305484366077,0.18694671300596583,0.16542011521394326,0.9683424559415279,3.8861658330731714,-11.765776680752895,-0.27258711471133468,,0.06988213818968594,0.2352941176470588,0,5
-0.9658186084650614,-0.058452473557811295,-0.25254251894995039,0.050487181058018187,-0.9980048717671296,0.037912009678868687,-0.25425471498367064,0.023865964553084793,0.96684277710728339,-4.9558612970865488,12.869196859686699,-6.3357975031556739,0.4133185340614807,0.1573298100910424,0.5,1,5
-0.19186504012178968,-0.92282328980950157,-0.33404338365582703,0.96531410955984931,-0.23886071701094908,0.10542403783621845,-0.1770775995538148,-0.30222960419883643,0.93664336333637432,8.4732216749503202,-10.290362991154421,0.49236352816488138,,0.3909058805590374,0.2727272727272727,1,5
-0.97271443297852112,0.035105516609124851,-0.2293343292638079,-0.057988728347673137,-0.99389936775361098,0.093815532635021209,-0.22464180212038448,0.10455452875212748,0.96881598420831538,-0.9151971713247451,-5.2306754366096904,-2.4355391597007254,,0.06657339289574889,0.2991452991452991,0,5
-0.54409165912870905,0.81249833993387044,-0.2093100907058083,-0.83876898954361856,-0.53289953294883396,0.11173481983201261,-0.020756893952282935,0.23635679678744109,0.97144460262324495,-9.7883737297226592,-0.47786783298475832,-5.2567331251031151,,0.08154779507165462,0.4618556701030928,0,5
0.30819699509166665,0.95116810573283506,-0.017141961762880142,-0.92608306900684223,0.30409462983441626,0.22337548075995345,0.21768041141852473,-0.052968771389208046,0.97458172963696699,-2.7678017805499988,8.5392834875154904,-5.1148033422681305,,0.4965291421124547,0.5294117647058824,0,3
-0.80486374210936162,0.56755390103782732,-0.17342700497459898,-0.58167637970314146,-0.81239099302330964,0.040907991273687418,-0.11767304675737023,0.13380375133510067,0.98399675314275947,7.7918076288927889,6.9541564961832734,-2.478793845017532,,0.4492655581491154,0.303030303030303,0,1
0.91504039594906772,0.36036063021570169,-0.18122165977585405,-0.30688141034387251,0.91352393768557161,0.26701650746873973,0.26177256114178393,-0.1887173321822613,0.94649928408175843,14.320270807215429,-3.8793541952401513,0.7870903142965463,,0.9102135477746756,0.5,0,1
-0.21805854393157229,0.97228549522429641,-0.084329041230686047,-0.97461921882873681,-0.2124632923678054,0.070545926075820331,0.050673954928593688,0.097571846209225307,0.99393756600664718,-1.9805559806020567,16.178039484216541,-6.2296957704407498,0.3823894028629319,0.3597854727325489,0.6774193548387096,1,5
0.95175455757811933,-0.19173636140358721,-0.23958386808170246,0.23813919741840939,0.95390899499188353,0.18261257329792552,0.19352773646739474,-0.23085665896674384,0.95354717671886524,8.6066208032447751,-14.988562480945721,1.3083524383468055,,0.1234496670319718,0.3125,0,5
-0.050684190436533938,0.99829721375954639,0.028875350036316857,-0.98741061707129818,-0.054427328430189353,0.14851915437017205,0.14983786615763006,-0.020984254093938632,0.9884878729379788,3.4500706799670113,-8.2018281102427437,-0.95415067716463964,,0.4732331588255244,0.2115384615384615,0,5
0.25396658452747917,0.9672117342440123,-0.0015604756120070023,-0.94392937259662968,0.24820442191615577,0.21769681782377831,0.21094623365393209,-0.053814738519811646,0.97601519477171272,12.355299677830763,-11.58979784939554,1.5951516236028718,,0.4338355819001666,0.2142857142857143,0,4
-0.4880034486346328,0.86690608503931543,-0.10161925921060402,-0.86859111042481174,-0.49380033086890884,-0.041360804208190119,-0.086035556671049368,0.068081370106386693,0.99396318343927592,-6.3454377295156181,4.7027420133754134,-5.2990625058030023,,0.5638288650592951,0.4757709251101321,1,2
-0.37168745485017074,-0.82937807505913985,-0.41710963129397893,0.90527130941206502,-0.42337721746156609,0.035150932987167621,-0.20574812821109445,-0.36453222127227447,0.90817617640628168,-1.9113120367908742,-11.747297719100811,-1.6558462984030715,,0.4327622555508408,0.1851851851851852,0,2
-0.80481209597613124,-0.50288827277628279,-0.31524732397689559,0.53119604860224834,-0.84723648925360939,-0.0045923007934276956,-0.26477962179870407,-0.17115407205587108,0.94899843809082729,-3.152244668101758,-10.651916660174537,-2.0263682896742581,,0.1582549759075607,0.2,0,1
0.86409730130581819,-0.40417105263985403,-0.29996935524148782,0.48022792374263623,0.84049750075541885,0.25088860572319976,0.15072158151319401,-0.36084582778783347,0.92036584760315521,16.931697262143093,-2.3122739307748708,1.1283372380241599,,0.2059191080734574,0.5,0,5
0.67086169658591643,0.71764631535347989,-0.18689127885870052,-0.69948862879784146,0.69605707007016182,0.16192656788760421,0.24629300078642682,0.022097992327734663,0.96894346403631948,-13.391180640518199,1.0816206091389406,-6.2845399764482446,,0.8321078783550624,0.9391566265060241,1,5
0.72497646242162184,0.67025203947285372,-0.15865475888579553,-0.6413488062545295,0.74090021629169511,0.19934537419967616,0.2511589887910049,-0.042767663969390586,0.96700056322014649,21.978038194282991,-2.3740475764479947,2.3474776259670498,0.2797290219941821,0.2067190287936692,0.2307692307692308,1,4
-0.67812112908196864,-0.68674969422815091,-0.26177584260228631,0.68797236289312758,-0.71844503129631232,0.10261951520489498,-0.25854547411982093,-0.11050608346684666,0.95965756566025961,7.9946407651286133,-6.7341244942375234,-0.17892079277266729,,0.1206940610335984,0.4333333333333333,1,5
0.90967485343615495,0.35127492971869578,-0.22157974812025658,-0.32030586443047415,0.9329917429640997,0.16410533438087682,0.26437816520536983,-0.0783092032390698,0.96123454705431055,12.146594643240656,-1.0531661167399728,-0.15202910071259962,,0.2143994767580097,0.7628865979381443,1,5
-0.24213469128539222,-0.89015344292066634,-0.3860021234819962,0.95427983058034127,-0.29036229017761805,0.07099116417106173,-0.17527348979147311,-0.351164617379501,0.91976226019391871,8.7778812828105526,-7.5660014798589419,0.15549507717519179,,0.177502065099986,0.2592592592592592,1,5
0.94400837958394201,0.24395796149952129,-0.22210964025970964,-0.21146671542016482,0.96416190725628947,0.16022997492766786,0.25323903242728335,-0.10428964290336826,0.96176590854447586,8.0895541026077975,-13.478835826907622,0.89703932008623766,,0.08205285673871035,0.375,0,5
-0.40935503053425626,-0.86970210323911035,-0.27576568060178269,0.88891150493817239,-0.44827944455351737,0.094243705250496093,-0.20558403480049323,-0.20655215131355184,0.95659365115125661,0.70121565742562753,7.8787116282220895,-4.2693354176036475,,0.3343099109288638,0.3943661971830986,1,2
0.41222901745975016,0.88514277335707969,-0.21584602831163044,-0.88554945621854242,0.44496238345930383,0.1334565018920332,0.21417142142501633,0.13612769034972841,0.96726410776211236,9.3317555093505629,-5.8500317351618296,0.037875528377375102,,0.5958508776535628,0.9150943396226415,1,5
-0.50544763619134858,0.8398206525389732,-0.19805039418691328,-0.86264172072434908,-0.49696051631354854,0.094231135465438223,-0.019285972475157506,0.21847543750816703,0.97565185105718066,-7.6499497159330749,8.7450720794074872,-6.2635360006840175,,0.09000499226933892,0.3137254901960784,0,5
0.34776618852567714,-0.84732244167697734,-0.40137682786739171,0.93682692331141149,0.29686512280945632,0.18500382325293371,-0.037603109940528491,-0.4403586932148531,0.89703412835460694,22.069305090667552,-0.31307099374441133,1.8953630824698628,,0.2231985199481953,0.125,0,5
0.93535257285205375,0.26031838543941849,-0.23947839706591223,-0.22221435050348004,0.95920822318883747,0.17475802412830962,0.27520237442536905,-0.11024483103133952,0.95504436040506069,4.1000783476151037,9.7252629537482509,-3.7807026514003144,,0.1081912668084123,0.4347826086956522,0,5
0.3918327527759316,-0.88010530845629786,-0.2681077020137243,0.91964451925124324,0.36616170139234022,0.14205480155424627,-0.0268524126138623,-0.30222550266400622,0.9528581707034387,-25.378452206140317,-1.1147593997383549,-8.6568261637510933,,0.3000652857522956,0.8333333333333334,1,1
-0.00070822100558939243,0.98983807404402879,-0.14219734735857786,-0.99111279203481684,0.018220633150743855,0.13177041394993569,0.13302229846141828,0.14102693253557927,0.9810282729930101,7.3685883375081875,-11.287642857023693,0.41018749614039868,,0.103609378578729,0.6153846153846154,1,5
-0.88899444160057806,-0.38367144668891279,-0.24997020582244056,0.37516447216641396,-0.92324995986521585,0.0828319408982639,-0.26256523308955548,-0.020142805279161582,0.96470397831050414,-2.3972779674267892,18.313894484611115,-6.7455065387776214,,0.3311358382584724,0.6896551724137931,0,3
0.57256485591218609,0.81158182610505514,-0.11620854232903678,-0.78139200882377202,0.58309851978194238,0.22231204370086682,0.24818544340997514,-0.03648363693616212,0.96802527338665223,16.766998838660491,0.93978272742980862,0.56167464340376705,,0.1300791217620097,0.2222222222222222,0,3
-0.91018352978991812,0.34610163508836517,-0.22755131352801844,-0.37777338858207971,-0.91892981604240376,0.11338103927680709,-0.16986232359878808,0.18916038532799637,0.96714277107580449,-4.4564082670125211,2.8691022106912101,-4.5573564896436309,0.3063632911078608,0.2430970612983393,0.6880616174582799,1,5
0.66518197887563757,-0.67831408720353581,-0.3121264712906075,0.74399080402157647,0.63755365951729259,0.20000753677658836,0.063329444261106718,-0.36526063343500931,0.92874864799483658,6.4787067820555082,-15.43854457031637,0.82675194812677466,,0.138807138397538,0.5263157894736842,1,3
0.44925082200393202,0.88150043534063605,-0.14536396191306139,-0.8653949938775034,0.46978980490231353,0.1743245357991911,0.2219576615045056,0.047481803926522861,0.97389951986605683,6.0973686030689294,2.9234045259709434,-2.2363016961448596,,0.08166584744590891,0.3333333333333333,0,5
-0.59775027255099589,0.77103394464202735,-0.21954787148812249,-0.80068471054194168,-0.58784102937869109,0.11552886428667163,-0.039982570822512629,0.2448460340474318,0.96873722631148385,0.97806266269806319,-5.6204517447735656,-1.9446807973842735,,0.1234156083787044,0.5621301775147929,0,5
0.96337104080276847,-0.11552124127021791,-0.24201462880987099,0.19454338846850022,0.92220230491159871,0.33420918422289092,0.18457818870545264,-0.36904979559826911,0.91089688803019375,6.337789224883859,4.4766838359635841,-2.4397065980690451,0.8532397728661141,0.4491733012318924,0.2941176470588235,1,3
-0.84051505227267009,-0.46812436996210172,-0.27275267395692931,0.47387945339373022,-0.879240420115873,0.048729326752191771,-0.26262656102216558,-0.08829415542405751,0.96084932823186298,20.10708984299022,8.7283783790478449,-0.16739036392404302,0.2914930596664878,0.2426403656019974,0.3076923076923077,1,5
-0.92427633280197541,0.33388585457740377,-0.18502296272422147,-0.33688379663007195,-0.94141121130024596,-0.015944867710713642,-0.1795064572382849,0.047593774291609027,0.98260483637036877,-15.046083055098917,-0.6678885924534087,-6.308853941810165,,0.07981362437233341,0.2307692307692308,0,4
0.20103896145591371,0.96663207513563532,-0.15876324289866847,-0.96818034687190158,0.22072889690868319,0.11792188092325735,0.14903070793541418,0.13000455910640135,0.98024928600015726,3.9081255813955824,-9.3101386537252555,-0.68184220486372726,,0.1397152347103081,0.2352941176470588,0,5
-0.89100561688538749,0.42019877244407611,-0.17187781216661366,-0.42553484369254468,-0.904919728614754,-0.0063546492713361146,-0.15820583896383772,0.067477969740439542,0.98509777997793535,1.5555522364891965,6.027013921300723,-3.789206618316399,0.5329948700083408,0.2877913883983116,0.4130434782608696,1,5
-0.96510011944593233,-0.08974602260181451,-0.24602319173728501,0.072003403240831251,-0.99417423373917813,0.080206626227861885,-0.25178814381774328,0.059692917471608695,0.96593969078640873,4.5265062380309464,0.64137735425966436,-2.1713307285130776,,0.1254004753978674,0.4225352112676056,1,5
0.9198373359679699,-0.27470648001143888,-0.28006360920168283,0.3604511914006725,0.87358866521711565,0.32698284759603868,0.15483608745116142,-0.40172029304467988,0.90257774855073469,5.3260593457041985,-11.330236569450669,-0.038938914696633825,,0.2257026155335703,0.5555555555555556,0,4
0.96852794296576328,-0.058435072068793101,-0.241948271427637,0.11608338472263632,0.96590795070314184,0.2314011204808506,0.22017781787873847,-0.25220462549440237,0.94229218154104677,-12.249100466168947,5.3181532690782483,-6.6609420191650104,,0.0851792569294787,0.3783783783783784,0,4
-0.69427927127988454,0.71272978393540198,-0.099962735869257899,-0.71719650483255304,-0.69674073599050412,0.013472945757325123,-0.060045540442579461,0.081046911741320685,0.99489996038302908,19.759460910980231,-5.4791709903379093,2.3165687985642243,0.7679438653852613,0.3646768220769437,0.3513513513513514,1,5
0.14977223752948471,0.96643247780919705,-0.20874995257720877,-0.97483297849554573,0.17960227570569048,0.13207454939858626,0.16513310056713065,0.18371523724751965,0.9690096855553989,-2.7934704410111135,-3.4250829183415505,-3.1315032880503701,,0.3117445888740941,0.9309188464118041,1,5
0.2687122914545263,-0.85079131588473866,-0.4516058472123356,0.96121583271443156,0.20662076578410932,0.18267999914027083,-0.062111410870779718,-0.48317905165880487,0.87331562260029361,-4.0865675016363117,-2.9403695915784578,-3.5958159737797781,,0.2585890586148084,0.1923847695390782,0,1
0.27168007800418731,-0.86579063383359223,-0.42023387962141484,0.96088410683392744,0.21963048683239531,0.16871331449453292,-0.053774235927670382,-0.44963210252359903,0.89159368769109382,1.5669064411553797,-11.622168117785497,-0.85245984566228106,,0.1260136418458594,0.3076923076923077,0,3
0.83638999094951916,0.52311657859994487,-0.16370958503811076,-0.47857881568081401,0.84253495812098345,0.24717840020038556,0.26723416739072192,-0.12838960058338061,0.95504031864682404,-1.4816623030989657,-2.8598788818993897,-2.987253423394594,0.4522164179700967,0.4332119005585178,0.7317497103128621,1,5
-0.83040886467428443,-0.48395379493112267,-0.27606130087741465,0.49168985117104247,-0.86958560332527179,0.045408906007758119,-0.26203474526437126,-0.098028581858496611,0.96006676299778648,-7.4304320067661056,-15.256573405149529,-2.3388290593435181,,0.1038840803679073,0.36,0,3
-0.74117194160090227,0.64782495054532585,-0.17603120869463698,-0.66530268535700066,-0.743847593808315,0.063742403801110709,-0.089646471432580324,0.16435811703875863,0.98231864459713958,2.7805295582530709,4.8943943370880261,-3.2902630823019803,,0.0863358168998858,0.4705882352941176,0,2
0.91150624846677708,-0.32694659441727514,-0.24952411387472437,0.37360019528085003,0.91189443198229636,0.16991597631121935,0.17198620029563813,-0.24810173179288761,0.95334478421462909,-1.1916995317232841,8.1717610298784606,-4.6548521044507094,,0.09473099298819465,0.2083333333333333,0,3
-0.57408834325259983,-0.7697820402342076,-0.27903079520788615,0.78230215476359888,-0.61627255203482278,0.090617218345725031,-0.24171452747759098,-0.16626410358627344,0.95599703716326312,-16.835644897429013,4.2057618483449728,-7.5086178917189832,,0.09484554676262441,0.2857142857142857,0,3
0.78574196820999298,-0.56662736341146869,-0.24807859727685724,0.60878133146019275,0.77941912041147121,0.14795649766929134,0.10952100190849402,-0.26728124844510848,0.95737447447202362,-12.941527390531014,4.8010533709784387,-6.7755474737301933,,0.06346482320229836,0.2790697674418605,0,2
0.72676022632168924,0.67143105004306225,-0.14491348617336747,-0.63753681951269048,0.73788430929970761,0.22152550610468619,0.25566849082843823,-0.068608243873203537,0.96432698379239845,-10.875291531200975,4.6090839782572344,-6.2836015601635413,,0.09814519046016182,0.25,0,4
0.63365516158047919,0.74312130014538813,-0.21506247806775763,-0.7221409421182956,0.66788834022112731,0.18010448276810984,0.27747719891716771,0.041181285396350437,0.95984920993569989,-16.844179653739488,14.998865532106523,-9.2826561227472695,,0.2803154827094804,0.825,1,2
-0.45645125736883918,0.87787743597631662,-0.14485667761637286,-0.88973367114803492,-0.44941645160557175,0.079992796248770759,0.0051228968217243041,0.16539667599412367,0.98621381834683752,-0.078416856961593839,-8.7216752287481309,-1.6922979896985098,,0.115716140443618,0.2121212121212121,0,5
0.1329401894356991,-0.93860465224284562,-0.31835234068699475,0.98254157396457231,0.082626633666303559,0.16668801648647721,-0.130149765516585,-0.33495394638227871,0.9332024926771878,19.893962606095066,4.4379300990799289,0.58714707095313767,,0.1517303447240398,0.1666666666666667,0,5
0.34078082718366259,0.93833198461020684,-0.058322504074246551,-0.91976046700950154,0.34559810755570136,0.18601782543719508,0.19470262235132751,-0.0097485748389009082,0.98081387334097603,-18.817142909417907,0.2268839224096284,-7.3744322723599671,,0.2600740743411243,0.2,0,4
0.30208420138288217,0.94461095050612631,-0.12827816438809636,-0.93346324777470902,0.32040957603717779,0.16119574633832257,0.19336881943260467,0.071048263649360677,0.97855027663562211,-9.6366205250346937,2.0985868696203238,-5.5723006968469999,,0.6231144250587404,0.5674418604651162,0,5
-0.78473484400042415,0.61053256395925404,-0.10696360575901141,-0.61016497874983289,-0.79126539321783651,-0.039972192872530884,-0.10904092497244187,0.033897873696772426,0.99345911382401242,-6.2662246339102063,-16.577952093164178,-1.9033810117906738,,0.2036454991686804,0.1818181818181818,0,1
0.94946196035854813,-0.1989261590253445,-0.24279697091917607,0.24525551762602985,0.95291290561625286,0.17834440104466326,0.19588700034992632,-0.22887852141565163,0.95354229351848596,2.9515600839712377,6.6787879480795773,-3.539830047142376,,0.1568001847813048,0.3863636363636364,1,5
-0.95939396632932905,-0.089215955666254995,-0.26758873411531386,0.13185123726686054,-0.98048399400202324,-0.14582999944126715,-0.24935610801036615,-0.1751903272455381,0.95243366206656366,-16.840389053654768,5.1190049277706837,-7.6920949184773519,,0.3888563046384605,0.2285714285714286,0,1
0.62712643298615656,-0.72470323811508108,-0.28551296593250408,0.77728824432117583,0.60595234140358145,0.16924758547058061,0.050352976974193095,-0.32806550658829275,0.9433120380323804,-3.2347156432692779,-15.405776524922688,-1.3860402166299755,,0.3148841380056493,0.4210526315789473,0,3
0.42275625796654964,0.89668542918961458,-0.13127218833079918,-0.85651321575791783,0.44266825300463331,0.26538637684300354,0.29607812749703544,0.00024261257734306776,0.95516369463929418,-15.313051011764918,4.9173159027551741,-7.3340628172679416,,0.2907975513460324,0.3103448275862069,0,2
0.13266386722973891,-0.94415954576022176,-0.30160081313136528,0.98673184325150898,0.097073197300318589,0.13014247530830267,-0.093597905132160514,-0.31486433033251637,0.94451039466970721,23.407082072435571,7.0550252711380015,0.95474179205854059,,0.1686491290976985,0.5416666666666666,0,3
-0.10547695767295369,-0.8503354739061656,-0.51556201684844372,0.98065673873908166,-0.17491013018967921,0.087856742044413363,-0.16488472387000286,-0.49632250419843599,0.85233620107355934,-1.958032806363879,5.1980108024373859,-4.3992441108753084,0.6960364014432803,0.3412154601546757,0.2,1,2
-0.66419396452320834,0.73280072277815766,-0.14781568992077146,-0.74556671566620425,-0.66377493203175741,0.059439987356545237,-0.054558683833586454,0.14968613931171681,0.98722713177682719,18.675699932553464,-4.8809589174496857,1.9877505167880358,,0.2133935697397693,0.1333333333333333,0,4
0.20626005727080723,0.96947008754001707,-0.13260670473167482,-0.96223445128735141,0.22556591848897709,0.15239710355499794,0.17765598647490585,0.096165304457347944,0.97938275698944821,-11.794815272959978,2.9094112827087022,-6.2083256831112088,,0.1020651122497245,0.3928571428571428,0,4
-0.95789394870755018,0.22656652795309773,-0.17637117519803425,-0.20018930698580203,-0.96735318332939957,-0.15540933070771995,-0.20582377024532855,-0.11355803412244941,0.97197795679132726,-7.0627777683701893,-11.324774153872557,-2.905504733670373,,0.5882031517370271,0.35,0,3
0.79666746896883567,0.59107835550455845,-0.12628270483648243,-0.54806597281400993,0.79454124523045577,0.26139605787209536,0.2548423695742611,-0.13903448234760218,0.95693509674800425,5.573662073777208,11.830067701322495,-3.8545030581741866,,0.5084654487949567,0.1666666666666667,0,4
-0.82820657711229129,0.55181709116321309,-0.097835389957374744,-0.55083648262945817,-0.83369058397061901,-0.039232379524241009,-0.10321354093503486,0.021398787323059793,0.99442901047221766,-2.4507593721696197,0.71447586461539747,-3.7502460608425556,,0.5283674891688072,0.2974537037037037,0,4
-0.96871988975221057,0.0099898968614967731,-0.24795559513582538,-0.020715866758771118,-0.9989571956873613,0.040686288216990003,-0.24729057414891001,0.044550231706914821,0.96791665384575476,12.19268418733744,1.8275304807975523,-0.69224391550074493,,0.135791908655352,0.35,0,2
0.38344144690365367,0.9125188997025605,-0.14241458661970219,-0.90172131317057258,0.40323351555132847,0.15588908015013317,0.19967806632269555,0.068643933612115404,0.97745418317580746,10.211750705039988,-8.107202828726642,0.5608023257320861,,0.1103405843303032,0.1428571428571428,0,3
-0.96231161518912223,-0.14427007420901719,-0.23052657321841524,0.13003193883146233,-0.98860134131800759,0.075888621202164164,-0.23884733650562562,0.043052684375766551,0.97010227100662305,12.563263766660665,2.5203439638106206,-0.70042754125731788,,0.09794487199721998,0.1363636363636364,0,3
0.042561197385719618,-0.90221119359182589,-0.4291893598805871,0.99108975313962488,-0.016141344904277339,0.13221406205967767,-0.12621270022756409,-0.43099236552669401,0.89348527417018642,13.20892658364458,7.3876845463422907,-1.3597328157152466,0.2223249411149355,0.3522341221708286,0.3076923076923077,1,5
-0.25319481044514636,0.95724216726321687,-0.13992791421609296,-0.96589246918450777,-0.2420253564762439,0.092062287584016522,0.054259800371006375,0.15846501202400165,0.98587256480131957,4.8820548468854295,6.0820780755049508,-3.0089462685791029,,0.1312230519632879,0.2380952380952381,1,4
0.93311501784059536,0.30796366721361657,-0.18561988890387462,-0.2520602695222951,0.92836315685621484,0.27314367926113847,0.25644099517958097,-0.20808706992099393,0.94389500863337672,-9.2407141018237766,5.0798217305108384,-5.9493559345557534,,0.5067567134726362,0.8095238095238095,1,3
-0.28585029439528614,0.93828058853226726,-0.19472839129842026,-0.95655648128865423,-0.26722259889021616,0.11658379281455683,0.057352482934891535,0.21959421628517722,0.97390403678971482,-20.24017334945675,1.0791247477727004,-7.8085228638448134,,0.06643481670938942,0.2916666666666667,0,1
0.97996155120418826,0.039657356303163978,-0.19519900679184934,0.035248552798073617,0.92998695030528211,0.36589863594651723,0.19604310160554481,-0.36544707736267978,0.90995359000333287,-8.6678650376672977,5.8341427913628623,-5.9241391755532895,,0.5075415278031636,0.1219512195121951,1,4
-0.96720725425159459,0.13781408946967111,-0.21334808193826732,-0.13330963662255904,-0.9904409817231179,-0.03542883722208752,-0.21619127666641272,-0.0058256730935915286,0.97633364861934091,17.001650481542431,-4.1130013695596865,1.4285828646487284,,0.315052347502199,0.225,0,1
-0.71811588547213445,-0.54611198202363986,-0.43135980123648915,0.64593637455076924,-0.75372409627683035,-0.1211040326491377,-0.2589899130560499,-0.3655977157777201,0.89401484056660541,-13.375966744568078,5.5200583254004423,-6.9536788957101789,,0.280057973443572,0.25,0,1
-0.97279123047522553,0.057444225979035132,-0.22444906507305035,-0.055930139201344348,-0.99834869837179674,-0.01310328158355863,-0.22483113983479941,-0.00019328996178601866,0.97439772228776067,-12.29279046421602,-0.17385847112120739,-5.8767291452013932,,0.1333790107588692,0.2824427480916031,0,4
0.72141092360726045,-0.62079779982918959,-0.30688168897370921,0.69029891172032676,0.680008056891233,0.24713651094231764,0.055260218764058441,-0.39012707454142065,0.91910128600274599,16.13640656015453,-0.88363482795618409,0.67265041020695326,1.089639183690781,0.7652213118021631,0.5918367346938775,1,2
-0.50510865450493125,0.86105909099854128,-0.058672727505920848,-0.86301852580514482,-0.504549839839186,0.025069567913448176,-0.0080169359067606485,0.063298506514908634,0.99796243807652874,19.953216860541069,-6.963990424071814,2.6334311145810481,,0.3713535162369278,0.1428571428571428,0,1
-0.87340304495672982,0.44139558717083732,-0.20575970617791839,-0.46335967948591639,-0.8832277308769525,0.072156654832784287,-0.14988304936523114,0.15836259355056226,0.97593870733613097,-9.0977408225724474,-10.054645685478942,-3.5174176573693692,,0.08490551316724118,0.1176470588235294,0,1
0.3535066149244403,0.93491378794738322,-0.031133299062905618,-0.91244929381879369,0.3519625100733032,0.20870715778929649,0.20608095354556635,-0.045371804116397678,0.97748250111036528,12.646260756780288,-8.6436406440412892,1.1941501044534726,,0.5985879245525301,0.4347826086956522,0,1
0.91425703630900956,0.37057486697869413,-0.16373252432913094,-0.30911741121301539,0.89930909537561032,0.30933731921587682,0.26187878425796524,-0.23220124663408853,0.93675081180490338,2.9441841369448896,-4.9844648566932985,-1.6111921127951805,,0.7312231459986445,0.3641618497109826,0,1
0.82174999698483719,-0.4348457394836811,-0.36828810095943992,0.55163200042783778,0.76912828326015859,0.3227132163287762,0.14293032764043412,-0.46834908641116435,0.87190598959889376,5.6132912411190405,-7.8124156313926889,-0.54000083619417749,,0.4904631382365922,0.21875,0,3
0.49035622411789248,0.86979020754182934,-0.054916011628521014,-0.84071276074127899,0.48868755882911885,0.23320918457988071,0.22967983671976891,-0.06818698343508893,0.97087471276905901,7.3202228656798027,14.509937016710381,-3.9499728071379803,,0.2482355096287928,0.25,0,1
0.81981416343303226,0.5499568826076956,-0.15953734580662657,-0.50749670523397694,0.82684612383441791,0.24243057083762531,0.26523919697370474,-0.1177833382632037,0.95696146924331327,4.2239109126197931,-14.577890669306239,0.22944967965057933,,0.16523172385094,0.125,0,2
-0.97164366518580625,-0.026364941077739831,-0.23497548337275337,0.010168572531638406,-0.99750392964401458,0.06987496316576762,-0.23623121732099803,0.065504200069277138,0.96948646805219663,29.119323120439692,-14.254655040788522,5.8756090549713251,,0.07005820647596603,0.3333333333333333,0,1
0.39785334413729212,-0.80758146553736809,-0.43534456822072576,0.91533392363309796,0.31719914019633144,0.24808972914078165,-0.062261744315523782,-0.49718898014660873,0.86540545018827097,25.057812461249405,-8.7631633874839725,4.1341536996465393,,0.3419610257260614,0.2916666666666667,0,3
-0.29699914538353023,-0.86683329590227709,-0.40048913188331114,0.93705028551096081,-0.34524700273929609,0.052357134407451711,-0.18365257979478572,-0.35972843120154968,0.91480445217543194,3.2480472480502725,10.462349569128804,-4.1192899503608471,,0.1914596231600842,0.1818181818181818,0,3
0.49502541473932166,0.86887473274855453,-0.0025568639564069982,-0.83687554747034543,0.47758164084758203,0.26749783993808629,0.23364322547074509,-0.1302784522338985,0.96355506748455633,21.956050015419788,-9.5922732453566368,3.5069520990651331,,0.3140256013548084,0.1764705882352941,0,2
0.71939842512457053,-0.59197665663709753,-0.3633586987056317,0.69050641501243315,0.66619611053417216,0.28175101266156499,0.075278129326940182,-0.45359274719279191,0.88802411168792672,-6.1111028350091736,7.866102399374916,-5.7480009331390356,1.010519931028144,0.4983368771845515,0.5166666666666667,1,3
-0.92666929614129889,-0.27395876434690786,-0.2573530862968329,0.27153338053300274,-0.9613459012823613,0.045647358564588882,-0.25991082864188114,-0.027579947881023501,0.96523867909940841,20.511589492306467,-4.4614152806992973,2.325386031644221,,0.1343368184367337,0.25,0,1
-0.93588938837999036,-0.23726999835309143,-0.26041121442682152,0.23856143818072439,-0.97074864590287691,0.027120226600751734,-0.25922864990365646,-0.036742541545947235,0.96511682852899883,3.8923323913813488,7.1037594086684903,-3.4436339763448505,,0.1572744778264767,0.2068965517241379,0,2
-0.50975954278462488,-0.73751018283523551,-0.44297171326660006,0.81278232289183105,-0.5816299909574818,0.033037088451596239,-0.28201082272595357,-0.34319860698018051,0.89592667782151325,2.9629614744083344,-13.327750153420951,-0.27137066286831663,,0.2950549262051707,0.2,0,2
-0.92718623505320386,0.33553183095007749,-0.16656553048921074,-0.32873735833604589,-0.94199515096072961,-0.067652677705388797,-0.17960354885720281,-0.0079703190500620431,0.9837067852018393,9.6404222443267944,20.294809859643323,-4.5467929664773656,,0.3591253903283323,0.2307692307692308,0,3
0.18700274531360106,0.97425721965860823,-0.12590807435687024,-0.96785330141722059,0.20466645768237043,0.1461903828421604,0.16819619550085985,0.09452254251145141,0.98121125593635949,11.866473393965784,-10.438450656793682,1.3187803577598671,,0.1626966889543417,0.3870967741935484,1,3
0.63409838603242541,0.77205220404756081,-0.043065427623286454,-0.73171686224497468,0.61711401865884585,0.2894144458749397,0.25001933992681874,-0.15200553345201887,0.95623461946455646,6.6317155358181816,-13.181029178435768,0.5644726054307968,,0.2466763058639401,0.1904761904761905,0,1
0.40173394943238544,-0.80859892124103894,-0.42985767230710792,0.9153047886349639,0.36929046932694171,0.1607535168081588,0.028757221273298161,-0.45803093108666204,0.88847098342744057,17.666435296794571,4.4139278913112827,0.12770917623744135,,0.3210064863371647,0.3076923076923077,0,2
