axis_00,axis_01,axis_02,axis_10,axis_11,axis_12,axis_20,axis_21,axis_22,location_x,location_y,location_z,dbh,dbh_approximation,score,reconstructed,number_clusters
0.35424880605502873,0.92136488748728163,-0.15998289756763184,-0.92205717055813319,0.37266763480843057,0.10454380990101743,0.15594344369327151,0.11047885803102292,0.98156816589437368,4.327410316846545,-6.0668675770522977,0.29483411601639903,,0.1042292073657493,0.2,0,5
0.67897883552643767,-0.68210069079839286,-0.2715260365407286,0.72445983808286363,0.68241738562327958,0.097285429556733194,0.11893562927950904,-0.26276445614169808,0.95750151784550386,-15.486560432324392,-12.442228068636032,-4.4362933461421568,,0.1377994114650364,0.2,0,1
0.29066210517168872,0.95630438662984774,-0.031582601692604344,-0.95485986079136675,0.29202166150242387,0.054460953561757508,0.06130405261199677,0.014327223243711409,0.99801630437957833,-0.80605955807683072,14.629339062778499,-1.4140516417670526,,0.3126074664504157,0.2121212121212121,0,2
-0.87058421791678864,-0.39252759624928812,-0.2966567135545245,0.42431172608242002,-0.9042005219565038,-0.048795237498603164,-0.24908367795416209,-0.16835528585804346,0.95373676614697267,3.2506856974169667,14.990912332532277,-0.42628949106082553,,0.1896865054387756,0.1666666666666667,0,1
-0.60373493748436502,0.7730157021375349,-0.19480977775657102,-0.7914752785719279,-0.61043325723901509,0.0306287751315008,-0.095241843064062512,0.17267878475765674,0.98036270258735347,3.149805485336088,7.429504754499022,-0.28670198169522643,,0.08523524566174152,0.2115384615384615,0,1
0.84902523900369398,-0.39683472769328482,-0.3488242285612011,0.48451598175892657,0.84807947351323454,0.21448885757935932,0.21071404071609484,-0.3511173671325753,0.91231364537804893,-4.3955277936885562,-10.508640610148392,-1.7414216030954042,,0.2156089066988607,0.1111111111111111,0,4
0.94752956066356042,-0.18118338234495546,-0.26336346297609831,0.23029783939161844,0.95827826185079501,0.16930941508307232,0.22169942904814455,-0.2210777121879578,0.94972312193263253,-12.686990069361631,17.49444385148481,-4.277466307455648,,0.7016573485883824,0.625,0,1
-0.072814553669202989,0.9802622792055824,-0.18380398456135749,-0.99558321832038477,-0.060490053229752108,0.071798390365570605,0.059262940973089324,0.18822013023834291,0.98033723095691971,-1.085329786028,10.814822418047886,-1.4496345428545656,0.3688716086328405,0.1559767305998668,0.8344370860927153,1,10
0.6327549341417289,-0.6902589266968826,-0.35094701513841908,0.76724140540355967,0.62013767517066287,0.16361506552972874,0.10469870655203195,-0.37278932113084284,0.92199040282268552,-23.613290305936292,9.4730603590083895,-6.6571431257127944,,0.1838612739811832,0.1363636363636364,0,2
0.8827008872486235,-0.32198177678513479,-0.34229647831781779,0.42927854304262453,0.84883208758692452,0.30855148608623695,0.19120427854442534,-0.41929920403109688,0.88748470486267772,-15.73469550080962,11.416887714751333,-4.8854799743134762,,0.4360369085050489,0.2162162162162162,0,1
-0.77055118454525728,0.62849656292406031,-0.1060327420589678,-0.62096582136208645,-0.77775746917569888,-0.09744109934478784,-0.14370915313928356,-0.0092406457595971617,0.98957682358164356,-9.3835853533376294,14.181720584645589,-3.4311714680428897,,0.2140463956747679,0.1694915254237288,0,3
-0.2411449390082416,0.94781925125454025,-0.2085372516889834,-0.97041057166898803,-0.23275921030462635,0.064237624578082728,0.012346691207743754,0.2178573316867021,0.97590252702130609,10.463386469709238,-4.5709663430609799,1.8248747239062217,0.1622509129268414,0.1139158051546561,0.2727272727272727,1,5
0.85934962420812255,-0.42481470341536531,-0.28469403073382876,0.47348227391826592,0.87129374183573516,0.12908040797530768,0.19321687208561075,-0.24572277712902169,0.94988818138844866,2.1930228060804011,16.77404499553592,-0.75224222279741904,,0.3177894993900982,0.4210526315789473,0,4
-0.022896493190148678,-0.94554558997545035,-0.32468336556954946,0.99267664137691791,-0.060033986620440953,0.10482846042510337,-0.11861212528335466,-0.31990538871427743,0.93999558829141938,-0.9021776892745591,17.570778222881536,-1.4150418560724638,,0.131271928550161,0.3529411764705883,0,4
0.10117549032083385,0.9774522118590564,-0.18533940134298646,-0.98738431468682686,0.12146467520518123,0.10158025294182024,0.12180203310603326,0.17272378588120854,0.97741023041612285,-15.379639898821349,-11.401423427779946,-4.4607101816845143,0.1414157838234092,0.1333315174097735,0.2666666666666667,1,3
-0.78484159883289972,-0.54392386545096638,-0.29693516688714733,0.57460545541070107,-0.81818575098695667,-0.020016180808831455,-0.23206084407689276,-0.18633009814517335,0.9546878333631007,-9.6259278087644891,-5.1682300993143757,-3.2369058428640463,0.5098980094992926,0.3240480664629339,0.7372881355932204,1,4
-0.0082653505971211159,0.9991955961684017,-0.03924085342063937,-0.99792261177003205,-0.0057347736904990662,0.064168319977989607,0.063891665321742633,0.039689708595455744,0.99716727891263224,-7.4460634759130837,14.228985406981458,-2.9842825601905214,0.4880486378120846,0.4519440748593239,0.103448275862069,1,4
0.96388974943313477,-0.081578649153468352,-0.25349847127748976,0.12833166557558201,0.97639270622132945,0.17374771033998104,0.23333995489055437,-0.20000551802408933,0.95160404486928807,-1.8383725806922644,11.945397462329829,-1.6093344330756612,,0.121903880963713,0.2962962962962963,0,4
-0.44445005160932327,-0.79365281783781216,-0.41542671599521647,0.87866011708212921,-0.47652511638471989,-0.029668368740935317,-0.17441487973704795,-0.37820499493347443,0.90914269041426132,9.8779608878341367,0.8387353207377648,1.5107908196592901,,0.1750555759861445,0.28,0,1
0.10759520353813784,-0.89216148021090935,-0.43871535806655482,0.99321085443900126,0.076829724517846643,0.087346391196545553,-0.044220705558989402,-0.44513490837990971,0.89437097590511838,-8.1599021987912312,-1.520568055532439,-2.9325663232793322,,0.09318052601556429,0.1864406779661017,0,4
-0.75983617829790084,-0.5569848395275554,-0.33528625185966887,0.6066664460552742,-0.79285718589671583,-0.057734790227425663,-0.23367671124933467,-0.24727590118813692,0.94034558717063743,1.6514384021364901,6.6586159726372873,-0.68713746585869906,,0.3437448478758332,0.273469387755102,0,4
-0.81526458136582614,0.53444201142177727,-0.22296950194555462,-0.55505853511444969,-0.83095296423469567,0.037778218938607805,-0.16508690125811057,0.15456036897282865,0.97409312048488328,-0.43837559333678366,8.7145319357032651,-1.2424898347816513,,0.07576878833825321,0.2093023255813954,0,5
0.60999295400845033,0.79137185429876311,-0.040486840871856528,-0.7668601303105973,0.60242512700748163,0.22138090904600213,0.19958491075244036,-0.1039930506031904,0.97434660610389745,-7.576473643867141,-9.1666394958877735,-2.5911490452058512,,0.1193376566544904,0.25,0,2
-0.95087316091501073,-0.10086706209182471,-0.29268766225527976,0.18006216073849854,-0.94926029615585572,-0.25784202220018515,-0.25182900969046412,-0.29787703155339385,0.92078847948443554,-25.698819120768263,14.7560363663308,-7.2439864808981067,,0.2987650155596322,0.5238095238095238,0,1
-0.94706862070852071,0.2410734195424207,-0.21200149541780289,-0.22053646674981794,-0.96844949869161145,-0.11605703476081665,-0.23329100819098678,-0.063159915089327556,0.97035361112490448,-13.027211027498238,14.993758568543621,-4.3246573829613775,,0.2096180744393895,0.3225806451612903,0,2
-0.93222194740234454,-0.27023696660804725,-0.2406952900658052,0.2940746695784498,-0.95331432529480697,-0.068643178102656396,-0.21090834382192308,-0.13477306506193515,0.96817038347602091,8.2843414511763473,-6.9881644890964481,1.4004476801248695,,0.5730060459566684,0.4571428571428571,0,2
-0.73799897606448894,-0.55673429609315861,-0.38131933452346861,0.62837337437196106,-0.77296392650664936,-0.087599490294284946,-0.24597644949905459,-0.30425925108873597,0.92028359456135067,-13.454876057547377,-4.6888296556389228,-4.1868212867874854,0.3209347581965942,0.23322302571445,0.2413793103448276,1,2
-0.07718473578060854,-0.95927727752489322,-0.27171606759061273,0.99321496676004262,-0.097757040697824607,0.062988814863044446,-0.08698589751404924,-0.26501069000784228,0.96031390066750677,-6.8805740551139749,-15.832304973611343,-2.0191580630320938,0.4832659196934318,0.4645117888594289,0.8915662650602409,1,5
-0.011364086368547428,0.98935353397700443,-0.14508770571009885,-0.99764917784024687,-0.0014119105157957175,0.068513680848240707,0.067579401415574822,0.14552522570299434,0.98704378483854738,1.085132655116221,-12.480437947258951,-0.27043534280656628,,0.1174894291572385,0.3333333333333333,0,5
-0.42544004081453812,0.88607067990668131,-0.18406390705794715,-0.90418081196980982,-0.42475764345377531,0.045144253158202891,-0.038181552317060101,0.18563322584415792,0.98187701598792532,-10.869503509252448,11.603822321913967,-3.7443423096840047,,0.08547835617213405,0.6333333333333333,1,2
0.4204157796324598,-0.83475408617917402,-0.35557866618120321,0.90597785264032882,0.40760910741157474,0.11427574580967961,0.049544956970915738,-0.37018972319921595,0.927634015157076,-7.6751413228121317,-4.7028932617337826,-2.8052076282325817,0.5928658998814076,0.5247030803166975,0.6779661016949152,1,4
-0.79388119558228698,-0.54014459409551896,-0.27927847172710307,0.56012934766776146,-0.82834660559850115,0.00984961292284048,-0.23665958924608838,-0.14861264570294419,0.96015963274605765,-7.667976247130607,16.698501445821076,-3.0714556848468217,0.4457265675171488,0.4391364098725664,0.9191176470588235,1,5
-0.94786698313924267,-0.19041672516663308,-0.25551840061202596,0.1896090326716709,-0.98145949390689913,0.02802992239248122,-0.25611832617723024,-0.021879958794070425,0.96639778062625203,-5.853538591150464,-12.90221045435921,-1.9125165588757396,,0.1048833276112688,0.3947368421052632,0,4
-0.69490174831241025,-0.65613114891621849,-0.2942846846409754,0.69214848069765844,-0.72127796587339965,-0.026240743386071304,-0.19504368961921906,-0.22192343582283902,0.9553574973654142,-13.422494469444754,-7.4755415202178419,-4.1128994089313275,,0.1358582917096642,0.2121212121212121,0,3
0.92230570024378544,-0.2801705836611692,-0.26618910448923755,0.32486428318549743,0.93513805920557636,0.14135065523584414,0.20932126697542064,-0.21684384767889858,0.95350057835096091,-16.558232229210819,-13.675074266592036,-4.5864145530222942,0.1774485951521485,0.200458291968191,0.3870967741935484,1,3
0.34145187312451969,0.93794038621572906,-0.060650228732026364,-0.92870338001703512,0.34661160423555959,0.13179691860657103,0.14463972581795151,0.011323767691985755,0.98941958844595679,-12.701288208244883,-3.1832132351292848,-3.9620899739774482,,0.1535293801272294,0.1764705882352941,0,2
-0.41489309146696074,-0.82287562782840284,-0.38825175309198812,0.8938775761196277,-0.44828203755763196,-0.0051082006302332504,-0.1698428731607223,-0.3491688931293731,0.92153919206256274,-26.790346524427665,14.12418350877887,-7.52150549484724,,0.5593669845560376,0.2608695652173913,0,2
0.2548772554090778,0.96520944311550716,-0.058380781048118245,-0.9579721140738866,0.26026273800682992,0.12063472079793724,0.13163211360433222,0.025180113697931893,0.99097878309387399,-11.075688405324641,-2.3241187765519906,-3.6140124978515709,,0.2823885131953175,0.2682926829268293,0,3
0.84923679848286115,0.47737853011793357,-0.22562490794462639,-0.46893220350179116,0.87829529972144216,0.093273549338366346,0.24269208602988032,0.026591454824114971,0.96973885449063135,5.2118778588516363,6.4504139514693186,0.21955412174009081,,0.07560550711491384,0.1481481481481481,0,5
0.92294153096373399,0.32150164713857682,-0.21169700354398632,-0.29743153005063266,0.94471600457701721,0.13800781002457202,0.24436328560988899,-0.064407775797808584,0.96754236241247871,-6.2393782604545027,-8.9209323455524565,-2.2798340454549617,0.1700178069732591,0.1371794541901646,0.1904761904761905,1,5
0.31421817263468893,0.94108008515160069,-0.12504084659491324,-0.93806871048445628,0.32802452608971794,0.11147647596531336,0.14592475593999102,0.082268971153599463,0.98586904910803552,-13.22662231982668,-2.5903658672945751,-4.1105980440199819,,0.2280198871573558,0.375,0,1
0.76710525138745944,-0.53187054607582684,-0.35869660649465901,0.62415829868867723,0.7479810058620564,0.22572291210163478,0.14824288000385891,-0.39703669488674226,0.90575157269616335,-3.4191462672724575,-7.0527001812404864,-1.6977651698372895,,0.6078505558152343,0.4114285714285714,0,1
-0.66256741293467181,0.73792291166818114,-0.12835185916927844,-0.73703969829207572,-0.67284553152991189,-0.063650403311813139,-0.13333006584631268,0.052427732502795553,0.98968400330915385,1.0849600131636068,14.905760788164873,-0.96380420387079757,0.5393495201033319,0.4312595966736964,0.6206896551724138,1,5
0.4522254208131723,-0.79049137682787518,-0.41305635442529992,0.88866810696844134,0.43876394126477319,0.1332486379027169,0.075902334795945908,-0.42732842990675507,0.90090468339661267,2.9161917583294015,-5.8599997032629023,-0.060628571768775924,,0.1003196621793097,0.3809523809523809,0,8
-0.75631227601671935,-0.57834803205477769,-0.30578635509907137,0.61176902298467917,-0.79084625086299276,-0.01734560498567007,-0.23179819598689869,-0.20018931368660417,0.95194213848474285,8.1282751729625371,-10.175219346237496,1.5062646146177898,0.09114619630429921,0.09037656814370167,0.4,1,5
0.023836917809320447,0.99967598988999784,0.0089284145739822515,-0.99574028657797509,0.022945491718422653,0.089301657853659899,0.089067856351009431,-0.011019058365077905,0.9959646064583737,4.5066073012163699,-7.3410611576470286,0.35135251816851693,,0.2405803339112044,0.1935483870967742,0,2
-0.35609042148276299,-0.8019847115738552,-0.47960414315352679,0.90094039197769771,-0.43086769653871337,0.05156974095820116,-0.24800407623928483,-0.41373125393330351,0.87596828006924743,-9.5469653524358744,-8.7644400072605357,-3.0879734316588641,,0.6159416892076017,0.7019230769230769,0,2
0.45458243700350009,0.87102214031020109,-0.18621288638919448,-0.87174668450605863,0.47797948088409098,0.10767234513313442,0.18279093528031684,0.11338450927358146,0.97659174020474704,2.9884330494215883,10.266481575831614,-0.35178179394652154,0.6575518148493565,0.261097613907723,0.8608695652173913,1,4
0.42564142195180471,0.88264178722171083,-0.19943132995823612,-0.88870223441147578,0.44925058783959448,0.091554616911600897,0.17040457291662417,0.13826563121703014,0.97562538750960148,-14.009559088249016,16.058110705096912,-4.5791859243463122,,0.07090873899906493,0.1666666666666667,0,1
0.92601441221311387,-0.27159755818510212,-0.26216802772552322,0.31255989627398029,0.94108854505127337,0.1290684377161036,0.21166865524871498,-0.20146244503918623,0.95635206050075117,5.3871288172010887,-6.1463945106703974,0.59072660424037893,,0.07565160253304275,0.2363636363636364,0,5
0.65718880039693528,0.72614684179208377,-0.20202387182761589,-0.72168923233205251,0.68354440744057221,0.10923229830361905,0.21741097619212152,0.074012209885265468,0.97327008595717623,2.06485167022801,11.08912419882618,-0.58433530582089899,,0.5645755696495404,0.3902439024390244,0,5
0.24470056549020192,-0.92067878139555603,-0.30409244439277017,0.96955968413897797,0.23515855350751613,0.068223702659549149,0.0086978239290821345,-0.31153015295513092,0.95019645950648124,-0.93738481570816545,-8.4940230824130794,-0.93726902679986146,0.5834843054068952,0.2755759162515901,0.6530612244897959,1,4
-0.52363471760179181,0.83823463584707081,-0.15221490659071954,-0.84779999447889687,-0.53030239846020621,-0.0038125514994508908,-0.083915742764245196,0.12705141263946057,0.98834006630442905,17.442870746579857,-17.962453432145765,4.4088338575069361,1.050200334523635,0.7976372500476179,0.5121951219512195,1,5
0.24647526108974846,0.96509887325726307,-0.088510510722180705,-0.96296074176666746,0.25418221418121667,0.089988953822806125,0.10934603553366433,0.063052096170508276,0.99200195447467499,-6.0574356350112009,-21.636249487201123,-1.5067458616383544,,0.2566447769723408,0.25,0,5
-0.37824169349547299,0.91751888375872825,-0.12285080076179408,-0.92433494123066173,-0.38156300474983079,-0.0038196631251661327,-0.050379933721529713,0.11211053185324767,0.99241780058894347,6.4765275971609766,-9.3533165098164162,1.0020878470094756,0.08221961582659658,0.2293482808967455,0.2631578947368421,1,5
-0.18107562451890657,-0.92691872327504599,-0.32868419287706691,0.97678047585024086,-0.20841491739246665,0.049629872114183182,-0.11450554660306589,-0.31206554223504435,0.94313497292099313,18.930882060639743,1.559023274254185,3.876593668477585,,0.1390071014869423,0.3,0,5
-0.70900125068191655,-0.54820360353929243,-0.4436102293658391,0.66805646127055218,-0.72359644138339452,-0.17351874415161786,-0.22587118250486318,-0.41938168663381309,0.8792617413660353,5.1489186920650614,-13.723427014997018,0.74983901867237313,,0.6255516597628367,0.1363636363636364,0,1
-0.66878473825453744,0.73404671004276933,-0.11790844479169772,-0.73440373331502773,-0.6769538755596255,-0.04883243653303565,-0.11566386804339503,0.053934013759314073,0.99182306475956206,-10.925630986579574,-17.759678844835864,-2.8569765811606542,,0.180134589352757,0.2916666666666667,0,1
-0.92251862556237529,0.31096034095988861,-0.22861113673794625,-0.32467378736937852,-0.94552021717476653,0.024051002245351005,-0.20867754379839185,0.096411541134306722,0.97322068281062435,-15.30190231596762,-3.0683183772891538,-4.6004348525125289,0.2344813088482643,0.2524197509660929,0.8478260869565217,1,1
0.94881275376784358,-0.17997928595684304,-0.25954154756790987,0.2165757547389201,0.96887854858568123,0.11987201737590791,0.22988975781175594,-0.16994650545676945,0.95826347344364715,-2.5864542416987435,14.857247842431702,-1.8506232681288339,,0.1188160020280385,0.3846153846153846,0,5
-0.95012858945909562,-0.18557035156261217,-0.25063780264237412,0.21966210615910584,-0.9687179854180118,-0.11547304380423259,-0.22136897391056148,-0.16476986784177808,0.9611694273338014,-2.433330221814721,9.9503237798176354,-1.703822706447341,,0.6206379462487061,0.1702127659574468,0,3
-0.27759435352903716,0.95491454739928849,-0.10525959364356319,-0.96069695188106474,-0.27611153817569145,0.028701657316000627,-0.0016557582031542153,0.10908998877745786,0.99403049893517181,-0.097414148503534831,-7.499227993530317,-0.8081141431402078,,0.07150197562438122,0.3478260869565217,0,4
-0.91128770040432905,0.34036400423790431,-0.23174786236539482,-0.35215849997818349,-0.93588420221936841,0.010254312718661155,-0.21339896434825034,0.090956608640363576,0.97272183966421677,-12.8027979176667,-16.353937203745232,-3.3947784719203118,,0.1294458919046086,0.5625,0,3
0.80508361693163155,0.54991677899883562,-0.2223328718921915,-0.54229452588522931,0.83424786251747307,0.099735405348067505,0.24032689600458432,0.040274558477712809,0.96985614551655475,0.10972474787214642,-10.559481078923529,-0.60914061232316985,0.154628404656242,0.1249431834029923,0.4666666666666667,1,5
0.64312730484079306,0.73942104148659349,-0.19910749150923227,-0.73521504635673252,0.66893989359015715,0.10944521174659368,0.21411703663857609,0.075999619541616256,0.97384698615883392,-16.548390586483492,-9.7371342375425094,-4.8199821405870598,,0.1059085873825143,0.6363636363636364,0,2
0.74135007986324097,-0.59370945606566083,-0.31290436376788217,0.65643995101329855,0.73847578703602046,0.15407823556618311,0.13959459087093665,-0.31962883746581305,0.93720368995209824,-11.880713051650119,-10.49520285335862,-3.6326394209233603,,0.1059220961705511,0.2380952380952381,0,3
0.75499364058724461,-0.55595915069760005,-0.34769818151440274,0.64365166232889681,0.72963649272181574,0.23096130859920222,0.12528822871310338,-0.39817083173458545,0.90871494347882376,-0.4253585710813913,-15.1706331033621,-0.51581954968019805,,0.3617828615901579,0.5652173913043478,0,4
-0.92804111779675591,-0.26142329700928973,-0.2653253539700679,0.30972663284346569,-0.93729515415562525,-0.15983493643078467,-0.20690359249176465,-0.2305117215613483,0.95081820009759288,-12.956058475504964,13.101647520162254,-4.250766485248044,0.8045380545875273,0.5916328158640562,0.8617021276595744,1,2
-0.31382725805319511,0.94258492527609794,-0.11421957251306532,-0.94939671710770757,-0.31311507670765298,0.024593134884942747,-0.012582752001114953,0.11615768326122386,0.99315107963061922,-12.885593706548374,-5.2057810696965046,-4.0404947827892448,,0.1095617443942023,0.2702702702702703,0,2
-0.85608062507729565,-0.3653746295743534,-0.36555073988527514,0.42878723892834664,-0.89697053572215113,-0.1076353184532058,-0.28856102837956621,-0.24888800314543541,0.92454707548658965,-3.9643626029167525,14.736731721869065,-2.1148999497683825,0.5973543354756589,0.418238299664036,0.2413793103448276,1,4
-0.81904832760295798,0.52925546561410308,-0.22146893499630405,-0.54972699491967858,-0.83443651531816709,0.038934983758243058,-0.16419521341189508,0.15363708543601715,0.97438984901904058,-3.5167344524956752,11.060480648808136,-1.9759343678364023,,0.07998309111815813,0.1764705882352941,0,5
0.84580423942550309,-0.43082238209991075,-0.31465419693944335,0.5032721874609245,0.84002817048074618,0.20265679886711835,0.17700930455245448,-0.32976468561768418,0.92732031047601204,14.412456101496028,-0.33518083525102488,2.7624907073251537,0.2623821720255139,0.291521684526557,0.2439024390243902,1,6
-0.92847879882233308,-0.18337371229623067,-0.32295696582693184,0.26280090346621188,-0.9388551641308962,-0.22245598648292617,-0.26241723509476594,-0.29141904952052833,0.91989789232380104,-18.462081252348462,7.1591932093661521,-5.4851817956747349,,0.5704787318834784,0.3983739837398374,0,3
-0.90405488000224499,-0.27815720575874081,-0.324520173222893,0.34532907202574153,-0.92275226127357457,-0.17110259006907361,-0.25185830531861986,-0.26675238180566413,0.93027445457942048,-22.053814315980048,18.021663705311965,-6.5599370840401354,,0.7653388575337113,0.5454545454545454,0,1
0.74757149824277513,0.62913132028831809,-0.21290992660590474,-0.62170714262490601,0.77563092809005874,0.10898115524864936,0.233702982061053,0.050896416597174164,0.97097501046800339,3.4274363814817708,-6.6938886357873955,0.075272563935129461,0.3128885987969557,0.1652224513486452,0.4444444444444444,1,5
-0.92658309624884505,-0.28268935037746135,-0.24805341547552212,0.30721602647414148,-0.94937295128534116,-0.065645353569008358,-0.21693796077068375,-0.13703185962005116,0.96651962764639565,-4.9425279783314418,13.533034667764648,-2.3841393084753109,0.9212603726772117,0.8198970976091091,0.7592592592592593,1,4
-0.061939652322573799,0.9757465262187206,-0.20995760534512783,-0.99630109506136655,-0.047892135656906303,0.071347539002717231,0.0595617952187679,0.21360023388171245,0.97510375480560907,-9.7215266926241029,18.122260788205164,-3.6039373389520692,,0.09951167643818615,0.32,0,3
0.88734321397758498,-0.33384800495181011,-0.31806843634291498,0.41597173826955203,0.87720449046618154,0.23974944184914185,0.19897118778591577,-0.34504752063399019,0.91725278682345723,-7.6222480336184413,-3.5062660519362017,-2.7755853238153136,0.1771820895009636,0.1378798118959229,0.2073170731707317,1,4
0.88378651581524825,-0.30624488065191746,-0.35374491874461844,0.42157567196298795,0.84916289904592179,0.31811369617305224,0.20296636980568752,-0.43027484699714741,0.87958411125342761,-5.5190161545951266,17.181387453365041,-2.5615281764786126,,0.2919974807546777,0.1538461538461539,0,2
-0.96633213263923778,-0.10296932318689925,-0.23579552139796034,0.1033504450299905,-0.99458662372529849,0.010776521647345334,-0.23562872265707974,-0.013955872926645699,0.97174293857472904,-4.9931787903540181,-7.7034686471737395,-2.0087942973825506,,0.09912059000814968,0.3103448275862069,0,4
0.9617403653059331,0.13835208979474126,-0.23646177067475121,-0.11566055817003884,0.98747122572745039,0.10734623255672242,0.24835077013169474,-0.075889904531200439,0.96569281728986645,4.486869619118413,14.109944335135857,-0.088121238569106308,0.8008969138702657,0.3575952183559573,0.5333333333333333,1,3
0.85956897725068282,-0.41370954725488746,-0.29997597213505778,0.47753177823742055,0.85928845303427126,0.18326689623436598,0.18194662437545733,-0.30077859796223383,0.93617715251241362,-14.136284492855969,-2.3253859017644802,-4.3653298346802272,,0.09829753656112156,0.5384615384615384,0,1
0.90701070491043001,0.3536096812286586,-0.22867394805541807,-0.33735927957766793,0.93516178018570417,0.10798685736117121,0.25203233455396634,-0.020799957242061021,0.96749525276251691,-15.411563444867822,14.841757946704009,-4.8897174983412732,,0.08417100823604647,0.3043478260869565,0,1
0.8808577204242255,-0.38166083059225758,-0.2800440800314567,0.43846258719317716,0.88079401982761918,0.17875249443789273,0.17843832548223024,-0.28024436662943197,0.94319820768042473,11.633851923944036,-4.4953422152403464,2.1788707311213082,0.1766067369540853,0.2671051233902452,0.725,1,5
0.96142759908609154,-0.10395079174142283,-0.25465899672284298,0.14686944090998116,0.9768167223544717,0.15575127047782419,0.23256469861598339,-0.18714519450148362,0.95440575078561762,2.817115693872652,-4.194548646519487,-0.11532267056571659,0.228357852623794,0.1773804690761547,0.2424242424242424,1,6
-0.8627482443415051,0.46063412715797564,-0.20852258338861665,-0.47093181321721372,-0.88216956387657519,-0.00029642834316039398,-0.1840888214574691,0.0979441752593041,0.97801750717825953,-11.909062408314911,-1.4540914459770642,-3.8629161163684334,0.2932811620538831,0.274782354025073,0.7714285714285715,1,2
0.098254048637675312,0.991802419654497,-0.081695179134329304,-0.99024623891947616,0.10558772143945569,0.090904451964989724,0.098785263233624812,0.071966613430873155,0.9925030369319553,-22.02483791668817,9.3856298506106519,-6.2804453676879382,,0.1833629725780066,0.2727272727272727,0,2
0.11221251879057144,-0.93994626921265612,-0.3223497504573008,0.99276822981599711,0.092120555590466988,0.076974314584245834,-0.042656681712088307,-0.32865607286479914,0.94348587338359258,-11.018111479529869,-5.4282019989696311,-3.5786207484636869,,0.06829836563876583,0.28125,0,1
0.90163305284268835,0.39492313727011918,-0.17633364304721155,-0.3419592773924684,0.90056337918805396,0.2684202910933049,0.26480500491266357,-0.18171768134697364,0.94702533950210865,8.5042063912219952,-1.8728313041510534,1.2694598886631387,0.5355436139636562,0.3026701917221779,0.2790697674418605,1,4
0.50042284642325607,-0.79686305364768784,-0.33850590616550336,0.86440861394210555,0.48186469705123802,0.14354149880228614,0.048731128863739412,-0.36443886657023977,0.92995139099453172,-5.7548237535984867,-16.048244809741551,-1.7587284411044075,,0.2046612962510825,0.32,0,5
-0.51130353873887591,-0.79722316091466716,-0.3209422424274031,0.83827722033402841,-0.5449419689312569,0.018153577233697822,-0.189367349725759,-0.25975658258945411,0.94692477243933693,-21.434630997776406,7.9485055048150413,-6.090398767494615,,0.4607932825844115,0.7866666666666666,0,2
0.96487831334303775,0.11041661854332488,-0.23836528855887007,-0.07598005564617305,0.9858940459401212,0.14913068538641955,0.25146942475040573,-0.1257819562945206,0.95965724500283112,-5.3026147609763292,-13.447223490296624,-1.7973668799078968,,0.107397969152728,0.3846153846153846,0,2
0.95601751433582827,-0.0090162558331944656,-0.29317097300704048,0.065400481947739952,0.98091636082537426,0.18310071006445386,0.28592532109651958,-0.19422100863669267,0.9383628885244758,-23.514656536488108,11.064620440058137,-6.6743558628018569,,0.09328237915937701,0.2857142857142857,0,2
-0.95279320884656615,-0.12532658190384374,-0.27654719135106648,0.15737371468657815,-0.98278121332101798,-0.096822521496890135,-0.25965094858600413,-0.13577309973469481,0.95611037557743372,10.417724984635248,8.6983494415909952,1.444605554062371,,0.4082177148717164,0.52,0,5
0.54972893110080012,-0.73477064046117369,-0.39737917437511566,0.83196646273961294,0.52431816645542506,0.18144493710588255,0.075032707450204489,-0.43035167740012159,0.89953739587167447,6.3060190121124053,-12.449352970944551,1.0479854834313009,,0.1878951833045924,0.3333333333333333,0,7
-0.43929446908138398,0.88632973854354691,-0.14642391883785025,-0.89543288417055467,-0.4451249654713883,-0.0079821713899017026,-0.072251777697904793,0.12760626821368795,0.9891897294918045,-8.053339593123523,-6.764235557285839,-2.8391139683177409,,0.09709025422726907,0.5326086956521739,0,6
0.24349667980743325,0.96902248257720547,-0.041289165439210684,-0.96355694549156568,0.24654585517010294,0.10379380566010275,0.11075820383935886,0.014511015069688804,0.99374144057894997,-19.868572944008118,12.363589117198622,-5.8463971969258832,,0.2130157431528826,0.3636363636363636,0,3
-0.53303123879908165,-0.75715345012825541,-0.3776193207758281,0.81617000049506383,-0.57777627164928802,0.006411724490137949,-0.22303414257957413,-0.30478391177673642,0.92593873359195111,-18.063315464860558,-20.256630434959362,-4.4326761628578994,,0.1871450977465827,0.2142857142857143,0,3
0.96933114590595637,-0.082518832657414637,-0.23149032773207731,0.1503583979036591,0.94420845075892001,0.29302346952980768,0.19439516906675405,-0.31884329030465547,0.9276580590234802,1.2457382515268669,12.664510014409672,-0.83998407611402326,0.5667760732985826,0.4958012835571027,0.22,1,5
-0.38214447866607354,0.92103898452707145,-0.075185014506732109,-0.9235961190650811,-0.38336213253733226,-0.0019194229213022793,-0.030590950834465259,0.068707090738668833,0.99716775389563861,-9.6406712974480584,11.070050713840567,-3.4321212101001919,0.4464247658902956,0.3683979944487555,0.5164179104477612,1,3
0.81058301610592964,-0.51064803153430149,-0.28669454457794813,0.5623157071868925,0.81541490322060983,0.13747574715791858,0.16357328465100601,-0.27264835135365484,0.94810688060609205,-13.837389640561112,-8.5783368028048876,-4.206263377601501,0.7193447563708431,0.7644775067581174,0.868421052631579,1,2
-0.41269724162618943,-0.86055319073103687,-0.29854512670074962,0.89365238429392302,-0.44595375722535524,0.0501065111774497,-0.17625663902367369,-0.24611674534501085,0.95307929620827336,-10.836399261178794,16.184049727948029,-3.8397842534099556,,0.1725543233526083,0.2333333333333333,0,3
-0.74065806361514908,0.66664117053882876,-0.083756686565787095,-0.65722645813712344,-0.74474576766000844,-0.11578913712882452,-0.13956724374433635,-0.030713047636570616,0.98973617352225929,-12.586668900634786,5.4532338089607348,-4.0870268762643454,,0.1410593966512262,0.3139013452914798,1,4
0.94826550664668308,-0.19591515699805426,-0.24981949516108012,0.22664313511483761,0.96877327704157468,0.10055459708757807,0.22231828132078257,-0.15197232954901857,0.96305710777815112,5.8304570495456511,-10.970420818845037,0.86028527967037582,0.2730694385051517,0.2729664442629824,0.8191489361702128,1,5
0.76600419077148008,0.6052021290866989,-0.21672093269792503,-0.59805116804851954,0.79455095684432919,0.10499322536985067,0.23573794797684489,0.04918495630463849,0.97057120292999577,-1.2913569508145979,-12.612420119185183,-0.82799137739144435,,0.09369789169249021,0.1923076923076923,0,5
-0.33129425126742018,-0.88870827014397269,-0.31692543232575876,0.93156768155470615,-0.36140217868325419,0.039624738810348212,-0.1497523748057126,-0.2821100420415884,0.94762236698979652,-17.685465652465513,-7.2653094504130724,-5.0209419967109801,,0.1054316449021215,0.1111111111111111,0,1
0.83133024796498389,0.52525308200363086,-0.18165687067701708,-0.49887316144429356,0.84929836274003812,0.17267848689882445,0.24498079028580044,-0.052929111959097261,0.96808208407044027,4.9767567504759231,-4.8916204092306046,0.43801411040965715,0.4172468021914856,0.4548264905743089,0.7089552238805971,1,5
-0.96380516274136407,0.10929029028335331,-0.24317738530314209,-0.12375634098695783,-0.99129263367679432,0.0449809124367729,-0.23614397375036328,0.073447579047271477,0.96893832455604834,-20.462014520259569,6.2783997428634537,-5.8478757754505502,0.2362580787273053,0.1978038017479427,0.6885245901639344,1,2
-0.96279028819694834,-0.079777712058179795,-0.2582060758626703,0.12037447420114504,-0.98201760859743203,-0.14543521707405802,-0.24196042427313361,-0.17110503517822792,0.95508021653797348,3.8244610764573328,9.5078711083169765,-0.13142891630018994,0.5724619014598737,0.4893920960281958,0.5180722891566265,1,2
-0.7758561331850542,-0.57003077894109033,-0.27039262500842959,0.58458619885248209,-0.8107114700979412,0.031715743138713705,-0.23728935229028192,-0.13346094301872968,0.96222759260905077,12.218270183320245,-11.229468615093662,2.6080771474665863,,0.09849093707543718,0.5789473684210527,0,5
-0.21693886710296062,-0.88196701754419626,-0.41841571182769949,0.96827272364811567,-0.24887461493828897,0.022568976015296869,-0.1240381416304866,-0.40024443282013916,0.90797518326072191,-11.053687199558137,0.21333962763624445,-3.6617868626807288,,0.2197025550792649,0.1925465838509317,0,2
-0.79170644950848978,0.58746495559687362,-0.16758825660596458,-0.59042714669187379,-0.80624394150019674,-0.036966082339382804,-0.15683329447523495,0.069682370365774002,0.98516378587738052,8.2366078405426251,7.7054534448852428,0.98846069429779904,,0.2055748198028563,0.2666666666666667,0,1
-0.63471099959951682,0.77256462185172337,-0.016907159740368636,-0.76876018676897273,-0.63350342079767141,-0.087642404557286308,-0.078420164666471767,-0.042630046924121673,0.99600851245003486,-23.935130302374752,16.629654297473753,-6.9107872608411105,,0.3579443759156457,0.4375,0,2
0.89083053854247118,0.41831594553935658,-0.17729275593674595,-0.3774850969312486,0.89862612508049655,0.22355332455058471,0.25283582261012455,-0.13222275534236635,0.95843163020360289,-14.670606208630202,-18.368668945183529,-3.7428077022083936,,0.188111172992639,0.3809523809523809,0,2
0.83925065705606539,-0.45608889570935857,-0.29604265544272884,0.52158793646848345,0.82910859208127397,0.2013081395958902,0.15363710216452756,-0.32336026618560804,0.9337203966342712,-4.8055996027880017,21.857899671932834,-2.4938208013342327,,0.2735368842127897,0.3793103448275862,0,4
-0.97044649012336281,0.017782440482583383,-0.24066033037816739,-0.016855927907936177,-0.99984047373354656,-0.0059080266281581464,-0.24072699786606355,-0.0016768705256969118,0.97059141795280246,10.026003144856446,3.3477799383369553,1.4874548986997629,,0.08122396660304636,0.3181818181818182,0,4
0.62873621217742215,-0.71261758337927195,-0.31123456645346331,0.7706619897450806,0.62444268784448276,0.12708826523213052,0.10378281678072812,-0.31976164475472274,0.94179701501162827,-10.91561470531899,12.567346987783692,-3.7837378273379101,,0.1507005929803951,0.5,0,3
0.50755701699169808,0.85426648517590709,-0.11231494472104608,-0.84100300800917904,0.51953002641966994,0.1510049408724442,0.18734944628154743,0.017813589014559018,0.98213179412155194,-21.530439478703904,12.489559100669196,-6.2419358863127892,,0.4729697812674398,0.2222222222222222,0,2
0.76631937103719971,-0.57684391664614021,-0.28285281932745759,0.62518711363057622,0.77095723069557576,0.12151551912606753,0.14797193829716299,-0.26995563388555099,0.95143484338657203,-2.864668054707507,16.812642375297354,-1.9362238812708938,,0.08199862581782377,0.3,0,1
-0.96812994797500518,-0.076772154306500529,-0.23839135923319957,0.082607897757365115,-0.99647559984959655,-0.014571003139624946,-0.23643252538942749,-0.033799633541284145,0.97105985691431607,0.33310821260426859,-19.2295802594539,-0.17179498862092771,0.3034191656396086,0.2820395679115416,0.717948717948718,1,5
0.8250009159800481,-0.47398530691996837,-0.30775220138297243,0.53931765744381177,0.823041042622637,0.17815697159516969,0.16884890583418483,-0.31295586107728718,0.93463825944371259,-13.101847092797206,-18.889201878504139,-3.3657761647117153,,0.3210607761603803,0.5517241379310345,0,1
0.93366426596423979,0.29496702293507199,-0.20313909973779568,-0.27273468537472145,0.95319216177977661,0.13053924358273214,0.23213536967686141,-0.066476748584906709,0.97040919824709493,-9.5531298431275182,-3.7539121838861642,-3.2863109057282163,,0.1315914965748057,0.2727272727272727,0,4
0.75762123374601498,-0.59126539279558477,-0.27643317720463639,0.63623202069592288,0.76352808701006447,0.11060595005665372,0.14566702447139396,-0.25967305526187201,0.9546470669062026,-0.40269619585865829,13.237294715584861,-1.2963303712192944,,0.06818769791587893,0.2857142857142857,0,5
0.7356185751432861,0.65571734164192064,-0.17000023462987671,-0.64085171518858597,0.75497675092445837,0.13899347000271148,0.21948665345302407,0.0066987635874028624,0.97559250485148308,14.709312777050737,-3.8482905838813766,2.9725599963043625,,0.2860728088123274,0.25,0,5
0.74259155087770745,0.65954633250484052,-0.11643205677327936,-0.64288386685975096,0.75069507117469803,0.15217504343836874,0.18777146294497438,-0.038151610626940814,0.98147151375374853,4.039017854174686,-8.0872180802532352,0.31394571468522625,,0.3169795780684534,0.2222222222222222,0,7
-0.96978255916197675,0.12719691273575004,-0.20818917679778809,-0.13561152181569663,-0.99040502304309053,0.026597095364830077,-0.20280853802559065,0.054026250300285288,0.9777268847599585,12.456520969677502,-5.2644812420555631,2.4404097684585495,,0.1620607894649123,0.5,0,5
-0.32439599182883527,0.94589579947217928,-0.0069553595360142715,-0.94590576613008692,-0.3244241067555409,-0.0033586541536944118,-0.0054334231604943658,0.0054895807452261065,0.99997017076310957,-3.4630415615621231,-2.2022990601975865,-1.7385516583785785,0.6748887263949656,0.5252470446614863,0.5881370091896407,1,7
0.19177398645530822,-0.89259882483868902,-0.40803195465016145,0.98119619312441653,0.16512178680053721,0.099944114994087119,-0.021835034169714534,-0.41952608193101681,0.90748063222441155,-13.715068397167347,-3.9080779422681862,-4.2414842619163569,,0.4695614027985888,0.4354838709677419,0,1
0.038027367484472004,0.9953969307010635,-0.087970845585935181,-0.99575919029805782,0.045126448814128799,0.080170060211921426,0.08377084372953536,0.084549121629555343,0.99289168179238629,9.263222543061902,4.3116828393772977,1.3068705373139231,,0.3564602463386958,0.2173913043478261,0,4
-0.79194119310243738,-0.48072671183259308,-0.37647174555085905,0.56182229210391288,-0.81516391827550605,-0.14093792405463346,-0.23913355841996187,-0.32312476672695167,0.91564486913052678,-15.036701848211964,-4.8220404299393085,-4.5493915780975502,,0.1318296602514335,0.625,0,1
-0.37823241629388177,0.90904758526753582,-0.17485058473952861,-0.92334046436135775,-0.38398088811754882,0.0010317138226237335,-0.066201405857013632,0.16183684771930601,0.98459443863086793,-4.171785288606074,17.247067326630223,-2.2512450334292837,,0.1378812332763436,0.3809523809523809,0,5
0.80962152983462621,-0.44046806947059819,-0.38794440091987953,0.5627267427717032,0.77041684624707885,0.29966063469907855,0.1668879606136687,-0.46091839060244633,0.87160922769705773,5.1265524241621696,-11.799631244209722,0.70611074887718672,,0.2158975393133198,0.1176470588235294,0,2
-0.54039429990041732,0.8234003196011801,-0.17316441411506334,-0.83822592858515665,-0.54471651228722839,0.025714079590568588,-0.073152534355894264,0.15904664385743247,0.98455719579666745,-4.4918677338492161,12.499862172322302,-2.2615676074652824,,0.6105322424285942,0.2325581395348837,0,5
0.61447569740905617,-0.70251287957801367,-0.35901987594096019,0.78250642468225229,0.60068329254430541,0.16390020557989535,0.10051523578370322,-0.38164805264162022,0.91882612679995468,10.230003114229342,-2.8628857250116861,1.7495916870653734,0.1385719877905122,0.1948190583432187,0.4186046511627907,1,4
-0.81137714749928536,0.56915576841610072,-0.13314967440666797,-0.56874369596650842,-0.82128938889809988,-0.04488148818546512,-0.13489897262128989,0.039312224079340048,0.99007919694520219,-9.308808198428137,-11.156210862443794,-2.935046823023423,,0.3263245204883319,0.3684210526315789,0,3
0.38174655796504497,0.90700290780586312,-0.1778068916368247,-0.90723485810387694,0.40447411777898568,0.11543656391347304,0.17661958476646586,0.11724509916674587,0.97727125661113179,-3.6056028640546773,-11.887229474177991,-1.4860058082176544,0.2656872225036802,0.2813916094370449,0.6621621621621622,1,5
0.56926998839615728,0.79175393740321787,-0.2214890130862949,-0.79693046300384751,0.59762083778435404,0.088040737061887989,0.20207304978129254,0.12639239238351613,0.97118043931066633,-24.944200470416067,9.7893601298537281,-6.9599897717021477,,0.1437642717478375,0.5172413793103449,0,2
