axis_00,axis_01,axis_02,axis_10,axis_11,axis_12,axis_20,axis_21,axis_22,location_x,location_y,location_z,dbh,dbh_approximation,score,reconstructed,number_clusters
-0.9480606326072768,-0.085281565850364185,-0.30644427132253704,0.1084716184936844,-0.99232171946947745,-0.059426534902352356,-0.29902331829081713,-0.089580464361655843,0.95003178658563781,-5.650144252015596,-11.281547946962807,-1.6793178007254603,0.3178494211676425,0.1440661878061113,0.3529411764705883,1,6
0.92283942855685708,-0.20947151301045736,-0.32324769811703619,0.28331273734176293,0.9376873132811181,0.20118746325642395,0.26096222324461082,-0.27724391381732344,0.92468077209947519,-19.158288795726452,1.9520671495668258,-6.6554347988671161,0.262478165289822,0.3174804717243987,0.5600000000000001,1,5
-0.70113978856023063,-0.62872739070521311,-0.33631066750064664,0.66926888776716487,-0.74299379181947489,-0.0062754429821226835,-0.24593119518397469,-0.22948222914799773,0.9417301915838997,18.239115006461617,-9.9077803152355912,5.0979064114089399,,0.1321836941697174,0.3076923076923077,1,5
0.95649615333410276,-0.050212168430528781,-0.28739145220164358,0.11439505996171863,0.97074210123386795,0.21112447311576776,0.26838196458298053,-0.23481590881701322,0.93425510972807646,-13.969910293246036,30.014624888131678,-7.1318081515627414,,0.5980768379337995,0.8888888888888888,0,2
0.86480339375623838,-0.39271366597465635,-0.31287548114935415,0.45883377724927699,0.87116272654483096,0.17477719740898287,0.20392806330383925,-0.29470575229493534,0.93357477716646919,-23.59149106514446,3.0914287902769311,-7.8460227531099731,0.2251075128108482,0.2181251486605282,0.2333333333333333,1,5
-0.96312988090956253,0.012816381270675515,-0.26873141399965944,-0.018526042336050114,-0.99965308579134959,0.018721480261859047,-0.26839824562484493,0.023009746607839329,0.96303319429111456,-0.50996356031698553,15.31105682752175,-2.6409640683461948,0.3019822722557445,0.2700878121237286,0.2631578947368421,1,5
0.12945465404327122,-0.92243852927214798,-0.36379754295593125,0.9915338196160427,0.11668101677959812,0.056975651649625481,-0.010108269097985238,-0.36809333060721816,0.92973389895083791,4.356288396965688,-15.207303146304485,1.5362611129226493,,0.1097640926864258,0.4210526315789473,0,3
0.5829529228169299,-0.73351245346686866,-0.3494644050375012,0.80417165448935279,0.58232504337214319,0.11918680286629829,0.11607687062915256,-0.35050966387625826,0.92933800935628175,-3.1386267724763979,-6.2226615872548763,-1.361378987873668,,0.07468706088977081,0.3,0,5
0.95418071311046637,-0.12641389300302344,-0.27121706138040619,0.15131027449736401,0.98579802550751028,0.072852273382696855,0.25815570410032629,-0.11055216217385798,0.9597571838122132,-0.15594062731632957,-3.9385565611449267,-0.82397916369741431,,0.07305953045495758,0.3191489361702128,0,5
-0.96493153949820976,0.0098715875011035036,-0.26231598472419504,0.044100854877682345,-0.97899302626939366,-0.19906724772034548,-0.25877062947845081,-0.20365462498088233,0.94422590254833805,0.40290158626352102,11.109146745330062,-2.217663047499693,,0.1596022667577487,0.3027522935779817,0,9
-0.71353896199118028,0.69847323194717814,-0.054747547651126598,-0.68065895418953037,-0.70961231922743651,-0.18208169727425474,-0.16602872583430694,-0.09265797674200664,0.98175809726424657,-12.713372761696707,15.58951223822376,-5.9936363551906586,,0.4953018885820374,0.25,0,3
-0.17393037479147144,0.97683032254883906,-0.12470262897802625,-0.98471568164616419,-0.17134946497479034,0.031215175363682068,0.0091242010625895934,0.12822590144735238,0.9917030135847047,23.37259329746572,-6.4566038110633048,6.3753544694380526,,0.1365584673293853,0.1666666666666667,0,3
-0.53359882418504834,0.83572079562187429,-0.12978076357256038,-0.83954457360727386,-0.54195436789840612,-0.038083750372321777,-0.10216263384876101,0.088635291396723881,0.99081107248763778,13.014590138357434,-6.8575182995900903,3.3088166580352518,,0.7538468105716847,0.8297872340425532,0,1
0.45447344428199538,-0.81460949985962761,-0.36036821610806313,0.8876547958362595,0.4479242156991628,0.10692455480000139,0.074315892454768107,-0.3684769459935554,0.9266616903702849,-10.155699067562262,15.176960363428785,-5.2966939563085074,,0.1984606004667379,0.3888888888888889,0,3
-0.90893929779112326,0.34011680995898375,-0.24114292134396839,-0.35116374786008725,-0.93630914036983004,0.0030357616451763235,-0.22475180782328741,0.087439975087105992,0.97048486625857766,4.3963295402468123,10.232062545898069,-0.88245637080680772,0.7394290887400791,0.4706132568754014,0.5,1,4
0.72761890350799452,0.64489092966018491,-0.23385127773832595,-0.64394948835514276,0.75961652769060684,0.091169004088104341,0.23643135939416948,0.084252119862288977,0.9679885291643372,-6.5610379419348819,7.7884743179540443,-3.8144618767219494,0.5404237773410536,0.3876626651465346,0.5738916256157636,1,5
0.92474341749642919,0.31525486253139023,-0.2132228492618434,-0.2665029160643107,0.93633758167101477,0.22857849610077977,0.27170904940072116,-0.15455194855060714,0.94988835537286498,0.90896311505787708,8.982256441508115,-1.7980257765330743,,0.08336017177142636,0.25,0,5
-0.98557882506428007,-0.014953777101829081,-0.16855492913380979,0.040287291648096801,-0.98818143814327042,-0.14789989668948436,-0.16435119018910696,-0.15255762799508835,0.9745331479349163,-21.786194605339571,12.740316525126023,-8.0863864489755954,,0.2285379720481647,0.2352941176470588,0,2
-0.14126781287335913,-0.923473016650185,-0.35670855409561542,0.98278402871096859,-0.17416197342841336,0.061669765056776391,-0.11907542969317779,-0.34185551703976885,0.93217801278128021,-8.2024979300992555,-10.397553436224996,-2.5102831469776223,,0.1801392250524517,0.36,0,4
-0.40461988510839958,-0.86361161262109443,-0.30076191767053617,0.89985572668103864,-0.43459014171651283,0.037297183300641079,-0.16291844503985964,-0.25555115196143069,0.9529696684559168,-1.5541060692758621,-14.200743854788628,-0.23639825788822166,0.8818162335374963,0.7758210796071903,0.9964285714285714,1,5
0.90098940972733599,0.35955527783911512,-0.242771674083333,-0.34418378206907313,0.93306311736000824,0.10455019456248341,0.26411286928094974,-0.010640545120488093,0.96443308273810424,-4.0384620429697353,-9.1114981804416413,-1.4144777916355478,,0.08915927072752867,0.3333333333333333,0,5
0.059352939214841145,-0.94977473602523876,-0.30725425857870181,0.99712360987547599,0.041874772271675138,0.063174441636592873,-0.047135286521451311,-0.31012006425799621,0.94952820416728922,-6.2037612815837226,-14.729915361635815,-1.5422342304435159,0.21073308994919,0.09395149056425105,0.375,1,5
0.18600415650903498,0.98024074465362776,-0.067309258518169837,-0.97804650735150256,0.19126750440084531,0.082714999956487623,0.093954687051213806,0.050446251408564055,0.99429758749578279,-3.6149315704053588,-11.307687659081406,-1.0825669799642472,0.6537574516487409,0.2615292680713244,0.2608695652173913,1,3
0.91440544102541477,0.34153975202981535,-0.21728618733488206,-0.29138062143013682,0.92795316420127738,0.23237955698345161,0.2809982613435616,-0.14917614699492046,0.94804348755194012,29.143008957112908,-3.8954123640232847,7.8670673169662644,,0.3222765471785904,0.3333333333333333,0,2
-0.074461234531936663,0.99682912416000657,-0.028057472772408585,-0.99663229623607918,-0.073418587868706295,0.036520912564796025,0.03434516925537489,0.030682375751554379,0.99893893765688213,-15.804797951249911,-2.5865201249474965,-5.3057232239135974,,0.1956234753686369,0.2272727272727273,0,1
-0.74988458347040132,0.65909118229384678,-0.057200742092413728,-0.64041743671590556,-0.74487949343454041,-0.18713643955930087,-0.16594763699327741,-0.10369837840198885,0.98066713419648455,-36.413589029151481,10.035328831606048,-11.618940776278706,,0.4048701743988632,0.2352941176470588,0,3
0.95484299855820676,-0.10929995336641772,-0.27627589163456262,0.13766061095055826,0.98679287096580004,0.085377901144232035,0.26329527967111893,-0.11955479917248869,0.95727856222613394,1.3951407223511583,-9.3020936930519724,0.17772852407029163,0.1223918281419131,0.08007640082074793,0.3636363636363636,1,5
-0.86656522439100903,-0.37891904882506511,-0.32478464605591817,0.42312001362233465,-0.90292108387770131,-0.075518013489181621,-0.26463969080316607,-0.20286416816832117,0.94276824475847687,-23.695851192095471,21.635116856408569,-9.3754152308454888,,0.1528859129927314,0.3888888888888889,0,1
0.24685701694909895,-0.8008943163935891,-0.54555467842503091,0.96902124772392695,0.20849279111996638,0.13239553433016915,0.0077093866524656678,-0.56133684185117638,0.82755151823798301,5.4705512784909622,7.2753617270392095,-0.28899282769266066,,0.2687862562483113,0.2692307692307692,0,5
-0.29903289836031755,-0.90952470561105025,-0.2886938440309379,0.94476785435039223,-0.32471715892659186,0.044412476679394595,-0.13413808961060683,-0.25946787196447668,0.95639081777997104,7.4141967919280232,-5.39301004853351,1.5590010566977626,,0.1384309406344655,0.4461538461538462,0,5
-0.91486811305730897,0.30529213918397685,-0.26422158402263696,-0.32705829688789528,-0.94408792268303243,0.041603661868002823,-0.236747135458382,0.12447772490091953,0.96356426347999369,5.2140680252171574,0.44162043541696777,0.32873917803558217,0.1706618022482256,0.1373294392647065,0.4225352112676056,1,5
0.048707446907612001,-0.95571891891143723,-0.29022221253807728,0.99795610977808247,0.034531930177208944,0.053769403519408732,-0.041366503022842116,-0.29224800056286288,0.95544749651389582,-0.75193315202308175,-3.0939980642587082,-1.0789288040635618,0.4614642965974631,0.4157511153536073,0.9765258215962441,1,5
-0.0091683343579696819,-0.93693243353432221,-0.3493902640838073,0.99829642825012099,-0.028710115832803904,0.050793410910443398,-0.057621029044530599,-0.34832936172582285,0.93559952585041917,4.267552480046608,0.66825394939470883,0.097984119667417519,0.2877607535706318,0.1857733498466591,0.7102803738317757,1,5
-0.92904834517817136,0.31572808971711486,-0.19283398477779878,-0.30529292129571806,-0.94868448528355742,-0.08242560032538114,-0.20896268692862224,-0.017706517044704356,0.97776330199374795,-20.482879073179934,21.834491699499612,-8.4896698517064451,0.206074979406844,0.2112649876456844,0.4827586206896552,1,4
-0.46898984501951702,0.88251537987859097,-0.034858708328266451,-0.87585322890073047,-0.46980575449250828,-0.11028904963725539,-0.11370860430386667,-0.021193332052105288,0.9932880730099376,0.37027901610796388,-10.640567405288724,0.029079447570956977,0.6077667991221768,0.3540280682743622,0.2068965517241379,1,4
-0.64806007594634696,0.74854438317270089,-0.14035470916579507,-0.75502745913347669,-0.6556116394765843,-0.010339929268140013,-0.099758076960515391,0.099270764092077746,0.99004729254602453,-10.214335444352425,-9.1914780396985183,-3.1678190737647065,,0.1582544560820173,0.1333333333333333,0,4
-0.44976694777510884,0.88141050597106241,-0.14430943369336363,-0.88441603597687912,-0.46205434767235937,-0.065681466975207478,-0.12457113628769388,0.098088224374322269,0.98735035941811777,-27.807099627982016,16.258729368390046,-9.920204725231498,,0.2475466993056239,0.3461538461538461,0,2
-0.029161920089291696,0.99935359677445212,-0.021023107065139303,-0.99886901688264329,-0.028344721842708722,0.03817412547212759,0.037553555472259061,0.02211256108247105,0.99904993124156038,-7.4749488367536694,-12.235650677515107,-2.1184541684222618,0.6726948177260241,0.297171919669898,0.2093023255813954,1,5
-0.032034140921380697,0.99834397277139841,-0.047782066159276826,-0.99909231221755257,-0.030641889413966231,0.029590983101716092,0.028077846840755209,0.048686616684286553,0.99841937474821829,-3.6291336003784802,29.955966499802201,-4.18848959012763,,0.4189577159613541,0.3333333333333333,0,5
-0.89198500788376711,-0.32860870395352965,-0.31044977918590461,0.36373796561315963,-0.92948614900137427,-0.06123880457842492,-0.26843516550965385,-0.16754646669081441,0.94861517140367713,-8.9595437479496987,-11.788888199481448,-2.6001483322800247,,0.07108592039134154,0.25,0,1
0.14466669461615872,-0.88385915684749128,-0.44481966944558421,0.98898004229070846,0.11486374679973099,0.093406614443506578,-0.031464637603278806,-0.45343060166686039,0.89073602489880543,1.1748210352121,-14.996943202002958,0.60776455973130705,,0.2044677518466722,0.3888888888888889,0,5
0.65726740979513765,-0.69306105807960239,-0.29608431534746066,0.74134324826560538,0.66527326243409812,0.088440231463370822,0.13568249803196258,-0.27762898995579627,0.95105857004914918,-5.1202371614480153,14.258381011353217,-4.0341002880303911,0.2009155384573614,0.1779454306853873,0.3924050632911392,1,5
0.90504295033946769,-0.27407084462760201,-0.32524211007485532,0.34717349251204738,0.91779446528861175,0.19267559674898618,0.24569864496536983,-0.28729512980679528,0.92579354299513072,14.388662518919373,-6.8717164785715186,3.7507860933781036,0.8081975664880318,0.6137844700040723,0.4743589743589743,1,5
-0.92108441654519302,-0.27661996847089215,-0.27401622331672992,0.28081045727533271,-0.95944687666205142,0.024640981073260518,-0.26972019702354483,-0.054250197295465305,0.96140934643417264,-0.37337477091019006,-13.324487781429108,0.017981514290634781,0.1313878999981091,0.1064487854407486,0.4705882352941176,1,5
0.30093477685735237,-0.89086253187588826,-0.3402972368055584,0.95307585483553492,0.29327888495884386,0.075059380271970469,0.032934404614787041,-0.34691705771982462,0.93731738491062344,16.604309344808222,-9.3990137715188187,4.5956833628675051,,0.1199028244382106,0.4666666666666667,0,5
-0.85734403442153639,0.47766666509571887,-0.19182221898971485,-0.45689816216123513,-0.87781760250008067,-0.14380655810739715,-0.237076519409851,-0.035648475385980205,0.97083670622157969,-23.992368393187686,23.908326600482539,-9.5111901414259759,0.4958251836357451,0.4248501437686049,0.2777777777777778,1,4
-0.96296602909231088,0.039048816000971445,-0.26678009067977754,-0.042468961740174858,-0.99907283968866656,0.007060331800769433,-0.26625704517045107,0.018128733142380934,0.96373156788171777,-15.065038043171297,-10.235017288616708,-4.4250229125831249,,0.08352661462257682,0.4285714285714285,0,2
-0.84024367582863513,0.48248207060909604,-0.24738960521966671,-0.50146275586285438,-0.86502889069981581,0.01612832096272903,-0.20621753008028817,0.1376083928959452,0.96878184360163355,-18.400823326130276,-17.125969337120136,-4.929957006619837,,0.1912726318782565,0.5,0,1
-0.83434984256535993,-0.47721773213574159,-0.27590501326793326,0.49222356775070419,-0.87030641568837608,0.016813749207695801,-0.2481457224332646,-0.12177840098667303,0.96103783561897371,-14.362568112464189,-8.4579108979852364,-4.421506909329147,,0.07374097369912,0.2857142857142857,0,2
0.95297198801284122,-0.098295887610748367,-0.28667456905290523,0.15566667046252713,0.97037996236611879,0.18474473293017471,0.26002361002409924,-0.22068223108611545,0.94004631540838968,-10.394564863188608,21.941529572786841,-5.6712100921942987,0.2520405091861462,0.1575152289643066,0.1818181818181818,1,5
-0.94130493827097972,0.2260649285374409,-0.25067840208528008,-0.22116426034272543,-0.97405761080901543,-0.047938927523345935,-0.25501251564133626,0.010315954167947203,0.96688272192437197,-8.6305024392960501,-8.8348485889426627,-2.7041339988115527,,0.1096445469229017,0.3448275862068966,0,3
0.9389751485399771,0.27907867964845623,-0.20109888361203138,-0.22227579748361406,0.93842958813395738,0.26446810387598285,0.26252455176107686,-0.20362956239310803,0.94319449799192534,16.118555742037302,12.049412172213042,2.5934282065046697,,0.6452714371856677,0.3684210526315789,0,5
0.95911081661162856,0.16607605090759497,-0.22918374020316473,-0.086394962718163618,0.94289064485439344,0.3217035005451318,0.26952245152398879,-0.28874898642419933,0.91868475058830446,-4.2876678110658162,-3.7870964798058186,-1.9370762568960604,,0.1430904653448349,0.2,0,2
0.81521224463156139,0.56163736212466286,-0.14139472998814773,-0.52472894884792298,0.81957464999718821,0.23012371308263693,0.24512961151954801,-0.11340576064572917,0.9628346727287288,-4.0684655442247877,18.440478650550311,-3.7467673589857644,,0.3587221315077708,0.2916666666666667,0,4
-0.8953870721450623,0.42132195674168216,-0.14411731264096683,-0.38216954249219043,-0.89321237909439899,-0.23689256346249973,-0.22853540606830272,-0.15703329137442354,0.96078723637094177,9.8580052630294954,-3.7076313432525563,2.1351543430711257,,0.1270682513146769,0.2727272727272727,0,4
0.94988166026845178,0.17673353071390621,-0.25785672495990147,-0.15713977569187546,0.98300777678251972,0.094883094809321167,0.27024419028196817,-0.049608163708046389,0.96151292644059583,-0.36498600952648252,12.451240715891528,-2.4931411038341968,0.3034004601563701,0.293050761446588,0.8435754189944135,1,5
0.38969831168756253,-0.87092995799413442,-0.29935970693498359,0.91947412018036889,0.38629693558271355,0.073089122842885296,0.051986230738541084,-0.30373621092609426,0.95133682047204449,-12.153461677510295,-6.9282446257610832,-3.9130874147766437,,0.1069920431124661,0.5409836065573771,0,2
0.95573005891702212,-0.0056055830564498352,-0.29419148852586358,0.038257939410686378,0.99369866772768001,0.10535315765691534,0.29174712432946848,-0.11194433971770008,0.94992214431007671,2.7890772287601542,20.626330302056147,-1.8966778314474195,0.5406261696678297,0.3393940824913968,0.3478260869565217,1,3
0.15214614907002366,-0.89778170613235297,-0.41332742161299335,0.98828201754645684,0.1330066889874871,0.074885742827938709,-0.012255738144576089,-0.41987763553048274,0.90749797138278165,-33.019841127399268,14.143996827469758,-11.135628354556097,,0.2068029358205172,0.3888888888888889,0,1
-0.96635042871930144,0.16740498645289573,-0.19530084337945766,-0.1253083126765297,-0.96943433093613041,-0.210938153913837,-0.22464344123117128,-0.17936735631971135,0.95779051770138879,-16.81494546896182,24.294474210419626,-7.6176084256610892,,0.3817253112313017,0.1707317073170732,0,3
-0.18655250661546235,-0.92522328864603487,-0.33039374755358841,0.97660935964452278,-0.21124346715996462,0.040129244161242208,-0.10692203201493829,-0.31517941514200037,0.94298972175763573,-6.7278302490125546,-7.3685595891421736,-2.3221420707921809,,0.07367973195445429,0.3962264150943396,0,5
0.28908211056639355,0.9519414800025181,-0.10118770676864346,-0.95556142051209347,0.29331466544766366,0.029476747823278894,0.057739977306813996,0.088169868344819269,0.99443057542327595,-13.539918456124113,-10.850177572866839,-4.0013956279355734,,0.4424281284966501,0.3939393939393939,0,3
0.031482367620099684,-0.91246018749400137,-0.40795253004172682,0.99842625253824169,0.0097578344065563302,0.055225020689346239,-0.046409899498678062,-0.40904913018622513,0.91133140531993961,-26.40775305251098,22.474938682129103,-10.029361164275853,,0.6162243092672384,0.1612903225806452,0,1
-0.84491622698109736,-0.38924439188558246,-0.36688604875308301,0.46985581062350223,-0.86788616389236117,-0.16127344402453003,-0.25564054179131729,-0.30864609168078661,0.91617984232508465,12.497513662080763,9.4335673463011567,1.7021187221077752,,0.3170492293908144,0.2,0,3
0.44208550297075139,-0.79133950105187578,-0.42230581589420013,0.89384030510670798,0.42797443588740963,0.13374375197967486,0.074899379368890837,-0.43660013319033913,0.89653243481110767,-6.065795737713084,16.753698039876912,-4.3297107054738095,0.4618899712088637,0.4630452249813305,0.2747252747252747,1,4
0.96395219205268301,0.059272525608953748,-0.25938955095524507,-0.030308546669736831,0.99298710435411641,0.11427161758370348,0.26434364648236985,-0.10229065594844776,0.95898856003084842,13.181952135061131,12.710703270175324,1.5993586156057635,0.1512978693510841,0.1378937385142702,0.2941176470588235,1,6
-0.51469907179422847,0.83119563485497483,-0.21023482606884122,-0.852093079833254,-0.52307973244446848,0.018027113082918832,-0.094985518867039653,0.18841817880411521,0.97748470121107278,-12.115511826025671,17.100491195729465,-5.9047476887012325,,0.100982246530657,0.2758620689655172,0,2
-0.55611872640177118,-0.75431260094356667,-0.34891899088903489,0.80622495261565752,-0.59157783356448224,-0.0060821554595106905,-0.2018248942156341,-0.28468959744413591,0.9371331523225197,-7.8149429679364326,25.362434606024181,-5.1143782952568486,0.5683843284059431,0.1944735840678773,0.5625,1,4
0.19435431068062659,0.97910131126213296,-0.059891770758854899,-0.97490673047623355,0.19955677285232104,0.098660839652358778,0.10855076596689554,0.039213730931141333,0.99331717719692181,-7.534132939709405,-7.0669931153100158,-2.6352152274453697,,0.09069018715937931,0.3414634146341464,0,3
0.95081108019438321,-0.13127678062205153,-0.28057921635270983,0.22018303474356063,0.92352206702030126,0.31404844043183355,0.21789382962972353,-0.36037952022286274,0.90699993407564961,9.2565777597419778,9.7551027328103554,0.60476152636815861,,0.3337907926704589,0.1428571428571428,0,2
-0.16130519215068426,0.97294117459516427,-0.16542704060284169,-0.98686183111795722,-0.15745603820556334,0.036212184622333506,0.0091848390157158039,0.1690948456044464,0.98555698562907323,1.7815644938606745,-10.252558580126903,0.37659562649047029,0.1615303655621404,0.09380634261749292,0.3043478260869565,1,5
0.95985348438968576,-0.064841739397790962,-0.27290444726469448,0.10401707182828009,0.98582855952983217,0.13161496869128034,0.26050285463551037,-0.15471780778955371,0.95299562573998453,-0.63987714536852613,-6.3801982848648739,-0.67899251418549844,,0.08414293050797921,0.3793103448275862,0,5
0.94219030439442153,-0.17114511499009438,-0.28807426112059203,0.22161891140917184,0.96311058277850004,0.15265340954551962,0.25132148418104122,-0.20767126656108648,0.94536244723066543,3.3671153184098608,-13.864999547799027,1.1605284882260722,0.4279640376622761,0.1556407016697025,0.45,1,7
0.64461297110014448,-0.68678942629116368,-0.33584877761292992,0.75196750513308919,0.64882728837585923,0.11648184872651986,0.13790934962272353,-0.32763307799043201,0.93468581753076452,-18.196010036141328,11.121782822838515,-7.0793558955703162,,0.3983715823864181,0.2727272727272727,0,1
-0.34533581042834383,0.91141402249058046,-0.2237580336956394,-0.93739331202016052,-0.34645470877677209,0.03553749212136538,-0.045132655756924989,0.22202165293939674,0.97399662679620425,5.2157224404319225,-7.5544756917374771,1.147142747946045,,0.0826152180048698,0.28,0,5
0.38966955696300026,0.90669831615891539,-0.16141809022178702,-0.90796296378176011,0.40756194613578617,0.097450071640071481,0.15414568685793173,0.10858832136376588,0.9820629733812889,-14.675240233072241,11.940662663241111,-6.2559442709169248,0.2048429810117764,0.1931263750837011,0.2571428571428571,1,5
-0.89805162079119216,0.3858131880786323,-0.21130894514647547,-0.36251572030553919,-0.92120571366028803,-0.14128830684454061,-0.24916989971838566,-0.050281378503804625,0.96715363001442944,2.5976373302256528,-8.4459534017513214,0.49162097094380619,,0.2045276824301467,0.6111111111111112,0,4
-0.94263795371579262,0.27585042057485276,-0.18798998293308067,-0.22095372262257865,-0.93772329733661197,-0.26805684115757367,-0.25022617903354494,-0.21114346568347528,0.94488374746602721,-20.170545223712402,12.173109206647256,-7.6408073410357717,,0.747965495856949,0.2361111111111111,0,1
-0.88933743962676692,0.389359483315176,-0.23974593058203417,-0.3751147069275399,-0.92108128080452811,-0.10439459180511228,-0.26147251313431069,-0.0029097944994899093,0.96520653643207277,-24.274312332928869,16.963815876797408,-9.0375495549433538,,0.3132410940523193,0.696969696969697,0,5
-0.60112947993467125,0.79757051356457231,-0.050245639072624998,-0.7963644241673441,-0.60309429255473213,-0.045617740063727409,-0.066686222520747393,0.01259167106668776,0.99769454120269785,14.238067064424015,-5.1264989168572983,3.5436004241498087,,0.2706102845217158,0.5606060606060606,0,7
-0.38537818760499981,0.90604917425856768,-0.1748100292993906,-0.92094635964204119,-0.3895239238097235,0.011354093620770762,-0.05780532138443753,0.16536628013366253,0.98453671247668417,-8.3406324753898833,-5.0928672041249543,-3.0439503496213338,,0.1357486932346754,0.2903225806451613,0,4
-0.16476248297047669,0.95998913228286931,-0.22643804915293697,-0.9862929332600564,-0.15827896753839241,0.046626368465226019,0.0089204263730990625,0.23101652394096189,0.97290893287067615,4.8403346816052357,-9.8149226278293966,1.1958389457785408,,0.08069031843888463,0.4375,0,9
0.72898007833174949,0.67185506959308372,-0.13114423684443571,-0.63512689697477809,0.73529974753930682,0.23653351983983464,0.25534656867603783,-0.089134991617795187,0.96273209312594787,11.680598082773615,-10.858341706323802,3.2383216732596924,,0.08764610970534077,0.2142857142857143,0,7
-0.54694185333158096,-0.77817505891174865,-0.30870404396753764,0.81373735751436604,-0.580802911075049,0.022349305856893709,-0.19668787979881078,-0.23898024222609901,0.95089553672619731,-11.41613026855366,20.769191029788455,-5.8786951682867219,,0.3228520593798818,0.7446808510638298,0,4
-0.83010430193252338,0.51214492499187847,-0.22053213760851686,-0.51640334119430931,-0.85529196678632857,-0.042464582349624809,-0.21036738605704161,0.078633500213569865,0.97445489147917486,-9.5041465110378827,13.179799071860931,-5.1243649118464365,0.6122961244760131,0.4360387500321769,0.8869047619047619,1,5
0.26034861478196236,-0.91545281823503322,-0.30686273212407272,0.9653406530527926,0.25283913760147053,0.064728618558986789,0.01833091227199669,-0.31307907640479832,0.94955014063123422,6.8303846020229413,-2.523018190501106,1.1345690448051795,0.23254969979612,0.1760934616501153,0.6382978723404256,1,5
0.79582904191801584,-0.46329840812061895,-0.38988552303561202,0.57501018080255373,0.78003720524600473,0.24678989121399653,0.18978785001487034,-0.4205907077728917,0.88717756313030727,-16.427481690797045,-8.1279979921588286,-4.9758765863695098,,0.3187214918299867,0.25,0,1
-0.56221028837099452,0.80577426481595193,-0.18613819009036339,-0.81949677643134911,-0.57305731920749359,-0.0055083864560602647,-0.11110636826227255,0.14944277521189794,0.98250813323276631,13.064911369053032,15.171617662083234,1.4317674868385413,0.6118851268445562,0.4957197877319189,0.8064516129032258,1,5
0.81681847970820609,0.53143740726152588,-0.22445902381130201,-0.51823784868286693,0.84688579769176109,0.11922238825214192,0.25345039632979371,0.018940111698129491,0.96716294840586892,-11.051636762227675,-7.7999049477771285,-3.5165117392377372,0.4823216161613909,0.2474383221479038,0.6441717791411042,1,5
-0.34481718928088101,0.91393601272981739,-0.21406090397818292,-0.93760945927328276,-0.34618868162516031,0.032278454050595665,-0.044605020543613129,0.21183569423059262,0.97628685886482514,-0.59442123464001284,-12.233426060801776,-0.16343187856543398,,0.09055717513966824,0.52,0,5
0.9573028336964533,0.13275060409024733,-0.25680452042441948,-0.096702281993701095,0.98420525258112135,0.14828583698028158,0.27243339232544972,-0.11712086878693445,0.95501976358640983,1.0553431866495144,-3.2680863958076367,-0.53897145595931528,0.1669772827486143,0.1068006601857788,0.3664596273291926,1,5
0.96426228476838138,0.0010210534763677814,-0.26494754881496591,0.025706271726907468,0.99491417882814515,0.097390781702476822,0.26369951415799525,-0.10072107136302462,0.95933197174717411,-3.7286039647345541,8.7139654281684891,-3.1559178389751263,0.3663173554766098,0.3273688817777868,0.7412060301507538,1,5
0.9614894225542886,0.004368678708524156,-0.27480721417488846,0.031890610210570977,0.99134659003222914,0.12733784752330993,0.27298549283179635,-0.13119776323479751,0.95302994057142176,-19.904975629230304,5.9306382158075071,-7.1116576908580607,0.3967917645314629,0.4353998904701476,0.9551122194513716,1,5
-0.58335739862352609,-0.73592334738938225,-0.34367276912551287,0.78611188133595622,-0.61798562220856801,-0.011039962225126059,-0.2042602641084045,-0.2766054907457462,0.93902457209365342,13.467802560508073,-9.7231001322167447,3.6913846197923732,0.2271892610665194,0.2224141284301953,0.5833333333333334,1,5
0.60882059388290932,-0.67968470901358446,-0.40910411975092759,0.7878992112451112,0.57818086727161522,0.21194744074976551,0.092478740169803703,-0.45137078001811615,0.88753146511120606,1.81167147840618,13.568286490268655,-1.8504577105523248,,0.409814152011225,0.2222222222222222,0,4
0.93423028161426724,0.30097428672480125,-0.19138510821227195,-0.22870272861944213,0.91725581369383835,0.3260932905885604,0.27369479870276625,-0.26087593023380018,0.92576179775777123,-11.16624142561971,12.213001828334704,-5.4968427009558631,,0.1553066781915054,0.4457831325301205,0,2
-0.93030865996100187,-0.2550229978242568,-0.26360779158115799,0.26026930313617613,-0.96541251298672148,0.015445698872938748,-0.25842926894331314,-0.054239748795449551,0.96450627919367737,10.422276751511351,-6.6054984310782192,2.5636516989368885,0.2066646287818168,0.09340090447361063,0.2,1,5
0.82360517034570269,0.53217465904934214,-0.19612408226820061,-0.50852251516454317,0.84602313645107308,0.16015525017999768,0.2511560768736335,-0.032171180506892438,0.96741182553979543,-12.997432338071762,6.1477450163797247,-5.3466367605755494,0.3481067213560252,0.2071919361762036,0.2616279069767442,1,5
-0.96162481016780221,0.040262242784665926,-0.27139763498543273,-0.051580626511787957,-0.99806588832797183,0.034697572317775413,-0.2694757195711498,0.047364906439730549,0.96184167210594795,6.5654933137822988,9.2555517264932821,-0.093048379140677276,0.3908138566790635,0.3353144683119765,0.8933333333333333,1,5
0.96401486480037668,-7.1883157841961116e-05,-0.26584833134086766,0.059654325815306997,0.97455734505373526,0.21605402707039903,0.25906891333279131,-0.22413829667111129,0.93949205537350877,-31.528204536253792,6.7943027269341565,-10.208792487327221,,0.1320049683189328,0.2083333333333333,0,3
0.91921490140109174,0.31733639790259954,-0.23311279589157136,-0.2848233712058777,0.94464921027266335,0.16282971702411564,0.27188161441535774,-0.083279529882425013,0.95872045333635281,-8.9281841794183947,-13.55595259643138,-2.4020842825431643,0.5141799097165144,0.184195063485064,0.3333333333333333,1,5
-0.79389298217405557,0.55270626519750676,-0.25347527939861714,-0.57378642318671313,-0.8189250542441564,0.01144098325332386,-0.20125375380693347,0.15452359024637008,0.96727420447150825,-9.0362851453939204,-10.734710752298678,-2.7313301099791922,,0.1023261671370675,0.3148148148148148,0,5
-0.1763196726269422,0.98345466708749607,0.041572717358261707,-0.98431865394173435,-0.17638747824668366,-0.0020603446574274861,0.0053066512095300547,-0.041284080486280503,0.99913335654022783,-7.9011600249924392,15.53027771192505,-4.7766423967424068,,0.5567342215288394,0.2,0,1
-0.0011513155758136357,-0.93438690640897526,-0.35625802952903268,0.99755803798549492,-0.025951716522011507,0.064841878906231401,-0.069832910027966835,-0.35531340748841073,0.93213504769212463,-22.336637202100722,7.8138869444011583,-7.8797504134807088,0.3311997337908562,0.3196518463765924,0.891156462585034,1,5
-0.93301492262669128,0.26430647243524547,-0.2441828060792699,-0.26932649377572165,-0.96295805766582054,-0.013229471907317502,-0.23863443570948772,0.053421604293648985,0.96963897316903824,8.0741085677442683,-9.2517290170190076,2.1506280545880578,,0.1444700436609879,0.1666666666666667,0,5
-0.70094440271966463,-0.64415717035559539,-0.30616741200762232,0.67633473944591194,-0.73659319705041459,0.0013350197299620019,-0.22638079537496725,-0.20613588221976728,0.95197675052853836,-3.7426808259940976,-15.927794838842788,-0.73726946998627452,,0.1127515280770017,0.2972972972972973,0,5
-0.20394029941589287,-0.93606616322719294,-0.28668535423924268,0.97270872867833391,-0.22685199506466619,0.048743219919922066,-0.11066202341877338,-0.26892063958778772,0.95678399138810832,-6.9440733850402507,-8.5610610552587385,-2.2792398125880355,,0.08789113814792518,0.3720930232558139,0,5
0.81523365582672958,-0.48596663015380998,-0.31500876302784919,0.54810277906420479,0.82308874717508851,0.14868845905395356,0.18702253872055413,-0.29387301449893921,0.93736930894915971,-3.2054766124694511,-3.4428469126468606,-1.6773132437427478,0.1321290678615824,0.2001043523998085,0.2288135593220339,1,3
0.53196936686594287,0.83890100684916546,-0.11512468642173418,-0.82549287984228348,0.54407293048041094,0.15015376002002048,0.18860036597509458,0.015157408284826115,0.98193694040307178,13.881880146680551,6.0936597125080194,2.3919190320073134,,0.3182644858334261,0.6,0,4
0.96150236553936097,-0.04152413669741821,-0.27164121030091465,0.06888227040759598,0.99337695020543615,0.091964491104119014,0.26602337093892037,-0.1071353390440283,0.95799456430723695,11.83965981653928,-6.3413970119297032,2.9151930512998563,,0.08456010228611721,0.3548387096774194,0,4
-0.33806942276204693,0.93406973150888029,-0.11499044339537008,-0.93768677398356626,-0.34474081491650893,-0.04355782853853727,-0.080327948371831978,0.093099447955553027,0.99241116151560016,-23.419298026892687,32.548795356894551,-9.8188738010745205,,0.3529161407283379,0.4,0,2
-0.51686441689380336,0.83022142893647288,-0.2087667441996196,-0.850637010340351,-0.52550421859007945,0.016186194217897958,-0.096269679485589565,0.18595078698061693,0.97783150574781053,11.364066370573376,-8.903997514298954,3.0371534818340931,,0.1277211946751456,0.375,0,3
-0.25792281182819921,-0.91041611088525254,-0.32344756635227168,0.95618398817166439,-0.28852653131156297,0.04964495436042133,-0.13852077065467816,-0.29647081773741163,0.94494288204491206,7.0651725802530212,-7.7516475612197908,1.7002922085470207,,0.09522379291626396,0.3448275862068966,0,5
0.95738829600135222,-0.053141247545564874,-0.28387260961376465,0.14745277255331105,0.93510134685994184,0.32224703407023758,0.24832505017812712,-0.35037334217948768,0.90309090934634417,2.5092436848327173,-15.682702905417697,1.0762599479898514,,0.2547295721741277,0.125,0,3
-0.26687237613700282,0.93924101722066478,-0.21588294611960834,-0.96347776968030419,-0.26516565707682055,0.037386650543818824,-0.022129667572235823,0.21797588370576618,0.97570322943804633,8.0509783955361378,-6.8299709673143862,1.8580165059296101,,0.07368474480141192,0.3157894736842105,0,5
0.58040957055905085,0.80468283701875509,-0.12494103493611444,-0.78855857684111363,0.59367998369903163,0.16037284011152431,0.20322426354590897,0.0054413934398131782,0.97911709715623751,-4.4977768482476685,-13.029420588342878,-1.2035259989717957,,0.1413061161728876,0.2,0,5
0.45564541335209896,-0.84046863892752988,-0.29325709585703108,0.88692300912357591,0.45671969766388831,0.069099158120685233,0.075860616780882684,-0.29158118036854069,0.95353320973970901,7.9282310400399645,3.7439554238763728,0.81390313316317453,,0.1188369497600642,0.4098360655737705,1,5
0.17796545754447174,-0.89426347457252897,-0.41063503743160418,0.98402487040699993,0.159678613686207,0.078726074154238684,-0.0048322191045617781,-0.41808561130074673,0.90839477722067874,-19.430511218934392,10.450312605837075,-7.3315466797862623,,0.0972730014922065,0.3333333333333333,0,1
0.53493516681158093,-0.76980171759483573,-0.34820925159493943,0.84043792902607495,0.52708982614380229,0.12585866132316617,0.086651340224080026,-0.3599744862677603,0.92892944536904054,-14.552033871703159,8.4016818426665107,-5.9618303733778877,,0.3581940557602046,0.453781512605042,0,3
0.60654508704049637,-0.7139366971974378,-0.34985346901503139,0.78508445399293192,0.60728833987729802,0.12183296905064823,0.12548090486467461,-0.34856170851642648,0.92884836107432134,-15.684403582868024,26.022982345503621,-7.386965571655467,,0.6885069597562525,0.2142857142857143,0,1
0.85637666988193994,-0.43225915739157539,-0.28243763937025856,0.46935918550377015,0.87965561641825707,0.076863199823152525,0.21522303376998592,-0.19838855147145357,0.95620135347106783,9.0949726348569992,-2.1417606519507029,1.7449189333680313,0.876629978567983,0.516602861021517,0.9243421052631579,1,5
0.70870895377514165,-0.63428987704913398,-0.30888180702647583,0.68669730782308125,0.72059963342441735,0.095827844268407708,0.161797485355858,-0.28002235657459951,0.94626056324404162,9.5094436822792776,4.7088037390756572,1.1898063389877727,0.135158791689465,0.1090631141076848,0.4814814814814815,1,5
0.71284408646433572,0.66860002439534028,-0.21172462249671709,-0.6611474463132575,0.74136536910346051,0.11515834197985061,0.23396017316262455,0.057891250397968774,0.97052111800881213,-22.997088664760014,9.3404495239675605,-8.1626906565072179,,0.105081522783158,0.2083333333333333,0,5
0.5494191306832269,-0.70829146147485189,-0.44324014308398008,0.82749454252906618,0.53472312515859077,0.17124240568633442,0.1157212207155633,-0.4608626531000859,0.87989443347122676,-6.0159271528718179,28.103430061485465,-4.7252003813669914,,0.2323574403191577,0.5384615384615384,0,4
-0.46785880682983777,-0.81051539747824297,-0.35238179198484065,0.87939390000027573,-0.46669944301510108,-0.094116940726421808,-0.088173156425676288,-0.35391583793337295,0.93111174095586013,-20.976828466821793,25.848592925916297,-8.8622127798130617,,0.2989958447442868,0.7,0,2
-0.20174538113952548,0.97830785485783778,-0.047037669078336238,-0.97943612017970716,-0.20160636550117261,0.0077304512630095405,-0.001920332312332328,0.04762997494081906,0.99886320275148144,-14.083547789824976,-13.737209945331522,-3.8964172701334121,,0.3088261140504158,0.2083333333333333,0,2
0.70810822602209544,-0.63284611971636806,-0.31319088268941858,0.69693718160187068,0.69764190979691043,0.16605520345885055,0.11340769436278056,-0.33585942662795037,0.93505996620776244,13.324055678189968,-8.7664830432976562,3.5941111062091706,,0.1976625191684468,0.1818181818181818,0,3
-0.96155840721956776,-0.028029833902755402,-0.27316617271681271,0.032617312422009742,-0.99939264432558295,-0.012265944655170445,-0.27265645130040955,-0.02070436860429798,0.96188865711420279,-4.0734250362782634,-19.369896623223067,-0.59159398269384278,0.3157933344108879,0.2905220222656839,0.6486486486486487,1,5
0.64594886506460203,-0.68825128915846634,-0.33024267848577782,0.75082802265904069,0.65092928309937981,0.11201941257497244,0.13786712484006744,-0.32031426970310889,0.93722538618674656,4.7991076292596535,3.9551117841273276,-0.098946280086989635,0.2372704779319393,0.1806211729165286,0.6871508379888268,1,5
0.25105426695468619,-0.86517318754200234,-0.43410495344128053,0.96793748782000677,0.2282260088249736,0.10492811143119535,0.0082930523053647825,-0.44652910818247243,0.89473067502418069,-13.262363272655344,22.612010371952113,-6.5508391036045168,,0.2234832831945782,0.4,0,5
-0.10078651797964377,0.9652280417954392,-0.241198891219012,-0.99451553811986282,-0.090931812803202228,0.051674460408240259,0.02794498580601457,0.2450841340276135,0.9690989861805841,-5.640171014460905,-5.0733581375967924,-2.2450455248900036,,0.07589651349290774,0.1704545454545454,0,4
0.16855559122493916,-0.94356713715360307,-0.28507905982475534,0.98564084150611853,0.15839282834593069,0.058513617933679658,-0.010057048370340048,-0.29084836188696633,0.95671630390923423,-2.4165137900910656,-3.0621256435773634,-1.4776682368863838,0.3216923691110816,0.2781244966262385,0.7949061662198391,1,5
-0.19334314735566999,-0.8963175558326979,-0.39904043213276519,0.97487866824746283,-0.22134735304041137,0.024838105766316353,-0.11058937366066811,-0.38421372751126925,0.91659685905268018,-8.4198140171163569,26.77945253982962,-5.3895603468939557,0.5483681239941054,0.3385311519628315,0.4333333333333333,1,5
0.80406912719351009,-0.51355052441778948,-0.29956417937477225,0.55806098804498661,0.82569957161398799,0.082390236428418126,0.20503846545592544,-0.23342252741903607,0.95051204693932667,-2.4607519686944368,-10.095721475384838,-0.86890571351358792,,0.08821600017761029,0.16,0,5
0.94282411765171537,0.20982098412260108,-0.2589552814601182,-0.18719300870872191,0.9762083009131306,0.10943550940566175,0.27575616160811739,-0.054703819337625519,0.95966975126083631,7.0734139838181687,-10.298725631659163,1.8844706754435523,,0.08868477784008952,0.2,0,5
-0.92526805154479475,0.27808151930971148,-0.25797228806386058,-0.28975623732616873,-0.95707036292333181,0.0075923214094731854,-0.24478634708880714,0.081774011961051746,0.96612248459846606,21.655412786231953,-2.1759658993647077,5.4737165781582569,,0.1352717500585524,0.75,1,5
0.61843650739963918,0.77276139964700685,-0.14274489668963081,-0.76006130952799955,0.63434193737752576,0.14112799949941904,0.1996073447394085,0.02121616599964107,0.97964625361727209,-1.0120246803688966,13.931384937774991,-2.7351041963621872,,0.179436121014045,0.3,0,4
