axis_00,axis_01,axis_02,axis_10,axis_11,axis_12,axis_20,axis_21,axis_22,location_x,location_y,location_z,dbh,dbh_approximation,score,reconstructed,number_clusters
0.95770327156364565,0.20558281364005085,-0.20134584766548205,-0.14582732266698137,0.94994252202604224,0.27630345059478367,0.24807022312254967,-0.2352549926837772,0.93974265244123412,-10.810983836056016,-9.0223008391784454,-3.8238417306026777,,0.07154814910401616,0.5454545454545454,0,2
0.97441305968039371,0.097896979816317523,-0.20232491311535802,-0.069387483636039887,0.98721506465495035,0.14349840846846018,0.21378626297999589,-0.12578790665706419,0.96874807679803043,19.762781491538956,-10.156844439109186,4.5746480177448445,,0.359528072200844,0.2272727272727273,0,4
-0.2719771886755798,0.93444034741252013,-0.22989050865074098,-0.95838441781969674,-0.28456563411846064,-0.022840918527057032,-0.086762414215657821,0.21411127248775738,0.9729484295034061,-0.57505571434200842,3.9676505431955222,-0.5686858750550976,,0.07298714394449371,0.3739495798319328,0,5
-0.76060251166625648,0.61299699575105526,-0.21381885428362737,-0.61445059087962162,-0.78604036897275209,-0.067756990140237464,-0.20960508251153301,0.079844984472168132,0.97452064515841519,-10.827671308965321,24.185094813153018,-2.2043045231418512,,0.1178774806430205,0.4782608695652174,0,1
0.4578226914711705,-0.8051952717269405,-0.37690709407315737,0.88709379420843604,0.44179644506239674,0.13371799208449853,0.058847119309060579,-0.39557107517967893,0.91654816623580604,-15.469049159794411,-0.54351092986991689,-4.7239664510242214,,0.2533152328415253,0.3055555555555556,0,2
-0.46007189063059062,-0.84023134153445378,-0.28695844325408076,0.88165970274225391,-0.47052470480562658,-0.035814392749542144,-0.10492866153741891,-0.26947689116284118,0.95727330534031729,-7.5283348266921237,-4.9362820082756649,-2.8934197376375246,,0.076352306022163,0.2884615384615384,0,4
-0.96664639867094715,-0.027380656866382341,-0.2546468919230207,0.045062305945218699,-0.99694079676116265,-0.063862636463888012,-0.2521192743908896,-0.073207563699283412,0.96492306641401626,-6.9820107363971546,3.3731698629402223,-2.445282652941398,0.09252884364309787,0.1036522123956558,0.4583333333333333,1,5
0.72349098157325564,0.67254679177864662,-0.15569718189619211,-0.66875735592298391,0.7387664745017668,0.083592434173968888,0.17124368157998077,0.043645263436934818,0.98426149599507062,0.43163808607837328,-7.2654133711967557,-0.89549199611401831,0.3982040128264747,0.1442294602736802,0.1764705882352941,1,5
-0.95658148538526888,0.15051177432180413,-0.24959580847565335,-0.13556501648476627,-0.98783901956472497,-0.076132763846375323,-0.25801935610259519,-0.03899073243612107,0.96535264782383934,-9.2363404412548249,11.967796595346199,-2.3782475715715514,0.1672772684687871,0.1341629656773604,0.4871794871794872,1,5
0.19819972940928021,0.95256233333508433,-0.23095858584020715,-0.979541752334817,0.20087607148417785,-0.012114426850687142,0.03485430669121433,0.22863465401444233,0.97288816021615365,13.876332574424934,-3.2113560918749409,3.065627257240124,,0.07265458845526578,0.1481481481481481,0,5
0.57497961021967947,0.80680993230585629,-0.13585352761060193,-0.80089144759768316,0.58896753680825631,0.10812090339477586,0.16724633627231586,0.046636613498778991,0.98481149936668255,-12.453834937640178,-17.828176752476327,-4.3495411428790289,,0.3345104575407007,0.2727272727272727,0,3
-0.88263565219982976,0.40210496095402731,-0.24344589920954007,-0.40172378737372261,-0.91419612744122702,-0.053511113140885393,-0.24407438235893106,0.050567192404013715,0.9684372230188607,12.49308722473126,-10.765898975442667,2.4772712199901399,0.335837248913217,0.2905952179827928,0.1851851851851852,1,5
-0.78608923588029112,-0.53652299216963706,-0.30693124980438302,0.60192341081633394,-0.77735925598291333,-0.18275884287476671,-0.14054152676121051,-0.32841386391416588,0.93401949296821263,10.238628688557398,13.369900293648676,2.921039543741728,0.551717679727922,0.2880125866096022,0.3333333333333333,1,8
0.16135993338129881,0.97870611722889111,-0.12687516698681317,-0.98676077357629499,0.1621242418292812,-0.0043480964103384022,0.016314031699601356,0.12589704647063704,0.99190916220169889,-8.1357518243233322,7.5994667741424315,-2.3815126829420095,,0.1074277093435173,0.25,0,4
0.036975390549799821,-0.93950403912806801,-0.34053631371079063,0.99929969053788081,0.032804330946654359,0.01800012116729036,-0.0057401206071414938,-0.34096339441820833,0.9400590485082454,2.6019782470253521,6.2015222486839443,0.38363815603918927,,0.1435418911435044,0.2236842105263158,0,5
0.95993574253762637,0.12328817505598678,-0.25164140376754385,-0.11486476860008106,0.99222312958968217,0.047951496761903703,0.25559627370755139,-0.017125624035970129,0.96663191436461149,7.334996730891655,-9.4907732511478606,0.98767811052251986,0.3114451603512636,0.2622585981277031,0.7108433734939759,1,5
-0.81937222824314726,0.53353060517110962,-0.2097003694074237,-0.53038187727611807,-0.84435697724624503,-0.07587067439166191,-0.21754129686319684,0.049054952057198467,0.97481762183382048,-8.7643033791270142,-4.6107817571508374,-3.1894890078816034,,0.07178462363876963,0.1590909090909091,0,5
0.14284365185431408,0.98753236377616738,-0.066147725732470491,-0.98954925683310657,0.14382608156659471,0.010311477209634795,0.019696685659497799,0.063983503779129577,0.99775655939621688,11.859253675270464,-4.7649019863577413,2.3822261959385669,,0.1257952318868402,0.2727272727272727,0,5
0.91196838890126608,-0.28642349593959721,-0.29372646904657429,0.32885404560161641,0.9384191022493672,0.10594623742701625,0.24529303768407026,-0.19321275710271102,0.95000008218762289,-0.061508812286154804,-14.11364136363076,-1.106931845047425,0.7236528600720109,0.6297411715693416,0.5584415584415584,1,5
-0.85280230044010941,-0.40985317243430919,-0.32364890453945655,0.47199937261471958,-0.87011576127266432,-0.14182790358812963,-0.2234833967331108,-0.2737132423366197,0.93548716311567148,13.447347481454729,-10.212119182883288,2.7678444581095105,,0.09523250474545106,0.1,0,5
0.92540740832443313,0.29317509841999317,-0.24014472778864931,-0.29257380389615389,0.95544767792032559,0.038991076291816265,0.24087693515982825,0.034177425635741554,0.96995371316621237,-9.8996894793165655,13.66424610597883,-2.5004000346670856,,0.09404123049361472,0.2083333333333333,0,3
-0.83619764121425666,0.51745096875891883,-0.18170855719577467,-0.49904187640740716,-0.85532654950605502,-0.13918943674662021,-0.2274438621275324,-0.025709699347202793,0.9734517455631736,-5.412682659180005,21.605335059795948,-0.88065484690136742,,0.3120053162958145,0.2857142857142857,0,1
0.30638138159036776,-0.87598349701442701,-0.37253639013276557,0.94951680764554125,0.30896247569220064,0.054406071469700903,0.067440944636009317,-0.37039857123444886,0.92642140379747351,-18.541453868897428,-17.034671877350508,-5.9059494338799325,0.403274090875634,0.4124644349456102,0.3461538461538461,1,4
0.7557270886240689,-0.565543827122578,-0.33020712760831988,0.61424266279572004,0.78698931453133003,0.057911743326647357,0.22711785205353852,-0.2465927785176521,0.94213028974846791,-12.757742325370033,-6.5003616079685882,-4.2910080430011295,0.3487264150282657,0.4442033156178736,0.3173076923076923,1,5
0.71114105789816484,-0.62865061462378702,-0.31476467480423209,0.67488625003251934,0.73586293102175326,0.055084446671623474,0.19699478492722383,-0.25160316270112698,0.94756999911894002,3.4502503855266515,-2.1542891987034425,-0.0098843122679416542,,0.1122694595067128,0.4137931034482759,1,5
-0.66308925064722823,-0.63853681681526464,-0.39061922539414873,0.72395353365264115,-0.67971217679381624,-0.11782460621646181,-0.19027329499419995,-0.36091839838063033,0.91298082286672888,2.5899043835204556,7.7051869609037063,0.56172660047380774,,0.1746111590714886,0.1428571428571428,0,3
-0.77801826488447501,-0.5416764103059406,-0.31823614820478885,0.60403460475457027,-0.78422614850021899,-0.14188567322849113,-0.17271298667193574,-0.30261529129669296,0.93733356373719867,4.3048623793041463,10.797405493065487,1.0979132313256688,,0.2682162036120312,0.3939393939393939,0,5
0.82750657251977966,-0.47774288476681714,-0.2949484844701637,0.51836631059714144,0.8519124524792705,0.074441529730810502,0.215706375599969,-0.21449221283168929,0.9526089702286511,3.851447423323954,11.932788021742416,1.0917529955863441,0.1273953674768701,0.2029996909302609,0.3414634146341464,1,5
-0.45599325916850525,0.87299911161497401,-0.17303958712488829,-0.87775312633634472,-0.47326682146519211,-0.074618797276610999,-0.14703603911850421,0.11786037001342511,0.98208417988512664,21.628360046826014,5.8193348468781316,5.6049308833538989,0.3455018026942852,0.3102070839465407,0.4375,1,5
-0.33721505239663757,0.93744397926729828,-0.086514704950239649,-0.92915470023879798,-0.34620097496948732,-0.12967817069316931,-0.15151749556167909,0.036656113619290859,0.98777465946087506,-6.6628424079556217,-7.4593916409341485,-2.7208313380668736,,0.3819386658296376,0.1290322580645161,0,2
0.91691632337801121,0.31991899634279353,-0.23857135557725734,-0.32128796746707411,0.94636284983219754,0.03422569821578765,0.23672451897474994,0.045268004556216296,0.97052166893875791,-3.1315596285718521,2.2426971900207997,-1.5297466346572821,0.1404958738816278,0.1155336967352543,0.639412997903564,1,5
-0.065356222904898204,-0.90562408738248068,-0.41901500746423676,0.99768939571362492,-0.051494897084184268,-0.044318678397166446,0.018558927991331971,-0.4209433310161102,0.90689706045662899,-12.428658580490961,16.448337764025705,-3.0246059561713086,,0.114686355666983,0.3846153846153846,0,2
0.91653955698830492,-0.29531735426648348,-0.26970891854872908,0.31306875893607777,0.94941896247279345,0.024322538422365571,0.24888389392225582,-0.10673000499450838,0.96263467285360482,2.1723027379093298,12.385588644167537,0.65562385356233077,,0.0753124434673762,0.2765957446808511,0,5
-0.2125135143947946,0.97705744950863294,-0.014026637489375883,-0.97619347237327758,-0.21291952216914703,-0.04137126508901242,-0.043408647702693766,0.0049007590174504007,0.99904538028343659,12.163986904891846,8.1413278195786223,3.1551577072246144,,0.3785488161975242,0.2272727272727273,0,4
0.65407736619169721,-0.67904906013569011,-0.33327942175383352,0.73292634627546061,0.67789898505045321,0.057200847920906378,0.18708759972546954,-0.28168304882687367,0.94109132927286154,-4.430475237730275,-14.937937076041559,-2.2075405088743056,0.4184289491877335,0.2863249512382077,0.4230769230769231,1,5
-0.8803336780170411,0.43134707627297242,-0.19736340881670009,-0.41150905153853184,-0.90141692149711328,-0.13456535267491995,-0.23595108783569421,-0.037245582683400856,0.97105090016936157,-11.405553400848861,15.296911463252538,-2.7796091298865249,0.3550494325558361,0.3024581436505084,0.2156862745098039,1,5
0.18937678986128417,0.96992884468927998,-0.15288710770223313,-0.98141492552111109,0.19189006245929899,0.0017169431439145694,0.031002829326177334,0.1497205402377563,0.9882421689063301,-7.7568742316930166,14.304561088379527,-1.8945495207509928,,0.07718791138126374,0.2424242424242424,0,4
-0.68226378816484745,-0.66540060301277337,-0.30291609542774478,0.71285569801192361,-0.6974446732450521,-0.073536940200395154,-0.16233569284321328,-0.26610705603636492,0.95017585612178868,0.93659002868362973,2.9665820408310362,-0.23375494840919439,,0.07919921189626448,0.2837837837837838,0,5
-0.54917880868120117,-0.68742476766854066,-0.47523659885508579,0.8255662270401789,-0.53456784134739599,-0.18076954325280967,-0.1297807415071307,-0.4916140882776231,0.86108800208853298,-0.016011588715584307,8.9718384733947971,-0.10229095327142876,,0.1252400515529773,0.3134328358208955,0,4
0.67735069265702752,0.71521049406829318,-0.17224978470707422,-0.71633032793192486,0.69454008146247714,0.066969668709327426,0.16753178934753346,0.078025793278147348,0.98277417301297176,-7.0121023712649189,5.6552165622859327,-2.3186582851348869,,0.1048391610148364,0.2520325203252032,0,5
-0.56125281654765691,-0.74426654768183986,-0.36202566472430808,0.8175384568666253,-0.56669590218774302,-0.10240422836854268,-0.12894241917018121,-0.3534445648830592,0.92652619611814857,9.1137393038818804,7.0857718193051475,2.2861786403063817,0.4198335425358485,0.2349071557501183,0.7571428571428571,1,5
0.84904901233217334,0.51427990150857061,-0.12096262878301314,-0.49299105981476965,0.85354940494814535,0.16856223852149851,0.18993575124360462,-0.083484107571460325,0.97824067293408234,-8.7066036518089387,-7.9610976009155712,-3.2437201078487741,0.2488148769818761,0.207268457055702,0.1875,1,5
-0.74758492209903182,-0.59827063311856543,-0.28842509217835965,0.6462521608624886,-0.75542955098597731,-0.108094116757985,-0.15321530220819563,-0.26720487092310929,0.95138143145860066,15.977206223360026,-9.2142885018566574,3.4946292274485451,,0.2320025972408358,0.2173913043478261,0,5
-0.83113827323805545,0.53003009416993763,-0.16815846702759424,-0.49164354589052389,-0.84172918860753931,-0.22311117594214389,-0.25979952760360459,-0.10276221251170425,0.96017921927973615,15.728570741493783,-0.099547055137449464,3.7527986017244572,0.8173290481757566,0.6326740666798802,0.4583333333333333,1,5
0.34943650714162816,0.90949703877846211,-0.22518717532281524,-0.93416319237866119,0.35673789073623641,-0.0087867694843375369,0.072341257119078239,0.21343198861995988,0.97427589970816886,17.320207055111375,1.9457050724471407,4.2692308052341268,0.6332638903056348,0.605297432504238,0.9591836734693877,1,5
0.72401976047148497,0.64811894922816127,-0.23608730185716975,-0.66606955515681632,0.7458732537558842,0.004943381920526564,0.17929510350261996,0.15367145793215931,0.97171927472752651,-1.185231363046318,3.0675633489365222,-0.82857065880679659,,0.0705053321141888,0.3363095238095238,0,5
0.72756162989913764,0.65068711692270809,-0.21739445846047983,-0.66289842454414016,0.74840043717308979,0.021504984911089382,0.17669112438209331,0.12846424214520999,0.97584690656611195,20.820426108936683,-9.204435582811783,4.9507205507592857,,0.1054022334821906,0.1111111111111111,0,4
0.89388741477945033,-0.35761259114954014,-0.27033039849455281,0.37646842566216038,0.92622263729947163,0.019574233917758789,0.2433861421247448,-0.11926802088290235,0.96256860795286203,8.9688650262023657,2.0745061831054792,1.892447763093718,0.3388783970942233,0.3158460883809323,0.7772020725388601,1,5
-0.46171110850642899,0.88076306329737497,-0.10525815223910244,-0.87764414590770501,-0.47081472133670055,-0.089856837951161075,-0.12869967146694941,0.050891300864397117,0.99037693332419152,-2.7324609181029977,22.148583295457712,-0.16764258987937924,,0.3958503623820969,0.6111111111111112,0,3
0.74582173003192054,-0.60975593474445156,-0.26823058560893942,0.63509021546804367,0.77237210806133405,0.010086867980018094,0.20102329523950269,-0.17787362573696147,0.96330192984247731,-10.401417144840588,8.6255592626368216,-2.8914184134398671,,0.07811650539243159,0.36,0,5
0.24082391447320012,0.97037914738114861,-0.019187301676889271,-0.96940772131018049,0.24145551335923598,0.044135075989872007,0.047460637185026078,0.0079715366312311641,0.99884129996798243,-6.112874020152832,16.564936946135795,-1.3196252904818448,,0.4487298921154091,0.8571428571428571,0,4
0.951773059125397,0.2135006995903749,-0.22033042276885723,-0.19850562829999255,0.97610892855862075,0.088356522800334888,0.23393067232902173,-0.040358528994022709,0.9714152714885278,6.159869104474474,5.495686172531669,1.3540439945690281,,0.07397354886898251,0.2571428571428571,0,5
-0.080698115517412711,0.96669412303935598,-0.24287916055748712,-0.99589145975052917,-0.088243342846239525,-0.020330096883239886,-0.041085454213129861,0.24024068124381506,0.96984349280057025,-4.5149190852651175,-9.1511008591198024,-2.1792229640133041,0.1907873825848149,0.1614983824790172,0.5689655172413793,1,5
0.13072294299799278,-0.94123231856481404,-0.31143736876464967,0.99012852446159882,0.13996631889583888,-0.0074117894091784656,0.050566957802909075,-0.30739413147269629,0.95023777588280822,-2.2476306896486822,17.695826962882595,-0.17589170761888132,,0.08398826112562977,0.2857142857142857,0,5
0.79838755709426312,-0.53642380446447246,-0.2735448970112907,0.56084183680439592,0.82781179616893175,0.013567026698587113,0.21916601645083467,-0.16424716779119916,0.96176354947858367,3.9461195940562432,-4.8920370518088934,0.13141366348548267,,0.09307137874591558,0.55,1,5
-0.20604200532760908,-0.9056463834395545,-0.37060939033358736,0.97785346988252952,-0.20477546830669149,-0.043238860050569754,-0.036732594235570237,-0.37131069974164632,0.92778180666474319,-2.2756720034211133,-5.1433562714672654,-1.5621896963417761,,0.07747422192815401,0.2121212121212121,0,5
0.83099068169855383,-0.47347804824158918,-0.29201545295327597,0.50718240520535096,0.86049707686458332,0.048070662130052039,0.22851804038256351,-0.18805137207912548,0.95520478782241802,-3.0747125297651019,4.6839011191075839,-1.2153407035946906,,0.09135370969151918,0.2432432432432433,0,5
0.5250336233673254,-0.79257915364873044,-0.31009350127862945,0.83802707785232677,0.54501453145922096,0.025880055729768953,0.14849347164123933,-0.27345465017027559,0.9503537463387961,-5.5589330691882681,-5.9378596457603292,-2.4499541360377215,0.1970062725824069,0.1220119161047172,0.525,1,5
-0.87520157078725003,-0.39210486721361459,-0.28333016711766523,0.42986283759827632,-0.89900732611749512,-0.083688520353929527,-0.22190121978819385,-0.19503743408501328,0.95536393482381698,-12.794309294557479,14.928438084744201,-3.1389393318961516,,0.08248889568869626,0.2142857142857143,0,1
-0.96650566682417927,0.058296910976070718,-0.24993652427646099,-0.024820800958570213,-0.99052714256123897,-0.1350552023775595,-0.25544221232311032,-0.12432799371065463,0.95879707245243506,8.4400366247622109,-1.622539351527049,1.5738072822840001,0.6940896468474471,0.7964348545374744,0.9122807017543859,1,5
-0.51471560770568858,-0.75391880428816471,-0.40825761441137765,0.84757980618908801,-0.51917334266622617,-0.10985222986015004,-0.12913680855834123,-0.4025735669483067,0.90623297659591118,-1.3629436091058118,-8.4462735602329388,-1.3829443438693558,0.6705244228935507,0.6769703259058251,0.6744186046511628,1,4
-0.62396940475518214,-0.72031343708712547,-0.3030028618366436,0.76521907035861259,-0.64182290752371052,-0.05003128758399044,-0.15843596905048116,-0.2630815609835534,0.95167543626043694,14.057118583358243,-0.89259932208747728,3.1978141538564038,0.1412319044495358,0.1327342407372512,0.4,1,5
0.48309852665384911,-0.81564198978943359,-0.31834565810956861,0.86340451803677398,0.5041735584861432,0.018484078475980978,0.14542507273014113,-0.28379071058749228,0.94779448236718511,8.6964732081203238,8.2423743657514379,2.1769694060973244,,0.08879737861434393,0.2195121951219512,0,5
-0.44425619797964139,-0.84294292326178533,-0.30345289367470157,0.89064341543195713,-0.45218085604815711,-0.047820288280754894,-0.096905815637516143,-0.29151278110304529,0.95164571209520854,-0.30534701318784768,10.058185988858817,-0.080839824291527196,,0.09690908176014887,0.3206106870229007,0,5
-0.5731527872636899,-0.76321820276527808,-0.29831838263775029,0.80817265237695068,-0.58666264804985635,-0.051806383131190827,-0.13547267769505594,-0.27078573143884538,0.95305941118445603,-2.6129748375535935,12.993474832797194,-0.61309280951763057,0.100685963528787,0.1014970734399032,0.2608695652173913,1,5
-0.966423866732251,0.036255434944226825,-0.25438249398747897,0.020981130847797201,-0.97555561896255494,-0.21874877475984772,-0.25609510334762842,-0.21674126913809458,0.94203955346565815,-0.79413071140917069,-7.0615546269218665,-1.1970079003245091,0.3285066821748673,0.1819476491035668,0.2173913043478261,1,5
0.89521433748089252,-0.35348581098261422,-0.27136519932115444,0.37625920353468528,0.92584446542256715,0.035228363598740507,0.23878924122349149,-0.1336405899431912,0.96183152942474548,3.4293159985269739,-8.682270442152717,-0.043769624696458995,0.4271864476955362,0.3037691093103349,0.3636363636363636,1,5
-0.8134999217781439,0.57608988576593401,-0.079613571614057674,-0.56773213199029937,-0.81635374387388959,-0.10605088952400724,-0.12608768208156906,-0.04107320758447109,0.99116844584864605,4.2447065062011946,6.2151976136654445,0.84116270886551137,,0.2884357540323769,0.1282051282051282,0,2
0.58547241796391847,-0.73560034184774414,-0.34075531525856606,0.79205280068748363,0.60864239320691405,0.046976569845763899,0.17284214973957179,-0.29739968773494396,0.9389776445733744,-7.1610942907080037,-20.398904461572073,-2.9824179099852812,0.2859387771151766,0.2422881675832809,0.5,1,5
0.095233719047992105,-0.93803915921502945,-0.33318624601782082,0.99503138118910883,0.099465590971119303,0.0043756898495931956,0.029035998436113177,-0.33194748378610395,0.94285087834868775,13.588040306392571,-4.1433981915204701,2.959581475643621,0.3213742975011029,0.2368757209109793,0.6833333333333333,1,5
-0.01634643073126223,-0.94874223078529807,-0.3156279039104179,0.99981809592055804,-0.012407378549465534,-0.014485579978720476,0.0098269665786391795,-0.31580727743683534,0.94877246705719498,9.0333751285063109,5.2706849702173679,2.190597057756412,,0.09538926640190105,0.2272727272727273,0,3
0.49846701459675535,-0.77670980157289526,-0.38503573795115781,0.85495869486923237,0.51393858634531464,0.070091080266176151,0.14344429380947143,-0.36412774352687588,0.92023623106652841,-4.754120255000009,-3.6388284387484187,-2.1924928172871554,0.8784860881201649,0.790638901337391,0.5311926605504587,1,3
-0.95395477509511217,0.19158435399971083,-0.23079367923699121,-0.17367317511440164,-0.98013589309891758,-0.095766692043055768,-0.24455656875029161,-0.051274422100113112,0.96827837852519638,26.828485738798232,1.2629520123228524,6.9144296675985455,0.1762804754576444,0.1428167356342077,0.3846153846153846,1,5
0.89847913452792061,-0.35274645689662437,-0.2613526008380932,0.36920836030328541,0.92922402053483399,0.015096567266663667,0.23752985391339154,-0.11005751590852605,0.96512533470628936,10.758434815348549,7.3619572031730982,2.7019398962434971,,0.0709374381674884,0.3157894736842105,0,2
0.93140268674378246,-0.17935178886069186,-0.31673643768744547,0.27044809062715958,0.92338847092183896,0.27241799141163875,0.24361212080392672,-0.33939161392276307,0.90855185157277363,-24.674794317059519,-15.708931838240481,-7.5420979516390059,,0.3529165366326329,0.2631578947368421,0,4
0.89306041652337975,-0.35896513478079056,-0.27126946833526389,0.38056410714290606,0.92427418327539512,0.029802591919569601,0.24002927486790146,-0.12985093816530768,0.9620419331110156,-0.66932351906731336,-17.949756301458695,-1.215569449629063,,0.09550885426832627,0.3666666666666666,0,5
0.38067297479757423,-0.86719384546977463,-0.32103414248037571,0.91741304125955503,0.39770596151110954,0.01353809090743955,0.11593704319871047,-0.2996744943398898,0.94697085459715813,8.1420954907805925,5.9179600166562505,1.9596440362088499,0.1712021296370532,0.2335123328702702,0.2891566265060241,1,5
0.96143165293179711,-0.051406387404998366,-0.27019726141247341,0.067103744458317391,0.99653334734296795,0.049176977470087341,0.26673257060304084,-0.065411550718415604,0.9615482644215565,5.2475203136962927,-6.4153106336639718,0.46087771463730948,0.698836005458171,0.3384183671976229,0.2658227848101266,1,5
-0.23799238142447077,0.96016943925891218,-0.14640448865091749,-0.96552312807440166,-0.25025072509118373,-0.071691448198239471,-0.10547376705765896,0.12429490136189894,0.98662356649235994,-15.2466837593345,-5.5488740358324433,-4.8577795087572904,0.6149710184549192,0.5064280643287065,0.9918699186991869,1,5
0.76425392704890027,0.60077288087886749,-0.23449494790046016,-0.61507022541612932,0.7883281012794815,0.015080535124421824,0.19391893356989465,0.13270550227324138,0.9720003584719098,-7.9504899843780237,5.9409830868446498,-2.5310296829002992,,0.08346667331597005,0.4719101123595505,0,5
0.64191257206102936,-0.68190248969567913,-0.35065259784696917,0.74524757841274925,0.66243700352066881,0.076047769437971799,0.18042809287892844,-0.3101390186890261,0.93341281991768321,-1.2969830871555277,10.982115237598734,-0.30065415626019359,,0.3244053995643101,0.2380952380952381,0,3
0.96066824103831949,-0.094311695717085572,-0.26119309851393152,0.12451553162092653,0.98700421650732373,0.1015803080420689,0.24821847845295186,-0.13010757336808432,0.95992687549977984,20.765606810630416,-3.7833139448831314,5.0200743967981438,,0.2392099591760032,0.2068965517241379,0,5
0.22097533406811895,-0.91945951934054515,-0.32521392040860692,0.97410647523377814,0.22442644020954547,0.027374218573234004,0.047817116612225395,-0.32284201280026087,0.94524417910398595,-10.770528864052272,-7.1029256225098241,-3.8376568298464182,0.3461718187324761,0.3983895344210038,0.7192982456140351,1,5
-0.86450346934787325,0.46815554898056111,-0.18293204597390678,-0.44823876111994543,-0.88275176960678137,-0.14082374191077351,-0.22741100350499044,-0.039745379791932288,0.9729874306845121,-1.8180396343250116,15.308943798381398,-0.26611160948203394,0.4926354430195811,0.5757546545560694,0.7058823529411765,1,5
-0.68654657999751101,0.70001673144760612,-0.19654609939434864,-0.70151259733388383,-0.70880094375092317,-0.074035788100555375,-0.19113835113757527,0.087050547564116496,0.97769541928618975,-13.21230864390286,0.88401631742092845,-4.0772276724875267,,0.076589427979994,0.4482758620689655,0,3
0.76740958987164409,-0.57347464180814578,-0.2867217406756159,0.60433081588514448,0.79635048926164109,0.024701482229651163,0.21416532479519654,-0.19223093782158199,0.95769540053171631,7.4775844087569627,16.116128013722225,2.312643933655969,,0.08323540255515835,0.35,0,4
0.36645449824807369,-0.82946861090270529,-0.42153638542940663,0.92371546090431034,0.37868314096496636,0.05786904211446349,0.11162816848847222,-0.41058604734701371,0.90496312064297169,-1.4445145462460487,-22.593116930986326,-1.5120895614314485,,0.1272477286401675,0.3076923076923077,0,2
0.9081432230785359,-0.31875251815872574,-0.27142718829181522,0.34041545736601664,0.93960343531723667,0.035534500507739659,0.24370720703913337,-0.1246684262655148,0.96180277642023182,-15.787665621907236,-16.548232179697507,-5.175091599322414,,0.1373536391165513,0.75,0,3
0.96081081997774265,0.13847034421140089,-0.24014273253145441,-0.11390655581798104,0.98700051673743916,0.11338111175020683,0.25272092267040874,-0.081583967383327724,0.96409345579700567,16.119324251791774,10.130958714135677,4.3155530383007568,0.8141622410492096,0.4028714431140554,0.896551724137931,1,6
0.25499765686211107,0.95693043633607955,-0.13878160904267633,-0.96445770650008222,0.26199037153979121,0.034385717864316476,0.069264185315610544,0.12508071487676833,0.98972586477189861,-8.144611430470718,17.861086143990498,-1.87792863591169,,0.1500345546676686,0.2352941176470588,1,5
-0.69919766873028177,-0.65347352971839756,-0.28999132055893895,0.69413576752285988,-0.7176214675556235,-0.056524026296460431,-0.17116704206005562,-0.24081481528488119,0.9553586072526481,-1.8681619369968061,1.9705264188748188,-1.2307840898673506,0.5874786419012058,0.6715510130266372,0.5837879968823071,1,5
-0.95419028664013839,-0.13237602915681776,-0.26832346857157885,0.17615474349823659,-0.97344768164842121,-0.14618179584470836,-0.24184789274393145,-0.18675170145941611,0.9521729878427202,-14.218011874514595,0.55393119817188152,-4.3889530318147729,0.6589112618488951,0.2843686731603658,0.6,1,5
0.052368167731210682,-0.93113832101781113,-0.36088641168739832,0.99810406688000208,0.060506397753491772,-0.011280403738151618,0.032339552966533611,-0.35961146111188802,0.93254155422206109,-2.9265067011227179,15.122847045227564,-0.60243837554613666,,0.09143564334308807,0.3333333333333333,0,5
0.21956051589676681,-0.89328542544696254,-0.39221719562403967,0.97297637928848024,0.22995312534487347,0.020941000234130484,0.071485279644319291,-0.38621588370775956,0.91963424575534902,-3.4713998436672071,13.838669310767324,-0.81977262244496341,,0.1403249202127681,0.1578947368421053,0,4
0.95390738042113032,-0.125998183285464,-0.27236954195882418,0.17172945287931038,0.97348663226103671,0.15110516808778651,0.24610913146787111,-0.19091420748029223,0.95025368233451357,2.1214976873552298,13.885715680882608,0.68338533538777846,,0.5634175460432558,0.4819277108433735,0,4
0.83844671031403828,-0.46170403467237503,-0.28954533035574415,0.49683725282803254,0.86590683713696415,0.057949060404397547,0.22396396622193637,-0.19244410556498973,0.95540850324216309,8.0212487060993016,7.2452063580442765,1.9855106265636338,,0.1115186822388183,0.5825242718446602,0,5
-0.64536298873574849,0.75178246578944585,-0.1353873587215742,-0.74227718775778184,-0.65903546074558983,-0.12123051601906337,-0.18036404659593938,0.02225725974576433,0.98334806914141515,1.58375815624724,7.8863654107727674,0.2892399392520828,,0.3019202948225762,0.2666666666666667,0,5
0.9588173682117217,-0.050366234814756342,-0.27952190756027145,0.10318410074838534,0.97867882096919678,0.17759731624968417,0.26461726279344516,-0.19912560803906695,0.9435712460936786,5.8608588790692702,12.576767773148614,1.6450690518213167,,0.2282569383369641,0.4285714285714285,0,3
0.82273437843930253,-0.44764733809271823,-0.35031414934683819,0.5209897897166893,0.84031893527967261,0.14977892382240507,0.2273274764410477,-0.30573836479732419,0.92457896944825879,-0.19580934029156233,5.8068569564653032,-0.33668678384616446,0.3804472350832674,0.2180757365786237,0.2792207792207792,1,5
0.30467265692382484,-0.91168717548272427,-0.27568290876169677,0.94725001671945919,0.32026138121193076,-0.012249633839888014,0.099458423212728769,-0.25740851144544374,0.96117057814285989,-4.7258848492878922,-10.809759369330928,-2.223483473690286,,0.07223868582383411,0.3448275862068966,0,5
-0.96423270329122568,-0.046634404315406643,-0.26092245253684909,0.09495838233251945,-0.97983690724426487,-0.17579118529319626,-0.24746353171424709,-0.19428038381715998,0.94921911745148235,4.2639951730832255,-23.526845675733533,-0.0017031704432417592,0.3404670512324328,0.234755282304199,0.25,1,5
-0.42136766071757703,0.90667942737099738,-0.019537412407893504,-0.90082952468398658,-0.42094110527088008,-0.10637082941743017,-0.10466834267828536,-0.027221349627253127,0.99413456642722742,-20.17763380931758,-14.729753921289864,-6.2886757317504109,,0.4583264139676715,0.125,0,3
0.89022673972861266,-0.3098291864761874,-0.33391949191334869,0.39587826939359644,0.88885826336970242,0.23067592735551745,0.22533696477519252,-0.33754534931902214,0.91394003603026563,-5.9163451672328904,-12.704522459384355,-2.6193385981012107,,0.3375272078982381,0.3181818181818182,1,3
0.38657036928394611,-0.84199637693857188,-0.37630499706221315,0.91484016946813529,0.40174093847832831,0.040886216235621969,0.11675107673673736,-0.36006432699292895,0.92559325111408552,-15.432673617118832,1.4530447601278027,-4.5787118888517302,,0.6465781432718438,0.775,0,1
0.49236239483852168,0.84047400711983522,-0.22623597305645962,-0.86285260054835378,0.50545562216023998,-6.1266208818797316e-05,0.11430075186025312,0.19523846286665017,0.97407252334805594,-19.256825837176617,-1.6607953782807561,-5.7826099476508865,,0.1190506097575485,0.3809523809523809,0,1
0.91987931563046166,-0.27490480087441954,-0.27973093345468553,0.30576027165512021,0.94934337767326027,0.072510740896180925,0.24562715841824395,-0.15223173691488165,0.95733630314704876,4.828828702397888,-1.7184690095086812,0.37855606486040527,0.2326790854947313,0.163527161649032,0.3931623931623932,1,5
0.82746303148575573,-0.47476109311183745,-0.29984468644893175,0.51431746345787099,0.85510272776538399,0.065397796220231619,0.22534968006781536,-0.20832961727861563,0.95174381650624917,-9.9963168786458336,12.586503883929016,-2.5424464169134624,,0.0877538779962348,0.3529411764705883,0,2
0.17075563967314727,-0.92734946964983911,-0.33296467178963135,0.9835040427061742,0.18088519771362604,0.00058585724765709455,0.059685086080414736,-0.32757213921251771,0.94293912004503733,1.5666166105403394,-9.4364748809260774,-0.58567576989211956,,0.06912489671263862,0.1428571428571428,0,3
-0.71656211820128024,0.67867521083936833,-0.16105492526164025,-0.6657151901811097,-0.73433674095725399,-0.13256257557247078,-0.20823548285780344,0.012227390253730326,0.97800228762849017,-8.1890176877355678,-0.13326368861526317,-2.8768589160383105,,0.07735383314387939,0.1363636363636364,0,8
-0.94616918625724344,0.26218029852119368,-0.1898034826989318,-0.20406577720872249,-0.93837697039481216,-0.27893694628868032,-0.25123898891196417,-0.22518914827316114,0.94136540086753917,-5.4654048285125727,12.35096046728059,-1.4196436023411534,,0.2887646137023265,0.32,0,1
0.29998444889920395,-0.91005016079719969,-0.28603852057307338,0.94900572739170008,0.31517053767004077,-0.0074606676999225147,0.096940496163327478,-0.26921410999011386,0.95818907486249272,12.771723929189367,4.7128993737992531,3.1103953420956332,0.467422982416428,0.4503756322183,0.8071428571428572,1,5
-0.70924871607482676,-0.59895572508008788,-0.37177721573544042,0.6766685496825452,-0.72631805170647989,-0.12075496526364823,-0.19770162522531537,-0.33721525344961784,0.92043464744879078,-3.3672402016523577,0.88489444836633879,-1.6968802106802794,,0.2018162874695943,0.4330578512396694,0,5
0.18365804646613276,-0.90700142895612312,-0.37896982708362659,0.9808564190947302,0.19448109845035594,0.0098887545325563059,0.064733353759140244,-0.37353113687762785,0.92535619233568667,-8.4975349402580971,23.044387804257486,-1.6679819068140866,,0.2631397832563252,0.3125,0,1
-0.68904869764337195,-0.61346273451756428,-0.38584370622598657,0.70460828739354431,-0.69163031344919934,-0.15866527929732849,-0.16952596736874775,-0.38119677710651628,0.90881789348102926,-14.276110262812836,16.241540957680392,-3.5104532306821521,,0.3821871138954469,0.25,0,2
0.16442899206284919,-0.91028932735813928,-0.37991636851689037,0.98612499767630446,0.16061200997533046,0.041967501826926185,0.022816562561092036,-0.38154570204570593,0.92406833173924197,1.0331248023243205,13.716846970104344,0.44576413938345805,0.6688769131483452,0.6159791085381829,0.7391304347826086,1,5
0.94711907660989203,0.21146597956781329,-0.24134538364561869,-0.20872670793364123,0.97726755041978541,0.037165794646377884,0.24371831305178965,0.015174794296381331,0.96972733770955077,-9.9148047012784684,-0.56851371486926705,-3.3388552384767642,0.1702491198930362,0.1770905151772003,0.7125,1,5
0.81578401695576785,0.55298486339852737,-0.16942307555826791,-0.54301936278568186,0.83316536119863316,0.10471605673717191,0.19906383227332514,0.0065743251260229089,0.9799644732998205,19.738928674568225,8.4011843775729478,5.1768861606715717,,0.3523439721925755,0.5925925925925926,0,5
0.050635973746916578,-0.87311992856704757,-0.48486863014818282,0.99786406733074073,0.06429273978099051,-0.011564892632657401,0.041271070895393801,-0.48324738380101739,0.87451052867110735,0.50572482607424385,20.103254937386936,0.56951557386081408,,0.475480918300127,0.5,0,2
0.016748374385311304,-0.95953237088390364,-0.28109984201590099,0.99965198630397645,0.021800315787083066,-0.014854376799409003,0.020381320711985545,-0.28075322875703235,0.95956356032757806,6.72699823291613,13.417090739338306,2.0003317133980727,,0.07390903790524132,0.4,0,5
-0.80267693484062763,-0.51222693627763205,-0.30550499836579892,0.5605693287163982,-0.82284658916340681,-0.093196128699617631,-0.20364617840092869,-0.24606311477704182,0.94761868785335768,3.7395350284991342,-19.154766183378246,-0.14485856534919977,,0.1313190159648245,0.2666666666666667,0,3
0.9224637437153943,-0.21753291140299283,-0.31896719892038472,0.2706128410016822,0.95355323510762868,0.1323061529210689,0.27537126178230181,-0.20836424902634482,0.93848548625544026,6.7352270894639412,-6.3588905133112048,0.82788540487314732,0.8830098562281752,0.6463170366433978,0.6896551724137931,1,4
0.58257119583241201,-0.73944896258002746,-0.33738113984885648,0.79699249771425817,0.6011315947457555,0.058683595540934545,0.15941693879127403,-0.30307760975985165,0.93953722762255321,13.073997007769794,-1.6017534292465783,2.8891219349766888,0.8239211423862172,0.6691908393632519,0.912568306010929,1,5
-0.12375571378133528,-0.82526959091583196,-0.55101236430418499,0.99219042709763616,-0.11162762118511232,-0.055654564631877262,-0.015578179684512692,-0.55359676344625519,0.83263914381894688,-3.5117380670610259,-13.311117617046218,-1.9535295193195041,,0.6541293538229309,0.5142857142857142,0,1
0.76119237188883493,0.635747701677708,-0.12810555331351497,-0.62214010223430405,0.77160614225100899,0.13253548367288642,0.18310616092895318,-0.021185397141146003,0.98286484970103238,-8.3318817200043398,12.428873584017065,-2.1001458967059157,,0.2745795252994153,0.2692307692307692,0,4
-0.85132054880426145,0.47438690899041769,-0.2240767363251463,-0.46402108950424831,-0.88012116179785616,-0.10035521436818029,-0.24482187745155132,0.018541875150862006,0.96939076083228104,14.481510469168192,-7.5002759641980949,3.0993639223713063,,0.0999964811655888,0.3,0,5
0.15775469216434918,-0.8742328154430945,-0.45916276145019841,0.98652383654277187,0.15996774439621247,0.034366272502538465,0.043407108093745574,-0.45839644976289745,0.88768717339596026,3.7855100203827949,8.4671064705570025,0.93478192792533366,0.6189295415936203,0.6534595136320002,0.3642857142857143,1,5
-0.15185578141885811,0.97981987086296773,-0.12997246751425523,-0.98709619175100982,-0.15709699445981576,-0.031010362176945645,-0.050802853072644247,0.12358622493534129,0.99103254998305179,-9.4392691904730999,18.28669961144103,-2.1750389898011755,,0.1592161262960617,0.3666666666666666,0,4
0.73657266963353407,0.64448435445183994,-0.20518435421767778,-0.65233161757225078,0.75706837461483212,0.036206862245002455,0.17867334178466829,0.10717925650448031,0.97805339522474322,-9.1899052166327415,6.2869558589893444,-2.8023373180455904,,0.08680622559405485,0.4,0,5
-0.9050880077875928,-0.30614254491850912,-0.29511428354097929,0.35703183715296377,-0.92408470854566405,-0.13636612002713724,-0.23096312566785757,-0.22878853472780192,0.94568062312751233,-25.71806370577654,-0.87946557681608761,-7.3523731405100179,,0.3015602796467422,0.5238095238095238,0,1
0.81908843469596515,-0.47531822227472736,-0.32119577164232227,0.52962492449561471,0.84170570460614069,0.10501878968306314,0.22043496886911687,-0.25613296235954053,0.94117178564415038,1.2767414365971161,-2.154812784441158,-0.60025183508036029,,0.1023254564297274,0.1920529801324503,0,5
-0.088764632590725284,-0.94875637057089146,-0.30328565627504417,0.99603801958335958,-0.086197670121382436,-0.021868360937801801,-0.005394770198460172,-0.30402518146823965,0.9526487209290273,6.5988345303605138,7.0366415424558468,1.5799216268273524,,0.08258023421968538,0.2741935483870968,0,5
0.50332708793297098,-0.80242620731402425,-0.32058388039410951,0.85146126401826783,0.52378322797561627,0.025784607188324461,0.14722621515656648,-0.28594284727384489,0.94686911960608289,-5.4181697652013394,2.0465649103318255,-2.1640672494832711,0.6307872279563476,0.4423859969753193,0.8690095846645367,1,5
0.3500124094494616,-0.89092609358934116,-0.2893821158831692,0.93204578184144549,0.36212700691433863,0.012437500345020178,0.093712185882905377,-0.27407065991254914,0.95713285367923151,4.3729147367683545,17.233766977691332,1.5269313990559235,,0.0728647546140343,0.2352941176470588,0,6
0.96560020967278415,-0.067816545537083481,-0.25103217170572095,0.078294172593237163,0.99641732504388925,0.031977130739319314,0.24796422648804467,-0.050531480324603681,0.9674504183049325,-3.4155557085282537,-12.541055664568546,-1.9222717161745235,0.3078661674079141,0.232592070797109,0.4731182795698925,1,5
-0.74321319500616745,-0.61953812849157142,-0.25259979040744474,0.6565023703542896,-0.7480863742429058,-0.09680606588071769,-0.12899141245805174,-0.23777990667267002,0.96271591422122693,-0.077008713567958478,18.922213296447193,0.43367064565374253,0.8298865824303731,0.8149043586442956,0.5945945945945946,1,3
-0.67295966365958004,-0.68817388749387809,-0.27118626745974506,0.72172781780652839,-0.69118672934737424,-0.037011649224356555,-0.1619698987201382,-0.22063002004632865,0.96181502699996624,12.401260914660615,-2.59496234132222,2.7216285445728836,,0.08143556377506,0.303030303030303,0,3
