axis_00,axis_01,axis_02,axis_10,axis_11,axis_12,axis_20,axis_21,axis_22,location_x,location_y,location_z,dbh,dbh_approximation,score,reconstructed,number_clusters
-0.96326313216497395,0.083497509352917609,-0.25524949391445323,-0.06591999895582995,-0.99487461638816765,-0.076674972475777217,-0.26034341157284641,-0.057032127773363299,0.96383019482285126,-1.4523934215984451,3.9516389312098825,-2.4800092572983869,0.5350042828127572,0.4788662522935966,0.2281746031746032,1,5
0.91882862058880377,-0.23988745412254664,-0.31338151723016217,0.35709685981783496,0.8434376965349768,0.40136602343996869,0.16803511149493977,-0.48069414539639976,0.86063775183668734,-21.828309685439731,5.3771733884321673,-8.392336662760048,,0.5068151359571542,0.3333333333333333,0,3
0.61113456219757256,0.77405294234221766,-0.16539827489710299,-0.75585920240572213,0.63273287640241338,0.16830321820486602,0.23492852748478191,0.022161894568933409,0.97175996902679018,17.542150303418541,-7.5651754027652292,4.8413242802928007,,0.1658419118232206,0.3181818181818182,0,5
0.84743991722694179,0.47654648893444668,-0.23398510759158409,-0.44007316973586935,0.87708933728390115,0.19248350501149952,0.29695318144283095,-0.060147637585679967,0.95299583930038378,-7.2873155081991641,11.161609158439155,-5.6074712549448247,,0.06139663449699485,0.25,0,1
-0.67312430340029505,-0.57642557704486375,-0.46328957067946602,0.66391232550035384,-0.74698059891371482,-0.035219439166759667,-0.32576693543172935,-0.33129071670513893,0.8855068406310681,-3.051915219817503,2.7253674706194149,-2.7555362626417188,0.5284163377531399,0.4987014480830686,0.7198581560283688,1,5
-0.95733548282111669,-0.091936778279547729,-0.27396423513159052,0.082361763575209704,-0.99552757004670378,0.046275232875559756,-0.27699334510497092,0.021736744845612437,0.9606259421289205,-9.6021412764394665,-14.893881638071129,-1.2519660122662972,,0.1161068823301076,0.3214285714285715,0,5
0.93352981558255232,-0.23384821816379942,-0.27172981853308475,0.28740883308121418,0.94124151795248023,0.1773712703608083,0.21428543134170808,-0.24367891936753225,0.94588706417339874,3.5193627243382872,4.3258489814275078,-1.1969335601341473,,0.07252881266832312,0.3018867924528302,0,5
-0.87786357477956833,-0.38633903624416344,-0.28301535850403792,0.38160421430797492,-0.92135446607015603,0.074055192086523447,-0.28936787606372549,-0.042989497862960094,0.95625212960592154,-3.1346303047962705,6.4326683492594885,-3.4758933740390789,,0.07341528634876877,0.2222222222222222,0,5
0.91319399052779171,0.31492270061168381,-0.25865117108447794,-0.26295076821966734,0.94022631830610015,0.21640555412753099,0.31134165984752982,-0.12960772740851786,0.9414181896688556,-28.185217785306691,5.6286552426464871,-10.001032837794529,,0.3376189540169129,0.85,0,5
-0.86630493131775588,0.46915474607431518,-0.17149224533629823,-0.47080031455046267,-0.88160216852306927,-0.033536253139094217,-0.16692162769912633,0.051685981574976399,0.98461450807659112,-24.686415976081072,23.885539430201167,-12.811619338301325,,0.3360553806038694,0.4444444444444444,0,2
0.92620584371319881,0.28447160089646856,-0.24742401531565483,-0.24130150447478407,0.95152598630820584,0.19071413507761223,0.28968313552867891,-0.1169367592487333,0.94995235424029367,-15.607194289199402,-12.612154261804047,-3.3615097851853601,,0.128810740353679,0.1764705882352941,0,1
-0.79403709441440551,0.58705490380664871,-0.15770742725215639,-0.59650488311654648,-0.80244422849459618,0.016284488749317916,-0.11699152581295312,0.1070037385901914,0.98735160040163927,-19.914800911795218,6.0676340233494566,-8.0154430640476075,0.8649612029373678,0.8422092805069052,0.8434782608695652,1,5
0.35861980418774436,-0.86147665006983143,-0.35951330633066308,0.93281606681550566,0.31615643724886128,0.17291411936842271,-0.03529903023022278,-0.39737021600840733,0.9169792199904192,-3.7317259249783321,-10.958001175480076,-0.33696751508942963,,0.1197300424263925,0.1111111111111111,0,2
0.7223551675070935,0.68010214895222187,-0.12515621824891618,-0.64091492521109039,0.72639777898406221,0.24814174442984313,0.25967493259354651,-0.099031983104414648,0.96060480724642716,-1.5635766793155208,-11.421361827214303,0.30890656320540871,,0.500708621904672,0.4259259259259259,0,5
-0.092114970696196785,-0.90952739452613363,-0.40530821701532421,0.98581893965652323,-0.14063917161021328,0.091551305961635077,-0.14027063266459869,-0.39112727086626858,0.90958430483192565,-4.8138070045780381,14.57167596234563,-5.6074364778564316,,0.5504663961384302,0.1428571428571428,0,4
0.0033086064408614051,0.99355989982204129,-0.11325978363494196,-0.99359350660520929,0.016060758541933933,0.11186597189056473,0.11296458186255734,0.11216406510407904,0.98724780361566,2.829588508631744,20.248669997947623,-4.6956893139284714,,0.1610098637498466,0.5333333333333333,0,4
-0.10955796006757869,-0.93469473391156643,-0.33814613377032365,0.98034246260767977,-0.15777055002906046,0.11847830835996487,-0.16409055242195408,-0.31851877172548954,0.93360595684921821,14.735080894681179,-3.0547585813614488,3.2874880390252867,,0.2126984279358471,0.2580645161290323,0,7
0.82786307671255832,-0.47977822510878881,-0.29061242390420128,0.54042605399900778,0.8210067717873063,0.18408574316998511,0.15027443686494488,-0.3094523152132565,0.93896584508387582,-22.946583405472982,9.6827551055322232,-9.4645134476562998,,0.09239568748195799,0.5,0,3
-0.88075833976769569,0.45042591205241034,-0.14622326997234794,-0.43873808677995618,-0.89233426835475593,-0.10605868530415563,-0.17825161468641901,-0.029258353876055639,0.9835498516039477,-19.139261275488831,23.921323758711843,-11.328212589097232,,0.3222428886796989,0.5185185185185185,0,1
0.67621370470034203,0.71458779656796567,-0.17916279349122569,-0.68270372599910301,0.69922664028865644,0.21212667917445183,0.2768585344221513,-0.021127860913469212,0.96067838812520423,-18.249545986770169,3.3235524467890634,-6.8923911200519576,,0.1339490060954393,0.119047619047619,0,3
-0.8349025990214014,-0.4576817090186141,-0.30572062962304419,0.46719853732259775,-0.88295753610277794,0.045951236794427947,-0.29096937445534582,-0.10446742396131412,0.95101176673054511,2.9295706567823969,-9.7706046352358449,1.2947139917629116,,0.3062199629216856,0.2857142857142857,0,5
-0.21736773120227126,0.97339922235665988,-0.072423914195713104,-0.97034542972473925,-0.20745495611386472,0.12406525781259943,0.1057403255351968,0.097243997754336453,0.98962749984853715,-12.957216860893999,-7.6819562424402772,-3.4325083088606987,,0.5568002776695732,0.2,0,2
-0.68094421030370844,-0.67175504945113318,-0.29165070888095274,0.67416955813302359,-0.73054695525554414,0.10861193789623579,-0.28602515508357079,-0.12266335925514742,0.95033852439836408,13.593757812165711,-1.1330053133176463,2.5739365829858727,,0.09746832652767722,0.2916666666666667,0,3
0.11139518587218571,-0.94631586623221986,-0.30344257097787714,0.98716013532566427,0.070194031345218552,0.14348402415363976,-0.11448135126874157,-0.31552983897037268,0.94198457573944028,12.087145056330025,-3.8509968792580724,2.7009948076958774,,0.09134897159915881,0.4242424242424243,0,5
0.82927039089065913,0.53436903839504457,-0.16358590891885938,-0.46368405975718946,0.82131240138388162,0.33232970384865385,0.31194183996242841,-0.1997390050485835,0.9288684612705167,-3.7228750030771258,-12.82637096546787,-0.037635732290941366,,0.2395099121944401,0.1578947368421053,0,4
0.87011982903099383,-0.38558782957943022,-0.30694219131181455,0.46273237752450597,0.85352159058602728,0.23954047923892985,0.16961789386026527,-0.35046101078967767,0.92109003360077957,-10.657621153479885,-8.6801513719141727,-2.600753331055059,,0.1764659228864278,0.3287671232876712,0,3
0.81007505621584364,0.56492036574016535,-0.15698211257622871,-0.49730231842240624,0.80382350346914411,0.3264325035321865,0.31059428099789238,-0.18636726011450883,0.93209357736700116,2.8775936370972492,17.799118700425442,-4.2492989461145259,,0.2247152354584887,0.1333333333333333,0,2
-0.63693775781334416,0.74536632044248385,-0.19682312115639095,-0.7680171996255013,-0.63563086159611482,0.07824952949369697,-0.066782286207600752,0.20100362219774659,0.97731144990339325,-12.670265144326105,16.789697889508762,-8.1459367397939673,0.2417943770267588,0.1841581496868084,0.5600000000000001,1,5
-0.87160438006555563,0.46779346930229171,-0.14654376386821943,-0.45927838724819747,-0.88377308934541443,-0.089490164574422271,-0.17137434947282326,-0.010695635885177267,0.98514792580392652,-2.2183814950636234,-3.4626863444420244,-1.2809647733143226,,0.3646772256992016,0.2164502164502164,0,5
-0.23202726758794484,-0.9009956274080233,-0.3665654463902645,0.95485462520901554,-0.28284886144740423,0.0908249211112067,-0.18551547593832179,-0.32894285365322778,0.92594849058565276,-7.4576003930899377,14.934112567409686,-6.3098883715454859,,0.2733198437181689,0.2631578947368421,0,4
-0.70173421599089358,-0.6507004955291471,-0.29009990559420962,0.65029371334874153,-0.75134300922113106,0.11225760051613937,-0.29101061232668429,-0.10987514556376594,0.95038953903154388,-1.2348540149897218,12.324434962711834,-4.1577421466900359,0.1947247894567676,0.2507100399995046,0.4186046511627907,1,5
-0.5093094241924967,0.840514249532197,-0.1847693339329734,-0.8605497076857489,-0.49931440368507995,0.1006942246337158,-0.0076230591417978831,0.21028771387301862,0.97760982317250678,0.34162543482832736,11.293806010849183,-3.5403730797770199,,0.09816188271378139,0.3571428571428572,0,3
0.72013139116363456,0.66749348585929991,-0.18937588493820695,-0.63153490626832376,0.74362007099036997,0.21952870469470828,0.28735768934446143,-0.038492029768219499,0.95704959224636543,4.0003190209448043,6.0455523854910389,-1.461696546039513,,0.09102652006856063,0.2,0,4
-0.67183971955443023,-0.65784963189016743,-0.34038985450655695,0.7067139496907392,-0.7069190846337996,-0.028649626402901297,-0.22178093818346814,-0.25980621548084942,0.93984783122374593,-11.831788906053344,-10.130461827216099,-2.6619711736081793,,0.5286695533577715,0.7611940298507462,0,2
0.37121943859356482,-0.87779632175640521,-0.30277012058854935,0.92789871719464845,0.33852134454348221,0.15622826222229907,-0.034642445623901258,-0.33893497429359404,0.94017178438931903,8.2713771121997119,-13.617116826238105,3.4062482384502917,,0.07912800507747517,0.25,0,6
-0.96527596833973028,0.15985184217265014,-0.2066148433675698,-0.15496474602256563,-0.98712069132185909,-0.039732458449184285,-0.21030509369950365,-0.0063347705771067686,0.97761528130741593,-4.1507299766448442,7.2503184751580871,-3.8983125041203084,,0.1719088131511449,0.1470588235294118,0,3
0.77999835762503333,-0.48498168298159716,-0.39546849340319051,0.61313256226506396,0.71870089271664295,0.32792908974133295,0.125183957408804,-0.4982587620711143,0.85794357788075593,-18.539597672643648,-12.119975768269351,-4.2089963734201143,,0.1155124825963628,0.4,0,1
0.96231837427151368,0.037267720318215736,-0.26935935766502311,0.015919028022090012,0.98114416011725381,0.19262066767260541,0.27145889391630285,-0.18965034692847685,0.94357978720596036,17.299769468299381,-11.542698423356097,5.5791262200849854,0.3675031258797029,0.2484552793774064,0.4137931034482759,1,5
-0.85932748686894667,0.44917056675748285,-0.24454462224768447,-0.48039854237456819,-0.87294941755203193,0.08471454939949484,-0.17542380339022193,0.19027642091003016,0.96593031469655133,12.36218541083611,-22.288071587231968,5.9815431163313892,,0.5703073341866196,0.8823529411764706,1,5
-0.76441850388543597,0.60455611226210371,-0.22400057599051809,-0.63163327732058283,-0.7718959851378745,0.072221818789695774,-0.12924300328765556,0.19669391260169339,0.97190933262657075,-0.17833074073757113,-10.936465980058795,0.61066514271145778,,0.09508961085787633,0.3043478260869565,0,5
-0.20377241617700659,0.97766651141828187,0.051429513478075069,-0.97524420859099548,-0.2073147692986495,0.076937117442566011,0.085880940930501068,-0.034478672855179325,0.99570863464320614,-8.8163260807485422,-3.1837874672863524,-3.0570650351054183,,0.4673123039804869,0.2637795275590551,0,1
0.94328574427681722,-0.16900152322103643,-0.28574549829017371,0.22532461460782324,0.95803231090896479,0.17720866035909247,0.243804886530123,-0.23154389735727818,0.94177842452491733,3.8882094480180931,9.4528462141581091,-2.2271829035353568,0.5593356926725225,0.1902472804348251,0.5333333333333333,1,3
-0.50408469377688492,0.84986226508461959,-0.15372947630531547,-0.86360671525903532,-0.49787454986918117,0.079400087859288149,-0.009058855301121483,0.17278617704493204,0.98491769918244088,-10.14669830707378,-17.960447519489808,-0.86264378734879077,,0.2741965971447188,0.25,0,5
0.95661629106403889,-0.09584326182263625,-0.27513513195170192,0.15475091520305251,0.96726880181648744,0.20110499565230941,0.24685507066839948,-0.23495772852940033,0.94013692613874345,-2.9106626471081727,13.886316685065054,-4.944125461439218,0.552526310858283,0.4953297664402602,0.9626556016597511,1,5
0.95762247105062348,0.1996143380507483,-0.20763747008538272,-0.13928176009644855,0.95193842271190066,0.27278898560831405,0.25211067855870761,-0.23230875017816099,0.9394002609895995,-17.543447028458893,11.310337084880803,-8.4004858082283818,,0.3892685121278118,0.125,0,3
0.5531279518717056,0.83053049271542434,-0.065334290599095637,-0.78902487709795155,0.54742291128100429,0.27886896479384976,0.2673746662995124,-0.10269983872677162,0.95810413366539671,17.981630601449645,2.6545773416268834,3.059094803758442,,0.3541205088485033,0.2790697674418605,0,5
-0.94420037773062448,-0.10804210410602624,-0.31114715237920848,0.13641771251378107,-0.98811392639276996,-0.070859552504749027,-0.29979301927472435,-0.10935159902355543,0.9477163992382629,6.1298998135147942,8.2197624670781533,-1.4030814353968495,,0.3694015189706625,0.2727272727272727,0,4
-0.4305546188404033,-0.78220795450472591,-0.45030371540186959,0.86874988423364197,-0.49444549576083774,0.028236330601786045,-0.2447373262075668,-0.37904401806564952,0.89242886188727621,-15.588961817239008,-11.290637322534151,-3.5105666223013294,,0.4508300112796099,0.2352941176470588,0,1
0.31806530781560549,0.93499924556208658,-0.15687852231103339,-0.92553032179638584,0.34208961382620379,0.16238324897512643,0.20549472839867067,0.093547351168100576,0.97417699094660881,-10.967074672000567,13.26538067564907,-6.9746539625307227,,0.3104945334831044,0.6521739130434783,0,3
0.95734230425741262,-0.039346785996981867,-0.28626481256140379,0.16145065927461641,0.89445686617413045,0.41698992694517939,0.23964431372118902,-0.44541974022899117,0.86265396186155585,-11.60681778350588,-14.914440881564907,-1.842585455689022,,0.3196944739367208,0.125,0,1
-0.94068102976797474,0.23345987981235616,-0.24620252791688282,-0.25734896148628494,-0.96382859648590102,0.069324949462294311,-0.22111244256394516,0.12857262972351166,0.96673593428060156,-17.183716782123042,7.3024869175240186,-7.4504105267372447,,0.07319634272268652,0.2,0,1
0.4491157651151152,0.89321366979028161,-0.021549237221833623,-0.8589783180737649,0.43828767904584193,0.26468879741268886,0.24586841725653,-0.10036558422281616,0.96409308207215239,-1.5510841575017222,-16.959720886971891,1.3278009654506164,,0.4036917924313986,0.4347826086956522,0,5
-0.94013151193359923,0.23423739622532583,-0.24755925044123464,-0.25865090085827402,-0.96337889900065554,0.070716394460475007,-0.22192893401863942,0.13051413398504352,0.96628857443078864,1.0003915931566967,9.1397216318043686,-2.93262991427759,,0.09338133157425946,0.16,0,5
0.27528562712077709,-0.90461066904208698,-0.32541874708742557,0.95932868201980326,0.23648026549579004,0.1541608377156452,-0.062500426837496584,-0.35462180063593118,0.93291857906189346,9.6126801779307343,-15.207337329357436,4.0795885035165691,,0.1519298139478812,0.6071428571428571,1,5
-0.84332838431935386,-0.41600203945103137,-0.34020514307383931,0.4463260826985041,-0.89478659189464005,-0.012246749306795052,-0.29931632782779682,-0.1621704601280945,0.94027149151589495,-0.81529461213656018,11.689554412510217,-3.9448168777053398,,0.1406544064321714,0.2222222222222222,0,3
-0.46904769467866131,-0.77347130978629564,-0.4263055160962721,0.85288176016360917,-0.52203065392419457,0.0087578275676834325,-0.22931847569888644,-0.35948036010462858,0.90453684690132397,7.0872549443001001,-11.000585356812049,2.6456377040558605,0.4497422543859281,0.331611892294404,0.1071428571428571,1,6
0.8938888053957077,-0.2602008998665819,-0.36504560714636086,0.39538238288624949,0.84137920986236603,0.36844782061313858,0.21127133002711329,-0.47368398423421637,0.8549783086070506,4.8786816343024668,3.3726911974978147,-0.67872954810112474,0.5637847091708955,0.6039420705817113,0.2068965517241379,1,2
-0.75383284743006906,0.623860935777936,-0.20623668671153775,-0.64307033808704162,-0.7649298163658188,0.036645822506439926,-0.13489469377293176,0.16024952057598643,0.97781568444522005,-20.503621915893351,3.6480975205787831,-7.6179948833493878,,0.2522721143172405,0.2857142857142857,0,5
-0.18400167075858559,-0.90039792005046948,-0.39424227414983887,0.96617666390985313,-0.23940917575315315,0.095843104505342988,-0.18068214984905226,-0.36327239385065224,0.91399514691924966,-0.44860707484219592,-5.7542864187475979,-0.4169782428374032,,0.1871605737746623,0.2027027027027027,0,2
-0.45723448721821941,0.87776518709592855,-0.14305558367551244,-0.88933841380964573,-0.45060435262130155,0.077671765277230867,0.003716102909672891,0.16273903564046183,0.98666214929831852,-14.922853774324921,-11.702555422856525,-3.2921385458092431,,0.1534982317900359,0.2307692307692308,0,1
0.84527937231937456,-0.38187010104833968,-0.37373521195720277,0.51040751122877603,0.7839859651590223,0.35334144805686674,0.15807262638613706,-0.48942949682156212,0.85759653242558143,17.165385544393082,-4.0774126792728049,4.1125936256323339,,0.5538139446356386,0.5517241379310345,0,1
0.65444201832585225,-0.69342470009905499,-0.30144291323917399,0.75309183468344054,0.63338509985677693,0.17797753738196803,0.067515429219652479,-0.34349017536453086,0.93672630274020263,5.8319494631585194,-10.989184032572759,2.300245383845982,,0.08686992447837689,0.2105263157894737,0,5
-0.32126701089005921,0.9246799687641114,-0.2043390884783636,-0.94588544234990046,-0.30292089080607892,0.11636006129160081,0.045697239132139467,0.23066401817286922,0.97195981041195634,-5.8235181369614626,7.0164916052313497,-4.2713096487888667,,0.07797557946484335,0.3981481481481481,0,5
-0.0090423348711124191,-0.93327509318265101,-0.35904851569807827,0.9864972902949477,-0.067044922628970535,0.14942581634510699,-0.16352777262839779,-0.35284922955079545,0.92127959316626862,-0.35274616970193567,8.7507258532017271,-3.1636494860303483,0.6877122337736566,0.2201930701234,0.3,1,5
-0.69723689597994964,-0.66589075660054176,-0.26542458657442192,0.67636740858172051,-0.73376761663089596,0.064126542026392327,-0.23746123787408538,-0.13481314868280667,0.96199666083076119,-3.928279556929636,13.046416758377715,-5.0310316323490216,,0.1475240514683427,0.16,0,4
-0.23075156722571274,0.95820197691091025,-0.16912328540713009,-0.96933183028606984,-0.2112750988172433,0.12553340357858087,0.084554816640663014,0.1929036134026223,0.97756773623062887,-16.60384032784934,8.0879435272355114,-7.4471983481487438,0.6062886790854388,0.2623440843229766,0.2226277372262774,1,7
-0.693256449207034,0.67835859767056605,-0.24336209359569355,-0.71540341981483357,-0.68857751093488895,0.11857047841665672,-0.087140361200174807,0.25630182285956749,0.96266086086885605,-3.3551460375272648,-2.784001929642276,-1.6615357567724454,0.2396139168184224,0.2068529015731449,0.7887828162291169,1,5
0.51635935621785545,-0.80549952461397278,-0.29076370319031586,0.85623706816444689,0.4916358507793544,0.15859468253889616,0.015201919202341867,-0.33085450892367307,0.94355932276536869,-6.7134929989520415,-11.29021849362652,-1.0906789842010094,0.1903187733222308,0.1672539706119642,0.7012987012987013,1,5
-0.25892001825253841,-0.8421345010599256,-0.47304323932665648,0.94452202058483581,-0.32321196226334242,0.058413868903024108,-0.20208556796180457,-0.43167523623023718,0.87910062771398645,-9.1709360029129279,-12.694271033307359,-1.4980474876708316,,0.4137437906046822,0.1,0,5
-0.62330946333872206,0.76998669221152927,-0.13640310381197601,-0.77991646226506184,-0.62478694468142726,0.037034924646831238,-0.056706479350631306,0.12946724517341682,0.98996091217121374,-8.7876291099748283,-8.717908295820898,-2.0950581667251917,,0.1558839109250446,0.2068965517241379,0,4
0.11983163503443144,-0.88617220300696897,-0.44759267851781248,0.98252546193068713,0.041179992127188571,0.18151563267744719,-0.14242224511242638,-0.46152251826555529,0.87562141889686307,-12.99722645574445,11.996860608866447,-7.2935045163685874,,0.1874058619327208,0.2,0,3
0.1721991029923024,-0.91839071290199281,-0.35623863825252833,0.97624954778918538,0.11084217063880759,0.18614734392273435,-0.13146972796068931,-0.37983221514696053,0.91566544052208021,-11.066474913065521,-20.853921409938881,-0.64773444749098374,,0.3279813157086378,0.3181818181818182,0,5
-0.44657248077909095,-0.77830439332459456,-0.44137885171635011,0.86217202481019151,-0.50620857320994728,0.020304680333477008,-0.23923298068097504,-0.37147698682473557,0.89709109304134338,-14.525941090841457,-15.027559596627858,-2.5564593538542826,,0.2467014457719142,0.3157894736842105,0,2
-0.19425550109719045,-0.91432805345932977,-0.35534351119832103,0.96165958097758242,-0.2489887591825681,0.11495846256254899,-0.19358628724033972,-0.31938817833162986,0.92763976894832545,7.8509896583459096,-0.38676807024959114,0.8859596494397689,0.1533714164703808,0.1398450087484236,0.3513513513513514,1,5
-0.19759770963220044,0.97079992701534235,-0.13602443477227169,-0.97705836616313291,-0.18379633616554289,0.10759115169359194,0.0794486894715032,0.15416357714820378,0.98484592562599971,-7.8130567854330257,5.6692487083249796,-4.5055916545768264,,0.08817461788366135,0.2585034013605442,0,7
-0.583215761138969,-0.70849255573605041,-0.39736340348060761,0.76553818458208478,-0.64298490455975199,0.022840763013791468,-0.27168118062511948,-0.29087576553381972,0.91737703542178073,-3.3734366610346838,16.675261524880472,-5.603957972830429,,0.1725340451897922,0.3529411764705883,0,1
0.71795734807564504,0.68900203956585326,-0.099062787252742493,-0.65199614443861487,0.71548073439426918,0.25097479225575392,0.24379965951856616,-0.11560064093564604,0.96291132397220247,-4.9228985913625509,-11.232507391007582,-0.65339036185928057,,0.6907058835778462,0.9026548672566371,0,3
0.77013436621378362,-0.46198292906000599,-0.4398463723092762,0.62638818648217909,0.67802311909541602,0.38460692896474113,0.12054417369603447,-0.5717135849612639,0.81154955422246366,-6.1182621235385355,11.524763528455363,-5.3278937310962293,,0.07162048456911567,0.6,0,1
0.85038213368831961,-0.34910914874719023,-0.39366613896132058,0.50097746377964836,0.76593166774207633,0.40295193402532975,0.16084715567461136,-0.53988098930306383,0.82623042179559891,-12.527662744261697,-13.593330503120786,-2.2882233073386371,,0.08947494142566029,0.25,0,1
0.89418883707543539,0.36370514174025953,-0.26104576901642729,-0.32835285348741083,0.92916310462655527,0.1698244052173184,0.30432010655945041,-0.066139964260942014,0.95027089709787804,-10.010973143232059,-11.700120200379274,-1.9692803759368105,,0.5214028912842362,0.25,0,2
-0.91074918294971763,-0.29594694062505367,-0.2880127325155814,0.29269786063626968,-0.95460250139399083,0.055335582686783034,-0.29131407129655079,-0.033903873923282715,0.95602648456913664,-12.10696914199872,21.373228981329301,-8.8307317983385545,,0.1435066630588176,0.2352941176470588,0,2
0.76018797425515894,0.59747394537980736,-0.25522368305101201,-0.56073034246918474,0.80176480870933653,0.20677203522157117,0.32817027109753188,-0.014073951384261959,0.94451373577106046,5.5412286159734041,-8.0884565209996477,1.7342496476377582,0.8727470187371987,0.4077130460488254,0.5757575757575758,1,4
0.70778116679727188,-0.60044724530160387,-0.37216787278969771,0.70098411298702001,0.66225512252336427,0.26464962881395721,0.087561939602168598,-0.44819778926415987,0.88963568298030105,-1.7956720492620117,13.921847815321577,-4.6146728775005581,,0.2074936484010165,0.4347826086956522,0,4
0.31801608287951089,0.94015005783678851,-0.12240767859679662,-0.9191127929709666,0.33739139829744452,0.20346674949977833,0.23258857415419723,0.047800764684047974,0.97139983635398008,3.3898664572180355,-14.714269224687435,2.2364649087654986,,0.3346975763624924,0.4347826086956522,0,2
0.9250227200854616,0.30760683416814982,-0.22295964410345964,-0.24546666179754939,0.93184637882893995,0.26722358468024232,0.28996393788135205,-0.19245872761825972,0.93748629477550205,-1.3554887018352126,16.193823646444745,-5.0045345944080823,,0.1489908018519597,0.25,0,1
0.88182873221856828,-0.35267386026037373,-0.31304829551179414,0.42951749685960722,0.87471421348382339,0.22447664604772213,0.19466074829109872,-0.33240967648133152,0.92282771959685239,2.5587921516829737,14.179683612765626,-3.5454315628311326,,0.1650043017767332,0.2173913043478261,0,3
0.95923443848580847,0.15474681205865656,-0.23647984307441255,-0.069917098234642774,0.94069706665392672,0.33196479958445241,0.27382638915426566,-0.30189808370769944,0.91316847057722927,-11.544260219868216,-18.865994923690597,-1.0741632206388463,,0.2309301005867501,0.4375,0,1
-0.94742995237115302,-0.17345027752386011,-0.26887076184831404,0.14877800282838549,-0.98276339723437156,0.10973245158454897,-0.28326946751175625,0.063961756411580376,0.95690506451390134,-3.2620624046441997,-9.051843549463003,-0.54722258255532641,0.1733347209479282,0.1908575214276937,0.6015625,1,5
0.96606890742978024,0.12944141648317439,-0.22350790991877589,-0.074661363928222799,0.968365256197536,0.23810588259397941,0.24725805716661245,-0.21333928444688716,0.94517183775114777,9.9094310298661252,10.038127573255707,-0.79167249641411119,,0.3077050698111997,0.2333333333333333,0,5
-0.83063099048291233,-0.48685258400362008,-0.27023456310837435,0.47115872315415547,-0.87316516800063348,0.12486811837363139,-0.296751773785974,-0.023604042861835772,0.95466289019499162,-4.9176711572296483,2.1345119752108603,-3.0830887221921821,0.6867269976228649,0.4472977529293253,0.9852015113350125,1,5
0.45958964330042523,-0.82078708592440686,-0.33924315667483718,0.88812667643041832,0.42349409172696678,0.17856024441350404,-0.0028924701635105305,-0.383355336277026,0.92359640523568587,-15.771624966254613,-16.928731554624051,-2.6028667198280804,,0.4227924089030173,0.72,0,1
-0.86167968170179754,0.45957696456656549,-0.21516770153085324,-0.47583463353032557,-0.87909160884517767,0.027916747501417868,-0.176322226833004,0.12643953850666728,0.97617801420994488,-2.3385835770303482,8.5107860333429102,-3.7028987319135673,,0.1844640202801995,0.5985401459854015,0,5
0.077469198908025075,0.96817894804789806,-0.23796648456750036,-0.98347269274086457,0.11338716637843649,0.14115528021899076,0.1636459160919756,0.22309835287947402,0.9609615700374724,-1.4191073562072385,-7.1203628461096944,-0.43422063464065636,0.2974738895841254,0.2679540391015349,0.6910994764397905,1,5
-0.020298938284195069,-0.87583411120086718,-0.48218519550222849,0.98853655528505813,-0.089751859764657133,0.12140874158781736,-0.14961093532789152,-0.47419322361857225,0.86761590274990996,-6.1036253733494119,15.004476250960254,-5.9793255790407356,,0.09912393470108717,0.4285714285714285,0,2
0.29412134806337309,-0.88279952696157349,-0.36627534425593994,0.95406831583116902,0.24833813712275904,0.16757630613387955,-0.056976147118439339,-0.39873946988832326,0.91529260557087322,-5.7484932142619032,-5.8963118452953331,-1.7753026111804784,,0.1520854639359042,0.581081081081081,0,7
-0.92181448533851196,-0.2570420601920404,-0.29015070896402179,0.28337307298470554,-0.95760160443273279,-0.051950637099649331,-0.26449528564285957,-0.13010974782884691,0.95556982863243156,-1.7788096524113535,10.002985460527617,-3.782725453457378,0.6666935070187064,0.4352884597959824,0.282051282051282,1,6
0.25142425627229209,0.96548626102094381,-0.067986198141406204,-0.95419227458143585,0.25902731172969007,0.14973962370460334,0.16218183155653113,0.027223731520269915,0.98638528068654874,-6.323258292493362,-14.159975849044645,-0.48204236884041185,,0.4589973940632491,0.6666666666666666,0,2
0.47854532029311619,-0.80271767981763797,-0.35586332057933151,0.87805470499307947,0.43922416829066219,0.19000543420884933,0.0037830497057398031,-0.4033936743400488,0.91501870584013734,-12.426204569537045,-20.863435483817479,-1.0655553982979413,,0.2233664957908393,0.1111111111111111,0,1
-0.74086970938893837,-0.60291541836775264,-0.29598153997232124,0.6077981974512443,-0.78936038766674665,0.086553622440777578,-0.2858206166198784,-0.1157720893697616,0.95126410551328555,12.04988472552237,4.4384398311407312,1.0908590096050601,0.2987392007391272,0.1951499574405941,0.4782608695652174,1,6
0.5570321023234619,-0.7395680686792282,-0.37782841181041582,0.82985619090935958,0.51345271436925655,0.2184147717446146,0.032464432699704185,-0.43520728612572612,0.89974478532113056,6.1911105158353124,-12.466495628753981,2.6084552206865275,,0.1658416830813009,0.25,0,4
-0.88911058110302355,0.42762133422551352,-0.16316362672432932,-0.41848703833872936,-0.90389778413076471,-0.088529060686158026,-0.18534015569520684,-0.010430261678704211,0.9826190697967303,2.9394338577497194,-12.441904096754314,1.6712497804039095,,0.353207762782254,0.3478260869565217,0,4
0.73280964290142514,-0.5991500371825681,-0.32250466696594421,0.67257234972594748,0.70965357640476423,0.20985289104524427,0.10313322284698213,-0.37068994380756609,0.92301273225516234,6.5632007547196078,-18.864366151861439,3.8243439465758868,0.2587854172788673,0.1836848369177352,0.375,1,5
0.021336178566881043,-0.94320696321160691,-0.33151982147874604,0.9900709773712526,-0.026148536463055642,0.13811485730352238,-0.13893965327182256,-0.33117499692757268,0.9332839300870488,-2.2116852021340381,-14.878474341988792,0.78916397838129571,,0.07718265729601434,0.3571428571428572,0,4
0.23383224759269239,0.96370435480326422,-0.12882700228979035,-0.96343358128514922,0.24749266117756558,0.10267968209591533,0.13083659441387696,0.10010643933569195,0.98633690307404998,-8.6706681005168651,-11.046645868164559,-1.6746286676353197,,0.1955104019981516,0.2,0,5
-0.75936415364719401,0.62077981234782575,-0.1949320567199789,-0.64264705382869824,-0.76244619832455574,0.07536948232361039,-0.10183735248413085,0.18250539510335853,0.97791662957390812,8.0850967406318457,-11.907712327540024,3.0308969228696463,0.1376641635805324,0.1149656013866429,0.45,1,4
0.66367244696313321,-0.66250912029252962,-0.34730469140393733,0.7439505083128537,0.6329855168201588,0.21416576915315347,0.077952064263958398,-0.40051342177901322,0.91296904364378795,-9.7321526773316549,-9.6973241127815211,-2.2382705565666754,0.1401468817558655,0.1312032032167953,0.5423728813559322,1,5
-0.76321570993407506,0.64043031860030164,-0.085736731494384461,-0.63747863129449744,-0.76798025522696189,-0.06186535560734676,-0.10546456633731704,0.0074387229445190481,0.99439523864921775,-21.760010991470427,16.80489717225791,-10.566889936356421,,0.5497307058229894,0.3076923076923077,0,4
0.92730265194348438,0.31561799649404065,-0.20123387385743222,-0.23738005425415235,0.91153331166129647,0.33579418037554748,0.28941406590018565,-0.26361392607538331,0.9201886743696891,-11.644779939884803,15.893382363585841,-7.6436782739708331,,0.243922412884889,0.3125,0,1
0.84802799594104028,-0.39263786732313111,-0.35592699145213025,0.51083721354107792,0.78438843576565742,0.3518239944897037,0.14104559320237078,-0.48017734950854063,0.86575738729573826,-21.355060239322263,6.6250246604449963,-8.4630332388032929,,0.5643373133172243,0.125,0,4
-0.69586991136846488,-0.62353195536713923,-0.35633266351553677,0.65795124649602899,-0.75239337125546901,0.031691830574328957,-0.28786320307807084,-0.21239612879443479,0.93382153583367911,-21.173605339769185,2.6614276183953303,-7.5447248696898086,,0.1157935428446909,0.1904761904761905,0,2
-0.8401648251959748,0.51027397244630457,-0.1836941467420341,-0.52172154164553031,-0.85294953754530023,0.016843971748636929,-0.1480867971374463,0.10998890600931394,0.98283912267900997,-4.603965823912894,10.841720974415635,-4.7339909004841303,,0.1155800823910077,0.25,0,5
0.20750782850051455,0.9772528765663101,-0.043787171110639039,-0.95830263071077604,0.21206579041782003,0.19153111628993999,0.19646009539803846,0.0022171552351033979,0.98050931415201581,-19.613176416803906,12.801471278398619,-9.2772967062994383,,0.5913760800714479,0.25,0,1
-0.056081872868048041,-0.92425563375635633,-0.37763255554208752,0.98851221993466398,-0.10456853811802258,0.10912841919363607,-0.14035104052145253,-0.36717426966700084,0.91950238777234827,-0.10387357266098225,-14.325132613404548,1.2335217855788116,1.019022621787088,0.5280465788786806,0.4117647058823529,1,6
-0.90607363268881236,-0.31274019997461183,-0.28499849028712482,0.30194807123152678,-0.94976881981497363,0.082259049270182433,-0.29640839128752999,-0.011521988852332224,0.95499178496321446,1.3477894976422182,-17.526041151685199,2.1346181020638579,,0.1258107737247782,0.3076923076923077,0,4
0.13012584436537808,0.973959922424671,-0.18565918813440496,-0.97578593710283001,0.15900155843826896,0.15020089669024644,0.17580975394030265,0.16161860636922576,0.97106660765094788,19.815525903928453,10.101001706105706,1.8269485551807083,,0.3217881434513449,0.5,0,4
0.89865906657242833,0.3895120069007148,-0.20172327220067943,-0.32524572773076588,0.90025984421984118,0.28939148135035303,0.29432481828764717,-0.19445464603717907,0.93571378742353628,-1.6067109025746271,-10.111509524466857,0.054733833612033503,,0.4577790074134676,0.8210526315789474,0,1
-0.40959457876780347,-0.86216620499464058,-0.2981639079586359,0.88070349286414606,-0.4589366062186358,0.11721155714952043,-0.23789417542453645,-0.2145847768078181,0.94729073407345221,20.359876790383353,-4.8117934361455861,5.1752040225586624,0.2853053388842169,0.2059256246714067,0.1304347826086956,1,4
0.79403753180117376,0.58817403152136893,-0.15347868495331893,-0.54309645921099525,0.79985333883527021,0.25550121789641378,0.27303961998871212,-0.11952382606815475,0.95454880489079741,-4.5409654609025871,-16.307749587498776,0.36543260281203627,,0.4928179242455346,0.2142857142857143,0,4
-0.95827359954588232,-0.090422434003263524,-0.27117428315071496,0.069291733312138809,-0.9938366211598384,0.086529914689639414,-0.27732717881227975,0.064129196708849145,0.95863292350174378,-10.940457914724043,9.3901049499021525,-6.131397744185664,,0.08615315365768683,0.2745098039215687,0,4
-0.36519681364482004,-0.79900516604406735,-0.47772589624026424,0.90548853026539955,-0.42403014463393496,0.016998764647222858,-0.21615228164763373,-0.42636742497125357,0.87834447118536885,15.618221263056618,-5.8020777085413187,3.9800004493085117,,0.3564733230719581,0.375,0,3
0.88615242013576867,-0.35092230346022291,-0.30263414417691381,0.42837942555601466,0.86940469322894898,0.24622458681410755,0.17670584610538695,-0.34783475433839328,0.9207529677533115,8.8193765760199057,-19.188359197545577,4.4826822674776032,,0.1874273387265612,0.2727272727272727,0,4
-0.90604861713700269,-0.24862778748721642,-0.34243266005645101,0.30900138311450726,-0.9415822764553855,-0.13394387592725573,-0.28912635406937054,-0.22717182913888351,0.92994564971736238,-10.619790432557602,11.486161821234063,-6.594490457346871,,0.3741897132725245,0.3333333333333333,0,2
-0.96007833752580873,0.069282758088584986,-0.27101565498198987,-0.093954150918098223,-0.99242691212871459,0.079129271498750556,-0.26348093543734363,0.10143334517949401,0.95931698262188547,-19.181962391081303,5.2116566176489201,-7.5885861642994916,,0.1929593191963605,0.2105263157894737,0,4
-0.73397146971653737,-0.5589612860858052,-0.38580845286158527,0.61367082666542883,-0.78919491825569088,-0.024072754291198064,-0.29102233272021755,-0.25442810704931462,0.92226478855119853,2.1664504040702091,-21.733464266196215,3.115883524466621,,0.7614529745787872,0.4166666666666667,0,1
-0.90893960831037457,-0.31417254456416815,-0.27408830819037189,0.296626973719394,-0.94926845229160395,0.10441189561529247,-0.29298673503532308,0.013602122113129065,0.95601974632711573,-5.6064896301441518,-18.268742261625587,0.35113103316704003,,0.09288389603936789,0.3636363636363636,0,1
-0.86858598116138541,0.41474171628214906,-0.27119679589782986,-0.4511908116022636,-0.88820216064297342,0.086739687311189556,-0.20490301329068442,0.19770237885389688,0.95860759674639895,12.869826379563362,-20.000233112560139,5.7409485247995917,,0.2037781664739673,0.2,0,3
-0.59379097824212257,-0.68838954704858035,-0.41657184935196345,0.75677746661598133,-0.65367094423773997,0.0014706058752888538,-0.2733132638211363,-0.31437895631481644,0.90910160688772645,1.6996449495506267,16.848937318112782,-4.3160906648881392,,0.2619332798176917,0.2,0,1
0.79960375250756477,-0.5277526535157967,-0.28655012769645521,0.58517975514027232,0.7919331359660261,0.17437477550662303,0.13490179075827743,-0.3071140583985858,0.94206287581252168,13.352553072015334,-10.200101441579374,4.2263699681698705,,0.07318170271885813,0.2272727272727273,0,4
-0.22866893889685527,-0.86389104583522458,-0.44877920775088093,0.95243855155134871,-0.29391262173215521,0.080474693570713948,-0.20142324072101433,-0.40903255580974612,0.89001182373336574,21.522566171190736,-8.2167511199577685,6.0863245723906116,,0.7459498662842652,0.5384615384615384,0,1
-0.95822375556434491,0.12762234633129285,-0.25596830075042154,-0.10410666211342927,-0.98917016769465915,-0.10346101800446697,-0.26640014484936569,-0.072490799828777791,0.96113268946822394,-13.819457567658356,14.19308532968212,-7.9504568105597633,,0.3681708740231442,0.2173913043478261,0,3
-0.32483137746146085,-0.80978102648315031,-0.48860952238406569,0.91910475128850255,-0.39209794605937337,0.038802794421542393,-0.223004556848935,-0.43647896838669731,0.87163930486222019,-14.048199138650682,-8.8881468343118719,-3.5332155551551963,,0.1622277532371808,0.2,0,1
0.89922852250037444,0.38213729826446163,-0.21297687573286214,-0.32372662431033372,0.90869000897251828,0.26359730709201168,0.29426032188256257,-0.16808793195426619,0.9408279917694351,0.074219665122388354,-6.9612041928852202,-0.012972107591048847,,0.7924444807985079,0.68,0,1
0.24676589565060814,-0.87973202485167368,-0.40642115741448259,0.96670546282154901,0.19415660979194133,0.16668460944272803,-0.067728434905348689,-0.43402163001914362,0.89835298395496943,19.517041396941242,-9.6505963374624208,5.791264560371439,,0.5434604769076806,0.4137931034482759,0,2
0.80014640257023051,0.59152696896359291,-0.099305485461093981,-0.52177026997398357,0.76810179293591863,0.3711811162490678,0.29584036206237219,-0.24518458490976139,0.92323507271844529,14.59816939435817,2.5180111728579484,2.1363074799061441,,0.2581701687420796,0.2222222222222222,0,1
0.22207702404270058,0.94598941694539296,-0.23619021660444078,-0.95523283950776594,0.25965357943415329,0.14181058145625988,0.1954789444371656,0.19412377936344319,0.96130325109581538,10.20982759430297,3.6341719246126831,0.79156483391161991,,0.0723440555073795,0.4736842105263158,0,4
0.96237438493330052,0.13571120369550607,-0.23541030651984643,-0.034468394722016182,0.92032022271051261,0.38964421904521995,0.26953195170431754,-0.366869400279703,0.89037035560988442,-5.9668652669278686,-9.408790738370719,-1.2324597239848802,,0.2840969382846319,0.1739130434782609,0,1
-0.36649462463060895,0.92899456591833285,-0.051485790380236034,-0.92692655019036652,-0.35976818192789561,0.10664907793545682,0.080553464662021887,0.086809859846132431,0.99296283292197784,9.5576973926587403,-10.744067528747271,3.299597512892305,0.4862262405866337,0.2033468525492134,0.1428571428571428,1,2
-0.12877235678914578,-0.90810655553644415,-0.39844719087816655,0.9757258912051453,-0.18779326124758008,0.11266177817663521,-0.17713459673054327,-0.3742675177219249,0.91024565905000321,5.9688193454912373,-17.212266751035173,3.4227782408552274,,0.383436640698067,0.1,0,4
0.86318887395679211,-0.40004494719460038,-0.30800812992723819,0.47380598603774593,0.85257817024437654,0.22049569432882371,0.17439281943934595,-0.3362655258078357,0.92547968139834125,-9.7128196243924716,5.9228510916328041,-5.1112968257736,0.4540159603727952,0.5897823627638161,0.471671388101983,1,4
