axis_00,axis_01,axis_02,axis_10,axis_11,axis_12,axis_20,axis_21,axis_22,location_x,location_y,location_z,dbh,dbh_approximation,score,reconstructed,number_clusters
0.13890243134382627,0.98969618911782709,0.034750076437658227,-0.9661014678355947,0.12771325917479814,0.22435970510958311,0.21760989962012722,-0.064736208389125624,0.97388662323225139,-0.2168081678449848,-16.49124817080882,1.6397468952680858,,0.3191450932147831,0.2916666666666667,0,4
-0.95301321042071274,-0.20385534626385746,-0.22407324374687945,0.18019795534665972,-0.97608419392656853,0.12160733224441356,-0.24350465632609333,0.075515853741865424,0.96695544787810539,0.9524774977089232,3.9523142464398813,-1.6817265928072553,0.4229061623677671,0.3819445757477311,0.9345335515548282,1,5
0.84519763493568034,0.50358511200260125,-0.1790055665851181,-0.4748749767745184,0.86128041150019297,0.18080323337666812,0.24522380457967771,-0.067809200964066299,0.96709213518262149,-5.3665005115548157,14.548767629936506,-5.0599412291172774,,0.1037323260225672,0.35,0,5
-0.6749183226715717,-0.66394343332112582,-0.32196952506712301,0.69653368063795351,-0.71727190166699861,0.019022376716738593,-0.24356947563095493,-0.2114240677613691,0.94655891211910226,-6.4790559109215282,-20.911966613010531,0.88724562450661382,0.2662168312044783,0.2885522352500706,0.3157894736842105,1,5
-0.91282881955190154,-0.32336385494833098,-0.24935790243831696,0.31514564322706079,-0.94620341794869112,0.073364265260524766,-0.25966665120974697,-0.011615040902616714,0.96562845912615181,-11.467584494540768,-2.43888315051713,-3.4554029486260518,0.5547183005816358,0.3950418205732237,0.1354166666666667,1,3
-0.3270921732920965,-0.82141062030789547,-0.46722082896254824,0.92149797896139118,-0.38681015061338497,0.034919652812145388,-0.20940913289807461,-0.41912110448872408,0.8834507993267241,5.5011691932178479,4.3276674857449118,-0.68138873264687716,,0.3650617058196897,0.3846153846153846,0,1
-0.30012979395377731,-0.85491291752587606,-0.42313828735846953,0.93125353579328674,-0.35868063176705578,0.064148705892541652,-0.20661306554466788,-0.37479608835016043,0.90379142134878354,14.351731329037639,-7.6102884199867997,3.4347455294772047,,0.2330389753800551,0.125,0,6
0.90543239782133533,0.3962093388107803,-0.15234937746716368,-0.32776515559039238,0.88060514284223734,0.3422054721663717,0.2697446491708666,-0.25990910380155585,0.92719204159912805,4.8744592635971253,10.928464306434726,-2.0424188961745866,0.4804368899175938,0.3121759319347669,0.2,1,3
0.969687512964169,0.11458785008960437,-0.21581416036304876,-0.077116598814800527,0.98159911980752168,0.17468886106542675,0.23186021087845682,-0.15275075320580658,0.96068103447838338,10.958768741186208,-6.1220780908229173,2.3844370864794167,,0.07608385939791869,0.1,0,4
0.34346690207073183,-0.85448354371798474,-0.389728573108374,0.93472671103723193,0.27072625199134848,0.23020267625776217,-0.091194642690530292,-0.44335670740146904,0.89169409953563938,8.8682320364002294,11.222510703901262,-1.149242697842292,,0.2550103236347366,0.2105263157894737,0,4
0.98585187566135879,0.035293532791692561,-0.16386105638028647,0.022015569303770802,0.94184841488865467,0.33531608681952652,0.16616676551950027,-0.33417948757338628,0.92774601918950705,-18.533640600198897,5.1384169702911517,-6.5467314068127154,,0.4754558800001989,0.4230769230769231,0,2
0.13317826124756826,0.97498382753719637,-0.17796091360743574,-0.9757784656389118,0.16043235400407854,0.14872069722833056,0.17355096290843558,0.15384406335516751,0.97273432521111658,-2.7629527035427355,-4.8667700382199408,-1.0125781102939502,,0.07738946776152941,0.2532467532467532,0,5
0.053688001145036628,0.98702073096135523,-0.15135281690660526,-0.98741798490286203,0.075052849536866958,0.13918618058833737,0.1487391058982922,0.14197586565649198,0.97863145869508406,-11.128352158328026,10.034453912686491,-5.6276375159799841,0.2313291151364399,0.1931332367773002,0.5714285714285714,1,5
0.92197563709214758,0.36457465511006854,-0.13056127090337216,-0.29064293117533524,0.87426006073124096,0.38883934056113273,0.25590547310743156,-0.32055368826700775,0.91200752287033249,5.5114264517987888,2.4762544312038601,-0.33401467147549968,,0.09158782771060414,0.2692307692307692,0,2
0.56877292276149638,0.80015394080261981,-0.19039704134093702,-0.78480380574162689,0.59724018007135016,0.16549064566252569,0.24613075554835345,0.055297724423151409,0.96765790073084068,-6.2868897382343647,-3.8871746834819789,-1.9289674704171165,0.270502704038704,0.219320442583836,0.8583732057416268,1,3
0.63974510279711694,-0.72665545396669518,-0.25039579602613593,0.76787656318588959,0.61828928834794372,0.16758263521027295,0.033042202664660549,-0.29948323347835215,0.95352923694474012,0.40795031991211644,6.870275626787266,-2.3880710131919378,,0.07886015975083299,0.296875,0,5
-0.78924992741671318,0.58090846522605977,-0.19907261765852488,-0.60740917168496344,-0.78615095380897171,0.1141086148291655,-0.090214467940015974,0.21097874976866252,0.97331871292005501,-22.99978373464997,-6.8761250793730717,-5.4066344905901245,,0.3525866410307318,0.2,0,1
-0.81259704318273096,0.57019289142626595,-0.12069014863541629,-0.57476808322608486,-0.81830740621184472,0.0038261525657526012,-0.096579997490665009,0.072477965657146037,0.99268285397648848,-14.368110152210258,0.73282263746424647,-4.7566164471376569,,0.1071035091541861,0.208955223880597,0,4
-0.92341429937394037,0.32408369292885653,-0.20561077717213402,-0.35000188684640876,-0.93088848117682221,0.10461985861327644,-0.15749511394226851,0.16857163340818279,0.97302563866241909,18.934200775506977,-6.6001105321224891,4.3378540874552414,0.2329478269592028,0.2215374613827863,0.717948717948718,1,5
0.10266662135174856,0.99270715872648507,-0.063182765635937652,-0.9897125904274795,0.10830668354847027,0.09348075014707273,0.099642125677569693,0.052935425868889198,0.99361425486882726,8.818594135881602,-2.4052555922089676,1.3093328233368244,0.6052900282170761,0.6026199951779294,0.2542372881355932,1,2
0.97193893679686716,-0.014133129256015793,-0.23480834268740869,0.10675815216443223,0.9159758397071317,0.3867699031973017,0.20961249982911498,-0.40098443327671335,0.89178141054024096,-10.150422427892909,9.0530970602058183,-5.2533285850425493,,0.1431540479519254,0.2631578947368421,0,2
-0.97458651182194767,0.00651770535798588,-0.22391661504138996,-0.028650093958705131,-0.99499435239572465,0.095736152088792617,-0.22217178734232867,0.099718394579322925,0.96989480805478923,7.7408215000604619,8.9195262369023744,-0.97558183204928217,0.1840718701476655,0.2091106145441925,0.2682926829268293,1,5
0.86293646858734785,0.47990609986730931,-0.15821120849088008,-0.4335431586471738,0.8639861658680037,0.25606295081275821,0.25957846746644442,-0.15237467144789457,0.95362517727297746,-30.279777954926939,-6.0286072044012258,-7.229121277659404,,0.565244089967065,0.5416666666666666,0,1
-0.14908071470196693,0.97692025399639448,-0.15297633096518823,-0.98137177614696824,-0.1272168209978117,0.1439629029901634,0.12117911324190833,0.17158874609609678,0.97768753941485498,-15.104312799161672,8.4107707747347469,-6.4241032702897831,0.4086089299387827,0.3694585722256941,0.7326732673267327,1,5
0.62007018616537923,-0.70027517222562641,-0.35373386520547162,0.78253528084892443,0.58430981216901556,0.21498971517192661,0.056138208517269694,-0.41011794226463744,0.91030312257900814,0.7246257214925883,-5.8537607950945425,-0.010418511723879193,,0.2067631060165006,0.2692307692307692,0,5
0.62103746477178157,0.77646014771570315,-0.10687425489399638,-0.74284651620375997,0.62659544689215174,0.23570574727392954,0.24998304085232492,-0.066990931799261619,0.96592996347711024,-9.6138489299224474,-7.6868671343190957,-2.0967725541651414,,0.1031146004399165,0.3095238095238095,0,1
-0.43716111830045085,-0.85953147131062246,-0.26475612641239638,0.86875337461197299,-0.47973248031910587,0.12298097994075359,-0.2327181358351956,-0.17624527554937833,0.95644125386764656,-18.401734629398319,7.7164456434842235,-6.9822699067596696,0.2186813813077488,0.2258123561807381,0.8783783783783784,1,5
-0.20592602472180482,-0.89216940749639484,-0.4020301240825212,0.95752172165749228,-0.26845363984175225,0.10528435690921606,-0.20185793245831823,-0.36327178748596434,0.90955317795080359,12.102601100751,0.67017011309194807,1.5458517723517138,,0.07655999186243624,0.3181818181818182,0,5
-0.96086329945044158,0.17907961182164578,-0.21135801948120866,-0.19224288871736478,-0.98039182544409886,0.043295962167268123,-0.1994602504430727,0.082233577279571368,0.97644930603743618,11.813674491127134,7.1944192964212332,0.31291235515632415,,0.1709289258488956,0.3666666666666666,0,5
0.90001708086812604,0.42116915046937525,-0.1121864556821482,-0.35292461666749969,0.855255637901843,0.37944961297543872,0.25576056986118123,-0.30191777113978685,0.91838564360200436,9.5377567389211233,-4.6164341306629195,1.8907674105086867,,0.2147040183551714,0.5535714285714286,0,4
0.017888690348327768,0.98538864313746533,-0.16937891466568564,-0.98906032505516417,0.042248948466860517,0.14133187805734454,0.14642290858807983,0.16499772219381867,0.97536459004387532,1.9196296851853518,-5.4254779047584805,0.26709605890759247,,0.06855807467051214,0.1568627450980392,0,5
-0.89638199128444696,-0.33384774356132779,-0.2916247757306295,0.3682481647239898,-0.92703994466107253,-0.070641561280940623,-0.24676429011982917,-0.17071211181930129,0.95392073045921977,0.70261790619056286,1.4726467663507601,-1.2891031606402614,,0.5262717028628223,0.2397476340694006,0,3
0.61075618889046901,-0.7524022283598093,-0.24671393250317886,0.79141404005315463,0.59001653049150782,0.15982587698338246,0.025311952487583944,-0.29286751357218971,0.95581793483660327,5.4191241852756997,9.3167361072228783,-1.5528226330343085,0.08728544293887949,0.08200168890867439,0.2580645161290323,1,5
0.97196204766711647,0.093038862376188552,-0.21594802148315925,-0.049858692778578913,0.9790532810156467,0.19740512578681674,0.22979096729235818,-0.18110340422046825,0.95624142784685962,7.6741743619975633,-11.013493956941813,2.5979491750724368,,0.1012980713667071,0.44,0,5
0.97294656775965549,0.038392451468350235,-0.2278179008659314,0.015483217407193042,0.97304283212118103,0.23010414345751143,0.23051083762684693,-0.22740639069261834,0.94612424512255688,-11.759366987685086,-0.82459995373216743,-3.8507792234234235,0.5758246142006419,0.5341941682293351,0.9632159747766684,1,5
-0.17285227891009824,0.9845304774413054,-0.028667554216949311,-0.98006185349163932,-0.16902649453226051,0.10444523673518409,0.097983942593256421,0.046149573511916543,0.99411737931622057,5.8839134197509839,0.40702066757284522,0.098798316219275553,,0.07489226371378437,0.3,0,5
-0.74749883374107973,-0.59898493539385955,-0.28716291669876309,0.61095720800164766,-0.78962948856437487,0.056714731599432133,-0.26072357689046438,-0.13305005810137219,0.95620128555271477,-7.9279544999503333,8.4352128095233958,-4.6035754243863876,,0.09478193313560188,0.2,0,4
-0.19805186831734434,-0.91083227789376187,-0.36216021178874763,0.96428468889259233,-0.24734461912816641,0.094740055708548418,-0.17587068039706291,-0.33046210211642046,0.92728868365869255,-16.33318319393026,0.86147791472339152,-5.1941653595981165,,0.1281531021906552,0.2727272727272727,0,3
-0.26590986207447936,-0.87747717792383184,-0.39915629454432899,0.9452879437963162,-0.31852870595084748,0.070499409916753297,-0.18900436123238853,-0.35857114455586953,0.91416852151396577,-0.98949305358506479,-18.863363103804076,1.8738191393266557,,0.3662118334346037,0.3076923076923077,0,2
0.83389890993150861,0.51948036446289814,-0.18642091876325698,-0.48644393473884145,0.85134978989356291,0.19640731555616819,0.26073915388916141,-0.073100521104033755,0.96263773427156052,-10.67003016872091,-11.605364662527659,-1.6163449982046021,,0.06811521492123548,0.2,0,1
0.40436888037526481,-0.82867467957846985,-0.38701948789379498,0.91211199386404074,0.33421938876580165,0.23737967651502503,-0.067361110690211376,-0.44899407078327253,0.89099203428989582,-4.7774534866908711,13.214327237349156,-4.6745659944576374,,0.3335226297739318,0.2,0,2
0.3826241326274627,-0.86303933456632353,-0.32979066106000887,0.92144809172135322,0.33045769336990943,0.20428197951780624,-0.067321522518110674,-0.38204819052569089,0.92168703621233983,18.422826078504073,17.831739034792534,-0.12624537280799605,0.8929403797182459,0.3902373291314721,0.7692307692307693,1,3
-0.97645313735894168,0.15188130811764616,-0.15320358607536216,-0.15595193361855247,-0.98765314632822554,0.014841056181743644,-0.14905792478936794,0.038383991356132949,0.98808319703608871,-13.903385087465294,-2.3555466380908636,-4.0460261732493619,,0.5361673771724638,0.1846153846153846,0,3
0.84318560345798643,-0.48753025153134466,-0.2266104409840278,0.52524805074086156,0.83693783291800494,0.15378409873403479,0.11468445105644051,-0.24869523049768727,0.96176824599982802,2.7820425814765226,-7.5308912087509103,0.81387766675570017,0.1405528816238988,0.1210575341740844,0.4794520547945205,1,5
-0.6892261264718208,0.71927980470629049,-0.087200396388607229,-0.72139327546834853,-0.69245450407563713,-0.0099248120592194677,-0.067521024116174014,0.056065339801379059,0.99614134989732206,10.789352180475051,2.1097976463034809,1.0071863138133728,0.7226355735624204,0.5011843515526095,0.2857142857142857,1,3
0.79124383112774466,-0.56270448620408831,-0.23936762710960383,0.60477821026432166,0.77798362276139499,0.17024922644329202,0.090424090218112207,-0.279472975296089,0.95588615430258139,0.68373731671754356,-4.4418119072064721,-0.26335065631862425,0.5314480556273645,0.593595672069279,0.8466666666666667,1,2
-0.24113225899619803,0.95490059239198155,-0.17326307258280108,-0.96551197889851148,-0.21797724351390538,0.14238166986504749,0.098192933935544707,0.20162038577366662,0.97452930575001551,-13.281107073769419,9.4286878205134581,-6.0969992855212025,,0.1146851587132088,0.5135135135135135,0,5
-0.9714902490400269,-0.04539767095066008,-0.23269238812733353,0.034548915712059043,-0.99812679900916879,0.050490251760420976,-0.23454864835097025,0.041011517552576045,0.97123889285014064,-8.7333125732105774,5.8609074868656021,-4.3578895378971039,,0.07849229390474641,0.3235294117647059,0,5
-0.25694518720766663,-0.93200153766012706,-0.25564096809779324,0.94619079699708164,-0.2964512945446976,0.12976750610534571,-0.1967286111597526,-0.20854199519984637,0.95802301109588328,6.0690402393850897,-2.1980914618993337,0.67304649346354706,0.4523424028333551,0.5934808711522674,0.7469135802469136,1,4
0.22461460133471683,0.9667073259854887,-0.12257743166354489,-0.95552145158317314,0.24317427821744744,0.16686828931168221,0.19112047622280032,0.079644311155338043,0.97833008093841223,7.6630415038376745,-1.6637019203059245,0.94288961617263722,,0.1008371226251632,0.1929824561403509,0,1
0.054640403459017724,-0.96652489427254862,-0.25068716572907135,0.9896666857635783,0.019089488577117914,0.14211066995690008,-0.13256801046847871,-0.25586172081283126,0.95758054618038591,-5.0727497443919543,-7.2813893780422001,-1.1384256475666921,,0.06781061070206454,0.3555555555555556,0,5
0.44669523878005374,0.88348094127373777,-0.1411551984777733,-0.86543300977525117,0.46669233961014983,0.18227442426339663,0.22691202974408153,0.040739250794207593,0.97306281616458157,5.0297041066634467,-0.87409780783223023,0.13146401672904112,0.7263082278600739,0.3544641359337105,0.8603603603603603,1,5
-0.9616073999377337,0.17436034172035678,-0.21191904024922267,-0.19986318934265943,-0.97413692706750088,0.10541324807284133,-0.18805827269963851,0.14372097466496128,0.97158549161181984,6.3788924331993746,-6.6938887913267475,1.5101918884035042,,0.07348224950941688,0.2682926829268293,0,5
0.97488993438493499,0.035112283117464775,-0.21990166759080473,0.0017821628984283702,0.98622919935138542,0.16537469649897768,0.22268012872805076,-0.16161402761209967,0.9614023436359278,-7.2887726381332021,5.7851387993952734,-4.0382400591088752,,0.121567733845361,0.5806451612903226,0,5
-0.89408519680227838,-0.37386015889864627,-0.24665814895784366,0.3669092569437099,-0.92719733237696433,0.075383711782155388,-0.25688374418799897,-0.02310169736879876,0.96616616249516551,-15.989738396720712,-3.0231669522696585,-4.4277004170892811,,0.05923819603634146,0.3571428571428572,0,1
-0.86553458381584514,0.47444509622489711,-0.16047347097536069,-0.48486832999487861,-0.87403442496401695,0.031089010048529698,-0.12550930956191786,0.10471711725390559,0.98655042373277735,-15.925812287593471,-0.094897880647571528,-4.9332792730419364,,0.08249987623615979,0.2121212121212121,0,1
-0.97738756922735359,-0.097685694479194674,-0.18753944815414872,0.094391507002544367,-0.99518404235427771,0.026437950926413777,-0.18921887571178989,0.0081379934576238794,0.98190121200498059,-20.123900242497339,10.688629452885891,-7.7319704432083824,,0.1550319741022483,0.2777777777777778,0,2
0.95826631715598598,-0.17205308433489885,-0.22830550053634852,0.21259766786319223,0.96280545299678666,0.16675698275869885,0.19112272764754143,-0.20833481670258891,0.9592021200591998,6.6408470132162494,9.7389592113622854,-1.4047269199381056,,0.07193188558598826,0.1739130434782609,0,5
-0.19337972768101935,-0.95016164132312464,-0.2445345298320081,0.96346142760492526,-0.2309852104837001,0.1356020282122668,-0.18532770553669106,-0.20937690392196368,0.96011194850629722,-4.1391296831830582,-7.1954352823659704,-0.94189134696558452,0.6428163720119673,0.4261157726714859,0.443609022556391,1,5
0.65846383099860539,0.73062047599579949,-0.18060759486331149,-0.70713686884527305,0.68275148415073217,0.18386913718640746,0.25764865997389019,0.0066431126471477751,0.96621583358378804,10.108048347205466,-0.37400216843245337,1.2197568175592186,0.2056167183540319,0.1869861645780204,0.5,1,4
0.9218353856507272,0.36088129638137922,-0.14136552509105824,-0.28400419628913098,0.87714927015324329,0.38723477937783113,0.26374445634428084,-0.31681831984866021,0.91107903825954195,-4.8554265720687235,20.244900286077943,-5.8668730598349583,,0.508778592562854,0.3666666666666666,0,4
0.7877848457324419,-0.56085712398679943,-0.2546258496452572,0.6095069889136745,0.76945565615353417,0.190890606575391,0.088860943612473042,-0.30557696196963335,0.94801184223284396,13.771312670286333,-4.3265517035994741,2.7487880727612843,,0.2530750814219003,0.6481481481481481,0,5
0.030686094097313911,0.98945704448478666,-0.14153840732636117,-0.98764037873587174,0.051791055851949444,0.14793298761332674,0.15370376026472224,0.13524956063948015,0.97881699537110267,-5.9206729751839244,-12.065334469529201,-0.51932986569022066,0.293132303432655,0.2604760957013114,0.8633093525179856,1,5
-0.95922145953829596,-0.1051334093683802,-0.26237598555470448,0.14960524175255221,-0.97641006466252678,-0.15569732581480292,-0.23981756232891341,-0.18860103886326055,0.95232199645829718,-9.6302377539497428,-15.25053693576753,-0.75132064785995301,,0.3031951353297705,0.2258064516129032,0,1
0.85796302459751206,0.4685622635699484,-0.21059167500567522,-0.44307085947902186,0.88240940251857114,0.15824620004075815,0.25997627180958344,-0.042462353974140374,0.96468092475748934,2.4651881657852042,5.214147486124511,-1.571840232776933,,0.09710161880514276,0.2380952380952381,0,5
-0.83603670458909995,0.54160963582033461,-0.087758936675194771,-0.53730324016365671,-0.84056445857351603,-0.068968246988346346,-0.1111209102258979,-0.01050682490452489,0.99375135217064825,-19.426133317172074,-6.3130317271139775,-4.6332436056543456,,0.4602431167321013,0.15625,0,1
0.97366091791845599,0.17426760841812899,-0.14702114669126812,-0.11321108123021503,0.92924145243819833,0.35170097264186445,0.1979082312711509,-0.32579306887466702,0.92449510992127537,-21.6153416004965,-6.7514067841126,-5.097106016968791,,0.2949943858785025,0.2857142857142857,0,3
0.9433106961907981,-0.21079629719712317,-0.2563783367213639,0.28979057947252512,0.89966436275023387,0.3265355332061004,0.16182197162625669,-0.3823204879223665,0.90974979747939111,-16.558464411177447,15.797014214018164,-7.7081023777953668,,0.6752554933701621,0.3783783783783784,0,3
-0.97969354216973836,0.04029904241421451,-0.19640914085502342,-0.044511419879823474,-0.99886288619583063,0.017078292678619548,-0.1954975624686742,0.025473942785361619,0.98037328671673563,6.6509800757060287,-16.758458601866725,3.1957702323757551,,0.2788037478441833,0.8888888888888888,0,4
-0.9708182646680007,-0.062528277854546704,-0.23152129806036773,0.04112053691798237,-0.99451543933736497,0.096167262429505782,-0.23626467876216684,0.083840654745494389,0.96806494936097043,-14.162362646805249,4.4377245323407761,-5.4598820996025372,0.09657834207998563,0.1073159568391527,0.5,1,5
-0.53198996796831155,-0.72761901834054421,-0.43307878974872127,0.81467813434777092,-0.57925983742086118,-0.027524137893708896,-0.2308380631453775,-0.36746238569450851,0.90093572673248468,-0.5546870575020828,-17.86189145979138,1.7713535410657471,,0.4038661512440052,0.2631578947368421,0,2
-0.038248695352180312,-0.93287182652143308,-0.35817201535913246,0.98092778243214951,-0.1034094871649012,0.16458178397695913,-0.19057209385584861,-0.34504584223963441,0.91903517005419333,0.83288072495883292,-7.7313709301766016,0.33233219416641779,,0.3014752514642731,0.4202898550724637,0,5
0.94069922895512026,-0.24429464151871821,-0.23538285572335829,0.30674467765915842,0.90886394334459009,0.28261994836865389,0.14488845147568324,-0.33806280572308234,0.92990369179588483,6.4975234944729818,13.89340336050528,-2.1667645740206529,0.5652031784887532,0.4792224377281202,0.44,1,6
-0.82629579803525066,-0.46159429525551071,-0.32274751856034234,0.49383761580328511,-0.8692994355904996,-0.021045201347756826,-0.27084989083811151,-0.17677442651472317,0.94625109710022293,10.001674801855785,-26.698433184204482,5.5974775661368872,0.3685248668059822,0.2441641123415717,0.5,1,4
-0.079231052503577967,0.99217346870853207,-0.096510353382711717,-0.98867593492666661,-0.065834228119140942,0.13485455166526503,0.12744542367640355,0.10610213192409254,0.98615414696948145,8.2977342815615582,6.2913502780718824,-0.32556099797908022,,0.1735338588370112,0.7647058823529411,0,8
0.97074026959519499,0.10640229257271637,-0.21527164495473458,-0.069161236768617115,0.98237021008347503,0.17368216278358378,0.22995663137835901,-0.15371181631812864,0.96098523672806668,11.64516169694191,-2.8570666110073724,2.0951538076322742,,0.08174514066074644,0.1111111111111111,0,4
0.82392553054089146,-0.49798594250846817,-0.27047499179566153,0.55882921388158524,0.79323182972051975,0.24185362108251626,0.094109669191852485,-0.35041870010344572,0.93185304892048904,-18.729235722813208,-0.22471492885348857,-5.5114351697999542,,0.08004174048239301,0.4054054054054054,0,2
-0.77897160723829839,0.59330189775536057,-0.20296820745247512,-0.62163340778254828,-0.77314719212810568,0.12575899821914441,-0.082311247379924651,0.22413450743764252,0.97107599142932521,4.3843679101174642,8.9252469798710585,-1.760044931252883,0.4759364171787859,0.2065914742909865,0.7142857142857143,1,5
-0.0014419821927147865,0.99945775127607395,0.032895654751503849,-0.99061547294745544,-0.0059235628089282216,0.1365499767877624,0.13667079221415834,-0.03239004195463361,0.99008685464343604,0.30166821105777558,17.328074448786811,-4.2622246759571158,,0.6358272666358528,0.3684210526315789,0,2
0.66988881086868968,-0.68763295521883183,-0.28001767795971066,0.74167882262958629,0.63707766449046721,0.20986799058017747,0.034080861722130894,-0.3482714003537854,0.93677399972452779,-13.761277672910257,14.33548809289174,-6.9217629067680422,,0.3792108240556449,0.5416666666666666,0,3
-0.19806895816149009,-0.93817175293104071,-0.28390570585164582,0.96245691295988134,-0.24099216619907177,0.124897824346205,-0.18559466185361689,-0.24850862728078141,0.95068295643630019,6.4728667901214862,6.7172230903291448,-0.82272747087574893,,0.08872975795166708,0.2222222222222222,0,5
0.59916060394708837,0.77907305919677916,-0.18453113317684938,-0.75901310388745491,0.6260651656896119,0.1787218969157672,0.25476592944287424,0.032978428461809491,0.966440243600864,9.8772250742105285,7.5653207906186868,-0.23603781459955422,,0.202352691299133,0.2592592592592592,0,5
-0.90065816441985447,-0.33956205030603892,-0.2711318587990289,0.34087590049128003,-0.93908900935887174,0.043765888150827846,-0.26947818339916957,-0.053004212033864337,0.96154670306675794,12.515810685313335,-8.0575763479025699,3.11976309554437,0.3953073693071688,0.1690232322535394,0.4090909090909091,1,5
-0.50988260753632653,0.84098695403980395,-0.18099908747507135,-0.86022889274112746,-0.4972132130055677,0.11307198108308221,0.0050969231237515695,0.21335408115977531,0.97696164583218825,8.6094804327990904,-22.792722633253145,4.6624460729244532,0.5168730691110457,0.5439448714994253,0.9324324324324325,1,5
0.73138371435143612,0.66007016554107889,-0.17142123247740013,-0.62848123552611512,0.74996292800063002,0.2063175785440752,0.26474364765384983,-0.04316228894875395,0.96335238508016352,8.9490965952355062,-12.52504150401896,3.0555336092642778,,0.1807737378360119,0.1052631578947368,0,7
-0.94282502842032068,0.21020887572840663,-0.25863718670991864,-0.21662258075643159,-0.9762480907866592,-0.0037845398434495996,-0.25328960359763159,0.05245849597922745,0.96596712309941091,8.4314362550403086,1.7628886530702423,0.48985536464217949,,0.2217671496952931,0.5342465753424658,0,3
-0.2353694722798978,-0.91692732104490737,-0.32225067795133089,0.95193505004360857,-0.28436192480963079,0.11383301901045487,-0.1960124282211593,-0.27996889762966864,0.93978537142417418,7.5423256046218237,-16.872154827435676,3.4757279471671412,,0.2799941543494695,0.5416666666666666,0,2
-0.93151446186913744,-0.23019689502967289,-0.28158515026071496,0.24725140180495098,-0.96859975851629876,-0.026100806647584702,-0.26673498389626032,-0.093935601988094752,0.95918118780812023,-4.7862552051669383,22.466706792252012,-6.188539894120094,,0.5106786535923143,0.4117647058823529,0,3
0.57644695359991438,0.79990031706347153,-0.16693828933810959,-0.77309439456030948,0.60004042483756992,0.20561261065454003,0.26463931451091133,0.010534292691244713,0.96428992626320054,-7.5075767379501706,-8.9689990369257551,-1.3279249895702534,0.6109679751517624,0.6163571539804518,0.3181818181818182,1,3
0.32992671913015398,-0.90269847101088119,-0.27619527591656973,0.94118598651496699,0.29194689044937433,0.17010570814875514,-0.072919810695454917,-0.31607354142914046,0.94592823069014109,-8.2821406150663783,-14.248173875933906,-0.68982765330332851,0.4310615389751039,0.3041123217255937,0.7831325301204819,1,5
0.92168839274184566,-0.28946674091905839,-0.25826248776516508,0.35017170282083865,0.90730320680448628,0.23276741495718392,0.1669439583468286,-0.30497523969003498,0.93761389598677447,22.302988846988395,1.6715462350144303,3.6273763193970754,,0.1505584640598486,0.44,0,5
0.94070446061959223,-0.25062171670714872,-0.22861293245388209,0.29577596161515596,0.93596903658372754,0.19099356818269478,0.16610749020147011,-0.24728671147332093,0.95459812697683322,-0.22759873361512692,5.1828938251122931,-2.1870863144113346,0.1665868620613635,0.139374313508277,0.6628571428571428,1,5
0.87057944990900338,0.45535633092301969,-0.18639214920286321,-0.41147657992822384,0.88149774297614081,0.23162200521224566,0.26977480528527675,-0.12494935380503179,0.95478228587306535,-2.6179609136440947,-18.202229987744566,1.3490869306149049,0.7001871574931776,0.6869169606268176,0.8205128205128205,1,5
0.97386510817235705,0.086150754982983649,-0.2101542255114229,-0.046683045855903577,0.98144000213567917,0.18600057913225468,0.22227785385426882,-0.17132883477039254,0.95981195348993253,-10.058707643030063,5.9375842260098937,-4.6522235032563701,0.1493410625893059,0.1143798931486332,0.5283018867924528,1,5
0.93843409254946031,-0.25288550654094305,-0.235351597662735,0.2979453594529694,0.9372841632581691,0.18090594264941978,0.17484283434362452,-0.23989022049046715,0.95492547635494751,-9.6964461904052737,12.612994536934147,-5.7405165490377801,0.2672045247249044,0.2595902192001941,0.7058823529411765,1,5
-0.79170638676111693,-0.53159523296392419,-0.30101080620417636,0.54900797675987645,-0.83523898752535031,0.031081749816487588,-0.26793887104278769,-0.14064971385558983,0.95311406420042799,-10.273669059240172,11.653128104368236,-5.7785027355457563,,0.1386009592494039,0.4482758620689655,0,4
-0.95542038594953027,0.21543684245660216,-0.20188821913222335,-0.23515705421180405,-0.96873176721359888,0.079119675464733308,-0.17853023824125175,0.12306798975991783,0.97620757215357401,-5.0303377861172782,6.2293577276742189,-3.5558836145021986,,0.1719533205034511,0.5242718446601942,0,5
-0.88694161540711403,0.43324313025719308,-0.16010921567470007,-0.43600836934770448,-0.89973560816956732,-0.019301224067244795,-0.15241808527131739,0.052689899190329209,0.98691058450375224,-9.0671116747444458,3.9521116221339674,-4.0742527808307267,,0.2294483565926531,0.4857142857142857,0,5
0.29927582811959547,0.94150580791298211,-0.15492189118860974,-0.932447169698986,0.32302812482486243,0.1618490231434396,0.20242592329956877,0.096018978531632881,0.9745789354064972,12.88284870403643,8.2934892712623505,0.31698959066923954,,0.1158654893950168,0.4736842105263158,0,3
0.92282635630394649,-0.31056049651404377,-0.22791159276292633,0.35150778160871132,0.92091393229413443,0.16840370772366781,0.15758742202125756,-0.23552007836171118,0.95900807979348612,2.896994482752318,4.1508346613221532,-1.2977073637219676,,0.07916123019761352,0.391304347826087,0,5
-0.24481897098698852,-0.87880078398252082,-0.4096008465769797,0.93947517068934605,-0.31944809131354429,0.12385201094191946,-0.23968745295299868,-0.35448850337893872,0.90381846953304956,6.8595985542324467,-8.4831721518327434,1.9477625470824067,,0.3673081900917715,0.2857142857142857,0,3
-0.85222413698754174,0.50739862958139692,-0.12751725779187575,-0.50949253679858653,-0.86028508821782823,-0.018080982732797915,-0.11887546122888606,0.049560041252636744,0.9916715318232423,-12.837322796524719,7.375778816586589,-5.6031828232262706,,0.420817358830092,0.1891891891891892,0,1
0.95993341634798945,-0.16033605278637125,-0.22982642658181249,0.21696883562224525,0.94429421155488213,0.24745295793882052,0.17734813375732614,-0.28740353547030434,0.94124749521683426,6.4067160407866544,21.626077345006347,-3.5307865574461594,,0.2003992071638726,0.25,0,3
-0.96954316460365098,0.1334840018915005,-0.20534866254584894,-0.11379382666128535,-0.98794772489258886,-0.10492977600919742,-0.21688019039119372,-0.078366536982240373,0.97304761902863324,5.9367433520937292,24.02067951004576,-4.1054080181007437,,0.6024095503283297,0.375,0,3
0.44249632131456934,0.89635453060590664,-0.027304964481529654,-0.86738402633403511,0.43552842380298545,0.24074871322655964,0.22768828798080604,-0.082846529933071816,0.97020332714045954,-13.753463513858108,7.5710573888144177,-5.9265153988706798,,0.5738358748594224,0.5409836065573771,0,1
-0.69525314358755641,0.71387547008660179,-0.083695158403892869,-0.71874013475599619,-0.69146751198063472,0.072700058914980561,-0.0059736942131095941,0.11070001392927933,0.9938359129622476,1.7453784333698488,-19.822515100259412,2.6276196249798311,,0.2970705094552834,0.1111111111111111,0,3
-0.65079530696963739,0.75869742224268588,0.02904634070927355,-0.75836905562525581,-0.6477158430519373,-0.073079149759530421,-0.036631187482162104,-0.069587413673894816,0.9969030785195846,-8.4372676047889339,20.598193709938645,-6.6902182700758956,,0.4411275400350534,0.2142857142857143,0,1
0.50696378168884748,-0.7812388986535963,-0.36421629190119909,0.86177875750936461,0.45054440379823985,0.23312467332246248,-0.018030450947188519,-0.43205962949181603,0.90166478216798318,-6.9743031284613579,27.003248037236393,-7.2268074605983443,,0.218256807629612,0.1875,0,3
-0.62301399309144545,-0.70773508402711538,-0.3331135170619543,0.74112079554490395,-0.67029472515265776,0.038012469577912468,-0.25018699171447978,-0.22319505431271414,0.94212018177470525,-14.134122495891942,10.446777906717129,-6.424744008576158,,0.121199029366031,0.2727272727272727,0,2
-0.31606988327043778,0.94301288569395536,-0.1040505949265608,-0.94749856746229721,-0.3081540878677948,0.085366988861395557,0.048438554337492584,0.12556972384108628,0.99090158487519175,-5.6529218497647182,19.718021057409981,-5.9761626757275987,,0.1661445720868058,0.6190476190476191,0,2
-0.39411236087950263,0.91463983146286243,-0.090052349794833064,-0.91900984551072051,-0.39114707724576564,0.049242946870146721,0.0098158472046833666,0.10216625012048444,0.99471890827508269,-1.2687982206023605,1.6205887147301226,-1.7594859242331278,,0.5642178996491126,0.3663570691434468,0,3
-0.42984724994317192,0.88784985251629267,-0.16417667648935744,-0.90290077699309113,-0.42293009838169487,0.07681353258458587,-0.0012363743631436878,0.18125333450628853,0.98343566139772809,7.8677996608189895,-13.570166249863288,2.9982507498822777,1.058387813909091,0.5473391355358788,0.2631578947368421,1,4
0.15839882830736857,0.96927128885596814,-0.1882099354187865,-0.97109513650578283,0.18740255974259137,0.14783273134438146,0.17856104571173503,0.15935322149682299,0.9709389804477504,-6.9732260583579126,8.4072821547242835,-4.3731231057906657,,0.08851524547577122,0.3793103448275862,0,3
0.64873850518056153,-0.63400662122541196,-0.42092036793012166,0.76019922768629666,0.56544088499870271,0.31995896580193367,0.035149482517526594,-0.52755303981137491,0.84879461830558811,-7.3028930324577583,23.873860060666409,-6.9137820190944961,,0.3610967847259416,0.25,0,2
-0.82178096434626036,-0.50405877316011294,-0.26570811022332835,0.50642947609325006,-0.85983826101646044,0.064864093581160479,-0.26116131486505911,-0.08125834167955566,0.9618689357316007,-22.066092082637578,8.9256244432493297,-7.9084956413695604,,0.3801629905705977,0.2777777777777778,0,2
0.82595473612152459,0.55997165073644151,-0.065042480348820458,-0.49695813606796263,0.77772243467163371,0.38494210682163921,0.26614166316884352,-0.28562136646254388,0.92064599610588127,-9.8053855827274443,9.8714561398014613,-5.3327810429074427,,0.1205019767855153,0.2631578947368421,0,3
-0.3016557978112242,-0.82279081572055501,-0.48168356128559836,0.93110804822471249,-0.36288658045217159,0.036757751004314054,-0.20504044034784746,-0.43741125190560987,0.87557399146407222,-17.970182087606318,3.5064564799108844,-6.0773301686176291,,0.3133867487250788,0.1842105263157895,0,1
0.96345139032159366,-0.08518803162071098,-0.25397719928366885,0.1874681232606718,0.89165489758771344,0.4120767481537454,0.19135600656501311,-0.44462854482863839,0.87503619118014631,-7.4342851115777737,-0.55074519041877401,-2.866838676517157,,0.5530620972739646,0.293859649122807,0,1
-0.52320941408200294,-0.71922691177972609,-0.45712641401232118,0.81806536204242264,-0.57418183502539155,-0.032928464180289899,-0.23879064563413235,-0.39118776782853387,0.88879196545590022,7.5578611500284625,-4.1754635862245744,1.3296058087022828,0.6224904760820061,0.3404812527257604,0.22,1,1
-0.19044324985682556,-0.89426640406051916,-0.40499255197180783,0.95902719534738579,-0.25762289835949731,0.11788672879072297,-0.20975749609512415,-0.36594813950820815,0.90668834338066984,13.181259051187045,1.6823609042140408,1.5981986943047548,0.9191627549517482,0.5405766416476802,0.6041666666666666,1,3
0.89345886825692955,-0.32187391977531266,-0.31325457778223098,0.41708134431928645,0.8533662444389527,0.31274463236477029,0.16665654188739462,-0.41007710570164024,0.89669524612629814,9.901082467193147,-10.19092362352284,2.9038472364220493,,0.2404065047709418,0.2,0,2
-0.28380568418213326,-0.91798947069458459,-0.27703729950999173,0.93751063176203087,-0.32630471913978726,0.12082651033718944,-0.20131604247816315,-0.22543416325167367,0.9532320226890979,15.32060294428795,12.160731985159387,0.21667570260971677,0.3761613740951643,0.3066973479347034,0.6551724137931034,1,4
0.83235791048437235,0.52313876378855972,-0.18304683191977245,-0.48905831780805525,0.84864972042208942,0.20153315809132422,0.26077244991916404,-0.078227142663433571,0.96222567182229668,-2.6862675001359642,-2.4196089063569293,-1.3898188027053953,,0.09622420503245219,0.3658536585365854,0,1
0.75739229937937791,0.64212585530383737,-0.1184537495866375,-0.61044957465913519,0.760720557654472,0.22058003073793717,0.23175034334235481,-0.094755575625837501,0.96814934759494431,19.954275336422683,11.752427190951698,1.3901561634465138,,0.3485071562460245,0.3636363636363636,0,2
0.089518058891726218,0.98714164652522784,-0.1324306868807972,-0.98232926753248706,0.1094494850459394,0.15182233159935923,0.16436461687767387,0.11649969922124706,0.97949583602995194,11.556593701691616,-0.4782707345451091,1.5479087504049933,,0.7100115443269931,0.6341463414634146,0,1
0.21602293635828851,-0.88969544619828644,-0.40221400271643282,0.97077873796564007,0.15161768938013503,0.18601268284949685,-0.1045118791381225,-0.43064380789819862,0.89645032089790522,11.471719754360368,-4.9122574002650534,2.4274265159946422,,0.5902173836065946,0.5476190476190477,0,2
-0.18347834978972091,0.98233211466943926,0.036868843859131042,-0.97682577879761012,-0.1863982557424706,0.10520022876689636,0.11021385137487755,-0.016712472744411906,0.99376737731718889,-1.3533652772350064,3.4400739064073438,-2.1416671712657682,,0.5055958280936084,0.3348214285714285,0,2
0.96993027411257549,-0.065519219482191832,-0.23439815536464528,0.14054271341254215,0.93706092801590068,0.31963191782520506,0.1987033192137064,-0.34296362644517137,0.91809201165734611,12.158561620883436,4.5668929781642369,0.8440945226691392,,0.3164473099206052,0.3333333333333333,0,3
-0.0062740799898372722,0.99996749308829946,-0.0050644532759071305,-0.99886516247499579,-0.0060278878322428831,0.047244595056821354,0.047212531324662639,0.0053551223127599598,0.99887051190378717,8.9230586940134877,-10.465580951034413,2.7199818053877554,,0.5074383698690467,0.1607142857142857,0,2
0.80209560609840402,0.5580961274804519,-0.21253552919207991,-0.53706517623769479,0.82974018437603092,0.15196125461578708,0.26115825690643535,-0.0077420231822074425,0.96526495115415778,-6.9569659877524304,-6.0048297011697143,-1.7871408783330163,0.3636909208664507,0.3163351360537516,0.9569160997732427,1,3
-0.49096674209275526,0.84636265261273469,-0.20645076512612118,-0.87102784127772248,-0.47249471320234704,0.13438469300817724,0.016191290186277144,0.24580277919129934,0.96918462424036456,17.163579406025562,-1.5788512807230324,3.0702797358601717,,0.1026253465231213,0.4705882352941176,0,1
-0.19042173254669054,0.98161226631941056,0.013301217432535352,-0.97730133302546662,-0.19083218189916804,0.092006428135477186,0.092852938782585603,0.0045207259233118165,0.99566957109101406,-11.694265532317811,18.053516199456482,-6.9945870436458781,,0.3068037329832959,0.1538461538461539,0,2
-0.9607288922290449,0.19961616361932372,-0.19275212802522917,-0.20377863617539071,-0.97901531855571955,0.0018092738153320683,-0.18834612572295931,0.041016987397228429,0.98124581205221229,11.310999660054065,24.160892258138613,-3.0787563665989688,,0.2066763940423451,0.6,0,1
-0.50704515471999545,-0.8251122757909064,-0.249188569990937,0.82869869951997377,-0.54617585526129631,0.12227183053956536,-0.23698876869776012,-0.14450490465290047,0.96070529094117951,5.7177348182315146,-27.33281614406167,4.7201063506454402,0.5528159290758832,0.5293654815799124,0.8571428571428571,1,3
0.96191595391434837,-0.052910132788577834,-0.26817571749385538,0.14746044109258807,0.92652801738418034,0.34612317361731082,0.23015889276286611,-0.37248671231392227,0.89904423318974491,17.33566624324942,8.6617751941342647,1.3321908323057357,,0.1699400543677008,0.2352941176470588,0,2
0.77127331112399122,-0.57304605339191428,-0.2770481911866356,0.63085172702144721,0.74609131715136212,0.213011372901551,0.084637923308012133,-0.33906631676310356,0.93694741302530438,10.331219555790423,-16.29038158575732,3.9939773359687338,,0.1008063511279396,0.3157894736842105,0,2
0.96597584182526752,-0.13167782383640136,-0.22260194006269729,0.16986453262502285,0.9720402111765809,0.1621230039564755,0.19503003247205189,-0.1944190797362709,0.96133475328235851,17.079742113874051,-4.6165005552484448,3.5985448054445919,,0.111015801128948,0.425,0,3
