axis_00,axis_01,axis_02,axis_10,axis_11,axis_12,axis_20,axis_21,axis_22,location_x,location_y,location_z,dbh,dbh_approximation,score,reconstructed,number_clusters
-0.71744909481137908,0.68515153090411418,-0.12583392250932224,-0.68336240365435441,-0.72728849028442599,-0.063775208126227875,-0.13521324500978593,0.040234706405656795,0.98999926604739186,-10.526554720962841,-8.7889997112012992,-6.3417236708214118,,0.4152989942151363,0.1333333333333333,0,1
0.93318614132974009,0.22852177622989198,-0.27738317075634972,-0.17475187216947183,0.96294701128721838,0.20541381800229261,0.31404682581324661,-0.14321609979939248,0.93854341399579144,-31.542436825015706,6.5862327028845629,-14.774865258083956,,0.2893555913675942,0.3684210526315789,0,2
0.036161323348633742,-0.93959576168432946,-0.34037062640380833,0.99373384752849669,-0.0022367576152195938,0.11174988676317152,-0.10576104656198547,-0.34227883595135705,0.93362722726466041,-30.749115973151277,-3.1019164639808472,-13.129054958840641,,0.0852866180559172,0.3333333333333333,0,1
0.74314059096357199,0.62846846531065681,-0.229716020713359,-0.59775573271338067,0.77780360084995459,0.19418970753655668,0.30071605555839842,-0.0069961857402439133,0.95368805555825531,-2.5993313328275316,11.964474712878827,-7.2074546537673001,,0.07847548903696307,0.2727272727272727,0,5
0.68078898127835508,0.70954844293199171,-0.18184435680758959,-0.67391157035051064,0.70401825241510385,0.2240569026254092,0.28700097267725178,-0.029988454431154634,0.95746077427910448,3.6684553144595906,8.7210877296354248,-4.8807590458209189,0.1930660639832428,0.151767025084718,0.2702702702702703,1,5
0.8423491399997447,-0.41809448247873932,-0.34006606720242955,0.49486344139930905,0.84995143897276204,0.1808112987469683,0.21344343678859032,-0.32059250632066838,0.92285553808974274,-7.5863953487344524,-5.9211632998318731,-5.8770833897961392,,0.1335141075402585,0.5806451612903226,0,3
-0.3197670632722433,-0.86701948710998789,-0.38213379099181843,0.92514721762701713,-0.3727851030186215,0.071651187599259522,-0.20457676056491295,-0.33061832365876115,0.92132506375211398,-35.142293722164318,-4.2051568880976298,-14.233994216072457,,0.09841472590612123,0.5,0,1
0.54821168747095073,0.82976767347833247,-0.1046401154940569,-0.79019531541604959,0.55487931206415009,0.26019283721452935,0.27396224049088175,-0.059954625289233392,0.95986985247566003,-3.8061832515013063,-13.332636978083778,-3.717680779578306,,0.3438243326528186,0.4516129032258064,0,3
0.23676214044469826,-0.90733025270570034,-0.34741258091361082,0.97096819388518052,0.2084124857800673,0.1174095491615758,-0.034124116331360491,-0.36512470239081946,0.93033300295572674,-22.837707225356812,0.68766166502113246,-11.249637292347375,,0.2721521533780686,0.8761904761904762,1,3
-0.27247424536977133,-0.9155086847526438,-0.29597573169545183,0.94294160081295553,-0.31526313637731945,0.10709945050202845,-0.19136071453272302,-0.24990598829163771,0.94917230993613877,1.080444942160139,3.0687164707367027,-4.7865015765219887,,0.2413324564926408,0.8618881118881119,1,5
0.30804898944584136,0.9228019247185909,-0.23139236771566177,-0.92976507160488087,0.34355258429131746,0.1323198150328507,0.20160042590472499,0.17437955603344485,0.96382002402555023,-24.716470749048728,13.951301761858891,-13.851030318601838,,0.3431563016755163,0.4482758620689655,0,1
0.90902347918638926,0.33435025021636133,-0.24876942028338156,-0.27102087323087415,0.92774789307591166,0.25657656394608974,0.31658174388465238,-0.16581241531762309,0.93396051435030658,8.9134053494310947,4.4624949187375513,-2.6787560915857727,,0.3690897299109715,0.941747572815534,1,7
-0.79635456779896396,0.54116708494299726,-0.27010662435420774,-0.57993196224139931,-0.81001445881642353,0.086922354312209404,-0.17175075404948381,0.2258644785765041,0.95889880373311476,-9.5502887859275916,-7.720953920727025,-6.1898406499703409,,0.09242998879212026,0.4489795918367347,0,2
0.26101610467012248,-0.85929324537648299,-0.43987010759221684,0.96501821047534164,0.22060505764141233,0.14168013973030777,-0.024707216634134537,-0.46146346225176044,0.88681510274285091,-4.9853766918040288,9.3883960623074731,-7.4276242759368607,0.6370745267524761,0.8273416242926417,0.5221238938053098,1,3
-0.89260992069678613,0.39744328486292074,-0.21280593222711033,-0.39588034439916603,-0.91683952435368521,-0.051807716619311474,-0.21569951875717278,0.038001603917208797,0.97572003961569032,-8.6326264331252158,-8.7555051095036553,-5.7616156549012336,,0.1648308396547883,0.2159090909090909,0,4
-0.82023681804425752,-0.4568738342112032,-0.34420613291716107,0.47729824414714006,-0.87828311151528915,0.028375379487863953,-0.31527440184494754,-0.1410144518841141,0.93846522359708906,-10.785061993182946,4.6038906388901912,-8.3829519691067684,,0.1352424245299218,0.2,0,4
0.47839980765787227,0.86234175710774752,-0.1658321982644913,-0.84405695575769979,0.50366006584821277,0.18410430062010469,0.24228388198548156,0.051896358428088631,0.96881643695384756,-0.66899066613820446,-3.6397131010751349,-4.2070301205038749,,0.08052194569623665,0.2093023255813954,0,3
0.42620163629053753,-0.84481182956482304,-0.32348900731030239,0.90441046026786254,0.40576947656851475,0.13188195950692805,0.019846525674327983,-0.34877514893215961,0.9369962704867123,-9.4341873804029799,-12.918662722876942,-5.3969870602913668,,0.1918090905966512,0.704225352112676,1,5
-0.70349467032158575,0.67863708642648357,-0.21106149283016315,-0.70075365766993791,-0.71186672789434402,0.046798215555759866,-0.11848864963078436,0.18082440831805197,0.97635186959676556,0.24361994668654025,14.509137838979127,-6.8183295181876016,,0.1988889101721746,0.8461538461538461,1,6
0.1233037021390431,0.96244670121128173,-0.24185231933212722,-0.98146142786934665,0.15430621611112713,0.11367962558933127,0.14672989689722593,0.22335160397227774,0.96363084132853571,11.148084872838176,-0.77393336961793835,-1.1787486300174481,,0.4727273542695031,0.924901185770751,1,5
0.68618064609227236,0.69246930625514791,-0.22280570195331006,-0.67007753125514413,0.72090688391301849,0.17688800647255343,0.28311167944011856,0.02791996814713265,0.95868047458121308,4.8315440275174559,4.1565713056914078,-3.853089924387862,,0.4946901052342746,0.8580931263858093,1,5
-0.43102269067059351,-0.79417406547739844,-0.4283771630820033,0.87835337748081976,-0.47800582380646589,0.002403471477004497,-0.20667555345304114,-0.37523057728576059,0.90359682905302219,-5.4471212555638111,11.239044857771006,-7.9340059001809395,,0.747147365368655,0.5428571428571428,0,3
-0.9534433414435598,0.11480156407659686,-0.27886626820486482,-0.14147243442172777,-0.98691096222383856,0.077409966678768746,-0.26632939183599402,0.11325790713228454,0.95720494227531316,-7.9609150438775469,12.809123669633831,-8.877342289801323,,0.1229912922227739,0.375,1,5
-0.31721036554818338,0.94200975706149159,-0.10952260766497869,-0.94835517105119527,-0.31505972785846148,0.036875973508636847,0.00023136388099976709,0.1155637723627137,0.99330003573343995,-1.1950523352955338,12.303209511579905,-6.9485874796620699,0.3416535110112107,0.2475528144766642,0.125,1,5
0.3214619675315612,-0.84580574288076305,-0.42576384151388202,0.94681000435455709,0.28017041359607886,0.15828883409617223,-0.014595173341243129,-0.45400130468460398,0.89088147149877139,-27.704173281165357,5.4047861122867769,-13.438296593434114,,0.5481539046006441,0.2307692307692308,0,1
0.94707443692417059,-0.040777499913851246,-0.31841357764005906,0.18449561565602374,0.88085771614803843,0.43594845074408434,0.26270016887788789,-0.47162154255635791,0.84176109548273337,1.6857000224028662,9.3726190138993015,-5.5757833055678825,,0.6027540222154204,0.2727272727272727,0,1
-0.87130962630543252,-0.36999525217176871,-0.32237097958382827,0.38058814291018578,-0.92418872486909409,0.03206035403756223,-0.30979380333322309,-0.094756077352258397,0.94607033841102384,0.74768955890468292,-2.363406787598537,-4.0378502107224925,,0.1670735910079363,0.2418300653594771,0,5
-0.59770065928374116,-0.68478225510307877,-0.41692587469204079,0.75555579962399499,-0.65504388079282794,-0.0072765301083122166,-0.26812190426432314,-0.31935994947991458,0.90891136373238268,0.24814401803460098,-16.295763812762559,-2.1118875675678193,,0.7636515913054498,0.2777777777777778,0,1
-0.40816486488343795,0.91130162478576737,-0.054136787284672465,-0.91189735880145883,-0.40978531536360452,-0.022786011570153263,-0.042949389816489818,0.040066744005125082,0.99827351259022168,-28.509547049586814,-0.53322431575958917,-12.776510879439771,,0.4204633067281844,0.225,0,3
0.53292331115763714,0.83694115305480188,-0.12458832508738062,-0.80496827548568606,0.54683444301148776,0.23021330847263344,0.26080417919653859,-0.02239638943255149,0.96513189868225002,14.440877807130814,11.20735247742294,-2.1574951834278209,,0.5888925518840686,0.4516129032258064,0,5
0.88163913620847167,0.42952220505317706,-0.19550731155595291,-0.36419348433499515,0.8827118180973812,0.29695614517829322,0.30012587271595825,-0.19060567031825809,0.93466247328595142,11.682723134062702,8.5350025749977139,-2.5371391858784347,,0.3253069583333955,0.6,0,3
-0.45001202729545858,-0.83055929624086045,-0.32811648955411804,0.86136526803104663,-0.50066088023280919,0.085956721868110902,-0.23566724490101362,-0.24394658930264851,0.94071834852328151,1.2237782271544893,1.5079428545940328,-4.4507494138860757,,0.0759289852181585,0.3285714285714286,0,5
-0.77799481857353736,0.56356929205586892,-0.27769356370714693,-0.6056890998687412,-0.79022667426508475,0.093180027796398238,-0.16692745901415579,0.24068954346126076,0.95614003529581737,11.863133467953713,0.129766501060911,-1.0595506654096392,,0.07576422928247778,0.3243243243243243,0,4
0.89715650613708642,0.35228627862556228,-0.26646684857229153,-0.30290872504149607,0.92974537850380834,0.20933187871068548,0.32149106953324719,-0.10708832356033275,0.94083770288366209,-9.6569486773951621,3.330241796846571,-7.9185396578128371,,0.3383981865342361,0.7136150234741784,1,5
0.94667515164592642,-0.12251808242090226,-0.29798569887843535,0.1806538854175658,0.96765977516184665,0.17606457115860574,0.26677768073754121,-0.22050822890230598,0.93819283201624881,-8.1895005722534826,6.2644551887225246,-7.84719079322692,,0.7451883784748604,0.9620253164556962,1,5
0.22311773164691018,-0.92216589655271186,-0.31595654299265635,0.97366103318758668,0.19522206444029117,0.11778173885518761,-0.04693261421248749,-0.33391376849540622,0.94143450379321536,3.0074567197862931,-10.848652235650508,-2.0196786742838051,,0.7762753397654332,0.6914893617021277,1,2
0.63515209560047658,-0.67520923059200133,-0.37506574140766846,0.76453344717910243,0.61866622244100333,0.18094395086606552,0.10986547955916319,-0.40167723377600106,0.90916718829228449,-4.5730574360021796,15.193094477795434,-8.2834053104160734,,0.289876827876983,0.2,0,3
0.54090092983307669,-0.78177423058624063,-0.31025028041406494,0.83844773739087086,0.53037535837114302,0.12532905049034918,0.06657008164216037,-0.32791924558338215,0.9423573592890242,-5.4262480284679828,-4.0060694820408704,-5.5883463900414343,,0.1010839671769485,0.4441624365482233,0,5
-0.18654572899641791,-0.93562209632783444,-0.29968647593160341,0.96795597738184336,-0.22723211688887412,0.10689616880394393,-0.16811280987466495,-0.27014229198203954,0.94803018160749242,-2.8600339927988041,-2.6986203052928035,-4.9436105435005846,,0.3509802263701339,0.9636447307869305,1,5
0.88082548101265168,-0.302590730147755,-0.36412267442097074,0.4218290255653635,0.850786745990601,0.31340418956564853,0.21495754275997764,-0.42965190896279459,0.87703619761969898,-36.36931186357824,-3.1451338663237229,-14.675443319308599,,0.1596799723156263,0.4444444444444444,0,1
-0.78981529955695551,0.56165596009040408,-0.2464434520953718,-0.568117167204086,-0.82135508087721809,-0.051173386102385789,-0.23115941882986726,0.09959123260661884,0.96780520223551858,-4.8784273042516828,7.4214309074106302,-7.1298729010395032,1.020166802067308,0.4066710125954041,0.1772151898734177,1,3
0.35536203416272355,0.92090945548960013,-0.16013619036801624,-0.91171029784211299,0.37927194550407695,0.15791492697715478,0.20616051388270015,0.089880844140465668,0.97438148400522284,0.30196292925134816,12.629061876492541,-6.4870195640520691,,0.6112793175016935,0.3050847457627119,1,4
0.60544485703599737,-0.66768411852156151,-0.43316791543551197,0.78438093936331732,0.59278733060931399,0.18261906426384991,0.13484460334837717,-0.4503344296666309,0.8826187367174172,-26.309608188022136,-5.8278756090576183,-11.375208117190983,,0.5170667798811065,0.2142857142857143,0,2
0.84600239991305859,-0.40612859814043417,-0.3454554980222953,0.50278626293606621,0.8233038279402688,0.26339472413411386,0.17744270383459351,-0.39652284760324552,0.90071289442556735,-22.202413584303585,-0.33654054183238868,-11.033814850959541,,0.2841250509598378,0.1388888888888889,0,2
-0.10450295570711109,0.95398314037761744,-0.28106102562208346,-0.99089335811694301,-0.075748900924214879,0.11132141235405631,0.084908686765288885,0.29013492013894732,0.95321154159386967,13.456526284323212,-4.8889222126501704,0.21193923639257797,,0.07002870091028578,0.5,0,1
0.50579615801664368,-0.77253227312958606,-0.38388036353639821,0.85961782968409528,0.48865876851099793,0.14923067662689624,0.072300991866008094,-0.40547070785760825,0.91124424368258261,14.84938934809211,2.5183255155446163,-0.54158993839848757,,0.2470466252205658,0.1428571428571428,1,4
-0.68050895206537199,0.7127818181820873,-0.16985183492658312,-0.72794683811180549,-0.68411334001006108,0.045632651723333792,-0.083671781634634498,0.15469653418650442,0.98441252291342252,10.202343871958432,-4.041838817568463,-0.96045954801480171,,0.5735629274532575,0.5365853658536586,0,5
-0.44399997754882559,-0.75480130073057539,-0.48284471246154859,0.86774653434176885,-0.49653129920620986,-0.02173984927372026,-0.22333824588389065,-0.42863931845320297,0.87543609852546189,9.5860556636539709,-10.352405931382551,-0.13652465212282625,,0.4086398316969346,0.2857142857142857,0,3
-0.95360456870304122,0.1978967353031913,-0.22688148603406899,-0.19224277411827179,-0.98022215717911443,-0.04698125556470923,-0.23169169676101886,-0.0011852136786464924,0.9727885448135879,9.6026310349496047,0.65918636647587092,-1.8384894377118439,,0.1794774535073175,0.3061224489795918,0,5
-0.22411955568757236,0.96435820662253424,-0.14065444919437936,-0.97364928421908603,-0.21532179189544651,0.075123879523060821,0.042160361692785475,0.15378483428057241,0.98720450193829146,-9.8949362058585475,7.0450946972203852,-8.5011369182182843,,0.08664506256558963,0.2727272727272727,0,3
0.38782696094407426,0.91724012423336043,-0.090888958962311861,-0.8947365619842782,0.39832343746751953,0.20195277619436811,0.22144239208750663,0.0029989432185884837,0.97516884349641431,-11.212520981361781,-14.149561340518536,-5.7942944678106816,,0.453438397661699,0.5,0,1
-0.52129669539963985,-0.76387257145971688,-0.38045821050009732,0.82269498787897954,-0.56831537879215943,0.013805330388341502,-0.22676576523854317,-0.30580438976549296,0.92469506482728325,-6.9813318805904041,-7.5217908325205087,-5.3876058528936532,,0.4921675938998886,0.1964285714285714,1,4
0.73023120995210633,-0.5995047407044638,-0.32765293510780052,0.66853593760999785,0.72585168510182074,0.16186114839197369,0.14079090927969753,-0.33724382441746947,0.93083001818617528,-10.619218351953796,-17.267897510729256,-5.2049731278451397,,0.133422146556974,0.1363636363636364,0,1
0.29886341982372977,-0.84509137217323815,-0.44328459139656545,0.95425710766418237,0.26046423214805992,0.14680516422766432,-0.0086039969581014914,-0.46688216548704931,0.88427767968351967,-4.3033296096908931,7.2150047683047456,-6.8896223852962493,,0.1245311056255311,0.2173913043478261,0,3
-0.26297162682449471,-0.82491351666041324,-0.5003634813975032,0.94591775743913153,-0.32255267584125635,0.034631885148957389,-0.18996188998481725,-0.46419549905034224,0.86512254566321456,-13.411355185896872,9.0864913757455366,-9.870579221757799,,0.5000723883863651,0.2181818181818182,0,1
0.039135228879842263,-0.91187272633238525,-0.4086031874957245,0.9889339018347707,-0.023216035669919834,0.14652901927478329,-0.1431019624686509,-0.40981599121912854,0.90087328835897063,21.102026094295667,-2.3849763986350676,2.0656148957661964,,0.1961587712656054,0.2068965517241379,0,5
0.69932673409503177,-0.59036006835760824,-0.40301006025752983,0.70363624482117682,0.66782153782147524,0.24271470617932003,0.12584972766728869,-0.45330936821398321,0.88242419659453453,-3.335907565846981,14.77455579264193,-7.9067797729305695,0.284013169537715,0.09888373360087738,0.1923076923076923,1,4
-0.86305606056375106,0.44817377800565572,-0.23296888425778611,-0.46166063035091115,-0.88704845496245488,0.0038080090234310538,-0.20494803904448528,0.11083908722495155,0.97247673392989775,3.3285918347841461,-12.998493496209091,-1.6343953489152794,,0.2395929836425808,0.2758620689655172,0,1
0.58280675832378825,0.78881244717280696,-0.19522091495883673,-0.76236269374455412,0.61392412694134657,0.2046956021653927,0.28131726864638945,0.02953116226214697,0.95916031236534294,1.4976426171078991,7.0731660834948302,-5.2393347075744066,,0.2169402565569421,0.375,1,5
0.88755037536910064,-0.34994701354669883,-0.29965216316909216,0.41412930387373159,0.89099402337824285,0.18608215921283477,0.20186939058517006,-0.28925203199631805,0.93572539301377,11.852936298067545,10.151966933309806,-2.7825586654387835,,0.1388728622346291,0.5172413793103449,1,5
0.92488323830999108,-0.19728805884755241,-0.32506678902863834,0.30702349747117835,0.89180481931441424,0.33229615743813617,0.22433806519133098,-0.40713828864864821,0.88538739906464703,3.7426577679064041,-5.6874481951649276,-2.524207992346053,,0.1004162799491952,0.4,0,5
0.52521417283988092,-0.69023521455225978,-0.49772022386087139,0.83171210780721294,0.54009520274837863,0.12865512696768636,0.18001400605231641,-0.48153143257754621,0.85774264034430114,-11.393069857970293,8.8627092133061964,-9.2365948963902227,,0.2846847875399996,0.2727272727272727,0,2
-0.52749856100766257,-0.77391517536337473,-0.35042912190216752,0.81057494900090155,-0.58199698169313763,0.065174882832770425,-0.25438852212124879,-0.24966941070615048,0.93431882415512324,-17.373088975051196,0.263547788853357,-9.6890987049870798,,0.1595811835063258,0.3564356435643564,1,4
-0.77397380540999638,-0.4773369898950281,-0.41606964154708964,0.53511717190902375,-0.84435459117436673,-0.026738300074181071,-0.33854713241623846,-0.243340753760488,0.90893955612681987,-12.625914439506571,-0.11966286310402305,-8.26065777208178,,0.2465904887259198,0.2641509433962264,0,3
0.10523229617580679,-0.92286366940809883,-0.37047106705947519,0.99012694155711678,0.062543124899542321,0.12544718861158083,-0.09260023458024591,-0.38001448026939594,0.92033373910840821,-23.206982090124818,12.775011271279016,-13.275374452442188,,0.2936739802353761,0.6875,0,2
-0.84316011868672391,-0.38977900808905297,-0.37034219191081141,0.42851404309003116,-0.90318894394153471,-0.025008926734490684,-0.32474101855297716,-0.17978335961620673,0.928558675838143,10.841594377253623,11.363567279318424,-3.2726712996907938,,0.459290860706553,0.3703703703703703,0,5
0.62690644557316233,-0.70256812081016229,-0.33672888815796703,0.77878067825021557,0.55283392357142058,0.29643769688209809,-0.022112523215537163,-0.4480766547923532,0.89372162765994223,-8.1504135066774577,-17.381946013322853,-4.3702872175684657,,0.494639674795937,0.5301204819277109,0,2
-0.94756059002122972,0.15466580036557248,-0.27965589290393444,-0.17895764913630333,-0.98181421620464826,0.063364064532356545,-0.2647698775431746,0.11008785153562492,0.95800708603331508,-1.15697118836835,-13.137674517819734,-2.9460069836026772,,0.07543935401318036,0.3,0,5
0.82692845424944483,0.50239853857883932,-0.25255700343975862,-0.47317095032740458,0.86437545636185409,0.17018907780905687,0.30380681907897428,-0.02123155371334973,0.95249705396291495,-6.953856145620863,-17.218750347918238,-4.0790340374625931,,0.2048106724695027,0.3636363636363636,0,1
0.79596117677097378,0.58220527450343185,-0.16577944207214226,-0.5254153304738749,0.80045711858598956,0.28845646432008465,0.30064020951362413,-0.14249708644529974,0.94303236677126057,-30.309578850902341,4.3768634428666031,-13.999708158088451,,0.147924432834886,0.1111111111111111,0,1
0.22438099789129801,0.96267054761885729,-0.15138885207476427,-0.95777709123345622,0.24651037128598766,0.14797189042796152,0.17976710292399284,0.11179469395125174,0.9773360400142117,-10.737668448611606,-18.386255158200676,-5.0843413379560207,,0.5687452654103868,0.8055555555555556,0,1
0.9603634284818926,-0.026744468596013156,-0.27746498632083533,0.084731016862390096,0.97629548712508518,0.19916770973392595,0.26556117942193624,-0.21478327499763311,0.93986456724643086,1.5038389147074747,-14.137714151224058,-1.9790352223400203,,0.1461593699153427,0.4583333333333333,1,4
-0.91849944023181684,0.29695893740000745,-0.26110183414158089,-0.31673536521931578,-0.94782216260908825,0.036219559445383277,-0.23672238321127523,0.11596782987229438,0.96463152328828883,1.8190882358786178,0.48812803142407657,-4.1852771577224637,,0.09847265842601551,0.2481203007518797,0,5
0.1492009369403427,-0.91000719199555846,-0.38681518963515682,0.98654550621065529,0.11055505156986574,0.12043896690002798,-0.066835952837418319,-0.39958039377419741,0.91425842316030725,18.860901350057425,16.727851337603255,-2.0002553892901034,1.686085935683063,0.8561660588921522,0.9444444444444444,1,5
-0.62196097476038448,-0.69283237937123099,-0.36489428601981777,0.73006003119457785,-0.68157126356378539,0.049728900412521031,-0.28315525198605418,-0.23546529846001749,0.92971995595117274,9.9592589940937408,8.8304999451516863,-3.1191206513534575,0.113141660139377,0.226918307375702,0.25,1,5
-0.85610613389250334,0.45636885561047863,-0.24250722698594632,-0.45263537983579877,-0.88859337794922044,-0.074317034290236395,-0.24940629589594018,0.04614408189113918,0.96729893170306491,4.4490347656514473,1.1542484991509168,-3.4660000910544388,0.2035015613747939,0.2279766594331235,0.3186813186813187,1,5
0.9359519482808728,-0.19539908437274067,-0.29293881329645122,0.24970161412731853,0.9548641131244886,0.16088390027966046,0.24828019335309501,-0.22372689443443894,0.94249839378922606,-17.016975764972063,1.9533039803025234,-9.8308274396417978,,0.1000376787382038,0.2542372881355932,0,3
-0.090858231391434771,-0.94286389825659345,-0.32055023187139031,0.98567367666637873,-0.13107161270631548,0.10614911902389999,-0.14209920800414386,-0.30631340438666282,0.9412650601066892,8.1573349022046937,2.9466694938976015,-2.6228911960552974,,0.1535942392528107,0.5571428571428572,1,5
-0.93400092405005786,-0.11416102573585275,-0.33854029904366967,0.18195980987738519,-0.96746965568708521,-0.17576431069503268,-0.30746203255528165,-0.2257647570540012,0.92439027094043147,16.903658885739674,-8.6111877922056994,1.7315501392246642,,0.4535026935174137,0.32,0,4
-0.19057350410497478,0.95514445813762927,-0.22667334122504626,-0.97999218862402759,-0.17159994111258201,0.1008403215288755,0.057419942259111956,0.24135559719868419,0.96873651006443795,12.226090728870588,-5.1209022360726539,-0.14637940593810519,,0.1262518843748063,0.4583333333333333,1,4
0.68844902413082931,0.70018050154439715,-0.18916978202224921,-0.67962524801939228,0.71385969345009359,0.16886047590220113,0.25327349531265264,0.012312730175507689,0.96731635634250313,12.216503365556202,-2.3720802383610144,-0.63095429758002874,,0.3357855253174,0.1666666666666667,0,3
-0.73933154914991217,-0.56591874307509549,-0.36486276415646335,0.60619396100133016,-0.79529985306071571,0.0051985928020876915,-0.29311728382527852,-0.21733412055613349,0.9310467968716627,-26.364587910629616,2.2047665024746905,-12.568402121481112,,0.4375393004300575,0.6190476190476191,0,1
0.52201486762902305,0.85125528425367147,-0.053524938154607918,-0.8099515949553131,0.51440059750756006,0.28172759735817332,0.26735536613952116,-0.10371338541416045,0.95800033501159909,-12.455454960134356,0.7622093675276973,-8.3148462303820914,,0.2241560356790132,0.296875,0,2
-0.11003439283048308,0.97299366531065556,-0.20291811072391777,-0.99057373373995661,-0.090595382946713016,0.10274314874102855,0.081584988931234337,0.21231063057246008,0.97379057590788787,-3.2232998035298079,-10.937217708728959,-3.8346791294162008,,0.09994393544886822,0.1142857142857143,0,5
0.66394859745683599,-0.61888394264454871,-0.41970814320410837,0.73925333351134814,0.62774910952958629,0.24379410242491922,0.11259115785647206,-0.47213739633876839,0.87430515848357471,4.2448153478443862,-3.640680643291287,-2.7671761916285456,,0.4827479441298542,0.353448275862069,0,1
-0.10725942580069114,-0.92666966416737628,-0.3602481770791211,0.98383320726242374,-0.15119127376908092,0.095986556474420587,-0.14341421081831587,-0.34412865653416108,0.92790507698112867,-9.8064837455202607,-12.063824484907043,-5.6570217316349041,,0.07779789976428388,0.282051282051282,0,2
-0.57530135223468859,-0.72273582274715154,-0.38298992758940414,0.7632540795477738,-0.6426877065601182,0.066300240498629578,-0.29406047706317096,-0.25417600664597245,0.92137017179572667,-16.8732268619469,12.860912653943769,-11.445436552930882,1.089982973521788,0.4780099026684252,0.547945205479452,1,4
-0.42762863279780572,-0.82476129613244742,-0.37000345513711747,0.87127598344923862,-0.48512187243240368,0.074397107149678801,-0.24085662348385092,-0.29056079103967919,0.92604671244724712,-23.788962930177878,8.6749129133045422,-12.817035284304268,,0.1136107916269666,0.2727272727272727,0,2
-0.94265711208366243,0.22092373443041757,-0.25018048006071142,-0.22388067596245925,-0.97446915177452809,-0.016950373754703409,-0.24753790006518603,0.040032184616257273,0.96805083142682546,15.764991297902693,5.8100456418432129,-0.83819483265405292,0.674779164629339,0.3550786521687889,0.7142857142857143,1,5
0.64666533656582204,0.72652762383079761,-0.23233930854461063,-0.71079255158019772,0.68448145755299628,0.16204654542518943,0.27676324015722259,0.060355166116093685,0.9590408556577632,-7.5495873364409283,8.6279383212747049,-8.0977728887216411,,0.4938690372992997,0.8867469879518072,1,5
0.90983507333322466,0.33350356908823936,-0.24693219461652147,-0.28474106195306753,0.9346111387993109,0.21313035182745432,0.30186531263224836,-0.1236017339589581,0.94530415443484317,-0.96122606288553614,-12.102261922237576,-3.0566579044547391,,0.07994436623495627,0.1785714285714286,0,3
0.75587282319082971,0.61008306815105073,-0.23760245183273204,-0.58337736351950575,0.79232910087835129,0.17856496754496556,0.29719880029124551,0.0036394857747575156,0.95480868620302173,-0.066722594922053888,8.7816125805167697,-5.9604280952224622,0.1170801087234117,0.1320834177811047,0.3709677419354839,1,5
0.67181236618157636,0.70837123619590481,-0.21651405583887126,-0.68216054141438787,0.7055891239988541,0.19183582520415618,0.28866094363931766,0.018819665906069885,0.95724640495143321,-14.48987540002301,7.533184808237503,-9.922946082177706,,0.2352856596238934,0.5333333333333333,1,5
-0.90204532525246928,-0.29997487245208992,-0.31036962977636862,0.29561699392562663,-0.95328046725353466,0.062184754202771711,-0.31452316940496411,-0.035657070129715654,0.94857985918805032,-24.171316140492554,-3.8854911874490359,-11.05126507977886,,0.08427662445906514,0.3870967741935484,0,2
0.69285529803892831,-0.64302281918230808,-0.32630229847524045,0.70999470352771832,0.68739144937959828,0.15297227292030013,0.12593274769485296,-0.33766055341222811,0.93280560339621288,-22.10073765041729,3.9473479731400314,-11.600925477055814,,0.4295235458144204,0.8,1,4
0.89257628570009451,0.36003233287520175,-0.27144850983246482,-0.33257900897789727,0.93219776754466677,0.14282340484675859,0.30446473850530781,-0.037202707820552405,0.95179681736057276,5.7270200632522341,-0.25314343967254271,-2.8510872796699487,,0.07463814845488673,0.264367816091954,0,5
-0.49973950942639472,-0.69059354693978481,-0.52282021349924224,0.83007614078453928,-0.55427129075100257,-0.061293855723578497,-0.24745509333717824,-0.46461154653575321,0.85023648922352402,-8.2808132399401906,-19.233610331597628,-4.1555374743930438,,0.4955197976065069,0.3611111111111111,0,1
-0.70866124680925258,0.68760168015739143,-0.15812389672496804,-0.69634942020035273,-0.71770291360643579,-0.00011308167790443941,-0.1135637365420348,0.11002934720139684,0.98741927290135778,1.5275393964971313,-12.119042906701821,-2.3174545014860226,,0.1108112989528432,0.3076923076923077,0,2
0.42605489014005482,0.8858558810393915,-0.18367522591702301,-0.86503902625083351,0.45834603670975826,0.20402547315339462,0.26492397711561605,0.07196018802352111,0.96158047904939503,-4.9980972126522545,-18.437463708984364,-3.3746703179904487,,0.1973859325369675,0.3157894736842105,0,2
0.54690014785500096,0.82494572086442131,-0.14270524133211754,-0.80283903282063263,0.56511141757910388,0.18999624496648918,0.23738095049057478,0.010660363465444283,0.97135814249687291,-8.8824164047735579,8.7973861618478946,-8.53857785942329,0.552902854864829,0.2277385668656531,0.2641509433962264,1,5
-0.25168565684783573,0.95450896143978714,-0.15989675627795766,-0.96689328685772313,-0.24080652538991007,0.084436894537324475,0.042091590211610165,0.17585465549930068,0.98351585557767196,-25.127375621075274,2.169347381355287,-12.226578550678791,,0.2150295484745296,0.8461538461538461,0,2
-0.18810942095510036,0.96469761783500674,-0.18431861515158687,-0.97982483889910821,-0.17142953621464291,0.10273849906226727,0.067513930594151575,0.19992603696540959,0.97748219877347775,9.6562712231536825,-2.9430400588030636,-1.216142469852421,,0.1010778970824416,0.3191489361702128,0,5
0.94730169711400292,0.20104716078719276,-0.24939834358780213,-0.14786166262137046,0.96505840769704587,0.2163312239601283,0.28417674671192705,-0.16805448185827071,0.94392863488484902,21.425945345809847,-9.0582487056914243,3.1930512022449693,,0.2147302789836353,0.5714285714285714,0,5
-0.52983970473307662,-0.74011834717550073,-0.4141192092412182,0.82399554880617143,-0.56482288681641868,-0.044793326243805831,-0.20075164466569875,-0.36496566784092566,0.90911981523968799,4.9197420334875215,8.6641040736272075,-4.5247035281262242,1.116133195638967,0.4224386569415851,0.275,1,5
-0.41705640624241219,-0.83713911641084693,-0.35392379658201989,0.87707443047786848,-0.47280812343228407,0.084811094901347112,-0.23833673114752438,-0.27504650187069996,0.93142097055767659,14.880114972879291,7.9611262899419613,-1.4015552098297177,,0.3516337246837605,0.8591549295774648,1,5
0.33708717869241656,-0.83519158214749534,-0.43454258142459523,0.94122537571046905,0.30954965745455953,0.13518062615793677,0.021610786192867177,-0.45457016034901476,0.8904487313935584,-7.2921047789929245,11.183349218579417,-8.4766589907094865,,0.3186555690162097,0.5806451612903226,0,5
0.085901104965012604,-0.93204811673099563,-0.35200469920726024,0.99217171339636723,0.047883502193285278,0.11533629677522304,-0.090643760413536306,-0.35915662087160449,0.92886502269284743,-35.633260546527922,-1.4584465094727135,-14.782909933299976,,0.3705879031644689,0.896551724137931,0,1
-0.86027087019474502,0.46077557303181704,-0.21821984600759392,-0.46749484213999504,-0.88369715708832008,-0.022976229597629651,-0.20342714289612004,0.082250871431386971,0.97562912609346586,-15.715501827813316,8.7619462391247982,-10.506186493223719,,0.381515415686695,0.4166666666666667,0,1
-0.84676885786637046,0.50465669949528125,-0.16823827448655027,-0.49384637697301853,-0.86330567575807016,-0.10401474008295444,-0.19773279267310634,-0.0049925803379356577,0.98024324371212235,-26.261661776794689,10.104174843555123,-13.708483163795925,,0.4710382882880734,0.358974358974359,0,2
0.43961736772740473,-0.73639419276473528,-0.51425690355580256,0.89779021544099391,0.37724726615021026,0.22728226776545177,0.026632668864420454,-0.56161204852154534,0.8269719510990633,-6.8680938859268101,3.8589074876628642,-7.1516834140174605,1.366777907922521,0.3899685111354374,0.2,1,1
0.21379991560779571,0.96688327235538118,-0.13937838327893762,-0.96313780447854835,0.23248174562965843,0.13534329511737739,0.1632640979221768,0.10530420498886919,0.98094640971936964,16.327270073527707,-9.6394800714155426,1.7647448283470804,,0.349341594209462,0.1333333333333333,1,5
-0.18347985484367724,0.95920305439465592,-0.21509217397782424,-0.98236468861059234,-0.17090458149475296,0.075836947427478166,0.035982793631927378,0.22521350861808179,0.97364475764951153,-12.285009849146943,7.8967583840935998,-9.3760871840831665,,0.2844657425319812,0.5851851851851851,1,4
0.79143344057708087,0.55800594046679808,-0.24952450689278846,-0.53078350313317746,0.8298280478259551,0.17220419229228245,0.30315339671195696,-0.0038446645015454278,0.95293401482834805,7.5214558978189014,6.2717202756361186,-3.3772248594517542,,0.06844186689924378,0.2173913043478261,0,4
-0.32488038062205454,-0.86273409595399031,-0.38748240987859139,0.92540008193678103,-0.3745275393325756,0.057998367501899344,-0.19516000266004363,-0.33973372214123498,0.9200508526172857,-0.67140679125590741,19.702745361577197,-7.9856676243766707,,0.1822254713047014,0.3076923076923077,1,5
-0.92017086613682353,0.33339702261544746,-0.20526081560825138,-0.30935412579210053,-0.94047195278645135,-0.1407569922861602,-0.2399700022261429,-0.06602220333490591,0.96853263584578864,-13.769555035931823,-0.96285451462483118,-8.4539311368429964,,0.2129864303090199,0.1607142857142857,0,1
0.95192005753380649,-0.08717704478896024,-0.29368072276998214,0.13896382804924565,0.97722991840988871,0.16034569236029611,0.27301512514645626,-0.19344727815729698,0.94235921601839223,-15.20094248748066,-1.161732450485111,-8.7992516721227361,,0.07985610813616051,0.1785714285714286,0,3
0.8759573454130466,0.41669954564467715,-0.24302308054266761,-0.37234018681175712,0.90435438368903198,0.20858076130702105,0.30669449669323073,-0.092220590769904923,0.94732985191860986,-15.654617751897165,12.208451632053587,-10.969039734202703,,0.2646601905663021,0.2727272727272727,0,1
0.9498418049618047,0.18103657374721915,-0.25500255785534293,-0.087865626281723244,0.93704862157981206,0.33796377396622485,0.30013359902720044,-0.29860616162638148,0.90595484599053722,17.394584683797031,3.5017875943911791,0.0093127647449072152,,0.3200761894157148,0.1764705882352941,0,2
-0.92296117452176385,-0.22864856698343458,-0.30961670358982424,0.27137549660075283,-0.95703130925424829,-0.10220769516917555,-0.27294323616844213,-0.17835612107108123,0.94535235965558195,6.3232015844129661,2.4861929395167541,-3.1262499305190672,,0.4007908696754084,0.4603174603174603,1,5
0.10370898797910819,0.96734404139590668,-0.23127894713567143,-0.98385046041474389,0.13388244740708416,0.11880135444508483,0.14588597380847315,0.21522313038362034,0.96560669363557627,-1.5774441112859732,8.1988248300152584,-6.3796535624226811,,0.08651730643308528,0.2753623188405797,0,5
0.86439900518278823,0.44290104955673687,-0.2380189491207502,-0.39979939051770758,0.89249946350719944,0.20881847375419163,0.30491770558738446,-0.085342650186770341,0.94854721805423203,-11.557904573061101,8.5770433812670426,-9.2264161368741604,,0.09279622072801537,0.2941176470588235,0,3
-0.14724586311437113,0.97081869109548335,-0.18928741325126983,-0.98598281291150103,-0.12888756206252122,0.10595229581610949,0.078463675919679704,0.20223517341262084,0.97618870419398895,-9.3111725562201251,-11.151943081541473,-5.6785579772044379,,0.1103008429556373,0.2835820895522388,0,5
0.94865684781193094,-0.11718884920288258,-0.29379747909407972,0.17355226783679145,0.96938022455517203,0.17372849671274998,0.26444242365444831,-0.21579794684813253,0.9399475787020749,-4.0629777814289012,-7.0811415847824914,-4.6970699947271388,,0.06710008402950593,0.2769230769230769,0,2
0.44815264447644476,-0.7203703687162869,-0.52936352266125164,0.89264886811764887,0.39262637668652373,0.22141031271892342,0.048344653241582512,-0.57176136648567999,0.8189943432633574,8.1412797849703651,-10.485166677368227,-0.58526433849050741,,0.4488564720815591,0.2142857142857143,0,2
0.9473860715111877,-0.064341084443914343,-0.31355997250794071,0.12943244526562775,0.97293591244820843,0.19142348962740374,0.2927573630485828,-0.22193678181219426,0.93007375581707896,-28.352350459559304,-4.2733495341837431,-12.242039228464279,,0.4124623188445991,0.9504132231404959,0,3
0.30255600733868909,0.95294733368741624,-0.018741441815273492,-0.93108954684979695,0.2997062314783881,0.20796257009390601,0.20379430357669723,-0.045470364316409724,0.9779572218653646,14.435794819926825,-3.2233609675259567,0.25019148174660882,,0.6461544757904382,0.5757575757575758,0,3
0.35190528602623372,-0.8695817564206465,-0.34639607181256971,0.93601431741219654,0.32441803101601863,0.13649226626834982,-0.006314053070348929,-0.37226403271344105,0.92810539416692961,-7.767984080259061,-12.496049150870256,-4.9835344571881954,,0.08952541281565773,0.1395348837209302,0,5
0.89569597826663605,-0.32350620120758139,-0.3050777807333952,0.38422170757815777,0.90841936474270524,0.16476631083502635,0.22383564046571816,-0.26479802782630346,0.93796567661967356,-11.656616931464981,-12.399048644650406,-6.156607085855879,,0.2685237286239614,0.6666666666666666,0,1
0.67187029998987424,0.73109601971829119,-0.11869671412296925,-0.71564649952001258,0.68208502469165933,0.15036657479683643,0.19089365551602397,-0.01608194775056979,0.98147897748259438,-28.62690670872199,8.4320414508261639,-14.186298573815524,,0.2223674936342892,0.3636363636363636,0,2
-0.14212257933578568,-0.93174002606136785,-0.33415819049980727,0.97693025712540771,-0.18639626129253534,0.10422910576729748,-0.15940026711341765,-0.31163593761202679,0.93673614066760802,-9.9841320575925696,0.80173114502011111,-7.5913232352179252,,0.1220908033334835,0.5828571428571429,0,5
-0.73430321470300197,-0.60627548566128397,-0.3053339554700934,0.61067781145610478,-0.78641300377244194,0.092882711484909466,-0.29643110409000728,-0.11825659805601178,0.94770458347746733,6.8600053585298246,-8.238962810242743,-1.2918767684979526,,0.538305874671123,0.9105960264900662,1,6
-0.93734299366091034,-0.19404579053664969,-0.28936887083756696,0.17501498807119836,-0.98039610025053858,0.090516520944927514,-0.30126046236643816,0.034201137240475979,0.95292833729836024,-15.660627866638274,4.938961287956853,-9.8648527497362224,,0.07593421964879536,0.4150943396226415,0,3
0.64669153458744411,0.75303411844675261,-0.12136587472621249,-0.71046593967119143,0.65258436428264621,0.2633852616623516,0.27753956053158885,-0.084102698820767027,0.95702587655245552,-26.61197019810249,9.0840292374465434,-13.689754235149426,,0.3874783753045462,0.1,0,1
-0.93113060686481042,-0.21350427778461739,-0.29565472485187821,0.19228492917225098,-0.97628816859314116,0.099438010228854651,-0.3098746504198,0.035739826982237911,0.95010544982885325,9.2250821976411181,3.4161016863304789,-2.4127282287379761,,0.1205815918729266,0.2553191489361702,1,5
0.954407710886784,0.11407391107636844,-0.27584971308955597,-0.059067965826962901,0.9779994389126303,0.20007016993956298,0.29260365140051525,-0.17465463148259669,0.94014831962236922,1.9549061365836864,1.9258280522296982,-4.2964155357019109,,0.08072364632674216,0.3539823008849557,0,5
-0.35325098883396822,0.93024371113050974,-0.099299429957874802,-0.9355210327975505,-0.35082603197285517,0.041490872292400463,0.003759798030037044,0.10755339693527345,0.99419220009334974,2.668702250274404,0.68905148082751788,-3.9432868983687128,,0.08048519174028042,0.32,0,5
-0.76693349827164048,0.59275780536514622,-0.24586824399974971,-0.62242703839805058,-0.78036122437477651,0.060174258311446863,-0.15619728262635219,0.19918469738159264,0.96743364900604323,2.3393739751107434,-13.946795327615082,-1.7874443756092624,,0.1442151076914863,0.3181818181818182,0,4
0.19905405154152453,-0.89646289020518322,-0.39589363603103694,0.97931921956322199,0.16703626545797043,0.11416108012776333,-0.03621257735907879,-0.41043047219574891,0.91117258339690421,0.0095609305342175942,18.271558302829337,-7.5882328946142783,0.2121354360362167,0.1361077348279023,0.4166666666666667,1,5
0.7350360264481699,0.63874382179163325,-0.2274387169026067,-0.61178844893204831,0.76940824113451167,0.18364599703673376,0.29229596914190292,0.0041579559059477956,0.95631886827881862,-4.3003298241946233,3.1979976468173237,-6.3099954724432523,,0.105396566621191,0.5259259259259259,1,5
