axis_00,axis_01,axis_02,axis_10,axis_11,axis_12,axis_20,axis_21,axis_22,location_x,location_y,location_z,dbh,dbh_approximation,score,reconstructed,number_clusters
0.30145349245540354,-0.85734859434721045,-0.41722797084723651,0.9531454524836821,0.25935884853329849,0.15571362848883583,-0.025289094410783322,-0.44461936019290038,0.89536254458489528,2.2490275302224134,-13.099875376893253,1.249598352210092,,0.4110945298998023,0.4242424242424243,0,1
0.7494337570487013,-0.54560655245124934,-0.37505004161862376,0.64988709112897325,0.71443180351165581,0.25929513476925414,0.12647455309188002,-0.43806470760989907,0.89000196593426928,10.500484960380991,-6.6232723795580677,2.5741555972165684,,0.5830098568558592,0.7692307692307693,0,6
-0.23293533753338236,0.9563123034452603,-0.17665759764988329,-0.97141205348861326,-0.22024602149668226,0.088601988419659272,0.045823038585886294,0.19224585377610062,0.98027637982390115,-4.3688486512859139,21.073969376286311,-5.0602843571948259,0.2295071944994267,0.2326665091330267,0.68,1,4
-0.95538798917616696,-0.16229932095552854,-0.24676450424502966,0.14424563898166376,-0.98546954469965897,0.089682618740864861,-0.25773433176954225,0.050086993190069942,0.96491673596248007,5.6878007301906841,3.3300359149099092,-0.1061965491239019,0.1528398308091211,0.1206012397803172,0.4347826086956522,1,5
-0.95763098745537811,-0.078354878900110669,-0.2771342721818908,0.13005389810604509,-0.97622902663027977,-0.17338647914967023,-0.25696084420132931,-0.20208265763554653,0.94505752419114408,-24.671578575887413,10.038583795138935,-8.699244449301478,,0.4346672541027558,0.4782608695652174,0,1
0.15816496052850848,0.97143993199848,-0.17688500156826292,-0.97790613792085568,0.17890658235325069,0.10812964536794227,0.13668734644338093,0.15587460764816216,0.97827382465892421,-7.9315275768015336,-20.448627770307493,-0.35253244420853269,,0.1156776754474751,0.4,0,2
0.92245889554186533,-0.25522239302104427,-0.28970867459621447,0.31956081656055702,0.92580344951180427,0.20191299460707332,0.21668057262900547,-0.27883597861943421,0.93557470384385155,-4.246606397132477,10.948943069356975,-3.8049316749942323,0.3694222658648463,0.4276220666424481,0.6492890995260664,1,5
-0.87453144981681163,-0.38458765823264213,-0.29544386339275963,0.405481355922231,-0.91404401480647146,-0.01041196407685209,-0.2660443821635336,-0.12890256836696845,0.95530336259620918,-15.184404384785161,10.311096985918251,-6.4755118894266674,,0.2214754143070262,0.4262295081967213,0,5
0.63373380268373103,-0.69163824718189326,-0.34643614472392315,0.76954122517498635,0.60923109606592152,0.19142563658636755,0.078662380412734517,-0.38790979186077956,0.91833448333726864,-30.385471301713167,9.3883386206237525,-9.9930796870932816,,0.1724391579610344,0.3181818181818182,0,1
0.58840036619197322,0.7888542696507358,-0.17746534962903748,-0.77530792142056093,0.61274220978665295,0.15311633266343511,0.22952698326707058,0.047496585135924863,0.97214270472639186,-23.350970457784491,5.1103083349781722,-7.7683981316678885,0.2576189392238432,0.2241703194194817,0.7613636363636364,1,5
-0.61137718116709394,0.76608626784073108,-0.19831735318433075,-0.78820414034724251,-0.61180817983307667,0.066520554934571721,-0.070371695216498331,0.19698370824816505,0.97787792857654732,-1.8256444241216607,17.076099459160208,-3.9304061759806466,,0.09224325125873942,0.125,0,5
0.64590870504612452,0.75185793011349145,-0.13233139336943497,-0.72413409783233984,0.65828607789915683,0.20564349734599013,0.24172660817995112,-0.037001250919432439,0.9696386720465594,-1.6445728194478133,-10.468450942416348,-0.1774553037321186,,0.2794281149751761,0.1363636363636364,0,3
-0.52850856540518043,-0.76208406718867749,-0.37404086786141716,0.81195126928520278,-0.58239832793659196,0.03933603847378702,-0.24781814420963486,-0.28291352416211218,0.92657763044802,-24.80840468865722,15.321130374000894,-9.4145716229965473,,0.3711269347064106,0.6875,0,3
-0.83041617288768144,0.51604540770950824,-0.21001456375333769,-0.53574151481652532,-0.84308713349113917,0.04674520984860437,-0.15293792567140388,0.15133149878205443,0.97658013924496045,6.5217319670494645,23.360930211636717,-2.320838768886115,,0.2049182349251357,0.7073170731707317,0,5
-0.1039682130424979,0.99304603788950141,-0.055228410340271927,-0.99188433965570555,-0.099440307913165604,0.079228037385136826,0.073185158485280108,0.063017392790391882,0.9953254446578701,10.490519774739271,11.025979916052673,0.17206738731195997,,0.3984970381209923,0.4444444444444444,0,5
-0.28053260695441606,-0.90997896931220656,-0.30535181650819315,0.94678627768022861,-0.31463690013042178,0.067818621872882054,-0.15778846862739077,-0.27007757494063284,0.94982151096003831,-21.981125558209428,-4.1692734792249047,-6.1215915646065104,0.3025421580357825,0.3108428019922856,0.8392857142857143,1,3
0.10630937085611593,-0.9093070600601052,-0.40231702448818218,0.99331788725376768,0.0788404795368714,0.084283768592221767,-0.044920958692883983,-0.40858885118324506,0.91161244954139808,22.55184932474463,-0.21710423078530988,4.8647762692212781,,0.3457838702924845,0.3636363636363636,0,3
-0.83011139628097408,-0.44816648585695074,-0.33175573954203791,0.49975431723360442,-0.86186922158912349,-0.086180434460113267,-0.2473068785352058,-0.237335723884946,0.9394205990913671,-10.381365453396652,18.587878432086775,-6.3263988350739622,0.496353238085276,0.2213798931607295,0.2222222222222222,1,4
-0.7864311824551623,-0.55799500653883538,-0.26489161545790901,0.55991951833330444,-0.82508132278380297,0.075702997184597345,-0.26079901888537876,-0.0887827881464405,0.96130197559214914,-6.4187590039374163,-5.2455064568041374,-2.1418334652907185,,0.06956807189421474,0.3733333333333334,0,5
-0.550623559746522,-0.71525077340582932,-0.43038358076770494,0.79279597258488377,-0.60948553782606352,-0.0013874559679287403,-0.26132018924158418,-0.34197033544334982,0.90264502899617516,-14.100782004786424,-1.3983646411105652,-4.5463218056447507,0.7611632155384001,0.5691596594223108,0.2572614107883817,1,3
-0.65747311180243384,-0.69466458797562725,-0.29183936929324111,0.71551860671374501,-0.69700326358024378,0.047112355119554458,-0.23614027759627571,-0.17784139217612308,0.9553063427642533,3.2283737500110155,12.172543706251815,-1.9005228179731406,0.448307833709629,0.2453021262981541,0.3333333333333333,1,5
-0.17666409416713658,0.98418553223374772,0.012985991447712343,-0.98195021553841599,-0.17713768656244036,0.06630244492751057,0.067554215532148201,-0.0010383357268759837,0.99771506444613456,-16.797385208704306,4.225876251827847,-5.9849482121439497,,0.2564261463306968,0.4285714285714285,0,6
0.91568864553568197,0.3336549354372893,-0.22402832074398141,-0.30180588816597853,0.93900039998246532,0.16489831624706514,0.26538181984713055,-0.083382449538919559,0.96053102854801964,-1.7791991054165366,21.199133074754211,-4.362307650933718,,0.2364909161382417,0.6296296296296297,0,2
-0.061546617288191295,-0.94721912340672587,-0.31462349904763204,0.98914073756816812,-0.10003487110928709,0.10767370080595208,-0.13346390966655478,-0.3045799678487453,0.94308983029283877,-19.195330767929452,5.9812471642227623,-6.8725412766104101,0.2320924480078162,0.1080116020516552,0.2826086956521739,1,4
-0.82124224615464603,-0.50137537169934832,-0.2723672333159996,0.50651018849815455,-0.86037707916689254,0.056557144480705535,-0.26269488399745472,-0.09150966231818021,0.96052973906276162,-11.42865980931394,6.9672394135581133,-5.1018255672469683,0.2891680377691119,0.2394841317545512,0.8398876404494382,1,5
0.095104379021062002,-0.95124246699283643,-0.2934159608480798,0.9922519014165716,0.066914247330016427,0.10468355954712777,-0.079945739262438517,-0.30109840998192133,0.95023598452181457,-10.299879122538773,-8.7666705900433186,-2.6281692764942881,,0.4510649238667987,0.7156862745098039,0,2
0.71568365987149163,0.68850499961822786,-0.1172934972351551,-0.64670335562606684,0.71669598595841533,0.26100121366208689,0.26376441916023197,-0.11094020556949181,0.95818609986435654,-20.403932799591736,17.443594911348903,-8.6812528513782361,0.228289747298446,0.4299523427995041,0.1666666666666667,1,4
-0.2800866779660543,0.9584535535368226,-0.05402072323265425,-0.95961201159493525,-0.27799045005702339,0.043198343484654192,0.026386360655919632,0.063938215409353905,0.99760496419254308,2.1683743298469129,-10.036854117971865,0.7661551741051732,,0.09468409157138177,0.375,0,5
0.82623560332610568,-0.45375766095535985,-0.3338243743657256,0.53814099953551042,0.81098396948414775,0.22958498613510878,0.16655026993454247,-0.36933587202444507,0.91424943052794683,-25.424717180272665,-0.017070100976838809,-7.5227671982807722,,0.4067358294121632,0.2777777777777778,0,2
-0.78709680949875271,-0.52318631567216789,-0.32673336464197816,0.55121251098086432,-0.8343254659977839,0.0081107660398097164,-0.27684540851358913,-0.17371556027300586,0.94508175514289805,-6.4929431561638138,-6.3660373325141038,-1.9935834391131104,0.1268812224614108,0.1331564990323305,0.2061855670103093,1,5
-0.68865042480018168,0.72477651025541368,-0.021438344257755242,-0.71843213470943901,-0.68602405688519075,-0.11500548331111826,-0.098060492755076001,-0.063796579506816775,0.99313349364718473,-16.158802338555702,-10.772102739511721,-3.785823128266836,,0.2454561255690233,0.3571428571428572,0,1
-0.93409729766767502,0.29402357346197933,-0.20251512718459985,-0.27696246667388003,-0.95471994708091446,-0.10863523691572555,-0.22528655207061621,-0.045386792070645478,0.97323481676400647,27.425295214233419,0.69921161320025671,6.0479623514528926,,0.4439265042160326,0.1666666666666667,0,4
0.23962604521675401,-0.90524863482386797,-0.35086217750464599,0.96992252978227844,0.20729162901413908,0.12759493235003619,-0.042774345985928011,-0.37088419983896337,0.92769351923751642,-8.8721151891577925,-4.3393284122174833,-2.8603627224673134,,0.07974825224153424,0.3111111111111111,0,1
0.969594216130229,-0.00153614443857391,-0.24471349841615411,0.038451891811777106,0.98851525210182956,0.14614735159473327,0.2416785221382004,-0.15111332377498374,0.95851773865420709,-12.032446285498049,8.7043098726022503,-5.4761591735287185,,0.06971994510123915,0.2653061224489796,0,5
0.96661298685910624,-0.021925293122276514,-0.25530102850716985,0.10383699265906263,0.94437713137082924,0.31204120352819625,0.23425885808403968,-0.32813277078845043,0.91512385617677749,-38.219743072386002,23.24088070969384,-13.584744422692557,,0.2715594984315736,0.4615384615384616,0,1
0.96448415576667157,0.1177395896258924,-0.23644809643931838,-0.076108263854652733,0.98106924117072702,0.17807491738514084,0.25293842224557617,-0.15375478224569342,0.95518669457258354,-23.172322914383415,17.912798188457465,-9.4073822552321769,,0.2220796819491949,0.5757575757575758,0,1
-0.65582839902894163,-0.65673583789015855,-0.3722729512841994,0.71339262232200507,-0.70044685627493852,-0.021099003556810346,-0.24690094662368137,-0.27941410265995559,0.92788344192094696,-14.839577418050292,27.047160149757332,-8.333557662165255,,0.377023335009794,0.3333333333333333,0,3
-0.64035345158099455,0.73908691353712541,-0.20904064505849984,-0.76374619832641377,-0.64157629251206982,0.071215205036696594,-0.081481295953478111,0.20525690030942725,0.97531041380942352,-8.4063010660634401,15.155134996410114,-5.4498786366250078,0.3750122813110804,0.3645278860677221,0.7769230769230769,1,5
-0.39438773289505907,-0.85435608993381384,-0.33842870406468251,0.89779885546989824,-0.43678029955494052,0.056393129347797603,-0.19599880422807855,-0.28160014473309708,0.93930071182101327,9.5344743554559024,19.785639143829336,-1.1354317126617002,,0.1034387677839657,0.4444444444444444,0,1
-0.95889763200676237,0.18741537946841738,-0.21305118368723647,-0.17176364709980149,-0.98102660473504055,-0.089911347098201866,-0.22585964860239713,-0.049621329493954258,0.97289523731615313,10.069890471243545,3.3258665840004231,1.0685925789491904,0.4110311072230928,0.1681985899433924,0.2127659574468085,1,5
0.63072382425982287,0.77031105552869272,-0.09385273166688636,-0.73410329246820238,0.63149070814355246,0.24962339937534009,0.2515547922390074,-0.088545825754955634,0.96378411651311413,6.2352222020109567,9.4008886933409386,-0.77475174580826445,,0.4754364701125081,0.3333333333333333,0,4
-0.61743444883618159,-0.68770323238313635,-0.38188868215770166,0.75012100207976373,-0.66091364361883964,-0.022619414610469398,-0.23683999583940951,-0.30042872673606785,0.92393148908484179,-21.240530288770298,21.620272945752042,-9.3893515082947001,,0.1490528357754771,0.2666666666666667,0,1
-0.4627165748302029,0.88229203230127251,-0.086337368011169979,-0.88641351031693927,-0.46187759480012186,0.030662291976578857,-0.012824199975341309,0.090718560170152701,0.99579399613356157,3.5013786279999213,27.900493795650466,-3.5129706621921053,,0.1799985157882552,0.2307692307692308,0,4
0.95171974401243198,0.20682727488814989,-0.22683034898190774,-0.16318624593337017,0.96676314662644258,0.19682293429149672,0.25999957306712268,-0.15030467952556514,0.95383894097359689,-6.3283100111737394,22.678432466861047,-5.7264436170434561,0.2107371466967377,0.1530518454542716,0.2631578947368421,1,5
0.85293122916381658,0.49206115121745198,-0.17431047524362231,-0.45437254067525701,0.86418291809736125,0.2161792736342743,0.25700955740480486,-0.10518416007786652,0.96066767400142117,-2.3450074680948658,-8.8439093217375842,-0.5628526362318178,,0.119939770794878,0.1944444444444444,1,5
0.42301753762488253,0.90548091882625936,-0.034065649903322497,-0.8833814891096512,0.42047956622642968,0.20696395600309372,0.20172582274016912,-0.057456418506448156,0.97775531315979836,-2.5843357194036178,3.8311135522427744,-2.4043060767502693,,0.4568419082998463,0.1681818181818182,0,1
-0.70212233557231751,-0.62736388630182649,-0.33680673991882082,0.6726682601553855,-0.73952963164412666,-0.024765615272602393,-0.23354151166334888,-0.2439476953868854,0.94124804607787982,14.06959687577541,20.627968228297075,0.0053903483707033678,,0.1920252466759596,0.3809523809523809,0,4
-0.63191677595264417,-0.70060728562791441,-0.33140703009245615,0.73646609773023308,-0.67601763607384069,0.02485644003351703,-0.24145160004360974,-0.2283628407649167,0.94316039876266999,-15.078209815858147,-3.7263246576831235,-4.4751992573925934,0.2976703434803014,0.3097360169432967,0.7377049180327869,1,3
0.2352673473089836,-0.86274567319022133,-0.44757030585344476,0.9704029908091435,0.1827005024331152,0.15791947897380301,-0.054473027443535327,-0.47147686030412922,0.88019444413089609,-8.7363126266611317,-1.6558071029504386,-3.2236936469962707,0.4164539840452662,0.3313223870827571,0.2971428571428572,1,2
-0.96097889728709818,0.16450178123538617,-0.22239317197085762,-0.17677908972256079,-0.98357969528213118,0.03633368224629456,-0.21276445287156648,0.07423036440094509,0.97427980611073317,-9.1714508085979691,-12.259386960235629,-1.8766416334248197,0.7890832997925423,0.64813171360238,0.9806201550387597,1,5
0.94031100987059479,-0.22206353860085781,-0.25788173556924948,0.27099719527345356,0.94696109279135254,0.17269976518029731,0.205853649154113,-0.2322767176526169,0.95061653760412912,17.08890011213477,2.9995994923128042,2.9942980028957948,0.3450060906930562,0.2969065443141109,0.4,1,5
-0.070079246400594333,-0.95114610628351937,-0.30068252979783339,0.98990509401282867,-0.10353351921497948,0.096792123886270912,-0.12319417222977125,-0.29086404882807637,0.94879992676431013,-20.452806336249591,-0.3407568186072929,-6.3202153758310855,,0.07446971334038244,0.3,0,2
-0.69711890649547614,0.71665837415837885,-0.020639887480810401,-0.70981642103792963,-0.69394375841706546,-0.12084166739540841,-0.10092511397791984,-0.069590479971522679,0.9924571962890274,-27.810807107824509,7.8187928178457673,-9.1815424430156796,,0.4445787282605304,0.2,0,3
0.49613063859016782,-0.80426551109824773,-0.32712593463372569,0.86751382709304403,0.47467106063296138,0.14868471340377185,0.035695227334958245,-0.35755331330510148,0.93321030796388627,-9.4727877910324629,8.7361767217117876,-4.8056895319074595,0.340147398813688,0.3369886159411898,0.7668918918918919,1,5
0.92885142619029071,0.29775630588703617,-0.22040011426669226,-0.26518308516906591,0.94986052184975223,0.16565904856522204,0.2586753938906467,-0.095426261248276911,0.96123923622566332,19.6343908010805,10.915490198568351,2.736789922397993,0.2933776558605625,0.2171947312653985,0.3333333333333333,1,5
0.34810924306954816,-0.89708249789188266,-0.27214508422091283,0.93739242747475748,0.32976953600620967,0.11201557943086296,-0.0107420576487439,-0.29410039969083823,0.95571416391050801,11.909559261951733,12.181700103172256,0.38765271482347996,0.9428944289738015,0.8276077488756416,0.8969072164948454,1,5
0.96383669725182819,-0.060462003552446165,-0.25954415261591135,0.13393072973114256,0.95189255829113906,0.27561407276050681,0.23039396837671583,-0.30040789536291201,0.92556669977871087,-4.0551720503871573,-12.209921353495799,-0.54124349478853373,,0.378342454282084,0.2758620689655172,0,5
0.10255787684680376,-0.93634931193403781,-0.33575563723834917,0.99210555085116581,0.071795683335115379,0.10282001665410014,-0.072169646437968624,-0.34365003403913397,0.93632056275504338,-24.783675064673602,2.1431194860959013,-7.7050604873060671,0.2082329041658232,0.2574379425365473,0.8539325842696629,1,5
0.16639552718338119,-0.92494771795201691,-0.34173710303202581,0.98399207993979532,0.13332762120894193,0.11825113969227176,-0.063813126777496884,-0.35594306353421429,0.93232634864233999,-0.54907431022967645,14.165010429631916,-3.2443781365854965,0.1822200448289388,0.2072074435711065,0.7319587628865979,1,5
-0.8325255010493855,0.52310406818587418,-0.18238263061448481,-0.53455742131453299,-0.84496930183667895,0.016590427095002965,-0.14542920415112071,0.11130594234373056,0.98308765315151203,15.80952157959751,1.8263185817389043,2.8059381760597866,,0.09670074479948657,0.3333333333333333,0,5
0.91703923230106921,0.35570734093889772,-0.18030899595651034,-0.29834313415982794,0.91194241113903851,0.28169560356102241,0.26463261461950827,-0.20453196906130924,0.94240981155309889,4.5409702975067328,-8.908487327382602,1.2337731212287579,,0.2608782376669557,0.2083333333333333,0,1
0.67914036235896891,0.73369393585720444,-0.021484336184603162,-0.70391187002360245,0.65931007212227377,0.26423154247363811,0.20802991961447356,-0.16432722624229612,0.96421995170226038,25.297163873837899,-1.654233638321108,5.7583099837997942,,0.3526044379393218,0.1666666666666667,0,2
0.83367322025919932,-0.41979576823355674,-0.35883209833549951,0.53444193564218234,0.77697551539406529,0.33268733956248947,0.13914301725094499,-0.46912744691749597,0.87210014293025906,9.6891163988116507,13.920395191508822,-0.47484215043245398,,0.2946805270825089,0.4210526315789473,0,5
-0.0014963609704075939,-0.94921618758599768,-0.31462102620224131,0.9939765836194876,-0.035888836043752037,0.10354971107423737,-0.10958244439680843,-0.31257098501321229,0.94355236590657332,9.8674757176142354,27.574032495515571,-1.8207149143017456,,0.1929433125827386,0.7272727272727273,0,4
0.128315356893484,-0.86659691866399935,-0.48222914651372906,0.98901338453188703,0.075828448326880141,0.12689590868550493,-0.073400915539795025,-0.49321377412476991,0.86680590596252904,-20.77047632389618,-3.5717255145369564,-5.8963113381495811,,0.3500766793333456,0.5454545454545454,0,2
0.8824746835165066,0.40978100580858851,-0.23090682153402067,-0.38828621264072144,0.91173364499174236,0.13407303108081578,0.26546609957877304,-0.028658120464789813,0.96369417457296058,-12.776346643673996,-3.6868104448401722,-3.9149197830887905,,0.0674721482478309,0.2959183673469388,0,1
-0.6622808741463776,0.71906949313995416,-0.21053053881886144,-0.7418112854389356,-0.66879462302994219,0.049292687101361483,-0.10535682481616859,0.18881953352788483,0.97634375259074013,23.147803959603063,7.7449834047813102,4.0429073406961678,0.4530436155033309,0.373567411378013,0.3157894736842105,1,5
0.11564164739799125,-0.85961663942026534,-0.49768086422816027,0.99036672714099061,0.061365796347256564,0.12412890400994554,-0.076162688759798189,-0.50724103961575984,0.85843215956207131,-7.276013143586793,3.7475976303129412,-3.5777249201069292,,0.09603329897652865,0.2625698324022346,0,5
-0.45551951925214357,0.86427769001121335,-0.2133683250371908,-0.88992820366579684,-0.44829112368843588,0.084040827829855225,-0.023016513647024252,0.22816472771013496,0.97335044928766312,5.9140364452667065,6.7510948510823141,-0.44474447054085153,,0.102210875372804,0.3559322033898305,1,5
-0.0091515195054358098,0.98890501630450978,-0.14826705102118684,-0.99454519822798038,0.0064054992323506832,0.10410964538049414,0.10390427504395347,0.14841104509894801,0.98345211541804556,-18.44736777400966,-6.7589694010314307,-4.9884029195289257,,0.113985118073952,0.2352941176470588,0,1
-0.87226739510562623,0.42982708425783628,-0.23323436512240805,-0.45758469978620525,-0.88563380134895864,0.079177095360733002,-0.17252777734966057,0.1757880756666996,0.96919178623025148,0.84028834153326992,6.4115664791968729,-1.8310482425528278,,0.07575507254017652,0.3684210526315789,0,5
-0.84520397995431529,-0.36860015634272086,-0.38699374286092381,0.46459814840817937,-0.86464585742163413,-0.19114419096404375,-0.26415675793944132,-0.3413524073266937,0.90205307008357016,1.9192959719936564,-6.9694061333491142,0.24869319157013631,,0.4977522394248207,0.3409090909090909,0,1
0.48567769692347451,0.86961915611224094,-0.088767663221153509,-0.84758810617690761,0.49332947220845652,0.19550047088938138,0.21380265896043932,-0.019711802889642468,0.97667797551101077,-9.7008022264542184,10.775247208844576,-5.2089714893826429,,0.0772415738668006,0.5263157894736842,0,5
-0.76780505974987912,-0.4862512710365483,-0.41717513305304654,0.58663902197519191,-0.79532493782275837,-0.1526856285745905,-0.25754620579320592,-0.36196401021727076,0.89590848148064584,-14.106920871913971,-5.3136112168407434,-3.9914176183080738,,0.6153583703543567,0.3414634146341464,0,1
0.91606871458486638,0.32463981496787953,-0.23542960879305969,-0.28688642102553452,0.94072836142545047,0.18090420514998673,0.28020401779773269,-0.098179124804662676,0.9549065754630659,-4.6458139123487463,24.752590911635572,-5.4332188989485797,0.2779282163364347,0.2783714911278393,0.6744186046511628,1,4
0.58809031365918873,0.80165304722945518,-0.10724819274918891,-0.77831176581742789,0.59698955088649808,0.19451033731526068,0.21995585504913465,-0.030917115002337233,0.97501977099417736,3.0816346597048732,22.85667519898621,-3.1939082236626244,,0.2664706955686711,0.2352941176470588,0,2
0.14929897501482753,0.98306265065616016,-0.10629036148402249,-0.97800516179898256,0.162649389972924,0.1305797818805797,0.14565616895300396,0.084457094588423459,0.98572373392326018,11.235150642322173,6.2728721982430971,0.99934183625374062,,0.6476033597507308,0.8076923076923077,0,4
-0.80509656082938208,0.55769430832182043,-0.20198164819148412,-0.57568156735293874,-0.81671345965341535,0.039621431460942574,-0.14286448386763506,0.14817619001174537,0.97858753106854912,-20.29651088171812,-7.8501576348168278,-5.2047063601714072,,0.07794818352909968,0.3636363636363636,0,1
0.0075098467880462877,0.97417101854373822,-0.22568657210980808,-0.99417282673113638,0.031544456047521617,0.10307927959627919,0.10753600694949576,0.2235973477528781,0.96873124925710774,3.4353166308378142,-3.4922976849570988,0.15313382112390012,0.2563954630219098,0.2133681177502298,0.6727272727272727,1,5
-0.75244999380191746,-0.60643635929690853,-0.25700962812744088,0.60730232415335828,-0.78983694870379062,0.085682445928065371,-0.25495665103194398,-0.091610788584079117,0.96260301760880596,-2.3414976887961054,9.0649535127611518,-3.0329244325422802,0.2050591489486724,0.1655314249653647,0.6204379562043796,1,5
-0.53222007807974514,0.81753210575777935,-0.21996146149733015,-0.84581023297984848,-0.52472227891744028,0.096289042960572793,-0.036699295297931457,0.23729261695834483,0.97074475309511499,-0.82359182913186235,11.600919061040203,-2.9835060244756408,0.07848915422606213,0.09494800209952736,0.3333333333333333,1,5
-0.020138677213277278,-0.96261527258657198,-0.27012269557217511,0.99368856576765252,-0.049091818305759809,0.10086142790016182,-0.11035156520287653,-0.26638661820465531,0.95752843388526165,10.231000561429006,0.99948712384278815,1.4429685188679566,0.4144310667534002,0.3737919501619747,0.9847715736040609,1,5
0.95366320259856485,0.18172803512982297,-0.23979453133318612,-0.15160945042318488,0.97865742930965627,0.13872350413464632,0.25988664942976292,-0.095940384118832572,0.9608612658148431,-9.2838677157293965,17.737768825162934,-6.0073077881084558,0.449874728515741,0.2426263752493433,0.5166666666666667,1,4
-0.89020987530147111,0.41078952159617632,-0.19692218479014506,-0.4235885667543472,-0.90548142016758526,0.026002381550379792,-0.16762787366884233,0.1065615628548971,0.98007424682581323,29.138739993841568,-0.10180563100567051,6.6383056459289191,0.286308090952126,0.2847709336941497,0.4285714285714285,1,5
-0.91729242399783639,-0.30797779013075466,-0.25243670426930859,0.30002895989776346,-0.95132816919855123,0.070408363934968229,-0.26183436004245086,-0.011153262998311098,0.96504837838610513,3.845441974837648,-4.8204316576869441,0.4939595801797772,0.1724024980766715,0.1188256658452329,0.3611111111111111,1,4
0.44527122743311209,-0.83143233622598267,-0.33234591060823199,0.89456738442672268,0.42904250847250885,0.1251867430822875,0.038506216902507766,-0.35304786672832705,0.93481253471401171,-22.006012131928031,9.1603346457240473,-7.9942179180823496,,0.1086335660940044,0.2727272727272727,0,3
-0.89393563142366983,-0.33155153983865138,-0.3015835925606431,0.36553780199970209,-0.92869391368959453,-0.062527833683337058,-0.25934764733922616,-0.16613606202905931,0.95138720125566389,7.7512616062184296,16.236630734551721,-1.2472074495144738,,0.08836603382213076,0.2,0,4
0.48851414733351772,0.84937484312291467,-0.1997906497434975,-0.84397774904407907,0.51808183430920329,0.13889842359544541,0.22148473304834049,0.10076501788187225,0.969943773730091,8.4192313460432722,34.010711691384977,-2.8104582595836916,,0.6496513613934466,0.8333333333333334,0,5
-0.39595021844277301,-0.82980160358431432,-0.39325910441338796,0.89767407937777177,-0.43997514668343918,0.02455845097222701,-0.19340287414717919,-0.34329458048414574,0.91909964600244731,-39.320882619458146,11.398255856233606,-12.319449541034285,,0.3803717682244827,0.375,0,3
-0.047381511672489267,0.99724001943070772,-0.057160615789831483,-0.99442628457574822,-0.041697150598141386,0.096838588263515255,0.094187880836679172,0.06143037748409913,0.99365736138050031,-5.2941812748458537,25.938297253867894,-5.7144040911076575,,0.2838676946626252,0.1363636363636364,0,1
0.9495902245693808,-0.18661413300571733,-0.25189992212146151,0.22681873815713616,0.96365600984616451,0.14113948670791829,0.21640625088725687,-0.19116029935604997,0.95740590896809707,-3.6364248889789916,-2.1663439478156805,-1.8297520059865711,0.2031344722929566,0.1964028714490997,0.7685185185185185,1,5
-0.59627886552242892,0.79313119772902141,-0.12407424277509534,-0.80006614240930074,-0.59981606771106399,0.010716934540122776,-0.065921789277794379,0.10565788235888804,0.99221506216840405,-19.523394274527146,-2.3076964549119996,-5.750387380524276,,0.9080290005950545,0.8133333333333334,0,2
-0.85302537029467296,0.510293285409398,-0.10930910529191409,-0.50579836604596529,-0.85999710431767684,-0.067623911972340744,-0.12851354223920372,-0.0023965457003837457,0.99170485832723376,-24.997437629805134,8.0886538133253634,-8.5422618910916839,,0.3455113269033293,0.1666666666666667,0,2
0.96345330002286134,-0.071722999928438808,-0.25809600918325615,0.1538589724179954,0.9368754601201138,0.31399329424560007,0.21928327633802072,-0.34222826228409403,0.91367098083088583,1.4864960872175723,22.278665973802838,-3.5844746289139375,,0.367769689667472,0.6808510638297872,0,5
-0.41325498852294007,0.882561186916205,-0.22429013756731658,-0.91057975332672159,-0.40268561247703222,0.09321378833330364,-0.0080515397504563255,0.24275512116752251,0.9700541860404448,4.0796850127517335,6.7008565117917112,-1.0135594380759891,0.217130477688,0.1970240863624655,0.5693430656934306,1,5
-0.95782165199427971,-0.11253547141087761,-0.26441151761086601,0.11843481223841135,-0.9929410552611867,-0.0064230854621651623,-0.26182222636934793,-0.037467698770187692,0.96438855930992118,5.5112224550035371,-10.204890515335769,1.7411238912136235,0.3879306666786527,0.3081645509727697,0.5909090909090909,1,5
0.57092118543779791,0.80747023697771858,-0.1484614980843367,-0.78649326857579238,0.58978343161757418,0.18325894868836373,0.23553627852894679,0.012137552658763436,0.97178976188895372,26.641957128849544,15.589494800004678,4.1007622775971146,0.5567735947921804,0.6566710459051519,0.3823529411764706,1,5
-0.88916360199842026,0.40718429336446887,-0.20877988437221146,-0.42382385776268844,-0.90484876514028911,0.040274679579698498,-0.17251500361518785,0.1242966751822956,0.97713300531006497,19.036967111405222,2.1908791929221105,3.6847809796306144,0.3339896782576808,0.1572765000380523,0.3870967741935484,1,5
0.21677481671475579,0.951673183279932,-0.21754730764623387,-0.96288390536013913,0.24514767534604226,0.11294778470974347,0.16082059456640257,0.18498856585819695,0.96949263373428296,5.8466063217365463,10.793127021080522,-1.0487621059055363,0.2278479889695672,0.1402399792695275,0.65,1,5
-0.90768980347092498,0.36689733786120404,-0.20368005338096953,-0.37119231868743213,-0.92837903772639374,-0.018128013064400438,-0.1957434116959266,0.059149858669118011,0.97886965986134344,-13.942786485213054,10.805593120715418,-6.2435581650431455,0.34967436914266,0.2317770565412169,0.3207547169811321,1,5
-0.4220475183884187,0.90598537156040382,-0.032655761218115247,-0.90651634588776198,-0.4221521483303684,0.0039595831036477892,-0.010198375384208133,0.031274113554376329,0.99945881503987521,-2.6369692342281157,-1.1675800969764445,-1.6891287516213549,,0.1264540335746724,0.2097902097902098,0,5
0.64833169949110547,0.73547295885044928,-0.19683885346836616,-0.72307209190752064,0.67574846956689272,0.14328557423022439,0.23839621922223905,0.049432101692809066,0.96990912460022494,4.5688469090058952,7.6713188249837181,-1.0168563090415323,,0.07407698119761448,0.25,0,5
0.92904110244860949,-0.26670750065030219,-0.25641711927627053,0.30748201928463981,0.94204158096584889,0.13421053441516639,0.20576063223491609,-0.20353075646750129,0.95720310979125767,-9.8389427974801347,4.5262290165809125,-4.2946472855656959,0.463909706196883,0.4066489477209486,0.9533039647577093,1,5
0.18316045862623997,0.96977647200183315,-0.16120124300854924,-0.97067124508797331,0.20437419068224646,0.1266038077718801,0.15572276761985673,0.13328459976551157,0.97876740603176904,15.708369938544683,29.787973845861558,-0.47021714867419495,0.3615085505771511,0.3382394339668865,0.45,1,4
0.80197062223807902,0.58995268464325545,-0.093802723570734436,-0.54927666291067756,0.78999054471472718,0.27241528379120394,0.23481539269984408,-0.16694540767432881,0.95759645060310961,-17.693071914352011,23.183003710133995,-8.7008279858079316,,0.5499304049048417,0.1739130434782609,0,3
-0.17156555452727273,0.97066741666457146,-0.16843404265610171,-0.98245101616461994,-0.15587273593442585,0.10243871840971054,0.073179651111880878,0.18305315189322705,0.98037558223626708,-12.584650324280176,-3.0333967989471811,-3.9919994313901905,,0.4097373082148807,0.1276595744680851,0,3
-0.9476321697460266,-0.12243635790920858,-0.29496204692191541,0.15513117294856238,-0.98378262307392295,-0.090033714337436288,-0.2791551361555818,-0.13107665238218433,0.95125775747598451,15.576286068666493,-2.6543597028294603,3.3405571744995828,,0.1417873864293696,0.1428571428571428,0,3
-0.49280257639121955,-0.77771810406472908,-0.39025654550838762,0.8381904624414287,-0.54470532446706588,0.027071353299258964,-0.23362869980890866,-0.31376848169819793,0.92030808456647129,4.3980092601436596,4.3269808714928741,-0.59185233146754668,,0.3786701417009209,0.3958333333333333,0,4
0.4623840093239337,-0.8325415741433978,-0.30508286619270886,0.88662609645489265,0.43033978885113477,0.16941614804003055,-0.00975669035508866,-0.34882974852267795,0.93713532295977464,11.597406641605941,8.3520681761290945,0.84765903953578037,0.265225895566395,0.1699328270204825,0.3125,1,5
-0.94984178455644097,0.22591252259674624,-0.21625012472738789,-0.22682746228273398,-0.97371033172871979,-0.020916315142064698,-0.21529023820185411,0.029184276909354455,0.97611392332876179,-5.1450899557527947,13.763993820970082,-4.4860557046501395,0.2577620572850473,0.1284563037657262,0.1379310344827586,1,6
0.90992673034282368,0.36474139255329791,-0.19747673778422517,-0.33020977704424986,0.92515136800592934,0.1872336759804315,0.25098774582039951,-0.105160177039787,0.96226113327565921,-6.5932293971869838,3.1501815859606568,-3.3056054868683047,0.5188402743020549,0.4158078152998653,0.6167247386759582,1,5
0.046156038310947008,0.99131417434241575,-0.12314961581447334,-0.99283644071603971,0.059125184393578216,0.10382684892035782,0.11020627075508838,0.11747519022431654,0.98694182076149584,5.8630119920256334,-5.8780509846923499,1.2125685041040917,,0.1620002622193206,0.4705882352941176,0,4
0.8799724001383068,-0.36097795066443078,-0.30877741842456036,0.43504432071886912,0.87344204485778765,0.21871313011546659,0.19074856226217254,-0.32679338030130778,0.92564629993651448,-7.8682495007392399,-7.9647012008045133,-2.139519617574313,,0.08861210476379247,0.2162162162162162,0,4
-0.29052776082117199,0.93522582027166712,-0.20235188481806479,-0.9563626775397277,-0.27694552415972723,0.093121456479894879,0.031049141715654385,0.22057615860532509,0.97487543258287102,-23.35431934381948,4.2497411981172766,-7.621239109529399,0.2390142357478889,0.2876354459293374,0.7368421052631579,1,4
-0.95826337658714422,-0.098553938732294413,-0.2683624829445348,0.12568618245937516,-0.98834986955461768,-0.08583425242966071,-0.2567767213564992,-0.11598127655669771,0.95948635157446882,-0.99249693718153909,-3.6341347354222604,-0.96421058565235218,,0.2723435252610639,0.2053571428571428,0,5
0.91669348632657077,-0.25955176419074233,-0.30381891618513823,0.34094019899580247,0.90458106654572579,0.25591575714617792,0.20840545298801863,-0.33818038936708367,0.91771520168971166,25.011167226914242,6.3696020499964474,4.6753669695123641,,0.754206739275441,0.4482758620689655,0,2
-0.94752570473908582,-0.14854830893150517,-0.28306967123358295,0.18554522036665647,-0.9766190935071023,-0.10857309701972544,-0.26032289576175877,-0.15539802479747258,0.95293412355275464,-6.9741836569027305,-12.006841885300719,-1.304393468114462,,0.7126753320291549,0.3265306122448979,0,1
0.93347830179711233,0.28060558472224406,-0.22333554552884707,-0.24342478256979025,0.95306767344916876,0.18001773539582305,0.26336787067679812,-0.11367724332018973,0.95797434675793536,-9.1429298482106258,-11.045489880395637,-2.0164695820522178,,0.07463152001832038,0.3103448275862069,0,4
-0.90558392564620271,0.35594237319327893,-0.23070062977102901,-0.37997892011210471,-0.92247021712499289,0.068298746604956787,-0.18850404208305885,0.14951162323681008,0.97062479910387778,1.3784626632225128,-9.061571475654949,0.42948141358684794,,0.07374451384118362,0.2941176470588235,0,5
0.95721714068864316,0.20158354273077922,-0.20760400013479047,-0.14232174486913474,0.95262709995820283,0.26878640100017964,0.25195211153959984,-0.2277403866803876,0.94056071030285149,-22.356169273930711,-2.4247928946660737,-6.4269673742350699,,0.1961243846706924,0.1818181818181818,0,2
0.140534303671148,-0.89739438355837609,-0.41825043915045734,0.98758302895668204,0.097099809816761459,0.12349650946604601,-0.070213035886607073,-0.43041253152229852,0.89989731764249381,-17.476165074646222,19.242290289786432,-8.2982479753367606,,0.2280380323375806,0.5,0,4
-0.19105372938593418,0.96263344478630863,-0.19192530699876892,-0.97992517151671832,-0.1757028493931585,0.094208104444663585,0.056966048798014479,0.20607124907169985,0.97687742813025058,-9.3896866525736673,-5.711338240301254,-2.8646832807356613,,0.08558050657199917,0.2987012987012987,0,4
0.95304005765189714,-0.16390051189241883,-0.25465912650496403,0.2143730802149236,0.95907048942261475,0.18500805062978215,0.21391313889061156,-0.23091214459198381,0.94916845211474254,-1.447159404224386,18.899101766271986,-4.0538176887149229,0.2600662675861443,0.2789874133160034,0.5581395348837209,1,5
0.5479857500791292,-0.7941499426368136,-0.26274985503356518,0.83506789244205382,0.53766051111115509,0.11654522643196556,0.048715836466188607,-0.2832790910067971,0.95779941734987617,1.666299330906416,6.1533634604897864,-1.5440393916627095,0.2608267079909534,0.2405403149612078,0.8819188191881919,1,5
-0.94301851467640363,-0.23316004546644967,-0.23738676074202769,0.22445007007001844,-0.97241613864559717,0.063474556691255554,-0.24563844777044458,0.0065762070884882382,0.9693392112554079,-18.217862838801903,-0.060381003561738499,-5.7306249306484291,0.1886573080235469,0.1517369610805725,0.3679245283018868,1,3
-0.22532709736722875,0.97404504650320189,-0.021539419087689617,-0.97325377058214835,-0.22401799665726904,0.050921854063807774,0.044774962196425371,0.032437394411998437,0.99847033917090888,8.8095185883054796,-4.6317631959760934,1.7872237302811784,,0.2362214365779592,0.21875,0,2
-0.29005157457829539,-0.87102940306554844,-0.39645663455153235,0.94193685553325202,-0.33307172256417145,0.042640213604847023,-0.16918937399489037,-0.36106925460832495,0.91706267457781054,1.8539796483553137,-3.9224226337471308,-0.16008772666302556,0.667952829090604,0.4311471671266505,0.2777777777777778,1,3
0.40636699472414262,0.88900198464434455,-0.21104818619757326,-0.89274069242894849,0.43550500791454888,0.11553979471520091,0.19462764880753913,0.14145974473243461,0.97062310859565037,-6.5874863614302921,6.9070486591360938,-3.908416446878471,0.2172414951097146,0.1396405023818766,0.552,1,5
-0.73993986662244493,-0.58282112431079902,-0.33586981233783875,0.62554496706223872,-0.77978824462552487,-0.024975742770666078,-0.24735094090353071,-0.22858221847059659,0.94157723073213662,5.005672637503352,-12.366258115228105,1.8726458565699797,,0.257899429911018,0.2222222222222222,0,5
0.81825204316426581,0.52279265640377359,-0.23906365735466531,-0.51146924872315447,0.85192069041417817,0.11238480704615487,0.26241722784160998,0.030314611238062159,0.96447821275413415,-2.6419823307852544,2.2688366856847599,-2.1873489330596354,0.2457430941977449,0.2067873973552549,0.8059490084985835,1,5
0.15122221679725023,-0.85335625995422026,-0.49891375481527117,0.98622961452760993,0.096061319729412675,0.13462306741627827,-0.066955123595208513,-0.51240151878072204,0.85613182102732399,0.48982483652256958,-13.151561406307774,0.75422050287176379,,0.6664064071591655,0.2647058823529412,0,1
0.45634482251350805,0.88834467549281948,-0.050922887670204239,-0.86509472593203773,0.45633859694092743,0.20824552841912081,0.2082318854779161,-0.050978647152932127,0.97675004960571621,-11.064878448228407,-5.7896877724790485,-3.2649126864757338,,0.06685470655156958,0.4444444444444444,0,1
-0.97099929523046724,0.075560909029948192,-0.2268279473268334,-0.060151863921785155,-0.99543485721374858,-0.074102620133029137,-0.23139170669812656,-0.058309468102640642,0.9711116743201661,2.5527190408185216,7.2468097369765916,-1.4244296468417128,,0.3202738876716498,0.4363636363636363,0,5
-0.19268894522391519,-0.92332508842232952,-0.3321772892272935,0.96857412298739576,-0.23322574264507023,0.086428706150523171,-0.15727408771852117,-0.30508447036444419,0.93924881010026007,-6.3714765584206106,25.255199519388022,-5.9746113741555211,,0.2158044049786252,0.1578947368421053,0,3
0.93195986964368582,0.281127296048724,-0.22895031074461761,-0.24936449149189011,0.95541760981755586,0.15809661993066051,0.26318843393415864,-0.09024762748594399,0.96051403632453136,-16.14740528731997,-3.1059636425235846,-4.8422052942034899,,0.1352618875359822,0.3714285714285714,0,1
-0.79246853306617171,-0.54143175131682553,-0.28079402195550235,0.55898909075814718,-0.82891590179099384,0.020727377340262788,-0.24397709014030827,-0.1405350007080822,0.95954421110371424,-2.8877606088215404,15.415473879566118,-4.0192947803351453,,0.1759712700313675,0.4193548387096774,0,5
