axis_00,axis_01,axis_02,axis_10,axis_11,axis_12,axis_20,axis_21,axis_22,location_x,location_y,location_z,dbh,dbh_approximation,score,reconstructed,number_clusters
0.92412469524615359,0.29957186763917099,-0.23717133839354151,-0.26633191657578215,0.9501117820757794,0.16234195937544346,0.27397236694468935,-0.086857916622299816,0.95780731072108616,-7.7212072508976499,9.7350838101155635,-8.7090864530578198,,0.2711664345869925,0.6401673640167364,1,5
0.17024539133237557,0.9787201518747588,-0.11455728280792372,-0.97146038514705246,0.18618500269754878,0.14696892481219698,0.16517029642168063,0.086267079959634368,0.98248499433589898,-9.4598902179535695,19.386691239998687,-10.624288529468847,,0.1251931048110798,0.3181818181818182,1,5
-0.88309839192523065,0.43162687020067614,-0.18394421735906474,-0.43317101338324743,-0.90067649059369004,-0.033833895081171052,-0.18027785039654931,0.04980064470066535,0.98235420925641492,-2.1196299966222099,15.346991442147846,-8.229181356917433,,0.5860147757146446,0.7037037037037037,1,1
0.8311719226328903,0.5051283220083197,-0.23237601711838668,-0.4815782207663038,0.86290608062834384,0.15321720953663215,0.27791303011968782,-0.015442613758376151,0.96048210465890749,-12.535745210588399,17.298957041138298,-10.984938480204208,,0.5350483857302996,0.2272727272727273,0,2
-0.81530034743909863,0.53685643440023145,-0.21695739745110049,-0.55878858978732315,-0.82769387613995127,0.05175093548832873,-0.15179148655039679,0.16342587384956095,0.97480835468687277,4.5281206244475989,15.412378705578879,-6.6407587712594758,,0.09395555879969071,0.3157894736842105,0,3
-0.88567289551858752,0.41493378362277111,-0.20835901072958987,-0.42905457733049918,-0.90291315771901337,0.025690451331716064,-0.17747025614301809,0.11215072369972535,0.97771494995124242,6.9169675676790856,10.290482346780911,-5.3263843334890835,,0.1628977877710063,0.3,0,4
0.024009868547215003,0.98594740493457744,-0.1653216286972676,-0.99346394134820948,0.041990631000207737,0.10614228256959959,0.11159266756030967,0.16169261458389531,0.98051138439887464,-14.413902286553043,3.7569531655659345,-9.5151102758997457,,0.2927775546994812,0.7170868347338936,1,6
0.83192289052978441,0.52948914057160101,-0.16596853385300767,-0.49392975332498923,0.84292360841513103,0.21333820369716086,0.25285905756544474,-0.095504138094447799,0.96277788539930287,-1.7172460252931332,-19.861616639316601,-3.1224110510180876,,0.4960440068972354,0.2727272727272727,0,3
-0.0072460762871871228,-0.96012845107124656,-0.27946529627481309,0.99281692868628224,-0.040284108876579572,0.11265760820271792,-0.11942378528742705,-0.27664155149859287,0.95352368166295387,5.5307998154726352,18.15280393479237,-6.8792450767311806,,0.09919665028979331,0.391304347826087,0,4
0.96570720120419229,0.045565429654197319,-0.25560397720457417,-0.0014675934823824026,0.98542188420324239,0.17012218051360672,0.25962944307558522,-0.16391309207553284,0.95169588132685634,-2.6803558704790014,-14.512181312139672,-4.0945314575048508,,0.1978880819899324,0.25,0,5
-0.51575257349545078,0.8277708913491848,-0.22089507547203496,-0.856597700709396,-0.50289235403540766,0.11549744322755548,-0.01548102296993523,0.24878631732413004,0.96843466802882583,-1.271743787826495,-5.3679390109645864,-5.0444427884294116,,0.1417459168961851,0.524390243902439,0,6
-0.9412271215178778,-0.19617731908009181,-0.27496538909055274,0.20055720700994795,-0.97960367293509965,0.012387521480599527,-0.271787255837245,-0.043486819274479317,0.96137432049844662,-17.021049730165611,4.6395753677248228,-10.256908290150477,,0.0734213417108425,0.3125,0,1
-0.83720846457149678,-0.42765769794446168,-0.34086783397481257,0.47736434492874857,-0.87558978014673838,-0.073931178087008234,-0.26684315438208905,-0.22461395836285397,0.93719971226413989,-0.28176017958978333,-14.707109771448557,-3.4915103044178881,,0.5266314249259682,0.7142857142857143,1,5
-0.69552370407710229,0.68022370460281067,-0.23139249936697501,-0.71148445077353129,-0.69694041551681774,0.08979940716247449,-0.10018309924509994,0.22708978161879906,0.96870716819375946,-11.679625399136636,19.806825418106712,-11.19351220810313,,0.3494411360079509,0.7301587301587301,1,5
-0.63185380179546724,-0.64495723489706525,-0.42987316537619114,0.73217798195891071,-0.67863859547422201,-0.058009132620236423,-0.25431511140943142,-0.35139695770838258,0.90102386329225592,2.8626458314306933,-9.5128998137772669,-3.4483770532430369,,0.3406129194047903,0.1886792452830189,0,1
0.76575830786367516,0.61122770647807612,-0.2000372584577948,-0.58189547612367165,0.79094124004238187,0.18923427191453357,0.27388294726865575,-0.028506940098315378,0.9613404628754918,-2.1547664955340169,7.4231086462274316,-7.0695666429619113,,0.1814394245881261,0.26,1,5
0.86756546253577593,-0.41199780661999019,-0.27854618208728515,0.4665685701499746,0.86817722978358103,0.16906231701214713,0.17217414894023397,-0.27663352115321238,0.94542580745983562,-9.4803942596195494,17.735502967294359,-10.354906853255613,,0.07829974511231275,0.2333333333333333,0,1
0.94021330962239524,-0.1856945302443197,-0.28551089969779214,0.26159317475198068,0.9305460091617469,0.25622867863751175,0.2181007641712448,-0.31559731664018781,0.9234881647305675,-5.226549759012701,13.58595850705143,-8.6915890149083452,,0.2354254617980212,0.358974358974359,0,3
-0.85487641556063587,-0.35899559630658895,-0.37457773018517238,0.43828509805075921,-0.88604738821403861,-0.15108341624982286,-0.27765533840507306,-0.29332948653614332,0.91480343538030473,-13.030529688745913,-14.685449428953252,-6.6095911905144593,,0.310844587693455,0.3636363636363636,0,1
-0.28628063880566085,-0.90964254041507364,-0.30098811357300242,0.93817326158799208,-0.3299286747125264,0.10477595546586782,-0.19461327571975254,-0.25238367274775841,0.94785450077740374,-7.7140934448496097,-16.352202527722376,-5.1353475678318761,,0.1031863252773614,0.3076923076923077,0,5
-0.96273812842952544,-0.088740905365162007,-0.25546104944391668,0.069260424564048725,-0.99403167771205014,0.084285332615916989,-0.26141593229415749,0.063451362632644781,0.96313842978194919,7.9135644891889836,4.3341601822887839,-4.2901811733925159,,0.1478602607083002,0.3555555555555556,1,5
0.82970685030377145,0.50898993522973623,-0.22916323525780566,-0.48766479819357106,0.86072048697240988,0.14609342185328394,0.27160557277386482,-0.0094598700206047857,0.9623621582841746,-20.974881907856673,10.034539321699031,-12.025438303449413,,0.1141584241196043,0.4705882352941176,0,4
0.79279007092378473,0.57334131186811688,-0.20679372222097792,-0.54439281659591632,0.81867920921431214,0.18275889482866012,0.27408094549498546,-0.032312420298934282,0.96116363997552456,-10.816192024432807,19.90271868928788,-10.968296571837433,,0.09515376525624103,0.25,0,2
0.20999353511810565,0.96466271612994459,-0.15914948732999479,-0.96325081415011105,0.2320146050172408,0.13534065205193602,0.16748308645278334,0.12488021127261459,0.9779337137990276,6.3665927974669456,18.785129252713887,-6.8021862340997483,,0.1707415578916525,0.4666666666666667,1,5
0.784573698030546,-0.52317709452161421,-0.33276093539746365,0.60583817317482436,0.7610429939152038,0.23189150337339692,0.1319250555537666,-0.38353525154867413,0.91405497128817736,4.3376148310293674,-11.504776927320695,-2.7592831035679586,,0.2837085202485159,0.4464285714285715,1,5
-0.23797180883831345,0.96334579898321759,-0.12383169941338523,-0.97038291706338908,-0.23035962932478563,0.072742253531867571,0.041550119972971034,0.13747477135363123,0.98963340423183899,-2.8563872102225987,-8.1758237288200153,-5.0073877033268817,,0.1363033372733134,0.4367816091954023,1,5
0.96554824796899485,-0.066110546117359323,-0.25168626608551536,0.12946190384057144,0.96103904993101996,0.24422031029719304,0.22573479195281107,-0.2683902759038545,0.93648836805497704,-8.2725485504281551,19.728383784014607,-10.363449119049751,,0.2023816708641915,0.2340425531914894,0,4
-0.47285341274357673,0.86386100459061266,-0.17364853815811321,-0.88094733489716159,-0.46761106775602373,0.07260635268114797,-0.01847818157559112,0.1873073785513224,0.98212753894078897,5.4996515884801642,3.8809100568838941,-4.8511720355313361,,0.07063927555638359,0.2051282051282051,0,1
0.59262522608684531,-0.75285254745291419,-0.28637105859212403,0.80419522199879523,0.57308339231985372,0.15762445990859908,0.045446521537123426,-0.32371046822867344,0.94506409647142442,-15.460165326596519,18.878449943361765,-11.881861940919432,,0.2696983406493943,0.7777777777777778,1,5
0.75166876822756934,-0.59591890146512072,-0.28262117002774778,0.64681705691798363,0.74982208768554837,0.13926425133121784,0.12892539606767625,-0.2874847816763359,0.94906835504788756,-17.309467298532354,6.0547236822000494,-10.506066411078118,,0.2734272396556526,0.7754010695187166,1,4
0.3581115224199774,-0.88653271758374486,-0.292943472642124,0.93351129497529628,0.33402445382114171,0.13032392874308962,-0.017686143265047506,-0.32013654103064976,0.9472063109129607,-3.9992338315327469,-9.5807176867953743,-5.1358824541166541,,0.1613295621341769,0.6871508379888268,1,5
-0.95490576971971652,0.16675236464043677,-0.24565956086181245,-0.18963223849539787,-0.97917773153765153,0.072460914871421714,-0.22846134263638615,0.11577831812391166,0.96664408960753412,-19.103090914003793,17.655737338127114,-12.678620295723448,,0.6788162358869657,0.8787878787878788,0,1
-0.3991060388838647,0.91034417500605547,-0.10948905314676641,-0.9168897482115046,-0.39556018987572955,0.05334159549657673,0.0052497000937890602,0.12167834325803877,0.99255570192856402,-12.219429849472176,15.486270963739548,-10.692218201845375,,0.07016225186061824,0.3333333333333333,0,1
-0.73091844944407192,0.64580316798250992,-0.22067280866937047,-0.67144519104571632,-0.7383576443476918,0.063161257546931387,-0.12214571496313768,0.19433542460674086,0.97330065604573734,4.3698339331685405,-16.863743308829097,-2.0058011569682233,,0.1553529745256456,0.3529411764705883,1,5
-0.96203952493062761,-0.09070287052458452,-0.25739646802132982,0.077096303434016397,-0.99506322546771186,0.062492698122305929,-0.26179402679982039,0.040276129411799672,0.96428300873319417,-12.077854452990216,-7.4810678176918621,-7.394372979846545,,0.09855646634623566,0.4479166666666667,1,2
-0.77640848133972784,0.60860250443701813,-0.16368525192187272,-0.60940666720043779,-0.79120328091346914,-0.051194552868608995,-0.16066544144710224,0.060002998797989274,0.98518336164383957,20.163954203462051,-6.1207158337719143,0.21156458787179253,,0.2063337831020732,0.1951219512195122,0,4
0.930600561131812,0.30770529916024691,-0.19824238822678564,-0.27410469783643582,0.94476013041884499,0.17970784789475266,0.24258856165358017,-0.11289705416737067,0.9635377755517307,13.315556808950687,-1.9404601091778229,-2.1038802906804492,,0.3080806110130161,0.9223300970873787,0,5
0.96623929618053406,0.045256167182834907,-0.25364049725638477,-0.0091946650311554735,0.9898820846993166,0.1415941966547378,0.25748219482424739,-0.13448173750831377,0.95687908411942735,8.5311185968197112,-9.5162905606310719,-2.0615955619424735,,0.0790533502779644,0.2777777777777778,0,2
-0.21219980629880453,0.96772549770215577,-0.13593602651197834,-0.9755649142810251,-0.20167161718307622,0.087187481020037122,0.056959110163400439,0.15111558463599373,0.98687372031558129,-1.8896696508273703,-15.884017046690374,-3.7307856472512504,,0.3705317860963164,0.5483870967741935,1,4
0.38771239871512869,0.89863268647939076,-0.205276376315919,-0.89746717363208584,0.4188167758428728,0.13836611046573788,0.21031349965087154,0.13058255267613048,0.9688737940522435,6.0310818966465236,10.140425200290538,-5.5566320815732242,,0.07583773652269823,0.1739130434782609,0,4
0.19681418342268173,0.97629494623515645,-0.090068613619597435,-0.95599604672684435,0.21148132119588961,0.20334013235927231,0.21756777299569982,0.046085016447152384,0.97495663258052545,0.74093755128245198,-6.2594208774177238,-4.4813351485933159,,0.2245184256746847,0.25,1,2
-0.10592234426613974,0.9790744019587142,-0.17376355318176284,-0.99023829577997224,-0.087936938573006065,0.10814440533463961,0.090601184075821073,0.18352223370369408,0.97883145391863335,8.9647240679755757,1.2619138941441934,-3.5630677669517725,,0.09957894891122102,0.3939393939393939,1,5
-0.94382981159182711,0.24359941151978698,-0.22325907250938232,-0.25039114097565435,-0.96814229536702512,0.0021845920392375858,-0.21561438558557741,0.057963976991589186,0.97475669482177574,-9.0989095414592214,17.052493356127272,-10.123423642421921,,0.1025497799489068,0.2857142857142857,0,4
0.95453944374649435,0.2082375210780634,-0.21328756444621205,-0.16207073322100879,0.96308248900751403,0.21495394111366459,0.25017499428467788,-0.17061434342503326,0.95304943106446849,-2.504296272770651,-2.9437373391378245,-5.6609949746050887,,0.1504846823040758,0.293859649122807,1,5
-0.78934644015235333,0.57207628922223663,-0.22284729464035175,-0.59996951645938734,-0.7957799930135786,0.082284761886987898,-0.13026425733215055,0.19865276748393226,0.97137443925227873,-4.205495200654803,-14.64281094452466,-4.4851581883177376,,0.1221730133837758,0.4166666666666667,0,5
-0.54173633730676574,0.82086061367500929,-0.18085793805785028,-0.83951912532634643,-0.53904484351120918,0.068105028413927293,-0.041585803499943542,0.18872866661178714,0.98114836357515323,-7.6103433546828878,-9.2821021818413865,-6.0169947556901304,,0.1291613501034691,0.2222222222222222,0,1
0.96637516894619657,-0.038515235179127832,-0.25423534275018844,0.07987466174942201,0.98477055498327604,0.15442471449980144,0.244415775380037,-0.16953917157113352,0.9547342028273359,-2.4085024980023806,-10.129348825183088,-4.6348951725610448,,0.08246778355140587,0.2372881355932203,0,5
0.7219092071419555,0.6892218335412289,-0.061809067407143828,-0.6396640582876727,0.69872783356111634,0.32032687545994998,0.26396399220086614,-0.19170988179292237,0.94528849143757465,-11.036449360706046,14.300108351358308,-10.209852481599174,,0.33044915535423,0.28,1,2
0.93439377212806651,0.28767761601158143,-0.21011869943957037,-0.24334092099037075,0.94619260352095147,0.21331843149104973,0.26017969709383831,-0.14819293602644043,0.95412021199219033,7.3371451031958737,6.0021365587164119,-4.6323715309221427,,0.6382433415628833,0.8630705394190872,1,5
0.92108748231979753,0.34296224583254548,-0.18432240191379951,-0.28085319546359205,0.91311565085389146,0.29553559982439104,0.26966522302971324,-0.22044660600510452,0.93738143857725531,10.042864988489217,0.17512621217064292,-3.1465400435514193,,0.2120129371952563,0.3846153846153846,1,5
0.7566010400467148,-0.53989235909335709,-0.368878173375493,0.64242755938078333,0.71887838675041349,0.2655196716086668,0.12182650429311707,-0.43786996432243852,0.89074586566314562,4.6526793171193628,-6.6655005321854253,-3.4098010845713982,,0.4150099209824655,0.1525423728813559,0,1
0.79390476166541235,-0.52221099144446492,-0.31146574421527329,0.59040676930883995,0.78453587505039735,0.18953444941014239,0.14537907744680134,-0.33436378567885716,0.9311636712561443,26.048846311178913,-1.9621733482653025,0.88730711356489422,,0.1006422085485819,0.2142857142857143,0,5
-0.94314575602561412,-0.21054041913865221,-0.25719411890592397,0.19357343836695523,-0.97695837105383765,0.089898082218853551,-0.27019512736107681,0.035001044795174199,0.96216917432101245,2.9534358408887793,10.741280258747308,-6.3726377100171554,,0.09657763868886775,0.2575757575757576,0,5
0.04632714332503074,-0.94756763100703023,-0.31617934856512692,0.99293148640208395,0.0090569878668092588,0.11834286747467966,-0.10927423805587103,-0.31942691752340852,0.94128932069731019,-3.4465620558280916,6.2039843766646205,-7.2343026775404216,,0.1522862445618531,0.667621776504298,1,5
0.9615043675176379,0.18269392661045045,-0.20526149279434433,-0.080615791542878817,0.90164879315769575,0.42488886541210513,0.26269839245496424,-0.39198518208846383,0.88166726809191021,-2.2901790740859043,22.12774659401283,-9.2429887051571082,,0.3234063633084148,0.25,0,1
0.96504508891055585,0.0041681585017199633,-0.26205076383083287,0.10117572764627247,0.91643901915450043,0.38717308313774279,0.24176734375193359,-0.4001526591512829,0.88398325825170065,4.4216860606033492,24.049162319746017,-8.0554442471965384,,0.2090098046426181,0.125,0,1
0.19803229198723846,0.95196198745004534,-0.23356280906951302,-0.96547921310570395,0.2305757279593762,0.12118053778059908,0.16921318031132407,0.2015023774702529,0.96476095043423293,-5.5143368877513899,-7.8172295700195118,-5.7369456064815436,,0.2249000476890479,0.7927272727272727,1,5
0.56080812880941244,-0.77590006840921777,-0.28891750812966727,0.8264996439488983,0.54525299238519553,0.13999111703009398,0.048914018579842469,-0.31729837399135935,0.9470634406674191,-3.8371356728493495,-8.6492588096091367,-5.1819042559009949,,0.07471061402762542,0.3076923076923077,0,5
-0.54131651328881603,-0.79663593959231493,-0.26897511444501232,0.80672513412148794,-0.58224582653343271,0.10091756765333861,-0.23700419915584936,-0.16236063942430168,0.95784551590965106,0.55342572377266319,9.2368403064605378,-6.7073529813213737,,0.08130333843137309,0.3939393939393939,0,5
0.94764199533304438,0.20327178573082774,-0.24628282483155117,-0.17130857970960592,0.9744694707023257,0.14512967025046308,0.26949586119101288,-0.095340609369412799,0.95827039451607032,-9.2120108093862907,-2.889211715945442,-7.2924832679646316,,0.07966813203616094,0.3952569169960474,0,2
0.88923734853903835,0.38742579154948392,-0.24322457524994479,-0.36295112600136498,0.92117682731927297,0.14035573712655589,0.27843027510958912,-0.03653093007648963,0.95976146674584972,-13.098253728544192,4.3749771875429051,-9.2973667174119523,,0.2465476625699443,0.7031700288184438,1,5
0.68974087051103461,0.68715488837623129,-0.22820098800691305,-0.65900807677631457,0.72634150594658498,0.19528535911028283,0.29994313842837805,0.015690000634104067,0.95382804403615595,-14.419855443038912,11.680520313442866,-10.5970520988304,,0.1555804224120814,0.2261904761904762,0,5
-0.069486315519935227,0.9935515960395741,-0.089592845488237483,-0.99323042275360718,-0.060523279443344867,0.099147667456747773,0.093085870421643666,0.095875745903945792,0.99103121145360873,-20.548108266394923,15.110976893441141,-12.584704119280376,,0.3118173512862146,0.5714285714285714,0,4
0.37540641410107084,0.92603593609829948,0.039082851819206989,-0.90335287228960481,0.35612326457919108,0.239018427221796,0.20742134021815814,-0.12503465711556197,0.97022818045143266,-22.973861863913779,7.9714750714845852,-12.17610431869581,,0.3879816218201505,0.1428571428571428,0,1
-0.43803649559466007,-0.76967231659754698,-0.46446587989917493,0.87376469773947996,-0.48598901148906093,-0.01870651480422603,-0.21132742725776188,-0.41402802535003697,0.88539342256048237,-15.830049197994081,21.615859432257146,-12.386456815425403,,0.1903766915574904,0.4375,0,2
0.84345238251847088,0.48630491910511914,-0.22824461456533615,-0.45933893971050022,0.87317968607614194,0.16298765072729834,0.27856025719680239,-0.032630683077954865,0.95986427250539819,1.059852955166162,-4.7349774402970448,-4.5342408995588173,,0.1500060154675782,0.4968553459119497,1,5
0.92585867914424658,-0.20211187664122973,-0.31927495293842273,0.31711329779365005,0.87506860555186272,0.36564202704278265,0.20548689159094194,-0.43977917742667116,0.87428222702180891,8.1382006367991053,-4.4847879681345901,-2.8624414089988868,,0.6222955246389598,0.1224489795918367,0,1
-0.10279269703774645,0.9855938359322558,-0.13430730437338706,-0.99053708201079049,-0.089080590498639256,0.10440755508084659,0.090939268730578171,0.14376869954462729,0.98542407644322982,16.963568664367891,-3.1557062663612454,-1.0505004897629044,,0.5342583124395129,0.9139072847682119,1,5
0.87170838659284211,-0.40821119743110557,-0.27108689941707897,0.45747987727970224,0.87618722573514285,0.15168423564332903,0.17560367487000686,-0.25624122180167525,0.95052816140382312,18.945538631115184,-6.0841753409216022,-0.092143904890867087,,0.0973201567130914,0.4545454545454545,1,5
-0.054659591557220361,0.98494610495857515,-0.16399237597439822,-0.99283906819972279,-0.036139760106054741,0.1138617688066636,0.10622106056288047,0.169041675531235,0.97986835760039159,-9.2928639675051308,-9.2299945722187804,-6.4072337323818385,,0.1163063589055711,0.2040816326530612,0,4
-0.12086664781193379,-0.8608553832352468,-0.49428661988931299,0.98129810737177747,-0.17876713730742341,0.071388620153889693,-0.14981748200818712,-0.47641402138665595,0.86636274291483806,7.5906298711640208,14.215546161333796,-5.8170171885039093,,0.7516541820955762,0.4666666666666667,0,1
0.92035525376191263,-0.28533210299072714,-0.2674542911896059,0.33281628807249802,0.93058007058902692,0.15249278873496194,0.20537654507389419,-0.22936068369581322,0.95142742839803618,2.9241362435871885,2.4495106071136092,-5.1765513260665221,,0.09761680819974772,0.3426573426573427,0,5
0.21398117103063355,0.97495327339437388,-0.060647944251679027,-0.9635339900155645,0.22087149870927425,0.15105638398494051,0.16066831837374002,0.026113133774311095,0.98666295953351801,6.8975292240988333,7.6496074847572411,-5.0416441805131003,,0.3286451716792309,0.25,0,6
-0.87326843767431062,-0.33510605968606128,-0.35370349803691647,0.40020649537892428,-0.90738451630166417,-0.12840599920764886,-0.2779154490459072,-0.25368734366869289,0.92650188064781336,-11.274204095465345,21.70407221836436,-11.391140609664777,,0.3213902117152416,0.1764705882352941,0,1
-0.4426473653724296,0.88274294869828307,-0.15756965587417673,-0.89634489173247078,-0.44050452668163692,0.050215505952760947,-0.02508276288512622,0.16346451754569472,0.9862303009488208,-12.160649330058714,-13.26859450418843,-6.573460533966565,,0.1775027343442899,0.1818181818181818,0,2
0.01521839682422688,0.99963401541213792,-0.02236594798138182,-0.99224841085177251,0.017857540753066978,0.12298048381911846,0.12333487568499137,0.020321010537324585,0.99215702636755532,5.723863386902166,14.355686171721395,-6.2732507558976174,,0.3246995165412422,0.3076923076923077,0,1
0.59523205572373006,-0.75059020028198564,-0.28690268573081007,0.80131134379595825,0.58110338379112303,0.1421934866666652,0.05999108386100882,-0.31453649802074868,0.94734780375004091,-15.100093953801483,13.381863600775665,-11.079369645796126,,0.09409704454430776,0.4468085106382979,0,2
-0.25773113914867851,0.94413254385096324,-0.20539814885882912,-0.96463143574392074,-0.23925498589380845,0.11064919746467136,0.055324977069554221,0.22665125494129268,0.97240339136892717,-4.5298783393195716,23.553962652780481,-9.9912837464776505,,0.1240154089609682,0.4166666666666667,0,2
-0.18249561721528323,0.96686486548008055,-0.17851521391018144,-0.9805410695443888,-0.16561523402783043,0.10540780423978159,0.072350263537584239,0.19427796107148143,0.9782747636568927,6.7659815346166861,10.336846884846688,-5.3694505835457811,,0.06858124214811989,0.2,0,2
0.83543881416706689,-0.45915653927923517,-0.30202195320910291,0.52683300749370643,0.82556381047303784,0.20221616417184485,0.15648952041035052,-0.32805436633941409,0.93160687133972142,-16.86225839047756,9.3401434531860978,-10.898135107063901,,0.3068062628222459,0.4166666666666667,0,2
0.84448155934572666,-0.45050618353761707,-0.28964646471065775,0.51092060378007031,0.83984684379680674,0.18335052658105938,0.16065812322450349,-0.30282248522676497,0.93940806356080819,-19.402359334139444,15.252363175641465,-12.419458201728048,,0.3769226361718041,0.8313253012048193,1,5
0.88423061992565477,-0.31968926210442572,-0.34049227080951527,0.42657786301912914,0.84964635981812298,0.31005223758238842,0.19017764739297136,-0.41940414750326527,0.88765568971822306,4.5807033974696756,11.193624337071205,-6.0684291212288146,,0.227994800314217,0.2564102564102564,0,7
0.16685818520687773,-0.92033352473924124,-0.3537577550676631,0.98323757230865794,0.12856951578836823,0.12928169248011201,-0.073499812449046423,-0.36939962486579475,0.92635937665625567,-9.9526297847316201,-5.4347812550566728,-7.1284401802570061,,0.08361361613365946,0.4126984126984127,0,3
-0.6574592884018976,0.74906026365325651,-0.081584345984908713,-0.74688767302560155,-0.66216918803499947,-0.06075171025965119,-0.099529332241673985,0.02099256613147538,0.99481316044307699,-6.6009303014686171,-12.646046600731367,-5.3284254842857681,,0.4374304541080666,0.3333333333333333,0,3
0.13850286921522528,-0.94055858855066876,-0.31010723423152292,0.9871464656940705,0.10589846995593838,0.11969698963924344,-0.079742150001464715,-0.32269963675927121,0.94313632840039585,12.560615641911669,-3.3321725153560795,-1.9826767582181548,,0.08939250414588806,0.3333333333333333,1,5
-0.13565121910747052,0.97168418817129965,-0.19346468724948579,-0.98800260113594984,-0.11812048652746107,0.099490757415524267,0.073821452866059012,0.20463965676378629,0.97604969339493453,-1.6437664401118441,-13.544864532018735,-3.9597407854001694,,0.1040071538907034,0.4375,0,5
0.0042496304368481843,-0.96165675097390468,-0.2742229639316594,0.9926708321120663,-0.029063023092421595,0.11730285487859146,-0.12077483063572773,-0.27271163157269857,0.95448510008793175,-5.2617676811847582,12.006532531987087,-8.4632765416980789,,0.2730516961213508,0.847457627118644,1,5
-0.05375521748471996,0.98183285201829607,-0.18197424897712738,-0.99038456685890963,-0.029159017735591101,0.1352337288267457,0.12747072730968764,0.18749400625703899,0.97395955321400551,-7.7350446578308372,12.978181410063824,-9.1812938436320817,,0.2190679329935882,0.717948717948718,1,5
0.16718310808029871,0.97055049249087699,-0.17344033526930411,-0.97269642671900092,0.1910891173675883,0.13170653238076235,0.16097040044896435,0.14668568692750308,0.97599786855807624,-13.122938279313665,-8.4734557187618353,-7.5090079700607051,,0.4346338415053014,0.1951219512195122,0,1
-0.35880597054986468,-0.88403081520459281,-0.29957936054820972,0.91155056290888647,-0.40092032930600913,0.091315172943245065,-0.20083288266183696,-0.24031730548977484,0.94969139509836187,2.7212113942188934,-14.556505548918693,-2.7613964059624974,,0.0825665169505794,0.1764705882352941,0,4
-0.20805094656140685,-0.93890597126008324,-0.27417217358270002,0.96281744837195882,-0.24597184636544916,0.11171576391039077,-0.1723292335775127,-0.24073518215610148,0.95516972697361802,6.9614408683544307,-4.6102566627333594,-3.1190894010742287,,0.3307238767476495,0.8728323699421965,1,5
0.97824229607552149,-0.063511744459472025,-0.19750511002150742,0.12398211274646284,0.94226208230781183,0.31107973891571694,0.16634435935076469,-0.32879845887817361,0.92963494316399431,-9.6481444459947809,-13.147324815376219,-6.0244365438321132,,0.2213252094706163,0.4242424242424243,0,2
0.010495162175080862,0.98488635053378004,-0.17288356805426036,-0.99243958827511058,0.031402844601987195,0.1186487462016925,0.12228456646383853,0.17033125926604525,0.97776978216837718,13.603608755758499,-3.3462263814118076,-1.7250040861694458,,0.08608094585636396,0.3103448275862069,0,5
-0.079070046658431661,-0.8690589825594055,-0.48834865880254424,0.98671694799798071,-0.13796643066197589,0.085760880032472592,-0.14190698451796999,-0.47508078138691806,0.86842423901098686,-3.511388107236681,-13.730431155787603,-4.4418276226763647,,0.1153503670611732,0.4117647058823529,0,2
0.69775515354795026,-0.64074103810351968,-0.32029465775641813,0.71236116290627471,0.6676969245489911,0.21615362715124437,0.075361258482702587,-0.37898778217489204,0.92232800113737234,-14.338476285438061,14.385801335693911,-11.054336510594995,,0.3156473833540669,0.171875,1,4
0.97333569026613509,0.099782982253398392,-0.20654537154524857,-0.025911951724296597,0.94249489695950173,0.33321455544909273,0.22791710074495178,-0.31897762563840865,0.91994949292344286,-11.868622223594825,-11.88091557696654,-6.7248748199203314,,0.4954711959768248,0.1052631578947368,0,2
0.43035030042146288,0.87451902263229764,-0.22364055531456631,-0.87568272400723357,0.46459201767506803,0.13165874064368288,0.21903969001627965,0.13917879208722933,0.96573851431467317,2.0855633505669795,6.4074983132478156,-5.9357930382055555,,0.2025354563363137,0.5714285714285714,1,5
-0.29855065374269146,0.95437136997074812,0.0065418139661860874,-0.95282090262508468,-0.29844498699852268,0.055343628867013814,0.054770746485049766,0.010289699490673007,0.99844593614970534,4.1542832294566781,-8.6676805479255457,-3.2056756312960806,,0.4557930068511916,0.3611111111111111,0,2
-0.9499613938041197,0.22462544036249066,-0.21706395791031427,-0.22137931496944527,-0.97438812126610952,-0.039484022580780008,-0.22037365810230733,0.010545173182910674,0.97535852389628985,-6.3560644771878811,18.798959446044865,-9.7255519407589617,,0.3926705454775387,0.2413793103448276,0,4
0.93823951075826795,-0.22327241795854158,-0.26430294707216689,0.27170290073393083,0.9484219155264817,0.16331994330713992,0.21420586869844166,-0.22504510109759332,0.95051067762919961,-22.553917091937937,10.384517069257951,-12.402493476320691,,0.1795737592662051,0.1666666666666667,0,1
-0.80722949844403113,0.55109066777485793,-0.21137552538848567,-0.57251393890741842,-0.81815952668862812,0.053317714179734355,-0.14355600509386474,0.16405506630427613,0.97594959327897124,-12.001283201309604,-6.4336645322882502,-7.5220212030324811,,0.07766850642676915,0.2888888888888889,0,2
0.9164517309001502,0.32665834933155502,-0.23110722131102468,-0.28973164260485967,0.9400659698369912,0.17980975398439189,0.27599239156833488,-0.097827885423438135,0.9561683453398625,-9.6659151716551275,12.819736879615448,-9.6534665607558843,,0.7119663600001251,0.3956834532374101,0,1
-0.28952365756827408,0.92869712861101028,-0.23172763110590183,-0.95644546075103054,-0.27127452980796352,0.10780635457252462,0.037257647765757351,0.25284733098676859,0.96678854714763274,-7.5809690173528317,17.069533887577911,-9.8011601146724079,,0.1084601767240243,0.4468085106382979,1,4
0.50615481995177036,-0.77367066287723341,-0.38110497719485842,0.86193703275606681,0.46891849451572015,0.19282115305323289,0.029527102859213679,-0.42608584921845655,0.90420075165448122,-17.77391879822072,4.8717706968940293,-10.497856651657708,,0.2184076390202135,0.15,0,1
0.25091647478776263,-0.92362085792516635,-0.28976789588507124,0.96597166157959546,0.21949709455709368,0.13682022696279034,-0.062766804166192833,-0.31423802488969044,0.94726701199196672,-11.226515588205846,-8.7564165953389885,-6.9585075440059025,,0.0812956622720738,0.3469387755102041,0,2
-0.92072842760508966,0.2896592004462421,-0.26145116216361503,-0.30373224459806142,-0.95265172236103302,0.014192232875153272,-0.24496098912129757,0.092478340596071532,0.96511236150477042,-3.5044002449675657,-17.363216637681489,-3.9139870903911151,,0.1937420238884195,0.3214285714285715,0,5
0.40386138091587509,0.89199268806814358,-0.20308872306874043,-0.89014298920791501,0.43437645790214507,0.13770458084023643,0.21104843938944837,0.12516444085024725,0.96942891383428675,-14.960775907310891,8.6749599880926365,-10.352596758116585,,0.5012002797401702,0.9065155807365439,1,5
-0.63822954575685675,0.76476818163832383,-0.088276130842990963,-0.76547570286655087,-0.64262145838285523,-0.032933410798954919,-0.081914560634583231,0.046554157488937056,0.99555146284686813,11.243926322616003,7.0584761531284785,-3.9687131364061878,,0.4077499558747907,0.55,0,3
0.15875334315859702,-0.94508379173433377,-0.28568164560752185,0.98406088852864426,0.12797615255440559,0.12347579538348841,-0.080134535028178147,-0.30073032932915905,0.95033663789069589,-15.557918359472366,14.764915778622189,-11.353773274584984,,0.1283790801327193,0.44,0,2
0.37248301828595926,-0.85196716332934386,-0.36797874082225751,0.92803476636169513,0.34314770328018018,0.14491765302244161,0.0028059780072145898,-0.39547642956577056,0.91847183960387946,-16.271154290283018,11.044404393785639,-11.005466177869454,,0.2135586307266536,0.1276595744680851,1,5
-0.28431465841342907,-0.81629781453170869,-0.50281512805603978,0.94014232549240273,-0.34015702466797326,0.020630229925261472,-0.18787650951886595,-0.46685230700917418,0.86414775392360987,8.7416196793633176,2.5637264255057888,-3.824336895613857,,0.389657597935132,0.2417582417582418,0,1
0.95164503419543944,-0.031897562965852909,-0.30553931722120775,0.10354388718959986,0.96970063980261512,0.22126755883334548,0.2892237755040718,-0.24220490218664037,0.92611359618565792,-6.133958510267524,-2.8511424901227418,-6.5705102617026068,,0.2447061241429452,0.3355350066050198,1,4
0.39914497592382897,0.91445300568445709,-0.06677565865963507,-0.89469736247363574,0.4043762978865092,0.18972727608417481,0.20049917151321486,-0.015984683364496318,0.97956345997605043,8.3085674047796498,-6.7415324273429329,-2.5448239065308176,,0.1034716694241185,0.3076923076923077,0,5
0.83553900899138545,-0.465981953412482,-0.29109342752384709,0.52716965529541093,0.82920590236801306,0.18576793591405028,0.15481188258467554,-0.30867197892250686,0.93848542366871757,-9.0889554124117122,-14.863565883439852,-5.6503234189073615,,0.177063488573624,0.2272727272727273,0,6
0.33395982406255126,-0.89173826400330469,-0.30540744002804138,0.94137843017076306,0.29913419093862714,0.1559659803313598,-0.047723025064834938,-0.33959034780727337,0.93936196886759038,-6.6316160783974123,-15.498078953918494,-4.9130991296898632,,0.1145592809926108,0.2592592592592592,0,5
-0.3682263553405265,0.91398110139952682,-0.17043443759152513,-0.92956785844416889,-0.35843297477989888,0.086193962305681937,0.017690330131267095,0.19016926374927032,0.98159192302346632,-7.0756890811460726,12.07196702172031,-8.8966554191112763,,0.1651084593611816,0.1774193548387097,0,8
0.37216110515527817,0.92088510501803578,-0.11604626303988506,-0.9084620460525612,0.38702794207812419,0.15781661171361347,0.19024411342166497,0.046690420930767793,0.9806259133337808,-3.4102031523247094,16.98373885858539,-8.7763268662183975,,0.1897647900084948,0.1935483870967742,0,8
0.96019248395876544,0.13825853347416564,-0.24272406487752085,-0.074914963873405668,0.96454556103136169,0.25306048463270647,0.26910619081868076,-0.22480311077978199,0.93650703117851231,-11.712262765386019,17.120972492026102,-10.737372576063185,,0.1450477717558194,0.4736842105263158,0,4
0.96789017787733589,-0.016558428495765064,-0.25082747460023103,0.072080858266463016,0.97420742450089948,0.21383227988050327,0.24081726150786817,-0.22504602305545071,0.94411934312711565,11.008292482919078,11.293043447677013,-4.5845207162477335,,0.1474872272445965,0.5,1,6
0.90863062854532817,0.37880163033832009,-0.17578312126695678,-0.32495223789093092,0.90573711822915048,0.27211452690297683,0.26229072411924681,-0.19013047497701593,0.94607292452855729,8.0029637678911705,15.441753032113779,-5.8242786367735349,,0.2518104990699883,0.1153846153846154,0,4
-0.93932819266258261,0.27875172700100509,-0.19990002792196648,-0.28078328540776926,-0.95958888009333765,-0.018706358192685544,-0.19703627357637721,0.038557176960600271,0.97963771415761847,12.91333808267267,-4.7378952868541067,-1.704206504394393,,0.09232815857706887,0.2222222222222222,0,9
0.068328868606600063,0.99105263824192269,-0.11465528312583538,-0.98819883296817068,0.08302431534659889,0.12872462694283845,0.13709205752080036,0.10450660885777485,0.98503001805516599,4.0224756976132152,2.5203102640185699,-4.9273538933999435,,0.08273170925207224,0.2745098039215687,0,3
0.60871657854327699,0.78322604787754391,-0.12657442448097095,-0.76792232035717012,0.62172780627779156,0.15410984653247792,0.19939768530207563,0.0033901072442210651,0.97991278707293472,-8.1249868518835271,-13.464749653312996,-5.6073079879526588,,0.3286053267386638,0.392156862745098,0,4
0.66237876883435742,0.72242843086327957,-0.19837219784511886,-0.69879643300606953,0.69124337851696105,0.18402754379291517,0.27007019794023379,0.016725846372581385,0.96269534861639716,4.3749514878083859,4.1555084180502906,-5.1239099629721592,,0.2315190370853226,0.5486725663716814,1,5
-0.6097579822929291,0.75746212667309698,-0.23333737310153624,-0.78956862290945262,-0.60618667171456497,0.095494024695210247,-0.069112898556832641,0.24246411217227151,0.96769549010088185,-11.27405207820812,6.5843524887582738,-9.1359792528718362,,0.08355989272626366,0.5581395348837209,0,5
-0.79702123056088303,-0.52334481062195193,-0.30144214574324063,0.5456923920582738,-0.83790127257947511,0.011885733440381135,-0.25879909444380805,-0.15502150368503653,0.95341038493940045,-11.904815720116092,-14.950061171303895,-6.3091096199337589,,0.214057568167054,0.2857142857142857,0,2
0.1549514565495945,0.97020790014844493,-0.18624359479644989,-0.9751317234710406,0.18044024899017774,0.12868348155362042,0.15845557103982638,0.16167234467869784,0.97403998119817192,9.2273767151938806,7.7652264490758354,-4.4758129305700676,,0.5420628309777611,0.96,1,5
-0.96985134699777298,0.056277835384909679,-0.23711003768502734,-0.034646854359506478,-0.99492849575412134,-0.094429252985678155,-0.24122180707721513,-0.08336722126130322,0.96688259173985158,-8.4210862894075245,-11.065476855373959,-6.0424237533132921,,0.5856626464370955,0.1511627906976744,0,3
-0.18833969562992661,-0.88047557372845353,-0.43507576709991291,0.96957519704805617,-0.23723176999535772,0.06037403890823953,-0.15637166085723653,-0.41046784450480484,0.89836743724843982,4.2651815248279226,6.146991178640806,-5.3906375005988796,,0.2016189543886074,0.2391304347826087,0,5
0.088232560632571941,-0.94272958224395809,-0.32167677878011508,0.99288980248299774,0.057330664799776519,0.10432178583061649,-0.079905289996926102,-0.32859417163995347,0.94108502006713479,3.8588408728552861,21.8145925102686,-7.8333915989662026,,0.3238518235423854,0.8857142857142857,1,5
-0.3683621773198113,0.92428528912433938,-0.10003004862811951,-0.92907422549794583,-0.36209303773545959,0.075562659686505801,0.033621270582764581,0.12076976580188914,0.99211101890491937,1.8911689379047874,-11.616601709242454,-3.3849877620003692,,0.2037269089140736,0.1818181818181818,0,4
0.44721848616728394,0.88881680590593248,-0.10000155583499608,-0.86646654204488127,0.45825859220949056,0.19807774782383569,0.22188140333752621,-0.0019360282417437745,0.97507173820576842,-28.343644566315945,10.258196316878923,-13.824599638339665,,0.2859312793202167,0.2941176470588235,0,1
-0.18564210300012568,0.96001266113132211,-0.20955357324858342,-0.98025890289993556,-0.16616911584433844,0.10714620023559868,0.068040376829547625,0.22530760175162654,0.9719089420896514,6.3217238043765667,12.193571489092118,-5.7874909460821726,,0.1392584190617666,0.3714285714285714,1,5
0.72506250224008773,0.66693472844165624,-0.1717045015245548,-0.61928545257723056,0.74048124141187832,0.26109971149608169,0.30128042762774432,-0.082979510215332467,0.94991815690240711,2.7207634670361776,-18.03780566522266,-2.2736813433215413,,0.5401570280293961,0.6382978723404256,0,2
-0.65453722681536441,-0.68100124844580312,-0.3283569982931836,0.71032673595744344,-0.70265693063109502,0.041342061150030238,-0.25887631582842141,-0.20618083677040885,0.94364851276932438,0.079889649007426497,3.2076068307507457,-5.9824339277114591,,0.1198114504364971,0.3507246376811594,0,5
0.30994472572294718,-0.84857707390549153,-0.42877875021801137,0.95040570999628504,0.26431728743710842,0.1639065525485342,-0.025753706587273606,-0.45831574400611841,0.88841624557024734,0.98431249210475746,-18.931814804472282,-2.6081633769250732,,0.3137512406335767,0.1666666666666667,0,4
0.74149065408131487,0.64866848157201717,-0.1715249571494421,-0.62418788333562658,0.76065550183397823,0.17830505833175095,0.24613227380222724,-0.025147734386072693,0.96890995208439945,-1.4592242703485943,20.253414559667789,-8.811919030086246,,0.3183123399084534,0.6666666666666666,0,5
0.88689539123361083,-0.36326854176425666,-0.2853988990396617,0.4217444063944672,0.8888152537045676,0.17927381419790153,0.18854235779675316,-0.27936250884210612,0.9414926276768637,-7.7511237169666014,-18.676326373101347,-4.7331859564986827,,0.1400545571518439,0.4285714285714285,0,3
0.81734035888141521,-0.50519244600588442,-0.27701142619428387,0.55679338702483749,0.81618169437430788,0.15436504116442085,0.14810760246864133,-0.28040690837936821,0.94838605210331717,-12.988325299027682,18.76421841208111,-11.284803759732693,,0.1061309689716569,0.3478260869565217,0,1
0.24271951520640322,0.95111158112619265,-0.19098166714531117,-0.95353231533945404,0.2701311135516784,0.13343652084309646,0.17850311073297456,0.14971954361059192,0.97248172102085695,19.013227758772377,-8.9516593755171474,0.34952135034886783,,0.2094031379126528,0.6818181818181818,0,5
