axis_00,axis_01,axis_02,axis_10,axis_11,axis_12,axis_20,axis_21,axis_22,location_x,location_y,location_z,dbh,dbh_approximation,score,reconstructed,number_clusters
-0.80281292054123177,-0.49836548240223133,-0.3272968997134717,0.51530042017324162,-0.85609461576422996,0.039591486822006118,-0.29992814403009876,-0.13687167277960682,0.94409176122301475,-1.836796208315371,4.8989380453739448,-2.4033317913966066,0.1530041543594066,0.09423105140095027,0.3813953488372093,1,4
0.47486172382834219,0.85239134296431096,-0.21894141152891836,-0.85561267098399629,0.50538662268774237,0.11185400690145329,0.20599344769775618,0.13421385937293276,0.96930559652661441,3.9338164464426475,2.0035072389746942,-0.20332590412426851,,0.09919398117652958,0.3125,0,5
0.95405577023888566,-0.059714278342386691,-0.29361844668878506,0.11666223836166295,0.97664141975796048,0.18044794084057103,0.27598461807559765,-0.20641158440166008,0.93873678334795374,-4.7846220258591501,-0.48144969432170515,-2.7035942665179591,0.8708162778808392,0.4044242658765314,0.4630914826498423,1,5
-0.39600693764985234,0.8721913385325909,-0.28715984106750331,-0.91115300115053854,-0.41203737710464083,0.0050406708973008661,-0.1139241582262205,0.26364269164430809,0.95786941558596173,-15.763366250307726,16.331745693242031,-8.0362304035067673,0.3217357491985296,0.20051802959772,0.5849056603773585,1,3
-0.93874196420659706,-0.08706436419203592,-0.33344163076223193,0.10426231793886688,-0.99396858167425817,-0.033997466118498229,-0.32847053702814005,-0.066680245442712366,0.94215755114107391,-16.122638894165984,12.444862196069979,-7.7220424077366454,,0.7025095489259248,0.3770491803278688,0,2
-0.94013377422272293,-0.1136525170379642,-0.32129673502336359,0.12050313265362474,-0.99271189260673831,-0.0014468233516376865,-0.31879065479778607,-0.040077470579905655,0.94697746264919924,-4.8633021702520862,-5.7624140161923476,-2.1918036868464901,,0.06735880554929509,0.2698412698412698,0,5
-0.35080884626394188,-0.81721395225650606,-0.45726853119393995,0.91477433190132229,-0.403502704416417,0.019325869272227798,-0.20030245899002733,-0.41151782921999736,0.8891186653965879,-13.1950818989379,-3.7499316589461102,-4.8882230661813235,,0.1423165083641423,0.4117647058823529,0,3
0.098592572487540137,-0.89697186162233955,-0.43095357535127071,0.99427775490936532,0.070894964257221013,0.079910263016454389,-0.041124819059549927,-0.43636611176937373,0.89882888569326547,-30.694570696110723,14.657337076650338,-12.286899469859224,,0.1915838598371775,0.5714285714285714,0,2
0.74652262466737773,-0.57000265660151417,-0.34322141880562507,0.63636002477148701,0.76229148175891315,0.11814235358512669,0.19429330851205887,-0.30660833045600266,0.93179474239900106,-8.6216143745623466,7.9476130279633894,-4.8965771208582325,,0.07256450769981775,0.2521008403361344,0,5
0.2004418192499493,-0.88317282876931102,-0.42406229686142161,0.97952162331153791,0.17226962349188041,0.10421404073874049,-0.018985956939294529,-0.43626704132398042,0.89961691963497448,10.289565903794356,-10.788060052160525,3.1359274435438933,,0.2949107075588875,0.1538461538461539,0,5
-0.95055483005830999,-0.032663341840168295,-0.30883429400351747,0.028990572175826519,-0.99944390568733055,0.016475014700259642,-0.30920068204604112,0.0067071219079340352,0.95097316089255446,-4.7559199238378298,-9.205994329622575,-1.737583851525544,,0.2020392234256249,0.5333333333333333,1,5
0.17396444724368004,-0.92629795571635487,-0.33422816806921435,0.98470079862513027,0.16017080665516237,0.068626888917287729,-0.010035351624733719,-0.34105338281731901,0.93999036260305968,-4.4813493507454218,20.773104459909533,-4.9541713204690723,,0.1012969146891389,0.3157894736842105,0,2
0.013644034361555212,-0.94129660179581065,-0.33730482915902604,0.99765630219480761,-0.0098052331745935289,0.067718240477545974,-0.067050302141926227,-0.33743823857122496,0.93895670407778953,-1.9355805283927083,-11.094269626705161,-0.62495816931464554,0.1325308143682518,0.07834387719325767,0.28125,1,5
0.94793108695774198,-0.017363883900760907,-0.31800180803730466,0.10907018489945465,0.95582932023682277,0.27293589969370508,0.29921622473574638,-0.29340894006743279,0.90795420850579966,11.519932183918375,3.3769359692349901,1.9424825476420862,,0.1353404191532342,0.1764705882352941,0,4
-0.9165755986815034,0.25882833721373649,-0.30479019629380583,-0.26321034066154037,-0.96434951961336746,-0.027391980401272213,-0.30101410011904817,0.055117110561422232,0.95202553308872984,-10.548973242285841,11.198508296165626,-5.9289131599043614,0.1367927400843557,0.1332027018963978,0.2222222222222222,1,5
0.9389613951337914,-0.11015891160303552,-0.32590874895105093,0.17898460999077156,0.96546228711026727,0.18933325527826084,0.29379586081981474,-0.2361092678448822,0.92624856588439464,30.92842147704728,-8.3721982563916857,9.2386485715439193,0.7361601789268751,0.6852874131500621,0.9111111111111111,1,5
-0.40920543070101151,-0.84187545600197122,-0.35184745567684922,0.89142786591696876,-0.4511446255021872,0.042718693182366145,-0.19469790792794237,-0.29616590529965464,0.93508207189878167,-5.9703091407174531,-9.9200748613583514,-2.013720006700312,,0.06916633991830959,0.2291666666666667,0,5
-0.94424835448795252,0.1151398377036069,-0.30844426209670683,-0.091860057319342533,-0.99178553592627994,-0.089012249700305454,-0.31615941377109436,-0.055715962712758277,0.94706861239453488,-9.7294048922015044,-16.965568693535943,-2.4784394376108181,,0.2109779284641142,0.2380952380952381,0,5
-0.94623775690765211,-0.072233654114963353,-0.31530367364744588,0.06300690514635926,-0.9972361232532887,0.039373142910228351,-0.31727627914209555,0.017390045771975653,0.94817369136767127,-0.28474359378325464,-11.291683512411,-0.18352583155152657,,0.1190147617507122,0.3902439024390244,1,5
-0.75400266185977638,0.58938026038587332,-0.29001878314318286,-0.62303889979116933,-0.78155578418710248,0.031513259918535201,-0.20809256415206551,0.20445406543075689,0.95650197065842724,-12.348692377712325,8.013058073846361,-5.9681824080991968,0.1444653105256419,0.166909821812505,0.6625766871165644,1,5
0.14654560754542173,-0.93116768219058399,-0.33384297589279704,0.98892589132937658,0.1299081623817811,0.07175967394704981,-0.02345136174172785,-0.34066202751466773,0.93989330066878041,2.9806503305905623,1.9889274912627366,-0.45562177851754326,,0.08508760238227411,0.3790322580645161,0,5
-0.87558275290448306,-0.31630376558891787,-0.36511199746170697,0.39014754967116766,-0.90871779556394017,-0.14838078551819353,-0.28485036826690324,-0.27236720782738028,0.91906276814944798,-20.443077341784562,15.194704524745529,-9.3518030294611822,,0.2503257435888143,0.3529411764705883,0,2
0.76268723912082392,-0.54687597530613941,-0.34530398624286746,0.6148298855583394,0.77874503926383998,0.12466104301777621,0.20072963684163533,-0.30738059706969056,0.93017459728725449,-0.21016051408546357,-1.6603959343618826,-1.1685992214439402,,0.09252569837979011,0.4297520661157025,0,5
-0.94160834532454796,0.14295049478255908,-0.30485878707458586,-0.16690929172534091,-0.98449846479688152,0.053889341695068073,-0.2924294997959529,0.10162641809098784,0.9508717362478939,-6.3445694579540453,-4.1417326553481928,-2.8459946549475528,,0.08438558587127205,0.2608695652173913,0,4
-0.83768973785683787,-0.42368059793535845,-0.34463118550485422,0.45234427087276147,-0.89183800464184904,-0.0031038822523949605,-0.3060401341293883,-0.15849203263755579,0.93873303547520037,-16.337607200633492,14.75216800899919,-8.122857760009909,,0.09404087580224814,0.3125,0,4
-0.94768155486709138,0.069666060427617152,-0.31152256834648062,-0.028617838755807305,-0.99050708554845268,-0.13444974073331992,-0.31793189501784624,-0.11850043671989538,0.9406789870234985,15.820252148602044,-12.611906565797485,5.0553688060991728,,0.4523330388274359,0.8,0,3
-0.8954735579647648,-0.2534375534006148,-0.36591872528231695,0.31554073852329123,-0.94125978380237085,-0.12026662765908773,-0.31394450037881105,-0.22315784978939049,0.92284312034022042,-14.810192845865654,-14.675451508958801,-4.4076083061293554,,0.182798387538749,0.2121212121212121,0,3
0.95239331511422287,-0.044716457735198938,-0.30157488578022584,0.13843682248788955,0.94475515387489162,0.29710763269610863,0.27162882671983968,-0.32471239217874859,0.90596889729193109,13.682081560132053,3.1557963292676137,2.601189089571637,,0.4600112398449474,0.125,0,5
0.7043785857179885,-0.62863098099735382,-0.32965724277229502,0.68759173127613116,0.71959355605652098,0.096967650083026116,0.17626235860960279,-0.2949715305113968,0.93910775586465312,-4.1988757046482066,-1.9028962135443859,-2.3800816286277744,,0.06744251387482784,0.2991452991452991,0,5
0.85133783543803121,0.44596128303465959,-0.27630132823742909,-0.42439957076456825,0.89505202652712978,0.13699224118368247,0.30839729941511723,0.00063548702452408188,0.95125743196555579,-2.3994448055903383,-2.1023247268518976,-1.7562296501699231,0.2664584574446647,0.2988629407212351,0.7930449533502969,1,5
0.95009279113805678,-0.042852365477292147,-0.30901029594578078,0.081814097999910171,0.99007769596824868,0.11424801667716876,0.30104840407475936,-0.13382761568228776,0.94417160923469612,6.0780763827828803,0.38803436628717392,0.67992400658434415,,0.079989524227112,0.6086956521739131,0,5
-0.020943211147042683,-0.82944285916150862,-0.55819882236783058,0.9960130237408682,-0.06573481186778303,0.060307470907678559,-0.086714695671631759,-0.55471026481821106,0.82751258821838303,-3.4579799003609133,13.474535271310256,-3.8542253809412146,,0.5907888247947813,0.2580645161290323,0,3
-0.67170013230968095,-0.5985938235485635,-0.43646805915744802,0.68800794456081305,-0.72251890779568817,-0.067907997312042848,-0.27470711762960182,-0.3459073030267476,0.89715335212905445,5.6381310583498232,4.723935293512139,0.035170066299285006,,0.09594188832622556,0.3548387096774194,0,5
-0.07573777177854886,0.95458222167894979,-0.28816067042624205,-0.99603161997910039,-0.058879603454600228,0.066739825433082933,0.04674186483046866,0.29207186504610455,0.95525348663098886,-7.6004883933792229,8.6065834455783392,-4.6491821750050857,,0.08026090967629239,0.3687943262411347,0,4
-0.066615808122016507,-0.94226125277205541,-0.32818602290878685,0.99309840505407621,-0.094434899370332281,0.069552912663417871,-0.096529228668318354,-0.32128769242744315,0.94204900440866024,-0.62577976948235992,-4.0177764706629135,-1.0515885315742837,,0.1415378842842776,0.5842105263157895,0,5
-0.11182730395423499,-0.80153412467336638,-0.58739909863263118,0.98754177691195522,-0.15548998562969005,0.024168227540655517,-0.11070633651198679,-0.5773784818929254,0.80893645962035599,-21.581902868829086,17.184973877557418,-9.9039972803706586,,0.3216476700671962,0.2727272727272727,0,1
-0.6986178948913,0.66395864446812247,-0.26663074723988966,-0.69375095985166479,-0.71976709321965471,0.025395614247797384,-0.17505040029243699,0.20271716738890785,0.96346411837871537,-12.180096751585486,-1.366901974123035,-5.0363135027679569,0.7104751175392717,0.6959386791085004,0.9397163120567376,1,3
-0.83723286532798791,-0.41762058452683271,-0.35303565909714468,0.4504720269934866,-0.89270599519456817,-0.012286538977940072,-0.31002593780370769,-0.16931938318793693,0.93552918947822772,8.6429270812835863,4.516188812319065,0.9480128236561991,,0.1170616885798118,0.3548387096774194,0,5
0.11294012678440382,-0.9367233880871757,-0.33135150817886128,0.99292252060118191,0.094072943298823528,0.072492409410173694,-0.036734123712410846,-0.33719367661564997,0.94071835774874868,19.187260916665686,-8.721909770154328,5.6668294333962894,0.2293768820078832,0.2605039913487125,0.8461538461538461,1,5
-0.035066853504766633,-0.84190793997628977,-0.53848058125633036,0.99574143975602225,-0.075401015729264331,0.053044056967763029,-0.085260195506926303,-0.534327341085851,0.8409667006667062,5.56101099885952,-10.511354257615004,1.5891446003612082,,0.2656621586303927,0.2,0,3
0.181987732259493,-0.91465229889661703,-0.36095932932974567,0.98320488437833109,0.16413866698440269,0.079791311150870362,-0.013733923024350335,-0.36941801542929126,0.92916183156361098,-5.9195291281986018,-11.68487067501451,-1.8901208006761376,,0.08277826526718757,0.303030303030303,0,5
0.91049580168300248,-0.26690063485555288,-0.31585035417319052,0.31161259885989462,0.94495690419541312,0.099769922547848625,0.27183631720101276,-0.18926304532878044,0.94354889450598523,1.5538829299398815,2.1713533521145503,-0.97564521196938259,,0.08129464877285704,0.4485294117647059,0,5
-0.14096066404613661,0.98604894562209711,-0.088530040264436907,-0.98883086401714515,-0.13585528472355238,0.061293262107582833,0.048410882648208198,0.0961811751343946,0.99418588201150215,-9.6985908989291509,18.939127451074604,-6.4027725441012358,0.3662868644120906,0.284281556906999,0.3225806451612903,1,5
-0.27484682593521903,-0.78451502174594934,-0.55587354940515743,0.95016528470516559,-0.31008157310786538,-0.03217685130809609,-0.14712292144491679,-0.53701545478124202,0.83064387514241544,2.4853291763172893,8.0335144577367306,-1.4426830806836259,,0.4346764963899722,0.21875,0,2
0.92090045189068692,0.25785232739470026,-0.29232607643634023,-0.22867543927316533,0.96470854674273732,0.13055636068281348,0.31567372583215353,-0.053381617609925415,0.94736503087278578,9.1058560659387613,0.4907784055454818,1.5985283367118464,,0.09536278337512084,0.3333333333333333,0,5
-0.27329926669790577,-0.79773590121302862,-0.53751738831243923,0.94830017717294568,-0.31716829889859149,-0.0114474515738131,-0.16135143258164161,-0.5128564146909077,0.84317495996634118,-22.539796251683935,15.6638800711677,-10.049655236941852,,0.2718933529600593,0.65625,0,2
-0.55991780368015698,-0.72917480216160879,-0.39344143276295784,0.82077457130683518,-0.55303444285306791,-0.14311536645056069,-0.11323054454550142,-0.40305956496624246,0.90814196625370947,-29.181624466827497,12.217839249603685,-11.484162941326593,,0.6279763761938164,0.125,0,2
-0.95785789865132742,0.020628554033005817,-0.28650080060930339,0.010784710695414266,-0.99413190209769464,-0.10763573406093933,-0.28703995541819727,-0.10618956629598034,0.9520146217382337,-3.5973002576975568,-7.6643847667804685,-1.5803987461540439,0.7493053615751175,0.5426276938134013,0.9241706161137441,1,5
-0.75359612226089201,0.62685985244382925,-0.19783733193572844,-0.63755764578396279,-0.77030609794397498,-0.012196875531804742,-0.16004103478720083,0.11694118549265664,0.9801589801250683,-0.26755623204241813,-9.2505182975976563,-0.42172418821100949,,0.1803649686873983,0.1739130434782609,0,5
-0.50445687304642906,-0.74922062694840796,-0.4291756230160963,0.8264717574339947,-0.56286742344127194,0.01116681658078498,-0.24993538645054628,-0.3490683540277168,0.90315202862873412,0.79641976692272987,-10.861333103792143,0.12021209740648112,,0.2121637251462128,0.48,0,5
-0.7244217435014465,-0.58713140042494405,-0.3612337971139592,0.6406880855025433,-0.76683725237826339,-0.038463040181998302,-0.25442467379837791,-0.25930165252076598,0.93168167222640452,-6.7448320610254715,-11.102665299721538,-2.2128984055819312,,0.1493566758759896,0.3333333333333333,0,4
0.91288873918469104,-0.21253291070442637,-0.34851673092878988,0.3026817925641076,0.92527614718727058,0.2285777414720431,0.27389392530679596,-0.31415571507420653,0.90900401779433859,-3.4153888929999821,9.4420359724153204,-3.4355933690127212,,0.1364767505724526,0.1111111111111111,0,3
-0.931955173533771,0.21260015025305834,-0.29370177159154998,-0.18919004116911475,-0.97617091153846236,-0.1062896033890204,-0.30930031174582856,-0.043491695512402923,0.94996936244038355,25.888217447651233,-7.5334376443267699,7.662873147300588,,0.1977979005207233,0.4285714285714285,0,5
-0.21535785454527903,-0.91905034482982173,-0.33010219350049891,0.96605969391956814,-0.24988638540695843,0.065463441494286831,-0.14265224242781913,-0.30480035770390995,0.94167249066428815,-0.30419072087042059,-5.8762361383233488,-0.75272909478908823,0.307665952855456,0.2537939209298102,0.826865671641791,1,5
-0.94371209139155798,0.13891649869900413,-0.30018276924331083,-0.15847302153422085,-0.98648282871734805,0.041688488718525589,-0.29033392844651768,0.086912801330010322,0.95297029070049388,-14.259426528964848,12.895027017959539,-7.2750157081284286,,0.1127628246531499,0.3809523809523809,0,5
-0.58426607563068411,0.77313478090403021,-0.24677066969880412,-0.79737780130642211,-0.60347403819562284,-0.0027797855318617897,-0.1510688414295118,0.19514531964754997,0.96906991975233647,-1.5135461684256235,22.180809030092774,-4.1297348725626248,0.2225030380333463,0.2044501917096851,0.53125,1,5
-0.78970146527992258,-0.4785579431661674,-0.38386702224508695,0.55464197052225861,-0.82433275999532962,-0.113348071592189,-0.26219054191547175,-0.30241989985953205,0.91640510905331685,-9.5085024312876101,15.560889422576906,-6.0857321188845477,,0.3577176477902835,0.25,0,3
0.93649198352636986,0.19120117383944588,-0.293981080876413,-0.13626731539596909,0.97082187568733347,0.19732233639835037,0.32313152669713546,-0.14473077353951466,0.9352213746728808,8.044898024125569,-4.8051043907558784,1.7868610355524528,0.4755083743247909,0.3842234842519557,0.8152610441767069,1,5
-0.76961519553510893,0.59374615349336379,-0.23485730989963491,-0.60773834259459369,-0.79398116989312395,-0.01574829500373133,-0.19582277125460815,0.13061166512598762,0.97190227656446238,-0.51123866983620136,12.205624068512158,-2.7632407706854614,0.4604503690924449,0.789646705429351,0.7071823204419889,1,5
0.12858331534248355,-0.91141639961200605,-0.39087910859218761,0.99106130145905136,0.10396847914502531,0.083594569767189555,-0.035550355354433613,-0.39813402499982115,0.91663813491018098,1.9118701224132184,4.5835586260233212,-1.1985734620958246,0.2243887105055749,0.3671176497131484,0.1666666666666667,1,5
-0.28493372902242298,-0.86600159774121432,-0.41091848677693005,0.94419035469835311,-0.32748598408316748,0.035461307416381392,-0.1652795939006875,-0.37788114922385974,0.91098215838801189,-5.8520437688033846,-2.4167915789421013,-2.7925787812200999,,0.08366048220741769,0.1987179487179487,0,5
-0.16493271062174916,-0.9075238366341184,-0.38626116412066686,0.97806822682101691,-0.20099758263696893,0.054612411201912188,-0.12719962519659497,-0.36878239886820158,0.92077130582727262,-15.299648712049809,-6.5750728025121186,-5.2926237746681704,,0.1049338023125555,0.4444444444444444,0,1
-0.22153463815112656,-0.9084357168666557,-0.35449534894017215,0.96438566047593666,-0.25797076313205025,0.05840704784063297,-0.14450848406802921,-0.32893104701446563,0.93323183847440982,-14.918372906171767,0.36037633430080651,-6.0391242880579039,,0.06965789686296026,0.2361111111111111,0,1
-0.9491351795303703,-0.06326270102267291,-0.30844811822601331,0.047665162479453953,-0.99718668805324717,0.057851028125728822,-0.31124016974622687,0.040206216294405357,0.94948039311384858,0.45549597092866356,9.1021469375187785,-2.1441040464062309,0.2418859134206502,0.21602992053187,0.7135416666666666,1,5
-0.034603998547722191,-0.78978545278440482,-0.61240632088070501,0.99566835087852168,-0.080155899635972291,0.047112278785810681,-0.086296572025505461,-0.60812331835219058,0.78913809395628975,-17.656529643422235,-0.70675691613515845,-6.6935917659453779,,0.5163304626853336,0.1923076923076923,0,1
0.83675525598952349,0.48648025782592219,-0.25135154727896875,-0.442637802260332,0.8711514787501351,0.21252500342688199,0.32235449055977272,-0.066573717164338242,0.94427513077432701,-12.321006419686331,21.313429761307869,-7.3474811048817639,0.8399210604148712,0.7070461074351574,0.9,1,5
0.91895008221899144,0.29799050620664674,-0.25832615934205377,-0.25808776362363145,0.94969277948660047,0.17741006414171848,0.29819700309939778,-0.096360172279436163,0.94962796111994097,7.3381497580334765,-7.0231049332724353,1.7440436205816063,0.4925521659593891,0.3444635548136269,0.3642857142857143,1,5
0.40472456578961008,0.90928396583165183,-0.096957182961734084,-0.89271002989629022,0.4158569047663751,0.17358524499707617,0.19815859398213423,0.01630043679150503,0.98003442153397347,-12.960413191160377,10.083521560090096,-6.4914814426113923,,0.1007701100156333,0.2727272727272727,0,2
-0.44846151766778108,-0.8234137326683526,-0.34766663921676694,0.86698936288396977,-0.49531017542901107,0.054747372197490492,-0.21728256215619079,-0.27687118840654634,0.93601850046523549,14.001341944059707,14.720941497756804,1.3994027332058443,,0.1381865235188855,0.1333333333333333,0,3
0.27287995182489438,0.9561831601304106,-0.10606741335143566,-0.9486566390770752,0.28577267870913564,0.13558966493944968,0.1599597231400155,0.063621854628941335,0.98507113783043243,-12.784826698557541,-6.8013784524443199,-4.4847029873734385,,0.3139405871105996,0.25,0,1
0.94224608052792502,0.15701652661051901,-0.29583463979211833,-0.12253267002238816,0.9836713871553413,0.1318193721312311,0.31170189044493907,-0.08795687842946473,0.94610016331781521,-8.0377405537800843,-14.532184251971776,-2.1606027360788542,0.1851220146724892,0.1042809944994188,0.2916666666666667,1,5
-0.041572434636020957,0.99744863724516342,-0.058034030845702952,-0.99722668042272888,-0.037834274607937528,0.064089901840738081,0.061730709792598648,0.060537457186913765,0.99625525632030887,-13.506422215674215,15.064591220356601,-7.2054546494001119,,0.272931682555372,0.25,0,1
-0.68822989812254609,-0.64709724659710577,-0.32803164599879076,0.6709661773775194,-0.73970040877776488,0.051455748652686158,-0.27594201591209427,-0.18468475492160671,0.94326430291510421,-11.293260433270596,14.085060324000146,-6.4738718632221257,,0.1177279972347463,0.4342105263157895,0,5
-0.46170658535512538,-0.81423913431833728,-0.35191143940519443,0.86081592753665592,-0.50703137242269147,0.043762155778358305,-0.21406299992973521,-0.28272569661013719,0.93500973927408682,-4.5050220162492263,12.247427172714804,-4.0193765580049643,,0.1117863032383203,0.3611111111111111,0,4
0.91480942807932708,-0.24829813760843841,-0.31854629986448746,0.29448888886123037,0.94982986002032044,0.10535431339559219,0.27640550760513588,-0.1901874650810611,0.94203435366847843,7.9485250793867968,0.29309407836965501,1.2241137146964771,,0.08170976407367743,0.2,0,2
0.055366067676416636,0.99845352950800192,0.0050147744780320094,-0.99395241890912778,0.054638057098682087,0.095253722558106574,0.094832417952649711,-0.010258271272306321,0.99544039518986749,3.1287909069327471,8.6445125123798476,-1.2343064955491252,,0.3025020779567525,0.2413793103448276,0,6
0.94534098447067194,0.17437790988799032,-0.27554086379903359,-0.090489890692171643,0.9521015001809725,0.29208613975274633,0.31327624034155621,-0.25118733625769835,0.91584000750197758,3.1446376253680812,2.9418262079353337,-0.62056733440227074,,0.158098592784098,0.3,0,3
0.4221338420281347,-0.7492468623774563,-0.51032554181826328,0.90320628853269114,0.39579855439634087,0.16601778426653216,0.077597807762641399,-0.53101096368653722,0.84380444219921491,-0.15918121504484303,20.035320283909968,-3.5076428246127516,,0.3053765089980905,0.2380952380952381,0,5
-0.55922511892206783,0.77604370043515258,-0.29158779360857406,-0.8201183717494448,-0.56926666573882845,0.05780414861961105,-0.12113266564242807,0.27146203840226762,0.95479591485345583,-6.0422652469402394,-6.5202301515077989,-2.4112288775820478,0.2550775448180931,0.2441883406618288,0.8533834586466166,1,5
0.50483818098072242,-0.74869268017000201,-0.42964832326442776,0.85852641409670982,0.4872848724270899,0.15964288083707007,0.089837672066453586,-0.44945825586318205,0.88877245058232224,-7.5772845973511167,14.208938935053201,-5.2474207505615569,0.3538331982107781,0.2068924134899788,0.2631578947368421,1,3
-0.82761823640243015,0.51947824161068923,-0.21258036425596241,-0.51220743134965352,-0.85387053636096066,-0.092458933612903291,-0.22954651390147754,0.03236454275455982,0.97275944319650132,2.5413236048320882,5.8649036584334349,-1.0719519693683055,,0.3185570355289971,0.2222222222222222,0,1
0.14743538592757555,0.98904842514214475,0.0067837821479354793,-0.98154443854088513,0.1454653293895663,0.12413844334066809,0.12179212678102865,-0.024960982941958833,0.99224171812352546,-19.086698682796101,-6.6542798998138464,-6.4594369582906523,,0.2096979402872066,0.3,0,1
-0.50763213954352848,-0.75034008547546394,-0.42343755977845571,0.83108831149205586,-0.55603087129452133,-0.011040320137516576,-0.22716036054678007,-0.35751842791124638,0.90585801553009837,-4.4993380134972352,14.449772922642421,-4.2745439412146826,,0.1051021885104282,0.4444444444444444,0,1
0.095252922814205082,-0.92364235699986985,-0.37122995171601536,0.99309707701478767,0.062529852631948046,0.09923816380057951,-0.068447617343738776,-0.37812010510623589,0.92322267616995479,1.6372372896964305,-5.6922545900956347,-0.16014921510951097,,0.1060681146737106,0.14,1,5
0.95205298379421555,-0.028119779585514145,-0.30463813622820507,0.067796485905103843,0.99040072137720725,0.1204576589280545,0.29832658706097825,-0.13533546871227276,0.94482038417943703,8.3750617562351337,6.2194273271424221,0.57212710338614625,0.4133880176464704,0.6028936936997196,0.5,1,4
-0.79732579650306568,-0.50157741724714566,-0.33569579791596349,0.52404529859003468,-0.85125549151291968,0.027214209427788294,-0.29941292433098821,-0.15422121344607853,0.9415772501854458,14.899046719891123,-12.822463048438102,4.7529420285041724,0.4738831029321066,0.3560310859534839,0.5882352941176471,1,5
-0.36098945044521713,0.93251791366554626,-0.0098466928518038208,-0.93139817731248109,-0.36104491562904345,-0.046303392936217935,-0.046733841766422521,-0.0075438445950683098,0.99887889077829517,-25.98742212447349,11.812170330084294,-10.558933351949431,,0.6632363164344526,0.3,0,1
0.54368237415709664,0.82402062296035106,-0.15937217124372338,-0.80394419218677937,0.56583684468008422,0.18303661123292717,0.2410045889190707,0.028612552114800953,0.9701021131723343,6.1530115156765213,6.0751020045133259,-0.024192437174457845,,0.08656713562111203,0.3846153846153846,0,5
-0.08820286975787496,-0.9253615286565201,-0.36868183444393282,0.98969082047501544,-0.12333884594191251,0.07279841309539388,-0.11283764280578445,-0.35845999827621683,0.92670065069678709,-7.2073475509515603,-16.910020599003662,-1.6538865200512791,,0.2043097809019087,0.28125,1,5
0.93881535897896584,0.21451561306960673,-0.26946015196048367,-0.1510781073084792,0.95955880158270723,0.23753381190316222,0.30951757177466332,-0.18229086113826423,0.93325715357996952,0.18273372800521789,-2.4748973685458009,-0.99118814153205781,,0.1209813579155078,0.3043478260869565,0,5
0.93044707882672018,-0.15595426887863217,-0.33158181421989225,0.23129739136900121,0.95181509432182998,0.20136917084554237,0.28420019396319735,-0.26405736543345548,0.92168538965941305,-0.16912839630850074,-1.8339385574232046,-1.0975629626683732,0.1549067394357622,0.09508465669991661,0.3842794759825328,1,3
0.69057531671315531,0.66768563755597632,-0.27803169126557425,-0.66938794749003983,0.73560901017995639,0.10391900642874385,0.27390784527208772,0.11434716237640098,0.95493414367424723,9.1282306875433807,-0.42784570513520104,1.7729151159689234,0.1682983729394363,0.1343662043824717,0.3684210526315789,1,5
-0.062560336292341451,0.96130465151505118,-0.26829008796173537,-0.99627163730015045,-0.044150172951803485,0.074118735415572221,0.059405631334637755,0.27192669821820087,0.96048260877638014,13.577176770000172,-5.2837390497404444,3.54135984499292,,0.09057019194468226,0.6153846153846154,0,5
0.91835093157548431,-0.16274391833967025,-0.36075751346006618,0.29246751634392215,0.89318954484563318,0.34157750052084385,0.26663517839560619,-0.4191978697726173,0.86785876017935204,-5.1568455522210694,-3.163714070565244,-2.5249456984991139,0.4679094255276222,0.3712913097242906,0.1948051948051948,1,4
-0.84195635233270938,-0.40562641693148616,-0.35577620866764448,0.44217403095481922,-0.8966030844882823,-0.024187501633388897,-0.30917895645688076,-0.17767982095168483,0.93425813034236538,-3.9691952658407481,6.1255394534503553,-3.2545291281876749,,0.07614759016710657,0.3333333333333333,0,4
-0.72937535171819456,-0.57435465480744252,-0.37165619436110975,0.62268217273483928,-0.78236771479611966,-0.012948768393818484,-0.28333462207111088,-0.24086819911669644,0.92828013152824707,-9.223612465948694,12.158217825224328,-5.6615165548821,,0.0734812942807308,0.1851851851851852,0,2
-0.89890664617328331,0.33238201704937714,-0.28546284558184998,-0.35155482933866489,-0.93600977659240614,0.017172655359500324,-0.26148813249201541,0.11579245599615502,0.95823591234111893,12.810111776193775,6.2675794222410204,2.0510209859757036,0.3382902857264169,0.2498300818467915,0.525,1,5
-0.9508339601797251,0.13744558121089034,-0.2775310656026474,-0.062072131708287633,-0.96251798362924668,-0.26401928273419356,-0.30341692542462007,-0.23381155530873496,0.92372632633804519,8.4057315884652812,-5.7059373344664817,2.0435242002450824,,0.2442217139082273,0.1481481481481481,0,1
-0.33144381071180273,0.93351102491526683,-0.13675586533120301,-0.94156221518992023,-0.33650377150668703,-0.015026865555562926,-0.060046609125647903,0.12378359391867236,0.99049080087050179,9.4033199649426695,9.3808220460441873,0.60818271670682633,,0.4859023193462074,0.4285714285714285,0,4
0.91018242537710947,0.33897853560628644,-0.2380367722282854,-0.28535552538512465,0.92970754657268406,0.23284351392723029,0.30023353687891463,-0.14400496603943364,0.94293286775313934,22.297724275493671,-13.440987406942082,7.1701634481950336,,0.4539967665272231,0.5238095238095238,0,3
0.92805562616913928,-0.19035536315215532,-0.32012121212912209,0.24995256428533516,0.95553741844863171,0.15643515446251383,0.27610952599103278,-0.225195643083378,0.93437168835173501,13.112089122691415,11.696268206021362,1.5128718949462308,0.6802731446899062,0.7509030921014123,0.90625,1,5
-0.87602618029750701,-0.1820359287957842,-0.44658823547067966,0.25194907971016872,-0.9623551060900728,-0.10195249391536784,-0.41121745180203401,-0.20183054875271048,0.88891205241217264,14.44318918203142,2.3850375544881759,2.8917652858079053,,0.3689530870761913,0.1764705882352941,0,2
-0.87951358026203807,-0.33860324124763291,-0.33437061346842106,0.36056873303043419,-0.93272452358986524,-0.0038925383602364146,-0.31055764504432731,-0.12398712881043655,0.94243362683738385,0.49109218313359859,23.974061640309245,-3.5455604430563521,,0.2295814931704216,0.2631578947368421,0,5
-0.68067250264329626,-0.64241675430326028,-0.35211597228154279,0.68877079895618176,-0.72492489310576447,-0.008870505107295687,-0.24955907246697048,-0.24856510846468419,0.93591434234301851,-1.0367325053023793,-2.5124512625280966,-1.3452736267242162,0.4506456881677689,0.4354478765397382,0.568019093078759,1,5
0.60963272952801761,-0.67970544615518647,-0.40785835967305994,0.78439883168350466,0.59147725941079654,0.18674347231817076,0.11430838963861341,-0.43376855357076483,0.89374405396139833,-7.4706367246906868,-7.5952113513328881,-2.7108625625770579,,0.1848537416286651,0.2,1,4
0.34926547329410723,0.91712863138548462,-0.19206431906429641,-0.91900300203120899,0.37528127968548286,0.12081987988428214,0.18288551452280036,0.13430947327204737,0.97391675925980259,3.6556667311087367,16.157323347238638,-2.004023037696633,0.3630922999545428,0.2399308524353244,0.4666666666666667,1,3
0.92261846931061986,-0.19698350714718438,-0.33162125685625782,0.26604555661783974,0.94750391526729738,0.17735865458738134,0.27927570945363805,-0.25186073228103145,0.92659119877323992,-9.2775817038527464,-7.3620995771984878,-3.3029671702529209,,0.09404065558731699,0.2424242424242424,0,4
-0.90971280071683003,-0.26432046443315471,-0.32024570612856462,0.27134226691049035,-0.96219906365455388,0.023373833450611038,-0.31431830108954506,-0.065632720377431328,0.94704611905442093,-16.995007522304064,7.7681149526962692,-7.4723737954336702,0.59880667803514,0.5413409520173553,0.7788778877887789,1,5
-0.84489714797644944,-0.4239856475856057,-0.32616710438466473,0.45043850217114068,-0.89278542044899445,-0.0062728618294789961,-0.28853763203970734,-0.15221814502590364,0.94529131553283186,-14.296891492847124,7.4520973520557474,-6.6074044815082837,0.7698916781056915,0.5555906294346518,0.9638888888888889,1,5
-0.60005922573146786,-0.7312561666979347,-0.32433523441154677,0.75964782332583292,-0.64796390571044116,0.055479378266107868,-0.25072716273047618,-0.21308964208218151,0.94431387488822394,1.6402498486943768,20.236188617795772,-2.9483890374755544,0.1584808202087376,0.1900740316630384,0.7222222222222222,1,5
-0.79178920302909905,-0.51110519028365897,-0.33442688652626218,0.53418679945669201,-0.84494803660698481,0.026594712260490417,-0.29616603662938912,-0.15758902214020837,0.94204637828937743,-10.508387903872514,-14.555012485743216,-3.0765192516426914,,0.141490680103004,0.2222222222222222,0,2
0.68206123057172752,0.72364255696951651,-0.10551742744019883,-0.6855318497383206,0.68292899980385946,0.25229757077953319,0.25463417041971076,-0.099746834383437552,0.96187941462802173,-4.6149391554082362,-19.838353873750407,-0.59177409991072916,,0.3531629420263855,0.4090909090909091,0,3
0.57712285970904609,-0.68452705832251615,-0.44536716451213149,0.80638719645883505,0.56388109191307978,0.17826329843849958,0.12910807174035813,-0.4620182037617524,0.87742252376164309,-22.932826665929532,11.414223323906862,-9.6650459202231094,,0.5290098771927833,0.38,0,4
0.55404559381985541,-0.70387633925941318,-0.44451274334890711,0.82386067564496168,0.54026364528877602,0.17137322050166062,0.11952852000518958,-0.4611651467858896,0.8792267286060621,-2.8398039308260024,-4.5821014043982213,-1.6837700120409735,,0.09011736497993381,0.2950819672131147,0,5
-0.19841061874960578,0.94966415993084552,-0.24242774121424424,-0.98006818134809304,-0.1897171252840128,0.058938716333258312,0.0099792923817631114,0.24928978261615969,0.9683775183298855,-8.3902226298676847,-11.63772380776525,-2.6456986072892552,,0.09329055560160003,0.1818181818181818,1,5
0.89236870598966056,0.38562505941030195,-0.23445981771966787,-0.3245055116500794,0.90930890708116918,0.26048701390197843,0.31364672081668399,-0.15636695641231393,0.9365762699659278,-13.995454037886468,11.508480384624214,-7.0227812993978409,,0.1991293350424294,0.1351351351351351,0,2
0.53832071235442558,-0.76931646630030848,-0.3440392206267055,0.83514204614141052,0.54168452569836711,0.095475847132530087,0.11290958071378634,-0.33871824470810868,0.93408852754163296,4.0577051374508368,4.0469303769549363,-0.33483982895601561,,0.07046153209619391,0.3243243243243243,0,5
0.59266735695751271,0.78762714623751351,-0.16849000714210954,-0.76130773334279533,0.61609349351320142,0.20208746226115923,0.26297516831338447,0.0085021032956984956,0.9647651398605247,-5.2613849892414342,21.685774138094292,-5.3248520095352161,0.259889371680849,0.2671318958194794,0.35,1,5
-0.94413004263063682,0.15862188646541328,-0.28889022090826449,-0.16083158017396737,-0.98684834839966162,-0.016233917568017692,-0.28766589200149711,0.031135741439927894,0.95722458189495407,-27.843636958465265,12.4824816850511,-11.172496500801467,,0.1706939757270476,0.3488372093023256,0,4
-0.70912791717994694,-0.54088175603127131,-0.45231020668182925,0.64769431933307853,-0.75321018428856634,-0.1147453135759563,-0.278621007427098,-0.37432785666646906,0.88444840999562946,-16.513714537653819,-2.8367967761751323,-6.0203798343064294,,0.6253796913195592,0.3095238095238095,0,1
0.30213509137140832,0.92878087748899063,-0.21466361632277542,-0.93825389834182793,0.32954492119502632,0.10526047292752755,0.16850521893506357,0.16960609224124232,0.97099936388563191,12.033292744483125,-4.9016442729290022,3.045781084115847,,0.07270232381871009,0.2857142857142857,0,5
-0.5013098780838765,-0.70606532815051881,-0.50016013287669037,0.82853209124098881,-0.55834681086165527,-0.042230469858293374,-0.24944534455339532,-0.43556927254378119,0.86490255456688236,3.1963473514983063,-13.356138452780959,1.2218412027837042,,0.3526431837473125,0.6923076923076923,0,4
0.79607008747505736,-0.415869193251375,-0.43968765042004976,0.56548747052856385,0.76997540053767644,0.29557030169157739,0.21563009183010609,-0.48393253318132484,0.84812320262214547,-6.2924610735648523,0.045348044966204155,-3.27863906891533,0.9389323856873075,0.4202011154994048,0.2913223140495868,1,4
-0.83528795287841717,0.50432243383990827,-0.21898154831395222,-0.49005640161748487,-0.86348177028998474,-0.11934804401663913,-0.24927647103147718,0.00762332622065912,0.96840235743590997,-16.722820596360357,-8.3529757279885519,-5.6044608630323465,,0.4123356706641162,0.3846153846153846,0,2
-0.94213702472511618,-0.11612304037080538,-0.3144729974690143,0.11456977614133458,-0.99313753968834961,0.023486031097155701,-0.31504220834204244,-0.013902041462043636,0.94897583752493797,1.7650299230732511,-6.969059148212529,0.042318742082896169,,0.1033671511005459,0.2388059701492537,0,5
0.83209101742559433,0.50980731989156947,-0.21845144839212211,-0.4636325275945487,0.85551033535889665,0.23053621288292195,0.30441652070137565,-0.090545914756464146,0.94822572167442587,2.0115611223090371,14.665205306091545,-2.2975894623890412,,0.3207324478579721,0.4594594594594595,0,5
0.24750841900276965,-0.86052482614328973,-0.44523769619587517,0.96885945085458003,0.22320629447752352,0.10719288500350488,0.0071377175981519785,-0.45790389133165721,0.88897304756151918,-9.0005262083420199,0.094330042329969208,-4.1363094693694507,1.043915092004816,0.9377164282960043,0.6049723756906077,1,1
0.050310348158118398,0.99762448405878956,-0.047055899466952142,-0.98902206439414242,0.056320327479051545,0.13661397020144858,0.13893964520524299,0.039666226428630456,0.98950612199781507,-3.2984495187474212,-10.312252000514366,-1.1445319511434691,,0.4547774219741114,0.3831775700934579,0,5
-0.86366015840003652,-0.38111452754668479,-0.32991339421928861,0.39760966880021908,-0.9173609456603482,0.018853292914825015,-0.30983492712895461,-0.11489391746310738,0.94382292071181273,-14.094932107840709,-1.6046408997363921,-5.4943668273851864,,0.07854851117978981,0.328125,0,1
0.036677196623100219,0.95913382639019207,-0.28056565420945612,-0.99569176485935518,0.058999891467293453,0.07153266525239052,0.085162742083222109,0.2767332937702966,0.95716560295484387,-2.0853568866113701,-6.6315643564394531,-1.3115088563851387,,0.09167681541366186,0.3918918918918919,0,5
0.94308857526134193,-0.087667573319018671,-0.32077770464900601,0.13110850932020185,0.98451132382684736,0.11639592793797034,0.30560513411159346,-0.15182835652492957,0.93997534657009596,14.588890539610333,-0.69811736035046779,3.4557187683052049,0.2364068607067049,0.1875905203734816,0.3225806451612903,1,5
-0.91216458946519163,-0.25203660724680016,-0.32316143076382547,0.25215037763639286,-0.96676476252245114,0.042262051567982198,-0.32307266796128858,-0.04293532988615039,0.94539970841118015,-13.59233328332431,8.8056540921432944,-6.5262642596621196,0.1569084737510899,0.1420839966921534,0.6369426751592356,1,4
-0.79038079600237676,-0.47223869024866266,-0.3902419976666775,0.53465687096707049,-0.84271060502261907,-0.063094108362945531,-0.29906559086319634,-0.25851393698336944,0.91854793927535872,-1.6718147563100076,-4.3737583733196823,-1.3121291525627516,0.504661981371904,0.381482386944185,0.6506024096385542,1,5
0.62255586794252504,0.761975015403485,-0.17837675630863087,-0.75052601608692182,0.64590562486710046,0.1397019074377103,0.22166391331703825,0.046904154036714468,0.97399440956664507,-0.60085759219222745,-13.756422782979346,-0.027148313217031934,0.3635413638096191,0.3042517628217775,0.7540983606557377,1,9
-0.94837317297752555,-0.052984329195024292,-0.31269951332916041,0.058510515188635044,-0.99825221644837236,-0.0083085479039343973,-0.31171275942588716,-0.02617581356261468,0.9498157623431156,-9.4656175549883024,-16.16334280691958,-2.5430781758716856,,0.1514321906310262,0.2105263157894737,0,1
-0.1871834333012227,-0.87833644535937072,-0.43987208487358365,0.97696995814061205,-0.21314831240315138,0.0098740979547938881,-0.10243077266280401,-0.42789354479023767,0.89800615317410126,14.094298195125324,-11.377410192308393,4.3935607494007609,,0.3434456436004664,0.7391304347826086,0,4
0.93437311756454844,-0.16551349578283925,-0.31551887405740414,0.21137343676973414,0.97038741873705736,0.11691675579224377,0.28682424479262419,-0.1759361823803621,0.94168907412615022,-5.9296858860736483,-19.050511694902248,-1.085841613483769,,0.1461926921399579,0.3214285714285715,0,1
