axis_00,axis_01,axis_02,axis_10,axis_11,axis_12,axis_20,axis_21,axis_22,location_x,location_y,location_z,dbh,dbh_approximation,score,reconstructed,number_clusters
-0.14410218087985299,-0.93288067579169742,-0.33010332655109126,0.98318183946051574,-0.17279381622130308,0.059125016961647958,-0.11219639932148771,-0.31603155192180538,0.94209130458209234,-9.261926662862356,3.6088103280601516,-4.4894006895724461,0.4358692558694787,0.2565962693190448,0.7848101265822784,1,5
0.077473806644763499,0.97416532882633433,-0.21213137768055393,-0.99515763012342118,0.088469776952899412,0.042829776710131238,0.060490499180493311,0.20778597324791742,0.97630215037677259,-21.568409873791008,3.9149049202049202,-7.8203093096584304,,0.3128503416098046,0.34,0,3
0.84792990610756336,-0.40750831795611514,-0.33904549123236449,0.49422458579795658,0.83901519614553655,0.22758637795286288,0.19172097725928647,-0.36054191355991178,0.91282670614158734,5.0321648545828666,-13.354709308515012,1.1931786283817771,0.8641853043535455,0.4897496346524086,0.3548387096774194,1,4
0.34095237369326747,0.93998225382243816,-0.013595637970175014,-0.9240302978784104,0.33775715432876929,0.17913155306217693,0.17297250497018926,-0.048512546816482788,0.98373118550024452,-34.477954359625485,1.1945383090534178,-11.35011198750677,,0.6073020339306349,0.4137931034482759,0,1
-0.18976331669585597,-0.90923011638879103,-0.37052729870849599,0.97386122300474454,-0.22228862135562638,0.046712815623968569,-0.12483670119116493,-0.35197778945189379,0.92764617919132686,19.553208057801477,-6.0368873495401747,4.0268694358168426,0.3553912804389114,0.256819789266079,0.6181818181818182,1,5
0.40473166289369367,-0.82283860517142493,-0.39890965254158334,0.91348775328955267,0.38366923446291917,0.13541803098789867,0.041622177277355128,-0.41920704713324969,0.9069360760232833,-7.3547541422772804,17.320573809210941,-5.4985396000539613,,0.07562520918316346,0.3529411764705883,0,5
0.41818912429213662,-0.84681854624760555,-0.32865819030547228,0.90680421133046052,0.41035606591856305,0.096509178201771323,0.053141120021292981,-0.33838771977560267,0.93950506782451737,-13.871239482117613,8.5110208236575957,-6.1958510374659506,0.1552730105200142,0.1578861639913388,0.6075949367088608,1,5
0.6488180472954026,0.75033298347417632,-0.12663157352936788,-0.73455251598426563,0.66102921090583411,0.15320895401508405,0.19866490068697795,-0.0063871934331942099,0.98004666266208029,-2.1500361154253005,14.585688699372891,-3.7290031364131853,0.5787643625732675,0.6319005628313492,0.5747126436781609,1,4
-0.22791616211053284,0.97193179460783774,-0.058333606773391659,-0.973667367716193,-0.22718941575381635,0.01888984949803078,0.0051068672808332553,0.061102831356876559,0.99811841176623339,2.9665875236009907,-12.326865179233808,0.52905349008194447,,0.592974972915714,0.1212121212121212,0,3
0.9131796555592071,0.2874199939290355,-0.28895097120896229,-0.21404381737753622,0.9415542454832283,0.26011698724797189,0.34682583657395144,-0.17568537190768863,0.92132865427188204,-29.438270727352151,14.878441568694585,-11.26953894845626,,0.5637069729170024,0.6458333333333334,0,2
0.93452655847871169,0.21175881994710433,-0.28603900725695625,-0.18234982504528338,0.97511041169620849,0.12612781734258693,0.30562829189047547,-0.0657106321401668,0.9498807609483676,-13.4121701316898,16.980132574859802,-7.053189130717203,0.1858954075779526,0.09838058276351606,0.7333333333333333,1,5
-0.52645576142524142,-0.78301184530038648,-0.33126542436761114,0.82070019278287809,-0.56977614467108562,0.04250104151548937,-0.22202595530324015,-0.24949467946839754,0.94257990647405898,-20.603416716742871,4.5237953385771421,-7.60199750140099,,0.7755282026841177,0.4375,0,5
-0.2545480352888298,-0.89957311822313779,-0.35492746118171492,0.95520182452829161,-0.29118013593229009,0.052949059068843007,-0.15097937656653457,-0.32554927953960233,0.93339321534004449,0.17346304791268322,17.981360242256091,-3.5209098349403694,0.1982179077956144,0.1697385494596935,0.4358974358974359,1,5
-0.77590740831107496,0.5811056680430452,-0.24552779129100114,-0.60298367813950238,-0.79755246790292544,0.017909350611069002,-0.18541407073182994,0.16194524849528483,0.96922410146696869,-10.03750890557337,-9.5079839357135949,-3.2897405231354955,,0.07596377688787248,0.2,0,2
0.26355647869705551,-0.88299466642563673,-0.38840494538649739,0.964612058204106,0.23796567045461095,0.11356019043805007,-0.0078459992382933549,-0.40458961769794205,0.91446469671988229,16.686559454996544,9.7551713657569987,1.6274751256462201,,0.4932769085142399,0.5753424657534246,0,3
-0.91846211032628788,-0.25296245654904803,-0.3040351089457497,0.25987689684209492,-0.96546978692968932,0.018223309624321324,-0.29814652502201994,-0.062274281229186178,0.95248651618523361,-12.320254610521172,-13.83814577790967,-3.5414653705656836,0.5452456851754364,0.4075312438712954,0.8020833333333334,1,4
-0.95273043880213304,0.12271731641114249,-0.27793015531377918,-0.13368809908250429,-0.9908052430878368,0.020795731133035945,-0.27282265877965561,0.056968680189192836,0.96037615877004134,-15.596964350312639,13.193490331416958,-7.2518759691655452,,0.08760376847522419,0.2608695652173913,0,2
0.94173515109478501,-0.10683622263696864,-0.31893718303946222,0.18262505250115038,0.95868550085688431,0.2181059390427898,0.28245883840204999,-0.26364394925628237,0.92233880576993821,-11.007361521782089,-12.335198424685752,-3.3363434247868184,,0.5129701391674203,0.5571428571428572,0,2
0.46115717686180013,0.87480296811296454,-0.14850530364132283,-0.86350216884033515,0.48096537576767617,0.15177717786510128,0.20420103485754174,0.058241516922253427,0.97719489513080404,-23.523721679963945,14.776278014023026,-9.6015160734619798,,0.421891106089642,0.2222222222222222,0,1
0.76358485755332894,-0.53762975449215167,-0.35762048654959583,0.62674267371777947,0.75034712573487805,0.21017329003109364,0.15534408986617332,-0.38462116164625432,0.9099092129204619,11.84664535192465,19.37937181804163,-0.64249380901211328,0.3824767193242406,0.2327864875720271,0.4615384615384616,1,4
0.2564515182834689,0.96259575743957471,-0.087418685241961447,-0.95482890543517818,0.26634807857460374,0.13175910740845975,0.15011455664112328,0.049680064401590361,0.98741962259491811,-20.182037916939855,13.463138927837138,-8.5619046123359119,,0.2776899537432764,0.1578947368421053,0,1
-0.84813315683609858,0.47340834155425909,-0.23781230082163513,-0.48363310502620266,-0.8751014248280623,-0.017219639560932004,-0.2162618042973557,0.10040935419939984,0.97115848016238382,0.91980014933679966,4.8692203814573354,-1.7887277071076797,,0.0772222000239592,0.2558139534883721,0,5
-0.87666163743000747,-0.3471341634181318,-0.33310996089359296,0.38141755862434301,-0.9234734160687692,-0.041442680744889646,-0.29323202320275854,-0.16338519639878871,0.94197678217997771,-14.346856295359865,12.389065896842919,-6.7726961188702148,0.1718661497694262,0.2507142138441833,0.1842105263157895,1,5
0.87211202532940424,-0.37963663536651743,-0.30870153929553718,0.43416970366987601,0.89134110075770567,0.13041361322826867,0.22564858450931213,-0.247764136201409,0.94217601812045326,9.5800700197656408,1.492520387148798,0.68559815951213021,0.3367229856957353,0.2840142940576444,0.8877551020408163,1,5
-0.34173528995245123,0.93413934238644014,-0.10295960667632563,-0.93932730270526632,-0.34296929259448466,0.0060235147287732681,-0.029685181379994478,0.098771217179238174,0.99466729948428922,-11.706923808710343,-3.2275731648006141,-4.4081416732573411,,0.2579914963845066,0.125,0,1
0.87337129198690955,0.43722201153007834,-0.21461476875255056,-0.38306985629730966,0.88875974107491318,0.25172129000307725,0.30079905506746057,-0.13763369964527897,0.94370381645539503,-0.045335083673151248,10.974574896709681,-2.6610057647234155,,0.6757873515308501,0.2962962962962963,0,4
0.55046849843378498,0.80422628490106041,-0.2240636403040307,-0.80547274882413034,0.58218639099753167,0.11078202489108697,0.21954061841434822,0.11949514137197796,0.9682576248368705,-14.025276376009282,15.809253414522452,-7.1262756129472988,0.4621965115035916,0.4109414421673468,0.5714285714285714,1,5
-0.0057731320448165153,0.98971806431841658,-0.14291544391072253,-0.99713770990569428,0.0050765831987821088,0.075436170283572093,0.075386062574055127,0.14294188142329592,0.98685589632162007,10.210274829172258,26.051258040759276,-1.8506971315822545,,0.5116871202785647,0.4166666666666667,0,2
0.49944860914673672,0.83094538756464498,-0.24511395249237131,-0.83875201983067482,0.53462020892649464,0.1033260927227679,0.21690121265533122,0.15398374944270338,0.96397244195890464,10.661292758511951,12.166150910697263,-0.16905769888930039,,0.1074426339032624,0.3333333333333333,0,5
0.95604628858366447,0.10526854416388816,-0.2736677322868285,-0.033772257219536146,0.96665395687986466,0.25384948747396935,0.29126436226853636,-0.233449483310876,0.92772108417033772,-9.5944957814313856,20.803845194326929,-6.5410729580218652,,0.2116387726847301,0.2592592592592592,0,4
0.57706256505125497,0.81360224758558997,-0.071064609617885743,-0.78287737851544537,0.57584802883732911,0.23558874738184418,0.23259794974429596,-0.080314571578505217,0.96925113534465934,12.626494448164767,21.089144720263111,-0.61701284419247182,,0.5627224693004658,0.3478260869565217,0,1
-0.1325764381946912,0.96911277815859487,-0.20795170411741934,-0.99114959049032736,-0.12818744529990284,0.034503161280376955,0.006780656787106874,0.21068555260675537,0.97753036812997318,9.5009308616564123,12.529878125619895,-0.44882958427580094,0.6740462846728607,0.7473428754784623,0.8181818181818182,1,5
0.81154781326273862,-0.49759351081112085,-0.30625290984271625,0.54973889954564503,0.82783141003835559,0.11172420901600304,0.19793253677657674,-0.25902867515503286,0.94537127962119627,-10.548720141614377,5.4708195367497421,-5.0173606988485995,0.3771195133097482,0.221782757934634,0.7347480106100795,1,5
-0.64085654480782195,0.76646322470909589,-0.042860403002261939,-0.75608188681002575,-0.63986643469553128,-0.13751773044892129,-0.13282721639322734,-0.055723163213920818,0.98957155358602722,-3.437424447375391,-5.4463342218095914,-1.9566470381375454,,0.5138432222742414,0.1833333333333333,0,5
0.92821707715861868,0.30329573975982577,-0.21546403856479399,-0.23314330963837301,0.92552101297356537,0.29842093042420853,0.28992629208468945,-0.22676540474226828,0.92979578207803137,11.660159838309418,7.4965463201456179,0.65741226339039804,,0.09627206053031563,0.3529411764705883,0,7
-0.64589163383955162,0.71974255827253519,-0.25454792701450396,-0.75134541486619777,-0.65838169774254451,0.044873239655569323,-0.13529251603697831,0.22023666790285248,0.96601850148712642,-8.8692362125607485,-10.20029049967528,-2.9092541221283033,,0.07709699225513129,0.3720930232558139,0,3
0.066767109402395677,-0.89628066787805993,-0.43843256892036037,0.99392889011400565,0.021232454429229213,0.10795621462264381,-0.087450068603678974,-0.44297872100922486,0.89225687906243789,-10.220574145421228,2.7856808723403224,-4.6320034315187355,0.8258296494763202,0.2228461508290264,0.1541666666666667,1,5
-0.14409381097892399,-0.89254783727442821,-0.42731175014772249,0.97906484223046097,-0.19132401599795179,0.069477734639640368,-0.14376720191271333,-0.40835459967919413,0.90143081408116543,-31.632363794159666,3.3359071117364785,-10.739531490506334,,0.2712783286988511,0.3333333333333333,0,3
-0.55197011550275388,0.82183249074088616,-0.14113946561649143,-0.82844788970041716,-0.55973255137654754,-0.019327829170046284,-0.094884591176874755,0.10625830834401893,0.98980103367548844,-11.53238398101991,16.863521686806966,-6.5828951070266539,0.2394236304110208,0.2515134993981482,0.4925373134328358,1,5
0.62286674630915573,-0.71741620010428309,-0.31201123724984203,0.77297472270729028,0.62584364246170354,0.10406638864616496,0.12061133610831677,-0.30599629249093602,0.94436178161971807,-5.2223721652986832,15.375858913691944,-4.6792860332362043,0.2045797649855379,0.1725559037576919,0.72,1,5
0.8062583827338875,0.53760978521788383,-0.24682613133401438,-0.52228439424389828,0.84284340261250934,0.12974594483778834,0.27778846592437773,0.024304680836155279,0.96033475970040383,9.4995369548270201,13.840889864149347,-0.61441370440465015,,0.07917107941657819,0.25,1,4
0.11932454957404565,-0.89698156578143051,-0.42565916237906076,0.99283297502580459,0.10492452287001781,0.057214755106593844,-0.006658496103439244,-0.42943557741387889,0.90307294792881909,19.607013334674004,3.1871709747889665,3.1204011823776123,,0.3384802171385136,0.3103448275862069,0,4
-0.68865651095009051,0.69183268016470612,-0.21707084691908199,-0.70020645145411786,-0.71227652397673302,-0.048714255959157078,-0.18831658256266243,0.11844701789298764,0.97493957181159596,-15.763409854334688,21.595738558443184,-8.2748508107102836,0.6245024305274773,0.6477156709032179,0.1111111111111111,1,4
0.27233753638170283,0.95327387839812172,-0.13077147640578143,-0.95243260031188093,0.28638882780981684,0.10418052202243835,0.1367640601206816,0.096178750613231598,0.98592354662508408,14.446045153146539,8.4654637629994429,1.2452344587377233,,0.2238614971860079,0.1875,0,5
-0.96930291995639317,-0.061145093111256876,-0.23814518040981786,0.070450409685235874,-0.99704112711442949,-0.030752733497507821,-0.23556016033954341,-0.046586139900211189,0.97074257268856046,-1.202968973064116,-13.95241938363001,-0.52187677346530259,,0.1579918164286644,0.2352941176470588,0,5
-0.86071689021598097,0.42780359236867027,-0.27595383899013354,-0.45827753847986175,-0.88716421498678988,0.054049545527338427,-0.22169378119778343,0.17298480281034423,0.95965000149788804,-20.418944585481782,3.927987428039704,-7.4937745545504244,,0.1214952167150276,0.3333333333333333,0,1
-0.053111236451213517,-0.87075861293623569,-0.48883395397618101,0.99651440414445891,-0.077751459887004326,0.030228344613186724,-0.06432914499072169,-0.48552461161387406,0.87185297649429405,1.3263298931880136,-17.947394400375352,0.56464534168588332,0.7641519241166288,0.367702287739004,0.6428571428571429,1,4
0.53589311420113495,-0.78076127181657007,-0.32129489037826392,0.83894380965604498,0.53517805109940619,0.098781262703215952,0.094825388961027143,-0.3224845578517091,0.94181306826544753,0.480148081028134,-14.506517413711311,0.034913292993989868,,0.07331348733873538,0.2,1,4
0.11493307181651496,-0.88268941497494779,-0.45568606045610444,0.99295936458535217,0.088844051338855701,0.078348164139003112,-0.028672099418654787,-0.46148253621657609,0.88668584035273923,0.69977552866319603,9.5352783599673536,-2.3731446128872906,0.7974315349554446,0.6589930687623451,0.8947368421052632,1,4
0.30189973789304331,0.95283276300063136,0.031084948330268369,-0.93890714319246038,0.29151903366667403,0.18294816061448008,0.16525714726536,-0.084417881770583264,0.98263100730390329,-23.654913966712353,15.482691302780738,-9.7117252516858272,,0.506933769067485,0.1176470588235294,0,2
-0.72597662405611352,0.63593140000061299,-0.26181901347562508,-0.66566996227034303,-0.74541326527119856,0.035250039556434708,-0.1727467587397491,0.19987575753700265,0.96447303689316322,5.2175846455684951,-12.216857565691171,1.0746002332739681,0.4422185483817903,0.2304103217231645,0.5932203389830508,1,5
0.86088778935382559,0.43398133593646876,-0.26557939340295511,-0.41859619001481074,0.90084152760475822,0.11515976661929374,0.28922213581703615,0.012030885317535342,0.95718640501832697,-5.5890592520464999,-5.6466063966633913,-2.4710124341527702,,0.06613241960713651,0.3580246913580247,0,4
0.9072667230308421,-0.27651563018545827,-0.31686937299779744,0.34321393495662061,0.92225773576640291,0.17789003252183949,0.24304585602818021,-0.2701476912397503,0.93163777123158897,-0.066813224204821969,8.4614591047591539,-2.4292817468696928,0.2285503443236187,0.1937846720557843,0.7323232323232324,1,5
-0.03829791119515627,0.97375047615689103,-0.22437308257078509,-0.99695987822686216,-0.02198669752377819,0.074750159450514164,0.067854780258780084,0.22655373604561529,0.97163220072196355,11.321090859927612,8.4608837677954369,0.4974930616439881,,0.2509413470946942,0.5972222222222222,1,5
0.84705600108976786,-0.41537614085234326,-0.33160035076644018,0.48544898742263914,0.85865585614789763,0.1644670219626275,0.21641490620598702,-0.30028783244336649,0.92897352279724255,-5.1121495331223965,27.076172814123275,-6.0348580444313518,0.4477386650385138,0.3486857361199351,0.8979591836734694,1,5
-0.10008355135229681,-0.90362204530915868,-0.41647386710333456,0.9876516078487344,-0.14093037666209776,0.068431940259570279,-0.12053042878262039,-0.40448217286448229,0.90656857852691175,11.342221618137234,-5.2050199703192419,1.8430393580517945,0.7176378917801517,0.7635115014560014,0.2972972972972973,1,3
-0.63577338171544207,0.76707707089418442,-0.085935873827572964,-0.76033131673246557,-0.64155445826552937,-0.1015094373715906,-0.13299810486613986,0.00080273782810549887,0.99111596683435288,-2.4777503709710671,-10.720417854666895,-1.1408667162694328,,0.5584967188479927,0.2,0,4
0.43957154200171161,0.86350496437370194,-0.24725702409478734,-0.87651128143482671,0.47251937762302587,0.091942434643785084,0.19622648388970343,0.17630829326132363,0.96457791429597006,2.8743228395396159,9.3866034543282471,-1.7969143881519769,,0.07254073025875277,0.2413793103448276,0,5
0.94413968234491219,0.17911876214036923,-0.27661657446897386,-0.15655683655419461,0.98240977870798729,0.10178891701489547,0.28998313252634306,-0.052796739939355672,0.95557432317009461,11.346317710734779,-7.979203235999603,2.2282871188358095,,0.1245326676607766,0.2857142857142857,1,3
-0.93924945850550168,-0.15810112292908141,-0.30465470556957586,0.15470907115351937,-0.98732540870874008,0.035406787780503692,-0.30639118459893183,-0.01387704027096074,0.95180453337509408,14.142524297002691,10.885729519918748,0.88540768554389038,,0.2371644370490598,0.25,0,4
0.79969715676896524,0.54623741018170413,-0.24921707239597071,-0.53037818196095865,0.83723652683766481,0.13316899875193258,0.28139552511619964,0.025684428099317293,0.95924807458643857,5.6022674140484936,22.351686464276074,-2.6540623243175925,,0.1581076186023904,0.36,0,4
-0.28250148829564647,0.95047878704147348,-0.12954915860364513,-0.95832104679283192,-0.28563308437282653,-0.0058747242960535398,-0.042587326572979818,0.12249006692721426,0.99155559759376632,6.9951466930244068,-4.4318151027171835,0.69385851176725044,,0.1718378758106642,0.2222222222222222,0,5
-0.38063967786262365,0.91015309452385584,-0.16350773732544893,-0.92322455189997221,-0.38409827177767147,0.011177852499542782,-0.052629482286392311,0.15520909169908781,0.98647872528920311,-23.751215430174319,10.626409520549144,-9.1661135741958741,,0.1367183498996036,0.2962962962962963,0,2
-0.40375701375832801,-0.76515393716396352,-0.50151742370873043,0.89914006466690699,-0.43308497174693339,-0.063123302810823845,-0.16890061560499539,-0.47642088502650964,0.8628416554378967,-4.3708246973694616,20.077828989861398,-5.062931736569964,,0.1777260102332553,0.5625,0,3
0.8795084775309292,0.39798845187625742,-0.26090233828842335,-0.37803589529241244,0.91732136107119144,0.12494151589027666,0.28905656854963696,-0.01125667338231561,0.95724583440340583,-1.3883052147901342,-4.8348387438467597,-1.4930714052272445,,0.1616754431165719,0.3294797687861272,0,5
-0.94912449227492157,-0.12070985032115174,-0.29084674692923235,0.11692064619999681,-0.99267465566386992,0.030439948994557896,-0.29239059604584922,-0.0051146884617985222,0.95628530225340735,-9.0892438067371337,2.7489628894829576,-4.3391156485917239,,0.07273388115519126,0.3217993079584775,1,5
0.95619253896155854,-0.051974700997576118,-0.28808758892125624,0.081713452285474525,0.99238419698083769,0.092176555035911642,0.28110272170478834,-0.11167916564387255,0.95315739718645121,-0.12040336746244147,-9.049098052337806,-0.670657825665673,,0.1453521710791775,0.6403508771929824,1,5
0.92772772287246896,0.26901179894841126,-0.25875456370932348,-0.23282575581150472,0.95890488708408805,0.16215296777133917,0.29174207726117313,-0.090189076682217928,0.9522355227581798,-4.3247049795580139,16.166103183770172,-4.5490602677108907,0.9514173541975623,0.4913551920907813,0.4714285714285714,1,5
0.36875892361500789,-0.86731368608625692,-0.33434088320421068,0.92880266095266673,0.35798933048645193,0.095756233557444628,0.036639777040080583,-0.34584766760140612,0.93757501969342227,-29.532536780034967,4.6136977334452363,-10.255326360409878,,0.1133857131743029,0.2142857142857143,0,4
0.65441140075476079,0.70981242499265618,-0.26059938581707626,-0.71318659070820412,0.69392588653706688,0.099155185581765101,0.25121824256251929,0.12096770362287139,0.9603417148515464,-4.4466836591806809,6.2049020770945438,-3.3347092590826568,0.326849128464648,0.2919782063832785,0.9539052496798975,1,5
0.14093348579559559,0.98747346573157246,-0.070950032118255679,-0.98187863013679999,0.14858657494874933,0.11762816595391826,0.12669691496711949,0.053086572888806388,0.99051991777890946,-23.274327550199018,8.1172339890932115,-8.6992809434932603,,0.5245939560797507,0.2424242424242424,0,3
-0.95491508515698942,0.15665525534482838,-0.25218309045704701,-0.1071632957993042,-0.97406143900036146,-0.19929962640701673,-0.27686315784706961,-0.1632894486039814,0.94693365543820285,-23.411196701417012,33.093328452884649,-11.675832108120224,,0.303931562081548,0.5454545454545454,0,1
0.64732583220823048,0.73933420253584869,-0.18534887082635176,-0.71585126957523482,0.67321818995412042,0.18529497716458238,0.26177514550363129,0.012735999198311782,0.96504485259545014,15.351868688592612,14.323492895315766,0.84898285561456766,0.2103719176063825,0.1128580447283615,0.2307692307692308,1,7
0.95529863954462424,-0.040108604380102511,-0.2929092165481838,0.083422459274322278,0.98706384244238876,0.13691480647282459,0.28362863496624319,-0.15522973554556929,0.94628670424435224,-9.3294517673899229,13.524241096274903,-5.5660902990864125,0.652497886633844,0.4814669739747988,0.6982758620689655,1,4
0.84983417362254898,-0.42040529864613951,-0.31786988252039317,0.47931093656688395,0.8672942778741688,0.13439368160036164,0.21918691436911719,-0.26657085444019046,0.93856117335652178,10.162081641773115,5.6854600605921881,0.40135916911353464,,0.08655461256913163,0.2941176470588235,0,5
0.91965659734412653,0.27878931609951146,-0.27660126570605092,-0.25516243719641929,0.95957356736008148,0.11878846521371329,0.29853621824731086,-0.038666342633004391,0.95361472322001228,9.9935109729614791,-5.8799392325946354,1.5785526334933415,0.4275820196250348,0.39262012026509,0.8671328671328671,1,5
0.9502753218060741,-0.10659999311347602,-0.29259742691036711,0.15204574998666795,0.97880429638251665,0.13720145514576731,0.27176994439663932,-0.17486735215966182,0.94634164363157702,-5.4943991141351765,7.310675783490284,-3.701424355449316,,0.0695955410287835,0.2365591397849462,0,4
-0.65728698295190713,0.7118176186479146,-0.24756716224974626,-0.74087839117152776,-0.6704955627791237,0.03917792476121186,-0.13810514667118118,0.20916830083910629,0.96807829765314624,6.4706358465706968,-12.033052129058108,1.3982516293759337,0.1778429913251006,0.2038434520609154,0.8541666666666666,1,5
0.71471465588159222,0.66652760836368263,-0.21195260780902592,-0.64760421102472654,0.74511527064875249,0.1594114779715613,0.26418127589043588,0.023327681732777147,0.96419089019440318,2.1335840021825097,15.986003475467637,-2.8310518947495122,,0.1440677549559696,0.2916666666666667,0,2
0.32862550592058964,0.94438760140323008,-0.011719009100214679,-0.92909274717175128,0.32548271735169609,0.17563504165799151,0.16968189064035419,-0.046830108063191919,0.98438559364077727,-5.7605846057934889,17.850926758001556,-5.1232719916924507,,0.4062758033656448,0.25,0,1
-0.18269380299033158,0.95537394181872637,-0.23212842489165494,-0.98310012680310643,-0.17470415062684036,0.054704665554883014,0.011709612660000779,0.23819968733712701,0.97114560902258573,12.242648298116901,-6.6838202155506652,2.2659372270783971,,0.1455365726592727,0.3571428571428572,0,6
-0.94449159742728594,0.21757262442594616,-0.24616615423258081,-0.19380032305168518,-0.97400388133766291,-0.11729396371607874,-0.26528674519152862,-0.063076082944112266,0.9621041266859377,4.6368202028768311,18.785666216795864,-2.528322772000009,,0.3738864915642146,0.3636363636363636,0,6
0.52849785254833248,-0.73315442320827917,-0.42798903208135619,0.84669764947179182,0.49179185461510622,0.20308584912094754,0.061588231268182497,-0.46970774260636711,0.88067106589514288,4.5392672005671528,14.045055619011011,-1.9072661721609301,,0.1779169975303748,0.3823529411764706,0,5
0.043289398154669985,-0.93466574960978466,-0.3528823663967755,0.99711063681630141,0.018351260610047788,0.073713019079494027,-0.062421197963497939,-0.35505375331124683,0.93275957583098568,7.8572325009177941,2.0635148314011769,0.24021739031859274,0.1349742097687728,0.1364475209135558,0.3939393939393939,1,5
0.21521175284266733,0.96125670255740625,-0.17224823141864179,-0.96847621382582927,0.23274048338216013,0.08880141129861284,0.12545008844944538,0.14770720762204428,0.98104273919362217,-22.183659042080361,8.9877983615037724,-8.5162503654040336,,0.1800926141531143,0.1071428571428571,0,3
0.86236552656033827,0.44937415689777715,-0.23321356245450772,-0.41536614006918354,0.8913446036302658,0.18159231058398809,0.28947654185501437,-0.059729931287556978,0.95531966745380348,-0.42882945631947855,12.038045995041644,-2.9680534527067608,,0.1677288965075434,0.2727272727272727,0,1
0.95832035538716842,0.017887584894507171,-0.2851352850091568,0.037105998825896686,0.98179155501725823,0.18630213994456921,0.28327591020371612,-0.18911736251184105,0.94020709521616586,-29.635247915752856,7.529564055292072,-10.519302838796886,,0.5673534283270893,0.5454545454545454,0,1
0.40668187162897496,0.87725207674064798,-0.25502676162037163,-0.89003653446095576,0.44340795308257724,0.10594505400371382,0.20602141299652546,0.18389720225533279,0.9611123744857184,8.4981146898470179,3.7172549735911264,0.1972536912528228,0.2670447778977139,0.2923587300564187,0.5803571428571429,1,5
-0.87955810840550108,0.44489443762081687,-0.16866082328802717,-0.42655064550729527,-0.89437156014931662,-0.13473700016472015,-0.21078918557518,-0.046566637951813192,0.97642176720637397,21.795917560045513,10.159251546228923,2.9313463834402382,,0.4447014776427175,0.25,0,2
0.9272626541149438,0.27659773737370186,-0.25234433214054769,-0.22814027480507543,0.95180907399486769,0.20496707460686758,0.29687705417491433,-0.13248840832609193,0.94568009197806624,10.931395189134523,21.192765531833881,-1.105312687025467,0.4033693148824433,0.286552520673964,0.4583333333333333,1,5
0.87239343097100841,-0.37804385598264761,-0.30985891071970934,0.43279884250482098,0.89204019436791582,0.13019006705021194,0.22718904798673861,-0.24768353717157479,0.94182694901401998,-2.8624039021276437,9.1333940672025324,-3.2420777703190877,,0.07610145725546225,0.3218390804597701,0,5
0.85978353546449005,-0.35661128898424549,-0.36551424146423778,0.46036266377950302,0.85104019085599447,0.25258030672566745,0.22099432106283265,-0.38543349895512063,0.89588086704717074,-9.7691427060339215,4.5360091898705921,-4.6664886358190065,0.1406387254981269,0.1181875868977992,0.4477611940298508,1,5
0.71427363248218312,0.66278188741931876,-0.22479623584391401,-0.6441162196310396,0.74816840009742902,0.15924302403518625,0.27372883214766625,0.03105180839400945,0.96130552461043106,1.4322054435469447,17.434651209512094,-3.1602038801067116,,0.2635545030947649,0.24,0,3
0.49582445837746592,-0.80674695730363555,-0.32143032426331475,0.86443130393873324,0.49394005004915648,0.093710979763412347,0.083166262663862789,-0.32431863011360251,0.94228488203714833,-20.397426725839214,5.586390615146521,-7.6569425632778998,,0.2883082477910434,0.1714285714285714,0,4
0.47894626267383955,0.86811864594380872,-0.13030922467519179,-0.86518626687179745,0.49192785226361396,0.097261049674319894,0.14853686777094791,0.066158935390437337,0.98669133683275012,-1.0507157946706696,19.177303516948449,-4.0599355682216185,0.5243183747835816,0.5038887307726321,0.25,1,3
-0.95808715174412629,0.041164344295199669,-0.28350397955156165,-0.055907494056112811,-0.9974612547755195,0.044106658567722959,-0.28096861349836166,0.058108019931763656,0.95795620789700819,6.5738409020009669,-5.3313317883179581,0.61675069534646088,,0.06905715542338618,0.2291666666666667,0,5
0.046112846317869695,-0.8878902303081001,-0.45773851086389294,0.99674821261705082,0.010585017132620469,0.079880899200102745,-0.066080300008242832,-0.45993357817812325,0.88549110532804864,23.434961355421038,-6.5115031113106827,5.042756029351712,,0.1116574589090774,0.3157894736842105,1,5
0.95796492525695875,0.061924956900599272,-0.28012229773848468,-0.0033756826337616279,0.97879145674795609,0.20483136713884798,0.28686548545300017,-0.19527566133564203,0.93785692370731144,-9.6328506301164385,-7.2816204780036875,-3.499160305017655,,0.08042773404197454,0.2549019607843137,0,3
0.84764868399034454,-0.41326265686599511,-0.33272463835654703,0.48287481069638993,0.86074804322524234,0.16107365792965794,0.21982635357108951,-0.29719822093002812,0.92916607328919587,-12.562310316356177,13.598815383744816,-6.4805961432205468,,0.08999492142498793,0.2307692307692308,0,3
-0.91561280290858527,-0.22603158440045559,-0.33251002692145054,0.26967679610188722,-0.95864819878744034,-0.090928854638210599,-0.29820734530541843,-0.17292586219248846,0.93870603779398332,15.999585501673138,-3.1135094975678093,2.7938725695102571,0.7080728606866286,0.5312599438453218,0.5192307692307693,1,3
0.95224832943505855,0.12014916610622359,-0.28069074970885433,-0.065770791692970385,0.97845621311277842,0.19569783335816393,0.29815653950269067,-0.16789168206012745,0.93963560013805381,-22.933920373967251,3.6912170039471595,-8.2262092483937117,0.1385559547890753,0.2033737099554813,0.1911764705882353,1,5
-0.19752051089991857,-0.92237824167172722,-0.3319699189149653,0.97138101608694916,-0.229733043374236,0.060346088256802835,-0.13192637855910994,-0.31054968696262575,0.94135770170944799,-0.020846943708957285,-12.174630467554909,-0.31827410051789851,,0.07747671577249124,0.3043478260869565,0,5
0.60173401986089614,-0.72368961228294493,-0.33791939041109548,0.78999092878524313,0.60157853849528475,0.11839592247583647,0.11760315378030482,-0.33819610745192885,0.93369850119044751,-25.108841971866877,7.018478324543409,-9.1879770698869656,,0.1487876221118984,0.5666666666666667,1,2
0.56169842766139289,-0.74092773518743382,-0.36813172587096976,0.82012331718199361,0.55729155387670748,0.12970685638040685,0.10905329420573029,-0.37476954946700891,0.92068190153558094,-20.300281102530466,17.726738685666142,-9.0841748295709728,0.2397029035604596,0.2331773630446381,0.72,1,5
-0.095410914815248077,0.98337328458423257,-0.1545112957040187,-0.99272082170663567,-0.082536477221405558,0.087710319107738022,0.073499166554582912,0.16175510221905709,0.98409001591413536,-2.0991578593377391,-2.5106715671056112,-1.8766193695471864,,0.7725730379990345,0.3906911142454161,1,4
-0.88282386177222472,-0.3137083102513839,-0.3495842175567942,0.36598826785127442,-0.92592602624001419,-0.093346567835129707,-0.29440553133526254,-0.21035229975114661,0.93224315128007451,15.799656378980316,-6.6354250508502339,3.2015204808424378,,0.215639898737786,0.3125,0,5
0.21588235843975173,0.96251388259892523,-0.16420058805872806,-0.96618129727175939,0.23486517777824337,0.10645209753430307,0.14102662201424687,0.13566640730680388,0.98066616022564679,0.10881964861293744,-8.1004625269436055,-0.72649342774718706,,0.08253117552941348,0.4230769230769231,1,5
0.9523876233347297,0.1398322465729325,-0.27093312410480702,-0.095077502825535898,0.98052520985275404,0.17184464291816479,0.28968618084969866,-0.13790306617903023,0.94713497505009125,24.077245085023403,-0.95656761378972399,4.3588657662526655,0.653192463536127,0.7426345917742554,0.8020833333333334,1,5
-0.23882595790492586,0.97052277676313714,-0.03236821920903022,-0.97106107262906638,-0.23863805217912992,0.009605898013046019,0.0015984540283748095,0.033725655458716447,0.99942985001879858,-7.733019584135234,-9.5932155901618348,-2.6935955032113204,,0.2567532886280794,0.2075471698113208,0,2
-0.94820634248641733,0.16487416893444312,-0.27151655656093449,-0.16693150382046082,-0.98584396370544203,-0.015670107140080214,-0.27025655422351902,0.030466172121204265,0.96230619204882506,-33.246757316497586,15.813701536826663,-12.553387482873662,,0.2040876094305272,0.6071428571428571,0,1
0.95812438701987879,0.0016730227600740373,-0.28634744628270714,0.032296028079937686,0.99297119250867827,0.11386473298679796,0.28452526349701079,-0.1183444626619226,0.95133588316073692,0.40221732508442726,-6.5485980845926051,-0.82017912958349082,,0.07559563819659117,0.25,0,5
0.93234984479443028,0.24538375847946414,-0.26553827970048893,-0.20983414374842604,0.96532560868096806,0.15529359723467104,0.29443742803721112,-0.089068963725932065,0.95151107228009801,-6.4818685460861474,10.578003931542602,-4.383288918020372,,0.07898836672600146,0.3265306122448979,0,5
0.64061722037414315,0.73762670791944662,-0.21334576800121324,-0.72685300246174089,0.67211247234556237,0.14124283107432062,0.24757683609833164,0.064588422193581949,0.96671301116002606,-9.2872915065150963,-8.6115050982057788,-3.173019246002899,,0.07831479681262113,0.303030303030303,0,4
0.8550961219901011,-0.42442211269107166,-0.29778598425100056,0.46988994125327016,0.87713965340723832,0.099143691325405681,0.21912112008313592,-0.22470402461788799,0.94947039767126751,-24.388673040841301,12.281503803657467,-9.5124439050772764,0.7315353202868258,0.9429459604076247,0.75,1,1
0.5604275935733769,0.78752055042195857,-0.25638310206534481,-0.79319398075918457,0.59942576911387868,0.10738741178384327,0.23825243177972322,0.14317866456050668,0.96059130162921913,-19.222065770712906,2.6894467727244589,-7.0636446657854659,,0.1280287793061876,0.4137931034482759,1,5
0.77068330097978299,-0.54781030231433048,-0.32550133988846736,0.60924853853662064,0.78314632071944501,0.12449119902462287,0.18671761534975057,-0.294254503825988,0.93731041768254364,-26.389673614650775,5.9412919649486664,-9.4215093006613237,,0.09142018183857699,0.1612903225806452,0,2
0.63386033144231246,0.76149515515879596,-0.13544817788926941,-0.73313475336449774,0.64733758512967254,0.20848857112000335,0.24644373319891655,-0.032850868301539285,0.96860017903096429,11.954690114438272,5.0597768166443426,0.95899530810165656,,0.1490202135136221,0.1935483870967742,0,5
0.47698829290840228,0.8761903475280175,-0.069084320413971639,-0.8584867332858882,0.48130929798855254,0.17703640428423309,0.18836851435537777,-0.025136319708711909,0.98177668959445608,-11.145678267889529,12.386474186025922,-5.9318391392424248,0.7137069548557938,0.4684375792850802,0.4479166666666667,1,5
0.95673082835009104,-0.040590948865817281,-0.28812930596300146,0.075461064869586286,0.99095535689560144,0.11096444623688392,0.28101912705952309,-0.12790565081372604,0.95114057568617072,-6.5246298852743241,5.5724035821661539,-3.9065450173144312,0.3092326414370667,0.2234701284854814,0.800302571860817,1,5
0.082779960718965623,0.98855880631322979,-0.12609109629125037,-0.9915533158532609,0.094378237786260491,0.088964993411808607,0.099847383159347727,0.11766152596716957,0.98802138913249637,-10.268865154719224,-8.5232873566599245,-3.442298697521526,,0.09096604900534724,0.2666666666666667,0,2
0.95142373280280101,0.14653078666192532,-0.27077963221007123,-0.10040127025833451,0.9790686768465422,0.17704268114913146,0.2910540595664266,-0.14125598953034699,0.946221052308447,1.0577453184066115,14.88128591249747,-2.974622133288868,0.1576517026821256,0.1912433850119865,0.5094339622641509,1,5
0.77255693131189218,-0.5593426865791481,-0.300485518540203,0.60757025463160985,0.78868784706662109,0.093967364421375682,0.1844293186259558,-0.25516120171342654,0.94914624140399295,-0.029394014638681489,6.7574947034495709,-2.1698773731053524,,0.0737994124117379,0.2950819672131147,0,5
0.68513451774297818,0.68947914798430232,-0.23496637438564963,-0.68207063820516611,0.72047233187900905,0.12529670185292149,0.25567623490558078,0.074418569535187079,0.96389394614389101,-13.025548047166117,-10.56638876833037,-4.0543444322121678,,0.08768498828198423,0.1842105263157895,0,2
0.90409351034771734,0.35612516799298133,-0.23619862249622292,-0.30937098689812553,0.92675152630583857,0.21312250222695348,0.29479572081836963,-0.1196096702268212,0.94804483531919992,5.3769605487340089,-10.412836482950677,0.94807274746302017,,0.08001671380188544,0.15,0,4
0.50169857796431794,0.85858688136410688,-0.10548508907916039,-0.83805501020402995,0.51264096774034473,0.18671646436821041,0.21438828498895143,-0.0052730772514475782,0.97673428214422575,-14.005168963847796,23.88386065103451,-8.1031977850530232,0.4798193533973332,0.2537544863158246,0.4545454545454545,1,5
0.56451683640680217,-0.67161393252986568,-0.47984942121984969,0.81865192176317791,0.52985993886324279,0.2214892236233984,0.10549773650041466,-0.51786404665665831,0.84893289297427943,-27.713235440578199,2.2998853367000991,-9.4648655979295491,,0.7474989740563158,0.3294117647058823,0,1
0.63959297044045216,-0.66972403209845721,-0.37734672781533829,0.75726713749015551,0.6333295292929898,0.15949981129451102,0.13216396876843531,-0.38776723450454614,0.91223311560372089,-11.744719527415189,13.973059779221131,-6.2909099495966361,,0.09915691999985969,0.3214285714285715,0,5
0.8062848219293921,0.53892825560073709,-0.24384651164499793,-0.50503750489673538,0.8417997466713375,0.19055263092319316,0.30796412871301637,-0.030488060273121415,0.95090934037205355,20.258906987234841,13.704361922876945,2.1008532056837912,,0.4058714584036635,0.125,1,5
0.23943649909490317,0.95060704193253065,-0.19752573181603914,-0.95995857744826196,0.26225740380684404,0.098491541423638279,0.14542933845922135,0.16603405065461524,0.97533737831508072,-14.95209975335295,-14.94871907313788,-4.1852760389077952,,0.1563373171211068,0.2105263157894737,0,1
0.97340195932041595,0.055673792984863378,-0.22223648297669968,0.024316167005730246,0.93943982005109872,0.34185018432715064,0.22780989797048717,-0.3381615786529214,0.91309878825329671,-9.7486527375839405,-5.6404199431772382,-3.6163296482870892,0.4684904850757053,0.2709606674657317,0.1857142857142857,1,3
0.3999467915848946,-0.74030942565181113,-0.54035591806885397,0.91523178597073995,0.35405469766631431,0.19234357023104159,0.048921793198510595,-0.57147810574990521,0.81915775818748227,-36.023776444915868,2.44556074062488,-11.846287304748202,,0.337652089860243,0.25,0,1
0.89964342493175931,0.40179952847522588,-0.17087670085221987,-0.32325278074359853,0.87600242364093117,0.35794886997550895,0.29351209126471062,-0.26678997862044779,0.91797263553393338,-3.4907279804074025,-8.707772308846204,-1.6076668037242063,1.26280540447842,0.6695476673838677,0.4545454545454545,1,1
0.49963644043222788,-0.73996835939997385,-0.45034459525914528,0.85839384395002405,0.4927371373826408,0.14272393671932235,0.11629030940243272,-0.45788310793353254,0.88137371381736518,3.5891418754024418,10.827160234595715,-1.8080501532812867,,0.3771537141980031,0.3461538461538461,0,4
-0.47453145260900303,0.86625459656313419,-0.15627819559372313,-0.87584830140453773,-0.48237348682240383,-0.014337787053132989,-0.087804632062177757,0.13007226123980686,0.98760900838559984,13.685106695470596,-6.7868952816378192,2.6148642678226537,,0.3060644930414539,0.3125,0,3
-0.82446406330637867,-0.42637212133530583,-0.37210996017893144,0.486051403456569,-0.87028621721949373,-0.079724107493794438,-0.28985003280012583,-0.24659422999294614,0.92475847885810203,3.6637242288173093,16.366374771840714,-2.4945495918532767,,0.1832649074853206,0.3846153846153846,0,3
0.95636255887642196,0.10789874204707829,-0.2715299568077133,-0.029772066494822023,0.96046555027596625,0.27680236774585426,0.29066179665716041,-0.25663941279106239,0.92176565989750792,25.768419756094946,-3.2601556271310459,5.1351253927408544,,0.5507707195535263,0.4666666666666667,0,3
0.14795830545408808,-0.86979587200085917,-0.47070530153953127,0.98889792369164686,0.13673324900585793,0.058180023501650427,0.013756320929133673,-0.47408771305167596,0.88037015167935329,-2.8768401187868231,-13.691189788849771,-0.97809491247584446,,0.2000534098980142,0.103448275862069,1,2
