axis_00,axis_01,axis_02,axis_10,axis_11,axis_12,axis_20,axis_21,axis_22,location_x,location_y,location_z,dbh,dbh_approximation,score,reconstructed,number_clusters
-0.65662298536519614,-0.60684542478016945,-0.44786703999454214,0.70317795546132478,-0.70730105564719803,-0.07256706989806562,-0.27273983582038169,-0.36257943557755012,0.89115045578899654,3.1013617210580886,27.421165373736333,-3.8598338818166167,,0.3124202621282204,0.2307692307692308,0,5
0.91705344896149399,0.25315894554227669,-0.30809660828992025,-0.22969722560589262,0.96693243338321688,0.11081901380434582,0.32596342785163135,-0.030858022677006658,0.94487863037518272,7.7700559695782729,12.684879124815897,-0.43869322600745031,,0.1003464449673613,0.1,0,5
0.73181085035772897,0.6298284778647536,-0.26032473522365401,-0.60907461387431105,0.77580577095054748,0.16478325307410976,0.30574661736895298,0.037967015031402131,0.95135561791427325,4.3010314879367906,27.924909096673773,-3.4213326418690948,0.696742978152266,0.5114180149003196,0.7777777777777778,1,6
0.066621835314245564,0.9578846001098118,-0.27931814107183978,-0.99267491487008508,0.091908176044801754,0.078418113747958137,0.10078712441096611,0.2720477532503886,0.95699110523786202,10.180228364172779,10.384424436462078,0.65923303637176056,0.5208557653585557,0.4699502106470722,0.8596491228070176,1,5
0.14393253500503825,0.97929524474634366,-0.14235255173063138,-0.98077083457814318,0.16032592747346985,0.11128417237264254,0.1318028657044899,0.12359781792964752,0.98354033165656907,7.7248071065420669,-8.7405992909002919,1.4126978674420312,,0.6377457720425692,0.2272727272727273,0,1
-0.26235792323283613,-0.86674400482808567,-0.42417349069870536,0.94496376179267139,-0.31981203218421517,0.069019946166642948,-0.19547841061252022,-0.3827206476854545,0.90294689590231692,-3.7340463836684701,15.292217330037747,-4.4663725066023927,,0.1337031335100144,0.1666666666666667,0,3
-0.074046714743708039,0.97362901152086767,-0.21578607916304965,-0.99645266068974969,-0.063557539861109694,0.055159170870511906,0.039989736683089125,0.21910496811277788,0.97488144607860683,-21.357037638382206,12.146248663341916,-9.7442180349816638,0.6021067621069028,0.2973108739871816,0.7769230769230769,1,5
0.58288863298436355,-0.69893087114402663,-0.41441100238708972,0.80343370918940382,0.57194677397469784,0.16544232432510547,0.12138828805027806,-0.42938621904037472,0.89492589549215462,-5.9147935875471669,7.0647735471623356,-4.4114623484987003,0.2217512492395944,0.1979088145095668,0.5205992509363296,1,2
-0.88949012877025069,-0.26759427382556972,-0.37040601430869108,0.3194895689404566,-0.94373043202950102,-0.085435864832366426,-0.32670127970138962,-0.19433521625577535,0.92493248270579032,26.199471370115042,-9.3369198038891259,7.8701904887296381,,0.1289581550414393,0.4375,0,2
-0.92732139625421084,0.20215138948740377,-0.31497594158514924,-0.23451525011321708,-0.96972650204922073,0.068066942694061758,-0.29168069101926258,0.13698659405830024,0.94665571753136879,-8.5422632843249513,26.640188780272766,-7.5387542926113511,,0.09094561544190623,0.4,0,1
-0.7918665204008678,-0.51470121628756993,-0.32867928413625114,0.53229030107115316,-0.84553580936216821,0.041668098970853114,-0.29935672575341199,-0.14195722256496773,0.94352196461335069,-15.05634026991715,12.128875331763126,-7.8391229074165496,0.2256933156917241,0.2002883945509277,0.8156028368794326,1,5
0.20477518061490674,-0.86351999507907484,-0.46086911754072624,0.97866248039989223,0.17248111689348833,0.11166921586859083,-0.016937380602188964,-0.47390239756073216,0.88041447212351476,24.602555147735139,-6.8607198792650967,7.1358336556621307,,0.1186022108020863,0.2592592592592592,0,5
0.88870701744643088,-0.32801768113748542,-0.32031896291455442,0.39340826588694366,0.90436542632938066,0.16538776252161189,0.23543528510674977,-0.27299739288363944,0.9327607678314086,25.702730970363778,-7.6715488697107794,7.5361392083862047,,0.2680208960540727,0.1886792452830189,1,5
-0.9284132370041589,-0.1948500462712188,-0.31635789989118868,0.19674446222475081,-0.98010261993866432,0.026276814366662973,-0.31518324501685213,-0.037845922600332448,0.948275913541611,8.7534161443684262,-7.9127067451438498,1.6826043200455176,0.1932585380096647,0.1235241411578627,0.3846153846153846,1,5
-0.025660904974268331,-0.88089750622892626,-0.47261094091817252,0.99552383774497466,-0.065535510762376667,0.068098350278344794,-0.090960466343457697,-0.46874799236772541,0.87863616657511179,-7.9260602486291045,33.216133490823687,-8.1860333667157192,,0.2178907088363129,0.1578947368421053,0,4
-0.017155000665070828,0.99419751931300993,-0.10619321326732541,-0.99977979569943676,-0.015772917547460252,0.013841068717213148,0.012085779386328923,0.10640727260812226,0.9942491771546641,-0.97310805194036676,-13.530995364487815,-1.3579252287549592,,0.6781999573915765,0.3333333333333333,0,3
-0.55599694351040074,0.79742512446803981,-0.2344793587380852,-0.82326898325043529,-0.56717436950733524,0.023268343124321043,-0.11443592104268094,0.2059767109191912,0.97184258732267204,8.9321223334345117,-6.8792463029770134,1.7260771379016975,0.7638159804975641,0.5004276572970926,0.9595375722543352,1,5
0.84567883289654133,-0.33634926648308228,-0.41436274268693207,0.45849974627405576,0.85524160153704465,0.241536303000146,0.27313969732971921,-0.3942473512106891,0.87747577277437439,5.4894476152933764,13.912011684332603,-1.3956429232670053,,0.6292946655821949,0.253968253968254,0,5
0.88081642150423356,-0.32672419117586182,-0.34265687576489057,0.39574769546545863,0.90534881632942343,0.15403662650386499,0.25989650467494818,-0.27128365905706792,0.92674645032303948,7.3783002858013234,-6.7429417905670039,1.1157902811323281,,0.1192604918244913,0.3035714285714285,1,5
0.1761257086735396,0.96749173718287762,-0.18149235032667491,-0.97415794812814216,0.19779672962870312,0.10905386672171276,0.14140730830834311,0.15759502603523615,0.97732685470416802,4.9164635872086109,26.956217500290919,-3.1272458659541242,0.2792512102496998,0.2032677931372867,0.5789473684210527,1,5
-0.72545321686577369,-0.55774222579937016,-0.40328803565127574,0.62290878436246577,-0.78126956914248347,-0.040031321437007411,-0.29274951153362427,-0.28025251094732784,0.91419705403405327,7.5185025010185011,-18.469340802821485,1.9572301534980245,,0.3888371283771045,0.6986301369863014,0,5
-0.6150653594987211,-0.59659156925053902,-0.51553186423720476,0.74090717760949087,-0.66097082166105958,-0.11905514301970313,-0.26972422529585111,-0.45518795284133196,0.84855923180215886,-12.297312602771276,19.716411760185693,-7.865356137735386,,0.4433717304149771,0.3333333333333333,0,1
0.44656154960213695,0.84019116508313962,-0.30767123449093298,-0.86645928202616018,0.49185926846768308,0.085573200320819887,0.22322879520270192,0.22837089599743662,0.94763687077576209,-8.2011412473061753,-1.9573827578870227,-4.3771198747973612,0.2894921998307897,0.2412051098481042,0.8988326848249028,1,4
0.58874193405613451,-0.7192928008347359,-0.3687828653166586,0.79721771155453147,0.59206153503235925,0.11792819475801472,0.13351724782813587,-0.36342950540985136,0.92200441383431175,-1.8132590970729732,18.6926778753976,-4.3011244136489939,0.1668230797418533,0.133122034476312,0.3478260869565217,1,5
-0.5911212443894065,-0.71037111517511831,-0.38203213628748178,0.76234031399810054,-0.64676555340368425,0.023055684411930618,-0.26346331829079378,-0.27760979387493417,0.92386139775397025,-5.9285678646714581,3.4720252154780398,-4.0951374771734379,0.2477962934419895,0.2315518969074682,0.7241379310344828,1,5
0.77124139083443921,-0.5188529356441367,-0.36875242133065578,0.6001094669072079,0.78584167911655967,0.14940375862612507,0.21226244319734644,-0.3365181815841875,0.91744218819016909,-4.8580962919409139,22.712709758699148,-5.8592744186216876,,0.1349683211254936,0.1666666666666667,0,5
0.88481289178387101,-0.25998156749965712,-0.3866726407356551,0.37100740923740172,0.89514859677236258,0.24710825965034325,0.28188587907877699,-0.36210298846721994,0.88849410629395498,25.855034526448026,-0.30652660027294121,7.0043070258289815,,0.4762310890820884,0.3157894736842105,0,3
0.64629736195533871,0.74923157693497178,-0.14474724195336666,-0.71077871308261698,0.66008597532933799,0.24306403724561298,0.27765687630273089,-0.054208387700181819,0.95914968057376637,24.925233209300451,-9.6988560787077525,7.4389806911524072,,0.3463209654602388,0.125,0,1
-0.044626067649434061,0.97530674874200141,-0.21629900587948672,-0.99577172236962852,-0.026024300616297017,0.088098880279240163,0.080294402140942717,0.21931594022263565,0.97234424323337731,-38.111435527090485,16.070597923365685,-15.434284465415647,0.4919034297967215,0.3927739854516533,0.7321428571428571,1,4
0.47330566717072314,0.87586119595263412,-0.09406864965809994,-0.84997221407388057,0.48212483753129615,0.21237437778076532,0.2313633089459575,-0.020562258140657045,0.97265009783258372,-12.262101170054526,-1.9025304543171992,-5.7712035101154395,,0.6065015643173972,0.2264705882352941,0,1
-0.79175529571558223,0.53703368118146,-0.29106421453524833,-0.57079811901683586,-0.82014110213099944,0.039472521102560144,-0.21751565238661141,0.19739148378802959,0.95588887591329741,-40.00712808119404,16.086706397036018,-16.086952306919393,,0.08983553152373833,0.2,0,1
-0.020806585664403812,0.98698128882921377,-0.1594836088568819,-0.99685535723730578,-0.0082802349511787339,0.078808847577143626,0.076462296200637422,0.16062183291874843,0.98404986868021505,-20.850977926431387,22.432302866823754,-10.867211281263039,,0.3622299962916748,0.36,0,2
0.86717985687913979,-0.30917309428995349,-0.39039863420643722,0.43666792767727525,0.84896398435521325,0.29762606439247963,0.2394164087131663,-0.42856989049033545,0.87121044082586241,11.068917860841339,11.160546754248221,0.84180306257827353,,0.3769395260131639,0.6,0,2
-0.00051303864572040982,0.98034077237712203,-0.1973111928056176,-0.99641553015392814,0.016189827985383695,0.08302999902366591,0.084592127644446222,0.19664653438296661,0.97681846443223719,-21.953410482009637,9.6777367851271077,-9.7098734379517033,,0.2168490771335443,0.3166666666666667,0,1
0.65516992382577632,-0.65936568063696943,-0.36876723025815872,0.73820896912210832,0.66252269260253804,0.12692990071042501,0.16062343795910294,-0.35538793027455279,0.92081460142276694,-27.893012739762419,20.587823652986671,-12.826699852141568,0.4875360596276598,0.4149321698368064,0.8734177215189873,1,5
0.41832133300517532,0.86962869377838148,-0.26220830900274805,-0.88592929103366158,0.45432110147229904,0.093389657058972175,0.20034109324192226,0.1932311354681342,0.96048174092188165,-2.6360723076172565,16.380522028965135,-4.2618592359023184,0.2596843275578527,0.3439638407178499,0.1919191919191919,1,5
-0.91478488322893481,-0.20746098477184841,-0.34659566819756782,0.22908670610927367,-0.97315420907270278,-0.022139702980958284,-0.33269790876984329,-0.099653525585282704,0.9377533131578879,-0.95512276121608242,-11.170849332789015,-1.3935338112663234,0.293401900629254,0.2789487454569958,0.4693877551020408,1,5
-0.61976016571158976,-0.66074575833001714,-0.42345292518299299,0.73263416882001453,-0.68054363593422607,-0.010369873038283788,-0.28132634372655108,-0.3166629161084607,0.90585875603602595,-23.244929336740348,9.7040083710153358,-10.12057395451674,,0.2234714022356653,0.36,0,3
-0.9480883661161339,0.016557733099252916,-0.31757564690928963,-0.033256318995743037,-0.99833016692196663,0.047232351840785204,-0.31626328791387293,0.055341840303447264,0.94705586605528969,-16.218563369891523,7.2836654919356478,-7.7146052348472258,0.2602810245126504,0.2217620505942772,0.8591065292096219,1,5
0.46395472650733088,-0.69461396558447841,-0.5497794562972621,0.88215994254625119,0.41892978352026289,0.215154995866842,0.080869323716120614,-0.5848155908443885,0.80712506911074589,22.68279802300869,-20.297419640770691,7.5105994342972888,,0.4181352168724968,0.1764705882352941,0,1
0.57124503838754859,-0.7074409391216071,-0.41618075853209074,0.81152100855327003,0.56275508822677178,0.15729069696444697,0.12293396111039095,-0.42759095912988715,0.89557423638472977,-13.654561887847995,-8.6397953177444791,-5.7974010897582993,,0.1764817414176139,0.3636363636363636,0,1
-0.29260842815557031,0.9557951003034113,-0.028914252684769472,-0.9559907579185084,-0.29308040197531188,-0.013621628110682363,-0.021493686206013343,0.023655955148373559,0.99948907809905374,-22.507820814287346,17.59324990267714,-10.70993009321267,,0.4799670991185114,0.1604938271604938,0,4
-0.06071299066104513,-0.92808398887611987,-0.36738813584107721,0.99248508134890012,-0.095306554992057826,0.076746490964816491,-0.10624168703883932,-0.3599677348976375,0.92689585918149686,8.224259916433299,-10.41967358271944,1.7722416428428225,0.1446596900153463,0.1356717031721862,0.5573770491803278,1,5
0.30416616872347485,-0.89563031918056579,-0.32454471674732521,0.95231624027066397,0.29446763299808892,0.079891123619905857,0.024015001995229691,-0.33336938143900041,0.94249038997654955,-5.09999835333889,4.8083974453758564,-3.9339575941169524,0.2637117751039288,0.2412473400918227,0.9073741007194245,1,5
-0.91028182838996063,0.30231610194232189,-0.28282851237000239,-0.30480624192398675,-0.95172304919136941,-0.036282124001457139,-0.28014308448934622,0.053180937790534628,0.95848403224493706,-3.9469597195821362,4.407472163779782,-3.5049562348682315,0.2421680377179173,0.2401335594319851,0.5679012345679012,1,5
0.9421147162528577,-0.035029497039671897,-0.33345583779107207,0.13136167200647436,0.95358438644522348,0.27096296620673349,0.30848658406397772,-0.29908151441544428,0.90298741695967377,-0.50056511389419667,-7.3164172344672807,-1.4827941166132643,0.603207623184809,0.2521866751881781,0.2571428571428571,1,5
0.33123991376635809,-0.87142003066514373,-0.36181106904517979,0.94290426881361578,0.31985742800220091,0.092858847746876999,0.03480889801640439,-0.37191175822683675,0.92761521371283395,7.1756963698434246,15.242588263443142,-0.8710693739164439,0.4322391392152574,0.4483099870135847,0.8476190476190476,1,5
-0.93234192517933534,-0.16508672009226386,-0.32169070456273352,0.15331349643690875,-0.98624426519267605,0.0617836643850724,-0.32746527504940043,0.008283973909647184,0.9448268991794655,0.17482164695719257,16.285004718326888,-3.3364321340754328,0.2666118278822522,0.2677115241316271,0.9090909090909091,1,5
-0.16294734061843141,-0.91321315363840116,-0.3734834671135876,0.97695471278136847,-0.20223767803367873,0.068259876632029329,-0.13786824637912359,-0.35375366797441321,0.92512198602940665,-12.208726230363826,18.798223936530725,-7.6667780817081592,,0.08302668822121165,0.1666666666666667,0,1
-0.90071201305906845,0.30403353216562828,-0.31029257298551843,-0.34049124762368349,-0.93766669093123023,0.069619587830906382,-0.26978432093572235,0.16835910440772028,0.94808840945361361,0.022104394880828767,4.1862221644923494,-2.1444881660715422,,0.09351529312678079,0.3134328358208955,0,3
0.8576105686284996,0.48725731632094826,-0.16457344946378472,-0.40078389332948267,0.83371169474023099,0.37986455599467783,0.32229859358111307,-0.25981747005364986,0.91028484488678452,-20.519721907176862,-7.531435153644094,-8.1283330528177107,,0.3181514762579391,0.28,0,1
0.95393759064365102,0.1929273001183158,-0.22974361803115512,-0.12421289852445626,0.95107033519235951,0.28290700478646347,0.27308282442720766,-0.24133850580906532,0.93122580323824189,25.546571801471764,0.50700376874596598,6.816724365407687,,0.2638694206259897,0.2857142857142857,0,4
-0.047290012642511536,-0.88797437655297318,-0.45745509210154117,0.99585477095780051,-0.077534846902359469,0.047556520861121471,-0.077697682493480649,-0.45330988749550355,0.88796014326880468,-12.145717909103732,-48.763895813225353,-3.3401490792991306,,0.5630188500716693,0.4705882352941176,0,2
0.53033100909673103,-0.76841423522555041,-0.35817395758649945,0.84181394031703405,0.5273661528418373,0.11504012658507125,0.10049035117040948,-0.36252517697331377,0.92654043915099327,4.8272768292183414,10.4789187756733,-1.0932498226940659,0.6927089033267505,0.4038201718564549,0.5903614457831325,1,5
-0.73245709804732062,0.65661791542850156,-0.17988750000605286,-0.65537357302620103,-0.75158376834276319,-0.074882033509802895,-0.18436940987856185,0.063045636661245283,0.98083289524720263,-0.74887776242705084,18.885132821805446,-3.9756039906193039,,0.2482452791597361,0.2142857142857143,0,4
-0.57379212281706971,0.78519942997773007,-0.2328614501280295,-0.81059283665159221,-0.58509983302838597,0.02444255631640347,-0.11705491430181915,0.20278076968194755,0.97220270853613211,6.1092171659571894,-14.499062026216723,1.2376931290821276,,0.285532120579195,0.3611111111111111,0,5
-0.26821436129868714,0.9426928149679682,-0.19847244897191121,-0.96199304398309426,-0.27305654725768785,0.0030830711723028844,-0.051287812599882771,0.19175603929858551,0.98010161803317186,12.198167585961469,13.448510515483552,1.0326904845711822,,0.1540164223695239,0.1,0,3
0.85561633632651291,0.48993463647575941,-0.16698723601689403,-0.45826969329800354,0.86700789147057833,0.19566860844881792,0.2406440799515962,-0.090892068460941264,0.96634831126004583,-28.179250760195973,21.728419502135552,-12.994512421646906,,0.3566485048162426,0.2941176470588235,0,2
-0.23780755593522807,-0.85664541335771827,-0.45782769915471272,0.95744274129008411,-0.28610826914405718,0.038019146207163769,-0.1635572177895043,-0.42930256707895026,0.88822764109679742,4.9538758497779796,-9.8936497638702576,0.56251082567672372,0.6400932610124733,0.3938422592409115,0.504,1,5
0.15309023954429499,0.95342678123838664,-0.25988603535719162,-0.97978361596556773,0.18071623005353044,0.085823715141421675,0.12879225303451614,0.24149330635164298,0.9618178302285959,1.6543159449766558,21.719349475424007,-3.4938344802919286,0.5366105487570504,0.2318636033296551,0.4545454545454545,1,5
-0.34470466226073948,0.93612345463784008,-0.069653237488475878,-0.93870420603357074,-0.3440380612357572,0.021730761515090336,-0.0036206892429115371,0.072874481803015395,0.99733454793832788,-12.308737452159503,-8.2007308905175282,-5.4385225722039552,,0.3771057979234151,0.3235294117647059,0,4
0.5306990848040406,-0.75655927808831946,-0.3820687636102103,0.83872944650109793,0.53368660924278077,0.10821977031441886,0.12203031164475416,-0.37788445569171608,0.9177755396536017,-17.856190471722812,10.580060160280382,-8.581256222556064,,0.1351380644974693,0.15,0,5
0.79352988137129987,-0.51617677353550084,-0.32229158511095396,0.56789135044206818,0.81844795034588946,0.087420630675470262,0.21865438816528512,-0.25239748619408453,0.94259522993646228,-10.163073499648716,18.979150338644263,-7.0172760388080819,0.6814205277791181,0.6858273378890775,0.9191176470588235,1,5
-0.90553083647791921,-0.25138349249174413,-0.34178976563123209,0.27089567181824403,-0.96255932238130981,-0.0097511992583124152,-0.32654163467732811,-0.10141937980231527,0.93972584843813434,7.2089175585029528,-11.842017022595218,1.4458394821461285,0.2610331424494206,0.1142198907398033,0.3666666666666666,1,3
0.3347551108770831,-0.8181610582542661,-0.46749491815198613,0.94228397170770217,0.29397325261213963,0.16025181250581458,0.006319209161863815,-0.49415808149305784,0.8693491002414796,16.041671071404199,18.111794727184275,1.7126484817585328,,0.2899466303297838,0.4666666666666667,0,5
-0.8681329287846139,-0.3660097362102443,-0.33523438212563694,0.37544082400381457,-0.9260341457031912,0.038793667822203746,-0.32463734478828371,-0.092182612194871449,0.94133573202006138,-10.437666030117837,-13.663737593674925,-4.4806928486541207,0.2604289635842376,0.3364983460751759,0.9349112426035503,1,5
-0.49478685615091211,0.81171768854223281,-0.31032299477794306,-0.86404735535315924,-0.49764793272630792,0.075951976672390217,-0.09278003388395395,0.30571380269933346,0.94759217818194619,0.18301246874530916,-4.6730661509190545,-1.4655323320074354,0.33092848589365,0.2675362552317028,0.8866995073891626,1,5
0.063901651320211306,0.96643692029804285,-0.24882977724417707,-0.99163384008374555,0.089513451511351719,0.093003597776065039,0.11215572281126523,0.24080494405921465,0.96407161184080281,1.6283252424915404,19.616581260929333,-3.3136677765622911,0.1978280638429006,0.1517332500449795,0.5483870967741935,1,5
-0.026994382424476333,0.96506185736072536,-0.26062792403153645,-0.99676346222326062,-0.006236067704637336,0.080148061962108594,0.075722544161035368,0.26194793934492094,0.96210673699893101,-21.168606641187928,21.679762047878619,-10.871524087802086,,0.8355751112137833,0.5512820512820513,0,1
0.070439276800347769,-0.9258827163544584,-0.37118661592241503,0.99561861483901137,0.042315853232016143,0.08338430518566331,-0.061497008625569449,-0.37543383454523244,0.92480676565905928,-4.1237584683387265,9.9926999359967219,-4.0092303981094473,0.3992379631682607,0.3704882290008009,0.9074074074074074,1,4
-0.87223854851467741,0.41305138202761915,-0.26189400583076089,-0.42949867469773684,-0.90304628249240215,0.0061887082287345237,-0.23394615388566747,0.1178811582982054,0.9650767998456794,9.5846876033704298,-12.267934682488693,2.3334012173780239,,0.08156879468837949,0.4,0,5
0.055612726904233127,-0.93642046046593197,-0.34644472261393672,0.99563259570647844,0.025951075578879969,0.089678737965472904,-0.074986391919173445,-0.34991893760851472,0.93377394380539069,-3.5980439228405641,-6.426994100828451,-2.6068888504532,0.4014298985053047,0.3271730355602669,0.9093959731543624,1,5
0.38303506976349544,-0.82024527169193828,-0.42483153084286568,0.92251324873550278,0.36330763481894124,0.13029531223238749,0.047470424884790918,-0.44182038969391796,0.89584669559694863,-18.004773950008662,24.271901269413945,-10.204578948520492,,0.2442298248110259,0.3529411764705883,0,2
-0.19040361171061845,-0.86493407183239568,-0.46436571366863888,0.97089689690899916,-0.23590828514421106,0.041309763649698183,-0.14527794127130372,-0.44298570223399975,0.88467959589685441,-7.2567515074751414,4.0804073800949512,-4.5726020109929548,0.232609447266798,0.182007955390852,0.3929471032745592,1,5
0.04617220336711178,0.99432501059416567,-0.095843105871727161,-0.99586099124322003,0.053337228937456148,0.073593655496557511,0.078288017961235093,0.092048429189130754,0.99267218804976898,1.7498519245815003,-17.304242866931876,-0.13319938287590183,,0.3121599240485744,0.1111111111111111,0,3
-0.30720808254187837,-0.78847267437042834,-0.53285461036955162,0.91978134837556313,-0.38968566643078384,0.046339535591402428,-0.24418326150941122,-0.47587385213892563,0.84493704596797403,27.077300988320864,-1.2609954926326477,7.4714534169443798,0.9610598779390346,0.4915035542366827,0.2666666666666667,1,3
-0.73401282876452911,0.64216937554820241,-0.22100601873506678,-0.65154881345688664,-0.75767427956734457,-0.037600927714984154,-0.19159674029590323,0.11639664595741721,0.97454733590413511,15.261958642591116,11.247678513783089,2.1924531071500719,0.5227569885985092,0.2666728067848207,0.2777777777777778,1,4
-0.33552074335282822,-0.82705843717580396,-0.45099908234527875,0.92368473213753599,-0.3828623294778643,0.014931586747333397,-0.18501985405889698,-0.41157110948547043,0.89239950439302962,2.9613084653549375,31.662401361405575,-4.4433790328099461,,0.1753124461373937,0.3076923076923077,0,2
0.16376167566749603,-0.92580285695883358,-0.34069221245786618,0.98607791904836917,0.14351944445283377,0.083979203551765302,-0.02885222951199207,-0.34970164299129619,0.93641673935346548,8.618340049672641,-2.3474001724819726,1.2663715766346233,,0.1909968638430727,0.7304964539007093,0,1
-0.92429359942099942,-0.1450569845736184,-0.35304364219708384,0.19633176133418792,-0.97390472404705031,-0.11385705059527643,-0.32731511049871964,-0.17455102321455698,0.92865319615772735,11.191049821314556,7.8488706942681024,1.2233560824305973,,0.3982980284066562,0.391304347826087,0,1
0.035354213136903324,-0.87183606523032253,-0.48852016844464025,0.99528454237994979,-0.013465096968361583,0.096059204989251329,-0.090325850746089328,-0.4896126699007512,0.86724891130496884,6.4749170369158673,6.6875178241312536,-0.14270043650706499,,0.6617373216069785,0.5777777777777777,0,3
-0.9473715449273914,0.16194446820204891,-0.27615420525612933,-0.13424483285667257,-0.98407063898522984,-0.11654742527609471,-0.29062945603151247,-0.073341439213847143,0.95402072963896856,-11.461783854689974,18.891334899984535,-7.4227514890053765,,0.4700007526903098,0.6142857142857143,0,3
0.75939735706950928,0.63162864542086306,-0.15607981406848259,-0.58808352922236506,0.76898120779854728,0.25065048316342209,0.27834046908995136,-0.098555346564734442,0.95541269979537791,21.189493159904021,10.327930166594614,4.3098368775347735,,0.4065866814844998,0.3529411764705883,0,4
-0.72418995187994295,-0.46971127523438888,-0.50489625816974559,0.62268154316272795,-0.76003066452374524,-0.18606742000704612,-0.29633867348122195,-0.44913773711555205,0.84288711207261413,-16.892726124815404,16.072633778355264,-8.8035588034249432,,0.2334713475947343,0.2307692307692308,0,1
-0.93176717330291481,0.22454823692547504,-0.28528586373803655,-0.2070712024984746,-0.97413743673360964,-0.090431031454415264,-0.29821376871454575,-0.025186179697096158,0.95416675927289241,25.49678371374673,2.9920148791359416,6.5763608220197609,,0.1167598574404444,0.2666666666666667,1,4
0.39361030793567009,0.89420367725744232,-0.21323862001536195,-0.8953343473705756,0.42549843363605788,0.13163392188857748,0.20844023581183585,0.13910739215631313,0.96809183528329446,-22.880854767289641,3.0214686436928768,-9.5742558340170163,,0.7735638985071006,0.7083333333333334,0,1
0.23655788382086237,0.93719555065132154,-0.25632960703274454,-0.95792168799230648,0.26910040873359892,0.099854943259608767,0.16256201055647992,0.22192221578466592,0.9614177670841425,5.8386199642063827,4.2619426239100493,-0.19362113757103178,0.5539286647673891,0.4778539843300561,0.6997929606625258,1,2
0.39579746203018412,0.89371937097261922,-0.21121092537738848,-0.87992142710932308,0.43489948514180932,0.19131314627407067,0.26283578744980629,0.11012776113086561,0.95853493679883428,39.179456232885443,1.9743973199098714,11.208365384188674,,0.3271420762033868,0.3,0,4
-0.53188865066549007,-0.71485501408440044,-0.45395679544603756,0.80979779439548938,-0.58614111652372758,-0.025809372571192351,-0.24763278354338464,-0.38134092405445991,0.89064982128547343,19.502243159806408,-3.8057472683299642,5.1402264181376607,,0.6854673892489538,0.2241379310344828,0,1
-0.79699889167846993,-0.43572815755997363,-0.41825080917158131,0.50937712059918261,-0.857017964491261,-0.077814892850550682,-0.32454231723055404,-0.27506577622206585,0.90499232210995906,-17.6132738694645,22.311699764039492,-9.8621913275764452,,0.4009192072074285,0.4166666666666667,0,4
-0.39370450617903568,0.87571568850853032,-0.27949739661462625,-0.91763522179764401,-0.39235294907472806,0.063283197365131147,-0.054243539068830317,0.28139153550239582,0.9580586841195553,-13.467218314746292,-5.0041694396149854,-5.9639949959771776,,0.3920464725916034,0.3461538461538461,0,1
-0.7337185815550602,-0.52427148199680684,-0.43219955604524174,0.59641696019808577,-0.80167533642753064,-0.040043283480278621,-0.32549017292217436,-0.28715164657142223,0.90088849432236373,23.125986845812971,6.5447671136899341,5.4187307607271586,,0.248979104300496,0.2857142857142857,0,4
-0.72956422681230115,-0.54698604042726451,-0.41053904873163155,0.6207364795437964,-0.78158354878067504,-0.061752564634846137,-0.28709277580486769,-0.29988902589643007,0.90974958654980842,-29.087383641201701,14.588098377063943,-12.506005873763517,,0.6788445117513456,0.1842105263157895,0,2
0.26157471530276261,-0.83834352744843066,-0.4782873595440309,0.96510336448322631,0.23355575352694574,0.11843650559526755,0.012416286781316878,-0.49257673511827893,0.87018043866934947,24.676249403844771,-3.8977372790897933,6.9394416857039447,0.371943689124887,0.1454037559404701,0.2258064516129032,1,4
-0.12508805888521629,0.98382647897394038,-0.12821246738936157,-0.98941892489305572,-0.1141240694883589,0.089587319565254259,0.07350624863097989,0.13806214554741525,0.98769209543209657,-7.0248611547725917,-5.2130476997088326,-3.8346995635103518,0.3793563023147295,0.3242192844066227,0.7030716723549488,1,3
0.23213144993019524,0.94232747194671096,-0.24110977907962775,-0.96014192080286764,0.26166578261186069,0.098277719382898004,0.15569997389301812,0.20868625691368364,0.96550896645503559,-19.900468920673354,2.6406056320732905,-8.5341734123310005,,0.1796910116598037,0.3157894736842105,0,2
0.94730128623725474,0.10700363598296483,-0.30194452301651331,-0.0036481989848840372,0.94610584005059895,0.32383704245549055,0.32032321760592258,-0.30566969314699444,0.8966376497526819,24.706506069150539,11.709288379850578,5.3749735213081262,,0.4426454660228058,0.1363636363636364,0,2
0.69924137744601422,-0.54204314141738397,-0.46610162937901711,0.69287155856997018,0.67440917947765844,0.25514948943921467,0.17604118663602894,-0.50135964284996593,0.84714107982621956,-18.669113559810572,20.986830915839249,-9.9587944926613883,,0.3604816748593963,0.4705882352941176,0,1
0.78275089353125771,-0.42994713630935399,-0.44994055013457562,0.58463561515057949,0.75582577502314929,0.29483655693987515,0.21331253168419853,-0.4938348486994843,0.8429857092717743,-2.4843210726706282,-5.118484127538844,-2.3377409260270472,,0.6216162514756138,0.2758620689655172,0,1
-0.79927008990931647,-0.37465672035451575,-0.46989324880184519,0.46449541573738512,-0.8812471385236178,-0.08744992626006709,-0.3813283783503511,-0.28815937037885031,0.87838080871997526,-10.591212367329689,29.259206644629916,-8.5171863566869153,,0.3465232913082994,0.25,0,3
-0.41863245958832968,-0.80884505956662489,-0.41293647622084684,0.89239325911232459,-0.45073027760016332,-0.021828603834532005,-0.16846701418945709,-0.37763988993370934,0.91049820354624911,-10.099165803019327,9.552167785033344,-5.9217127833951304,,0.2069843583055898,0.5208333333333334,0,2
0.88542972718453694,0.35693629493552287,-0.2976754601501761,-0.33150927522895002,0.93391957289733374,0.13377530338758045,0.32575419975050796,-0.019766454334664958,0.94524784507976678,-1.0059430846908002,27.405780399631055,-5.2844616689469426,,0.105101735896605,0.2941176470588235,0,1
-0.16835780472000988,-0.79840850340691449,-0.57809991461458554,0.97579247534615265,-0.21804014741033476,0.016956980129397219,-0.13958758772787894,-0.56125070672989952,0.81578977043568113,2.8659137735968629,3.0787855755136939,-1.0408864509526616,,0.4753610080436805,0.2879045996592845,0,1
0.34088023545025914,0.93718987237402152,-0.073998704035555932,-0.92011839974496712,0.34874246388594976,0.17821566803600325,0.19282840955143982,0.0073373702593592296,0.98120505882692033,-16.797619763631506,20.553069597815732,-9.3226311791663878,,0.4946004866885734,0.2307692307692308,0,1
-0.91004273183397588,0.33962110810821233,-0.23765464262981417,-0.30582654820855654,-0.93712745008207898,-0.16811384450276726,-0.27980769940620692,-0.080309683289196271,0.95669117594080233,24.137898765212579,9.9454093931358489,5.4196163419101637,,0.2210795293707492,0.5,0,1
0.47313637221292154,-0.68240104818678704,-0.55719905125795988,0.87693714429607517,0.42538961751359555,0.22366250974511168,0.084399160203410081,-0.5944514132754769,0.79969012686899399,23.597765707762779,-16.956450694586781,7.6576506691165545,,0.2451453003086177,0.1764705882352941,0,1
0.92548650868140914,-0.19319497755965248,-0.32580734014816287,0.28067085756786631,0.92738184852714656,0.24735961015188024,0.25435917903785926,-0.3203726075495486,0.91250358923737307,10.597232884171889,-31.300019326213604,3.8353323134274961,,0.2929591475145781,0.1666666666666667,0,2
0.90749730071541224,0.33051533071654604,-0.25924556959681011,-0.2788704080099636,0.9355845991899655,0.21659352089780867,0.31413364151360601,-0.12426211779897071,0.94121144348627517,26.038586755508355,10.042007418333117,6.0294482184059266,,0.492114907570066,0.5,0,3
-0.77846482979534959,0.61329961940038913,-0.13362666505991888,-0.59104433918985666,-0.7878893734598601,-0.17290727081489438,-0.21132699279392464,-0.055622945196811234,0.97583143528188798,27.857665757654839,8.9842055106189473,6.6938979844672533,,0.2336082674421148,0.3461538461538461,0,1
-0.94680433066339453,0.081823091768340919,-0.31123390093386921,-0.075094298834300355,-0.99661141458656155,-0.033563888308122312,-0.31292555939013456,-0.0084065432399395793,0.94974045102392513,2.5124681906431521,-14.290802150765437,-0.10864335749211317,0.674540914872279,0.6692334060555158,0.9976190476190476,1,2
-0.68001675811539797,-0.57001052218165071,-0.46115638701467127,0.6746501480247713,-0.73273575625226972,-0.089137474047491561,-0.28709647586199583,-0.37173420089038756,0.88283027668743119,28.409140435422309,-10.59193328906359,8.7342201764883303,,0.3298058390544146,0.25,0,2
0.67593840637185276,-0.60690515779279919,-0.41805908701519529,0.71800228200235316,0.6701704684876113,0.18800070799470442,0.16607225484979227,-0.42724427744745075,0.88875324672122158,-20.696788235016641,19.74263441705908,-10.512488074442297,,0.6062718424742518,0.2727272727272727,0,1
-0.79460858067161211,0.57553910212745518,-0.19326651403016099,-0.5663027888901434,-0.8173800817690523,-0.10578730180160988,-0.21885692773657711,0.025387868156699543,0.97542662529385904,15.149670502396571,-23.079283587381642,5.0157554208243793,,0.4027640620446791,0.1875,0,1
-0.31069425399099193,-0.81548937284248291,-0.4883094954206359,0.91340014795164293,-0.39830015250681111,0.084006893972870589,-0.26300047577694435,-0.41992150611039925,0.86861768255491789,12.843520527184518,11.45727292430349,1.4662599847635149,,0.438236950078249,0.3888888888888889,0,2
-0.056004984646727617,0.99810797417502994,-0.025375452369114867,-0.99625132361076263,-0.054186434188316326,0.067432414711019475,0.065929825561148431,0.029056879360534929,0.99740110079310806,-4.6607020572237721,-8.5664307964365687,-2.8554363132020852,,0.3362039144323842,0.3085106382978723,0,1
0.81170019037990859,0.51108309367994098,-0.28273109537467006,-0.49208368089952315,0.85916142561608844,0.14033992919232563,0.31463701614653738,0.02521341087340807,0.94887714272319379,18.352868594346504,-25.559602886656005,6.3013312203993452,,0.1671922774074974,0.3333333333333333,0,1
0.91258198611311026,-0.14890110138375343,-0.3808183039568297,0.2966197120561031,0.88211913699958489,0.36589967827105596,0.28144424854952288,-0.44687167078011669,0.84917303584874937,18.628296827741035,-23.687531755145258,6.2849159245698045,,0.3240265891321421,0.2,0,1
-0.94811936051858181,0.017258739257922474,-0.31744576564991828,-0.010226804230229843,-0.99966431701357461,-0.023804742490110282,-0.31775004435101556,-0.019323281528015691,0.94797759472780641,-6.9879968681062685,22.803770920771012,-6.4782046774555555,,0.1805038699273125,0.5,0,1
-0.12770861731528749,-0.91168432760596374,-0.39054090164934108,0.9849080956160351,-0.16295285962144093,0.058330169991105352,-0.11681845853037849,-0.37719763034629178,0.91873575929520113,3.1328698619967033,-14.877710535072104,0.16348848003530844,0.7013217771524242,0.8999159975846105,0.7397260273972602,1,2
-0.00239381322640261,-0.92943966208011453,-0.36896637273692096,0.99642089941029388,-0.033393505429935869,0.077654781008531459,-0.084496513990928918,-0.36745991393280464,0.926193041852441,-7.4842134955973405,9.6875206001099645,-5.1752357443522081,,0.1106096085862767,0.375,0,2
-0.93143789106676445,0.26557890253395311,-0.24877962459566472,-0.21324404232336544,-0.95231447762582211,-0.21822949873435674,-0.29487358901517369,-0.15021645127321739,0.94365490740428626,3.2027974993837094,13.207948677169121,-2.0425681700429865,,0.7730233221663447,0.3559322033898305,0,1
-0.92760439873458345,-0.0813564525959658,-0.3645973218075691,0.18047095822520001,-0.95214175266330936,-0.24669072960393068,-0.32707845035332106,-0.29463063394060324,0.89789335494713851,24.686607527324291,-12.017774892790639,7.584718036815767,,0.297046040304976,0.6923076923076923,0,1
-0.85506187331583117,0.45472883364056704,-0.24918041788534048,-0.45498411675454514,-0.88846982677116537,-0.060090102498697,-0.24871398493592933,0.061992376733813914,0.96659107120032162,9.7476747664364751,18.995042204564452,-0.54649551863294565,,0.7187234278349687,0.6739130434782609,0,2
0.57283799630172305,0.79324272987422684,-0.20645241944504217,-0.77778287146663083,0.60552704593660889,0.16849570170305905,0.25867051406403008,0.064054415468164996,0.96383950791243367,8.2108036100498012,13.707201714537446,-0.33606693753567202,,0.2092444886455336,0.3,0,1
-0.94660023920681757,0.11027417680124452,-0.30296467296436164,-0.085657810908626841,-0.99193574991743616,-0.093414171655455291,-0.31082266095627037,-0.062474586565585452,0.94841246273418489,9.1330576774549268,-29.800799629870532,3.2385610471489388,,0.4130220997459652,0.2173913043478261,0,1
0.42008193089555068,0.90602282493765185,-0.051515163079078219,-0.88136891367695913,0.42085508240724645,0.21463885392884563,0.21614811898086081,-0.044762040882739051,0.97533396862666943,12.276391958223773,15.195571901871597,0.70041929055152063,,0.1904867989952819,0.2,0,1
0.30916199193252031,0.94395950489437008,-0.11558250673822634,-0.93318116668434126,0.32454018217879355,0.15442338002066783,0.18328058514193038,0.060117578718136437,0.98122072126463999,16.703435441293124,30.814661946105073,0.25777192242175417,,0.1429024250812312,0.1111111111111111,0,1
0.47027277541162238,-0.66728552400576591,-0.57755826213378725,0.87858131791176486,0.41576147476097031,0.23502609200046229,0.083296965869570597,-0.61795827169553597,0.78178589774949891,-21.511367240211889,13.615746643536408,-10.075453005532781,,0.7867251971800323,0.3333333333333333,0,1
-0.73418405191350744,-0.49149369764934908,-0.46840978116050791,0.60976452554412541,-0.78073422988004204,-0.13653309372297265,-0.29859839467721905,-0.38586008793938337,0.87289804171598406,25.416800191035527,6.7127301520816856,6.126665445582673,,0.5015791234212912,0.2564102564102564,0,1
-0.056361112940600706,-0.88252088515411131,-0.46688361741969658,0.99303987092281409,-0.097989005713160382,0.065345003764234175,-0.10341779201713035,-0.45995113004117189,0.88190119529806266,28.619644653274285,10.42571070909702,6.8974923546730409,,0.2211876972129865,0.5454545454545454,0,1
-0.77221227989197794,0.58946892447107335,-0.23709614477453939,-0.60019831205492968,-0.79920432847260414,-0.032162517890662136,-0.20844706999726922,0.11746841462099512,0.97095365006573997,9.8946321970121147,17.562094169756474,-0.24296365400832814,,0.4389521187034555,0.1,0,1
0.73607794917446046,0.64662972099222771,-0.20014808684730229,-0.60726830936608978,0.76145435997326338,0.22674315451047342,0.29902249610819043,-0.045357045838798564,0.95316750113188697,-1.3028777474857094,-16.616241893772884,-1.2324170125081135,,0.5717798342550525,0.2830188679245283,0,1
-0.05174197521349358,0.99636724125974407,-0.06763940083600882,-0.99638523479358676,-0.046936187575911871,0.070805777879835524,0.067373821966220757,0.07105853108731465,0.99519417867739668,-20.208029532996154,3.7484177583277529,-8.7476411656224773,,0.5183644936387598,0.1944444444444444,0,1
-0.93283499151809224,-0.065957292432599554,-0.35421534999827781,0.15246844621294192,-0.96300327664127827,-0.222211750561427,-0.32645405727123866,-0.26129356048919977,0.90837955929117253,24.48140542619316,6.1489700660845097,5.900803156466691,,0.6101764978240024,0.1666666666666667,0,1
0.8327240756669777,-0.42056604232299183,-0.36013166737924385,0.50026711086305897,0.85022683342901351,0.16385099787917567,0.23728344146464725,-0.31660469952615883,0.9183997128944702,-11.33563615748181,24.12309557291303,-8.0331925865391991,,0.8544254318988829,0.6266666666666667,0,1
-0.5691420854196827,0.79606352466475983,-0.20581581888294034,-0.81312428793251601,-0.58208300494830811,-0.0028753651226135972,-0.12209086361548435,0.16571734987221107,0.97858652196571649,29.792746015767943,-5.0563505350712452,8.7182733421639451,,0.2701146511261583,0.3333333333333333,0,1
-0.94811036395565707,0.014344496093043719,-0.31761765251904361,-0.0096712732449846794,-0.99982061217635232,-0.01628526760986913,-0.31779427973721003,-0.012368463895765916,0.94807901404216677,-4.6878187529875524,29.667799745106912,-6.7194762789976945,,0.1401492437007767,0.125,0,1
