axis_00,axis_01,axis_02,axis_10,axis_11,axis_12,axis_20,axis_21,axis_22,location_x,location_y,location_z,dbh,dbh_approximation,score,reconstructed,number_clusters
-0.29853541568941355,-0.85980110708687651,-0.41426882797445685,0.92299458727353867,-0.37052728031460996,0.10387745860583975,-0.24281185605916875,-0.35135678561092226,0.90420728362597325,-20.397512537416603,4.1448321075957439,-7.2904855907763793,0.3842524421160112,0.2073196256881799,0.1777777777777778,1,3
0.30552690140539657,-0.87267452013454394,-0.38091008706197543,0.95213038750868706,0.27577626845255299,0.13189076897548169,-0.010051751099965735,-0.40297224676934001,0.9151569978061117,-0.43936638840123349,14.513365293083245,-2.2063851739656788,,0.6451633695499805,0.5967741935483871,0,2
0.52213520000314029,-0.74614422115855383,-0.41309034623115493,0.85111037112305554,0.48689537635593433,0.19632633203416003,0.05464402148867753,-0.45409436653068891,0.88927629969579014,7.8005937191793162,-9.2894045074804215,1.7771787584737029,,0.09228519548438137,0.1578947368421053,0,5
-0.22222264095803715,-0.91542496898425241,-0.3355804285202228,0.95722899980406628,-0.27025037961487608,0.10333138077139242,-0.18528286423666482,-0.29826474561737348,0.93632708053439395,9.818091921908799,4.7064610471834358,1.69893348213661,,0.1490063140778525,0.3103448275862069,0,8
-0.77764306046206755,0.62244796781065437,-0.088486145150385859,-0.60840581692322104,-0.78051922378239291,-0.1436387943423301,-0.15847281296543136,-0.057864226206843755,0.98566632227965767,5.8081206845520494,-0.85239773885849113,0.61759105935829572,,0.1422097193521705,0.3422818791946309,1,5
-0.33100837235698266,0.92676281544838801,-0.17760670407323348,-0.94361783136574318,-0.32422308626456359,0.066818999256888834,0.0043411701408572305,0.1897105011201472,0.98183047416880964,11.177564982976717,1.3954030141209564,2.2154346678151797,,0.2250605854826395,0.3333333333333333,0,6
-0.85885070294122723,0.46499819079354709,-0.2148305206810448,-0.47191101546299163,-0.88139234169684011,-0.021154987186235204,-0.19918700645887746,0.083211913551424307,0.97642220063918173,18.328210024466507,-11.539901454415791,5.3492831128945655,,0.367984645564802,0.2,0,2
-0.96051022255977936,0.011220338630119514,-0.27801837413953162,-0.032263567509231018,-0.99693792075983167,0.071230922797902482,-0.27636782477296534,0.077387894092609169,0.95793107230017882,-0.91928092959319707,2.3700753887933126,-1.5647037844113185,0.2386086105583114,0.2013010734325344,0.8424317617866005,1,4
-0.073506331449891202,0.96470280810662701,-0.25287410161573609,-0.99300847821662497,-0.047315347015043842,0.10814536572016098,0.092363312124891503,0.2590554959232344,0.96143604498962143,-3.8892852172618886,7.2682978999414827,-2.6890757309733448,0.2310260883027113,0.1910601787864196,0.7724550898203593,1,4
0.88756001246844463,-0.27681615728020675,-0.3682526840847653,0.40095891958930402,0.85779859716461226,0.32157971251961898,0.22686817553106045,-0.43307549200000067,0.87233964094277228,11.851831805910622,6.0486413636554541,2.2274140398645916,,0.266136450175311,0.1627906976744186,0,4
-0.92016697934509617,0.29565168432761901,-0.25667647277684758,-0.2748819832067288,-0.9546715798297396,-0.11420188253144181,-0.27880571269480392,-0.034529063405072523,0.9597265852049276,9.9886034249200133,10.55760076625663,1.3766429815497747,0.726385403864078,0.4977994313947523,0.5,1,4
0.95901252284162675,0.11886604010120823,-0.2572272255100439,-0.048075051563338161,0.96285530714929879,0.26570368253302457,0.27925574380864476,-0.24244694678441694,0.92910478824769427,-1.1392269812124318,-6.0693777337556947,-1.2720706024662329,1.175251149762899,0.8133308204451997,0.3423423423423423,1,5
0.26815408900255933,-0.88806668337658945,-0.37340453991309874,0.96162168791186287,0.22336083647909311,0.15935390194438512,-0.058112940802787678,-0.40180530435008621,0.91387930467178602,7.5007406040313747,5.4810461084939615,0.89817801048555801,0.1494885092167874,0.1360584768802427,0.25,1,4
0.93010289313922934,-0.19198911827098783,-0.31312742875635313,0.28521251255485747,0.9146868089491873,0.28635967631022941,0.2314355868404461,-0.35565182411999907,0.90551054612518811,5.5262414267985083,-6.5947471224626684,0.86192670375141966,0.2316784118894605,0.3538419765517301,0.4642857142857143,1,5
0.88378306780027749,0.40161328523756529,-0.24007136062058837,-0.3542221694112353,0.90951453964550055,0.21750852137567342,0.30570270487375273,-0.10719175012156297,0.94607387921808095,-22.804188467014185,0.71758659394820112,-7.7325402833727619,,0.08311947314393824,0.3,0,2
-0.71821458087759049,0.64643216520026126,-0.25747479800813539,-0.68305733683093806,-0.7255463333474812,0.083756747593569811,-0.1326668399271429,0.23602536719710654,0.96264818891598058,-7.8471681625439116,-21.745824495662429,-1.6596676152425225,,0.1708901442310857,0.631578947368421,0,1
-0.95912617742368156,0.016939025475623495,-0.28247131747590537,-0.016506774124553227,-0.99985610816386317,-0.0039101630931459063,-0.2824969065116264,0.0009123504536075565,0.95926777566434063,3.9328036667931752,-17.075566062062737,1.22674270721953,,0.1968235876776908,0.2758620689655172,0,6
0.77105405550913131,-0.44318726618684073,-0.45723155028142365,0.61732835677177389,0.6963397634852031,0.36608282357252303,0.15614526380387353,-0.56453164736727024,0.81050766542483288,-6.8662915313206359,-12.441166149187836,-2.5619235615063101,,0.1466723874171928,0.1111111111111111,0,1
-0.70117848625059331,-0.63253031093667356,-0.32901996317196569,0.6524631601446258,-0.75531324781071085,0.061593200401698626,-0.28747270317964924,-0.17148557790085675,0.94231212530593822,7.9340779144170854,8.1493796129198977,0.83836492291719666,,0.1202090070713342,0.4090909090909091,0,5
-0.86055043277097887,0.45441636998116236,-0.23012760666818438,-0.46576411364635778,-0.88489101120013092,-0.0056292749475594485,-0.2061958852569713,0.10234090575305531,0.97314418043409179,-6.8435984129008425,14.080264026724306,-4.0586636600498815,0.1503157984552067,0.1218214815064061,0.3684210526315789,1,4
-0.27875587805800361,0.95718862527702309,-0.078007025891224158,-0.95440722114336052,-0.26708065269145487,0.13332209564552663,0.106780226060446,0.11161478664670337,0.98799803781398821,13.619575358095934,-0.27407134223807444,3.0763745731793071,0.8740004348595153,0.6644153649565736,0.1304347826086956,1,2
0.95765179106899689,0.15495256617094938,-0.24267828353476861,-0.083508586912811753,0.95608762910219802,0.2809319515284176,0.27555283154808874,-0.24876926601728239,0.92853890026807973,-6.4378325660891296,10.91628221585051,-3.6972654197304737,0.2670850808390578,0.1862656882608972,0.2682926829268293,1,5
-0.88912250213050992,-0.30069431330689916,-0.34502768896144281,0.34154132513223706,-0.93776151329751012,-0.062871833159846596,-0.30464848503167924,-0.17374197570781927,0.9364843973313417,5.2258320817577983,8.3960067736355395,0.042379128561785773,,0.3894265407373139,0.5151515151515151,0,1
0.96065391643992037,0.091697665468560507,-0.26217473367252275,-0.049713799952513758,0.98545370219107342,0.16251011947626032,0.27326286048953619,-0.14308228047358948,0.95123859787729026,6.5061818944175869,8.6964551661718392,0.41035964214210269,0.1515189932005647,0.2009576596458676,0.24,1,5
0.93116235195321095,-0.15484385287152794,-0.33009098068997017,0.24674920098360406,0.93414293867959097,0.25786004329676993,0.26842411612766592,-0.32155925012812131,0.90804633281464364,6.0611387556349481,-14.69226302096345,1.7407737746516727,,0.2276524919916391,0.3333333333333333,0,5
-0.023082374774240067,-0.93860049147108504,-0.34423294639679336,0.99198998436792896,-0.064276013356272685,0.10874035598957167,-0.1241896730348222,-0.33896564946504593,0.93256592989141629,0.91156320248199096,-13.040819758922655,-0.041310084263162572,,0.06633389162300769,0.2,0,2
-0.96675895876373386,-0.0055108024033794631,-0.25563009741994863,-0.0049542361246852629,-0.99917630138238367,0.040276224999884369,-0.25564148957961103,0.040203853207016783,0.96593533892948891,13.242357584025251,-5.3544858107832702,3.1169473518036592,0.2415855519713995,0.1561029220143428,0.3076923076923077,1,4
0.90156970644384815,-0.28414420558745246,-0.32624244796444002,0.36946150989952981,0.89802105601452686,0.23886476436953769,0.22510054892317449,-0.3358872629106836,0.9146089270769534,2.0062085646067165,-7.85263387006031,-0.14827780500365725,0.1215078623963533,0.1876280072910438,0.125,1,4
0.60291877919779135,-0.66772124621325568,-0.43662029619116716,0.79552595268439052,0.54448850225897416,0.26583966881068055,0.060227936177811671,-0.5076225056704996,0.85947192359062285,-4.597416173258372,-11.832660218368559,-1.9168610975428926,0.7451446578488748,0.5314375254911967,0.7339449541284404,1,4
0.78806263509522378,0.5806326429115316,-0.20450676554173514,-0.53869641391289369,0.81123406036746482,0.22738837467448714,0.29793196673764399,-0.069029220517738715,0.95208797382938981,17.310344223387382,-4.8007894973047804,4.5266851611998815,,0.6995698453439951,0.3636363636363636,0,1
-0.77452398866506267,0.5783283086296338,-0.25622052692934411,-0.61389044751682964,-0.78490091067457268,0.084077814373439419,-0.15248314474049349,0.22241161808640977,0.96295480823880641,-3.0046473283876654,-11.298295344563387,-1.4575104163403825,,0.1363382764889627,0.3387096774193548,1,5
-0.66231688206721084,0.7239830210060374,-0.19283395194762823,-0.72686712627457695,-0.6833115048129077,-0.06891711058697983,-0.18166047580612263,0.094519694695292727,0.97880820329858387,-17.574408629120484,4.8667611784116822,-6.5592264558512845,0.6695385012593916,0.5615868800621587,0.5462962962962963,1,4
0.85276726484055654,0.49721645330938546,-0.15988680550562204,-0.44822341921635495,0.8538449879286969,0.26465922061217517,0.26811146652531759,-0.15402770902496776,0.95099511374673429,-9.3040543972326653,9.9495372150027119,-4.3811567381435719,,0.6440282762777656,0.925,0,2
0.45049113436834221,-0.79024121723974616,-0.41542334603506648,0.89234028084724826,0.41317081898921637,0.18171047716968905,0.028045695444758861,-0.45255794425822043,0.89129386066313454,5.4214941417430049,11.26326987843748,-0.1193838777173865,0.4268449910640086,0.2992610966006828,0.4117647058823529,1,4
-0.19250683234046925,0.97696465976624169,-0.092093284608976436,-0.98102841218886982,-0.18941498390449238,0.041294289564607033,0.022899213532853818,0.098295561651034521,0.99489376748439029,7.2054284752242799,10.222716068835462,0.54019547951665126,,0.4899860891744099,0.2941176470588235,0,3
0.79756798174028865,0.58290836000523405,-0.15525191895345963,-0.52792970839373143,0.79901364994837476,0.28786700087277489,0.29184848380286743,-0.14763140259506172,0.94500234469009792,6.7902218158252978,13.157821634787071,0.10639974973537385,,0.616659325049932,0.125,0,4
0.078095915454289386,0.98080559976157045,-0.17866561914846241,-0.98633326256606169,0.10209325569229027,0.12931999960538768,0.14507833451327354,0.1661244792873573,0.97537425342089057,-1.6210551778260411,-21.593782427148547,0.12240161422827341,,0.1558701224304491,0.3333333333333333,0,5
-0.17705487862988048,-0.91203453480985319,-0.36992509683384961,0.96746265728453718,-0.23030668731989506,0.10476085402323901,-0.18074174037366303,-0.33934029688486861,0.92313627715348101,-15.404031569292201,11.745122934678655,-6.3864894986066911,,0.4626282940618425,0.3043478260869565,0,2
-0.12250401834752656,0.97646515165007919,-0.17750654382781658,-0.98754494609274412,-0.10213849664196592,0.11967751230033991,0.098730668666771215,0.18995666641817771,0.9768156018143368,14.123145285508603,7.5156681102226974,2.8064949114133437,0.7202298209472722,0.5004056660441621,0.7191011235955056,1,6
0.89733314490049543,0.3643825001286794,-0.249035380343757,-0.31773702306024337,0.92496851189990847,0.20851003853647815,0.30632729431084177,-0.10797520823616059,0.94578271456321128,-10.242084611731931,-15.454825773438094,-3.2665647152854147,,0.2069361267469692,0.2083333333333333,0,3
0.93462904259635704,-0.085716869922538602,-0.34513935004009672,0.1765442427430525,0.95431535284403135,0.24106915539001447,0.3087080871789723,-0.28624259909533967,0.90706366445440056,-9.6013295671603398,15.98350159365285,-5.0386883644165845,,0.2073871600584685,0.3703703703703703,0,3
-0.66538850771163871,0.71073025496887821,-0.22829944913895958,-0.73811756136220341,-0.67209139765719506,0.058954379005401243,-0.11153743503413036,0.20773939892825352,0.97180437471691561,13.138336405144475,-2.1600874260153251,3.117949027063196,0.7658898043574571,0.4061677676751196,0.7121212121212122,1,6
-0.33689570335211305,0.91160133674194455,-0.23555103038021977,-0.94149905850224147,-0.32377915599012541,0.093523157483661093,0.008989321569320927,0.25327862325237849,0.96735160675997289,-5.8614209585557466,3.2548971750743614,-3.0085042393650738,0.7019681676079476,0.6258701172641463,0.997003745318352,1,4
0.1498172526960746,-0.88577447198502424,-0.43927027622438947,0.98736536632645722,0.11084120196660864,0.11324248904725435,-0.051618060537186081,-0.45068593579814342,0.8911889603782861,-18.043267145470896,8.3631467685765095,-6.9064640890878053,,0.6647029062261651,0.5405405405405406,0,3
0.087420369231553427,0.97920310370802333,-0.18308184162279451,-0.98358723383315583,0.11396614289803424,0.13988520905866725,0.15784116219751124,0.16784814554090258,0.97309463442905708,18.588852346101447,11.721004027278768,3.8202030747360713,,0.2158702808731715,0.3333333333333333,1,5
0.28794548334060005,0.93541400315781087,-0.20515370169711011,-0.93732106161165374,0.31919371045201406,0.13980201238565049,0.19625653131284543,0.15203952743992125,0.96869363372167094,-24.706616960506796,-2.656238083387287,-8.1393431776011251,,0.08416840123588817,0.1428571428571428,0,2
0.73308262996198492,0.63904800220815861,-0.23282505990932345,-0.60393429434609502,0.76905984510606673,0.20930915593474589,0.31281500245465055,-0.012829868245342081,0.94972741811537842,-8.4725626789357822,8.6894402547672271,-4.1235903099096189,,0.1487283483507543,0.1607142857142857,0,4
-0.64071224820142736,0.75555574571084849,-0.13646732256476049,-0.76502305689856431,-0.64329739128096808,0.030136170703581877,-0.065019515672194619,0.12370926195892955,0.99018608407073083,15.661236489210371,-2.5058615704541092,3.7885738443656813,0.9044274517952148,0.3866493253737647,0.2105263157894737,1,5
0.27356412969552524,-0.9051762257841558,-0.32529781311758299,0.96141458663949475,0.24710783394486882,0.12091199692290937,-0.029063027040215884,-0.34582324774113626,0.93784946648224599,-9.1227995948051124,14.783714859609391,-4.8153153021196324,,0.09090096557006642,0.5882352941176471,0,3
0.15387287059411583,0.98498866546982689,-0.078233423746486924,-0.97467936576769831,0.16430861517481871,0.15166678253992211,0.16224448724627027,0.052915100635870176,0.98533076602879488,-16.366324103217543,5.5221895054164856,-6.2160201438905149,0.5047733855196902,0.2946220455083138,0.28,1,5
-0.64713217398006073,-0.6915615763873092,-0.32087775782147976,0.70598031365896274,-0.70246675469613995,0.0901790179180601,-0.2877703009795019,-0.16817563620029186,0.94281769672763027,-15.842106169564158,12.700910475007214,-6.5544644675306749,,0.08087076808889615,0.32,0,2
-0.96381206877642189,0.11196238410319752,-0.24193123119358026,-0.11530778431257956,-0.99332975595685302,-0.00033287778864508427,-0.24035476063069183,0.027575722594822372,0.97029334150324664,-11.701601710500848,2.0881171582023739,-4.5831799668033177,0.2956996973400654,0.1516523662550505,0.2571428571428571,1,4
-0.91477463959470129,0.30188103731889809,-0.26843099310931257,-0.33281550252460096,-0.93982236923359719,0.07725124961737892,-0.22895676455104597,0.16000547989183159,0.9601963582366384,6.7640427587892917,-6.9474482493946494,1.2320304117878109,0.2104661127251252,0.1397799041333963,0.5,1,5
0.2262205854750598,0.95999607814542731,-0.16502053403355341,-0.95835814035692779,0.24966419872397064,0.13862706332865884,0.17428115652281917,0.12678847668820606,0.97649923740889422,-10.398761465886301,-12.016847246872338,-3.5851316316887334,,0.3459142752077314,0.5641025641025641,0,5
0.53291234210608562,-0.75014828173446457,-0.39151244046880274,0.84198113279251363,0.51608329950205389,0.15724439575549179,0.084096418784884844,-0.41344356735339927,0.90663785987661749,-8.1391255887880263,12.7667367887954,-4.375125224258511,0.6524999291367657,0.6635716356341729,0.5824175824175825,1,5
0.45088754402224024,0.88563772320245326,-0.11111366201493054,-0.85056572337352565,0.46406490427316127,0.24734937809506105,0.27062589097805168,-0.017017281296299685,0.96253417563721821,8.454619040976068,9.3525115038415052,1.0060949452938044,,0.3030741563015807,0.3529411764705883,0,2
-0.96503526161898034,-0.090487540119824461,-0.24600599365675824,0.10338121933724798,-0.99383776900778431,-0.039985152018882142,-0.24087188985087002,-0.064019481227923655,0.96844320365366665,1.5926635430916902,-10.413799142026981,-0.1144721430034621,,0.2125650327560483,0.3,0,3
-0.95482836641608637,0.031484101180217106,-0.29548526538570902,-0.046626967581721496,-0.99792778682762462,0.044340254526253398,-0.29347694386667267,0.056114914685791807,0.95431776666291024,-6.0220656639104932,12.703832457497089,-3.7491283831343085,,0.08389277042782659,0.4,0,2
-0.9600972446028555,0.063531707860892808,-0.27235455384899143,-0.056101444740164916,-0.99781174960855268,-0.034990573604688532,-0.27398158479005719,-0.018314869352443357,0.96156053202933167,-19.2349513829971,-2.9131778510278075,-6.4855246960523161,,0.3959174771303971,0.4,0,3
-0.62984409339309033,0.74643372783351047,-0.21478619129358992,-0.76702840260692895,-0.64128085837620097,0.020646798166967597,-0.12232680659651242,0.17775137308289235,0.97644283076637273,-18.459347129798864,3.2784105104074515,-6.6531429586148452,,0.2931855551202846,0.3243243243243243,0,6
0.22641497226929752,-0.91011896208639909,-0.34701546821873769,0.97312654668116583,0.1960130694037347,0.12084535889853644,-0.041964085557565395,-0.36505116281653338,0.93004121631765047,-21.038039431027808,6.1200626053445824,-7.5897921656997331,,0.1015596962225299,0.5,0,2
0.53168160365576045,-0.75771513996247253,-0.37839455467235728,0.84488214328094913,0.50566694366236831,0.17457120625163536,0.059066371981278253,-0.41251510124941104,0.90903380297003222,7.1323570703848924,-12.38334432422085,1.8584635674755798,,0.5824697651311774,0.6774193548387096,0,5
0.096282937887249245,0.99414688824411657,-0.049005718710587974,-0.98792047339070344,0.10145391481018616,0.11713343427551848,0.12141966120562935,0.037135801650545842,0.99190634543210887,-9.3861428098587911,-18.138828798702779,-2.6364208204047306,,0.3269886286851612,0.3809523809523809,0,2
0.81375797703556474,0.51652938883225274,-0.26644951732657685,-0.49763530630398772,0.85606076237637962,0.13971067618227642,0.30026164711917974,0.018904009949000659,0.95366953483747496,-16.324479403487533,9.8405201755716476,-6.5646047037971762,,0.06510768559893702,0.3571428571428572,0,3
-0.84061877625133874,0.48615409284309929,-0.23877661323003507,-0.51260488305377405,-0.85646521448973811,0.060856965406389144,-0.17491800045486822,0.17355556568704722,0.96916570241415401,-10.053785301163849,13.742290240893459,-5.0102155460911941,,0.8595360643585519,0.8048780487804879,0,2
0.18433860638861913,0.95205655810675682,-0.24414665338811872,-0.96813783927096575,0.21872283186244995,0.12194034194562947,0.16949454966590627,0.21388930077960167,0.96204104104012389,-1.1290237888672268,5.8086436766284653,-1.754165246237763,,0.0731894902107169,0.2777777777777778,0,5
0.94637236016266324,0.16904096170260985,-0.27532618688894728,-0.12327287084252671,0.97665704662176145,0.17591137711444599,0.2986354889064467,-0.13253741566333596,0.94511939891999464,-6.9418552871512835,-13.789739615369735,-2.6182109564149187,,0.123631501032233,0.53125,0,5
-0.95403289559444338,0.1815581987848047,-0.23844885107229838,-0.13499644594617374,-0.97066562890649744,-0.19895777552399338,-0.26757651934649201,-0.15762251524947599,0.95055665216800456,15.289071416723875,-6.3127568856697884,3.9728192080195601,,0.11314276869251,0.25,0,1
0.89309372686663402,0.39301225624436886,-0.21891770479606731,-0.33517318960041009,0.90588141282244239,0.25891658671453355,0.30007087163627733,-0.1578614339999718,0.94076417855428507,-19.108653630720365,6.1553674050890823,-7.0544610286261618,,0.1705278549099142,0.3793103448275862,0,4
-0.22247892570810002,-0.90616118578115146,-0.3596874101208809,0.95581079047148043,-0.27544765156126971,0.10273423999653,-0.19216883314953304,-0.32093690444241274,0.92739993688422695,-21.519061217652144,-2.4916290279728246,-7.131699964886665,,0.08809679796671248,0.4285714285714285,0,3
-0.94371743253579665,-0.16240060027104222,-0.28813790545440127,0.16355254080235856,-0.98632692243518938,0.020242738861650837,-0.28748560646602328,-0.02802226099252739,0.95737494168362758,6.8091455485257413,15.187540431338205,0.013511590296502122,,0.3721245278985106,0.1428571428571428,0,2
-0.89973286021952703,0.365204331563518,-0.23896982330083844,-0.36323026769740707,-0.93013897699400783,-0.053900427688575975,-0.24195981664247479,0.038305086917867409,0.96952986929055218,-10.620177819732955,21.197644451831167,-5.9018479808333879,,0.2730171693527585,0.3125,0,3
0.35908546707600925,-0.86760062458448228,-0.34398660374413076,0.93329748096414633,0.33235578540919403,0.13599795561337627,-0.0036659733747561548,-0.36987672017262063,0.92907360984669096,-24.871109723873616,-6.1499405806084351,-7.8640780197098268,,0.2469515790266243,0.2941176470588235,0,1
-0.90409061692692871,0.38770829416773578,-0.17972878183037053,-0.35472145604738808,-0.91539619395474281,-0.19032208677079746,-0.23831249443599337,-0.10831475765893833,0.96512956035393449,0.31379736673698044,-13.648846946045598,-0.20091900092136031,,0.4004355376653731,0.2,0,2
-0.34074970034528179,0.93405941199978704,-0.10687682896312543,-0.93959104691232931,-0.33440441519150088,0.073091392534438041,0.032531619646026744,0.12532638172006211,0.99158206506983759,15.782690832746713,2.5494984365493618,3.5654180351875602,,0.4065128543206383,0.8387096774193549,0,5
0.87226609490319074,0.40551146698724749,-0.27333552609236228,-0.38371853577261494,0.91403707301517478,0.13151545330634049,0.30316982862227276,-0.009832563028145825,0.95288581462704081,-19.85505256060144,2.8167472273732508,-6.9984531504575598,,0.09847071261190993,0.3442622950819672,0,4
-0.87160823260967657,0.41438280195178862,-0.26188925578118083,-0.44605688629663021,-0.89201173697278091,0.073132176845472643,-0.20330357358981935,0.18056011339547604,0.96232307590342125,11.654404026095778,-0.77460237659998543,2.5444017401525318,,0.0732782763747,0.4210526315789473,0,5
0.95585902137079748,-0.060569013364180697,-0.28751508809826082,0.12241735961998258,0.97164376792267593,0.20229280343278755,0.26710956801981628,-0.22856023905551526,0.93616915981843396,-7.5316738616829575,-17.999309716368082,-2.1115372053909995,,0.11256231460091,0.2916666666666667,0,5
-0.95682834600421862,-0.033608324156325496,-0.28870399517539741,0.023964984979132548,-0.9990325562416581,0.03687317540176499,-0.28966393592883211,0.028362512523800256,0.95670809137665169,14.738149513081195,-4.7988320773799993,3.6224114045025924,,0.09897510652452238,0.3333333333333333,0,4
-0.25935278967982628,0.96325876393307286,-0.069775957115756987,-0.96527955087405126,-0.25620857036582889,0.05091715953867771,0.031169201941674256,0.080558811915433917,0.99626239448906839,-23.872507639991955,-4.3871257951020546,-7.7002213766465282,0.5256368209066854,0.3346305340837856,0.485981308411215,1,4
-0.43940860873141191,0.89282015849737117,-0.098955743408119454,-0.89752711613945724,-0.44089576574571465,0.0074832841646424305,-0.036947941310902364,0.092103682490052963,0.99506369710921372,-5.0553689931891022,16.311545250870733,-3.7599261061333498,,0.2482917579174986,0.3157894736842105,0,3
0.38016798345991026,0.8990309499423802,-0.21729163674133153,-0.89859072955634556,0.41466278322526101,0.1434903375258238,0.21910500931612709,0.14070581812271121,0.96550239131707927,-13.290770419063891,5.4547714189570931,-5.330339512728357,,0.07425695674274536,0.1774193548387097,0,5
-0.84146727818963285,-0.37768054504942661,-0.38638093331232032,0.44735193234373316,-0.88802798679346429,-0.10621931698083791,-0.30300011281261879,-0.26222833668906892,0.91620261463981068,-14.628906910223996,21.232122576308207,-7.0946449782305132,,0.5667574113343962,0.5483870967741935,0,1
0.75040756982105161,0.61569942511394316,-0.24042191470334795,-0.59176223357887137,0.78785226248393347,0.17060560192646931,0.29445872047709731,0.014248874106662543,0.95555796868723963,-8.536383946433407,-9.9940786582314871,-3.1045221742609606,,0.07231669065245923,0.3103448275862069,0,5
0.93109974011039931,-0.20093155675248722,-0.30443354523995614,0.27786346383650218,0.93141034219986407,0.23508864266040677,0.23631582560448072,-0.30348193347241204,0.9230674659117386,-3.0068008054521149,-23.697683496756238,-0.022600238982148153,,0.3239998566838177,0.75,0,3
0.083732388878739877,0.98561560698306183,-0.1468017790221533,-0.98288761640304634,0.10594509041117924,0.15069031601036539,0.16407565503204974,0.13167199052637105,0.97762041014732592,-11.286854859228542,15.550471200074838,-5.5404379848481797,,0.4835218071938566,0.7346938775510204,0,3
-0.72218264093751594,0.65841301347322478,-0.21200126607551945,-0.67852309148077683,-0.73387308553110997,0.032197960500914072,-0.13438246707024459,0.16710056260275219,0.97673883639484682,-16.298522459415363,11.637163661751904,-6.6413646856627793,,0.1218564356005931,0.15,0,1
-0.91844271993846671,0.3226734190003987,-0.22878993610433276,-0.32582090058827207,-0.94510187783964628,-0.024963598374878049,-0.22428488788119227,0.051616907836172406,0.97315568327660351,-2.7737885654090566,-16.938570669681944,-0.93300150450464592,,0.2310660453482377,0.3,0,2
-0.20474732098042586,-0.92821758448688008,-0.31062944226309702,0.96347323027318255,-0.24708745552683994,0.10328176929271458,-0.17262059291492465,-0.27813648658638113,0.94490328908893417,-16.041638448502837,1.2888067620354944,-5.755340141253237,,0.09054836338850729,0.3961038961038961,0,3
0.95626679661743941,-0.064358451664325841,-0.28532753702787467,0.10939459656139428,0.98339224649699297,0.14481889301043996,0.27126856789940179,-0.1696987897097976,0.94742582023124078,-25.549334297295644,-3.3165616309206372,-8.2594537626439148,,0.07605092877573251,0.1666666666666667,0,1
-0.67069812864024214,0.71937823643333187,-0.18071793819249796,-0.73188958818932259,-0.6814127434962578,0.0037820233959933239,-0.12042280074197792,0.13480217337629699,0.98352769311010546,3.9871786837564045,-22.97606432296433,1.981183505998213,,0.2365281700856398,0.5,0,3
-0.27534176048616177,0.94185082956124522,-0.19262380379167771,-0.96024728677371973,-0.2598709283318692,0.10194238005678224,0.045957188513768982,0.21303547935197575,0.97596302253783318,-0.47645749959103467,-2.7154945260466956,-1.1305080941267303,0.4596225174225256,0.3833659039769585,0.7907834101382488,1,5
0.32614598243154685,0.92117417043007588,-0.21228976865648042,-0.92113211081443436,0.36015857584138894,0.14765308894312584,0.21247219246363819,0.1473904609544435,0.96598738058492795,-2.232212842406986,-16.037809430539816,-0.88035015565986219,0.1868596986444049,0.1663989498543627,0.5609756097560976,1,5
0.49476093935155463,0.83442179964103436,-0.24280006831915352,-0.83687769113755539,0.53277596615655665,0.12564035960718628,0.23419509595259005,0.14103201824325526,0.96190572659798212,-12.342748955530785,14.600695734876831,-5.7126647598248654,0.2415485769233995,0.2063362370072042,0.6346153846153846,1,5
0.88555264355138141,0.37905646248700109,-0.2685381048305851,-0.35574456949568467,0.9251120966825519,0.13271552224945093,0.29873452557997299,-0.021995609072159899,0.95408274086058942,11.328287605347652,-3.3471650315025809,2.5421730161612022,,0.08593249312186362,0.2926829268292683,0,4
-0.23098680230372143,0.94298412488623695,-0.23963730380314191,-0.97214103524674322,-0.21359910916935207,0.096525790084565299,0.039835973075749903,0.25525744019439872,0.96605213859010264,-13.092658576318284,6.7675247005659589,-5.3853181912087473,0.1803256395168934,0.1445010261267676,0.196078431372549,1,4
-0.78328745444308068,0.5845777266311617,-0.21149384208251074,-0.60023374841258736,-0.79972622975857721,0.012546103088474441,-0.16180300052426169,0.13677294675071672,0.97729880285328885,-23.183933523772332,-3.0937430884719692,-7.6285036118543257,,0.3279277951157105,0.1666666666666667,0,1
-0.14386359087171871,0.98943542737012891,-0.017910954368343751,-0.98721229744115035,-0.14223744435451119,0.071974920663123776,0.068666928010945538,0.028036484950640431,0.99724561092498765,-17.426597678283347,7.1554295644609374,-6.614540725104896,0.6716898194611387,0.36065922662814,0.3076923076923077,1,4
0.3707304080433777,-0.86241857923912246,-0.3446638343881821,0.92873855110826808,0.3450208906765701,0.13566609260261506,0.0019152642913419413,-0.37039813603731847,0.92887111731540795,-9.9986566712861773,-13.603358917919689,-3.3754263513020186,0.1103643434955451,0.1228634875582927,0.4814814814814815,1,5
0.66220322224145711,-0.62439975895790722,-0.41426058642639563,0.74260492613214002,0.62072573873384851,0.25147063637251837,0.1001240038018497,-0.47415661788762131,0.87472892119562473,-10.890692603649594,4.303061185150403,-4.5138296440374379,,0.5091869831145495,0.6411764705882353,0,5
-0.88258340265655821,-0.34865864535300395,-0.31541034601892981,0.35840790692612173,-0.93312716775192239,0.028591275874183662,-0.3042865583755045,-0.08781137639215901,0.94852456613843528,-2.6716832078222756,-13.933400801075372,-1.1714353464431373,,0.1608502694749015,0.4516129032258064,0,5
-0.77262804447002598,-0.49019148728271922,-0.40343303123812091,0.55012994819783978,-0.83411676283438763,-0.040078249144935671,-0.31686423748076248,-0.25290617183895914,0.91413102083426589,3.5675172114103564,-17.824947772735666,1.2370442749383588,,0.405105790254904,0.4210526315789473,0,4
0.79380650569345068,-0.45686854376770575,-0.40142541677667881,0.588046899342062,0.74497826552315838,0.31497337676745618,0.15515178275785649,-0.48608488725086191,0.86002872434202804,5.9352715847816402,3.6366789755920785,0.51797463532579979,,0.2113318573880821,0.2241379310344828,0,2
0.73464980640884092,-0.59843786642169183,-0.31962756760971972,0.66347557969329263,0.73213778529997675,0.15418955375347049,0.14173855189785919,-0.32534041152106846,0.93491379256977458,-13.813495068309962,7.7963851022908868,-5.6566529311200933,,0.1480615540733812,0.2285714285714286,0,5
0.24428183456771821,0.95821145201315139,-0.14885294263492979,-0.95282638468930425,0.26570032936344828,0.14671474232695467,0.18013402216166596,0.10599126476744605,0.97791491749173021,-2.0349242322044625,13.575121351184681,-2.5717948879542973,0.7519229442288439,0.7540375325679802,0.6530612244897959,1,2
-0.91251976064115548,0.32275381176493773,-0.25127209043308096,-0.33481690008538079,-0.94226657213166665,0.0055991481900097189,-0.23495814490377515,0.089239475762919768,0.96790029760762786,-10.394853756221204,-10.146265621811802,-3.604033016706178,0.4615226051839892,0.3373241601482073,0.8086124401913876,1,4
-0.41135974657519048,-0.78301797765504222,-0.46654689535630051,0.88330365862429228,-0.46873519503411837,0.0078716959587205142,-0.22485062943771064,-0.40886448073332887,0.88446143547140055,9.2002354207416985,-9.2560622516749635,2.2760275950030855,,0.4618653967902968,0.5373134328358209,0,4
0.27709713686262338,0.95504978104876714,-0.10534273805649226,-0.93989180268190986,0.29219091839710865,0.17671408109600073,0.19955093583816208,0.050043810056353548,0.97860872726598824,1.6134670809175884,7.8948534071104026,-1.0710167330660259,,0.1797686339524804,0.3333333333333333,0,3
-0.43446057949730799,0.87391737618690524,-0.21797344898280166,-0.90045691040653453,-0.42695194374156226,0.0830023507885157,-0.020526991108814691,0.23233694784492737,0.97241872940730711,-26.642706766947484,7.5746710738414782,-9.3663916426841549,,0.4676363560076398,0.103448275862069,0,2
-0.87172576897014709,-0.35373451059205829,-0.33906648275759155,0.38345844964333964,-0.92328074289664797,-0.022633762244526064,-0.30504721128135798,-0.14974834160154302,0.94049010259388455,-25.957458722892291,12.314249677958141,-9.5274112987360429,,0.6423471262293337,0.918918918918919,1,5
-0.80617038675118768,0.57309695177272146,-0.14713664191579306,-0.56571114043956883,-0.81943869475564768,-0.0921473337635101,-0.17337881389605775,0.0089503858004121289,0.98481453963983523,-29.043780248459655,-2.5267579854222939,-9.3096739927517174,,0.4061969019437747,0.2653061224489796,0,2
-0.93355840776748578,0.23676572486129061,-0.26909234626340667,-0.26146585501395936,-0.96337997328807101,0.059452785715186987,-0.24516179545038574,0.12586110836308548,0.9612776266267512,-11.163580088849805,5.34813271614476,-4.715956496312705,,0.06896370954683219,0.2376237623762376,0,3
-0.83431083692790853,0.48547721683558676,-0.2612227006181258,-0.51729705697709871,-0.85321930757007003,0.066487352424982951,-0.19060215693293339,0.19060085289217449,0.96298605008031668,16.120716424329952,-6.2421068905206951,4.1902171975115508,,0.2250152668105893,0.4736842105263158,0,4
-0.79767741763790057,-0.48062693934601625,-0.36429175473157632,0.52940248155293423,-0.84736768030218967,-0.04124350742699779,-0.28886631841757754,-0.2257559734628666,0.93037115740424126,0.78214852573495397,8.9778978830042035,-1.3380822212606964,0.4181483155852455,0.3750480796486559,0.2580645161290323,1,2
-0.90287590530735495,0.38420206584628425,-0.19288305320808322,-0.35853468798091165,-0.92051184637797989,-0.15527658610438622,-0.23720872060245846,-0.071040222953267479,0.96885773444448242,-3.1403918243579603,-18.314230204561614,-0.85569978610562869,,0.4920886520778763,0.3333333333333333,0,3
-0.052700633756883331,-0.87708375023489815,-0.47743767999133763,0.98653519527114719,-0.1198529144576678,0.11128156804845743,-0.15482555245483015,-0.46514446569844414,0.87159031335666326,5.7589648745597746,5.8351088531312092,0.38487160895215428,0.4485066891446109,0.2399953215232111,0.1052631578947368,1,5
-0.64514728754867534,0.74360309117631118,-0.17561156044413348,-0.75547664830766648,-0.6551745460858952,0.0011610439086796607,-0.11419286856193517,0.13341947741682261,0.98445885227134844,-19.992980851961182,-0.29793952847057747,-6.9071678468726541,0.4450013836453561,0.3041078534125035,0.1702127659574468,1,4
-0.84550809633467461,-0.42344346165008251,-0.3252870944539758,0.44027359098488311,-0.89754309682268341,0.023990715437917955,-0.30211789770516823,-0.12293097303666987,0.94531092861262689,21.087907035989726,0.85005453654311514,5.2968728624413419,,0.1762245280429952,0.2352941176470588,0,4
0.70220697448076286,-0.6314575775008161,-0.32888705174782545,0.70040826912206355,0.69560033862909831,0.15990129907077466,0.12780305761604821,-0.34263901808738489,0.93073351811788962,4.1835071526957286,15.765401482347807,-0.92706005262998015,,0.1144645102313479,0.3684210526315789,0,5
0.51631040636277292,0.83483609954373339,-0.19097709595685769,-0.82568551296768378,0.54444502117727556,0.14772627589758691,0.22730375702306879,0.081414407901074404,0.9704147032219349,5.7008781150324879,-10.808998488457719,1.2806875763970949,,0.1446421900182425,0.2307692307692308,0,5
-0.65774841952840746,0.7331233729475195,-0.17290788485760858,-0.74451829157185001,-0.66760020319505631,0.00157550272961673,-0.11427830118974244,0.1297693674638572,0.9849367396666725,-12.434177420287401,4.097658189764303,-4.9484051447957409,,0.08287145913462943,0.3478260869565217,0,5
0.4632389926857311,-0.82545388748873882,-0.32254536934396921,0.88609669423142368,0.43779495727778944,0.15221111606673632,0.015565478715804684,-0.35631650959767053,0.93423565595650504,-17.779108484108388,0.64737106168772829,-6.2116323892287326,0.1277299122194769,0.09618229077735815,0.3947368421052632,1,2
0.96062644080251269,-0.021403107652539857,-0.27701759549514166,0.09081321803737448,0.96645470071000128,0.24024627136594076,0.262582940536495,-0.25594377987822781,0.93034562442183399,-3.4810928672108021,8.8917560687535566,-2.6357571297398898,0.7727506544513594,0.6341460560517582,0.2191780821917808,1,5
0.42761998799403078,-0.84064888485881817,-0.33234108721855504,0.9037328804576894,0.4057873118215955,0.13639478855239007,0.020199669493162931,-0.35867270588968636,0.93324480357628459,-26.187964205364274,-1.5052005240836845,-8.604247222178298,,0.07920987414431627,0.2307692307692308,0,1
-0.94322041891751973,-0.12088946024724755,-0.30938807303803356,0.11659762520459704,-0.99265065575624722,0.032398602181891063,-0.31103092311489994,-0.0055148914605157671,0.95038379133825268,-5.0369469945454375,-14.344400653797617,-1.9100088647144551,0.1955919273312732,0.2040215126417602,0.2857142857142857,1,5
-0.95584930347323116,-0.0089892817033211999,-0.29371976757480511,0.048526025052032996,-0.99063799537653108,-0.12759932213385067,-0.28982293550095151,-0.13621877598490992,0.94733685198391004,-4.2211655236392422,-24.952340637551739,-0.2348399981223083,,0.21749079365017,0.2608695652173913,0,1
-0.71730958589952765,0.66299318098450111,-0.21425918870541505,-0.685541410003082,-0.72651465575366725,0.047004575799791913,-0.12449872749404343,0.18060037913355831,0.97564520698314328,10.555920112738024,3.3557395171491056,1.9178427565671869,,0.1349668993424339,0.40625,0,3
0.94105730423175826,0.19905282990840892,-0.27347599722372501,-0.15288769050993709,0.97152085927139442,0.1810319698039824,0.30172256170627099,-0.12855034385806335,0.94468952828502351,-15.028279389699998,8.3333395569864326,-6.0898889811197243,,0.1074494849040518,0.3225806451612903,0,4
-0.96150578528480757,0.0049491223450183336,-0.27474011547617033,0.034601848977042216,-0.98969834478866481,-0.13892407411945307,-0.272597389773298,-0.14308281696483099,0.95142943541714797,-23.311566468786229,18.023728968982521,-9.3061341910548645,,0.4590753091540155,0.2758620689655172,0,4
0.36864508736580565,-0.87299564932310236,-0.31934212973547865,0.92957006347567672,0.34600763263555323,0.12719361323496373,-0.00054465666524004114,-0.34374018447204252,0.93906463511743543,-8.9571035374329373,1.8401505933806219,-3.7623460252014658,0.236498692373088,0.2151785894458299,0.7962128043282236,1,5
-0.6994221638783108,0.69325683205571331,-0.17379183376630786,-0.70417253024114423,-0.71002704187329069,0.0016271024698415325,-0.12226890172715399,0.12351746684877779,0.98478106757476547,18.842960145286224,3.5737527951067611,4.4131614037018103,,0.4432349861847121,0.25,0,2
0.73948418491349455,-0.52112420180214902,-0.42613695751354219,0.65514500567427025,0.70264813053782327,0.27761596890626306,0.15475193634615969,-0.4844741179338436,0.86100909823842131,5.7282659279139638,14.683494992069626,-0.27545691895579799,0.4905855509825055,0.3371006002815163,0.3333333333333333,1,5
0.19334822549309311,0.95255919375612863,-0.23504775278514364,-0.9658964207698284,0.22685574868044237,0.12482216804186021,0.17222243768657572,0.2028976384320674,0.96393567227070875,0.74699527989867931,-8.2331560949179625,-0.48604467063305268,0.2386440416188468,0.199236483269398,0.6533333333333333,1,5
-0.094850448869341575,-0.94955047055540054,-0.29892690781745185,0.98503886937181206,-0.13292365315495674,0.10968011788215738,-0.14388126415898492,-0.28405141488814961,0.94795199009446351,-10.821068262959781,7.9753160987700156,-4.7467848242261459,,0.07212046784760977,0.3461538461538461,0,4
0.16888176439108046,0.96471537969860366,-0.20199798471553007,-0.97170632535596502,0.19729481736952539,0.12985211704987421,0.16512348990789955,0.1743530648199382,0.97073953348389552,-10.382090949732467,11.629517902509313,-4.8600753646613812,,0.153841899621655,0.2105263157894737,0,1
-0.67308045165062669,-0.60807956855688305,-0.42095361253879593,0.68301522982048601,-0.72938995714357802,-0.038477087355429922,-0.2836422067306914,-0.31341590374734296,0.90626572805065242,-21.576687164023788,2.6929173816594782,-7.5444047325804746,,0.3565265750951176,0.3582089552238806,0,2
-0.85185062712695536,-0.38419133913810594,-0.35601618501787646,0.42591158373626642,-0.90370048608800957,-0.043872021648901645,-0.30487674870786602,-0.18900382635165158,0.93344936751907248,6.9198856955424297,3.4607437643232766,0.76854789548753466,0.2810156670523738,0.387992071267046,0.6904761904761905,1,3
