axis_00,axis_01,axis_02,axis_10,axis_11,axis_12,axis_20,axis_21,axis_22,location_x,location_y,location_z,dbh,dbh_approximation,score,reconstructed,number_clusters
-0.97753111728030484,-0.16478925395481511,-0.13144358687183985,0.1601686233908575,-0.98606080352348469,0.045056673597790795,-0.13703622451672093,0.022991162120163264,0.99029918693017593,-20.114472894885651,-22.094018700304282,-4.8377114900589877,,0.4007590745566463,0.8214285714285714,0,1
0.87701952019530127,0.4659556530271568,-0.11714132749990429,-0.4598775766165234,0.88471429209302666,0.07611330955653578,0.13910203349238895,-0.012882188415450947,0.99019426048624992,-19.681214016246777,7.5112876826298507,-6.393713146966971,,0.0902232156661289,0.1363636363636364,0,1
-0.92748611140203008,-0.32214471662131117,-0.18971635329964459,0.33848405808247706,-0.93904062055604587,-0.060259898520773472,-0.15873895419952483,-0.12010618010198582,0.97998798457988745,9.0171669612312026,-9.9531641062391412,-2.7679716030954991,,0.5141641470504972,0.1875,0,2
-0.98008482660770668,0.17895070803919796,-0.086083545150108784,-0.15734280826991295,-0.96426988068977548,-0.21313572642863909,-0.12114855896410211,-0.19534646474097239,0.97322288576364924,-3.5560327740755593,-11.104112972069332,-3.7384131021703242,,0.438749098409799,0.8326693227091634,0,1
-0.98578841757579061,0.13045645484798526,-0.10584096164488715,-0.11864164124088956,-0.98669536203506314,-0.11115945080002881,-0.11893425384256195,-0.097022553702690917,0.98815042748354953,-10.892678598323485,12.283981092383227,-5.6597342507684854,,0.3331484776254647,0.7551020408163265,0,2
0.73936260039137103,0.6683602604615545,-0.081470898965666741,-0.6575808941605904,0.74278691052128665,0.1259165326444531,0.14467312389476189,-0.03952426841835751,0.98868979939540458,-6.4297282289416673,-9.0682393781965693,-4.1862797526024993,,0.1138896958520452,0.2244897959183673,0,4
-0.83200336347721915,0.55429099755189815,0.023062809792301332,-0.55428056232655631,-0.82880294026799417,-0.076542435485712934,-0.023312258353726897,-0.07646683095335842,0.99679955977839363,4.7473753974058877,22.861466512910809,-4.581115004908165,,0.1632959968708516,0.25,0,2
0.58846310012999947,0.80763771923307692,0.03784830587204463,-0.79797493478343839,0.57261130348779588,0.18802206938382249,0.13018134752243748,-0.14084604925237046,0.98143527915356754,-5.3297462454616849,17.183860608052949,-5.3376319765000044,,0.4503180940936203,0.4166666666666667,0,2
-0.26241683067514354,0.96481531285672417,0.016395702351362201,-0.96485269155354292,-0.26259818402628982,0.010073596576123316,0.01402464189548811,-0.013175956256616326,0.99981483465511101,-14.764844236616826,-6.2719123222734972,-5.1222801320166456,,0.09407123942983713,0.4583333333333333,0,2
0.7587582029666865,-0.61014687722114103,-0.22804994551206542,0.64232713417276743,0.75900973813069061,0.10639581818935361,0.10817505320620857,-0.22721136776154477,0.96781876000817613,10.627464937821296,4.1303845847715666,-3.2140642532051191,,0.3843295943457311,0.6274509803921569,1,5
-0.12127720495030549,-0.97741095890123253,-0.17308858130799426,0.99044008596199096,-0.13070377681567405,0.044101687560931774,-0.065728804028714616,-0.16608533994874747,0.9839183828829825,6.9202916843934457,12.240438810058285,-3.9010600592024645,,0.09462427858473496,0.5,0,5
0.72330634331772881,0.68785688407866585,-0.060669932766788365,-0.68048766270349426,0.72496130177592821,0.10661919074767404,0.11732209776795278,-0.035833196242345516,0.9924472315556061,16.271080223345436,12.090722128602152,-3.0996938271251113,,0.2868466653942293,0.3,1,5
0.12627718740971422,0.98836913789114667,-0.084737944300078402,-0.98994893757607116,0.13103969930899281,0.053194907622973152,0.063680239728661603,0.07716893461309432,0.99498230265607224,-0.86561010913830561,15.669324382816894,-4.8444842894464468,,0.09504591173281896,0.5277777777777778,1,5
-0.67276970354829224,-0.71731842762237708,-0.18120485473878564,0.73115286765315379,-0.68205747789168081,-0.014597293400137611,-0.11312121865553529,-0.14230906592835429,0.98333703258063376,-21.428061003995065,8.6160678255902834,-6.6331937139038581,,0.2043473390307791,0.5,0,2
-0.96859078637743501,0.23070377940787185,-0.092777447214647063,-0.21149225151315598,-0.96055292451735874,-0.18057991790629943,-0.13077811779743059,-0.15528633348776646,0.97917477425497845,16.586777382714097,5.2471049243981831,-2.8212386746771512,,0.3118261516822095,0.3225806451612903,0,4
-0.75954260056405898,-0.63104465641349594,-0.15772659744113848,0.63688614870844507,-0.77077462908249139,0.016807877500493399,-0.13217818092147601,-0.087687586206487117,0.98733976710834903,14.38297743454536,4.3929329798878243,-2.9290764358059973,,0.09288147536841587,0.5185185185185185,0,5
-0.62974054877489649,-0.73222867377189937,-0.25936077293017368,0.76713243353235427,-0.6387375806855542,-0.059347556332952141,-0.12220749016087387,-0.23633762359431887,0.96395531899687625,-17.065983703314924,-5.1696392046520687,-5.4622347722243072,,0.4082506579628646,0.3235294117647059,0,1
0.53879961310079683,0.83586357718061344,-0.10500979604427625,-0.83430127100752882,0.54671501980501502,0.071021660884719548,0.1167748522484772,0.049343362901518202,0.99193188597802184,-2.5626732281244,11.347866169721458,-4.779654401301225,,0.08732543536117658,0.4468085106382979,1,5
0.37514595589521416,0.92696476128016958,0.0013576156547897818,-0.92249033532760816,0.37319059534664029,0.098693266092370446,0.090978530448811434,-0.038276766969275983,0.99511697609263816,22.646994951129507,2.4245822090955991,-2.1392660667258312,0.5852844504881695,0.3983589855833197,0.4285714285714285,1,4
-0.8987434123025011,-0.3586975819648423,-0.25218311508788471,0.41694038387908838,-0.87714072238171525,-0.23829576041222206,-0.13572396668832107,-0.31931206966266695,0.93787995342374675,0.0028585272672753863,-11.162391016333054,-3.4579047359077526,,0.4304355653195017,0.4918032786885246,0,4
-0.50257270808711441,0.86453205788416021,0.0022347206898664955,-0.86425283650579665,-0.50234100376644841,-0.026843072227306287,-0.022084104638121067,-0.01542195919767066,0.99963716192268293,9.1060096422788348,-6.3301926484660642,-2.8961799190482176,,0.963829347175933,0.5969387755102041,0,1
-0.089171315301646098,0.99363293414854637,0.068862680043151048,-0.99524848748068573,-0.091603574521713457,0.033003534693312575,0.039101466657687198,-0.06559250955860628,0.99708008604876985,-18.959838242429718,-8.2119378913092262,-5.4869922213712234,,0.2770167036146398,0.2424242424242424,0,1
-0.68486253712497458,-0.71402650475865936,-0.14535974595766124,0.71802301009317959,-0.69526983962266653,0.032292523713733562,-0.12412196509672797,-0.082255702618143842,0.98885172658357767,-4.7460553184579739,24.833221787279875,-5.6007589498014667,,0.4377635133205243,0.8648648648648649,1,5
-0.51386776688129909,0.8567207786199611,-0.044378211334333457,-0.85751116516498105,-0.5144602750971542,-0.0022862555320050807,-0.024789509430884427,0.036879978684490569,0.99901218580876583,-8.0536946916856866,-14.442935038853708,-4.0575090489752696,,0.08508427020622718,0.25,0,3
-0.98594372644365946,-0.060457685419239446,-0.15575569511301462,0.09844945812169946,-0.96342717989969773,-0.24923036176609589,-0.13499137928747099,-0.26106117540581086,0.95583701027623025,-18.960044678893162,-18.647812647955057,-4.8981612750214341,,0.3892561385459664,0.2,0,1
0.58800055676840357,0.80370340741617097,-0.091193081687617375,-0.79895761511554408,0.59468650117808652,0.089524826531238832,0.12618270281195484,0.020218759215212611,0.99180095144482872,3.9834560778822996,15.384232726564148,-4.3359843614213975,,0.2123836612874844,0.7936507936507936,1,5
-0.98618240563857751,-0.099069085447295702,-0.13277642530789938,0.11122548313196821,-0.98993663396997822,-0.087489157192472189,-0.12277277675025529,-0.10104838956077068,0.98727709801058683,3.4495487034181846,-17.884786099252981,-2.8680650657106344,,0.2000617189917738,0.3636363636363636,0,4
-0.61006587297649839,0.78888406752024676,-0.074037548866325992,-0.79140421870566791,-0.61123701180114776,0.0082872202381277411,-0.03871683412024423,0.063649378764559325,0.99722102030522364,16.439399039801412,7.3136526112164404,-2.9183263648982023,,0.08729168439692095,0.2,0,2
0.97351360308736956,-0.15558455571578966,-0.1675252536979725,0.18923994156142246,0.95952464711828767,0.20856820488837108,0.12829461844395154,-0.23474645385020945,0.96355310869877553,-5.4673488400306409,3.7023752979540645,-4.6833116954501524,,0.54723658731767,0.2457983193277311,0,3
-0.76403639714098925,0.63438039879457631,-0.11751550310086295,-0.62689338740427092,-0.77302081213686036,-0.09717769719470469,-0.15248955594601626,-0.00057760583568308515,0.98830491332325343,10.398305990528403,-5.7985182201906378,-2.8075024877254653,,0.4297281495659415,0.4098360655737705,0,2
0.30606620796997464,-0.92156692931996442,-0.23882602689542229,0.95197858142589442,0.29831451041209078,0.068885654413219075,0.0077625282751861433,-0.24844083332127059,0.96861596904728475,4.0744660473234724,9.6000687652563705,-4.0412265225222539,,0.2834865281306,0.3,0,3
0.64505464210314323,-0.74365269378714993,-0.17574179845529528,0.76274748813270865,0.64048253249153364,0.089433745982571561,0.046051906023849183,-0.1917362683384323,0.98036545499891192,-17.360578858620308,10.037526066327215,-6.2345985413414313,,0.6705830073856194,0.6981132075471698,0,1
0.45821057448370639,0.88867864403075691,0.017127086003412766,-0.88444053888995056,0.45394046060903787,0.10818036508585994,0.088362902845974395,-0.064717276408321922,0.99398373806361784,27.234302798446485,-3.3626278399250324,-1.5430111350367557,0.5473195337339994,0.3083006658102873,0.4210526315789473,1,5
-0.9708540654488691,-0.14320276811088659,-0.19218571957037756,0.18870442013142005,-0.95108782838570016,-0.2445865583376137,-0.14776002647627234,-0.27372414928528688,0.95039048010477156,10.700531283220837,-11.438722779489986,-2.5343916860156543,,0.280432711332948,0.1304347826086956,0,2
-0.82977193571758734,0.54773002133922366,-0.1070997591931061,-0.55277483505923342,-0.83302875185893088,0.022429451656000115,-0.076931894690857219,0.077813381240536106,0.99399525214117068,3.9278226051887808,14.630926299526163,-4.3046001103767528,,0.3007888773839691,0.3958333333333333,1,4
-0.98255133661648908,0.14642150317755331,-0.11468920751481557,-0.1423502834003148,-0.98888351660839535,-0.042962627899879424,-0.11970491940183908,-0.025886946274891885,0.99247196347481759,6.684332679992961,-9.9677609279133215,-2.9381668005771617,,0.2336060578276057,0.4571428571428571,0,5
-0.21810564741971131,0.97361035190621115,-0.067177445803583091,-0.97584897825607142,-0.21671124414738616,0.027477414301101354,0.012194187148429928,0.071548021084840527,0.99736261333510656,5.1676935764348864,-12.501933655472426,-2.9152964861367332,,0.07486393516616327,0.2222222222222222,0,5
-0.1634685111447961,0.9830528327511292,0.082976947907741766,-0.98624766546434617,-0.16491672766866533,0.01086348476257238,0.024363666190273577,-0.080059983481385169,0.99649225326378188,15.871108078534165,22.089481590341091,-3.5276761474304656,,0.3118868012648636,0.5217391304347826,0,5
0.79891244586107524,0.59166466403786944,-0.10803624011056824,-0.58647185223765297,0.8061837083979958,0.078221447484628129,0.13337792314026264,0.00086812591769890274,0.99106486971145336,13.203091613479522,12.0007439458603,-3.3454994991053657,,0.1231715639038656,0.4242424242424243,1,6
0.68008959329926622,-0.69385817604596411,-0.23672553014030071,0.731738058480908,0.66231972120891913,0.16090991476080974,0.045139327161910603,-0.28265423830522607,0.95815918443203496,9.6304704384087501,-11.351630670006342,-2.6214821326800188,,0.2357043224518149,0.4,0,3
0.35016234728385409,0.93127042462702303,-0.10060679281075725,-0.93198262495739259,0.35714093618265225,0.062118744997847322,0.093780154202210975,0.072012137293540682,0.99298516341394871,1.9908550213531895,-8.4289707053303005,-3.4266547008520214,,0.06975111723616176,0.2,0,2
-0.23315784729365227,0.97243331815582779,-0.0032954492618583486,-0.97201430631866026,-0.23315483823987579,-0.028757776638537253,-0.028733370098973227,-0.0035018774657194721,0.9995809773584986,-2.2060000569394047,-13.539266742509064,-3.5583715752942364,,0.4469371444355213,0.125,0,4
0.97826301646819902,-0.13302161932641446,-0.15908085806381722,0.1664375240765098,0.96126400340691764,0.21970449775411682,0.12369325442328329,-0.24140580884868115,0.96250881256448384,6.780317426992271,-5.965739828551361,-3.1050412568582328,,0.127157529448525,0.2727272727272727,1,4
0.90079567508643987,0.43407951686774776,-0.011921609850545687,-0.40816498815823177,0.85575044092979491,0.31795050761125265,0.14821772561794508,-0.28154245840427944,0.94803235700492783,-4.4876561143253788,-9.7604082455410026,-3.9197961535161499,,0.3203077838462168,0.3170731707317073,0,4
0.17120433840876434,0.97886274379353466,-0.11187852038264413,-0.98248744917473718,0.17809797018362233,0.054767921547118514,0.073535615344777441,0.1005427363336904,0.99221150539912517,-2.1067150514552568,15.628517563678267,-4.9895721676323497,,0.206314558486493,0.4285714285714285,1,5
-0.71710944547079991,0.69372224751670508,-0.067108021256282943,-0.69458266900301269,-0.71928922573708276,-0.013338877733892531,-0.057523552891085919,0.037046633300745473,0.9976565480283619,-16.098085955919522,-10.670392635911258,-5.0281614302234638,,0.074194500113394,0.3076923076923077,0,2
-0.044089929739316976,0.99443276579025086,-0.095705550614023083,-0.99776288178082029,-0.039012783865698286,0.054288437401349803,0.050252460994602642,0.097885019373750701,0.99392817303172631,-2.5611664353525558,13.658560233780792,-4.8864346396911138,,0.1508029625343062,0.4347826086956522,1,5
-0.10221872406336562,0.99333468617009224,-0.053268505725451443,-0.99401838501814077,-0.099925699554426095,0.044071587383333041,0.038454943723606208,0.057454815463314227,0.99760721803888885,13.035299335844968,15.63426947348411,-3.4834054760004776,,0.09870624105997286,0.3333333333333333,0,5
0.96076794336153382,-0.19495575062780465,-0.19727446440428825,0.25296963805659478,0.907589695751568,0.33509298170372515,0.11371596735008244,-0.37185104472453323,0.92130097107672104,-12.709118353654166,-2.7410655272714135,-5.1109002165025474,,0.3329498304523111,0.2168674698795181,0,1
-0.44709824507618812,0.89402627724131589,-0.028638695009148979,-0.89445788943404037,-0.4471041707142282,0.0065532098352744294,-0.0069457381893916897,0.028546035310995775,0.99956834713241516,19.042349891285411,16.521835253679605,-3.0056002375154507,,0.2580598551812657,0.16,1,5
-0.51704528333598343,-0.80287935603156613,-0.29673037363632132,0.84855678627982789,-0.52627873911231138,-0.054608325526485958,-0.11231898966098096,-0.28002754938879476,0.95339866590259226,14.477923796132924,0.69510723535214858,-2.7944436043890888,,0.1312468406974906,0.1714285714285714,0,5
-0.4449118067365071,-0.87613776368075336,-0.18556967230381574,0.88950390161928528,-0.45639045254063271,0.022148675667537358,-0.10409751788840184,-0.15521074022839132,0.98238145996717008,-15.213069708304605,-1.9465544825343413,-5.4029832569596987,,0.2314186704094512,0.8256880733944955,0,1
-0.98302719662022586,0.14936605514431961,-0.10652376390085043,-0.14408330383805118,-0.98799573915528305,-0.055717330931392098,-0.11356730277721616,-0.039423355788548713,0.99274783644099573,-2.1604678878872687,5.3911713094493665,-4.4584732994737877,,0.1333426899065028,0.2513661202185792,0,6
-0.74530988057706793,-0.64772741192730776,-0.15799487887950178,0.65795293050110693,-0.75286075510162453,-0.017280760192109168,-0.10775492174004014,-0.1168327148779975,0.98728870831942273,26.445535388605016,-3.6824634633329794,-1.6178404290642407,0.3850545357596165,0.1887377835895676,0.4074074074074074,1,6
-0.85755448118483857,0.5028807020347924,-0.10821881223150363,-0.50738024857578912,-0.86155310125434015,0.017074456776123455,-0.084649838481673387,0.069550364772758444,0.99398045836173421,3.8431523303290374,-9.5214769496861713,-3.2056968249267608,,0.06744593023449436,0.2903225806451613,0,3
-0.4653984177744469,0.87335552739538436,0.14371651088504875,-0.88495438182928376,-0.45618772742469055,-0.093533413432030033,-0.01612621512296494,-0.17071285866924968,0.98518884741494162,-19.285621184496037,11.463872170059204,-6.5085857541492649,1.10206302597335,0.3333686640726891,0.2307692307692308,1,1
0.93593169115842645,0.32929187038413033,-0.1248948901446794,-0.32217626867447563,0.94378155233069772,0.074019142005656138,0.14224739501418837,-0.029038691072128083,0.98940509046219161,-6.4040724733065844,9.8138472596955939,-5.0904926784501683,,0.09662834012850299,0.1794871794871795,1,5
0.39187697767889723,-0.9087519734299544,-0.1435349614289721,0.92001632812188017,0.38681570318857422,0.062797832413722554,-0.0015460770958011969,-0.15666353294207411,0.98765082245281488,7.7275173856075234,12.947125992929974,-3.8681365773053531,,0.226293268700226,0.7647058823529411,1,5
-0.12774339334556892,0.98827909727858498,0.083582601890490799,-0.99155743467958746,-0.12914826950821204,0.011600785088500163,0.022259361810136526,-0.081395026661702549,0.99643332463669931,4.6582668820397339,-14.106933044854562,-2.930232932250378,,0.5884547250123113,0.6206896551724138,0,4
0.50200284980660026,0.86326202620113468,-0.052648009508087436,-0.85784149979495983,0.50474491639940233,0.096646420515686976,0.11000499995721337,-0.003353131084844889,0.99392537773031131,3.8573525746974542,15.297064749607809,-4.3489142606976134,,0.2245096429402665,0.5384615384615384,0,1
0.3432093664614525,0.93863065765577136,-0.034348497519143879,-0.93455227155438736,0.34491753300446709,0.087429669784617775,0.093911567475275876,0.0020937848042835382,0.99557834124669964,2.175728248346076,9.7933819960047135,-4.2346630664042646,,0.09935624945006405,0.3378378378378378,0,5
-0.69029616641529112,0.71516985765227703,-0.10965070605324377,-0.72143246276257256,-0.69187075440311629,0.0291558034359004,-0.055012764924901432,0.099231718252206391,0.99354248111896692,5.5311504309908059,-5.4549699887869947,-3.2164031402278765,,0.2535822038202363,0.8953488372093024,1,5
-0.86100964985227368,-0.48663969380290556,-0.14779780538519488,0.48936747080754811,-0.871852632725724,0.019810737609889856,-0.13849859702065284,-0.055270201959452502,0.98881916617684584,-17.073117715786385,-5.9689696803697085,-5.3834462055683199,,0.2849479386556911,0.4705882352941176,0,1
0.85140909851299196,-0.44413424655899914,-0.27901132235585691,0.49562182317924619,0.85533536661454401,0.15086556600776599,0.17164368720629949,-0.26673241582498658,0.94836293843148045,-5.2337334178772252,-15.229622159365691,-3.7479732939382102,,0.2266438185326806,0.375,0,2
-0.43623500276259036,0.89906321867238093,0.037206870268555181,-0.89975895832087249,-0.43529655207020046,-0.030833888453031904,-0.011525592655542741,-0.046928036249704728,0.99883177769216214,-14.237041494549162,-10.676496991671451,-4.859712971618932,,0.08541616995468357,0.4736842105263158,0,1
-0.26056928085990944,0.96351621404439369,-0.061156807844319254,-0.96533892117538889,-0.25903177067212541,0.031989202028171529,0.014980558603916127,0.067372450274728726,0.99761542480451515,0.52212700611320573,-9.5939881197016685,-3.5203747409013677,,0.08004625407693274,0.2666666666666667,0,1
-0.97611853476854327,-0.16385055523256276,-0.14263800906943241,0.16331779427398396,-0.98645150273890669,0.015515502493707218,-0.14324770209253365,-0.00815035546049705,0.98965330674487961,10.700969076023227,8.9823776527427412,-3.4114051076324863,,0.1694001424319383,0.4038461538461539,1,5
-0.9929262335065322,0.019898006610616338,-0.11705368062327204,-0.012611701139307194,-0.99795511281914151,-0.062662092149138343,-0.11806116977611185,-0.06074258910400656,0.99114675909273764,-18.824717984933947,9.7233758634146827,-6.3623351849703225,,0.2074774570896086,0.4666666666666667,1,4
-0.45592133007026042,0.88366676662348065,-0.10615453995081335,-0.88987697515031872,-0.45473276097720544,0.036566175509182994,-0.015959632962111975,0.11113578028363268,0.99367707453501408,19.427141135612207,-1.2760698346667003,-2.264156973356704,,0.1763897695806142,0.6842105263157895,1,5
0.040012570617580588,0.998971461158914,-0.021331056762331407,-0.99859640914194259,0.040720730019805029,0.033867887378351225,0.034701669144173088,0.01994597545067257,0.99919865503408767,-9.1626802811541719,9.772550391899733,-5.3686354798971969,,0.131076527522377,0.4242424242424243,1,4
-0.53704560896169795,0.83649820421702237,-0.10887041947497023,-0.84310240867946185,-0.53648826872242517,0.03686008684342814,-0.027574306407399853,0.11158446067850071,0.99337231980825769,8.6942170261701701,-8.4832861398688806,-2.8461034569887267,,0.398692153837194,0.9711538461538461,1,5
0.29137362081673657,-0.8851935041224509,-0.36267598948863683,0.95652479999668838,0.26455723800380393,0.12275901111973248,-0.012716921146272448,-0.38267731586705789,0.92379453983953819,3.3720184771326935,-13.051267660292961,-3.0795402541931356,,0.4975791477520233,0.5,0,5
0.87965491683122643,0.47257457625139632,-0.053670263418970347,-0.46077250931098818,0.87473336600701335,0.15010074302712859,0.11788096520602402,-0.10730707467289327,0.98721287966033056,8.6941827187622831,3.6248075200349126,-3.3811243177899795,,0.1536428794222449,0.1694915254237288,0,2
-0.77173595720170163,0.63230992939259145,-0.06788052411045227,-0.63146424770119614,-0.77456874970717138,-0.036002164549259787,-0.075342658813823446,0.015079959171213473,0.99704366935167799,15.772530811143135,3.785965257807931,-2.7927349445589535,,0.1479248238460257,0.4411764705882353,0,5
0.24296666369681469,-0.93518068667976761,-0.25769028618323481,0.96974852301345349,0.2277159770819423,0.087938819043935856,-0.023558489876575096,-0.27126097589364906,0.96221748088047154,16.414223945242171,-18.257550673000488,-1.8676946969665671,,0.3983222151331334,0.6296296296296297,0,3
-0.67486710268163541,0.73279406741833741,-0.086989933179557777,-0.73528596941801938,-0.67773953393672648,-0.0048649066005377883,-0.062521491465718892,0.0606793119252182,0.99619731188614624,6.0294129778577688,-15.990910076022848,-2.7149367087641867,,0.2670435147231953,0.3,0,6
0.39039583458890748,0.91417888481446619,-0.10894062095935088,-0.91547466920559417,0.39800077497639247,0.059173584994480978,0.097453693508959716,0.07663125783627571,0.99228545688420311,-4.2120611272788011,10.455842286557832,-4.9062714639622564,,0.09843242463927188,0.25,0,5
0.99135026622629874,-0.027128057140577023,-0.12840840380919247,0.040024583593883403,0.99428770762236118,0.098944364059844789,0.12499072910093488,-0.1032280145447371,0.98677317284772637,8.1504151748523697,17.348274048613405,-4.007129999537538,,0.2049425322179677,0.4,1,5
-0.14320243706129726,-0.97732833073240399,-0.15595639123651708,0.98688235118607814,-0.15288007824989797,0.051873949066400124,-0.074540505345373029,-0.1464821341396878,0.9864008806974669,-3.5773962997529334,-11.468812910070074,-3.7137004627418881,0.7852740586540412,0.4792224008062148,0.8225108225108225,1,5
0.081239878851194727,0.99641781111835814,0.023486757339916991,-0.99517645848894432,0.079793496131832453,0.057068506590436781,0.054989985939684634,-0.028009706552553384,0.99809396240293635,-13.682531797498326,-13.9665267202015,-4.6382434731523805,,0.1503263085972559,0.375,1,3
-0.72642950931678152,0.68239925180363437,-0.081433587245190189,-0.68109941295594445,-0.73067165341424012,-0.047143658830944235,-0.091672011349418062,0.02121782351563517,0.99556318046641901,-15.489396995567995,-13.366700757469205,-4.8320778705581438,,0.07432967569947746,0.5454545454545454,0,2
-0.92074874502769233,0.37344813667796484,-0.11295236934958881,-0.37655282090079406,-0.92637077226154996,0.0067205186700507943,-0.10212600844831048,0.0487204424374005,0.99357767531638896,-21.721018250979821,-15.482841260380775,-5.3872091520636847,,0.1051664468599313,0.5833333333333334,0,1
0.54086547316990374,0.83930580157498247,-0.055048264053220351,-0.83321273595047718,0.54358598268037772,0.10134503482326719,0.11498294039820542,-0.008947115511998718,0.99332717296034867,-13.011636160606011,-9.7440289893963676,-4.7884950210409425,,0.06515313804043113,0.3,0,2
0.24404729203935152,-0.95727040305431654,-0.15515893362770034,0.96951022907252871,0.23718527466284778,0.06158783326958274,-0.022154795688334866,-0.16545851721605384,0.98596787174262035,-0.17949683900832158,-4.89609251256074,-3.7803515441943758,,0.3686468320540255,0.8873949579831932,1,5
-0.73284226605504443,0.67471180679204212,-0.087784912477742436,-0.67795331718797625,-0.73503397818929594,0.010215215173289155,-0.05763256715717481,0.067000214049174764,0.99608707376425576,-10.327085902271779,2.9601992898473641,-5.1158547873880362,,0.4615783794927234,0.8032786885245902,1,5
-0.77349483045842715,0.63092885077129257,0.060287084176520081,-0.63137114985592169,-0.75870991876444249,-0.16040489486940934,-0.055463667239933755,-0.16213588261970574,0.98520847397057465,-7.1986327245008859,-16.143282714347375,-3.879819254493786,,0.3205320430471804,0.1142857142857143,0,5
-0.94372479695026457,0.30630867560303743,-0.12473372788261554,-0.31208711289396374,-0.94960198607766877,0.029286549862625862,-0.10947667142680004,0.066566232337867196,0.99175793171804205,-4.8168099420799466,9.5575891942420181,-4.9021294928403281,0.1347513358152852,0.1007815018501697,0.5,1,5
0.12939377273114464,0.99059747089391581,0.044428619570935024,-0.98926054060887769,0.12588819333067081,0.07426806564177614,0.067976719342966035,-0.053561305422083032,0.99624813785966504,15.067812429515076,8.2633348574916941,-3.0398642755111744,,0.5879065183823555,0.3282442748091603,1,4
-0.25056941457837112,0.96737800806894314,0.037346458766740198,-0.96754261828180199,-0.25154636703002892,0.024201385133681096,0.032806253767340025,-0.030070163593792967,0.99900927672128992,19.900289735708743,5.9240202746475523,-2.608233526306643,,0.5673352767210893,0.6842105263157895,0,4
-0.98908078350230999,-0.064055052999461154,-0.13272585992071961,0.064847609769468934,-0.99789380968013652,-0.0016529093296066045,-0.13234043680464769,-0.010241815625241596,0.99115140821120529,1.9190821691627109,-9.411835831362712,-3.3826006319660742,,0.1921625924291325,0.7883211678832117,1,4
0.98414402571099335,-0.11758569423537493,-0.13279360364318654,0.12808537294219841,0.98903723926608345,0.073481130796835048,0.12269748936150553,-0.089324934123169358,0.98841609772821593,-0.44336759015956956,9.4967483820142071,-4.4838696485174987,,0.1614424771512037,0.6029411764705882,1,5
0.071004923866517411,0.99522419805312323,-0.066985792495331792,-0.99572933268833097,0.07469299483626754,0.054259124084716205,0.059003362707233678,0.062847053486276519,0.99627749701442703,-12.581900098770443,-4.7222549552873616,-5.0130276793349822,,0.07460793834530241,0.375,0,2
-0.99335755119082614,-0.034197799023797042,-0.10986940444952646,0.046701874551678527,-0.99245893228026316,-0.11333226659023307,-0.10516515775448125,-0.11771056995464918,0.98746367594733686,-2.4387328047443559,-15.143896562013005,-3.4743182713368639,,0.2476529032242594,0.2857142857142857,1,5
-0.9437960262520726,-0.29843462131788223,-0.14207687225460022,0.29909707665291613,-0.95406809118437619,0.017176033345365636,-0.14067693332056036,-0.026284105133211572,0.98970659604191247,-17.269538309179495,-9.6727101120772456,-5.2253048067044929,,0.4951219546947157,0.9185185185185185,1,2
-0.93326841721813136,0.35871582716014433,-0.018248747024877086,-0.34334454226333749,-0.90589061893400047,-0.24794497741505822,-0.10547315640078177,-0.22513360893520068,0.96860222558420184,-15.378285691408438,8.9737025811887143,-5.9733748410313536,,0.6283726170929922,0.2840909090909091,0,1
-0.88596437265324168,-0.43866367679313362,-0.15047029292015493,0.45380744027143116,-0.88689653694600246,-0.086448481232929614,-0.095529773073316851,-0.14487481290934598,0.98482757426924372,12.561965746136741,21.060191889807029,-3.7603052392294409,,0.3375786227380232,0.3055555555555556,0,5
-0.4311829940209389,0.90226153252898433,0.0023135655573033685,-0.90225833464662586,-0.43116915248264842,-0.0048020316630264463,-0.0033351503469794298,-0.0041579881966754524,0.99998579385225261,1.7486962584473844,-12.301248119834064,-3.2552002676075324,,0.09746668415399086,0.4090909090909091,0,5
-0.81136839731202748,0.58083650941441278,-0.065652670734636612,-0.57948222664417903,-0.8140012113456796,-0.040029700614280316,-0.076692065083775879,0.0055657217901554645,0.99703929205129049,17.288208237424797,-7.6260206572544833,-2.1478377040776531,,0.1074468415037424,0.35,0,7
-0.69902113126543564,-0.68674074907195692,-0.19939057552572084,0.70569425916857464,-0.70754507291865243,-0.037088844212994923,-0.11560739864259298,-0.16663467031991447,0.97921796145008799,20.440981934827487,12.949105912744475,-2.7133877292152517,,0.2014386295922691,0.25,0,6
0.39806028105783864,0.9115241533533901,-0.10330406815580842,-0.9121980996796023,0.4052315121120878,0.060679885730555889,0.097173245212233819,0.070079522292437968,0.99279717010585133,16.469699329279539,-6.6424501798282209,-2.2644220216881346,,0.3583458579449398,0.9052631578947369,1,5
-0.92167239741238149,-0.35068204269533937,-0.16595811754517747,0.36438197739916095,-0.92931947288201078,-0.059925719595017413,-0.13321323656000622,-0.11570402868235588,0.9843103226888773,-6.7709047801611479,-12.255761350917647,-4.0436994373432684,,0.1244833211302065,0.5,0,5
-0.34708484664039402,0.93190083702141668,-0.1053230230832554,-0.93782337635051538,-0.34541308618332156,0.034309104678380921,-0.0044072670821058996,0.110682563451047,0.99384603744482003,-1.3148054104900919,-15.042678710163049,-3.3943652112441964,,0.3588961973966674,0.8106508875739645,1,5
0.81616393046171221,0.57719346632030855,-0.026909869015578267,-0.56153763105946675,0.80328201565028712,0.1985283159575319,0.13620546067398023,-0.14692074656071552,0.97972565890285346,-3.873867990995048,-13.798755498059133,-3.6957184781704377,0.9533263609174318,0.746570946186161,0.3863636363636364,1,3
-0.98716697955138188,-0.065467069790794516,-0.14565513123954618,0.086057438822724319,-0.98642095232485516,-0.13988503150015627,-0.13451941014840665,-0.15062459157632216,0.97939612042614876,-20.361993011420331,-20.887773962653366,-4.9448104944665872,,0.1605103250690959,0.3529411764705883,0,1
-0.9179452793552304,-0.31094130705291084,-0.24635739826048611,0.36279004215733052,-0.90922214602333995,-0.20420204331052721,-0.16049875208527545,-0.27682231259228279,0.94742258672153767,7.0794726731710389,10.219015485005512,-3.7974743815471239,0.5764895760145754,0.3956503418296256,0.1481481481481481,1,3
-0.94000033494477453,-0.29552360168404579,-0.17048510536525566,0.30974395167804075,-0.94871000309899778,-0.063308881041862566,-0.14303165629532652,-0.11231709962241106,0.98332436887825903,2.2441854975658115,7.5256961929143049,-4.1211465373707812,,0.6894551846133694,0.939873417721519,1,5
-0.91589667832428068,0.38243037880004638,-0.1219847531677733,-0.38819159600714181,-0.92119322851684105,0.026651839038749889,-0.10217905570114406,0.071763786867559576,0.99217407720140027,-2.6209766166329187,8.6870452523985886,-4.6593198152724762,,0.2356107778929188,0.8079470198675497,1,5
0.95353572361577565,0.29340266119353431,-0.06844342330049874,-0.26599857792112841,0.92653508942658425,0.26604038153109227,0.14147218925455485,-0.23547315444828049,0.96152899758754007,12.274542409772806,2.3772073907322553,-3.0204555474377077,,0.4582571561069901,0.75,0,5
0.08159777374867018,0.99410358794398057,-0.071413302375443466,-0.99478752663432068,0.085631043555344968,0.055363356404712565,0.061152106848688687,0.066523535808977477,0.99590915198698715,5.7103962798684531,10.867809379659761,-3.9338424184330552,,0.08842961174043586,0.4166666666666667,1,5
-0.90099624554651137,-0.40399391242800031,-0.15809707218101271,0.41060027507683861,-0.91175898711677617,-0.010147094097115863,-0.14004706215381907,-0.074057195011075147,0.98737143580781017,-0.80061486882075772,-12.811843558300033,-3.4653209857730896,,0.06769298381081827,0.2380952380952381,0,5
-0.836610241408421,-0.50257377519167024,-0.21795161036371294,0.53587033581210353,-0.83340498033293819,-0.13520030307983058,-0.11369383082281388,-0.2299037608345004,0.96654951946963685,2.5584987699913926,11.12126637135858,-4.2564600428734281,,0.4314394606388409,0.12,0,2
-0.054786303823532528,-0.93294432322909826,-0.35582769800558744,0.99667077237885482,-0.072645590036630084,0.037013372366849394,-0.060380728706208649,-0.35261524074099498,0.93381832258639974,0.089545591498950305,-16.97989419670122,-3.1729823099405894,,0.2156206568794687,0.2857142857142857,0,3
-0.034860768409739035,0.99761299244466872,-0.059607416748886581,-0.99831367444933061,-0.031990991890005822,0.048439486427597565,0.046416960621720696,0.061195536957252723,0.9970459227253049,-17.991096053366743,-13.196625540238138,-5.1029511709428457,,0.132377598461586,0.2272727272727273,0,1
-0.6139780916094999,0.78798930599095751,-0.045866727237149366,-0.78864714899701549,-0.61482002043163209,-0.0056583438680007396,-0.032658496634680331,0.032698564499656191,0.99893154243783178,0.56783543371627621,-12.685676844192757,-3.3294501808987786,,0.1130178915405493,0.2142857142857143,0,5
-0.65928771991181268,0.7512338719709174,0.031422475667358542,-0.75016414018609334,-0.65436855087826218,-0.095160718788490903,-0.050926075367556826,-0.086310307756755897,0.99496586153625965,-8.8304847443610477,-9.3672328640272191,-4.4176834974653554,,0.5318842599032144,0.2815533980582524,0,6
0.29068803615197047,-0.92643980036722562,-0.23918562233889687,0.95681720273666793,0.2817573509566223,0.071509689756593914,0.0011428846346975849,-0.24964392938231347,0.96833702931224819,7.114156400838711,-7.7843952146769881,-2.984688205441822,,0.2456680627841168,0.3809523809523809,0,5
0.18842897916846862,0.98203939636227078,-0.0096511036651544813,-0.98017979544136713,0.18866612200476315,0.060437265128425767,0.061172611666076411,-0.001928315355588768,0.99812533941476544,-4.1930744896821652,-8.1001767054937872,-4.024395462192631,0.2577515604870401,0.1530273711239883,0.32,1,5
0.57087614738281078,0.82037667021533367,-0.032902026013043789,-0.8099416678329967,0.56927525012990376,0.14113888301046471,0.13451735597039255,-0.053924099954837983,0.98944291012003205,17.037848827792811,14.170661067110677,-3.0611044041575202,,0.5108553452955363,0.1666666666666667,0,4
0.9816645547107935,0.16734494156539767,-0.091270874636616248,-0.13334689743814959,0.94504224312880447,0.29851928521570797,0.1362105244394827,-0.28087511323460318,0.95002940154364135,-14.074445664173686,-27.190714793578625,-3.9714946061682874,,0.1771907068372459,0.2608695652173913,0,1
-0.077987231972270074,-0.92155979304666291,-0.38032294105022763,0.99170136801833308,-0.11081936522866942,0.065172578289349942,-0.10220757466973764,-0.37208415194698408,0.92255460301817549,-13.904078654761108,-15.371667286424291,-4.5655289920380557,,0.4284288744530732,0.3571428571428572,0,2
-0.5541510833304526,0.83237838118051488,-0.0079251111658334896,-0.831463241725099,-0.55394706904819924,-0.04256198248318762,-0.03981776618138378,-0.016996330080774433,0.99906239557902965,-16.866152730365783,6.3283238370393775,-5.9955943282410571,,0.09837312955796595,0.3235294117647059,0,4
-0.97499388743184245,-0.1608933682713109,-0.15329789142991043,0.17463365295095298,-0.98131638615265382,-0.080754179615066563,-0.13744092086256707,-0.10550580227934679,0.98487487477234459,-6.0237979422573238,-10.535175874966985,-4.0704128721916515,,0.4541174446747033,0.5042016806722689,0,1
-0.13061411160527006,0.99143095157588612,0.0021499085795065589,-0.99025789851758383,-0.13056451695231122,0.048396294657230922,0.048262286239940298,0.004192275079694054,0.99882589902172203,6.5872247838153122,-12.742652695256488,-2.7914468588165327,,0.3181069211194289,0.3333333333333333,0,5
0.17720237719594775,-0.9146981364694251,-0.36321706547939703,0.98375350483394652,0.15382987247898433,0.092549511398084927,-0.028781230742097572,-0.37371605460892238,0.9270965167039027,18.692909908735185,8.3002340668929993,-2.7355372500104291,,0.2399813870112135,0.1935483870967742,0,4
-0.87629210273890201,-0.40879743065978896,-0.25494472217206132,0.44974824003867669,-0.88384138360625508,-0.12865041471792707,-0.1727387369976621,-0.22739628253543795,0.95835914949955814,20.207874994591077,-8.9037109623054747,-1.8766022394730135,,0.5272691513837416,0.2307692307692308,0,2
0.74199391221878763,-0.64391592618006654,-0.1865939823304204,0.66794832712726915,0.73387471975677143,0.12358368820278474,0.057359101441192509,-0.21633348264563054,0.97463314009337476,4.9529934744557913,20.120880270693867,-4.464317999715262,,0.3425471238973862,0.2,0,3
-0.46903342945506182,0.88212963268043654,-0.043069167634171575,-0.88283805241561852,-0.46965149640961462,-0.0049442013719492531,-0.024588925568640962,0.035704104347912068,0.99905985890340543,8.4758008675716088,25.24336496983663,-4.3481809233843585,,0.2218665953745004,0.5,1,4
-0.80280571817973656,0.59495400770444784,-0.039149809377991326,-0.59142848904786949,-0.80293327525569957,-0.074232727483967559,-0.075599743388925528,-0.036440145493269738,0.99647217452167602,8.7781610670025341,2.0656144425621186,-3.3062484742307423,,0.06918952685365022,0.2093023255813954,0,1
-0.65004850735869213,0.7552400281496966,-0.08396093115956936,-0.75876376019288883,-0.65112914143320977,0.017561246948877743,-0.041406452379849051,0.075122174202406522,0.99631429009345163,1.8973494093979992,-6.7514080449405869,-3.5276209012220594,,0.1740317182985293,0.2289156626506024,1,3
0.97631317892517799,-0.14179170129916419,-0.16342487601250508,0.15781015445165825,0.98340097490891532,0.089545953008158596,0.14801530937358423,-0.11321499896605636,0.98248350225342662,-14.359526411342113,-21.480410100815163,-4.2769991255581497,,0.2344193635881481,0.3095238095238095,0,3
0.98952357651616141,-0.030265834255695633,-0.14116327707824944,0.061596725647411026,0.97282382731666373,0.22320314602279887,0.13057157006094949,-0.22955997099181741,0.96449638921566416,13.152191058810466,25.089328967499071,-3.9098302340174635,,0.4155354702326437,0.4736842105263158,0,4
0.9048782243240574,0.42502268991154463,-0.023475779103071491,-0.40354323522266233,0.87408480945111466,0.27042300788364243,0.13545573612870124,-0.23522639934149489,0.96245534161469937,8.3341113418131112,0.97917754921559086,-3.279058706637425,,0.5921079384110469,0.2419354838709677,0,3
-0.35237282132348635,0.93465446652332485,-0.047480764531804588,-0.93585772007788837,-0.35202286832617097,0.015818594944908268,-0.0019293945014236052,0.05000928297240053,0.99874688938361311,4.3655425434579165,-14.903540495804426,-2.9100558063543667,,0.2837756541576183,0.3529411764705883,0,3
-0.95912795129756423,0.28257858434854799,0.014930395417054394,-0.28248599822947457,-0.95305107729302807,-0.10906559895263772,-0.016590173116528339,-0.10882549213383248,0.99392242072396886,2.5348658944470617,-17.18454098030929,-2.969789386624814,,0.7196381578235302,0.2,0,2
0.093488430720430393,0.98316529597395419,0.15699017202958157,-0.99361909372532264,0.082140665549293501,0.077291704908009282,0.063095244717006602,-0.16321431265537181,0.98457101228836441,-8.6445610905848049,11.954682820013453,-5.4159743934135722,,0.3445396565659978,0.2941176470588235,0,1
0.57595837130001337,0.81192098692170434,-0.095164413125514297,-0.80902552335305955,0.58282508483239215,0.076109283621810811,0.11725893182502714,0.03315466009782702,0.99254778797851995,-11.081602183521113,-5.1178408086014544,-4.8541047464649063,,0.06794572473564625,0.2,0,1
0.53753509179741266,0.83627188154996768,-0.10819133613753842,-0.83522791680374087,0.54567260463250677,0.068086236092629593,0.11597565295368024,0.053765683130177509,0.9917957951309907,0.4327756944375209,17.668760337203143,-4.7793205472886822,,0.0823835934262214,0.5,0,4
0.5679252401046454,0.82159276697592343,-0.049459548167440137,-0.81479437605342864,0.569697069348992,0.10749592516404695,0.11649483423648205,-0.020750287420088453,0.99297451083509636,16.023899159985586,-10.74863221675632,-2.1690414510891083,,0.3707527546143191,0.1304347826086956,0,1
0.63417824850078153,-0.72905352949733038,-0.2574857282568625,0.76601329637341353,0.63768992848327655,0.081087513774511219,0.10507891752211215,-0.24866142893195059,0.96287377929503415,2.3818768156716734,-10.956524050484102,-3.2366966848922112,,0.5698167905196401,0.8441558441558441,1,4
