axis_00,axis_01,axis_02,axis_10,axis_11,axis_12,axis_20,axis_21,axis_22,location_x,location_y,location_z,dbh,dbh_approximation,score,reconstructed,number_clusters
0.83392046829298527,0.50682642176015991,-0.21841160859212883,-0.48873621816750767,0.86203212437618215,0.13430385547261695,0.25634656544087209,-0.0052530704620792181,0.96657066148181314,3.2752427438409306,12.278659813014171,-1.2016589251347547,,0.07103218501446328,0.2307692307692308,0,5
-0.34655659357264357,-0.87608021851470186,-0.33523421391403058,0.92066988200892963,-0.38611568998383472,0.057285620446769804,-0.1796259886903607,-0.2887873346868588,0.9403916096560363,-17.112990374869952,8.4041098925308102,-6.3641064982073754,0.5732081159679336,0.2771109394583365,0.2330097087378641,1,4
-0.92772887831339634,0.30268037156650468,-0.21841181518345076,-0.31499013066326531,-0.94881461771229569,0.023065966275226099,-0.20025070768440845,0.090196529222766234,0.975584050806521,-23.973420372320273,11.250893492471466,-8.1297432126570648,,0.2971147756536364,0.5365853658536586,0,3
-0.66078824368405897,-0.66568625694548711,-0.34672857442507521,0.71138670440809493,-0.70277080574896578,-0.0064924092862991044,-0.23934881198854566,-0.25094820561394254,0.93794303894149977,-14.002104797774338,0.84516114076872084,-4.9243807013666911,,0.1945047390727606,0.2051282051282051,0,1
0.87411372087498862,-0.41910539503068844,-0.24551144746071252,0.4570015437729481,0.88086421491238953,0.12340106918468483,0.16454419457162811,-0.22006567824845336,0.96150730901528947,-1.4933584790991774,5.1701559284410044,-1.9558060399155348,0.1648650518426111,0.09490992869946009,0.4585152838427948,1,3
-0.027054250832172475,-0.91351414762675898,-0.40590635570001332,0.9913293108352248,-0.076750051159595309,0.10665658500982579,-0.1285856329100129,-0.39950135385597302,0.90766976554051648,17.877239923101087,-7.5731098433799495,4.4540505732291598,0.2504855525102229,0.1252714050562103,0.24,1,5
-0.60635459880868303,-0.69784466872893436,-0.38124390989255913,0.75977819572844141,-0.6499112135259637,-0.018775191845753641,-0.234672524593734,-0.3010452339098128,0.92428381644438107,17.745163665384165,-9.1258582851000192,4.4566248660950185,,0.1458115484315111,0.4193548387096774,0,4
-0.96757289992525353,0.13173860649117708,-0.21551710579440933,-0.12405580484255337,-0.99107175094706146,-0.048856337967485987,-0.22002918128080684,-0.020535920590265416,0.97527710695494585,2.7333490232894948,1.4690060653650654,-0.47374311589707463,0.5537123929860228,0.4090328978985057,0.5600000000000001,1,1
-0.93443344595056455,0.32974519621177634,-0.13454456757599484,-0.32286366629672769,-0.9437978414258551,-0.070743816021846997,-0.15031030594869271,-0.022665835417093612,0.9883790122369337,-12.532217850559768,-2.8666292920590726,-4.4147060904277833,,0.2350008340848291,0.2037037037037037,0,3
0.94481365816247298,0.25556279344020499,-0.20497514473390208,-0.21020419149344072,0.95280434436620465,0.21903899021744005,0.25127942460184421,-0.16386439505251288,0.95394292848463413,8.1147200681576095,5.182705980617258,0.73895069975331507,,0.08975856552391871,0.2413793103448276,0,3
0.31006490286742228,-0.9152521336049485,-0.25724169168586564,0.9501143036360884,0.28869011276248652,0.11807128702311478,-0.033801864385382782,-0.28101877290453914,0.959106815343995,1.4253404677656247,-13.107931164941036,0.17103017806245457,0.1971132145324191,0.1740243114204328,0.6666666666666666,1,5
0.15984574961634967,0.98654217150120416,-0.034407559914587597,-0.97579720315353602,0.16318191919620367,0.14557293555184284,0.14922853161284066,0.010305585724855498,0.98874902794164277,2.1325094805135025,-6.9149131240695478,-0.22222838324917679,,0.09973839986323718,0.2,0,3
0.9720285926877682,-0.033931779159623782,-0.23239847108038597,0.073660552952182837,0.98362685597832344,0.16447592874636485,0.22301241655167348,-0.17699390543536561,0.9586128621620521,4.3743425575031853,1.224089888145117,0.0039452933210220031,0.241747130351983,0.1924497487208726,0.6052631578947368,1,3
0.53648557704427302,0.84260321520064896,-0.046936631291583306,-0.81450241623670516,0.53154392337204304,0.23247983024517382,0.22083713358047977,-0.086492076283230773,0.97146800316437254,-22.668208866971312,-15.908979624259469,-5.402295226937829,,0.2338563992627075,0.3,0,1
0.11736422222829868,-0.94509699332461961,-0.30498739736177816,0.98974215642297991,0.086124103213236769,0.11398729159387155,-0.081462280473462462,-0.31523691416850358,0.94551022459071432,-5.514344366289742,-10.506175889947027,-1.9658933901991205,,0.09072371776439089,0.3673469387755102,0,5
-0.58306078490115454,0.81051123292838789,-0.055782276821186763,-0.80999589132493788,-0.58525247610713627,-0.0372316430900771,-0.06282338057738121,0.023475103990651586,0.99774853662907403,-12.973419433536368,15.094646716832225,-5.6782039998294405,,0.4223125780688799,0.2,0,2
-0.80815743488735958,0.55405380215365274,-0.1997647235008323,-0.57491027617048573,-0.81576639470828838,0.063272139352302054,-0.12790517890163333,0.16598064219577627,0.97779890142422388,6.2089774971367246,-12.991362167107891,1.44904134159041,0.2597543211918765,0.1596293016046321,0.4666666666666667,1,5
-0.2001089668964873,0.97171709336135081,-0.12538856342182519,-0.97804435893493169,-0.19051298668527161,0.084463210096568403,0.058186195297339059,0.13953742284285625,0.98850577858867106,-1.1717016613012718,11.04837502970236,-2.1658311168639086,,0.1285437462411327,0.3181818181818182,0,5
-0.91883669955085356,-0.31163650110947377,-0.24211941420451963,0.30823638416782678,-0.94984274625499099,0.052811825019794541,-0.24643346167604507,-0.026104569772788234,0.96880808233795168,0.071781526997915582,-15.457069821166719,0.092111643061054002,0.1083173056786191,0.09935932853331261,0.2857142857142857,1,5
0.1197705020625649,-0.92877161986093415,-0.35076816414346523,0.98927682848437937,0.081902682657158166,0.12092686714476847,-0.083584588648678432,-0.36149028854791765,0.9286217679044434,8.7473363755798754,3.169507175876126,1.0559687026816469,,0.08983018963093771,0.2162162162162162,0,3
-0.72168601788006981,0.66412528201076226,-0.19520989060632427,-0.68527892608572993,-0.72528868683249315,0.065947814335178295,-0.097785914421231843,0.18136683971146372,0.97854176425632455,-22.089006806712799,11.062701369015819,-7.6985346192377797,,0.08055442131511555,0.2608695652173913,0,1
-0.46240413896127908,0.87484107210076767,-0.14434511019448798,-0.886659222649682,-0.45700585672197447,0.070576694539184845,-0.0042231696320709318,0.16061987886745233,0.98700730460866648,8.2646693567802458,-7.9566219946184695,1.7014805032925948,0.5034798397554856,0.3572575646319254,0.8273381294964028,1,7
-0.64694890775987868,0.73588513491669905,-0.19982537115424709,-0.75902532653242549,-0.64657554352231894,0.07629298920060805,-0.073059321312518619,0.20103018362288505,0.97685679648651902,-6.0409234521649093,14.181993765928267,-3.7380875533509332,,0.08061580794421265,0.26,0,4
0.13275352285056546,0.98161225614394687,-0.13716370058713406,-0.98082237050218213,0.15003106419142551,0.12441124265945987,0.14270241656414612,0.11801719521146445,0.982704412293531,-12.776657673660313,12.501493153239238,-5.3911330802950665,,0.07945878237225501,0.3,0,5
0.020301236161412769,-0.96819552620530436,-0.2493697713163199,0.99418855455384036,-0.0068251523015985067,0.10743619171493132,-0.10572122683958053,-0.25010165999468126,0.96243035169483337,-3.1373737990940604,15.286250142985855,-3.094518322640877,,0.1247922153778718,0.1851851851851852,0,3
-0.95989705411857795,0.16715623224870821,-0.22506985474490443,-0.18274770751675831,-0.98187892548334721,0.050170221138017487,-0.21260508199910427,0.089289247460621668,0.97305010631316957,-17.140606159276008,-6.6629712913579562,-5.1256896018734031,,0.4132735551146618,0.7317073170731707,0,2
-0.97320299518163145,-0.012734795090924024,-0.22959476292697445,-0.00027001217522069362,-0.99840130323781973,0.056522250366107182,-0.22994750979935982,0.055069616732058811,0.97164370015456669,-18.496919975065879,25.960212998063916,-7.8234290313535482,,0.1587168917543224,0.4444444444444444,0,3
-0.49063877033039915,0.86709707837801309,-0.086117673662188213,-0.87132662762725999,-0.48912015278052223,0.039387613937180724,-0.0079690047295421246,0.094361712639566331,0.99550608343261671,-3.8233435385452843,16.988213549219331,-3.4419827909168172,,0.2337810339159363,0.3846153846153846,0,5
0.95802206656062783,0.17893230341606314,-0.2240021222603186,-0.14427589917290551,0.97607955474231312,0.16264429818440862,0.24774621066881009,-0.1234987190551835,0.96092137112823928,-15.936004973204048,-2.3938579070868919,-5.2917484022680137,,0.07571967531049112,0.1621621621621622,0,1
0.86567371510557845,0.45293342902362449,-0.21321427683953767,-0.42914283348159254,0.89072607949795712,0.14981148078031176,0.25777014459920689,-0.038188482230912611,0.96545128949015513,-10.271990620598977,-6.3187085452439389,-3.5306847258934195,0.1347249538607883,0.1285079308193925,0.6846846846846847,1,5
-0.97147118491393936,0.064413049292892474,-0.22824262520987887,-0.067762425245430982,-0.99767790028656267,0.0068601023791831518,-0.22727074296258029,0.022130665615541351,0.97358011639137809,-24.443050786901861,13.673338870929774,-8.3743279213645785,,0.3827059007060318,0.4210526315789473,0,1
0.50074056269062184,0.86558322711537705,-0.0049563911074292808,-0.83850160291638065,0.48647937018264831,0.2454646294140061,0.21488124809517653,-0.11875815476515439,0.96939287695641529,-11.000047889587659,3.1288523082227795,-4.4498095459323608,,0.3941231159826829,0.2157676348547718,0,1
-0.0498843174557154,-0.95273850471845778,-0.29966797709934656,0.99115604101810684,-0.084165555131565165,0.10259562214202325,-0.12296852127797084,-0.29189981321719372,0.94851106573327681,5.9981377947001731,-6.1080368708371218,0.90928764295713393,,0.1302485786537623,0.1111111111111111,0,1
0.70488688905229535,0.70000944066464166,-0.11454805377024688,-0.65998565416176913,0.70642602306423607,0.2556974975206216,0.25991038829342283,-0.10463774136525414,0.95994663035980243,-6.052857312951593,-6.909896964808854,-2.4219886843941389,0.5070107953188512,0.2149071422877292,0.2413793103448276,1,5
-0.55074386472303127,0.82800855981470345,-0.10527592480486378,-0.83351567650979286,-0.55223059816166342,0.017116759811174932,-0.043963763287067026,0.0971760841338625,0.99429572873971783,-9.6070975721500851,6.0752380052170549,-4.2847138818318484,,0.1859520845693896,0.3728813559322034,0,4
0.35675551789199528,-0.83183527430717674,-0.42517711235662675,0.93364968582054897,0.30189043392860043,0.19277040766049436,-0.031996321988722327,-0.46573838398902317,0.88434382061418204,-15.688168313445749,-13.029037848187354,-4.1113415372759663,,0.4870486575646263,0.1428571428571428,0,2
-0.20652640312083589,0.95541559072631455,-0.21101633541282203,-0.97666332407822198,-0.1883053053131199,0.10329503081663655,0.058954187420802572,0.22742506675390781,0.9720093841098103,11.857512719688831,-1.4371676573938912,2.237567332196404,,0.08615897255932953,0.35,0,2
-0.68615326045253067,0.70063608788231135,-0.19571094892041838,-0.72256338888846172,-0.68756279784448193,0.071829994140951842,-0.084236881520995469,0.19069995117261454,0.97802744154465282,7.7046443644304183,0.38532488850540286,0.85555201412549975,0.7384103993906507,0.6307799102388956,0.9728997289972899,1,5
0.89170193129248143,-0.36988056657005286,-0.2608755109301667,0.41904686499472799,0.89248453288177609,0.16694634918107232,0.17107714829090753,-0.25818544699617541,0.95082747346300212,-15.342393921782659,-5.3609156113493954,-4.8433936262622792,0.1752943541416118,0.1528779037017927,0.3333333333333333,1,3
-0.82591932949203373,-0.47291856965245294,-0.30692879898977576,0.50622996594540792,-0.86170841057416703,-0.034494009982214982,-0.24817026967455122,-0.18386582505626176,0.95110718408917494,-5.0696844472633895,12.038074067906857,-3.3294394969700005,,0.3708743505154937,0.5211267605633803,0,3
0.72493500074120432,-0.6232322289668013,-0.29334422352829903,0.6820390792056249,0.7090534060206154,0.17906971225449109,0.096394704920403002,-0.32988612609146722,0.93908636699489523,21.136877989278691,-8.0212253910909102,5.4180921630680192,0.204645927391021,0.1438528479079937,0.4,1,5
-0.53092647235292545,-0.7836926534710017,-0.32240177705846917,0.81908833554053762,-0.57213638910569642,0.041883777796748373,-0.21728179752641583,-0.24183832855169154,0.94567586587953811,-14.45586434183158,-12.572857468469739,-3.8756178387194304,0.9070663160228823,0.7876061128327112,0.9262672811059908,1,5
-0.90040571686173909,-0.27141895028545304,-0.34000190950734416,0.29979125592434114,-0.95344082315349188,-0.032799384379861934,-0.31526932599605012,-0.13146235267305423,0.93985259584450864,17.484406996967071,-13.118211433701811,4.7127619746698297,,0.3153612848563087,0.2857142857142857,0,6
0.29019479164055972,0.93647342288600088,-0.19698860660675227,-0.9410583589403384,0.31663753547887291,0.11895308400534649,0.17377038865471212,0.15085820943536069,0.97316270616621314,-0.74909870696873038,-17.397250928132522,0.04950625288069644,0.1843794528467192,0.1463255831201602,0.6071428571428571,1,5
0.95600444181832089,-0.15873659689715516,-0.24669454803288815,0.20689879127784286,0.96101580364136563,0.18341623515738228,0.20796249034719827,-0.22638753931488942,0.95157778696832829,-14.839911496956967,-7.143477830692416,-4.5910294546974901,,0.08351133865777144,0.3,0,1
0.68262656013716905,-0.67175795596830934,-0.28768425050491858,0.72520709739712252,0.67120108300956449,0.15350495774284006,0.089975803859364059,-0.31341722154353474,0.94534332385636199,-2.597143053537502,12.206152347363885,-2.6518216265870946,,0.08111947060775611,0.5384615384615384,0,5
-0.39133500966808354,-0.85037710037418557,-0.35173242296847573,0.89906235580223681,-0.43483873729078487,0.051011301989750936,-0.19632572574019649,-0.29626687244872557,0.93470966064443617,7.4058327680473521,-13.016463230689162,1.7738970881336922,,0.4308777077116189,0.1818181818181818,0,4
0.86953955293215401,0.44220247901149462,-0.21990437340498434,-0.42287983380283012,0.89667202753179021,0.13096534352614028,0.25509529993600638,-0.020886421381310725,0.96669030477834095,-12.865055211734344,-0.17091771193044442,-4.6161990133169182,0.1779931888223147,0.1406447915724551,0.6680851063829787,1,2
-0.17186629747337359,-0.94498815716453044,-0.27831521448095425,0.97354088255718529,-0.20611668213832024,0.098661356842832212,-0.15059922238368939,-0.25399467743060355,0.95540911553865393,-16.863482170502621,-18.192115707315867,-3.7652022516929935,0.2748208709412892,0.3228723918124273,0.6875,1,5
0.96504681007602156,0.012897739682697145,-0.26176000969050472,0.065381352971165929,0.95535997434542497,0.28811906931400666,0.25379112089621186,-0.29516261235086477,0.92112382404563697,16.149075002892673,-9.8793367125001925,4.0087004240367721,,0.4088587893380913,0.1666666666666667,0,3
-0.9724467101775317,-0.00042451162427429846,-0.23312489282523097,0.0073131406305218527,-0.99956173277968552,-0.028685542292067382,-0.23301054448031486,-0.029600036357285503,0.97202362317416624,3.0139461996872341,5.2549100204481531,-0.6962803612597972,,0.07446084309413534,0.4193548387096774,0,5
0.88141051477986165,0.46308576271984087,-0.093097157860384971,-0.42099020649345853,0.85953982305619836,0.2897559984143796,0.21420259212272227,-0.21620099201137372,0.95256200878536168,-1.2210372992046088,13.389209708384604,-2.4394750459887082,,0.3127426706781561,0.3636363636363636,0,3
0.9715600451527302,-0.020239626404001551,-0.23592676021564785,0.065548991088060393,0.9803932815230243,0.18582880108275651,0.22753990513789607,-0.19600859947345112,0.95383762795472382,-12.362505447440229,1.0911755827657459,-4.5844922200033302,1.002767595858082,0.9214936962029662,0.9638009049773756,1,1
0.6564285918350784,-0.70641909615052856,-0.26471411827721691,0.75014168638204393,0.64840773656745965,0.12982625894388872,0.079930933769834803,-0.2837947634353607,0.95554778952878539,-4.7880355287792931,-8.9415860081223624,-1.9031304165589675,0.3899255816122676,0.3315885028792095,0.4919786096256685,1,5
-0.56355028467556068,0.80899915775272457,-0.16712701576190081,-0.82503881800283019,-0.56136277210290508,0.06467446857483046,-0.041497294256243628,0.17433359071712523,0.98381185890244605,-0.65463960047265446,9.0340705200492071,-1.9906565807740246,0.7203123924547555,0.3936434361320333,0.2241379310344828,1,5
-0.082440784093306851,0.98423364752890763,-0.15648528426028252,-0.99230574547969697,-0.066513672755000988,0.10442815149480859,0.092373289462175184,0.16389038534514871,0.98214414267222239,3.1273875177383346,6.8346758179057749,-0.73643025237213211,,0.06826874431563747,0.2916666666666667,0,5
0.82482600422475083,-0.44076349659261882,-0.35410394353364688,0.55303551567899656,0.75916543181154317,0.34324854776103608,0.11753204308739858,-0.47895238512178051,0.8699372572972488,9.9786614121220367,2.7647888644825263,1.4136960834972194,,0.5654290515495315,0.6415094339622641,0,2
0.87886188009186039,-0.38741210394772846,-0.27841274654044668,0.45010498317472425,0.8667764225217679,0.21471874040625233,0.15813696545299571,-0.31402308048161143,0.93615287484585419,-10.815794279882219,-7.8489183873708015,-3.5550351977122729,0.4728949073984519,0.3430709175896915,0.5494505494505495,1,5
-0.43050059518939499,0.88091485446801032,-0.19661703059292948,-0.90259025907524815,-0.42010225467867185,0.094047433970169778,0.00024852374860688536,0.21795209288167169,0.97595943739709068,11.564674482295827,2.3951195184425615,1.8886160871219593,0.2292157580337981,0.1677485078016906,0.5,1,5
-0.5620738433664576,-0.78294753056798561,-0.2665823680980296,0.79368337306046066,-0.6012631728921789,0.0924624261578781,-0.23267938871036736,-0.15961128187294352,0.95936673945277406,11.141279703707058,-3.3596976346960159,2.1859425229882961,0.5002085370533236,0.3693585706502688,0.8148148148148148,1,4
-0.3638948135985885,-0.86968855973386627,-0.33350018546334109,0.91296112493095483,-0.40399535326253622,0.057356245580453949,-0.18461459584999076,-0.28360106419107967,0.94100365960437837,-9.5907533643045397,8.0366512187265311,-4.3258252051418609,,0.6735800774852571,0.7228915662650602,0,4
-0.21227251250673518,0.97581953656311626,-0.052121132910009527,-0.97500448579340415,-0.2079100015540235,0.078356135283372153,0.065624942794779539,0.067451192098812521,0.99556200387903082,-0.046715878864294479,-12.317091662273135,-0.32820914924488176,0.9985676310658063,0.5505607547297156,0.3684210526315789,1,4
0.0033909785117242886,0.99635549450003102,-0.085230451391102482,-0.98924334235627343,0.01580655258954718,0.14542270283219963,0.1462399086040517,0.083820531344247287,0.98569163923442416,8.9338268862935486,6.5679659073348571,0.79934644161523738,,0.300279596929797,0.25,0,5
-0.78205666125015705,0.5939619679513003,-0.18867050437648245,-0.61141594153104228,-0.78986670792126779,0.04776117837039337,-0.12065622667714535,0.15270810176620672,0.98087833629813437,4.9563843031563231,-8.7805261907416963,0.76566981805424106,,0.06652763024510588,0.1904761904761905,0,2
-0.38336739017890548,0.91812683530912376,-0.10036213644929816,-0.9229535406740591,-0.38488435920871206,0.0045598019383617516,-0.034441340052800924,0.094377668554335298,0.99494052574694891,-1.5920686551707233,6.3712234830338064,-2.0677847144975314,,0.4832377569360164,0.6538461538461539,0,3
-0.87854181572037771,-0.39070182407878429,-0.27480240663475558,0.402371865787437,-0.91535296957585921,0.015027398690207449,-0.2574124310391393,-0.097370558949655642,0.96138328183734978,-16.026850534543868,-0.27808214736476694,-5.3586635405183989,,0.113700235698276,0.2307692307692308,0,1
-0.31733359528764277,-0.9116562460963713,-0.26111736490569343,0.93091083647218953,-0.35197746486191556,0.097554491275540778,-0.18084358943703027,-0.2121196671288485,0.96036495301352975,-3.7418025877743464,-7.6038516295288687,-1.7889266070137393,0.400922300271516,0.3752200522589718,0.9075829383886256,1,5
0.9743808615886701,-0.015400915662490116,-0.22437635429446887,0.053148425127938062,0.98516322193478578,0.16318293738467776,0.2185341654665012,-0.17092758099215169,0.96074272340727651,5.3378290308434373,14.26743419291801,-0.85994157966673879,,0.1019534411932357,0.2758620689655172,0,4
0.37689376705809341,0.91006240836932462,-0.17244564716393043,-0.9061152505761958,0.40086574755771776,0.1351362464634589,0.19210997117796919,0.10532362179501499,0.97570522888113242,-2.1333954116605103,-8.5979733131680156,-1.2633779138180976,,0.06868594928837128,0.2272727272727273,0,5
0.075453753760959349,0.99169319485501195,-0.10416975723136108,-0.98760128512410406,0.088744530501432758,0.12949173690741633,0.13766057047898569,0.093107548482067051,0.98609358163972483,0.70928811146657256,8.8212293222221394,-1.4697361633711765,0.3635038366486608,0.190196884305553,0.2362204724409449,1,5
0.95865429867607022,-0.12888146238985598,-0.25371540016748029,0.21587777027384955,0.91026396899770989,0.35329349703345553,0.1854150046017948,-0.39345784449771659,0.90045110953995033,-16.127674937176479,10.242609416353046,-6.1852279885899044,,0.3805519576684997,0.35,0,4
-0.51753873138530448,-0.7649208528157837,-0.38347066438472799,0.82656003098286979,-0.5628037609028872,0.0071022457831669784,-0.22125138801302111,-0.31328583696225532,0.92352574823941525,18.878204547292601,-10.139816734783651,4.8801755024252058,,0.1500839943913984,0.3076923076923077,0,4
0.31852063018938109,-0.88644076078326106,-0.33580855523013686,0.94744225363109968,0.28651683801184735,0.14234211453436824,-0.029963046877477858,-0.3634981143798206,0.93111295591036214,-5.5624661233823094,-23.335639199356518,-0.43191017193034759,,0.2817854458742879,0.4444444444444444,0,3
-0.57037475478256727,-0.73991549303630244,-0.35664786873269216,0.78831786759792655,-0.61507710093558432,0.015332955701208323,-0.23071102863232251,-0.27240635651453238,0.93411305429155256,18.175321791324166,-10.333651197004263,4.6843364847397009,,0.2416535447708318,0.391304347826087,0,3
-0.38101715945991232,-0.80546618324490715,-0.45392747421364721,0.89599404583329223,-0.44279104681735793,0.033626755562750257,-0.22808023594425814,-0.39390394324920119,0.89040389120013486,-2.3892368215703983,8.4373447192704454,-2.4196108333392505,,0.3597846062922858,0.25,0,3
0.68548822664223874,-0.65640653460761877,-0.31501801926127349,0.72769895147478758,0.63174206505359343,0.26712581167741295,0.023667005669791494,-0.41234988124921151,0.91071809484405619,-11.377591419390708,17.328192126172393,-5.3679722103691052,,0.2420283691848087,0.2083333333333333,0,2
0.60714175326919284,-0.73969228431315959,-0.29023131458336826,0.79200349321107388,0.59281726686117076,0.14593887368589487,0.064104275822027865,-0.31846979862905539,0.94576298784764334,-1.9949782292919698,-14.291074505923014,-0.62978897076534091,,0.1808209965492228,0.5833333333333334,0,5
-0.95915108490536805,0.089877438986133082,-0.26823728727779184,-0.074995865472600662,-0.99504738204174592,-0.065240536891439618,-0.27277246284562939,-0.042458844227812265,0.96114121234081296,12.998183511182205,3.7135073467012427,2.1134743197576777,0.6581223935697542,0.3691568300695375,0.2631578947368421,1,4
0.30965485720683461,-0.91320124687542448,-0.26491008307232167,0.95032773290470907,0.28800721200598095,0.11802137901557441,-0.031481256017047439,-0.28829729193613901,0.95702330273712632,-13.973909839354109,0.013250730972316955,-4.9065309519213827,,0.06617364110735223,0.25,0,1
0.85326750146684882,-0.45180559564381206,-0.26039637993924214,0.49884981128272737,0.85268576421129572,0.15516395617084164,0.15193234258613009,-0.26229504619100191,0.95295218768831824,4.0418679620795013,9.0647229773102147,-0.64760337683334324,,0.08007142266712927,0.2105263157894737,0,5
0.611096739562078,0.77042539704460977,-0.18167411066316833,-0.7574269480466802,0.6358062757614531,0.14850857912943274,0.22992432074334729,0.046851758675705214,0.97208009929208183,-6.165786740201626,-15.726389704761097,-1.6284369682972373,,0.1072656895646811,0.4736842105263158,0,5
-0.89478254406534552,0.43556875493809044,-0.0982041677202624,-0.4337493030541224,-0.90013175537237733,-0.040303412638457187,-0.10595159713761208,0.0065331992105198871,0.99434982595264965,2.4028701414359297,3.0518295950014083,-0.738459413036051,0.6812857849887495,0.3315523580941763,0.2142857142857143,1,5
0.93994701804198533,-0.1981812630795563,-0.2778916879616431,0.26505396347290106,0.93678005772235062,0.2284502569510829,0.21504883101585465,-0.28838743110250392,0.9330523510826243,11.048753349989751,4.6356633721384659,1.5500794829315467,,0.3145415431977498,0.24,0,5
0.12357116873561184,0.98690583089355333,-0.10366796614972246,-0.98294580227498152,0.13606959493832568,0.12370373932631545,0.13618999980654969,0.08661377651173631,0.98688922259343126,-4.5395324943199844,14.068128532169949,-3.3675383329779369,,0.1769039742846732,0.2962962962962963,0,4
0.96901451745074929,0.1170164952723146,-0.21752702085919101,-0.055208260476924301,0.96098939911243741,0.27101922951817981,0.2407548814558132,-0.25061227948306936,0.93767295600731504,5.9082099684658083,-10.241981362055405,1.0520794917371912,,0.6147554156965123,0.6842105263157895,0,4
-0.81255284992327559,-0.49303057182061877,-0.31093202043501011,0.52140553923519617,-0.85325486472755452,-0.0096124644924265139,-0.2605650201704332,-0.16993231319851279,0.95038354320483975,2.56029332199931,23.327228639999284,-2.3050979819615152,,0.6063034917429082,0.8849557522123894,1,4
-0.73705858284573134,-0.55969667780362387,-0.37879318144474261,0.62848022864858266,-0.77373733708684067,-0.079643803246650893,-0.24851005543291149,-0.29676617403833649,0.92204804120792971,-21.209422788677404,10.012290378392175,-7.4053233157148846,,0.5175005130970777,0.1304347826086956,0,1
-0.87627201410569777,0.43739034380911018,-0.20208177660959789,-0.45484771912418009,-0.88930172523774387,0.04749730409931828,-0.1589368104080171,0.13353699349513826,0.97821621417026461,9.2372251320884669,13.655373219669546,0.22132736089946378,,0.2523181477090404,0.2777777777777778,1,5
-0.55051453558148911,0.83093415778382473,-0.080511934156270462,-0.8329844809277499,-0.5531414434740225,-0.013091907615111498,-0.055413000704031115,0.059857906241041335,0.99666766297167186,-20.061791296022914,9.1211531457176189,-7.0856324573671614,0.4464742576937087,0.3666077398624349,0.2302158273381295,1,4
-0.42205874281865485,0.88849581795917876,-0.18011551593181677,-0.90656837944199742,-0.41374062913479193,0.083381443973198827,-0.00043704261298275441,0.19847889880839903,0.98010506361387495,3.4738932741729878,-22.163564549396142,1.7756931209796241,,0.1955361167190374,0.5384615384615384,0,3
-0.87869753380452931,-0.3379331560310635,-0.33718218538458555,0.40592549668167882,-0.90063061675872025,-0.15520626050691885,-0.2512272581340898,-0.27325020441290437,0.92855758602185534,14.585548986046314,-10.695777896793349,3.657766337935954,,0.1209750457139598,0.4,0,6
0.92702074013076252,0.31686865024308497,-0.20056621315799622,-0.27507246931955315,0.93806644837495767,0.21063350886228094,0.25488759089029212,-0.14009138776640931,0.95676889533670806,-14.940334605403052,-10.356912615323408,-4.2184762515127403,,0.07062212097837139,0.2380952380952381,0,1
0.03322048639897672,0.98836971885234659,-0.14839709612774474,-0.98964279607974093,0.053277255100569298,0.13329917575296599,0.1396550588087902,0.14243185368687925,0.97990286845402763,8.9498292303944886,-14.878692515040179,2.4256988480962409,0.323494139827859,0.2308762339014786,0.1538461538461539,1,6
0.94745300770813612,0.22856603168690171,-0.22380877405434413,-0.1974771635772839,0.96830878239110152,0.15290805017961853,0.25166558773554426,-0.10067607016150515,0.96256363989429727,-3.1998064154509622,-17.611872704472802,-0.56588307302680863,0.2127363229554804,0.1415135824919957,0.6190476190476191,1,5
-0.96498176896668186,-0.046881912184602116,-0.25809353318486716,0.068674355891270203,-0.99473435384665609,-0.076074950674939079,-0.25316796480765891,-0.091135347627528701,0.96312010154910432,10.512019750045027,11.542768090089892,0.71373645279133624,0.9936760559807505,0.6266741451783318,0.75,1,5
0.1701570019430621,-0.88625096489598121,-0.43081994140323937,0.98301846621622357,0.12217602757146179,0.1369222895103675,-0.068711642155112412,-0.44680224429583987,0.89199017075556863,-13.893372274453549,10.12458304883595,-5.595556521975114,0.6520448449420316,0.5374268824739802,0.6,1,4
-0.60500588093778984,-0.73767798223898973,-0.29966494381308806,0.76226016334472824,-0.64535931631125376,0.049707104401072809,-0.23005939973919107,-0.19834955853261563,0.95274872092360186,-2.9334933825783698,20.350755261553683,-3.3955507832258958,,0.7091189490814022,0.9336734693877551,1,4
-0.10460005453115151,0.98754590959019395,-0.11752406155232914,-0.98792937058739794,-0.089603048797982685,0.12636001098802555,0.11425579776478618,0.12932273619817153,0.98499809267802629,11.760249218317345,6.9785313200325918,1.4791976584430235,,0.2398597053901296,0.1666666666666667,0,5
-0.63717416651053693,-0.69378081226754107,-0.3356743452529436,0.74412677816185757,-0.66719724621480891,-0.033513768302426555,-0.20070978938271941,-0.27113837642938993,0.94138172983820867,-21.939436189831966,-12.759554435286116,-5.5171140982075091,,0.3892412533876657,0.2,0,2
0.97230370988611525,0.061266287102905888,-0.2255480831359932,0.033553335264040363,0.91844490540984958,0.39412324140977978,0.23129995554334964,-0.39077538022669361,0.89095170058445217,0.93502700928147942,11.880234404708142,-1.7508937236614839,,0.7914578021219636,0.5777777777777777,0,1
0.96794068324577043,-0.084897536317872196,-0.23639636639522477,0.11976503238090148,0.98326763236339876,0.13726288706448272,0.22078761454509038,-0.16117435116553414,0.96191250006944828,-7.9976880241585313,5.5961951052219252,-3.8436251033008788,0.1847817255008854,0.1082887080764242,0.5352112676056338,1,5
-0.94892789416832279,-0.1488002150989261,-0.27819839621354148,0.18028577175530264,-0.97938596054138838,-0.091105328038586106,-0.25890711108787312,-0.13660759964561542,0.95619321873102414,12.579318279358699,-4.6578266590060604,2.737969532410844,0.2855628791645236,0.3554531289126813,0.3333333333333333,1,4
0.10227895426102339,-0.91147409359055087,-0.39843944612520082,0.99101674387540073,0.058668375739752025,0.12018250724069432,-0.086167446717839657,-0.40715230369156047,0.9092866284757436,-12.936158614046438,2.0782567932448015,-4.8088632129123789,,0.2501147538558992,0.1052631578947368,0,1
-0.4913459042963389,-0.80128446331478387,-0.34135379180778358,0.83946585718722588,-0.54013716267737555,0.059572813528911493,-0.23211263849288533,-0.25728399550919073,0.93804513148712509,4.4939432342951884,4.5848963202111914,-0.31327025420651716,,0.5047457450319476,0.4651162790697674,0,6
-0.18877307903939819,0.96232967289681914,-0.19566891754258289,-0.98010757329671805,-0.17219608825910582,0.098679541723099784,0.061268828913272372,0.21040462887152289,0.97569258619353705,-3.156704743858656,-12.633352305598768,-1.1176930176462128,,0.1011568114291832,0.3947368421052632,0,5
0.56179761086605184,-0.77154697519619031,-0.2984940694399234,0.82609569941422678,0.54246311238146183,0.15264228481891151,0.044151328796722469,-0.3323387379933721,0.94212611862449547,-6.2871950378382433,-5.2526150214147007,-2.5890649241150472,,0.08738795383215195,0.2087912087912088,0,5
0.77298958534873352,-0.58081563237640566,-0.25522598247354927,0.623583416950375,0.76962639021224888,0.13718214750235286,0.11675111582716004,-0.26519506156046507,0.95710018089908111,-9.100126798051436,0.60840124292608855,-3.7473903205014536,0.4845251138451597,0.4621835045226994,0.8124137931034483,1,3
-0.078439763956006991,0.99324469263657045,-0.085511309075525357,-0.9921097628702138,-0.069358641034811333,0.10443944336988827,0.097802974638473067,0.093028809855271927,0.9908482319148465,-10.676463726167452,7.2204477874363695,-4.6732320082704488,0.5690409887315954,0.4350373667761032,0.5698924731182796,1,2
-0.97171246367855113,0.038545565179111251,-0.23300027325474418,-0.050584116635310261,-0.99766390176053688,0.045912811590771291,-0.23068622645487077,0.056400164263654622,0.97139224126768031,-8.4855189999241656,-7.5038532871929418,-2.9663670543497731,,0.290660495579585,0.4067796610169492,0,4
-0.89196028689911733,-0.35526620888344163,-0.27962969695729861,0.37363910240161652,-0.92747615848186027,-0.013483197107714898,-0.2545597528113161,-0.11650706533647577,0.96001324781240582,-6.2391494508697258,16.902114325726856,-4.0929716211151899,0.3541830043964377,0.1374677950450678,0.2631578947368421,1,5
0.46881715151992415,-0.83286281564716624,-0.29419382854339199,0.88312949312658484,0.44841866350396453,0.1378513713798292,0.017110722098314574,-0.32443833394590199,0.94575207673876205,8.9796438394046572,8.4016425812465148,0.62695005918978164,0.6522620897377813,0.3978540751669248,0.6,1,4
0.81310519510068846,0.55132562066336477,-0.18681542147378011,-0.52394950965860587,0.83298213299619894,0.17781360307245556,0.25364710333212415,-0.046699315939932505,0.96616888837405879,6.3246163576681891,24.76618771091951,-1.5224963754696874,,0.2218324684861384,0.1428571428571428,0,2
0.9430543708929231,-0.20849905865914212,-0.25918448271068462,0.25897543433909936,0.94920708129129461,0.17871105515702487,0.20875865957758125,-0.23565665567667288,0.94915002116981362,4.0214986214734667,7.7483154406501056,-0.54220749473101493,0.2294770757557913,0.1461755121957304,0.2727272727272727,1,5
-0.5092965982856914,0.85146771374336017,-0.12497882791608712,-0.85982948891570687,-0.50955972895716295,0.032282078868279364,-0.036197029789448561,0.12390163468557824,0.99163408571744038,2.7129186128243461,8.4913669941883043,-0.89593128722382298,0.7046367688338983,0.8064165122988696,0.4884615384615384,1,3
-0.32165193952326315,0.94152976791217691,-0.10030815488366009,-0.94553710610445751,-0.31380199540398401,0.086532587272572722,0.049996107653801219,0.12267845701556264,0.9911863525108433,-10.347353780560017,14.66489765973386,-4.8970860487782319,,0.1543234942546042,0.3142857142857143,1,5
-0.70087134200758106,0.70693715145085512,-0.09496960487989993,-0.7076715110020515,-0.70583707500664716,-0.031544509223248793,-0.089333053617164232,0.045098641272357631,0.9949802601493265,-11.16600400258111,5.6040079862839534,-4.6970730193314179,0.7354999895079279,0.5877486261964432,0.9778357235984355,1,5
0.29454207072867777,0.93886135807685411,-0.1782815719050822,-0.9388544343666072,0.31909964906294558,0.12933586137673728,0.17831802948950543,0.12928559191955422,0.97544242068970399,3.4364676880126384,10.267342759585762,-0.90488710651131499,,0.09763963764100961,0.4098360655737705,0,5
0.96856243667482445,0.05112793837244977,-0.24345993547257413,0.012099205555536894,0.96781269120177482,0.25138059585756301,0.24847618696255758,-0.24642347426039085,0.93676841099921104,-8.571311337456935,-18.637441482082615,-1.7275141381780046,,0.2232649238990451,0.6060606060606061,0,4
-0.63354049198773055,0.77352594672621722,-0.016853923971974164,-0.77273493491816969,-0.63368532928013999,-0.03638164114127973,-0.038822227769104746,-0.010025626984368152,0.99919583737854589,14.005964684581999,3.0017902580038909,2.4607080160130739,,0.4629393534808515,0.1538461538461539,0,3
0.7916128223620631,-0.47438742246522975,-0.38510480765470045,0.59821873702043993,0.73006566652097138,0.33036111339708141,0.12443264101367452,-0.49189500503063172,0.8617167875098386,-3.2304727923418399,-3.3324268297632864,-1.9275894648308174,,0.5633649368420932,0.2483660130718954,0,1
-0.12935113655701025,0.97300575373823861,-0.19112322376858043,-0.98838572229402799,-0.11101069804758638,0.10378000233331651,0.079761816909629538,0.20232752682537494,0.97606435466725483,6.6155985992477238,11.122813468466187,-0.19718431086274849,,0.7237960017595486,0.9357541899441341,1,5
0.89357475641669526,-0.37442550305262967,-0.24764833405179654,0.41575196762777722,0.89833764167433916,0.14191470313050683,0.16933533626646513,-0.22977167844356555,0.95839997896324658,-12.255968379992776,-4.2748108352737626,-4.2450280007657728,,0.1003038438224689,0.5056179775280899,0,4
0.66712377886464769,-0.67057032400266814,-0.32447080645307452,0.73984242653639698,0.64730407993433048,0.18338650985583832,0.087057725504909686,-0.36239877023429024,0.9279483195537267,3.8234360396649185,15.540247917187253,-1.3257076333809157,,0.4720202809139694,0.7948717948717948,0,3
0.25799244162997398,-0.90200998346004924,-0.34614720828024143,0.96506927040170232,0.22367980929614173,0.13641351193912926,-0.045620208111425017,-0.36924968876309444,0.9282098167764804,-17.437528467384229,-10.097118368028845,-4.9056881082364479,,0.4895155131416964,0.625,0,1
-0.61005940506778034,0.77088602991443911,-0.18320003048880823,-0.78993888425197278,-0.6097635665893002,0.06469120502081116,-0.061839157781250098,0.18418230572737049,0.98094484902152124,-12.980590022625153,-16.296790691384622,-3.016828040621879,,0.07284475056909701,0.25,0,2
0.36799838200083856,0.92743862905920393,-0.066594145189715653,-0.91004071375161344,0.37393893090239727,0.17887307027617652,0.19079593852914914,-0.0052216170250278379,0.98161583348906156,2.5431289823679313,-11.288824007941196,0.27874528700324236,,0.2164406553273124,0.2916666666666667,0,1
-0.94685361093709708,0.25795882157751815,-0.19216005262727587,-0.26300926103972022,-0.96479297412331688,0.00080354814710915977,-0.18518738634885357,0.051300715907505734,0.98136327039718441,12.366015346102216,8.1681543710189128,1.4853735903013254,,0.1315871673154284,0.1666666666666667,0,4
0.78551454076362603,0.57995134752720745,-0.21592438665024999,-0.56369302859415338,0.81453016670241707,0.13707945522974851,0.25537634143213339,0.014037166135290441,0.96673982136024039,6.5089760732251793,7.326910803361371,0.18705576896638815,,0.06994908166160357,0.3809523809523809,0,4
0.12887907717804054,0.99165260466099303,0.0039108994880511627,-0.98158580945955809,0.12700804327735313,0.14268235914254859,0.14099461739145175,-0.022227654215571078,0.9897608040606134,14.914634561102631,4.1869459248830676,2.6077881844408042,,0.3060774019906562,0.25,0,1
-0.63917958672975128,-0.6582949157516228,-0.39761446126058758,0.72078770253284286,-0.69306464298951498,-0.011246711307834657,-0.26816887176816373,-0.29378428231166365,0.91748365199670456,15.549699909609226,4.4333027365883888,2.6930618958308439,,0.5444557499822623,0.1818181818181818,0,3
0.68050677981434715,0.72574302966708226,-0.10103255671490508,-0.70243408981560407,0.6853740150352865,0.19196043597401541,0.20855903742497084,-0.059661666118657739,0.97618830842430926,-11.213044357668123,-13.282822494976237,-3.0793681433723736,,0.2075991870890023,0.3125,0,3
0.88187001606276516,-0.39897150033058754,-0.25125090386587445,0.44215667419724147,0.88483057445068258,0.14687521908106449,0.16371545508073879,-0.24061711585262635,0.95671346458930484,-13.209228108401344,-1.1278210269299758,-4.6805482843794382,,0.7091683098625694,0.5922330097087378,0,1
0.68738482892376762,0.70540538284672727,-0.1729316131200562,-0.68139013178319707,0.70876202755579032,0.18265781287282212,0.25141516516296347,-0.0077223147998184529,0.96784853183760755,13.392549067764643,1.8491945057855164,2.4542409347415659,,0.1554956323225626,0.1666666666666667,0,4
0.18292152872217771,-0.90463380762272283,-0.38493816183376184,0.98071422968020394,0.14048618228155804,0.13587947707699213,-0.068842675955438179,-0.40236961452620501,0.91288519501267362,-12.77257325929769,4.7646735228523864,-5.0070259179742687,,0.2630746486900655,0.3125,0,3
-0.67792882878637883,-0.61864505602301223,-0.39710300648397662,0.68620618388116694,-0.72630813762185054,-0.039969518730226132,-0.26369219992934118,-0.29959102770704521,0.9169032881464988,-9.784322438443315,16.792758074206994,-4.9494144679791301,,0.3401982692938733,0.1333333333333333,0,2
-0.9627430256632683,0.16272410441231305,-0.21597854611036552,-0.16494668337037055,-0.98627148636444384,-0.0078196438274019901,-0.21428592623373879,0.028096637302057352,0.97636679623513756,-14.380046091352234,-1.9134344591291277,-4.9048517732068362,,0.7571660722761031,0.2978723404255319,0,1
0.8152404140380306,-0.4843879278254446,-0.31741361454114148,0.56334408824186499,0.79037164884823707,0.24074072139931196,0.13426282270994536,-0.3750746486686235,0.91721998580714903,17.332726521440883,-6.6477850062247601,4.3033577216113557,,0.07730156260608279,0.2631578947368421,0,3
