axis_00,axis_01,axis_02,axis_10,axis_11,axis_12,axis_20,axis_21,axis_22,location_x,location_y,location_z,dbh,dbh_approximation,score,reconstructed,number_clusters
-0.75571704445468058,-0.49397641372827705,-0.42997564047377401,0.60653025846095399,-0.77555446373017134,-0.17503233803927293,-0.2470076806335593,-0.39306815753550439,0.88571136903602699,-6.1955536141168626,-32.313581476054139,-0.057280655981421617,,0.7328608965663188,0.8333333333333334,0,1
-0.48828445218838323,0.84627921725545019,-0.21304877421049181,-0.86931209635688234,-0.49312203860830306,0.0335728188627928,-0.07664706699341442,0.20159896200202529,0.97646458493947086,-14.768558067053643,-13.730398728946588,-4.0463774607759309,,0.2350764706500433,0.6779661016949152,1,4
-0.5943914960011385,0.80003368520832863,-0.081515961710027673,-0.79922960932538434,-0.59891816343946136,-0.050289810895422137,-0.089054932817465696,0.035258134299544039,0.99540247282523509,-11.179410280646058,5.7738235192628,-5.3472208883899777,,0.06963849898540592,0.390625,0,4
-0.93525425124035855,-0.22139186873955977,-0.27619762126572139,0.23594601519494782,-0.97155652444479035,-0.020184095778253835,-0.26387300629367677,-0.084044989528024736,0.96088889903295915,-0.35290838655519569,8.146725505567078,-2.9381420518986037,,0.07622202186872219,0.2857142857142857,0,2
0.0050178230351559105,0.97816078930297179,-0.20778905582868507,-0.99659418630628815,0.021995082589815564,0.079474802059368979,0.082309472556301513,0.20668257452445213,0.97493972332419032,-19.665598657578116,-10.33883895110151,-5.6081285582093372,,0.1045534003639658,0.1666666666666667,0,1
-0.62515437441857225,0.75559388509721348,-0.1956013521145045,-0.77443968587612633,-0.63167682165456851,0.035036636888678266,-0.097083371827569528,0.17338475650437477,0.98005741930078161,-18.133834573880986,8.6399981410213087,-7.2887603144039748,,0.09908174518607495,0.1304347826086956,0,2
0.51397520810950803,-0.73980549694910513,-0.43418580369776677,0.85534253720574593,0.4803255188532588,0.19410445637538809,0.064950977631019119,-0.47114246531408677,0.87966251931211625,-16.886301450491903,14.862535363023005,-7.7645386543580486,,0.4571590760655231,0.125,0,1
0.83203958738991934,0.50878297830787522,-0.22102037462682148,-0.49068519124912124,0.86088774368242649,0.134537488701826,0.2587241158161061,-0.0034890917942290087,0.96594495605786235,2.117210947545737,-6.3711756007088862,-0.50681415643723693,,0.1215363717322105,0.2727272727272727,0,5
0.86773687388268428,-0.36734238897956689,-0.33480186224555541,0.46278134279431538,0.84284739880100201,0.27466650887189609,0.18129022716571805,-0.39327831314880507,0.90136897103296898,-13.265640657584381,7.0759398563174081,-6.0310174415627511,,0.17787105535244,0.1486486486486487,0,3
-0.50689777793022195,-0.78228428098594327,-0.36205793245240581,0.83785410509018743,-0.54585696753642921,0.0063772702198032485,-0.20262068332953126,-0.30011910088203497,0.93213378008354253,0.057059793440290586,4.6167673278555714,-2.3500203173135703,,0.2253242363696023,0.2976190476190476,0,2
0.87594740380499969,0.44266431422809682,-0.19174058171459302,-0.38460293423908321,0.8807496485281735,0.27633428957005585,0.29119877874395222,-0.16831031319104811,0.94174036216547663,-19.663909901933504,2.8983870808894308,-7.1142506617921093,,0.2676313666333953,0.2307692307692308,0,4
0.51451184126837468,0.83127655475114648,-0.21037313211456396,-0.83320702546139391,0.54263041289156111,0.1063874415845722,0.20259224544982871,0.12054677318866268,0.97181523838505357,-12.01881712607211,-11.201451213066017,-3.5697106269210379,,0.08064204012790011,0.2058823529411765,0,3
0.90342575105481016,-0.28023337477327454,-0.32448600585269438,0.37040032693683739,0.89129929044670142,0.26151323609770016,0.21592941007685196,-0.35644751438660494,0.90902126452106424,7.3007216527483978,5.7474268059626796,-0.60979883411795377,,0.1890199214688719,0.1666666666666667,0,4
0.95098197294503528,0.18701892012871188,-0.24628684627372632,-0.16407143386657549,0.98020626484756179,0.11079820821004804,0.26213327091869432,-0.064958462631759209,0.96284295002351461,-21.690980728731628,-19.900339044431608,-5.2098089426634813,,0.4259497790242738,0.7555555555555555,0,1
-0.87500854422758778,-0.3982331802361459,-0.27526420342595198,0.40622841172235757,-0.91328048070981716,0.029953982439345227,-0.26332209371461623,-0.085610149593674162,0.96090185619984136,-17.561724289691607,5.8418886288599623,-6.8827357971363012,,0.08952331692628214,0.2777777777777778,0,5
0.89279371858869705,0.42998016414001933,-0.13429979335312037,-0.35802858256023212,0.85825098270222,0.36772378867920275,0.27337686463649363,-0.28021832405607949,0.92018627502518435,-7.1306521789735546,-11.152202146861283,-2.3499332599541787,,0.4412813711305671,0.2352941176470588,0,2
0.53675298344270284,-0.78576466944135204,-0.30735991772363896,0.84038028531609388,0.5303553505325862,0.11173261929042951,0.075214432241426599,-0.31827203210332822,0.94501095377959476,-17.419076413713757,-7.81573874836368,-5.3104636841894513,,0.1333735285787709,0.5909090909090909,0,2
-0.0077576759701647935,-0.82502855450531087,-0.56503778874905375,0.9965176805444006,-0.053290696105820767,0.064129666075584596,-0.08302006279177862,-0.56257264949465446,0.82256895347114489,-12.304108668367762,13.364664079028321,-6.6534592320708201,,0.4353803685822796,0.3125,0,1
0.47548829983551461,0.86377637086625203,-0.16673709201212053,-0.85867188208503198,0.49691218129056447,0.12554235540884787,0.19129421223884419,0.083478531480733698,0.97797641032171101,-14.424931962191801,14.468649517842989,-7.1979131995190464,,0.08177169021206811,0.3,0,2
-0.40219605182671248,-0.82918406388311883,-0.38819083463843035,0.895825786391656,-0.44394885587269495,0.020138863053734416,-0.18903570120687868,-0.33965158850151411,0.92135894313650768,-14.45120518286077,7.2165901757827582,-6.3031038126751122,0.7063522283523688,0.439097431353374,0.308411214953271,1,4
0.93490316419841313,0.26126009608756245,-0.24020665220620546,-0.23527513028376448,0.96296973748973402,0.13166205888148275,0.26570977897275988,-0.066576624060334114,0.96175145775141746,-17.679465087436263,16.535373785585961,-8.1292296031116162,,0.1622798437921053,0.3225806451612903,0,2
0.86358779540960273,-0.33647989052886057,-0.37549620888801138,0.467874463727871,0.81235548148846415,0.34809777058608615,0.18790850382816657,-0.4762980736527625,0.85897062768393206,-7.2745756992844282,-9.853106406713934,-2.4926364115679003,,0.3582082876074526,0.2162162162162162,0,1
0.42370272532389758,-0.77379712869898998,-0.4708651655944624,0.90416578590046714,0.39252652176074737,0.16854424143648541,0.054408015586790828,-0.49715282693715857,0.86595544602958585,-9.9738912250571889,16.678522985459871,-6.6074057474013745,,0.4462494398884136,0.25,0,3
0.96917827931453637,0.095854726206406712,-0.22694786707261502,-0.065251147731563167,0.98817996347593384,0.13871787016969248,0.23756209845980955,-0.11963373791952144,0.9639771875551697,-23.889071318190645,6.1160080152366589,-8.3663213808269141,,0.08955815572065903,0.25,0,4
-0.95390281178488501,-0.12227969224940961,-0.27407499435789673,0.17514882408279955,-0.96840216064517148,-0.1775391356298015,-0.24370538584796192,-0.21735899365141101,0.9451786882846771,-13.164464640060579,-5.2013023583780322,-4.5246897842718319,,0.3774052514263732,0.103448275862069,0,2
0.13406982304546672,-0.91442055872519923,-0.38191664578707901,0.98419573133220273,0.077874714854741442,0.15904179077765873,-0.11568943329461476,-0.39720343725475071,0.91040945978003951,-26.510786474647855,5.4592363509284221,-8.9618294860295649,,0.2727492398323823,0.2380952380952381,0,2
0.95517874269420977,0.12740894554692198,-0.26720877624009798,-0.080685534056089497,0.98051646515432067,0.17910138512965215,0.28482172336251482,-0.14951395304752613,0.94684854319205125,11.943316808591732,-3.4292003448055408,1.6881389002492591,0.6774792054600236,0.3309371486328034,0.3859649122807017,1,5
-0.0054444218126712043,-0.91147499517532038,-0.41131945181485963,0.99621855804735415,-0.040611158625900118,0.076807020493661546,-0.08671183813746236,-0.40934590136608523,0.90824940966763679,7.5962292660012762,7.2289340433906242,-0.74503898964907223,,0.3653800205126134,0.2380952380952381,0,3
0.95133750365903347,-0.15379812159805403,-0.26702638806812357,0.23020853154350043,0.93075242556070936,0.28408441406990437,0.20484380912388617,-0.33173190999022972,0.92086532878475258,10.896217888887691,-1.3344853009248259,1.192572703267424,0.2965072095107223,0.2901380531875887,0.3181818181818182,1,6
0.55107016730248448,-0.78865591281597525,-0.27266008488521859,0.83075715532644534,0.54925511492608936,0.09034028780916456,0.078512544113193361,-0.27629815400746194,0.95785965073644508,-23.921439444574112,3.2197583102488956,-8.0460255625187056,,0.2341531531526412,0.7321428571428571,1,4
-0.92949011131416026,0.27477479924057435,-0.24606288357144268,-0.29115902123814602,-0.95613474139690913,0.032136904728242342,-0.22643886000604263,0.10151436349684356,0.96872094882014181,5.3827805436814922,3.7948312815124381,-0.89059059280454711,0.2356159130768204,0.1169439736040633,0.4166666666666667,1,4
0.54974783322766341,-0.69638504511022437,-0.46132980481247887,0.82902162938972179,0.52259184041224538,0.19905000964218203,0.10247174179011373,-0.49187969797641862,0.86461199670900202,-3.2398478197069331,-15.268560419474653,-0.95370316612419737,,0.5127490002433051,0.2352941176470588,0,5
-0.23101956479703672,0.97104330245893189,-0.060867605757413672,-0.97294890293404424,-0.2306073052518928,0.01380952728737783,-0.00062686555831963824,0.062411341229880381,0.99805031512717823,7.066218158547704,-2.5444686558313334,0.33135889390986045,,0.2235320808672611,0.1739130434782609,0,2
-0.83194892495198214,-0.45690352167311737,-0.31480177597012315,0.49143125387424152,-0.87018201234427728,-0.035757350405951363,-0.25759718357705536,-0.18445172071619834,0.94848366023775099,2.0795252336580505,0.81387117426335165,-1.416360451426564,,0.1469848135322822,0.21875,0,1
0.21638029322277613,-0.82820810961342239,-0.51696314750220596,0.97604483866198644,0.17118635931291029,0.13428217791832439,-0.022716549608662956,-0.53363522893054305,0.84540960535004839,-12.345678809346028,21.504895849704624,-7.4440777879092144,,0.3199967097630259,0.5185185185185185,0,1
-0.9193705995058612,-0.27737560532199224,-0.27896321323158696,0.30571897961253858,-0.95004086683435973,-0.062914679124084674,-0.2475754557077533,-0.14312625516262434,0.95823862832502316,-10.592395961691764,4.0109003106100776,-4.9826650853535348,0.3291748444075568,0.2682162667366567,0.6823529411764706,1,5
-0.95942606428860733,0.00022442048487952187,-0.28196023974865803,0.010970412112551706,-0.99921278318790829,-0.038124322577014903,-0.28174683178654464,-0.039670688793131292,0.95866832597563401,4.6823476240834809,-2.6555947608142936,-0.30682386691611385,,0.214348630692557,0.2894736842105263,0,5
-0.81238103955789376,0.54872655846676754,-0.19732260539545812,-0.56073091544031184,-0.82797595293754878,0.0060549010418352112,-0.16005588722788139,0.115563771963249,0.98031991083182657,-16.713424928339467,11.724164895164193,-7.3104790721889428,,0.2675901360230658,0.4782608695652174,0,2
0.95981800983031607,-0.031617995817400289,-0.27883631461103187,0.14677006726543296,0.90345693303482011,0.40277055193523886,0.23918180399075464,-0.42751125422824543,0.87179481080580001,-6.3622175470235733,-10.41923182113119,-2.2151633272418128,,0.2103122300880831,0.3571428571428572,0,1
0.88859170438447077,0.41015916424674964,-0.20536368443205857,-0.375800536406449,0.90768007820329777,0.18679087897828819,0.26301851595605857,-0.088805042746818136,0.96069502166244691,-1.1032864996238023,-16.205758920316693,-0.26503667350293891,,0.1397376160790197,0.1666666666666667,0,1
0.41285831532195932,-0.80719375952055783,-0.42188416189824052,0.90956240966158208,0.38949378320723149,0.1448820754045643,0.047373351160006634,-0.44354574446609824,0.89499884813662445,-14.930174967325867,-3.2864257027064934,-5.2105466028352208,,0.2541426431770891,0.3192771084337349,0,2
0.44153379874063997,0.89406235471688822,-0.075501062560431154,-0.88054031954634804,0.44793840912541344,0.15491909915633351,0.17232716043292839,-0.0019202885949229902,0.98503789889975124,-16.570143752244558,7.4995182181433044,-6.8201808226496761,0.6956296408697734,0.6765522008941384,0.4814814814814815,1,2
-0.13506009655319703,-0.88750097976076747,-0.44056870206895038,0.98410411057380098,-0.17190107116527922,0.04459956596176877,-0.11531639029552405,-0.42754184901119108,0.89661033759002706,-16.480049919098768,-3.3412694262305833,-5.5521674998653943,,0.2032828780814896,0.2,0,1
0.29154636441155768,-0.90315531758108425,-0.3151367793885923,0.95655557290504822,0.27476457724299203,0.097498015553010769,-0.0014674272378803414,-0.32987103452332839,0.94402486579528766,-5.9236385135651695,18.919024359948821,-5.6519987319943388,,0.2561185670376457,0.5365853658536586,0,1
0.96381063728764915,-0.0079482646327615255,-0.26646928629863464,0.056233032274051853,0.98312669011664444,0.17406825460593589,0.26058952690475029,-0.18275321137977046,0.94799491675743686,1.4219001731411882,-12.916924009813163,0.054839468838563409,,0.1189250621929384,0.2857142857142857,0,9
-0.94213495251506585,0.27567650176729519,-0.19074642230663238,-0.28114028583128714,-0.95966526132209284,0.0016510282554798065,-0.18259756551535905,0.055181995115659535,0.98163795590987524,7.4862791980288597,1.7721072097944568,-0.13249342113396986,,0.2734215743955901,0.1428571428571428,0,3
0.075776526108714617,-0.91817298239949696,-0.38886539121206032,0.9938770567603753,0.03809872894368075,0.10371539373791133,-0.08041339525370951,-0.39434358273527081,0.91543805067261752,1.7578612141860479,10.512146354524049,-2.6628207029388382,,0.3971835179518798,0.1904761904761905,0,3
0.62876745931079425,-0.64900909060194645,-0.42829742285925959,0.77089477128723372,0.59241423039235175,0.23402271520226711,0.10184661856857415,-0.47731811189674339,0.87280850496628148,-4.4037253062946444,17.255606607376752,-5.0448754996196268,,0.5901502514933703,0.5,0,1
-0.96555800246978485,0.10533234403904713,-0.23791351614777534,-0.085782527018378671,-0.99213924933542186,-0.091110196940222238,-0.24564018792717746,-0.067563357135245777,0.96700366640862079,-11.476209599068396,-5.0516188570136613,-4.1433017585374339,0.7134353902675041,0.2126370968356787,0.3636363636363636,1,1
-0.40933622590080571,-0.87271340513589268,-0.26611119228886565,0.89420834159234519,-0.44166537683741075,0.072959829562145542,-0.1812051213182288,-0.20809374666045335,0.9611772451576569,-9.578290569976593,-7.7268725907773836,-3.3288715582443453,,0.1016444812233641,0.4691358024691358,1,5
0.69518321254443671,-0.65933481070968658,-0.28635276912022045,0.71388245272666029,0.67992150791223827,0.16756666365156248,0.084214872115108558,-0.32091174871726036,0.94335756998598663,-3.9263119936599882,-23.585381862015652,-0.25004636429045551,,0.1242691979125998,0.1111111111111111,0,2
0.0075622392246258987,0.99384888903362023,-0.11048619056040586,-0.99652340247494764,0.01665751912943857,0.081631093194983018,0.082969397115232477,0.10948476068884275,0.99051964459027442,4.0395079876686433,3.6113541442900465,-1.2053678057479789,,0.5552556238877542,0.7727272727272727,0,1
-0.95637925048522154,0.18670723218976804,-0.22467562994094839,-0.17183417200144968,-0.98152068891907096,-0.084203055505179633,-0.23624509851825942,-0.041923104272802179,0.97078870345417057,-3.9087663400156036,8.2347225208927792,-3.8281417115894723,0.6495972528250542,0.488368479038125,0.5666666666666667,1,1
-0.076637569079030438,0.98019496876675893,-0.18260478145434658,-0.99534272570235882,-0.064470409963516342,0.071668853978107863,0.058476844964960799,0.187246867646615,0.98057078742917647,-17.882777166985239,10.480877010438141,-7.4700909801159625,0.6282826934130088,0.5717351195029534,0.8421052631578947,1,5
0.057387097822663324,0.99594621707235653,-0.069266541004685267,-0.99236899365826226,0.064490121715594012,0.10509426543249159,0.1091352437536985,0.062706912700032896,0.99204704609733629,5.9351440651487799,-1.2519138878014016,-0.09385708183479656,,0.3175525565621724,0.28,0,5
-0.96451524277230849,0.12130837492355098,-0.2345093273907915,-0.12866394330230044,-0.99155485024858991,0.016265566156705397,-0.23055571160519242,0.04586128129373316,0.97197778098283694,-6.0629420725961243,-17.378161583822788,-1.4590247590576362,,0.324226622115431,0.3333333333333333,1,5
0.69561648317048097,0.68672876592521792,-0.21100073552563817,-0.67815740642338551,0.72461313262774507,0.12263091020013731,0.23710807758201735,0.057787629076078879,0.96976303779383466,-4.0676549271917679,-0.61376938041439388,-2.8189731134112739,,0.07233878018060841,0.303030303030303,0,2
-0.045627202438314446,0.97492030282956466,-0.2178269072643777,-0.99634116000427364,-0.02863815575080245,0.080524213231374306,0.072266529451691028,0.22070400804222726,0.97265990436282757,12.747976680893398,-2.7612016243807389,1.7671769858639583,,0.0798849913434807,0.4166666666666667,0,5
-0.96183588914776896,0.12857934223109893,-0.24153483206100787,-0.1348339581546571,-0.99082289495315423,0.0094759994195363836,-0.23809982376236544,0.041681453766259577,0.97034588180517467,-15.000648919374932,5.973201220672788,-6.2547238876380842,,0.13412067999067,0.4140969162995595,1,2
0.60273048833758924,0.79787433764401239,0.010606590284416519,-0.76837128049669279,0.57675545519357119,0.27741434752429567,0.2152243799763528,-0.17535588451371306,0.96069182365116923,0.050087305233592533,16.678775365436451,-3.7728524389605034,,0.4410912661238174,0.3125,0,4
-0.41402251312145483,0.90999316780579764,0.022311279106431117,-0.9096167796064728,-0.4126766169501262,-0.047909540604654285,-0.034390011441477762,-0.04013034225332638,0.99860246481955306,-11.817968103063512,-15.729279119907213,-3.119943539956076,,0.4769392124477456,0.2222222222222222,0,1
0.95529170734981439,-0.089153743821653947,-0.28190311071582747,0.15143513561546246,0.9664360958691256,0.20752993109999623,0.25393927142095152,-0.24094165800837675,0.93672939735356398,-0.73094932887961916,-5.4814254465257228,-1.3467790632536631,0.1043476589899568,0.1342981104774786,0.1515151515151515,1,5
-0.26434354303896374,0.94301975099408664,-0.20207978743224161,-0.96439650046483461,-0.25675784639195898,0.063362435301562062,0.0078664569400107229,0.21163449045752342,0.97731722654622055,2.0836126530451242,-2.2303544616336803,-0.9696413325860278,0.6023161405287365,0.4582847672340831,0.948943661971831,1,6
0.43656653960974745,0.8892132208019724,-0.13678269058676409,-0.88395409080416776,0.45224810194402182,0.11873002837786105,0.16743602313644787,0.069076061258680821,0.98346005303583051,13.637408284457978,-1.2083880625868777,1.7995248506583565,,0.1376862578426375,0.2631578947368421,0,9
-0.30672322626798249,0.95085263718734336,0.042427877882769006,-0.95179436304250875,-0.30628156531651429,-0.016706083555743396,-0.002890146755058253,-0.045506758851195567,0.99895985001930587,-12.726586419482288,-17.007327950966705,-3.2103631543667515,,0.4091328342412704,0.2352941176470588,0,1
0.9493042295368157,-0.11306654579240308,-0.29332138688831894,0.21317782575911762,0.91729601853684695,0.33633796839052182,0.23103396803961032,-0.38181667145244308,0.89489627053242837,-14.250840795894995,19.795476028334406,-7.7886969585228405,,0.5589684654412092,0.2142857142857143,0,1
0.42104891136239914,-0.85387998112296348,-0.30595227091490407,0.90658485835902358,0.4068349969513031,0.11220151447187664,0.028665464145695329,-0.32461402171360598,0.94541209431243844,4.9222297825950303,-9.6274268961836071,0.58786122402716201,,0.2693745650060878,0.2909090909090909,1,5
-0.87464064580605516,-0.40372759029926686,-0.26834264203647401,0.41319765873244596,-0.91035426326456581,0.022865042620908025,-0.25351811675301045,-0.090879855783215863,0.96305213581136406,-7.7979074047209957,-18.081648461796583,-1.8521674370869607,,0.12579486101757,0.2,0,2
-0.43601532939720672,0.87421743168197952,-0.21362236463911954,-0.89901533612813422,-0.43387177342549743,0.059386106380463571,-0.040768344791801366,0.21794303468562029,0.97510962239891741,-13.285784104651443,-8.4373212202868704,-4.1688797346023136,,0.1198046978915752,0.2692307692307692,0,2
-0.80684209806054841,0.54373866474357035,-0.23098504986282342,-0.56706582541590322,-0.82245732578858877,0.04472467889278639,-0.165656809225073,0.16706948171213568,0.97192880903788703,-4.9055668222021485,-1.9384613952956449,-2.8172308636781089,,0.3235512496928036,0.8793859649122807,1,4
0.93914155826505696,-0.18454836302388836,-0.28974995296752937,0.26011875785396404,0.932949745035071,0.24888351703459216,0.22439109909261817,-0.30910625186851265,0.92417636828897964,-3.9052971167842236,-10.982213854911508,-1.5483437041265016,,0.1243498373590815,0.3636363636363636,0,6
0.71715421561907933,-0.57616863629176818,-0.39207082724103148,0.68419311979661479,0.68907958390295665,0.2388495381429547,0.13255038982499315,-0.43954411564917117,0.88838694528647255,-8.9627662197588567,-0.76886889375050849,-4.0291003862135399,,0.1284935549308215,0.1572327044025157,0,3
-0.077096938614340818,0.99367520985242219,0.081643367036409176,-0.99517347614339813,-0.081681714004588679,0.054386119349870941,0.060710908714681495,-0.077056310072685416,0.99517662283688135,-18.568919826905073,-9.6150149522390791,-5.4173112572168263,,0.4928734476939834,0.3333333333333333,0,1
0.93287562758663833,-0.24643410167358279,-0.26270381989451685,0.29016318063339541,0.94627588116365824,0.14271399837666457,0.21342069266954428,-0.209361386746165,0.95426380926878673,6.9074247501468307,-6.7622316523825559,0.8006121921635353,,0.141145004980744,0.48,1,5
0.95102292913841535,0.18004469885832902,-0.25127533636631283,-0.15549593003921774,0.9811762297492953,0.11451734329872539,0.26716362775315949,-0.069836327136906212,0.96111730991476785,3.148677919296766,-10.25556812402656,0.23239211283652408,,0.1289138105808433,0.2352941176470588,1,5
0.73128688786510787,-0.62669298218352909,-0.2692125437613922,0.67166687633284594,0.73033881099692166,0.12437374477308227,0.11867221609897584,-0.27177403708507047,0.95501611394396924,-11.188065792535452,-3.5357547980396982,-4.2424010432765975,,0.7860190951400142,0.986420423682781,1,3
0.71432944560633649,-0.60902801374570259,-0.34470033596256855,0.6874398629243742,0.70287761142143557,0.18272793498809733,0.13099571749588185,-0.36748869620093222,0.92075630878223003,8.9294142067953288,-4.262798402915652,1.0209860366325321,,0.09958121558712789,0.4166666666666667,0,5
0.35702432321453315,-0.80019562234879293,-0.48189272520658777,0.93393110940111168,0.31545849913649504,0.16810299882916516,0.017501872071663326,-0.51007146685182969,0.859953942474601,-10.460568190163064,-11.318983812348964,-3.1579536911842676,,0.3068216719880387,0.2941176470588235,0,1
-0.51008440500526642,0.85704028264825238,-0.072772616337643189,-0.85883336914186503,-0.51212639903248613,-0.011480220487892065,-0.047107789364977184,0.056643669833630825,0.99728248297507061,-24.170239776253052,4.9602635526394598,-8.3614576360038928,,0.1326472654821388,0.4285714285714285,0,3
-0.48005967979215486,-0.76750090224035217,-0.42483534327795763,0.82405476044493409,-0.56060227722418943,0.08160170683935733,-0.30079304451050259,-0.31091389777766332,0.90158532183194096,-23.096019626105043,3.9817827314116876,-7.9385892664987132,,0.3773115554617082,0.6285714285714286,0,2
0.14324575401574993,0.98448945361204265,-0.10129743176962694,-0.98417607896794967,0.15248643699796702,0.090251493721369369,0.1042981281890166,0.086766365939389495,0.99075400488614751,-12.691625643295067,-4.235699688064706,-4.5446823350394467,,0.2850353359241531,0.4838709677419355,1,3
0.31866653356413077,-0.86299902734812406,-0.39202591646779289,0.94768321794082722,0.29821988471269034,0.11384822701855561,0.018659014431090047,-0.40779600189082515,0.91288239221836154,0.6580894411643281,-11.371186720021949,-0.3608865403183773,,0.1784180704373174,0.1764705882352941,0,4
0.30486241596808777,0.95083311469178389,-0.054546267843191665,-0.94131866731600766,0.30953172434092696,0.13457071817058672,0.14483809544631437,0.010319865893169347,0.98940154966294191,-13.02803511214057,5.2875218628875071,-5.7044424989533313,0.4206539102644167,0.2147364308233433,0.2247191011235955,1,6
-0.81246898907507603,-0.49912285567507042,-0.30128145766722653,0.51716728900094855,-0.85558159178445736,0.022762578654134183,-0.26913219238644681,-0.13731902542014707,0.95326352509624912,-22.224998915709946,6.3822245790305141,-8.0007408399409954,0.6006570610056663,0.5813524231317546,0.8816793893129771,1,5
-0.96269573540717157,0.0009726209946121898,-0.27058450627714353,0.040876892203888418,-0.98799424915471423,-0.14898470834607141,-0.26748084176739906,-0.15448759706077739,0.95109809254450195,2.6108410083441331,-4.6058780221338864,-0.55062949034119835,0.7618033735349193,0.3724479646179201,0.125,1,5
-0.96463143082974934,-0.029715807962544041,-0.26192207507669729,0.058191697902728268,-0.99311764562969196,-0.10164186260657797,-0.25709906446844072,-0.11328862562530292,0.95972170880593399,-16.699951949021724,-6.8758161919350442,-5.2082901630457163,,0.2192852726012399,0.2222222222222222,0,1
0.85828235242451834,0.47400350295757715,-0.1966521871238168,-0.44215458355767606,0.87755574633446398,0.18545952742930127,0.26048172249809137,-0.072225973578122757,0.96277343180268493,-14.086709647458697,-14.509314170743723,-3.7551872866499156,,0.07795364832211073,0.1666666666666667,0,1
-0.88611285167838838,0.43487075317530643,-0.16028550191185859,-0.41915948784202739,-0.89951308038602529,-0.12321340010913409,-0.19776080967270557,-0.041995788445818222,0.97935030296131032,10.254347320074444,17.655830350005587,-1.2801762256381133,,0.2898544283400434,0.1578947368421053,0,1
-0.84784097463090757,0.47597159221399721,-0.23370221467111901,-0.49727457031517364,-0.8667240258196891,0.038826083819653391,-0.1840752114076549,0.14913251312904136,0.97153271178743328,6.1546590112688584,0.4615393064252169,-0.28926695043503037,,0.0752488936451149,0.2105263157894737,0,4
0.54168565254173273,0.84015576835188865,-0.026738338308251133,-0.81645738907359777,0.5334395780048744,0.22099671591475484,0.19993495356630975,-0.09788003638654251,0.97490795094686156,6.8870371394566927,-8.806487637385418,0.98122407878352047,,0.6498000029654801,0.58,0,3
0.51119039734165617,-0.78446247356370324,-0.35114527653949235,0.85713593152503886,0.49538718070861898,0.14110115548169819,0.063264307112177787,-0.37310878944335107,0.92562814276886241,-7.2272427779657811,6.3173414074820622,-4.4136421518079922,0.5313823113001955,0.2446090887486672,0.3770491803278688,1,5
-0.69750946534710989,0.69504637125664392,-0.17433039767682917,-0.70704313791724083,-0.70710319848588743,0.009750272569021402,-0.11649269022274104,0.13006001881439244,0.98463894125241114,-13.815016689310198,9.9376533730448831,-6.5076538061614508,0.4464777890541251,0.1459880738110098,0.3265306122448979,1,4
-0.21305172918847273,0.97703474010048874,-0.0034752448219481963,-0.97675476505661685,-0.21290190361751865,0.024958132446758319,0.023645076210382403,0.0087118352146729246,0.99968245673223532,-15.315875625426679,-7.0562198013899717,-4.8777004421082335,,0.4860898382582183,0.3,0,1
0.71129898603633945,0.67833146886471318,-0.18417429465459634,-0.65917717983101687,0.73471845108961531,0.16023184208672722,0.24400655330073565,0.0074307453407596105,0.9697451139191049,-7.6441249443235559,-19.943412785522273,-1.6424054188657002,,0.1412518342027554,0.2777777777777778,0,2
-0.71612492828244934,0.66467561180868762,-0.21300567635442128,-0.68547246358852287,-0.72724646995288511,0.035214678799459311,-0.13150128803300254,0.17122763505875696,0.97641615525238368,-8.5062399095047763,3.1054428746454339,-4.3395937896913619,,0.06432271804615106,0.2168141592920354,0,4
-0.96157226113297045,0.028547701177338399,-0.27306375698198149,0.0062452085386118586,-0.9920478112409058,-0.12570655345858647,-0.27448093556736231,-0.12258127495509495,0.95374737065978199,2.9174911486630335,-8.1955276902918506,-0.11875264226306655,,0.298261453940156,0.2727272727272727,0,4
-0.30574302553007049,-0.90815065007672191,-0.2859783192917717,0.93925805472321067,-0.33688004840401115,0.065621182745223716,-0.15593430981438799,-0.24854422091961623,0.95598653822643964,-5.8057538935028896,-7.5998537155839188,-2.4096937807335159,,0.4002825845107263,0.1395348837209302,1,2
0.68338493399621802,-0.58744374175481673,-0.43346843282999037,0.72057078240301697,0.63815221925053334,0.2711816598015544,0.11731487345640204,-0.49766614847578511,0.85939840884608854,28.224052446333207,-4.5158983409742977,5.8114029566211123,,0.2227774186940583,0.1666666666666667,0,4
0.66237147973762989,0.74834153384440483,-0.035340791637794126,-0.7128837938131416,0.64408728900052004,0.27739549503649596,0.23034912491425846,-0.15854498690076579,0.96010560241041776,15.593941172356185,-1.3181837243467336,2.2686532045196715,,0.5967185563002244,0.3035714285714285,0,2
-0.81837092378881671,0.53060070602944964,-0.22075307893229906,-0.55043976702935649,-0.8341105990210147,0.035715143475466136,-0.16518200255992777,0.15073950829777508,0.9746755904753327,-9.4810575091539064,3.6940738331851484,-4.6932096137632815,,0.1036202978408045,0.1596244131455399,0,4
0.69455471138946778,0.70643784496086948,-0.13615918659325424,-0.67930998809314924,0.7062857008652812,0.19924469586446955,0.23692128009864272,-0.04589204680859249,0.97044434517191103,-2.5585614964943524,-6.3467346625183731,-1.7175603577755296,,0.3265348615375201,0.2456140350877193,0,1
-0.23462818753603829,0.97198201695139319,-0.014162356324285743,-0.97208024318026498,-0.23455562024907156,0.0066077097522862314,0.0031007147806253865,0.01531730174266038,0.99987787546038531,-3.0055729722801554,1.771025249191978,-2.8342792953756284,,0.3876378260786539,0.2239336492890995,0,2
-0.1467166885291469,0.98206394263017471,-0.11842561333055457,-0.9860271121126043,-0.13564838815625416,0.096695651243931022,0.078897068931101724,0.13095773125816945,0.9882435555761514,-15.557965689857305,10.464441658308111,-6.938330976327757,,0.4630944409529549,0.4,0,3
0.8215736191449059,-0.42661701306189853,-0.37817286059589938,0.5439360262278311,0.78523754430133286,0.29586415529950416,0.17073484616977819,-0.44877602786440907,0.87718281396617981,7.3137285628721775,-4.4754908549757033,0.6667802980306311,,0.132229344959704,0.5,0,1
-0.9322236061615875,0.2880677271451601,-0.21903454680142698,-0.27941580675689875,-0.95760065677733042,-0.070198212755141945,-0.22996946547199756,-0.0042387164385442712,0.97318861390455891,1.8337911701490426,14.315661528640035,-3.0459967388188116,,0.4099202046471971,0.3684210526315789,0,2
0.96364168241233905,0.13502679190984798,-0.2305698882856404,-0.080380703163043382,0.96944075847466937,0.23178342988029585,0.25482082033564835,-0.20482280457652643,0.945047071975187,16.911831780651593,-3.2763792808995071,2.8894323145453669,0.4633573492828153,0.2796590600123731,0.1428571428571428,1,3
0.54073148260083514,-0.77616764063203314,-0.32430426663860928,0.83778425651469013,0.53159121393577602,0.12461268315230314,0.075676966511819627,-0.33907900982218203,0.93770913498673869,14.953715441660439,-3.9803120257990701,2.5007750219535927,,0.09901510306618343,0.4,0,4
-0.9676410372021701,0.066997002398941477,-0.24327397064187584,-0.02213892737779697,-0.98293106855000023,-0.18263729732372574,-0.25135769536035429,-0.17134151904518233,0.95260768044059996,-1.0661187854319347,18.045647859270709,-4.2009152223712816,,0.2847927170743639,0.3571428571428572,0,1
-0.80126587310424691,-0.42817005227559379,-0.41790358569029362,0.54187166797809783,-0.8154625365139837,-0.20345993950852925,-0.25366926506993964,-0.38947561910406631,0.885415521708526,-3.7431265317481346,-5.5980679031918203,-2.0905755574150233,,0.3641674667466162,0.2604166666666667,0,1
0.2307718064777543,0.9564192915173968,-0.17890363928203118,-0.96204639693586746,0.25180321472524486,0.10517543057552961,0.1456403222933462,0.14784207745900158,0.97822881610331713,5.7149576065124803,-10.869205547953236,0.86507298502553398,,0.1501026579157524,0.2666666666666667,1,4
-0.86881752723799555,0.46487130001060994,-0.17044289011425906,-0.45993514314831219,-0.88520115392359555,-0.069846840941286348,-0.18334603475722475,0.017708515431319828,0.9828889255760398,8.6684472996832369,3.6309012047196054,-0.036156396112016806,,0.09235114263443833,0.2162162162162162,0,4
0.37081863982132662,-0.83543268715352592,-0.40564240606290164,0.92849251696418877,0.32415034693986544,0.18118553617844413,-0.019879192704098624,-0.44382291267374152,0.89589398919918506,-18.293294520251216,6.7558988949763394,-7.1671091308359092,0.6398041881784452,0.238274810323028,0.2307692307692308,1,3
0.13227665802546992,-0.93101365142799219,-0.34017123128849308,0.99015262658715186,0.1082415105884653,0.088778102300570372,-0.045832977256297175,-0.3485647088278499,0.93616343763019239,12.559234384208873,-7.856702114993217,2.2969118474063697,,0.09477192291697943,0.5789473684210527,0,4
0.44958806342260993,0.87548072350099948,-0.17721195220998459,-0.87373029891292031,0.47226283317449214,0.11646107145111229,0.18565004171679134,0.10247594439754414,0.97725776683042298,13.881293151543614,0.13902723779174497,1.646661539351032,0.1158456753291486,0.1389690433194663,0.2692307692307692,1,4
0.051774573061018132,0.97386155554469078,-0.22116298111669899,-0.99412420250965627,0.071340058473064433,0.081410478696543789,0.095060315425996536,0.2156484794500898,0.97183294333026959,0.99525787885855055,-15.940730236976256,0.20596457949856631,,0.07988852074272799,0.3333333333333333,0,2
0.89881110819665422,-0.29591854245159788,-0.32337409917249854,0.35931214821604446,0.91993883511026786,0.15686720434920443,0.25106447762810691,-0.25718622803191804,0.93317837104384305,-7.9061778934148856,12.10910798798133,-5.3541280689795805,,0.6886744760047376,0.2166666666666667,0,2
-0.18280345062244696,0.9826440036384777,0.031522381792460932,-0.98262739263795629,-0.18365720335127381,0.026710276949522615,0.032036005962945979,-0.026092025037010268,0.99914608569088126,-12.420558481771137,10.804559942333098,-6.2481219214297949,,0.2831265326806228,0.1621621621621622,0,1
0.9587728854504366,0.18337849199395975,-0.21708727000693909,-0.11438964920977758,0.94834923846884966,0.29588634650692697,0.26013373921640465,-0.25885526954183202,0.93022813715331021,13.19905230230237,-12.302858974247298,2.8932669089394487,,0.5218317026160855,0.4375,0,1
0.35124840649823252,-0.87048494923441566,-0.34479053074121574,0.93614880461155503,0.3327363485493029,0.11363070878258835,0.015810520447126202,-0.36268784858392161,0.9317765568701315,-2.4949556054348858,-7.1165389111948425,-1.6088916724676108,,0.1028957909062381,0.3333333333333333,0,1
-0.14190813797557802,0.98660319634449178,0.080474923666550971,-0.98893463441115981,-0.14485523739640041,0.032019510628664087,0.043247765703801858,-0.07504061008324367,0.99624220830075483,-16.193467427597128,16.384084542350145,-7.8617404535017075,,0.3527805547188968,0.2941176470588235,0,1
-0.44987290673287855,-0.84578767433824664,-0.28680581884824358,0.87230703561923006,-0.48500928651876229,0.062019574327411189,-0.191558877102845,-0.22228180746084877,0.95597907648391367,10.446502713550229,-6.0428579726756952,1.5625064287635522,,0.1135134767008979,0.2093023255813954,0,3
-0.92778376780053984,-0.24295282178964428,-0.28318051943995831,0.27208148108567137,-0.95987555990247753,-0.067901230858751715,-0.25532126401078048,-0.14004583494826042,0.95665992717244241,14.201602605105535,8.1120511572229841,0.79506969064146715,,0.2822842014876692,0.3,0,4
-0.30979791869513262,0.9453755919474226,-0.10144081881680941,-0.95079492690366041,-0.30845095812730722,0.029103494714720551,-0.0037757842135958076,0.10546561800135103,0.99441578168951339,7.8171808557703208,2.7939058179838367,-0.16263430827359956,,0.5769580412799509,0.2413793103448276,0,1
-0.9427624571364509,-0.11934752185069453,-0.31137616871260321,0.20465118745116515,-0.94430757532021548,-0.25768409859299324,-0.26328091630209288,-0.3066583966255505,0.91468234206754906,3.0282424600716866,2.178482523818146,-1.2865836033143208,,0.5888525280547662,0.3551020408163265,0,1
-0.47347907134198847,0.87906694627704607,-0.055307078789952939,-0.87833893201864699,-0.47591716099342579,-0.044984179133344376,-0.065865692902082718,0.027279293156300791,0.99745553818875632,-6.1886792484760891,11.628155941876102,-4.9718652959076097,,0.539173267225771,0.4137931034482759,0,2
0.77993422257940315,0.57870460201245422,-0.23833504160964,-0.57308536702853985,0.8134113826339201,0.099674895030483601,0.25154675618505934,0.058846463030339011,0.96605451359723649,-5.6472836625091833,7.8334610620788494,-4.2381456820572625,0.2787028130454014,0.2299264254294928,0.6264591439688716,1,3
-0.4231568093893715,-0.78660159239721483,-0.44966237279271554,0.89513451739893057,-0.43976483897920204,-0.073082707657707427,-0.14025872674594159,-0.43343375645623655,0.89020372293978001,15.186210635963807,-8.3577286695313067,2.9858280813350158,,0.3057686339646901,0.3076923076923077,0,2
-0.96346038615253904,-0.0070571238939883506,-0.26775787816074931,0.052975195319715555,-0.9849269183757372,-0.16465902386359926,-0.26255992267602407,-0.17282697260908167,0.94931192162699685,1.083843680252174,-3.2868427111483345,-1.1457357376702879,,0.1841227186453012,0.3230769230769231,0,3
-0.95337687587361586,-0.097263167549722293,-0.28567885603883725,0.15515037757556105,-0.96992455860207605,-0.18754922276226185,-0.25884530686806922,-0.2231282744493899,0.93979406268267751,-5.5923244836178689,6.5323066267641856,-4.0153759809400213,0.6274582013354377,0.4822020349858969,0.3806818181818182,1,2
0.66207392175724944,-0.68566230638310011,-0.30253152519098431,0.74154969658763847,0.65777357443527684,0.132052914641899,0.10845353668625461,-0.3117709517900073,0.94394740531461607,16.946958544336983,-7.0900809542539012,3.2748406219930559,,0.1336729299745489,0.1875,0,3
0.96754861482616938,0.014098779937828492,-0.25229130455135834,0.0116926907766073,0.99487455766750821,0.10043851596017825,0.25241426055269583,-0.10012911120221243,0.96242464752285461,9.926276342762689,3.6447788603055349,0.2736144955756154,0.1893542244558991,0.147687027466727,0.6666666666666666,1,3
-0.7132181933591506,0.69285675641554723,-0.10615707112970055,-0.68203187841626167,-0.7209131716446493,-0.12295005397818104,-0.16171680644105807,-0.015287708741969913,0.98671878490070597,-14.831433051372908,8.6775121933549393,-6.5787998718870062,,0.4464194660663976,0.3469387755102041,0,2
-0.4471104611488767,-0.83360228382803359,-0.32434467457926047,0.87136594144964352,-0.48781146044788976,0.052548788161802147,-0.20202383921907832,-0.25912778981109746,0.94447824587694995,-1.9093648273309642,-15.780240061917894,-0.51338252936874562,,0.1589484293704638,0.4375,0,2
-0.162689443916642,0.98185614556808765,-0.097419988956434139,-0.98596181128975169,-0.15801759024988679,0.05394207865711808,0.037569289537142274,0.10482819554774764,0.99378045759708777,-8.1086919522871117,-6.5503221141967281,-3.1009962416577737,,0.08219883268372591,0.1904761904761905,0,1
0.9647901940850111,-0.028030305355868267,-0.26152281617301321,0.11320825851500281,0.94174502351675293,0.31670206959448655,0.23741055494945279,-0.33515759377207538,0.91175962607230288,-7.4449739578197658,10.337506537187647,-5.0128024393845241,,0.4205067759681867,0.4411764705882353,0,2
0.64986124114005095,0.74342460425320733,-0.15811459469282022,-0.7247585721240094,0.66878395309276017,0.16568957788101221,0.22892221254539624,0.0069196731558091073,0.97342012447182191,-11.420328415599975,-10.306979406312648,-3.5099195009574022,,0.0971372577206638,0.4615384615384616,0,1
0.47563838567224742,-0.77203522391176715,-0.42158005066013965,0.87804608895711311,0.44554377582716814,0.1747163686916228,0.052945176760639576,-0.453268526219478,0.8898002311736084,14.91964173008008,-5.7962876359100859,2.6805789317724718,,0.08608956496745208,0.1428571428571428,0,2
0.79515103719373559,-0.51585596570283732,-0.31879060635238121,0.58478534082203792,0.79142847399817062,0.17795245349412628,0.16050212836401487,-0.32792315135366601,0.93097017868291609,0.28957691634946536,-13.296514825459914,-0.24084040968431888,,0.3254437227149777,0.3846153846153846,0,1
