axis_00,axis_01,axis_02,axis_10,axis_11,axis_12,axis_20,axis_21,axis_22,location_x,location_y,location_z,dbh,dbh_approximation,score,reconstructed,number_clusters
-0.54486098090345425,-0.7400050185248096,-0.39435908008694454,0.78042780504855691,-0.61953928266208946,0.084282372686315402,-0.30669032034939903,-0.26184661501848594,0.91508327359172248,-10.87010063506523,11.113057143016039,-7.1346084257310869,,0.07744351532661252,0.2393162393162393,0,4
-0.68732601382703018,-0.59872653105378337,-0.41122924473941314,0.64171924186085483,-0.76576940052147235,0.042351385461574451,-0.3402636703237284,-0.2347845102158321,0.91054756516095137,-6.13940452184797,18.612430821425104,-6.3859184233131634,0.2213745337582195,0.1464831884633958,0.4193548387096774,1,4
-0.9163030172035328,-0.17282086706847039,-0.36127791043655622,0.16558116277168614,-0.98486824084400881,0.051160792722590824,-0.3646527926656789,-0.012942027759575548,0.93105362075370945,-12.027374802782829,-6.4395276475065879,-5.6342790040209518,,0.1033301602217981,0.4833333333333333,0,3
-0.36945614524271753,0.91793023537356799,-0.1445899018929683,-0.92813891394718073,-0.37212112297700073,0.0091665834029964182,-0.045390672602861816,0.13758616507978588,0.98944920739737718,-6.7051073260510838,-12.20978198776406,-3.3804801547960119,,0.3112279401041125,0.525,0,4
-0.44911334195064651,0.84037338872436307,-0.30343001434573624,-0.89270993404737919,-0.43610889632576738,0.1134812944878875,-0.036961868662817386,0.32184095151091796,0.94607199630657146,0.61962368138399748,15.494002306909538,-3.7915113189524292,,0.1503523074742147,0.5087719298245614,1,5
0.91514184943843302,-0.12380347989377928,-0.38365100517605166,0.27495126485724597,0.88765918812105415,0.36940894371640742,0.2948172270404239,-0.4435469130886403,0.84637399447864281,-17.751811064746484,-14.489331658797107,-6.6134458387865429,,0.2254883123372508,0.1538461538461539,0,1
-0.90595647444272043,-0.27046826393345241,-0.32571426837051465,0.28173150676721803,-0.95940447295128028,0.013054324024947205,-0.31602250633457785,-0.079937322233733094,0.94537812541020416,-7.0093276304800005,15.18208285203888,-6.256142018081424,,0.2962945535093499,0.8529411764705882,0,5
-0.48382312013427198,-0.79853419756756594,-0.35813171283574008,0.82540781751567227,-0.55237545793429654,0.11654736486034638,-0.29089022535580694,-0.23921640576473752,0.92636838676924205,-8.6226341453102719,11.353484156060796,-6.4506517135924675,,0.08392458683762606,0.2038834951456311,0,1
-0.91463332350237869,-0.19308280544385056,-0.35519700699882684,0.19374453643372697,-0.98045993237377338,0.034078961423367748,-0.35483649493967323,-0.037647725715470821,0.93417006514198453,-20.173316410176973,14.682440512391603,-10.701835285106153,,0.1315424364278533,0.2765957446808511,1,4
0.37929808329251646,-0.80918158499960469,-0.44872945803473918,0.92394394057760643,0.30523183557300076,0.23056695605108124,-0.049604018794326771,-0.5020544682106356,0.8634122724800638,-5.8203693181242864,-7.1386370883859183,-3.5713749838360225,0.2226856924988868,0.2015784635233113,0.3414634146341464,1,5
0.64785184159562603,-0.65918668473201991,-0.38178646651389364,0.75323426801508153,0.62913449458855208,0.19190603223085878,0.11369313448463184,-0.41190132603672852,0.90410794088993818,-1.2276152261847733,12.087619562466974,-4.0191339706534883,,0.4340993895236365,0.6696428571428571,1,4
0.74831140184287404,-0.54974030544085462,-0.37123529256490301,0.63740835608168023,0.75087125301616175,0.17292469167585556,0.18368623647187962,-0.36602999599450259,0.91229458431093502,-4.6073148848957652,27.976422209179859,-6.9887987894869559,,0.136369719367612,0.4090909090909091,0,1
0.91189931203303221,0.23866090322975964,-0.33388713359942201,-0.1996722638061745,0.96875460367009414,0.14712411404836714,0.35856747172631326,-0.067494378562624135,0.931060619445504,5.8299775163190466,-8.5542491287125859,0.323541786777649,0.4637036500230957,0.4242683788108669,0.985981308411215,1,5
-0.85497255047396981,-0.28635030239293691,-0.4324643826438293,0.35534208491881825,-0.93075143629700097,-0.086219293180919393,-0.37782792461857834,-0.22738792437274158,0.89751924281759776,13.364510384147714,-19.965905530648023,3.4521122750838242,,0.4122422450452593,0.375,0,2
0.038540600533389806,-0.90674639156099712,-0.41991142339978782,0.99206485878509321,-0.015606542610376558,0.12475476660818619,-0.11967429997387986,-0.4213874905818405,0.89894974537340011,-8.4896825566025171,-9.5150590870600773,-4.1625372354100127,,0.08478777407994686,0.4,0,5
0.37627208858982697,0.87655784409077286,-0.30010941556570098,-0.88495854611243052,0.4359357625113095,0.16373265595554826,0.27434957082310885,0.20397636364692009,0.93974781514114558,-4.338506286096834,5.8473233647792764,-4.2817045047469815,0.1986789718404562,0.2064750287908375,0.6442477876106195,1,5
0.80618106745585927,0.52785704479505147,-0.26728080128577636,-0.47752087785852304,0.84720537744849345,0.23284514088033234,0.34935068009803155,-0.06008318136210284,0.9350636949601091,-10.044674576620148,-0.54544269967328685,-5.5094438803752439,,0.1069767808832299,0.3021978021978022,0,3
-0.73744193360260235,0.62145085465153538,-0.26453398612905904,-0.65446817357379095,-0.75426281371893944,0.05252635167011814,-0.16688560256486912,0.21186420909078216,0.96294483360309713,9.4932335347082102,6.5644049979492243,0.081132735071318018,,0.1093720350139033,0.2142857142857143,0,5
-0.60689126359139689,0.78585599500314696,-0.11879961824034199,-0.78270406408986948,-0.61691460319927083,-0.082405827565089712,-0.1380483329621868,0.042973567190768523,0.9894927641419422,-18.498241264094215,-5.6194135163491348,-7.8286843205989385,,0.3535483753486289,0.1162790697674419,0,2
0.18323368459241929,0.97516024234542864,-0.12445046636911754,-0.96234005094268305,0.20378673404219186,0.179923854394163,0.2008159435461257,0.086795557358784775,0.97577635144558494,-8.8137513158576439,-5.6922977103347314,-4.6562540199016915,,0.2543439528920861,0.2278481012658228,0,2
0.52805563996950333,0.80915400294449702,-0.25773443816319158,-0.79931571777704591,0.57608428071181295,0.1709423435878884,0.2867954400107588,0.11574411879508605,0.95097406618339764,-8.9715536473924438,7.7058698872292997,-6.1048187686589852,,0.07645037352658043,0.2723214285714285,0,5
-0.73379101451979267,-0.4808818283189093,-0.47989937924806408,0.58335995950211039,-0.80803332593559463,-0.082300071853906878,-0.34819808250435602,-0.34034513566396857,0.87345479789750158,19.524663077865902,-13.413502184987262,4.7211285258920368,,0.2698496072723232,0.15625,0,1
-0.48707155793170015,0.81650849963725114,-0.30995994495113816,-0.87087956876628558,-0.48081032589528494,0.10193236589974752,-0.065803299001163079,0.31958613945632269,0.94526960456156051,-0.84006086135508429,18.33623896968734,-4.5366490361926735,,0.2613767259607528,0.8823529411764706,1,5
-0.31640007636762618,-0.77134024280388447,-0.55220034544158492,0.91243489490337815,-0.40670682399549918,0.04530035185466115,-0.2595256331024402,-0.48951382937230642,0.83247982354891892,-11.681111889370586,-8.3066530018287246,-5.3271684498076066,,0.2493456677310108,0.1304347826086956,0,2
0.55040649358989524,-0.74229270499381805,-0.38217042262194439,0.83020502987975797,0.53506688067024621,0.15640665450089181,0.088387217268253021,-0.40336704540997348,0.91075942295471302,-15.05875959021863,12.771487255241023,-8.7644970020062747,,0.09611748332103756,0.3684210526315789,1,5
-0.54856814809040511,0.82442330569222455,-0.13928101066609253,-0.83242799862696226,-0.55413144565970462,-0.001402865993402238,-0.078336543213070473,0.11517184535549634,0.99025190332300594,13.993392943373109,-2.3705362682742157,2.423878181337801,0.4307422356883953,0.4191181960050055,0.2777777777777778,1,6
0.91592259465126824,0.27446285098922962,-0.29284115836772689,-0.18054154148010942,0.93339298021070916,0.31013270755171352,0.35845578863686117,-0.23118756004645813,0.9044676664604937,-12.623733910109708,2.3070975715589808,-6.7819189214812718,,0.6364016180213973,0.4718614718614719,0,1
0.93334239785349282,-0.019384835172602231,-0.35846366138623043,0.10866612648957415,0.96695071885984218,0.23064687348885812,0.34214564343688925,-0.25422536352961422,0.90460257749764983,-13.862432333148782,13.938166427410154,-8.487964960176976,,0.1892162041091947,0.1538461538461539,0,4
-0.29714364218682843,-0.80617421787173837,-0.51165299407590303,0.91883862581119091,-0.38716535501970362,0.076410520151799943,-0.2596945044188414,-0.44742163370958843,0.85578773423279131,-22.219885886527354,19.961370165044524,-11.975642582588785,,0.25632882901107,0.5263157894736842,0,2
0.84897741135901528,0.42714902323491,-0.3110965556730052,-0.38484738476515318,0.90322743715021525,0.18992811065894338,0.36211855163960732,-0.041519979871335468,0.93120687595717255,-12.104915927055785,10.650882197067826,-7.4869176510646245,0.2212703248579996,0.135861267224842,0.2846153846153846,1,5
-0.85646996578091406,-0.35398594817125767,-0.37570353500138204,0.36255181109006096,-0.93060405944821523,0.050321653528267583,-0.36744439305908011,-0.093113012172294812,0.92537267356111508,-20.047630608547991,18.714426063993091,-11.15948205210861,,0.1447839321493022,0.1578947368421053,0,4
0.65631839190664554,0.73604596025529323,-0.16577850535259031,-0.66843523145390649,0.66915937941154413,0.32468456430314102,0.34991500367408945,-0.10228425752490602,0.93118065962859309,-20.285826305732968,6.4327954050907552,-9.7169000797671572,,0.4729748444565967,0.375,0,4
-0.91597997290156086,-0.16010965793967963,-0.36789344473324681,0.19261733404347828,-0.9798335842562611,-0.053147998922931206,-0.35196484464963096,-0.11954515714978843,0.92834783542204358,-16.438512546569463,23.235029069486195,-10.448613198652694,,0.3647165207591292,0.3636363636363636,0,2
0.92323605625897609,-0.14369939674680518,-0.3563504844924103,0.22858804244300954,0.95087105113537662,0.20878637638690781,0.30884088342614907,-0.2742165704097892,0.91072640306364672,19.238477060369814,-5.9093822473670086,4.1645146548381913,,0.1153853651485199,0.4375,0,6
-0.28703142827544526,0.91433301188329952,-0.28567131911091614,-0.95748505895387814,-0.2648482004507986,0.11435817678706378,0.028901921428266881,0.30635041063851465,0.95147995503813254,-1.4786300911755634,14.750530749082552,-4.4044001014941543,,0.08104202293228342,0.1694915254237288,0,3
-0.65248313844337669,-0.53944072426564438,-0.53223064459953606,0.66359775401012167,-0.7458722803284622,-0.057554863481217904,-0.36592864730682489,-0.3907406383285168,0.84464073939090822,7.836858259611958,9.6907276802461411,-0.68871458073533143,,0.2550971850480604,0.2727272727272727,0,4
0.89707235893203396,-0.17319979866512364,-0.40652553742966208,0.32498917442762604,0.88194769171676357,0.34139464784955531,0.29940477508711361,-0.43837210086618483,0.84745895584222941,15.595454329206822,4.753381605517065,2.3020899875047265,,0.473415905303711,0.6216216216216216,0,3
0.61018900848197344,0.73786176518102453,-0.28849504226542516,-0.72596556518543764,0.66655849606785722,0.16933330884603226,0.31724339566455151,0.10611214258368379,0.9423889011992479,-15.785043251750466,5.4954458829282737,-8.1370109374856447,,0.1972114252065774,0.1836734693877551,0,4
-0.15132458776486696,0.94819516237264567,-0.27933278216297125,-0.98418873796709894,-0.11821060132846367,0.13190444189750852,0.09205105755244368,0.29487656364430836,0.95109117071750915,11.804669042712666,12.093822794881781,0.38052512051476639,,0.2929264742677439,0.5142857142857142,1,5
-0.82786809045749543,-0.34609758260488527,-0.44141917506754902,0.39442733605902919,-0.91872219713696202,-0.019406211820234581,-0.39882515137794211,-0.19017357282989875,0.89709113852800582,-9.9909033172318171,-3.0441512927206675,-5.2058132093652558,,0.3152226778172429,0.2486772486772487,0,3
-0.92990583928827453,-0.12096520178881037,-0.34733636436998899,0.1076549559013571,-0.9925273929399876,0.057443752781554648,-0.35168955134812602,0.016024800153010811,0.93597952181263555,3.5895915547778956,2.7079500180895399,-1.4253775071069195,,0.1031299870825825,0.4459459459459459,0,3
0.92462276515809927,-0.14560534425311428,-0.35195429515253984,0.22823831282286505,0.95157661732359822,0.20593497498664373,0.30492624470707852,-0.27074162053129108,0.91308212127985955,-12.234357496719465,13.559704389410671,-7.8688653526303369,,0.09706452975278965,0.3880597014925373,0,2
0.43289297086752748,-0.76691653391101156,-0.47375384514260999,0.90128647880387869,0.37809025468454099,0.21149572676034456,0.016922142263716151,-0.51854294839145287,0.85488411599158132,3.5583260251588178,25.602320889202748,-3.980572963658974,,0.2215451401878466,0.2941176470588235,0,3
0.8411577465017277,0.4341566879846222,-0.32243079223045579,-0.39874100192184386,0.90068491978724152,0.17254648259009991,0.36532076164173866,-0.016572433317862217,0.93073417019438265,-10.428790254040761,0.93560361846659934,-5.8486812373436443,,0.094386506293181,0.5210084033613446,0,3
-0.86891801253100465,0.39190922084956958,-0.30230555752789395,-0.42516476457638674,-0.90370684434107795,0.050486260049595846,-0.25340957058065755,0.17239809193889877,0.95187314671333834,-7.6147935245830896,10.734825246283044,-5.9718026794611783,,0.2754055901998615,0.7205128205128205,1,5
-0.73384969681556667,-0.46957869815216219,-0.49087724404928401,0.56050130411838028,-0.82681926597162636,-0.046991376865709179,-0.38380061303402663,-0.30962194311750696,0.869960540355046,-17.444488097306984,-2.4859238661110874,-7.8552139535264329,,0.2526549311298541,0.2702702702702703,0,2
0.73993589305091378,0.60852350242400988,-0.28669499676932314,-0.57806371465212536,0.79317450674101897,0.19161561433956045,0.34400176740466365,0.023944704085811886,0.93866364325497897,-26.432500057515995,-11.047665941010749,-9.7742075599519431,,0.140267281722427,0.6470588235294118,0,2
0.10683328138886639,-0.86680963406510725,-0.48706027171142052,0.99180783914382309,0.058404433945576345,0.11360515969073903,-0.070027567432753415,-0.49520700761137487,0.86594812743722704,-0.84564415719189701,2.7904427279716506,-2.8588072280285708,,0.3911412838602843,0.2414772727272727,0,4
0.85648729970415738,-0.34996389441248443,-0.37941372939461282,0.45246198813971306,0.86278376027854309,0.22557112467750928,0.24841025488924431,-0.36486909379565924,0.89730869251255763,12.91440455119238,13.993073930027965,0.51363406773450915,,0.1182924794964023,0.375,0,4
0.66661805339736535,0.70260095670212963,-0.24894229557461126,-0.6689716403235032,0.71122577790362751,0.21595100668498612,0.32878156172082729,0.022578496110899186,0.94413605809003065,-7.5270219501671392,16.308233501839815,-6.6019574551850289,,0.1140793120878602,0.2647058823529412,0,3
0.028418612564370931,0.97682835646130628,-0.21212907502984932,-0.99433674448109655,0.049365879037649392,0.094114018942849403,0.10240518070220377,0.20825314403375397,0.972699237670826,16.966446639872228,-19.247530526036094,4.445345320639678,,0.3127041396372755,0.3846153846153846,1,5
-0.43446708518411553,-0.81270428867881539,-0.38826549042463038,0.85237282963422756,-0.51028690784592023,0.11431461403682758,-0.29103077361845775,-0.28128101756803575,0.91442991965646658,6.8529236912001572,4.3778854816748618,-0.57563757175937313,,0.159345585670899,0.3673469387755102,1,3
-0.82624272135395593,-0.41401936706844739,-0.38198289111143674,0.43696750191442618,-0.89900241435799511,0.029224326325210118,-0.35550297844079393,-0.14276772279033703,0.92370720991501776,-5.5888926751495296,18.036955068634558,-6.1693486434461278,,0.1971950185600463,0.6571428571428571,1,4
-0.37586042604988323,0.87997784480579821,-0.29046158572269687,-0.92664101741522953,-0.35964059873573867,0.10952198219840989,-0.0080848607452270703,0.31031859820504265,0.95059823407935518,-14.974655377367828,6.0545003074696933,-7.8492524663213041,,0.3950138205624615,0.943127962085308,1,5
-0.1157093295594265,0.98108670472700277,-0.15517805534552773,-0.98868274586121874,-0.098740647347243526,0.11294561787767184,0.095487062418056504,0.16649072757772096,0.98140871126224072,12.384295495618515,5.8923616806637096,1.0868739829544751,,0.09524103919954181,0.4210526315789473,0,6
-0.7701454849619026,-0.52354637552346472,-0.36438321128866424,0.52781063742772005,-0.84382264162510612,0.096846685534260346,-0.35817853510636255,-0.11773929742049369,0.92619954374421354,13.093138573762351,16.0307335546341,0.29821689692723824,,0.09614410707619235,0.1,0,5
0.016077964552336566,0.95840071676402772,-0.28497292005040042,-0.98925836011202939,0.056662183993100988,0.13474900316362637,0.14529072924420477,0.27974535386906801,0.94901693398187448,6.3493118729517475,1.1896210826880735,-0.32182521436607003,0.4229850799277683,0.3522190347420101,0.5189873417721519,1,5
0.84588854080677789,0.44308690670731726,-0.2968948797745089,-0.39544327058647483,0.89454543788223106,0.20835805554851691,0.35790668655342439,-0.058842609294862597,0.93190147067794693,-22.298877000704351,-10.633442907617495,-8.4761653001510151,,0.1444808967232343,0.4166666666666667,0,2
0.86031221638229971,0.39467106361123222,-0.32264166174155989,-0.35669742460167547,0.91823049027951897,0.17210378846372862,0.36418379649005339,-0.032977541888601483,0.93074306019710851,-12.1746071607133,18.532674986832976,-8.5321800192863364,,0.2280798342713048,0.5230769230769231,1,3
0.19512430635404038,-0.90494423048569606,-0.37815664053472048,0.97845233007112076,0.15307053647998137,0.13856568348665957,-0.067509575974442529,-0.39704577893787246,0.91531257315704406,-16.556745059183676,-13.951248447854153,-6.3312429012608442,,0.1751055732567153,0.2173913043478261,0,2
0.26549524416497511,0.91066179611162801,-0.31655547448831561,-0.93719248754101137,0.32082104533788086,0.13690908722579387,0.22623553350981537,0.26032470103901367,0.93864185577166581,-16.016145699535588,17.140927577121996,-9.563923410849176,,0.3853638531779404,0.8,1,4
0.89519936768491126,-0.28723850393663852,-0.34075230586567912,0.35504129925121541,0.92179170573327118,0.15571039485967667,0.26937662838959281,-0.26037298841774853,0.92716888374225914,3.5045684245092286,7.3148658863889517,-1.9146601083400006,,0.08012131678084783,0.2903225806451613,0,5
0.9404185974835072,0.070072242021237449,-0.33272021640602489,-0.012272889639205781,0.98489212372132828,0.17273355438824756,0.33979734796943128,-0.15835840845945293,0.92707085855566207,-10.238292804428399,-10.270641019564971,-4.6668764136538714,0.5231211733773211,0.4981062991084496,0.8269230769230769,1,5
0.44872488796196608,0.84654028368848289,-0.28638352434479403,-0.84938591142463826,0.50362342947936756,0.15781956391011456,0.27783007108097396,0.17243256470883028,0.94502775738656353,-24.819538473964357,9.012458771579503,-11.54705297534389,,0.1579560697084086,0.2727272727272727,1,4
-0.93874498127678729,0.070970802068657468,-0.3372254518588042,-0.11109180404719242,-0.98864572275415386,0.10118421790702505,-0.3262153754824923,0.13244916056226086,0.93597048493270796,-6.0558692228203563,14.546391487919603,-5.9179827642392517,,0.07038765399378594,0.1944444444444444,0,2
-0.095272720193728094,-0.92051721917175167,-0.37890784894904767,0.98479185042152639,-0.14271193670347634,0.099087408209571945,-0.14528633841567806,-0.36370503478870042,0.92011441002688188,-7.382105733454801,-0.48288873265358467,-4.599380861248517,,0.1393152379522158,0.4298642533936652,0,3
0.20646437590021274,0.96469128208321697,-0.1635334576066137,-0.95191161519940426,0.23670315266802253,0.19451450939577664,0.22635533643498765,0.11550908098351981,0.96717160518583545,-0.038820778815786688,9.7210637710038483,-3.3994859140560498,,0.5691997585704648,0.65625,0,5
-0.090578202068063524,-0.90017113202377708,-0.42601352370687645,0.97853392744597434,-0.15995877377276746,0.12994053844074369,-0.18511332244675108,-0.40509890615026967,0.89533677132606426,-22.052844611716061,-12.169566083410892,-8.2426179863765885,,0.6514378620247196,0.7941176470588235,0,2
-0.83973891995935734,-0.40268350472553177,-0.36425889327160704,0.40076732910997498,-0.91226597463279191,0.084595150247168405,-0.3663660658733971,-0.074945223658660562,0.92744763691930598,1.1529095379007781,-13.02548634650771,-0.84718519146423477,0.1350602918377969,0.1344445126259432,0.4166666666666667,1,5
-0.38875844721317615,-0.76581935800462697,-0.51223781647373634,0.88263137719899909,-0.46901982109035417,0.031341017982363148,-0.26425124730869021,-0.43993308392271835,0.85827161200056501,-28.846703206522726,-14.561863138893722,-10.076493251983793,,0.3769084230286116,0.35,0,1
0.13471992817975764,-0.92231630460514324,-0.36219217994146619,0.98773363828049021,0.09587595329009499,0.12324796708221793,-0.078948089023262003,-0.37435335692394422,0.92391924073446352,-14.670906239523507,0.048687051785282195,-7.1070491698148537,,0.3075752736430588,0.7578947368421053,1,2
-0.13419019612018607,0.9813410541615406,-0.13770521661267063,-0.9869739392866772,-0.11990974722852629,0.10725714749390915,0.088743644471957872,0.15030431775803202,0.98464875850687383,-13.166378836406061,-6.016322177596944,-5.9910907017671438,,0.07944106529685498,0.2121212121212121,0,2
-0.24088743285034792,0.93724042183040968,-0.25209846564770255,-0.96977595384617699,-0.22204085634238493,0.10115561010877985,0.038830967493848075,0.26884614522417283,0.96240007593598842,21.61101140459051,-16.341715593664318,5.5214742063119067,0.2909237063726774,0.3046338692257857,0.3846153846153846,1,5
0.86635839077647592,-0.35936635053567512,-0.34681257882877475,0.4316577362375959,0.88807733123214905,0.15808305569484063,0.25118665863741485,-0.28666091441676184,0.92451651292354786,5.1666600541237502,-6.8560061722166932,-0.014656177882950417,,0.07407984968062817,0.3653846153846154,0,5
-0.54162189141693551,-0.68765639982887172,-0.48350222596419984,0.78313005902981347,-0.62181733661048466,0.0071070763753091392,-0.30553729294785331,-0.37479577861155045,0.87531427896102532,9.5998112139862162,-0.97799269801484745,0.91698653340910619,0.2191072171855017,0.1771009665072401,0.3168316831683168,1,5
0.15608071726422701,0.94898886029433771,-0.27396889008706349,-0.9754482453727632,0.19171906478796749,0.1083721403130176,0.15536901331179798,0.2503276717306343,0.95561316779774319,9.8511117394672993,13.258674360942759,-0.45669385011063174,,0.3606376504993354,0.8,0,4
-0.92445389771760023,-0.14355751056639435,-0.353236793319604,0.13736107362636263,-0.98960056257294293,0.042692645824878722,-0.35569217934465469,-0.0090536023380282191,0.93455931103261469,6.3727693592385277,-10.147123404954696,0.59000271784243774,0.2558587893214047,0.20712174775633,0.5180722891566265,1,5
-0.5672057987803617,-0.71841778752219898,-0.4026828335075141,0.75284254223783054,-0.65053321374118223,0.10017307231212258,-0.33392467477982485,-0.24633802059624962,0.9098416846803129,5.5127671547046635,14.993309099856241,-2.1245155847824022,,0.2054717513404684,0.6304347826086957,1,5
0.016318026949556894,0.99439131365600886,-0.10449706848496396,-0.98950576384063282,0.031067034332029567,0.14111407691644107,0.14356902633451368,0.10109774826023667,0.98446288907915191,1.7724934949399487,17.070250086526507,-3.5416116635543267,,0.2592427552493617,0.2857142857142857,0,1
-0.68192381002610114,-0.58223483125840847,-0.44269912874205958,0.63972250973782885,-0.7682018775868521,0.024919586809761227,-0.35459135332692426,-0.26621133811603204,0.89632387874264097,8.7838848139081893,12.630867623835739,-0.76352484079572214,,0.394614162313713,0.4352941176470588,0,5
-0.69967876764408121,0.64580506068609922,-0.30559032330930158,-0.69583954635480838,-0.71297374556749471,0.086462499733653636,-0.16203995753145034,0.27313780720303316,0.94822929212270413,13.584840248470735,10.626061321498518,1.0776604183877989,,0.2077397809809038,0.5555555555555556,1,5
-0.45753679304707018,0.85326742957844093,-0.25018948145116393,-0.88819764549593394,-0.45185596834300085,0.083253386767677073,-0.042012207079393293,0.26030919594476276,0.96461085260477408,-11.723500146862925,14.530537641356746,-7.8642440146761921,,0.06903035662024651,0.3103448275862069,0,2
0.64981147543888662,0.74622344794777773,-0.14455314635408825,-0.68145833388814558,0.65619209043858195,0.32407789128577619,0.33668915272448063,-0.11208258642078699,0.93492133800598276,-7.6425949129543005,-8.2525808389576927,-4.0207185857340066,,0.3472584294462913,0.2777777777777778,0,3
0.9408318259507259,0.13744177778335079,-0.30975027521856235,-0.075580495547730039,0.97614007012594617,0.2035636317893561,0.33033780281854314,-0.16810806409647641,0.92877156223409008,-9.2273594924911606,0.18440218726729593,-5.2989168934320849,,0.09464980502974436,0.391304347826087,0,3
-0.45023774497940305,0.86975018886987665,-0.20204104027814687,-0.89232922146549909,-0.44642648578447902,0.066722959383537755,-0.032164165069824377,0.21032831894667459,0.97710156316241104,10.940186657812317,1.0652634718446305,1.0811843478429723,0.1099191102958531,0.1085720291825337,0.2,1,3
-0.8763546595972268,0.40611947137270904,-0.25897777042476178,-0.43164978845855045,-0.90075654925219684,0.048125867295706136,-0.21373107103535072,0.15396302787106525,0.96468358300680956,3.0732829830003165,16.770675788945116,-3.1022608318069564,,0.2038482887660401,0.4,0,4
0.94166018883376601,0.0070782608656824687,-0.33649069376236068,0.057836631408515499,0.98150314165295871,0.18250070408820118,0.33155846065644745,-0.19131513570152001,0.92383305094515722,-11.558836152797456,12.616021484595406,-7.518308524791748,,0.1541134406641679,0.2705882352941176,1,5
0.56655061043076438,0.79159456457714583,-0.2289070797342129,-0.76774144865163341,0.60798216720505149,0.20231350024884359,0.29932168956294813,0.061120615937392653,0.95219262571425867,8.4182451264575988,18.866758106161136,-1.5469423674361398,,0.2310529207866566,0.3529411764705883,1,5
-0.93892326622350086,0.11612059492021162,-0.32394306224947766,-0.11951470186360513,-0.9927872607279542,-0.0094705319142492049,-0.32270626920257756,0.029823855747728872,0.94602917578988666,0.22256321791294792,7.6446813875788457,-3.0427311398160417,,0.1278787732599287,0.1764705882352941,0,5
0.68012576798527191,0.69340936292919064,-0.23793359393868391,-0.62870411759819644,0.71862735375330211,0.29716301747121976,0.37704120761200355,-0.052518395250246222,0.92470630252141228,-5.4277318493888052,-16.151848464830316,-2.5430488994984688,,0.2887193392967519,0.3846153846153846,0,5
-0.41198851049292107,-0.75289274387547767,-0.51324261654843017,0.86997368093282068,-0.49250726123002375,0.024132801741618273,-0.27094512674344851,-0.43656513128667962,0.85790420469806616,-23.33105292064818,19.325200709260844,-12.310267421977516,,0.1076675705306356,0.1666666666666667,0,1
0.93329033976221754,-0.094353170631633343,-0.34650630715512504,0.16285242941082625,0.97115272052650414,0.17418805828460546,0.32007534728797199,-0.21899742602534653,0.9217330955611589,-4.6291056201971088,20.603436546625925,-6.1771027457953984,,0.1860183761581405,0.6086956521739131,1,4
-0.81470056865516405,-0.45842919232905954,-0.35511358612911226,0.45466363747999577,-0.88508752330761375,0.099504034283306175,-0.35992215850988007,-0.080391241473935504,0.92951239265965058,-8.1332823114599062,13.315535580050346,-6.515038344146709,,0.2662577588976548,0.8035714285714286,1,5
-0.18216060054059885,-0.81214852551651107,-0.55428538507888281,0.95521326917296634,-0.27986504781049537,0.09614138240073089,-0.23320618775363294,-0.51194758278107577,0.82675543329211409,-4.8586350187855745,15.87106812891952,-5.712897916941075,,0.2289064243613042,0.2,0,4
-0.75510274893353602,-0.52854036482055655,-0.38789808108363943,0.54649572901803356,-0.83428011034571303,0.072932267526745503,-0.36216330117512557,-0.15691328891109826,0.91881225669068944,0.51744864510431621,5.8319189368890756,-2.7246430354320101,,0.09408075871548942,0.3636363636363636,0,5
-0.71076528868820299,0.65797753483141896,-0.24875342822390176,-0.68415952590429008,-0.72883160624512644,0.027022820958691397,-0.16351895153281756,0.18939391066060554,0.96818980530384136,5.2195833552856712,20.807828355447281,-2.8943232832649328,,0.1330117667018581,0.3636363636363636,0,1
-0.53377497914789851,-0.74440848296036088,-0.40117363090352187,0.7886145615423138,-0.60944914441762077,0.081601554470827203,-0.30523981548789741,-0.2728144990012169,0.91236007375138362,-7.2604970865077316,-10.921350035434564,-3.6789871228616535,,0.1001200097376183,0.3928571428571428,0,5
-0.45978921489401819,-0.81529604907146802,-0.35197475795232425,0.84301533136113194,-0.525323050858304,0.11558911422364028,-0.27913980181483239,-0.24357348912675011,0.92884494208527513,6.3415149101093489,-14.388873030907538,0.92815938527136799,0.2079770258157735,0.226112375367552,0.7962962962962963,1,5
-0.65419762781550495,0.72722978650584491,-0.20775538832778548,-0.74363709333276684,-0.66858219392913987,0.0013127758726779154,-0.1379468636111737,0.15535342796205398,0.9781799298903443,13.12088045170713,-19.308730541870048,3.2479104333268354,,0.4139765291767984,0.625,0,2
-0.50529014394629446,0.80590520192932269,-0.30854282674207717,-0.86087270932505788,-0.49554355686821705,0.11547623818661459,-0.059833508756120757,0.32396510421595481,0.94417506982565347,0.51185826437148485,18.368054420195854,-4.1481953820820099,,0.07526969897831272,0.4285714285714285,0,3
0.25353614189853585,-0.83138711960634293,-0.49448446093267062,0.96547535327613476,0.18588496308318517,0.18249417173128019,-0.059806078014936148,-0.52368142782824678,0.84981232938822471,-23.025633600704833,-6.8806351869771891,-9.1044940832148402,0.8775501172788714,0.2860182027867774,0.5573770491803278,1,3
0.94182407382503097,0.033915475618259153,-0.33439072127858072,0.0232634688786597,0.98593196878354517,0.1655202825829335,0.33530020128140964,-0.16367007498070565,0.92778547174250159,4.9488372292980092,10.088488093665955,-1.7752326906582832,,0.07449818502227182,0.3939393939393939,0,5
-0.45664720911694934,0.84869176175960714,-0.2668250736476544,-0.88824106086039001,-0.45179608396480259,0.083115078750361046,-0.050011440764197945,0.27495925522783199,0.9601542916413206,11.364705851361093,6.2500080636561313,0.72209715847707756,0.1929401666001971,0.1738578385182115,0.4,1,5
-0.69621673375977289,-0.50143595239731853,-0.51365771217442679,0.62952730187936301,-0.77035395892739844,-0.10124304496296245,-0.34493134943255249,-0.39384865571470118,0.85200093930133658,-2.6713016853864273,-7.4058074710227784,-2.4048113630941801,,0.7230119733808777,0.3639846743295019,0,2
-0.90352097462938519,0.29916325837811036,-0.30684066425648071,-0.31492879272672331,-0.94911325375049238,0.0019715645673069847,-0.29063672155537223,0.09841430989315729,0.95175885585152253,12.138026118764071,-3.1398921243576292,1.9030594808152415,0.1590429544778477,0.2084619066797869,0.4,1,2
0.93638106655262876,-0.021959274248184866,-0.35029742858926854,0.13659386510807903,0.94215954456251649,0.30606781700235441,0.32331503864898808,-0.33444458863052895,0.88521986134471642,-12.248194535150425,20.588263184490092,-8.7165607724586689,,0.1986872618587745,0.3043478260869565,0,3
-0.90581179387960098,-0.22500365678104145,-0.35899630708933322,0.22740067449124987,-0.97313027161415289,0.036144262464330196,-0.35748276505244853,-0.048896103150712134,0.9326388603243656,-19.063498474230787,12.939324731612212,-10.157327562288483,,0.2430624029829381,0.4864864864864865,1,5
0.91871631661945019,0.21673369865666664,-0.33013153960776215,-0.16746410465320133,0.97087285466051343,0.17135248389226021,0.35765360788043482,-0.10213914014689419,0.92825184773323322,-24.755682105402052,-5.4232612009395611,-9.811624305759798,,0.1078119972522153,0.6666666666666666,0,1
-0.63211099649520297,0.70384587689250289,-0.32409361254314251,-0.76483252994821682,-0.63385118181423339,0.11516892135341714,-0.12436594888815553,0.32067687926341504,0.93898852488357154,-5.1828015242238816,-9.4901913917049754,-3.0502763906797132,,0.1012426176045715,0.5,0,5
0.91089394688725644,0.2553760822766229,-0.32412231352562088,-0.21074816100874025,0.96322964056922322,0.16665494940241279,0.35476390762814564,-0.083496803112036819,0.93122008876230744,20.11583786870484,16.796038586995532,2.5429407845299203,,0.2477174092858943,0.1818181818181818,0,2
0.40289557136376841,0.86068566367414656,-0.31128017431448518,-0.87383941993807546,0.46287776960656263,0.1488248586975377,0.2721760950887322,0.21204801048311614,0.93859246455125667,-4.4147539634853574,4.6821664908248994,-4.2306826343649453,,0.2111871057159642,0.797566371681416,1,4
-0.93751607508016088,0.1269726586370547,-0.32394683657188,-0.14319506097378512,-0.98933595459769308,0.026637256859259346,-0.31711004947652538,0.071360443516770067,0.94570021868564991,16.712575232675615,-15.542331142720313,4.056503713568465,0.4377201047409299,0.172691473941284,0.1875,1,5
-0.79731421793588864,-0.42059178107589434,-0.43288865955195555,0.48985602148687168,-0.86993704330784571,-0.05701419905476747,-0.35260617704506475,-0.25751134804549886,0.89964258988636925,4.4089744931220674,13.285046485001237,-2.2211372995225429,,0.4070523029956732,0.2272727272727273,0,2
0.80810103922867482,0.54455327997011305,-0.22457612444631833,-0.4666279773851621,0.82448496112487013,0.32012947318289064,0.35948719187054401,-0.15390345724743809,0.92037094952433063,-0.32972235229172348,-11.964223336058435,-1.3277437812954849,0.3870796412012423,0.3813469225403019,0.5232558139534884,1,5
0.0043864036617550055,-0.83805427096684249,-0.54556924251386174,0.98726765240613013,-0.083121887082756113,0.135622027710431,-0.15900736453197228,-0.53921775824061502,0.82701926653649427,-5.5052537224230269,12.94764465162838,-5.5547118431750473,,0.3853526381644445,0.4,0,5
-0.29587754574207137,-0.85178965937721496,-0.43233187958291408,0.93088255544970566,-0.35864106934742818,0.069528780636206267,-0.21427586398162718,-0.38187819989543825,0.89902997422752584,3.3512663133740994,12.351685703389629,-2.4861123719141456,,0.2197243624793807,0.5754716981132075,1,5
0.48045898413478327,0.82817968232548456,-0.28857854796819382,-0.82552133491749258,0.53815592830424364,0.17000800694978629,0.29609743355897683,0.15654587383338156,0.94224184752404738,-11.389009398025307,20.128984557523069,-8.3942086572537598,,0.2924629729730772,0.9157894736842105,1,4
0.59261788148719297,0.76151594265595224,-0.26248336256312882,-0.74123121088831057,0.64311509910304632,0.19229992540489235,0.3152464726950634,0.080600486267110832,0.9455808918684987,10.299203196941095,-19.064252489825186,2.3182023374190894,0.4164001788651537,0.3229554391573394,0.6666666666666666,1,5
0.51663572961895643,0.84446255568887907,-0.14131707228956605,-0.80208149451100097,0.53509108103606395,0.26522219205536857,0.29958771510875892,-0.023675452161730011,0.95377495978917903,6.0620271362855851,7.3597341148125439,-1.1356988299279287,,0.2337575909380225,0.1,0,1
0.6201576180669468,-0.68476976866837158,-0.38274651229161422,0.77527797577545887,0.60948704380590102,0.16573956591668168,0.11978559609167255,-0.39951959570289863,0.90886495345477725,-16.16585592465492,18.775482287765719,-9.8718145928672971,,0.1009597570768107,0.4285714285714285,0,2
-0.231935208136198,-0.79902987587415997,-0.55475879144664664,0.95288043068360717,-0.30125870978226027,0.035525689304397139,-0.19551200486681902,-0.5203791379762005,0.83125243380822933,1.6606029138666847,16.117219280503715,-3.4721373849466999,,0.5553923544355753,0.6521739130434783,0,3
-0.18797810231521697,-0.83593685440059584,-0.51562952640903525,0.95010017761259979,-0.2878310807371986,0.12026188698903011,-0.24894554736021235,-0.46729310332648027,0.84832969418324111,-3.6119966573083921,-18.796622477370363,-2.003331976668755,,0.215223223947676,0.2941176470588235,0,3
0.29522433554858502,0.90914564056045821,-0.2937631630239087,-0.92576855166280569,0.34821760549284775,0.14729931424476947,0.23621003461336759,0.22847035578985425,0.94446075412015396,9.801217616946289,-2.2966263179456008,1.0160226707447741,,0.1513173931181106,0.1538461538461539,0,1
0.93349732441761835,-0.14406838261148971,-0.32837028860244882,0.21031425572461671,0.96166727347861292,0.17596581758742155,0.29043184939697425,-0.23332457275631854,0.92801346143465668,6.1059490600141029,18.896041748252298,-2.3552046207102975,,0.2380203771436041,0.6,0,5
-0.91779346096892189,0.23277159606103928,-0.32167148936435591,-0.26133300906851825,-0.96405368742035913,0.048016102948917963,-0.29893180053965551,0.12813224355486652,0.94563307196169633,-2.5748787134626818,8.394257836938479,-4.0934380574217704,,0.1501814293485769,0.1894736842105263,1,4
-0.84330930320728748,0.42791692214831983,-0.32514078006787867,-0.47443179608898839,-0.87697626671994,0.076335433906765768,-0.25247552353409752,0.21863150584731891,0.9425796383686198,-19.585880032479938,15.936771854391729,-10.625659793216265,0.0680000868769222,0.1301363765435251,0.4102564102564102,1,4
0.49103278841403908,-0.75364527818271088,-0.43692744864020489,0.86931341670667195,0.45638542327332315,0.18975386414353451,0.056400214858694682,-0.47300226225308356,0.87925415874328361,2.7375641399627288,20.439539216030095,-3.6163948159207813,,0.1953635176244749,0.2631578947368421,0,3
-0.93781613484823134,-0.049259619499791928,-0.34361953830517106,0.027455786280406215,-0.99730503197680254,0.06803567441771248,-0.34604490607152111,0.05437060860873319,0.93664121193841743,2.1374345314952876,2.6826073862131925,-1.9094645724720392,0.2889907225695152,0.1760041503457659,0.5121951219512195,1,5
-0.91770984415970946,-0.19279813052924344,-0.34732912748111161,0.16438554759634669,-0.9802664239178468,0.10979585548082109,-0.36164351739497658,0.043664848605542463,0.93129337339124463,-15.470888179811983,14.948655075959449,-9.1817036896303659,,0.07261574746068071,0.2564102564102564,0,2
0.94056648775052443,0.11155197123470785,-0.32076602038603252,0.027395821949912323,0.91651332452960688,0.39906490061063427,0.33850280805383343,-0.38413472073393429,0.85898566068726168,12.997454934892987,-4.2143232006672076,2.2267353404276928,,0.2447906784051417,0.25,0,1
0.6359118612004091,0.72298333167496998,-0.27002075272984288,-0.7008329185151404,0.68748559766640327,0.19025449620657561,0.32318620810638127,0.068254341410841218,0.94387076433608763,1.0568269524902718,22.224490252127271,-4.4796513841667593,,0.1886762461133864,0.4,1,4
-0.24050377059589981,-0.75205328993872878,-0.61365608073373501,0.94536961801418984,-0.32483154897964706,0.027581699062740616,-0.22007776276775257,-0.57349831201130541,0.78909154377380308,-12.974513675327495,0.22953881599591786,-6.5220813677047946,,0.4265832318907259,0.1509433962264151,0,2
0.85761714723967686,0.42136651973846873,-0.29486112799751824,-0.36839337383957121,0.90338951542754142,0.21948509180964865,0.35885812081040613,-0.079609292542282106,0.92999097289669508,-2.2693017578338002,-21.668616235828122,-1.2093462699523692,,0.2427755240427034,0.3333333333333333,0,4
-0.65198929751931267,-0.60472108920584211,-0.45740830795906312,0.66787623609954516,-0.74362138612835238,0.031121814633030598,-0.35895861763409137,-0.2852010490202449,0.8887120301109771,-13.71021900572336,-5.0600577586622384,-6.3173288859176164,,0.1707233919643773,0.1973684210526316,0,3
-0.13491592197348448,0.96231936164581389,-0.2360913810363206,-0.98692644714491451,-0.10930841352540471,0.11843926147386775,0.088169620187232081,0.24898417004731757,0.96448587399810448,-19.660938966892044,-4.3356461116118856,-8.3421370911111072,,0.1039352496811377,0.1,0,1
0.66172760741655945,0.69930876914722884,-0.27034019119720887,-0.66940065381527458,0.71346683470692518,0.20704550331983629,0.33766749659160072,0.043958175201765322,0.94023844878758944,-13.34396682096402,19.751678273221088,-8.9692122380658059,,0.1566116911928097,0.25,0,2
-0.43140962920921078,0.88343096466133453,-0.18285366417743709,-0.90102432405602184,-0.43207491433288692,0.038294070867660297,-0.045176313317493971,0.18127603008057064,0.98239406636709037,-5.21546218563737,-4.8238938607939366,-3.5022844075512594,0.4281021943353576,0.4946078964881798,0.4459459459459459,1,5
0.28546641085189117,0.91531917094332726,-0.28407700290407051,-0.92930371197249095,0.33683282484015109,0.1514538181240532,0.23431504260181168,0.22075883541508423,0.94676396076143876,12.453867389615565,-1.5159572812253066,1.8339474816639429,0.1677447981856378,0.1338557716760962,0.2222222222222222,1,5
-0.88987610415059426,0.31957535574502477,-0.32556429666381154,-0.35034072567795288,-0.93580987505552971,0.039003252172098622,-0.29220180559539138,0.14876649404014231,0.94471510788057078,-19.666772077502188,-10.640337421702966,-7.5901539187019429,,0.2844820012281157,0.7254901960784313,0,2
