axis_00,axis_01,axis_02,axis_10,axis_11,axis_12,axis_20,axis_21,axis_22,location_x,location_y,location_z,dbh,dbh_approximation,score,reconstructed,number_clusters
-0.98287552131567302,0.099181838869961944,-0.15530187518769473,-0.076081230872487096,-0.98602497517203413,-0.14821064282268862,-0.16783133172137066,-0.13385705500779604,0.97668568788391108,-3.1647176624946676,15.559800915272211,-3.6165011315490876,,0.07629564948088166,0.3636363636363636,0,5
-0.85362961374548241,0.50366625391017972,-0.13280356625039791,-0.51348147712417025,-0.85651464238902963,0.052148250436344433,-0.087482885109704006,0.11270746224309144,0.9897695553852941,-10.899360899270828,17.68363261339902,-5.1689415684493927,,0.08453778443457723,0.2857142857142857,0,3
0.96941786920596873,-0.16910605698649309,-0.17785425593625978,0.20048687071695329,0.96366323600467207,0.17651680442135723,0.14154154702518762,-0.20677598763755164,0.96809590506428211,6.7221735333418655,5.3944818267135242,-0.63827683342577468,,0.0848857512696751,0.4,0,5
-0.92811778714814042,0.34435530239133555,-0.14148073683088952,-0.35290046246209045,-0.93481598300856017,0.039753509351786023,-0.11856912234339233,0.086824556588050772,0.98914248700579344,-10.929674567749107,13.713929943216858,-4.8088661728488429,,0.08044617754160396,0.3636363636363636,0,5
0.80727043083387784,-0.53305245530577727,-0.25331705705255431,0.58774981258830705,0.7650474078663354,0.26315892825327136,0.053522045025342128,-0.3613274741968604,0.93090163126230574,-4.2149345176126305,-15.484928693971302,0.30412743269121922,,0.5202750318396323,0.4545454545454545,0,2
0.8296498849431625,-0.48725073445586475,-0.27252117383061764,0.55232325940179294,0.78749952477484242,0.2734657485009353,0.08136390807709018,-0.37740060976582601,0.92246880392282382,-16.146447291575011,-2.6673838175317695,-3.5491739703365153,,0.360120927209225,0.28125,0,1
0.98457726083600727,0.013241065256888158,-0.17444853577926195,0.03267540260015292,0.96566841935331771,0.25771461333921969,0.17187185781733891,-0.25944012421853402,0.95034251006460213,-15.355658778626003,-8.2444658746737893,-2.6111846783620387,,0.1300053647525803,0.3,0,2
-0.22936659956116928,-0.8756865116167869,-0.42492834263928453,0.95802353826175157,-0.28025089419262478,0.060418014206599292,-0.17199378809183991,-0.39323347985218327,0.90320848489214378,-13.233880864118081,12.251043845359622,-4.9663328246779317,0.5619470060457623,0.4395014693795156,0.1736111111111111,1,5
0.18592029096421425,-0.88807731981967586,-0.42041921867308024,0.98117712685526459,0.14507141452363595,0.12745874008540817,-0.052202405536816328,-0.43620288709499944,0.89833287268481776,14.867113387398801,-10.976458851133778,2.9853587928960121,,0.403437354446812,0.2173913043478261,0,3
-0.68786257256782857,-0.70413164456362953,-0.17619224836662914,0.70113145023933776,-0.70737060888530767,0.089674473349513548,-0.18777585240294406,-0.061850212686362711,0.98026260789902619,-5.8653007182224277,-7.1458943429808555,-1.1678456071675656,,0.08270351880114872,0.3370786516853932,0,5
-0.17947374864841903,0.98026942636893821,-0.082831306113072933,-0.98047612019990171,-0.17136215363989238,0.096444751115062982,0.080347689847516376,0.098523418668920282,0.99188577200701722,-9.5575801239830458,-15.264434694439077,-0.6398323775124779,,0.2249528560035777,0.3888888888888889,0,5
0.078721323813777139,0.98597278441948966,-0.14717547880365695,-0.98961521420294019,0.095101069250937809,0.10778457424602918,0.12026920218857305,0.13716214861034948,0.98322015031910159,-21.980459600456847,7.9200631859257822,-5.8238247160271293,,0.07261735663889765,0.2857142857142857,0,4
-0.98434491478823427,0.089166768822788969,-0.152034127972132,-0.077729381632306874,-0.99379234496336488,-0.079592200140936292,-0.15818733186194947,-0.066528658711257155,0.98516531892290948,2.157424168287883,4.2195107042794797,-1.2837616910857703,,0.07402417173252877,0.3428571428571429,0,3
-0.96907739426237705,-0.17661075930280218,-0.17233004273233818,0.17441829135065587,-0.98427615497702448,0.027905382741732831,-0.17454874268226486,-0.0030150360085071928,0.98464391837146292,-9.3631079131687667,13.688396793133112,-4.5273631385404363,,0.2384016491857312,0.2608695652173913,0,5
-0.79088445129450735,-0.57331054677622695,-0.2140485964815709,0.58486431112024317,-0.81105205047207662,0.011327356394327644,-0.18009864596500932,-0.11623075488090373,0.97675733390714081,0.26454612351494422,22.125880594935587,-3.757267118595101,0.312858405253375,0.2320586237449127,0.7241379310344828,1,2
-0.82616488294298374,0.55285693857568019,-0.10863144876384494,-0.55955181704211954,-0.82766428422612159,0.043285062796808826,-0.065979922981674585,0.096545523382432663,0.99313927103812771,5.7322947114775618,16.291478729920623,-2.0846635438225092,,0.1490731719259396,0.2631578947368421,0,4
-0.53207653315771386,0.83612906420253841,-0.13335198108260468,-0.84669488623528233,-0.52515100445484786,0.085581494162501243,0.0015272478155734124,0.15844434516842634,0.98736672872760789,-17.044406569070304,10.031164506164735,-5.3678957779089789,,0.06044853744235669,0.1935483870967742,0,2
0.44440219583244106,-0.85579803983021141,-0.26479502140726208,0.89530077783065054,0.41416126041139617,0.16403343436712961,-0.030711651781312802,-0.30996800705429461,0.9502508242814901,-9.9697739527728206,-9.8455442416175565,-1.4955572668818014,0.4484554649629161,0.5115147575279264,0.8632075471698113,1,5
-0.56694082922567113,-0.72760487306931076,-0.38622434522269544,0.80346181772406522,-0.59186291204256802,-0.064400316831761922,-0.18173388131124121,-0.34682768348890897,0.92015398404249049,-4.9085528274796868,-14.805929092711322,0.085449780664419273,,0.1993956335162926,0.4736842105263158,0,1
0.42256977977062465,0.9050792564115383,-0.047605890792452324,-0.89087805503629458,0.42444978224225111,0.16179824909205451,0.16664654895723036,-0.025960007088651916,0.98567489861140423,-15.426119750781117,-9.6587300362653501,-2.4572509676943275,,0.8137308136174237,0.6376811594202898,0,1
-0.44642206459022415,0.89479845661601243,-0.0065621859623392039,-0.89430380580162294,-0.44590161826205493,0.037315543142425391,0.030463801071686867,0.022527069691445131,0.99928198620578645,4.9598050188592859,-4.6391547383776928,0.33743072052745249,0.4524810403558615,0.4340954747412944,0.7188755020080321,1,5
-0.80276445329472512,0.57826308820496897,-0.14553705145451257,-0.59105692555520717,-0.80393039217238471,0.065936600570412784,-0.078872956579854409,0.13895224129609426,0.98715314483576677,-22.689538225288338,19.822773135795078,-7.2350090925299559,,0.1528833195830496,0.2222222222222222,0,2
0.71272896821353249,-0.61652356972834821,-0.33453864625583785,0.69675835376391437,0.67727385324283107,0.23627933505452461,0.080902498907475806,-0.40149572311921672,0.91228064212034177,5.9420506237686723,-0.56982482547546021,-0.030487500881551576,,0.2710839576547062,0.1313131313131313,0,5
-0.82207944897483121,0.55406187750943103,-0.13115187937640493,-0.56481775275431378,-0.8226515535606399,0.065002519934485373,-0.07187687908365202,0.12751414554860305,0.98922892039113175,-2.1241629563036626,-13.649441450375098,0.38491930991673651,,0.08510696544683387,0.5263157894736842,0,5
0.33089530170807613,0.94233359452243537,0.050156713827240705,-0.93098129996962375,0.31729955285132122,0.18054033584554183,0.15421452076374192,-0.10643491154117692,0.9822878861061205,-1.4834874257874149,-12.555803613182084,0.35041960798770605,,0.2542554949836303,0.1142857142857143,0,2
-0.98612672364978482,0.049817213567538113,-0.1583424457816294,-0.05885302570174495,-0.99686429848441638,0.052895101596679379,-0.15521084456149226,0.061480205265919255,0.98596641833835785,14.333086624106249,-6.9275766631115845,2.3722373077791623,,0.08514116055147929,0.3333333333333333,0,5
0.27632677685786383,-0.90033475907754479,-0.3362154576876617,0.95894543539683297,0.23508080791360314,0.15862113882539777,-0.063774323382712911,-0.36624354649258622,0.92833102949842727,-30.343674723417667,11.312113813637302,-7.4681614059669545,,0.5343486849508063,0.3095238095238095,0,4
-0.30939589130414125,0.94794558838086029,0.075321603231612189,-0.94966523964434246,-0.31210171407401199,0.026989862602777522,0.049092922660697272,-0.063179755787182365,0.99679396236298634,-12.198951419313282,24.721880776949227,-6.043038033064013,,0.3374366130237924,0.1666666666666667,0,1
-0.96845155446914866,-0.18355988281067298,-0.16854481916933137,0.17952054747128879,-0.9829795854534733,0.039032135700308813,-0.17284085073239894,0.0075434742824870863,0.98492087819979257,5.916597745090594,-8.698680820108379,1.0607373194001917,0.3590408152404121,0.2774569273985401,0.8870967741935484,1,4
-0.56774624059729262,-0.79644951284131604,-0.20816430957892718,0.80458341833051106,-0.59034882695177626,0.064294521261549109,-0.17409689611027251,-0.13098257903817676,0.97597839871242875,1.0850317955670985,18.659371316732141,-3.2161993106736952,0.7880591522736501,0.6911650657270227,0.9609756097560975,1,5
0.88892977758988567,0.43715049276541851,-0.13675999849717921,-0.415031260245036,0.89503437991049328,0.16328659405369528,0.19378571550404255,-0.088390641208167711,0.97705383219830577,-25.18039472534122,8.4078358051905671,-6.3533195913708491,,0.1073751733644388,0.6216216216216216,0,3
-0.62056113826595971,-0.69979706435443356,-0.35381908144555241,0.76169531283210756,-0.6451595926700896,-0.059911187564286643,-0.18634410128484205,-0.3066808906773979,0.93339311504299383,-8.5523189450206463,15.435324120780384,-4.5939427797132231,,0.6387331142105679,0.2051282051282051,0,1
-0.12770454388773553,0.98127854562126904,-0.1441664502366363,-0.98835185215008692,-0.11377577990894432,0.10107268799039759,0.082777809960872278,0.15539461962860399,0.98437815211866786,-0.086708436059998936,-4.2705876134033778,-0.61432766001623318,0.2371639023005611,0.2200106217011202,0.8287037037037037,1,5
-0.41464873249079581,0.90314656709225016,-0.11132253587328772,-0.90955738329477209,-0.40760761072107621,0.081002482531225828,0.027781201157304421,0.13484181114082666,0.99047760743517976,-5.4034124773675751,-13.37788653540561,-0.18520405450235788,,0.08300928068828134,0.1153846153846154,0,4
0.13243284625260146,-0.95475108101378559,-0.26629291116446019,0.98905644850441288,0.10966302533735205,0.09869834114967406,-0.065029861642733222,-0.27644962321708366,0.95882569996734013,-4.596627873884362,-12.679475025450408,-0.15542820297337409,,0.1549313791996839,0.2857142857142857,0,2
-0.36498649178629333,-0.83121440745062314,-0.41936555612024695,0.90825779274890583,-0.41687686666834384,0.035797485214331126,-0.20457918448468868,-0.36782643581354241,0.90711138808433345,-13.526188064940435,20.408078724173635,-5.8828081921748119,,0.306677346321416,0.1923076923076923,0,2
-0.96782922577817443,-0.12210902499917262,-0.21999085377208707,0.14411210905448224,-0.98574207259496127,-0.086857736213074535,-0.20624812666661824,-0.11576680150173642,0.97162737606377125,1.3853233570727146,-6.3544473432799089,-0.023538065702139122,0.4210811710495825,0.3593001706148812,0.2553191489361702,1,5
0.75294903542647029,0.64707365236267644,-0.11984756346449275,-0.61225464737034885,0.75557354515253405,0.23292244339917675,0.24127162457230397,-0.10200150137943807,0.96508222286631251,-8.7280821662438921,-10.293186676801787,-1.2168360790975241,,0.6479390467137537,0.5471698113207547,0,3
0.98601176612041164,0.026246434067531164,-0.16459623862909117,0.0013247157166439458,0.98625853000735919,0.16520398638045042,0.16667045989129589,-0.16311111760533281,0.97242774596016235,-14.351143561694515,-14.085408082631549,-1.6085357540193324,,0.06127168532498816,0.2941176470588235,0,1
-0.90926465281931279,-0.37872587184004841,-0.17263981328873756,0.37271615006374947,-0.92550345153926772,0.067275795577303288,-0.18525782740556843,-0.0031741436479631154,0.98268482342868735,-19.181238906398402,10.415577585410533,-5.7100268305939927,,0.08299122559279912,0.2380952380952381,0,2
0.72473688934825997,0.67301727434555891,-0.14766241786685208,-0.66121047598799521,0.73959776076681927,0.12568157666276031,0.19379666576476132,0.0065498626843257923,0.98101985282525217,-6.8604447221436651,7.2857041497920063,-3.3651523260516143,,0.07508177726046215,0.253968253968254,0,5
-0.91282284338106101,-0.36276077295473691,-0.18750754173365627,0.35648101874236071,-0.9318672012705197,0.067415150171599575,-0.1991877001175664,-0.0053047904324887958,0.97994699821997677,-16.872124734516802,-8.7819597410400565,-2.8056084526372942,0.6500608393759619,0.6015743208281122,0.9288025889967637,1,5
-0.98365134460819847,-0.013185100911300486,-0.17960007061368702,0.053081770538797125,-0.97423462552247853,-0.2192013231473339,-0.172082415972548,-0.22515116599083873,0.95900708786015543,12.589172262604349,12.337519091057061,-0.39758951748291504,,0.5041842316047318,0.2777777777777778,0,1
0.8041557902424451,-0.56280097022520204,-0.19128129268990648,0.5922114126672231,0.78626032134971546,0.1762961989883382,0.051177218820902849,-0.2550485737749083,0.96557294767880908,-6.6508510826568283,21.891517365246397,-4.9366594605617298,0.6202348315542402,0.6420889088942567,0.9787234042553191,1,5
-0.34404385974914431,-0.87694822334793043,-0.33555273227291604,0.92612192371779722,-0.37581238806648043,0.032607229030012279,-0.15469972520388525,-0.29954442499014622,0.94145692013982507,-7.1322806334935756,-16.191878260579688,-0.10176776231688217,,0.552300947795766,0.5652173913043478,0,3
-0.9179902947100258,0.36342061827908867,-0.15880577139337815,-0.3799837649212322,-0.92063416988996283,0.089694278676543573,-0.11360526930775156,0.14268209222135969,0.98322716772109653,-9.4562494679727429,-4.0152047931350685,-2.2652105724719567,,0.07553832477755469,0.3834586466165413,0,5
0.12420846489706545,-0.97501901963884874,-0.18414713842580366,0.98872316622402157,0.1059693070816292,0.10581590867438052,-0.083658578877841186,-0.19521377333358669,0.97718617718477896,6.8618261733256478,3.5472398126167675,-0.33236447128146474,,0.1898462222140539,0.6842105263157895,0,2
-0.62258382017953939,0.77040320231453541,-0.13736190415890109,-0.78206427658478217,-0.61873808219450943,0.074422126630330654,-0.027655996466799927,0.15375985010973592,0.98772114199993655,-18.223966380601606,13.460413464134909,-5.990431448582906,0.259346179347593,0.1436629936499318,0.5256410256410257,1,5
-0.96365243676246326,0.14959886588122143,-0.22134624561717978,-0.12923749758363831,-0.98615991385669632,-0.10385708218736869,-0.23381969621930418,-0.071475895441799484,0.96964918709330483,-10.485197578600449,-15.449733375022033,-0.79874479036472101,,0.2422775762636808,0.2727272727272727,0,2
-0.18464708063526802,-0.88667011043690369,-0.4239358098470592,0.97351018267845102,-0.22419384141663484,0.044889260321613604,-0.1348457631304803,-0.40441715681788515,0.90457911950094028,2.0182048896348532,-10.353812245088458,0.63901992481649483,,0.1161067549382521,0.2702702702702703,0,5
-0.97750645347789611,0.15939976299456413,-0.13810448568508626,-0.1431994693246384,-0.98235926791501171,-0.120267122384397,-0.15483877225749176,-0.097785399210507495,0.98308848549204031,-34.092761610174925,10.844675947640717,-7.8778825199259348,,0.3068533251795553,0.3529411764705883,0,2
-0.38689784865112786,-0.886853703020968,-0.25258773554376091,0.91106796462867956,-0.40992651745147979,0.043765444330613759,-0.14235595715137217,-0.21319183785524637,0.96658368584174748,-5.5336003164495056,24.04577620186987,-4.9162808523511705,0.7067343546557175,0.6253658737481299,0.937007874015748,1,5
0.28661480233168202,-0.90763467163567835,-0.3066777754079415,0.95677057726559156,0.25466060849636341,0.14049212418896437,-0.049416774107952213,-0.33368739461516195,0.94138764869298519,6.5774013763122721,-10.780210783015653,1.4405898905219165,,0.2654607719681097,0.2,0,3
0.082618998237241628,-0.87609290456966149,-0.47501086692092459,0.99232419348324163,0.028311361360136574,0.12037924175608328,-0.09201519525659041,-0.48131038777552837,0.87170724125778709,0.40171752145591055,-11.546028895491338,0.51846553327399181,,0.3641504795845123,0.28,0,1
0.97867712599766343,0.12700865334019518,-0.16143074374376026,-0.10360228136721893,0.98384912578048467,0.14597076760942096,0.17736304672749911,-0.12613365798900045,0.97602902107358092,-1.7010048385547822,16.945238937004593,-3.5112686426804607,,0.1086792855426638,0.4,0,5
-0.89588400458459239,0.4196403774242829,-0.14592396638208091,-0.43132529199530922,-0.90025399502382242,0.05917125086397821,-0.10653798765996367,0.11595127458916513,0.98752466253077054,-6.9578226496799829,-9.8691922686931122,-0.97644609828380036,,0.07634747705860885,0.2325581395348837,0,5
-0.59694741540931373,0.79776512649228826,-0.084997565782106418,-0.80225649532541288,-0.59275289595350233,0.070912058543821557,0.0061886140876984417,0.11052061930463214,0.99385456368836689,-15.105928871353429,17.899288636364041,-5.9136407907025417,0.2901404167640537,0.1648908212515904,0.1481481481481481,1,5
0.0256505012717211,-0.96892912691250765,-0.24600487557175701,0.99279549306863191,-0.0041215017361066093,0.11975024912730658,-0.11704341385623609,-0.24730418565807877,0.96184275171613831,14.289033258723332,-21.457376938077125,4.2821543686048384,,0.7046512483029386,0.8918918918918919,0,5
0.22277512668970298,0.97051023788593238,-0.092093002377910807,-0.96497447639812906,0.23295329771349008,0.12065248022550791,0.13854783588545605,0.061989025181891831,0.98841380905390785,-15.285022028274417,-3.1738214047828448,-3.3526583674599006,,0.1897407861767077,0.1097560975609756,0,2
-0.2652686448294132,-0.88253473922760595,-0.38828466378010507,0.95309782961767819,-0.30088565237731568,0.032746776506235295,-0.14572945223405859,-0.36138657729630708,0.92095747377477866,2.56447570849895,15.303631000551745,-2.6124377925582243,,0.2900390901425502,0.1818181818181818,0,4
-0.1073810098748694,0.99364996826297936,-0.03360147748587651,-0.99032369256156338,-0.10391091544470406,0.09198644249384938,0.087910765378785741,0.043153936349123616,0.99519316472134822,6.5080653048397954,11.39566020346896,-1.3358878577036968,,0.08374305396473561,0.5,0,5
-0.71533214162235503,0.69802911980265203,-0.032484997606757902,-0.69732905587487382,-0.71606931313584543,-0.031255825342115073,-0.045078986175752803,0.00029443623106865301,0.99898338240066475,-2.5994051850104194,13.857967901686273,-3.3522843404952605,0.4457783931071144,0.1494951374077842,0.3428571428571429,1,5
-0.077375135521535437,-0.96723506033070816,-0.24180452119444637,0.99254190900672257,-0.097644364164248987,0.072980387860372198,-0.094200038579157944,-0.23435425367168183,0.96757657914899653,-13.192375472659583,16.952797884884546,-5.4980922401011432,,0.09484803060044168,0.6666666666666666,0,2
-0.98588865379952284,0.053992095216412538,-0.15845635349680798,-0.054633168830343214,-0.99850644480826634,-0.00031070872359457996,-0.15823646600236863,0.0083506485076032689,0.98736593393563177,-2.4470680642714289,12.711096952186033,-3.1659095038200009,,0.2415473438664954,0.1621621621621622,0,5
-0.49853270992275794,-0.81894743937571968,-0.28423621985423492,0.84886273744439289,-0.52767432203881837,0.031493853992274133,-0.17577596569350543,-0.22557681928963191,0.95823687493421472,-28.764914891637108,11.973672832369379,-7.2579523091022047,,0.1109799683933644,0.1764705882352941,0,4
-0.059102451576790803,0.98181209631998922,0.1804214724952701,-0.99361243727373816,-0.075263900589678981,0.084081328265966621,0.096131288936305292,-0.17429960639019038,0.97998899100942438,-9.9501014083466988,21.509746580190065,-5.4372723675396744,,0.3177717158206877,0.125,0,1
-0.84737323311371004,0.51555580524226485,-0.12712519609981901,-0.5237531901971495,-0.85091790399542444,0.04026557361247185,-0.087413955182945799,0.10070219630689689,0.99106905314324079,-17.572566914959626,-6.6062099679231778,-3.2269135921628189,,0.5800341014228964,0.543859649122807,0,1
-0.97610708076832131,0.13711410105605043,-0.16856657487633009,-0.13772636694704518,-0.99043710683624575,-0.0081108106509460483,-0.16806669724104806,0.015299042239264444,0.98565690003420925,3.6075606626335146,-11.164232806205833,1.0289624841258806,0.1154407072676273,0.148473532390981,0.5714285714285714,1,5
0.37591918042202643,-0.80774315410730535,-0.45413188258876092,0.92597951733510875,0.30876908482824039,0.21730988410601193,-0.035308685428225524,-0.50220777497676294,0.86402583727931292,-15.717336665859444,18.939530423895658,-6.0772266160425277,,0.5982656000103805,0.2380952380952381,0,1
-0.93337885430304013,-0.30809190963110095,-0.1840741414751311,0.30458824625898773,-0.95128699410047168,0.047739450103289643,-0.18981547508256352,-0.011507826691073336,0.98175233910800019,-11.664402729876704,-2.25497911836589,-2.8467848153297086,0.1434895586813643,0.0959619565393682,0.5510204081632653,1,4
0.75984079507716762,-0.61297295791784723,-0.21657820526992619,0.64844872494700356,0.73840161824572481,0.18514130086693231,0.046435086422906682,-0.28111777431094509,0.95854920568292012,0.90007257208499569,-16.257904974145752,1.2841150171489837,,0.1390065282249973,0.4375,0,4
0.92202261145380271,0.35923206597529295,-0.14431433311710218,-0.33282604998619425,0.92594522290939774,0.17847202756133612,0.19774004252679439,-0.11652367547580117,0.97330422203703226,-9.5884272640126937,16.472320445755766,-4.8312610178097577,,0.1016085202392978,0.3157894736842105,0,3
0.98569860668139808,0.020714095075093069,-0.16723989671000042,0.0030893365861902589,0.99002871008115478,0.14083184730203185,0.16848950348852254,-0.139334415993557,0.97580592728981008,-5.7631133381176536,11.727401877552929,-3.6906061486400348,0.2618819971609477,0.2176927598184456,0.7293577981651376,1,5
-0.89758400084645684,0.43978748102219023,-0.030494802190265288,-0.4278728702255804,-0.88574449365315955,-0.17994860068372415,-0.10614974493323304,-0.1484710864083085,0.98320321813516487,1.622653896926058,-22.031779451762397,2.2083941315452496,,0.4831182234807372,0.2105263157894737,0,1
-0.61587372763065107,-0.72152907361352125,-0.31637848780336197,0.76763568655878012,-0.63993688129534121,-0.034874642355501501,-0.17729919440245159,-0.26434179368463068,0.94799177832713022,3.2904622469871012,7.9559955596325729,-1.5811135191055778,0.5698893083190464,0.3811618366807906,0.21875,1,4
0.78944811589889285,-0.58080708066090181,-0.1985819915245329,0.61127041356732581,0.77333406772154634,0.1682346611090533,0.055858336897187312,-0.2541998323276552,0.96553730712162156,-24.459265171001277,21.083031976233659,-7.6128616511228575,0.527824336823473,0.3565864657530218,0.9365079365079365,1,5
-0.32983920611876916,-0.90300092182077629,-0.27530970432908741,0.93118169830443875,-0.35916882909882103,0.062437143966104419,-0.15526346270066965,-0.23576914003874919,0.95932589340410646,11.385070469463383,-2.4639896875204998,1.2551253462932273,,0.09744874881019783,0.3111111111111111,0,1
-0.64681360603655158,-0.69916062244987998,-0.30464172902195957,0.73728475782727809,-0.67540840188001661,-0.015319156159988663,-0.19504703258846226,-0.23451634204331812,0.9523438141727264,-17.880290221633683,-16.072435691625707,-1.9415408702536323,,0.2220013299272433,0.2272727272727273,0,4
-0.88568280913474307,0.46024123016889651,-0.061188002547985468,-0.45260682708058197,-0.88524313170127356,-0.10719915044332526,-0.10350372787122085,-0.067250337012859984,0.99235294653082873,-5.4520241688612625,-15.811308063252348,0.15091553623568918,,0.1903921662652271,0.32,0,2
-0.83496087732390689,0.54170340817049767,-0.096941997683976516,-0.53974762287825806,-0.84047636918522362,-0.047665253995909151,-0.10729788877588732,0.012525590512704736,0.99414801344998249,-4.5742819581260772,-2.4619744411374769,-1.648056897571238,0.3298776268269187,0.276713038455586,0.2377049180327869,1,5
0.065459037380061064,0.99302731753461271,0.098040099221124999,-0.98787008828618394,0.05062591543459468,0.14679817899367001,0.14081123213268204,-0.10646014895923048,0.98429590753434271,-13.808505598154756,-9.5473056980887812,-2.15917098395163,,0.3310185047764079,0.3043478260869565,0,2
-0.793552267759151,-0.57957435586506223,-0.1853870663177678,0.57611640032127309,-0.81366734622982306,0.077687469775869974,-0.1958690675302466,-0.045155461496001449,0.97958985942174581,0.6295474508819916,14.360786723867188,-2.8525168768310771,0.7160315071398592,0.5470787420329415,0.9661016949152542,1,5
-0.31851882430361422,0.94617899128796723,-0.057367891799583605,-0.94785788320960218,-0.31724207004484528,0.030379305967612676,0.010544752327855643,0.064052989305314556,0.99789078698993805,15.613144352325989,-2.8383502454941634,2.1254156258605295,,0.2527682047615225,0.2903225806451613,0,3
0.29922898408760101,0.94911488957851786,-0.098198479938638297,-0.94158307985595469,0.31037861565268804,0.13071502849517669,0.1545422880990053,0.053348301996202753,0.9865447987107554,-15.523597101607621,11.043134485439131,-5.2047215364980239,,0.06710063550369454,0.2333333333333333,0,2
0.62419513934679505,-0.75656269579490332,-0.19491874036989046,0.78110799376433371,0.60938884748610622,0.13607179956557472,0.01583445904645614,-0.23718794212839911,0.97133472604226512,-8.0284006225773368,8.1729185467046168,-3.6801384864784463,,0.07673907033101758,0.2333333333333333,0,5
-0.95056641183979151,0.28778685638537316,-0.11662856414210514,-0.28748628636960233,-0.9575809309440958,-0.019758437227035026,-0.11736750756252634,0.014747406011368366,0.99297904418194882,-3.74257724153113,16.967371468193967,-3.9004566943838892,,0.3444942662158386,0.1578947368421053,0,3
-0.16612543393786555,0.97789502137598394,-0.12697900364634926,-0.98305758054180825,-0.15411832833822856,0.09922365750926479,0.07746052890499662,0.14131124526481839,0.98693008791072123,-10.805435684893101,0.37913019208177035,-3.1182757269885366,,0.07916544347283923,0.3306451612903226,0,3
0.23518899699354684,0.96624736858290672,-0.10512924616764825,-0.96146106776745655,0.24713342328210988,0.12048936162304177,0.14240347910297693,0.072739905165418964,0.9871322886705175,-26.001988642058311,9.9188102757233843,-6.6275789971357382,,0.0853711240109713,0.3333333333333333,0,4
-0.96902953516036916,0.18945114003073535,-0.15839831289484338,-0.20101027712544642,-0.97773096562263562,0.060307771908592857,-0.1434455592788752,0.09027970095033698,0.98553180928851158,-1.897380998825793,-1.8118983358124179,-1.2740146723784442,0.9213598879537463,0.8707031328718264,0.9996873045653534,1,5
-0.8972492731052143,-0.38824257736060808,-0.21026517314229212,0.39513228204981232,-0.91857015073120107,0.0099678416804982965,-0.19701325233159639,-0.074138918997057823,0.97759357562111449,-0.55300167759247965,-5.7765313441612358,-0.44636491294587377,,0.07160497454306305,0.2833333333333333,0,5
-0.38711456054990501,0.92047007343903853,-0.053639173310057388,-0.92124963368995749,-0.3837357312626079,0.063608183266559273,0.037966161728236941,0.074038722675934449,0.99653240695330259,8.869159899313253,9.2273148279129362,-0.68590603512755333,,0.3055870336780404,0.1176470588235294,0,4
0.98741884920998468,0.061192450833529997,-0.14580637909849453,-0.0046615456239453845,0.9329503806367615,0.3599748008709997,0.15805785718281698,-0.35476622053220613,0.92149804261977053,-2.8803414274568655,-6.8003776703642513,-0.73351902635972743,,0.6572532185634016,0.5340314136125655,0,3
-0.9705291463371194,0.19584341331849991,-0.14042269606407173,-0.18464443681687701,-0.9787760894504417,-0.088903310808318314,-0.15485350516769653,-0.060354984714282689,0.98609211930600971,-5.6197074877884088,20.846022878916454,-4.6107031512028307,,0.4008547850265014,0.4857142857142857,0,5
-0.080281555789090159,-0.89859772701648655,-0.43136642984924939,0.9896090599849372,-0.12364341792861593,0.073390827755645177,-0.11928445077130692,-0.42099219731930165,0.89918673789177628,-12.198156249130291,19.850345613875568,-5.6114271323545077,,0.09152480730768438,0.5333333333333333,0,1
0.57404258133561703,-0.75399712695847909,-0.3193171579353376,0.81876845315413793,0.53315859770459628,0.21297917694753454,0.0096610006273992102,-0.38370593197398967,0.92340479901008188,-39.264637142110224,11.635506464275849,-8.7591936983612371,,0.2759100857465531,0.3846153846153846,0,1
0.16351173080399639,0.98272446278113057,0.086698005403929981,-0.97684697378045671,0.14898881288836779,0.15353280903467822,0.13796341437296125,-0.1097950995520903,0.98433283619358203,10.999520035516218,2.1219569290207052,0.60904293544006516,,0.3540097142696343,0.1333333333333333,0,5
-0.98781286892721321,0.014985744775793444,-0.15492308877408725,-0.0067207545209864803,-0.99853257429261788,-0.053735737970430554,-0.15550102070551694,-0.052039653439208335,0.98646404244121821,-9.2072398278507368,11.250016199065971,-4.2473146305310125,,0.2584730735687927,0.2363636363636364,0,4
-0.98274819700721794,0.10441568091483514,-0.15265433782946874,-0.10818102654202683,-0.99399346668603961,0.016548525063654045,-0.1500094889511179,0.032777336141920077,0.9881410827711109,12.21712095332302,6.6717021323061561,0.27262409622215067,,0.2257658109749244,0.5416666666666666,0,5
-0.98585112735844638,-0.038440670568884013,-0.16315596689148418,0.041447659435939116,-0.99902709485285501,-0.015065034920216177,-0.16241812156703125,-0.021614314610449093,0.9864852635445488,15.516507818240029,-5.8241126474776266,2.4253624169009877,0.4096844966847475,0.1733154978507354,0.4615384615384616,1,5
-0.38627367069203067,0.92136870429819928,-0.043270799275730777,-0.92176643445420015,-0.38387328773517959,0.054662046037202858,0.033753394550682263,0.061000079534700963,0.99756688931272386,3.7388126994153845,-3.7554899399465222,-0.00017247643599316339,,0.08773613407803464,0.2678571428571428,0,5
-0.80018405650251989,0.58775339050605169,-0.11937934355579458,-0.59498584605102556,-0.80298790626216476,0.034673698903493304,-0.075480585040905032,0.098774360769104744,0.99224306847492616,2.6181649658772401,-6.8993249198476452,0.25952513922193715,,0.07991324969201501,0.1714285714285714,0,5
-0.51645865416595005,0.8536935799950045,-0.066915842760952027,-0.85630017772507949,-0.51528499347295553,0.035091040588349977,-0.0045237335346960481,0.075423119644368639,0.99714135851343488,-15.80360487434581,8.6339122179871044,-4.9751568016624663,0.5392497150450458,0.2223319180956097,0.4941176470588236,1,4
-0.92727678199511465,-0.31675987934550137,-0.19955186897097163,0.32221335597156686,-0.94665159738073179,0.0054135395120900633,-0.19062088764436258,-0.0592784278935609,0.97987231065080238,-7.2408036380462706,18.154953836121599,-4.5867883574134192,0.6247709211878114,0.6284915149613766,0.9777777777777777,1,5
0.50435372975710036,0.85746997423557969,-0.10184575869684276,-0.845447449946376,0.51435387420236844,0.14373135173713392,0.17563007902768593,0.013613793646446532,0.98436209799203467,3.8138252481678627,-5.3404098862444611,0.22843217161397997,,0.07088240631860412,0.2307692307692308,0,1
-0.97259456362164487,-0.15947972493211598,-0.16919229340959646,0.14527968868236893,-0.98498130993584176,0.093303971691601484,-0.18153133853408418,0.066166731917557217,0.9811566321018137,4.6444719563224401,12.59292527621356,-1.8689941215419252,0.6668743835701184,0.5954836968477751,0.9797101449275363,1,5
0.82570894534340822,-0.47796054604400751,-0.29959715286562699,0.55171859679267687,0.79492329123175165,0.25239562399217391,0.11752160453718907,-0.37369864527797436,0.92007499421754235,0.019601379386683854,-19.368763225255396,1.6530653840556992,,0.3752207293909542,0.2,0,5
0.90646672396442762,-0.32730709084918996,-0.2668110691576312,0.40088441813722009,0.86556506026338675,0.30014797974669433,0.13270177707921163,-0.37903455611735382,0.91581823722228828,7.6726692910497656,7.1711956753625001,-0.65835501231310467,,0.2508719403735493,0.25,0,4
0.92607365243856443,0.35530778165199695,-0.12705892552919432,-0.32948139237787716,0.92552075998794026,0.18669047888973872,0.1839282532288932,-0.13102558196352906,0.97416769323114272,7.3144428968348025,-11.738365863791396,1.7218862666807513,0.7338630111069063,0.4701897868567136,0.2352941176470588,1,4
0.14527374885124,-0.89066243468332218,-0.43083171347834137,0.98609079050213444,0.094801423537021673,0.136519753084416,-0.080749555921890856,-0.44467192124006538,0.89204618248109002,6.7715671419110404,14.605701713882922,-1.6899966795342325,,0.6244520525996224,0.1071428571428571,0,1
0.82857152197384842,0.54191891358120226,-0.14068803814436487,-0.52489596020529217,0.83930529690901656,0.14160102238554684,0.19481648783946623,-0.043479991759860281,0.97987551575823018,-10.343413050236105,-16.79537891568345,-0.55260430329837906,,0.1376246665438047,0.3333333333333333,0,5
0.97735441764239939,-0.12955591393226687,-0.16731290290967182,0.15347997399538357,0.97832673015125482,0.13899894479430597,0.1456785498872866,-0.16153041273001548,0.97605618991224474,-4.4385159213780305,-17.709602385029672,0.58311019858441915,,0.1366543167830312,0.1428571428571428,0,2
0.27882506072616287,-0.91307299276284615,-0.29758073761275267,0.95788326466224405,0.2422632918753406,0.15416922095451943,-0.06867486287610218,-0.32803385083985148,0.94216641625146291,-29.188882982490242,24.314968791802336,-8.6320405006963323,,0.6546405097365181,0.82,0,4
0.038194190756171413,-0.97855446377366861,-0.20241631658814005,0.99420364704517217,0.016840120663128746,0.10618624458060126,-0.10050030843017949,-0.20529873785457187,0.97352561149707784,-14.805827336781544,19.487429105968253,-5.9882748188719859,0.5823643405493676,0.5527337054683038,0.8993288590604027,1,5
-0.91331094519579747,-0.36421495250132546,-0.18223771772061287,0.35941433979158549,-0.93125256385326904,0.059916564228043957,-0.19153185045244858,-0.010776395091679894,0.98142723600432558,4.7067165494001424,-9.96761175993751,1.0645117650813107,0.1405710624435564,0.1070075218293288,0.4761904761904762,1,5
-0.80156031736912314,-0.56471770477069216,-0.19645602952730346,0.56525635811682917,-0.82281076251280705,0.058887169244185099,-0.1949007625116185,-0.063846401712357503,0.97874272909727134,5.8077909450283354,-13.262499406575808,1.6809571612981866,0.1772185330304648,0.1258120635712457,0.4242424242424243,1,5
-0.61249904957539758,-0.75603325279731093,-0.23077832422901656,0.76835130325115963,-0.63800415539831068,0.050862289436610988,-0.18569111196145044,-0.1461657222443305,0.97167607389464627,16.000203041690739,-9.7838114134246723,3.049816159317928,,0.1200334495207986,0.4117647058823529,0,1
-0.84860051214709242,0.52505994527532451,-0.064724219973405356,-0.52185836065368041,-0.85088399416757721,-0.060500246985308072,-0.086839059181601549,-0.017563665246848485,0.99606751551466177,5.9039679394340912,10.363889919020213,-1.3730639085166874,,0.1237428913534202,0.3333333333333333,0,5
-0.98729627365508121,0.011114841091570266,-0.15850087802375179,-0.012634376121952753,-0.99988335013098462,0.0085824629825952126,-0.15838699620486574,0.010475993430110754,0.9873215347569666,0.097916737420395278,-23.818961099242507,2.2157356243693944,,0.3380496977599848,0.8936170212765957,0,5
-0.65763455727183628,0.74010122758552921,-0.14059502839100932,-0.75226684799240906,-0.65510693026762534,0.070210393296821758,-0.040141979191883177,0.15193775976274476,0.98757457372334001,-13.490418157229682,13.964817251435951,-5.2147566792733935,,0.3184033543695068,0.4,0,3
0.2585587938110514,0.96474664891459261,-0.049104516605273194,-0.95368349726111123,0.26302337054597741,0.14596744019968674,0.15373723424983893,0.0090890018537155854,0.98806996354029131,7.15767431346148,16.117621459756155,-1.8234833729236499,,0.1712847613290779,0.3043478260869565,0,3
-0.96317831813107313,0.23328931956048443,-0.13365485723012335,-0.23770388384864982,-0.97117349185920787,0.017858116173379623,-0.12563594662940297,0.048970828959702215,0.99086702782236835,1.8123483065219042,13.392908789368716,-2.4739461763730093,0.3440423562729802,0.1298456838873465,0.4666666666666667,1,5
0.055836606705690614,0.99713241835560407,-0.051080462173890756,-0.99228845507021091,0.061090225420716009,0.10784992486051939,0.11066117334443724,0.04466457905712734,0.99285405780088398,0.88488119833252754,10.557200754199911,-2.3308083707237994,,0.143741520341745,0.24,0,5
-0.8252652935577256,-0.52708784129382269,-0.20276982716691083,0.52821559329169254,-0.84744975754966678,0.053077259090087467,-0.19981361878657358,-0.063303364754403291,0.97778688974550299,15.458014439467439,24.254616873776705,-1.3134484068309378,,0.2289894225022955,0.4285714285714285,0,4
0.33273989367418516,0.94160113527796208,-0.051686218675228913,-0.92999463414659023,0.33672890067661954,0.1473893751518873,0.15618624656556782,-0.00097441898945342361,0.98772714192300648,-0.23456352175452158,-1.7461979141116633,-0.94782606678350312,,0.0722088780124945,0.2116402116402116,0,5
-0.929740425682266,0.35142223428109115,-0.10993249794780756,-0.35085500145836834,-0.93609320693977893,-0.025105295713229663,-0.11172962366269458,0.015228958404502739,0.99362194521966274,-7.4991275022628372,11.591344353876,-3.9384824924202819,,0.4803549446534973,0.6113207547169811,0,5
-0.49286114647564788,-0.84222703165813062,-0.21849832365270849,0.85278767400899047,-0.51742690410766834,0.070870176829814321,-0.17274568982479765,-0.15140352059938272,0.97326044849108417,-17.140062350706156,15.58384061092204,-5.9680987470257403,0.427891060607043,0.4183293009851073,0.5609756097560976,1,5
-0.92162621591761185,0.38360975495894567,-0.05872541216306696,-0.37021871378707483,-0.91446489841814893,-0.1633770287492374,-0.11637535003267854,-0.12883130621639605,0.9848143339956773,-16.195216481228943,10.398330533824753,-5.2680365365768216,,0.1111719019594491,0.25,0,1
-0.97956872580793597,0.12274473955675121,-0.15930737688557498,-0.133393137560926,-0.98936896207202529,0.057925190894600062,-0.15050376164956547,0.077992216276172616,0.98552819945938719,-5.7500640540671535,8.0497808282210013,-3.2552223514250391,0.1410374329687289,0.1079748344499943,0.4444444444444444,1,5
-0.93600878811262855,-0.28556668244632,-0.20576495924362448,0.28542320103673396,-0.95789904088304434,0.031032624531088172,-0.20596394074175184,-0.029683284049210359,0.97810927700445682,-17.681118649917931,9.4398559911824051,-5.4219610171211281,,0.0962773746985665,0.1521739130434783,0,3
-0.67698407013598316,0.72157352365266803,-0.14499730599425284,-0.73512010384515059,-0.67254278060812944,0.085350109399934537,-0.035930512170211155,0.16437109908788133,0.98574395259612324,6.531413806574581,7.4384458943316263,-0.91904531861954908,0.5238543296981077,0.4582427964397562,0.9216417910447762,1,5
-0.48726326512401857,-0.84301885790530595,-0.22780192202155594,0.85634702062612322,-0.51236934536375756,0.064400576055480691,-0.17100962173352538,-0.16369746225140261,0.97157544747024571,1.9090433411562686,-4.90134358193324,-0.1323947720659929,0.4182276890847084,0.3852824087453367,0.7903225806451613,1,5
0.95729544076069151,-0.22846375027862659,-0.17717153808504155,0.25585436240044396,0.95481939561694262,0.1511901683124898,0.13462534805695534,-0.19006376972564226,0.97249770133313007,-1.2292642823778086,2.9059055882751617,-1.7909245819936952,,0.08260965998221111,0.3762057877813505,0,1
-0.037833116002500528,0.99531679150611352,0.088955831059678608,-0.99428781934448596,-0.046385178172420681,0.09612568620873696,0.099801741651782433,-0.084810965045149053,0.99138625801015712,-5.2631929805631508,22.030056015273509,-4.6783024876130268,,0.1343106921409074,0.5,0,1
-0.39790993538534219,0.91527237083095547,-0.062802631434635783,-0.91441579086233771,-0.39013513435651315,0.10788113070519206,0.074239105215771067,0.10035469163973904,0.99217815493118677,13.593325318786695,-8.8180755992216273,2.4218901136946531,,0.7135297120710474,0.392156862745098,0,2
-0.75125200607545517,0.6488108930344153,-0.12109850720586822,-0.65755198532890058,-0.75157985119575121,0.052470123561840262,-0.056972010300030372,0.11904684941844429,0.99125276175449628,-0.34090352871150609,13.804024346739695,-2.9418724482189416,,0.06945653063391881,0.3235294117647059,0,3
0.083915062989523045,0.9897106730331644,-0.11589238925703585,-0.98922844660527764,0.096738250847484553,0.10985805045547505,0.11993891207766107,0.10542530297423447,0.98716774808662422,6.4347735893426181,0.88351609378781581,-0.13268553850264336,,0.09540878243936013,0.4406779661016949,1,4
-0.7888502612269942,-0.5833737110427899,-0.19336591898850206,0.58409515847113969,-0.80950985083901761,0.059385581121741964,-0.19117560307915504,-0.066097765913503678,0.97932781749961839,-2.8070444963052781,-13.047660384988657,0.15384605272878013,0.1874607499085097,0.1791538049544576,0.4333333333333333,1,5
