axis_00,axis_01,axis_02,axis_10,axis_11,axis_12,axis_20,axis_21,axis_22,location_x,location_y,location_z,dbh,dbh_approximation,score,reconstructed,number_clusters
0.61409534321836601,0.72855690809529816,-0.30346621081124936,-0.69673717718914463,0.68106751377049457,0.22517625898167076,0.37073469673072246,0.073156499048938964,0.92585307219173962,7.3148046939527003,15.357511862098976,-0.63057235139645051,,0.198916531357766,0.3846153846153846,0,5
-0.91086487257766158,-0.10554074350821087,-0.39898162283971766,0.084039666713097913,-0.99392559304326644,0.071058074223433479,-0.40405756808013399,0.031194021115040937,0.91420151756811385,7.3659293071955743,4.2038988172162766,0.55638125474480804,,0.08484441496068226,0.3636363636363636,0,5
-0.91959573478881262,-0.046080246413515637,-0.39015419445226407,0.013092611443104148,-0.99614036855485366,0.086792566853399006,-0.39264776592236628,0.074705937018897758,0.916649744935493,-14.865763954925979,-7.6419286299581435,-6.7365252359384415,,0.08701574611681184,0.2941176470588235,0,1
-0.40793034189202981,0.8613134016879429,-0.30287301008276679,-0.9114516825148079,-0.40356526108902185,0.079943170334149188,-0.053372901408645111,0.3086653594346046,0.94967206407281923,-8.1205428561957991,-8.6567406621587661,-4.0580265372233955,0.3422583958407263,0.1668547275259389,0.2575757575757576,1,5
-0.81188671700252857,-0.35008029600464635,-0.46720846000918714,0.4044310892862335,-0.91439843100327145,-0.017635288415764495,-0.42104091579513708,-0.20327148282052687,0.88397129563031462,3.7827101756987336,5.8220494044005315,-0.94914707632871176,0.1149408178153979,0.2405497928119629,0.1558441558441558,1,5
0.77048772480726013,-0.46765157845817423,-0.43318664232280907,0.58640140182525657,0.78645060601771266,0.19398154611134069,0.24996412114282573,-0.40348165442799272,0.88018207927754588,-11.993591236338782,19.516259970665775,-8.8720512677173389,0.1492884822321904,0.1279498266175853,0.2580645161290323,1,3
0.76123307439623156,-0.43373904704654964,-0.48207327815635281,0.60245172928034318,0.74808775573986841,0.27823842940760563,0.23995024553516381,-0.50223017509826917,0.8307759811696388,-7.0868149918837009,-25.387527217613645,-1.9361562691883745,,0.3360666588269689,0.1875,0,1
0.49466972622239674,-0.7510956029443504,-0.43721534419176045,0.86465594624995656,0.47603949095086545,0.16048831007220138,0.087589705865753167,-0.45742955555243858,0.88492160394774355,-12.288667112874162,-14.46137340558519,-4.9290413442082333,0.4980936588131252,0.5094291777038715,0.9731543624161074,1,5
-0.8106670392102211,0.49573415831183903,-0.3115551248511042,-0.5198423483521617,-0.85423674394609683,-0.0065968289413034968,-0.26941210885527123,0.15661171595772611,0.9502051810145703,6.6252809741924885,5.8539954379062804,0.06169586352259776,0.1725561959055714,0.1142073054298858,0.3409090909090909,1,5
-0.79579726566362319,0.49978332407920134,-0.34194055175519139,-0.54738442626790096,-0.83518812967907374,0.053207874628961899,-0.25899228143259689,0.22951561388174579,0.93821403802268044,-13.162156109211661,5.6681559946238451,-7.5960295189155538,,0.2263173726843618,0.8588235294117647,1,5
0.77863815233122868,-0.47802103641958688,-0.40647080642347994,0.57679603539514945,0.80031295824355564,0.16372386026442792,0.24704040415820147,-0.36193239369776298,0.8988748417357999,-6.7599188275743094,8.1305390260655983,-5.3490447397247811,,0.08581775026072817,0.3312883435582822,0,5
-0.22716591998283517,0.9002770766247653,-0.37134462444246991,-0.97310048055117671,-0.19482174749282338,0.122963171132302,0.038354915583551356,0.38928867438933978,0.92031691739463839,-7.5674002236610836,0.19957728459471047,-4.6833767800859549,0.4951727074430069,0.3701957559750504,0.9341377576671694,1,5
-0.87212612733539574,0.36008047028519563,-0.33126737379065618,-0.35975976971732043,-0.93080415814167705,-0.064626057276498727,-0.33161563007781558,0.062814601052279678,0.94132109281728993,-3.6677575311232711,-10.167713518363543,-2.2048346022679932,0.8287951904969599,0.3082146919605266,0.3717948717948718,1,4
0.69778349127481609,0.62697749606273145,-0.3464064357589729,-0.60513270592355828,0.77473865039942147,0.18328783865525389,0.38329180466840185,0.08172663585508437,0.92000442904686552,3.9562536699275928,19.994464123958771,-2.5308431751756104,,0.1549263383554199,0.6451612903225806,1,4
0.45088147342289575,0.86676968696963497,-0.21311078497945693,-0.8280636508989011,0.49531772839986715,0.26262318631982745,0.33319136691094203,0.058057365453120374,0.94107005867398696,6.1289405592616166,7.9464030302378852,-0.366296975137824,,0.5131624236726001,0.3448275862068966,0,4
-0.66991766354203763,0.66846355693404358,-0.32305850418378401,-0.7219170839791933,-0.68809305077209348,0.073237130870423495,-0.17333795872040181,0.28228430089227396,0.94354095064093746,13.753110056864625,4.5172974468543776,2.747203455811833,,0.1446426588713676,0.3333333333333333,1,5
-0.44027279217771387,-0.76176741736080977,-0.47525810915278571,0.83880435694524258,-0.53777104787020336,0.084909073968929313,-0.32026101735571438,-0.36126541755338998,0.87573978945932152,4.3875398138812169,-9.927712616564671,0.84647607292981775,,0.1419969109687139,0.36,0,5
-0.59543160680080753,-0.66936053780930727,-0.44431708502627137,0.72382211753297609,-0.68693142104552274,0.064859578710136465,-0.34862980909940305,-0.2829870901719953,0.89351864166524242,8.5262035275296064,11.208340311342704,0.17699034541696987,,0.2142158006835983,0.7380952380952381,0,5
0.040959470300724742,-0.86602804965247493,-0.49831489944393109,0.98542010136750879,-0.047413870737470727,0.16339874137379196,-0.16513493153640449,-0.49774224461745414,0.8514594014453335,-9.8941952578632062,-19.270178092039561,-3.5031131465569563,0.9304228686339465,0.5559893746743437,0.6086956521739131,1,5
-0.29432662935820664,-0.85814765340778409,-0.42065953002559237,0.92333072113294756,-0.36892221919870799,0.10656817345536745,-0.24664187532280413,-0.35704201591999768,0.90093772493166024,1.244354405371215,-3.9729787990390801,-0.77472185060413412,,0.08046789409120556,0.3333333333333333,0,5
0.48850324244589505,0.79283683859521092,-0.3643821201516329,-0.81002534007611848,0.56730305965489125,0.14841221964773549,0.32438176667996621,0.22265890027697238,0.91934731389885149,10.593496720802689,9.4975310047111243,1.2646002046567169,,0.08412407635118191,0.1538461538461539,0,5
0.1271335983547644,0.92558470943715865,-0.35655293271196264,-0.97375674467359397,0.18488019765795244,0.13272947945593194,0.18877195335127425,0.33032144673043629,0.92479883837397658,5.1300565168292254,13.466554997361749,-1.2778877788100813,0.1938608608152545,0.180325851995696,0.5348837209302325,1,5
-0.80601910644833186,-0.39972513083944983,-0.43652379066394253,0.43374947396038299,-0.90071673682177844,0.023890455169749126,-0.40273389959044148,-0.17008580124311229,0.89937546460650364,-15.455687344203934,24.337424842954327,-10.942383649357485,,0.2245905562312775,0.2777777777777778,0,1
-0.55020557679429993,0.74135408108283685,-0.3842758771068972,-0.82647988637351799,-0.54916491202643825,0.12389066477750429,-0.11918397830442304,0.38576161792072827,0.91486783387258364,-24.067670547327435,15.570806237375615,-13.232457358899929,,0.1376729254186985,0.4,0,1
-0.38781966512528226,0.84217494789329184,-0.37461615619597316,-0.92103695561753285,-0.36989365187946044,0.1219410213425494,-0.035872464773158551,0.39232645008998357,0.91912628230885141,-5.8699324423374479,-5.4381361890202511,-3.3175103038045539,0.3289036729282145,0.2837733289150605,0.6411764705882353,1,5
-0.44772069735876224,0.86288072756607437,-0.2344845989646766,-0.88802704513723441,-0.45977674260623902,0.0036488440947943326,-0.10466204785601795,0.20986232857146603,0.97211298663537349,28.031640444729572,-11.841278166844811,9.2043891502432231,,0.2148653411600531,0.2413793103448276,0,4
0.86867736351022573,0.32578414662425614,-0.37318136064550128,-0.28364712063116715,0.94471917464568111,0.1644688177571377,0.40613292046147986,-0.037018520568596607,0.91306389702601909,-14.222954680609766,-13.460341025057998,-5.8047133990547488,0.1775292461105847,0.1389054078901038,0.6470588235294118,1,5
-0.507639906201374,0.80983488923033897,-0.29405641944556232,-0.85609321284490858,-0.5125448282349363,0.066349151995342012,-0.096985238839431429,0.28542118217627777,0.95348236072428405,-1.5027434387620386,29.183716507490718,-5.8713149898659749,,0.1261489453071666,0.3333333333333333,0,1
-0.9029514506607289,0.28911921500676224,-0.31794458206354181,-0.27453766280515818,-0.95727849341499027,-0.090812762024999272,-0.33061722497650953,0.0052882472523069803,0.9437501178754002,-8.4473850180513228,4.7208280754353042,-5.548703385612054,,0.1294072562739114,0.3097345132743363,0,2
0.71439886287999466,0.60033431560994666,-0.35948988054868491,-0.583876310675285,0.79456770188980108,0.1665851762486022,0.38564584601417462,0.090889364695200286,0.91815924808135219,-7.4931244743632677,14.644736127778684,-6.4430254199050827,,0.3049916215491734,0.9054726368159204,1,5
-0.38613214924572942,0.85284323697970255,-0.35151155949251095,-0.9219814637972028,-0.36887803355746396,0.11780991797444708,-0.02919150104467428,0.36957733899247919,0.92874132392717235,-8.4042906507205277,8.0654606128315791,-5.8510674885598482,,0.1895698813389925,0.5339366515837104,0,5
0.88159583107146766,-0.24743678696838223,-0.40195003059108009,0.34881679221567996,0.91524108093203327,0.20164476001802087,0.31798684895097457,-0.31797610009106897,0.89318282768149038,-5.8781044050784006,7.4122679770038022,-4.828624103707984,0.1880889012450408,0.1337504316049847,0.6210526315789474,1,5
-0.46582817010720101,0.81964250953707529,-0.33345205426619162,-0.88163363841553566,-0.46213265598705683,0.0956845645051181,-0.075671946907438156,0.33855511343076061,0.93789881736844272,-14.752759021315677,16.365972545782004,-9.539743798219197,,0.08387057301648304,0.2857142857142857,0,1
0.42704165352319112,0.839203242073981,-0.3367095850264733,-0.85071777476106403,0.49907587052694491,0.16493193494092481,0.30645504378581229,0.2160120226984906,0.9270512996527992,-9.2347313955300105,13.768807024090217,-7.0389559665941421,,0.1400060548914847,0.3538461538461539,0,5
-0.40130318283636901,-0.7632693604496309,-0.50633550028040908,0.86207233649656756,-0.50153188249975977,0.072780886801389222,-0.30949481755394442,-0.40729062625483958,0.85925974168012309,-1.054155201741505,-12.788780081631204,-1.002900119795912,0.5051690293865434,0.180291787569635,0.2380952380952381,1,5
0.76997264227966067,-0.48195357558417512,-0.4181660927460607,0.58894215071399791,0.78898036784109193,0.17509175387123924,0.24553874083991092,-0.38109149838715206,0.89133607388222902,-15.602718046231837,-1.8226793462660542,-7.6096208190095025,,0.2163992373410878,0.6404494382022472,0,1
-0.63907367460130216,-0.5661575001797382,-0.52062512753594536,0.67678242292283242,-0.7355344730372434,-0.030896456051230113,-0.36544546850972148,-0.37209504694910284,0.85322616320742017,-18.728842442207945,10.693166541249195,-10.480082916305545,,0.1723814825610183,0.2698412698412698,0,5
0.36410436681199709,-0.81495223224590452,-0.4508667976529806,0.92956154232790855,0.34803638911363255,0.12159774207486529,0.057821700886396932,-0.46338270469468668,0.88426982301582713,-1.431699235695215,14.187145662797374,-3.9666583789540306,0.3017718367369436,0.2243170506057589,0.3152173913043478,1,4
0.895357775377014,0.33398582122639642,-0.29459790442508982,-0.18315990905421406,0.879123544287571,0.43999345630874037,0.40593952971739128,-0.33999303683897553,0.84830291353609899,2.7854919215725285,-6.5972662359644989,0.055511681131739633,,0.3443257825119472,0.2906976744186047,0,1
-0.89100606997454679,0.25873725332962982,-0.37304586448311278,-0.30488217142462826,-0.94985839690873386,0.069396594796683142,-0.33638526248323902,0.17556782040399774,0.92521397288555507,-29.094063209694966,11.454364543363106,-14.769191446384012,,0.8068942959290082,0.782051282051282,0,1
-0.15153558355619359,0.95374178180913671,-0.25964125355539869,-0.98579314707206067,-0.12656823680559315,0.11041898667207388,0.072448865429682249,0.2726849740331474,0.95937170420775653,-6.493738233337198,9.1975843869034541,-5.3638162726122864,,0.07476403682773472,0.3620689655172414,0,5
-0.8862017423486338,0.27679954877822482,-0.37152184546055467,-0.32337225296452765,-0.94381326837423229,0.068168177718010953,-0.33177832640317328,0.18055061405855133,0.92591825659298288,-16.514996590812299,18.885670362627899,-10.554187198633015,,0.2277973322329957,0.3103448275862069,0,1
-0.22669831192614365,0.9397737555455935,-0.25579906911004718,-0.97190233387762826,-0.20119289017027606,0.12217722516143997,0.063353995714989411,0.27630908297169865,0.95897839490485015,9.5886326048189368,18.211582199975638,-0.14460098727296453,,0.2671192834031435,0.4242424242424243,0,5
-0.91303129431237262,0.13638485361342806,-0.38441257434053555,-0.19137265382776764,-0.97550905450859526,0.10843704135886362,-0.36020877692414915,0.17257246673959983,0.91677062602933457,-2.0334340670782241,-3.438761454078509,-2.1302488208535686,,0.1025083889341977,0.6055045871559633,0,5
0.87766049980358607,-0.2621345638715718,-0.40124495948034095,0.35257874753127261,0.92020379640074024,0.17003881874132129,0.32465408340847757,-0.29070679990933435,0.9000496000847259,14.963665001497992,-6.738877584582605,4.2012640726622257,,0.07246922904499045,0.3157894736842105,0,5
-0.61332191725591523,0.69233294364157572,-0.38014644673088649,-0.77483826291565328,-0.62074336952150122,0.11959655311481897,-0.15317275258798771,0.36790319969209784,0.91716156892934353,-5.1446258838833625,-13.582576994950376,-2.3477693625663743,,0.08728098400561468,0.2857142857142857,0,1
0.17697370083370093,-0.88841963149597425,-0.42354559091764926,0.98193336661942521,0.13008891534151173,0.13741811243322463,-0.06698636228864116,-0.44021293992547067,0.89539119651106025,-5.9333948373369099,5.3916191818505519,-4.6351113104954056,0.2550438653787727,0.1580780178126651,0.7240948813982522,1,5
-0.7588778166490403,-0.43431427571661935,-0.48525825011712509,0.54506221108294495,-0.83136959841376745,-0.10831332735496041,-0.35638693220621492,-0.34669251613220586,0.86763624509961723,6.9137129845344214,-9.576435411637279,1.5936719677630227,,0.5336448618181584,0.1296296296296296,0,5
-0.80084842896062269,-0.4458300396106859,-0.39984668263227735,0.45487468545888848,-0.88712565356911766,0.078083899161370082,-0.38952639751367307,-0.11934676602363435,0.91324998498752774,-15.474017398950497,10.930316926177559,-9.1916416567476258,,0.1655939419953674,0.3846153846153846,1,5
-0.67384978348347502,-0.57650040183710505,-0.46214040721509037,0.63875255635426087,-0.76890938010994492,0.027812531884677603,-0.37137802984313667,-0.27645189791462094,0.8863705247182091,-1.283915411285488,-22.429751386483552,-0.19681735917946291,,0.09909727904962906,0.45,0,4
0.90222602292824894,0.20569619260680178,-0.37904785964062798,-0.15048922511171256,0.97383873771374396,0.17026774813034457,0.40415491667967135,-0.096577374551018211,0.90957771193476389,-0.69202813458141055,-3.8448375438397648,-1.5348755660296691,,0.09387872147355965,0.1481481481481481,0,5
-0.70579319568231136,0.65631776208588288,-0.26665138308122205,-0.67782603331911406,-0.73506678879058329,-0.01512232032376633,-0.20593162332052187,0.17007001848555778,0.96367440317199238,-12.90867636291483,22.773484798683103,-9.5887155358965686,,0.08854088142791486,0.1666666666666667,0,1
0.16638137821098134,0.96564706962658475,-0.19960704873877466,-0.96467543118473653,0.2013336946792213,0.16990013494802317,0.20425119204831291,0.16428779719870656,0.96503418086534065,-2.9300583673035998,-10.871117436738535,-1.8110954695465866,0.2118183795692888,0.08265471726317605,0.1,1,5
0.88024975698164631,-0.25915171066752912,-0.39749308948942341,0.3444947597763503,0.92509558891642096,0.15975453625489236,0.32631844235407254,-0.27755817809150274,0.90359157364051279,-10.784898004451536,20.192589186037772,-8.407520176908422,,0.06835450459615884,0.3333333333333333,0,1
-0.84898156835014205,-0.23742260810180998,-0.47208135079016628,0.27257642782581859,-0.96211335742440829,-0.0063228521451967213,-0.45269458533922191,-0.13404623317224587,0.88153231351827488,5.9497691377048332,14.308343763041972,-1.1883367972538983,,0.5093190785358892,0.7037037037037037,0,4
0.044073999267557,0.94673075221197378,-0.31899587051357303,-0.98725954882217726,0.090141724835559114,0.13112228148983726,0.15289233417013806,0.30915263586102454,0.9386418815992531,-9.5994307849105542,-11.015296766642063,-4.2765425048729471,,0.08237290493246541,0.1428571428571428,0,4
0.83398833682629314,0.49168407483299503,-0.25042009622499239,-0.39062754549630885,0.84664142482942129,0.36139786726312545,0.38970960308573599,-0.20358061872002509,0.89815441709336852,-0.40659014732427351,-11.378127274294776,-0.76258966404722472,,0.4439237756972777,0.1607142857142857,0,2
0.79324670414557297,-0.45906953333707068,-0.40001853697531309,0.55069288964166241,0.82118788759961381,0.14962551439443553,0.25980186231107283,-0.3389773101866374,0.90421091318249969,0.97246957679845591,-14.168279784311878,-0.27262561820756176,0.5261301876828232,0.5080264878252592,0.9748743718592965,1,5
0.94598659777869387,0.037122663373559975,-0.32207338400921048,0.043559997155352068,0.96986159221367163,0.23973113814560368,0.32126606336635799,-0.24081195944722955,0.91585900482348714,-19.554382690815604,17.212482796574815,-11.553504253761375,,0.4532790728468183,0.711864406779661,1,2
-0.85606689781895973,-0.3277305640154079,-0.39967754986834819,0.32262650381151364,-0.9429522958385913,0.082177288900826859,-0.40380887248422698,-0.058597313785473795,0.91296481275027475,-2.7794852383878408,7.0164499050335793,-3.539944951150789,,0.09417972903146582,0.543010752688172,0,2
0.50840572715676335,-0.68948088608390978,-0.51588731746297922,0.85262453522579651,0.48698978130307874,0.18939998637110136,0.12064418148090086,-0.53615022207523677,0.835456713925669,-0.20505258814371083,12.335457514599499,-3.2714375541405789,,0.1508835910166474,0.2093023255813954,0,5
-0.3649323110919454,-0.67022520028560328,-0.64623725459247228,0.88845128179968647,-0.45820540628606793,-0.026497651192414453,-0.27835001022020256,-0.58382016627754796,0.76267639615899363,-21.325716797830726,14.738295847256737,-12.013924230038192,,0.4929168863788662,0.1875,0,1
-0.65180863303872849,0.66856122416351194,-0.35801032867945587,-0.7382369471845478,-0.66743155132628118,0.097679752793681088,-0.17364249395762824,0.32796495824886807,0.92859424424933545,-1.0467298319098763,10.746677778866173,-3.4433753388594028,,0.06947938507102489,0.3,0,5
-0.40700269943243628,-0.7705870977082997,-0.49045318583959674,0.86958009252865609,-0.49123428012755338,0.050193074277424969,-0.27960555311467744,-0.40605960999964574,0.87002087779223525,11.643420787505384,5.7320481097319682,1.8588876677824313,,0.2174463160673787,0.2142857142857143,0,3
-0.80351629486750453,0.48685224073993077,-0.34254409872147262,-0.53167384223207603,-0.84574657654545027,0.045118219688194371,-0.26773959245613843,0.21837496181604496,0.93841775701617103,-15.270121142037265,23.197521068605425,-10.56940616728939,,0.1404900949074444,0.5,0,1
0.029166707703020676,-0.86520650342324779,-0.50056668846007346,0.9897442158187717,-0.04506199355832724,0.13555738264599893,-0.13984166194325301,-0.4993867470915373,0.85501882225731241,5.5450451896454718,23.969605941539882,-2.4074452550665564,,0.2447765848522324,0.9459459459459459,0,5
-0.78397875188524613,0.573322984857078,-0.23807156828782033,-0.56615301441545018,-0.81763017286960027,-0.10465020153600624,-0.25465286344502536,0.052741401648025661,0.96559321854052538,-25.223054634044679,12.11563101897754,-13.23689642968675,,0.2978881814885785,0.2,0,1
-0.017788018931427587,-0.81489732372396773,-0.57933232101274146,0.98930059925201586,-0.098260469648691409,0.10783878905115886,-0.14480300653680128,-0.5712155739227821,0.80792626978330706,0.080510763998312196,-8.6370490724479012,-0.83653918085383483,,0.2011804104376313,0.52,0,1
0.90720679022240869,-0.13409660212480626,-0.3987404432371216,0.22672780445718446,0.95425163586887074,0.19493157293678465,0.35435905866843526,-0.26724879184042294,0.8961069918260065,-1.141675780842782,16.896784655774319,-4.1966067915756167,,0.1469562517799549,0.5111111111111111,1,5
0.84566239629412354,-0.35316718002831032,-0.40016003604174655,0.44201518645325377,0.88364747925727294,0.15423912391790537,0.29912821070366502,-0.30731104007685545,0.90337270171735029,-13.532714931219939,12.925055907517082,-8.6568672410890457,,0.07853152523736241,0.3272727272727273,1,4
-0.28235573980172413,0.95626257852775398,-0.076401028189891779,-0.95922485910683841,-0.28037432098878001,0.035747864293512004,0.012763458484588463,0.083379380169992717,0.99643613598161951,0.65846323830101539,8.668751738343758,-2.5213015890263466,,0.08847849112607312,0.2926829268292683,0,2
0.60719507824862329,-0.67183964648373884,-0.42419998392651176,0.78275750218151763,0.59744740244634864,0.17420474760654978,0.13639952246690404,-0.43782198519799709,0.88865464582597253,-10.519523571901511,-17.730805665979489,-3.8366148790049266,,0.1034404421283846,0.4,0,5
0.72783588187774173,0.60292809481972887,-0.32669961972475881,-0.5650171800898196,0.79723506987028514,0.21253665465577923,0.38860071442883126,0.029899094400565578,0.92092102207487236,-1.2824926521959388,-4.7282427129386271,-1.6099431134071556,,0.0918690216970954,0.2828282828282828,0,5
0.29128133942645368,-0.73459232151421394,-0.61280445696346753,0.95514413577916202,0.18754458163745225,0.22918706286593077,-0.053430901064928524,-0.65207449809879259,0.75626978502423248,14.868869786559813,4.0348343554123369,3.2031322788721659,,0.3623675561913215,0.3125,0,3
0.33913569657971315,-0.79302133593629376,-0.50606732759110984,0.94059834782742413,0.29509293555714811,0.1679133927016658,0.016177990286551047,-0.53295151762058035,0.8459911066295005,6.0245775330121845,18.814957762353561,-1.6529607087361571,,0.177584664870037,0.2222222222222222,0,2
-0.6306376600587974,0.69337409808649653,-0.34860938286039117,-0.75051225578700342,-0.65921717001000579,0.046519637546989359,-0.19755377908070715,0.29097264968848391,0.93611293202486756,18.798940986057126,12.33579562787383,3.982286919706834,,0.2314995755652577,0.3181818181818182,0,4
-0.62676423821226557,-0.64170296722094655,-0.44202250118973563,0.69464592026092642,-0.71715656211284551,0.056156129525934372,-0.35303489227418816,-0.27185247337170904,0.89524443453094693,-2.1065563144978583,14.588496822246711,-4.2261234002037993,,0.1446011654564507,0.35,1,5
-0.88472720767562407,0.31913489577043175,-0.33972148342442238,-0.30908500170090564,-0.94723771021820857,-0.084895123912494097,-0.34888999659211434,0.029893789357694829,0.93668678416842921,-8.2807070890190939,-11.880576800584109,-3.772044143881577,,0.2945935825623331,0.5263157894736842,0,4
-0.086396383471664659,0.967188304759804,-0.23891933379044838,-0.98883472994653832,-0.054023502241135529,0.13887886108820338,0.12141475105839294,0.2482503662463697,0.96105682136071935,-1.8325985837374097,22.46796865582759,-5.1696024380178978,,0.2771426345438708,0.3043478260869565,0,4
0.81910599918577232,0.44103560086067178,-0.36681461376469893,-0.41211467413483427,0.89723622820627336,0.15852017586705047,0.39903240151724323,0.021324857974849329,0.91668882014112896,16.00577535502271,-8.1963387371886753,4.6815197065503771,0.539856736594666,0.4157991644608702,0.8901098901098901,1,5
-0.5550506177908473,-0.68960677674944681,-0.46514654158795887,0.77631452123839539,-0.63029388699030331,0.0080857984798642316,-0.29875504314471596,-0.35661198729697058,0.88519676609876141,9.3594009086884835,7.0654768692086414,0.98302242799873807,,0.2727516291944561,0.3333333333333333,0,6
-0.47663383897988437,-0.77508537990882331,-0.41480457735046039,0.8168601640250337,-0.56487137549065225,0.11687515381934162,-0.32489945516773966,-0.28313068184655449,0.90237318279568346,-9.3061670209012117,6.6113245985385234,-6.0910237273385182,,0.1032103290821803,0.3932584269662922,0,5
-0.69043409455387528,-0.5590528929457852,-0.45908672815332047,0.61191455365462866,-0.78983217068931144,0.04154180027236052,-0.38582553065242986,-0.2522399750895174,0.88741966107564463,-15.757632525379867,6.735079447716469,-8.7026895349802302,,0.1718121742797444,0.3620689655172414,0,3
-0.88788649190388202,-0.23896154287853857,-0.39313478416406555,0.21821879724716248,-0.97102879637246031,0.097383947052134892,-0.40501621451815972,0.00067649135956824983,0.9143092520240732,-2.7665410714478762,8.9865782251232744,-3.8751907626893285,,0.2518073529048844,0.8816120906801007,1,5
-0.31617563765505557,-0.8132493392059692,-0.48852684515231404,0.9085211707670493,-0.40782833559116949,0.090913865592692461,-0.27317073126799074,-0.41509223188345779,0.86779962584027448,9.9087720355356943,14.290824170277515,0.4614844493793675,0.3817242416161485,0.3146432443606632,0.5,1,5
-0.77527328208393165,-0.37198366859197562,-0.51046987020554258,0.48308270267642017,-0.86986857010014074,-0.099798662950871614,-0.40691822330986044,-0.32397040150728529,0.85408473729809409,-4.5059878753173335,-4.8396951788271885,-2.8499393285971419,,0.3138722763096342,0.1875,0,5
-0.91868321940946018,-0.05807271908033735,-0.39070283038913994,0.033709617513905402,-0.9970514790358449,0.068934823126625619,-0.39355406752126831,0.050158822265371994,0.91793207182580494,-14.626969186949632,7.0233384788089737,-8.3206053853834572,,0.1361796296533529,0.684931506849315,1,5
-0.18051060207327974,0.92979379246702709,-0.32077940399739724,-0.98174642762476672,-0.1504568197166615,0.1163473130190695,0.059915560459294449,0.33592595745272696,0.93998078529527263,3.3085824262169665,12.192269099261168,-1.8137264004483322,,0.08738576816283691,0.2894736842105263,0,4
-0.91715565821826861,0.1439295064388538,-0.37163126318231182,-0.18308224334585552,-0.98044920638706567,0.072112730266027478,-0.35398642738057307,0.13417768395392671,0.92557547415599595,-5.34529843129204,17.657938493669153,-5.9290656814636309,,0.09456591254250749,0.2368421052631579,0,4
0.71101247109550836,-0.55599422688391298,-0.43050166738169537,0.66808228124287206,0.72513003038141877,0.16689069635052606,0.21937942345621148,-0.40627190243826067,0.88702638622152474,11.47546780787783,13.063331060506181,1.0653070128857867,,0.8602709520376453,0.6323529411764706,0,2
0.20179871162415286,-0.87220474388807523,-0.4455739722267989,0.97819659927166347,0.15668473517822359,0.13631326764288718,-0.049078438852345918,-0.46336678614383447,0.8848064920300649,-11.767272199479645,12.045249270422577,-7.75755646799964,,0.1072166993167051,0.3777777777777778,0,4
-0.71130249528364675,-0.54803330966504704,-0.44012299610544342,0.58803433319388909,-0.8069970934852132,0.054509761434411157,-0.38505114360104914,-0.22003450321254808,0.89628144809960841,16.92337495906369,-9.5342638871014831,5.0711570670967632,0.2192764409495495,0.1942092805480883,0.5945945945945946,1,5
-0.84371657758802998,-0.29785948351138997,-0.44656697681923563,0.36924023015124646,-0.92587904963707068,-0.080060214095463364,-0.38962031407640724,-0.23243862313626984,0.89116120726472292,-16.915684685952662,7.3859377579649665,-9.3768486663179136,,0.2748598170113796,0.3372093023255814,0,4
-0.73933146815252448,-0.52157609332593535,-0.42584898622667616,0.54864276115375044,-0.83328067035416886,0.068076758498740064,-0.39035893845667385,-0.18330767382999075,0.90222956939019472,-4.9068898057417778,6.1314655285106916,-4.3264204500751431,,0.07773501206090586,0.3925233644859813,0,5
0.24101105399614059,0.93504812603958254,-0.25999744968275423,-0.9341369794814558,0.29616214513942912,0.19918857234207857,0.26325230372578545,0.19486658455537889,0.94484138288222197,-12.800557683810004,-7.9654439172406679,-5.9039087484820456,,0.4589111925085465,0.35,0,3
0.24949593983501769,-0.87663045777067861,-0.4114253474381615,0.9678419867582726,0.21162815853753575,0.13599783521001974,-0.032150655881976943,-0.43212563337851451,0.90124013021146376,5.5835556595375202,-12.03664557289915,1.4192663637938094,,0.1073411916162884,0.3333333333333333,0,5
0.67238323615021578,0.64324595198038625,-0.36624503956369164,-0.6375407981042982,0.75466563009107834,0.15498876575987819,0.37608843972754319,0.12928430693662163,0.91752005617491517,3.0622744101967205,15.794044858288201,-2.4055001929832782,,0.2943702764367425,0.7964601769911505,1,5
-0.77253836044474677,0.51722964670893623,-0.36831776254573001,-0.58422855727915712,-0.80621597372488119,0.093235168098510679,-0.24871967051453422,0.28720949893099268,0.9250130967845539,-14.373106995462136,8.3727936740315432,-8.401432366651429,,0.1396483296088758,0.455026455026455,1,5
-0.3822339404710689,-0.80884241022479153,-0.44684580133834684,0.88170644097193374,-0.46396532537871382,0.085615003327863357,-0.27657000325517073,-0.36126186107583269,0.89050485738790908,-13.024580974404325,16.141869695268344,-8.7929881289030867,,0.304645556237191,0.900990099009901,0,5
-0.36466072557729773,-0.80939408895262799,-0.4603300598374887,0.88644658939106025,-0.45309156668770167,0.094448273427538337,-0.28501754222924203,-0.37361643561951496,0.88270932908663235,-4.4611993034201234,-19.546825842631698,-1.614258342690057,,0.1648771557626823,0.2727272727272727,0,6
-0.79045164620616171,0.48504407836468905,-0.3740567297260125,-0.55370852598391684,-0.82695073101187566,0.097771962911886418,-0.26190277444633508,0.28440240948746304,0.92223760832826496,-1.6305562810502872,6.6597716193972483,-3.0585692004844405,0.2423461894671406,0.2830750405111362,0.8446833930704899,1,5
0.65244649380454145,0.69602328277486503,-0.299775186694066,-0.65774933691186355,0.71656346860316567,0.23216934607179526,0.37640321799124588,0.045698854457216082,0.9253281753989413,-3.7079082188435932,18.361966963550238,-5.3968149358215358,,0.1495870294592577,0.4,0,4
-0.16059327517629043,-0.88506373404085426,-0.43688898664742326,0.96491365135176144,-0.23393616191612299,0.11922884543165294,-0.2077292598628411,-0.40241279655797929,0.89157865371666589,-2.8611893766183965,24.03007279717297,-5.7416550664066257,,0.1881295572518286,0.7592592592592593,1,5
0.85044315900193979,0.38892640835321551,-0.35423534859224476,-0.3372822200715504,0.91986772031772013,0.20021009250556457,0.40371665475975543,-0.050790018733491017,0.91347317238474146,-2.1804498605325393,3.408319397440887,-2.891650035701486,,0.07139567102472136,0.2245762711864407,0,5
0.8767563958390947,0.38594959867780249,-0.28695144125040734,-0.2570463308667954,0.88033588146815389,0.39866768064091784,0.4064792813209066,-0.27577462370590594,0.87104704280349132,-8.5482444439383389,15.788234017637825,-6.9526549293090314,,0.3195503759485269,0.2407407407407407,0,3
-0.82992952082467242,-0.33932488449049947,-0.44280426062678996,0.38463409031686674,-0.92296857470715254,-0.013624487849565541,-0.40407128953916699,-0.18162497864708971,0.89651478521081729,-3.3854418533904753,16.57563772838035,-5.0618488851866958,,0.2099285499983412,0.3076923076923077,0,4
-0.83217594158608243,0.40427789779526802,-0.37952942389168726,-0.47325560984243614,-0.87450584064453085,0.1061539562676128,-0.28898499960721319,0.26795319746709745,0.91906950442780855,16.721078144940499,13.276572375411323,3.1628909396485247,0.3381562450238231,0.3293136934501462,0.8823529411764706,1,5
0.9003581253305496,0.2028965530572259,-0.38495225016715501,-0.15687445114950074,0.97650070665535427,0.14777271899149136,0.40588871963606299,-0.072659195282439484,0.91102963102914869,-11.196909714460322,10.511941628119354,-7.4426938744569311,,0.3582449970903719,0.9193154034229829,1,5
0.58989657768030201,0.78876651269883613,-0.17282770636094652,-0.72693331617436363,0.61193254877866632,0.3116191739623691,0.35155366798941456,-0.058188866548192039,0.93435757305917211,-13.506779103353207,-10.032227638385191,-5.8535626802502474,,0.4458941232397753,0.2727272727272727,0,1
0.70389370743022672,-0.57613291006629197,-0.41545699967466765,0.68469314037303797,0.70599464858100713,0.18101618629583338,0.18902103630611605,-0.41187671227386319,0.89141944208113133,4.074449851425042,9.7287965897495088,-1.2522136879304948,0.5544324481597186,0.475208886468783,0.6828478964401294,1,5
-0.8989180967642606,0.20084048001495267,-0.38937046228121047,-0.23573057423298185,-0.97084675204873405,0.043447444208068627,-0.36929304309925581,0.13084221651969974,0.92005595628456394,10.901270692166355,2.5557180521542224,1.9502632793905776,0.4598906625194255,0.261360276075757,0.1851851851851852,1,5
-0.91434567839869363,0.22003366715348702,-0.339937002564625,-0.19240303703414821,-0.97474040935962447,-0.11341166475044989,-0.35630471752934961,-0.038292553850856302,0.9335848266686374,4.04403958550858,-8.0940032065935785,0.52677873184154878,0.4452716834479525,0.4078526803783427,0.3478260869565217,1,4
-0.39961277417428842,-0.76915522415723669,-0.4987082031292045,0.86532678688482489,-0.49605573671121633,0.071681643225285044,-0.30252137547008773,-0.40290066670027158,0.86380082782789835,13.592103531805256,12.943949513050653,2.0436701478860426,,0.4218206515813711,0.2702702702702703,0,5
0.02573363381602314,0.93952075337014562,-0.34152384115522105,-0.98834992556736145,0.07517648524326645,0.13233639218846713,0.15000734889202483,0.33413956672813055,0.93050983080520056,-8.095645970479902,-17.116988652396451,-3.0996311592598049,0.2951373773759528,0.3114041402432003,0.676056338028169,1,5
-0.91944716987610331,0.027462748549492808,-0.39225336104223757,-0.045913490540234879,-0.99823253140034984,0.037732805891717916,-0.39052381898321697,0.052703042570212508,0.91908298652004561,-1.7655223375318063,-10.962251237181585,-1.408606890264021,,0.1068066870274926,0.282051282051282,0,5
-0.26462059876844324,0.89251044246632216,-0.36524108311634457,-0.96407659750450747,-0.23577604187797171,0.12233549043711094,0.023070605790965371,0.38449287140976601,0.92283962798717667,-7.8614913172066112,12.894221422104277,-6.320915142597773,,0.2255635261651332,0.7389380530973452,1,5
-0.86218660764810129,-0.25852932090922975,-0.43565679590988959,0.28806504837896368,-0.95760910147174905,-0.0018266583956157837,-0.41671666812677893,-0.12707241639585456,0.90011100398597166,-15.949759855512374,-23.299617925705757,-5.3813185212541894,,0.3167996434424643,0.4,1,4
-0.7576506598852637,-0.5120355075014682,-0.40470373933673898,0.51967496960904003,-0.84842669034674445,0.10054887900475762,-0.3948460504263257,-0.13413347891180649,0.9089030786050557,-10.195179043678296,8.5788849685467543,-6.7503750906321462,,0.07004072068698655,0.2095238095238095,0,5
0.57943220570815079,-0.61555969917178244,-0.53417653986648661,0.8062674554413124,0.52872516241807177,0.26529699003602536,0.11912644242307666,-0.58441077965890431,0.80266613939675613,11.211754431722591,-8.771084013723236,3.074504512256341,,0.3588285970233303,0.2857142857142857,0,3
0.88144075344110606,-0.19340050326286518,-0.43088100852885691,0.3324862985014771,0.90203924408693281,0.27527815648151394,0.33543264522398686,-0.38590341727528749,0.85939716839962499,-2.8776381108058358,12.064689417059119,-4.2976946582122046,,0.1828073851820045,0.1754385964912281,0,4
0.46056214666602763,-0.78901635046416818,-0.40661493794324249,0.88462632000903663,0.44564984992934487,0.13723150223335637,0.072929987012557679,-0.42290591147223139,0.90323408208292866,-12.70869503627293,-4.1595609807698954,-6.1999339913864029,,0.08287239809152376,0.3809523809523809,0,2
-0.88592992096597423,0.26618593449207734,-0.3798331520757528,-0.29633722208256774,-0.9548290100974326,0.022041149805390514,-0.35680866854045101,0.13208561524608298,0.92479238983647238,4.014789199933956,-14.068192449682245,0.78905151302949572,,0.08068498961842711,0.2857142857142857,0,3
-0.45774565427445102,-0.78350559332093772,-0.42022363240024879,0.83678173040930393,-0.53937779789282658,0.094169670242045159,-0.30044176082240165,-0.30852970096100929,0.90252100916202715,-7.5366351742140472,23.976560337966621,-7.6121224424755187,,0.09176041140945695,0.6923076923076923,0,2
0.81891222050695711,0.49889450200736252,-0.28370239859964258,-0.40572639972045882,0.85286658286445294,0.32864065543232063,0.4059173113754071,-0.15402229611305199,0.90083753730948823,10.9112513939775,-12.629442099809189,3.3707163801223814,0.3791294086696668,0.2024613130812004,0.7777777777777778,1,4
0.82477563764961692,-0.31966751928810777,-0.46643094306859101,0.49583900086883897,0.80538366867629274,0.32480891528236533,0.27182500392174996,-0.49916913300173382,0.82276445225911277,-9.7082272747601124,-4.9277258968235138,-4.9822902583182325,,0.6802321191587698,0.4149659863945578,0,2
-0.91583946105225222,-0.061321790340783201,-0.39683462501263972,0.058184241037829716,-0.99810643267702936,0.019953524590590702,-0.39730677778559614,-0.0048152962667527589,0.91767321920577549,-4.7329437494239599,-22.57562520949109,-1.4241737965212002,,0.1403845659502228,0.2352941176470588,0,1
0.60076204060550764,0.72731388256217833,-0.33181242713291514,-0.71486998111412869,0.67454445816852748,0.18425711399024106,0.35783499083990034,0.12650806372108145,0.92517556665972922,-5.8755454584165454,26.229217773699041,-7.2742107900245365,,0.1199450519204951,0.3333333333333333,0,2
-0.1267038248240055,-0.77311835391203865,-0.62147739429468207,0.97378026251949479,-0.21628245103810639,0.070525893829237435,-0.18893951704826478,-0.59624651966891096,0.78025120741994336,-16.145854549136544,-19.648946153277599,-5.765019430732238,,0.3115655989401421,0.2142857142857143,0,1
-0.77278163857214477,-0.4542294813165641,-0.44326529007879162,0.49427480273179775,-0.86883463885641676,0.028614501702485039,-0.39812178848964358,-0.19698210229897614,0.89593364313641111,-17.836786696084676,11.517677626652359,-10.202173992530017,,0.1954414860847546,0.6145833333333334,0,4
0.25878828496007023,0.94525176712914272,-0.19881579491241927,-0.93320008657822229,0.2977942226132293,0.20113726504200988,0.24933155030565787,0.13348294916360709,0.95917468706422893,1.1754918931207159,-9.4197765058725871,-0.44450815075285222,0.4897487080046848,0.3510802234446049,0.4846153846153846,1,3
-0.70068165734557131,0.68328764385802798,-0.20533682283119192,-0.68401502457503915,-0.72517501400612205,-0.079023067624773236,-0.20290061906034715,0.085083457923181074,0.97549584518477694,19.788083251986109,-2.0998788471318206,5.4444490881227541,,0.3721647321913907,0.1875,0,1
0.92027884446037711,0.017485531732704465,-0.39087223567132207,0.10749510816505989,0.9492590557841265,0.29555379668075732,0.3762069246561725,-0.31400875973745207,0.87170341782563376,-4.4435663588159073,-2.7280354570888057,-3.0791208903225726,,0.639059381257027,0.4760869565217392,0,4
0.69664612635781742,0.61391687194953815,-0.37120108966211512,-0.61356584141362525,0.7779860079869293,0.135184058331412,0.37178102813489172,0.13358085833028294,0.91865936092041578,17.878141587626914,-13.665864595411689,5.8020375056104285,,0.2396632953679849,0.7307692307692307,1,3
0.89672224899757702,-0.034418909761182719,-0.44125338163415623,0.17641525695565996,0.9421459099994226,0.28502410667279982,0.40591484977270204,-0.33343128665770205,0.85091522010820386,-14.325342783525622,-19.106386168563919,-5.2080936861455704,,0.4738200428829682,0.8,0,2
0.41102406366041228,-0.80370440947812349,-0.43025392651026712,0.91033887731205798,0.38691150923795797,0.14691021909121071,0.048397805180641684,-0.45206051166257222,0.89067331061903376,-9.9390063327528342,-18.700442313181764,-3.6665681921366109,,0.1237387687136598,0.4,0,1
-0.91841947049275419,0.010460884101272083,-0.39546965259502453,-0.026086001859434015,-0.99907610268645342,0.034153499789001729,-0.39474700344245717,0.041683461284632926,0.91784382785337371,9.688345132829653,1.5459133911657645,1.6809426534225103,0.2268475752992721,0.1371717301938191,0.4,1,4
0.31057564920885511,0.89284530812083962,-0.32614417346489816,-0.90379786018619823,0.38365414322267943,0.18962839004463689,0.29443538177560702,0.23587444574322819,0.92610531355995229,4.3658174417142792,16.127008848526117,-1.909785875603051,0.3234064220745123,0.132697700261222,0.2777777777777778,1,4
0.47388701544747525,0.79999143062015843,-0.36802827000734245,-0.82110243897769397,0.55243349284403065,0.14355493961904331,0.31815386418393099,0.23416008822695925,0.91866597400054806,2.8469585536753641,1.7715287434109581,-0.8147473586568087,0.2311613289555886,0.2194452439635405,0.7727891156462585,1,4
