axis_00,axis_01,axis_02,axis_10,axis_11,axis_12,axis_20,axis_21,axis_22,location_x,location_y,location_z,dbh,dbh_approximation,score,reconstructed,number_clusters
0.26206381925846561,0.95726089582422969,-0.12236883574447902,-0.94589761323190846,0.27992638397727959,0.16406987790445668,0.19131194400205387,0.072751610835758124,0.97882937389667535,8.7765756180605763,-16.635219638643999,-2.3148478751898356,,0.2233230963338211,0.4736842105263158,1,5
-0.91912513392805917,-0.33119510483161307,-0.21335133165111381,0.32076550625481048,-0.94353100693455305,0.082817443513809624,-0.22873232867004553,0.0076838459540022217,0.97345902858442535,9.8527769443283564,-19.084584824088278,-1.7118998037618085,,0.1723569204231267,0.2666666666666667,1,4
0.92746462814993724,-0.27832735128197666,-0.24968630130437147,0.34345276104027622,0.8981236809274612,0.27461619524550634,0.14781598176282937,-0.34045225698424486,0.9285702430348628,16.490220798402699,-8.1116382915048497,-2.3893524951884233,,0.4528959842854008,0.2272727272727273,1,7
0.22800343036562767,0.96914036341937537,-0.093709080311712614,-0.95545747085648824,0.24122537691115098,0.17003334649002119,0.18739118742894192,0.050766854594644271,0.98097261396459845,-19.118323757262569,-1.8775749593041029,-10.052118172555037,,0.1508608881306316,0.4888888888888889,1,2
0.44965383699224354,0.89268487726776513,-0.030416061145181347,-0.86221603552632986,0.44269441537141646,0.24618115825590353,0.23322721744987487,-0.084471086748037119,0.96874645833891637,2.5594858570879753,21.574668719083473,-10.654893738805702,,0.3488777959694119,0.3409090909090909,0,4
0.75499985650360468,0.64138906043835797,-0.13636454755373764,-0.60922264898240763,0.76304014333470438,0.21591086963515876,0.24253449372489952,-0.079936304704137845,0.96684394115278638,6.3683283370743942,4.0526331969223577,-6.6114018130485954,,0.08793275834814189,0.16,0,5
-0.97385915423098446,-0.079564563988897677,-0.21276237420598046,0.097829856674248677,-0.99224079674886168,-0.07673017926655433,-0.2050065044421884,-0.095538900058762394,0.97408657300670876,-7.612508308579736,16.929900970257382,-11.416683357457472,,0.3802927504004854,0.2333333333333333,1,5
-0.77402328675201704,0.62127711296979948,-0.1220766171939406,-0.63090193981270992,-0.77305363741042987,0.065960715786468505,-0.053391889891297784,0.12807350462298872,0.99032645299790956,3.6426486408679533,2.280212814179313,-6.7151922972599642,,0.08420206269099137,0.303370786516854,0,5
-0.79158904750174786,-0.51364613602989917,-0.33099007057135704,0.54344663113405323,-0.83943841396764529,0.002984671595747767,-0.27937884491193271,-0.17751280544524289,0.94362951676949736,2.8364810846405475,19.444885235072164,-10.162027292208901,,0.62320605823178,0.4743589743589743,0,2
0.98227666590091112,0.012283345938045625,-0.18703387671530478,0.02796723313303771,0.97707530381813823,0.21104900980477251,0.1853385699132046,-0.21253933772659342,0.95941474056909781,23.6799410623589,-5.0445574157601003,-1.6628461137106101,,0.3996243934560719,0.8108108108108109,1,5
-0.91035671958382591,0.37839897949604173,-0.1675256858661667,-0.39529139737268415,-0.91493762159096104,0.081448509873576699,-0.12245551956415035,0.14036866072535448,0.98249747318476321,-5.7662001013413784,9.3949670193761055,-9.6355300361324669,,0.6968344592650486,0.8443708609271523,0,2
-0.32712892597026727,0.93634629272724246,-0.12744522701729089,-0.9404879172427224,-0.30946545945264819,0.14040515277655596,0.092027948548177294,0.16579128294850382,0.98185747804062873,-13.577282763022401,1.6319970439023432,-9.6435603312476044,,0.1090071429387052,0.4069767441860465,1,2
-0.95875200495234392,0.24648870513126891,-0.14155532926234726,-0.23713808565379588,-0.96819499406423926,-0.079774568638138726,-0.15671669130094004,-0.04291586783065808,0.98671075141402387,-1.0366137500832622,24.639100970046805,-11.85629341129922,,0.6425281123659549,0.4705882352941176,0,3
0.91137853158703996,-0.3626139611345453,-0.1946799613534082,0.39575400159645246,0.90198294771461496,0.1726427880116867,0.11299532018028524,-0.23438830436343772,0.96555382055843286,-5.1860842620457435,11.128851778462803,-9.8904293009497675,,0.0805622188573713,0.3802816901408451,0,5
0.72546520615947285,0.68418282530304042,-0.074793690992923226,-0.65038318943423434,0.7170349048830077,0.25072425507072665,0.22517091631324948,-0.13324716409652884,0.9651648831712053,-10.720685195601302,-8.425219368886264,-7.3786041873888779,,0.3749595576998928,0.3904761904761905,1,5
0.85091041084411656,0.52207542615590485,-0.058212731607670216,-0.47435818643074434,0.81125354320147269,0.3418362175211847,0.22568957371405396,-0.26325831049975607,0.93795483807568347,-1.3765149813372248,27.936242120425852,-12.558581172384342,,0.3522762539025392,0.2592592592592592,0,4
0.86553454477640734,0.49766865543505867,-0.05635477970996898,-0.44556797511955298,0.81649760257917992,0.3671523451243548,0.22873375646493366,-0.29267315281711936,0.92845209584206789,1.1194924845508343,-11.493383191075148,-4.6257153404540627,,0.3552285715884629,0.4,0,5
-0.91064223133158606,-0.35836187038837408,-0.20568786149692322,0.34491419935789563,-0.93338219145804091,0.099155835684482413,-0.22751905765612945,0.019350827391416164,0.9735813391199194,-3.2660777331055519,1.9350728354898692,-7.9360277948041489,,0.1283991279950614,0.5584988962472406,0,5
-0.68115017335492989,-0.69451632353493864,-0.23169272254877088,0.69526362089046223,-0.71276762082319522,0.092578702585020475,-0.22944049077011899,-0.098027521898466502,0.96837372235393349,7.7465145566122411,1.7702221759023615,-5.9192748228156917,,0.09036517328380586,0.3333333333333333,0,5
0.59498101438018025,0.80362385599465991,0.013648831576588886,-0.7720188187036563,0.56669298163853266,0.28782982494703546,0.22357221673218533,-0.18179043604630016,0.95758430504449743,6.5724113344929815,11.395307140309358,-7.9410673611851665,,0.6378658097345256,0.2391304347826087,0,4
0.820745342414825,0.55801636442200397,-0.12245333781331676,-0.52441938848101344,0.82092206178982374,0.22598954279334738,0.22663050961768821,-0.12126296014857704,0.96640255929215801,12.078551127992917,-2.333281030011559,-4.3841351772895303,,0.2255736580753506,0.5333333333333333,1,4
0.85992382574931359,0.50166190660793342,-0.094161273181477087,-0.45086812926783559,0.83303018509229798,0.32059108024961297,0.23926751538641017,-0.2332295911405422,0.9425258690864825,12.294015356685266,-3.8487674182375318,-4.0589489594038195,,0.171050032081702,0.3333333333333333,0,5
0.66663264808449296,0.73008395784570634,-0.15026086318202031,-0.70730713259712963,0.6831984826912163,0.18153912367764347,0.23519679565224377,-0.014739326469321353,0.97183600446276319,12.55671443979824,-8.281279832140104,-3.1125812006851756,,0.08365616653550406,0.2666666666666667,0,1
-0.9808204649605593,-0.052662941071346066,-0.18766414189255592,0.029903620184458458,-0.99206639117168427,0.12210671155778151,-0.19260578655486207,0.11415292438351074,0.97461383164834903,4.7723478322174016,-0.22000732463510192,-6.1464908300713548,,0.07470719028315734,0.3488372093023256,0,5
-0.9823117970391585,-0.059403975578870373,-0.17758012581121077,0.046569353492206811,-0.99605072685256879,0.075592624321348889,-0.18136931579795512,0.065985734987917363,0.98119878417428097,2.3320085949075993,-3.5630453379260447,-5.9311130435253379,,0.09609803215354103,0.247191011235955,1,5
-0.11366367329921154,0.98920958504074641,-0.092438986556779026,-0.98410381983087025,-0.099319165489733227,0.14722559275042096,0.13645600450848583,0.10770376144748731,0.98477391243048418,-3.6066316742136539,10.778115436288353,-9.5582571789473931,,0.1080776293406962,0.163265306122449,0,5
0.88534361828350472,-0.36324365726773039,-0.29020806849471814,0.45401423895067355,0.80995113076014191,0.37128188295472758,0.10018856419128896,-0.46047064101322566,0.88200285734806827,-5.7265272571955794,-10.127749779455513,-6.1340549669821902,,0.2807958311892533,0.1968503937007874,1,5
-0.46376128418106072,-0.84175927202876777,-0.27634543464355121,0.85852962466067129,-0.50399673717130744,0.094414895544524119,-0.2187518111347673,-0.19346476907766894,0.9564094459231276,-6.274627287197946,5.8637001209331512,-9.1542096539046334,,0.1201645244454374,0.4204081632653061,1,5
0.25408387583793579,0.95494741302241337,-0.15335195597374152,-0.94719015507410398,0.27775530242619928,0.1602585476810052,0.19563280443184078,0.10453435002873701,0.97508993200330107,2.0658174771757274,-12.303369217004613,-4.316922612935004,,0.2626736037475463,0.904,1,5
0.76190134995702541,-0.60845762556757965,-0.22200371803716371,0.64754045580861186,0.72301952595605634,0.2406950834093913,0.014060264038643355,-0.32714229774662579,0.94487048107146465,-5.3791384069134338,-5.4385875945277418,-6.8716741416350997,,0.1387346646794033,0.7290969899665551,0,8
0.36138555403382766,0.92871386571638304,-0.083012269947254816,-0.90856210004957594,0.37075099402628714,0.1925061318037031,0.2095599954408478,0.0058528672163698113,0.97777827356521885,12.806660497786526,2.6440101114196772,-5.1770869729999331,,0.09431625112320893,0.3,0,5
0.66422610204330168,-0.71180463412633554,-0.22833713714732023,0.74705115377825437,0.64302495958651862,0.1686222849665312,0.026800354530108546,-0.28258284481728302,0.95886843561149238,-5.1100707870735755,5.7929697317088227,-8.903692502392019,,0.1106452238498812,0.6434782608695652,1,5
0.97156416675622692,0.14147362674429995,-0.18986385335574621,-0.10178195618705989,0.9735430748906706,0.20458327088780523,0.21378377691025394,-0.17944106070861307,0.96025902883636249,26.15746018977174,-9.8048545049715461,-0.32117234383000276,,0.1824074411298687,0.3333333333333333,0,5
0.1696230143096408,0.98165170488841424,-0.087108916341457843,-0.96333094580204803,0.18380306385757686,0.1954735853682058,0.20789786405022331,0.050757895998940039,0.97683269504921755,13.418511908244859,6.3988251739142772,-5.7497780976247652,,0.2094645918044842,0.2391304347826087,1,5
-0.91016877380884442,-0.32867360228772635,-0.25212391069177442,0.34077746296966893,-0.94013257058514244,-0.0046336224412361834,-0.23550695088523441,-0.090135525095167396,0.96768386531994943,-17.785831485495606,29.398609228056934,-15.333576710796798,,0.1968167013066243,0.4210526315789473,0,2
0.24755128749450264,0.96189550892009112,-0.11608354740949833,-0.94979783094152825,0.26458760061492609,0.16696551122793182,0.19131764267464277,0.068923374265887183,0.97910526915200624,2.7160633109956631,6.3377121606085884,-7.6455768237979909,,0.07797580206939789,0.3064516129032258,0,5
0.61965233243275042,0.76859812047135445,-0.15902174731323079,-0.74946147822737652,0.63959474715382225,0.17095628700481699,0.2331061551394287,0.013247211825096769,0.97236106041684589,-9.6567040837311016,-1.3670207550422167,-8.4488141066292322,,0.3493530083439121,0.934375,1,4
-0.55968644213632546,-0.77144180112486549,-0.30270221995552815,0.80112286915598452,-0.59712565613373469,0.040535161306449005,-0.21202177955121687,-0.2198146907376301,0.95222280309382157,3.5654329483206837,10.961488898862605,-8.3774300240273405,,0.6383605126622993,0.8508771929824561,1,6
-0.45594946315883123,-0.79319082513524131,-0.40368106466175524,0.86321448832617376,-0.50456949586702082,0.016442961542307597,-0.21672755752085418,-0.34096618419100588,0.91475200303102355,8.8515883543945382,12.699227620203738,-7.8232511088293695,,0.5796849021782624,0.4222222222222222,1,2
0.69185941653596428,0.71860427641509972,-0.070274046905287171,-0.67808730282675933,0.68010243773274948,0.27867235947453206,0.24804869984671596,-0.14515015710602278,0.95781171134855692,-19.05493444992522,19.637760236386271,-13.789853637049234,,0.3954199830079806,0.375,1,5
-0.46458171401078391,-0.84637107112888732,-0.26042242791845371,0.85798199202253644,-0.50300686377871229,0.10416811583466562,-0.21915914850136312,-0.17504315167307744,0.95985892853091348,-11.493950059293423,2.4757623550976149,-9.4892870237042324,,0.1133433889350442,0.1923076923076923,0,1
-0.97384929830799005,0.15371523279788518,-0.16729964551943233,-0.17009786165259486,-0.98145648121971352,0.088373598619910634,-0.15061295311576103,0.11451987896304447,0.98193733795799787,-11.716428667381919,19.078606375086611,-12.506234097188987,,0.1975217434966407,0.5813953488372093,1,5
0.93737693319039928,-0.26387808662320145,-0.22736059580024318,0.3224982476768482,0.90412362954752312,0.28027726047465351,0.13160305987295887,-0.33604883260307977,0.93260485562653128,-0.76382707339480083,-4.7832167619995163,-6.2190195175282321,,0.08377692029050893,0.1428571428571428,0,5
0.96886505390765798,-0.13434425449010892,-0.20797146102772926,0.18806256314919323,0.94566327040600084,0.2652422503048541,0.16103719961011212,-0.29609559316295825,0.94148522030417936,-0.15003500051012647,1.5160646317319388,-7.2475544502576588,,0.3581231380378059,0.2282157676348548,0,5
-0.52776784625193807,0.84828855173520301,-0.043216124971865499,-0.84822000541383191,-0.52369102877009144,0.079186670604867171,0.044541249178162205,0.078448960354592964,0.99592260630077767,-0.36301881157900406,5.2886613172459178,-8.0132950042064994,,0.3425924785915817,0.25,1,5
0.94880990178884606,-0.24902330004143308,-0.19428629983586979,0.28403672023900151,0.94176121466367579,0.1800248763673172,0.13814091292339961,-0.22599382865837522,0.96428412700044863,7.0323451172688385,7.3378833961373431,-7.0948929485770282,,0.3694608306562963,0.9493670886075949,1,5
0.69914768171284003,0.70907564661822109,-0.091674677684255218,-0.68403062941921899,0.70067985862317017,0.20285421794027547,0.20807358595436304,-0.079116768720449732,0.9749081596413719,1.7034339546832407,7.1602490178155138,-7.9705038360570333,,0.1327783373468775,0.2714285714285714,0,7
0.73836303669016667,0.66931234232759795,-0.082710425326078682,-0.63822422779913945,0.73310741278738722,0.23499650288116233,0.21792168570353065,-0.12072493414422941,0.96847076836423096,5.9341818658440246,7.5865472129592693,-7.3286953150728094,,0.2036664356711809,0.3064516129032258,1,5
-0.096695929952965651,-0.93333972239815932,-0.34572656786000661,0.97481436643569541,-0.15894213872554996,0.15644279314792198,-0.20096479323778749,-0.3218918438405618,0.92520202807160901,-8.4619055785646182,8.2139692811491027,-9.9201274653537777,,0.1153257193326781,0.5294117647058824,0,3
0.20873439155310766,0.97751703835756198,-0.029839462187075942,-0.95721043417905505,0.21046156705132171,0.19863059556132384,0.2004448514721647,-0.012898391952563901,0.97962007584743749,5.037126347705799,5.8850720237809711,-7.1301297209035637,,0.3818321651730796,0.391304347826087,0,5
0.8606325849133325,-0.44233930195174709,-0.2522845531027163,0.50120585577167021,0.8233972674777239,0.26610078927054326,0.090023574276874213,-0.35546150545320582,0.9303455670960965,7.2824805612884678,-17.919072572009362,-2.3668408437458082,,0.5308296021993235,0.4375,0,2
0.97425166950814757,0.13156281484649224,-0.18309808904042307,-0.096376800140007185,0.97717384350642678,0.18932192678517329,0.20382638900633104,-0.16680079531148828,0.96469285154814688,10.265520689714704,15.035507662213254,-8.0694207439910333,,0.2705394457311844,0.5128205128205128,1,5
-0.39568778951064465,-0.88256040468988739,-0.25400453796301287,0.89626258768852285,-0.43143292596046773,0.10285428677047924,-0.20036104197686311,-0.18695657910545252,0.96171861289419458,2.5167491221707379,1.7512408648785613,-6.8251310097213151,,0.1153950196337037,0.345679012345679,0,5
0.524911309747772,0.84519530427041945,-0.10056348511318931,-0.81952037334920302,0.53377362098253489,0.20849959042831501,0.22990101035980789,-0.027029968228342947,0.97283858180744121,-16.685996221521332,11.7073846676837,-11.991249539536584,,0.1404038377634859,0.3333333333333333,0,3
0.54487366831047113,0.83391428014476821,-0.087747700554053967,-0.8073514952720654,0.55000628365835524,0.21372096532227633,0.22648675162987247,-0.045607689121002784,0.97294588237434398,6.1100368348233527,-13.156992681607946,-3.4195508342500722,,0.08802446235057482,0.2307692307692308,0,4
0.13693998087820725,-0.90708906749673579,-0.39804128587996979,0.98298128304034749,0.07476257437700029,0.16780451324346762,-0.12245504819904252,-0.41424628073215947,0.90188956090540506,-2.3715060334014386,-11.712094473269424,-5.2031425937661204,,0.1083277674153509,0.4,0,2
0.70616723027266881,0.68415225995932405,-0.18238291609022753,-0.66550365801070566,0.72928171301874289,0.15891212738748337,0.24172861655872577,0.0091579609627493661,0.97030067901017547,-5.4582209013288532,-1.2613818080951467,-7.7629262891968578,,0.133092964922067,0.5870841487279843,1,4
0.28024543677434549,0.95311057615856631,-0.11420474938390833,-0.93995244563790403,0.29660936184173176,0.16885581543779521,0.19481246137369748,0.060025961737615346,0.97900203718429291,-12.738198357276652,-3.2913384650164703,-8.6401591899384407,,0.1254708328976567,0.6517857142857143,1,3
-0.50596068179675857,0.85277321318284538,-0.12954395143565883,-0.86190728586324927,-0.49401933885579608,0.11428352205077248,0.033460709072078293,0.16947784431685303,0.98496580713957083,13.221901892768754,11.365295181160795,-6.8065622682935922,,0.4880585579646021,0.8271604938271605,1,5
-0.38248388749150408,-0.87590448274206811,-0.2941044251991739,0.89979208861173465,-0.42543433439111639,0.096849493508847598,-0.20995302589179085,-0.22758946424107102,0.95085370204114117,1.7347186765793305,0.8115067689189458,-6.8146710902340208,,0.1621730299227243,0.3283208020050125,1,5
-0.22284183714780426,0.97469864879372425,0.01743730645139132,-0.96916184434385166,-0.22343532524359688,0.10393254976816312,0.10519902606305395,0.0062609482489737051,0.99443147850538627,16.149695650768994,-1.923355920970611,-3.6959888622617907,,0.3722387491754181,0.1333333333333333,0,5
0.61790048998918523,0.77262883064670906,-0.14575209955477153,-0.75519838612681511,0.63479305616219484,0.16344165148368614,0.21880215278323734,0.0090810738219470419,0.97572698642379541,2.5286860343626949,-7.146378916694891,-5.1780116973709269,,0.1034774270252724,0.3421052631578947,0,5
-0.7947508206873064,-0.52644653064034252,-0.30203506980746453,0.55420543586058113,-0.83234600457361829,-0.0075142220434129652,-0.24744184747014103,-0.17336141164365593,0.95326719920150549,5.5328764059653492,18.847428246300083,-9.6076664215264405,,0.4823308055798728,0.1428571428571428,0,2
0.46108689391373903,0.87966735179778466,-0.11655138970450787,-0.86679884355411929,0.47461124594966858,0.15298343057777031,0.18989112953010936,0.030487954985120726,0.98133166846209718,10.870013960497433,-3.9217548747216089,-4.3116848036402207,,0.1355707013434863,0.3529411764705883,1,5
0.54916949816795879,-0.78220900174034425,-0.29421410550537319,0.8354318347220635,0.50474135011996724,0.21746222433333012,-0.02159888457488833,-0.36521945057108762,0.9306708554100499,16.024661304130419,-10.480346224474003,-2.0539241126589678,,0.0948029931613414,0.1111111111111111,0,5
0.6592806899317224,-0.7133369401816857,-0.23769598577885925,0.75188472463534572,0.62366007340609997,0.21381644861686772,-0.0042816752776923712,-0.31968503657714364,0.94751419231876843,-15.707726867409354,11.468100645361449,-11.810543663271028,,0.822699089183885,0.7647058823529411,0,5
0.7301396308894379,-0.64547231961392526,-0.22419099896484143,0.68246696714126354,0.70505874676160696,0.19269406419492241,0.033689140173652696,-0.29369652402977192,0.95530486945644155,10.19277822137456,-9.7336920663110273,-3.3286228343108162,,0.08243952465639399,0.5,0,5
0.67727112130256462,0.7290385565553601,-0.099028335870318202,-0.70827760237447002,0.68249074424802791,0.18041402936148213,0.1991147061978083,-0.052049659667002077,0.97859295251105838,-8.1028582551708102,-6.425013721564504,-7.1761187236949553,,0.1422165861482227,0.3661971830985916,0,5
-0.60564840155775557,0.78934858446170619,-0.10059237495374965,-0.7956818335496979,-0.5993266206747736,0.08773836965402397,0.0089684697427012006,0.13317812868056131,0.99105153881703734,2.1942446289565933,-9.1114380585849197,-4.8340516460205789,,0.6943091806166887,0.2068965517241379,1,3
0.071054066101808672,0.98237480346773065,-0.17289032709246213,-0.98417160509286117,0.097256663418864076,0.14814652594499811,0.16235015066005337,0.15962733767236897,0.97373586852302529,-12.568091814963681,2.1474976218662691,-9.5895368582158707,,0.07080354237220389,0.3260869565217391,0,2
0.75020238349448654,0.65724238982307981,-0.072310613459144066,-0.61935885652071154,0.73679421321071592,0.27116211798213624,0.23149728000248143,-0.15864024835724511,0.95981366991338679,16.580249539183583,5.2936518334084512,-4.9449172507647354,,0.1231975970184257,0.3,1,5
0.95388177026201615,0.2557049423225734,-0.15724042366265636,-0.21409395141960894,0.946686016073922,0.24072674744536413,0.21041232931399328,-0.19596063237776973,0.95777141439425117,5.8638613481810209,0.50668628725691267,-6.0350246402047238,,0.2353160801938345,0.5384615384615384,0,3
-0.049114156851087727,0.99155407361582737,0.12003465621505395,-0.98890114256342354,-0.065147535312339508,0.13353025454736331,0.14022242985187111,-0.11214418281206964,0.98374862257990026,1.6826512793342538,3.6000041690268634,-7.3811369162373639,,0.1073332462483794,0.35,0,1
0.7222625319750231,0.69149523830584025,0.01308320699890252,-0.64970553279261156,0.67188539213516507,0.35560194107181498,0.23710663331863116,-0.26533819030762029,0.93454592674762615,0.032016805185217809,8.8855305454546318,-8.6060267433084334,,0.2886692104191828,0.4545454545454545,0,2
0.80514726200099618,-0.47145831363647867,-0.35981237471124716,0.58943911973187069,0.70319419608056544,0.3975920606957899,0.065569891124025087,-0.53220764848098079,0.84407085500941703,-14.207501211646662,-2.9792888872210757,-8.9346702665195394,,0.428266725759437,0.1025641025641026,0,1
0.44745441282817888,-0.82621552984096958,-0.34227539597551154,0.89125735896988545,0.38039747959499703,0.24689689669940426,-0.073789352366125327,-0.4155305713992381,0.90658120193946667,15.057972314938104,9.6882947556860106,-6.1221561007830232,,0.2734476465888723,0.1851851851851852,0,3
0.68435134658930474,0.71877613290026565,-0.12257285667856829,-0.6838281772517214,0.6910218895116067,0.23423870775855318,0.25306571956310797,-0.076482801914862619,0.9644211334231837,-5.4447850957721586,13.356500171817,-10.351075028397094,,0.168759029635482,0.2916666666666667,1,5
-0.23985219320789603,0.95800583529430605,-0.1571487987718006,-0.9656458108946504,-0.21875659925135343,0.1402630321417378,0.099995466472103264,0.18539247510630122,0.97756357177371567,-1.7906505163841688,2.688746810520156,-7.7778479548051926,,0.1458981134396915,0.6606498194945848,1,5
0.95260790248500504,0.27498339079026729,-0.13008581364855731,-0.22121821378925127,0.91974291294645771,0.32424601149845894,0.2088077728702003,-0.28010196156802047,0.93698570165970774,-9.5166134945434191,0.90959814628791902,-8.8279825230847084,,0.1928728041887817,0.232258064516129,0,3
0.62895267711805347,-0.73168917194591321,-0.26277268808446913,0.777437946771943,0.59064561204743793,0.21616660215706981,-0.0029612269516662653,-0.34024802222233613,0.940331066438161,0.42236241123258766,-12.321215380355969,-4.6048896425813819,,0.1500645605556686,0.3055555555555556,0,5
-0.76695119306261672,-0.54927511724333111,-0.33178715019896993,0.59607834477376676,-0.80128234064870074,-0.051353845584394757,-0.23764779475432823,-0.23715702844711217,0.94195544985234858,5.3915769909368052,15.889475076427413,-9.074282415676258,,0.1638244058115013,0.4166666666666667,0,1
0.30485150476838069,-0.90907660225899911,-0.28398114596868429,0.94804880994970275,0.26118551611896407,0.18161932750294618,-0.090934118973057018,-0.32459491276805846,0.94147178853733582,16.076144244176167,-6.7412049231812921,-2.7441839261119574,,0.1428421463288242,0.475,0,5
0.92130954844023982,0.361529173580942,-0.14312712043048495,-0.30159158428989974,0.89676363001921389,0.32381709059324082,0.24542052122499824,-0.25516984250620967,0.93523105125792672,13.312442709150288,-1.0816080818601377,-4.3633635347960498,,0.2374458283231965,0.1904761904761905,1,6
0.92052420702400761,0.34834231644939612,-0.1768977525394024,-0.31646700244271531,0.93034676406930461,0.18521213499848466,0.22909347578607595,-0.11450995221570558,0.96664556596293982,-11.82471922319915,5.0998871726592112,-9.9611930677791793,,0.103615571998333,0.44,1,5
0.47015453545037172,0.86882520012571629,-0.1552336446198255,-0.85409562352243173,0.49221282038550079,0.16806904928623717,0.22243061541809869,0.05356595070247297,0.97347589094443743,-0.50336071661371118,18.488171591495203,-10.570218760644213,,0.4087521033167893,0.9929078014184397,1,5
-0.95649357782500821,-0.20573977143716815,-0.20686029592093882,0.19900170680908205,-0.97855939020429938,0.053102170671859385,-0.21335031349072048,0.0096263332569023578,0.97692833792527478,-6.8183702243715132,8.2775397075032746,-9.6408515108969421,,0.1784718784422692,0.6273684210526316,1,4
0.78068572501610867,0.62014660725640058,-0.077123175922994239,-0.58556515310757806,0.76903021278954864,0.25633178359883724,0.21827333832186671,-0.15495392000603969,0.96350715225814021,-13.454097324759191,5.5839893233429807,-10.358058296042248,,0.1671077368672338,0.2142857142857143,0,3
0.8561305118537762,0.50911664689314717,-0.088548215844649739,-0.46059757022777814,0.8294863932597919,0.31591486463465046,0.23428705677706366,-0.22967926169582906,0.94464650095874536,-13.702618375365047,-4.0469257179323597,-8.6631118525618547,,0.2320979152218219,0.2340425531914894,0,1
-0.23897735981736962,0.97064950296409125,-0.027006737868195158,-0.96663523819176977,-0.23516327644348728,0.10156057157333946,0.092228725355275779,0.050376341748145148,0.99446271242888462,-16.86874907183249,5.0350079506620204,-10.835877159475759,,0.6707991356666494,0.8,0,2
0.48005776213011464,0.86788017888667512,-0.12778317617847545,-0.85043072597381775,0.49615898482492393,0.17491095476597912,0.21520252168195386,0.02470337776770349,0.97625694250468442,17.549776759980219,-9.8302039071140221,-1.8946317648435647,,0.1633255166991083,0.7,1,6
0.16370940441594692,0.97911627071864216,-0.12054276967033405,-0.97020074458086181,0.1819225836091278,0.16004589587903348,0.1786329928107305,0.090749666594424114,0.97972177269492344,-13.696847934601379,-7.4334145623631143,-8.0312438034511491,,0.06932784444092155,0.1785714285714286,0,2
0.11336003291405938,0.9916250770986037,0.061880606064523037,-0.97903515897756455,0.10087810009957945,0.17695696201640393,0.16923256312985158,-0.08064313603455979,0.98227135975096669,-5.7408384716497753,18.64211707037073,-11.425735951824374,,0.5997795650798349,0.1777777777777778,0,2
0.77813424535262643,-0.53676230785075696,-0.32617989067419145,0.62503186860711146,0.7129848762825004,0.31778566584717088,0.061985961596161002,-0.45115273584802351,0.89029149692774368,-21.209528170712055,26.184217536058615,-15.32248085461157,,0.439047553499692,0.7608695652173914,1,3
0.88737429955993097,0.43008780140025443,-0.1661063983331722,-0.39974124132999822,0.89722201829472081,0.1876155373819049,0.22972547194526619,-0.10008562820827045,0.96809559164665226,-1.8271149111122342,1.5486658927096235,-7.5483884021168404,,0.1550159960897014,0.6491442542787286,1,5
0.73802026937698573,0.65450978297036566,-0.16414330929041507,-0.63191098447141747,0.75569507422972459,0.1720856254580764,0.23667401566941773,-0.023278719488374022,0.97131020355285902,-3.0257701281681233,5.9581339394159318,-8.6233287898064468,,0.1106632395267102,0.5365853658536586,1,5
0.97371500366775099,0.16005565493910162,-0.1620533213307489,-0.11319545831660555,0.95744425672267774,0.26549441328444756,0.19765090399187485,-0.24017219362527095,0.95039541116338544,-3.4746752645034946,-8.9995168433341419,-5.8659295708828267,,0.3942144677064829,0.3862068965517241,1,5
0.45646964974082399,0.88973186498475199,-0.0035591145308515987,-0.86135305371295312,0.44290541954154067,0.24880857340554285,0.22294926715479246,-0.11050790818527913,0.96854614061677724,13.001733834293344,-9.7566044937435645,-2.8027806029019087,,0.1952768446119197,0.2857142857142857,0,4
0.54851172944355675,0.82780402737841352,-0.11779378132532688,-0.80537274271445736,0.56092338795292362,0.19167602390494176,0.22474347144117979,-0.010268646624278543,0.97436385757122335,8.9754726556175282,4.1706761227304074,-6.1133759656648827,,0.1189446657949211,0.4923076923076923,1,6
-0.53465516949981728,-0.78213781289088213,-0.32000670520067159,0.81803501981356941,-0.57402499771454762,0.036249253198195872,-0.21204375983682017,-0.24239584081638327,0.94672155371533806,1.1629663056218353,5.2145550691912588,-7.6990149258271376,,0.2011378509617116,0.2352941176470588,0,5
0.87415614342723558,0.46095407038433234,-0.15288028618673519,-0.42996302185115531,0.88094260731129137,0.19766618948167794,0.22579379253877907,-0.10705824405294269,0.96827459722500997,14.749293108168345,-4.2746034391175973,-3.5411895010290406,,0.1175628416257426,0.36,0,7
-0.23978560762222323,-0.93212514520031731,-0.27137718412300044,0.95239174140785055,-0.28006988004905259,0.12046091975172471,-0.18828922771991849,-0.22957259412786402,0.95490501661162086,-12.280472020471366,8.8531591293469152,-10.676639148298692,,0.2281945766766843,0.3168316831683168,1,5
0.30848919114406892,-0.90030782247871677,-0.30705088133876185,0.94659357329234117,0.25872866514009618,0.19240604157994085,-0.093781799667718005,-0.35000757508724911,0.93204059537802775,11.565235529941274,-6.8386615494394896,-3.5793721665243732,,0.08794856811615273,0.3,0,5
0.28897113108066458,0.95440557874541831,-0.074871066918978504,-0.93646398043500478,0.29804706631680628,0.18494096249282865,0.19882378818891347,0.016671458231662672,0.97989344509014942,12.565475126073215,-4.9961785068523747,-3.7773277138540275,,0.07782429994875976,0.16,0,5
-0.84996692577051303,-0.48856902498995852,-0.19712060500258446,0.47362729599278947,-0.87248058393630989,0.12022817949513651,-0.23072366499079011,0.0088282769846297991,0.9729792659346348,6.4257762382227472,-7.5307093620756502,-4.3928627325286325,,0.18860955356509,0.6630434782608695,1,5
0.44144106051360071,0.88976203536626863,-0.11598840680647343,-0.86383342651351924,0.45638491674327825,0.2133181169219921,0.24273772127656906,0.0060272871266715353,0.9700732294416502,11.046381278345493,-12.057774822054862,-2.6740478330314743,,0.2972305038460713,0.4210526315789473,0,5
0.34240349919569191,0.92870685363281558,-0.14234965315722539,-0.91585697816292322,0.36372695534565369,0.17002557897345927,0.20968032642292644,0.072154569989830747,0.97510403482949359,-0.46246950412009852,7.1248319800827034,-8.3375988659023683,,0.09697390594552194,0.4462809917355372,0,5
-0.78747974578247248,-0.52011399036914374,-0.3306918308707657,0.56871551988985658,-0.81999383540343118,-0.064596960739503329,-0.23756747971635994,-0.23893837473846041,0.94152543548146406,11.824216289284866,1.4061875086376079,-5.0969548724292881,,0.4703728499216451,0.2857142857142857,1,2
-0.97913024382181801,0.13252738648695978,-0.15407938688988523,-0.10859428077858609,-0.9819980332131254,-0.15455466653496641,-0.17178838090979426,-0.13459700812606887,0.97589568991153053,-15.613547741511043,-2.3943285677364314,-9.3675980199960041,,0.3317472536162106,0.2162162162162162,0,1
-0.87426017967445013,0.46819605691699806,-0.12830272999033956,-0.47890898772861007,-0.87506404800230675,0.070064922511733435,-0.079468985826904884,0.12270030228647516,0.9892569515097942,20.303330535040036,-4.6910006446407637,-2.3860107381594289,,0.1884714527793787,0.8461538461538461,0,5
0.97958104436511373,-0.015073149987446887,-0.20048385887649139,0.10286451439271303,0.89435879037028643,0.43536334913052677,0.17274220445306446,-0.44709635900648259,0.87764741016187231,-15.229760842358115,-7.8517961862693806,-8.2819108672643331,,0.2728179850278731,0.3076923076923077,0,1
0.29834881599458596,0.95407910714349764,-0.026852212327783245,-0.93378490708185802,0.29759507055773193,0.19870309832980909,0.19756956066346862,-0.034208643527712877,0.97969180735945705,9.8290660185946432,2.3416100354941745,-5.6251732488301327,,0.08216770924609701,0.3043478260869565,0,5
0.72333851575710861,-0.63930000797318864,-0.26091548713670254,0.6896246770772092,0.68781776260936434,0.22654917833707047,0.034629415075290652,-0.34380550496542045,0.9384021410712009,-11.771957008895177,0.62404493584762577,-9.149244903780696,,0.2873193024954986,0.3145161290322581,1,2
-0.85070055671664901,-0.48671369080783067,-0.198540539896017,0.471028490920962,-0.8734899863586354,0.12307479218715461,-0.23332535983622488,0.011181543337544375,0.97233443297349387,9.575854774516122,-4.5067170416623608,-4.3819261205374289,,0.0826935961951509,0.2916666666666667,0,5
-0.51151672582241536,0.85357419037039584,-0.098801521938871581,-0.85878405580706951,-0.50395512614403759,0.092299384205450349,0.028992838692926466,0.1320618505347726,0.99081738122514551,-4.2687050222769818,9.5703433762794106,-9.4549352153460884,,0.08150623282572708,0.2771084337349398,0,5
-0.053855890485300081,0.98351720954818145,-0.17260776802506131,-0.98885764131346088,-0.028506042265224026,0.14610944791611302,0.13878079217245248,0.17855336478748104,0.97409372631541702,6.0070876784848961,-5.9704258047405494,-4.7340156337439065,,0.2529224127366922,0.8172043010752689,1,5
-0.94457474638166483,-0.21546687413401283,-0.24769451881083585,0.24775815387835909,-0.96286980457001481,-0.10722703313106027,-0.21539369926903953,-0.16265228433139081,0.96288617640766838,-10.23007118608632,18.987315352978044,-12.256568615253812,,0.462751026389566,0.3333333333333333,1,3
-0.048291700491425636,0.98952541324108223,-0.13604178848322443,-0.98839233167486962,-0.027699854791926781,0.14937642628883274,0.14404343216531379,0.14167630216297331,0.97937700353615853,3.0726544433527558,5.0482797249167755,-7.3733223511473316,,0.07209544153398653,0.4444444444444444,0,5
0.33406596027518687,-0.90376426850360581,-0.26760060007698089,0.93951462106628325,0.29652218551971382,0.17142599072862688,-0.0755791703321501,-0.30868226458731857,0.94815771290495199,-6.3871710587901056,11.668634959830088,-10.175533073668193,,0.07700485048504055,0.2432432432432433,0,5
0.96179451509095293,0.24378947663197745,-0.12457127206730094,-0.17414424495007927,0.89588541491522744,0.40873353825314818,0.21124652113520284,-0.37142430510896507,0.90411221255029894,0.63770410047640003,19.196657192528434,-10.535103595954862,,0.6382880809789624,0.2682926829268293,0,1
0.65894895857973568,0.74619566881854771,-0.094753859146334274,-0.71306063642478013,0.65979526543999989,0.23709647083929522,0.23943850727936503,-0.08866922543589513,0.96685416154269566,-17.23767416674362,-6.6397220393779142,-8.7873114265398105,,0.294653000981221,0.782051282051282,0,2
0.94418010546354814,0.29532367429106532,-0.14597210641101027,-0.22853145337821418,0.90632823699453002,0.35544690411259405,0.2372705275917841,-0.30224667778093334,0.9232278388928189,-11.49780089712511,-10.341951034769451,-7.2027245325135381,,0.464539232602716,0.3953488372093023,1,3
-0.7724292936506737,0.61128324231555242,-0.17229562958620279,-0.63259612935760456,-0.7645993201970972,0.12332889635406939,-0.056348233620027291,0.20425640067895448,0.97729432585561471,-6.8828930523292255,9.0132463334610122,-9.8383754277957909,,0.2800637551873429,0.5730994152046783,0,5
0.9818534384407348,0.063089791310700194,-0.17883932356861049,0.00087347349940392061,0.94152542758150748,0.33694080527817488,0.18963929568038293,-0.33098269962315474,0.92438487118949342,-1.4729363315493345,8.6570805874438292,-8.8385393023786403,0.1878162201279566,0.3170849420120027,0.3253968253968254,1,5
-0.19017481353993118,0.98066110741734791,-0.046231295612753395,-0.97551036557069082,-0.18345559064970848,0.12134073068637857,0.11051274568659521,0.068175058917084766,0.99153370814232145,-10.082130196271397,3.0462812421021246,-9.3183960952696818,,0.7254717350178448,0.4267241379310345,0,2
0.90922274216647669,-0.34507901338242292,-0.23288297415287079,0.40995863573153635,0.83949746757048826,0.35662013253863645,0.072442543552876951,-0.41971952118736483,0.90475831105209459,8.5366667538623133,16.457819855700144,-8.6397359989951159,,0.349048464245698,0.1739130434782609,0,4
-0.92310845388166107,-0.31393765543868324,-0.22206740163714381,0.30376056230230791,-0.94942501828405024,0.079508838792407235,-0.23579716529677733,0.0059399624572739895,0.9717841394486797,7.0839783215069563,-1.6181460725143026,-5.4116041415828935,,0.1131046066470133,0.4177215189873418,0,5
0.076991954762954451,0.98557679885794069,-0.15070040628582698,-0.98389837211242914,0.099557114227147983,0.14843306357168085,0.16129548120233012,0.13684573270546926,0.97737250482301374,-4.0739018108360074,-13.727463719536949,-5.2103707186238273,,0.09237275115386945,0.4705882352941176,0,4
0.92373847472129111,0.34846029209265389,-0.15900520480250063,-0.28415235263908223,0.90181620127187778,0.32555334372915756,0.25683588302505039,-0.25554444615029853,0.93205813404126259,-14.203381176908399,7.5971365035876826,-10.817844973733671,,0.5340369431162382,0.2222222222222222,0,2
-0.31242275246771622,-0.91621603811675822,-0.25087884573659691,0.92803521561304547,-0.35077265837530275,0.12533627056192209,-0.20283654089572789,-0.19366650106292063,0.95987010790184601,-3.9370488742947822,16.437034598984631,-10.749266967999375,,0.08945473673188351,0.4375,0,4
-0.7846777001697145,0.61972750234058849,-0.014789513144959595,-0.61772324695367531,-0.7836941860628116,-0.065126130733809892,-0.051950909803174919,-0.041967196404389569,0.99776743652846234,-4.8827864578392504,-11.894599401564527,-5.666660582987654,,0.4907688563307621,0.1016949152542373,0,3
-0.97656579824967327,0.11785990173755408,-0.18007855300227546,-0.14332893166874899,-0.98033429650217607,0.13565207130110252,-0.16054924177857186,0.15828363991265301,0.97425367861780632,0.66448256677399309,10.891501530110048,-8.8572870012316951,,0.1073951270515847,0.4268292682926829,1,5
-0.44628740624898466,-0.84339101324308063,-0.29919750968944064,0.86860452416187639,-0.48868846962062323,0.081913126331330244,-0.21529916773892346,-0.22332751384606034,0.95066875931118289,-4.3470941084847778,2.6711976952975953,-8.2252788958755652,,0.09131970380805914,0.3410596026490066,0,7
-0.53924564302834166,0.83958468623338589,0.065663468666661576,-0.84181381341797434,-0.53958839273565751,-0.013923719461326102,0.023741103884152907,-0.062784720014803008,0.99774467621682894,-8.5087790463801873,18.179830987369975,-11.778214594085743,,0.3170504458183176,0.1666666666666667,0,1
0.50058884783271385,-0.8340031777396878,-0.23205496104504997,0.8648895967281921,0.47033569758589672,0.17535768317280542,-0.037105133025797432,-0.28848402225511821,0.9567654770144286,-7.5592128644174927,15.49482105963664,-11.103410772816655,,0.176446128847674,0.6075949367088608,1,5
0.079489816491433718,-0.93778903562160632,-0.33798386609726822,0.98780877425858149,0.028578114222617197,0.15302652346974976,-0.13384765433849422,-0.3460274787576515,0.92862790684574303,-14.425958902109222,0.9710527407468752,-9.6735966938127564,,0.067842491890345,0.1904761904761905,0,2
-0.79831713961688489,-0.50774244859326645,-0.32386316630705264,0.55354052460907777,-0.83047567395521449,-0.062474335403743295,-0.23723960927598559,-0.22914571971814512,0.94403898591394586,-23.005936613403993,0.064607465917543558,-11.150584288569823,,0.281055518548067,0.2,0,1
0.96676389075789337,-0.171900017603063,-0.18925634328794974,0.2060423499311288,0.96209803952527484,0.17864465392639203,0.15137413769041896,-0.21170202240339769,0.96554032756213404,-17.394071474978841,-4.035973553884121,-9.3382425412965269,,0.08003236990335538,0.36,0,2
0.87049245500538575,-0.42546693419155124,-0.24742832030375581,0.48302299720970404,0.83502560670868209,0.2634786904236292,0.094507512639207564,-0.3488697809361519,0.93239380414302964,15.403915109890752,-19.126833696011637,-0.68569258141137845,,0.3271053294439686,0.6129032258064516,1,5
0.5631401281536188,0.82190108195828371,-0.08574268213048182,-0.79304759491314769,0.56668475384643013,0.22348132351604563,0.23226861231255189,-0.057853273319785049,0.9709296012073112,-14.029719274265249,28.205299881933708,-14.590190562560707,,0.1675164617898074,0.5862068965517241,0,2
0.37367254865485178,-0.89775860134123131,-0.23323447450928508,0.92499673183090247,0.34198380663546168,0.16561437770093437,-0.068919318655482439,-0.27762667328078217,0.95821373283788258,9.9408291470411019,-8.1739413359584852,-3.609867072508397,,0.1249435966112801,0.391304347826087,1,5
