axis_00,axis_01,axis_02,axis_10,axis_11,axis_12,axis_20,axis_21,axis_22,location_x,location_y,location_z,dbh,dbh_approximation,score,reconstructed,number_clusters
0.59338907976734401,-0.66147008098590498,-0.45863572906323496,0.7944023205049785,0.57306313570930023,0.20130473334556698,0.12967017077636023,-0.48379331790706298,0.8655227740269491,4.2829766058311955,20.125289917419177,0.35626876600360824,,0.3007797384885041,0.5,0,2
-0.68565708642900913,0.70749589618918607,-0.17124227487727209,-0.71283078260080324,-0.70025385527833717,-0.038946290510812234,-0.14746740387763396,0.095362964736246406,0.98445887153821965,13.806535187655381,3.1568355491223539,3.1823487330445763,,0.2269601987542503,0.4347826086956522,0,3
0.16691649632899813,0.96012368824850625,-0.22427970598638039,-0.98025137291367548,0.18606386699536814,0.066988680383965785,0.10604776826556371,0.2086689738864301,0.97221969234483119,7.6884612330559712,3.6130876300185588,1.4024955426032599,,0.08036079646936781,0.3076923076923077,0,2
0.7269550047030775,-0.52830560901491308,-0.43866798905382903,0.66787067073441964,0.69247670517491156,0.27280905403387101,0.1596408102895531,-0.49129339123733462,0.8562392279127452,-18.691487666329309,13.213154403972348,-6.2185728989941556,,0.5037812862431981,0.1764705882352941,0,2
0.71997382098825424,0.69252643464683927,-0.045219845277360796,-0.66278300409346613,0.70544883109980816,0.25111876908099257,0.20580667281799123,-0.15082799479953857,0.96689944120799698,-6.8405827449440073,19.478130402619339,-2.952747415272742,,0.368888361195198,0.36,0,3
0.48888694751258432,0.86470687413245506,-0.11520231933388056,-0.85058545924542639,0.50182928785298442,0.15707241124148147,0.19363349160740231,0.02119876602645783,0.98084488235749112,-8.6871397049738857,8.9462235346469452,-3.4462202907713411,,0.2720665270445954,0.297029702970297,0,5
0.83959353924503966,0.50593203824899224,-0.19777629163074029,-0.4752321412813334,0.86046584834336737,0.18371972057426797,0.26312943725692495,-0.060260239859701206,0.96287673288999176,3.5585839837479489,10.305377827626705,0.01699793648679352,0.4781340811167831,0.4428432106503574,0.7837837837837838,1,4
-0.62232667683384857,-0.68331278202351065,-0.38182869093905014,0.74361896740098454,-0.66841672260486928,-0.015808740103466449,-0.24441836801360103,-0.29377325757368639,0.92409790309907769,-19.93542328952277,2.0545769289459916,-6.4207114721559897,,0.4348985221394716,0.7532467532467533,0,4
0.70335421421743416,-0.63655621880216207,-0.31636850293110486,0.68934902013945365,0.71942027273277476,0.085043516001361938,0.17346693568328708,-0.2779040328699689,0.9448166863149996,-4.2167070794142258,11.203695663742341,-2.1774483124236554,,0.07640910951784806,0.2903225806451613,0,3
0.3074638574048501,-0.78161261353865297,-0.54272248778450849,0.94964586341573232,0.28819923200583047,0.12293875210297728,0.060321724835400443,-0.55319338845337396,0.83086603281416938,5.0083113868923075,7.0232878261511864,0.46273076022125037,,0.3931785082082124,0.2916666666666667,0,4
0.92188214745037378,-0.20950901215589016,-0.32594367617388886,0.28612603717272012,0.93533157885384755,0.20805462852482412,0.26127609355645426,-0.28506282013659806,0.92221146789207054,-11.337325206089876,-8.8544642078620619,-4.4079508594573422,0.5185580385260413,0.4434880916659237,0.6435643564356436,1,4
0.78678556548940748,-0.49982980299646401,-0.36213069736495362,0.56975920747164732,0.81376972318826568,0.11468776361657934,0.23736663505807215,-0.29656197608359702,0.92504490426281405,7.8897816870546151,-11.710256585389459,1.47070249039009,,0.2088774739365857,0.5,0,5
0.63151316396665003,-0.68946078700351621,-0.3547322186119034,0.76126503637231335,0.63818753245006521,0.11485738035650056,0.14719601942271254,-0.3425791829778766,0.92788621891712519,-2.3337791894376827,9.7496903546081679,-1.5941252734939473,,0.07245282563949439,0.2962962962962963,0,5
-0.8276397275356685,0.4988320667462276,-0.25725289228766951,-0.51167089981144376,-0.85896178667075596,-0.019430371214416292,-0.23066289621616978,0.11554747173811192,0.96614875153058,5.7776084686233489,9.6488589263947553,0.69533750833904795,0.8683754123797741,0.4618961193901032,0.6111111111111112,1,4
0.30367445946895133,0.91959497389327793,-0.2492526963875463,-0.94183533034865485,0.32926422537349492,0.067314785866359875,0.14397233474970708,0.21431321443022242,0.96609617168649664,-13.838820219404363,6.5513383893016277,-4.8946776586042278,0.2089670704091001,0.1588146138609528,0.5982142857142857,1,5
-0.15042314943394647,-0.91623368710440423,-0.37133368649967569,0.9839554202261851,-0.17520175331876939,0.033705736033184323,-0.095940643743317747,-0.36030567057582635,0.92788750214076055,0.083136943108005096,8.8202850472025158,-0.98275225990602333,0.2270420868258939,0.1840812365492655,0.4774774774774775,1,4
0.41806055037816953,0.90343498161903191,-0.095029522804870009,-0.88713619456610837,0.42853731889820224,0.17130422820906921,0.19548592918229749,0.012688589305354554,0.98062441902757747,6.4039333835316201,8.3299433876609097,0.88772043673895795,,0.4101158310011958,0.8,0,5
0.80751910644422464,-0.45632908667935551,-0.37373340415047979,0.54858792749044949,0.81383646600856729,0.19162852712062325,0.21671220210051387,-0.35976933060653093,0.90752512373800132,2.674128117579055,9.2307006648370642,-0.2201203207377728,,0.2596813539126401,0.6046511627906976,0,5
0.57540498141458896,0.79363321317911151,-0.19762446787347987,-0.76959689142402044,0.60718422736323197,0.19760551295902862,0.27682075802540901,0.038387979633146024,0.96015448285467275,4.0426100874598854,-5.972975947175704,0.12375224927421717,,0.395177795137145,0.6174863387978142,0,2
-0.31111024082051025,-0.88788981758402341,-0.33891310079017828,0.93922210453239208,-0.34171487413808044,0.03305727076665841,-0.14516286169109635,-0.30803022030866606,0.94023673984919665,1.3368686335949114,14.304807502550235,-0.52983915870008724,0.22074715514447,0.1202746908950757,0.4545454545454545,1,5
0.95555694775380995,0.046697593600571498,-0.29108461716713707,0.0056098229126248633,0.9843158991231119,0.17632566636865199,0.29475320097721053,-0.17012214872078243,0.94030793096108267,12.231485226424914,-5.7659464574018768,2.7298730864565792,0.6417373096138849,0.7337455437825635,0.6666666666666666,1,2
-0.051304839004578308,0.96406364861518667,-0.26067047188641917,-0.99774506232824445,-0.038169920225333408,0.055207316449898881,0.043273595809938101,0.26291507870178504,0.96384804678793246,-10.759589424881147,6.0673391300058821,-3.9700831568025552,,0.09125865465087719,0.2644628099173554,0,5
0.84166898511112831,0.52088800197415097,-0.14236926951199769,-0.46503094509250975,0.83319555283057278,0.29921796545281648,0.27448049039662187,-0.18563636535639422,0.94350389519540234,-1.5195290908778349,13.876720999913132,-1.3978959255776089,,0.6207397891887416,0.2903225806451613,0,4
0.67839356736079082,0.69538521126933583,-0.23711089327865581,-0.69288928579172571,0.71287116618052426,0.10825496784652755,0.24430842269257372,0.090852123675352336,0.96543217588039099,-22.319950741505092,1.8775401627293082,-7.137461549944625,,0.07501368501797756,0.4117647058823529,0,1
0.26611073044637312,0.93621302857154132,-0.22954355637700141,-0.9538112109098138,0.29017345096672847,0.0777402231590332,0.13938885566663609,0.19825370989457824,0.97018875144426608,9.0415674786158711,-12.434095880570712,1.9001387033040293,0.7675817157623083,0.6977910800518594,0.9117647058823529,1,5
0.95462409701871398,0.11690652782629356,-0.27390819108380882,-0.058887319401761964,0.97566939335004144,0.21119071592671065,0.29193341193648792,-0.18547802735516081,0.93828182565983786,2.7774947653798594,-7.4510412357351372,-0.27816189070307351,,0.0816764235672968,0.5333333333333333,0,5
0.78095048410619938,0.60021084824414772,-0.17280995059409038,-0.59115376029505629,0.79960156124337256,0.10570986210460653,0.20162731229500258,0.019603084124707296,0.97926612625449883,-19.782564392343016,10.523990669647599,-6.4765179910292172,,0.3969283046318001,0.6417910447761194,0,3
0.31781922229837611,-0.77982612117628536,-0.53931638457291953,0.94720112840428827,0.28659381808518936,0.14378458117961243,0.042437769584399404,-0.55653859180339249,0.8297372063166738,-3.1466272411053628,7.7823485944410082,-1.8743882768655447,,0.1042038320039356,0.2033898305084746,0,1
0.8184352789928302,0.55734285267756523,-0.13975921675926065,-0.50400154801430852,0.81312941133047711,0.291209546595802,0.27594588907811085,-0.16789730491757612,0.94639545714373829,-26.864537664743288,1.9870053073841689,-8.3577908528354286,,0.4478086858044312,0.1764705882352941,0,1
-0.0022047499217101099,0.99840299490216755,-0.056449967654247153,-0.99843555669626793,0.00095614039377516717,0.055906394269001479,0.055871085566653947,0.056484914498742253,0.99683894197190837,-10.209756912025716,-10.072478290786556,-4.0741008178155278,,0.1998754431113007,0.2222222222222222,0,1
-0.95640239804664295,0.053694829491037287,-0.28707371578839952,0.028057128854145706,-0.96151461009971895,-0.2733174931928925,-0.29070130810007072,-0.26945597015229306,0.91808835610642281,-26.106914385580193,0.16377633550223319,-8.0747651587801705,,0.7699647358725654,0.4285714285714285,0,1
-0.023852530993317828,0.99187837802428558,-0.12493334211940887,-0.99926908950626692,-0.019920827377618286,0.03262587000996995,0.029872119485050499,0.12562023660423344,0.99162856586171777,-4.9621660352994468,18.928699203981832,-2.2754492713090411,,0.2837153152125958,0.3478260869565217,0,3
0.81278720895469314,0.54214574626679934,-0.21320164812790621,-0.51602258441128623,0.83985469674831925,0.16841846908010494,0.27036576213924979,-0.026871511952332939,0.96238260401373554,-0.68625427904090619,17.717799984905511,-1.0885285780708756,,0.3878308176979052,0.1764705882352941,0,2
-0.88460556728593276,0.4423470639314252,-0.14765522462134378,-0.40876767202498376,-0.88790094272824049,-0.21104716584113575,-0.2244593073009164,-0.12633681543219352,0.96625929668616539,-1.9266566747026155,1.8950162072269177,-1.5761669919548724,0.451434338846547,0.277783036553434,0.2427884615384615,1,6
0.90625558614442359,-0.29612742372627154,-0.30167757871487327,0.33726775439633744,0.93673742855907549,0.093666705829675831,0.25485539905302995,-0.18663209491877977,0.94879775859755733,-12.487438658218057,-5.6471020364479516,-4.6259187868243981,,0.08289484095429603,0.3333333333333333,0,1
0.85167691077700536,0.50290840603228326,-0.14740954782986343,-0.4414378878589188,0.84002827492259158,0.31541256869888945,0.28245182033754584,-0.20355744268545706,0.93743551069679654,-13.264837324991657,-8.1114244255988783,-4.8354226503720916,0.4620003180540926,0.6137358113457707,0.3505154639175257,1,1
0.27721366635796035,-0.89305162995245557,-0.3544169429127792,0.96037532835950123,0.26862101325781523,0.074310025667640389,0.028841148776672949,-0.36097304258851159,0.93213016830356632,-8.2461700987015583,-14.29556196496825,-3.4777275882445142,0.2824923673050456,0.2267422155125233,0.4418604651162791,1,5
0.95625777209531992,0.10955576909219995,-0.27123533465592348,-0.03132896329424803,0.9602426491834154,0.27740322771756454,0.29084286026341072,-0.2567714706657106,0.92167176504760384,-8.6946038569095254,-18.067539869410336,-3.3171274343933734,,0.6184943504962197,0.4444444444444444,0,1
-0.44118040753270793,0.85454641679109722,-0.27406252855647706,-0.89360475234139747,-0.44644314437937316,0.04646574468926104,-0.082646201377577361,0.26540335413508687,0.9605887075183126,0.74557421076063868,-3.5615650102711092,-0.9361814576385119,0.1765050336104164,0.1253414388733547,0.6572769953051644,1,5
0.86381680755604973,-0.34562869751818331,-0.36655330640379996,0.42082537897371558,0.8950229807730139,0.14778316649678827,0.27699552955833512,-0.28191251717522758,0.91858522155792599,2.311938979008457,13.133548971810898,-0.28246429567646392,,0.1727337918140607,0.2857142857142857,0,4
-0.10354368096482078,-0.9377216933218836,-0.33159724366435084,0.99084162850839763,-0.12629932659177673,0.047763451689451411,-0.086669333371627161,-0.32361474931777007,0.9422111868773978,-9.6435224908634378,18.84996442365939,-3.8064738379501741,,0.08406105372804759,0.2941176470588235,0,5
-0.3189526275295842,-0.86220446781335636,-0.39353866020336575,0.94048792341236798,-0.33930334040694748,-0.018860251964864842,-0.11726758847808461,-0.37613388423721272,0.91911458144301073,1.7899114045698652,10.488366476104394,-0.45826916662180123,,0.3610869164032083,0.3529411764705883,0,5
-0.20698041656796987,0.96664447849613244,-0.15085608821088159,-0.97831154963339872,-0.20577471900696223,0.02373345468960399,-0.008100556230739785,0.15249661376747142,0.98827079476133806,6.2964582835987644,7.1013625876676869,0.90000882272970584,,0.1276099845016825,0.4782608695652174,0,5
-0.37112600594099854,-0.84919624973234509,-0.3756743498760608,0.91401346915763104,-0.40545679215984404,0.013570847058311681,-0.16384402922509211,-0.33833492153776873,0.9266523700694439,-16.07018196896086,4.6291333652841669,-5.4577478594913131,,0.08211425745243148,0.2933333333333333,0,4
-0.87489677844487523,-0.33923180091472332,-0.34565504815485021,0.38288495548853602,-0.92152547830798259,-0.064729465390847438,-0.29657164046368273,-0.18897771846806916,0.93612642522005673,-8.5063545488260743,14.251799971448284,-3.3288835428948831,,0.20034815832111,0.1851851851851852,0,5
-0.0030466520787459446,-0.90822121737453732,-0.41847931636082414,0.99988366425104824,-0.0090212891809903824,0.012299361991918275,-0.014945764450384289,-0.41839316037935492,0.90814304350843711,12.159126281034059,2.681192297303562,2.6277446619380229,,0.5930565056438192,0.1428571428571428,0,3
0.43896886883795394,-0.84155949270982222,-0.3147760353348284,0.89474987708669251,0.44141644934431112,0.067632652628809242,0.082030419019259102,-0.31133444794665283,0.9467533321183913,1.8970457761178126,15.397974453628445,-0.39096449980507125,,0.06423941351115987,0.2,0,1
-0.86668484677622815,0.45084235172888149,-0.21353817048957838,-0.43879373492142626,-0.89259504769137654,-0.1036056901455375,-0.23731294646978254,0.0039057296884797699,0.97142540151749657,22.312639800175525,-4.2593049457192942,5.8299198711228462,,0.4603328182020672,0.1851851851851852,0,4
0.87885944453585274,-0.35601306481062106,-0.31758585364320069,0.42886146969845707,0.88118109012095103,0.19899177425544801,0.2090069772955232,-0.31108613613820896,0.92711460960573144,-8.1409539901292209,-23.714605921966818,-2.8338430052607761,,0.2599559660143056,0.2352941176470588,0,4
-0.9508286826062825,0.044283299721770697,-0.30653516225541311,-9.7483444589325964e-07,-0.98972604417852605,-0.14297677249740795,-0.3097173168104268,-0.13594611741597365,0.94105995389628139,-0.65844444324105544,13.015694778372326,-1.1605720178281953,,0.2104387503905279,0.2631578947368421,0,4
-0.81040676122221478,0.53720397647340534,-0.23377931693475804,-0.54546089871636805,-0.83746438937568335,-0.033553010284430217,-0.21380666345288032,0.10032588992267095,0.97171056723407712,5.9602319878057886,-8.3770482974143938,0.81196334050646701,,0.07407340738011363,0.2592592592592592,0,5
-0.094622617000143863,0.98245767218359437,-0.16069686592972562,-0.99534968961071801,-0.090440685970484616,0.033158373196446718,0.018043163355984541,0.16308710767188281,0.98644667345342507,-14.169948373760816,-13.805602982862796,-5.0343199165028176,0.3765669786829452,0.4197358166581941,0.55,1,4
0.80886720919186927,0.52993935895679067,-0.25475108188704954,-0.52026141029040662,0.8469104289900754,0.10986714809479563,0.27397427407841374,0.043669223674256089,0.96074507339194515,-12.944959214115219,-11.221144353405986,-4.7514193670800511,,0.07316736467967469,0.25,0,1
-0.39459408860065925,-0.8438083312822704,-0.36370730718538835,0.90234400688210226,-0.43055577967867076,0.01992520587713147,-0.17340933794167254,-0.32032674044469539,0.93130015616379502,-2.6800949744875608,11.112119562737909,-1.6489795270619039,0.1927635038994152,0.2586395622091026,0.328125,1,5
-0.55062010942906148,0.82373397991949449,-0.13520290462234327,-0.82076469464948554,-0.56377273422468832,-0.092225919142919041,-0.15219333464138843,0.060188325037411124,0.98651637311294815,8.9307079435629539,10.143395989786605,1.6263861373988735,,0.4277718053511334,0.45,0,2
-0.92939868804828907,0.2406488741022445,-0.27983244638075722,-0.25729636352593838,-0.96603989584506089,0.02378026391759026,-0.26460661361811316,0.094101216936786511,0.95975429199382511,-9.5182972039892846,2.8675807206557944,-3.6356535833834509,0.2335482756000991,0.1988444383917444,0.7862122385747483,1,5
-0.31453845690196547,0.91812174840161709,-0.24107678080165409,-0.94834508038286092,-0.3149917702320908,0.037706673145211034,-0.041317885272077304,0.24048417785378728,0.96977326863480429,3.4859813769782875,3.8709678509587668,0.12634013071603492,,0.07374431868005223,0.1041666666666667,0,3
-0.86043082754382116,-0.3896472156831724,-0.32838063024881137,0.42614157585080326,-0.90356417247627718,-0.044442587105779419,-0.27939604210448182,-0.1781764112547225,0.94349934717981587,0.90403950149647139,-15.008906945522025,-0.61807922742722421,0.4014084234309243,0.2206706719069785,0.3396226415094339,1,5
-0.28061535686406308,0.93196290574397922,-0.22956516244694919,-0.95930204622748527,-0.28018249371805787,0.035176047499552318,-0.031537368244906251,0.23009326920005743,0.97265743295006779,-14.534339436025512,2.1473663060318753,-4.8813363422390843,0.7084988673657855,0.6063138037637804,0.9602498580352072,1,3
-0.69132613239811858,0.67156266382456486,-0.26659288666487541,-0.69990049707272228,-0.71405599190015145,0.016227588509840265,-0.17946440555389526,0.19780704989545439,0.96367260942232968,2.46065128524614,-11.136361733858246,-0.20491203690289217,0.7317551226954286,0.3968163169015557,0.15625,1,5
-0.91882668359693009,-0.22934902741973023,-0.32117993264195627,0.26294392903667957,-0.96263066921456908,-0.064828117898526147,-0.29430938770793796,-0.14401811798914557,0.9447966797136006,12.944983926805897,-1.0889762590431808,2.8604935694308185,,0.2590516693475806,0.3214285714285715,0,5
-0.89739076940043783,-0.2970330936405563,-0.32628384617876899,0.33246328780735446,-0.94136716450908886,-0.057411008042380023,-0.29009992977457649,-0.15999750893822873,0.94352680294644908,3.9277273692731813,6.3481932439703908,0.18476953382925357,,0.2186896728853544,0.1136363636363636,0,1
-0.4290571943713184,0.86810140127987356,-0.24961947250591821,-0.89962916015514816,-0.43549511537180918,0.031802180520180433,-0.081100543504690814,0.23820991075774894,0.96782164692676187,0.083369936942742973,7.8785706744220194,-0.9745308267644156,,0.08213634085239152,0.2352941176470588,0,5
0.2511248350430289,0.96480401293138707,-0.078035465373789331,-0.95861663797366548,0.25906393605199879,0.11806785522449761,0.13412851533018061,0.045156324792196022,0.98993456738644281,-1.9117418974940212,-8.4910750457299002,-1.7957265798583353,,0.1564445850657516,0.2,0,4
-0.2928457809935695,0.93740316429300141,-0.18845863240439731,-0.9555400916555824,-0.29400958400459176,0.022394145491390328,-0.034416301270023958,0.18663780990709317,0.98182577177418606,-18.265820674766289,-1.4304077272569045,-5.8608236742914848,0.624570114433277,0.4495508400009453,0.6,1,1
-0.57812817348901147,0.77938279558339818,-0.24151661012623452,-0.80726384740616997,-0.58941084679915656,0.030330419490848335,-0.11871350255657097,0.21250249792439943,0.96992257045943764,12.105000923560631,-8.4026618805906068,2.7427740722768275,0.6668988685154063,0.7092575612899339,0.8192771084337349,1,5
0.57497114317732834,0.80813456508388115,-0.1277760119507648,-0.77153638029555205,0.58751770126939618,0.2440380391979125,0.27228624348981245,-0.041730988627283125,0.96131094147231866,-23.968366872971142,2.3209408935206852,-7.5602324693262384,,0.55725284926687,0.7761194029850746,0,2
0.83979814148011611,0.48165320167422743,-0.25049805365213634,-0.47180266052308256,0.87576362800706375,0.10217787129924912,0.26859138312664355,0.032376861751427885,0.96270992917557729,19.018103924691861,-10.188706545288779,4.9497600356882394,,0.09780070378534642,0.2142857142857143,0,5
-0.3595066332469451,0.93195018153014875,-0.047157605933383209,-0.93138715938856942,-0.36147015583657971,-0.043096238415540361,-0.057209614380249497,0.028428605055480755,0.99795735101108485,-6.2460687734923548,15.658429060826073,-2.67570792124156,0.8150805180034304,0.4166703221535237,0.125,1,3
-0.49068159299498981,-0.76352612570845502,-0.41983262100095997,0.85631664098563776,-0.51163937008176485,-0.070334666796746478,-0.16110054210639255,-0.39402158613833776,0.90487214842211527,-14.207857430090323,8.7838922761877125,-4.9891923811151706,,0.5672617683692549,0.7421383647798742,0,5
0.70263951537338043,0.66682143374754355,-0.24828791136648728,-0.65914937920577121,0.74140929867367744,0.12583460467158161,0.26799217773753875,0.075242456997876586,0.96047840440918575,6.5813598322503433,-15.693387731350509,1.2548130516225624,,0.2011911879830069,0.6470588235294118,0,6
0.85299000043068307,0.47475703019792231,-0.21682670832467577,-0.44427068563653582,0.87848408248395993,0.17575344863290487,0.27391899724062069,-0.053586183853358685,0.96025876921313691,3.3604703560348952,11.799384386688612,0.066882326641477488,,0.1432977726158945,0.24,0,3
-0.70671367455459866,-0.59025707742459066,-0.39006712851471659,0.65050261975927304,-0.75890433195129181,-0.030175430931226828,-0.27821237191012627,-0.27506507865547614,0.92029184426484911,4.3747142833115902,-16.810291467751604,0.58937725841247424,,0.1356606931973613,0.4285714285714285,0,6
0.80050353008545727,0.54629898939174149,-0.24647821913971019,-0.52691730477028564,0.83747510767171285,0.14489167665490738,0.28557354964061177,0.013887340271421971,0.95825617113893191,6.3636439243698506,17.911789350172175,0.87842563882667035,0.3341681417393013,0.2704238228234964,0.2272727272727273,1,5
-0.064955817613198963,0.96776409808939423,-0.2433380204723895,-0.997387444504093,-0.055239467111777164,0.046549831565757815,0.031607393182519324,0.24572596875875188,0.96882388542695275,1.162525289390212,-14.060387246127517,-0.57209756805151124,0.2666888336766121,0.1892349460518989,0.7659574468085106,1,5
0.3963627431367519,0.91468556097176656,-0.079037335499581335,-0.90175800755945168,0.40403251528550449,0.15359108826516021,0.17242120419344231,0.010394765116772516,0.984968465080304,-25.248399663698024,0.98367093468118205,-7.8858678200305619,,0.4505236283667979,0.3877551020408163,0,2
-0.33939215249407062,0.90859308595387833,-0.24345753424827363,-0.93921411646411979,-0.34159918661627819,0.034450531746543271,-0.051863380722471188,0.24035099304955015,0.96929953568550242,-1.2613021795596495,-5.2250798504055069,-1.5699709539519286,0.317052941224096,0.2587667229221486,0.7444933920704846,1,5
-0.085092829670262715,-0.93475014392982481,-0.3449657646229255,0.99265417094557784,-0.10941738717808958,0.051628793201738722,-0.086005274507180762,-0.33803846498038059,0.93719426425403018,-13.283555913073263,-15.162583241980645,-4.7729822693917168,,0.1193078748184646,0.1428571428571428,0,4
0.58501776818656126,-0.70429863590608965,-0.40214132138694386,0.80042746383020824,0.58127896123224088,0.14639209123142172,0.13065253940263313,-0.40752693247144967,0.90379849151127434,-3.7463393340606279,-5.7120783959583763,-2.3034587705135974,,0.4712559796815257,0.4391891891891892,0,3
0.14777507841543161,0.96402233627247469,-0.22096031627211357,-0.98387127890239268,0.16605902806896017,0.066495907752000552,0.10079599570559976,0.20757007097496433,0.97301327477335309,-2.7618096254873232,-20.099461298487363,-1.4136067460348485,,0.1566651063449214,0.35,0,5
0.73918373763181888,-0.56978569532540613,-0.35909840353752359,0.64577986020002087,0.75101070454971264,0.13766369823517757,0.19124793902339507,-0.33365728383221005,0.92309102626177431,-1.6165773648136719,-14.130445347782963,-1.4918397139617805,,0.09280165157619517,0.1764705882352941,0,5
0.67636630292828792,0.70509675598250598,-0.21299574870420715,-0.70495771767104165,0.7034873849710761,0.090222588538531046,0.21345547676074184,0.089129478229726208,0.97287856156425878,-22.587129843393338,-0.51963505660974552,-7.1034874153056098,0.6370499378619491,0.3537949707899807,0.4444444444444444,1,2
0.95668760704278499,-0.0022759558164290434,-0.29110761335951241,0.023681774091046874,0.99726372699993837,0.070030224803964397,0.29015167775949585,-0.073890992924136784,0.95412374724562599,-6.3045300688069901,-17.218750518409678,-2.6648388341212299,0.2444305596392474,0.2202148259813709,0.6363636363636364,1,5
-0.15312935811513897,0.95995848740166201,-0.23458708862330468,-0.9881641826465436,-0.14655805055608961,0.04530216277052318,0.0091075692549551623,0.23874764979515789,0.97103893428613597,20.581323296040203,-9.1580668122421525,5.4388798487711325,,0.1022335349572515,0.3333333333333333,0,5
-0.83852752739270686,-0.38798527801831828,-0.38254282093083675,0.44715425115663615,-0.89119857112212852,-0.076277011624903038,-0.31132725784489523,-0.23501602258341001,0.92078380071103183,13.433118832715184,-4.3696203479510718,3.1292846027419863,,0.4308275380136972,0.3064516129032258,0,4
0.42919929845227556,-0.80361051381181881,-0.41230826368044116,0.89976642024661746,0.42023743493151017,0.11756226979253538,0.078793091097270285,-0.42143877416926212,0.90342736754099262,-21.505180501094401,-2.8525370382214343,-6.7329026619205763,,0.1634212948676499,0.2307692307692308,0,1
0.64317395900614582,0.72223403879988091,-0.25437226982352429,-0.72935811334121059,0.6789939248688166,0.083689858971017661,0.23316089071649496,0.13170134088175164,0.96347846672888271,7.1199926455428919,13.104310731330868,1.1222624936314713,,0.09216459987174581,0.3571428571428572,0,6
-0.79129941237606105,-0.50233756632946969,-0.34857167043161169,0.55132583745896602,-0.83269577197642508,-0.05155164675113421,-0.26435782742992181,-0.23296935589636997,0.93586335449667035,0.78883387554174955,-9.0048623278511624,-0.84424744218522152,,0.394554930940105,0.6842105263157895,0,5
0.74559272552809153,0.61941210337311603,-0.24580507284123548,-0.6086888357166067,0.78315099423664725,0.12717083588666842,0.27127364212830357,0.054801153464540502,0.96094091632389234,-7.2091084704569548,-10.79193526413709,-3.3729291627377216,0.2157916769689117,0.1800724638748645,0.3658536585365854,1,5
0.93239534320115669,-0.18956154326677127,-0.30774233587713518,0.24765077814631201,0.95521978772114557,0.16193902935825727,0.2632641564290924,-0.2272038258046909,0.93758754550142598,-12.45598233828731,5.9243476968906039,-4.4377270788954943,,0.1193132552877151,0.3287671232876712,1,4
0.90069327235417596,-0.26505491583837909,-0.34423468844065536,0.35299786208417672,0.90836601491603464,0.22419565631287816,0.2532669313193609,-0.32344562840680252,0.911722977095895,-5.6167060940841651,-8.358701723010423,-2.9320566732156981,,0.1221346769627939,0.1746031746031746,0,5
-0.89328890701521313,-0.23111022260692299,-0.38551652832290595,0.31996251600237252,-0.92933746754634206,-0.18427115826407731,-0.3156880057224204,-0.2879582199228416,0.90411345893193662,-7.0298666686304383,16.682218380795089,-2.8812750841719224,,0.3446101258817411,0.2333333333333333,0,3
0.42279400368957659,0.89150776287891509,-0.16266265450548381,-0.87397006958085655,0.44858577716293202,0.18694148283342885,0.23962793643682523,0.063124553493552851,0.96881047828007538,4.4627639950455036,17.294125445908335,0.33677724306362228,,0.3469707612388116,0.5384615384615384,0,3
0.83643753463222192,0.49594691321404177,-0.23325717552057204,-0.48854455476391667,0.8675917365723339,0.092783601147667011,0.24838773856391896,0.036348836361932577,0.96797845710854358,-24.219605811052414,10.850544820353647,-7.8015402591775977,,0.1671490225817543,0.375,0,2
0.94697792739431885,-0.12849544808121577,-0.29448552570604764,0.16110763037759418,0.98289779427145019,0.089197855638091642,0.27798765523324248,-0.13191226568717915,0.95148411321429782,-10.318170012805016,-14.381782286594344,-4.0159313560043719,,0.1093239638822228,0.3555555555555556,0,5
0.94363236641861947,0.1722987297545894,-0.28261476389628309,-0.15229796282569305,0.98409467131659434,0.09144948553944042,0.29387631338088582,-0.043253041641479278,0.95486432901350982,2.0619765048573049,5.5117624471614306,-0.33843546423558046,0.8560325224020426,0.9306797968093901,0.9190751445086706,1,1
-0.50599531882464233,0.84516039811826171,-0.17225747815445216,-0.85616727318616437,-0.5163656982463497,-0.018549016133721865,-0.10462474684565741,0.13809550002495655,0.98487729957611503,4.1403725710522785,8.3817582392630996,0.20257933158757946,0.3551920426956276,0.1323618948845925,0.1428571428571428,1,5
-0.95254821080273744,0.14898957174408381,-0.26543174943480075,-0.1324375298627605,-0.98801351742288634,-0.079306935847423321,-0.27406606280303064,-0.040390554603414362,0.96086231912718634,16.439332402109315,-4.575845831910903,4.0430621191656959,,0.248827710751602,0.2142857142857143,0,4
-0.89712981730670494,-0.28816213931603246,-0.3348442509048723,0.33076612693460433,-0.94058678539303076,-0.076748084123872531,-0.29283418545640949,-0.17960813068681292,0.93914272569150481,-4.1574237452198108,8.4318536989265667,-2.1798057509412909,0.3962313005611878,0.2071701123835951,0.2442748091603053,1,4
0.080063934891066196,-0.89763974513811906,-0.4333966477467629,0.99678916788761218,0.072561842032219853,0.033854598842888821,0.0010588256140102868,-0.43471561627029648,0.9005671612151176,-9.7236103214383167,9.6547727129348573,-3.7368453326548403,0.6004718629484416,0.7353187000768612,0.2133333333333333,1,3
0.36873125085527791,0.91692485289547587,-0.15259776795651833,-0.90979144195194461,0.3896590546772159,0.14298724858902356,0.19056966388620933,0.086108276319223825,0.97788985471556511,5.3019846383504037,2.8447691848841226,0.67804828508169657,0.5060140168618391,0.441527823607557,0.704225352112676,1,4
0.18808832570704662,0.97119404514121288,-0.14630416403837621,-0.98189226528350804,0.18936697683456577,-0.0052656871307366297,0.022591173257307504,0.14464534132416842,0.98922563863057722,0.89054728073276279,15.35812823881882,-0.70381997488708581,,0.1951018060795452,0.1071428571428571,0,2
0.36962884081918379,0.92017226736947932,-0.12906400892106776,-0.92179203743920513,0.38061597509943007,0.073694770593231179,0.11693570775578095,0.091730463114611041,0.98889411080683121,-15.861819610616722,7.1039923298329075,-5.4061508077319891,0.4073439186992366,0.3361105915813377,0.2732558139534884,1,4
0.10237818780890194,0.96986211319764015,-0.22110221175911637,-0.99094894401943479,0.11883719138894382,0.062433262685484825,0.086826821937304566,0.21270919897032078,0.97325017321635865,5.7982844441988854,-5.3742653166856922,0.66245446903977978,,0.07815977703660847,0.1176470588235294,0,3
-0.80912674754054015,-0.49067460238321681,-0.32334554425651107,0.51986376662363731,-0.85423686355936146,-0.0045874925776170725,-0.27396271747511836,-0.17180749550685348,0.94626984202251296,-2.32308218913496,8.5499838839814988,-1.6334090960483911,,0.06602973014971884,0.2318840579710145,0,2
-0.31755958454667776,0.93668453340421376,-0.1475736939426236,-0.94699944193784658,-0.32123324825507032,-0.0011212425709604562,-0.048455827636601632,0.13939614448336085,0.989050427264063,-21.059035796420122,0.84355589755663229,-6.7113860337801023,,0.08518565364954681,0.3421052631578947,0,2
0.81652573857395039,0.56490690590343717,-0.11902061127749997,-0.5073015620027127,0.80050002702456546,0.31913137094820027,0.27555551788318877,-0.2001996363540032,0.9402070315456339,-0.79560358557956112,-7.7888850320377809,-1.298562650830924,,0.4282113397491398,0.108695652173913,0,1
0.80307432145566326,0.53658679515330332,-0.25912592592334727,-0.526127832632593,0.84267360931787139,0.11441456152309114,0.27975192215220829,0.044449965425160873,0.95904278456482117,-3.7828991259460127,22.036560264547425,-2.1126220609562911,,0.1188317370332795,0.35,0,2
-0.5133062167085567,-0.76982197861997148,-0.37932947304682274,0.8338322409107245,-0.5519573394910624,-0.0081785939957634644,-0.20307762532132284,-0.32049526769607711,0.92522551925369645,11.834787788493264,10.866383215796297,2.5396904458999812,,0.5985478426591757,0.3666666666666666,0,3
0.28199368384861684,-0.85052126953520923,-0.44395172298089347,0.95891632416658223,0.26479300741859152,0.10180445210829266,0.030968460025294745,-0.45442076679046639,0.89024868502751975,2.5804210054281653,-5.4664352015323336,-0.32224430971972312,,0.07873731071079539,0.2325581395348837,0,5
-0.76337410720815768,0.59372019686036348,-0.25447259240287656,-0.61553281257711512,-0.78807256904176293,0.0078091334233260697,-0.19590642941224615,0.16259752078063325,0.96704845646479232,5.4114706189131825,5.0716532512942454,0.70995248110576681,0.9168293817823681,0.8926388976362978,0.8862275449101796,1,1
-0.76943559364696845,0.60718929073738959,-0.19821713458468329,-0.6071912551586458,-0.79163975847872625,-0.068009355640323829,-0.19821111696371901,0.068026891811763759,0.97779583508134504,-18.76850238537353,12.074704937544249,-6.2192535163841898,,0.1543285817276576,0.4090909090909091,0,1
-0.75922531747358468,0.62255038059281631,-0.18975758464650275,-0.62197517164914828,-0.7798923883804959,-0.070105266550944498,-0.19163455627612641,0.06479881302852511,0.97932492599287346,-11.401849435340457,20.428713080769011,-4.355832682507601,,0.1570164889676337,0.2777777777777778,0,3
0.41269756362524407,-0.76738297085052365,-0.49071794039591793,0.90438249446407459,0.40938633039381223,0.12039574823732742,0.10850356991696228,-0.49348374698191683,0.86296046652205449,-13.063073355058052,13.564479108962065,-4.5914039298966438,0.7831947075478616,0.6438998306266841,0.7777777777777778,1,3
-0.63741405835064657,0.75799133595214951,-0.13839238721271149,-0.74786729788677841,-0.65184489609890217,-0.12566915365888054,-0.1854665009334199,0.023395855429673307,0.9823720328776806,3.8319660825071238,14.802498165251061,0.17799291594926456,0.9183038936597253,0.7054629331297273,0.7014925373134329,1,2
0.59327992620546921,0.77195485498696625,-0.22826438842641261,-0.76332078350366328,0.62952947507720591,0.14503110521667667,0.25565662642103815,0.088194908419186244,0.96273638525608063,-0.56320415340694008,-3.5075946147733608,-1.2852048143724504,0.8624106728994503,0.3646183003458345,0.3333333333333333,1,5
0.74451302783697781,0.62330615035801129,-0.23914387783694921,-0.6188146232000119,0.77873224861326318,0.1031724143536457,0.25053705014397515,0.071172522054577275,0.96548726486140057,-5.0634278049800958,-14.994567900830015,-2.5380746275556159,,0.1205103217547215,0.3529411764705883,0,5
0.89616558377730893,0.35660571856840861,-0.26404470821696974,-0.33506792932950397,0.93397673781107982,0.12416495464748818,0.29088954808984507,-0.022799445433676208,0.95648494818266905,0.93386713704407742,-7.6337302775949389,-0.83334747998334835,,0.07473037455987744,0.2678571428571428,0,5
0.13077102261971035,-0.94053658873664026,-0.31351214472590955,0.99127131621414677,0.11870415428445476,0.057362892244777482,-0.016736704994375844,-0.31827700043084611,0.94785000590951896,-17.041893669827271,-0.17251089844302614,-5.5211456548666513,0.207323567990378,0.2018525010735178,0.7326732673267327,1,2
0.85330495640100512,0.46818402045587915,-0.22950898538237677,-0.43808753344507451,0.88244997955519344,0.17135152938637524,0.28275424739778826,-0.04567008400263927,0.95810452405032642,-23.542082646206424,3.9427680001811267,-7.5066066438270269,,0.2073926470950725,0.125,0,1
0.55531338210425896,-0.71843213441159837,-0.41890609437047338,0.8232495558521693,0.54625552055633708,0.15448325168422367,0.11784403440622411,-0.43065087310548883,0.8947919361775365,-2.2598452293410096,17.379986364029822,-1.506460239759505,,0.7684523466245501,0.8518518518518519,0,4
0.95928432818762144,0.15449321744733485,-0.23644327746077659,-0.10390259640868964,0.97146522884123909,0.21321247527284004,0.26263630395121729,-0.17996431567177135,0.94796361582691269,6.6561645045195332,-6.4141709820350847,0.92456277539042275,0.537561714029184,0.3007347966528903,0.25,1,4
0.30443030757779299,-0.85678462422091572,-0.41622385266430084,0.95180918733222752,0.29067043905042028,0.097826206980541341,0.037167980010409114,-0.42594694923295212,0.90398436806234983,0.31946200364257465,12.3266712580141,-0.8562997630728989,0.1729391578510299,0.1724061834317048,0.303030303030303,1,5
0.96404734327559827,0.0069212664295412209,-0.265640388484642,0.052915555400904139,0.97463996878491144,0.21743246133813623,0.26040864793603546,-0.22367169538848125,0.93923282990010937,5.5323857829987162,-7.4062960397770388,0.65597729947010774,0.5049490187672663,0.495934530809981,0.4509803921568628,1,3
0.48528248870968821,-0.76987962172526803,-0.41447107764461577,0.8702295992406095,0.47128529135796082,0.14349431610753649,0.084860772782594532,-0.43032027863185757,0.8986785337599541,-3.9424064680126336,12.460867449438011,-2.1237093452640825,0.6299234170415929,0.5712703533956928,0.2291666666666667,1,3
0.8917837895544577,0.38857758264676701,-0.23179545930040632,-0.34265670978823742,0.91456189227018858,0.21485558974406987,0.29547935955831323,-0.11217846260119392,0.94874018603801225,-20.219712610431142,11.663484356729215,-6.6813586446102358,,0.3220487702695666,0.125,0,3
0.75743027759131054,0.61138677262229824,-0.2291409802947551,-0.5998489128361868,0.79019843030693704,0.12556959229725365,0.25783843072202384,0.042339756765290441,0.96525990729951117,-4.5910504876390092,-21.967370253225202,-1.8704635381541057,0.2792905802056966,0.2045100548677972,0.4736842105263158,1,4
-0.044985700240665963,0.97088843413542836,-0.23526991995559859,-0.9979661939699136,-0.033028440412660925,0.054521535351761026,0.045163729552185658,0.23724411601968998,0.97039964290336278,-7.4574841083554215,-1.8399023832045782,-3.1089561400871673,0.4655472031439215,0.4332070874018681,0.957,1,4
0.74158436833681241,-0.58516537104805122,-0.32807638312546578,0.64443587711285821,0.75727792157051288,0.1059837241826553,0.18642699624322617,-0.29002006487145104,0.93868702827070505,-9.5294472009411564,-18.571470252423349,-3.5375453797001626,,0.09626812282078842,0.3333333333333333,0,2
0.58829946266714861,-0.6929568143520648,-0.41679082963590092,0.79587783241250831,0.58739823988664752,0.14677119490021256,0.14311610007232647,-0.41805999715484204,0.89707503625894169,-18.839973826552288,7.5124731451832023,-6.2571201115415569,,0.3617198404122421,0.8297872340425532,0,3
0.82194419629671323,-0.46470737554953029,-0.32932475352457041,0.52313485256239833,0.84461274486594307,0.11383864565487513,0.22525022576829745,-0.26585027049052679,0.9373291681535606,2.7536822714785152,-8.6154076127861554,-0.1639673606454517,0.5962843396346639,0.5534143501215056,0.8333333333333334,1,5
-0.72987357505825678,-0.55682495363940798,-0.39652305788711723,0.6448384452789927,-0.75334685695700077,-0.12904221248560438,-0.22686547538541529,-0.34987781312549598,0.90891010114349025,-2.4187647807780825,-6.4146751757821789,-1.8557290009137288,,0.628365649183649,0.5204460966542751,0,3
0.95030774377192329,0.051450966321083133,-0.30703092709325691,0.028613516678538696,0.96763773760190075,0.25071592576452678,0.30999428831900283,-0.24704252029418639,0.91808144212607468,-8.7140718607100887,-11.69848294370337,-3.6885460931166634,,0.7101743948203865,0.1851851851851852,0,3
0.19412404836282743,-0.88502109890927128,-0.4231471473762427,0.98080256512933739,0.16697037540609608,0.10073342033535147,-0.018498164312652388,-0.43457858693471357,0.90044392923429095,-17.50472057665727,9.5041496371377256,-5.8491068235231403,,0.258656233128635,0.4705882352941176,0,6
-0.4230656651860415,-0.77716683264739617,-0.46586173611223558,0.88840394795693478,-0.45689203294382896,-0.044588064400542388,-0.17819615089901322,-0.43273708468915534,0.88373341418071716,-36.34977980078223,4.4166149393255223,-10.960479195513704,,0.3861254443038658,0.3333333333333333,0,1
0.83034955518757936,0.52014578479397089,-0.19991993087447069,-0.48274661511130429,0.85065838881235245,0.20817303173502313,0.2783438912539079,-0.07634571438028967,0.95744243174062205,-10.001830922679153,-0.36586236617769297,-3.748604287970839,,0.4148192030294828,0.3714285714285714,0,1
0.95581088190147701,0.090012055151847806,-0.27986315935839445,-0.028543617485054507,0.97588970156400368,0.21638981556946588,0.2925932670783597,-0.19883943348506422,0.9353352659617572,15.235677415793448,-9.1593286853593501,3.716313030638668,,0.5378763941484274,0.3125,0,5
