axis_00,axis_01,axis_02,axis_10,axis_11,axis_12,axis_20,axis_21,axis_22,location_x,location_y,location_z,dbh,dbh_approximation,score,reconstructed,number_clusters
-0.95673604844546078,0.27967814040410022,-0.080226375868975616,-0.28199452533147551,-0.95922919357730252,0.018932561160999971,-0.071660458329831617,0.040736862534363392,0.9965968526655179,14.204724251958289,-3.1872229214531078,-0.69707847270949297,,0.1706310700263947,0.28125,0,4
-0.93040723336707043,0.35561776421845404,-0.088760271915431149,-0.35969920720610138,-0.93242254983074957,0.034708340531127348,-0.070419176603644759,0.064219890527706908,0.99544811277488177,0.2182119595973803,-8.9358759347783341,-1.1971924035242787,,0.4416272776901309,0.3103448275862069,0,3
-0.75442765584443927,-0.63122975715813756,-0.17996640179528917,0.63124038941871685,-0.77288449628787181,0.064692551073130655,-0.17992910510412546,-0.064796211894844954,0.98154315649415402,-18.727869881896471,-10.21023920497,-3.0785052528856327,,0.4738820448968576,0.7142857142857143,0,1
-0.74956083598257861,-0.64086497307613211,-0.16568234500158874,0.63659008788217708,-0.76651342003238554,0.084913113948416941,-0.1814155813905162,-0.041824193888027245,0.98251672944248492,-14.512123516690085,23.49840837346019,-9.3897357959355396,,0.1254666646435066,0.3333333333333333,0,2
0.78758613258705767,-0.5868259494326804,-0.18799837453817597,0.61618490551587879,0.74757469488498707,0.24788755067975354,-0.004924019795937669,-0.31107455800828981,0.95037275496985818,-5.0942945303483427,-1.7893114863668842,-2.9968928027250339,,0.3920592630168993,0.7888471177944862,1,5
0.71833207194638649,-0.68007959365319581,-0.14659734209635694,0.69528715650044337,0.69452426425339842,0.18496436513232567,-0.023975079118537308,-0.23479308477845015,0.97174966062329049,0.56063855827919484,22.849025122453948,-7.5429785792805326,,0.137375097307463,0.5,0,1
-0.95095274917057881,0.29338636327485573,-0.098047492009094558,-0.30321738461992587,-0.94681060692879893,0.10774456956789993,-0.061221617988836505,0.13218969873433578,0.98933199535815863,-0.77176988996486284,-3.3687912232132566,-2.2850778702958112,,0.06783663808823229,0.2477064220183486,0,3
-0.95937505858815597,0.27065119273234078,-0.079670752673313652,-0.27314753430644634,-0.96171825726158178,0.022100184434829629,-0.070639376138806387,0.04296423538602806,0.9965762153575678,-4.6332142834678764,-5.278891663008741,-2.2935426777078352,,0.0860043157720688,0.282051282051282,0,5
-0.9938648324090138,0.032122231956637506,-0.1058341018515649,-0.02098202862244293,-0.99427820379105403,-0.10474066994688522,-0.10859304478414085,-0.10187745422888886,0.98885212996906191,13.232247153441143,6.0477802287266025,-2.6098340206937349,,0.2381239639555097,0.1666666666666667,0,1
-0.73779919767450708,-0.64299025605659865,-0.20546502020325605,0.65031942729030268,-0.75866080446791373,0.038966989271840356,-0.18093365192707361,-0.10486808084621704,0.97788838791549471,-14.315875490906279,-9.890693505412246,-2.6443873648191856,,0.2181715735054729,0.16,0,1
-0.85237382747094748,-0.49304858316309363,-0.17424681599213085,0.49357183709742208,-0.86862083928292422,0.043412891952803657,-0.17275908041780408,-0.048999308202218581,0.98374456437070135,11.81444491367964,-4.0302286431297105,-0.75512584873179722,,0.1940099637112722,0.1428571428571428,0,3
-0.99328977202312896,0.0090783523483684223,-0.11529532650060161,-0.019081708394557799,-0.99611599910494819,0.085958156866563232,-0.11406716091402691,0.087581389837056656,0.98960506413175975,12.1983264690155,4.1142060342524562,-2.3692210602330079,,0.07740838974427562,0.3076923076923077,0,4
0.75305164379601697,-0.63036644767876981,-0.18855069190264484,0.65653968138435514,0.70108108442682948,0.27828215865669631,-0.043230412256266171,-0.33335184820209118,0.94181084977632534,-12.137615753141347,-2.1882582969243272,-3.757897437456168,,0.5030564062521892,0.4580645161290323,1,3
0.95821075660123689,0.26948631613718049,-0.095964948541116951,-0.25000204904821316,0.9519403557254017,0.17694217872823073,0.13903640316615803,-0.14555646518176352,0.97953161972363623,4.3194922124299904,-15.805850502621503,0.39197273479987071,,0.1006575602426291,0.2857142857142857,0,5
-0.87355724145266922,-0.45974069623682673,-0.15980061992771125,0.46132509319675535,-0.88674766334774702,0.029287197447272022,-0.1551673428676536,-0.048135992469132145,0.98671476219645349,-2.7818856367988034,-4.8451245611903548,-2.2106371171617973,,0.1779133249610768,0.2330097087378641,0,4
0.17690885744690332,-0.96590751670145525,-0.18901302954151419,0.97523076494442795,0.14612275346332915,0.16605148607044398,-0.13277127423783705,-0.21370730006231706,0.96783313574052521,18.792426837677372,0.21427730190403457,-0.84892443268494333,,0.1991732864408921,0.6666666666666666,1,5
0.78734568303969332,-0.60059366525321478,-0.13919060548926601,0.6150610234595224,0.74973236166488355,0.24413382250995183,-0.042269525898497189,-0.27782842750536779,0.95970029282594826,-5.3192662991458226,22.739193172288509,-8.3066199870901656,,0.1739311227136047,0.4615384615384616,0,2
0.11592923732515888,0.99319901522774912,-0.010776274116611313,-0.98059718277821994,0.11617156972759723,0.15790291800484418,0.15808091934394086,-0.0077383808161237645,0.98739583774782014,-18.227849550984278,-2.8855982325476686,-4.2857174982638728,,0.246238101514899,0.6111111111111112,0,2
-0.88796879806383866,0.45825446840388984,0.038913440517788216,-0.45887686055918692,-0.87715805426180715,-0.14151245417625369,-0.030715476691853236,-0.14351512126431135,0.9891713549532678,8.9702175608923334,4.8277410018728366,-2.8167842072774518,,0.1435079703720225,0.4210526315789473,0,1
-0.97125654552236651,-0.20279190680611994,-0.12464415475223178,0.19372954498803618,-0.97769750842542791,0.081095286037103073,-0.13830974722950229,0.054617071988976633,0.98888188843191116,-3.1454713460341015,-13.834703908628763,-0.72874559229479152,,0.6099165392749711,0.9508771929824561,1,5
0.8056352833553333,-0.5752405845608749,-0.14159823475960323,0.59238440486511412,0.78454782123154443,0.18320871451282514,0.0057014985378754761,-0.23147999065772434,0.9728229576030385,14.870835647389349,2.4050339225592681,-1.6868991577692878,,0.1008217096304291,0.2916666666666667,0,3
0.88843505867974759,-0.44308069604119815,-0.11984424602108076,0.45880136008865413,0.86496763507293217,0.20330347330318874,0.013581549599182868,-0.23560663630718606,0.97175359759483215,-3.0336752535629494,-1.4511245560688169,-2.8522219373733417,,0.1083123138238402,0.21285140562249,0,5
-0.40512188939972255,-0.90471681371963208,-0.13177155118687761,0.89622113566802064,-0.42147241684617237,0.13837874771716155,-0.18073165387148554,-0.062036189525496145,0.98157403209235061,-6.1982777383958538,8.1911178064423265,-4.9132315047501107,0.2402552512031271,0.2268547378599253,0.8461538461538461,1,5
0.84712888318509449,0.52895946750021694,0.050739895698173443,-0.5031053035832429,0.76764124782557364,0.39700373819802903,0.1710488491045396,-0.36184084398901561,0.9164133864372177,13.003298898347529,4.2254916458021619,-2.2908979308506634,,0.6116377843661716,0.4545454545454545,0,1
0.81126132065769474,0.5841211776870745,-0.025642140749118483,-0.55933398019662306,0.78811493516926445,0.25694424990754189,0.17029553195000802,-0.19410641086942687,0.96608598636832166,-4.7478657798264265,6.8611378247331576,-4.5411598937564426,0.3488651778518826,0.2459319622648204,0.2262773722627737,1,3
-0.97506041623994966,-0.18999890633892275,-0.11470658338556684,0.18658537236979905,-0.98162835600131426,0.039895733002173181,-0.12017938050930417,0.017498179453033363,0.99259797008468131,-20.958642648955369,13.715038237678321,-7.7122432867319857,,0.1501378203527811,0.4736842105263158,0,4
-0.33728684040728513,0.93814231388628944,-0.078272512315309337,-0.93558330289244729,-0.32481153829767073,0.13849674341861135,0.10450584020489272,0.11994358459200864,0.98726494208914861,-5.5519845838522617,12.001203785004366,-5.8332725397263223,,0.07220779315395878,0.3037974683544304,0,4
-0.96145239297164242,-0.22257231450479223,-0.16146473567030997,0.2345872447054369,-0.97028007358424551,-0.05937510780506372,-0.14345076043930446,-0.094963906940117526,0.98509072460766511,-16.107099347734849,-0.72262565041812099,-4.4645153378535536,,0.2374731757300499,0.25,0,1
-0.94310042820267526,-0.288219595074174,-0.16580424403256333,0.29410199616193233,-0.9557042508656538,-0.011549923414737021,-0.1551309065837537,-0.059656096860243646,0.98609104647081358,-5.9092812106725345,-11.360450881805777,-1.4999776012681898,,0.1044520203583603,0.4102564102564102,0,5
0.6730345211132237,-0.71441941043398838,-0.19138819029669965,0.73894423153919064,0.63853842479743872,0.21501186649150386,-0.031399937338284563,-0.28613560780224079,0.95767450518576169,9.2757976140329212,-13.400168349110089,0.60988979031376844,,0.1238117326698637,0.5217391304347826,0,7
0.20982084832688971,-0.95739973617481533,-0.19839595958531694,0.97219611621789914,0.18271366070142939,0.14645965247779294,-0.10397078059828796,-0.22361006991072038,0.96911744046648218,1.7511899288215622,4.7676641506531228,-3.4639990753912393,,0.1263458116375263,0.2191780821917808,0,2
0.54582794108562815,0.83713782789245839,-0.035666732983563251,-0.81636691649398108,0.54090808668207169,0.20239441547644027,0.18872444564585047,-0.081355386259528886,0.97865437450727688,-3.2414667171134992,15.726081349582991,-6.5420549532864536,,0.07809588420327637,0.3870967741935484,0,4
0.98453171396117611,0.14032411938971506,-0.10491160909150579,-0.12018866464827607,0.97659934611274068,0.17834910165804141,0.1274832894725115,-0.16298116053601758,0.97835839660913615,-1.9715662354235739,-5.8631635089079497,-1.9136476937352564,,0.2503786961406137,0.8221153846153846,1,5
0.49764738973721134,0.86416257903013971,-0.074633186262667656,-0.8477106090333818,0.5027788081907979,0.16911591695193612,0.18366763138885786,-0.020892750853318189,0.98276634768483417,-7.4521881453032419,32.868000121781272,-9.9945175610144705,,0.6001720561987272,0.9210526315789473,0,1
0.99437822168236423,-0.074467526506507509,-0.075276422203917406,0.094427364625570831,0.94531078203403229,0.31220345638713937,0.04791059437837656,-0.31755647193248887,0.94702822665436004,-11.934293316245366,-9.2604040254191791,-2.4690619990819425,,0.249245580877504,0.1707317073170732,0,5
-0.60820314130792641,-0.77352891163757509,-0.1781627395500002,0.77020858424626948,-0.62937681920200506,0.10326449634083369,-0.19200957178362157,-0.074416680334166513,0.97856756641098386,-6.3117325220716562,15.801971907653806,-6.7946997947358421,0.3766920595712285,0.2267018893346611,0.6742424242424242,1,5
-0.94157522873859079,-0.31502495669821734,-0.11914430445118906,0.30094950485759009,-0.94576394497549154,0.12231089857558868,-0.15121337292661235,0.079308492872345135,0.9853145075591222,-15.243575387885089,-0.45295134146299937,-4.3905175825087754,,0.07233690756849978,0.3333333333333333,0,1
0.81003154071981798,-0.56747220866949466,-0.1477301439342861,0.58638112143826071,0.78495643426165751,0.20000144182488627,0.0024664670861669754,-0.24863364353801981,0.96859445994756932,-9.4297283837393024,-7.7507408121982166,-2.4997874397798765,,0.08506814142264592,0.3220338983050847,0,5
0.13481109522071039,-0.95336965409258723,-0.27002272360076074,0.97661982228044553,0.081790887216580191,0.19880637187282341,-0.16745056385185231,-0.29051084906368801,0.94210602123221354,-10.504853961719608,-6.1603642003575301,-2.8554846647903913,,0.3920809875842846,0.2470588235294118,1,3
0.24711570425086313,-0.9589955865602392,-0.13878506285108921,0.96160542129754389,0.22506106281713067,0.15704308878392056,-0.11936851529515931,-0.17226428231529733,0.97779147807424815,5.7698121730831966,-10.448908554265135,-0.2980021987635435,,0.1022854364749435,0.4193548387096774,1,5
-0.64315321427611816,0.76187777647065547,-0.076786696024936735,-0.76465707473931899,-0.63368335749610649,0.11723890345601105,0.040663263732808708,0.13411806795726644,0.99013072007185243,-1.1012039181828457,-14.720493242358131,-0.34776056583502979,,0.0960277058028662,0.3103448275862069,1,5
0.93060797563045117,-0.33949985753871975,-0.1367795394939692,0.36505460150348978,0.88800392553569485,0.27961431679068921,0.026531747287383809,-0.31014331358967678,0.95031952069895609,9.7257542066526526,-1.3576571414246181,-1.5308652693059135,,0.1917382086392619,0.1935483870967742,1,5
-0.21967739791036883,-0.96366351191763933,-0.15196866994842198,0.96160530444368553,-0.24015389037369064,0.13282073408978415,-0.16449036237146908,-0.11695616587826542,0.97942032649417676,-5.6624265025262011,-3.0872608518482396,-2.8203926791728393,0.239169902643537,0.253862784412673,0.7464539007092199,1,5
-0.97722961320561597,-0.17984472423473369,-0.11259732784989042,0.16534987701327752,-0.97801632592807841,0.12705701235995329,-0.13297255824303403,0.10554592073157516,0.98548381892917336,0.69892808930067785,11.541049968165918,-5.1335523291985661,0.1791984495436093,0.2261844180617484,0.6701030927835051,1,5
-0.56798729588273911,-0.78837682945888365,-0.23633113736487116,0.80209925392730985,-0.5945835202162959,0.055742482331270077,-0.18446468107762051,-0.15790000715502625,0.97007235254664181,-3.7545121736896467,21.829194720079784,-7.9414940091666093,,0.09434473591879279,0.3157894736842105,0,2
0.98512728935364946,-0.12451072075594091,-0.11841158806286163,0.14595999191702105,0.97001448628176046,0.1943388205251777,0.090663689150154755,-0.20873182991669037,0.97376132529964232,0.051590275731598835,14.31977269067459,-5.7910008279512102,,0.09921644356721912,0.4347826086956522,0,5
-0.75495763712055841,0.65577311942231864,0.0007628869290768846,-0.65475516591199534,-0.7538495086512198,0.054832390225775206,0.036532709520379507,0.040896627604703681,0.99849528140380506,-11.058983044913774,-1.719668309691267,-3.715945335675376,0.2357356955012199,0.1942575178510006,0.108695652173913,1,4
0.97107837021947951,-0.1975158615263406,-0.13414277221449036,0.22666073664432806,0.93920379415018873,0.25791693142898164,0.075044715708248361,-0.28086245298971318,0.95680958039981545,-0.6573265767704275,10.496978739918895,-5.10339112977673,,0.08935161821334872,0.1666666666666667,0,1
0.9882083297296953,0.1274775205616677,-0.084816147072920317,-0.10225121618938338,0.96174610608623901,0.25414388880267841,0.11396923199108455,-0.24247455367400053,0.96344024463375844,1.1094471815464433,-4.3633788624151908,-1.846769394492602,,0.5756617395364256,0.6322314049586777,1,2
0.73712929402027949,-0.63034490682102928,-0.24352762131214589,0.67497753856225173,0.66956468248595191,0.30998138396350461,-0.032337692150302903,-0.3928720331256399,0.91902439535309299,11.707993282709374,-12.766489655383785,0.81168727862224266,,0.3502058048975889,0.2542372881355932,0,5
-0.96949020194779945,-0.1765171599749103,-0.1700895075000457,0.19070877921000057,-0.97908014536248145,-0.070938215999660617,-0.15400944730583069,-0.10121146768709147,0.98287197993898401,7.9824868349049831,-7.6558097423994962,-0.51081904046647142,,0.394625261435937,0.3962264150943396,0,2
0.25681510711732514,0.96637725211019077,0.012688867572518272,-0.95109011366878349,0.25037674709888025,0.18093943791689648,0.17167875942531735,-0.058536237632250854,0.98341238168229494,-0.89329799708078128,-2.3000873835756295,-2.4821793311616678,0.4545118790384101,0.3155614003713757,0.6843373493975904,1,5
-0.35670064066383972,0.93334202064041294,-0.040463878421110273,-0.9295507521239661,-0.35026079598462662,0.11512069328311765,0.093274070221986916,0.078676853667949159,0.99252702760234057,-1.9410194312479196,11.523137385923114,-5.3913029028656174,,0.1080801405977472,0.3243243243243243,0,3
-0.20706530601385803,-0.95923915622057787,-0.19231276665531538,0.96446670519160005,-0.23312064524516179,0.12433317874702167,-0.16409732972308463,-0.15973417271740528,0.97342542623666861,-8.9276108459162025,-13.893599475865255,-1.324526618328933,,0.1059738571199501,0.2631578947368421,0,5
0.75881791877641591,-0.58735023605249514,-0.28145171229343746,0.64981602082963941,0.71192861621145809,0.26626450099923754,0.043983010549110371,-0.38493810623049229,0.9218937840959337,0.59660289151505619,-14.979897547758679,-0.18112599273762217,,0.1805132131245966,0.6666666666666666,0,6
-0.95118957798566917,0.29422248079082725,-0.093120988658498036,-0.30252227876278043,-0.94859741697741151,0.092968873048765888,-0.060980796843098699,0.1166021968106707,0.99130483208511933,1.0732830107184479,-8.8301295354853497,-1.113986436628424,,0.4509276228991235,0.4137931034482759,0,3
0.05033498748580191,-0.94794978577900002,-0.31441627291912416,0.98841711285327072,0.0021524527746043104,0.15174642653406448,-0.14317122634666954,-0.31841257919341392,0.93707813407302887,-14.795253645194183,15.322437206480412,-7.5033420321459836,,0.1281753038295978,0.4,0,3
0.9583910091101544,0.27366861838476908,-0.081192123806398564,-0.25198543028691978,0.94470873983781056,0.20983026425464385,0.13412686747977751,-0.18064020644759407,0.97436086704805369,5.45452817670333,10.493662218281175,-4.3613948431643204,,0.4168795002214635,0.3636363636363636,0,5
-0.81772178824787456,-0.55295155116201511,-0.15992391657354238,0.54850024677224352,-0.83279195179648657,0.074866843888254375,-0.17458108808083331,-0.026498058240593859,0.98428618632692022,-12.794476287462164,-3.8014329607338024,-3.5257865718308663,,0.05978031118082294,0.1875,0,1
-0.12309442184865861,-0.96892943998387682,-0.21453089204652065,0.97918896083236362,-0.15373358873495022,0.13249514209475521,-0.16135904775927709,-0.19375686833556274,0.96768875868174442,-0.4501824500674827,18.209454242218307,-6.6971297264974412,,0.1748750892105467,0.1666666666666667,0,1
-0.25004018658362881,-0.91510023946887586,-0.3163407289889027,0.95289486092720321,-0.29050273818081263,0.087175358490668639,-0.17167203939998657,-0.27964211205298894,0.94463167428093031,-14.462090795004407,-11.558096242585869,-2.3353906856762685,,0.1803946208718963,0.2352941176470588,0,1
-0.69962609994622538,0.71329408896299062,0.041651685734085869,-0.71388468152035678,-0.70026259454278239,0.00097988508974476891,0.029866063761609465,-0.029048947221330342,0.9991317114878896,-2.3899637513336245,-10.718341801862641,-1.1984176081519204,,0.1379456656979001,0.25,0,3
-0.80295745764615645,0.5958840456450375,0.013473134606405358,-0.59539047067780937,-0.80083038402492324,-0.064659751380199137,-0.027740018681968282,-0.059940805535090541,0.99781641156844458,-1.2794540099291476,16.625171181263998,-6.4854663120045997,,0.5127790520699371,0.3541666666666667,0,2
-0.97650552909823107,0.20517048240915478,-0.065894042132656094,-0.20330547022550594,-0.97852718007469808,-0.033932928424272993,-0.071441146526154659,-0.019739073003958153,0.99724948311842965,10.090292075423129,-12.555092535738838,0.55733011460828463,,0.3711895814686457,0.75,0,4
-0.62074508497128611,-0.72913995840554946,-0.28815006600787824,0.76334304956137866,-0.64591610714028236,-0.0099885546040442245,-0.17883771461949977,-0.22615769629419402,0.95753316821746592,-6.1170267886188547,-13.554768444254002,-1.0611462680016901,,0.5088691564732197,0.3636363636363636,1,2
0.38419504965093476,-0.89546805926010387,-0.22479127800842394,0.91501408936558959,0.33685572578203132,0.22198521633280749,-0.12305844175097529,-0.29097280775496137,0.94878419309188433,-4.0939824257520527,17.049810261556935,-7.0254192555251347,,0.1344922294357529,0.4285714285714285,0,4
-0.78035327928071008,0.61863730341815826,-0.091305237173734913,-0.62529893297772177,-0.77028997943171784,0.12511831202508369,0.0070713458948650889,0.15472955246685538,0.98793155717420111,3.0555563885039918,0.65607611035992774,-2.5942751420667776,0.4776230711696026,0.3580863822352486,0.9623085983510011,1,5
-0.99352940033029635,-0.026871997633615471,-0.11035047087575958,0.017434198538040849,-0.99617560441139819,0.085616668335802629,-0.11222913793065986,0.083138805131933502,0.99019824261638467,-17.377696235703894,13.209212053181888,-7.1729912243752469,,0.09928437971982626,0.38,0,4
-0.82675723226036579,-0.54333152332447643,-0.14581952772891271,0.53504821164031879,-0.83951822004315957,0.094512271351719718,-0.17376964673289713,0.00011822634379781646,0.98478631991760301,1.7590282273543962,1.6050278673119172,-2.9196023497616044,,0.06603887596524768,0.1655172413793103,0,5
-0.42293838512081589,0.90613005819974068,-0.0071721697087403649,-0.90184514247935543,-0.42014067875057054,0.10078268226932964,0.088308897500689168,0.049093051299999572,0.99488261163630165,-14.224575826805518,1.6928529981966129,-4.6065189568163927,,0.5324663161964348,0.3356643356643357,0,1
0.35060465471152952,-0.91829181296425133,-0.18389269245251899,0.92764590577258299,0.31354810476706035,0.20288089979184243,-0.12864466408667041,-0.24171829107415949,0.96178106560808052,-6.3688269802903825,12.622357519276168,-6.0157393769281695,,0.1478888632854584,0.265625,0,2
-0.18615416702234289,-0.93715166028650154,-0.29511589540801203,0.96827782888076042,-0.22594235637404911,0.10671503031018674,-0.16668734864463938,-0.26588873089771453,0.94948328610008959,-10.154131351290271,-9.2623222550785336,-2.3063858971292106,,0.2012616431034508,0.2916666666666667,0,2
0.80791899811829182,0.58497642288910212,-0.071200260838039736,-0.56516978951222729,0.80338506937160925,0.18749810487969684,0.16688319718365607,-0.11124304461243252,0.97968106214375517,-23.628318860507409,14.808005944936962,-8.2786441942133138,,0.1410976609692696,0.375,0,3
0.81977759766754277,0.56883884767243631,0.066234852918446468,-0.54402725078573744,0.73740635125224474,0.40033264110657296,0.17888275703640516,-0.3642172957336689,0.91397304157371528,-7.6253306648065653,-15.066245497205792,-0.96664772379948216,,0.5973493267086831,0.2352941176470588,0,2
-0.56160471405591095,0.82617435775838954,0.045122895881055981,-0.82533910400054877,-0.56322036455193158,0.039977298077305927,0.058442352431701074,-0.014790251400947555,0.99818121596519094,-13.477822260722945,-8.1033922139203227,-2.8409329202484548,,0.3398027752446908,0.6065573770491803,0,3
0.70769841259007327,-0.67920082543530358,-0.1945486971056169,0.70613712457756639,0.67097451781905126,0.22619362884665514,-0.023093681188088903,-0.2974549296372383,0.95445651903252726,-6.9323042520736777,17.871889965267005,-7.5333486800671237,0.3525787404954576,0.3025208017234199,0.8970588235294118,1,5
-0.41256191115405688,0.90836395948100823,-0.068319737857362298,-0.90672860259156618,-0.40230807243103855,0.12645732916351449,0.08738369817797384,0.11411893783596533,0.98961657085960997,-9.628029456593401,-2.4420605606436294,-3.4013390403864401,,0.1263846070315362,0.4968944099378882,0,5
-0.26736102808698109,0.96354083601361673,-0.010350748497214027,-0.95716694848807804,-0.26432295663428446,0.1181727858609174,0.11112836443632497,0.041502191873323498,0.99293909918353818,10.672326765960465,-3.4515107958946967,-0.95827770882714913,,0.07917072840334641,0.2272727272727273,0,2
0.99388650065495343,0.024004355902409923,-0.10776555439268079,0.004184931022527278,0.96718643253799375,0.25403324795539184,0.11032728659850241,-0.25293120727213431,0.96117308234244303,-13.078177941497941,-0.59575445447294495,-4.1148581160633464,,0.264793427268822,0.4034090909090909,0,2
0.9808587984804531,-0.11071893391419892,-0.16017907202998205,0.16434756646072801,0.9119046903896233,0.37605812455502519,0.1044312924458925,-0.39518496089591959,0.91264612629417996,-17.059472082627931,12.321714752993408,-6.9826987630081865,0.1892203417732328,0.2126293809811689,0.2333333333333333,1,5
0.22397258903327091,-0.92235480911082091,-0.31479816624605045,0.96588950631179293,0.16699656004488,0.19791313885121084,-0.12997592453410517,-0.34838736349546212,0.92829548312926013,-3.9079556396695274,-8.7150085913125732,-1.6899320625033702,,0.1641347677619133,0.126984126984127,0,5
-0.68337769343001153,0.72832808144105399,-0.05033024842649711,-0.72873252206182559,-0.67634423480760764,0.10727249103066847,0.044088994224073391,0.10998491636086914,0.99295492282449793,10.668505973033007,-9.1052566023686605,0.0173630092599916,,0.3273687053556947,0.3947368421052632,1,4
0.74871650357619124,0.6585207960373064,-0.07598656762241876,-0.63866327837559589,0.74730461997630082,0.18342579376034746,0.17757481276121387,-0.088804088579692006,0.98009235265068295,0.92738334115350785,13.512507474475834,-5.4505149369614303,0.2342192388948439,0.1727664736447153,0.8767123287671232,1,5
-0.87040235718485759,-0.47832776202035165,-0.11662885015142942,0.47923311728465617,-0.87741208287405292,0.02199218325327711,-0.11285103413205304,-0.036750359280100876,0.99293204963285819,9.8635604180851981,-3.5046402007235802,-1.0811959112134426,,0.2393062346726907,0.1486486486486487,1,3
0.9817243154966081,-0.11837735804873652,-0.14901063540606477,0.16679858365244632,0.91220854118915573,0.37423763823684469,0.09162751144855899,-0.39225295216601597,0.91528248134813062,7.9645883275991709,8.6469786964270448,-3.7331553781742333,,0.5265645224452672,0.2352941176470588,0,2
0.79146768579601434,-0.58203718625838619,-0.18657871302247531,0.60982326816903443,0.73141991928302508,0.30518925812625231,-0.041164109857258643,-0.35532747640512546,0.93383504998004097,-3.6529446542417259,8.9527501640025946,-4.8683255253429243,,0.4193177050283773,0.615819209039548,0,5
-0.73536923209914928,-0.65741024490044198,-0.1644501820669336,0.65301315469790033,-0.75229515815281567,0.087325911454304517,-0.18112402456163185,-0.043171343733662222,0.98251225071590154,-10.922850744038771,-0.46688353728084009,-3.8469504429811106,,0.07697454122491595,0.3,0,2
-0.55951496205601381,-0.80861255072583982,-0.18190313368413791,0.80986622269119579,-0.58005775732413667,0.087462560630180139,-0.17623764801923694,-0.098380592480147341,0.97941898615653955,-1.1664243737227429,9.6280985907135292,-4.9433414070544321,,0.1216205951412111,0.1866666666666667,0,3
-0.065078034552846026,-0.96852051737241873,-0.24027662567840818,0.98563679702593165,-0.09999140750681991,0.13609490355361686,-0.1558363043940717,-0.22796869489793636,0.96111670486956513,-13.557545159413031,-6.2502672763756575,-3.1485735221886348,,0.273464067876207,0.225,0,2
-0.99344958039050957,-0.01316781045446988,-0.11351008761231508,0.012480987504837091,-0.99989926312865851,0.0067593302678360598,-0.1135876585409893,0.005298335833140367,0.99351385066569409,-26.578234684296138,15.953243264484573,-8.8329755522801303,,0.1594315179352114,0.1904761904761905,0,1
0.074421658874254032,0.99396489636822405,-0.080592812819196835,-0.98472791591511244,0.086003832650164883,0.1513746094527143,0.15739233878395581,0.068096443058271131,0.98518552878883092,-3.9302952340211434,6.1248190296867033,-4.3298672428939433,0.1913800285503073,0.1322875355430347,0.5880597014925373,1,5
-0.8403849346696517,-0.51950143705792207,-0.15450378142634749,0.51467576554709671,-0.85427550661722806,0.072953513639779435,-0.16988825132656046,-0.018210318191439114,0.98529506563900515,-17.104369639517408,-10.27772016119502,-2.8402375108731466,,0.08431423181636699,0.44,0,2
-0.45124420937103821,-0.84819321624717992,-0.27739309908750642,0.8798667732765667,-0.47478051132297577,0.020443271552676657,-0.14904068167111045,-0.23484406311456624,0.96053898475119293,11.046465485875681,8.3641797426751712,-3.2796901754554777,0.6515881615702643,0.4516121157276704,0.4,1,9
-0.92773440760976023,0.36104517554014826,-0.094632183511491608,-0.3701242406465311,-0.92262370776503899,0.10850594617679904,-0.04813434764072165,0.13569036476138305,0.98958133040600904,9.4049558742411801,0.14843747242646807,-1.8350332511472225,0.2280150772522891,0.1603688403989995,0.5238095238095238,1,5
-0.92954793912434419,-0.32925715360208552,-0.16592274006759214,0.33457206180227028,-0.94236012370825128,-0.0043511729392909249,-0.15492631903928675,-0.059557737082787998,0.98612915564976356,3.8653380589316892,2.1134711558727384,-2.808381183775869,,0.9661497023597547,0.5915841584158416,0,1
0.95693095102689818,0.27102946918860193,-0.10404893943766605,-0.2502854890198723,0.95178500419315137,0.17737666075086753,0.14710652246872613,-0.14369527697314766,0.9786272724703573,12.319005240723998,-0.53190446263404489,-1.3277300005979842,,0.1696184917485447,0.4838709677419355,1,5
-0.20479215041330864,0.97809512162747303,-0.037284154511431113,-0.97076982633968367,-0.1980925367678707,0.1355186007354372,0.1251643695206977,0.06394747786589669,0.9900730279515132,16.884575168855513,4.8207931891040934,-1.894379656250281,0.6925724848650978,0.3841375346954877,0.3571428571428572,1,3
0.80971256579874573,-0.57089598413720344,-0.1358062446414999,0.58681876032159996,0.78892336495922311,0.18232845843706896,0.0030501347893978985,-0.22732729602366586,0.97381363574368585,3.4035489134852299,-10.200287431540755,-0.60667467587226509,,0.07128994676815968,0.1904761904761905,0,3
-0.23601805288528716,-0.95494285742662177,-0.17994337376552089,0.95642166322416722,-0.26103692410688301,0.1308332005583317,-0.17191009518861017,-0.14122274357445963,0.97493746254287861,-13.69728352573984,-5.5678566799804852,-3.2922351640371197,,0.7924747040763295,0.6633663366336634,0,2
0.93891303174057927,-0.27551846990377415,-0.20623261519361519,0.33274456634850191,0.87976384781127492,0.33955356815949927,0.087882719537244733,-0.38743405222848371,0.91769901535337561,-10.989466332416594,-10.670779048782713,-2.1218966937088046,,0.6302213813643134,0.1774193548387097,0,4
-0.53483538778831718,0.8420481348781933,-0.070043176095008555,-0.84229649028929077,-0.52474462988473047,0.1232059083545908,0.066990524820030511,0.12489200116617982,0.98990618627678262,-7.951822067453536,14.496880224702613,-6.5248318159400842,,0.1004973794216802,0.3714285714285714,0,4
-0.42159215850337467,0.90476500975835772,-0.060500652933874847,-0.90245147393333591,-0.412126690670028,0.12543096919390043,0.088551618189705777,0.10747961645973131,0.99025589771616851,0.36202210649754302,3.2257890078924398,-3.3997452033442435,,0.06801285997334919,0.2142857142857143,0,1
-0.96666556590060937,-0.2238124627553891,-0.12436102772742776,0.21707435631527827,-0.97395539109749185,0.065495190529069588,-0.13578073328849743,0.036316355371913404,0.99007308558516971,3.2761461209961404,18.553347588907585,-6.3603271179361567,0.2150342755319546,0.1446802572623195,0.3076923076923077,1,5
0.25391614287440728,-0.95070823613330901,-0.17799000571964205,0.95957659790560657,0.22450772845902683,0.16973223799287981,-0.12140570472464358,-0.21389279934224628,0.96928351128545076,5.322826973466559,12.099847555794355,-4.6854702730377333,,0.08054439357244735,0.1333333333333333,0,5
-0.43847644281905884,0.89849432239443794,0.021127274261128318,-0.89553873776248194,-0.43877574524096519,0.074068985108587171,0.075820698094420533,0.013557212589458464,0.99702929933241147,-2.0138790386358525,3.1992714508448521,-3.5876825929603036,,0.5695113500873977,0.2941874258600237,1,3
-0.98835947691391524,0.11207636157291774,-0.10288067637330643,-0.10343623545610545,-0.99092826357445518,-0.085802806737219281,-0.11156383638581777,-0.074162427319311136,0.99098609717038266,-8.8660594769820467,5.5264785833608157,-4.711305604076645,0.7170190340587383,0.2903792889601465,0.3229166666666667,1,5
-0.8812526593553448,0.4625360690712792,-0.097232377257895283,-0.47142301324070135,-0.87495932543515087,0.11048312731418973,-0.033971943809417177,0.14320113003099844,0.98911037978157701,-14.392481233194005,-6.8000287533651953,-3.1909613780500035,,0.06993965332018723,0.2682926829268293,0,3
-0.55117052754823392,-0.74391579724758128,-0.37788931735059356,0.81310132199629481,-0.58052233777088869,-0.043128360934541629,-0.18728932091841077,-0.33103338495462703,0.92484572135865051,-11.240260652957163,7.4203390365968813,-5.3342006784005074,,0.6408384919872865,0.3822894168466522,0,2
-0.79717237895713622,-0.58290417184602505,-0.15728612358475863,0.5755147988098368,-0.81238901759418702,0.093844554680731149,-0.18247990184865051,-0.015710204863449997,0.98308406297958861,-12.354232527643944,-6.5772451013991304,-2.9874128902769521,,0.2626485348102185,0.2051282051282051,0,3
0.87295342762021266,-0.45412327654535728,-0.1781133428629984,0.48732697736256447,0.82802298869491164,0.27729108771724698,0.021557605172879125,-0.32886164247667482,0.94413202983838806,4.9201638871255673,-10.69590161923902,-0.3321489290423803,,0.3095698864288823,0.2857142857142857,0,2
0.71715306608259322,0.69688353226142807,-0.0066949437018090857,-0.67331443331450491,0.69531334553535418,0.2513702954026184,0.17983090306925112,-0.17576317584541895,0.96786783824963896,-4.4104910020234573,-0.96641663860789451,-3.1218038634418841,,0.1263788287937793,0.25,0,4
0.40698113923759188,-0.87410924776710519,-0.26514029356719404,0.91078645282408421,0.36623417404643488,0.19063202016620467,-0.069529775326794219,-0.31906982422120644,0.94517726253568668,-1.8072120745917557,-7.8763198623447312,-1.5601521947591357,,0.1787060138099623,0.1730769230769231,1,4
-0.89168634900398491,-0.41947186286124255,-0.17011411248824071,0.42617229804493034,-0.90463639222392789,-0.0031890818706468453,-0.1525536868746403,-0.075341583018899358,0.98541920951905526,5.1421022738139719,-0.76008986601412887,-2.0975680375871955,,0.136590114192787,0.2181818181818182,0,3
-0.70675741140412507,-0.67987327451239143,-0.19561771910831166,0.68394135917410193,-0.72732391572750721,0.056781500701261207,-0.18088167026103499,-0.093660302234211582,0.97903501936803794,3.4684119782307441,4.0209614486866236,-3.1346358428602406,,0.09869976212562373,0.1590909090909091,0,2
-0.26934851264383824,-0.95136189161748386,-0.14953905815724308,0.94748057270045871,-0.28958376986568202,0.13572694863434709,-0.1724295307995794,-0.10512750072356386,0.97939586761424213,-11.490179981719475,10.601232132829756,-5.9269580355610323,0.2014974296707733,0.1441151874171132,0.7016574585635359,1,5
-0.54261817231743881,-0.82102785178566295,-0.17742261880353136,0.82035353219675122,-0.56337604464876212,0.098119898737365596,-0.18051482289052453,-0.092307631906233117,0.97923117791901793,-15.562510185096869,-7.2504886400657966,-3.2550417682010733,,0.1077472405928883,0.175,0,3
0.99054621733885106,0.10666485047814075,-0.086260077603539667,-0.064458968536282801,0.91697961619589974,0.39369204317138301,0.12109183577323165,-0.38440992853163336,0.9151861964405783,-16.570085214555274,-6.9384287968305669,-3.4134110155195052,,0.2289972335048043,0.2083333333333333,0,1
0.13947661452912363,-0.96103780589495991,-0.23864745890139363,0.97536608505803346,0.091739819530363739,0.20061108052921231,-0.17090135785901783,-0.26074919204694452,0.95015924177413902,-0.29159835350906682,-10.511243251922954,-0.9780751151782423,,0.31668955958409,0.5384615384615384,1,9
0.61315678574398658,0.7895459200109981,-0.025612424525799499,-0.77163291495090125,0.60555931434070775,0.19462929219309991,0.16917860580013663,-0.099574881416945746,0.98054242250415846,-8.0440709519612472,-9.1607471413973922,-2.0987416946358444,,0.5121023335398238,0.7720588235294118,1,2
0.62033904480257229,0.78195903430908231,-0.060988016493742733,-0.76121338873960209,0.61897051512822232,0.19346751201552101,0.18903345285161788,-0.07359055689632979,0.9792092644775604,-0.97003753480581845,-6.1271673741830339,-1.7509139901224406,0.1785202886922076,0.1246629645698092,0.3877551020408163,1,5
-0.99319921540989653,0.049592541505136582,-0.10533707009513578,-0.052916293904908207,-0.99817791975596193,0.028994936644691254,-0.10370720490175993,0.034371795686603118,0.99401378024288134,15.749997766483986,3.9995647562500447,-1.9113939339908714,,0.6277483523407446,0.3333333333333333,0,1
0.58779598674233724,-0.79631880683647305,-0.14273134150613323,0.80615750860117308,0.56173584338873195,0.18591103673074919,-0.06786714444820896,-0.2243417039493289,0.97214445972476748,-11.334572068969322,18.459990049861005,-7.9041008354830051,0.4774553238491722,0.4812456972292891,0.9551282051282052,1,6
-0.39704158641692167,-0.89999822794902684,-0.17989210195043606,0.90721246430584612,-0.41453511915401853,0.071597343498748453,-0.13900907619162217,-0.13477323427363325,0.98107729158297041,-10.774137214496312,-2.8878862971989516,-3.4673357807692406,,0.152438884589583,0.3814432989690721,0,4
0.57893025280346466,0.81402423656681455,0.046950023117482975,-0.79364568154124193,0.54936054491670527,0.26139916575949357,0.18699276606290141,-0.18859356821121023,0.9640882591700356,-5.8043637655008284,-14.952376356239455,-0.78878391709601525,,0.44170973540779,0.4666666666666667,1,4
-0.88779303055526293,-0.42315763752899521,-0.18100041076854279,0.43148255176482825,-0.90209087851652758,-0.0074063769679493631,-0.16014475458164049,-0.084673848962703524,0.98345513211423496,16.83757318534818,-12.190871633884575,1.3043294727804233,,0.2536894885161344,0.1818181818181818,0,3
0.64023623524778739,-0.75296201543146779,-0.15213732741547234,0.76548998197305307,0.60880453354544339,0.20828376661038783,-0.064207870036588011,-0.24981041461856179,0.96616360217794761,-0.63477341071878579,6.3222786343529984,-4.0043580120951257,,0.1761604795979458,0.1884057971014493,0,2
-0.53677117658862372,-0.78882992697160181,-0.29937276144907138,0.82311659147818639,-0.56753460690036306,0.019584350992145411,-0.18535312464859502,-0.23590637186059327,0.95393521944552151,13.285395854160244,-13.044863086207819,1.0301598822214357,,0.552642673135099,0.282051282051282,0,4
-0.53619250968168697,0.84303049026321775,0.042393219361278572,-0.84147378519204907,-0.5378078846497274,0.051812624360781559,0.066479029744874657,-0.0078912416732099897,0.99775661707103502,13.3728615319623,-6.8260291785461762,-0.089167854121526668,,0.6304490817130529,0.3809523809523809,0,1
-0.86954325969433022,-0.41848278440701647,-0.26223401509931926,0.46449298942528183,-0.87338639189590472,-0.14643248692082941,-0.1677521454256978,-0.24913524360476266,0.9538295697340653,-12.105556770081099,-7.949898110132005,-2.7079743266520335,,0.3997527212390952,0.1923076923076923,0,1
-0.73180157684530311,0.68039125191067806,-0.039168819871793478,-0.68119893225745132,-0.7284923952536384,0.072573030451576537,0.020843867636238765,0.079790816395355985,0.99659367788528863,20.261279162102898,-13.809441167135731,1.9680201354259432,,0.4282380000436009,0.7941176470588235,1,5
0.21168250278266915,-0.96154508360343516,-0.17499020033627302,0.96670885647147697,0.17966154515798402,0.18219691548172634,-0.14375153854924452,-0.2077324755292474,0.96756535374889086,-7.8683404317217711,-13.907012922348505,-1.2262326334016047,,0.1236093224039532,0.4444444444444444,0,3
-0.41037169101226112,0.91166524501357726,0.021483860222751401,-0.90961070162567914,-0.41089457260468165,0.061433066764203313,0.06483399342764902,0.0056684423212501681,0.99787996375209076,1.7782201705755096,9.7916265377633014,-4.705668624321099,0.4408775706804438,0.2853280544377613,0.2280701754385965,1,3
-0.25129266478448775,-0.92621775179587829,-0.28102076948812849,0.95824752272664893,-0.27899175463937986,0.062652103168851128,-0.13643196771193833,-0.25354344223708253,0.95765444764007657,4.3644084774708887,13.322320794635598,-4.9784829895002538,,0.2071240855354452,0.2777777777777778,0,3
0.30322040368102426,0.94436048553905938,0.12743884864494864,-0.93589944833815508,0.26996535176140662,0.22629832400766514,0.17930312153405167,-0.18788821730160046,0.96568546038934078,12.682412269697608,-6.4694441397344162,-0.21429050273115743,,0.6407268368094964,0.1176470588235294,0,2
-0.40491957309591864,0.90703098159172491,0.11547700098534928,-0.90732375505788332,-0.41421887804977614,0.072016141071609738,0.11315362491533462,-0.075614281058118446,0.99069608743982784,8.2080071347314032,2.649898335159794,-2.4090985983165099,,0.3676885867962458,0.2580645161290323,0,4
0.12928846621000201,-0.97253238909949613,-0.19355940859977247,0.98217286015519045,0.098733204427939369,0.15996320551290996,-0.13645865776725147,-0.21079019544518499,0.96795998275989859,-6.9835658611983646,5.0849400529816764,-4.4560693771588449,,0.1075371003303408,0.2587939698492462,0,4
0.59827405707620973,-0.77925341205473642,-0.18663406021040685,0.78089561788918838,0.51479319745336349,0.35382198605683579,-0.17963904528535399,-0.35742423484815916,0.91650298949440057,-5.0080520877808246,-19.001916557812912,-0.0059093739015826209,,0.6120368644031497,0.6285714285714286,0,2
0.89987199975315857,0.42751567483121122,-0.086375527980248876,-0.40487966846230128,0.89244166572668004,0.19904855523426102,0.16218149748386743,-0.14414652631473202,0.97617567108860459,2.8388372938878028,2.2888534036479804,-2.9288907070329913,,0.07103665786638441,0.2394366197183098,0,1
