axis_00,axis_01,axis_02,axis_10,axis_11,axis_12,axis_20,axis_21,axis_22,location_x,location_y,location_z,dbh,dbh_approximation,score,reconstructed,number_clusters
-0.84576603275846096,0.49207063437772169,-0.20626756559168569,-0.50762658594638799,-0.86115147217389654,0.027081196671210825,-0.16430175614529535,0.12761125638374171,0.97812080039826088,-12.099958431259262,-1.2324433805692692,-3.8125224304078387,,0.08692253043202779,0.3,0,5
0.52453836344554849,-0.80976165705375325,-0.26295544116717812,0.84896188158175867,0.52076636168439672,0.089811581431103807,0.064212373379478133,-0.2703487660477768,0.96061871510054331,-8.8525196812833595,-6.5390065931126937,-2.598938363069363,,0.07921507125134614,0.1842105263157895,0,1
0.74930889943982359,0.64337170373535479,-0.15687263640593069,-0.6162846229145208,0.76417368959560095,0.19034661985166226,0.24234157047313912,-0.045950222660103832,0.96910223416216501,-22.0520885346928,11.12768803806792,-7.0566885506347603,,0.2186311830313971,0.5,0,2
0.4093975116545166,0.91229359197998194,0.010680799752475141,-0.8972767036779089,0.40048376241681444,0.18576133364448832,0.16519138745103037,-0.085633860550222499,0.98253684278975972,-17.419012808987333,-6.0350609981839289,-4.5157868084415576,,0.5686656310492315,0.3076923076923077,0,1
0.56430946883271549,-0.76241578615115957,-0.31666542661498159,0.8227562744339223,0.55097763809241973,0.13962720079451088,0.068021586760018293,-0.33933141815872025,0.93820427007397555,14.954164943880873,12.52891933217572,1.1174874043354011,0.2907061736824522,0.258874394317714,0.7959183673469388,1,5
-0.36584940293517992,-0.86283327759735484,-0.34881649823736832,0.91805942099513249,-0.3960839078948899,0.016865272864551806,-0.15271252042336272,-0.31406412239751258,0.93703928046193752,7.0340388965241321,16.890564850626312,-1.2089776520936688,0.3682279111600366,0.1307309119791888,0.1538461538461539,1,5
-0.96551311087701053,-0.063486263959699862,-0.25249539998391618,0.098541901035651844,-0.98677510925529599,-0.1287026708910079,-0.24098532416908358,-0.14914549286732945,0.95900036261332233,-13.2577294579261,-3.1751455686657479,-3.8655731690790955,,0.06867895992079255,0.375,0,2
0.775978941960354,0.60971964985386184,-0.16155070478389449,-0.58260705870266594,0.79098264368076598,0.18685682365280104,0.24171408064884656,-0.050876379370685551,0.96901284678698274,2.6923972927574855,23.385663109192539,-2.6945495194155038,,0.2004535142681091,0.36,0,3
0.93482352011156522,0.27239672844129703,-0.22782670734727462,-0.25704445381800484,0.96170552995936798,0.095134759194389851,0.24501660149391102,-0.030372618919830955,0.96904301711137941,-18.09091118449998,5.1249463021234662,-5.684617632261622,,0.8826831926706957,0.5853658536585366,0,1
-0.070728442875070657,-0.92544436664068075,-0.37222333567563526,0.99053240548272115,-0.10917616811440729,0.083223302052179551,-0.11765645352925402,-0.36281302149851719,0.92440449499882593,-8.2317870528650481,32.143694502211076,-5.9206868264859933,,0.1613118181747629,0.375,0,3
-0.52377956036075624,0.82330000057729225,-0.2187054667760378,-0.8494474813381051,-0.52407680380516153,0.061501871205001377,-0.063983971404119627,0.21799223096889939,0.97385082976837878,0.71138546899378929,1.8567384138420815,-1.2086166361479551,0.2611574648762175,0.2250103898292996,0.8454724409448819,1,5
0.814177226683519,-0.42388772907966965,-0.39678033807840701,0.55937426441136495,0.75581193691128845,0.34036560980312214,0.15561451045509428,-0.49906663799345224,0.85247675333567563,13.189652983026786,12.699646931088138,0.67416631729474275,,0.6559255435689143,0.4047619047619048,0,1
-0.15030694570835637,0.98856548027811098,0.012087732390033135,-0.98653943588406667,-0.15077295342517053,0.063304486104846153,0.064403132822654655,-0.0024099207371243931,0.99792105337279469,-10.605467441589816,-6.3088360187640102,-2.9771938039113324,,0.2655188300154708,0.1764705882352941,0,2
-0.664237724804431,-0.69608785371832982,-0.27248843067631673,0.71623163743334572,-0.6970043468220406,0.034600318650674908,-0.21401048218762769,-0.17218199794690847,0.96153672477801366,-4.3876520085939106,18.710541885327629,-3.9069174047224218,0.5966099017291938,0.633913196817637,0.8152866242038217,1,5
-0.63189980144077917,0.76097706854398006,-0.14702565112699059,-0.76654294733843154,-0.64164526372050845,-0.026519152149913836,-0.11451877935437055,0.095944028971327033,0.98877711971906745,-2.0553988481464183,21.231350382896473,-3.6163711182221099,,0.3792610734460239,0.611764705882353,0,2
-0.11365107252802925,-0.94246870887069656,-0.31438219814873564,0.98719117885742991,-0.14278589170446057,0.071174191363442149,-0.11196879073789488,-0.30226630961747009,0.94662456548038576,-7.3876090603044418,14.624024821124417,-4.1935319760776038,,0.1106918388182712,0.3888888888888889,0,5
-0.96430901086401977,0.046897285140292046,-0.26059312387882649,-0.050635702084086263,-0.99868791503290011,0.0076468321342789691,-0.25989258789143443,0.020569224917539423,0.96541843246614256,24.021026107756658,12.289398690153913,3.4653773554845198,0.6552574301231735,0.338118153016684,0.6,1,5
-0.31445042384152938,0.93354197774350012,-0.17210551047725536,-0.9492507533223129,-0.31049762766252914,0.050142103395872592,-0.0066285943384343802,0.17913849113659383,0.9838015362512913,8.1135275466087702,-9.7675194124283227,1.70982920101532,0.1876498653461725,0.2020575097919113,0.52,1,5
-0.87597782576933825,0.43414384792256544,-0.21019507147269562,-0.4505883268627569,-0.89203068075212877,0.035375475854260152,-0.17214240748707074,0.12569957799405004,0.9770192462979802,-8.6646637601672456,4.548828816959448,-3.5891822085750369,0.2102321414468423,0.1644327369257164,0.8918918918918919,1,5
-0.57880774871170437,-0.75154805041042483,-0.31647609381370212,0.79101890775574835,-0.61176160973142413,0.0060679841562673075,-0.19816830625554749,-0.2468263778106129,0.94858107803850988,-1.7326306455916878,-7.1262914242818409,-0.87331900747974489,,0.07182805045139247,0.1323529411764706,0,5
0.1648644870416045,-0.9394035882589129,-0.30056712940504193,0.98576887939471947,0.14678493553635813,0.081938386098738158,-0.032854487203231579,-0.30979845232968128,0.95023444560000392,11.324526742795204,8.8999623090374005,0.59609583646454967,,0.1101980205100604,0.5333333333333333,0,1
-0.45043201537213245,0.87462931886274176,-0.17926113386201592,-0.89090702208701267,-0.45342323378258903,0.026306825391725141,-0.058272442233443141,0.17155443932418754,0.98344974290723863,13.569325220801796,15.941940186374726,0.50533993328497373,0.2479199394243147,0.2529923439592273,0.673469387755102,1,5
0.0048672896413625173,-0.96127762890376423,-0.27553879883004723,0.99726537510008662,-0.01565350205324054,0.072226999798923525,-0.0737433462627754,-0.27513685329782223,0.95857270503563896,0.57510125415373725,7.1875073011352537,-1.7288801776670675,0.2867346592852769,0.2436387488300726,0.7947976878612717,1,5
0.66300476439095535,-0.6406810231797665,-0.38723701906225516,0.7415597842335323,0.63291597402607336,0.22250046343804208,0.10253667052528331,-0.43467826764165973,0.89472958755013532,2.4612460103773386,-17.65879942527631,1.2894768594923696,,0.4292615634572391,0.2692307692307692,0,5
-0.9765662135528641,0.030926411937255375,-0.21298353831155373,-0.027245018189217488,-0.9994246891153169,-0.020199004198754467,-0.21348568928827782,-0.013922924672613867,0.97684697503635098,13.920767685028373,-2.8438335922413729,2.4517782679876472,0.5663645294579004,0.528110833280436,0.8541666666666666,1,5
-0.019433429306573425,0.98906759181652926,-0.14617674453769741,-0.99675029178250452,-0.0077341907572408691,0.080181282883374907,0.078174149543692464,0.14725991006239092,0.98600371258506847,-5.2484045591642756,-0.86445214994829778,-2.3107043220301566,,0.08930522264161554,0.2333333333333333,0,5
0.69884873678770387,-0.65892866855230359,-0.27825070143688468,0.7050095095527561,0.70021989119396566,0.11248864572254502,0.12071468233157175,-0.27478193851888866,0.95389876388083694,-13.148987352179446,9.825938102294991,-5.0453058514108999,0.2367404162733684,0.2481589552180284,0.7291666666666666,1,5
0.9499567580182684,0.23898203310224278,-0.20117093664279545,-0.19113554058315971,0.95404471980405614,0.23079401582359829,0.24708169301145005,-0.18079341931696113,0.95197918911616819,-16.206354646115443,-7.2281831011242383,-4.1541944085559388,,0.3170918023139015,0.5357142857142857,0,3
-0.38224933799537852,0.91233744086966051,-0.14671686198080125,-0.92266877895623589,-0.38553938460794329,0.0064581154787414384,-0.050673148130970999,0.13783967826256319,0.98915744710079856,9.3112791553854262,-12.814178389156414,2.3947501229103212,,0.1595356803664734,0.32,0,6
0.23203582922986016,-0.91775594661352589,-0.32230947303658708,0.97228523835303038,0.20907298186643783,0.10464178675016444,-0.028649419442668349,-0.33765738657548633,0.94083298201998156,11.712092112837427,-1.7624700794613242,1.8674245059777241,,0.1200704264658326,0.2857142857142857,0,5
-0.81674099603723194,0.53899168133996689,-0.205966290539078,-0.5558819737673133,-0.83070377918541316,0.030437846304068466,-0.15469122997981544,0.13935278502200754,0.97808559169120957,15.273716171674073,-2.0488300042207737,2.7412462402993607,0.147909136808368,0.1020905586983852,0.375,1,5
-0.57946974079884062,0.81264168909147927,-0.061873295120524828,-0.80861001141913391,-0.58275516409363115,-0.08090901158061567,-0.10180701808456877,0.0031470419050372953,0.99479918938244793,-15.072638479742144,-9.4907351547688705,-3.7044634703752211,,0.4259159176113511,0.1111111111111111,0,2
0.29937436397265876,-0.90341458499800509,-0.30694800505761444,0.95413465214516124,0.28297609763653297,0.09773225538291902,-0.00143379628915629,-0.32212825982717286,0.94669495004933846,22.965027155141357,-0.38197184386728084,4.4420228194365245,,0.6833652142509177,0.8269230769230769,0,5
0.84137985952772243,-0.45773740868452029,-0.28732628955925849,0.51448602369062235,0.84117955067629313,0.16649653134838027,0.165481308334575,-0.28791218837487648,0.94325103147416023,3.2352121589778515,-3.6991355612928434,-0.056317570093617868,0.1187568932464374,0.0902249389246622,0.3141025641025641,1,5
-0.018458566398448249,0.98211653480393035,-0.18736700187395192,-0.99654059683160201,-0.0028840843241545134,0.083057335161469167,0.081031599965862303,0.18825194320997216,0.97877223381369016,6.4966538335339541,23.842927595388662,-1.7874999656452113,,0.16151120108322,0.2666666666666667,0,3
-0.9205834484208022,0.32596934687409052,-0.21510485673769206,-0.33677054944785767,-0.94147403628008342,0.014568323001492927,-0.19776681096243662,0.08585233781887773,0.97648229096731765,-22.19242706885775,-5.6516433018142926,-5.6453573939332733,,0.2288689884792067,0.4,0,1
-0.62937925176108978,0.76141742240854826,-0.15532310293505502,-0.77112698439665206,-0.63667121192330678,0.0035974773708531936,-0.096150566238461868,0.1220380135893348,0.98785717178709243,6.5967207017960217,3.5302482547887943,0.020009291167916377,,0.1932638577999958,0.2391304347826087,0,4
-0.95263892953707296,-0.17297456514953352,-0.25011771177145797,0.19011560195801089,-0.9806887275002506,-0.045887663332126315,-0.23735022187182286,-0.091265653809465427,0.96712742315174149,-6.8471151941459309,21.50932442245276,-4.7157149997756376,0.3629839522243783,0.2733787724184996,0.7049180327868853,1,5
-0.97078026447677479,0.070132287055719222,-0.22949322520444199,-0.069776877000076731,-0.99751571786635584,-0.0096736779812105402,-0.22960153644633716,0.0066223048783785477,0.9732621843776621,-16.633478595446718,3.7489495145897744,-5.2416964516180817,,0.08734006737484443,0.4074074074074074,0,1
-0.86266930599213232,0.46408554179733608,-0.20106287174345652,-0.47556148082549426,-0.87962447208822236,0.010102774796001671,-0.17217127069902108,0.10433311074720623,0.97952624035688562,13.698051291563274,-1.1495299292476879,2.2745840868811826,0.2080961733063265,0.2079504910037101,0.28125,1,5
-0.74092057421968183,0.66625481425173116,-0.08450577012470277,-0.66210870098177066,-0.74572353983816109,-0.074219069082514966,-0.11246675411965068,0.0009615704000639206,0.99365502293308827,12.343256517426063,-13.637047730493981,3.0908343279972725,0.5152909673788137,0.2609423172838604,0.3529411764705883,1,4
-0.96221591668952799,-0.066563177053131181,-0.264026273559897,0.12500067307780433,-0.96942767858976719,-0.21115114897663179,-0.24189948614957407,-0.23617645827780845,0.94111918435229192,-17.786851747205144,-0.91708158801951101,-5.0519483922347908,,0.1677340718126475,0.4285714285714285,0,1
-0.96446290377766042,0.12694227179084414,-0.23172605997026341,-0.11976130982242487,-0.99178881783595618,-0.044857212186812143,-0.23551759150088944,-0.015511300659034968,0.97174629592578565,-14.308244283762201,-1.2278078885650869,-4.2636792575080289,,0.199667786897098,0.28,0,4
0.95946554290929287,-0.12784951077231263,-0.25115806689225723,0.16851024734428105,0.97458081403097796,0.14763649095899389,0.22589858014105463,-0.18397483392571981,0.95662066252630085,-11.27408937955278,-4.3753356892849489,-3.3188784937481257,,0.3960708244326148,0.544,0,3
0.95851992705705802,0.18877560224953074,-0.21354934190921587,-0.1492941147875079,0.9707510776863213,0.18802556331695941,0.24279789275104238,-0.14834458927164301,0.95866733860577558,-3.541495341042876,29.265533616422477,-4.6478185437054798,,0.08827321911549016,0.3571428571428572,0,1
-0.89936258965436999,-0.34831713918140084,-0.26423872328383657,0.37456648934262105,-0.92558027225399353,-0.054782339086323954,-0.22549252180888721,-0.14824415727680296,0.96290019858838993,-16.238805121442478,1.9351276226825265,-4.9628637099061725,0.743878116960805,0.8490416262473625,0.7831325301204819,1,3
-0.84114577786380984,0.51886363588724826,-0.15249363178753389,-0.5201002413750937,-0.85339380873027981,-0.034853208495005693,-0.14822118372033133,0.049995345530279844,0.987689701334307,21.840017601068588,-11.448118629702416,5.2076745200150585,,0.1636767652898946,0.5555555555555556,0,6
0.8783553109674539,0.44083906916829302,-0.1848049317255957,-0.40709708482363088,0.89251326972878131,0.19414434549103579,0.2505272664269711,-0.095294167989831355,0.96340807050997712,-12.897986386839223,-7.2677735590956205,-3.3780652084268534,0.8947843854316992,0.4297920190767183,0.5,1,4
-0.96668885051278353,0.10484602859149918,-0.23349513181833981,-0.11754143549553363,-0.99221723648009852,0.041097038499693192,-0.22736903315078477,0.067173401881894551,0.97148909249856774,-5.8291196602401367,-6.4567655751806274,-1.9098991283500772,0.2069936904420615,0.1457691470697619,0.5647058823529412,1,5
0.96703430326110884,-0.0079354253917930991,-0.2545224652956054,0.099654047282046174,0.93159108013089043,0.34958136432148113,0.23433678152737586,-0.36342136487060256,0.90167132835583652,-1.2572058353766031,17.901258014946727,-3.2039363152270739,0.9801335811780185,0.5611648883225553,0.2833333333333333,1,2
0.80442861145715416,0.59075927188730104,-0.062434699873557632,-0.55985555987750002,0.78906958730448906,0.2528456811285783,0.19863625334607535,-0.16844188632970622,0.96549001537370882,-6.9877915986656394,-15.70294267349413,-1.1065959771343257,,0.2988184610611144,0.3333333333333333,0,3
-0.91896356988648498,0.34448367092282062,-0.1919295643954417,-0.31540689287092888,-0.93421790707122676,-0.16659950191090531,-0.23669484394678408,-0.092562965461318716,0.96716474722459411,-14.581070311041753,-11.436573743595561,-3.4068709262604817,,0.414741763385316,0.7419354838709677,0,2
0.54754501450308146,-0.68196561160557811,-0.48488901996255807,0.83376742836143547,0.49373639201428721,0.24709563048397359,0.070896632475588181,-0.5395806517918742,0.83894361414547847,3.5904761288439886,31.568792798170893,-3.0857719781471018,,0.5911050369606157,0.21875,0,1
0.97161690456022165,0.027169279282611598,-0.23499451277865357,-0.0010352264099835139,0.99386149506025279,0.11062665566163919,0.23655764430492077,-0.10724345620998171,0.96568075574749046,7.7082252566789666,15.640170243117575,-0.90417634392023438,0.3757239516156463,0.3178091273613998,0.7525773195876289,1,5
-0.95031351005241738,-0.16536371001117511,-0.26374054679399028,0.20635236574540303,-0.96898224516467046,-0.13598569669972144,-0.23307280785867837,-0.18365253052156194,0.95496011135015324,6.5224401352777654,-15.076455758553571,1.9001394641893947,,0.2909115377404515,0.3181818181818182,0,5
0.060328432613436143,0.99750077227103096,-0.036778927894944781,-0.99705142071053576,0.061969928858460831,0.045256959424801624,0.047423039522018554,0.033940200882916931,0.99829811082988573,-2.8518915327301038,21.883738168849263,-3.8554285237706551,0.2483858311155119,0.321677389763608,0.4329896907216495,1,2
0.95116193673072713,-0.064120518098377322,-0.30195948283411594,0.13003576939962491,0.97039122505274722,0.20354746133832036,0.27996726378506942,-0.23287213122102676,0.9313371579128995,15.820394170514305,14.627390482866776,1.2160699963509745,,0.3217063495380713,0.4210526315789473,0,4
-0.75480004082840391,0.64462402425665477,-0.12139508110543572,-0.63655735517132295,-0.76449955869786501,-0.10166198074039004,-0.15834024107196995,0.00054046454574166057,0.9873844620791562,-10.88577794216533,15.409238292726764,-5.0445356774524672,,0.2594645081969297,0.5,0,6
-0.83332937063376999,0.54914094473404695,-0.06329599399428705,-0.52808513867540863,-0.8247101059567018,-0.20243351363611012,-0.16336537683762919,-0.13526811874749123,0.97724832550443164,-17.491840789284243,-4.718528639356153,-4.6688005633678955,,0.1659307405130486,0.2941176470588235,0,2
0.24542139935055104,0.94420893375126114,-0.21963111383664202,-0.96021790828439646,0.2679081469784429,0.078783205015505633,0.13322877073198378,0.19155864430216588,0.97239671967893893,6.480650279475622,-9.5270014389707143,1.3460495138717703,,0.07984528570249415,0.2702702702702703,0,5
0.62113770418371395,-0.72651972536277221,-0.29386568547584246,0.77785197021478258,0.61724761396806282,0.11811729544699971,0.095573348138305383,-0.30195110814424053,0.94852056562633325,-10.72230405768906,5.4694706013008583,-4.1258859550907259,,0.09795965507847863,0.1111111111111111,0,5
-0.80483503955984026,-0.43594272938354955,-0.40273377781647685,0.54506419416215168,-0.8114246353331146,-0.2109385820965092,-0.23483096758961422,-0.38928652413375764,0.89067975097044993,2.2327317328994432,37.25526764525592,-3.9316789770938989,,0.3706944095061551,0.36,0,1
0.61899086434072936,-0.67623454151018703,-0.39944605985192205,0.78041133119244388,0.58679418545761175,0.21594151536834411,0.088365513686933864,-0.44539805655351306,0.89096133878479788,-26.757834332678502,-4.1452541973829211,-6.7725830735432719,,0.2797613341665708,0.2666666666666667,0,3
-0.35905410267384857,-0.79790406015293325,-0.48417895673453215,0.91793002941302182,-0.39571006979270462,-0.028600730173544083,-0.16877385003277148,-0.45471161350477463,0.87450142143337783,-4.1774179196103702,-13.80071972458029,-0.6849456854604471,,0.4158865184097894,0.3050847457627119,0,2
0.63071400221719864,0.74983345760846343,-0.19987404348263529,-0.74642567218829114,0.65664247312571944,0.10802489706356953,0.21224646829905014,0.081058302093452994,0.97384854487559058,10.51358920097594,-0.87623189546977143,1.4291243522607964,,0.1082152977375204,0.2195121951219512,0,5
0.94682878394317493,-0.20959213029522705,-0.2441032421230751,0.27262704380724828,0.92553810267659176,0.26278073650618827,0.170850077206915,-0.31535751047362509,0.93346659913800234,3.250795542509282,24.719184854789045,-2.6137781160920661,,0.5645332111117163,0.15,0,4
-0.90741191875603278,0.37821860663749129,-0.18317831556352079,-0.36982891963490044,-0.92570658072938938,-0.079334082184039881,-0.19957499818658778,-0.0042440531919706089,0.97987336330330277,17.153900493815659,6.8433762369496787,2.2206664983011732,,0.5881568245361035,0.3333333333333333,0,2
0.35308761823960222,0.93475529230569843,-0.039518063621259064,-0.92240927889271818,0.35486764367632601,0.15241416497238217,0.15649362945021533,-0.017363725927954099,0.98752632621282477,-3.7846830997434933,25.817898606467534,-4.3884716524555012,0.1939252869391056,0.1773800118434659,0.3333333333333333,1,4
0.86013523174344886,-0.40558026736872571,-0.30930895530966374,0.48259450133305137,0.84343023260647632,0.23606776571249138,0.16513609658928596,-0.35232100341378636,0.92119486546373874,19.741421463316495,-11.143580358962106,4.7021429310297682,0.5133591168076084,0.3119881710076607,0.3529411764705883,1,5
-0.97008486610361566,0.053754169693895557,-0.2367400299848981,-0.055622822735370565,-0.99845111156895983,0.0012163049199114733,-0.23630796463022596,0.014348067717589799,0.97157227152955106,13.66071988980366,4.4745711641438968,1.6274622706868318,0.2164713711184444,0.2058072426170525,0.75,1,5
0.820065630015548,-0.46503110236425965,-0.33352426643511868,0.55775556364704337,0.77991685854998516,0.28396905636053316,0.12806675481158866,-0.41889827832470761,0.89895669457912408,13.778005650119656,20.741605913535324,0.230268526966799,,0.4846888000042799,0.3448275862068966,0,3
0.90370942183279712,-0.28704133675071974,-0.31767365626849042,0.35716442847186453,0.91458360150962903,0.18965865886914157,0.23609924168662097,-0.28485804683391869,0.92903877272639523,-20.727570279936135,-8.179404898048606,-5.0937806015967171,,0.2435895870283588,0.6923076923076923,0,3
-0.43887786512589599,0.89206086333750112,-0.10776657925390257,-0.89832381666995031,-0.43827319842686219,0.030511046265588659,-0.020013493100118351,0.1101999076326296,0.99370792512271477,-1.3139381721387025,-1.6018162462290217,-1.3445085999607833,,0.519229629345906,0.3387259858442871,0,5
-0.76527061094858329,-0.55049777217523632,-0.33363617137307683,0.602909180885563,-0.79456497577687935,-0.071881978774851182,-0.22552474725023622,-0.2561614766095604,0.93995738535261719,-0.89981442132979761,12.450203847288847,-2.6562847888175809,,0.2150645484186429,0.6208791208791209,0,7
0.041210117222384969,-0.9580733187241105,-0.28354407450603947,0.99714625355634712,0.021470792545741316,0.072376474672359262,-0.063254053285605391,-0.28571755461719001,0.95622403427571034,-6.5664148476270601,10.446867612125724,-3.6442947774996282,,0.1386973168255691,0.4646464646464646,0,5
0.6431772579246261,0.74434594469341819,-0.17964445303716242,-0.7373491632201461,0.66533037218650837,0.11684052098784833,0.2064926787736282,0.057311521220643549,0.97676822386289086,-4.1430464272311402,22.962208765771791,-4.2676353536028193,0.2963057148452675,0.2674800295460472,0.719626168224299,1,5
-0.44462035093714358,0.87519058320315257,-0.19066773876316351,-0.89475905621429086,-0.44381767709918829,0.049316334178370488,-0.041460521644612461,0.19252873179556165,0.9804150715784361,-15.853945616367845,-2.8863121037723776,-4.4720442302006242,,0.09759030729286744,0.4193548387096774,0,3
0.43952107322408623,0.87594754944485786,-0.19883942469615293,-0.88177429402195695,0.46294509082279794,0.090310228020706526,0.17115875844965753,0.13563824499240937,0.97586215517426056,-5.7949704967973368,-1.4860089495441851,-2.4028197294352371,,0.06628561872912664,0.3050847457627119,0,5
0.93865937474499406,0.26387992735222915,-0.22200441919907563,-0.24278848060376287,0.96287992357907048,0.1179661241818156,0.24489249047174344,-0.056829892740928985,0.96788327364491711,2.4085349133776734,-7.588326519878053,0.13428881436763293,,0.1290356585563137,0.2142857142857143,0,1
0.91631152352930823,0.3759767147187093,-0.13789380637550439,-0.32100835193689087,0.89545582131607493,0.30840316155629033,0.23943021913317442,-0.23832830729999427,0.94120815344181974,-14.065332944316307,-24.204860465540143,-1.8228187524224237,,0.4178778866087859,0.5666666666666667,0,5
-0.70003044706599848,0.70003671261312794,-0.14108853310734842,-0.70345517140128611,-0.7099967127824226,-0.032488300462489267,-0.12291539777165998,0.076506658742615002,0.9894637619229294,17.725382021654472,14.146755007278578,1.7463014410883002,,0.2843135345918886,0.125,0,5
-0.95914790639755931,-0.13847990345214178,-0.246695378945502,0.14537204448718971,-0.98932797510672033,-0.0098552703083927655,-0.24269788283953753,-0.045315273486126594,0.96904296274937374,-2.3727496961550072,-9.0345379710312166,-0.81932440118190297,,0.06966531632249842,0.3333333333333333,0,3
0.86537448786481674,0.47350040333265786,-0.16408645220284793,-0.43809079949853613,0.87380127420484421,0.21106346105549617,0.24331758495316488,-0.11076416948545167,0.9636015004195243,-13.345017939306572,4.5839955136390387,-4.5948717953226677,0.6554367662241826,0.205954809201798,0.3541666666666667,1,3
-0.88084677589673066,0.42297110040783586,-0.21261327713038095,-0.4342844125390618,-0.90074636558326215,0.0072824387499447864,-0.18843037551822073,0.098749344850126472,0.97710928788633156,-10.861307844562639,11.107791270070935,-4.6741097785129311,0.2791401620825072,0.3609345701999704,0.5660377358490566,1,5
-0.37398806712990051,-0.88951625673960677,-0.26247619823595086,0.91394139828351906,-0.40157858794832418,0.058700580959603364,-0.15761994210126426,-0.21793454681942295,0.96315133138806686,7.8450232417557961,-11.183481230740696,1.851498007600362,0.169673827633568,0.1059911642005285,0.3888888888888889,1,4
0.81920372686475218,0.53260779993603913,-0.21268329821167106,-0.52405732606997024,0.84583586859670268,0.099627317476965446,0.23295744865381604,0.029843170785882472,0.9720289153487931,-13.962396108562727,2.8452057054645015,-4.5703258262376689,0.3377084578397609,0.3337094399639794,0.7580645161290323,1,5
0.93572729707663416,0.28849650283442441,-0.20293889069856305,-0.25310324737877005,0.94990597588488812,0.18335043808101212,0.24566882519354691,-0.12020151758811072,0.9618723530165203,-14.347709191478854,35.608528525426344,-7.4713835419061674,,0.4694393666969578,0.8936170212765957,0,5
-0.12609355116302298,0.97402242324528909,-0.1880976750799222,-0.99108191809009238,-0.11545250924563372,0.066538332889765503,0.043093479668744217,0.19481025928903425,0.97989382837416517,-9.9221762843116252,-4.047949306689846,-3.0335759849315926,0.3849958633009299,0.376456466403882,0.8438438438438438,1,5
-0.041089176745151779,0.99908581301230615,-0.011799058943208434,-0.99712804207340866,-0.040251030126002355,0.064152336548610703,0.063618765040326264,0.014401139237410586,0.99787036228330195,-5.3650272874851108,-4.2200390452375602,-2.0248616774661103,,0.07409340518081597,0.4186046511627907,0,4
-0.88148422043366881,0.43891238989385717,-0.17418806825988375,-0.43888548401747068,-0.89761684045793622,-0.040786513028966478,-0.17425584938588887,0.04049594700676111,0.9838673575390271,-9.9705584889978738,-6.529254646453122,-2.8192226610889968,,0.4429913430033771,0.4117647058823529,0,2
0.70539787315225355,-0.66218126230965657,-0.25284346224149484,0.69752394080388957,0.71190469156299174,0.081560174938584959,0.12599282740572179,-0.23389674212479067,0.9640633389283717,1.0869256571470127,-5.9714039577176017,-0.31731487106130707,0.3829703475692033,0.3736472564661175,0.8812260536398467,1,3
0.95978964226148056,-0.15421455819250307,-0.23456707494674062,0.18309279460255681,0.97729306845584996,0.10665499009785849,0.21279302425644658,-0.14531389606517156,0.96623133898572922,11.339196980390172,-0.34716965808642641,1.553956339938334,0.2495232069720992,0.1982813760801091,0.6395348837209303,1,7
-0.89672930153746355,0.44198695331237586,-0.022893074624809572,-0.44167584152578326,-0.89700415409585554,-0.017492814160969181,-0.028266778674346967,-0.0055750010244651552,0.99958486812624037,-13.663065447648266,-7.1107210423503115,-3.6060680003092824,,0.6135341247556813,0.1785714285714286,0,2
0.95609273973286912,-0.090066532225093351,-0.27888114458141722,0.19737021690438628,0.90132682402475339,0.38555797718704449,0.21663718634899826,-0.42367201473120258,0.87952848357764513,6.9011937192842048,-13.435643353168681,1.8344207932433667,,0.3056914570777898,0.2142857142857143,0,1
-0.71365739520882809,0.69921337483836987,-0.042353024813916021,-0.69002002671727714,-0.71211645199433726,-0.12947015690144567,-0.12068755110962709,-0.063172899617908077,0.99067840380268046,4.1152885807142248,-4.5458019436057331,0.22105372219773634,,0.1731383632451785,0.1428571428571428,0,5
0.17911379300475727,-0.94505669342768828,-0.27347046524803048,0.9832752206816362,0.1626386201690396,0.081966576255147569,-0.03298620240235324,-0.28357807643934002,0.958381648934304,16.168974300616714,-9.3829565054786741,3.6043320930014406,0.4028699974951131,0.370103430044926,0.8641975308641975,1,5
-0.6813538518843304,0.72826149686396502,-0.073431060920044075,-0.7283598327108558,-0.6845173611620019,-0.030462047882954018,-0.072449172637096604,0.03272880158616838,0.99683496273502259,2.7697783402117238,1.4031055335011091,-0.6595955150830225,0.4416072962643164,0.3760985449600445,0.2281879194630873,1,5
0.81652013912356802,-0.47104858679779177,-0.33377850632033146,0.55715690761936143,0.79440757790841787,0.24185280741333257,0.1512317516186954,-0.38344468836780532,0.91109775999332643,-15.282647526153356,10.999129347354478,-5.6426473565710964,,0.3347022823804359,0.1363636363636364,0,4
0.91764134090256033,0.33305438863020081,-0.21681592118825826,-0.31275779115937352,0.94182792816903815,0.12305575073894548,0.24518754767658876,-0.04511017551483272,0.96842559782843418,0.90856319816010778,9.036723372446998,-1.8733082508011165,,0.06939483038329225,0.2018348623853211,0,5
-0.93514851242031427,0.29959296233509192,-0.18905374007767353,-0.28457918040123681,-0.95312918811464598,-0.10275913996368018,-0.21097855293899567,-0.042294298471533591,0.97657526208509249,-1.5786206081622645,-14.996698108925145,0.015942923669231834,,0.35006131149657,0.1818181818181818,0,3
0.41364210718869932,0.88738062532177953,-0.20360705529037934,-0.8956485389673392,0.43676341004063218,0.083972723519894807,0.16344387968401483,0.14762570729112723,0.97544489784950505,-8.2984583665731719,24.466581163843511,-5.3186970584801685,0.7916024315034453,0.6872738668295278,0.9407894736842105,1,5
-0.90550237336125483,0.36398066103208498,-0.21813649449778225,-0.38164592751809689,-0.92327628175262944,0.04367257219228584,-0.18550427985894569,0.12279652253905796,0.97494060137340077,-10.510516774898655,11.768541505387491,-4.6513399975984031,0.2535462140173006,0.2143993871102664,0.6136363636363636,1,5
0.6341128225344197,-0.6862326626314228,-0.35635047500349826,0.77167328739631991,0.59094659108011915,0.23516475928536193,0.049206359511627017,-0.42410713178225801,0.90427422552842807,-13.925996474051834,11.24460887982228,-5.3534537249306071,,0.7603765193229326,0.3333333333333333,0,2
-0.82583473335052104,0.53267510479783198,-0.1850789721186441,-0.54079539452959413,-0.84111842593171582,-0.0077546639988197528,-0.15980405015973706,0.093685784870345651,0.98269305445076427,-1.9314891893475572,29.271781210935668,-4.2302837540314133,,0.2596545943746479,0.3809523809523809,0,1
0.3890325825533385,-0.850582422180166,-0.35378410477295552,0.92091314491844356,0.36905519196229564,0.12536843622736407,0.023929672548981051,-0.37457683906482364,0.92688702785609389,-2.7504364722653385,-4.101694828364586,-1.4290943591402252,,0.09081194560597966,0.2528735632183908,0,4
0.70419614650487228,0.68671448626368059,-0.18036352625544325,-0.6749076169303776,0.72630877665555649,0.13028917668965356,0.22047107714402667,0.02997958153007433,0.97493267912929982,-6.3443169247650744,-9.9149390217106568,-1.6294749782353724,,0.07684345621159767,0.32,0,5
-0.59888585328817245,0.79864360328131212,-0.059195689616232797,-0.78951796969331745,-0.60119036646615298,-0.12341603947476143,-0.13415330880243165,-0.027176059429885303,0.99058788178092727,22.115851198010706,20.277392003578527,2.387981614177451,,0.5106938730702051,0.3333333333333333,0,2
0.59454759210980701,-0.68075997770498409,-0.42787733460834237,0.79953627909703306,0.55691430211040116,0.22491820404883817,0.085175695618531555,-0.4758280286616095,0.87540435686367524,2.5327485613402856,2.2155467148598773,-0.80778299414559074,,0.108730371973014,0.3333333333333333,0,5
0.038492218690527623,-0.93254184531208051,-0.35900425602243319,0.99719082606218512,0.012745552906280199,0.073810617789924968,-0.064255781978727597,-0.36083688506450307,0.93041277767410813,-18.504926734166606,3.7558009099454432,-5.6609470637024364,,0.4555209593788061,0.24,0,1
-0.57808953360842186,0.79199651595918197,-0.19635175028737198,-0.81207704836154637,-0.58191129292057875,0.043704858950681665,-0.079645204857515889,0.18471807134121393,0.97955902091869196,-3.8812207995091352,-5.0385045469252301,-1.6517535170988344,,0.08403248590946129,0.3555555555555556,0,5
-0.61823712922408913,0.75579535055638036,-0.21576895079254249,-0.7793882423436066,-0.62500082938235813,0.043908210711750342,-0.10167015169310954,0.19531346945032282,0.97545672836163144,-6.9191486346070494,-10.923613385255326,-1.6707494686978994,0.7943102126059339,0.7086380949223005,0.9895833333333334,1,5
0.11019333135714308,0.97914137447427962,-0.17070324694344155,-0.98911265101719548,0.12488659903315584,0.077842796581749571,0.097537650792659442,0.16026698404397111,0.98224279101620215,4.8682288622671424,4.6325539916928964,-0.54113651560675502,0.2234363993843355,0.1970015698265275,0.5414012738853503,1,6
-0.77245769080316906,0.63158863251220787,-0.066369535182903422,-0.63038217717552281,-0.77523116012910775,-0.040434627045699702,-0.076989782559006487,0.0106041334505175,0.9969754890343494,-13.342979704820266,-10.728823665314993,-3.1416722266220964,,0.1179065725010965,0.25,0,2
-0.80949481093173425,0.55040934065491054,-0.20437149702055593,-0.56737083283176759,-0.82287290683589775,0.031153125801861782,-0.15102479639576669,0.14117272015253857,0.97839755414573204,11.898018306310266,5.771110722567256,1.0662998766062208,0.1573948446347975,0.09989022548465612,0.3023255813953488,1,5
-0.97350254890450416,0.025256520531602895,-0.2272771335772063,-0.0021072262941474315,-0.99483064000117194,-0.10152614102882326,-0.22866645331963284,-0.098357032720065227,0.96852338497360269,-5.6892612090712067,1.2572939071139935,-2.6227718249057577,0.736014172561881,0.4537390011189061,0.1478260869565217,1,5
-0.39895052351052729,0.90463778468923306,-0.14989649196440752,-0.91681218682419996,-0.3965713914393309,0.046760513069294164,-0.017143333436261361,0.15608206176378017,0.98759530988875355,-9.6766763050891775,0.16615551195387079,-3.3622903741413177,,0.1165057855167824,0.1818181818181818,0,3
0.55441841777724699,-0.75484406178365482,-0.3504720536923408,0.82709645676697041,0.54649209961293566,0.13136908412623893,0.092367035423336102,-0.36270763357089419,0.92731413410801899,4.2518979750298032,-7.7099274517131979,0.57802490358017466,0.4430147337578634,0.2089538497987775,0.2033898305084746,1,5
-0.97173874519435177,-0.008022336311576889,-0.23592255765019537,-0.0019702954388131177,-0.99911190844778808,0.0420893375298474,-0.23605069164056611,0.041364677176566764,0.97085994585114466,5.5574461490662141,-5.6921293916883675,0.7416941729730423,0.2352312170219907,0.2104742590483755,0.7368421052631579,1,5
0.58136503243201243,0.80357532630525186,-0.12759856589606339,-0.78814781148092905,0.59513035475467846,0.15698053416711025,0.20208346375482097,0.0093035371218308446,0.97932411278078701,1.928274978857822,11.621985201960872,-1.8887421973744427,,0.08090938219415986,0.25,0,4
0.51619190734864517,0.85428624549930854,-0.061163106023666168,-0.8409390175933763,0.51907498314430589,0.15291412806809224,0.16238067457937891,-0.027498593135522196,0.9863449416399479,19.76946012896224,-4.7668452041356577,4.0575340136379783,,0.4209169702514506,0.2727272727272727,0,5
-0.95418129246493077,-0.14698081535653021,-0.26064286107063089,0.16805506544587168,-0.98392693513438922,-0.060376164957963961,-0.24757939350426236,-0.10141216018889003,0.96354554520161884,17.178715578571282,-7.2688995728484178,3.6991815048704679,,0.1406673622219343,0.3888888888888889,0,5
0.05296154661648679,0.98405680156555431,-0.16978600022546095,-0.99614393457183759,0.063971359890160853,0.060041042042435169,0.069945237119675666,0.16595142785277278,0.98365023631263249,15.068884430234771,19.345292045122747,0.6584683265336545,0.3015489907285002,0.2435397156504667,0.7083333333333334,1,5
-0.87091793551654628,0.45221442473620327,-0.19236440329775539,-0.45849169891342773,-0.88860138530074861,-0.01315066800846299,-0.1768821970212813,0.076744329445861625,0.9812354438537314,-9.9179818674164419,8.9483855986354772,-4.273879302611479,,0.07905317012307889,0.2777777777777778,0,5
0.77946596900938758,-0.55294279234910015,-0.29442668280139866,0.60987300230110153,0.77719848611602804,0.15497559241117134,0.14313533533162204,-0.30036108530922079,0.94302465196375973,13.301196031255468,7.9690301516339108,1.2155311590465354,0.206697146097919,0.1794577121605937,0.45,1,5
0.41184011292870409,0.90377967085841227,-0.11649046281104773,-0.89549632826005687,0.42506893349709185,0.1319193990601869,0.16874254785213008,0.049987081518173743,0.98439181438371715,17.150410517356971,1.5175093079866688,2.8047039764385957,0.2718070775737832,0.1950136207787564,0.3142857142857143,1,5
-0.27492648421990856,0.95908133411057872,0.067664043887084566,-0.96144300111453951,-0.27471724239095996,-0.012561542141572563,0.0065409389500550924,-0.068508622039707132,0.99762908178534582,-5.0567821099722172,8.0212646767797011,-3.1628009623711115,,0.1377382218462259,0.3529411764705883,0,2
0.35217242005585248,0.9275166294113244,-0.12524970545857197,-0.92261948519357195,0.36653273447307799,0.12011261424527964,0.15731456414824249,0.073257468732839032,0.98482763526502681,-12.612454894387334,-8.9124339985316912,-3.1683972703207242,,0.4930337221534614,0.3620689655172414,0,5
0.97460272997454944,0.067479215761696368,-0.21353237264251523,-0.028886677333694256,0.98343666921202799,0.17893540041526529,0.22206998581252396,-0.16822268898498419,0.96040931290355913,8.8255166705672092,0.14974835787722313,0.89506326941776415,,0.1161624006658458,0.4166666666666667,0,4
0.23938863565176091,-0.89292061323429428,-0.38129497712673871,0.97069770942557798,0.21163003713285192,0.11383621699214927,-0.020953234517000503,-0.3973732575859118,0.91741781981757697,-15.019546282633454,24.045009385923937,-6.6491778460995654,,0.4708743298133468,0.3157894736842105,0,5
0.34230906471757727,-0.8591047748736067,-0.38047797571153474,0.93865739271870874,0.29466532107781934,0.17914979109287621,-0.04179477606942094,-0.41846306210163331,0.90727165851790592,-19.83600381842416,-8.8936484734916252,-4.8359593292771885,,0.3750196274008428,0.25,0,2
0.49379952762747631,-0.81323267221208717,-0.30791987165765777,0.86771241079155981,0.4839838287154053,0.11329088974968485,0.056896385414008321,-0.32312888200958501,0.94464306853861757,-7.8061924982818525,-0.35470102131914122,-2.917864049927652,0.3317340227775621,0.25342346070343,0.5410821643286573,1,5
0.39148364491616688,0.91880274787453131,-0.050418907776372097,-0.90590266130218144,0.39444459498654932,0.15412277486316345,0.16149589471183767,-0.014661922933460246,0.98676446227411097,-12.560999400792742,-4.158437183743894,-3.5894140900553531,0.9291078858240487,0.7672113469814175,0.6931818181818182,1,1
-0.10006769439227904,0.99393613437271933,-0.045578693785911104,-0.99475930406030355,-0.098974252667623538,0.025651984218501924,0.02098531687810079,0.047906764627783267,0.9986313425776423,-0.73362068426257276,-9.0685757243996328,-0.47443010777389871,,0.2389912147765965,0.1812080536912752,0,4
0.77008708406243986,0.60035659589192647,-0.21572630977529436,-0.59528059680565659,0.79783988109563242,0.095354785931317229,0.22936192802404953,0.05498619738047298,0.97178682028041807,2.7593954787390875,-4.9227586019305329,-0.040923681459377456,0.2030309981841759,0.1766850682454399,0.5468164794007491,1,4
-0.13282099296900332,-0.93903408940970523,-0.31713335168854928,0.98573227952711462,-0.15853052082603722,0.056568074608412303,-0.10339466584406332,-0.30509515383419394,0.94669239469950495,-12.659676876668536,0.48511254293084699,-4.038960231773105,0.2733159808506833,0.2650098554871413,0.6335403726708074,1,5
-0.64341670781377303,0.7653532135781661,0.01579235801459692,-0.75900976322831382,-0.63512838859951748,-0.14323445576773888,-0.099594776118960934,-0.10414599589305198,0.98956277825576067,-11.89567661376444,7.2566958157405255,-4.574817907925091,,0.2534698923047124,0.2285714285714286,0,1
