axis_00,axis_01,axis_02,axis_10,axis_11,axis_12,axis_20,axis_21,axis_22,location_x,location_y,location_z,dbh,dbh_approximation,score,reconstructed,number_clusters
-0.74687416299318821,-0.62420893260957333,-0.22922083915656888,0.65532168998498086,-0.74942382687819875,-0.094432040867832079,-0.11283823504669484,-0.22074223917875885,0.96878294604823334,-4.2423114811413356,12.40760129870821,-2.8900575826877355,1.030739686127439,0.6847361998810778,0.4152542372881356,1,2
-0.62164172867923317,-0.75988109872032994,-0.19011122263632443,0.77715650854838325,-0.62866557350101937,-0.028414044335860582,-0.097925085578623006,-0.16540952965962299,0.98135129546569644,0.15660299709462167,5.9920816861690707,-2.2884967670654497,,0.07284858951277931,0.3134328358208955,0,5
-0.0074997122124698182,-0.98540881502864297,-0.17003888255506638,0.99928152903797096,-0.013702819714431545,0.035336361660585312,-0.037150774423476425,-0.16965170201244462,0.98480359461367517,15.844566648739692,11.256722123469141,-1.5611824108989041,0.2593393135809685,0.2340276553136199,0.1904761904761905,1,5
-0.86448270681355099,0.50217430562358334,-0.022149862116722964,-0.49625128647927408,-0.85964298495001568,-0.12144381043879543,-0.080026934765635049,-0.093994176403119259,0.99235113972540867,10.507135820956988,12.489485552088659,-1.8396201213551686,0.2380677997957959,0.2621966084388518,0.3809523809523809,1,7
0.85241168451669358,0.51727196581841817,-0.076315355451980954,-0.50879696811079722,0.85422067072759311,0.10692376229333279,0.12049881883517935,-0.052314042857056611,0.99133408878101059,26.84308187802646,-1.6190074075486645,-0.63969824547903742,0.1754084128443131,0.1344954649702279,0.3333333333333333,1,4
-0.80163587373603595,-0.58149928142347673,-0.13870296191301959,0.58795250571015956,-0.80886526664807301,-0.0069879495911559994,-0.10812852060677128,-0.087152545082310337,0.99030937434574895,-0.32500111288283223,5.3160650988517855,-2.3005005270409304,,0.06959146639118698,0.2808219178082192,0,4
0.86966837607548864,0.49043098943014918,-0.056163691659184042,-0.47895399725225152,0.86586486738548696,0.14450294095139932,0.11949888773671991,-0.098769813374726526,0.98790917588390137,-0.90200780242203005,20.989408448836198,-2.93927093384172,,0.4144928956337277,0.6285714285714286,0,3
-0.26642830940280166,0.95968414709732475,0.089567258297030661,-0.96383229040236462,-0.26590350272824242,-0.017962271977247365,0.0065781400485308257,-0.091113473465418565,0.99581879025582254,6.3361443556340014,-5.6174198400290232,-1.4312651870873192,1.133347503074891,0.623973969737615,0.4787234042553192,1,1
-0.083214937771095301,-0.96897757350662694,-0.23271814749383257,0.9954474117677341,-0.091716501837046563,0.025933254629777015,-0.046472836546423008,-0.22950064342389873,0.97219840060110396,8.5152812437858714,28.262563280376195,-2.4161295885517315,,0.4935375380572597,0.4444444444444444,0,1
0.36982052655562037,0.921124588546822,0.12150008441384325,-0.92543252221995009,0.35358329348976075,0.13621123809199734,0.082507120636613654,-0.16281384136301522,0.98320101103735325,8.7230786648225109,-10.316066243563178,-1.2397466576123017,,0.5803440723275547,0.1515151515151515,0,4
-0.36322814466549963,-0.90052690838265137,-0.23899079940793039,0.92748649383302451,-0.37385550537650003,-0.00092997688319452067,-0.088510556885495112,-0.22199853237907774,0.97102138644900793,-9.7085115084071383,-10.187396390825917,-2.5760172990654091,,0.1777361039984729,0.1842105263157895,0,5
0.80099998642426451,-0.57526767596869921,-0.16572906424010206,0.59490179556305045,0.79584650352463682,0.11278384841575796,0.067013993942955999,-0.1889323789433193,0.97970081188219449,13.729331255062373,-6.3916212273031485,-1.2608889251354289,,0.08484292991648115,0.3636363636363636,0,5
0.96223250171272967,0.26774660019499913,-0.049197263457241833,-0.24639152800405464,0.93341258579591269,0.26082975214805337,0.1157576242650524,-0.23885707601368469,0.96413042150048545,18.416312931110358,-9.7071856551236912,-0.9971157264455377,,0.2027595726078733,0.1428571428571428,0,1
-0.45276749326474014,0.88978996448805814,-0.0572312514200356,-0.89147106479338978,-0.45296060447019992,0.010297156604145936,-0.016761195628674334,0.055682222426290978,0.99830784451829568,-10.617477085131421,24.58171453967978,-3.8611279862269123,,0.1181929439172305,0.3157894736842105,0,1
-0.32218282522311709,-0.93227820328992439,-0.16448580121627743,0.94369548658792124,-0.33006294161530192,0.022299846767182826,-0.075080328481144154,-0.14803988058210546,0.98612734372006905,-6.0893713745902707,-14.13280162413073,-2.1978789318869931,,0.08099735079570083,0.2608695652173913,0,4
0.43044485647672093,-0.86828949114505727,-0.24655746814848917,0.89786841659413685,0.43987851175440662,0.018417420543230728,0.092463679439405574,-0.22930384746834548,0.9689531534190603,-9.4417605362105057,-6.8265055435115114,-2.6416637916781007,,0.1488485609385879,0.28,0,4
0.98395523361742043,0.16203145577170197,-0.074685377266169833,-0.13718233520382858,0.95472647738440963,0.26396658934262901,0.11407499789573319,-0.24948579262486803,0.96163596757475178,3.8183800506506196,5.8329167634010046,-2.041383348612245,0.903528173731008,0.6786520113937419,0.4716981132075472,1,1
-0.5114987377726512,-0.84692261350664289,-0.14522784852796769,0.85458182515816694,-0.51903863205234391,0.016994191553816901,-0.08977162896105248,-0.11541657232958041,0.98925227796824888,-12.048620324443428,-11.93886265829153,-2.693369767686089,,0.07364951531728731,0.3529411764705883,0,4
-0.93509605706922672,-0.29479340347446314,-0.19670336377786929,0.33643065343789469,-0.91287700265601768,-0.23123579621052823,-0.11139918976786858,-0.28240472249894844,0.95280522313291027,13.62129674789692,-25.461693404401007,-0.74359954210516899,0.7446502231701272,0.3843170116756964,0.2666666666666667,1,5
-0.98582705384783675,-0.1150025335807344,-0.12214514796628358,0.12374328848200196,-0.99008073568705934,-0.06654123065460868,-0.11328114784620283,-0.080712787657110929,0.9902791664229148,-1.1400269662984188,5.5170194017653165,-2.383458323870129,,0.07729466865135956,0.1912568306010929,0,5
-0.81650381583149712,0.57538330872671395,-0.0474928075744359,-0.57438858851636831,-0.81788381555960254,-0.033820313834125627,-0.058303242746672715,-0.00033508859082263142,0.99829886286665548,35.045061705573588,-1.598726800360877,0.23403310719370243,0.8990279473930948,0.6459487474999096,0.3636363636363636,1,5
-0.57188299000969134,-0.80540995844942231,-0.15577112880144214,0.8149524742387444,-0.57951103699409079,0.0044071231185483844,-0.093820629233255348,-0.12442570808532112,0.98778334299467829,-20.02746509575821,-10.517867246957627,-3.3417801788546559,,0.07548994959217219,0.4166666666666667,0,1
-0.30199419142934952,0.95327216675630233,0.0084666658536425802,-0.95327524911452999,-0.30204692291909319,0.0058271588906985338,0.0081121987502463435,-0.0063112948632738234,0.99994717849923687,15.543990558066065,-9.4838121364735155,-1.024298506213958,0.7395777366024012,0.39014222569919,0.2903225806451613,1,3
0.84709857405165778,-0.4978605621138863,-0.18590015204752686,0.52742573632181444,0.83048385217688492,0.17921680707688517,0.065162094081144803,-0.24986282629692452,0.9660861605104758,3.5471994584676403,-19.640688552338684,-1.5758681719148413,0.3106162838283369,0.2977064035482648,0.3,1,7
0.85793882456526083,-0.47543136583811241,-0.19469460619361656,0.50939891169638973,0.83644620685181115,0.20216451668320187,0.066736212554461147,-0.27262200832017547,0.95980389586277548,6.2619143011362359,21.020394274988735,-2.3962020487742284,,0.1613666917712531,0.5454545454545454,0,5
0.93742998730665661,-0.32824723874572914,-0.11609810142309186,0.33601392924631501,0.94026797682437779,0.054687943013466016,0.091212160651387944,-0.090276696962150862,0.99173104203453755,-16.694938502360607,-13.678525983659565,-2.9562801726574466,,0.1802323826395648,0.4666666666666667,0,1
0.067363684306070731,0.98726187048343061,0.14413928377187346,-0.99648810068220572,0.059372651829349775,0.05904535048180623,0.049735291649698476,-0.14761059346912547,0.98779426676824278,20.22860849242792,3.1417005585000566,-1.1513199731422237,,0.5462025365173567,0.2272727272727273,0,4
-0.98143858883281898,-0.15443176228791872,-0.11370631972978605,0.1541331163701278,-0.98798354944162659,0.011466842231276987,-0.11411081801423212,-0.0062719079530970147,0.9934482293419975,-10.035249250604405,12.261191349198562,-3.3187484470658402,,0.0683907391721626,0.125,0,4
-0.57107140134256118,0.82010621490340563,-0.036100565722064881,-0.82047808101842701,-0.57163585476859424,-0.0069403250138796828,-0.026328181421494665,0.025656301755870279,0.99932406207558566,13.993120732404508,4.5273757248033162,-1.4930445100904814,0.4290675347828378,0.416373679204888,0.5694444444444444,1,5
0.53156484735553855,0.84657837411662995,-0.027273971729956565,-0.84300732381055965,0.53190342907462096,0.080108639611578145,0.082325360962713034,-0.019590778869232859,0.99641293464389336,-3.0406929193007044,15.581946656148819,-2.9021253831665796,,0.07200124873144609,0.28,0,2
-0.86173847354631128,-0.47365306029228965,-0.18182294048282771,0.49575099641678344,-0.86230435989437249,-0.10325764116481985,-0.10787841657087732,-0.17911998599515594,0.97789481942346712,0.84889997009207641,-24.006640842292523,-1.8060072728909593,0.347008693836436,0.2225946315141366,0.35,1,5
0.89696296496173478,0.44140458364630974,-0.024888411421409098,-0.4250057512754149,0.87640774929130194,0.22644992463009145,0.12176843133535684,-0.19253947781736064,0.97370478000877858,9.8249976843139262,-4.0780518096635081,-1.2664711563351241,,0.1460166621813276,0.4150943396226415,0,6
0.99364885859611363,-0.0011668218918098297,-0.11251926207238909,0.028093265329793116,0.97085345476831086,0.23802171709225825,0.10896198536073039,-0.23967104099392142,0.96472020703162409,-6.029229341160617,-9.8885464204683782,-2.2770424485853193,,0.1790163996987574,0.1111111111111111,0,1
-0.93559137274612358,0.34783335170421886,-0.060669124645353609,-0.34061202308945732,-0.93438478191796737,-0.10444390382889476,-0.093017379934780278,-0.07705218207371943,0.99267856240967889,-2.8505292550959744,19.689779761531454,-3.0677443982527199,,0.2735470066518315,0.1,0,2
-0.059652613512330234,-0.986395308269295,-0.15318570927299896,0.99728067917157903,-0.065543548387723111,0.033694067961892497,-0.04327600550215998,-0.15075920896936743,0.9876228269226609,5.7062461830024711,9.1886669423763276,-2.0904230167279345,0.3992255283420993,0.3091122618829754,0.7692307692307693,1,5
-0.05391202980568157,-0.98070574330098925,-0.18790885582825931,0.99635514559086014,-0.065290675027110973,0.054895825060929861,-0.066105346961099418,-0.18426441004968486,0.98065116646654449,-14.246876537376027,-11.0894100300712,-2.8813718964998323,,0.0863164288116441,0.3928571428571428,0,2
-0.72824142387879032,0.68406508379754205,-0.041465523945265648,-0.68302525385458168,-0.72942047227118456,-0.037713090944228242,-0.056044010776155569,0.00085776497083317048,0.99842793084697812,-1.9779935433977172,15.437282784687207,-2.8487644409542883,,0.1126368460377696,0.3835616438356164,0,5
-0.90365461205110931,0.427865049974821,-0.018434780411051795,-0.42561517765373152,-0.9020156296862698,-0.072246275699614421,-0.047540116423313183,-0.057439557899815211,0.99721644316503932,12.036190968643563,9.2076316506702138,-1.7169393842038951,,0.4275069173218182,0.3846153846153846,0,4
0.035433062054291933,-0.95239900116266063,-0.30278811188325233,0.99857301591372538,0.021627405543424631,0.048828139616708677,-0.039955350110157314,-0.30408616856711596,0.95180626814691027,5.4383693594683047,13.295271522995634,-2.2749896100449147,0.6211717158275939,0.3341361980680561,0.2352941176470588,1,5
-0.9356367294255854,0.3478630082684116,-0.059793294174558378,-0.3395236554662901,-0.93330295987611056,-0.11691566390051786,-0.096475892991990997,-0.089089351579984238,0.99134024911049379,1.5563415127040865,30.270186212238112,-2.9995892409980369,0.7529317485103244,0.4938862047643724,0.375,1,5
-0.29370602786428207,-0.94488017624849641,-0.14470045517826302,0.95346227692352459,-0.30037697666084584,0.026141124227895354,-0.068164915315682431,-0.1302886197052551,0.98913013294273144,-14.140939969972873,9.5437568371392505,-3.5795267433389091,,0.08435043374470211,0.2708333333333333,0,4
-0.72247547681088997,0.6910621546851452,-0.021500785306621112,-0.68933426648245333,-0.72237220749837083,-0.054741783739921376,-0.053361544767510767,-0.024728368240841962,0.99826902854098876,-2.0453359493861858,-15.326272798536047,-1.9024103997097797,,0.2982128378271958,0.3684210526315789,0,4
0.88651984864204325,0.45291340414354608,-0.094615042729963517,-0.44864696337422683,0.89144620825743714,0.063557533294819724,0.11313027984926496,-0.013896263186264352,0.99348298105739297,-4.3958043490808656,-14.06561184708462,-2.0833648116666845,,0.08560839385330718,0.2777777777777778,0,5
0.16479244920104311,-0.97504071982573937,-0.14879194658322856,0.98616884349087952,0.16016804481731439,0.042628740859430435,-0.017733043004045951,-0.15375887649532127,0.98794926341625122,-5.3562684204265221,-10.586206133752835,-2.2224813961440897,0.4992907112406197,0.4364406761677798,0.9635922330097088,1,5
0.92729403079771933,0.35912408567417076,-0.10562041249498151,-0.355655575969062,0.93324220582484074,0.050676390452561379,0.1167685391234895,-0.009427425729042118,0.99311441028468095,7.7375559535350487,-6.210599092271849,-1.3213770107549769,0.130824202100268,0.1159548350817375,0.6506024096385542,1,5
0.78642435401433886,-0.53868920087793204,-0.3022427505675272,0.6143542327353968,0.73290506674316502,0.29226535864227582,0.064075050786021534,-0.41552870899576999,0.90732038435553553,15.720293325556336,-13.366358272449059,-0.94917178258567692,,0.4703068068675312,0.2777777777777778,0,1
-0.62178616472877857,0.78269404274876786,-0.02778490232962235,-0.78130552405577414,-0.6223595631098352,-0.047225546959959203,-0.054255353946025431,-0.0076556940459677836,0.9984977450735012,-4.8396637700690031,21.541747272752652,-3.2767106375363131,,0.3451003808757999,0.7558139534883721,1,4
-0.91589717947450988,0.40086872268979745,-0.020895544972263359,-0.39193030836790277,-0.9042961379731409,-0.16923099074786113,-0.08673517171988579,-0.14680858972114832,0.98535488427815154,-7.0224505971904518,-11.474661459804889,-2.3276194938538439,,0.1139732003566769,0.25,0,1
-0.78036859730945907,-0.59492124864583129,-0.19259688534073677,0.61566777472604794,-0.78487907681308255,-0.07012863855030789,-0.10944424835113119,-0.17330188311362499,0.97876882552118905,-16.3470372084339,-2.9698090039970775,-3.3002063614725392,,0.3582273962394292,0.1290322580645161,0,1
0.99392890595550265,0.02030626540171775,-0.10813410882572333,0.00058361534947473745,0.98183403878116149,0.18974082239675463,0.11002267629549023,-0.18865199674561606,0.97586138094745301,2.9669243362396958,9.4060879362510477,-2.3055325552182309,,0.1478255637274672,0.34375,0,1
-0.79340518156638751,0.60859246945790257,0.011109634680727972,-0.6051717468720561,-0.78672226577650384,-0.12179997257515091,-0.065386349121444337,-0.10335996638261526,0.99249248999574446,7.4418788110972427,11.841416097539694,-2.0778365445172797,,0.09389608879611078,0.3793103448275862,0,5
0.89906659053276583,-0.40891464992986087,-0.1564227440640488,0.42978430670057188,0.89243239992678747,0.137294796969232,0.083454871048347895,-0.190665205618784,0.97810125440296314,-6.8931951005470635,23.098855521530027,-3.4796334610193713,,0.08074634665863575,0.2608695652173913,0,1
-0.37756461716887763,0.92432724858669857,-0.055354289646442005,-0.92531913041019154,-0.37888271279033198,-0.015244567739538481,-0.035063752780406889,0.045464573777635686,0.9983503922832766,-18.266131671039822,-18.761861983770352,-3.007399628095774,,0.3118590923022723,0.75,0,5
0.070819788041123696,0.9973924506367613,-0.013887297599127066,-0.99678335566871212,0.071286451943321588,0.036622174036432399,0.037516656082766026,0.011249052499162629,0.9992326852811807,7.8788990042194476,7.659026465966452,-1.9373125324728784,,0.08867743569757969,0.3137254901960784,0,5
0.25265175130783601,-0.94995100476732619,-0.18373943807095855,0.96752218034382609,0.246427793150747,0.056339802143614344,-0.0082415474161341273,-0.19200633141748433,0.98135908086275281,-2.4545401168955272,-5.6530840183812323,-2.080576905339671,,0.07713393004543662,0.2783505154639175,0,1
-0.97293514068459597,-0.19855702578962975,-0.1182045664541847,0.20230476299377573,-0.9791084987006976,-0.020477564359504128,-0.11166913132588477,-0.043836688762287863,0.99277809697196695,-9.5158954848658581,5.3117728124920145,-3.0285979259056948,,0.2688926157255188,0.8159457167090755,1,5
-0.93618299200998734,0.33684875786271123,-0.10047049217346055,-0.33973306110970697,-0.94043733257188211,0.012612323105273158,-0.090237756290018928,0.04594059023817991,0.99486009544473697,0.028964935524347958,12.273661855686328,-2.6038551895620672,,0.08717387041091328,0.4848484848484849,0,3
-0.96513107362372441,-0.18713247337758809,-0.18303947151776834,0.23483612858940089,-0.92789048758912873,-0.2896053102944619,-0.1156460264559919,-0.32249136492190839,0.93948140807348868,-11.150820423265118,-10.599837874548518,-2.6768545912023387,,0.3742272318658185,0.2307692307692308,0,1
0.69863596448064813,-0.69833904784294643,-0.15566105290663992,0.71379379843590174,0.69521266197359988,0.084721708823833786,0.049053057485175008,-0.17029952697934997,0.98417065017301131,-3.9469847694568863,17.271876232104702,-3.0403050340643238,,0.1006185434098829,0.3902439024390244,1,5
-0.66244373268084056,-0.72608689399535198,-0.18429900542341102,0.74277571834856004,-0.66858244864718963,-0.035801418864465438,-0.097224139305299481,-0.16060925169214596,0.98221796715761278,-15.740514414516026,-22.699589544345073,-2.8600253138499103,0.5968672335299575,0.4680520309662415,0.5681818181818182,1,5
0.17763756129549826,-0.96479314344701306,-0.19395640534568501,0.98344722336738688,0.1668830591917512,0.070580474678057004,-0.035727519756701652,-0.20328363168842195,0.97846783770321266,-7.7085381045648997,25.333796144437734,-3.6046479890542615,,0.2266705616358939,0.6862745098039216,1,3
0.99393922381611155,0.0067555719631880937,-0.1097232045069665,0.0025193270825557223,0.99644804560611144,0.084172117704220159,0.10990210348705116,-0.083938397978590082,0.99039177752741403,9.7192662846578912,-7.9905727614411592,-1.2658249101307195,0.5639989899438074,0.4770234413257716,0.9285714285714286,1,5
0.90657779115236403,-0.38976436579183504,-0.1618655236552532,0.41363016436997513,0.89674611266932902,0.15734197321666682,0.083825984709803555,-0.20959520168967463,0.974188408736265,-11.318313586865187,-15.060231227673896,-2.562585079029938,,0.1031645730901385,0.5,0,5
-0.34603354053669449,-0.91193964152497498,-0.22051503132199193,0.9348540029134208,-0.35503018893336163,0.0012482718831059818,-0.079427841846498301,-0.20571741579467906,0.9753827775690761,15.391185878002965,-15.05231045347333,-0.8748062796018522,,0.2292258876853701,0.4285714285714285,0,8
0.10682606530728203,0.99219226579114561,-0.064363805630165069,-0.99301884197322232,0.10972352283965334,0.043293510158186839,0.050017709435011777,0.059289596388316115,0.99698694700732449,-0.69719610208021388,-13.909872099435608,-1.7991407967821842,0.1823114598052331,0.1465551417080871,0.6981132075471698,1,5
0.31370857712672739,-0.93880317927222401,-0.14225160535293421,0.94951864563319976,0.30999006550252323,0.048171577560149288,-0.0011270457028315121,-0.15018238870821085,0.98865766567092273,-7.2124377736250436,-10.419833744081938,-2.3898377647491049,,0.07521665571281008,0.2608695652173913,0,4
0.10122820035653117,0.99253757839486645,0.067985343469263701,-0.99377062978231712,0.097678828285295269,0.053654281160684152,0.046613161603091681,-0.072993163918736739,0.99624254636433673,11.613704744593459,-8.2149115610391039,-1.1948756300653867,0.9491903325731408,0.2853133555814632,0.3658536585365854,1,6
-0.99016467393292351,-0.099287669267443562,-0.098569149467498368,0.10296483844655435,-0.99413960292619152,-0.032934661641325323,-0.0947214893199122,-0.042759895055909304,0.99458505460107594,1.837406856939944,11.820391507013142,-2.441299051239771,,0.09514702534827421,0.3684210526315789,1,5
-0.33318314861818843,-0.91712200184405479,-0.21880636007763632,0.93649621412373585,-0.34882058084299522,0.03604224344107701,-0.10937929607005387,-0.19290265968593995,0.97510242204463338,5.5529530682831121,15.175391815847773,-2.3199188585889416,0.6217965097694343,0.3302923225318152,0.2111111111111111,1,5
0.74167302285328185,-0.65692701599781445,-0.13552867897195625,0.66876663413693915,0.73978729699475898,0.073932024660078949,0.051694450735311398,-0.14547044668040496,0.98801115019304253,17.965452252701358,10.996351862384838,-1.4705050234712431,,0.1226342806116702,0.4761904761904762,0,5
-0.98513645098369618,-0.121256711704622,-0.12166750926122621,0.13444580380474211,-0.9851512879394454,-0.10677670958851143,-0.10691351075773908,-0.12154731481128941,0.98681089955453005,12.306377732141996,-3.2694188249170182,-1.3334910330816678,,0.1223065070773598,0.2916666666666667,0,8
0.9811058163441464,-0.11230635677013914,-0.15753938988298863,0.12998409285883863,0.98574943165124884,0.10678105451298067,0.14330217283541405,-0.12524112834152185,0.98172254075802445,-9.5405724344661937,-11.434969391570837,-2.5303628467639347,,0.0941620281742761,0.25,0,4
-0.43072113952567248,-0.87554825782078183,-0.21884823095629508,0.89705546267233327,-0.44191124224390677,0.0024394401352058046,-0.098847341165215333,-0.19526828264068036,0.97575586133987779,-15.675777976447408,-14.262777798747543,-2.8709334865572615,0.4411032788822902,0.2792883447204444,0.4375,1,4
0.9789603394473626,-0.12896484065098968,-0.15812881984309218,0.15949866052373426,0.96697212947799283,0.19880914995022186,0.12726677131222766,-0.21984760787568294,0.96719708344840483,6.2963107368747284,18.432148529213414,-2.3456081293460707,,0.1991919871296436,0.2857142857142857,0,3
0.97994018920617809,-0.11265681394506381,-0.16439485347877369,0.14145190116897061,0.97425741357206586,0.17553874716299142,0.14038726877549798,-0.19527143767488414,0.97064951470350025,21.004784563376383,-12.098245012451411,-0.81113111325804366,,0.1751858911299855,0.4117647058823529,0,5
0.51597826016756498,-0.79621461238981817,-0.31592519059325386,0.85614055005121126,0.49144557064863048,0.15970162694177784,0.028103266579907915,-0.35287893406489018,0.93524684672056757,1.7367854930482975,8.3764998127444414,-2.3346785667361947,,0.09305276633615946,0.163265306122449,0,5
-0.52954450419089738,-0.83593093413632469,-0.14422930158323544,0.84337605945937844,-0.53707597758525638,0.016316146346835637,-0.09110126460147025,-0.1129994144003062,0.98940976947531711,-20.824272354264934,6.4118756470514287,-4.062147791901852,,0.3877508862723704,0.871900826446281,1,3
0.97329671204028834,-0.19838721362621056,-0.11548170331785405,0.20610439877928846,0.97674230185696465,0.059122352515664951,0.10106674594243445,-0.081344878343918015,0.99154854829797445,-11.483721253680708,9.1043496814560267,-3.3212316657916441,,0.100311463463389,0.5045045045045045,1,5
0.29134353879525127,-0.94214106180564283,-0.16579855868491572,0.95657400749876897,0.28524955596671958,0.059990490900921588,-0.0092255395508417173,-0.17607643363188852,0.98433326619568751,5.4494351880599794,-9.6124963255655427,-1.3889904060171072,0.5429470720902851,0.4678121032466979,0.921875,1,5
0.93508912144212941,-0.31875011291005872,-0.15494095804664304,0.3426087129269843,0.92487468187303679,0.16500331104788249,0.090706145255446374,-0.20737692337884095,0.9740468196461729,-13.912006473331004,-9.8562055987502877,-2.9025022147442829,,0.1310535547603433,0.25,0,1
0.39074845541157877,-0.86797804964299252,-0.30647960769260602,0.92045533976291405,0.37162378255888906,0.1210691196736931,0.0088097727215244587,-0.32940836293963727,0.94414644961998562,-18.750681682013585,-13.945915128660832,-3.1859020339851498,,0.5302525764356836,0.1739130434782609,0,1
-0.5844293456416656,-0.79844554030448911,-0.14466187860223739,0.80594657423835581,-0.59188853977257161,0.010866276241330627,-0.094299837891242286,-0.1102391747690756,0.98942147991638019,-6.6071928627402956,6.4137270350163833,-2.8581608014947255,,0.07434264829271689,0.2425531914893617,0,5
0.70399494295340459,-0.6949486971335076,-0.14641526098215868,0.70810348881341256,0.70268146848005375,0.069485271712705382,0.054594591548121213,-0.15259443701248068,0.9867797973036021,17.785923488400968,-17.614877031221837,-0.65602263802284377,0.4565316007746026,0.5819032295615455,0.6428571428571429,1,5
0.94392114908602709,0.31267797333412911,-0.10604409130063161,-0.3080092959319255,0.94959601637175861,0.058289615802532967,0.1189249255944038,-0.022358235228861566,0.99265148536121006,2.9974577573582346,7.6903250744631073,-2.2273877771722352,,0.134937241495548,0.5217391304347826,1,5
-0.64594939224819181,0.76254554599787616,-0.035688554649827516,-0.76129397045780833,-0.64693368400737195,-0.04368408224097764,-0.056399230480373728,-0.0010482249052118412,0.99840774637708563,11.014650530546211,12.195118420181078,-1.8054912829971612,,0.1172472819360557,0.3414634146341464,0,3
0.98067285641427371,-0.17253194538298008,-0.092268502288881851,0.18008101755744382,0.98031972470670947,0.080895392121161508,0.076495593387754066,-0.095947721042895381,0.99244267291311572,9.0771684775184305,18.372403238296588,-2.1577642503162964,,0.3416655799624129,0.65625,1,5
-0.94497518568098127,0.31077794069781156,-0.10217127787603908,-0.31253498891223586,-0.94990542018904156,0.0012543528647967197,-0.096663225441860248,0.033117431529457571,0.99476603107266792,-2.3128751879161462,10.767644700659879,-2.7053487015483189,,0.09943390308211053,0.3333333333333333,0,3
0.45216921870980031,-0.87876992819302457,-0.15266437356173571,0.89177188287677012,0.44866128432772195,0.058702307074088009,0.016908771741034275,-0.16268517218550466,0.98653313587997848,3.371882697539248,15.40582682751139,-2.5103238806520221,,0.119285867831797,0.3414634146341464,1,5
-0.10727703388666336,0.99314841907202422,0.046344964076155785,-0.9938395677520333,-0.10842326175732202,0.022963228874792765,0.027830766624952194,-0.043596031982781731,0.99866152144979792,24.904845230502399,-16.705249848603355,-0.42891042243359412,0.8488148126276532,0.4165651472619538,0.5142857142857142,1,5
0.27267365734358395,0.95921261701114036,-0.074566962909266621,-0.95983214727106125,0.27653687087189599,0.047430033875200645,0.066116001511707587,0.058638847320001963,0.99608742584628773,-14.130438866897434,-1.5014618972159126,-3.2020997619360787,,0.2166554995625511,0.8,1,1
-0.34114309977138835,0.9351227239326364,0.095743807440352061,-0.9400078186923384,-0.33908747711599951,-0.03748311166883779,-0.0025857833708057432,-0.10278703248908903,0.99470002497056687,11.913148995243152,17.920315570269651,-1.9549746225436209,,0.3113664403436252,0.4444444444444444,0,1
0.97823936681620105,-0.17462547272329482,-0.11204323043898534,0.18489029848700891,0.97873456453363228,0.088849477840587068,0.094145200283511352,-0.10763176326403871,0.98972323646575588,-12.871985533440004,-8.0544902569874637,-2.9082908326929866,,0.1212396359417944,0.2941176470588235,0,2
-0.45651982812634284,0.88966889475633049,-0.0088828053307510816,-0.88955811505832816,-0.45660391119622246,-0.01411482249929513,-0.016613442189045289,0.001458075225041002,0.99986092410658267,-4.7698682715766507,-11.623241137785778,-2.1399012560545327,,0.07218234855593209,0.2121212121212121,0,5
-0.99247258594885901,0.051552476913033787,-0.1110878403071888,-0.05265279817027662,-0.99858839937187027,0.0069922446156853151,-0.11057056111291319,0.01278869673018251,0.9937859931852121,2.3505724144884748,9.994547160105272,-2.3634396133670159,,0.06842126173418941,0.2280701754385965,0,5
0.99397136389350416,0.064329540321321307,-0.088784221580946204,-0.043068199158420153,0.97377592566539517,0.22339556131613972,0.10082687132375828,-0.2182250142319849,0.97067594241462052,-2.1124285781089731,-12.114629330055701,-1.9330188170933063,,0.377056365342365,0.2,0,4
-0.35943603121430517,0.93015513688794627,-0.0749477203514297,-0.93313717957579134,-0.35893317375441564,0.020542173008733167,-0.0077938153844829992,0.077320101523144863,0.99697585644899345,-9.6751447888229904,-13.266815368739007,-2.5053922867340557,,0.07184762098855338,0.4583333333333333,0,5
-0.99151085350030344,-0.069335826541210926,-0.1099944114441605,0.069478596374343227,-0.99758021159812871,0.0025389119094111168,-0.10990428579883157,-0.0051248986018999684,0.99392896294321209,-11.087892519591959,7.7347620175178244,-3.2265917695067627,,0.2879795983501765,0.8997867803837953,1,5
0.98989070151431569,0.086433291146099836,-0.11245303569557193,-0.079458752107759059,0.99471021247766123,0.06509915441942149,0.11748491719779912,-0.055505669749130467,0.99152227148800165,-13.011139448119881,11.284589138553446,-3.5466731966130967,,0.1720121985248027,0.4461538461538462,1,4
0.88376134796501715,0.45835408603655375,-0.094220017282162061,-0.45363063474658888,0.88860268372125628,0.067856596604803698,0.11482650853553827,-0.017227951038237946,0.9932361605582839,6.3521348381584222,16.77866699230178,-2.2857869967042985,,0.07038142879660991,0.2352941176470588,0,1
-0.20750175616214714,0.97822886141522214,0.0033639090211945283,-0.97810660536124994,-0.20752900546355932,0.015465459579257084,0.015826867609118167,-8.1151610914139883e-05,0.99987474399351606,-3.5737425110701464,15.010652352662094,-2.9346369647647532,,0.3076302497193147,0.425,0,5
0.16379440083296851,-0.97028836068798552,-0.17807832930817349,0.98631566649092461,0.1576373278930466,0.048289531881169759,-0.018782978739571951,-0.18355100100016225,0.98283072283150907,-17.438321891299459,-10.790227525176109,-3.1541953816260393,,0.0934252396174102,0.2380952380952381,0,1
-0.5396948366175125,-0.82664933270838092,-0.1593121591755787,0.83733744515131359,-0.54668637990505209,7.0525028762570281e-05,-0.087152087042520324,-0.13335997435174302,0.98722825676995041,-0.3993362452204719,-20.930029133583407,-1.8871837257304078,,0.09372031694560334,0.3636363636363636,0,3
0.81487668277868508,-0.56301147012420127,-0.1378189985894262,0.57599510793763609,0.8131400732873334,0.083862129988339792,0.064850809520910838,-0.14772036326402666,0.98690073805911527,5.8704966096904583,11.759129311865173,-2.1515139700540336,,0.08233868178356446,0.1891891891891892,0,5
-0.13769647852901809,-0.94199501184082635,-0.30608018143569754,0.98913942480369266,-0.14681968008975488,0.0068687580655059722,-0.051408930155451289,-0.3018101708116277,0.95198095710729858,4.631200336446553,20.971147670479212,-2.5254221642538996,,0.3560981763007265,0.2142857142857143,0,4
0.2847986563109921,-0.93988647226665845,-0.18842278156738998,0.95857341527944873,0.27817830243995728,0.061268585515906686,-0.0051703851838822076,-0.19806628007251159,0.98017499244537476,-0.80826597223490793,12.599254797435389,-2.6761304902925445,,0.1430666533746698,0.4271844660194175,0,3
-0.14840393973889979,0.98890783824965889,0.0061284678638707964,-0.98890702295266952,-0.14843733776268891,0.0054089474773623024,0.0062586440113214636,-0.0052577757950402985,0.9999665920263674,14.778332986780617,5.2662100379018897,-1.4691650212801604,,0.1618706302477704,0.1923076923076923,0,5
-0.34270132409939758,-0.92430657606807598,-0.16796772278574743,0.93687582580028017,-0.34946974575624379,0.011601027200611074,-0.069422543107859822,-0.15338921161012709,0.98572423134975262,-8.1920471144881546,-5.3906286249962978,-2.596842565901571,,0.09849248323366548,0.2837837837837838,0,5
-0.98470187779597596,-0.13393822809096101,-0.11145744892528556,0.13833161487071832,-0.98984828972838923,-0.032630164710618949,-0.10595553875252665,-0.047549073362543832,0.9932333610134253,-15.180778391366989,-6.5728383178152869,-3.1267290124403013,,0.1700434760551351,0.3076923076923077,0,2
0.41800542690542863,0.90646488389978019,0.059940615063308444,-0.90175772238410468,0.40603348003979017,0.14822220888722637,0.11002033084044804,-0.11600960022056217,0.98713590728856726,18.599956593374145,-6.1893736214908959,-1.0659036278610432,,0.6472828886172955,0.15,0,4
-0.99282541999554896,0.051522752550487189,-0.10790315741572833,-0.051316104666478957,-0.99867143496735855,-0.0046928010927405834,-0.10800158708334408,0.00087803750393331318,0.994150333821611,-11.255509592488558,20.206464621278837,-3.7245974750585344,,0.1058744120155398,0.3103448275862069,0,1
-0.94040391585684868,0.33763967653243515,-0.040495973530438566,-0.33294193071844014,-0.93840594568739766,-0.092433499706644634,-0.069210879279075446,-0.073442017466934476,0.99489503177963645,3.6671936005533907,16.878876091259112,-2.5033494384493813,,0.4291643944465015,0.7625,0,4
-0.79834155001358575,-0.5825027327121266,-0.15277871548357388,0.59207364380378269,-0.8055711532724148,-0.02244810299921288,-0.10999804468633589,-0.10837750411527722,0.98800543863226098,-17.071157614716491,-6.0964489148369863,-3.2571441241835348,,0.09208478517017681,0.4074074074074074,0,2
-0.13976396693130674,0.98653486753859576,-0.084941089457523558,-0.99000605486237658,-0.13759353022473367,0.030919763519944334,0.018816080448877382,0.08841366167568035,0.99590610980435323,16.800523624378815,13.524664607761945,-1.5824243142185481,,0.1015092386344527,0.3928571428571428,0,2
0.92670069162864288,-0.35346401354595613,-0.12762844221794625,0.36609735779294778,0.92579163690350008,0.094247385409678683,0.08484428532327859,-0.13406355271856046,0.987333991656552,1.1132361557926125,16.715182981937605,-2.7011687068856003,,0.1134133097489175,0.3,1,5
-0.68947598650572905,-0.71096108458223195,-0.1384095381164426,0.71692302909328209,-0.69708887632771332,0.0094057884240524321,-0.10317089893794412,-0.092743920069304445,0.99033041501435959,-2.5077807381507133,-6.4789473400465365,-2.0881872533216441,,0.07037814557143476,0.1090909090909091,0,1
0.0063409049421252256,0.998838639464525,-0.047761545590274811,-0.99927092717529475,0.0081273989789842228,0.037303612265614398,0.037648466459363539,0.047490185285944848,0.99816194842057804,-9.4931694889734768,13.839608706895035,-3.3228749787493101,,0.09227061291917413,0.2777777777777778,0,5
0.86012398509195409,-0.47322344217007833,-0.19038462135960033,0.50453473095298629,0.84419449058991813,0.1810534929788041,0.075042891280476462,-0.25178410561099929,0.96486959151479912,11.421838587756257,-6.723114417210712,-1.2301825677656941,0.3995808203828554,0.1464095985494962,0.125,1,2
-0.33565213789398651,-0.90160590394867135,-0.27284507745622605,0.94192173076893626,-0.324625512635211,-0.086033305478612071,-0.011004336983485035,-0.28587597050333569,0.95820344084976439,-1.5814021728502359,-16.843304336712972,-1.890145418289829,,0.4482461190297669,0.25,0,3
0.75745161127716432,-0.62661737863387512,-0.18335134951136686,0.65019114419554602,0.74947766578286068,0.12463829468651241,0.059317219956057807,-0.21362090086572982,0.97511413595024843,14.464056568217801,17.165632618753236,-1.7399670540044647,0.2285383574032452,0.1362047872804178,0.4,1,5
-0.5280578833109435,0.84645693871328131,-0.068304632180456737,-0.84883876606888775,-0.52849073301896232,0.013049687035661095,-0.025052366990268103,0.064870609810769544,0.99757916121527157,5.4405674644224051,3.3716730301279143,-1.8219046989984371,,0.07642039766070217,0.3846153846153846,0,5
0.43850873881581187,0.89564453772786057,-0.074370343688966348,-0.89524159689722271,0.44259074428623052,0.051535582436535644,0.079073188674029307,0.043980621987521923,0.99589815529627013,13.336140088510877,-12.339712175176759,-1.0750710474101519,,0.09647956875144355,0.3157894736842105,0,5
0.59918299588189117,0.80050581296345125,0.01304533854393997,-0.79689952762362604,0.59475793764070906,0.10589682944551412,0.07701220889731461,-0.07384740364491281,0.99429154711063594,-11.345823625942574,14.637090067107547,-3.5016176673575776,,0.1539257736523395,0.4074074074074074,0,4
0.77805846093809172,-0.61175944432419871,-0.14274247315636357,0.62531082179058839,0.77596810010766049,0.082824415282488836,0.060094987430120095,-0.15370065027661739,0.98628834657534004,-0.73013579950009166,-7.4725739836691014,-1.9232050735602024,,0.07107194457180777,0.2361111111111111,0,2
-0.79019327202911915,-0.57838216449041846,-0.20265405162318895,0.60289528552268978,-0.79299952815945707,-0.087572958345562307,-0.11005393011805541,-0.19137873481204196,0.97532677207555074,1.2066698267401974,-19.608626967826321,-1.7086431963196262,,0.3470119106433445,0.3636363636363636,0,1
0.67404663969766054,0.73844744053070133,0.018881342270840585,-0.7269521424994998,0.65858200362035391,0.19444877737539687,0.13115528974341406,-0.14479337720025859,0.9807309355227174,-6.5061797784952082,-6.8810516337851491,-2.3960851099106986,0.6578097240933609,0.4769450472036402,0.1975308641975309,1,5
-0.61942782428023402,-0.76507912172832826,-0.17596337119658223,0.77893143100443396,-0.62689762581237152,-0.016284733470247861,-0.097851910052081242,-0.14715061755297729,0.98426200752286341,-1.5047995796282054,9.0535879532148655,-2.559582006771624,,0.07447807005610213,0.2604166666666667,0,4
0.56594380207492567,-0.79999502961110303,-0.1992876451025215,0.82417850318047881,0.55511606440027961,0.11214254295284402,0.020914296262686587,-0.22771497017604181,0.97350320213626484,11.9962876753898,-5.7690661160321701,-1.2685879600555046,0.2979630867201771,0.1337792640147362,0.28125,1,5
-0.22046757759233787,0.97255570876970809,-0.074360208243504936,-0.97522120927305977,-0.21835078724120288,0.035588294355552594,0.018374988831480348,0.080363717252239189,0.99659622352026034,1.2777945309372927,6.1656180890505929,-2.214691510989903,0.05849235751299648,0.1001891563812093,0.3636363636363636,1,5
0.93044551846795598,-0.31923951790413474,-0.17988125908841082,0.35558877704295339,0.90516274659720042,0.23288843641045959,0.08847462237270573,-0.28065375889331634,0.95572261081082455,21.695970355950742,16.113650643094335,-1.4674588725495137,0.8469052096714704,0.3161956048773529,0.6538461538461539,1,3
0.96142288395058007,0.27373472689338924,-0.027117107307968021,-0.26531892665256146,0.94882963541523635,0.1712547521026003,0.072607887836535476,-0.15745355585185122,0.98485352838557949,20.972799077987222,-6.2891738806402762,-1.0120740072891021,,0.3220573350152936,0.5370370370370371,0,2
-0.84733593809330066,0.52541443972029067,-0.07721058573121807,-0.52478849126756866,-0.85070986887555977,-0.029828818797183219,-0.081356299379049812,0.015244196638044884,0.99656849589990815,-14.81884457967122,-15.421920382852431,-2.7897611262757294,0.3795626530264689,0.3030953727484634,0.7555555555555555,1,5
-0.86649517614030969,0.49834194379734964,-0.029007184935020056,-0.49350667670063797,-0.8639304495280451,-0.10037598532598978,-0.075081753958382944,-0.072660067647578153,0.99452664358074572,-8.9759594398173554,8.4922195530286029,-3.1168375349023019,,0.2081433890378282,0.1973684210526316,1,5
0.17447589517243145,0.98407134528352291,-0.034084445068904179,-0.98364373124253912,0.1757645170043792,0.039393458206556854,0.044756809437594892,0.026653741840381457,0.99864228132743926,22.139761448997479,2.1708800512273161,-1.0213491834559465,0.5578890170581058,0.4092293573139822,0.4642857142857143,1,5
-0.33879953858148509,0.94020437713663074,0.035079935434580795,-0.94085856751281194,-0.33855725500978701,-0.012811753118865846,-0.00016909971449934728,-0.037345873846513195,0.99930238522277537,-8.2833397157631641,11.577740305217466,-3.1536061030497784,0.1550339601439783,0.0931790478685058,0.2626262626262627,1,5
-0.44589416722733438,-0.87906640922415202,-0.16858422170060561,0.89071762909003449,-0.45436140441007367,0.013334894477800141,-0.088320421539249072,-0.14421498658690901,0.98559704787649804,7.7095156347688922,-7.214174376920603,-1.3324658010441743,,0.1088583160079141,0.4067796610169492,0,5
-0.81734219087773718,-0.55325799977545365,-0.16080214145229968,0.56667883744127356,-0.82236229236158465,-0.050944629726853957,-0.10405209371938458,-0.13276236585065834,0.98567099785189405,-1.7116610999808328,-13.499888581384621,-1.8896197033297877,,0.08916839667724329,0.1818181818181818,0,5
-0.23558877645850998,-0.95035526172084983,-0.20328011443886354,0.96816657159869179,-0.24770445887854664,0.035999870701456889,-0.08456605729024752,-0.18832784597924337,0.97845858593156654,-8.2015095684169079,-28.893837225917789,-2.4664317865989029,,0.3262410006936504,0.625,0,4
