axis_00,axis_01,axis_02,axis_10,axis_11,axis_12,axis_20,axis_21,axis_22,location_x,location_y,location_z,dbh,dbh_approximation,score,reconstructed,number_clusters
-0.9658995141492458,-0.06037579547786856,-0.25177945088244308,0.10740701943895185,-0.97824851987110617,-0.17746426554444672,-0.23558832895856821,-0.19845552824349319,0.9513745542992541,-23.167554785183651,-18.842302709054124,-4.6835050893296382,,0.3406321145808918,0.2173913043478261,0,1
-0.54046133560914089,0.8298799479382748,-0.13856701166420782,-0.84136619904867527,-0.53349320879048334,0.086532741045327752,-0.0021127730515937493,0.16335320071672579,0.98656538962485008,5.7371153552743674,12.026384260373998,-1.2134341148555337,0.7222660833431289,0.509190816371086,0.3461538461538461,1,5
0.76403114819221296,-0.50648188364290359,-0.39966549279819641,0.63777708705568714,0.6864693848064779,0.34928522864584255,0.097451484436367058,-0.52176228808237202,0.84750653266874376,13.664139762781,5.7053570091178276,1.1281865410978484,,0.6087778495157745,0.2,0,1
0.68984113215112597,0.71719727176113413,-0.098728343300381161,-0.68206125046340271,0.68956518382636822,0.24350011883119518,0.24271724909604536,-0.10063762036580724,0.96486289510912127,-12.437497160619074,-22.400615045381759,-1.8319800001615407,,0.1222605659771445,0.2083333333333333,0,1
0.95127731780257252,0.25037631433333862,-0.17995323241107486,-0.18938717754321935,0.93501982702592268,0.29978395562575505,0.24331864214760476,-0.25109684245180153,0.93688121664071078,-0.69919953645847099,18.992547215864359,-3.302258434517571,,0.2539594954787233,0.3125,0,3
0.07160916390466289,-0.9538702108872783,-0.29155402317021034,0.99033676703117823,0.033189459881502403,0.13465343522914305,-0.11876538010342072,-0.29837908863496881,0.94702941029001642,-7.2234735884848149,21.712178163196082,-5.0321055325406165,0.4380941778651633,0.3022239095300254,0.8493150684931506,1,5
-0.30027733591375311,-0.8608705835612529,-0.41077409837457834,0.93514243142761078,-0.35056717023223694,0.051100803310896462,-0.1879950916385745,-0.36878787604023894,0.91030398659213518,-17.097493740149066,16.445694013853061,-6.7556864002642563,,0.1716701715140301,0.2,0,3
-0.94160606385909362,-0.23646779362456216,-0.239710248179164,0.2684389451603908,-0.95694300243130448,-0.11045642950475085,-0.20326965642948677,-0.16835400997924807,0.96454049894182581,-2.566742298218279,23.569397862179908,-4.1696775696956756,,0.2944949123712459,0.4,0,2
-0.77682827264536658,-0.58492575727585494,-0.23323741829750413,0.57823162086252544,-0.80926341833393212,0.10363837311139855,-0.24937126428984166,-0.054356032064052921,0.96688127209328978,-5.2894620783905069,-9.4576491854574236,-1.4777555622980794,0.3967389036345857,0.3447139685997239,0.9201101928374655,1,5
-0.77121863159961734,0.60234117020853595,-0.20592944652337858,-0.62892757698447077,-0.77096610073984762,0.10030640267918023,-0.098345946444458085,0.20687287444661917,0.97341239391952317,-11.574045764657921,-23.290859941341189,-1.5824379068166348,0.314574728272654,0.4234901075684874,0.9195402298850575,1,5
-0.092888664231097137,0.97905352567554049,-0.18117916524715169,-0.9908259411510637,-0.072953330284504833,0.11376188264312169,0.098161348806289073,0.19008420624210773,0.97684816841607269,-7.6041618401355615,-24.320325798805889,-0.64867160815376068,,0.08186868045435694,0.2,0,4
0.33894855142861596,-0.87402943475551398,-0.34811840897229129,0.94016758520669019,0.30106012738280824,0.15952338833810062,-0.034623564389935885,-0.38135986532565785,0.92377803714297724,16.276407192775359,14.080262500884809,0.78119256008243687,,0.08876944088259997,0.3076923076923077,0,2
-0.96719331290265498,0.075960065839423399,-0.24241939665393164,-0.057659245188543644,-0.99498570760244476,-0.081724250447150829,-0.24741161436091311,-0.06506542910433831,0.96672332288757468,14.196116320590027,10.16921536284968,0.76952901752798364,,0.630937474490463,0.4285714285714285,0,4
-0.55813072890543169,-0.77726670469512282,-0.29042479099394253,0.79934482658808614,-0.59755270350011469,0.063076261355331661,-0.2225711968300331,-0.19694475446705337,0.95481664524114673,11.143939564187674,8.0609025089558681,0.35009014024428353,0.1683367747806176,0.1596787790830954,0.7192982456140351,1,5
-0.97372081340187611,-0.022350505049407703,-0.22664560986708626,0.045058404656809645,-0.99440735999232077,-0.095518283919281757,-0.22324318067473023,-0.10322043071571498,0.96928222152533583,-31.673434373247524,11.375282171662215,-9.9207182400782123,,0.1247427337410073,0.3333333333333333,0,2
0.15587465911428589,0.98560433674772741,-0.065476576193926397,-0.97551553560348703,0.16401308824679611,0.1465235362663361,0.15515324824910615,0.041034111027565878,0.98703782667632844,-20.642892113351117,-20.758618445044419,-3.8589766536469461,,0.5004798800270164,0.7708333333333334,0,3
0.96400608849708069,0.11703375369158982,-0.23873701396602853,-0.046031925459782991,0.95781726021768376,0.2836673366243565,0.26186508583433643,-0.26246751518225508,0.92872895954364909,-0.22456359838793691,22.599796408892654,-3.5368442418917665,,0.3418475223570591,0.5370370370370371,0,3
0.95699390504965665,0.20934381492652282,-0.20084280631831952,-0.16711325733478657,0.96370103219327741,0.2082149845053643,0.23714093893877877,-0.16569697553552834,0.95724014091429133,3.3634950848313259,14.374652478027249,-1.9708468498356975,,0.07366462349223941,0.3636363636363636,0,5
-0.22721625783122643,0.97013633343082561,-0.084901511968677332,-0.97146960345527855,-0.21971447600519425,0.089288065250665349,0.067967505027166086,0.10276693822021107,0.99238066016485083,-12.120444519683746,15.6887101935695,-5.5544963188050724,,0.1014191700197056,0.3333333333333333,0,4
-0.83966524060514591,-0.45863939862361297,-0.29088173842590204,0.48085881320664392,-0.87678003212852451,-0.0056193435740880468,-0.25246204760518398,-0.14459141499714412,0.95674251354694329,-9.0122042546349341,-22.562789514873597,-1.0844569895563481,,0.6610869079040254,0.3392857142857143,0,1
0.97213954541455305,0.12719713746691305,-0.19688979775857007,-0.076543729055329524,0.96617916622708755,0.24624962191044319,0.22155306764631286,-0.22431831616913295,0.94899711867189274,-8.636590822001688,9.6406131584715844,-4.1186382070546284,,0.4445666261247027,0.3333333333333333,0,4
-0.92148454553732628,-0.29540060411623953,-0.25219975302055636,0.30722264230158447,-0.95160474573248566,-0.0079155515692869681,-0.23765622313144127,-0.084775532951283997,0.96764282078653696,2.3511439344444178,19.371390550947741,-2.6909414008500767,0.4106877327501265,0.2972682619453147,0.3333333333333333,1,6
-0.94186388689566014,0.28159146148545117,-0.18329939274391152,-0.29331449223971123,-0.9551885364655528,0.03976768093509879,-0.16388723929567983,0.091220110848886427,0.98225244421826563,4.2199120024194103,12.091725822557541,-1.534203015417833,,0.1304176738011884,0.2083333333333333,0,5
-0.82910367071046753,0.54297568005098584,-0.13328358521438161,-0.54558636138601513,-0.83783193716476934,-0.019317539602655875,-0.12215819859509479,0.056701463295940446,0.99088966014188562,-1.4419174499100647,-33.195761136194356,1.515756372412592,,0.20719759384637,0.6,0,2
-0.79879372215431244,0.57054632891161661,-0.19080219079543193,-0.5915007828456943,-0.80271449046540189,0.076001780833090685,-0.10979714631897235,0.17356939062619228,0.97868189586701881,0.66383479040488702,16.870010995402382,-2.8069326969334587,,0.08144889834964643,0.2,0,4
-0.96289633032292166,-0.11686801670199511,-0.24325403125702075,0.14152736608849928,-0.98615337367723288,-0.086438002250530735,-0.22978394569399604,-0.11765793750169619,0.96610348723319706,8.0048318849672846,7.5416548685230342,-0.23381048167924318,,0.4644013967063801,0.131578947368421,0,2
0.79171743229301828,0.59493329695547936,-0.13870068340506936,-0.54419847665901688,0.79002315492974107,0.28233213185336142,0.27754553753457362,-0.14804656986415385,0.94923689758990204,-3.4871556957442493,14.305138429805629,-3.4398828741087502,,0.2555191534237767,0.2222222222222222,0,5
-0.93839063177879412,-0.17271165440950015,-0.29932207840539893,0.22297992092247593,-0.96433300878496919,-0.14262469292914934,-0.26401321378900861,-0.20058048907822792,0.94343229240149329,11.976600838560417,10.933349850334734,0.20758813277611898,0.4601267065453388,0.4313830523558326,0.25,1,5
-0.95195145091428435,0.22202929698645718,-0.21092990869454206,-0.24032020655462291,-0.96850670843152364,0.065122607784689035,-0.18982790475515351,0.11268428019397674,0.97532949282456993,1.050362370278858,-32.656625857628931,1.9893037796864341,0.5003127617299641,0.391952256986479,0.8888888888888888,1,5
-0.70426341317371577,-0.66867217616833952,-0.23851743266101716,0.66663959787363758,-0.73840675442570192,0.10172075287459122,-0.24414072051130767,-0.087366960784933334,0.96579621181252351,-4.9644096654290459,18.651962206557606,-4.1928893474757709,,0.1299287560408982,0.6190476190476191,0,1
-0.84656402770444317,-0.39361431985804618,-0.35832543057884925,0.46851958082820994,-0.87051156239540395,-0.15066194647777104,-0.25262373082786271,-0.29542746476690357,0.92135979057261364,-5.9144776691348584,20.683623555061335,-4.6095132308891928,0.7811554021296468,0.3074347317755412,0.3478260869565217,1,3
-0.85391527306071702,-0.43920185109379745,-0.27916024149119445,0.47800069240100296,-0.87403809863515514,-0.087021492738311501,-0.20577668599188245,-0.20774777045740864,0.95629327058814606,-12.646314082618675,23.533409852975218,-6.3724531088361624,,0.3636171782126104,0.2368421052631579,0,4
-0.025623837433860368,0.98989383470317904,-0.13947621650947872,-0.99201439193476715,-0.007943009224285277,0.12587436116524317,0.12349439319037223,0.14158779827760162,0.982192460890147,-1.4640752061908835,-29.461746570011989,1.1168977431601523,,0.09650709068239703,0.5,0,4
0.42557287858831316,-0.87018564732276082,-0.24832370850066804,0.90482986612311944,0.40523196639521425,0.13065208296497324,-0.013062862690664589,-0.28029269095881865,0.95982569720412725,5.2792270723717438,6.8540902192553403,-0.72615891152392109,0.1826570521513355,0.1181868144392973,0.4246575342465753,1,4
0.55481996957257274,0.81562647182159287,-0.16409832365794882,-0.80040515238600818,0.57709902450571315,0.162198359882228,0.2269942585120158,0.041354254659150082,0.97301769368504554,-12.738946466251937,13.143395547054268,-5.4843595321474581,,0.07588178427190384,0.1739130434782609,0,4
-0.97050754471972123,0.10847108021243849,-0.21528848180904925,-0.10911962935546257,-0.99398871684352941,-0.0089071475277451382,-0.21496048969851433,0.014847745461895408,0.97650987313148752,-10.715338657681507,-19.647496568217569,-1.7622074292677983,0.4628314617368227,0.4008394536548341,0.1538461538461539,1,3
-0.96894626842120435,-0.0769257769519677,-0.23500117819483546,0.074733733247448544,-0.99703681671933686,0.018233354630239864,-0.23570744160404417,0.00010462556572245866,0.97182405353333801,3.2120158872829325,9.6080108072174983,-1.5274078430311846,0.5235992687982803,0.145189501374483,0.2982456140350877,1,5
0.32761637358087892,-0.83766182462813499,-0.43702423196245915,0.94442044217949606,0.27704645122675781,0.17696127332313319,-0.027157690535075128,-0.47071002902351994,0.881869904476549,-13.412615636046416,-22.219297532120869,-2.1001185541887972,,0.6046339101968933,0.9,0,6
-0.88483442086067354,-0.40324219381950371,-0.23337476466788243,0.39471003725482451,-0.91492623844635201,0.084344322231574648,-0.24753188511876761,-0.017484602541734388,0.968721969671126,-4.642307599854484,16.893321054515454,-3.9647607623983245,0.2486392424007581,0.1797085231991337,0.6307692307692307,1,5
0.034408375277349301,0.98690340474447669,-0.1575999156552243,-0.99057910810283012,0.054592090193959851,0.12558954685186913,0.13254846019843597,0.15179385162784187,0.97948431958199789,-3.5604074480942618,-23.66998827707701,0.18998052780260433,,0.1146344693825184,0.2758620689655172,0,5
0.0027253985935078513,0.98577571835057898,-0.16804405765425423,-0.99238242479716443,0.023363539201368553,0.12095977839631868,0.12316531636872008,0.16643430579777094,0.97833017263979283,-12.630125446040122,14.892404089868812,-5.5608203373732543,,0.07801331499233818,0.3142857142857143,0,4
0.19088777008349445,0.96931811180096938,-0.15486851638455962,-0.96839322823389151,0.21176319259659757,0.13179873205778217,0.16055034955830405,0.12481485647109497,0.97910409909304663,-4.7909643382838665,-28.707850495877434,0.36158593914301324,,0.2480463062488008,0.9777777777777777,0,6
-0.50675436216590808,-0.76003878931418511,-0.40686736802507462,0.83314096276380201,-0.55304170949421749,-0.0045829820771317578,-0.22153138060064834,-0.34130031687289947,0.91347574741294002,3.6986795408789406,24.173361507593253,-2.8693796844954647,,0.4174221920101157,0.5,0,2
0.16795397186968641,0.97837330857414473,-0.12073579586385469,-0.97447328284388757,0.18328376408853392,0.12964907575835716,0.14897410632943592,0.095878730129369927,0.98418188601097811,5.4803140998791937,-24.717702745458421,2.1111579407071019,0.393382696888181,0.2087362404866072,0.4444444444444444,1,5
0.5420538091414514,-0.77311380808168795,-0.32935195118394855,0.84006963871073403,0.5085353933413812,0.18887762132011221,0.021463226962877707,-0.37906040873791846,0.92512298448140506,16.566395280648791,-24.765639520092037,4.4727767017048805,,0.3402985215939065,0.4285714285714285,0,1
-0.93731995861162376,0.28752504262997552,-0.19687723344494251,-0.30248402516112699,-0.95184153627031642,0.050011042309543445,-0.17301650126686277,0.10642856614271849,0.97915180161105686,-2.2339523621857356,6.9854160400210814,-2.3907155234639106,0.2469985614558255,0.1094210767101928,0.1212121212121212,1,4
0.019842416927319705,0.9925468530153716,-0.12023736133068434,-0.99177063014466105,0.034753809740426876,0.12322008720573596,0.12648041616371031,0.11680289926970713,0.98506841744583706,-3.1799769341769473,19.761393254850677,-3.9067685307256266,,0.09923553105922678,0.2916666666666667,0,5
0.76157609464194043,0.62967274648375871,-0.15334302855209522,-0.58632156605154051,0.77024465345721427,0.25089877441598524,0.27609576826311089,-0.1011701841264248,0.95579062591711272,-4.2575798359758004,-25.911279366718237,0.26325357234102581,0.4324381143234313,0.2665278996412948,0.5526315789473685,1,9
0.43140043431314645,-0.82348150170795287,-0.36847236208329615,0.90213703507992216,0.39081778290817892,0.18278465608453853,-0.0065142314693339325,-0.41126594425936924,0.91149212167786364,21.034952538341681,17.442320123779165,1.4319197442949538,,0.4294701309917422,0.3529411764705883,0,2
0.77549486137932655,0.62198277877696984,-0.10837501039971047,-0.59682993796115935,0.77819327530636861,0.19547186861854254,0.20591684032040036,-0.086905978924495322,0.97470282943040498,11.89888119837059,-25.334257761219924,3.511226821967437,,0.2637664789820526,0.2727272727272727,0,5
-0.65783869137171169,-0.69893359359732565,-0.28060664260755436,0.71463461406178252,-0.69688189392588917,0.060440005815971101,-0.23779323901053734,-0.16077144541054494,0.9579180120560854,-3.5675816410507033,11.612387836058659,-3.1419425342520335,0.1812549945681236,0.1246815425968199,0.2,1,5
0.9557224498440875,-0.1764699195928599,-0.23548453525211882,0.22435990891542634,0.95478350649084553,0.19506687828667471,0.19041331396590536,-0.23926308367973589,0.95210080698032495,-4.6206510626822714,-22.158124340028529,-0.18574106722388248,0.1505779216544534,0.1054409862374893,0.6111111111111112,1,5
-0.020118481387547842,0.98311784257399648,-0.18186410948647416,-0.99251571170107888,0.0022753481798400959,0.12209580179990068,0.12044836542335897,0.18295936817585995,0.97571412865835327,-1.6181907931442374,16.742713980311038,-3.2608386210935389,,0.0942778821235631,0.4,0,5
-0.72487653114741923,0.68778573167326029,-0.038791776169207502,-0.68523050814709308,-0.72568123303326126,-0.062015310430586404,-0.07080370962146601,-0.018372134606599557,0.99732106133072085,-20.546781624476012,11.334302198554161,-7.0787271834164764,0.6206518651149887,0.496163141820391,0.5230769230769231,1,5
-0.70624079149390084,-0.64688397771538841,-0.28768917915900966,0.66467146347166495,-0.74576665891619121,0.045209911473222682,-0.24379456531371504,-0.15928970407436296,0.95665615562719197,-25.837296794748109,10.40295762876317,-8.3138573917721388,,0.3340376017423573,0.421875,0,2
-0.19715232889444004,0.97406322694909919,-0.11104858899151401,-0.97753100683552197,-0.18669722840605812,0.097863555936963109,0.074592827313552754,0.12784746697140228,0.98898480033940184,-18.752687095183976,10.802729096711575,-6.6040434787123417,,0.07759474026723583,0.2424242424242424,0,3
-0.69430261309353203,0.69357260525076903,-0.19209612879273236,-0.71609618636492589,-0.69239405904596318,0.088299030976928164,-0.071764429386029671,0.19886555318484922,0.97739570207331128,-18.906931163186023,-20.386342481090871,-3.5403688459755061,,0.06988537849574869,0.2666666666666667,0,1
-0.97458924333940811,0.022741845088705168,-0.22284213077665965,0.00056231613643779454,-0.99458133228283596,-0.10395988300812498,-0.22399886287140663,-0.10144349144455579,0.96929547996256316,-2.9337639071917674,5.2861631287199282,-2.4124800929954122,,0.3792453780282989,0.3972602739726027,0,2
-0.61812863504082538,-0.71251224892334297,-0.33202904342356349,0.75039256495877837,-0.66066627434355052,0.020762283101787318,-0.23415377211813615,-0.2363183638213783,0.94304063641162084,-22.832147309185274,11.718831550183268,-7.6617314624963404,,0.08667668486041839,0.3125,0,3
-0.60348085744379765,0.78596873012251556,-0.13440241801581773,-0.79666195366170156,-0.60145165184153759,0.05988023117028158,-0.033772567074761554,0.14320986616391246,0.98911594262072944,18.734148497290402,2.9426326443729467,2.3647410417837746,,0.1462238743819887,0.3333333333333333,0,6
0.96382661727334074,0.061747401658248734,-0.25927882718009054,0.050187380117538767,0.91334693518011589,0.40407747137650019,0.26176225608816489,-0.4024731474092943,0.8772091466133316,17.660609746502349,-26.832216612605897,4.8880290653525256,,0.3995597653866026,0.4,0,4
-0.65427798960294703,-0.62347044113112993,-0.428024440139674,0.71765894535980057,-0.69037018170577136,-0.09140377648981747,-0.23850775766457988,-0.36697904742273202,0.89913315381344894,-8.9334040869405591,10.949448671381976,-4.2973101823517723,,0.2484831495831287,0.3676470588235294,0,2
-0.54490749569662777,-0.8022816297918467,-0.24376219483785255,0.80678978243990784,-0.58084592552980885,0.10820470297535795,-0.22839892312398294,-0.13770329441940579,0.96377992022133685,6.202841133605161,13.864658954312405,-1.2738179695635237,,0.1243912505933814,0.4615384615384616,1,5
-0.97339410058783393,0.033693733476325927,-0.2266465469960407,0.0014274069448188989,-0.98821881154117053,-0.15304098479025427,-0.22913290346481457,-0.1492927085981873,0.96187826657493447,20.985844082577113,2.0248340902341271,2.8682462584749855,0.2047884960645823,0.3482460393636543,0.46875,1,4
-0.58901173493228576,-0.76957739952621251,-0.24660860133120119,0.78397338955289353,-0.61819959626321141,0.056700825857743942,-0.19608901189257499,-0.15993712926795678,0.96745501915929843,7.0970351324829553,16.396149123685394,-1.3638240754999202,,0.1021760988403532,0.1428571428571428,1,3
-0.29135344934413365,0.94158756934350318,-0.1688964677341383,-0.95485715776642333,-0.27554946452443091,0.11099685068742822,0.057973923599349629,0.19361131645152568,0.97936391720565419,-7.5595485033694123,13.967504088100354,-4.3047424241705832,,0.07139929881565971,0.1944444444444444,0,4
-0.049823194759827251,-0.89416011666880724,-0.44496666731649753,0.98948823113243989,-0.10475017263993563,0.099701764188504335,-0.13575967631929883,-0.43532182014083554,0.88997990044435848,10.260069062127988,6.1707591611486503,0.36951077336623916,0.5931407807998392,0.4345903611270837,0.1842105263157895,1,2
0.31034047901457529,-0.88868613579198097,-0.33752887155934003,0.94892851471659156,0.26839618752429645,0.16582569306409461,-0.056775532078252464,-0.37175319578120658,0.92659381628828708,-18.373068811800074,7.5214909033718147,-6.1303401722959414,,0.3440870086031055,0.4583333333333333,0,2
0.91797833145493313,0.36122146699442698,-0.16381341447394407,-0.30849640613339835,0.90984210892631401,0.27751991681192151,0.24929049396636707,-0.20422142053886672,0.94665086542562915,-15.233891324162499,-20.530841898357625,-2.6134302448139288,,0.1770606854970236,0.4117647058823529,0,1
0.49784622974734655,0.8520602399639261,-0.16168635996573591,-0.83930991299443913,0.5203048562728273,0.157612583533741,0.21842161403034235,0.0572381342422177,0.97417441688480533,0.16839158642453786,-27.568178806420907,1.2639910839652939,,0.1171671913403739,0.2307692307692308,0,5
0.91393547968489586,0.3908839281989856,-0.10923229215241248,-0.31990665333183604,0.85942725506733819,0.39880386959186503,0.24976323213628557,-0.32953686883739003,0.91050742992557976,1.6325622973592255,-23.803125653646561,1.2224170420932841,,0.09252296598474116,0.5454545454545454,0,1
0.27804293084972753,-0.88344451661213041,-0.3771179055314815,0.95862541423273084,0.23024164894955179,0.16740997065920415,-0.061069172187101964,-0.40806196730024846,0.910909428566546,-9.8684871611765992,-25.571877378817273,-1.0016460631921977,,0.3605308426132352,0.2,0,4
-0.86220723069155936,-0.41243629057770831,-0.29410031886703525,0.45393096503764196,-0.88675775765610609,-0.087220170927998178,-0.22482297552338079,-0.20870310359746538,0.95178655392141254,-10.675686896892277,12.851441157791783,-4.9185517058945649,,0.5128163649679204,0.3098591549295774,0,3
-0.95051528758290915,-0.14689179384657738,-0.27375808476045921,0.17133988718219617,-0.98289615335797387,-0.067511441804273153,-0.25915889166990286,-0.11107633687979662,0.95942624325885228,-10.462918035320781,23.30987100972494,-5.8945677071497871,,0.3524295004211053,0.275,0,5
-0.42877180043068053,0.90322480869937261,-0.018430629544689832,-0.90060675621502495,-0.42574432765583886,0.0874599229860617,0.071149236224169646,0.054099098133506281,0.99599752698782229,0.58482999339354103,11.222880056819276,-2.2339587191359049,0.6254637462131141,0.548489329448169,0.5529411764705883,1,5
-0.22723324906385264,-0.90052943369370142,-0.37069096235434101,0.96012059638598768,-0.27083656640155812,0.069397368071356921,-0.16289104000927127,-0.34013863842721082,0.92615992988985563,-7.8960937132276179,-32.240368755132977,0.04095103520713498,,0.31186388466919,0.2,0,4
-0.026693695490137809,-0.9421398386069465,-0.33415560915650688,0.9923903841570465,-0.065170777675127509,0.10447054690126226,-0.12020304510997018,-0.32882410837238724,0.9367101652589207,12.249056256272358,5.4205244239968069,0.85652039725168549,,0.7528585486794767,0.5822784810126582,0,2
-0.91451865695309986,-0.30161241020481933,-0.26960263369473619,0.31828669248708558,-0.94779739266760787,-0.019330903706653312,-0.24969823281379014,-0.10348940266000314,0.96277761506318049,8.9881424306135269,6.6097413953712651,0.082347315212916217,,0.08272873731089667,0.25,0,1
-0.24074665763830622,-0.94285762533387052,-0.23034874687255968,0.95511376585045538,-0.27234972783081568,0.11654750118918036,-0.17262311872673811,-0.19195083771699209,0.96610358387742212,-4.1967600680566406,-4.7293224179804909,-1.6331075483465203,0.3998143084773842,0.3571543370935601,0.9829867674858223,1,5
0.77691071821045621,-0.56259205668492929,-0.2826657278212793,0.62151390365899439,0.75705420123697809,0.20146812141874598,0.10064891200738635,-0.33220342283676357,0.93782230852505666,-17.072057093354108,14.122553820822999,-6.5751900529347864,,0.2061474430667329,0.2777777777777778,0,3
0.95134582817223456,0.27081348509989994,-0.1469733700618287,-0.19169783590698708,0.89364068081182735,0.40578106573218975,0.24123236708174706,-0.35786364705879264,0.90207569260340725,9.3185729006900804,-28.253879242748958,3.3049431755425438,,0.3759862189513908,0.25,0,4
-0.71973671212934598,0.68248674180274949,-0.12724351644271248,-0.68899753164955713,-0.72469115015953878,0.010253695005386152,-0.085214239385548354,0.095050429477792464,0.991818506210703,-0.45134992689364684,21.11890985870636,-3.4363185869682513,,0.1665011645700287,0.2857142857142857,0,2
0.48570010558449672,0.85160885996182234,-0.19712371006486146,-0.84712827990654882,0.51418717910926004,0.13410899381560942,0.21556689174774077,0.10185231697997112,0.97116271587619685,10.033179597225843,12.213680390031879,-0.31158502865079885,,0.1073949446534446,0.4473684210526316,1,5
-0.68350472900484427,0.72578182550958104,-0.077859021237068601,-0.72677510810713442,-0.68658455966799248,-0.019989613837490403,-0.067964900234438991,0.042923002987780845,0.99676395809170049,-12.517097027369676,-26.789004509637675,-1.4264989333590496,,0.3215116101794966,0.3888888888888889,0,1
-0.95506225031496317,-0.17923690733899433,-0.23607250807934185,0.1712139873009014,-0.98374017471698627,0.054231348870556674,-0.24195426959622954,0.011375398689541315,0.97022097056743128,-5.2356640433295363,14.791356760236521,-3.8849216254465175,,0.08631515391150316,0.2777777777777778,0,5
-0.94889168632601373,-0.13302391693948631,-0.28619784266037007,0.16751304149001456,-0.98083578256139081,-0.099501500380387589,-0.26747700565121091,-0.14235801757983371,0.95299016064102204,-0.98024970084697116,23.43806034106484,-3.7790730951581692,,0.3634117447022243,0.5,0,3
0.26691303666022126,-0.91575103476483011,-0.30026234060894469,0.9625543542559436,0.23799696227792355,0.12979430283877752,-0.047397742179802201,-0.32366261488411535,0.94498463784478204,0.62949756568326987,17.963388703720291,-2.9386272935054913,,0.09936158476041859,0.2777777777777778,1,4
0.57369653557508993,-0.69987067278245796,-0.425503615082372,0.8190264905204151,0.48495678495220995,0.30661461895126035,-0.0082397144944657743,-0.52440247721367939,0.85143064837789584,15.376500247067316,4.233032750188074,1.5579043055444348,,0.4918291388448152,0.2571428571428571,0,2
-0.95153950807558541,0.24470880137168835,-0.18625296535224253,-0.24239452090646513,-0.96952953351135207,-0.035459552786017194,-0.18925501527250821,0.011405532889378248,0.98186172805222982,-32.614161498673738,12.47514068034328,-10.281073052131012,,0.1976951678887987,0.4166666666666667,0,1
0.84115905252495571,-0.4322872902015848,-0.32492944939707946,0.52167011243066486,0.80697028642099067,0.27687406998525843,0.14251926940556478,-0.40240111277653684,0.90430172082348081,9.0756469876358459,23.318852721885985,-1.6031506707041014,,0.3152464184340516,0.2941176470588235,0,3
0.81906444019065217,0.55924771233050408,-0.1279665544908925,-0.51710434848067921,0.81626593073743192,0.25751315131411345,0.24846837947220762,-0.14474780333549478,0.95776382153013195,-14.095969831955912,-25.392829320664628,-1.870683787757047,,0.6135088240735586,0.527027027027027,0,5
-0.34367781179746837,-0.84195404213564307,-0.41593142777332331,0.91496359000892813,-0.399960319237743,0.053603843082533645,-0.2114880389905725,-0.36213966085847898,0.90781478033640062,20.780485812345137,14.69677703466669,1.6726462714242842,,0.426990563557103,0.2307692307692308,0,2
0.53532244010006957,-0.80675121697610364,-0.25016466383740982,0.84444265724036383,0.51770714394897444,0.1374624011758514,0.018614074195145217,-0.28483642149797589,0.95839539295120058,-7.9210250857458195,15.022994341716799,-4.5152737879374998,0.3498443637103417,0.1996031446432796,0.63,1,5
0.35981019181663854,-0.8597777647213013,-0.3623793884256048,0.93188134699643832,0.31192770379974483,0.18519790150625809,-0.046192867252171622,-0.40433068507480391,0.91344562844318311,15.512931246728929,13.115554487811123,0.72381047804588639,,0.4745116888702709,0.2142857142857143,0,5
0.9695373054012929,0.13206111468694473,-0.20629414781530384,-0.076190204272801154,0.96302547610484746,0.25841243225878519,0.23279275377053649,-0.23482289999204517,0.94375088843998267,-0.67040474010223261,-25.929743314509221,0.94365606469062113,,0.09796296247218265,0.2352941176470588,0,4
-0.44993074800673361,0.88762783335378659,-0.098382678626695294,-0.89304374449484369,-0.44645060967650435,0.056166925660093528,0.0059323196753163186,0.11313126258970127,0.99356234077592231,0.11740400748857684,15.488832285825611,-2.7809251017336982,,0.07069934391638703,0.2666666666666667,0,2
-0.2802226649065091,-0.90045711734376899,-0.33264431138626693,0.94281502312978227,-0.32332570510676001,0.08099580592847995,-0.18048570645201181,-0.29092519355010482,0.93956768863363505,-17.501861784094274,-20.764944797586121,-3.1708658510860377,,0.5396159351863168,0.6,0,1
-0.75881134665436301,0.6511799381265766,-0.013039492707185359,-0.6476272483232699,-0.75649510634927364,-0.091071956709140395,-0.069168543557187004,-0.060661703331424843,0.99575894187855929,15.461858515891279,10.742393425979465,0.96790136551591632,,0.6448486026826175,0.2424242424242424,0,2
0.96161091998867532,-0.16363032674270903,-0.22029424579096249,0.20043570804890998,0.9671146699102301,0.15657184352034817,0.18742989488730677,-0.19471602762613691,0.96278538786586909,23.021031409071867,6.6977208835585902,2.7267197258334637,,0.1230193181352008,0.3333333333333333,0,4
0.90731172581844322,0.38656108472119527,-0.16539637230463139,-0.33774137653894692,0.90435649875444735,0.26090244486048064,0.25043201625578249,-0.18085864905989946,0.95109092851014665,-6.8768000590979552,-22.995015972775754,-0.58852860142347285,,0.8985415275122086,0.65,0,1
-0.83129380810927256,-0.45189054154484903,-0.32364416117317468,0.50280141513757248,-0.85956797536149443,-0.091288732429564312,-0.23694164162265624,-0.2386165002577256,0.94176473934306759,9.2401598770849649,8.8330576809953634,-0.11059572689446602,0.4463350597918569,0.278151670374509,0.1764705882352941,1,4
-0.96722225841450304,-0.10965706292679438,-0.22903369048639474,0.12979637130253235,-0.98871847626407994,-0.074757452409323938,-0.21825215880775084,-0.10203481388382236,0.97054360640388049,-18.200246358635678,9.4741378135022369,-6.3366869620693889,,0.1724656444260952,0.3243243243243243,0,6
-0.72899440227597123,-0.58656979708050305,-0.35284987544738866,0.64444636886115803,-0.76189145423301896,-0.064886744627581372,-0.23077270010113571,-0.27469489460059854,0.93342738108992585,15.603862909896328,0.4704580585201063,1.9608480774294439,,0.3624212849289924,0.1282051282051282,0,2
-0.9123974508953856,0.38271049726423434,-0.14513292832215061,-0.38204719440578927,-0.92353409199162839,-0.03353687784903938,-0.14687012237437935,0.024848666220920721,0.98884362309759255,10.245327475268816,-26.15493920105677,3.252760211671315,,0.2775778298784463,0.1428571428571428,0,3
-0.35597816958918416,0.93266501684353653,-0.058442357346179578,-0.93376389121552994,-0.35253156211324527,0.061696784162759838,0.036939656711523258,0.076534071303175438,0.99638245553190763,8.9646391547434288,-24.858228912910697,2.8660177045583572,0.52606662551787,0.450558050739493,0.3421052631578947,1,3
-0.0032181637521254327,0.99235664499225862,-0.12336098476330143,-0.99206302715578687,0.012338435455261837,0.12513477998147429,0.12570041198245988,0.12278457619026634,0.98444063014344108,10.488597476350298,14.369026369944475,-0.41874669006392234,,0.09955864464005665,0.3333333333333333,0,4
-0.55667566623568332,-0.69052310216291013,-0.46183335522715213,0.79937888629783782,-0.59654610784762296,-0.07159704849419847,-0.22606547450304409,-0.40903616782769098,0.88407229039629442,-12.594126848496961,10.91195413634664,-5.1633691465994849,,0.3733767682281821,0.1282051282051282,0,2
-0.96285608376129317,0.16658495283941122,-0.2125032128024352,-0.14829938208470858,-0.98393666742381203,-0.099377702590758329,-0.22564453292105166,-0.064172330380115591,0.9720938518355241,15.783285723426534,7.1687888601670586,1.4240805143349198,,0.4416652771794765,0.2777777777777778,0,5
0.95156947335302489,-0.15043288741035232,-0.26811468398435601,0.22883392765880275,0.92897459901548562,0.29093165509490981,0.20530604212953082,-0.33819541801952607,0.91840801841866826,-16.842818561158662,7.2751399689125904,-5.7782174896998244,,0.3143948280181711,0.1296296296296296,0,2
-0.94228674781007882,0.2966777346138989,-0.155170895099145,-0.28075552923898245,-0.95267613008640961,-0.11655266605840114,-0.18240618877451439,-0.0662609458727179,0.98098800673036191,8.5187195090908254,4.8310857273484027,0.12469752209346331,,0.1980167692773604,0.1566265060240964,0,1
0.96889431549562766,0.18477771524989053,-0.16462381767924877,-0.098823072330203238,0.89875768774330056,0.42716345711862619,0.22688720936950052,-0.39760761394790634,0.88906151618162721,3.1440890759677145,20.65420327365084,-2.6384401189907631,,0.3272561405681241,0.3333333333333333,0,2
-0.17038480858171606,-0.92628210599500782,-0.3361108107723173,0.95814537831752988,-0.2353767483498708,0.16295772563766073,-0.2300574950166358,-0.29427749905436901,0.92761754108952454,15.369364658446573,21.817083066604251,-0.1250569131515698,,0.3707948222378668,0.7931034482758621,0,4
-0.93236097909933358,-0.27763002907671996,-0.23156979856577242,0.26302745302440922,-0.96035743121775541,0.092358882953006177,-0.24803137625797467,0.025202604224454934,0.9684241142866491,-7.6457265026737176,16.590233673569607,-4.6210766954488642,,0.08596096980475815,0.125,0,2
-0.71954410492340981,0.68047544354387857,-0.13859816666800234,-0.69008671474352434,-0.72297051462461392,0.033075083037108786,-0.077695606082066423,0.11944373452460097,0.98979623513042203,-19.330898314028595,12.659442040740636,-6.9186357117564645,0.8356683216681325,0.9308720573880443,0.5461538461538461,1,2
-0.89268330172635713,-0.34277795202371114,-0.29260860962275292,0.37397053070315411,-0.92572042481448835,-0.056460050007821276,-0.25152050609151411,-0.15982794088555002,0.95456401793057044,-8.354378199694116,17.240519625981001,-4.8538918510312641,,0.6728933175053293,0.3846153846153846,0,1
0.73368004508752571,-0.61331020890831611,-0.29251355368461718,0.67403027829699314,0.71137871607095327,0.19905654036006967,0.086004507900713831,-0.34320680350202776,0.93531401927410251,4.5898902501066594,-26.59785345487289,2.119702632644247,,0.09866111070365724,0.5909090909090909,0,1
-0.92543517811606679,0.29820634750142766,-0.23375779220197393,-0.31964803265848518,-0.94569515416155403,0.059040753830846539,-0.2034572837792826,0.12935860893350828,0.97050063574010281,15.555500009287822,-30.238195669080724,4.8129478302280821,,0.3080988969434957,0.375,0,4
-0.75739917763556253,0.65197407972372068,-0.035725132405375545,-0.64574156105200131,-0.75602188643914281,-0.10699880165275383,-0.096769427233495214,-0.057971601611549767,0.99361711506973027,-18.473814885947398,-22.928801677694004,-3.0961202720302134,,0.3522134131856495,0.15,0,2
0.25769638016660446,-0.84061113425362843,-0.47640895942231853,0.96440467708250421,0.19351250327062552,0.18021245766962518,-0.059297508129930912,-0.50589112667328284,0.86055678109164668,19.09552363107554,-23.51625936820917,4.8921375139439354,,0.3540987346463313,0.1428571428571428,0,1
-0.96557123312921045,-0.066250255189940557,-0.25156131944438964,0.083135736161258925,-0.99490174312716551,-0.057087396993140714,-0.24649674059966797,-0.076035683792510661,0.96615626668978538,-22.300352989981462,9.7580488055222094,-7.3718404161835762,0.7189313294639426,0.4969025343380126,0.5,1,3
0.42153775927035231,0.90526342870197141,-0.052953207306837544,-0.88562696082631243,0.42353601197582508,0.19047869386669788,0.19486098574850721,-0.033397173748150981,0.98026212056712436,-7.1570185512060354,-22.44688099860484,-0.7306835539266735,,0.3700695681112579,0.2941176470588235,0,4
0.97222450624777645,-0.072321507759149181,-0.22259629144868889,0.13049304672371992,0.95701792344083803,0.25901401307602373,0.1942963566514499,-0.28086703923463291,0.93987373197868573,-9.5285237578261519,-29.361329011447143,-0.54814060799651265,,0.1972821740415165,0.375,0,4
-0.31881282160544677,-0.9129178823769063,-0.25483195407256026,0.92867973464746512,-0.354629322514459,0.10859094837071161,-0.18950550185967768,-0.20203708483692223,0.9608687116955732,-11.289261397759438,8.8164015644263092,-4.6768160015597458,0.8362510464925444,0.4836529165571751,0.8305647840531561,1,4
0.35995268714737533,-0.85230444791375071,-0.37948806447873989,0.93251733829492811,0.31599396764416426,0.17481197382285193,-0.029077083669557371,-0.41680323952548071,0.90853155296133647,10.056037470643959,17.500898614197979,-0.84086553743466119,,0.5035919667354939,0.1428571428571428,0,2
0.14572512733814516,-0.88101021000945057,-0.45009465351344041,0.98481369219520609,0.085780666197159045,0.15094260157959583,-0.094372553886850161,-0.46525550739983079,0.88013131628581331,-15.913254034439445,11.439341178932622,-5.9765646184001993,,0.5719280442123789,0.1944444444444444,0,3
0.2848696025742582,0.95766388956814108,-0.041583460010021021,-0.94020728246923324,0.28760020671999609,0.18247297631824017,0.18670719193701571,-0.012883932312629191,0.9823311197183765,6.3824331910589756,-27.211408584230771,2.572009834264906,0.5846657967362479,0.2437867679521238,0.2857142857142857,1,4
-0.090507924083169045,0.99470174873250972,0.04875188967252693,-0.99075787063365217,-0.09489914689304299,0.096917458161281486,0.10103047785508304,-0.039529520455724484,0.99409771127234448,-16.440307079445375,-20.036069147565744,-2.9841591893099948,,0.5161918082536882,0.1739130434782609,0,1
0.94508016217426238,0.28468792780241881,-0.16054990136476469,-0.24388170534522755,0.94128232086476593,0.2334722814925673,0.21758952378865684,-0.18149483791834339,0.9590174257782913,6.4078995525731735,-33.008447254787832,3.1715684379543037,,0.1238298699242047,0.3333333333333333,0,2
0.011092840103685424,0.99739823555413576,0.071229969899827508,-0.99214598294451439,0.0021026193500030847,0.12506769174703763,0.12459252556031238,-0.072057884408059547,0.98958797682123067,-26.376542226032115,13.634140541461701,-8.7775855678641186,,0.3011113958422552,0.4285714285714285,0,1
-0.96697250285608249,0.068950390076420787,-0.24537730626232032,-0.059471030166046629,-0.99717681388660351,-0.045843193801820635,-0.24784546655372236,-0.029736266666673183,0.96834311024217834,15.838864099530047,-28.101508104111087,4.6568876373576007,,0.3605734714534872,0.3125,0,4
-0.23556182732497535,0.97159786038032347,-0.022543806504141159,-0.97174526834724584,-0.2351153598542905,0.020782228112679088,0.01489157318950814,0.026802336931042149,0.9995298273603328,-13.497386889196429,4.6371060015218033,-4.730709348284952,,0.5683638614306267,0.2787356321839081,0,2
-0.95709276067704163,-0.17916402889400154,-0.22775798166051026,0.18255226941376573,-0.98317609294742048,0.0062800627807412654,-0.22505136389607552,-0.035567133805180201,0.97369752110262719,-8.4998977341565904,-36.297424144245177,0.31948119661879537,,0.2473291879739596,0.2666666666666667,0,4
0.97294830934564247,0.0089932094068534314,-0.23084780598051807,0.089599526424025147,0.90633953397020039,0.41294136875259813,0.21294016109237082,-0.42245446067859577,0.88101572996553834,0.06431379960737707,-30.935718535770658,1.6203467852229123,,0.5802897713200169,0.3157894736842105,0,3
0.34335241946408801,0.93919207404702743,0.0052310701965837215,-0.92237152952195633,0.33614283318211552,0.19036480039027565,0.17703072494763694,-0.070187205013058945,0.98169948491224668,21.996767237978606,4.7594813950497885,2.7420689452385725,,0.2483828913484958,0.125,0,3
-0.016932564253388637,0.99521273842394364,-0.096254317027963415,-0.99550633448201409,-0.0078101181520026063,0.094372347966106496,0.093168805262217394,0.097419748168256826,0.99087283058566289,3.9235909975730161,-31.24949361335171,2.4910013101253248,,0.7843150577006858,0.4761904761904762,0,2
0.23321191692591944,0.95642285254227544,-0.17569157332847476,-0.9574507503421591,0.25742723399410411,0.1304579620697103,0.17000077197758581,0.13779167729961653,0.97576287651969162,11.899021234873279,-29.771218944174503,4.0048911942737133,,0.182836467972255,0.6428571428571429,0,2
0.069233498418953487,0.99175609431652711,0.1078265833767357,-0.98808221010421626,0.053275992628294334,0.14441334663055724,0.13747824836038713,-0.11653977001649392,0.98362503690799885,3.7829668920463089,5.3302641560480675,-0.85084950228789336,1.168254866560628,0.614868086736606,0.5482093663911846,1,1
0.42018996403750947,-0.87235926193921876,-0.24985938491683399,0.90712371114313295,0.39658337620770995,0.1408836342433176,-0.023811064740315569,-0.28585126171587205,0.9579781257269796,5.4407113267307095,19.848505759666548,-2.0929835830222232,,0.0989688710312497,0.25,0,3
