axis_00,axis_01,axis_02,axis_10,axis_11,axis_12,axis_20,axis_21,axis_22,location_x,location_y,location_z,dbh,dbh_approximation,score,reconstructed,number_clusters
0.87714098139469177,-0.41354559832877669,-0.24413876558394904,0.45145709108983739,0.88341045685130137,0.12558845341224653,0.16373818633007581,-0.22037695621065245,0.9615736079513979,-12.336563333604992,10.566400833377854,-4.5268528555316792,0.7176038621346106,0.6750525910424643,0.9948364888123924,1,5
-0.54365395454304832,-0.77092801476227668,-0.33182883202699937,0.81418297697585384,-0.58042568942886441,0.014563620901610593,-0.20382948195107481,-0.26225181621053628,0.94322718746961165,-4.178751458057099,4.7176423435917689,-2.2860504125496077,,0.08741819983799741,0.3516949152542373,0,5
0.39525317376169589,-0.82364466820452875,-0.40667479534581291,0.91834071103485715,0.36425660012796257,0.15481430075807245,0.020622004929202031,-0.4346568644361547,0.90036000750323808,11.138912372945809,22.886122813142197,0.091762242808591507,,0.4181232234106899,0.32,0,5
0.41513204009778321,0.88998390409203154,-0.18866382732616477,-0.89366625450656911,0.43775828203071954,0.098632206047072013,0.17037022873862517,0.12765710701178196,0.97707607083017323,-23.347874582737596,13.694707789519024,-6.8755217847211876,,0.1828375687138966,0.5,0,3
-0.33452033710854656,0.93593401960089251,-0.11010747029380527,-0.94189955804167491,-0.32829345562477941,0.071053708944988664,0.030354021507579047,0.1274790882759122,0.99137667686437958,6.9195082706345712,0.32687353095491123,0.61333343751914093,0.3479978660405396,0.3028503190027628,0.5675675675675675,1,6
-0.40621680017783068,-0.87121423774452567,-0.27563320410376946,0.89788409505694877,-0.43657268116499637,0.056643145253165175,-0.16968224154887004,-0.22447727281761143,0.95959256504587354,-19.077066132117739,11.416342698433152,-5.9056876168792929,,0.1038965614466694,0.3461538461538461,0,3
-0.85042025868839799,-0.43449658511572997,-0.2966447389304715,0.46009596529910612,-0.88766951466102739,-0.01882911195303423,-0.25514130658880368,-0.15249770576708885,0.95480226403582258,-10.847818963693035,4.6771158424246071,-3.7687321255666246,0.3780231382526512,0.1386916358941001,0.2550335570469799,1,5
-0.70531369084821072,0.68550987165711585,-0.18057910555410311,-0.70203142552920339,-0.71080480053872264,0.043685387723377843,-0.098409730573301116,0.15758410894424627,0.9825898297543787,8.3323074488158717,17.975564173620924,-0.27115161048005321,0.4506824764849281,0.4525182857748051,0.5555555555555556,1,5
0.67591735079032578,0.70976738262007144,-0.19840866278779137,-0.70079491892982737,0.70232171392995713,0.12502276490552733,0.22808379272259341,0.054538726709920021,0.97211280764432706,-1.139078737951466,-11.551760260978867,0.15339793187437395,0.1247598338861457,0.09724860453059261,0.42,1,5
-0.37073152135523296,-0.84093782429043629,-0.39418487382356848,0.9123905311981505,-0.40906140531655344,0.014570012368007987,-0.17349829294143451,-0.35424898356680529,0.91891566532968327,8.7110266674032371,8.9787928167076387,0.51520058157624582,,0.3943619059891997,0.3095238095238095,0,1
0.77503945538366703,-0.55140114442022092,-0.30865939242255264,0.62007061419731069,0.75773799434502664,0.20333608960277061,0.1217631964411193,-0.34898411118279687,0.92918448875042814,10.015946157117432,-6.6291062370258249,1.9978079863058948,,0.1841125876278744,0.1304347826086956,0,3
0.34046335848159898,-0.90512781946253107,-0.25461408438347222,0.9402449920989755,0.32632593887871458,0.097214898280678683,-0.004904728761881607,-0.27249772852251264,0.96214392456941866,-7.913596172429795,-19.676853396819759,-0.30396666441078118,0.4954191771069463,0.4332661555027809,0.8545454545454545,1,5
0.3860405016369392,0.90749207509555141,-0.16562265767300627,-0.90544672601430809,0.40709898191477567,0.1201525916238311,0.1764623400215192,0.10357872640037002,0.97884242347346528,-23.246468331213762,7.8290156252785907,-6.2712313758130005,,0.09002454725248474,0.2941176470588235,0,1
0.0094832810556225496,-0.94867730886520152,-0.31610351314830393,0.99561169492541379,-0.020473662449303241,0.091313646700027992,-0.093098981241287571,-0.31558230747333077,0.94432006592131867,-11.103306002493591,8.1671753786223,-4.0792175352302786,,0.09258564497403432,0.2203389830508475,0,5
0.57236623076196902,0.81178005572600831,-0.11580172282318001,-0.79988319119075046,0.58381807387797013,0.13908032594123254,0.18050977351334466,0.013022969665062615,0.98348697191537071,7.7615291259597283,13.720875224747875,-0.079945999362591044,,0.2192119202627132,0.5333333333333333,0,2
-0.45640576744283357,-0.84471484168509048,-0.27955430900247208,0.86839391090421869,-0.4913410104178253,0.066903116415196057,-0.19387055204283327,-0.21222829151298853,0.95779609590563897,2.9749399149247191,-15.922403047141133,1.6922848153333261,0.6370386670032089,0.5821979619352511,0.759493670886076,1,5
-0.63115210396681609,0.75727056717888719,-0.16789374539520011,-0.7725576011651194,-0.63306276123100647,0.04884970035291826,-0.06929483776052793,0.16053918034903603,0.98459402650666228,10.743262075523216,0.12353143123477511,1.4146473118763832,,0.09328087937731834,0.4473684210526316,0,5
0.7420194320949256,0.65900043339692127,-0.12298614221201862,-0.62285864852876782,0.74556128556771128,0.23703475149340317,0.24789971025889015,-0.099281409363951953,0.96368508103439399,10.911819344191288,1.0149028585804534,1.4315653143669753,0.181287329913439,0.1482273900826302,0.3714285714285714,1,5
0.042545160308718327,-0.89337804026961598,-0.4472869174236217,0.99525325936957809,-0.0013232856597405311,0.097309807467152828,-0.0875263334576349,-0.44930382379753137,0.8890811070270136,4.7007207142782956,-5.691159860036449,0.7522979248202587,,0.127776070670517,0.1764705882352941,0,5
-0.85053422143840229,0.48798276227900539,-0.19612333334084189,-0.50399521908931855,-0.86283263455823367,0.038841522580963711,-0.1502676189246403,0.13188126652352722,0.97980966225225075,-20.585880760855677,3.5580124880646316,-5.4889046825508041,,0.09883439053729444,0.48,0,3
-0.064687397613573311,-0.94603824439399176,-0.31753296007488208,0.99196026797022219,-0.09564222133471785,0.082869730701896405,-0.10876749219517502,-0.30961945294521481,0.9446191968192672,-6.8804985009014175,-3.0177988220948513,-2.1153501275574937,,0.06640738665236355,0.1592920353982301,0,3
-0.97307149796670089,0.037606361451232605,-0.22741508618216394,-0.05056513436204093,-0.99739587315465505,0.051426057607140939,-0.22488892154081441,0.061540505299058731,0.97243906707605432,-7.4875632117061048,-13.2648971867666,-1.008474451544513,0.6662260131849185,0.5676129534474352,0.9566787003610109,1,5
0.49152860722572556,-0.82984926888454646,-0.26410191065292155,0.87028336021698816,0.47911768059746657,0.11425025631627182,0.031725403199456839,-0.28600076760507037,0.95770405643974599,1.191089781428758,12.910650191564285,-1.731033247596605,,0.07284933339728523,0.2857142857142857,0,5
-0.22322840612754208,-0.83664328111677289,-0.50019706002726327,0.9641529152102063,-0.26502809505133806,0.01301018543756954,-0.14345115820173124,-0.47936221064620804,0.86581385771709762,5.0644503955144211,1.6058254338694449,0.099130080774288296,,0.0964187138839884,0.2413793103448276,0,4
0.34404742395106119,-0.88418896304436612,-0.31597665689599314,0.93894342248139695,0.32251711289651114,0.11986643094637035,-0.004076696157513173,-0.33792394043546026,0.94116459295333244,-4.3509437847397239,-4.5127881455528023,-1.4213764727544123,,0.1006862208452675,0.3625,0,3
0.95365911908320544,0.23402266350520939,-0.18912344528210492,-0.19169414866621065,0.95702643106511154,0.21760919927685285,0.23192162028707572,-0.17127113945059136,0.95753775843812805,6.14210783501367,1.4796709695114967,0.35956142349676007,0.5309359824159483,0.3353650480427272,0.8806366047745358,1,6
-0.70357418597114574,-0.59333567675730992,-0.39107050454104109,0.67251751847687391,-0.73373763211360432,-0.096691646805855791,-0.22957254229708496,-0.33103151195507963,0.91526749418734776,22.365511718866948,5.236380570411173,4.0146345728652992,,0.7963010127718528,0.5384615384615384,0,1
-0.97029323669745959,0.12101762361758076,-0.20948930663191992,-0.1011520666195579,-0.98951286700469387,-0.10311423495688887,-0.21977100408780398,-0.078860768485385063,0.97235882520607309,-17.559952884040548,9.5913786237862038,-5.4743695004762252,,0.1143574201482273,0.1428571428571428,0,1
0.95303052596037541,0.23341929452792307,-0.19299805576683438,-0.17214289168492203,0.94174475112547429,0.28893537092223992,0.24919799644067084,-0.24214098510930762,0.93769296782062439,16.995866080891446,8.8286262281000738,2.49937401809516,,0.5508004716573172,0.6764705882352942,0,5
-0.24538087869272912,0.96873129006155934,0.036713921442031061,-0.96844730686525093,-0.24665908089491514,0.035624593155833398,0.043566480204708186,-0.026813904373347956,0.99869063094375221,-0.10348147145940823,11.229535255790276,-1.8776599743393305,,0.2877927567064114,0.2592592592592592,0,3
-0.64348343678544617,-0.64664610238819908,-0.40960698828137887,0.73294705125552673,-0.67481291797556531,-0.086117047029790311,-0.22072083417434527,-0.35563512762303723,0.90818828959744202,6.1375233561347891,-8.1323450802361936,1.4126798344990694,,0.1190690042229064,0.3157894736842105,0,3
-0.26799416536669446,-0.91226564121388787,-0.3097588210043789,0.94729264462010232,-0.30810027741550938,0.087811528315698176,-0.17554421886824217,-0.26989927550310361,0.94675160855677365,-16.44550688005895,-13.633313516130741,-2.866873597499151,,0.1200476540342352,0.4347826086956522,0,2
0.77199513222511307,0.62763217581355557,-0.10050556056394559,-0.58942182417769928,0.76605475605975781,0.2564020746820489,0.23791895469626664,-0.1387009826993586,0.96133064467667362,-18.395992408388576,8.864472323307103,-5.5547032396883083,,0.2380641864605389,0.25,0,1
-0.4562603559680507,-0.84023649172726012,-0.29296608257915063,0.86515104502485951,-0.49589218875517999,0.074863919373689108,-0.20818298889270681,-0.21930247399758873,0.95318742544907498,-3.9558755347816352,20.056982481845665,-3.3808762385438564,,0.1323477734400601,0.3076923076923077,0,3
-0.95149966412664477,0.21367040957559905,-0.22134440412777334,-0.20909539682671349,-0.97689659788309646,-0.044183165010124779,-0.22567123031694253,0.0042418293492833383,0.97419428385256401,-6.3588997972545656,-17.938989522300805,-0.17301882959799481,,0.2401873305057619,0.1052631578947368,0,4
0.79177524831155655,0.58851480011077917,-0.16353068889888508,-0.55879386406850884,0.80601721704432683,0.19515548495367638,0.2466604419856559,-0.063139337014966102,0.96704294138406943,-3.9078519027432392,-5.6947101458643221,-1.0981248507043753,0.3321190142620753,0.1941866468336973,0.2469135802469136,1,2
-0.93195271410642533,-0.24608242344809197,-0.26628477151272606,0.24408692217161562,-0.96888154846942232,0.041111062504943327,-0.26811511164881835,-0.026683064018432373,0.96301729008368953,-0.64785439695287073,13.60770194732619,-2.1491925729631953,0.4747721377804708,0.2383004278904077,0.4473684210526316,1,3
0.27946840786937821,0.95988703617669779,0.022677891940578086,-0.9495094170594861,0.27278540980083915,0.15498382856008444,0.14258076980542722,-0.06484595576982384,0.98765668433013132,22.280548919084417,-1.1537807660311956,4.2541452322485158,,0.4358560764397464,0.3846153846153846,0,4
-0.7904751576774004,-0.51198051627633123,-0.33619187385823185,0.56475149842264738,-0.8217060454346975,-0.076517448503229557,-0.23707545238649752,-0.25035000668961699,0.93867997955972482,-14.660819469996571,25.359549478362656,-6.2002009867403061,0.4578272946093401,0.3261202828472844,0.5789473684210527,1,4
0.39963734434886533,0.90631153085851524,-0.13743872101660742,-0.89986529660525338,0.41645498138171794,0.12964450026087379,0.17473534550091815,0.071865551658964799,0.98198925733300524,-23.437870562363504,4.0419624345299541,-5.9756358887976253,,0.0868893018221519,0.3333333333333333,0,2
0.33330969014996886,-0.88556041057857726,-0.32355433804545669,0.94006351381897468,0.28594288685237335,0.18578820049952935,-0.07200861364069161,-0.3660866354764028,0.92779056628482337,-12.288946996236163,-21.961886947583338,-0.98219342879734794,,0.227425028855705,0.3333333333333333,0,2
-0.97188338356950132,0.055958706514984601,-0.22871666294056381,-0.072768648336025546,-0.99518050875274167,0.065730349291492574,-0.22393617966028972,0.080525636686732155,0.97127143954476014,-17.83564367157209,2.6430831932661123,-4.9163367894492893,,0.07581954077077366,0.2222222222222222,0,2
0.94348458846982286,-0.21774163596727406,-0.24985077803806183,0.26269421138539434,0.95097311593441858,0.16322341766606055,0.20206083891871671,-0.21963313214603691,0.9544279462794385,-6.4428353121607769,19.974989406681924,-3.9186150716484036,,0.3210142312610108,0.4,0,4
-0.97601087630421868,0.021655095518817367,-0.21664216157974242,-0.0087550168084687546,-0.99814014462250444,-0.060329108841835948,-0.2175456711050712,-0.056985160621319239,0.97438522795268578,-8.895292363132107,3.6064865366602294,-3.2728895995679457,,0.192037991715127,0.2253086419753086,0,5
0.9538972370971871,0.20468007268750055,-0.21951339117009208,-0.18093594182564865,0.97570780466610563,0.12351706306950121,0.23946241044059466,-0.078104723021653485,0.96775896080981461,-8.3284641104121722,19.409031037286482,-4.3247733995631998,,0.08601184391359115,0.2222222222222222,0,4
-0.3471994786578036,0.93442750333748403,-0.079358446470585736,-0.93723691323597058,-0.34865889858553401,-0.00489294441321387,-0.03224113037190203,0.072678837659924403,0.99683413668912013,14.634245609522829,-9.6924575030882956,3.4364193873730318,0.5256314897938814,0.3825439546912461,0.1666666666666667,1,7
0.95065379559791374,0.25378489221892087,-0.17846733425675398,-0.19310785807385736,0.93423339284622753,0.29986217307482127,0.24283063246923392,-0.25060166833534436,0.93714037783148307,-3.9139052886438659,-25.12561090774156,1.2957520353431837,,0.6049851575080738,0.2941176470588235,0,1
-0.032456637540874134,-0.95852445649197682,-0.28315619891907956,0.99398561755995296,-0.060602640941127536,0.091213551596899312,-0.10459043342246828,-0.2784927040655138,0.95472648178354147,-19.739662926217978,9.2665815779526959,-5.8220033544875545,,0.08339207057700351,0.3703703703703703,0,4
-0.53861759271074627,0.82697239626989238,-0.16126916825640411,-0.84027600479586506,-0.54128626553256087,0.030747593566211973,-0.061865374700068212,0.15207180722752495,0.98643136652266605,3.3735723525463985,-17.632414978443883,2.0220697907588314,0.7277833274582408,0.5893003816359104,0.3396226415094339,1,5
-0.60858568234530541,-0.69229084906389649,-0.3877587491555653,0.7641694157014991,-0.64296110857356303,-0.051440421540693365,-0.21370206211154913,-0.32761928081882546,0.92032441860738834,-0.11037289177992089,-8.9436699265410482,0.067796842285384809,,0.07679635135175504,0.1568627450980392,0,4
0.41245185163251435,-0.87181988830141133,-0.26422254341184503,0.91095764331544293,0.39671731672754301,0.11301125029691542,0.0062962028306142899,-0.28730724489753506,0.95781778270154438,3.1129720215845214,-14.021179847084589,1.4630793610771506,0.6989245823251595,0.3918092126495908,0.8909090909090909,1,5
0.62249628292145842,-0.72511367154919903,-0.29446314044614802,0.77694841549030158,0.61779779235327159,0.12114886475131911,0.094071979973195288,-0.30419738837778354,0.94795274749749991,10.200176956230656,4.9838935313193522,1.0760706438268837,,0.1337356211168194,0.1428571428571428,0,5
-0.88748120089324967,0.44426998783567079,-0.12247977779849484,-0.42858879399278238,-0.89336299734039881,-0.13495999646854911,-0.16937757739703393,-0.067280999483295828,0.98325200400692836,-18.916997997677001,-13.330947455335842,-3.3906456847678577,,0.4190574686007711,0.3181818181818182,0,1
-0.79432973391746442,0.58821625663234023,-0.15179561669576283,-0.59536403470455379,-0.80345346441745669,0.0020485838770815975,-0.12075570377802068,0.092000901892445128,0.98840978043322281,9.2732673194514259,-8.1737151041069467,2.0252486319557907,,0.5709253199126686,0.7132352941176471,0,6
0.97307239314315264,-0.028598153965349263,-0.22871874276594142,0.056551586254001772,0.99156596802548069,0.11661410354604831,0.22345477348854045,-0.12640837252123155,0.96648274043653759,-5.7961802780783556,2.1762474486049337,-2.4121571189008177,0.207261775047417,0.1909185185240084,0.7571059431524548,1,5
0.31972868503649549,0.93550049995177487,-0.15037414190881873,-0.93236609273172166,0.3388916947354696,0.12588045266642531,0.16872177419946816,0.09995615953657587,0.98058234181616943,-22.572172965059934,6.2306795623851725,-6.0288097469286326,,0.1104718338675132,0.4545454545454545,0,2
0.01490700904234897,0.9788768858889213,-0.20390640831964657,-0.99559133618664575,0.033417958844186975,0.087642063740972234,0.092604926388933223,0.20170097247930005,0.97505950859904145,-2.3281656313803332,3.8639699902797631,-1.8097523258229156,0.1819598260087978,0.1414012845966547,0.5072886297376094,1,5
0.51168642227233874,-0.81081146904624812,-0.2841861483696897,0.85822724706049036,0.49786326874993975,0.12481249149262985,0.040286445178327496,-0.30776115299480328,0.95061036973210211,-15.269876029814492,-9.3655441182347676,-3.0994546857619523,0.5602519044157369,0.556984280478695,0.979381443298969,1,3
-0.60064812021656599,-0.76008102433291092,-0.24798925809264236,0.76960350494280161,-0.63370767256422111,0.078262576708113846,-0.21663859503805252,-0.14384513263322923,0.96559634265963734,-7.0657601283207621,11.087385602206673,-3.4435749485383607,0.179086934589223,0.1440589219773002,0.6101694915254238,1,5
-0.46989823772712708,-0.80409863639978985,-0.36417170280094263,0.8618708726022617,-0.5070718076717885,0.0075353051882164181,-0.19072033226888851,-0.31032815664142122,0.93130134223825833,-5.4082097138790761,-5.6523074723090074,-1.4974293408238419,,0.2164550918361867,0.5398773006134969,0,2
0.04977179574452599,0.97580675456670696,-0.21289421337921888,-0.99330508795261252,0.070611342638932484,0.091427788654111455,0.10424859997054532,0.20691838012298108,0.97278826749270753,8.4694923038001342,-4.5038371997687259,1.3975557972312413,0.314299287473936,0.2904692754218409,0.8903225806451613,1,5
0.56427326519506804,-0.76536669388938861,-0.30953110679045559,0.82294832045210797,0.55139825452093572,0.13680653045933427,0.065967750084051979,-0.33192437210318454,0.94099652876764439,-8.3610577645770174,-11.9263896423238,-1.4177210782508582,0.3724349747184431,0.1457433793517951,0.25,1,5
-0.63818058257542298,-0.72702208159894521,-0.25330700126769057,0.74045308295333601,-0.66971476211293179,0.056668945225040554,-0.21084301261505717,-0.15139692954467501,0.96572469873968281,-9.4501011508110686,11.967645726705221,-4.0291297531077763,0.1657931203681356,0.123667449664836,0.7093023255813954,1,5
0.92727139774304601,0.30335979072730285,-0.2194096449510477,-0.27825292245697364,0.95050849940200277,0.13823495834522545,0.25048566041155162,-0.067129948118852964,0.96579009313294828,-1.0548525013433454,15.927867294797766,-2.3820249433210705,0.8146191754722769,0.7365129228868506,0.9547511312217195,1,5
-0.37235073664908597,0.91107042491541557,-0.17693391354210775,-0.92807821572912763,-0.36655862500651892,0.065617070358009025,-0.0050748798922413329,0.18864107526669086,0.98203298840533104,15.631503991289486,-2.1596463008989071,2.5256388764728479,0.6401587603357136,0.7134307303006373,0.7596899224806202,1,5
0.001158901371930685,0.99995361425277218,0.0095617095975900242,-0.99698657952041092,0.00041369664825891022,0.077573121061839279,0.077565567127441851,-0.0096227957424922066,0.99694081298655679,-20.026353641278558,16.033924292246095,-6.4142751758880401,,0.4493268375279089,0.1666666666666667,0,2
0.69048587088923141,0.68974161857126659,-0.21791227985827172,-0.68682596595838319,0.71967959198940268,0.10164338325390886,0.22693469234049216,0.079484492101647861,0.97066104327291824,-0.36845541613068711,8.8122665200609767,-1.7613487853185257,,0.07024671379980083,0.1935483870967742,0,4
-0.2801303865186533,-0.8796175793012676,-0.38444750062016103,0.94713819240434494,-0.31849725881416463,0.038584201649038558,-0.15638481715927743,-0.35331630349028864,0.92234016428323129,24.84806290452801,24.481480758732424,3.2043406002348216,1.293664165394139,0.4006839168075886,0.1111111111111111,1,3
-0.60090978681285023,0.79249325973320439,-0.10422025422140713,-0.7985846094444865,-0.60081393889621615,0.03585013788551477,-0.0342059888167522,0.10477138972760351,0.99390789624774323,14.635652569554278,-5.7292809782983412,2.7762744425986048,0.4103058395159186,0.4388199949615202,0.4303797468354431,1,4
0.14299855829555461,0.9815822280498534,-0.12667968227809132,-0.9815010204104182,0.15710813005952246,0.10942021021048871,0.12730734173134023,0.10868930511271778,0.98589019454268545,14.520305729545765,-8.0616775678754653,3.1625412864269014,,0.1218497153407089,0.3793103448275862,0,5
-0.88489552237349989,0.4252476892959216,-0.1900639819424271,-0.43642781287480303,-0.89953216159479221,0.019304258750788113,-0.16275957309064176,0.10003146007672134,0.98158190099566944,-5.7243408186924469,3.521874186909292,-2.5254633323285067,0.4440761295405388,0.3462242254650611,0.6956521739130435,1,4
-0.93020495912441803,0.29667332301709121,-0.21611032698679106,-0.26657844771175787,-0.95080481828627295,-0.1578167568390576,-0.2522987618596863,-0.08919157434200449,0.96353007105666666,3.1017001922999241,9.5623941818478837,-0.96324476764624234,,0.5394152334949456,0.3920454545454545,0,2
-0.8587506534652668,-0.4473023769400698,-0.24993578926744661,0.45277313816191994,-0.89079213815127101,0.038546750406412568,-0.23988288920217821,-0.080062164545128794,0.96749483165356731,16.01448920371471,-18.344703986325424,4.9773336232720524,0.660391644651446,0.6108647072536881,0.9411764705882353,1,5
-0.96276277495681306,-0.12769366579636898,-0.23829008974974672,0.13009345405401618,-0.99148537577323625,0.0056958616644067492,-0.23698846463436302,-0.025516217260591671,0.97117732175280824,-6.3193780323776485,-26.269453173290582,0.89214131397818275,0.5651158409454924,0.5341293936561543,0.5161290322580645,1,5
-0.96941176309907384,0.078914434764012442,-0.23240771405230784,-0.077798397678798092,-0.99687110281948221,-0.013979044390753387,-0.23278368259771665,0.0045294976921813959,0.97251798994512173,21.293856277744922,4.3116213243067865,3.8113348098285753,0.9692982901022164,0.8600137922567637,0.8295454545454546,1,5
0.20875589049109802,-0.89667275790922862,-0.39038307264624728,0.9757164391305998,0.16389203875945335,0.14531631030813769,-0.066320499060017885,-0.41123881730051498,0.9091117789082388,-26.1398938618423,16.386713141956424,-7.6709781719193417,,0.3589195948160802,0.7,0,4
0.26416212188965416,-0.92533657465588504,-0.27197536094814145,0.96403159560706664,0.24474270892913813,0.10365369794330767,-0.029350571204847756,-0.28957422197105787,0.9567054478468322,-7.8130339412643419,-7.3520241780737763,-1.8274692392775629,,0.07730825619946227,0.3786407766990291,0,5
-0.41765585872189159,0.8847176059949966,-0.20697425278947437,-0.90851449078472235,-0.40985525456048827,0.081363937609569517,-0.012845376968232279,0.22202123310989685,0.97495721359396337,10.527148335112981,-0.70373310603884109,1.4582884965787741,0.1466549820358553,0.1213201048161451,0.620253164556962,1,5
-0.89277014245509378,0.427250092201934,-0.1428944766397609,-0.4158556518217813,-0.90353579201878798,-0.10337866989308632,-0.17327882036935094,-0.032869914122508719,0.98432414333744034,3.3171900444780702,4.6707423747315557,-0.52572018120925235,,0.08061834979965923,0.3488372093023256,0,5
-0.54584048930005324,0.81037703576741327,-0.21294886743417632,-0.83651027526722543,-0.54162338686928024,0.083034126530001917,-0.048049137484756706,0.22345730396894559,0.97352869176511725,1.983129772202384,7.0704566764281802,-1.0568356740484834,,0.08552146193926799,0.3857142857142857,0,5
0.021496967391360849,-0.95786432943833311,-0.28641544438564825,0.99614890145187351,-0.0038356210379158484,0.087593687828974878,-0.085001450159401276,-0.28719542893456212,0.95409304528955285,6.6739285167291937,-18.337543322970628,2.8061835343682513,0.518437259780858,0.4954252055244549,0.9069767441860465,1,5
0.54644082586143328,-0.72694898360697302,-0.41586969000477164,0.83604310211380828,0.50274123610556254,0.2197343417105572,0.04933918564179926,-0.46775680086113225,0.88247901958537467,0.16579909470114126,-4.9974685122682114,-0.32584718230249293,,0.1221964286498162,0.303030303030303,0,5
-0.90347026223629456,-0.26906524986583363,-0.3336845464946151,0.35067455920875423,-0.91162884821733847,-0.21438329370936074,-0.24651336429984141,-0.31070361184344891,0.91798389245618495,-16.490739197020467,-7.8258311385576658,-3.5931084559014659,,0.34829093723409,0.2173913043478261,0,1
0.52205725224033783,0.82352869696228637,-0.2219385290184365,-0.82851163920660165,0.5514475355165821,0.097334882092075886,0.20254552348165733,0.13306427338804036,0.97019029580039329,0.41849159953894899,-3.3827278591622365,-0.4197384222446201,0.2063076981107155,0.1982798897762788,0.745920745920746,1,5
-0.21925197694050469,-0.93536148496517246,-0.27753821908239318,0.96706355722798443,-0.24603628323538435,0.065224409642962139,-0.1292928725384177,-0.25409651665354233,0.95849794644292241,-4.2389665934403755,6.671496745406519,-2.4170266725379053,0.1692534614427302,0.1578264539359407,0.6086956521739131,1,5
0.96688104219802418,0.12728778127908333,-0.22122131672855008,-0.093380131709025982,0.98309005063321075,0.15752492929056766,0.23753147420935647,-0.13165019211167778,0.96241728251153646,2.3154198403524,-3.143873651012985,-0.084783353879592932,,0.08167886073071354,0.3035714285714285,0,5
-0.96490580413425453,0.1702907776765912,-0.19989457267852515,-0.15151714287861992,-0.98277163953285163,-0.10584167394656611,-0.21447457789194577,-0.07183979098113423,0.97408403121592124,16.469393990088573,7.9355088833435286,2.4325513884370134,,0.1239807821672843,0.3043478260869565,0,4
-0.95600346544151626,0.22473625524255464,-0.18854970072467669,-0.21057972537431244,-0.97321075975648175,-0.092287574220426521,-0.2042389613298379,-0.048522496573907781,0.97771775784279602,-7.2183287167347947,19.373609436777564,-4.0488315308989673,,0.115305012460181,0.3125,0,5
0.86561160013229088,0.46599166669749187,-0.18321660482856827,-0.44880733418382057,0.88430689599651358,0.12873729248288285,0.22201021260119225,-0.029207537751486771,0.97460678493393849,12.111961585390194,0.64817320486035956,1.7056796424675211,,0.1528123263333879,0.4,0,6
0.86804308767494076,-0.34594917978585171,-0.35611846757118998,0.46968876599215986,0.8046687046415878,0.36318141316866959,0.16091507400028895,-0.48252195885361132,0.86097555028209494,-9.2302420376940155,12.804315823028332,-4.032258117307391,,0.4581595153605938,0.1578947368421053,0,1
-0.69952732031760512,0.69876904859553812,-0.14961064418736283,-0.70804813584390724,-0.70604557112838817,0.012941747098301079,-0.09658864041510877,0.11498464338717107,0.98866028863704569,-17.409860232027675,5.4477844276908538,-5.1784853973757548,0.1725504192105278,0.1641857206486557,0.4761904761904762,1,2
-0.31345800365957088,0.94368562496160158,-0.10583723911076798,-0.94948807127871215,-0.30974073096211507,0.050329733582521886,0.014713342284791609,0.11626745384624232,0.99310895511767716,-2.8107446265651768,-12.766560183961642,-0.080433805887437773,,0.07846809673257141,0.3125,0,5
-0.97326880705425012,0.04949426953375282,-0.22427248270467157,-0.042347952335352365,-0.9984335541317696,-0.036566226450175737,-0.22573099066853833,-0.026091287187929534,0.97384021511985075,-3.9613775613173585,2.5173678168406668,-2.0586372277501264,0.1896976532078992,0.1330201157513627,0.562111801242236,1,5
0.189352505333414,-0.94298043502891049,-0.27373989091224182,0.98076309304849218,0.16816754421947055,0.099113230121649368,-0.047427671647615965,-0.28724132053706869,0.95668335395689141,-20.571943749732775,11.725809291269019,-6.2194052464226175,0.3318384597180239,0.1645022313688487,0.6029411764705882,1,5
-0.64373673793388797,0.74856098140017047,-0.15893227916144334,-0.7604235665137028,-0.64901301571578707,0.023197088655257127,-0.085784682343745672,0.13578866873459461,0.9870169328428311,-12.259338072593923,21.660819716714233,-5.4107733899176989,0.3400505865309472,0.2573835482047982,0.4782608695652174,1,5
0.48787499896316938,0.86619661183659546,-0.10808059506446703,-0.8477109574526831,0.4996807631970886,0.1780597301621839,0.2082405291996306,0.0047502140558973683,0.9780661109889659,-0.45745007500951212,-27.466916454952379,2.3756415814906449,,0.2005614856247022,0.2941176470588235,0,2
0.25924255670153673,-0.91398118483806257,-0.31214049810439815,0.9626571886608225,0.21842661368285271,0.15994046253116476,-0.078002781453559086,-0.34194766879897431,0.93647603166789883,3.6855579338171092,-10.504929186092568,1.0873067104877223,0.5534041785136959,0.232021486130991,0.5,1,4
0.4500834626171884,-0.83738272629960586,-0.31018550316473997,0.89270740617055144,0.43060982160579558,0.13284829131333442,0.022324059818268353,-0.33669771491898465,0.94134812111225163,-15.199673272945105,14.774033752051235,-5.4260779211922356,0.7722835071631931,0.8407776685437895,0.8478260869565217,1,1
0.58020059190219375,0.80759052471070314,-0.10566370026567967,-0.78677817452418486,0.58927816216014617,0.1836609694343139,0.21058816977393424,-0.02342630996661758,0.97729413727526937,-7.3754769747329139,-1.2143404110543661,-2.4239917700101965,0.8568534262452399,0.7294995326214229,0.9917767256416646,1,4
0.15252713613328359,-0.9205222850051219,-0.35968624598659316,0.98427870135013629,0.10869390050223678,0.1392159260361375,-0.089055661310599568,-0.3752657175956246,0.92262924860746354,-3.4522357680164539,-8.8769841346501419,-0.65013490708754051,0.5624479786158411,0.6705004677962544,0.6282051282051282,1,5
0.43007202463922745,-0.80629354463289349,-0.40611423701471167,0.90142945264946339,0.40824894035790527,0.14407548227487391,0.049628575627413588,-0.42804616874815393,0.90239319694976772,-1.2931921849301331,-2.3466541665595106,-0.96408787796877005,,0.2954764632248835,0.4015444015444015,0,5
0.75997567237845631,-0.60006086948845427,-0.24972771232218596,0.63885835559201853,0.76034909734604206,0.11717188935627915,0.11956997483973238,-0.24858842103730089,0.96120071683442199,-7.3741436277202528,-9.2567525189642996,-1.4696309106745689,0.4215766938127071,0.3963823803926593,0.8777777777777778,1,5
0.95919098414160198,0.22205310390489702,-0.17505734771116507,-0.14730640740495415,0.92087503790702163,0.36095704300815201,0.24135757348571521,-0.32043967233466014,0.91600487887081983,3.8269828739497687,-4.2939685790283706,0.39874521018892128,,0.1385154179679719,0.22,0,5
0.83539338846630984,-0.45997152149655796,-0.30090544348502635,0.53090874765603824,0.81699595772893285,0.22506333934446737,0.1423158043545274,-0.34776975783803732,0.92671592592563046,-5.573639111954928,20.03241119272278,-3.7330161107655853,,0.2428874437814078,0.2941176470588235,0,3
-0.98986265396924278,0.086132057227170641,-0.11293004469486312,-0.071221708779359461,-0.98895280150661657,-0.12999932534734157,-0.12287959340556313,-0.12063840644683282,0.98506191704605728,12.064039670354093,8.9844565839374919,1.266228683241982,,0.4508676477293527,0.3478260869565217,0,2
-0.97097151037131768,0.0097766309837975553,-0.23899527931289632,0.049185408634296497,-0.96965157642244171,-0.23949241307179525,-0.23408357828929388,-0.2442953905174651,0.94102318810282237,13.304573927459835,1.7739071495014465,1.9394361466514058,,0.3854266304267814,0.1875,0,1
-0.5278561139463066,-0.77306309863474598,-0.35176891349115691,0.83587244669744443,-0.54628602847603536,-0.053747818038579503,-0.15061598793465347,-0.32240505675489278,0.93454256380185408,-5.1659492167648686,-15.237512147228726,-0.25581436460315093,,0.2448585419249291,0.2258064516129032,0,5
-0.94844822552050101,0.25024541169052655,-0.19448186916741847,-0.24257263733383252,-0.96810428214173205,-0.062710561437062246,-0.20397176060406752,-0.012301740798822076,0.97889947801058563,-16.155802006569136,2.5762914098729524,-4.7006533107763628,0.598182238446161,0.715509868478039,0.4568527918781726,1,4
-0.15764266338296073,0.96854685639393978,-0.19252474555481083,-0.98593663986905988,-0.14342046713113435,0.08578759684007993,0.055477318295276336,0.20334098597504971,0.97753501757096173,5.5359988576227286,-10.997725455178076,1.5851948930145072,,0.09722041181193972,0.3333333333333333,0,5
0.16358814714191738,-0.91142887319734434,-0.37753983527158047,0.98423489613305404,0.12470153902333779,0.12542406228139,-0.067235313255977383,-0.3921057705102397,0.91745979605862882,-30.217152800398651,8.431833243164748,-7.7060718596338509,,0.404868937970369,0.7746478873239436,0,5
-0.9720398483015954,-0.027384963474436828,-0.23321362972458529,0.031597277210658664,-0.99939774178650687,-0.014344538504394842,-0.23268035023758454,-0.021312378739479953,0.97231971960141839,-14.73584026750256,-13.093178551525153,-2.6340498028336952,,0.4989990560677733,0.4230769230769231,0,1
0.88425741241868694,0.42587401057300611,-0.19162503933743161,-0.39676119156642109,0.90152570610601013,0.1727193043549396,0.2463115617452877,-0.076698946202172796,0.96615106800234629,-20.397308114447238,18.5560782154067,-6.7263363507129048,,0.8741744635082308,0.5588235294117647,0,1
-0.77240083353009226,0.59720805693443024,-0.216193175411765,-0.62243293947519807,-0.77948730566832047,0.070546269626448582,-0.12638903519801151,0.18905575112792949,0.97379861098030496,-14.632163941063999,-18.05086350716687,-1.9594411104430596,,0.1343156921831978,0.5172413793103449,1,5
-0.11475965438204201,-0.90219744230700705,-0.41577637838243198,0.98449496080773857,-0.15918578391588209,0.073685536866182677,-0.13266459162220243,-0.40087362259667708,0.90647694114959887,2.1465660696055751,-12.5681381825103,1.0895419407251603,,0.1020800314039338,0.2727272727272727,0,5
0.44343997425812481,0.88975074893091277,-0.10818777198387122,-0.87651500535026416,0.45570275402728322,0.15510140350034315,0.1873030555697919,0.026050043163684828,0.9819566999747954,11.915764278160944,-1.2703166857861494,1.7275736561701882,,0.4282997059788898,0.4137931034482759,0,1
0.024973399251046576,-0.94947873502605551,-0.31283615689873345,0.99206341515227792,-0.015037769564593562,0.12483607572701334,-0.12323355730581771,-0.3134708873561361,0.94156757226123167,-6.3496472591315039,15.375665321066412,-3.5441909241531322,,0.3202089058093855,0.7538461538461538,0,4
-0.83916101287839306,-0.48525740967276026,-0.24562988584981593,0.48850463883055384,-0.87101969049066075,0.051845121454042686,-0.23910669648912133,-0.076484934040876709,0.96797626136120873,-9.1319860995823543,7.430115370798255,-3.6046000725993683,0.2219960141281221,0.1838482050247179,0.8088235294117647,1,5
-0.5108530618348065,-0.71889906439714735,-0.47139504072795552,0.83621343890394073,-0.54276047677759642,-0.078473877466343059,-0.1994397999659292,-0.4342754886671174,0.87842391026911815,-18.627399540783486,18.730694670169225,-6.4167138068350642,,0.4118976444794017,0.1904761904761905,0,1
-0.27184341492903091,0.94860653149811891,-0.16200866075254428,-0.96130065175518042,-0.2598460045662937,0.091548407118859157,0.044746113739513885,0.18062586279390858,0.98253350222532776,10.750023254480029,8.706265626239345,0.97368070574338872,,0.09609533400770576,0.2631578947368421,0,3
0.839013305679565,-0.48740596789287949,-0.24185139105462078,0.52331686504664099,0.84455841056789727,0.11340436454027654,0.14898366236069502,-0.22171268254530119,0.9636635070127757,0.65061063962904697,-14.771778723432657,0.99361617110571721,0.4247471498193714,0.4157298984454579,0.9594594594594594,1,5
-0.82318581840658711,0.54513134383943074,-0.158735397243636,-0.54891116639545223,-0.83556650349544725,-0.022916143715252781,-0.14512628907493902,0.068267387530286328,0.98705517779865182,-16.369827747881885,8.5560271110504544,-5.1831064435818011,,0.2953388106114576,0.2857142857142857,0,2
-0.079978122693966855,-0.9596092745497945,-0.26972864157958271,0.99054761804941993,-0.10676382554224959,0.086121437123435729,-0.1114401914345564,-0.26029123257152237,0.95907745150192547,-4.7887127295731675,8.4612929891337458,-2.7258807235430123,0.1350427008521429,0.09129295629266218,0.3703703703703703,1,5
0.91948885731376961,0.34061585199750782,-0.1962678849018078,-0.30563336780484573,0.93339888598988074,0.18802862579170343,0.24724175569689935,-0.11290421161701847,0.96235344507049669,1.5125676998260926,-4.5206377349994806,-0.088624034172556015,,0.09687906183960625,0.2905982905982906,0,5
-0.31966751404396732,-0.91279052692484686,-0.25421670759651249,0.93328836749029598,-0.34966039631206913,0.081917216494367215,-0.16366277393545617,-0.21107122306735127,0.96367185038300485,1.1280659696186808,-5.7067985807055299,-0.02796222768144278,0.1645070675123472,0.2180634228071923,0.6363636363636364,1,5
-0.31269508409081909,0.94637650801950812,-0.081199072988787493,-0.94972691653999375,-0.31011297926575743,0.042996791628595196,0.015510267079341774,0.090561830589486012,0.99577004697641414,-18.118763487637004,1.3061612950262027,-4.8166152140957763,,0.2747434606733606,0.3846153846153846,0,1
-0.33929911212799541,0.93917407276924214,0.053180574904643063,-0.93896414722403998,-0.34155071166140288,0.041102817317320899,0.056766563547441772,-0.03598850374249607,0.99773863554609887,-16.749127524031273,10.204350482348717,-5.3694397057585235,,0.5186198737848348,0.2142857142857143,0,3
0.76856546695378913,-0.57979191061361002,-0.27045972600948459,0.62748528620231958,0.7655857095817068,0.1419180639801341,0.12477715578461868,-0.27878282169333163,0.95221363134698256,-2.8194015192917932,11.692455443877236,-2.5412716625284695,0.5974189610764176,0.5802250386568697,0.5609756097560976,1,5
0.15315318186019206,0.96940683511550929,-0.19181890135602159,-0.97954347067985181,0.17456372555763677,0.10011041288451762,0.13053234056956706,0.17256272410567211,0.97631112577633805,3.6174769051552049,13.90542315644039,-1.1263638852672915,0.5170895542907981,0.4923340189113546,0.9407407407407408,1,5
0.96963316131828925,-0.047839406417767891,-0.23983937054932936,0.092854392954934153,0.97926174953866685,0.18006800826199651,0.22625117498230501,-0.19687005126241877,0.95396676500550137,4.6468292680832279,-12.693475183234352,1.5973326653588893,0.2459094450648223,0.2053506943837519,0.4,1,5
-0.77197783190239533,0.62082059775893295,-0.13649912984894363,-0.6262728711996236,-0.7795946372856003,-0.0038068773178738832,-0.10877737747646463,0.082546877068577468,0.99063287611282536,8.165388286870165,-0.0087199501815911906,0.94071757614797513,,0.1472246374086579,0.1509433962264151,0,5
-0.015520930301896566,-0.95693896157399294,-0.28987398045401119,0.99512992781568965,-0.04300761637871886,0.08869482340566294,-0.097342321156342115,-0.28708564707262851,0.95294611797141315,-2.5593665386769651,5.6717109138327011,-1.9878614030426811,,0.06877412046055056,0.2692307692307692,0,5
0.93173979302102161,-0.2216030476841786,-0.28766829397455007,0.30876447339530982,0.90042333410049935,0.30643485339670196,0.19111634694620336,-0.37433929617984923,0.90738339926709821,-15.759591503719291,-4.6335415148814096,-3.8130709940646916,,0.3561191143741521,0.1724137931034483,0,1
-0.63220236523099982,-0.71094929966637954,-0.30801178987210087,0.74084511765220429,-0.67107661077399172,0.028367131031974982,-0.22686709996652735,-0.21025526337283021,0.95095953813861123,13.468190745466678,-12.554523767713814,3.6153963558105051,,0.1655080500773752,0.3333333333333333,0,4
-0.23064961463414807,0.97165711575270508,-0.051799659036063074,-0.97235839122950651,-0.22817430017728244,0.049554492673945315,0.036330624474178737,0.061797557765179478,0.9974272643053097,9.9365763969631065,16.086757988693563,0.28261543571059122,,0.1310320403862667,0.2727272727272727,0,5
0.48513779146630243,-0.74972620937094958,-0.45005770104894999,0.87396063285827053,0.43272015500473821,0.22123760906917939,0.028881404141249897,-0.50066343828458537,0.86516009273422179,-21.621809446371291,-15.695240716795338,-3.5332155039563746,,0.1516699853887043,0.4,0,2
-0.88151146081558274,-0.37446732814858336,-0.28759653092490184,0.39690498683069492,-0.91760119086614234,-0.021782698408656858,-0.25574201039270533,-0.13335019561402212,0.95750391615387098,-9.0813151176165601,33.443990323471489,-5.588108180534201,,0.5116858546499053,0.6060606060606061,0,4
