axis_00,axis_01,axis_02,axis_10,axis_11,axis_12,axis_20,axis_21,axis_22,location_x,location_y,location_z,dbh,dbh_approximation,score,reconstructed,number_clusters
0.77060192524345372,-0.60467614872196596,-0.201344053743468,0.6020453789194038,0.79431403151915847,-0.081280877539382998,0.20907901504664014,-0.058583056411829038,0.97614240301739486,-6.8610821099210737,5.4038458053835274,-2.5572140397438963,0.4732346344045012,0.4187173722893195,0.9632721202003339,1,5
0.44271655588886349,-0.87312987976277179,-0.20407416349786064,0.87940465738203821,0.46723798521466553,-0.091302320602059062,0.17506998519644643,-0.13904272090975772,0.9746884743574884,-7.7040787038200191,6.8264774399751182,-2.5979306886994413,,0.3047573073872739,0.1493506493506493,0,2
-0.17909977485219089,-0.90583609998647541,-0.38390653889871085,0.97855468563954107,-0.1236581543754553,-0.16474036563439914,0.10175459626372652,-0.40517850488118062,0.90855730767049447,1.6844736182289053,14.63257376658084,0.23934019860489603,,0.2267750814461804,0.1176470588235294,0,3
0.24463955021581663,0.96703294714852828,-0.070701977337513933,-0.96394398000747861,0.23468728323255025,-0.12543477387178731,-0.10470670407163322,0.098839052090538448,0.98957937928409723,9.1254760934317414,10.993258014485486,1.2574535377713754,,0.6159620675824281,0.6111111111111112,1,3
0.57504672317077077,-0.75669837336079293,-0.31101260090820909,0.7892892593400519,0.61316209231695828,-0.032476355028271307,0.21527594213239706,-0.22680348387672547,0.94985075061316271,-5.3163403620425633,-5.2192275707397089,-3.5685497055317992,,0.3182449950999609,0.2272727272727273,0,3
0.76825792000097437,-0.61121843932371389,-0.19024139346225361,0.60586600171537774,0.7902118689511658,-0.092149824384681736,0.20665467892404102,-0.044465960007506918,0.97740299880827675,4.2630903033939243,10.793858526015875,0.30980262888156124,,0.07668655183230966,0.125,0,3
0.95281209532547329,-0.23847340414254328,-0.18782850294390702,0.24592369141108997,0.9691389688708173,0.01706449585404464,0.17796249325131694,-0.062450736846549434,0.98205359144147442,-0.36485127277055451,15.272883124851864,-0.10062139257923969,0.2241836349252447,0.2055293765820601,0.4,1,5
-0.98968415840549639,0.10221547781536454,-0.10038557015917363,-0.068624789352623894,-0.95330186495516467,-0.29411935087531138,-0.12576130123179247,-0.28419632363558689,0.9504822695581987,-3.8357546369853095,4.2791121699775969,-2.0715402087273671,0.6575465771567969,0.2394644038994853,0.3005181347150259,1,2
-0.79238530915430661,-0.52209723485808635,-0.31549960251951825,0.60787394671327999,-0.71914402029373603,-0.33663205875701013,-0.051134985515342124,-0.45852628651943483,0.88720846356819816,1.052190131646884,19.683552507911354,0.73182473286439653,,0.2526696585123588,0.1428571428571428,0,3
-0.94231585438126031,0.31016082579773191,-0.12586140282939889,-0.26968498923871509,-0.9262264256964724,-0.26339061281839837,-0.19826960725494314,-0.21425421928635677,0.95644356464820435,-0.052162238845718557,5.0070809712490068,-1.2977539762832029,,0.392195365642978,0.1375,0,3
0.68648949752356414,0.72525263551923425,-0.052352501967437688,-0.7270288805794386,0.68586059147844503,-0.032003997566666879,0.012695534382386896,0.060032189109205554,0.99811570455408782,8.6006013590342096,12.76362235698995,1.3718429785990456,,0.538033323099574,0.2916666666666667,1,5
0.93656125503552135,0.33189915180636448,-0.11267638881551653,-0.32960777089382015,0.94331463641715285,0.038938593805920539,0.11921297300502424,0.00067063506565656151,0.99286847936467004,0.95961728353875342,24.117825136618762,1.2706281657280996,,0.2066632012948527,0.3333333333333333,0,5
-0.52935124075822193,-0.81401060653147439,-0.23911084534581856,0.84816272730162046,-0.50104505202242711,-0.17197047380326733,0.020180483740680519,-0.29383769039744434,0.95564227605202112,3.0838373130213741,13.43578694142322,0.39992186692874038,,0.07818643700432068,0.28,0,5
-0.98998191314640072,0.0057445942116165962,-0.14107732376372803,0.028382948318531116,-0.9706791698197309,-0.23869720887104096,-0.13831203811577455,-0.24031010989016174,0.96079177306887797,-8.9945997584643855,-11.826271161588556,-5.2501472902475781,,0.1149704074306619,0.4666666666666667,0,4
0.48097164634913242,-0.85641085131753314,-0.18768785030944754,0.85654470892465573,0.50468021245082373,-0.10783804882214285,0.18707601936480356,-0.10889599123093599,0.97629105602399635,4.1655473071924485,-6.6861979626241554,-1.8434048215278753,0.3040125832058346,0.1982123941423843,0.6496350364963503,1,5
0.23751604427955253,-0.90059161029254431,-0.36403417446783293,0.95979025873832891,0.27530491912754124,-0.054862197688309973,0.14962883392183088,-0.33636580232666485,0.92976839002212464,13.726048734989707,-4.1642219158310825,0.30579536313297445,,0.260527461407297,0.3,0,2
0.54141774222740635,-0.81874973682862329,-0.19109080784914489,0.81723012255119465,0.56588400659705285,-0.10913394463972886,0.19748862042238913,-0.097078110409750604,0.97548658898158846,4.3830470280761329,-2.8185126712582407,-1.2951978641922441,,0.08864548189708096,0.2440944881889764,0,2
-0.83705837600604827,-0.5149310669753463,-0.18487636793746476,0.54711330576696904,-0.78816176413270189,-0.28190080562489805,-0.00055300167840031987,-0.33711575137163058,0.94146304460997554,10.252340596042997,-4.7906678356807095,-0.42346228193025387,,0.1924222992264787,0.1176470588235294,0,2
0.66256960261574205,0.7454711629071894,0.072624148624410703,-0.74899978275374079,0.65932801995211054,0.06546669031560258,0.00092039364801655213,-0.097771710529335518,0.9952084432397571,-33.674466158549706,-9.0926498413099122,-9.7217479708633761,,0.3856439169749003,0.5,0,2
-0.071930723319968165,0.98718273996237016,-0.14246476393499335,-0.98613111514504459,-0.091807525594921363,-0.13826352370357434,-0.149570701627883,0.13054354125932482,0.98009539793329181,4.0342251697330402,6.8361731840451059,-0.19315319821998117,,0.2202246368381035,0.7681159420289855,1,5
0.78022468493382124,-0.59171310760629103,-0.20279309482037025,0.59062543212643048,0.80367308368994661,-0.072602847587115771,0.205939408432153,-0.063128225376581734,0.97652638838662054,-15.02718922470217,11.96513665524388,-3.4485897828210508,,0.07347549470657969,0.2571428571428571,0,1
0.21486165443903515,-0.95987061585836886,-0.18023004817009863,0.9620017572469266,0.23984104593803646,-0.13049479582409951,0.16848468329656968,-0.14534329532188306,0.97492986311807561,-3.0156039287792069,-3.1635316730629826,-2.7728192469750734,0.4210138103925497,0.4241431644850214,0.9322242760320394,1,4
-0.54785439400073821,0.83636109334460351,0.018859600035586569,-0.80560910257918061,-0.52136555467516066,-0.28137507394904127,-0.22549841865443362,-0.1693460360849362,0.9594125198509077,-10.40139063793732,7.8881067277100287,-2.9834359777996635,0.4829403849396673,0.3332688916940225,0.15625,1,5
0.74414760045713224,-0.61892016541154204,-0.25136065241171152,0.6362279010275923,0.77134102827271767,-0.015718653161461378,0.20361337551328904,-0.14822566225231001,0.9677658530667157,-18.595556967555872,-17.355096130645343,-8.0279568333468081,0.5224455771669082,0.6247635945477554,0.676923076923077,1,5
0.20142717491630283,-0.9256048369976787,-0.32044153746313248,0.96929500588953332,0.23546824919173948,-0.070865331299477974,0.14104710122099295,-0.29632817845941672,0.94461385014622623,-4.4765032727297331,15.423858017271806,-0.85947508533935324,,0.171647513163119,0.2105263157894737,0,3
0.64008403254752566,-0.70889475152170811,-0.29624426161982104,0.74099838363626958,0.67148203326777944,-0.0057684007319095806,0.20301188813991417,-0.21582425781997697,0.95509479268307296,0.04055882410323363,26.804014265040454,1.2727711078172721,,0.5174647256874292,0.2727272727272727,0,1
0.77591155201818907,0.61685534700756395,-0.13210126537207614,-0.62390297658288207,0.78133673566496764,-0.016061796643997296,0.093307766320631633,0.094880906238247964,0.9911060863377158,-10.38483216893399,15.352925018887353,-2.061174428054255,0.758754961043118,0.4984797664361628,0.3392857142857143,1,5
0.35350629119800658,-0.90554016304772156,-0.23458541129178648,0.91833561610867576,0.38368179994770846,-0.097200681968731079,0.17802527424422054,-0.18106708562406668,0.96722371364326953,-0.37653977472030231,-12.967537744166419,-3.5597099601291049,0.7695334823846124,0.4444562913853698,0.8994413407821229,1,6
-0.82163601193875002,0.55250514165274767,-0.14018677659702164,-0.53193955600662224,-0.83158085102635704,-0.15972976229168231,-0.20482815392631873,-0.056668833176243154,0.9771561137840663,-15.864205256435165,12.720703925523454,-3.5608748803432464,,0.139515632691391,0.6785714285714286,0,2
-0.9634093740128673,0.25480997544348188,-0.083151996239583345,-0.19547535060526891,-0.88020109893385423,-0.43247591001278129,-0.18338965447887917,-0.40039718012259817,0.89780305901683655,9.6647351727729962,8.7147765349211959,1.1086890426917371,,0.191570463326442,0.2916666666666667,0,1
-0.95906752229249925,-0.21001323326641444,-0.18995770459950523,0.25515220606259825,-0.93184506297723868,-0.25799637661474145,-0.12282849598165622,-0.29590407306749372,0.94728767548034276,-22.56017583689103,-7.8796147521742448,-7.6185786094148513,,0.3549692426536334,0.4444444444444444,0,1
-0.94009663370336782,-0.27025454187430709,-0.20779990831543663,0.31486392695119697,-0.92199508905409056,-0.22535696852995379,-0.1306867506844776,-0.2772860226489024,0.95185788584172837,-1.9517453282433797,-14.308140127923647,-4.0404525660714352,,0.1131646506227425,0.4,0,5
0.96890403788567903,-0.16320771166978437,-0.18597905317626304,0.17460352680067465,0.98353897327882867,0.046526298696479736,0.17532419626963308,-0.077552117270520124,0.98145152468640384,4.8539483983489848,-13.192371204134203,-2.4903242116612248,,0.0977644964184855,0.1818181818181818,0,3
0.21414079643541284,-0.93992262325628129,-0.26587437182443729,0.96173931536823209,0.25049518009756144,-0.11094888022389435,0.17088361120087803,-0.23194315475763097,0.95760177755893194,1.9320423784001473,11.005362452417852,-0.099792986000895978,,0.1469363401107069,0.1470588235294118,0,2
0.51195447420423668,0.85851652720926086,0.029188848055618825,-0.85749080860625626,0.51277410535241752,-0.042097862603900228,-0.051108996253620628,-0.0034769798069956971,0.99868702860974878,-26.809189635352705,-7.4277815328365975,-8.2756702101805466,,0.3696477384027409,0.375,0,2
-0.77448382598359655,0.62924017417207001,-0.065050799362612932,-0.59609791980418025,-0.76035596789461479,-0.25792648582914934,-0.2117594703784017,-0.16098324538581071,0.96397215800567193,-10.308132491146649,11.975048591219489,-2.4153581342306754,0.34865331708318,0.2982303815965648,0.2666666666666667,1,3
-0.18641171737919771,-0.90684060966989144,-0.37800896851434135,0.97704939150176462,-0.13074474272994463,-0.16816747252221911,0.1030784079706747,-0.400681820029333,0.91040041789764736,-7.3895236465825507,-5.2369258454344143,-3.9683679922773907,,0.5162196019426893,0.2692750287686996,0,4
-0.5958793119852871,0.79359870757503304,-0.12299974342728469,-0.77758947072130613,-0.60844046755108472,-0.15860268746013229,-0.20070490918584843,0.001135245107717597,0.97965108617672936,8.028140344614453,11.696743356051092,1.1540199369898168,,0.211214005132719,0.5116279069767442,1,5
0.70617766263223536,0.69982327843065861,-0.10751970873211771,-0.70771130880449384,0.70225806311714967,-0.077319571760205361,0.021396546205055558,0.13069426825043209,0.99119180588672162,-12.281499977310949,3.7584858337430571,-3.9217103099883532,,0.1498481310788443,0.1428571428571428,0,1
0.35937038833469526,0.92951998578366202,-0.082737657792029504,-0.93138457525542173,0.35174068907806866,-0.093815034099890005,-0.058100748398349659,0.11077492349636794,0.99214576517764053,-12.450286452405255,-14.733755887383523,-6.3715165698354532,0.5011659101023853,0.4780896542472286,0.9710982658959537,1,5
0.85813408241049793,0.49629648897586653,-0.13151308541632015,-0.50944009000371893,0.8549196896824427,-0.097893405754829341,0.063848972603289242,0.15100370599261595,0.98646905145270536,15.556245319261684,-4.900549831409605,0.51848592898964885,0.7969313380913634,0.704055494992748,0.9922178988326849,1,5
0.6203141433095285,0.77405796324470821,-0.12666741154543634,-0.78434901235175269,0.61271272619612549,-0.096849068039621594,0.0026439426993132313,0.15942830581413997,0.98720596881919076,4.1089090546438323,-13.738382253430306,-2.6869100610094865,0.2539365294263325,0.1631871750785376,0.40625,1,3
-0.18470364329722341,0.97621985753437512,-0.11348724116963953,-0.97292576395503982,-0.19794884336726801,-0.11929674447386468,-0.13892451902106334,0.088380117476300701,0.98635132323611774,17.03409607811491,-18.391734612149389,-0.80426904333607674,0.3498889736562114,0.3410519927136189,0.3529411764705883,1,4
0.86263277887103895,-0.45909545654604184,-0.21235830710384687,0.47105619597478932,0.8820789139038463,0.0065459819716428419,0.1843115543068071,-0.10567947494662205,0.97716994403430968,12.98625513078874,-4.7751407993615427,0.091411479956256397,,0.4709314638962759,0.25,0,5
-0.74644183318588087,-0.63429093846480389,-0.20124511186992675,0.66476926296114636,-0.72444339841581606,-0.18238308450576532,-0.030106754926353271,-0.26991992863288355,0.96241197801909284,4.3233579026023099,13.962183263095316,0.712076282871413,0.1394297194141864,0.1949524512236475,0.9385964912280702,1,8
0.98231959122332846,0.14502875037011723,-0.11838446800536574,-0.1503675321755385,0.98792107045564048,-0.03743746542193948,0.11152500153001411,0.054576736031597947,0.99226183737855522,22.411985156001062,-3.7452897361055735,1.8830028303238675,,0.1789674184947927,0.2631578947368421,0,4
0.81841443143026327,-0.52230802600357684,-0.23956657613057564,0.53680526280834795,0.84368775224789416,-0.0055755294060599418,0.20503152988733325,-0.12403750513108634,0.97086392922639597,2.3697202932453094,-2.6097427975575829,-1.6549244383814947,,0.06955185367129937,0.2,0,1
-0.96817318360944338,-0.18494510417334747,-0.16862975710669936,0.21256041521879179,-0.96330600628159235,-0.16388901166284361,-0.13213158752383794,-0.19451695736906449,0.97195905102751723,-6.8702425276788892,8.3116078318028688,-2.2232675302076683,0.300361871126798,0.140226928057491,0.379746835443038,1,4
-0.15146628830827244,-0.96728775349900242,-0.20350028362872111,0.98292545727955694,-0.12563093580581317,-0.134441114992147,0.10447731302963023,-0.22038890602616609,0.96980060897212272,2.671534971633672,7.8662114131421053,-0.3502394087786963,0.4401593418405033,0.3628503877213872,0.8789346246973365,1,5
0.33248680110632739,0.93863886362383631,-0.091703930041381679,-0.93883985889700572,0.32017347386312989,-0.12676224193609992,-0.089622800873060016,0.12824207706275184,0.98768503240370031,5.0602986393911937,9.0289401339583293,0.25399770123459442,,0.8050312170901712,0.7101449275362319,1,2
0.37344544858407996,0.91785301310579392,-0.13447804008257663,-0.92558385575756141,0.35900175394730344,-0.12005110005212839,-0.061911411652470362,0.16930323976633047,0.98361750193447817,-21.587214885810781,14.158207946394404,-4.6846848584602601,,0.0888143055565349,0.3846153846153846,0,1
-0.99896753299426089,0.03548606258195329,-0.028365602158084501,-0.024672602867276818,-0.94805907189736349,-0.31713602580101841,-0.038146175314370305,-0.31610874008090989,0.9479557657155453,-12.185423856327979,13.272766632570166,-2.6555036835936185,,0.1362818189959829,0.1904761904761905,0,2
0.19624239497261389,0.97932641906959683,-0.049078379432614325,-0.97550912175162607,0.18991641029116504,-0.1109671594729192,-0.0993522812761891,0.069652867955576292,0.99261150617488769,-8.1170380224823369,-14.666718547813392,-5.3716150215811318,0.3446093270349995,0.2697526232425696,0.4210526315789473,1,5
-0.95918861481882267,-0.22310006007248043,-0.17373417740215663,0.2554886279813377,-0.94707034514568167,-0.19437932584987849,-0.12117244808190542,-0.23083354292930477,0.96541862074674267,13.159019796875276,5.0357440274431733,1.3480322368243616,,0.1063029291997967,0.3461538461538461,0,5
0.79500200780112773,0.59664366556457105,-0.10949038283724988,-0.60451723950035996,0.79421972754558434,-0.061432332889794508,0.050306209746312308,0.11502765197590578,0.9920876597064745,12.099358898711847,-3.2986567270070446,0.13011194239184512,0.6823428142942645,0.5213278544476987,0.9761904761904762,1,5
0.65856100916005078,-0.70694465980029919,-0.25792759680564498,0.72103417104805756,0.69089616316462354,-0.052651836676827261,0.21542312177465256,-0.15130016425715417,0.964728531194461,2.01923174219124,22.270668481001376,1.2145832623046848,0.7444877116264326,0.5626290641032474,0.7333333333333333,1,6
0.6936990923920815,-0.66035782883922522,-0.2875919107088144,0.68212805237520902,0.73052970779429005,-0.032057233080748454,0.2312636793299078,-0.17393643643795195,0.95721639491917376,-2.1564025690667394,12.997499821598291,-0.67456352103069883,0.6143455478084169,0.3106056144312187,0.6,1,5
0.97911134641343944,0.14463728507451365,-0.14290215915351229,-0.14700234686534713,0.9891174761041196,-0.0060768809019710246,0.14046807943636899,0.026956895809614634,0.98971816413955316,0.84206492945903544,-17.149600722080244,-3.8477600865244002,,0.2448856227872428,0.1428571428571428,0,1
0.97292106754921226,0.17646171990533216,-0.14928448588836249,-0.16092538329113554,0.98075919183973226,0.11051890623090749,0.1659144880096424,-0.083502509123540958,0.9825984498453938,-11.727103789834207,-5.1422733194809638,-4.8601751363661618,,0.4014058321201209,0.1509433962264151,0,3
-0.53465269918815039,-0.76094912440500939,-0.36756349290710971,0.84507036154699344,-0.48060381994046325,-0.23425638154267869,0.0016047696593709082,-0.43586282053632919,0.90001168125111353,-4.8492315835972404,20.906971052532313,-0.33348352140658838,0.4966179127542604,0.5992741378027487,0.3461538461538461,1,3
0.92854343341160905,0.35304580130685037,-0.11474212150638016,-0.35588979640240381,0.93451642746781249,-0.0046367671337499573,0.10559140630201203,0.045140989935987814,0.99338449048833177,11.580191117841519,18.419703167213743,2.677388188771904,,0.5636182541965588,0.9142857142857143,1,3
-0.12249743659098421,-0.96888096508931876,-0.21509080295593433,0.98548532872414418,-0.093080091364360462,-0.14196747325027836,0.1175289109032497,-0.22935948220902719,0.96622004896540181,-0.33729073819601946,11.020927695881849,-0.54747589703990163,,0.09744054276508207,0.2307692307692308,0,5
-0.2718376359662058,0.96076436648476438,-0.055101104938404241,-0.94714112117307681,-0.27724152441248889,-0.16143368212503131,-0.1703760436660943,0.0083047717950470359,0.98534411984347903,-4.3467707501095143,-8.4101863890174098,-3.7604435609384335,,0.2199800949803497,0.2840909090909091,0,5
-0.87507719496030389,-0.43880232775155453,-0.20418721806279824,0.47739498172808148,-0.85196156479848306,-0.21507097323201538,-0.079586018126629979,-0.28568165720945182,0.95501416557703989,-17.831057072864247,15.533702284469136,-3.8108847219830198,,0.09446811743231123,0.3157894736842105,0,1
0.98844433978916313,-0.029721025500414496,-0.14864201217007933,0.028955858260244171,0.99955396448640799,-0.0073096068238236288,0.14879296156464841,0.0029210824551784021,0.98886405631214647,-9.4261339061639209,20.984310090571029,-1.2394346188764889,,0.2426539300806142,0.32,0,5
-0.027750273170434697,-0.93473858696543277,-0.35425089467329973,0.99085245589461901,0.021098647657117272,-0.13329012609583657,0.13206563893219708,-0.35470920639998593,0.92560253127815262,-2.6057867910642925,16.477234542615523,-0.36594402508258395,,0.4687561595441405,0.3333333333333333,0,5
-0.2782827224920667,-0.94143466616367699,-0.19041926296383202,0.95702354708994997,-0.25492197449124604,-0.1382776816295912,0.081637348546933552,-0.22071600817967432,0.97191552464988229,9.127487269701021,11.564170395454427,1.3441021642945152,,0.1066218183520952,0.4210526315789473,0,1
0.84645362336394725,-0.47763426623464278,-0.23533331938452159,0.49415358203605603,0.86927597039922655,0.013096741862615524,0.19831414688563642,-0.12737658735016985,0.97182647841064951,-12.710846596483398,10.263016357453267,-3.1717718188877031,,0.1869991160781966,0.25,0,3
-0.39167446383818194,-0.86913301572111779,-0.30199158160549339,0.9185556875717773,-0.35032253742535713,-0.18311080962466053,0.053353193031083518,-0.34911591306523676,0.93555946686355196,-15.350050824113001,9.1072160174994057,-3.8537060602562767,,0.2777744007630367,0.2758620689655172,0,2
-0.13041745447102757,-0.96884751970656136,-0.21053686405887065,0.98625223941330886,-0.10503923211853683,-0.12756676670741179,0.10147811498807284,-0.2242793866461964,0.96922698523311612,2.1513643722809532,3.950362446824494,-0.92695977964988918,0.3922735803496838,0.2927862337942515,0.7910447761194029,1,5
0.9203528038293719,-0.27473142351709762,-0.27834036971966764,0.32405515668035278,0.93415603032419592,0.14946827903542143,0.21894970178624182,-0.22776118181377544,0.94878125621583964,11.256776196137126,5.6379044326555334,1.0637013549414212,,0.3521737824054751,0.2790697674418605,0,3
-0.92639774990735979,0.34917449198774464,-0.14094106254631314,-0.3235076685321101,-0.92959448987386606,-0.17662636495457751,-0.19269145639467691,-0.11803075252344053,0.97413486955926754,10.064419383347616,-5.621601651845868,-0.5557175487646584,,0.08394294209117413,0.1818181818181818,0,3
0.27353891585578383,-0.93656058777166162,-0.21915913612085952,0.9469236531148546,0.30220668199472667,-0.10957516383449289,0.16885513520192444,-0.17755389826905293,0.96951666129334879,3.1157313018727382,9.0562419005502814,-0.088487448072134212,,0.1268283463320016,0.3770491803278688,0,5
0.97615235370358644,-0.08671219048607294,-0.19901652790674701,0.10649417632359059,0.99014673927472818,0.090930880963429758,0.18917075029747596,-0.1099564946910023,0.97576841335798481,3.3699920899953013,-14.134705448364043,-2.8896351512131431,,0.3286611212406783,0.25,0,4
-0.89705527097887316,-0.40207827627599685,-0.1833709370536758,0.43384108922289388,-0.88023706825387904,-0.19226183441782965,-0.084105589058712113,-0.25202333903577095,0.96405937912057438,5.5195892849448578,18.954821696165453,1.5234392776635959,0.4378943708697723,0.2801494802073504,0.4782608695652174,1,5
0.95449784465102017,0.26610417095051075,-0.13461959277645485,-0.27733567639616657,0.95802077433546162,-0.07267130478781636,0.10963022919997002,0.10669941960678266,0.98822894447650034,-4.6843136102722953,-15.55349573375049,-4.7958071501681276,,0.1923597634243626,0.35,0,4
-0.83887791946304069,-0.49340241060224521,-0.22986495480880448,0.54166444790582235,-0.79835793594459237,-0.26310498282847289,-0.053697878098123257,-0.3452226344349163,0.93698338862627395,-1.9844004924561922,-15.368572099381471,-4.2121508609686416,,0.1896928565947892,0.1111111111111111,0,4
0.20099215996975736,-0.9634460481759205,-0.17712668879898419,0.96624207891027758,0.22473584297511981,-0.12597637010727999,0.16117815166403757,-0.14582699728261253,0.97609225500958674,-8.5930474317105467,22.861805325018231,-0.93949380144495953,,0.1109550661847121,0.3636363636363636,0,1
0.97512608973447734,-0.12646855731291981,-0.18202970397805451,0.13631816798659394,0.9897485498573052,0.042604754806732759,0.17477547366815568,-0.066358963724215819,0.9823695952835273,-4.5810424717053921,-14.072065562796693,-4.572455756944632,,0.1232409973165641,0.3,0,2
0.56126478761913556,0.82736315438184027,-0.021261442805606837,-0.82636170282784405,0.55879029986577144,-0.069855113451958328,-0.045914859014389645,0.056776857497142168,0.99733054408978994,-0.54933673282315898,20.993903989699131,0.52197556634991349,,0.573252697176036,0.3529411764705883,0,3
-0.83301608316043663,0.55067409430710812,-0.053312728828032292,-0.51410487689632667,-0.80607765353413319,-0.2931467073400611,-0.20440249692080073,-0.21678758804865364,0.95457988713391084,11.311221746929515,-5.131790844306555,-0.28634989844629649,,0.156356032702268,0.3846153846153846,0,1
0.58973472931919624,-0.75836350646842077,-0.27766479987880455,0.78447158687657059,0.61961306063860222,-0.026153096746276812,0.19187829063802531,-0.20239675675016675,0.96032196394690672,-0.38261433804627448,20.406517554739043,0.54003731514819187,,0.2054433711732948,0.1666666666666667,0,2
-0.040452258436160397,0.99672531843603551,0.070016100833999492,-0.99383463194029154,-0.032897306196440178,-0.10587960899588666,-0.10322954588449119,-0.073867495108473458,0.99191091032555945,-20.42734216705875,-7.9051180467977966,-7.2354891635144591,,0.5023050436409298,0.3555555555555556,0,2
-0.61186946702525946,0.79091674870870377,-0.0081518055838697822,-0.76220692741771057,-0.59234984308135707,-0.26107903630499257,-0.21132050330878135,-0.15353292810841634,0.96528300765515296,-4.9979323153569624,11.238407828487619,-1.4308996818291471,0.7417369383609687,0.4287201281709251,0.1875,1,3
-0.90847410370510306,0.40425098840153412,-0.10609402091349678,-0.36839643280617329,-0.89443353964575834,-0.25352063318879531,-0.19738001720766313,-0.19123227116034508,0.96149433033895726,-24.483412169953056,-11.294160281803938,-8.3890871855868649,,0.7716347136692707,0.5384615384615384,0,1
0.1722862063075129,-0.9587359735529799,-0.22614773076815467,0.97292724422433463,0.201523989069988,-0.11313999856532829,0.15404557949583689,-0.20053282734938951,0.96750015224445962,-8.9704041688523972,11.992616367866749,-2.143303612316064,0.6162099967139828,0.3521382545081656,0.2727272727272727,1,2
-0.13744784294173046,-0.9527574204393312,-0.27085307505815215,0.98567113999441003,-0.10457014155291035,-0.13235365230217441,0.097777779954271796,-0.28516378327795389,0.95347843313512781,-10.529440577633565,14.101624414077351,-2.2124038468205427,,0.2208290815812518,0.3225806451612903,0,4
-0.97896316398430738,0.15041350706531412,-0.13786551582664824,-0.12145339609748945,-0.97252302884054687,-0.19861528378046991,-0.16395181041458926,-0.17769281152349123,0.9703324526133591,-8.563460692037884,10.113455122418921,-2.3543315198935271,,0.2402811393109495,0.9185185185185185,0,6
0.72034615933027568,0.67761209047880333,-0.14813259457346309,-0.69293252056062027,0.71250448120247256,-0.1103715824653244,0.030756018721959398,0.18215163766307557,0.98278932035764055,24.390515667990879,4.5390721113545647,3.2936983140237932,,0.5551150219512428,0.8723404255319149,1,4
0.88792817268817226,0.43640369899836112,-0.14538009371021565,-0.45357052933558717,0.88325757972826968,-0.11886893105767686,0.076533228501602768,0.17148719880243915,0.98220914553979488,-5.1002440795136437,1.3905726244046781,-2.6634025950031597,,0.1470771427839409,0.7836734693877551,0,2
-0.96754425848779302,0.2120399458053103,-0.13746697512562309,-0.1544688702486483,-0.92679001953875983,-0.34234431177902291,-0.19999368987899049,-0.30999890494359444,0.92946393310464692,-4.9080471775798538,13.670256342740741,-1.0935177170750767,0.5995039372020853,0.3343575581037239,0.2068965517241379,1,4
-0.98548467027509445,0.092141920230634528,-0.14258271700666109,-0.053251787935558667,-0.96527842463409652,-0.25573777589082353,-0.16119619019833098,-0.24443287314133955,0.95617381202029128,2.7151044475222244,16.293169444552429,0.65166638343403172,,0.1383948731795822,0.3888888888888889,0,4
-0.41018839553762027,-0.86777594498581789,-0.28055371940190887,0.90894931872494833,-0.36384778333917067,-0.20353360053962999,0.07454271363269914,-0.33849623315946081,0.9380104924685706,-7.8481410648686163,17.230374686066781,-1.3890164557869975,,0.1569575508490908,0.125,0,3
0.095548398973584109,-0.91242879297131285,-0.39792486880125733,0.98460219204036159,0.1454171530588774,-0.097017395479194718,0.14638656660670829,-0.38252784127846701,0.91227376579836827,-5.0235827346980599,-30.723459540435947,-6.9838468169059009,,0.4793743744220935,0.25,0,1
-0.52486816017868942,0.84233454394794394,-0.12241703518157451,-0.82674640524579279,-0.5387137652515549,-0.1621044741567986,-0.20249394026438622,0.016124366669801649,0.97915075905383486,13.862105149591931,-3.378185926062979,0.43222690170115297,,0.1026201180933153,0.3529411764705883,0,3
-0.79905812360133455,0.59407180442634999,-0.092654229759554299,-0.56500359204503947,-0.79461176576757475,-0.22217804274937081,-0.20561385187510733,-0.12518319731241467,0.97059368997934647,-5.9871925182660517,17.950717171691309,-0.90094752657913513,,0.4050625694430299,0.59375,0,1
-0.79042798354047827,0.6038521869990493,-0.10288896487280962,-0.5758408704536313,-0.78977244981964634,-0.21134514288499365,-0.20888009658973639,-0.10780544402922801,0.97198101395362824,-9.5792981349863453,5.0719378272277345,-3.1567456626777508,,0.1327159426287924,0.148936170212766,0,2
-0.97596852286967295,-0.11656162904662953,-0.18411634637257024,0.169484773776818,-0.93710400656827908,-0.30514093847187979,-0.13696844098334895,-0.3290128683010356,0.93433943439572098,-3.10613562463445,-16.346788687356597,-4.5542255170310888,,0.1465294037032535,0.3125,0,1
-0.43070194849135113,0.90231521543899185,0.017974525113020549,-0.87985377496578743,-0.41538074271851644,-0.23090295203194489,-0.20088097531674451,-0.11526530512647208,0.97281074376771459,4.6461033051777427,-14.547312524721693,-2.7188813292481213,,0.1504349876402601,0.21875,0,3
-0.71394099806230182,0.69669668104490334,-0.070014183611757416,-0.66935153171868245,-0.70841612224098072,-0.22386407647254611,-0.20556453553971452,-0.1129616411445421,0.97210230395687935,-10.591915907326358,9.2059552318980771,-2.8708055600872053,,0.1576294399563321,0.2413793103448276,0,1
-0.91981879019173118,-0.33839932324974281,-0.19854292038331608,0.38035853996294527,-0.89323741994032224,-0.23969625090020216,-0.096232916860481132,-0.29599461083349493,0.95032963547921168,4.1406383838330587,18.775908852661555,1.243440799904056,,0.5734654248135419,0.5789473684210527,0,2
-0.95091314086945888,-0.25298350265582609,-0.17822330348686383,0.30467915783287997,-0.86619314416751214,-0.39608086015288285,-0.054173880274798546,-0.43093942077882597,0.9007532438547099,6.8057208875519173,-8.2248469734056542,-1.4944458074331906,,0.306003319148034,0.208955223880597,0,3
-0.45349771801433947,-0.82798131439826295,-0.32982838380453422,0.89016443032841241,-0.40246216073743041,-0.21361529943487645,0.044126032383160298,-0.3904755462021704,0.91955518653544488,-7.7611719496756848,-15.736544184802103,-5.4448835111692375,,0.5807552146556482,0.3103448275862069,0,1
-0.25914706844031904,0.95412945882106404,0.14993256060179969,-0.95099833224677943,-0.22496462134709871,-0.21211574954727208,-0.16865636359957825,-0.19755478974699711,0.96567444621124088,-14.709731240014264,-11.251728718336395,-6.3972041690862191,,0.5873194423741305,0.5217391304347826,0,1
0.8030733557278944,-0.54437833081517373,-0.24233327930522444,0.55936884531126829,0.82887742629220551,-0.0082889732987940171,0.20537692230403359,-0.12889703302285499,0.97015765454014125,-7.4562598983161017,9.521052326048709,-2.1611103694480036,,0.1352268169734355,0.3076923076923077,0,2
0.82094495006476997,-0.47465150809053736,-0.31741980850370954,0.53296442355631923,0.83645850185231985,0.12761699691754733,0.20493489743436394,-0.27393999442642852,0.93965875043401537,2.8420013392233816,19.856326461226562,1.1213934953841331,,0.1077219346099058,0.25,0,1
0.42106339344524057,-0.82579609066279336,-0.37518853306894373,0.88365429049604804,0.46677791186669848,-0.035685793830188266,0.20459890905941913,-0.31651097554336416,0.9262613501449164,7.5683357921590968,30.711667374848677,3.3665222909922647,,0.3485412085190424,0.28,0,2
-0.80035640536991293,-0.53563990561179264,-0.26929447803388346,0.59731284700903453,-0.75098040993807613,-0.28150628178994686,-0.051448879300852186,-0.38615840714068239,0.92099657839389248,-7.3266596165029929,16.542394162012592,-1.3133257086682542,,0.7678247532988337,0.4736842105263158,0,1
0.90695963378083166,-0.35270969079086179,-0.23026093180206267,0.36958549040820926,0.92859897837515137,0.033324205022000709,0.20206629598194464,-0.11532480818470772,0.97255817339905026,-0.28034168817483357,18.338822386318455,0.31866738676259831,,0.3661693004666757,0.2352941176470588,0,3
-0.93293193907794181,-0.30796677984202381,-0.18653273053811695,0.34439530091184717,-0.91438610802708753,-0.21281429030239801,-0.10502320580761912,-0.26278224437889547,0.9591223166421895,14.766707609037326,15.58807920035089,2.9217759607378269,,0.1070424496346503,0.2941176470588235,0,3
0.15806290088197081,-0.96072451848630225,-0.22808884002519628,0.97358400029457748,0.19017788852485784,-0.12635887419028197,0.16477352255500569,-0.20209099508758449,0.96540608863282262,-0.027019561706581586,-28.999062650279662,-5.631125932965138,0.5668921235451904,0.7324375166045659,0.8,1,3
0.98287770673558439,0.078067207446944537,-0.16690393861030972,-0.061219849534340967,0.99271108184363155,0.10381155045484768,0.17379166730655116,-0.091816224635314081,0.98049285426693766,-13.460362651263237,-7.5022945527324971,-5.6002798901129491,,0.667554805693916,0.1428571428571428,0,2
-0.050560426464597165,-0.96631088717986147,-0.25236266085414921,0.99105990392729948,-0.017306278005260595,-0.13229043642386129,0.12346623061926329,-0.25679517530372897,0.95854698780883829,11.801880350626931,6.5459045112762482,1.2242935928956937,,0.06918861354864626,0.25,0,2
0.95966148322075839,-0.19338727047527671,-0.20408625931369262,0.21176991981967669,0.97464598740963804,0.072240572297421451,0.18494144663136322,-0.11254582553081824,0.97628382065538943,9.3781242067947979,5.0382031456799856,0.61402902646945423,,0.586450727180964,0.3988269794721407,0,1
0.92256738098433166,0.38289667653069165,-0.047534857162541778,-0.37229928019511527,0.91576547464105651,0.15088684973065394,0.10130485432550303,-0.12150609267519383,0.98740751259695048,0.6350492932151055,-16.281447781983619,-3.8225017806822739,,0.3663944237591094,0.375,0,1
-0.72868331700183608,0.68433005406628988,0.02670207154569763,-0.65088521047730863,-0.67989079475981329,-0.33778240034492679,-0.21300015564574704,-0.26351638336638478,0.94084539080147955,-5.3820790407815666,3.0581051661961909,-2.5400188890805535,,0.2354743855850583,0.1750841750841751,0,2
-0.78790853115928094,-0.57224706484157373,-0.22744986987603988,0.6131148026037514,-0.7634151569374632,-0.20319334877478387,-0.057361880675122302,-0.29955065504577261,0.9523544611682464,-6.0447833940717945,-14.226181622552792,-4.9379702991514236,,0.6634146297708138,0.2941176470588235,0,2
0.29788291197636235,-0.92082354782592735,-0.25169379118634477,0.93918979228384536,0.32989096642165144,-0.095365005862824134,0.17084585105383862,-0.20798063381637572,0.96309695832508402,1.8634095718317711,-10.245962955748556,-2.7534810606850293,,0.4038805478687139,0.3247863247863248,0,2
-0.39111274804163854,-0.83649876189398109,-0.38379765459048182,0.91850802380759378,-0.32845466226551201,-0.22013755935123328,0.058084666826857083,-0.43861983104493307,0.89679363027049197,-24.288171684344,-9.1578268588410872,-8.0716179986706784,,0.7080595442184141,0.36,0,1
-0.14313881221648131,0.98319346655189244,-0.11332205331234739,-0.97858861718903423,-0.1577119568875692,-0.13225451585010717,-0.14790401869221695,0.091964917138902008,0.98471663704353318,15.990594053763097,7.4997669460673677,2.1442669534429712,,0.1172043316661945,0.3142857142857143,0,2
0.12783954779488493,0.98976642219273381,0.063399365291746834,-0.99036690929895355,0.13082340724088048,-0.045372029748816482,-0.053201832536483855,-0.056988293689877838,0.9969563176975601,5.9690227724692724,20.682893967048194,1.8050798813400479,,0.3695598574877828,0.2,0,3
-0.9778219022347221,0.15625272342353061,-0.13946115564126876,-0.11498074934855149,-0.95705961577115406,-0.26611335768656119,-0.17505357691093917,-0.24417612144249431,0.9537999092723719,-12.182221940545475,-4.0538313729276982,-4.8537703167748871,,0.4664040554044231,0.2692307692307692,0,1
-0.97887773694121916,-0.11301594594280286,-0.17036951629763572,0.14881297783621886,-0.96527683043473389,-0.21469824930211004,-0.14018942095733883,-0.2355165314548586,0.96170623875647088,-0.54874991377372284,-17.000025355613126,-4.1566682581903001,,0.07978364247782252,0.4615384615384616,0,1
-0.90191503785917182,-0.38442452734952087,-0.19689349216159077,0.42215158693283988,-0.88097789671391802,-0.21369600640069616,-0.091308828344108695,-0.27585454187600184,0.9568526373443339,15.072867737668753,13.750882610521156,2.7226811671343576,,0.09151753265119951,0.3333333333333333,0,1
-0.9693283749954682,0.20479946368202276,-0.13586640903549868,-0.16675437949914015,-0.95415505345223994,-0.24855806341660086,-0.18054217885719209,-0.21827806497014327,0.95904077494462581,17.914893468926639,4.4819214404497547,2.1613053725633598,,0.118624748634418,0.375,0,1
-0.77621979370967153,-0.56512720227873359,-0.27948895702321941,0.62897374463415467,-0.72458283209576357,-0.28172992030129274,-0.043299658361295311,-0.39447555650090005,0.91788570906682121,-9.4294650235009012,-13.37103028952941,-5.5445111997958527,,0.2981792894299566,0.3333333333333333,0,1
-0.53471696490692022,-0.80161774054270163,-0.26737009086273222,0.84466689395913397,-0.49773712136644505,-0.19696597742573407,0.02481140242230058,-0.33115971382560877,0.94324844990531531,24.026180854835086,-4.5599588903023234,2.1066164853601879,,0.3980689438049412,0.453125,0,1
0.94368470867905119,-0.22312521229475582,-0.24428325821421809,0.27073498757591119,0.94518721374344816,0.18254779505151245,0.19016239667085971,-0.23840358767081909,0.95236652202714311,3.1238974819063436,22.843371828563569,1.5155698967028681,,0.4258165273439957,0.4375,0,1
0.34199654904002924,-0.84059781741431761,-0.42004008118630365,0.92260684770870705,0.38523523880248717,-0.019758930785691523,0.17842355507531454,-0.38077436907317758,0.90729042475450494,15.51601166385892,11.804730893742658,2.5685003459121183,,0.4166944556645927,0.2068965517241379,0,1
0.22283451742616661,0.9647883601090218,0.13974332914881274,-0.97045956648864617,0.23313761409920034,-0.062089312307376465,-0.092482472145364036,-0.12177960868010014,0.98823920143637523,11.922641343041001,9.0697769712193939,1.5688132274517872,,0.218581474418105,0.1891891891891892,0,1
0.42372009666795801,-0.8671544797392543,-0.26173342917525877,0.8862897090354076,0.45655080030025563,-0.077794076915466359,0.18695408884972134,-0.19900873099776345,0.96199984077391132,-8.2432513356970247,12.553847359294393,-1.9129167896260884,,0.5331340036359796,0.1081081081081081,0,1
-0.15404195867976109,-0.96551866648411078,-0.20986848176142905,0.98243574032416048,-0.12703019578664027,-0.13668703483552122,0.10531424927246039,-0.22723783582218951,0.96812802607456094,31.213804642428936,1.4457504943628887,4.1226072864314949,,0.3770732546219987,0.5409836065573771,1,1
-0.49934222126342803,-0.82072543890340266,-0.27760961798994482,0.86576106242890394,-0.46031429711856481,-0.19638872332753113,0.033393544970272172,-0.33840877914891487,0.94040649154993583,-2.1872466208217514,7.0339086441435139,-1.4528629892625455,,0.0657152388792491,0.2555555555555555,0,1
-0.072229053665629414,-0.88365777030014125,-0.46252773840576494,0.9901778507854041,-0.007870135187400604,-0.13959185071533164,0.11971126772600407,-0.46806730921985579,0.87554680424242215,-1.0792669139646973,-10.766848715851316,-3.4323321952329171,,0.3772829860835637,0.3928571428571428,0,1
-0.33168873712101238,-0.92339521499542143,-0.19319383683396316,0.9407324185387107,-0.30838749606095278,-0.14113705744263194,0.070746719905426081,-0.22855727771570952,0.97095647298208365,21.007753393551198,5.7261576991737799,2.8632793117586668,,0.1067646032438042,0.3214285714285715,0,1
-0.56009130014715736,0.82295530305200049,-0.095091033636490824,-0.80433444844700486,-0.56768879492167779,-0.17542955042359626,-0.19835279312608312,-0.021771570888720896,0.97988885500352418,-2.44663542463018,-5.9087501352786314,-3.0576586349188095,,0.5117146994358543,0.2659574468085106,0,1
-0.98400365686255564,0.10998347797924021,-0.14014434648856902,-0.05788814329811813,-0.94138405765718658,-0.33233269302671387,-0.1684807589804089,-0.31890388922131613,0.93269209458046998,30.67277094307661,-8.5759549811560731,2.7453599421162926,,0.1870636302174062,0.2222222222222222,0,1
-0.93356775147008775,-0.30202480937670689,-0.19295664781512334,0.34201697255832003,-0.91167416846122151,-0.22775996365161114,-0.10712443184039372,-0.27862380566187378,0.95440721446422871,8.4439532880887072,-6.6112909949664802,-0.97516995796151051,0.8465208144028222,0.84209253855105,0.5912162162162162,1,1
