axis_00,axis_01,axis_02,axis_10,axis_11,axis_12,axis_20,axis_21,axis_22,location_x,location_y,location_z,dbh,dbh_approximation,score,reconstructed,number_clusters
-0.83773099532649442,-0.49488106944609028,-0.23086685897541784,0.53052790568395924,-0.8377449892562846,-0.12931927260304255,-0.12940989436620937,-0.23081607413670743,0.96435316101532254,-10.833505282541024,-24.081317646777066,-2.0053765667741801,0.5149980696052453,0.294300110790073,0.7894736842105263,1,5
0.86556121277561127,0.48283102952434548,-0.13295857951584694,-0.48143750130383589,0.87534490573283408,0.044600766202985392,0.13791924911603268,0.025406553013639182,0.99011756260922534,4.7033587741988017,3.8305493884202266,-0.87369260872596222,,0.1132508429359437,0.3875,0,3
-0.64079288260952483,0.76457857053424894,-0.069311550817885662,-0.76370282343496976,-0.64405854972017962,-0.044120086239652703,-0.07837396936758538,0.024661589813787743,0.99661894769938297,-20.258535411854783,7.0031955221102837,-5.0563584115974498,,0.07145001718985236,0.5,0,2
0.86371797536104622,-0.46267210500293521,-0.19981436957928816,0.48696406201783421,0.86830826916624604,0.094375590067607845,0.12983551648646205,-0.17881631063656123,0.97527814786809552,-11.294937544306677,-21.183420249207327,-2.1767896794988877,,0.1858465150214545,0.4444444444444444,0,3
0.0015298873416146302,-0.98179014997705227,-0.18996252486414167,0.9998066705086891,-0.0022221193172422115,0.019536729308422617,-0.01960308779383001,-0.18995568850070693,0.98159694139456777,10.483496253578851,4.491542635802765,-0.051141146852764947,0.318432515198987,0.2778715947780153,0.3888888888888889,1,5
-0.7022318331414793,-0.65739601443020157,-0.27331471371670268,0.70164162102916816,-0.70412300670514616,-0.10913215414379585,-0.12070413481864715,-0.26840505144238669,0.95571399497856624,-20.752844015288467,-2.0198674081179737,-4.5087025376859096,0.49926142339665,0.3041066780709536,0.3529411764705883,1,2
0.77642972224569617,-0.59394813299584293,-0.21067154939436497,0.6282031746021538,0.75605449639136402,0.18369096304983584,0.05017626762968655,-0.27496765954772312,0.96014328533276749,-8.9434072361093744,-11.954973472225243,-2.1424818773738532,,0.2108783132743759,0.186046511627907,0,4
-0.82234739536376911,0.55316414167948935,-0.13324486368493693,-0.55725226285302198,-0.83030650745542256,-0.0078114801647096469,-0.11495510812317185,0.067827251434588828,0.99105236343960035,-12.416448134420611,-4.5770685433587515,-2.9857178161312121,0.2571063086198014,0.1906993468348798,0.7528868360277137,1,2
0.42142535541972292,-0.88784125078253828,-0.18476629351225504,0.90602550430447515,0.42095938955306955,0.043714733179189218,0.038967362743465878,-0.18582547122502774,0.98180977734223762,-10.165310463525904,4.958609128724901,-3.3178737361693948,,0.1043414369001587,0.208695652173913,0,6
0.23441494814093855,0.97201384003634361,0.015450788519737709,-0.96906212104209999,0.23238101819274101,0.083172519170040995,0.077254369775870621,-0.034469655662706371,0.99641537783648559,0.25095311703645984,-13.592322121779965,-0.70929514037458408,,0.2387234022969045,0.4642857142857143,0,5
0.47298892095652006,-0.83077822872198592,-0.29340929660449638,0.87947681319631654,0.46519310532554403,0.10057787931562336,0.05293406939238203,-0.30561889574948714,0.95068137399363495,5.9289064853057454,1.7115478884705022,-0.58296857402022018,,0.439947516104592,0.1851851851851852,0,1
0.82052995717366095,0.5716016442720564,-0.0014661671362890308,-0.55680740819030905,0.79986751199645734,0.22400328889770349,0.12921338771575019,-0.18298503632286092,0.97458728542749862,-6.1067341473367938,-17.462290888971097,-1.4924134301236245,,0.2677223862189296,0.2857142857142857,0,1
-0.83801855917841883,-0.52092682025560999,-0.16235806851187762,0.52853503098230503,-0.84890031615755179,-0.0043559444606542331,-0.13555668739336355,-0.089462289071931017,0.98672229291576741,-16.224312616804777,-0.94115392375207552,-3.8623570967052632,0.7772787670641228,0.4093030820729192,0.9821215733015495,1,5
-0.11219785376380431,-0.97484767671521211,-0.19257115260014832,0.99323163103262424,-0.11587962856499993,0.0079270927780045672,-0.030042781613382759,-0.19037835719059895,0.98125099357215417,-11.453892049300409,-13.677968550489947,-2.48410923248285,0.2102453941110827,0.1778839615438745,0.7586206896551724,1,5
0.51206358727707757,-0.80651323332225211,-0.2955119068007534,0.85650976502962273,0.50534190944659185,0.10497893581939741,0.064667650288464537,-0.30686472432157968,0.9495536509187934,10.909651508727157,-8.926575012086218,0.74324632166681748,,0.5190705496844427,0.5641025641025641,0,5
0.27016969023699489,0.9625609124203045,0.022018818266130013,-0.96113464957728945,0.26827865667924433,0.065167075677225614,0.056820100837531556,-0.038769217827689786,0.9976314068281138,1.6003797214739015,-18.789202166890245,-0.30250644222557715,,0.8356930643885212,0.7,0,2
0.86994531896258787,-0.45815220790331257,-0.18246012278961388,0.47845694912577119,0.87376995597544038,0.087206719167367774,0.11947422252662068,-0.16316439080876879,0.97933819067963579,-9.906882502281503,6.6202448146403858,-3.4135400357126136,,0.0976564309736922,0.1896551724137931,0,4
0.42831499246909338,0.90330681883284791,0.024146599683613181,-0.90022272899196987,0.42422965542346641,0.098123583635825601,0.078391998523128906,-0.063765119849078025,0.99488125123462945,-28.812536235414058,-4.4813263072585947,-5.552316281769639,,0.7435447406412232,0.4878048780487805,0,1
-0.3865207177140626,0.92139433483247069,-0.040425419186891416,-0.92199078713698679,-0.38712683252469954,-0.0081119648614906732,-0.023124082951042031,0.034136421576129949,0.99914962918956796,-7.5469140135490216,-21.674638298249182,-1.5686608714614521,0.2307134932766934,0.1730127570873515,0.3157894736842105,1,4
-0.94604819092336867,-0.22997583868855195,-0.2282628617846498,0.2761449434663345,-0.94078170297180952,-0.19665644548663277,-0.16951929285068368,-0.24908010954903487,0.95353149312355945,-20.935761279904014,1.8189709016166657,-4.769805360406659,,0.1771626427970626,0.375,0,3
0.4674464798540523,-0.86465061062691628,-0.18404648873193927,0.8819449660909402,0.4703908411932966,0.030092080491606121,0.060554646881187918,-0.17638531136113283,0.98245679634125938,9.1560335449859576,-6.533488274401293,0.35831558498823129,,0.1107534813377027,0.3636363636363636,0,5
-0.94145251310536238,-0.29490460400688157,-0.16339657310709033,0.30617861748612607,-0.95075462930100962,-0.048169378831199851,-0.14114467670401451,-0.095377719611257017,0.98538381904711358,-6.044443608909023,10.911383602042312,-3.1496685089054837,0.23005397493216,0.1595758031947374,0.5180722891566265,1,5
-0.16841589906850951,-0.92327904989516241,-0.34524177175659521,0.9835177066244547,-0.18077468137907851,0.0036654233680398275,-0.065795179892754324,-0.33893408001701464,0.93850662422057574,1.0497773152477619,-8.7180623010054585,-0.75521597126665585,,0.3077651299741774,0.5,0,4
-0.90885681514453454,0.40668066307290313,-0.092682942594182763,-0.39430281719539145,-0.91015337917878947,-0.12706736292694579,-0.13603153280438468,-0.078940893407753593,0.98755443264200615,-11.668747277168269,-11.39166643855466,-2.5880661695082865,,0.3915766559048071,0.7721518987341772,0,3
-0.97030386460119711,0.23099831613305558,-0.071764812294569047,-0.19907342869221209,-0.93113152382819997,-0.30555499557706689,-0.13740516849343243,-0.28219472581369687,0.94946614283723896,-14.232911104714333,15.90483074313615,-4.860070860182927,,0.4321648026411204,0.25,0,1
0.61182823551015353,0.78881698700404868,-0.058600095958846514,-0.78384887132298386,0.61457087738772742,0.08878954664014771,0.10605261504657007,-0.0083903325758276845,0.99432512045158084,-4.9805187171691783,-19.593069979255187,-1.2568842694812952,0.7074198197638322,0.7088585396971409,0.7454545454545455,1,3
0.76949462750383724,-0.60229061470760992,-0.21242418336399541,0.63126947035576286,0.76772390222834241,0.10999484417026768,0.096834260669897129,-0.21873734336508743,0.97096709551771043,-22.610449887547144,0.30404282267126859,-4.9000310008011576,,0.3656474135914953,0.6344086021505376,0,3
-0.71884429796042759,-0.60248546631429367,-0.34680562015317412,0.68529796796541731,-0.69793484782567439,-0.20797510257966562,-0.11674575106722127,-0.3871669033770842,0.91458855150124707,-22.317980424618959,9.1772163047470805,-5.5303695775126407,,0.3228468179115771,0.3846153846153846,0,1
-0.66305615240254079,-0.70021550840332203,-0.26467863637364997,0.74049819366344505,-0.66532127006932162,-0.094921192441516339,-0.10963103548864699,-0.25893213277772459,0.95965368059152734,-8.7029760585590683,2.6512987042837692,-2.9094348614711034,,0.7201529296617188,0.3372905027932961,0,1
0.508532049634977,-0.82816846375989572,-0.2356526047545919,0.85929256486073535,0.50556448218356909,0.077594086949451177,0.054876611312185741,-0.24195361123164524,0.96873474570847173,-9.0090354511821147,18.107707576155491,-4.2412237845831369,,0.2589722863586913,0.8225806451612904,0,5
0.41319869613238258,0.91056001300459222,0.01213673067906167,-0.90653072842751958,0.41003235737125548,0.10037681169095829,0.086422658667562768,-0.052477887015848004,0.9948754673039143,-14.035127200345086,2.2295889847789914,-3.7127125812378687,,0.3745073311096906,0.4119718309859155,0,5
-0.60145322687397751,0.7985111429482149,-0.0251787702323901,-0.79555614693593601,-0.60151624076320453,-0.07258532338255673,-0.073105628752698923,-0.023625551541464469,0.99704433219342581,-2.5471704559518509,13.621664944361466,-2.8357500783695202,,0.1375788912001832,0.1428571428571428,0,1
0.011453238045081339,0.99976484145608169,-0.018414264214925837,-0.99981192313205802,0.01116166075397686,-0.015859876802412205,-0.015650613446675551,0.018592447862170479,0.99970464597361641,-14.849901242607261,0.46413326188241982,-3.7587663836239855,,0.4992020912087014,0.6396103896103896,0,3
-0.71452980738264849,0.69940140729401501,-0.016876783961009334,-0.6947324462197344,-0.71218896523633435,-0.1006663099807642,-0.082425618173350382,-0.06020422967492349,0.99477709472926146,-11.063420676052925,-4.6710492321007164,-2.7803988416201704,0.3961279978645037,0.2863088144054501,0.3654618473895582,1,3
-0.98543751762731768,0.12963148713993647,-0.11003897670553048,-0.094313313101387561,-0.95517082128110187,-0.28063089841467448,-0.14148462045166407,-0.26616607543989546,0.95348713806772145,-27.219254831436785,-5.0939719367579759,-5.2851565272312007,,0.3678442430311559,0.3157894736842105,0,1
0.63121541715201013,0.77496893334051253,-0.031468230116757041,-0.76561876958035957,0.62906365058267011,0.13456159623703959,0.12407657641903802,-0.060844686478540237,0.99040543582487361,-2.0062113791907401,-10.412550589124651,-1.1588780882311385,,0.1559618218955056,0.2,0,4
-0.38027876961162832,0.92050065945085369,-0.089814215652138124,-0.92406341402941816,-0.38221018126958645,-0.0047100091470504485,-0.038663474170868919,0.081202914260589246,0.99594739945472299,-9.5273746025053807,-16.904227898201079,-2.074091478189434,,0.07450912071104943,0.2692307692307692,0,1
-0.97929170802491061,0.18458010150529364,-0.083174134933583527,-0.16963714032869831,-0.97234540254261759,-0.16052307863773943,-0.1105033538620253,-0.14308949745712243,0.98352143062706754,-17.047632684898339,7.6910309474364604,-4.635598533706224,0.8413995738307971,0.5858648403180885,0.2962962962962963,1,3
-0.53281294280474578,0.83798762430728324,-0.11784358059555639,-0.84387380481087659,-0.53654169632136328,9.8298565973176406e-05,-0.063145621651550451,0.099497485477918993,0.99303216506305059,-8.5794486651357023,-7.5410724941251823,-2.2850794393159783,0.2922376279478822,0.2822905800344395,0.8287292817679558,1,5
-0.44122947915447996,0.89733271109247237,0.010514386739111231,-0.89416860996008951,-0.43862076050915699,-0.08985725019390689,-0.07602002162001667,-0.049049302276405277,0.99589915265507167,-14.129383333299074,7.9834823612702888,-4.1958239349808197,,0.2488268137802222,0.2553191489361702,0,5
-0.59212101706439313,0.80264382740337359,-0.071802419749564556,-0.80435832616791547,-0.59409204676040017,-0.0078944981086948793,-0.048993716688759709,0.053080375915232424,0.99738763247682172,11.482110642598348,-14.440992839227713,1.0319495874015694,,0.6086123069783383,0.7868852459016393,0,6
0.97895989334343114,-0.097170956503865535,-0.17943057832248716,0.11116022757844002,0.99136174289806855,0.069608178562680242,0.17111671756356167,-0.088089158982410695,0.98130493173123512,-10.705537291948138,20.158859726059561,-4.6990570918069929,,0.1763677765846594,0.3571428571428572,0,2
0.2376150331403511,-0.87846756992909036,-0.41452843642938236,0.97120907219127162,0.22236624394185023,0.085476263655842918,0.01708900579552319,-0.42290422336277539,0.9060132359644909,-12.728461124908412,-10.865167472169876,-2.7669781517106404,,0.07618693643727373,0.25,0,1
-0.14128498311153451,-0.90327198423986022,-0.40513982281992317,0.98922834598376497,-0.14464264215151412,-0.02248967704644322,-0.038286199202815556,-0.4039532504619987,0.91397808419665483,-16.037738930394774,14.54566381766854,-5.0210007055641821,,0.3141362017297598,0.3333333333333333,0,1
-0.9609781517223368,-0.21541760101592941,-0.17354033849472197,0.23357872532249352,-0.96798853289437603,-0.091865005642585096,-0.14819571852465879,-0.12881559438800472,0.98053279988658437,-17.093288229421169,9.4349391666031011,-4.7780611585704333,,0.1204782374965443,0.4848484848484849,0,3
0.99046051855128026,-0.01672658040068908,-0.13677785895102881,0.039423423207670061,0.98551176814228325,0.16496165783496186,0.13203694518473674,-0.16878026057916062,0.97676991597054874,-6.5241655037396749,-11.380734596369649,-1.821683959788992,0.6841641294225265,0.2795358937866833,0.1052631578947368,1,5
-0.95529262108374291,-0.22539652868978,-0.19134370373114085,0.25854712678529335,-0.95077381772306313,-0.17082895177159571,-0.14342033096469586,-0.21266300192301874,0.96654283727058277,-0.089246013692290668,-18.984688017755321,-0.53645189130656845,,0.3655042659810285,0.28,0,3
-0.18940151532249105,0.98139846514065709,-0.031370664849633932,-0.98170709971064563,-0.18990049626273819,-0.013746704946273582,-0.01944829995805189,0.028193157658013338,0.99941328262636853,-2.927012191138791,-21.748777460772107,-0.87107511272069538,,0.291682655274818,0.5151515151515151,0,5
-0.70121821159863928,-0.68749543398172142,-0.188793665086225,0.70250583513242515,-0.71143639631580913,-0.018541995633381027,-0.12156714740133923,-0.1456306363766191,0.98184171148981092,-1.8293323904701446,8.9130355702580388,-2.3724646872440633,0.3614675247494796,0.3053602697282572,0.6317460317460317,1,5
0.52312854249546015,0.84816668107409821,-0.083365515306537602,-0.8444637438902266,0.52905648717145393,0.0835477027613757,0.11496744444179612,0.026692967192694279,0.99301055997455145,-8.3115519400506095,19.457490675338235,-4.2000932826399184,,0.149002738669486,0.44,0,4
0.12033022642402209,-0.97305042699982114,-0.19670664229814769,0.99272300023705951,0.11701368602119827,0.028440149156888094,-0.0046563300008889514,-0.19869741769635624,0.98004982260685347,5.2659764798844382,13.744590973753049,-1.6743383763820725,0.4304657230124091,0.4712716211867767,0.8051948051948052,1,4
-0.72758578047115208,0.68340331983273384,-0.059823360803135585,-0.67960282867009369,-0.72993411862352453,-0.073049146010792557,-0.09358914103565559,-0.012493394690651183,0.99553251467207837,-10.148657387066731,12.274924028079194,-3.9094569850414604,,0.1165256628101838,0.2916666666666667,0,2
0.49612517081801888,-0.84686899527250981,-0.19150122643712181,0.86634683718771766,0.49744541146407206,0.044623091647475972,0.057471493591437356,-0.18804512080740141,0.98047746530193114,6.5418744194996075,-3.4921802644694773,-0.19996641106568083,,0.06666529958111964,0.2790697674418605,0,5
0.42131589023103039,0.90538000782367145,-0.052725345632274233,-0.90360202912088805,0.42403125969296313,0.060834725049206458,0.077435738567201526,0.022012092958356735,0.99675431985828111,-20.557621515169334,0.4957332801716669,-4.635015436598974,,0.06778038516527186,0.125,0,1
0.05686139747193858,-0.98024004257206743,-0.18946303179209123,0.99834509802310023,0.054192660865363083,0.019241121629977272,-0.0085934120572709327,-0.19024356611103693,0.9816993118173053,-5.6804398211704799,-14.777063012355621,-1.5469852063228251,,0.07697299719729375,0.4,0,5
-0.96012341717726513,0.24752435680183515,-0.1299796775564861,-0.24553409168529533,-0.96888002019403174,-0.031377002551054217,-0.13370128499056119,0.0017886471562814073,0.99102006394079745,5.4635394960334107,-9.6413198132976401,-0.06978567034669525,,0.1624182350956765,0.5535714285714286,0,5
-0.91832952154239222,0.39265411820259544,-0.049936292636366085,-0.37821808234773679,-0.90768821541908096,-0.1818053513363303,-0.11671320426122782,-0.14807041246605682,0.98206577218799884,-3.6892419483916314,12.730360917570648,-2.9395130999918218,,0.4174129834302721,0.3506493506493507,0,2
0.13277118867965748,0.9909323887228535,0.020610978545700282,-0.99043418849864306,0.13185868216571189,0.040662097714673912,0.037575653149702057,-0.025812572857859227,0.99896035025061536,-4.2183666708874012,-21.883052509402429,-1.0725665936311073,,0.6174863679593589,0.7272727272727273,0,5
-0.42053535621014015,-0.87083309096977946,-0.25455793417065009,0.90545575697636083,-0.42059826515182031,-0.056982203446722529,-0.057444637135028474,-0.25445397820293081,0.96537727684109398,1.1151458686312261,-7.3493049111857056,-0.81813585961786817,,0.1329733666198027,0.323943661971831,0,4
-0.0082333345484809951,-0.98106412669441478,-0.19350811744094451,0.99979556867126884,-0.011650097633501397,0.016525619214565204,-0.018467080643883901,-0.19333249736776134,0.98095948560276303,2.3111685697637299,1.55180810503954,-1.1001563946846733,0.1770507764941686,0.1190315067724674,0.5635359116022099,1,5
-0.21776287033805566,-0.94305137375405856,-0.25146259913298186,0.97476395174913066,-0.22311579951094912,-0.0073877181192206608,-0.049138281131417709,-0.24672544755086268,0.96783882070222671,-12.732740469358175,-8.4898850354401603,-2.8942182076211891,,0.114350783982899,0.5063291139240507,0,1
-0.066518841650734156,0.99264032940820701,0.1011949610297453,-0.99720593203080765,-0.069592718312010526,0.027151108274146341,0.033993717478584436,-0.09910615515855857,0.99449605186831924,2.4187912529522868,-16.593482479077991,-0.25783775211276327,,0.2847114751123269,0.2666666666666667,0,4
0.79584078955610527,0.60308733974340145,-0.054065685235101489,-0.59219546938625622,0.79385630750572023,0.13819077057377757,0.12626148944593443,-0.077960398117311272,0.98892882079969913,1.7454366792765306,11.063013176252923,-1.9466072459014796,,0.4762904507435678,0.2962962962962963,0,1
-0.97983795497986326,-0.14253334512409341,-0.1400065266643509,0.15729188288269946,-0.9824074583164204,-0.10067198926953728,-0.12319434061715108,-0.12066412628452082,0.9850194531418649,4.4181158357558887,-14.290730591839651,-0.034511603313754455,,0.2292257556796393,0.3389830508474576,0,5
0.42336932756347412,-0.87609315418399503,-0.23069286436816963,0.9030590866044389,0.38775217885138985,0.18474992259039447,-0.072406481613241702,-0.2865467378769801,0.95532626281938515,-11.027975852348323,11.575399800643474,-4.0041455909996007,,0.2077925544086202,0.2307692307692308,0,2
-0.067672750703191009,0.99752155761183103,-0.019265017828445669,-0.9977049712417817,-0.067615870193149061,0.003589492646505901,0.0022779753510218962,0.01946371489951957,0.99980796887732926,11.917180754382782,3.5794342332544908,0.16911377827353327,0.4036493262808565,0.3781510698669625,0.5294117647058824,1,5
0.12467041537646954,0.98622258698869136,-0.10873038417659765,-0.99161016887907105,0.12761844396698585,0.020562240516652511,0.034154948477166693,0.10525465154936031,0.99385859045527403,-3.0254538779615969,7.3432595100291138,-2.3613469023256517,,0.0693464755716576,0.247191011235955,0,5
0.092990884749321184,0.99245773994620079,-0.079876966482313752,-0.99503914696580609,0.09548118498267287,0.027936344067630712,0.035352388308272788,0.0768828832392673,0.99641318282413216,2.5290135269008651,-7.4760801886935608,-0.59487561831580926,0.1567110818529484,0.1245260017993091,0.5901639344262295,1,5
0.50795363024231388,0.86054396498991526,-0.03804200103949177,-0.85766713298006059,0.50936661504959857,0.070375709436394068,0.079938717336572013,-0.0031202231247293034,0.99679489649487774,-18.037436051833627,3.9302569597647228,-4.490411369595245,,0.1783833162962875,0.38,0,2
-0.98612412881028688,-0.067136339828148844,-0.15182856928994662,0.081371194063582189,-0.99265105433805489,-0.089569040958442661,-0.14469945181243646,-0.10068066445960552,0.98434012030860207,-21.995745205112328,-2.8014171070443634,-4.6359131792771873,0.6140662958242705,0.7603876201609474,0.6593406593406593,1,2
-0.24238858892329207,0.96523330410058261,0.09783885023266102,-0.97004556867780212,-0.23944563700357063,-0.040955849503042485,-0.01610486412041142,-0.10483537368192107,0.99435917946013685,-3.2710806410690894,6.0600544313768072,-2.3174979995842029,,0.1477609866534917,0.2121212121212121,0,5
0.81099037656754525,0.58499830294278421,-0.0084613633000043403,-0.57425533908404758,0.79869729662660927,0.17975937776598225,0.11191699892463942,-0.14092414241502413,0.98367422017469452,0.60635495828162533,6.4812090808180374,-1.7518889926763139,0.3814715010653937,0.2074619312249786,0.2553191489361702,1,4
0.85056554276111718,-0.47902436774032064,-0.21696523357089481,0.51058149030998812,0.85103195333573745,0.12268315350687616,0.12587612649076296,-0.21512849535230363,0.96843943087171747,3.8811110701448195,-16.852803950153604,-0.012744438701802519,0.7986846587670736,0.3218927956726255,0.2142857142857143,1,7
0.11789235064762778,0.99194356864485733,-0.046361085868232045,-0.99240966118778018,0.11933580578470475,0.029698987169104376,0.034992256856798569,0.042507906109570226,0.99848315953662803,-30.601985719336707,8.5518007332447947,-6.6911288688947783,,0.3402982709508302,0.5,0,2
-0.69081048417818247,0.7211997132113418,0.051496102895099691,-0.71772354927031223,-0.67537576657609555,-0.1695301765013435,-0.087485894704977613,-0.15407318905516604,0.9841786782094194,-23.081423439327377,2.8159232357177943,-5.1758838406632961,,0.1814940764531525,0.2380952380952381,0,1
-0.48134902301848342,0.8694278424777232,0.11134785477809289,-0.87623825970763192,-0.47401928519032321,-0.086673118625075679,-0.022574991997627799,-0.13928727146507938,0.98999465945232301,7.2157359355744175,-12.789915619042063,0.3292114491200166,,0.5255588108383695,0.2916666666666667,0,4
-0.56119899893413638,-0.80741358724047718,-0.18204115670580565,0.82206006985089874,-0.56932809911778792,-0.0090970935832483668,-0.096296028745006715,-0.15475404580944202,0.98324882921544854,-13.314208502240286,-14.083272121714561,-2.7302674776554707,,0.694076416521453,0.7407407407407407,0,1
-0.33358971265175752,0.94208749099453404,0.034482791716192895,-0.93674978063593595,-0.32714632753426309,-0.12439907097471252,-0.10591388998353643,-0.073799997916458263,0.99163289992622117,-29.815740546225463,0.95360486986910198,-6.0547727920943482,,0.3094784068254367,0.7241379310344828,0,2
0.34053751693389511,0.93570823194803221,-0.092110282950305072,-0.93829763885212547,0.34448170993802946,0.030494137841531953,0.06026392357807623,0.07604246302467714,0.99528177082277414,14.349691302025622,-9.2198371381359276,1.226670507442186,,0.122300839700835,0.3333333333333333,0,5
-0.63103649124663741,-0.73457319886149686,-0.24938957923201285,0.76607010654458008,-0.64071552752478766,-0.051187934588230059,-0.12218649096323468,-0.22335135617009508,0.96704944709310026,6.4412462518702327,-6.2748362680002661,-0.039733799251407603,,0.1561111369919814,0.3269230769230769,0,3
0.99324560766303538,0.050180634637107785,-0.1046186731205474,-0.037818298948027754,0.99241522250686576,0.11696923698701947,0.10969475430832792,-0.11222268061343496,0.98760980697498635,-4.1871771554523196,-13.021438695238441,-1.364480539950105,0.5835914389440948,0.4404368937041572,0.6666666666666666,1,3
-0.59520630291496723,0.80337221086466715,-0.017959615271859623,-0.80018538702721365,-0.59459912331188303,-0.078455267158102845,-0.073707552926449565,-0.032326047812207707,0.99675584938059825,-9.378813171232899,-20.887996684371732,-1.8930983053155037,,0.2526940924895222,0.4615384615384616,0,2
0.56833951253646109,0.82223179099940435,0.03041513372862259,-0.81702751917258576,0.55960169768541612,0.13896752448788402,0.097243156080560195,-0.10383073638144168,0.98982975646218063,-26.3283131632483,4.621374128968621,-5.7780136058596394,,0.505097804050274,0.6428571428571429,0,1
-0.64875295392803956,0.76097748030269963,-0.0057340423608990398,-0.75671070944113328,-0.64587758674174833,-0.1011486290651117,-0.080675318324373552,-0.061281460628881457,0.99485480126320502,-24.846392646395564,5.6976841657620643,-5.6639805402482084,,0.08927489034703862,0.375,0,1
-0.75582083810648015,-0.62401325444091071,-0.19834898277047275,0.643454379200181,-0.76394504026456356,-0.048522544690940195,-0.12124901060267587,-0.16430287196892743,0.97892964184901177,-3.2277593044194006,2.7190869139590439,-1.9998834476432699,0.17103218194053,0.1481209230735906,0.4964639321074965,1,5
0.90978587054134386,-0.38309623072022952,-0.1597715486915055,0.39522525487821714,0.91714371612348666,0.051423748226383584,0.12683322778269823,-0.10993035060052694,0.98581369961421617,10.867926174037221,-2.9089197837385665,0.42753798075264915,0.5792409510170043,0.3160356549848378,0.9090909090909091,1,5
0.99057250309610267,-0.012760955178637281,-0.13639381999507966,0.038942916326025145,0.98080502100668487,0.19106271231221628,0.13133760077733098,-0.19457304230289796,0.97205543351757928,-9.8332556884034421,-12.824343234890343,-2.268458332744542,,0.760066470944168,0.6124031007751938,0,5
0.6776321137451885,-0.70787585323934588,-0.19931506421215889,0.73069292130310537,0.67871264764685524,0.073735993122292398,0.08308172590144397,-0.19560398340745794,0.97715736117391716,-20.067827983537082,10.403928280232012,-5.2886855630660321,0.5672769037474618,0.4925941743864848,0.903954802259887,1,5
-0.87349830746666468,0.47912046797770619,-0.086280264358063352,-0.47263898561531104,-0.87709164779606685,-0.085572370791694302,-0.1166751735777723,-0.033967904427638813,0.99258908181552785,-12.373907391059943,-18.210890544129217,-2.4129267878689378,0.2770142373738931,0.1449723652843475,0.2592592592592592,1,5
-0.57331781342700061,-0.77995623240146783,-0.25094812281702877,0.8099472811207773,-0.58573949064628295,-0.029910715512909001,-0.12366117665760655,-0.22040309579391335,0.96753831384194577,3.1038088627354856,-13.183504262937968,-0.27283915984977108,,0.4680097434509549,0.3125,0,4
-0.47413908275531214,0.87826359181693125,-0.062009624194745087,-0.87884569877608099,-0.47634958628316693,-0.026857203701005319,-0.053125963019345405,0.041762841578105683,0.99771413597111502,-16.885248003586529,5.8797681022944674,-4.4643306250030586,,0.06925488217220691,0.2826086956521739,0,3
-0.64947974199854563,-0.72006302195400185,-0.24430576978035898,0.75270351146459646,-0.65437148668947043,-0.072355934357034912,-0.10776589702855691,-0.2308835243630081,0.96699498944686757,-10.798870072352543,-14.521166559329107,-2.3835685207349719,,0.08330151569995041,0.4,0,3
0.32080712913710463,-0.89163631569202328,-0.31947999379298148,0.94646938733623776,0.31452449537219573,0.072595045603900191,0.03575590482949375,-0.32566704216119258,0.94480817784342019,4.1780276460972505,6.707400138106272,-1.1629263001961272,0.2415889438850468,0.1096376430499847,0.2857142857142857,1,5
-0.324534852924661,0.94327511563073396,0.070065579773480505,-0.94522594342656607,-0.3206805643918626,-0.060925294374954884,-0.03500064443016928,-0.086000185192485118,0.9956801308835741,2.6004796444109872,-10.4830449670685,-0.45967067630118086,,0.2581919508692532,0.2586206896551724,0,4
0.11772112015110442,-0.95932592669940875,-0.256584302389467,0.993046431640486,0.11353557602208758,0.03112005114761306,-0.00072282533610324926,-0.25846361318308031,0.9660207234753716,-12.447681715757929,-12.681585073937212,-2.6600772917282058,,0.06835865653490589,0.1538461538461539,0,1
0.77638243450810673,-0.6012062389405799,-0.18915965121079051,0.62209258350260299,0.77915746498353178,0.07690554148755567,0.10114906296314641,-0.17738292764344454,0.97893011192950763,10.586535668181849,-7.0135263345453129,0.60692949080966851,0.3168843416397206,0.3375295870854792,0.5454545454545454,1,5
-0.97860904791378012,0.19749678434167392,-0.057613813586522095,-0.18668260733947803,-0.97015997344183147,-0.1547230753581339,-0.086451925705668814,-0.14065790452741292,0.98627654257603548,-1.3821391915103194,-17.76970449463813,-0.8001426877963348,,0.3504355915323459,0.1176470588235294,0,5
0.065179894429373192,0.99687666404114728,0.04459257844494386,-0.99634077778031516,0.062538860965067222,0.058257578059062912,0.055286851007193182,-0.048226627078665783,0.99730514715723939,9.3987904081700222,6.1579018331906727,-0.37700481733920455,,0.2541079048606316,0.25,0,5
-0.07010834970793707,-0.9591749324953468,-0.27398589046477639,0.99714389704911255,-0.075118716361690221,0.0078247702765647121,-0.028086791894744199,-0.27265477682358469,0.96170187937652607,-6.9082452993185477,-14.435052764962713,-1.7784152807579041,,0.2931061229050808,0.25,0,1
-0.96576868322401932,-0.1620531875328165,-0.20255768293056151,0.21632185074349969,-0.93407133477972693,-0.28410490744393513,-0.14316321941983265,-0.31819727521346508,0.93715248847350119,13.776892580794442,-7.2550705537863092,1.0446366686398971,,0.1202101810043437,0.4137931034482759,0,5
-0.70523499804714551,0.70800765666408905,-0.036996697615708056,-0.70316791334765072,-0.70517143086956491,-0.091039215306819646,-0.090545475689036259,-0.038189150165927187,0.99515983924284768,-3.9672544022487246,-16.382944207680445,-1.2189292333018587,,0.5148991561959295,0.26,0,5
0.82441803043451944,0.56494014604039444,-0.034315338936455664,-0.55278721902288908,0.81673292046767931,0.16544977216446974,0.12149568543535523,-0.11743069452316107,0.98562103792705213,-8.3247004997232583,-5.8741414442918813,-2.3214510914454554,0.5247233765428809,0.3338104084997285,0.1731843575418995,1,4
-0.92377534874161626,0.35762814792447811,-0.13689854955190348,-0.36017423546412397,-0.93286200852508083,-0.0065569168355348699,-0.13005239392314594,0.043250212284588259,0.99056337201220956,-9.3491683846688716,-10.097667704990817,-2.2960562139659428,0.2476826050667761,0.1984298033376931,0.7037037037037037,1,5
0.95846118215392584,0.26950548434615534,-0.093375351198505901,-0.24638959136678434,0.94725603344133336,0.20493456608171676,0.14368135428861029,-0.17341511184535413,0.97431148377377497,-18.249688246635372,13.483090760375484,-5.2781314200516762,,0.2410224939707724,0.4,0,1
0.77815071931103696,-0.60261318201864167,-0.17702771221784355,0.61976906148789901,0.78241921260331504,0.06088091795971904,0.10182223950652916,-0.15709082916127431,0.98232107934997448,28.30514257160608,-3.0437964956224408,2.9669252110464881,0.5284172685449922,0.4542244747478895,0.8409090909090909,1,5
-0.96240024520704426,0.24187376724116816,-0.12362381949279193,-0.23563843404705542,-0.96979590605794086,-0.063011340194519344,-0.13513066426711864,-0.031511606017832587,0.9903265735407204,-16.679591254437515,3.7011531027236964,-4.2679338761418109,0.1826900869390341,0.07850992058592292,0.24,1,5
-0.97425292343295367,0.1833174068858347,-0.13124774099007064,-0.17162173581133461,-0.98051676753356742,-0.09556593735546641,-0.14620951056428511,-0.070580428719141317,0.98673257881878751,-5.8794635276519269,9.6495079478609416,-3.0479224506899492,,0.1616810532546722,0.3076923076923077,0,4
-0.75783421813096574,-0.59449716253726859,-0.26881298622827565,0.6388607299878315,-0.75978699569273089,-0.12075052321057662,-0.13245476778599463,-0.26324293895819756,0.95559347506113057,-1.7407334376723629,14.716384185994793,-2.8333265531344716,0.5272710914374931,0.2487135944286442,0.4081632653061225,1,5
0.33958858524715868,-0.91907368382694687,-0.19995788673267456,0.94013977705474394,0.3381324224918108,0.042469570980586686,0.028579579585584557,-0.20241054457854563,0.97888363919013721,3.5025181327929835,-8.6351896929607772,-0.41819703143155967,,0.0799343174166833,0.2592592592592592,0,7
-0.67835173296978857,0.73171773288417585,0.066543863426505506,-0.72990364140052078,-0.66074783288750527,-0.17507991205368054,-0.084140362770454349,-0.16733636997767784,0.98230287520476545,-7.4181201363915514,-19.413749406694325,-1.6105188250244822,,0.2398815173348803,0.5555555555555556,0,2
0.97821100148436058,-0.12858205547819654,-0.16300273489720116,0.14472172065747063,0.98525083237724331,0.091304002485603941,0.14885852392424914,-0.11290461597716958,0.98239181976752143,18.234985869969123,-10.70166582900924,1.8833949002619188,,0.1771384493182834,0.3,0,3
-0.42575490487833928,-0.87307782367826892,-0.23762970094929764,0.90232089100149027,-0.42924477512002224,-0.039571867462086574,-0.067451987623135923,-0.23126616015616697,0.9705494281757675,-3.2838824858114148,-7.8242839272745774,-1.4759403068117036,,0.334050718729186,0.503030303030303,0,5
0.23817546031318276,-0.95499034244264225,-0.17682165010508968,0.97118867587995461,0.23267543762398146,0.051523747622117234,-0.0080626265659777471,-0.18399887653942881,0.98289338561467798,4.3682914793168113,16.047451559013645,-1.9672466543740319,,0.1407292075616795,0.1904761904761905,0,4
0.90429056311421552,0.40769339699086687,-0.12666756298524409,-0.40281238902925243,0.91309835225206271,0.063194765282519744,0.14142403157568176,-0.0061231662246009726,0.9899301743700234,-1.6674437884226792,-4.8577912156126297,-1.3231342830156996,0.5180211612794897,0.3864867143748885,0.927645788336933,1,5
-0.96424597214701246,-0.21687849754539909,-0.15229386888746427,0.22425439405479664,-0.97397707190078153,-0.032842505365688751,-0.14120790326811669,-0.065820822799701001,0.9877894245944282,-17.857096411990291,9.8638351574613843,-4.9112946587946711,,0.08547650541315616,0.4482758620689655,0,3
-0.93690197988048096,0.33762158957762994,-0.090699186033330798,-0.3249801708299494,-0.9367439611156726,-0.12999476866649731,-0.12885095522878864,-0.092316919166497272,0.98735759366717535,-22.007895970636611,6.2379951973431567,-5.2478225336745856,,0.4317639408733566,0.5757575757575758,0,4
0.59009741291541207,-0.7866629427784001,-0.18151159117193269,0.80452973394450478,0.59171046362482371,0.051094367948749934,0.067208261915657708,-0.17618212649450404,0.98206054183749403,10.797405009662411,-12.443208361682297,0.85593832894663713,0.1920284791142738,0.1615875964561142,0.2916666666666667,1,5
0.44918375014864215,-0.86323250609542534,-0.23035537550188531,0.89234421318914336,0.44622722191960162,0.067845940230527813,0.044224018250853939,-0.23603158017122847,0.97073854841127127,-6.2653539286001783,12.885390760284075,-3.3593725858125567,0.3998349851570155,0.3687370832434809,0.3333333333333333,1,5
0.092182396564022537,0.99115130922490846,-0.095506481379348043,-0.99525509912796917,0.094712064141790772,0.022291535742932418,0.031139900826598847,0.092998425404690416,0.99517917956956792,-19.45197923381988,2.9804635611616543,-4.6502427546722798,,0.07587575419710535,0.3541666666666667,0,4
0.11940513178313099,-0.882570539669154,-0.45476549672545574,0.99229537189514561,0.090836574246225293,0.084253259252589807,-0.033050104679519958,-0.46132196922248053,0.88661701500330159,3.5964661572143108,-5.8848369795902622,-0.49626210214791433,,0.3284526440248142,0.1636363636363636,0,3
-0.8379592659493722,0.53366466604210905,-0.11413278594581548,-0.53408227451129819,-0.84491856677441124,-0.029474388419661796,-0.11216234957608326,0.036257961029805733,0.99302818066736331,-17.911986515603502,18.721838950508296,-5.6684959230187699,,0.09825810347471442,0.2727272727272727,0,1
0.32301260635176571,0.94612041453858009,-0.022781951873914009,-0.94364693764558194,0.32381447928325946,0.068371339599480163,0.072064646047525896,-0.00058668548438183877,0.99739979075102458,-2.0152086607515565,-26.395744928772562,-0.57768394245000365,0.2574831192652024,0.4117686066230007,0.8378378378378378,1,5
-0.39445998665318371,-0.90011137032489252,-0.1849346910166276,0.91565241563883082,-0.40195707539542319,0.0033411486547773599,-0.077343213434310595,-0.16801794711102588,0.98274513317759671,15.324901189819128,-6.8641070635623969,1.2973197274503141,0.1262760180389358,0.1620096457143493,0.3157894736842105,1,5
0.90419311916777856,-0.38870779348249374,-0.1770340490855184,0.41320359422841568,0.9010045168475036,0.13211226414347396,0.10815541117466856,-0.19260610557915114,0.97529754184416495,-15.210583572034459,7.0589729489005846,-4.3084870258769996,,0.1629302818140888,0.3478260869565217,0,3
-0.30222269822128989,0.95303159008622396,0.019804771585839345,-0.95291031551297012,-0.30150962220345728,-0.032463491920943909,-0.024967404126496246,-0.028683375262557279,0.99927668476490139,-2.2067531150754753,-14.309536331622786,-1.0155210944280963,,0.2316564450515638,0.1818181818181818,0,4
-0.49583641826726255,0.86841592875418783,0.00014493410367877416,-0.86675584043392329,-0.49487823501159589,-0.061885746222308871,-0.053670843048870751,-0.030810829229508133,0.99808322970011609,-17.846749259537454,12.711357744085454,-5.1332801422517571,,0.1631918544786391,0.2727272727272727,0,2
0.050942055354140127,0.99629600909569593,-0.069276036666977209,-0.99857931631285735,0.051898637628975695,0.012078097714588778,0.015628692473863708,0.068562334209425146,0.9975244108789082,-4.646856463733136,-23.564097156581614,-1.0465787471769346,,0.5200767973477538,0.1666666666666667,0,2
-0.93846909697498859,-0.25570324773961844,-0.23214565065570725,0.31481791839816886,-0.90976227916133767,-0.27059614496628276,-0.14200504314422865,-0.32702973031603866,0.93428374876748543,3.6592899575994875,2.6798036719676559,-0.95579490772324804,,0.6275961377274956,0.3564356435643564,0,1
0.39663391841333118,0.91620557594989183,0.056998924221552331,-0.91480969765599773,0.38934936194883779,0.10737919456103032,0.07618892202039268,-0.094733399328644344,0.99258290898695734,0.83953739937146754,-15.690178826704676,-0.5292597764945971,,0.3032791880316628,0.1428571428571428,0,5
-0.8462158559603562,0.5233852297342052,-0.099933109715223734,-0.51609936796534017,-0.85172759951005594,-0.090562346582975031,-0.13251478222092156,-0.02505987886865272,0.990864185932679,-9.3848805681199003,-19.176709839447657,-1.9368617411927174,,0.1967482035909663,0.1304347826086956,0,4
0.58311720785119148,-0.73188516719311592,-0.35258817897163641,0.80575592017266329,0.57638965775530571,0.13613360914713865,0.10359401051477216,-0.36348186264987942,0.9258235342169906,-8.8591772694161826,9.5178826714673619,-3.5394086597234984,,0.5838957501711768,0.5166666666666667,0,3
0.0597469136728331,-0.96167175274515526,-0.26761492162925776,0.99821309608429087,0.057301957283567795,0.016944040170169393,-0.00095974600138602447,-0.26814907358321211,0.96337695281965263,6.5006214130328601,-13.780454747022269,0.23436855673752954,,0.1010253587241426,0.3,0,5
-0.54803339116523075,-0.76499652771199922,-0.33828939498086719,0.83109600930637295,-0.54371514105952634,-0.11684720235264856,-0.094545362038326433,-0.34518713471275797,0.9337596138974088,-13.125089244069864,-9.5291804703259526,-2.8987842167413,,0.2547348595797567,0.2962962962962963,0,1
0.66393720145395807,0.74678592612570416,0.038706240660420291,-0.74107127893014202,0.65016919994819311,0.16761077227783477,0.10000376028095954,-0.13996711034847781,0.98509312044616737,14.401552106603816,10.736879431677753,-0.052873883596849608,,0.5168334818611059,0.36,0,3
0.76883567373834627,-0.5759249806981932,-0.27785270089579711,0.6315200539639253,0.75208148800149477,0.18856260723393434,0.10036995680334068,-0.32044321183829716,0.94193525242346265,16.089869966219052,-4.7302941618212424,1.308399771029173,,0.3057007161891746,0.2058823529411765,0,1
0.01225635439707435,-0.98380314788287293,-0.17883273747455769,0.99979556920824686,0.0091809282125081028,0.018014725885114394,-0.016081093509222374,-0.17901697342125833,0.98371455293628807,-0.037072647750921721,-7.6594429338462877,-0.93137303516030534,,0.07067908623046039,0.3235294117647059,0,5
