axis_00,axis_01,axis_02,axis_10,axis_11,axis_12,axis_20,axis_21,axis_22,location_x,location_y,location_z,dbh,dbh_approximation,score,reconstructed,number_clusters
0.21690968291574023,0.97500083495708778,-0.048203332772491524,-0.97072291626427409,0.22065085268076046,0.094922184185976879,0.1031853153155826,0.026202538889120497,0.99431696035971739,10.627444524540479,-16.010121024028663,0.60995350177447261,0.4648200238110967,0.2945843298436955,0.3478260869565217,1,5
-0.95821520053077702,0.26877257899141904,-0.097902657032710977,-0.27129036097004355,-0.9624079619706325,0.013132203938297355,-0.090692720306023711,0.039143524596477172,0.99510934824553754,32.065065148638332,12.097724157276584,2.1700739994486558,0.7112994195684977,0.5922343450796345,0.9583333333333334,1,4
0.31679993297783771,0.94003836709991839,-0.12635533564261797,-0.94336431632130413,0.32611270493133199,0.060944814168309887,0.098496543882906351,0.099891801778179773,0.99011113456047595,-3.6700948760703493,-3.4982772073545836,-2.0559808755376165,0.2563671812976319,0.2388577682644508,0.8259303721488596,1,5
-0.80685919174008291,-0.54796828980525591,-0.22070115104467353,0.58148520696806594,-0.80258957555092703,-0.13313499650463104,-0.1041786867926742,-0.23575565016534766,0.96621223063738326,26.941177050632373,-0.24672584956153645,2.3628421807237383,,0.3369989568130642,0.125,0,2
-0.34532996375361485,0.93398445376041372,-0.091761954359027925,-0.93846143722130482,-0.34430468044794782,0.027284022250359686,-0.0061112177549751427,0.095537045984778732,0.99540711563764317,2.4416189145226461,-7.6621342481049526,-0.94115922235924576,0.4873078409263125,0.3429390981236687,0.9347826086956522,1,5
-0.98438080224620295,-0.10899462515551624,-0.13825558887919076,0.11585211624676951,-0.99235514853451767,-0.042538762772101266,-0.13256214893501189,-0.057891543978759501,0.9894826152113475,12.623897001083732,14.572279243899612,-0.78541920993427339,,0.3260135297233414,0.3333333333333333,0,5
-0.98696892875212672,-0.058703245824379718,-0.14982076827851093,0.077131420578273865,-0.98973485051669474,-0.12031487701973663,-0.14121996189440864,-0.13030293397456316,0.98136540990609766,-19.771173749223536,-20.174388005482047,-3.6017315706095392,,0.2028534954369898,0.3333333333333333,0,1
-0.95684131582029897,-0.24951125983807615,-0.14899270973204368,0.25022719269978072,-0.96808260505809873,0.014227502153007082,-0.14778717255860749,-0.023668565608063165,0.98873593574280028,14.067461117031993,-0.99380891611961197,0.45043952588240527,0.1275959847131556,0.2483879058425709,0.3666666666666666,1,5
0.96498410490068809,0.2253062079138482,-0.13432345277166174,-0.21719183753963037,0.97343511869916566,0.072469134045470188,0.14708291197544951,-0.040757604917651021,0.98828408600270368,-8.0522490356303944,-15.991917492099462,-2.1522084101051568,0.65387037935829,0.620583637150432,0.9871382636655949,1,5
0.18509581496106947,0.97821698604680807,-0.093973759600202864,-0.97954990826736588,0.19132842728703936,0.062252792108168829,0.078876590299608529,0.080529256307054667,0.99362645012164408,-13.18838752701598,4.5864590922536737,-3.8937944227602093,0.2797921965158083,0.2211452849177458,0.8864541832669323,1,5
-0.98048520024577002,0.16820968622331742,-0.10175595097912565,-0.15302327948688715,-0.97794747025161477,-0.14213592566112662,-0.12342061429960209,-0.12379114220783484,0.98460301902685055,15.426971449933367,0.24150312681050151,0.61199052577608104,0.7209235172815065,0.3356833995863877,0.3611111111111111,1,5
0.96635339387089914,-0.19480908914518633,-0.16795992659148642,0.22904380266879307,0.94886174175041327,0.21725637275207899,0.11704723240304979,-0.24841661343153806,0.96155557902702193,-31.741216069671779,6.9986546030737227,-6.4155912423062142,0.6783323565001891,0.4150307117803009,0.9534883720930233,1,5
-0.97214634155992341,0.21670375691123953,-0.089280302039204382,-0.1969623644547604,-0.96183704513911716,-0.18993505623354995,-0.12703274215747404,-0.16705981066254708,0.97772884895626699,-9.5019660485934558,-6.5844002668473758,-2.7431809301015706,0.6023092463601377,0.4210719116455992,0.5410447761194029,1,4
-0.94822403664103427,-0.27251636784903621,-0.16311347458304074,0.28867891090331321,-0.95365584639096757,-0.084882348247468861,-0.132422289422364,-0.12757490309107247,0.98294912450515126,-21.527528819625026,-26.719384614832464,-3.5912240220993508,,0.4226926708407427,0.8461538461538461,0,2
0.46700557151377575,-0.82452366303135161,-0.31947852083740141,0.88405176185476908,0.44309380625998207,0.14872915388557736,0.018928247054863338,-0.35189289273215457,0.93584887322047139,14.39188668928495,2.6388263680062463,0.26486349508676355,,0.2179231890096156,0.2222222222222222,0,4
0.83572494552629473,-0.52009854086717444,-0.17624222880146781,0.54296999541956226,0.83061675800996893,0.12352888482897363,0.08214255595702788,-0.19893041270968417,0.97656504719347903,-14.881684145706464,6.8166415961637989,-4.2783182167821456,0.7787540673867109,0.5181429883229265,0.5825242718446602,1,4
-0.7245396507886932,0.68291012577854193,0.093145340968486395,-0.68634059657452862,-0.70251167574508699,-0.18818589462430643,-0.063078363396013623,-0.20027757126290163,0.97770650735295517,-22.629103428838096,15.399843818128579,-6.0623240074419753,,0.7643170725499128,0.2432432432432433,0,1
-0.98192850508465446,-0.12786593422000189,-0.1395231657047038,0.12475732020030314,-0.99170787514405012,0.030839932453099933,-0.1423095989687804,0.012876072511402444,0.98973844261907173,-22.388017585588997,6.0560943146296697,-5.1589058703109076,0.2667226396508339,0.2290596228089221,0.6458333333333334,1,5
0.82742246111676554,-0.53986511069793752,-0.15465359061650999,0.55529556800659607,0.82761071074506709,0.081898373685177744,0.083778893473876903,-0.15364300736170469,0.98456839442323374,-1.2078566497091425,11.74900426159464,-2.7698808465651301,0.5382864999244616,0.5494455221687634,0.9966722129783694,1,5
0.081656453314416746,-0.92093194636376441,-0.38107292451545077,0.99498133453021897,0.053139313191029748,0.08478418089507761,-0.0578305072481132,-0.38608362249677664,0.92064926485127407,-19.443920718534681,6.649541179528998,-4.8658053119437916,,0.3002227520775296,0.2790697674418605,0,3
0.4683257826273568,0.8833541620622547,-0.018878180361645409,-0.87367063105828846,0.46616756240283963,0.13923875965264634,0.13179753318134038,-0.048715789336597093,0.99007887671469219,-18.354027695484529,8.0487877274860828,-4.8768119821807403,0.5507904842338621,0.6527621442328576,0.6342857142857142,1,5
-0.39861447510225878,0.91676279916606773,0.025543498275416052,-0.9169726518418484,-0.39789959149396076,-0.028932176949999961,-0.016360195997535253,-0.034955473879415784,0.9992549518680337,2.6728905276051265,-9.2632348298511751,-0.84075332469523412,,0.2181512491803901,0.2631578947368421,1,4
-0.11713290335014248,-0.94933169415474483,-0.29163198971657384,0.99144558693176654,-0.12880634137979916,0.021084937132346677,-0.057580648713700014,-0.28666750930936047,0.95629817943990492,2.2534354051443501,4.2578718256153811,-1.6354009805594973,,0.6746178072709128,0.5538461538461539,0,3
-0.44366929464678723,-0.88041160708122934,-0.16743046050307311,0.88914122548896535,-0.455815960240814,0.040739311797415079,-0.11218483909871531,-0.13079454310632943,0.98504180082370263,10.487610095210437,-15.092809522260772,0.57947842649359893,0.5692924978930558,0.4815619161682747,1,1,5
-0.74642873441836688,0.65636206955605447,-0.1096949318915382,-0.66208020397925316,-0.74907824567344761,0.023056134922860495,-0.067036914706649395,0.089836604493289701,0.99369785979427883,20.180018743386299,-9.2158729570366607,1.7859190903105986,0.4571435827481364,0.40807410021474,0.726027397260274,1,5
0.74191159342314061,0.66841003019153122,-0.052869831508081874,-0.65920666315911314,0.74155660674299118,0.12466103738718159,0.12253066061588051,-0.057635323675478398,0.99078978934679085,28.974264722427613,15.816148195395566,1.4169337475126211,0.4664612757084894,0.3882280119531386,0.5185185185185185,1,5
-0.95438147554696573,0.27496778515919534,-0.11639895299118143,-0.2750350078630347,-0.96130433374108304,-0.015802606759412686,-0.11624002573372473,0.016932071794641863,0.99307681543884796,3.9671681074544409,-4.9469097329174385,-0.86440007301516519,0.4459894379043265,0.1898210440542835,0.3181818181818182,1,5
0.56422275228062468,0.81862697715691835,0.10724997939302693,-0.81625654266169667,0.53358439642017064,0.22138868186720151,0.12400783189319776,-0.21245602878678219,0.96927008282588556,-21.90586551152121,8.7551975715065655,-5.3614609116644534,,0.4366561330777493,0.2558139534883721,0,4
-0.78656755719377225,0.61190133952087677,-0.082995353260165036,-0.61241924815494653,-0.79022531746671532,-0.022059286569591358,-0.079083136379083943,0.03347683269346359,0.99630575588684689,-30.167443364839123,7.1182675772458266,-6.2322652176513529,,0.1462546932375657,0.2105263157894737,1,5
0.96253278804310638,0.25277180970916546,-0.098168447875663742,-0.22851131267192401,0.95101484134261949,0.20821467654088327,0.14599045147857329,-0.1779808522353567,0.97314418475098363,-22.028931578467613,12.535340208590812,-5.6866744809468939,,0.1707354363939985,0.391304347826087,0,3
0.88700367737548003,0.45500740419564079,-0.078693954339077041,-0.43769734910561198,0.88277609438991389,0.17066750645512491,0.14712412075623774,-0.11693857062934715,0.98218117666287486,-5.4770031554593244,12.339515114804582,-3.430040349435957,,0.0828779861821094,0.35,0,4
0.26975503728108896,-0.85936434911861004,-0.43442506295726918,0.96280967592690747,0.23361107044733337,0.13573280998334486,-0.015157433918779228,-0.45488326329773865,0.8904220734958217,-26.508402822771334,15.240047507731964,-6.5050937692836062,,0.3485874658137628,0.2244897959183673,0,1
-0.20100654463906181,0.9738375675475277,-0.10600358977591137,-0.97924329538149935,-0.19687712245025027,0.048186793897195997,0.026056428432281179,0.11348916551294201,0.99319749891375042,1.4478579750142329,14.922199400697313,-2.6999592396737202,0.1479438120305409,0.1114133874985855,0.3928571428571428,1,5
-0.60730227752228738,-0.77954860718325958,-0.15325766785020198,0.78506571784196644,-0.6184358743544498,0.034769066434478461,-0.12188421713052336,-0.099202007792621977,0.98757440188797518,14.454257485005785,1.2070661201213653,0.36177813799078329,,0.1039858123632171,0.2857142857142857,1,5
0.63360737440873161,0.77364647340814863,0.0035817981529228092,-0.76271813142091216,0.62386809619015837,0.17043958037339474,0.12962541069044015,-0.11072367741003668,0.98536161898266184,-12.525578595054521,-22.868726541685607,-2.5417846093851191,,0.4117803042376017,0.3888888888888889,0,1
0.9828117233564988,-0.067055713103206072,-0.17200188305146888,0.12783897198443775,0.91936851574991063,0.37204667649338025,0.1331852607272771,-0.38764037920220379,0.91213848879267234,6.8964133073682792,-18.429078247293369,0.11241906793265692,,0.4442165357681226,0.1842105263157895,0,2
-0.19894184414867286,0.97807457081160332,-0.06158146294481625,-0.9800030435200765,-0.1982891233183465,0.016596935410760467,0.004022106178678579,0.063651846048171784,0.9979640600525389,-15.183247188493334,-13.149724950023,-3.2516734648619932,,0.1314701149495471,0.3666666666666666,0,3
0.94886864269367266,0.30478370068949295,-0.082189991523829706,-0.2792853346685592,0.93189810371283266,0.23144248990947824,0.14713259581663193,-0.19665406197291163,0.96937050664738889,-6.4279230405027388,-15.80771663585972,-1.9308143179555164,,0.162128353973111,0.2608695652173913,0,3
0.89340107211560527,-0.42087478065867096,-0.1571589747618688,0.43834410724338718,0.89326302926489998,0.09967750093923311,0.098432555527548732,-0.15794169669219252,0.98253012801557693,9.9573162717097592,3.8010381511696014,-0.46599727095655175,,0.08255169167480117,0.2857142857142857,0,5
-0.52132951847398212,0.85288959211000148,-0.028193560224355686,-0.85296637626392358,-0.52180491012874597,-0.012961355204011609,-0.025766143112221584,0.017291021831269762,0.99951844727006089,-12.279219734794703,-7.070841182730379,-3.0986128465313945,,0.09340611809947601,0.1956521739130435,0,1
0.39260925238393007,-0.88431668466347313,-0.25266969776436471,0.9196784172827569,0.3795946719853574,0.1004962376639634,0.0070415713313548923,-0.27183062047188994,0.96231934930513197,14.461347467002431,17.657487090581355,-0.7647303279308012,0.4307075862738592,0.3075621487713264,0.3888888888888889,1,5
0.88511818728883573,-0.44021353461431556,-0.15092328671513017,0.45462542499447001,0.88722857486529649,0.078365674188977746,0.099405822159087692,-0.13797644684824367,0.98543441315797897,15.780125035150915,1.9400668543771471,0.55390828250130852,,0.0884937822786689,0.36,0,3
0.98334615373889422,0.036322079087508556,-0.17807596271727599,-0.0020909198762621055,0.98202172085590689,0.18875637160444181,0.18173048720837937,-0.18524050944100712,0.96574322864881701,22.669789705605169,11.59156785266131,0.89406149748023622,0.3369217041082853,0.2371125742583833,0.3571428571428572,1,5
-0.72714110053227932,0.67747935593761233,-0.11084918671358408,-0.68354263210567434,-0.7294618907757392,0.025589450950140112,-0.063523932582545961,0.094377286378878267,0.99350774420988108,14.889038688567348,-1.2467611185979526,0.59648366154390908,,0.07042258059482849,0.2857142857142857,0,4
-0.9330831722966747,-0.3338296038696198,-0.13384165703183587,0.34780668899038458,-0.93227646897273186,-0.099453971732058499,-0.091576747432525848,-0.13934985102248232,0.98599965433548287,30.886508915129546,-16.863551594791485,3.6700879158354458,,0.4141150482871422,0.5625,0,8
0.99089337260166399,-0.033818512329018661,-0.13033277545557612,0.047563610852292812,0.99345647507782853,0.10383609704061954,0.12596835736324127,-0.10908959780744132,0.98601796768285033,4.4367626959471638,7.807737857084514,-1.5651412192969152,0.2399887567131,0.1625357882355606,0.3061224489795918,1,5
0.01289770787894982,-0.94290784837339214,-0.33280390413474464,0.99824336928767132,-0.0071058518542217175,0.05881906614884444,-0.057825814345027246,-0.33297792170845925,0.94115985828659743,11.073396148814467,-8.5273235574746433,0.3735334264543726,,0.6732539340121048,0.2876712328767123,0,2
-0.081071032937451964,-0.97668003607810894,-0.19880541930469975,0.99371549957957528,-0.094649044558576159,0.059758382336389332,-0.077181562006531132,-0.19271135278081453,0.97821538578966283,17.057450691979284,1.4957590906015188,0.76591716102575347,,0.1469329914049281,0.3548387096774194,0,5
0.022116188495154045,-0.98650758542881833,-0.16221485165622565,0.99843572309048811,0.013460259330032918,0.054267193363427085,-0.051351543922477566,-0.16316128618692829,0.9852621040244095,6.1938471861208573,13.90631210327018,-1.7541743242573664,0.2697135802115381,0.2306049086253014,0.6847826086956522,1,5
-0.97527279447600168,-0.12700357935251172,-0.18086754044499251,0.16720539351531238,-0.95917833485249449,-0.22807735163532775,-0.14451758624596606,-0.25267966436032335,0.95669621849592024,4.4827009222971519,-12.64503497981103,-0.45373763602254019,,0.6224083490993754,0.3763440860215054,0,1
-0.5534236998514469,0.8295366042172263,-0.074774532472544883,-0.83262448616126827,-0.55331515840520806,0.024058273497951484,-0.021416663778901602,0.075573525409176084,0.99691021098683152,-31.547155370962471,10.609091989510075,-6.613160741267162,,0.1280064447762743,0.3888888888888889,0,3
-0.22064569282028201,-0.94253461848306941,-0.25088637109422945,0.97181098408682631,-0.23435164923077237,0.025743265352507309,-0.083059553622990195,-0.23813399056789564,0.96767417713203308,-16.219017372180243,-14.337682708521283,-3.3575183897234164,,0.1557196922339283,0.46875,0,3
0.81420748345828942,-0.56033488945397114,-0.15195718324951601,0.57520948246495884,0.81406123094917504,0.080239413930491429,0.078741508513076999,-0.15273874402430032,0.98512468800196318,7.9245216654727839,14.056885331289706,-1.5062072814255649,0.2733668882751255,0.1717042563000414,0.5531914893617021,1,5
-0.97982311180419535,0.16957429923030329,-0.10578859397352372,-0.15382608641085554,-0.97776050048754481,-0.14255503788314791,-0.12760957924021041,-0.12340567542417684,0.98411728699339418,-7.6291234245312642,-17.102712608278019,-2.0610266741206571,,0.4823500287344105,0.45,0,1
-0.65833009012174826,0.75137187473192801,0.045186262316335983,-0.75104335691938839,-0.65165535036702238,-0.10620348565508993,-0.050352442518202159,-0.10385379241926017,0.99331718062892171,-15.578764776251871,9.5882650914385028,-4.5995555063341174,0.6377285147708148,0.6552816625738984,0.1333333333333333,1,1
-0.18833972880666069,0.97982890912140586,-0.066809096708371152,-0.98154205559446739,-0.18549515772379099,0.046548249810408449,0.033216556901939899,0.074342822861261232,0.99667938929055711,-2.6387258297653737,28.114633602618824,-4.7687356491763229,0.3904666290773682,0.2647496267675905,0.9333333333333333,1,5
-0.14769539459013412,-0.96380831829622826,-0.22194502922990303,0.98791245791737414,-0.15444410214945012,0.013266303287047389,-0.047064274227042638,-0.21730288745032383,0.97496892729831897,-1.4780593398914692,-6.5143200981375093,-1.5706380349535969,,0.1419965118003396,0.3392857142857143,0,5
-0.83972149277048769,0.54110924812995631,-0.04548182238583736,-0.53814280235616274,-0.84045688764723203,-0.063518062616728307,-0.072595721992134474,-0.028861767003428639,0.99694375947386282,-12.840492089612189,-20.433103090668816,-2.6901046260410708,,0.2208713771592074,0.1111111111111111,0,5
0.98260288577128518,0.16179279933796431,-0.091184751775334916,-0.11864368475887933,0.92458528998540002,0.3620299954554187,0.14288192657148735,-0.34491322332580981,0.92769586796224368,-14.652172068872964,8.7358292429518958,-4.3953315671099364,,0.6251468655747197,0.2302631578947368,0,1
-0.63652416523854161,-0.75334240196447377,-0.16526406890118359,0.75983324697468746,-0.64927389330290497,0.033118699660329709,-0.13225136619060376,-0.10449228142635744,0.9856931263141856,-19.128440927332022,-14.686455426503183,-3.7545714324119115,0.2531040895884819,0.3359183078815103,0.8974358974358975,1,2
-0.83454089237382789,-0.52611633333052632,-0.16353318549681847,0.53220866375468934,-0.84657876381494623,0.0076377275419270019,-0.14246205522995309,-0.080659782174261591,0.98650826776021372,-15.715875282238068,-7.807045446558659,-3.5432008126504262,0.4728474163993984,0.3579380233427411,0.7974683544303798,1,2
0.71282794067769917,0.68969117255865597,-0.12728870132049608,-0.68762059068623926,0.7229993427871908,0.066707372857868277,0.1380371336036042,0.039975452767390098,0.98961998409619034,-4.1209822133081166,-8.4613034831623821,-1.8538304202141997,0.1916717839487876,0.2175151079295419,0.8552631578947368,1,5
-0.31996647186351901,0.93434961697403307,0.15688291858481859,-0.9474261097722918,-0.31594786576373629,-0.050603484475697812,0.0022854769642397786,-0.16482639163622714,0.9863199466781698,13.386857772097668,0.31571680027322857,0.26916494652438627,,0.2715127928475144,0.3243243243243243,1,2
0.19394059481058715,-0.96458491937839552,-0.17878193139209958,0.98043536000243892,0.18432594318127807,0.069068455370154408,-0.033668242327191393,-0.18867930458348081,0.98146144574328043,0.7336428586842999,10.746152050130025,-2.3430180600073993,0.1478420192260823,0.1406302471236429,0.6031746031746031,1,5
0.69943574732108593,0.71354738331539413,-0.040494038242064712,-0.69788967610206121,0.69410639039424138,0.17653985047019397,0.15407671907058354,-0.095217911012753675,0.98346017411119058,-10.734981236246787,-20.182182671002732,-2.4218304683279506,,0.3607046859059278,0.3888888888888889,0,4
0.9665668444144131,0.23137039772051229,-0.11052725608382115,-0.19536807591859787,0.94369545247996423,0.26696480644553633,0.16607182238607363,-0.23644583317810799,0.95734712501896668,2.6844318164519914,1.7069217749576426,-1.4123121466157418,,0.4814161814945825,0.1197183098591549,0,5
0.85693374778884013,-0.46120199607381895,-0.23012446788227223,0.49999880393087365,0.85224899461692072,0.1538598298521883,0.12516288574601289,-0.24690963932575369,0.9609213714137893,18.003582597749951,4.4579261148621798,0.74340951162663627,,0.5339761852784415,0.3333333333333333,0,2
0.032623964768200821,0.99803520616310271,0.053492094572723345,-0.99774556265203052,0.029380581461193399,0.060337166333742275,0.05864698739907008,-0.055339937585582484,0.99674370937419887,11.721492317100822,2.1444774449387731,-0.10275714139435162,,0.09526421661556804,0.2105263157894737,0,5
0.13272607434520417,-0.94166891084707316,-0.30926275484286647,0.99050988663979933,0.11478156462703278,0.075599979435066883,-0.035692487412949885,-0.31636190473231424,0.94796687261550372,-13.996094090636104,-4.7080929396718512,-3.4448509084135632,,0.3102906860121255,0.25,0,1
0.63839355398885045,-0.74472202743373395,-0.19453218777485759,0.7678459418499598,0.63375170292526373,0.093655691892562454,0.053537648529154984,-0.20915994094069659,0.97641478854821295,-31.801266700294484,8.0892448591629904,-6.4729279899858954,0.1547661722781766,0.1361755337984775,0.3529411764705883,1,5
0.87906872012356962,0.47418260014517088,-0.048877878635160577,-0.44847626707681509,0.85742629472488441,0.25236716700711931,0.1615772978148648,-0.19992751394922917,0.9663962779299835,-6.2830866668894547,-21.857905218980221,-1.7214596049079218,,0.3790872025193621,0.2222222222222222,0,2
-0.98199466431914384,0.14782797462462333,-0.11761534409724447,-0.13990985333094558,-0.98747019597709285,-0.072992088597835528,-0.1269319195066583,-0.055222295998470526,0.99037305387162644,-12.49967537198394,16.403173320243948,-4.8936088967609086,,0.2419408244366262,0.6938775510204082,0,3
-0.54635318916550324,-0.78756629391573596,-0.28502197349768971,0.82653991327720122,-0.56199708436486007,-0.031480929546535572,-0.13538819907363253,-0.2527817435125212,0.95800387561761424,23.210905271622561,-20.45069028735087,2.6012734811688869,,0.5582286520176254,0.3421052631578947,0,4
0.15394955155406836,0.97099194994631444,0.18295947287789413,-0.98520894991536145,0.1367456253774611,0.10326644637441013,0.075251980591696604,-0.19615113326102063,0.97768188708671766,4.3670253919640674,6.585481223278844,-1.4688999217178171,0.2870490044131359,0.2783331162577436,0.2456140350877193,1,2
0.96419301097308985,-0.20932112502544981,-0.16283889034480309,0.23601496169040345,0.95730792985232327,0.1669085537057218,0.12094947477738052,-0.19936447542112015,0.9724325326166009,-1.8818718186453105,-23.390521722692281,-1.0147842489293237,,0.223680585003425,0.2631578947368421,0,1
-0.22497414094239801,-0.9383098123533653,-0.26260489703854023,0.9722934714598539,-0.23375271251613758,0.0022527201099294138,-0.063498356386412338,-0.25482222319244485,0.9649008204491708,3.6430065469502275,-17.950875437285401,-0.40284679237184556,,0.4662220584227881,0.2941176470588235,0,2
0.88320137221325579,-0.41718163938041147,-0.21427742737977412,0.4595240275790578,0.86111627931432577,0.2175233816797017,0.093771020033607766,-0.29058257563681317,0.95224406668570649,1.4098896552933686,11.298744861424186,-2.2641931018014159,,0.5895031112899843,0.5575221238938053,0,2
0.39740886547722415,0.91417886159913453,-0.079644225436726029,-0.91161774653386485,0.40323877297270783,0.079696776446619683,0.1049727481045586,0.040932883807220224,0.99363233702340881,-8.7110259521983409,52.517311336058306,-8.2439920358435472,,0.5146339606398898,0.76,0,1
0.82250602298719722,0.56805784594849651,-0.028180237865202212,-0.54632411026963379,0.80287310698778702,0.23858906222597639,0.15815754388544967,-0.1808453973208394,0.97071166346139581,18.60276452940256,1.983659055830916,0.9705373765488764,,0.2805790229141524,0.4210526315789473,0,4
0.33190601179087936,0.94319041144147941,-0.015173895410402042,-0.93795186435983324,0.33168962593987683,0.10113501959152134,0.1004226044323961,-0.019334937515226577,0.99475698575596672,23.49276752964337,-9.7129132617142169,2.3432777663636082,,0.10207382427095,0.1,0,3
-0.81507151710121895,-0.54279941156599554,-0.20255177316905218,0.56122900879276194,-0.82651723075276229,-0.043488699201969662,-0.14380689030714688,-0.14912433092019145,0.9783054289064298,-19.3739223557467,-30.115668256238333,-3.1811582529162536,,0.1594427275131435,0.15,0,1
-0.61037245327463341,-0.73714847066021205,-0.28992688817496076,0.78258454003975753,-0.61778928838775693,-0.076797349199758447,-0.12250267741672553,-0.27376728686360507,0.95396256041265781,21.690231037871609,21.170391082830822,-0.067318072739733961,,0.3225411969203976,0.5,0,3
0.35577504340320026,-0.90342050374703575,-0.23928124017754365,0.93436568633512584,0.33846595597811358,0.11136229542942552,-0.019618427330956912,-0.26319610569549456,0.964542859211443,20.651220821908634,3.5258317964194648,1.1895398947615399,,0.2506437716374824,0.3,0,3
-0.97993356689280775,0.17527725714106601,-0.094910945658779167,-0.16269163982017962,-0.97844432153901228,-0.1271933173585876,-0.11515917162501663,-0.10919978377801882,0.9873265783992009,18.056983349728128,13.541259968915535,0.1300403256369578,,0.5200413713334057,0.625,0,3
-0.48888618058853384,0.87226755797385724,0.011815656388010579,-0.87233790966529678,-0.48877213373657324,-0.01133016519640485,-0.0041077719430423834,-0.015846406183148039,0.99986599983234881,-5.6843339777419564,-26.12059697067642,-1.5019058864693591,,0.3969041758784519,0.2105263157894737,0,3
0.92211404074744263,-0.30860177038118031,-0.23338946671609875,0.37162696695171726,0.87430368377122769,0.31222822738876105,0.10769908676813807,-0.37464385202704431,0.9208924426053493,-7.2275915854353032,-22.027953448999035,-1.8703812866971792,,0.5100834615634169,0.2580645161290323,0,1
0.65649130487725427,-0.7148477193436209,-0.24085660624069552,0.75094477178421537,0.64956395760286745,0.11894794959667723,0.071422099874716968,-0.25895830384933599,0.96324424759090144,13.259064050408812,4.2708057376195088,0.030949341213564904,0.7877164211654293,0.4898417862889579,0.1851851851851852,1,4
0.2079487114733862,0.97173758656869236,0.11172911995631234,-0.97468654359024876,0.19626857948560186,0.10707374305028274,0.082118664995556215,-0.13116671664853699,0.98795334773611132,12.585242272903617,11.989970401586914,-0.53215450509135032,,0.4547157850595204,0.2142857142857143,0,1
-0.47765478028050123,0.87835561303021548,-0.018366489416924061,-0.87828219831266074,-0.47791995534624648,-0.014590970115888519,-0.021593772302850471,0.0091615140755981535,0.99972484997501987,14.074673198382717,34.656656334559074,-3.0411182345311882,,0.3585548084674611,0.3636363636363636,0,2
0.60462065622572914,0.79598757708988876,0.02894199688581222,-0.78337079734199477,0.58767798511039304,0.20239757826702559,0.14409738351870538,-0.1450460717674156,0.97887567194608804,-13.354183792484099,6.6418565190035439,-4.0794888250782613,,0.3812325640213785,0.4343434343434344,0,3
-0.94494169038699027,-0.2549024091414448,-0.20520712361530088,0.29229203007834381,-0.93942224288593001,-0.17902854164587567,-0.14714132975224301,-0.22915193951842541,0.96220518481958184,1.270415872777811,-12.041618985864675,-0.91858932329205079,,0.5625489322324885,0.3513513513513514,0,1
-0.14149264622405092,0.98533084390587589,0.095409428843538924,-0.98934102623598397,-0.14409911458145683,0.020970908019689111,0.034411696715589205,-0.091425232975228879,0.99521719333248027,0.79351038177559696,6.0646785066164295,-1.9947476096975041,,0.6013073993992487,0.2141057934508816,1,1
-0.41421214093708481,-0.86192477187297856,-0.29242775164479451,0.90388295215236336,-0.42726629577899167,-0.020955221297486264,-0.10688269789186662,-0.27300036652541715,0.95605799445867456,-8.4197430210478537,-2.8679967470962593,-2.7696036730077442,,0.3274219050016461,0.4198473282442748,0,1
0.56101483074459102,-0.78688782295029869,-0.2570406850620291,0.827230627376636,0.54448625966404451,0.13865136914980469,0.030852047171539845,-0.29041740156126611,0.95640257426239017,7.152932612506369,10.770129657304848,-1.3073552461247198,,0.6312950545732217,0.5735294117647058,0,2
-0.99026363873128664,0.081613205651068457,-0.11277060995679727,-0.079303936476479542,-0.99654140879339448,-0.024821487050745772,-0.11440634364407502,-0.015636662797165354,0.99331097009474356,-8.4643621610544617,-23.73755851979428,-1.989614657317101,,0.1096619758694561,0.2380952380952381,0,3
0.74051299004513704,-0.59485675738641097,-0.31270745076850243,0.66781166004814041,0.70346481230900071,0.24323824647207226,0.075286773593757142,-0.38895076299550607,0.91817711019555226,17.321199455202439,-14.108260917133357,1.4927077799819959,,0.3021606053284114,0.3,0,2
-0.2670502027330518,-0.94694541710222957,-0.17882551901034913,0.95951810648116531,-0.27851088164747295,0.041912911360894478,-0.08949409229125023,-0.16039347191526251,0.982987660966267,2.9185209734630138,-23.871069253740913,-0.33255953259977317,,0.0794294805075782,0.5625,0,1
-0.94521094699993802,0.32526383270801007,-0.027923194723683244,-0.30571982335189857,-0.91191764334150727,-0.27375463717014159,-0.11450613643453812,-0.25021920568686867,0.96139414072703155,9.812034066680722,-16.988728127542281,0.49235545732458935,,0.3103073128716017,0.3125,0,1
0.20408788414931414,0.95948184303278838,0.19427487854548001,-0.97554331249818693,0.18278428261417093,0.12208665557417865,0.08162953499513137,-0.21443996577044053,0.97332015292854757,26.008808693839974,-1.2555942727427611,2.2928355787424053,,0.3320838539829722,0.4090909090909091,0,1
-0.9712676054689322,0.20856889139373047,-0.11462223217787301,-0.20330502703444339,-0.97751436462958441,-0.055970822089237253,-0.1237186507733261,-0.031059370335070429,0.99183114034860664,23.758502310006808,-15.301369621219012,2.5259087657057528,,0.2335163390451973,0.5416666666666666,0,1
-0.86696098550564682,0.48093582016033953,-0.1306881268431811,-0.48950710021078808,-0.8709847023520837,0.042052908482974931,-0.093602609228072189,0.10043099698476393,0.99053125462568969,25.560509113786257,-12.24263881756772,2.7253766709108787,,0.09533303408662799,0.3846153846153846,0,1
0.031754261672554816,0.9920005240363744,0.12217457664011241,-0.99775749090436661,0.02425544303387064,0.062383193469504716,0.058920762128929639,-0.12388153129014196,0.99054616752343039,0.82612848595047561,-16.757391673006222,-0.81703227046836269,,0.4419748568164035,0.2023809523809524,0,1
0.9845042680900794,0.12015410486092727,-0.12772758980536619,-0.10252762252425202,0.98530426856724296,0.13661473186554959,0.14226536026715375,-0.12140218049211815,0.98235537247974425,22.055028429694303,-8.6996313889277204,2.0853047872195241,,0.08669761251432424,0.4166666666666667,0,1
0.7487845227999218,-0.6284771762817396,-0.21056632519998872,0.66034860478424873,0.7347265613704328,0.15529520332668936,0.057109181177739582,-0.25532982377645053,0.96516590414057668,0.63838771989432985,-18.551622299404386,-0.80726703888975682,0.6394317769480394,0.6003001282594056,0.7721518987341772,1,3
-0.98890354532890279,-0.048495407529950199,-0.14042070176591315,0.049722197898717256,-0.99874934449833608,-0.0052392652409317458,-0.13999100353968558,-0.01216315389395739,0.99007806591970504,27.312387592692524,-14.773485987331377,3.0652070607318453,,0.07966380145055399,0.3333333333333333,0,1
-0.0018202112206536238,0.99647843043069795,0.083829735282207427,-0.99852290172960667,-0.0063632610631856965,0.053958536211867629,0.054301947963198247,-0.08360769459215163,0.99501811634381165,-11.936866673782529,-27.246193345174195,-2.3021422316555928,,0.2115313271846734,0.25,0,1
-0.034218257328387423,0.9990378209757218,0.027432519488561843,-0.99649729939110276,-0.036201180497186493,0.075383067308575816,0.07630362489192373,-0.024756954390477637,0.99677723190172263,6.7006780560791421,12.368238962060943,-1.5377743761289779,,0.6224426856397708,0.2361111111111111,0,2
-0.73760990347760669,-0.63303801105454949,-0.23493511200298714,0.66184260219610891,-0.74674838706567359,-0.065811977124971804,-0.13377593285056436,-0.20403363197011229,0.96978053023096211,27.747019341832253,-0.85355765894359137,2.5118923993701108,,0.1819787980539708,0.2222222222222222,0,2
-0.6247706207152206,0.77719423419964362,0.075038615511936788,-0.77955993713323901,-0.61545210814961915,-0.11621104504740405,-0.044135880051707266,-0.13110234513928182,0.99038588398211824,-21.384071025834714,8.1933872854148238,-5.2363811276855934,,0.1445571247857825,0.3333333333333333,0,1
0.98894764339700858,-0.04562812791570485,-0.1410696018368662,0.063897890208606076,0.98973659160225802,0.12782229410565923,0.13378945491477576,-0.13542360645933485,0.98171321095682218,12.57869410336653,-22.637815852557733,1.0615195639350794,,0.2090697326891271,0.4736842105263158,0,1
-0.68297196781280323,0.72615999686187493,-0.078999684426399944,-0.72822227540450035,-0.6853302200938356,-0.0038479904921928788,-0.056935127879023488,0.054901260310652442,0.99686721424154701,10.258627516100665,-23.791718586044105,0.74575452500995076,0.2417125404808098,0.3318124692330957,0.68,1,2
0.67321620309695029,-0.71609745094693411,-0.18434854117955737,0.73658528873972429,0.67134450091232001,0.082089423843795528,0.064977352207859704,-0.19105235366802736,0.97942684354573606,10.871403106377331,-21.357984125248283,0.77528950026080046,,0.1276788215206718,0.45,0,2
-0.87160268636484917,0.49017338920251224,-0.0062294172521768386,-0.48295952784601298,-0.86081460348118155,-0.16046280845196681,-0.084016972001705575,-0.13685125849351534,0.98702222946821505,14.980051273470233,-11.296327850439456,1.071953917300128,,0.2230926461292277,0.3548387096774194,0,2
-0.14825098191891037,0.98654595902665021,-0.068910935911998566,-0.98811414862678559,-0.14490179252601643,0.051321533553770796,0.040645733400229117,0.075700338512690243,0.99630185340860555,0.98302121354123295,-20.163613618576012,-0.69137558954698808,0.3284605999113904,0.2368998283327219,0.1052631578947368,1,2
-0.043834997975169238,0.99892865635536998,-0.014833491314360341,-0.99608408581398755,-0.042559445779297225,0.07749314526506236,0.076778818307068966,0.018172316501077812,0.99688253067869304,34.155458658279443,-5.0552146800058875,3.6791176454766532,,0.2753158009219152,0.4375,0,2
0.95688754135163134,0.2406574686473025,-0.1626352237072371,-0.20013144874622416,0.95207189782034285,0.23131473062368485,0.21050804362011388,-0.188793760927217,0.95918886534727277,19.141653894603557,-21.306042180224772,2.011707771231968,,0.2213480046061008,0.1785714285714286,0,2
-0.71846515770989816,-0.66080350581218739,-0.2171325490644192,0.67696862602798102,-0.73601186919622641,-8.8181986908404257e-05,-0.15975386233414601,-0.14705527909122443,0.97614212508257381,15.111191952068156,-32.861492868686824,1.741751962672303,,0.2809098014269311,0.6153846153846154,0,2
0.96755686733513424,0.23479612361690499,-0.093297849959662893,-0.20648607492188092,0.94766068161652728,0.24352152549919051,0.14559261429061593,-0.21635621750384842,0.96539773037409304,16.303074384772486,3.588627484272445,0.51023496746684838,,0.7227525112626099,0.5483870967741935,0,1
0.24882316792959114,0.96386406979947314,0.095147706494058612,-0.96461175040351799,0.23776428397973248,0.11398384204380187,0.08724220357684552,-0.12014241637823894,0.98891586988067604,14.518739259799625,-20.14285862585341,1.2982351294700092,,0.1804411675187122,0.2857142857142857,0,1
-0.81861579518624861,-0.55119543010233163,-0.16140563096092059,0.55599324140860129,-0.83099328628765801,0.017935262830418103,-0.14401283060735892,-0.075058350495765605,0.98672516368100782,29.687386980588681,11.617241201822743,1.8700137182232335,,0.1282511469123168,0.4285714285714285,0,1
-0.57533293072298175,-0.79187268204982475,-0.20476736617176669,0.80845982923734283,-0.58853455038235747,0.0044483160592065545,-0.12403516975128945,-0.16298692717348146,0.97880056101093182,19.621956435996399,-7.1484470018779929,1.6407745019712996,,0.8840819476608974,0.5111111111111111,0,1
-0.1679723969889331,0.97759039329123443,0.12689482571989663,-0.98531925601195602,-0.17047989259908991,0.0090868009469236462,0.03051618557157041,-0.12350558353407916,0.99187455520043899,24.44961708552605,1.5560581783787684,1.890157926256782,,0.2919958779130786,0.2352941176470588,0,1
-0.84131199147104629,-0.46921620409864007,-0.26838458752001126,0.52067389160034516,-0.83683496773814936,-0.16913289265084677,-0.14523371376087199,-0.28203437836894019,0.94834792023037151,-9.7096955221113657,7.8566585447301112,-3.6570607630651297,,0.5730158004159331,0.5294117647058824,0,1
-0.60412767697689507,-0.70776396527708418,-0.3661965583750903,0.78672746759798295,-0.60286775229017764,-0.13270405033553009,-0.12684495117018496,-0.36826708066816,0.92102644677489354,20.024326442617593,10.385853232264479,0.64763843854086245,,0.5728733035114399,0.25,0,1
0.98980426344731831,0.08171858447216053,-0.11666016035210616,-0.030735062883245592,0.92228905473758316,0.38527685554782404,0.13907866828193205,-0.37776311686442099,0.91539726434253799,26.037280463827422,28.226461759475765,-0.027822147607012033,,0.3824594361422634,0.1904761904761905,0,1
0.16254358782482642,0.97428998010899448,0.15600838668561781,-0.98374603142022177,0.14779009796421833,0.10198937497941295,0.076310731368513837,-0.17005035019941303,0.98247623415279606,31.07421520179782,-0.077264703031277082,2.8695104681098464,,0.2456156220735576,0.1428571428571428,0,1
0.83513320748054964,-0.53100834821595877,-0.14346658108496649,0.54324369974724063,0.83715084272952078,0.063755385671983522,0.086248527223251409,-0.13118155602908768,0.98759940811525793,-0.54902679800130061,1.5681766419261411,-1.8731216466020153,,0.07584967525583716,0.3821510297482837,0,1
-0.96797248986802609,-0.20353117031138915,-0.14698408611265026,0.20456257816240547,-0.97881891638161334,0.0082268188915515707,-0.14554521797106332,-0.022104109237900269,0.98910464455514246,5.7077406492436218,-14.847268663021083,-0.18025907297559918,1.098667489778081,0.579326069409968,0.3125,1,1
0.39922713977844176,0.91476069537150539,0.061891526623312411,-0.91079897377834873,0.38794275846443055,0.14122905338249067,0.10518041751500405,-0.11275320996959688,0.98804038045664944,11.658959964145097,12.953123646863716,-0.73405013032715383,,0.3210232915703873,0.2142857142857143,0,1
0.29064283846990752,0.95277664763862235,0.087996591755953854,-0.95236181403688347,0.27918015023352338,0.12274126803957611,0.092378112183195638,-0.11947846429418135,0.98852980782542521,-2.8842222258317869,2.3258938406043717,-2.2738738619423642,,0.1304582275434096,0.3119266055045872,0,1
