axis_00,axis_01,axis_02,axis_10,axis_11,axis_12,axis_20,axis_21,axis_22,location_x,location_y,location_z,dbh,dbh_approximation,score,reconstructed,number_clusters
0.11870790895546833,-0.82286756625002755,-0.55569542086036239,0.99209502368812463,0.075357883333195652,0.10034267981670919,-0.040692706037795012,-0.56321413142187371,0.82530839438480519,-15.724365490334336,13.636477544263661,-7.5415818189191528,,0.3256156640259679,0.2083333333333333,0,2
0.91369187999901202,0.27148093142209023,-0.30243222761152061,-0.24331489171862766,0.96146715187363629,0.12797960515625856,0.32552267492730025,-0.043347661323232596,0.94454008298535597,5.5781861611087047,4.4941061148046346,-0.050344967265743133,,0.1732978566776854,0.4594594594594595,0,7
-0.44965548279956885,0.87651049309556628,-0.17187001565617779,-0.88487511061535784,-0.46335214835801669,-0.047966918031803182,-0.12167984796894633,0.13051491142922569,0.98395115350960216,4.6172631727414855,-12.692646890641603,1.4457936241914826,,0.2202182166129275,0.5172413793103449,0,6
-0.23316672096505101,0.97190465189389141,-0.032165631680721882,-0.97238035184927063,-0.23266929370420955,0.018478395619564717,0.01047528385748734,0.035585775166463177,0.99931172365479004,-13.212157521609365,15.792226200119114,-6.9610203329038098,,0.1634584537359345,0.2352941176470588,0,2
-0.68099784131709828,0.66936081897685962,-0.29698153838257324,-0.70827144664517605,-0.70507401959784299,0.034959759085126114,-0.18599327404129826,0.23415106428707172,0.95424304089924106,-15.28002899477436,25.868917614010865,-8.2269325497665626,,0.1201563123255103,0.4666666666666667,0,1
0.0026563817083722239,0.95472783620769452,-0.29746882594045582,-0.99795937159460668,0.021508667953417739,0.060120461153981647,0.063796835992995904,0.29670209971121442,0.95283672669783248,6.6682329618163436,2.9380579015951556,0.53913665713247372,0.3730360891325993,0.3326684463656974,0.8782287822878229,1,5
0.83779254370622769,0.48049597093144525,-0.25928223161045383,-0.43240859528701742,0.87386392647139255,0.22222656172003835,0.33335635651980261,-0.074063890868960494,0.93988726964311742,-2.8908252311561498,-30.453658396128155,0.6915102223368006,0.8498425347625163,0.3941081503469683,0.3703703703703703,1,5
-0.26906852883888738,0.92262353291039267,-0.27634750461768476,-0.9627217519325737,-0.26590904747410926,0.0495903904732303,-0.027730040467917955,0.27938896719691059,0.95977750018652286,12.822174760189768,-1.2124401454297344,2.8459799312233516,0.259379923685795,0.1975276082131957,0.2790697674418605,1,4
-0.93946778204638337,-0.081138026144413095,-0.33289173496835056,0.10713464693904774,-0.99240431500056658,-0.060463567489048332,-0.32545729969090509,-0.092467812138309402,0.9410245744911554,-5.3748433865639118,9.120906531083854,-4.0129704734448239,,0.06895850266040429,0.396551724137931,0,5
0.91382501375800551,-0.19353370150313109,-0.35702738076046459,0.28042707535335248,0.93660934353493897,0.21005616632657059,0.29374223332531885,-0.2920747232910571,0.91016913613652417,-10.580747804159278,-1.1030155446399135,-4.5692063145286888,,0.2644867453355036,0.5197568389057751,0,2
-0.94463462828828104,-0.053428031955912829,-0.32374506087349031,0.058937965602634465,-0.99823545567619043,-0.007231268323918451,-0.32278744592887226,-0.025911781727002141,0.94611671812649478,-14.200123729230766,-13.821329860737476,-4.6043857191246245,,0.1158530299182028,0.2631578947368421,0,2
0.90996144634625575,0.27398928246555937,-0.31128771138199163,-0.26278202477153773,0.96167465063001101,0.078278182098317731,0.32080488403451896,0.010570687283917015,0.94708631441381574,-5.8183586810071146,-16.218692978202434,-1.4401639250392793,0.2853262081503189,0.2729727616102738,0.9212598425196851,1,5
-0.010009799547106114,0.95809345553382474,-0.28628086624202259,-0.99832710612429643,0.006728809268220619,0.057425711169484396,0.056945527396942149,0.28637676859181149,0.95642331282774462,-13.636533485555747,9.2131836609726854,-6.4720012944708403,,0.09578493709714229,0.3684210526315789,0,5
-0.52354579509306221,0.79847420423240212,-0.29721834670121794,-0.8447826827900744,-0.53180401705961966,0.059386078311809351,-0.1106436590970214,0.28217624388790041,0.95296093733528187,-7.355778859284662,-7.2215898927320152,-2.8468196104662642,,0.08892218541160583,0.2575757575757576,0,5
0.54330036908499124,0.80904799139041261,-0.22420092903297836,-0.80551360670938632,0.57760604143397742,0.13235970045677045,0.23658516090014556,0.10868582486280738,0.96551274104267693,-7.6487837439901751,-1.5030138918783988,-3.5672450316297173,,0.09370166785147124,0.3245283018867924,1,4
-0.89429032242446638,-0.24558554141691746,-0.37407560875430562,0.3097266327646423,-0.94305316840809161,-0.12132656144363822,-0.32297713877954465,-0.22436234845093786,0.91942770483782998,-14.647502003933237,10.573725706440177,-7.0107533888181512,,0.1990714063864275,0.3684210526315789,0,3
0.86224133275635728,0.40397955233135485,-0.30551662047210904,-0.39698195818994025,0.91362727337101657,0.087695668218687961,0.31455557371984533,0.045669756412749847,0.94813979158717909,18.372074813920758,-3.3618240431756488,4.9749388275943778,0.2877804647308009,0.1855282209556024,0.5116279069767442,1,3
-0.92874873059644303,-0.15216579620336662,-0.33804047964894718,0.19577364663467903,-0.97567063597604842,-0.098688851333128172,-0.31479910212523571,-0.15783656281067429,0.93594291745878233,-16.593355073366478,4.6969501492720651,-7.0028579977281007,,0.1869818942838035,0.32,0,2
-0.89208644526165326,0.36817827464179592,-0.26196666250158246,-0.35689388858436399,-0.92967667955018296,-0.091258006726416541,-0.27714351241109597,0.012084270037424488,0.96075254043177238,7.534923512801095,-16.753764184489892,2.7699712163973897,,0.1989471922698988,0.2,0,4
-0.84952825376095542,0.48436010316490213,-0.20903836136926482,-0.45958039578745724,-0.87405357545550455,-0.15753160648356682,-0.25901275233027887,-0.037757617715294359,0.9651356155664137,-21.77966432363656,13.09581413160225,-9.5157161487833637,,0.3688541622661261,0.2916666666666667,0,1
0.73976688558236381,0.62466235284973948,-0.25008378581587226,-0.60804546913015312,0.77977707982437872,0.14909196239522229,0.28814174023571043,0.041769016181780264,0.95667637517665549,-8.6973722342556421,-19.976458306729405,-2.1567795986376535,,0.1249351626798849,0.2,0,3
-0.84820945974989814,0.43417839763738525,-0.30336418940906168,-0.46288674532698526,-0.88603201465043213,0.026136756016875682,-0.25744236906806001,0.16259270598500875,0.95251616184141275,-12.736535125009555,-8.2892744760375372,-4.5586303754221804,,0.06898282061392477,0.3478260869565217,0,4
-0.77563998738593332,0.57616235572608665,-0.2577199057351135,-0.58945278966217529,-0.80722275623814077,-0.030607688099212285,-0.22567237032350357,0.12817317057584984,0.96573475634726247,-20.427601478120689,15.961624288823975,-9.3177830238585262,,0.1104469869842657,0.1428571428571428,0,1
0.58596825215704607,-0.73151315328278432,-0.34861112150689416,0.79759390893330417,0.59664072125994894,0.088678104213502307,0.14312639133475455,-0.33001266083089298,0.93306295596535493,-0.25193673144214729,-8.1948356008416461,-0.63998055430969092,,0.08568088470754184,0.1764705882352941,0,5
0.83609857476953509,-0.43730754096952529,-0.33121184743233428,0.48697277886780527,0.86964564674505906,0.081079971257623049,0.25258005841736703,-0.22908200214891675,0.94006635424385054,2.103874336548694,-7.2694722455105509,0.091591103122652923,,0.07023196312029606,0.3846153846153846,0,5
-0.16933208785762949,0.94487642085508083,-0.28024131268224295,-0.98553994642318909,-0.16056862772951427,0.054117740097284865,0.0061366135573825498,0.28535287820723176,0.958402878163925,-1.8940726484109836,3.6067063447815979,-2.3632838218480199,,0.1280323923573532,0.5459317585301837,1,5
-0.7138060180931054,-0.61672161789303981,-0.33186656137287629,0.64061905900693072,-0.7664534473815704,0.04643634604468462,-0.28299856849662736,-0.17945350099760796,0.94218270585304309,-14.197494361680377,-2.9958801931109642,-5.5333906137825792,0.2807136189404364,0.2982414999488953,0.9304347826086956,1,1
0.94678184803241983,-0.016456120359630615,-0.32145501759814715,0.10883269109858157,0.95623891086277957,0.27159269264876357,0.30291843388040363,-0.29212384609044562,0.90714060705095201,11.155846781976237,14.495651949799603,0.77917323582766762,0.3488447227233104,0.3981696729759234,0.2285714285714286,1,4
-0.52068555729089816,0.83916493430338934,-0.15712658420602871,-0.84597211085869328,-0.53191343333872965,-0.037407045901680959,-0.11496842209038381,0.11344739957086743,0.98686977329972714,14.055892244233542,-3.9721936068886841,3.5264328605353126,,0.4407191803784493,0.3333333333333333,0,5
-0.19277546618769886,-0.91977540677053193,-0.34183449319256587,0.97296186158260956,-0.22433831513576238,0.054932105983214949,-0.12721177438358089,-0.32200236251020026,0.93815331529341806,-14.127197979237001,6.1458381453648165,-6.4229452508189855,0.2084274235578416,0.1847673867440646,0.8103837471783296,1,6
-0.52656439194744631,0.83406677367796245,-0.16450701559341455,-0.84354331639047109,-0.53665679786267739,-0.020836378781928972,-0.10566273944008281,0.12779709837947462,0.98615581281043285,2.182366572576814,-8.7984900008443301,0.23960092080365208,,0.2027943366053941,0.25,0,3
-0.67799523932384753,-0.58975889876727927,-0.4387560789083168,0.67611630312402526,-0.73455398310663145,-0.05742116815322202,-0.28842538047837701,-0.33558141668898345,0.89676970994169714,18.802494386912457,0.93877192375762397,4.5884417114670306,,0.1987272720227997,0.2307692307692308,0,5
0.51415234126231113,0.81963268756233154,-0.25268483819539445,-0.82303833479787836,0.55438234441708367,0.12356421671241551,0.24136128402794577,0.14443847713807684,0.95962610265374426,-4.4156461624624352,-22.261912522681783,-0.49746946227251576,0.3946447077547139,0.3354726891142595,0.462962962962963,1,5
-0.82691111696356845,-0.36062996724208862,-0.43146730046323972,0.43001178995287698,-0.89995409847201302,-0.071919963466003739,-0.36236427133975058,-0.24500744349998552,0.8992571865078508,16.005581830351741,2.6939256262047699,3.5328665537833612,,0.4149225380958482,0.2463768115942029,0,4
-0.63859456019565319,0.73444599368223928,-0.22975219270472264,-0.74163821537427244,-0.66703879582088477,-0.070936608082767111,-0.2053527335707615,0.12509327413547039,0.97066056249395649,-8.801259935723369,-6.4168373499876878,-3.4465498919045863,0.4153887207240016,0.279953784281634,0.2432432432432433,1,5
0.62236751079665298,0.74734371475908978,-0.23267155716774354,-0.74586742980755505,0.65639638367596365,0.11325000948957899,0.23736145149760615,0.10305900983029979,0.96593911911452723,-15.922025613752803,-24.419076438504216,-4.1847054010340665,,0.2741327284526306,0.3529411764705883,0,5
0.73312909633299417,-0.58930995115690699,-0.33946356148696089,0.64777030087600374,0.75712380380648114,0.084600136008266061,0.20716024090780413,-0.28191723462223689,0.93680697446697736,-9.4374803155676936,-2.5667832219532181,-4.056920283909597,,0.07898643147243467,0.4534883720930232,0,4
-0.54140212292647938,0.82272529649488979,-0.17322478979088535,-0.82933571945398776,-0.55644004016860427,-0.050761660088086469,-0.13815211083598203,0.11617903513352715,0.98357329471016308,9.0368814134654532,-7.8636988463739153,2.3408107741599942,,0.3570472371919355,0.5217391304347826,0,4
0.84044537989832979,0.49958798679882471,-0.20991285538015184,-0.44212331747298994,0.85615107675542435,0.26745524096043571,0.31333454254874138,-0.13197415359389211,0.940427715047226,-22.470818335141121,8.8341740239714568,-9.3371835490232584,,0.1226432913120895,0.3043478260869565,0,1
-0.20383722172379118,-0.82075050073303879,-0.53368436606892777,0.96984340624779308,-0.24369015577719538,0.0043445753493510436,-0.13361943869664297,-0.51670467728070124,0.84567258562557301,-10.911222217073156,-10.206955198110245,-3.7599767907593056,,0.1473661091502202,0.3333333333333333,0,3
0.080456482750578914,0.97280011924354137,-0.21722495801163766,-0.99289382614278754,0.097389618903740413,0.068389415389516595,0.087684687323052193,0.21017894787427252,0.97372285866129427,12.759600881225332,13.473791618236469,1.3637352665312346,0.3381110150325166,0.291490193685983,0.2631578947368421,1,5
0.076171355994661266,0.9970171125779631,-0.0124419352448143,-0.99310018497633112,0.07697611986925551,0.088468636079977347,0.089162475996979892,0.0056173122198784238,0.99600125435539155,-13.017793131636116,11.022451877180853,-6.5887262797124038,,0.1698444973117901,0.2941176470588235,0,2
0.59971886057686419,-0.68740534358418359,-0.40964763136175708,0.78513214228244987,0.6043799869003692,0.13524921659396383,0.15461179587392063,-0.40273902846163301,0.90216210712400335,7.827630498553094,-15.787642953863903,2.7775350304751449,,0.2455879064465558,0.2666666666666667,0,4
0.64149765500920375,0.70174234360057364,-0.3099006967008413,-0.71959969208557473,0.69044786570905581,0.073878467012763072,0.2658139232019992,0.17561158257866818,0.9478942611368516,-3.329215266756548,-11.50628057148818,-1.1445238141541716,0.3179605174889338,0.2618256732404964,0.9056603773584906,1,5
0.25999017676252867,0.95412561520046291,-0.14849046570512792,-0.95432106651445736,0.27734097273628439,0.11114534110073564,0.14722910715512882,0.11281088271983446,0.98264810321206753,-10.010299975645607,-15.420978680880866,-3.0042754811079071,,0.1213967560752021,0.2894736842105263,0,4
0.44984991855122947,0.84487695285915687,-0.28951335946183593,-0.86898107942258973,0.48889693151698477,0.07649623493236371,0.20617209894891902,0.21716980655860696,0.95411233129768036,7.3678069457853015,-8.5519739284911189,1.8739404206684944,0.3327755953731759,0.3237302654270811,0.7857142857142857,1,5
0.91715748785218421,-0.2323828122844836,-0.32375974275907821,0.26897401190238146,0.96040622956338961,0.072614427884347355,0.29406652886346585,-0.15368182316262394,0.94334870214126243,-5.4242572047929301,-1.7064656159254339,-2.8372064505069075,,0.08152652730493863,0.4169014084507042,0,5
-0.8681172131583178,0.41270012938503187,-0.27577365251925989,-0.41539768556141882,-0.90818274890964334,-0.051467051723798958,-0.27169333272727214,0.069876303483380073,0.95984375559934065,-9.2031305677165847,21.010765680992712,-6.0278675712044061,0.3020086087189203,0.2133493967185879,0.3333333333333333,1,5
-0.9208542854759324,-0.22200561335499908,-0.32053220206319344,0.21602283517868878,-0.97486084488864666,0.054593660660872144,-0.32459439243765487,-0.018969468676376472,0.94566306878092965,-3.289847985523306,-5.3598232299202344,-1.8255172635300261,,0.06933953862856208,0.3809523809523809,0,5
0.64746627006420321,0.74170849702334929,-0.17508836218467191,-0.71719351963653577,0.67071516879299509,0.18914179269093551,0.25772249517747714,0.0031093076957645731,0.96621397613838478,30.231581319387196,-11.429032199109262,9.6397154843153743,,0.2881280527086924,0.2307692307692308,0,5
0.88270652346543732,-0.31863631407195653,-0.3453984551010586,0.37959087925524171,0.91675753717022901,0.12436391127577098,0.27701977874836503,-0.24088693903201291,0.93017929711749325,0.84867123111907161,-20.798949934223387,1.2513170075138769,,0.1394354231595942,0.5,1,5
-0.86281327881766934,0.43891817030611896,-0.25080686926603879,-0.39987967883174325,-0.89611021947224723,-0.19256873322225374,-0.30927251470721584,-0.065858289778359211,0.94869025362029813,-17.854482275335183,13.625282147969536,-8.2445906870083796,,0.5936681959645554,0.1739130434782609,0,3
0.13013794767949197,0.97091707973753971,-0.20095805245796583,-0.98624228492296739,0.14759873224547274,0.07443634642736438,0.10193267387690336,0.18850633547299683,0.9767676752856066,-14.804219688521314,-20.228697606742369,-4.1602562059804926,,0.161572154547617,0.2631578947368421,1,5
0.2072136611987056,0.94532026629085153,-0.25185728647871419,-0.96070343545154546,0.24523157685689309,0.1300399278063471,0.18469273868841252,0.21501411082083619,0.95898776030963973,-4.1636272424306631,-3.9496272729789164,-2.195774389964082,0.4749991374374092,0.1927083151649097,0.3391304347826087,1,5
0.28032473369787919,-0.81640292203355747,-0.50488049335687613,0.95978688456383265,0.24664662044848026,0.13406931356800539,0.015072488064882088,-0.52216062041905531,0.85271396528209975,-4.1251037423957699,-16.216856283531918,-0.86089058670226959,,0.4424280698696734,0.3529411764705883,0,5
-0.58238652041078232,-0.73646085613499379,-0.34416761646723237,0.77386798114897137,-0.6319079994034037,0.04266881815103505,-0.24890618432702608,-0.24149055399932853,0.93793817692471659,3.0345874149599905,-12.598344495844835,0.91957893574779881,,0.1631154160740759,0.4871794871794872,1,5
-0.64728203524594097,-0.61706959998144895,-0.44749421853986809,0.70827076525960608,-0.70388249026174343,-0.053869870813828734,-0.2817418852894335,-0.35181607223329281,0.89266284866790269,20.916365440432518,-10.668784654274473,6.4453277853979936,,0.3178243166390669,0.4838709677419355,0,5
0.42241771312665188,-0.83725372743719073,-0.3472311499986433,0.90250607525096982,0.42399280094971953,0.075583654832925048,0.083940811122724474,-0.34530609701443471,0.9347286448979284,-11.881981428699152,-14.798548620807686,-3.6705118826535892,,0.09320437890928635,0.3333333333333333,0,3
0.93152306364760162,-0.13403388461123322,-0.33808238591889073,0.20065374785463691,0.96473006240380477,0.1703936036541277,0.30331972465448898,-0.22656306952011127,0.92556270461009382,-25.44944264083675,0.26807317450145518,-9.5234099847312255,0.4654659916122457,0.3589711910557775,0.9322033898305084,1,1
0.91264606091815748,-0.20457270804333003,-0.35387451817613252,0.29106278633671484,0.93309187704596475,0.21123920895692486,0.28698366138245468,-0.29578633523991255,0.91112612847226804,3.1543577524164945,13.742879149334,-1.8845523030852349,0.4082780087458102,0.3202009016651161,0.4285714285714285,1,5
0.67047963468223926,0.68375840068546878,-0.28797831336477547,-0.69047858955123542,0.71708572199063181,0.095012550163180512,0.2714707661014486,0.13513887970981667,0.95291190901523981,-21.484540332299947,0.41998705160863509,-8.2295127762286153,,0.06747158312664919,0.35,0,1
0.94768852517770485,0.05260527886075847,-0.31483192957908196,-0.017412150939590428,0.99337735764545998,0.11357042888437206,0.31872131438948847,-0.1021474911747965,0.94232829406769458,16.520141032929264,-3.9262158205264996,4.3450502434515856,,0.1621253349041357,0.5789473684210527,1,5
0.94619906061265713,0.056744453796649004,-0.31857087854831329,-0.027037461289401338,0.99492553998340583,0.09691308258306372,0.32245358329959423,-0.08308571990449122,0.94293183728475505,-13.711927247204606,14.304490142912655,-7.0253691315321207,0.6432685962060861,0.5755754386541305,0.8995633187772926,1,5
-0.94065798619477803,-0.089524752332158689,-0.32733449516946794,0.12400007607811077,-0.9885507778029432,-0.08597290758034537,-0.31589006654310536,-0.12146060441584151,0.94098925999946004,-9.1417976376997885,4.3223713731076483,-4.5706330319026112,0.5159351650638123,0.2368452944552917,0.2689265536723164,1,5
0.94664986300089138,0.10792243788358208,-0.30365570022915295,-0.012490270644624237,0.95383693409407377,0.30006515342045481,0.32202178500781103,-0.28026389449817013,0.90429758344313937,-11.278126660167894,6.3753804638557803,-5.4546050339264625,,0.6169064940240145,0.2366412213740458,0,1
-0.48764868820096857,-0.66059925133320585,-0.57079539769858234,0.84505551632964737,-0.52136738463602017,-0.11856316695597344,-0.21927136433357688,-0.54017097235579481,0.81248716261088583,6.9827158175634407,3.108165647715821,0.60080703970764959,,0.6366590922873655,0.2586206896551724,0,1
0.94865817074226977,0.039985770413056454,-0.31376553865650064,-0.0093304112345236317,0.9950832419629303,0.098601648012284895,0.3161654922823241,-0.090611697528620375,0.94436693173832453,-25.802680468187557,5.39805858444387,-10.051434231080018,,0.09102947003169444,0.2926829268292683,0,3
0.77405764233037011,-0.50776678636542327,-0.37816353210493259,0.5904385001804392,0.7945438896126723,0.14171233179874754,0.2285107084025193,-0.33297582216025162,0.91482782970462972,-10.676191527388706,-7.4514870805758733,-3.8945852842078375,0.5501878973855407,0.5261478932071848,0.6872246696035242,1,4
0.49670035321940931,-0.78340393723379642,-0.37358671046799702,0.86143725017639572,0.4975016387516934,0.10206852329640473,0.10589911765564,-0.37251898014190454,0.92196257316324504,-13.102529354397197,17.096036336078797,-6.9963952235969513,,0.2219946692946617,0.2608695652173913,0,4
0.73241760250644172,0.65128985605167622,-0.19845901073749467,-0.61755416714853106,0.75821080713331246,0.20914880488240181,0.28669026173939383,-0.030625077149941393,0.9575337061813336,-7.4531254235699311,22.40217690131664,-5.5688991558759788,0.26648945207719,0.1779758706178355,0.4,1,3
-0.94614633060625941,0.061262018922793558,-0.31789005350563299,-0.014228741102481093,-0.98885253553751529,-0.14821675306005674,-0.32342644296184181,-0.13571156177176136,0.93647087941618379,3.7112353962709608,16.036619791030613,-1.7569092946039842,,0.1829299762032008,0.2,0,5
-0.9194813152354443,0.30914706924706348,-0.2428625135932885,-0.28773413980315499,-0.95014905758474588,-0.12010758994567876,-0.26788649783936008,-0.040556848333815211,0.96259647118020963,11.287929132459201,-18.782538877433915,4.2295722834411373,,0.3746054402171146,0.1176470588235294,0,3
-0.43874965752542722,-0.80141479649889047,-0.40648869845785579,0.87474660332443044,-0.48445661779689358,0.010962000053183735,-0.20571124906939728,-0.35076503449665009,0.9135900462356582,15.437827177727272,-3.2975040420025352,3.9493849324891359,,0.1019980973646683,0.2692307692307692,0,5
-0.21049132030448586,0.97434675749736221,-0.079635420704925866,-0.97755249688392531,-0.21054855838395434,0.0077730559268096031,-0.0091934711875892635,0.079483965155336872,0.99679374966474799,-6.1051520361864231,24.276840231443593,-5.2162693610137048,,0.6967599894187931,0.25,0,1
0.2986265711850471,-0.88673683571100903,-0.35287385164600865,0.95358006731347655,0.2922751212779327,0.072527985663439473,0.038823011277956634,-0.35815225487939767,0.93285568879656611,3.1924461154852235,-8.8998244877063524,0.59795932655156725,0.14446399099748,0.09350334946618168,0.5333333333333333,1,5
-0.88450801618202812,0.36504360422355825,-0.29049739469607477,-0.37321084967479329,-0.92729628952128484,-0.028900746098963394,-0.27992718873798578,0.082853837904661151,0.95643923515805063,-9.6594977176373877,-17.529920832609136,-2.6827380104215033,,0.1943860996310584,0.5277777777777778,0,5
0.12818905459227772,0.97142068644369495,-0.19977341222494358,-0.98797801085318282,0.14263509697570986,0.059621130325726426,0.086411899373439488,0.18972896210117488,0.97802653572727005,-11.85154793255915,-12.94076822623208,-3.8623150512175619,,0.1939436572132242,0.1785714285714286,0,3
-0.93382168576801039,0.16935619902210852,-0.31511194366791961,-0.18564702793926532,-0.98236597507890722,0.022187204073173542,-0.30579771125158511,0.079218488120204253,0.94879512590086634,-1.8264951876947129,-5.2906984376251236,-1.4022117836729415,,0.07180255346033859,0.2804878048780488,0,5
0.11959464463387506,-0.904084320701942,-0.4102787613754878,0.99258204837323127,0.099778715504975052,0.069462833079117561,-0.021863170449348029,-0.41554271620747307,0.90931086696729757,-18.247812317745641,11.460942612731651,-8.2533929746863226,,0.07933336438822707,0.25,0,3
0.89975866478414879,-0.28483694461016984,-0.33060892324767738,0.3271402750407999,0.94166576905724908,0.07902417245406354,0.28881410213505054,-0.17925817797512844,0.94045357144144126,-14.525280928420402,6.7872133202447547,-6.5095422163114671,,0.07574690995802921,0.3076923076923077,0,2
-0.052615208992169434,-0.83207431013877731,-0.55216300327873113,0.99552120244213016,-0.087194212847622632,0.036533611018606381,-0.078544097619653488,-0.54776775338911765,0.83293535948244712,9.2811999584061446,-13.922017051078535,3.0086602728994047,0.4958451815829044,0.4380743754132354,0.5,1,5
0.32561968440446376,0.91471999614860067,-0.23928884172531234,-0.92996727889436004,0.35553029540324899,0.093589899221540596,0.1706829848407771,0.19205607956110826,0.96642732835400547,-14.011297686847991,-11.198630631861212,-4.7460700388080932,,0.08813410623531759,0.3,0,2
-0.79328486997382119,-0.48760833406286996,-0.3646055781567934,0.5282064984077095,-0.84900355819099216,-0.013814963586658572,-0.30281514181177172,-0.20354623733065394,0.93105956799661838,-10.70227652948104,12.300424188642607,-5.8989889208285797,,0.07213178609113775,0.2647058823529412,0,2
-0.94834067535489053,-0.043986040463616781,-0.31418973839348047,0.10644036898129126,-0.97705358811663323,-0.184490470755375,-0.29886520593497862,-0.20840228931743157,0.93126154998942023,-10.413636221699162,16.126381690752115,-6.0893383939690837,,0.2830167448465686,0.1481481481481481,0,2
-0.65610600760318871,0.73871820087175211,-0.1543383506708719,-0.73599904109981595,-0.67155888623870486,-0.08552235856184566,-0.16682421373156489,0.057481144861867811,0.98430970720511224,8.5772906805175477,11.278163968391834,0.10476813325562022,0.3479786473652724,0.2135520044870717,0.3181818181818182,1,5
-0.88340567611900478,0.37241142999596144,-0.28443652755771037,-0.35663639726168672,-0.92804478409251112,-0.10744002451084125,-0.30398172897220221,0.0065272909425640865,0.95265550065279281,-3.2321397679278761,-19.196519378275731,-0.3465996600444744,0.5816365682500917,0.5484199826796708,0.72,1,4
0.11777918001904025,0.96012380334870617,-0.25355541208433396,-0.98769988683882315,0.13970645278106103,0.070221368470774842,0.10284453457825375,0.24216603662476521,0.96476868337070043,-10.920434454660352,26.356831251178512,-6.8904976123404174,,0.1217061478911576,0.3846153846153846,0,1
-0.55766662033225312,-0.73040041812156842,-0.39436426026586241,0.80264442833767424,-0.59560441907571426,-0.031895103636290494,-0.2115888991078953,-0.33432111088789995,0.91840052950169315,-5.3638907729450382,19.563732281653163,-4.6861587783843817,,0.1989401134163389,0.4901960784313725,1,3
0.38034435408614092,0.91781593071316514,-0.11380724776534477,-0.90582340506448866,0.39451949395207986,0.15439665711786102,0.18660688934809386,0.04436537186727027,0.98143241368262724,3.6051013520869932,-16.656857602008902,1.5319896355905476,,0.1222471798475638,0.2666666666666667,0,5
-0.31026792286727473,0.92292640973931173,-0.22790493247258131,-0.94959150395215453,-0.31219026563438457,0.028516901392311153,-0.044830699989105896,0.22526446734635586,0.97326570271927837,-5.4193585789783842,-23.87533603085998,-0.67610740931815538,,0.1654632328020169,0.4166666666666667,0,1
0.87074029904795525,-0.30141191976952503,-0.38853852606238026,0.4168684193407145,0.87154754259537748,0.25811935602029784,0.26082954696554594,-0.38672436646377528,0.8845406784387817,-9.4680812658634057,-8.9640692477760808,-3.4058989455293895,,0.3717967502757166,0.7454545454545455,0,5
-0.73681340798861639,-0.56796258810471778,-0.36677581752562571,0.61124637611496613,-0.79143683695903533,-0.0023665989517798903,-0.28893575322988685,-0.22593413114814603,0.93030634679540403,-12.954322025990891,28.688738221685302,-7.6155889660500344,,0.1553200258795754,0.3157894736842105,0,1
0.5487871496950617,-0.73688479695314935,-0.39475747028889269,0.82520341505321027,0.5530365656712638,0.11484720638767781,0.13368615528202465,-0.38878188364409461,0.91157921149840904,6.4851635314448917,4.1647813172299495,0.28002073311731046,,0.07494552563996251,0.4347826086956522,0,1
-0.149561779887216,0.95028771146442559,-0.27310170163635661,-0.98870092726673153,-0.14091816576267296,0.051113080321868731,0.010087141263705798,0.27766046891444485,0.96062631318496472,1.5569276179201312,-3.0373982988994706,-0.53682798753468575,0.9816327844170565,0.8405923505302875,0.9664429530201343,1,5
0.5561338005198827,0.78860919505657401,-0.26231800050994025,-0.79902201904563597,0.59417664573820195,0.092292614761606537,0.22864603429656524,0.15827081579217694,0.96055782744660023,-24.560273419100216,4.7777037088932008,-9.6573893020679176,0.1558456107725509,0.1193420731873044,0.3275862068965517,1,5
-0.86817392265034565,-0.36372792213206656,-0.33760337482229208,0.38550944409231208,-0.92269984435615848,0.0027323507750935776,-0.31250041367260334,-0.12777713366096058,0.94128449236553435,-8.5398599574338601,23.315816335707396,-5.9831205709515718,,0.1410877401891394,0.4074074074074074,0,2
-0.47235547730444494,0.83789947688731903,-0.27350460634593826,-0.87257444960086006,-0.48836057350040474,0.010852656546277527,-0.12447543116714123,0.24377944310854519,0.96180946665825751,-1.7149062798695571,8.8490048638907624,-2.9282917185809274,0.1414776290116035,0.2725170245937478,0.3170731707317073,1,6
-0.92900145535401202,-0.12914634549413995,-0.34681049204952785,0.14676535378332939,-0.98885772119034598,-0.024906588909166184,-0.339729637916655,-0.074038021905939042,0.93760447121015511,-20.53541938482276,20.262134256477971,-9.7255642533253042,,0.2169384134995606,0.75,0,3
0.83366284429613768,0.47073580841066737,-0.28881492468366343,-0.45446193636083621,0.8818735347105654,0.12555244791024059,0.31380027157291301,0.026586979088452867,0.94911670626099398,1.5932428936282224,-22.295776802849279,1.601371198057689,0.3348008120405546,0.304300760577758,0.2142857142857143,1,5
-0.9466484632825265,0.066232862321673608,-0.31538848253147833,-0.051398578130436419,-0.99715526681128153,-0.05513220507734716,-0.31814285019625976,-0.035980297653013922,0.94735977592982101,6.3705670658459566,10.813289015361761,-0.60240435793572544,,0.2304667849303309,0.3023255813953488,0,5
-0.6508251352408585,-0.55365610846662983,-0.51951088236561971,0.71106337144438214,-0.68433309635655082,-0.16148403952466567,-0.26611186581749069,-0.47450303137982425,0.83906575909310666,-26.526248784824276,16.764549708767245,-11.388042635447656,,0.1239906766367212,0.1428571428571428,0,1
-0.6536785340194653,-0.65553873713549071,-0.37811815385798436,0.71683502731160753,-0.69652231085313443,-0.031689337370450009,-0.24259414210019875,-0.29176297674416668,0.92521481160866292,5.5623050546668233,-9.1920632987457243,1.3452413031519677,,0.1443283373897196,0.34375,0,5
-0.21186441233335065,0.93355955624213571,-0.28910210261364405,-0.97727673585890351,-0.204377550744127,0.056213862176500866,-0.0066069914190030913,0.29444247604722018,0.95564636553673532,-15.691662577611726,5.7676916577105493,-6.8502892639648056,,0.07859337632365587,0.3533834586466165,0,5
-0.15281294641275134,-0.92377439445873299,-0.35112543563668741,0.98173010972649666,-0.18266038965171164,0.053302661365871869,-0.11337634261632157,-0.33656507572040917,0.93481000997008024,1.7237905308440193,-10.540285244264922,0.25756090400758425,0.2710701861897638,0.2448006775155435,0.9154929577464789,1,5
0.80639685164585506,-0.36740115203888496,-0.4634010262571196,0.53574118044592645,0.78566274157935978,0.30937912674970214,0.25041067315523291,-0.49774536660274721,0.83038788815555309,-16.231253316833858,12.207478642009898,-7.6411459984163637,,0.4262641151336639,0.3870967741935484,0,3
-0.86179598942547564,0.39774966258509958,-0.31480609670653636,-0.43249164866904438,-0.90044994970732051,0.046269448922763204,-0.26506347624993104,0.17602583329024069,0.94802756266512611,-0.75371703437030035,7.4887011111538611,-2.354065730505583,,0.06689896789325292,0.2625,0,4
-0.50864648181930394,-0.72080228659301993,-0.47087452699749938,0.81896556065172232,-0.57380819909412906,-0.0062897630132734052,-0.26565798877363916,-0.38882928682730022,0.88217777046699553,-1.7229941889209179,-15.717341880325717,-0.19013222834632154,,0.1839992011812103,0.2727272727272727,0,4
0.90075991645889175,0.31240633729534867,-0.30171816869169876,-0.28328309490686965,0.94918772123531958,0.13708886897222644,0.32921461243534295,-0.038012501546249321,0.94348968658127974,-12.272907332363241,4.8063662699357996,-5.6077843848694267,,0.08423654318527855,0.2978723404255319,0,5
-0.86417131880975828,0.39511131413189493,-0.31160067585223816,-0.42829503579649969,-0.90260092727519825,0.043300443346795982,-0.26414256389056218,0.17087602385039558,0.94922604811204025,4.6470597124130375,-7.1489824762981407,0.84522893607907323,,0.07878630459069216,0.4042553191489361,0,5
0.92463593139247502,-0.16105113141935176,-0.34512451006342298,0.23505441767786572,0.9543284106745209,0.18440907057290756,0.29966283571389107,-0.25163429346571758,0.92026211877047304,-2.5433249459147547,-1.9110735901103733,-1.9220665699730004,0.6576703646801043,0.6087852952917964,0.9788710186061179,1,5
-0.85474972899321411,0.47566037815988921,-0.20772603456191535,-0.44835369447765583,-0.87826681120055239,-0.16621183168430037,-0.26149926469163132,-0.048934783052593502,0.96396240672203204,-11.636919682049236,15.020796665374503,-6.3703268767540218,,0.3156543332792663,0.2352941176470588,0,1
-0.4853981068938204,0.82446753225170988,-0.29093292368976059,-0.86740482885289993,-0.49581830246426828,0.042107883158910404,-0.1095332858384533,0.27279570965143157,0.9558163840870304,-7.1182878631312079,-5.1869135266848838,-3.1138670393097749,0.2261705208150719,0.1850321575974209,0.7289156626506024,1,5
0.94285921545782259,0.12439575068090038,-0.30909900847268007,-0.04510490847216745,0.96680530411713883,0.25150159276371131,0.33012429031801954,-0.2231887119535878,0.91717214948913628,4.5751899840735115,-4.0762626261262307,0.5579645737335136,0.7994514105862192,0.703804468367395,0.3661971830985916,1,4
-0.58539670623404805,-0.72461938429286288,-0.36364466754974051,0.77399579963269138,-0.6330039503999203,0.015378586705137266,-0.24133213313042226,-0.2724568712386034,0.93141078737235639,-18.037816184997446,-17.012683337620917,-5.5442760285542443,0.4565257956093986,0.2231208446278508,0.4193548387096774,1,2
-0.097820666111384347,0.98653331140284051,-0.13108448716027185,-0.99380357849105327,-0.089846666574085382,0.065437175091093577,0.052778448820540093,0.13667334048040058,0.98920919594493606,-25.836127975237375,11.752612035479956,-10.630939892541527,,0.432831361995988,0.34,0,3
-0.065176911889379976,0.98034576981280097,-0.18620994003197178,-0.99415554906919212,-0.047699451807805604,0.096847852594510578,0.086062270545792699,0.19143388912985432,0.97772509003355434,-1.4868675847054771,-12.828659557835923,-0.47702806652355934,0.2853088693227616,0.1855849218402718,0.3461538461538461,1,5
0.083324805870439902,0.95122030261905322,-0.29704698721241579,-0.992671273964986,0.10541043278618159,0.059096383176676516,0.087525530968901699,0.28994581656776752,0.95303237347084158,-6.8816242178353217,16.824418261286667,-4.9765793035674779,0.2582559500311715,0.1933180014458674,0.5757575757575758,1,5
0.73729225425679124,-0.58026075361435314,-0.34597339439304148,0.64174149567033001,0.76159020846529824,0.090267419950903233,0.21111130843170872,-0.28857895312147713,0.93389196552254683,-9.6010948488553236,-12.397379523862494,-3.0948873733085485,0.3397009874123344,0.2943782032876011,0.8125,1,5
-0.53702760094021773,-0.76999509173516478,-0.34454160058278682,0.81033057659841412,-0.58439412715940298,0.042986751113346218,-0.23444767530959909,-0.25610752203977566,0.93778634277567219,0.31365784858948115,-5.9360182209644625,-0.61781671439008157,,0.06970666557308161,0.3205128205128205,0,5
-0.15118574293949977,0.94974591651058593,-0.27409043252783993,-0.98850077821703719,-0.14610240864931062,0.038990994488241018,-0.0030137345841551389,0.27683348832526866,0.96091317877606408,-19.19688461883965,4.7757327389612438,-7.9026047140419093,0.2183394391800284,0.1818064961615396,0.8457446808510638,1,5
-0.77452169853490882,-0.53046636195469998,-0.34455997639473884,0.56031841755666656,-0.82813346832434065,0.015434687813150121,-0.29352923098967654,-0.18110880010546554,0.93863741299767411,-21.321093033775316,11.592071504825189,-9.1944944872403092,0.2220159189642624,0.2563251776523841,0.6736842105263158,1,5
-0.64507274226654043,0.74972092614778774,-0.14764718107986205,-0.74356162623201127,-0.66040745129999634,-0.10477645853268007,-0.17606040207818691,0.042196340641661993,0.98347455668996397,-10.647778040022342,7.7788322935296197,-5.4770423038125715,0.6113607859531252,0.2892082453692378,0.2265625,1,4
-0.35788166469177007,-0.78222949190084445,-0.50993895328558081,0.91738424950158692,-0.39639101963778933,-0.03578125650286236,-0.17414606755209061,-0.48061541959352511,0.85946609334230439,-14.73253781289073,9.0809395862796372,-6.8664557411074636,,0.09610660879073224,0.4067796610169492,0,3
-0.29706708418203359,-0.84284239026307017,-0.44874029535046028,0.93606326200971202,-0.34983785599660194,0.037403796965518578,-0.18851184846401917,-0.4089378677590701,0.89287910900711731,-17.193447629297399,10.297518940528491,-7.7892999233416642,,0.16435302586072,0.2432432432432433,0,3
0.93640183932019938,0.15986969435303233,-0.31239922558357103,-0.11689053425857039,0.98146159925972121,0.15188723507686896,0.33089000939661634,-0.10571097391481234,0.93772970075362816,-24.652336142522827,5.6652588945487654,-9.6556001978377317,0.1064161465270496,0.1312157907628539,0.175,1,4
-0.87310090506610816,-0.32789051561285443,-0.36080828613528304,0.36783642356857393,-0.9287474218059053,-0.046093296531774554,-0.3199862107482514,-0.17296252848528201,0.93150028914163818,10.691474864703581,-20.834128058277106,4.2473576918296496,,0.2250683403356272,0.2352941176470588,0,3
-0.22782855756853798,0.97164489217523864,-0.063248334887229224,-0.97358058664146119,-0.22834186587571112,-0.00091301876556942375,-0.015329372821707465,0.061369339235211463,0.99799740206612064,-25.063276488272177,14.579296363893288,-10.729779538154146,,0.3708714512197282,0.6,0,1
0.14170392615784924,0.9829830330669993,-0.11689462782289679,-0.98369898283796342,0.15303610559378908,0.0944259580213163,0.11070821322290215,0.10160859750576903,0.98864522678153044,-27.808550580833646,11.204201380015762,-11.311065814788511,,0.09158877137263627,0.1333333333333333,0,1
0.82111639601275721,-0.35525393783302106,-0.4467241921512119,0.48647638217991673,0.84495575018262892,0.2222397575017816,0.29851062590829253,-0.39980547756057971,0.86662967081239317,7.6901234524164606,-19.520805664137566,3.2091968843932333,,0.4126494480230534,0.4444444444444444,0,2
-0.36077700390486467,-0.81178848130899295,-0.45917253300635025,0.91122978837294566,-0.41172524940134586,0.011941180310003107,-0.1987466382991816,-0.41410358682271536,0.88826684793778965,-2.1501029592571106,-17.292120899387154,-0.12021728658055697,0.5911564751140826,0.5919002521997951,0.4130434782608696,1,3
0.93965953552196935,0.16856815432387445,-0.29769906726504686,-0.11456331689126639,0.97498639458178038,0.19046463399616201,0.32235881207981232,-0.14486651693287556,0.93546698955453744,12.37969627764288,9.2590729898933262,1.478845033490404,0.4953071871684127,0.3777140748867894,0.4406779661016949,1,5
0.78063252680981676,0.58002469581386473,-0.23277502085179683,-0.55485480060192571,0.8145940871318087,0.16903438543353455,0.28766127361102656,-0.0027974016388917426,0.95772812750203462,-6.3747645227014926,-14.038319559354292,-1.8461521417040034,,0.07979735276103291,0.5,0,5
-0.084936685972465231,-0.8861315102445767,-0.45558391754722977,0.99554272104981956,-0.094285680265924238,-0.0022138341206848207,-0.040993291411361842,-0.45374128867500935,0.8901900881333189,0.21287435510560823,-13.772968773735128,0.13051945558641745,0.485202268630573,0.3491432969341935,0.3529411764705883,1,5
-0.28283808455044812,0.93055887657215175,-0.23251407518816694,-0.95858427669593527,-0.28268856915873475,0.034689441308817764,-0.033448503690960321,0.2326958317197845,0.97197420104706178,-9.3845727275754918,19.791205151326793,-5.9986159727936688,0.1923017210474427,0.1396314453567928,0.375,1,3
-0.15583978011570729,-0.85293907685301362,-0.49820567450664172,0.97835616091806943,-0.20279400976201348,0.041155947301720251,-0.13613664211793083,-0.48100885727996129,0.86608157461701141,15.89522539438064,0.73375660081980243,3.6663250623098764,,0.2112569534256255,0.3,0,4
0.60329193592470554,-0.69538374157930938,-0.39048724946582131,0.78345861159826324,0.60829393462183012,0.12716561254842296,0.14910212594307332,-0.38264858689070586,0.91178320613499109,-13.164418434076723,20.722136236004349,-7.2506117941459332,0.3653299899648338,0.2791919851207623,0.704225352112676,1,4
0.001686320715053055,0.99120891206223438,-0.13229530970842188,-0.9989063509832673,0.0078512350035918436,0.046091865596999931,0.046725349519714791,0.13207289940528924,0.99013811711040645,-27.695190646881738,5.8148497682345255,-10.731761986330151,,0.497318364381887,0.6086956521739131,0,3
