axis_00,axis_01,axis_02,axis_10,axis_11,axis_12,axis_20,axis_21,axis_22,location_x,location_y,location_z,dbh,dbh_approximation,score,reconstructed,number_clusters
0.69246106420452069,-0.72122173914843846,0.018354224049128957,0.70825606100575933,0.67472818750394226,-0.20764205989214185,0.13737185523006465,0.15678353219438457,0.97803266684876278,-1.1878393804045124,-19.835760838309227,-6.1467791482820155,,0.4600630892133967,0.4035087719298245,0,3
-0.41069443038553205,-0.91155623568098487,0.019882505913921482,0.87038150446556495,-0.39845271191142539,-0.28926021685446296,0.27159919280911649,-0.1014921945843346,0.95704399737101531,2.4869584424435374,-4.6329448401154369,-2.7588953546611266,0.4298599186920257,0.3013788376144194,0.8251231527093597,1,5
0.90186298696511535,0.39603659878429254,0.17262145047973812,-0.40023505170123008,0.9163430204526023,-0.011285931840747339,-0.16265010338783359,-0.058910790956918181,0.98492358210003061,-9.6775078640244132,-21.391836916463038,-6.1200187072174241,,0.4715438949823819,0.3454545454545455,0,3
0.48668853902517767,-0.87330127992109163,0.021889277505698669,0.85525682520076884,0.47122863583442826,-0.21559066704550361,0.17796075109146858,0.12364646075730211,0.97623845643016582,9.642118784874496,11.90758230194189,0.59585689518308083,0.5187193101327648,0.4714257512261881,0.7317073170731707,1,5
-0.62833275455148829,-0.77587839267655045,0.056662768511541312,0.74078410164325248,-0.61897198131176456,-0.2609839096641558,0.23756444243686575,-0.12200986078445406,0.96367874811112186,-6.9866764271783328,1.7310479354486281,-1.0746124309231084,0.4110541218805234,0.3448715080513046,0.9359534206695779,1,5
-0.017016781962308044,0.97720296727019129,0.21162417132733236,-0.96996303603662148,0.035232796390785859,-0.24068726343764879,-0.24265641935515739,-0.20936334640241649,0.94725120814328578,-15.52590749136882,-10.21509059346922,-3.4167006729502929,,0.338558636661381,0.1785714285714286,0,2
0.97444264691563764,-0.22208931303932164,0.033732253197341321,0.22368634097646378,0.97311525861612902,-0.054873621249439196,-0.0206385254465676,0.061016641026754644,0.99792335416363731,20.853826690136493,-4.161225928818058,-3.4900480106220879,,0.3836620118740536,0.4166666666666667,0,4
0.96521983184493332,0.24685326086868115,0.086105422661640632,-0.22600495271121571,0.95340748906653072,-0.19983973864538587,-0.13142464595060546,0.17342902695441123,0.97603787582573143,-1.8071106081972612,-11.344804171256522,-4.0893370577163877,,0.09358503836059696,0.4580152671755725,0,5
0.51204406773610134,-0.85806009162649521,0.039290607709696758,0.84074776889674419,0.49129405075697352,-0.22753756785627877,0.17593766450482837,0.14954275257843291,0.97297631181845889,-4.6801064861871282,-1.4440599634602524,-1.8386053070726029,,0.1359359782726356,0.5228494623655914,0,1
0.31081809404499888,0.89214026034692884,0.32783817392480147,-0.91745756881283402,0.37172589151022045,-0.14174438616388141,-0.2483218110482403,-0.25672089406405152,0.93403996740432671,11.512472117022657,5.1278947742564984,-0.94704404407829257,,0.4496649958824903,0.22,0,3
-0.22160755841292881,0.94668411834385169,0.23383598980863687,-0.94621226441586159,-0.15078930290636794,-0.28626026059867155,-0.23573807652406964,-0.28469591884067486,0.92918017255653684,-2.5642449512955539,-9.7134045206351907,-3.6637985709454379,0.5365679733344489,0.316184168823972,0.2866666666666667,1,5
-0.85422200445852836,0.50513368118965973,0.12306393146100017,-0.5148460298859624,-0.78891410947400964,-0.3354818823476059,-0.072376326305757008,-0.34993498253334604,0.93397386226268087,-17.851393524082184,-5.818999384351125,-2.4165250540449028,,0.2477323512283366,0.8028169014084507,1,2
-0.36981717014743781,-0.92904638713087151,-0.010395731009269736,0.8904332831047258,-0.35120794040060127,-0.28945042915654484,0.26526181218464379,-0.11630044350149239,0.95713655130178565,4.8036575524888203,4.5306485019412355,-0.84245452035289092,,0.1310837462129082,0.3766233766233766,0,4
0.32238489390813369,0.93345461358596127,0.15725922724891947,-0.91687750754075059,0.34922920742443964,-0.19332510661463681,-0.23537972798375031,-0.081862354332035259,0.96844976049225884,-0.51178203037124148,-7.6281412282663767,-3.2830322077076457,0.3374553794554608,0.1364152385153975,0.2323232323232323,1,2
0.0012359494269758404,0.99388040081183804,0.11045461199567873,-0.96909681272361281,0.028437147278565729,-0.24503611208063508,-0.24667760335699379,-0.10673836019332103,0.9632014755311018,-11.889791835319697,-4.7170122699764452,-2.3290867973011173,0.1918372080436596,0.1115665856261904,0.4039735099337748,1,3
0.8251893962953526,-0.56365224803145408,0.036859239422442271,0.5589382102153887,0.80538261838363578,-0.19734972806350073,0.081550827113712393,0.18345294027245246,0.97963997534934333,-15.405092686279332,10.791389756726749,0.86201283160860187,0.5026697041202226,0.4538929253437001,0.8376068376068376,1,5
0.8660236190273406,0.48657062366416792,0.1151178503701718,-0.45859757847276561,0.86470601307065686,-0.2048701344226711,-0.19922688650305675,0.12462960782458854,0.97199594060252403,-8.0604486204011856,13.871787808588145,1.4989511443465509,,0.1227085695410017,0.2777777777777778,0,5
-0.063418773311232579,-0.99783020736533423,0.017690010202212371,0.96815580671876311,-0.065814945788434276,-0.24154239136766015,0.24218256152836629,0.00180836393498738,0.97022901250758253,-6.4341322697008092,-13.358497908240148,-4.3391500232619631,0.5594827139893688,0.4402607377906488,0.6517341040462428,1,4
0.54539050853654336,-0.83416120490176093,-0.082001691659957049,0.82055296844157011,0.55131777520515535,-0.15080297319538177,0.17100298003245418,0.014959778731043982,0.98515693462531095,-13.302857636778899,7.1521736575759221,0.02347160712017882,,0.07487933854125689,0.2222222222222222,0,2
-0.60867246575545875,-0.77515880517996616,-0.16925323093854905,0.7516354279971913,-0.49502861905864898,-0.43587939810498766,0.2540905602549004,-0.39252451269297156,0.88394711047918229,7.3306719922322801,-25.906909873400178,-8.0086958136868454,,0.3672216349455726,0.2,0,2
-0.81680727694546817,0.55031413579876531,0.17314798372775753,-0.57213992987573914,-0.73419031947141855,-0.36554134572745745,-0.074038996283809055,-0.3976417064827511,0.91454868667270595,-15.861314963623565,3.2547031401353421,-0.6628584321129577,,0.2022682917042517,0.25,0,4
0.34556615840850124,0.86932846431246924,0.35334409758606944,-0.90174145358914093,0.41183760692159888,-0.13134738826498579,-0.25970441090157259,-0.27323580779468454,0.92622665276758909,-11.473670708340697,-19.02644699254154,-5.5082751706451054,,0.3903155903549498,0.375,0,2
0.86401472206708774,-0.50190447766484481,-0.039628971110956167,0.50169381171910121,0.86490070659678919,-0.015814139595121485,0.042212312588778098,-0.0062179601441526393,0.99908931414441249,-14.228483623534698,7.9309253674956288,0.22968799047414307,,0.3911695428675667,0.1724137931034483,0,2
-0.74451430284985454,0.65826341320360326,0.11130018728438003,-0.65778097097679256,-0.69479345592717334,-0.29083715000254545,-0.11411681327842782,-0.2897435632388019,0.95027681255982388,2.6565247237439729,-18.682624733184586,-6.0317095893588659,0.1662585011785907,0.1301170051080405,0.6274509803921569,1,5
-0.32694852551008913,-0.9449291081161828,0.014616507843320378,0.90342390217606494,-0.31705211514459136,-0.2886229534519254,0.2773624247149386,-0.081159946507474559,0.95733126369044963,-15.664374559103505,9.6323492196791296,0.61290619235361865,0.2689631374583253,0.2481947205857801,0.3703703703703703,1,5
-0.32443852725079997,-0.9456451059887846,-0.022248046089332403,0.90870138144543811,-0.30505947600082489,-0.28495704143125622,0.26268125436445672,-0.11266787306754003,0.95828206128673421,-11.146974950802745,9.42943562489946,0.46252906221515938,,0.1368861016581359,0.5483870967741935,0,5
0.93209867830579884,-0.36219700193584192,0.0023207087864147852,0.36078717593563903,0.92786618984458347,-0.094323631310940279,0.032010429253134728,0.088756214047150575,0.99553888265956059,5.8342030841276546,-15.748474000731346,-5.533806664677928,,0.07740596306692432,0.3076923076923077,0,2
0.93703205111445298,-0.34918966926529427,-0.0061245459127839737,0.34922341536994095,0.93702189749452847,0.0057419311306060932,0.0037338106000487574,-0.0075192083459221159,0.99996475946117969,-6.6319602465039162,15.183716373254789,1.793141374313352,,0.4417954015340496,0.1538461538461539,0,6
-0.98037131475249117,0.17802086519337743,0.084738755987295619,-0.1949654805639669,-0.93929796029207357,-0.28232570407175528,0.029335074551371205,-0.29330515397270512,0.95556869980871262,6.4179491025302751,-13.339591135137583,-4.9947386829508762,,0.07903653093008253,0.72,0,5
0.5553869007540102,0.78657212428887247,0.26990680569883074,-0.79510413047524053,0.5973572970647546,-0.10475534041137141,-0.24362843054961172,-0.15642427220601554,0.95717116279835301,6.6184255290865277,-23.729289544886797,-7.4737708096462594,,0.1443418089925773,0.25,0,3
-0.90093247536697374,-0.42858882837741791,0.068060936073569583,0.3830409122561706,-0.85909446501790643,-0.3394648136605008,0.20396160022685364,-0.27976475182851435,0.93815315874713712,9.7924549919582553,1.3393633811142693,-1.7275234693703854,,0.1443046756477355,0.1578947368421053,0,3
-0.24446543942709872,0.96109622275787721,0.12857176799848308,-0.94741431950845489,-0.20851061741742222,-0.24275384572553188,-0.20650122545894395,-0.18115565965419214,0.96152996357846654,-5.2801258682673602,2.4351323974098547,-0.90171357753512915,,0.1262139292446932,0.1748878923766816,0,5
0.069278992397715997,-0.99732720995861102,0.023213304127818062,0.96776425634589713,0.061540987498058732,-0.24422336292221516,0.24214203549080335,0.039384554509821763,0.96944112328414911,-3.2093742969188894,-13.590867015940459,-4.5276057511584726,,0.08194061992475037,0.2162162162162162,0,5
0.11857518164293235,0.95189787335865517,0.28254267818086287,-0.96597498593478992,0.17645517363723492,-0.18909230086107398,-0.22985267639648496,-0.25050750565985508,0.94043273909485381,-3.6236899517359893,7.5864351932959586,0.043380799594935147,,0.2235842128049799,0.3090909090909091,0,2
0.2636743743624495,-0.96336010975449737,0.049123550750887673,0.93920931298668908,0.24478747050405941,-0.24075913416378825,0.21991291618193706,0.10961931042488979,0.96934096997822639,-0.73014947427709076,-2.1340480777778432,-2.0197214991548464,0.3358951629178302,0.2855986244670087,0.9510309278350515,1,5
-0.22124833718475051,-0.95912054289537529,-0.17645667312137808,0.94011095116124055,-0.16165151058557223,-0.30010029762083051,0.2593078726141792,-0.23228554264414419,0.93744485378011677,1.6815306014641829,-14.740517661678822,-5.0341779541984701,,0.1950801412767996,0.3859649122807017,0,4
-0.4800820372352621,-0.86754172330596879,-0.12997151937002324,0.84957317863999104,-0.42291186900665528,-0.31523160563122654,0.21851007221541036,-0.26175734827624147,0.94007257111555365,-7.6812435131469829,7.822263251101762,0.19648036757793053,,0.08414879987786714,0.1176470588235294,0,5
0.7876415847737398,0.56694513721228368,0.24123421259526406,-0.57977746646549322,0.81449848343797016,-0.02122050555714804,-0.20851576274700676,-0.12314800797654823,0.97023489156875919,-14.545463556968002,-5.2359061607121342,-2.435192413715543,0.7139614099900736,0.3292355427498539,0.2238805970149254,1,1
-0.81100212720210985,-0.58481709129660076,-0.016264052417461768,0.55792679189253902,-0.76474834285409254,-0.32230058484343455,0.17604898341698452,-0.27046061049495573,0.94649765641999506,-3.1936090223755675,12.27404803457482,1.135498069543055,,0.7148249401284243,0.7368421052631579,0,2
0.32201285418904702,-0.94672555888285415,-0.0042939370015294921,0.92723029342022756,0.31629128726453343,-0.20050886405439772,0.19118500124451229,0.060584963138504019,0.97968247791855678,10.703744031271729,6.0692321135148148,-0.70878627750078194,0.2013627260430246,0.148440867195921,0.3666666666666666,1,7
0.48800993527177372,0.8610589504902656,0.14291181496518177,-0.83437280908742473,0.50827868205966587,-0.21324820472690822,-0.25625830431734226,-0.015174489918680522,0.96648922204239207,-14.243352078417349,5.7754253355653784,-0.23557781275977885,,0.1297241110876342,0.4,0,5
0.90275752327488068,-0.42744214450038404,0.048187833272692653,0.42823438669428288,0.88252019076634769,-0.19435386011680078,0.040548294947819273,0.1960900966256135,0.97974716625371383,-4.9868433505730723,-26.158736773491441,-7.4480111874722335,,0.1885736137865455,0.55,0,1
-0.53707364270642621,0.80611842420010049,0.24844514178224106,-0.82118160582380773,-0.43229441229130167,-0.37253498004664121,-0.19290586452123126,-0.40409729925707943,0.89414355679971824,-4.0970575642845626,-19.52657218737664,-5.9200354232088159,,0.440708518868785,0.1904761904761905,0,3
-0.39178259053015158,0.86117246679230264,0.3238647622022906,-0.9044287949958183,-0.29587298335675627,-0.3073560354084276,-0.16886372179925954,-0.4133293603876152,0.89478706031193178,8.6715424138188997,-19.427636761634719,-6.5261466965312867,,0.1935115735176681,0.2941176470588235,0,3
-0.22775901180045111,-0.9651291904729089,-0.1290406069452186,0.94803503231157982,-0.18955957812204466,-0.25553227555863633,0.22216077523645864,-0.18053479453917165,0.95815018546521957,4.0495324005890598,-31.436846554080599,-9.1858309531163442,,0.439096073377542,0.2222222222222222,0,4
0.18477888346039878,0.94809443916943903,0.25879277162068498,-0.94433195858343877,0.2442177568984836,-0.22044237163812197,-0.27220197689417142,-0.20365318959314349,0.94044216310384776,1.666782301782195,-18.164300966215905,-5.9081950872126079,,0.3376496828949525,0.3076923076923077,0,3
0.78150606930228939,0.61036664274287644,0.12923167208728745,-0.58739631648778223,0.78963684852106786,-0.17731106799718493,-0.21027085157070921,0.062659467636641389,0.97563310731812602,-6.6723404946157725,-22.466779690562468,-6.4455144045414503,,0.1692345394645833,0.52,0,3
0.48269143050808055,0.8598069052548184,0.16655650269561903,-0.8357055158698895,0.5090699006087106,-0.20601972487817782,-0.26192608434194831,-0.039748232292398038,0.96426905185789535,-11.154947663940602,6.1361394792121695,-0.22573057052758147,,0.4112895392769512,0.1666666666666667,0,3
-0.3197815159132027,0.93601647031901392,0.14701343262364974,-0.92698877561117732,-0.27696946870478301,-0.25294213428426721,-0.19603977140147916,-0.21716602104593721,0.95624647833700838,1.3663516184311013,-5.7543764765570611,-2.9420224447944348,,0.1609272533440061,0.3975155279503105,0,6
0.53153556491542142,-0.847012786063289,0.0062676530974940482,0.83002296919283824,0.51936964188871637,-0.20326594819765648,0.1689136283499649,0.11324537663716271,0.9791035036337874,8.1670987585467056,3.8402890381435593,-1.0994148822598899,,0.08341312333030844,0.3333333333333333,0,5
0.97937233072346097,-0.18938963725230787,0.070437228187480744,0.20028739450123006,0.95599422519087374,-0.21438283747914522,-0.026735695562387616,0.2240683081186185,0.9742066494741527,12.570248072343642,2.9731984262977624,-1.4779952980197162,,0.09086446402572589,0.4074074074074074,0,5
-0.99204516907950036,0.097146476559259606,0.080055884219387086,-0.11701265759821697,-0.94613358126410541,-0.30189283589737875,0.046415735131840143,-0.30885888120059041,0.94997461599544386,-0.72862157070310241,-10.912132639254203,-4.0000930035742286,,0.07052076311565783,0.1492537313432836,0,4
-0.092688769612033081,-0.9884466627955989,-0.11992492149696826,0.96737867769576957,-0.060877573588968614,-0.24591139659134628,0.23576956107053798,-0.13880603676413447,0.96184489302092868,5.548303908085078,-10.165942193380706,-4.1799164744261832,0.9673242846185079,0.7690142327221339,0.5799086757990868,1,4
-0.25025229595207171,-0.96716839659382936,-0.044261506987893086,0.90521810202792985,-0.21751633203568854,-0.3650573010620296,0.34344428388265519,-0.13142274509331603,0.92993230180506581,1.2304415216441316,-30.151065318484509,-8.6952321460691486,,0.3024616256524072,0.4666666666666667,0,2
0.76830965734124246,0.59229344677449924,0.24267002976092011,-0.58983498821930425,0.80238530794579987,-0.090953308158947851,-0.2485859149439387,-0.07325496911955684,0.96583577920409258,-16.192447805389772,-2.3707655374821708,-1.8294345402902337,,0.3062720707030978,0.2962962962962963,0,2
-0.4749885169531245,-0.87903449807445433,0.041039736325453574,0.84356832079203936,-0.46811147598524439,-0.26318080136479099,0.25055617517588508,-0.090388037072986052,0.96387323120591029,7.0483466091207507,-7.4599040145234792,-3.6143430159118206,,0.144082902277849,0.5977011494252874,1,5
-0.47780415176912017,0.86673337654442906,0.14309593472941615,-0.85913864657222927,-0.42706885385621268,-0.28194499469219025,-0.1832593204129879,-0.25765373672786956,0.94869941152713688,-21.932907466960202,-8.1768928139613628,-2.7576547253496013,,0.1612570757604043,0.4347826086956522,0,1
-0.94947001245785745,-0.31342925613493089,0.01639502491547614,0.28202624636951945,-0.87493192122041041,-0.39364365813293573,0.13772396959859318,-0.36912902165538863,0.91911689875104563,1.8515514108938511,-21.556992630379991,-6.682520100051585,,0.1836191202091746,0.375,0,4
0.19792409844728232,-0.97995893865123407,0.022506217171688585,0.95311541846363634,0.18703917311643442,-0.23788095091202402,0.22890401993132162,0.068533395344671955,0.97103353360314637,-17.626356552256798,2.7546236165523035,-0.73445078184104917,0.5295981330294219,0.5111549127121493,0.7826086956521739,1,5
0.99631839248523379,0.029529259840133559,0.080484058104290213,-0.026118490421168383,0.99872901393436375,-0.043106625753051887,-0.081654670740627003,0.040845801975089614,0.99582334538172579,8.1492403826271556,-15.715351756514567,-5.6405136402354534,,0.1510605139049803,0.2272727272727273,0,4
-0.26732601788749105,0.89630263995134707,0.35380556493173532,-0.93825324875149285,-0.15844254483253351,-0.30753341476051171,-0.21958515743940268,-0.41417090385882732,0.88331467837293165,-2.1245528318233653,6.7265145215811195,-0.10517271362165277,,0.7942110727493999,0.5161290322580645,0,1
-0.90161077940439616,0.41741503509432049,0.11341380400553557,-0.43086204907846298,-0.84354573219194118,-0.3206064446711433,-0.038156220013347751,-0.33792793044962988,0.94039822240172466,-16.295874654418665,4.2109192430795916,-0.49410116438347196,,0.136117124628747,0.12,0,4
-0.8131359366656683,0.56902315267929049,0.12256671741451311,-0.57558373745252445,-0.75468463744417624,-0.31488801054650695,-0.086679349807388326,-0.32659416669725522,0.94118167247152384,-3.8422652918695208,14.397834914751122,1.5575668335659756,0.3936426584961408,0.2782232576905152,0.25,1,5
0.68505495921287041,0.71384212198025854,0.14535861771692588,-0.68769743712030318,0.69952299358905357,-0.19426738382542866,-0.24035793691080803,0.033121085835640274,0.97011909363595594,-4.9297593851574479,-16.314285796364604,-5.0963358765978137,,0.4151362327565314,0.6710526315789473,0,4
-0.81390674751058911,0.57337425573492129,0.093796424330354428,-0.57489634069172579,-0.77146695406240307,-0.27264067240406625,-0.083964300842666734,-0.27582730403298261,0.95753292086167929,9.3139857936659638,-8.2440159586634341,-3.8780846377668388,0.6995190088108783,0.6853753908767711,0.9545454545454546,1,5
-0.65767328753918741,0.73543669845705806,0.16309110772810648,-0.73914038057027509,-0.58821856711691489,-0.32813170390767427,-0.14538687928361163,-0.33635067988857548,0.93044660001026724,12.462572621953386,7.9757771629142482,-0.32911268424594992,,0.4341382849689276,0.4054054054054054,0,5
-0.36934576891557253,0.86393475248596829,0.34234550739154573,-0.9066888767093505,-0.25426106341977273,-0.33655102507670964,-0.20371299378218991,-0.4347045606796141,0.8772302782557394,-17.212500176065397,0.74428784290697036,-1.1550495806665302,,0.4696492734543416,0.125,0,1
0.62981381054271535,-0.7755087870471955,-0.043825623352707621,0.75680661418938944,0.62537072278238626,-0.19014522819631646,0.17486655703380893,0.08658856910253411,0.98077729731673435,13.721604364959633,-4.2809958774330354,-3.1611390869006657,,0.6811804497080758,0.7333333333333333,0,2
0.97049674691074428,0.19666313420011225,0.13949794221512091,-0.18750412486176796,0.9793082100013738,-0.076142189249646747,-0.15158584167225861,0.047739307394380703,0.98729058090008071,1.7820307143399727,-16.571985187129375,-5.4648278742783249,,0.360706483804154,0.2777777777777778,0,5
-0.54189553810837321,-0.8404079532336356,-0.0079810976619162418,0.8033533039239209,-0.51516592295249675,-0.29870979378490953,0.24692649686244192,-0.16828114561695454,0.95431062090762031,-23.810827796647448,-7.2238310096594693,-2.4891858735886849,0.3980204621313023,0.4105423716138754,0.9565217391304348,1,1
-0.9343679617003432,-0.35313906022971936,0.047426957397857253,0.32155540543764177,-0.89306554954246098,-0.31469992922505918,0.15348821903254073,-0.27879513690251884,0.94800561087882029,-9.351272157127811,-6.5358629995681463,-2.7108455862492673,0.1762515546736766,0.09325559020245174,0.6574712643678161,1,4
0.0068344066177269576,0.99271567063413435,0.12028669154817727,-0.96927875703535293,0.03615274971467914,-0.24329338225293079,-0.24586984777761281,-0.1149285689699934,0.96246529391366864,1.7110453686884264,-10.218561672719717,-4.0100841146594668,,0.1251547582960885,0.5333333333333333,1,5
-0.38362720242587695,-0.92257906033607207,0.040963971832651769,0.88721443612246997,-0.38050598215297127,-0.26089412005963403,0.25628248846689328,-0.063742254236995338,0.96449790623412091,-0.89342158682674611,-22.338127485711144,-6.7638266302199881,,0.08834845326757737,0.3571428571428572,0,1
0.05142897988233338,-0.99616768558322932,-0.070746040369876681,0.9687968773761757,0.066963612122754465,-0.23863881712254073,0.24246168854982988,-0.056265592072126495,0.9685280133967934,14.409885695965695,-15.83699824606456,-5.9921459222410736,,0.1594197125312073,0.3125,0,5
0.10251204982562678,-0.98572712753014047,-0.13354141564222105,0.96514633930481386,0.13106081191105154,-0.22652948441148904,0.24079830432764132,-0.10566500665970796,0.96480624116997604,-9.9979238794935394,4.4277200645688719,-0.56458840042263914,,0.2024197005940394,0.1395348837209302,0,4
0.77303582022970085,-0.63436142125008876,0.0010990320118531658,0.62681652603353577,0.76357285584611989,-0.15510492096078618,0.097553387091609878,0.12059055122425352,0.9878973912418163,3.8744945370600914,-17.336835448831003,-5.7613981210287166,,0.103301242273436,0.3181818181818182,0,4
0.5237562490039438,-0.85186765235376138,0.00094578148143697072,0.83586083313588189,0.51369987812074425,-0.19351770680772903,0.16436562675544061,0.1021466499304995,0.98109632689622628,10.969275615992697,-25.398153942071811,-8.1455494058953679,,0.3512472324016885,0.8478260869565217,1,4
-0.79733250417374746,-0.60300870661124717,0.025325432652840523,0.56507678511567028,-0.76060140259707343,-0.31964626275103614,0.2120120390717492,-0.24055354106393251,0.94719844233943029,4.8804473227717553,-13.631642670052598,-4.9568823520790604,0.3381596418149925,0.2233936053041292,0.8062015503875969,1,5
-0.97284596937486401,0.20795280885819342,0.10161864572542194,-0.23123364709158475,-0.85410605439989895,-0.46586891749735887,-0.01008564939930048,-0.47671634870793367,0.87899931885682903,-5.2707444607222032,-20.732521257872335,-6.1655087845918493,,0.201157604365762,0.1333333333333333,0,4
0.13435575323165144,-0.99089630989101729,-0.0085460293657744074,0.96610312509105345,0.13290280798346077,-0.22131786037148382,0.22043884245489925,0.021478982156433551,0.97516427850012388,9.4757825956929853,2.5665727023068259,-1.4007995591887743,,0.1306190021459271,0.3428571428571429,1,5
-0.96300353993591548,-0.26851812917582329,0.022851616459472968,0.23270672447724453,-0.87133507794202392,-0.43199856751016869,0.13591086216328224,-0.41069842494424286,0.90158473883176948,-9.9479514913854086,-24.336298783411262,-6.7711702115440531,,0.1849217231261945,0.3636363636363636,0,2
-0.15176846217559517,-0.98772316349472533,0.037003867160476885,0.95473625793974115,-0.15618385251838998,-0.2531507100281109,0.25582222668110316,-0.0030913602975334836,0.96671890010873152,5.1557782694715009,-0.74895952978926694,-1.9928721335297677,0.1742498238812339,0.1166912399100564,0.375,1,5
0.22108891469640748,0.91913416296223127,0.32605533621470589,-0.93869940993191836,0.29123238644314275,-0.18446440003453721,-0.26450540560040431,-0.26528491770613755,0.92717894866407236,-16.010740110580961,5.381949407676041,-0.30054993487652676,,0.3063418794315104,0.2857142857142857,0,4
0.6719481826053898,-0.73853634077335828,0.0552242089161313,0.72942347907989868,0.64706228799655874,-0.22192742872307486,0.12816796815230805,0.18940556699779684,0.97349807556561319,17.04933471456626,7.2045452578142051,-0.72123942337070246,,0.2028350945549502,0.5555555555555556,0,4
-0.88665620213176344,-0.45828187056024355,0.061794063930799989,0.42418966797341834,-0.85925017362615186,-0.28592352947603078,0.18413013008706747,-0.2273034672837923,0.95625793013960769,0.0098317557655195308,-11.491992934490218,-4.1901391539392598,,0.09375697913089151,0.2470588235294118,0,4
0.98348274244579004,-0.17563274377440732,0.043758823402616075,0.17880667741423112,0.98027337655548052,-0.084215671514272714,-0.028104580114121518,0.090649029397948555,0.9954862560808253,-17.767623096049807,6.910796911167397,0.10376160181959039,,0.6184770437575325,0.3513513513513514,0,3
-0.22368538854318457,0.96417906227342554,0.14256080396035986,-0.94792332026598003,-0.18118409320284651,-0.261942175424622,-0.2267294110789464,-0.19372934791559523,0.9544960523270869,-0.79036083588061001,4.5861810473013405,-0.59652099202927156,,0.09560512229141588,0.2391304347826087,0,2
-0.41911986248868072,-0.89752889777511113,-0.13704166711647767,0.87009503705606983,-0.35393341996284822,-0.34302443167185359,0.25937071414842749,-0.26300762706050235,0.92927596587350614,-12.720574317858127,-2.0524093447252691,-1.7989537260018897,,0.214316445513928,0.125,0,4
-0.99726815978002881,-0.021842638215237895,0.07056285598495865,-0.016366984247352511,-0.86619165356740646,-0.49944383179373625,0.072030127832752741,-0.4992343321987795,0.86346785825439754,-10.647164283228246,-21.907705324743173,-6.2045051677338252,,0.4989779646620869,0.2903225806451613,0,2
0.31760973910706902,-0.92371933242471238,-0.21416500304481231,0.92442759205256664,0.35191815702043178,-0.14692596030394658,0.21108690313762676,-0.1513149221464542,0.96568427224408038,0.99173198208933211,-18.551291667812581,-5.9023347371634065,,0.4184798707632682,0.4905660377358491,0,2
0.93874641586538599,-0.34456395011959862,0.0055543656586294881,0.3445190624360619,0.93801264730707035,-0.037932691839068652,0.0078601729031764316,0.037522763357189952,0.99926485974038493,10.709432017153521,11.880510978650724,0.58390219205587479,,0.5731319139323879,0.3529411764705883,0,3
0.71032811664545803,0.67085850886822929,0.21303245710927415,-0.66614930491159607,0.73848113339171506,-0.10435860860651298,-0.22733031093260689,-0.067782569319747341,0.97145584203693958,0.70768843089279054,-12.986632989154373,-4.6133431115179198,,0.166807134146059,0.2340425531914894,0,5
0.96900174528685767,0.23196184606051881,0.085025405633974441,-0.21124710035741656,0.95639714577977575,-0.20169075867496697,-0.1281026159826926,0.17747732676738301,0.97575177082180875,-17.246677678754406,-7.6368182338709749,-2.786983912659136,,0.06562115692015241,0.2608695652173913,0,1
0.98928506996089083,0.092336565404715881,0.11308850092621518,-0.090526254676238871,0.99567155974933974,-0.021050945836509925,-0.1145427761439832,0.010587907988814035,0.99336189208045,3.0263284575710019,-14.206570698029017,-5.0175607219166327,0.4148275824470649,0.1692070604437552,0.2962962962962963,1,4
-0.97861459652991623,-0.19525172921015108,0.064732014483072503,0.168551138328984,-0.94152037752320983,-0.29177027346280093,0.11791516113967074,-0.27461999371677193,0.95429548559364286,8.9333013446390517,13.283256775208912,0.93125718777809907,,0.3626404238860866,0.25,0,1
0.99788695667289107,-0.029178081554787218,0.058053951277224958,0.036941062770988881,0.98981330150277591,-0.13749540373963415,-0.053450721075267882,0.13934944465248983,0.98879965245320378,-2.9386815901751473,8.8734811310734081,0.40184918978436657,,0.2031091465628629,0.125,0,4
-0.82567912280447231,-0.56413697649232275,0.0018595480469419427,0.52885490428102411,-0.7751788187457509,-0.34555793897095172,0.19638349315242054,-0.28433654482328513,0.93839557378283145,-2.713708965213617,-12.594935471916191,-4.3492756286803234,,0.09499749498432007,0.25,0,3
-0.4975601114075438,-0.86702215458070353,-0.026580425172476316,0.83214597801301038,-0.46844656048135136,-0.29680109711718355,0.2448816179562783,-0.1697951808486588,0.95456932160408781,-0.2954376278253904,-19.853857218991909,-6.1675223650850324,,0.2695681823895098,0.2142857142857143,0,6
0.68588456298654554,-0.71104217754861343,-0.1548592522379014,0.71673362958347231,0.69688749658186366,-0.025312473841264962,0.12591771313384578,-0.093631398872328978,0.98761221674519239,-3.8207866048614925,11.827903146053369,1.0587854520002333,,0.5058053688620853,0.5172413793103449,0,3
-0.84048162962473716,0.50251866449665927,0.20264654474192756,-0.53690663595819532,-0.72203708540177081,-0.43634127878138168,-0.072951316145783415,-0.47553910368865715,0.87666451184908112,4.690264279302772,-2.3134390246785261,-2.3294548425903074,,0.08213932625263158,0.2058823529411765,0,3
-0.97053764975527113,-0.23329361221511721,0.060255795631112753,0.20468418503911104,-0.93020711086565733,-0.30466229712559234,0.12712613736911352,-0.28335282139867679,0.95055253605627676,-8.2689517033043014,-20.336635811874217,-5.8847314486603901,0.3035609702978791,0.2415868936245351,0.8076923076923077,1,2
0.57662740799995527,-0.81485576515425451,-0.05925296902372687,0.80026792348410392,0.57793136506031551,-0.15989555316505769,0.164535962590835,0.044781907891400415,0.98535399615565167,10.002149065560616,-0.53022514806091237,-2.1817255648079201,,0.2058605784308176,0.360655737704918,0,4
-0.2827834459656981,-0.95913591783651075,-0.009581951976437509,0.92385505611131735,-0.26966812118808864,-0.27160806267936932,0.2579251015029731,-0.085658598697386998,0.96236024776789264,-6.7438025134868251,-25.15683961435845,-7.0998827822784625,,0.1273395573270394,0.3888888888888889,0,4
0.97533686047521184,-0.2103677849508245,0.066808709411576267,0.21902242687563081,0.95991397596684747,-0.17491236454015155,-0.0273346871916571,0.18523108216063944,0.98231474644216332,10.957631210704966,-9.7083455893919695,-4.3266225342228468,,0.2055761593755276,0.890625,1,5
-0.92529202573565295,0.36485434423427443,0.10351799168932199,-0.37916468265824921,-0.8839738586281809,-0.27354041874405854,-0.0082952115513823949,-0.29235513464856955,0.95627384399550275,-18.204695593628848,-22.933364583072322,-6.0551279051269233,0.5838689198389104,0.4039075411559113,0.98,1,5
-0.5399310997627923,-0.83904864807098289,-0.066871321799413505,0.80391803054931399,-0.49052075356734226,-0.33631115128321509,0.24937964565428444,-0.23534391109605063,0.93937374662237616,5.7262777233876498,-11.648123633480786,-4.551965304628343,,0.1031057560215771,0.4324324324324325,0,5
-0.95562697887248704,-0.28988861915019221,0.052360918042355792,0.25949619533972607,-0.91253770836233838,-0.31612759357736969,0.1394231037355364,-0.28851259817208463,0.9472706470912855,-13.524791820626634,-10.522008258853431,-3.481202588035869,,0.1284719714316338,0.3972602739726027,0,1
0.99196331527215142,-0.12142063993183756,0.035578214581757334,0.11801180481203438,0.98928861190635209,0.085914237920202613,-0.045628884265220208,-0.081025122961621399,0.99566708008739779,-17.251521311775761,-5.0479682141617941,-2.2951722392609772,,0.2501681607037516,0.2857142857142857,0,1
-0.89548143991238571,0.43539950908601066,0.092413517734699899,-0.44302513975471802,-0.85186786545240478,-0.27937405991765979,-0.042915222447908068,-0.29111579705887558,0.95572479113237485,10.599771004988622,-7.6078984815960409,-3.8402668332684962,,0.08550102719238627,0.2758620689655172,0,5
0.90436840267139329,0.4036857868890163,0.13840367666138323,-0.39576493280858677,0.91469471401148694,-0.081876114456283899,-0.15964933513362231,0.019270849053415889,0.98698567576644813,6.9993369265905026,-18.394414201101437,-6.2374369977013551,,0.5530410001249992,0.1875,0,5
0.9906372514706977,0.085000888005359668,0.10683016913252306,-0.093367343393946256,0.99273336783403288,0.075914422717008018,-0.099601080245848961,-0.085178104153590992,0.99137496205354125,0.27190519602735419,-24.850457360227086,-7.3720688475708158,,0.456953852305526,0.1,0,1
-0.20697904363238073,0.94399865207211897,0.25695567785719003,-0.95291296163454275,-0.13502503787244147,-0.27152371295419186,-0.2216225689001681,-0.30105611442647801,0.92749590453032271,7.655894125288107,-0.37956563496763596,-2.0042171580505688,,0.2647471311178839,0.3,0,6
0.994792184851095,-0.083429478694993356,0.058549389782187274,0.092499221017636329,0.980243773545175,-0.1748314575156488,-0.042806577418842071,0.17933674054860402,0.98285600696088071,-11.53789082398238,13.945379005994694,1.5165459326496618,,0.2251883034366894,0.5555555555555556,0,5
0.40835539912020274,0.89782997494977568,0.16476408616887966,-0.88288571310113739,0.43432287321817636,-0.17853979780823259,-0.23185919350173831,-0.07256016731784741,0.97003934791715041,4.5540510338479727,-5.453553911603251,-3.0500721143981742,0.5465653638875172,0.2528566993348239,0.4814814814814815,1,4
0.72118295408365263,0.64241358923824754,0.25922948732967932,-0.65590123984731974,0.75362776904781958,-0.042880639999359045,-0.2229096460584977,-0.13910415551678626,0.96486337043751225,-8.9856265166767777,5.4802217679036476,-0.34048065159397484,,0.1809699404749222,0.2941176470588235,0,1
0.63416491611385584,0.75218092616882037,0.17904947215259326,-0.72913125580663085,0.65882688455683458,-0.18524240332866806,-0.25729840842133439,-0.013076333314480781,0.96624351926980412,9.2093140168259513,-13.115841737404084,-5.0789805494790921,,0.1311275725641043,0.3888888888888889,0,3
-0.082350255978999837,-0.98888283612240224,-0.12381103247573674,0.9666668416060894,-0.049036971743474704,-0.25129781682604724,0.24243277971326635,-0.14037845926189815,0.95995845508842437,-8.8294905071948353,15.530579166749767,1.8908730334534471,,0.387502027504928,0.5,0,2
0.76961091510885438,-0.63353156814112865,-0.079603966697370312,0.63024814168986421,0.77371661568913674,-0.064419550627293751,0.1024027306363763,-0.00059226277298672116,0.99474284615825315,-7.6135051844124186,-24.765934359245616,-6.960215609070767,,0.1370860533538035,0.4,0,1
-0.47930100061942449,-0.87646064378504862,-0.045686876683778618,0.84031014135012949,-0.44326392160141015,-0.31208326156759214,0.25327735222349745,-0.18797296534991229,0.94895560862888451,8.2863693100844404,6.221475763397784,-0.60469724948716441,,0.284826096683446,0.1818181818181818,0,4
0.52235698130064723,-0.85271473951045862,-0.0045559969366308906,0.83601007548185635,0.51316214070881672,-0.19429814985214258,0.16801886137959809,0.097684135686178064,0.98093194048106491,-7.7587049029011528,9.0932188189968421,0.43858657275610702,,0.09054460091973116,0.2727272727272727,0,3
0.84614759379698812,0.50114213354121606,0.18135824078691773,-0.49629039158072175,0.86494687274063642,-0.074583876011153488,-0.19424236596639077,-0.026897385113639722,0.98058474082448732,-1.6035642052025569,10.388712554940296,0.71086525862991345,,0.409715570251989,0.3898305084745763,0,2
-0.17999931543642414,0.92175772205481066,0.34345734564097924,-0.95735471215804147,-0.083941441934699171,-0.27645214673559426,-0.22599159619599524,-0.3785717054380211,0.89755850076222654,14.605332467950035,3.5471006140131291,-1.4378320125618391,,0.388031417648051,0.1363636363636364,0,3
0.30089796354115933,0.93381926987220676,0.19349931977173165,-0.92164715003073572,0.336877220094084,-0.1925623780023123,-0.24500397216577222,-0.12039646920496368,0.96201753821121794,4.150763806665144,-19.72569586029557,-6.4046304192680692,,0.1773749314416624,0.2142857142857143,0,2
-0.98968551522847736,0.12188056296318527,0.075284190363725523,-0.13842614789153468,-0.94893419503626453,-0.2834820895061777,0.036888785922765698,-0.29097941828015012,0.9560178845662306,3.926293963976148,-27.269732570870122,-8.1987510487302657,,0.1056030816138277,0.4117647058823529,0,2
0.97317532543168794,0.19188553756684246,0.1269240971747031,-0.19198515819148065,0.98132969568824058,-0.011564056149047371,-0.12677336078656903,-0.013113688768236707,0.99184502124160956,-3.9272304096320347,-21.072431064477023,-6.2862244993440308,,0.5696261673120142,0.282051282051282,0,2
0.9956868009376888,-0.044350039391900707,0.081491523758053477,0.05775103968446392,0.98370582368432269,-0.17025765728716108,-0.072612752694248148,0.17422952234189742,0.98202416553294591,-14.870334699869796,12.293986897949543,1.2398623902586747,,0.1111359908963292,0.15,0,4
-0.11354462334767558,0.95018828343285189,0.29025823767081288,-0.97478887818203697,-0.050061737817555449,-0.21744071693059941,-0.19207878977503287,-0.30762972618655998,0.93191721203384881,-5.3895576409793851,5.7985192699870094,-0.24299886470516457,0.727920075647817,0.5776621443336113,0.1025641025641026,1,3
0.69684075678165769,0.65889016035906678,0.28333146007806853,-0.68026196867159738,0.73235391704490749,-0.030023227142053188,-0.22728091355635036,-0.17181820849660906,0.95855197540978765,-11.251694993113839,7.6186853404699484,0.1114346941758604,,0.1729760180383975,0.32,0,1
-0.22606705080541917,-0.9649747862364817,-0.13310653803626132,0.93932069163764764,-0.17975538943465247,-0.29217227491767472,0.25801226095190294,-0.1910802498874625,0.94705755437641348,10.33684580567002,14.449790131869678,1.1587145779235308,,0.3258030562934391,0.2173913043478261,0,2
0.98728930921347269,-0.14986111324477713,0.052928882945147263,0.15483703266453763,0.98206076269281173,-0.10762040556908584,-0.035851265367152205,0.11444782704905176,0.99278214209126692,-6.1863920304343303,12.14128943350185,1.1706243444258597,,0.1307204410927283,0.1428571428571428,0,1
0.8820418829570611,-0.47116057717008913,-0.0031348413537542279,0.46913377346564322,0.87882673859200799,-0.087046344722929866,0.043767788423125349,0.075307861850439625,0.99619933077676048,-9.5031996815257056,-19.230605411590169,-5.6542843661610744,,0.3947409184912932,0.3877551020408163,0,2
0.55744784826174976,-0.82105633483050366,-0.12295686846632792,0.82207352753702734,0.56658250956387701,-0.056385948419157596,0.11596125124874301,-0.069647360976563086,0.99080887829985964,-2.0415305544170419,-16.537713851414047,-5.3312332675853487,,0.4311141001257049,0.1923076923076923,0,2
0.57542970743069588,-0.80616400383525466,-0.13776883075114121,0.79605876898032946,0.59072030028400802,-0.13168129389512839,0.18753956418779424,-0.033898757391443581,0.98167193405514519,8.7379804175326701,-11.80026894237262,-4.7190874367784588,,0.2829971268538273,0.2,0,3
0.48206997776448368,0.84652915645597693,0.22582498490663708,-0.83924847207712705,0.52017268130259409,-0.15837418900400857,-0.25153635652596606,-0.11317583176810478,0.9612079340336509,0.076842024135277506,3.9008448065654031,-0.77227704669458985,,0.7727248015129102,0.5822784810126582,0,1
0.65784612654298813,-0.74481509604795804,-0.11175395514906139,0.74020086169860866,0.66677577895191664,-0.086676092111389866,0.13907249236647948,-0.025700842440201752,0.98994863935703192,7.3498374818161585,-14.526446407059348,-5.3087489859694132,,0.2121251158204081,0.24,0,1
0.19775859216859903,-0.98003182934129818,-0.020716001096821923,0.95474785859912292,0.19735978819459332,-0.22249863034224562,0.22214424530895188,0.024222458209996238,0.97471288428664038,16.6720247249579,-18.5011321148082,-6.7444965592901296,,0.2452968352933798,0.2380952380952381,0,3
0.80651683765299764,-0.58946848385881412,-0.045359641967291288,0.58380336889288309,0.80617122322010903,-0.096237130677896715,0.093296393561219618,0.051135754506855841,0.99432435229128613,15.134193299887489,-6.9489637855696751,-3.8958402909726271,,0.4031438879417568,0.25,0,2
0.98471261491427664,0.14059431603545081,0.10283143647353758,-0.13378641143887926,0.98850779859715021,-0.070381305947832346,-0.11154488846645658,0.055547910952072031,0.99220570823084142,6.870767996348162,-15.643335785693724,-5.5482341004536879,,0.2165963743410911,0.1525423728813559,0,4
