axis_00,axis_01,axis_02,axis_10,axis_11,axis_12,axis_20,axis_21,axis_22,location_x,location_y,location_z,dbh,dbh_approximation,score,reconstructed,number_clusters
0.72959265097359438,-0.64346365059954636,-0.23162274068499372,0.67354316635257161,0.73476425163350312,0.080380952850844123,0.11846588836063625,-0.21465326663846218,0.96947914284752001,8.2537965357305918,5.8072932787082818,-2.5755512119119444,,0.536478426983041,0.1304347826086956,1,2
0.24624381706677712,0.96404736195948637,-0.099883264140396083,-0.9676858140405098,0.25032145778179993,0.030386396277802014,0.054296849458699059,0.089173155562372736,0.99453506748928122,-0.49418145569047867,5.5169142294116815,-3.9166446981684238,,0.1676255192204683,0.3713080168776371,1,3
-0.92109853699707156,-0.3460973629826839,-0.17830900279651862,0.35791409231422644,-0.93298193134656482,-0.037976549391950429,-0.15321549420584013,-0.098799448972493334,0.98324141553231659,-8.6114771485730213,-16.272263452913254,-4.4299102259278307,,0.4971197265305418,0.9156626506024096,1,3
-0.8553519017866299,-0.43018254827322416,-0.28864528278000778,0.49761532499924427,-0.83720133414602904,-0.22687642986878359,-0.14405593509429551,-0.3376935019588973,0.93016718190809333,0.82921373750233851,5.0270657323089756,-3.7183504343243214,,0.3494639751780274,0.1460674157303371,0,1
-0.42438762479304259,0.90339055637804289,-0.061486962597687184,-0.90465009543477659,-0.42592741780377563,-0.013929809505409006,-0.038773041567161888,0.049712547812172207,0.99801067821825074,-8.1111662447470341,-14.717606319190949,-4.3910839005714157,,0.1467978350888532,0.3888888888888889,0,4
-0.2916117814738613,0.94592316285483902,-0.14209834228568233,-0.95565733264675834,-0.29447967485057941,0.00088524481377850127,-0.041007700058943899,0.13605547057944764,0.98985214929366128,-14.363834469397029,-2.5813539995429049,-5.6536504044639475,,0.1817405981752823,0.7391304347826086,1,3
-0.6319906347545321,0.76257937508210871,-0.13805989382128361,-0.76965475681439022,-0.63845177366086547,-0.0032997003314009414,-0.090660867498307263,0.1041730742978987,0.9904183851765771,5.5141304615607662,16.056076813239642,-3.5203601636598285,0.7813611666938975,0.7346263258486539,0.9357142857142857,1,5
0.7240620940709338,0.68031830489269907,-0.11358295628102857,-0.67859032805987585,0.73212066787350005,0.059283170765818738,0.12348785605557949,0.034151598796890281,0.99175824559537262,-14.192390252047792,-0.39123943457778138,-5.6725060320467655,,0.08114068971396514,0.375,0,3
-0.53316496960367588,0.83746767498136099,-0.11992918138978552,-0.8426893402796567,-0.53825836448576136,-0.012353495058057586,-0.074898537813147439,0.09447659192850924,0.99270558707555667,-20.199031650585784,12.900726035503432,-6.9767713745505144,,0.2650147643197962,0.8943089430894309,1,5
-0.54196664750451751,-0.76547012593646402,-0.34688274573914551,0.83502266950764581,-0.53710467668711881,-0.11939726834878134,-0.094917302959152294,-0.3543642936014294,0.9302777289709353,-13.939301772897808,18.678699222716407,-6.4958950713351475,,0.5774081368057347,0.2380952380952381,0,1
0.32739921490855178,-0.92847370619255987,-0.17534631728757852,0.9437068097782102,0.33057955226697816,0.011602448069126504,0.047193339100942658,-0.16927414608266783,0.98443844511096101,-15.153378693874371,-0.17355585854789662,-5.8258538808450693,,0.237772324001369,0.8121546961325967,1,2
0.95641762866239444,-0.20449044808544034,-0.2084441801193293,0.24718684059080051,0.94700332953867661,0.20514229130386519,0.1554476935259631,-0.24772636211044941,0.95627802656600946,-12.599666083075366,16.500703998027294,-6.1941285680611511,,0.5784824886417752,0.103448275862069,0,1
-0.36257560303596326,-0.87406386401802605,-0.32334392479368762,0.92960740366725336,-0.36380447956854772,-0.058960797932922304,-0.066098465414383009,-0.32196065328505036,0.94444286783591491,-22.593445767402375,-0.70541349351422911,-7.0101971709659647,,0.5396202775768729,0.6136363636363636,0,1
0.95622152469588284,-0.21236382077225413,-0.2013504490565913,0.2519705941177513,0.94738511829099592,0.19741392387747753,0.1488328438491599,-0.23950583556098387,0.95941948037550617,-4.9942753773107649,3.9782475280666056,-4.5446267768803468,,0.2547719116799362,0.2605531295487628,0,5
-0.88871661037078442,-0.42709038897886908,-0.16666309157381307,0.43598434634971561,-0.8997504603442158,-0.019150949020408387,-0.14177600709948784,-0.089682265539232808,0.98582790336786241,-15.554462205177975,-5.4174630074450896,-5.8070148422982575,0.2500912805871175,0.2166477148966654,0.7317073170731707,1,4
0.84071445011925316,0.52963172195604624,-0.11264746982757949,-0.52488445111682358,0.84822762943389107,0.070754516751596136,0.13302453283688931,-0.00035743927412357684,0.99111268072842873,-7.5430817850417204,11.587582008205301,-5.268159284481599,0.07505649372912404,0.1347220294760231,0.3333333333333333,1,5
0.94585249394083348,0.29767301363295967,-0.12943661251970723,-0.28049367638292139,0.95022907687928693,0.13560235603532311,0.16335959480574763,-0.091953675336058915,0.9822719401352622,4.2152498308947726,-15.669668936695242,-2.4381090679847612,,0.2125049092061595,0.2352941176470588,0,3
0.84583111362185781,0.53038499334688316,-0.057109421828942401,-0.51543043695196378,0.84015227138612336,0.16874722382382104,0.13748160565223647,-0.11329571800013347,0.98400350019200566,9.1918780184880067,-15.555636406253685,-1.660668832153809,,0.2612831343701936,0.2765957446808511,0,4
-0.7114930898776809,-0.67246138667741717,-0.20389523408896729,0.69319661158579615,-0.71922362260756023,-0.046859773465388388,-0.11513488064995892,-0.17467989040282231,0.97787059222914374,6.1798919010818532,-5.3720591324093565,-2.4854485116780416,,0.279512587847394,0.1842105263157895,1,3
-0.91392175158090405,-0.36736484054590701,-0.17259810519809982,0.37520335625643214,-0.92683653234804486,-0.014017266458253835,-0.1548207784543239,-0.077570073067731379,0.98489258821612879,-3.0333626537674663,-3.9935594154082628,-3.9392599221437261,,0.1850097120271161,0.8154613466334164,1,5
0.96326003943747507,0.21752253696096013,-0.15752473563533412,-0.21446179057187334,0.97605447991692174,0.036383961010498747,0.16166705541828899,-0.0012641788541498198,0.98684454958428192,1.2145921431074653,-3.0195752501919344,-3.3676586143490237,,0.1561103557536579,0.6349206349206349,1,5
-0.7820022048617743,-0.5382153448585224,-0.31431957328513122,0.61240304561140724,-0.75728466511154624,-0.22689743434593335,-0.11590971191922422,-0.36992455791109163,0.92180299421139167,-8.4249727427915335,-10.649452431158688,-4.4955602503653109,,0.2941831857196419,0.1428571428571428,1,5
-0.53132020663847956,0.84311386861198789,-0.082812091941768709,-0.84345895076011035,-0.53559952582912973,-0.04135391534385089,-0.079220176724736399,0.047876429333648982,0.99570678972976889,1.8448807955621038,-6.9805709626044283,-3.0709697327512067,,0.4051930283123149,0.7463768115942029,0,4
0.27137400819135338,0.95377568892750919,-0.12910492976263274,-0.9611042025053026,0.27569267583298207,0.016500315715050465,0.051330883538133094,0.11960553374700225,0.99149364934541506,-7.7086004048258925,16.918640287280205,-5.6057525122803495,,0.08661790756633059,0.391304347826087,0,1
-0.39771341805258215,0.90723795019975173,-0.1369063140190592,-0.91496755086294135,-0.40327127203180674,-0.014375744214460636,-0.068252604117375215,0.1195474084671086,0.99047968134636422,-13.860737892996349,-5.6056385860735611,-5.5406147264246908,,0.1720071825834715,0.7377049180327869,1,4
-0.15703376656845233,-0.94664420806320304,-0.28143407664622938,0.98628450133461865,-0.16498894691862542,0.0046400239013793133,-0.050825963684392642,-0.27684542751339392,0.9595693464677153,1.8038543804020628,12.088837432004555,-3.842195902992688,0.2257703980256732,0.24731305599792,0.2352941176470588,1,5
0.92414737225458454,-0.33979002178175405,-0.17462638819062123,0.35206515761538848,0.93494278026355393,0.043955914577078564,0.14832989971073965,-0.10210160983359122,0.98365314116368807,-8.4185398971366059,-7.0299784392776505,-4.5458280136497518,,0.2643093145856134,0.7807017543859649,1,5
-0.97158585446426404,0.17463246802159235,-0.15976366457250285,-0.17591495905680304,-0.98438589316280389,-0.006191972392828508,-0.15835041706604697,0.022088785723931189,0.98713587259315638,-8.9287329264609099,5.8006965216119752,-5.1680327168508393,,0.1943603973389132,0.8564058469475494,1,4
-0.69635061964645217,0.71466786893024004,-0.065921556692122352,-0.70932741478488714,-0.69930655643563722,-0.088458796966275899,-0.10931803672126585,-0.014838370693627421,0.99389606579489365,-2.5700475967839918,14.713439968413244,-4.6267523184153685,,0.1195868276588246,0.4047619047619048,0,5
-0.68406922765960132,-0.64282839810848313,-0.34470413742001732,0.71989683627037271,-0.67109796909248676,-0.17713289081321884,-0.11746419410656474,-0.36932257778968935,0.92184759946407302,3.1243187841214399,-4.8436148134839758,-3.0215158959787995,,0.3098903195153719,0.1304347826086956,0,1
0.1490149980938697,0.98052488336188948,-0.12792764928363962,-0.98832879978982036,0.15182583567339336,0.012453880041572473,0.031634061533387138,0.12457876516577635,0.99170530775058019,2.7972112941076341,-14.438029509428493,-2.7107666070568865,,0.2745235103334476,0.7424242424242424,1,4
-0.83798006786970369,0.52556228793387683,-0.14687983985147843,-0.52899537328434165,-0.84843734659879422,-0.017831543403686419,-0.13398992834107787,0.062756277758534415,0.98899360397580249,-1.1798796625484569,-1.740340708455792,-3.7582854416897553,,0.3920845530234618,0.9755927475592747,1,5
-0.95731579270275791,0.26632501600217739,-0.11232746277438627,-0.23300427210499325,-0.94101944675294924,-0.2453393772177562,-0.17104234043859853,-0.20869448168127058,0.9629076441139478,-1.3898033285862033,14.994514522889206,-4.4429363109615529,0.8559635653380259,0.5515608781552865,0.1052631578947368,1,3
0.90863747862765287,0.4063447670081724,-0.096238572091732907,-0.38250117697278541,0.90235759621421197,0.19860417460099644,0.16754337363087651,-0.14364782935910739,0.97534328268194925,-0.90641937697504615,11.525358021035165,-4.2563850346014087,,0.1780246365837204,0.375,1,5
0.8187216089821423,-0.48345734825707071,-0.30978043741000272,0.55913315855942858,0.79401286319874342,0.2385658904250344,0.1306332193014014,-0.36852756408601794,0.92039252307033481,7.8494327208541295,4.2186885899211086,-2.5532538552941295,,0.2426434741186949,0.1764705882352941,0,1
0.57449272087193204,0.81827286881536054,-0.019688215405296163,-0.80945334000037716,0.57154016957785048,0.13463701170613002,0.12142241978893044,-0.061411291466656803,0.99069937380266815,3.6859416081048226,-12.679673426549254,-2.6171948643315774,,0.268684355645703,0.3928571428571428,0,2
-0.96010200521785583,0.25888003162849654,-0.10576043116724887,-0.24116081519797777,-0.95793706556171254,-0.15555719088509876,-0.14158248758127026,-0.12384549909885663,0.98214901698431456,9.1184599733541987,9.5195814200618152,-2.661724955832272,,0.5082579062601387,0.1,1,5
-0.9913823642169155,-0.033122645137887881,-0.12674343493352444,0.043006347666449084,-0.99617555636978494,-0.076057313597981166,-0.12373949240267437,-0.080852651597945038,0.98901536224141107,-3.1680755330566241,3.362741305339827,-4.2193018800062969,,0.3366633449766945,0.6210092687950567,0,4
0.95412757867624454,0.26972610766377103,-0.12995534022870225,-0.25059447366289245,0.9569654819522041,0.14635394125749485,0.16383825371085914,-0.1070742415174451,0.9806590301549456,-19.911623859884394,-4.334502605657252,-6.5380881744801425,,0.1488349468651994,0.1538461538461539,0,2
-0.98050722260052647,0.12103608819860597,-0.15477678049946625,-0.11578389757996999,-0.99236289904964703,-0.042543691083042692,-0.15874405654824278,-0.023793737481901299,0.98703301999844417,-5.0387745580889778,-18.060737130139792,-3.8196891643523601,,0.1282199000197537,0.125,0,4
0.98567863170823145,0.052294193432294453,-0.16032140320947649,-0.045755217989000528,0.99797378168842776,0.044213019454436071,0.16230864123813252,-0.036244287767385856,0.98607416383539159,-16.656694026068998,2.4527848115087654,-6.1483983667941313,,0.06612953024971682,0.2916666666666667,0,1
-0.37048093054784487,0.9255794211249081,-0.077759985149711469,-0.92724625931530347,-0.37344910248893004,-0.027388728265290842,-0.054389839916847607,0.061955653820236496,0.9965958269396511,-16.079975177613271,-1.7029029065855261,-5.9522206879026598,,0.1231696079008342,0.1739130434782609,0,1
0.94166436990558178,-0.28415974469397404,-0.18033705649638038,0.30103161156522323,0.95075624865678054,0.073773467307222756,0.15049313369309494,-0.12375700034964005,0.98083434971237138,-7.6911986210156309,-1.1521688091417108,-4.6983984984558411,,0.1218288312986962,0.3398058252427185,0,4
-0.22517300097479689,0.97176041297637161,-0.070560749740884499,-0.97386094195238848,-0.22669613420722412,-0.014273348419563455,-0.029866124147772569,0.065502385509932592,0.99740535998203717,-12.594701716684559,3.8110629391276309,-5.5873200506877359,,0.2608795579802899,0.5681063122923588,1,5
-0.93554522118058947,-0.30851996188119302,-0.17196096140400485,0.3171691484456487,-0.94804931924825897,-0.024621526093544285,-0.15543124010450585,-0.07757526276939182,0.98479602365456131,-2.9363091674550548,4.627091332437093,-4.2346930034952033,,0.2633760469907293,0.8630377524143986,1,5
0.13292320537327093,0.99112441546567553,0.0019530850257900372,-0.99101679677537446,0.13287895915408851,0.01512913491253663,0.014735331091322792,-0.0039465531731874021,0.99988364059808454,11.452839634531037,-8.2359935026481548,-1.5850205438979086,,0.2076202254033579,0.125,0,4
-0.55962950836186343,-0.7628709423159693,-0.32379428460151288,0.82483930606413403,-0.55059829949915451,-0.12838080760097337,-0.080342594819298535,-0.3389239412590761,0.93737699432998545,-17.505850792628433,-8.1138708206020276,-6.0443991555396597,,0.3776771246613382,0.1724137931034483,0,2
0.94189871764447264,-0.26485433283294807,-0.20658893503601189,0.30021943717365152,0.93964308446028111,0.16413154288285425,0.15064891384552198,-0.21661730356918452,0.96456303503274554,-9.0235894980874303,17.663878137565291,-5.844107101666113,,0.5060061438890781,0.1111111111111111,0,2
0.9783481338763389,-0.1218743469793553,-0.16727693352355,0.13102499430423054,0.99036803274409169,0.044761708928222996,0.16021042353187517,-0.065709993661195037,0.98489330230476424,-9.2205458135389513,-4.1759780418838099,-4.839835978079817,,0.1878900031811268,0.6473214285714286,1,4
-0.57437507308428504,-0.79712099565615624,-0.1862562581594544,0.81296908380010158,-0.5820911012873744,-0.015849876569730047,-0.095783841041411924,-0.16052435356104239,0.98237334436005719,-0.089864303667888473,-10.608395492652287,-3.2433480587117285,,0.1307151373568746,0.4693877551020408,1,3
-0.083082130516302533,-0.96199398611507081,-0.2601248359294252,0.99645513113994455,-0.083655145418923618,-0.0088875345184234004,-0.013211026218636276,-0.25994112280163956,0.9655340913001853,6.5802626434337421,14.106108856702862,-3.262730118413451,,0.1289846331265974,0.2380952380952381,0,4
-0.82739629763540279,0.54590463765081498,-0.1319223000502982,-0.54557674075388896,-0.83701484962788308,-0.041858827632611721,-0.13327185227043364,0.03733989948761688,0.99037586061992766,3.4409953247685716,-7.2669266808918289,-2.8853768032770359,,0.2404297307735957,0.7840909090909091,1,5
-0.98659840785744335,0.023264251614245005,-0.1615003288231569,-0.019458229137923,-0.99949533948513269,-0.025108637285114258,-0.16200295963955347,-0.021629631164872903,0.98655319173559863,-19.80913847315162,-2.4564054360245406,-6.5417684240002663,,0.1451097745393222,0.5333333333333333,0,1
0.73396640763056076,-0.59992095249169297,-0.31841508009413061,0.66914430461896424,0.7190414719011009,0.18768393986247975,0.11635811989669799,-0.35081934446059282,0.92918597465004127,3.3327040096665814,5.333777957745963,-3.3407332813191259,,0.08367547557991353,0.34375,0,4
0.67234794569523337,0.7330809276344743,-0.10266739237936696,-0.73115068364030333,0.67934056741313054,0.062570530436649993,0.1156153870889061,0.032996166525598704,0.99274585633126555,7.5770674918272078,-3.6825284044325883,-2.3615030486288564,,0.07764592478593152,0.1956521739130435,0,2
0.91441001973073566,-0.35890879655885249,-0.1871865154564093,0.3796508580538574,0.92083901163752724,0.088998542827353672,0.14042628598309562,-0.15244668051190455,0.97828445137694764,-2.9598067706631848,-9.9959891579058908,-3.7038157979343618,,0.1431043494146242,0.3857142857142857,1,4
0.94777211710477716,0.29364700934805421,-0.12449677883252004,-0.27261118170546594,0.94843706718152032,0.161710461026077,0.16556315305006422,-0.11932545200861717,0.97895366532592376,-1.6536172029014202,-3.9996814765782935,-3.7510889217574857,,0.1373694917247078,0.2439024390243902,0,5
0.39563702404345458,-0.86373011420759638,-0.3121564271594785,0.91212801229289087,0.40921574100687652,0.023769024018924487,0.10720930181965636,-0.29413052735669049,0.94973333019338424,-11.388947507907723,16.279377843056441,-6.0602726777263047,,0.2471152151138056,0.4042553191489361,0,3
0.3953038054409817,0.91825407368384959,-0.023331471597279319,-0.91475330360347107,0.39584985130185818,0.080804014571268762,0.083434375112513143,-0.010599593733389272,0.9964569000525173,-22.555760980997924,10.338191795977439,-7.3030999503239054,,0.2153734872709844,0.3076923076923077,0,5
0.75553519095464217,-0.5968336272457877,-0.27010404776265284,0.64411158668731849,0.7520001986885203,0.14005700649225394,0.11952756637812981,-0.27979514391973009,0.95259006834769155,-4.1404712675604927,7.172550572829544,-4.5609745263152188,,0.09433449455017143,0.2038216560509554,0,4
-0.36129837459843672,-0.88466739459348565,-0.29466436068127216,0.92858485066489593,-0.37010713061346573,-0.027402317141458857,-0.084815444514438038,-0.28352127400292587,0.95520784521463042,10.724142988723111,15.899673094266866,-2.7600121372753508,,0.1682159595233724,0.3529411764705883,0,3
0.67877696598663639,0.72954006310926311,-0.083863739270976623,-0.72429982563062356,0.68393646141704068,0.087296502425848105,0.12104376496716412,0.0014876366728382019,0.99264605670888784,-13.119748789779241,-5.0824482080517566,-5.4259948256657156,,0.07854479079645892,0.4583333333333333,0,2
0.26355585621590555,-0.94549047415472887,-0.19127486488549994,0.96395105852851359,0.26565228598630597,0.015073808808892772,0.036560462470517155,-0.18835239906333875,0.98142075907891091,-19.025833629534159,1.2775249622074207,-6.4752376520754575,,0.0707342064434107,0.2105263157894737,0,1
-0.98771153350371477,-0.001220232285938608,-0.15628319684761,0.025190284796235599,-0.98813811609021196,-0.15148766643384337,-0.15424453356804907,-0.15356293355772815,0.97602615195573506,2.6296850954381772,10.225500280274648,-3.6377209042511622,,0.2568927441090377,0.2608695652173913,0,5
-0.59810361583213212,0.79486675869148848,-0.10226876676589411,-0.79491527195891987,-0.60462394310911904,-0.050394422564980057,-0.10189099633925661,0.051153918192727077,0.99347949224859489,5.2676355026276909,-5.1015807450924928,-2.6714924371635194,0.1622941198350396,0.1560498058377487,0.7207207207207207,1,5
-0.91710727869291142,0.39354724741361868,-0.063520102500277315,-0.37834121730873049,-0.90948512751475785,-0.17232157762396288,-0.1255872710660981,-0.13400510021125167,0.98299057496170394,5.6923309231129009,-19.375180192297844,-2.1371033726776822,,0.394606854438463,0.2857142857142857,1,5
0.11889174570596688,-0.96965386827791422,-0.21362614197861116,0.9928447210788488,0.11851409932419783,0.014620810074590377,0.011140584762515074,-0.21383588098130815,0.97680607255283636,-17.581917545539874,8.6376044704424864,-6.5274625274400782,,0.1730219145087446,0.78125,1,5
-0.84233216583042925,0.53338197785429697,-0.077331675965658736,-0.52183551315495325,-0.84301173036582666,-0.13045658157380169,-0.13477469947184412,-0.069533360093222321,0.98843355478070494,-21.289187344039515,18.069516317974909,-7.3965110507530136,,0.5791675836526153,0.6190476190476191,0,1
-0.92743817570591502,0.34191679224987048,-0.15149698815766516,-0.34408409629567777,-0.93885561951577368,-0.012500415194694756,-0.14650790053670013,0.040534341998012979,0.9883786734845692,-11.521688314386886,-1.9589436124187347,-5.2474155220471861,,0.2302981540280584,0.5606060606060606,1,4
0.95256573229663533,-0.23513799353687911,-0.19320623605263232,0.2784594299078878,0.92957138171676745,0.24157274719751304,0.12279605673452644,-0.28391401918297365,0.95095423557699166,18.150332518544932,-5.7485135748029919,-0.65007217458712796,,0.3863237371356435,0.3461538461538461,0,5
-0.94955740624191687,-0.24746525562088276,-0.19261796258816072,0.26960053593238659,-0.95793605306980134,-0.098356846503028714,-0.16017578867011342,-0.14532537799552278,0.9763320394386148,-13.943414035835078,15.773801620510543,-6.3143218565814365,0.8171498164489877,0.5084745494457739,0.4193548387096774,1,3
0.098930873208747591,-0.95851698247417549,-0.26731606131086982,0.9950770128349028,0.096876576473329271,0.020896589635026289,0.0058669288151651615,-0.26806738563168986,0.96338229997590741,-5.2416482064065875,-13.515260825632438,-3.9368859566749577,,0.1876551414742891,0.4,0,4
-0.44946972063740903,-0.80747775374580022,-0.38204272985592536,0.88969718819318655,-0.44300172197943882,-0.11040103099333182,-0.080099210678184415,-0.38952426308112048,0.91752654725617755,-13.097792784244172,-6.6133026026635466,-5.3667966316026332,,0.3459805176106893,0.1521739130434783,1,1
0.53807416235660444,-0.78188636779428566,-0.31484901724747166,0.83884528794481983,0.53331034753931861,0.10917259775357865,0.082551672890449762,-0.32285256862064998,0.94284221386085465,3.2411819845110195,14.487313076663984,-3.702387426254754,,0.3034757437082683,0.125,0,1
-0.076329333897435986,0.99371328867271869,0.081900749093179667,-0.99701040735792701,-0.075077042443577158,-0.018267055534638199,-0.012003349813863142,-0.083050211397536794,0.99647307137728025,-16.128768334420009,-9.4295485096663239,-5.8089740032922199,,0.1612765094773388,0.3636363636363636,0,2
0.09635375736785344,-0.9671980782956997,-0.2350400620792186,0.99503423302109639,0.099520128053649487,-0.0016184030102949823,0.024956533357326869,-0.23371696868924877,0.97198433628813863,-9.8006462604293461,0.11818747361932845,-5.0503393556948488,,0.1221849442111164,0.4372469635627531,1,5
-0.63277614698285523,0.77270395104839074,-0.050228994054611904,-0.77358398026952147,-0.6336870378675139,-0.0029263473923123407,-0.034090662649711938,0.037004622318060086,0.99873344023678357,-5.4023362987381667,-4.1317630395380611,-4.2483191504898938,,0.4116577221090741,0.2333333333333333,0,3
0.89687174792894286,-0.35492289973634128,-0.2639143857572579,0.42195305509719566,0.86547547053813678,0.27001449811247985,0.13257709855411187,-0.35352785624267069,0.92598129991886735,-14.348716973639428,6.5560093510994841,-5.9715586919707322,,0.4921777145642705,0.2018348623853211,0,2
0.7448691577230826,-0.59422432039917283,-0.30342609465740916,0.64808045141635218,0.75248502148721796,0.11729459036698396,0.15862429311074278,-0.2840136431292038,0.94560804996129044,-19.141438717163684,9.8098479012038808,-6.7803472942747183,,0.3801915603495222,0.1333333333333333,0,5
0.49685946410602322,0.85847467438720781,-0.12709015053910408,-0.86318976660714541,0.50399958373358722,0.029796751854383085,0.089633139814335336,0.094898119223447375,0.99144351690596833,2.6203685406229682,6.5279497147017702,-3.4912193231515785,,0.07949052010980502,0.3076923076923077,0,4
-0.086111983988055585,0.99621420612283018,-0.011915608784284808,-0.99613967383667457,-0.086297824004362117,-0.016075937940770068,-0.017043368863115201,0.010485279737394304,0.99979977119752528,-8.7381278173569825,-13.098633303237593,-4.5143652015072346,,0.466991217973476,0.7894736842105263,0,3
-0.9633479248484853,-0.20799026014075056,-0.1694131853684932,0.21589227269702871,-0.97597346497932991,-0.029433352611483179,-0.15922092287079703,-0.064929556773653127,0.98510550215565618,-4.2813227435035772,-13.065544129951791,-3.7888207722905234,,0.1476695021774609,0.4473684210526316,1,5
0.92065583138921281,-0.3317191602192705,-0.20580388449312381,0.34688389252134771,0.93698892816476598,0.041512812550837004,0.1790653658256538,-0.10960906550128398,0.97771235418279312,1.1382937689105457,-9.6071572172284583,-3.1162971726274464,,0.5470351179688523,0.5549738219895288,1,5
0.0046703295048992708,-0.96006282429405632,-0.27974552977811173,0.99861797592962054,-0.010166762666983683,0.051563311444296787,-0.05234812482356923,-0.27959973237718583,0.95868851223015206,2.5797945297492682,-15.824859329423788,-2.6940581358820381,,0.1732401006708719,0.3684210526315789,0,4
-0.56266382353260569,-0.80472698228700412,-0.18927204142958576,0.82083030684375102,-0.57104062710953718,-0.012256000862512727,-0.09821929064325606,-0.1622562361501102,0.98184819843799531,-21.855989966833032,-7.9191367200445351,-6.672201245636324,,0.134264203633299,0.6086956521739131,0,1
-0.92131521065772926,-0.34704952713097992,-0.17531374255564966,0.35544922208378266,-0.93452230132301251,-0.017997745691488681,-0.15758849301500102,-0.078896730275120341,0.98434809535100776,3.3062057320918989,1.7985825647601958,-3.221445280565415,0.5958215893475851,0.4898329423837806,0.8067092651757188,1,5
0.22182719713178345,0.97340415121272383,-0.057245550171996389,-0.97412503320156663,0.22383213157212842,0.031298507407300565,0.043279490555045687,0.048821463289368185,0.99786940549331449,2.1547016581741945,-10.202530218241778,-2.9417273613399777,,0.1065124643877954,0.3181818181818182,0,1
0.97962064645905378,0.16045029954449788,-0.12082669575564609,-0.14759182929735606,0.98304583785099142,0.1088004255897141,0.13623524124031439,-0.088750110196684912,0.986693152395551,2.6552863436654528,-18.890828004606306,-2.5907152034325187,,0.2056683825577184,0.2903225806451613,1,5
-0.92386480205635868,-0.32855535852955414,-0.19627838368725914,0.36127199878720168,-0.91794121449130428,-0.16390994365971404,-0.12631852759459644,-0.22234051164766785,0.96675142951359916,-17.059710779672109,-13.764943708623804,-5.7942349679217688,,0.3769924786874562,0.4166666666666667,0,3
0.31584013785900028,0.94759842350459123,-0.04798161198647883,-0.9479803983844165,0.31727675828055019,0.025857744176707043,0.039726207925377774,0.037318714160574855,0.998513466097113,12.040478958935555,-10.262646246191085,-1.4347745217791348,,0.2353856953668999,0.717948717948718,0,5
0.95618239907938318,-0.17459925637419563,-0.23501131752401611,0.2081410727529307,0.96991419901702192,0.12626852489210702,0.20589442324661258,-0.16965124879807794,0.96375616224084282,-5.6302875311059157,10.316308229226168,-4.9224896269844001,,0.1420060879595093,0.3134328358208955,0,5
0.96442581983045239,0.23734648537291542,-0.11640225051726265,-0.19369952054712578,0.93412008625385579,0.29983355415447061,0.17989812056876167,-0.26662016116230342,0.94686343042574705,-19.784439062367383,-0.28112433190385855,-6.5624235902959365,,0.5337367426535945,0.4411764705882353,0,2
-0.20375015126473786,0.97575956248853279,-0.079869594163140864,-0.97871119183186372,-0.2050648789545319,-0.0085321979827751721,-0.024703822429950326,0.076430829064923683,0.99676880445056015,-5.2810036112144019,16.210001417822568,-5.1409343559636564,,0.3797072708847503,0.8791208791208791,1,5
-0.8103435574576906,-0.53097893661823192,-0.24779969280567243,0.57000698221329149,-0.81232227826661285,-0.12338782946399111,-0.13577687253324894,-0.2412340877643756,0.96092182605328424,-3.3721605436305935,20.540262937807558,-5.0400838442765714,,0.1159076734722141,0.25,0,3
-0.93951761890835739,-0.29582894449180797,-0.17260324261622045,0.31441637684865381,-0.94480562774218702,-0.092112256274926876,-0.13582704344178462,-0.14081037386341685,0.98067499860163077,15.856692451284681,-5.4976489167327296,-0.99430319412513901,,0.1560136566669642,0.4666666666666667,1,5
-0.77886479642834505,-0.548611463909494,-0.30396560751459178,0.61308051665491559,-0.76818026405036,-0.1844759117653601,-0.13229478063315436,-0.33003718516343183,0.93465156471629796,2.028999469828515,2.3278841505993388,-3.4183281069816673,,0.5160918362898829,0.2421875,0,1
0.97833650223821222,0.11923325006056192,-0.16923687679786853,-0.095214704441602641,0.98504816602824918,0.14357670654560081,0.18382559246851266,-0.12435249367977635,0.97506133595237054,-3.1693202131645468,7.1378346291410431,-4.389621028828552,,0.1564435134948724,0.3194444444444444,0,4
-0.36819013873307277,-0.8860585525358371,-0.28166693667844361,0.92732577779329017,-0.37183764696750482,-0.042469590741364062,-0.067103826863975202,-0.2768338956409907,0.95857189122383657,-7.4258412230458966,14.786688317913736,-5.4606276013395023,,0.06973004936438568,0.2380952380952381,0,3
-0.63873811027715899,-0.71411041158703603,-0.28646107334602783,0.76147638438527498,-0.6400699829084775,-0.10229434492224068,-0.11030567756508859,-0.28347263896633013,0.95261530559527086,1.742826944180792,6.2936652692501189,-3.608127382590427,,0.4180394279963165,0.4411764705882353,1,1
-0.11939852034990053,0.99005281912198506,-0.074427203943616654,-0.99283573630992306,-0.11940888229409029,0.0043266078177990469,-0.0046036989679344312,0.074410578400428987,0.99721706352124062,-0.49885017400125325,-19.806562737580844,-3.0445411671699003,,0.1488228494378147,0.5,0,4
0.87409481751568696,0.47510859165939073,-0.10114383878243614,-0.45857497863192065,0.87577288053191282,0.15076753860685205,0.16020998397400388,-0.085403090437439474,0.983381448461777,-6.7552332682220584,-12.063048462871018,-4.2195469687075615,,0.138402166824465,0.1612903225806452,0,5
0.071768391013357552,-0.97663238491783788,-0.20257957148007322,0.99740224142652845,0.071527553902525243,0.0085192622954367563,0.0061698337652584048,-0.20266473240901492,0.97922874722349285,-4.9540258392520222,-6.6763498851822458,-4.0777131919463177,,0.1508061163105036,0.4368932038834951,0,5
-0.83633421961861976,-0.47161652569787593,-0.27950478669171314,0.52973595640052207,-0.82648800003058376,-0.19051877152099894,-0.14115555104684793,-0.30740110359937112,0.94105242782458709,-8.082134670994833,5.0245827847082722,-5.023127709321745,,0.4486730548037045,0.3132260947274352,0,1
-0.38866329820465562,0.91508565030046118,-0.10751322357209306,-0.91958569700447035,-0.3925350059121766,-0.016685772332480531,-0.057471614676142098,0.092382475327906707,0.99406362560894823,-16.846267450966284,-2.8815737647369959,-6.0587066484213681,,0.067868683196444,0.1842105263157895,0,2
0.66733214806568952,0.74436886425949311,-0.02414121121784326,-0.73806279892817395,0.66532083315322366,0.11230090743448851,0.099654949683104094,-0.05712427586702571,0.99338094813134259,-0.43432814630550881,-13.153176282005827,-3.2128361808102501,,0.2425598760043905,0.3548387096774194,0,5
-0.98016094137952259,-0.099055540544824697,-0.17167565022851,0.12804983269409989,-0.97760386375416575,-0.16701474761212107,-0.15128704287222394,-0.18568437053317141,0.97089316878772935,-17.294906058954567,18.186413694672527,-6.8160465398891921,,0.6598771332615854,0.2978723404255319,0,2
-0.94176115776091651,0.30101261485980185,-0.14992440571195251,-0.29926443655809981,-0.95354146557525132,-0.034633371770075423,-0.15338421934599586,0.012250678506344943,0.98809068517608889,-0.80280002720902155,1.6506972622186988,-3.8415607736878044,,0.1551913270562169,0.517304189435337,1,5
0.079870473317181667,-0.92365584274574641,-0.37480740608175622,0.99678329739661176,0.076503117597216272,0.023881604406830102,0.0066155516192690613,-0.375509197170391,0.92679505680448082,6.0980062473540588,5.081429867622715,-2.8946949824820267,,0.1080535458061906,0.2888888888888889,0,5
-0.15162882719461171,-0.94790359742095986,-0.28015615067314287,0.98826525132187482,-0.15067669320441743,-0.025066454769203047,-0.018452419713990312,-0.28066938579294315,0.95962711721028049,-16.500596278681634,-5.14128572913474,-5.9825323631598719,,0.1940419417877987,0.4473684210526316,0,3
-0.97579175966893505,-0.11880920385114743,-0.18361594386779218,0.13786478786613376,-0.98591154275729698,-0.094719217292757729,-0.16977556369757582,-0.11774040486673733,0.97842396487053962,5.2296110878541349,-10.332112235611675,-2.4622408488434493,,0.2472323184966877,0.7966101694915254,0,3
0.8407520246843142,-0.49601999132107766,-0.21702580767979127,0.52573255931585661,0.84372681438437624,0.10830668845455727,0.12938821068562245,-0.20515660091410959,0.97013888698316941,-6.9681873087577504,-13.112825027046625,-4.2557408579930396,,0.1242924310452495,0.1428571428571428,0,3
-0.87426514639046038,0.46497247981703177,-0.13950285595524076,-0.46469545096555148,-0.88471520800910419,-0.036566905383586805,-0.14042290289974591,0.032857171670875276,0.98954626703909143,-2.3346622696849457,9.8312862152001994,-4.4188621379390209,,0.1278449198281492,0.2,0,1
0.30830612195898582,0.94482278460314018,-0.11071242413288609,-0.94970137364329688,0.31241781736758956,0.02150368087810255,0.054905701549537243,0.09851402481900981,0.99361982209057864,-12.357944629314794,0.85668116536323513,-5.4452825597714902,,0.3675791866886062,0.3928571428571428,0,2
-0.5485305593865013,-0.80399691135239015,-0.22957175774678901,0.83043711931869624,-0.55584482563429405,-0.037559561675393351,-0.097408502076556394,-0.21124747655628828,0.97256675214187893,3.6691042513491396,-9.9880120595511688,-2.6695473409103756,,0.09608331258535094,0.275,1,5
0.70921622309820331,-0.67749883834324087,-0.19495556657320218,0.69583550859354937,0.71713045948299659,0.039202666517244349,0.11324881401001793,-0.16346017290234616,0.98002830469331792,0.62779078268418442,3.3623841645942507,-3.6807142479217472,,0.07615181049207725,0.1724137931034483,0,2
-0.7950692897988797,-0.55629123483275478,-0.24167102943247878,0.59445685465919218,-0.79379493200404039,-0.12849378924057434,-0.12035726969072198,-0.24582446577375078,0.96181311056755969,-23.071182283122173,12.344257146943551,-7.4018710224162962,,0.5404098257158204,0.6164383561643836,0,4
-0.91633258309650567,-0.35608254105275677,-0.18313880286028614,0.3692908000523582,-0.92832956506203401,-0.042761239790549591,-0.15478663428208581,-0.1068149923425895,0.9821566347881977,-5.7240615230276575,13.568976751522056,-5.1383093211493085,,0.1837432314899082,0.5600000000000001,1,5
-0.55766942599944824,-0.7731093483853918,-0.30217006262130314,0.82416182285794237,-0.55904411536728216,-0.090702628499333082,-0.098803345332640888,-0.29961911239493583,0.94892902075906116,1.4204587696943201,21.551031399234112,-4.4763562143272955,,0.4375267902848584,0.125,0,5
0.39965327982045973,-0.89730786571995791,-0.18739223582059955,0.91473676963160544,0.40364705829751812,0.018047011156831411,0.059446599673019199,-0.17862711564836337,0.98211936919218812,-24.889027705775288,-8.4623662029343638,-7.1200801359634234,,0.09077796840794192,0.2857142857142857,0,2
0.089350984747145215,0.99327106618294159,-0.073681684349079762,-0.99599010698270063,0.088772186776971518,-0.011099803936218462,-0.004484229845070983,0.074378007089706932,0.99722003777704915,-10.904802900475602,12.648746474727879,-5.7512915960140862,,0.2188731750551421,0.2432432432432433,0,4
-0.98613837594479015,0.037957821637528776,-0.16152494316824956,-0.027725364851061064,-0.99749097394664332,-0.065138782908902751,-0.16359219918091522,-0.059757515606918991,0.98471652352118133,-13.873065453343459,-10.478103627621893,-5.4060769857500777,,0.1113558785786438,0.2142857142857143,1,3
0.87980125480204696,0.45746774380678562,-0.12912403116798502,-0.45102002713442058,0.88917407750651489,0.077138803556331265,0.15010225572058541,-0.0096292921216984337,0.98862358335254408,-8.6918114769087715,6.7810323796367786,-5.1570677869765937,0.2769251274073838,0.1478326955741686,0.66723259762309,1,5
0.84158026169661271,0.52378960414135045,-0.13186020520274319,-0.52397515636639558,0.85096790021204516,0.036106347357706521,0.13112093133239089,0.038705082381404909,0.99061052788892567,-12.734753483546664,-8.8819021512710741,-5.2508729257596949,,0.0736364900121638,0.3529411764705883,0,2
0.20092663896294544,-0.91564311380675223,-0.34817549295338313,0.97881679638996444,0.20192250022581101,0.033837597542467845,0.039321302876976397,-0.34759889533891569,0.93681846859422246,-10.387973734585429,-13.271574671491958,-4.7255950019020805,,0.3016783094032987,0.4193548387096774,1,3
0.61109799056485203,-0.71368453436290546,-0.34236476357651474,0.78376031381452416,0.60610389820438848,0.13549108852910866,0.11081072338432944,-0.35113024647934732,0.92974648888306854,-16.000200996705768,5.4618414653616369,-6.1864523306630019,,0.4759493034297418,0.2631578947368421,0,5
-0.48415764452071908,0.87497202850120015,-0.0039146637971115101,-0.8718793745909349,-0.48281305858638202,-0.081962836830987373,-0.073605240404942748,-0.036269819395167519,0.99662769818321439,-15.28575288279831,-3.4590998152737669,-5.7728909174581693,,0.09236033332033804,0.3333333333333333,0,3
0.17311513907145226,0.97686794495486029,-0.12553950272301284,-0.98430741801770849,0.17602636926505352,0.012394521316956715,0.034206073431266915,0.12142378450300671,0.99201119403834526,4.8852878363154595,-2.5810795589319406,-2.823281247039358,0.2297753952930822,0.1450950718557228,0.5447761194029851,1,4
-0.9438250363928159,0.29423572132304593,-0.15039827451007237,-0.29270106689883219,-0.95564295388982046,-0.03275103230470492,-0.15336357492698691,0.013110491151951223,0.98808285528460049,2.6008924284890109,-11.909564452061909,-2.8081017108760151,,0.1110419813183779,0.3793103448275862,0,5
0.68034015254637037,-0.63032357643405201,-0.37393778336050471,0.72419598662000406,0.65656101901036701,0.21087389900020267,0.11259418189524997,-0.41427022256910367,0.90316262815502102,8.6994436737467371,-6.6105936364948814,-2.0745966376716929,,0.3678149364219409,0.1428571428571428,0,4
-0.18459018269681948,0.98176545701202556,-0.045420830792976,-0.98229928668728683,-0.18579388359552654,-0.02384835826928423,-0.031852406904392637,0.040214676878737865,0.99868323503398027,-3.1682225827005666,-12.523516421722091,-3.6274758758332473,,0.174062878126574,0.3684210526315789,0,4
0.70597632945686539,0.70128701902430557,-0.098964332941798086,-0.6983073078151899,0.71256561549579833,0.06794959503187524,0.11817074975861599,0.021136711217629427,0.99276830798549831,9.4247338046743163,-10.443495320382905,-1.8456353546948852,,0.1134355921778084,0.25,0,5
-0.98603106166363963,-0.0032585058284349678,-0.16652965974336825,0.009390198696715547,-0.99930600229566136,-0.036046330524754921,-0.16629663136369341,-0.037106548150289229,0.98537735638762169,10.487360743775712,-5.0919566639183218,-1.8061130871163957,,0.2455461159642974,0.3703703703703703,1,3
0.33795177521321523,-0.9044606095730261,-0.2602683295390108,0.93987736694087065,0.33878055697849468,0.043107648110714061,0.049184679957612575,-0.25918861846950664,0.9645735468658343,-5.0595323767394316,8.9740338305367171,-4.7886173448120948,,0.08286598125380147,0.3928571428571428,0,5
-0.44050523200796876,-0.85427671568180308,-0.27598266905282104,0.89442287614728999,-0.44406260391905383,-0.053067150149978697,-0.077219551915409246,-0.27022156990984786,0.95969653743120376,-15.880688301753205,-15.07467069696664,-5.5924539864598932,,0.6842279802953795,0.9666666666666667,0,2
-0.93570815561112142,-0.30321693483353107,-0.18030456997257285,0.31417067845355728,-0.94872263703566351,-0.034959158687398031,-0.16045881815240859,-0.089357978973661739,0.98298937902241712,-9.3249213428879827,14.028166805239051,-5.654110879404957,0.2666599085581243,0.1237972368000618,0.4393939393939394,1,5
-0.69307759433032834,-0.67848515542695631,-0.24351866889941923,0.709285511283129,-0.70215732572792977,-0.062363077300861817,-0.1286759951238628,-0.2159467151680291,0.9678892005219516,2.9599355809632901,15.539484467468505,-3.8086179773119753,,0.1358945161387562,0.5,0,4
0.94196294867442598,-0.27553900436628642,-0.19179171097160677,0.30728669740711639,0.9377237904806367,0.16201536459007235,0.13520609794387242,-0.2115475120143519,0.96797053738186123,-17.811275814212344,-0.020757000039468121,-6.2455196037553176,,0.2758106808074774,0.3478260869565217,1,2
0.30373047399479591,-0.83018646968566456,-0.4674807212257529,0.95177591870757872,0.28665533347110617,0.10932209456881729,0.043248118285552604,-0.4781413445242132,0.87721745019199004,8.4773036973086118,-3.624039696245092,-2.1533808308124263,,0.6945046918717563,0.4024390243902439,0,1
