axis_00,axis_01,axis_02,axis_10,axis_11,axis_12,axis_20,axis_21,axis_22,location_x,location_y,location_z,dbh,dbh_approximation,score,reconstructed,number_clusters
-0.81463886822591791,0.50853545237869557,-0.27884620859819914,-0.5488816885294916,-0.83131160517811986,0.087463747308194797,-0.18732967296349304,0.22430494593337194,0.95634454296410198,-26.230560773821168,-25.194191025908051,-5.1985333611667528,,0.1119112671696489,0.4,0,1
-0.16839118062371269,-0.87003600588514918,-0.46333762932829997,0.97371190700453913,-0.21996518947525781,0.05916449591349425,-0.15339339114100106,-0.44119458732234101,0.88420461640489822,0.96000943183706022,1.0260942213323472,-0.74482302371733611,,0.335466491155851,0.2554347826086957,0,4
-0.80457365128426606,-0.50875380389757174,-0.30631814617951875,0.51795488407077483,-0.85350048277437163,0.05709346697431418,-0.29048920414765222,-0.11272308070518547,0.9502155173169915,3.1292073703427938,4.4722145268042999,-0.44237685451793674,0.2932733168703322,0.3352660145396746,0.3472222222222222,1,1
0.23342007690380007,-0.88541745994228294,-0.40193406091992534,0.9704328026033493,0.1860016855884353,0.15382960894987815,-0.061443008793804842,-0.42595691635142996,0.90265467488001616,2.6246976826230695,-8.8530307688150458,1.0653168158288095,,0.2546146542317106,0.4444444444444444,0,3
-0.90427690615263323,-0.28689026825559277,-0.31619179461089308,0.30176507733299629,-0.95338019084720071,0.0020124120770196813,-0.30202833493106879,-0.09359586358590341,0.94869315335274595,-5.1764899817431882,10.179052774115661,-3.3623088614655874,0.6758166825234098,0.3939536827564215,0.2463768115942029,1,5
0.95713184286377007,0.0012976655123335763,-0.28964970471316226,0.042525251925527426,0.98852454593300576,0.14495111257460469,0.28651394089097032,-0.151054752166767,0.94609313681210194,3.8086221972814132,13.848703827418825,-0.98633628921512739,,0.1089238339419098,0.3870967741935484,0,4
-0.5568258459058677,-0.71218089256461148,-0.42748491622171503,0.78714653725495154,-0.61676208261785626,0.0022050697092699926,-0.26522689573034008,-0.33526543172650064,0.90401979185772741,-6.9486452243128456,-2.9547423028038855,-2.7048708525086433,0.4714285007256416,0.2563131156817183,0.2628205128205128,1,5
0.89946273313984237,-0.29338919334925173,-0.32386659741084883,0.36238329997754798,0.91495558937763344,0.17757987882643281,0.24422353610982686,-0.27709032948210871,0.9292877991868338,10.6612214332823,-4.7881557149717962,2.7627145211810977,,0.1340388457769771,0.4193548387096774,0,5
-0.48292138564073678,-0.80700237005054387,-0.33990308916459805,0.84520095079201907,-0.53106608701847513,0.060034689964663254,-0.22895914061486777,-0.2582943784748154,0.93854234106789813,2.3020319676081669,7.8500898713488541,-0.98363753744236937,,0.1122091167839262,0.4553571428571428,1,5
-0.79880627005003269,-0.43940876504528664,-0.41088742999771966,0.53223544268411216,-0.83456440012018396,-0.14222410345256259,-0.28041750387520731,-0.33229835878832487,0.90052419415970397,-12.393914327009989,14.283217472392224,-5.8129860545027929,,0.1783857886190165,0.1538461538461539,0,4
-0.90219216153437243,0.35516980235605333,-0.24475235475945281,-0.36772156703135456,-0.9299163492608219,0.0060359355056973339,-0.22545543419030761,0.095446293127527226,0.96956683747035843,4.8941246697343672,-4.4797592453301718,1.0632447989579881,,0.08991173560616605,0.4,0,3
-0.60921375552907886,0.75786439936105687,-0.23345267669328967,-0.78520979772176935,-0.61767148098715585,0.043903475225464436,-0.11092417967195019,0.2100559300668266,0.97137651433821814,5.8299430793051634,8.1682071756168995,0.15622293190225867,,0.1065080599999064,0.4230769230769231,0,5
-0.3166948528714183,-0.78716240851204988,-0.52922557835979689,0.9302320047795809,-0.36680458749688638,-0.011082051931073688,-0.18539899527374665,-0.49581219954409128,0.8484087902271743,6.6923828777696999,-16.931050113775978,3.492542293678333,,0.4192791810174883,0.4347826086956522,0,2
-0.95573580455729112,0.15311667789702149,-0.25124560660240036,-0.1267548191067164,-0.98488510061067303,-0.11804471368226983,-0.26552266893892873,-0.080972967988614711,0.96069823083768802,-13.612218165017094,17.946059110399453,-6.4370473613869086,,0.4550319699803411,0.3559322033898305,0,3
-0.94956278310958175,-0.11538509075521672,-0.29157640810702989,0.12500117401699304,-0.99205059407400054,-0.014502596036486222,-0.28758516552068586,-0.050218518783756418,0.95643759490288038,18.297191129610173,-5.0913264694685294,5.0555875370689876,0.8866865525086914,0.836766336606775,0.9206349206349206,1,5
-0.025695739407370449,-0.93638329913440355,-0.35003720670591359,0.99397731048460414,-0.061246371017874869,0.090873474011580524,-0.10653091203073924,-0.34559398018384341,0.93231752404563761,1.0659962248045607,-2.6301598095405643,-0.31067188699172554,,0.08403820916637518,0.16,0,1
-0.46572371053359285,0.85806892218161213,-0.2163773329924123,-0.88191644359208332,-0.47021172172418957,0.033530930125264792,-0.072971309216117497,0.20644287718218907,0.97573383998507812,9.8123887653608008,13.149528898217918,0.94259030121102716,,0.4058679200020171,0.3461538461538461,0,2
0.59602734473968078,-0.66270712737595328,-0.4533990159315287,0.79710715092236528,0.55640483823451192,0.23459293667469425,0.096806994948693492,-0.50123140296108681,0.85988108853181844,17.167209266717659,-5.8117970938308927,4.8167364356979547,,0.3260420347301717,0.1428571428571428,0,2
-0.90153555414279285,-0.3021817193101663,-0.30970930423737603,0.30366947207970768,-0.95173090186100373,0.04464462083692209,-0.30825070371903346,-0.053800547930228093,0.94978260917913648,0.83569233836487278,14.191946059206462,-1.9031156109191107,,0.09665996512837385,0.3571428571428572,0,5
-0.455372091118525,-0.75104967582855098,-0.47808016385138918,0.86569403783928756,-0.49890750149224494,-0.040806100086590177,-0.20787037181823859,-0.43245310658219949,0.87736777871514804,0.18474650703145551,17.482980395950314,-2.2503634700967132,,0.5196331481188006,0.4761904761904762,0,5
-0.7622537884547641,-0.54677364915349025,-0.34642133100855249,0.60804189000822217,-0.78836869345509997,-0.093594140709387999,-0.2219329222571319,-0.2819811691785033,0.93339830632326259,1.4964838479563209,-6.2450907133316589,0.20530705606772393,0.7193759088474572,0.3446737349912979,0.19375,1,2
0.87717577351998932,-0.38029224288131364,-0.29315605460899158,0.43240412046988019,0.89107238850583537,0.13790096099439186,0.20878060003333523,-0.24772526808302653,0.94606704445452194,5.6374521684295056,5.468681572257954,0.20637601443919859,,0.09984888724879376,0.1666666666666667,0,3
-0.90267716377595153,-0.3032996733612936,-0.30525930966366477,0.31007899261079952,-0.9503190654180429,0.027289049900098835,-0.29837050179077079,-0.0700212970596156,0.95187817582882572,6.9578508759720394,1.9455562201115943,0.90699569777649103,,0.116260351841099,0.5,1,4
-0.88867391361892345,0.41172837253881861,-0.20183761418467577,-0.40003163913735745,-0.91128674665894449,-0.097627624435076804,-0.22412800570724148,-0.0060176914421687959,0.9745411353285206,-26.905850583414306,-22.608000860690911,-5.753735630430092,,0.2331984730330303,0.3571428571428572,0,1
0.73148231672443109,0.67238458247274635,-0.1132810380090619,-0.62210302368878956,0.7261150330342051,0.2928221076336307,0.2791441352361273,-0.14372171740793671,0.94943278841031642,5.891986003659393,-3.2543518814168424,1.2250824967373577,,0.302884088382761,0.2903225806451613,0,1
-0.29671448216660706,-0.89956313477782679,-0.32054123388620687,0.93864940193914581,-0.33650813042237621,0.075495552179724507,-0.17577774691890502,-0.27847521381323481,0.94422123412883852,13.545017318268833,-6.8361573134345308,3.8233697149283179,,0.1105827412566528,0.3157894736842105,0,5
-0.90521275133802337,-0.29375076548234569,-0.30708364103869518,0.30543210577202362,-0.95215627831259686,0.010471410295287665,-0.29546760157200586,-0.084314349006802181,0.9516249192685351,-31.002249717822504,13.351315941900673,-11.088554460310773,0.2675894192094129,0.1200874356666745,0.6363636363636364,1,4
-0.95652305921032832,-0.042025745338887435,-0.2886130175990434,0.034867210407625263,-0.99894451795935713,0.029901967783709106,-0.28956504422548163,0.018538790889876644,0.95697878680513926,-1.063428921909839,13.725317901075087,-2.4842921046295623,,0.07215370458220062,0.2333333333333333,0,5
-0.56559696289337258,-0.70330351696429982,-0.43065559161752531,0.78718880672502567,-0.61608918307595073,-0.02771102783440197,-0.24583298829210073,-0.35468053445665088,0.90209082710385746,6.7197441052372184,11.255151414383006,0.16658892783887036,,0.1798769066046051,0.2162162162162162,0,5
-0.75439821194599277,-0.53441293434402115,-0.38116420794521433,0.59325211762206786,-0.80361730150241928,-0.047446366171740549,-0.28095420044843922,-0.26191992732853236,0.92328906032650204,-0.52425725302667514,15.019354679499777,-2.2807565248961805,,0.1007964466980417,0.4347826086956522,0,5
0.87519250169508056,-0.36274443089741232,-0.32008524306755942,0.43165536840767516,0.88427666031046948,0.17812476232965616,0.21843014421443838,-0.29405996987532107,0.93049288348454584,25.906596404323338,-5.9974845992339478,7.7122557941063068,0.4930738046756598,0.5323518220042598,0.8225806451612904,1,5
-0.76561742423569101,-0.55371675712015811,-0.32745642853827844,0.57635732436684373,-0.81652523015498724,0.033147898410623725,-0.28573098249122653,-0.16335330239907636,0.94428465212557433,3.745023537497763,8.8353394939375978,-0.63069708610355513,0.3573480809726003,0.1982909523014807,0.5826086956521739,1,5
-0.50404796824425258,-0.7862162318699466,-0.3574908145016637,0.83264482183828914,-0.55231119347995739,0.040681030255254942,-0.22943026473140984,-0.27715768490331844,0.93303020922385349,-2.0967521965891578,18.112606654269538,-3.0302299387272829,0.5146314182049256,0.4989311820173656,0.6,1,5
0.3093116244769506,-0.83381126011676809,-0.45725824373751611,0.950955422523449,0.26959861245757516,0.15165873708494124,-0.0031785746300904802,-0.48174201670960565,0.87630732394513478,5.1170997926965667,-16.094380662174252,2.9179027181229507,,0.1554129717430688,0.3333333333333333,0,3
-0.60271368656755953,0.78462407490768427,-0.14526277258610773,-0.79362268457386143,-0.60837258058340049,0.0067703562736373532,-0.08306170329291182,0.119364417937489,0.98936994555955937,-3.3651427953685902,18.841643483943692,-3.4115005921202481,,0.30739341447096,0.2352941176470588,0,2
-0.45557434593776164,-0.77145905876176812,-0.44418795118484328,0.86230300179348984,-0.50636843171245927,-0.0049542368738304671,-0.22110076531147133,-0.38528162689060635,0.89591992921198627,-39.869960266352834,22.439975263544135,-14.138444840426844,,0.2053982136546165,0.2,0,1
0.11864470158353488,-0.92546070343997544,-0.35978593798888281,0.99183904751341034,0.093426336174137856,0.086757267918996087,-0.04667696020356768,-0.36714303220606442,0.92899260238641934,10.184068530005385,17.996767201738987,0.69109485708590146,,0.2412041576639308,0.5416666666666666,0,7
-0.80869608587907238,-0.39620641424552877,-0.43477709000655451,0.51400885803384044,-0.83537133032691246,-0.19480665884561352,-0.28601666830206673,-0.38101865804517282,0.87921513162299503,-15.354700348987899,19.724182774095112,-7.0817112101273629,,0.4031888741977098,0.24,0,2
-0.86930255680000323,-0.39278237930693338,-0.30005843971960022,0.39475740597351361,-0.91703076684079932,0.05675529135188738,-0.29745529944857135,-0.069112771420044433,0.95223094344628445,2.8639022833832648,-4.5355545933043784,0.44198505138527333,,0.07604112057668952,0.3214285714285715,0,1
-0.88203911876356711,0.41438397275393507,-0.22426082157937618,-0.41638104309487195,-0.90828165662228122,-0.040635688682631899,-0.22053076865149071,0.057535687778554272,0.97368158281330974,-18.093977285113041,14.103482765724493,-7.5000928262284408,,0.1052052596885492,0.4285714285714285,0,1
0.87914100053602384,-0.37501039525965368,-0.29407193783786401,0.44388960584806697,0.8689202127076332,0.21895132282808577,0.17341602866103825,-0.32302456159759618,0.9303666017264991,-11.946103317507326,16.484619172244827,-5.8760459289213021,,0.1456048558704884,0.2666666666666667,0,3
-0.47239195264889061,0.86836299834091391,-0.15096869273112989,-0.87967291683437765,-0.47518685950775041,0.019313413454382453,-0.054967285367450873,0.14192657137949699,0.98834986005755787,8.4142281636919627,-9.0012949025743083,2.6522063904102753,,0.4051061607007977,0.3235294117647059,0,5
0.62082950834321815,-0.71580366320013411,-0.31968083664740893,0.77659293400571505,0.61726841292499424,0.12602825578993981,0.10711739551871789,-0.32650393895683461,0.93910651228865338,2.0430662941888467,6.3274328337777161,-0.96022885694388538,,0.08735701555745436,0.4838709677419355,0,5
-0.18837602856992294,0.96723066675152203,-0.17023310240851863,-0.98065441421808508,-0.17586050593025465,0.085965122744861053,0.053210823474249491,0.18313361174115611,0.9816469266064205,1.8047298025048779,16.610396472480652,-1.6808509781344179,0.414642832293158,0.3540470005782378,0.6413043478260869,1,5
-0.85350553277399988,-0.41971827508619197,-0.30881203843574728,0.42831789822336047,-0.90260603976752585,0.042966440819619436,-0.29676941147243047,-0.09559762828571905,0.95015209828766467,-8.8444649819091854,11.449890949582276,-4.5368369513884943,,0.0807713058472571,0.21875,0,3
0.90167461308903019,0.39803998111597549,-0.16895876876901758,-0.31284607173271617,0.87022775169693545,0.38056667691471091,0.29851336236784548,-0.29028922406746649,0.90918751579536783,-27.842981556288436,-27.910228086255845,-5.4044431497197598,,0.3012895909983105,0.1666666666666667,0,2
0.26538320737488474,-0.90974649746810088,-0.31926957823749164,0.96405882044572289,0.24601238332461012,0.10034190536237003,-0.012741427087443396,-0.33442370967901186,0.94233669059434766,7.2068638406218932,2.7629794882051995,1.0399936051248537,,0.1053669218359044,0.2631578947368421,1,5
0.054682579623626139,0.97413986355188753,-0.21922897099793986,-0.99375922226565616,0.074472956215765468,0.083044487802882594,0.097223575575393364,0.21331972490042833,0.9721328465393716,10.717676295604967,-5.7923170503062744,2.888298291001739,0.2023265697612009,0.178983895734027,0.3928571428571428,1,5
-0.71367211255124408,0.68336658448207432,-0.15389030827167097,-0.6843450906298334,-0.72708068236951295,-0.055004347609344598,-0.14947880350568371,0.066059008003365727,0.98655577377263448,-16.34794711427034,10.408357109677654,-6.6120753703874362,,0.327224605678947,0.4,0,2
-0.65703794841835383,-0.60822422123726505,-0.44538121989877794,0.70430876913275098,-0.70592193771120548,-0.074989169756484467,-0.26879414439475896,-0.36295662903214748,0.89219515431362328,-24.5605912503576,14.892209344530713,-9.4730475538907903,,0.4570664865488867,0.3823529411764706,0,3
-0.43096391171461867,-0.77058327687856354,-0.46954394916208658,0.87553525629573703,-0.48303175302168838,-0.01087844455569644,-0.21842188943141902,-0.41579049889083386,0.88284208058367897,2.1875753118777177,-13.556199366653312,1.6587954691255833,,0.5339015093482511,0.4507042253521127,0,4
-0.0030812850002687998,-0.94212041054091578,-0.33526055199644894,0.99510353673214602,-0.036009446884881502,0.092044939666553804,-0.098789963386579693,-0.33333534432649264,0.93761830792536083,-7.7519942981488441,11.762218090944932,-4.2800980042438939,,0.06711509644518707,0.1219512195121951,0,2
0.48816080393683714,-0.76456841210048743,-0.42087310762019525,0.87194561268167003,0.4480002831288743,0.19750087301487015,0.037548342505737353,-0.46339064463429558,0.88535825090213283,-10.39028402553244,13.159722848162696,-5.1649688897135659,,0.2479873281710515,0.28,0,3
0.58173626873911821,-0.75079496316954109,-0.31287351583784789,0.80861734980577993,0.57538857180936687,0.12274352538628801,0.087868624813216931,-0.32439931367132163,0.94183023420519352,8.2815134241360298,5.6448605159236385,1.0343659505040428,0.4860925222370911,0.4307055298412471,0.3888888888888889,1,5
0.55900090998440344,0.8057280092299155,-0.19575586269383524,-0.79384403552667704,0.58823261831659113,0.1542531490995544,0.23943606640464687,0.069171973304269357,0.96844494330543363,-4.3336859990411192,8.6156786293510077,-3.0428902765485182,0.6780030884168814,0.3807757065225338,0.6224489795918368,1,5
-0.96351729759609794,0.017680837893767232,-0.26706142590139514,0.0028447736177299528,-0.99708272163516698,-0.076275510353399342,-0.26763094831535444,-0.074252502907188128,0.96065615144849903,-2.3425347595698796,6.9611207495437872,-2.2548360875422344,0.2178727280936288,0.154352912941125,0.2666666666666667,1,5
0.43359701085403773,0.87490925886801163,-0.21570215790638736,-0.86769731255618177,0.46995933892622233,0.16198639924021455,0.24309464404059916,0.11692736421837553,0.96292937723164296,-30.633631594683791,11.818691960441356,-10.827383288479837,0.3616250428492246,0.1751901041580222,0.4705882352941176,1,5
0.52836684766586872,-0.74997476790670781,-0.39795266275137869,0.84589300548320934,0.50518079522617321,0.17104790968975525,0.07275642626061285,-0.42700141877742193,0.90131919473616717,-4.7839259373624721,19.90918848873493,-3.9811062512238276,,0.7327888187961701,0.4791666666666667,0,1
-0.85753584421557116,-0.4222394234439823,-0.29384714593676114,0.42222423859791425,-0.90402353628607812,0.066844133483983617,-0.29386896438021204,-0.066748147019272952,0.95351230544948617,6.7457870263106585,-6.5877280798234832,1.837678478309283,,0.1374065036807669,0.4,0,3
0.69917178889643283,-0.62222471623764364,-0.35212953882676079,0.69905191995475702,0.69825463100454976,0.1541651176118298,0.14995073463951827,-0.35394473125572212,0.92316732199389762,15.830870135973466,1.4749615592863614,3.6693650672906881,0.343006417797423,0.303311055838802,0.4,1,4
0.87295656590560466,0.44939431201686852,-0.18971448645050717,-0.40675933813856363,0.88529165515910435,0.22540081220512895,0.26924649464639622,-0.11959698003101767,0.95561649603179655,5.4460208810331059,-5.4733118239892899,1.3516057789264042,0.6851138505854273,0.4822015617103527,0.15,1,2
-0.64987540859504045,0.73834854095955593,-0.18028695284552684,-0.74337881132407091,-0.66688336512349988,-0.051522036023137374,-0.15827158992643572,0.10053859649136172,0.98226376011624628,4.2203934037949153,-9.2155028431390846,1.5456631000508461,,0.7394883426155126,0.7671232876712328,0,2
-0.73856149713286312,-0.48930033044538324,-0.4638017912631473,0.61313020496953519,-0.77355289043715825,-0.16027250996454384,-0.28035382413457677,-0.40274199225106599,0.87132119277035958,3.0469998617381671,11.410811241491061,-0.99674821903300836,,0.3044258086033433,0.1818181818181818,0,1
0.3183497918584276,-0.88832575096129851,-0.33095433250335626,0.94797329025279764,0.29840201164272806,0.11091835021699292,0.00022581182897924088,-0.34904670121148473,0.9371053032516673,9.7779707990674467,2.7543810717549033,1.721434563779215,,0.1973558816416942,0.3888888888888889,0,1
-0.45058785165708287,0.87157468570428176,-0.19320495640261912,-0.89159167380101412,-0.45028278906616048,0.048059307938279436,-0.045109590418906054,0.19391487078169858,0.9799806874331537,-23.895169884865911,16.270678924821233,-9.3632817670631923,,0.1029410804161612,0.25,0,1
-0.34814794937146332,0.93468153554083755,-0.071857027961557296,-0.93738487527641778,-0.34793163405966643,0.015911430595202617,-0.010129212775960364,0.072897223126764638,0.99728801953545332,-9.7550845658744123,18.667290928088537,-5.3102773622875388,,0.3774194593497755,0.5333333333333333,0,1
0.8752283798191155,0.44253469772306553,-0.19529035938919803,-0.37605655313064812,0.87644848407724996,0.3006983930888022,0.30423141193292841,-0.18973954798577647,0.93351065978030012,19.647895470924791,-5.0146016030660823,5.3925977030812691,,0.08048362681665418,0.5,0,4
0.53112985987864636,-0.72010776143373023,-0.44648167248857129,0.84147003345121207,0.5099630422546888,0.17851016312232529,0.099142598054045586,-0.47051302581038601,0.87680570127813917,-9.91820348727836,14.096035381045647,-5.1569988155509598,1.776454975650691,0.3531563431905373,0.3142857142857143,1,2
-0.94684284410021125,0.20488966443986184,-0.24800978606084284,-0.18657767324578939,-0.9777897886395186,-0.095477228062372757,-0.26206373351231127,-0.044128841339963386,0.96404110127088549,9.4241959801493902,4.2963531250023044,1.4127934207848483,,0.7781612430807279,0.3272727272727273,0,2
0.57449292167546284,-0.67195269489199794,-0.4673729332900784,0.81381090946201506,0.53001556896670399,0.23831764578710718,0.087576746830414928,-0.51726499251378166,0.85133262649467323,-6.950019527272973,13.798088077441307,-4.2039754473663988,,0.3875308220527658,0.4700854700854701,0,3
0.69882322626862792,-0.62199654456762565,-0.35322287153218074,0.70191379527844111,0.69137426066732244,0.17122691285112823,0.13770665352596623,-0.36758934999894483,0.91973634664616388,8.0598073251499454,1.4242834183718427,1.3962285074597782,,0.183998598621163,0.2,0,1
0.46889021092168742,-0.80872669854402734,-0.35510997896974589,0.881765499653546,0.4519507806975388,0.13501887070931037,0.05129886667897976,-0.37643275480351479,0.92502259831232714,9.2715199688178558,14.468631562341409,0.72287801522749662,,0.1639366340188607,0.2352941176470588,0,3
-0.84320748228733855,-0.39111533457342795,-0.36882236493488946,0.45396320902437409,-0.88552485176692952,-0.098808611747416605,-0.28795580679496935,-0.25074794508564718,0.92423315314285548,-3.0771315635131229,10.416842174376436,-2.8017911065428454,0.4975599892891355,0.41106240842479,0.46875,1,2
-0.77683629603483362,0.61014740278090818,-0.15570971723882243,-0.60620929786040567,-0.79154230982626017,-0.077272627381914996,-0.1703985221487434,0.034364496717142132,0.98477582475145242,-19.107259862512343,17.794000508080174,-8.0786008773084745,,0.2444700490695808,0.3684210526315789,0,1
0.25447132982165044,-0.91873891202956648,-0.30193236630333037,0.96676492651690882,0.2336992587461128,0.10368333192115567,-0.024696541368294932,-0.31828205727663184,0.9476743179279461,8.3494533830357209,-6.2153940154754137,2.2757583236540779,,0.07452029344462913,0.3103448275862069,0,2
-0.20399303569023799,-0.90295301478818846,-0.3782362944969751,0.96202196035746113,-0.25648013142177317,0.093443512219188299,-0.18138519559178171,-0.3448097957871718,0.92098079000017141,-7.9516248178024425,14.065787590087425,-4.56554244044748,,0.1531363796355062,0.1578947368421053,0,4
-0.82537958266839961,-0.46605996247070119,-0.31864816945331481,0.48106091207383683,-0.87598200803005155,0.035155660743732671,-0.29551470925967144,-0.12427241443477609,0.9472208948401234,15.353852921939673,8.4109580033011788,2.9917981662700344,,0.1015243986911774,0.4117647058823529,0,3
-0.23142411461981593,0.95929165424509277,-0.16187155793451793,-0.97245184239219162,-0.22332648899159527,0.066803394694577467,0.027933732304633568,0.17287221121510701,0.98454807154812551,10.935213894392088,9.5706043120911257,1.5147786870229498,,0.1855710012074773,0.16,0,3
0.80799487693986982,0.53189274061018577,-0.2534450459667964,-0.49917062543882312,0.84649752291186575,0.1851232843353067,0.31300633466104189,-0.023066343235593582,0.94947089385183314,11.537448966112086,11.704779893172113,1.5918931262869775,,0.3990078193951008,0.25,0,3
0.7225314232708433,-0.5640336547181336,-0.39976790607990936,0.67167016087962239,0.70966066720443299,0.21269915939397058,0.16373007472713141,-0.42219400015663999,0.89159670752060516,23.975995365730331,-4.6645997770033212,6.8747931302378822,,0.2009047236755609,0.2380952380952381,0,4
-0.46977023177353222,-0.82834869201956396,-0.30521201445703489,0.85356414924340929,-0.51443057019652005,0.08239800709762643,-0.22526467203229836,-0.22180990256695668,0.94871291477317854,18.855639454805839,-1.2249895774290991,4.6892666639459177,0.4794431580575815,0.447608131536645,0.8157894736842105,1,3
-0.77629828606985618,0.62512364527533582,-0.081125823032375796,-0.60696400659668881,-0.7760038018826243,-0.17150158646440561,-0.17016364400511297,-0.083895933044394466,0.98183797373981829,7.1636954441935687,-8.6084336658932674,2.1237069183606803,,0.3807600771030325,0.103448275862069,0,1
-0.15739533040203524,-0.85624655743479139,-0.49200461669450252,0.98260189161863876,-0.18552796366914967,0.0085379906449623844,-0.098591239748311063,-0.48210082719058778,0.87055072216789497,24.334133428865993,-3.3620394250422403,6.9437054749917237,,0.3175750980246863,0.3333333333333333,0,3
0.90494241687781574,0.39462045670093671,-0.1592291345466722,-0.31478355910708911,0.87257735583777862,0.37352385331465077,0.28633989077879429,-0.28789486489393157,0.91385229316147865,13.324943822755481,-1.9381696431934159,3.1730244469923115,,0.6910045220424562,0.2602739726027397,0,2
-0.22831627444418306,0.96585658442488387,-0.12244483307606434,-0.9731544441211768,-0.22265412406349866,0.058271510403624271,0.029019074953071274,0.13246206762923868,0.9907631876125873,-10.490293049961249,17.292650640291761,-5.5004839148863365,,0.5781470123350021,0.1304347826086956,0,1
-0.37661954516461932,-0.82189932316800085,-0.42736310179515785,0.90411810229285494,-0.42662419438607113,0.023711893024468585,-0.20181222784153444,-0.37745635421915857,0.90376906638433852,-12.190963762970989,19.214425917868372,-6.0550841096855157,,0.5060594255653356,0.5333333333333333,0,1
-0.8728205770245534,0.44067534027036542,-0.20973670351209778,-0.44642850485640273,-0.89455553443347458,-0.02172523569759029,-0.19719490453406949,0.074670210204851303,0.97751651102871961,13.948333269881642,3.3675648017081925,2.850813445122296,0.5135477147568503,0.3891816837337208,0.2307692307692308,1,3
0.45386651017999813,-0.78825295676538198,-0.41552673450412836,0.88986835230171113,0.42516201641044954,0.16544357156940304,0.046254799846817657,-0.44485338703041866,0.89440816048306326,7.5662424297757829,-4.9026950554660402,1.9200302039515584,,0.8378464882989429,0.8315789473684211,0,1
0.21159697243893311,0.97465101831655809,-0.072678151800756097,-0.96437045149397382,0.22028932597026718,0.14649998344325713,0.15879657911928277,0.039089709106895652,0.98653719701892217,-29.152383248671516,8.600191642233872,-10.156523167626494,,0.2985681223365568,0.1764705882352941,0,1
-0.95542689728799324,-0.049673552038559082,-0.29101886909015257,0.051097893196881163,-0.99868997703236773,0.0027083363766737391,-0.29077216037557468,-0.01228283366986813,0.9567134799654281,4.864513732600563,9.3323093135510895,-0.25991399192838099,,0.08783693507202461,0.3636363636363636,0,3
-0.95356710109286769,-0.0042826742570509016,-0.30115019909432889,-0.00080922117279847122,-0.99985885523219242,0.016781381792454825,-0.30117956251120265,0.016245870705463378,0.95342904445510956,7.0744453802882257,-7.5731308449982286,2.0141484775663896,,0.1552188725268596,0.3,0,2
-0.65981453962777803,-0.6053015046683744,-0.44525819671510258,0.70281387840820597,-0.70678806283610696,-0.080642957220072267,-0.26588987497194866,-0.36614303581876978,0.89176333839691801,-10.705404105833864,11.302706003546884,-5.1119573739319479,,0.3538537623290269,0.2291666666666667,0,1
-0.95890318017156051,0.076581281025455736,-0.27320321823391536,-0.014148929104635321,-0.97459504776086525,-0.22352695740153813,-0.28338048426463713,-0.21047517734045784,0.93562583379331876,-25.952475646140613,-15.115087544881753,-6.3097656204013264,,0.5442355739776036,0.2222222222222222,0,1
0.90737777329550628,0.38226499520210344,-0.17475425594939106,-0.29551788847838573,0.87586462099313001,0.38148439454561939,0.29888920040470829,-0.29450745174901294,0.90770623372638426,-5.7291888629977086,5.2918640290914087,-3.1683313250513603,,0.5275665335205816,0.3345794392523365,0,1
0.39285049297422125,-0.84909023109288928,-0.35314907565012355,0.91931665030783427,0.37218718353874547,0.12780296114050382,0.022921314026384844,-0.37486328157359144,0.92679670558930216,6.4996565086259181,7.2021621507041234,0.40350675099987132,,0.07479031743764387,0.125,0,3
0.59025058599838298,-0.65632392073324664,-0.46993952462195099,0.78802703808705887,0.59469795923659652,0.15920968727927709,0.17497895008344128,-0.46429866288108895,0.86822181421254907,14.57570470201791,-7.0557285946678574,4.1741681204197416,,0.3172223553593737,0.1904761904761905,0,2
0.75706646925352494,0.6355101682500407,-0.15158227859089279,-0.58866465382121413,0.76415799064329959,0.26369772596202973,0.28341539561843204,-0.11040557679211861,0.9526207651209625,9.418382625481609,8.3268440940713813,1.1419168642580018,,0.3706283766174225,0.4375,0,1
-0.77054383967058704,-0.56941585011050955,-0.28640492451882626,0.5698471732073368,-0.81673313072895282,0.090670791092233055,-0.28554577624842664,-0.093341217115534808,0.95380869510299304,24.66594472578673,3.9790553224441827,6.222003469364898,,0.3245493266696624,0.96875,0,1
0.31246330211777967,-0.85265077738825767,-0.4187521183813338,0.94992733616523684,0.28147468967992767,0.13568365810077249,0.0021773460156920416,-0.44018024818111723,0.89790679264361262,16.175754986504355,-1.2490046403449213,4.0168731577656578,,0.3652901271330045,0.6923076923076923,0,3
-0.9327393229942752,-0.1514330679948668,-0.32720846758273869,0.19830766367927705,-0.97339285867722025,-0.11480598069028004,-0.30111696376366587,-0.17197199944715491,0.93795213392789922,-5.0610540069835537,8.0791996375777195,-3.1330556999776555,,0.1904355947943602,0.6571428571428571,0,2
-0.53025161299804935,-0.74946167217467397,-0.3964094207433892,0.81451333246879198,-0.5800997982847409,0.0072287800206810218,-0.23537471857349337,-0.31904768604574701,0.91804537790095342,7.0213312136410488,-11.290890032758822,2.6888464094475992,,0.2078568127883577,0.1,0,2
0.89709274668884798,0.35778934390410627,-0.25925159445397267,-0.32547505897399709,0.93193247740081919,0.15989947952211875,0.2988153105584303,-0.059064735284605208,0.9524813736875003,6.5395858926637089,-9.5446379081773305,2.233666540505078,,0.8712610838746033,0.275,0,1
0.18454368306614122,0.95952186056131816,-0.2127473340498805,-0.9712385146379573,0.21118373476689659,0.10998717131448212,0.1504638718239025,0.18633096703138993,0.97089721083176928,17.848235212851549,3.0127438803125699,4.0592141563345612,,0.1206995290961658,0.1851851851851852,0,2
-0.045282808327329831,0.99741614840553139,-0.055771804434380727,-0.99530151521324661,-0.040263064755528849,0.088055547415872307,0.085582481175805775,0.059497163935507053,0.99455302845018057,9.1275520523453473,10.512008966251326,1.0033750534968782,,0.3861043469818799,0.5,0,1
0.65556171375097771,0.75438615604010506,-0.033769320972081962,-0.70709672145238689,0.62893470286983477,0.32319555386378418,0.26505294938024543,-0.18799645502260628,0.94572948929583778,-30.667142507677575,7.0502154495667231,-10.353608139839595,,0.4627063395875155,0.3333333333333333,0,1
0.88849865694497643,-0.32448801005188299,-0.32446520297181786,0.38070980437035074,0.91600889533670016,0.1264426689070115,0.25618388213012777,-0.23587122545280489,0.93740844008368607,17.985382090234289,1.1355316925369596,4.3198605758745936,0.3542005618172635,0.2916864583104904,0.7818181818181819,1,2
-0.86182430633180995,-0.3697147521407812,-0.34723171955507803,0.41271557126292058,-0.9091136262982672,-0.056376162657073549,-0.29482998872709154,-0.19189428477236187,0.93608325549541138,19.199393337478117,-12.933863341420407,6.5641599838326163,,0.6152419116594728,0.2272727272727273,0,2
-0.95506006121917764,-0.048557351970381531,-0.29240804201260578,0.062126895978002701,-0.997371229376246,-0.037294498369795585,-0.28982844625771259,-0.053784889905443972,0.95556614494115477,13.063153068860338,0.76646060267329119,2.8584663015253198,,0.6594179448018638,0.2424242424242424,0,1
0.82772398289697136,0.54262629095085424,-0.14293255929316465,-0.49062979205807566,0.82346367873114334,0.2849385494376333,0.27231491931626606,-0.16572349917706941,0.94782926022479608,8.3237977314951372,-16.106582291231906,3.8408820643653452,,0.2824990308656948,0.3333333333333333,0,2
0.53875070947984893,-0.77462634935837182,-0.33121245736638605,0.83877817108285413,0.52994184530192889,0.12495127175378277,0.078732793357410541,-0.34513136553739515,0.9352462177268781,17.747366473917385,11.024991640428484,3.4965121310178766,,0.1485992761895227,0.4615384615384616,0,2
-0.48430985457942577,-0.79630206022546168,-0.36241825787057291,0.84469709416426608,-0.53348431517388417,0.043374008045113398,-0.22788326807315423,-0.28512718976649271,0.93100574745173392,30.820247625047198,-8.0572673426387915,9.3803572089576601,,0.331225562161938,0.4545454545454545,0,1
0.32474058302062203,-0.87137879613179881,-0.36775337849069994,0.94580023149114378,0.30014815904606212,0.12398792172046068,0.0023400535732945663,-0.38808514049517168,0.9216205552591139,14.387156955411157,-8.0673740924290112,4.3047277942823836,,0.5269028284944126,0.2363636363636364,0,1
-0.79634426475745468,0.59657774694752674,-0.099653418581206729,-0.57774212570958794,-0.79903299895866753,-0.16661423335262879,-0.17902471384832577,-0.075108311271992384,0.98097344174518497,10.525467603413142,-0.3705704182548476,2.2955323029375947,,0.6794255952754572,0.3269230769230769,0,1
0.94251960461847584,0.20979401233842285,-0.26008319303018945,-0.15609028334058292,0.96462494868963233,0.21244889223571406,0.29545324225076575,-0.15964078661943251,0.94192473207313121,12.21627028115841,-8.044753212960126,3.6522202333015339,,0.3848251235369355,0.7321428571428571,0,1
0.95758916915542702,0.085500161576336192,-0.27515941831353219,-0.02587699852667974,0.97662006771369625,0.21340952248235673,0.28697275839959302,-0.19723834746143495,0.93741328677761604,13.972202032963635,-10.337800534379054,4.5015083226089132,,0.1288067024344025,0.2666666666666667,0,1
-0.47095636866661261,0.85325271300685768,-0.22396407425923215,-0.88060765799505492,-0.46976367138060082,0.062066462211757073,-0.052251808512455089,0.22645507456768568,0.97261906608379911,15.955231366868848,-13.266935912443717,5.5759317303097706,,0.1350561701878127,0.4166666666666667,0,1
-0.00027952898687250627,-0.93494042800134325,-0.35480461940652852,0.99507823719377608,-0.035418357476646012,0.09254643060099367,-0.099091996280595368,-0.35303248581727237,0.93034877343435263,19.202247243878421,8.9878798079711917,4.0723092887280758,,0.3698789983437255,0.7317073170731707,0,1
0.93111563228144245,0.24765318489404456,-0.26775283253957632,-0.21095575405887279,0.96455263856549744,0.15854298239212555,0.29752537564144438,-0.091137848604044128,0.95035390429105115,13.208548088643997,-10.701394013137428,4.312297238943537,,0.07782766376006175,0.2105263157894737,0,1
-0.75283755069283076,0.64848384258355063,-0.11271347823083162,-0.6384476001867746,-0.76109467624562432,-0.11454062862721098,-0.16006337520672226,-0.014268836625347883,0.98700360496747475,9.1047730847713559,-5.8264216920902117,2.5232554704077099,,0.306224110409261,0.2258064516129032,0,1
0.32774612379950468,-0.84729995164853467,-0.41792974322341847,0.94475994209348546,0.29549475750735238,0.14181502071778876,0.0033361879316957514,-0.44132260334370338,0.89734231463139114,8.4483961167884285,-12.984378232592745,3.3097662721964918,,0.1757017215526261,0.3809523809523809,0,1
-0.95699159992764482,0.0085711608216191039,-0.28998898749796986,0.03631478736877819,-0.98816271442810666,-0.14904927384069303,-0.28783383033668608,-0.15316979146113444,0.94535215718665677,20.643479224999293,18.189091016023589,3.7554660713730197,,0.3798381385263166,0.1764705882352941,0,1
0.31574482428932327,-0.84506076115628392,-0.43148292653182357,0.94884392993588107,0.28090490869415102,0.14417915555087829,-0.00063447485218854965,-0.45493377784628547,0.89052504468777816,28.732707080489345,-5.4007675134535722,8.5658685036717195,,0.3833727432188597,0.3333333333333333,0,1
0.80141915131879082,0.53856878249652984,-0.26013652265623066,-0.52306055143630137,0.84203330473960436,0.13186194765910988,0.29006034446408263,0.030390462805083233,0.9565257008255823,13.628021717961513,9.9651021182821697,2.2640336627092257,,0.075940021558323,0.2857142857142857,0,1
-0.66409745530727804,-0.5901476509298148,-0.45902104522169823,0.698448975986948,-0.70873812012286075,-0.099294033191820147,-0.26672757224775717,-0.38654369376143766,0.88285920452588718,12.303563364589936,2.6027182292566446,2.5319652649235604,,0.2081648518637233,0.3333333333333333,0,1
0.93320613002336816,0.27068355080082313,-0.2363402932482471,-0.20191727350243269,0.93905290564544353,0.27822482825979789,0.2972469235301739,-0.21191992762529063,0.9309856125242425,10.650753004418075,-11.136453608701284,3.7479571192608985,,0.2387140480465494,0.1428571428571428,0,1
-0.51496650310076886,0.82486524209978695,-0.2332527235850109,-0.85451539018391587,-0.51553706301442126,0.063442766311807577,-0.067918691263861755,0.23198894162033745,0.97034436276142688,-6.2875557767533863,7.922045823222132,-3.5209729582506921,,0.2791054898334098,0.3333333333333333,0,1
0.014099622351983093,-0.86917540605324628,-0.49430285672015589,0.99539146902160847,-0.034694262799229922,0.089398722182272974,-0.094852643866877626,-0.4932853349137733,0.86468060826554372,6.3369962208453563,4.2320630753078889,0.53284180191115083,,0.5181046542635139,0.1111111111111111,0,1
