axis_00,axis_01,axis_02,axis_10,axis_11,axis_12,axis_20,axis_21,axis_22,location_x,location_y,location_z,dbh,dbh_approximation,score,reconstructed,number_clusters
0.89307945828098245,-0.25457458595781945,-0.37094590088171925,0.32710102068982871,0.93350665417774736,0.14686813428902376,0.30889157233601855,-0.25250169660869853,0.91696722392324903,-5.2320932779078317,-15.302391843801015,-3.6320091273763047,,0.2112517229078113,0.1666666666666667,0,2
-0.5750230440726759,0.79042706712382449,-0.21112449015550466,-0.8055165715457171,-0.59212888123971907,-0.022944301406488905,-0.1431487050260212,0.15687077344051939,0.97718985294033112,13.753147074242499,8.5551834469464829,0.045272518286433028,,0.1050899749736399,0.5,0,2
0.91542953104753511,-0.19970052230973037,-0.34944023104861599,0.27105821151443077,0.94770117514782282,0.16849311141418616,0.29751675525369553,-0.24896221402585592,0.92168410875454299,-12.254656121366779,-11.193358372779842,-5.5688591263673946,,0.1933969251962254,0.3125,0,2
-0.54554154514250175,0.83525222330633586,-0.068834191978649859,-0.82744026923890923,-0.54984160331147203,-0.11409124466719979,-0.13314286824825625,-0.0052853315593188099,0.99108276238916337,-3.5490316663431165,18.203461384261445,-4.3812587378534973,,0.1395743153329648,0.3846153846153846,0,2
-0.39645406726234944,0.90178318248514477,-0.17207923854464152,-0.91377648380624044,-0.40568687607797749,-0.020753221937672574,-0.088525195248827612,0.14901426228738934,0.98486447770294838,12.023745417623019,9.4049322330917633,-0.40622438231415753,,0.1195658142473396,0.3809523809523809,0,4
-0.20596860999133351,0.97841531441831531,-0.01674527425714387,-0.97779738214250234,-0.20645308616279567,-0.035908253774399483,-0.038590298955921469,0.0089775122147642498,0.99921478827173416,-16.01275589272403,16.711838337340211,-7.3390883437084584,,0.4519516797131454,0.45,0,1
0.20352106539934423,-0.93522267061764475,-0.28972009302344748,0.97830377353066533,0.20596326312069357,0.022379922706207488,0.038741484669224314,-0.28798904598521652,0.9568497305001179,15.641504116907937,-6.1029424871659321,1.241010493984015,0.1391393659060137,0.1079957869258002,0.4722222222222222,1,5
-0.76384881595374743,-0.53791670969542749,-0.35662389123066784,0.60609193224878821,-0.78775693106157041,-0.10996175347540936,-0.22178267747727429,-0.3001410185144664,0.92775417701895069,-4.8355076712334526,5.0764816712102077,-4.2828283081833938,,0.127073239573954,0.4826789838337183,0,3
0.93605635219403027,-0.21013121542618038,-0.28221158342761471,0.24308921423367749,0.9660992523139067,0.086947504862207786,0.25437401486877281,-0.14999035629675173,0.95540397402225352,-19.237156457998239,13.099754341331257,-8.0580630832826632,,0.07426632783630283,0.1923076923076923,0,1
0.88053998292627533,0.4049919566492865,-0.24623333145124288,-0.40116236906574376,0.91348796268632826,0.067885901870284607,0.25242442852021119,0.039003295714135841,0.96683020784917617,-3.0554451249432995,15.134582109934414,-4.1346524149115744,,0.1211945923746662,0.375,1,5
0.90583472690043632,-0.21902651683060337,-0.36261664670318905,0.34625352354359079,0.87595831041723704,0.33586535374257898,0.24407364662097406,-0.42979579259926809,0.86931216009504164,-10.42037875518292,-0.24565620818916514,-5.4319324958989199,,0.4237955273030182,0.2956521739130435,1,1
0.28429823244370744,-0.91219908177774012,-0.29507177132560725,0.95629834124008417,0.29174357727101791,0.019472227981745197,0.068322745633113621,-0.28771256546240276,0.95527665212973534,10.091230478976877,5.1344690787310308,-0.68478148225734614,0.2771451806639017,0.3024982311340595,0.8181818181818182,1,5
0.29179717017009327,0.94318456953065044,-0.15892538903525799,-0.95089949389362871,0.30398492042314768,0.058166319018606374,0.10317249630384741,0.13414930471163453,0.98557566936883079,0.54572100027522397,14.080711004284618,-3.2575819710815583,,0.3860287096774253,0.425,1,5
0.81775744791116878,0.56888566275884356,-0.087417727568513626,-0.53212374866447787,0.80515270300575326,0.26186531070340846,0.21935604047546831,-0.16762525928379718,0.96113719101747608,5.4894579630739537,7.3895826289588555,-1.8341566184157851,,0.4882315508931431,0.3709677419354839,0,2
0.75631497680648896,0.64925140332934628,-0.08037581186572737,-0.61581940580343864,0.74800830741685675,0.24748743699684936,0.22080334076752595,-0.13768147046804846,0.96555149909036775,-18.25899006786933,8.6760473813964278,-7.6884624878804786,,0.2576311420599124,0.3888888888888889,0,1
0.94624697122796309,-0.1690242544661609,-0.27576705902639154,0.19289078677555196,0.97928183534882141,0.061646016359153691,0.25963399973619666,-0.11152528125049938,0.95924569210551192,12.679931699444055,-0.10597155564038281,0.15990812223930237,,0.1036155753987905,0.2666666666666667,0,4
0.96227118173131942,0.021905731777055348,-0.27120898164464152,-0.0077546050821685119,0.9985569537291078,0.053140156748603201,0.27198168855537197,-0.049032122884474644,0.96105245018990137,-16.344203672276958,11.29628615792252,-7.2503623106954365,,0.302196262982698,0.8790035587188612,1,4
0.69965787649773181,0.70183526917089301,-0.13381371679504597,-0.68078162988715518,0.7117022442102714,0.17325209376585318,0.2168299524117302,-0.030119271802013299,0.97574463934127964,-9.7874675911610076,0.88557282986750174,-5.3061237518339768,,0.33192977129211,0.2218844984802432,0,3
0.96043107549292905,0.090784187125318286,-0.26330662846857905,-0.081498417259395023,0.99561136502083236,0.046000193755767513,0.2663271619863597,-0.022720942087638175,0.96361486164283572,-2.931749441102959,9.7680558631438075,-3.8886535129722026,,0.0671787716577973,0.3015873015873016,0,5
-0.79497268876861826,0.58727440657461316,-0.15207628182734584,-0.56734904415303222,-0.8084938434212996,-0.15637380614571286,-0.21478707179584852,-0.038032571991548317,0.97592009778315048,-7.9012869803411228,-12.578297048408439,-4.3930826675999759,,0.4202321407900821,0.4545454545454545,0,4
-0.068802165022258541,0.98706271193684025,-0.14482218335649139,-0.99762778453318057,-0.068400690685287188,0.0077555812931278008,-0.0022506922642939477,0.14501223471716773,0.98942730211302832,12.251026184703068,-2.152037449826945,0.19787111850358896,,0.09681595727806928,0.1666666666666667,0,5
-0.91961087704842315,0.32200896289608444,-0.22500236138498075,-0.30477401978068042,-0.9462215328325263,-0.1085246869186416,-0.24784800116392858,-0.031225608379211525,0.96829557971747093,3.9196788103754483,7.6446878826667319,-2.1622606649035254,,0.162738982164497,0.2571428571428571,0,7
-0.19308737586656127,-0.91645724661678252,-0.35046166752520869,0.97652462169388421,-0.21425314551990685,0.022254277351571077,-0.095482608398494859,-0.33793742728264098,0.93631264369066836,-8.2287912445674802,-10.899645758446562,-4.5413691026783258,,0.1276348570470531,0.1764705882352941,0,4
0.89520344393389273,0.36401182061124404,-0.25711123745216763,-0.36668199060514667,0.92951663542710194,0.03928284905817718,0.2532885937715012,0.05911191859149785,0.96558307221372097,-14.710133818873397,16.546914984091163,-6.9773674047326004,,0.09377527860132318,0.3947368421052632,0,2
0.10275743133848542,0.98036578819302378,-0.16829685572044006,-0.99359019279681005,0.10917556181210633,0.029312548183465365,0.047110923178319102,0.16420602316505051,0.98530043279885182,-5.5888802878334811,8.9302080106426818,-4.4868101267728386,0.423882351134251,0.394769755699324,0.4,1,1
-0.81751690917975572,-0.50622180365701108,-0.27460078060235177,0.52526961656986626,-0.85092189614764335,0.0048740706852165921,-0.23613117776719833,-0.14025481153508132,0.96154597119822327,0.58158799283249807,7.0250182042983713,-2.9558569663628949,0.3078893884576425,0.1918649490652585,0.7771084337349398,1,5
-0.85126226109031622,0.45777639568387057,-0.25650211382771448,-0.47322203346273889,-0.88094153537850706,-0.0017083004268491674,-0.22674538559536767,0.1199282402090608,0.96654216013144789,2.1742284353162766,2.1364016938746442,-2.4367220708152248,0.2185090687918502,0.1251039158685188,0.5359477124183006,1,2
0.87905358160933522,-0.37353197003246419,-0.29620713702317675,0.41360752628219799,0.90654783215109835,0.084260561503388051,0.23705192440164188,-0.19658304958925504,0.95139975286504463,11.410436099188239,2.9297251625911001,-0.25232958501947228,0.1423887583847251,0.140068970872755,0.4444444444444444,1,5
-0.8426340109784527,-0.36606347492681102,-0.39492462048709259,0.48021496677586301,-0.84266637100233366,-0.24353022988166312,-0.24364217456512532,-0.39485556790586951,0.88584850356418832,2.6199340953428063,6.0479882914916976,-2.4606926262515945,,0.5790529437451477,0.4010989010989011,1,2
-0.4579750674721178,0.87302219214136956,-0.16760396654788334,-0.88208947798240789,-0.4696867779399031,-0.036228213606971649,-0.11034940147834697,0.13125007678895639,0.98518852355082831,20.108256907665346,-8.9936552961832295,2.4303194837261137,,0.1561616158176204,0.2592592592592592,0,9
-0.94351140172314729,-0.17577135489716086,-0.28087482196885555,0.22075109878372659,-0.9656238050079009,-0.13725749374019386,-0.24709347867598072,-0.19150743588612498,0.94987878952849714,5.4787225821763768,-7.7142705026690832,-1.1937764549199923,1.038349241258401,0.6782924995122315,0.1818181818181818,1,3
-0.88796571169681038,0.42075874533348462,-0.18568514500672709,-0.39398002934141152,-0.90421102095313699,-0.16487014910840256,-0.23726911162415981,-0.073242800412587378,0.9686789255768935,-4.3694603836478842,14.187623189839524,-4.4288831936287973,,0.2805300298713757,0.2916666666666667,0,4
0.65826680187222364,-0.68052957749285903,-0.32181409495282248,0.73468105267148776,0.67396290917831958,0.077574144516132912,0.16409926385705834,-0.28749520206307028,0.94361959517184968,-1.296742359192532,11.917663922623124,-3.5701262076842495,,0.2549405500514334,0.25,0,3
-0.75569981696249122,-0.51218482404444143,-0.40814763586406033,0.61662960452037718,-0.76641384850564409,-0.17993816617885999,-0.22064840237785585,-0.38765515453471333,0.89500713052509673,-13.090099893119751,16.76640584140107,-6.5936047450811772,,0.3486854430307593,0.2083333333333333,0,1
0.72603544750260984,0.63875739619394822,-0.25467924488896626,-0.65214705739842149,0.75705588210793129,0.039630883063133622,0.2181209400682721,0.1373148942151253,0.96621316247007538,15.31732624087021,-8.905568339140979,1.3016399814531128,,0.2253637222345851,0.8360655737704918,1,5
0.57030044265274304,0.80814684416284621,-0.14716006040945609,-0.80327875689864581,0.58613092704940239,0.10580063833253593,0.17175751461129432,0.057872399516849533,0.98343791951943316,2.9485979523781611,-3.0769414948537213,-2.0159649033293885,0.4526555750934901,0.3316294792504989,0.7321867321867321,1,5
0.94465663100238351,-0.15437362669072124,-0.2894695716056877,0.19687109794023094,0.97258259872343344,0.12379361637895825,0.2624225986820391,-0.17393065297044819,0.9491483064612396,8.979535257464935,8.5319538626929674,-1.0369101700756722,0.4139397718474397,0.1731901720405686,0.375,1,5
-0.023436887515519134,0.97784093327931298,-0.20803322212336048,-0.99969593867877415,-0.021327852175994675,0.012375496382934628,0.0076643651237406725,0.20826001038365829,0.97804346814558751,-5.2043959726391824,6.9107773807469881,-4.3601424781959262,,0.7329976968462435,0.9830373707924729,1,6
0.25964566588711163,-0.88269909391535861,-0.39169686976927126,0.96537570044935139,0.22667306604636916,0.1291087840197738,-0.025177076239401956,-0.41165717621601755,0.91099093524682928,-8.9864731207020974,11.844267030466748,-5.447313715952971,,0.551094197185246,0.8571428571428571,0,2
0.57661929676947998,0.80748533020624802,-0.12440911580256613,-0.79825541367028052,0.58925276114092373,0.12477771449215826,0.17406458898684443,0.027361012216359906,0.98435404904502577,18.76974047167214,-12.095238483189235,2.1560217508062354,0.6609039480844514,0.4884850055473083,0.2,1,4
-0.93924509396626465,0.22628376486993579,-0.25809748394083526,-0.19527737688324409,-0.97065078784043468,-0.14037020389791757,-0.28228602434038697,-0.081441425706031828,0.95586709046868401,-6.139752543221328,12.063973610833838,-4.8057910219062112,,0.3241922719642467,0.2962962962962963,0,4
-0.95839846849295696,0.13416421312210625,-0.25193717373122987,-0.10881783046219186,-0.98772763460550617,-0.11203927708671078,-0.26387697012785233,-0.079963014912752886,0.96123611089170313,2.9097011448344827,13.861997292987541,-2.67745274768874,,0.1433705656787654,0.5384615384615384,1,4
0.92259107149210495,0.32171940333475868,-0.2128904420611126,-0.25218427820368161,0.92056246899573835,0.29827475673170528,0.29193972773491655,-0.22149800494450672,0.93043529016029158,-11.192299008788444,-1.999874176063309,-5.6735270384839405,,0.2712687446962387,0.2857142857142857,0,2
0.96144862784686191,-0.045254478243256527,-0.27123526358185168,0.074999202195821013,0.99212469330467679,0.10031805722347098,0.26455936135653235,-0.11679308684178129,0.95727097479480294,-8.4454715008411103,19.098504402078945,-5.5982577833328371,,0.08960925853838832,0.4166666666666667,0,1
0.10469051815199375,0.98992754456375243,-0.095306620562512198,-0.98942315735286834,0.11335175357507142,0.090516272875861767,0.10040772431913916,0.084822381925031345,0.9913240905080517,7.3916198434614193,3.2075382940977279,-1.2163251691900616,1.055887476912921,0.6038692025306528,0.2727272727272727,1,2
-0.27631807765364974,-0.919176096209666,-0.28064857761718764,0.95639701662851562,-0.29174049598532953,0.013864688467786672,-0.094620645452598892,-0.26458039828942909,0.9597104491955587,0.5189785916918972,2.5185961010488627,-2.833760000518136,,0.08866902852533061,0.4903581267217631,0,3
0.53089473495365647,-0.76289983675454187,-0.36896425230417657,0.83723263626430577,0.53954395896949381,0.089072044511428111,0.13111938518925281,-0.35619679310658908,0.92516568862456972,-15.873073519286466,-4.1391927043931762,-6.7097706557089047,,0.3170809642154668,0.2727272727272727,0,1
-0.96210243722039457,0.097007486191528491,-0.25484985367344548,-0.062844557804928924,-0.98830409232082239,-0.13894453086112468,-0.26534781297172788,-0.11766294541917384,0.95694616851022785,-7.4370111153572189,6.0099524699560556,-4.8885875304715256,,0.07864080453485935,0.3192982456140351,0,5
0.50310397117281713,-0.78229053656414305,-0.36729812222815256,0.85746043269699745,0.50491569683452697,0.099104719611036549,0.10792590305028422,-0.36480358481282738,0.92480827416199696,0.60147928357820257,-1.7178436811947937,-2.6474431249393016,,0.1789262744694692,0.2253521126760563,1,2
-0.96584032715481671,0.039301032481713689,-0.25614037418444324,-0.0042371487291043919,-0.99069556399062275,-0.13603068058327011,-0.25910327865953903,-0.1302986121766902,0.95702025195536189,6.2185992303647613,2.3024234449896412,-1.4138962525111634,,0.08268321989368768,0.4444444444444444,0,2
-0.44514572597268615,-0.84495855722565316,-0.2964630149266374,0.88448182336972681,-0.46657147552116179,0.0017211503619399676,-0.1397754870383667,-0.26144998527662494,0.95504278355581484,-12.848144787133794,15.628313610515091,-6.5067908650662725,,0.07184892352155883,0.3125,0,1
0.83887551789196546,0.49944217407695829,-0.21643793621906485,-0.48998261196216852,0.86605000185199332,0.099370188018808009,0.23707573780591232,0.022691607379019027,0.97122612480222081,-5.0847815268669718,-13.360260146569447,-3.6650179687565463,,0.1299924513042028,0.5172413793103449,0,4
-0.23327975604633136,-0.92358815650218562,-0.30424574374649332,0.96877871768616985,-0.24775302617469283,0.009286236030861544,-0.083954461330551525,-0.29258051061233498,0.95254831543209462,-6.5273265582798876,11.357905634219319,-4.858631506520477,,0.1014444291159913,0.5084745762711864,0,4
-0.96422722804162408,-0.014734803889839701,-0.26466722172851914,0.045041922366429614,-0.99304162218969416,-0.10880975061269514,-0.26122227686914767,-0.1168384446712141,0.95818145458681769,8.2716751431959459,3.750228528337229,-1.0243229839868186,,0.1997890748735555,0.3538461538461539,1,3
-0.96214949029342012,-0.10879304462011373,-0.24986482699731558,0.12854825461233468,-0.9896290952144291,-0.064106163051563039,-0.24029919800997013,-0.093799399504246109,0.96615628553997868,7.8421551509893694,12.637679795516004,-1.5027814178873753,,0.1294472276577223,0.2380952380952381,0,4
-0.16773085955402672,0.96536798493778775,-0.19982745659799409,-0.98549440114446563,-0.16950334229443315,0.008330802117919818,-0.025829132122064037,0.19832617227227503,0.97979568550063001,-2.8438564631516727,7.4725861897013566,-3.8489769166384677,,0.1095829354995234,0.6150793650793651,1,2
-0.78147422553935963,0.57076104735510491,-0.25205130755416083,-0.58936170009638988,-0.80786657416304064,-0.0020939936880808121,-0.20481899637765877,0.14691298503596095,0.96771160660119848,-2.8622826478896299,3.4169011273153265,-3.7459348567260342,,0.08495220961281472,0.4765784114052953,0,5
0.34791431372201675,-0.88827784440832736,-0.29986347133425928,0.93524497662352934,0.35113568825504743,0.044950663333333342,0.065364088059045033,-0.29608478442322606,0.95292252383142884,1.8747305767774909,-5.6038355379174485,-2.2186549151739086,,0.1284525149396474,0.3076923076923077,0,8
0.21120342594814548,0.96978453630756856,-0.12211087587303592,-0.97442418392957642,0.21871142480016931,0.051602542912713906,0.076750391796685954,0.10808915672070731,0.99117410759082147,9.9390248935963132,5.0829624444134138,-0.69855060729317831,,0.1846327534980477,0.3333333333333333,0,1
-0.86433800401976169,0.47900460930211114,-0.15321357340152797,-0.44687401518336506,-0.87127339906383861,-0.20294402833698205,-0.23070203588401891,-0.10694507165398509,0.96712942375252553,-8.4626698710769528,-2.7000964865222765,-4.8453510343339019,,0.2889944704657609,0.2142857142857143,1,1
0.49654993898480776,-0.74693906922457587,-0.44217664452129041,0.85950498289735333,0.4942351559998876,0.13031805304096156,0.12119959764291205,-0.44476245057298924,0.88741028847512538,-3.3287086014829192,0.04567405257395718,-3.7072531944655713,,0.7593892814881904,0.6161073825503356,0,1
0.66873896189920579,-0.66717724035915205,-0.328119994490915,0.72219014892078881,0.68779097396772082,0.073382320284264863,0.17671895665078238,-0.28603864437393667,0.9417814525063547,15.18831247054662,3.2482537087310339,0.6813509762529234,0.2385724560426119,0.1698695298402218,0.3157894736842105,1,5
0.88720710408533388,-0.36848592150055925,-0.27763587685383684,0.41039451817072448,0.90525279199994835,0.10997146007813401,0.21080771787563649,-0.21150770253629422,0.95437131026235489,8.8416198855881234,14.297198957372641,-1.3864302730056675,0.3474406452680497,0.3108695541873486,0.875,1,5
-0.16507861641872815,0.9623541900872874,-0.21592467025034054,-0.98513048741484377,-0.17145494201990641,-0.011005708643320065,-0.047612741646218502,0.21089716849306053,0.97634799695320684,10.527808386092016,-11.552305921634092,0.18396948887129688,,0.5283464928317079,0.7407407407407407,1,5
0.67224192724153153,0.70100154026567829,-0.23809164580836947,-0.71327039958909977,0.69941867780979539,0.045374554552123671,0.19833337673875556,0.13932104534471645,0.97018220865745552,-14.349553436386712,6.2165220852495144,-6.6469120727977424,,0.09545078885626368,0.5263157894736842,0,3
-0.60360015432545167,-0.70926244745024847,-0.36416154977588355,0.77796501266864471,-0.62389282370817889,-0.074351755789017066,-0.17446286929248117,-0.32818367595344772,0.92836317358882581,15.850874678678649,-3.0925721721217885,1.1727576986258403,0.6652867541794271,0.6411515602502036,0.7916666666666666,1,5
-0.52712368799941034,0.81872473887240638,-0.22766295154945587,-0.84164510135783777,-0.53998815315335824,0.0068057192404805998,-0.11736328604063176,0.19519886375779691,0.97371621259862473,3.2441812764349138,3.4646868354949425,-2.1973740711170677,0.2984967873426208,0.2307709141577198,0.75,1,5
-0.29234964057034329,-0.90350812947731696,-0.31337636737123165,0.95125694804193073,-0.30839467770508994,0.0017150991585427339,-0.098193209848445984,-0.29760003819148245,0.94962745895855694,9.7178922762973503,-3.2985272150369771,-0.28768432178163184,,0.1131596134166461,0.3943661971830986,0,5
0.64771772290560403,0.74144881079136904,-0.17525813079582334,-0.73629737061301359,0.66829152276163406,0.10607837966947524,0.19577521156250588,0.060333254354487595,0.97879107319011416,-2.7199468199962711,12.241103673179643,-3.9427899946567959,,0.2598189247934962,0.3043478260869565,0,3
-0.34677224863341827,-0.844609041260311,-0.40790265382694041,0.93106435249166575,-0.36256736891964103,-0.040793069435435807,-0.11343799670744423,-0.39392952468179765,0.91211367191100423,-4.1035644880863416,16.078976263341264,-4.3967869297713751,,0.6050423644388742,0.2558139534883721,0,1
-0.82360816303892403,-0.47353945280463527,-0.3121377587110144,0.52405940755993341,-0.84584095643805846,-0.099573157828211467,-0.2168670816965555,-0.24558799451405788,0.94480432144808824,3.8740039365872678,0.55970124402573684,-1.9423186085011879,0.8906029020927666,0.61246290283885,0.4017278617710583,1,2
-0.95317614955788055,0.14914851767755666,-0.26307783560877884,-0.15309266818344933,-0.98819617434387441,-0.0055638081026159018,-0.26080234443440947,0.034971998609144427,0.96475856899578638,6.0558343890807755,3.5283511926206033,-1.5233954568084518,,0.0625213407035113,0.2222222222222222,0,1
-0.95185653785992763,-0.11506317096758867,-0.28412954443386162,0.15229544343590362,-0.98190412918993975,-0.11256277798813376,-0.26603614273623,-0.15041525111047702,0.95215546156675435,10.256709000222889,2.9357162286298366,-0.49701219251751999,,0.08866250682388062,0.4,0,2
-0.16612954267471253,0.96094810872539438,-0.22131359512640772,-0.98573633275059058,-0.16795875378945369,0.010664863848540176,-0.026923174889026676,0.21992860060160047,0.97514437561384415,-0.31781492923532301,12.709431984993332,-3.3755266841333862,,0.07732237743341855,0.3928571428571428,0,5
-0.024235196271109111,0.97431786832189138,-0.22386903924032706,-0.99963312747937538,-0.020908922406259314,0.017217067392928363,0.012094036030392481,0.22420416684909153,0.97446714970798343,-15.264664451210201,-0.28719353697923339,-6.635247131510674,,0.08537849835110972,0.2702702702702703,0,1
0.83770017826804266,-0.46850203487971176,-0.28064970094988134,0.50152926061470382,0.86334068232806427,0.055778732367990393,0.21616385469582347,-0.18747989105736279,0.95818812264197983,-10.865358380926763,12.407024535841199,-5.9578474325282906,,0.5156602585912585,0.8478260869565217,1,3
-0.91590649720543871,-0.26130623675762715,-0.30468728068042339,0.2979175471937851,-0.95125533875674739,-0.079739673693997204,-0.26899892834526867,-0.16380577254282966,0.94910865838993619,12.712872082875764,15.99885557723675,-0.57113308888650494,,0.3463145579635446,0.2962962962962963,0,5
-0.87829403531156613,0.44523269175957902,-0.17426255399438365,-0.4244612645449477,-0.89385143345201845,-0.14443770219951665,-0.22007322062674875,-0.052891068284655562,0.97404841381662288,2.0784062882757532,-11.665173002395267,-1.8983533668862551,,0.2822986710655905,0.2727272727272727,0,5
0.24254130733727194,-0.85234197274584134,-0.46334315116428854,0.9691126707986899,0.23485024700276597,0.075272789108470739,0.0446580959351775,-0.46728847939839646,0.88297629157807955,-2.2226237446024046,14.327545021529669,-3.9178560936949771,,0.3470462966889057,0.3448275862068966,0,2
0.34890936903876357,0.92588017577057291,-0.14494189288133399,-0.9311729447580509,0.3599594124998301,0.057846074226312466,0.10573173198047416,0.1147829319534456,0.98774778126026652,11.981763742367933,13.789388250803027,-0.65601928314768687,,0.3705003103995574,0.3684210526315789,0,5
0.65653738007837203,0.72529260544312801,-0.20714561315496671,-0.72866934861410182,0.6808208802168918,0.074323007548121975,0.19493498647017876,0.10214482635070914,0.97548284736311786,-5.2567087020085976,-11.32648856153078,-3.7438373903305471,,0.08315590802229593,0.3809523809523809,0,5
0.76307559298673477,0.63029821827019439,-0.14296781257808369,-0.60824410843231114,0.77513687515479524,0.17088572009574959,0.21852858839366227,-0.043439392498955086,0.97486320847285857,5.5223714071353811,4.2886992622412441,-1.6890356177714854,,0.3686299526200594,0.7869822485207101,1,3
-0.94872755347550186,-0.13254244228551856,-0.28696433623253326,0.18910123402564497,-0.96545642653669173,-0.179261294620394,-0.25329183280628431,-0.22433543958097976,0.9410190529323208,-11.961245345976248,11.908526012501691,-6.2020390474917102,,0.2352528856323502,0.2911392405063291,0,5
0.18262270076151232,0.97968067934693936,-0.082913905232424159,-0.98107997466546781,0.1870958923115443,0.049771582158428522,0.064273108505636473,0.072255751289895864,0.99531305322926256,0.99780872122476694,16.313524078618421,-3.2435497682983736,,0.3348262727255575,0.2941176470588235,0,3
-0.50253650134935124,0.8264262376406003,-0.25392270192079169,-0.85577233706477451,-0.51725235182968865,0.010183891267565902,-0.12292587980668306,0.22241780114428283,0.96717090000056094,-4.2553685616764971,-5.2336823976446087,-3.8200680788049466,,0.07982902267326422,0.4193548387096774,0,1
-0.41244608421215678,0.87943845130067655,-0.23764729746396335,-0.90579632905283225,-0.42369329202849493,0.0041236591117167825,-0.097063061421281446,0.21696083670543775,0.97134276002017172,-2.697607430067424,-7.6019501658009023,-3.2669654938347006,,0.07934897300691099,0.3636363636363636,0,1
0.63607773748536744,-0.70953568488566476,-0.30325603662470801,0.76493020207974372,0.63147884342441696,0.12694981785572929,0.10142434531086794,-0.31271965429309184,0.94441490881766099,5.0425524994981714,12.298542187618313,-2.1323172376257484,,0.1858157588434699,0.3333333333333333,0,3
-0.81601001382108551,0.52439416223680357,-0.24318392207477652,-0.53610297082282743,-0.84389527140113707,-0.020841678956803986,-0.21615101669584824,0.11336460434703845,0.96975626033688966,3.5180929671643675,10.424601686224523,-2.4290950353631806,,0.08901977002629602,0.3720930232558139,0,5
-0.81254286905163442,-0.45243838904277434,-0.36752359117982925,0.52132462028042514,-0.84611214334036089,-0.11097243433146747,-0.26075798404422756,-0.28176895679325736,0.92336965985721609,1.0175333678039553,12.888821564021283,-3.120534425129867,,0.5798105053594091,0.82,1,4
-0.15995351382943565,0.96730582477137561,-0.19681035231152191,-0.98696276790577675,-0.16032592572383242,0.014145398847831579,-0.017870875227156541,0.19650709632012028,0.98033952940522118,-2.0757929108750273,9.8897786576047544,-3.7633535265896572,,0.07796959778674968,0.22,0,5
0.39374012117914314,-0.86476275036992423,-0.31169552859557864,0.91331638054326525,0.4064078427865237,0.026188821144788196,0.10402839038062117,-0.29498822161952154,0.94982105846341869,-5.9149080398482088,-14.223724567539795,-3.8720970739668461,,0.5997613336962717,0.777027027027027,1,5
0.19116160409785884,0.969285081379614,-0.15473742964664089,-0.97898019465586872,0.19969433533428652,0.041472290833229689,0.071098660959907925,0.14355696935472401,0.98708478711780179,-1.1766865655545811,8.5001977612027755,-3.469861348961818,,0.07042288768612748,0.3243243243243243,0,5
-0.95279789992542507,0.13925408120483232,-0.26978595731708599,-0.13942481137903154,-0.99005741189935381,-0.018629093243470545,-0.2696977639314424,0.019865095291752517,0.9627400968690506,3.6209902934723552,-6.9044179846452005,-1.6725421737367341,,0.1070506766505747,0.3529411764705883,1,5
-0.78559082987555029,-0.47976663168339018,-0.3907314002465338,0.57515251995599814,-0.79905420582350872,-0.17524826659349838,-0.22813729814238617,-0.36240358066516787,0.9036686438719429,-1.6817864989690643,-6.9046431691365973,-3.001271717913379,,0.3066567001434327,0.2173913043478261,0,1
-0.93416417729780543,0.27670139438853358,-0.22533004281931418,-0.25426160552705007,-0.95918493041573116,-0.12375502098167297,-0.25037636831042887,-0.05831472890109942,0.96639074218706722,15.664590115205991,0.4413645944426357,0.98230624362102115,,0.4480953427945622,0.2142857142857143,0,3
-0.49839503947050867,0.834692127616113,-0.23428921598502467,-0.86038877553261539,-0.50940427709933234,0.015441418665218675,-0.10645909810193824,0.20927573812698397,0.97204430241770834,-1.1453373172695647,20.823132541513218,-3.9168559712550213,0.2017125746664138,0.2670814405146014,0.4444444444444444,1,5
-0.9121191578057849,0.36736831254717767,-0.18187678493943193,-0.33015132768745975,-0.9213389173707689,-0.20526738699624647,-0.24297889371275197,-0.12718145412873053,0.96165801350367208,-4.9349229325678277,-9.1917547016400984,-3.7727123558106577,,0.231708621208243,0.1764705882352941,0,4
-0.66405610010690663,0.70598930280610328,-0.24618813991368116,-0.72801072383855203,-0.68556197516315687,-0.0022724846443594377,-0.17038157731067574,0.17771854864853956,0.96921939496657983,1.5563064940267899,-2.9253036968454991,-2.3375483973743978,0.3842293615516809,0.2982759300419286,0.8695652173913043,1,5
-0.18216673104869763,-0.94463287938313212,-0.27291757965980157,0.98085498670056803,-0.19401173364748298,0.01682088795892631,-0.068838776599094764,-0.26462836279475183,0.96189035364791409,-14.396831039793412,2.0739869609080341,-6.5641678658370024,,0.1909774829986672,0.7638888888888888,1,1
-0.91133219487027328,-0.26082737860243443,-0.31850072082227748,0.32180506407140114,-0.93386138684450681,-0.15602695568027208,-0.25673942301666386,-0.24468753285002989,0.93499351866033487,0.22357254906879298,17.961394743843751,-3.4458076421995747,,0.1369279072146413,0.2,0,3
0.7392405764719312,-0.60218612186704601,-0.3014883824099574,0.64589802420283671,0.76071145367615178,0.064294840981114001,0.19062820470307484,-0.24226010582975072,0.9512995998606536,4.0367572617094769,4.6868988252107151,-2.0631528276516304,,0.07065497008409261,0.1746031746031746,0,4
0.070755380996179562,-0.93607662120548696,-0.34460736395585767,0.99744462076956819,0.06296867325168673,0.033751661985375506,-0.0098946732102784957,-0.34611487315838041,0.93813996291631263,8.4954747966812825,6.2978701079739405,-1.0583800099070726,0.715331509558367,0.5223957866607248,0.6708860759493671,1,2
-0.72527371544533359,-0.5875491019809238,-0.35883713638018561,0.65171647892872864,-0.7539331189571733,-0.082767646047531951,-0.22190914532047146,-0.29388927319812019,0.92972330632410183,0.7715118767228365,-9.2254880777681265,-2.3982920265360885,0.4873183616819605,0.1812779312013074,0.24,1,7
-0.550419764478292,-0.76373335601695858,-0.33726761448252812,0.81793431597223398,-0.57428086530277755,-0.034422993799596138,-0.16739634890491328,-0.29480985169116514,0.9407792587632543,7.6709973596437893,7.6471104833696613,-1.3367508694330446,,0.4557099747763683,0.3571428571428572,0,2
0.89046982143633369,-0.30279789400219659,-0.3396718011536688,0.38562543083075373,0.89842945649949346,0.21004175487416735,0.24157095067027121,-0.31802192861791573,0.91679088603148862,-4.290845488051648,-13.165395435367392,-3.4872667281066811,,0.4037675203417166,0.6842105263157895,0,2
0.10100852654879819,0.98672513943978091,-0.12716436907398856,-0.99379214901294466,0.10606083045994642,0.033589653204216738,0.046630913830566993,0.12298211024247115,0.9913127450182585,-3.2661396412365273,5.4743157533033875,-3.8688880281183069,,0.3813671466160062,0.346,0,1
-0.88852925944097538,-0.29328581560149453,-0.35284442107568792,0.36421298503791338,-0.91855317921507751,-0.15365206957163335,-0.27904239220420257,-0.26503487944200738,0.92297987845462615,6.9796363994873216,4.6547065133736583,-1.3520187255136071,1.761030574783682,0.3891403136679402,0.1111111111111111,1,2
0.64819165883640983,-0.6395463855541903,-0.4133134332918223,0.74331168305843098,0.64926301639518846,0.16107537791439025,0.1653339506687766,-0.41162842013883333,0.89622917185855011,-8.7855599281827033,2.481049080538646,-5.0934040622934287,,0.2390885961008998,0.2884615384615384,0,1
0.72382378344422027,-0.52987656725340448,-0.44193885775776987,0.66324374223261173,0.7109071109565156,0.23392053774891386,0.19022846503553381,-0.46243043051599447,0.86600879211646375,21.661898753020839,-13.805446877016545,2.9818300221294765,,0.3825814621068518,0.6,0,2
0.61779791479500146,-0.65654377986936818,-0.43275397351126854,0.7699376840212635,0.61687574480694518,0.16327975438752573,0.15975512260620048,-0.43406748390511851,0.88660234616053135,9.1884572075841042,-12.855800976093871,-0.048852153120302659,,0.1065025051815182,0.4545454545454545,0,4
-0.94694894741634794,0.26004569844702335,-0.1888489494444453,-0.21837448197065831,-0.95175670648231492,-0.21557309036608233,-0.23579710899652159,-0.16289691950781712,0.95805235608694506,4.3987046369991427,-10.42583352841444,-1.3654520846009544,,0.3757032507708721,0.1886792452830189,0,4
0.12359836541829773,-0.92530895894265242,-0.35850631035783598,0.99221075172396145,0.12089125735893992,0.030052089071233565,0.015532811377718166,-0.3594282047845419,0.93304345953233359,-14.235506279684101,13.592556567605925,-6.8538458208513742,,0.07585672528061117,0.2222222222222222,0,1
-0.9386536937526353,-0.16719722919358149,-0.3016195115613749,0.22207581000248158,-0.9621851681588538,-0.15774040949249374,-0.263840061052667,-0.21504601536672779,0.94028912226964412,5.353655583341923,-8.9885767957056402,-1.1677060965359349,,0.2437827955462518,0.1212121212121212,0,1
0.74566633268160842,-0.54008961473423178,-0.39023701562177532,0.6190275083145288,0.77821135824357812,0.10579237141964137,0.24654951684208731,-0.32045325705462008,0.91461633802814768,5.8471658117223955,9.6689483141123702,-1.862937379628431,0.8665581932622952,0.6095322494914981,0.1111111111111111,1,2
0.81743036499571853,0.54385060261121065,-0.18982655352291875,-0.52545841720983411,0.83903711415351012,0.14110341192290746,0.23601069926234761,-0.015596253151732783,0.97162529131415942,1.6161916247707349,10.533975940046075,-2.8869421552810199,,0.1881791627339874,0.2941176470588235,0,1
-0.85543581311556915,-0.35662286641181096,-0.37556584082092437,0.45128871824560285,-0.86905384796244145,-0.20269164296022171,-0.25410246441848061,-0.34287831732831509,0.9043596613530247,15.650649787706937,-4.5672737869134421,1.1448204450184878,,0.3997131299909324,0.5192307692307693,0,2
0.90873453877940757,-0.25472662096848936,-0.33062953074302343,0.33787598734094415,0.91403569922970529,0.22445168235512317,0.24503337570167558,-0.31567877518711718,0.91668181812917082,-17.369977108761383,10.866854174151895,-7.5427555525986394,,0.2387976270886791,0.1304347826086956,0,1
0.45713394646144312,0.8891260861072342,0.021985404163157075,-0.87864136970830875,0.44763444711674427,0.16617083135013108,0.13790539666631438,-0.095279613549371464,0.98585186352321164,-7.8745681029759655,15.076461557872413,-5.281976226373108,,0.4561953244871875,0.4642857142857143,0,2
0.95586138402394039,0.1809183906718472,-0.23151144776996552,-0.13466491701980277,0.97006802315761664,0.20207273584311933,0.2611405266439627,-0.16197705505343143,0.95161392327998817,-2.6300113437316908,-9.5223696566892677,-3.1459482810421813,,0.1947007451410228,0.1875,0,3
0.20788636549097872,-0.93360375571776555,-0.29183434745182635,0.97737003839767911,0.21019445188989114,0.023792865258872718,0.039128852340310355,-0.29017635965803684,0.95617289922384818,6.298839149926085,-9.046610651919643,-0.92674863585831468,,0.9002532824447933,0.925531914893617,1,1
0.94041860525482246,-0.20294725161693733,-0.27280993374821394,0.26310620296823023,0.94256543754045474,0.20578027581333103,0.21537867315547701,-0.26529758576983259,0.93980275490896681,4.6637306630522897,-14.414880588187909,-1.1616111296635769,,0.2436908149703945,0.2777777777777778,0,4
-0.76104532551993986,0.61920456960359382,-0.19337971322317588,-0.61715443889035393,-0.78294676046483225,-0.078196987381596236,-0.19982595192362274,0.059833696690521146,0.9780028208947894,4.3066357894339289,-11.743923880140141,-1.3501634352411565,,0.2050216157589601,0.2631578947368421,0,3
0.18224918616802918,-0.93407137171842436,-0.30707638573676133,0.98272219325915244,0.18329454611111118,0.025694362063364059,0.032285058727103848,-0.30645355586447831,0.95133794893350321,8.9649136497659487,-11.654449238994488,-0.14104355222588522,,0.1099003790980133,0.3846153846153846,1,4
-0.19215727377502864,-0.94002786900248891,-0.28182119798550909,0.97898169527037915,-0.20361474349706093,0.011656609977180082,-0.068340489176495628,-0.27365789177230915,0.95939613080825603,-13.051024346819199,14.080937141588894,-6.4752439419576211,,0.08446518790710419,0.2222222222222222,0,2
0.25595904832724975,-0.86266010135047178,-0.4362367649767756,0.96525249902487975,0.2526561606022098,0.066726888403213905,0.052655281839842541,-0.43815797841388698,0.89735444905935746,5.0668748691338346,8.6976079467558822,-2.0127147541534307,,0.2149983744587472,0.2608695652173913,0,1
-0.88023438553992384,0.45638324958432674,-0.13000675371688589,-0.42440501937154457,-0.8796812034577336,-0.21457250479824408,-0.21229179457857453,-0.13369857808519822,0.96801698547732362,2.5236603897805039,-10.178748423564482,-1.8296244457609727,,0.6064915883686618,0.6122448979591837,0,3
0.76257763009243962,0.62378392640007585,-0.17137377642890542,-0.6074726398855409,0.78158656071662569,0.14177249344513024,0.22237884313282033,-0.004007651689261745,0.97495209567180674,-8.80772356573096,14.188405528638508,-5.4739746062707635,,0.1284681022712341,0.1111111111111111,0,1
-0.21989618476749706,0.96295265917258344,-0.15610203111154011,-0.97325925150037196,-0.2274545473511804,-0.032106981455817883,-0.066423619997959885,0.14486754323077017,0.98721897146714455,11.230897709965946,-13.173757937630146,0.47222784099956566,,0.1313260829368689,0.3043478260869565,0,2
0.073871977581532897,0.99128864635799474,-0.10904013265733301,-0.99633118710508084,0.078097589691136657,0.034999029789640257,0.043209912404155101,0.10605463726858025,0.99342101718448472,29.030613757079742,-13.24290973580584,4.6654348822707608,,0.2946969229979652,0.2307692307692308,0,3
0.94219033630152105,-0.17588409235631661,-0.2852054631945567,0.21186323332566159,0.97212891068765905,0.10039597287751252,0.25959842169170283,-0.15501666704332367,0.95319383778639533,13.909017752874632,4.912098187755344,0.23722763410235853,,0.1187931505958334,0.3333333333333333,0,3
-0.92852017187941505,0.30796335090815202,-0.20738578762886659,-0.26816648326781639,-0.94258202149850123,-0.19906247762843757,-0.25678206258380837,-0.12921960859413956,0.95779186940064598,19.535794604275754,-16.899539595168424,2.6392167271402007,,0.2900743116670262,0.375,0,3
0.9624878829084782,0.055372002558387874,-0.26561441336461633,-0.047418510315425454,0.99821644092671213,0.036268746091827668,0.26714894746904999,-0.022313188841612628,0.96339688678648827,18.295684483951007,-7.9038652709836148,1.9409871128799292,,0.08356325539351533,0.5,0,1
-0.49350223735331411,-0.82321203019890132,-0.28067328883076326,0.85575119436056835,-0.51723880422949964,0.012406157733117077,-0.15538801458843199,-0.23406403554378294,0.95972318518790878,-12.531747447153576,5.676330378938216,-6.1709819126907588,,0.06791306762249277,0.2424242424242424,0,3
-0.19866164554263432,-0.89095001025035792,-0.40834009088647927,0.97732055842477739,-0.21126712391811159,-0.014516488268489494,-0.073335371210436873,-0.40196303509931708,0.91271443603307367,-12.810198788137352,-0.52014726152726509,-6.0442783261865607,,0.7301313092132842,0.2727272727272727,0,1
0.93022809182054667,0.31701689316548659,-0.18486748398678987,-0.25680079071412365,0.92218065166412833,0.28919923856214363,0.26216226096924089,-0.22154713977847978,0.93924853674598285,21.719916928390862,-3.4459517445123611,2.5650110399364565,,0.4299388303635239,0.3,0,1
-0.96652114611649032,0.077471394305336214,-0.24461205443324671,-0.029218301611732379,-0.98035951035391589,-0.19504235773174219,-0.25491795731292122,-0.18136541435184986,0.94980178011856264,17.847708938991559,-14.020752449255919,2.0500534841505083,,0.4984849621228822,0.5483870967741935,0,2
-0.56162223445789772,0.82214975040024119,-0.093006739967268506,-0.81545834118619831,-0.56903670799929829,-0.10594771700784739,-0.14002913822619836,0.016340528331184576,0.99001253910316012,-6.067597237488652,14.601655877310273,-4.8082890604238369,,0.4620945389303186,0.3181818181818182,0,1
-0.94451450750623034,0.21378779122857666,-0.24937346577346464,-0.20628047813223785,-0.97687877906244591,-0.05618020433391132,-0.25561828857066982,-0.001622140274800147,0.96677642669291985,10.406447693771147,1.2949356306239177,-0.41515091021829487,,0.090277837631154,0.1875,0,2
