axis_00,axis_01,axis_02,axis_10,axis_11,axis_12,axis_20,axis_21,axis_22,location_x,location_y,location_z,dbh,dbh_approximation,score,reconstructed,number_clusters
0.18532733993280284,-0.89633681268723908,-0.40278293818769428,0.98264188530545793,0.16558079507900425,0.083653604491012348,-0.0082886860698970569,-0.41129468574573802,0.91146474378362452,-28.75311311842043,6.9425153154025869,-11.128264373339075,,0.1183505327346085,0.4375,0,1
0.45160359762681734,-0.79118862720988159,-0.41240119639043193,0.8872724882109374,0.44684913716426228,0.1143388834978135,0.093817494501228324,-0.41754808679875199,0.90379857984852729,26.832265777567272,-6.6725894843739866,6.9426278956802046,0.6442405269372167,0.5110812243762354,0.9294117647058824,1,5
0.64481961052028902,0.7204177148850357,-0.25535462785758423,-0.70125039447854176,0.69051285199697132,0.17731295911663228,0.304065049178874,0.064732660279265497,0.95044943503640267,-20.895875120384527,3.093424081966142,-8.2161277714126673,,0.2221510533622864,0.5571428571428572,1,5
-0.92032753583128935,0.28320514169551214,-0.26980006395094225,-0.27560056937370875,-0.95896915027717189,-0.066501841911082896,-0.27756360163320243,0.013153574947673772,0.96061721331365979,-6.9987784221823262,3.8044287414631706,-4.0883773476896419,,0.2507998346585272,0.2846715328467153,0,5
0.32833594548752149,0.94090612563998621,-0.083013069055225264,-0.9254831891630223,0.33803380771371333,0.17092106780385802,0.18888190352031653,0.020707669490323696,0.98178145172274611,-16.348423840780772,-12.883355752684363,-5.4733301344970622,,0.2768009333169956,0.25,0,1
0.82070424817128351,-0.4336956505342584,-0.37195781984154758,0.51052178875303311,0.84894832298883349,0.13658055536148822,0.2565385745692334,-0.30198481352895157,0.91814657443998149,-13.471949299832456,-7.4372169940756265,-5.0125773219559386,,0.1885411237026084,0.4848484848484849,0,1
0.61352136811836488,-0.65949249370797658,-0.43435144941050435,0.77317318974106664,0.61353590539376823,0.16055189646427268,0.16060743920440118,-0.43433091478213365,0.88631930303741047,-23.785467075618392,13.766676740209768,-10.160326407117008,,0.2097629134019716,0.3157894736842105,0,3
0.9309683207683056,-0.10383722314214447,-0.35002259472207109,0.16151372759121202,0.9769222989419053,0.13977173401534074,0.32743136918358096,-0.1866565105218457,0.92625484913946587,-14.781555067916852,9.727246959130408,-6.9863018045274181,,0.1860184347461766,0.1964285714285714,0,4
-0.22042530264500843,-0.81157102291520633,-0.541077776958381,0.96334274616597404,-0.26809904636399445,0.0096775383294162073,-0.15291644569259741,-0.5191101772293466,0.84091687135748461,3.9690887729186488,-15.885433677684187,1.1949882161874492,,0.2020845364590588,0.2857142857142857,0,1
0.11065190386363503,0.97820227384340519,-0.17571701004440859,-0.98720667132719431,0.12860217224260465,0.094257463267189909,0.11480045408636282,0.16303923681763646,0.97991788584528317,-10.437825323381118,9.5599826464509636,-5.5901724897203131,,0.0982628175146212,0.3235294117647059,0,4
0.57134514275450221,0.80036071752207549,-0.18162447439259546,-0.78184848931013773,0.59808756577571121,0.17608010514518543,0.24955493907012349,0.04140030811519483,0.96747524354562897,23.584864684490451,-8.1102491731978237,6.2326859017821015,,0.197020189426303,0.16,0,2
0.94544582749651251,0.1496085292719706,-0.28939501591857769,-0.05532100272404903,0.94914323583965154,0.30994629295644349,0.32104793088733907,-0.27702780695972318,0.90564000587653226,-8.8885727482652808,2.3696497973157893,-4.4555244546660502,0.8103771734740767,0.3303946615185223,0.196078431372549,1,4
-0.10192800553089895,-0.77132282789233642,-0.62822907992281274,0.98844809288682789,-0.14973229875163802,0.02346500328028394,-0.11216527696612083,-0.61858009496161526,0.77767449280556555,-3.452108597706645,-8.6742331365097396,-1.8561650737581432,,0.3503328430883084,0.3364485981308411,0,1
0.45400571975197829,0.87768221156646553,-0.15346902597034881,-0.86150976213363861,0.47636558899825859,0.17571782882446685,0.22733177556366982,0.052438164709889393,0.97240449541378049,-12.945795665289246,22.896818771928636,-7.5581914108833503,,0.4345530976744144,0.375,0,2
-0.20775211531456744,0.94960335353389413,-0.23471797873086797,-0.97817956853454169,-0.20215969160453542,0.047918585036869799,-0.0019468651466615446,0.23955151856655094,0.97088170220092174,-15.077448364739436,5.7973505102591156,-6.688707015901703,,0.07293560343588573,0.2954545454545455,0,3
0.87156691532172625,-0.31800667737024607,-0.37315260318602689,0.40013903976084975,0.90118544782466847,0.16659392992638569,0.28330171368319895,-0.29451068194038182,0.91269030741384305,-2.5129467774616168,-7.1325262413634691,-1.6346711929750428,,0.07686430139214193,0.1639344262295082,0,5
-0.93072275739572197,-0.11067725112993666,-0.34857667011437549,0.1203391700215099,-0.99271400257269804,-0.0061150024225367179,-0.34536014973392537,-0.047638799086610568,0.93726032232104373,7.9185349051281309,-10.081630008591265,1.6908233499111569,,0.2798077496861959,0.25,0,2
-0.16251414227518635,-0.82288334132233576,-0.54447420520604006,0.98087566058615394,-0.19463049801034232,0.0013812001744517859,-0.10710785232762478,-0.53383703114193437,0.83877644944963103,0.72101509387209084,17.135900437937988,-3.0647156165838223,,0.3355882732535818,0.2222222222222222,0,2
0.052526270344896889,0.9801345458515951,-0.1912518312381411,-0.9893317062217849,0.077133966086218989,0.12358449069402368,0.13588144092533766,0.18272006814824046,0.97372974212969188,3.093117247046044,14.361116487215879,-2.1682519207936939,0.3943296797866991,0.3942774105117341,0.6619718309859155,1,5
0.81616863105081161,-0.44462641578169115,-0.36902048192176451,0.51590853342477472,0.84835564376427475,0.11887424797995817,0.26020597769486881,-0.28740224787295832,0.92178782650316449,-8.5426240565405056,12.103804693812794,-5.2681294574536759,0.4493666996582958,0.2965220961802427,0.7142857142857143,1,5
0.80307992466491629,0.53984735720078025,-0.25224485232314198,-0.51778438023362761,0.841727030589692,0.15295405048816424,0.29489315045668418,0.0077741171840322483,0.9554986095833623,-0.24111763511305534,-12.941691582113519,-0.44610468816992643,0.3869148740563984,0.1897127092170575,0.2272727272727273,1,3
-0.9402230835894011,0.029554416182059239,-0.33927435737140221,-0.047287973744690959,-0.99790645588189053,0.04411975576051172,-0.33726013791250486,0.057526009711985272,0.93965225353949777,5.0699190159307772,5.2592946180857512,-0.61724932907421826,0.511456141654682,0.4538010284462087,0.9404761904761905,1,5
-0.93547486519676637,-0.089977748802831395,-0.34174666246427121,0.091235862777576254,-0.99575177849786456,0.012426301202381715,-0.34141293755264346,-0.019555059159092437,0.93970995830253989,-3.9305878246283816,21.336438922255702,-4.8628366171782744,0.1615371487253512,0.1333595023705735,0.3888888888888889,1,5
0.56335319291517005,0.79486916204199631,-0.22542447796754128,-0.80333682343652202,0.59073413038734424,0.075386572454424608,0.19308839463624328,0.13862251776015,0.97133962620014414,9.611290032407398,5.1570420164368214,0.57004824885832472,,0.1133424235812782,0.1666666666666667,0,2
0.4414574987135339,-0.80727998454781247,-0.39168137992260155,0.89267552249308901,0.43931405500029119,0.10066564767034739,0.090805772786094224,-0.39408398550015206,0.91457756587456018,-14.768587420298187,15.984350195721035,-7.5467613146804204,,0.07793768607356645,0.2222222222222222,0,1
-0.18546528054932204,-0.86068274327222649,-0.47416014714878418,0.97247847264975662,-0.230014249155821,0.037135770061765078,-0.14102570667632763,-0.45422313967771294,0.8796550968634036,-9.8763697377228539,-8.5603654571937327,-3.7537867040267039,,0.4827374693776311,0.1769911504424779,0,1
0.93124095673534224,0.17664789538937417,-0.31872527598724953,-0.10385842353625753,0.96703265716810649,0.23251079078389761,0.34929029239188286,-0.18342126655569352,0.91888678879168639,12.925588478565976,-8.0416144167991739,2.9925606110490861,,0.4716238552430192,0.2727272727272727,0,3
0.69921821293702202,-0.58051660106510539,-0.41724617024602417,0.68181956271629673,0.71700139730485268,0.14502096455425287,0.21497900966027986,-0.38588790101622167,0.89714801078460826,-19.904302823996389,0.78784400564394064,-7.7189515344506452,,0.2407999085614251,0.8590604026845637,1,4
0.5545370431437332,-0.65191807672237134,-0.51719579370293589,0.8225489356512955,0.52359231274410079,0.22195571291184291,0.12610280028740958,-0.54850151438066963,0.82658585306172883,-0.52845501745053236,-9.9119366192411,-0.75890609707396461,,0.2899553284057416,0.5675675675675675,0,6
0.91569616149654454,-0.13779653819733972,-0.37750848186673175,0.25479524728462349,0.92550455903684892,0.28021544062234671,0.31077310337553821,-0.35277957035922242,0.88259087518255053,8.0900709275397809,20.940125979886759,-1.5643809095273475,,0.1828470098866921,0.1666666666666667,0,2
-0.90452408438233756,0.29174538084335117,-0.31099970020703044,-0.29397436716149933,-0.95494154536028175,-0.040813189006908349,-0.30889359369253794,0.054509427638580715,0.94953329066137782,-5.9413218585385144,2.3325094046902595,-3.5352560241922273,,0.07150777802848869,0.3208955223880597,0,5
0.70095255006585688,0.67690846251975056,-0.22463404890024971,-0.63296486242698236,0.73556996251390871,0.24143801105061616,0.32866549178300342,-0.02705112967019532,0.94405891283044552,4.765898683189862,-11.382010321207133,0.95613730025663612,,0.3324616592306371,0.2608695652173913,0,3
0.9372396726430805,0.09939149892549147,-0.33422017587996805,-0.041514355675058637,0.98350355244422338,0.17606055947451121,0.34620565318431401,-0.15113600587198678,0.92590472157360026,0.39609803872927118,11.921557623638808,-2.5701672954715131,0.529266631435491,0.6936421066743412,0.3448275862068966,1,5
0.94107624844426674,0.038791313671971306,-0.33596239164178737,0.057588761833145187,0.9605108455488468,0.27221765206093113,0.33325520119660895,-0.27552522491896025,0.90167999939488841,11.003231355764752,20.781899674654447,-0.65761999799089921,,0.1196491478911675,0.3333333333333333,0,5
0.71594152893109841,0.62314826042344296,-0.31482371683696042,-0.62862381171792314,0.7715570594559148,0.097630975335549569,0.30374303365349864,0.12800761514448653,0.9441155755372278,-5.7482264174582083,-2.8827234821751344,-3.0487455144951507,0.5808296112889865,0.4412596545830187,0.6894467689446769,1,3
-0.72583522520484645,-0.5721991117310683,-0.38177402005113698,0.60036734895966026,-0.79787110537171146,0.054412733032553673,-0.33574137688848971,-0.1897099779850786,0.9226526172389703,-12.860349905551846,16.467314702158188,-6.9407460147728699,,0.1369726495956329,0.2857142857142857,0,3
0.69223311168668444,-0.56842867784397499,-0.44463710741358747,0.68378039209342723,0.71363215713828454,0.15222851141201676,0.23077628663519628,-0.40941175178872224,0.88268019294881683,-2.6382337003875405,15.98012881361619,-3.9303787378587103,,0.1528544448948952,0.1818181818181818,0,2
-0.89676324876798041,0.33102548309996227,-0.29366274056736624,-0.31483956791323969,-0.94362150474334638,-0.102247260413711,-0.31095292591532914,0.00076506492622214106,0.95042500626843607,-13.568740650819807,-8.8390711357937164,-4.9180959335487744,,0.2334607514679786,0.2682926829268293,1,3
0.92000683583993126,0.17226576486901468,-0.35201126155549628,-0.087331530593844769,0.96574297087098615,0.24436390481701256,0.3820479364843305,-0.19407478060627809,0.90353436778060114,3.9001282574780669,-7.0916518023325121,0.20734665674168862,,0.4519684452865271,0.2413793103448276,0,2
0.79060094881543941,0.57179810464762904,-0.2190823298522912,-0.51938568951784569,0.81570890663373463,0.25467132771961337,0.32432799024475362,-0.087555166379705604,0.94188398838924059,-10.031217216510779,-14.179112575366519,-3.4410136381767265,,0.3582536068324604,0.1176470588235294,0,1
0.67998694800202764,-0.56045818392039304,-0.47276249282651694,0.70324388199820476,0.68100117549028016,0.20417012860100564,0.20752299385606052,-0.47130035333904768,0.85721069986526999,-5.7245287855974452,-6.0740259819668045,-2.730874350768473,,0.4041098112221863,0.4923076923076923,0,4
0.49059913207200395,-0.76475282807730838,-0.41769079898646921,0.86418073455097533,0.48851618643708211,0.12059682259456929,0.11182195509439351,-0.42012503797884804,0.90055027778694219,-0.30068053275010592,13.205096529055588,-2.8563949412684937,,0.07151655194212006,0.2941176470588235,0,5
-0.16226184210235342,0.96257736288616758,-0.21706200740033332,-0.98664036643008102,-0.15502498851060123,0.050080338137867386,0.014556164613871214,0.22228826643887298,0.97487232224293596,17.521981731602505,7.1633140322889606,2.8468825637740105,0.7139055616421186,0.2499752268998499,0.2352941176470588,1,5
0.80527392301242706,0.51609881480299835,-0.29184914300905207,-0.49884228682950915,0.85580169954774798,0.13696650656964682,0.32045324430700212,0.035291137841221107,0.94660670492184384,3.1722576508146507,5.4760526368830948,-1.1317726476779273,0.6918447498786964,0.3446881060667635,0.1869158878504673,1,5
0.42119544449596674,-0.82654396799690311,-0.37338916227413416,0.9032181247679808,0.41966522830284991,0.089878335788601937,0.08241005173191529,-0.37510820455096872,0.92331057518696913,-6.4253174866996972,-6.7332234191855074,-2.8689741133288491,,0.07775790148300663,0.2463768115942029,0,4
0.11825902183504645,0.96532443586144268,-0.23273061097201425,-0.98530146873786029,0.1431716582678309,0.093182036744513377,0.12327132455536627,0.21829019629298149,0.96806692472408051,-13.563708863283956,13.496135549135094,-6.8991641840419069,,0.1218223303366044,0.375,0,5
0.37197675821893472,0.89892634896657719,-0.23144051174881436,-0.90729773203741182,0.40476719382991172,0.11390497899050847,0.19607171337217871,0.16761544658139207,0.96615782628027169,-11.855751604001162,-7.2764973471215457,-4.4567676610450162,0.4903049687996074,0.2202078430379298,0.1129032258064516,1,3
-0.034314072541250427,-0.87357522152039691,-0.48547798793686231,0.9874752109964251,-0.10448594021886519,0.11821757891339907,-0.1539975717120235,-0.47534095199358756,0.86621921432431348,0.071173309598171752,11.08798368740667,-2.5387955306559125,,0.3118948844191769,0.3169014084507042,0,2
0.84268843780900315,0.44543144245757288,-0.30243516140354665,-0.39639135032045253,0.89342049546609725,0.21136157567600247,0.36434886328099281,-0.058229274006124036,0.92944029258181482,-37.805776766865883,4.6310054422068019,-13.838958795624562,,0.4562721391176248,0.4347826086956522,0,4
0.075465196764587392,0.95260040612056096,-0.29471591463004693,-0.99182144239719183,0.10221840218232391,0.076430521759611514,0.10293313595939785,0.28653771918237164,0.95252344066029626,-33.278305139071428,6.7418311049937607,-12.545117054545202,,0.2602832888234284,0.7111111111111111,1,2
0.86609997975351971,0.44473217155849731,-0.22821945721567274,-0.38901780841225636,0.886385805275692,0.25096882066082915,0.31390439596966119,-0.12858265741003314,0.94070746271319461,-6.0729610615085701,-10.184590921142137,-2.4540912786497198,,0.3060938840246412,0.3571428571428572,0,4
0.35525785033128093,-0.80714096410020675,-0.471503259638134,0.93305754426235155,0.3366949148371533,0.12664972727136667,0.056528566876462551,-0.48493298340512009,0.87272247749940668,-6.6730595397349637,-8.5755620365648237,-2.8122539379921956,,0.09256803142511227,0.4411764705882353,0,5
0.8801495615761854,-0.311714742574357,-0.35800931345294951,0.39723049819233791,0.89655476687728231,0.19595275271220261,0.25989359469428408,-0.31467994732970361,0.912924887482787,-21.602702148985337,1.4704434381566225,-8.3422832756908161,0.6182468099560813,0.2210156080073479,0.64,1,4
0.18031089551083468,0.95614285572248137,-0.23082205356278243,-0.97370107032417619,0.20673533506916267,0.095743025246726968,0.13926308415956912,0.20748816998735164,0.96827395539984729,-25.191540832594253,10.82823171784678,-10.281770048124534,,0.1664787790806866,0.3571428571428572,0,1
0.10002207550098773,-0.8789644684584289,-0.46628000986538853,0.9941854318834269,0.069501830623433972,0.082248541450626281,-0.03988623124887343,-0.47179546280945056,0.88080538703460376,-15.879934523813231,-10.686465625229282,-5.5801212011249728,,0.2041415074855424,0.2,0,1
-0.44136438639193276,-0.6967940184331417,-0.56539859771728274,0.86122676807014009,-0.50586585668923245,-0.048869100621269729,-0.2519641490060357,-0.50850548759267666,0.82336883394005178,4.9551445288649791,2.8883403158980459,-0.41954209578362972,,0.3907385017310709,0.1985559566787004,0,3
0.9153464973467561,-0.068476348691707156,-0.39680193984515477,0.13365667082676666,0.98123294082385726,0.13898852537411274,0.37983770763120844,-0.18025788612989102,0.90732045626088065,-18.802996971384882,13.100149000413472,-8.5548654357386571,,0.4224711113747487,0.4782608695652174,0,2
0.34254644046481236,0.88008158263713798,-0.32881353990947043,-0.91935185195151425,0.38609505255644816,0.075649076033705548,0.19353063953339958,0.27638201514270722,0.94136011880015869,-17.097722023808586,13.451354214850623,-8.0244521061579306,,0.08787716420603711,0.1875,0,1
0.85176328701941184,-0.3772531936691581,-0.36356475455179638,0.4491934621735536,0.88300334454991736,0.13612614390408564,0.26967487170002241,-0.27925816260242109,0.92156949938325128,-17.640565380591326,7.5634877458714778,-7.6886001062328209,0.5300422528046969,0.2567277582037504,0.6148148148148148,1,5
0.9407600308225228,0.026751552769909846,-0.3380161517312521,0.046841755949871854,0.97707098579878449,0.20769722821868219,0.33582199794882223,-0.21122652090727018,0.91793624100972915,-4.0035801886832338,-10.601491081358922,-1.8123486346762525,,0.5152363037500951,0.1125,0,2
-0.12354182711052972,-0.77588439857211255,-0.61866050221958058,0.98509455472049279,-0.17108524009374407,0.017848217897022973,-0.11969183436736892,-0.607234090507489,0.78545567927879745,-11.164178454236719,-13.650981309470396,-3.8086547982371357,,0.1451857806710707,0.2,0,1
-0.17022738281218419,-0.84756652633962926,-0.50264661698800905,0.97412578047831611,-0.22169660681837025,0.043926965894918991,-0.14866607531117038,-0.48216345563905716,0.86337523713491904,5.8815413712522107,-10.271539520550109,1.143366439283177,,0.4183612505653187,0.2413793103448276,0,2
0.5272917425149608,-0.76932991284367302,-0.36068671098265165,0.84007803516646162,0.53567927705827534,0.085537167133244302,0.1274060952482004,-0.34810802538044117,0.92875642100571065,17.261389818865897,-1.395386807335214,3.4918683876536027,0.204754140980658,0.2329479711024639,0.8648648648648649,1,5
0.90268228292128072,0.32167349096344072,-0.28581613199996109,-0.25977997373898098,0.93689295014461749,0.23397855716601529,0.343043818402548,-0.13695899087211905,0.92928099812440568,-13.08871733639694,11.800763064195275,-6.6099129402145111,,0.09082840814694326,0.2857142857142857,0,4
0.80421627357894632,-0.45328932729793042,-0.38440209555696242,0.53828120806781321,0.82971326424318104,0.14774721716493033,0.25197128080765391,-0.3257371408002403,0.91126603621085089,11.399160066812591,11.110756771688914,0.59862836735727554,,0.1362218602022308,0.2592592592592592,0,6
0.70663940703191419,0.65734908851719487,-0.26182613363680513,-0.64053777315871752,0.75149782967038026,0.15799485168061422,0.30061954292170717,0.056064140288791468,0.95209490209076475,17.406112758953618,-8.7004501663526668,4.3894590646492535,,0.09786821825571003,0.2631578947368421,0,5
0.077655014491524302,-0.89972710006401668,-0.42948905007545379,0.99627757905882275,0.053859093204903348,0.067306638185513343,-0.037425715611210691,-0.43311700900511862,0.90056036572872122,-10.779447159173658,-7.5820732476204595,-4.1338063454355893,0.3877792972478954,0.2671048714439614,0.8339100346020761,1,4
-0.75123280230385392,-0.55797626701760605,-0.35257873189941047,0.57873686046200279,-0.81368455842179721,0.054599319853901533,-0.31735299444826942,-0.1630335083074082,0.93418796400065818,1.4521289443977285,-8.9790767529556899,-0.28191903159514775,0.2183733241282487,0.2186974281599082,0.7241379310344828,1,5
-0.20056987561310871,0.9266676480920385,-0.31789745984533146,-0.97964512345161392,-0.18699579117144396,0.072993192707537194,0.0081949431978523522,0.32606693187708841,0.94531116508917212,-6.5944687287064108,12.569360532160671,-4.7076028001913155,,0.08614604062592046,0.2916666666666667,0,5
0.92742240380865038,-0.074465093699427568,-0.36652780895059189,0.17785243058011818,0.94989569329988599,0.25703440389775506,0.3290230962265876,-0.30356732642144729,0.89419834515548369,-3.815246782612943,-5.1839803001822178,-2.1995130802550178,,0.3040506432673677,0.3506493506493507,0,4
-0.93441681194436621,0.16139873649584111,-0.31751483337518882,-0.14484126815413415,-0.98658949328950407,-0.075247450257547352,-0.32540164196763055,-0.024323231452788679,0.94526300668991847,-1.2813993065938178,-13.01705518353298,-0.75361047007196436,,0.3348512650138744,0.5,0,1
0.69164160121013429,0.66753253408480606,-0.27573939039208789,-0.65643513135159437,0.74022684357725399,0.14545493589105604,0.30120560055035095,0.080402338187231387,0.95016348604391743,-12.499081830911763,8.5814198163732893,-6.1048095784711869,,0.3720608161959854,0.53515625,0,5
0.0049673891161709088,-0.88185618750055805,-0.47149230069254489,0.99722023254569547,-0.030685359831831571,0.067898575047634621,-0.074344689432916444,-0.47051894038281999,0.8792524062487127,-18.083188932306367,-14.69654828353934,-5.8831548191160055,,0.1087722131290282,0.375,0,1
-0.1053337422400021,0.95817701931039967,-0.26608570501091572,-0.99371300869793411,-0.091211196989575583,0.064922830254301664,0.037937568322401014,0.27125139116540598,0.96176058543725751,-16.122864645717904,10.493474866676921,-7.4171755959211474,,0.2517066795560722,0.4074074074074074,0,1
-0.85345892093600373,-0.37919314883483374,-0.35751982623552003,0.41053071857476947,-0.91175440051083501,-0.012978530564424738,-0.32104890496813099,-0.15784951386004364,0.9338153626884238,-12.789847758021709,20.594725900066091,-7.3300946769431796,,0.1123838796609721,0.2272727272727273,0,3
0.83364968959740893,0.51633790167669047,-0.19601879074786904,-0.45156253860709755,0.84157920168874756,0.29637091795863507,0.31799287533034143,-0.15855478099711395,0.93474109391964766,-12.305881230923866,-8.7423518856995805,-4.5567590378571579,,0.2053172175043953,0.2857142857142857,0,2
0.94510898864379989,0.1158697055696572,-0.3055212118918989,-0.041313070057687383,0.969885400198362,0.24003237432577912,0.32413304340517679,-0.21423473530980763,0.92143434294562421,20.14164737880812,-8.7958290589217629,5.2178972000932946,0.5962279955665194,0.5255430220584298,0.375,1,5
0.94173663571172228,0.054586286069284937,-0.33189222095663989,-0.0085261392098174432,0.99030027847313651,0.13868187843479812,0.3362430875252958,-0.12777204635283693,0.93306746286764619,23.372918340474751,-2.0809130319602867,5.5395741315029747,0.2729825045772833,0.1671411447163987,0.3333333333333333,1,4
0.87661977128131519,-0.30767092576674104,-0.3699680770506199,0.38524283507674789,0.90944760775561451,0.15650241777564017,0.28831533885786648,-0.27972066456632783,0.91576777361613226,-1.9552719311801392,-12.650632683076113,-0.97627721916769661,,0.08868712073899807,0.3333333333333333,0,4
0.57215259790895057,-0.70086657780142192,-0.4259430065477825,0.80720179965410765,0.57313293259656639,0.14122286007736484,0.14514358181197726,-0.42462298771284768,0.89366025925102344,14.355520655658422,-8.2599548767968116,3.4585009440450798,,0.09475771954786924,0.4827586206896552,0,5
-0.46809151550827471,-0.69991304872898519,-0.53945533395088896,0.84882554595073789,-0.52588428310667934,-0.054230188297721582,-0.24573466513823225,-0.48328815938348041,0.84026604676681382,-11.65750856341846,2.3430368460762727,-5.3072478932463225,0.9493361354646875,0.5084359589272596,0.1944444444444444,1,5
0.93460325896458651,-0.050035643812488005,-0.35215505488498083,0.14163696242359791,0.9605290541574979,0.23942202696226192,0.32627552652350494,-0.27364277894286121,0.90480048094827947,-16.976865623142718,6.666480449600753,-7.3671123079043523,,0.09594482431213755,0.3157894736842105,0,4
0.44580798322816062,-0.81790290514418151,-0.36371703265966293,0.89001272563500566,0.4483985788605433,0.082559449390090245,0.095564587048707836,-0.3605184492263262,0.92784366003635366,-11.174697657393891,11.599827828013629,-6.0390366049130071,,0.1117530663400703,0.4878048780487805,1,5
0.84645003645891215,-0.38124502614940264,-0.37171839585235461,0.45135942960164188,0.88409347150738915,0.12105122447828871,0.2824836297706238,-0.27024241649739961,0.92041948873177337,-11.630828364069721,13.053604944405349,-6.2664778671335473,,0.1030271617279528,0.2857142857142857,0,4
-0.45785202585176882,0.88185508904810272,-0.11270813787563837,-0.88261531379436486,-0.46608172095872102,-0.061302832265979164,-0.10659141747394636,0.071410302534855447,0.99173526629477826,-12.405488683361444,-5.6393588044828524,-4.8115742129803998,,0.3947971109402103,0.2865853658536585,0,2
0.76141160023141519,-0.52408213840166284,-0.3815629531825353,0.60588799831103379,0.78463147892860674,0.13135134478549151,0.23054741060286479,-0.33119685155908218,0.9149625877497215,-18.904313587905385,4.8834108359109054,-7.8110792804239857,,0.07547452841777344,0.2352941176470588,0,4
-0.4430137272348067,0.84149989392547919,-0.30921960805377863,-0.89178681460431353,-0.44901131130964467,0.055723600151868266,-0.091951698077938557,0.30044428907769477,0.94935668448754429,18.969089117164529,-1.3170585426506618,4.0396162535881874,0.3790949142259745,0.1089907412625218,0.4545454545454545,1,5
0.32762898597981077,0.94029427457974268,-0.092227570381082355,-0.9258512927555026,0.3389778571671469,0.16701316131770724,0.18830462354601457,0.030670662577221286,0.98163164130353353,11.427162990646741,15.46564530664403,0.025720358972626523,,0.3368777605851433,0.3333333333333333,0,2
0.94410974879138987,-0.034917359505236986,-0.32777669264644488,0.11723642135882696,0.96492613230155855,0.2348897203125995,0.30807856748569107,-0.26018904128870929,0.91508975464116515,20.417227055051733,-7.2156881613005259,5.0303635197584038,,0.2367993398383513,0.1621621621621622,0,5
-0.80800719384585051,-0.44378114622312059,-0.38753408746876472,0.49869094216348181,-0.86540757715881589,-0.048755200750355152,-0.31373829682946525,-0.23265429214394898,0.92056518587742886,-9.323974320478488,8.6119272624550725,-5.1912901600835921,,0.2757097925690652,0.25,0,3
0.94110647151515958,0.053814163501900492,-0.33380030718811088,0.038024322323981764,0.96414418527336287,0.26264070688940216,0.33596541516068051,-0.25986539940929737,0.90531608513588124,-28.728177493066628,8.4806799460197784,-11.202746908634772,,0.2011587710694988,0.391304347826087,0,1
0.93956216734007869,0.095438117182120447,-0.32880769378459829,-0.022372116054581687,0.9754247453768784,0.21919410240627382,0.34164663341888007,-0.19859036204001346,0.91860734047707349,2.2040948953304147,10.281020942285839,-1.8772767462468261,,0.1076469832971716,0.3170731707317073,1,5
0.73617897098217466,-0.549095748474692,-0.39564426154140608,0.63857997128109545,0.75720373996264534,0.13732485741925174,0.22417881916510732,-0.35374617339781994,0.90807901740109476,8.0309866190437997,10.346150009996748,-0.35202737837165038,0.6260335855579234,0.4229756743135546,0.915,1,7
-0.93962389908227451,-0.035385812856292477,-0.34037445926791193,0.052900281696934316,-0.99770300011429647,-0.04231174493348875,-0.33809538368603759,-0.057763031529093699,0.93933750256165116,2.07243318162937,-11.131005581981125,0.084851655345409838,,0.2563621192992117,0.3181818181818182,0,8
-0.92933734393375045,0.15211869026033562,-0.33644019564202177,-0.18306510925757138,-0.98114000562902826,0.062060092867985299,-0.32065443540153205,0.11926522304406077,0.93965767151105317,-18.066883769920622,11.415894163938722,-8.1107369528055102,,0.09684766608531126,0.4444444444444444,0,1
0.81528186450393259,0.49408646672231815,-0.30198351745227503,-0.47694115775533791,0.86870693387225106,0.13369889708322794,0.32839399119044599,0.035026082340583881,0.94389118022464935,10.4916467271538,3.96842972109016,0.97883633773331813,,0.08829671159010109,0.391304347826087,1,5
-0.8879055395245643,-0.28084183760292752,-0.36435095050432148,0.3054062268095426,-0.95216612247684862,-0.010330141981587522,-0.34402149570564605,-0.12044723931752213,0.93120442064738762,18.519667910353927,-0.5073776456459631,3.883632097494031,0.2209542326290836,0.1415116635489374,0.4516129032258064,1,5
0.15509347441730839,-0.89856845170872723,-0.41051279125862827,0.98636615221632606,0.11770457075303155,0.11501064205457297,-0.055025702677278521,-0.42275332242056585,0.90457271704780406,30.914046945764163,-0.15251465413023024,7.6583440233657569,0.9811769377074898,0.7072032867277416,0.3478260869565217,1,5
0.87752300374792525,-0.31069250211098559,-0.3652718809670899,0.38465818951200914,0.91090480693516607,0.14930006679085012,0.28634150089458532,-0.27151906348251936,0.91885033766713797,4.5490690737761001,5.9291478749445972,-0.85504190053280316,,0.07470475655132504,0.1428571428571428,0,4
0.77107394611014923,0.62138768233228581,-0.13900474047971917,-0.55067771417948608,0.76036775325457739,0.34437615323457416,0.31968582191923967,-0.18899266667333192,0.92848411252294671,-17.89487528499162,6.3239430436670743,-7.6059615307356765,,0.08197544175825611,0.28,0,1
0.86143370328094748,0.41100231576520896,-0.29834388092821534,-0.38083023367881186,0.9113987352412144,0.15595088495054152,0.33600641060523706,-0.020722978462350099,0.94163169561980808,-17.296084025398624,4.2007202725461426,-7.2625064758323807,,0.1058254253999051,0.2777777777777778,0,5
0.72103432979880488,0.67737265169476146,-0.14586221576404459,-0.6211528311587019,0.72517486417535804,0.29713730279414652,0.3070482952161081,-0.12364346769748416,0.94362791252729683,-20.620319726638538,8.3048665666692827,-8.6702747530108528,,0.4969625784552508,0.5769230769230769,0,1
0.47115765957066769,-0.73572975841966848,-0.48653076203219409,0.87539239690027304,0.45767169959777809,0.15564307513177655,0.10816011869948013,-0.49923775694854822,0.8596877635280713,21.691191893764579,-10.199155821358936,5.8733519374972616,,0.4260829740194597,0.3571428571428572,0,4
0.49417009028990005,0.83286992932808546,-0.24924606854252129,-0.82848821976318432,0.53804376786203301,0.15529382981450596,0.26344485490611197,0.12975586570886735,0.95590806238761317,-16.978449177535438,20.293507661781611,-8.6699622000969683,,0.1789270065877904,0.2777777777777778,0,5
-0.48917238094850424,0.84100120160915115,-0.23114359305231869,-0.86746873018159332,-0.49665886752871236,0.028774493257586901,-0.090600131756557151,0.2145855265321063,0.97249404518929239,8.7244307357521347,2.0331799014182255,0.62545115640826732,,0.1433760326645072,0.2352941176470588,0,3
0.038063865047240193,-0.91203886787517852,-0.40833349809026231,0.99748379100979345,0.010220779048913437,0.070154275339175662,-0.059809939394694797,-0.40997638854036234,0.9101330298308079,-9.9735857104601298,1.7110192302716904,-4.6710032655692304,,0.08155102047213013,0.39,0,5
-0.049420933116059537,0.99657218817115267,-0.0663433880179361,-0.9970734897921173,-0.045348548760137601,0.061546446519009292,0.058326900515163836,0.069190916232623245,0.99589687708476315,-15.188552539447315,-11.29661664365657,-5.2406140804203432,,0.197899103563114,0.15,0,1
0.65809337396090006,-0.58973414711954597,-0.46810975942607719,0.7260545985079111,0.66168870970569027,0.18711699931736167,0.19939365871128931,-0.46301370084393745,0.86363214489534001,-5.4721315249585425,-8.8313983514780396,-2.4612946344333091,,0.3326245590916193,0.3859649122807017,0,3
-0.9378839495048541,-0.022886218832032394,-0.34619346939067092,0.084483725887037758,-0.98285212205359229,-0.16390303912677906,-0.3365058652110256,-0.18296974384395634,0.92373474304924608,-18.055985166065376,2.2640051887798647,-7.2368588148937159,,0.2215926726433094,0.4954128440366973,0,3
0.20966999605025724,-0.89556365116622838,-0.39243373894977562,0.97777215368089332,0.19217652286140552,0.083843899880241685,0.00032900230010348856,-0.4012903322666958,0.91595085074843019,-18.737288083228631,12.161271090053615,-8.442866796249362,,0.1786660112168829,0.7142857142857143,0,4
-0.54544671141960555,-0.67956844575557129,-0.49058598893047639,0.79767439095614656,-0.60058060341658626,-0.054940921110843276,-0.25730031289191313,-0.42129522467401048,0.86965906115707059,-16.174113196107058,18.646737084089434,-8.2390762053778577,,0.218963779129736,0.2727272727272727,0,1
-0.73847520288988833,-0.4848254667460562,-0.46861353107993819,0.5896350246406572,-0.80145417106495598,-0.10000874661546713,-0.32708548184496167,-0.35016493039288504,0.87772410761536923,4.3084402578779217,-10.383019953096124,0.74274577813044762,,0.3715804003101884,0.5263157894736842,0,3
-0.63981343562341053,-0.6574829529283559,-0.39793835477920181,0.74792521211920637,-0.6517849798939338,-0.12563525405357037,-0.17676720474174151,-0.37801125194003721,0.9087688643073758,6.30533370717633,-8.1288549394858318,1.1060904372791265,,0.2760643571069897,0.1578947368421053,0,2
0.80580715732730335,-0.4706565263591071,-0.3593845564234367,0.53580444467083899,0.83790851451527981,0.10403325609520811,0.25216744887289649,-0.27639058503931829,0.92737253691844845,0.053337947020084431,16.323155540042777,-3.2168018671798682,0.457647709448474,0.2454082519720298,0.7464788732394366,1,5
0.86824284511154115,-0.351926238833148,-0.34971743498626306,0.41366444110806466,0.90266672990183872,0.11863601852335512,0.27392716563964487,-0.24767054154476179,0.92931330065568063,-14.608103659785897,7.3147432839750213,-6.7157327712239825,,0.3458262902886696,0.5701754385964912,0,5
0.85752260653847689,-0.34800879665196505,-0.37887314067944883,0.46784430468659677,0.83383423319532179,0.2929883583419064,0.21395486871714989,-0.42849778179638459,0.87784563856512188,8.6256131588114364,-7.3953686622257395,1.5538697008749476,,0.2747647478694911,0.1944444444444444,0,2
0.92150293962555663,0.22181261118762161,-0.31879695384301837,-0.17811544746322377,0.97081241553439179,0.16061799780614514,0.3451191383224555,-0.091227295051471952,0.93411474723459853,-10.165297242833537,-6.1981277030742952,-3.9574043543806598,0.1887222969799967,0.2585619678801668,0.8181818181818182,1,4
0.3583719928868967,0.89340308995293061,-0.27092514386234129,-0.91573316324756948,0.39286433886776079,0.084204423723442931,0.18166531986836149,0.21791863185270174,0.95891041367198249,19.781323265377278,4.2751094840300343,3.7769707496659595,0.3121126562292195,0.2885609483555644,0.7049180327868853,1,5
0.24385771980855417,0.95190116298905303,-0.18551977897211422,-0.95914968030035552,0.26500981936286172,0.099003466711974381,0.14340607821671442,0.15379847704497196,0.9776403864351908,-7.3616322592408379,-9.5603536305183674,-2.9205212492189139,,0.1917926251995317,0.2,0,2
0.84891296647354619,-0.36250292807458023,-0.38462761535079626,0.46000135649180196,0.86512028586292156,0.19991408908368372,0.26027970988685695,-0.34663888720945996,0.90116366687489202,6.7948311021161176,12.79891758574432,-0.89597416642705652,0.2441644118051777,0.2074510957539216,0.2222222222222222,1,5
0.93545436738275312,-0.055530857492629988,-0.34905794706705462,0.17566075901536193,0.9300215496168408,0.32280522763802422,0.30670576174353226,-0.36328534393011658,0.87974731292507891,-3.5367898165042635,3.0372437968222989,-2.8908271628583266,0.7367753023972733,0.6079287497056489,0.2016536518144235,1,3
0.82191191745803915,0.53364581839992664,-0.19920577412495605,-0.46346825377514506,0.82983223791523786,0.31076620578693243,0.33114645956595717,-0.16309689580387776,0.92937690142163087,-22.582547765761991,6.5074718903014741,-9.100539870264198,,0.126533371596907,0.2857142857142857,0,2
-0.047519642584102469,0.99618860870368875,-0.073144647498562462,-0.99712539728915228,-0.042982841716797643,0.06239725473848097,0.059015469578995318,0.075899480939981015,0.99536749150422466,-12.866272459709117,-12.089817049506113,-4.4700896875499199,,0.4131236644823225,0.2777777777777778,0,1
-0.43193036881675972,-0.82337648808359098,-0.36808601625836229,0.87409187126322963,-0.48273489458624586,0.054133373628029634,-0.22226011132311546,-0.29835914670064922,0.92821455628248883,-27.150266330063626,15.004533727775863,-11.334678968155135,,0.1201719076692765,0.2142857142857143,0,1
0.60570054052501476,-0.65867158033539142,-0.4464063221619774,0.77973263790005354,0.6031432739417768,0.16803334339415682,0.15856818281461377,-0.44985546607468607,0.87891193588527305,4.9928908862476069,12.486265508187827,-1.3631356364145235,,0.1043368582516539,0.6,0,1
-0.81461938436423731,-0.44273431379537542,-0.3746753074412158,0.47392031391047362,-0.88051032233375259,0.010055263632001198,-0.33435728596970843,-0.16937502664752335,0.92710156167872004,-4.7287169195095355,16.355306191638018,-4.5515891680326384,,0.1093039895092129,0.2105263157894737,0,4
-0.6843854152632507,-0.56348704917706183,-0.46270827611430931,0.6657732143681504,-0.74168922244052993,-0.081505363906080472,-0.29725852452848034,-0.3638398586264146,0.88275587048167603,-22.646291785401001,4.6018266052350532,-8.9742652981003062,,0.2157233263097481,0.3666666666666666,0,1
-0.8252837758939473,-0.36319309315982301,-0.43243203665689406,0.4536710301939379,-0.88240121680157524,-0.12470240154010719,-0.33628750439021698,-0.29909675636505878,0.89300159278855751,-5.3133346242148329,9.814732265387816,-4.1057789865724779,0.4457029210584256,0.5833411145857426,0.2452830188679245,1,3
-0.75846647435826242,0.63270061854738302,-0.15626430995050242,-0.61353249497890916,-0.77406664635243794,-0.1562008470196154,-0.21978736287489908,-0.022599873770652711,0.9752859892493323,-11.297287712174601,-10.629472125308727,-4.08928327096997,,0.4601563846864347,0.1578947368421053,0,2
-0.90498857041525615,0.3068714000838963,-0.29466189307119628,-0.29857173695380823,-0.95151805346186691,-0.073948034649513328,-0.30306864785084214,0.021055587065883442,0.95273608987125802,5.898872595935388,-14.17872950821921,1.6090512224786271,,0.80891543021002,0.3829787234042553,0,1
0.61762637558883993,-0.5950190324478728,-0.51428592358900294,0.77270046770197565,0.5809288576937659,0.25584301732071307,0.14653206949382774,-0.55540436919726921,0.81856846951641282,-8.2071130088006701,-4.1792784410539303,-3.5613526941760512,,0.3975941069392341,0.1988950276243094,0,3
0.93859823543926779,0.11949391962293354,-0.32365808440921418,-0.065774103415483412,0.98287540475499391,0.17213281513876755,0.33868439549259333,-0.14027523623525193,0.93038472598649324,7.1467830306626103,18.459927609754711,-1.4091097855294046,,0.1072085990747286,0.3125,0,4
-0.42699289070488139,-0.71095339150200432,-0.55876859825806802,0.8776206650990499,-0.47469763614276878,-0.066664251526343088,-0.21785095702931717,-0.51885203030562033,0.82663990417178945,10.389643076800519,7.7523159542580844,0.65006254283868425,,0.2826049810633296,0.2272727272727273,0,2
0.057553192878109324,0.98387996003118061,-0.16931584166456132,-0.99111747131512307,0.076675835307828163,0.10865990214317267,0.11989073376809489,0.16155816453800922,0.9795535572022892,9.6054065751543956,-10.7453227379157,2.2931369902949239,,0.5803205071038312,0.3902439024390244,0,3
0.73266815416533226,-0.44187558579272729,-0.51763243962516514,0.64589905735207165,0.69115816083645376,0.32421413359210088,0.21450357475732465,-0.57187967562198416,0.79179659826676718,-0.73709992320602502,21.776461545251625,-3.980545909000337,,0.1164988851690282,0.5,0,1
-0.80313585530181497,0.55053154932724158,-0.22778896181327798,-0.54079723166465044,-0.8340546045938918,-0.10904710349008938,-0.25002230331007352,0.03560800122268707,0.96758509604915477,3.3825340307898211,-11.651873308973061,0.56956060224459115,,0.3578212351586661,0.3043478260869565,0,2
-0.11469639854246919,0.99340048406260162,0.00046306109385085988,-0.99280144660752767,-0.11464339678311262,0.034672455754250583,0.034496721226628821,0.0035170780797928844,0.99939862236566723,8.3147556008967918,-12.794548709814524,2.1111303050242505,,0.4242836538604338,0.4,0,1
-0.92682148479032056,-0.13150518265242428,-0.35172193884746389,0.1354262757068983,-0.99069477929277094,0.013549100715821319,-0.35023086554332383,-0.035074794619510359,0.93600646344091787,12.802717487098324,8.3458794635526576,1.279825937442969,,0.07018388772210057,0.5,0,4
