axis_00,axis_01,axis_02,axis_10,axis_11,axis_12,axis_20,axis_21,axis_22,location_x,location_y,location_z,dbh,dbh_approximation,score,reconstructed,number_clusters
-0.28048586312655405,-0.86786167693392291,-0.41005339932207807,0.91537525622606986,-0.37039386383515449,0.15778632996024242,-0.28881797187018921,-0.33109590052234816,0.89830934748675895,-18.997665349503265,8.3184524736146628,-5.446739381738432,,0.2141123880492913,0.2666666666666667,0,2
0.52307712293723174,-0.82064412048303181,-0.23007292534398849,0.85221627800809074,0.50705378963391534,0.12893358722971712,0.010850758394976838,-0.26351410196518399,0.96459451538340091,9.79156838531995,3.7533672779407268,0.62476051543957734,0.3224093283491062,0.08500209421189174,0.3,1,5
0.86355933587335709,-0.43537733729201578,-0.2543852346314176,0.48522956616148077,0.85473565594761514,0.18433455068039126,0.13717704453992385,-0.28261905920216152,0.9493729118881461,4.8947774058986768,11.127748506335534,-0.88859404386984642,,0.08247080202287509,0.3043478260869565,0,5
-0.67458257517534048,-0.69122977101738914,-0.259113397818511,0.70405331261532345,-0.70796239523542881,0.055661296498592756,-0.22191728699043686,-0.14488150534751598,0.96424170576834201,19.512103444821811,-2.493663926566152,3.2642760709344274,,0.1335962133564637,0.6842105263157895,0,2
0.32280123170346309,0.93163419339618658,-0.16690444723183151,-0.92970884870458281,0.34515383014427059,0.12849237400382371,0.17731559844279243,0.11369504488664459,0.97756463485393019,4.6523255656167946,-7.9689902584801589,0.42195875627181673,0.1562273311145319,0.1433178949738289,0.2631578947368421,1,5
0.3104913084094284,-0.92292764460193166,-0.22759549694959272,0.94975719366105549,0.29126362681613344,0.11457212917192786,-0.039451495425116945,-0.25173411076658436,0.96699199427155536,-11.449182820532267,1.232634749883899,-3.4009691550935059,0.1195108130205337,0.1138640010191003,0.5723981900452488,1,5
-0.97584594576061312,0.086102550770223427,-0.20077609641946062,-0.10235266736653113,-0.99213949686832381,0.071994098625000322,-0.19299901975277414,0.090805118273867835,0.97698813138632257,1.6395833992170499,-2.7951008202463523,-0.64819541787668422,0.2850403776132979,0.2212272083472241,0.4094488188976378,1,5
0.60725179461687351,0.78925249521919583,-0.091245584686933889,-0.76703036813128433,0.61231300163578373,0.19166951346566277,0.20714649960589213,-0.046403521612593486,0.97720880106708852,11.413550427585561,5.3366498220492673,0.85436438296022432,,0.1429662735095847,0.3684210526315789,0,5
0.80872604606691478,-0.52683961019181569,-0.26153815695976662,0.58290532266264583,0.77732214064617877,0.23662559978328737,0.078635661277390426,-0.3438172694821765,0.93573827429537648,0.50665679863713819,4.2335870191056424,-1.3636820492993065,,0.1852182917501156,0.2,0,6
0.95782839520221774,0.22632288066833453,-0.17703875008125056,-0.1696574806616922,0.9427109830885223,0.28724961552593842,0.23190753459056085,-0.24509988994338353,0.94135271782147067,-4.0434018814555248,5.1681216606918783,-2.3842205142245474,0.8858635707594127,0.3649746424108743,0.2276422764227642,1,2
-0.75421911902187189,0.65287893334999358,-0.070018703855806094,-0.65041792033724022,-0.75745718994166567,-0.056702154366968467,-0.090055812727729653,0.0027755708333053247,0.99593285255608399,-1.9329018280155081,-20.078138212936491,0.016042775466001503,,0.4651606775091588,0.1578947368421053,0,1
-0.85852108944499872,0.48996737257010647,-0.15123991799428813,-0.49753555952586648,-0.86732330236428323,0.014444936247589258,-0.12409635766393544,0.087648519626178145,0.98839153730790519,9.0182534785199806,14.017372861056428,-0.24361129551629113,0.438675645762375,0.286407308531078,0.3333333333333333,1,5
-0.94801663328952168,0.24742462827830911,-0.20011375846688065,-0.26419216020468267,-0.96250603901512122,0.061519324978459661,-0.17738930489965812,0.11118982948436656,0.97783938166063533,-18.178604441377502,13.762523840463478,-5.7453173536206839,,0.2533053936529699,0.4166666666666667,0,1
-0.88294180335816896,0.42651282446859567,-0.19621565290884629,-0.44787972005542265,-0.89054073049791993,0.079630168198409845,-0.14077474292535724,0.15818981600612433,0.97732208297277712,-2.2322310968268968,-9.7816069825705405,-0.84577687549125125,0.1203884127131789,0.1011237509627098,0.3690476190476191,1,5
0.21151479599822981,0.97574450749892183,0.056428247886259907,-0.96288745179593038,0.19812825815421675,0.18328379223137983,0.16765812311894346,-0.093101285740112061,0.98143920053448586,-13.184103041999654,3.854425034089878,-3.9936686950557867,,0.292577971870055,0.1458333333333333,0,2
0.87935476877184393,-0.41534605595794583,-0.23285799200026464,0.45477032539789952,0.87751351779709386,0.15216430994440674,0.14113518971434807,-0.23970331637995282,0.96053275755736045,2.9598331248479894,9.7309789742267103,-1.2507095439860856,,0.06792377356347792,0.1304347826086956,0,5
0.39494539614222002,0.90275694641496185,-0.17043482556566786,-0.89883062354333065,0.41807291761777132,0.1315999458026953,0.1900569500091302,0.10121724780934788,0.97654156311911744,8.845826449839068,0.74736939991892082,0.68025894863234582,,0.09886064764834587,0.3,0,5
-0.69628063964889164,0.70889166484567778,-0.11254278458636723,-0.71433685720903317,-0.69969609622317597,0.012174866026745827,-0.070115085986194092,0.088870582547720969,0.99357228940564624,3.0607918200739102,11.281475533541396,-1.3166468787798646,,0.7512787992807846,0.5102040816326531,0,2
-0.47176497841706055,-0.84773699002469738,-0.24244545960487168,0.85810707951703613,-0.50464532947914731,0.094790988588720732,-0.20270679619069121,-0.16332509659801228,0.96552310567865585,-3.901908012911345,-8.7005276154783431,-1.2918846391493641,0.5668532555502316,0.5530943843340905,0.9923469387755102,1,5
0.40276307783517523,0.90054787630645983,-0.16369308358223883,-0.89406792782895839,0.42537616656107102,0.14034834288099213,0.19602153851138207,0.089825605490489902,0.97647678776195079,-3.9209904671636391,-15.319240153760228,-0.80040679143332993,,0.08441904412789868,0.24,0,4
0.97148216202185134,0.069831439606031886,-0.2265965112615356,0.018720423494894448,0.93007733804369142,0.36688648244618277,0.23637249124532647,-0.36066565583669113,0.90224626908753047,5.9721803679461161,-10.530060073565744,0.92421150846854028,,0.5020269927697149,0.3125,0,3
-0.79199044520484185,-0.54924292717948098,-0.26661459383828157,0.56281891587298949,-0.82604213125408277,0.029820552120401359,-0.23661361465433328,-0.12643814430988823,0.96334178411594018,-12.928566569409481,-9.9482444408558877,-2.8335608510948047,,0.1338828429492309,0.3684210526315789,0,2
0.94011345547696223,0.31814456184147211,-0.12235492880085987,-0.26120202024426059,0.90302025302630506,0.34106880133577833,0.21899816312353534,-0.28868401478953681,0.93204149272095826,-11.076258322780674,-15.698613342277614,-2.1532582426097822,,0.1413672259247515,0.2727272727272727,0,3
-0.96260954161838075,-0.14604928624960728,-0.22815011806096305,0.14332789335180524,-0.98926352691933928,0.028544514261829086,-0.22986949639433379,-0.0052230540003449007,0.97320744671129866,-3.0376598653357867,10.61671513316772,-2.4758760710251622,0.4593596873506279,0.4663171138824646,0.8133333333333334,1,5
-0.81832885767911101,0.55412320840971796,-0.15259538194625502,-0.56708997892721769,-0.82164722707164461,0.057487303344363909,-0.093524523468077242,0.13357883120913819,0.98661535532489653,-3.9188213729752364,-20.27232066211981,-0.26506300500127583,0.8909867904272023,0.4932902075006537,0.6379310344827587,1,5
0.38778569779812549,0.90637174789998665,-0.16766784781807342,-0.90123336948167265,0.41099372013334329,0.13734109269867767,0.1933925187692957,0.097848947974308847,0.97622995091545384,5.9293909378100365,8.3504936549839694,-0.57784793704869886,,0.08247681226907978,0.2068965517241379,0,5
0.8550485301427847,0.50688701091589838,-0.1093506710789139,-0.46689596736393674,0.84431461653277962,0.26294673218809594,0.22561065302852254,-0.17377682950799472,0.95859347315021526,-10.503732661383893,-18.343881098278096,-1.9067925711133376,,0.5610763265408661,0.25,0,3
-0.78678355548418921,-0.56821149602770715,-0.24105462576273781,0.57160555708677296,-0.81812228769015205,0.062793387328224343,-0.23289208644172216,-0.088383359104457215,0.96847801105974252,13.115709095192607,3.5694348887369376,1.3711388788665124,,0.08756016732992744,0.1666666666666667,0,4
0.47654908088924941,0.86909439818410539,-0.13257413227557063,-0.85513440050163647,0.49323604936727156,0.15957241830364829,0.20407383610428798,0.03732461184761636,0.97824370315791265,11.49432695302445,-1.5548076447444628,1.3249983239174628,,0.07414274097849208,0.2142857142857143,0,5
-0.8864779794849057,0.41624929576052216,-0.20222095753711611,-0.44003842973083607,-0.89346781380493667,0.089896863430523791,-0.14325841074219284,0.16867658246921988,0.97520522879962313,-13.635286673125844,2.0401689822692877,-3.9279665356053441,0.9184293355566691,0.8434875382931027,0.9966130397967824,1,5
-0.24021137573007006,-0.88788998466020053,-0.39236446081414456,0.95555318637273901,-0.28745448519486838,0.065483027986319775,-0.17092864880636913,-0.35919534251081331,0.91747594133893617,5.0129688912194403,9.0055157484898114,-0.83425833541799765,0.5719813816796768,0.3844915161345374,0.2619047619047619,1,5
0.95259211336457261,-0.12966717768729982,-0.27523569642440249,0.2378292873499486,0.88154341190598928,0.40782158231726917,0.18975114132523996,-0.45394673250917422,0.87058995423219276,-2.0323271905581279,12.120419089269889,-2.4406963734431053,,0.3737781653756811,0.2105263157894737,0,5
-0.41782444698087873,0.906901778035064,-0.054331358366620834,-0.90841284960276003,-0.41607271030850573,0.04086067073760611,0.014450819413297596,0.066427891230818784,0.99768657858312937,4.1576102272131479,-10.028606729781073,0.46468289186771389,,0.2948434785266982,0.3928571428571428,0,5
-0.18337279649648344,-0.95303953894243143,-0.24101878498875678,0.97054046347628786,-0.21449371061289416,0.10974359599878358,-0.1562869996522149,-0.21379449319360258,0.9642957473824092,-17.892623055157721,4.3940796943660603,-4.9174228006943528,,0.08784012135685829,0.2068965517241379,0,4
-0.96281597813584385,-0.09706829825822072,-0.25211730944060884,0.14305917709517033,-0.97482787385607295,-0.17101078387663593,-0.2291712549495929,-0.20071960996998256,0.95246636375166938,-13.052068115676837,8.9336877004419666,-4.2774479275808206,,0.1275271615586464,0.3809523809523809,0,3
0.42053926178045692,0.90553579048776245,0.056139660195360201,-0.88605436361755652,0.39661199791876783,0.24001372423503101,0.19507535471051815,-0.150677985295084,0.96914485539158668,-5.940845060782264,-21.787230835448895,-0.54209070387045488,,0.535887929691042,0.3448275862068966,0,1
0.11506993131409481,-0.95899345505118971,-0.25901826977328923,0.98950411226323942,0.087713692220334274,0.11483866949426165,-0.087410083637445929,-0.26951412090288596,0.95902117594578529,-20.786378613584002,6.4750670993953863,-5.6634563418697814,0.2051321057215582,0.1820405395556862,0.5806451612903226,1,5
-0.50076500166861393,0.84503454329717598,-0.18748608945296938,-0.8653705031498532,-0.49355915517900273,0.086794312124468073,-0.019191284011330106,0.20570848541934994,0.97842511907885632,-9.0283390498340026,1.8598975242458782,-2.9515295765585239,,0.08205973916006537,0.3966480446927375,0,5
-0.46039121363452468,-0.80020304110951435,-0.38433712207801984,0.86346708619164092,-0.50417101605373016,0.015368071937202181,-0.20606921524538072,-0.32478712962559769,0.9230648942288503,6.0082702441913192,-11.881973288177408,0.9664625388700866,,0.273014727561918,0.3529411764705883,0,5
0.96772589093330641,0.15457079485363573,-0.19903383982542364,-0.11468699960914046,0.97340267652167356,0.198328317345491,0.22439583805853025,-0.16910085369020475,0.95971423306276582,3.4880751927358347,-9.0868109039604867,0.29550709310815737,,0.09108185342618298,0.2058823529411765,0,5
-0.97225692154238186,-0.082425854180740027,-0.21891198476900514,0.064310314959722434,-0.99398563927640393,0.088638210169537879,-0.22490144931216219,0.072100814661508847,0.97171025034340097,15.422300605863523,5.7502237221959414,1.6983221850192309,0.6642122540891717,0.5579620129425917,0.8095238095238095,1,5
-0.85794065517714169,-0.42761391551432548,-0.28475282518831169,0.46087475114165816,-0.88551482424471473,-0.058804419927143664,-0.22700725969521912,-0.18168609000515262,0.95679562537895635,-12.030542305248645,2.9904721679367907,-3.690807920933441,,0.08722674981285088,0.2222222222222222,0,5
-0.97620902412102517,-0.055399858917616958,-0.20963491325774691,0.038267325282791594,-0.99565268824626285,0.084919586690531179,-0.21342809805734569,0.074877099435660219,0.97408514357818121,11.413109149410257,-3.647471582882889,1.5326103258632811,,0.1039438878728762,0.4736842105263158,0,5
-0.87027289943886454,0.45506194978006514,-0.18853037517767918,-0.47346672068280649,-0.87838140874021209,0.065386276736245044,-0.13584676995843609,0.14616676312323895,0.97988822446743074,4.1090844455274285,1.4325240815595057,-0.3924778678729286,0.2466465138872522,0.2278535610232316,0.7508771929824561,1,5
0.24558975744842884,-0.90163390302475299,-0.35600839309315624,0.9672881064449308,0.20385758367918466,0.15098279606188089,-0.063556196917383775,-0.38144251269730478,0.92220508529315981,-8.8001332133800627,-21.638744881732027,-1.0801891780560449,,0.5518330554264124,0.3636363636363636,0,3
-0.97101041413582512,0.11885654038529365,-0.20739310125318752,-0.1353699768518431,-0.98850761117824626,0.067287978196783851,-0.19701204279664558,0.093412126891097264,0.97594079202725037,-20.093455150017686,10.769741084876308,-5.8638690343042557,,0.1504701760908534,0.3333333333333333,0,2
0.90254570989642025,0.38224470860852211,-0.19824284170772249,-0.33407657312709998,0.91208404738118865,0.2376878915729673,0.27166907228321074,-0.1482958976288129,0.95089654637675725,-6.439565732598286,-18.744109052881168,-0.99930135648168084,,0.1684110889382147,0.3529411764705883,0,4
-0.97448563556183065,0.031007587973632057,-0.22229771832322687,0.0141190312824046,-0.97998136364444688,-0.19858796505633744,-0.22400535493443394,-0.19665974778186848,0.95453996488521653,12.407577309213329,2.60592441552062,1.2808857560077227,,0.2992404218775296,0.375,0,4
0.72281072438342375,0.68222204325946456,-0.11008060867923271,-0.64493325767998855,0.72317923774515158,0.24712928444969376,0.24820505606168944,-0.10763305154654683,0.96270939351405049,-9.8787277970815541,10.052841542670281,-3.7665632617777218,,0.6980244781397378,0.6851851851851852,0,2
0.4825594670394609,-0.84411268815782103,-0.23368810509217142,0.87585418891487943,0.46627250932053221,0.12437598969332403,0.0039749881573658856,-0.26469551704347472,0.96432384743209443,9.5720567643671437,-3.8845978805662158,1.1106265206017261,0.4092384348810358,0.3867451318561277,0.8383233532934131,1,5
0.87137105832004114,0.45192061388989013,-0.19099800382097362,-0.42746243690213936,0.89037533370749111,0.1565491301890819,0.24080769040854239,-0.054767909095184628,0.9690263837344395,-31.687867766972452,1.7177058653279589,-7.4495747685132647,,0.3173366010605637,0.6363636363636364,0,1
-0.21033549175646529,-0.90028420504153639,-0.38111327851479276,0.96210142362755391,-0.25982245241454005,0.082783717451726482,-0.17355065992786986,-0.34925727390280964,0.92081459863784643,5.6445521878176894,-14.018496992609549,0.93448733268929129,0.2289052196723076,0.1945891714813471,0.5135135135135135,1,5
-0.42326560916297046,-0.8352254743350449,-0.35106214709321637,0.88465820687800356,-0.4646232221959728,0.038795855443944094,-0.19551491273888874,-0.29414905816274717,0.9355481016381112,8.3328320938872764,-0.95742713130736645,0.6734103032423987,,0.08196851902217751,0.3333333333333333,0,2
-0.77018514189529497,0.61595012853975906,-0.16559071941258693,-0.63108188177904545,-0.77355704346521947,0.057837349486011623,-0.092468944483771728,0.14904677003277292,0.98449710748628139,0.63997349768768508,10.477203259425719,-1.7310297822296643,,0.08506598496063197,0.1481481481481481,0,5
0.85816985460426654,-0.46253184457993191,-0.22273031539953728,0.49628361222957279,0.85845482776655757,0.12945224956197876,0.13132812676977718,-0.22162942366431299,0.96624702932809359,4.502619075124362,-4.2649623548408924,0.057684443210304692,0.1924237646881387,0.09162266093042494,0.4285714285714285,1,5
-0.38859780774613728,-0.87602183105692022,-0.28561774336790924,0.90347425861875497,-0.42312549262714605,0.068549846843929729,-0.18090331071649107,-0.23140995873279904,0.95588881318440855,2.943418762249923,7.7571204503918496,-1.1601698758433023,0.2846146005863199,0.1737390144328485,0.6164383561643836,1,5
0.82891369183063346,0.54612913032509669,-0.12101679431411405,-0.51258659086120117,0.82820628925400985,0.22655976983876963,0.22395776022500938,-0.12576690920292999,0.96645000190622421,-4.5151019681515834,-16.437018634389371,-0.84565060727700514,,0.1527742705201092,0.1666666666666667,0,3
0.71019623786793917,0.68637550247815016,-0.15655661377307714,-0.66486217757032473,0.72703322678271154,0.1714087862111052,0.23147265185043209,-0.017645303958432387,0.97268137367461871,14.45452467262186,0.26291498717095985,1.9089140159894622,,0.09748148910119024,0.25,1,6
-0.10011445320548483,0.98645076512275198,-0.12996916652846219,-0.99079948130347073,-0.086884079193135968,0.10376677999982967,0.091068568167831432,0.13916193722242162,0.98607325849571792,15.546008089663731,-2.4305786615274387,2.3559219028093543,,0.07994899228152175,0.1739130434782609,0,3
0.65399433042846644,-0.72016635902360138,-0.23162864913069733,0.75442416955781177,0.64354032840608044,0.12922854987192572,0.055996322686661167,-0.2592609902119557,0.96418263352950329,-9.4779767317613857,-5.3926367286647725,-2.5574112158793705,,0.07207500966121963,0.3380281690140845,0,1
-0.79909296964922438,0.57689770944932539,-0.1692319671022828,-0.59218384857769213,-0.80385946857135016,0.055930709560149498,-0.10377242090699951,0.14491027437801113,0.98398795573868314,-3.128332553657843,-17.044717130600702,-0.56043842597579674,,0.0975467369510187,0.1944444444444444,0,5
-0.55784641631448728,0.8214706066565306,-0.11829377922965494,-0.82968775332270372,-0.55552326695901511,0.054882892175122204,-0.020630263968423865,0.12876312463797068,0.99146076570989872,7.4786273198550042,8.8290051556132898,-0.26323253550758624,,0.1037371727411132,0.1666666666666667,0,5
0.43672245141951954,0.89147680349811642,-0.12059274128614492,-0.87990634847222593,0.45120136029884222,0.14893673281883382,0.18718525140726183,0.041066303574292556,0.9814658630672517,16.486203118254405,3.9108802630554336,2.0728350234358066,,0.1369608934864463,0.3333333333333333,1,4
-0.97160492209467209,-0.085215764717572653,-0.22073094211054217,0.07898000489683997,-0.99619153520740844,0.036940276225330866,-0.22303818997629837,0.018458023315293469,0.97463494047124677,1.3901534816717445,5.5707400384806869,-1.2971624163584916,,0.08297512206752319,0.25,0,5
-0.7495405160036207,0.64370485719634074,-0.15437963496156579,-0.65348181953402384,-0.75674116232445798,0.017444907059986078,-0.10559605299218899,0.11395994939305945,0.98785758261340706,-23.763355331081321,11.200854391931236,-6.6519278846937491,0.5315178964778092,0.4376471953936991,0.6046511627906976,1,2
0.049920150668983546,0.99646920415051177,-0.06750632368032479,-0.99361731292894961,0.056395627814824399,0.097694260891960427,0.10115638390650683,0.062198539717734612,0.99292433128206781,-17.553358905946212,-1.3373668871394713,-4.3259179534320662,0.6291735419108166,0.6869474521225883,0.3006756756756757,1,2
-0.95706965843109537,-0.18236494187477995,-0.22530134683484515,0.17675275805212975,-0.98322551981958028,0.045011550700697615,-0.22973056268496866,0.0032565550086521458,0.97324881886284553,-5.1380456703133071,14.087129298121216,-3.1585779319204099,,0.152772814497142,0.2,0,2
-0.65269261115878463,0.73871307775456074,-0.16821219959655268,-0.75557695300994132,-0.65098901078515936,0.072916225335455914,-0.055640124181555992,0.17468914274030456,0.98305029372342756,-13.120148455678814,12.31531912031695,-4.6259563681026021,,0.09929228603750159,0.2941176470588235,0,2
0.89354382159388079,0.40398156022113596,-0.19590389963627142,-0.37978428910618189,0.91281524322097107,0.15010737987037848,0.23946467931516216,-0.05972629860233216,0.96906627049740535,7.063359998696404,-0.45302315887296585,0.37411942879686755,,0.07432840948655263,0.275,0,5
0.95534204943213896,0.21587836700502144,-0.20178726234835989,-0.17858877473165299,0.96583987435842988,0.18777482962084938,0.23543070769686658,-0.14335225062250467,0.96126089804735904,-6.575443859761763,-20.492449942641475,-0.78550242999825681,,0.1632908403860657,0.1333333333333333,0,2
0.67269570861297934,-0.69665953618845966,-0.24929094297900464,0.73706568137990647,0.66048464554558028,0.1431580047727089,0.064920450904590712,-0.2800455742128572,0.95778902239383368,0.081142290107523316,1.5706791128139763,-1.2869248868477297,,0.07418490433620137,0.2608695652173913,0,5
0.33079699701020054,0.92588137187270625,-0.18252953730328064,-0.92521426805344309,0.35628996409731839,0.13052210415812343,0.18588142715012151,0.12570261215522863,0.97449830596978837,-0.82277273659522165,10.668047142135805,-2.0588687058373423,0.4879179211277476,0.4192762671393183,0.8226950354609929,1,5
0.81548051025761692,0.56915724990158589,-0.1051264109272345,-0.5192152447115238,0.7996401896549068,0.30164730522220501,0.25574805385208788,-0.19140426320521037,0.94760611066927025,-8.5416362492281479,-19.361781657405349,-1.3456355725619316,,0.3334149232595793,0.1333333333333333,0,5
-0.90775392585053682,-0.31178538780356441,-0.28066471465989395,0.34474369827044971,-0.93564666382121986,-0.075611526786826158,-0.23902843472221416,-0.16539405198616686,0.9568229799507566,-15.516116225018001,5.8657591425719513,-4.5662266232231481,,0.09827314610097082,0.4166666666666667,0,3
-0.043843366798785283,-0.95811920230874648,-0.28299355709096935,0.99084183263083214,-0.077913757674937204,0.11028104584989352,-0.12771147911022845,-0.27556676238658345,0.95276058775080286,6.700645741323048,1.5903496663045431,0.1480760190811668,,0.0776001151874206,0.1956521739130435,0,5
-0.9146827678981807,0.38106479582963976,-0.13470358380324926,-0.38023767494666427,-0.9243056468747648,-0.032838722669716838,-0.13702096431305316,0.021182363766553278,0.99034163943761533,-0.51115496355972112,8.4935239102197784,-1.8582603380852765,0.1476455396796773,0.31018261021336,0.5416666666666666,1,5
0.33288494664250223,0.93149643377540203,-0.14663562378401243,-0.91866589542104471,0.35543693871498633,0.17238780463585246,0.21269834246901906,0.07732384147613941,0.9740536117947024,-0.72407255381695701,-16.769855515488779,-0.1342523576858452,,0.3992229282806394,0.4615384615384616,0,2
-0.48812199862690092,0.86795984729706588,-0.091556637861673465,-0.87253918972650868,-0.48773789251886146,0.028055491310386142,-0.020304601643158362,0.093581257104793314,0.99540457677810557,-7.7388730059457345,-21.280787710775851,-0.88331988585295407,,0.3208447200340146,0.3529411764705883,0,4
0.97037705283906039,0.12759561578396464,-0.20515295307669923,-0.081186441439340867,0.97199694360415489,0.22052370246891378,0.22754590097339913,-0.19733550227187308,0.95356256349193569,2.4047979818635801,-10.131168501491612,0.085655601850342433,,0.312423682570817,0.2162162162162162,0,5
0.77253897499227353,-0.5947698687656896,-0.22233383756488731,0.62715675799314086,0.76948255950128419,0.12071036213549939,0.099287124147182576,-0.23269162819447342,0.9674692104386502,-22.837576538831765,2.8972477948376492,-5.7796877368988975,,0.0862622246230781,0.34375,0,2
0.027084776807115674,0.98291131744319105,-0.18207623927190458,-0.99200268214613985,0.048890615071512343,0.11636316587646602,0.12327649200140896,0.17746844733647824,0.97637485461261575,9.0546317403485883,5.9339662733385117,0.34674096588257441,0.4239572222298932,0.3630724181670978,0.509090909090909,1,5
-0.89535653492989564,0.39694316011991115,-0.20192276491854438,-0.42104515995768177,-0.90222019859662139,0.093379261725953663,-0.14511253782682365,0.16862633506748753,0.97493974710602871,-4.5940234771526347,6.9247067098150712,-2.5982384696919554,0.6200959224374863,0.5967536873085197,0.870026525198939,1,5
-0.85412386397689355,0.48337517541823616,-0.19188763580431839,-0.50382043548227029,-0.86056562963759797,0.074778110947657739,-0.12898602162884498,0.16054668129810118,0.97856393217230797,-1.816012472944297,8.9540019156857777,-2.1211188013471425,,0.284889926011649,0.2592592592592592,0,1
0.93723613761300484,0.31022589114824056,-0.15921155364336867,-0.27236772280237681,0.93641000833204113,0.22125125959196917,0.21772516144833362,-0.16400058767231682,0.96213281895766889,-13.44175169632423,5.1300486090965967,-4.1452471183834474,,0.1535410991897034,0.3974358974358974,0,4
0.4009323055247741,-0.87533844598079036,-0.27025153352853482,0.91595608304799869,0.37765981076601385,0.13563746259624179,-0.016665542714160306,-0.30191997668275317,0.95318759295635447,-5.8349330467995921,-16.901583131172142,-1.0237666559309211,0.3437148381662621,0.2270284809171809,0.4594594594594595,1,5
-0.78694138956569848,0.60334021347805566,-0.12924332164046648,-0.60368723349383957,-0.79616829640404707,-0.040960565396870582,-0.12761259148282036,0.045788979037877611,0.99076656983050615,9.1476823841249182,-2.6493090138518274,0.92428949214368306,,0.4061085449160891,0.6875,0,5
-0.73982244791146878,0.66631993261680877,-0.093169163159352114,-0.66778888724911611,-0.74410849425709735,-0.018988176348020202,-0.081980166094428236,0.04816945268494801,0.99546921408708733,-8.6988134721433656,9.7792908235217304,-3.5097750100248715,,0.5092729458885058,0.2105263157894737,0,2
-0.30658053041166772,-0.91050073719872937,-0.27748294710318927,0.93566122843397304,-0.34180628102714139,0.08778685468692829,-0.174775410106598,-0.23271629468295876,0.95671138919274157,-6.727918958099524,-23.808784527184248,-0.41801021722972453,,0.1315068892047883,0.2857142857142857,0,2
0.69790002303360477,0.70333320070095073,-0.13512204350678367,-0.67765691253006743,0.70954171896322837,0.19321402110334218,0.23176856290254227,-0.043277682960877431,0.97180778727463757,5.5338491850406006,5.3982167595758783,-0.41034299158450083,1.049105835847619,0.7539236723297618,0.8017241379310345,1,2
0.69436118568148864,0.70120806032561445,-0.16177082540862661,-0.68263091686281241,0.71295612767998084,0.16033898885362985,0.22776649262355267,-0.00090340354103259535,0.97371536328642194,-5.1594298050901424,-18.993753877579152,-0.69658185007988738,,0.107224673599594,0.375,1,4
-0.71022126865771096,0.70088077834971885,-0.065968811465145841,-0.70222303012082332,-0.71194646768390824,-0.0038785461625719191,-0.049684660753205087,0.043570192704394627,0.99781414742102204,15.69829461053744,-1.5983328108708945,2.3235809485971468,0.2535505944716142,0.2323507227656663,0.25,1,5
-0.85996744285630189,-0.44325576190291682,-0.2529433271842898,0.45252129991014789,-0.89143991188175675,0.023650721593137865,-0.23596709591556175,-0.094123392650875617,0.96719197504997201,-21.966675852548015,-2.1079177518160841,-5.1439860509568947,0.3195609270069101,0.3456625240588098,0.8059701492537313,1,3
-0.45549614231791641,0.88977997318767987,-0.028545816639706938,-0.89023125475729825,-0.45538114506742972,0.010785442518629455,-0.0034025559132312994,0.030325105625665403,0.99953429685131334,-1.5705547753779094,1.2890959415040872,-1.6587070951219716,,0.5540265289210182,0.2559523809523809,0,2
0.95914109310858586,-0.20250673398952809,-0.19758387130370905,0.24848039164102745,0.93688241237002379,0.24598544745908313,0.1352991444185358,-0.28503046868820575,0.94892137368645735,-6.3502687474714854,-15.119165876412961,-1.261172618714488,,0.4695003601602012,0.2592592592592592,0,4
-0.46772918525476076,0.8642196218761774,-0.18534792803027106,-0.88360453944423478,-0.46234804463195528,0.07400880689856594,-0.021735388987994569,0.19839034953647397,0.97988205518640681,6.4255308966382012,11.737102927208198,-0.64410292297597549,,0.07153625895272687,0.3,0,2
0.80303617675028416,-0.53939566844694098,-0.25334800510555849,0.58533653009952058,0.79373686620836414,0.1654174529872238,0.11186619400579259,-0.28113004123075291,0.95312740730515955,11.465849239960148,12.546825809361184,0.39519589074278555,,0.1066280406796347,0.3846153846153846,0,4
0.87997903792423204,0.44711279744302462,-0.16039650612346987,-0.4163515877481353,0.88855483336735708,0.19266983022548045,0.22866623754623319,-0.10276407184508321,0.9680657505274467,-14.176855956610547,5.8464160922385702,-4.2614441420525644,,0.1529400728182015,0.2950819672131147,0,4
-0.12864839879951315,-0.9520210144837391,-0.27767891073625706,0.98207774045184004,-0.16119689919919819,0.097667145947714612,-0.13774215475057014,-0.2601375552854997,0.95569636974028227,-8.7639568074700716,-8.0640737788937926,-2.2189007059442956,0.3483789489412005,0.1216199970289012,0.5223880597014925,1,4
0.4292420248264347,-0.7530161586640417,-0.49871630103070869,0.9031275905095798,0.35138203999176298,0.24676145815663103,-0.010575414094127183,-0.5563248392459903,0.83089760732274331,-10.510666107122919,-10.3197161859994,-2.3892709857742189,,0.4468395971998869,0.1578947368421053,0,1
0.96842339899345398,0.028087505662896313,-0.24772406485362056,0.050154880530480749,0.95137064439690588,0.3039381268264772,0.24421426707081886,-0.30676536474225902,0.91992086765852343,19.424252820950741,-15.612779955990455,4.2642252870946606,,0.4348736432117726,0.2666666666666667,0,3
-0.61091382734187505,0.77089399125159952,-0.18029628341893475,-0.78941474981708015,-0.61042608001954135,0.064840987062303748,-0.060072026216359958,0.18194080104296467,0.98147282009340731,9.2313849819892084,9.3767403500894879,0.09715256065577979,,0.09370144822408709,0.5625,0,4
0.72103007575733358,0.66390013673389547,-0.19837398594091979,-0.6518769365928907,0.7469946388618024,0.1305965889676815,0.2348873972601378,0.035151357817871251,0.97138678838654069,6.067992359739856,7.3735494211609058,-0.45891096381086266,,0.06973144661734365,0.1904761904761905,0,4
0.24808194642475537,-0.86723905327722917,-0.43168480669224313,0.96454976314324048,0.17973138946348208,0.19323659607290836,-0.089995012519711801,-0.46431998892180021,0.88108333635884617,-20.420799288381406,8.4635714082085958,-5.7552585589108896,,0.5484627283092836,0.3703703703703703,0,2
-0.41734890785643664,0.90677409210720206,-0.059838407350120054,-0.9086411615945843,-0.41539320337513669,0.042658247101669079,0.013824925572467934,0.07217501280153453,0.99729616411576283,-7.222147922491498,10.124197008488784,-3.2406194317768087,,0.1385021853172385,0.1111111111111111,0,1
-0.89939019202120962,0.41032248073547312,-0.15077381834767828,-0.41100491630146252,-0.91120083847516098,-0.028071172725611274,-0.14890346292843293,0.036721843162491288,0.98816965393735401,2.8983867970921526,-7.3384186331966754,0.025516598043844107,,0.4852916771001957,0.2758620689655172,0,2
0.92534501714677797,0.34044651230817935,-0.16683156625418963,-0.29549099236431764,0.92333187516447557,0.24524135405107481,0.23753246656653107,-0.17763563989934689,0.95499942762515311,-5.7494242254754369,-19.794049473996633,-0.7016181802927719,,0.09301130229326862,0.2142857142857143,0,2
-0.027206907095555392,0.99904253878462046,-0.034260617406512983,-0.99036420894715471,-0.022283244896360892,0.13668281030680773,0.13578850408915991,0.037649205777419134,0.99002223180166982,0.37193955157499026,15.763851691009039,-2.1830116523825969,,0.2165358880462794,0.2307692307692308,0,3
0.80790901604036969,-0.49803908767050387,-0.3150239498086011,0.5792815324560675,0.76935492358224578,0.26930634547872284,0.10824014022547297,-0.40006258099463288,0.91007362522593815,10.604052867114801,1.3786213423672586,1.0176157486190303,,0.3451569598297261,0.1142857142857143,0,3
-0.44680538302307427,-0.76106288853887849,-0.4702639996751421,0.87216575253999817,-0.48761151202679187,-0.039521050533657842,-0.19922813505612619,-0.42780637329030519,0.88164043531036718,-0.42529553409437237,-14.97551853581091,-0.25820081378673032,,0.4531492870817554,0.25,0,1
-0.082959802050893858,-0.93460707927585218,-0.34587176613758863,0.99107486541852519,-0.11371609911261933,0.069564789500568991,-0.10434693277392511,-0.33701373291019948,0.93569945038489999,0.41146024330233666,11.696874046873726,-1.8388319753401607,,0.4655706059090031,0.4259259259259259,0,2
-0.71568013507432171,0.68207437060735809,-0.15025477436865758,-0.69280719036400829,-0.72053642667439244,0.029076705714817758,-0.088431562464589997,0.12490720874262484,0.98821963548808178,3.9559323497255465,17.657463305583999,-1.6183059528509185,,0.2026127546351419,0.72,1,4
-0.89548131952080934,0.42694899312484913,-0.12580844033270377,-0.41806569215799483,-0.9038006769261695,-0.091462634054866238,-0.15275563305399503,-0.029306887543290985,0.98782934908454612,2.0529107695846207,3.2285240581727277,-1.0225301922857637,,0.3033066535084271,0.2432432432432433,0,4
-0.50300164597766728,-0.76340533016534096,-0.40521802282093095,0.83895585930003869,-0.54394478578877392,-0.016647406985435088,-0.20770751139496885,-0.34833370765453087,0.9140684973358163,-0.1125655084032967,-1.7134034903284425,-1.0492563875645393,0.4920866852644222,0.5364131529981279,0.2802669208770258,1,1
-0.51666930243360143,-0.77487593820523581,-0.36417044404142762,0.83099054534441064,-0.55626716498265183,0.0046427050694206121,-0.20617358092387592,-0.30022345270267975,0.93132074656173491,7.8730176072701932,3.4619993388275354,0.22510368966477146,,0.1221496097102483,0.3076923076923077,0,3
-0.95253332128926194,-0.20658302555812366,-0.22361512780869333,0.19819110398009476,-0.97834986346826491,0.059597239489573496,-0.23108560780974202,0.012449827423620051,0.9728537627312358,7.2685586096320076,-1.7391900461157188,0.45772580267044793,,0.06838080582075291,0.2666666666666667,0,3
-0.47125617045772766,-0.78054356233743216,-0.41069376559561949,0.85832026411633777,-0.51301934502025737,-0.0098729854779321356,-0.20298755137391683,-0.35715948668428038,0.91171988848474961,4.2375544185599461,13.58205823302251,-1.2313441412903796,,0.7928300601599689,0.4516129032258064,0,1
-0.58429003860927764,0.80103837484596641,-0.13016402270252286,-0.81079751446464998,-0.5830764667756434,0.051275963475872322,-0.034821564007317785,0.13549670075897108,0.99016569460041348,1.0331226259594768,-14.964639889904573,0.08994350632262206,,0.2602454346488797,0.1538461538461539,0,5
-0.72697313392335727,0.66729019915413745,-0.16196867804141513,-0.68194039159721409,-0.72922343951201396,0.056484312640818719,-0.080419928263398346,0.15151556150804843,0.98517798887257435,-3.6452458686397065,-22.036773252952401,-0.093763360711764096,,0.1339957071324659,0.25,0,1
0.015588482392102747,-0.93400162736742498,-0.35692850725560143,0.99360330606689362,-0.025460585514706147,0.11001921994899912,-0.11184573925567752,-0.35636037751165489,0.92763021293514436,-17.471728947591359,12.669223893395419,-5.5034615605436112,,0.2273854809836216,0.3333333333333333,0,1
0.43841620188368091,-0.81232896115133157,-0.38459445237897771,0.89858928230193225,0.38753944024285336,0.20579233219037571,-0.018125552625661904,-0.43581514559621959,0.89985366766544883,18.757514231909795,-12.305374011941804,3.819930725754753,0.86996989948776,0.524337536040646,0.3043478260869565,1,4
0.87974419956748739,0.44618183695222563,-0.16423127504010401,-0.41088362805738998,0.88727825535214844,0.20955176394782221,0.23921703016666088,-0.11687200671326291,0.96390671048865395,2.2453747507519313,-8.6901488495962447,-0.023526113710486487,,0.07795769535090535,0.2,0,2
0.45861579355882831,0.87698514161769459,-0.14341762541681424,-0.86949704771444858,0.47617024116144707,0.13128893878810299,0.18342965385744792,0.064490021042334464,0.98091518454537918,9.496540858491219,-11.650186978746277,1.659036186242504,,0.1745035713710247,0.15,1,3
0.34396268588063689,0.93785656897686753,-0.045986158229590117,-0.92110946355931778,0.34652051594823996,0.17742854383788367,0.18233767263855422,-0.018670512952357089,0.98305868852416545,-18.858821200651875,2.1191695882909531,-4.9067448195155414,,0.3467430609088137,0.5526315789473685,0,1
0.98423010542335709,0.06582686453892779,-0.16418868256765143,-0.022856002369503737,0.96772455993428708,0.25097167022529732,0.17541009872300004,-0.24326117652630849,0.95396818461677391,5.388360254166094,13.129928295933201,-0.95131624062333864,,0.1718580661713218,0.4074074074074074,0,3
-0.86724091443577367,0.49227595264247787,-0.074549197034871964,-0.48445211476670946,-0.86887430980659452,-0.10180168100860121,-0.11488840161942508,-0.052171066771294537,0.99200747727286764,13.010735136168069,11.476686978050616,0.78970890182328013,,0.2545616240255802,0.4,0,3
0.80833135385587929,-0.53588307033051874,-0.24378219234935664,0.57830366888597262,0.80032424065303054,0.15825920629200199,0.11029636860090092,-0.26890601472686954,0.95683032263676093,5.7872455839175538,14.714918435760589,-1.0325882546496796,,0.05633278055258211,0.3333333333333333,0,1
0.80972001371086832,0.56094461879831414,-0.17232131045603458,-0.53580617045504031,0.82648864318493753,0.17270862858764535,0.23930158189693473,-0.047514811664731475,0.96978198352727185,8.4904660072586076,11.647210061130657,-0.17488441195489324,,0.08001799745758893,0.3076923076923077,0,3
-0.67878136027592229,0.7343171404323211,0.0058482654922453877,-0.73153827601032795,-0.6754747026394321,-0.092658927395087812,-0.064090683205956109,-0.067173382834793571,0.99568073244626176,2.2479229276594617,16.16326914126271,-1.8257720714326802,,0.725276131782199,0.4375,0,1
0.95006198212222537,0.27186242239396774,-0.15320918189218422,-0.20420106280512931,0.91285472557361713,0.35355081098361535,0.23597490560490564,-0.30460970649012542,0.9227831655577361,-7.1570084378871837,14.53046323524401,-3.6165749945503114,,0.2408278255253182,0.3076923076923077,0,3
0.092235546571732274,-0.89702580956833444,-0.43224680556007467,0.99244747215236107,0.04755982913053064,0.11307553966912577,-0.080874093299418928,-0.43941183372930448,0.89463770399623099,-6.6825719325121682,2.487244591241871,-2.6430686681733531,0.8985032433199516,0.3710108806439251,0.3098159509202454,1,3
0.93135448632321571,-0.29834258251071116,-0.20873553666412215,0.33603988308842431,0.92501694522412992,0.17725926780323176,0.14019992075439169,-0.23523467964791928,0.96177368840668742,14.825089320797346,-5.2051969508629572,2.3881451042109743,,0.2242207595546886,0.1891891891891892,0,4
0.91716086771334704,-0.28897545237598776,-0.27442509116222091,0.36548188327603587,0.88444198385981865,0.2901471526365712,0.15886766735966845,-0.3664090134128809,0.9167908699139059,-11.037468147944564,6.9931110926476245,-3.7843401728243147,,0.7977789224362224,0.5084745762711864,0,1
-0.45839551821670393,0.88452440553882661,-0.086545507595857663,-0.88855367398952156,-0.45407916721980768,0.065455926673520085,0.018598852614145754,0.10690503216945015,0.99409526544405513,-10.732463357568214,5.1245749882568763,-3.635910663776281,,0.2739553063141287,0.3714285714285714,0,2
0.75779909161897396,-0.58302633723671016,-0.29295191897272849,0.64606215813172574,0.73331361701383979,0.21178958173681972,0.091346727208123993,-0.34975910165487578,0.93237564652769622,13.888459013435966,-11.105408349116216,2.5390296271611348,,0.08162085898309104,0.25,0,1
-0.26070643342915639,-0.91402248393078278,-0.31079744921355384,0.95334508032079568,-0.29449405000441919,0.066380813042105316,-0.15220155517203215,-0.27899131416765893,0.94815533180076494,-10.255805950681873,-23.713403746941367,-1.1830511412213958,,0.2254774550466985,0.4666666666666667,0,2
-0.79894705014121636,0.58899480377191915,-0.1215266727937796,-0.59186695661388289,-0.80589953194358366,-0.014813847634308104,-0.10666356800364449,0.060092142105193501,0.99247761572639048,-0.37905796244730661,13.777811165177758,-2.2277223386462275,,0.1482074850127146,0.2727272727272727,0,1
0.65774775318189482,-0.68008202330172063,-0.32381527877172034,0.75106252206174862,0.62480195834684571,0.21337197754201898,0.057209974116535181,-0.38355045877665706,0.92174620391613304,-3.7698937199755544,-13.283603999621512,-0.91254342599498228,,0.7375479610260932,0.28,0,1
