axis_00,axis_01,axis_02,axis_10,axis_11,axis_12,axis_20,axis_21,axis_22,location_x,location_y,location_z,dbh,dbh_approximation,score,reconstructed,number_clusters
-0.42314016092877854,0.89128358430507992,-0.16299072537251086,-0.90594200564381722,-0.41322657384277428,0.0922652755928276,0.014882426523440224,0.18670128820780024,0.98230399691863346,-6.7312685394580223,-6.6791375218860676,-6.3460518257991181,,0.1004386544275606,0.2688172043010753,0,4
0.97241740318288161,0.11676781616956008,-0.20191500958089845,-0.066101433295516487,0.96813851124620687,0.24153348330667981,0.22368503415146232,-0.22152449108162203,0.94915325703897213,0.2047892285233901,2.365032205583808,-6.2746506708185148,,0.07406167734574502,0.3243243243243243,0,5
0.76738687610221212,-0.58740533077375068,-0.25704544299533449,0.63452615486437169,0.75334570059216266,0.17276230547297616,0.092162580145753778,-0.29567758247436204,0.95083164968515521,-15.937604654109935,0.73576379515791457,-9.4680312984971824,,0.2590387626168799,0.7801268498942917,1,5
-0.47362668359867943,-0.806938507772609,-0.35288526358723343,0.85927268009170454,-0.51127238131849484,0.0158434008008091,-0.1932051392466978,-0.29572080882925766,0.93553245662244866,13.323553586784792,-1.3935515073867795,-2.7016289516123062,,0.1737442285284941,0.4807692307692308,0,8
-0.971569602905487,-0.087447872172505881,-0.22001221866654669,0.076137436573375974,-0.99532707094421347,0.059389499052010956,-0.224177602498801,0.04094986566662618,0.97368758389936139,-17.060136325888578,15.641064836809839,-12.078367275371685,,0.06226077719050094,0.3333333333333333,0,1
0.96962133163426778,0.15432528194067249,-0.18978456363393076,-0.10675739145079267,0.96505518122408451,0.23931434675583482,0.22008483048681884,-0.21178339062939211,0.95221345445394068,-10.152816513460101,0.94012124361469207,-8.2718417148636867,,0.132019110923439,0.3745704467353952,0,4
0.92337780257197855,0.33703474137101536,-0.1837961284312534,-0.29904100106546166,0.93170631269373905,0.20615000986758095,0.24072372836742026,-0.13539176487368035,0.9611041341110127,-12.515812026217025,-13.820722667221569,-6.5560017666337282,,0.116418171304541,0.34,0,2
0.083743681445719753,0.99535405852678616,-0.047510988120364715,-0.9868491162805153,0.089454639623662457,0.13463539336358604,0.13825996352626704,0.035611313147036562,0.98975553388786852,2.5276443155726462,0.35594413783448908,-5.4337772980044994,,0.07619654200490415,0.2105263157894737,0,4
-0.39863415672772323,-0.87308738722802715,-0.2807298048895322,0.89571943160889678,-0.43637347437757401,0.085234328165831819,-0.1969200572014258,-0.21747782673868774,0.95599471020963589,-13.074475824049301,-18.657142827482289,-5.9917095149740272,,0.5453983163974274,0.6190476190476191,0,1
-0.96777862117237468,-0.093746743220183198,-0.23370085266704818,0.0793452640034083,-0.99436504335352371,0.070302842309352173,-0.23897462099964872,0.049494531941955223,0.96976359068894735,-5.9918198392458013,10.077461261887892,-8.8340195524526894,,0.09160628728023062,0.4047619047619048,0,5
0.55531541474910451,0.83092617105108224,-0.034445440981620175,-0.80156915748100022,0.5458139326078566,0.24407793170695816,0.22161154283392012,-0.10792983477025436,0.96914368122030081,-12.312494336313144,-9.7321118537994664,-7.1276106714806522,,0.1743917385890367,0.131578947368421,1,2
0.8104723832190216,0.5750703218507941,-0.11148381481499006,-0.5387637470671196,0.80650532869422831,0.24348055288669629,0.2299307306244118,-0.13727082615850497,0.96347733725307994,-23.281573283671499,8.7306660077958664,-12.261404666201175,,0.4048067015685273,0.3255813953488372,1,4
-0.0084052495808208325,0.98930031347861058,-0.14565109519192609,-0.99289823053250859,0.0090287212024553008,0.11862371600511608,0.11866952256117919,0.14561377663041272,0.98219864206306584,7.7261074315054783,-7.7672201705526813,-2.9427578517554953,,0.1060788137771961,0.4705882352941176,0,1
0.68855050422002662,-0.68546003868338912,-0.23673347567785083,0.72225480587841617,0.67752963174229386,0.13893017489618606,0.065162861538457725,-0.26664233249677399,0.96159017673684744,-0.0072084582122915342,-2.5627328493397394,-5.4926238241723988,,0.1038451300756988,0.3636363636363636,0,5
-0.038133784391712076,-0.93392082777068119,-0.35544015240838089,0.9965180666047434,-0.06193428728589908,0.055820130676421602,-0.07414551515979563,-0.35207390064376304,0.93303076640975524,-10.125749448351305,9.1476177556574871,-9.5761757426137812,,0.279776532118174,0.3142857142857143,0,4
0.098146973123046211,0.98423029985375576,-0.14716619352476903,-0.98591327344259638,0.11628986700891457,0.12021515745010307,0.13543333753728501,0.13329434977085355,0.98177921520201128,-2.1866417786648875,15.412129785847199,-8.9261204549153188,,0.1822355443185984,0.5161290322580645,1,5
0.74030707168531518,0.64940714538748179,-0.17382692292160976,-0.62798158788287506,0.7603168667388196,0.16600417896115408,0.23996784137216437,-0.01373396054115044,0.97068368351128564,4.328850426287751,-4.633447833360246,-4.1794793395136249,,0.07569452853584288,0.28,0,5
0.67264800677597403,-0.63113492423044493,-0.38628146007405129,0.73578572580736945,0.62587002250506829,0.25866209739277446,0.078511302870560309,-0.45820892870625857,0.88537029144614476,-1.9955138037959153,-7.2976736736572887,-5.1848511260276293,,0.1770064247016091,0.1798561151079137,0,3
0.88700644614584068,0.44935726391496311,-0.10629023408847625,-0.39213134679384154,0.85458126651774635,0.34047594008765458,0.2438289797324612,-0.26032462097116793,0.93422616124728819,-0.093737885447006827,7.9473909571238499,-7.203792555131904,,0.5823916302474209,0.4186046511627907,0,1
-0.87830672785723474,0.44784412612597857,-0.16737063809155839,-0.45710967052951451,-0.88919691967377734,0.019482996460095808,-0.14010011031086117,0.093618784104067668,0.98570151788143234,16.128135811108034,-1.822039166290301,-1.9939584448717449,,0.09244691875923287,0.35,0,5
-0.77655590073312875,0.62923459818416783,-0.032011771031413172,-0.6272352246683971,-0.77688605079261008,-0.054991244930872735,-0.059471892283196708,-0.022624865344808252,0.99797355150143374,-1.3425389739336924,-13.777861355965131,-4.0874214397693214,,0.3847306576283887,0.2702702702702703,0,3
0.68523975077983013,0.71912409177050984,-0.11535607737104797,-0.68282067390351886,0.68942739748998061,0.24175564291270721,0.25338194734657066,-0.086893062009755648,0.9634558549998169,18.341644238271979,-0.46806927684549932,-1.6944846190558942,,0.1933105331093504,0.5625,0,5
0.96419905507292725,-0.13111244468946112,-0.23049882655672593,0.20291542709823174,0.92438829159884872,0.32300404920140624,0.17072056596091981,-0.35821196686112444,0.91789905499214253,-6.8691545618065053,-13.701793744194291,-5.3204026056482316,,0.512615513690068,0.1090909090909091,0,2
-0.21326187389422976,-0.94640706062533864,-0.24255524884369808,0.96390967155801344,-0.24431499657990388,0.10577489079684217,-0.15936598827869142,-0.21124359882530921,0.96435399295864788,15.08742698792007,-1.1382273953570681,-2.3168251706300689,,0.07721263613387942,0.35,0,4
-0.50480204618395363,-0.77685096249460828,-0.37640068575879976,0.83648875059976402,-0.54791036511330304,0.0089889889004884042,-0.21321694184219936,-0.31031727936518139,0.9264133644539313,-14.980385408474275,8.8720034947788928,-10.525734968497718,,0.2097314032115646,0.1944444444444444,0,1
-0.53438985571535902,0.82656490859191567,-0.17668597565442193,-0.84506813157402449,-0.52667104541569987,0.09207313896419736,-0.016950961816494692,0.19851463876795358,0.97995132689757813,-6.7953220590428103,6.0408308583075954,-8.3867351290666061,,0.3499289779666109,0.8691275167785235,1,5
-0.30324162473360777,0.94756890960599294,-0.10078530933142683,-0.95168165685389738,-0.29577435129264884,0.082580609862327028,0.048441108954511432,0.12095740847720904,0.99147504471758408,4.3464371649803253,4.8496047137320115,-5.7134021466044844,,0.3430229979697534,0.2142857142857143,0,1
-0.5117721599472731,0.8431927006285117,-0.16466731888780892,-0.85907787529226454,-0.50418346328404762,0.088228337478564844,-0.0086290489760393104,0.18661485728017468,0.98239525373246228,5.3879387117155018,2.3560514199579305,-5.0427581888259665,,0.07679332019280502,0.3018867924528302,0,5
0.88961409045952389,0.4478476404094795,-0.089550326830987639,-0.39221143595306562,0.84960582358387382,0.35261896437940388,0.23400205034039639,-0.27857213699871453,0.93147227812987621,5.8866706892071603,-6.7586511502028852,-3.5007311301057853,,0.3464775315594956,0.1333333333333333,1,2
-0.22400417672401718,0.9742465538346643,-0.025802735348730399,-0.97216267924753152,-0.22150163765786968,0.076398622979366698,0.068715747019565399,0.042198066971878341,0.99674343201015403,-3.8720959301170086,-11.928468226017744,-4.9042422300491273,,0.1293613114054042,0.3333333333333333,0,8
0.30933486086922923,0.95094089593361608,-0.0048328347775089152,-0.93342477553769265,0.30460040655230908,0.1895699890293204,0.181741938647697,-0.054129518463959143,0.98185531671801696,-1.4346528830526002,5.751624360936419,-7.1411839284368925,,0.2318274598915916,0.1451612903225807,0,1
0.83511767572389983,-0.48430014540678079,-0.26082913344272468,0.53724639272033814,0.81991563743831131,0.19774898480930944,0.11808802311198202,-0.30527318362918671,0.94491454754089033,6.2550475212871346,4.6011207315876073,-5.2326794862017252,,0.07105926749620309,0.2758620689655172,0,4
-0.44213032082806897,0.8783394155626183,-0.18177087355676375,-0.89688127067185819,-0.43039902017640164,0.10178737519569028,0.011169857765595818,0.2080301768982413,0.97805862798565646,0.36235849696597744,1.0043531527130862,-6.0108849067067478,,0.09276902404653251,0.4461538461538462,0,5
0.96450042217153775,0.21248028451692211,-0.1568153829269697,-0.15557389294163035,0.93700715354361164,0.31275287055930207,0.21339095450817608,-0.27725389609472623,0.9368001802062077,23.796651204679602,-5.6897946960909627,0.35405560080691434,,0.1727263099313408,0.1176470588235294,0,4
0.93921692771783916,-0.24114656288049111,-0.24437654940519501,0.30827701810185842,0.90565681908714257,0.29112026063327523,0.15111863815721371,-0.34876075073305601,0.92494815852004664,-3.6707211131498845,9.458771005639953,-8.2202453203670789,,0.1343027461429316,0.5714285714285714,0,5
0.77599171261697408,0.599934934469322,-0.19471758100660913,-0.57902278360969783,0.7999945937991334,0.15729356615270682,0.25013891742520233,-0.0093125880102766633,0.96816517066763896,1.907033161615038,3.5089519835141374,-6.0880670494445184,,0.4167852475474468,0.8181818181818182,1,5
0.68990842755857629,-0.6719532820979347,-0.26926780026855568,0.72077217496284185,0.67216242966589423,0.16936687971671721,0.067185068154968802,-0.31092837571288978,0.94805575352589722,-19.464835895583153,3.4773872201694895,-10.635374711608108,,0.08309002312153163,0.323943661971831,0,4
-0.75716198688859682,-0.53908294432503834,-0.36891097130440842,0.60706711034752037,-0.78922803932476226,-0.092674837350301048,-0.24119545838432732,-0.29412358130799549,0.92483299561236199,8.2712706324463614,-6.220364685361071,-3.0969153617410941,,0.7459497019352592,0.2916666666666667,0,1
0.80410933246834826,0.5609909963168217,-0.19671625120657341,-0.54303658218214401,0.82779631789853025,0.14094157117604336,0.24190794085611045,-0.0065083120005067783,0.97027737787998614,1.3289009984262521,4.1856260583730984,-6.2886294322569709,,0.1920494057284802,0.8424657534246576,1,2
0.89236384377227618,-0.38406286483547369,-0.23702845015385246,0.42741625277559842,0.88781488025823307,0.17058747097992055,0.14492107228155049,-0.25353590326900083,0.95640860962369922,-5.4933610629877183,8.4031127566995458,-8.4818882167190921,,0.4497057520074059,0.9546351084812623,1,5
0.68629984957109702,0.71713224278566212,-0.12130071242946702,-0.68619632041573386,0.69371260553454939,0.21885481664878889,0.24109567878043345,-0.066963925211066477,0.96818836307493883,-12.862088850304788,5.9424190725057677,-9.6476315498454994,,0.520772145188686,0.780373831775701,1,4
0.12705688264101647,0.97894097210773723,-0.15978461034250385,-0.98116428300927094,0.14767260449919226,0.12453694884382385,0.14551013133267057,0.14095167614889842,0.97926473778563361,-4.7369401998546339,-4.4788033781458907,-6.2801241102479919,,0.06718782019461156,0.2368421052631579,0,5
0.67879651040862909,-0.69492118931525471,-0.23731801047906195,0.73207418254410261,0.66569307701674341,0.1446378873752116,0.057469023912470558,-0.27191408174762194,0.9606039992826888,-0.69676036916804263,13.643172530086675,-8.3005823792308977,,0.07561340051223457,0.1304347826086956,0,5
-0.84292042869893713,-0.47209690486425127,-0.25808847959487863,0.47715582188701405,-0.87756869139641369,0.04685630715406288,-0.24861108688336919,-0.083652282087112312,0.96498436421544675,-20.60217468252457,5.346670288927724,-11.188039059388506,,0.08446797003290088,0.1388888888888889,0,2
0.90094021213408626,-0.3658164562086948,-0.23342033871687212,0.40723976894559161,0.89854163662623754,0.16364198067178035,0.14987496371618661,-0.24248968558673667,0.95850730181627575,-20.705043290528909,-3.3187794662986265,-9.8810294863480781,,0.06262438339615785,0.375,0,1
0.87993023682286642,0.43131139140746166,-0.19923167912512141,-0.40748680609816817,0.90075610776521808,0.1503094713568327,0.24428933906490849,-0.051077568127466846,0.96835623654387437,6.8149760708686982,-4.1749860265595098,-3.714044909258567,,0.07028923923685179,0.4864864864864865,0,5
0.97489990420236561,0.012783193256403884,-0.22227632972583605,0.050386176867411821,0.95978132595454735,0.2761902234504644,0.21686726347446961,-0.2804574768464928,0.93504662649196002,-9.4365585834443273,-8.872290730200671,-6.5697895674663762,,0.3065756788203711,0.5752212389380531,1,4
-0.91943494638725864,0.35682444201299812,-0.16527461070585198,-0.34791399378148502,-0.93401641232388966,-0.08105056718262954,-0.18329002234948624,-0.017019374010864743,0.98291154668942748,6.0635639171273201,8.5447748183038232,-5.9204668929791531,,0.5383180283646705,0.2258064516129032,1,5
-0.5361617107307266,0.83854369638725745,-0.096825044257661766,-0.84220432920914168,-0.53913098930202619,-0.0054446520183301849,-0.056766960528838437,0.078627257509188045,0.99528652486050651,1.5831710644954098,0.27311285714839129,-5.6049251361353729,,0.377479958934351,0.3300492610837438,1,5
-0.86754205224247805,0.45277264282394764,-0.20583420877280736,-0.47565591725436634,-0.87622396031075578,0.077349982276940343,-0.14533490968042431,0.16501062174161252,0.97552511948213294,-9.6955559836368117,14.556363986696477,-10.374286159973686,,0.07760835793539322,0.3214285714285715,0,2
-0.32885090648761139,-0.88640150801648965,-0.32580584385239181,0.92322275705552903,-0.37436520162456466,0.086662775557828725,-0.19878838536761614,-0.272292237125284,0.94145638000081777,-23.718180235426271,3.5299222439769786,-11.512663315378983,,0.3406700155910612,0.3571428571428572,1,5
0.54374310427330907,0.83312378858679259,-0.10123334157289632,-0.7808197732929506,0.54641309602564858,0.30290792351209728,0.30767502041922512,-0.085659099822813126,0.94762788077787929,-17.393022951218448,0.151125551654929,-9.6659211339337876,,0.2584344961584919,0.244047619047619,0,2
0.34535137087668472,0.92660210909540008,-0.14879839398848077,-0.91876709372960919,0.36614424181947136,0.14766658952549933,0.19130984844811971,0.085714208871113931,0.97777994266826551,8.2972705692157422,5.8952857096360987,-5.0303762028232537,,0.2052424318716315,0.7142857142857143,1,5
0.89441581543161386,0.41392004038407859,-0.16938284822922545,-0.37519446241386295,0.90057371723606439,0.21953609087708217,0.24341212886743016,-0.13280504505500113,0.96078788269220261,-22.043416264166357,1.9662980318400174,-10.934242936347919,,0.1990620248001507,0.2352941176470588,0,1
0.96122817813461026,0.18291505353911344,-0.20635521013243535,-0.15281828958510796,0.97625773496807589,0.15351679153527373,0.22953640218558014,-0.11602981558110764,0.96635920959440036,0.83022832829404325,-5.2037370313554012,-4.9242239206973455,,0.08134235878047971,0.3888888888888889,0,5
-0.94721840601547025,-0.23154471933412993,-0.22173031875228569,0.21515312210139867,-0.97187307245744103,0.095769854767320459,-0.23766873028552127,0.04300899883294184,0.9703936318133255,-5.8279966740617262,-9.1157282020812733,-5.7681904809701683,,0.06828466869623272,0.28125,0,2
-0.72660483551083432,-0.55764994541715451,-0.40133770242592337,0.64364862566876135,-0.75682763302069023,-0.11370303677129728,-0.24033697111969499,-0.3409376369257946,0.90884523877306356,0.68566993731317361,-12.793845146674599,-3.7519239056008451,,0.3321859416584377,0.1896551724137931,0,3
-0.061809539255014506,0.99547626289243163,-0.07215671053203708,-0.99495667892724138,-0.055732251245341514,0.08339738142893581,0.07899865767948272,0.076947554794466994,0.99390054124947314,-12.623576455043594,15.610255465099641,-11.187852252551799,,0.2106365268727507,0.2972972972972973,0,5
0.75942523241028936,-0.59872495509716872,-0.25456186776984424,0.64461067369075953,0.74539705187464267,0.16988323760906196,0.088036331946097196,-0.29310691428297164,0.95201782601850038,-7.0402843721380446,11.066059078867449,-9.2358091734799164,,0.1829723010878988,0.7424242424242424,1,5
-0.78342551156549145,-0.56713297143508345,-0.25417446870124855,0.57258195277905555,-0.81767624410184836,0.059627738370820547,-0.24164928135641681,-0.098821822198886369,0.96531853410012802,14.443252206209019,-16.771581786881544,-0.18853168187570701,,0.2882467609893408,0.4375,1,4
0.48817005359388305,-0.75791219876289773,-0.43273444251704196,0.87235333486426869,0.4386643260919183,0.2158084061511798,0.026261338985942899,-0.4828485352372035,0.87531002170314054,-14.333174639970533,6.5767448913770012,-10.045253751539363,,0.5760305774404976,0.4,0,2
-0.40364870741992853,0.89768884296506479,-0.17669878950990095,-0.9145891695495405,-0.39076214120843611,0.10407497269218902,0.024379744479844243,0.20361652736023586,0.97874712660873542,-2.9846293511040267,-13.577737763579361,-4.4974573332525303,,0.188611592353415,0.4675324675324675,1,5
0.71479312264593742,0.68933127257660443,-0.11786937034696161,-0.65871747900891842,0.72024928480732087,0.21755976324375373,0.23486607815136981,-0.077867608043794501,0.96890379344459832,-12.063168461909251,-16.140172832196058,-6.1243027757389159,,0.2123207842899845,0.4411764705882353,1,4
0.78033993500313714,-0.56586877802143065,-0.26619938373300928,0.6176845815705666,0.7639180359545461,0.18680201292637186,0.097649083607041318,-0.31019632558088656,0.94564416990050937,-24.970174504667764,3.2335083054646256,-11.776082118303357,,0.1032927786766846,0.2727272727272727,0,1
-0.16196986348958956,-0.88581100936307189,-0.43486160903480492,0.97188654458957191,-0.21951196866366954,0.085153039048187509,-0.17088682736508912,-0.40884392046913931,0.89646212464806252,2.9109998794221235,11.608089019875324,-7.1380946437137789,,0.1903442302244479,0.15,0,4
0.888291022121108,0.40747623724944682,-0.21190133575810985,-0.36171497233657035,0.90499188877736847,0.22394633293431465,0.28302179917206527,-0.12228163118066923,0.95128642577785349,0.05312681163564674,9.2648977560630055,-7.3945562862456482,,0.166130261813444,0.4509803921568628,1,3
0.8874758459843497,0.43303055633197202,-0.15770592911233991,-0.39472575181267394,0.890860974201787,0.22485174115439574,0.23786173221071757,-0.13729989776786677,0.96154590864017053,-17.419934168824419,-0.88251923166176327,-9.5439204769424499,,0.105557265834279,0.2790697674418605,0,3
0.036236354782556712,-0.95211708295097142,-0.30357863387433204,0.99274911131485033,-0.00054366934632200502,0.12020360396933791,-0.11461295116891566,-0.30573315943249418,0.94519368737194664,2.1544012937869352,1.9465873225007477,-5.7544026625094871,,0.3145111413901473,0.4229934924078091,1,5
0.19176980457302617,0.98044707378758822,0.044134765835772249,-0.96774367808802786,0.18141578057229971,0.17481558305825706,0.163390683867467,-0.076235490820865753,0.98361152614465774,-23.484314965454136,-1.9647206482733788,-10.671992412743796,,0.5276573052037562,0.2571428571428571,0,2
-0.041025453205419941,0.998999298790755,-0.017813287312313006,-0.992938133456303,-0.038777372590740718,0.11211680740760008,0.11131385950367505,0.02228713509045056,0.99353535835009787,-3.3618360981224282,-8.7650504975594146,-5.2749511129543656,,0.07924440104187845,0.2461538461538462,0,5
-0.85880838687883754,0.49040541856514108,-0.14815761900259686,-0.49381580498725652,-0.86943032496346007,-0.015390281957163184,-0.1363602045002783,0.059945270671520813,0.98884400142426976,-6.9635698414755129,0.70929820815089162,-7.5719790043746373,,0.0982482456146881,0.2222222222222222,1,5
0.15393284001271207,0.98773543013608334,-0.026141936032122462,-0.97623267120071788,0.156118706009268,0.15032205864178244,0.15255966847739452,0.0023811106397100441,0.98829139319645476,-13.685620631140084,-6.321155641767108,-7.9167533948440925,,0.2524707847717498,0.4347826086956522,0,1
0.95537646367574913,0.21991405113109982,-0.19721466164950288,-0.14178729901589926,0.92710499720035322,0.34694767041141683,0.25913736606710325,-0.30350310423658139,0.91691531300691198,-20.381133937198452,9.7999054633311076,-11.800559894056295,,0.4418266326113366,0.7333333333333333,0,5
-0.97148217665121217,-0.043273219542632656,-0.23313045472318822,0.028244862876469448,-0.99732468727652468,0.067421775932364217,-0.2354243151633128,0.058914315910478028,0.97010540417559166,8.9223118772153072,1.2644990385659007,-4.1307582563345546,,0.1364906886819232,0.3461538461538461,1,5
0.22551794789088095,0.9610603362366803,-0.15970186377035167,-0.96195196339650091,0.24561394691678279,0.11967543272357875,0.15424031670319538,0.12663656341119567,0.97988423066742902,-2.0798982279133855,2.2962893676283875,-6.7152505606758943,,0.4410687759210657,0.921311475409836,1,6
0.13768125784683347,0.98355875502207046,-0.11685908889405935,-0.97886385743784787,0.15313033679300128,0.13556049776966639,0.15122638605617578,0.095724998684240725,0.98385329434184021,-4.1946851976983659,-6.3584209100627662,-5.8392878672048276,,0.1184942447327133,0.2153846153846154,0,5
0.97285978281225283,0.087786680854672006,-0.21409657085300488,-0.058141823730172869,0.98829567161658982,0.14103614358469416,0.2239718092078225,-0.1247604269327134,0.9665771901673148,-7.8774297802139159,0.95193717909068543,-7.8003909896055381,,0.08065439440294589,0.4539877300613497,1,5
0.27848493838501942,0.95590681436221503,-0.093211058080962028,-0.94410688542414856,0.29027899398845641,0.1562059363268968,0.17637553114705229,0.044500201178536383,0.98331653301857191,0.76795178363856709,3.2150533402550887,-6.243662698378631,,0.0716792479500992,0.3555555555555556,0,5
0.88870469305181166,-0.3422276018133516,-0.30509709455313999,0.43754245229690242,0.83187182926511971,0.34138813997137712,0.13696923371946862,-0.43688617308423233,0.88902750282660903,-17.771739539766827,2.0612657973712203,-10.051903475579151,,0.2025552761357418,0.2575757575757576,0,3
0.77369932363646421,-0.58947146772727743,-0.23219118273510753,0.63085156906983786,0.75060506150322659,0.19651549416741176,0.058443600219376786,-0.29852207687403592,0.95261162874080574,-8.2361037979028371,-11.821490528528091,-5.9140441120623306,,0.1441022628524302,0.4,1,5
0.7550173537040189,0.63439050589807455,-0.16582364617920561,-0.61008679170243207,0.77233347287015586,0.17690424888780582,0.24029752848503169,-0.032398961568397486,0.97015844329329837,-9.1875839711797571,5.2162046656915635,-8.7334715440277328,,0.08499916478203955,0.1351351351351351,0,4
0.23677239952607734,0.95877721956691919,-0.15711484354507024,-0.95832377677659497,0.25707909677774848,0.12460287663044135,0.15985734167471832,0.12106436816613403,0.97968824075479644,26.620367192922497,-2.6053653628313929,0.49359302413199335,,0.1552866578263414,0.5714285714285714,0,5
0.95732537814592156,-0.17264072845902703,-0.23178287088330374,0.22196049199098825,0.95281618177038019,0.2070624634056922,0.18509905551592695,-0.24967279113602195,0.95047453254333003,-10.804610477259864,-9.2114271839905211,-6.8643841049905019,,0.1032731882834401,0.5492957746478874,1,3
0.60854547988787477,0.78074833598469939,-0.14179010813579451,-0.7601873568499723,0.62484538222530306,0.17799840110846238,0.22756884978724651,-0.00053307489060231295,0.97376184687924183,1.5535577592804191,-7.8732356339206397,-4.2698024496566997,,0.07007664282460044,0.1730769230769231,0,5
-0.7879629339148766,0.60894411907699642,-0.09111242844860809,-0.61013140893656415,-0.79210832477798043,-0.017437478215239152,-0.082789362875583555,0.041850467846424523,0.99568793290653712,-5.8397442127364831,-17.172917033842101,-4.601990885237301,,0.3394222425097267,0.9230769230769231,0,3
-0.025370108432168435,0.98509203799708411,-0.17014709598724789,-0.99307406909109808,-0.0053032552802920307,0.11737022101999892,0.1147181367395381,0.17194636419007461,0.97840390276451028,6.9448733270144603,4.2165045137690758,-4.9927817247568864,,0.1522350622639561,0.4545454545454545,1,5
0.88375106021651928,-0.40753510167444756,-0.22999827057909636,0.44606634802647627,0.88220553319231798,0.15079194395981624,0.14145273671619135,-0.23585702895622043,0.96143776978411055,2.9662647445152666,3.6767581148300224,-5.8551418541511939,,0.06773502127334939,0.12,0,2
0.55772976133127805,-0.78999785709768844,-0.25463876198728597,0.82969386179168703,0.53925855618071539,0.14425084156111126,0.023358275419092578,-0.29172520523079981,0.95621691869705772,3.9669639070445162,3.4835677285981332,-5.5677263736895428,,0.06842206752840374,0.2222222222222222,0,4
0.74842265772981642,-0.60557134453780115,-0.27045678411036483,0.65676024198374716,0.73349383473817742,0.17507935044012451,0.09235534606123566,-0.30865861574847686,0.9466785880002494,10.468965473109829,4.3357707315530378,-4.3052458879951487,,0.757512643299012,0.4,1,3
0.50303006175480247,0.85366698216656656,-0.1349571803557921,-0.83646246012752334,0.52016439506223178,0.17250957917447199,0.21746565192777109,0.026109110826850055,0.97571871180348912,-5.0790869426839782,-8.0574530004422442,-5.7600673093067094,,0.1035608288118761,0.2685185185185185,1,5
-0.37021137664280834,-0.85168286675731364,-0.37091755293633827,0.9044287079066512,-0.42159251801402442,0.065333460561194323,-0.21201945410396489,-0.31128129276691063,0.92636478120382926,8.388483941196359,-13.185880504501993,-2.02081969280907,,0.4083403112222929,0.375,0,4
0.96883298529279305,-0.087066299336184344,-0.23190969390811852,0.15157157419737283,0.94884468161014224,0.2769834436847784,0.19593035625952804,-0.30350161399908637,0.93246880151346889,-8.0761416761120284,3.7410138078458988,-8.2265472141583054,,0.07777089722825964,0.2040816326530612,0,1
0.18208389057636168,0.97901450888780617,-0.091520752727141844,-0.97012171206412023,0.19404459737517912,0.14563844963224676,0.16034126285630718,0.062267853798502769,0.98509562673324891,8.5816416096961294,-4.8046258956613555,-3.2336860432886376,0.1665516358967692,0.1711108207393975,0.3333333333333333,1,5
-0.46452275298383439,0.86629932807755794,-0.18369563449546572,-0.88554905558707142,-0.45332701075357767,0.10147655625843977,0.0046348796279996902,0.20980966491941683,0.97773126287197998,-1.3767925184984069,1.4348798938068534,-6.4193242637195009,,0.111058441965782,0.65,1,5
-0.88211252575930421,0.42534527944869882,-0.20238301596045383,-0.4498310163895447,-0.88814926232146452,0.094036931743798888,-0.13974816132060583,0.17398931314465013,0.97478108840855293,6.7181110993367623,0.05248898277400954,-4.425496921242515,,0.07328272297541374,0.2857142857142857,0,5
0.96615864555139042,-0.058472428278801683,-0.25123384874949023,0.10752284721557101,0.97661099499543846,0.18619828619156234,0.23447027306880139,-0.2069104627253015,0.94984827812753425,-3.4094570346967927,-9.8391046249849463,-5.1155556368644817,,0.1302990166824731,0.1666666666666667,0,3
-0.96859498053282667,0.15680834913055167,-0.19296348185489504,-0.14650658737808125,-0.98696270050876089,-0.066636684035768334,-0.20089694756626345,-0.036273536461244177,0.97894057378941712,3.5439945955420007,-0.28663817906034972,-5.1030575879453908,,0.07260636074951504,0.2807017543859649,0,5
-0.85619532720099378,-0.42856232650359244,-0.28855483704317242,0.4466704204832968,-0.89469193915583178,0.0034452104221121935,-0.25964417410074575,-0.12593913732992634,0.95745717217227844,1.2335780925655977,6.0933971977581827,-6.6050386136972055,,0.1886955640751748,0.1,0,5
-0.9527166169286525,-0.19961356207311959,-0.22909708349192387,0.21166905989502022,-0.97690944117511769,-0.029054308218902612,-0.218007469851799,-0.076173286520941602,0.97296987286833136,-20.498834906128636,-0.5737702995733942,-10.228534112852428,,0.1783449249493091,0.35,0,3
-0.73895274702732794,0.64898374849472451,-0.18102190986315039,-0.66873356074108092,-0.73922334449654348,0.079650936528704114,-0.082123458276676067,0.17991370470612084,0.98024833407642065,-3.6494622185749179,-5.5806657580288608,-5.8465255444143622,,0.07267216011761116,0.312,0,5
-0.27700160860284229,-0.90486126107555664,-0.32325873079654083,0.94398979932857774,-0.31905491475074316,0.084185629040750817,-0.17931360125497664,-0.28183338975030725,0.94255852488151737,-9.3767657255934225,0.0105463492001889,-7.9427296764853219,,0.1181580924918838,0.1476683937823834,0,4
0.75986217473639939,-0.6095350323051234,-0.2260011499918993,0.64377562374933128,0.75386650658118737,0.13129446492992539,0.090346121505178068,-0.24525972895660625,0.96523843877101323,-13.439623210730906,2.4879019376669906,-9.1698219778279455,,0.0817424287412306,0.4367816091954023,0,5
-0.57775511015298153,0.797757389885694,-0.17257514182199538,-0.81569571447087097,-0.57184311369538599,0.087383949973793493,-0.028974714596917035,0.19125532725111594,0.98111256526052959,-7.5359713263424268,-7.2085612615380166,-6.4718546637974654,,0.08266278216729687,0.3709677419354839,0,4
0.90199735252476387,-0.36373377134056384,-0.23259088465519906,0.41325214712198799,0.88333872342134334,0.22121338703482513,0.12499375559356761,-0.29565257193321176,0.94708295189592218,-3.5956597207535879,-2.7046070269807259,-6.3014907439106347,,0.1806040798155811,0.1457142857142857,0,5
0.75773064439792737,-0.60392280227922535,-0.2472276671966753,0.6464708730100911,0.74636085223743376,0.15817992475969542,0.088992588960390889,-0.27968326216386252,0.95595899073940804,-10.394131365138755,10.528084232271645,-9.8108650942150373,,0.07888165885324259,0.2916666666666667,0,5
0.66836897606081702,-0.68573939800746009,-0.28817423524628555,0.74089020659917981,0.64814623404418292,0.17603454507501651,0.066065222355183459,-0.33116149733130162,0.94125843904872941,-21.683588717432546,5.4712319907045961,-11.455935831167235,,0.4332617722365722,0.9553903345724907,1,5
-0.072279245379589629,-0.95517326894133991,-0.28708837835633899,0.98645306521274945,-0.11096079867214721,0.12082239564919781,-0.1472618783654791,-0.27446625923408974,0.95025376175120579,5.3191260548377386,0.33460990121658635,-4.7468827360287733,,0.9019515175815961,0.8181818181818182,1,3
0.26672870309611746,-0.93446442134481522,-0.23586446147175971,0.96220260194533247,0.24423762192344947,0.12047463154876571,-0.05497228169082953,-0.25908344076354661,0.96428928178624185,4.4363360759778763,6.7369457095582854,-5.9659316736472983,,0.1311547810733053,0.3953488372093023,1,5
-0.93933886216672902,-0.25447001145675613,-0.22997285773002507,0.24656498760659973,-0.9670775410703577,0.062982032706712321,-0.23842862435092252,0.0024582161236129428,0.97115691227711376,-2.2807032833204888,1.3590777559292515,-6.6063001317807659,,0.07191783858730758,0.2203947368421053,0,4
0.5833915503058883,0.80997601127006202,-0.059942974556941392,-0.78073816107169614,0.57960968777650712,0.23345349361705378,0.22383525834434576,-0.089395027840824884,0.97051857587542334,-15.21383872076292,18.461134493074216,-12.251224242980136,,0.3152548342065675,0.2307692307692308,0,1
-0.030465115933324759,0.99925584714647497,0.023656471730812624,-0.99458730444134014,-0.03265795868334119,0.098638489337313826,0.099337659300384559,-0.020523393438192448,0.99484210795809358,-8.4490008185321557,-3.7042174545938371,-7.2004383852865201,,0.3609550362788068,0.2470588235294118,0,3
0.96363052583147424,-0.15795450983552747,-0.21556108764889476,0.19084114189947626,0.97139425781934896,0.14132534958067314,0.18707182643108003,-0.1773233450457492,0.96620937847731825,-9.2532208347963358,7.4265993816108757,-9.1251629817852997,,0.138699938977269,0.6193181818181818,0,6
0.069812275242315133,-0.9506335802010234,-0.30236078188097798,0.99135669813889737,0.032364622335715056,0.12713940489168024,-0.11107719514209613,-0.30862327750066365,0.94467641513065947,-13.529182800315757,13.264910193245866,-10.971957456254135,,0.247343738936086,0.6111111111111112,1,5
0.21581343207167383,0.96202084856097581,-0.16715396935600133,-0.96253676938555488,0.23838122554451627,0.12921826066278583,0.16415702884210054,0.13300480533392942,0.9774263100816446,-6.6763037752723315,1.7786931911344748,-7.6834196589502337,,0.06678787003829993,0.2053231939163498,0,5
0.95554845866474336,0.23315945266149579,-0.18045446178475466,-0.17331402104779944,0.93934544216986315,0.29596011620309198,0.2385149749002706,-0.25152894447617058,0.93799989170523224,-5.2120578126343808,-10.380150893690505,-5.4683800333399084,,0.6351835906868085,0.3283582089552239,0,3
0.91785203485307665,-0.30726154385808374,-0.25127273187119425,0.36692502338611321,0.89824409102155578,0.24191647351505238,0.15137261750120581,-0.31424178049840179,0.93719711590466803,-3.7961186142964305,5.2486391761813165,-7.5104542898513467,,0.07389153277015176,0.2318840579710145,0,5
-0.50703256665881535,-0.80087198699569517,-0.31862522937291388,0.83072471319640018,-0.55262544499881072,0.06709372865347861,-0.22981389695171595,-0.23067114684206749,0.94550324948274633,-6.7282623141559075,-4.1738372535579771,-6.7597811377552413,,0.1503782732406232,0.2196531791907514,0,4
-0.33817300812557899,-0.86479334417205389,-0.37117581878540085,0.92675009478461001,-0.37460143728994205,0.028425780499860869,-0.16362542098345767,-0.3343743935411701,0.92812740857705589,1.3264189789488905,-2.6581213808943192,-5.2269213793186777,,0.2646456744394992,0.1897233201581028,0,5
0.70150558158053267,0.70689349819693836,-0.090506912544045956,-0.66931367321112656,0.69711673111498618,0.25699702343059783,0.24476340793507081,-0.11970733230029371,0.96216476173759302,8.6183326527202997,8.1671214278868245,-5.3805729434036023,,0.4464698332952975,0.5,0,3
-0.90871094295893717,0.36574820350470116,-0.20117821397895672,-0.38800826842512887,-0.91782145368183621,0.083984300884715438,-0.15392857363209853,0.15437626370153185,0.97594772576462463,-24.058324813953497,0.50642881723949718,-11.168830915340521,,0.08462194240956025,0.3461538461538461,0,1
-0.5038757819432218,-0.80642881617330331,-0.30948628534465172,0.84093972475981582,-0.53982827808351963,0.037494126236880893,-0.19730579234272846,-0.24136692943878302,0.95016442244555843,-14.179701122168053,-15.915202413605323,-6.6508220383187489,,0.1868800682298607,0.2,0,2
0.77711031838057032,0.6069078033346903,-0.16662074095955079,-0.58080286020486649,0.79353486664933826,0.18157767756435139,0.2424202768835462,-0.044332083904076447,0.96915792092539144,-14.033995431516946,-1.5112091384032156,-8.7166207328050067,,0.06652379612172596,0.2307692307692308,0,1
0.93168938700561332,-0.23391741848608846,-0.27791640374383975,0.32261847529908644,0.88446144711784624,0.33711313821608629,0.16694970960381322,-0.40374569953252692,0.89950942439320403,-27.721554986115663,2.3960601338652476,-12.22133016979088,,0.2695340894110135,0.3571428571428572,0,1
-0.95964044156060724,0.21515763185906817,-0.18110056977867578,-0.21058304390185223,-0.97656930268789777,-0.044352887940970163,-0.18640011948063204,-0.0044261157318073114,0.98246394588154495,1.8012462936603297,-14.000527966088571,-3.3803228762455255,,0.1828190782664099,0.1818181818181818,0,2
-0.37008613125382017,0.90914880375605789,-0.19100970677562543,-0.92843624040293582,-0.35481451463447461,0.11005820147161204,0.032286265811392462,0.21807134803461106,0.97539862835987479,-1.7452292123071438,-8.7049158009242138,-4.9156412919814549,,0.07317377420840243,0.2804878048780488,0,5
0.65109573027566592,-0.6844747289705676,-0.32797666901391986,0.75720392607175402,0.61545664312942794,0.21875862216008504,0.052120671123079505,-0.39077802628669506,0.91900814458477786,-23.199584175863166,-3.0392813890262298,-10.457771289694316,,0.2774302358622313,0.5,0,1
-0.34491576626085646,0.93361711115683854,-0.096913383698249589,-0.93788238239348931,-0.3386676552585024,0.075371453996985138,0.037546650724102133,0.11689015799829373,0.99243485427635758,6.8283395394537179,-5.6531784279486157,-3.5377821699327199,,0.1354209130358773,0.2727272727272727,0,1
0.49523169277447943,-0.82645400588278795,-0.26780468000394586,0.86875110822970181,0.47257609510762411,0.14813286698938291,0.0041330886015338419,-0.30601570301721753,0.95201749305645089,-3.5324768447859887,7.5852686096424531,-7.9259671236774398,,0.07111673095645996,0.2769230769230769,0,5
0.82202487375746058,-0.52048855833573249,-0.23101248357096038,0.55749268173934952,0.81826861590008937,0.14013701167079942,0.1160905540132397,-0.2439838783086786,0.96280571788619773,-10.05837115287952,3.4521838264334637,-8.6600218724411757,,0.09933308311618551,0.4786324786324787,1,5
0.9697359546277734,-0.098364682297985173,-0.22346491352912104,0.14456176101003687,0.96889834000589969,0.2008429834161235,0.19675892751242069,-0.22706914367704994,0.95379532837707581,-3.9433418971470524,6.2341784935646345,-7.8084492826146086,,0.06611205500972603,0.1875,0,4
0.94008060702008434,-0.246948806628916,-0.23508453630408058,0.29375556079802945,0.93664839526258381,0.19078116823277461,0.17307837185791144,-0.24840706623721742,0.953067577162519,0.38755356821463571,13.404956387124255,-8.0518365836116352,,0.07320067264724821,0.2666666666666667,0,2
-0.68870423706538664,-0.58997667899461392,-0.42144275066807108,0.67088833103260836,-0.73897465853887645,-0.061849020377306607,-0.27494603312734917,-0.3253367060136883,0.90474344793852901,3.2167201033679071,-5.9264281470762104,-4.2242099855935082,,0.3349486325973652,0.1842105263157895,1,4
-0.012184063943093553,-0.89244780422467151,-0.45098610324531435,0.99231285707991479,-0.066340341807205355,0.1044708223515059,-0.12315332825274095,-0.44624642943497689,0.88639572537146583,-20.948572667521468,17.965146745688966,-13.146968762166823,,0.4709490801698589,0.2857142857142857,0,1
-0.070400246628289073,-0.95520745681095387,-0.28744133267055649,0.98771023709479255,-0.10706148152918739,0.11386977962095099,-0.13954315752778618,-0.27589228627405465,0.95100533834550616,-5.3237874300102366,-3.1658302377108472,-6.5902961163781999,,0.3523261847669755,0.7096153846153846,1,5
0.46438079689435097,0.86684815828642603,-0.18145177307262286,-0.86107545885116954,0.48984039874083912,0.13640175191566783,0.2071220163092645,0.092901314505483598,0.9738941503690931,7.2619928001744523,-9.4674899640865213,-2.854585202876661,,0.08104671230007812,0.3529411764705883,0,2
-0.74746608042490348,0.6367658975256103,-0.18927136699098571,-0.65856673145740063,-0.74765335910041919,0.085465284433951225,-0.087087994762472101,0.18853022668597258,0.97819836168028218,-0.17153155046235088,-10.853450545695248,-4.2413747717423549,,0.08182503886153669,0.3275862068965517,0,5
0.72001129141358211,0.6830349750367537,-0.12266606341399798,-0.65544711403619205,0.72741053981906889,0.20313293002799501,0.22797548319627056,-0.065856886023196087,0.97143710533660133,6.8232197015425946,6.4112376047302631,-5.4514250178112071,,0.249884261149938,0.25,1,6
0.74978958541044027,0.63713416507217302,-0.17853748432142835,-0.6171238777282424,0.77070282185224237,0.15866719864750609,0.23869163610754479,-0.0087872684478644426,0.97105565585373521,-19.525777459906564,-2.3945003944203553,-9.7570650631133091,,0.4293538143825164,0.8775510204081632,1,2
0.93276283626978262,0.29313931373353713,-0.20981619102867433,-0.26905386217670713,0.95347330463245106,0.13600984008912839,0.23992396821023895,-0.070413067658664438,0.9682347284523255,-12.418309957128615,2.4122542720055438,-8.9400118662274028,,0.06614795265893211,0.1642857142857143,0,5
0.9612743930642097,0.18551900476809963,-0.2037995095894243,-0.15081712418495463,0.97305554133803429,0.17440501289792659,0.23066368654735392,-0.13691461697422896,0.96335281769826431,-17.247806193097428,-1.9844443444031512,-9.3177766700748474,,0.1075284697974105,0.5684210526315789,1,2
