axis_00,axis_01,axis_02,axis_10,axis_11,axis_12,axis_20,axis_21,axis_22,location_x,location_y,location_z,dbh,dbh_approximation,score,reconstructed,number_clusters
0.77245629838098873,0.5669893742741221,-0.28606697913562262,-0.51239754542086102,0.82254997095123861,0.24669880570200048,0.37517998685726528,-0.043984028332524364,0.92590786945215364,-11.26289371610962,-12.487324426816768,-3.4684284114728361,,0.1439948284244038,0.2666666666666667,0,1
0.42819559594371137,0.87343262393439736,-0.23187061707228476,-0.8579765210925373,0.47349733643776371,0.19918976289028645,0.28376895684404102,0.11364736615256596,0.95213415824568959,18.645356883942409,8.9198656953389914,3.6445253921038483,,0.1970231611217043,0.25,0,5
-0.33668389922714004,0.93365532722992906,-0.12219526151362253,-0.94024328692331782,-0.32634047711371655,0.097182582764744035,0.05085777616887583,0.14761308523422112,0.9877367380384261,-21.829239649527789,1.5410468311153944,-9.3872126982493427,,0.3507970016995894,0.4545454545454545,0,2
0.42363173611418309,-0.73077860711542997,-0.5352558075717766,0.90426011324036304,0.37599269118529371,0.20234412217251491,0.053383515802245207,-0.56972986893585975,0.82009638255690365,13.002720997956441,-6.5777995904640045,4.0828520831524591,,0.2888309429691253,0.1851851851851852,0,4
-0.91900142097962778,-0.090590658197715154,-0.38370525261550603,0.095045383574144424,-0.99544559394254295,0.0073786558140109771,-0.38262614037552151,-0.029688417736259052,0.92342613919774275,-0.64136032549400546,2.0448865182571048,-1.8194548601473988,0.5620117581652685,0.2435482089451478,0.24,1,2
0.9265254151635034,0.098184531708078601,-0.36319478629154583,-0.03161048837617278,0.98224932239915796,0.184897392277482,0.37490189660858769,-0.15983136857218777,0.91318262222822866,-7.4626064524421727,6.0788535264846963,-4.7798476264354566,0.6834323695080456,0.5123434420327,0.8797814207650273,1,5
0.90550357503829937,0.22769233016196128,-0.35807747538524964,-0.17859409871279103,0.96996406248135802,0.16514801058330808,0.38492521805907109,-0.08559159000786816,0.91897043272463363,-0.14751919456069376,5.2255667371268455,-2.0963425496494406,,0.07752615863043337,0.1797752808988764,0,5
-0.3605359401509346,0.92456077204152187,-0.12329320606370457,-0.93249278679550829,-0.3603512730548723,0.02457971891784318,-0.021703419864827968,0.1238318973839868,0.99206583589822972,-14.631013687723945,10.137942857226779,-7.9724051580537161,,0.1586964103266578,0.1578947368421053,0,2
0.5289854710420675,0.82380342360068937,-0.2037701908773337,-0.7964979350110265,0.5648263978053305,0.21578271447320485,0.29285732183022511,0.04815661539225477,0.95494268385301018,-18.590634787344452,5.1585080326488946,-8.6376353038385183,,0.5822709672818946,0.25,0,2
0.15377672117658908,0.97973927742466094,-0.12831082688370957,-0.9717510350545473,0.17347919650530561,0.16001529380121735,0.17903252747641674,0.10007955161408974,0.97873971895194356,-28.063324166811373,6.0504942769799142,-12.37940642227341,,0.4786443169982568,0.4603174603174603,0,3
0.92779547636466009,0.17297701327214776,-0.33056694770760087,-0.079421673562590181,0.95728841824410682,0.27801273723376885,0.36453772343310337,-0.23168477976583285,0.90190598790509591,14.548184649664888,10.453841773422733,1.9257420187938779,,0.2417150739070218,0.2,0,8
-0.77283680494375284,-0.41906148365859236,-0.47656137677972921,0.50883881180902246,-0.85794977489983881,-0.070747772728888492,-0.37921805932881691,-0.29716940734735015,0.87628991025556779,-7.8255463293756122,-10.914992752348482,-2.4444601909614261,,0.7303569991153842,0.3382352941176471,0,4
0.36093819138485744,-0.8013504337505577,-0.47703365114803009,0.92891163394322662,0.26353681027587084,0.26013751354724696,-0.082745382498073547,-0.53701567198491706,0.83950424044065142,-5.5481706308852905,5.8420217486119004,-4.1047881928580381,,0.3579798741214166,0.1970802919708029,0,4
0.63552209701291074,-0.64763390850235414,-0.42033556210041984,0.7546569733776658,0.63606617115144393,0.16097415460005404,0.16310891067250882,-0.41951179539400968,0.892975552176274,9.9119983497491546,2.1062858272504537,1.6988510781779451,0.6749873466073169,0.5807357592336017,0.8837209302325582,1,5
0.55955431465263805,0.77789023462181606,-0.28598208306401424,-0.76340747651688845,0.61808812674637037,0.1875529055314252,0.32265770369190494,0.11337482284519461,0.93970109917626898,-24.464962626069624,12.313451797708909,-11.878235317953243,,0.1592323901697279,0.5263157894736842,0,1
0.80420446837996629,-0.41665055099628862,-0.4238602262446729,0.53850162696791048,0.81259597911620485,0.2229434288717427,0.25153761307329253,-0.4075415231343496,0.87786031698142342,-12.142410161726016,-7.0329223245683856,-4.5046065586743786,,0.07121907333697204,0.2121212121212121,0,1
0.91947195555996475,0.22944754559102234,-0.31925717965456724,-0.12124023924539529,0.93794019175421572,0.32491383639325505,0.37399482259311051,-0.26004234369486706,0.89022797763226202,-15.200738946193525,6.5583700709500459,-7.6349324914449515,,0.1867232862394829,0.3870967741935484,0,4
-0.92303531592446753,-0.058348250315017995,-0.3802647593998093,0.042345698748803957,-0.99783496958642082,0.050321121489313177,-0.38237762402328718,0.030345595325230932,0.92350771382304309,23.293477653532932,4.9475434558764935,5.857841917010278,0.1350334495400621,0.09807867825289998,0.3684210526315789,1,5
-0.90341358184018339,0.2696629800326461,-0.33335533196065975,-0.24898032575112519,-0.96289073296204564,-0.10416445538030955,-0.34907405737973779,-0.011104664593117951,0.93702934259750936,18.941786656521963,4.596566154609131,4.4373199539397348,,0.3095883863277324,0.1428571428571428,0,5
0.18140727525548297,0.93771640160119452,-0.29627580166542289,-0.95351421233022171,0.24143874175077909,0.1803274268270835,0.2406284425595985,0.24979048050297706,0.93792466034401412,11.858898143690457,-7.7502709712597335,3.9242176504293047,0.4867987878197564,0.4243558997225251,0.6944444444444444,1,5
0.92944484653314208,-0.010241675997801116,-0.36881890586809701,0.069331206143808916,0.98665592024892201,0.14732032749216037,0.36238854991242309,-0.16249677876963831,0.9177523281266371,6.9059928410525213,0.53273792703055267,0.98253775284799616,0.2868946698466727,0.2289975763302932,0.84375,1,5
-0.64823466225711979,0.7136955559074406,-0.26538740762584573,-0.73278314401499856,-0.67943946302319502,-0.037294502734933843,-0.20693159859212254,0.17029582955763001,0.96342028416438641,-12.840701064690128,-12.052639859548979,-4.1154956027325547,,0.2635935190159061,0.2307692307692308,0,3
0.33284909874228319,-0.79148682751783161,-0.51260128690065476,0.94276900600060354,0.29081472915853762,0.16313612300493011,0.019951911965600852,-0.53756431724046183,0.84298667014295803,4.4127229971849884,5.485763940875902,-0.66205944233327185,,0.327541825055865,0.4083333333333333,0,5
0.91478163419071845,-0.14792211507835157,-0.37589042235484871,0.22381680326552364,0.96025071528509454,0.16680708129593078,0.33627459065971893,-0.2367226471320652,0.91152717349041612,9.0061336827485707,3.0441930337457257,1.2401596870061222,,0.07817732894574807,0.2075471698113208,0,5
-0.92030229684821996,-0.076151101139714336,-0.38372476100858982,0.086448919878495095,-0.99620970526585106,-0.0096336590123754055,-0.38153671732577965,-0.042038469635967926,0.92339726033973779,-16.152379545130795,2.0942931214875813,-7.2854060998820085,,0.1221472543180226,0.2156862745098039,0,5
0.60351566260305545,-0.66729623999453669,-0.43644538384768117,0.78400470613766837,0.59635332741982838,0.17233493444246417,0.14527720312142745,-0.44618206705834068,0.883071966087002,19.589824832098969,10.099650185797413,3.8019427188132338,0.6773757901605026,0.2082625605989953,0.1764705882352941,1,4
0.17914435664709791,-0.88281816970252869,-0.43421121441594979,0.98174829356939231,0.13176712676925026,0.13714121326779113,-0.063855990753278954,-0.45085419322221321,0.89031056878982617,-10.629876304350905,11.808707505035631,-6.7777078035912854,0.3481417132216147,0.2503503311075816,0.6578947368421053,1,4
0.90285041089311513,0.25084179656610539,-0.34919840871003555,-0.19521961653108996,0.96279238097170206,0.18686929245944653,0.38308019639702939,-0.10054463803867708,0.91822673610066707,16.626634471401562,6.2245383528775955,3.2137300447336727,,0.08407659072997854,0.3333333333333333,0,5
-0.77586704618581737,0.5776855112160314,-0.25359372384577694,-0.58586906599505506,-0.80885506538300489,-0.050109088141150934,-0.2340678622813854,0.10969472792859367,0.9660120612661599,-14.428889615640053,15.542299129162837,-8.7282457699116396,,0.2802267203122352,0.2727272727272727,0,1
-0.015203973822466344,0.9832998394828415,-0.18135673368536306,-0.99233271720508309,0.0074108570704316855,0.12337283964413696,0.1226565022507248,0.18184197774578764,0.9756479270644296,-28.27848995310541,1.4000588198161796,-11.771597687781373,,0.2253140453963405,0.3846153846153846,0,1
0.7019285618822162,0.63099027348277947,-0.33037489127367081,-0.61467060666591433,0.77099325711970779,0.16658163997541858,0.35982820805895621,0.086143323862446053,0.92903336239287404,-8.1454824524872578,-8.4232288923847349,-2.8701480313153871,,0.1744474348806425,0.6078431372549019,1,4
0.72593271351181954,-0.50728807077887939,-0.46441415643669809,0.64993245901802787,0.72685749104253194,0.2219594251887847,0.22496553995700466,-0.46296544251250443,0.85735261408072638,3.6176731663173771,11.927774971593678,-1.9658335213193354,,0.4267664543277276,0.64,0,3
-0.86214705639782707,-0.31592548075338278,-0.39609789668124512,0.32450260419111709,-0.94470738481517336,0.047180684065189125,-0.38910218840009814,-0.087858111102049441,0.91699533221049423,8.0794160932703534,1.5654892181747562,1.1595846606044238,,0.09309545977278,0.2758620689655172,0,5
0.92438670973194104,-0.0031620228957661631,-0.38144359017050317,0.15904070137984411,0.91210216349531936,0.37785671709229246,0.34672073225517291,-0.40995078358061982,0.84363800819194512,-31.430533813325603,-0.54587373290454977,-12.757191072514447,,0.395441415343365,0.2727272727272727,0,2
0.91310046254748256,-0.041865338515848137,-0.4055796330272618,0.16569450771590233,0.94697577447388892,0.27528569282177501,0.37254915837827318,-0.31856581108231519,0.87162087434911106,-10.597012799418444,9.0074859378522767,-6.4010604775046787,,0.6982532964889286,0.6859504132231405,0,2
0.84621918634525095,-0.36553883005662358,-0.38767828464077753,0.45673882590181669,0.87232790884634936,0.17445247020774504,0.27441343548560226,-0.32469275194957631,0.90513638931179841,-3.370929449628671,11.021176575351356,-4.1338412963448352,0.6182035366754619,0.444234290765561,0.7269076305220884,1,5
-0.208557251100599,-0.9004113804025129,-0.38178949573685583,0.95577936903060179,-0.27040485795576708,0.11561578840878863,-0.2073395060012107,-0.34079401232351819,0.91698951488859004,-14.866677083098649,18.335086732085792,-9.3354910678997136,,0.1243413244694802,0.4,0,1
0.92676128813871761,-0.07621512438818559,-0.3678379665314036,0.13434954892622233,0.98168281329432372,0.13508905501876284,0.35080438068927405,-0.17461417152406369,0.92002509617519657,3.264294306166275,3.7878612030713357,-0.76012991095372462,,0.07070155660985497,0.2337662337662338,0,5
0.82562969580642842,0.44367954651440117,-0.34854564321959353,-0.40518118987852142,0.89614815271621939,0.18096047013625211,0.39263699363561028,-0.008182199464892603,0.91965713330605259,7.528370651670647,-6.6288824089916272,2.2713524288021643,,0.2004618888016333,0.4039735099337748,0,5
-0.19414661762895949,-0.80621973962688365,-0.5588531312421855,0.96031096427651041,-0.27250827068716887,0.059515496279609705,-0.20027466827722892,-0.52511805705293502,0.82712821460968045,5.7110085096303314,8.42849274555474,-0.71000286997893747,,0.09600192936961417,0.2173913043478261,0,5
0.67804206472989137,0.68856647296462181,-0.2571675927598307,-0.64773095422083382,0.72512809492598329,0.23373886474692643,0.34742419230818294,0.0080906277923730105,0.93767316925511512,20.452877622681015,8.113953638518197,4.3353234879036986,0.8552653722149128,0.5088785984043116,0.5306122448979592,1,5
0.93327196996799833,0.050993962665535748,-0.35553206021921063,0.090334817229140385,0.92472456633682676,0.36976221711979224,0.34762487089998068,-0.37720563647012556,0.85841298740579297,-2.4009103652421051,11.641493538095398,-3.8856445799184716,,0.5614262900537172,0.2592592592592592,0,2
0.92944684306782821,0.11068301170456911,-0.35196283444599002,0.026630712711279914,0.93132915418741369,0.36320354032009011,0.36799371061437774,-0.34695140507074518,0.86267337472979821,8.9065423520111242,-10.386966337707021,3.3523353995044785,,0.6699030377268456,0.4242424242424243,0,1
0.91190093732314936,0.21813732529112839,-0.34763887559361784,-0.11027175017796506,0.94613204502458792,0.30442453004033776,0.39531863303144571,-0.23927026704633506,0.8868330833283824,4.3058654403956087,7.8839688456885639,-0.99124817175342017,0.4734632403102346,0.2728867128188197,0.5151515151515151,1,5
0.79348907474021646,-0.43574105435227301,-0.4248585903802406,0.55716357996440946,0.80097847960920265,0.21909409020823314,0.24483429790198658,-0.41056450011526785,0.87834671845231027,-30.742450541721851,1.3243624836249901,-12.754697541260899,,0.2744119022745338,0.2631578947368421,0,1
-0.46690337218856715,0.82634323934842802,-0.31489377863351309,-0.88197651644133601,-0.46099059894133265,0.09800557195240743,-0.064176829813814673,0.32348804996608316,0.94405339681831069,13.156772357800136,11.18941924794022,1.2825919286477889,,0.1738477274788592,0.4210526315789473,1,5
-0.46387554692892674,-0.78091141466876213,-0.41832623561213844,0.83467700380266951,-0.54349832055926839,0.089016149502512812,-0.29687333373745128,-0.3078748739168039,0.90392438053541002,-17.1545205119277,3.4303692964070747,-7.8497696721141539,0.1847001994530614,0.1438481517479557,0.1049382716049383,1,5
0.73935669306520313,0.5853047171421536,-0.3328213762828795,-0.56313181470327378,0.80850879328728742,0.17086863505667735,0.36909922742899948,0.061089436634148925,0.92738009523767428,-13.121593442445455,5.1925553163513989,-6.7214683390237697,0.1042768833408901,0.1220603139988017,0.6046511627906976,1,6
0.90457987881528479,0.22277702888886988,-0.36346339326261079,-0.17617932915269202,0.97173559427498968,0.15713299716589965,0.3881959386982699,-0.078104610737644131,0.91826117361004056,13.070689435140775,0.44289935536368319,2.96197484570934,0.2599208490409878,0.2339083568150378,0.875,1,5
0.26312009176543161,-0.724449635884023,-0.63713463441949036,0.96455628396581394,0.18386372514573326,0.18927573969633377,-0.019974793400955725,-0.66435446535945031,0.74715068894135983,-7.0876633751142002,-4.2016949875786267,-3.0898297886739292,,0.6278628222300419,0.4280373831775701,0,1
0.61232845264413183,-0.57968283224988848,-0.53760736609275539,0.77876703699541883,0.55947234677671498,0.28374741458122676,0.13629294982433349,-0.59241751087126227,0.79401871806732549,-5.3290946272864153,-9.2034170983843282,-1.7393005470115617,,0.2566777271457287,0.1935483870967742,0,5
0.16318213379343691,0.95294490697667344,-0.2554752345685195,-0.97065243257584355,0.20143365106804134,0.13137099890004617,0.17665063358283831,0.22654025797773283,0.95784866506675481,22.831015773205969,-4.0977659268271163,7.0920608962326357,0.5094016275035401,0.4299906500707918,0.9702970297029703,1,5
0.53531719504665709,-0.74536460843318098,-0.39732493148886455,0.8373306294900853,0.53009551087941165,0.13370178107726713,0.11096358684324079,-0.40426519741470063,0.90788585876977757,-17.418498168921868,12.052285395780974,-9.2666674270387368,,0.09168453181612253,0.2903225806451613,0,2
0.70019788362470947,0.6853414102860923,-0.20007517365867203,-0.62935130406268602,0.72481745679596865,0.28027948622476923,0.33710511690283512,-0.070333531625350762,0.93883615955449418,13.262242093261429,4.5137139703394311,2.4669324221817179,,0.2894787691165993,0.6296296296296297,0,2
-0.60451563510595785,-0.61238734460817423,-0.50945322363901957,0.72257537017892814,-0.69076166409121176,-0.027076887426804978,-0.33532921334596594,-0.38448675345932054,0.86007223829809021,-14.791286796432097,-8.8210004485872293,-5.2118881602046212,,0.1741607323488878,0.3333333333333333,0,1
0.88351644193829393,-0.2301599866704572,-0.40795229789835785,0.35123911992144269,0.90175339591796377,0.25193628874624002,0.30988671714274207,-0.36587865951196635,0.8775551430264763,30.648836148290837,6.8532475484190405,8.2273849703790898,0.3327498733911602,0.2808679040032671,0.3636363636363636,1,5
-0.87979451867734015,0.34449509192776195,-0.32754348801798938,-0.36525440215648031,-0.93090558353368424,0.00200405866258801,-0.30422167347284773,0.12139986072271165,0.9448339786469826,-9.0971716786076975,13.810055386188719,-6.6197522660579988,,0.09691320432881356,0.125,0,1
-0.77543403360210517,0.5802184390906675,-0.2490956090957015,-0.58654612481109447,-0.80797120560793667,-0.056090769093899102,-0.23380697808375447,0.10261137289621632,0.96685324799149153,-15.472286780387403,21.068806923315808,-9.9884314137658787,,0.1746027684778019,0.1764705882352941,0,1
0.40770451762457299,0.88276741548920601,-0.2334496015396515,-0.88057488058466116,0.44775144461175537,0.15526275642083603,0.2415882985407691,0.1422685277866968,0.95989309821957891,-6.8638931999292536,12.284648556797473,-5.4680493560763752,0.6764559905744895,0.7144317063264548,0.5961538461538461,1,3
0.9101538851648977,-0.17748427201269232,-0.37432504392221505,0.25237467270009917,0.95409818579005379,0.16125655475560394,0.32852234307389411,-0.24123844026243813,0.91316870568421593,9.6841934811428558,-9.2688580741740711,3.4306971691256796,,0.07521260534180317,0.2857142857142857,0,4
-0.69322319938293764,0.6364653020364579,-0.33816196584022301,-0.69815542339911307,-0.70950542196132727,0.095817853168831402,-0.17894300940715413,0.30251276917035913,0.93619732101368047,-21.891065480379453,10.696851495469279,-10.617637064155582,,0.09439151770797785,0.5217391304347826,0,2
0.87672057072980947,0.35084102524257316,-0.32904652538195639,-0.29148646844101089,0.9316926270464152,0.21675905384352082,0.38261819033468047,-0.094124511760173141,0.91909950316106948,-18.775212030140899,1.9107687840253109,-8.251757641065451,,0.7087874008377231,0.5663265306122449,0,3
-0.41256627547792218,0.86812976938149478,-0.27593436149183764,-0.90965437365634139,-0.40864334026146876,0.074428092464061651,-0.04814549642660966,0.28171141967194419,0.95829050250967918,31.414871854166496,-0.12070142143338562,9.5104747488984369,,0.3073182095087921,0.1111111111111111,0,2
0.060685054456780359,-0.90906192909882166,-0.4122180651411429,0.99248235740879875,0.010980379904333587,0.12189422254328128,-0.10628308613251725,-0.41651631459078098,0.90289427137503908,8.6222060892533268,0.77831398713272015,1.5028744225212076,0.2439568764659387,0.1332577111507867,0.2619047619047619,1,5
-0.067613443580590737,0.95906013728846951,-0.27501286390166707,-0.99305380364614648,-0.038086914375022131,0.11132623238621998,0.096294160316683752,0.28062972048165591,0.95497350469596443,12.970981376553677,-11.247799550357637,4.973364080799108,0.4349595130718152,0.2993024589948637,0.2608695652173913,1,5
0.077840792984353369,-0.90222011190439699,-0.42419297568769959,0.98912994312757652,0.01664858626857986,0.14609852902646212,-0.12475081785706013,-0.43095439927035889,0.89370886713376618,15.317397801463521,0.14158294646971967,3.7271696537543604,,0.1468851655664171,0.2777777777777778,0,2
0.47241994542799676,-0.70559526458380573,-0.52816163980236008,0.87818739637150389,0.42774265523649385,0.21406334984175357,0.074875176233834273,-0.56495269137171389,0.82171903014096581,-4.635145849075152,-10.640929772363259,-1.3173522385836338,,0.4879814680839659,0.4210526315789473,0,1
0.7241801255070407,0.65016758889768933,-0.22988095216344651,-0.58491322689338487,0.7556804114161193,0.29465850201060412,0.3652939403080418,-0.078925421436510601,0.92754035762617626,-9.758411740096248,18.442155476998327,-7.5938408968986666,,0.2656454784427759,0.2307692307692308,0,1
0.53586685616056418,-0.74103829510731201,-0.40460963613468537,0.83715738830046127,0.52856023581703637,0.14068256582459046,0.10960939595921786,-0.41410907053273793,0.90360359562142523,10.322615825053845,-10.518746597090921,3.8585145913636785,0.1599115357130921,0.1394782715264945,0.3125,1,5
0.092990890257503539,-0.82653413814742172,-0.55515224290820864,0.99018621829762554,0.018347612979040282,0.13854464331549257,-0.10432615886038669,-0.5625874897070402,0.82012887341110452,-15.122739355480984,-10.893223739279689,-5.1446881424951805,,0.2269135725294492,0.5,0,2
0.92616028418403984,-0.027035339628164616,-0.3761598309380299,0.12596994330938921,0.96231703175558891,0.24099274631353715,0.35546969122945871,-0.270582742990571,0.89466545580620838,26.277573057211136,-7.8386834528840339,8.9362847674287362,0.3866438572596715,0.4421836028923491,0.4545454545454545,1,4
0.78609541843346986,-0.46274761495654887,-0.40977876710480227,0.56884668429612506,0.8009613914160848,0.18674661770996678,0.24180041952654083,-0.37990195355227258,0.89286452656825499,-8.6626084160089238,10.645766401284899,-5.9153194402095748,0.1303217889568641,0.09620900404615251,0.3877551020408163,1,3
0.0094189085884037009,0.95879442335978737,-0.28394460356762768,-0.98997387755679989,0.048962663750583585,0.13249294061799161,0.14093617674734427,0.27984980130888287,0.94964260792743571,12.191322197763183,12.870101085704317,0.74970122505740189,0.2140816160112989,0.236489495983611,0.36,1,6
-0.5220563810123191,0.81765680252752926,-0.24268186649351828,-0.84524982552983918,-0.53403328616877555,0.019004781123582989,-0.11406080609086125,0.21504837256821105,0.96991975439706724,15.452612501976359,4.275434601848743,3.1694751090984896,,0.3110027809818842,0.4081632653061225,0,5
0.51956363942205719,0.84041921259422225,-0.15410766266806522,-0.79586634623010988,0.54163970587083055,0.27059783436401547,0.31088644796587961,-0.017943693228199612,0.95027766486669096,7.3092336436252241,-9.6613463871844498,2.6725162367829034,,0.5846564545975679,0.2682926829268293,0,1
0.90426932861685227,-0.17922805574206077,-0.3875232707306101,0.26425422450697134,0.94783690646102148,0.17825516424671081,0.33536053159703832,-0.26359533908118216,0.90446161392379187,-8.0202267828213589,14.814232668783845,-6.3835949228728239,0.3592342030443235,0.2700422429200212,0.6296296296296297,1,3
0.7250553945587247,-0.48902902746905885,-0.48491781274145612,0.6681905593950348,0.67004276571974641,0.32336367829733603,0.16678144727949146,-0.55847408391016606,0.81258270129511057,-9.076098138986314,16.871460496560804,-7.0172942713365183,,0.3935074160588969,0.1818181818181818,0,3
0.41659818285625894,-0.76625819031835252,-0.48917720696175626,0.90814398844798383,0.37532953479702269,0.18547839915967945,0.041478311039021838,-0.52151330383710481,0.85223437130536839,-19.325925518703428,11.46064752157962,-9.9036276368959975,0.4913689902721879,0.434644924930514,0.7761194029850746,1,4
0.040791488520380642,0.96989066316455175,-0.24010030397839671,-0.98438037025758007,0.080199294103156932,0.15672702344173431,0.17126395159473071,0.22995689755165458,0.95801277870004253,-15.571100167688844,4.1047781909213166,-7.4417756822520724,,0.1682117560805423,0.4074074074074074,0,5
-0.7953721476408262,-0.42356557800846339,-0.4335612389081564,0.45805653367435972,-0.88849142250445379,0.02769844931114036,-0.3969475515927125,-0.17656498311490881,0.9006983113241539,-4.3507340308484537,13.723716072395328,-4.9835850116541156,,0.2416616024529786,0.5333333333333333,0,2
-0.92843347093299144,-0.03613443030644177,-0.36973719450137349,0.0050788350171606647,-0.99639993324426968,0.084624928157622958,-0.37146398948779136,0.076690781566256611,0.92527456926934426,9.1235480203572532,6.4029518059771879,0.72738883321672487,0.4707540397104148,0.4064724320649997,0.8971428571428571,1,5
0.92843911001030299,0.084939176513779649,-0.36164368554758203,-0.032559943232218884,0.98836907907492944,0.14854768131913562,0.37005495416220557,-0.12614237916631263,0.92040612290351009,6.6867843249778787,8.9738924580996979,-0.48166005401811768,0.400460552180618,0.3524468412287939,0.9285714285714286,1,5
-0.57158733972914055,-0.64457710508834343,-0.50774823353439091,0.75766795272396492,-0.65216031924625717,-0.025023816968951389,-0.31500347057840417,-0.3990078615723634,0.86114199753990039,2.3288899507499221,15.990138819963217,-3.1519714621224626,,0.4730925183384773,0.5675675675675675,0,7
0.5092662826327603,0.79548018468861459,-0.32841913638090164,-0.80364071841687623,0.5761008951252905,0.149229200688894,0.307911430570248,0.18793359040790661,0.93266902839140997,1.585202942488924,5.9160556090844105,-1.5305326824596484,,0.0719813436958274,0.3148148148148148,0,5
0.63044580137383821,-0.60434940770489043,-0.48713436025068746,0.76105601767101705,0.60473888389947628,0.23470112966653539,0.15274760062544673,-0.51870287805907078,0.841198843791648,-17.712361556367952,4.6195074872052295,-8.3231673339043333,,0.1029028524512782,0.1538461538461539,0,2
0.5517710992061543,-0.69325244382556916,-0.46362668517968814,0.82620695902669483,0.5301691660932063,0.19053271682284126,0.113713301494113,-0.48818204028201156,0.86530201699140807,16.719638015397894,-3.7990549660301629,4.7841727150470712,0.6794743821366818,0.4960487588863577,0.9673913043478261,1,5
-0.52901370414932725,-0.69103822784557134,-0.49255524408766516,0.78849991307649059,-0.61483375916142169,0.015726909225930428,-0.31370748779806606,-0.38006001664406414,0.8701390669588045,-9.9270712813516742,-10.432597055691287,-3.2453318525909944,,0.3065217288974346,0.4130434782608696,0,1
-0.84528686005586406,0.44094022321586046,-0.30176455021630016,-0.45588501461251196,-0.88973908801384616,-0.023091312479796004,-0.2786736041835477,0.1180511533642804,0.95310280008019876,-13.563682093985255,-10.441488265781485,-4.5634728678725454,,0.6701603824940319,0.1555555555555556,0,1
-0.92960121637546078,0.08521214079949721,-0.35858118965393332,-0.037181804157398073,-0.98962502380513662,-0.13877977409652947,-0.36668663999778373,-0.11567715124020617,0.9231249670158892,-23.091862472424836,14.231116412861414,-11.585990071681051,,0.3895965319697245,0.1818181818181818,0,1
-0.60700742437410593,-0.56623761026890218,-0.55759927857886982,0.7201650382389374,-0.68861373386752189,-0.084696181893509304,-0.33601235758975118,-0.45297471700525588,0.82577817923518959,8.1577188183289735,-7.9224171461645243,2.7257596119939316,,0.3403627928975818,0.1666666666666667,0,1
-0.023436053334790336,0.99512468476422544,-0.095799860005055096,-0.99256990707336346,-0.0117166965253365,0.12111027452246279,0.11939736586902575,0.097926404995958283,0.98800540900751344,-5.2730778681065447,14.392442723313403,-5.3162999226810168,,0.2990667544696032,0.3333333333333333,0,1
-0.7799044202891986,-0.45649321848329916,-0.42820910393419598,0.52000561263962464,-0.85334429793227129,-0.03738545184649375,-0.34834359192707526,-0.25182821657875587,0.90290602572920386,5.7717615290728546,-7.8461182248335453,1.9083051520839787,,0.2984073641913884,0.3116883116883117,0,5
0.88340972741363466,-0.20131193111951137,-0.42315571590125328,0.33861983691418418,0.89845315988998242,0.27949691506690827,0.32391952636292304,-0.39019921305999627,0.86187047435689601,-10.062305210001989,-9.24950672007785,-3.4484557667802127,,0.3574541620048035,0.4375,0,3
0.057667013076312473,0.96517865765654665,-0.25515617650208444,-0.98684012870561189,0.093783923233983629,0.13172371130185048,0.15106646212560684,0.24420224107724453,0.95788526947317842,-21.035104791382086,8.7258526419975091,-10.100822868722215,,0.09229138253384794,0.2222222222222222,0,1
-0.33396201201516335,-0.79722231673367228,-0.50289755639949296,0.89971015875415195,-0.42869419607464482,0.082115263419741527,-0.28105338419126591,-0.42503866171645072,0.86043659341111622,-19.99443307178554,1.058896724327971,-8.5339140911094713,0.2404453630878081,0.1548759096444088,0.2678571428571428,1,3
0.80667110483313098,-0.31885288526337385,-0.49760884858141163,0.53406223628721539,0.75386217681847933,0.38271313817845759,0.25309930145931836,-0.57447772447826595,0.77840612001646026,-29.673056822831008,-1.2558271655317295,-11.938823351328606,,0.2439741421881919,0.3636363636363636,0,1
0.7326725989081605,0.60885187249612671,-0.30412211390676758,-0.57305501534247449,0.79296014200820841,0.20693516515362265,0.36714957742042553,0.022662977392234305,0.92988578721030091,-13.03792271715832,-8.7347292010666084,-4.5563791049423168,,0.4255577357450991,0.2631578947368421,0,1
0.83874104907671498,-0.37312867671097755,-0.39659607059274404,0.46909946025428145,0.86496024459910914,0.17829602253608773,0.27651247527522471,-0.33558719564214928,0.9005121238152235,20.539710220984503,9.3766042849368301,4.2549292190492407,0.3208124840716833,0.3155803667118932,0.5925925925925926,1,5
-0.91380156799987078,0.19192848979484795,-0.35795271912089938,-0.22549195852715387,-0.97274293038246662,0.054079275425241574,-0.33781662327446949,0.13013318637457444,0.93217234610528688,-11.215481198496621,16.431557011200653,-7.7683335427420275,0.1848996045436396,0.2165932773512389,0.6956521739130435,1,3
-0.77020618945768626,-0.47997698156546909,-0.42000538435640683,0.52665810108413236,-0.85005842090832062,0.0056502747994307961,-0.35974111564224537,-0.2168473615475979,0.90750402285957898,-6.9581624429504698,-9.7704529596873098,-2.2968813034364834,,0.1303141994631775,0.1538461538461539,0,5
0.55925311323017279,-0.6111042845473097,-0.56016739350865552,0.82069392327140389,0.503526856671483,0.27004108745879279,0.11703606131338802,-0.6107472947287258,0.78312853500162571,-15.83593069436631,9.2800810967768719,-8.2483065643533902,0.7344923724954916,0.3655144683614618,0.125,1,1
0.55339897952176753,-0.70419574275447971,-0.44481223606228915,0.82505322505191203,0.53666665420330373,0.17685043991370442,0.11417856758475133,-0.46486262288196373,0.87798974740687952,4.5461177461794984,-6.5442434192192609,1.1591907371931995,,0.08084477219036114,0.3676470588235294,0,5
-0.88143512228123033,0.32664175119115829,-0.34114116079395213,-0.31465013298500544,-0.94477459240136463,-0.091631126618377343,-0.35223205280268005,0.026573218314839789,0.93553537883224991,-19.898175492937899,7.9437987752338488,-9.5108610022230735,,0.1807212343549768,0.1666666666666667,0,2
0.73965785460874423,0.59628083787796704,-0.3120183015387672,-0.56930883491610296,0.80163777469243103,0.18238511088527523,0.35887840364398749,0.042732195891556267,0.93240562569743579,17.653033143220227,10.012974207765877,3.1261604702762531,,0.3919074520465478,0.6956521739130435,0,3
0.81967715159591426,0.48021174468293265,-0.31229160638765519,-0.42608858380094705,0.87550458716674562,0.2279040074340265,0.3828549149561899,-0.05374381935217809,0.92224384843452789,-27.490991690330851,2.6427003590034888,-11.621677254719064,,0.09312270044131994,0.375,0,1
0.92889795419537569,0.17105232894195543,-0.32846566252072346,-0.084260227858555234,0.96129553778102506,0.2623187050965165,0.36062280112725675,-0.2159907169436269,0.9073583666343239,8.0481289701432353,14.340183708272862,-0.9212709201901671,,0.1113320618775393,0.2352941176470588,0,4
-0.90280033240695856,-0.19699866660289503,-0.38228665313160815,0.19058631080779123,-0.98012893925451472,0.054992004586992493,-0.38552356340249944,-0.023211802870549116,0.92240598126255546,-17.865777488735791,8.6559983102931159,-8.8270801776100019,,0.9076237163370668,0.4266666666666667,0,1
0.85054460093365858,-0.34883655404003172,-0.39355678165682434,0.4708464092723475,0.83845610893127975,0.27439936638256468,0.23425955839183638,-0.41869369706420473,0.87739275546403273,16.887150821232034,10.345149069144686,2.7667840053745936,,0.291413426073116,0.25,0,3
0.60876321446418946,-0.69138304879224144,-0.38909745380556399,0.78066458229375868,0.60939615791381108,0.13856093486981449,0.14131581180936176,-0.38810540135719712,0.9107162229641188,-6.1245248219609172,6.6258333984299851,-4.3243212292015905,,0.0727595115315141,0.2336448598130841,0,3
0.16043281613131982,-0.82027870383512569,-0.54900287753593768,0.98630154738949261,0.11161661403607939,0.12145364995838147,-0.038348000277280497,-0.56096753872723015,0.82694912260008302,17.562422311334746,12.887779442874278,2.5761225876352274,0.7431233078144762,0.2437032676516459,0.4375,1,3
0.25210315204092165,0.94821896778909109,-0.1931962470029438,-0.94311013611040961,0.28547121070692483,0.17043901848850995,0.21676547671812513,0.13923712501525234,0.96624311181019606,7.9990244977323899,-5.2586851275390796,2.1339983005604259,0.6035297494564894,0.4211287670721303,0.2435897435897436,1,3
0.83046109836090054,-0.27171108589761828,-0.48632031615957028,0.47711592975401212,0.79755495171113022,0.36914291077578859,0.28756695513249048,-0.53858999693773968,0.79197604857371451,15.43430018725839,-7.7200740688816021,5.13531262724036,,0.5143825771837037,0.2333333333333333,0,2
-0.13515339877469057,-0.85161154661706617,-0.50644973340711374,0.97432593271868262,-0.20711913540540394,0.0882646054813922,-0.18006258809513243,-0.48151784745469711,0.85774006957298932,5.5526957362470313,7.0736790894010166,-0.50260096474545712,,0.07388670009558843,0.4375,0,4
0.023179980277591019,-0.84194151911660864,-0.53907065112278885,0.99256370155086293,-0.045071507155542707,0.11307456657611688,-0.1194988990659718,-0.53768302709900084,0.83463583405679131,-18.548332929971995,17.801026941604587,-10.550337163172056,,0.1876350285743708,0.2068965517241379,0,1
0.45195315446724293,-0.80281827018816299,-0.38887166420195041,0.88992795472874131,0.43577658723731422,0.13463655301633085,0.061372482102553097,-0.40691717961753038,0.91140102445229176,6.0119705779593682,9.3251675753470309,-0.68239823250995524,,0.07081835161969247,0.1176470588235294,0,4
-0.86101320396428593,-0.32709263996258053,-0.38944404923103598,0.33019788470424527,-0.94193224577797663,0.061098292124249491,-0.38681470956518416,-0.075987165008098073,0.91902139867254184,1.8623541706316,9.8786866358900358,-2.2522197252485494,,0.06781568649832721,0.1515151515151515,0,4
-0.86044342840017718,0.40437629779873319,-0.31002728315672229,-0.41933631555508671,-0.90761059453532977,-0.020001578535433797,-0.28947221106633519,0.1127954718320494,0.9505172384310302,-10.684401429124094,17.292210847114649,-7.7238522542100529,,0.595981808887549,0.4285714285714285,0,1
0.47747830430803828,-0.7679587583835622,-0.42691195150417011,0.8780209560825909,0.43532110531773083,0.19893399896639807,0.033070675755632883,-0.46982430831846872,0.88214026646454546,6.4301442559471012,16.922145881669543,-1.8568074515075099,0.322917826473859,0.2347003568207343,0.3529411764705883,1,4
-0.73885400583048721,0.601631651299805,-0.30353601799870805,-0.64217862086958744,-0.7651371299724915,0.04660248100147743,-0.20420915005522336,0.22935677119223738,0.951679617593019,20.09531569456534,-8.5630068946899502,6.9234061825623048,,0.1748179255917777,0.36,0,4
0.23543120136219053,0.93090066812906247,-0.27927781061520285,-0.94609393567988309,0.28528332709997872,0.15336129938324122,0.22243743905850324,0.22811700803673515,0.94788407326500801,-0.56326555739660622,12.586273403685396,-3.4260530207901789,0.8810530441620961,0.6039200171350614,0.8620689655172413,1,3
0.89009311161182336,0.28692283993328527,-0.35413208917831723,-0.24082083907440499,0.95573270057711179,0.16905717528422004,0.38696198279505534,-0.065194240329942518,0.91978809238819814,-24.831295359836119,3.8793817467012675,-10.7748509783525,,0.09644087733821859,0.1,0,1
-0.77694676505877991,0.5719149313960229,-0.2631863133048104,-0.57904443671433958,-0.81324271917170476,-0.057825773011551534,-0.24710577608560375,0.10746902326015932,0.96301045916679306,1.1150363634286089,12.385962831956501,-2.8031213854092432,0.2859356173608014,0.1905880798751368,0.1111111111111111,1,3
0.057327932384618849,-0.77489062979802958,-0.62949028588193301,0.99272576376588473,-0.022620554872219572,0.11825340778478133,-0.10587287718743388,-0.63169044820108367,0.76795710266105943,18.859503640192084,5.5764604660613788,4.2226379591951231,,0.6639581892449165,0.28,0,1
-0.60874109208355509,0.72833178500885987,-0.31459035864871848,-0.7773734431174214,-0.626794059986017,0.053101189271155619,-0.15850808416193327,0.27687906622215747,0.94774108803156798,5.3496779626418194,11.08484107969061,-1.2607644064876951,0.5731607282541427,0.2670883799045804,0.6,1,4
0.92691367097520949,0.024035660584030782,-0.37450411690601054,0.11201124655744582,0.93473710145872979,0.3372240083404201,0.35816829452634225,-0.35452621648733101,0.86372833380598901,-0.72159531692352386,21.686430124395528,-5.0333446974972276,0.181271081795865,0.2014688423462913,0.3571428571428572,1,3
-0.50955544760764637,-0.6257372232328956,-0.59059814872225658,0.78706630405321765,-0.61631695132307684,-0.026077740236382808,-0.34767783771385119,-0.4781279566942449,0.80654434359804894,14.058122329825016,11.500864097791109,1.5770537668911151,,0.4658066422698328,0.2380952380952381,0,2
-0.8749246908400663,-0.26495006894035444,-0.40534953598951584,0.29338813793561158,-0.95595635610627239,-0.0084169910711805167,-0.3852663830093262,-0.12628897888778437,0.91412302669519929,3.4061850955499207,13.706775904701411,-2.2653983931129682,,0.1749173991878065,0.2647058823529412,0,4
-0.69109821644299585,0.70190307188942636,-0.17238135891533568,-0.71271677037591274,-0.70145090118377584,0.0011993554094700178,-0.12007522831225179,0.1236879577835151,0.98502955724440311,10.284300827543689,-4.861848826243131,2.939072601639368,0.8169134001287965,0.3527975398919452,0.2452830188679245,1,3
-0.50316896181717152,0.81734166225457283,-0.28066635531670281,-0.84736294359913589,-0.53040220672915328,-0.025486092518316236,-0.16969689943790223,0.2250024582971846,0.9594669645596906,20.336182531025941,3.0092747285658241,5.119428330247132,,0.4831704443823158,0.543859649122807,1,4
0.83912013749599745,-0.30179272128336965,-0.45254673596113487,0.46964776927463375,0.82170290718137295,0.32285492894648649,0.27442370098819646,-0.48345163740549985,0.83124373478895031,-19.511262982807622,6.3898495761104233,-9.1100240554077274,,0.1417964006060937,0.3571428571428572,0,1
-0.91513027191671326,-0.11672776548235751,-0.3858901581890094,0.14767362283361063,-0.98769771861980438,-0.051436541023195101,-0.37513875638334065,-0.10405693344861783,0.92110969382611052,8.2792519528266819,15.707497231962119,-0.99271966831696468,,0.2378195541475994,0.375,0,3
0.91997467620429263,0.15650862938674731,-0.3593767439196483,-0.088807117352757564,0.97621103283275035,0.19780120141977964,0.38178513728313235,-0.15005688355785773,0.91198850905403583,-13.213469316329848,8.6156823235017796,-7.2486918639561928,,0.08364582896471968,0.2549019607843137,0,2
0.23972999286137156,0.94522896259906419,-0.22152141834726569,-0.93673670940320186,0.28515264318129252,0.20300814600203676,0.25505659720765622,0.15884010309307911,0.95379030917190188,24.429109300120292,-6.6956637119410596,8.0824059860661652,,0.5078364059098905,0.4468085106382979,0,2
-0.89019199428841544,0.26079280871705485,-0.37355765850304917,-0.23890861134276356,-0.96538688072947154,-0.10464628966996696,-0.38791866251971341,-0.0039091478467733025,0.921685320395213,0.16917577595005279,9.4494433600033005,-2.6177534922798236,,0.2263275031932156,0.1935483870967742,0,2
0.21404319664125879,-0.86610102598231797,-0.45172394530727378,0.97579748885848749,0.16838498058345058,0.1395197443066114,-0.04477466592910178,-0.47065434355404423,0.88118086576176313,15.436318944615989,8.8092638251851785,2.4824083542996584,,0.09680457679274354,0.1578947368421053,0,4
-0.071141716055913393,0.96492386904164418,-0.25270691163940118,-0.99258578581137336,-0.043452764564228905,0.11351350165044041,0.098551073265787686,0.25890883377248819,0.96086102103932391,2.2494591935990291,-8.4420934645771286,0.81518310864656174,0.7936732320204328,0.2274854663043606,0.4646464646464646,1,3
-0.46582482757331461,-0.7902488291246812,-0.39813818968212761,0.83743931580373043,-0.53904814707507143,0.090124843861788595,-0.28583670576479742,-0.29143418331074716,0.91288744894183227,14.346505456381655,7.0286837125900599,2.3878874050237964,,0.1134211087856275,0.2439024390243902,0,3
0.91941177844219235,-0.12961374650670437,-0.371325003707348,0.21207567916509423,0.95849909552649704,0.19053448554409358,0.33121879168976853,-0.25392865256088004,0.90874328137279059,23.090067515806989,10.103232911966925,5.1133339958764097,,0.1448033212907894,0.3870967741935484,1,4
