axis_00,axis_01,axis_02,axis_10,axis_11,axis_12,axis_20,axis_21,axis_22,location_x,location_y,location_z,dbh,dbh_approximation,score,reconstructed,number_clusters
-0.37423231235485332,0.92472885614471534,-0.069474592498454016,-0.92724052577562699,-0.37421187816332835,0.013801362281095488,-0.013235699788042002,0.069584573396415272,0.99748824724723462,-8.6993387273237701,-13.569896206285694,-1.6943802104192771,,0.265503821749025,0.55,0,5
0.41312629099916381,-0.83288158941375756,-0.36828647232947304,0.91058261146772268,0.38351927446876444,0.15411772709061083,0.012883143168396394,-0.39902534271217199,0.91684938811973749,7.551904290522641,-0.23019668551665376,1.1246546227460843,,0.08532041503940792,0.3703703703703703,0,5
-0.11817623594334925,0.98740384282403437,-0.10520469777815113,-0.99109051881551924,-0.11073148194815055,0.07401433928335871,0.06143257093958833,0.11301411452511896,0.99169241660197072,2.6238825319974244,-1.2923036232536278,-0.21235524919710225,,0.5838072375504363,0.3488943488943489,0,5
-0.2595109984639844,-0.91380375602541164,-0.31243677304388234,0.94789468019331691,-0.30292363882575474,0.098655685602871857,-0.18479642025059589,-0.27055491959011257,0.9448017350471748,-4.2567103679882461,25.120587314104011,-5.8723996555619191,,0.3853404975713258,0.4,0,1
-0.91818311319235935,-0.26509916099616443,-0.29438445184404161,0.26291100918855598,-0.96363739969029649,0.047757336248784039,-0.2963402974552099,-0.033546933649053916,0.95449307558876728,-7.8239617309344354,-6.4561743853511775,-2.4623218654199199,0.320680650240007,0.2484010263695399,0.8808290155440415,1,5
0.95089225334272176,0.16069471381934378,-0.26453947055840199,-0.1117196662522249,0.97524406751397885,0.19083428662397506,0.28865661036132867,-0.15190858346159766,0.9453047887138829,-13.218169149740634,16.531965933188729,-7.290377032264626,0.31222164267093,0.2859724041024851,0.9320388349514563,1,5
0.037482738437251313,-0.84679393633539757,-0.5305987878848264,0.99383822475609285,-0.023835798187903705,0.10824711422667846,-0.10431024557972557,-0.53138675567833649,0.84068275143287519,3.6935343473983937,4.036240601875182,-0.57594876797046957,,0.0954470235658279,0.5862068965517241,0,5
0.080965022835299147,-0.91969017092971006,-0.3842065259369763,0.99490621674517654,0.051347533466884837,0.086747050028616934,-0.060052351819722405,-0.38927293805522634,0.91916282275708516,20.923097374293182,6.2817253715931169,4.3037752710077086,0.4069230215238957,0.3306876956030913,0.851063829787234,1,6
-0.95203099690075943,0.12551973921727505,-0.27907306571392954,-0.14565003346300426,-0.98794108956295079,0.052521151028833334,-0.26911530742856254,0.090648765132212733,0.95883249459310316,7.0693743053946347,15.998799366262793,-1.2870017382202454,0.1708054644780804,0.1291085677065926,0.4772727272727273,1,5
-0.19064623800517794,-0.8611167516865863,-0.47130876492933454,0.96737661893609972,-0.24640312772156756,0.058889521859065749,-0.16684270757283201,-0.44470601369193408,0.88000004108863306,-11.485209111762664,20.433610808640513,-7.4187990082647035,,0.1807688604965641,0.1739130434782609,0,2
-0.42243323885724926,-0.83727400976564115,-0.3471633495626249,0.87840154883271726,-0.47262073059673992,0.070995521115699525,-0.22351930054664199,-0.27495795602450018,0.93511349295257795,-17.97758440235615,-4.1980593440167073,-5.6110391478461255,,0.6410145115695253,0.1935483870967742,0,1
-0.87607962102006298,0.43294321515305795,-0.21223729664287497,-0.43484660079985377,-0.899609407448558,-0.0401415969147636,-0.20830970070103641,0.057123431995878167,0.97639335419228301,-15.597421486166429,-19.288001727393254,-2.7733331871205862,,0.2789753971199795,0.4347826086956522,0,4
-0.9271406551917688,0.32048456833667682,-0.19416448426174465,-0.29097562363458468,-0.94224732010608958,-0.16584080982483035,-0.23610038530472569,-0.097260625182778143,0.96684899485287434,-16.840064106113374,-18.428753946995268,-3.286761812364809,,0.2449545291075871,0.2142857142857143,0,5
-0.93948667260676488,0.21433969211190423,-0.26725135805013972,-0.24204917337825241,-0.96735652771573777,0.07505695139463868,-0.2424396618979133,0.13520297582200852,0.96069931074592729,15.384304461840363,-3.4028377307716129,3.9575650552050226,0.1927316358021895,0.2503880453210878,0.5714285714285714,1,4
0.95563094711320073,-0.092820366382101629,-0.27956014112211952,0.14198740252475245,0.9766739033873455,0.16108278606480742,0.25808733104087239,-0.19362971369812804,0.94651913003878607,-1.3977531429631231,8.4977718235283835,-2.7231774171481669,,0.07178915374448805,0.2857142857142857,0,5
0.25837438839773896,0.95444321084546246,-0.14926765453740337,-0.95115578176449134,0.27836043816102318,0.13348462564198971,0.16895370441654517,0.10748778413292571,0.97974538632550845,9.3502693364641996,22.542281116626608,-1.4060513374048553,,0.2760445785478959,0.7241379310344828,0,3
0.94186200739150794,0.20279252014084856,-0.26790138634833993,-0.16923865246203595,0.97512461996361566,0.14314417226575696,0.29026580498789933,-0.08948278781831738,0.95275316485382977,-11.796379213614397,6.4676075577520793,-5.4070028162467398,0.4323183090383186,0.5384655095194602,0.625,1,1
0.19891440675857608,-0.92659302301937263,-0.31915267267517233,0.97863808309647438,0.17053770168483381,0.11482331913559476,-0.05196692310637302,-0.33517497220985443,0.9407216256188552,12.342262345851815,7.293191417820208,1.6054051671947966,0.2887217448568155,0.1809245196006746,0.6037735849056604,1,6
-0.6606231984044223,0.72991167423162762,-0.17551620309901297,-0.74552416027774726,-0.66532391573719429,0.039214966406809382,-0.088151665736228679,0.15675788646351851,0.98369520119771814,-12.845841137457638,-6.2200169119274742,-3.9485973219334229,,0.1311563149400479,0.4705882352941176,0,4
0.35667957684469132,0.91188309637582488,-0.2030982471759166,-0.91527721577606058,0.3846513161143012,0.11962852207044457,0.18720923519718471,0.14322214757352902,0.97182309022852087,-0.79973357191264083,-9.6550178791425072,-0.012724247366238081,,0.08142158103974634,0.3404255319148936,0,4
-0.92634259647813599,0.27666404104362552,-0.25562942386109416,-0.30018104059161826,-0.95216104423706671,0.0572772966079187,-0.22755381082169804,0.12979350611948695,0.96507663371865571,-12.22257601977771,3.7734463127295985,-5.184326024610403,0.3424604568220154,0.2817062231936084,0.8708133971291866,1,5
-0.49181488076812352,0.8703263404104119,-0.025498710611624346,-0.86992409623275491,-0.49240186273213549,-0.027793387190978881,-0.036744929563965696,0.0085127413764442116,0.99928841851869599,-11.220424679856043,-0.31027236054999019,-4.2544928871822894,0.1067580693175775,0.2059064170905295,0.2765957446808511,1,3
-0.88306885160079751,0.40882409095317845,-0.23033077516639874,-0.4241840542382313,-0.9053701995280895,0.019305179006774587,-0.200642197611729,0.11475044428137793,0.97292088274163435,-14.631528737293884,13.714929332565841,-7.2652234715478006,0.3383841373483586,0.2539821714416842,0.6129032258064516,1,5
-0.71566444325516676,0.67856938826042323,-0.1654327355034316,-0.68068757203921615,-0.73069191923919152,-0.052476170114686076,-0.15648908566296427,0.07505267799634649,0.98482397492848817,-7.9208958844128503,32.150746495001286,-7.7417900482369664,,0.2163202608031248,0.2244897959183673,0,3
0.89358479181547124,-0.31926937161092711,-0.31555235411459154,0.40314589131755479,0.87995056163789787,0.25131732806736384,0.1974325458222915,-0.35178697733757613,0.91502257481759253,-6.575895160513312,-14.34390194673461,-0.94913175295188412,,0.2088818022927032,0.28,0,5
-0.37376674955771505,0.90479842063118776,-0.20405449014507868,-0.92722284104908903,-0.37008554817594747,0.057397648629227326,-0.023584316015436091,0.21065731664154541,0.9772754345543877,15.728512005927561,24.867490158888668,0.30002783571302893,,0.2807087409759411,0.3529411764705883,0,5
0.14921005965024062,0.95695539962061982,-0.24894320885718266,-0.9762656826907985,0.18254070834783875,0.11655130456643902,0.15697666992085535,0.22564408463952362,0.9614796264964488,3.208272383029954,-12.038642945532324,1.5845612390863995,0.7949063762554163,0.7345914705047949,0.8584474885844748,1,5
0.042261388393779874,0.96651485424430461,-0.25310671973723037,-0.99089462198441358,0.07296058153348553,0.11315741983918806,0.12783514060459572,0.24601989770627578,0.96079778661235327,2.4158395450973846,2.658914721763042,-0.76414602514598184,0.2638813321500638,0.2253892301054775,0.8364389233954451,1,5
0.74472349591922027,-0.53808764756498573,-0.39477664338690799,0.65302177602823597,0.70955596978767088,0.26475061052168725,0.13765709084091052,-0.45496374501344322,0.87980595364236958,18.438464367607473,-0.93082684122142367,4.5614488828467179,,0.4081843193044499,0.1111111111111111,0,2
0.31422247042898088,0.91751395682588033,-0.24378756758133396,-0.92833630589195981,0.35069337764437192,0.12331203525711124,0.19863519889580833,0.18756943755872693,0.96195725677055155,4.128264825350592,7.2417551193267462,-0.91867888751398952,0.195816893532887,0.1483594381504084,0.7226890756302521,1,5
0.73286704091821986,0.67329169845737802,-0.097898871924816569,-0.61599077557824278,0.71771176858130636,0.32472323853153673,0.28889663331075349,-0.17767415689478597,0.9407287755955166,0.056640026872551798,-13.037304789834653,0.76941552799954849,,0.3276465403133584,0.25,0,4
0.9527626802534499,-0.068361113214145147,-0.29592234338823642,0.15284597796119867,0.94988765656852359,0.27267480066893529,0.26245262836814426,-0.3050249138986546,0.91546623081562717,-3.9492043831623911,-7.9304980484725727,-1.1068162341930756,,0.1611330448682282,0.25,0,2
-0.96203074325837246,0.084221518051891223,-0.25962200392643608,-0.10282024188690822,-0.99295542371706547,0.058885689001498251,-0.25283363479581011,0.083344240400272773,0.96391332115913864,-17.439723469466124,15.251003441563752,-8.2681623073894759,0.6602234569117875,0.625344610020595,0.86,1,5
0.11782603719878641,-0.83416161245897891,-0.5387869980408454,0.99045684417160207,0.05965283165632139,0.1242448369511323,-0.07150010343811429,-0.54828454654058834,0.83322973496696595,-17.013837254381009,2.2028444471951705,-6.3138146446328207,,0.3940170925972797,0.2380952380952381,0,2
-0.40212764482755348,-0.85272690203280144,-0.33339194323646504,0.88845900784238108,-0.45140138866122209,0.082929956580554923,-0.22121019110605494,-0.26285664698512323,0.93913387463479436,-3.4012805376867346,-4.1852263029227368,-1.4867677634519649,0.342373025455578,0.2755513347300266,0.7346938775510204,1,5
0.92752339582128185,0.2624346965284628,-0.26613601834808381,-0.23052992814745521,0.96215010578802351,0.14533797219042704,0.29420452483346898,-0.073452052320610445,0.95291578514441877,1.1307366415989026,4.588985611952503,-1.5011494336007114,0.4894007063119619,0.3871766355556752,0.9630369630369631,1,5
-0.95458215781946842,-0.060147841628907947,-0.29181353827420919,0.070609240472346138,-0.99717955964344074,-0.025441324439484141,-0.28946025484105403,-0.044890566678317652,0.9561368091913699,8.4322628302748761,-18.786023676785401,4.226911681591246,,0.1881671484620436,0.3333333333333333,0,4
-0.94720248133859963,-0.080653887248647166,-0.31032629572384457,0.14077725398883278,-0.97418118218457384,-0.17650152700991237,-0.28807850337254287,-0.21086956809637009,0.93410106580898788,-7.5454067990799301,-1.7466542076956291,-3.0652248816012024,0.4808920920137821,0.319132417833507,0.1932773109243698,1,3
-0.77591091762823827,-0.52456730744639468,-0.35041602112880532,0.55433150542338494,-0.83209686888371714,0.018203925097537033,-0.30112925796134044,-0.18012201628993776,0.93641723032380098,-23.248874753689218,-9.9477755721553258,-6.2854838287525068,,0.761370203468173,0.84,0,3
-0.22762951173122145,0.97047293803528556,-0.079793996830379119,-0.97056953920066757,-0.21950807426906202,0.099050365504080404,0.078610272641745707,0.099992409071133423,0.99187798804255234,4.3013381284539909,3.5684437724721327,-0.30088019947858552,0.4988775685992738,0.4633367484497184,0.6065573770491803,1,5
0.33664749953494455,0.91296502660410794,-0.23057172691947911,-0.91873824494264855,0.37212877491356083,0.13206139542286938,0.20636980965386537,0.16737692516919325,0.96405210781592854,5.1735392197846304,21.485985303265014,-2.5083026734088705,0.1702373424955046,0.2041415051831904,0.375,1,5
0.62859601666090792,0.76901585600942124,-0.11611055526581131,-0.73735181561254215,0.63676044372409035,0.22549598072069063,0.24734459333271464,-0.056131546517044724,0.96730031615557599,9.9920859417965922,6.1144683362492742,0.99103701930895416,,0.1434846733864552,0.4,0,5
0.25421162547790149,0.93670502060108896,-0.24074915130192256,-0.94987923009816022,0.28864405760248785,0.12005855337666824,0.18195026161017125,0.19816233847904743,0.96313331886530928,2.4778585906462212,-5.557180406270283,0.33078626348306955,,0.08239947949514861,0.3285714285714286,0,5
0.55325371312709182,0.8076964352274254,-0.20380578360781715,-0.79403710042209885,0.58530253705557311,0.1640915088283883,0.25182416894403314,0.07104511691327195,0.96516173737795274,-5.1615644806309469,-4.8830806459120799,-1.948655381952924,,0.1114020417588032,0.1923076923076923,0,5
0.70038376614522579,-0.64465282594694417,-0.30640710520294295,0.70758739040220053,0.68345355500155336,0.17947513225943504,0.093715874130439941,-0.34251127303251877,0.93482798566453396,8.1868434036193545,19.696172653000414,-1.4115984698804946,0.2801572212949179,0.3615019638201145,0.88,1,5
0.82917477142627505,0.49510257724736451,-0.2595045980964521,-0.4279549148518409,0.86091337191551998,0.27510499252322362,0.35961616938666341,-0.11705385111164276,0.92572922966469817,-9.5232089296694475,18.722960046809835,-6.6491604077348603,,0.5865336821760604,0.4347826086956522,0,2
-0.95912446409898533,0.11877744843883072,-0.25685050147740829,-0.1381714999294244,-0.98866365088001573,0.058760718476317739,-0.24695930631196769,0.091848261665427977,0.96466315253302382,-11.381589851256809,-7.4385410865754915,-3.3502942836611482,0.6396657064420894,0.7275909519222427,0.7105263157894737,1,5
-0.3999299816460391,0.90873014959153886,-0.11943837324719796,-0.9162301985464375,-0.39980212346228655,0.02608611405713419,-0.024046476917709315,0.11986566355042998,0.99249886128370957,13.149450272218569,16.38876951534801,0.43127196278765034,,0.3898936983454744,0.1470588235294118,0,5
0.54141681217729598,-0.77486419255112871,-0.32627184768818507,0.83891295573824443,0.52356284808188658,0.14868421840567403,0.055613740984557396,-0.35421381566854637,0.9335093382517563,3.0409252213611002,22.932166986719064,-3.3100641227280163,,0.1231442921239064,0.4117647058823529,0,3
-0.07848165286281393,-0.95040258706736935,-0.30095772570175489,0.98751471728414753,-0.11547530108320214,0.10714540581357322,-0.13658445486632911,-0.2887912348659421,0.94759923456779593,8.1794405413058069,9.8013116899012065,-0.061397321868792341,0.2011976897595991,0.1871380837217993,0.4117647058823529,1,5
-0.95491264340089999,-0.038433511460421121,-0.29438870336669726,0.060389598843624895,-0.99600009861737893,-0.065855143350202788,-0.29068013317839536,-0.080663924718497107,0.95341407133752598,-8.5217631400605676,-18.083760956531169,-0.95091976457182137,,0.3787879278831854,0.1333333333333333,0,5
0.58256211935559521,0.79406831581292103,-0.17342689213022708,-0.77946518013255806,0.60628183988563089,0.15765901048089431,0.23033760017165625,0.043334056432861312,0.97214543639325768,-1.0122542183103782,-3.4549665383620694,-0.9622775890042049,0.4067635282509487,0.2002200010567055,0.6496598639455783,1,5
0.34882105785417211,-0.76207940597723833,-0.54548954947173489,0.9371481998180019,0.27817879473755258,0.21064142454949836,-0.0087818662809032409,-0.58468071384623477,0.81121596488289249,4.6065108088742628,-9.1612592298580147,1.6004496363512901,,0.6054940798783986,0.46875,0,1
0.25126489465836638,0.96470491317846985,-0.07880598455472683,-0.94714280986107957,0.261833775768959,0.18537413949909287,0.19946541164016043,0.028062508011407878,0.97950295824123501,-2.1564718489122829,-10.461836384446098,-0.22216181973584723,,0.2395329722082483,0.4193548387096774,0,7
0.90637701082438926,0.33815407377175027,-0.25324402587349149,-0.2959347266818465,0.93598949632184614,0.190647056937465,0.30150182717984458,-0.097854408008764632,0.94843089523721691,3.1291525756030896,-10.843218701219669,1.3812235184275745,,0.08810654384109917,0.35,0,5
-0.70207639540076427,-0.55400387523811423,-0.44740187889885275,0.65728995296258952,-0.74588302394527994,-0.10783520911411217,-0.27396834261554531,-0.36978131484892413,0.8878080459384754,-8.4604395621248329,23.006443541744247,-6.83562546555578,,0.2626944587895413,0.2307692307692308,0,3
-0.8312400719642925,0.50458424762305765,-0.23331240818154469,-0.52669641382818988,-0.84910501565111118,0.040144240641118101,-0.17785058454029121,0.15625431017031322,0.97157282801233058,5.8911594535146641,-7.8025279482470031,1.7808769860989928,,0.06690319571038554,0.2962962962962963,0,2
0.086368497961162638,0.96341407621838093,-0.2537199249255303,-0.98661998566225406,0.11806047694130728,0.11243988472159548,0.13828046301537797,0.24061388473792428,0.96072028812739174,10.569018550470016,-0.43422545031470572,2.0278593017915334,0.2572369954449465,0.2339066662473808,0.7553191489361702,1,5
-0.37633976568392669,0.92419398385731444,-0.065068125583227207,-0.92646032069701878,-0.37587916461938276,0.019650134325595089,-0.0062972167618693987,0.067678163442742648,0.99768733140903065,-12.077312066824378,-2.0369454141386987,-4.3263296144262728,,0.2963925490561422,0.3333333333333333,0,2
0.6163795126405428,-0.71011833655484058,-0.34030610409687406,0.7870941293555499,0.56857490976262404,0.23917651122644279,0.023645886133438529,-0.41527643814332843,0.90938789962917055,6.9250601770269746,-15.949947179907763,3.3982825774659764,,0.7348014995132485,0.6857142857142857,0,3
0.14601385793402297,0.96920178964145676,-0.19831249140439694,-0.97552698175825792,0.17437359342868239,0.1339438605401205,0.16439909109495002,0.17390152636065212,0.97094345766197365,14.681137965144641,8.0580033095373533,2.1446694812132727,,0.1570229613815538,0.3181818181818182,0,5
-0.21050943984513329,0.97315841020748384,-0.092997227800239737,-0.97615120097538743,-0.2040834170469501,0.074018860574512318,0.05305288465669538,0.10636102448210139,0.99291123666756853,0.47473696250652242,-3.8743742679358588,-0.52851761521642049,,0.2555331962968301,0.256,0,1
-0.87873255210888401,0.40146092080003137,-0.25818255350545583,-0.43473271270062097,-0.89647736379720977,0.085649312356634935,-0.19706996314041889,0.18750324069091689,0.96229203694005361,8.221604795274926,-2.6798792015204271,1.7314394401550011,0.1146568919964392,0.1128151268591445,0.5102040816326531,1,5
0.02700408418284498,0.998857826972122,0.039418535411354622,-0.99211832449265047,0.021953396940030553,0.12336644020433468,0.1223601636291079,-0.042439249042883154,0.99157798508101924,8.8443267583576208,-0.33139210578500439,1.5576898524898055,0.627185828225739,0.3634108837638633,0.3090909090909091,1,4
-0.96115142319829383,0.09386236539583423,-0.25957233682769792,-0.088119051826279618,-0.99553967619682504,-0.033701421678577495,-0.26157785531105338,-0.0095189012085821825,0.96513543926780032,4.7735134399576946,14.066591500178854,-1.7206664580979683,0.161599295384269,0.1265374310338952,0.32,1,5
-0.12264729176744407,-0.94918119785231192,-0.28984943585551598,0.98129679251586754,-0.15964414005498212,0.10756557787775399,-0.14837198799025833,-0.27123569490344501,0.95100838639312912,1.6436787558394186,-7.8295060002284789,0.47893397866192905,0.2230854318442714,0.1290421100847513,0.3770491803278688,1,5
-0.9565387517118743,0.11436678927739205,-0.26824215549362995,-0.079471226199618758,-0.98730129480355189,-0.13755172658152498,-0.28056717676844734,-0.11025602382459729,0.95348081707529497,-5.8621547218276584,26.402081756246936,-6.5135352694782034,0.3893521178776664,0.371184377444776,0.3947368421052632,1,5
-0.3137391210580428,0.94703588668921301,-0.068489365893556628,-0.94950813730099204,-0.31303058040453086,0.021122332513302516,-0.0014356590565183587,0.071658112271936358,0.99742821988787489,-2.5659853353418067,-13.835319674121941,0.1661699997538772,,0.4433478355624702,0.2916666666666667,0,5
-0.94034599288113518,0.24374782501712369,-0.2373529259811484,-0.23357145879374394,-0.96977745528712678,-0.070541199690580147,-0.24737378056162948,-0.010894265291684651,0.96885887913276636,9.8442831360417209,30.19793906050624,-2.0473398151915103,,0.3450992216189154,0.35,0,5
0.052656089098862539,0.99417549610094658,-0.094034138658514274,-0.99007850694755595,0.064258586369654494,0.12496153071354289,0.13027619261135451,0.086521194109938804,0.98769539667271866,0.11549879347090701,-15.961253827962494,1.208612152294366,,0.7925985521656529,0.5294117647058824,0,1
-0.79046464940598904,0.59125445970732415,-0.15994937297678785,-0.59169393534351478,-0.80460462816075895,-0.050096698693548929,-0.15831590228770967,0.055041404583169723,0.98585319336316046,-6.1363502876163398,-9.8499859381740702,-1.4959723213396248,,0.06105558799809532,0.2307692307692308,0,4
0.80500569361281626,-0.48831471005379656,-0.33691924432425313,0.56909628357537012,0.79605092909356001,0.20599111221114044,0.1676163872407796,-0.35756350797355912,0.91872361703288774,-18.463818992132989,21.173618286486533,-9.3735632482026414,0.3567923033775843,0.2763306577759793,0.5,1,5
0.67562450676128116,-0.61483827344397046,-0.40682357769924626,0.72207391916443087,0.66322521490727993,0.19682878238132112,0.14879778602552046,-0.42673904417059333,0.89204989045135474,9.710627152863653,-6.5416109531738806,2.7913936871621123,,0.2562671753660317,0.3611111111111111,0,3
-0.95842713930437329,0.14418942929386033,-0.24622515534515699,-0.11239048124800856,-0.9839343669055467,-0.13871388303635271,-0.26227046797090381,-0.10527378639572497,0.95923491988575516,-15.104862378552319,2.7954854874498691,-5.8617139962934566,,0.5786755303121524,0.2571428571428571,0,1
0.88900819547887122,-0.35558169364832931,-0.28848931958321217,0.40661210782151841,0.90276370815127183,0.14030068074640922,0.21054933422915631,-0.24203170533454829,0.94714815708447009,0.52898652083864051,17.783843700104736,-3.5328558380704806,0.3924334057305028,0.3079368069986405,0.8686868686868687,1,5
0.96359584512825169,-0.027489360438107804,-0.26594620191736745,0.078339952962785481,0.98007196884186198,0.18254256396858404,0.25562843938294105,-0.19673146914802389,0.94654679230638217,-3.4856323326869587,-12.377613396026387,-0.332792381892141,0.2220107658257175,0.1058400760527565,0.2142857142857143,1,4
0.58698694684050634,0.8001862591228005,-0.12307832851448336,-0.7674249252066464,0.5983691214550394,0.23024634342525011,0.25788623152552059,-0.040698221093591835,0.96531774374523094,-6.3465348880037169,28.901406538142641,-6.9426722710224764,,0.1761404955215079,0.3333333333333333,0,1
-0.083430184125363141,-0.86818630405822916,-0.48917476000149523,0.98057160022349055,-0.15897799913854782,0.11491445785908622,-0.17753518302565222,-0.47008354282575815,0.8645823972025064,2.6921939905585557,25.574989951406049,-3.7377813478331383,,0.5600440883177494,0.2258064516129032,0,5
-0.60389225517404632,0.77066292794024827,-0.20345219497309228,-0.79298667806545131,-0.60669108545447081,0.055660176435199875,-0.080537398465097915,0.19494762970767507,0.97750148292462147,-10.229449053319572,1.9943729646466004,-4.3681262434179846,,0.08238318439503205,0.3372093023255814,0,5
-0.50399592807877125,-0.81729945507695989,-0.27930217544967784,0.82977696785155441,-0.54792842543314602,0.10604067250557501,-0.23970458506899506,-0.1783144451054321,0.95432995895740558,5.3540371885491496,-4.8091945922179731,1.1683334480174397,,0.07309707236935714,0.3076923076923077,0,5
-0.34065804223345142,-0.84987353391223031,-0.40207844336299359,0.90844503217187078,-0.40772421289622574,0.092133542971065768,-0.24223897659939031,-0.33388013204395561,0.91095792199332126,7.3208869775329903,-6.8846125560371085,2.0555244042409102,,0.1858738276178226,0.3571428571428572,0,4
0.20455590893032405,0.95178642890976584,-0.22860331114155974,-0.96411451143938964,0.23628101384478667,0.12105573645419411,0.16923382922358216,0.19563710343305418,0.96596378545297867,-8.5241535803692585,-10.952556907205414,-2.0048781928822428,,0.08685074325077975,0.4736842105263158,0,5
-0.94588764131530745,-0.14554841937385216,-0.29002108134536947,0.13903265956835645,-0.98935104444706268,0.043063098179957064,-0.29320042561414145,0.00041045009483182807,0.95605090970638495,2.7405900941139798,18.206071439655375,-2.8361743684106435,0.1923942857404144,0.1750689112698718,0.5617977528089888,1,5
-0.47901554768033661,-0.79087855327357426,-0.3808611545595143,0.84246692398010881,-0.53607480562158194,0.05360302955317222,-0.24656355586339623,-0.29518624078652844,0.92307718863067834,13.52229201262686,6.4563827297545515,2.0367369968595153,0.1161804839159701,0.1412499780956481,0.2692307692307692,1,5
0.95544639891768512,0.11826865974360039,-0.27043428576583961,-0.075982299401791423,0.98388804068888414,0.16183637899744749,0.28521723119903519,-0.13407776665741936,0.94903861012885804,11.963500772199474,6.3827014851319275,1.558491324568456,,0.1218191890837865,0.375,0,5
-0.92654628681281181,0.28873986466845192,-0.24112500688363891,-0.29634273623888047,-0.95506888619449848,-0.0049401722291714202,-0.23171741641888755,0.066878346080361931,0.97048149171105347,-4.9437594358747585,25.755682623434584,-6.1749636733543456,,0.2666747434497859,0.2962962962962963,0,1
0.96124464038912549,-0.091218520991771398,-0.26016902727122293,0.15432049265279882,0.96001488128992984,0.23357357138443474,0.22845990210664546,-0.26467075609132934,0.93688604643225748,-5.2101813277640909,-9.8383281881383198,-1.1994415099385833,0.9404788879622844,0.4202357983505786,0.2608695652173913,1,2
0.92663355701016115,-0.22092592760899166,-0.30420714247499825,0.31994824642252806,0.88830584219576991,0.32946297262668967,0.19744206905785439,-0.40262198801229443,0.89381886539453992,8.3501399408186128,4.5912717042299152,0.68589657360838918,,0.4623860591112253,0.3255813953488372,0,2
-0.47080606203631198,-0.7784043050166578,-0.41524497574491437,0.85015597298604217,-0.52606154237732317,0.022227803034692697,-0.23574662997807083,-0.34255801196750035,0.9094380324633764,3.3915591988056262,17.551542781516716,-2.5411927632781728,,0.1606420519261377,0.2857142857142857,0,3
-0.85059937132141872,-0.40431069105727602,-0.33617491667939109,0.435273250534425,-0.90010194330605053,-0.018806621862200029,-0.2949879775123106,-0.16232484946384498,0.94161177582363376,12.508809342351915,29.370680054277571,-1.265402755646692,,0.3406486939610985,0.4285714285714285,0,1
0.46039384107739884,-0.79712941972642803,-0.39066891264164588,0.88737081946184326,0.42550306986015507,0.17753919653755476,0.024709104913271676,-0.42840614578480468,0.90324837912292599,-14.439336288448109,-5.6076914754875373,-4.4748562408340531,,0.4530766792931146,0.4736842105263158,0,3
0.63095495254133094,-0.70097589143976891,-0.33245848986570908,0.77038509369408625,0.61672514197983874,0.16173097002090256,0.091665998481011382,-0.35816602137859077,0.92914716049305679,19.669966872936879,25.922223563793359,1.3045249549856968,,0.1843047994261106,0.6428571428571429,0,1
0.50748960412805966,-0.73723405384177343,-0.44602718701663324,0.85974313776002464,0.46773254211084581,0.20510486616624668,0.057411138087422986,-0.48755740062740477,0.87120132134711314,6.5175236196800563,18.668419582851826,-1.868297661032837,,0.4006400211751321,0.2307692307692308,0,2
-0.69804520253793989,-0.62978193195858601,-0.34074567259508631,0.65738780941311836,-0.75228454349727059,0.043694778293586672,-0.28385588464710204,-0.19350112091048621,0.93913958118993002,21.259000584453155,3.0325712565955278,4.8935315236266472,0.3581205668156279,0.3276692938007124,0.7317073170731707,1,5
0.9534798334484843,0.14708995673521785,-0.2631363749744281,-0.097659809718353002,0.97652506752639823,0.19199310940327957,0.28519952449614328,-0.15736370966711585,0.94546173592958183,4.5268793291440419,25.093177219019651,-3.1641476972292155,0.2576591819177944,0.2182851254884295,0.5294117647058824,1,4
0.91164320152444567,0.33663321185165374,-0.23576419107383231,-0.28692396980606283,0.93203439869861004,0.22132897504224497,0.29424701980646883,-0.13412665775661733,0.94627096067355421,1.829666157131034,-11.909117300234835,1.1743710572818649,,0.09641255974242957,0.3181818181818182,0,3
-0.76233896324846029,0.61612445342392863,-0.1980655522960254,-0.63131942704239652,-0.77531090516935008,0.01813232925868756,-0.1423906111796869,0.1388656120807101,0.98002104856443095,-3.5550914449833013,10.422329958280843,-3.6699256675339273,0.344301891595117,0.3833495176899668,0.2226415094339623,1,5
-0.91340142050904538,-0.24957826288932955,-0.32157197593260917,0.26367192841665771,-0.96461237409423217,-0.00028619806149706367,-0.31012087833149665,-0.085050916734824289,0.94688509460518344,7.7097089986107035,21.845161466214758,-1.8118796797032268,,0.2562703474168718,0.5,0,4
0.8971367993165652,0.35368065149389527,-0.26468010894452182,-0.32860999276118907,0.93473589298496573,0.13521938848808496,0.29523047940468744,-0.034333760709453751,0.9548089635660244,7.8442064776261082,-1.483119087306094,1.4264513333431994,0.2174706837760859,0.1930367063263344,0.7103448275862069,1,5
0.335634879227585,-0.83951980870623977,-0.42726539601952884,0.94198718806217729,0.30059562067463635,0.1493399154879389,0.0030602896266439983,-0.45260221345136015,0.89170727876715938,-3.7675214403844177,-9.2400992671979161,-0.82734913778902675,,0.6467748627762901,0.2291666666666667,0,4
-0.48896424920601317,-0.81856156589921325,-0.3014480483118579,0.83918752508653438,-0.5357358717323295,0.093548775931805092,-0.23807196545905551,-0.20722943461735732,0.94888234291224594,2.0595002355566767,-9.6401314927581634,0.87766009789556831,,0.3629076164757139,0.2608695652173913,0,1
0.95777406924181352,0.094744872594389254,-0.27146314925796311,-0.060088857008048439,0.98925767341937543,0.13326134039679952,0.28117283217168143,-0.11132234590574488,0.95317845850113403,-7.812760987993979,-0.18843979120457743,-3.4032829800764719,0.4719356946318879,0.4166967606366667,0.9942716857610474,1,5
0.30331455295906756,-0.89644234977453019,-0.32309657301487404,0.95266688339994698,0.27793448873565241,0.12319995634853059,-0.020641977528066045,-0.34517174493571534,0.93831251471018995,-13.372663295169019,0.73834299699925232,-5.0659079546844987,0.3112680029844672,0.2314934755067005,0.5773195876288659,1,5
0.077043824282973142,0.9702045174575411,-0.22971165282770084,-0.9877714778452984,0.10559668214422006,0.11470330542511875,0.13554245347923249,0.21806543748405505,0.96647592224520429,11.54300172583452,12.463397117647142,0.50467371160224883,0.2065288370580683,0.1719155966725844,0.3636363636363636,1,5
-0.16233336570077175,0.97371295431788429,-0.15978410738804974,-0.98378363945992353,-0.14719445583357588,0.10248679379726777,0.0762733840290679,0.1738300168710625,0.98181744541608096,-12.224336024825213,2.9996600118883014,-5.0309797387253585,0.2896902633456659,0.2726603537899019,0.2142857142857143,1,4
-0.74760815182771601,0.62160571862757652,-0.23385547222641659,-0.64471572744039962,-0.76380002711684902,0.03084070957837012,-0.15944805458751329,0.17382706678131302,0.97178210970487733,-2.4777127803280292,-12.45927510262098,-0.02807994788400538,,0.2291216571543616,0.3703703703703703,0,5
-0.95383908765892778,0.17629307886325307,-0.24312907106905091,-0.15566632871190145,-0.98255582680531361,-0.10174498177446445,-0.25682482154056485,-0.059201330693175125,0.96464304977790372,-4.9209896846607979,10.949673653938563,-4.2561833473699666,,0.1815540003961066,0.35,0,2
-0.93426428670568806,0.24579582621559329,-0.25833051387961475,-0.26601105004289355,-0.96287731429708967,0.045884625607078754,-0.23746234194370522,0.11158713826879157,0.96496629305462955,-23.745889633736123,35.566443369971935,-12.638556194820996,,0.155375287327575,0.5,0,1
0.84745658873264385,-0.40256919831737947,-0.34605688951346286,0.49077058484775782,0.84263653934852212,0.22160301352404216,0.20238963229824911,-0.3576334759510767,0.91166700807769196,25.130841051186604,3.7428780616026724,5.980103626449691,,0.3562479432832313,0.7142857142857143,0,5
0.56773665661244943,-0.72027116011725556,-0.39860324213666631,0.82320425711712153,0.49858497142642183,0.27156541998561645,0.003136845990419101,-0.48230952942177951,0.87599525000206246,-4.2639367944636302,-12.896847011160071,-0.48012306181940984,0.9646126962890057,0.5709514853965804,0.6363636363636364,1,5
0.3803036292641,-0.87654406126388618,-0.2950248434141885,0.92485105216150987,0.36196137307190468,0.11676684340877796,0.0044363142700287539,-0.317260891171468,0.94832792115849029,7.0480942078834063,-3.3114705615646449,1.4502266137967994,0.3770413361472792,0.3690667182971498,0.785234899328859,1,4
0.73863760311848869,-0.57434553525043142,-0.35290465765879353,0.65618158910574897,0.7325106975518838,0.18125617255891724,0.15440276350515558,-0.36545216391471713,0.91793491191479526,9.0203616103084396,-3.6893577698316236,2.0887094506576789,,0.3200708380042707,0.4657534246575342,0,4
0.39508479137177793,-0.82382860773019562,-0.40646578295355507,0.91834630378265214,0.36546767182148221,0.15189946406135679,0.023410979378501152,-0.43328951745768485,0.90095067573415288,10.677009647830598,-2.8664063640045123,2.5100072097942854,,0.1602426832040878,0.2272727272727273,0,5
-0.70253969447235376,0.65924522999313673,-0.268018104653376,-0.70124444495003446,-0.70545180016685338,0.10292709103080856,-0.12121966060590227,0.26025657411992931,0.95789994754668795,8.0163743288990155,17.778539476696757,-1.2677390769635655,,0.07261204001283619,0.3478260869565217,0,2
-0.065999521357590046,0.99237047843878323,-0.10413883379292044,-0.99267775247640566,-0.054719245839860951,0.1076879003096866,0.10116789470460054,0.11048365335151339,0.98871554019502572,5.1351616334963426,8.3667287356645623,-0.83739900922944055,0.6445598203422251,0.3328589433683873,0.3424657534246575,1,4
0.85832987253342019,0.49305777756420305,-0.14199949964775066,-0.43297164982015318,0.84450504836776208,0.31519323237242736,0.27532776897504807,-0.20905800932949944,0.93834394992796211,-5.0352571843955358,-17.567800713301377,-0.080308021555756878,,0.5062346514039229,0.4883720930232558,0,2
0.72893992050763967,0.66601068182477385,-0.15835518300837453,-0.6237709824306914,0.74148557400790438,0.24720215414842026,0.28205735900303353,-0.081418150516141069,0.95593657268605692,-14.517825105401302,18.961158376423395,-8.0207347104930022,,0.1092689059151504,0.4545454545454545,0,5
-0.67973654316299914,-0.63713989532487392,-0.36333316071372518,0.68557175017859173,-0.72798027419445377,-0.0060079731051466013,-0.26067145460498731,-0.25317478975833646,0.93163990821826825,2.8593382406789489,-4.1200048119324437,0.26755145280327663,0.249830687980529,0.1255258190347793,0.1481481481481481,1,4
0.08098656574292544,-0.87301044733548361,-0.48093028082276662,0.98219872237818817,-0.01214900642598552,0.18745151746922845,-0.16948995819169324,-0.48755016202023738,0.85648583968809333,-7.8803449076205903,22.314461940241667,-6.6270123547647479,,0.3895924638762545,0.1538461538461539,0,2
-0.88105009165398918,0.42414271371438411,-0.20941273695622031,-0.42703635803707046,-0.90361279730448596,-0.033524043043720149,-0.20344700762344001,0.059890491320077469,0.97725249763738531,-7.3185626212628287,33.417285277564446,-7.6762337158737441,,0.2389771639619516,0.125,0,1
-0.90514101249159729,-0.31148008823155432,-0.28930935370455935,0.30535623444526144,-0.94985685022703459,0.067301813959120563,-0.29576564640116232,-0.027424782807536935,0.9548667779836425,-11.063433568540447,13.002937125395313,-6.1682127171641961,0.6038073725034234,0.6272651503103723,0.906896551724138,1,5
0.37603460754708162,0.91260970204205649,-0.16044159580863293,-0.90452099119666463,0.39910559127538797,0.15018822689320996,0.20109637095560845,0.088646820312019065,0.9755521466518603,-10.726084715995762,16.315945859265398,-6.6031872639801401,0.3499666768662694,0.3497314326922979,0.4671532846715328,1,5
0.49182580507906176,0.8680402175599381,-0.067923178347506843,-0.82964598508615639,0.49088125681500444,0.26593820924820583,0.26418727616740695,-0.074443081654482907,0.96159415072317789,-2.0153724098182657,-15.72752872627113,0.52639244508227401,,0.2337248807555503,0.1764705882352941,0,4
0.54358217835436451,-0.77037597237269329,-0.33322556409487974,0.83736422359267682,0.52505887131969697,0.15209976559981767,0.057789033756908567,-0.36170988767147794,0.93049792301655865,1.1432062636031712,8.7496275018199654,-2.0260883927038726,0.3733591404324497,0.3035745512323086,0.770197486535009,1,5
-0.086001769910885498,0.99455009651936455,-0.058938960675594641,-0.99302793264182521,-0.080782693631645211,0.085846848531090522,0.080617743489255184,0.065911015186689015,0.9945634808858419,0.60726308950157815,24.676461622723416,-4.3205318414225999,,0.1611561821853569,0.2857142857142857,0,3
-0.58880264540920801,0.7708516616503599,-0.24310318897537339,-0.80432985016764058,-0.58848461727831147,0.082093528101179966,-0.079780554575774529,0.24387203808078778,0.96652030095280639,9.441056305568841,12.452346497516611,-0.16153559941621368,,0.08876027500851695,0.5416666666666666,1,5
0.86577229247298382,-0.32713809342628453,-0.37870701791159,0.463051693699637,0.81067784400235265,0.35830791535437101,0.18979322050055253,-0.48557399134747015,0.85334426369368388,-8.0328031485463764,-16.264072640549795,-1.0823177326733227,,0.2936255186862374,0.2592592592592592,0,5
-0.12631829571250464,0.98660606839666098,-0.10320927269955894,-0.98970569468188174,-0.11828717090870353,0.080565396496698999,0.067277976207250664,0.11232368851359387,0.9913914781337182,-14.837417466924487,22.854052760757117,-8.7048164837151401,,0.2529875002904166,0.1538461538461539,0,4
0.87130818653118269,-0.37117285299389463,-0.32101831300428191,0.44573521730659538,0.87223677355428719,0.20130356904995628,0.2052855575445692,-0.31848661519753219,0.92543185367893799,4.1437850731251649,-7.6041795206531955,1.2086567811524516,,0.06838336565051006,0.2777777777777778,0,5
-0.0070583016537895732,-0.94937629320247807,-0.31406183194219645,0.99296004454015441,-0.043790440107662434,0.11005792702933351,-0.1182392926424249,-0.31107402858532168,0.94300181251953052,-8.9618864097175486,-1.2808640385871151,-3.550720494811896,,0.07495018776317829,0.2203389830508475,0,5
-0.67101584974184081,-0.66085814705156098,-0.33616103116038393,0.70267555999945897,-0.71149979890296389,-0.003885040603253715,-0.23661104533533991,-0.23881906464229213,0.94179651071168158,-9.6519136987448189,-6.6482699564127543,-2.9756653637287633,,0.4027548006375969,0.6,0,3
0.95084238036739199,-0.13735019990012576,-0.27754943755062356,0.17960006602051146,0.97471756769774376,0.13292659443024554,0.25227481836818338,-0.17624013677023345,0.95147087722563006,-2.3104311763420551,-6.0356328853288028,-0.96058834195043941,,0.07732404500785196,0.1881188118811881,0,1
0.94627765017824228,-0.14026817025094948,-0.29134764318180745,0.20028763202652494,0.96161760793101381,0.18755383380310225,0.25385719062171647,-0.23583133068251344,0.9380512300712387,-4.9776674687432854,23.566714255494865,-5.8492568032566572,0.1985276197367645,0.1343882339234424,0.4423076923076923,1,5
-0.73709204394845151,-0.58074633474319848,-0.34558503068020158,0.61632919875019521,-0.78744038990284493,0.0087149938381643251,-0.277188812032228,-0.20657039243801939,0.93834696965044118,-0.66111854595385922,18.41885088542622,-3.9446176101367145,,0.11604492749009,0.4038461538461539,0,5
0.82814102495941411,-0.46782169942079016,-0.30874795599358451,0.5345036578348783,0.82496843081418747,0.18366526051791815,0.16878472247306037,-0.31712764892235928,0.93324261140856113,-9.6953180733673356,-18.160700415136308,-1.2918489936820672,,0.1928447746582265,0.3529411764705883,0,5
-0.23149774158450373,0.97265002570831405,0.01899271257323509,-0.97183860512723719,-0.23210003118510988,0.040734519859898198,0.044028640969483598,-0.0090279019426597676,0.99898947730238541,-12.076092453954269,1.2178103650993546,-4.760820910914684,,0.3081170584994192,0.2894736842105263,0,2
-0.11693024605960678,-0.9382263270694241,-0.32566651155784737,0.98069891907114259,-0.16082252679969339,0.11120137142344388,-0.15670656555847523,-0.30637799213974165,0.93892256243168837,0.043687802599258974,-7.517097665773032,-0.070052966550528395,,0.07200183035633489,0.2142857142857143,0,5
