axis_00,axis_01,axis_02,axis_10,axis_11,axis_12,axis_20,axis_21,axis_22,location_x,location_y,location_z,dbh,dbh_approximation,score,reconstructed,number_clusters
0.07847316716835856,0.99648353859014271,-0.029368679804063821,-0.99480650595372533,0.080188663403270369,0.062688068830811905,0.064822663835316402,0.024296822435532637,0.99760096565351652,-7.4974352358426435,-10.180624156153984,-3.7234360065995125,,0.0692170622105472,0.21875,0,3
0.68245581955193135,0.7282488282557612,-0.062511586956439325,-0.72365365009026572,0.6852243441810788,0.082419614489784368,0.10285644885342167,-0.011011007479817625,0.99463526412627368,-5.6564074926229395,-6.860250656693843,-3.8027962139788238,,0.3481563431425247,0.6209677419354839,0,1
-0.81335375786165232,-0.5717065433011419,-0.10773714734941102,0.5733288882525337,-0.81911981521194421,0.018349774447225766,-0.09874031834789064,-0.046843960910772434,0.99401005671911946,-16.780751342394634,-14.880075455705935,-4.1249875984901427,,0.2698640072924446,0.6774193548387096,1,2
0.75450094203729245,-0.64327346213003933,-0.13010603899924106,0.65567571152754278,0.74746165355547511,0.10672599391416103,0.028595275443494012,-0.1658322326429584,0.98573930673325749,-2.915223796540964,5.5179768556999695,-4.8245254896635776,,0.07273935870468218,0.15,0,5
-0.066962395737240013,0.9881931926582177,0.13780512160688313,-0.99636757697511324,-0.073510805780975672,0.042986195297708973,0.05260883110153998,-0.13442609648944742,0.98952611661983891,1.8450972808949648,2.6844096433015281,-4.0662952904129526,,0.2595319578008107,0.3125,0,1
-0.93908712983046549,0.34284567002117949,-0.023920893263164596,-0.33781917063562727,-0.93363464642748795,-0.11918286345476266,-0.063194703400175162,-0.10384215684368367,0.9925841203264415,-4.2882247348912097,-17.354546017050264,-2.7969140914819377,,0.1948495022294287,0.4761904761904762,0,1
-0.43852525501731082,0.89859066332175708,-0.015179608129629527,-0.89861469514945291,-0.43815471790287208,0.02262902651268895,0.013683215026448812,0.023564018554165605,0.9996286843904193,-16.475600246083435,6.1749850907272563,-5.9859485627312408,,0.073079524805853,0.2777777777777778,0,2
-0.82490787589783032,-0.55079309282235689,-0.12709825010956305,0.55639962573777346,-0.83084654662342683,-0.010652344473944147,-0.099731904426798176,-0.079504621646220061,0.99183293067748857,-9.4240515188596579,-9.5602238540010003,-3.9277258051966486,,0.1252693893710548,0.1791044776119403,0,5
-0.87562514603308539,0.48068270392043916,-0.047167168520835169,-0.48047403097012115,-0.87685538934022444,-0.016411329876821354,-0.049247428337533684,0.0082924264686638494,0.99875218471120275,-3.6981859834603474,-5.8011356718148361,-3.7214645648333691,,0.2218733596921155,0.3842364532019704,1,3
-0.49992888671719182,-0.84871514242852253,-0.17249265270799824,0.86086496861244322,-0.50876627825438403,0.0082692156266177905,-0.094776653462791363,-0.14435886229710854,0.98497609353459847,2.1250019413703298,1.4719981448718094,-3.8917424204181561,,0.1361157812023661,0.3235294117647059,0,1
-0.38007402871514739,-0.91379811896919283,-0.14323662403381193,0.91917067187649093,-0.39043364971530542,0.051834748307552247,-0.10329089339510297,-0.11195786233379217,0.98833012116564067,-15.535024696112574,5.5066090186605168,-5.8583541694543584,,0.1084903478290747,0.1707317073170732,0,4
-0.17418466798495388,-0.97700515775412311,-0.1229659430932542,0.98256692448861782,-0.18068448293079423,0.043764786404268223,-0.064976459890879648,-0.11319911373272125,0.99144541973331868,1.3769254658290153,-8.3190292969607267,-3.0378910339151153,,0.07292547016517013,0.3333333333333333,0,5
0.62737945836796416,0.778690913547462,0.0059562048773281542,-0.7732568163030481,0.62206092531074897,0.12293942102682173,0.092026687753040681,-0.081735343396569807,0.99239630308715387,6.2492491441381217,-7.8126551421799553,-2.644098684559451,,0.09194204760451651,0.3181818181818182,0,5
-0.94053945232969183,-0.30933081089182041,-0.14035664588601449,0.32958278404784219,-0.93104158611740762,-0.15664211879074899,-0.082223640582478996,-0.19358722672994341,0.97763145334853685,-1.3814223505644931,8.9267969146188673,-5.1732542227708596,,0.384359672876356,0.2,0,2
0.97676432591496321,0.20773588441212743,-0.052699657943856809,-0.18985209238658643,0.95278879613493617,0.2369592643814003,0.099436586004967562,-0.22144821581410531,0.97008919851549036,-5.5300014052431159,-11.589158867415071,-3.4234335610884674,,0.2511543051589988,0.2181818181818182,0,2
-0.93353608574093727,-0.32796527005337534,-0.14473824048365877,0.34349940407334356,-0.93387529561302296,-0.099423798182054574,-0.10255991429767583,-0.14253320273713335,0.98446216285683008,2.0629064185394412,-10.466367226825328,-2.7956103614771552,,0.08349647452856809,0.2777777777777778,0,5
0.46169689842733141,-0.88142123873335809,-0.099662299252699954,0.886966059262007,0.45730802188839553,0.064502580054973446,-0.011277575085450745,-0.11817771797710006,0.99292841800097376,0.20151086988456432,10.459232295049599,-5.169053456444491,,0.1035269688798192,0.3,0,1
0.97523235972374755,0.2157453642799865,-0.048741997695493741,-0.19855412098271627,0.95103660759889008,0.23686627460990672,0.097458224837272914,-0.22132173141942216,0.97031880617304167,1.9387244016591787,-3.3716745645002528,-3.4432414530987439,,0.08061721007198325,0.28,0,2
0.84252021623126361,0.53861734294201868,-0.0071444470538805892,-0.52892849202669734,0.82972942622913182,0.17827991914918578,0.1019526143067931,-0.1464255344246905,0.98395387458175843,-23.212097394935853,1.3547384200053085,-6.102988871267268,,0.3652673222410269,0.6363636363636364,0,2
-0.32357787489620921,0.94612680716833419,0.011892166964329183,-0.94610479628764299,-0.32369895911469992,0.010232219191225701,0.013530458941612467,-0.007940316461836237,0.99987693145472412,0.57799541652640773,-16.104432619119507,-2.5032572826299555,,0.2560013147677577,0.2903225806451613,1,5
0.75538861537374147,0.65145462586825709,-0.070674678623882076,-0.63960991515160714,0.75647043053525287,0.13657102242262353,0.14243312888332446,-0.057959970330013537,0.98810598906992164,16.739565116977214,-6.1160754309498007,-1.7769705403821234,,0.1851192992719806,0.6,1,5
0.83997969500787251,0.54082145889515132,-0.044116454674003179,-0.53225460446132855,0.83702345931769617,0.12687302542917919,0.10554216221111672,-0.08308957907198021,0.99093742176054944,-27.293927505174612,3.8672166408652879,-6.636310433788088,,0.07421655289344209,0.25,0,1
-0.91932391106098887,0.38662398960445304,-0.073249144799519966,-0.38936418548873758,-0.92068141884859978,0.027226017806852382,-0.056912894937941494,0.053550122775423391,0.99694197761982017,-3.7691770951956296,-8.4955752763143852,-3.4911857972039386,,0.3254693400075626,0.6416666666666667,1,5
0.98888087220740772,0.12305707390268589,-0.083495970829895877,-0.115067925358197,0.98884595753716442,0.094567673209029784,0.094201874376672129,-0.083908455026405759,0.99201077516275205,-16.417075340434653,-10.182666032968623,-4.4625598943982032,,0.8701228333103694,0.85,1,1
0.15524502586732372,-0.98220494829602889,-0.10569967590417893,0.98688466042394907,0.14940671083115065,0.061125295733619987,-0.044245327022857682,-0.11380278687893081,0.99251764555358302,-19.46617590470667,10.211348143893179,-6.6306781514422211,,0.09064237098989074,0.5714285714285714,0,1
0.67602738114229644,0.73417437760162352,0.063047309372868982,-0.73032050352428513,0.65616799655113878,0.18993557443012102,0.098076205462505631,-0.17444639169479734,0.97977013342249952,-8.7192676673332894,-12.518372629299353,-3.6281045022116185,,0.1644794565578599,0.44,0,4
0.97366396792976706,0.22734270512137336,-0.017139777809528974,-0.21398798126070606,0.93722704240719024,0.27534453845435219,0.078661435476549593,-0.26442534940653639,0.96119280748453451,0.15434444849308529,9.0806865926141853,-5.0569111602479353,,0.2980806761563843,0.2,0,3
-0.83214698715247004,-0.53782233214663755,-0.13519811691521208,0.54098270866725151,-0.8408937561732982,0.015342742642889734,-0.12193892199011401,-0.06037242643056677,0.99069978774135969,8.6721442686241392,1.1488305944765385,-3.2905033075592214,,0.3526021917592785,0.5625,1,4
-0.033815475307252658,-0.98746928261791145,-0.15414580602731887,0.99753576853896953,-0.042834211516073417,0.055566364008840512,-0.061472791665185288,-0.15188695207246575,0.98648438896671065,-5.0466324730878762,-5.1637970494131205,-3.8859688498098199,,0.06554682477051144,0.21875,0,5
0.75549664219002444,0.65437320790005538,-0.031945710544425673,-0.64671686690592645,0.75268144394859315,0.12340153157413385,0.10479559961648809,-0.072569612910989831,0.99184249434220595,0.8362565632297434,-2.8649154898154485,-3.6001540945797812,,0.2575180499239957,0.2173913043478261,0,1
-0.036591681661405431,-0.98387660357644513,-0.1750653528487818,0.99708594897025138,-0.047679105346261588,0.059550930131039251,-0.066937726278102627,-0.17237613479904404,0.982754195591379,-6.7382899289052167,-15.392611075553734,-3.1942386256868738,,0.120158716822688,0.4893617021276596,0,4
0.28785952095501344,0.95649553023031531,-0.047467850646280597,-0.95435436705117505,0.29063208827361947,0.068852969115826085,0.079653237761562412,0.025481167852798827,0.99649690004483027,-14.200919925039125,9.5544202106487877,-6.2016611880553709,,0.1080558216407392,0.71875,0,2
0.71412090467122569,-0.69130500165853492,-0.11013050528098202,0.69967516701456811,0.70983265506142157,0.081192748885537042,0.022045275563878201,-0.13503701896275316,0.99059528029108168,0.58855219751516019,3.6944904687961189,-4.3193176901460513,,0.1340532171798577,0.2777777777777778,0,1
0.94272851716727435,-0.29032369585163587,-0.16424096488586515,0.3281202875928842,0.89571453710087401,0.30005423659087083,0.060000164912740926,-0.33676047816395277,0.9396767319441458,-12.100341731895021,10.540546155975779,-6.0818615481857483,,0.5205134290189376,0.3157894736842105,0,2
0.8380942751842394,-0.52681862911479094,-0.14163374570001036,0.543243098868189,0.82969307901443079,0.12843804018918439,0.049848986303532038,-0.18458474111682152,0.98155160430379018,-10.603733254070676,-8.3304741955083284,-4.1317025582715283,,0.1884583447633818,0.2952380952380952,1,5
0.66076547580236356,0.74872873740079082,0.052860796228350791,-0.74075419257836006,0.63912039029467549,0.20690179527293753,0.12112890722391242,-0.17587041962706693,0.97693264012159065,-4.9804251984956887,-8.5373746201590084,-3.5992120537065828,,0.1563097416389743,0.1142857142857143,0,5
-0.47415626061547422,-0.82750375461079928,-0.30068817173972884,0.87536126595317154,-0.47970844567697196,-0.060186885739700942,-0.094437781570782087,-0.29174876735166122,0.95182149700496621,3.3559731618935533,-5.0874569951277913,-3.1765792821861853,,0.5814051252822436,0.4691358024691358,1,3
0.24277626238313332,-0.94762766611810478,-0.2075126329427428,0.96945295545425536,0.22929869501935746,0.087080856813818483,-0.034937853172241816,-0.22231490024281569,0.97434872173454479,5.3498717112693024,-0.19342175765328384,-3.4698330614153781,,0.1029612009309589,0.2761904761904762,0,5
-0.074288611452528755,-0.98340813416563888,-0.16549816876724863,0.9954550696063641,-0.08304354690327112,0.046615166123409511,-0.059585288481671904,-0.16128301514599022,0.98510780243685747,22.16048614161485,-5.9733808123378322,-1.3577689861705684,,0.2662921214492975,0.4642857142857143,1,5
0.77682077577082942,-0.61783947262947103,-0.12175330957203374,0.6291375599586233,0.76978206059059318,0.1078031068300411,0.02711849885439345,-0.1603432731792544,0.98668871573868056,-2.7741141404479266,12.563401637120622,-5.6808582202623903,0.3141611983465849,0.3154837178979277,0.6285714285714286,1,5
0.5543575299088993,-0.79341681442626621,-0.25135132308977576,0.82589955206033194,0.56174195054260401,0.0483312622133409,0.10284774640140529,-0.23438374428758441,0.9666884717807932,-9.9007584119675105,-11.524209220067444,-3.8135458235911375,,0.1850921452405491,0.2352941176470588,0,2
0.15672499153698896,-0.97514738472144702,-0.15660413499857434,0.9868603557802863,0.14831136810160747,0.064112216316665693,-0.03929268655788485,-0.16459439894100417,0.98557839293498739,-7.6997270965698883,-8.4033443603902729,-3.8743088213378747,,0.540467499537406,0.7614678899082569,1,3
-0.91498602250062977,-0.36900624150185746,-0.16320224373809814,0.3862606152981603,-0.91799504866342196,-0.089932350680539813,-0.11663325296828206,-0.14532544292763705,0.98248521614318574,-19.646168089837385,4.9952434589077814,-6.1704283020907491,,0.5070631335417859,0.2134831460674157,1,4
-0.90503770310500098,-0.36271109978597749,-0.22214277852424352,0.41235703636641863,-0.87626398558625429,-0.24924506439164779,-0.10425176505713686,-0.31717831838973376,0.94261841899356724,0.22799122529167681,-7.8202358630079267,-3.1677987591738055,,0.4684062596503547,0.1818181818181818,0,1
0.80118741373947022,0.59819902465740005,-0.016020454562686727,-0.58908632180924181,0.79312529892656169,0.15469184096102434,0.10524273619931269,-0.11449972533411527,0.98783287016361954,-10.580404281343768,-10.650162798532991,-3.9186728062322822,,0.08407372479066316,0.2333333333333333,0,3
-0.82509465915125069,0.56020781598474745,-0.073389415787855919,-0.56376704728584959,-0.82488458861685099,0.041618888224034777,-0.037222571575296709,0.075714056634216945,0.99643457476811503,-6.0155742780512771,-9.3891613915635705,-3.6461693788554799,,0.07654643004744525,0.2340425531914894,0,5
-0.70944706059106655,-0.69055517630542196,-0.14077789846592489,0.70457439424451984,-0.6995356132970576,-0.11926797015157052,-0.016118039386424136,-0.18380281338134036,0.9828309796701773,-1.7198065388578447,10.020129915829571,-5.3101682451018446,,0.4985831827805551,0.1612903225806452,0,2
-0.99789325642325111,0.017527971139546444,-0.062464542043722746,-0.006990476909096599,-0.98625627684254058,-0.16507480007946213,-0.064499473002375518,-0.16429037286591761,0.98430101664378788,-7.920973041722652,-16.944544137654759,-3.1556558704283204,,0.4570437652781892,0.6666666666666666,0,3
-0.54038383969415271,0.84051970639607754,-0.038883530668604685,-0.84141603056289827,-0.53969005914040713,0.027453662356766134,0.0020902892574790033,0.047552741507464198,0.99886654136873765,-8.3623011579893962,-10.166221015243403,-3.8050921940412334,,0.142666465133427,0.21875,0,3
-0.96476333470621789,0.25492455742422998,-0.065155030723642218,-0.25287677268224562,-0.96674845418170108,-0.038088898318309673,-0.072698320780814021,-0.020270578663451323,0.99714796183730836,-5.0444831854367109,-10.113345151164928,-3.5084979807708958,,0.1424303427915325,0.4,0,5
0.78558673944710489,0.61875067453583499,-0.0010380589176916741,-0.60972963363002119,0.77441658793529888,0.16884526112405479,0.1052770092578027,-0.13200966287397065,0.98564202438290616,-7.9362082168468371,-0.29941353033127849,-4.6375797892200668,,0.09098489852709153,0.3297872340425532,0,3
-0.78950402229354844,-0.56749040880962698,-0.23374780146856905,0.60463938842996956,-0.78453435351310863,-0.13753929662754419,-0.10533094863970076,-0.24992095563767727,0.9625200814485948,3.1823574779082255,6.0013589886884118,-4.4141697064221175,,0.7877114201831159,0.4363636363636363,0,1
0.77358104465027544,-0.61130380366768877,-0.16697313250701221,0.63305691999817582,0.75733340616778455,0.16026555445486085,0.028483388144872879,-0.22968189202398337,0.97284887062486303,-15.479082407254674,8.3668539969940863,-6.1519370801730506,,0.3824509569799231,0.8787878787878788,0,2
0.99585482171387707,0.042409434881951764,-0.080464985566499503,-0.028838771672090483,0.98622461436344755,0.16287828361115347,0.086264125322572577,-0.15988261274029714,0.98335957351605063,4.2024730109745656,-9.4965020636436428,-2.6806667012100287,,0.393124081913168,0.4929577464788732,1,6
0.56251659731504633,-0.78330841027603337,-0.264580823447084,0.82678350170152237,0.53371989327627301,0.17768544350996779,0.0020295465681413657,-0.31870207076829404,0.9478527686453897,-5.8405942044808095,-5.945154673485356,-3.8924465768313854,,0.07849986442352734,0.3076923076923077,0,3
-0.67003515661929469,0.74087769989501295,0.04640175311809553,-0.7421643584009241,-0.66725831495343635,-0.062915866399863074,-0.015651006788766759,-0.076593569728640343,0.99693955236148701,-15.397353797291412,-4.7680808663421654,-4.9014603884628389,,0.08317959792885551,0.5714285714285714,0,1
-0.99256742006070808,0.10157231024614202,-0.067029713003199154,-0.089450532568275939,-0.98238500474032464,-0.16406798799462405,-0.082513749504440653,-0.15685269603234037,0.98416904690713813,-16.936360620453037,8.4378743717514215,-6.2162222499472426,,0.2998423335123511,0.1538461538461539,0,1
0.17359328090742088,-0.97484489110389316,-0.13979560476794622,0.98390221461913174,0.16555736212530459,0.067284410628900837,-0.04244767239042764,-0.14922532672019617,0.98789169293697654,-16.261124327925174,-8.2385807647057661,-4.6106102795666821,,0.1229229147358383,0.35,0,1
0.88521727377818338,-0.44678035635607194,-0.12952872800681073,0.46200389191323066,0.87687850007402324,0.13280248478458084,0.05424741525408152,-0.17740182998569215,0.98264225873711475,-19.745569635545568,7.7050575334106828,-6.3759848412637563,,0.4755180454834811,0.7735849056603774,0,2
0.68407001827251734,0.72930533217463933,-0.012725665494414376,-0.72251959358279916,0.67989234665636589,0.12534685415695665,0.10006821168374673,-0.076551482152457009,0.99203136220115429,-5.6127367938713197,-3.4249231037050447,-4.1530554379810223,,0.07318548192182027,0.2840909090909091,0,5
0.93700066862378573,0.34926378278120968,-0.0066751056873298777,-0.34424280237781962,0.92644165800845257,0.15232448036219548,0.059385520201834102,-0.14043028285917342,0.98830799634853128,-12.532039524077913,-9.5357518933081504,-4.2119063466424382,,0.4550934066318872,0.6229508196721312,0,2
-0.60507040663099976,0.79613408277204145,-0.0077669342805396935,-0.79615162368733483,-0.60509589301772992,-0.0012459346279837689,-0.0056916710567369837,0.0054297791665347478,0.99996906071077296,-18.912133122129404,4.3093395678949102,-6.046312930161144,,0.1036417198414,0.2941176470588235,0,2
-0.97433419258492904,-0.20269704743886199,-0.097912144902670875,0.20249070728209445,-0.97920887265075762,0.012144841968037548,-0.098338164637494799,-0.0079931646798493423,0.99512095480606233,-5.9395300474720463,-1.5796995961873401,-4.3474562652765014,,0.1482825193969609,0.6441005802707931,0,5
-0.80374099364128715,0.59118756366634928,-0.067064742650387518,-0.59387799264192764,-0.80399564971384652,0.029998751587421834,-0.036184872476090334,0.063939501151132186,0.99729754596932263,-11.289382502260608,-21.484087860220601,-3.1006670716190348,,0.1627738651072109,0.4545454545454545,0,1
0.54672557114659426,0.83715823400800671,-0.016038737077007564,-0.83345445979243282,0.54594356309635117,0.085435878679650065,0.080279594583765254,-0.033342422621272592,0.99621457003358971,11.502067846066689,-5.2031601722052967,-2.4210297543911983,,0.1513669604193879,0.4,1,5
0.16674742734697751,0.98292717209268043,0.077778337826488797,-0.98440450340860142,0.16147370156690893,0.069814163112839875,0.056063081809956131,-0.088206678115479414,0.99452325905119121,-11.188384225643398,-12.568467816595769,-3.8253956012289039,,0.2481986194706149,0.2298850574712644,0,5
0.3459039484490658,-0.92753520893551877,-0.14152347731839734,0.93776708160292599,0.33682566297328503,0.084506647221026701,-0.03071415161254128,-0.16194724124711668,0.98632131272885459,-5.2410374780673683,-13.261854531370984,-3.2579839264098083,,0.09160108702698469,0.3333333333333333,0,2
0.37043872725358101,-0.92161760882416333,-0.11574166257653405,0.92855758432583335,0.36427005913082999,0.071331175595218954,-0.023578845216027548,-0.13389662850891665,0.9907147576029266,-0.066947152397294665,-4.9013194860357796,-3.4897660788881284,,0.06534393417069685,0.3076923076923077,0,5
-0.9472919717449152,0.31072009740784085,-0.078044483049696745,-0.3139503459957837,-0.94886804742515074,0.032933399835283622,-0.063820847038880302,0.055699637722743819,0.99640576566015315,-14.68969198850397,-8.9057443373622753,-4.4245673466684581,,0.1575332608183797,0.5396825396825397,0,3
0.94359602223348382,-0.30541852042532458,-0.12785176653590549,0.32452957793164516,0.9296785638272379,0.1742937778798532,0.065628498936471033,-0.2059545953391885,0.97635833830925811,-10.246248221888417,-6.7269353994626861,-4.2353793618092013,,0.1111829221351004,0.2926829268292683,0,3
-0.45808908009771931,0.88585479256108279,-0.073591311931422973,-0.88881214409118015,-0.45526327249437287,0.052424471706972682,0.012937048012050804,0.089423929763106855,0.99590963122888743,-6.235368041119326,-7.7321507734553014,-3.7802090483599406,,0.2216344051634088,0.7867647058823529,1,5
-0.7211007292711642,-0.67867222341532429,-0.13934759204627731,0.68468075272773732,-0.72881434041195259,0.0064748786914971788,-0.10595284370310432,-0.090739574466661879,0.99022236115775275,-12.100703362464669,-13.467055118019028,-3.7936315502941329,,0.3078901473279964,0.8275862068965517,1,5
-0.96224138166164663,-0.22490064605644935,-0.15333369760518123,0.25317907834763131,-0.9463606022916855,-0.20075349241585388,-0.099959380274836418,-0.23199420215494637,0.96756747178765812,6.7027122270267645,-6.8135758444077013,-2.6874805679005958,,0.2839923390704619,0.25,0,1
0.69784729537613144,0.69825875411517613,0.15951133075032695,-0.70875211904590507,0.64107057035051118,0.2944468671567223,0.10334208283248862,-0.31853294355842027,0.94226173528582291,-32.504359529466612,3.5199334927584256,-6.9447195986426271,,0.4892959573899908,0.3055555555555556,0,1
-0.62682376963883513,0.77914924129419483,-0.0042920398929523866,-0.77906831680510136,-0.62682463863267079,-0.011976232858822843,-0.012021629100411315,-0.0041631951315769843,0.99991907084527076,-1.3833701353635999,-7.3978178325378856,-3.367327770797278,,0.09295220519698758,0.4736842105263158,0,5
0.73630480997376913,-0.6641857509746667,-0.1292768927987907,0.67621321988956418,0.72913876005291678,0.10532022519479714,0.024308600454976771,-0.16496653233523798,0.98599956143662004,1.8142124088718385,-6.7838329445363925,-3.1507989891080985,,0.2715161442306034,0.8135593220338984,1,5
-0.038861168562427238,-0.99164348724147711,-0.12301627449051936,0.99735911800466115,-0.046052029107680512,0.056160487426936787,-0.061356330650784482,-0.12050894085763736,0.99081430947602056,-11.327649544995282,-2.1295842078093425,-4.7875941168848328,,0.1715885648490855,0.813953488372093,1,3
-0.35645064438869606,0.92936534763088308,0.096036392778013305,-0.93402237424999746,-0.35702054602429728,-0.011770051695354266,0.023348287202323778,-0.093895582108222561,0.99530823223023579,-10.975301177121295,10.664471581735715,-6.0096810532044334,,0.3139929201551172,0.5,0,1
-0.26586378262306953,-0.9333985734729372,-0.24100529481328997,0.96015065493008844,-0.27874043321676933,0.020359045347245638,-0.086181024168181491,-0.22598865884998595,0.97031023757585355,6.0305426521442937,-5.8112525755782691,-2.8380471841785972,,0.4300114972508777,0.1834862385321101,0,4
0.96325910057262698,0.25907328684001851,-0.070802098909035827,-0.24711875449185128,0.95820401128474575,0.14414365728751427,0.10518662625263488,-0.12135116317421006,0.9870206020412422,10.261346746465303,-5.5227913246515188,-2.4991879842307299,,0.1034557499211516,0.3529411764705883,0,4
0.99676719688113702,-0.0032540718704705805,-0.080278055768580894,0.017630352730385664,0.98368519439655489,0.17903242440299613,0.078385750518342026,-0.17986897826271814,0.98056250426701641,16.744028046685667,-7.1137898137794684,-1.7272506925127418,,0.1299344828228414,0.391304347826087,0,4
0.81033708765090073,0.58546473154005441,0.024183723869338092,-0.57807718677541442,0.79200053465678377,0.19637189012990283,0.095815293702408891,-0.1731074846045085,0.98023121163663263,11.828658656067997,2.0599445092675732,-3.1448578516263996,,0.3069680037374037,0.2631578947368421,0,2
-0.16241439443717917,-0.98050964921833172,-0.11055492874290448,0.98430083599038409,-0.16884080340916022,0.051426135114164169,-0.069090004691238049,-0.1004669641916867,0.99253864426422755,7.7920220335594443,4.1594770183404073,-3.8087250744777505,,0.07881389306256163,0.1428571428571428,0,3
0.99170254470890729,0.076208646713299993,-0.10352924699815884,-0.045537104158454904,0.96136838388089663,0.27147228701857434,0.12021828048487622,-0.26450533575026541,0.95686179378053293,8.6633229056777523,-4.0787562619378068,-2.7798043988695542,,0.4944048520148365,0.4126984126984127,0,2
-0.049106780297520025,0.9962918356196111,-0.070647734617028154,-0.99731948307779161,-0.045070035650386968,0.057641482978146641,0.054243642966325709,0.073288949809502596,0.99583450283345909,6.6958687285683913,-0.44447866093675864,-3.282946272135026,,0.7667167392166252,0.6810344827586207,1,1
0.68341282164332695,0.72834892475726265,-0.049545524706556938,-0.723439884347016,0.68478004171480256,0.087812460420213262,0.097885897602689717,-0.024168952687597108,0.99490412240401471,-0.58907631533349825,-2.1376287900660755,-3.8068645358407456,,0.2010908220891126,0.7898550724637681,1,4
0.99366065785851931,0.10048773355750665,-0.050405480145030011,-0.083043294340460261,0.95830692037758758,0.2734074937186407,0.075778019829361748,-0.2674884329478574,0.96057671736818673,-11.150034361032324,3.3808970155633773,-5.2704745658023358,,0.2152848073844763,0.2640449438202247,0,2
0.92306431722535109,-0.3447011533627678,-0.17068503489080328,0.37934192567310154,0.88923606082686035,0.25565392927109826,0.063655083786922112,-0.3007330094876623,0.95158167663767779,12.358428379214628,-13.739132109856302,-1.5776020196960931,,0.1501152200780355,0.2916666666666667,1,3
0.86520624150779368,-0.48071579044538559,-0.14258502190772815,0.49957020766435706,0.85081167054261175,0.16293897287844553,0.042985663542047872,-0.21220704532357071,0.97627885496147626,10.293230404958434,-7.5611349841070519,-2.3179778681161336,,0.5198239975880491,0.6470588235294118,0,3
0.99611685027826224,0.015312814532252703,-0.086699125156000506,0.00075715743997904999,0.98323193766438899,0.18235784455115309,0.08803776067305491,-0.18171536662547907,0.97940230662779326,2.7601601857565368,3.8676374247129384,-4.1432239654898995,,0.08609842561903951,0.1666666666666667,0,1
0.007699501238653198,-0.97398326748483099,-0.22648909982656587,0.99996968538061315,0.0072366205941642864,0.0028739593201173377,-0.0011601726050677113,-0.22650436194905435,0.97400945992201649,14.317916127062372,2.6223610212264736,-2.9488783179722602,,0.2243501467432039,0.1739130434782609,1,3
-0.047495320235520985,-0.9528687690333717,-0.29964195893858542,0.99846519928177213,-0.053844348211840323,0.012962715334889529,-0.028485792580453344,-0.29856639992884282,0.95396365992347631,-12.420795031640004,-7.360079859269085,-4.3925412392246033,,0.5680196003196688,0.2421875,0,3
-0.026219409629098089,0.99965618206415419,0.00024539686236950121,-0.99849397059681066,-0.026200759027418266,0.048200735556655792,0.048190592863307478,0.0010187675425044746,0.99883763889441879,19.634078677411139,-7.8130512877817857,-1.3555579910457221,,0.6089773798702344,0.7,1,4
-0.61950281937364582,-0.76907903131628386,-0.15726951509339274,0.78000316444801021,-0.62564013269106289,-0.013018748687931337,-0.088381673661424978,-0.13073587096094086,0.98746990425272696,12.219441408828068,-10.950336348627973,-1.7952303892738459,,0.2742277219240273,0.4347826086956522,1,4
-0.79972498908857381,-0.58465271487749282,-0.13645931559866653,0.59198064212369672,-0.80577208669773293,-0.017037125625969384,-0.099994305728350219,-0.094406288377187911,0.99049916281476325,4.9391273697260205,-20.062685554337371,-1.7257704690169291,,0.2706105031944482,0.5151515151515151,1,4
-0.70619271962177144,0.70716557567149563,-0.034766238485205304,-0.70785721683366942,-0.70623080755191736,0.01327430002145092,-0.015165860664643625,0.0339837468471368,0.99930731090117197,7.6740660126471019,-8.3461070745593133,-2.474112413729213,0.4426546133886621,0.1352177146454881,0.4230769230769231,1,3
-0.15186704265765644,0.98828816306430756,-0.014930107213065416,-0.98840058696455702,-0.15183705095431987,0.0031288409377111261,0.00082525301318726104,0.015232094552994081,0.99988364435717803,9.9884908370089054,0.023131921395905513,-3.0560399910621605,,0.2518657164109275,0.1764705882352941,1,4
0.98223574244389467,-0.13157591906780891,-0.13379358649484147,0.15211592528063489,0.975792560257565,0.15712932451329062,0.10988035102650308,-0.17469017392929712,0.97847312256946761,-14.327040127855742,5.7612375522252837,-5.7665042466562682,,0.1828483793441968,0.2702702702702703,0,3
0.74303309092522096,0.66612407120164219,-0.064657153941850218,-0.66050716516923191,0.74546004022313106,0.089552293050656637,0.10785226261055089,-0.023833803646828487,0.99388119976861766,11.179266680238808,3.3348649015663128,-3.3122369710775414,,0.1001202796061189,0.3703703703703703,1,3
0.51625211017455019,0.85565082475150445,0.036680033293258002,-0.85107917124117471,0.50776890822086695,0.13354766985471414,0.095645193396005135,-0.10016187870771502,0.99036336515138812,-8.2207022481095873,10.276062936134329,-5.7679522285145612,,0.5538599488400368,0.2258064516129032,0,1
0.84065363822834882,0.54156880088312076,0.0021666664396587099,-0.53564890864632853,0.83086101151797376,0.15083178115147899,0.079885588183594827,-0.12795785809925664,0.9885570693446144,5.0088998395916029,10.678435800004781,-4.6966324215878137,,0.1548410203381838,0.2272727272727273,0,2
0.2603418585226529,-0.93370253658299918,-0.24580823802192778,0.96492951168640229,0.24273439347366604,0.099955248494578319,-0.033662355497088584,-0.26321015824516586,0.96415105580969129,22.230086433881961,-15.097163030771302,-0.54303788693114841,,0.2079079630083717,0.3333333333333333,0,1
-0.99667675506313258,0.073090579234029479,-0.035961272837019158,-0.065162107849543738,-0.98030021190882266,-0.18645480479762735,-0.048880933066267403,-0.1834918574726164,0.98180517039982007,-3.0895200365945485,-18.322029396678541,-2.6036528733929982,,0.2666459484247697,0.1666666666666667,0,2
-0.96207152797412576,-0.25047289543193713,-0.10808193056877448,0.25287378255436704,-0.96745845795134244,-0.0088871950050507277,-0.10233877641528727,-0.035881203886617669,0.99410226538795765,8.5494651226138085,-17.61395874586341,-1.6223171268744998,,0.2934211210777244,0.3529411764705883,1,3
0.38606785894757267,-0.85726911340185907,-0.34064831644208687,0.92225272444008666,0.35067398849878428,0.16271959332911359,-0.020037977704217634,-0.37698464292003381,0.92600273134153321,8.1586945076350066,-13.045612366463835,-2.0140185200457759,,0.714266244508436,0.3888888888888889,0,1
-0.77422136536843955,0.62958948885632238,0.064794698306770274,-0.6318849904799424,-0.76306231889276055,-0.13585748522686175,-0.036092051939364295,-0.14612656503058771,0.98860729856660912,4.8411712614250559,-4.5411897502543068,-3.0863842203501899,,0.4087392263026279,0.2105263157894737,0,3
0.0018586554593088094,0.99677991300786672,0.080164520979746523,-0.99773136701521425,-0.0035462446729214261,0.067227549581033233,0.067295354028596099,-0.080107609955287054,0.99451199397162438,16.0138527078546,-9.3641534063696046,-1.6309997255909678,,0.177641854165759,0.1176470588235294,0,3
-0.58814300431779432,-0.77478479851922133,-0.23194034244945633,0.79712043104804731,-0.60380490003707887,-0.0043198491860697956,-0.13669976180599713,-0.18742507482923701,0.97272042049472807,34.182264899320572,-7.364573848108745,-0.13069823200461125,,0.3475974307793404,0.3333333333333333,0,4
0.65035403005429315,0.75781538993429076,0.052492574435607911,-0.75278866974383674,0.63370097024668204,0.17813561972193476,0.10172931877017358,-0.15536703346319,0.98260481914928732,-3.8830281940257731,-13.574712478291817,-3.1078292914154608,,0.2434388564863598,0.1333333333333333,0,1
0.99496390048432137,0.051320392588595352,-0.086099094290113351,-0.036166542058355226,0.98492878560335995,0.16913683373361182,0.093481645089111484,-0.1651711372923329,0.98182466736021168,8.5821659464827427,5.7172366850288361,-3.8821441986571985,,0.1163970299081935,0.3333333333333333,0,3
-0.53268275440190205,0.84588524973823398,0.026967154801491842,-0.84631097037959324,-0.53250808333863264,-0.013888217818211274,0.0026123893188619495,-0.030220613069565628,0.99953983910985034,0.91482468608876277,7.8432206346534645,-4.8066719554819803,,0.1620400972985818,0.2,0,1
-0.36808869887630946,-0.88325283525663911,-0.2904739898349849,0.92571819672032385,-0.37734135306610439,-0.025677295946295985,-0.086928303908553273,-0.27834858051973388,0.95653830958421737,6.5485034900889874,6.8170486145408695,-4.1995787368178732,,0.4393848763935776,0.4615384615384616,0,1
0.60115256063756106,-0.78541188313875199,-0.14745769787753349,0.79860398117141229,0.59715886796607975,0.075053098980918928,0.029108076131429423,-0.16287866721553337,0.9862166393191798,10.309653047554184,4.3940495057126192,-3.5551351683785843,,0.2936258040920222,0.6271186440677966,0,4
0.39477118651323456,0.90178753904948816,0.17588332699264078,-0.91510359831934329,0.36881331301560938,0.16297896945753065,0.082104291251564626,-0.22529086656479697,0.97082589108478134,14.886711391305509,-0.1730955023336179,-2.5819810387507327,,0.2544162956430468,0.4,0,2
0.38529904876817694,-0.85762560549082589,-0.34062143770589576,0.9225722942657737,0.34995466828281668,0.1624564310830735,-0.020124732831116651,-0.3768422096230159,0.92605882328009703,-9.9885420237302043,-5.7588777364300672,-4.2779169988722687,,0.2204812454733517,0.25,0,1
-0.96519693475299084,0.25978719509669251,-0.030091367652941011,-0.25163022825716813,-0.95386308592346702,-0.16379084693537066,-0.0712538095169436,-0.1505185256915362,0.98603603790782901,4.8812755293542436,5.9805588215026333,-4.2516166190231406,,0.1238759127567066,0.2941176470588235,0,3
-0.54470458634144181,-0.81046737871899599,-0.21549835649247814,0.82249289274808657,-0.56644955193790925,0.051384301963022398,-0.16371424799779608,-0.1492566016687448,0.97515132767217938,-13.809739234483434,2.8871232894664089,-5.4721539477264161,,0.1464727284807149,0.3452380952380952,0,2
-0.99439429011607572,0.089813277463092908,-0.055799381500907796,-0.089467764452707113,-0.99595202850083009,-0.0086646436116047266,-0.056351707235728722,-0.003623826212540517,0.99840440352354209,-6.6164238042174963,-4.7261398802037462,-4.0855822148424847,,0.120082502589826,0.3893805309734513,1,4
-0.49968788495493544,-0.83228423667387708,-0.24003117925270326,0.86444740529196862,-0.49679159292417152,-0.076998679753909088,-0.055160684488539301,-0.24596963752472434,0.96770668918981306,12.14967816494385,-15.535729416267426,-1.4341107828751274,,0.3713418553902657,0.3055555555555556,0,2
-0.80595354748928205,0.59167815295240234,-0.018863790930664245,-0.59027322140151994,-0.80564054397493678,-0.050207947578451678,-0.044904380473559144,-0.029330482822521025,0.99856062379391053,-10.185053916699276,9.0745616120063257,-5.7830447491300632,,0.1829284838448881,0.2333333333333333,0,3
-0.62317704649411032,-0.7621755759667973,-0.17532472764147694,0.77524854150192113,-0.63157800590691748,-0.0099459214648470028,-0.10315070344898715,-0.14211830935640235,0.98446041998835909,9.3516770437558794,-9.770766781031492,-2.1637869211447525,,0.7671797054456327,0.4897959183673469,0,2
0.86739471953146674,0.49497077119616667,-0.051286803277252914,-0.48632520561392778,0.86502611098831472,0.1233597247605638,0.10542388208322798,-0.082059508711077089,0.99103584300296532,-9.6556821274039759,4.043712825325108,-5.1976695656233529,,0.07356274263092345,0.2857142857142857,0,2
0.24181931252149319,0.94239906628159142,0.23110045426873962,-0.96716521656935572,0.21490284967587933,0.13567685528319773,0.078197595551165691,-0.25632160477176302,0.96342325640252469,11.347260404416106,-1.1374402811385866,-2.8235438719783166,,0.5833137195410613,0.2830188679245283,0,1
-0.76983839358704187,0.63581839410947183,-0.055532130081391406,-0.63750372594643079,-0.77021036678955945,0.019104719163375136,-0.030624290420224388,0.050109486147293145,0.99827410676342443,-16.607989741415022,4.0669965896615405,-5.8253809182395546,,0.06617533544167641,0.1666666666666667,0,1
0.98671544572025049,-0.1177198184246299,-0.11195835621855131,0.1366737065501662,0.97406040984237274,0.18035136793367482,0.087823272057734686,-0.19325724392058599,0.97720965537457327,10.815352621658535,-16.28328158564112,-1.4268561557161297,,0.1301511306440703,0.25,0,2
-0.59706691622739683,0.80069241216065434,0.049017942174880265,-0.80218331228428519,-0.59622013975560306,-0.031991849624900447,0.0036098530883966599,-0.058422650215154963,0.99828541154447303,-9.7846098058084809,7.2985119959041214,-5.5768254791955112,,0.1904511696993953,0.2363636363636364,0,2
0.95138608983150674,-0.28133538591966689,-0.12535911895250607,0.30066430293430402,0.93662438615088306,0.17982140086349716,0.066824284628759487,-0.20877059155186015,0.97567892007921375,17.653372684952142,-14.602525647731238,-1.0044738308530201,,0.1895465891829129,0.7419354838709677,0,2
-0.45934556878264876,-0.87401975115901032,-0.15840177721126489,0.88342680387673989,-0.46809777899436211,0.021013126675338958,-0.092513407849205337,-0.1302840891455577,0.98715111582960757,18.515897531529369,-6.1035481658727262,-1.6926561104044988,,0.9528471834835839,0.7173913043478261,0,1
0.735885493236203,0.67681854422889509,-0.019728127949433533,-0.66911026732097179,0.73135128242740011,0.13197254205877426,0.10374965547011629,-0.083916386240568824,0.99105703625480379,3.957132932547347,-11.394768356015096,-2.5070364283544158,,0.08161943387204094,0.1428571428571428,0,2
0.8621630625282386,0.50589341536615595,0.027325919949670967,-0.49555691301952981,0.83087480481072884,0.25312132405091475,0.10534799272166424,-0.23177340447061706,0.96704854552892872,-11.746512083155595,8.2472377706046736,-5.8446296988823274,,0.5686454046933388,0.2115384615384615,0,1
-0.99605964164391125,0.0071747008316014023,-0.088395214554754617,0.0064117528310515043,-0.98828810111508281,-0.15246481108760157,-0.088453828146878938,-0.15243081336239581,0.98434788942926144,-15.170466696769591,3.6348645115694875,-5.6552764266884816,,0.1885657172757204,0.1818181818181818,0,1
0.43138954165918492,0.89911585010432671,0.074119845104079388,-0.8975671316646231,0.41945489968496108,0.13576019772238243,0.090974213392694861,-0.1250930662405135,0.98796529153413426,-9.123953162186389,-4.4749928590425849,-4.3399757173831102,,0.2605661972039339,0.3939393939393939,0,2
-0.81808017720121762,-0.5598415618567254,-0.13161401630619257,0.56533550995802151,-0.82484350989035204,-0.0053800903587171833,-0.10554896897141142,-0.078807422300102695,0.99128643960234053,3.7250113973948307,11.484412513862974,-4.9333466964980799,,0.1049106657786308,0.625,0,1
0.88083712896614175,-0.46263941323762198,-0.10045260351943999,0.4707466056041959,0.87843554571346705,0.082150017280647261,0.050235301798758687,-0.11964850749688476,0.99154457746838376,13.400708868990005,-10.570097188018213,-1.7258421625957243,,0.07011813887897213,0.1851851851851852,0,1
0.208387967368451,-0.90171202875064638,-0.37880057056773231,0.9772691107711754,0.17653465007219962,0.11739081078347796,-0.038981279975928887,-0.39465292920524492,0.91800300940746282,9.0382017724235837,3.2270909115218802,-3.564120863941735,,0.1884986404071203,0.25,0,1
0.9285541517606356,0.37014640013442024,-0.027907520771594641,-0.34885589166283321,0.89588679159249662,0.2751116564274092,0.12683356850698776,-0.24572036773054268,0.96100715230540867,-0.084150043400372521,1.2268487143746467,-4.0933541575148622,,0.4410690941079591,0.4780487804878049,0,2
0.74526585134623291,0.66547709244940856,0.041461430779172151,-0.66050755655395121,0.72833950494320876,0.18234948114598604,0.091151404554749751,-0.16328442964398893,0.98235920949698097,3.6053293276354945,-19.004640247426398,-1.9548105825926749,,0.4012736826682637,0.1666666666666667,0,2
0.97805560094734101,0.20686306918269051,-0.024797420508042272,-0.1857413649488284,0.91966712927348826,0.34599496626512671,0.094378953175384389,-0.33379640792281978,0.93790861562059458,-6.6825441100893013,3.0290159404146251,-4.8699935914389316,,0.4963654942083265,0.2254464285714286,0,2
0.57476655205181615,0.81646428687555217,0.055040702205399354,-0.81687084813758548,0.56845364767870732,0.097890080721972347,0.0486356670093986,-0.10122508926925484,0.99367401757164953,18.421941667436339,-10.915440799593245,-1.2679749024393778,,0.1595837306837092,0.2272727272727273,0,2
