axis_00,axis_01,axis_02,axis_10,axis_11,axis_12,axis_20,axis_21,axis_22,location_x,location_y,location_z,dbh,dbh_approximation,score,reconstructed,number_clusters
-0.013284428254004381,-0.85375864060079498,-0.52049947892908255,0.9983718216241354,0.01755342376571432,-0.054273226373662407,0.055472783893272939,-0.52037300171471557,0.85213538204533334,-14.408027125080412,12.415054818845149,-7.6382843578092778,,0.2649441481155207,0.3636363636363636,0,4
-0.41274300515326912,-0.83416083318593182,-0.36581267894320119,0.90808679593448782,-0.40809290713906937,-0.094013563873625416,-0.070863126846659671,-0.37099310441211164,0.92592793117616834,-0.24304632188276795,9.0570789671210505,-1.513778478219729,,0.08169600454375901,0.5,0,5
-0.14117038720836086,-0.89702001853247415,-0.41883888086881454,0.98993934143043227,-0.1238305310871342,-0.068455093740060174,0.0095405483974248164,-0.42428891798240231,0.90547661041773908,12.649695449622282,6.642374606233246,3.7828512142269002,,0.2158832031552243,0.4035087719298245,1,6
-0.40031733705643657,0.88051298715658466,-0.25385607950299705,-0.89339681235823265,-0.43665338867606385,-0.10571638390457652,-0.20393176633421481,0.18447411093781943,0.96144741773718889,-24.891719119796665,24.291276010500287,-12.092262530573281,,0.2305430108471089,0.2857142857142857,0,1
-0.91406747999757487,-0.20151810470265616,-0.35195325753277584,0.25708353372895504,-0.9590925864564781,-0.11853044878703711,-0.31366972868977389,-0.19882621577969156,0.92848233005394931,-10.375672453698011,-9.0446640511498586,-6.7454112962447796,,0.06996060781202215,0.4571428571428571,0,1
0.19398555277800203,-0.86182685147515437,-0.46864067620068611,0.96747704347072505,0.2471284260154053,-0.053997327825498119,0.1623507797041914,-0.44292439437399655,0.88173703857662111,6.5711808014078441,23.455295206730309,1.9836912293372184,,0.4659981156353372,0.1764705882352941,0,4
-0.78009258353656152,-0.51411062597096469,-0.3565751328612175,0.57613065159323207,-0.81250264496314328,-0.088954618894431278,-0.2439857237749988,-0.27482670210814369,0.93002217737124449,-13.913317699636568,5.2503495792664294,-7.6333551591976549,0.3514633259568813,0.2932263158657302,0.8617511520737328,1,5
0.44302570180448536,0.86716851832640141,-0.22747964384585539,-0.89076329309850655,0.45446143485952878,-0.0023579426886039968,0.1013359916759466,0.20367514587944296,0.97377998117749376,14.818329095506773,15.925230991164108,5.0388440830462358,,0.1827834712151557,0.2592592592592592,0,1
-0.1312539864899982,-0.84478793031275978,-0.51875403018036026,0.99102726821309883,-0.098487269623401347,-0.090361559195321031,0.025245686533850033,-0.52595970427401562,0.85013472155383896,8.0457408826613985,-2.8836145821169934,1.4154672766702816,,0.5320659853412237,0.313953488372093,0,3
-0.24715803955330759,-0.89404998464115926,-0.37361414379986674,0.96873657951098313,-0.23654678023126124,-0.074800135558589942,-0.021502162717403923,-0.38042114258459025,0.92456336249772941,-2.3160147276239034,20.878534228128323,-1.7331765200431766,,0.1227962683793033,0.5428571428571428,0,5
0.88017827820572347,-0.3246841816036895,-0.34621724508052931,0.33086972533512549,0.94270043362237721,-0.042908242854274886,0.3403107747801522,-0.076785901469769768,0.93717261051740497,-10.673880232658181,5.7669577593907588,-6.2819479001615459,,0.1155641890151771,0.4840764331210191,0,1
0.38129262094332789,-0.83578638367767755,-0.39506589079944465,0.90095472783174058,0.43170208728771392,-0.043747985428664322,0.20711474020890716,-0.33925569809573158,0.91761051416043371,-14.368644735286358,13.329370007508579,-7.5875514210423978,,0.0977078909026983,0.25,0,4
0.25940551533549056,-0.86933171481628613,-0.420679388879589,0.95323011866752094,0.3004332115032684,-0.033048847043991324,0.15511647068778134,-0.39243121058398017,0.90660720572966913,4.704289577799984,9.5549000760486145,0.62121388288587753,,0.1015673995613241,0.4615384615384616,0,5
0.7341514062721366,-0.56704008201108169,-0.37347992993132917,0.60627250072459193,0.79510731555049086,-0.015427625327381378,0.30570470643055908,-0.21510439826037564,0.92750996238059202,-14.606712933651272,-17.723651929374071,-9.0353883673943116,,0.1252201590665326,0.3333333333333333,0,1
-0.88312353370371821,-0.31771908898250328,-0.34517735255196863,0.36448580555425175,-0.92789966537964075,-0.07843665302535098,-0.29536912798755061,-0.19508149959562859,0.93525412950031617,-9.8594364868527258,-15.276348018146884,-6.9012261855882144,,0.117141342880123,0.3235294117647059,1,1
-0.18819173015360169,-0.85485005751375043,-0.48354446731457029,0.9821275217079839,-0.16533894825285897,-0.089936440302983686,-0.0030665624936924204,-0.49182762362374066,0.87068719115138937,8.0763179914816714,4.1249345004343789,1.8010361944069875,0.444982116191437,0.4786648360477446,0.5436241610738255,1,4
-0.51388303842667926,0.80544603540138571,-0.29526413069242757,-0.82363897811774889,-0.55948245679899511,-0.092726556386572748,-0.23988133846240686,0.1955404423395615,0.95090529437327975,-7.8080762312669494,15.67526547681728,-4.3953700572266312,,0.09236501504571555,0.5348837209302325,0,5
0.52617097653202638,-0.76569422387580666,-0.36994115610264378,0.81104081278552931,0.58263974292149279,-0.052380625851223786,0.25564996274500584,-0.27247621087280921,0.92757738817678936,13.520899219706942,7.4946253389154576,4.1075332930026924,,0.2530073953591516,0.7325581395348837,1,5
0.5544231771428878,-0.66479545462139256,-0.50066150657057962,0.78921481463658294,0.61089891637830451,0.06278925326804001,0.26411156166463196,-0.42994129539106823,0.86336293962187172,-12.316079519033895,14.050608863962426,-6.4679560777799026,,0.3001819430328451,0.2666666666666667,0,5
-0.93615635651919904,0.10058157271593758,-0.33688963085658619,-0.071602769661503432,-0.99266639275775215,-0.097398542422942935,-0.34421551319703753,-0.067058033965369829,0.93649287266652448,-12.534005283189325,7.4217299648449444,-7.1081377881846279,,0.07432291186201476,0.345679012345679,0,5
0.28088279820993828,0.92639004915095424,-0.25081134444806924,-0.95501981128785174,0.29568012061326665,0.022592616533732523,0.095089503718713733,0.23318392549276848,0.967772309571994,1.5664238975605842,20.791503567165059,-0.13310689887731417,,0.243290816154489,0.2380952380952381,0,5
0.093508957495205727,-0.89992461130158574,-0.42590112566398552,0.99049347565911738,0.12743438000522764,-0.051799164755862367,0.10088978910118476,-0.41700860035060833,0.90328571210262409,8.686153509581235,11.359785055549628,2.2473204880021012,,0.07948041473184675,0.2758620689655172,0,5
-0.49349642697440516,-0.77610982164506415,-0.39257460604267713,0.86042447112544895,-0.50155777603299156,-0.090052911054180548,-0.12700789759691386,-0.38222158762543362,0.91530085321773058,-14.264826430048378,16.899760266433724,-7.3650155282996801,,0.1327144956977352,0.375,0,5
0.93909874956256056,0.14650774824970594,-0.31085208423434468,-0.13099069237763766,0.98888491441026427,0.070342480495299037,0.31770265513599721,-0.025339805733375562,0.9478517379658763,-32.211603633722525,7.2969986030830212,-16.113983904140575,,0.1985697325032171,0.1428571428571428,0,3
0.31746487856685007,0.94523723919514635,-0.075780027152758514,-0.94683205728892195,0.32036896957108479,0.029542826980314716,0.052202549425890546,0.062372149030629459,0.9966868158347123,-8.8136587462218738,18.528377397288825,-4.7023425560252576,,0.3824521391521241,0.2631578947368421,0,1
-0.82693580335622707,0.48707858426029205,-0.28094773514406962,-0.45863977372878095,-0.87333104171637699,-0.16414155332700403,-0.32531021361402923,-0.0068807215885154623,0.94558231825093719,2.4297984993614459,-7.5011960837995941,-1.144305765284618,,0.1997867861037949,0.3513513513513514,0,3
-0.94110628737850655,0.12131441441855742,-0.31559747893626527,-0.08507724573065846,-0.98834755313421796,-0.12621797206614341,-0.32723205545228751,-0.091934362824175345,0.94046119261593342,-34.270815960992699,5.2098689024328921,-17.189190291317821,0.3380325561645876,0.3716693077182052,0.4347826086956522,1,5
-0.060655813771114078,-0.83843821296707011,-0.5416107784122729,0.99809942625141568,-0.045031622450271369,-0.042067663306739111,0.010881524358143713,-0.54313305553619196,0.83957612901485046,-6.0126770202291278,23.55825728201556,-3.2754603178521813,,0.2410271891866196,0.1,0,3
-0.54399715520726655,-0.72482740940585511,-0.42272014584166434,0.82689224986563692,-0.54866857628654642,-0.12333693894304031,-0.14253526664845517,-0.41663895637553017,0.89782831197939095,5.7648221505339334,1.9341767273939712,0.74560409652674986,,0.07511413415110293,0.3132530120481928,0,5
0.23008170155122032,0.94420784928235424,-0.2356564193160979,-0.97289176672904909,0.22897364490156549,-0.032445033076260212,0.02332425437442814,0.23673319854655181,0.971294688477083,4.1453603027137156,16.625107041634692,0.75599512955958481,0.4100096913955623,0.4003563731643375,0.7808219178082192,1,5
-0.13319973961006401,-0.87912837347846495,-0.45759275815174377,0.99004597366022917,-0.096849261367141462,-0.10212340873574846,0.045462065581985636,-0.46664067923590657,0.88327780288834989,-1.8574044457587282,-15.337903880924424,-3.5835667029108782,,0.1948451495699821,0.4375,0,4
0.55061599368324843,-0.64602316243117519,-0.52865499250705239,0.79434596816746583,0.60015748830478444,0.093943983776415094,0.2565862629921945,-0.4716620218271928,0.84362220620938133,-17.508668851564423,-2.0922016307569575,-9.7547418511632671,0.4534316425205918,0.2020421453419303,0.2941176470588235,1,2
0.78238290184091497,-0.49311579804572603,-0.38041267674029317,0.54938680986783417,0.83415216020766458,0.048624137669781693,0.29334472562197589,-0.24703640083722925,0.92353770286391346,-9.7971684455525168,10.630963978195219,-5.601958155416261,0.6537040918729708,0.2657999276643829,0.8346055979643766,1,4
0.72888304848883967,0.66520117351881058,-0.1619780860944271,-0.64976231510269589,0.74666288958279303,0.14249022139171275,0.21572768829707767,0.0013885492687775378,0.97645257766720417,5.4953636805057373,10.594524253859479,0.9882382981830129,,0.2725293891492922,0.25,0,3
-0.46365429692111043,-0.7937381068085354,-0.39370612231281621,0.87915343318515171,-0.46734672864277021,-0.093146530507923889,-0.11006331752838186,-0.38931587821061747,0.91450490053785016,7.9289243872810342,1.8651432825478258,1.5803921429668393,,0.4217070203957776,0.9238095238095239,1,5
0.91096401038268626,0.26704598944443919,-0.31437399909842023,-0.27018523400944361,0.96219291563762799,0.034419942185057589,0.31168014231059898,0.053583883942851067,0.94867500034039232,8.1641803112315259,5.6418994760219014,2.0083663827802725,,0.1278871760488521,0.28,0,1
-0.67396750752076295,0.71007867066472685,-0.20385308502268634,-0.68205143518514122,-0.7040980297763807,-0.19761529350460164,-0.2838549604430774,0.0058520023953614001,0.95884937059990027,-1.1669567103766756,16.699492373549155,-1.5457996705215182,,0.2854032956887632,0.2,0,3
0.66117214682283343,-0.56728421920728955,-0.49095825372842206,0.69850251509867156,0.70426193742224186,0.1269226532148644,0.273761992735507,-0.42685329814427642,0.86188783098314936,-7.5378879260894696,16.722164312183239,-4.310920398123562,,0.09031631755547403,0.2,0,2
-0.93496205785444364,-0.0052441340299075314,-0.35470896440724548,0.13787336323874091,-0.9266556676329194,-0.34971446832098207,-0.32685912268410422,-0.37587467685661585,0.86711091632853521,10.300499079275188,4.5169872062330239,2.7482792622738796,,0.1290735747612718,0.4285714285714285,0,4
-0.42160922451761867,0.85586094198956775,-0.29957922120598063,-0.8815335642610248,-0.46426963035171298,-0.085745468768544678,-0.2124717319619383,0.22793805805484413,0.95021050552352893,-0.59595415036888888,12.192320773122654,-1.550917682943538,,0.06964088196583922,0.2121212121212121,0,5
0.93754516011027,0.030650316746336389,-0.34651065039499029,-0.043025354873657794,0.99867942768885054,-0.02807524797873313,0.34519254278127987,0.041230556562103296,0.93762580468637635,12.217281768449721,7.6161148755679218,3.6577106111573769,,0.08350624918339894,0.3043478260869565,0,5
-0.93849909985349489,-0.066432868386897381,-0.33883050862056513,0.10849450551357076,-0.9883510967785657,-0.10672887036774099,-0.32779319981895205,-0.13692619725420502,0.93477421587138165,-11.627729951797905,4.8842158487618601,-6.7368102335919744,,0.08324868816738955,0.2989130434782609,0,3
0.6272864001590267,-0.68968623791641248,-0.36172457119227686,0.72855983671234847,0.68379398755268617,-0.040327991723799361,0.27515874782606364,-0.23824079376862403,0.93141236178144526,2.5835245448243676,4.2405351031449179,-0.40917737364941487,,0.09491758385419882,0.4436619718309859,0,5
-0.86331848346545392,-0.33877803743146118,-0.37404630389965915,0.4203525976480087,-0.89287022660236948,-0.16151300906615759,-0.2792577478915847,-0.29666850153179547,0.9132375980222226,-2.7203037483152475,23.480923464193175,-1.9480091462883256,,0.2790333878842006,0.6279069767441861,1,5
-0.21170647619363039,-0.86291018578988987,-0.45887512375125955,0.97721280949409561,-0.19426972010072793,-0.085524270313412684,-0.015345777866652293,-0.46652469078500297,0.88437504487045804,-2.3556477801728279,14.239283315321314,-2.1450436571081228,,0.1483574841258924,0.2368421052631579,0,3
0.84640272696014462,0.46345673010419325,-0.2623171422449555,-0.45539869843991571,0.88524462621982503,0.094625457505650115,0.27606964565787001,0.039367639884197364,0.96033105733194224,-17.609818535115842,13.567614556400315,-9.0160718417637487,,0.08693204210716461,0.5,0,1
-0.43372401445396513,-0.82159152881980313,-0.36996059122219471,0.89576632632442643,-0.43754304717435655,-0.078477834403228169,-0.097396960471970037,-0.36543596106693965,0.92572695242706615,-0.004575534902566767,18.507278976483885,-0.97388575666691624,,0.2517543473600141,0.8695652173913043,1,5
-0.80615110193039308,0.53804094520411794,-0.2462363542214546,-0.48783649745080326,-0.83985900242850209,-0.23801766277891012,-0.33486706707490166,-0.071755120539665387,0.93952927046739321,-6.7432508612761444,-6.2578286840959061,-5.0536172944429527,0.4648590946866165,0.5026797395678276,0.4979423868312757,1,3
0.67333781515711544,-0.6298340704918024,-0.38720179535633448,0.67914398559163369,0.73389426224597454,-0.012753771095120494,0.2921979355063144,-0.25437817416233471,0.92190677999225246,-9.3669444456936475,11.540035245057087,-5.2753287002933709,0.7378223053491358,0.4433029327436966,0.4567901234567901,1,4
-0.87359983901888372,0.3732327599620705,-0.31228292966038862,-0.3509978979607184,-0.92773688982840763,-0.12690444782855098,-0.3370812912241451,-0.0012530533139912046,0.94147471180274112,7.2555762660034384,15.414428321643467,1.9514468994549008,,0.09415099749128186,0.4,0,4
0.68011048211444547,-0.60163816424250383,-0.41890482385020072,0.6725557607714403,0.73944112140037865,0.029926186447670332,0.29175071683066506,-0.30208996558816953,0.90753687083210688,-18.222771359401769,12.138009973457718,-9.4304020568897204,0.2797137314911065,0.1696097800638523,0.5806451612903226,1,5
-0.79235633532697869,-0.47833395320449967,-0.37863975897805058,0.5564951239867203,-0.82103567370923181,-0.12733263319288243,-0.24996922779855479,-0.31160399822303869,0.91674333018855969,9.0877534660778831,3.3171118632842598,2.2296482830432605,,0.07070465218713987,0.2380952380952381,0,5
0.26428861149899346,0.93879594060738203,-0.22093825320898244,-0.95951833536866016,0.27906886371829881,0.03801491015818053,0.097345230613990585,0.20194739711637763,0.97454664068716079,-7.766998201015018,21.62272951894747,-4.1115223536349426,,0.684939987063471,0.4933333333333333,0,2
-0.16369273413197086,-0.91602728171747094,-0.36619490430875873,0.98649275953919491,-0.14971411802803594,-0.066465917881509726,0.0060600469589091842,-0.37212860950535415,0.92816139427282096,-2.0973089048784233,9.6578209402863688,-2.189105263141891,,0.07665919510204508,0.2727272727272727,0,5
0.51251718074989361,0.84314909925585113,-0.16255994543621802,-0.84889436196643253,0.5260108748175939,0.051874095608806348,0.12924589609648243,0.11140985592700056,0.98533412726066705,-10.2421646176232,-1.2365613882700071,-6.3733740144497428,,0.1732908315170661,0.2372881355932203,0,1
-0.56629179351525305,0.79030651024334886,-0.23394278032086982,-0.78906455335090686,-0.6018465136605915,-0.12311744246745444,-0.23809816303872114,0.1148755581556504,0.96442359515723963,-12.218293615216865,12.763573851458441,-6.5007364242965036,,0.1212506034573666,0.25,0,2
0.38664253781241276,-0.81597558893329336,-0.42975735737616133,0.89896638217660008,0.43747253374881945,-0.02184550140653314,0.2058324359042851,-0.37789101667061731,0.90268011379965329,-10.734081293343181,13.220577005295956,-5.9134474037321976,0.1975378703730171,0.1291710066426531,0.5765765765765766,1,5
-0.32918226592771749,-0.87230362060760491,-0.36155971743760151,0.94269443557671917,-0.32567378175043227,-0.072551974563507857,-0.054463170412542596,-0.36472315714146314,0.92952180271007012,2.6082973741113658,-3.354392061658404,-0.7947753199097416,0.3619595255975956,0.3084710029027889,0.9244505494505495,1,5
-0.19510336575240772,0.93231697748125086,-0.30449914642295295,-0.97051829615789176,-0.22832040016404823,-0.077227143490560216,-0.14152354395952974,0.28045471714548426,0.94937676300612128,-11.036093401168035,19.489862822894491,-5.7311280620044744,0.348818496090549,0.2891535096616321,0.6415094339622641,1,6
-0.18846182473959691,-0.88921869996653458,-0.41685998158332105,0.98208047540476562,-0.1705189938247961,-0.080257165248516851,0.0002836275198745991,-0.42451546070173268,0.90542064433092329,-22.62305951991392,5.4592791178779656,-11.834994798674497,,0.1087738626150248,0.25,0,4
0.95079144427516016,0.00087384242599137878,-0.30983038245557643,0.016298465837152106,0.99847040195045478,0.052831964190739676,0.30940263331864093,-0.055281939440570874,0.94932287324554554,-10.536400309391864,7.0120608441000982,-6.228436143526535,,0.6451917830258329,0.8577586206896551,0,3
0.57092341660731305,0.75286827809606738,-0.32746878966719084,-0.80729395900840595,0.58738667652223475,-0.057038197663476078,0.14940855436676553,0.29692801834927235,0.94313882106570457,-9.7319339902043254,4.645771480494977,-5.8900422792165177,0.2652560219037662,0.2351031920802786,0.8854838709677419,1,5
-0.84867863255866027,-0.36979053833361175,-0.37815279504097388,0.46746464934513343,-0.85889836505309991,-0.20921376656841689,-0.24742954603481476,-0.35432831705644158,0.90179269429340336,-2.9959562280132954,16.604431315433274,-2.3078843131349958,,0.3051011038923831,0.1388888888888889,0,5
0.44167975161873263,-0.72037776453269697,-0.53476618570819179,0.84730807764424387,0.53088053447531269,-0.015325784613587893,0.29493731294773523,-0.44634262006006098,0.84486108145013361,-19.611810055916003,9.7297190184777929,-10.155689889316429,,0.3614102154503634,0.4666666666666667,0,4
-0.52571497067865458,0.8374310577381634,-0.14944227360382856,-0.81488529598420356,-0.54618496897331859,-0.19402044752126341,-0.24410187216217283,0.019778857478507612,0.96954787030025813,-11.693311669081774,6.5735300305265909,-6.741504967184003,,0.1477477118059093,0.3,0,1
-0.22769709402510027,0.92110806701877124,-0.3157751767404578,-0.96332343118458519,-0.26037876035462709,-0.064891201922492092,-0.14199295863979511,0.28941808863498902,0.94661247069092991,-3.6595111794221302,22.379918889392389,-2.3907053208071067,,0.07793395122687051,0.2727272727272727,0,2
0.13451366753131716,-0.91232870346908446,-0.3867329958429917,0.98425443107358901,0.16817818298501802,-0.05439957426180058,0.11467034559676548,-0.37332617855473099,0.92058583317713538,3.3130696430332249,18.80515839834349,0.52244910217159979,,0.7468043530326339,0.9779411764705882,1,5
0.64802743835482712,0.7088468109234991,-0.27856173065025719,-0.73934203132033005,0.67329732637801132,-0.0066386004060192457,0.18284911775124751,0.21025439100244162,0.96039538274701375,-17.004322966338357,10.513132876564176,-8.958201263799193,,0.1448041948716347,0.2142857142857143,0,5
-0.86150537887292744,0.4299053660683464,-0.27016635319494414,-0.38796668989539912,-0.90060312267124976,-0.19594862328274118,-0.32755202595102562,-0.063995247170672717,0.94266339625284223,14.856456398465575,6.6552343297534531,4.6611146012757185,,0.4855339801832343,0.396551724137931,1,5
0.68366123495582265,-0.60111943058097683,-0.41383903392102117,0.66968230304806764,0.74210551496349586,0.028372832868837523,0.29005676824186982,-0.29653808328572112,0.90990781750588046,-17.20519005329631,-2.5261371286945709,-9.6194189061762128,,0.09802055139510357,0.391304347826087,0,2
0.34509940332232536,0.93663459481873101,-0.06018336660013518,-0.93645700437613921,0.34791166630019055,0.044785616073603034,0.062886252722214625,0.040903645815210575,0.99718213530807953,-11.050275835357066,-12.547982893148617,-7.309596149534868,,0.7375559257732476,0.4897959183673469,0,1
0.76125518950510096,0.59235665532355408,-0.26382594517114183,-0.61157478753195449,0.7911021538702534,0.01156120223386054,0.21556162855851424,0.15254827116601372,0.96450101568503432,3.4210368648030021,6.0068782008646222,-0.088701874167825989,,0.1926516226160624,0.2978723404255319,0,4
0.10081708006333628,-0.89147359701899087,-0.44171341635219075,0.99182958474873661,0.12493848993012979,-0.025776899563893813,0.078166432595143123,-0.43550568257142147,0.89678582128808682,-11.960997481582748,11.499439252668868,-6.4751725802663067,0.4924855897029753,0.2923210090541014,0.624113475177305,1,5
0.14484686913047939,-0.9110915963708125,-0.38591642557110983,0.98202770574749287,0.18007081946088332,-0.056533928954221963,0.12099987457602092,-0.37079185940520615,0.92079988453051853,0.97807318692586187,-8.377210173339547,-1.8757904012742259,0.7734707847933433,0.5086621526041645,0.5,1,5
-0.072302535431520792,0.94237036745638059,-0.32666563013316724,-0.99312100198246722,-0.098267755324386807,-0.063672000791917635,-0.092103304997775123,0.31981485081783168,0.9429928114279843,0.18623650838422887,10.843144326768615,-1.2495387171336259,0.5262425675407635,0.4877221739535167,0.9369863013698631,1,5
0.94732123116697076,0.073863144174733872,-0.31165160181349738,-0.05807549722758816,0.99652842526773,0.059651774954210736,0.3149757476410916,-0.038410071153824846,0.94832217354224846,-14.648519515469909,15.129849940864295,-7.5952113666953407,,0.1515515127174361,0.4838709677419355,0,5
-0.63218352524599519,-0.66901850060748347,-0.39084298158270747,0.75586868412103336,-0.64338883009529413,-0.12129858067490359,-0.17031301410251481,-0.37210893452525867,0.91242995242034486,2.7741538462341295,9.0383478479251274,-0.2094370811877144,,0.1875841225363552,0.3061224489795918,0,5
-0.874461577281476,0.39327531902468416,-0.28399203035371562,-0.34669772858329762,-0.9161533701143163,-0.20115587842109442,-0.33928989795391024,-0.077443694864158988,0.9374885808756348,4.3592618403352779,-2.5857224273088661,-0.065165064388701913,,0.8333331065727245,0.2574750830564784,0,1
-0.78037205752348437,-0.515593436149275,-0.35381189979471767,0.5779785405705915,-0.81068695570244964,-0.093420910366920878,-0.23866348375160551,-0.27739875351861026,0.9306393893823045,-5.447335855316771,8.1118753770994729,-3.8303594942955232,,0.07661922726028537,0.256198347107438,0,5
0.57546251385605274,0.76194910435235164,-0.29711354314995769,-0.80299505827854134,0.59529749265803422,-0.028632701851202425,0.15505428574120278,0.25505775348282789,0.9544127570718961,-13.247068458499882,-7.721029730669712,-7.9529535486953442,,0.08506147608588184,0.5,0,1
-0.6755724818953327,-0.61510439362907054,-0.40650757267730442,0.71018358385733327,-0.69102354671009913,-0.13463185028717922,-0.19809366200192913,-0.3796485780697838,0.90367353521294203,-19.23435716681151,8.6299550170208867,-10.066448456428887,,0.213360001521368,0.1,0,5
0.016995910225658304,-0.92348417730577581,-0.38325985088641501,0.99727194328725965,0.043195365635098057,-0.0598567583461058,0.071831818629735977,-0.38119697618623083,0.92169900465326515,-4.825822168718414,-4.9379752674060615,-4.2056603729821935,0.5137924839053855,0.4422698983325951,0.9452590420332356,1,5
0.24349844192517764,-0.90133482733756864,-0.35819553013454164,0.9584411209994671,0.280215483343904,-0.053571452020891162,0.14865774906574936,-0.33026476034039204,0.93210839590683181,6.7572103232367562,8.8346364224116591,1.4355783568778477,,0.09630163791284586,0.25,0,5
0.1529134974615014,-0.86820261226700235,-0.47206110446301985,0.98144349622183158,0.18934032288823413,-0.030313459922092362,0.1156984270332162,-0.45866596361767881,0.88104449819558306,-19.964153026320286,16.744079585072488,-10.168425665674372,,0.1149050183464431,0.375,0,3
0.84556408518037729,-0.37795908022954022,-0.37705213369653912,0.41209976530233788,0.91107358002062366,0.010895651708993087,0.33940412680288795,-0.16459606757284809,0.92612794647863006,-13.37096793419804,8.6029194267989055,-7.3908328960285505,,0.09050246454713409,0.3170731707317073,0,5
-0.4931109652381081,-0.7606850532462226,-0.42213721196991444,0.86094984248676532,-0.49637968686267137,-0.11123207807161473,-0.12492775786011308,-0.4182887235366346,0.89968194328781381,-12.074831773279318,-11.961409854868327,-7.6533670343352247,,0.1145869249471884,0.3666666666666666,0,2
0.31071299426060373,-0.83814243714644776,-0.44830200786057511,0.93031387575484803,0.36485799532310875,-0.037346162142794605,0.19486797524376223,-0.40545764057792205,0.89310165934308994,-23.634567389763756,-0.51682559652681626,-12.552820793126154,0.4726475487720784,0.3918387299655823,0.7,1,4
-0.92803944220879564,0.17848013309589397,-0.32693674586203852,-0.15127260196543638,-0.98267746876537299,-0.10705882623812848,-0.34038124742616743,-0.049898241160897944,0.93896260411672106,6.8017654131309202,12.527286303852364,1.5135338391726318,0.1830387821811025,0.1475491652804059,0.5522388059701493,1,5
0.71892391598850625,0.62184986143016319,-0.31056585913303214,-0.66089784804140206,0.7499427683987091,-0.028282124756182574,0.21531938480776674,0.22558500385834035,0.95013102704849994,10.697919223017415,10.658665753967366,3.0884183109877004,,0.1700852499560643,0.3333333333333333,0,4
0.8939326655876717,-0.25852996794474237,-0.36612381112106068,0.29008067241579444,0.95643654483071294,0.032898924041485547,0.34166883511101814,-0.13561486418080212,0.92998441692702649,-6.6476076747941919,-16.614741269645968,-5.5475527906205091,,0.1339571414141096,0.3333333333333333,0,2
-0.1874223871798141,0.94386974370720456,-0.27199771267037426,-0.97362920607200065,-0.21517535566928778,-0.075800629259929184,-0.13007312507749477,0.25061818215502862,0.95930782802283165,5.6642536610853913,16.745427740016709,1.3209523897699789,,0.2849221093980515,0.7692307692307693,1,5
0.94049342749523057,-0.0056083879362852787,-0.33976559393651135,-0.0078203573712974164,0.99924175093636747,-0.038141384298537119,0.33972187867262732,0.038528809615398583,0.93973643963654052,-12.544744104905357,-3.9266609174899534,-7.5966444197331038,,0.2710617892631825,0.7352941176470589,1,1
-0.79079798462692819,0.593290557800079,-0.15048209705895066,-0.52140710081725383,-0.78174566111588328,-0.34206484260127673,-0.32058256772216148,-0.19204175418840896,0.92754880298607678,24.220426379986272,-3.0008539880793701,7.8014526006912641,,0.3291419028321629,0.3333333333333333,0,1
0.791160248663625,-0.45775900598441138,-0.40561330522392391,0.52677005519150177,0.84698646149953527,0.071604769324676895,0.3107712500989348,-0.27031579028362646,0.91123575634151055,-22.286583145623613,16.476566254656237,-11.136723973649289,,0.20421514086294,0.1666666666666667,0,4
-0.75504821235731301,-0.52867329037331023,-0.38782308990296566,0.61272781338263071,-0.77946927610136674,-0.13035441811212828,-0.2333812840040228,-0.33605386422397965,0.91246971271202437,3.2183624398999791,15.149597936852535,0.22378696421147345,,0.09171415906960059,0.3157894736842105,0,5
0.94113243258643575,0.0023468923721774058,-0.3380299342220035,0.088922674701417376,0.96303873332848311,0.25426198306671322,0.32613264518886248,-0.26935272451799147,0.90613829382542421,7.4271889729385725,-7.4364071615923928,0.85330816871323634,,0.5698577327542858,0.3,0,2
0.7578346035880078,-0.55173703860316392,-0.34824266516040231,0.57320177213228607,0.81797352173550175,-0.048570013012452812,0.31165115438421886,-0.16280527624445607,0.93614528786826257,2.1753025339070664,16.219447146691703,-0.13323096920187349,0.2929163248984237,0.2397191216809852,0.9090909090909091,1,5
-0.46954048941993665,-0.76660991863747907,-0.43799653131266264,0.87926296876435595,-0.45105520570063662,-0.15312032252463381,-0.080177057535044269,-0.45701032160881688,0.88584039498547795,-9.2430811373606545,15.694795460717073,-5.0574827692673061,,0.1368411079682287,0.375,0,5
-0.057278257189773071,-0.92759289842371817,-0.36917558972281522,0.99748568171830532,-0.037714809340083505,-0.059999232690173578,0.041731475174868353,-0.37168401626963626,0.92742087319048538,-20.23717856358444,5.2253443118287253,-10.628225885412519,0.2368386820454889,0.2288974905439988,0.7209302325581395,1,5
0.56006348984799881,-0.7078666259552151,-0.43041111416651434,0.78830293625095926,0.61512551878619859,0.014109459101117924,0.25476924468506151,-0.34719653799654976,0.90252268446051431,-19.375248915640746,24.852953072557959,-9.3654031241177975,,0.1166516454803899,0.2857142857142857,0,1
-0.81817371781669435,-0.3199757345989464,-0.47771047376195691,0.51174204045520832,-0.78403002208524974,-0.35130756965904292,-0.2621294556221192,-0.53189515295485434,0.8052177933692124,3.7566346545760907,9.7953434440227891,0.21220081304003363,,0.5374104511887452,0.3157894736842105,0,1
0.48021074469920233,0.83367459303658753,-0.27273487785891426,-0.87077567077068918,0.49051560176192321,-0.033825665137497588,0.10558111511673472,0.25373434405578166,0.96149441536458646,19.587621560137787,19.34283377762938,7.0964895465305604,,0.5017043143112654,0.8,0,5
0.92223104585703075,0.15275020060076497,-0.3551862529348131,-0.15244938930145299,0.98788524201325978,0.029016069927142223,0.35531546794230751,0.027388406832614537,0.93434511472587556,-19.931722889960071,13.116974445721681,-10.234561917422003,0.44116968971598,0.3940528996877183,0.7226890756302521,1,5
0.72118408209655782,-0.55637058755525814,-0.41272907461670399,0.62364127713889028,0.78082766576165119,0.037144499320680008,0.30160417301343484,-0.28418290885383451,0.91009614719339049,3.8875511580082276,13.378340608782619,0.37110918450220831,,0.155989010437977,0.2631578947368421,0,5
0.68477758813365275,-0.62184736020520126,-0.3799809408321424,0.66676007961799266,0.74506179785811888,-0.017717607068548646,0.29412693011294555,-0.24122350212665847,0.92482461634846402,-17.112911933271892,19.83293663551909,-8.5091797893432286,0.2738394939164348,0.2415925481740559,0.4473684210526316,1,5
0.023796427630085666,-0.9052892836188261,-0.42412856894691475,0.99691895452115653,0.053206514790455135,-0.057633886735985809,0.074741743012117778,-0.42145032892235912,0.90376617114314739,1.6450561620084754,19.183942011244788,-0.16748029310854351,,0.08947497481099646,0.3,0,5
0.66760491266703392,-0.58584034956950837,-0.4594505037532543,0.6855778562377115,0.72437680712606578,0.072534435507221898,0.29032168988786677,-0.36341343689264388,0.8852366860148364,-21.645943155643188,9.3155813271445531,-11.204557961146822,,0.1666859180577237,0.4210526315789473,0,2
-0.43630973535858486,-0.70534078366995001,-0.55868434175586457,0.89415819330028889,-0.40927532172748138,-0.18158974744965969,-0.10057305894366619,-0.57878155630317774,0.80925704809904886,-1.90306601476094,-3.4487454714711703,-2.6851580501262551,0.7188263720680839,0.4585804208869736,0.4252873563218391,1,2
0.45397984660662721,0.85161163978902699,-0.26203036818443148,-0.88642863545414186,0.46146310060075468,-0.036001125410837991,0.090258368708570846,0.24861500710894996,0.96438789142039993,4.6532926717423591,20.595174802534043,1.0944747621553235,,0.2251878525093577,0.2941176470588235,1,5
-0.73867829454991252,-0.55766955071461322,-0.37862785075400029,0.63535212966598265,-0.76364442763202234,-0.11478179069635157,-0.22512673872672817,-0.32534882872437393,0.91840410014216756,7.3918032622926129,5.7125474582028346,1.6540244401846256,,0.07269684067790272,0.1568627450980392,0,2
0.46033708419946096,0.84778168760154549,-0.26335523362601659,-0.87958514659763987,0.47570200786780698,-0.0061294041590695576,0.12008221681642348,0.23446494381466171,0.96467945522149501,-14.447447509897961,9.2944042692844242,-7.8149158699242145,,0.1122289028201697,0.3673469387755102,0,5
-0.63335324013443817,-0.68103634081380782,-0.36749581725803127,0.7515430619826261,-0.65453529295101787,-0.082259201718131891,-0.1845174766708777,-0.32828806370695951,0.92638018546952283,-18.064429067367612,4.8149082685574669,-9.6914512433382161,0.1698142944931094,0.1812994177442062,0.4456521739130435,1,5
-0.11613827756511345,-0.89751244302405886,-0.42542133832377788,0.99188622429381579,-0.082505365499583927,-0.096719091806832289,0.051707045364892811,-0.43320235373410143,0.89981225940685372,11.620877707427153,4.8311935515903714,3.2250891584127608,,0.1560198468255138,0.1777777777777778,0,5
0.93756171952470757,0.10841875843760135,-0.33048962903655799,-0.08592494284130886,0.99292353494825747,0.081974129721352929,0.33703846409510951,-0.048458503533481447,0.9402429724043162,-5.8532323370322903,24.981503748287476,-3.0886181344913424,,0.1991205942686119,0.2142857142857143,0,4
-0.91782562049828054,-0.11572257509335601,-0.37974256539227924,0.231005278922751,-0.93362710455083797,-0.27381926659357181,-0.32285088116151833,-0.33904087550291351,0.8836394022854851,-8.6157463378780488,-9.2568697724094218,-6.0037866899519781,,0.484814506675326,0.6041666666666666,0,2
-0.83361945450172559,0.45055048805565912,-0.31950408884559212,-0.44284899039836906,-0.89090363394388572,-0.10087361760501726,-0.33009601145634859,0.057401853091911072,0.94220043010084831,-13.404532904221973,10.959872673133399,-7.2401645571363922,0.3325528818750011,0.205476587706504,0.7435897435897436,1,5
0.91695460169562371,0.21930557531845984,-0.33331565079284953,-0.24084514430053583,0.97026226445575414,-0.024181700520181388,0.31810041637205611,0.10245097758163657,0.94250513117780554,8.6820834412619678,7.4713172452860768,2.1939158449832972,0.213589854391406,0.1224102632599144,0.3488372093023256,1,5
-0.9388803829984288,0.16195808840081707,-0.30376504740058202,-0.037829407500224024,-0.9256101534692448,-0.37658303164484724,-0.34215868007242872,-0.34207516921898173,0.87516399392051025,-27.60332477860344,11.255417258162369,-13.835596131513933,,0.3933937812933773,0.1578947368421053,0,1
-0.91697638183599417,-0.16339455587988369,-0.36394578478639744,0.26752975924140615,-0.92860088884089931,-0.25715407281264163,-0.29594280372262205,-0.33317053944295499,0.89521798941491648,-11.055702135681745,15.164935099760809,-5.9317634615423582,,0.4861962467340739,0.2631578947368421,0,4
-0.44198366355308416,-0.78923590973459323,-0.42632982529680374,0.89020944022568615,-0.4443887608212127,-0.10022864754578759,-0.11035213493750312,-0.42382225996424011,0.89899782996041699,10.168500159001429,11.309760944775292,2.9056682490484755,,0.2148167074305039,0.125,1,5
-0.7364021005544259,0.61110805629517895,-0.29027381871287927,-0.60847917547843011,-0.78581204656598158,-0.11069110389219851,-0.29574488889601946,0.095112412454484888,0.95052016795487748,9.0178690692478654,16.206067830164599,2.7236556744290699,0.9589427252443434,0.5437631699407848,0.6265060240963856,1,4
-0.92813504761777876,-0.10537860386909498,-0.35701636269244552,0.22221496652767719,-0.9263011287786288,-0.30428067220009464,-0.29863998733365682,-0.36174793526713939,0.88314924519885885,-2.9644872393269073,8.4153520637240842,-2.6458403718483559,0.5314637569623123,0.3298121643163973,0.1470588235294118,1,3
0.67024486972227004,-0.6149044031384413,-0.41552904785578443,0.68409125361996137,0.72897867735082422,0.02468288250008422,0.28773420257530652,-0.30080336262881141,0.90924494263072597,-30.389391217389321,-4.7405726412960822,-15.713759273950433,,0.1597292984097943,0.3,0,1
-0.22153372261983645,-0.83790553414381674,-0.49883577016224756,0.9739939588668487,-0.2150583572361143,-0.071313891169865737,-0.047524497189144456,-0.50166145839008702,0.8637576068162004,-16.313617408520344,4.4343247616149455,-8.8774531671022263,,0.3360097823603186,0.2571428571428571,0,5
-0.1359995512612899,-0.902421543785074,-0.40882695528706481,0.9905741445803693,-0.11705705879861621,-0.071137255178191097,0.01633971069503878,-0.41464804629707486,0.90983515625437394,-19.96379429779314,7.5339774481550039,-10.541718355613204,,0.06854542582118774,0.2222222222222222,0,1
0.69272861492983584,-0.62273939078030294,-0.36376189633875877,0.65878095695565775,0.75164434341639863,-0.032224707333359304,0.29348716634629979,-0.21731643329649467,0.93093439672691791,7.2156030739614758,16.529574993433418,1.9830211757451452,,0.08678309802303796,0.6,0,4
0.83539646656635225,-0.41752663034223181,-0.35746923868147762,0.46062429377988173,0.88665477826371419,0.040848061911302649,0.29989665491338702,-0.19878334220247323,0.93303117806136326,13.044162334101561,9.7610858306312025,4.0195410167057108,0.576675141551105,0.3234200953066925,0.6097560975609756,1,4
0.82538676853288373,-0.37901000707453941,-0.41843529591587014,0.45514837003828496,0.88522698849631942,0.095985103475642611,0.33403090213681824,-0.26967497728765083,0.90316043040124827,-32.455736635120743,12.075582174064204,-16.229761873768727,,0.436174787560496,0.9047619047619048,0,3
-0.79619643464751699,-0.43793406604189744,-0.41747453964834214,0.55022940660005792,-0.81105780892849966,-0.19857701450231216,-0.25163234602715973,-0.38781307917102847,0.88672553705008106,-14.479342855596036,19.127573239380503,-7.3561813876825468,,0.614524416589969,0.4666666666666667,0,1
-0.61234793702249712,0.76404415777223422,-0.20314164762157774,-0.74280925468661452,-0.64399555159786193,-0.18304136328732398,-0.2706740016629014,0.038810494666816631,0.96188841885507104,-16.81211695289716,-1.0387657616233907,-9.462605898695637,,0.5864036598998427,0.2933333333333333,0,1
-0.85553986093145407,-0.32466417386643165,-0.40329235123544821,0.42677107381727408,-0.88323836050942417,-0.1943101877861162,-0.29311771851977736,-0.33835362083514403,0.894202902230533,-27.047119753265381,9.0672509906387742,-13.764259878859196,,0.1695431029934573,0.1428571428571428,0,2
-0.80321182425719195,-0.40832666129834111,-0.43372814417141958,0.53837621919404377,-0.80922387733641865,-0.23517602546803085,-0.25495452923955064,-0.42240508285479078,0.86981155085379058,-4.5573438993426265,-7.7002648041796178,-4.2409302246236926,,0.7025539308996634,0.1829268292682927,0,1
0.29007819056974427,-0.81334892226354927,-0.50429968670276526,0.94483337961464164,0.32716961739854844,0.015809054913657885,0.15213325777672249,-0.48106503936994977,0.86338398165256147,-23.159701441313999,7.491110948010852,-12.007222035256408,,0.2200624269971944,0.25,0,4
-0.9375699095192368,-0.022189005399579756,-0.34708833573525388,0.076511709443468828,-0.98667375345374131,-0.14359966073617622,-0.33927661735246212,-0.16119104281840269,0.92677334048460158,-3.4709418043343332,6.1311862184256434,-3.109543789496946,,0.1162671436833568,0.1365461847389558,0,2
-0.20758026578729288,-0.87656884574998251,-0.43420904172555008,0.97818178063086159,-0.18218410404431243,-0.099846663817118098,0.0084164896194489688,-0.44546157061425029,0.89526149912099473,-25.206658845692086,7.9808662532838088,-12.969476196480667,,0.1541253119208883,0.2,0,3
-0.21361107597184442,0.95870031453994575,-0.18778715377565205,-0.96931294302452786,-0.23193516139381964,-0.081476986900299808,-0.12166645678772631,0.16462013184975988,0.97882454274629205,-8.1100813452690996,27.211634297291017,-3.8931916933965476,,0.4188157251378722,0.4444444444444444,0,4
0.024140450752768956,-0.89145002669149487,-0.45247551154641141,0.99691437109324588,0.055282363823109609,-0.055727883127636282,0.074692538751948229,-0.44973404381018656,0.89003388390157689,12.39213386432565,14.745021381290028,3.9416008585221256,,0.0987019766784242,0.1764705882352941,0,1
0.89071264721043364,-0.24668867766795297,-0.38180580981674123,0.29939925953844304,0.95038657954562034,0.084412278771561169,0.3420395642132833,-0.18949946102829029,0.92037975357065172,-3.287232590376008,-17.639554327987668,-4.1834986782340042,,0.5190049987292977,0.1304347826086956,0,1
