axis_00,axis_01,axis_02,axis_10,axis_11,axis_12,axis_20,axis_21,axis_22,location_x,location_y,location_z,dbh,dbh_approximation,score,reconstructed,number_clusters
0.632119318387523,0.76296272316274527,-0.13532571960045633,-0.74457222820754188,0.64642660321280632,0.16656783495263627,0.21456319419543787,-0.0045309737188449625,0.97669959863502043,1.1439601233109227,-12.641402366967425,-1.1166864392437443,,0.2371973151859294,0.1428571428571428,0,5
0.87052345691988064,0.4345812087515466,-0.23092874215286877,-0.42045525864887973,0.90063153843252297,0.10990999706655638,0.25574652769248873,0.0014159734149123368,0.96674283477692458,-22.044416315189604,24.744128790283259,-10.066183056118867,,0.2196313480439978,0.3571428571428572,0,1
-0.84924087245084612,0.49831705280535477,-0.17455673989368448,-0.47418615210241355,-0.86520778084119399,-0.16298156069372799,-0.23224434054080395,-0.055638213983213988,0.97106485644962226,-15.784167999120866,18.963779548558151,-7.9653431358403557,,0.2287562493092711,0.25,0,1
0.76777586907417783,0.59808406387236102,-0.22981659515647357,-0.59751721587703066,0.79784152840590816,0.080137833022160598,0.23128638437650104,0.075791477705924093,0.96992899756074913,-3.0589242246031407,-12.1389848775279,-2.4263094408981938,0.7488444990936446,0.2940343400300091,0.3548387096774194,1,4
-0.75091134103252788,0.65672579099113559,-0.069594492280624615,-0.62832098597984676,-0.7429008611399881,-0.23089185584332969,-0.20333444490799837,-0.12965163309627495,0.97048727840679361,-6.8003823024176961,4.5901883899018303,-4.4664424520825818,,0.6838001641465628,0.2914740626605034,0,2
-0.9523215483717673,0.16789780378856606,-0.25474299988375637,-0.14161096934338138,-0.98281977663119036,-0.11837068904185793,-0.27024063696718026,-0.076652554723195543,0.95973662219693368,-9.1453770291899232,-3.6508029746755972,-4.5927466922926801,,0.1611776076488042,0.5311203319502075,0,5
-0.45355488522251242,0.85123746907567277,-0.26397488011634185,-0.88403457651343387,-0.467263716774309,0.012144402618973343,-0.11300811306940374,0.23887107448977926,0.96445309691689607,-1.2878515382360389,-2.1348273499504389,-2.4130796791568172,,0.233540665141611,0.8958868894601543,1,5
-0.9428953041330348,0.18423588184156336,-0.27749880231441415,-0.13894260308182618,-0.97471131958388946,-0.17502227436494791,-0.30272660684637381,-0.12647127467173919,0.94464893912510572,17.349907501290943,-7.6085680061387659,3.316464504778958,,0.2268290391311742,0.2592592592592592,0,3
-0.88363633497274396,-0.35402318069858724,-0.30635667945059103,0.39008515691900664,-0.91857705620350361,-0.063637741694526503,-0.2588829810308329,-0.17573781421356324,0.9497872513294906,-18.824077312900656,-5.803166150394933,-7.2513139758909659,,0.1319852058469028,0.3793103448275862,0,1
0.89693117050989923,-0.32541581912686601,-0.29936435998584082,0.38179571743662033,0.9114765126604284,0.15310975480170744,0.22303924657960428,-0.25162494218652809,0.94177406152156695,6.8782101159890088,1.411924657338661,-0.30496377970779148,0.5485779555344984,0.1490196070504092,0.2,1,4
0.78644852533108411,-0.53826696755650805,-0.30293132661064254,0.58052589612021521,0.81164859832995229,0.064932555492940427,0.21092273689288149,-0.22692559235693077,0.95079775693628543,-10.273807176408495,-3.9100547390292379,-4.8590812261888967,,0.1326853483355832,0.5272727272727272,0,4
0.68432324539802991,-0.65339221296153649,-0.3236978712459106,0.70640388798810871,0.70412771713556344,0.072095110768644638,0.1808182591531928,-0.2779977949601149,0.94340976418209865,-20.839447692420535,-3.6094020272285472,-7.9130140018463484,,0.08680424245554504,0.3125,0,1
0.90490795204266095,0.33628104088238875,-0.26087671393402495,-0.3324982086291175,0.94119954111418747,0.059902963740294995,0.2656812744406078,0.03253437181659799,0.9635117929024607,2.784581825729846,-5.98799712920008,-1.0077214513249158,,0.1159716924209173,0.5465116279069767,1,5
-0.92142894820900412,-0.26438767145973524,-0.28472416929819749,0.30988454484360611,-0.94211465211802148,-0.12802949321000362,-0.23439339212000118,-0.20620170087717118,0.95002136622596123,6.3751211714153619,11.893018094438702,-1.0273274505348069,,0.2695878798989058,0.4090909090909091,0,5
-0.25328118656409304,-0.90621799325736674,-0.33855219572360817,0.96336050816393826,-0.2681949363175129,-0.0028297427026238329,-0.088233620818840827,-0.32686453590170411,0.94094335819270247,-14.655866610426015,-6.002735114749906,-5.9505046008283369,,0.08025094950715829,0.3611111111111111,0,2
0.34065213169524977,0.91148722000858684,-0.23053670625846459,-0.93322643811190986,0.35759364004589839,0.034859773488695511,0.11421269798249645,0.2032678930863008,0.97243900747543888,-20.065192704979989,7.1693230170233342,-8.3846215551504013,0.5639364538493812,0.477132948233317,0.8018867924528302,1,5
0.46314434135327792,-0.82666957660696494,-0.31955395504499801,0.87877896086793195,0.47515380923350148,0.044456669991929133,0.11508630243567824,-0.30140714769785326,0.94652462953075278,-4.6517966129789965,-9.9794269596563048,-2.9567010316708298,,0.07550389954092089,0.2682926829268293,0,4
-0.47668878502539042,-0.81780984744646301,-0.32242030899217611,0.86575395152613255,-0.50035196806024618,-0.010862940445604827,-0.15243981647818797,-0.2843148984450718,0.94653427876346075,-17.730557760595431,-4.8413697371649302,-6.9918910506252372,,0.08692296232534391,0.3333333333333333,0,1
-0.93130669335428273,-0.17245768150656932,-0.32082111994519813,0.23514550970362263,-0.95733365365120859,-0.16798471612932989,-0.27816260025340578,-0.23188493628566476,0.93212388883884834,-6.733186455426531,11.528467613715845,-4.9902474727271784,,0.1460781246143047,0.2083333333333333,0,4
0.88237468509726846,0.41415634005871216,-0.22335944369707653,-0.39286837752105891,0.90967364956171093,0.13471558646662382,0.25897751455187329,-0.031118760936904289,0.96538192943222467,-0.48674723103515799,-5.1880687344435215,-2.0509400607855044,,0.07603045512382886,0.2368421052631579,0,5
0.28489302528798016,-0.87222562920313851,-0.39756561207359453,0.95757532195147266,0.27775570088219664,0.076819746269907091,0.043421963702665649,-0.40258442889489554,0.91435239961383341,12.521325232356116,-12.62446204657634,2.1956335853978541,,0.2463425716457765,0.5555555555555556,0,6
0.95060787784123879,-0.078250207083105955,-0.30036905246317908,0.15788602834560028,0.9550576663419742,0.25087219059647503,0.26723896542126746,-0.28590515744364042,0.92023995583092233,5.4583051546526722,-1.8307341239173904,-0.49662879892314193,,0.4245637146922328,0.2083333333333333,0,1
-0.81801415347305817,-0.41232163776845687,-0.40105325300475142,0.52144841333054681,-0.82588462299356669,-0.21449042341752406,-0.24278467198900952,-0.38458478458034584,0.89058977454071286,-16.154822284148082,-15.379929291302584,-5.9470726555091558,,0.2903127064789951,0.2307692307692308,0,1
0.77739600367104233,-0.52552064217820482,-0.3456638658015877,0.58936560810154903,0.80056610682870999,0.1083609181587671,0.21978087601832391,-0.28796173919763579,0.9320806849703992,16.69350035843615,-4.0707392015241188,2.9348868728951398,,0.2848200005197403,0.6981132075471698,0,3
-0.3362708070943089,0.90335660417898977,-0.26621192682212075,-0.93858627209630441,-0.34467416448164562,0.015985311108680986,-0.07731593709258075,0.25523825345171841,0.9637819669647345,-10.072684168498338,18.577979124298949,-6.311165658163552,,0.07960166335529736,0.3928571428571428,0,1
0.27571028308749618,0.9580464736442228,-0.078299387849989396,-0.95521264527345662,0.28217902229777325,0.08912800729713849,0.10748321780398425,0.050219057268562343,0.99293776450367677,7.9021618815927575,-2.2897038186758998,0.28920617173481705,,0.2732787165742788,0.1923076923076923,0,2
-0.61490124728127338,0.75985313354723405,-0.21099685194424891,-0.77557922350334974,-0.63112459195218029,-0.01259434409303199,-0.14273515391057134,0.15590049670107708,0.97740560207443183,1.3170433236747965,9.5765546912942874,-2.5011077805632183,0.1529537737661412,0.1205605234836239,0.1470588235294118,1,5
0.77141458988983891,0.5943146493609277,-0.22739751111234571,-0.59295171043283024,0.80104532321365451,0.082064969702743171,0.23092812648067068,0.071529628214670335,0.97033793736388474,1.295626650313868,-6.8313110236416952,-1.451536658534001,,0.1104155412938868,0.2758620689655172,0,1
-0.58585988399963651,-0.74032613252065427,-0.32967470911027302,0.78852720001781673,-0.61464030703958994,-0.021027310677782549,-0.18706429683933276,-0.27227653308592198,0.94386039136024602,-5.4456645180027552,12.321317258756887,-4.6999908324932953,,0.1327084995048064,0.3076923076923077,0,4
-0.88457844096889537,0.4049467777283719,-0.23138515289544506,-0.37339668504317719,-0.91216693062334842,-0.16889762069356282,-0.27945643197429926,-0.063004744937099608,0.95808898581687396,-1.2979503679926971,-11.525789429112903,-1.9437611163494348,0.7154360752148398,0.4197125961871494,0.9473684210526315,1,4
0.86842395481861734,-0.37397981825927124,-0.32554405267483655,0.43915410454897341,0.88496487098442012,0.15485751380323665,0.23018146570691478,-0.27744598151404681,0.9327594653428749,10.859295190339868,-10.330801058379054,1.5165947597040843,,0.1655319186223965,0.1304347826086956,0,3
-0.26318772721836442,0.93891746358973005,-0.22173456385475857,-0.96297773151087818,-0.2695767517462217,0.0015045039443741341,-0.058361878446418512,0.2139214142721203,0.9751059017665834,-1.8046502726281244,-14.438714093218536,-1.9032570027910642,,0.08732232818804472,0.2,0,4
0.56259492753741991,-0.7287102708613491,-0.39047187946169087,0.81557242481264969,0.56653962408394687,0.1177899580950568,0.13538303953738279,-0.38472613049284821,0.91304832135085823,-7.1302699791387232,-10.638403877231504,-3.5921948256837624,0.09115219009298434,0.1326488049017039,0.1538461538461539,1,4
0.44142498947260173,-0.82752838354789127,-0.34690164757713071,0.89070712432222643,0.45088433661010513,0.057828485033719151,0.10855780649379008,-0.33451470733329464,0.93611704034643928,13.05078458472507,-8.3146453993415026,2.0695742206916625,,0.07859788624895314,0.2352941176470588,0,3
0.65575075785860637,-0.65876799637450678,-0.36880302401225223,0.73770139995929607,0.66299676740224067,0.12740459533421084,0.16058514273107136,-0.35561216706813814,0.9207347058556794,19.063801757087194,-7.6901655269700582,3.834864759844713,,0.4706501323442215,0.3157894736842105,1,5
0.8842405011123754,0.41644994904744898,-0.21139578077840956,-0.39092072393157468,0.90763900269503228,0.15288043821097949,0.25553810634296736,-0.052544083635979712,0.96537008213508801,2.596769681294933,22.710998328470104,-3.0088800946272189,,0.2290811091126209,0.3888888888888889,0,2
-0.028475830761079957,0.98385150961081458,-0.17670691582105039,-0.99953842345986854,-0.026153614576434954,0.015457311278077012,0.010586174466086029,0.17706551183420441,0.98414213273747442,-14.657026603087225,3.8440557319622459,-6.5568866739140779,0.5199847851484466,0.7306631176076172,0.9747474747474747,1,5
-0.51692741357789018,-0.77557412283599314,-0.36231316437421046,0.84340172149324399,-0.53386445896198276,-0.060516738506484175,-0.14649090508938015,-0.33685830766720015,0.93008972431786652,-3.4994242190512366,-8.2525741310517962,-2.6479106810199178,,0.3511350038048835,0.504424778761062,0,2
0.61869272712612811,-0.71866565147495876,-0.31739406231262052,0.76897286806310072,0.63671153416162762,0.057263866865195218,0.16093488616220916,-0.27949616035934954,0.94656318265625428,-19.0232313491796,-3.889657789535494,-7.3585699122515962,0.7270793282998692,0.6117910774906814,0.8823529411764706,1,1
0.64547787280379976,-0.7082193559334502,-0.28597842506365823,0.74493586709181903,0.66641435420583772,0.031023578590734287,0.16860862860731982,-0.23306061955985771,0.9577337197621969,-6.2555783886231175,-4.3979184400334814,-3.720283155619649,,0.08231184013109846,0.4857142857142857,0,5
0.79006885977320884,-0.53911930893808324,-0.29179028007592228,0.57465358647964571,0.81708620245423758,0.04629679583936952,0.21345831528132542,-0.20425598764549285,0.95536120873113872,-22.802580392042437,26.595041698390769,-10.403984191419536,,0.3454153896806924,0.3157894736842105,0,1
0.20653023232630471,-0.92116288848484229,-0.32985481050532822,0.97606753958722159,0.2174320452547957,0.0039324115329765902,0.068098614518878761,-0.32277273517845317,0.94402348494411426,-2.0752006175685143,-10.810786603616556,-2.2120723552508177,,0.1229844420315385,0.4054054054054054,0,2
0.67753025291480873,-0.66660590318322854,-0.31078823373234132,0.71022835447774169,0.70277984712698371,0.040941067011168286,0.19112415043901526,-0.24846942732144356,0.94959702127034873,-22.868544289342285,11.872548318026899,-9.5721328600986713,0.1798626275151723,0.1455986569663863,0.5306122448979592,1,5
-0.82393417138886693,-0.40542117419108681,-0.3959370565320498,0.51205246142105221,-0.83194878174550102,-0.21369019936538938,-0.24276482028989466,-0.37880720171308607,0.89306794028221514,-4.5722398908468485,-22.566607258527089,-2.336119662718394,,0.4220213647478852,0.2631578947368421,0,5
0.77017996891119711,0.59820711201102872,-0.22129407273438717,-0.59467765722266175,0.79891516414652064,0.089961350017126782,0.2306107098296038,0.062312210971546766,0.97104886018970415,-22.321997507464644,23.307021327598804,-10.143609582882689,,0.1273211243909624,0.35,0,1
0.94186851448558961,-0.17651469792180058,-0.28587805588797299,0.20824386699540334,0.97442565322458485,0.084434224083863446,0.26366302979278738,-0.13905828905685116,0.95453894575605025,9.1576281143067035,-9.1443596413720734,1.0065438584717545,,0.08674532391760266,0.5384615384615384,1,5
0.90755304342864263,-0.31026993265640312,-0.28298417314895868,0.34399578110667833,0.93579225816072986,0.077199431003395741,0.24086173615627485,-0.16740794024129488,0.95601265974878835,-17.276803813982944,18.537782975156539,-8.4155384595253473,0.4502881838497462,0.249768194720602,0.8556701030927835,1,3
0.10820115096027881,-0.83061359411559621,-0.54623581739139315,0.9940795000367586,0.095883906093760546,0.05110992231329823,0.0099226275521873148,-0.54853198067439557,0.83607069536007905,-19.170397554600033,17.524197056022381,-8.9120954588399197,,0.2724795809003673,0.6,0,2
0.77696342638515847,-0.54511009058713444,-0.31493304558258167,0.59609813181826565,0.79790227136726777,0.089548772128533696,0.20247185311200164,-0.25730712094118302,0.94487998931628958,16.554019886081317,-1.0363490170683249,2.7686810092208227,,0.1286467890521588,0.2,0,4
0.6005449359456857,0.77138408209886,-0.21050505408300971,-0.78053392052348569,0.62268630079175447,0.055032442418233879,0.17352976350536536,0.13125688054642723,0.97604254645327437,-17.561915958675879,0.56063569932468249,-7.2325160041566541,0.3975979849250535,0.4437129231426274,0.8837209302325582,1,4
-0.19866537427033984,-0.91097553760014405,-0.36146319170858265,0.97463309261781816,-0.22242113374482395,0.024883207950253245,-0.10306504664654369,-0.34735055658195935,0.93205428329145623,-23.607018698189023,19.520808054577859,-10.290465521552646,,0.1547782293693241,0.1818181818181818,0,2
0.74614588237283808,-0.59709129537817829,-0.29453065579268489,0.63511940091588104,0.77105217012516003,0.045846455975725765,0.19972398153029156,-0.22127027800608698,0.95454166764620485,-3.0576151730299124,-13.182531257811346,-2.3396596517733785,,0.09746795391198307,0.3928571428571428,0,2
0.90143179278494079,-0.29565854791800567,-0.31623843219878073,0.35138236060984879,0.92637137436997685,0.13552311020681609,0.25288566509151228,-0.23328544701908674,0.93894980728488753,-21.152116549725996,14.646882386163089,-9.1974204607471517,0.190079631171988,0.1354098056122645,0.4090909090909091,1,4
-0.31726127942005916,0.94814239214914542,-0.019268751657617371,-0.94561826076454558,-0.31782380382344322,-0.069239689715022007,-0.071773152984818817,-0.0037461891160556382,0.99741394645238668,-29.306298863407235,30.663819318420302,-12.675231963257829,,0.4906953816434047,0.5185185185185185,0,1
-0.72126118577207476,0.68746945537605153,-0.084664336196628914,-0.66548639189322223,-0.72166865941166347,-0.19058386140466552,-0.19212018140632994,-0.081117778248220404,0.97801316041680708,-14.899552071104942,30.574272276536703,-8.2201373546962682,,0.6730675118451874,0.303030303030303,0,1
-0.96681023071989047,0.1413661498084815,-0.21282290634158568,-0.11520939225956819,-0.98470380712902772,-0.13071039805914467,-0.22804555183237915,-0.10185295240652117,0.96830842316667975,-15.542620126602941,10.449063928519458,-7.3787758113896134,,0.2096992600705365,0.1702127659574468,0,3
0.29355759429042372,0.94233726447743082,-0.16069977850517234,-0.95044558963857995,0.30571631518311537,0.056486421088874604,0.10235780366435444,0.13615437785121193,0.98538564299514697,-28.322676909529285,21.47697079717803,-11.781917067246592,,0.6284835968210035,0.3076923076923077,0,2
0.93701074906298976,-0.17668349993766783,-0.30132009058506359,0.23107519531329179,0.96044527602877228,0.15539989017029171,0.26194486108976989,-0.2152389662765338,0.9407747217824628,-20.654776695240585,-4.5410717410519323,-7.8419848443846112,,0.1057282762253251,0.2666666666666667,0,1
-0.72997681547653892,-0.50299977074856239,-0.46273651195213128,0.64702861477080664,-0.7267063463909702,-0.23076364051309778,-0.22019950166724314,-0.46785587176178639,0.85593402942254659,-14.012019452295375,14.736216022686619,-7.257038502894873,,0.5252932630958899,0.3697478991596639,0,1
0.5952677986726902,-0.73479837380888136,-0.32515780432152208,0.79028805569136196,0.60853819266014852,0.071596488080675827,0.14526195955905383,-0.29958741282260754,0.94294556851565958,5.1532562212443356,-8.4759734991452049,-0.20654418361265015,,0.09743951976217828,0.3548387096774194,0,3
0.92081628079059297,-0.20948849964208827,-0.32895584133540795,0.28518640379418064,0.93703832429050871,0.20156362246639764,0.2660189694775954,-0.27941679857972168,0.92258341658060194,-30.648455183114379,11.890082922504071,-11.793702475132131,0.1481527927255121,0.3320421907012919,0.4444444444444444,1,5
-0.60531115704857341,-0.69282072493044855,-0.39191561114526452,0.77442618798355856,-0.62640960272773594,-0.088741698066547997,-0.18401761469427819,-0.35722605268559127,0.91571123437735547,-9.1404216790974786,-1.9582512781106809,-4.6766238121927373,,0.2068320008450794,0.2485549132947977,0,4
0.48832248727427624,0.86043842795678516,-0.14555706824995215,-0.8553002762616444,0.50500889418988049,0.11587689250177757,0.17321254529917626,0.067909708321937268,0.9825404244440078,12.2573978266742,-7.1852563510729119,1.819188267647976,,0.6921103470756041,0.5606060606060606,0,4
0.31862468467910238,-0.89205738614125685,-0.32048702024258469,0.94523651463041025,0.32426157345452306,0.037180147796237802,0.07075479999615468,-0.31478254686628543,0.94652295612197312,-16.696757588375842,-2.9403096792123651,-6.8039751393756482,,0.1065312328993934,0.5084745762711864,0,2
-0.3975765334344577,-0.86458344800218756,-0.30729198086329595,0.90820251875919067,-0.41852351265552351,0.0025008546426059102,-0.13077111677163702,-0.27808906989511584,0.95161199247548811,-18.002114274193314,20.950660370008439,-8.7565231210569419,,0.2677372340227741,0.4375,0,1
-0.12897368450890509,-0.88441704701002843,-0.4485223245974046,0.98437316227261229,-0.16886947190553561,0.049925733402357397,-0.11989689779812979,-0.43507423322509881,0.89237612332579708,-19.222543456301569,-1.7564362724572276,-7.5164184109640866,,0.5869463986729522,0.3535353535353535,0,2
-0.96300101336783572,0.040510764377532135,-0.26643559488565166,0.011911083607850934,-0.98127348753047694,-0.19225105658243369,-0.26923442265024333,-0.18831149895671112,0.94448483578132048,-3.0582419428236061,13.831382684754097,-4.1347728245450028,,0.448938251738261,0.4117647058823529,0,2
-0.78063833756546774,-0.54550111284349889,-0.3050120027302648,0.57980806195936052,-0.81428448707737133,-0.027629429818077478,-0.23329465748266293,-0.19841701033844381,0.95194763133189253,0.15007998020416327,32.88043313815021,-4.1339500427301159,,0.4116509615631902,0.59375,0,1
0.72639856080213583,-0.59078274959978661,-0.35117071865390775,0.66851475100575541,0.7259370742398944,0.16156544163816258,0.15947776820704149,-0.35212370982275226,0.92226662870796927,3.2413747666817065,14.305031504406381,-2.2789637529034987,,0.2286173533544103,0.2571428571428571,0,5
0.51542714059235839,-0.75383323808925262,-0.40751725349076717,0.84700793113995565,0.52033258142367822,0.10877301731120366,0.1300477886270954,-0.40123491106936837,0.90669626601875841,-22.371699943230617,18.639373083077174,-9.8763772778612378,,0.1237631772233346,0.2272727272727273,0,1
0.08624543762561715,-0.94450484491337683,-0.31697369358343336,0.99625882713504543,0.083513952236761876,0.022220916661988343,0.0054839624605725074,-0.31770429288405028,0.94817398637527317,-5.1348996955946937,-6.4748817781643098,-3.2781722694754136,,0.06976936466470454,0.2236842105263158,0,2
0.10319159691258828,0.96915540522351362,-0.22380637804288941,-0.99387048252839727,0.10943731413715434,0.015650502650579119,0.0396605381380521,0.22081955257742161,0.9745079614421357,13.892217048015972,-6.8847198847912283,2.2004536130515402,,0.1297851586013204,0.2941176470588235,1,3
-0.70442950293360884,-0.64387000897078506,-0.29868124638930854,0.6779924968247486,-0.7349208977131052,-0.014746130133255094,-0.21001249878531653,-0.21289125311417847,0.95423899768424003,-4.3610315309163257,-7.5230237302763721,-3.0017538526483731,,0.08222114218915058,0.3623188405797101,0,5
-0.16377616787441179,-0.85303032151330516,-0.49549635459333041,0.98430256110094272,-0.17479068733002867,-0.02442711265827428,-0.065771080624362419,-0.49171890974580501,0.86826647911335375,-30.366554874178512,23.29706675654716,-12.48745310675061,,0.2464830827225633,0.2142857142857143,0,1
0.43249089545509517,-0.84928607040302873,-0.30276194603653445,0.89562525138085813,0.44337810485653795,0.035654806447334375,0.10395688739771904,-0.28658162319521513,0.95239904389356234,2.72936611270107,1.3800161307555303,-1.455580288172585,,0.07066396087561841,0.3061224489795918,0,5
-0.95092354328787365,0.15676440798871849,-0.26677581451245153,-0.15592310276519925,-0.98746599975805627,-0.024472134069081691,-0.26726840599836799,0.018325384300707678,0.96344786026298423,-7.7985547783735862,-4.8725954543247507,-4.0557620257882787,,0.0730719450610023,0.3043478260869565,0,5
-0.48291802340447415,-0.81707497243882099,-0.31492645504183409,0.86481714247797681,-0.50145891646043139,-0.025105082723558009,-0.13740994413557742,-0.28447749386626453,0.9487839916104337,-18.4831470107288,12.991181721042146,-8.3397143563958203,,0.1315687155226226,0.4788732394366197,1,4
0.39682160832638458,0.9042495731689606,-0.1576874141744212,-0.90856248705357423,0.41138330373269871,0.072649738671208886,0.13056346458441687,0.11443988305535846,0.9848130253413544,-17.416582322574119,-7.0328775077685011,-6.7207515688018447,,0.2334572932547189,0.21875,0,1
0.25162034117436316,-0.90144906428355953,-0.3522453525734493,0.96635699088499971,0.25405298383466751,0.040140348433863111,0.053304503327457328,-0.35049488713389054,0.93504650366600262,-0.14571282267558811,13.710404142031441,-3.2917639668508656,0.3168886962671612,0.3027771287414068,0.7019230769230769,1,5
0.21155669418132966,-0.87614457555727476,-0.43314483474771981,0.97733142762958403,0.19335293581183058,0.086243392677145453,0.0081881447584648947,-0.44157142676412869,0.8971887367499134,-4.4551668701417331,8.8442400873539153,-4.0660481045753532,,0.5210030148166938,0.3987538940809969,0,2
-0.9025371001382414,0.39900123271651011,-0.16194072731947445,-0.35074627889856369,-0.89934399056757053,-0.26106978850263118,-0.24980758738049941,-0.17882506233943612,0.95163951492486465,-24.326818467063134,14.737834557688503,-10.196102324330466,,0.6156228730410438,0.463768115942029,0,1
0.7551039577806935,-0.52602970777018954,-0.39129369977951761,0.61282198116051279,0.77840014339328989,0.13617061420075557,0.2329532836223567,-0.34261635003092916,0.91013559667834509,-10.518921837173357,12.232882079552629,-6.0925404980335331,,0.2088206981948159,0.4021739130434783,0,5
-0.87930055403180407,-0.36364720287958885,-0.3075569012674127,0.40042850750028325,-0.91408852626517689,-0.064024811842376073,-0.25785179088084187,-0.17945160347070543,0.94937325428481245,-8.9119330601545794,20.963115972437357,-6.150891167533258,0.5873942076762111,0.4277917217834604,0.4415584415584415,1,1
-0.79024049341679869,0.57609051961151636,-0.20890111483213203,-0.57439754434287227,-0.81512959108963656,-0.075041393796484862,-0.21351211585587457,0.060691539309646589,0.97505339004537228,-8.9672012628576656,18.362106487202606,-6.0218628180755376,,0.2656336488896012,0.2307692307692308,0,1
-0.96119870198408908,0.058703870544671528,-0.26953832916150794,-0.042952763168491767,-0.99702683347070953,-0.063973068361315735,-0.27249241354631226,-0.049913414253530825,0.96086239162393161,-18.698231374822825,-7.2124799524920498,-7.1012032228393034,,0.07397754233866846,0.1875,0,1
0.17958975745888639,0.97893447454253757,-0.097132968491569494,-0.98123307751992217,0.18530325953828,0.053332444021164542,0.070208023734044916,0.085732120915177804,0.99384145458254325,0.39401515292356276,6.5314197222271035,-2.4860402142107443,,0.2074668847109288,0.1428571428571428,0,1
0.8443252552457895,-0.43187094878625837,-0.31717873029033544,0.48395602666742316,0.86871712854020211,0.10543772964715097,0.23000310347126349,-0.24252429605159631,0.94248635969878358,-9.6173710958551553,0.44082865084010209,-4.9677272382027251,,0.07152606037558307,0.2150537634408602,0,3
0.15584873052534098,-0.8792218299432385,-0.45020011877486416,0.98749367001064037,0.14967133348388223,0.049545369330253504,0.02382068182387706,-0.45229135044174645,0.89155207892361843,-4.4106471760452495,-20.135729767829421,-2.3669850795113803,,0.3002234940963942,0.53125,0,4
0.92702105053348893,-0.24376484472308549,-0.28497486265443839,0.27422634445864347,0.95898483900073683,0.071749498754899332,0.2557965673589766,-0.14466091055934874,0.95584587517209296,-16.685147619781596,13.14893745157214,-7.9576295184766277,0.358095134936371,0.1531060151350652,0.6119402985074627,1,4
-0.9552148602077295,0.13659553405154159,-0.26249996364856926,-0.14030191377896115,-0.99009778018518479,-0.0046646181331784766,-0.2605377973121884,0.032373534708795532,0.96492072753266622,-3.8702585275247321,-9.3664181443092929,-2.8053338624349289,,0.07985858592686375,0.25,0,5
0.94994010281845287,0.16647183880829225,-0.26438783621992529,-0.1494421492352484,0.98524544709829642,0.083417342345747728,0.27437355027264898,-0.039730792288399153,0.96080207069662327,13.627308359467358,-4.6034039489262399,2.0619908309248163,,0.09818643411439816,0.3333333333333333,0,5
-0.90716528829279375,-0.26752178097028473,-0.32478182896082974,0.32596743264352285,-0.93489653393793304,-0.14040549735188837,-0.26607587747190642,-0.23323929243874819,0.9353090718528444,4.5965265565316118,1.833333660044639,-0.95667587711939395,,0.09660635815492488,0.3939393939393939,0,5
-0.38368270792726467,0.91419745227478422,-0.1305013329123304,-0.92308143236072149,-0.38374701395584371,0.025669018501917166,-0.026612945505517314,0.13031211583834806,0.99111578717991033,-19.317503744608587,19.774330644818004,-9.0519021017843322,,0.2714800978855002,0.3684210526315789,0,2
0.05934745686680884,-0.94647106843264805,-0.31728598453667006,0.99823686696528779,0.055945591213155198,0.01983048802063438,-0.0010182311958786092,-0.31790345616833471,0.94812254258690609,-7.0899667739827388,-6.9623139952019546,-3.7383518469725692,,0.09697376498403203,0.3098591549295774,1,5
0.1902961505561776,-0.85522823475048704,-0.48204983307648397,0.98105825887424958,0.18378013588617975,0.061233604730426494,0.036222476145694814,-0.48457148919351706,0.87400137533224265,-3.1655335875070816,9.027784465034804,-3.7636738878473057,,0.2357543471006671,0.1818181818181818,0,3
-0.19303665598306496,0.96910260980409324,-0.15354797659940062,-0.9804732244690666,-0.19650572241597594,-0.0075998129585510788,-0.037538054639331492,0.14908263724749987,0.98811196821272407,-15.992757771900848,-5.9089693938931234,-6.3926206376196442,,0.231942237854564,0.525,0,3
-0.5936032337666215,-0.71045174355444063,-0.37801259362918888,0.78342178701377763,-0.61759198439014895,-0.069501398900872507,-0.18408015779532008,-0.33739955675355382,0.92318797360481086,0.7660456382394123,11.479644326615388,-2.7714276530102695,0.6776254173927553,0.7344321822859143,0.4042553191489361,1,1
-0.68467332552831406,0.68414484992872904,-0.25133296963589108,-0.70049293844156513,-0.71292493897264253,-0.03236780166082185,-0.20132580684924667,0.15389560002433436,0.96735932506470912,6.4253663166017008,-6.1588395436394165,0.096700781671419711,,0.8808382676481006,0.9983361064891847,1,5
0.71075311771935734,0.68564867418802256,-0.15721291688795855,-0.66972341174447458,0.7279321029194652,0.14691972400118714,0.2151756431698392,0.00086551918019289503,0.97657498097329642,-12.008622775049687,15.913233545965566,-6.7491617311988685,,0.1653301534422898,0.2631578947368421,0,1
0.73056236159599386,-0.58156107002171764,-0.35786220484214243,0.64840133179132897,0.75516085040689451,0.096476955507348486,0.21413628545978736,-0.30252076267246664,0.92877706657817183,4.0932654311673318,7.1933840860014016,-1.4057169343044842,,0.121784220525416,0.5625,0,5
-0.91682225754019098,0.33470890370425466,-0.21773125145463704,-0.30587517794226787,-0.93922797059401908,-0.15585632734228042,-0.25666578189874129,-0.076293964603592807,0.96348425382430203,14.462847776417107,-3.2377234735144853,2.2359374530735421,,0.1713585267671055,0.3333333333333333,0,3
0.94195400298758858,-0.19068508750804539,-0.27633648629471314,0.21050920080533064,0.97661662182240228,0.04365604604748706,0.26155024877059496,-0.099293360212294138,0.96006890168664072,6.5526174529033865,6.4026545264324524,-0.65194694731575742,0.2791379120824463,0.2544691961904119,0.7,1,5
-0.9108039656957666,0.31325566348432132,-0.26889965668975013,-0.3259230459075938,-0.94539269364010436,0.0026120792918289523,-0.25339752212518635,0.090019687329539133,0.96316465449782307,2.8630137581347483,-9.7416657789986676,-0.8519921374053504,,0.1171413762192331,0.4444444444444444,1,5
0.19508909820171,-0.93102475166468956,-0.30843663133705035,0.98020942814162659,0.19585948895983207,0.028784328490675595,0.033611318705300749,-0.30794800270840755,0.95080929049036644,-4.6475391990455615,-8.6403660395125748,-3.0094816657216974,,0.07857415152978192,0.2142857142857143,0,5
0.50453123701450653,0.84127738674290442,-0.19416639624724577,-0.85060334839245699,0.52289043576366567,0.055313071605404628,0.14806138787730083,0.13725141435305718,0.97940792046926684,8.6691160953061974,-4.0401147554490393,0.58961143113727665,,0.4671240493292138,0.3055555555555556,1,4
0.88118864864464475,-0.37062068838314238,-0.29350787185735094,0.40654252305697008,0.91092318617910684,0.070300254820143487,0.24130839696599532,-0.18127121730630577,0.9533682412006349,5.7631210471169165,-11.640714265436875,0.13393143892164824,,0.08044704409334572,0.2222222222222222,0,5
-0.68317109424099998,-0.66577535245384645,-0.30003405816425627,0.7004771852821835,-0.71358157805604228,-0.011534485606153872,-0.20641940047559745,-0.21804703970475239,0.95385875242788964,7.2832073750327107,3.5664444804488076,-0.34066217891321621,,0.07917930593349981,0.2285714285714286,0,5
0.95039048715899788,-0.14016033005585163,-0.27769228256528333,0.15918834141309648,0.98612471124741674,0.047086365599239746,0.26723958141680632,-0.088955807825192565,0.95951543519546223,9.0634406971395993,4.9688188137242157,0.14955886177521086,,0.6386747599397223,0.9485981308411215,1,5
-0.29398583404771017,0.93941467967561387,-0.17627361966339986,-0.95300696223971371,-0.30220891181001874,-0.021154279596279833,-0.073144099569996804,0.16177092826762463,0.9841138691561695,9.0190357118850919,-10.898497236736164,1.0622040317041443,,0.3740117295610152,0.8211382113821138,0,7
-0.25886109198237139,0.96529126882342897,-0.034694399994064491,-0.96463565379327454,-0.26019927617049876,-0.042123533934955576,-0.04968893728502545,0.022563311228680848,0.99850984296494638,-7.1004821916017136,-9.6667895968338193,-3.6337273591615378,,0.4358511231186417,0.4705882352941176,0,3
0.92320843012382126,0.29482979762240646,-0.24649865107590072,-0.26935554069005108,0.95393025856426195,0.13215390457753604,0.2741054308981819,-0.055609821339842921,0.96009049600684571,13.300203362907528,-9.5689156659907795,2.2394714396115636,0.8136773370387311,0.7651695690268139,0.4761904761904762,1,5
-0.94279412936016405,0.19368931113501836,-0.27133683936401176,-0.20188599035127441,-0.97940622098698715,0.0023454619741827679,-0.26529469754198737,0.056990394313685272,0.96248159380430498,-8.9659848350524314,1.0854526500902881,-4.7771510581590437,0.1815360096209193,0.1137097750397068,0.733201581027668,1,5
0.54646816909281448,0.80114573772643338,-0.24400419482278562,-0.81629716629875981,0.57465174267627872,0.058602994221542644,0.18716697481383179,0.16715526184324739,0.96800188118471842,-11.526805378660413,9.4155897355644544,-6.1631648039137721,0.1414959252710104,0.1093918494558848,0.4876543209876543,1,4
0.53659991133386353,0.8258090504276745,-0.17349336410431901,-0.82693629910607469,0.55556098032173884,0.086766089947041089,0.16803836578959994,0.096909284259519959,0.98100545271016193,-9.0689573660363276,-7.8866986134804886,-4.2780832776038382,,0.07014524485034498,0.2857142857142857,0,4
-0.077578763713706395,-0.93976764842188765,-0.33289383052295984,0.99612691177726975,-0.08692356968413141,0.013246458637974764,-0.041384913359007257,-0.33057685946382304,0.94287126848435898,15.474861496918788,-4.0601979805967421,2.6274998937265566,,0.08074885383157923,0.2592592592592592,0,2
0.61740052684058133,-0.69003214453289818,-0.3777197757177958,0.76928005175798209,0.62995668104796065,0.10659635064238335,0.16439218784421825,-0.35638493166009033,0.91976355062669446,-29.485156602440835,23.480041473454573,-12.270530668164032,,0.3687394373805975,0.8157894736842105,0,4
0.95103391714542695,0.14427582254453886,-0.27334771897369448,-0.13491664363029654,0.98944716973363545,0.05283746376987937,0.27808629543823388,-0.013371063353169574,0.96046302737494527,-8.6443721583533968,14.732930562896433,-5.7580041327208464,,0.09335096432228375,0.375,0,2
-0.90017732057535726,0.39269281525843353,-0.18834315587824338,-0.37677905121948996,-0.91907826214885391,-0.11546728804117042,-0.21844527480335033,-0.032977278387514672,0.97529183377399453,-16.01211856191787,-7.7121565995298118,-6.2761645472283556,,0.6538687024036771,0.7452830188679245,0,3
0.47273843326690379,0.87629601148898817,-0.092863738675790189,-0.86745453722911769,0.48131423918468152,0.12593343082235611,0.15505160287133804,0.021021498675486725,0.98768269046311952,-10.723137845334115,-7.3266625529651632,-4.7676578940597079,,0.233613511247216,0.3333333333333333,0,5
0.95889359812264952,0.14285840508974104,-0.24518267388747936,-0.073407504180926633,0.95950120439516462,0.27197201527759285,0.27410655922346305,-0.2427939761597134,0.930546441254401,-16.014652901455221,2.3485239368935154,-6.9073663918542261,,0.1783482313938232,0.1739130434782609,0,1
0.95335805807658014,-0.081439209874575827,-0.29064767020476256,0.13807934995237969,0.97392270817231985,0.18002403068207706,0.26840735127261311,-0.21175980166523098,0.93974213493996406,2.7352629794691512,-10.909555835173643,-0.82695854433460314,,0.7787953842748816,0.1153846153846154,0,1
-0.89704269802476455,0.36808058737909272,-0.24460392293483946,-0.37161270881238606,-0.9277899028599067,-0.033315023642866093,-0.2392036633698815,0.06101292769459641,0.96905058179878401,-23.244184382065949,18.503828516777325,-10.096557405413522,,0.1361144420498553,0.4117647058823529,0,2
-0.88315709924248709,0.44942782279114507,-0.13434347828907325,-0.40103743069842601,-0.87198432010526128,-0.28073532850243399,-0.24331567404587948,-0.19405663501095674,0.95033652206564356,-30.654701073540981,21.724032738897172,-12.455915461476605,,0.4397519463387348,0.1333333333333333,0,1
0.86091082883996695,0.44887480971119692,-0.2394659683395953,-0.44600148630221759,0.89234848687998591,0.069259311137307683,0.24477585461457588,0.047176086842154595,0.96843130774875708,-12.446804027274187,-17.877838424647987,-4.8044909723779226,,0.606962413799774,0.8557692307692307,1,5
-0.60907739077535528,-0.66908548650468036,-0.42585131653557323,0.77100459217599226,-0.62539626262170656,-0.12013090169616356,-0.18594797898825732,-0.40150233678970909,0.89678270649170433,10.094867258658104,-6.909387432473844,1.1394183742179909,,0.4539267798151637,0.2,0,3
0.71018563534825696,0.66088028433363466,-0.24263885328629176,-0.66723310163000793,0.74178625049849001,0.06747700838500735,0.2245803896919584,0.11397547258285484,0.96776714152492438,7.414102657204146,-9.0160554555409469,0.45944422954327996,,0.2172579639992434,0.2448979591836735,0,6
0.27304531716180375,0.93738185370814875,-0.21624411001154337,-0.95735307223539323,0.2868423993132127,0.03459093866451627,0.094452897559910626,0.19757706925378221,0.97572637140113361,-1.9507516282177237,-8.4196504510562828,-2.2983404022890124,,0.08205221307618557,0.5,0,5
0.32243831016002156,0.91779377496091119,-0.23170697612318714,-0.94107447687251233,0.33719445994266956,0.026052354271715185,0.10204099725246359,0.20965324425577805,0.97243670850742292,-10.304459041165018,-17.996332679780483,-4.1670239519326397,,0.1203359568407828,0.5,0,2
-0.41429070274490859,-0.83658650319584005,-0.35844976815403939,0.89887582959539425,-0.43787554986245197,-0.016948327405511061,-0.14277764736932391,-0.32922336718891937,0.93339515635580028,2.3340527478004813,4.6936859693782544,-1.8007222438963968,0.3331085714597473,0.1984001107782166,0.1428571428571428,1,5
0.78918578912421034,-0.53488018715916319,-0.30180950221783193,0.57627483409481894,0.81484168423526293,0.06277216916458829,0.2123513735142431,-0.2234641246760152,0.9512994687002595,-1.9978681758104251,11.582892887643032,-3.632248451915228,,0.09842088682590373,0.35,0,5
0.77937715596062174,-0.53790915649224902,-0.32128645805344846,0.59027421708750716,0.8023247831986281,0.088607510443553777,0.21011329660081804,-0.25870578197456562,0.94282751389873309,-7.4429076232723173,15.863848178070029,-5.4580557002506547,,0.8737108785235146,0.7063492063492064,0,1
0.56476353393805234,-0.74229085492171698,-0.36061951893011729,0.81245876831963171,0.57676032404935917,0.085195530299570069,0.14475116757508164,-0.34110381894969288,0.92881391256999701,-22.463311708137564,-5.3888850727331876,-8.1884863462648134,,0.4125091067438678,0.2222222222222222,0,1
0.76638384818706273,-0.57353860750575558,-0.28932553108626297,0.60953228206445265,0.79144507978312195,0.045662706976125775,0.20279594265983117,-0.21134841231352122,0.95614102215795771,-8.7651906589208757,-9.3009414121467557,-4.1544832391626585,0.1884287029740114,0.1350788577792899,0.4354838709677419,1,5
-0.51880595445335209,0.81621785704132754,-0.25422193349632599,-0.84473768821047224,-0.53514991858331806,0.0057273691251206547,-0.13137206605886195,0.2177222415995477,0.96712894991944842,-14.589741162591565,-16.472699048765072,-5.4416831079883821,0.2528002212393025,0.3032869160380229,0.6981132075471698,1,3
0.64089298212699375,0.75213221402142916,-0.15347090307804959,-0.74603092979550434,0.65737754969861428,0.10626668782219902,0.18081492540391647,0.046388466060745731,0.98242255316523908,5.3945144433578687,-3.3890794638897352,-0.44361516642250565,,0.1381111940910531,0.2222222222222222,1,5
0.59365326152033204,-0.73894260892125574,-0.31865282959189289,0.80038996090686299,0.58322117025167319,0.13866858710529154,0.083376948647582327,-0.33736758482538926,0.93767339577451048,-14.894941841040579,-9.0129994780510376,-5.8457358605720522,,0.3767520828839853,0.3636363636363636,0,2
-0.57076048925491463,-0.76350114563360905,-0.30215635773827243,0.80127594880066355,-0.59829228831706605,-0.0017865088653765365,-0.17941381713538138,-0.24313029090694749,0.95325670407525398,-22.320041885354609,11.302655592361578,-9.3395055499828583,,0.1609693809265787,0.6341463414634146,1,4
0.13567898105841172,-0.90815996814280142,-0.39602611828238943,0.9905638339582159,0.13215222261576384,0.036319153510415286,0.019352130449918886,-0.39721689581459085,0.91752069880001608,-11.631383597486243,-4.6032289693494537,-5.1813679301514091,,0.07736488480774398,0.1891891891891892,0,2
