axis_00,axis_01,axis_02,axis_10,axis_11,axis_12,axis_20,axis_21,axis_22,location_x,location_y,location_z,dbh,dbh_approximation,score,reconstructed,number_clusters
0.037789793872549396,0.99780244670939822,0.054426177707131811,-0.98946811728584683,0.029747077686266461,0.14166141409688143,0.13973108585376101,-0.059206323225355656,0.98841784430283508,-19.595130998051904,-9.9500565646724812,-0.25018575844156471,,0.2144286768383026,0.2941176470588235,0,1
-0.52527548462112672,0.84347990419893903,0.11237133294834915,-0.84787580940399854,-0.52998766110661166,0.014821973628939325,0.072057456821304849,-0.087491315496405125,0.99355573201967606,-17.457197748858192,0.82149931812897381,-1.6689393097243022,,0.1175449336088764,0.3125,0,1
-0.52226464075684842,-0.81680727128567487,-0.24508269337097133,0.83736319504383749,-0.5455922012795219,0.0339415599073047,-0.16143891910284716,-0.18749675057935028,0.96890786141979957,-15.667157427120712,3.336906567467012,-1.9600390224956994,,0.4083635366985719,0.4027777777777778,0,3
0.87474654616270653,-0.47341302285172548,-0.10343398750317671,0.48455520679869762,0.85673259933896517,0.17667910118112623,0.0049730816087077898,-0.2046689107419373,0.97881862744587278,4.2354322253278367,-6.3976694092333872,0.10312809209243791,,0.1148912831602833,0.3636363636363636,1,2
0.86367600854443016,-0.49699823905514967,-0.084002991856494,0.49959824641442335,0.82198630633322234,0.2733863646568695,-0.0668232328190939,-0.27808499164238659,0.95822930083506608,5.5626470125101672,4.9588449089776869,-1.6530943200972901,0.4959355685112323,0.1914243112609438,0.4863013698630137,1,5
-0.64945728650776124,0.75999513625952386,-0.024751280044545899,-0.758843483809579,-0.64570570600644395,0.084974751017351233,0.048598354722324273,0.073969818795151271,0.99607563258303633,-3.8374455662940381,6.6144491256578473,-2.0498216338757209,,0.0681714395387898,0.2909090909090909,1,5
-0.57179398045163421,0.81918514855050006,0.044579550396704172,-0.81792925496679747,-0.57344332028939093,0.046416508754313468,0.063587560015592112,-0.0099222381434340562,0.99792693690544798,6.5373070542927323,17.038404576069631,-2.1279198809123638,,0.08118338294606274,0.3333333333333333,0,5
-0.53085236540011338,-0.80541746355126043,-0.26362563524012039,0.82791826742508046,-0.55930294501764366,0.041611995367223188,-0.18096162193392232,-0.19617065300712794,0.96372712231512936,-3.7251645742758672,18.331089161846151,-2.9576229814750716,,0.4416006746327816,0.2,0,3
-0.87389641643953442,-0.46890400848374658,-0.12819549197227359,0.46553216847617646,-0.88319395258420186,0.056993352529590459,-0.13994589471652094,-0.0098728388302386765,0.990109930061013,4.3393080220472715,13.429633230554222,-2.006743192165847,,0.1234415289398711,0.2368421052631579,0,5
-0.96083264431050275,0.27150002715984467,-0.055573058935874858,-0.27430757800337041,-0.96027437583611774,0.051268662577431942,-0.039445941200729334,0.064504715833475251,0.99713748267630142,1.4084976785362082,9.45970354269053,-2.0814648312966266,0.1633410357291057,0.1033349877493348,0.3185185185185185,1,5
-0.35696943494565087,-0.91343809607185034,-0.19545758404118022,0.92262314236151666,-0.37749478334753594,0.079146861746731967,-0.14607997704525502,-0.15208067987101154,0.97751322605703306,23.946543580433996,17.065957080117734,-0.53698643905394183,,0.3456561215341758,0.3103448275862069,0,5
0.13117128774854789,0.98911950290373352,0.066608574867349057,-0.98419367144409442,0.12186482035870455,0.12849818149816156,0.11898281539693645,-0.082411009788815659,0.98947032047747996,16.042658354887134,4.7349174884649763,-0.43471999252726595,,0.6934554797829657,0.6601941747572816,0,4
-0.45836154854362365,-0.87559320788207939,-0.15245073016374588,0.86816535147830454,-0.47781858438749186,0.13408326855533986,-0.19024619131336515,-0.070893827126916539,0.9791733513357358,18.464670708892751,12.107546505479238,-1.0023808364261242,0.4965707580751518,0.1783387842200029,0.52,1,4
-0.47721903442095143,0.86527698176459433,0.15348530227577906,-0.87514202867078916,-0.48382178473961451,0.0065505927478307132,0.079927609999978735,-0.13119537125877001,0.98812921812886589,9.2844294075597684,-6.3052544313162615,0.57129926973298462,,0.517188832056063,0.3253012048192771,0,1
-0.59611185043691051,0.80093641476141653,0.056138411785601097,-0.80116620903808233,-0.59796213161443479,0.023958185462753499,0.052757627545493839,-0.03069444028237624,0.99813550386283811,5.346114078605523,9.128030207821622,-1.9014228813655893,0.3906700843826725,0.2545803846757523,0.384,1,5
0.44270449188024796,-0.88240670264056975,-0.1592832194678647,0.89290689864615014,0.4175840945747602,0.16834724324529377,-0.08203659682826854,-0.21675316628177363,0.97277338660536006,-25.952877144889175,8.6538845964338762,-2.881753969432566,,0.1313771050245373,0.3125,0,3
0.84178576282952167,-0.52180174797874845,-0.13827387787952586,0.53940007530731537,0.82308231769635365,0.17771622619800367,0.021078146407637732,-0.22418392917852126,0.97431887882874235,-22.932655956098809,5.519603074823852,-2.2733410155598173,0.4654310437281797,0.382322345099981,0.6486486486486487,1,3
-0.094957851844327298,-0.96949509982935622,-0.22596959481305773,0.98583179208301575,-0.12311181910510524,0.11392610638050046,-0.13827032975841225,-0.21194983227994907,0.96744952555934516,4.2435985402672074,-22.829764256685966,2.8519228106891399,,0.3131893902923216,0.4333333333333333,0,5
-0.36034464669496813,0.93158394021275381,0.047990602579663838,-0.9269504310442519,-0.36336525848447782,0.093426908936260003,0.10447312565992463,-0.010819023254853139,0.99446886062392992,1.0091453069235816,4.5371014348752148,-1.8136466952358572,0.2127551181516543,0.2290218335221577,0.5030425963488844,1,5
0.74430294708804545,0.66778421407380661,-0.0087958166123290153,-0.65000789066928022,0.72738738758261412,0.2199939327650014,0.15330644155978018,-0.15802478229558625,0.97546158466477284,8.6361541852448109,11.346627834711324,-1.8958060566089612,,0.1870939944612463,0.5172413793103449,0,1
-0.67326516465420494,0.73824837262106069,-0.041271762568394182,-0.73776686629573307,-0.66702067306626789,0.10384350099258405,0.04913317676804721,0.10036315073062688,0.99373697169628439,6.6710874886070366,-4.1821729016675722,0.0072526230342924471,,0.06930988809357184,0.1666666666666667,0,3
0.90450549291812077,-0.40312730785173695,-0.139133701687116,0.42562354623819504,0.87378057517236851,0.235270277211271,0.026728452416317477,-0.27202183757128101,0.96191980420187506,-14.445818714111304,11.412423986245818,-2.5440901571419143,,0.2335081475072499,0.2916666666666667,0,3
0.65390831297946284,-0.74882665089295442,-0.10799335687344067,0.75501570190572898,0.63672348459089145,0.15663490685741843,-0.048530486213845682,-0.18396154783778651,0.98173465907289548,5.1094000421669286,2.1372368828947623,-1.2437509775991158,0.2497206505888933,0.1856426455135783,0.7942386831275721,1,5
-0.9102886333945337,-0.40347786410150127,-0.092629461257222837,0.39237979997996364,-0.91225238133953412,0.11761668805077304,-0.13195717669151813,0.07071920474976845,0.98872953713296374,-2.0301792292203924,4.9023834538984614,-1.9241776792804108,0.3830539785683774,0.2527027841934142,0.8491379310344828,1,1
0.61064237802321153,0.79186066654841147,0.008518857650145463,-0.77461641914246993,0.59503974022578343,0.21423610981095031,0.16457608987047476,-0.13742049456154076,0.97674475597128629,7.2309387551927715,9.3052360113212629,-1.7967280390673468,0.6414945134668648,0.6370609801250143,0.7103321033210332,1,5
-0.97146358705090274,0.23303867357470712,-0.044175509648843959,-0.23113501900623259,-0.97191510416416116,-0.044245149864780328,-0.053245676098463604,-0.032772044734948748,0.9980435316461449,5.2098749209267003,16.061022424306646,-2.1088796726103021,,0.1197109070207074,0.3023255813953488,0,5
-0.16490117801372417,0.97764584396021803,0.13044617770175959,-0.96037347033183917,-0.18928502185712953,0.20458244788672783,0.22470068752112399,-0.091541161713509941,0.97011845500416904,21.706240922460754,-5.6104995348761646,2.193139020923828,,0.5103361326152829,0.4363636363636363,0,2
0.94680507634174682,-0.29891375840259282,-0.11920869285055172,0.31934319331726357,0.91846968320249711,0.23330959242997037,0.039750123212810407,-0.25896719111799182,0.96506783265686868,30.248989659112915,-1.9806694096004551,2.6301478577633577,,0.1463651013402459,0.36,0,2
0.10606681957246265,0.97382701003240313,0.20102433762391433,-0.98376224962234016,0.073333950525254515,0.16381076862756178,0.14478144219400405,-0.21513504184978879,0.96579254903137213,-15.769817394081942,-7.1468748833831652,-0.54634919070334953,,0.3307658693766344,0.4411764705882353,0,1
0.28938377301290502,-0.93757817024029944,-0.19288392002877947,0.94998339965792866,0.25658745787113624,0.17802925837511291,-0.11742475161217179,-0.23475530058356742,0.96493594427647889,-2.8218950398967437,-20.899926793554467,1.9991374266334745,,0.1335953640586371,0.2631578947368421,0,3
0.98696703370399774,0.14021946753442727,-0.078959326908820709,-0.12470217731544447,0.97655483451730762,0.17547085841717824,0.10171254275810697,-0.16333755264860469,0.98131310117640103,4.8493850926105582,-4.7674114794797227,-0.094068504713589116,,0.2546750294337221,0.7228915662650602,0,4
-0.89771695093977566,0.44055203863521397,-0.0042634785975055201,-0.44048310683091096,-0.89768754798821371,-0.011476009040537806,-0.0088830508263000006,-0.0084242175462925211,0.9999250591753126,-8.9940429628521859,9.6528080560657479,-2.413564221559831,,0.4670026504300698,0.967741935483871,0,4
-0.85541887212395906,0.51481086801720599,-0.056818336701668096,-0.51793400182729654,-0.85061356061113413,0.090559042925647856,-0.0017096681944479874,0.10689406286514862,0.99426894568765778,-0.57219532235323323,13.967394886732695,-2.3127283023643512,0.0772690341375315,0.1138661744811847,0.4186046511627907,1,5
0.8138577519402449,0.57889227917660646,-0.050192516538674792,-0.55823355810269037,0.80293348809607878,0.20898111948660397,0.16127880894519719,-0.14206175700581067,0.97663074034234709,-13.908970031163289,9.8516485502095001,-2.3882945683244703,,0.1155020244290552,0.125,1,5
-0.6290392510618279,0.77718706563898543,-0.017026027928922501,-0.77509126666786732,-0.6253649599991945,0.090289507366056704,0.059524356013099466,0.069992369646036778,0.99577001322220848,-14.870648435219159,1.5161614660257507,-1.7213701008369502,0.208194645089502,0.1579938174266889,0.3768115942028986,1,3
0.93814512742275724,-0.32525758353452139,-0.11870646252931114,0.34429582297868006,0.91263470102685806,0.22035945353229228,0.036662053575492758,-0.2475992868222785,0.9681686252883468,-11.871077485564726,26.333481757495317,-4.1353791082903539,,0.3909494829386053,0.8157894736842105,0,4
0.95023652275246018,0.30165905496584494,-0.077796949711592872,-0.28713955391573204,0.9449562239998579,0.15687132083655647,0.12083636623297309,-0.12672627699512351,0.98455016292445341,-10.947814304856628,-7.3139944015814091,-0.46240670647485299,0.2997568075639141,0.2965271661869338,0.8188976377952756,1,3
-0.98580395421541078,-0.13810644140689285,-0.095483897570140294,0.14455931881673664,-0.98740430027504111,-0.064306695931277566,-0.085400042134074206,-0.07719688232228808,0.99335163671442039,-18.619181309556343,8.9938583754756039,-2.5290471191386268,,0.1929080329290703,0.1111111111111111,0,4
0.81940285505140842,0.57273691504094826,-0.023481637144333999,-0.55202306507733412,0.79947909165983844,0.23686223342142307,0.15443282279433293,-0.18112318500991825,0.97125943758381972,4.4562605508923427,23.390804746643887,-2.9392287095630838,0.473514976505329,0.4035927371348652,0.8625,1,5
0.65484426778373317,-0.74147794346675155,-0.14625130530392363,0.75299781090316198,0.62357346439325623,0.2101200401666542,-0.064600942143518608,-0.24772281658520609,0.96667477696341131,18.123309064675592,-0.0078727890677051451,0.56215678466308283,,0.3020546052122166,0.2631578947368421,0,4
0.5595241828536609,-0.76016567576254257,-0.33027387755379617,0.82502461618230516,0.47277198667738396,0.30954972347970072,-0.079164837492303616,-0.44568463514641882,0.89168275440271993,16.832563112593864,2.3755208167510631,0.09426256764739982,,0.4235968333868149,0.1764705882352941,0,2
0.95219457838443022,0.29759934297343066,-0.068993593594473226,-0.27949669904222468,0.93982640894606395,0.19648897239296942,0.12331699039385019,-0.16781225256019749,0.97807564521915968,16.246934793609697,-2.1990070975371014,0.61749304424407192,,0.4569582187302274,0.806930693069307,1,3
-0.67953157064536174,-0.72557764023286886,-0.10850775313474305,0.71654034517073883,-0.68814028933260074,0.11416162200951463,-0.15750167693979283,-0.00017375657332255911,0.98751870441516587,4.106158116744683,16.687114263791152,-2.2949935527352081,0.4035327742568782,0.4269034988247158,0.8870967741935484,1,5
0.25758547249700114,0.96614696862764882,-0.014483071846176193,-0.95589937184873985,0.25698471092627562,0.14218034058660461,0.14108903308790882,-0.02277923092958516,0.98973480861318397,-11.302066336097255,23.082318080823825,-3.7435716890502011,0.5273496602618819,0.5085892342768188,0.5,1,4
0.86889803913671981,0.49290278639968549,-0.045420708314487995,-0.47484081010524082,0.8559248268812758,0.20474104568175039,0.13979414380782315,-0.15633148719206916,0.97776176212273425,26.590301959201408,-2.5243044833617909,2.3088239706864946,,0.3324419008630856,0.5652173913043478,0,1
-0.83026164480396447,-0.52343992983672605,-0.19151042013409769,0.54345148314899117,-0.83655363017317508,-0.069559394097732818,-0.123798572813167,-0.16182911881551273,0.97902259916348089,10.184510989989644,1.9892774128999218,-0.85554093202246873,,0.3189974936200781,0.528169014084507,0,4
-0.86800598562410802,-0.46047043815403466,-0.18582945005287338,0.46927951598016449,-0.88304110564504834,-0.0038912237912921781,-0.16230324951196889,-0.090583559917917042,0.98257430959213155,18.844401687365405,8.4338285920119258,-0.87685588268253367,,0.2792536477839997,0.1666666666666667,0,4
0.29742716628062793,-0.92961709310510421,-0.21759857758057921,0.95035485965529631,0.26643774970211687,0.1607375695449994,-0.091447916804250934,-0.25460358548238804,0.96271194693515405,11.661537700367457,-7.1324774177550614,0.94135076069095602,,0.1954726482208784,0.1081081081081081,0,2
-0.61350532387202783,0.78496773936826603,0.086237264171311542,-0.78766294548559768,-0.61609095333508945,0.0043613676310620955,0.056553531186222084,-0.065250175246775191,0.99626508156244997,19.074402496775729,4.4315663470135496,0.11451382081274822,0.3653251883615783,0.2699451134039646,0.2325581395348837,1,4
-0.34888897959576154,0.93704425609027142,-0.014984727053150565,-0.93194967193349865,-0.34521903523998826,0.1108766282451565,0.098723294615157123,0.052648645150667979,0.99372120399241115,-4.3216323939480743,-25.739389011902233,2.7704116850668457,0.6029616067436423,0.4425082245909732,0.46875,1,5
0.48267501348820052,0.86821597016741459,0.11500374124532277,-0.86145622080531159,0.44699113494692072,0.24102303814095047,0.1578543980698543,-0.215406486497318,0.96368150059284907,-1.4147927572337382,11.197624215326455,-2.0748848654261098,,0.3389060774187487,0.4,0,5
0.20150288758973159,0.97948791979513039,-3.5614721723522737e-05,-0.96836868972213763,0.19922087263064586,0.15024355118977409,0.14716883861344532,-0.030240021225064941,0.98864901459389409,17.970213920221227,23.102621522223988,-1.7531874476337739,,0.2460442167035808,0.3333333333333333,0,3
0.95734090919793202,-0.26400970156872239,-0.11746174293645928,0.28286387199173962,0.93928412299406805,0.19425078175674171,0.059045859278338428,-0.21918990343731354,0.97389392273143593,1.399169695071921,-1.9208255368899148,-1.0294875279225209,0.1923847978646782,0.2145847474056851,0.2636761487964989,1,5
-0.20040587761313344,0.96183139389057926,0.18632727643749294,-0.97127092502427026,-0.21996593215047111,0.090817283022950474,0.12833656696595147,-0.16277394883604218,0.97828133333909328,10.977581108139926,4.1978923890056876,-1.1690367876331567,,0.5540082744293446,0.3981481481481481,0,3
0.64943526675633756,-0.74546725297014715,-0.15004135777267386,0.75882631473507223,0.6225803019996714,0.19124955327421522,-0.049157485276545038,-0.23805953522415496,0.97000577283341261,-18.157821682773392,-10.754874685877425,-0.16785186991273368,,0.419008129727005,0.5961538461538461,0,1
-0.94571112794464762,-0.30908619481748273,-0.10047978231918886,0.3019046538116878,-0.94992793219527571,0.080563662044697462,-0.12034966758785572,0.045854637807493742,0.99167197686686537,27.243432328719702,-6.234507585559002,2.9567147143237982,0.550971505143559,0.5043516709701275,0.7532467532467533,1,5
0.50095071331323493,0.86245711784738122,0.072222591377983439,-0.84681466648507564,0.47120437305733082,0.2467212180527226,0.17875486974270779,-0.1847543198034565,0.96639150340699487,-17.899554517270492,7.2989325731931114,-2.3626267379073131,,0.1382235963076715,0.1764705882352941,0,4
-0.54142537832248261,0.84070617064309106,-0.0084672516784881323,-0.8379186475337661,-0.53874979174603033,0.087412825196267585,0.068926771457401309,0.054422390026893024,0.99613618729580378,-1.54114796373756,-15.86721975215559,1.3457746281719374,,0.1056672722330231,0.2608695652173913,0,5
0.088474317629677057,0.99448583102690702,-0.056304768951532663,-0.98530129124012134,0.09566979790588287,0.14152263157953698,0.1461289177422212,0.042956043292766082,0.98833249351830899,-3.9221467062313988,-1.73372325081553,-1.294220432767843,0.4518138217409587,0.5204674401799072,0.9354838709677419,1,4
-0.80914573194129402,0.58743421274054064,-0.014290912605199433,-0.5873180611526676,-0.80774330122247207,0.051071071793083414,0.018457505927379974,0.049717250850428822,0.99859276756985227,12.425489730852801,10.391535111415898,-1.624779623586617,,0.08420717865941796,0.1842105263157895,0,4
-0.99573544029529293,-0.033447458019630165,-0.085977906999206169,0.027152857010884671,-0.99693534936204331,0.073366419760859614,-0.088168334996672801,0.070718998468624242,0.99359205308794096,3.5957710094901714,-11.550250844236176,0.91260296211246328,,0.1032684271300081,0.2105263157894737,0,5
0.82093797357035769,-0.5628465777467746,-0.096252654347500771,0.57096415215668439,0.80681416797717154,0.15182501540689364,-0.0077961851051482935,-0.17959573566777476,0.98370960716451183,0.36157755588111995,7.9356291684884361,-2.1108393249598603,0.1530686097478986,0.1219556449404023,0.5025125628140703,1,5
-0.35097618917798007,0.93480129343047835,0.054426615096003349,-0.93244131015829068,-0.35423586597637319,0.07120501644027602,0.085842400597804,-0.025758358967034892,0.99597569709452882,5.203047062735668,-8.9417275078642771,0.62859340360350158,,0.2766550460418329,0.2,0,4
-0.96145148685042292,0.26771685482769192,-0.062759254889448779,-0.27057163217258695,-0.96176601190663025,0.042392572517797995,-0.04901051210273713,0.057739275908024836,0.9971279485206721,-10.753965544474211,8.588940908280863,-2.4318293496036008,0.8554399904817714,0.5803830935061127,0.3684210526315789,1,5
-0.39924418944897389,-0.90778966665676686,-0.12853792554117255,0.90220819821232223,-0.41394115534605941,0.12113251829812079,-0.16316998581144457,-0.067606516120604657,0.98427888055587565,0.090954670337128271,-11.168126233596396,0.53788044242810462,,0.09792555900071268,0.4133333333333333,0,5
-0.97471254689843179,0.22318582127157796,-0.011114859517980698,-0.21793107966470104,-0.96040725077117006,-0.17356254544786034,-0.04941149092013792,-0.1667513173845839,0.98476012445445604,2.7277085213221852,6.0157133313282403,-1.9099562735314406,,0.2353626895440846,0.2528735632183908,0,4
0.45286592929531283,0.87438042200430155,0.17427371488285684,-0.87954204884836051,0.40612424172717937,0.24792919269249153,0.14600765182386763,-0.26555974449660502,0.95297417998169176,13.865213681044031,5.5856397692539348,-1.1015616054135637,,0.4402570376064328,0.4036697247706422,0,2
0.45200688433825298,0.89186162894894305,-0.016510945441246174,-0.87983553807800552,0.44880735056169252,0.15640136833410695,0.1468986128110546,-0.056167578640463775,0.98755556839291647,20.668428152644619,10.546226439614033,-0.50928241332248547,,0.5070067984586608,0.6176470588235294,0,4
-0.59053313056075996,0.80478290816026243,-0.05995908974640575,-0.80457119891238982,-0.58134304831097505,0.12126601362781277,0.06273601510126639,0.11985295538121742,0.99080747953151849,0.010940766313569002,9.7664305867386396,-2.069088043901544,,0.0733178802453507,0.2105263157894737,0,5
0.65076345948427294,0.7580200501052039,0.043732407189229439,-0.74203504718770075,0.62272095143897199,0.24819872156013795,0.16090652113946985,-0.19396963751434096,0.9677214843008024,-17.393055377374797,3.2901865384409219,-2.0055360908518698,,0.09766459193372269,0.25,0,2
0.5682056957000986,0.81608654170945127,0.10557008958353274,-0.80719457666667671,0.52782972373490378,0.26425877117295343,0.15993499546337964,-0.23536894268922409,0.95865648594451491,28.92970165349827,9.2184893668409806,1.0535023872877516,,0.3469871909310357,0.3571428571428572,0,1
0.25293513207096674,0.96017302219121992,0.11870798802280066,-0.95675100143713199,0.2300143971831809,0.17810361685688059,0.14370574175476541,-0.15862264827141367,0.97682522246411929,20.63105095191375,-6.6262478566748921,2.1515606812384593,,0.237717159507035,0.1428571428571428,0,5
0.11839654891863358,0.99284002205773658,0.0158413321583489,-0.98324070324401847,0.11499457992858683,0.14147072513865008,0.13863613053012278,-0.032325488201129821,0.98981568290474875,12.310862129421752,0.88424982949491182,-0.2728263065260752,0.1893971474064945,0.1199985094844951,0.2307692307692308,1,5
-0.25165986828312875,0.96767095870429054,-0.016739963441959545,-0.96035502601987255,-0.24753896762662639,0.12822902754335397,0.11993971274806606,0.048346408208508877,0.99160329271299252,-6.9449810511977077,-9.399652345189585,-0.034174298143656301,0.4992324655807615,0.4388705153141691,0.8837920489296636,1,5
0.48038757742912563,0.85946293564646181,0.17478912352243561,-0.8627958797419617,0.42730539069754364,0.27017285759512083,0.15751522260426062,-0.28059502014609061,0.94681328112629748,10.465460348385214,15.042086918379454,-1.8955092575827368,,0.2252912729123575,0.2307692307692308,0,4
0.9956293562597619,-0.06597511279512043,-0.066101962493131022,0.081980940974463248,0.95643467571016449,0.28019963671663378,0.04473600642339156,-0.28439408501384683,0.95766314230966598,-4.4928562223443054,-18.502704228397523,1.6494763767057039,,0.2557754118135688,0.2727272727272727,0,4
-0.10423503005187716,0.99452763025241298,0.0070605364247151329,-0.98691367223244286,-0.10431001055217214,0.12296676485652688,0.12303032988153338,0.0058493044993556138,0.9923856727936553,20.494088627958266,5.9783570794206771,0.11126581993125091,,0.1030338292625514,0.3529411764705883,0,3
-0.56964861577152437,0.82183801732799966,-0.0090954837128294948,-0.81810484638473813,-0.56593091899240477,0.10211099475677006,0.078771282022011585,0.065608446123926634,0.99473142954559046,22.071129341340153,15.05796908727579,-0.59534445338692477,0.1966801026346129,0.1914431104191228,0.3181818181818182,1,5
0.6432352921138359,-0.73862246279168087,-0.20170576699435655,0.76401986496666929,0.60189917041028684,0.23235970949310852,-0.050219567058485431,-0.30356917847331238,0.95148502298538473,-1.4493775316811597,-9.1595160808468989,-0.028993277941553566,,0.09289538122498731,0.3809523809523809,0,5
0.87360857974966322,0.48650338815158412,0.01106809400055131,-0.46768109333201557,0.8330901644388784,0.29535601035863784,0.13447097949946749,-0.2632018830332159,0.95532315183932537,-17.295975541013444,4.6282517529976888,-2.1801126761741547,,0.09728260407791263,0.2352941176470588,0,3
0.040698214380680865,0.99895336420938574,-0.020876577329011447,-0.98939635798069492,0.043206740574533463,0.13866515201542404,0.13942202896515254,0.015011785492572817,0.99011925753192254,0.30853827944441731,21.257283230640756,-3.0145694754694716,0.437670526476859,0.3743643829837525,0.7903225806451613,1,5
-0.92826256975659982,0.36353075632415294,-0.078574746549150365,-0.37085465048644084,-0.92071857959452386,0.12142539026917742,-0.028203365073223945,0.14185445497351051,0.98948566629472456,0.34992118374938019,7.9152136831108777,-2.1104882302977028,,0.08458058396925047,0.3518518518518519,0,1
-0.12289038684614181,0.99218544080789461,0.021587122773737921,-0.98677406219584662,-0.12447931104686713,0.10383569376088354,0.10571141375609493,-0.008541204255849387,0.99436016856647436,-1.3083064795109034,14.906943244790783,-2.4948381740344621,,0.4052774399915354,0.8817204301075269,0,2
-0.5050130385037932,0.86303027441795166,0.01185649101726405,-0.85986059447378815,-0.50425449402920763,0.079794506844344457,0.074843764017792039,0.030102336942896293,0.9967408190187792,6.4787390127881235,15.370623877929669,-1.9896642661183586,,0.1114395170535132,0.2702702702702703,0,5
-0.8866302273811516,0.46245191595292384,-0.0050065282898704919,-0.46225091038902527,-0.88648095311561403,-0.02180861315510851,-0.014523626908060732,-0.017021903380700386,0.99974962819034541,17.779972556244918,-7.0302901580134023,1.8892063752125132,0.2733807974409262,0.1506075732225317,0.3888888888888889,1,5
-0.86635774272975064,0.49938848422699322,0.005950078459755162,-0.4993970879922367,-0.8661261765085243,-0.020688036919879221,-0.0051778486927770593,-0.020894692823543368,0.99976827399889268,-21.674414043294821,-13.634850113037473,0.23513213729609814,0.5558398222758212,0.441967966458142,0.28125,1,1
0.44029044029844133,0.89453308565666323,-0.077167913327843105,-0.88253527106140428,0.44698566004380735,0.14606613244614564,0.16515393884003482,0.0037918835386270763,0.9862605122911754,-1.3821498141566144,7.7249090931110285,-2.0977507274555722,,0.1070484532623675,0.5632911392405063,0,4
0.29935808949455212,0.95299097758550155,0.046828740051419897,-0.9422884867709761,0.28757133679204216,0.17145009173081058,0.14992378714879515,-0.095451154504644961,0.9840792321508951,-3.7799618944574638,11.714499376052528,-2.2698712208608596,,0.3355304128857311,0.3142857142857143,0,3
0.61001022360424695,-0.78447305106456711,-0.11175669667516372,0.79090250418602448,0.59412836447828365,0.1465766536479586,-0.048587611286937768,-0.17780190852689859,0.98286607701844153,3.157344513517367,15.527031117848486,-2.2300786203748646,0.348929409758657,0.1688764908123722,0.3684210526315789,1,5
-0.33046160267930108,0.94231322577366705,0.053300222200812077,-0.93903442470430154,-0.33394089751953882,0.081840247947497086,0.094918272081252683,-0.023005683990549777,0.99521920205010039,10.766912880550898,19.212921469624526,-1.9720318989422825,,0.2258456133435679,0.5074626865671642,0,5
0.81146765502049045,-0.55674771977470339,-0.17762944964507768,0.58409231963320418,0.78249025986145027,0.21574326262356636,0.018878744689397688,-0.27882067668597837,0.96015760333985012,-15.598001818725692,-8.5341494389983019,-0.37931192347371756,,0.1935259333173625,0.2258064516129032,0,3
0.32215017293683634,-0.9208564583713037,-0.21964209330778642,0.94114601021088284,0.28645599017897572,0.17940778454325582,-0.10229102375527954,-0.26451152860781418,0.95894222854802635,8.1316426978847449,-8.4658181061498592,0.81548359080487853,,0.1625683109162112,0.1666666666666667,0,1
0.98447714385910112,0.16667438420202821,-0.054994571276642201,-0.14367113042828594,0.94526895402560429,0.2929594013456453,0.10081348868323836,-0.28051070248069898,0.95454197722955092,12.540372471658445,-0.28045223334435154,-0.048891197107526374,,0.1407184485466765,0.3085106382978723,0,4
0.20895564033257769,0.97526040695258742,-0.072143461269033746,-0.96617322755902546,0.21728451755558592,0.13891268041043695,0.15115169440458953,0.040676492736104304,0.9876733205960927,-21.382868567486909,2.3150346008122598,-2.0095317186900759,,0.1123327068246813,0.5238095238095238,0,1
-0.077211482269144135,0.99559309785804617,-0.053223777611317857,-0.98859412899724419,-0.069526774895129595,0.13359519334489464,0.12930597479613784,0.0629317969717961,0.98960575675969065,-8.5784379844868486,8.5010893715239817,-2.3139418646793368,,0.07553636186293841,0.5,0,5
-0.36822645974489554,-0.91393980469230951,-0.17065552362207073,0.91497830656421797,-0.3887990662146727,0.10793509451273506,-0.16499688742705229,-0.11640154427489716,0.97940119850335239,0.62243212380800761,-14.084959454679275,1.0454060845858195,,0.1118632715731008,0.2682926829268293,0,4
-0.97536029313852202,-0.18009877986247311,-0.12742342037783283,0.17453278111816031,-0.98318770012571211,0.053668003844693828,-0.13494668163351706,0.030106076023988283,0.99039538433018848,18.594913852230242,16.107408664388473,-1.0960633030088893,0.7263975783836889,0.5747113336186984,0.5,1,5
0.99061644275553673,0.11000656339180928,-0.081102523715914088,-0.094608596628574293,0.98019973345800127,0.17394739426859746,0.098632027183558721,-0.16464215298515458,0.98140953973052203,3.7374756878074695,-18.030813198104646,2.004386821894574,0.180149284336958,0.181870728133876,0.5531914893617021,1,5
0.49499766751218571,-0.84743103316146218,-0.19193215778600542,0.86540806592760933,0.46106568704025658,0.19618183315875684,-0.077757241366511493,-0.2632091872807491,0.96160009107012756,22.971363959397038,12.564185645218593,-0.22772748964447573,,0.3670830616607539,0.3076923076923077,0,2
0.56936696595045833,-0.81129885360042564,-0.13272312621018351,0.81943808627797821,0.54714801995167284,0.17073449276595523,-0.065897502543371816,-0.20596896467574585,0.97633718803953573,9.1857349375599604,-11.402458318613943,1.6040802525222175,,0.1403337321989885,0.4509803921568628,0,3
0.16244506099805517,-0.94916202053170096,-0.26963505138894267,0.97924554738211234,0.12151303208344608,0.16221202472750013,-0.12120132049464602,-0.29038946574224594,0.94920187425873126,14.343287022405152,-13.697771488246744,2.529804550577381,,0.1229457730895505,0.2380952380952381,0,1
-0.38314233398409825,0.92364566567521611,-0.0089797655094727442,-0.9176934531605474,-0.37953140013356967,0.11745059531105913,0.1050746303133523,0.05324096723426102,0.99303812689769033,33.984748143840001,-0.48845522105332168,2.9058793346275333,,0.3040520085851204,0.4285714285714285,0,3
-0.1775816945579394,0.98399313423247825,0.014908170285875579,-0.97434015624836656,-0.17792815070931872,0.13785076389729545,0.13829678839306675,0.0099541432832708429,0.99034080666791557,6.0154293076365351,-13.178982442347557,1.5564685827228315,0.4748874764303145,0.2565704066308571,0.7826086956521739,1,5
-0.098436131084090606,-0.98180302920876084,-0.16239809091765392,0.98481013699772868,-0.1195641942807965,0.12591027564301463,-0.14303608692813055,-0.14753716576675452,0.97865901240105246,-5.8463263157020204,2.4457643430025491,-1.7173363655938652,,0.1273829917429551,0.2235294117647059,0,4
0.011081233189800541,-0.98986867715998206,-0.14155284613366206,0.99116102782657112,-0.0078423360659430133,0.13243230226347036,-0.13220069284526323,-0.14176917768886071,0.98103235271251699,3.5759793339066652,-8.4043796282601129,0.3375934843138555,,0.08723452873333008,0.4264705882352941,0,3
-0.99444896317997922,0.077059365736003749,-0.071645752020822198,-0.07398512382324901,-0.99626066712449024,-0.044619329819300363,-0.074816181960340969,-0.039070926441918556,0.9964316341946633,6.5319544424016156,-8.5760322317905935,0.69518110615660544,,0.2862949471843674,0.25,0,1
0.0010495912516767414,-0.9741308786122912,-0.22598214463149588,0.99325147471676978,-0.025192968098975341,0.1132114054825123,-0.11597588685225138,-0.22457592411567612,0.96753048942988074,10.477885618147674,10.772906060246429,-1.7218881375581601,,0.5825137836449303,0.2831050228310502,0,3
-0.22400751399912258,-0.95919656241119056,-0.17251837099418849,0.96522078961113755,-0.24283404920121821,0.096852732800846358,-0.13479414295281816,-0.14482257837469892,0.9802331150387239,5.8699270758483166,1.0982593983451183,-1.0444441102428763,,0.1402845358085545,0.1901408450704225,0,4
-0.62373931493757684,0.77873703387882254,0.067215318691629583,-0.77803071482767894,-0.62681109931374213,0.042143238625312406,0.074949808444947016,-0.026009187659615622,0.99684805681274935,-19.931933550635836,7.8203956120469353,-2.5085941378447214,,0.2065730901177685,0.2307692307692308,0,3
-0.92698196376944575,-0.36034606500425259,-0.10418806209010778,0.3527208895037206,-0.93187978102286029,0.084782355643664986,-0.12764173672371162,0.041842408591472438,0.99093733398707839,-0.12664352201123327,-5.4988465074948731,-0.60014102004937153,0.1874902821348069,0.1916849429996732,0.6985138004246284,1,3
0.92025207594845648,0.39116722903599743,-0.011149692410853684,-0.36681899928302392,0.87219483854064006,0.32360467454607034,0.13630824801734437,-0.29370795452518306,0.94612668230585073,12.197917138146412,30.569101336532192,-2.9041735121186436,,0.2958398570016409,0.5882352941176471,0,3
0.24658568516403911,0.96644887467831675,-0.071917122475787368,-0.95690671749938461,0.25455120748345861,0.13976128495855603,0.15337872693673946,0.03435484538939481,0.9875701042060443,1.1425190433164287,-7.6287639433575904,-0.091989989575176928,,0.07163625471186126,0.1764705882352941,0,3
0.83194468783075837,0.55474458922547376,0.011246204481664135,-0.51940670882399087,0.77150002750247759,0.36742941960641567,0.1951530353820129,-0.31152230785087887,0.9299834108694901,18.770716612193748,-9.245412781292611,2.3930233658476547,,0.359167649146676,0.5,0,2
0.91842537702284699,-0.37126628551551122,-0.13658759855842484,0.39534261241930313,0.87371002889997595,0.28343430315521961,0.014108353763743971,-0.31431215477470703,0.94921484592001593,5.409667867366049,-10.359788882529735,0.94107380523805328,,0.4003684557202664,0.5432098765432098,0,3
-0.015242711814218147,0.99906393160062046,0.040483580761332245,-0.99322732303651007,-0.01979292893560097,0.11448897212341985,0.11518309125160542,-0.038464276138527084,0.99259929223774057,-9.632958993742351,12.210917670048477,-2.4263883000961153,,0.5403864716635843,0.453125,0,3
-0.99115120528070877,0.10950718632793958,-0.075016427621802342,-0.11215431818284778,-0.99317473325408401,0.032021213884236725,-0.07099786745768992,0.040151281028348702,0.99666803773786394,-14.066178515596087,7.0789347209660036,-2.3407712021707128,0.4537847105268391,0.4086473732034091,0.7128205128205128,1,3
-0.45122764254974645,-0.8762489859121132,-0.16906013512059087,0.87800279969311612,-0.46980636539804005,0.091613660348955683,-0.1597019045911755,-0.10709665596776285,0.98133868157251147,12.467071811106653,27.657226721369604,-2.6757144252669725,,0.08663882063007405,0.1818181818181818,0,1
0.31068680956329192,0.94720547111876696,0.079218065149669101,-0.9269253663633813,0.28347171889077361,0.2458722224677303,0.21043543322238684,-0.14981849042019033,0.96605970228175941,-13.809705413909937,8.7464404669141196,-2.3804369565999068,,0.3490403191608898,0.2777777777777778,0,2
-0.98584889678133814,-0.14699761465295447,-0.080583211659506077,0.14271851898097102,-0.9881469554729857,0.0565421853959324,-0.0879396216440433,0.044241334471410994,0.99514286776788619,-3.2485098929838863,7.7599314165650179,-2.0683361723217613,,0.1037281128941832,0.1923076923076923,0,2
0.30660399158170126,-0.94073437421595485,-0.14495802673423869,0.94610496717419235,0.28451410486460527,0.15471624097493009,-0.10430428291536427,-0.18458212617046257,0.97726662445000323,17.03216756719722,-7.6749233584447314,1.9369841218772086,,0.07642034378090376,0.2352941176470588,0,1
0.525028803917721,-0.8287832160929498,-0.19355396089813018,0.84718216561439841,0.48717406073527075,0.21199955851747637,-0.081407206816261651,-0.27528133839643804,0.95791077424206972,4.8128289744727066,-21.124123365093393,2.6633458655126638,,0.2672189070369752,0.6153846153846154,0,4
0.25420348478772337,0.95690923246675408,0.14037560023617554,-0.95489746234090311,0.22529415609988443,0.19342538520614425,0.15346473450497378,-0.18321371140591472,0.97102075735598448,8.3646432345782529,-14.903969909239045,2.046569331205371,,0.08057782281881409,0.3846153846153846,0,1
-0.76232387466702678,-0.62863789268038839,-0.15387238218410379,0.62845633983924365,-0.77582288044450221,0.056048970504869552,-0.15461222147201528,-0.053974605743397047,0.98649977339395933,1.154732983201203,-18.273330577026929,1.8266744275698961,,0.09127260411287978,0.2142857142857143,0,3
0.68654218169023185,0.72696856489433248,0.013286775963031034,-0.70939604495117481,0.66571626380142301,0.23147161276905032,0.15942736329641763,-0.16834061234814693,0.97275092087676984,-9.0669738852288102,10.756910139057625,-2.3670454465504327,,0.2922627366864645,0.5,0,2
-0.45342370307325996,-0.8225709745375499,-0.34319664529199218,0.87686510134979267,-0.48069430442149091,-0.0063702222533001118,-0.15973271276150544,-0.30382557092036283,0.93924197251228403,16.295386962575769,6.9484957029933021,-1.0023138286989521,,0.2470207905253626,0.1764705882352941,0,1
-0.51974415847165001,0.83422945610035881,0.18419344263327134,-0.85007018614740937,-0.52647794853878971,-0.014200293155302501,0.085127482976448232,-0.16395787348245053,0.98278742735405811,7.6771604801087285,0.76748319671297627,-0.83334776707180858,,0.3397293638887821,0.1910112359550562,0,2
-0.62228990902392878,-0.75713787425291901,-0.19873980099306304,0.76648064003543404,-0.64091270684664348,0.041693292666565934,-0.15894243479279579,-0.12638489456529242,0.97916503248832309,-10.94034678783969,-13.124378037700955,0.53679151754191956,,0.6416135669536038,0.40625,0,1
-0.35777935909530145,-0.90964143122292129,-0.21106017342945513,0.92051437165644201,-0.38155943196727704,0.084057667412050743,-0.15699433677461602,-0.16420982455238498,0.97385209952085361,20.936726372721534,7.9645275322641051,-0.2241296698680858,,0.4347837917530893,0.2608695652173913,0,2
0.8558266489731986,-0.50542820233652963,-0.11001399542862816,0.51721121978810758,0.8391646269716585,0.1682120178965085,0.0073007556186940594,-0.20086080036279261,0.97959258768378576,-10.017895863835166,13.875897309011849,-2.6548847045917836,,0.1227038062915276,0.2857142857142857,0,2
-0.99610204420506987,-0.018487441497480002,-0.086249243691512323,0.013983088737397922,-0.99852092994310793,0.05253975347212806,-0.087093000636346618,0.051128925007545303,0.99488725103286457,-4.1985126992706681,-7.883651232912209,-0.411429327545968,,0.8399817769892917,0.4691358024691358,0,1
-0.80063904294757648,0.59913058882361958,-0.0044340099064182044,-0.59498561330380706,-0.79418570906251673,0.12353614646069536,0.070492856868478448,0.10154603417528825,0.99233016686674924,0.30253369764511873,-8.6824903160434737,0.064962340200870675,0.6204400041624332,0.4263513238956658,0.7910447761194029,1,3
0.3759636960693532,-0.88295989639196548,-0.28112829918270565,0.9217502701305611,0.32524702150927998,0.21116537243018701,-0.095014413391383917,-0.33852059961371883,0.93614959535592401,22.315439574166554,7.9769114002143189,0.042834383667369004,,0.3481674026505663,0.1666666666666667,0,1
0.48414764742291216,-0.83472674573824424,-0.26235913447810422,0.87142870912487125,0.43298192818909398,0.23051823089424966,-0.078822968783342898,-0.34023214106091554,0.93703203242006938,9.7167012767789416,24.264068515903041,-2.6016640283181767,,0.4273441361090076,0.5,0,1
-0.68931838375819532,0.71412787602242567,0.12190792632429345,-0.72329260460766764,-0.68793832666766641,-0.059905482399755759,0.041084959934823244,-0.12946905185947255,0.99073194693507505,-17.345303114792159,6.3823171120139097,-2.3091762909233617,,0.2605641571345724,0.3333333333333333,0,3
-0.41711223313262452,-0.87737744467053291,-0.23712065400238963,0.89481264911858382,-0.44212990365269689,0.061898879419892278,-0.15914681256153557,-0.18635978074537124,0.96950622698982225,0.80580986315484426,7.2485327048424724,-2.0549318880360805,,0.08639194013857288,0.2162162162162162,0,3
-0.29015281199144616,-0.93574565534174381,-0.20047796438139609,0.9443311590174569,-0.31391277595069472,0.098475536066966657,-0.15508064934802171,-0.16074463475954862,0.97473645391655339,-2.2781387028792834,16.611068192775051,-2.7420775808124107,,0.1736284388861682,0.3076923076923077,0,1
0.80010106780975887,-0.59021004224534934,-0.10719322423748141,0.59968047382241996,0.78254592358773922,0.16734756285148103,-0.014886591476961364,-0.19817664723411646,0.98005326686116589,-0.36232502346737117,7.4247556012117411,-2.0965866638964155,,0.06970714783107644,0.3432835820895522,0,2
