axis_00,axis_01,axis_02,axis_10,axis_11,axis_12,axis_20,axis_21,axis_22,location_x,location_y,location_z,dbh,dbh_approximation,score,reconstructed,number_clusters
-0.25081252790583586,-0.93978765420507104,-0.23214702420926012,0.96259697522999366,-0.26751065210170111,0.042954793564753686,-0.10247018651077144,-0.21269042295282867,0.97173177619165862,-13.971105064734447,37.350552979667739,-4.707702156098188,0.5965162938726583,0.3070964094703129,0.3157894736842105,1,2
0.69160853575096548,0.71109226253979829,0.12659157725708275,-0.71668204059000773,0.6538679562156845,0.24253566444971841,0.089691058484934985,-0.25846564566757091,0.96184771353759424,7.3768678305016842,1.6602478469452986,-1.0332535199507813,0.5103278958873821,0.3276279120493847,0.3653846153846154,1,4
0.61778847756275845,-0.74775246670298501,-0.2433179926151986,0.78611157482262306,0.57976699065490023,0.2142401187379617,-0.019130836902346363,-0.32363016714540316,0.94599023567521756,-8.4567675152821344,-6.0019548203656008,-0.88096469481211459,,0.2891163002616647,0.1666666666666667,0,5
0.91446742511083623,0.40287347019587078,-0.037977564738849723,-0.39603127664044951,0.91029587934412459,0.12050161812873003,0.083117725749038765,-0.095154501004647063,0.99198642359906508,-6.2647256012767869,-13.599100714358482,-0.094291673776981125,0.2308131014196268,0.1311989336515325,0.40625,1,5
0.32210852489245023,0.94633545398072549,0.026368669490594229,-0.94304161740370485,0.31829116064908852,0.096763861525161976,0.083178158408408753,-0.056035217423960976,0.99495801337143641,-12.837827400392268,2.1529582032149577,-1.7683200135935775,0.2005811986704339,0.147962252390774,0.4916666666666666,1,5
0.94210551486557736,0.33333682879033372,-0.036383477457115093,-0.32640648315900822,0.93650423439141239,0.12813518922890124,0.076785458334483886,-0.10884106549902002,0.99108910590794264,-1.2457310498058958,-2.8018235877139399,-0.92031810019861349,0.3830673571087362,0.3364525119319549,0.8030513176144244,1,5
0.49749899507795253,0.86150473288630569,0.10151032021880657,-0.86302899303476321,0.47973602862977499,0.15822231200414438,0.087611112753076995,-0.16632179066204492,0.98217175426355086,-18.176460002412043,10.305783785307741,-2.7077811635002704,0.2762485185235137,0.2347530605227339,0.44,1,4
0.99782118541654719,0.055398996191005696,-0.035830617562987832,-0.044363228964546912,0.96535711627245124,0.2571333155738017,0.048834269214920713,-0.25498350786505009,0.96571146046170464,8.746341503691248,11.939542683840761,-1.9747236451309154,0.5020279381051231,0.2610558572171367,0.2580645161290323,1,3
0.020184604069677117,0.99958533564283503,0.020536273429023928,-0.99758465647402617,0.018770230537114685,0.066876988667129586,0.066463786576978767,-0.021836556811567841,0.99754986334541973,6.6936153246630852,-4.2727667385788095,-0.51910013968008784,0.2326369700353033,0.2007602166039056,0.421875,1,6
0.84991436176868684,-0.51393781371600267,-0.1162475861776909,0.52686967146628449,0.83196709555167914,0.17389393666344952,0.007343497009864728,-0.20904228173294886,0.97787903009500488,20.526308880415442,-12.629439030043061,0.81341557219736804,0.235802580958927,0.2242942159838484,0.6190476190476191,1,5
-0.59073601375585727,-0.79986735541750731,-0.10603384265999222,0.80159603696122483,-0.59678239429018332,0.035980097183535932,-0.09205843568027848,-0.063741568875269397,0.99371135487998774,-11.815165140411761,-0.14065176252067468,-1.563561703825185,,0.1470421016155615,0.6641221374045801,0,5
0.9404652172951915,-0.32734550848774391,-0.091488213070366545,0.33931407695212368,0.91988264817978538,0.1966770722780718,0.019777063483659065,-0.21601118408694941,0.97619057366342055,13.627914935510066,30.682603678184709,-2.6891579363946039,,0.4008538331366044,0.8043478260869565,0,2
0.71419731073413228,-0.69532222505414909,-0.080306940458964055,0.69989903741444826,0.70812837067753331,0.093249922616108552,-0.007971120778255944,-0.12280559428351905,0.99239873400070866,-12.021170333629446,-6.078769732409766,-1.0186861965497385,,0.07376969830914576,0.1515151515151515,0,4
0.064622946897927941,-0.9926163379466667,-0.10264833352556547,0.99565063836825241,0.05721706997206702,0.073525595684108491,-0.067109470651458683,-0.10695331946769923,0.99199662620581575,-20.800748789804995,9.1042876483107857,-2.6905298714395469,,0.1532402310742637,0.5111111111111111,0,1
0.13137939287682038,-0.98888802257233388,-0.069569633751366378,0.98931291915163211,0.12631161332984847,0.072837657414888388,-0.063240834331908247,-0.078395504660612,0.99491443939768698,-6.0233526765942358,-15.464845644306463,0.12174950696397166,0.3812011548201926,0.4016984091501151,0.9509803921568627,1,5
-0.99443463298835144,-0.081664744203453515,-0.066562979707245271,0.084078339190476303,-0.99586866726928447,-0.034299131625602747,-0.063486956079921344,-0.039704749155279932,0.99719252870357111,-5.6347837363266526,0.62017554303991762,-1.4081956136850395,0.8724548217711728,0.9294856188492286,0.8848314606741573,1,4
-0.22737564418002057,0.97234286753014787,0.053382247957259037,-0.97216732978843834,-0.22983135644278785,0.045477802142219491,0.056488931001916473,-0.041555932896734205,0.99753802188956364,-21.646645400299601,15.53095521661184,-3.3658911508862959,,0.06776648754904163,0.5,0,2
0.69244405177285606,-0.68739506721497223,-0.21911014748960306,0.72081440095846139,0.64617806429757729,0.25075986240132597,-0.030786921497388275,-0.3315749248498161,0.9429264206053164,-6.7306251779271404,-4.4971919717332707,-0.95374182363100501,,0.1008831706301502,0.2857142857142857,0,5
-0.0084717306617210116,-0.99290574920323493,-0.11860186751800558,0.99928013510247371,-0.012792263271626685,0.035715117107073396,-0.036978931422876886,-0.11821392134411532,0.99229936381682238,-9.9311782485488571,-8.3234380701528998,-0.71492763975074858,0.4705667742053758,0.3931323367463172,0.4836601307189543,1,5
-0.38219886406585057,-0.9058744399915083,-0.18252541542712367,0.91978366048250182,-0.39195194078165979,0.019279367907170129,-0.089005877424937818,-0.16051534221862102,0.98301209488808183,-10.638141391539969,-12.106003647571077,-0.42234167821913976,,0.2290885513791193,0.4375,0,5
-0.86028013704560957,0.50581786118652439,0.06376815121575001,-0.50868127950559172,-0.84325386781681089,-0.17368439852945991,-0.034079930829430886,-0.18185490292174206,0.98273462979483062,-12.602594262131927,27.69568460173522,-4.0461834016984088,,0.395808130509721,0.2727272727272727,0,5
-0.41577089452444244,-0.90334967728631133,-0.10532769727407934,0.905621377121691,-0.42186816712573377,0.04332632994132174,-0.083573228767083313,-0.077373187298243898,0.99349328398371861,6.3758043592542544,14.823666928376955,-2.2906531240472976,0.4773038250052247,0.486175986346594,0.7627118644067796,1,5
0.54840399439065957,0.81009157560077849,0.20737574129347375,-0.8356030956889654,0.52141087568391464,0.17291085909667789,0.031945663420680892,-0.26810881719775925,0.96285883530735261,-36.8219702672937,7.3137657018714073,-2.9086576229794145,,0.295072315009115,0.4761904761904762,0,3
0.98036331367352558,-0.17097731741851241,-0.098257468578388643,0.19269647137973955,0.93646458765636587,0.29309067877261047,0.041902781779507153,-0.30626921653010042,0.95102225204522806,-9.9394685970830849,-0.29524318079194589,-1.431128199201996,,0.07951230366820697,0.1777777777777778,0,5
0.70546093008341737,0.70857067943722118,-0.015889253214510724,-0.70291075668409297,0.70234567464260433,0.11237002023948189,0.090781849857976674,-0.068103931991480446,0.99353938532081565,7.4636530554567369,-4.0794773838256333,-0.49381529835496774,,0.09261678932314085,0.5,0,2
0.63301530275734763,0.77109183729005282,0.068622189849018939,-0.7688475995411973,0.61586665730660739,0.17199310770413131,0.090360362741429806,-0.16163427508618625,0.98270512665936616,9.8314695271087569,1.4183311670594634,-0.92494252008802647,0.6055710591865103,0.5380036389643494,0.7419354838709677,1,5
-0.67693664829117828,0.73555934560702885,0.026631246506055667,-0.73586793333820366,-0.67711930280475885,-0.0027990094247676198,0.015973693526172117,-0.021491832387169015,0.99964140683335789,-13.771541777788798,1.6902445626471623,-1.7629073603458598,,0.1083905394729086,0.2307692307692308,0,5
-0.90491506734430383,-0.40465611786716305,-0.13184137122288384,0.40954143866579135,-0.91222400841320073,-0.011098130027454965,-0.11577793791913701,-0.064037369927480825,0.99120869868255457,8.607805495328499,19.587485984633858,-2.4924891675084284,0.3326586604977335,0.2271669336676406,0.45,1,3
0.27328747171132156,0.95281492159052572,0.13212752552013582,-0.95828797425383061,0.25772635426987811,0.1235365723793862,0.083654744074222284,-0.16037721630330737,0.98350446480159859,-17.641126581349177,-11.430507596122025,-0.6622444492926981,,0.2037189528548729,0.4090909090909091,0,1
-0.23479144577445332,-0.95157302049856241,-0.19844839039504672,0.96856414381088984,-0.24628684776670573,0.035018394323811645,-0.082197787774491785,-0.18398797590163993,0.97948555293510986,15.179826819116091,17.413923302533384,-1.9181579410166079,,0.1644432663375864,0.2631578947368421,0,1
0.61145094494569296,0.79127253243558426,0.0039397129331647397,-0.78691763008502968,0.60754841882377442,0.10791460626852704,0.082996297425722593,-0.069084717540914622,0.99415236076564861,0.45831487360516265,-13.526044346113904,0.11829376686175815,0.1846748709075896,0.1819984668429771,0.3396226415094339,1,5
0.93020272611005383,0.36479741787673453,-0.040567625613179677,-0.35372912658998196,0.92046257515905194,0.16620575421282835,0.097972411113090643,-0.14025509488797108,0.98525626870304839,0.75077329337170884,-11.482697264995846,-0.071104433947948464,,0.1192891819364694,0.2857142857142857,0,3
0.50220080884108842,0.86014887398637341,0.089096925756896858,-0.86262741012370248,0.49108512948091848,0.12128209639506864,0.060566483327247636,-0.1377654172232021,0.98861134472283241,-12.494369437558243,-4.6212888083806014,-1.1628145370518332,0.5463917743650905,0.3758375143661492,0.125,1,4
-0.67273221498823099,-0.69070052337410759,-0.26526242464352556,0.73433875723149322,-0.66712198058525851,-0.1252790990058118,-0.090432054851885907,-0.27907176501884889,0.95600261162014077,5.8887263376933694,-10.946403446190059,0.080371358952781635,,0.3550233141923451,0.2678571428571428,0,1
0.92713730918216408,-0.35076347855485851,-0.13183850740414105,0.37416459980160172,0.88574834712421857,0.27468294053694392,0.020426996298126172,-0.30399810472897748,0.95245361574379384,-12.820189685906305,0.61542625231784498,-1.6334889520077014,0.3863422944053024,0.1874226700986259,0.25,1,3
0.68669925420541,0.71845618579588078,0.1107467532949435,-0.72165672193119712,0.65541263426528895,0.22281349720552468,0.08749691403275528,-0.23292700130528451,0.96855010303942224,-14.805048153070787,4.7239035431664123,-2.0805184065179714,,0.1901709580180038,0.3720930232558139,0,4
-0.91016408385192205,0.41027186985264669,0.057256731251471037,-0.41378104135039473,-0.89385173463525303,-0.1726682550688784,-0.019661899322630572,-0.18084819406662914,0.98331446669814893,-11.163536017839782,2.5206389432517282,-1.7748593142268696,,0.1408222756897157,0.3278688524590164,0,3
-0.82160441682261387,0.56957591062096735,-0.023440654808889613,-0.56977726581120058,-0.81921473251739041,0.065123646943135688,0.017889930751297876,0.066861828173910051,0.99760184758798309,-7.4833036475156787,5.7443501031436925,-1.9100219617432728,,0.1165096605080718,0.465,0,5
0.91909374704318603,0.39233441117929913,-0.036611390996622292,-0.38532154422859954,0.9143083445544079,0.12477002296811715,0.082425673787979811,-0.10056819021325568,0.99150998351898956,-11.335442408812032,19.781897151990339,-3.4354907211473771,0.2405328396163391,0.3334645586109189,0.7883211678832117,1,5
-0.48039752672581731,-0.84187094127740347,-0.24590960645817869,0.87200457068715032,-0.48850886568402896,-0.031098502356578996,-0.093948097460440042,-0.22937394442438783,0.96879375958083147,-7.0512673680962301,-18.515142855528872,0.36106404007114223,,0.2953575296808678,0.3061224489795918,0,5
0.7656175740468677,-0.63502584268169127,-0.102819791076411,0.64329147402900022,0.75517069644608881,0.12606862682969716,-0.0024103427526374769,-0.16266345119767084,0.98667866698955153,0.41827360791902463,5.124496358490596,-1.602258453614045,,0.07884959801214204,0.2880434782608696,0,5
-0.055424498713583688,0.99840721183991132,-0.01054344765253981,-0.99626614842082661,-0.054599392357806677,0.066878007333418268,0.066195818999982253,0.014210760015290539,0.99770545144682299,11.185685952891605,-13.999368245263707,0.54150600807921667,0.2640449063822046,0.2401385443453176,0.53125,1,5
-0.88816327675456874,0.45840436075518881,-0.032115975233735439,-0.45933103928076879,-0.88765783098520523,0.032841611469137853,-0.013453259004271747,0.043920577537957035,0.99894443924119047,-1.1788932878666663,2.3391416411117198,-1.3917653045364728,0.257239576397652,0.2591742037477641,0.8111380145278451,1,5
0.38681971555610756,0.92190424790743708,0.021518953211434905,-0.91973930402087722,0.38401308285892566,0.081323826965887774,0.066709221973321187,-0.051249486664821771,0.99645540282558942,14.349621978916277,-9.1158299288943496,0.23458188395215973,0.3244668116118691,0.2747766157092245,0.7058823529411765,1,4
0.925516896647955,0.37490887315454291,-0.053495895628829809,-0.36733743427937654,0.92308300348349515,0.11393409523464031,0.092096055269401095,-0.085796885199185144,0.99204698028567917,-15.662112141975387,6.8669337099159593,-2.2731189371088618,,0.1500008928682142,0.3333333333333333,0,5
0.96105319445623039,-0.25318126103885757,-0.11079714113752766,0.27412244042637901,0.92424992731449485,0.26574228025257457,0.035123284017325437,-0.28576445005970458,0.95765601026773362,-15.885878032510306,12.885391241914744,-2.8881733728290127,,0.5692389243598672,0.4634146341463415,0,1
-0.4343965098847366,0.90025996838026501,0.028838542472295042,-0.90008720099947126,-0.43506952860836368,0.023612197556266708,0.033803887304566883,-0.015700146765641246,0.99930515989593482,5.8936934730913331,7.5163313581695093,-1.6568147471301413,0.448061871681138,0.4228837570665817,0.725,1,5
-0.93861235230698958,0.34441831720858335,-0.019567188555009763,-0.3439734523224014,-0.93870036242657506,-0.02288872380944729,-0.026251022725758674,-0.014753045496580212,0.99954651290193963,10.356565808854974,-1.2774352422105359,-0.63010291573804234,0.4205799892238922,0.3662349965793304,0.9230769230769231,1,5
-0.75281040187464121,-0.62775032425308464,-0.19800512425058428,0.65239468187863225,-0.75156111468148412,-0.097657923156315621,-0.087508158967154831,-0.20269539042334769,0.9753239978670204,11.463468560506232,16.294672189606231,-2.1429755377739039,,0.6428650822550278,0.3177570093457944,0,3
0.15202851229930567,-0.94778078664549748,-0.28035497483315874,0.9873079704850094,0.13244306891868166,0.087645906419937122,-0.045938032879422351,-0.29012137798004917,0.95588664765971376,11.58186434813592,-10.229282494476188,0.23419786401119289,,0.3577023330734331,0.1666666666666667,0,5
0.98136782480438522,0.19204068994157497,-0.0061290982594678824,-0.18055322862675902,0.93263489634552921,0.31239827424462246,0.065709391042405016,-0.30547098638877124,0.94993144615993663,-14.638414281787719,0.8403859413125212,-1.7208404378063937,,0.6132139043215239,0.4864864864864865,0,3
-0.36944711222744075,0.92922605078402365,-0.0069121495305641788,-0.92786650669976656,-0.3684801610110458,0.05732466036573812,0.050720577792235544,0.027591982270251766,0.9983316610740246,-7.3469112911686532,-7.6968393856255748,-0.70452974887838871,0.1888632707127738,0.1667221192353683,0.5531914893617021,1,5
0.88223527301910332,-0.46542187522525358,-0.071016907161014345,0.47044302690149059,0.87740800330331703,0.094013585077100614,0.018554823649689564,-0.11635150966401032,0.99303476511058464,-11.085572704554821,-3.0853886905903849,-1.2524280957151963,,0.07785516158806527,0.282051282051282,0,5
-0.74392619090504597,-0.66222397652646114,-0.089628273435280723,0.6636326808957419,-0.74785730204493606,0.017352827585126681,-0.078520617245655511,-0.046571028457076696,0.99582410694650836,-10.484410885931181,-14.633231386143974,-0.13407707128484661,0.2428305051503772,0.2618509220944447,0.7333333333333333,1,5
0.79289965745512414,0.6092636265365805,0.010390697139335488,-0.60358673018172448,0.78294314232862827,0.15060908016819005,0.083625309303353601,-0.12568957498562927,0.9885387895190817,-18.834746397434845,-0.34617409863995524,-1.7326033979309254,0.2915075853283006,0.291518843847027,0.926829268292683,1,4
0.35935876308481257,0.93304859162201104,0.016781092525065947,-0.92922424552204863,0.35611207976858694,0.098622959684196723,0.086044063875043805,-0.05103442284451639,0.99498337009057292,3.3322018433070593,-24.45041673433769,1.2889588185516807,,0.1111903832771775,0.2727272727272727,0,3
-0.88333878595596527,0.46848234990976989,-0.015390810532983789,-0.46852983165569068,-0.88344748365724857,-0.00058349667231366521,-0.013870330729020041,0.0066956286259326038,0.99988138420653305,-13.762679965990104,4.8828710979562358,-2.0435672185367308,0.2436027142724504,0.1811665330595311,0.3882352941176471,1,5
0.91343021887023612,0.40503999610708391,0.039847670047920544,-0.39783441432849614,0.86792429738574239,0.29738055212701753,0.08586625664704918,-0.28748915729300262,0.95392713055473177,-3.1274873991884804,-4.2249760414391035,-0.85324681943041814,0.6203717381058576,0.2900048503628733,0.2444444444444444,1,2
0.98949752726646689,0.14345025068113165,-0.017795199157880671,-0.13471681452787179,0.95980158606991195,0.24623625903011337,0.052402513460817646,-0.24125285688920356,0.96904645689759739,14.48241302284061,-19.155587613219538,1.0398661293833016,0.4194151019104976,0.2618805362897567,0.2,1,5
-0.52887261495916038,-0.84037767218695647,-0.11857118214765111,0.84458492948424069,-0.53488901463786909,0.023875487593550116,-0.083486849469600583,-0.087516341956011115,0.99265846888860976,-15.105088065168445,-1.572568973526038,-1.510033314440079,,0.1320298184750267,0.2195121951219512,0,4
0.94943411266172628,-0.2917525605302359,-0.11599702210958814,0.3068805234163004,0.94039727527711248,0.14655138688910807,0.066326541157961119,-0.17473811283012816,0.98237843108579492,-1.0099882572567831,-13.415261034892184,0.06901176372154022,0.2493139888860861,0.2498142842121103,0.4782608695652174,1,5
-0.049211921852664806,0.99220790685155147,0.11446246689997738,-0.99559237055473404,-0.057891834928580493,0.073785954908815107,0.079837450114410055,-0.11032681011369451,0.99068359052190047,10.642451984787254,-16.34243605643389,0.72866217196567973,,0.2493250273356,0.4444444444444444,0,5
0.99814128156304338,-0.02574457767251654,-0.055237657084183399,0.031212954695381292,0.99444363332201535,0.1005366182268637,0.052342463630117235,-0.10207387944902374,0.99339880694278926,-14.569327842982952,-12.898533995291535,-0.4598876711255297,0.523968416858847,0.4319418679073605,0.9278350515463918,1,5
-0.012503968765292235,-0.97193611297315385,-0.23491241572925251,0.99735409767490479,-0.028948265733065675,0.066684344205549653,-0.071613229337832568,-0.2334570414652006,0.96972643316253015,-20.202175892179532,-3.7071602766906135,-1.4588951666032539,,0.2552488549326762,0.2352941176470588,0,1
0.35652661325951746,-0.92957010403727747,-0.093745377047747908,0.93318928137608192,0.3494527580720867,0.08390789593718026,-0.045238690990030493,-0.11739757900373253,0.99205406570487464,-1.2858877651752871,5.663446380449157,-1.6947064864870169,0.1413418820700664,0.1120049264564906,0.4011090573012939,1,5
-0.024397663175273199,0.99970232312155038,-0.00013848090074978567,-0.98903228903062634,-0.02411707670638218,0.14571718452528859,0.14567046813415699,0.0036921208691526883,0.98932627730039691,0.31037354329135441,2.0926569142630318,-1.3486223291277706,,0.18676189682056,0.4979757085020243,1,5
-0.50821397275536129,-0.85824912412734378,-0.071603064395736687,0.85678550199564218,-0.5122767622119897,0.059085721351915706,-0.087390854591818529,-0.031320278291354177,0.99568161512677533,-1.7362871600387746,-12.141209912233288,-0.084364141421256283,0.5813297930328101,0.4982118097764356,0.9154929577464789,1,5
0.25718901225645463,-0.9577415170306528,-0.12878275711590359,0.9646227343420436,0.24644655186922326,0.093632673048730006,-0.057937831897899653,-0.14830807000158455,0.98724258620025962,-22.273795268052162,13.346201725400915,-3.107800263511876,,0.1218521888423661,0.5,0,2
-0.70978389425412547,0.7038698304621499,-0.027822387076449611,-0.7044137498613493,-0.70906475740211627,0.032069281509720202,0.0028447255965792042,0.042360731526516843,0.99909833147734661,1.0699326313703437,-7.8403848412579125,-0.39014320816824527,0.432568534614323,0.3014664088073312,0.4202898550724637,1,5
0.64191044824868504,0.76677521057164733,-0.0025986307890826003,-0.76009533931736784,0.63675755690533231,0.12959509586388104,0.10102500471263542,-0.081213238925426895,0.99156359263844174,-13.466516077061531,-23.403895509455154,0.53219758782028503,,0.2049286728664863,0.375,0,2
-0.83789307116483758,0.54398505132558594,-0.044893933089613702,-0.54573392685757871,-0.83647855771327484,0.049780554060045466,-0.010472935145506405,0.066210923722735029,0.99775068589764404,10.742534866409443,-5.3093397833027058,-0.22936478005620486,0.13516478302472,0.1169512411886503,0.3142857142857143,1,5
0.85443239868311127,0.51832009617973607,-0.035910360299684238,-0.51353485147413891,0.85299770819149012,0.093149697484741417,0.078912815195365818,-0.061148897915612635,0.99500431148897417,7.4687967007930807,-12.527116924906812,0.27460903339645376,0.2990631990782818,0.3001349779807465,0.6590909090909091,1,5
0.9299447043886121,0.36769275015037994,-0.0022109424297581579,-0.35662768735772377,0.9033914755916912,0.23811874020779936,0.089551880993417057,-0.22064877818632489,0.97123353386063849,-11.544260463051938,11.629941229352603,-2.603036520638601,0.7385193238919689,0.4421497864188074,0.4514767932489451,1,5
-0.56461189173107695,-0.78310489202328726,-0.26069165656969245,0.82039028585919649,-0.56708198100702789,-0.073333523609677195,-0.090405699951501522,-0.25527388214688285,0.96263287628770444,-21.840764368212177,5.6743701317596313,-2.3969331287901392,,0.2011830837510629,0.3333333333333333,0,1
0.753943871253972,0.65690304858841975,-0.0068573868064914128,-0.65086677561177331,0.74835044862001099,0.12784383620246223,0.089112734237634827,-0.09192383154257934,0.99177060341150658,11.670436116928592,19.182145892198164,-2.2630800605939259,,0.1404600409369715,0.2222222222222222,0,1
0.998384853464932,-0.0083182147236590745,-0.056200459745596655,0.015333660709568864,0.99196530485741818,0.1255775171293502,0.054704325432721961,-0.12623644981913709,0.99049068421465236,-13.446412815365537,-5.6402221920660791,-1.0959345590256975,0.288421703524301,0.2110143947400237,0.7027027027027027,1,5
0.8930403450847807,0.44960374401118436,0.018314350165415706,-0.44240545236043177,0.86985204595881882,0.2182540580677004,0.082197066691079401,-0.20301204770255102,0.97572011904797795,-18.003788759882521,3.597456237845555,-2.0334630917304044,,0.08174147887919853,0.1428571428571428,0,1
-0.88013348393656332,-0.46985870258579399,-0.067807448396769068,0.46745373213434183,-0.882669985767642,0.048792463953206452,-0.082777163320334024,0.011247036469408295,0.99650461383944111,-12.581891415654098,-10.564953338355897,-0.61290887266744831,,0.08943341137692729,0.5555555555555556,0,3
0.60787280999830651,-0.7471325717622993,-0.26885603410861897,0.79374362441919666,0.56259495269664295,0.23120981357662826,-0.021487334842642519,-0.35394892203835604,0.93501789021881576,2.3658206619796482,18.556639394730603,-2.8257943744247038,,0.411532282808637,0.1538461538461539,0,2
-0.20015436022051702,-0.96092059132268326,-0.19123244823193775,0.9755903086367832,-0.21346592567232439,0.051534922827578336,-0.090342580097660816,-0.17624958368439606,0.98019095204576101,25.91443528232217,1.1758761895606271,-0.18813361084327274,0.5378701980138915,0.5116659558971277,0.6521739130434783,1,5
-0.54929115359961311,-0.81935353844512859,-0.16413106840160727,0.83074086510508094,-0.55665773386304129,-0.0013350561506407269,-0.090270945611908127,-0.13708372028767818,0.98643763614859159,25.544781494989106,2.1655607986696355,-0.30098047006599221,,0.08858855863144577,0.3636363636363636,0,1
-0.93678970026261754,-0.32969384669965224,-0.11716238701162429,0.34532561124758399,-0.92511439694564745,-0.15784034585737022,-0.056349620214851452,-0.18832238319508884,0.98048936775946982,9.4752878758757131,19.344220351285728,-2.4193792693131635,,0.6159799188156894,0.472972972972973,0,2
-0.86696117642336623,-0.48122854060439541,-0.12960482353052535,0.49432445388018087,-0.86341852324265067,-0.10075608178935504,-0.06341650314134202,-0.15141844481187217,0.98643337418199739,-0.18551806423249945,19.678338497172103,-3.0904259934027056,0.2817336220778447,0.326590862128595,0.4761904761904762,1,5
-0.92901302449196776,0.37004288585449957,0.0017501293551775623,-0.36555582051792429,-0.91699285758720972,-0.15966540395311205,-0.057478190731382474,-0.148971009805657,0.98716963882998854,-10.519498257135417,-5.7604875543516787,-0.995943431523859,,0.3442083626983308,0.28,0,2
0.55051988621740833,0.83468973550234282,0.014862715976574592,-0.83032461743012331,0.54562176858090872,0.11339274818153183,0.086538341610472219,-0.074765841783998033,0.99343906926073677,-13.657729415806415,-15.329066116487766,-0.17145990399992664,,0.1827661833334095,0.5185185185185185,0,5
0.61284747470918277,-0.75116714811187513,-0.24528735870413282,0.7894567631208711,0.56855433963084079,0.2313092779152103,-0.034292738375564229,-0.33540107108417383,0.94145107658884453,-3.7268465398184776,-19.349972857811405,0.51637265864417481,0.7092492601715993,0.4143161444730685,0.1944444444444444,1,5
-0.70807194592394351,0.70498941933756998,-0.040299355051378244,-0.70604015219054261,-0.70585654811280818,0.05721745346507208,0.011892135646577283,0.068967036389482012,0.99754805648721345,12.416344828751424,0.18626751374353293,-0.69552195828881813,0.3333950651980823,0.2845181363128826,0.9166666666666666,1,5
0.42826850547396678,-0.89854316646332155,-0.09594928463079716,0.90282564549125288,0.42091975999687797,0.087934120155220799,-0.038625652905771024,-0.12428488905026802,0.99149449080232666,0.3604093141567703,11.34914827427902,-2.182221309499079,0.5007176333708231,0.4831218781806607,0.7701317715959004,1,5
-0.33353131497716615,0.94262891411636651,0.014408060292872515,-0.94114987185428656,-0.33381721956862831,0.052943201906676465,0.054715451549477809,0.0040980716527295995,0.99849357793150928,16.379125760436668,-1.3154701965822908,-0.38243026690265614,0.2949142001803694,0.2406375486924514,0.3333333333333333,1,5
-0.42826679498458703,-0.88702890770247489,-0.17253193679369899,0.89951876674861686,-0.43670646653613099,0.012387507924336766,-0.086333890105091529,-0.14989055669281656,0.984926027899375,-22.68514205527093,25.153167567957667,-4.2830668009662904,,0.2536944999862213,0.2222222222222222,0,3
-0.67289164123691581,0.73929359979371623,-0.025725715880010533,-0.73966702861519718,-0.67192531124500288,0.03753748643519228,0.010465463824204508,0.044287124679251152,0.99896402570592591,-4.9997268728146,17.163957554737792,-3.0355736083169598,0.3409376604485709,0.3032005234425895,0.9016393442622951,1,5
-0.66651687778943802,-0.72576244626066355,-0.17036467714745265,0.7407333964412931,-0.67051319456486336,-0.041546255077529529,-0.08407905219711273,-0.15388608615517557,0.98450484278619799,-0.23602723954421204,4.074360666304802,-1.5326780851014115,0.4918904504830637,0.3331557200395293,0.4401294498381877,1,5
0.98042044318030408,-0.15515335622599519,-0.12125671381801707,0.17715540669553376,0.96382764823118861,0.19912866791016173,0.085975092164388478,-0.21671109929337923,0.97244258595064581,12.696844498732709,-12.609804386109275,0.47219414412672139,,0.3236381737097016,0.4583333333333333,0,3
-0.41532955139368638,-0.90322376825409278,-0.10811192441168303,0.90560158374782385,-0.42177015095391779,0.044673384444703541,-0.085948445317842931,-0.079352153248588686,0.99313448259652126,-15.426002990406781,-6.0484004833473,-1.0889514399397227,0.127001760821583,0.117570279079039,0.3448275862068966,1,5
0.59674511955997067,0.80001175829707372,0.062261134488382802,-0.79686477859613492,0.58169620754422369,0.16320553532769785,0.0943492814720336,-0.14700581184120554,0.98462556556826153,-13.018219914150587,11.348094949532769,-2.6348263362336386,,0.2860956543663528,0.2619047619047619,0,3
-0.26184006105602164,0.95868035165979004,0.11122843956309102,-0.96372892216491313,-0.26588899759448387,0.02301316017098377,0.051636682784950705,-0.10116829690996054,0.99352837337003341,17.45158338494009,8.3613626002325159,-1.3755421135359118,,0.6876088096499778,0.131578947368421,0,5
-0.22823700875476571,0.96903315431768167,0.094247618897251334,-0.97182170818135249,-0.2326061740431607,0.038169821907912321,0.058910400967535921,-0.082880116011787811,0.99481679269487489,-19.80719265310001,11.490790497425229,-2.8798062909353703,0.6281517989411926,0.4941644489998899,0.9814814814814815,1,4
-0.6184857439674909,-0.77985745363517767,-0.09642477129159216,0.78043156838275496,-0.62393518955048011,0.040391166264917469,-0.091662160025894834,-0.050271574972973583,0.99452039555210958,-1.105377949004847,11.025734797919249,-2.2432603799915163,0.5882748863553876,0.3779894541791498,0.7056277056277056,1,5
0.39286716572521074,-0.91365521905806257,-0.10435291458797381,0.91828241556677259,0.38371087472526866,0.097587754756546324,-0.049120213312794092,-0.13416447109996893,0.98974092536308345,-18.178168791915162,-6.10212426152615,-1.1774430564925611,0.4371922944826511,0.4624471898870031,0.819047619047619,1,5
0.48342207821647565,0.87434954943522136,-0.04261407860425611,-0.87048267108786603,0.48528952894164679,0.082182677221720277,0.092536552932333066,-0.0026341036465366919,0.99570580387450869,-6.7988200145742743,6.3052487105382315,-1.9453528076479882,0.4626780684785258,0.4129556855750504,0.9813449023861172,1,5
0.85378124025733437,0.51900556024788547,-0.041119608660902869,-0.51364133473692042,0.8525853498725996,0.096284995883531177,0.085030424168777707,-0.061085592527167623,0.99450408614106889,-20.549305077885361,6.4578248707174177,-2.4316088946776193,,0.06938469442605019,0.5294117647058824,0,1
0.98939944492047749,0.13780858833115581,-0.045798814102825207,-0.12891213010590855,0.97867565588001526,0.15992380466765896,0.066861058192406925,-0.1523245008854329,0.98606634935352866,14.82549888527258,-7.0535242544270877,0.067532266811605304,0.2597878350981194,0.307110933991303,0.6875,1,5
-0.91576372737357503,-0.38554282830533376,-0.11284291368614717,0.39366617009762883,-0.91723389039333114,-0.060901041325897784,-0.080023385004136999,-0.1001934022590192,0.99174469496753115,-18.602148963702462,-2.6325092983767422,-1.5115207818753906,,0.1782153486072746,0.5,0,1
0.025599073929679559,-0.99436305031137362,-0.10289223289152141,0.99708916639294076,0.018002921277363158,0.074088386993584956,-0.071818393714792469,-0.10448932481809491,0.9919294830396389,7.2064494969216728,-5.7598599153939318,-0.3230582946834788,0.2755720614101627,0.2260964482115921,0.8148148148148148,1,5
0.99440836669324895,-0.073207694567000769,-0.076109353608143429,0.092854774731394085,0.9494170754980007,0.2999753449242209,0.050299016491843658,-0.30536510967857478,0.9509059673442718,-9.3432681160135633,3.8425396585729641,-1.7958285772609215,,0.1057421311806227,0.3333333333333333,0,5
0.70631931218196742,-0.68317673494552356,-0.18542539758071677,0.70596973303807953,0.69910270420394161,0.11341139717365097,0.052151368850065258,-0.21100937847382739,0.9760918383651993,-8.7727377321426872,2.2969156332662681,-1.6390723819520616,0.8594553646873175,0.5551051406389299,0.9357798165137615,1,4
0.10348990631769601,-0.9925103232923318,-0.064908377336865511,0.99258248358084122,0.098870980094727612,0.070742791743023017,-0.063795396219815587,-0.071748083272366092,0.99538051014066875,2.4944980004518071,3.8309537340794981,-1.4620037420583645,0.5060114895353092,0.4386266751975326,0.9848293299620733,1,5
0.42517767316212529,-0.87618829576774726,-0.22697580620861604,0.9041507651688041,0.39961382414219293,0.15106351445375063,-0.041657413375135899,-0.26944918243346516,0.96211319396255568,-2.3417138740969574,-16.355814044862662,0.29734118432281864,,0.3272800858897082,0.1851851851851852,0,4
-0.1867212041980939,-0.93610680147298797,-0.29805913530510358,0.97913244044768433,-0.20209925434562209,0.021343745123711885,-0.080217553975274927,-0.28785403875741589,0.95430875318487396,-25.538719070226545,7.3937404067218555,-2.6502812986845545,,0.2400288442837326,0.2,0,1
0.86351502927284984,0.49600238942906716,0.091232800573948503,-0.50089370792321541,0.82243239983987637,0.26964873642677267,0.058713606454062608,-0.27854367229265575,0.95862721380257077,-10.343821469895456,18.310825543818719,-3.2921340422351313,,0.2740402572489588,0.1176470588235294,0,3
0.049795275406344812,-0.99422600155822671,-0.095053081868749015,0.99597686454662304,0.042331921905440204,0.078981603400218078,-0.07450178410671715,-0.098603581138478683,0.99233402539245008,0.38370974117300655,-6.6749685367007512,-0.52614417511186984,0.2384351043109379,0.188797133073707,0.4166666666666667,1,5
0.790617410744612,-0.59709042169269511,-0.13567290868233414,0.61205521248434303,0.77704108838291752,0.14695429165368643,0.017678424653546142,-0.19922393251698098,0.97979451826096597,5.3141212860511251,2.0737715957641902,-1.1508554664810591,,0.3168909015513338,0.4033149171270718,0,5
-0.8249777743567811,-0.56077844176014169,-0.070279521017151264,0.55850196444649336,-0.82796230778143831,0.050536844011511026,-0.086528767047385088,0.0024405225471945983,0.99624636326711735,-7.5571488164570457,-3.5113461211982777,-1.0729169816075521,0.1590542936684669,0.08927392210925979,0.4482758620689655,1,5
0.98122759485574029,-0.17072362869453445,-0.089698660519490325,0.18760456671030526,0.95276569355621099,0.23883479589831946,0.044687063486635696,-0.25117917068842327,0.96690852233767088,-13.508743212875562,14.900718102096848,-3.0259767977767824,,0.2789458179291381,0.2258064516129032,0,5
0.74141848120569043,0.66854603814136693,0.057834510563584941,-0.66359391497382503,0.71765395749183847,0.21122479330328295,0.099708333334578639,-0.19498459472939034,0.97572498998532164,-22.866245629370248,26.39631819729836,-4.3784549192005144,0.5463409353261307,0.4601034609666612,0.6612903225806451,1,5
-0.1148490293454231,-0.99014739838056187,-0.080111359610358909,0.99007911443547636,-0.1206659966370503,0.071993502583579422,-0.080950896332768446,-0.071048200088344768,0.99418263193798029,5.5025248677524656,-7.6200916330828488,-0.24247849557020426,,0.08156498137441984,0.2,0,5
0.49608652366179168,-0.85634616017701448,-0.14342041343979453,0.86762794086494499,0.48254218617834388,0.119894932289403,-0.033465165046873045,-0.18391381815488381,0.98237253128336122,-1.9457484529451621,3.5570542549058146,-1.517844353465915,,0.07331839732645394,0.2140077821011673,0,5
-0.16187383193701166,0.98637749785096818,-0.029262506169003499,-0.98493815828601072,-0.15966918456036661,0.066351909196258885,0.060775709672442994,0.039562396730866402,0.99736709885514085,2.0208490510369574,1.3790422123570245,-1.2280247452013147,0.4356527088294633,0.3407887935842157,0.8003472222222222,1,5
-0.74241781496839965,0.66936737619964115,0.027624331614624735,-0.66992918173592619,-0.741978709373177,-0.025738809132252252,0.003267946783356907,-0.037615296310442838,0.99928695078405716,-8.8089972935975123,-3.0288519378086485,-1.1633999346349482,,0.1248895291469478,0.2857142857142857,0,5
-0.038460069966040226,0.97540839117854528,0.21702371630006015,-0.99632374140201063,-0.054069397103371386,0.066449248419957488,0.076549495993811584,-0.21367023825362227,0.9739020504895417,-17.793588364096482,17.369376286848606,-3.4500650561889445,,0.2715662322839372,0.3888888888888889,0,2
-0.87662252997704604,-0.46796121200881019,-0.11200555339753197,0.47617092771947667,-0.87716527112883214,-0.061986568869832462,-0.069240071717286647,-0.1076726110983052,0.99177236364392496,-12.869283549909467,26.437620366957308,-3.9817399970241194,0.3399494726675787,0.2723561258485269,0.3076923076923077,1,5
-0.81852205874466577,-0.56076360825077454,-0.12476303543103341,0.56786722814455393,-0.82264063567355594,-0.028092627823490673,-0.086881819432000934,-0.09384327466675299,0.9917887825802455,4.5508803815195025,-10.529957782836583,-0.032098712254191267,,0.2217990196076605,0.2173913043478261,0,1
0.90269450861464595,-0.41290299200556402,-0.12105264685175551,0.4302631448248182,0.86356105796536187,0.26293711295897881,-0.0040311688652580379,-0.28943638050286352,0.95718876472667691,-15.748677328992674,4.2272913141997313,-2.0750928992600977,,0.1670120783073929,0.2307692307692308,0,3
-0.70894401280053965,-0.70098476569723112,-0.077580570858091003,0.69868539317607814,-0.71305864616000003,0.058190106537610239,-0.096109875021553881,-0.01295088401874557,0.99528647460240105,-8.9608436278254473,0.76657572002340946,-1.5002187231776596,0.2167426375304408,0.1594034375887734,0.7201834862385321,1,5
-0.093941757960457464,0.99508538609627128,-0.031305278930789153,-0.99347617233031804,-0.091655096148218651,0.067856011980976252,0.064653237530694643,0.037475561739572102,0.99720386137895811,-1.0224681115655747,-10.997502049886872,-0.18537976400338985,0.2461641451301951,0.07594999224065833,0.4583333333333333,1,3
-0.90696653385083836,0.42038845281831316,0.026177379769974928,-0.42025744874173393,-0.89902049030466546,-0.12306841507652858,-0.028202539809129502,-0.1226201726853485,0.99205287661441255,20.689831629710703,7.888932328695784,-1.0397987732666607,,0.1888608530253336,0.1818181818181818,0,5
0.96199378115232537,0.27284740212277925,-0.011057132499086176,-0.2562099521283539,0.91586121378382424,0.30911922864294161,0.094469177273005661,-0.29453782820084584,0.95095901189488219,-15.55203530358747,14.44244054510683,-3.0587579158264702,,0.2731818597955736,0.2564102564102564,0,4
-0.75010397458393374,-0.65714643030245934,-0.074179488095554122,0.65505569437726618,-0.75371206625093967,0.05310516407709942,-0.09080784424982942,-0.0087573014378191389,0.99582992779601909,2.0442874789428318,20.951520342245704,-3.0389243089060551,0.6254569540191577,0.5929053599360609,0.9516129032258065,1,5
-0.81728622608863188,0.57529676292594001,-0.03281553310150722,-0.57620587508385757,-0.81646442520389151,0.037049047158123648,-0.005478518471922318,0.0491881788991399,0.99877450352516461,15.375606796453122,25.590408489085601,-2.3034040308079624,,0.5726484679808532,0.2222222222222222,0,1
1.0098854393618099e-05,-0.9764957028065846,-0.21553686992783344,0.99873525724604328,-0.010826932053208912,0.049098507879517049,-0.050278085004233593,-0.21526476707206377,0.97526057760257978,17.754272419583121,19.864476449085107,-1.8529291890446888,,0.5297095882483124,0.4571428571428571,0,3
0.80253605663875438,-0.56733715391209538,-0.1845655211182245,0.59659508558556285,0.76481121557261034,0.24318328147613599,0.0031908697675465457,-0.30527423462400149,0.95225913491279091,-18.487950240477375,-4.2944569788801141,-1.3846809102573725,,0.2823235864747965,0.1111111111111111,0,1
0.86965602166368494,-0.46835809621969265,-0.15600992817624432,0.4934499348600811,0.83391646640748895,0.24716490212210296,0.014337565018984942,-0.2919315343704959,0.95633174864657389,-10.431752581218623,20.213478725223233,-3.4755960175513039,,0.07731765011952248,0.3571428571428572,0,1
0.73795557165852754,0.67380873084357407,0.037461560259909141,-0.66889006463210987,0.72295045838883987,0.17299917962758532,0.0894855054999803,-0.15272337396200134,0.98420928432476973,-11.904615835248579,14.517930085085695,-2.9505346839334563,,0.1316896769147898,0.1818181818181818,0,1
-0.53258639922277862,-0.84073845683350801,-0.097522174730292108,0.84057934451232086,-0.53887794322522065,0.055108328631816264,-0.098884240110097471,-0.052625179397000392,0.99370644435430822,-3.9216260071416547,-6.7023085321165095,-0.65910413548816882,0.189602503565494,0.1529361682037112,0.495575221238938,1,5
-0.48541546615835696,-0.85694653666734277,-0.17324681384692769,0.86656605666972131,-0.49786099505733478,0.034607788551284761,-0.11590985567308343,-0.13333065249359363,0.98427020805441334,5.1603174105903982,-4.6898048131723149,-0.51940828461559208,0.1926774339626639,0.1421337923876882,0.4814814814814815,1,5
