axis_00,axis_01,axis_02,axis_10,axis_11,axis_12,axis_20,axis_21,axis_22,location_x,location_y,location_z,dbh,dbh_approximation,score,reconstructed,number_clusters
-0.932634135387583,-0.3575048611573115,-0.048824622463947191,0.35835485892961966,-0.90193311132610976,-0.24103621672922079,0.042135075547433155,-0.24229514428171067,0.96928721154574071,4.9954252542163227,-1.7887512110990313,-4.7839931337126513,,0.2804175689558946,0.1851851851851852,0,5
0.99990916513232975,0.00094731237936657696,0.0134448534250839,-0.00087026543912918403,0.99998317443667639,-0.0057352839172739685,-0.013450060313305236,0.0057230623622482645,0.99989316551057861,-11.007276537443079,9.0838535938716003,-4.3581733469780737,0.126992130693609,0.09146690164575855,0.2391304347826087,1,3
0.92420208018462968,0.36624116744000851,0.10824935221322091,-0.3785878352240894,0.91587410529665625,0.13358845110033238,-0.050217188319738114,-0.16444461231438334,0.98510720405346297,-14.537191839361128,5.5516748249364873,-4.5862270205490061,,0.0974829422365425,0.1428571428571428,0,2
-0.76997164603737711,0.63596873157646638,0.051840493395722408,-0.63612297221551772,-0.75871960955025564,-0.14032860828641697,-0.049912208107708349,-0.14102597824843266,0.98874690641280139,-4.6758097992678209,-18.702187783281378,-6.1630190791390191,,0.09974320104803987,0.1578947368421053,0,5
0.42762380679941514,0.90240909690906335,0.052874395260335508,-0.89923153176528492,0.43063303960990007,-0.077057364835547565,-0.09230672855993223,-0.014594759748206362,0.99562365422405275,3.4087352705556557,-2.2726590158908424,-4.8433428736562636,,0.09655615750791099,0.3177570093457944,0,5
0.83371198755284204,0.55048855933833141,0.04343578994673529,-0.54806965507798033,0.83451504792262554,-0.056606430495133933,-0.067409012701508578,0.023387621262223116,0.99745127408726164,-3.359147137937367,9.1019475570889821,-4.1497210729093936,,0.07361465532420437,0.1875,0,5
0.99983532679510922,-0.014533360645792741,0.010867415555542189,0.014477926609000689,0.99988186299297088,0.0051623346278959212,-0.010941157782515773,-0.0050041468848653773,0.99992762217089148,-9.3993096425019154,8.2444369279080369,-4.3533976163169239,,0.1066471239915246,0.4848484848484849,0,4
0.66623154389006234,-0.74549387626686259,-0.019349686676297443,0.7434660594642406,0.66599892122165993,-0.060857664729252747,0.058255886831951008,0.026159460625019282,0.99795888405746946,-22.367915404739499,1.0954394193392509,-4.8644536645460699,,0.09043727091899037,0.5,0,1
0.57452646462773327,-0.79616478742517194,-0.18984460146811949,0.81750998181215262,0.5695158550532502,0.085610282562667464,0.039959618114444553,-0.20438522966984823,0.97807459164061294,-12.491771687642766,5.0147700600938592,-4.5724478965435669,,0.3403596649919714,0.1515151515151515,0,3
0.89962978416671402,-0.43665245924672558,-0.00093876191878493006,0.43564258141454498,0.89769120242990319,-0.066076064792234032,0.029694994504544398,0.05903503124199011,0.99781414721762385,-10.171865020601231,0.78193358836082683,-4.7897465401541339,0.109653603504084,0.1344661759123618,0.6646706586826348,1,3
-0.96426563999803339,-0.26318859182654375,-0.030389811640483114,0.26460382196933308,-0.95094184116090708,-0.16029482876476595,0.013288826825741503,-0.16260805595623221,0.98660125036396051,-7.0320567823887847,14.218498107055213,-3.9651828479724731,,0.0946703224618088,0.4210526315789473,0,3
0.27646224205659192,-0.95001274316072126,-0.14506693816746288,0.95895431444794477,0.2826089030060519,-0.023212728047058127,0.063049595706182973,-0.13269512339930223,0.98914950978470872,1.1605161855901978,-11.003639985744538,-5.5283196628257087,,0.1849437948944313,0.2592592592592592,0,4
-0.27720269804981962,0.95908991247709097,0.057490903442076406,-0.95741382406397701,-0.27069991910819596,-0.10040081317403575,-0.080730624208487534,-0.082873962011609806,0.99328468866453679,-3.3152017842322339,16.861829154662306,-3.6966313117968514,,0.2958027817374799,0.6764705882352942,1,5
-0.065161606159321359,0.9553787684331867,0.28810653222345489,-0.9956553386433542,-0.043002365416844046,-0.082590817888816268,-0.066516251500854121,-0.29223655725395359,0.954030074416227,8.0671687001741148,11.44523956489555,-3.740348932570555,,0.4162290722668067,0.1666666666666667,0,2
-0.77435279210886943,0.6228515120310123,0.11150671420985528,-0.63256529321071808,-0.75770204950065645,-0.16046418294355225,-0.015456493083321201,-0.19479116546492908,0.98072294695208317,6.043160511691597,7.2285815384840051,-4.1192859134169737,,0.3930393262280895,0.303030303030303,1,5
0.98944079759805115,0.14358407443831775,0.019761619777404676,-0.14241420749120931,0.98846666822512841,-0.051496012589009009,-0.026927709764959774,0.048137920349846583,0.99847766077724998,-2.9815909494022574,11.009580569977885,-4.0111717533471198,,0.6841988785250444,0.9931740614334471,1,5
0.049500012318595674,0.95169071473292777,0.30304212953248799,-0.99564507331663321,0.071017188646446613,-0.06039409654153563,-0.0789977009840932,-0.29873289475362663,0.95106152315785741,1.0327469104072722,15.681848558753954,-3.6012205737536624,,0.4265948574837428,0.5151515151515151,0,3
-0.9278983005055893,0.36459739107890604,0.077932575584882868,-0.37273178902034532,-0.90227363350170942,-0.21673325481179576,-0.0087038711233016521,-0.23015436712362689,0.97311520896623072,10.036900650649326,4.4022964732702103,-4.2687039426042999,,0.5004227021947811,0.5161290322580645,0,4
0.94935166867022502,0.30376108929498474,0.080377918754993588,-0.31047494547720111,0.94619321865225525,0.091234320337333571,-0.048339605128600791,-0.11156878419526894,0.99258031864892493,0.66358240193438112,13.563664055704226,-3.7498390385060714,,0.220023624293249,0.6507936507936508,1,7
0.1710220741433261,-0.98445775669936419,-0.039929630979653283,0.98127586699273084,0.17383349162856879,-0.082943294158633468,0.08859527647329711,-0.024996849054969565,0.99575400301678141,-28.339719433347515,-5.9907823034925398,-5.3720011542730806,,0.3485520467782557,0.5652173913043478,0,1
0.90585616936511271,-0.42358194922327808,-0.0017125172620865187,0.42286782238810494,0.90454941338598027,-0.054526723098141917,0.024645592139502622,0.048669200068294477,0.99851084308224014,3.7141064387713598,-5.8251799939325863,-5.121530238395386,,0.07004355579394654,0.275,0,2
0.22852165887488129,-0.9732421322471696,-0.024033381868883257,0.96980031666933419,0.22973611426226562,-0.081906431931409146,0.08523612622082069,-0.0045901876495898627,0.99635020598392532,-6.3086705990084333,9.4691709560678312,-4.2146205982030933,,0.08029910271351208,0.275,0,4
0.61022161984211443,0.79145084571274238,0.035144466105644208,-0.78781995907669466,0.61090141502799011,-0.078352876125858187,-0.083482254148177476,0.020125107139688805,0.99630602392284806,-24.056150656765862,-14.117542634372255,-5.8630895620837213,,0.4607732296104836,0.6111111111111112,0,1
0.41065098582438359,0.90589859091438019,0.10350609074254091,-0.90724639105487603,0.41728408914713477,-0.052706497346621223,-0.090938186475018501,-0.072261552183628508,0.99323134984586958,-6.9136109252744449,0.64175579217644718,-4.747414214537641,,0.488010507837786,0.856069592724397,1,6
-0.99740651704548167,-0.070978077052192667,0.01193114970046423,0.068216812367655325,-0.98512074531885452,-0.15774531261758878,0.022950082039025581,-0.1565222978377129,0.98740774962221389,-4.196831533174997,1.3249574372875015,-4.681165306703357,,0.08912174676429677,0.398921832884097,0,5
0.15978434929158083,-0.93545121202203874,-0.31527764216316495,0.98313584972128287,0.17957992633013592,-0.034568064048681138,0.088954273164794373,-0.30443731700591753,0.94836968387858178,-16.322131280093746,-6.7879952395860368,-5.3335892972116303,1.685683012520488,0.396341717022291,0.2093023255813954,1,1
-0.96202210437100655,0.27150743177001779,0.028234468212256607,-0.27223331190075045,-0.94667239461575858,-0.17233804328706359,-0.02006226789594134,-0.17347936985738166,0.98463313657461116,12.420553846006616,11.051934930153164,-3.7007730473397742,,0.1378742929131911,0.1,0,5
-0.92469584950880701,-0.37852958402176828,-0.040656363849856429,0.3778452271311028,-0.89942867505101287,-0.21968396124939132,0.046589378998118131,-0.21850266020413953,0.97472355939942434,2.5028125651027904,4.6449413261895014,-4.3412147405204307,,0.2738086034292588,0.2121212121212121,0,3
0.67635559633059528,0.73556046747976833,0.038651080104328467,-0.73221567908723684,0.67712685248303495,-0.073208093440796804,-0.080020663650728574,0.02121377682932999,0.99656744330804525,-3.6466506016282461,4.6677277514877851,-4.4462860945051119,,0.1411399924265441,0.5454545454545454,1,5
-0.64100102888116439,-0.75999907393145705,-0.1073270170861796,0.76097346367124175,-0.61102121343448512,-0.21811112837552099,0.10018517136523981,-0.22148246963671328,0.97000435415627917,-15.086446348943785,9.1050798095049377,-4.5015596914558023,,0.5453491546590975,0.3035714285714285,0,3
0.99522688098338408,0.094210212870291757,0.025453706194181986,-0.094686308610289469,0.995340903927594,0.018193073691843271,-0.023621141586351029,-0.020516353465811987,0.99951044062111893,-5.3497701491593377,6.760877087462327,-4.3495978007497103,,0.08504401770019673,0.2716049382716049,0,5
0.89583919647225541,0.44169227371441749,0.048785954996608788,-0.44112047837876822,0.89716558954466208,-0.022508409358828696,-0.053710870583427814,-0.001356568452387447,0.99855560791735765,-8.3967351136355699,-12.916017476877439,-5.7199559045800754,,0.08693231262397649,0.2352941176470588,0,2
-0.22498881247443564,0.97044142149408907,0.087312551846075989,-0.97231584783683855,-0.21780983320290212,-0.084621324767770123,-0.063102506342234285,-0.10393422924452948,0.99258034923358862,10.959926948719737,-1.8264614624195914,-4.7405129179207233,,0.7769219091493013,0.8396946564885496,0,5
0.87973975988498265,0.46957036154201104,0.074576339671624817,-0.47144880722468535,0.88184872165315531,0.0088799935313210905,-0.061595268032000661,-0.042971009762395131,0.99717576949907161,-8.8041022668180915,15.170568492948858,-4.0303213593981368,,0.2098361476881894,0.3666666666666666,0,5
0.98658679155709939,0.1632296058387856,-0.0016119872154701806,-0.16323751249573454,0.98653042354148379,-0.010546939900521248,-0.00013129841234618079,0.010668608380429085,0.99994308015804167,-14.953247786500889,0.15469243234525429,-4.8694759571069639,,0.1399117301974129,0.4492753623188406,0,2
0.7401033115036213,0.66931537720525647,0.065299419124212194,-0.66776761217171254,0.74292086115787015,-0.046422087317766439,-0.079583317572614595,-0.0092476966339858514,0.99678532075422477,-3.8214376311810145,-11.28980986513757,-5.5737383870602466,0.2004766660676993,0.135229631759938,0.2380952380952381,1,5
-0.26206543874864258,-0.94811011701626657,-0.18002475336709037,0.96284785839902121,-0.24428247030434197,-0.11510897566404374,0.065159092918016373,-0.20350253244961958,0.97690378845446801,-4.6679177838336656,-12.084805419318728,-5.6180426280198326,,0.4531633468101596,0.2093023255813954,0,4
-0.88973307005379287,-0.45605589118048745,-0.019699953609687789,0.45515090576459433,-0.88302141328709916,-0.11450256179720816,0.034824086984757793,-0.11084316756582406,0.99322760491724793,1.254872584043085,-3.5462543691881176,-4.9494909281253552,,0.1289474256890801,0.4644808743169399,1,5
0.84270209333341251,-0.53601872870363054,-0.05036967709274405,0.53702003613022797,0.8435323357054334,0.0079170331579293523,0.038244773318353111,-0.033721226227390447,0.99869926214829463,-8.4558214539021872,-7.1200341943429075,-5.3005981043758394,,0.090965792961142,0.3152173913043478,0,5
0.90845623517150187,-0.4157459353655788,-0.043157687669998654,0.41729811778733555,0.90802196472718621,0.036856376166511481,0.02386523976766252,-0.051492026567037753,0.99838821183488113,-20.37050001098142,4.4093812907084136,-4.6653851317893631,,0.3987193003566747,0.32,0,1
-0.95358528421703692,0.29648022702422855,0.052674288873928485,-0.30086496268038659,-0.93083655583232139,-0.20742126351353229,-0.012465149659820034,-0.21364171247647906,0.97683255409208947,2.2412102100445961,-8.2908205089133471,-5.3092220132984238,,0.6985754969184025,0.3653846153846154,0,2
-0.090976539981365262,0.99331969952406562,0.070987630686198316,-0.99175038742108212,-0.083907441238094724,-0.096905677620096553,-0.090301928125336467,-0.07921815348956783,0.99275880551851603,-15.496403794517285,-9.9306244358237237,-5.5476610471969945,,0.372168128796162,0.8741935483870967,1,5
-0.37310019461912253,0.9215924653771449,0.10706807430438629,-0.92406577178996807,-0.35878841701340131,-0.1318078951475547,-0.083058378152863141,-0.14811549404803784,0.98547608100933748,-1.6791112855814763,1.8604733423011253,-4.6020616914021026,,0.1536178819675746,0.4227129337539432,0,4
0.72410801185297713,0.684938833483409,0.080786023275776303,-0.68603467276406271,0.72735362785500046,-0.017695417815736508,-0.070880285946326546,-0.042608619228446457,0.99657437787232461,-9.9829195858172284,6.8913921710261645,-4.4266249239783368,,0.08465127357578203,0.3333333333333333,0,5
0.96199373659872611,-0.27302053241599661,0.0052763267627269472,0.27289237159608348,0.96048339803509664,-0.054784994511452099,0.0098896041117166218,0.054142690903208932,0.99848423360225069,-6.8562691259588453,5.2257387759716609,-4.4668358756951969,0.05452248368025342,0.1056140385127276,0.6707317073170732,1,5
0.90068182281817355,-0.42984580856634519,-0.063283764923368305,0.43406500605977544,0.89658604548918852,0.0878694119041699,0.018969042128113085,-0.10661164988875597,0.9941197772646605,-14.094395037195726,-3.6939805091065976,-5.1082741224704113,,0.5033985990542477,0.3305084745762712,0,2
0.72329596298876708,-0.69044386841256045,-0.011411156630698497,0.68899068817257847,0.7226822235314514,-0.05497486155610791,0.046203696125182964,0.031900914769569161,0.99842253084615229,7.5817559168859017,5.0211670905960295,-4.2341096740292858,,0.2080779996961971,0.3333333333333333,1,6
0.99998314670625144,-0.0057698996246224512,-0.00064386472698670441,0.0057919900099397941,0.99908620525695591,0.042346278667455349,0.00039894258939645688,-0.042349294251248185,0.99910278656464224,5.5096546081262705,15.952249422481945,-3.4481869726207135,,0.3450010596635399,0.4411764705882353,0,5
0.93062471252671919,-0.36209574035489617,-0.053144324733695174,0.36289363444497597,0.9318120008067925,0.0058826211638981279,0.047390447496061333,-0.024760249782290963,0.99856951461420118,-23.443478301642582,15.21298455531935,-4.7650858596018404,,0.1460050060718869,0.5,0,2
0.15867884737376148,0.92384513744693408,0.34832626287977408,-0.98282734265042415,0.18145435876863142,-0.033536997816892802,-0.09418831103082799,-0.33702296316352065,0.93677322995783763,-21.656563635427311,-7.9076050931749009,-5.4340789335544581,,0.1977957269918861,0.52,0,1
0.7695613776442255,-0.6110327286972006,-0.18551089051366704,0.63701186405132637,0.75487229259836031,0.15615283194725932,0.044622540225486021,-0.23834182664431278,0.9701556589412218,-14.836623680056896,-15.107357786094077,-5.9088391967062561,,0.5553404424978238,0.1428571428571428,1,2
0.98294043200203707,-0.18382558788209657,0.0060216588620162249,0.18392372364571916,0.98248461354160244,-0.029934061440122603,-0.00041354073799803887,0.030530925203955884,0.99953373709457582,-12.535006143530254,12.287695561805084,-4.3232554346207444,,0.08009164873724603,0.25,0,5
0.15909558509352564,-0.98385230679075197,-0.081995324417088677,0.98328363372515204,0.16535645820913319,-0.076226880933110766,0.088554449080823716,-0.068497300319399934,0.99371335373785952,-5.5231157303638998,-10.831047820816396,-5.5452358062797549,,0.1008313319941857,0.2653061224489796,0,2
0.6441869975152501,-0.76440511171295933,-0.026607093403562501,0.76363394782885174,0.64473365763026691,-0.034375928235040827,0.043431623911732047,0.0018264462205172271,0.99905473230378805,-9.3114958401357892,-10.552151729511058,-5.5409604241078823,,0.2101352001673105,0.754863813229572,1,5
0.95845130437412573,0.27812276391759561,0.063394205842286,-0.28212884896935658,0.95705576497268785,0.066690144037698865,-0.042123742981397656,-0.081804589867441477,0.9957578015530969,9.3835529548314369,11.376679263284231,-3.7251560954509944,,0.2205315974140481,0.3333333333333333,0,1
0.97900891324463057,-0.20345325964970082,0.012178625763117517,0.20379371830213827,0.97623434275023813,-0.073719932281563635,0.0031093678063811915,0.074654398215517323,0.99720461925270021,-12.970054391950329,7.9097954224282159,-4.4678065937762126,0.844648939370593,0.5916571082953785,0.9706840390879479,1,5
-0.99758526143108217,-0.025227429688159483,-0.064708754947124816,0.041892071832898711,-0.96169449767659232,-0.27090357593821529,-0.055395852669900679,-0.27296019843540203,0.96042908617819311,-15.916041010282143,4.2029365038569289,-4.6561822211361665,,0.225404061172202,0.282051282051282,0,2
0.3785920647087031,0.88259705378938957,0.27873013683828624,-0.92098248328580212,0.38915548027695107,0.018688971377037462,-0.091974529193236135,-0.26378106985283095,0.96018760311044293,-13.493468458428778,21.456816286678588,-3.9985754469679033,,0.3116834317175005,0.2,0,2
0.98886847879518791,-0.14857715679321104,0.0079975073952172019,0.14829463220429601,0.98852888164914388,0.028624328898427503,-0.012158688444216924,-0.027119709156596269,0.99955824626210643,3.6180466815419816,-7.267764280276559,-5.218734745944408,,0.4858639957917603,0.7732919254658385,1,5
0.29995433624343382,0.92154764040652504,0.24653061195301343,-0.94936965590616795,0.31367655682050488,-0.017443455673599954,-0.093405848924815141,-0.22881644207180293,0.96897800967010383,-9.4441401282580273,13.946267811820571,-4.1017634902808879,,0.6776179324454012,0.4102564102564102,0,1
0.50247049395836851,-0.85189927013822753,-0.14761787235693771,0.8641287253632115,0.50042865203553455,0.053410768802269422,0.028371617919760981,-0.15439817926340238,0.98760126242161217,3.5588492618047298,-12.526943514597271,-5.6328035869343296,,0.2600520840824904,0.2439024390243902,0,4
0.24062446067569654,0.95657451624885981,0.16451463092317745,-0.96968531331088625,0.24434476376615363,-0.0024555181184035277,-0.042547174685251911,-0.15893656370804587,0.9863715864941468,-18.3938980926448,-15.393789789032867,-5.9435323699464995,,0.2560867136284156,0.2413793103448276,0,4
0.76774206256979427,-0.61936786870726268,-0.16418151106047801,0.63891853395963749,0.75938678450327457,0.12294233804774331,0.048530735868586562,-0.19928661453996591,0.97873878687893701,-0.054476720295969012,12.807262675243987,-3.8374159744953715,,0.1558917312392292,0.3043478260869565,0,4
0.88628697156148251,-0.45817019004051701,-0.067642301842948283,0.46226362511648489,0.88409338174274099,0.06849257808587908,0.028420853867223251,-0.091972655267316808,0.99535585885076183,-14.787786398173772,7.3714505902636063,-4.5306528681962739,,0.5087190178711926,0.2391304347826087,0,1
0.88759665640630225,0.45663231290182027,0.060490547611071734,-0.45704996167380707,0.88940895719046831,-0.0075524435341081837,-0.057249524629683857,-0.020943678838696092,0.99814019769087414,-20.996436538285085,-4.6755627663131927,-5.214688034282621,,0.09773525974435898,0.25,0,1
0.77502115017105444,-0.62669996518461479,-0.081174937173607034,0.63026529328723624,0.77590177761771661,0.027241357661140532,0.045911620153189781,-0.072274373932054631,0.99632752546922998,-12.077034631808077,4.1124103896042099,-4.5978552550034326,,0.2367915320640497,0.3333333333333333,0,1
-0.063666673250169004,-0.97140403782713569,-0.22873729475184745,0.9935703425109309,-0.0401971800302027,-0.10584026266185957,0.093619064297653432,-0.2340050897112215,0.96771746330696928,-17.467452662463565,-9.0266299808325385,-5.4816266597691863,,0.1063411849230713,0.1666666666666667,0,1
0.21274883253763724,-0.97168677451675511,-0.10277522309922979,0.97366437819270535,0.21964488116672778,-0.061104867366404331,0.081948843143049829,-0.087068584497958471,0.9928259911490217,-3.865134129419836,7.7590800728029024,-4.2458015678038521,0.373080472092401,0.2606523865544806,0.4645669291338583,1,6
0.9477997259400931,-0.31502390202671654,-0.049352007656678014,0.31854942974893175,0.94234601402916207,0.10251951350830563,0.014210570520340108,-0.11288902070268361,0.99350597818547348,0.21205221116357886,9.6567293542866395,-4.0432656487098626,,0.07686644125937689,0.3478260869565217,0,4
0.94015681734063472,0.33810278799845755,0.042328046914526268,-0.33760878416324414,0.94110395632250188,-0.018537859907503475,-0.046102794532916887,0.0031381749161270402,0.99893177154120549,-5.283297868215719,-16.903835636798345,-6.0004814413824272,,0.3599106128806743,0.8557692307692307,0,5
-0.034574548123774196,0.98848455038379324,0.14731902210707634,-0.99787711056934481,-0.02600448729443687,-0.059707946224329213,-0.055189426739283461,-0.14907065537221559,0.98728520037681411,14.534298725494363,12.248014296911276,-3.5524995085900031,,0.2697970860304379,0.5384615384615384,1,4
0.10708806107848466,-0.99412393712679925,-0.015803316296361392,0.9900924173613771,0.10807882124175403,-0.089643591419007435,0.090824843836671137,-0.006046985241017518,0.99584852347710984,4.3448629884032135,3.7066147551419104,-4.3909127323870898,,0.1307628349387355,0.4779411764705883,0,5
-0.7940409225568148,-0.60570040300773476,-0.051244854389391803,0.60063932479399484,-0.76885077892187781,-0.21931913109037104,0.093442039875721847,-0.20492803992496814,0.97430646289367007,0.72801615562800504,8.4100737754488684,-4.1100136070405355,,0.5156826131126255,0.6258503401360545,1,5
0.30037402357736398,-0.94865808423470732,-0.09911248748810926,0.95065144250319267,0.30621984704163885,-0.049912324574143289,0.077699940968732839,-0.079229063442215961,0.99382366377518161,-11.858724500047975,6.8375872441204564,-4.4818405229289686,,0.174500841562191,0.2368421052631579,1,5
-0.93086541102514353,-0.36517588554241137,-0.011668726378950311,0.36240959097619491,-0.91881948058101093,-0.15630115314132678,0.046355958899134977,-0.14972419551681354,0.98764051676274645,7.2667404313039272,-2.400029432787643,-4.8321095742204259,,0.120002565468546,0.1935483870967742,0,5
0.23926793694579956,0.96971937012386744,0.048940755575199626,-0.966393767895524,0.24272079543663683,-0.084674085972620064,-0.093989040437665747,-0.027036247320530948,0.99520605987324573,-18.227221866089927,11.871457857141355,-4.5431332983836983,,0.07938028153705587,0.25,0,1
-0.51320910462007063,0.8514368421459827,0.108035729143377,-0.85530484148131747,-0.49692864620470861,-0.14668179409787913,-0.071204234942048597,-0.16768191440233279,0.98326635888180636,-7.8742826186135364,-16.752949619927964,-6.0111972868881436,,0.1806075454545462,0.1428571428571428,0,1
0.99439063357351432,0.098276596498421145,0.039102153929820228,-0.10251901967251009,0.98649657501420063,0.12772767159327236,-0.026021500084590834,-0.13101991476847261,0.99103817457624188,-9.2892564414608696,3.7138971233076052,-4.6033537961545603,,0.1009005325422866,0.1866666666666667,0,2
-0.37455879350337223,-0.90953565976073514,-0.1801404836034993,0.92123460367346033,-0.34304763978270753,-0.18342606639765327,0.10503578058881,-0.23465549314498971,0.96638723311775032,-12.244195684033105,-1.8652893820953453,-4.9851457393021716,,0.4413353257115142,0.6530612244897959,1,4
0.01735369923000555,0.99528640930843226,0.095413901340230811,-0.99561931541928506,0.025970217751158861,-0.089820524124456624,-0.091875066732325178,-0.093437204773506477,0.99137705282957067,1.1160441088507658,10.693491805705492,-3.9481559117376706,,0.2127367010506132,0.3611111111111111,1,4
-0.7031836189698214,-0.70522301659132081,-0.090516820991144886,0.70423970656834145,-0.67329788457427475,-0.22520300690786335,0.097873559785273248,-0.22210460485466002,0.97009809338917574,6.9643359819940631,-6.3181866158459608,-5.1316017810975101,,0.4355712511394035,0.7142857142857143,0,2
0.94684050307681455,-0.31945383903431424,-0.037977710034728336,0.32133920993155818,0.94477080388408086,0.064414596861179355,0.015302741382035407,-0.073194076635098734,0.9972003074867799,-15.473769302327092,1.5233559823605811,-4.7916806757016897,,0.1518787805371781,0.3857142857142857,0,2
0.67410897366986344,0.73575611202995739,0.065115552891178388,-0.73306849674398145,0.67722637154692911,-0.063047765724881799,-0.090485748597679508,-0.0052330958276112904,0.99588400128166354,-7.0031972889159357,-11.359287891579802,-5.5957854699520766,,0.3461577957077232,0.8195876288659794,1,5
0.81421741018844451,0.57969523501449027,0.031677175497785828,-0.57666003168121915,0.81385680183011899,-0.071416482525154104,-0.067180479362966825,0.039881582420274536,0.99694345003927742,-22.203718714628312,-2.2680028022033247,-5.0688237519281865,,0.1078404234384165,0.3888888888888889,0,1
-0.79585285659544924,-0.59934096565059958,-0.086073442721144033,0.60315048512670766,-0.7722420183404648,-0.19962904949145688,0.053176338161632447,-0.21079058803099418,0.97608381046776294,-6.9409140803861176,-13.050898640027317,-5.7193239099612168,,0.3584526053025511,0.125,1,5
-0.93594066440629198,0.3485741581452324,0.050111166261135091,-0.35082978895055339,-0.91057709966902622,-0.21855846985018459,-0.030553754198441481,-0.22213824936666435,0.97453633399309147,-11.022453535241635,26.619178391221688,-3.552774742284651,0.6965970592978744,0.455668903654552,0.7222222222222222,1,5
0.84454802780999805,-0.53547567875230195,-0.0021038505183011836,0.53426361010768353,0.84288800509771666,-0.064048464283660358,0.036069705251730304,0.052967993421989962,0.99794457162504768,-7.5281764761252692,1.4766566306556153,-4.6886728817802004,,0.06987510974391524,0.2631578947368421,0,5
0.86940571863638061,-0.49400845330204335,-0.0094522202938049464,0.49398816593951206,0.8694567964472536,-0.0045355290096420874,0.010458886846925201,-0.00072607010896893608,0.99994504074380075,-5.0814119327935066,4.239526757251884,-4.4833435078082573,,0.2513021683785964,0.2636363636363636,1,5
-0.88742914488115565,-0.4575375034676154,-0.055936980041128528,0.45105612412099549,-0.83697351070125725,-0.30987693569763564,0.094962548978241551,-0.30022454147693073,0.94912977984389513,-0.60886808632482492,11.304833332277571,-3.9485394732357841,,0.4452490662549634,0.5,0,2
-0.4312836233697569,0.90133946704281376,0.039769352069524554,-0.89895664608453474,-0.42556402057995224,-0.10378927135436444,-0.076624961164738339,-0.080513536369992048,0.99380389704795369,16.51801591400195,2.9707513694930792,-4.3362646545814192,,0.07541308748571041,0.5,0,1
0.75322761436146068,0.64451369519429402,0.13134023629618288,-0.65358102551457342,0.75584229299251415,0.039169774203268365,-0.074027049452610905,-0.11534524190799054,0.9905632090475226,-17.261867595089896,-10.843722492080566,-5.6077307640634446,,0.3500062940027504,0.7921348314606742,1,5
0.75301615472235539,0.63747364410829555,0.16307674204020656,-0.65139517615165654,0.75723098540404088,0.047807522738343877,-0.093010726335783903,-0.14222724004674794,0.9854544215615324,1.1648218141814608,11.769723786979084,-3.8821049175810285,,0.2176612138284454,0.25,1,4
0.96778020480665683,0.2468567063873835,0.04963105576106102,-0.24876042488667466,0.9678705506580243,0.036672171726435304,-0.038983665740736889,-0.047836844382810342,0.99809413890920551,3.5756599815163841,6.4900836160396462,-4.1944289999825974,,0.3242353596104978,0.8333333333333334,1,5
0.38452309228153758,0.90435358335967053,0.18516637860791027,-0.92184818667943691,0.38669741406884822,0.025710516686751884,-0.048351961884479551,-0.1805815777342461,0.98237079637219082,2.7755696866561186,-1.2421827247310309,-4.7847288549647473,,0.2886547014891984,0.15625,0,2
-0.90616138483060249,-0.42031151675603956,-0.047008228259779052,0.41288906149711996,-0.85508405016661526,-0.31361423763388957,0.091619689684660444,-0.30359429512574143,0.94838617473537223,-18.189426361280876,0.41567182456462459,-4.8785382774216792,,0.3406964769539094,0.2702702702702703,0,2
0.46906240097355362,0.88107800921776525,0.060679532511267925,-0.88060433602905297,0.47182541565911784,-0.043781051893854075,-0.067204667693226514,-0.03289861411915946,0.99719667760642017,4.2912808399670155,4.5413373364887191,-4.3382013172283838,,0.2080855630525193,0.1707317073170732,1,5
-0.79544182842721978,0.56940024983875126,0.20749856161411712,-0.60581768287247784,-0.73804062905368428,-0.29712112847298872,-0.016038475843473829,-0.3620488714933498,0.93202112741236109,-13.564604823519526,16.363117092430379,-4.3108330353610276,,0.5874393426622967,0.2,0,4
0.99986122216351814,-0.0045559726934838972,0.016024341686693595,0.0041354889007569661,0.99964878846847138,0.026176276378977476,-0.01613797215350778,-0.026106375204787185,0.99952890054687216,-11.722262207203572,9.6872868833198638,-4.3846172008110864,,0.1999528593418181,0.1153846153846154,0,1
-0.43149845036168355,0.89942550028430512,0.069590637113010917,-0.89880981348638256,-0.42204095346531717,-0.11841601571857439,-0.077136285339918828,-0.11364507484451339,0.99052248356488348,-16.507757264703624,-11.470558183579369,-5.6483193782451426,,0.1004773234818027,0.2653061224489796,0,5
0.93332293065304572,-0.35242267296305135,-0.068604421860316137,0.35836651162072086,0.92609384856901567,0.11799841944460329,0.021948814683390144,-0.13471615799230224,0.9906411087320105,-13.724542088629741,-7.8652826359486783,-5.3774979108835446,0.5505902475065837,0.2704755727475388,0.1941747572815534,1,5
-0.040095828886536365,-0.99386678297097852,-0.10305892592502029,0.99416752169009814,-0.0293467957462301,-0.10377718629832344,0.10011624904314723,-0.10661886927906461,0.98924676061697758,-6.0922725939626199,11.811071231731484,-4.0665856085340728,,0.2743202110116153,0.6216216216216216,1,5
0.99938188779338,-0.03476518227069042,0.0052177056476468558,0.032728138978660233,0.97428317180084389,0.22293759230932811,-0.012833988839535203,-0.22262902606662133,0.9748187551966232,-10.747469451632114,-4.5034209393914093,-5.1314793070069671,,0.6162469212059707,0.2972972972972973,1,2
0.85090279816505388,0.52258909001372844,0.053526358679665376,-0.52175354759013515,0.85258044549662038,-0.029661752036789994,-0.06113643473403995,-0.0026882997241148439,0.99812579838044624,-7.356550230656719,2.9333625282438112,-4.6053299775473828,,0.07912322066140987,0.3873873873873874,1,5
0.99223056179918767,-0.12355328402242434,0.014597884742044641,0.1237613722414551,0.99220852727077036,-0.014330427491185521,-0.012713574343191359,0.016025742367899568,0.99979074841137483,-12.461273340803363,3.1884563457826967,-4.6571373194103103,0.02723114799673716,0.1084254439091284,0.3863636363636364,1,4
-0.6065607341107575,-0.79352804001421373,-0.048962491217447023,0.78915817861462689,-0.59345706327603787,-0.1582342667484653,0.096506191307411046,-0.13461784339002181,0.98618689470117982,-21.545122577667584,-9.6215374450214419,-5.5364236506023738,,0.4836865009466899,0.7142857142857143,0,4
0.78895798668517925,-0.6050675580694016,-0.10695113565362627,0.61363517477801577,0.78483322264194988,0.086537188032693751,0.031577959415117193,-0.13390318446319105,0.99049117596765823,-15.432473418270895,-4.3927478645785198,-5.1608503699786699,,0.3808600932488891,0.2357142857142857,0,2
0.77364787690324888,0.59735686315562819,0.21126698891205017,-0.62972096230184293,0.76180542204317359,0.15200002823441716,-0.070146077586256447,-0.25063375069309962,0.96553728608105704,-19.051490919270417,-2.7529085153641666,-5.078328070033856,,0.4574610672503372,0.2040816326530612,0,2
-0.66774375060361502,-0.71328852733402848,-0.21292665475104519,0.7398069387607904,-0.60420684257795532,-0.29600639307853865,0.082486222432632927,-0.35518103574885768,0.93115114506355168,-13.043631413114008,10.070949073580758,-4.4019233747554045,,0.3185666750894017,0.4285714285714285,0,2
0.98401440216849489,0.17404600978334622,0.037731191386913221,-0.17363046310791044,0.98471066213497294,-0.014048991374368297,-0.039599477343938115,0.0072731256141964247,0.99918916279045389,15.627003236802269,8.7519183678327916,-3.8368951319996474,,0.2559779430196908,0.5121951219512195,0,5
0.35768569016576901,-0.91264683577645833,-0.19782997800599897,0.92533057879906833,0.37491818312246628,-0.056565677787230512,0.12579454276723329,-0.16282539455307804,0.97860289387402477,-19.649659769576115,-0.42865837639098098,-4.9260180460526648,,0.3557413532702919,0.25,0,2
0.054177470166127291,-0.99850957100723947,-0.0065907763834100706,0.99472568572266507,0.054545527742972104,-0.086865387622535775,0.087095418306424824,-0.0018498676110433267,0.99619825642281146,-12.758678923591221,-15.465172845239762,-5.9139575404847893,,0.08726080472199427,0.3636363636363636,0,2
0.99708184675403178,-0.075586465262209968,0.010699399176332671,0.075854837741449341,0.99674205420006201,-0.027410234954464319,-0.0085926983415096289,0.028141848876810878,0.99956700719711955,4.3571619503203483,-8.0101577555628563,-5.2916296164167687,,0.06799602664839287,0.2173913043478261,0,2
0.98530287952858953,-0.16995811176790485,-0.017101924948911534,0.17081108281943078,0.97953336767346422,0.10647983659048073,-0.001345205829367009,-0.10783608792315454,0.99416777686802249,-9.2277434564876835,4.7884417769291661,-4.5455988256939817,,0.08963881253698673,0.3478260869565217,0,4
0.62177844276105665,0.78240841575578479,0.035051948193458513,-0.77809187857279249,0.62220936843346519,-0.086188922331642548,-0.089244588725013244,0.026316777693138067,0.99566200620248213,-21.172882826559945,20.718245332124773,-4.514584560464594,0.4312507163006197,0.2882030602113735,0.7560975609756098,1,4
-0.41251379073810868,-0.90830115997918115,-0.069436123389421969,0.90539945090494367,-0.40040423455898017,-0.14116757151791196,0.10042015112467897,-0.12110099804589744,0.98754764012698915,-22.21379874827544,-17.2156834250878,-6.089697846873074,,0.09073874514244379,0.4117647058823529,0,4
-0.57985212006352349,0.80973324071866326,0.090019985187118443,-0.81224664485471121,-0.56594483258928463,-0.14128635598581793,-0.063457913455313403,-0.15504362399253391,0.98586741901695885,-8.3282539102896092,-0.45254827173903167,-4.8376355937740936,,0.2861077077915437,0.6589147286821705,1,3
-0.59914547238450655,0.79958292577326728,0.041132076692130849,-0.79713010496127479,-0.59092574269640552,-0.12405789931772668,-0.074888575133810392,-0.1071163453006224,0.99142210479889148,-0.75107870819113243,7.2618455101915691,-4.2314574119134072,,0.1160372227626304,0.3764705882352941,0,5
0.6748412064693653,0.71961997562553504,0.16351280295950757,-0.73108369734695267,0.6821163415152921,0.01529457783992311,-0.10052847121328187,-0.12986295591313396,0.98642264732569007,-20.53671257970602,-10.378348188021658,-5.597550102168471,,0.1878112195714486,0.2,0,2
-0.58137452270092393,0.80690908770694181,0.10440971473106156,-0.81186702826837609,-0.56685668348964402,-0.13980496698542183,-0.053624553750556504,-0.16604585077342404,0.984658916923003,-12.559733741169868,-13.358955275675042,-5.7612034665859504,,0.2476553300626227,0.4634146341463415,0,3
0.45694975062176563,-0.88860561098159696,-0.039711377950518739,0.88644401178950449,0.45862268726282196,-0.062307661570278179,0.073579476549068101,-0.0067304427677831527,0.99726664527142106,-3.4474202166623997,-7.1969184651430735,-5.2688308669487238,,0.1716972933289059,0.4775413711583925,1,4
0.81836305295462197,-0.57359548115726766,-0.035638989249881563,0.57433099442320634,0.81848794705142713,0.014879159129168106,0.020635464706212716,-0.03264513022646609,0.99925395824527818,-5.1259234192318104,-14.603496010743719,-5.8259442484813073,,0.704642849399162,0.6031746031746031,1,5
0.96499492215355576,0.25487500071505148,0.061834733187399966,-0.25914206779636029,0.9629075643975985,0.075195818528108666,-0.040375598027534043,-0.088587563666624139,0.99524974486182716,6.043619769141114,-4.2485122412380818,-4.9742552082157605,,0.08745701737687672,0.2698412698412698,0,5
0.6097571684618398,-0.76321716339333601,-0.21376565910180664,0.79003821202788371,0.60688977259447396,0.086743457713031477,0.063528096502133619,-0.22177548426744081,0.9730261124619205,4.4314526872453177,-4.5766704698608809,-4.9992581281634738,,0.1639367557576561,0.3424657534246575,0,1
0.80414467419205504,-0.59294602479882141,-0.042028022126052951,0.59291406804971436,0.80513394477347833,-0.014568420718628081,0.042476474398083379,-0.013203887638567509,0.99901021339820928,-5.137426387569306,8.9403521721560875,-4.2204129523957343,,0.07650776702569526,0.3061224489795918,0,5
0.97364775552079352,0.21927876983710035,0.062664737038060359,-0.22542336259624429,0.96699796065440047,0.11874026985834629,-0.034559452616085125,-0.12973729297684111,0.99094595162698862,-8.0488414624606204,-11.576609530273467,-5.609146421652043,,0.1021226538008423,0.1764705882352941,0,2
0.99243436874750379,-0.12239861772563418,0.0096229988879324175,0.1226756274698374,0.99174355863338604,-0.037355111217455828,-0.004971333183839282,0.038253003647307236,0.9992557198026607,-24.328176848151273,-9.7364846405629191,-5.5683362412697051,,0.1145459070447841,0.3636363636363636,0,1
-0.98133542656336015,0.19114456873700339,0.021083984776451153,-0.1919883317362332,-0.96754067265660115,-0.16433358522331978,-0.011011859463627972,-0.16531424801739578,0.98617946559112479,0.10406442530849655,-13.506614060501185,-5.7154741660607309,,0.2060218693848873,0.7021276595744681,1,5
-0.038965145085752481,0.98917489396105074,0.14147348382502589,-0.99042108081766933,-0.019462964964775099,-0.13670141062454078,-0.13246810989972505,-0.14544491105543544,0.98045804484825894,5.3730348483720736,4.0414869579044606,-4.3552850710302335,,0.09864841617170406,0.3720930232558139,0,7
0.99848814317908263,0.011246338958429712,-0.05380471903858252,-0.005943139306830823,0.9951955537661773,0.097726602617773106,0.054645283657130915,-0.097259085046409108,0.99375779913919071,-1.5099207189097701,3.7570082626799013,-4.4619110345265298,,0.4922569347740304,0.3846153846153846,0,2
-0.40892848518569413,-0.91177005464183603,-0.038116419849673164,0.9080460528952693,-0.40239555994482334,-0.11631929830433504,0.090718574862342388,-0.082177739048449272,0.9924802060393092,1.7123602788466712,9.9005953351463809,-3.9905528003637518,,0.09995692799549957,0.3846153846153846,0,2
0.19317687183091628,0.97374848419431859,0.12040176792260483,-0.97664680372382751,0.20259585553003143,-0.07152580022681429,-0.094041038731254467,-0.10377287146129108,0.99014517833650295,-0.15098770006685935,14.906852023126753,-3.6862303284204243,,0.09366202715314094,0.1052631578947368,0,3
-0.24802413456719924,0.94222958979797977,0.22513868788221014,-0.96404768301135213,-0.21718166692914762,-0.15311495168767919,-0.095373442596119934,-0.25502063379069573,0.96222054789344247,-8.4080319437230191,-15.032396739762147,-5.8808063724055799,,0.5260454327751622,0.671875,0,4
-0.82685832292889894,-0.53840944919621458,-0.16254408269585677,0.5585592444609373,-0.75238832647672782,-0.34917528063821407,0.06570300016312397,-0.3795089869789352,0.92285212497549507,-18.653105505394215,8.1832654521969381,-4.6753802949677681,,0.6849670728055355,0.4444444444444444,0,1
0.48692272590418084,0.86977768559118829,0.079956467191065944,-0.87004479788914491,0.49106019376824173,-0.043381283548690676,-0.076995510674824241,-0.048442375498430383,0.99585391880134222,8.2998768949237824,-1.1348098353678508,-4.7262334248837821,,0.3149394524434542,0.5,1,4
-0.89508576572605869,0.44383973166399582,0.042752363572421202,-0.44509534451668925,-0.88363004712209536,-0.14521733406372034,-0.026675949545722957,-0.14901084665029143,0.98847567562201466,-6.8435538899656541,21.050147716925327,-3.7729332668817284,,0.1182344723234293,0.4117647058823529,0,1
0.46638491106864266,-0.87138483653145316,-0.15222871408031566,0.88144639133383496,0.47227523537969107,-0.0028915828911672565,0.074413533258765721,-0.13283286005393982,0.9883410632761529,-1.3143199376859631,14.019781489785681,-3.7777364093612733,,0.08698784930137822,0.2857142857142857,0,1
-0.74911127396114041,-0.66062213538246939,-0.049098813295472887,0.64412909429769716,-0.70908869215033732,-0.286863968709479,0.15469327426732543,-0.24651900719261113,0.95671227126509872,-9.0759963427677679,18.185933599245391,-4.0243018477692898,,0.2643432969732863,0.4,0,2
0.96855394963691899,0.24644341727038477,0.034189014709730944,-0.24539941745108271,0.96889308757542314,-0.032020474125708513,-0.041016735089430267,0.022623592390707239,0.99890229777989048,-5.7280204194046513,5.8824888368190962,-4.4121405105627378,0.1143664305075561,0.110218399804294,0.2868852459016393,1,4
