axis_00,axis_01,axis_02,axis_10,axis_11,axis_12,axis_20,axis_21,axis_22,location_x,location_y,location_z,dbh,dbh_approximation,score,reconstructed,number_clusters
-0.21835754779548658,0.96913763618822502,-0.1144212543378279,-0.97294153023063568,-0.20712599415571481,0.10238945891778374,0.075529862128905792,0.13368270145574898,0.98814177892561672,-1.9868333660889199,-15.853154851804973,0.49281289117294746,0.1711617208454036,0.1021192857329529,0.4318181818181818,1,5
0.96220894462525408,-0.16489482216778573,-0.21671096997016254,0.24247501786995909,0.88100356206872854,0.40624941763795136,0.12393471100590601,-0.44344381971616859,0.88769238262103867,-12.734270239129037,-11.688440206170247,-1.1387803206254139,,0.08447299434865091,0.5,0,1
-0.95592321006705061,0.25419904958320966,-0.14694781266183621,-0.26595060475733345,-0.96169254688288153,0.066465939390979931,-0.12442303759478747,0.10261719378793022,0.98690861747923586,-8.9975165409323754,-7.3424178945351812,-1.2381066371707539,,0.07955995687308585,0.3898305084745763,0,4
-0.86561281214025287,-0.45722837025369667,-0.20409967391887485,0.46400570321276641,-0.88568370685995867,0.016219703721963394,-0.18818386446416913,-0.080663429371373413,0.97881573563024626,19.931347150619096,-1.8690992918269129,0.18706143165073352,,0.1407144207239115,0.4827586206896552,0,3
-0.79570347628405602,0.6014097445230141,-0.071849126802152802,-0.60224831644069632,-0.79822172047134399,-0.011791959638459968,-0.064443333043970027,0.033888112377806791,0.99734580395450279,0.77468851317935838,-14.047481896432688,0.60023209730801874,0.5029947921585322,0.3268345511224622,0.3157894736842105,1,4
-0.44516109241301005,-0.83701261241639568,-0.31818467665420025,0.87666856587034203,-0.47977734629776236,0.035579820043348462,-0.18243855792155192,-0.26310375260600072,0.94736085413539617,8.1669900469311401,0.81819059397669036,-0.78342784506075114,0.1594739443430509,0.1497137256146677,0.1809523809523809,1,4
-0.32172607796735053,0.93980962187640193,-0.11510953646107129,-0.94471468252218194,-0.31049796768107457,0.10538112114101564,0.06329691448057595,0.14264952398959754,0.9877472419211214,-9.1627523449328301,-16.939212746096619,-0.12975330947444288,0.1736111460398853,0.1715972249961401,0.7111111111111111,1,4
-0.16454210915403233,0.98519682068863901,-0.04809489390921614,-0.98230112759813626,-0.15924412488241357,0.098619487982159207,0.089500776726079104,0.06347072707501103,0.99396231204709029,-0.10021193470972334,-7.7833308609887037,-0.32930679871282537,,0.095923409917633,0.3260869565217391,0,5
0.96144240412095294,0.23077060980792882,-0.14957750234242712,-0.21286065894375267,0.96885233595483644,0.1265523251026551,0.17412306978730149,-0.08983360598202339,0.98061770318718666,-3.9352819166881781,-12.223321995959134,-0.14530554079296792,0.2992041071577145,0.2975299929398514,0.8285714285714286,1,4
0.24739339060959592,0.96673273709183472,-0.064994809928311817,-0.95804260932514118,0.25408726809037796,0.13264244762459415,0.14474415014142233,0.029452932439707393,0.9890306647271051,13.106064250212203,-5.8608594549554409,0.32470650850010452,,0.6414508586152132,0.3378378378378378,0,1
-0.96161325427882116,-0.1796744832046045,-0.20740547071004237,0.22116214895468364,-0.95488878167141811,-0.1981785016287628,-0.16244153737588854,-0.23644131348652578,0.95797090363524362,-1.012487417800624,6.4895278643449199,-2.1407571892682,,0.3038881096954688,0.2068965517241379,0,4
0.85689793830526029,-0.47961432103637691,-0.18893392068394962,0.50950408283212301,0.8436908565523441,0.16908970443929733,0.078303977584738879,-0.24115522309663256,0.96732241029949351,-8.8991401697838111,-4.9421216475454237,-1.4952921110491413,,0.07140645412523446,0.1772151898734177,0,3
-0.97992243768140175,0.1370531963228741,-0.14480482556262794,-0.14443576103281089,-0.98863456070332234,0.041713502823682844,-0.13744208621602097,0.061790992552574919,0.98858057141335498,-1.3903438283405316,-9.5607000710355177,-0.21764329824514833,,0.08752563335860034,0.3181818181818182,0,5
0.95104627871876268,0.29861960534002152,-0.079607204710152063,-0.24685929534052925,0.88900768193946089,0.38564987975702086,0.18593403141752066,-0.34711910457247547,0.91920447301002206,3.4775742303745534,7.6119088124350789,-2.0012206452909815,,0.3728873625758561,0.1944444444444444,0,3
0.94544155931034535,-0.24526899820284467,-0.21443734854124064,0.3059380917739315,0.89465040494599479,0.32558030796056298,0.11199170473990532,-0.37342170725674528,0.92087680317125464,0.26253121669316482,8.1227168596900707,-2.3020178003429952,,0.1367212054446039,0.5,0,6
0.9827356180275244,-0.12041421519995985,-0.14046751168095054,0.14940443850015603,0.96430461085998975,0.21862051877766991,0.10912845099474888,-0.23583264034467794,0.96564690592967006,7.1053122143367506,-15.424361025991621,1.3621183671952579,0.1924260590376395,0.1575873042560281,0.2352941176470588,1,5
0.96916227744499983,0.20977249411108384,-0.1293057643418781,-0.18301687414407972,0.96411076125685613,0.19234152907590277,0.1650130411699394,-0.162745017567794,0.97277168724254481,0.68670838319507288,-2.7769651693144324,-0.8602721873616912,0.439699024431891,0.2461577812889652,0.2356020942408377,1,5
-0.2214856767063548,-0.94078997989239199,-0.25662873718272811,0.96489415742018758,-0.24952006079974379,0.08196953235733298,-0.14115013280303979,-0.22946449179026776,0.9630278744756664,-11.706418029944956,-13.938098310669254,-0.78993110389621157,,0.08163385656083025,0.32,0,5
-0.1854069886241653,0.98226584718645116,-0.027893619707776287,-0.97945669398359581,-0.18243701236782217,0.085914615340044326,0.079302163779075799,0.04324976265121535,0.9959119563749449,-5.8109529433801734,-1.0823693310651741,-1.7375064766504495,0.7166627245757113,0.7149583244721673,0.3598654708520179,1,1
0.83325313605208873,-0.4996541525894192,-0.23671700204993487,0.54671406293975378,0.80842927472518,0.21805008862925612,0.082419322026249076,-0.31110743412440151,0.94679418026795281,-7.6679574442743181,-15.270050913378494,-0.18264528257713622,,0.5598516184501822,0.9259259259259259,0,5
-0.92793744338406259,-0.29735917814406493,-0.22474345449720179,0.31223559737708201,-0.94943195056987062,-0.032983374109808346,-0.20357070736337843,-0.10077941461715854,0.97385957750231988,31.208247896058282,-6.1471039403166676,1.213134524217514,,0.2148288920399996,0.1612903225806452,0,4
0.86021110040816851,0.50984547795791013,-0.009718607947570514,-0.47431530427522522,0.80697213404181223,0.35188203564590326,0.18724811044405459,-0.29808314861104523,0.93599390043378883,5.6101217778421049,-8.8216229298336675,0.37043043051454261,,0.1917611861238092,0.2121212121212121,0,1
-0.12590426252754264,-0.96357647026797866,-0.2359417356537378,0.983315475947381,-0.15269306048583736,0.09887114868273604,-0.13129657817236098,-0.21955686103005553,0.96672436264679806,10.632710347141201,2.9303277327559636,-0.77647338953388689,,0.1074879885461486,0.3571428571428572,0,3
-0.026965764209929299,0.99609723435193709,-0.084042532547492124,-0.99404737340297555,-0.017842174902895996,0.10747779410361782,0.105558831895866,0.086440479586570168,0.99064896734293528,6.576864667766217,-10.2852561995262,0.64348826935697012,,0.08191241524183823,0.2,0,2
0.65274420451146875,0.75659080702737325,-0.038669809908463901,-0.73877560214816629,0.64701530648188099,0.18863139412295868,0.16773673761970875,-0.094559737202599511,0.98128632057767506,-9.5373456382371842,-14.356986198101117,-0.4884733195828857,0.5613188296701104,0.5526112053275519,0.7333333333333333,1,4
-0.96274827383468142,0.23910607612858434,-0.12626973345475032,-0.22684389039972891,-0.96835133408636909,-0.10410352136919337,-0.14716524935139372,-0.071581967921690332,0.98651832788438409,12.908337826106116,4.4664616092243969,-0.85625397587463525,,0.3691491491431234,0.1764705882352941,0,3
-0.19453555996692301,-0.95138956843677625,-0.23877563732098084,0.97184937462078536,-0.21992730472955888,0.084503098662599238,-0.13290864891926654,-0.21561509618780578,0.96739103848360064,17.220325130273558,4.8430966136369467,-0.64416182736769945,,0.2422388069607003,0.5714285714285714,0,4
-0.10798373951512356,-0.97991419784463851,-0.16765344274075503,0.98590862969885751,-0.12722736185405312,0.10861570918139889,-0.12776418076147292,-0.15356224554933912,0.97984435032110762,-3.9987809183498424,5.089650541872623,-2.2413220284761435,0.2201001352537925,0.2126047104784435,0.7635933806146572,1,5
0.97981542328071047,0.14890842690310424,-0.13337172375914341,-0.11158765000545262,0.96097275292718565,0.25313941711595822,0.16586118493337423,-0.23314726789904575,0.9581922660947062,16.36115993222402,-14.432500060143825,1.7692415128407422,,0.1765632708079263,0.3333333333333333,0,1
-0.0059272451597072347,0.99153765511839931,-0.12968402464113984,-0.99438707005752125,0.0078556369934278582,0.10551134474475557,0.10563722197803149,0.12958150890360295,0.98592566143854399,5.1080054247047197,-11.858815175597815,0.76558294371912261,0.8373587868961263,0.4978870837760784,0.4705882352941176,1,4
-0.76116475640144687,-0.60393683381507957,-0.2364075175914355,0.61617285787258014,-0.78714860681327659,0.026982957826323241,-0.20238385022887892,-0.12512941921601312,0.97127926242312013,-11.583782533292634,-5.4634073416932889,-1.7487535449284946,,0.09145897851393814,0.275,0,3
-0.35403454994802958,0.93518754805754856,0.0091535458270190374,-0.93520623376685452,-0.35408084413606089,0.0040070112940768952,0.0069884023004157568,-0.0071418326783634972,0.99995007698348748,-26.850545116271846,31.520054334621307,-8.8405419983839675,,0.4261221921177359,0.3666666666666666,0,3
-0.62361998324134515,-0.76190925181600333,-0.17490685663873251,0.76195753128973387,-0.64243938821832403,0.081806802752093039,-0.17469641385248399,-0.082255239728807716,0.98118053309482156,-6.7998127274757936,-3.0950908745989345,-1.4829658878660201,0.508483054228842,0.3052350081878026,0.8661887694145759,1,5
0.58032871799598085,0.81430951079737968,0.010890348666287308,-0.78435430258706129,0.55528297358271816,0.27649438920581881,0.21910478562164207,-0.16899952625397041,0.96095382461574486,6.3021196769932297,4.702778031026539,-1.3852963488964487,,0.4774685212118581,0.5189873417721519,0,2
0.18352877970849216,0.98289457804882985,0.015343906312427479,-0.9740045410631103,0.17971600823261794,0.13790326454937071,0.13278682542764514,-0.040254252286514677,0.99032684209088373,15.331958344189175,3.294467252778932,-0.61138476801580566,,0.7295784013924097,0.3076923076923077,0,3
0.6864799633553188,0.72571422574277922,-0.045652190158192066,-0.70176746402078083,0.67765403828058024,0.219789514863347,0.19044076862248663,-0.1188438763949648,0.97447855116975068,0.83027007306980982,-10.480182978025139,0.15990918852687586,,0.4195170008385405,0.4324324324324325,0,3
-0.4802308106357126,-0.82724946724204884,-0.29161050643608916,0.8628881060139002,-0.50524596439971758,0.012273221155959137,-0.15748804721600299,-0.24573325864755363,0.95645840504359858,-4.6032251651974621,-4.1616779544384235,-1.1824649015185993,,0.1909239265559552,0.2352941176470588,0,5
0.72546368607293865,-0.65580888304896134,-0.20884719079638248,0.68730277878059343,0.70629800671523013,0.16958188579730382,0.036295047457493963,-0.26656675453658635,0.96313282308614734,-0.98566588833212276,4.8743182891852088,-1.9161501401285146,0.2840834672451425,0.2502404733818715,0.8387096774193549,1,4
0.6872060966319391,0.72036963475178939,-0.093890202254910488,-0.70217676080037517,0.6918000942590623,0.16840554080862663,0.18626748869243742,-0.049801796260041914,0.9812360591343382,-3.3442451084638698,-1.3524588158923252,-1.4543208944019343,,0.2477146802843325,0.3185595567867036,0,4
0.6149787241173591,0.78844138738605463,-0.012702265142030583,-0.76447726005056404,0.60008148412647466,0.23553498949020266,0.19332792800981288,-0.13513841446946512,0.97178285701390721,6.1133010633823623,-7.5302307262279218,0.24463247772554381,,0.209909970403864,0.5357142857142857,0,4
0.90784753929143702,-0.38306693866622188,-0.17050679137023053,0.40844352116358013,0.89985855914947455,0.15306359313999843,0.094798393562224484,-0.20860080063681422,0.97339558790437364,5.1933870050822231,-16.706514406665562,1.3961965274247312,,0.08198459307571537,0.2592592592592592,0,4
-0.54414287105690573,-0.76529976367325792,-0.34383834515598277,0.82153515637142993,-0.5691873552688308,-0.033252690836166283,-0.17026016188092716,-0.30056950331617294,0.93843990268559618,19.241879261176152,-3.0182563829676092,0.278668326276652,0.2988003505528359,0.2169369868878922,0.148936170212766,1,5
-0.93479829256841795,0.33216112458291486,-0.12578211131550424,-0.33980361191678987,-0.9394413030797798,0.044536989077296987,-0.10337145418091115,0.084374317085123524,0.99105767595884398,-1.4518711410014751,-7.210154189885416,-0.54037046591730131,0.6744934793543393,0.7236302538856468,0.8509316770186336,1,3
-0.79912481997883622,-0.54846005407838749,-0.24615257702109578,0.57647564057218759,-0.81526140225000243,-0.054997107453460134,-0.17051497858159056,-0.18585051810983386,0.96766948231182115,-4.9060851993109944,-19.363684743063178,0.73271212200759739,,0.3400287404858169,0.1538461538461539,0,4
0.44848263884510631,0.89243547362814002,0.049216339407224287,-0.87592574499536913,0.42789649174914979,0.22284227965778233,0.17781285642168076,-0.14305075238839923,0.97361135487024575,7.2291519921548169,-10.519108513687817,0.72924688592289899,0.7950854279497588,0.326093846187491,0.1666666666666667,1,5
0.75883058941960368,-0.62871460826896575,-0.16998258119671422,0.64958070182999028,0.74949529095954359,0.12767819171466258,0.047127999863711571,-0.20730352186750153,0.97714082989617024,-5.3145729377303734,-13.317648749631271,-0.14770270854470158,,0.1099380463842293,0.3877551020408163,1,5
-0.77934376933959637,-0.57183747121486794,-0.25617415112796937,0.59759369246616978,-0.80125849440278452,-0.029438136354610196,-0.1884278851874093,-0.1760304850358847,0.96618228115704574,-10.786404888458463,-8.4873933159903991,-1.2382631584543342,,0.2273098722732343,0.3103448275862069,1,3
0.68369266166491927,0.72807949506731828,-0.049644669885698878,-0.71022199535689623,0.67947729835756898,0.18410681228018461,0.16777682109519818,-0.090613740013427438,0.98165171442012578,-10.211142209776389,-10.643919309569958,-1.0024446547725383,0.6031342162892446,0.3079121000802871,0.3636363636363636,1,5
0.27341897880413757,0.95057034376365879,0.14716685627797871,-0.95200315889108178,0.24553591832904262,0.1827624093508193,0.13759377707987105,-0.19007402338919005,0.97208015006044723,-4.1154440334736657,-1.2331677464348565,-1.544667459092703,,0.3574731286127619,0.3796610169491526,0,3
-0.14803464985602918,0.98873838821127136,0.021957734841748386,-0.98468809081642095,-0.14942228968294591,0.089790551564283089,0.092060340246575348,-0.0083294071387760987,0.99571859213856306,-10.995499616085555,-9.9844316795577885,-1.1608498102117399,0.2710455397333663,0.2106245229755319,0.2708333333333333,1,4
-0.95135145954625766,-0.2671094661204772,-0.15356735827655027,0.25889225948968242,-0.96324882804340162,0.071599533862590159,-0.16704849115011974,0.028358920674929188,0.98554075168032562,5.1317364497269375,-12.502733493022498,0.88073122592975761,,0.09057510050506686,0.3823529411764706,0,3
0.98530424138788586,0.10682836684719373,-0.13327885030942968,-0.05771668577988838,0.94261483214447139,0.32885568628782347,0.16076173700737248,-0.31633048897950256,0.93492817138877626,7.963438728654106,8.9037174033639293,-1.7427138592868896,,0.2510549458175217,0.3846153846153846,0,1
-0.95820787230527915,0.27600874170372641,-0.075212020018845804,-0.27169987954450897,-0.96033685230011812,-0.062708098119777275,-0.089536857816705465,-0.039652296496242925,0.99519387381297952,12.667704966162415,-14.140297240196439,1.602659833108234,,0.3349802854403828,0.5,0,5
-0.83796846866370833,0.53455951897802245,-0.10979511007047127,-0.54131040676659259,-0.83972374550909823,0.042977607592316051,-0.069223471825585137,0.095447115714192371,0.99302465178375909,-5.0345260944241375,-8.75246840776461,-0.66469595527720304,0.1155857730303264,0.12703045239147,0.2716049382716049,1,5
-0.0563376630868304,-0.97922457326993317,-0.19479554107379382,0.99265278833090664,-0.075861733857301036,0.094262607406333535,-0.10708178900630728,-0.1880538019835849,0.9763038758617768,4.9973346234602678,-10.396588882774068,0.56072494465384204,,0.09486658698969608,0.45,0,4
-0.55789846103031848,-0.78388357734522163,-0.2725359505614991,0.81456618967296313,-0.58006982215951786,0.00096128117407198233,-0.15884341289985016,-0.22146227351014725,0.96214511981823436,29.129621924968529,-5.9522177818540802,0.98942258830312946,0.499180361448182,0.3441750848822637,0.45,1,5
-0.96382118843546027,-0.18341629612519494,-0.19340935612987065,0.19017262133739593,-0.9816068764400967,-0.01680220875896592,-0.18677015504764077,-0.052975489060802669,0.98097426405703869,11.264016724946321,-6.9693118841827859,0.44284848840298729,0.4895527865436362,0.4423099416212014,0.8939929328621908,1,5
-0.94344447511051732,0.30268612567488395,-0.13525395264970927,-0.30986901477869877,-0.95012956634489731,0.035142578695043405,-0.11787160838607405,0.075066080763465437,0.99018754155730226,-3.7227495355892879,-18.97864305844622,0.76002181628010645,0.306477331579646,0.2002424648076642,0.3076923076923077,1,5
-0.96713110270712244,-0.15452573408447251,-0.20193867307219895,0.17520564153773346,-0.98051937853359761,-0.088796010571641659,-0.18428351350529634,-0.12125817838703823,0.97536456816125972,1.4516090960337089,-11.550556612004993,0.34530843689773022,,0.3666646082140189,0.2,0,3
0.90975991306610227,0.41037650492896011,-0.062673956156053839,-0.37699426155891702,0.87991809834017021,0.28917030788977499,0.17381664859732718,-0.23944783234707206,0.95522380008806507,-10.234932020850081,-19.483018175251821,0.063227569167201347,,0.3609716462360167,0.2777777777777778,0,6
0.33756240490005218,0.94006109537015159,-0.048340043127458675,-0.92831084951239984,0.34096684351835771,0.14825848474436523,0.15585438548741773,-0.0051719041560284286,0.98776650172585889,-27.1345589180148,25.127864373009029,-8.0320380126982815,,0.162990723789172,0.3529411764705883,0,3
-0.89057858182713945,0.44370980749829469,-0.099956972346046835,-0.44764272959501838,-0.89399121325829189,0.019892140600995322,-0.080534317104471231,0.062460526308978609,0.99479289624610978,5.6911628796863436,11.134353390291809,-2.2363344071737985,0.3907298473199944,0.2873119741394977,0.7727272727272727,1,5
-0.92702210235686888,0.35055451204346505,-0.13319743176135426,-0.35994606494954628,-0.93142153441489883,0.053784343033396582,-0.10520861214363364,0.097803166176587436,0.98962906617411295,-7.2496771993791675,-9.13442810008425,-0.82626491477642328,0.1583273927850742,0.09031991573293621,0.1666666666666667,1,5
-0.18614469309843357,0.98026541263997324,-0.066557298721274347,-0.9784914808381292,-0.17882533457102204,0.10283930008886269,0.088907677725239706,0.08426873973986454,0.99246874225043469,-6.2892947959201919,-4.5055527342261374,-1.262662140837489,0.3511399544743334,0.2223071097041045,0.7741935483870968,1,5
-0.22426049814833227,0.97041878053345187,-0.08941263533881208,-0.9716575150905018,-0.21561815948676918,0.096904502824641636,0.074758961592672799,0.10861031114727386,0.99126933674661777,0.59044638544916239,-12.620791999512614,0.39859016169100719,,0.07940484089425785,0.4375,0,5
0.9839808802899167,-0.0238967135792609,-0.17666514739470401,0.068023252914821308,0.96632736869794755,0.24816174880143846,0.16478611679012284,-0.2562037540423886,0.95247318709128004,6.2765171961253374,-16.564773334480364,1.513494387397859,0.4216720683363973,0.217897511413583,0.3157894736842105,1,5
-0.26042012090292616,-0.88438161046209707,-0.38736356011552547,0.95199042102380571,-0.3020749215504045,0.049648565429787968,-0.16092109528531134,-0.3558369132717768,0.92058920928142063,6.5823195809518138,-18.091030423524789,1.7523005068020479,,0.3298134335988407,0.2222222222222222,0,4
-0.72471867005232715,-0.66433968449455627,-0.18285413006891693,0.66480915612739377,-0.74392064576719752,0.067903304267901116,-0.18113982225554309,-0.072352307544333541,0.9807922860556364,13.188749993631003,1.3552516240588321,-0.44996226235178216,0.3932483356790845,0.4020938740496176,0.943502824858757,1,5
-0.87188366374703952,0.47549821941180381,-0.11713377065237639,-0.48384334213067848,-0.87335075113750027,0.056161247879473263,-0.075594293216186118,0.10564046963057498,0.99152690029538659,-4.0813842673120044,-11.251830856054147,-0.26619182562782567,0.2483661712887831,0.2502236049942493,0.2093023255813954,1,5
0.81744364570093575,-0.53637296237633891,-0.2099760256191032,0.57235513759564793,0.79735900621354638,0.19138498289576863,0.064772544886169875,-0.27662729518573731,0.95879187365517082,-0.99638586984886512,11.925608795999157,-3.0178764587595102,,0.0866865909388889,0.2727272727272727,0,5
0.21090954460463335,0.97478574132324014,-0.072869215088174996,-0.96761013977142751,0.21877382384664942,0.12597075617393666,0.138736373767604,0.043940556578356924,0.98935405496788653,-5.6476408324614189,-11.416506558289294,-0.4269222921866439,,0.08223474292302375,0.2608695652173913,0,5
0.98484663586305887,0.096124718601150599,-0.14435076135256322,-0.070476791864179003,0.982341203718752,0.17331699652638238,0.15846174818469044,-0.16051728240361682,0.97422999153793699,-7.0660061586584293,-14.787615583285159,-0.14291058735945014,,0.07931740483630992,0.4571428571428571,0,5
-0.54118478434552975,0.8375689414113342,-0.074815089226561077,-0.8407819868380092,-0.53744691773742981,0.065088103546385112,0.014306634880751059,0.098127870646580947,0.99507097294653102,-8.3506921244669954,-17.967587404730558,0.089863527682134653,,0.4046954428763156,0.4571428571428571,0,3
-0.98590033016568424,-0.031450986056918304,-0.16435137497217076,0.043168512532301181,-0.99673615120629644,-0.068216745775568438,-0.16166947301498849,-0.074349716573148428,0.98404019284811206,12.413047654417857,2.71131464404246,-0.67037570659331147,,0.1361427193438156,0.2380952380952381,0,5
0.83006616160292446,-0.47881721509349956,-0.28587452123596785,0.54829343543226972,0.79431119023983976,0.26161812192898576,0.10180607066215734,-0.37390347362638304,0.92186317660836059,34.735262161600723,-11.133924912732963,2.1014832990347725,,0.2377284150257031,0.3333333333333333,0,5
0.33647634786822345,-0.90458044256023651,-0.26175922192501716,0.94015201768040724,0.30679754970508666,0.14828839181276454,-0.053831691193230981,-0.29598899714766935,0.9536732472869287,-12.688559909605379,-7.8473211565880217,-1.6117219448421183,0.2344981807081237,0.1818472699099723,0.3142857142857143,1,3
-0.80668440631934879,-0.53169676898641594,-0.25798995028994115,0.56311694447347782,-0.82400698738662148,-0.062544316967083555,-0.17933091046457797,-0.19573203771337697,0.96412104736102278,18.602155159499372,-9.8169910852311517,1.1203703691143685,,0.6457684246040766,0.6296296296296297,0,4
-0.6576959465141754,0.74618281936992981,-0.10318547386122941,-0.75192432935589326,-0.65854581768450293,0.030450105631030611,-0.045231016587231596,0.097614579276832189,0.99419593091658442,-0.51771754582602425,-11.815365690944313,0.15883614984539599,,0.1456753773824868,0.358974358974359,0,5
-0.17690483891264358,0.97792222556914987,-0.11123308279092577,-0.98103633955602187,-0.16610738378185522,0.099880115757189677,0.079198348718984027,0.12679297216734356,0.9887624405129668,0.74819122831607277,6.7017536915630123,-1.9992974731752935,,0.07905853308101309,0.3269230769230769,0,3
-0.092103937405376521,0.99137976235428504,-0.093182785474511337,-0.99118631906524268,-0.082330910122590126,0.10378488394887722,0.095218410049330335,0.10192049858957868,0.99022505843617703,1.097863272214515,4.0616845817459755,-1.6317701490614938,,0.5646050102184457,0.6381578947368421,0,1
-0.65371311412318467,-0.70915212985762599,-0.26412576765957813,0.73017605059841895,-0.68276539662305158,0.025968217240748045,-0.1987513510793418,-0.17588254573026954,0.96413859509490474,8.3011956604333417,-18.517683381435219,1.9627479425017964,,0.2809911814871722,0.125,0,3
0.96760044933077216,-0.15594632026666944,-0.19857017814912331,0.21714608008881614,0.91526565822218142,0.33931748375404985,0.12882915181336368,-0.37144248555382536,0.9194745943029895,1.3837878834793529,7.7939601277548931,-2.1528671546131699,,0.08799609679986002,0.2941176470588235,0,5
0.36226896944069292,-0.83382231151085939,-0.41653516851169559,0.93153192420893349,0.30865988546786605,0.19229495386662321,-0.031772125518783542,-0.45767830179029911,0.88855000090617731,25.441142550952701,-10.931692335668339,1.5380793390012015,,0.2422170384381261,0.15,0,4
0.86988838906497323,0.48377281754283918,-0.096218769357169429,-0.46330890741778136,0.86831790065615511,0.17711261871314837,0.16923075038918658,-0.10948919767150585,0.97947591533225697,-5.0312814919677029,-16.003365861745515,0.23523602587673723,0.3545653302299663,0.1883762149978853,0.4333333333333333,1,7
0.68612396688967914,-0.67695317064221205,-0.26639877405316104,0.72557520992087909,0.6633038326134596,0.18321746747668055,0.052673682307613483,-0.31900224199486793,0.94628909578120213,11.972904427789716,6.1790992105585225,-1.1362983249027026,,0.2014703787145714,0.3571428571428572,0,4
-0.79013157320756244,0.5990525819457766,-0.12972317096278724,-0.60294015169388715,-0.7977063739232586,-0.011301083025904789,-0.11025094328800385,0.069285965868307542,0.99148584681668595,-2.4670392495312621,3.6776435586446516,-1.8917339006236047,0.3358292693740279,0.3168981201181505,0.9541120381406436,1,5
-0.28866961591702422,0.95566724059592201,-0.058051512453106031,-0.954740796854194,-0.28278934377432424,0.092196517666912309,0.071692842519570421,0.082038480601864347,0.99404719406676123,5.9338827402124021,7.4084550394920781,-1.7124667645336868,,0.124328001760786,0.4137931034482759,0,5
-0.96372818668528082,0.23700496525766021,-0.12270545477490677,-0.23312949822761331,-0.97139271531312454,-0.045241901957559658,-0.12991774029917033,-0.014994635034287074,0.99141138871597956,8.7858053014615294,-10.830212703292293,0.91401301048763262,0.1587724533615406,0.1194006242710233,0.5263157894736842,1,5
-0.33871173649935954,0.93206802858403659,-0.12854395998667628,-0.93994277325016373,-0.32906853541589304,0.090672388377229518,0.042213061632395729,0.1515357683542303,0.98754998270311034,7.3660259215131934,3.9182111642438424,-1.1931204608315009,0.3276336629580935,0.2385391144977189,0.7727272727272727,1,5
0.72302687070171401,0.69053793484443449,0.019735875558756697,-0.66506911000819358,0.68806400574782522,0.29026023307915683,0.1868561563240464,-0.22299166920546765,0.95674421467222015,-13.808260417054612,-10.356763851711724,-1.4669937303389575,,0.4933730433219916,0.4736842105263158,0,1
-0.27378979981587559,-0.93509464732096759,-0.22502698964448506,0.95334492219404954,-0.29478947597082439,0.065058621132557296,-0.12717155673972691,-0.19671595107800294,0.97217808540815842,3.6974972900994287,-14.644498877966365,1.0160957672776345,0.6055204172128721,0.5604091789824135,0.9,1,4
-0.81269659607888789,-0.54047761532079119,-0.21773421885165328,0.54744219153905349,-0.83621652935100521,0.032387697711901683,-0.19957777843414104,-0.092875526255898552,0.97547057719747898,-4.5253167071112248,-21.262035197195843,0.98026049396716741,,0.2014792916228259,0.4,0,2
-0.080463800819523368,0.99282332540953711,-0.08847271489235263,-0.99334834197064925,-0.072537191218952149,0.089428336640162573,0.082368976331123361,0.095079968514995838,0.99205602227160006,-7.7479982831817322,-6.2937922240029165,-1.1994506843577262,0.1791935931231931,0.1995171324010384,0.6133333333333333,1,5
0.56058768251062052,0.82802915703709778,0.010448220604709004,-0.81231435083211634,0.54740954272343845,0.2012167686041931,0.1608938956255615,-0.12128688153196533,0.97949101410818562,-15.839809583584044,-13.645981127554684,-1.3597874422559837,,0.4859993577132492,0.65625,0,2
-0.87962379655631817,0.47045283124159698,-0.070257455893415061,-0.46019396662268169,-0.87904058485619319,-0.12453579107937154,-0.12034737062325808,-0.077212588043972463,0.98972457109623235,9.4738429062626306,-8.5507065029979685,0.68571038689052988,,0.4952677312105603,0.7777777777777778,0,2
-0.34466335248958152,0.93836014755402675,-0.026218446426675885,-0.93629545961456373,-0.34162801160920286,0.081493030309936196,0.067512856226028789,0.052635873378601941,0.99632900142366443,3.7928216677021802,-12.976875195912111,0.81389670571239925,,0.1737900425397971,0.3888888888888889,0,5
-0.97561230823451495,-0.15480919163067397,-0.1556108550454586,0.16092933317566255,-0.98658397847760415,-0.027455475500145776,-0.14927281649703694,-0.051828250963733766,0.98743681248831427,3.5011626788869448,11.741532626237339,-2.4717686103627177,,0.7672107386959427,0.2444444444444444,0,3
-0.21821767800757688,-0.90833297640158372,-0.35680842056546347,0.96604285844088422,-0.2528923957292481,0.052977654135365065,-0.13835548655671909,-0.33313156584712988,0.93267417632091243,-9.055073635382497,-9.7603194370266717,-0.93175269426402263,,0.2490372713411123,0.4230769230769231,0,5
0.98028906474474786,-0.1072757548681663,-0.16590738970682853,0.14143768247735114,0.96737286680915402,0.21020256548595198,0.13794466831778751,-0.22952483303317095,0.96347787701835264,23.667063449504585,-16.509134196570322,2.4685013778934177,,0.1040178352459271,0.2857142857142857,0,1
-0.051272287234541351,0.99865820366611457,0.0072763185820895722,-0.99322563439739753,-0.05175142882031613,0.10404147630124812,0.10427843371295001,-0.0018925816825502669,0.99454634200571523,-13.055319552511019,-15.683470806005177,-0.75675837094493437,0.7315594226035019,0.4199814917155867,0.4324324324324325,1,5
-0.14088887196350977,0.98981290343898065,-0.020511995089362585,-0.98359404643730408,-0.13758583335002042,0.11667429140334255,0.11266355919258664,0.036613585553407033,0.99295839176824685,12.237044121611904,-12.702541537913664,1.361470335710854,,0.242871811477718,0.3636363636363636,0,5
-0.08509948292919095,0.99571804656010976,0.036106090340886472,-0.98942730626465525,-0.088721957237780105,0.11472584679036645,0.11743799905930566,-0.025961241465257814,0.99274081729247432,-2.3459849796881982,-17.444585702310967,0.65077499271791706,,0.345742352593683,0.2413793103448276,0,4
-0.76716479093946022,-0.58152903854759608,-0.27070678024150474,0.59667458217071789,-0.80186044113493338,0.031611326044460632,-0.23545196226452025,-0.13727275865516239,0.96214269378143102,-15.720284574003763,-11.825190992706965,-1.5425842241639813,,0.2236920027586606,0.35,0,3
-0.59102817165011201,-0.7813109181064507,-0.20059648442478278,0.78763840657928685,-0.6126419026526122,0.065541129036892798,-0.17410181158497198,-0.11926084169518375,0.97747911018138312,14.786840053113748,-8.3139321876858379,0.76442513748093754,0.2434875229268425,0.3924736564857612,0.5402298850574713,1,5
0.17126348837972005,0.9785063822993012,-0.11486547500247123,-0.97596325509557547,0.18444537906510847,0.1160845676426332,0.13477589640309609,0.092223434879982386,0.98657503303483185,-0.777671765342143,-6.6233396579948129,-0.52002418802362449,0.1177445230851235,0.08913821343678199,0.3103448275862069,1,5
-0.81573239586010438,-0.54758661663165253,-0.18635867468469397,0.54480021856308214,-0.83559261096385673,0.070552890488093351,-0.19435375015150577,-0.043975968306639614,0.97994527092768902,7.377583247693722,-6.0824336988065149,0.17318682896128598,,0.1086378182753481,0.4382022471910113,0,5
-0.94039484132804974,0.30785841636127736,-0.14450168815318104,-0.32064386695955854,-0.94422169030686376,0.075052715708829265,-0.11333601803845858,0.11691276675186389,0.98665411973275163,-2.0008772441862357,-3.2236999869363707,-1.102494566150277,0.3592020390474783,0.2815183877348041,0.8186813186813187,1,5
-0.67639219368075942,-0.67971134457068338,-0.28370070213103643,0.72046774722488105,-0.69061152479942256,-0.063102670489614487,-0.15303537348088525,-0.24707935947004933,0.95683434542633106,11.698473966726104,-10.257664903741688,0.9513322198571339,,0.1767529857266051,0.2777777777777778,0,3
-0.63895100426969842,0.76909750129048005,-0.015187088314868506,-0.76912172036172066,-0.63907898205634517,-0.0054620473865294511,-0.013906595937575936,0.0081907388290253808,0.99986975071099315,-0.587189835897585,-13.681161491309995,0.42159197866338077,0.5784008356554835,0.3705690097564225,0.2307692307692308,1,5
-0.65376644977964549,0.75492190555231142,0.051791366652993769,-0.75651607316642611,-0.65058379828109836,-0.066514302634767722,-0.016518480056248275,-0.082665820817346539,0.99644041562214125,-34.54739666882373,17.211190474224434,-8.0065648685988933,,0.2418699459935789,0.1290322580645161,0,2
-0.92783078505754224,0.35053159642301795,-0.12750542815361005,-0.35716260749730538,-0.93346769046250011,0.03275580358244997,-0.10754025341810759,0.075932014142498894,0.99129683905631061,-7.361701043106657,-17.062901098048886,0.055834534608681777,,0.1065500446042502,0.6842105263157895,0,5
-0.61311275808734989,0.78784920050607843,-0.058192638129376396,-0.78997293507701172,-0.61198532185180121,0.037639443191409876,-0.0059588351491655792,0.06904783197089534,0.99759555391139598,-0.34873599455921078,-8.899676225204157,-0.21650592085270881,,0.08671972618782095,0.3478260869565217,0,4
-0.078631009371835633,0.99441208252984048,-0.070439864308745534,-0.99208524430827039,-0.071116533132886697,0.10348578038050212,0.097898071436411771,0.078019541358734082,0.99213351862297594,0.48179898486140399,-3.6418893076526713,-0.78499747282514376,0.4818059504739763,0.4885273584565326,0.7023060796645703,1,4
-0.013374250898989118,0.99975949066151626,-0.017380743514478776,-0.99059318600998214,-0.010880210451593849,0.13640660120068282,0.13618468799202058,0.019041582201966091,0.99050045376252205,11.518795102675707,-0.057724860852329953,-0.40880386741975794,,0.3381966796968237,0.5757575757575758,0,6
0.43315350710773581,0.89647641272583667,-0.093317097610697466,-0.88665012872643767,0.44241719890323061,0.13460524263197016,0.16195551398350352,0.024434883687776871,0.98649548805329323,2.9765060095558473,-7.8438065253321874,0.008057663152339016,0.1639521473016799,0.1695932430826028,0.5214723926380368,1,5
0.57125650582007548,0.82015915767461323,-0.031701114187154558,-0.80120733639199548,0.56560640860213762,0.19533610690252659,0.17813705024469717,-0.086187856631085497,0.98022387478547868,-6.8666244455291787,-1.0913622478262368,-1.7858836129972266,,0.08322336706862626,0.3160621761658031,0,1
0.94267691060445158,0.30988446108941975,-0.12382190027845455,-0.2808618583326809,0.93713866021850223,0.20709357319285618,0.18021337005661039,-0.16044548076898787,0.97045370263276787,-3.2689012989508934,-4.7325494040028087,-1.001799909319139,,0.07450808977259939,0.3082191780821918,0,4
0.87693392718233365,0.46235222112712387,-0.13121475136350469,-0.44252418690629108,0.8832807890781097,0.15487863522280818,0.1875079501234472,-0.077752628665331155,0.97918093188957467,-1.6101660959089867,7.4400247705802549,-2.3806072628878505,,0.08317963387481009,0.24,0,4
0.91032247994234161,0.39549898769517983,-0.12203906441674363,-0.37657707835521637,0.91377492299512353,0.15233218360775513,0.17176346110007015,-0.092714296833582385,0.98076570728873902,-10.376542205576374,-6.56625296221452,-1.4887841488306706,,0.1606575241215248,0.2,0,5
-0.39985820488857077,-0.86950325139173879,-0.28996122465337409,0.9008123296798336,-0.43121898884914489,0.050865807304239272,-0.16926477093618944,-0.24086153589794251,0.95568570034546585,2.5823559081555012,-19.026050091681803,1.3904104226628038,,0.1666747573350378,0.4285714285714285,0,5
0.95129261908035367,0.304326911651086,-0.049269500993544983,-0.27782353942331467,0.91553703474362624,0.2908711380579892,0.13362796797655282,-0.26301533958642059,0.95549280338299625,-10.692976939060371,-13.178672254616254,-0.78363286154415335,,0.185305038714475,0.1875,0,2
-0.33225367148064938,-0.91958376816148735,-0.20969785674047753,0.93143418498895092,-0.35489335432892744,0.080505068704600669,-0.14845153020969099,-0.16857164763709087,0.97444637758643193,13.883988150036595,-13.637284846903695,1.5738217036483306,,0.1113888710414289,0.25,0,4
0.042976144958735307,-0.9145310091227179,-0.40222640927401671,0.99373203621410422,-0.0024565656947345667,0.1117613774376357,-0.10319734088752475,-0.40450834186450413,0.90869318815306055,-6.4242692961462389,-18.635216533929977,0.38858912626946768,,0.5456265779793983,0.2857142857142857,0,1
-0.13702815512163796,-0.94677217248209244,-0.29128291765481157,0.98219024924016396,-0.16802382306421346,0.084085130554877749,-0.12855193114654181,-0.27457321117768457,0.95293439055481155,6.4804798502617462,9.1748412384951603,-1.8948942998432925,,0.1133565030209026,0.2439024390243902,0,4
0.69879836479722579,0.71451414311091888,-0.03391732081391368,-0.6918382926056762,0.68714893421887779,0.22177943792498991,0.18177079589743578,-0.13151380724597367,0.97450679641677374,-3.0016493675910154,-16.872747521238757,0.5020221420397496,0.3637847128639983,0.261711164644147,0.1739130434782609,1,5
0.53209181882868528,-0.77336927830765023,-0.34464221405029127,0.84656046070166335,0.47891618901343336,0.23232449349441733,-0.014617890140850442,-0.41537843380555328,0.90953123861529717,-3.0816720217742581,-21.363665467211284,1.1471344794553404,,0.360815923129185,0.4090909090909091,0,2
0.95791851517209348,0.26165443671736976,-0.11802149819676332,-0.22734242464127832,0.94260844903407082,0.24455006392926829,0.17523567059453782,-0.20742774056451668,0.96242723994886159,3.4319705819622217,-9.2567971140579992,0.25272561213409678,,0.3009724024926046,0.2,0,1
-0.13810326400001702,-0.95697447267183111,-0.2552006017371693,0.98858292035591511,-0.14887018320291578,0.023269682715969669,-0.060260252680462603,-0.24907333700659734,0.96660807711258334,-13.953030495629889,-15.180462360857767,-0.93885537823879506,,0.2468879686013791,0.5909090909090909,0,4
-0.78806343906779763,0.61519564263500126,-0.022143560859600397,-0.60934244296809825,-0.78466893638061053,-0.11400196260148868,-0.087508874991656174,-0.076347767238005973,0.9932337163203161,20.645271923064108,-1.2893972727794485,0.21768593709572151,0.6006017537302272,0.4489920335433908,0.3142857142857143,1,4
-0.95840157188384711,0.27978109774432441,-0.056470916014821099,-0.27886975346011694,-0.96003936535478163,-0.023581297128931575,-0.06081190356883958,-0.0068523218087080656,0.99812572257715382,0.45334781376346484,12.306650096346667,-2.9011303086279452,,0.5138797810308201,0.1333333333333333,0,2
-0.58287952568679935,0.80156965550223369,-0.13318237838829378,-0.81255163652838946,-0.57566979155071185,0.091455612572422934,-0.0033610281415942717,0.16152516359376085,0.98686287042113463,9.4138855371566148,3.4871726244232191,-0.95210405475803761,,0.08797937241250503,0.6292134831460674,0,3
-0.90210868415962642,0.42492930375255511,-0.075066695519093452,-0.42462044758073297,-0.90513191584746389,-0.020825234947964916,-0.07679451451845741,0.013088228553500354,0.99696103274561654,5.1647674966002093,12.8527935566272,-2.4902677486177565,,0.372781625435223,0.4,0,2
0.55569428520248609,-0.78410436699644503,-0.27637692206550563,0.8309933888380816,0.53406740479028902,0.15563416992411092,0.025570473220090394,-0.31615241387291387,0.9483637498880011,-5.0534854312316861,-16.864507286147994,0.34972217138236961,,0.3113968831062856,0.3725490196078431,0,4
0.26331589110216463,0.96436953610108056,0.025615216830216742,-0.94793475769418822,0.25371592633626011,0.19247837249570043,0.17912129032678711,-0.074964168530835318,0.98096683776167826,10.740633875480878,-13.274021164863139,1.303562583042823,,0.2682425976544928,0.2352941176470588,0,4
-0.37601499598043192,-0.8467270339014018,-0.37638551095701189,0.91138500485390828,-0.41129001503713464,0.014761316275860069,-0.16730240800800844,-0.33748163445036355,0.926345535253144,3.4900918169025843,10.382642604770421,-2.3342557430765565,,0.5390961819063111,0.2857142857142857,0,4
0.010244785183067288,-0.96767290408315665,-0.25200038706284522,0.99365704398057053,-0.018371565549146096,0.11094216748860232,-0.11198537102831096,-0.25153853836449092,0.96134678466883539,27.286420909812136,-1.4520396276413834,0.44489272081829689,,0.1518451884001646,0.5625,0,3
