axis_00,axis_01,axis_02,axis_10,axis_11,axis_12,axis_20,axis_21,axis_22,location_x,location_y,location_z,dbh,dbh_approximation,score,reconstructed,number_clusters
0.8276895908414178,-0.48179764997848884,-0.28775156939271901,0.54223180076304611,0.81873735044575757,0.18882220533169794,0.14461886271863558,-0.31231422551697374,0.93890638994827502,5.8440493593755232,-3.1844002985020881,0.56145309390442255,0.525597856810453,0.5225552369364902,0.5158730158730159,1,3
-0.30997598757905709,-0.89607342253884092,-0.31775353427447073,0.94489777996225532,-0.32736252393093801,0.0014011951927042116,-0.10527617274003793,-0.29981027224745821,0.94817230929199559,-8.6149078032759032,-14.840363164215981,-1.386871532830992,0.3332994210127906,0.3096034863080572,0.3947368421052632,1,5
-0.53262008400726935,0.83122905413266179,-0.15929251607595848,-0.84385380754591077,-0.53601322511769534,0.024506611132416891,-0.065012288087391013,0.14747230948434709,0.98692721126382721,0.011442883086039369,10.71925481123259,-0.43731386810344774,,0.1280842500366549,0.2666666666666667,1,5
-0.17766276952740279,-0.93003920381915295,-0.321656679836265,0.98022528149844856,-0.1961893622312865,0.025848242852637343,-0.08714549807730082,-0.31070373912574262,0.94650348581404742,-9.6279638742390663,11.618298695466711,-2.3961597722632928,,0.7083892270109751,0.5666666666666667,0,4
0.97828279184023048,0.092524516079478411,-0.18547774290610253,-0.081397329077267627,0.99444394950713533,0.066751075704718693,0.19062333017857733,-0.050204035822913898,0.98037865173550198,4.9357650407775795,-10.548981221401069,1.0117331214134002,0.1994570922993897,0.1787747221085631,0.4081632653061225,1,5
-0.7424121160666417,-0.63665257504301409,-0.2085611387784177,0.64977564857050485,-0.7600914348357859,0.0072537724017062459,-0.16314366810339517,-0.13013266069813292,0.97798243040322252,4.0768215536182559,-5.3762837286823926,0.36535367004008645,,0.07151362672766634,0.1730769230769231,0,5
-0.8847922750417887,-0.40555133485538186,-0.22950107804407721,0.42447114947912684,-0.90464996684203325,-0.037850769511016458,-0.1922677125422893,-0.13090665487180297,0.97257214355749977,9.2370512493706407,14.37202947996863,1.4471397825077899,0.4215322090752786,0.3087392027496289,0.3243243243243243,1,5
-0.97519051830444936,-0.094220902856321107,-0.20031443900537721,0.11475490063058813,-0.98898605659655625,-0.09347669569928492,-0.18930072844646723,-0.11414465087130708,0.97526213547287077,-11.539490002708863,-3.8538044022116384,-2.6933517408680547,,0.1776050124917923,0.2,0,1
0.32347516306579022,-0.89977491190797299,-0.29286332440331297,0.9459158691518188,0.31554625006349646,0.075324183086340493,0.024637113595542697,-0.30138956845230219,0.95318274253251967,-5.2016047820412012,-11.184604255058451,-1.0189582986120453,,0.1041675413078672,0.2166666666666667,0,4
-0.55978949631754316,0.82071897555523909,-0.11426321794921647,-0.8254035090491878,-0.56444567988140759,-0.010493889293446057,-0.073107913811290129,0.08843889204854509,0.99339508520597541,-12.696436153841457,-3.6173579596335563,-2.8537038315131529,,0.07534844138969539,0.1944444444444444,0,1
-0.51776623042739867,0.84477016708570007,-0.13520908043101346,-0.85282316422626392,-0.52219002229458467,0.0031986208096277942,-0.06790273328890821,0.11696557364446793,0.99081192634824289,-21.989655691710972,9.3145136184124802,-4.701897954884144,,0.1358989605736786,0.3333333333333333,0,4
-0.9767603755681401,-0.081303401726580918,-0.19831521774102731,0.0994928458504966,-0.99152563077627776,-0.083535005466409185,-0.18984294125553947,-0.1013246287009722,0.97657205431757832,-6.5265168537731322,13.456156402131986,-1.6986720299126947,0.5552861448340877,0.2704460356052383,0.392156862745098,1,2
0.87385667754851393,0.46865243019445468,-0.12938085939081576,-0.44986712492642156,0.8803442223491017,0.15037825669621419,0.18437482749635231,-0.073204848537435266,0.98012599860237526,-9.5471677310009309,-11.013193472317809,-1.9256892226916558,0.3407831499826964,0.3182275178334361,0.6153846153846154,1,5
-0.96326800403962087,0.21132411599178941,-0.1657011478349317,-0.20430475003406198,-0.97715668243582066,-0.058518262829141521,-0.17428230405593279,-0.022515238646520233,0.98443828781780229,-0.39269864481381966,-14.30352939099059,0.12899534979458485,0.4493748938844814,0.3856513659502794,0.8423913043478261,1,5
-0.90752039917854699,-0.31009226330790413,-0.28328345047212561,0.37477959997352045,-0.90233679917891818,-0.21290503115528714,-0.18959687897879449,-0.299384517108229,0.9351053065817635,10.46502790253815,6.6808423847964571,1.7140372771819221,,0.1646691999161542,0.2222222222222222,0,4
0.26235952501622817,-0.91366536360719541,-0.31045624970000379,0.96496558488463102,0.24741477504559653,0.087334695725118733,-0.002983223344188362,-0.32249268586073226,0.94656725484500603,10.697253402507204,-9.8959585880878027,2.1444500658088206,0.2734340214239482,0.1868107443391665,0.2424242424242424,1,5
-0.98247629176387641,0.050645946072418083,-0.17937481503358402,-0.016994417973200525,-0.98270766047794011,-0.18438233048675298,-0.18561122239685537,-0.17810289774286031,0.96634767653052389,15.371632396512853,1.1189317527988829,2.8653119976473098,,0.116687588859687,0.4285714285714285,0,5
0.98277108141735969,-0.002429269769112204,-0.18481098500398521,0.03592221299695314,0.98335684518012412,0.1780980338206897,0.18130249899865114,-0.18166841686375443,0.9665019349029067,-14.059448202181517,6.1934215816314948,-3.2421420923733497,,0.07521948372509273,0.4444444444444444,0,3
0.97978012505034506,0.096307438344506169,-0.17537327012931483,-0.063081657555795034,0.98051674785227705,0.18603121152432367,0.18987261792144725,-0.1712068471198315,0.96676605467038557,-3.3815691320603052,-10.847188495933791,-0.70911287366473474,,0.1287159265327908,0.3207547169811321,0,5
0.9791166392020999,0.079960892902858474,-0.18691405095327188,-0.05588839492745809,0.98984677742350957,0.13068987924367031,0.19546635042896049,-0.11751430904562324,0.9736443359972432,4.151769891722255,2.4850198992170625,0.25579541248380883,0.2119666875860368,0.1432755145436621,0.5,1,5
0.78164068998651814,-0.58335124425914486,-0.22076946704358399,0.61163285070964102,0.78623245348720427,0.087998778493172572,0.12224192280146233,-0.20381328441688951,0.97134806192476797,-3.0440387892177521,9.0657397153680801,-1.0724409756282118,,0.06528766213320547,0.3333333333333333,0,4
0.9584270942207177,-0.14472687116325128,-0.24590981645092383,0.22730693973770877,0.90820885467605472,0.35140892338568464,0.1724791587720356,-0.39269684115269377,0.9033493957146298,-10.55313698812528,13.103457197976708,-2.5896265772335769,,0.1911902127650921,0.375,0,1
0.88810710636256618,-0.37582955190482775,-0.26460898613487494,0.43277353201413143,0.87766064620925277,0.20595839405950583,0.1548316428134876,-0.29742887891153691,0.94210573948634002,-4.5671926799717069,-8.9022651104411352,-1.0417087900116708,0.5510936387455957,0.7117428731443359,0.4415584415584415,1,4
0.41700630453717169,-0.86764394418514945,-0.27073922526130051,0.90571952273890477,0.42159328908010257,0.043945929643508935,0.076012420734133349,-0.26353953161045601,0.96164911853163959,-12.858838896415127,-18.121875795259385,-1.9070520391102723,0.1725381117949773,0.1985307780083321,0.2647058823529412,1,5
0.9129178796198727,-0.35106386471736228,-0.20817086241850838,0.37635699206368772,0.92142812550453645,0.096569270754053901,0.15791250613909338,-0.16650637350836181,0.97331355070499526,1.7985879896123851,17.314735272936719,-0.16645174267609908,,0.1027744063611695,0.25,0,1
0.3721288598664248,0.9168958802803524,-0.14429849749540977,-0.92209334234786899,0.38296967128091314,0.055480617126394245,0.10613189743074913,0.11241074505538724,0.98797765396988724,-4.0682979936970911,-3.8344391032543732,-1.2499692549083177,0.1371973247133269,0.09730678389885268,0.5187713310580204,1,5
0.98113482051062495,0.04857050934185405,-0.1871239418242775,-0.035203452923601795,0.99662865901678377,0.074108251420891322,0.19009255872821129,-0.066122777079302697,0.9795369301192689,3.8248856287849518,-0.40732071424569677,0.11484318664109837,0.1920190384097713,0.1670704866804394,0.6475409836065574,1,5
-0.8831631072773386,0.44664774174893179,-0.14327847268454169,-0.44466692159690935,-0.89444244866802058,-0.047371245057341818,-0.1493126075780726,0.021874661399303701,0.98854804860810996,1.3318664529364914,2.4609397568308902,-0.31962246728166821,,0.07519563613827193,0.2272727272727273,0,5
0.97169700430350625,-0.12659023208681855,-0.19944885301198442,0.14264606844007421,0.98741825588143606,0.068244319255536881,0.18830037436548128,-0.094763395318379129,0.97752896014468604,-16.594795664385462,5.8294792415175216,-3.6838323578339658,,0.08831977952728029,0.4,0,5
0.64657910150371856,0.75514132648260335,-0.10815286652113262,-0.74859491652038801,0.65536714710661037,0.1004965345331636,0.14676892197763466,0.015983727082137637,0.98904165939058719,7.3442460311927222,5.4060027639662716,1.0671565390886961,,0.08467572481680144,0.2272727272727273,0,5
-0.93530140971260345,-0.27940915500239649,-0.21712161820155648,0.29631333421266515,-0.95383461792445956,-0.048968659535185748,-0.19341582395809573,-0.11013648691394833,0.97491552110573354,3.839603334768364,-14.851234507269686,1.028537852994579,0.6741907508932407,0.2878094137345775,0.2222222222222222,1,3
-0.8048989253807296,0.56558348366003441,-0.17959132198390595,-0.57914015859727797,-0.81467711611653548,0.029964531966394061,-0.12936149589760906,0.12812696627574113,0.98328484372134439,-1.7794214804875994,6.4659371648700832,-0.92718809630456345,,0.2341522049918439,0.1428571428571428,0,1
-0.12385835923959763,-0.95019347926337872,-0.28599206074964822,0.9906245545938015,-0.13514314146357703,0.019983071615461517,-0.057637649868014174,-0.28083568733462516,0.95802359993738229,-16.261253600627366,-7.8270169255591355,-3.2952210410849871,,0.171118837051608,0.2708333333333333,0,2
-0.044512230729920783,-0.95928615611612178,-0.27890631401852861,0.99528175540315789,-0.066676291523197054,0.070487584086295296,-0.086214202293213832,-0.27445280620294166,0.9577279198656975,12.323340347652566,-13.819235891170088,2.7443483629132617,,0.374848504855344,0.8857142857142857,0,3
0.44543282937035256,-0.87175288453131572,-0.2040502458475687,0.89398933105652578,0.44546727502618255,0.048394037213825562,0.048710065450870831,-0.20397503570799597,0.97776352679556111,-16.751081567531408,-14.322083456654607,-2.9464293686432756,,0.08015631836801611,0.1578947368421053,0,1
0.019758017822935004,-0.97498999051259838,-0.22136878536042884,0.99934289010730593,0.012529227109584961,0.034011857638375442,-0.030387640969401684,-0.22189532863104502,0.97459686763709386,8.8173688983808827,0.098158297798383753,1.292206808675666,0.545937066989041,0.659246625007344,0.8214285714285714,1,3
-0.43958982915329253,-0.85077818571435038,-0.28798829979285268,0.89030930618524651,-0.45512726108768814,-0.014440066993087853,-0.11878603211204798,-0.26274636996049694,0.95752505118542874,-23.339516050363493,-5.4787635657593317,-4.5642264533426413,,0.2348023220241631,0.9,0,1
-0.63555487659102949,-0.67320243040452898,-0.37797947899164724,0.75708146546138144,-0.6393853328243686,-0.13421643276409567,-0.1513197062388405,-0.37146316623119874,0.91603354886013033,6.0764523201546492,4.7881259529450357,0.75639721111711866,,0.09762524580793595,0.4666666666666667,0,5
-0.98665121300043257,0.075856540676464357,-0.144101246078497,-0.070968277998968224,-0.99672473807346718,-0.03877241326303868,-0.1465704178974625,-0.028028231285234718,0.98880307991449201,-2.5683806752339144,14.686482144397791,-0.97846944933131763,,0.1622518526597653,0.40625,0,4
0.45907540507107386,-0.85894676795634151,-0.22684845663170161,0.88691622861181207,0.45785531081101566,0.061221873437104064,0.051277440301074284,-0.22930103396954743,0.972003940288653,1.8530888433124508,8.7992609753809568,-0.042492850868507445,0.6220878218842583,0.54354641450749,0.75,1,5
0.98291523444995221,0.09173123103162921,-0.15957137318334147,-0.049746410968489474,0.96709145914457562,0.24951834450671087,0.17720873703615606,-0.23731727898119284,0.95513222781718199,2.1694051764093722,6.5769233039861659,-0.02572613648651307,,0.1629851312467856,0.4680851063829787,0,3
-0.91071927980040124,-0.34548679018983935,-0.22633884157201392,0.37361434690284834,-0.92272124713259562,-0.094856838859548417,-0.1760758733847354,-0.17095139044298588,0.96941885112546333,-15.181711717384294,-13.521820936102646,-2.7237502733187946,,0.1297383650345275,0.375,0,2
-0.035626532778233355,-0.96903415954130068,-0.2443430944477164,0.99833562563271028,-0.045604997219126142,0.035301031446514142,-0.045351171481514616,-0.2426787627105588,0.96904607185341085,13.955785739003021,-24.986328019802084,3.7686294400920621,0.9337317061492155,0.7818959864152184,0.9387755102040817,1,5
0.78189773758666659,0.62150477841353746,-0.048659411895272654,-0.59920555749205262,0.77078802577770911,0.21642208572218713,0.17201345246082492,-0.14006294915802334,0.97508653074774165,-26.713545885848117,-9.0148056380438177,-4.9457209552695325,,0.3020614386604752,0.3076923076923077,0,1
-0.71755973627680281,-0.66487315972686689,-0.20748905115494401,0.67721927088309586,-0.73562445283150368,0.015189586594779189,-0.16273316815859917,-0.12961614818827308,0.97811940483250936,-4.4318202215263094,15.150353680176124,-1.319893907281106,,0.08055435274195101,0.5833333333333334,0,3
-0.96623952190704931,0.18012104637752854,-0.18422159199372065,-0.18558712703568203,-0.98254539448955081,0.012726588152927537,-0.17871375040404219,0.046486088448446795,0.98280233973942333,0.10143295901342665,13.939643737806083,-0.41739427308559218,,0.09598982158487072,0.5,0,2
-0.81193599014997053,0.56600794273218191,-0.14281091226958295,-0.56883323997288504,-0.82209657057571428,-0.024206894670738888,-0.13110565587013287,0.061581144936847826,0.98945392494402185,13.192925675539758,13.537590599064446,2.2899042099042868,,0.1973300508198054,0.2777777777777778,0,1
-0.85872864377719005,0.48591329730851091,-0.16270643458498682,-0.49136547689706211,-0.87092002981462502,-0.007633464574850729,-0.14541349480124149,0.073393250142389829,0.9866449951037235,-1.7783524347265376,11.718744230546756,-0.79677912196212597,,0.06647991628882644,0.25,0,3
-0.1683964029288513,-0.91215554118045183,-0.37365079977757576,0.98457805837210421,-0.17388443262806733,-0.019241908996593386,-0.047420443406214624,-0.37112864721470001,0.92736984464869554,-16.434374997536857,1.5646276087270423,-3.6386880674543898,,0.5615029488417423,0.5,0,3
-0.069226127594929979,-0.93701766631657613,-0.34235308713205509,0.99614313455117121,-0.083473190920673457,0.027038525922986553,-0.053912881065453021,-0.33916090489347206,0.93918224101984804,-10.184482907933379,2.1779571295397173,-2.6616904095311904,0.5044216623426437,0.461165003371415,0.846820809248555,1,5
-0.10653742427446397,0.9938713137724311,-0.029488792603715726,-0.99376239944279254,-0.10544907470986052,0.036287547403179826,0.032955586516804879,0.033170835128111642,0.99890621432356563,13.507739376747139,-3.3138102255950947,2.4310648896121374,,0.2171932182825927,0.3076923076923077,0,4
0.97109294591849293,0.16607363377618012,-0.17145856220007971,-0.14264537758066906,0.97967821943236033,0.1410066758161074,0.1913917099620874,-0.11247281686796859,0.97504824435695148,16.784178435755571,-7.8818446459420279,3.334377916359164,,0.3607312250690761,0.6379310344827587,0,5
-0.9540727817544673,-0.21290405751172642,-0.21075338528796222,0.22819671143041292,-0.97228734961687446,-0.050828836966218711,-0.19409118477570678,-0.096587639323244406,0.97621690208801737,-2.3719282619833595,-19.394722799292442,0.12802629974077684,,0.2269229147833825,0.4210526315789473,0,5
-0.93767559542455847,0.31795396200953574,-0.14024890654703293,-0.30608446713758936,-0.94674610771722367,-0.09992050089638739,-0.16455022553098381,-0.050765003346062043,0.98506148930560511,5.4613084148926001,-1.1906252765284113,0.43386673573174928,,0.07250284959634995,0.1777777777777778,0,6
0.48803543221606005,0.86142927050751139,-0.14057392651050127,-0.86355024792861257,0.49996177988518414,0.065720529185864018,0.12689517801758574,0.089318702223750643,0.98788652345750227,-7.1305816917696756,18.109814141192953,-1.8912238207601442,,0.1152564322049642,0.4285714285714285,0,1
0.077848417541408407,0.98500917806479193,-0.15393681500675183,-0.99561754334943242,0.084836527874601469,0.039350615154330693,0.051820181986758806,0.15019881046901257,0.98729680748625659,-8.7372436171186116,9.4742295316135863,-2.2651066263403901,,0.08271411366029732,0.2142857142857143,0,4
0.026249314368517455,-0.92617217722570067,-0.376186219349125,0.99686300585664755,-0.0038561330906565928,0.079052373728030562,-0.07466673321923098,-0.37708119599178147,0.92316555968026437,4.6261557390457764,10.7691667791399,0.47677257950935314,1.191041853058914,0.8654856613735769,0.5806451612903226,1,3
0.5304874361847467,0.84346357112769343,-0.084571178486842216,-0.83584121071713824,0.53708538840743636,0.11361670663305737,0.1412534973621663,0.010415840808692371,0.98991866319572197,-5.7138712394339448,16.292854679960044,-1.5882236452869718,,0.2313326488510571,0.3333333333333333,0,3
0.56905826833783923,0.81868879219388169,0.076950300665185045,-0.81029614228872526,0.54236294202121349,0.22195179862777223,0.13997445848564377,-0.18865603795854577,0.97201648664692641,-7.434214686214732,-1.3942932288912564,-2.0468933501306679,,0.0873539437887777,0.2553191489361702,0,3
0.58754691977073448,-0.70589478631034108,-0.39560228478587073,0.80530809545968773,0.5579165271910056,0.20051937580747473,0.079167470939859888,-0.43639626413044252,0.89626492299876415,-11.74528210174471,-0.94816872987378165,-2.8789092330215524,,0.2687336360854894,0.1428571428571428,0,1
0.91607709230486822,0.38302836509508259,-0.11870986684705571,-0.3543956158439544,0.91183497863670626,0.20726967748607467,0.18763397460172751,-0.14780474710639505,0.97105470922496062,-6.2997598627277647,11.171352390198034,-1.6589769082549213,,0.3391984681350526,0.28,0,4
0.37845048489193667,0.92240083427776942,-0.077148761550222586,-0.91925698307197046,0.38429780840943978,0.085333425602870702,0.10835972295312084,0.038625061493500028,0.99336110003671207,-11.903409149769784,-2.9548458132974638,-2.7463896757954291,,0.4885144773051688,0.6575342465753424,0,1
0.87896798844063695,0.44878874680690845,-0.16125735963392582,-0.43993416821002868,0.89360812295963199,0.089008146941242192,0.18404674117726394,-0.007292689493475616,0.98289043832055956,-19.112642911244997,-4.7945253020232403,-3.8971754481192975,,0.2449977953349086,0.6190476190476191,0,1
0.36901962649985587,0.92726759068420039,-0.063240260314333746,-0.9226916079343187,0.37367201575264797,0.094917971380207369,0.11164547418273607,0.02332466312876938,0.99347433192027723,-17.473909681681032,-9.9301183750535476,-3.3293233767599046,0.2896230562603839,0.3412672700521562,0.4303797468354431,1,2
0.9462703060683747,-0.25684327016631081,-0.19647911447159058,0.27617426389754268,0.95795096270705438,0.077831414025948342,0.16822688195979707,-0.12791203078250096,0.97741405175451701,-2.6114990015180988,-21.241658142393611,0.193572538424227,,0.118692406377104,0.2,0,1
0.81999402744907712,-0.47073806557361175,-0.3256001667196386,0.55318012659340066,0.79785106094367531,0.23963604088943213,0.14697463213069095,-0.37661566373567912,0.91463604747406646,14.846926944471326,3.5570673089955447,2.7741537215843883,0.7509621271898957,0.2974322301940683,0.3478260869565217,1,7
-0.48191283928294515,-0.85404147614379233,-0.1958907153501227,0.86710612720886115,-0.49698956075686412,0.033590782300352645,-0.12604356187882326,-0.15367021027132008,0.98005024717310696,-6.2439379038431237,2.4559433288413564,-1.8934502094865622,0.311508065366837,0.305673021700445,0.930405019965773,1,5
0.13101551790668925,-0.95439418305282953,-0.2682660571570038,0.99133464565837726,0.12352441143731981,0.044691611029856776,-0.0095160067792256289,-0.27179673127906923,0.96230763401367247,15.173120744956105,-2.0700780207163549,2.7980974966914989,,0.101501787396593,0.3333333333333333,0,5
0.96914389541863877,0.16507091232009954,-0.18306202194501786,-0.15657525929420066,0.98583993259337277,0.060031787256829741,0.19037935326537381,-0.029516456598065066,0.98126677343123891,-8.1741067621418217,2.6380122845421825,-2.1667379996645799,,0.08311147379089426,0.6178861788617886,0,5
0.56956520702217328,0.80528800157209135,-0.16464115364579096,-0.80933709672893039,0.58441250111157172,0.058613073651734807,0.14341875333503451,0.099866225865129998,0.98461048040495691,7.2960908525655785,8.0506306668995915,1.0629434830357793,,0.09546803620356063,0.3333333333333333,0,5
-0.12613918325909543,-0.96070992123858301,-0.24723542157321343,0.99002142798464299,-0.13769640777820991,0.02995448908303186,-0.062821004273864306,-0.24098993032642085,0.96849232051849055,-9.2571681272677129,15.151894671104685,-2.2545581942984958,,0.1333182143075182,0.4210526315789473,0,4
-0.149391743941614,0.98864318595292011,-0.016332719030925914,-0.98871186805683575,-0.1491701919986205,0.014039080548845612,0.011443286487957611,0.018245675870042975,0.99976804635195271,-4.4894411800512435,-7.0061558610361718,-1.2176992102897679,,0.1113998977298999,0.2028985507246377,0,5
-0.97591755265620905,-0.075738696077007936,-0.20456925559347572,0.10796370304841225,-0.98257947187435313,-0.15126605790854109,-0.18954885713606501,-0.16970925539778489,0.9670935835743818,2.7531148990702414,8.7988289965489166,0.11799466161100007,,0.07974629082471379,0.28,0,3
-0.97020414418923284,0.19651792175947816,-0.14172023505969186,-0.16599983639111379,-0.96521407428419681,-0.20200456708160039,-0.17648788319927841,-0.17246013229450155,0.96907663776029684,-6.4193577763204983,-6.8799815015478005,-1.5865875488161645,,0.09285306727676579,0.3103448275862069,0,4
-0.62070102875792033,0.78325549864735333,-0.035228635192752461,-0.77894474335397934,-0.62115652365591756,-0.086079381508569294,-0.089304645456222881,-0.025988400458285016,0.99566524662737776,-6.8225101001984685,-19.629220955810585,-0.66976974254637889,,0.2835615279042882,0.25,0,3
0.94802507436290517,0.26530945586895699,-0.1756682982376869,-0.25922952160422141,0.96412478676186719,0.05712661971646478,0.18452239297183812,-0.0086190589916196377,0.98279051598702605,4.7730742927438117,7.7604274531497142,0.4980794752809497,0.8281975901809935,0.3053461401822648,0.293103448275862,1,5
-0.51415145721605848,0.85551300652963247,-0.061202734426105604,-0.85571211605836783,-0.51650725498177075,-0.031257478818782235,-0.058352836036598854,0.036300843100744121,0.99763580294447174,-1.8122732625947375,13.435441036225921,-0.79160396986950854,,0.1873001817520981,0.3928571428571428,0,3
-0.68858323227158102,0.71770767662770296,-0.10367653130813466,-0.71773865234907497,-0.69493560857377701,-0.04376901712773365,-0.10346187297046072,0.044274042574162203,0.99364754817570289,-11.110331260552783,-13.548689315106101,-2.0367938264144496,0.3138422737263298,0.201329916411799,0.2558139534883721,1,5
0.81300056704722823,0.56103913870165856,-0.15577279231555768,-0.55476010509746876,0.82761510490592249,0.085407633873111719,0.17683694120044594,0.016980075867303129,0.98409368113529216,11.1510173688804,-0.87923649197926435,1.8163817639993014,0.0972207663241051,0.08513080002408736,0.5,1,5
-0.77117075322823314,-0.59812119761879357,-0.2180520633345634,0.61430845400913636,-0.78902253087261931,-0.0082806466095399055,-0.16709516060707777,-0.14033701840365365,0.97590200766637847,8.1075382100653606,1.8022813925824581,1.122194805038996,,0.08815512421423162,0.2909090909090909,0,5
0.098668611043633614,-0.97283727863361436,-0.20940901245042959,0.99490828642666695,0.092094494272066438,0.040940270203385545,-0.020542803953551202,-0.21238228133607651,0.97697070569194155,-12.600203371312107,4.9629344775175586,-3.0107462921544119,0.1266211720601916,0.1012545740879103,0.4893617021276596,1,5
-0.85736546225534771,0.4875949353083624,-0.16485036606968378,-0.49399182859512769,-0.86946291512772256,-0.0025124686755056891,-0.14455634684411692,0.079280629911962219,0.98631538784906281,5.2031306581030154,1.2682580019621046,0.46575866854505593,,0.07077250880196582,0.1666666666666667,0,3
0.52921336606170544,-0.81689382160210922,-0.22938547776601276,0.84472002522720746,0.53269644841883423,0.05179355965858521,0.079882990440933915,-0.22117635061249885,0.97195665014852994,-5.2290046917892674,2.7620961291030262,-1.7297873027029045,,0.0735406530783993,0.2985915492957746,0,5
0.49759969874401921,-0.83174811350160271,-0.24614957951697938,0.86487909706382871,0.49740156032825439,0.067644920319811924,0.066171650061919551,-0.24654971804798792,0.96686842396395378,-25.749069659268081,4.0972988554411414,-5.354962630417905,,0.139316900989007,0.8235294117647058,0,2
0.45892551752393573,-0.86087028285601963,-0.21974923312900305,0.8870479441728506,0.45796425065008667,0.058435347737687764,0.050332038545122006,-0.22174557768285208,0.97380469534398484,1.7017992089077847,-3.3455765246676763,-0.21934622779617233,0.4004229985261821,0.4077173606855691,0.7624434389140271,1,5
0.70602036889585995,-0.65097681854813505,-0.27886272683365454,0.6998822266827841,0.70150933324049825,0.13434851748351534,0.10816703507862699,-0.29002385606949455,0.95088698352268952,-13.387960269954776,8.6647362224564333,-3.0944070249436542,,0.09327133736010935,0.2352941176470588,0,2
-0.87728966802182839,0.46075661151064667,-0.13441050305455751,-0.4619595680412556,-0.88657663478387283,-0.023983914410324159,-0.13021595861217927,0.04105137762039391,0.99063544683106375,-9.8680288930970814,7.4341018461202113,-2.4810767488112475,0.2934406687434418,0.1079210116861728,0.3551401869158878,1,5
-0.21296596455806799,-0.86263747541490532,-0.45880506094598589,0.97393379743481512,-0.22495578011927211,-0.029117953312857492,-0.078092612672721912,-0.45304688830266554,0.88805971693643448,2.2579507131787855,3.7235417152855121,-0.14789281615412023,,0.711437569185605,0.3046875,0,2
0.085932463075774748,0.99432506927370379,0.062715774758619877,-0.9951453212589183,0.082631519403338682,0.053458596853816744,0.047972923261083995,-0.067005138720392043,0.99659867048819928,-2.9823850175077427,10.264769565723407,-1.0161413099881891,,0.507408486396295,0.2564102564102564,0,2
-0.9782909697436275,0.14753068363079566,-0.14553857188217631,-0.13676277097408426,-0.98724873888832387,-0.081460862006883128,-0.15570074821131563,-0.059788167314648172,0.98599323124228011,-12.7589429988289,9.3695040572481592,-2.9860430757953953,,0.1568252786014441,0.1666666666666667,0,3
0.80533864197724492,-0.54459247822438794,-0.23419800255268158,0.57368953099459019,0.81549913774587168,0.076429564717758344,0.1493653030842621,-0.19590862410102919,0.96917997154160584,2.240352641219125,-12.966961181271101,0.61828286826581869,0.4763095671529308,0.2336403655252457,0.35,1,4
0.70851712214337303,0.70548661691986192,-0.017091546935299677,-0.68693853197715671,0.69503128240658496,0.21224271427148478,0.1616135542420323,-0.13863675495057703,0.97706750496679196,-13.933926482643823,-5.3628856154129032,-3.0701895317203416,,0.1025586088046768,0.2391304347826087,0,1
0.37875534282465184,-0.87986368021380834,-0.28702664427261032,0.92524976141664095,0.36714975107093401,0.095466953900301313,0.021383855597893332,-0.30172995298638527,0.95315359003185018,-4.2602138728467223,-11.327200999594218,-0.82593215923911611,0.3166030144508917,0.2039452074809291,0.3716814159292036,1,6
-0.2640040823390899,-0.9431384898212104,-0.20196938759639471,0.96080370109749424,-0.27552407346442126,0.030703955753777049,-0.084605510846827658,-0.18594696544805442,0.97891043184502247,4.0174061596738984,-11.913708717613284,0.87651099123290255,,0.08224510208332533,0.5172413793103449,0,5
-0.98039539634105832,-0.056098668098514402,-0.18888569631084381,0.058822433746056758,-0.99822931274561966,-0.0088408406613183412,-0.18805527942988023,-0.019778235840963811,0.9819592828959709,0.57152907303985534,19.613006698649272,-0.38623007778423757,,0.1140501979902833,0.5714285714285714,0,1
0.69730354545829376,-0.67895572942088589,-0.22975396183275679,0.70980193923227264,0.69868937971616618,0.089522945293070227,0.099744536458897956,-0.22550447480791477,0.96912267504594496,-0.32436210587621905,15.369116854713676,-0.51699458482045246,0.37551009977377,0.180153640167575,0.4736842105263158,1,5
-0.20570961671649682,0.97623754296183085,-0.068145530317102201,-0.97859706908984934,-0.20560519657749074,0.0086185560906681495,-0.0055973171348926119,0.0684599361099507,0.99763816446079923,-6.9342468285720322,9.7821783902769823,-1.8264692875954924,,0.1066345691713629,0.4166666666666667,0,5
-0.97744974126477002,0.12294979319857924,-0.17168387126885049,-0.11446390880996826,-0.99170230774245849,-0.058519624043765386,-0.17745426701371791,-0.037548384395430144,0.98341247803142884,9.8361588778046389,10.399296098751105,1.6248148701594975,0.2144681197150324,0.1833367699475001,0.5333333333333333,1,6
0.97753222202803813,0.14317178954238965,-0.15470162758082673,-0.098819612835685619,0.95955308901684466,0.26361440301553513,0.18618657044999862,-0.24240401819578303,0.95214224407207504,8.3305974794269453,-4.9112163984191266,1.2782345740147067,,0.2520231780552879,0.2,0,3
0.67634209295154446,-0.64602086175661577,-0.35386214756195961,0.7315901497280628,0.64502467947142561,0.2207238448687717,0.085657609835865955,-0.40816688872080525,0.90887984069907868,-10.69112752129581,10.675056318365018,-2.6303971919895575,,0.4229931543692771,0.4545454545454545,0,2
-0.4424633810799764,0.89468226063119338,-0.061398769654873363,-0.8947187026679021,-0.44505405244437185,-0.037487777996403189,-0.060865421213862292,0.038347658529549571,0.99740907233980969,-25.261913069850433,9.4071034034722896,-5.3422836594311356,,0.3024143808366637,0.3157894736842105,0,4
-0.1849187525288967,-0.90026514707548344,-0.39411637865523264,0.97992931668630989,-0.19929349974453578,-0.0045426047898158651,-0.074455283639634579,-0.3870462064414697,0.91904931577005633,10.125387543572698,-21.933712342055927,2.794056770246744,0.6312470038042234,0.409772210045376,0.3157894736842105,1,5
0.89111985684546269,0.42359189343914405,-0.16271234909607452,-0.4134856853560494,0.90571361502601788,0.09334042833703092,0.18690903868288472,-0.01589828195570599,0.98224857133492283,3.8824796559582011,13.054644944235571,0.32859742057608998,,0.107687833472422,0.3684210526315789,0,4
-0.77989639926730436,-0.56751892703774509,-0.26397703283395874,0.59992398723951923,-0.79804364648768311,-0.056723432858737814,-0.1784735721179227,-0.20260455511801631,0.96285958389627113,0.089914752056647285,-5.8844281379625221,-0.32308707101930395,0.3561514264805959,0.1864612891608927,0.5528169014084507,1,5
0.44434499145334333,-0.83657243472162712,-0.32047478845341021,0.89454291791831075,0.43369200512275391,0.10818600969996224,0.048481920058134897,-0.33475036393786789,0.94105881711556283,-15.369891394411511,0.34398374300587675,-3.4106683879120436,,0.186610572257196,0.4444444444444444,0,1
0.46056773218945157,0.88164402139124587,-0.10286488035738765,-0.87881224157426752,0.46921217912024044,0.086769666499579956,0.12476541237489951,0.050435607563598134,0.99090354796247138,10.665031999497021,2.167318593438984,1.7226336361828536,,0.07484575023620021,0.4,0,5
0.32119844126301839,-0.92684947144140017,-0.19437494339292957,0.94674040020250305,0.31918437664598459,0.042472912891851809,0.022675448278081337,-0.19766484511392371,0.98000736377410813,-3.2479178326624765,-2.5468976529200873,-1.1685650544224315,0.5512048877821847,0.5336159781579679,0.9905183312262958,1,5
0.75412412949468488,-0.60649374015914459,-0.25191693166925916,0.64853703818886099,0.74815449172263881,0.14023040544924151,0.10342392088439763,-0.26912859317250309,0.95753500872077046,-7.5780083242808427,13.789831583538872,-1.9184332709846483,0.5840883945850165,0.2726318552674487,0.6565656565656566,1,4
-0.9639718204840656,-0.18147925928645961,-0.19448292408711357,0.18195075259285165,-0.9831840395432303,0.01559063880507815,-0.19404188450829601,-0.020357377932668095,0.98078199627653029,-10.920172465890438,6.2504679253160305,-2.712324076965162,0.5171215280454921,0.4656761083689201,0.9670958512160229,1,5
-0.88109049544618889,-0.42205237929801503,-0.21342757076646571,0.44992201479759758,-0.88708513983425286,-0.10319949266210128,-0.1457728350374671,-0.18695385477205126,0.9714929422033961,10.300304911606869,-1.8867156967248253,1.6321370952261547,,0.1763247619551164,0.4166666666666667,0,5
0.883709269442842,0.44351531930488391,-0.14950614918017938,-0.42213858101099799,0.89324424634012567,0.15464066348241765,0.2021310107895872,-0.073545074084864118,0.97659314791525764,2.6667391845826418,7.5595450976683907,0.10690107723039508,0.2719844608674663,0.2022751506583192,0.6521739130434783,1,5
-0.37543914291071989,-0.87212681374096279,-0.31375192545146341,0.91827432085086791,-0.39594083934530372,0.0017673155955009723,-0.12576852402863645,-0.28744681680716705,0.94950334695096561,-3.4681357150757361,11.688841532203778,-1.1160920872682647,,0.3264983088885019,0.5210084033613446,0,7
-0.34111890726194422,-0.83509157364540432,-0.43157844563284387,0.92603545670774179,-0.37743307288468614,-0.0016150581752181268,-0.16154325745292869,-0.40020786988672236,0.90207396418044983,-12.197283912117081,12.192423756898357,-2.8771545570124291,,0.2984224153242598,0.2,0,2
-0.42918561222524326,0.89967630874662363,0.079888983839418989,-0.90203046168635259,-0.42241128607304718,-0.088936784223522733,-0.046268309335336044,-0.11023268516264154,0.99282828257110278,-7.9847712716145613,15.0820167704867,-1.9853286818070082,,0.3965512146822269,0.64,0,2
0.74588776825344449,-0.62973723285916183,-0.21698491818737523,0.65635902805034974,0.75034585138306908,0.078574357197612202,0.11333253489928,-0.20102766193512614,0.97300751059290425,-11.236147969873517,-11.267417666272907,-2.2480469926570437,0.4150224621333521,0.3458150661500907,0.6730769230769231,1,5
-0.3880795142633493,0.91754075019996895,-0.08667907666559474,-0.92089198613728196,-0.38980426693692111,-0.0032532054808592204,-0.036772822535863663,0.07855956466431456,0.99623097438420305,-17.207089617681852,-15.344849154448411,-2.9533350253051345,,0.09602404777436353,0.4285714285714285,0,1
0.56166452779228282,0.82734498020076686,-0.0057655837922130646,-0.81721296995520532,0.55584752317087227,0.15230394847737727,0.12921269270805,-0.080832015448086242,0.9883168850736771,1.614496035114406,-7.7589768197215498,0.065021875051180261,0.3013094734251167,0.3006574300078387,0.3061224489795918,1,5
0.97576004235040137,-0.071566738823213322,-0.2068104002378871,0.095950386139827717,0.98924728239321824,0.11037815760942972,0.19668722162856192,-0.12754613350409383,0.97213482638788073,-15.691314958090985,7.4275817164252667,-3.5613960724568474,,0.2271468248307785,0.2058823529411765,0,4
0.59834733857478495,0.80030482711335182,-0.03863477862677607,-0.79015242884809744,0.59737619500840911,0.13711608520785418,0.132814161917787,-0.051515680489957277,0.98980125937368502,-1.0623737006973015,-20.27286439710721,0.41967470669366969,,0.2315987576371934,0.2777777777777778,0,4
0.25338400583799259,-0.93603125717113933,-0.24421718036229539,0.96709017314747225,0.23908081875287851,0.087045729970208929,-0.023089880620857126,-0.25823603099310327,0.9658058861437141,17.169294330838365,4.8603012763444458,3.2899675994644166,,0.1969023897510672,0.2,1,4
-0.52409399151997749,-0.78049161310184201,-0.34082008439988032,0.84123734246225645,-0.53683745753331324,-0.064228325808849199,-0.13283531796814155,-0.32037226170012273,0.93793197633594427,6.8648618796665284,-9.2377103547608339,1.2807619139855444,,0.2077521546944099,0.12,0,1
0.96435533095287196,0.2373864872299814,-0.11690359850485973,-0.18675129004146426,0.92356974371910527,0.33487741660863574,0.1874640000923497,-0.30110892409099188,0.93498163859090822,-13.242298817492729,3.5185315284140346,-3.1368393014018698,,0.1384088964288934,0.2608695652173913,0,3
0.92188071527256255,0.3460687036087069,-0.17427678902004895,-0.33839202496179827,0.9381725845762604,0.072959159752250216,0.18875058741843262,-0.0082857668377550875,0.98199010270832587,-0.23268663494075964,5.5748149157404727,-0.5656717736852781,,0.08744729667948781,0.4518518518518518,0,5
-0.015622934649266167,0.98669031717056355,-0.16185840081626032,-0.99910660998231182,-0.0090477237002411972,0.041280995451856935,0.039267108406360843,0.16235872843089316,0.98595016988674766,-8.2630242514139915,-1.5931695031047275,-2.2316835232442922,0.1100824361789678,0.09051543106668269,0.5652173913043478,1,2
0.71882866819604763,0.69177103491949732,-0.068834446506836303,-0.67810300155868763,0.71953412654380755,0.14982309573606029,0.15317201133560035,-0.061020291586044474,0.98631377307536328,-14.461473669586308,10.178746732828071,-3.2948340139034107,,0.2639827533358064,0.2666666666666667,0,4
-0.17736668325871327,-0.93467583272994381,-0.30809438063747513,0.98134933996814688,-0.19155199338242571,0.016164986090356416,-0.07412511459610395,-0.29948108711871158,0.95121845327154442,-4.890033644629832,6.469269802461235,-1.542939569079262,0.1760956475541868,0.09649976861456402,0.2307692307692308,1,5
-0.57282023337961085,0.81937578429719671,-0.022367483950633458,-0.81706642117361683,-0.57295824713940025,-0.064197433168962426,-0.065417456549959077,-0.018497868588014738,0.99768651651520024,-7.3845157553681036,-3.9220518332689371,-1.9464004539914805,0.6392501877514123,0.6339192038266731,0.6021621621621621,1,5
0.89025406658309358,0.44891717696734856,-0.076948457787866298,-0.41637560469360901,0.87062780364541126,0.2619896626502628,0.1846051265493357,-0.20119790193546572,0.96199810369276217,-0.62058788523752628,-7.4595203340821881,-0.33827087154587948,,0.1421942310248977,0.2156862745098039,0,5
-0.32028894830522492,0.93775200383318114,-0.13429880453818963,-0.94716160033131691,-0.31959262425839913,0.027303065348953551,-0.01731740313535635,0.13594754071509946,0.99056467417436445,-19.073719203328753,10.101096273856369,-4.1611155992617039,,0.3702712302908244,0.625,0,3
-0.97083115317711255,0.16495657237400116,-0.17400057830771723,-0.14829958003918978,-0.9833711727732366,-0.10482543164132535,-0.18839879665485937,-0.0759635819930259,0.97915036007233913,6.1993405664091368,6.5291145184722472,0.79030137900952113,,0.2116868279353141,0.3055555555555556,0,4
-0.57134324659948266,0.80337520596855883,-0.16779503270400337,-0.81702476813800251,-0.57611892587704328,0.023611681332011258,-0.077700854655565282,0.15058307235960056,0.98553909892227887,0.72129615929917235,4.9050484453569894,-0.41014887049300791,,0.08549457267989835,0.4056603773584906,0,5
0.25332720148522581,-0.94377520033592921,-0.21239985927146685,0.96737297480056395,0.24801851972977554,0.051733369275124598,0.0038544277356385927,-0.21857535337252934,0.97581246061161919,5.1687112512349689,-6.8022084614940823,0.71890877873933878,0.1039449308233502,0.1059316409057557,0.55,1,5
0.47373294979013858,-0.84271576642372314,-0.25574837106815029,0.87897001803907038,0.47047045684986005,0.077905433827697226,0.05466991559835966,-0.26170152130311014,0.9635992497278667,-11.026699017135249,8.7326177809718253,-2.6417430557443145,0.3289560999346631,0.328444139449579,0.8090614886731392,1,1
0.92147398821212456,0.34347882368428118,-0.18140558626708139,-0.33985570463630188,0.93905581417518647,0.051694079834544798,0.18810579224097193,0.014016973433666492,0.98204874389266228,-4.1061253626822767,20.423728280364866,-1.3350651653633085,,0.1145226671172107,0.2666666666666667,0,1
0.79720182422272046,-0.48390496315144349,-0.36097816844425307,0.59010307113115223,0.75083565186367518,0.29668870779325779,0.12746614020025046,-0.44953510488931858,0.88412135624845101,-26.950011622149859,-7.5242800524491154,-5.0463761624663155,,0.3366045402794134,0.2142857142857143,0,1
-0.67899439060522215,-0.69521452505199666,-0.2358884941733497,0.71711012386141471,-0.69688373856919972,-0.01030170729940289,-0.15722495915760365,-0.17615282874408481,0.97172552356277431,-17.053297770242946,-2.8173343114369636,-3.6563695271156105,0.2469514418416613,0.313489209606229,0.6304347826086957,1,1
-0.0086635805833416499,-0.94987044140217769,-0.31252373817345397,0.99587562894908932,-0.036423437182247359,0.083096720086221834,-0.090314306932694544,-0.31051485918433047,0.94626838063469287,8.3649485300185109,10.631283630387696,1.2638654964345364,,0.2110010055613832,0.16,0,5
