axis_00,axis_01,axis_02,axis_10,axis_11,axis_12,axis_20,axis_21,axis_22,location_x,location_y,location_z,dbh,dbh_approximation,score,reconstructed,number_clusters
0.46413321802428181,-0.81439831995293233,-0.34833278970586073,0.88210959425202407,0.46066853789858336,0.098321726586307875,0.080392907989172813,-0.35290207515431882,0.93220014251062056,-17.52257388603029,-21.08115297333979,-6.4335819562295509,,0.2723331663101382,0.3870967741935484,0,2
0.90185492707753989,0.31936217154372032,-0.29097335598443702,-0.27129932353324843,0.94276736516856274,0.19387205116655909,0.33623558341788923,-0.095903589922413268,0.93688213446709845,2.7602443883657868,16.302694764194928,-0.81618199923649126,,0.2992261813353286,0.6976744186046512,0,5
-0.82630000537353843,-0.38765326938218841,-0.40859912366155587,0.46804059896145545,-0.87615770984889851,-0.11526345993477624,-0.31331501534955669,-0.28648317613715857,0.90540658874721758,2.3472145802102458,10.280785907476744,-0.58992187551659159,,0.3188620689186458,0.2758620689655172,0,4
0.88803722643351413,0.40264522921796453,-0.22196104130293648,-0.35087359802877194,0.90547289063174208,0.23876047105276915,0.29711547027143292,-0.13414791731148629,0.945371214712176,1.2108182372538099,10.096050259480304,-0.96609729632106689,,0.6934079362663361,0.4761904761904762,0,2
0.4967678054944546,0.83009832147150697,-0.25329532983142461,-0.84093521855904063,0.53255012218610842,0.096012111457978694,0.21459195141309906,0.16530923764190428,0.96261266890633146,20.975125419142042,-1.5123848881784099,6.2822759861540609,0.7394265672207363,0.3074950713609843,0.6451612903225806,1,6
0.17651218703155847,-0.9125236231291235,-0.36897707931609047,0.98404309554003777,0.17213680807083817,0.045034491527746252,0.022419499310095504,-0.37103848390494448,0.92834681531860908,-8.1496828055456927,-9.2227773881219335,-4.1185075379026337,0.3576298643650883,0.3164352492405951,0.7430167597765364,1,5
-0.21260291018609839,0.94066480017175957,-0.26448012458070841,-0.97701226125516383,-0.20899434541820197,0.042052407068924408,-0.015717631420638423,0.26734078869682887,0.9634738495472952,-2.3503388669158372,-16.362538004292652,-1.8671592409986497,0.205513297699041,0.147763492394658,0.391304347826087,1,5
0.15576882176418128,0.98105738105018836,-0.11516288140344552,-0.98187194632101582,0.166525779868715,0.090535328280712007,0.10799794069323146,0.098972621093217542,0.98921224470785807,9.9929451257295572,4.1233404931503808,2.1827155469139896,,0.1288383720636135,0.4285714285714285,0,5
-0.61156324268493512,-0.70277932091567474,-0.36344411714869029,0.75277116452559023,-0.65825344443913325,0.0061625273066030937,-0.24356923872992395,-0.26982147612323387,0.93159561879991959,-16.469555846707241,-14.953409608496198,-6.4820760621667404,0.5765960833189987,0.7834180867713783,0.8222222222222222,1,2
0.84291255056140613,0.47753351088104007,-0.24791163363524135,-0.47198483580107425,0.87745955099648298,0.085411071524041537,0.25831907958937045,0.04501646754999291,0.96501024386760892,-8.5640722467433452,5.8869451468839031,-4.373262378935773,,0.2890673730410145,0.2127659574468085,0,6
0.06828542690288926,0.96790036636579246,-0.24188009686961723,-0.99465301484721946,0.084875679835941839,0.058834505417519618,0.077475677009159638,0.23656922826384649,0.96852078950873388,-7.8085253736837688,-16.017237417360853,-3.7455790370642292,,0.1136764424074991,0.2777777777777778,0,4
0.27557069764143072,0.92524866493292646,-0.260721496315998,-0.95056150658304672,0.30267471741467283,0.069432252163652231,0.14315590383908078,0.22869832416916788,0.96291404793897906,2.7933806921616884,14.947250620729516,-0.68151949544615908,,0.08690719209817185,0.3043478260869565,0,5
-0.72703579942393448,-0.53219012746371441,-0.43381172711921401,0.6286758662198606,-0.76998952338633131,-0.10900820660848379,-0.27601739363436495,-0.35197983195837407,0.89438503806014447,13.27206434607935,-3.8585233957025191,3.4799290760892072,,0.1023229140730019,0.3720930232558139,0,1
-0.8693876586600372,0.41994213180946538,-0.26041064667355879,-0.41849560921434159,-0.90597320856813712,-0.063827661911375677,-0.26272899352362428,0.053489730678676323,0.96338586489214539,8.0310567365672565,8.5325717787205448,1.3993137478060369,,0.8076061947223492,0.6363636363636364,0,1
-0.78599803387376677,0.54192943152202255,-0.29752240587355833,-0.57557024910187782,-0.81711863603308532,0.03218731110597238,-0.22566785126680192,0.19654420850701143,0.95417209926038871,4.7452491757880519,5.8250790242587804,0.28071417410996136,,0.1902644804937834,0.5303030303030303,0,4
-0.92720950989015316,-0.18779860396569356,-0.32405895932345197,0.19984495140059685,-0.97981945447739938,-0.0039789480148239714,-0.31677203186038239,-0.068450865415626644,0.94602851904945051,-7.5123654106908297,-7.5909861789182802,-3.9327324759368314,0.4667637824379361,0.4416051956675592,0.8626865671641791,1,5
0.44298894161403535,0.88683939142722223,-0.13144082859093778,-0.87473473843535565,0.45967946193202663,0.15340772357451113,0.19646866157763687,0.047017933715529127,0.97938214141723812,-0.64579564274270174,5.7857140154111324,-1.6985267881559156,,0.4720256951282012,0.359375,0,1
0.47889116662783388,-0.76201274326272206,-0.43588969892743717,0.87122324311270749,0.47354265664687129,0.12933450040881686,0.1078578285800674,-0.44169438692499013,0.89065860876822422,1.943911723163265,5.8200732748140975,-0.73044154844285336,,0.0737660200557427,0.1481481481481481,0,1
0.88918237171363468,0.35364964878131511,-0.29032160744692803,-0.33415393160997103,0.93535809305700646,0.11595856045311846,0.31256336929223549,-0.0060962012444850874,0.94987734813873337,-18.345119171603123,5.9036638880455357,-7.8243333691329218,,0.06397750612954592,0.2291666666666667,0,1
-0.89927283776410405,0.37798502746243356,-0.22008108113583377,-0.36643352399817625,-0.92580752380645237,-0.092773387098034177,-0.2388196720330468,-0.00278350095870478,0.9710599447883943,-4.2252882927396831,4.2232346263831078,-2.8419763004268277,0.5984508790749792,0.3829200879816495,0.6692307692307692,1,5
0.55810306526701936,-0.73008264973935855,-0.39433525468706793,0.81354528262770276,0.57497302852865662,0.086891251451434143,0.16329434054421058,-0.36930386000439047,0.91484950529149289,14.637344978581572,2.782716263841821,3.8986627009839236,,0.2285858345962158,0.3333333333333333,0,4
0.75980115637144041,-0.56232241831174712,-0.32633679020400036,0.61371266401081959,0.78600727326910536,0.074493841361605181,0.21461353361184909,-0.25687752768993533,0.94231362452133804,-1.2530461793242298,9.3432069182219966,-1.8001459653644012,,0.07059186875674839,0.2439024390243902,0,5
-0.85727288563729387,0.47777051098166362,-0.19188157386114119,-0.44604768951026263,-0.87532473471726446,-0.18667637095976644,-0.25714715287878459,-0.074444258532622015,0.96350059374027586,1.1566218963030166,14.196811759789062,-1.1910299186171707,,0.3981193155493105,0.3,0,1
-0.42538923935248563,-0.77540371092467075,-0.46668306175322349,0.88428805394332677,-0.465841412930737,-0.032037722325697876,-0.19255812809704362,-0.4263107588167861,0.8838441628595044,13.122278306441155,-2.1904405065027488,3.5098688901392139,0.2497401414997944,0.2701308168035,0.4054054054054054,1,5
0.82255233829546803,0.5175880930395278,-0.23560606254585839,-0.44685740138253022,0.84450792104137062,0.29516916188523912,0.35174722968960259,-0.13750977144220478,0.92594003540380643,-13.277322899370132,16.08115241876077,-6.2827880306092458,,0.2822095256334084,0.2105263157894737,0,2
-0.76315643747912587,-0.47719802095600183,-0.43574568354700316,0.57990904160620182,-0.80325367644245615,-0.13597439003376713,-0.28512761247824808,-0.35646259281634868,0.88973966109480607,-2.9767295447685513,-9.0830551911502884,-2.3935950986648979,,0.3759158761927178,0.3,0,1
0.37735856271989554,0.91505867637375993,-0.14236619660255859,-0.90564915358840581,0.39675552761474187,0.14961504573990139,0.19339112116790574,0.072475306831027195,0.97844121139349505,3.7660131539515453,10.258382989071778,-0.16600699254869933,0.3479085267815744,0.199740364033132,0.3125,1,5
-0.68774137644038658,-0.56001600030733911,-0.46194575280183475,0.67556466674545079,-0.72665204674431516,-0.124856653837137,-0.265752102864665,-0.39794331551374112,0.87807570144090685,4.1522072774093539,8.7441400486549998,0.088789407150826158,,0.4244593868134342,0.1,0,1
-0.059730235392988676,0.96010024152587126,-0.27320290115930485,-0.99750286845028779,-0.047075504375181876,0.052649067620133327,0.037687218169364718,0.2756654187775191,0.96051457587944422,-14.850152282621533,12.963302843884398,-6.6935661773916877,,0.08228307598582173,0.3076923076923077,0,1
0.44226366422314151,-0.76055821109761612,-0.4753462515261031,0.89201246169309956,0.42817285297588842,0.14485087558833823,0.093362837853935746,-0.48807705898401449,0.86779269702007611,-3.2510126257726704,17.973918372476163,-2.7714815270393447,,0.5520536448218005,0.2352941176470588,0,4
-0.48109157727243079,-0.81092571843853201,-0.33309213958374384,0.85262115171977582,-0.52118952937342167,0.037398477396212632,-0.20393152261866831,-0.26600931120256466,0.94215231275838263,-12.294049458303267,14.725187927985392,-5.7956833299064963,,0.1222037434022899,0.3333333333333333,0,3
0.81843868313152301,-0.42160268802428019,-0.39039633118747313,0.5240756516131283,0.82629815294688402,0.20633970491120288,0.2355903931407492,-0.37347360801972168,0.89722607562002876,4.4161793038460342,-10.295771424450898,0.31705984722260161,,0.4178637423590158,0.4107142857142857,0,4
0.93741334734394677,-0.14056115285421875,-0.31858872944551897,0.17851769297152101,0.97952178093869657,0.093104854668326131,0.29897767394496688,-0.1441514584559494,0.94330944419499996,-16.435968520612867,-6.4901495758409569,-6.897202660048797,,0.117495348158474,0.4705882352941176,0,1
-0.20421240737347415,-0.8356707125973083,-0.50985463887448967,0.96978509283180814,-0.24371161376122794,0.011023748867718373,-0.13346972089552997,-0.4921982419970678,0.86018993494405893,13.306224185142916,3.0054462548648724,3.4145543269850762,,0.3802883984615267,0.4583333333333333,0,2
-0.84595315881895128,-0.38188046935152686,-0.37219693740289783,0.42790370307839554,-0.90262977108985332,-0.046453387756721642,-0.31821639488881659,-0.19856183789977799,0.92699057306632193,-7.4363748618797469,-24.069885773131194,-3.000152577860689,0.4150169992671889,0.2323049588401104,0.8947368421052632,1,4
-0.65402521518790058,0.72925824301074693,-0.20108066266873656,-0.73690853917170063,-0.67425222062948698,-0.04847419800301319,-0.17092929179707694,0.11647470960291444,0.97837458022409074,7.3439916015681534,-11.867170098162486,1.464816684356602,,0.2136710817234955,0.5483870967741935,0,4
0.44990918312688594,-0.7991197180369185,-0.39873475291563615,0.88887220413158818,0.44394325448214522,0.1132280509505172,0.086532835735054492,-0.40536657859818237,0.91004945211524235,-14.1454007672519,-9.5854164034663256,-6.0487076489600051,0.3268268835338235,0.3548660857483805,0.6666666666666666,1,2
0.7865977795865231,0.56198874499675544,-0.25579793518815525,-0.54763474215247043,0.82633031409391822,0.13143211630740817,0.28523695822447187,0.036699625426134849,0.95775415173019862,-19.769096508476377,4.7752648779630817,-8.2973039928607122,,0.1064848416090505,0.2592592592592592,0,2
0.04451398799323629,-0.84804170361643372,-0.52805660094375817,0.99743252169527263,0.0080463675464963035,0.071159121930480435,-0.056096965493227097,-0.52986840337638941,0.84622255084924802,1.1194663799075135,-9.2641749141323348,-0.99173376415028303,,0.6733498886746956,0.3,0,2
0.90171010438769805,0.31557248360442858,-0.29552139556529466,-0.29734674158098201,0.94887036870402786,0.10597140494800918,0.31385315502046385,-0.0076831625789754781,0.94944044894689705,-14.050426198677632,-7.9756821395865769,-6.1068737830994984,,0.1329049170225742,0.6153846153846154,0,2
-0.52600208271743398,-0.78406124878388017,-0.32949926727139367,0.8223618871935684,-0.56769051320401065,0.03805795198905023,-0.21689337350033447,-0.25094907725200061,0.94338848050949553,-1.2638118884502514,-11.674183244568443,-1.6892326218183702,0.1868498417989705,0.1311047379483286,0.5645161290322581,1,5
0.92909493562822842,0.24359490024230607,-0.27828784588249594,-0.18980004157156294,0.95985568264429522,0.20652605819820413,0.31742486482538163,-0.13906327002985372,0.93803137587140051,18.713010518480207,-3.31067580298093,5.6220519611951785,,0.08147074479836654,0.1666666666666667,0,1
-0.94229431242043982,-0.1024757632600643,-0.31871640485603731,0.10921656303197236,-0.99401249910295852,-0.0033006039710809926,-0.31646985818490414,-0.037919250669785007,0.94784437503688768,-2.4904991400462184,7.0832982859019786,-2.3381251545656356,,0.06877015839840413,0.2125,0,5
-0.016743862640813623,0.96847248189660906,-0.24855722655535356,-0.99849873725205462,-0.0032295753558359737,0.05467944356954306,0.052152802129122752,0.24909962194279769,0.96707262580327291,-4.3579795598062168,8.0513611280772235,-2.9448902819599119,,0.06965518705071723,0.2388059701492537,0,5
-0.72915167097263645,0.64787354348944604,-0.22044888832616336,-0.66332799543772125,-0.74831078989486333,-0.005189623830332655,-0.16832650173513067,0.14244589630226148,0.97538472175868052,16.491103199832587,-10.078508302444966,4.747963067953731,0.214798215022636,0.2281870069774191,0.4375,1,5
0.46761962238703864,-0.79676399137975107,-0.38275191808691378,0.87867510986990149,0.46614582833383061,0.10314125276572864,0.096238973673457129,-0.38454545734877049,0.91807562388874309,-11.230981424564771,9.772945527699326,-5.4687043269866802,0.1461202480168017,0.1668270661497759,0.547945205479452,1,5
0.94852654104729384,0.026047619496666698,-0.31562465437195009,0.069864925611759637,0.95484849866862764,0.28876155692808381,0.30889527852998883,-0.29594909377936018,0.90387932866785681,-15.243480407046722,-8.4188430664054206,-6.5111061916920292,,0.4930933741724566,0.1714285714285714,0,1
0.69742360546851756,0.70495099738212319,-0.12901320019766738,-0.66318194176663814,0.70307317906571187,0.2566667430600722,0.27164319731943415,-0.093446220728199997,0.95785060274642586,-10.101167623469895,13.302744189392465,-5.0814056796832521,,0.3577472329642659,0.1951219512195122,0,2
0.40535384792440238,0.87674651670810255,-0.2588509289399783,-0.89448689446949692,0.43882532568706484,0.085589305161081861,0.18863046836393055,0.19684480936984511,0.96211780330111019,-5.7204465522385819,-12.396241051596357,-3.2952224891076014,0.1648722876097953,0.121117690317919,0.3703703703703703,1,5
0.37647062764419481,0.9197429099499137,-0.11109836235540067,-0.90968430659485089,0.38969546770223795,0.14356846724605021,0.17534060812097149,0.047015125749060568,0.98338458859927669,-9.4778517776254549,-15.48657072276303,-4.349765414448802,,0.3076988721507168,0.2,0,4
-0.42623290434819505,0.87317274567427805,-0.23642095394136428,-0.89521716352583025,-0.44471643816731193,-0.028522267661359853,-0.13004515131164796,0.199490966801561,0.97123200770202622,5.2822238395706593,3.1617261252800337,0.48093664625835797,,0.1785379557774111,0.1923076923076923,0,2
0.6666014054580337,-0.63989833975980515,-0.38232536015024904,0.72378256339891622,0.67830119382460774,0.12667395697539593,0.17827329345997633,-0.36116146697669071,0.91530378979340854,2.3633908044551548,-7.5890743828302369,-0.52125916869422095,0.7953258739315995,0.8087903739034241,0.752,1,4
0.8843335607951025,0.41397569125481498,-0.21582001830588932,-0.34752912446647677,0.89241763473698787,0.28777469113527998,0.31173331695380324,-0.17948507531418809,0.93306347417549318,-3.0058750861721886,-7.0635790078283671,-2.4766609158310153,,0.07864496072519217,0.2,0,1
0.88585046589636007,-0.31918315800132308,-0.33673589609589416,0.37349481203867924,0.92115733496289542,0.1094111037520813,0.27526455901803643,-0.22269098745202826,0.9352209079443462,16.290163676298114,-1.9772085796103112,4.6864946060678907,,0.168888566030684,0.4090909090909091,0,5
0.59780613770942992,-0.6745147204003682,-0.43319477568427334,0.79620958574866274,0.56239348184969706,0.22307816373396619,0.093156412977733111,-0.47827132836517394,0.87325736136887766,9.1877190132607911,5.2305523044130133,1.8916771790505824,0.7205182626249421,0.3314661083081205,0.3333333333333333,1,3
-0.38694366279212178,0.90747581484360973,-0.16359170913876636,-0.91906678070445802,-0.39393749168119213,-0.011380037498793599,-0.074772016360133378,0.14594827207561126,0.98646249165773281,-6.4182290341854538,-9.2967135123229561,-3.5849610947274773,,0.2378862118019439,0.1935483870967742,0,1
0.45552724166381642,0.84979552492092947,-0.26522160154579844,-0.86550495358645574,0.49248461210010569,0.091433484905242696,0.20831732385825177,0.18790016676142621,0.95984239326650156,6.6276460995141049,5.8934306925502637,1.0371392766779075,0.3247192283382204,0.2053562434587937,0.2058823529411765,1,6
0.17496365979841619,0.97559188774337158,-0.13269584137895565,-0.97552605126278935,0.19000435626462897,0.11066737508450124,0.13317898129049399,0.11008548119433761,0.98495915944400325,6.341421974067952,13.403984559487066,0.59721100959229523,,0.2728667127084276,0.7142857142857143,0,3
0.23641548825254077,-0.9142246498081662,-0.32909118280113547,0.97142126181795918,0.22977143524696247,0.059546785241158445,0.021176614515037238,-0.33376395435650108,0.94241878895212738,-10.116886624754613,5.4516471175001184,-4.9377557767140532,,0.07575173452785684,0.4097222222222222,0,4
0.32439112539181214,0.92991920993088084,-0.17326471299304178,-0.93201111473327358,0.3455117851421739,0.10943897085366816,0.16163440160026393,0.12598360738364242,0.97877599627796841,-2.7877556841021218,-11.206382793891676,-2.1991395650532595,0.9722250969124677,0.8413344767127362,0.631578947368421,1,3
0.047654889895476331,0.9752936154560905,-0.21571132357769143,-0.99538705230213276,0.064371236129687842,0.071140424994578413,0.083268406843912166,0.21132606940395562,0.97386224118812248,4.1305450289268633,-4.8281037745776647,0.22096208999821659,0.4458323726415924,0.3972906037936442,0.8946280991735537,1,5
-0.92358772665783073,0.24732310316251122,-0.29294537683514632,-0.22811489030686888,-0.9686301038762396,-0.09858660499779151,-0.3081384558722024,-0.024228175886170017,0.95103295815966515,-15.620316117303217,15.522320518856954,-6.9899649041116199,,0.3393837432895908,0.32,0,4
-0.82602899188622758,0.53115016781635249,-0.18856193622277795,-0.51671001396665828,-0.84726710192571775,-0.12308216548700743,-0.22513743809059911,-0.0042375963771548626,0.97431780069284668,0.0050661478255166568,-11.162471901217362,-1.2174219239261177,0.5314952999039632,0.647910464738217,0.4333333333333333,1,2
0.48665742286885988,0.85395755503688997,-0.1841766732299604,-0.84829232917418795,0.51231286765537676,0.13392404526056931,0.20872152986903386,0.091060528387115106,0.97372650325385945,-9.401889913703954,11.08938358225444,-4.7283594693333209,0.3745036012015282,0.1624503267851623,0.28125,1,5
0.7344063572402727,0.62150244073562821,-0.27273067045114407,-0.61470655159937526,0.77943370775604204,0.1209088525893557,0.28772062467935511,0.07885309996015849,0.9544626921785867,0.66314408978708816,-25.48712616683801,-0.21445687379132305,0.379178094775262,0.1787628626329284,0.3809523809523809,1,3
-0.84431541609244576,0.45533579757210291,-0.28249033540639268,-0.46118676897121891,-0.88591741211062203,-0.049569174343588686,-0.27283372642422166,0.088428786990404032,0.95798857370893409,-16.31804795084728,4.2306332599970293,-7.0454444887903485,,0.2477168829740587,0.2068965517241379,0,4
0.082193822517311818,0.99570706178607393,-0.042563160706613666,-0.99307917924400213,0.085422383236154559,0.080602482556778099,0.083892307704895128,0.035643562554827889,0.99583714389268907,-7.4209526340527869,11.27357771743609,-4.0028587202940358,0.706612015628756,0.2888097821744628,0.1454545454545454,1,4
-0.25102944322931819,-0.88564261434107439,-0.39066786186616947,0.95832437575278673,-0.28424699651010105,0.028601325371693243,-0.13637671894428779,-0.36720676006589625,0.92008727080201302,-16.756687025377637,6.1120839592462142,-7.2683703084364426,,0.6713463273458384,0.7012987012987013,0,2
-0.92976478777726423,-0.17961819744858112,-0.32136387873378269,0.18481665185561105,-0.98266563834121023,0.01452750564769667,-0.31840264541360314,-0.045886232889446633,0.94684434255311201,-0.14682291459662838,16.137533399841079,-1.6280716056594562,,0.2171302052163435,0.2941176470588235,1,5
0.58715591929253397,0.76243810063531714,-0.27191187752533108,-0.77340870445319743,0.62754788122490279,0.089569150080612933,0.23892865528388876,0.15770795626646941,0.9581447167388063,-4.8812170900168708,11.450136516746108,-3.196023733329366,,0.09071934550389123,0.4,0,5
-0.49312978831683768,0.86128180842815538,-0.12254247567810103,-0.86294066775770062,-0.50212853077014263,-0.056571569860773517,-0.11025613726448757,0.07784975952014779,0.99084963497907697,-17.577488693854914,3.2839506573481185,-7.5037504988525612,0.7222550811561249,0.4685566521911517,0.7986577181208053,1,5
-0.13641623260899757,0.95226654653861897,-0.27309162532779951,-0.99062378207907831,-0.12906057430063791,0.044809491634378806,0.0074252178493205258,0.27664380077023376,0.96094384520391629,-3.7205563948586033,9.1736007178315777,-2.7269036961704916,,0.09679838789213735,0.2666666666666667,1,5
-0.93781025523258732,0.21030078719560771,-0.27619830572524512,-0.18442966124207333,-0.9758774780022843,-0.11682828416969179,-0.29410478614725449,-0.058623603035022433,0.95397360966248346,-4.0672565192330277,6.4446456705268762,-2.8842777059753355,,0.07932226921128641,0.38,0,5
0.78997918485441754,-0.45837643961606372,-0.40721484145552683,0.57305270605988434,0.78816704199965792,0.22450681500335815,0.2180446825175808,-0.41071127755445108,0.88530941648408812,12.315851241167747,-1.5895974873631009,3.1410970917822207,,0.1283572378100353,0.1428571428571428,0,5
0.84493107893427322,0.44719884459879622,-0.29343596446322995,-0.44206637476581728,0.89269706294654527,0.0875743918506941,0.30111259049128491,0.055723847642751491,0.95195906458813351,-5.5040190544373422,13.374225527877783,-3.4838747104033501,,0.07217283829678167,0.3461538461538461,0,5
-0.78439305835863959,-0.52398668679479554,-0.33191185887309765,0.546242438817793,-0.83706933207491807,0.030563562194915569,-0.29384813770580848,-0.15733049723898351,0.94281513914731163,5.6058073007017111,0.089286948431367863,0.70931565005624497,,0.2175599865263793,0.7808988764044944,0,4
0.76517238221378014,-0.53473527242210106,-0.35856577349902091,0.60292209549157327,0.79048988096422801,0.10775293435081905,0.22582332090672125,-0.29863679699732759,0.92726473631527573,-14.682167560531438,4.1217781034509358,-6.5838422218483279,,0.09571722373188465,0.4716981132075472,0,5
0.31279981024962855,0.93712733155837991,-0.15475349157310392,-0.93601266306513098,0.33181305436864172,0.11738991239571862,0.16135852406835521,0.10813168544336711,0.98095410968793983,-13.412041351118738,13.178413761341579,-6.1775991946590159,,0.2004716242614065,0.1153846153846154,0,2
-0.46134056388847117,-0.8117289536219221,-0.35813543522377916,0.86394471838999343,-0.50286959681875554,0.02686432879072282,-0.20190197541654012,-0.29701561313708841,0.93328308560462891,-24.058479897628178,4.5697220773759613,-9.6633908781757967,,0.17332775681851,0.3225806451612903,0,1
-0.1040115503593823,0.99211766339260121,-0.069886618005469775,-0.99442287770212467,-0.10497180319334568,-0.010201021368610369,-0.017456737795562446,0.068435827742069966,0.99750278184413821,0.84797559920575261,10.862308726216062,-1.1595543612916128,0.7308036996348052,0.288570703565557,0.2702702702702703,1,3
-0.54576627944507072,-0.68838449068575969,-0.47777187150772377,0.80675496732811314,-0.58577164058725906,-0.077575819525977252,-0.22646322198560404,-0.42778309698609984,0.87505201618011286,14.033954106982899,-4.8608592798686265,3.7520144385930818,,0.3015268659963944,0.2162162162162162,0,1
-0.89093627919871687,0.36851546184384582,-0.26538443961461267,-0.37141002794580896,-0.92755728668737358,-0.041134791289739618,-0.26131807734796786,0.061917964236349668,0.96326477572679203,16.212188074634938,-3.7665600743849699,4.6753758845439837,,0.1313762748386955,0.3555555555555556,0,5
0.88686248186182259,-0.24225984967626604,-0.39342738021230833,0.31921235975586798,0.93688323647427785,0.14266488913734701,0.33403354269440899,-0.25211102008502945,0.90821893060357817,-9.2726775825247536,-12.501402718470125,-4.3952440076696631,,0.3429901120802206,0.3518518518518519,0,4
-0.1868053676015248,-0.86492908803322455,-0.46583411994966056,0.97875845837101227,-0.20463249360343053,-0.012546821463722938,-0.084472686724524973,-0.45828289869430827,0.88478310899444934,-21.338815785629965,6.9027024312626102,-8.8567053459509388,,0.3600456768099304,0.2142857142857143,0,5
-0.31127876342522243,-0.85288245004557894,-0.41916232875190063,0.93861960712601766,-0.34492080671703818,0.0047822810738714855,-0.14865653217758784,-0.39194535779610873,0.90789871238096576,-5.8840960887035987,15.901385409627263,-3.5907266916950213,,0.2443358437113338,0.5,0,2
-0.15019151933053729,0.95651848565066944,-0.25002978648500118,-0.98862971914269937,-0.14342921140787745,0.045159049400336528,0.0073338904418099576,0.25396938383093515,0.96718445300135103,-14.350523985897498,-5.6183045669964224,-6.2929722532054262,,0.08653739360864157,0.1904761904761905,0,1
-0.87747499109265981,-0.27913797262969303,-0.39002516873032944,0.37284261890572962,-0.90852704470305223,-0.1885921275415694,-0.3017051897705012,-0.3109028807832494,0.90128429320954162,-8.7894352153957449,23.893625252073846,-4.8900509621086163,,0.4741881781149259,0.864406779661017,0,5
-0.52068881110430043,0.80796054682505725,-0.27583131940543776,-0.84503077725842379,-0.53378154257123811,0.031626733885969122,-0.12168051395689625,0.24955364069559097,0.96068560566855654,1.5153103414075402,2.907162409641864,-0.8302994841680118,0.7289851490283212,0.6185315264952298,0.9860655737704918,1,5
0.88109886346058741,0.38646895014576776,-0.27259226581414708,-0.33005732430972234,0.91530263940001977,0.23083162906513849,0.33871367772496169,-0.11341441213790732,0.93402902291173207,-9.9265166099590978,-7.5898682580794103,-4.7424281860709065,,0.1974271247821145,0.3088235294117647,0,3
-0.17446590832472678,-0.88226866690337735,-0.43722265064034027,0.97996282627538023,-0.19891160299890839,0.010345690444526044,-0.096096336822988765,-0.42665697415247017,0.89929378984637776,13.917546454152518,-5.9645469460661271,3.7650926531327076,,0.2018380532025476,0.4,0,2
-0.82183493646150108,-0.42927617356456876,-0.37457883552208832,0.48494676539611958,-0.87216459091003662,-0.064463641648377493,-0.29902169142582685,-0.23462926751045302,0.92495142298628119,14.771261786646141,-4.4874213688924804,4.1145108206751635,,0.08011287774602469,0.2962962962962963,0,1
0.7188633141387204,-0.59500121526290073,-0.35945665861292292,0.6630118393876655,0.74226109099355475,0.097281928583079408,0.2089278258568748,-0.30825642999413677,0.92807711799720072,-10.51035842331042,-5.9494214877460063,-4.9091411159495877,,0.09203741068868415,0.632183908045977,0,3
-0.94631750624838407,-0.013669448812910193,-0.32294941327859883,0.067655899406662098,-0.98535154483794929,-0.15654076900584932,-0.3160788772495175,-0.16998670317003708,0.93338023554287153,8.9198950937734338,-1.1401042261845442,1.9489153824231567,,0.3081560815347136,0.3055555555555556,0,1
0.029452873052920492,-0.90697218624181186,-0.42015947169220758,0.99840838710270474,0.0064680600675662758,0.056025500996743742,-0.048095954423447392,-0.42114085242672533,0.90571914056477076,-2.6417241629396115,6.0111919762814194,-2.4035642983689631,,0.4834846539213625,0.7628205128205128,0,5
0.91808679367659052,-0.23735746150086476,-0.31745562642124342,0.27702844451675396,0.95704088495338513,0.085603653288107873,0.28349934780395247,-0.1665358219648502,0.94440136583828926,-4.5812430991032631,-17.191936166426949,-2.5933899386274266,0.2203485243313913,0.141703572115004,0.4166666666666667,1,5
0.94326570090128881,0.12242393529703796,-0.30864574769399655,-0.10493705022314437,0.9918179450171406,0.072700615076084399,0.31502068661226801,-0.036187622308772698,0.94839465571984949,3.4987947716449632,7.745499549068775,-0.06555188147426852,0.3747106803034823,0.295121296360586,0.7209302325581395,1,2
0.86912991875931755,-0.35295602835848783,-0.34646100265805307,0.40727716665082309,0.90819515898222714,0.096472082625619057,0.28060380225916198,-0.22495242885252159,0.93309051592600145,-4.0002253873630194,10.429384501654322,-2.8589931164780769,0.2419248607736995,0.1282474679192853,0.2173913043478261,1,5
0.84814808153040144,-0.40024939419807748,-0.34705223560779896,0.46499925580252716,0.87633776893207682,0.12572910103172527,0.25381198533441107,-0.26801592711482952,0.92937986792989169,5.050002810389242,-11.537282607333356,0.59462241486149037,,0.1821455984471836,0.2142857142857143,0,2
0.63160231289042779,0.72709730816210816,-0.2690873888068292,-0.73358797269322096,0.6727767019892168,0.096021849494591069,0.25085295428061294,0.13675164980331411,0.95831716128052291,-5.7523461241846086,-8.2197698826674355,-3.3366429246646954,,0.07158087394989707,0.2972972972972973,0,5
0.30403373412590506,0.94257361769064685,-0.13826953296740835,-0.94007126860031409,0.32035725686175021,0.11677858505826916,0.15436806167616188,0.094478585984239263,0.98348578958964306,-2.0733640535466096,-5.5315754247091284,-2.073667387897125,,0.07726759183489423,0.4651162790697674,0,2
0.50090374495775492,-0.7767256071498666,-0.3818281936748103,0.85590043015293371,0.51007095667558677,0.08521779638124688,0.12856862739922401,-0.36949282855520166,0.920296233663355,-11.072477083339837,11.872298745402118,-5.3219446931331698,,0.08831107713050673,0.3181818181818182,0,5
0.9371941775441015,-0.045611287818178942,-0.34581307667727584,0.17756071144203431,0.91573076242057982,0.36042941681947055,0.30023202249199671,-0.39919516677959926,0.86631631145337118,-1.3992746723487928,-8.6151664464614228,-1.9356485109230976,,0.2320815013652391,0.3157894736842105,0,2
-0.9281764062516531,0.2851200943261854,-0.23915495121195904,-0.2312251873719193,-0.94539588661808005,-0.22969878164769739,-0.29158784543013472,-0.15790234126523542,0.94342110376033572,10.506464845616842,-5.9330887214741184,2.5690369718365158,,0.1434785601980695,0.3333333333333333,0,5
0.75322870803554876,0.60698325657012275,-0.25341239045205988,-0.59427618924148951,0.79313012762102431,0.13334320965265556,0.28192609721647238,0.050159016172443491,0.95812407797993537,-20.874717150373847,9.6313254275508555,-8.6572088023106772,,0.08433340232708383,0.3636363636363636,0,2
-0.73122585624337555,0.64985930317352625,-0.20734423850196784,-0.65840782484159088,-0.75186799750323308,-0.034549247717472163,-0.17834764744315335,0.11125376582074356,0.97765777051184721,1.1470189769524701,16.644781755723713,-1.2359443219839907,,0.4315653283274866,0.4,1,4
-0.67759573398684958,0.67923573160063833,-0.2819624836742825,-0.71185674208352578,-0.70205470539682757,0.019472272091458718,-0.18472682542893748,0.21391122351835751,0.95922780840623445,-2.061294816120375,13.088694589365696,-2.2516975878289145,0.7181581277443928,0.7411116474435173,0.960919540229885,1,5
-0.70068948653390128,-0.63007543273499622,-0.33472256052537774,0.66043704161589711,-0.75028950841126363,0.029808851531494377,-0.26992065041878455,-0.20017642876171041,0.94184512519081842,-1.9663847081314261,-14.318428725158238,-1.8223597063881507,0.1673375458956947,0.1075437010503603,0.5,1,5
0.46305399256492713,0.86928958645921528,-0.17296420104532226,-0.86452659037013102,0.48599768813706179,0.12806256934962248,0.19538365978933847,0.09023226695034077,0.9765671320950372,-7.1582131604333723,9.365487672295254,-3.9795025461542162,0.1685312762369889,0.1702880326350514,0.1971830985915493,1,4
-0.82865566933179646,0.47768146244464482,-0.29180507555732854,-0.50192072127481713,-0.86486072527857283,0.0095663695093209447,-0.24780107190898151,0.15439024032420842,0.95642996735432406,4.0935701370436988,11.610001163781545,-0.12676437493070711,,0.07889882596792057,0.2631578947368421,0,4
-0.59327840555399447,-0.70386225875952668,-0.39063877712952294,0.76621733377931411,-0.64255428917769597,-0.0059146323188056186,-0.24684353530005818,-0.30282322591453359,0.9205250474198331,-4.1881557163241245,-13.659137678131684,-2.6730721461119979,0.1987681816483199,0.2078148827642791,0.65,1,5
0.93287174476608814,0.055638093748004554,-0.35588581081740717,0.02738524377512367,0.97418474774053454,0.22408508583368217,0.35916619584873533,-0.21878866468306787,0.90726576258875125,-10.410680879994727,8.210413984769092,-5.1076562162319963,,0.2360545499074356,0.2058823529411765,0,3
-0.33238753032763124,0.91531172842153052,-0.22742684427456888,-0.93962828149676381,-0.34217517257598107,-0.0038527761467476405,-0.081346310882162168,0.21241608010362242,0.97378754696251624,-8.3923789676309895,9.2517342964809739,-4.4842747604710285,0.7201216173416953,0.5291385326586224,0.903954802259887,1,5
-0.22750184409086646,-0.90129865086693672,-0.36865112624362661,0.96324433261733045,-0.26382331705595441,0.050572849021848172,-0.14284000355589602,-0.34359569165376996,0.92819110858762199,-3.8327675946598339,14.815953896222265,-2.9328785748664203,,0.2410838994406924,0.2777777777777778,0,5
-0.4174259668450625,0.89104276015944384,-0.17832095157581532,-0.90212068774202436,-0.42993216000647871,-0.036559575216631238,-0.10924205669668487,0.14560610344213959,0.98329295517107951,5.6846844913041261,4.0731453964485071,0.58162882172808883,,0.08147549288099842,0.2222222222222222,0,5
0.073737207891361539,0.95251069045447612,-0.29544239496443853,-0.99394090064019813,0.094405503464615709,0.056294644062684383,0.081512638326446091,0.28950127026583067,0.95370053177479819,3.3709591844275759,-5.0557618999397613,-0.090820656399496713,,0.09499927740758413,0.1944444444444444,0,1
0.94407449287646705,-0.016151060381800812,-0.32933644673583462,0.12742683635069366,0.93907181596225964,0.31922801544193763,0.30411470414581304,-0.3433413282928342,0.88861182695731478,-2.3042834860695547,-7.889743454222061,-2.2155305796049465,,0.1689814492191903,0.2368421052631579,0,1
-0.3406972610875395,-0.84131076623112466,-0.41966840590047805,0.92466800553774897,-0.3805764285176475,0.012274428361232085,-0.17004251180893534,-0.38387208374711412,0.90759449507880896,16.007990495852408,1.7151144881638067,4.375892988376056,0.8989068638175739,0.3248774617228314,0.45,1,7
-0.60057112854515071,0.74854424933289698,-0.28106196176049031,-0.78459172284919798,-0.61943372252838269,0.026789771017300488,-0.15404592819848495,0.23660805181836461,0.95931563201075098,3.2651521501333121,-10.404895848747337,-0.11381329931440205,0.2219881224672012,0.161026844163699,0.4716981132075472,1,5
0.50658309429337556,-0.77712649204615458,-0.37342734760082363,0.85581285892249603,0.50581039366813041,0.10835218576565303,0.10468007966682318,-0.37447331148872082,0.92130983925258181,2.9355165097821678,12.870081746225964,-0.5100972703381117,0.7769648075647536,0.7280455039390935,0.5789473684210527,1,5
0.96212731585342293,-0.14487073654768468,-0.23091881209814505,0.20666338868341083,0.94004137443072289,0.27131615900326783,0.17776746571455787,-0.30876315202842508,0.93437896170820034,17.759788126517204,-8.3052444876069753,5.2897050498052014,,0.3562610099377317,0.1538461538461539,0,2
-0.91734229767489184,0.27519543221141463,-0.28766401058617824,-0.27615971353035285,-0.96035726183436831,-0.038075481150342608,-0.28673842002666067,0.044512961392938998,0.95697422888427197,-41.899230986524444,6.2286837341928445,-15.645489372189999,,0.3356256003435117,0.9411764705882353,0,1
-0.30691014075158601,-0.84485610556119217,-0.43820580370394074,0.94562742579307812,-0.32278681093836448,-0.039968065654929483,-0.1076797896162402,-0.42664603077986746,0.89798564984524432,-19.030200060662381,2.1236351900521586,-8.0501184466171996,,0.2669621782177693,0.1204819277108434,0,4
-0.40237572576685632,0.87238143450842132,-0.27756874470772808,-0.9115215094553375,-0.40992536480507841,0.033011105550798808,-0.084984193317688375,0.26629274870798042,0.96013845817761601,6.697948317875527,3.3429253841110316,0.92810836673292163,,0.0802390914551841,0.375,0,5
0.68236184039645398,0.67140276721282843,-0.28913775773793465,-0.63645729027135034,0.74021374732541834,0.21680803935950246,0.3595892607284234,0.03608230105492314,0.93241280081269118,14.113243565818118,-7.5922442823743639,3.9229890081843468,,0.5455406953382753,0.5189873417721519,0,2
0.40812630761765023,-0.82996385741395229,-0.38025374740682905,0.90888791813819791,0.40852744425915749,0.083833642110398482,0.085765198611071999,-0.37982275165349727,0.92107491988088019,-8.4797980315759052,-10.898469365644676,-4.2570614898534442,,0.09588626919073673,0.2972972972972973,0,5
0.21953221594301808,-0.84589567543563615,-0.48607212679029249,0.97546909958816952,0.19864160088621491,0.094876499440106482,0.016298524834933378,-0.49497678801803602,0.86875332368374525,11.316250980234594,-6.676034652703021,2.8533798625395823,,0.1026660767050487,0.2666666666666667,0,1
0.095824774496758622,-0.88150167504116927,-0.4623552849187067,0.99506794703898716,0.07286754507305275,0.067306029823799088,-0.025639683466471747,-0.4665245092968211,0.88413657816940228,-23.462001238129307,6.8295416274186227,-9.5073847165548795,,0.3830361488502335,0.2,0,1
-0.91647208162185434,0.26661570798617096,-0.29832027732411748,-0.28038512614380234,-0.95988118695258162,0.003505420349659426,-0.28541742176158347,0.08685718847358867,0.9544593884317103,-1.0227075594861736,12.779771965915932,-1.901278502697975,,0.09367268797289803,0.2333333333333333,0,5
-0.86166336599881099,0.40988952689397906,-0.2992103264231184,-0.43333328432863832,-0.90113348317508379,0.01344284916586708,-0.26411836056691418,0.14124100411484922,0.95409248522775514,1.7539796547007012,14.508552623572514,-0.99928945742018571,,0.5399356378712254,0.4,0,4
-0.93644264379102848,-0.12696146989538445,-0.32704122072251579,0.16190817597178256,-0.98340684026819802,-0.081833544877453451,-0.31122486636379193,-0.1295830686306019,0.94146020143239073,-13.338813851810622,19.683399819958435,-6.2395244798247473,,0.6578924435539317,0.8823529411764706,1,3
-0.90634646297977262,0.35220669376405095,-0.2334235076247706,-0.31752620244627361,-0.93220816180500032,-0.17368089654360563,-0.27877087330656236,-0.083296986331670694,0.9567384241598943,9.2450393916643954,8.7936492434612674,1.8046064257696179,,0.4640588189591173,0.4375,0,2
0.94200212962427698,-0.071291874619758208,-0.32794733784028018,0.18572812578900705,0.92464051277815806,0.33248306035082037,0.2795300539731444,-0.37410879532903929,0.88425423843102113,1.0975774103242653,8.7890511562314568,-0.99066291415080165,,0.4797343974200292,0.6524822695035462,0,3
-0.95452635994671775,0.089061165125376734,-0.28451280644881199,-0.066022336810449278,-0.99378855321058668,-0.089584387868068216,-0.29072406025122238,-0.066726459325512494,0.95447739649345487,-12.74762360129856,5.6505623593558205,-5.8148206238673321,0.2630264267636638,0.1635313067855133,0.1791044776119403,1,4
0.49503404032698251,0.82192094537903515,-0.28175744615675652,-0.84498268511530228,0.5309276716156458,0.064187766498951943,0.20235009457096467,0.20630503401522515,0.95733623778017451,14.552404861954628,-10.342226047369934,3.9699737802247417,,0.0900980334044633,0.5882352941176471,0,4
-0.43606206706651351,0.89932104010828362,-0.032734392987116452,-0.89516542475353233,-0.43720565632783509,-0.086776012819070603,-0.092351155875321861,-0.0085370307193131673,0.99568990308980743,-27.025634076970146,4.4938043273404178,-10.618059615188681,,0.5237050534830646,0.1707317073170732,0,1
0.66122762069841445,0.72808336346207114,-0.18075577300676199,-0.69357312051824027,0.68514181747764802,0.22256912732456158,0.28589221766271472,-0.021801508965755625,0.95801374420553664,7.7566272805211423,1.4334580500037959,1.4439392436689908,,0.4725058555286623,0.3538461538461539,0,2
0.91245346413157002,0.30443755062749317,-0.27339797651451259,-0.25912152485219359,0.94702485217123933,0.18973656666103189,0.31667761391132693,-0.10228248695634437,0.943002429323198,1.4530326726385072,-10.906161598150339,-0.7831182445119349,,0.105754608571604,0.1612903225806452,0,2
