axis_00,axis_01,axis_02,axis_10,axis_11,axis_12,axis_20,axis_21,axis_22,location_x,location_y,location_z,dbh,dbh_approximation,score,reconstructed,number_clusters
-0.97096981604714794,0.032053778873816031,-0.23704466158358306,-0.010063790505125366,-0.99557763701867041,-0.093401760095775901,-0.23899024341180933,-0.088304722004139871,0.96699841759215666,-5.2601339464386143,-14.994423092699977,-0.83823058037662568,,0.1567911499729497,0.2222222222222222,0,1
-0.86716630349033164,-0.40051196168806635,-0.29599454494245281,0.43638979859163873,-0.8974712024361412,-0.064104480989823673,-0.23997196872981214,-0.18475824566877247,0.95303611940016963,4.3235554843355404,12.74252130418248,-1.2058607790959892,0.177986665486986,0.1157253770727067,0.3461538461538461,1,4
-0.75071401376891156,0.63475720307912931,-0.18306218252312623,-0.64947553350956166,-0.75984015484119827,0.028713593703563366,-0.12087183668431561,0.14045010583856402,0.98268192558248235,-4.8824667685091887,-8.0776381394968144,-1.4125092243047386,0.3563396943604845,0.2633162612032401,0.7299270072992701,1,5
-0.2376983708774269,-0.91870044945405926,-0.3154187195699194,0.95991032401672405,-0.27183836402040329,0.068381822824631525,-0.14856532007277407,-0.28651943742025776,0.94648558237939018,-20.367533594167153,7.8534067388951829,-6.3332883390582504,0.2479816092499368,0.2157224428550598,0.7956989247311828,1,5
0.96947350269611221,0.052022150588010185,-0.23961390489353657,-0.022667028620619371,0.99206387810420116,0.12367484616672828,0.24414613120760778,-0.11446815106854077,0.96295883038025387,-4.9195725005741275,14.472620211596741,-3.2952509934836587,0.1495149986815471,0.1329049522177318,0.6666666666666666,1,5
0.67776641130631943,-0.6799025588589831,-0.27993785410687005,0.72658069323815744,0.67769327028505544,0.11319155279394751,0.11275277344043892,-0.28011487262791551,0.95332180831770297,-6.9041156296144255,-6.5677860729016997,-1.9895407944583257,,0.08074559736427744,0.3333333333333333,0,5
-0.60496943498214351,-0.73828774745544956,-0.29823343993345913,0.76929943422596969,-0.63856694013311766,0.020264339827146656,-0.20540292898833884,-0.21717151039255983,0.95427782738405131,-7.964863177072913,-9.5345846650292962,-1.9934493309013142,0.2268844971166547,0.180861423890592,0.6363636363636364,1,5
0.73038417026891378,-0.63170799635889208,-0.25977677178074499,0.67057620151930497,0.73548915126002068,0.096867261418685915,0.1298711737705171,-0.24495043522118809,0.96079798215255408,15.235155527894369,-7.6791917317961307,3.1471417533050734,0.5113708382766661,0.4913105262332185,0.8494623655913979,1,5
-0.78554376475064769,-0.50260287378583579,-0.36098662707031121,0.56375902676372702,-0.82179813960774695,-0.082604948275893292,-0.25514065415726284,-0.26839927160755678,0.92890531142670207,8.978759800502031,-0.63899370782367293,1.0818347574652978,,0.4890736357480811,0.2236842105263158,0,4
0.29854666204994806,-0.87020051848702074,-0.39194508314782334,0.95439403236359377,0.27280576077012092,0.1212808636158028,0.0013862061872249828,-0.41027804537356827,0.91195943106963384,-5.6297357997909883,-0.58744483047132257,-2.3634398348773731,,0.3256224714632037,0.2881773399014778,0,1
0.075767089380795488,0.98268757731996004,-0.16906943410265407,-0.99301998712699591,0.089733273356685669,0.07654570411849812,0.090391666281050942,0.16208968207052379,0.98262723432297205,-9.720816432161115,8.762418318647617,-4.0110280211658065,0.2499203464988463,0.1848084116604889,0.7275641025641025,1,5
-0.81738574975764855,-0.43989772738119209,-0.37198188872307836,0.51914628640338778,-0.84236453625820185,-0.14459986641790529,-0.24973519857380552,-0.31130688636675985,0.91690803960589995,-7.1034960980456789,-14.685063479300799,-1.2811007773797503,,0.6033687292820995,0.24,0,4
-0.6304939639931384,-0.7348160372803002,-0.25004550130705228,0.74969497380223404,-0.65996116152497764,0.049078626043008715,-0.20108408098078304,-0.15651407807056367,0.96698941862971521,-3.5213985694530061,5.862377312161585,-2.4111317239448975,0.4230569048026308,0.3944961969288305,0.9760306807286673,1,6
-0.15222145943642573,-0.9313122392632831,-0.33088689953737083,0.98234873620178242,-0.17939349586236353,0.052999378534482784,-0.10871792754557914,-0.31697868483651981,0.94218094100310945,4.9704283615876417,14.504042583312325,-1.147441544400609,0.3128813923576982,0.202161837200212,0.5909090909090909,1,5
0.42537786959534901,-0.86670446627445774,-0.26053221719862074,0.90445770205506759,0.417228130924022,0.088752194107600491,0.031779447002556957,-0.27339358973018035,0.96137714339516989,7.0003696005711671,-8.5794327451197585,1.3725835595367721,,0.08706021610272981,0.4814814814814815,0,5
-0.18946273893953644,-0.94303631878803962,-0.27347097103757212,0.97501624719267876,-0.21358552851800761,0.061029007185021328,-0.1159620121584439,-0.25507591704115645,0.95994223174198279,-6.494516698453551,12.096310062608884,-3.5209266777290997,,0.0795397556724028,0.3725490196078431,0,5
-0.96890841884979984,-0.05192443501423101,-0.24190975369015746,0.043678450364825434,-0.99827118763694955,0.03932974583748039,-0.24353371194910003,0.027540678683834915,0.96950133685411977,6.9009463224677043,3.1703250992787679,0.15538481452224034,,0.06674949842817132,0.1794871794871795,0,5
0.45268344240638653,0.86307391119344101,-0.22401143896765854,-0.87389019351304909,0.47934832208453793,0.080877164864160786,0.17718247840243795,0.15914964634580656,0.97122487582185357,5.7005781510324125,1.1493347339331821,0.066004623576027405,0.4810534036008902,0.4249733672743037,0.9086538461538461,1,5
0.33301473263971693,0.93913283405294201,-0.084443518689052449,-0.93048632887065141,0.34179883925724547,0.13179053557527792,0.15263151584688142,0.034685349732850417,0.98767431215162926,-2.5841951795350608,-7.9157059891433716,-0.8633098039114997,,0.08439222402761209,0.2333333333333333,0,2
0.056057349542676028,-0.95529932117662086,-0.29027707543266001,0.99734607019955013,0.040049448357902466,0.06080179227409388,-0.046458474143740477,-0.29291508777411185,0.95500908976539067,-13.758913223243811,1.6302481002251088,-4.4471009659150074,0.6111715604628349,0.2886016408525338,0.5424836601307189,1,4
0.76999715057438234,0.63133465832916669,-0.092308923185826827,-0.59316139211580687,0.76160160186396342,0.26100299412359923,0.23508285988257527,-0.1462174723849376,0.96091440813362261,7.083358951545951,0.20220923973807658,0.52032005536313031,0.8336779050247198,0.7164120452845737,0.3539823008849557,1,1
-0.72776752669055522,0.6611872954176129,-0.1821696667204909,-0.67365007360065099,-0.73899519373738531,0.0090378078582415127,-0.12864682441688935,0.12929603246576168,0.98322557460435434,-18.85134377207843,13.077940853433894,-6.3701317803216284,,0.08338066331900826,0.2727272727272727,0,1
-0.58648769680834512,-0.75027315884760015,-0.30515957891779577,0.78451190159691342,-0.61989842128549155,0.016340854951633288,-0.20142804607411932,-0.22981761116285068,0.95216101991951096,2.9551116027147724,13.847221901054795,-1.6087845579966831,0.2199842052557871,0.1577488170104211,0.5161290322580645,1,5
-0.52949961859353523,-0.80097794154402446,-0.27940023455465707,0.82613869117483374,-0.56169730149362318,0.04462067277298537,-0.19267853241405161,-0.20719671487424338,0.95913737519298459,-12.632124450668542,7.2336917481311911,-4.5836303874943836,,0.07643955076202355,0.1929824561403509,0,5
-0.71705039012764815,0.67356371715845764,-0.17930604269089653,-0.68583540560458822,-0.72770017975884227,0.0090688917812063903,-0.1243725630393549,0.1294772849060041,0.98375154294994216,-5.871832016485099,-9.9436294231436353,-1.4674880144129399,,0.1507070174729092,0.1428571428571428,0,3
-0.95426446802752163,0.1860818005585774,-0.23399335153167986,-0.19989102540888834,-0.97913667808464866,0.036536879865988185,-0.2223126245203671,0.081639017205232658,0.97155142316226839,26.433971939263387,-8.6144897267236864,6.1974063748521191,0.5735290851698308,0.5887551819802149,0.9473684210526315,1,5
0.14043104826388095,0.97040263964528128,-0.1964633239385338,-0.98554345763707163,0.15600185118440557,0.066087181327421113,0.094779817431098617,0.18434245142263983,0.97828147626908424,13.285015232986044,-14.304277581649833,3.5890292946484954,0.5469467054201937,0.4676697139212722,0.6,1,5
-0.9530455043830568,-0.18015689947813587,-0.24340862381121794,0.17487119545325616,-0.98363707652541599,0.043337820495305816,-0.24723335449731532,-0.0012622420366885431,0.96895514610793354,-7.9719106278781382,5.8954329085622881,-3.3867791860075895,0.1894162763198705,0.1376414410714497,0.6495535714285714,1,3
-0.87741730537345342,0.42986887301545917,-0.21295920793337123,-0.43429746887817378,-0.90033385157841839,-0.028011858702772896,-0.20377581003937051,0.067909555398274854,0.97665946548856453,-1.863228103144339,18.348010786293198,-2.8710527295565824,0.3007172969364335,0.2887852159269716,0.8735632183908046,1,5
0.56775958730704079,-0.78345822467747839,-0.25267026181597274,0.81969657169291743,0.56632272628822788,0.085884224653582003,0.075806209348684928,-0.25587453932480764,0.96373317819275084,-2.0816675740675161,9.331558876159054,-2.361301781001687,0.4368642254499026,0.3537474102823352,0.8421052631578947,1,5
-0.96709463362945092,-0.054854578791884739,-0.24843297846840731,0.044156364902312728,-0.99784974476526755,0.04843658029325671,-0.2505557523660813,0.035872859621951143,0.96743731212870432,-22.602737793065916,6.3167642652887075,-6.7467873028198042,,0.08515331530824523,0.35,0,4
-0.33141857116253859,0.91959141207499351,-0.21098190805493375,-0.9434091899459992,-0.32581301675169755,0.061846410086529323,-0.011867224360166665,0.21953931983377642,0.97553147362497106,-6.1133684389395473,-13.313299560159685,-1.2033800795937679,0.3291917421816181,0.3092232544378447,0.8472222222222222,1,5
0.62029671625010585,0.76526160064196169,-0.17206587805906884,-0.75626858841055034,0.64169770159978001,0.12760047784030176,0.20806202438900093,0.050977861317070328,0.97678628760987851,0.49674496346860464,11.160573210969428,-1.9380596788182072,,0.09670538505827708,0.4054054054054054,0,5
0.51936864399933425,0.85329258156285492,-0.046346325421678151,-0.8328484419158837,0.51757894968156226,0.19615173627785323,0.19136270385991777,-0.063275596372772525,0.97947767431171795,-23.707073138550491,3.84765421859449,-6.8096304428936056,,0.5740823010691087,0.59375,0,1
0.22791399352656783,-0.91809696675615815,-0.32427329706269903,0.97356708939043857,0.20977780196007267,0.090334911637917875,-0.014910868874799317,-0.33629040045464043,0.94164028830092872,-10.528906355113678,-10.272776481113784,-2.4833234192185025,,0.09372424099209163,0.3823529411764706,0,4
0.91523105337640542,0.36518705589071593,-0.17026606574824893,-0.33791001955532601,0.92582013023158349,0.16933370940865194,0.21947422996706278,-0.097444859627615371,0.97073969822631634,-1.9009906746184901,26.537860298266427,-3.1693357938274298,,0.1620534787592077,0.2692307692307692,0,2
-0.80209311088146185,-0.51261782317977977,-0.30638147599834348,0.54253354129804565,-0.83989906950831295,-0.015063519033495405,-0.24960768826921456,-0.17830457200390179,0.9517896204305889,-13.170171511396658,5.9532580902810404,-4.6439950267699928,0.5006257825518931,0.1796022393370769,0.8873239436619719,1,5
0.94813087707558419,0.23926656460966622,-0.20928294482774357,-0.19774454536050606,0.95942107053658832,0.20101816880718684,0.24888739364630497,-0.14920697192261587,0.95697039913135951,-9.8652382560339706,-6.7610990470512702,-2.6448076515353036,,0.07922275096096174,0.1142857142857143,0,2
0.95161761685696167,-0.19422810772692828,-0.23811626037776623,0.23129194301073017,0.96291689440868711,0.13890677291136377,0.20230657029814081,-0.18726050472842579,0.96125207671196067,-10.166245534035738,11.842526352291582,-4.2975653675901953,,0.407192834576533,0.2962962962962963,0,3
0.1585022856402501,-0.94435652326880415,-0.28821481989389924,0.98729570393316712,0.14829440086513501,0.057061052103537339,-0.011145332741938045,-0.2935975606705663,0.95586413988932772,-12.101020636720691,18.322008259182049,-5.1264595793644876,,0.1071418383130045,0.1,0,3
0.62264561875157143,0.75764043411310078,-0.19568701041812989,-0.75356069394121539,0.64794848891616386,0.1109460961823099,0.21085235117566797,0.078381938660462086,0.9743703390885422,-10.159492194474831,-2.5393142221153511,-3.2042941873245736,,0.2434926024329272,0.48,0,4
-0.97099348938900454,0.028230597242215851,-0.23743352110330473,-0.022011946375832491,-0.99934274041592441,-0.028802107470434331,-0.23809056634170356,-0.022740284900123118,0.97097670500468169,-21.455624656627442,18.435549283576361,-7.3259989763841622,,0.2242108933793274,0.5,0,1
0.23236558827441747,0.95388160240603193,-0.19004242151999437,-0.96394002498043951,0.25190939510382721,0.085797930622668897,0.12971453899464142,0.1632530099254626,0.97801973043680612,-2.4988658123217973,6.8041288928841199,-2.2716418980364921,,0.09124853118075256,0.3942307692307692,0,5
-0.90854825346799228,0.39518033968168398,-0.13554545455060357,-0.3869303466081439,-0.91829970358942192,-0.083729094473076138,-0.15755944273182282,-0.023625272837546427,0.98722685766210228,0.62813535943171084,19.98930565157789,-2.3920204701795016,,0.4683626687723725,0.6666666666666666,0,5
0.67039477686898541,-0.6886569598562452,-0.27626515304746024,0.73423520809902665,0.66941918562383784,0.11303368129233277,0.10709576244913821,-0.27862079168696491,0.95441131180700411,-5.9500682956808966,15.343149084446665,-3.6202817296866554,0.217509226459691,0.2055491777306783,0.8118811881188119,1,9
-0.0084605423132625441,-0.92371040215939826,-0.3829980576534156,0.99377679263446872,-0.050308894085153343,0.099381595867030423,-0.11106802260288254,-0.37977375912304995,0.91838760130820252,19.062244265590063,-11.961602863837294,4.6418070989355238,,0.2546154072662987,0.4,0,2
0.43522036689222326,-0.8535833910003563,-0.28631909969565461,0.89962471925947374,0.42483660953178537,0.10094166483097741,0.035476706999248028,-0.30151160808477862,0.95280226356291742,10.559196296322796,3.0387350298187781,1.1328146089895674,0.2813354296097024,0.2524771679898454,0.8163265306122449,1,5
0.83581495177451037,-0.47584411009007899,-0.27383525938555386,0.52299807038267565,0.84181367266347429,0.13350190595205219,0.1669921697750246,-0.25479820134650394,0.95246600560041794,1.5382537219310639,-14.328888128411503,0.76268324681952859,,0.122236853615314,0.15,0,5
-0.29515885824547927,-0.84703683851484568,-0.44205185510073525,0.9497445106168998,-0.31058460545366717,-0.039020089803287653,-0.10424304750098132,-0.43135344794491481,0.89614038520409456,17.819497312047279,-7.9387998074792687,3.831529709800781,,0.5265440616815884,0.2413793103448276,0,4
-0.37565125647806302,-0.88727349526687282,-0.26764132360933712,0.91219824396580995,-0.40498899423733253,0.062275823979494972,-0.163647478477805,-0.22074795388301863,0.96150394884488943,6.8774938327803028,-12.552463666379309,1.8386413842916836,0.450212527041902,0.4343590615342572,0.8333333333333334,1,5
-0.47447207803894897,-0.81449600139498757,-0.33387499288353256,0.86246491420772187,-0.50603963397412943,0.0088408488278710045,-0.17615481521113627,-0.28376073117841139,0.94257590066743424,-9.020693280821428,14.797930770106337,-4.2256923052968514,,0.1478471055917438,0.5,0,5
0.056456125900830378,-0.93958055075278302,-0.33764048112654632,0.9962173513404099,0.030638134419733454,0.081316010770180094,-0.066058267738166476,-0.34095409275498439,0.93775615801606849,0.3761390839018825,-10.179196762204892,0.07600756509180058,,0.1947859914544216,0.2727272727272727,0,2
-0.77795512253983568,0.59862972805855785,-0.19086192914923455,-0.6078783825852514,-0.79393305979401219,-0.012416462928597214,-0.15896445923403504,0.10636138984920933,0.98153836168016206,-3.7816029677267959,-9.9986969422389969,-0.92824960986648697,0.2869260211245761,0.1339575996909702,0.1111111111111111,1,4
0.89083613775810033,0.39725623808042004,-0.22045057716055641,-0.38377945917765099,0.91768100294250909,0.102834350057456,0.24315489379722455,-0.0070041519559692041,0.96996218456073691,-7.7845195098478639,-0.34487623552265423,-2.9030992200167116,0.2580388705206472,0.2909805857625683,0.5487528344671202,1,4
-0.52467609659511738,-0.78046238643476062,-0.33999037783776864,0.82169640198347638,-0.56869589323182701,0.037416627168451386,-0.2225534017469056,-0.25973726028779942,0.93968427622742934,-27.707772269599126,5.69587032153966,-7.8296933966833384,,0.5389285739160455,0.5,0,3
0.7489345543887227,0.64900886805116909,-0.13373302671182472,-0.62507510203654193,0.75892532391831868,0.1825197784610807,0.21995033543182485,-0.053102183631328383,0.97406468370278798,-15.770153823909341,-11.64471102733598,-3.5139380228118213,0.4784615293062801,0.3372624923314434,0.2631578947368421,1,3
0.95741052792486059,-0.14727827930891466,-0.24834288687708991,0.18805379740914233,0.97074641869791756,0.14928884708902615,0.21909096352575347,-0.18963253684158393,0.95709908090666562,-7.7801188197115367,-3.6454280002518265,-2.5511805598623667,0.5666876538136577,0.5146826154119595,0.8706697459584296,1,5
-0.69873229865925779,0.6901027074303685,-0.18849781963626241,-0.70540436064930911,-0.70849452919002953,0.02098070744130438,-0.11907083096749224,0.14762708188226653,0.98184947008573442,-16.782660803263592,-8.2717461159803385,-4.036755715135925,,0.07547686091525196,0.1764705882352941,0,1
-0.95170537886522388,-0.15803443402179487,-0.26321472128741702,0.18009062878049428,-0.98171094401927639,-0.061733198671609528,-0.24864480140241796,-0.10615432189125973,0.962760106505956,-24.60113084342041,9.8418193279566104,-7.4603081121670938,,0.07472734332692524,0.2,0,1
-0.44779499049005278,0.89363539723789331,-0.029923624370820762,-0.89310729918500442,-0.44863420947786731,-0.032965106228187109,-0.042883547363531158,0.011963397913695727,0.99900844764990759,-19.111326480142864,-14.985528826474427,-3.8557652096900097,,0.3190883724246737,0.1428571428571428,0,1
0.64833595941047817,-0.69842814393115016,-0.30308185610521793,0.75569851366206309,0.63876492605309898,0.14456529906353308,0.092629585901290432,-0.32276539004247073,0.94193538143892208,-12.618298773592752,11.253563847867779,-4.808695997492725,0.6283330050799416,0.4672946570151569,0.9180327868852459,1,5
0.53776872040944912,-0.79492893713678692,-0.2808786005586083,0.83879214295855276,0.53806705736785276,0.083135928974776105,0.085044366422372702,-0.28030666541857063,0.95613577961591767,-15.760580491819031,-13.832818612016963,-3.2866372297236901,,0.1072865766093846,0.2352941176470588,0,3
0.022157250861263106,-0.9565034919667722,-0.29087819803079701,0.99738210390589244,0.0011165068167772708,0.072302781556348394,-0.068833095546604606,-0.29171874000122205,0.95402420393277909,4.4409033268582174,-8.8445559500472744,0.84718177699653063,0.2195266797356826,0.2153619529845642,0.6153846153846154,1,5
-0.49632205763175374,-0.81658475559973243,-0.29470960627422216,0.84760117145586933,-0.52920724566188648,0.03888374063278497,-0.18771432884790623,-0.23049734935804553,0.95479542451987842,1.8660818492684816,-9.3159188641175223,0.28814471081616677,,0.09840480105891207,0.3414634146341464,0,3
-0.88346978039672974,-0.35545063627241724,-0.30518190034680504,0.38695777823617056,-0.92086518927027794,-0.047654811433276129,-0.2640924553793238,-0.16019409590789613,0.95110095502421343,11.766941596420994,-9.8723904943392125,2.5977855029557921,,0.4385448361186414,0.48,0,5
0.42767134966143577,0.89890069920491522,-0.095261480398332626,-0.88994504801479302,0.43717682091410304,0.12990088055662843,0.15841410351580157,0.029222597837192194,0.98694022695547878,-16.407112351206756,-3.5921965069412782,-4.4689751425514501,,0.1234963482274739,0.3,0,2
0.33942328797940524,-0.899834182982576,-0.27402604750886511,0.94046053882119574,0.33023141308085946,0.080505830439578374,0.018050110730883473,-0.28503623796054389,0.95834677259951384,14.32730006278979,4.0233632177042056,2.0761038201903945,,0.1271701337141581,0.4736842105263158,0,5
0.8939397191402082,0.4089139868268814,-0.1834696975548574,-0.38683184802138443,0.91069052953406793,0.14492715678339774,0.22634685749947206,-0.058584219669669507,0.97228338940136672,22.385586542781272,4.0951395371422832,4.2612737960033193,0.3224830817914859,0.5057600770030608,0.3571428571428572,1,5
0.092496738304179413,-0.93950186863366958,-0.32981902952517739,0.99476837723277267,0.072767313874464071,0.071699328373216187,-0.043361608143185973,-0.33472549479437169,0.94131748845641794,-14.476975569361047,-6.8552491001014593,-3.7300793570807733,0.3937430588955517,0.3476701773421766,0.8613138686131386,1,3
0.92059918342752844,-0.22660536088486075,-0.31803640340503381,0.33322226733766758,0.88048967472778006,0.33719557121663346,0.2036174452813693,-0.41639877895595429,0.8860880277156884,3.3858746540341103,1.1053345272289858,-0.51947695678933614,0.1141127253742013,0.5857146025993751,0.1509433962264151,1,5
-0.96524730683595727,0.14763511185698155,-0.21564208863973741,-0.13786474161104309,-0.98864695273054404,-0.059753793830435969,-0.2220156518501617,-0.027947747737276315,0.97464248508361351,-4.7894740817755919,10.45990392713502,-3.050356731936732,,0.3329842822260761,0.5301204819277109,0,5
-0.85637299910507936,-0.43941826369087472,-0.27117683518079089,0.45399406856730345,-0.89094862614950721,0.0099965628099488498,-0.24599730102072137,-0.11455188823063413,0.9624776323600035,10.937072882851146,-0.61148564604841571,1.5317529538968575,0.506073023220931,0.4682764328056401,0.8253968253968254,1,6
0.57556207084024014,-0.77500132449477965,-0.26096216132120015,0.81370576707247222,0.57449549574706005,0.088531632761062767,0.081309453589938088,-0.26330186554158241,0.96128086445077454,1.8979030312611522,-3.8652228513614633,-0.31999634823503187,0.238342175739639,0.2039080206063077,0.7218543046357616,1,5
-0.02258215793330795,-0.87816521180673879,-0.47782413806284452,0.99645055297592555,-0.058539308591823908,0.060493345283286946,-0.08109464604427899,-0.47476205632086521,0.8763701548209728,-9.4875451728113411,-15.449463583247375,-1.7025639841358351,,0.312787293652099,0.125,0,1
0.061572087349699163,-0.94336991452113739,-0.32597865334371801,0.99627933912581212,0.038357323435480477,0.077176383498459913,-0.060302209664625267,-0.32951770834850264,0.9422216954593623,-14.551362518488302,-13.239735911375858,-3.1157211046105702,,0.07598193348364006,0.1538461538461539,0,1
0.70109083031433961,-0.65489763267807533,-0.28210058199479421,0.70292946862567329,0.70122317327453065,0.11906394668591135,0.11984076846706966,-0.28177145344312182,0.95196798172930785,-13.931844680758836,6.4042706943142047,-4.8551915715761647,,0.06131290320230363,0.2463768115942029,0,1
-0.96914359082211643,-0.02005979762947957,-0.24567927240098802,0.023710559805887651,-0.99964791078276349,-0.011910659987914251,-0.24535384594928605,-0.017368332871079147,0.9692779948452217,11.569342938261158,2.7719060586616249,1.4291912263399191,,0.08970097074300713,0.4137931034482759,0,5
0.82216785884859234,-0.49248270432600177,-0.28548344578288437,0.54581221484933884,0.82442954841156157,0.14968281740790351,0.16164478957758044,-0.27888475334025814,0.94662255221221259,-12.517490135722968,-8.9039826769599486,-3.0798690392969617,,0.1565788649853507,0.4166666666666667,0,1
-0.41122772142268543,-0.85284860316361844,-0.3217779066613678,0.89789264549383607,-0.43983571184276415,0.018257704013665124,-0.15710047199670624,-0.28141394185369467,0.9466391260817284,14.127279349555918,9.4907905170973947,1.5581346516041394,0.3223813591308855,0.3263072750166119,0.6578947368421053,1,5
-0.83640588226890389,0.52294288112217358,-0.16418265191432024,-0.52254602937578398,-0.8511946337679277,-0.049125783742227501,-0.16544137115480212,0.044703898357145319,0.9852059247599434,-20.466723285307893,5.3863393084492399,-6.2237063697922199,0.2037995265661256,0.1820692631233378,0.4642857142857143,1,5
0.87896898324818351,-0.39992380288958385,-0.25975850009188656,0.44020247472915663,0.88991969620327172,0.1194349846226047,0.18339931223965827,-0.21932598157037572,0.95825925827941272,-5.4846182511770634,13.039921332854817,-3.3873640395784057,0.3544547723073439,0.347529647143631,0.8708333333333333,1,5
0.79831904358772832,-0.51517840937421677,-0.31189407041466299,0.57721302644813266,0.80227531952636311,0.15224793521575022,0.17179006590534282,-0.30157174634491879,0.93783935461395196,-12.288977223136341,8.6633355400326888,-4.622638005387298,0.4199126210911693,0.2332574419017041,0.9141104294478528,1,5
-0.71736508043886094,0.67860309506285443,-0.1577503747636195,-0.67387396246547493,-0.73332468000581807,-0.090159838095714095,-0.17686498827644653,0.041626350614487329,0.98335447467151615,11.948328332436855,14.408441732100437,0.58480281725593475,,0.4846375749826572,0.5142857142857142,0,5
-0.31179498156265711,-0.86951297031751873,-0.38305493590599726,0.93813527706807853,-0.34563422607371608,0.020956709828179591,-0.15061902732636909,-0.35282315147397669,0.9234878084691911,1.8133195570935017,18.897399771918863,-2.0846629686499498,,0.5276441769633553,0.4791666666666667,0,4
0.88693373958135957,0.41815121665145738,-0.19620933108578203,-0.38963200910510359,0.9054484969634542,0.16837433541766844,0.24806337712960486,-0.072887443085397158,0.96599792006376883,-11.706045387843364,-12.608179803319693,-2.4890120147534525,0.7825061825351585,0.3889206157544933,0.7666666666666667,1,7
0.87105832931715133,-0.42466440734319227,-0.24681476467802269,0.45652366787989035,0.88536654722442554,0.08781923320884745,0.18122783338302134,-0.1891724562185349,0.9650752583169574,0.13491092926205453,7.7431251399813039,-1.767779303656938,0.4821943811911548,0.454645822027716,0.9285714285714286,1,5
0.61877163842636052,-0.71936503972196719,-0.3156510717627477,0.77244974507075104,0.63029134503001261,0.077808815184337868,0.14297919715570681,-0.29197047797007025,0.94567974979621905,-18.19889573878363,3.1899033891078701,-5.5592133616647867,0.1681901111130121,0.2218799580198663,0.3125,1,5
0.56134524324771318,0.82737233891299722,0.018615334668034399,-0.80314373872079126,0.53920531639414393,0.25341223673272223,0.19962878759526612,-0.15720254315350091,0.96717925308048069,-12.507536927014645,0.9309463509289948,-4.1427568074532592,,0.07833040732366037,0.3543307086614173,0,2
-0.38512945067979909,-0.88402937701288409,-0.26489123578799012,0.90808737431375786,-0.41417323600088907,0.061950392997115453,-0.16447682764152974,-0.2166854659610658,0.96228622665515395,-12.097909888783182,-1.3326906686805637,-3.7985253727569654,,0.07078658622178746,0.3287671232876712,0,2
-0.87082138577346901,0.4420624584728477,-0.21506021688940244,-0.45731662170958315,-0.88896728794368185,0.024467702674932916,-0.18036524495508863,0.11965761060207003,0.97629423568783513,-13.069402163235164,-16.023003756068,-2.4365170233303695,,0.1057557649434467,0.4285714285714285,0,1
-0.44858454382500257,0.89374039404623984,-0.0001228470025770179,-0.89267316792640183,-0.4480555904362995,-0.048793474389728968,-0.043663741314234512,-0.02177833622779277,0.99880888150115721,9.9856384332901307,6.35377265593901,0.70979414745672031,,0.4390998785462291,0.3333333333333333,0,5
0.108870829163062,0.97889576509592802,-0.17294572453403809,-0.99120176614223965,0.12007714162755467,0.055682482479321185,0.075274174547789507,0.16536190956750657,0.98335610920476568,12.663424893073071,-7.3753247860586288,2.5304612925592047,,0.09306516064793773,0.4,1,5
0.60737800002289366,0.7643971313189688,-0.21630762982271479,-0.76639217969873363,0.63549415480422333,0.093756099035154306,0.2091291275380201,0.10883108398337688,0.97181315239823207,-11.891021356727373,-7.164961309594811,-3.0767303784929165,0.2833930055768502,0.2089273646455211,0.7354838709677419,1,4
-0.10828094506193311,-0.93378493558625186,-0.34105854484043246,0.98890629334870994,-0.13626722240562716,0.059123490028665432,-0.10168372491116258,-0.33087299401739334,0.93818094305851041,-21.58284953690745,15.7477345187789,-7.1800570683647056,,0.1277265801007178,0.375,0,1
-0.26826482347895853,0.95913368567513724,-0.089980872895466996,-0.96332245890417778,-0.26644385820220495,0.031898441923267462,0.0066200192304873735,0.09523782562380477,0.99543253509006702,-6.1684459297855172,3.9539432516805522,-2.9141572867953141,0.3714840115893037,0.2151949348045268,0.1743589743589744,1,5
0.5893649339651843,0.80476594646846156,-0.070715953058241077,-0.78148885960744141,0.59011841301940804,0.20257201417006385,0.20475384470547822,-0.064125112242995747,0.9767107212773638,1.4754780937266871,5.8049675035134358,-1.3094073179052295,,0.2326467419565861,0.2142857142857143,0,1
0.91067370182030671,-0.33109734457169154,-0.24707884820533199,0.36317974903375994,0.92667662569877884,0.096803415617941896,0.19691083947988761,-0.17789035893240382,0.96414788362274906,6.2631032995080966,3.8249580498788305,-0.061041944254673651,0.2916771511495936,0.2661490032713553,0.8972972972972973,1,5
-0.63609170102525436,0.75677713573069338,-0.15058457664065972,-0.7701925288602961,-0.6345504334352563,0.064414407665611101,-0.04680615744302475,0.15695258603277948,0.98649636054221856,16.281419630862072,-4.1241975032866209,3.0661183304677566,,0.2219421070170263,0.1132075471698113,0,4
0.54525015653191689,-0.80044906943050131,-0.24896496550672692,0.83516007210609555,0.54428692779171817,0.079116333299739147,0.072179780836897883,-0.25106379166040366,0.96527563511954428,-11.226697151056111,4.6379423123974988,-4.1035737385483628,0.5493575241955153,0.5056037426402792,0.9984639016897081,1,5
-0.67755658080533243,0.69689817117157671,-0.23505322551519911,-0.72663705328281558,-0.6836951458995103,0.067524367971233457,-0.11364714076409535,0.21654996303661542,0.96963417890717252,-2.7206969606579974,-2.1029117257729757,-1.5601057352384231,0.3805547412325673,0.3453000799830185,0.9712950600801068,1,5
-0.085727395888780908,0.98670662788946506,-0.13806101576161711,-0.99479334281145038,-0.077105608002407774,0.066640305465984581,0.055109152526136011,0.14305507923027519,0.98817924771484222,-15.890265047312809,-2.6006505229939427,-4.4462846131077489,,0.1122363444002563,0.4,0,2
0.96340628052867605,-0.10370277339214798,-0.24717215342485135,0.14250364470860397,0.97917196779290439,0.14462008412850155,0.22702654004029013,-0.1745508300734995,0.9581184466640783,0.27172314600595027,-5.1394093456993248,-0.52084969211341892,,0.08052148604447733,0.2622950819672131,0,5
-0.44211036852015695,-0.86079549827989366,-0.25212999065569491,0.8795587618663705,-0.47115428594006215,0.066257250655364697,-0.17582606880399893,-0.19247012490612689,0.96542241767402082,-18.427225627905251,-6.0374271481230819,-4.6619385608973083,,0.1709460426169263,0.75,0,1
0.34696936264699568,0.92395484642571568,-0.16099597246754668,-0.92485085986546878,0.36558171788749949,0.10488514934216857,0.15576632624043579,0.1125053301531007,0.98136608984450913,-0.15344138945723571,-9.5406931590165627,-0.12754131988293027,,0.1142670830943355,0.1666666666666667,0,1
0.25684511173468971,-0.85938087520745232,-0.44214827818919422,0.9660143714762166,0.21451074077585117,0.14422682203115586,-0.029100217858392941,-0.46416554527395709,0.88527031120507205,-3.9523975289560846,-11.29340555290376,-0.87628359836426684,,0.296914463106321,0.2857142857142857,0,4
0.6424112035009748,0.74895211057089195,-0.16241484441957901,-0.73677098132546903,0.66189959135587706,0.1380487306701092,0.21089420734845857,0.030978493093269933,0.97701789455082944,-2.2026499137780453,-9.8460310344370292,-0.58790124531533816,,0.07034652950558273,0.2105263157894737,0,5
0.64644889236688152,0.7357868022700963,-0.20179596418853124,-0.73197482656602697,0.67271832252242847,0.10799496199474115,0.21521311026809592,0.077896342325920478,0.97345543145075508,-13.980008071403692,-5.6813270204561643,-3.7428619062890318,0.1743043873680802,0.1567384195046628,0.546875,1,3
-0.39077672384330026,-0.88114877822798388,-0.26621491830779942,0.9053663946942041,-0.42013556829710824,0.061626257472642554,-0.16614825747119766,-0.21693993380426155,0.96194169348265968,8.0403368528546419,-6.1173314687852045,1.3134824211626257,0.3526129733138389,0.3305183318440386,0.896969696969697,1,5
-0.95857329496842691,-0.14918353620896199,-0.24265512707866727,0.14419864962959036,-0.98880805477531586,0.03828028548039325,-0.24565013254296755,0.0017039177348321317,0.96935705962559371,-10.659699561878444,7.169552400954263,-4.1097219442257122,0.3883047584863307,0.3276414369482483,0.9357045143638851,1,5
-0.18566173698589206,-0.89251488520681777,-0.41103150621776352,0.98041144314933415,-0.1962502318353978,-0.016710734466010121,-0.065750449133236147,-0.40608253617807138,0.91146796556432186,-11.62308794182958,-9.900448217270748,-2.7742554194708959,,0.2056268308749746,0.3928571428571428,0,2
-0.95491540339242209,-0.16801015148692269,-0.24476348044843002,0.16355715607865218,-0.98578003113174884,0.03855887598662143,-0.24776123397204633,-0.003212354156935061,0.96881579865391287,7.2213015913416641,-9.35394738747374,1.5724814886035334,,0.08314189576286633,0.24,0,4
-0.29287594995551408,0.95592494026710206,-0.020765031013540283,-0.95577992045117033,-0.29208886576170551,0.034188275188957402,0.026616190561587698,0.029859723263594082,0.99919966739716826,-15.754914912443631,-5.871166974812021,-4.0933050876530066,,0.2344175447063788,0.3333333333333333,0,2
-0.95592859997240009,0.21040557196295342,-0.20476817878212678,-0.20861487400465359,-0.97752072414454461,-0.030546165257647178,-0.20659222177717432,0.013517734827527501,0.97833374916042992,6.0664924583845456,-10.00194701683882,1.3279329951446706,,0.1877385999291016,0.3888888888888889,0,4
-0.86565992170940087,0.48463524091320392,-0.1255451441158732,-0.47070656696976731,-0.87330873697526534,-0.12556742306109409,-0.17049406956727431,-0.04960376182981048,0.98410936336096388,2.8692147002476514,-12.741453910982807,0.88954242927659044,,0.3236755266474201,0.2857142857142857,0,8
-0.070070496727238807,-0.95957776487144786,-0.27258143490104986,0.99332646637893551,-0.092213711597130515,0.069275988514202608,-0.091611444042416015,-0.2659081506042989,0.95963545097222513,7.8080046020435505,3.7449683185193661,0.40520217223558747,,0.110421734501406,0.625,0,5
-0.87988798893587683,-0.33994167800616015,-0.33201925016591105,0.40544510622387897,-0.90148041969228898,-0.15148372437500227,-0.24781322153082375,-0.26790428974872793,0.93102948329724977,-3.0538368655078738,2.7778624833801184,-2.057652080307943,,0.1405307967482394,0.3680981595092024,1,5
-0.74532293460081633,0.64329498502842186,-0.17511506330213125,-0.65298593899514568,-0.75736413853047557,-0.0029874977185253594,-0.13454771136163962,0.11212102347585202,0.98454344214060552,-10.459013261056684,-16.828282610798535,-1.7775614270580335,,0.1412047795735264,0.2,0,1
0.96016070348865468,0.14830314073593553,-0.23684932325009736,-0.10333747448130036,0.97591022313415665,0.19214734645596288,0.25963973086567166,-0.16001692044936539,0.95235591840755807,-13.64050877076121,-3.5980778325925487,-3.8382189637509714,,0.3242203013314822,0.4552238805970149,0,3
-0.090828844048485582,-0.93726123674335127,-0.33658801996972409,0.98870195845794273,-0.12533786361588758,0.082212269678155883,-0.1192415968957332,-0.32531798911607812,0.93805631362260256,12.227329415138422,10.338832582968168,1.0103455459897803,0.2376678291570562,0.2728345902016481,0.4285714285714285,1,5
0.97019993064248855,0.012659365156716323,-0.2419748645110481,0.026781633691755059,0.98691311680774818,0.15901334525635721,0.24082117572612224,-0.16075521872289472,0.95716399899664162,9.1119203117732539,-8.4513188987384105,1.8358024447839776,,0.1315577960885902,0.3243243243243243,0,5
0.12737233749062468,0.97150643812766091,-0.1998787840634442,-0.98624188279048897,0.14546211637948406,0.07853484149264188,0.10537189507666339,0.18712566198923122,0.97666818846169334,-11.132978766757851,-3.706265451383342,-3.2538927352477658,0.1372335561903093,0.097107302152508,0.4038461538461539,1,4
0.96202274255628684,0.1399860901192872,-0.23434192407163698,-0.079417075528254333,0.96488974966319052,0.25036113737848192,0.26116119719250341,-0.22224235772692458,0.93936316912733908,23.221577663548921,-9.2077810780016769,5.4344029435557886,,0.5449907212189239,0.3333333333333333,0,5
0.7307946499275515,-0.53604314564877387,-0.42260729482610054,0.67010908675527592,0.68127859353561349,0.2946409507148432,0.12997304137888632,-0.49851501882401078,0.85708213405811828,-6.1289899266512347,7.7882204342387498,-3.1423262518278299,0.7193649468629721,0.3424088273353352,0.2142857142857143,1,4
0.66266512234961117,-0.69173111953594246,-0.28702437855856028,0.74116693004093925,0.66072257881786722,0.11881605806438005,0.1074547227210865,-0.29146823515748727,0.95052603881172848,-16.834956532607922,-10.018758818218625,-3.9075228901006689,,0.4579443839472351,0.7297297297297297,0,1
-0.30205891929516671,-0.89224381243236961,-0.33565069410085641,0.94235115741848829,-0.3326569231744228,0.036244552365308581,-0.14399550474327782,-0.30535282975645878,0.94128898005524952,-19.452724553980321,14.130813390286358,-6.527985090568488,,0.1674859443306525,0.5,0,2
-0.3304908459400005,-0.84182079570446533,-0.4267476404965404,0.93145668049201513,-0.36383399622985313,-0.0036435633947769796,-0.15219807198732613,-0.3987011049732832,0.90436340913176272,-14.389635420672874,-8.198595002205856,-3.5816442881083601,,0.08071816986564911,0.4285714285714285,0,1
-0.30846163221598888,0.94304197032982007,-0.12459239000476355,-0.95103295385730358,-0.30302738565907095,0.060915714048846853,0.019691168784513539,0.13728162927748125,0.99033631264072119,15.204166318164486,12.897732237740833,1.6255646217710105,0.2379825731204593,0.3251443729312782,0.12,1,5
-0.66851307824459216,0.7288370557619549,-0.14794191550802679,-0.73476687498939552,-0.67802315141263891,-0.020056060600003697,-0.11492564393666477,0.095295080128609516,0.98879266991064618,-22.476367570778255,8.2168830772389523,-6.8711868997519865,,0.3507471713678161,0.35,0,4
-0.96923020629988177,0.070074845492799201,-0.23597102200280834,-0.085199352067930514,-0.99487182798895923,0.054507946953750587,-0.23094128605144296,0.07293532685241326,0.97023015851592576,4.734005828966187,-5.3594279071437851,0.47056321405201063,,0.0732111816811425,0.1842105263157895,0,5
-0.96952394238789263,0.021275002158546458,-0.24407109501084345,0.012246051115543201,-0.99076888591567713,-0.13500758842925611,-0.24469033362336537,-0.13388199649154381,0.96031362150431065,-5.6467491648560504,-8.6071105418986491,-1.5288813404716017,0.3820047672828933,0.240011942906828,0.4833333333333333,1,5
-0.18246965631504644,0.98237931741718276,-0.040443803421770959,-0.98189851211269741,-0.17994665549293659,0.059114406770069822,0.050795043411141383,0.050498295890617835,0.99743159448505736,-12.344182667637945,-2.9382627471730083,-3.6631631040960397,,0.1785975413352646,0.1525423728813559,0,3
-0.50038777725826666,0.85625645497965575,-0.12820669123022929,-0.86251958788015903,-0.50587630888505375,-0.012211495890094104,-0.075312899914764864,0.10447029919793364,0.99167228643938732,-16.462227463168887,16.492207660996097,-6.0149118293658326,,0.3898901343033999,0.6,0,5
-0.66954876701830868,0.71223461642178676,-0.21077547237468891,-0.7348934804761138,-0.67642984660255678,0.048726122141470297,-0.10787038953284112,0.18752203549383703,0.97631934594490211,7.9128894193623838,-4.8305439418121221,1.1163948153829559,,0.08819682208742192,0.5,0,5
0.84191516843180614,-0.43955647799362713,-0.31299992303238677,0.50441819953082812,0.8471268527141127,0.16714776514437241,0.19167975674681922,-0.29860709647380879,0.93492923410756601,-19.604832100315225,6.1587266041280788,-6.0840846329496365,,0.1902670105731874,0.2602739726027397,0,6
0.7997853888992863,-0.54524042952991636,-0.2511099474518047,0.58057114287436118,0.80891454596115053,0.092706015953776283,0.15257942117066092,-0.21993210620210965,0.96350889404132023,3.6935013952490707,-3.9372973380349241,0.048183776553890105,,0.07080172013440827,0.2711864406779661,0,4
0.4256020331962887,-0.86386036161932811,-0.26945905989984753,0.90411807912055142,0.41839791255776543,0.086681519222205988,0.037860379640866533,-0.28051463845979369,0.95910277304531921,5.5022214032672156,-3.6606146199449294,0.45452475574937967,,0.08984335241696015,0.3026315789473684,0,5
