axis_00,axis_01,axis_02,axis_10,axis_11,axis_12,axis_20,axis_21,axis_22,location_x,location_y,location_z,dbh,dbh_approximation,score,reconstructed,number_clusters
-0.94186370050592272,-0.2049510450984143,-0.26624770192878239,0.24451803727365329,-0.96158089624601029,-0.12479226507504602,-0.23044239869679006,-0.18263967008234536,0.95579236855871708,-30.220036226959511,14.181097022579243,-9.7632851384212991,,0.4486051031695404,0.2,0,2
0.94252439000722543,-0.26503832367209285,-0.20347594753826567,0.28433136785482988,0.95603610908537784,0.071767899361022985,0.17550910943683087,-0.1254975900564608,0.97644605964421394,16.919969501917016,10.949170356960021,1.9170169159113211,0.6079861557734803,0.6118713162094318,0.8333333333333334,1,5
0.58153590849371806,-0.78149709822567248,-0.22600502781407186,0.80981051008997584,0.58259873276730145,0.069178423845497466,0.077607505308435049,-0.22325098441616761,0.97166664709508943,1.8228676517381344,19.315783817561247,-1.9106879273255877,0.1407821008257988,0.09632522052365546,0.6206896551724138,1,5
-0.5704247259184283,-0.78741947944607071,-0.23363688803304625,0.80636855276531294,-0.59096714565400343,0.022969324516312471,-0.15615821839423591,-0.17529516863404992,0.97205257814662438,0.12800313371928776,-12.892548838192084,-0.52982598382217072,,0.1132580304674333,0.3636363636363636,0,5
0.049538151034253956,-0.86315330291636394,-0.50250606688544497,0.99806712349749938,0.023879348809679207,0.057374155277907228,-0.037523173980024437,-0.50437699428601768,0.8626678729670344,3.9020372126562015,-22.953296712946955,0.84765999662598412,,0.4012430254065656,0.2666666666666667,0,1
-0.77795544007656037,0.62251779777136929,-0.08518758544042801,-0.61934082899261456,-0.78259638943154197,-0.062927170534324339,-0.10584078041108093,0.0038056151407507492,0.99437580747691878,-5.6248255227830333,3.5465672126718348,-2.7372515114416793,,0.4990797408571193,0.3594040968342644,0,4
-0.97029115733082316,0.14847689143409179,-0.19102272826991074,-0.15057529759524374,-0.98859211142488213,-0.0035660878560331071,-0.18937304390993723,0.025303160643723444,0.98157913603627633,1.8394055562273275,9.9304611403044856,-1.3165902847530524,,0.1098871458901529,0.3466666666666667,0,5
-0.38089223171350334,0.92455520494910748,0.010898661469108102,-0.92217313935373491,-0.37900123754824305,-0.07716711081396499,-0.067214647769524641,-0.039442805914535403,0.99695860304568551,14.356542275259892,-2.9308091553189168,1.993727046694683,,0.6437392069572192,0.3541666666666667,0,2
-0.75517750386205762,-0.61529577540216052,-0.22609300394511625,0.62869615965333625,-0.77748733367708012,0.015955713987528528,-0.18560193021038143,-0.13009440704334241,0.97397503497688387,-8.9956780779402763,-18.474706375326068,-2.3269502002604785,0.3000802195934728,0.2252981316645854,0.9213483146067416,1,5
0.69719358213401394,0.69932482429215459,-0.15768924871368797,-0.69389818757488619,0.71356467522328215,0.096595856814766054,0.18007335813892264,0.042074272450482446,0.98275294010566683,-13.901096600660058,-10.915375907285584,-4.0184467063186808,0.4290496218831559,0.3463746808614725,0.9390243902439024,1,4
-0.89823416592796501,0.42550442415269341,-0.11009708527557405,-0.41606647276162095,-0.90392828255502256,-0.099006819163278983,-0.14164770878272431,-0.043123601700365284,0.98897739184118472,16.892200900556869,-15.257827183594717,3.0551124154939133,,0.6388466642269233,0.6333333333333333,0,5
-0.085674626940344722,-0.96184932759777897,-0.25981864694115503,0.99420914348399514,-0.099513600687774387,0.040561339856740611,-0.064869386550610905,-0.25483899677610966,0.96480518676606031,4.9631148586770841,12.698648378252376,-0.70886902543993469,,0.09835454766360777,0.375,0,5
-0.86650626045529666,-0.40542146479701729,-0.29120497329822292,0.4567556998690564,-0.87929820034386263,-0.13494037760868027,-0.20134828340193617,-0.24993621337030286,0.94709596030033216,-26.184880772852893,14.673557803374488,-8.556863615551368,,0.1093601075450098,0.3333333333333333,0,1
0.85285673424195185,0.49318738971416981,-0.17146891696479133,-0.485036478329954,0.86989657169858503,0.089552047638941146,0.19332616363914942,0.0067936127336265693,0.9811110239308275,-0.063756232224956522,10.64152423189943,-1.8041449369356981,,0.09667852545040448,0.4142857142857143,0,5
0.97956737548439887,0.0043101241758942942,-0.20107008657728276,0.020574087309470815,0.99237759793236469,0.1215047737884134,0.20006115019660836,-0.12315894588530553,0.97201204222500837,0.61894174046040906,13.211531697558396,-1.7277659272294748,,0.1520169796313512,0.4805194805194805,0,5
0.27919841826604269,-0.92546415733102549,-0.25605533920095275,0.95987905746828706,0.27623349778816247,0.048241576814096132,0.026085211740236137,-0.25925112959308844,0.9654576187141386,-14.338312973575789,3.8798596311704356,-5.0330533115735721,0.5514411207790302,0.4655873683709293,0.8321775312066574,1,5
0.74707812081716551,-0.60464445676888623,-0.27618718705788831,0.65471029576177886,0.7411825783236492,0.14833345614873947,0.11501612938981574,-0.29163927459819977,0.94958823891833199,14.919361635818964,11.933150456285574,1.4529150975046317,0.2362245398352502,0.2858286526634554,0.375,1,5
-0.68810450671621504,0.71347273996095406,-0.13216972864254672,-0.71759769135839779,-0.69611726147468012,-0.021778696795055699,-0.10754413602764837,0.079858672726273672,0.99098781586680762,-26.97701726329861,0.63890605592599681,-8.2432252990719466,,0.1036701049708457,0.3,0,2
-0.7138922332857488,0.68845600426525744,-0.12800863035514995,-0.69148653939004912,-0.72191279385845841,-0.026235165443526571,-0.11047282515016921,0.069787163967242383,0.99142599655685293,-1.303927521849424,22.823603718655086,-2.8109825527638477,,0.1833088575908812,0.2962962962962963,0,5
-0.58701130834938398,0.79410356912706814,-0.15753490206806789,-0.80525635737668688,-0.59279730383223928,0.012391750225741096,-0.083545932123434294,0.13413007891177656,0.98743566836363916,-6.3669168808897014,23.660581115639353,-4.0505247245407521,0.163179637898223,0.122050709436102,0.3461538461538461,1,5
0.90822896083986782,0.3938269366753373,-0.14149381131574024,-0.35678442715109138,0.9054333966214364,0.22998964503872102,0.21868933955317094,-0.15840046790173662,0.96285215092157816,0.80441692384774233,34.795802648405143,-2.9363912761343274,0.327495032207903,0.3039627986389883,0.1818181818181818,1,5
0.91349053319856943,0.3619321343456352,-0.18584987458861907,-0.35007755378356054,0.93196710413837813,0.094249791197874994,0.20731799751471353,-0.02103442254823544,0.97804744311027692,4.1976545658079631,-7.1185296121539734,0.13896166654336767,,0.08567607488045748,0.3548387096774194,0,5
0.68986668480540114,-0.66818456022586259,-0.27859172757168515,0.71759111813711851,0.68199755292276798,0.14121729702156269,0.09563965896177784,-0.29733605782536215,0.94997069657466149,-6.6715875843400045,26.163738560610959,-4.2298242978243712,0.8254670622053328,0.6200558737746982,0.5394736842105263,1,4
-0.97969513927151652,0.023424070785590639,-0.19911993118619237,0.011874037649020269,-0.98462956580227279,-0.17425161513723872,-0.20014105355391737,-0.17307781791973911,0.96435866130110948,-25.07116399485437,16.042411543474458,-8.363061593823657,,0.3002808807905354,0.2142857142857143,0,2
-0.24882655153495742,-0.88792915803495365,-0.38686839824746616,0.96429227090542657,-0.26451589644115164,-0.013105601931626853,-0.090695995078490341,-0.3763152280220306,0.92204180254229806,13.982309352426117,16.246317977826791,0.99415018281508261,,0.3541526990116894,0.3125,0,4
-0.47283282348213629,-0.84286599390593442,-0.2569164014905857,0.8701616041885647,-0.49255412156106615,0.014464436704888404,-0.13873681427038093,-0.21671952761615043,0.96632538138865942,-20.613724601148178,9.7939366414604265,-6.9499604531970318,0.1839701159809876,0.1410292175370456,0.5384615384615384,1,5
0.86422666770705114,-0.44703872077034401,-0.23080001940203804,0.4800397080197441,0.87002341151719953,0.1123438566913786,0.15057936627667617,-0.20788373083045425,0.9664937707547453,-28.488390489196654,1.4530361869115247,-8.725560662514928,0.5817072865472523,0.5636364449640994,0.9655172413793104,1,4
0.80751828948640048,-0.54606037388036643,-0.22300735463789587,0.57270387488796004,0.81633434509428404,0.074889977352129003,0.1411541137667397,-0.18819220254070293,0.9719358060435912,-5.1419406853502592,-23.316424711462815,-1.2036439723629244,,0.09835179404289748,0.4137931034482759,0,4
-0.98099975323933752,-0.041275730043372226,-0.18956739765514652,0.081288696097070623,-0.97464960947776136,-0.20844732339774658,-0.1761579746454752,-0.21989645939449165,0.95948627666818143,21.584485033893053,5.0503860608532598,3.1108367369617302,,0.3594402106611111,0.375,0,2
-0.86931605496430608,-0.42540546464630186,-0.25163423302555654,0.45124303784814901,-0.89083268774165014,-0.052885189274146621,-0.20166635161788918,-0.1595221398428828,0.96637641192502111,8.1195012509689306,0.0024828396705382193,0.63841721881513458,0.7340382132991492,0.6468824453855166,0.2765957446808511,1,1
0.79361047696257447,0.58463262301293784,-0.1684847380751362,-0.57726095937276956,0.8110051527093548,0.095081160399450387,0.19222953893526601,0.021802256486160004,0.98110777490184387,-11.231975962071498,7.563577672793441,-4.3557197425512841,0.7692429812898233,0.537176672124394,0.9686234817813765,1,5
0.81856733639537971,0.5710101963882187,-0.062408904871504814,-0.54014993223474506,0.80214891905884522,0.25454893902651815,0.19541127524626875,-0.17465528126401897,0.96504402295087699,10.267139473802635,9.2884436516325533,0.60170286840600484,,0.3797437085028756,0.2708333333333333,0,1
0.11003483586745444,-0.94882928167084479,-0.29599886678771364,0.99273267824498268,0.090316392775673299,0.079528477544422452,-0.048725398306896942,-0.3025986507570359,0.95187178344557277,16.670137484801916,4.0148740616646927,2.207663832921861,,0.3504070301018175,0.5373134328358209,0,6
0.5750893323882369,0.81104425946816627,-0.10714228370249572,-0.80475450167289631,0.5843930118791546,0.10418732986317757,0.14711373766735875,0.026306213154770174,0.98876970591690128,-5.5937500622648733,22.021535589704978,-3.7677987487351756,0.1380793339508868,0.151507106581602,0.4,1,5
0.87476204410048497,0.4502454471759671,-0.17908211384293432,-0.43593354095549747,0.89262453483506476,0.114818934329165,0.21154979099763233,-0.022371345685873907,0.97711115479307697,11.451249493881186,16.066709016379274,0.49041993368072684,,0.2962696865598033,0.25,0,4
-0.91245021219010469,-0.34872437022159813,-0.21406990420837452,0.35365160164256765,-0.93523829854571461,0.016120471114814409,-0.20582797411887344,-0.060997037197445765,0.97668531601701369,-16.82153549634484,6.2697069393271079,-5.8635825477179369,0.1271835346729235,0.1081396635623184,0.719626168224299,1,5
-0.95716819679457854,-0.24576782048469703,-0.15305953566902455,0.2686088840095221,-0.95108359690043642,-0.15260818830615924,-0.10806623189588356,-0.18718485548016608,0.97636239143193926,0.60246970500122399,8.864272259475495,-1.479225657097863,,0.1793356904910881,0.7472527472527473,0,4
-0.91764008666612229,-0.3328652648147219,-0.21711146174998935,0.33841912125042184,-0.94091623628995369,0.012212070178358674,-0.20834867341906552,-0.062268384961984106,0.97607042702806124,24.300103017341982,-7.5993278239935416,4.0902230117416574,,0.1336231193731188,0.2631578947368421,0,4
-0.95045680956735701,0.26073800772147337,-0.16925585507295751,-0.22449706524756091,-0.95235716240518897,-0.20643861777964392,-0.21501841977438474,-0.15821354728649004,0.96370926768022347,-3.6645007354756656,-29.030147267430703,-0.54006636770895178,,0.4519344892966056,0.3461538461538461,0,2
0.85272277412561404,0.51316989568041216,-0.09757319639569477,-0.4826698753791045,0.84548017589303404,0.2284580127143824,0.19973397780307137,-0.147715707828382,0.96865185065209225,-30.688111753259605,0.96571902172623059,-9.2334358502041116,,0.1005012290607619,0.1666666666666667,0,1
0.95583795420701234,-0.076069753616195016,-0.28387884366772648,0.13767457941896427,0.96927848506529291,0.20382573088632142,0.25965268240317751,-0.23390727003302653,0.93694603555729539,-34.536291048112716,9.4223090847679138,-10.780580212791982,,0.392800849319407,0.3043478260869565,0,2
-0.6017464330912724,-0.75982220978221193,-0.24611265669121304,0.78314705158480324,-0.62181697303770533,0.0049343324021613195,-0.1567862425596083,-0.18977318452273911,0.96922866888064041,-1.1041059626516514,-9.3607610638531149,-0.98908689035687603,0.1894847413703317,0.1179963422174214,0.3623188405797101,1,5
-0.5792588075016033,0.79270997317677117,-0.18992138467771816,-0.81105725406044449,-0.58379341475163538,0.037032141830516639,-0.081519105538216813,0.1754883110600429,0.98110065136740243,-9.3928072238768436,-1.6139477829389501,-3.4013755612278525,0.3627905911553303,0.3253176950330717,0.9397163120567376,1,3
0.76682431490382819,-0.59298145536580904,-0.24566941947365198,0.62881609737831556,0.77080116770111207,0.10225397571002665,0.12872756406527358,-0.23289172046865209,0.96394536193031799,2.3690219106792316,23.430944748620423,-2.0263331561601996,,0.1142463628745009,0.3157894736842105,0,1
0.85923680724224138,0.49042961108157601,-0.14557096432507688,-0.4672027231144249,0.86818706032808113,0.16725084093465858,0.20840759245916368,-0.075696927634207337,0.97510832759858845,-3.0535666357884108,-19.002738850060499,-0.92776496196577618,,0.1774092684515852,0.3636363636363636,0,5
0.72878902145560076,-0.57313011534618208,-0.37468444468520518,0.67437710212972124,0.69560141512703388,0.24769779045520013,0.11866796673453223,-0.43319804034245213,0.89345250098399287,-29.581743258162437,15.494160732930469,-9.4993557826390127,,0.2730588519682851,0.2352941176470588,0,1
0.21680985204918976,-0.90419725166693554,-0.36799567678489015,0.97621220510998152,0.20150793089230645,0.080026772906380383,0.001794059284514008,-0.37659246389892398,0.92637729758766318,-31.37475077213151,-0.0056594872552543874,-9.340867534552201,,0.3024219086080419,0.5,0,2
-0.89231569074196115,-0.32118076995827266,-0.31719965489373897,0.39508676477726601,-0.89556674966585692,-0.20461340423042895,-0.218355573213805,-0.30790113657137202,0.92602253414510782,-6.0765941427101051,-16.72161482354554,-1.7356901616971934,,0.4765071646961896,0.148936170212766,0,2
0.97721826872669393,0.080863524023829528,-0.19622830007226674,-0.060121043818034847,0.9921713731296451,0.10945970232129085,0.20354339919789571,-0.09516857057076783,0.97442959100105531,-5.8046790192414299,-25.45176572376932,-1.2248045146290731,0.6117754459805927,0.5463042392588127,0.9754098360655737,1,5
0.78291061340296675,0.59883927434475193,-0.16864902882388891,-0.59150290700802377,0.80050401234695501,0.096527909008137971,0.19280892723638998,0.024183666361343215,0.98093825894358688,26.768037126916933,-7.8970542136865758,4.5085259628139749,0.3382130349125372,0.3585834168841995,0.1904761904761905,1,5
0.41728726107134945,-0.87334722267436649,-0.25126872148069201,0.90808147391968175,0.41151100234884619,0.077760733469446175,0.03548772282677011,-0.26062103444046525,0.96478873228067497,-9.4081912264559904,-16.783745115825671,-2.4844653989683816,0.1962552033458744,0.1367086075539702,0.4565217391304348,1,5
0.7117896027987568,0.68118132876557069,-0.17131129177249291,-0.67804295340116183,0.73002624085238699,0.085553731712668946,0.1833393429971284,0.055260157510677185,0.98149528796692509,1.9552410726912568,5.7390797886303124,-1.0059902842509842,0.4766175647214787,0.4035199495111331,0.8723404255319149,1,5
0.97925572670738759,0.072120927574613566,-0.1893589013396603,-0.022433499841514819,0.96735689550073845,0.25242300769152148,0.20138262039125079,-0.24293869295143272,0.94890770450629314,1.3864347560541335,-10.851921751665859,-0.32788488600073806,,0.1121105783426362,0.3611111111111111,0,5
-0.56406107776788439,0.81193345935205463,-0.1503301637461277,-0.82206377853693913,-0.56931380185805303,0.0096404891732409948,-0.077757601331976053,0.1290188071504865,0.98858884417970372,-24.178440844253998,8.6242248721609034,-7.8608350213397875,0.1789896302875605,0.1134967733698802,0.2222222222222222,1,5
-0.97344810288622818,0.19354653387210716,-0.12222328016093469,-0.1764454831232854,-0.97458775881391391,-0.13800612977496576,-0.1458279207579791,-0.11277605949920212,0.9828610165894458,10.763060827420064,13.357236261008723,0.48101680473374075,,0.4411270896102357,0.5,0,3
0.72182014571419395,-0.65477755661475812,-0.22414733680047519,0.68214451751693794,0.72779328037882141,0.070680961064610665,0.11685261855312577,-0.20391981852934341,0.97198877213074653,-26.041585839831644,13.638760496723179,-8.5239010141581986,,0.3884047176780995,0.1818181818181818,0,1
0.26854156035516685,-0.87282273137950783,-0.40751185252607003,0.96319092425269981,0.24866259312786443,0.10212814605268261,0.012193186591044632,-0.41993736957568267,0.90747117410671185,13.507996227738422,8.0698138404616113,1.3919277058544439,,0.5117119639478191,0.53125,0,5
0.97770599145213666,0.064054664445557269,-0.19996998335090527,-0.014488412101165676,0.97064482343926084,0.240080637797705,0.20947811387679874,-0.23183103047981543,0.94993330982405588,-41.712939638412209,7.287401420336491,-12.881203682142811,,0.6033113024887828,0.7258064516129032,0,2
0.89886635832864648,0.40643197347724658,-0.16386677759811116,-0.39653542611144976,0.91353182332535721,0.09066015448067688,0.18654470162298681,-0.016512380423181369,0.98230769903790915,2.6781667988653695,-6.877475691344431,-0.22799408718874897,0.1272223222367768,0.1855145894030179,0.1111111111111111,1,4
-0.88243789563960029,-0.34504531690963391,-0.31976098826761989,0.4243294383815196,-0.87726810612011075,-0.22437735560269703,-0.20309576081735162,-0.33368308207514102,0.9205475070168061,13.861002823924393,-17.371219069641089,2.5912563455491804,,0.6049007744033501,0.4166666666666667,0,1
-0.72917767664358024,0.66921194814129958,-0.14302197156240254,-0.67403346313155876,-0.73846021805283946,-0.018851974226329664,-0.11823200270463041,0.08265515602960985,0.98953995306817844,-34.59794969338779,11.832336016690558,-10.757805561785792,,0.3218244228249862,0.5555555555555556,0,4
0.75769072592444797,-0.5974765553259751,-0.26253862512759729,0.64009024404221671,0.75879647692909735,0.1204673652155006,0.12723695740647634,-0.25932541802877018,0.95737196754142817,-25.155986010151391,17.5479870820031,-8.4686483756193027,0.5646982059432856,0.3455762593643736,0.847457627118644,1,2
-0.96824758696025748,0.155448419896662,-0.19578661623631816,-0.16192521296659423,-0.98664926114393203,0.017420128870202074,-0.19046478874416486,0.048569787273184603,0.98049178477582177,-10.478178353293337,5.359758146257585,-4.064926015601678,0.2634901125494326,0.2198523644030447,0.8751608751608752,1,5
0.86925480043096026,0.46194267079044005,-0.17608253982359151,-0.45077745872500047,0.88686709661151653,0.10132342105007001,0.20296742259082398,-0.0087018303163385099,0.97914682428938282,-9.279046095422105,-23.386153447685192,-2.1922323950619842,,0.1323353426498188,0.24,1,4
-0.93813981469770391,0.28842922765530726,-0.19157836180821608,-0.2945461329205028,-0.95563040111362574,0.0036210563358178038,-0.1820336882572407,0.059825722741749111,0.98147064104734794,11.016610744422376,-0.40973862681544915,1.2194308238777456,0.419799270860209,0.3388241484777985,0.5555555555555556,1,3
0.30823583899340767,0.93912247491524325,-0.15178815720963715,-0.94548166795233213,0.32005766792926571,0.060228770249403853,0.10514315539351902,0.12494825452461239,0.98657632779483728,18.289550257159746,-9.1074023811717044,3.018228665303329,0.5452071188569468,0.5012402550161282,0.9186046511627907,1,5
0.65496848876317249,-0.64439179727158624,-0.3946840386136497,0.74392189265336628,0.64154472282559338,0.187084436139584,0.13265178611055176,-0.41614850741499415,0.89956874301965017,13.212672706666767,5.5289156650755871,1.3915925120425676,,0.2630674180417167,0.1428571428571428,0,5
-0.97836683218557108,0.091298617231957077,-0.18564187073692065,-0.052353107398382531,-0.97740732244133566,-0.20477811939705087,-0.20014368295028548,-0.19062919117908467,0.9610426721251788,11.839184738604621,-9.3121253676040396,1.7793514325697515,,0.5458590048107915,0.1428571428571428,0,1
0.7201162938115464,0.6721932995371539,-0.17201363737935127,-0.66797679898165296,0.73869086660753069,0.09023746235814907,0.18772192042845062,0.049919651921540652,0.98095285765559859,12.511841500473665,-18.010633872041975,2.3740989574196774,0.5961201867119261,0.4533717987620691,0.8163265306122449,1,5
-0.027159958564989709,-0.90041078671314401,-0.43419206789318948,0.998185106375161,-0.047782868701232738,0.036650932723311026,-0.053747837738424037,-0.4324086176630812,0.90007441765064433,19.432727749177467,-8.5966758263055478,3.1951594145091557,0.581829244686318,0.5462272308553078,0.4418604651162791,1,3
-0.13463094874362322,0.97381500840368895,-0.18319071223213126,-0.99070681358814783,-0.1286743469450094,0.044078588320125532,0.019352445592525171,0.18742262895925613,0.98208871340810644,4.1165899915153963,-8.0547370996162346,0.17662484731475908,0.1383064341048583,0.08747394813250346,0.5652173913043478,1,5
0.54673926372385406,-0.80525226568245456,-0.22944490867302264,0.83406770595757218,0.54784512033028654,0.064782605759316436,0.073533933536640866,-0.22679178279551401,0.97116334767898926,0.99473489363731138,-6.7696126487558823,-0.61984271138079994,0.1730983770685115,0.1030750235756628,0.3174603174603174,1,2
-0.93030021070338098,-0.264096834882594,-0.25454740181396629,0.30231338483503395,-0.94506211570257814,-0.12435519616546627,-0.20772129239639753,-0.19264075183813711,0.9590314934434675,2.7906884048979106,-19.283721896664119,0.42260490267872669,,0.624964152886017,0.5471698113207547,0,5
0.97837003516187782,0.0058469497806963953,-0.20677980432239559,0.025870149381932928,0.98829448330821879,0.15034875999986655,0.20523842152068572,-0.15244614603460138,0.96676644692029645,-25.638288518423405,10.113208787794569,-8.3296145214237818,0.5352132551201958,0.6719613193094964,0.8225806451612904,1,4
-0.96776232800719486,0.15621195356310119,-0.19756999279772933,-0.14843225642997934,-0.98746431094046272,-0.053685192278528034,-0.2034795855637615,-0.022628746825160397,0.97881765312846869,-21.300624689078496,-29.787788035465201,-4.7642034448177917,,0.2278351386109165,0.3,0,4
-0.23887780663518804,0.9708895116979811,-0.017633762276306485,-0.96605380128335938,-0.23576996508194678,0.10560576021803499,0.098374013454433931,0.042262035446878808,0.99425171553120961,12.968856584268135,-9.4444102795717431,1.9796395143827197,,0.4149518259326369,0.3793103448275862,0,2
-0.060683421329634897,0.99582600683883338,-0.068176876425610433,-0.99753658561234282,-0.058096109726771754,0.039314150117775885,0.035189241830396435,0.070394645663131569,0.99689834543014633,22.748109239610745,0.57080452065195775,3.5223093521189033,,0.1748840373740178,0.2352941176470588,0,1
0.97035469225162252,0.15953365797507882,-0.18155104846391945,-0.14544755144681465,0.98539913098576171,0.088507414551725672,0.19302015698725369,-0.059477429547647544,0.97939045041853445,1.4857628052426355,11.171718896017264,-1.4459224352091855,,0.08386075689187059,0.3793103448275862,0,5
-0.83397854541674543,0.55131202571795057,-0.023126523373369092,-0.53137471453813823,-0.81370379340608434,-0.23564178183433529,-0.14873028788407971,-0.1842313406978254,0.97156477631221283,16.049474135270408,-2.5898277194623311,2.2628044629533068,,0.4028321440305161,0.4,0,3
0.9213500029754913,0.33711994049237498,-0.19355701418311219,-0.31903352532498491,0.94024295964757199,0.11899910315581501,0.22210759045061068,-0.047888647460474512,0.97384541674160563,1.9728077708240701,31.147738365334579,-2.5145808076672616,0.5356603425112964,0.3980247189278338,0.9295774647887324,1,5
0.42562233115014508,-0.78831020757665859,-0.44431143115697691,0.90438392247284638,0.38716662501988336,0.17942052625979241,0.030583524959430751,-0.47819349755214957,0.87772183913805946,-1.5752245094080268,-18.986529049410368,-0.58788779511120959,,0.3903647553347028,0.3636363636363636,0,2
0.7753462698156719,-0.5474848992937742,-0.31479905801671249,0.61365682329482485,0.77089517456869494,0.17072180016156774,0.14920946721514644,-0.32554710085022709,0.93367854212324308,-10.707751881520018,-12.082783841630006,-3.1137886863282249,,0.1938214218195534,0.2637362637362637,0,5
-0.94193565363122644,0.27049944136286941,-0.19896551620994854,-0.2812957681888083,-0.9592239077502126,0.02760770905892072,-0.18338461008869819,0.081972843203035453,0.97961754667820677,3.0023757377310183,18.30092435852163,-1.5457352265724611,,0.07325419803677514,0.2,0,4
0.94764812417958144,0.27966174564631519,-0.15411794431854928,-0.24561905921037386,0.94682518814281169,0.2078300768679541,0.20404487372029373,-0.15909547800105608,0.96594736833229389,16.711102745706722,12.572009612269444,1.7816339270836838,0.2842344881333029,0.2299001895015468,0.2222222222222222,1,5
0.94234694900947935,-0.25854712554043735,-0.21245143343198014,0.2810135911623638,0.95611711127588683,0.082894095733566014,0.18169642064321886,-0.13781673846173831,0.97364929893941343,-6.4540027666956234,21.445028948803518,-3.9310213852532545,,0.2287033053639983,0.7105263157894737,0,5
-0.94813472236570318,-0.21507937006532513,-0.23405429459169175,0.23601385789810464,-0.96956595088548314,-0.06511010492682992,-0.21292723434207478,-0.11697320828220624,0.97004085554145769,32.816556908379923,3.6443027683231364,5.3746580215691919,,0.1601519039870653,0.2727272727272727,0,2
0.12796538930449677,-0.9135553001068889,-0.38605902759391725,0.99177097505285883,0.11634182380241165,0.053431386628373899,-0.0038977150807494839,-0.38971950641575676,0.9209253575269869,1.2798563280841799,14.795989058309914,-1.7460690963092358,0.3406674415971634,0.2586996468306248,0.3870967741935484,1,6
0.55221924456516491,0.82562343271766803,-0.11575773528958118,-0.82167427820032413,0.56247978863972958,0.092021018880372785,0.14108609596928812,0.044299376059934503,0.98900570210936867,-19.979501567170775,21.890199972086403,-7.1959407747847646,0.6389236934639656,0.6117239343650194,0.6590909090909091,1,5
0.61081617972065139,-0.74252360752711022,-0.27488595245373265,0.78953278375689451,0.59729721313147488,0.14097525512820852,0.059511158319753427,-0.30314143802901722,0.95108553273884988,0.62381468648256921,-8.3736482701261146,-0.63185550517334543,0.1108513814137678,0.1529855807325491,0.2093023255813954,1,3
-0.6013834812859199,0.79830872910345752,0.032265794173543104,-0.79426000523760065,-0.59298341500192342,-0.13236960985295268,-0.086538734196854428,-0.10523232663910127,0.99067512581760475,-35.467604663087812,4.6102072838914037,-10.743809521857077,,0.6558612949087279,0.6304347826086957,0,1
-0.80517021857045246,0.58831823336546962,-0.074716634138216415,-0.56959896065315596,-0.8022516225407994,-0.17874383388945461,-0.16509979754698612,-0.10136069465226261,0.98105456852794715,-4.9095945140658817,-32.277372152729392,-0.65590839134647072,,0.4194132273083018,0.1,0,3
-0.85848554673235289,-0.45170158161759955,-0.2428337851613997,0.46121262958664699,-0.88707414784669536,0.01955419473744914,-0.2242442337306004,-0.095211015046678088,0.96987080905260659,1.087676444006324,-5.2638312111380641,-0.65435336519567466,0.2104435679362928,0.1870294899086599,0.6209677419354839,1,6
0.62346275736164691,0.78182698726688438,-0.0063837421781783562,-0.76830970553857647,0.61415577718866021,0.18031327660773305,0.14489439795325557,-0.10751392154962018,0.98358851666476066,10.958098835265286,2.8647895147023981,1.0677438243428017,,0.3256718280800778,0.2727272727272727,0,4
-0.73198806293341967,0.6663413976365532,-0.14206553951872189,-0.669602319686043,-0.7420900118245044,-0.030580186745309799,-0.1258022622771594,0.07274308314934376,0.98938477583793316,21.317050801107474,10.520968138638594,2.8334270601006977,,0.418797349806906,0.3333333333333333,0,4
-0.45271071033655508,0.88911242559817016,-0.067320928347057801,-0.88814557868764599,-0.4563349665862893,-0.054367539288406666,-0.07905974831833168,0.035178017534082021,0.99624899662595068,21.653414649740963,-12.263884715039147,3.8185022289254267,,0.181562783607664,0.375,0,2
0.19277363866460731,-0.9076436306998954,-0.37285568774784655,0.98121794231701143,0.17558046073169739,0.079892749886428693,-0.0070479721323160804,-0.38125390681166438,0.92444349996614994,-24.940961305714293,10.675569542918749,-8.1667227363503549,,0.1792505716964374,0.1,0,1
-0.3025878481797698,-0.81999559502333041,-0.48584752574884021,0.94698133939347995,-0.316414541175425,-0.055751062530459777,-0.10801359624818758,-0.47695813471947279,0.87226372201900837,1.2965252535216447,17.199164383559797,-1.8835053805536042,,0.6964767486120979,0.392156862745098,0,1
-0.67278082486057744,-0.6827998406635436,-0.28486898618445777,0.71914193454558717,-0.69398032364159778,-0.035016972689455375,-0.17378388785486407,-0.22841998158686314,0.95792665289880385,-9.9865788602543848,-6.0530819708772556,-3.2632486007150461,,0.4630499388156099,0.48,0,1
-0.93208488836286896,0.34456830009419737,-0.11176067043363196,-0.33385384024489206,-0.93686085236454353,-0.10408341203343049,-0.14056804131564815,-0.059702846472994703,0.98826929320084933,-6.276976950440524,-22.796170348272483,-1.4673320251321749,,0.5516999677583297,0.44,0,3
-0.8171232290586693,0.55988974425942639,-0.13723375242937075,-0.55857028834229805,-0.82784952600161188,-0.05161778065848048,-0.14250916291219307,0.034476609056269446,0.98919285375200994,-30.048155099849815,3.1061829671022916,-9.2563293951008312,,0.1418295288800696,0.2307692307692308,0,1
0.80861240427399583,-0.53388825715377974,-0.24720297030482546,0.57136997430766778,0.81279695468910229,0.11356699744105758,0.14029373511986865,-0.23307603763883949,0.96228541949085733,11.684266196634631,7.0664785291234242,1.0324929391962274,,0.07081618288569472,0.2666666666666667,0,4
-0.29309252468511421,-0.92686584165859942,-0.23455592838425871,0.95046878019619918,-0.30901677089192375,0.03343251680440907,-0.10346917340954485,-0.2131392663823917,0.97152755147752812,15.361137333290658,7.6728176380435373,1.7683610756038295,,0.1093686832231285,0.3636363636363636,0,4
0.52275174173357786,-0.77386481603741319,-0.35758056856307296,0.84817715720837705,0.51425824611503956,0.12701955082820593,0.085592794699240027,-0.36969136154644378,0.92520385358768908,9.4802715490151979,-17.360658260144906,1.7344765626323324,0.2739860411294391,0.1721048233732183,0.2068965517241379,1,3
-0.93766614974008267,-0.2525619841477183,-0.23873549337075251,0.27952506087277423,-0.95625818817211317,-0.086232348326247821,-0.20651375735209701,-0.14758970735506979,0.96724833745381256,21.653880744332699,4.2425973620611535,3.1982499050197841,,0.3731202804533597,0.4210526315789473,0,2
-0.96934452609673682,-0.13887418484912442,-0.20269472244926195,0.15168276841471084,-0.98721334635801661,-0.049011697977680457,-0.19329647563352345,-0.078254517793526601,0.97801467420103727,17.716233872187836,6.1001753689366369,2.3182042544106363,,0.2301877464841485,0.303030303030303,0,3
0.84285012473641074,-0.43713064608921959,-0.31387969905910945,0.51139773001569355,0.83220810057689443,0.2142476115829354,0.16755903128930802,-0.34109599174399302,0.9249743215082078,3.1561054473449244,-8.7463471360543537,-0.031821359321936915,,0.2141641989897733,0.25,0,2
-0.88945031923086271,-0.39611546883777293,-0.2279707546321407,0.40782911776067854,-0.9130461638459676,-0.0047024879275888252,-0.20628509477580562,-0.097155741125235187,0.97365662409277698,-3.4052735660759645,30.69123333776599,-3.7258635388280021,,0.1731273352317406,0.2105263157894737,0,2
0.76992899524642255,0.62778978190940504,-0.11440861859570041,-0.61331082024416117,0.77750893050236769,0.13903129417688526,0.17623614853448538,-0.036876180919488639,0.98365693574056845,-18.648649550105272,17.701132633643336,-6.7785903890685502,,0.1474608598170701,0.4,0,3
0.46529332007364305,-0.82299515300408321,-0.32585442213760668,0.88306090548693716,0.45691008315385157,0.10694210168559899,0.060873339775626277,-0.33750874661870273,0.93935205458892523,-4.4138293850079329,35.00538281451685,-4.1194973189715238,,0.2659336503181171,0.2,0,3
0.60869859622301958,-0.72616336898942357,-0.31964477235527561,0.78893337151774057,0.5966727674501161,0.14685279666751555,0.084084209348582767,-0.34156751912520944,0.93608839092089691,9.3105729653312004,-25.19865996884586,2.1332961079898873,,0.2340078364276933,0.3125,0,4
-0.93577294676485512,-0.28675235508851588,-0.20518791132571315,0.28858850058812013,-0.95720989664985812,0.021584510276314573,-0.20259730854905167,-0.039016670882552507,0.97848455785562727,-2.0398241341739576,-4.99091565325398,-1.4719487193723884,0.2950774951976723,0.2419237690993427,0.4918478260869565,1,2
-0.96365812231445247,0.22274787684594652,-0.14746662896399737,-0.19677372444016922,-0.96522577108887286,-0.17210262111843011,-0.18067408410540378,-0.13683053090049979,0.97397858351514055,1.2822524711167813,8.4577707235144217,-1.3134103745509476,,0.167774181874932,0.1904761904761905,0,3
0.60448698353120567,-0.74320452881627952,-0.28677955835156066,0.79089485294354145,0.60297244812824313,0.10444883142308377,0.095293327829172825,-0.28995043566997059,0.95228563284659329,-8.3271526441236574,25.370740336669773,-4.6503767800060816,,0.1497022619508127,0.2142857142857143,0,3
0.19500217676574749,-0.89109283471566114,-0.40978983756924198,0.97930160612567518,0.15378724380399553,0.13159729435988343,-0.054244956413399131,-0.4269696049621986,0.90263749154471229,-16.129592715608936,21.239226312543472,-6.247233183779036,,0.6787208253136134,0.1956521739130435,0,2
-0.5035235259795281,-0.79154842864176167,-0.34628766062321731,0.8450162501269205,-0.5347013766745774,-0.0064787964737746942,-0.18003220769234712,-0.29588092688963369,0.93810600749400908,-0.39588476064771366,8.0996877552141946,-1.7300910894386172,,0.1756243517093658,0.1678832116788321,0,3
0.96370158764843405,-0.13557373337968553,-0.22999785386255647,0.18662018637436978,0.95812788057885734,0.21717244414304246,0.19092447721935346,-0.25221167156767627,0.94865015507485984,3.6274911668326841,12.333524632977909,-0.98749148395976871,,0.294088336312691,0.2,0,2
-0.55150245783521745,0.83215867021147039,0.057939508054451042,-0.83084381502476401,-0.54177510941358653,-0.12719389079272803,-0.074455315705529893,-0.11828642530643178,0.99018418869996894,-8.7108872534325172,23.089404648276204,-4.5811577809036752,,0.715470154661471,0.5111111111111111,0,1
-0.88386631728038856,0.44650358367656962,-0.13933729917428594,-0.43921215571904076,-0.89472109611855244,-0.081036056351785679,-0.16085091061550444,-0.010426405152171875,0.98692364174224056,-0.38292734861320027,-2.0568291334061479,-1.1231007352677937,0.1874336868106992,0.1786291652537083,0.4792013311148087,1,2
-0.10878734731739878,-0.93512242726621875,-0.33721114911488193,0.98845429640517657,-0.13775003259044025,0.063111270304760686,-0.10546761105567705,-0.32645210145604536,0.93931124153453027,13.767097106455072,9.5973307642787784,1.3340435950858802,,0.1701409388410375,0.4,0,2
-0.69715878229498907,0.6958938940486229,-0.17234071049758387,-0.70994042750433584,-0.70358464289921341,0.030874579695075108,-0.099770845761318852,0.14387612207114386,0.98455342152360659,27.595460147105442,-9.0379557606329204,4.7157010795937779,,0.1408741229777336,0.75,0,2
0.81357151399143324,-0.47577512053298465,-0.33427447749343875,0.56416038011736713,0.78508752525490977,0.25565727682768929,0.1407993505933734,-0.3965798940578627,0.90713831938769907,19.059348717326468,-15.334403906703127,3.4259728013263295,,0.4116989622678653,0.4571428571428571,0,2
0.96028161496773401,-0.13454736709721191,-0.2444508661513968,0.20520249311259295,0.93416764357150439,0.29192935879153858,0.18907976299788476,-0.33049632329463313,0.92467346858953003,-30.899507422800621,12.678485896174388,-9.8763178291117946,,0.250707278839264,0.4444444444444444,0,1
0.92825000103251198,0.36114739451757499,-0.089019632757660408,-0.30899330487263854,0.88193967742907287,0.35595722063218194,0.20706296899017559,-0.30291081989501495,0.93025263346227816,10.478830955604792,16.819617905265506,0.16445451500846686,,0.1483626151605332,0.4444444444444444,0,1
-0.60910533498824937,0.79103549878817891,-0.057039727785027479,-0.7881438005460647,-0.61175886792730205,-0.067678927097817504,-0.08843099315092072,0.0037319122770432187,0.99607531456265841,-3.5873731981210422,21.939002656423995,-3.2622506313345987,,0.4977801380802658,0.175,0,1
-0.94833623181466842,0.24957492522446212,-0.19588452753282887,-0.22945539064309681,-0.96591767501279002,-0.11980512844912181,-0.21910868337968548,-0.068668783279528745,0.97328104012691541,6.0241920063738466,27.30526793340939,-1.4109722543400152,,0.2207780403492105,0.5384615384615384,0,2
0.2084245077780299,0.97399213863725842,0.088873721820945537,-0.97547930799237326,0.20044982442233147,0.090884473744300739,0.07070604101636549,-0.10563702836542375,0.99188783337730091,8.918133029575781,10.771944316845072,0.21248008615965522,,0.2110421809851855,0.4166666666666667,0,2
0.76471733351441784,-0.60334910220469229,-0.22622391715154866,0.63149159350940332,0.7715623835067581,0.076875585749477338,0.12816304908027726,-0.20164659487866993,0.97103701454902547,-0.5880044106689748,-9.9653602183883674,-0.84989775402527901,,0.09134543809760864,0.3116883116883117,0,1
-0.62245070984682072,-0.69151554353706368,-0.36655336154212048,0.76494942826319345,-0.63658625961445237,-0.098032169566397404,-0.16555206435137759,-0.34141497787402464,0.92521798883953665,-8.9375267425415448,-12.738656470028593,-2.6162917878895366,,0.5022783815698195,0.1686746987951807,0,1
0.87927596219136817,0.46100775349891915,-0.11977325881149392,-0.42536267328312899,0.87314584376764348,0.23808177521331153,0.21433706746588541,-0.1583925084250242,0.96383164234473784,24.514781748514611,-17.768565571255284,4.5531778789627024,,0.2845259825709007,0.4,0,2
0.44264298817820724,-0.84941866471765204,-0.28732406276876388,0.89652713390593985,0.42547809943746506,0.12331863228840971,0.017500948176276381,-0.31217994639048147,0.94986177830491081,19.119035680618101,-13.913065729347991,3.4237133251576122,,0.417459185039299,0.3870967741935484,0,2
-0.40366263001775782,0.90893969756622794,-0.10433171768623951,-0.91403963908351593,-0.40561578103079943,0.0027159460324653493,-0.039849959990233566,0.096459651497344798,0.99453884605971443,0.54326922181361292,2.6157585305624811,-1.1892707566945133,,0.1927066121679893,0.2881720430107527,0,1
0.80736905217698496,0.58896095088468325,-0.035780049187316504,-0.55727328694242573,0.78104974957455175,0.281793847253476,0.19391157068937909,-0.20757236574876745,0.95880760099732121,4.6466305693317018,15.618412962671092,-0.99024491983712992,,0.3228094875730029,0.3684210526315789,0,1
0.96587241199980001,-0.12009231841133275,-0.22949579254591893,0.17416207897478014,0.95693988509383754,0.23223614396509376,0.19172390040073464,-0.26427994887085998,0.94519736279781519,3.4490175450687404,-25.700502368947731,0.88426731976967821,,0.164288387661936,0.5,0,1
0.39578484551566001,0.90318737867921994,-0.16615328782393898,-0.9094723982027979,0.41057992547615235,0.065452896828548379,0.12733543484590859,0.12520656448667811,0.98392530369029874,22.033264821495553,-27.372227671844389,4.6862529847207659,0.6504125956511545,0.6146409754199236,0.8,1,2
-0.62178509606591503,-0.73238785376033033,-0.2774731085612403,0.76551452443990098,-0.6431729010721472,-0.01778010680481136,-0.16544124994043452,-0.22346510016281071,0.96056886365703731,21.496300348966045,-15.357158170486466,3.8788857612762553,,0.8301079563415688,0.5,0,1
0.70402741467444607,-0.61097538325914735,-0.3620144754538856,0.70122183915951397,0.67873266497036289,0.21819693349810562,0.11239809461268797,-0.40746907926070403,0.90627568530435043,23.18347886690481,-18.381813121389296,4.3564176932277672,,0.4188900221128832,0.2894736842105263,0,2
0.37514914344666495,-0.88931694304313713,-0.26149282014549435,0.92671161614790398,0.36640316979887017,0.083392431658280669,0.02164949578567904,-0.27361303327464281,0.96159617686140775,-1.4475099916331955,-4.7965124488513302,-1.2796121415597146,0.7467470408604854,0.4809923001726909,0.6602409638554216,1,2
-0.95673845395562618,0.22459050900982314,-0.18496116885797489,-0.21947264192774527,-0.97443883735174419,-0.047965734705498919,-0.19100599510972269,-0.0052967464816812155,0.9815745790865078,17.055547734975352,9.6974715402142522,2.0051591112130511,,0.095887939600828,0.4,0,2
