axis_00,axis_01,axis_02,axis_10,axis_11,axis_12,axis_20,axis_21,axis_22,location_x,location_y,location_z,dbh,dbh_approximation,score,reconstructed,number_clusters
-0.46061320773135644,0.88241204539394036,-0.095835562330039523,-0.88757049871572058,-0.45701016080260792,0.05796829075195873,0.0073540922593668245,0.11176177820193824,0.99370781533616992,-0.98444476032875283,-16.169325496959623,0.0098107489815011124,,0.1034222975794179,0.5,0,5
-0.88959693117708216,0.44810584310290719,-0.088422018849100892,-0.44653747605042804,-0.89396190188126234,-0.03789987423924164,-0.096029071237992578,0.0057681333089342332,0.99536181668541979,-11.950597335921113,-15.462461779889557,-1.2248467056496091,0.5184957073456455,0.3341324499096541,0.375,1,5
-0.12208196077979473,0.99142099498403713,0.046694812956273979,-0.99083423466618381,-0.12448054296437956,0.052460593179741069,0.057823129158128858,-0.039862327179356366,0.99753069156102026,8.9509977818677875,-7.8742086794921748,0.11349574929779886,0.4183183129707836,0.1650033078091649,0.2264150943396226,1,2
-0.97330732244879792,0.023030807840561947,-0.2283471873217687,0.012388968956429897,-0.98822916494677882,-0.15247829680577313,-0.22917104859852702,-0.15123722901059752,0.96156535453678238,-3.9314253424439713,-1.1562303660681228,-1.7465048495276665,,0.6231744498374009,0.2925257731958763,0,2
0.94531590391225728,-0.27577474720300643,-0.17414399391213323,0.3037662123621972,0.93883688299154755,0.16220787700305825,0.11875996816131149,-0.20623674730714855,0.97126848709432068,-6.4492084423031555,-15.150146696739265,-0.61042737673375347,,0.2882353435785099,0.5172413793103449,0,8
0.59127435322158051,0.80591640210790927,-0.029889664364854233,-0.78790001223742911,0.58516999318510099,0.19180628194094013,0.17207036333622452,-0.089860068379624208,0.98097755232836403,8.254573135545229,3.9977258129777042,-1.282190214829777,,0.4424457883151534,0.2272727272727273,0,3
0.96844141178119258,-0.049803544152267988,-0.24421473939368363,0.10459446832705153,0.97058825252309489,0.21683736130922612,0.22623268805067298,-0.23553779113772716,0.94516703275311531,-5.2335989624214649,-18.688856426742039,-0.14984658391085123,,0.3326452014052562,0.35,0,2
-0.97635238851240147,-0.12728444001775996,-0.17474176597337823,0.14789029748897325,-0.98282014876220769,-0.11042198646853001,-0.15768472771563091,-0.13365338198638468,0.97840293342203843,14.360104015045195,2.0139683561794106,-0.64349293240698091,0.2131077622218557,0.1514066343347757,0.5238095238095238,1,6
0.35346189232489411,0.93145380884293294,-0.086362565189426005,-0.92737066675420909,0.36101977901477522,0.098226094312951345,0.12267166387539941,0.045370928490782551,0.9914096740146956,4.3080962693999467,-8.3791557745668186,-0.24685856932684191,0.172441863821564,0.1869977199557563,0.5474452554744526,1,5
-0.98499580002037523,-0.086762877769748198,-0.149182696661953,0.081558472710651295,-0.9958384790132484,0.040668651879370347,-0.15209039901100438,0.027891338399065296,0.98797296712561,8.809454127770822,-6.8141277755633594,-0.029251088320774391,,0.1026718320186523,0.4852941176470588,0,5
0.98500355233023473,0.090514863805926479,-0.14688451697511101,-0.0749248425961095,0.99127840943347023,0.10841302021895752,0.15541644011739983,-0.095781910720357008,0.9831945665635009,-2.7536819892108353,-12.425576870835739,-0.50402662831514355,0.3072058226388585,0.2689552864544414,0.647887323943662,1,4
0.98272504661481141,-0.12459365422390739,-0.13684993271115936,0.16185773675540147,0.93716249886931802,0.30907688973042557,0.089741605782014816,-0.32588782125165083,0.94113950727377071,-2.458235045326969,-1.4013165556140075,-1.6254559193329428,,0.3498075502987625,0.579520697167756,0,3
0.9557402089537802,-0.20133769056246353,-0.21453155326888101,0.24956132578136406,0.94096418436455631,0.22870406296651988,0.1558197601821826,-0.27212044778391736,0.94956340716913035,26.807516924508704,-12.421954641185451,1.0878201105688552,,0.2152200501443687,0.7272727272727273,0,3
-0.73640053261751515,-0.65536903750863384,-0.16794546804140636,0.65924019534452483,-0.75089053313139142,0.039569838207504517,-0.15204150881503725,-0.081577153227249136,0.98500180084535116,14.903037699758654,0.41341449905134903,-0.46232718993340172,0.4271488003886345,0.4026030054926463,0.7317073170731707,1,5
-0.94661303000279096,0.2913310175883379,-0.13802177226756318,-0.30005223124794833,-0.95277355053349089,0.046810468134101467,-0.11786615269899682,0.085725139805949424,0.98932237943614065,9.2167159793508802,3.2513804843224836,-1.1337702771288463,0.3309665959119604,0.2675651805689198,0.7368421052631579,1,5
-0.21121777941390357,0.97604325286774762,0.05221702970110096,-0.97633457717217143,-0.21321672293677274,0.036185943101442117,0.046452589567179695,-0.043338177066526554,0.99797993934299767,10.908123588573108,-14.234135782388039,0.74204154712797366,,0.4182761768284789,0.2,0,1
0.44520282400649169,0.89402768185791226,0.050089415732395108,-0.88517624222252544,0.43097453250393092,0.17528255057999301,0.13512018983650931,-0.12237424731039682,0.98324314281552949,-0.029343395877561494,-15.546469814152765,0.029942186682480099,,0.4046228016358562,0.3571428571428572,0,1
-0.19384782628005937,0.97995898659730019,0.045862891684777432,-0.97981417951449112,-0.19572388576265951,0.040698085511621372,0.048858918007275348,-0.037047876176094244,0.99811836021686329,-3.1186962428621157,-16.228693910039517,-0.15041065259671579,,0.1054294480590626,0.2631578947368421,0,3
0.98197651633342264,0.14416255000316683,-0.12222634963976078,-0.11611385602238677,0.97041155343738883,0.21170495836150657,0.14912978847061067,-0.19369712473813136,0.96966062622903915,2.0971396796558754,-10.944355844969243,-0.20339779392036761,0.6533145902309142,0.3563143997565582,0.4285714285714285,1,4
0.97495689295850674,-0.12623201709028314,-0.18309706369577133,0.18147785283593981,0.92746541590324438,0.32691541908187688,0.12854900156264079,-0.35195650322836869,0.92714711563619034,-2.3071099582519419,-21.907553918822835,0.52676316490405184,,0.3471017156506814,0.2857142857142857,0,2
-0.269487938285842,0.96187124687609826,-0.046689994125787539,-0.96183825101053277,-0.26646059126218807,0.062176620985740609,0.047364860513311485,0.061664071688667034,0.99697247316630011,7.9176084191176779,6.7942559326938552,-1.5497150295789135,0.1899441368682341,0.1220091190587503,0.5882352941176471,1,5
0.092596990155240103,-0.93922862444960498,-0.33056828103841618,0.99438152184772688,0.070125849068179896,0.079295361152249277,-0.05129509159743411,-0.33605350214953833,0.94044503149893921,-7.8246595984012455,-9.724717360654612,-1.2213745445891706,0.7874294258772958,0.3476403388757626,0.7450980392156863,1,5
-0.56183288366344941,0.81742200324799863,-0.12714196569364203,-0.82691738949590854,-0.5592966954557248,0.058265233214843587,-0.023482797612009807,0.13787122636118368,0.99017174427367805,6.3082600294911346,-12.450758777059486,0.37188935476461549,0.8143011632201397,0.4130890054110918,0.3333333333333333,1,5
-0.98823941319131048,0.030756521433185521,-0.14978951433469667,-0.015514160415543697,-0.99467537638475145,-0.10188329814279629,-0.1521255173923661,-0.098361232216677377,0.98345457188165097,5.7383956312965223,11.055467617573314,-2.1886001675031048,,0.617969636870767,0.2,0,3
0.95620761961528755,0.26197635653531842,-0.13051964145730952,-0.24561086540827312,0.96074599967580143,0.12900553050293531,0.15919262226329492,-0.09129902914831188,0.98301688505005402,0.37451374315540903,7.1580879738518881,-2.1439732485026837,,0.07793935641545349,0.2923076923076923,0,4
-0.98855106350807265,-0.0021502872211415355,-0.15087137270511017,0.0013109145783359035,-0.99998310731393825,0.005662736946805645,-0.15088100059326875,0.005400125149198522,0.98853718306816674,-2.8270665584411705,-19.216398753780123,0.15945069441367643,,0.1981720326505864,0.6842105263157895,0,5
0.99286354439857472,-0.024406732500468244,-0.11673171639683098,0.05183277631984759,0.96986094671417833,0.23808214409664241,0.10740272577209679,-0.2424336103912334,0.96420464583479115,8.1755923792866252,-16.136367442066415,0.84859627209537036,,0.2268890933703955,0.3846153846153846,0,5
-0.95630383512678019,0.26693008836555177,-0.11929502440156974,-0.26040998825747169,-0.96313244740263337,-0.067546478634769605,-0.1329270963256016,-0.033529340664151724,0.99055851436301923,1.865948422977856,-14.537680365619597,0.11694723460369662,,0.3194358996439248,0.5185185185185185,0,4
-0.26351984733050282,0.96060834424702801,-0.088254739396202694,-0.96390340420040921,-0.25860216803236424,0.063365180184570796,0.038046253873025813,0.10176702634912768,0.99408045696225444,2.9706176298758247,3.6483832121556041,-1.5024459548344244,0.553783344525928,0.5752758799635964,0.7173202614379085,1,2
-0.98956220398890604,0.060451611312638855,-0.13081378798247367,-0.059359109696256324,-0.99816166925270611,-0.012238387586536975,-0.13131313922333035,-0.0043456558027694997,0.99133141519017598,-6.3246933096682634,-6.3120598338117961,-1.3603530724462107,0.1673530533763539,0.2059164463802471,0.4430379746835443,1,5
-0.17884238071601707,-0.97167983569941763,-0.15444643004932085,0.97843177252199309,-0.19214112615667472,0.075848890293238574,-0.10337634825867185,-0.13755029819814021,0.98508540040257631,-2.1029668389652891,4.9105956332732958,-2.1238610745905038,0.2227568747154921,0.2147507616228334,0.7990708478513356,1,5
-0.4003596264544711,-0.85047636577980157,-0.34117755019229667,0.89687971862917037,-0.44003524667438887,0.044449431895913633,-0.18793333875844442,-0.28819946726909523,0.9389473506267072,-31.771178863912784,22.115214209303613,-7.591903867879461,,0.4095809099294979,0.4,0,2
0.70830513721968835,0.70578152391663174,-0.013276787492316346,-0.67797199863645252,0.68539411332583,0.26568567609713961,0.19661587334977138,-0.17918523911365289,0.96396828185925809,5.5034603206785233,7.1385623899745152,-1.8159621349223996,,0.2991116935544752,0.3333333333333333,0,4
-0.95942555784236694,0.22347113322310794,-0.17193967423152379,-0.21974200397749541,-0.97470975824103789,-0.040673564850547628,-0.17668064593162683,-0.0012408890673014645,0.98426744818037393,2.6900810458950732,6.3166307479425532,-1.8380899208727155,,0.1634746750148271,0.2205882352941176,0,3
-0.77826830840872874,0.62279648169181157,-0.080143512020111829,-0.62580027815817019,-0.77979056847491823,0.017340160746708737,-0.051695763692718763,0.063649129686635081,0.99663249811872034,-0.071581304446005814,-7.5309837389222993,-0.78280901298668337,0.6674700566091226,0.7223145801721014,0.8428571428571429,1,4
-0.84208571326448278,-0.4961666682277282,-0.21144807602728538,0.51082684965149783,-0.85950531585302825,-0.0175083321738712,-0.17305369453141323,-0.1227568709285944,0.97723240298756286,-10.120185913282709,-5.3191376618758399,-1.8919890692952015,,0.1096034061766849,0.25,0,4
0.850603125420066,-0.50256129404288874,-0.15461716837257489,0.51915407927376467,0.84934155159775748,0.095383283141880451,0.083386839483371764,-0.16140345243969134,0.98335932422564787,-4.1908544976551303,-13.479708476334968,-0.5538314597710644,,0.1033041480877816,0.2941176470588235,0,5
-0.12086954267392439,0.9908173079661744,-0.060593860154800644,-0.9907821291620057,-0.11665364404752004,0.068867262640803451,0.061166381182797082,0.068359268318917157,0.99578395460456326,2.0065402871504752,-4.0414454974718783,-0.89381344309556898,0.4828208320619681,0.4897334923554734,0.7058823529411765,1,5
-0.8054217807541435,0.58498226441392609,-0.095349385986381846,-0.58857432335505744,-0.80834818829474497,0.01238839649591088,-0.069828511182472602,0.066098084705679849,0.99536677773787485,-3.7190774034186371,-8.9267103239679741,-0.88925258415522035,,0.1298518386974974,0.2702702702702703,0,5
0.95547506338573873,0.27355539982509697,-0.11061124027217765,-0.25631108423195964,0.95516636210281736,0.14819530629242755,0.14619176224348437,-0.11324603275082257,0.98275292150079263,-4.3212868580448385,-16.142129919898601,-0.28691214854322694,0.2842775613105175,0.2100059497423805,0.4054054054054054,1,5
-0.82024853510361284,-0.52496526124192899,-0.22716473130653445,0.54822447052110723,-0.83481605433065209,-0.050319830620273356,-0.16322460164518246,-0.16581203189453558,0.97255544803202676,10.447462083973956,1.4288851302845018,-0.89275445068768611,,0.1057801367419191,0.3793103448275862,0,1
-0.14530902912652802,0.98701843250702448,-0.068409794223350334,-0.98886360675203033,-0.14263739326923519,0.042465766008902374,0.032156699079213473,0.073818615082734365,0.99675310823272334,4.8077133959685368,-15.237577095067616,0.49416434094144535,0.6130174833680381,0.5476789386411129,0.7380952380952381,1,4
-0.60992077572815795,0.79149999810803362,-0.039043569638844013,-0.79156045056648261,-0.61083669619585468,-0.017623384451315081,-0.037798153845757299,0.020156477259545637,0.99908208671276655,28.172360090689036,-12.376929937439357,1.2791962134018415,,0.1983981791307984,0.2857142857142857,0,2
-0.89198528248029862,0.44891645455267692,-0.053256667849153373,-0.44190399683264842,-0.89070205344549391,-0.10663352930157717,-0.09530536932340862,-0.071581204375408825,0.99287109825913122,6.6945698419918953,16.564750020847839,-2.7340932473103292,,0.2264792163708872,0.25,0,1
-0.20174307737868885,0.97523621820981932,-0.090631393134976229,-0.97823830567986214,-0.19605187103961752,0.067922611569772876,0.048472136639200594,0.10236201714344795,0.99356553352859178,0.6639770635845057,-12.198471301645924,-0.22794280661199229,,0.1243931358967972,0.3207547169811321,0,5
0.59802544569819294,0.801162933356933,-0.022439262741729037,-0.78735244420102501,0.59248900881345712,0.17039044294184885,0.14980552362363053,-0.084230212217242251,0.98512109734879194,-5.2293868215230699,-1.1697433683906036,-1.8187746814756502,,0.08146546340473908,0.3388888888888889,0,2
-0.96073859719460186,0.25060067814850101,-0.1190825258888121,-0.24933284545759271,-0.96807749514823682,-0.025672856551923487,-0.1217147486402875,0.0050262808344617698,0.99255239482074908,-6.3911827097042924,-17.117472045270727,-0.43776531026306664,,0.1048549910363849,0.3333333333333333,0,5
-0.17423636251916147,0.98455915084757029,-0.016881008808771036,-0.98331953568519759,-0.17305714621588658,0.055981379792394967,0.052195600541984619,0.026353417727569068,0.99828909473064797,8.3281239579245181,-11.117446880562929,0.30784982103498726,,0.2471182304335567,0.8235294117647058,0,7
0.75816316582389365,-0.61860922408825825,-0.20618254499547856,0.6493888738871032,0.74492939924351553,0.15288649585340686,0.059014442804532233,-0.24980556041773161,0.96649597905260409,1.1901392842102687,11.64254436317694,-2.6547637965286603,,0.09003960409563302,0.4594594594594595,0,5
-0.94413324688188072,0.30460152218335135,-0.12581861871703989,-0.30937340342777614,-0.95073390101920463,0.019827927383380788,-0.11358040933098046,0.057645139746481756,0.99185509449708231,-5.9527871957300054,-9.1906862625188239,-1.0720796675876334,,0.09337790713293702,0.4285714285714285,0,5
0.45856689797509259,-0.84653861612600056,-0.27034935082033534,0.88744146222833153,0.4521578276035455,0.089448029910575988,0.046519363705255529,-0.28093712881055471,0.95859807972692057,-9.4298702387856572,-8.3920905652544899,-1.538690097349807,0.2967426936589944,0.2266011681301185,0.3924050632911392,1,4
-0.85863998032219147,-0.46104399204234353,-0.22399960177189143,0.47900154629960029,-0.87728547303761839,-0.03045845432313039,-0.18246890922811654,-0.1334490022398877,0.97411316640638801,12.690058580849277,-7.8705021744986015,0.057036318080151929,,0.4628424506065342,0.5705882352941176,0,5
0.73998994183657119,-0.64599213185801363,-0.18737409521661991,0.67036437933200077,0.73110068572616382,0.12689911841125895,0.055013497466798657,-0.21951299029504426,0.97405726843353413,9.83176816280419,10.02330571695779,-1.7683904119333389,,0.7125290945930556,0.5471698113207547,0,1
-0.44679784430918984,0.89293953343003918,-0.05505157543981716,-0.89462226413689416,-0.44561715659331186,0.032807838396791841,0.0047634893974059112,0.063908836536403099,0.99794437208760545,1.2478863985785085,-8.1534092521464832,-0.61966714058228234,,0.1000754932448191,0.3076923076923077,0,5
-0.94592076460042829,0.29470680216297723,-0.13557952594921732,-0.30327471052754745,-0.95173668686919566,0.047135218485551009,-0.11514493932507418,0.085704023395171608,0.98964461465806297,-0.45489817287243522,-3.5059069552129003,-1.214192082150261,0.3660709319703636,0.2872637601801611,0.8394793926247288,1,5
-0.068248647796700881,0.99714950170024585,0.032171312265317407,-0.99533337622348683,-0.070258415588211789,0.066145485216970834,0.068217243050978288,-0.027506840930663492,0.99729122198710751,-9.7272267805309749,-9.9012407347852651,-1.4755108688096694,,0.1858646663501009,0.2727272727272727,1,5
0.98123846243494517,0.14641582859158503,-0.12543318929271841,-0.12005063059975608,0.97308078482415172,0.19672730440539402,0.15086061756105965,-0.17797806422099091,0.97240160567804657,-8.4554142875418759,-14.397131892333455,-0.94852808193258609,,0.6279258091276222,0.6206896551724138,0,4
0.93274533429283946,0.34328178425902356,-0.11019872027786792,-0.32143232012550649,0.93022593749846838,0.17709028427282156,0.1633015766417231,-0.12975870607029008,0.97800576341108059,-1.7798787153515656,-4.9592571209142431,-1.1592919159749719,,0.07396669743949591,0.3009708737864077,0,4
0.1464070447314037,-0.95256696715743117,-0.2667979578885688,0.98762201029841989,0.12540826937592384,0.094210035273552609,-0.056282697404486631,-0.27728854836186362,0.95913675715209945,-11.304027745740626,-7.6559423247031821,-1.8531302965336827,,0.1731216858691615,0.293103448275862,0,4
-0.84222869856880567,0.52925266779941871,-0.10267635041377426,-0.53381850146331722,-0.84532604359091867,0.021486915143435679,-0.07542298590318755,0.072907432091117719,0.99448271958004608,-2.8766972409037441,-11.464074602260631,-0.60535939264215854,0.2308710801724008,0.2502807272790911,0.3823529411764706,1,5
0.63399434198562576,0.76790341093428804,0.091517898826958807,-0.75840604835962,0.59424134702479703,0.26776386480946723,0.15123306563632624,-0.23916850328093536,0.95912824319618373,8.7857242219423988,5.5355727981643428,-1.3251960667174918,,0.4747250102130365,0.2857142857142857,0,2
0.63301711565436269,0.7741359366463878,-0.0016979049599395858,-0.75663975162917563,0.61917105956012286,0.21005590983768208,0.16366312212338124,-0.13168428378442357,0.97768790105074543,7.3873817065045646,-8.3875273897051628,-0.011152024829588067,0.1419479994521308,0.2176106132808337,0.4520547945205479,1,6
-0.070096025405382845,0.99707888129421796,-0.030335650634851698,-0.99528567095160236,-0.067861822524181756,0.069290737058544064,0.067029698050847034,0.035049643661075179,0.99713516739629871,-24.410174397174714,26.115943054841246,-6.9821786169523614,,0.1462373760271031,0.4375,0,4
0.32633705843598781,-0.91396236165086941,-0.24119893402938714,0.94520939396201209,0.31798363600678453,0.073929755835330818,0.0091282998040939298,-0.25210951730839287,0.96765565436534096,-12.86601321688407,-15.022635529295863,-1.3639177754762288,,0.2273092073467262,0.391304347826087,0,4
-0.90720792679523843,0.4116651377513858,-0.086634819328122503,-0.40801880226150572,-0.91118682080524394,-0.057089706532064965,-0.10244234749833742,-0.016443599087900804,0.9946030230640085,10.001086595208617,-11.609671396886833,0.52690518756578164,,0.0920916686904039,0.3157894736842105,0,5
-0.57859012117252284,-0.76351836825999531,-0.2868330054424672,0.80399924040867432,-0.59306423086090576,-0.043128175194832336,-0.1371812418074693,-0.25556705461180868,0.95700929331600759,19.792066543640178,-11.029019068213657,0.77531469144503995,0.5453471103408667,0.5543017215543611,0.5,1,5
-0.8845314492379388,0.44903487069918113,-0.12637958777112993,-0.44852638652993382,-0.89311983753184676,-0.03407398411527187,-0.12817252394890039,0.026545069283335606,0.99139657221583655,32.586524330056534,-7.8624640337321878,0.91603386158405553,,0.2083209284741805,0.4,0,4
0.72099361999536249,0.6924815488902416,-0.025248848935250673,-0.67475368330136487,0.70989655270453422,0.20187706984563761,0.15772021683102258,-0.12851532556388268,0.97908536108859523,13.418333623899541,-13.670543335487981,0.92586579399376456,0.4790002686711901,0.2491781045418546,0.1764705882352941,1,5
-0.31338120837458366,0.9496154280713951,0.004770430427891101,-0.94833445037639186,-0.31321262909890812,0.050592679334634807,0.04953774789989128,0.011330831466902761,0.99870797723422411,4.9554228817693238,-13.559534814946392,0.39338353000065351,,0.2082697566798162,0.4705882352941176,0,5
-0.84901730259247044,0.52187258292770811,-0.082574978576852753,-0.52272440168627055,-0.85240759705748437,-0.012668400073232559,-0.076998829733547769,0.032408265412503801,0.99650433243042968,7.8283444350278426,10.528061976430322,-1.918850092987872,0.3001402312529713,0.270621723796077,0.59375,1,5
-0.038677890808659229,-0.96827375557014828,-0.24688044684963564,0.99591732322889004,-0.057520523616794571,0.06957064506998839,-0.081564122352894702,-0.24318166797053609,0.96654537933191298,-10.604079814884766,-13.82292888299965,-1.1840138705207195,,0.0933047093043685,0.2777777777777778,0,5
-0.85150596451913274,-0.47774849191299168,-0.21608787764056553,0.49798350311376183,-0.86585652187769535,-0.048009521434882262,-0.16416462169081364,-0.14848859214337806,0.97519286040679642,21.464986675369225,-3.2061022207343917,0.13949513934760716,0.2024637303347052,0.1646287293005633,0.3333333333333333,1,4
-0.14021362367817494,-0.962332100425631,-0.23293146679963006,0.98505593871581487,-0.1593472793651001,0.065370040229790746,-0.10002468363228577,-0.2202847544641543,0.97029361000417136,12.414628318648328,2.1078227531767939,-0.76049250187689521,,0.1076886386050639,0.4259259259259259,0,4
-0.49048422414218446,0.87115856677000347,-0.022538354218355726,-0.87140264729565287,-0.49002365831124167,0.023113644917990277,0.0090913229931939375,0.030976859726260821,0.99947875515577234,13.188843016947885,-0.91679858709158191,-0.48689164906581134,,0.29757047880196,0.1818181818181818,0,6
0.8820415174229923,-0.43806399019450315,-0.17350130269544345,0.46197297630960638,0.87646049503699086,0.1356391160364796,0.092648425252615629,-0.19979224493053768,0.97544827036795068,-7.4195871066758086,-4.9228856383678705,-1.638390137370684,,0.0733572201922694,0.3291139240506329,0,4
0.48367681939319995,0.87389325278269048,-0.048655083214042091,-0.86749145588880416,0.48603366047871122,0.10597100943931138,0.11625535833500229,-0.0090478518197525809,0.99317814516623681,-1.8581179969996264,-1.4484852506695138,-1.5150703987841343,0.5494631262778416,0.3053562690858296,0.306,1,4
0.53580700620076804,-0.79994150670305531,-0.27019333441040799,0.84422676086219517,0.51281561447099921,0.15588881229535514,0.013857429425945342,-0.31163076133202239,0.95010222620585805,7.2663399584276389,-17.25457961692263,0.93166591038214919,,0.2333980561587415,0.25,0,5
-0.64813201953657651,0.76026299403618136,-0.043875564390441733,-0.76091243083668947,-0.64884845417630044,-0.0028206579418896989,-0.030613033982903853,0.031557303626363886,0.99903302184572174,1.0034352406316973,-9.3087037105782855,-0.51638956980385531,,0.08747057003395953,0.2592592592592592,0,4
0.19006482492330393,-0.8863129962607873,-0.42228501629361609,0.98050399578370018,0.14951334996867141,0.12750557804795673,-0.049872603492014729,-0.43828647120390501,0.8974506630342175,6.1375638103870722,-6.3605383656491092,-0.3286547958867872,,0.4252483097220229,0.2941176470588235,0,1
-0.25009833882476268,0.96526663434031157,-0.075572121489491328,-0.96740186146454632,-0.24591566821412528,0.060490681610739956,0.039805267892903035,0.088237229988982452,0.99530383898176855,-7.4624081553979948,-17.968979902088389,-0.4764331915920631,,0.3389501997611619,0.2222222222222222,0,4
-0.75344070199501578,0.64860264987024985,-0.10789676157580774,-0.65493501220535388,-0.75483495374942489,0.035837443905440393,-0.05819998595214252,0.097666755753391857,0.99351596185253943,-34.378982309561152,25.751381432330522,-8.5299231058362874,,0.1791190047978564,0.1666666666666667,0,1
-0.95250466549455204,-0.21805530437249257,-0.21257174423269407,0.25104544938810858,-0.95738077355096129,-0.14282239592054433,-0.17236891991491085,-0.18940416750953942,0.96665144533972736,22.238312510839268,-2.6358634349034729,0.18395555875984385,,0.3936130546293846,0.4102564102564102,0,4
-0.93374377338846626,0.33137796000144182,-0.13531893172632492,-0.33943650492173216,-0.93973817430325168,0.040927043427455657,-0.11360204568928214,0.084147557198512232,0.98995644542208794,-7.6228244844622752,-7.3318664326015321,-1.4214380601266354,,0.07821264599149917,0.3125,0,5
0.92157696908148123,-0.32864748157780427,-0.20660765453186228,0.36732748093546419,0.91041955863514579,0.19028071106707742,0.12556437316451191,-0.25125099026103992,0.95974294896323653,9.7456342264088267,-13.393154450996477,0.60006804655429424,,0.2467903391055628,0.1111111111111111,0,2
-0.31568306534266127,-0.93164015853227933,-0.17997449059744614,0.94203489082661662,-0.33043800136086537,0.058146295857271685,-0.11364183525949344,-0.15118644868699629,0.9819512162079479,6.2321050255079449,-11.024782522276526,0.18992269518873384,,0.09471307041955646,0.4285714285714285,0,5
-0.65179409765637208,0.75246729010521829,-0.094643708623581124,-0.75757749306067701,-0.65179711573455879,0.035169047868973971,-0.035224938157724602,0.094622921334209423,0.99488979615330486,4.7499694924028111,2.3620178965784753,-1.244911542305057,,0.07386183831240065,0.1076923076923077,0,1
0.17947206188311809,-0.94712230021503363,-0.26598708133818533,0.98253620915206696,0.15907303096761211,0.096531696990488539,-0.049115951670598235,-0.27866668127740246,0.95913111931441919,8.5565911164382431,8.533384950454721,-1.6279407433810722,,0.1162763443119042,0.3478260869565217,0,4
-0.59625461905261146,-0.7305686536390984,-0.33279103289959749,0.78946669868800856,-0.60882639996235699,-0.07792782796622709,-0.14568033814171047,-0.30919226547381773,0.93977517633212981,20.691550538236591,-4.2363594836556997,0.16654925740555709,0.2465899548765267,0.2061801030862113,0.3846153846153846,1,5
-0.71768555239964305,0.69601223535077283,0.022235469836256776,-0.69479882044498309,-0.71356198782167402,-0.089910447914805722,-0.046712385778064823,-0.079976607692507889,0.99570160953817854,-32.13987983077304,18.47880140039463,-7.2010709583062757,,0.2031917245603118,0.3333333333333333,0,3
-0.91843232589952817,0.38010583557512723,-0.10955188955246899,-0.38388376275731989,-0.92326089517108967,0.014918985862297212,-0.095474182028774876,0.055757270464147975,0.99386910977065945,6.273768814719805,-13.141916002020809,0.45464361030608552,,0.1310919595635095,0.3333333333333333,0,3
0.97651218082744562,-0.12283018738881449,-0.17702176634994626,0.17233784842526095,0.93838446737235526,0.29955676823342414,0.12931986195390865,-0.32302838336643169,0.93751215290463941,3.3876690706219721,7.3789351388795703,-1.9677236646573437,,0.08758068686960827,0.4166666666666667,0,5
-0.51601078089578212,-0.8160510828043348,-0.26037185764440296,0.84655473518119928,-0.53221384782104852,-0.0096695671983217397,-0.13068264743880234,-0.22540862991772467,0.96545999151544282,30.524257209306196,-7.6115683557353027,0.65478256937739576,0.5009571766410689,0.3271075089973071,0.6666666666666666,1,5
0.15315895506644925,0.98260237152899033,-0.10504719867067948,-0.98310331432469134,0.16228948702050694,0.084675827521363239,0.10025072491887714,0.09030338791111045,0.99085573636378299,0.62191081790577951,-6.9715946258206642,-0.76805797150123367,0.1300307400514782,0.08943276965633451,0.4583333333333333,1,5
-0.716718677262558,0.69684989307379563,-0.026731333413227198,-0.69577598853959977,-0.71714677607273103,-0.03995341462542612,-0.04701182228708238,-0.010036338551888036,0.99884391196708988,0.43536175490694556,-13.978205822953711,-0.046007520403774795,0.5754047952858427,0.4752391453588711,0.9215686274509803,1,5
-0.51935067318374073,-0.83806181861228113,-0.16711453092975337,0.84289562197068024,-0.53457241428761959,0.061313166166541352,-0.14071904180406997,-0.10901707236475314,0.98402918107481063,-5.2338321637822451,-3.1656343793293793,-1.5474452404873023,0.518591679965307,0.2738680489573814,0.8509406657018813,1,5
-0.6401315226376858,-0.73481178021638716,-0.22423933950308433,0.75708982218399135,-0.65295437728151418,-0.021577356981799883,-0.13056276219109378,-0.18358166805030243,0.97429519976488532,-0.62696633927586132,3.4183010140157584,-1.8390676413254687,0.3367811942704284,0.3201369737691419,0.9118915588416513,1,5
-0.21925449158879556,-0.93196020496780285,-0.28875187319653611,0.97091818190818724,-0.23757931184057984,0.02956272357980199,-0.096152753253550285,-0.27387268381809476,0.95694743904774326,-3.0924696449648548,-4.3672464284852479,-1.3094039397575725,0.3642066841243976,0.1581886969550708,0.2380952380952381,1,5
-0.75267453616033109,0.64489045285481472,-0.13265499022857433,-0.65515726254940854,-0.75356594871884131,0.053919590690574802,-0.065192054305693151,0.1274937831746546,0.98969456465478167,11.263104293370962,2.7109135577037224,-0.91123442593836657,,0.1020193222419889,0.4222222222222222,0,3
-0.18169936104998233,0.97977305912128265,-0.083845660675747793,-0.98190632079933238,-0.17614596982310107,0.069516720933881865,0.053341535114281691,0.094959727965088989,0.99405096986847163,1.7661301634546174,-13.062883572030048,-0.0088463257799298225,,0.08122606007532918,0.4736842105263158,0,5
0.98629791943669232,0.090681012754350365,-0.13781642877645597,-0.069898265730608949,0.98639423756723787,0.14879731362494208,0.14943442228182841,-0.13712535148538918,0.97921702978313385,2.2633313881678134,-3.1146357105080149,-0.97908106664925909,,0.07264761823711259,0.1914893617021277,0,5
-0.039467533926251998,0.99847332402440259,0.038643692595818652,-0.99480594955539392,-0.042895221133319575,0.092309927597818239,0.093826629988351229,-0.034799730107913283,0.99498017180717979,-1.319599064468963,-17.7034565495326,0.14417420179851906,,0.2266676834756624,0.2105263157894737,0,4
0.70822806056439991,-0.67855840384250155,-0.19486278968521867,0.70437022575067432,0.69781018121540028,0.13009049184346616,0.047703242081992482,-0.22938928389715049,0.972165087383835,0.92423168393005406,4.5443492274217014,-1.7992727361842231,0.2725378728313959,0.2619563714568636,0.8454106280193237,1,4
-0.98447771610348456,-0.091808823133001968,-0.1495819724786408,0.091526758608237627,-0.9957638787968216,0.0087835153656934013,-0.14975472932210565,-0.0050435779406188342,0.98871031316924196,-0.1043838471805217,-9.8936394779895949,-0.55550705860133742,,0.08794198427155686,0.2941176470588235,0,5
-0.42920521203215367,-0.84997788943321972,-0.3054839986629172,0.89136431688183715,-0.45320544327345219,0.0086302246258086451,-0.14578251113975338,-0.26859339839609764,0.9521580991536146,9.8909994579088529,0.066085041086371699,-0.88837917285372092,0.2968348924877545,0.1907253853550889,0.4796747967479675,1,5
-0.45092967303247794,-0.82948893402477453,-0.32956112985190761,0.87184584436025969,-0.48842462873053361,0.03641710753459667,-0.19117336020107131,-0.27090494713069335,0.94343163820678999,-14.462629939815603,-11.530287758769743,-1.8489887885140501,,0.2515980929658334,0.2,0,4
0.11083705990225193,-0.97189484011481098,-0.20769103473773501,0.99191318155655439,0.095177812680972654,0.083960849374100088,-0.061833537878559226,-0.21531744873900063,0.97458453192216665,-32.618259979107563,20.40883075575784,-7.5041772721598283,,0.2084007643678546,0.6428571428571429,1,2
-0.22694167237605434,-0.93902758321703828,-0.25831119855075929,0.96599042985002814,-0.25078694265486823,0.062995228644585274,-0.1239353330463891,-0.23522990318280956,0.96400566692903211,16.145196784130256,-9.3789757457449632,0.40735654307070784,0.2009683310646149,0.4295562351827195,0.1707317073170732,1,5
-0.8080991084776511,-0.50652839186134657,-0.30067394153132682,0.56608404401518941,-0.80893644655738717,-0.15865270417650237,-0.1628640107237774,-0.29841382955464008,0.94043846175148504,10.34434546270789,4.251302903210501,-1.1080807601989007,,0.4972728988364414,0.25,0,1
0.68908262949681609,0.72105099542578244,-0.072460966880393843,-0.70717847586034221,0.69091221834180205,0.15012964339481205,0.15831529618327181,-0.052208893318072741,0.98600735212923463,18.902285071983897,1.5119502623359289,-0.3485294400264059,,0.09917817642992063,0.4736842105263158,0,2
0.96727282789647606,-0.17480852682399589,-0.18391643581468511,0.22295480434675016,0.93157981553193359,0.2871414329423565,0.12113806846675064,-0.31874915881161459,0.94006624347703893,2.2659372539305682,7.7712844795522864,-2.0673005571976311,,0.1421499736422668,0.3333333333333333,0,6
-0.98575848171890634,0.1389507170370862,-0.094725466238570033,-0.11225432951765388,-0.96310714512213125,-0.2445886189487127,-0.1252165373414264,-0.23047196195974942,0.96498885668521839,0.93509261433754343,6.1771947635704576,-1.9481943278465188,,0.3767989532109779,0.2432432432432433,0,4
-0.028854551036061118,0.99786869824648405,-0.05852756567955493,-0.99677284445323178,-0.024336172433522318,0.076496060499212745,0.07490868738084179,0.060545947603065531,0.99535063007149682,-4.4244251823655132,-11.568001412749933,-0.73612040834859194,,0.1079850530552751,0.5172413793103449,0,5
0.97203442630326686,-0.13072073679303087,-0.19509270374251594,0.19797524954215254,0.90297806563577809,0.38136126382918084,0.12631260685299908,-0.40931980400776469,0.90360523648164182,-11.525356721000415,-11.523028746426426,-1.5244216479275501,,0.08447299434865091,0.5,0,1
-0.84747259012576215,0.51281365431755266,-0.13715817486030341,-0.52390757404246424,-0.84962341021932586,0.060505492876459226,-0.085504753356007851,0.12313495341600242,0.98869950965941478,-8.170526055551246,-16.952577888502418,-0.68329891029661538,0.1736501793605672,0.190467965777789,0.7111111111111111,1,3
0.20839898148834815,0.97653717785690408,-0.054267898226223521,-0.972127584510177,0.21291304468421762,0.098163103239988184,0.10741426324761254,0.032298230084153716,0.99368958955219155,14.537736562014441,-6.8109693449662263,0.012876076344390454,,0.6414508586152132,0.3378378378378378,0,1
-0.5439224020006207,-0.80950202947356931,-0.22103141152344885,0.82686986824713948,-0.5619161872691858,0.023160731202189734,-0.14294978694224711,-0.17016657357728759,0.97499163875908801,19.080597454297585,3.7679073994320547,-0.49511014986474283,,0.2638104423685274,0.5714285714285714,0,3
0.97523294097426372,0.18721616810137798,-0.11777443372873765,-0.15783048596834665,0.96208788837376225,0.22243298483703014,0.15495240733103752,-0.19833557786224723,0.96780821964703545,17.432178300902049,-15.549178573603456,1.2009646598553616,,0.1765632708079263,0.3333333333333333,0,1
-0.39228942622103313,0.91972652474004957,0.014564537917971221,-0.91949345086945056,-0.39165594449331065,-0.033725583037845057,-0.025314025427857472,-0.026622186849400199,0.99932500183073236,-23.866339467436088,32.479119697056447,-7.6696214444008657,,0.4261221921177359,0.3666666666666666,0,3
-0.34525988525904905,0.93811907024910424,0.026985582555614267,-0.93809617429437619,-0.34581682624561244,0.019654273318262749,0.027770117125521916,-0.018529239605813257,0.99944258858348956,17.064548404113342,2.3386501451998223,-0.54927918959603583,,0.6705200616477378,0.3076923076923077,0,2
0.97495546562283719,-0.15918661245360871,-0.15531085753321294,0.18070131300198949,0.97409887697514508,0.13593532784055487,0.12964904755344075,-0.16059576672909767,0.9784682540466908,6.1725025301166339,-17.351889864951033,0.86743051693877304,,0.07950394981353673,0.2592592592592592,0,3
-0.70047392618513549,-0.6623939066158987,-0.26565125863227235,0.70231228757682829,-0.70595097201181789,-0.091600632280420799,-0.12686106358290114,-0.25073399768220195,0.95970762889169392,-4.0156969258700252,-19.556986005837121,0.093661786604651284,,0.4186682531896861,0.1538461538461539,0,3
0.93841605380806981,0.33150995591143256,-0.097347106207057721,-0.31170329422186488,0.93385177206769476,0.17539077563333502,0.14905155593460187,-0.13424610585646532,0.9796742401103784,-8.9644804342583146,-10.581100530543253,-1.2781203741349276,,0.294561833586706,0.3636363636363636,0,4
0.98291359530957889,0.1439778419265107,-0.11467887856872833,-0.10407737887725342,0.94859267046832496,0.29889771618366706,0.15181819180070991,-0.28185515174989439,0.94736946861845084,9.9954095473407989,8.2008189318203133,-1.491255435752056,,0.2510549458175217,0.3846153846153846,0,1
-0.8630493615838698,0.50495329429144742,-0.012960326149043586,-0.50294692258152662,-0.86143144044873676,-0.070571003054983927,-0.046799492897321979,-0.054387902980622807,0.9974225601388429,13.713916258875342,-15.078620153875711,1.0735420297511533,,0.3119273384983897,0.5,0,4
-0.97808340921690651,-0.09852125715815295,-0.18342956823427117,0.11904756743264933,-0.98737845054004214,-0.10445799202318061,-0.17082307017204357,-0.12400547285149585,0.97746719709659524,2.6598341913570058,-12.107834412900338,-0.008873115202881603,,0.3912698243894165,0.2,0,2
0.98745747428013741,0.072947232618122235,-0.1400229900468119,-0.033507599796376721,0.9634883055088217,0.26564548914601427,0.15428861670317062,-0.25762178945325426,0.95384801533301156,-9.2546959241492726,-19.497032364442585,-0.55565336869305448,,0.3769809013026613,0.2777777777777778,0,5
-0.36297064167394361,0.92776124241990032,-0.086668277623872164,-0.93147022957490999,-0.35879255610990174,0.060258718006506694,0.024809770222035392,0.1026010659964412,0.99441314178661366,-4.7662283814613424,-4.6093273630487266,-1.3918429667207959,0.3649640762761449,0.2326368378841443,0.7741935483870968,1,4
-0.22174921060114555,-0.89795267638916632,-0.38014244509565509,0.96722369585341872,-0.25201581386786037,0.031086198548146128,-0.12371584287157276,-0.36078944070753266,0.92440541414280075,7.5063336189141072,-18.803830101806756,1.1552827735705062,,0.3298134335988407,0.2222222222222222,0,4
-0.19841416706347034,0.98007393891555228,-0.0093216182642517909,-0.97874161941266502,-0.19762261491146968,0.054864783832873701,0.05192938222224687,0.020009406140817473,0.99845028064892061,35.789508034301228,-13.069814231689717,1.613595079372923,,0.2500449954869512,0.3333333333333333,0,4
-0.45334667132597545,-0.8490738500908549,-0.27120175642785049,0.87921539796080517,-0.47598380191460388,0.020486686006843474,-0.14648235247387967,-0.22915718929767886,0.96230447520881157,9.1688716174132061,-19.263915874309266,1.3083560196753246,,0.3517770123286215,0.125,0,2
0.98110539786057271,0.1205736772154614,-0.15130825044123924,-0.10132373019172027,0.98644478312922634,0.12907436436864236,0.16482020503834646,-0.11130443926400807,0.98002327615788887,13.443728480160072,5.3347017478743366,-1.0288104685092743,,0.1409712976812954,0.3571428571428572,0,3
0.69593356852949517,0.71716646537154394,0.036725047859579557,-0.7007024385921734,0.66698760875498442,0.25326591227065937,0.15713866724897499,-0.20198958070601969,0.96669935788818129,-12.546353739636958,-10.136913704100103,-1.7992042558445915,,0.4933730433219916,0.4736842105263158,0,1
-0.79044722500053188,-0.57501018372376411,-0.21108404274819298,0.5874127640572927,-0.8092730246606491,0.0048390266764293203,-0.17360711135068577,-0.12016846579101667,0.97745593799306518,-3.7240389218084795,-21.48751643079904,0.32401065568755988,,0.2014792916228259,0.4,0,2
0.5274214778347871,0.84926783578107223,0.023889910554502996,-0.84008317179048841,0.51710725584721695,0.16389127623089986,0.12683394337873974,-0.10650929094634849,0.9861890902606375,-14.714746530419884,-13.330469245609466,-1.7421681344656352,,0.4859993577132492,0.65625,0,2
-0.89848770871238726,0.4333597608741625,-0.070136687602519857,-0.41888258907382131,-0.89411282186250562,-0.1584286538220907,-0.13136671520433468,-0.11296716087499288,0.98487623928099055,10.795834140798254,-9.3679047604358789,0.34966843459510344,,0.4952677312105603,0.7777777777777778,0,2
0.98600245022769428,-0.068463010029066906,-0.1520262622139468,0.095828178619191698,0.97885868449551749,0.18070040390169009,0.13644093347493666,-0.19273944081444655,0.9717177468931103,24.636888267744386,-17.948568722549403,1.8303386897360858,,0.1040178352459271,0.2857142857142857,0,1
