axis_00,axis_01,axis_02,axis_10,axis_11,axis_12,axis_20,axis_21,axis_22,location_x,location_y,location_z,dbh,dbh_approximation,score,reconstructed,number_clusters
-0.94327098362434658,0.078126865156478167,-0.32270116887482864,-0.062095867115988211,-0.99628346760116193,-0.059693847854859865,-0.32616553272759036,-0.036269065681750257,0.94461664188976757,4.5506620827519981,5.6792014098663106,-0.71022897796842011,,0.08632435678684935,0.25,0,3
-0.45987823658786015,0.86903952320987987,-0.18243441180869499,-0.8810553407919095,-0.47216848238259335,-0.028256162276048314,-0.11069550115019064,0.14774041878803187,0.98281192233379255,-11.841836656268153,10.021493668253664,-6.9336240170487349,0.3205568681500237,0.1804729490383228,0.2909090909090909,1,4
-0.59303384098993828,-0.67334029167593523,-0.44150165916617673,0.78054454022893638,-0.61535276130505223,-0.1099599921473516,-0.19763877190348772,-0.40982170606254348,0.89049709998431059,9.7188005011123639,6.5861691701877128,1.2173192218194746,,0.4484749047186498,0.4336283185840708,0,5
-0.22230790837089467,-0.86673936914776895,-0.44647739007153003,0.97418208876274592,-0.2159498084392473,-0.065840247333266072,-0.03935037242023387,-0.44958708411650328,0.89236931927650265,-6.5640347157998313,-20.311388338547836,-4.8308897354793272,,0.4839661236668801,0.525,0,5
-0.493301363778123,0.8522479380321768,-0.17414711199026062,-0.84835396195103296,-0.51560664207175178,-0.12018879271163087,-0.19222205840285558,0.088449097063774226,0.97735737450124849,0.79206692688241254,16.798537071184789,-2.146743958507257,,0.09567781480608535,0.4,0,3
0.92406180239043967,-0.19231060871969194,-0.3303428751112919,0.23352057610343038,0.9682175842734988,0.089570363624991711,0.30261844937025084,-0.15991041015972937,0.93960137016890999,-12.106186016677011,-19.357973788899319,-6.9288997833981041,0.233397288735915,0.1898640883766621,0.6545454545454545,1,4
0.70503625198597308,0.66799245173534327,-0.23813854751001015,-0.67684667192794568,0.73405298453724244,0.055179693656558983,0.21166593038473688,0.12227959893855088,0.96966243280731024,12.78622520472323,4.0913874309214906,2.3301071537040636,,0.8923413404000972,0.6949152542372882,0,2
0.80930249892365513,-0.41097815822775968,-0.41967418159287162,0.46193864680002339,0.88662511136985056,0.022552128080608868,0.36282523593114552,-0.21211521715360149,0.9073946125161807,-12.674813260929364,4.0665748212320914,-7.3136877431042517,,0.1728827463388866,0.2535211267605634,0,3
0.038341973836433015,0.97004958667629704,-0.23986181945335405,-0.99917335254535089,0.040462750066080244,0.00392140540823152,0.01350942654638154,0.2395131838672708,0.97079911935897056,-1.7498177573408544,-10.77186608943232,-3.048588367766849,,0.09890324579019007,0.2413793103448276,0,6
-0.82813833334318887,0.48142697164485276,-0.28708007910761218,-0.47897605924109188,-0.87382919705941542,-0.083692706016550433,-0.29115088102466891,0.068195346904057458,0.95424344857022492,-15.222040171286624,24.367880935676439,-8.3070645797101239,,0.1921429954751075,0.2222222222222222,0,2
0.54925823851110711,0.78183988996051801,-0.29502842895931614,-0.81778737884128194,0.57551433382881823,0.0026560431996680285,0.17186969027604243,0.23981167199304135,0.95548478352107769,5.3965858928304371,-16.976730643204302,-0.49150955583030337,,0.08592474871940645,0.4444444444444444,1,5
0.22647802624296723,-0.89880155135665629,-0.37531783185449413,0.96859138008041246,0.24843718452849209,-0.010473957106970175,0.10265691434585636,-0.36115749559219257,0.92683699824433163,-11.721188852896974,9.1236144338638923,-6.7899741161557952,0.2867561406901233,0.3400169963369249,0.9333333333333333,1,6
0.94972160558496976,0.023719917762673747,-0.31219583178901988,0.019633888387046963,0.99065172248063949,0.13499509314395813,0.31247941102080795,-0.13433737472301949,0.94037763023192711,0.18651133966613964,6.2640037913401621,-2.323963615227854,,0.1200472354631939,0.25,0,2
0.88987438650619755,-0.31488924760876419,-0.33010352615596966,0.3522050987953424,0.93409853052070158,0.058408078735984685,0.28995714273454565,-0.16823999827464428,0.94213595534708572,8.5036697849312759,-7.4126177973434038,0.71509385199264641,,0.2414820734373287,0.1764705882352941,1,5
0.92056353957179982,-0.21647683066157761,-0.32511621214230274,0.24517646678762203,0.96821209579378054,0.049536226058855007,0.30405800391467797,-0.12531208778619315,0.94437577844314047,-13.16403296995011,13.212374249802723,-7.4207429938595091,0.2336719801146131,0.1600561973831604,0.7631578947368421,1,5
0.73927118941592784,-0.57321183175503643,-0.35342086021568814,0.62059985541295937,0.78365781750274477,0.027133826273685505,0.26140758971570643,-0.23939219077253229,0.9350708267485166,-26.797008299065361,11.618190860688282,-12.904960328088587,0.5119691043046024,0.6172053334182409,0.5873015873015873,1,5
-0.63003462744602612,-0.69384142903533363,-0.34876989487791882,0.74974543346866562,-0.66049223673674862,-0.040395423049779347,-0.20233178991901155,-0.28693915132775849,0.93633742327404379,11.750303851091452,3.3047495300871321,1.9240372616038761,,0.2266090873570178,0.6727272727272727,1,5
0.78980701693939726,0.54870949236176236,-0.27408533157647863,-0.55779582112228199,0.82840442716986129,0.05108744448388268,0.25508566782908526,0.1125344304534024,0.96034749129193786,-0.068812980245769595,-6.0814970280784921,-2.3942931844841842,,0.07153438960078685,0.2777777777777778,0,7
0.35863504328733248,-0.82761551869806993,-0.43177941004223325,0.92425458015070128,0.3796835476244601,0.039923360752277065,0.13089834527886549,-0.41339201355787036,0.90109525929827494,-14.631165651716268,21.807268821343154,-8.0257091414469937,,0.2717269370057592,0.2105263157894737,0,5
0.78027272703582762,-0.41657619875349294,-0.46651767605972227,0.56109843868305065,0.79576025520558102,0.2278906719078071,0.27630239512446553,-0.43957921569068703,0.85465027910908953,11.939013228225386,6.0253225961556547,1.9665931161130421,,0.3264286603300321,0.2962962962962963,0,2
-0.69145462259343482,-0.59072812452811407,-0.41584947731801813,0.690168628746062,-0.71023990846985707,-0.13865978620894681,-0.21344265925290662,-0.38288321366733663,0.89880068752912134,3.934488199593948,22.989963008353506,-0.98123277969327305,,0.4964706426832887,0.2105263157894737,0,3
-0.74292549754007597,-0.58239942956993951,-0.32995849669532645,0.62554751777972406,-0.7795052972014358,-0.032585190417225546,-0.23822679971920951,-0.23061308738124628,0.94343287828230427,-16.937715138898803,6.1237215299471925,-9.1274535898288267,0.6703113534837162,0.4071947906164431,0.6464646464646465,1,4
0.83151409539421883,0.49971348966520551,-0.24263292729421029,-0.48467412227163592,0.86605033284681299,0.12266954053938774,0.27143195162131228,0.01559644903648561,0.96233125607375913,-9.5562903390021567,-7.1438318732452615,-5.9510020184158652,,0.08590862896671288,0.4285714285714285,0,1
0.94800494773015076,-0.013112670262905803,-0.31798534079062751,0.045186270756117121,0.99457452163000759,0.093700170008371331,0.31503145876929523,-0.10319679647653367,0.94345408006042975,0.83165198596798984,-5.8359198825911189,-2.0270517404165722,,0.07558927508874076,0.1525423728813559,0,5
0.26797250329950734,0.95274872806474309,-0.14304054895871171,-0.96007067261770496,0.2764608843530591,0.042821524985833616,0.080343270127518074,0.12585404480484,0.98879002743326561,-28.124784513710463,13.250644072699966,-13.300623054995931,,0.1477350774721078,0.1,0,1
0.54671978027046209,-0.76217248996261322,-0.34668512717624556,0.81581478349834269,0.57810285056594246,0.01559914078036093,0.18853042429955871,-0.29135921078923099,0.937851848322381,-15.488539913427626,-25.143038667703664,-8.2192848437517032,,0.09270805525516512,0.1666666666666667,0,1
0.11823406617016963,0.98470803160129761,-0.1279484196728011,-0.99295339551446637,0.11620441824439838,-0.023239783062116527,-0.0080162293605699,0.12979455181316438,0.9915085044448485,-1.8150641789419346,-17.698776971601987,-3.2017096941597503,,0.5443651727903942,0.1818181818181818,0,4
0.89556110121101584,0.32966338051291882,-0.29881828850742903,-0.33470080082045678,0.94164625342622121,0.035745032361264036,0.29316495003301402,0.068002859918957742,0.95364035312846585,8.5617666404518218,-4.1961637850576086,0.68930037239481179,,0.2609887680267368,0.7668711656441718,1,5
-0.75053304843556623,-0.56781618009997781,-0.33806054017392612,0.61356314556692615,-0.78876167179137513,-0.037353601096751489,-0.24543921774654545,-0.23545660052235926,0.94038278358465244,-8.1273967332151518,-13.965202612557015,-5.4208086529747472,,0.08403347338381092,0.3409090909090909,0,5
0.29349667498083981,-0.85733292482274892,-0.4228947360633169,0.95176535124341954,0.30345787247540607,0.04534353101811861,0.089456234817267874,-0.41580473259400447,0.90504364889476263,3.2537353894022041,-15.491173838206953,-1.173126439843265,,0.1636728158305991,0.3823529411764706,1,5
0.91596042400750777,-0.23270739995721756,-0.32690024113961608,0.29318426064691255,0.94433344605779757,0.14925592774000365,0.27396987235991999,-0.23255452836218332,0.9331982106590927,1.9626854578573738,29.227525229311169,-1.8314561821592537,,0.4006351931410428,0.3260869565217391,0,3
-0.86466309899591265,0.46675328740781657,-0.18573931713232258,-0.44127825184386149,-0.88240814733105166,-0.16318506663726015,-0.24006505302607226,-0.059137384265603908,0.9689538379602054,-15.755660754492038,-27.085998748963714,-8.3835710769001608,,0.2767079403525096,0.35,0,2
0.3698803782560281,-0.85468623648656494,-0.36428003368508971,0.91964777334899483,0.39253530701148676,0.012806471943304627,0.13204725955283758,-0.3397461845405042,0.93120140213315628,-9.4143839269989211,18.546377010556803,-6.0732252304048329,,0.09674282952595022,0.4642857142857143,0,5
-0.9013317029261283,0.34528238386155891,-0.26149806250747709,-0.31592578549896627,-0.93710331859423468,-0.14841923169364848,-0.29629724831180354,-0.051160978045291267,0.95372453830668646,-17.91706167055521,14.83554738787792,-9.3927047379148529,,0.2996559025976513,0.5208333333333334,0,5
-0.35938486829007477,0.8936391256804509,-0.26879663222816752,-0.92417340251941416,-0.38077138164573127,-0.030276674112087201,-0.12940648561727644,0.23753371965403139,0.96272098424595764,-19.053710933857257,0.040507497627058013,-10.02852504770293,0.2141049532381289,0.1900023089089385,0.8173076923076923,1,3
0.75336308141786368,-0.55409360026432686,-0.35415300323828586,0.60750912391552792,0.79259230664496083,0.052250356999809948,0.25174735731675235,-0.2545146706839046,0.93372670010592207,-12.253702818113629,18.864923876118581,-7.2018466975929609,,0.0999374635656307,0.3157894736842105,0,5
0.22515069239052354,0.93754419509904519,-0.26517550405750501,-0.97219181479583183,0.23417284852547487,0.002480374458129151,0.064422363819215497,0.25724299650242982,0.96419697146920957,-27.39138183661548,1.8809707838482754,-13.255885714531987,,0.2821854266563507,0.7432432432432432,0,2
-0.28114406334354303,-0.88513047995273408,-0.37081268735754452,0.9560092274174079,-0.29201788938620321,-0.027783257030046769,-0.083692130690120742,-0.36231144853160457,0.92829200229425535,9.964979043545581,-12.605736707887708,1.1690618249251559,,0.09832480876833205,0.3,0,5
-0.74487196435799297,0.60499775211966489,-0.28132450416488269,-0.61752278975373953,-0.7847871348953267,-0.052675962616195053,-0.25264869057294437,0.13448744488961256,0.9581658344560402,0.5831311855780823,-17.252594725706569,-2.2328274929256002,,0.1234387532995026,0.5384615384615384,1,5
0.12465881674314706,0.95931152805087772,-0.25334082094461413,-0.99156809556366476,0.1295589226878576,0.0026827993236849409,0.035396204153099693,0.25087024076333636,0.9673733669224619,11.091305666612072,16.141612091133215,1.7093235206357658,,0.2027062799973014,0.5652173913043478,0,5
-0.26833592090752773,-0.88330641176033142,-0.38440293507437862,0.95989197222668543,-0.27882993281274793,-0.029347405718442788,-0.081260292920179764,-0.37686025461797701,0.9226988204629939,-9.5184697308936581,-14.491147848609863,-5.9058643524124124,,0.06979395722743602,0.1956521739130435,0,2
-0.0048554917676711627,-0.93016822839000579,-0.36710147247524705,0.9999471135727438,-0.001188032885038298,-0.010215607441799945,0.0090661048546202151,-0.36713165958776239,0.93012480359955074,-5.6228938672857911,-4.83568217249183,-4.408995914902702,,0.07578890089360381,0.2319587628865979,0,5
-0.92039375498188514,0.24750941858860831,-0.30267874636365732,-0.19099418732883378,-0.96009189075714296,-0.20431539763065579,-0.34116939516454942,-0.13024073484245924,0.93093544072118783,-11.699706861305545,-19.930299360164344,-6.7847262123206153,,0.3449474202150327,0.5526315789473685,0,3
-0.85100478425716275,-0.35781093136129566,-0.38439848408881988,0.44655293217251829,-0.87824417720252068,-0.17110711258739228,-0.27637173505904494,-0.31726724162483344,0.90717151710810628,-10.797710774888079,1.7661582450927422,-6.4326578598045456,,0.09388448458751489,0.3128834355828221,0,5
0.40572047870153943,-0.8226143806777052,-0.39836726003077988,0.90215573182786957,0.43035660501408662,0.030136822176076206,0.14664899826564307,-0.37161643292915197,0.91673076641110862,9.8867466626132909,16.929389027102076,1.2688819127511062,,0.2960313656980152,0.7796610169491526,0,8
0.67936591107121391,-0.57675113839540826,-0.45367398342199411,0.69069058878022038,0.71138473632267307,0.12991638656286916,0.24780732322675944,-0.4016091150443688,0.88164712287199509,-11.799904244093812,12.348680165773738,-6.9601408186211122,,0.4771256382832386,0.7857142857142857,0,5
-0.81193940658043895,0.5282940987552649,-0.24831380401050765,-0.53844698280487902,-0.84209082073707719,-0.030949900463162483,-0.22545342479130565,0.10857437474247605,0.9681850847844915,1.8810972216492623,15.466379207220498,-1.6348821142643279,0.1831599763831997,0.1365218679266028,0.3076923076923077,1,5
0.94731698862768499,0.021536561286905315,-0.31957268278955092,-0.0013385946076814304,0.99799437216696607,0.063288555739094546,0.32029475678170555,-0.059526545767410032,0.94544585203339337,-19.16940768468907,2.4842612476059664,-10.105856651782972,,0.7492111050304688,0.7123287671232876,0,2
-0.74692370191394108,0.60296825655298592,-0.2802396565595715,-0.61505009841301717,-0.78668163909484268,-0.053342058014192228,-0.25262296008342533,0.132518980906526,0.95844684763328625,-14.25959071461422,13.866047035945998,-7.9768194387950198,,0.0740901971950412,0.1739130434782609,0,4
-0.1667754498455096,0.96091647346884379,-0.22096488486868007,-0.98352002994773924,-0.1779938991353564,-0.031725739742215667,-0.06981618738105172,0.21203231566625361,0.97476561136140816,-19.651713168316757,5.6602766498201982,-10.205728012877335,0.6897444791204845,0.5605592007132119,0.7386363636363636,1,5
0.035149160467254033,0.9619805608400277,-0.27084670403081251,-0.9993784965286725,0.034559085196515862,-0.0069491227123537743,0.002675293355620144,0.27092262769338288,0.9625974094132892,2.1504489621255987,10.741581827480484,-1.513658206135021,0.5148575473403061,0.4337895101740125,0.8687943262411347,1,5
-0.56742270377945936,0.80355267772805372,-0.17981815634601975,-0.79883262739837113,-0.5901623745163741,-0.11651096561701271,-0.19974460853655551,0.077533643157461321,0.97677562701948517,-3.2189675015745811,18.797724075622455,-3.6907239480228968,0.7441053166980885,0.4432764159461479,0.6491228070175439,1,4
-0.82651966427774481,0.48070012306569521,-0.2929038003284164,-0.48920921324132638,-0.87080732753371859,-0.048671798748197714,-0.27845931523654566,0.10306303895290482,0.95490230901374706,-11.390020092636115,5.6674609479391913,-6.779364346785635,0.5496153158200109,0.5162353122543973,0.9886714727085479,1,5
0.7517708852326096,0.61781224402479251,-0.23053973030614211,-0.60381926967332256,0.78545255168344785,0.13589179013147351,0.26503363123904505,0.037044840221157699,0.96352729806956428,-12.877679715714951,18.244974805495175,-7.386976881992612,,0.11084791059864,0.2,0,3
-0.87476225310616917,0.41778095919608788,-0.24545889813533978,-0.38555525203269669,-0.90695602816550491,-0.16964053349437366,-0.29349301213252471,-0.053757167963431822,0.95444854168358872,-10.414483235276593,19.618483250345019,-6.436978318401664,,0.2648433519094666,0.4583333333333333,0,1
-0.90627337140414033,0.34958990739120926,-0.23760360463170294,-0.29458051921033507,-0.92549111536025996,-0.2380934965323307,-0.30313510846739977,-0.14578440259310105,0.94173032975211646,-14.400247562439136,-16.82657875016131,-7.7255942861690512,,0.2392885694021839,0.3333333333333333,0,1
0.79893645392557677,-0.48797021599616264,-0.35154745183187458,0.53536645365393176,0.84336381626448387,0.046045995676273849,0.27401332611907486,-0.22499453708138165,0.9350369807620964,10.254959962808313,-10.97335902085155,1.3100288364429251,,0.08536831872918574,0.2941176470588235,0,5
-0.70027409415133912,-0.62306626837351708,-0.34843165509985335,0.67378861789939304,-0.73813009648914063,-0.034247029742138627,-0.23584972217441447,-0.25875159105217815,0.93670834451189722,-14.655551832868026,7.0852699211520687,-8.2137266055514946,0.6018642339461285,0.5646390966579405,0.9552941176470588,1,5
0.94761015828326467,0.10687112941906197,-0.30102084581480504,-0.060254757895816961,0.98525780045425471,0.16011380576003137,0.31369467969553305,-0.13358753063343409,0.94007979426747523,-2.9174210767066731,15.874873990284481,-3.4388242158105378,,0.5202920151799501,0.1739130434782609,0,1
-0.59281417912581424,0.75213355922959391,-0.28786534718164886,-0.77916013546168339,-0.62604901230452603,-0.031178798884171435,-0.20366843725702624,0.20580996883812913,0.95716321721644226,3.8747308288602822,10.903945808487425,-0.99340484544418306,,0.07378448992402203,0.2127659574468085,0,5
-0.13091993055680898,0.95421551847235542,-0.26894742253744153,-0.98998578483895516,-0.14028033507882665,-0.015797892485036914,-0.052802628720519142,0.26418586619405843,0.96302529068737175,-7.747883009721928,7.9307452097405964,-5.2393408303126021,0.5355733359334196,0.4686853066355035,0.9794933655006032,1,5
0.043457667113192162,-0.93327703873310996,-0.35651844292074891,0.99877567473125628,0.049027061044735955,-0.0065953658305314012,0.023634354956329671,-0.35579532916955509,0.93426500577027161,-2.7530515496852113,13.218876194350656,-3.4125603819987673,,0.1632189788289347,0.5769230769230769,1,5
-0.95349087910195229,-0.0016627315013708372,-0.30141728350136537,0.018425571782589929,-0.99843621844363117,-0.052778935234315774,-0.30085817551443206,-0.055878019148300345,0.95203046442967965,-12.99310175165126,24.040932198033456,-7.4100217115493807,,0.1154850270961836,0.25,0,2
0.12044005041448852,-0.92400815552288507,-0.36290924868808688,0.99158042421227011,0.1294908463601242,-0.00061889252197856379,0.047565287502237465,-0.35977916731814119,0.9318242828928075,-7.5499990568198161,14.77330567225469,-5.1999364450469843,,0.1140019734530647,0.5909090909090909,1,5
0.061600140261322225,0.97179123230388031,-0.22765593235646525,-0.99802439236633278,0.062796004047459567,-0.0019935188696781764,0.012358598690699196,0.22732897460063803,0.97373959678418398,6.4745309359436609,7.7604041293738737,-0.018889267807167463,,0.07943803067614029,0.2,0,2
-0.93423512058687075,0.27037841229321574,-0.23259461220723462,-0.21290522159303485,-0.94598556289823665,-0.24450497215092762,-0.28614001132392286,-0.1789045246881841,0.94133791221093333,-18.099097870074257,12.457141721571844,-9.4162000594311337,,0.3899520590673253,0.4137931034482759,0,3
0.32060337043653975,-0.85362921245185763,-0.41052484274834306,0.93974544986576602,0.34096611316070968,0.024911827164351953,0.11870959658477155,-0.39377566878223846,0.91150905335810073,-13.473241714632831,0.48804546889199707,-7.680834780980109,,0.2855483494627502,0.1797752808988764,0,2
0.93006423763623269,0.21411303024342926,-0.29855673522818088,-0.20519919485585947,0.97679958246523746,0.061285121573227019,0.30475203740195217,0.0042645018131695009,0.95242218040302118,-4.0336521793732647,20.11196379666179,-4.1092113124445708,0.2171338619907568,0.08228952235828042,0.3333333333333333,1,3
0.9350229287150581,0.21678504889873498,-0.28060000953508513,-0.20445911116894672,0.97616017787735854,0.07285450560157157,0.28970432277948699,-0.010749404654127548,0.95705582682645096,-5.9075716781092531,23.446127992530059,-4.8305211030393984,,0.2292681046841811,0.5789473684210527,0,5
-0.83616779256657547,-0.34260085562539649,-0.42830838936342175,0.46149365563422684,-0.86147294439099042,-0.21186781702674187,-0.29638999389942289,-0.37481864922528291,0.87844405155321981,-1.0963387592200644,11.596921740126518,-2.7965098602539493,,0.3392885430444131,0.1818181818181818,0,5
0.52881489457738085,-0.74157705846442279,-0.41281748222715747,0.82810445888072126,0.55741006271645677,0.059472911180681737,0.18600487212700365,-0.37330615899244396,0.90887001226981123,9.8843441350344392,24.604594607486725,1.2152655310756015,0.4582097979059004,0.3921418085783513,0.3529411764705883,1,5
0.72437950333205481,0.63625174408303498,-0.26543935899504884,-0.64802457987841322,0.75979040180308977,0.052751200946572867,0.23524132082993443,0.13379934035411406,0.96268336305090074,1.8164861786503068,-9.2039424786359607,-1.7326284387941477,,0.07415732099784481,0.2830188679245283,0,5
0.76338724384489731,0.57463241167581636,-0.29502119819858147,-0.5961750525159526,0.8025897801836509,0.020614351854001733,0.24862667333271565,0.16014754508388321,0.95526830844067734,6.0426207884428225,-5.7928952293126956,-0.13522381593506555,,0.07227436637205067,0.1888888888888889,0,5
0.90743951775200604,-0.21417410281898736,-0.36150100318489869,0.28561105362498784,0.94542886019201433,0.15681389084916034,0.30818800701719523,-0.2455478038951068,0.91909000012678777,-12.57855093602252,0.39064993869846587,-7.2107558394744453,,0.1574831364886012,0.1267605633802817,1,2
0.48685496293373531,0.85191957960727571,-0.19288668940223866,-0.86299899678432057,0.50324761031136656,0.044436181937211661,0.13492581893784911,0.14482704373722291,0.98021433920662937,-1.7898994843486242,14.757879251319487,-3.0766407005650858,0.5209095830759558,0.3411422462682233,0.3636363636363636,1,4
-0.72979570789181736,0.61392142495150903,-0.3008300329558054,-0.62923680345019206,-0.77522543528887278,-0.055556904746064451,-0.26731866737372928,0.14874813769149464,0.95205815032845886,-13.425838094275838,5.4736554140217875,-7.6350349565441666,0.1243114490626256,0.1256359418436032,0.3796296296296297,1,5
-0.93338664865021626,0.2048508039861292,-0.29466169114384827,-0.16486729920086676,-0.97407038912597976,-0.15493757027323163,-0.31876031399113691,-0.096036582270492915,0.94295749484803026,-13.076479721874295,3.0747382550156117,-7.4594978686913134,,0.1610263519976377,0.3898305084745763,0,5
0.65958840328462953,-0.65115343721292529,-0.37542288084002934,0.71728291061109717,0.69456694530972418,0.055515625083323784,0.22460713345240535,-0.30590187918499695,0.92518953512963054,-14.684992162487353,12.95562802243672,-8.1302028779322821,,0.07557139269209076,0.1578947368421053,0,3
-0.64991087199156683,0.74773850605807413,-0.13602567781562963,-0.72390331280303544,-0.66354965872471916,-0.18885402860172279,-0.23147322130206052,-0.024268847610653184,0.9725385189573208,-4.9511522411741815,26.864567183479611,-4.5081399799390125,0.9821588203555666,0.5276914929913553,0.3076923076923077,1,3
0.94720696812360516,0.03859161398529086,-0.31829176374530588,-0.027189008042378147,0.99882201781819324,0.040191224953518394,0.31946786595800031,-0.029415371009102124,0.94714044289568677,13.736772816794534,8.3297721073592434,2.6381000361538338,,0.1163447515748278,0.1923076923076923,0,5
-0.20459874218260338,0.95412509806503065,-0.21859700807580396,-0.97716902344746137,-0.21215633221314342,-0.011418857937724161,-0.057271758415751155,0.21126994093875007,0.97574840903980242,2.9275603132416377,17.544988664989841,-1.2968035216619005,,0.3388012367578618,0.6216216216216216,0,5
-0.51420364447243427,-0.77246581991163388,-0.37268105543415164,0.84202862577735182,-0.53727975956540752,-0.048148243299644469,-0.16304111562047874,-0.3385661191400946,0.92670954326997435,-2.3097799127323349,16.485044582150312,-3.2951118543893543,,0.1588601270560307,0.2631578947368421,0,1
0.94101499574251724,0.18909108048240553,-0.28059818436637612,-0.14611527874846389,0.97505871136190825,0.16706536060330973,0.30519027360643253,-0.11621132767183968,0.94517396505446527,14.305244828595042,6.6170536676037388,2.7808523619793521,,0.2271338091152749,0.4545454545454545,0,4
0.9417668910732474,0.1731647630849093,-0.28825177831884513,-0.14835132466394613,0.98323919775773483,0.10598379339869851,0.30177310574118749,-0.05704949446290291,0.95167134444242074,5.2609863328169402,2.7950071565445755,-0.40440782359315552,0.5790586809156284,0.4501805393715815,0.2076923076923077,1,2
-0.90589279368867859,-0.26952813265594133,-0.32666930074606332,0.30646605659341952,-0.94956269705305663,-0.066402112326366947,-0.29229574492113236,-0.1602662474519379,0.94280322837200448,-2.0902059687228633,-19.209205744039419,-3.2202636932166087,,0.1100489994074927,0.2777777777777778,1,5
0.2926889539740799,0.93264012902640436,-0.21098712271409015,-0.95270124061482375,0.30330721301243052,0.019107084173350178,0.081813949620674051,0.19541526108327337,0.9773020788800264,4.6662442623228699,-14.7132528527135,-0.74909248860571276,,0.1646830408170254,0.4285714285714285,1,4
0.15381470562279687,0.96839734140771916,-0.19633549217763616,-0.98801081491994114,0.15339940022959089,-0.017414178431286769,0.013253902648173211,0.19666014635320531,0.98038213003957253,-3.752071123448443,-16.401636512943877,-3.843380077323713,0.5582148342275811,0.2886630537248572,0.3448275862068966,1,5
0.34097431508710457,0.90066204434922781,-0.2693406733479925,-0.93394954982720713,0.35719945953946869,0.012115464591563424,0.10712028205917766,0.24741953838244404,0.96296875193236731,5.5963618810751274,6.1318498789256193,-0.29308123214914406,,0.1061206976054309,0.4150943396226415,0,5
0.0042404628696784963,0.97588075594963297,-0.21826307209838477,-0.99976869873942775,-0.00046480593193315857,-0.021501929595220896,-0.021084769278393208,0.2183037657087471,0.97565306250831729,1.3840682441030503,-12.787696512986507,-1.8715770457086733,,0.1156839984307835,0.3953488372093023,0,6
0.82491149229889715,-0.38382452444840376,-0.41496959443453729,0.48929668094319823,0.85244269360003988,0.18420155304958788,0.28303672533997748,-0.35499322325907401,0.89099384035410512,-17.688368094728197,22.013478483610914,-9.1421478961643832,,0.4559821873672735,0.5625,0,5
-0.95039387160634969,0.10282492362049502,-0.29356178888869833,-0.012288901602423234,-0.95545544048413478,-0.29487944002027983,-0.31080616420930157,-0.27664406072010161,0.90932260059771608,-10.742017951270036,-11.206571556763388,-6.4705505709826721,,0.4993850031066285,0.3840579710144927,0,2
0.94874582869503088,0.021138253057890518,-0.31533240682086622,-0.012399466902612736,0.99948213668635211,0.029693630047800491,0.31579677920192722,-0.024261753904967605,0.94851661110554342,-19.174447158203609,7.668755773094917,-10.015162145796142,,0.09727994151593725,0.3255813953488372,0,4
0.85424471887857067,0.45867697686145759,-0.24470674523867564,-0.44078116985295057,0.88860292704394928,0.12687315851664879,0.27564092687976616,-0.00051860019307949654,0.96126053205294115,17.076068853949714,5.6227676710339658,3.7812512748029672,,0.08281428413659775,0.3076923076923077,0,5
-0.32904613599623161,-0.8803404600578123,-0.34165672065854258,0.9390430710766231,-0.34321582963959191,-0.020025107934560579,-0.09963308210094568,-0.32741956060994054,0.93961145176134375,-1.2841682873603046,-6.8854107386171002,-2.8468820105750714,,0.08996728019397099,0.4495412844036697,0,3
0.091037886387132103,-0.9269246707468799,-0.36403675364302507,0.99516333281635927,0.098226307058528681,-0.0012383939116634018,0.036905883812753289,-0.36216328825880817,0.93138375999239309,9.3921213414981501,-8.1459726818647411,1.0244992664105881,,0.1152282420322043,0.3725490196078431,1,5
0.86727398484726947,0.40593614959237928,-0.28818687975210289,-0.40811323195300697,0.91124935462357715,0.055391367585451795,0.28509546666338048,0.069573386810108634,0.95597077295059685,-14.956945330633937,6.0490510734891494,-8.3383653586752029,0.1794642014940372,0.1311276073021106,0.3863636363636364,1,5
-0.70656063047706674,-0.62489328135630584,-0.33208502281132657,0.66979556688385633,-0.74198373248240324,-0.028879738818339551,-0.22835492997214688,-0.24283436257504987,0.94280724345445377,-13.916936264846113,-14.419789319672871,-7.6483087911147685,,0.2909454759550753,0.84375,0,1
-0.16414279240676158,0.97867598184317028,-0.12349277818648997,-0.9830155294109143,-0.17270397012013974,-0.062079043498767292,-0.082082961922013573,0.11120549117758875,0.99040180032856395,-11.062189893311889,17.993599093816503,-6.646090847289928,,0.2843435909322523,0.2203389830508475,0,3
0.16978318918639498,0.97485504061146055,-0.14433058741695975,-0.98398426204971123,0.17576724500219743,0.029679077189545718,0.054301387718753126,0.13698001817332828,0.98908434115248867,6.4449665688132054,11.214589580060631,0.042985983585509854,0.146117293851462,0.1826866863369528,0.45,1,6
0.94552217897506508,-0.068824914097015841,-0.31819952901565296,0.089623973950153743,0.99466004121103402,0.051175635916384875,0.31297819789823572,-0.076906005081544909,0.94664149181343726,3.4683593022133521,-5.8312495391353423,-1.1028154752793247,0.2712344323280206,0.1718431836810889,0.5093457943925234,1,5
-0.36785809474101161,0.89522523832596979,-0.25149989025390079,-0.92372379247397784,-0.38287801651216818,-0.011780479158341489,-0.10683996139556186,0.22798288781379877,0.96778562993726891,-4.5993710922180018,-13.21987452877511,-4.1106742580794497,,0.07008648844888048,0.2368421052631579,0,4
0.69159978241680931,-0.60946392060458399,-0.38761252616796676,0.68531290579839321,0.72319365250625889,0.085657236243182222,0.22811392352766682,-0.32487639258023493,0.91783406312735427,-8.6675736898473836,-14.808834157762572,-5.5877592119155519,0.3842415888038169,0.3216196222663271,0.8351063829787234,1,4
0.58723523103024178,0.77451407600744948,-0.23512279664716501,-0.77840268594240358,0.62002252927201873,0.098292022630422193,0.22190998615319077,0.12529967781863718,0.96698291028540695,-3.7656067622060903,-14.622551716593014,-3.8404296811859266,0.4137518696672319,0.2168477553196762,0.3571428571428572,1,5
-0.91065807777585006,-0.21814845359753857,-0.3508747890267947,0.29023408768509756,-0.94218433990071182,-0.16748983250173782,-0.29405108353344717,-0.25436179319792435,0.92132189729428604,-3.1601825393985878,10.451266671740914,-3.5603938411641702,0.4749099130823161,0.301406935194786,0.3615819209039548,1,4
0.68158903165229534,0.67287299845400728,-0.28753837984311059,-0.68237942468734381,0.72635830576376603,0.082230969904058412,0.26418688971002485,0.14016254706413658,0.95423254383082001,-20.241630631640092,13.637392868872553,-10.340140593883994,0.5692157641388735,0.5890692422590738,0.9399999999999999,1,5
-0.94996227882081563,0.19627095050814539,-0.24300078766167366,-0.13311549576233733,-0.95813418997246558,-0.25349386342425706,-0.28258084437114961,-0.20846243784537746,0.93631804340301583,-21.396902700453207,2.0976586196387461,-11.032963610155226,,0.3778875600168448,0.4111111111111111,0,5
0.03360290620206674,0.96063102282295665,-0.27578774933795591,-0.99941983964804537,0.033830742370804856,-0.0039325549603099249,0.0055523700030464668,0.27575989349570107,0.9612105140532895,-4.8619871304119986,-10.620802850865209,-4.1770139995693665,0.3862749003354679,0.2973648129647876,0.9261213720316622,1,5
-0.71576309061438759,-0.59681900211203864,-0.36261588055700245,0.6580380719557547,-0.7502536988485361,-0.064072484116376574,-0.23381422961593484,-0.28447577415674719,0.92973353168906725,12.746104331112891,21.051967752227487,2.2892707780165744,0.3793740758281142,0.3040905428737168,0.3076923076923077,1,5
-0.31824596724717291,-0.86870197387522319,-0.37957395184101134,0.94313826693621849,-0.33065658674506948,-0.034006338859785823,-0.095967253641320582,-0.36881309931643091,0.92453619940008336,-3.1926507846131522,-7.0683512552014909,-3.5637995445855468,,0.09002097945007825,0.4366197183098591,0,4
0.24060062220000894,0.9330472454762766,-0.26745874131555547,-0.96800951977377248,0.25087503580454379,0.0043915871184955499,0.071196279567959625,0.25784598914701301,0.96355930572875448,-27.162405294751665,7.7640706448776795,-13.419191938072606,,0.1053901272428658,0.375,0,1
-0.93841424012461216,-0.13086527396815262,-0.31977022062816757,0.15219846213342916,-0.9874338509384667,-0.042544308021745095,-0.31018436784526354,-0.088592720299527861,0.94653948034636337,-2.172113952745109,9.0477344487612115,-3.1631467375821067,,0.08775473828896456,0.4444444444444444,0,5
0.17067438309786725,-0.85545718626692191,-0.48894095494082335,0.98243091566657692,0.1857641481491798,0.017921417492542415,0.075496694607743442,-0.48340943694418248,0.87213276820482688,0.076120863674194683,34.133580366397958,-2.6650154870384863,,0.2717233526323312,0.1724137931034483,0,2
-0.80534580926284194,-0.47381735022259741,-0.35625166123235669,0.52922858157551189,-0.84542219410463004,-0.071961254567190935,-0.26708657013475834,-0.24649225615290382,0.93161490526413393,-2.6334013452761158,-8.7120044666548022,-3.4128085167799216,0.2405068215465858,0.1349041075189315,0.4166666666666667,1,5
-0.94778370735450834,0.05307003889390486,-0.3144671923192372,-0.048420310064408188,-0.9985716745340375,-0.022585047964442537,-0.31521662019413149,-0.0061791415333374107,0.94899963148744193,-9.2891857959783888,4.1942434293040201,-5.8414896614986871,0.1192603162450488,0.1202008757228714,0.6997319034852547,1,5
0.026994693133378066,0.96005463393878954,-0.27850742610439144,-0.99962911485320927,0.02692744101966044,-0.0040676354216482398,0.0035943400542364874,0.27851393640676414,0.96042546194214595,11.020102985927014,-7.5972831343134004,1.5658391781603367,,0.09538951940016427,0.3673469387755102,0,5
0.94882331110586193,0.01681092875678623,-0.31535966288738365,0.024578434265277661,0.99162250004140018,0.12680977084086245,0.31484952734787058,-0.12807111339400021,0.94046135754896643,-2.458824467003851,19.983013952761283,-3.412322049874426,,0.2695810068617243,0.7272727272727273,0,1
-0.94915723637777616,0.11161595368490297,-0.29435084425684011,-0.0039658770230823022,-0.93919914670315174,-0.34335001769551737,-0.31477740143018973,-0.32472579465617424,0.89189032163925608,-9.2923273085351319,-19.854823061184209,-5.8436925409130271,,0.5138662895342905,0.3448275862068966,0,1
0.32532755573515382,0.93344639251090233,-0.15112846782711964,-0.93963904393311715,0.33704011626863234,0.05901209318507885,0.10602098186608176,0.12280794898543498,0.98675111303212759,14.243829749144767,0.68132442130200488,2.7851065966023296,,0.2161173858158419,0.6,0,4
0.86641891990393716,0.39608208785105431,-0.30403492384271191,-0.41091950662412707,0.9115227305928213,0.016476367572678414,0.2836607380450773,0.11065844430569102,0.95251839583052955,-9.6727095618704499,24.713264448807461,-6.191887421301054,,0.1515977639250829,0.3846153846153846,0,1
0.41019498277575739,0.91170066180473086,-0.023280450391096868,-0.90296912861903422,0.40958477077851158,0.12995025320212683,0.12801104978312927,-0.032283413870444144,0.99124717014591834,1.9991374797422026,18.994828447037268,-1.6562779582218197,,0.4296792636178131,0.1333333333333333,0,1
0.83718973808235364,-0.42258238534433518,-0.3471850659897287,0.48037255656026029,0.87163666886695701,0.09742548121654139,0.26144894215383596,-0.24834179085125227,0.93272225531689412,19.454462586414238,3.5065960049871805,4.6559037332849353,,0.1865486514917788,0.1363636363636364,0,6
-0.51407458503729619,0.84271593081207163,-0.1598661345447375,-0.84010423374500109,-0.53228489666832213,-0.10439188293406194,-0.17306703170291254,0.080639002562892137,0.98160335869596826,-11.312731547257128,6.6770156751804945,-6.6876932391357391,0.2323541324231442,0.1457827849789563,0.2702702702702703,1,6
-0.41968280838083571,-0.81257145781977391,-0.40446750955573985,0.89962664863544795,-0.43157635244881232,-0.066436022396971009,-0.12057459688726747,-0.39175180656076924,0.91213611300169839,-6.8690509985344876,-9.5215229297383139,-5.0142162440230962,,0.1031784599727499,0.3214285714285715,0,4
-0.47749461355963502,0.85449110621862701,-0.20455767747703996,-0.85993544470274674,-0.5022666070014955,-0.090770515229854104,-0.18030508857329203,0.13256396525629147,0.9746367888347458,5.8618004373155808,12.275892697382945,-0.14440623332785241,,0.1795350452721349,0.2857142857142857,0,4
0.43721909410108539,-0.71229541959371767,-0.54906711700778099,0.88627192216218298,0.44499929573773939,0.12844339912921052,0.15284483550442929,-0.5427806757970719,0.82584961962871783,-11.285583249055797,-8.0518047420483185,-6.652358476655909,,0.08795952454173014,0.1333333333333333,0,1
-0.11425730975246873,0.95390465950450343,-0.27750886065804425,-0.99206644313049008,-0.12429980241794895,-0.018807751946384746,-0.052435098765486354,0.27315830519033529,0.96053896366727209,-1.6802885073494174,-16.344079913419929,-3.0826317131325043,,0.0961573163964812,0.5151515151515151,1,5
-0.071419308389188432,0.97024980612251333,-0.23133222021248193,-0.99588029806336853,-0.082354226857061966,-0.037950141607015993,-0.055872303679255685,0.22766882755002252,0.97213434804227128,10.292226236582991,12.716250207485807,1.416518179299221,,0.1001010368973071,0.2,0,5
-0.68955387314743499,0.68902657029723358,-0.22306465755874891,-0.68585435836897224,-0.72020092351605858,-0.10447214400451937,-0.23263545545263717,0.080950696050417395,0.96918921252524082,-7.2119403110176394,17.736739911049572,-5.1159158025876055,0.8131374212998864,0.3897842953413088,0.6666666666666666,1,5
0.17041344518183496,-0.90006497444020328,-0.40105149231390957,0.98299291694891566,0.18355350449749031,0.005747713889214065,0.068441090943381355,-0.39521026400214609,0.91603747974514327,1.3750148273844203,11.67473410207856,-1.877171714834214,,0.07219879744813565,0.1666666666666667,0,5
0.86954861309617049,0.38903781331549608,-0.30419531435119945,-0.40155603650614796,0.91554457127696776,0.023040997173470027,0.28746818781910649,0.10211619761806573,0.95233099454760395,10.431838397654657,-6.3195350895632831,1.369080719490374,,0.3015239388758548,0.9011627906976745,1,5
-0.44804717636298219,0.89019834681675136,-0.082465938895297755,-0.87943484223208968,-0.45545194981192516,-0.13841199254666076,-0.16077339960758433,0.010508317526601947,0.98693540277030378,-1.2889581156780958,-9.1112567878423842,-2.8309288708302343,,0.1404458402398507,0.3,0,4
-0.83973768342943189,-0.42189723697521359,-0.34182355749897186,0.45826129583529851,-0.88833263761353565,-0.029354892095401822,-0.29126827456474808,-0.18129491549202412,0.9393055657499404,8.1216395354226751,13.213646933103034,0.66223071026489388,,0.118365001127539,0.3043478260869565,0,5
0.46799797336336169,-0.79760538191768704,-0.38053061856272041,0.870991147424658,0.48914768916984974,0.045923406751608241,0.14950691634725044,-0.35293086138185276,0.92362735399543017,3.0725836862772513,-21.120108936314569,-1.3761440230047242,,0.4594976694147233,0.8648648648648649,0,4
-0.035566013972103197,0.96457211015396571,-0.26141098477926061,-0.99661603566517265,-0.053629567886263434,-0.062292430546326036,-0.07410489933312335,0.25831088587486872,0.96321542249559555,2.2712089729093123,14.335599481104804,-1.4982380974099183,,0.1627708099270007,0.4137931034482759,0,3
0.00088283419888926084,0.95484579039738504,-0.29710055059553397,-0.99995628343430931,-0.0019226865834775007,-0.0091506555253684403,-0.0093086961503484351,0.29709564089143747,0.95480235040519534,-3.9232905305039636,-4.0165496906929237,-3.7906447193314912,0.4947948468211814,0.4047834852869605,0.9343155310006138,1,4
0.83055631105612393,0.47323565967112685,-0.29363961684431905,-0.48649622524068348,0.8731288560760877,0.03110343250881846,0.27110447615524796,0.11702141301017437,0.95541004385849571,-1.635419843886587,-5.6505494564115484,-2.9552386743818313,,0.09228158689215071,0.532258064516129,0,3
-0.90162561526420748,0.20038217197382402,-0.38329914564800521,-0.13323872128412984,-0.97178740268191555,-0.19461933906810366,-0.41148352707004932,-0.12440349329415278,0.90288707921101763,-0.15463783045955298,16.575310379172393,-2.5137981084098495,,0.5101788984125349,0.2272727272727273,0,2
