axis_00,axis_01,axis_02,axis_10,axis_11,axis_12,axis_20,axis_21,axis_22,location_x,location_y,location_z,dbh,dbh_approximation,score,reconstructed,number_clusters
-0.9441894451029561,-0.2890892380227732,-0.15790409815955767,0.32242488372972067,-0.90922771863487561,-0.26333847044800462,-0.067442465168815899,-0.29955361477610459,0.95169277908709671,13.145851135211011,7.4106167745934552,0.23860916639325114,0.5845154993267809,0.4412845486789083,0.1081081081081081,1,5
-0.1672857739945286,-0.95605206918681851,-0.24079018007936959,0.9837590266459102,-0.14574773966878929,-0.10476532763338749,0.065066483781926199,-0.2544052621017156,0.96490637644447907,4.5455469311046652,-15.757917809939419,-2.9757822515268546,0.4621428144456075,0.1982767526246828,0.3,1,6
0.18422810290338987,-0.9244184456733453,-0.33393194426334105,0.9763394071369409,0.21125600217701768,-0.046176440049785501,0.1132314804818232,-0.31752391853695228,0.94146544970319235,5.2180803578222745,12.69273852241858,0.58879928327348507,,0.2962640924932795,0.3421052631578947,0,4
0.6772693240415969,0.73145164445300626,-0.079276443785237696,-0.73538584951338959,0.66968640916076028,-0.10357492805133757,-0.022669694477681936,0.12844689646839377,0.99145725058619094,-8.5761102989681248,16.601421193535877,0.28250666093664345,0.3844328994248771,0.3193979428821161,0.819672131147541,1,5
0.96412245053842849,-0.23240761452296804,-0.1282754890051831,0.24002969402420896,0.96961033697312893,0.047344909140264992,0.11337392272661284,-0.07643621619755149,0.99060782275276882,6.556291949932068,18.451862411258087,1.3173037060243871,0.5972391719627569,0.2250373205389594,0.4,1,4
0.064659528462037083,0.99282543457169092,0.10058231378627548,-0.98878651860321565,0.077338687067838821,-0.12774955229336935,-0.13461190886247926,-0.091194210069261844,0.98669308806854616,11.347009137344513,10.717847422240547,0.61997142253254112,0.6096499110803316,0.5039396054794997,0.2380952380952381,1,3
0.78204665107196802,0.62306155716469169,-0.014047474172552782,-0.62319324200727044,0.78160607574861207,-0.026872392325993553,-0.0057635634451850938,0.029769755396441871,0.99954016577626792,1.3616737130846022,14.859154691977011,0.61190329129977716,,0.6316635456137389,0.8301886792452831,0,5
0.66418354457054152,0.74562507201804362,-0.053883866785887559,-0.74746308315687893,0.66114524614809222,-0.064698553410348955,-0.012615801176488025,0.083247915732866093,0.99644900827227978,-8.2749042387444209,-13.09766218245321,-3.2006169589487574,0.1913568332113678,0.2474043157662434,0.7076923076923077,1,6
0.76275479926058998,0.64616574729382581,0.025979669535008867,-0.6466629415357189,0.76175747143292039,0.039402979081469509,0.0056706480501294999,-0.046854900921190316,0.99888561007272347,2.9026563088223347,20.552085893660614,1.3490942884222243,,0.4696513513543545,0.5333333333333333,0,4
0.22445963564828439,-0.96391757789017884,-0.14311105826933943,0.96479183629786047,0.24047831174491607,-0.10652180149301468,0.13709334257228423,-0.11416253595048514,0.9839574842480302,-17.30274007929232,-10.391489462208789,-3.2565914336518129,,0.07613819621150134,0.2121212121212121,0,5
0.51622941443785431,0.85579148896566626,-0.033587484024212862,-0.85423939202338817,0.51168454826294485,-0.091945550106881463,-0.061500022639517149,0.076156749424280704,0.99519741595949962,10.764063806810185,1.3188392705635084,-0.60444885071027565,0.08903172994654847,0.141883457386928,0.2093023255813954,1,5
-0.69389665904301778,-0.70665997593880892,-0.13834415410526332,0.71978568003252585,-0.67525455759721342,-0.16105855228551696,0.020396112106312498,-0.21133613238240681,0.97720061285316107,15.2511988609337,1.5418871790001596,-0.43536778205520665,0.257874629122082,0.1502321446228116,0.2777777777777778,1,5
0.98307562467024412,0.16774779018748809,-0.073640987679591541,-0.16949996830643069,0.98536246639481717,-0.018181599611793182,0.069513142090760621,0.030356032473612841,0.99711906729794952,-0.046841587323188119,-16.564315248679407,-3.2472520850227102,,0.08413011748269669,0.3888888888888889,0,5
0.63852066861869372,-0.71199368724581813,-0.29215808232674495,0.75492114004073441,0.65325327638413788,0.057915707826007357,0.14961760613756234,-0.25753668906680821,0.95461480489157102,-7.6640181875122897,4.071320017090672,-1.2097243494727574,,0.2356534779804231,0.3434903047091413,1,1
0.88971942450829988,0.45543684692652597,-0.031250985812366447,-0.45650734170518925,0.88772535179323619,-0.059537775847250125,0.00062659546927856281,0.06723822012218951,0.99773675342392731,-0.39369811662062193,6.2441904411953137,-0.46845663089923045,0.2684178048493683,0.1911592520893577,0.8152173913043478,1,7
0.78963201875811873,-0.58638348149795305,-0.18065350142833361,0.59732802524946782,0.80195883499013643,0.007826699996401976,0.14028722394982521,-0.11408961218096154,0.98351566087625097,-0.42299004379450095,-4.0956711367239533,-1.8221859608263382,,0.233743328885712,0.2284263959390863,0,5
0.67396153990926799,-0.72218383007265619,-0.15564818760498761,0.72353380818105562,0.68781239182449727,-0.058420390889520425,0.14924701384667016,-0.073243629308313504,0.98608351554196394,-14.618572916655257,-4.360854704313466,-2.5024002278783595,,0.1672668751529786,0.5925925925925926,0,5
0.92936006214374167,-0.35095128420867017,-0.11455597323783427,0.34637031310252092,0.93628045901825196,-0.058365300152016575,0.12773989624797666,0.0145635906581636,0.99170077177226157,5.6460124009796209,4.8247146626346238,-0.39060264785180654,,0.08560631853362397,0.2564102564102564,1,5
0.2946815914572774,0.95555797132599574,-0.008468948668734164,-0.95177979457329864,0.29270219631850536,-0.091872993378536702,-0.085311091296593991,0.035133854124910741,0.99573471868571195,17.010672410579065,-4.114768441642572,-1.0863330858984042,,0.1045181013488131,0.3333333333333333,0,5
-0.35986176039630557,0.92727313095561181,0.10326690666544477,-0.92153350456339655,-0.33594964443390879,-0.19471475643061975,-0.14586128126263423,-0.16523430942908904,0.97540868850749729,13.319118776978621,2.0608324565691531,-0.42904179786581692,,0.1118438887226419,0.25,0,5
0.99235247075571453,-0.015347497427920255,-0.12247868429946986,0.023437189029412064,0.99761748392116056,0.064884928490466204,0.12119105559169305,-0.06725927517832242,0.99034787723660944,-25.145736494869151,-8.8080314040247405,-3.5137428706453178,,0.2974589353664851,0.3777777777777778,0,3
-0.7190488086565846,0.69451673459425978,0.024805566675113116,-0.66544066413582914,-0.67777563468492974,-0.31274416308207648,-0.20039344621023422,-0.2413849506410205,0.94951343977851044,13.465420771958879,5.3850369665902287,-0.012775108296586495,,0.6727976076720867,0.15625,0,2
-0.19779778650400029,0.97909193949270401,-0.047486942147649494,-0.97098677925026533,-0.20234163761992938,-0.12744620907066131,-0.13439014165970462,0.020900614959887012,0.99070805695673236,-3.8974761577817101,13.073923291591717,0.13716227205233245,,0.07984289030461088,0.2702702702702703,0,3
0.8835904517509876,0.4679751505640235,0.016345397794672992,-0.46799811287908571,0.88372556012813841,-0.0026269217390663055,-0.015674179917974054,-0.005328492356028852,0.99986295423578497,5.6522087577879665,6.5897779738304996,-0.21198513448272335,0.5601481478911052,0.1975132647608477,0.1911764705882353,1,5
0.95982330426823592,0.27936188475768875,-0.026384880675080862,-0.2742193956082678,0.95377052652524685,0.12298579513094639,0.059522665059981827,-0.1108093862287243,0.9920576254773571,12.870389625763821,11.232586906390159,0.79470135163215316,0.3259729375659784,0.3344199162597686,0.2692307692307692,1,4
0.48551801792450527,0.87420670426335678,-0.005906986681893437,-0.8722704790756759,0.4839687991478967,-0.07013139656696997,-0.058450539807178667,0.039202546758381571,0.99752027283855549,-12.141236699046598,4.500681713395096,-1.3696262770468792,,0.1180085469276841,0.2516129032258064,0,2
0.22842253360913106,-0.96469317060732473,-0.13111152780428276,0.96427298022182895,0.24274124154926316,-0.10608632930418244,0.1341669324151768,-0.10219479553631891,0.98567512802727875,3.0283528496465371,9.0412070013215864,-0.026518666484065097,,0.08852118637406549,0.3409090909090909,0,5
-0.71615669091101686,0.69617504867572255,0.049597335258447506,-0.68202372600210426,-0.68296684301400434,-0.26153379994504017,-0.14819997042371583,-0.22112574012276565,0.96391917494236523,10.435054187788795,8.620039367965715,0.24996964052292023,,0.63664429209262,0.4,0,1
-0.34941185933427216,-0.9130050525743314,-0.21055433154012299,0.93529465535140832,-0.32643749085622686,-0.13661065930073005,0.055993394500209286,-0.2446637254217145,0.96798987661809288,-20.194814282960927,-1.6489772728955474,-2.5003659929263482,,0.1498394965514392,0.1730769230769231,0,4
0.95157064458592411,-0.27928621605782256,-0.12850104233986528,0.28081155110900347,0.95974116699559042,-0.006462595275711816,0.12513265411587882,-0.029934961066374267,0.99168831644820254,-2.9975913591539816,-11.790226689952769,-2.8196153242037827,,0.08467208828559095,0.4042553191489361,0,5
0.94501915507898404,0.31649561350325983,-0.082275896634423487,-0.32323582612265234,0.942189614373245,-0.088302498707581611,0.049572141819873586,0.11004207013861168,0.99268995439411967,-17.849685816896553,19.166153329902066,-0.015559177943900913,0.144711949339768,0.09321449483017301,0.4285714285714285,1,3
-0.67619549088312969,0.73613009479257541,-0.029532044460177459,-0.71988707713585576,-0.66873289645998168,-0.1859002672538124,-0.15659583098575341,-0.10444518530271334,0.98212471152342162,-13.987472303781319,-14.741604591535628,-3.6085431556863528,,0.1107530280867959,0.4117647058823529,0,3
0.77699709259609551,0.6276446337820254,-0.048350095985847323,-0.62947765370512399,0.77396404565706456,-0.068829786546526009,-0.0057794102731755104,0.083915849008249277,0.9964560846831727,-16.151626749353493,16.750894864252793,-0.10698207143336826,,0.07911631886415171,0.2608695652173913,0,3
0.8823332368939707,-0.44722370578226533,-0.14655721087202803,0.44676842038600151,0.89384747482670845,-0.037877041749798883,0.14793930383102216,-0.032056960746405926,0.98847676434486709,6.7490882973750157,-15.751257535312259,-2.8908985474938427,0.176368143755322,0.1791920116809994,0.4,1,5
0.73385994640597729,0.66589247784421191,0.13430110577174123,-0.67918344420648957,0.72292526599751139,0.12684206281134805,-0.012626487113476198,-0.1842993969955507,0.98278904353388574,-8.2462082812735638,-8.9118092770580404,-2.7337729908503081,0.1369118364466979,0.157235036915288,0.3835616438356164,1,5
-0.25380156196543485,0.96512919844118328,-0.064112381488958856,-0.95714723943030611,-0.26015460266486262,-0.1272349981853762,-0.13947734294447564,0.029072547679341913,0.98979839249040147,8.3196308881570005,-16.383986568149265,-2.9070239443405681,0.3593558713351901,0.2865006453251085,0.82,1,5
-0.99611218145356473,0.0055237682874821684,-0.08792047511090155,0.01324346842216519,-0.97730013358932444,-0.21144516885102793,-0.087092666189361595,-0.21178748043780768,0.97342741415363576,3.9707438670069859,15.556435026336793,0.85499762057806317,0.2628048937338017,0.156676572370184,0.3333333333333333,1,8
0.99589771205913824,0.04216758327563877,-0.080060240045022824,-0.043205148902279299,0.99900263923238675,-0.011271287196144722,0.079505108161089161,0.01468406372289942,0.99672629946684754,-20.563996475066272,-15.998746246669892,-4.0717209050459768,0.2077917708493975,0.2557104317732867,0.5,1,5
-0.53874070409512764,0.84180076336216014,-0.033614409915545436,-0.82976565575180339,-0.53709647333080746,-0.15171135379525458,-0.1457649144542876,-0.053840998676598001,0.987853094632821,16.41380092110964,-15.284254907072921,-2.4828270518654998,0.3160894924343739,0.3111427147649193,0.8,1,5
0.99541038397307025,-0.014610626502494225,-0.0945764086429116,0.012121334558369752,0.99956620563289755,-0.026841643116197966,0.094927555151865489,0.025572057990272887,0.99515568084749084,4.4971691519884853,-9.7460213363265034,-2.2210130481663142,,0.07987875519460411,0.3333333333333333,0,5
0.91549784680880564,0.39346621268195436,-0.083952557829767835,-0.39942250030521637,0.91390056951763965,-0.072439045308896097,0.048221973605099527,0.099850330560563999,0.99383326204579014,5.8825551607915187,-13.283342089040863,-2.5904627829122888,,0.09026139389845483,0.3636363636363636,1,5
-0.38136166879922551,0.92419014818437617,0.020876962652905246,-0.91257618820738662,-0.37277278378251127,-0.16806294174479347,-0.14753975155037585,-0.083144582926237692,0.9855551735151491,2.3117518817380827,13.220027693968529,0.48482316802821912,0.393641099445934,0.1470644187324603,0.2954545454545455,1,5
0.9873669744829322,-0.11964042663232252,-0.10388756429745122,0.11479889141723179,0.99205724382728122,-0.0514163349451656,0.10921388295356893,0.038840613860425414,0.99325914769769419,11.699378946774274,7.9030850268094719,0.20224951844605191,0.5822655146067485,0.4009666459515234,0.7659574468085106,1,2
0.8190727679318407,0.56831043203133835,0.078377635055086187,-0.57368737606756259,0.81100587300705207,0.11468334006640175,0.0016110161978554471,-0.13889826058098961,0.99030534575674556,-13.308407456404296,18.804198739008719,0.21347357104775672,,0.5485541302702686,0.3823529411764706,0,4
0.99218238229879985,0.095643920872846858,-0.08016458479869619,-0.09660971677830657,0.99528816598767933,-0.0082479857479012455,0.078997992885225493,0.01592818398157177,0.99674751571055131,8.3457059995969178,6.270994925402273,-0.14084577568780848,,0.07365422655792372,0.3023255813953488,0,5
0.84150593924632844,0.53841778421908615,-0.04443021325364168,-0.54020704535247344,0.83960292424179084,-0.05694978275800773,0.006640961128119096,0.071925094655781729,0.99738792773627039,-6.248905601734732,24.735416201541202,1.3299856692002998,,0.2023008098325993,0.2105263157894737,0,5
0.01089631265771659,-0.97818481728449203,-0.20745055701195608,0.99269212357100001,0.03551667359174232,-0.11532958725789443,0.12018160495917808,-0.20467786673473801,0.97142336429507048,3.0602048592546716,11.537896685983775,0.35121525693944367,,0.08533119742887345,0.1153846153846154,0,5
0.32488593144216943,-0.93242217458075038,-0.15823406681577828,0.93506899197893467,0.34176573424901274,-0.094032776906425725,0.14175722835345775,-0.11740984304281929,0.98291394179053504,-12.003234284244508,15.027532900206754,-0.12782850154542089,,0.07313853558262184,0.3428571428571429,0,4
-0.40952694244767968,-0.85273435585927704,-0.32424034564920939,0.91022011579709594,-0.35794306794691866,-0.20826929900268307,0.061538802456468748,-0.38042197418920409,0.92276329432103676,6.0172596789164574,9.6132996724808493,0.19698977366756482,,0.4701236773666887,0.4426229508196721,0,5
-0.46261137031951799,-0.82522449318016111,-0.32402971454273244,0.88164393361033533,-0.38977631720689221,-0.26604209605385259,0.093245345080561343,-0.4087529307542383,0.90786912450012769,-21.729863203871957,27.135048376978883,0.60052303426053211,,0.4288556582286333,0.2857142857142857,0,2
0.66612758748576673,0.74018796616641835,0.091628663270905519,-0.74541120408644057,0.66485804925164704,0.048227701248319869,-0.025222490217954724,-0.10042683450012428,0.99462469147889632,14.713754287254737,6.7633998420864794,0.19995273791623719,,0.129874834343646,0.2380952380952381,0,5
-0.91915622327842161,0.38645578099801581,-0.076182455603389876,-0.3710980882400674,-0.91445317055431397,-0.16143607951053054,-0.13205319425563297,-0.12011381351192241,0.98393832412936721,-11.518809899162873,11.082868616787422,-0.53921229369867707,,0.0805407204674662,0.3650793650793651,0,5
0.93812134752800758,0.34493562802267691,-0.030785545842763298,-0.34348464974375365,0.93811842970081227,0.044182657752711268,0.044120660723137972,-0.030874331997370458,0.99854901878729518,-18.08709567412706,22.638664622321031,0.37535556967750178,,0.4391927883397306,0.6829268292682927,0,4
0.93353129357655718,-0.33832023773047548,-0.11856956040770211,0.33124052808240712,0.94050880830873007,-0.075649811958666408,0.13710957832685963,0.031346423012651004,0.99005977864740269,10.978172418836955,-12.780959518467563,-2.3625156519267194,,0.1299145653749862,0.25,0,4
-0.98901183587259278,0.13226307839891885,-0.066045943072712152,-0.10508594644190947,-0.94318866294750547,-0.31520166552177992,-0.10398332733823548,-0.30479767745135028,0.94672374188880004,-4.9501054746444,-23.448372530094971,-4.2883302383990882,,0.4305405900984935,0.3846153846153846,0,3
-0.99549091760982744,0.002200332331777083,-0.094831384541067959,0.029002764981518412,-0.94479438276633432,-0.32637771663612508,-0.090314298866641135,-0.32765642498021263,0.94047041133116782,-19.482463352686921,-6.8666926892823534,-3.0131454497389116,,0.08225806746502316,0.1212121212121212,0,3
0.67552542197710996,0.73697020854664308,0.023244697833385085,-0.73700619342707552,0.67583080879933277,-0.0086364765832196728,-0.022074308885676328,-0.011297326779270776,0.99969250036942003,-7.3067642617450206,-16.18592189969667,-3.5039033868079978,0.5433375454314723,0.5201268397083625,0.6176470588235294,1,3
0.026723400884813318,-0.97586626058617743,-0.21672771233670191,0.99233445393881148,0.052065528886502579,-0.11207815232117983,0.12065733036624998,-0.21207126668014073,0.96977708081680825,-30.714460463623272,-9.0909408245259726,-3.8740043656251268,,0.8788791749074272,0.6,0,1
0.63295350781303061,-0.75734157176269612,-0.16063499191393255,0.75865348796596099,0.64811215585023618,-0.066298707651366501,0.15432025837284544,-0.079902297333485792,0.98478468750106485,-10.266600695245842,20.995039102157858,0.64423675561934135,,0.1129730144868187,0.3333333333333333,0,2
-0.80867295209009737,0.58318254784479873,-0.077111428771209245,-0.57050403565185781,-0.80946077817001538,-0.13891865932745498,-0.14343361482871347,-0.068347381029875823,0.98729703415108361,9.7277972659117857,-8.3562492455372706,-1.857096256619972,,0.09051587871359007,0.4848484848484849,0,5
-0.91251775138286373,0.40304443888588865,-0.069760545398685661,-0.38727237329781233,-0.90619645949773009,-0.16978835553140689,-0.13164901173743324,-0.12791855642141478,0.98300833192380388,-1.9568813852731453,-14.946249022811434,-3.0764675119538856,,0.08784751343478622,0.3333333333333333,0,5
0.92939151727413338,0.36438114727587928,-0.058802951701410852,-0.35933373333152896,0.92965276280339548,0.081394156436688361,0.084324822614164088,-0.054517154382160357,0.99494582976620505,-13.943393538139603,24.869788136119229,0.86717968203227735,,0.2932882405883962,0.3636363636363636,0,2
0.75208989576237861,0.65829555284587471,0.031745138139223902,-0.65905671214351313,0.75137663211959715,0.032823876724027007,-0.0022447429066332781,-0.045608352392469138,0.99895687560641344,7.2670702655513182,8.5160412376124146,0.10403025143381028,0.2109830146456886,0.1764790223762765,0.3428571428571429,1,4
-0.94723248466430554,0.31674519732392603,-0.049224993335840052,-0.30210510110983363,-0.93348261105135311,-0.19324265250758063,-0.10715935740803795,-0.16817459628902173,0.97991539292069552,-7.1276879719560267,21.975531766579696,0.95357703660077642,,0.1867604534132825,0.3529411764705883,0,4
0.95017741209093776,0.31086147953176185,-0.022978818409401528,-0.30750369539341937,0.94687530739925163,0.094173401536548143,0.051032958679263697,-0.082415367383132737,0.9952905828689147,-2.6943909110021278,13.887611724543637,0.30629845769184982,,0.417091785867312,0.5384615384615384,0,4
-0.086934086632027188,0.99611473211473212,-0.01406787281192234,-0.98863807756598931,-0.088002598024551487,-0.12186178370414566,-0.1226263273856065,0.003314091870552211,0.99244737927357807,9.5976267135277915,9.8204106003185672,0.36467225607297943,,0.08918729302798814,0.1739130434782609,0,5
0.4580006478268151,-0.80732794353881954,-0.37209810288631978,0.87667505881654251,0.47952794655014319,0.038649576018562816,0.14722855646656727,-0.34391065708812185,0.92738838255716094,18.225465585536114,-3.1722605825839127,-0.9457394890404528,,0.5071745741984337,0.2777777777777778,0,1
0.27107027603684591,0.95943077045420655,0.077546773981609071,-0.95636532415212949,0.27757541967562444,-0.091198975604399754,-0.10902418176119963,-0.049441714144511366,0.99280876541948004,0.10062450439024803,20.533194368489593,1.1778378769993971,,0.3183139995725161,0.1666666666666667,0,3
-0.61474038519779106,-0.77648186139908848,-0.13845641092083044,0.78786494820029562,-0.59631400991722949,-0.15387795480113259,0.036919943177320121,-0.2036799462260355,0.97834114566501929,-8.1363237513775903,-11.111004032405864,-2.9810208361112811,,0.08008882290309816,0.2909090909090909,0,5
0.73788878582009165,0.67384386691250708,-0.038138992977680287,-0.67466575293922515,0.73487167435786516,-0.069207976689234757,-0.018608105005633806,0.076798862301915086,0.99687294735950793,-16.547694295485883,-8.5087219264955127,-3.0606561989568948,0.1380329701372032,0.1167884222260983,0.4838709677419355,1,5
-0.06803862800261691,-0.9840797947788551,-0.16418800993838947,0.99141192737316708,-0.048266819289905769,-0.1215430146814627,0.11168319193927165,-0.17104757134681201,0.97891245419323047,-4.3108599565695451,12.238234293848461,0.00481405239946699,,0.08423173165954918,0.25,0,1
0.62021935113230064,0.78398803466024969,-0.026281514236941198,-0.78359218740762127,0.61766371148449051,-0.066894120436276419,-0.036211052384140817,0.062083017200862643,0.99741388533570663,7.8523143200623302,5.6103354886278449,-0.24357616383559441,,0.07463129645715608,0.1666666666666667,0,4
0.18150240278178914,0.96474727525575621,0.19057694685095544,-0.97893604925519739,0.19567962699772487,-0.058255429332018334,-0.09349379259107915,-0.17598914303054589,0.97994220864411741,10.865274519726352,14.165018185932537,1.0541989452139966,,0.3239866683704853,0.2592592592592592,0,3
-0.88050033303098851,-0.44707775487968021,-0.1576091514603874,0.47333861125336946,-0.84732208967749523,-0.24082324522623447,-0.025878999769128698,-0.28664744449638452,0.95768654576256951,-4.2239271997440602,-10.196997397053002,-2.6838451322821553,,0.06695601620257934,0.3333333333333333,0,5
-0.98959385275040834,-0.074387041728358194,-0.12316888658061288,0.10452577053651084,-0.95991495295342821,-0.26007238682752931,-0.098885640476021927,-0.2702403580506117,0.95770129946049776,3.7925995491028286,17.635262787347433,1.1009579542090302,,0.4942281894041198,0.2857142857142857,0,5
-0.95752602484790494,0.27536896797060245,-0.085532702621715959,-0.26118205424284163,-0.95397234006943299,-0.14737947253243824,-0.12217956572381057,-0.11878007350248471,0.98537477533083095,-3.4564023111725195,20.936685658297765,1.0392058188402347,,0.174439065472813,0.3181818181818182,1,5
-0.15222285429899904,0.97642647111124181,0.15303447043824095,-0.98124783586163145,-0.13078276043555045,-0.14159291715944761,-0.11824080195064002,-0.17171842092828757,0.97802448674251774,13.374145069732215,-3.7955505735789234,-1.1544622810999015,0.5484027950070445,0.414158897143716,0.1052631578947368,1,4
0.67538943451246358,-0.71344796664278654,-0.18665773662564994,0.72005550651949846,0.69264211245216423,-0.042035361170735031,0.15927705195628572,-0.10601369228113545,0.98152530164486218,-10.576206712510144,15.941296189417075,0.096903044691900753,,0.08478823432895037,0.2619047619047619,0,5
0.80158582930420608,0.59779721044385004,0.0099324440215709207,-0.59761837707434107,0.8006337303883152,0.042870795974923923,0.017675792534453515,-0.04030043362104372,0.9990312514672588,-22.911979180871523,-11.151498387272689,-3.6081469632589438,,0.5341781993685847,0.2666666666666667,0,3
0.57469131743021362,0.81467249444086631,0.077708535385915545,-0.818009192402678,0.57466256915540648,0.024977845311958537,-0.024307423044122665,-0.077920847102725163,0.99666317819599892,1.5960431354807056,5.3873542780055494,-0.52391615344682163,0.7850816164066885,0.3147930598337919,0.2155172413793103,1,4
0.79896958115116146,-0.59059650242444905,-0.11332863591848681,0.58358012909730916,0.8069402515506926,-0.091003644707629852,0.14519587224816405,0.0065728039155516435,0.98938109792474915,8.0901497391703021,4.3615422061808466,-0.35938315231692319,,0.0697688790110275,0.1509433962264151,0,5
0.62262828403427406,0.78082279672800248,-0.05147601412694093,-0.78171483407369335,0.61766298314318147,-0.08610666317890317,-0.03543921711430037,0.093852007781014352,0.994955206291117,7.8531321960051503,3.2913456138646158,-0.48900797586875105,0.6808560243060137,0.6218820641765874,0.9609544468546638,1,5
-0.41444683674258392,0.90709514739643526,-0.073567744860817547,-0.8983118969959103,-0.42070607074169319,-0.12665756099300002,-0.14584085583154022,0.013593954940552405,0.98921466283077264,-10.364240819004545,19.573885383141622,0.49507039796263025,,0.08204536970016796,0.4,0,2
0.17967951921713449,0.98232819072452016,-0.052407977272464351,-0.97941622124042038,0.17365746856549974,-0.10289290151686534,-0.091973561119684119,0.069816970138457168,0.9933108550376617,-12.763243245101403,-11.717806083575834,-3.2380440242157209,0.3568667348096005,0.3169866688039323,0.8068965517241379,1,5
0.9096481370861621,0.41454130603906431,-0.026377495770086461,-0.41393618817234612,0.90994689723015842,0.025563183341573623,0.034599115841623791,-0.012334902052052666,0.99932514797454364,7.7845218794983371,9.9347910137512478,0.34060933560887496,,0.1089631907099019,0.4210526315789473,0,4
0.4025705759952205,-0.90766949023010512,-0.11862979325742209,0.9033153438251903,0.41488960572338779,-0.1090321267914707,0.14818340309513717,-0.06326698639981318,0.98693412519733625,6.6375334830343533,2.4671263578281635,-0.65421873750461723,0.270070048639579,0.2125641004814607,0.8020833333333334,1,5
-0.16093178419588577,-0.94947889344591097,-0.2694267836282378,0.97985425405423898,-0.12099288626106672,-0.15889103903627652,0.11826496373541845,-0.28956959849912589,0.94982253393869076,-1.8313980876369387,-6.2779872252341633,-2.1589971811973294,0.7031137107031148,0.6780798313720652,0.7036048064085447,1,5
0.48157316118762217,0.87635069470213078,0.0098361739947036477,-0.87441302969476919,0.48120428835853507,-0.062002309355147937,-0.059068975983812361,0.021257769413777744,0.99802753635146535,-23.948260529843527,-4.5644865064181817,-2.9681592688145013,,0.1915748688896689,0.46,0,1
0.20500154268375326,-0.96565779454439693,-0.1596226529441635,0.96925490641696077,0.22296770294842236,-0.10406887060285061,0.1360856123325683,-0.13338076052248196,0.98167727835501761,-0.12246822932126356,-11.218490555284042,-2.6179927710836819,,0.07667885268190272,0.2777777777777778,0,4
0.40618309712154527,0.91189252592091874,-0.058883892384228385,-0.91104386000477366,0.39912645092531757,-0.10342708213695288,-0.07081226419451081,0.095656141158465019,0.9928925047044721,12.609207537616502,-7.3334673695355077,-1.6345278274257098,0.2533506014120858,0.1957611742960577,0.5833333333333334,1,5
-0.11832196127670459,0.98962799598231355,0.081463752968208999,-0.98433041187622516,-0.10609447117392178,-0.14084602742679195,-0.13074231807344086,-0.096852427715350728,0.98667423879942651,-16.559028768936294,7.9592012566857431,-1.2016522447166211,,0.3324409517381455,0.53125,0,2
0.79536081139031078,-0.57923462998999309,-0.17857329902564612,0.58868317455300501,0.80836384823901031,-9.4119153309257038e-05,0.14440671626604881,-0.105048237874677,0.98392660702751744,1.9583474602158788,-15.925884566546804,-3.0745742223257952,,0.08601865921850446,0.3529411764705883,0,5
0.49615468730671131,-0.83209332033385042,-0.24789359112201448,0.8554796282439957,0.51727586029238659,-0.024089209582027482,0.1482738409939364,-0.20011594292949325,0.96848772705819319,-15.180088902146801,19.943292649271903,0.24711593698865547,,0.7996006837816093,0.3333333333333333,0,1
-0.47376722042827207,-0.83119432779655045,-0.29096496401888278,0.87834055339554384,-0.42207577731291152,-0.22443241848385334,0.063737689858347379,-0.36189505059414995,0.93003735368369955,1.3218609250254285,18.847393523942216,1.0670176663750515,,0.3092491318578625,0.1578947368421053,0,5
0.9714283195060105,0.22455771700457605,-0.076817001994481285,-0.22897860535320519,0.97190363997910101,-0.054517088017188825,0.062416491027840831,0.070548893181009736,0.99555363256768103,10.495580346062514,-6.6148078454538251,-1.6289002065883076,0.07977476450792376,0.09036753595013611,0.2432432432432433,1,5
0.97280649762067684,0.22370381957198968,-0.0600343176516192,-0.2219437529714933,0.97444452792996439,0.034624160701428416,0.066245669322013492,-0.020358366738328883,0.99759563361104731,13.126214517810542,9.4198423575903742,0.48625131361389584,,0.164783064381265,0.3928571428571428,0,3
0.54410884790616942,0.83484938398751307,0.083498908291615714,-0.83761790574558492,0.54624641479152924,-0.0033314113798428228,-0.048392206031572529,-0.068127530287478005,0.99650230005370644,7.7997700191765578,-13.436585044667774,-2.5924529266875695,,0.1115275707998453,0.5,0,3
0.1781607845440118,0.98348923493245632,0.031743654840522481,-0.97794971499432337,0.18054522014614396,-0.1049656059140439,-0.10896370860605006,-0.012342943504383499,0.99396909506908904,-10.869491253867025,-11.944281697475237,-3.1931093750352257,0.4891364985711641,0.351913715472487,0.55,1,5
0.71141505897150459,0.70216998204136749,-0.029084879037006104,-0.70178867842557546,0.70762223618123055,-0.08224002490004434,-0.037165369663918847,0.078918230985631263,0.99618805860933901,3.1693529377084499,-10.80310964888297,-2.4099787571650699,0.2293175303551298,0.2707286873774935,0.3376623376623377,1,5
-0.45716522435547496,0.88937606426394367,0.0031896636791460104,-0.87650067136992782,-0.44993293062929768,-0.17119267222459514,-0.15081953032705778,-0.081059078761786044,0.98523240660374978,20.987683295770417,-17.477917885441332,-2.5278707872852566,,0.2534655965043947,0.3157894736842105,0,4
-0.82368945919700876,0.56197004118507943,-0.075666026842821837,-0.54820599704757111,-0.82331453454021575,-0.14704884228005768,-0.14493398362294768,-0.079642011685209541,0.9862308504431988,-12.403094518451805,-13.072212194671653,-3.404041103311028,,0.4848196852061251,0.6746987951807228,0,3
0.84602357693514396,0.5290163829432416,-0.066225175330189096,-0.53291011407026379,0.84279129660955632,-0.075562164346987648,0.015840378514519124,0.099219438301333951,0.99493948834674595,7.7584355313291029,-11.521460479631525,-2.3364807456210719,,0.08343211041016563,0.4347826086956522,0,5
-0.28279087242980233,0.95497059567768128,0.089780197490350988,-0.9478299091241611,-0.26385957215775785,-0.1788759054495889,-0.14713186548153542,-0.13568082978718865,0.97976677152686908,9.6615039820958497,12.555217483831745,0.81476824667867931,,0.1713019117825308,0.1904761904761905,0,5
0.28239225738773843,0.95889564530690619,-0.027816440802311149,-0.95542142162467047,0.27852801083068235,-0.097939033502460457,-0.086165654806019384,0.054233648173015805,0.99480359435302346,-5.0428826735897223,9.9532287123631171,-0.33263489451150713,,0.07386314756733522,0.2040816326530612,0,5
-0.090229111543620288,-0.97829359814645633,-0.1865485010813818,0.9898911955166626,-0.067514584709407383,-0.1247285127391087,0.10942636094032676,-0.19591686164589731,0.97449600043005868,-3.9056258848739418,-12.8221263371085,-2.9904841139315361,,0.4932038866416827,0.2135922330097087,0,1
0.5862384268826818,0.80636474912158052,0.078105046061118649,-0.80995052971574222,0.58544925060643593,0.03506157979258448,-0.017454118691809416,-0.083815668812301819,0.99632840339028739,-10.336258823539863,-9.4612114889301822,-2.877464215483696,,0.3303151592810657,0.5,0,4
0.50590509527949656,0.86140946247859085,0.04509736713588966,-0.8597828872194837,0.50778337427669307,-0.054124224268853167,-0.069522812189760377,-0.011392223686429252,0.99751531107282065,7.5747136411764844,18.178078878704387,1.3383042843222293,,0.1140091626117322,0.375,0,3
-0.45895253726998836,-0.85036388573228294,-0.25737876830797923,0.88627041193020506,-0.41786057822273687,-0.1997931282712804,0.06234841995194635,-0.31980275015961407,0.94543052389894999,-2.1727717793964523,10.286306433854312,-0.13716835688676868,,0.7203853356391771,0.3676470588235294,0,2
0.21083294830867255,0.97495355947974849,0.070816839559817116,-0.97224017933341111,0.21666365364650741,-0.088350975536677548,-0.10148153328172045,-0.050223680135116855,0.9935688603999604,16.118429745539803,2.3630443129901253,-0.24954418321261104,0.3357465212998005,0.3345621948941908,0.1470588235294118,1,5
0.92205406796388822,-0.37122037262933305,-0.10959804147969737,0.3660008515869404,0.92832988773261027,-0.065168981732068115,0.1259351912250139,0.019976348197287642,0.99183732190506979,-15.537594100752438,11.64879801051527,-0.69180410579179141,,0.1470607287323598,0.6086956521739131,0,4
0.29914350137714518,0.95420761285097333,0.00099857952650816094,-0.95054652089576708,0.29808701582586622,-0.087209188787560801,-0.083513335442769815,0.025138865791411336,0.99618952023696095,-13.958554178841737,8.164110789858551,-1.0332812063418646,,0.07587053470145076,0.2352941176470588,0,3
-0.99551639170113759,0.024404742250622016,-0.091386664289869246,-0.0088369942327973638,-0.98591354726899494,-0.16702210884909338,-0.094175481879723161,-0.16546566371047977,0.98170876167301979,-11.031639022417949,25.899128799071907,1.141419049829316,,0.1407792692802393,0.24,0,1
-0.82396280552703416,0.56609443306879892,0.024947704434160237,-0.55279371360756002,-0.79336897941676499,-0.25492111072871942,-0.12451668684952209,-0.22383644776424655,0.96663997400702495,-7.950043620300133,8.6065943634280906,-0.64991147904248214,,0.503415258376489,0.35,0,4
0.13361489599044196,-0.97068996364463733,-0.19977000287589708,0.98268070501557681,0.15588515064264846,-0.10019207453290571,0.12839661817801856,-0.18292297364926963,0.97470687601542871,-17.645503029743349,16.354926613567795,-0.25659254445597196,,0.09207900151199142,0.3157894736842105,0,4
-0.88657064942904162,-0.4121736373458294,-0.21001280020054511,0.46181414783346503,-0.81494701476450127,-0.35012719972500939,-0.026836103141401065,-0.40739938120170832,0.91285572122030734,-6.7183079707018045,-10.42288568434069,-2.8372151074185537,,0.2396462626203703,0.2758620689655172,0,4
0.49466420897448082,-0.85952858323111048,-0.12852211859587379,0.85635947308566407,0.50727559580439985,-0.096539747035795334,0.14817480627993257,-0.062306376158557546,0.98699652596850274,-11.318040993045615,-18.632657062345686,-3.9450962538285466,,0.08968934203631473,0.5,0,2
-0.82052694211111488,-0.55490955955384735,-0.13715290002598951,0.57160784365498585,-0.79659968916182944,-0.19670640126690014,-0.00010169503990883152,-0.23980057536009511,0.97082216379473263,-7.36066317508861,13.118037835899736,-0.095075114692711044,0.2931045884689647,0.2919249880881,0.856353591160221,1,5
0.093245207388654841,-0.96846256430802502,-0.23105322510835138,0.98662010926700006,0.12104951621961371,-0.10921435168040068,0.13373889220798682,-0.21777804333063799,0.96679192826277716,-14.072552331012513,-11.9665134517324,-3.314903402168675,0.2373480673988137,0.2507230463123948,0.3882352941176471,1,4
0.84304962037322662,0.53200942067925738,-0.078951338792199899,-0.53758278575419072,0.83802666729299691,-0.093359805947513461,0.016495031049483078,0.121149829609103,0.99249717014022931,10.144053381748051,2.3229467544192373,-0.51188304364840587,0.1322635478723925,0.2056566454191406,0.2888888888888889,1,5
-0.35203260643582029,-0.9053331037908573,-0.2375815969018171,0.9322005022579819,-0.3163144120156971,-0.17591877768200739,0.084114609884196792,-0.28340282978752779,0.95530496097971362,15.457275503221609,-11.276514919661359,-2.0148578398701207,,0.5631477257068823,0.3793103448275862,0,3
0.90688667731289507,0.42032674905499612,-0.02969812353056454,-0.41989787192635469,0.9073565213821746,0.019746398582003635,0.035246725579788911,-0.0054375669282393018,0.99936384825638225,-18.209499306627016,-8.6286383582596091,-3.1374061266399904,,0.1391379431885965,0.2666666666666667,0,2
-0.1123356640994758,-0.94009571609160181,-0.32187069322563266,0.98527612716986357,-0.063366291931251234,-0.15879441512861775,0.12888619709063526,-0.33496978614959139,0.93337216080533103,-5.6361101472792496,11.631352707727807,-0.13579838240616796,,0.5774651911678338,0.4234693877551021,0,2
0.89116484640706772,-0.44049170760332024,-0.10859222836363225,0.43506821863169604,0.89761853948959647,-0.070686651506541812,0.1286112812505617,0.015748431581445416,0.99157003042539282,1.166426865955291,-15.077229452288609,-2.9687151698633252,,0.1175227950514206,0.2553191489361702,0,5
-0.90337005372033274,-0.39782011176891313,-0.16019271117467568,0.42773180524049809,-0.86287347109285506,-0.26924872454641746,-0.031113483042374556,-0.31175075229474181,0.9496543685028962,8.2841839160236681,12.348680343669262,0.70412387296807677,0.7729855025711504,0.2927440558530216,0.2244897959183673,1,5
0.85403435283686213,-0.48723347363120323,-0.18228786670481897,0.49408196819837752,0.86936973175909338,-0.0089038307677068666,0.16281379817368,-0.082460970612732901,0.98320488986267085,-18.077037325855123,-14.476992417984823,-3.7502997445407398,,0.2422933181997286,0.6666666666666666,0,5
0.040498699738888498,-0.99061923830409382,-0.13051199186771001,0.99126606349739943,0.056240515898575691,-0.11928367754991637,0.12550476755019996,-0.12454127457706501,0.98424490054502767,-12.859216165326647,12.700162939516925,-0.46177748238243904,,0.07610190603918042,0.3695652173913043,0,4
-0.91729205071829978,0.39005566555800347,-0.08019894921455327,-0.37664498962082738,-0.91521169389336132,-0.14326935176223274,-0.12928203851480041,-0.10121330508854327,0.98642892363844981,-11.565277007699276,-6.6154467418048695,-2.6223203418047256,,0.07376948563042739,0.2839506172839506,0,5
0.10306863681003198,-0.97236594244986918,-0.20947871030178755,0.98615852862347064,0.12739315931008732,-0.10612416965134261,0.12987768295328478,-0.19564114323059259,0.97203720635895086,-17.084973406515456,-6.3702108465784022,-2.8546295479870989,,0.08812494463598586,0.34375,0,2
0.9579373103781188,-0.26960627122838776,-0.098328876225970904,0.26023104331691155,0.96051809569682967,-0.098411340470137443,0.12097897949531987,0.068683668752204857,0.99027604240787825,11.082456134420779,7.0633341582935021,0.10832108631756171,,0.07492881460963959,0.303030303030303,0,5
-0.12366832296448875,0.97086052977239734,0.20527049867239028,-0.98393888186289014,-0.093137063210787574,-0.15228185779952888,-0.1287261537278151,-0.22080606691513396,0.96678552852218114,-11.011044482914743,2.3648878636476134,-1.5841716041292775,,0.336485465010068,0.2819332566168009,0,1
-0.93308538577419287,-0.34137850982166168,-0.11319176598395211,0.35925949346337349,-0.89944965868436355,-0.24884317922945148,-0.016860581575511294,-0.2728571504002088,0.96190680227577763,5.8574902022988393,-10.042516871455204,-2.1740512945479598,,0.1781690747193778,0.1076923076923077,0,3
0.97279329601673914,0.22493045245042589,-0.055493195847204017,-0.22251423842097728,0.97381919487238033,0.046514399899837695,0.064502844315750082,-0.032900870179316963,0.997375012628962,-17.27702755324033,-21.072953491931965,-4.4416974088789676,,0.1303229895717364,0.3,0,1
-0.56396953594596733,0.82564242792135711,-0.015904205136267571,-0.8066304939988711,-0.55490387553175802,-0.20354099113193921,-0.17687738316706073,-0.10196210146893508,0.97893724067889631,11.399890674620602,5.351482552555539,-0.080093495572870974,0.8969517924949789,0.8391114134680719,0.7651006711409396,1,4
-0.055143049491166968,0.99727789773707887,0.04894934910626781,-0.99085611722892775,-0.048610296667721868,-0.12586180519875576,-0.12313975411226132,-0.055442165749442433,0.990839425544918,2.8500540068890379,6.3171974681217948,-0.38107176381982194,,0.4100366307293568,0.4382022471910113,0,1
0.44458822503537992,0.89493585177084534,0.037830297052545689,-0.89333805180864279,0.44609053687185457,-0.054317198971606168,-0.065486146249652599,-0.009646456788583389,0.99780685030761196,17.335344302872755,3.8946936893667421,0.010151736393095547,0.2362010937694829,0.2519321821444481,0.32,1,5
0.64500838153937678,0.76332923051851154,-0.035953770038356279,-0.76353729754319499,0.64183354808681958,-0.071137133838239094,-0.031224717843219632,0.073336091975928663,0.99681835587498591,-0.39183164354132222,8.0313653371356502,-0.32129984503418468,,0.08560397518230219,0.375,0,5
-0.36028008573646209,0.93254858404295915,-0.023481870053283081,-0.92254734980774422,-0.35992016140027133,-0.13915410443213638,-0.13821956151151271,-0.028471315689204531,0.98999229138336753,3.3688861230236902,10.082851602565871,0.13110395789873244,,0.08889806093801292,0.1666666666666667,0,5
