axis_00,axis_01,axis_02,axis_10,axis_11,axis_12,axis_20,axis_21,axis_22,location_x,location_y,location_z,dbh,dbh_approximation,score,reconstructed,number_clusters
0.7636861165293302,-0.6417041128883493,-0.07070606001275506,0.6455050495768684,0.7572420883549622,0.09953718197025797,-0.01033181451222067,-0.121656282723058,0.9925185149320351,-5.061866757474576,-16.44910145632196,-1.92646737,,0.0834195933008865,0.4705882352941176,False,2
0.677065690700599,-0.6958870134714369,-0.2394228789358407,0.7358788292878898,0.6437416330693343,0.2099501332676699,0.008024903862750642,-0.3183362598496001,0.9479438942168268,-11.84230912373695,-14.15129165210385,-1.60205422,,0.2644965619932328,0.2,False,2
0.08989445035035379,-0.9848646208806193,-0.1481913166615495,0.9959025361601316,0.0903617789267374,0.003589899582808068,0.00985526590341131,-0.1479068201499557,0.9889521961586937,-2.642097673235298,-15.54317228776858,-2.08087274,,0.3910142914930955,0.8205128205128205,False,5
0.7923986943079289,-0.6098589844485376,-0.01327886841895001,0.6099938883474882,0.7920759960706559,0.02287078108394994,-0.003430078395771565,-0.02622280564845435,0.9996502383464538,16.97806845305738,-6.767616906031151,-3.47229916,0.1350874719874024,0.1154257690668854,0.5263157894736842,True,5
0.891129010164196,-0.4328331208036436,-0.1361784739933521,0.4532398974155264,0.8633213077317129,0.2219232187202753,0.0215100589153635,-0.2594837358136012,0.9655079016837066,-3.752536722093595,8.0881491197473,-1.73952636,,0.5237453905199967,0.2694174757281553,False,5
0.06814602905248682,-0.9939600793732333,-0.08602022632342315,0.9974572652384175,0.0696801351986286,-0.01495602827616292,0.020859596052516,-0.08478230576633415,0.9961811270454128,-4.831761166539337,22.460831412088,-1.74765763,,0.1360607752786133,0.2142857142857143,False,3
-0.737123355439177,0.6722970554980884,0.06830686667304754,-0.6757581715821984,-0.7333820963949715,-0.074172732369791,0.0002289235083932193,-0.100833376696,0.994903300697163,-17.44356469754879,-13.25189252848747,-1.49000119,0.339655925758552,0.3239918947333812,0.4363636363636363,True,4
0.9595802688361903,-0.2800450006811537,-0.02793752411644568,0.2814227682114775,0.9538700979197645,0.1045612826371564,-0.002633095602754969,-0.1081971990766444,0.9941259643121265,-18.59572709422847,-3.731371615807518,-1.53554084,,0.1100154715198537,0.35,False,1
0.9987016700656167,-0.05067548847307406,0.005193175922788978,0.0504093122700568,0.9978202348901732,0.04258732299852484,-0.007339989414814163,-0.04227024617548534,0.9990792515329582,-0.2440728809157804,1.64657798432853,-1.90188171,0.191442533548841,0.1453405688444095,0.5481798715203426,True,4
-0.7452264010678074,-0.6666941516463554,-0.01251076784494242,0.6666987529234638,-0.7446241640587885,-0.03236706891345265,0.01226311550225967,-0.03246170759982408,0.9993977454136473,26.3706580942561,1.012244289840396,-4.18939406,0.8252335373147437,0.7266001173338446,0.8166666666666667,True,5
0.3286386637278739,-0.9442502618174862,-0.01969953706982114,0.9443986459309742,0.3287766346691405,-0.004137881024818733,0.01038394274341048,-0.01724434844354472,0.9997973825630161,-4.845718337443287,7.481449369415031,-1.70185375,,0.09101275221993445,0.5190311418685121,True,5
-0.6406062202118707,-0.7654624027240733,-0.0607534413984092,0.7676686041149203,-0.6366208599570856,-0.07347649232068362,0.01756658424711977,-0.093708007573474,0.9954447370067809,18.26689281760096,3.914532891701469,-3.27058595,0.4656973075414104,0.4083260186803641,0.3387096774193548,True,5
-0.9785900760828967,0.2010707085821047,0.04395489895748395,-0.2058185063373662,-0.956481741237236,-0.2068367016001808,0.0004532561392273914,-0.2114550752052953,0.9773876128378121,2.227390875517443,18.57046270549358,-1.93591291,,0.1826344752230996,0.3333333333333333,False,5
0.9570482846840992,-0.2898807542281309,-0.005265843840680098,0.288283975692546,0.9495307200080392,0.123627509559623,-0.03083715522099815,-0.1198355543615715,0.9923147231441906,-14.37438713123862,-16.88205551803924,-1.54149306,,0.3241109073809896,0.2916666666666667,False,5
-0.08058942606742099,0.9951843031557012,0.05579916808184296,-0.9966693533163341,-0.0797562858156539,-0.01700397109184752,-0.01247175072410879,-0.0569836610388789,0.9982972091559117,0.96627436977775,4.223217550035542,-1.93876116,0.7257080913728451,0.5282859510752814,0.8752711496746204,True,5
0.5777521674019896,-0.8145010801087285,-0.05282445990275752,0.816164777709797,0.5772053824273686,0.02662709377292931,0.008802765941483028,-0.05849732471310008,0.9982487537248366,-25.42437325762393,6.91114223889582,-1.79592400,,0.1619416467447036,0.2962962962962963,False,5
-0.9901693009327542,-0.1387408088996392,-0.01776917094901354,0.1396437250297232,-0.9732418952032713,-0.1824824470489377,0.008024060702946402,-0.1831698702489551,0.9830485303802742,-12.61299177728301,8.385357451227549,-1.57728909,,0.5049358305081155,0.2470588235294118,False,1
-0.3225415682139804,0.9264912216746746,0.1938580742033623,-0.9465063302943817,-0.3136050968944393,-0.07601059080478857,-0.009628264990627512,-0.208004469571208,0.9780804860294839,-14.81357161512105,17.22613243915083,-1.66601387,,0.6856902877029925,0.3571428571428572,False,1
0.9985539197541377,-0.04144041974772541,0.03424559759707003,0.03410205532837401,0.9807237933551711,0.1924003403568328,-0.04155862324510567,-0.190954268761337,0.9807187915380204,-24.41197871675567,17.62338408928326,-1.87788154,,0.5204487204002378,0.7945205479452054,False,3
0.5555154790141342,0.821657202499165,0.1276009175395894,-0.8306234666527025,0.5554219564209254,0.03963719176985293,-0.03830416715640363,-0.1280073900476042,0.9910332481161551,30.32646642514723,14.07009971397633,-4.16947216,,0.43294995480096,0.8571428571428571,False,4
-0.992354399807019,-0.1227970348755809,-0.01239489448996137,0.1233719466676943,-0.9841135364238666,-0.1276711016743239,0.003479649274789241,-0.1282241617366917,0.9917391070174898,28.898878542148,-1.830162238419348,-4.55718470,0.5918491984471121,0.4969453170003832,0.2941176470588235,True,5
0.1141158895765821,0.990358685233181,0.07853176637101834,-0.9933251022505529,0.1150805773869942,-0.007855058701638953,-0.01681680662538194,-0.0771111878489945,0.9968806647354754,0.28119875328332,9.02123451332318,-1.91072059,0.1719781241738235,0.1345664960308946,0.5,True,7
0.1245031136986321,0.9914057292486874,0.04017032103709693,-0.9921476961165617,0.1248781616812591,-0.00695656709216202,-0.01191317631633101,-0.03898877720559081,0.9991686301531231,-5.323577734878171,-13.30889398626249,-1.86253999,,0.09054274535984033,0.45,False,5
0.8520470637965267,0.5136753810359531,0.1007641007169017,-0.523330357140241,0.8402654941623828,0.1417012230558163,-0.01188016713625852,-0.1734690238561764,0.9847676677222906,9.895760860004998,6.011682761227576,-2.49387803,,0.3799306345063092,0.4415584415584415,False,1
-0.7040303122944279,0.7097491005378141,0.02444450155708033,-0.7100792723521571,-0.702973363365062,-0.04019797725064244,-0.0113466447217197,-0.04565812835603694,0.9988926814070582,-0.2503562790749356,-11.196400837493,-2.13758511,,0.08388487256302654,0.2558139534883721,False,5
0.9981378278422519,0.01287799099018479,0.05962410568225195,-0.02230669796235246,0.986818502250585,0.1602861654726606,-0.05677400687258228,-0.1613177019547746,0.9852681417663229,-22.45525541788635,-5.54107132793996,-1.55194219,,0.475601437755929,0.9368421052631579,False,2
0.9920117970833066,-0.126122016910838,-0.00241480804424216,0.1260554124036784,0.9904027103792582,0.05667895797522497,-0.004756832064176971,-0.05653059458170479,0.998389535414385,-1.210262992303115,-17.83638302814126,-2.22135563,,0.5503590385116466,0.12,False,1
-0.9260034322617233,0.3760174853268879,0.03359306726028254,-0.3774986742829353,-0.9231197003993998,-0.07310793150644432,0.003520561622305379,-0.08037953385637649,0.9967581131763601,-1.143481352418661,-15.19322773399847,-2.16740934,,0.08469684000658566,0.3333333333333333,False,5
-0.9606928573081461,0.2772917116405245,0.0133619075201531,-0.2776125107401504,-0.9594501867340076,-0.04885317857239652,-0.0007264968400865498,-0.05064233240624817,0.9987165896142887,-17.6011289951482,-11.57703150260517,-1.49380097,0.5587388018293484,0.5593698309885217,0.9727891156462585,True,4
-0.9929228159774404,0.1144759670696631,0.03161541514665548,-0.1187200833083405,-0.9637855589917713,-0.2387947614546412,0.003134219311186758,-0.2408581517042422,0.9705552675798144,-2.114205636386146,10.32576103828626,-1.81204210,,0.1014741168904071,0.3673469387755102,False,5
-0.9943383502519983,-0.105970532136201,-0.00784165396474189,0.1060684589739989,-0.9854050071917798,-0.1331407293514938,0.006381788856857844,-0.1332186853265598,0.9910661202214752,2.825760937883047,28.75026962428154,-1.92230913,,0.4807710592966944,0.3793103448275862,False,2
0.91149652813796,-0.4070606842582689,-0.05895488549420436,0.4107684108129342,0.8935636372527935,0.1811445247800052,-0.02105687229056469,-0.1893294100522883,0.9816878234034436,19.44770954918241,2.51566634953798,-3.42548380,,0.3639713290373564,0.4545454545454545,False,2
-0.3626885962666285,-0.921955670243706,-0.135848166140076,0.9318081044049543,-0.3566151625761028,-0.06752245838286543,0.01380719752116885,-0.1510740478252268,0.9884260181573089,-36.20541207908423,0.7354433231935786,-2.20278867,,0.6883839792238897,0.8387096774193549,False,1
0.9072823856157921,-0.4203302295816653,-0.01269530823346723,0.4205218428510932,0.9068851473874191,0.02684602639536691,0.0002289900403165921,-0.02969558128619327,0.9995589627508913,10.40134646141402,-5.905892587096218,-2.76822928,0.2354455934994709,0.2688216837510868,0.5853658536585366,True,5
0.00394135356234155,0.9928655521357129,0.1191740790371133,-0.9999126217431933,0.005416718166398569,-0.01205852573746087,-0.01261802721315095,-0.1191161389004585,0.9928001464759645,-15.61075645995476,-12.6021328996635,-1.51746802,0.2351547667028896,0.2772100737909533,0.7192982456140351,True,4
-0.960443618018684,0.2682332564361486,0.07482631053873556,-0.2777998379414692,-0.9415735998753173,-0.190437407190733,0.01937283270131852,-0.2036911293097838,0.9788435100636012,-28.77525832576572,8.355276675403218,-1.97510128,,0.2374325565146079,0.36,False,2
0.4020757969488301,-0.9147255948249603,-0.04015145925225489,0.9154125562605457,0.4025062514863109,-0.002927346062758027,0.01883893172384532,-0.03557813495056929,0.99918931687891,-2.205632295542472,-10.48074156368165,-1.99263571,,0.09403715784344577,0.3461538461538461,False,5
0.744887072676712,0.6433932124612781,0.1766024436916901,-0.667099049478557,0.722603883176515,0.1811697717695429,-0.01105021013039436,-0.2527623432732395,0.9674652917180523,-15.87930911737246,-18.03054794307843,-1.50367189,,0.5749468238640294,0.34375,False,2
0.8580874558452605,-0.5132077310338005,-0.01742822217400481,0.5135028677706341,0.857648113780021,0.02746848595949229,0.000850242519869486,-0.03251980529939719,0.9994707296119015,-26.31587411781572,5.042506658373895,-1.81815965,,0.1342033487936499,0.5806451612903226,False,2
-0.109604775746381,-0.9906422587550779,-0.08133085701148367,0.9939552132936891,-0.1087155386413689,-0.01529593489177957,0.006310871562795565,-0.08251573684185248,0.9965697798315799,-27.90835272482508,7.114992583375624,-1.90352112,,0.2785037630981603,0.5806451612903226,False,5
0.6214470245429099,0.7830844744531107,0.02413092532953642,-0.7833583740381194,0.6215613162781756,0.003344836452802806,-0.01237956021506238,-0.02098180109135791,0.9997032112141305,-1.852060557679863,4.863744560077919,-1.81950206,0.2083046816805935,0.1968684579786066,0.7818181818181819,True,5
-0.9949007939815632,-0.0999033218115435,-0.01384689228216967,0.1008227256854177,-0.9887811876830263,-0.1102113463737124,-0.002681066992426138,-0.1110454374351443,0.9938117139099433,-14.34123268492118,-10.29617081463505,-1.53444870,,0.1288528820868513,0.2272727272727273,False,2
0.4455064874587319,0.8826557120620498,0.1498094242576871,-0.8952260738508813,0.4373847458383333,0.08523415281138078,0.009708054888599299,-0.1720856707345892,0.9850341494578285,-11.74451365815361,-3.525870367818015,-1.55860194,,0.310768887011461,0.1812080536912752,False,4
-0.9760747736619053,0.213124495149522,0.04308115351429744,-0.2174206548108662,-0.9543741892344243,-0.2046904144916174,-0.002509000293980955,-0.209159882602753,0.977878238037399,-14.08671615984611,-19.12372133219714,-1.54736297,,0.7700226825728292,0.3428571428571429,False,2
0.456318898173427,-0.8895267425907779,-0.02269884106357043,0.8897775425576796,0.4563886446292988,0.002308638873370424,0.008305897290811139,-0.02125039456742773,0.9997396825178656,9.190577205347324,1.126664707994109,-2.52201963,0.4267160590866736,0.3888865530666225,0.9385964912280702,True,5
-0.7680198255571941,-0.6402952310016479,-0.01294467873855165,0.640286402138779,-0.7672733584211401,-0.03639940512320358,0.01337425838227299,-0.036243766549458,0.9992534806539497,-4.907257327651593,6.511292942966918,-1.69348640,,0.08336774596094373,0.5026737967914439,False,5
-0.7433776246537972,0.6680053243932156,0.03403812195749044,-0.6687671829275593,-0.7413974125198843,-0.05550073646319399,-0.01183901191883858,-0.06402158457220117,0.9978782864185641,8.916314360627979,16.32700208882488,-2.28431092,0.2347026376841452,0.1654348756671479,0.3125,True,5
-0.8047835337562911,-0.5906109178234432,-0.05917945202929903,0.5934624340289084,-0.7987466884360976,-0.09902558815201225,0.01121620217460077,-0.1148149444110763,0.9933235753512855,-13.85117929831182,-8.739905073321381,-1.54234430,,0.08569917481764332,0.2916666666666667,False,3
-0.9600393277683202,0.2791499479494037,0.01999489179755514,-0.2796489949598356,-0.9540392046892358,-0.1077294552751617,-0.01099676116429212,-0.1090160652187306,0.9939791591216185,-17.22798752354242,-4.870469741813679,-1.52593960,0.3138675234373904,0.1857474573012756,0.3548387096774194,True,3
-0.7898331144709788,0.577680910149205,0.206030136956369,-0.611022323733859,-0.7702074684301707,-0.1828446758132787,0.05306007146573516,-0.2703057928043242,0.9613112956750675,-3.734153065533633,18.83081922333054,-1.76681193,,0.5975663401824094,0.3743589743589744,False,4
0.327320154659036,0.942120982861186,0.07259180399093673,-0.9449025100186162,0.3267194923896807,0.02033764620473261,-0.004556634120084332,-0.07524909929894937,0.9971543562258519,-1.274148411622207,7.789321446962447,-1.83781499,,0.1023563510429613,0.2,True,4
-0.2460116957195038,-0.9557722898878989,-0.1611756043936454,0.9691782974606902,-0.2403166122335014,-0.05423424762832599,0.01310241582350459,-0.1695501570835469,0.985434457958789,-9.632814802183304,-11.9909092834601,-1.65910891,1.020787235722396,0.5321920026646489,0.1864406779661017,True,2
-0.1370910677119733,-0.9879659592520965,-0.07161914906417242,0.9902688847991618,-0.1349442120507934,-0.03402345415467338,0.02394942488277856,-0.07558652653135646,0.9968515947997018,6.165906487670213,-22.2472402678444,-2.89990094,0.2136076251656601,0.2420672294517333,0.7307692307692307,True,9
0.995281660913793,0.09635500481032051,0.01140738781165127,-0.09676065821866936,0.9943768518265045,0.04303546877519129,-0.00719655957886592,-0.04393619919398704,0.9990084183482212,-2.381930306676253,-6.347746556051675,-1.89382121,0.4731230095375275,0.3823308630336026,0.7665441176470589,True,5
-0.8403643594689725,0.5388789701257171,0.05828549468392419,-0.5408215560266936,-0.8264886353239752,-0.1562964497907053,-0.03605257093702178,-0.162868017844386,0.9859889557658703,-6.142797637434455,-27.93448157317374,-1.95319342,,0.3099964336282239,0.7884615384615384,False,4
0.5889537912495658,-0.7782422127795974,-0.2178818258154619,0.8081427319198218,0.569206188416505,0.1513593073237373,0.006225481341235505,-0.2652232518394093,0.9641669306016463,-16.57407821413847,8.215627066924526,-1.60033779,,0.7993895857431604,0.4047619047619048,False,1
-0.908146291857071,-0.4183185813856429,-0.01672952640556233,0.4184567746666332,-0.9057724167442031,-0.06685997906792569,0.01281562803181636,-0.06771922572555,0.9976221058824235,-3.355231832382827,6.35806600470238,-1.75116480,,0.1466485623809215,0.1570996978851964,False,3
0.9772653991693302,0.2102513714077663,0.02732581943077513,-0.2110743568153502,0.9769508762563432,0.03185280642187364,-0.01999888700393338,-0.03689642534333901,0.9991189610429216,8.444271840498828,17.97921522016048,-2.24064953,0.2541306685284667,0.2181218172712547,0.4565217391304348,True,5
-0.231855043825933,0.9464149572506205,0.2248154072673463,-0.9724543328687874,-0.2198082074497656,-0.07756882377891557,-0.02399602336217889,-0.2366074399295783,0.9713089674417582,-9.642589255085483,-3.606034945861325,-1.57793639,,0.1978534491140929,0.2083333333333333,False,3
0.8702401654876855,-0.489762980016159,-0.05304976698966301,0.4926176617885432,0.8658494996447268,0.08736408449108188,0.00314541983753329,-0.102160987518074,0.9947629059044057,4.843087670092444,24.21747169866683,-2.01802047,,0.414878501573089,0.9411764705882353,False,3
0.9156647481926088,0.386138432162409,0.1116027783010967,-0.4017981445066898,0.8867942806834057,0.2283728416825932,-0.01078517447000013,-0.2539547498164942,0.9671559672861944,-17.95536683460574,0.200036364747973,-1.55831699,,0.7315074423732673,0.3275862068965517,False,1
0.3630829428006404,-0.9315880938212713,-0.01773133096180437,0.9317300093019316,0.3631511160664398,-0.0006757706127198824,0.007068692485086827,-0.01627545237925304,0.9998425592244019,13.66647741585172,10.44288972365524,-2.68886500,0.5062191555241018,0.4161675555688954,0.9478260869565217,True,5
-0.3768907954877712,-0.9192663889068168,-0.1135897640758972,0.9262195091644241,-0.3729170165643648,-0.05522969853211143,0.008411249598592564,-0.1260246205427973,0.9919914545484935,-11.44208265265152,-16.68870337637213,-1.63369902,0.7577368049854053,0.3312823052944877,0.7101449275362319,True,6
-0.9960085332295471,-0.08925476562438177,0.0007671683408211203,0.08892986182430225,-0.9930459527125595,-0.07714412146829829,0.007647313896853472,-0.07676797909637659,0.9970196567649112,-0.8894002066841722,-13.78565561328378,-2.15357453,0.2153136380484728,0.1368500606463213,0.3392857142857143,True,5
0.9957525491001837,0.08685239775946008,0.03055359166972088,-0.08795911371542316,0.9954380911107371,0.03696215740741218,-0.02720395697108757,-0.03949262930276447,0.9988494766259182,11.20740248723914,-8.101654400396228,-2.91192694,0.7454483954816182,0.5472913785542646,0.4423076923076923,True,5
-0.7495126972383211,0.6540834865194385,0.1020073984626263,-0.6619704110789355,-0.7417234366502408,-0.1078958682236803,0.005088372482663015,-0.1483952027065986,0.9889150480598149,-20.25133294316419,7.946449584301888,-1.66269710,0.5941401441938404,0.236987561380627,0.1,True,5
0.5230616197588135,-0.8368857988952766,-0.1613341301234858,0.85226454595108,0.5151833823325542,0.09072610585266756,0.007189273265530738,-0.1849547030378109,0.9827207498440793,34.77137203036128,-8.854564734212147,-5.43735551,,0.3692266537629846,0.5,False,1
0.09822219852100413,-0.9939284400813752,-0.04958483351900018,0.9951062663429626,0.09863351558545051,-0.005911707724956562,0.01076654088698136,-0.04876151762057072,0.99875241977012,20.45445528498959,-22.42665808642647,-4.37290566,0.6970099033871383,0.6831347705892721,0.9876543209876543,True,5
-0.6278734765000252,0.7721560070527683,0.0977240926286747,-0.7782420292163705,-0.6211216281167684,-0.09245143074480187,-0.01068838009046543,-0.1341007973798085,0.9909100537753875,-13.74243076170825,-6.170912655498967,-1.53777801,,0.1506059338997632,0.3548387096774194,False,4
-0.8340626194159981,0.5452073243675727,0.08419335097783216,-0.5516004105735358,-0.8217682883780385,-0.1429470785687334,-0.008748368306755683,-0.1656679017558363,0.98614279512644,6.845409145570926,-26.72494228309358,-3.12125521,0.8269068268245884,0.6620961163817798,0.7361111111111112,True,5
0.9547249440639697,-0.2944237738663916,-0.04260190798921187,0.2974479030913414,0.9423429615879135,0.1533443435288168,-0.005002612178968973,-0.1590735179971572,0.987254065447894,-0.2039098043273952,-8.677173845235984,-2.07933927,0.5964281963671659,0.4535817651323324,0.5677655677655677,True,5
-0.1589693982110053,-0.9822359066619196,-0.09970633929931189,0.9868898913972461,-0.1552421162665788,-0.04413873123468096,0.0278760235751849,-0.1054158859048893,0.9940374330519574,-11.73817729860662,-0.1572463853192971,-1.55152669,0.4964345294608712,0.3340687847298517,0.5416666666666666,True,3
0.9117836631470799,-0.408174588062407,-0.04521125167674539,0.4105710155054809,0.9035936250435707,0.1222702008153187,-0.009054990054752927,-0.1300464011063154,0.9914665605628892,-13.56614635902625,17.38588371036417,-1.66239340,0.7029306681667397,0.5591702570253952,0.6261682242990654,True,5
0.4813762383033924,-0.8672163229183115,-0.1273293621319082,0.8764797787229743,0.4775363314149054,0.0611739296475188,0.007753366146486703,-0.1410492872822713,0.9899722136861024,-1.875489278181703,20.15509641063841,-1.80724893,,0.8181303707095717,0.4507042253521127,False,1
0.95183905044433,0.2929218194764104,0.09054959814304372,-0.3064123854363064,0.9191088302516633,0.2476901455541835,-0.01067108712690278,-0.2635066713160206,0.9645985496938515,-20.92459043881533,-21.76362647152598,-1.41009937,,0.4954515717924437,0.25,False,2
-0.3703928351044328,-0.9285305533759431,-0.02530136657703375,0.928822969335237,-0.3699457113783415,-0.02068966573065892,0.009850854712867105,-0.03116379437966155,0.9994657465772844,-19.30619771878884,8.419001608719384,-1.65189785,0.5325527873475349,0.4860794281314925,0.9694323144104804,True,5
-0.06018441846576686,0.9968433885121537,0.0517792869161495,-0.9981293512490239,-0.05954107930139439,-0.01388013151333729,-0.01075332270230538,-0.05251779370111199,0.9985620899050932,-0.8120183827048209,12.34622473514833,-1.86176781,,0.08672662043580348,0.5245901639344263,False,5
-0.6133227303694929,0.7847528789526889,0.08943236208206908,-0.789824386376312,-0.6088619495601225,-0.07392269653584148,-0.003559086595392188,-0.1159743305792921,0.993245834398158,-12.37905250275531,-7.69840242880781,-1.56126880,,0.07381814352859488,0.4,False,3
-0.9406020869300445,-0.3393020080169873,-0.01191055911724418,0.3394932150347658,-0.9396148802674721,-0.04322306936466168,0.003474335649219245,-0.04469926325549772,0.998994446859547,14.38373166636958,-4.352732957628916,-3.14611294,0.5483753575461565,0.4417378438452572,0.9181818181818182,True,5
0.3760580718452005,-0.9152321913041099,-0.1446732960872385,0.9259817575590796,0.3768843699722159,0.02271467231641569,0.03373590472873482,-0.1425068688566331,0.9892187225587729,-4.654415204070176,21.06783585132166,-1.75186483,,0.1698723904011975,0.125,False,2
-0.05569466274336823,-0.9840269391179163,-0.1690830790828185,0.9984145962079414,-0.05627048490341098,-0.001388022934913961,-0.008148534888883117,-0.1688923195973077,0.9856008247562524,-20.30525048838797,13.07328194979294,-1.71723232,,0.5546826259250739,0.2702702702702703,False,3
0.4518474425778795,0.862552704761889,0.2276767887681541,-0.891987190312563,0.4408029724003197,0.1002576273474578,-0.01388311759400284,-0.2483859316285676,0.9685616593768716,-17.13612071775495,7.59565141928573,-1.60146076,,0.4898491879217706,0.2727272727272727,False,1
0.9852437991866467,-0.1685996318724532,-0.02947575778052321,0.1708471087292493,0.9791229470840433,0.1101340997707511,0.01029182214764861,-0.1135447868725421,0.9934795718941333,26.12570701326965,-10.47088606169763,-4.59109144,,0.4106263582914648,0.4,False,4
0.09726755625675775,0.9483228587906851,0.3020310877954461,-0.9952409646661254,0.09446844230810354,0.02389844468413456,-0.005868965009148344,-0.3029182544894621,0.952998471324471,-14.54753084416166,29.69628953852418,-1.77969015,,0.5378799685179964,0.2307692307692308,False,2
0.0335101194798934,-0.989307824722128,-0.1419404799062419,0.9993869817663052,0.03460903139113231,-0.005279736944364764,0.01013570759628208,-0.1416765431881319,0.9898611137638368,10.3317635533848,11.57396690628605,-2.43389121,,0.2886022105721497,0.7142857142857143,False,4
0.7109832907026252,0.7006591855600646,0.05982863889453487,-0.7031822496725225,0.7091192723808502,0.05181294513481197,-0.006122424940803593,-0.07890857512564725,0.9968630561338321,-3.929551422980609,-13.03202111334281,-1.93614500,0.6261312188644698,0.3462969136615349,0.24,True,3
0.2242220071791498,0.9526352994859991,0.2054518865081919,-0.9740925426402279,0.2254565862490942,0.01769310853415526,-0.02946540122329999,-0.204096334827763,0.9785072693856824,-17.88149298494335,14.71288926781318,-1.67812738,,0.717863823920912,0.2236842105263158,False,3
-0.8217660847700728,-0.5507289268744084,-0.1462810685817827,0.5694932494633745,-0.785006348723641,-0.2438082674546218,0.01944069796361487,-0.2836594464623734,0.9587279998494608,-13.03795185254373,21.75115640904664,-1.69251483,,0.5726251861076135,0.3684210526315789,False,2
-0.03501950743421343,0.9974203763136696,0.06265961229821743,-0.9992994470962638,-0.03411941488167899,-0.01537792447742281,-0.01320034591086622,-0.06315424326543484,0.9979164756758975,-13.72137058387264,8.985479373519865,-1.58371917,,0.07638782458622091,0.1818181818181818,False,3
-0.999817561732177,0.007379279031514556,-0.01761787424467463,-0.004980878088462884,-0.9911720286967454,-0.1324884915101963,-0.01844001370373642,-0.132376568055508,0.9910279562779514,-23.31565953654032,26.69083548045842,-1.91062323,,0.4671030077597267,0.3333333333333333,False,3
0.8628052621504383,-0.4985776171224759,-0.0835909044692453,0.5047027510564406,0.8590174731511059,0.08581441543906423,0.02902090077121972,-0.1162296886581127,0.9927982910908258,-25.91930534696337,17.07982344644068,-1.93443711,,0.4341672167746622,0.5897435897435898,False,4
-0.03769488906085882,-0.9915715861479101,-0.1239551728763528,0.99897516956885,-0.04050200549294613,0.02020391387667063,-0.02505406002180318,-0.1230665555509144,0.9920821120155614,5.594056547930563,-33.92050665129761,-3.07373463,,0.3215491392906517,0.4666666666666667,False,2
0.8379578814974228,0.5135766820836285,0.1845686334573758,-0.5456015175558604,0.7958643708347592,0.2625240698993812,-0.01206535855637096,-0.3206850399625223,0.9471090392701053,8.428138381534183,-23.36691433040289,-3.15186414,,0.7118710086041886,0.303030303030303,False,1
-0.4774508470230914,-0.8304152115922969,-0.2871432831062808,0.878605283714434,-0.4476135309755296,-0.1664177944713177,0.009666649161514253,-0.3317419226503333,0.9433206520850951,22.48889630999378,-22.82566842729591,-4.59945614,,0.5405752919513565,0.1818181818181818,False,2
-0.6790561584861982,0.7316381164590576,0.05990325672456365,-0.7340106681446418,-0.6755501774474946,-0.06971582890932536,-0.01053910204063891,-0.09131059245728458,0.9957666910643658,-10.39129810172324,24.57904820164634,-1.71216199,,0.1685663242790066,0.4,False,4
0.9711055202720108,-0.2360686528580268,-0.03500942208924863,0.2386016906080828,0.9633702511090378,0.1224213727952484,0.004827187192497129,-0.1272373782184501,0.9918605485893179,-10.54123363855305,16.73045724723602,-1.65328399,,0.2939138210885164,0.3333333333333333,False,4
0.6299743466247156,-0.7736960997551245,-0.06728051589033535,0.7765634795552353,0.6265564683829427,0.06615250674433025,-0.009026894029881945,-0.09392197373991668,0.9955386371371884,1.279267729576048,-23.35233271905224,-2.51220293,,0.1994011411056898,0.3571428571428572,False,4
0.9793582051925002,-0.1975702862886816,-0.04270231724311579,0.2021080354621931,0.9538589697886446,0.2220482104304309,-0.003138140171523402,-0.226095218281043,0.9741001510864835,19.00951808409084,-18.19821355366759,-4.06731166,,0.2783272794138064,0.2352941176470588,False,2
-0.4706387248313331,-0.879452391659961,-0.07115252274313104,0.882305090271801,-0.4685394602276913,-0.04481631276681712,0.006076048848253053,-0.08387052529416156,0.9964581359080148,-1.911362364781581,-11.8233774778941,-2.04474627,,0.08152608459091949,0.3,False,4
-0.7697228075250238,-0.6370517871184961,-0.04113174084485538,0.6383782094524535,-0.7680983784394184,-0.04998142389946422,0.000247531972557021,-0.06472944900019495,0.9979028194969971,-15.33804860737908,24.09941566147324,-1.73154136,,0.1516656465659075,0.56,False,4
-0.4754042658968614,-0.8555271504239338,-0.2050952921316603,0.8779970398698768,-0.4465929013627032,-0.1722671716612826,0.05578514091405836,-0.2619696076646059,0.9634624760276096,-6.239029734573279,21.85073099101555,-1.72588941,,0.3957210066338239,0.2105263157894737,False,2
0.9945299546948613,0.09683771993368527,0.03914875748579796,-0.1013610569760217,0.9852512516261263,0.1378619138770917,-0.02522112890693853,-0.1410759624003893,0.9896774562904134,-17.09466692096194,1.936761449585731,-1.55106289,,0.216236604180894,0.2307692307692308,False,3
0.6858331270397744,0.727086702244642,0.03127058160406942,-0.7276432446456215,0.685856681008113,0.01165854356806647,-0.01297036531627951,-0.03074964285235724,0.999442959396891,-1.602908261165311,6.190137937022428,-1.83454557,0.1654482258308453,0.1078535019810116,0.5581395348837209,True,3
0.5325733435355415,-0.8462509619573358,-0.0149981046022238,0.8463814077634787,0.5325308121897397,0.007031831969641436,0.002036258256497485,-0.01643908315026608,0.9998627956862345,24.57285103212291,-9.058734117231438,-4.37901175,,0.0867432921539264,0.5,False,3
-0.7011142003948129,0.6920586756605569,0.1717372046112848,-0.7130358049502826,-0.678997325591509,-0.1747643347439074,-0.004338071419942605,-0.2449845327414249,0.9695172818747592,-13.67005471721222,-24.91996306941491,-1.52191433,,0.4042443099898578,0.1428571428571428,False,1
-0.9377582219276736,0.3436864064756809,0.04989159459150225,-0.3472847390211561,-0.9287155922204405,-0.1299255895104795,0.001681442849778065,-0.1391653792093112,0.9902677264151716,-10.48634421047436,-19.56691643321943,-1.67516177,,0.3893038987020938,0.125,False,1
0.8797543823460546,-0.4577803307446923,-0.1283331427425989,0.4754283903521038,0.8472500959159633,0.2369285137285059,0.0002690541203800672,-0.2694521177383309,0.9630137506059865,3.39411776482666,-22.45037496453284,-2.68411340,,0.4105638245749359,0.2857142857142857,False,1
-0.06487764937770077,0.9952425504776469,0.07268532403431777,-0.9967965201271904,-0.06122022117969207,-0.05146631889919851,-0.0467716588710357,-0.07579149185402834,0.9960261350431489,-0.969367646593895,-9.44828205722564,-2.03501290,,0.1164559065837843,0.1739130434782609,False,3
-0.9348357219504003,0.3358169903947497,0.1153651677400367,-0.3550770599069334,-0.8855447186813095,-0.299551051981943,0.001566682265815571,-0.320994548517344,0.9470797460239685,-5.671761852689826,20.79952952491436,-1.72900053,,0.233909531751816,0.3333333333333333,False,1
-0.1431039045199725,-0.944053963439493,-0.2971252036184813,0.9896206594600955,-0.1325099324390565,-0.05560636811340266,0.01312337155250741,-0.3019987283403392,0.9532179945846142,-19.80960800824951,14.65769335391599,-1.71602840,,0.3825623672128901,0.3076923076923077,False,1
0.53691045393293,0.8073314671475798,0.2448327319025633,-0.843525931212844,0.5184906223531548,0.1401123759820781,-0.01382634546943872,-0.2817505575596531,0.9593880630306932,4.488484997814169,2.55173652848714,-2.14785081,,0.3591779388720432,0.2508591065292096,False,1
0.4717421110162909,-0.8404758155714729,-0.2665704112112992,0.8817013668602399,0.4523505828897427,0.1340956741885987,0.007879109764320566,-0.2982940723493809,0.9544414942941993,0.6134230144137973,17.63000675575529,-1.88428005,,0.6711161461746951,0.2068965517241379,False,1
0.7662105112990436,0.6060625391429267,0.2135641613719066,-0.6424620658907584,0.7291352178943971,0.2358056995016616,-0.01280415035198841,-0.3178836778976193,0.9480432590657694,11.72163390100374,-22.79604070650703,-3.45612608,,0.4781942195409717,0.3333333333333333,False,1
0.9949270093616974,-0.09977567717020647,-0.01284757906439051,0.1005994265605638,0.9867321913225057,0.1274336611087174,-3.765998800570573e-05,-0.1280796504254774,0.9917638840614295,31.81354464390779,-0.3455383150877083,-4.80092874,,0.1007370041482976,0.375,False,2
0.1947349978601285,-0.9478399643883892,-0.2523443728650035,0.98085305486607,0.1875608390683109,0.05242343376667064,-0.00235910328579142,-0.2577214262652745,0.9662163841891106,14.14398146853188,-21.2584154316321,-3.65145535,,0.7137092135063996,0.4848484848484849,False,2
-0.9797947865694152,-0.1999643739571037,0.004052821158084126,0.1998161038882824,-0.9795477728698065,-0.02365766879281295,0.00870062286868033,-0.0223698416120197,0.9997119031740853,8.689264390696536,-20.26906541951871,-3.08159253,,0.7981427778045344,0.25,False,1
0.5493228587314407,-0.8245050039916364,-0.135778846908747,0.8353929130328643,0.5455867721380632,0.06673645871960503,0.0190545986465759,-0.1500885487328077,0.988488922451687,35.45963914806961,-12.15303754796031,-5.62818497,,0.5958613287315376,0.5652173913043478,False,3
0.05625256985233144,-0.9969649393594662,-0.05381968109331012,0.9983223962730008,0.05690584659770878,-0.01068258970158024,0.01371282191027152,-0.05312846987233007,0.9984935273722524,27.27522371020927,-0.9868657952706599,-4.34572981,,0.09622515263732484,0.4615384615384616,False,2
-0.9298720411174078,0.3577882781520048,0.08558934025432208,-0.3678805387190783,-0.9052205882652254,-0.212696017387539,0.00137709110337355,-0.2292667324270651,0.9733626605856164,16.7977039291417,-21.6026488977592,-3.94736434,,0.505306569022208,0.1,False,1
-0.9909158521181222,0.1344824557812969,-0.0004930598814610326,-0.1315705649259544,-0.9702058764193784,-0.2034446947117821,-0.02783811175493679,-0.2015317008520907,0.9790863154418932,5.109249244841152,-3.970828853955084,-2.31751647,,0.4402508770194661,0.4589371980676328,False,2
-0.9115776647087211,0.4100640737281099,0.02955700664312397,-0.4111193477308847,-0.9087358356151016,-0.07197265446164455,-0.00265388875544719,-0.07776012156903225,0.9969685653861124,6.489142347197372,-24.17474495602949,-2.98506560,,0.1075449304473712,0.5263157894736842,False,3
0.9981947508261274,0.05849243147577984,0.01363359392153548,-0.05964060859727736,0.992132384762434,0.1100741973023301,-0.007087822607297651,-0.1106886017874339,0.9938298628060191,-11.52415168981955,37.75471468303527,-1.83290174,,0.1616023367805989,0.25,False,1
0.3287144199277222,0.9398759743200902,0.09262819779874079,-0.9441498302885057,0.3294188745054266,0.008018920486198585,-0.02297668596136602,-0.09009083202767858,0.9956684758928515,20.91650667465188,-10.2602231971191,-4.01452669,,0.1640334582476088,0.1785714285714286,False,2
0.9699005069085954,0.2300917490895764,0.07969186720958853,-0.2433286514116111,0.9281676669307444,0.2815953647817142,-0.00917464444313661,-0.2925108016214776,0.9562182056592021,-15.47558131308321,1.165249859155836,-1.53908715,,0.742519479669401,0.3392857142857143,False,1
-0.2414958251884068,0.9681812570467648,0.06561112649479982,-0.9703457171494893,-0.2402019875770927,-0.0270590904070548,-0.01043818117362142,-0.07020013295828186,0.9974783134015626,-4.164776858231079,-7.43498325486587,-1.79615675,,0.9059361527575622,0.5147540983606558,False,1
0.9978872704465557,-0.06482638586070857,-0.004305249930306954,0.06477188633613569,0.9875096624776208,0.1436289290282252,-0.005059468468384864,-0.1436043391042721,0.9896222489259443,3.463563059931602,-31.41147848873806,-2.83875695,,0.4079848521238164,0.5652173913043478,False,2
-0.6771970025313852,-0.7319068922768774,-0.07560767685963073,0.7356799426605322,-0.6716311774480821,-0.08767316263657186,0.01338811896807072,-0.1149950543167223,0.9932758407175676,5.036837838116213,22.09423844192401,-2.04936429,,0.4374179690796075,0.2777777777777778,False,1
0.8307883551977948,0.5523202002825908,0.06879756701760799,-0.5564557455508891,0.826919861596007,0.08099719588631007,-0.01215368714208745,-0.1055743285928914,0.9943371405268,-13.33240010720334,-19.79511534228175,-1.56991738,,0.2381614439206912,0.3333333333333333,False,1
0.3882456451215983,0.9156160410190398,0.1044633163973517,-0.9214663990151496,0.3872857310487693,0.03015688996021366,-0.01284501966390963,-0.1079677171873122,0.9940714146957419,20.85950479081893,29.42573872887726,-2.91962338,,0.1816811555090796,0.1,False,2
0.9497268890123325,0.3127086162159161,0.01523671983344795,-0.3129700146424164,0.9495570219341755,0.01977958619953553,-0.008282887279314088,-0.02355384129661275,0.9996882565772648,5.051119779874739,24.96287895100102,-2.01196970,,0.6062770012148344,1.0,False,2
-0.9999439056282667,-0.008955047670321806,0.005656210578734508,0.007406701244473052,-0.9729339672825841,-0.2309645775534584,0.007571418200300887,-0.2309097278786554,0.9729457185256751,4.584746892590687,-35.48610876220312,-2.93355412,,0.2436181142645195,0.1428571428571428,False,2
0.9049258921682627,-0.4208468313015111,-0.06322241902167838,0.4255688818674081,0.8947069121735045,0.1356121974421116,-0.0005064282763222872,-0.1496244829312098,0.988742766162145,3.914696374585759,31.55135184320761,-1.93932888,,0.315996869775958,0.6153846153846154,False,1
0.4640760992297125,0.8535617083251018,0.2367821450297044,-0.8856865311891373,0.4513232708800424,0.1089342628941563,-0.01388317664972698,-0.2602685444752662,0.9654364516439385,-23.89469025814518,23.24838398541789,-1.91526757,,0.5832946665754073,0.3,False,1
0.006502383547009947,-0.9770322980278237,-0.2129920365146962,0.9998974247862744,0.00907089377566901,-0.01108416852485112,0.01276161878385121,-0.2128981152959805,0.9769910611614804,-0.5934911466246149,-35.57870194846907,-2.31253419,,0.2724201498075148,0.1818181818181818,False,2
-0.9999682325564049,-0.006345492402311382,0.004823754159721909,0.004722276877345511,-0.9591626889868609,-0.2828155514758499,0.006421368943995998,-0.28278378804604,0.9591621840122861,30.56475778767302,-3.081858060113973,-4.78342654,,0.5734682020574701,0.2307692307692308,False,1
0.5742468796611846,-0.7823853120477255,-0.2410679254720046,0.8186567864156594,0.5510896688438046,0.161558790999471,0.00644881810705557,-0.2901265247880807,0.9569665680468744,10.88874867553642,-21.00939021974563,-3.29142345,,0.6086067836188228,0.4354838709677419,False,1
-0.4176660876400032,0.9081650600119963,0.02812939759223844,-0.9085603209436314,-0.4171558912277743,-0.02234067189608614,-0.008554673710926742,-0.03488819553044246,0.9993546074193739,-1.985661649562189,-19.92408096690889,-2.20125554,,0.09015928248347856,0.4705882352941176,False,1
-0.8447712984579568,0.5263639541467819,0.09644916317222492,-0.5351261013805734,-0.8305209162774753,-0.154515576065494,-0.001228382223109279,-0.1821427884945981,0.983271323530045,5.146313398453174,-26.26609447017074,-2.92762519,,0.6198811517621321,0.1714285714285714,False,1
0.1980474638860808,-0.9394828964454273,-0.2795515861782991,0.9801325397248224,0.1929632424537302,0.0458845467920605,0.01083543357975724,-0.2830849242687685,0.9590336381122848,50.79062959835716,17.31095915471587,-5.98123328,,0.4185808581711012,0.3,False,1
-0.9762156669971436,0.2117579855402358,0.04649222590135849,-0.2167728365130739,-0.9568763327179061,-0.1933836115972782,0.003536786592049389,-0.1988623630661976,0.980021046557843,31.86003569959922,-3.334844545685371,-4.93690520,,0.5934732070314312,0.1428571428571428,False,1
0.9979142733104497,-0.06454154147959419,0.001221698291238914,0.06431353065773046,0.9956616915670361,0.06724258858941425,-0.00555633850787851,-0.06702376719721075,0.997735907809817,4.418274448982118,22.79477195826894,-2.01218281,,0.1426275117608756,0.3333333333333333,False,1
-0.9296779237152617,-0.3672699241160403,-0.02849141969571952,0.3682248580763727,-0.9243231156648807,-0.1001859857575012,0.01046002156378499,-0.1036319481982512,0.9945607106966973,-1.892333652873788,-31.80563090103226,-2.29238825,,0.5474873303548791,0.9302325581395349,False,1
0.04773275084505946,0.9969491796469183,0.06175692429275331,-0.9987802958379594,0.04841936522124333,-0.009668801239592406,-0.01262953453625227,-0.06122008063461877,0.9980443860793412,-23.17660017481393,14.70985555026152,-1.81253306,,0.3795849977573893,0.28,False,1
-0.3766550542378356,0.9232580269641066,0.07566760048685961,-0.9263095296320999,-0.3745818929933389,-0.04048531529190721,-0.009034679288794445,-0.0853406180424818,0.996310871908099,8.562156501576084,-25.98149740669896,-3.25207852,,0.125781857154879,0.5,False,1
