axis_00,axis_01,axis_02,axis_10,axis_11,axis_12,axis_20,axis_21,axis_22,location_x,location_y,location_z,dbh,dbh_approximation,score,reconstructed,number_clusters
0.7772826103326061,-0.5974302811979607,-0.1972531439096845,0.6291435524315951,0.736496813263304,0.2484971518684874,-0.00318341142203224,-0.3172530585521956,0.9483355749580391,-21.31362545836305,33.23615375734141,-1.11359254,,0.4004187072233588,0.2380952380952381,False,1
-0.9445221930541924,-0.3113000413132339,-0.1047382981839874,0.3284271189748282,-0.8915935768182081,-0.3117635663422019,0.003668017174575256,-0.3288665049148262,0.9443692961946157,-29.93700957973647,14.19340456184125,-0.95973532,,0.3430058339008415,0.4444444444444444,False,1
-0.3985337973306599,0.8884438385302973,0.227680385986047,-0.90445882812762,-0.4218754791744456,0.06305004594244512,0.1520691967731038,-0.180799960865269,0.9716925097704007,-32.44428554688477,11.38798196730352,-0.96349805,,0.3149923789519136,0.5882352941176471,False,2
0.697866071963278,0.7101573193995282,0.09305658120638713,-0.7162174590442507,0.6926544191859708,0.08521975676063837,-0.003936618185927468,-0.1261207250431963,0.992007089567326,15.05163952518052,2.593414608303192,-3.71463820,,0.08618881103781116,0.1923076923076923,False,3
0.870882560051377,0.4787764260390118,0.1110707003114231,-0.4914797667393827,0.8498725515172282,0.1901690959735522,-0.003347459359187446,-0.2202039510247413,0.9754481095726883,-34.71378131342897,9.3123342463997,-0.99373629,,0.2986447330370571,0.3333333333333333,False,1
-0.4041379424870475,-0.8955386560637211,-0.1862338286614962,0.9145468718090265,-0.399308971191472,-0.06446987506061992,-0.0166295732554873,-0.1963742880867855,0.9803879825210774,-13.73016974124329,-17.04416337640856,-1.37996106,,0.2922106589502934,0.5925925925925926,False,2
-0.9725973524345428,0.2277060400332964,0.04695049914187824,-0.232448823957332,-0.9482983866467416,-0.2160965388987979,-0.004683404549044089,-0.2210885099129785,0.9752425013842907,-16.44521074217192,8.789287013163289,-1.10857657,,0.09882101494963447,0.2439024390243902,False,5
0.6904332892018274,0.7205635711835736,0.06395320981093824,-0.7233914232063369,0.6880422955089176,0.05746867339978884,-0.002592680747347102,-0.08594148866522981,0.9962968124673229,-12.42795214285553,-9.575747306795279,-1.35706707,,0.08660213845828513,0.2941176470588235,False,1
-0.5038603560208064,0.8371668318313972,0.2127826057551866,-0.8637822230704999,-0.4889703206705551,-0.1216071404594314,0.002238914462732014,-0.2450708493165102,0.9695025869368853,-14.67721585097257,2.713653255803763,-1.13913617,,0.1104855617873223,0.2986111111111111,False,4
-0.9610469566530386,-0.2658618315807496,-0.07553961620541297,0.2757737058543583,-0.9405800678950736,-0.1981363142835059,-0.01837417392118319,-0.211250141744396,0.9772593142793197,19.52094311469469,-11.7238437324657,-4.56822281,0.5449456760844039,0.2714026703291417,0.4545454545454545,True,3
0.8051549448136293,-0.5921126536634657,-0.03358750085628193,0.5930532892931408,0.8034990750369075,0.05174004709527149,-0.00364841071543003,-0.06157793262560203,0.9980956103063517,-9.437026879395546,-36.59127979984373,-1.57703592,,0.3508125593300309,0.4583333333333333,False,3
-0.4780156141451407,-0.8596811835797676,-0.1801369901833981,0.8780518239628333,-0.4730507608286922,-0.07244288864296647,-0.02293615200912436,-0.1927984446988233,0.9809702812280957,-4.70833359825653,-22.90481826016759,-2.18514392,0.5170035438957308,0.2025920195711899,0.2,True,5
-0.9913008989859491,-0.1314309948841132,-0.006958538167091583,0.1315148057602955,-0.987096952774315,-0.09134255136296092,0.005136490580387319,-0.09146310407719396,0.9957952184345351,15.79304142289044,0.5537034995832641,-3.85507529,0.5926428235197304,0.5318400118660157,0.96,True,5
0.904787326477307,-0.4249769749007364,-0.02746751991473411,0.4258408195984955,0.9035235022284624,0.04800913751043414,0.004414771764112809,-0.05513485036737544,0.9984691572929222,8.90779867071538,-8.793473236775242,-3.31176964,0.1498576691793368,0.1263498562293118,0.392156862745098,True,5
0.9987557479725243,0.04919840619573271,0.008153080377506913,-0.04938666132898394,0.9984725262201544,0.02477038688269864,-0.006921963205524867,-0.0251422196979904,0.9996599197797411,-15.58169883848694,3.427126936134698,-1.11265852,0.1777773068424961,0.2055538567680221,0.6543778801843319,True,5
-0.185896502260561,0.9766561395532691,0.1076349177553189,-0.9825689061229547,-0.1848795660739139,-0.01943941276535262,0.0009138750624129203,-0.1093724422385562,0.9940004193717143,-39.92419757387614,0.5996698042820299,-1.11193678,,0.1677372051048573,0.4,False,1
-0.281679199720557,-0.9575000310295415,-0.0620525504972511,0.9595082640990342,-0.2811466046565747,-0.01733429594008344,-0.0008482749820776275,-0.06442264561865703,0.9979223432517423,9.907011654384604,-20.89670795433835,-3.66946154,0.6567802940204405,0.6455346181480744,0.8970588235294118,True,5
0.9899974673226235,-0.1408216484147285,0.008618470429821496,0.1403221657707638,0.9891492001985009,0.04351493467843862,-0.01465279796466934,-0.04187031268601978,0.9990156016936782,-11.14879046776906,-33.00974211997473,-1.58450828,,0.4461761078678088,0.9791666666666666,True,5
0.9984504634034136,-0.04255159116583728,-0.03586131925576067,0.04835363753001168,0.9823616573315457,0.1806308388466227,0.02754265541164099,-0.1820849699839988,0.9828969762079856,23.6279570843752,-9.03644257375663,-4.95349362,0.5266187194534613,0.4979092144924829,0.25,True,5
0.9806879945844158,-0.1925527389887705,-0.0342709787709506,0.1955397506509395,0.9618216264260293,0.1914767997814787,-0.003906813710040535,-0.1944803374305753,0.9808986365366834,24.84347729724217,-2.633267806464517,-4.90832771,,0.3356051369151858,0.1538461538461539,False,1
-0.8497283360690896,-0.5218838359294755,-0.07482657734249334,0.527135956116711,-0.8384455227199205,-0.1383357842347389,0.009457200969468399,-0.1569916151469735,0.987554653739917,-12.40001637347569,-16.45261450476073,-1.46289011,,0.2409021219263468,0.1923076923076923,False,4
0.8996920142841086,-0.436502213158481,-0.004483005816587518,0.4365050897634669,0.8995043956659288,0.01884539169826299,-0.004193571746313875,-0.0189119032733629,0.9998123593307837,4.543131986177315,-5.784473475924642,-2.76796246,0.1326810018503239,0.1107810898314649,0.55,True,5
0.3093734950757679,0.95017517822564,0.03814670665309491,-0.9509384785181343,0.3092086827879372,0.0102956574421066,-0.002012614771897562,-0.03946037471213904,0.9992191092094656,-15.46052683911273,10.98558806520492,-1.15548647,,0.09382900014355189,0.3728813559322034,False,5
-0.8537160622690437,0.5013706003633501,0.1406997019013539,-0.5206260600727775,-0.8161635620715231,-0.2506502454014715,-0.01083469413194635,-0.2872360719652302,0.957798542682672,6.025660685223016,3.74866595055795,-2.72786320,,0.633417170379066,0.6287878787878788,False,4
0.9801805114762725,-0.1981064477301414,1.702519942699938e-05,0.1980733393880348,0.980018263688934,0.01819766632839135,-0.003621760039677437,-0.01783362565133291,0.9998344086149181,-4.213829617660821,1.066845079302141,-1.81150354,0.3557067195657607,0.3267366941595877,0.9519023689877961,True,5
-0.7073230871834923,-0.7065795069264086,-0.02096308013739927,0.7068804660387206,-0.7068447611488443,-0.02627718343572759,0.00374927594276714,-0.0334048503673776,0.9994348697648278,13.96501836475284,-8.23947154383751,-3.88036502,0.2260835483233047,0.1457664375748557,0.3870967741935484,True,5
-0.616768920310905,0.7786088017265254,0.1156046400993753,-0.7871267709892226,-0.6110466155047792,-0.08398499909052909,0.005248364564491185,-0.1427948442841704,0.9897383932713024,-14.39526962341461,8.249570999931734,-1.19668036,,0.114129041340763,0.3469387755102041,False,4
0.9844766214435842,0.1753485624303587,0.00765920913884664,-0.1754801848555431,0.9842180181308808,0.0228385093556068,-0.003533631855527642,-0.02382801796474754,0.9997098274028227,-2.117371119346473,-5.725102161547113,-2.07627856,0.2644115253526238,0.2206656739027677,0.8738574040219378,True,5
-0.06733465316950153,0.9954789421434357,0.06699044880823306,-0.9977270195163306,-0.06700648525403634,-0.007136207743633693,-0.002615150015318136,-0.0673186948988628,0.9977280963807278,-6.318190472763831,16.08543906078489,-1.57751505,,0.1286975266571744,0.4363636363636363,True,5
0.2412323281298926,0.9647369444969465,0.1053071307544116,-0.9704044833331311,0.2410278895832013,0.01485581266799774,-0.01105000416245491,-0.105774214087192,0.9943287751253336,24.56126934315517,1.753536234906676,-4.76532752,,0.1485775111384739,0.6956521739130435,False,4
-0.7860599881919988,0.598849369728527,0.1532616303558724,-0.6181418543058375,-0.7627960227543793,-0.1898496131822266,0.00321604087893025,-0.2439706130783914,0.969777292493085,-11.7212026170547,-18.1761436201665,-1.54704345,,0.7924436786507556,0.3478260869565217,False,1
0.1369300210242558,0.9903184087665755,0.02279514422709906,-0.9905796950153024,0.1368604616024118,0.004591500121431282,0.001427293132893021,-0.0232091212244701,0.9997296132086417,-0.8909381877647888,10.86380208772169,-1.97981681,0.4393283435498601,0.3777803823231838,0.9714285714285714,True,5
0.9104843677815196,0.413376339519654,0.01175661306745854,-0.4128665604275157,0.9070006443054545,0.08301225518104673,0.0236520465549777,-0.0804352730760723,0.9964791756674792,-15.50237909445167,4.791227621097107,-1.12710164,0.1427450258477348,0.1533760989465406,0.4691358024691358,True,5
0.8399830911147649,0.535281086725045,0.08889637133054985,-0.5425551645325714,0.8309291549725935,0.1232502854177882,-0.007893039992218027,-0.1517593410996058,0.9883859581705392,-25.68967436452584,14.10380597426098,-0.94651965,,0.1872886565281054,0.2307692307692308,False,4
0.47029350759857,-0.8823653030882885,-0.01598401127833761,0.8825086819381853,0.470247703440755,0.006747126234364386,0.001563014510649517,-0.01727915838830035,0.9998494825077578,-0.9850472094773863,-7.845902679521544,-2.20915568,0.7321985237482771,0.6289505992230697,0.9752321981424149,True,5
-0.7848453984219705,0.6183727301720774,0.0404087509753823,-0.6196908876823823,-0.7830740284721058,-0.05270929382841492,-0.0009509465183004137,-0.066409581477374,0.9977919939489998,4.004515835764664,30.681783696298,-2.22680293,0.3538457352066736,0.2330610694937346,0.5833333333333334,True,4
-0.9545655557397605,0.2979215680924115,0.006880338698032892,-0.2957496039838294,-0.9442685456412521,-0.1445305692784815,-0.03656188642082339,-0.1399987606299156,0.9894764148191899,-5.769036227445213,-31.70163003164856,-2.13555660,,0.235236167848074,0.3636363636363636,False,3
0.9305508155340287,-0.3648138727331171,-0.03140092308225688,0.3637813348338726,0.91132826076901,0.1927276356681014,-0.04169316653168269,-0.1907659282607762,0.9807497338665786,0.5244166369569143,-9.14651073174366,-2.38556556,,0.6366236812874684,0.3823529411764706,False,4
-0.9954760158211301,0.08925651003464424,0.03256957692884961,-0.09493116001001109,-0.9485941006677823,-0.301922683873596,0.003946743473101894,-0.303648658147401,0.9527759000002259,-2.945665866010728,-22.06555211382948,-2.33213396,,0.2689750708776417,0.5,False,1
-0.4294834658941852,0.8971305013411551,0.1034447489575315,-0.9030705689298708,-0.42700192799619,-0.04618334137128815,0.002738623047914376,-0.1132528898126008,0.9935624202297998,13.27212546314411,-8.995564614005048,-3.82728321,,0.1543808030470813,0.1111111111111111,False,3
0.4073547008223747,-0.912400790004732,-0.03983649227348266,0.9132368274953816,0.4065802446227916,0.02628690907358086,-0.007787465832051195,-0.04708824780359304,0.9988603767768061,4.547420039114144,4.946987613919475,-2.56812182,0.4705499415677121,0.3519455241468442,0.9319727891156463,True,5
-0.9888421162557691,-0.1477817842380304,-0.01875668857332123,0.1489051566151922,-0.9842006702941634,-0.09579297952316343,-0.004303888034951415,-0.09751710024372326,0.9952245433608633,-12.29024878333462,-14.97541095319434,-1.45045159,,0.1522713041863005,0.6545454545454545,False,4
-0.9953544068641158,0.09608381003873027,-0.00612422930871307,-0.09572707305157996,-0.9944464154231331,-0.04373390374823287,-0.0102923379832763,-0.04294447927875487,0.99902444388429,15.30199762359024,16.52118509577235,-3.47229910,0.4573778538542038,0.4841603680398777,0.8350515463917526,True,5
-0.2920641850773159,-0.9561168316305025,-0.02321887309868704,0.9563982205303162,-0.2919531359643051,-0.00811234658118244,0.0009775282955697968,-0.02457581480760128,0.9996974911266778,-41.72050877611406,2.476769376596167,-1.19732891,,0.2858765852148148,0.5789473684210527,False,1
-0.6975860620059875,-0.7127011576103545,-0.07369359562295949,0.7162420857626752,-0.6908710085080391,-0.09846077485688967,0.01926033949110013,-0.1214673188308154,0.9924085498315409,14.6397153808748,-15.85380702145852,-4.11747983,0.3872347753946792,0.342445488700103,0.6626506024096386,True,5
0.959480428910839,-0.2814336236376747,-0.01387162655352878,0.2817404915686061,0.957425233733692,0.06292231099273249,-0.004427408695062627,-0.06428092482341545,0.9979220213804755,-3.7050213681934,-24.47316558706513,-2.28168974,,0.1708574083864875,0.2916666666666667,True,5
0.5173760888186045,-0.8160671518419493,-0.2575973338436005,0.8556844276761821,0.489386465455194,0.1682410403610128,-0.01123133790993685,-0.3074659186216257,0.9514928091871802,-26.81304614628982,6.001279848329773,-0.87677875,,0.3271029752626193,0.1,False,2
0.7963614955090992,-0.6043698401214326,-0.02335518833374945,0.604820851700072,0.7957466540931047,0.03128897327220009,-0.00032529880178792,-0.0390430384476274,0.9992374769440279,12.39526516457062,-7.168558334011891,-3.67702145,,0.1058109498577818,0.6956521739130435,False,5
-0.7680278665857633,-0.629655944910086,-0.1169041795108505,0.6402269425092261,-0.7504595986209632,-0.1640727062096216,0.01557749122954845,-0.2008576159299102,0.9794965849302097,-8.984530261094278,-24.17441975688797,-1.80860916,,0.2411247035397467,0.2333333333333333,False,5
0.6540313238563759,-0.7560546044797882,-0.02498924687911514,0.7564330373247873,0.6539597847495868,0.01206896739035517,0.007217164143325985,-0.02679617463712145,0.9996148646186407,-6.953798788216204,17.73097982685118,-1.53447340,0.3742905705778189,0.2239850668265704,0.8715596330275229,True,5
0.545349542953068,-0.8376725336006492,-0.02997669848314726,0.8382041106259004,0.5451164199179382,0.01618510629233389,0.00278297156359759,-0.03395313221073831,0.9994195514809369,14.13393834240611,1.132322214243288,-3.66766839,,0.1168339776036035,0.52,False,5
0.0695142218555357,0.9968445586151836,0.03832360785622682,-0.997575304606257,0.06959187739556238,-0.0006944352337170095,-0.003359255803327634,-0.03818241165588535,0.9992651394102504,1.640514524482768,-3.731847565932469,-2.42638882,0.4854989711214738,0.3983108645816011,0.8701298701298701,True,5
0.8737707452652129,0.4844520164643635,0.04278934986986311,-0.4862900312402593,0.8715325037772081,0.06287368588032476,-0.006833025319810474,-0.07574522165418841,0.9971037915691305,-7.344867768296297,22.54793479513575,-1.50526500,,0.1390429604433845,0.4230769230769231,False,2
-0.4597764527684671,0.882786482839572,0.09640352273327063,-0.8880319789070129,-0.456789491242138,-0.05236950571892103,-0.002194975658372565,-0.109687676639117,0.9939636792536095,-26.45033117505426,21.93006467231493,-1.00411930,,0.1730150108760608,0.4347826086956522,False,5
0.8380566715385477,0.5403861014825742,0.07512573869317997,-0.5444226213386294,0.8372845120512618,0.05058315187744296,-0.03556718522045746,-0.0832916994876806,0.995890289204563,-24.83774913248391,-2.815257224272955,-0.84607538,0.3288882522521484,0.334472247887354,0.7441860465116279,True,3
0.9815246545063723,0.1894684879825784,-0.02666542063689906,-0.1864467070266507,0.9784140717755796,0.0891264808597886,0.0429764823486693,-0.08250815846404246,0.9956633094333684,-12.02341720362227,-12.40631461035468,-1.43314179,,0.07966041371057236,0.2325581395348837,False,2
0.8249002828942836,-0.5650926204867808,-0.01448632293973673,0.5652659920900566,0.8244425465603894,0.02772806533938223,-0.00372578412892746,-0.03106151465083479,0.9995105306299784,-18.86510968727242,5.648163841403573,-0.99522496,,0.0809871518835575,0.3571428571428572,False,3
0.9668287160154014,-0.2553830386931004,-0.004662342317868983,0.2553873986130161,0.9662074350201044,0.03493521348937047,-0.00441707116617376,-0.0349670710776559,0.9993787037067398,-11.18888744946673,24.23285748069281,-1.31395552,0.6064353499190117,0.5929713030355527,0.8762886597938144,True,5
-0.92421933258289,-0.3812458698882776,-0.02168437163415537,0.3818215566230017,-0.9234571029463724,-0.03793781643533772,-0.005560951179937462,-0.04334242391726489,0.9990447988508578,-18.79769819702312,4.744649521434667,-0.98747098,,0.09827621999065456,0.2258064516129032,False,2
-0.8799789426207201,0.470881196899914,0.06251367010680974,-0.4749366166859613,-0.869830177178436,-0.133531543092344,-0.008501216090134755,-0.1471949770740646,0.9890709620897552,-6.979351728001461,-22.83289685846421,-1.98045145,,0.3306969784970802,0.1578947368421053,False,3
-0.8320351797985283,-0.543950681535871,-0.1087893176478852,0.5535865043430879,-0.8016599931545203,-0.2255731313447937,0.0354886148902925,-0.247909078962745,0.9681330728680911,-4.221017535889615,11.64680568743967,-1.73191640,,0.3163829840201559,0.3333333333333333,False,5
0.04474977821795012,-0.9984847355676573,-0.03202639829624719,0.9989616508301208,0.04499946725319836,-0.007118154092798049,0.008548539068447174,-0.03167460789518813,0.9994616759508499,26.53978665774113,8.937600068208553,-4.80617157,,0.3097725900341712,0.3870967741935484,False,3
0.7801590451601237,0.6244371147341611,0.03781737692277507,-0.6255683617403716,0.7791038332805794,0.04076078700140961,-0.004011115095696688,-0.05545725119389346,0.9984530055269031,-12.67948090641414,-21.2131126647343,-1.50741828,,0.09909188616785784,0.5,False,3
-0.08238228241637992,-0.9963719679495215,-0.02135558541146311,0.996600792311952,-0.08236030133527891,-0.00190827858372986,0.0001425028381874732,-0.02144020168656362,0.9997701223004126,-14.04199524087346,-11.88917869620093,-1.29111275,,0.08600930380201818,0.5294117647058824,False,1
-0.8472745741251844,0.5308500456789527,0.01800069564329134,-0.5311380803014624,-0.847032379372816,-0.02069995042758571,0.004258602431067032,-0.02709939661101378,0.9996236726932063,12.94236710864888,3.060686427978453,-3.48558426,0.8336048999461299,0.7959004721447321,0.9776536312849162,True,5
0.9988685114953805,-0.03474077471487901,-0.03247730461739443,0.03669439922210139,0.9974242941763274,0.06163033711235501,0.03025256697753184,-0.06275233827566506,0.9975705119099124,-12.16059571602392,3.420293064821578,-1.26814471,0.2978457689171443,0.26987455748881,0.7539863325740319,True,5
0.1713828067852768,0.9736306396328427,0.15056995419586,-0.9848687362827057,0.173301542233776,0.0003843856171588858,-0.02571975566191151,-0.148357517596978,0.9885992823895612,-28.69010398175072,14.41916087061122,-0.95550613,0.419304946576002,0.4506834616735965,0.9,True,5
-0.1049756312419045,-0.9704917814165224,-0.217084819939922,0.99447476739608,-0.1023930679112234,-0.02314296126773811,0.0002320729973766513,-0.2183148227828616,0.9758783655227794,6.609851687251791,-20.51302229221926,-3.27671966,,0.4276791816495734,0.2758620689655172,False,1
-0.9698023280787308,0.2366894333929373,0.05883499446079683,-0.2425337036297346,-0.9613453136065616,-0.1303556312950987,0.02570694569013956,-0.1406886638177715,0.9897200881140344,-13.15792077533314,17.57522900587384,-1.23100649,0.2613444578536715,0.20657535590289,0.3552631578947368,True,5
-0.3600913581950498,0.9062981864249433,0.221264120534946,-0.9324275893058525,-0.3573151354399032,-0.0538951267448257,0.03021596357095731,-0.2257199398999179,0.9737235255846788,30.27693583295135,-3.417731613878743,-5.46949553,,0.3022684762836021,0.1764705882352941,False,3
0.555790675210951,-0.8185473069585791,-0.1451793085098974,0.8313189644819398,0.5467547667032903,0.0998398937294375,-0.002346197184787823,-0.1761803943635256,0.9843551005611144,-12.9912060078513,-10.68542744538581,-1.31884200,,0.1315902029358491,0.16,False,1
0.9317432561730523,0.3627703497023789,0.01588011186517936,-0.3620913327719384,0.9249347015414079,0.1156964330303564,0.02728316894127638,-0.113549422109142,0.9931576699755186,22.45685305806148,3.881528256204206,-4.48891178,,0.2030297314427369,0.3157894736842105,False,5
-0.2643241369163019,0.9576841726801384,0.113902484790335,-0.9643834079682437,-0.2636690002354117,-0.02105470850941468,0.009868793189136527,-0.1154109341129296,0.9932688071253283,15.57230900293473,1.977917350315238,-3.79977599,0.1543139700336896,0.1752756070536669,0.4074074074074074,True,6
0.0870145328881423,-0.9959717590008905,-0.02165008865867157,0.9962068455307518,0.08700762293053448,0.001262723106976405,0.000626086196439992,-0.02167784178943693,0.9997648119390004,-11.58123030169617,22.04570214392663,-1.29700909,,0.1727647883766142,0.303030303030303,False,4
0.8000801072654462,-0.5994215288443316,-0.02378345466994538,0.5998676470981865,0.7990512983488537,0.04093688522467648,-0.00553424999425955,-0.04701971251439888,0.9988786306213912,-33.32304741541276,4.800499382658472,-0.94493902,0.4278948805806851,0.4331213057949064,0.8444444444444444,True,5
-0.9533970175233675,-0.3007098762750821,-0.02465151695480504,0.3012313429953637,-0.944033280121718,-0.1343906396288086,0.01714074020448744,-0.1355534445643327,0.9906217535931601,-17.74153512994286,6.668238196638129,-1.04148511,,0.4073117304906685,0.1527777777777778,False,2
0.1547794708930426,-0.9754192197568675,-0.1568459789697341,0.987576858601903,0.1571162693878845,-0.002535004463844864,0.02711574716041894,-0.1545050925456446,0.9876198219119515,15.02877032000433,-13.53085875311484,-4.08254744,,0.1746870469945855,0.1111111111111111,False,4
-0.6126041940439078,-0.7741103785642609,-0.1595907993554489,0.789559685553604,-0.6086081722442468,-0.0786866928140442,-0.03621607914046862,-0.1742102593896646,0.9840422659292016,-18.7546980675566,17.02221676976075,-1.06583706,0.8636651211724271,0.699249409161401,0.4,True,4
-0.2095062431693451,0.974727174055211,0.07755043669385561,-0.9778067647351075,-0.208929874881646,-0.0155640039899872,0.001031945409320002,-0.07909009761202873,0.9968669377346158,-15.34899833850761,6.462657663759842,-1.14174833,,0.1092401375198444,0.3375,True,5
-0.9977820343950974,-0.05036765820632179,0.04352138376925693,0.03683091748213693,-0.9623427191719399,-0.2693324606767263,0.05544813212186522,-0.2671321580483478,0.9620633631838538,19.63963118977009,-15.27071475653287,-4.64241035,,0.1683591614781971,0.5714285714285714,False,2
0.5209995355942668,0.8515211911929452,0.05891642266724966,-0.8535508594100887,0.5200141828799107,0.03218974998409252,-0.003227121140859756,-0.06705900799360674,0.9977437923315065,-13.78417575100758,7.666407857638035,-1.21086050,0.1908493598960096,0.1647590697933736,0.6526946107784432,True,5
-0.09763997594194607,0.9941580819492372,0.04600155642008081,-0.9952172933356505,-0.09739604110954943,-0.007519988154832787,-0.002995687520096115,-0.04651579593214166,0.9989130625760587,-3.95766302191106,-22.19241589647913,-2.22058288,,0.198589110758089,0.6923076923076923,False,5
0.7329597124818873,0.6644664663770049,0.1457888025155781,-0.6802718818212073,0.7157798072139935,0.1577638564061251,0.0004761112296276853,-0.2148105738671998,0.9766556151852821,23.11650736769892,-6.962043718119673,-4.84861146,,0.4799520466099664,0.2105263157894737,False,2
-0.58897113319536,0.7648432762602487,0.2610129633218697,-0.8078097896160341,-0.5665958084240439,-0.1625193332400926,0.02358703167152646,-0.3065680228526687,0.9515564614362794,21.97033583555427,-6.794491966211183,-4.73045336,,0.5510218673663101,0.25,False,2
-0.3794103536108135,-0.9146700370564488,-0.139379004459321,0.9252275503626358,-0.3748640120754935,-0.05857433312143096,0.001328014636026867,-0.1511810033100002,0.9885052051533709,32.03670262964494,-12.78311704434549,-5.91651215,,0.4129183903204774,0.3703703703703703,False,1
-0.8917294453798105,0.4428458629562531,0.09330668735490268,-0.4525545449629854,-0.8741850935190728,-0.1760534183206725,0.003602787248684082,-0.1992183825142148,0.979948496601969,-20.70439439205376,23.46227157650497,-1.05704407,,0.0769030668544528,0.5,False,1
0.6008974159270745,-0.789280120587114,-0.1263296749705149,0.7993160552337866,0.594132098058521,0.09000496598565849,0.00401738443068345,-0.1550610889377848,0.9878967149048353,14.36051336800992,-14.46645327874012,-4.03906188,,0.4415422024128735,0.4193548387096774,False,2
0.5457176333488919,-0.8362223677490818,-0.05407787281508324,0.8379628288805743,0.5443256915593123,0.03908758016227886,-0.003249933314756156,-0.06664602902346493,0.997771389020979,15.56131396986757,-14.90735249460209,-4.18067692,0.2435731227779424,0.1591938408663502,0.3846153846153846,True,4
-0.2527946390054505,-0.9190436531420484,-0.3024130190805641,0.9675196108061344,-0.2398635479093591,-0.07982030499741781,0.0008204850090945302,-0.3127686717106627,0.9498289766061558,3.291352712096455,5.474642548921906,-2.43075150,,0.1092385776319773,0.6666666666666666,False,1
0.972965953028684,-0.2303279007680023,-0.01692076755913431,0.2292041632563957,0.9540335315894399,0.1930944643145346,-0.02833206298384374,-0.1917526498664017,0.9810342580543725,19.06321868468081,-0.3596637093834829,-4.25112408,,0.6159395052800406,0.4523809523809524,False,3
0.9986165263848938,-0.05162198859845016,-0.01001017103299752,0.05243491263407506,0.9632781128165415,0.2633360159675455,-0.00395135015220129,-0.2634965799811146,0.9646522374256076,-4.569719984604916,-26.54061303762631,-2.23685862,,0.6357095951986624,0.36,False,1
0.8423404038733182,0.5306505322677811,0.09419478014441839,-0.5389231025640251,0.8309465288612976,0.138165682049219,-0.004953132877298494,-0.1671462795795378,0.9859196659451613,18.46766680355341,2.260976392501675,-4.09855984,,0.158496408635309,0.25,False,2
-0.8041716334040697,0.5894447458144441,0.07656941726286806,-0.5935186674454311,-0.789291726706924,-0.1573345529303762,-0.03230441799552266,-0.1719693629218504,0.9845724771667258,18.00410178277536,1.326816618090504,-4.07773837,,0.1704007734925914,0.2,False,4
-0.6215869028832219,0.769963472278779,0.1441734147492149,-0.7833442365737372,-0.6106771458462861,-0.1159535707416641,-0.001236604525411322,-0.1850126344265142,0.982735364130043,-3.040982889609069,-26.8864429700875,-2.41770089,0.6129674213594598,0.5564450380979096,0.3783783783783784,True,4
0.7400022059063783,-0.6631847969433415,-0.1121724581031928,0.6726041368487046,0.7294795086785171,0.1243516043811186,-0.0006405838766922922,-0.1674681209107204,0.9858772835048635,3.448298966187423,-20.48314984753978,-2.94416452,,0.6387999648085543,0.2549019607843137,False,2
0.008179360955392815,-0.9971502277141584,-0.07499680942521889,0.9999665252297498,0.008140155473010018,0.0008284255036914947,-0.0002155789909491854,-0.07500107491547321,0.997183429609228,-11.98301285055561,-3.748215284939079,-1.30829161,,0.1261693883207669,0.3333333333333333,False,1
0.1608150027505398,-0.9864570597890036,-0.03226459488011255,0.9869834555347038,0.1606798193335852,0.00675678619626175,-0.001481010168579481,-0.03293121393693742,0.9994565231952415,-12.7645252923104,-25.38282873040782,-1.51457261,,0.09624191257628809,0.25,False,2
0.649249944150983,0.7327604473433889,0.2038053895976797,-0.760330389332354,0.6321023511880792,0.1494801548039527,-0.01929272084639243,-0.2520094133789825,0.9675324524225142,15.00402050725043,-12.3745874434361,-4.06748493,,0.3229531576224884,0.3529411764705883,False,3
-0.8535276245210686,-0.5090791251984926,-0.1110362034048364,0.5210381965644467,-0.832627245168988,-0.1877526786045203,0.003129201222670613,-0.2181062009422028,0.975920023982636,-14.36397784681816,16.81624732956777,-1.18560385,,0.08821761622724476,0.2272727272727273,False,2
0.7045747271966033,-0.6935351668246208,-0.1502778299463286,0.7094519293105396,0.6931633399310865,0.127289214677186,0.0158875357870758,-0.1962996600942722,0.9804152332830657,-15.82782003970152,-3.891818973042803,-1.07940201,,0.2340918000686834,0.4545454545454545,False,3
-0.1413021818933284,-0.9797603416064652,-0.1417863406939051,0.9899413158862884,-0.1388200280279646,-0.02729818528107225,0.007062895547109489,-0.1442174498231698,0.9895208146739476,-15.77593889749875,-29.64614678228216,-1.24370753,,0.2812715370418595,0.1333333333333333,False,3
-0.9950453217747156,0.09257557887079472,0.036256996717741,-0.09934403788729042,-0.9402640485911897,-0.3256290543903509,0.003945852316244385,-0.3276175836606496,0.944802174598395,36.76650236495234,18.70865059287615,-5.43775478,,0.5163086627437744,0.2777777777777778,False,1
-0.7114639787485117,-0.7009212504555412,-0.0502832735925065,0.7027144835414134,-0.7092888690974876,-0.05569250214825412,0.003370691985803711,-0.07495799379818664,0.9971809954071974,23.27751771108674,-1.93823412203119,-4.72647279,,0.12356837012144,0.3,False,3
-0.8682725215021708,0.4957220362309837,0.01903920164473999,-0.4950820375313835,-0.863432024747091,-0.09684479725267738,-0.03156904366678801,-0.09351364304819747,0.9951173770193233,16.38886766265139,-22.74598686953669,-4.45912916,,0.2029578755748714,0.28,False,4
-0.09966888326064378,-0.944422164241406,-0.3132616947524141,0.9950206375636348,-0.09453377893045799,-0.03157998517392396,0.0002110261455634333,-0.3148493930924844,0.9491416201691191,11.09801571710895,-6.293638014181738,-3.52141661,,0.4058923683090165,0.17,False,1
-0.8512862472862336,0.5169931936647689,0.08960894422781406,-0.5245486512089094,-0.8344129262375639,-0.169126523770162,-0.01266640028716754,-0.1909793345678216,0.981512331084942,20.38480961068339,3.367306083847609,-4.30993049,,0.269722591529483,0.1875,False,3
0.8250911390166723,-0.5647396511488619,-0.01713880790582762,0.5649887031736848,0.8245065663963144,0.03125199602391914,-0.003518181673693786,-0.03546897784857637,0.9993645851280147,-13.55476293322101,0.4300405562602236,-1.19739187,,0.1145454370138071,0.4117647058823529,False,2
0.6857076764864611,-0.7268372636840161,-0.03889183112005809,0.7278665638978932,0.6844316442267837,0.04199511329305121,-0.003904813313529845,-0.05710443504101764,0.9983605741071875,-16.56697152366172,5.838327316035588,-1.08296060,,0.0848245386749209,0.3142857142857143,False,3
0.9711692791082205,0.2294885123735456,0.06453877907891635,-0.2383607967604153,0.9390877953235355,0.2475848202982625,-0.00378970766157239,-0.2558302862503967,0.9667142818604063,-27.58194075416816,-1.120182311649899,-0.83033794,,0.212526120423691,0.4,False,1
-0.9601331203641001,0.2621320252404644,0.09711432707499158,-0.2795167925942333,-0.9050203947338962,-0.3206375645078642,0.003841072471109133,-0.3349998305358302,0.9422103585204508,23.07311125963227,8.857735992451921,-4.46533947,,0.4554314585124876,0.4,False,1
0.8907001350266869,-0.42975311746522,-0.1482077173846422,0.4545770737487967,0.8394259924883507,0.2978652164267053,-0.003599095083792807,-0.3326804189667191,0.9430327594260475,-22.97592826491399,-1.886831288924043,-0.86776832,,0.7537829428336044,0.2692307692307692,False,1
0.8042822027981702,0.5620276921435405,0.1930155732730676,-0.5942397547871282,0.7623269616670734,0.2563917263602415,-0.00304172527674128,-0.320908829388125,0.947105205944982,34.85075880062686,22.11951293799018,-5.25373197,,0.4562449991863664,0.3529411764705883,False,2
0.7649044213140118,-0.6207376304488161,-0.1720640008806738,0.6434767722326677,0.7241937803263268,0.2479536491638925,-0.0293064813872841,-0.3003800304305397,0.9533692713042748,17.05474077187063,2.376039491880078,-3.93286222,,0.4850092023361377,0.1578947368421053,False,2
-0.5596886873326143,0.7975847046643062,0.2249604679881444,-0.8286995827579309,-0.5394433237845627,-0.1491908239842301,0.002361103285568748,-0.2699250623966091,0.9628784377487432,-9.809067640520539,15.87320214759177,-1.37750097,0.9004938151943798,0.5173890558587653,0.1702127659574468,True,1
0.7630548072539469,0.6363852343319168,0.1129654577778184,-0.6463273079688698,0.7520845624240053,0.1289566668970834,-0.002893458199894681,-0.1714136648222739,0.9851948961560052,0.2130141468375371,-20.76870841194875,-2.61033139,,0.5642788908238341,0.6037735849056604,False,1
-0.5668386844654612,0.821529460924002,0.06150813464399735,-0.8238253462868096,-0.5654706905793773,-0.03942964507956979,0.002388432306746815,-0.07302220846839022,0.9973274549823219,19.74907394796716,-9.990213138261197,-4.55179189,,0.6723793668511475,0.3863636363636364,False,1
-0.1666774183802599,-0.973490074649461,-0.1566387971132233,0.9858223000517701,-0.1676409732877562,-0.007134199028003519,-0.01931400845834886,-0.155607129123699,0.9876301891108588,-13.79342263887764,27.49800846685923,-1.21825501,,0.2904601966602092,0.3333333333333333,False,2
-0.3839927880875154,-0.8739280886250997,-0.2979920042700077,0.9233351102232871,-0.3629742023617286,-0.125307632045368,0.001346449303466929,-0.3232637071060512,0.9463079640066053,18.88936329399121,-13.32167873689383,-4.53278554,,0.4657362844333601,0.2777777777777778,False,1
0.7421938595590962,-0.6425706915641952,-0.1903974295401205,0.6701783027666492,0.7103108975751443,0.2152195885295001,-0.003052430766919132,-0.2873348832437609,0.9578253220382663,-0.5217189731656333,-27.56207787048552,-2.68706611,,0.2908757782482898,0.1111111111111111,False,1
0.04383852728478102,0.9927850597653899,0.1116064900986209,-0.9990335951169627,0.0432092385177066,0.008052175755508149,0.003171648337878197,-0.1118516285681706,0.9937198568175388,18.98877510071929,-28.91022683358096,-4.92134721,,0.2075246164544469,0.3125,False,2
-0.6258896336351684,-0.7763295225861437,-0.07466350426550765,0.7799081670285468,-0.6227264566433375,-0.06288887976905372,0.002327554555252577,-0.0975921746740193,0.9952237687737309,-34.13916633384849,4.22880971096663,-0.95291499,,0.1204400107261539,0.375,False,1
-0.9967741182830321,-0.07385830265865562,-0.03140554488409212,0.07822391224687927,-0.9815834863718025,-0.1742839029714764,-0.01795485098453418,-0.1761783483023976,0.9841944995353119,18.95435904465401,-26.59560676334777,-4.85801533,,0.3362015761075657,0.3333333333333333,False,2
-0.9571210938000612,0.2873456118375539,0.03676562471490694,-0.2896852586317102,-0.9499370085226679,-0.1170561009537115,0.001289470610283058,-0.1226873228850809,0.9924445365202221,12.19987728918329,-11.43303240583219,-3.73366516,,0.2429952192118998,0.25,False,2
-0.7581139802241401,0.6190045339149998,0.2051745110421506,-0.6521146438289425,-0.7211069416845504,-0.2339898928548108,0.00311195960181533,-0.3111883121954102,0.950343174890212,-21.9144135201683,-1.791718169988997,-0.87376328,,0.6512473436683592,0.6097560975609756,False,1
0.3899577197337311,0.9205026149018618,0.02465588730717312,-0.9208310900918958,0.3898682333182981,0.008536051162019874,-0.001755089809767284,-0.0260326066329189,0.9996595535739434,22.02560930124696,-12.74976599007442,-4.85733926,0.4671088825721346,0.3604954353831241,0.875,True,2
0.8644215778326866,0.4862853505212428,0.1276788692214955,-0.5027567146352918,0.8377417613615594,0.2131300709894296,-0.003319889512555746,-0.2484256410664235,0.9686452803758249,21.77394960879255,7.81533707641006,-4.32998316,,0.5753191183749778,0.4146341463414634,False,1
0.8502648780080523,-0.5043536527852954,-0.1505889443089407,0.5263437246480995,0.812830006923683,0.249538901512391,-0.003452643844538148,-0.2914357094910895,0.9565841868251367,16.52292627263105,-17.29042283858422,-4.34771529,,0.2402063323377241,0.3636363636363636,False,1
0.9756389645017646,0.2099431381789631,0.06365916805530297,-0.2193492386148331,0.9385605444496051,0.2664395164414506,-0.003810835212590508,-0.2739123639670722,0.9617471052209894,-11.29816232053702,-0.1666388117415067,-1.32708885,,0.5702339989156634,0.1354166666666667,False,1
0.9984591119293629,-0.05544557913844231,-0.002278060409872661,0.05535150695909637,0.9921622302449421,0.1120282087366402,-0.003951263416353378,-0.1119816798828533,0.9937024156597534,33.66791924478412,-9.458282172490328,-5.97269172,,0.4565383517996682,0.53125,False,1
-0.7604231559188231,-0.6222694249848466,-0.1858423704957665,0.6494215234473926,-0.7273456185433718,-0.2218558903185311,0.00288250337820384,-0.2893943916436331,0.9572056086648713,-11.27702732202175,-16.38047782212635,-1.55148966,,0.4853284423127639,0.1395348837209302,False,1
-0.8757347826081778,-0.4808905855103484,-0.04281162573087943,0.4827807428995649,-0.8716450538954199,-0.08460292137387607,0.003368206577826311,-0.09475834943246025,0.9954946059106922,15.37491131859184,-23.97838842310907,-4.37634248,,0.5483021158059245,0.3928571428571428,False,1
0.6332974871963287,0.7480992976143349,0.1981961998115864,-0.7739048604582294,0.6129550033818134,0.1592401670067246,-0.00235789523605355,-0.2542313999846196,0.9671405459352411,22.31541300361931,9.403195109242404,-4.37505371,,0.5167015521588094,0.2888888888888889,False,1
-0.4804747362871175,-0.8729173946833725,-0.084612350452035,0.8770068499594353,-0.4780414744843504,-0.04832529148444179,0.001735774770236105,-0.09742469261958829,0.9952413859732349,-5.25735139558077,-5.300390065602812,-1.77981969,,0.2583752235245536,0.2804878048780488,False,1
0.8818019622621522,0.4617742552310024,0.0958636352141445,-0.4716076533908421,0.8648338385041019,0.1721878423160137,-0.003394202969895094,-0.1970456012808054,0.9803884487294233,43.161183558228,4.89949515467822,-6.35255196,,0.2724547765881923,0.1111111111111111,False,1
0.2356823673612043,-0.9229712838833666,-0.3042660527264046,0.9718295082560866,0.2234761774796786,0.07487192385536384,-0.001108421287475591,-0.3133407206632424,0.9496401235081048,5.029324028535598,-21.75532085252138,-3.12596085,,0.5718862670046785,0.3095238095238095,False,1
0.4570594860476213,0.8503067375771108,0.2609120124579435,-0.8894346142894676,0.4374923477512023,0.1323121784375383,-0.001641072097772885,-0.2925387114385222,0.9562522727775651,21.98572242005881,-15.44334619199714,-4.91477647,,0.4882305657229764,0.2962962962962963,False,1
0.1048244899677929,0.9781914840886431,0.1793132643154136,-0.9944907102245929,0.1031484286403656,0.01867160801880752,-0.0002314734902707583,-0.1802826173691759,0.9836148251701692,35.44146292223192,-1.892991844678534,-5.91282617,,0.5505591066969245,0.2222222222222222,False,1
0.9974406142691239,-0.07089975730520051,-0.009243669211756067,0.0713905950348638,0.9804167589863056,0.183538447305617,-0.003950183160410214,-0.1837286126678486,0.98296907018489,8.02291765330537,-16.82724648948533,-3.36686390,,0.2863925449408774,0.1111111111111111,False,1
-0.8102541991501118,-0.5830486073451363,-0.05951852007995406,0.5860704562263112,-0.8055184482531852,-0.08752970845641202,0.003090808679706228,-0.1058033600443664,0.9943822684989047,19.15706569882678,-14.09151330618266,-4.57172937,,0.2702292121191088,0.2727272727272727,False,1
-0.2240448431855674,0.9586277227524047,0.175604092812475,-0.9745782566296446,-0.2205742587246712,-0.03929654046839358,0.001062989499866195,-0.1799441178771888,0.983676260003627,14.04858724023515,18.47824772677984,-3.31335648,,0.7598019023974356,0.2,False,1
