axis_00,axis_01,axis_02,axis_10,axis_11,axis_12,axis_20,axis_21,axis_22,location_x,location_y,location_z,dbh,dbh_approximation,score,reconstructed,number_clusters
0.6538192343751351,0.7490260629312425,0.107146468961095,-0.7565901147180057,0.6453856601123543,0.1051130250365384,0.009581600706747323,-0.1497908767951484,0.9886712730512777,-14.44167630446958,16.84136809794668,-2.11189993,0.2089596141073881,0.4747078008422735,0.3877551020408163,True,5
0.2482151375447621,-0.9415586157915762,-0.2277204833173452,0.9685519311023498,0.2453991401107844,0.0410660296449018,0.01721633676317923,-0.2307523240653018,0.9728601968869517,-30.58207186169864,8.867715349309861,-1.87013692,,0.6648226481737416,0.25,False,1
0.3283605915319872,0.9320235024641759,0.1533346431279447,-0.9445430948116169,0.3247241948777206,0.04891359018421775,-0.004202852894992504,-0.1608924737687466,0.9869629921694718,-6.030283849297746,-28.83605567675792,-2.55791285,0.6739058371590092,0.2392046543436956,0.8333333333333334,True,4
0.4757641276407256,0.8697139179544722,0.1313247720978045,-0.87957191044221,0.4706553386163919,0.06954715373708412,-0.001322577521151257,-0.148597621610073,0.988896858949673,2.815475934517792,-4.89343636254668,-1.94946173,0.1494142350597423,0.1262872919008842,0.2301587301587301,True,5
0.7953215536633528,-0.5716092861328883,-0.2018079539690146,0.6048802831410742,0.7701906850598108,0.2023021297818504,0.03979283033014774,-0.282964896504405,0.9583044391009399,-33.50897016848336,6.643615861878686,-1.82516463,,0.2624411700803889,0.1304347826086956,False,3
-0.1806296404571283,0.9835508093857334,-0.0008592700379895178,-0.9833448428308098,-0.1806095712752587,-0.02032493153292709,-0.02014579525309102,-0.002826326314652295,0.9997930579940955,7.226193537643553,-19.61153460849823,-2.05685424,0.7066891940091763,0.6787110342194724,0.8955223880597015,True,5
0.9893540323151845,-0.1395645333413002,-0.0412351764263276,0.1435684271864025,0.9823772588047921,0.1196788540152564,0.02380557617256688,-0.1243248262271359,0.9919559627960733,-4.92334595333881,10.02693090000835,-2.07874537,0.3054278061851802,0.2969807184218758,0.6341463414634146,True,5
0.9996432039776522,0.01057234635851441,-0.02452937491597186,-0.006976435059466412,0.9897988690797711,0.142300836688565,0.02578360128364064,-0.1420789367249073,0.9895194700681562,18.59293041199732,-13.887890052367,-1.81384692,0.3893533850843021,0.3339807893762414,0.1851851851851852,True,5
0.4457366929465629,0.8951522720359376,0.004605478255222368,-0.895162443824981,0.4457399137095618,0.0003584570812849411,-0.001731971809334488,-0.004282428643902843,0.999989330482361,-7.135909361209031,-29.51422190136947,-2.59655211,0.6155107322369188,0.562166559600852,0.8505747126436781,True,5
-0.9830018029320335,0.1808453854718486,-0.03166073255485923,-0.1752026563957706,-0.9755544121297711,-0.1326560144358428,-0.05487699540096275,-0.1248540569131639,0.99065633791345,-12.66771544993594,12.89356438614124,-2.08994072,0.186305748268707,0.2415127600260267,0.4305555555555556,True,5
0.7694859733629934,-0.6334079840556796,-0.08176590079077772,0.6386567937276899,0.7625495124079261,0.1031297287492881,-0.002972645803693204,-0.131577227744602,0.9913014660112088,16.07270778040561,7.437081626823215,-2.18718473,0.6541076578099652,0.5940612426563168,0.6111111111111112,True,5
0.003171814608821418,-0.9514646487989451,-0.3077417126065094,0.999916690772121,0.006868163309085813,-0.01092885392393359,0.01251203849970973,-0.3076814105835124,0.9514071675544188,0.9907165018336173,-15.78637738324838,-2.07705834,0.426297395618145,0.1985011665936837,0.3076923076923077,True,3
0.405285891288467,-0.910523507326913,-0.08179418639249329,0.9135726208111549,0.406675468407362,-0.0003604162740278219,0.03359185655409182,-0.07457885759885201,0.9966491765774453,-11.36445243188473,-8.550065410006084,-2.09827757,,0.2684369440604061,0.8040540540540541,False,3
0.9101281795943945,0.414313795962457,0.003282557443887156,-0.4139805562180947,0.9090152400468808,0.04807694287148499,0.01693504595653242,-0.04511509545252657,0.9988382413487977,-1.566453540632835,-19.89563660294311,-2.20018273,0.2393430414306986,0.1597842445203286,0.4210526315789473,True,5
0.9913057528347233,-0.1214829881369011,-0.0505449106252361,0.1297013510946187,0.9668456061699456,0.2199707556792534,0.02214642004961425,-0.2246140187592951,0.9741961191956094,-20.3281609693496,-13.60508855094724,-2.22501793,,0.5020537259199651,0.2571428571428571,False,1
-0.3547833124289103,0.9274197497561526,0.1184120305720905,-0.934736757791937,-0.3491509859477708,-0.06603622221415657,-0.01989961945837184,-0.1341126271979456,0.9907662733316457,-31.65807460337174,4.206233360438603,-1.87009152,0.3421863674598306,0.09721629396293091,0.2,True,4
-0.1702368967763537,0.9845191587722002,0.0417303844510903,-0.9854005106163947,-0.1699854114500004,-0.009528566058021538,-0.002287499268863433,-0.0427432556627689,0.9990834707082498,-12.23424940934399,-14.41154659405333,-2.17850315,0.259649038413987,0.1129558483041968,0.2432432432432433,True,5
0.5152802000947805,0.8427539671040647,0.1557307494383908,-0.8570217705439718,0.5067047800850288,0.09361597434550029,-1.428138267379277e-05,-0.1817031006046466,0.9833534374916777,19.9243721153718,-9.758736349071143,-1.80162547,,0.3732443947631207,0.375,False,1
0.6315539253624517,-0.7709521579979529,-0.08229465011516371,0.7750183642177131,0.6307508342593394,0.0387288033180291,0.02204936472050719,-0.08823919287621493,0.9958552456838168,-15.10120263360005,5.100600210308045,-2.02146002,0.7568958629344451,0.5343035170124696,0.8568904593639576,True,5
0.9958160997171598,-0.08813975878059134,-0.02411801124060635,0.08848274242156351,0.995985652809169,0.01354192349159268,0.02282761129996004,-0.01561929321038895,0.9996173957279582,-3.850358906150063,-17.54055476291043,-2.16514280,0.2898219684897604,0.2944568242366402,0.8947368421052632,True,5
0.05844268385926291,0.9839227989433368,0.1687613060592861,-0.9982228455555284,0.05956956564650253,-0.001617856517146218,-0.0116448836125274,-0.1683668392772067,0.9856556214608901,-12.5641276382031,-15.45298133511406,-2.19864382,,0.1096450820058446,0.1,False,4
0.6938659793366919,0.719960889445427,0.01436385700582888,-0.7201031982884889,0.693759617752815,0.01220559667357554,-0.001177511708500326,-0.01881250765895501,0.999822335728583,-4.781386080564687,-5.446194020348628,-2.01862167,,0.1187778294189347,0.1544117647058824,False,5
0.6584946858654169,0.7502059884693546,0.05979735405289158,-0.7525807102066647,0.656688502938253,0.04881070306347422,-0.002650153173044185,-0.07714392376225702,0.9970164450573146,37.4409883357385,-2.480378985440467,-2.09211787,,0.3102103417054636,0.2,False,3
0.8804921087641434,0.4730430338828712,0.03104729455137423,-0.4739005392708243,0.8766019069003296,0.08359052396968907,0.01232579745464977,-0.08831412635356758,0.9960164104087404,-19.87491374392977,-33.28578004787667,-2.79499964,,0.3945679936317004,0.2222222222222222,False,1
0.9361889699213132,0.3514947816659296,-0.00127712931684977,-0.3511764959325787,0.9354840343933565,0.03930254571457029,0.0150093738106268,-0.03634611198946478,0.9992265403005783,-11.15063408521098,-5.891357436192806,-2.06462777,0.5420469927864637,0.5122066989137053,0.9367088607594937,True,1
-0.9767122732668567,-0.2132038983927872,-0.02402567293554713,0.2144787001821817,-0.9731850333676745,-0.0831250744199303,-0.005658835396941624,-0.08634227550438524,0.9962494612508829,-0.9324193369175191,-17.40793821691986,-2.13179627,0.2810409561983368,0.2817943627518676,0.7207207207207207,True,5
-0.5651802151273848,0.8157460950665003,0.1230025723809081,-0.8241257885458831,-0.5515590879604894,-0.1288381043861662,-0.03725599390957747,-0.1741863395101657,0.9840076778388775,-32.82446885134556,5.046039643297007,-1.85512229,,0.4258824633120417,0.2558139534883721,True,4
0.8594673935840079,-0.4925107505063249,-0.1369268417864399,0.5106190663864496,0.8397975989858926,0.1844130195516596,0.02416543830644797,-0.2284144333732586,0.9732640331473422,-35.80419884617066,7.561109171393952,-1.75380389,,0.2910474403288538,0.36,False,1
0.9818919689824027,0.1894396163361177,0.000890511249281596,-0.188043470854726,0.9740639446445086,0.1258534259068374,0.0229742098181518,-0.1237419229929956,0.9920484474949938,-12.45858619598272,-9.912502224598228,-2.12091357,,0.1568418858518742,0.2592592592592592,False,2
-0.91554820373646,0.4021541579600308,0.006596959178385442,-0.4016347114381602,-0.9132440275532306,-0.06837327479608737,-0.02147196318291738,-0.0652485967191173,0.9976379981853432,-13.42962374559073,5.133489735884297,-2.02890849,0.1802372222464253,0.1249423518608644,0.4123222748815166,True,5
-0.699984516805325,-0.7133844616840621,-0.03323079987838306,0.7141297115037769,-0.6996128927104119,-0.02367605332191909,-0.006358567476136006,-0.04030397227459011,0.9991672324683897,3.474312959696022,1.230275937470452,-1.96836017,0.2531457393502224,0.2236704859963311,0.9166666666666666,True,5
0.8907888910413944,0.4407334629302329,0.1106759515466955,-0.4541704234879279,0.8554664769422866,0.2488098335209988,0.01497925318691779,-0.2719027794662567,0.9622081378228338,-17.07554346519692,27.86930492393532,-2.29874267,,0.1541360945645535,0.4,False,3
-0.1557316336816491,-0.9829263461553319,-0.09799722600449515,0.9877632873409371,-0.1541093805823782,-0.02395802575221771,0.008446682915378598,-0.1005290845986727,0.9948982644961659,-7.752293779426736,-28.56851050659702,-2.56245432,0.3601979386166335,0.3300116464488131,0.7659574468085106,True,5
0.9030016725634169,0.4141473796847795,0.1143237825122278,-0.4294296827079676,0.8617597217154968,0.2701116984474467,0.01334642113101499,-0.2930053411271903,0.9560176479092493,19.36209466793758,-2.846286890520133,-1.90718100,,0.6784629120069232,0.4555555555555555,False,1
-0.08067357674020807,0.9859198325290269,0.1464713550216449,-0.9921748456439902,-0.06538304533482854,-0.1063679136491251,-0.09529349236577352,-0.1539062741043351,0.983479541782164,-13.85016071163068,-20.88321463105191,-2.32367686,,0.3457654974577604,0.3018867924528302,False,2
-0.9559058501072751,0.2936719888989445,-0.0008767364638135387,-0.2920597481626457,-0.9509620366251378,-0.101844530540148,-0.03074262893541624,-0.0970977231139301,0.9947999411601467,-8.985276490822173,-11.98261260866022,-2.11870202,0.6120908026594033,0.5138914229985088,0.6317460317460317,True,8
0.9075463726982316,-0.4108924248974029,-0.08675826510605864,0.4192408520849953,0.8984815211859146,0.1302615216803889,0.02442722549386189,-0.1545909804916691,0.9876765358179241,-0.6057162702993537,-5.355996533583152,-1.98229964,0.2127413775747791,0.2066724387034034,0.6289156626506024,True,5
0.9066414909407494,0.4216513338051195,0.01453821189479521,-0.4217097435730306,0.90465051611579,0.06138677273650446,0.01273181370831171,-0.06178670076802982,0.9980081685677219,-11.1571244599441,8.345434808302855,-2.05264309,,0.2728351596329224,0.1481481481481481,False,5
0.8841555622401166,-0.4618700012832765,-0.07032100450398004,0.4663389776944007,0.8815803259804826,0.07310326071446399,0.02822941095389258,-0.0974280799294122,0.994842133003254,15.59182357669812,24.0523431464798,-3.09042900,0.3450303399104455,0.3292143097579556,0.4074074074074074,True,5
0.7054966711041794,-0.7062071313678936,-0.0595477511418538,0.7078972956945124,0.6981619041891373,0.1070110942257577,-0.03399802655033415,-0.1176496627454959,0.9924730177927026,-14.96747336169904,-12.2432358726671,-2.16887454,,0.4686809407083087,0.93,False,2
0.2107924411778147,0.9678793689743743,0.1370258145608494,-0.9772786077633137,0.205473201361266,0.05203158973692557,0.02220516945435616,-0.14488026310067,0.9891999999056733,0.1637086994725223,-16.3212251553544,-2.10311743,,0.3211902025397684,0.2857142857142857,False,3
0.2419402713853975,0.967488917072578,0.07368921511110373,-0.9700943603102704,0.2427220779286434,-0.001710257351619799,-0.01954065444573194,-0.07107171186718228,0.9972797875200824,-9.403600792356144,-7.043810436748402,-2.06870797,,0.1611703300119473,0.3333333333333333,False,3
-0.0713759890980695,-0.9718325958766273,-0.2246038151322609,0.9973086131703941,-0.06574874795683515,-0.03244429438672073,0.01676300320395772,-0.2263150629847761,0.9739099003448829,-2.492334985532239,-19.96993648994788,-2.21406790,,0.3673481424727859,0.24,False,5
0.8925620694811746,0.4504972619111424,0.01962572633167159,-0.4505938319923408,0.8893956616260508,0.07707500017007234,0.01726704068276961,-0.07763745289048254,0.9968321198751257,0.06559130637191402,-10.98343873255536,-2.01745039,0.3423936288534719,0.3349945390323645,0.878125,True,5
0.5390861027106406,-0.8380620470676894,-0.08389385632432281,0.8419544303518698,0.5388580545096608,0.02728982046334329,0.02233631740261843,-0.08534636696882371,0.9961009419582496,-12.64534165524572,9.849392176306793,-2.06228385,,0.06682872622529085,0.1538461538461539,False,2
-0.6576934703678992,-0.7507796468766675,-0.06139398074059169,0.7530781913879074,-0.6534121732048275,-0.07697902028256529,0.01767870728725083,-0.09686306697339007,0.9951406983764463,26.01113821003776,-20.47969587006841,-1.80132550,,0.4314860606553315,0.7142857142857143,False,7
0.9690907633004521,-0.2303374866742195,-0.08836138703273858,0.2435141168519822,0.9505127839221653,0.1929412410407194,0.03954702744258824,-0.208494819679381,0.9772235889433474,-5.292016172532669,15.39565460651023,-2.17455969,,0.6168077642261447,0.3970588235294117,False,4
-0.4984384307158808,-0.8665272241577123,-0.02626215107374667,0.8669247388846829,-0.4981817741465729,-0.01601302650650225,0.0007923983942188048,-0.03074881626507074,0.9995268292562649,-5.667141042786966,3.42290588920676,-2.01933144,0.3046971236630296,0.2563085091067617,0.8978893325727325,True,5
0.8665267453913895,-0.4955601078219421,-0.05959512611708275,0.4976515085410851,0.8485933702360657,0.179533473308399,-0.03839759846901927,-0.1852281607286014,0.981945086501741,1.629383908951411,3.688849581180079,-2.00276545,0.5369346638910213,0.2777566781931495,0.7777777777777778,True,2
0.8934389422779159,-0.4345703926939266,-0.1136460743500003,0.4452377016482532,0.8902419049288455,0.09608714658913464,0.05941586869095043,-0.1364475155600401,0.9888639087585273,9.02309049897076,-25.19317474590858,-2.21217884,,0.5704323831180587,0.2,False,3
0.7780953061398264,0.6272506340027713,0.03353113040580635,-0.6281209502416703,0.7764756573159872,0.05049381608877065,0.005636171632504176,-0.06035060678093251,0.998161328558917,1.448036988331239,-4.360908562414863,-1.96081102,0.2659346725438641,0.2604202457509912,0.7340425531914894,True,5
-0.01976840869703294,-0.996935767428247,-0.07568543875699453,0.99969753971975,-0.01860185862937586,-0.01608725998456433,0.01463007504646949,-0.07598056644816761,0.9970019631005497,-4.982246077000696,-23.06316183261944,-2.32971045,0.2813486663610212,0.1706676374262454,0.6428571428571429,True,5
0.2290283567476732,-0.9659633106592986,-0.1202534584350355,0.9732147626484478,0.2297612811412941,0.007923348498948135,0.01997592472415382,-0.1188471124951614,0.9927116027744294,-16.12429580311533,10.46532134699797,-2.03558237,,0.08898484988296672,0.3823529411764706,False,5
-0.9997601552867728,-0.0002349150034700607,-0.02189924007606874,0.0008564052057176473,-0.9995969966252575,-0.02837447634562951,-0.02188374901820464,-0.02838642550068983,0.9993574497526908,4.90231221210172,13.04510390728632,-2.17624730,0.3185223425046639,0.3142679959572614,0.9124087591240876,True,5
0.7638088492407606,-0.6441204399036587,-0.04129044344422811,0.6451096616614826,0.7639054627687142,0.01679191421855026,0.02072598013391146,-0.03946267667597907,0.9990060715015975,18.30092656888399,-12.13738294205567,-1.81459935,0.699108682787793,0.3088057649911499,0.8208955223880597,True,5
-0.9920063114415576,0.1254887421004753,0.0132685216265518,-0.1234645139607349,-0.9434847329205588,-0.3075598682179774,-0.02607665340018413,-0.3067395219919672,0.9514362163569267,-20.42197160460324,29.17372976177761,-2.29927541,,0.3810917360594983,0.2222222222222222,False,2
-0.630193106335497,0.7758137206080589,0.03114032182714498,-0.7743746887852412,-0.6250901208467007,-0.09801113298303635,-0.05657287420644548,-0.08588021737360875,0.994697993447199,-11.28684703047679,-16.89334765742146,-2.22171389,0.4137135163022114,0.4790235329692351,0.8823529411764706,True,5
-0.9600934677503706,0.2795653375895134,-0.007984685437056632,-0.2789324301641903,-0.9592242387822737,-0.04566792238832425,-0.02042627194978018,-0.04161828625770621,0.9989247647661983,14.48606571488847,-10.72249866490375,-1.84007700,,0.07882866006217712,0.4285714285714285,False,4
-0.7509885473213405,0.6602879062446732,-0.006006884317811883,-0.6599032706502662,-0.7508102533517055,-0.02848924089947535,-0.02332113156052546,-0.01743113102964284,0.9995760503802417,-1.810053714083892,5.395301425555374,-2.02500370,0.3509232512468204,0.3137186931262371,0.9454545454545454,True,4
0.613121613413945,0.7834725441426366,0.1012554183209263,-0.7899834031568788,0.6075984610077406,0.08216040967340577,0.00284778885413471,-0.130364422890948,0.9914620554226737,-4.996192681543107,11.77493616917096,-2.11063483,,0.1840594772602019,0.25,False,1
-0.6792016747482045,-0.7298953405924299,-0.07705762000409594,0.733935233552343,-0.6761358566260649,-0.064648096143704,-0.00491507575757425,-0.1004643975047805,0.9949285134442071,-13.8086454519439,-19.31786467086141,-2.27602830,,0.5590923410306667,0.3,False,1
0.8837853563022231,0.4633140228142786,0.06529594359071891,-0.4678925559868258,0.8751352947620072,0.1233481735330088,6.153645344878565e-06,-0.1395647954373317,0.9902129406530032,-6.872830612965174,-16.26392792455403,-2.16843801,,0.2389556002745142,0.358974358974359,False,3
0.9783162706152763,-0.2031724038747502,-0.04022746515968326,0.205812613755142,0.9754041940616232,0.07891657763912806,0.02320436744871291,-0.08548469167489098,0.9960692369612439,-13.62283032351121,10.15785924493417,-2.05839163,0.2097335051270384,0.1335276881906216,0.7236842105263158,True,4
-0.2467629867321867,0.9518322747540248,0.1819982118472326,-0.968955402699531,-0.2393808891683946,-0.06182408495351336,-0.01527926563684029,-0.1916040465061432,0.981353368264496,13.35036424683074,-1.658380988908675,-1.91045343,,0.1850601251974383,0.2333333333333333,False,4
-0.334370050777722,0.9408726885986887,0.05436223865862926,-0.9418027543272355,-0.3314629944284129,-0.05603441144673679,-0.03470217694231513,-0.0699347351008367,0.996947787871481,-9.570983096197892,-15.55076048061264,-2.18328005,,0.7312240914260963,0.6213592233009708,False,4
0.9430604785294043,0.332468789966853,-0.01007162022056323,-0.3323005584934084,0.9430485095635368,0.01535732512387176,0.01460385773895337,-0.01113608135602346,0.9998313432930437,-14.58000320063485,8.686828444320753,-2.04137891,0.1770096633673374,0.1156895089869922,0.5128205128205128,True,5
0.5983552617808574,-0.7974687209337877,-0.07755398011314654,0.8010757223328764,0.5973353348794709,0.03831689957826625,0.01576920378529387,-0.08505372911671276,0.9962515723326709,-5.117405134709145,-20.96875026846516,-2.26563369,0.1677088464691722,0.1247668328160552,0.4102564102564102,True,5
0.997094485109376,0.07557171431270349,-0.009565759787257173,-0.07293941373365,0.983396746781695,0.1661646182054731,0.02196428211118737,-0.1649841035221828,0.9860516294273449,-9.581976595801109,13.17811947328966,-2.11801817,0.8171970133229338,0.5834207966271069,0.8414376321353065,True,3
-0.06189471701690596,0.9979736578908937,-0.01475202227715709,-0.9980111591487489,-0.06206046549686728,-0.01105553421964408,-0.01194864929465668,0.01403840369061817,0.9998300620614744,0.6468006956540648,-5.751190440426456,-1.97389472,0.3947747580268824,0.2335005247955693,0.8731343283582089,True,5
0.5744151035951017,-0.8166914141770086,-0.05533916128191746,0.8181988209264639,0.5748647642396187,0.009010675350458807,0.02445359270889164,-0.05045430452681996,0.9984269552442695,-14.96057814106638,6.162841005753734,-2.02405020,0.1493877987551419,0.1296295137602533,0.3670886075949367,True,5
0.9981044673093126,-0.05805481324754104,-0.02042329542425309,0.05812878218867528,0.998304444375196,0.003046476980441774,0.02021180393865703,-0.004227883575025293,0.9997867812598951,11.72886152112119,-12.49409476680142,-1.87923839,0.2424292772055128,0.2301456583496708,0.7454545454545455,True,5
-0.1675145083624812,0.9561961427693901,0.2400579639191677,-0.9857570220883336,-0.1661338796089281,-0.02612714009659557,0.01489909029495121,-0.2410154986697462,0.9704068973937463,8.520295739505741,-19.2668769126476,-2.02779913,,0.4565692543946671,0.6666666666666666,False,3
-0.4092620859675994,0.8967620170327518,0.1682926908597019,-0.9124060432976728,-0.4013368246264994,-0.0802743131555986,-0.004444900823851543,-0.1864045010348956,0.9824630297627475,2.112349941422053,-23.73733171951497,-2.24789378,,0.1464008228977855,0.4047619047619048,False,5
-0.9873879910087744,0.156246367395342,-0.0255348367415211,-0.1541139944226162,-0.9855040298607292,-0.07092731385981584,-0.03624681965031043,-0.06609750225252717,0.9971545959685565,-5.109824988229207,6.078565505317471,-2.03663770,0.1025419328693222,0.1269262626753141,0.6229508196721312,True,5
-0.4693879357466099,0.8563378849803461,0.2153146361094016,-0.8821348837168012,-0.4440350913542211,-0.1570696806388628,-0.03889746399808321,-0.2636631646503474,0.9638302355192443,19.66557971560934,-18.18325645528057,-1.84634432,,0.3547175003127507,0.3636363636363636,False,2
-0.8015673181512549,-0.5874744271630018,-0.1111918697626213,0.5978345785711641,-0.7903370325467484,-0.1340193704277056,-0.009146099520752174,-0.1738998919341321,0.9847208621984476,-24.18132254318164,21.42097924333964,-2.07064818,,0.1911145311517529,0.15,False,1
-0.4489101503763929,-0.85493419141176,-0.2599369255111018,0.8935647192958062,-0.4279722974692947,-0.135579515520082,0.004665760265068266,-0.2931334865790212,0.956060139179108,-2.583838848284415,3.774803311282398,-2.01168642,,0.2697631166346702,0.3143712574850299,False,2
0.95589906005949,0.2934680343207889,-0.01155421175482073,-0.2933469085012125,0.9559416028727786,0.01110149403474459,0.01430308533723534,-0.007222515414623341,0.9998716202697828,12.52187748516786,-7.573218962106267,-1.85997878,,0.2383180147341403,0.8969072164948454,True,5
-0.5752741165396299,0.8081072542511268,0.1265794472505415,-0.8176618603988253,-0.5639538768985304,-0.1156940222321318,-0.02210820862666094,-0.1700549627556387,0.9851865492146644,8.00589460370179,7.138131014610252,-2.06381144,,0.5074623066610948,0.3571428571428572,False,1
0.2091365443075027,-0.9621189538811988,-0.1748971824177344,0.9777468689153668,0.2087568080586586,0.02077631861894143,0.01652168760482078,-0.1753502599704568,0.9843674721195236,6.530865511363231,3.254787647226578,-1.98476149,,0.8919059164066225,0.4267676767676767,False,1
-0.3110581605346468,0.9091096151117374,0.2770605141051129,-0.9502148850925413,-0.2918819017559807,-0.1090716625704385,-0.01828914742051864,-0.2971946552996866,0.9546417359134944,-30.49539283739983,15.55771490900329,-1.88636058,,0.4297946340436944,0.1904761904761905,False,1
-0.5226529398318334,-0.8370293447108244,-0.1619128795930409,0.8525455218147026,-0.5131839863806194,-0.09903701003258154,-0.0001942133862308929,-0.1898000848668537,0.9818227386171583,-7.694396642793777,-14.36257918407802,-2.15070054,,0.4332340507048056,0.3055555555555556,False,1
0.8309863552336599,0.5561694157329915,-0.01171573380971937,-0.5561979077055526,0.8310493073824592,0.0009675552184156246,0.0102744770885602,0.005712241447762639,0.9999309003217169,-26.54583880191649,23.3123990506116,-2.06489677,,0.2320940794046646,0.52,False,1
0.7706690251853353,-0.6263194698811512,-0.1174443496626311,0.6371368437145102,0.7541044761348277,0.1593206874669087,-0.01122033873804084,-0.1976116411581322,0.9802161717077479,29.82725558006877,-1.13879597629915,-2.05761510,,0.1763920031424821,0.45,False,4
-0.9865657726625758,0.1617465806487825,0.02293512282769618,-0.1618148148078057,-0.9482366251379309,-0.2732458022655472,-0.0224486507258271,-0.2732861986918729,0.9616707917396348,6.292644358686402,-10.15169469222178,-1.92977629,,0.2109493022628838,0.2875,False,1
0.9378933772246959,0.3309620696500196,0.1040198125888968,-0.3456866888509803,0.9168487657616554,0.1997224420854454,-0.0292698839987335,-0.2232766203038375,0.9743155673170762,8.872303989607929,8.114006876895758,-2.09545204,,0.413876594052231,0.1044776119402985,False,4
0.9723886656128253,0.233273847730111,0.006602647415874593,-0.2327299048964236,0.9672550612448977,0.1012641983280919,0.01723584505067886,-0.1000047921917669,0.9948376587082292,-31.45402440469849,17.96339845914314,-1.88922973,,0.3502868122244127,0.4347826086956522,False,1
-0.07757295609645604,-0.9708008472133139,-0.2269981311208725,0.9968775701323049,-0.07215886799601895,-0.03206568160268345,0.01474946268746346,-0.2287767750875177,0.9733671663514166,8.774051949162413,-29.88043751087943,-2.39377243,,0.4040152348665056,0.1818181818181818,False,3
0.9832535208907527,0.1820047109431099,-0.009316590065840395,-0.1816012592913131,0.9827963819303517,0.03364898643973121,0.01528058505912814,-0.03139357990301331,0.9993902875559307,26.70097804789896,-1.323089281124311,-2.01218353,0.1343289925950241,0.1122923930313038,0.3333333333333333,True,4
0.6353857603663529,0.7602182939108019,0.1354735440114493,-0.7721948812014165,0.6255381299929509,0.1114321020678202,-3.114486354704733e-05,-0.1754143481254389,0.9844946955173125,18.69557316695295,-22.52723526621588,-1.96178677,,0.3659159986069719,0.2857142857142857,False,4
0.1300132079129282,-0.9425840560231097,-0.3076229235593672,0.9913979846626374,0.1282935549854414,0.02589980223974626,0.01505329781310947,-0.3083440628262852,0.9511557901546567,44.45541656013069,0.3804202930795384,-2.47168548,,0.4900992244081042,0.2857142857142857,False,1
0.4681690428018471,0.8533860900143574,0.2292377122814001,-0.8829202983591332,0.4622332813162859,0.08241444284225435,-0.03562996081140701,-0.2409825201411645,0.9698752140760128,-31.22339627048672,14.47478291430744,-1.87095788,,0.4000025740927633,0.2272727272727273,False,3
-0.1976337029280807,0.9566512469300713,0.2139142613620588,-0.9794613617816021,-0.1838162193658283,-0.08286759484251832,-0.03995447714418379,-0.2258981833596584,0.9733312131597043,-8.452911226411175,16.01601107570113,-2.17540356,,0.3573269426235807,0.4,False,2
0.2303634709478263,0.9668251014810676,0.1103716195359714,-0.9727906807685791,0.231684077473715,0.000882980723543753,-0.02471765892382539,-0.1075718894101837,0.9938899969041085,21.46103594724138,3.145163139346266,-2.09037936,0.2858006552946207,0.328633320229155,0.24,True,4
-0.9829580104507346,-0.171566746650358,-0.06601818790715062,0.1829394032438819,-0.948250371011805,-0.2595272791379457,-0.01807552022776604,-0.2671817458581043,0.9634766163476463,21.55315649604626,0.5490826060023153,-2.01038501,,0.5381320528207414,0.3333333333333333,False,1
-0.8801477955300546,0.4560875378120993,0.1316207273801628,-0.4740856511145912,-0.8304455309305481,-0.2925799302152071,-0.02413821515440547,-0.3199130788354522,0.9471393606852069,26.6547878302037,-13.68634255517944,-1.73726465,,0.6796560447674173,0.2173913043478261,False,1
-0.9509388558686745,-0.3018493111000236,-0.06784014878828332,0.3077405501899863,-0.9454187375321691,-0.1071408628481371,-0.03179695218004108,-0.122761574246667,0.9919266856580377,15.95893998262801,-2.770923693574588,-1.89653710,0.3265337997565009,0.1468360438178676,0.1666666666666667,True,3
-0.9801755570067182,0.1981244864939387,0.001601654794970472,-0.1968201951948483,-0.9727309219103792,-0.1227043777656072,-0.02275276269007543,-0.1205870698329477,0.9924419733057811,-5.291851201724853,-32.97180065466631,-2.71170214,,0.2692337707627427,0.6923076923076923,False,1
-0.4985097919207692,0.8318114429005613,0.2440854580240255,-0.8666320650322668,-0.4714131968747057,-0.1634578284154044,-0.02090098602987729,-0.2930176125628917,0.9558785631610967,-7.439778016908065,-5.276038084075793,-2.04381383,,0.3252090235884801,0.4078947368421053,False,2
0.1122479471444892,0.9901504388274613,0.0836809826163213,-0.9934461540660083,0.1136506484838269,-0.01217657877491043,-0.02156704275750351,-0.08176575437792205,0.996418197383862,17.83492778313274,6.347073250873848,-2.16363974,0.1874364887026063,0.1517422115388294,0.2777777777777778,True,3
0.0816832141661675,-0.9895144066188568,-0.1191179735271503,0.9965583624406698,0.08278243681149296,-0.004300977228630411,0.01411675504689386,-0.118356694991378,0.9928707921868098,-32.30555242064827,8.602699971460225,-1.83884315,,0.5414204841563452,0.8571428571428571,False,1
0.6313108455233002,0.7697115242857107,0.0948197537774879,-0.7755224199353463,0.6260316602161609,0.08154346438937639,0.003404776392076166,-0.1250141183577474,0.9921491207015986,-8.775197110314934,-16.73724345471661,-2.19921445,,0.2735578581851489,0.1818181818181818,False,1
-0.6454159510057266,0.7573069667707547,0.09962132436307992,-0.7634584098951895,-0.6355158833580461,-0.1151121990058082,-0.02386433631349894,-0.1503519872835839,0.9883444608901267,3.58169779694947,-10.42490688792557,-1.96596020,,0.105750293671116,0.1904761904761905,False,3
-0.3483057490364614,0.9371058101076651,0.02271135950587978,-0.9371635678064316,-0.3476009428163354,-0.02996717753665921,-0.02018792620524674,-0.03172199892267949,0.9992928311660602,36.11977671435739,-15.12676394702314,-1.69794102,0.6885931461830805,0.3784514406349895,0.9032258064516129,True,3
0.9946260668484902,0.1022848380422808,-0.01602495092567132,-0.09679596454912227,0.9736223055256182,0.206615941858289,0.03673592781611536,-0.2039544510170033,0.9782908838979566,22.21023557204506,-23.17981018211961,-1.92882038,,0.4061870015628946,0.3076923076923077,False,3
-0.5933016686373669,0.8003801382560307,0.08593465120295249,-0.8045418953444653,-0.5860676515104112,-0.09610955461662798,-0.02656065939790158,-0.1261599862806284,0.9916542690040822,1.674458268441356,-7.961213829732031,-1.96790990,,0.1864858494113941,0.3665158371040724,False,2
-0.785738007965519,0.6132497213851559,0.0808737414703141,-0.6174342619280732,-0.7696937158376055,-0.1623160990088029,-0.0372922919074979,-0.1774721471699959,0.9834189961268583,4.231546222342956,48.33949910501315,-4.41881389,,0.598853389921941,0.9285714285714286,False,2
0.5401593492521698,-0.8009890066430534,-0.2581559386348641,0.8413144285989651,0.5214168819774796,0.1425288301365049,0.0204428385179249,-0.2941785961382276,0.9555318120960036,-4.928757429785378,12.58504645102462,-2.12383150,,0.6067145980461378,0.1639344262295082,False,2
-0.5508098536348961,0.8006998580302215,0.2355594245388768,-0.8343457599324025,-0.5208619583205779,-0.1804715303234105,-0.02180958554226383,-0.2959435042788323,0.9549564305525352,7.71578641329387,10.8256858508291,-2.14809053,,0.2975174313216564,0.2857142857142857,True,1
-0.3751700845771864,-0.9116487972439882,-0.1677613725561912,0.926948251430611,-0.3682321489011812,-0.07191678305758503,0.00378771805712628,-0.1824871365307941,0.9832009449714294,19.01249557434573,-0.3385042167149663,-1.95688727,,0.730196887529847,0.5789473684210527,False,1
-0.784614113317303,0.6189154623470644,0.03639153268304744,-0.6121188524812041,-0.764004014867589,-0.2039813121423095,-0.0984439110376851,-0.1823225595858174,0.9782981552909522,18.96294569848902,10.6454154917152,-2.37448155,,0.2541526242456686,0.2558139534883721,False,2
-0.9703749181260795,0.2415059860605447,0.006883092962290775,-0.2404977510164051,-0.9628163033665011,-0.1230674519428915,-0.02309437221174596,-0.1210769369805363,0.9923744380542839,-7.117129548229116,11.37056199111464,-2.09979822,,0.7848865564921663,0.55,False,1
0.2760389046000157,0.9375454894076692,0.2116860374199443,-0.961126032568353,0.2706910521349699,0.05443439917442715,-0.006266790776886571,-0.2184829732162157,0.9758206381031106,16.22734447476233,-21.1511511102056,-1.96519663,,0.4414057670399361,0.2307692307692308,False,1
-0.9745794324749418,0.2216115504311544,0.03291277126467077,-0.222862505161846,-0.9438738666811222,-0.2437917709632834,-0.02296156766875403,-0.2449294684433211,0.9692689626199046,-4.215799200664094,11.73423463055829,-2.10542403,,0.436962156038728,0.1066666666666667,False,1
-0.4551278018604608,0.885953065019534,0.0891395005379632,-0.8901895503722695,-0.4504136414285357,-0.0684844217548939,-0.02052433632741383,-0.1105202162392877,0.9936619311520088,15.75458897285677,-24.40132518683674,-2.07430601,,0.1463240927854399,0.4,False,1
0.3355319932683606,-0.9238898331576306,-0.183972437287019,0.9418433549646081,0.3328814588658551,0.04605463117158766,0.01869160780595559,-0.188726019751664,0.9818518794942153,11.36284778122194,5.966137593485286,-2.05704595,,0.6134627052917772,0.5277777777777778,False,1
0.2567486357177433,-0.9103047180849242,-0.324692867629403,0.966322195657593,0.2478231808112089,0.06931872208937438,0.0173652594730563,-0.3315554120881491,0.9432759174697996,18.63628447878432,-23.65765246260173,-1.99429356,,0.3441174228259812,0.2142857142857143,False,1
