axis_00,axis_01,axis_02,axis_10,axis_11,axis_12,axis_20,axis_21,axis_22,location_x,location_y,location_z,dbh,dbh_approximation,score,reconstructed,number_clusters
-0.7191854318199254,-0.6937119119152766,-0.0391930851661295,0.6946971353391932,-0.7189681577815458,-0.02192437565198277,-0.01296937968858165,-0.04299501556066864,0.9989911029771144,-12.23775040689469,16.91127258076517,-2.43703652,0.257490756344629,0.1328147395545169,0.1923076923076923,True,5
0.4205616872509419,-0.8940179757925147,-0.1544659385641301,0.9069324309573545,0.409667964172954,0.0982126509578695,-0.02452412882093951,-0.1813946473583051,0.9831045463303137,-0.7231316714730838,-40.75666072593887,-2.92460884,,0.3851222567094929,0.3571428571428572,False,3
-0.9090261343995588,-0.4162187420280821,-0.02081936029652475,0.4167202802896057,-0.9083249551261363,-0.03591634572802702,-0.003961688269930616,-0.04132474657712457,0.9991379135766938,-2.627441566737502,-13.05451913918955,-1.87100187,0.5721765042401774,0.531284307548656,0.9920424403183024,True,5
-0.9987485448852816,-0.04914358766849255,-0.009287189058159716,0.04931686941841296,-0.998593702282985,-0.01945415512244864,-0.008318081527613215,-0.01988782421056348,0.999767614982537,0.7045354680544733,1.036344816255081,-1.93063333,0.07085260362749701,0.09250731491759698,0.444043321299639,True,5
-0.9961516162443727,-0.08662804952487617,-0.01332435699161917,0.08717348124949834,-0.9950339552395472,-0.0480438558734227,-0.009096242112425648,-0.04902049526329223,0.9987563513808431,-4.050378601338707,-22.42141263404866,-2.18422607,,0.104989598232195,0.2903225806451613,False,3
-0.60532404726686,0.7780808085715979,0.1678483039325618,-0.7959137972442449,-0.5943661765597761,-0.1151089723608065,0.010199272362098,-0.2032710099701438,0.9790693904667852,-22.50944265156039,9.169929865026717,-2.05893929,,0.1776236816955727,0.2,False,3
0.9692568812393895,-0.2393730928412826,-0.05693523156791226,0.2455849823794055,0.955399919731783,0.1640091759817428,0.01513653196079387,-0.1729494602480793,0.9848143833231207,8.0908852290666,23.22310042018722,-3.49145400,0.4532633032571239,0.3844540816982012,0.3214285714285715,True,5
-0.8122142313416226,-0.5668897295544014,-0.1376374837457968,0.583259189879151,-0.7935184833324828,-0.1736005012413042,-0.01080554615247248,-0.2212791249428046,0.9751506494059741,-21.22105965224983,-13.92181186085648,-2.12546501,,0.4795734687796919,0.45,False,1
0.02015920615883253,0.9900620560786555,0.139178775394633,-0.9997571805315272,0.01872312123124042,0.01162001321042403,0.008898673086244275,-0.1393792303202464,0.9901990929972814,18.5741208651375,-12.82942388540181,-1.73788594,,0.1657820329464549,0.1666666666666667,False,4
0.4341408270204968,-0.8995452019129446,-0.04837532459176985,0.9008226063381692,0.4331248583864508,0.03035603659611727,-0.006354071455922167,-0.05675638081411585,0.9983678375292425,3.800074254309322,3.556877027217098,-2.03983503,0.215493224721961,0.1804355072253813,0.4497607655502392,True,5
-0.2259257199200759,0.9733928465724562,0.03826140771282029,-0.9740919503944906,-0.2261472879105398,0.001508756893844973,0.01012132675357932,-0.03692926227639362,0.9992666252469703,-12.89709219505158,12.70993827611616,-2.23331669,0.1497050154809004,0.1232375594873576,0.6229508196721312,True,5
0.1973547668060914,0.9511525363910739,0.2374025032213011,-0.9802916825156472,0.1892726543931393,0.05660458894485314,0.008905796401999736,-0.2438948847676018,0.9697607807983595,0.195686924812378,2.246881993055155,-1.96549417,0.6725481192736913,0.3969859286012127,0.2490272373540856,True,5
-0.5910074587175967,-0.8002167090689792,-0.101800796985987,0.8064823442574771,-0.5888422093565482,-0.0533955136791888,-0.01721662397607789,-0.1136576922469963,0.993370785181422,17.23102830156569,3.044381021173763,-2.28744483,0.5631674565871179,0.391974661843053,0.1764705882352941,True,5
0.9977614603655971,0.06523375004111619,0.0147182221984928,-0.06633672588701375,0.9376526021577086,0.3411847541515723,0.008456181626611235,-0.3413973572282757,0.9398810230395371,13.20527843865864,2.048851182627544,-2.09770744,,0.3710120401273955,0.1428571428571428,False,1
-0.1052967671173823,-0.9587428833616637,-0.2640543020630275,0.9943210312258741,-0.1056263496435193,-0.01299080917035213,-0.01543624619340029,-0.2639226361348146,0.9644203256045096,-27.99562148644571,8.840934036291316,-2.06929830,,0.2949496422129431,0.2307692307692308,False,3
-0.1236935848583182,-0.9906363581172277,-0.05778843345457004,0.9923201298037259,-0.1235311892096126,-0.006387900967826349,-0.000810586956422617,-0.05813476815722327,0.9983084151103262,7.151886150868563,-7.134152818619299,-1.77086741,0.4376452375188892,0.4305767197970061,0.9300699300699301,True,5
0.3362410083251233,-0.939514310375283,-0.06522917231241097,0.94154397419464,0.333813621455702,0.04542478165488059,-0.02090284617626904,-0.07668980851903996,0.996835866274406,12.73300871600742,-10.05062548582131,-1.75674270,,0.1865824582363027,0.5,False,5
-0.9069139396302847,0.4004748126690031,0.1308702812788445,-0.4212958009890098,-0.8589749951200114,-0.2909842020241052,-0.004117544572392884,-0.3190327290048836,0.9477347538475052,9.008155972913244,-6.469625382445486,-1.78262518,,0.4101057250251417,0.2307692307692308,False,1
0.9979997618644202,0.06235737832534688,0.0103938773781481,-0.06308886537170567,0.9929030486622648,0.1008133474461225,-0.004033656489242502,-0.1012674346745853,0.9948510623654965,21.11902924310078,-2.856078736607685,-2.08232172,0.6050191004057031,0.217830024028051,0.3924050632911392,True,5
0.5190558225387015,-0.8537505291291659,-0.04112282943015964,0.8546791741505706,0.5178420633058838,0.03692027551907107,-0.01022557391891175,-0.05431050987401052,0.9984717352811018,0.8798602857477817,19.77002173735463,-2.91118582,0.4275293218652064,0.3941074885170071,0.8303571428571429,True,5
0.832286072443421,-0.5406736207423462,-0.1223598359351121,0.554340565549233,0.8127593089301914,0.1792452039354889,0.002535942282932272,-0.2170123074405694,0.9761655737712011,16.16667121582321,-14.88542889825953,-1.71319344,,0.2671995714894668,0.1333333333333333,False,1
0.3725035670419981,0.9269121609394418,0.04555149222101477,-0.9268175704284503,0.3690592176833064,0.06931439235894081,0.04743715512223526,-0.0680377817507255,0.9965543520392395,-14.85691151532166,13.65986214928262,-2.23922773,0.612631386467104,0.4888165705264965,0.3737373737373738,True,5
0.1408531537646884,0.9864213319144698,0.08445913223935717,-0.9899503584403063,0.1392428706264777,0.02469232276654557,0.0125967018878085,-0.08708833976935242,0.9961209485688813,-26.82133644668789,6.40008536890474,-2.03913342,0.2945737063848139,0.1802357645639101,0.65,True,3
-0.9092688191378135,0.4146665570285714,0.03580308681936408,-0.4161421990956369,-0.9072973070930822,-0.06030975603902475,0.007475605364893395,-0.0697369559395159,0.9975374039607319,7.5915154974046,-29.49059573294639,-2.21152105,,0.1357844522876858,0.2631578947368421,False,5
-0.6328562203316515,-0.7697258068631162,-0.08375671099357622,0.7741957362327989,-0.6305742226765907,-0.05474588290244461,-0.01067550403920431,-0.09949036106446973,0.9949812569434516,1.294212637968371,-31.83693121899412,-2.48801263,,0.2890341872438641,0.9117647058823529,False,5
0.1736386987073771,0.9596848628098834,0.2210306910924009,-0.9848054379800137,0.1698467240971773,0.03619861376421113,-0.002802077122764505,-0.2239577067373056,0.9745948357942213,4.450779234922436,15.28376282567024,-2.71212094,,0.5514578903410459,0.2641509433962264,False,2
-0.949691562025786,0.3122936274543573,0.02363529708768515,-0.3130908097045486,-0.9485610220288238,-0.0469694833501953,0.007751251226359996,-0.05200651631318198,0.9986166633725845,15.55312392221998,18.01843421593119,-3.36468591,0.4606490489451422,0.3312512290654078,0.5208333333333334,True,5
0.9367946985584775,-0.3489621567867816,-0.02532006878839743,0.3498454292546452,0.9352578391274162,0.05386046769523441,0.004885527849120312,-0.05931431093280979,0.998227401014519,-17.92997904970724,13.40542466193915,-2.18910123,,0.4033289312517568,0.38,False,1
-0.8308950843886728,-0.5493153620219657,-0.08869042668415845,0.5563794822124895,-0.8180703579562629,-0.1456116794981597,0.007431723333354815,-0.1703335624003365,0.9853584358030879,0.1012703344385955,36.82537728240689,-4.39819378,,0.4271581575580001,0.1764705882352941,False,4
0.04008100323615708,0.9843076264902444,0.171848798694454,-0.9991934022924926,0.03905999325920171,0.0093199646858756,0.00246129940031983,-0.1720837393821244,0.9850792499314607,-1.533205616945622,4.191311292421062,-2.03328894,,0.08171751280825694,0.2705882352941176,False,5
0.1021388806923249,0.994182667554326,0.03418292827543382,-0.9947445920165522,0.1018296229954606,0.01067354366764168,0.00713061741658531,-0.03509346684451107,0.9993585957403334,-0.4575273709987755,-20.5587067580696,-2.03225192,,0.117893824807433,0.2,False,5
-0.7744190235898877,0.6321811619022417,0.02494302383468355,-0.6326368545332168,-0.7741943402295581,-0.01984272770657118,0.006766549224173024,-0.0311464619572041,0.9994919267903798,-5.70376780404024,16.09240447376553,-2.50759805,,0.145194475757323,0.7011494252873564,True,5
0.7663264522503729,0.6419683537954399,0.02490785632140875,-0.6422669474979107,0.7646015686419689,0.05364335356737322,0.01539274936685542,-0.05710581367436533,0.998249462464927,-36.09437585800327,7.774780767864257,-2.08964941,,0.1553161959632337,0.4166666666666667,False,5
-0.6105159199937866,-0.783616896583202,-0.1149559516660754,0.7917611939762313,-0.6002718958066676,-0.1130834329953023,0.01960926177789855,-0.1600568976769883,0.9869129983734864,-9.29819401294651,-3.019065875386787,-1.87276987,,0.2855446956015983,0.3179012345679013,False,3
0.6865187758715598,0.7259754439381412,0.04064019161658671,-0.7270799039561276,0.6848894971579748,0.04776180425657569,0.006839856647766336,-0.06233804200898795,0.9980316552492323,-9.208718997261485,-25.0651222379885,-2.41669202,,0.1484505665811324,0.5714285714285714,False,5
-0.5863853917276446,0.7767271305631968,0.229885051744303,-0.8100311262878118,-0.5627380252687846,-0.1648498994888653,0.001321670653783695,-0.2828796202692107,0.9591545097756832,-2.193305652602987,-7.621023510881429,-1.80286131,,0.6699824583356069,0.3422818791946309,False,1
0.9912519072734473,0.1311084567144944,-0.0151732957757091,-0.1272652207152417,0.979942371514336,0.1533509442656285,0.03497456108451379,-0.1500783831496151,0.9880552914630553,-21.56288332563855,13.7181586263066,-2.16488422,,0.4254035633087612,0.4,False,6
0.7082691103210788,0.6882000281319853,0.1572755182605448,-0.7058587450287,0.6869536444311588,0.1727950302215264,0.01087655421064123,-0.2333996822660309,0.9723200547590383,4.759938605261652,4.243429188777327,-2.07523749,,0.09618164909443,0.3333333333333333,False,2
0.9856523138823017,0.1685515239964531,0.008938674227125206,-0.168764403111678,0.9832368578053725,0.06902070483106809,0.002844711026561406,-0.06953894744308015,0.9975751813310537,-0.07978458942386624,6.272684176613467,-2.12837000,0.7785254459282813,0.3115971614276299,0.8416030534351145,True,5
0.931086784432279,-0.3477228428199927,-0.1103006094123823,0.3647372600273474,0.8928648114698876,0.2641195933409449,0.006643116987026672,-0.2861490049258004,0.9581621031833142,17.50260400472666,-0.3411173945334838,-2.09738102,,0.6634151367956803,0.1666666666666667,False,2
0.6957061295946969,-0.7172210970971652,-0.0398356514080723,0.7183263982649463,0.6946038799091071,0.03914888977894766,-0.0004084116506391659,-0.05585112258453959,0.9984390243304644,18.89442290546242,0.6052225454023983,-2.21080848,0.2239199844360893,0.1171209973076111,0.3636363636363636,True,5
0.6133771192001304,0.779627204951557,0.1262930359963358,-0.789699972203255,0.6078316957710898,0.0831539747589916,-0.0119358093117671,-0.1507383525034817,0.9885016365897472,1.656387928804577,-17.99013071122522,-1.90467541,,0.2366342972267076,0.25,False,5
0.1192902954327937,0.9829137329813836,0.1401799519623145,-0.9926468455965982,0.1209915164484716,-0.003645939470247748,-0.02054422893851971,-0.1387142619347383,0.9901193302795481,-9.103817246887274,9.928595487643065,-2.16153924,0.2464532951158463,0.2665811765040965,0.3256880733944954,True,5
0.5080009866310811,-0.8597710165412499,-0.05223788565279044,0.8613561054674216,0.5070086254058446,0.03174765090635607,-0.0008106514936255437,-0.06112325972738809,0.9981298963383743,14.71403273527687,1.179571219718952,-2.10246693,0.4669544541959559,0.3430376734227763,0.7966101694915254,True,5
0.3678847465869369,0.9046590628753146,0.2150646256040791,-0.9279295125289455,0.3721020045972,0.02206621744971899,-0.06006357470595843,-0.2076826380136355,0.9763504948845156,2.417514758884636,-9.115838431537611,-1.76267582,,0.623140322029873,0.4205607476635514,False,2
0.1888162667090912,-0.9805549866405939,-0.05348210542140382,0.9820076965557544,0.1883659870502188,0.01338427539533085,-0.003049808404236117,-0.05504700806457749,0.9984791062269834,6.18964990502775,-19.1638651443759,-1.86525230,0.2426171218194771,0.1944501056637314,0.3333333333333333,True,5
0.8208094695136168,0.5645333240377524,0.08702839081391954,-0.571100270406025,0.8082054774816569,0.1436954672590998,0.01078405762871351,-0.1676485377792837,0.9857878432408911,-14.67818197069096,-5.436841451739411,-1.91244947,,0.8985662224244353,0.56,False,1
0.218094546830155,0.9752723662290087,0.0357572414067299,-0.975886133655086,0.2176009040812658,0.01720757631808065,0.0090012656152443,-0.03864787462572234,0.9992123493053102,-10.47111632947468,-5.92120830249641,-1.88243387,0.7053975243645789,0.3913758988240459,0.9500805152979066,True,4
0.969858177491227,0.2436699291587224,0.0002849160911811047,-0.2431946364227625,0.9678920793649404,0.06357115318925913,0.01521461036622724,-0.06172429283835627,0.9979772679299909,16.41295819635178,13.77335595387771,-2.98525467,0.2278586872315476,0.1935381783669251,0.28,True,5
0.9999549235725345,-0.001469581509937998,-0.009380359973492762,0.001844133493520354,0.9991961169162032,0.04004646190662339,0.009313967720833725,-0.04006195539119643,0.9991537868293994,-3.426905146372007,5.813689819348923,-2.08210096,,0.09398657351468058,0.5352697095435685,False,5
-0.2369904891038353,0.9440521194770441,0.229349305177117,-0.9711951983350238,-0.2362449144260655,-0.03111634841711163,0.02480715230168519,-0.2301172225599866,0.9728466832322341,-7.820636270992964,-13.01960438835494,-1.93418713,,0.4699262552398739,0.4342105263157895,True,5
-0.250987109883803,0.9512025647734678,0.1794969399197477,-0.9679901373469663,-0.2464902141527843,-0.04730399904782216,-0.0007514460577420035,-0.1856239615332357,0.9826205677847024,12.20618408283934,30.70028956121189,-4.40730122,,0.4796230917382058,0.5714285714285714,False,3
-0.4596822060532125,0.8855075537340237,0.06759172817762643,-0.8880665750065626,-0.4578705298606334,-0.04113801455171206,-0.005479762236275463,-0.0789363678232594,0.9968645956401029,17.42672068351425,-14.69165296286906,-1.71342810,0.6026236375556174,0.5981043576118349,0.8846153846153846,True,5
-0.9518732060277757,-0.302649933498345,-0.04837786063741034,0.3055187864464683,-0.924386424441299,-0.2284031730009658,0.02440636750281804,-0.2321912058241638,0.9723639098420095,-2.169098949255215,-10.26835663008441,-1.81897994,,0.5777169974573609,0.4078947368421053,False,2
-0.554972914682592,0.8315083668869397,0.02447242868459772,-0.8315630434071373,-0.5537320199126421,-0.04340224605851819,-0.02253816337165317,-0.04443743827539511,0.9987579012310004,2.230953201350701,-30.87183159279641,-2.41722905,0.3403537387135895,0.3732834286408805,0.6,True,5
-0.6777311943145347,0.7241847579311349,0.1274239562767547,-0.7351505473542969,-0.6709387171790897,-0.0969273465785437,0.0153003587433203,-0.1593664775613212,0.987100919284358,30.09483879465108,-5.983080611042823,-2.10484224,,0.2702622539492239,0.3142857142857143,False,3
0.3236068784599097,-0.9421607438045537,-0.0872451777869939,0.9461116883943339,0.323399580860415,0.01689331770053844,0.01229883315834026,-0.08801047626821935,0.9960436209172695,18.82900346043277,14.3719479222782,-3.15926293,0.7536105716572992,0.7064373483887425,0.8222222222222222,True,4
-0.8965974130199568,0.4410222397712355,0.04015548521791886,-0.4421133842762756,-0.8862099358696615,-0.1384474810520974,-0.02547222820449462,-0.1418849308173899,0.989555370859683,-2.767597558243097,-21.6436140958549,-2.11977407,0.2827642123389567,0.2267185671398151,0.8333333333333334,True,5
-0.9587201590290417,0.2837536289414552,0.01842646829656591,-0.2842173420632433,-0.9542655980837549,-0.0927236258154266,-0.008726920524143051,-0.09413313113037772,0.9955213681693411,-12.62844541423135,-23.0214070151699,-2.35990526,,0.2393121176932018,0.24,False,5
-0.7885880861127926,0.6146961048168395,0.01665920658283132,-0.6148841515505036,-0.7879505491493121,-0.0324254879271909,-0.0068051901502959,-0.03581383557096571,0.9993353083768808,1.721232063430307,1.064133576626688,-1.92235143,,0.0816017530408209,0.4080459770114943,False,6
-0.1826595049673833,-0.9632183576754345,-0.197093634301342,0.9830311022485092,-0.182369539600011,-0.01977885330758993,-0.0168925207459886,-0.1973619681273995,0.9801851336761478,35.55797059693492,-6.143167506439795,-2.17308198,,0.4240932628189977,0.5,False,5
-0.4501886117872735,-0.8776372143501177,-0.1645695409388184,0.8892779664753768,-0.4240056554649217,-0.1714756614659383,0.08071500578248497,-0.2235444567005139,0.9713459547040929,-3.176334432467002,-14.68131835586664,-1.91059810,0.6270336375259048,0.6617132880395218,0.7530864197530864,True,2
0.9995760640091155,0.02833741491195127,-0.006684547565221042,-0.02794149116821345,0.9981867504622776,0.05331495355765003,0.008183234772413051,-0.05310557520322752,0.9985553728016252,0.9656524779724691,4.642211969598492,-2.07231179,,0.08071556426445423,0.3023255813953488,False,2
0.28436779772082,-0.9583885893863409,-0.0250253342329346,0.9586992678308006,0.2841153756524723,0.01319724132313214,-0.005538003259048877,-0.02774464005738475,0.9995997026149961,9.276218631471409,13.79435671610915,-2.74194182,0.3632377124196657,0.3389985413807906,0.9,True,5
0.07179840510465543,-0.9969800963397567,-0.02959183209595767,0.9973121181052981,0.0713244426558676,0.01677387731420014,-0.01461260088929236,-0.03071663038481664,0.9994213128170976,-7.435391931429137,15.90085510638545,-2.46106342,0.1867654062736451,0.2127134458373873,0.6442307692307693,True,5
0.6207191254301409,0.7805050015473693,0.07429475004858777,-0.7824729416757447,0.6107215834971749,0.1214711611700884,0.04943544144182024,-0.1335331045480636,0.9898106117430788,-45.53607433957626,8.686695482286126,-2.09381951,,0.2447557923032248,0.3,False,3
0.03250564973192976,0.9818824719460656,0.1866820666818099,-0.9994651389072925,0.03126430556837047,0.009590584255196984,0.003580341399024837,-0.1868939658801593,0.9823735677801264,-16.31364357754364,4.345702012453671,-1.97972706,,0.1159210852572842,0.3333333333333333,False,4
0.6210128524674179,-0.7827569668402338,-0.04042979017210355,0.7837267464103176,0.6194208501220366,0.04571867665618243,-0.01074355766868283,-0.0600777937109259,0.9981358798637833,10.41711618001506,-13.43529200808464,-1.74717587,,0.23048111854688,0.8354430379746836,False,9
-0.9984297216831094,0.05555126880841944,-0.007221315224027591,-0.05293698794839728,-0.9777989444021085,-0.202748365303089,-0.01832392334466855,-0.2020477192642825,0.9792042447688641,10.3750756118331,-7.186120413378319,-1.78167009,,0.5181773791093244,0.125,False,5
-0.1869706576736649,0.9819456654211091,0.02871730018254513,-0.9820697014514664,-0.1875517986280303,0.01906369120657799,0.02410549024820317,-0.02463803953418269,0.9994057696190308,-13.96836676337972,3.508731953962268,-1.96753544,0.3681073489855001,0.1329383949470034,0.1641791044776119,True,3
0.1984541701106878,0.9653419614236378,0.1695017400513737,-0.9796664894675915,0.1901722991605794,0.06393798594126796,0.02948748514073196,-0.1787439345733006,0.983453656291608,12.0076517184516,-13.96988167976306,-1.74142595,,0.5009734758723131,0.2142857142857143,False,3
0.8087571438846999,-0.5792942133240433,-0.1016370829212569,0.5881190856457921,0.7950076116579358,0.1485894966177072,-0.00527478100226228,-0.1799475251711571,0.9836620684311027,-16.67735698040497,30.12980404798412,-3.15562749,,0.3879350157683776,0.3636363636363636,False,5
0.8927034103696734,0.4468325252916563,0.05849201189765423,-0.4505543923638667,0.8823764419838882,0.1356928669955796,0.009020013080968283,-0.1474873180084801,0.9890228159100698,13.89610545127942,8.984620502105656,-2.53998787,,0.1707268759895861,0.7222222222222222,False,4
-0.7046996288245484,0.7081240993136887,0.04425712491476696,-0.7093756252542854,-0.7043929945327153,-0.02483408038010933,0.0135887979466725,-0.04889549288443187,0.9987114575020921,-2.154801087300143,-19.38990979450136,-2.01601559,0.1828768514156589,0.1770151316850278,0.32,True,5
-0.1620562012490356,0.9854732412093095,0.05079644177646785,-0.9866961642904731,-0.1625044377380299,0.0047944853648591,0.0129794842424158,-0.04934367817527203,0.9986975189780616,-12.19193926921548,-18.27174599282955,-2.15469333,0.4035678663220664,0.3793241103527858,0.5584415584415584,True,5
0.7094701972189639,-0.7046030919135621,-0.01365731027448556,0.7047353011428946,0.7093489518789341,0.013123253837815,0.0004411134986007335,-0.01893534615756066,0.9998206129525312,2.486600386295208,3.990634728460606,-2.05482963,0.197114941748792,0.08973295424033834,0.3478260869565217,True,1
-0.872495318570503,-0.4761216048561415,-0.1098186526131528,0.4882424199063684,-0.8583749523080402,-0.1575175566536711,-0.01926806883238421,-0.1910514554756946,0.9813908919916102,-10.06854564264273,4.061250271607065,-1.99021876,,0.6447834063515243,0.28,False,3
-0.751499087604194,-0.6380089900540751,-0.1679096481451987,0.6596442953441359,-0.7308530912978806,-0.1752802400736356,-0.01088691645984185,-0.2424835820226024,0.9700944219505054,-2.263469842161385,-6.28072787668566,-1.80669860,,0.2840225231843511,0.3333333333333333,False,1
-0.4232942321800153,0.8991595260954515,0.1110591717731376,-0.9059861331876864,-0.4205501960021871,-0.04823545494909477,0.003334587644007049,-0.1210358594563027,0.992642534475991,-11.65834079633441,-21.98178475571905,-2.30271347,,0.4934776128217178,0.3478260869565217,False,1
0.322713277532686,0.9379498105573915,0.1269105723707236,-0.9464959799091917,0.3199724083542517,0.04198830679746465,-0.001224957080769396,-0.1336705306615223,0.9910250696691868,18.98389955019417,-14.78327214778861,-1.71206399,,0.1671510819944093,0.3333333333333333,False,4
-0.9459307302853024,-0.3220506587654724,-0.03870951679676088,0.3235598331489963,-0.9452513509576487,-0.04253137530497407,-0.02289296561188757,-0.05275657969831064,0.9983449581302184,5.044342041312632,-28.46966747698278,-2.23333158,,0.1583359078701636,0.3529411764705883,False,4
0.8412052199350183,-0.5382766412463444,-0.05130336677678105,0.5402628681551458,0.8328250365870997,0.1204927040383455,-0.0221316797115364,-0.1290763956819806,0.9913876501303089,-12.55181566086679,-16.61712436436974,-2.09818403,0.59965268798322,0.5381343922473955,0.8322147651006712,True,3
-0.8055607894213234,-0.5866559424254548,-0.08310607537236125,0.5924646531475796,-0.7957380527696877,-0.125644682119955,0.007579532809695247,-0.1504518414350847,0.9885882834077995,23.4151235298134,-9.847765140472319,-1.84158661,0.3404192738193175,0.2582261407114948,0.4736842105263158,True,4
-0.5376383704230894,0.816263206909383,0.211327612239421,-0.843173265240771,-0.5210582552398335,-0.1325033562957453,0.001956382381251156,-0.2494246814018826,0.9683922247083296,11.3500100098903,23.05466075519595,-3.61720789,,0.4224793658128851,0.2083333333333333,False,1
-0.5528960325820279,0.8184184356216181,0.1565159461196147,-0.8332472061670557,-0.5435601444726483,-0.1012001124291429,0.002251792586060006,-0.1863696154836905,0.9824771223059661,-8.95182167402237,8.693920084232673,-2.12621187,,0.07964911594445744,0.2682926829268293,False,3
0.9599230266571513,0.2800321908242505,0.01139100502781516,-0.280151257760529,0.957593212469178,0.06730907968582092,0.00794075994894641,-0.06780273987921956,0.9976671452926087,7.291664436205451,5.454589271937806,-2.16102384,0.1672686349546317,0.1196018376804776,0.4923076923076923,True,3
-0.9813852037613092,-0.1783201057196667,-0.071309338340084,0.1867684258503176,-0.9726455677055322,-0.1381236935799837,-0.04472848023092332,-0.1488708820384621,0.9878445340929524,10.36747886782149,-18.35807361156552,-1.77453114,,0.4367594794427233,0.7368421052631579,False,5
0.1978770634996899,0.9530068567611192,0.2293961610555664,-0.9801894434574037,0.1903305256151031,0.05479914190700036,0.008562866074204156,-0.2356951887191806,0.9717893060428402,-0.7591783409455957,16.95543640773616,-2.66725843,,0.6749343792837508,0.4673913043478261,False,2
0.411520089121265,-0.8975501455975206,-0.1582875623272287,0.911399996917068,0.4050518563588777,0.07268451884546188,-0.001123329513264538,-0.1741744234900671,0.9847141759580329,9.732201198648909,24.2969808449634,-3.65337479,,0.5467117947923061,0.2307692307692308,False,2
0.5801787121019415,-0.76428194353161,-0.2815417780992338,0.8144870700583892,0.5436224399024169,0.2026954748933591,-0.001864063151788898,-0.3469117375155943,0.9378959279378912,-6.569938471603621,-39.63789149152274,-2.90572322,,0.5376655488695429,0.1612903225806452,False,3
0.9847244501194802,0.1736200336212849,0.01318488764578698,-0.1738794199186593,0.9765619768213661,0.1268568199014013,0.009149025392833226,-0.1272115928368554,0.9918334063653392,-19.14855816093188,14.33112787289406,-2.20639051,,0.09576384286035189,0.2142857142857143,False,1
0.9298272342934324,-0.3539040740020644,-0.1008623853127056,0.3675835602774301,0.9061952221380204,0.2090276191989787,0.01742528565034711,-0.2314349277420454,0.9726943166488836,7.233464543147647,19.32810839835659,-3.11570822,,0.4872462961513616,0.1379310344827586,False,2
0.7189561021694791,-0.6947124332443438,-0.02183479445732571,0.6950554488088703,0.7185915043118837,0.02289482500227924,-0.000215021790606423,-0.03163676700467696,0.9994994090739235,4.932422376488034,6.175647039136919,-2.15820604,0.6466773143254408,0.3595836000612813,0.6511627906976745,True,3
0.778882937675128,0.6065973643409543,0.1593141769371795,-0.6270752262083148,0.748821244948904,0.2145772676426022,0.01086416468737732,-0.2670325461208454,0.9636262705208202,30.13695307876122,9.466947830503585,-3.27503164,,0.6043921912742058,0.4193548387096774,False,1
-0.401971195428491,0.9124008426760287,0.07709643526040601,-0.9156453284916463,-0.4008696092242571,-0.02995311021940092,0.00357637487047286,-0.08263327831124337,0.9965736053389742,-7.295632526473526,-26.694988900666,-2.46348041,,0.1419140815518922,0.4,False,1
0.999960132184426,0.004209049445199967,-0.007875147266807407,-0.003943565903384586,0.999433325998134,0.03342865794904133,0.008011387499784613,-0.03339626905922581,0.999410079438492,-9.71422128462467,-14.81222740332117,-1.99839327,,0.2380582343406201,0.1111111111111111,False,1
0.7718065109468194,0.6242613910061289,0.120881865303239,-0.6357645065838355,0.754369856158455,0.1634919334024894,0.01087206642314929,-0.2030365381367725,0.9791108018774614,11.39261598559875,-41.40268304247937,-2.69068236,,0.3389936949310228,0.4666666666666667,False,1
-0.7904552298772425,-0.6034166765667274,-0.1052085737992997,0.6124246473803429,-0.781614433838307,-0.1183846615769403,-0.01079726079984129,-0.1580100985911647,0.9873784623448255,-10.93217052641029,-22.7928195708522,-2.33081207,,0.1312234405255118,0.2105263157894737,False,2
-0.7093970961643373,-0.6613098279416476,-0.2437725813568767,0.7047249669418434,-0.6708768886144455,-0.2308396007876874,-0.01088489423118897,-0.335549566816573,0.9419596633013467,-22.63215965652108,7.421844006211586,-2.03291676,,0.581239785904123,0.2272727272727273,False,1
0.7860526002878427,-0.6145230743167489,-0.06695297389222615,0.6181580833802053,0.781185329853149,0.08735023969021702,-0.001376056842089125,-0.1100494050620848,0.9939251656503366,-10.16586209202387,-21.99198526271303,-2.28884993,,0.1402531917192811,0.44,False,3
-0.09865731371482493,-0.982472312493368,-0.1581609611582749,0.9950879997917697,-0.09870347755368737,-0.007582624164792983,-0.008161318581603178,-0.1581321558151391,0.9873842282395779,18.64159439503254,-7.37658785699432,-1.85585481,,0.4882637365755018,0.25,False,1
0.6673074480171871,0.7447779208665656,-0.002572627152475794,-0.7447033988658639,0.6672830148768241,0.01225666245463214,0.01084516198218225,-0.006263117959345337,0.9999215748322506,5.784481620612951,2.263238227486596,-1.99233579,,0.07086042499893416,0.28,False,1
-0.1317681372782966,0.9901470041180881,0.04739270233046213,-0.991260585683792,-0.1319183440721279,4.203681562841612e-05,0.006293589439595006,-0.04697297875633903,0.9988763336863693,5.588161477109452,3.663175370795386,-2.05692008,,0.08627393792219731,0.345679012345679,False,1
-0.9999288132548108,0.00988671925637153,-0.006679910566211388,-0.008928001879338761,-0.9913638785924257,-0.1308355876840295,-0.007915756771744217,-0.1307666356702983,0.9913815752727114,-6.056300691235947,11.32043975424648,-2.24935843,,0.7212760324533096,0.2121212121212121,False,1
-0.7725660883089641,-0.6021670972340235,-0.2013365992653516,0.634841282748588,-0.7380179443307427,-0.2287051804484386,-0.01087128847533744,-0.3045066515769,0.9524481687904656,-43.90911894284511,8.812341547208263,-2.10010945,,0.2781280561335779,0.1,False,1
0.7254167333538933,-0.6866808965640356,-0.04732767968302913,0.6883076666850654,0.7238739155761252,0.04731923848763962,0.001766055697867101,-0.06690217218074129,0.9977579768685244,14.44813537134627,-12.68227870914168,-1.73727684,,0.106915030572433,0.2352941176470588,False,2
0.9784323036052689,-0.2052679694669556,-0.0231362912455494,0.2064722374158088,0.9752316282756562,0.07932519390030345,0.00628032150416912,-0.08239133402078096,0.9965802655281105,5.385010439818871,22.45780421383199,-3.29177476,,0.739744167793885,0.2758620689655172,False,1
-0.7923410841412278,-0.6056766703413088,-0.07315310920370965,0.6096711484470916,-0.7904796584341517,-0.05867708541698145,-0.0222867030560547,-0.09109160557423963,0.995593100749899,7.347501547945285,4.659452323414342,-2.12510778,,0.102740090155724,0.2330097087378641,False,2
0.7810753316504782,-0.6136316261402868,-0.1156613750891966,0.6242320851568514,0.7625654409706129,0.1697888456231003,-0.01598843794202449,-0.2048174202496527,0.9786696042150548,23.52918844589396,0.1224668074368935,-2.32654661,,0.3177930924870598,0.6296296296296297,False,4
-0.772995281228998,-0.604973616185831,-0.1910110439653733,0.6343186265610835,-0.7421774721819672,-0.216361918514433,-0.01087084152047871,-0.2884086051154239,0.9574457171558147,21.05487868461302,-8.934974920326539,-1.84666653,,0.5189261690550083,0.2962962962962963,False,1
0.4975525085391668,-0.827541796678976,-0.2600309135385925,0.8674303826453548,0.4738200737022349,0.1518521287981895,-0.002456116877465631,-0.3011131224409542,0.9535852636150284,-8.59679860027859,-10.39438027974819,-1.88901811,,0.4899783576884363,0.2206896551724138,False,1
0.550898552511303,0.833238595447724,0.04716172067742512,-0.8345051343696002,0.549257543286675,0.04378734809807321,0.01058137759116418,-0.06347908473655331,0.9979270716085834,5.038986406345145,-13.08232081004411,-1.78144499,,0.1723959272759636,0.3125,False,1
0.526518435773761,-0.8448988548324484,-0.09446831158208234,0.8501611257176656,0.5229821716319983,0.06095661140147637,-0.002096928425968289,-0.1124080658044446,0.9936599164871651,6.24480296632106,-35.24196456997532,-2.53873855,,0.4118570691400451,0.4,False,1
0.1257018187364794,0.9459761972469285,0.2988780470502677,-0.9920328896064702,0.1173203291519498,0.04589865255881998,0.008354561950121233,-0.3022663967594129,0.953186879202973,-18.9572328984101,12.07862096157808,-2.14204168,,0.2016268453203205,0.2272727272727273,False,1
-0.8580214118515794,-0.4983050469032235,-0.1244641998126281,0.5132830524629115,-0.84060762498115,-0.172972046521701,-0.01843271164472979,-0.2122990839695865,0.9770308767316905,6.020188594997421,-12.99181477864127,-1.77622255,,0.1635377463357119,0.2307692307692308,False,2
0.09529894519976682,-0.9896322462563749,-0.1074529116095688,0.9954143758118252,0.09384246525359725,0.01854217199471913,-0.008266285197487143,-0.1087272223718115,0.9940372526441575,4.564414321371601,-11.49857191545172,-1.76799834,0.8325666611738125,0.9320388583566487,0.6940298507462687,True,2
-0.9854573440945722,-0.1613973264791697,-0.05314815119502399,0.1696778721931343,-0.9514571815129166,-0.2567852243325298,-0.009123741452015704,-0.2620689503792343,0.965006022048072,-9.5519417414489,-16.0000306371351,-2.03346486,,0.3961217211981104,0.1333333333333333,False,1
-0.7976345780473038,-0.6024371012552925,-0.02913106476631636,0.6030436683774146,-0.7974428138676222,-0.02057407691243538,-0.01083577100208026,-0.03397789931718263,0.9993638418638032,-10.41182290994618,-13.23375481721499,-1.97132251,,0.2853110251335111,0.3,False,1
-0.9332199375977895,0.3486627026440668,0.08680361660041612,-0.3591186319721607,-0.9128994201393859,-0.1940321027036908,0.01159121393214152,-0.2122474228208837,0.9771472126887899,24.2218843035418,-3.089628224416714,-2.15719258,,0.2416038339094772,0.25,False,2
-0.4989647224490422,0.854575041635694,0.1439989720959955,-0.8665309500111031,-0.4943890454177884,-0.06858268326439096,0.01258246494952746,-0.1589999056107926,0.9871984155130891,36.57578368701809,6.965648196478043,-3.34662786,,0.3749485625870055,0.2222222222222222,False,2
-0.3753529362586043,0.9145237830484793,0.1508523234184411,-0.9259895931847619,-0.3771317718397552,-0.01774542145245383,0.0406625940584528,-0.1463484776405435,0.9883970237393132,17.96446244185546,2.103120025276752,-2.26771123,,0.3248277960379916,0.4666666666666667,False,2
-0.9768054264387821,-0.2091745450860501,-0.04579485307099552,0.2139231795622861,-0.9626596773227777,-0.1659012323726627,-0.009382543669601714,-0.1718498046110333,0.9850784803909983,12.5334613712626,-14.66312231479688,-1.73527004,,0.2072272438717104,0.2173913043478261,False,1
-0.9375119592531008,-0.3409862072762168,-0.06928010323890975,0.3478075655959913,-0.9241137612020874,-0.1582518678282247,-0.01006099257545428,-0.1724591627148657,0.9849652854918719,15.17861344580615,-10.59969395685437,-1.76154377,,0.3635203006527926,0.2941176470588235,False,1
0.3457482705341434,-0.9364425800853498,-0.05944264147682754,0.9383179368689182,0.3447672589367601,0.02636259689959057,-0.004193181692476262,-0.06489091899739778,0.9978835532560738,1.477692598408566,-19.05595546190293,-1.94300946,,0.5606644755933687,0.5128205128205128,False,1
0.4030296912913837,0.9119086979556332,0.07739247076062285,-0.9151322846190392,0.4006381948974712,0.04496596976863274,0.00999847915983501,-0.08894696949395076,0.9959861781331768,15.5706864481885,32.6776414898421,-4.77610699,,0.4205485832171658,0.8387096774193549,False,1
-0.06001753785971874,0.9973082709919947,0.04212015859674684,-0.9981733529208258,-0.06025506503124948,0.004391429935211355,0.006917562291241669,-0.04177965711967691,0.9991029013985039,-2.337030607427607,-14.02250573728637,-1.88292355,,0.09792355732599457,0.2592592592592592,False,1
0.823255074653359,0.5648431001489903,0.05659818258186519,-0.5675693168168506,0.8171125293612876,0.1009563518004298,0.01077741460396703,-0.1152362207592582,0.9932796488197961,31.56595227801142,7.262719760358863,-3.13996430,,0.1112854907956852,0.375,False,1
-0.3476536912839977,-0.9306607151747547,-0.1140506210725078,0.9375725995862112,-0.3463149763349845,-0.0319930878667925,-0.009722728102957956,-0.1180532523758367,0.992959665928945,-22.4610749289273,11.19328991422498,-2.10282967,,0.07879131472808822,0.6666666666666666,False,1
-0.1648453149683262,-0.9482523323833398,-0.2713734258591849,0.9862817253381891,-0.1608828446696451,-0.03694683416652271,-0.00862440704738712,-0.2737411631825949,0.9617647296415698,-8.175521161247104,-11.1788172415049,-1.89965568,,0.7201629320183851,0.2429378531073446,False,1
0.9682844402208709,0.240138634726022,0.06898317866028535,-0.2496667340381972,0.9193767547911763,0.3039949089447803,0.009579391465787845,-0.3115763451572782,0.9501728350134926,14.62419272866163,-8.74937445768964,-1.78316211,,0.2907831830984361,0.16,False,1
0.9991747557612844,-0.03955150950290841,-0.009245839357221074,0.03988508280744107,0.9984344443181259,0.03921531038508936,0.007680339759526303,-0.03955171924451169,0.9991880072768998,19.9370398124056,2.442474391166201,-2.35709207,,0.116174054203938,0.6206896551724138,False,1
-0.9787453698451375,0.2046970081616851,0.0125154247374727,-0.2049826537785062,-0.9745879924147534,-0.0903346926208345,-0.006293858643578792,-0.09098010711487783,0.995832821036111,23.08307186890585,-12.29769648951802,-1.76765895,,0.08931685561003203,0.25,False,1
