axis_00,axis_01,axis_02,axis_10,axis_11,axis_12,axis_20,axis_21,axis_22,location_x,location_y,location_z,dbh,dbh_approximation,score,reconstructed,number_clusters
0.9580787606516903,0.2844251994217512,0.03445858850880022,-0.2860036730286939,0.942348337564352,0.1737282639750897,0.01694070253022754,-0.1763006427203248,0.9841905790923744,-3.038107958421676,11.4938182949783,-2.23473473,0.587742541252082,0.4354278622342206,0.3529411764705883,True,1
-0.7131152551252742,0.6988028602585244,0.05604636832231635,-0.7001860629768327,-0.7059994376751787,-0.1063215463362662,-0.03472909616760068,-0.1150624026206522,0.992750992637401,28.00179082249741,-14.6147645773693,-1.68313422,0.5892928065593755,0.487650630216218,0.7291666666666666,True,5
-0.316224776794953,0.937361414360683,0.1461351066948672,-0.9484313387022899,-0.3088102407810737,-0.07151385149826482,-0.02190630750178352,-0.1612135666018012,0.9866763905329661,7.91404021530775,35.74601254435174,-4.35989107,,0.3640534101936299,0.3636363636363636,False,4
0.6661767304458474,0.7337849257004512,0.1332975867270867,-0.7454277884421472,0.649528199593434,0.1498350097646158,0.02336612999046068,-0.1991803221899609,0.9796842466946036,-17.62982517156269,6.094216791019079,-2.03189469,,0.3812325640213785,0.4343434343434344,False,3
-0.9724473244379603,-0.2202476239696191,-0.07640147465323999,0.2324431651363909,-0.9410675159443985,-0.2456870070142411,-0.01778696643131973,-0.256676673209656,0.9663336428248759,-1.576425094917113,-11.65266112326213,-1.89898995,,0.5625489322324885,0.3513513513513514,False,1
-0.07307297136630449,0.9743903171101845,0.2126590011676286,-0.9972576823756553,-0.06888089185220694,-0.02706543331228335,-0.01172415448705452,-0.2140535742741962,0.976751560808584,-3.326906635084811,6.404265124498295,-2.03913901,,0.6013073993992487,0.2141057934508816,True,1
-0.4807379289511523,-0.8595053621973668,-0.1736132944844059,0.8768637621326624,-0.4714448816967744,-0.09407266436360405,-0.0009931396224771931,-0.1974595043949179,0.9803105415111086,-11.97906205810733,-3.100309420169651,-1.93811375,,0.3274219050016461,0.4198473282442748,False,1
0.5068580515337785,-0.8491120714471109,-0.1486728143211717,0.8618513890316938,0.5026657543775871,0.06737449517548061,0.01752423520503497,-0.162283176881669,0.9865886030568523,2.756683302723104,11.49051572595994,-2.28090043,,0.6312950545732217,0.5735294117647058,False,2
-0.7695788111882663,0.631622158083465,0.09381845654262835,-0.6384712265686416,-0.7634656372469594,-0.0973381404539282,0.01014624137250239,-0.1348097554373592,0.9908195514950895,-7.72101864764511,-26.17137764511401,-2.43301015,,0.4195597235620947,0.5135135135135135,False,3
0.7387777938428427,-0.6695069192748869,-0.07725190203322713,0.6735917213164822,0.737251513384323,0.05229148101194962,0.02194457332918251,-0.09066802664431681,0.9956393647530337,9.371653495738883,5.386538744983142,-2.09911530,0.8378516914314007,0.5047757027347002,0.6486486486486487,True,5
-0.9760965541348651,-0.2089522122294152,-0.0597870388167604,0.2157018748925879,-0.9650597722084565,-0.1487694096001778,-0.02661236881349974,-0.1581094844384629,0.9870629021276905,11.88256476517557,1.471045936250931,-1.94065466,0.1326541359138525,0.3045349398034797,0.1666666666666667,True,4
-0.9897653699849961,0.1424141132102897,0.009095753788989476,-0.1426622849978944,-0.9859158678446636,-0.08727756854589214,-0.003461909537040525,-0.08768193594253129,0.996142506517881,-10.60047446482849,-23.94476999447843,-2.36789770,,0.1096619758694561,0.2380952380952381,False,3
0.9597003412929211,-0.2731676084369173,-0.06599024642403882,0.2794682651918665,0.9523822816543702,0.1219240679335464,0.02954223540795314,-0.1354527492953557,0.9903432783815067,10.5769273646481,3.79437260948302,-2.04813330,0.2779933339256547,0.1777408268252225,0.3023255813953488,True,4
-0.9667814856772791,0.2555197438311394,-0.006574151207637034,-0.25451254098164,-0.9647082829320489,-0.06753736244010573,-0.0235992676729818,-0.06362066766991707,0.9976950862916646,27.79648668201634,14.34422526045915,-3.12452635,0.7369578533469103,0.5909888211014099,0.5882352941176471,True,4
-0.474715506432638,-0.8783462371399191,-0.05615225422501315,0.8801390824902066,-0.4737033899675486,-0.0309886076897782,0.0006192137778134784,-0.06413256610645522,0.9979411959323555,7.943845601312773,-14.14308801468559,-1.83991892,0.5833013344957214,0.5210273191196974,0.9226190476190477,True,5
0.810926555045962,0.577826040554008,0.09227778269424883,-0.5844660582886291,0.7922352762171513,0.1753929697156872,0.02824091057034006,-0.1961640486297452,0.9801643316277866,14.95725246512876,3.308291792725583,-2.04146103,,0.2418321347199077,0.3809523809523809,False,7
0.2955406368817765,-0.9419667631145366,-0.1592304906072857,0.9552071380631805,0.2940438894942235,0.03342924534382835,0.01533151475435197,-0.1619778016847737,0.9866752943175915,-36.32575979054155,6.338675896284485,-2.06406414,,0.1868541125741875,0.4210526315789473,False,4
0.2042330175069753,0.9787262455068012,0.01959109277596504,-0.9789070231854602,0.2043007427159572,-0.001498827504849032,-0.005469416621230073,-0.01887174824623237,0.9998069526663408,-17.31386796267481,4.031470995501166,-2.00888214,0.2091258166729049,0.2275605664876785,0.8326848249027238,True,5
-0.001986971469364241,0.9998514349848812,0.01712191294960788,-0.999955733619967,-0.001829127241381478,-0.00922957713486543,-0.009196887785198128,-0.01713949393094364,0.9998108096049261,-3.298261276274673,15.30529321622001,-2.40741616,0.1686833356735661,0.1368029781190852,0.5531914893617021,True,5
0.9850990602667309,0.171105904405667,-0.01739571611414626,-0.1708683622794545,0.9851894905828226,0.0143412139338898,0.01959194307725249,-0.01115513884625653,0.9997458270199383,-10.70962882730197,-16.18970189948192,-2.09864071,0.6402370503470753,0.6355069546457776,0.9757785467128027,True,5
-0.3552502041438682,0.9319907142685917,0.07204582550614479,-0.9347710449681745,-0.3541421888710737,-0.02804288770283012,-0.0006212445965449767,-0.07730859317518765,0.9970070187698913,-22.74186836513508,7.198248434298108,-2.06264887,,0.6489526468628455,0.6923076923076923,False,4
0.8621448123264643,-0.5051941658839016,-0.03853799859145673,0.5062595823203156,0.861995272966862,0.02579505168914507,0.02018806299340948,-0.04174930106786123,0.9989241402493584,6.10401527093228,4.684468792737334,-2.05265219,0.1346174228261775,0.09494543899305277,0.4615384615384616,True,5
0.6860947206051876,-0.6894717996957053,-0.2321694893435747,0.7255167424027995,0.6720567751257793,0.1482064354229232,0.05384692053331356,-0.2701265044972529,0.961317939454568,14.7723510855148,-12.65160072666475,-1.73865276,,0.3639557909629782,0.3,False,4
-0.3363948701979883,-0.93968881846404,-0.06183377522143679,0.9417172578733121,-0.3354818436553488,-0.02491061623440726,0.002664118625063227,-0.06660973676021151,0.997775548628391,0.8840975967752343,-23.35277104859719,-2.24825538,,0.0794294805075782,0.5625,False,1
-0.483515997557568,-0.8415747427997634,-0.2407576216600886,0.8736592843892146,-0.4469635967147169,-0.1922056138940016,0.05414549756384082,-0.3032746205889252,0.9513636368919134,7.352734218133321,-15.98794134749201,-1.88216021,,0.5448282656257014,0.3125,False,2
-0.9530411154972973,-0.3003142129946286,-0.03903851489342967,0.3017155053477766,-0.9526803709896042,-0.03698465308538729,-0.0260842098673383,-0.04702642028187586,0.9985530180171054,-26.67400744459155,4.915064148340008,-2.05911302,0.3420890232559178,0.26470915820077,0.7052631578947368,True,5
0.2740924734592544,0.9132061539807452,0.3015424287304923,-0.96169434077833,0.2616245050312629,0.08183283743143986,-0.004160637922443157,-0.3124214120364397,0.9499344979487986,22.63483532274927,0.6595388211244426,-2.00767967,,0.3320838539829722,0.4090909090909091,False,1
-0.2162237564673457,0.9643034849166152,0.1528596615095717,-0.9759036929993712,-0.2087604090981857,-0.06349073620101443,-0.02931329270721131,-0.1629045136600855,0.986206291959158,-0.3789531556758448,-8.859867267164645,-1.85603652,,0.2236513435991566,0.1830985915492958,False,2
-0.2822550689452567,-0.934882071478583,-0.2152384456425523,0.9546289978266481,-0.251502669496147,-0.1594675005911904,0.09495026362890102,-0.2504833720314093,0.9634534383002517,-12.70056034348556,-6.85163735789655,-1.96791537,0.9883699633187418,0.5400267635640098,0.59375,True,2
-0.9156122795728643,0.4019999700729885,0.007083611840030799,-0.4012340696585786,-0.9124538478135108,-0.08024460701838011,-0.02579486074005405,-0.07631513396198486,0.9967500315965715,21.35715367986717,-13.5621408876799,-1.71488386,,0.2606673072224864,0.5416666666666666,False,2
-0.9854563436971613,-0.1675585389258634,-0.02828304615936072,0.1687078634388679,-0.9846451122559423,-0.04485152978857813,-0.02033350636055972,-0.0489707968437651,0.9985932152661424,10.5770724213009,0.1851321200375651,-1.90073088,0.1086631201246074,0.2442139006124893,0.3488372093023256,True,5
0.9946902674171382,-0.1023796323253053,-0.01047295519697166,0.1026834592676609,0.9805042638578728,0.1675335660378479,-0.006883247667278964,-0.167719406871914,0.9858107432261451,-36.18975128038772,5.289520449353233,-2.06277320,0.7431641075239623,0.4516283867748508,0.2769230769230769,True,5
-0.9299748951933657,0.366998551265491,0.02141862925397332,-0.3663700477209885,-0.920424620224412,-0.1363506751639579,-0.03032626655242818,-0.1346498490670427,0.9904290664672628,-34.59265479970855,5.438163563533408,-2.06820987,0.2060926707144192,0.2084288736616901,0.3181818181818182,True,5
-0.2654653908818274,0.9601552135297343,0.08735039882924797,-0.9639412880540805,-0.2660707647735754,-0.004851939554909391,0.01858277236039748,-0.085488677989982,0.996165832834537,22.92484334889241,-10.27232761692338,-1.72535994,,0.290728311211964,0.3846153846153846,False,2
0.9930497720708956,-0.1110101907133165,-0.03910099420392905,0.1132534746021894,0.9917045952344762,0.06079182742240281,0.03202812327430107,-0.06479763381958539,0.9973843120737911,1.249613371494661,-17.57325745518966,-2.00370974,,0.4489409693343111,0.576271186440678,False,2
0.8704240462524285,0.4898411628873947,0.04916924696061307,-0.4917349356768868,0.8602774772476585,0.1346083770619476,0.02363752822096601,-0.1413446047131912,0.9896782153700634,-1.094302708164264,2.154213443265888,-1.94647617,,0.5568506649976559,0.525,False,3
-0.07876399024408626,0.9923304626504381,0.09527059744116449,-0.9968230044132119,-0.07726312852829957,-0.01934701120682553,-0.01183772416670778,-0.09649177097548992,0.995263385451593,-36.26164437769359,8.91759777470972,-2.08156339,,0.1710843891995883,0.2413793103448276,False,1
0.31369483265699,-0.9424377531523891,-0.1157870173956414,0.9493852387640928,0.3133919080821926,0.02128803338611226,0.01622406795932539,-0.1166044312265962,0.9930459134587746,-18.94044903800125,-15.00545770540228,-2.17164621,,0.109058992748358,0.1333333333333333,False,1
0.4328240236696496,0.9014434164377229,-0.007945533053251774,-0.9014732410295525,0.4328346316240789,-0.0004211585472577532,0.003059451272459217,0.007344972970249247,0.9999683450639713,-7.148144386767683,-3.456216691008308,-1.90095368,0.2785341558227449,0.2454098897178837,0.8226779252110977,True,4
-0.001471986092707413,-0.9868734376216176,-0.1614888583582022,0.9999309207170546,0.0004306151769475816,-0.01174599355159597,0.01166134858786183,-0.161494992762816,0.9868046312526364,24.40844948141307,1.083021742476973,-2.07443565,,0.245609200620342,0.6410256410256411,False,5
-0.2050448172703714,0.9485997625105359,0.2410707644562387,-0.9786245241386065,-0.1947176878233649,-0.06617448755531741,-0.01583236132250065,-0.2494864978584572,0.9682488439039193,-1.659177353077496,-16.27378822489024,-2.00532393,,0.4767545355778663,0.2023809523809524,False,2
-0.415608628180114,0.8974786215600372,0.1476536217806367,-0.9095413530897594,-0.4097379139087139,-0.0696374103868416,-0.00199880011352885,-0.1632389835438547,0.9865845321358304,29.62085306831858,-14.62660117774701,-1.68186239,0.2995812874031986,0.2361823723296048,0.2727272727272727,True,5
0.9989782012496323,0.04174664865680898,-0.0173138890482545,-0.0403773337044681,0.9965101574396825,0.07305598567166532,0.02030330886748113,-0.07228224848097563,0.9971775429699404,19.16550524556027,-7.042956014796005,-1.75165257,,0.08669761251432424,0.4166666666666667,False,1
0.2860899553869528,0.9523964601908402,0.1053257805223774,-0.9582018091630368,0.2842008896464814,0.0328503765706146,0.001352901834619788,-0.1103215162155828,0.9938950310352297,8.064004366080724,-15.15764742573452,-1.85451739,,0.3414731606702077,0.1666666666666667,False,5
0.4964501566926521,0.8675133272717782,0.03094945759928048,-0.867805672956788,0.4951143632354735,0.04213171373144113,0.02122630217107354,-0.0477744107632951,0.9986325899811013,-13.16527853508973,-20.4733824350871,-2.25394885,,0.2957485123400868,0.5333333333333333,False,2
0.1090912186284998,-0.9928532290380301,-0.04838978825025596,0.9940092593742692,0.1092868317228523,-0.001407369957190545,0.006685678452057897,-0.04794636587622361,0.9988275365161384,1.560036114058846,14.54853103597131,-2.43109161,0.2665234707233445,0.2111095297473187,0.6837606837606838,True,5
0.9818137426137807,0.1897989256596627,0.004259416997628447,-0.1888729479393514,0.974262426009366,0.1230436296727503,0.01920375878365837,-0.1216104151986321,0.992392121373299,-10.10546957593976,12.254647167173,-2.17507765,,0.1001004211843669,0.2641509433962264,False,4
0.9750763605130356,0.2212013392431144,-0.01720635596826922,-0.2211329636865474,0.9752263991989524,0.005803677855593323,0.01806387388846342,-0.001854136591512983,0.9998351157254098,-7.248343147275932,-8.429855708567175,-1.92020839,0.1970795746742881,0.2155300946545917,0.8060836501901141,True,5
0.9996625432774442,0.01832188808679272,-0.01841488487627061,-0.01586631075033931,0.9919503833093143,0.1256292053452434,0.02056841635238177,-0.1252946346394717,0.9919063437539433,-26.76967179601746,11.43158653253514,-2.11443500,,0.1322708251469221,0.2222222222222222,False,1
0.9855596648207167,-0.1671635226135202,-0.02699080928604956,0.1681653109157606,0.9849264036052209,0.04050194669261235,0.01981351263866107,-0.0444560028424141,0.9988148419643117,24.45204420226821,17.92131287306691,-3.33753084,0.4136337911602771,0.4059284910595328,0.9210526315789473,True,5
0.6767352312748581,0.7275216327307868,0.1128791418291861,-0.7361466442491597,0.6664034337838003,0.1182986965349167,0.01084181313546828,-0.1631524972223515,0.9865412904374784,-9.008812941526685,-15.75860484183323,-2.07064213,,0.1391964846816679,0.125,False,2
0.1798162727595621,-0.9820848340626948,-0.05635145743373989,0.9836482090884549,0.1801005262297568,3.476836338907006e-05,0.01011478165524069,-0.05543626210173713,0.9984109935473733,-5.764083161108488,11.96717110705521,-2.21844621,0.6392287396487558,0.5675790232991158,0.9932773109243698,True,5
0.4403612594122416,0.8965288025969057,0.04814631162428939,-0.8977960293845392,0.4393182317413108,0.03101259229803326,0.00665212975073285,-0.05688231160779803,0.9983587290127398,-8.456386566905053,28.26367995146779,-3.12680923,0.431130857236084,0.2727251429601656,0.7441860465116279,True,5
-0.5074368786153829,0.861107843365735,0.03164010611690685,-0.8613448200064343,-0.5058545703308218,-0.04686421581016648,-0.02434985152232929,-0.05103367289772019,0.9984000445519862,-0.4890229129766794,-7.325258810532802,-1.85376810,0.462883047821979,0.3938118713936172,0.5477707006369427,True,5
0.9996604921111001,0.01047283384764898,-0.02385833739792051,-0.009810868178697106,0.9995682525180858,0.02769576544385797,0.02413808977060326,-0.02745229150982681,0.9993316388031983,-3.727192810850852,11.05970964903057,-2.20347026,0.1630323498790361,0.1387969286694916,0.4204545454545455,True,5
0.6517828410559057,-0.7528901182897422,-0.09129949554487951,0.7584036417888032,0.6473179677302697,0.07617981868601183,0.001744771209107639,-0.1188945685690098,0.9929053516515137,-19.14465234071992,6.108476865775629,-2.03954722,0.7497357506659708,0.643419384612366,0.6166666666666667,True,3
0.2465876308005479,-0.9486089451731129,-0.1983320686972379,0.9690155552076202,0.2443541008266498,0.0360545028375998,0.01426163040608631,-0.2010774540985452,0.979471522481081,21.20774362014726,-18.70931256849832,-1.74338543,,0.4339595763384521,0.3818181818181818,False,5
-0.626493729242154,-0.7784051649630499,-0.03988742131429359,0.7794030508007196,-0.6260506593350983,-0.02431987558804445,-0.006040829643997784,-0.04632462741279327,0.9989081725925945,10.79445452122127,2.374034054201445,-1.98854843,,0.08394819991219285,0.4782608695652174,False,5
-0.9441891932727832,-0.3159831479558913,-0.09306673688690066,0.3261195736506018,-0.9364872895679239,-0.1289867441238547,-0.04639817872330804,-0.1521387744317941,0.987269467939504,8.064591921362137,15.60466499497397,-2.62236593,,0.3995870640248191,0.12,False,5
0.8095848122392523,-0.5811880869487265,-0.0824186834426176,0.5868254565495197,0.8047750290336727,0.08929185959145058,0.01443313330440019,-0.1206547149212626,0.9925896052398929,-1.935028347848743,-18.04818261852122,-2.06469789,0.6343109176316876,0.5352456175968875,0.7721518987341772,True,6
-0.5798314075476105,0.806165541723781,0.1178671207697852,-0.8146287442651469,-0.5760084153746735,-0.06778137232711753,0.01324944671850729,-0.1353197131047798,0.9907133931702413,-15.25596633260221,-20.94686907502697,-2.29141737,,0.2360666011091426,0.2222222222222222,False,3
-0.01851644995801688,0.9984850069429709,0.05181536443033042,-0.9997721682016754,-0.01794013435152386,-0.0115656071509629,-0.01061851073707554,-0.05201771322871631,0.9985897079081989,-18.14081685504357,-13.83465333889899,-2.14330061,,0.07561623138396534,0.4375,False,1
-0.2269677125952437,-0.9676790921894112,-0.1099219358397582,0.9732164055166415,-0.2211233842144202,-0.06288304212448796,0.03654429466484527,-0.1212502515174258,0.9919490365106516,-4.730530335366268,-6.317811251091342,-1.88109765,,0.1414081270610024,0.2380952380952381,False,4
0.6821756139723844,0.7309752465401598,0.01765278014802369,-0.7311883692676254,0.6819773937327034,0.01644393764587218,-1.868562270316166e-05,-0.02412516078916983,0.9997089457775926,3.275932640238182,14.81575650705719,-2.47780181,0.2362291701453109,0.1523245701330686,0.4313725490196079,True,5
0.936524052508121,0.3506009983170291,0.001280255001732826,-0.3498330971344554,0.9342184632885145,0.06966108669954744,0.02322720868037417,-0.06568715879035783,0.9975698942665469,9.630366369939736,18.81637258071086,-2.88106600,0.4374102033295801,0.3084918583569263,0.3461538461538461,True,5
-0.2313878275570511,0.972849488996105,0.004852320934000058,-0.9726909651276477,-0.2312509588117058,-0.01988166008443165,-0.01821975898508392,-0.00932018286756599,0.9997905653554856,17.31101778556501,-7.683208947232117,-1.74011718,0.4536526327406619,0.4050517157645356,0.9035087719298246,True,5
0.9312155627126476,-0.3632476468801439,-0.02981145413771284,0.3636827997020153,0.9314627574293687,0.01058077137927665,0.02392481896839413,-0.02069489207787864,0.9994995370080039,12.08647857201487,3.203799020758453,-2.02574883,,0.08839126291418051,0.1891891891891892,False,2
-0.9997023255472572,0.01406967222258395,-0.01993250157293308,-0.01265193778001366,-0.9974982466261184,-0.06954981271168505,-0.0208611784378686,-0.06927692473954693,0.9973793254989873,24.87954688062223,-12.7747478972174,-1.70686199,,0.07966380145055399,0.3333333333333333,False,1
0.9931949790319475,0.1150659881745794,0.01798755100445332,-0.1160873675528414,0.9905108038347611,0.07356677634141362,-0.009351829787896818,-0.0751542803306877,0.9971280647076359,0.233949686782239,8.375137691402017,-2.13008310,0.2530168954285679,0.151438035227466,0.6580310880829016,True,4
0.06850367251047537,-0.9930068308020177,-0.09614926329988323,0.9976363264808396,0.06870407960915909,0.001228629673094513,0.005385808982208252,-0.09600616347709684,0.9953661686213853,13.4383539024771,2.841755730885438,-2.01005319,,0.174416260477589,0.5283018867924528,False,5
0.8745677049978546,0.4848488364757272,-0.007275654123089123,-0.4841957354579391,0.8740033568724334,0.04089770091415126,0.02618814882978118,-0.03224496772911126,0.9991368489436357,18.33099270236966,13.29242574594642,-2.71033487,0.2937157075439687,0.2829563921993162,0.3846153846153846,True,5
-0.6668676311531064,0.7450984397167688,0.01076464824697999,-0.744846795303836,-0.6660738151724267,-0.03935637517929568,-0.0221543234121458,-0.03426350643592591,0.999167252306072,11.41302556953457,-0.03245158844009666,-1.88372876,,0.07388266590211673,0.2391304347826087,True,4
0.1539479331784543,0.9770076061793116,0.1474997333484215,-0.9880300534249475,0.1537006845154677,0.01314203593718237,-0.009830940910192246,-0.1477573586906925,0.9889747800391943,8.035554694397774,3.159075170449881,-2.00292395,,0.08723618798871131,0.4642857142857143,False,5
-0.9930299782521276,0.11669517139293,-0.01654385886530352,-0.1156442772233586,-0.9917998058720595,-0.05440171153220695,-0.02275661306230236,-0.05210932781874264,0.9983820684067862,0.6669386377922706,-4.453841741063087,-1.84228010,,0.2302494862340291,0.4048780487804878,False,5
0.3207262395834973,0.9143597928232405,0.2471453995340994,-0.9471691063590986,0.3089766632886803,0.08604711210668238,0.002315858703710488,-0.2616860539104712,0.9651502711947142,-26.20166432474861,7.467403526536316,-2.07466128,,0.3594620838893269,0.148936170212766,False,3
-0.7110784506516868,0.6933070583617307,0.1170160666088185,-0.7031124017584091,-0.7010141200831935,-0.1192147387595464,-0.0006225048733660267,-0.1670464793696323,0.9859488253544871,-13.79690185664305,-27.71501676216363,-2.53805531,,0.2391385988214496,0.25,False,2
0.03869091808067684,0.9891050167794992,0.1420361877822021,-0.999108301974846,0.03588855367852574,0.0222398884845212,0.01690011192314184,-0.1427700160975343,0.9896115948797768,2.178023814137191,13.07576765010231,-2.36551360,,0.6224426856397708,0.2361111111111111,False,2
0.8950742606833624,0.436865168662467,0.08939179085155331,-0.4457278579615323,0.8823723270905477,0.1508169520373514,-0.01299016932751989,-0.1748367832989585,0.9845117341639542,13.58743263252569,14.86382318380745,-2.70251921,,0.5900348341141854,0.275,False,2
-0.7467414108394861,-0.6597674326044369,-0.08416769102218043,0.66507389018231,-0.7392949922591578,-0.1054496800293972,0.007347512179240686,-0.1347213765335086,0.9908562785639975,16.63911723323605,22.76424334274643,-3.46505947,,0.3405206197472652,0.2777777777777778,False,4
0.5454713549925972,0.8356611278012849,0.06427659266346755,-0.8380766732478054,0.5446914091119033,0.03063916770379296,-0.009406946392531604,-0.07058150127033655,0.9974616589313067,10.50677653304001,-21.49214282629379,-2.00091478,,0.196453971648851,0.4736842105263158,False,2
-0.8270988845002408,0.5617927616493053,0.01721418650135,-0.5616627950056877,-0.8249858304041141,-0.06271590180195477,-0.02103187972709927,-0.06154082052492087,0.9978829527776609,8.296891299170738,-22.83869402270872,-2.09156460,0.3296602103510805,0.2872189158309252,0.68,True,4
0.9903163428353131,-0.1373692169713839,-0.0200808202511803,0.1381403745722002,0.9894308869891175,0.04408805716950127,0.01381224190143033,-0.04643509557002978,0.9988258125784792,8.728975779855432,-20.37120089098207,-1.97716528,,0.1211034189975806,0.45,False,4
-0.9058915582495626,0.4068407894027655,0.1176480206816695,-0.4232797050190817,-0.8606095902118196,-0.2831703101569858,-0.01395621765161077,-0.3063196130083397,0.9518264120496355,0.4983391396346519,7.285666757940561,-2.09608722,,0.3587303421344387,0.2941176470588235,False,2
0.6171618973301416,-0.7640485619896443,-0.1879919876096223,0.7865598827654882,0.6054089866875408,0.1216696743724858,0.02085049898207206,-0.2229568428183394,0.9746053062305154,8.062336205125007,-7.619497473549387,-1.77427324,,0.6907474343696446,0.2295081967213115,False,1
0.2728726299959945,-0.9110073313585524,-0.3092024741331121,0.9619324976351913,0.2633901158996207,0.07288015394953103,0.01504652093980714,-0.3173189075005667,0.9481995112581818,-23.75365657397037,5.680585827540767,-2.05241003,,0.3274878876565012,0.1818181818181818,False,2
-0.8428621447553606,0.523994510255014,0.1225281933311755,-0.5379840707006238,-0.815206875217999,-0.2145014924649536,-0.01251177888152846,-0.2467134042161354,0.9690077149173302,12.20118587353494,-10.06891407936078,-1.73313312,,0.2230926461292277,0.3548387096774194,False,2
0.2673345817622915,-0.9620917233018398,-0.05396051656606099,0.963446251330673,0.2678839456940604,-0.003084223768659329,0.01742246225004405,-0.05116353773418228,0.9985383068343788,16.86816156526004,4.990506319763199,-2.13282001,0.1839944911188043,0.1579532600943321,0.5555555555555556,True,3
-0.5854718237189098,0.8095613851581411,0.0428148022544152,-0.8102827300920156,-0.5826795807920094,-0.06266102012158083,-0.02578063121575367,-0.07137835658572661,0.9971160861530804,-1.310287798768684,-19.77938615260638,-2.12134807,0.3826122119136485,0.2567387840388109,0.1052631578947368,True,4
0.4873875370982889,0.8711516696879003,0.05956640900078043,-0.8731434652825093,0.4855571036600943,0.04306725112742679,0.008595214698674466,-0.07300046222596673,0.9972948685314087,31.11598862715385,-2.656345208160815,-2.05269944,,0.2199911100425238,0.4375,False,4
0.7420478793651247,-0.6495522917920299,-0.1656706520704333,0.6688392512079769,0.7339778403603275,0.1180279030718651,0.04493329248200629,-0.1983893900583159,0.979092768402982,17.09342053649993,-19.74464993041948,-1.82864655,,0.2021952762059558,0.1785714285714286,False,3
0.6145684729739116,-0.7641120457085324,-0.1960570672779657,0.785958749458922,0.6144020249921,0.0691302816034713,0.06763457825315906,-0.1965780590216755,0.9781526621830504,-1.756607598034861,4.579248888464463,-1.99631939,,0.6339660067929567,0.1428571428571428,False,2
-0.983631005820396,-0.1734652424191978,-0.04878374792085167,0.1792357060060123,-0.9697502771266019,-0.1657074582069425,-0.01856356865698382,-0.1717387832882492,0.9849676056771559,-17.47340315653776,15.90373535480165,-2.21580307,,0.1699255304503699,0.45,False,1
-0.9880614054528263,0.1535698908135263,-0.01228607708374975,-0.1505478945423183,-0.9793902729285373,-0.1346477803078872,-0.03271070930844062,-0.1311906320149712,0.9908173532836675,13.72268702214194,-31.60913032008065,-2.38589069,,0.4398770397527241,0.6153846153846154,False,4
0.9892048688295596,0.1463230460822393,0.007955731839853172,-0.1452987173151243,0.9723356240226673,0.1828981055206115,0.01902656643938607,-0.1820796541123253,0.9830996843290423,12.49987409828901,4.874873511777679,-2.10388646,,0.7227525112626099,0.5483870967741935,False,1
0.3209835658464945,0.9412864488849134,0.1046392450378889,-0.9470598442644358,0.3198115082405519,0.02825332863092238,-0.0068703594005405,-0.1081684812805175,0.9941088360029674,20.66001191652845,-7.90444119864344,-1.74767450,0.3042082563779622,0.2149382186411803,0.2307692307692308,True,4
-0.2060842830831343,0.9637639622262817,0.1693761889405066,-0.9782686888260075,-0.1988862120565397,-0.05860586247506809,-0.02279562959771,-0.1777731694258186,0.9838074300916538,12.44158491870212,-18.86222378361776,-1.87418708,,0.1815209454308425,0.2857142857142857,False,3
-0.9418026101808237,-0.3342803777210299,-0.0355594224822716,0.335809171048113,-0.940398772879714,-0.05368750884802994,-0.01549335653001893,-0.0625042161539019,0.9979244354491075,25.4276171973529,13.77086421569825,-2.96886066,,0.1779412789997296,0.4285714285714285,False,3
-0.971140697579013,-0.2354981606197623,-0.0377672060186626,0.2384310031755981,-0.9625869574549614,-0.1287517225604294,-0.006033426093472072,-0.1340409104800041,0.9909574320258492,16.52827317509804,-5.603310146184668,-1.75988552,0.7118294784383914,0.8427088460355633,0.5111111111111111,True,2
-0.1000307801190254,0.9645498860049446,0.2442076174828063,-0.9949088179929517,-0.09393965210406034,-0.03649363838310368,-0.01225915611483202,-0.2466147991715371,0.9690360436644943,20.86418055598273,3.352136742712219,-2.11782226,,0.2919958779130786,0.2352941176470588,False,1
-0.8840873685019494,-0.4454522174914372,-0.1412863998665844,0.4671251048698809,-0.8511274922809907,-0.2395331465241826,-0.01355216792995676,-0.2777666535339226,0.9605529787205727,-14.04418940536408,7.516978317125165,-2.04086657,,0.5730158004159331,0.5294117647058824,False,1
-0.6638309503669614,-0.7070325032445423,-0.2437898863584274,0.7478576927297441,-0.6302142661598578,-0.2086596514746853,-0.006110708620290931,-0.320834876664539,0.9471154318011135,15.76560988942123,11.92421138447887,-2.53173227,,0.57287330351144,0.25,False,1
0.9346440456737497,0.3551998318589059,0.01654047562834654,-0.3514062734887934,0.9155511093577509,0.1956522351176,0.05435199020575308,-0.1886776234777147,0.9805338421286012,20.47410439805265,30.32225826570723,-4.37786409,,0.4726535945837007,0.1904761904761905,False,3
0.1208167938766281,0.9708815416664014,0.2068630812127737,-0.99266742642538,0.1189678931607492,0.02140142310464956,-0.003831818286927493,-0.2079318937738096,0.9781358007558315,27.74324825790796,2.192496453713829,-2.24086775,,0.1671845030199896,0.1428571428571428,False,2
0.2181545746822624,0.9462392310254932,0.2388302728162502,-0.9758883672956287,0.2132970551364902,0.04632775460966511,-0.007104654972163392,-0.2431782966022756,0.9699555865808198,9.895840958081465,1.32327962149526,-1.93538899,,0.2753674185161,0.4222222222222222,False,3
-0.05070501185498921,-0.957402600235232,-0.2842697008750706,0.9986768453153991,-0.04616145228581189,-0.02266448661998347,0.008576736189722206,-0.2850427711514211,0.9584764254850773,4.742924532768996,-17.52364345417035,-1.96888566,,0.424720760967896,0.5483870967741935,False,3
-0.2761839484147607,-0.9597399169681807,-0.05120271883349455,0.9610568696940845,-0.275245963385277,-0.02468507350439781,0.009597908722193491,-0.0560263457492978,0.998383157274871,-4.3447130628129,1.820568342005203,-1.93739063,,0.07194361561617997,0.3821510297482837,False,3
-0.218703658110125,0.9658206252019921,0.1391374495370707,-0.9754097085055299,-0.2203717172183583,-0.003493823605621899,0.02728755178473978,-0.1364801310984981,0.9902669151965696,2.977695012804929,-14.34720059696591,-1.89564890,,0.3911616381905054,0.3125,False,3
0.4661277937612255,0.8680472189532183,0.1709353841393729,-0.8847171910123589,0.457211564711407,0.09073630486937098,0.0006097626530407751,-0.1935241865032104,0.9810953151594278,7.146284138288877,13.96653143680169,-2.49307592,,0.3210232915703873,0.2142857142857143,False,1
0.03847124927964375,0.9814121731041283,0.1880162478667629,-0.9992325204648029,0.03917103527242344,-6.422138155914849e-06,-0.007371093841541216,-0.1878717021765627,0.9821659180081846,-6.770841993914985,2.50042420774875,-1.94929308,,0.1148243113912527,0.3119266055045872,False,3
0.9452644957759414,0.3244281519474275,-0.03494863730434065,-0.3129834451808055,0.9317487021847097,0.184080740491398,0.09228432189818188,-0.1630666434347765,0.9822896078706659,18.37370566287109,23.63112842037111,-3.61588979,,0.1033977613920978,0.4,False,2
-0.8465835345008758,0.5164815177796669,0.1286202196546675,-0.5317587105336545,-0.8102839436430268,-0.2463180960585074,-0.02299984529487934,-0.276923766524859,0.9606165908676031,-13.1130350861352,7.193845038825003,-2.03400608,,0.2867363184008297,0.1818181818181818,False,1
0.9302303589211487,-0.3658937453192085,-0.02816463168076468,0.3662521358309894,0.9304754106440338,0.008653507153472104,0.02304023308626698,-0.01836511157327431,0.999565840921063,7.017715964373849,-23.51018932119584,-2.15119776,,0.09735438190796952,0.3125,False,1
-0.8082836950203677,0.5761869102869976,0.1211862730598833,-0.5883522035201383,-0.7824207061589836,-0.2041066466009267,-0.02278492872973873,-0.2362762852839889,0.9714187377414439,6.843650130409287,-22.44884838068688,-2.10108134,,0.4434017935556938,0.1666666666666667,False,1
0.5100794344842559,-0.8193948054744794,-0.2615552012055246,0.8599089247344945,0.492652406114338,0.1336048199419448,0.01938070375883876,-0.2930627228277149,0.955896766816699,-8.414371992860026,-21.98871894742774,-2.27663597,,0.2892637334214205,0.3333333333333333,False,1
0.9750118172224103,0.2221371640007797,0.002652667778788525,-0.2214263957678257,0.9707885466490236,0.09241184422111431,0.01795292549764736,-0.09069001083232954,0.9957173365977459,26.65345607876696,-14.76459880167201,-1.68621619,,0.1799462790990143,0.3571428571428572,False,1
-0.9387410179068822,0.3372441900241691,0.07093417789819782,-0.3438558971999379,-0.9028647745923064,-0.2580665045316996,-0.02298745875421464,-0.2666487485350835,0.9635196010692764,12.78443104658226,-32.48140256620826,-2.44317041,,0.2645464135700014,0.4090909090909091,False,1
0.6036309052174815,-0.7461994828343146,-0.2807419848973873,0.7969957360472152,0.5739109662221621,0.1882126445606183,0.02067672577757509,-0.3373611339021516,0.9411482021145093,20.38520704582515,22.24415221680982,-3.57590450,,0.2536105248674067,0.1538461538461539,False,1
0.09272131464377019,-0.9929486968597725,-0.07386232608854855,0.9956183950310096,0.09336158734606799,-0.005255995062719641,0.01211483745692861,-0.07305134778156122,0.9972545970316156,22.97985400386659,2.155103829442965,-2.10766226,,0.0730846723465298,0.2307692307692308,False,1
0.7107260689169808,0.6864422595957498,0.1538358839897104,-0.7034284847155747,0.6911406995035566,0.1658701310679058,0.007538027100299989,-0.2261007689744001,0.974074750938869,1.609664828139444,-12.01181487468355,-1.86053272,,0.5178382213924029,0.3357664233576642,False,1
0.8848620443642103,0.4635705293102524,0.04606003472210773,-0.4656550836289073,0.8772690320121961,0.116466255039557,0.01358328142035869,-0.1245046578542195,0.9921260427175865,16.2210644770509,9.109611427938091,-2.34772462,,0.4304480709367997,0.25,False,1
0.9781919856986029,-0.1954610571568828,-0.07025250351509132,0.2064914179786882,0.9516465791079188,0.2274424823408026,0.02239940660318474,-0.2369889525005532,0.9712540877527959,-0.3857402402757089,12.81070458966221,-2.32663219,,0.540551339165616,0.264367816091954,False,1
0.6535316864663572,-0.7399429116469274,-0.1593135973101683,0.7565994506589608,0.6445607770474665,0.1099939814468266,0.02129802918106623,-0.19242113240347,0.9810812921249537,23.52203447406595,8.846150642327416,-2.51696933,,0.3716590313263652,0.21875,False,1
-0.6617139396252645,0.7416266634971517,0.1101115529619636,-0.7494510897924024,-0.6500815380093015,-0.1253676910070627,-0.02139453468980372,-0.1654807720840837,0.9859809267708293,14.58436659046356,-8.594606282754427,-1.73856959,,0.4276397542974667,0.4367816091954023,False,1
0.7442339729306674,0.6678975887943132,-0.005348309880396489,-0.6678636728157874,0.7442515294673551,0.006911976454623358,0.008596980216396469,-0.001572185817549043,0.999961809352194,26.84501149115238,3.159483777383315,-2.27461352,,0.6211370875518647,0.7142857142857143,False,1
0.9997734614788352,-0.0006395574083207293,-0.02127478998603652,0.004604971983265885,0.982373639740978,0.1868711485893345,0.02078027804582587,-0.1869267848875202,0.9821540394133466,1.284522214828371,-16.34237760688856,-1.96938053,,0.3319167471875936,0.2222222222222222,False,1
