axis_00,axis_01,axis_02,axis_10,axis_11,axis_12,axis_20,axis_21,axis_22,location_x,location_y,location_z,dbh,dbh_approximation,score,reconstructed,number_clusters
0.7503384405257137,-0.6286698511679237,-0.204368399959343,0.6610286600967461,0.7162534576536627,0.2236561980582569,0.00577366435995807,-0.302911212456183,0.9530012917977524,-6.007948236967422,-27.52456166429883,-2.35496290,,0.2908757782482898,0.1111111111111111,False,1
0.3067638125938281,-0.9511948162584307,-0.03353184763759066,0.9517851488713662,0.3065363121728151,0.01185410086860813,-0.0009968303824568361,-0.03555152377300224,0.9993673476187861,-0.6546822628369853,-5.820678005109983,-2.43826069,0.145055906471684,0.1105808365439103,0.632183908045977,True,5
0.05816703368998223,0.9979400149497984,0.02706146251969913,-0.9982729876167252,0.05792036982365158,0.009811878223329056,0.00822425598376474,-0.02758545488999643,0.9995856162890832,-20.59051372089871,5.004559959202425,-0.79782151,,0.1061826045321007,0.4411764705882353,False,5
-0.2541947955744541,0.9632689073166509,0.0865910971165418,-0.9671452286172442,-0.2535317679246006,-0.01875498376229931,0.003887501223036035,-0.0885135856804557,0.9960673835058694,7.977020603419078,-9.010320394894848,-3.49489151,,0.0865563796835577,0.2962962962962963,False,5
-0.9168575892593296,0.3895146592932526,0.08746708645675122,-0.3987319259353121,-0.8827304944327807,-0.2485955056680952,-0.01962172921757918,-0.2628025958664046,0.9646500833713704,-33.58726234035944,14.91842962810495,-0.62785674,,0.4569772954288429,0.2142857142857143,False,4
-0.9814945444961326,0.1907468631726368,0.01685506790636048,-0.1906939638250691,-0.9656021684038789,-0.1767717865905349,-0.01744337367059106,-0.1767147038690493,0.9841075358676317,-8.541532658902753,-26.71960128618849,-2.08438987,0.6495480750752209,0.5593062687490697,0.6,True,4
-0.5484507251507154,0.8361234386081778,0.009969829070266804,-0.8361778422359302,-0.5484498098761205,-0.003069560312177131,0.002901419534852501,-0.01002005273854413,0.9999455886736032,-0.5331046119635516,4.905803293551173,-2.23906382,0.520772935318572,0.3519415035390049,0.9040650406504065,True,5
-0.476347575971421,0.878349784542352,0.03993297961028912,-0.8792568168780728,-0.4758217720009391,-0.02238506786511711,-0.0006609384168464184,-0.04577441735610404,0.9989515833493227,-11.31115077143491,-31.61905259236599,-1.80470761,,0.1672428649543851,0.2727272727272727,False,1
0.840471360183523,-0.5289629825258173,-0.1174991737360399,0.5410490625217753,0.8074215540702185,0.2352367870192544,-0.02956018700157529,-0.2612826001482419,0.9648096175952057,12.052367353942,2.046944616338465,-3.62609558,,0.2537904997309722,0.2571428571428571,False,3
-0.6038338652521728,0.7812067507387415,0.1584319278896724,-0.7971091864294811,-0.5914696015937345,-0.1215757183827389,-0.001268102657875909,-0.1996990810964499,0.9798564532240843,-19.75661814461361,2.938347064488482,-0.81038290,,0.09202303279292394,0.4047619047619048,False,3
-0.4183635296903047,0.906068336376318,0.06334135174844448,-0.9082773145316453,-0.417185097165912,-0.03144701273333082,-0.002068074527498933,-0.07068779611021374,0.9974963451305616,8.828235795118957,-8.445598329577706,-3.57293736,0.4457076709369829,0.3655591560216332,0.5818181818181818,True,5
-0.5766449855629792,0.8087628306557397,0.1156859731116405,-0.8169485703245752,-0.5723093157407353,-0.07111315322079367,0.008694485016619617,-0.1355165335525044,0.9907369353487377,-23.86165241478099,17.44401013213604,-0.73732123,,0.5963932432903418,0.2452830188679245,False,4
-0.9622783914698233,0.2702360881154876,0.03150799883028553,-0.2719767668839635,-0.9584653218952268,-0.08586538883407285,0.006995397458108898,-0.09119585190302726,0.9958084057739649,9.426316954038725,-16.14306053946285,-3.79247641,0.4915574900886017,0.3572185398071281,0.7864077669902912,True,6
0.9978745842142582,0.06472251916182069,-0.00757031654355049,-0.06425246293880547,0.9966183541515773,0.05121989041865483,0.01085979675312752,-0.05062461537186555,0.9986587070330544,-16.71077808139907,-32.85480630514292,-1.25082481,,0.4782201935280397,0.9666666666666667,True,3
0.5868854079600894,0.8079754367148331,0.05235658114310981,-0.809630435241268,0.5862677841176911,0.02808279966043632,-0.008004764490932851,-0.05887086691401734,0.9982335121474522,-16.4461669235645,22.21779484478253,-0.96817301,,0.1594213607521458,0.4545454545454545,False,2
0.5282387946428125,0.8447800370192058,0.0855012566465439,-0.848017857897128,0.5198140826865266,0.1032425887331935,0.04277252063971735,-0.1270433331371405,0.9909745218639736,18.29394137998574,-9.339274846569595,-4.61805422,,0.3600968227057358,0.6385542168674698,False,5
0.07167772099958802,-0.9941335977677944,-0.0809981117160592,0.9974148283573528,0.07102519554727761,0.01091245940859334,-0.005095535808766563,-0.08157089791545136,0.9966545159322209,4.517534743830538,-20.98203000809866,-3.33800280,,0.6206747505747199,0.9615384615384616,True,5
-0.9854797968407869,0.1658326013076372,0.03645707561206141,-0.1697649832597404,-0.9662192224274518,-0.193907876762421,0.003069279632311759,-0.1972814298286396,0.9803420918063787,-9.054041101233224,11.69367778205179,-1.40869796,0.2147144301273059,0.4977177149114523,0.391304347826087,True,5
0.4256262322733474,0.9048624852076612,0.008135924324299054,-0.9048265753116729,0.4254611367551008,0.01648301309858029,0.01145334058452206,-0.01437720330501138,0.9998310442342657,-3.558610473967491,-3.765558440248412,-2.09555637,0.6080478901039746,0.4641496543027136,0.8382264829239066,True,5
-0.1032395472567582,0.9866981603098559,0.1255720363909354,-0.9944338187216389,-0.1050619723963018,0.007960033850313093,0.02104699657715994,-0.1240512893820357,0.9920525699466417,13.53421120071587,-29.21860777314896,-4.59729651,,0.2588027164328662,0.3125,False,4
-0.000595983274371199,0.976304971357308,0.2163983542149599,-0.9995898585688403,0.005614176055238348,-0.02808194568663853,-0.02863144163787773,-0.2163263366542025,0.9759012022840787,0.9467058857185293,3.696943390172748,-2.39901043,,0.6744499574645048,0.4413702239789196,False,2
0.8653721223411243,-0.5005746782513192,-0.02358137757652547,0.5010402563625505,0.8651486006766322,0.02183025999420261,0.009473720439617733,-0.03070651788876609,0.9994835458276333,-38.42359416170055,5.246266151101963,-0.61656356,0.4030893904686991,0.4811582701356534,0.631578947368421,True,2
0.363087662275593,-0.9306397863476648,-0.04557343052721286,0.9317548943717326,0.3626316477516789,0.01819628707247295,-0.0004078205076671266,-0.04907011428228052,0.9987952530758033,9.049419915410567,0.9548572758881733,-3.34076806,0.1435277479599425,0.1071107157570972,0.5555555555555556,True,5
0.9000003847755749,0.4200300718254864,0.1165077086123203,-0.4332775736359152,0.8912742562947462,0.1337936629680948,-0.04764295947976697,-0.1708945254492453,0.9841367839805024,-2.218321026159742,-20.16913405423497,-2.56511675,,0.4097960854091679,0.175,False,2
-0.7420841598115914,0.6601627553436556,0.1161733025001779,-0.6703059023285205,-0.730582255312542,-0.1301520861376718,-0.001047406450684095,-0.1744554518480659,0.9846645105111764,-18.11318646808954,17.78078139930602,-0.90146350,,0.2156634419836302,0.4523809523809524,False,5
0.6255186063734542,0.779888116593724,0.02238299972089501,-0.7801440620218615,0.6248380596736179,0.03086489389805609,0.01008541385574093,-0.03676852973946977,0.9992729154981416,-20.48312187666622,11.18274562802691,-0.82606925,,0.09732052723044615,0.3846153846153846,True,5
-0.9878360854160833,0.1533940392833771,0.02549778543635494,-0.1554540653946869,-0.9702534416553917,-0.185586347849543,-0.00372852545827721,-0.1872926257710029,0.9822970886802577,18.16553348039449,-2.00168609552685,-4.41921034,,0.1170166849334505,0.3461538461538461,False,3
0.6432530182414113,0.7580106314383181,0.1079140266591681,-0.7655203041755746,0.6340902531534052,0.1091247668991094,0.01429050097963799,-0.1528052141856801,0.9881529983253696,-30.58571383294034,14.48782383910691,-0.61798124,,0.1148949720331599,0.375,False,2
-0.2215403699732112,-0.9721466266708871,-0.07649052702489931,0.9751484087460105,-0.2210448475127043,-0.01499187473959697,-0.002333536426813572,-0.07791092118887669,0.9969575933645546,-21.631234633481,6.081170824140941,-0.75398270,,0.1263109778057483,0.3870967741935484,False,5
0.4001161154744623,0.9160479027485392,0.02762849991641194,-0.9163841659937114,0.3995001820310213,0.02529159688893466,0.01213072354141946,-0.03543789535490495,0.9992982543361005,-11.23930229495321,16.17091673723058,-1.24876594,,0.1094161592912714,0.4464285714285715,False,5
-0.1519206783941025,0.9736094325337626,0.1703078986939884,-0.9883253304270566,-0.1476266107496766,-0.03767525759452749,-0.01153900829907846,-0.1740432609435068,0.9846703989699425,15.13970290514206,3.039218547398775,-3.94037258,0.2098538449409106,0.253820015410272,0.4166666666666667,True,5
0.7868246791930978,0.5919458309851242,0.1746626960515872,-0.617051556763435,0.7602016332698494,0.2033245018921085,-0.01242177557757121,-0.2677566244804853,0.9634065027486146,-4.758286729269997,-9.136562870965008,-2.05304565,,0.731173505930007,0.3624454148471616,False,2
-0.5660159061592113,-0.8128752513219365,-0.1373310589890911,0.8242917608471888,-0.5606652350626262,-0.07872475590060887,-0.01300334473155265,-0.157760324481373,0.9873918133372,-17.53475234654198,-14.86267636825659,-1.13477452,,0.1302816389983261,0.4545454545454545,False,1
0.986268779136144,-0.1619153475660295,-0.03251638854287699,0.1642907430009088,0.9819793353461272,0.09340844028987172,0.01680616153405552,-0.09746796999911872,0.9950967529636209,-16.00968608185755,24.32521492175329,-0.98530607,,0.5227543524782342,0.979381443298969,True,5
-0.6161751310167239,-0.7821301809521517,-0.09273935497014371,0.7874945321086171,-0.6138085865574987,-0.05560018855468517,-0.01343762685722841,-0.1072911884175059,0.9941368271381992,-39.22716630674503,4.674420862878321,-0.62406989,,0.1204400107261539,0.375,False,1
-0.8596165404411045,0.5082576555571484,0.05228344831414116,-0.510326456361286,-0.8490656992338051,-0.1365809149271633,-0.02502621301352956,-0.1440888404844731,0.989248247261546,13.46758356564135,-26.90723229477658,-4.52356032,0.5747222128021106,0.4313604290277294,0.3333333333333333,True,5
0.7997599999807933,-0.5982873610826898,-0.04935763364902089,0.6002339736802491,0.7983289888237557,0.04888765123889816,0.01015476591250498,-0.06872451653048808,0.9975839922316874,3.674114077349969,-8.889052297983994,-2.98072268,0.1462797443372883,0.1343202905012219,0.5277777777777778,True,5
-0.4325459966749984,0.9014292753661853,0.01814448327250469,-0.9016117010240847,-0.4324705707972745,-0.008096046611504513,0.000548941607342318,-0.01986119097822644,0.999802596393927,7.858229228655091,2.921984208963693,-3.14341560,0.8310843482121246,0.8048808730854404,1.0,True,5
-0.9917240619843652,0.1280010933151721,-0.00995514898687837,-0.1274858112856153,-0.9909674559539455,-0.0416037157116167,-0.01519054976222993,-0.03999026569410592,0.9990845939396902,-0.6954088994802703,30.63857339452295,-1.90376661,0.3600330339897228,0.2818354174392844,0.6071428571428571,True,5
0.7859195316220774,0.6131882893387863,0.07956514081372314,-0.6181560568786018,0.776126710602877,0.1245408303852872,0.01461434771837656,-0.1470627447946312,0.989019195938196,10.70188962851515,1.69867955840175,-3.50337157,,0.3889343185404456,0.3620689655172414,False,1
-0.01481742921183011,-0.9519910805949452,-0.3057669476238747,0.9998675299832785,-0.01616721919040382,0.001882420990974153,-0.006735449256748015,-0.3056985500314295,0.952104526946486,-21.11370349514542,-3.622036829310446,-0.74152086,,0.5269366212029175,0.5789473684210527,False,1
-0.7650445793838556,-0.6364616633421614,-0.09809863735602647,0.6439680937981854,-0.7552896266801045,-0.1218305134166317,0.003447568028518734,-0.156378166395306,0.9876912388745438,-14.45997189103625,-24.04508916343286,-1.46495057,,0.2107620012855634,0.2666666666666667,False,3
0.7058806720515971,0.7071921501849527,0.04014647606915614,-0.7082069164563808,0.703562929013449,0.05866999575050061,0.01324538815335474,-0.06984602805315458,0.9974698451872455,10.40935494120185,16.333496558511,-3.14542164,0.518393901731396,0.5203690712406907,0.6601941747572816,True,5
0.9858295479159633,0.1573066517732882,0.0582642237027487,-0.1670515697897092,0.9522702173289945,0.2554901293963865,-0.01529298815145191,-0.2616028487919537,0.9650544409603703,-22.85333882457761,6.965628012896104,-0.71121646,,0.2340609356590503,0.1666666666666667,False,3
0.238560921799568,0.9653362625681992,0.1058989459862612,-0.9708845234850331,0.2346395674953257,0.04824433047360234,0.02172391878506519,-0.114324859660824,0.9932058687986858,10.12362706512872,2.253718996538566,-3.39659941,,0.09145758615164323,0.36,False,6
-0.2777402459090054,0.959401549337948,0.04908179836099936,-0.9606476771177664,-0.2775903960542334,-0.009980604525412924,0.004049228401073341,-0.04992233113946532,0.9987448946567671,-20.39481956471278,6.657752758698848,-0.81289808,,0.08559345980388486,0.4468085106382979,True,4
0.929278971971585,0.3689537883127351,0.01771141838239541,-0.3690959270980776,0.9256239208491276,0.08359757024877701,0.01444952771011415,-0.084222676528178,0.9963421861526216,-9.36657180114949,-22.1435576117297,-1.88941937,,0.193512714208499,0.7142857142857143,True,5
0.9431684228089943,0.3322719726043897,-0.005353731183318246,-0.3319766314792442,0.9428124418067723,0.02993686232802149,0.0149947446690391,-0.02645818958168662,0.9995374539437585,-7.326921616023384,-5.685607503562494,-1.74616995,,0.2368362045826337,0.8681159420289855,True,5
-0.8927145209936167,0.4484140469123027,0.04456036959977876,-0.4505266416744454,-0.8861085233057238,-0.1087999543496923,-0.009302104529802128,-0.1172029327989733,0.9930644205662773,6.958555306317663,-11.57555267685814,-3.40519612,,0.266106888558461,0.25,False,3
-0.9898480929533054,0.1421290948802589,0.0002706754898344213,-0.141648269510578,-0.9863392806769821,-0.08408680715944677,-0.01168420392500292,-0.0832715064240448,0.9964583963199402,10.68728209832116,0.3892873398997381,-3.52744815,0.5979447731298084,0.5223264260568513,0.9605911330049262,True,5
0.06109421398509551,0.9925227432119583,0.1056697744132697,-0.9981049672645487,0.05997002029566231,0.01378662350145473,0.007346518861092465,-0.1063118096579387,0.9943057013755261,-12.51488906936024,-22.78007371360354,-1.63044911,,0.2254460560098068,0.125,False,1
0.7657565116431682,-0.6416258609455834,-0.04396839139569136,0.6431266227466013,0.7642004921886952,0.04884418955316828,0.002260971171091696,-0.06567999927218357,0.9978381761112213,10.26576287650971,-15.10384758588407,-3.85256447,,0.1997250047600062,0.6046511627906976,True,5
-0.5898627880845061,-0.8068365643713973,-0.03281233954677991,0.8074501538126964,-0.5898037185272461,-0.01248289707103542,-0.009281182092073426,-0.03385752508369475,0.9993835738364829,-11.8726497192313,17.85470959474281,-1.20554898,,0.2733905172667599,0.8243243243243243,True,5
0.7832339684950606,-0.6205738643382549,-0.03785009241422182,0.621675908885902,0.7824978516250795,0.03487372238554402,0.00797589533328275,-0.05084477458325139,0.9986747188104906,7.180929456846059,-7.292035074367732,-3.34788102,,0.09359584930722678,0.4375,False,5
0.9785418789930797,0.2031582015037295,0.03438802434660007,-0.2058047213262265,0.971786640690314,0.115217800949627,-0.01001038143761826,-0.1198226612023102,0.9927448424070856,30.31686707583319,21.78194236679587,-4.94747354,0.5405419830163427,0.7498221680912878,0.1578947368421053,True,4
-0.9777871440421362,-0.1976125460264745,-0.06986832328643243,0.2090966818725935,-0.9427435551961109,-0.2598329593528675,-0.01452165885132894,-0.2686705618208515,0.9631226560698662,16.87329132510587,-6.890436703849502,-4.40130596,,0.7057123803602743,0.4571428571428571,False,1
-0.3505126985283334,-0.9273757461771571,-0.1308245908564083,0.9364952730840044,-0.3486693551830412,-0.03750045663132724,-0.01083751178552785,-0.1356609971900665,0.990696039247001,-17.71339809949015,-16.34061983963505,-1.13349132,,0.2738488186907722,0.4615384615384616,False,1
-0.4056881267773379,-0.8943472721390212,-0.1885738598252334,0.9139860665900913,-0.3984900841654147,-0.07638797615472105,-0.006827435174959018,-0.203343575357897,0.9790836412123325,-10.07797253151455,-22.77725431850905,-1.85598045,,0.1888897182669711,0.5555555555555556,True,4
0.08559141409319118,0.9947501087085454,0.05609216574411745,-0.9963171129912302,0.0851646358036561,0.009959677166022514,0.00513032107656684,-0.05673804748815616,0.9983759180653765,-18.8106132445636,7.87686430349811,-0.88203962,,0.1526174640852501,0.7325581395348837,True,5
0.9918337741968255,-0.1264840249969045,-0.01635713248287209,0.1268684076407745,0.9916019278174738,0.02510027671884752,0.0130449800756459,-0.02697050554311044,0.9995511094114069,-9.36215500586701,1.152671717719556,-1.48021641,,0.3535717171641893,0.9666666666666667,True,5
-0.8695068793156092,0.4930751003719667,0.02889173265839676,-0.4938241474681817,-0.8666908019503079,-0.07060286957379278,-0.009772318054206973,-0.07565711604274697,0.9970860056143303,-31.34674000789428,22.32020485092272,-0.67705395,,0.1933382667759235,0.5,False,2
-0.8095225746891244,-0.5839910323550859,-0.06023018510292774,0.5870260882374838,-0.803666383070245,-0.09757415872754796,0.008577458673158426,-0.1143451741510411,0.9934040509032963,25.3504626283729,-3.851039357991624,-5.16294921,,0.2525888787309232,0.1428571428571428,False,4
0.6810477853715272,-0.7196968758195521,-0.1349456222932557,0.7317998172861333,0.6753627898881496,0.09140092698915214,0.02535629035406187,-0.1610015806446349,0.9866283746018099,-21.2952789077211,-29.46292177000083,-0.91333959,,0.3128877318135602,0.2727272727272727,False,2
-0.7660333350954012,0.6153907724606649,0.1857070991989345,-0.642771863672724,-0.7305918794040136,-0.2303906183411212,-0.006104161966215695,-0.2958541919918953,0.9552136076750125,-27.09535397735735,-1.488998048315636,-0.54493857,,0.6512473436683592,0.6097560975609756,False,1
0.9964900741608688,0.08282167317827585,-0.01216973914334999,-0.08240180456776766,0.9960951479198908,0.0316922529086524,0.0147470235248254,-0.030578206984737,0.9994235831491854,-5.88653270244879,10.8871464625081,-1.65104644,0.4489936083178075,0.396109148243018,0.9656862745098039,True,5
0.8398081710411085,-0.5406432320816944,-0.04926592592094732,0.5427544150259925,0.8381215105085711,0.05449750996719243,0.01182712232040049,-0.0725067529757801,0.9972977940166758,-9.157225749001157,-24.38086513832349,-1.94995138,,0.179106360888673,0.4615384615384616,True,3
0.8616515162084263,-0.5062680265667889,-0.03534614394653891,0.5074329358042048,0.8605805264816815,0.04373754796096774,0.008275281073540358,-0.05562232210795688,0.9984175864869733,-18.72306208202056,0.6656354567556946,-0.86673821,,0.1381383443165788,0.4090909090909091,True,1
0.06026468200550417,0.9975981058102426,0.03414948589060237,-0.9981730511788149,0.0600805140561139,0.006394664270193385,0.004327586296177959,-0.03447246893638559,0.9993962782011346,16.75227063993103,-12.99393157981996,-4.52818835,0.4271273546781061,0.349360796041147,0.875,True,5
0.8580861119915609,0.5008231000094704,0.1134215451495435,-0.5132896083820453,0.830131578713878,0.2177506370806082,0.01489974275658945,-0.2450668980480803,0.9693916716925511,16.77133281664396,7.557768174116802,-4.00444055,,0.5753191183749778,0.4146341463414634,False,1
0.7500827938007899,-0.6339278871995166,-0.1884442524322745,0.6576820195051416,0.7449509211952854,0.1118145170804508,0.06949937887233532,-0.2078065418629856,0.9756978412886373,-17.31784975288949,3.540220969883762,-0.93608526,,0.5436400111495494,0.8061674008810573,False,4
0.4600048138866846,-0.8873138037052235,-0.03270756724741684,0.8879157663055272,0.4597370179855099,0.01573105971824294,0.001078492996979798,-0.03627792783441039,0.9993411573656397,-6.205774668205152,-7.801961502406698,-1.87979564,0.7576575162836393,0.6205230241443116,0.9967663702506063,True,5
0.7137548497951093,0.6936483353944781,0.09698454102809566,-0.7002599920923688,0.7040171390063349,0.1183038945264708,0.01378252040652798,-0.1523543724013339,0.9882298251628714,17.9518409139059,-7.272681056688782,-4.52062501,,0.4164566155409516,0.3170731707317073,False,2
0.9829626765989633,0.1836628539503902,-0.007234120001814076,-0.1833569032424986,0.9825524949688458,0.0311583161261682,0.01283052792070699,-0.02930103597647767,0.9994882824945883,-20.67722795354254,3.625958571576973,-0.78330712,,0.1950271102686,0.5517241379310345,True,4
-0.7491382254075106,0.6624136835429422,-0.0001763189061576651,-0.6589605426719501,-0.7452600827834434,-0.1017762851115326,-0.0675494073606464,-0.0761283184149374,0.9948072962642258,11.03608613962462,-22.9294396345519,-4.13136394,0.3317995771933947,0.2462244096704611,0.4857142857142857,True,7
-0.7437940766217294,-0.6389342664006616,-0.1962991971493481,0.6677903026622214,-0.7229687227571485,-0.1771223802493556,-0.02874862175355686,-0.2628292775433264,0.964413960710506,13.14758406128618,0.6554952226819069,-3.80242780,0.571701282849581,0.2789169143358197,0.4722222222222222,True,5
-0.1902827970081468,0.9651490966532338,0.1796654624356122,-0.9816877046986029,-0.1887462686836726,-0.02577006987919132,0.009039225981456117,-0.1812789764077372,0.983390169315424,-19.50085151163748,8.431315313783728,-0.86002945,,0.105543089813516,0.25,False,4
0.06591453322389164,-0.9709037731913474,-0.2302197591708478,0.9977574868541693,0.06682107753608402,0.003865361997359618,0.01163063782990691,-0.2299582718662743,0.9731309888519366,-17.97754846654507,29.32639842012611,-0.90748489,,0.5200367838825845,0.2307692307692308,False,2
0.2114389236677207,0.9755145832888058,0.06053824699397689,-0.977371185060513,0.2106321235884808,0.01948525406597422,0.006256849977780034,-0.06328827935309085,0.9979756738141872,19.51471670005242,1.49216218041181,-4.43861855,0.2661769996288165,0.1974817868302134,0.24,True,5
0.6457046322065374,0.7518192785781631,0.1335413804976919,-0.7631953223587834,0.6410298339553138,0.08132436233315701,-0.02446278554645556,-0.1544296744069354,0.9877008898375434,17.36315654772272,3.671301002745793,-4.15955488,,0.3874070313909173,0.1666666666666667,False,5
-0.9934603674459372,0.114057591167892,0.005231081261183632,-0.1134181022972026,-0.980541436576918,-0.160233658221283,-0.01314657314604729,-0.1597790882833285,0.9870652514205246,-21.4548022380819,8.862846873642354,-0.78153418,,0.1235064648799434,0.3,False,3
0.8566190294245565,-0.4891492917898813,-0.1641243698211461,0.5158850434260814,0.8170481582839686,0.2574780165646086,0.008152324637842724,-0.3052298763001951,0.9522438039791946,11.19463827312561,-17.47504893077001,-4.01949651,,0.2402063323377241,0.3636363636363636,False,1
0.9727798674403465,0.2262298444546632,0.05019349540290068,-0.2312708186689938,0.9341533223004228,0.2717928970139876,0.01459924432686606,-0.2760029491021818,0.9610459063707536,-16.45394574613115,0.003468378710635989,-0.99616226,,0.5702339989156634,0.1354166666666667,True,1
-0.5620492538963145,0.8130254646977809,0.151954697023662,-0.8267604766167461,-0.5469605477233037,-0.1315343055581846,-0.02382751558695208,-0.1995588960361836,0.9795960884536914,28.42413281922441,-9.695444685966663,-5.64287985,,0.5061377989382736,0.53125,False,4
-0.7522960217430666,-0.6260570743738281,-0.205190729069418,0.6586672626151573,-0.7215275089359618,-0.2134373233708702,-0.01442680937046331,-0.2957204650935559,0.955165573969372,-16.58841182062164,-16.22536356571209,-1.22243459,,0.4853284423127639,0.1395348837209302,False,1
-0.8082143785457572,-0.5712603665151764,-0.143007384287819,0.5883438466520889,-0.7937368217574169,-0.1543806201991041,-0.02531869701467448,-0.2089101515852762,0.9776070336009752,9.930811257332664,-24.25174843021421,-4.04870109,,0.5352327632076468,0.3928571428571428,False,4
0.6236558213838579,0.7599079516023538,0.1832848099148978,-0.7815824823046278,0.6021308118051545,0.1629948122775743,0.01349962253405084,-0.244904860234296,0.9694531291532655,17.32538676351098,9.14138348277578,-4.04873380,,0.5167015521588094,0.2888888888888889,False,1
-0.1385466274259249,-0.9448005132914348,-0.2969121454456566,0.9903208144832046,-0.1346929331608379,-0.03350370364379416,-0.008337651361331995,-0.2986801028538239,0.9543168654744635,-31.99981585975499,6.477826482708338,-0.54839884,,0.472543714246446,0.2727272727272727,False,1
0.9172407817404244,0.3982349578455207,0.00884684474784461,-0.3980528561466378,0.9155359841822861,0.05786004995571225,0.01494228984192701,-0.05659310927268291,0.998285504230694,-15.09257611062648,-36.4142704054772,-1.24127814,,0.2327623661077316,0.3,False,1
-0.4695862189369045,-0.8769157032228984,-0.1025067433178479,0.8828038576130404,-0.4679564103791359,-0.04091634109506956,-0.01208850561798469,-0.1097070983399123,0.9938904469838516,-10.45406527494202,-5.212312344821783,-1.45011449,,0.2583752235245536,0.2804878048780488,False,1
0.2590791628636758,-0.9437488340152083,-0.2054656313469271,0.9658482339558166,0.2522890800033462,0.05905428922182016,-0.003895681491866759,-0.2137483529901451,0.9768809882783642,38.14896962304411,4.486671309089445,-6.02467377,,0.301842754890262,0.1111111111111111,False,3
0.9251391351596318,-0.3777985198455562,-0.03722712718696971,0.3795854001876837,0.9191037095065263,0.1056564959465262,-0.005701277088850484,-0.1118778332550702,0.9937056132807675,21.50678554984984,8.991711936971,-4.48238265,,0.1585608886901712,0.6,False,4
0.5022480378151841,-0.8400228862287799,-0.2052034578721026,0.864575284275669,0.4922127365271901,0.1011741064702888,0.01601519061527977,-0.2282283343765305,0.9734759067677387,-0.306541755114722,-21.76560418349703,-2.79824658,,0.3873891426995976,0.3095238095238095,False,2
0.9654461295552715,0.2606020290008897,-0.0005944807516287157,-0.2591992895653014,0.9604808617055486,0.1014506904176043,0.02700924315096055,-0.09779108741590375,0.9948403912218412,-12.18167171540497,22.65155701188183,-1.17692199,,0.1366694751402587,0.375,False,4
0.4425778602400996,0.8737138789126411,0.2018635564452447,-0.8966762442140984,0.4287257328803917,0.1102994062915576,0.009826020933928264,-0.2298223308592935,0.9731829969491905,16.35164542047568,-15.83339648347084,-4.53310032,,0.3837561882163227,0.2962962962962963,False,3
0.07193290571087795,0.9811924779719398,0.1791283848173618,-0.9973826513312672,0.0694443634887099,0.02013273958163058,0.00731463597206149,-0.1801077498358548,0.9836196899969335,30.43671768756261,-2.227955738529772,-5.59122685,,0.4795508532711865,0.2222222222222222,False,2
-0.7738074987319502,0.6298387115172491,0.06726925286113367,-0.6331564364254353,-0.7660421292281331,-0.1108710208335458,-0.01829977921307404,-0.1283847877356208,0.9915555780483679,2.643762464008887,-16.84436685174302,-3.03304160,0.4441905214129904,0.2346871568716042,0.1111111111111111,True,3
0.8207049359078382,-0.5658074824270618,-0.07940592550975194,0.5713201701164118,0.8141676411866297,0.1035582698906879,0.006055691097163688,-0.1303569901238463,0.9914486288916768,9.279970781573894,-14.75095302587545,-3.73448684,,0.09602439946762233,0.1363636363636364,False,3
0.2548539933327897,-0.9397997806748949,-0.2276528372890407,0.9667486570613395,0.2424870063929301,0.08122244640917826,-0.02112998231014783,-0.2407829395410213,0.9703489577845478,14.26350410156633,-15.57996995508745,-4.31013102,,0.3193082017681708,0.4285714285714285,False,4
-0.1532902962629039,-0.9706195260880824,-0.1854718864091711,0.9875878768324969,-0.1569787383061792,0.005278376007797435,-0.03423843753898175,-0.1823606626889292,0.9826353942834254,13.82394929650974,-14.26765739109146,-4.21604338,,0.4696462064900854,0.2727272727272727,False,2
0.3668147669356099,0.9111874493381811,0.1875749421606047,-0.9302287768946694,0.3568683139135658,0.08555366246711053,0.01101587014365652,-0.2058699557805086,0.9785173539145383,9.317941112817607,-12.16324288656398,-3.68748076,,0.09047474817403334,0.3846153846153846,False,1
-0.2360244771064682,0.9588222559359698,0.1579630581132039,-0.9717419172793434,-0.2334153874596903,-0.03514118807479058,0.003176855187670165,-0.1617935054904856,0.986819522087102,9.161121713207507,18.32066765093327,-2.99453103,,0.7598019023974356,0.2,False,1
-0.9710474875258392,0.2332463408279162,0.05160350240189821,-0.2386093606381181,-0.9366176501935526,-0.2565403484089325,-0.01150434637967901,-0.2614259394863018,0.9651549762489343,0.3024435683894353,-10.89302368560874,-2.63060211,,0.6724411743015504,0.3197278911564626,False,1
-0.05135787235010875,0.9870851456889579,0.1517408452193408,-0.9986273743487084,-0.05232333991992168,0.002373878899532822,0.01028280842354111,-0.1514106444733471,0.9884174627105146,-5.299298387719972,-21.07986700259738,-2.27696212,,0.5073911384746479,0.2,False,2
-0.5941422865627846,-0.7878299485339085,-0.1622310559387641,0.8036185049044493,-0.5900538903517122,-0.07767692743632558,-0.03452885594810147,-0.1765230259027696,0.983690692968601,31.08740594636851,-0.2140781172181505,-5.56433225,,0.3165662949691035,0.7368421052631579,False,3
-0.939234164858686,-0.3383735396017236,-0.05781462842229544,0.342954557517214,-0.9322470934030854,-0.1153149093555179,-0.01487800525538585,-0.1281354928928754,0.9916450677640268,-15.35524438098187,21.71311005390066,-1.02461639,,0.4625365064281442,0.3260869565217391,False,1
-0.9973407136548078,0.0725217360999166,0.007217941505212146,-0.07172045330283607,-0.9590499572103104,-0.2740061242982303,-0.01294903334439702,-0.2737951375900521,0.9617008605421385,15.92077369263453,-13.77566777398948,-4.43567820,,0.2700732987828501,0.1111111111111111,False,1
0.5131915652393116,-0.8175707503083156,-0.2611752009811129,0.8581014449214409,0.4948586204450017,0.1370286685150454,0.01721416832036443,-0.2944367742174355,0.9555159121634084,21.6561504820269,-13.53179462228621,-5.05888150,,0.2941839333371556,0.1538461538461539,False,3
0.8345724974801207,-0.5312653123980556,-0.1457597828359789,0.5508453253959128,0.8084161923479308,0.2074432149749551,0.007627184229196814,-0.2534174970128761,0.9673269345306499,23.92336829714773,-12.70739131227691,-5.30473871,,0.3632183704058354,0.2666666666666667,False,1
0.9448051399128881,0.3170356241730704,0.08265386016018486,-0.3272960546520811,0.9018711889259103,0.2819674647801518,0.01485059606109185,-0.2934565923446871,0.9558570438125535,15.93600276666405,-2.919018255586025,-4.18697914,,0.6151922182241675,0.1111111111111111,False,1
0.9923341574737279,-0.1186064112655141,-0.03471943429295998,0.1223570363191843,0.9823999013062885,0.1411353590585328,0.01736881038221175,-0.1443016047038664,0.9893813073359515,2.849325141597774,-15.20813710020411,-3.03377344,,0.1398216405376367,0.16,True,3
0.298708399195427,0.925183755790222,0.2341117474028224,-0.9542691836092588,0.286477851538138,0.08544451879324763,0.01198405039302523,-0.2489286214961831,0.9684476877643861,18.07200911509989,4.412462560751806,-4.24518688,,0.5249858525094928,0.2432432432432433,False,2
-0.9358963617203524,-0.3508730113825866,-0.03140270692030551,0.3518705563354227,-0.9353717899574594,-0.03559109630200528,-0.01688525104366345,-0.04435926549317157,0.9988729367953157,-20.06409151285621,1.929691304000357,-0.80340991,,0.08331193308635966,0.3333333333333333,False,2
-0.9700589138669994,0.2354475307735482,0.05958325167206448,-0.2425989657218231,-0.9277840119241589,-0.2834829254974868,-0.01146496654505019,-0.2894499740379174,0.9571244783577368,-19.69755994804891,16.97433478408743,-0.85197967,,0.4678648548662172,0.3658536585365854,False,1
0.3840525466987486,0.9206789446867895,0.0696700953395722,-0.9215733455445028,0.3776093262288883,0.09007644268551761,0.05662340643336419,-0.09880019005743092,0.9934949986227899,-14.78477777074593,36.69239702497913,-0.98531792,,0.2756796284132383,0.3125,False,3
-0.4096497782024495,0.9066231846908034,0.1011012373800981,-0.9122319775907727,-0.4076630085459195,-0.04054245335589811,0.004458506421383257,-0.108835988737148,0.9940497217323164,26.7039626802233,-13.27822229382775,-5.58702033,0.4723190291635525,0.3023405831690829,0.625,True,3
0.2098143141070352,0.9447037538981778,0.2520174021104202,-0.9777410001232409,0.2025401306018934,0.05477254945474166,0.0007001955430736513,-0.2578998116836436,0.9661714117379702,14.77433408777827,-18.22438560734707,-4.45459030,,0.2945640913261488,0.3076923076923077,False,3
-0.9979163845232657,-0.06147656959982344,-0.01958368939324194,0.06282213826862659,-0.9949919446334221,-0.0777457976868039,-0.01470606824989217,-0.07881409458236474,0.9967808535740393,24.40081327127214,25.00282546428014,-4.51041968,,0.5700293308912843,0.4705882352941176,False,3
0.3142382241732775,0.9205576799141386,0.2320083973038954,-0.9492868316635878,0.3020055592650572,0.08744800399726418,0.01043310589089133,-0.2477220218795599,0.9687749739631857,18.28792475244947,7.878868578409367,-4.17558024,,0.574953230976962,0.3783783783783784,False,1
-0.3569359984277207,-0.9102517295913013,-0.2098534769844208,0.9340224607050425,-0.3511631276756028,-0.06547137282496548,-0.01409737297880762,-0.2193769507882103,0.9755383219217805,-19.17724301202483,49.88998592245019,-0.93791802,,0.1849962570556371,0.2857142857142857,False,2
-0.986397808099113,0.163340728564203,-0.01841658408557409,-0.1602839999483122,-0.9806308424248961,-0.1125708232430065,-0.03644727065001029,-0.1080877295401941,0.9934730188510461,23.86767349346712,-15.49998646751555,-5.35462255,,0.2150867767379345,0.1176470588235294,False,2
-0.8343719649505008,-0.5471812425840007,-0.06645383261233692,0.5510023388489288,-0.8312292775645461,-0.07385330529185592,-0.01482722791521485,-0.09823734464932798,0.9950525500839634,18.88085986480368,-3.445234081946296,-4.51620370,,0.580215802967169,0.148936170212766,False,1
0.4419338274170316,0.8954648616040618,0.05326512758787194,-0.8970227062551159,0.4415846245072942,0.01879584692160038,-0.006690040902841511,-0.05608654946750437,0.9984034967494595,13.2637754891301,1.86739847960547,-3.75218445,0.7635346176006496,0.4732060159606236,0.2678571428571428,True,2
0.7132140478801354,-0.6999792961179109,-0.03680634337592503,0.7009283757266194,0.7125874617398177,0.03030711917103687,0.005013382857470551,-0.04741407362248421,0.9988627391262759,15.67950007818641,-11.63696298284225,-4.40016663,,0.2201101732737581,0.6274509803921569,False,1
0.9981046133778386,0.05491203438591328,0.02778217474346581,-0.0601839948876637,0.9652307114165133,0.2543768080972281,-0.01284786025911951,-0.2555667079609013,0.9667060516355477,-7.959469332726655,-9.952227649573103,-1.74087318,,0.4008718526977001,0.28125,False,2
0.5926843120984677,-0.8032303879915099,-0.05955039881793567,0.8054303006310014,0.5913074457068227,0.04046647349508056,0.002708693009754434,-0.07194753962910867,0.9974047395734078,26.84675728479786,29.59975753762393,-4.58316777,,0.1520961001951609,0.3571428571428572,False,1
-0.09486561686988362,0.9488849259633848,0.301028091737897,-0.9954763433906094,-0.09201212190151534,-0.02367739793228,0.005231107488790808,-0.3019125149818138,0.953321283100193,13.83178459660394,-0.5220998231566227,-3.91669509,,0.5587526231255588,0.3846153846153846,False,1
-0.6123551498574948,0.7555384611824014,0.2327720002859742,-0.7905768418552523,-0.5840632318284744,-0.1840065171352708,-0.003070434037711016,-0.2967014912335399,0.9549653383943385,25.76714221760798,-1.098238973767025,-5.12349520,,0.4377458030330366,0.2105263157894737,False,1
-0.6516891997519048,0.730988481490238,0.2023784248760651,-0.7584514137537816,-0.6254823042956728,-0.1830938010634566,-0.007255336078442053,-0.2728144551550936,0.9620393095694257,-17.7883762635274,31.11162378581474,-0.91070833,,0.4723025631537376,0.103448275862069,False,2
-0.9983010164252486,0.02898554405369445,-0.05054620500320862,-0.01773951261684971,-0.9775008242071517,-0.2101843199823792,-0.05550126391742517,-0.2089305552336706,0.9763542557869648,14.22331892595139,-11.8974351914207,-4.23751068,,0.4192292360824177,0.6956521739130435,False,2
0.9613887470238602,-0.2678458567578776,-0.0631686165238057,0.2749684536418416,0.9442411521960388,0.1811104524904968,0.01113672293394405,-0.1914869277970084,0.9814319792452031,12.11207207575828,-23.26184969883337,-4.24576295,,0.09995111508572985,0.4444444444444444,False,1
0.9620306926810256,-0.2709165527286586,-0.03318384843996183,0.2727130331310599,0.95906674175063,0.07627965933515997,0.01116010305166296,-0.08243304146669997,0.9965341167137359,13.06208489755929,-16.93204290980856,-4.21267412,,0.2677254775319845,0.1428571428571428,False,1
-0.2534839085575826,-0.9145597941843694,-0.3151607382968494,0.967290632880837,-0.242919467770881,-0.07306821278026253,-0.009733429167611989,-0.3233736461732095,0.9462212982792573,-31.1325641627615,15.72405133890624,-0.62592636,,0.2933999189739463,0.4705882352941176,False,1
-0.995766501407525,0.09151583147866241,-0.008598096497766272,-0.09102302902794521,-0.9947660887538589,-0.04642452855900485,-0.01280167415589348,-0.04544536559559278,0.9988847961024773,24.44693761142906,-11.32593409650212,-5.32569019,,0.170912618199895,0.3125,False,1
-0.2262931916503046,-0.9457197934797855,-0.233249788066937,0.9740137647278381,-0.2220128520571262,-0.04480490645191267,-0.009411563813877002,-0.2373275494796443,0.9713840933042732,0.6888540691670642,0.886008844993512,-2.43554656,,0.7253912908388015,0.2573885008060183,False,1
-0.3011058405928759,-0.8927895519635809,-0.3350553516443611,0.9535352683589725,-0.2856802000440527,-0.09569386238611215,-0.01028419935822989,-0.3483010755186651,0.9373263017946853,-1.628905224446328,5.44900863232499,-2.10799797,,0.1549444577371915,0.2763157894736842,False,1
0.4493685886452508,0.8907146593046189,0.06852202010179838,-0.8932673847080788,0.4469846667420898,0.04772931085037268,0.01188490453323685,-0.08265653874509027,0.9965072230781454,12.97093453169575,-18.54314664675235,-4.22798947,,0.07575571687076496,0.4166666666666667,False,1
0.2146074300213448,-0.974743991782618,-0.06178836025758885,0.9766941278711242,0.2139496539595323,0.01715010649123539,-0.00349736496492572,-0.064028868913049,0.9979419183419533,8.463636986726328,-24.56398075812723,-3.87007214,,0.1594968599331126,0.1538461538461539,False,1
-0.5802341879448719,0.8073608462480542,0.1072229037360099,-0.8144459009236192,-0.5747800109322944,-0.07940915250389191,-0.002482258783806893,-0.1334031595514072,0.9910587446831962,7.545736427976351,-27.40422905425351,-3.84556686,,0.09254984457222673,0.3333333333333333,False,1
