axis_00,axis_01,axis_02,axis_10,axis_11,axis_12,axis_20,axis_21,axis_22,location_x,location_y,location_z,dbh,dbh_approximation,score,reconstructed,number_clusters
0.8465899361243148,-0.5018217615291003,-0.1773707972267694,0.5320864330738487,0.806110572491123,0.2589783246852572,0.0130195158042669,-0.3136250381807304,0.949457649205249,9.862619867017486,-17.16778265172087,-3.91073676,,0.2402063323377241,0.3636363636363636,False,1
0.3095058881740219,-0.9066659140117795,-0.2866409348903154,0.950546032729588,0.3031953542373245,0.06734104863264281,0.02585236638396025,-0.2933078545455056,0.9556684349785032,-19.06171443633806,3.299575754082184,-0.83068521,,0.6334388357220346,0.3154761904761905,True,4
0.0953566806693433,0.9915673661421753,0.0877568336575194,-0.9953643331934213,0.0938683873440054,0.02094206446009973,0.01252787524443327,-0.08934698796996135,0.9959217680533722,17.84415560760939,1.948835839740582,-4.32896761,0.2319176794840721,0.2545304619361751,0.65,True,5
-0.9982582464813506,0.05698235723410149,-0.01528019293150517,-0.05409941644233136,-0.9874826930996529,-0.148159319549112,-0.02353139334119389,-0.1470746130122461,0.9888454539182145,-23.28315192126499,8.570592674240572,-0.67071549,,0.1457330393449004,0.25,False,2
-0.1359310372429437,0.9849880639478692,0.1064014426325401,-0.9906779014700613,-0.1361092054157941,-0.005619585390090333,0.00894699127823441,-0.1061734339715422,0.9943073736354152,-20.89912586863929,7.82189240226478,-0.76415754,,0.1326672933268833,0.5569620253164557,True,8
-0.1655107442333167,0.9432936205479409,0.2877556932136908,-0.9861808300377866,-0.1604695911793822,-0.04119321270190847,0.007318743697956007,-0.2905970676732303,0.9568175271442324,-6.471476256658519,-9.008386070807717,-1.92168593,,0.7124951319215682,0.2756183745583039,False,1
-0.5629631574770025,0.8259891097412247,0.02853898933779182,-0.8264751108335405,-0.5624818345144034,-0.02351758945976236,-0.003372609703220587,-0.03682630079454444,0.9993159906023615,8.696264762458895,2.14327856756222,-3.35633490,,0.0695863180550444,0.325,False,1
0.9768185451756477,0.2109253886269109,0.03655147375302849,-0.2126892540732173,0.9369159568844967,0.2774018221587354,0.02426542813778721,-0.2787453500379781,0.9600584455279247,-18.12848135005859,-0.2077257480301,-0.88484510,,0.5702339989156634,0.1354166666666667,False,1
-0.851128247683225,0.5206650119241855,0.06699739811120135,-0.5243447718843244,-0.837016385880704,-0.1564165271471657,-0.0253626929417702,-0.1682602600889239,0.9854162667023257,-10.93700623384771,11.60713641696094,-1.29715632,,0.5130709417849049,0.654320987654321,False,5
-0.9990066613878966,-0.03748097937867593,-0.02410117605894962,0.03976764674891475,-0.9939172946129177,-0.102698323946365,-0.02010534194344252,-0.1035547567915364,0.9944205285346756,8.050706812394054,-15.87280723925363,-3.68366635,0.5504939891462757,0.3726182125520713,0.5245901639344263,True,7
0.6916326847108167,-0.7210591108341247,-0.04144862027630415,0.7221908908999073,0.6911674783931984,0.02697839715004564,0.009194919298508537,-0.04859295725399675,0.9987763403106846,-13.87777746983957,17.72064883083095,-1.09504458,,0.2814616931335673,0.8412698412698413,True,5
-0.8807495020762983,0.473436941268163,0.01173785478694596,-0.4682911688118392,-0.8669468398837181,-0.1706064419313554,-0.07059529591406856,-0.1557582725195727,0.9852693361393747,11.34829383033579,1.677162039980374,-3.66300479,0.718501868961951,0.3035412159359293,0.35,True,5
-0.546058570302164,0.8249682196065574,0.1457651345100844,-0.8373873072726031,-0.5324000248366889,-0.1238253252474285,-0.02454659687808174,-0.1896777535534397,0.9815395123929676,26.96312631821249,-9.074887811949964,-5.53385222,,0.5061377989382736,0.53125,False,4
-0.7644786230592302,-0.6096452206983494,-0.2095355334188571,0.6441896934859875,-0.7347216411821679,-0.2126117324726264,-0.02433256443315091,-0.2975177555344272,0.954406156439628,-17.93401399220701,-16.44795333289312,-1.11401042,,0.4853284423127639,0.1395348837209302,False,1
-0.5144065248923966,0.8457038297792665,0.1420245029732881,-0.8574533507827049,-0.5048070880404062,-0.09971737609703214,-0.012636391084468,-0.1730746548771565,0.9848276425139137,-15.70929486522621,-24.19744026027658,-1.35588767,,0.2629636110506166,0.1666666666666667,False,2
-0.4522097547154169,-0.8839518641459093,-0.1188925549107088,0.8917286200411012,-0.4507822725727283,-0.04019217503147826,-0.01806670805147331,-0.124195187536151,0.9920933169077615,12.41783552699485,-28.86887846119433,-4.49818254,,0.2426284867352091,0.3333333333333333,False,4
-0.8189567998746774,-0.5542592614047605,-0.1486823159830354,0.5727649721199668,-0.805451606879721,-0.152276050931495,-0.03535599880421012,-0.2098675299371656,0.9770903608298629,8.723560768219926,-23.96503406891057,-3.94197639,,0.5352327632076468,0.3928571428571428,False,4
0.2379995585505403,-0.9703098626167505,-0.04306948616376493,0.9712484738863798,0.2375006113877421,0.01642746370643555,-0.005710700756083059,-0.04574090181786392,0.9989370139291879,-2.21072862078131,-5.73838493322819,-2.32878499,,0.1125653863447188,0.5934579439252337,True,5
-0.9224443970909801,0.376366897441938,0.08628031516741229,-0.3857834177367778,-0.8888495809989276,-0.2472196937085741,-0.01635508712263235,-0.2613319361807131,0.9651104238672642,-0.7856758529532897,3.814888599475296,-2.28825060,,0.652985729543692,0.5143184421534936,False,1
-0.5556352441275316,0.8092740170884979,0.1906437535005626,-0.8313692255634222,-0.5381104965363325,-0.1387887038036468,-0.009730686995944954,-0.2356112450263498,0.9717986699660168,16.53181733304893,11.18657428764158,-4.03284845,,0.4693485545152419,0.2888888888888889,False,2
0.1955044292687217,0.9804498603317636,0.02227306695850169,-0.9805970030097185,0.1950992929930204,0.01912546893497582,0.01440610372968662,-0.02558001659597066,0.9995689705699555,-13.20414650026461,16.05588074416545,-1.13792341,,0.1088607293330015,0.3333333333333333,True,5
0.3080061617871485,-0.9494765037752326,-0.06022103519461388,0.9513809821789779,0.3072186856409057,0.02215639729827088,-0.002535951362593238,-0.06411745450215804,0.99793913691109,7.36512895638603,1.225584996672183,-3.23009205,,0.1006559487022407,0.5948275862068966,False,5
-0.1571980100590165,-0.9394067355672951,-0.3046371133074283,0.9874597105392884,-0.1540648267911606,-0.03445793388283035,-0.01456384891260475,-0.3062335943632036,0.9518449873735968,-33.79624069047404,5.97177270788751,-0.43762075,,0.472543714246446,0.2727272727272727,False,1
-0.3701612234959286,-0.9241257679634326,-0.09472187501308689,0.9289360697381348,-0.3673803489350412,-0.04592883142249286,0.007645061115885018,-0.1049916387259719,0.9944437182858418,3.371930781736467,-21.0055405607319,-3.24464132,,0.5525200529576667,0.8421052631578947,True,6
-0.9778598494911034,0.2088787452778329,-0.01264059034993873,-0.2081904947091722,-0.9771833764949862,-0.04206383975112127,-0.0211384168278251,-0.03850088924967961,0.9990349587782185,-2.940578082912424,30.68772267335066,-1.77788540,0.3550389343771185,0.2543392414144404,0.717948717948718,True,5
-0.2543311960646022,0.967116660997329,0.001003359220771417,-0.967085993428203,-0.2543311892895999,0.007767075995695942,0.00776685414657344,0.001005075079124925,0.9999693324301253,-2.287768205090799,4.983606544642385,-2.12856541,0.5321959138868197,0.3669206849553695,0.8699891657638137,True,5
0.9942228447054126,-0.1032096999532264,-0.029473596683174,0.1050778644002584,0.9919204568206084,0.07108058633604998,0.02189925749787718,-0.07376696534601873,0.9970350331581538,2.175120278956342,-8.737656383151489,-2.87163011,,0.1279285950407913,0.5652173913043478,True,5
0.9380284596910247,0.3462933330649718,-0.01354755640096829,-0.3456415816453431,0.9376736146281681,0.03605675342917283,0.025189399504365,-0.02913966205876587,0.9992579117763898,-8.886092095655187,-5.731993067769565,-1.63649798,,0.2403975247728026,0.8865979381443299,True,4
0.6295230656192516,0.7712455625567435,0.09423901575182392,-0.7767084307753982,0.621438547230803,0.1026554702784425,0.02060881888315018,-0.1378202243946882,0.9902428299826461,8.288177750832148,2.728479028286699,-3.27697999,,0.09745384752071495,0.3488372093023256,False,5
0.9244471650461275,0.3813086786470402,-0.001063309280988385,-0.3804918174106682,0.922642184533604,0.06290767999685343,0.02496829833419697,-0.0577502459519272,0.9980187839769286,-16.08000118775468,-36.59135219086093,-1.13497019,,0.2327623661077316,0.3,False,1
-0.5042399418115047,0.8627071767175383,0.03845007570843233,-0.8631440819862012,-0.5021074790197887,-0.05357586438490445,-0.02691421212162165,-0.06020304603960008,0.9978232400748268,9.403653930018379,-22.56989459446675,-3.98736754,,0.2912917700092771,0.4736842105263158,True,5
-0.4860960034188978,-0.866893394996226,-0.110483108084866,0.8736611495775457,-0.485049827318248,-0.03798500674448854,-0.02066086104246335,-0.11498915918666,0.993151862552011,-12.02031330241627,-5.314616584849773,-1.34210959,,0.2583752235245536,0.2804878048780488,False,1
-0.7124145649411878,0.6955908127938416,0.09283807848324259,-0.70174455128577,-0.7052938783896835,-0.1005740018432768,-0.004480223252402209,-0.1367989994950284,0.9905886943311878,-20.08958695349148,17.49806901794653,-0.79052979,,0.1926093159259654,0.4285714285714285,True,5
0.3657575183214526,0.9303129354827833,0.02718970144632114,-0.930610952106472,0.3651358471219283,0.02527981340988148,0.01359020275120906,-0.03454931576687925,0.9993105879401171,-22.36817636799131,10.89290838166818,-0.71524523,,0.1004876268769107,0.2758620689655172,True,5
0.9987444287108324,-0.04443709545709271,-0.02312813581788532,0.04516780903190985,0.9984637500194796,0.03209375210683717,0.02166645209373782,-0.03309810333501647,0.9992172338432189,-11.05929964373215,1.073685149633661,-1.36861215,0.4549387028067439,0.3625244898411857,0.971712158808933,True,5
-0.8646667645341739,0.4993790157093817,0.05451591491602412,-0.5021014088230606,-0.8557563977534146,-0.1248004926352283,-0.01567040420345781,-0.1352833558617878,0.9906830229992191,5.490747605859184,-11.34237863368793,-3.29541498,,0.2771241740852654,0.2916666666666667,False,2
0.2407652333247096,-0.9464339018523837,-0.2151626636909162,0.9705614450164582,0.2332788771446888,0.05992868199515902,-0.006525631744271812,-0.2232573288888527,0.9747376986798817,36.39992521167642,5.298718190117143,-5.91338679,,0.301842754890262,0.1111111111111111,False,3
-0.01137084287414211,0.9784301808695541,0.2062645997157621,-0.9999345723641488,-0.01138352463936663,-0.001125325602486537,0.001246965620315412,-0.206263900211251,0.9784956047660023,15.63305475679806,4.118053398489337,-4.04718931,,0.4777880706588916,0.2666666666666667,False,5
0.9177986925553452,-0.3941349122284774,-0.04799198793912214,0.3970457813565397,0.9112074768469459,0.1097979127542817,0.000455467532597707,-0.119827397121328,0.992794635082429,19.6899925543689,9.479251310921029,-4.37007045,,0.1585608886901712,0.6,False,4
0.4856232166575449,-0.8471465805772855,-0.2156681767424023,0.8740214090275813,0.4750544402004914,0.1020286989392656,0.01602086154427438,-0.2380461086890742,0.9711217133466683,-1.567062901012861,-21.6690220777686,-2.69128147,,0.3873891426995976,0.3095238095238095,False,2
0.9624035251217725,0.2714355094214885,0.01011034412282405,-0.2711502554420208,0.9578633423119324,0.09473835774774378,0.016031026383602,-0.09391795185218671,0.995450864941599,-22.44253317544624,-29.84367754236109,-0.80357022,,0.3900444459515586,0.4736842105263158,False,2
-0.3596390348686371,-0.9131826202158205,-0.1917218473062622,0.9330216869681343,-0.3544528252955628,-0.06191709204356957,-0.01141473810009807,-0.2011484446267575,0.9794942608195027,-11.32151558521107,-22.85770964521754,-1.74805612,,0.1739501943536564,0.2142857142857143,True,4
0.5247489298895825,0.8504003762753646,0.03818063135224624,-0.8508559767294595,0.522597197787582,0.05418741300638051,0.02612790545556998,-0.06092100536994594,0.9978005630692033,8.44060171758025,16.60743871535067,-3.03314032,0.4844346205699248,0.4996657756037045,0.9565217391304348,True,5
-0.3316498127205069,0.9431745423787026,0.02074088549648055,-0.9433846081711402,-0.3316989911983927,-0.001122632510076086,0.005820892391793501,-0.01993895299894049,0.9997842544094546,6.141589998332279,3.161679743463253,-3.03302212,0.8322203375395787,0.8088456406411255,1.0,True,5
0.3567344145257732,0.9342051202677061,-0.001162221388929641,-0.9340308711565569,0.3566914010434059,0.0189096839798346,0.01808007797214559,-0.005660184387034957,0.9998205204401577,-5.156961223428084,-3.751288017616446,-1.98536481,0.5281867709042969,0.486282865512997,0.9420539300057372,True,5
0.479677297546894,0.8756077451710003,0.0567518001006528,-0.8770273899100218,0.476449916172457,0.06179348450178516,0.02706746323027518,-0.07941381476679306,0.9964741835383704,-10.61549085075214,-22.18569755039772,-1.78198392,,0.1743340556313356,0.3870967741935484,True,5
0.9699057827309712,0.2432182856893556,-0.01129770469397352,-0.240690769484312,0.9647639978979168,0.1062938466943269,0.03675222591994932,-0.100375763341348,0.9942705768670665,-14.27723360990106,22.5122082988081,-1.06587316,,0.1366694751402587,0.375,False,4
-0.2110106344367889,0.9526540328621588,0.2189173493034543,-0.9774549362520417,-0.207364611787619,-0.03977141403934362,0.007507313174673982,-0.2223740350167637,0.9749325252545747,15.05327315163686,-15.36958161358444,-4.42684434,,0.3826680550801683,0.2962962962962963,False,4
0.8727280866335217,0.4881471175073795,-0.007620923187498489,-0.4877314591196942,0.8724610087204765,0.03049281960434613,0.02153394032608025,-0.02289497612328438,0.9995059326899203,-22.41167624348165,3.325388005458535,-0.66057377,,0.182773144142083,0.6811594202898551,False,3
-0.1598076693308091,0.9864233237263383,0.03782241705309037,-0.9871417641717964,-0.1595512616440956,-0.009722774067623846,-0.00355615675237605,-0.03888986135820609,0.9992371752655578,-10.38670523545213,-24.40866555231588,-1.84151123,,0.1360545347360226,0.3181818181818182,False,2
0.1003498685091718,0.9945641999217304,0.02778409840613428,-0.9948944410009999,0.1000039860902187,0.0135740204573501,0.01072171420534926,-0.02900439622052361,0.9995217805752824,15.33625718975281,-12.58597889206374,-4.42029258,0.3899772990912059,0.3477452022600062,0.8947368421052632,True,5
0.6921828724193637,0.7193758144978345,0.05814902101372582,-0.7203064647450421,0.6835352456380861,0.1180600051540708,0.04518260700509694,-0.1236042292401717,0.9913024394896668,16.80001080460687,-8.862557686980097,-4.50841652,0.3581531264212077,0.2815677555068412,0.5833333333333334,True,5
-0.7025824965760029,0.7095670808231972,0.05378097541952983,-0.7115696423503273,-0.6998168424222347,-0.06265006901512024,-0.006817594183947521,-0.0822857513438287,0.9965854582198777,12.307767650936,-26.62813679113185,-4.42912473,0.5726724492519815,0.4692284342328251,0.7647058823529411,True,5
0.214648040874956,0.976344505682093,0.02603122688105769,-0.9766217138753833,0.2142379411493682,0.01766727367730907,0.01167246913263268,-0.02921490709329359,0.9995049988208553,-22.35793167155364,4.70735751538632,-0.68659608,,0.1104747641360549,0.375,True,5
0.09074160314989162,0.9812530023085249,0.1700250185069718,-0.995789683436228,0.0871739146413069,0.02834810343019772,0.0129949151504207,-0.1718815117068111,0.985031917307057,28.83554273993815,-1.571570828361189,-5.48144403,,0.4795508532711865,0.2222222222222222,False,2
0.2489064046635307,-0.9228079916021223,-0.2940595387888859,0.9684002779380724,0.2420473482624041,0.06011641114207216,0.01570042696677235,-0.2997306988521462,0.953894650765306,10.8603384491706,-22.82323449098317,-4.13985803,,0.1787393342264512,0.4166666666666667,False,3
-0.2221270173846573,0.9711396099645497,0.08687603873162204,-0.9750113102091084,-0.2209185276034604,-0.02340831317794499,-0.003540213568946386,-0.08990473913771896,0.9959440771290649,1.286750914267117,-16.73325498249653,-2.92513205,0.569360053430972,0.1964222123668624,0.1111111111111111,True,4
-0.9959398113573906,0.0900183497795673,-0.0007673697735915578,-0.08786696971197128,-0.9739207036446313,-0.2091837915470086,-0.0195777370255466,-0.2082670394356973,0.9778760414784937,-9.694554783817779,-26.77242790478903,-1.97828664,,0.584954970811626,0.6481481481481481,False,3
0.1512448803808429,-0.98654642759741,-0.06205749232261193,0.9884960499727112,0.1508995932494006,0.01024070044042882,-0.0007384760860403318,-0.06289243954524248,0.9980200377252534,-7.716343113359272,-7.81274475715918,-1.77088595,0.7709805068457823,0.621737032054502,0.9983179142136249,True,5
0.7307838922529861,-0.6804637306499686,-0.05407415365498435,0.6825213660041113,0.7296624725341484,0.0419196985107821,0.01093104621971861,-0.06754100565789715,0.9976566166689128,5.667565146940177,-7.067348469488138,-3.23919829,,0.09492328272378907,0.3432835820895522,False,5
-0.9941666188138868,-0.1072455474405937,-0.01145105193125687,0.1078451082230161,-0.9899044184685776,-0.09197105484202261,-0.001471960777642709,-0.0926694925558339,0.9956958363279994,-23.41210617229657,5.773561323511558,-0.64311932,,0.1445615860829678,0.25,False,5
0.2628637215969622,0.9551943517944721,0.1360382819949351,-0.964665019393043,0.2575617224017971,0.05552800656281281,0.01800178401200828,-0.1458276703968018,0.9891462107893993,13.32662691880319,3.348232071092923,-3.82427260,,0.2040666681825899,0.4,False,5
-0.9996970615011936,-0.007720105363573086,-0.02337060544903232,0.009460069310451225,-0.9971175213874356,-0.07528051295533487,-0.02272206668682377,-0.07547879513712585,0.9968884888341961,9.049976937233822,0.7390505192249748,-3.41774071,0.6035446838449356,0.5463579412139359,0.9970845481049563,True,5
-0.8481027161479878,0.5254858856616484,0.06772272021116595,-0.5294568457070644,-0.8357426240440758,-0.1456355550332721,-0.01993066472380212,-0.1593701676171437,0.9870176889384261,16.51804866109134,-1.572803124934296,-4.30783490,,0.09599063939246943,0.2608695652173913,False,3
0.715631361949449,-0.6863735386337771,-0.1294724652492726,0.6978347925974973,0.7105359025088969,0.09036223484551276,0.02997258805617271,-0.155016440125603,0.9874571116033345,7.968548088161498,-14.23382624679329,-3.62324436,,0.2023162121296988,0.1363636363636364,False,5
0.9496980104294696,-0.3113312133937449,-0.03386095912824683,0.3128410509280665,0.9480803729084136,0.05721960643053017,0.01428866125741532,-0.06493444442374484,0.9977872278631597,8.88351264261047,-14.82457302693751,-3.74402076,,0.2074631550259013,0.8085106382978723,True,5
-0.196065925755069,-0.9574486149272814,-0.2117789001096137,0.9796874245468781,-0.2005302612076821,-0.000405616423719943,-0.04207972127417403,-0.2075566527813761,0.9773175189996742,12.90212406870606,-15.20128683523143,-4.20096700,,0.3066482433353934,0.4285714285714285,False,5
0.9579946746030334,-0.2805579298812967,-0.05944284156187651,0.2857880021757477,0.951205561054455,0.116332275966196,0.02390441893508009,-0.1284337517936844,0.9914299522182972,-18.11779391468147,24.09850574527371,-0.87441154,,0.5016982923409096,0.92,True,5
0.9961089463436652,0.08581798096287915,-0.02005595067724249,-0.08502525175372846,0.9956726673152875,0.03750528130111226,0.02318778942306015,-0.0356540839836808,0.9990951469789832,-7.760783816621455,10.87139314418624,-1.53776304,0.4497142293384234,0.3952492014361577,0.9737470167064439,True,5
-0.9988582036344378,-0.03994860278966366,-0.02619920165458731,0.04195426378806046,-0.9958230003728998,-0.08109495470321855,-0.02285013746536112,-0.08210152899592614,0.9963619875097327,-33.43273089413591,21.81453175332081,-0.56503149,,0.2042447587456244,0.5217391304347826,False,1
0.4056037571595646,0.9111780217073051,0.07238925980838419,-0.9137776001558178,0.4022799023116593,0.05640370244580765,0.02227306964740837,-0.08902523773449104,0.995780305797819,6.370495047864125,-8.676780344769554,-3.37978007,,0.08752182491728745,0.125,False,5
0.9913201881904372,0.1298720360689665,-0.02043376454248183,-0.1293235281024585,0.9912561767243268,0.0262033811750152,0.02365818178155608,-0.02333337423459315,0.9994477695615812,-40.25478805495416,4.623596630946565,-0.50710002,,0.5249639625714162,0.9272727272727272,False,1
0.837211401709203,-0.5453581668537745,-0.04076197608067252,0.5468471553178216,0.8356426426241749,0.05157094675193353,0.005937808427088506,-0.0654663552825058,0.9978371103326968,-17.76363611985104,-33.06627826444802,-1.14020706,,0.4969218863525823,0.9148936170212766,False,2
0.3934162393882056,0.9176987988778788,0.05525013234139939,-0.9193603219865056,0.392671721369603,0.02419747080796663,0.0005108253239578279,-0.06031445742716207,0.9981792951583179,7.355742124934409,-8.215263605478299,-3.46581667,,0.4539565650486704,0.6428571428571429,True,5
0.9770172839911423,0.1997128289010935,0.0745118296305743,-0.2124904227747689,0.9401927824243236,0.266243032033159,-0.0168833353213502,-0.2759570942185257,0.9610216621590252,12.31752817267875,-0.2010740222569325,-3.81365753,,0.5025553075483146,0.1333333333333333,False,2
-0.1716580611238637,-0.965824869181288,-0.194205643898788,0.984320535911216,-0.1762665789952455,0.006570822837977754,-0.04057822857951154,-0.1900326687710822,0.9809388320201663,12.43442286722362,-13.91321130403719,-4.10764610,,0.4696462064900854,0.2727272727272727,False,2
0.3842546161385621,0.9060472846718133,0.177275796190684,-0.923033047557356,0.3730875563228985,0.09389179108946666,0.01893100877360591,-0.1997097725596889,0.9796722021426203,7.885862655405049,-11.89269255047481,-3.57970038,,0.09047474817403334,0.3846153846153846,False,1
-0.2175976176345814,0.9644617156986853,0.1498828734422407,-0.9760198865367521,-0.2159625443896219,-0.02730129127982225,0.006038036480487067,-0.1522293610717352,0.9883267494827563,7.153657737239342,18.58132763678179,-2.87176134,,0.7598019023974356,0.2,False,1
-0.9678581362694414,0.2514967498304388,0.0001134978834384724,-0.2454764304649667,-0.9445912414298756,-0.2179190416190036,-0.05469872158672669,-0.2109425785342833,0.9759668428886739,-35.51023608475808,14.43791093358402,-0.51710834,,0.4951798189820789,0.2894736842105263,False,4
-0.1114083491821549,0.9928624850720333,0.04257071139991458,-0.9937004696285283,-0.1118213846466223,0.007440066918759532,0.01214727922419199,-0.0414736503372919,0.9990657535593693,-22.17821139197278,6.362672143622262,-0.69292149,,0.1123972992165001,0.2571428571428571,False,4
-0.9662150188011047,0.253241346585636,0.04793076071454302,-0.2570525749605629,-0.9332908794292787,-0.2507829900138122,-0.01877528027287973,-0.2546310168726847,0.9668560048409781,-1.163913132226412,-10.78708672664339,-2.53954181,0.673611479729868,0.6724411743015504,0.3197278911564626,True,1
0.3355565111352866,0.9284844116560658,0.1591179598486694,-0.9413743014070816,0.324254929940718,0.09312982905314376,0.03487481161299789,-0.1810398788135598,0.9828572173994186,-6.653111501507766,-21.75918456212327,-2.18132487,,0.4129094839698972,0.2,False,3
-0.6089271289574181,-0.7749249190083779,-0.1694081506880236,0.7920167149698746,-0.6057601358739381,-0.0759222035660023,-0.04378669692960784,-0.1804051764386163,0.9826172690758835,29.44598093167502,0.4553635932981592,-5.45374840,,0.3165662949691035,0.7368421052631579,False,3
-0.9453928326275577,-0.3195131402556438,-0.06437192882321308,0.3249869378397718,-0.9391188004572869,-0.1115319185757842,-0.02481697503669212,-0.1263615124618424,0.9916737799893595,-17.43686271741322,21.51620973560938,-0.91321397,,0.4625365064281442,0.3260869565217391,False,1
-0.9956503839261159,0.09308585657956554,0.003916157890920462,-0.09070192447680892,-0.9588303963868339,-0.2691048714922679,-0.02129492624972697,-0.268289571674926,0.9631029186159198,14.51894090435812,-13.38010901511137,-4.34394119,,0.2700732987828501,0.1111111111111111,False,1
0.3638523415189772,-0.9297838191791133,-0.05579895307136517,0.9314042436357958,0.3638138570497698,0.01120769181416998,0.009879701837071014,-0.05604932659071291,0.9983791186119323,28.33200061671565,22.49792889615952,-4.83871806,0.6409535536548291,0.8651717837788717,0.9833333333333333,True,4
0.9958788078570594,-0.0373394737530656,-0.08265085456937178,0.05553232117824199,0.9715582602170256,0.2301971075157628,0.07170468161675278,-0.2338382148065435,0.9696278295976913,20.31970765767994,-13.00293668137363,-4.96894478,,0.2374282478193449,0.1538461538461539,False,4
0.8238907563775785,-0.5442224880158842,-0.1581957808962806,0.5666189297339225,0.7969346468351234,0.2093756364550626,0.01212476897790047,-0.2621393755458707,0.9649538526611802,22.49342079328994,-12.15672484520661,-5.19492368,,0.3632183704058354,0.2666666666666667,False,1
0.8015743615605253,0.5940531511396885,0.06767123842403629,-0.5973871380798982,0.7910825321858516,0.1315942040027962,0.02464041691094096,-0.1459084675110643,0.9889911875052414,16.46400856601673,-6.876733766390828,-4.43309747,,0.0876124896187691,0.2631578947368421,False,1
0.9506662841766071,0.3024767933468085,0.06885786532034158,-0.3092258286762454,0.9062782204277975,0.2881651853672008,0.02475889757908343,-0.2952415564666599,0.9551017853222827,14.32007501680175,-2.520549158807057,-4.07601414,,0.6151922182241675,0.1111111111111111,False,1
0.9964147038778839,-0.07611271290042208,-0.0369403956514859,0.08017188467930722,0.9889210533610744,0.1249304571599428,0.02702233896090904,-0.1274441256165319,0.9914775781846611,1.470770657840745,-15.06183455589246,-2.92614493,,0.1224673120640745,0.16,False,4
-0.2109987025202736,-0.9687657513301925,-0.1302784194884561,0.9769997322144955,-0.213217105494546,0.003160565983040542,-0.03083943559092177,-0.126615105631898,0.9914724122426494,23.75105006187346,-3.323003719611734,-5.05241823,,0.367860353048503,0.1470588235294118,False,4
0.3166098610005607,0.9217537315964413,0.2238933991997984,-0.9483569058699809,0.302765350119518,0.09461671023513898,0.01942614233244253,-0.2422874347857112,0.9700100122880371,16.33955472769728,4.837422269834576,-4.13518155,,0.5249858525094928,0.2432432432432433,False,2
-0.9422068951046425,-0.3326902466638828,-0.03953943085066239,0.3339547483806439,-0.9420697273052349,-0.03128665736478237,-0.02684013508330985,-0.04268288497472121,0.9987280803496738,-21.76159297923343,1.642535436709636,-0.69409876,,0.08331193308635966,0.3333333333333333,False,2
-0.3167304668775054,0.9354525378703022,0.1568768967807868,-0.9484649768492196,-0.314060214303313,-0.04219442477588109,0.009797910081637091,-0.1621565021322588,0.9867164079786371,-25.76851586688267,17.13564986601807,-0.62709954,,0.6480820026842472,0.392156862745098,False,3
-0.3744079621417193,0.924353334889719,0.07341382814661714,-0.9272619697033709,-0.3734008130275202,-0.02751494815936816,0.001979249026979795,-0.07837566655948101,0.9969219314794148,-18.53375234949212,22.02049326851051,-0.85723156,,0.153487530551941,0.4,False,1
-0.9457202526061431,-0.3026546888243893,-0.1183779673046711,0.324025949726797,-0.906073992959878,-0.2720975986395155,-0.02490758346811102,-0.2956857430015112,0.9549604984874631,-21.62300186906239,16.70603684336567,-0.74184094,,0.5352569245516972,0.3658536585365854,False,2
-0.9092100326805622,0.4048276122169351,0.09721996122065928,-0.4161853104808476,-0.8774318878278364,-0.2385436428891783,-0.01126515925196317,-0.2573477930925661,0.9662531808886397,-19.92006860099795,30.85178428255665,-0.80076928,,0.5138140983259879,0.5,False,3
0.45195640449236,-0.870753912005504,-0.193708629558541,0.8918465661431562,0.4365537102934995,0.1184506668940234,-0.01857716062798162,-0.2262929136232267,0.9738821316498787,10.35295708429757,2.342949048538458,-3.51551473,,0.1788517699077802,0.35,False,2
0.4009221074572267,0.9141987371954269,0.05917881937266894,-0.9138286258613876,0.3945293108304619,0.09624897636821225,0.06464291382931264,-0.0926676416335698,0.9935964985273086,-17.14072557509118,36.49818488442423,-0.86779199,,0.2756796284132383,0.3125,False,3
-0.5316256965725752,0.8421566772129931,0.09025657742954221,-0.8469776881365696,-0.5283827346514882,-0.05865561798367534,-0.001707203138501385,-0.1076281410588592,0.9941897548806555,25.31064817532578,-12.68428139861112,-5.47933890,0.4603707262233755,0.2820983460441236,0.625,True,4
0.2282793143689113,0.9429383198919691,0.2423961210716262,-0.973566907182796,0.2191703431589844,0.06427937397095243,0.00748544386020241,-0.2506624933229616,0.9680455994276982,13.45774149719747,-17.85014333761364,-4.34817303,,0.2945640913261488,0.3076923076923077,False,3
-0.9489284447017726,0.3153757437912098,-0.0085409053393681,-0.3142934667573543,-0.9473358116690365,-0.06143676979636401,-0.02746677246271631,-0.05561474766200816,0.9980744342247087,22.26013817767617,25.54453424180127,-4.38979046,,0.5574068910911838,0.4705882352941176,False,4
0.3320556280888317,0.9168239422126626,0.2217496760767934,-0.9430883181598253,0.3182081715396423,0.09658148743868226,0.01798566109439103,-0.2411999555369545,0.970308763973596,16.46807889698107,8.31930155215548,-4.06311715,,0.574953230976962,0.3783783783783784,False,1
-0.6196198944827113,0.7723359510190827,0.1398869726768152,-0.7848955721104779,-0.6089723436284608,-0.1144186417373775,-0.003182332886458491,-0.1806927321701405,0.9835344474385685,-21.47825569950558,2.66965151440661,-0.70016084,,0.09017284541619756,0.15,False,2
-0.3744226490208324,-0.9014659192288992,-0.2171793645101176,0.9269984270237643,-0.3694490808930918,-0.06466291767865189,-0.02194530008200014,-0.2255361902135566,0.9739875926870245,-21.79027432841841,49.61435344569719,-0.82418496,,0.1849962570556371,0.2857142857142857,False,2
0.8505057261939,0.5123414151187095,0.1189381522706101,-0.5252393736374703,0.8154497122149611,0.2432393208949906,0.02763349583940511,-0.2693474358569182,0.9626465336274777,-24.7566591859875,6.614840676683457,-0.59381945,,0.2317787662667946,0.1904761904761905,False,2
-0.9828251706714207,0.1828309376771546,-0.02505059126619201,-0.1791558521739301,-0.9778713449134975,-0.1080315390471727,-0.04424776295505021,-0.1016881557761783,0.9938318039026088,22.51405495140099,-14.96284345914336,-5.25366010,,0.2150867767379345,0.1176470588235294,False,2
-0.8444940960502185,-0.5304523142596873,-0.0738245489851826,0.5349855097146745,-0.8419375702602795,-0.0702255806636449,-0.02490433961488482,-0.0988001522304404,0.9947956090512198,17.2850351349577,-2.996746608685896,-4.40634820,,0.580215802967169,0.148936170212766,False,1
0.7439532504957875,-0.66639900813364,-0.04945627397260012,0.6681716099620044,0.7428384865321703,0.04168551987653566,0.008958834608068147,-0.06405735621374965,0.9979060047907164,14.24940343208323,-11.25126581708514,-4.29123142,0.2168707874588376,0.2050929754356753,0.6274509803921569,True,2
0.9991399186414989,0.03887601802488392,0.01442491593004682,-0.04128905785907172,0.9648354899839084,0.2595913923238253,-0.003825791182257676,-0.2599637137949081,0.9656108071225121,-9.4323086683344,-10.00859112191921,-1.63318738,,0.4008718526977001,0.28125,False,2
0.5772773305796679,-0.81361840418536,-0.06910843631338898,0.816539288595475,0.5755941644192002,0.04421479465698191,0.00380444198392563,-0.08195395205499095,0.9966288556748494,24.62090868573733,30.19447104604484,-4.47022355,,0.1520961001951609,0.3571428571428572,False,1
-0.5972219833264124,0.7690539707216565,0.2277759705256895,-0.8020638542784009,-0.5710627361813341,-0.1748740261021169,-0.004413195185156433,-0.287129485532819,0.9578816118111444,24.14252110644213,-0.5290063648144496,-5.00355493,,0.4377458030330366,0.2105263157894737,False,1
-0.9098353724924965,0.4144918710006941,0.01990185508397994,-0.4122918272987446,-0.8974850754186484,-0.1566396774238383,-0.04706425505733514,-0.1507216914552313,0.9874552787953341,12.8151272009454,-11.55272634949267,-4.12980918,,0.3387438936719702,0.6956521739130435,False,3
0.9565573575402289,-0.2882930472558275,-0.04341820631491469,0.2909768473227228,0.9533359501696186,0.080517330037202,0.01817955053856158,-0.08965313724650181,0.9958071193379148,11.72228690223548,-16.59104861804667,-4.10560162,,0.2677254775319845,0.1428571428571428,False,1
-0.2716617185944893,-0.9069049819224281,-0.3220609638167428,0.9622453434877847,-0.2618175028476711,-0.0744009014641976,-0.01684664911381326,-0.3301135395085918,0.9437908886224456,-33.08658418477947,15.22285738623765,-0.51594617,,0.2933999189739463,0.4705882352941176,False,1
-0.8960086042738326,0.4439627553557733,-0.008102649206879158,-0.4436779112059058,-0.8958689658982512,-0.02384757950744007,-0.01784634907269206,-0.01777266995442829,0.999682769696201,22.85501578324869,-10.80128955735535,-5.20746962,,0.129088862728815,0.3125,False,2
-0.2446071055911431,-0.9392136972917687,-0.2409252886557363,0.9694849023281308,-0.241084834883417,-0.04446489117327145,-0.01632139859628335,-0.2444498582711022,0.969524563246904,-0.9767452952406472,0.9837420008868207,-2.32603189,,0.7253912908388015,0.2573885008060183,False,1
-0.3190078852601969,-0.8841096180262457,-0.3414442157297493,0.9475859506662828,-0.304278892945486,-0.09744342670363387,-0.01774359720276961,-0.354632963247011,0.9348372190584573,-3.402843556963205,5.514316022842195,-1.99726672,,0.1549444577371915,0.2763157894736842,False,1
0.4931945123084229,0.8684891577775948,0.04985735504036522,-0.8696741943485419,0.4908854870937286,0.05194453046248083,0.02063900949831794,-0.06897841244561209,0.9974046369971473,11.66639827600892,-18.19973215032473,-4.13913251,,0.07970082025253919,0.4166666666666667,False,2
0.9952823806819266,0.09596519624260981,-0.01427108314861284,-0.09188604316703589,0.9795746194091686,0.1788589390567011,0.03114382403018031,-0.1767038373083632,0.9837712214256307,-32.47712312034915,13.99465506334758,-0.50745822,,0.2374285154715994,0.25,False,2
-0.4030535871845891,-0.9106628999504722,-0.09077933967281399,0.9151222357470293,-0.4021210532751642,-0.02915393891452355,-0.009954873127976896,-0.09482479194108358,0.995444202019549,7.261686638666134,-24.26106261478395,-3.76258211,,0.1209051049966602,0.1538461538461539,False,2
-0.6515774517617128,0.7514654805858114,0.103665113918079,-0.7585483303661334,-0.6441462167325274,-0.09838740756785332,-0.007159249574091892,-0.1427420153882768,0.9897340360866793,6.389486578930075,-27.15507815286378,-3.75479815,,0.1034663735338139,0.3333333333333333,False,2
0.01578250998651155,0.9691049084172311,0.2461434314787962,-0.9998089294853755,0.01245624331063008,0.01506474440190284,0.01153329527212173,-0.2463341602056393,0.9691163318280985,-3.777934798244473,-19.90993804978615,-2.42084564,,0.290561386880542,0.3684210526315789,False,1
-0.2764264295075387,0.9609821698396643,-0.01008455849134328,-0.9610243006792533,-0.2763584041730265,0.007637142586806389,0.004552205362986933,0.01180261382871304,0.9999199846653449,19.73247391168823,8.61440118057908,-4.36981288,,0.1146114917842446,0.5555555555555556,False,1
-0.2480448967644169,0.9687075639669773,0.008909809329855679,-0.9687341794471397,-0.2480808037071257,0.003162973743704685,0.005274349249583511,-0.007846677334462432,0.9999553044485548,3.967044709532274,-33.4286582489965,-3.62420968,,0.2494102732396346,0.6818181818181818,False,1
0.5739933979882621,0.8096600730523875,0.122401573399573,-0.8185639569172051,0.5633209025437625,0.112350385817444,0.02201425678819158,-0.1646818959754931,0.9861010321645446,0.7643644481323122,-21.56930219047996,-2.95941836,,0.7454416818022228,0.3023255813953488,False,1
-0.2001840259843734,0.9348692086272933,0.2931653432813424,-0.979736953317778,-0.1929840244235632,-0.05359728184231845,0.006469779307446635,-0.2979542399058371,0.9545582291708814,17.21290725479264,-0.1923166483119303,-4.31755337,,0.4134279360152619,0.2272727272727273,False,1
0.5407701672005403,0.817647855295163,0.1975338224130731,-0.8408950800728033,0.5194683226516962,0.1518160929242555,0.0215195393829116,-0.2482028333695105,0.9684690304455241,14.68174998697347,-18.9868873870634,-4.50625935,,0.2069911427833495,0.4,False,1
-0.901349465563037,-0.4220998815971697,-0.09695788201525102,0.4323685908114993,-0.8899421023173262,-0.145122211265872,-0.02503083316444373,-0.1727273703808215,0.9846515692936361,18.51042848263714,-2.591291901206034,-4.52228079,,0.176006823422896,0.2608695652173913,False,1
0.9185137426799761,-0.3782329934137575,-0.115205499874322,0.3950585427227701,0.8898358029673624,0.228300222468555,0.01616330194561527,-0.2552098086882614,0.9667505889419035,20.00318868963492,-1.917690716461436,-4.65497675,,0.1422319795641288,0.2105263157894737,False,1
